center_x,center_y,width,height,xmin,ymin,xmax,ymax,top_left_x,top_left_y,top_right_x,top_right_y,bottom_right_x,bottom_right_y,bottom_left_x,bottom_left_y,label,grouplabel,group,text_font,text_style,size_font,filename,path,filename_mask,content
300,400,600,800,0,0,600,800,0,0,600,0,600,800,0,800,document,,,,,,11anp_20211228_163945_2149456410_600_800.png,/scratch/parceirosbr/bigoilict/share/BigOil/document_generator/datasets/documents_2021_12_28/11anp_20211228_163945_2149456410_600_800.png,11anp_20211228_163945_2149456410_600_800_mask.png,
252,1,505,2,52,89,557,91,52,89,557,89,557,91,52,91,line,line,line,,,,11anp_20211228_163945_2149456410_600_800.png,/scratch/parceirosbr/bigoilict/share/BigOil/document_generator/datasets/documents_2021_12_28/11anp_20211228_163945_2149456410_600_800.png,11anp_20211228_163945_2149456410_600_800_mask.png,nan
21,10,42,21,513,50,555,71,513,50,555,50,555,71,513,71,sub_line_text,header,header_1,raleway,bold,18,11anp_20211228_163945_2149456410_600_800.png,/scratch/parceirosbr/bigoilict/share/BigOil/document_generator/datasets/documents_2021_12_28/11anp_20211228_163945_2149456410_600_800.png,11anp_20211228_163945_2149456410_600_800_mask.png,2002
21,10,42,21,513,50,555,71,513,50,555,50,555,71,513,71,text,header,header_1,raleway,bold,18,11anp_20211228_163945_2149456410_600_800.png,/scratch/parceirosbr/bigoilict/share/BigOil/document_generator/datasets/documents_2021_12_28/11anp_20211228_163945_2149456410_600_800.png,11anp_20211228_163945_2149456410_600_800_mask.png,nan
93,10,187,21,305,50,492,71,305,50,492,50,492,71,305,71,sub_line_text,header,header_1,raleway,bold,18,11anp_20211228_163945_2149456410_600_800.png,/scratch/parceirosbr/bigoilict/share/BigOil/document_generator/datasets/documents_2021_12_28/11anp_20211228_163945_2149456410_600_800.png,11anp_20211228_163945_2149456410_600_800_mask.png,Importação diferença
93,10,187,21,305,50,492,71,305,50,492,50,492,71,305,71,text,header,header_1,raleway,bold,18,11anp_20211228_163945_2149456410_600_800.png,/scratch/parceirosbr/bigoilict/share/BigOil/document_generator/datasets/documents_2021_12_28/11anp_20211228_163945_2149456410_600_800.png,11anp_20211228_163945_2149456410_600_800_mask.png,nan
15,16,31,32,99,50,130,82,99,50,130,50,130,82,99,82,image,image,image,,,,11anp_20211228_163945_2149456410_600_800.png,/scratch/parceirosbr/bigoilict/share/BigOil/document_generator/datasets/documents_2021_12_28/11anp_20211228_163945_2149456410_600_800.png,11anp_20211228_163945_2149456410_600_800_mask.png,/scratch/parceirosbr/bigoilict/share/BigOil/document_generator/files_images_document_generator/logos\image_120.jpg
211,5,423,10,66,103,489,113,66,103,489,103,489,113,66,113,sub_line_text,table_legend,table_0,raleway,italic,8,11anp_20211228_163945_2149456410_600_800.png,/scratch/parceirosbr/bigoilict/share/BigOil/document_generator/datasets/documents_2021_12_28/11anp_20211228_163945_2149456410_600_800.png,11anp_20211228_163945_2149456410_600_800_mask.png,"Tab.  20:    é  uma  patente  que  registra  a  produção  de  diesel  renovável  a  partir  óleos  vegetais,  gordura  ani-"
133,5,266,10,66,118,332,128,66,118,332,118,332,128,66,128,sub_line_text,table_legend,table_0,raleway,italic,8,11anp_20211228_163945_2149456410_600_800.png,/scratch/parceirosbr/bigoilict/share/BigOil/document_generator/datasets/documents_2021_12_28/11anp_20211228_163945_2149456410_600_800.png,11anp_20211228_163945_2149456410_600_800_mask.png,"mal ou efluente, utilizando como parâmetros temperatura de 200-400C"
211,12,423,25,66,103,489,128,66,103,489,103,489,128,66,128,text,table_legend,table_0,raleway,italic,8,11anp_20211228_163945_2149456410_600_800.png,/scratch/parceirosbr/bigoilict/share/BigOil/document_generator/datasets/documents_2021_12_28/11anp_20211228_163945_2149456410_600_800.png,11anp_20211228_163945_2149456410_600_800_mask.png,nan
229,74,458,149,74,133,532,282,74,133,532,133,532,282,74,282,table,table_image,table_0,,,,11anp_20211228_163945_2149456410_600_800.png,/scratch/parceirosbr/bigoilict/share/BigOil/document_generator/datasets/documents_2021_12_28/11anp_20211228_163945_2149456410_600_800.png,11anp_20211228_163945_2149456410_600_800_mask.png,output/gen_tab_20211228_163946_9016756375.png
1,5,3,10,102,135,105,145,102,135,105,135,105,145,102,145,text,table_text,table_0,times,italic,9.0,11anp_20211228_163945_2149456410_600_800.png,/scratch/parceirosbr/bigoilict/share/BigOil/document_generator/datasets/documents_2021_12_28/11anp_20211228_163945_2149456410_600_800.png,11anp_20211228_163945_2149456410_600_800_mask.png,e
1,5,3,10,102,135,105,145,102,135,105,135,105,145,102,145,sub_line_text,table_text,table_0,times,italic,9.0,11anp_20211228_163945_2149456410_600_800.png,/scratch/parceirosbr/bigoilict/share/BigOil/document_generator/datasets/documents_2021_12_28/11anp_20211228_163945_2149456410_600_800.png,11anp_20211228_163945_2149456410_600_800_mask.png,e
9,5,19,10,87,149,106,159,87,149,106,149,106,159,87,159,text,table_text,table_0,times,bold,9.0,11anp_20211228_163945_2149456410_600_800.png,/scratch/parceirosbr/bigoilict/share/BigOil/document_generator/datasets/documents_2021_12_28/11anp_20211228_163945_2149456410_600_800.png,11anp_20211228_163945_2149456410_600_800_mask.png,8309
9,5,19,10,87,149,106,159,87,149,106,149,106,159,87,159,sub_line_text,table_text,table_0,times,bold,9.0,11anp_20211228_163945_2149456410_600_800.png,/scratch/parceirosbr/bigoilict/share/BigOil/document_generator/datasets/documents_2021_12_28/11anp_20211228_163945_2149456410_600_800.png,11anp_20211228_163945_2149456410_600_800_mask.png,8309
4,5,9,10,97,162,106,172,97,162,106,162,106,172,97,172,text,table_text,table_0,times,bold,9.0,11anp_20211228_163945_2149456410_600_800.png,/scratch/parceirosbr/bigoilict/share/BigOil/document_generator/datasets/documents_2021_12_28/11anp_20211228_163945_2149456410_600_800.png,11anp_20211228_163945_2149456410_600_800_mask.png,92
4,5,9,10,97,162,106,172,97,162,106,162,106,172,97,172,sub_line_text,table_text,table_0,times,bold,9.0,11anp_20211228_163945_2149456410_600_800.png,/scratch/parceirosbr/bigoilict/share/BigOil/document_generator/datasets/documents_2021_12_28/11anp_20211228_163945_2149456410_600_800.png,11anp_20211228_163945_2149456410_600_800_mask.png,92
7,5,14,10,92,176,106,186,92,176,106,176,106,186,92,186,text,table_text,table_0,times,bold,9.0,11anp_20211228_163945_2149456410_600_800.png,/scratch/parceirosbr/bigoilict/share/BigOil/document_generator/datasets/documents_2021_12_28/11anp_20211228_163945_2149456410_600_800.png,11anp_20211228_163945_2149456410_600_800_mask.png,662
7,5,14,10,92,176,106,186,92,176,106,176,106,186,92,186,sub_line_text,table_text,table_0,times,bold,9.0,11anp_20211228_163945_2149456410_600_800.png,/scratch/parceirosbr/bigoilict/share/BigOil/document_generator/datasets/documents_2021_12_28/11anp_20211228_163945_2149456410_600_800.png,11anp_20211228_163945_2149456410_600_800_mask.png,662
4,5,9,10,97,190,106,200,97,190,106,190,106,200,97,200,text,table_text,table_0,times,bold,9.0,11anp_20211228_163945_2149456410_600_800.png,/scratch/parceirosbr/bigoilict/share/BigOil/document_generator/datasets/documents_2021_12_28/11anp_20211228_163945_2149456410_600_800.png,11anp_20211228_163945_2149456410_600_800_mask.png,35
4,5,9,10,97,190,106,200,97,190,106,190,106,200,97,200,sub_line_text,table_text,table_0,times,bold,9.0,11anp_20211228_163945_2149456410_600_800.png,/scratch/parceirosbr/bigoilict/share/BigOil/document_generator/datasets/documents_2021_12_28/11anp_20211228_163945_2149456410_600_800.png,11anp_20211228_163945_2149456410_600_800_mask.png,35
9,5,19,10,87,203,106,213,87,203,106,203,106,213,87,213,text,table_text,table_0,times,bold,9.0,11anp_20211228_163945_2149456410_600_800.png,/scratch/parceirosbr/bigoilict/share/BigOil/document_generator/datasets/documents_2021_12_28/11anp_20211228_163945_2149456410_600_800.png,11anp_20211228_163945_2149456410_600_800_mask.png,6372
9,5,19,10,87,203,106,213,87,203,106,203,106,213,87,213,sub_line_text,table_text,table_0,times,bold,9.0,11anp_20211228_163945_2149456410_600_800.png,/scratch/parceirosbr/bigoilict/share/BigOil/document_generator/datasets/documents_2021_12_28/11anp_20211228_163945_2149456410_600_800.png,11anp_20211228_163945_2149456410_600_800_mask.png,6372
7,5,14,10,92,217,106,227,92,217,106,217,106,227,92,227,text,table_text,table_0,times,bold,9.0,11anp_20211228_163945_2149456410_600_800.png,/scratch/parceirosbr/bigoilict/share/BigOil/document_generator/datasets/documents_2021_12_28/11anp_20211228_163945_2149456410_600_800.png,11anp_20211228_163945_2149456410_600_800_mask.png,536
7,5,14,10,92,217,106,227,92,217,106,217,106,227,92,227,sub_line_text,table_text,table_0,times,bold,9.0,11anp_20211228_163945_2149456410_600_800.png,/scratch/parceirosbr/bigoilict/share/BigOil/document_generator/datasets/documents_2021_12_28/11anp_20211228_163945_2149456410_600_800.png,11anp_20211228_163945_2149456410_600_800_mask.png,536
9,5,19,10,87,230,106,240,87,230,106,230,106,240,87,240,text,table_text,table_0,times,bold,9.0,11anp_20211228_163945_2149456410_600_800.png,/scratch/parceirosbr/bigoilict/share/BigOil/document_generator/datasets/documents_2021_12_28/11anp_20211228_163945_2149456410_600_800.png,11anp_20211228_163945_2149456410_600_800_mask.png,6566
9,5,19,10,87,230,106,240,87,230,106,230,106,240,87,240,sub_line_text,table_text,table_0,times,bold,9.0,11anp_20211228_163945_2149456410_600_800.png,/scratch/parceirosbr/bigoilict/share/BigOil/document_generator/datasets/documents_2021_12_28/11anp_20211228_163945_2149456410_600_800.png,11anp_20211228_163945_2149456410_600_800_mask.png,6566
4,5,9,10,97,244,106,254,97,244,106,244,106,254,97,254,text,table_text,table_0,times,bold,9.0,11anp_20211228_163945_2149456410_600_800.png,/scratch/parceirosbr/bigoilict/share/BigOil/document_generator/datasets/documents_2021_12_28/11anp_20211228_163945_2149456410_600_800.png,11anp_20211228_163945_2149456410_600_800_mask.png,57
4,5,9,10,97,244,106,254,97,244,106,244,106,254,97,254,sub_line_text,table_text,table_0,times,bold,9.0,11anp_20211228_163945_2149456410_600_800.png,/scratch/parceirosbr/bigoilict/share/BigOil/document_generator/datasets/documents_2021_12_28/11anp_20211228_163945_2149456410_600_800.png,11anp_20211228_163945_2149456410_600_800_mask.png,57
9,5,19,10,504,257,523,267,504,257,523,257,523,267,504,267,text,table_text,table_0,times,regular,9.0,11anp_20211228_163945_2149456410_600_800.png,/scratch/parceirosbr/bigoilict/share/BigOil/document_generator/datasets/documents_2021_12_28/11anp_20211228_163945_2149456410_600_800.png,11anp_20211228_163945_2149456410_600_800_mask.png,5105
9,5,19,10,504,257,523,267,504,257,523,257,523,267,504,267,sub_line_text,table_text,table_0,times,regular,9.0,11anp_20211228_163945_2149456410_600_800.png,/scratch/parceirosbr/bigoilict/share/BigOil/document_generator/datasets/documents_2021_12_28/11anp_20211228_163945_2149456410_600_800.png,11anp_20211228_163945_2149456410_600_800_mask.png,5105
26,5,53,10,170,135,223,145,170,135,223,135,223,145,170,145,text,table_text,table_0,times,italic,9.0,11anp_20211228_163945_2149456410_600_800.png,/scratch/parceirosbr/bigoilict/share/BigOil/document_generator/datasets/documents_2021_12_28/11anp_20211228_163945_2149456410_600_800.png,11anp_20211228_163945_2149456410_600_800_mask.png,possibilidade
26,5,53,10,170,135,223,145,170,135,223,135,223,145,170,145,sub_line_text,table_text,table_0,times,italic,9.0,11anp_20211228_163945_2149456410_600_800.png,/scratch/parceirosbr/bigoilict/share/BigOil/document_generator/datasets/documents_2021_12_28/11anp_20211228_163945_2149456410_600_800.png,11anp_20211228_163945_2149456410_600_800_mask.png,possibilidade
8,5,16,10,118,149,134,159,118,149,134,149,134,159,118,159,text,table_text,table_0,times,bold,9.0,11anp_20211228_163945_2149456410_600_800.png,/scratch/parceirosbr/bigoilict/share/BigOil/document_generator/datasets/documents_2021_12_28/11anp_20211228_163945_2149456410_600_800.png,11anp_20211228_163945_2149456410_600_800_mask.png,com
8,5,16,10,118,149,134,159,118,149,134,149,134,159,118,159,sub_line_text,table_text,table_0,times,bold,9.0,11anp_20211228_163945_2149456410_600_800.png,/scratch/parceirosbr/bigoilict/share/BigOil/document_generator/datasets/documents_2021_12_28/11anp_20211228_163945_2149456410_600_800.png,11anp_20211228_163945_2149456410_600_800_mask.png,com
9,5,18,10,116,162,134,172,116,162,134,162,134,172,116,172,text,table_text,table_0,times,bold,9.0,11anp_20211228_163945_2149456410_600_800.png,/scratch/parceirosbr/bigoilict/share/BigOil/document_generator/datasets/documents_2021_12_28/11anp_20211228_163945_2149456410_600_800.png,11anp_20211228_163945_2149456410_600_800_mask.png,grau
9,5,18,10,116,162,134,172,116,162,134,162,134,172,116,172,sub_line_text,table_text,table_0,times,bold,9.0,11anp_20211228_163945_2149456410_600_800.png,/scratch/parceirosbr/bigoilict/share/BigOil/document_generator/datasets/documents_2021_12_28/11anp_20211228_163945_2149456410_600_800.png,11anp_20211228_163945_2149456410_600_800_mask.png,grau
10,5,20,10,116,176,136,186,116,176,136,176,136,186,116,186,text,table_text,table_0,times,bold,9.0,11anp_20211228_163945_2149456410_600_800.png,/scratch/parceirosbr/bigoilict/share/BigOil/document_generator/datasets/documents_2021_12_28/11anp_20211228_163945_2149456410_600_800.png,11anp_20211228_163945_2149456410_600_800_mask.png,parte
10,5,20,10,116,176,136,186,116,176,136,176,136,186,116,186,sub_line_text,table_text,table_0,times,bold,9.0,11anp_20211228_163945_2149456410_600_800.png,/scratch/parceirosbr/bigoilict/share/BigOil/document_generator/datasets/documents_2021_12_28/11anp_20211228_163945_2149456410_600_800.png,11anp_20211228_163945_2149456410_600_800_mask.png,parte
4,5,8,10,122,190,130,200,122,190,130,190,130,200,122,200,text,table_text,table_0,times,bold,9.0,11anp_20211228_163945_2149456410_600_800.png,/scratch/parceirosbr/bigoilict/share/BigOil/document_generator/datasets/documents_2021_12_28/11anp_20211228_163945_2149456410_600_800.png,11anp_20211228_163945_2149456410_600_800_mask.png,as
4,5,8,10,122,190,130,200,122,190,130,190,130,200,122,200,sub_line_text,table_text,table_0,times,bold,9.0,11anp_20211228_163945_2149456410_600_800.png,/scratch/parceirosbr/bigoilict/share/BigOil/document_generator/datasets/documents_2021_12_28/11anp_20211228_163945_2149456410_600_800.png,11anp_20211228_163945_2149456410_600_800_mask.png,as
7,5,15,10,118,203,133,213,118,203,133,203,133,213,118,213,text,table_text,table_0,times,bold,9.0,11anp_20211228_163945_2149456410_600_800.png,/scratch/parceirosbr/bigoilict/share/BigOil/document_generator/datasets/documents_2021_12_28/11anp_20211228_163945_2149456410_600_800.png,11anp_20211228_163945_2149456410_600_800_mask.png,sem
7,5,15,10,118,203,133,213,118,203,133,203,133,213,118,213,sub_line_text,table_text,table_0,times,bold,9.0,11anp_20211228_163945_2149456410_600_800.png,/scratch/parceirosbr/bigoilict/share/BigOil/document_generator/datasets/documents_2021_12_28/11anp_20211228_163945_2149456410_600_800.png,11anp_20211228_163945_2149456410_600_800_mask.png,sem
11,5,23,10,114,217,137,227,114,217,137,217,137,227,114,227,text,table_text,table_0,times,bold,9.0,11anp_20211228_163945_2149456410_600_800.png,/scratch/parceirosbr/bigoilict/share/BigOil/document_generator/datasets/documents_2021_12_28/11anp_20211228_163945_2149456410_600_800.png,11anp_20211228_163945_2149456410_600_800_mask.png,servir
11,5,23,10,114,217,137,227,114,217,137,217,137,227,114,227,sub_line_text,table_text,table_0,times,bold,9.0,11anp_20211228_163945_2149456410_600_800.png,/scratch/parceirosbr/bigoilict/share/BigOil/document_generator/datasets/documents_2021_12_28/11anp_20211228_163945_2149456410_600_800.png,11anp_20211228_163945_2149456410_600_800_mask.png,servir
11,5,22,10,114,230,136,240,114,230,136,230,136,240,114,240,text,table_text,table_0,times,bold,9.0,11anp_20211228_163945_2149456410_600_800.png,/scratch/parceirosbr/bigoilict/share/BigOil/document_generator/datasets/documents_2021_12_28/11anp_20211228_163945_2149456410_600_800.png,11anp_20211228_163945_2149456410_600_800_mask.png,spray
11,5,22,10,114,230,136,240,114,230,136,230,136,240,114,240,sub_line_text,table_text,table_0,times,bold,9.0,11anp_20211228_163945_2149456410_600_800.png,/scratch/parceirosbr/bigoilict/share/BigOil/document_generator/datasets/documents_2021_12_28/11anp_20211228_163945_2149456410_600_800.png,11anp_20211228_163945_2149456410_600_800_mask.png,spray
4,5,9,10,121,244,130,254,121,244,130,244,130,254,121,254,text,table_text,table_0,times,bold,9.0,11anp_20211228_163945_2149456410_600_800.png,/scratch/parceirosbr/bigoilict/share/BigOil/document_generator/datasets/documents_2021_12_28/11anp_20211228_163945_2149456410_600_800.png,11anp_20211228_163945_2149456410_600_800_mask.png,do
4,5,9,10,121,244,130,254,121,244,130,244,130,254,121,254,sub_line_text,table_text,table_0,times,bold,9.0,11anp_20211228_163945_2149456410_600_800.png,/scratch/parceirosbr/bigoilict/share/BigOil/document_generator/datasets/documents_2021_12_28/11anp_20211228_163945_2149456410_600_800.png,11anp_20211228_163945_2149456410_600_800_mask.png,do
17,5,35,10,188,149,223,159,188,149,223,149,223,159,188,159,text,table_text,table_0,times,bold,9.0,11anp_20211228_163945_2149456410_600_800.png,/scratch/parceirosbr/bigoilict/share/BigOil/document_generator/datasets/documents_2021_12_28/11anp_20211228_163945_2149456410_600_800.png,11anp_20211228_163945_2149456410_600_800_mask.png,299261.0
17,5,35,10,188,149,223,159,188,149,223,149,223,159,188,159,sub_line_text,table_text,table_0,times,bold,9.0,11anp_20211228_163945_2149456410_600_800.png,/scratch/parceirosbr/bigoilict/share/BigOil/document_generator/datasets/documents_2021_12_28/11anp_20211228_163945_2149456410_600_800.png,11anp_20211228_163945_2149456410_600_800_mask.png,299261.0
20,5,40,10,183,162,223,172,183,162,223,162,223,172,183,172,text,table_text,table_0,times,bold,9.0,11anp_20211228_163945_2149456410_600_800.png,/scratch/parceirosbr/bigoilict/share/BigOil/document_generator/datasets/documents_2021_12_28/11anp_20211228_163945_2149456410_600_800.png,11anp_20211228_163945_2149456410_600_800_mask.png,7533634.5
20,5,40,10,183,162,223,172,183,162,223,162,223,172,183,172,sub_line_text,table_text,table_0,times,bold,9.0,11anp_20211228_163945_2149456410_600_800.png,/scratch/parceirosbr/bigoilict/share/BigOil/document_generator/datasets/documents_2021_12_28/11anp_20211228_163945_2149456410_600_800.png,11anp_20211228_163945_2149456410_600_800_mask.png,7533634.5
22,5,45,10,178,176,223,186,178,176,223,176,223,186,178,186,text,table_text,table_0,times,bold,9.0,11anp_20211228_163945_2149456410_600_800.png,/scratch/parceirosbr/bigoilict/share/BigOil/document_generator/datasets/documents_2021_12_28/11anp_20211228_163945_2149456410_600_800.png,11anp_20211228_163945_2149456410_600_800_mask.png,74201424.6
22,5,45,10,178,176,223,186,178,176,223,176,223,186,178,186,sub_line_text,table_text,table_0,times,bold,9.0,11anp_20211228_163945_2149456410_600_800.png,/scratch/parceirosbr/bigoilict/share/BigOil/document_generator/datasets/documents_2021_12_28/11anp_20211228_163945_2149456410_600_800.png,11anp_20211228_163945_2149456410_600_800_mask.png,74201424.6
15,5,30,10,192,190,222,200,192,190,222,190,222,200,192,200,text,table_text,table_0,times,bold,9.0,11anp_20211228_163945_2149456410_600_800.png,/scratch/parceirosbr/bigoilict/share/BigOil/document_generator/datasets/documents_2021_12_28/11anp_20211228_163945_2149456410_600_800.png,11anp_20211228_163945_2149456410_600_800_mask.png,41525.4
15,5,30,10,192,190,222,200,192,190,222,190,222,200,192,200,sub_line_text,table_text,table_0,times,bold,9.0,11anp_20211228_163945_2149456410_600_800.png,/scratch/parceirosbr/bigoilict/share/BigOil/document_generator/datasets/documents_2021_12_28/11anp_20211228_163945_2149456410_600_800.png,11anp_20211228_163945_2149456410_600_800_mask.png,41525.4
15,5,30,10,192,203,222,213,192,203,222,203,222,213,192,213,text,table_text,table_0,times,bold,9.0,11anp_20211228_163945_2149456410_600_800.png,/scratch/parceirosbr/bigoilict/share/BigOil/document_generator/datasets/documents_2021_12_28/11anp_20211228_163945_2149456410_600_800.png,11anp_20211228_163945_2149456410_600_800_mask.png,87621.2
15,5,30,10,192,203,222,213,192,203,222,203,222,213,192,213,sub_line_text,table_text,table_0,times,bold,9.0,11anp_20211228_163945_2149456410_600_800.png,/scratch/parceirosbr/bigoilict/share/BigOil/document_generator/datasets/documents_2021_12_28/11anp_20211228_163945_2149456410_600_800.png,11anp_20211228_163945_2149456410_600_800_mask.png,87621.2
22,5,45,10,178,217,223,227,178,217,223,217,223,227,178,227,text,table_text,table_0,times,bold,9.0,11anp_20211228_163945_2149456410_600_800.png,/scratch/parceirosbr/bigoilict/share/BigOil/document_generator/datasets/documents_2021_12_28/11anp_20211228_163945_2149456410_600_800.png,11anp_20211228_163945_2149456410_600_800_mask.png,83669562.2
22,5,45,10,178,217,223,227,178,217,223,217,223,227,178,227,sub_line_text,table_text,table_0,times,bold,9.0,11anp_20211228_163945_2149456410_600_800.png,/scratch/parceirosbr/bigoilict/share/BigOil/document_generator/datasets/documents_2021_12_28/11anp_20211228_163945_2149456410_600_800.png,11anp_20211228_163945_2149456410_600_800_mask.png,83669562.2
17,5,35,10,188,230,223,240,188,230,223,230,223,240,188,240,text,table_text,table_0,times,bold,9.0,11anp_20211228_163945_2149456410_600_800.png,/scratch/parceirosbr/bigoilict/share/BigOil/document_generator/datasets/documents_2021_12_28/11anp_20211228_163945_2149456410_600_800.png,11anp_20211228_163945_2149456410_600_800_mask.png,930352.5
17,5,35,10,188,230,223,240,188,230,223,230,223,240,188,240,sub_line_text,table_text,table_0,times,bold,9.0,11anp_20211228_163945_2149456410_600_800.png,/scratch/parceirosbr/bigoilict/share/BigOil/document_generator/datasets/documents_2021_12_28/11anp_20211228_163945_2149456410_600_800.png,11anp_20211228_163945_2149456410_600_800_mask.png,930352.5
20,5,40,10,183,244,223,254,183,244,223,244,223,254,183,254,text,table_text,table_0,times,bold,9.0,11anp_20211228_163945_2149456410_600_800.png,/scratch/parceirosbr/bigoilict/share/BigOil/document_generator/datasets/documents_2021_12_28/11anp_20211228_163945_2149456410_600_800.png,11anp_20211228_163945_2149456410_600_800_mask.png,6118765.0
20,5,40,10,183,244,223,254,183,244,223,244,223,254,183,254,sub_line_text,table_text,table_0,times,bold,9.0,11anp_20211228_163945_2149456410_600_800.png,/scratch/parceirosbr/bigoilict/share/BigOil/document_generator/datasets/documents_2021_12_28/11anp_20211228_163945_2149456410_600_800.png,11anp_20211228_163945_2149456410_600_800_mask.png,6118765.0
6,5,13,10,286,135,299,145,286,135,299,135,299,145,286,145,text,table_text,table_0,times,italic,9.0,11anp_20211228_163945_2149456410_600_800.png,/scratch/parceirosbr/bigoilict/share/BigOil/document_generator/datasets/documents_2021_12_28/11anp_20211228_163945_2149456410_600_800.png,11anp_20211228_163945_2149456410_600_800_mask.png,que
6,5,13,10,286,135,299,145,286,135,299,135,299,145,286,145,sub_line_text,table_text,table_0,times,italic,9.0,11anp_20211228_163945_2149456410_600_800.png,/scratch/parceirosbr/bigoilict/share/BigOil/document_generator/datasets/documents_2021_12_28/11anp_20211228_163945_2149456410_600_800.png,11anp_20211228_163945_2149456410_600_800_mask.png,que
27,5,55,10,245,149,300,159,245,149,300,149,300,159,245,159,text,table_text,table_0,times,bold,9.0,11anp_20211228_163945_2149456410_600_800.png,/scratch/parceirosbr/bigoilict/share/BigOil/document_generator/datasets/documents_2021_12_28/11anp_20211228_163945_2149456410_600_800.png,11anp_20211228_163945_2149456410_600_800_mask.png,54614979.714
27,5,55,10,245,149,300,159,245,149,300,149,300,159,245,159,sub_line_text,table_text,table_0,times,bold,9.0,11anp_20211228_163945_2149456410_600_800.png,/scratch/parceirosbr/bigoilict/share/BigOil/document_generator/datasets/documents_2021_12_28/11anp_20211228_163945_2149456410_600_800.png,11anp_20211228_163945_2149456410_600_800_mask.png,54614979.714
27,5,55,10,245,162,300,172,245,162,300,162,300,172,245,172,text,table_text,table_0,times,bold,9.0,11anp_20211228_163945_2149456410_600_800.png,/scratch/parceirosbr/bigoilict/share/BigOil/document_generator/datasets/documents_2021_12_28/11anp_20211228_163945_2149456410_600_800.png,11anp_20211228_163945_2149456410_600_800_mask.png,26852920.843
27,5,55,10,245,162,300,172,245,162,300,162,300,172,245,172,sub_line_text,table_text,table_0,times,bold,9.0,11anp_20211228_163945_2149456410_600_800.png,/scratch/parceirosbr/bigoilict/share/BigOil/document_generator/datasets/documents_2021_12_28/11anp_20211228_163945_2149456410_600_800.png,11anp_20211228_163945_2149456410_600_800_mask.png,26852920.843
27,5,55,10,245,176,300,186,245,176,300,176,300,186,245,186,text,table_text,table_0,times,bold,9.0,11anp_20211228_163945_2149456410_600_800.png,/scratch/parceirosbr/bigoilict/share/BigOil/document_generator/datasets/documents_2021_12_28/11anp_20211228_163945_2149456410_600_800.png,11anp_20211228_163945_2149456410_600_800_mask.png,63749204.196
27,5,55,10,245,176,300,186,245,176,300,176,300,186,245,186,sub_line_text,table_text,table_0,times,bold,9.0,11anp_20211228_163945_2149456410_600_800.png,/scratch/parceirosbr/bigoilict/share/BigOil/document_generator/datasets/documents_2021_12_28/11anp_20211228_163945_2149456410_600_800.png,11anp_20211228_163945_2149456410_600_800_mask.png,63749204.196
27,5,55,10,245,190,300,200,245,190,300,190,300,200,245,200,text,table_text,table_0,times,bold,9.0,11anp_20211228_163945_2149456410_600_800.png,/scratch/parceirosbr/bigoilict/share/BigOil/document_generator/datasets/documents_2021_12_28/11anp_20211228_163945_2149456410_600_800.png,11anp_20211228_163945_2149456410_600_800_mask.png,60989986.824
27,5,55,10,245,190,300,200,245,190,300,190,300,200,245,200,sub_line_text,table_text,table_0,times,bold,9.0,11anp_20211228_163945_2149456410_600_800.png,/scratch/parceirosbr/bigoilict/share/BigOil/document_generator/datasets/documents_2021_12_28/11anp_20211228_163945_2149456410_600_800.png,11anp_20211228_163945_2149456410_600_800_mask.png,60989986.824
27,5,55,10,245,203,300,213,245,203,300,203,300,213,245,213,text,table_text,table_0,times,bold,9.0,11anp_20211228_163945_2149456410_600_800.png,/scratch/parceirosbr/bigoilict/share/BigOil/document_generator/datasets/documents_2021_12_28/11anp_20211228_163945_2149456410_600_800.png,11anp_20211228_163945_2149456410_600_800_mask.png,13559187.243
27,5,55,10,245,203,300,213,245,203,300,203,300,213,245,213,sub_line_text,table_text,table_0,times,bold,9.0,11anp_20211228_163945_2149456410_600_800.png,/scratch/parceirosbr/bigoilict/share/BigOil/document_generator/datasets/documents_2021_12_28/11anp_20211228_163945_2149456410_600_800.png,11anp_20211228_163945_2149456410_600_800_mask.png,13559187.243
27,5,55,10,245,217,300,227,245,217,300,217,300,227,245,227,text,table_text,table_0,times,bold,9.0,11anp_20211228_163945_2149456410_600_800.png,/scratch/parceirosbr/bigoilict/share/BigOil/document_generator/datasets/documents_2021_12_28/11anp_20211228_163945_2149456410_600_800.png,11anp_20211228_163945_2149456410_600_800_mask.png,48762545.368
27,5,55,10,245,217,300,227,245,217,300,217,300,227,245,227,sub_line_text,table_text,table_0,times,bold,9.0,11anp_20211228_163945_2149456410_600_800.png,/scratch/parceirosbr/bigoilict/share/BigOil/document_generator/datasets/documents_2021_12_28/11anp_20211228_163945_2149456410_600_800.png,11anp_20211228_163945_2149456410_600_800_mask.png,48762545.368
27,5,55,10,245,230,300,240,245,230,300,230,300,240,245,240,text,table_text,table_0,times,bold,9.0,11anp_20211228_163945_2149456410_600_800.png,/scratch/parceirosbr/bigoilict/share/BigOil/document_generator/datasets/documents_2021_12_28/11anp_20211228_163945_2149456410_600_800.png,11anp_20211228_163945_2149456410_600_800_mask.png,41988200.091
27,5,55,10,245,230,300,240,245,230,300,230,300,240,245,240,sub_line_text,table_text,table_0,times,bold,9.0,11anp_20211228_163945_2149456410_600_800.png,/scratch/parceirosbr/bigoilict/share/BigOil/document_generator/datasets/documents_2021_12_28/11anp_20211228_163945_2149456410_600_800.png,11anp_20211228_163945_2149456410_600_800_mask.png,41988200.091
27,5,55,10,245,244,300,254,245,244,300,244,300,254,245,254,text,table_text,table_0,times,bold,9.0,11anp_20211228_163945_2149456410_600_800.png,/scratch/parceirosbr/bigoilict/share/BigOil/document_generator/datasets/documents_2021_12_28/11anp_20211228_163945_2149456410_600_800.png,11anp_20211228_163945_2149456410_600_800_mask.png,65435157.630
27,5,55,10,245,244,300,254,245,244,300,244,300,254,245,254,sub_line_text,table_text,table_0,times,bold,9.0,11anp_20211228_163945_2149456410_600_800.png,/scratch/parceirosbr/bigoilict/share/BigOil/document_generator/datasets/documents_2021_12_28/11anp_20211228_163945_2149456410_600_800.png,11anp_20211228_163945_2149456410_600_800_mask.png,65435157.630
16,5,32,10,317,135,349,145,317,135,349,135,349,145,317,145,text,table_text,table_0,times,italic,9.0,11anp_20211228_163945_2149456410_600_800.png,/scratch/parceirosbr/bigoilict/share/BigOil/document_generator/datasets/documents_2021_12_28/11anp_20211228_163945_2149456410_600_800.png,11anp_20211228_163945_2149456410_600_800_mask.png,mercado
16,5,32,10,317,135,349,145,317,135,349,135,349,145,317,145,sub_line_text,table_text,table_0,times,italic,9.0,11anp_20211228_163945_2149456410_600_800.png,/scratch/parceirosbr/bigoilict/share/BigOil/document_generator/datasets/documents_2021_12_28/11anp_20211228_163945_2149456410_600_800.png,11anp_20211228_163945_2149456410_600_800_mask.png,mercado
14,5,29,10,319,149,348,159,319,149,348,149,348,159,319,159,text,table_text,table_0,times,bold,9.0,11anp_20211228_163945_2149456410_600_800.png,/scratch/parceirosbr/bigoilict/share/BigOil/document_generator/datasets/documents_2021_12_28/11anp_20211228_163945_2149456410_600_800.png,11anp_20211228_163945_2149456410_600_800_mask.png,política
14,5,29,10,319,149,348,159,319,149,348,149,348,159,319,159,sub_line_text,table_text,table_0,times,bold,9.0,11anp_20211228_163945_2149456410_600_800.png,/scratch/parceirosbr/bigoilict/share/BigOil/document_generator/datasets/documents_2021_12_28/11anp_20211228_163945_2149456410_600_800.png,11anp_20211228_163945_2149456410_600_800_mask.png,política
13,5,26,10,321,162,347,172,321,162,347,162,347,172,321,172,text,table_text,table_0,times,bold,9.0,11anp_20211228_163945_2149456410_600_800.png,/scratch/parceirosbr/bigoilict/share/BigOil/document_generator/datasets/documents_2021_12_28/11anp_20211228_163945_2149456410_600_800.png,11anp_20211228_163945_2149456410_600_800_mask.png,injetor
13,5,26,10,321,162,347,172,321,162,347,162,347,172,321,172,sub_line_text,table_text,table_0,times,bold,9.0,11anp_20211228_163945_2149456410_600_800.png,/scratch/parceirosbr/bigoilict/share/BigOil/document_generator/datasets/documents_2021_12_28/11anp_20211228_163945_2149456410_600_800.png,11anp_20211228_163945_2149456410_600_800_mask.png,injetor
15,5,30,10,318,176,348,186,318,176,348,176,348,186,318,186,text,table_text,table_0,times,bold,9.0,11anp_20211228_163945_2149456410_600_800.png,/scratch/parceirosbr/bigoilict/share/BigOil/document_generator/datasets/documents_2021_12_28/11anp_20211228_163945_2149456410_600_800.png,11anp_20211228_163945_2149456410_600_800_mask.png,mistura
15,5,30,10,318,176,348,186,318,176,348,176,348,186,318,186,sub_line_text,table_text,table_0,times,bold,9.0,11anp_20211228_163945_2149456410_600_800.png,/scratch/parceirosbr/bigoilict/share/BigOil/document_generator/datasets/documents_2021_12_28/11anp_20211228_163945_2149456410_600_800.png,11anp_20211228_163945_2149456410_600_800_mask.png,mistura
16,5,32,10,317,190,349,200,317,190,349,190,349,200,317,200,text,table_text,table_0,times,bold,9.0,11anp_20211228_163945_2149456410_600_800.png,/scratch/parceirosbr/bigoilict/share/BigOil/document_generator/datasets/documents_2021_12_28/11anp_20211228_163945_2149456410_600_800.png,11anp_20211228_163945_2149456410_600_800_mask.png,superior
16,5,32,10,317,190,349,200,317,190,349,190,349,200,317,200,sub_line_text,table_text,table_0,times,bold,9.0,11anp_20211228_163945_2149456410_600_800.png,/scratch/parceirosbr/bigoilict/share/BigOil/document_generator/datasets/documents_2021_12_28/11anp_20211228_163945_2149456410_600_800.png,11anp_20211228_163945_2149456410_600_800_mask.png,superior
7,5,15,10,326,203,341,213,326,203,341,203,341,213,326,213,text,table_text,table_0,times,bold,9.0,11anp_20211228_163945_2149456410_600_800.png,/scratch/parceirosbr/bigoilict/share/BigOil/document_generator/datasets/documents_2021_12_28/11anp_20211228_163945_2149456410_600_800.png,11anp_20211228_163945_2149456410_600_800_mask.png,fase
7,5,15,10,326,203,341,213,326,203,341,203,341,213,326,213,sub_line_text,table_text,table_0,times,bold,9.0,11anp_20211228_163945_2149456410_600_800.png,/scratch/parceirosbr/bigoilict/share/BigOil/document_generator/datasets/documents_2021_12_28/11anp_20211228_163945_2149456410_600_800.png,11anp_20211228_163945_2149456410_600_800_mask.png,fase
10,5,21,10,323,217,344,227,323,217,344,217,344,227,323,227,text,table_text,table_0,times,bold,9.0,11anp_20211228_163945_2149456410_600_800.png,/scratch/parceirosbr/bigoilict/share/BigOil/document_generator/datasets/documents_2021_12_28/11anp_20211228_163945_2149456410_600_800.png,11anp_20211228_163945_2149456410_600_800_mask.png,julho
10,5,21,10,323,217,344,227,323,217,344,217,344,227,323,227,sub_line_text,table_text,table_0,times,bold,9.0,11anp_20211228_163945_2149456410_600_800.png,/scratch/parceirosbr/bigoilict/share/BigOil/document_generator/datasets/documents_2021_12_28/11anp_20211228_163945_2149456410_600_800.png,11anp_20211228_163945_2149456410_600_800_mask.png,julho
19,5,38,10,314,230,352,240,314,230,352,230,352,240,314,240,text,table_text,table_0,times,bold,9.0,11anp_20211228_163945_2149456410_600_800.png,/scratch/parceirosbr/bigoilict/share/BigOil/document_generator/datasets/documents_2021_12_28/11anp_20211228_163945_2149456410_600_800.png,11anp_20211228_163945_2149456410_600_800_mask.png,reduzindo
19,5,38,10,314,230,352,240,314,230,352,230,352,240,314,240,sub_line_text,table_text,table_0,times,bold,9.0,11anp_20211228_163945_2149456410_600_800.png,/scratch/parceirosbr/bigoilict/share/BigOil/document_generator/datasets/documents_2021_12_28/11anp_20211228_163945_2149456410_600_800.png,11anp_20211228_163945_2149456410_600_800_mask.png,reduzindo
15,5,30,10,318,244,348,254,318,244,348,244,348,254,318,254,text,table_text,table_0,times,bold,9.0,11anp_20211228_163945_2149456410_600_800.png,/scratch/parceirosbr/bigoilict/share/BigOil/document_generator/datasets/documents_2021_12_28/11anp_20211228_163945_2149456410_600_800.png,11anp_20211228_163945_2149456410_600_800_mask.png,descrito
15,5,30,10,318,244,348,254,318,244,348,244,348,254,318,254,sub_line_text,table_text,table_0,times,bold,9.0,11anp_20211228_163945_2149456410_600_800.png,/scratch/parceirosbr/bigoilict/share/BigOil/document_generator/datasets/documents_2021_12_28/11anp_20211228_163945_2149456410_600_800.png,11anp_20211228_163945_2149456410_600_800_mask.png,descrito
8,5,16,10,400,135,416,145,400,135,416,135,416,145,400,145,text,table_text,table_0,times,italic,9.0,11anp_20211228_163945_2149456410_600_800.png,/scratch/parceirosbr/bigoilict/share/BigOil/document_generator/datasets/documents_2021_12_28/11anp_20211228_163945_2149456410_600_800.png,11anp_20211228_163945_2149456410_600_800_mask.png,uma
8,5,16,10,400,135,416,145,400,135,416,135,416,145,400,145,sub_line_text,table_text,table_0,times,italic,9.0,11anp_20211228_163945_2149456410_600_800.png,/scratch/parceirosbr/bigoilict/share/BigOil/document_generator/datasets/documents_2021_12_28/11anp_20211228_163945_2149456410_600_800.png,11anp_20211228_163945_2149456410_600_800_mask.png,uma
11,5,23,10,397,149,420,159,397,149,420,149,420,159,397,159,text,table_text,table_0,times,bold,9.0,11anp_20211228_163945_2149456410_600_800.png,/scratch/parceirosbr/bigoilict/share/BigOil/document_generator/datasets/documents_2021_12_28/11anp_20211228_163945_2149456410_600_800.png,11anp_20211228_163945_2149456410_600_800_mask.png,refino
11,5,23,10,397,149,420,159,397,149,420,149,420,159,397,159,sub_line_text,table_text,table_0,times,bold,9.0,11anp_20211228_163945_2149456410_600_800.png,/scratch/parceirosbr/bigoilict/share/BigOil/document_generator/datasets/documents_2021_12_28/11anp_20211228_163945_2149456410_600_800.png,11anp_20211228_163945_2149456410_600_800_mask.png,refino
8,5,17,10,400,162,417,172,400,162,417,162,417,172,400,172,text,table_text,table_0,times,bold,9.0,11anp_20211228_163945_2149456410_600_800.png,/scratch/parceirosbr/bigoilict/share/BigOil/document_generator/datasets/documents_2021_12_28/11anp_20211228_163945_2149456410_600_800.png,11anp_20211228_163945_2149456410_600_800_mask.png,caso
8,5,17,10,400,162,417,172,400,162,417,162,417,172,400,172,sub_line_text,table_text,table_0,times,bold,9.0,11anp_20211228_163945_2149456410_600_800.png,/scratch/parceirosbr/bigoilict/share/BigOil/document_generator/datasets/documents_2021_12_28/11anp_20211228_163945_2149456410_600_800.png,11anp_20211228_163945_2149456410_600_800_mask.png,caso
10,5,20,10,398,176,418,186,398,176,418,176,418,186,398,186,text,table_text,table_0,times,bold,9.0,11anp_20211228_163945_2149456410_600_800.png,/scratch/parceirosbr/bigoilict/share/BigOil/document_generator/datasets/documents_2021_12_28/11anp_20211228_163945_2149456410_600_800.png,11anp_20211228_163945_2149456410_600_800_mask.png,atual
10,5,20,10,398,176,418,186,398,176,418,176,418,186,398,186,sub_line_text,table_text,table_0,times,bold,9.0,11anp_20211228_163945_2149456410_600_800.png,/scratch/parceirosbr/bigoilict/share/BigOil/document_generator/datasets/documents_2021_12_28/11anp_20211228_163945_2149456410_600_800.png,11anp_20211228_163945_2149456410_600_800_mask.png,atual
4,5,9,10,404,190,413,200,404,190,413,190,413,200,404,200,text,table_text,table_0,times,bold,9.0,11anp_20211228_163945_2149456410_600_800.png,/scratch/parceirosbr/bigoilict/share/BigOil/document_generator/datasets/documents_2021_12_28/11anp_20211228_163945_2149456410_600_800.png,11anp_20211228_163945_2149456410_600_800_mask.png,no
4,5,9,10,404,190,413,200,404,190,413,190,413,200,404,200,sub_line_text,table_text,table_0,times,bold,9.0,11anp_20211228_163945_2149456410_600_800.png,/scratch/parceirosbr/bigoilict/share/BigOil/document_generator/datasets/documents_2021_12_28/11anp_20211228_163945_2149456410_600_800.png,11anp_20211228_163945_2149456410_600_800_mask.png,no
19,5,39,10,388,203,427,213,388,203,427,203,427,213,388,213,text,table_text,table_0,times,bold,9.0,11anp_20211228_163945_2149456410_600_800.png,/scratch/parceirosbr/bigoilict/share/BigOil/document_generator/datasets/documents_2021_12_28/11anp_20211228_163945_2149456410_600_800.png,11anp_20211228_163945_2149456410_600_800_mask.png,energética
19,5,39,10,388,203,427,213,388,203,427,203,427,213,388,213,sub_line_text,table_text,table_0,times,bold,9.0,11anp_20211228_163945_2149456410_600_800.png,/scratch/parceirosbr/bigoilict/share/BigOil/document_generator/datasets/documents_2021_12_28/11anp_20211228_163945_2149456410_600_800.png,11anp_20211228_163945_2149456410_600_800_mask.png,energética
22,5,45,10,387,217,432,227,387,217,432,217,432,227,387,227,text,table_text,table_0,times,bold,9.0,11anp_20211228_163945_2149456410_600_800.png,/scratch/parceirosbr/bigoilict/share/BigOil/document_generator/datasets/documents_2021_12_28/11anp_20211228_163945_2149456410_600_800.png,11anp_20211228_163945_2149456410_600_800_mask.png,decorrência
22,5,45,10,387,217,432,227,387,217,432,217,432,227,387,227,sub_line_text,table_text,table_0,times,bold,9.0,11anp_20211228_163945_2149456410_600_800.png,/scratch/parceirosbr/bigoilict/share/BigOil/document_generator/datasets/documents_2021_12_28/11anp_20211228_163945_2149456410_600_800.png,11anp_20211228_163945_2149456410_600_800_mask.png,decorrência
9,5,19,10,399,230,418,240,399,230,418,230,418,240,399,240,text,table_text,table_0,times,bold,9.0,11anp_20211228_163945_2149456410_600_800.png,/scratch/parceirosbr/bigoilict/share/BigOil/document_generator/datasets/documents_2021_12_28/11anp_20211228_163945_2149456410_600_800.png,11anp_20211228_163945_2149456410_600_800_mask.png,neste
9,5,19,10,399,230,418,240,399,230,418,230,418,240,399,240,sub_line_text,table_text,table_0,times,bold,9.0,11anp_20211228_163945_2149456410_600_800.png,/scratch/parceirosbr/bigoilict/share/BigOil/document_generator/datasets/documents_2021_12_28/11anp_20211228_163945_2149456410_600_800.png,11anp_20211228_163945_2149456410_600_800_mask.png,neste
19,5,39,10,388,244,427,254,388,244,427,244,427,254,388,254,text,table_text,table_0,times,bold,9.0,11anp_20211228_163945_2149456410_600_800.png,/scratch/parceirosbr/bigoilict/share/BigOil/document_generator/datasets/documents_2021_12_28/11anp_20211228_163945_2149456410_600_800.png,11anp_20211228_163945_2149456410_600_800_mask.png,vantagens
19,5,39,10,388,244,427,254,388,244,427,244,427,254,388,254,sub_line_text,table_text,table_0,times,bold,9.0,11anp_20211228_163945_2149456410_600_800.png,/scratch/parceirosbr/bigoilict/share/BigOil/document_generator/datasets/documents_2021_12_28/11anp_20211228_163945_2149456410_600_800.png,11anp_20211228_163945_2149456410_600_800_mask.png,vantagens
8,5,17,10,506,135,523,145,506,135,523,135,523,145,506,145,text,table_text,table_0,times,italic,9.0,11anp_20211228_163945_2149456410_600_800.png,/scratch/parceirosbr/bigoilict/share/BigOil/document_generator/datasets/documents_2021_12_28/11anp_20211228_163945_2149456410_600_800.png,11anp_20211228_163945_2149456410_600_800_mask.png,pois
8,5,17,10,506,135,523,145,506,135,523,135,523,145,506,145,sub_line_text,table_text,table_0,times,italic,9.0,11anp_20211228_163945_2149456410_600_800.png,/scratch/parceirosbr/bigoilict/share/BigOil/document_generator/datasets/documents_2021_12_28/11anp_20211228_163945_2149456410_600_800.png,11anp_20211228_163945_2149456410_600_800_mask.png,pois
22,5,45,10,478,149,523,159,478,149,523,149,523,159,478,159,text,table_text,table_0,times,bold,9.0,11anp_20211228_163945_2149456410_600_800.png,/scratch/parceirosbr/bigoilict/share/BigOil/document_generator/datasets/documents_2021_12_28/11anp_20211228_163945_2149456410_600_800.png,11anp_20211228_163945_2149456410_600_800_mask.png,39555.8134
22,5,45,10,478,149,523,159,478,149,523,149,523,159,478,159,sub_line_text,table_text,table_0,times,bold,9.0,11anp_20211228_163945_2149456410_600_800.png,/scratch/parceirosbr/bigoilict/share/BigOil/document_generator/datasets/documents_2021_12_28/11anp_20211228_163945_2149456410_600_800.png,11anp_20211228_163945_2149456410_600_800_mask.png,39555.8134
22,5,45,10,478,162,523,172,478,162,523,162,523,172,478,172,text,table_text,table_0,times,bold,9.0,11anp_20211228_163945_2149456410_600_800.png,/scratch/parceirosbr/bigoilict/share/BigOil/document_generator/datasets/documents_2021_12_28/11anp_20211228_163945_2149456410_600_800.png,11anp_20211228_163945_2149456410_600_800_mask.png,49731.6371
22,5,45,10,478,162,523,172,478,162,523,162,523,172,478,172,sub_line_text,table_text,table_0,times,bold,9.0,11anp_20211228_163945_2149456410_600_800.png,/scratch/parceirosbr/bigoilict/share/BigOil/document_generator/datasets/documents_2021_12_28/11anp_20211228_163945_2149456410_600_800.png,11anp_20211228_163945_2149456410_600_800_mask.png,49731.6371
22,5,45,10,478,176,523,186,478,176,523,176,523,186,478,186,text,table_text,table_0,times,bold,9.0,11anp_20211228_163945_2149456410_600_800.png,/scratch/parceirosbr/bigoilict/share/BigOil/document_generator/datasets/documents_2021_12_28/11anp_20211228_163945_2149456410_600_800.png,11anp_20211228_163945_2149456410_600_800_mask.png,99397.5353
22,5,45,10,478,176,523,186,478,176,523,176,523,186,478,186,sub_line_text,table_text,table_0,times,bold,9.0,11anp_20211228_163945_2149456410_600_800.png,/scratch/parceirosbr/bigoilict/share/BigOil/document_generator/datasets/documents_2021_12_28/11anp_20211228_163945_2149456410_600_800.png,11anp_20211228_163945_2149456410_600_800_mask.png,99397.5353
22,5,45,10,478,190,523,200,478,190,523,190,523,200,478,200,text,table_text,table_0,times,bold,9.0,11anp_20211228_163945_2149456410_600_800.png,/scratch/parceirosbr/bigoilict/share/BigOil/document_generator/datasets/documents_2021_12_28/11anp_20211228_163945_2149456410_600_800.png,11anp_20211228_163945_2149456410_600_800_mask.png,86887.4033
22,5,45,10,478,190,523,200,478,190,523,190,523,200,478,200,sub_line_text,table_text,table_0,times,bold,9.0,11anp_20211228_163945_2149456410_600_800.png,/scratch/parceirosbr/bigoilict/share/BigOil/document_generator/datasets/documents_2021_12_28/11anp_20211228_163945_2149456410_600_800.png,11anp_20211228_163945_2149456410_600_800_mask.png,86887.4033
22,5,45,10,478,203,523,213,478,203,523,203,523,213,478,213,text,table_text,table_0,times,bold,9.0,11anp_20211228_163945_2149456410_600_800.png,/scratch/parceirosbr/bigoilict/share/BigOil/document_generator/datasets/documents_2021_12_28/11anp_20211228_163945_2149456410_600_800.png,11anp_20211228_163945_2149456410_600_800_mask.png,13828.6143
22,5,45,10,478,203,523,213,478,203,523,203,523,213,478,213,sub_line_text,table_text,table_0,times,bold,9.0,11anp_20211228_163945_2149456410_600_800.png,/scratch/parceirosbr/bigoilict/share/BigOil/document_generator/datasets/documents_2021_12_28/11anp_20211228_163945_2149456410_600_800.png,11anp_20211228_163945_2149456410_600_800_mask.png,13828.6143
22,5,45,10,478,217,523,227,478,217,523,217,523,227,478,227,text,table_text,table_0,times,bold,9.0,11anp_20211228_163945_2149456410_600_800.png,/scratch/parceirosbr/bigoilict/share/BigOil/document_generator/datasets/documents_2021_12_28/11anp_20211228_163945_2149456410_600_800.png,11anp_20211228_163945_2149456410_600_800_mask.png,79790.7559
22,5,45,10,478,217,523,227,478,217,523,217,523,227,478,227,sub_line_text,table_text,table_0,times,bold,9.0,11anp_20211228_163945_2149456410_600_800.png,/scratch/parceirosbr/bigoilict/share/BigOil/document_generator/datasets/documents_2021_12_28/11anp_20211228_163945_2149456410_600_800.png,11anp_20211228_163945_2149456410_600_800_mask.png,79790.7559
22,5,45,10,478,230,523,240,478,230,523,230,523,240,478,240,text,table_text,table_0,times,bold,9.0,11anp_20211228_163945_2149456410_600_800.png,/scratch/parceirosbr/bigoilict/share/BigOil/document_generator/datasets/documents_2021_12_28/11anp_20211228_163945_2149456410_600_800.png,11anp_20211228_163945_2149456410_600_800_mask.png,73362.0361
22,5,45,10,478,230,523,240,478,230,523,230,523,240,478,240,sub_line_text,table_text,table_0,times,bold,9.0,11anp_20211228_163945_2149456410_600_800.png,/scratch/parceirosbr/bigoilict/share/BigOil/document_generator/datasets/documents_2021_12_28/11anp_20211228_163945_2149456410_600_800.png,11anp_20211228_163945_2149456410_600_800_mask.png,73362.0361
22,5,45,10,478,244,523,254,478,244,523,244,523,254,478,254,text,table_text,table_0,times,bold,9.0,11anp_20211228_163945_2149456410_600_800.png,/scratch/parceirosbr/bigoilict/share/BigOil/document_generator/datasets/documents_2021_12_28/11anp_20211228_163945_2149456410_600_800.png,11anp_20211228_163945_2149456410_600_800_mask.png,99557.8826
22,5,45,10,478,244,523,254,478,244,523,244,523,254,478,254,sub_line_text,table_text,table_0,times,bold,9.0,11anp_20211228_163945_2149456410_600_800.png,/scratch/parceirosbr/bigoilict/share/BigOil/document_generator/datasets/documents_2021_12_28/11anp_20211228_163945_2149456410_600_800.png,11anp_20211228_163945_2149456410_600_800_mask.png,99557.8826
234,5,469,11,82,288,551,299,82,288,551,288,551,299,82,299,sub_line_text,text,text_0,raleway,regular,9,11anp_20211228_163945_2149456410_600_800.png,/scratch/parceirosbr/bigoilict/share/BigOil/document_generator/datasets/documents_2021_12_28/11anp_20211228_163945_2149456410_600_800.png,11anp_20211228_163945_2149456410_600_800_mask.png,Com  isso  estudar  a  razão  entre  os  elementos  e  nos  liquens  (como  indicado  por  et  al  1997).  Central  de área d-
249,5,499,11,52,305,551,316,52,305,551,305,551,316,52,316,sub_line_text,text,text_0,raleway,regular,9,11anp_20211228_163945_2149456410_600_800.png,/scratch/parceirosbr/bigoilict/share/BigOil/document_generator/datasets/documents_2021_12_28/11anp_20211228_163945_2149456410_600_800.png,11anp_20211228_163945_2149456410_600_800_mask.png,"evidamente   delimitada,   que   contém   os   recipientes   destinados   ao  recebimento,  armazenamento  e  transvasamento"
249,5,498,11,52,322,550,333,52,322,550,322,550,333,52,333,sub_line_text,text,text_0,raleway,regular,9,11anp_20211228_163945_2149456410_600_800.png,/scratch/parceirosbr/bigoilict/share/BigOil/document_generator/datasets/documents_2021_12_28/11anp_20211228_163945_2149456410_600_800.png,11anp_20211228_163945_2149456410_600_800_mask.png,"de   construída  e  operada  de  acordo  com  as  normas  internacionalmente  adotadas.  Com  essas  características,  o  poli-"
249,5,499,11,52,339,551,350,52,339,551,339,551,350,52,350,sub_line_text,text,text_0,raleway,regular,9,11anp_20211228_163945_2149456410_600_800.png,/scratch/parceirosbr/bigoilict/share/BigOil/document_generator/datasets/documents_2021_12_28/11anp_20211228_163945_2149456410_600_800.png,11anp_20211228_163945_2149456410_600_800_mask.png,"ssacarídeo   catiônico   sintético   trimetilquitosana   pode  se  tornar  um  novo  inibidor  de  folhelhos  reativos,  caso  seja  tão"
249,5,499,11,52,356,551,367,52,356,551,356,551,367,52,367,sub_line_text,text,text_0,raleway,regular,9,11anp_20211228_163945_2149456410_600_800.png,/scratch/parceirosbr/bigoilict/share/BigOil/document_generator/datasets/documents_2021_12_28/11anp_20211228_163945_2149456410_600_800.png,11anp_20211228_163945_2149456410_600_800_mask.png,eficiente   quanto   os   polímeros   catiônicos   sintéticos   utilizados   atualmente   como  inibidores  na  indústria  de  petróleo.
249,5,498,11,52,373,550,384,52,373,550,373,550,384,52,384,sub_line_text,text,text_0,raleway,regular,9,11anp_20211228_163945_2149456410_600_800.png,/scratch/parceirosbr/bigoilict/share/BigOil/document_generator/datasets/documents_2021_12_28/11anp_20211228_163945_2149456410_600_800.png,11anp_20211228_163945_2149456410_600_800_mask.png,Onde  Jé  a  densidade  relativa  do  petróleo  a  60/60  F.  2.1.2  do  petróleo.  Os  materiais  que  o  formam o sedimento po-
249,5,499,11,52,390,551,401,52,390,551,390,551,401,52,401,sub_line_text,text,text_0,raleway,regular,9,11anp_20211228_163945_2149456410_600_800.png,/scratch/parceirosbr/bigoilict/share/BigOil/document_generator/datasets/documents_2021_12_28/11anp_20211228_163945_2149456410_600_800.png,11anp_20211228_163945_2149456410_600_800_mask.png,"dem   ser   derivados   de  qualquer  tipo  de  rocha  preexistente,  incluindo  sedimentos  previamente  formados,  ou  acum-"
232,5,465,11,52,407,517,418,52,407,517,407,517,418,52,418,sub_line_text,text,text_0,raleway,regular,9,11anp_20211228_163945_2149456410_600_800.png,/scratch/parceirosbr/bigoilict/share/BigOil/document_generator/datasets/documents_2021_12_28/11anp_20211228_163945_2149456410_600_800.png,11anp_20211228_163945_2149456410_600_800_mask.png,"ulados por outros agentes naturais, como a matéria orgânica que se estabelece após a formação na suspensão por."
249,65,499,130,52,288,551,418,52,288,551,288,551,418,52,418,text,text,text_0,raleway,regular,9,11anp_20211228_163945_2149456410_600_800.png,/scratch/parceirosbr/bigoilict/share/BigOil/document_generator/datasets/documents_2021_12_28/11anp_20211228_163945_2149456410_600_800.png,11anp_20211228_163945_2149456410_600_800_mask.png,nan
103,5,206,10,52,424,258,434,52,424,258,424,258,434,52,434,sub_line_text,figure_legend,figure_0,raleway,italic,8,11anp_20211228_163945_2149456410_600_800.png,/scratch/parceirosbr/bigoilict/share/BigOil/document_generator/datasets/documents_2021_12_28/11anp_20211228_163945_2149456410_600_800.png,11anp_20211228_163945_2149456410_600_800_mask.png,"Fig. 52:  Em 2008, por exemplo, a produção nacional foi"
103,5,206,10,52,424,258,434,52,424,258,424,258,434,52,434,text,figure_legend,figure_0,raleway,italic,8,11anp_20211228_163945_2149456410_600_800.png,/scratch/parceirosbr/bigoilict/share/BigOil/document_generator/datasets/documents_2021_12_28/11anp_20211228_163945_2149456410_600_800.png,11anp_20211228_163945_2149456410_600_800_mask.png,nan
105,63,211,126,198,439,409,565,198,439,409,439,409,565,198,565,image,figure_image,figure_0,,,,11anp_20211228_163945_2149456410_600_800.png,/scratch/parceirosbr/bigoilict/share/BigOil/document_generator/datasets/documents_2021_12_28/11anp_20211228_163945_2149456410_600_800.png,11anp_20211228_163945_2149456410_600_800_mask.png,output/gen_img_20211228_163949_3930259334.png
8,2,16,5,360,516,376,521,360,516,376,516,376,521,360,521,text,figure_text,figure_0,,,,11anp_20211228_163945_2149456410_600_800.png,/scratch/parceirosbr/bigoilict/share/BigOil/document_generator/datasets/documents_2021_12_28/11anp_20211228_163945_2149456410_600_800.png,11anp_20211228_163945_2149456410_600_800_mask.png,-1135
8,2,16,5,360,516,376,521,360,516,376,516,376,521,360,521,sub_line_text,figure_text,figure_0,,,,11anp_20211228_163945_2149456410_600_800.png,/scratch/parceirosbr/bigoilict/share/BigOil/document_generator/datasets/documents_2021_12_28/11anp_20211228_163945_2149456410_600_800.png,11anp_20211228_163945_2149456410_600_800_mask.png,-1135
17,3,34,7,354,505,388,512,354,505,388,505,388,512,354,512,text,figure_text,figure_0,,,,11anp_20211228_163945_2149456410_600_800.png,/scratch/parceirosbr/bigoilict/share/BigOil/document_generator/datasets/documents_2021_12_28/11anp_20211228_163945_2149456410_600_800.png,11anp_20211228_163945_2149456410_600_800_mask.png,Volume [GB]
17,3,34,7,354,505,388,512,354,505,388,505,388,512,354,512,sub_line_text,figure_text,figure_0,,,,11anp_20211228_163945_2149456410_600_800.png,/scratch/parceirosbr/bigoilict/share/BigOil/document_generator/datasets/documents_2021_12_28/11anp_20211228_163945_2149456410_600_800.png,11anp_20211228_163945_2149456410_600_800_mask.png,Volume [GB]
5,3,10,6,332,481,342,487,332,481,342,481,342,487,332,487,text,figure_text,figure_0,,,,11anp_20211228_163945_2149456410_600_800.png,/scratch/parceirosbr/bigoilict/share/BigOil/document_generator/datasets/documents_2021_12_28/11anp_20211228_163945_2149456410_600_800.png,11anp_20211228_163945_2149456410_600_800_mask.png,990
5,3,10,6,332,481,342,487,332,481,342,481,342,487,332,487,sub_line_text,figure_text,figure_0,,,,11anp_20211228_163945_2149456410_600_800.png,/scratch/parceirosbr/bigoilict/share/BigOil/document_generator/datasets/documents_2021_12_28/11anp_20211228_163945_2149456410_600_800.png,11anp_20211228_163945_2149456410_600_800_mask.png,990
17,3,34,7,265,473,299,480,265,473,299,473,299,480,265,480,text,figure_text,figure_0,,,,11anp_20211228_163945_2149456410_600_800.png,/scratch/parceirosbr/bigoilict/share/BigOil/document_generator/datasets/documents_2021_12_28/11anp_20211228_163945_2149456410_600_800.png,11anp_20211228_163945_2149456410_600_800_mask.png,Gender (BL)
17,3,34,7,265,473,299,480,265,473,299,473,299,480,265,480,sub_line_text,figure_text,figure_0,,,,11anp_20211228_163945_2149456410_600_800.png,/scratch/parceirosbr/bigoilict/share/BigOil/document_generator/datasets/documents_2021_12_28/11anp_20211228_163945_2149456410_600_800.png,11anp_20211228_163945_2149456410_600_800_mask.png,Gender (BL)
10,3,21,6,307,541,328,547,307,541,328,541,328,547,307,547,text,figure_text,figure_0,,,,11anp_20211228_163945_2149456410_600_800.png,/scratch/parceirosbr/bigoilict/share/BigOil/document_generator/datasets/documents_2021_12_28/11anp_20211228_163945_2149456410_600_800.png,11anp_20211228_163945_2149456410_600_800_mask.png,-7307%
10,3,21,6,307,541,328,547,307,541,328,541,328,547,307,547,sub_line_text,figure_text,figure_0,,,,11anp_20211228_163945_2149456410_600_800.png,/scratch/parceirosbr/bigoilict/share/BigOil/document_generator/datasets/documents_2021_12_28/11anp_20211228_163945_2149456410_600_800.png,11anp_20211228_163945_2149456410_600_800_mask.png,-7307%
12,3,25,6,202,456,227,462,202,456,227,456,227,462,202,462,text,figure_text,figure_0,,,,11anp_20211228_163945_2149456410_600_800.png,/scratch/parceirosbr/bigoilict/share/BigOil/document_generator/datasets/documents_2021_12_28/11anp_20211228_163945_2149456410_600_800.png,11anp_20211228_163945_2149456410_600_800_mask.png,-1607.79
12,3,25,6,202,456,227,462,202,456,227,456,227,462,202,462,sub_line_text,figure_text,figure_0,,,,11anp_20211228_163945_2149456410_600_800.png,/scratch/parceirosbr/bigoilict/share/BigOil/document_generator/datasets/documents_2021_12_28/11anp_20211228_163945_2149456410_600_800.png,11anp_20211228_163945_2149456410_600_800_mask.png,-1607.79
12,3,24,7,277,463,301,470,277,463,301,463,301,470,277,470,text,figure_text,figure_0,,,,11anp_20211228_163945_2149456410_600_800.png,/scratch/parceirosbr/bigoilict/share/BigOil/document_generator/datasets/documents_2021_12_28/11anp_20211228_163945_2149456410_600_800.png,11anp_20211228_163945_2149456410_600_800_mask.png,Average
12,3,24,7,277,463,301,470,277,463,301,463,301,470,277,470,sub_line_text,figure_text,figure_0,,,,11anp_20211228_163945_2149456410_600_800.png,/scratch/parceirosbr/bigoilict/share/BigOil/document_generator/datasets/documents_2021_12_28/11anp_20211228_163945_2149456410_600_800.png,11anp_20211228_163945_2149456410_600_800_mask.png,Average
12,3,25,7,249,543,274,550,249,543,274,543,274,550,249,550,text,figure_text,figure_0,,,,11anp_20211228_163945_2149456410_600_800.png,/scratch/parceirosbr/bigoilict/share/BigOil/document_generator/datasets/documents_2021_12_28/11anp_20211228_163945_2149456410_600_800.png,11anp_20211228_163945_2149456410_600_800_mask.png,Water [L]
12,3,25,7,249,543,274,550,249,543,274,543,274,550,249,550,sub_line_text,figure_text,figure_0,,,,11anp_20211228_163945_2149456410_600_800.png,/scratch/parceirosbr/bigoilict/share/BigOil/document_generator/datasets/documents_2021_12_28/11anp_20211228_163945_2149456410_600_800.png,11anp_20211228_163945_2149456410_600_800_mask.png,Water [L]
14,3,28,6,213,482,241,488,213,482,241,482,241,488,213,488,text,figure_text,figure_0,,,,11anp_20211228_163945_2149456410_600_800.png,/scratch/parceirosbr/bigoilict/share/BigOil/document_generator/datasets/documents_2021_12_28/11anp_20211228_163945_2149456410_600_800.png,11anp_20211228_163945_2149456410_600_800_mask.png,-4372.312
14,3,28,6,213,482,241,488,213,482,241,482,241,488,213,488,sub_line_text,figure_text,figure_0,,,,11anp_20211228_163945_2149456410_600_800.png,/scratch/parceirosbr/bigoilict/share/BigOil/document_generator/datasets/documents_2021_12_28/11anp_20211228_163945_2149456410_600_800.png,11anp_20211228_163945_2149456410_600_800_mask.png,-4372.312
14,3,29,7,279,533,308,540,279,533,308,533,308,540,279,540,text,figure_text,figure_0,,,,11anp_20211228_163945_2149456410_600_800.png,/scratch/parceirosbr/bigoilict/share/BigOil/document_generator/datasets/documents_2021_12_28/11anp_20211228_163945_2149456410_600_800.png,11anp_20211228_163945_2149456410_600_800_mask.png,Probability
14,3,29,7,279,533,308,540,279,533,308,533,308,540,279,540,sub_line_text,figure_text,figure_0,,,,11anp_20211228_163945_2149456410_600_800.png,/scratch/parceirosbr/bigoilict/share/BigOil/document_generator/datasets/documents_2021_12_28/11anp_20211228_163945_2149456410_600_800.png,11anp_20211228_163945_2149456410_600_800_mask.png,Probability
21,3,43,7,304,549,347,556,304,549,347,549,347,556,304,556,text,figure_text,figure_0,,,,11anp_20211228_163945_2149456410_600_800.png,/scratch/parceirosbr/bigoilict/share/BigOil/document_generator/datasets/documents_2021_12_28/11anp_20211228_163945_2149456410_600_800.png,11anp_20211228_163945_2149456410_600_800_mask.png,Processing [TB]
21,3,43,7,304,549,347,556,304,549,347,549,347,556,304,556,sub_line_text,figure_text,figure_0,,,,11anp_20211228_163945_2149456410_600_800.png,/scratch/parceirosbr/bigoilict/share/BigOil/document_generator/datasets/documents_2021_12_28/11anp_20211228_163945_2149456410_600_800.png,11anp_20211228_163945_2149456410_600_800_mask.png,Processing [TB]
13,3,26,7,219,442,245,449,219,442,245,442,245,449,219,449,text,figure_text,figure_0,,,,11anp_20211228_163945_2149456410_600_800.png,/scratch/parceirosbr/bigoilict/share/BigOil/document_generator/datasets/documents_2021_12_28/11anp_20211228_163945_2149456410_600_800.png,11anp_20211228_163945_2149456410_600_800_mask.png,Power [F]
13,3,26,7,219,442,245,449,219,442,245,442,245,449,219,449,sub_line_text,figure_text,figure_0,,,,11anp_20211228_163945_2149456410_600_800.png,/scratch/parceirosbr/bigoilict/share/BigOil/document_generator/datasets/documents_2021_12_28/11anp_20211228_163945_2149456410_600_800.png,11anp_20211228_163945_2149456410_600_800_mask.png,Power [F]
13,3,26,6,372,554,398,560,372,554,398,554,398,560,372,560,text,figure_text,figure_0,,,,11anp_20211228_163945_2149456410_600_800.png,/scratch/parceirosbr/bigoilict/share/BigOil/document_generator/datasets/documents_2021_12_28/11anp_20211228_163945_2149456410_600_800.png,11anp_20211228_163945_2149456410_600_800_mask.png,-5432.1%
13,3,26,6,372,554,398,560,372,554,398,554,398,560,372,560,sub_line_text,figure_text,figure_0,,,,11anp_20211228_163945_2149456410_600_800.png,/scratch/parceirosbr/bigoilict/share/BigOil/document_generator/datasets/documents_2021_12_28/11anp_20211228_163945_2149456410_600_800.png,11anp_20211228_163945_2149456410_600_800_mask.png,-5432.1%
13,3,26,7,323,504,349,511,323,504,349,504,349,511,323,511,text,figure_text,figure_0,,,,11anp_20211228_163945_2149456410_600_800.png,/scratch/parceirosbr/bigoilict/share/BigOil/document_generator/datasets/documents_2021_12_28/11anp_20211228_163945_2149456410_600_800.png,11anp_20211228_163945_2149456410_600_800_mask.png,Speed ​​[v]
13,3,26,7,323,504,349,511,323,504,349,504,349,511,323,511,sub_line_text,figure_text,figure_0,,,,11anp_20211228_163945_2149456410_600_800.png,/scratch/parceirosbr/bigoilict/share/BigOil/document_generator/datasets/documents_2021_12_28/11anp_20211228_163945_2149456410_600_800.png,11anp_20211228_163945_2149456410_600_800_mask.png,Speed ​​[v]
10,2,21,5,199,450,220,455,199,450,220,450,220,455,199,455,text,figure_text,figure_0,,,,11anp_20211228_163945_2149456410_600_800.png,/scratch/parceirosbr/bigoilict/share/BigOil/document_generator/datasets/documents_2021_12_28/11anp_20211228_163945_2149456410_600_800.png,11anp_20211228_163945_2149456410_600_800_mask.png,-3731%
10,2,21,5,199,450,220,455,199,450,220,450,220,455,199,455,sub_line_text,figure_text,figure_0,,,,11anp_20211228_163945_2149456410_600_800.png,/scratch/parceirosbr/bigoilict/share/BigOil/document_generator/datasets/documents_2021_12_28/11anp_20211228_163945_2149456410_600_800.png,11anp_20211228_163945_2149456410_600_800_mask.png,-3731%
21,3,43,7,296,491,339,498,296,491,339,491,339,498,296,498,text,figure_text,figure_0,,,,11anp_20211228_163945_2149456410_600_800.png,/scratch/parceirosbr/bigoilict/share/BigOil/document_generator/datasets/documents_2021_12_28/11anp_20211228_163945_2149456410_600_800.png,11anp_20211228_163945_2149456410_600_800_mask.png,Processing [KB]
21,3,43,7,296,491,339,498,296,491,339,491,339,498,296,498,sub_line_text,figure_text,figure_0,,,,11anp_20211228_163945_2149456410_600_800.png,/scratch/parceirosbr/bigoilict/share/BigOil/document_generator/datasets/documents_2021_12_28/11anp_20211228_163945_2149456410_600_800.png,11anp_20211228_163945_2149456410_600_800_mask.png,Processing [KB]
13,2,26,5,302,521,328,526,302,521,328,521,328,526,302,526,text,figure_text,figure_0,,,,11anp_20211228_163945_2149456410_600_800.png,/scratch/parceirosbr/bigoilict/share/BigOil/document_generator/datasets/documents_2021_12_28/11anp_20211228_163945_2149456410_600_800.png,11anp_20211228_163945_2149456410_600_800_mask.png,-9937.7%
13,2,26,5,302,521,328,526,302,521,328,521,328,526,302,526,sub_line_text,figure_text,figure_0,,,,11anp_20211228_163945_2149456410_600_800.png,/scratch/parceirosbr/bigoilict/share/BigOil/document_generator/datasets/documents_2021_12_28/11anp_20211228_163945_2149456410_600_800.png,11anp_20211228_163945_2149456410_600_800_mask.png,-9937.7%
7,3,15,6,381,533,396,539,381,533,396,533,396,539,381,539,text,figure_text,figure_0,,,,11anp_20211228_163945_2149456410_600_800.png,/scratch/parceirosbr/bigoilict/share/BigOil/document_generator/datasets/documents_2021_12_28/11anp_20211228_163945_2149456410_600_800.png,11anp_20211228_163945_2149456410_600_800_mask.png,-1931
7,3,15,6,381,533,396,539,381,533,396,533,396,539,381,539,sub_line_text,figure_text,figure_0,,,,11anp_20211228_163945_2149456410_600_800.png,/scratch/parceirosbr/bigoilict/share/BigOil/document_generator/datasets/documents_2021_12_28/11anp_20211228_163945_2149456410_600_800.png,11anp_20211228_163945_2149456410_600_800_mask.png,-1931
17,3,34,7,228,532,262,539,228,532,262,532,262,539,228,539,text,figure_text,figure_0,,,,11anp_20211228_163945_2149456410_600_800.png,/scratch/parceirosbr/bigoilict/share/BigOil/document_generator/datasets/documents_2021_12_28/11anp_20211228_163945_2149456410_600_800.png,11anp_20211228_163945_2149456410_600_800_mask.png,Vaporization
17,3,34,7,228,532,262,539,228,532,262,532,262,539,228,539,sub_line_text,figure_text,figure_0,,,,11anp_20211228_163945_2149456410_600_800.png,/scratch/parceirosbr/bigoilict/share/BigOil/document_generator/datasets/documents_2021_12_28/11anp_20211228_163945_2149456410_600_800.png,11anp_20211228_163945_2149456410_600_800_mask.png,Vaporization
10,2,21,5,232,465,253,470,232,465,253,465,253,470,232,470,text,figure_text,figure_0,,,,11anp_20211228_163945_2149456410_600_800.png,/scratch/parceirosbr/bigoilict/share/BigOil/document_generator/datasets/documents_2021_12_28/11anp_20211228_163945_2149456410_600_800.png,11anp_20211228_163945_2149456410_600_800_mask.png,-3079.5
10,2,21,5,232,465,253,470,232,465,253,465,253,470,232,470,sub_line_text,figure_text,figure_0,,,,11anp_20211228_163945_2149456410_600_800.png,/scratch/parceirosbr/bigoilict/share/BigOil/document_generator/datasets/documents_2021_12_28/11anp_20211228_163945_2149456410_600_800.png,11anp_20211228_163945_2149456410_600_800_mask.png,-3079.5
18,3,36,7,367,468,403,475,367,468,403,468,403,475,367,475,text,figure_text,figure_0,,,,11anp_20211228_163945_2149456410_600_800.png,/scratch/parceirosbr/bigoilict/share/BigOil/document_generator/datasets/documents_2021_12_28/11anp_20211228_163945_2149456410_600_800.png,11anp_20211228_163945_2149456410_600_800_mask.png,Consumption
18,3,36,7,367,468,403,475,367,468,403,468,403,475,367,475,sub_line_text,figure_text,figure_0,,,,11anp_20211228_163945_2149456410_600_800.png,/scratch/parceirosbr/bigoilict/share/BigOil/document_generator/datasets/documents_2021_12_28/11anp_20211228_163945_2149456410_600_800.png,11anp_20211228_163945_2149456410_600_800_mask.png,Consumption
12,3,25,6,247,450,272,456,247,450,272,450,272,456,247,456,text,figure_text,figure_0,,,,11anp_20211228_163945_2149456410_600_800.png,/scratch/parceirosbr/bigoilict/share/BigOil/document_generator/datasets/documents_2021_12_28/11anp_20211228_163945_2149456410_600_800.png,11anp_20211228_163945_2149456410_600_800_mask.png,-9651.99
12,3,25,6,247,450,272,456,247,450,272,450,272,456,247,456,sub_line_text,figure_text,figure_0,,,,11anp_20211228_163945_2149456410_600_800.png,/scratch/parceirosbr/bigoilict/share/BigOil/document_generator/datasets/documents_2021_12_28/11anp_20211228_163945_2149456410_600_800.png,11anp_20211228_163945_2149456410_600_800_mask.png,-9651.99
234,5,469,11,82,571,551,582,82,571,551,571,551,582,82,582,sub_line_text,text,text_1,raleway,regular,9,11anp_20211228_163945_2149456410_600_800.png,/scratch/parceirosbr/bigoilict/share/BigOil/document_generator/datasets/documents_2021_12_28/11anp_20211228_163945_2149456410_600_800.png,11anp_20211228_163945_2149456410_600_800_mask.png,Para  projetar  e  otimizar  plantas  de  separação  do  biodiesel  via  rota  etílica  é  preciso  estudar  o  comportamen-
249,5,499,11,52,588,551,599,52,588,551,588,551,599,52,599,sub_line_text,text,text_1,raleway,regular,9,11anp_20211228_163945_2149456410_600_800.png,/scratch/parceirosbr/bigoilict/share/BigOil/document_generator/datasets/documents_2021_12_28/11anp_20211228_163945_2149456410_600_800.png,11anp_20211228_163945_2149456410_600_800_mask.png,"to   de   fases   do   sistemas   envolvidos  na  produção  de  biodiesel.  Pela  análise  dos  dados  obtidos,  et  al  consideraram"
249,5,498,11,52,605,550,616,52,605,550,605,550,616,52,616,sub_line_text,text,text_1,raleway,regular,9,11anp_20211228_163945_2149456410_600_800.png,/scratch/parceirosbr/bigoilict/share/BigOil/document_generator/datasets/documents_2021_12_28/11anp_20211228_163945_2149456410_600_800.png,11anp_20211228_163945_2149456410_600_800_mask.png,"que  as  pré-formas  com  tamanho  de  poro  entre  2  e  2,5  m  estão  no  limite  do que pode ser infiltrado com silício líquid-"
249,5,499,11,52,622,551,633,52,622,551,622,551,633,52,633,sub_line_text,text,text_1,raleway,regular,9,11anp_20211228_163945_2149456410_600_800.png,/scratch/parceirosbr/bigoilict/share/BigOil/document_generator/datasets/documents_2021_12_28/11anp_20211228_163945_2149456410_600_800.png,11anp_20211228_163945_2149456410_600_800_mask.png,"o.  Créditos  não  do  (Cadin),  o  pedido  do  novo  posto  será  negado.  Dedico  este  trabalho  a  criador de todas as coisas e"
249,5,498,11,52,639,550,650,52,639,550,639,550,650,52,650,sub_line_text,text,text_1,raleway,regular,9,11anp_20211228_163945_2149456410_600_800.png,/scratch/parceirosbr/bigoilict/share/BigOil/document_generator/datasets/documents_2021_12_28/11anp_20211228_163945_2149456410_600_800.png,11anp_20211228_163945_2149456410_600_800_mask.png,"a  minha  mãe  que  sempre  esteve  ao  meu  lado.  De  forma  geral,  para  a  produção  de  biodiesel  são necessários inves-"
249,5,499,11,52,656,551,667,52,656,551,656,551,667,52,667,sub_line_text,text,text_1,raleway,regular,9,11anp_20211228_163945_2149456410_600_800.png,/scratch/parceirosbr/bigoilict/share/BigOil/document_generator/datasets/documents_2021_12_28/11anp_20211228_163945_2149456410_600_800.png,11anp_20211228_163945_2149456410_600_800_mask.png,"timentos   em   outras   fontes   (cultura   vegetal  tradicional  ou  algas),  preferencialmente  que  não  sejam  destinadas  a  al-"
233,5,467,11,52,673,519,684,52,673,519,673,519,684,52,684,sub_line_text,text,text_1,raleway,regular,9,11anp_20211228_163945_2149456410_600_800.png,/scratch/parceirosbr/bigoilict/share/BigOil/document_generator/datasets/documents_2021_12_28/11anp_20211228_163945_2149456410_600_800.png,11anp_20211228_163945_2149456410_600_800_mask.png,"imentos, a fim de minimizar qualquer possibilidade da produção de biodiesel afetar, de alguma maneira, os preços."
249,56,499,113,52,571,551,684,52,571,551,571,551,684,52,684,text,text,text_1,raleway,regular,9,11anp_20211228_163945_2149456410_600_800.png,/scratch/parceirosbr/bigoilict/share/BigOil/document_generator/datasets/documents_2021_12_28/11anp_20211228_163945_2149456410_600_800.png,11anp_20211228_163945_2149456410_600_800_mask.png,nan
222,5,445,11,82,690,527,701,82,690,527,690,527,701,82,701,sub_line_text,text,text_2,raleway,regular,9,11anp_20211228_163945_2149456410_600_800.png,/scratch/parceirosbr/bigoilict/share/BigOil/document_generator/datasets/documents_2021_12_28/11anp_20211228_163945_2149456410_600_800.png,11anp_20211228_163945_2149456410_600_800_mask.png,"Assim, nos compostos do tipo hidrotalcita, o cátion trivalente passa a substituir os cátions divalentes na lamela."
222,5,445,11,82,690,527,701,82,690,527,690,527,701,82,701,text,text,text_2,raleway,regular,9,11anp_20211228_163945_2149456410_600_800.png,/scratch/parceirosbr/bigoilict/share/BigOil/document_generator/datasets/documents_2021_12_28/11anp_20211228_163945_2149456410_600_800.png,11anp_20211228_163945_2149456410_600_800_mask.png,nan
