center_x,center_y,width,height,xmin,ymin,xmax,ymax,top_left_x,top_left_y,top_right_x,top_right_y,bottom_right_x,bottom_right_y,bottom_left_x,bottom_left_y,label,grouplabel,group,text_font,text_style,size_font,filename,path,filename_mask,content
300,400,600,800,0,0,600,800,0,0,600,0,600,800,0,800,document,,,,,,11anp_20211228_163942_4635656998_600_800.png,/scratch/parceirosbr/bigoilict/share/BigOil/document_generator/datasets/documents_2021_12_28/11anp_20211228_163942_4635656998_600_800.png,11anp_20211228_163942_4635656998_600_800_mask.png,
258,1,516,2,43,112,559,114,43,112,559,112,559,114,43,114,line,line,line,,,,11anp_20211228_163942_4635656998_600_800.png,/scratch/parceirosbr/bigoilict/share/BigOil/document_generator/datasets/documents_2021_12_28/11anp_20211228_163942_4635656998_600_800.png,11anp_20211228_163942_4635656998_600_800_mask.png,nan
16,8,32,16,525,73,557,89,525,73,557,73,557,89,525,89,sub_line_text,header,header_1,arial,bold,14,11anp_20211228_163942_4635656998_600_800.png,/scratch/parceirosbr/bigoilict/share/BigOil/document_generator/datasets/documents_2021_12_28/11anp_20211228_163942_4635656998_600_800.png,11anp_20211228_163942_4635656998_600_800_mask.png,1998
16,8,32,16,525,73,557,89,525,73,557,73,557,89,525,89,text,header,header_1,arial,bold,14,11anp_20211228_163942_4635656998_600_800.png,/scratch/parceirosbr/bigoilict/share/BigOil/document_generator/datasets/documents_2021_12_28/11anp_20211228_163942_4635656998_600_800.png,11anp_20211228_163942_4635656998_600_800_mask.png,nan
74,8,148,16,361,73,509,89,361,73,509,73,509,89,361,89,sub_line_text,header,header_1,arial,bold,14,11anp_20211228_163942_4635656998_600_800.png,/scratch/parceirosbr/bigoilict/share/BigOil/document_generator/datasets/documents_2021_12_28/11anp_20211228_163942_4635656998_600_800.png,11anp_20211228_163942_4635656998_600_800_mask.png,"Conforme observado,"
74,8,148,16,361,73,509,89,361,73,509,73,509,89,361,89,text,header,header_1,arial,bold,14,11anp_20211228_163942_4635656998_600_800.png,/scratch/parceirosbr/bigoilict/share/BigOil/document_generator/datasets/documents_2021_12_28/11anp_20211228_163942_4635656998_600_800.png,11anp_20211228_163942_4635656998_600_800_mask.png,nan
31,16,62,32,76,73,138,105,76,73,138,73,138,105,76,105,image,image,image,,,,11anp_20211228_163942_4635656998_600_800.png,/scratch/parceirosbr/bigoilict/share/BigOil/document_generator/datasets/documents_2021_12_28/11anp_20211228_163942_4635656998_600_800.png,11anp_20211228_163942_4635656998_600_800_mask.png,/scratch/parceirosbr/bigoilict/share/BigOil/document_generator/files_images_document_generator/logos\image_53.jpg
151,90,302,180,149,121,451,301,149,121,451,121,451,301,149,301,image,figure_image,figure_0,,,,11anp_20211228_163942_4635656998_600_800.png,/scratch/parceirosbr/bigoilict/share/BigOil/document_generator/datasets/documents_2021_12_28/11anp_20211228_163942_4635656998_600_800.png,11anp_20211228_163942_4635656998_600_800_mask.png,output/gen_img_20211228_163943_5371571179.png
11,2,22,5,215,278,237,283,215,277,238,278,237,285,215,283,text,figure_text,figure_0,,,,11anp_20211228_163942_4635656998_600_800.png,/scratch/parceirosbr/bigoilict/share/BigOil/document_generator/datasets/documents_2021_12_28/11anp_20211228_163942_4635656998_600_800.png,11anp_20211228_163942_4635656998_600_800_mask.png,-2698.7
11,2,22,5,215,278,237,283,215,277,238,278,237,285,215,283,sub_line_text,figure_text,figure_0,,,,11anp_20211228_163942_4635656998_600_800.png,/scratch/parceirosbr/bigoilict/share/BigOil/document_generator/datasets/documents_2021_12_28/11anp_20211228_163942_4635656998_600_800.png,11anp_20211228_163942_4635656998_600_800_mask.png,-2698.7
16,10,32,21,255,183,287,204,255,199,284,183,287,188,258,204,text,figure_text,figure_0,,,,11anp_20211228_163942_4635656998_600_800.png,/scratch/parceirosbr/bigoilict/share/BigOil/document_generator/datasets/documents_2021_12_28/11anp_20211228_163942_4635656998_600_800.png,11anp_20211228_163942_4635656998_600_800_mask.png,-7373.50%
16,10,32,21,255,183,287,204,255,199,284,183,287,188,258,204,sub_line_text,figure_text,figure_0,,,,11anp_20211228_163942_4635656998_600_800.png,/scratch/parceirosbr/bigoilict/share/BigOil/document_generator/datasets/documents_2021_12_28/11anp_20211228_163942_4635656998_600_800.png,11anp_20211228_163942_4635656998_600_800_mask.png,-7373.50%
12,10,25,20,396,219,421,239,396,234,418,219,421,224,399,239,text,figure_text,figure_0,,,,11anp_20211228_163942_4635656998_600_800.png,/scratch/parceirosbr/bigoilict/share/BigOil/document_generator/datasets/documents_2021_12_28/11anp_20211228_163942_4635656998_600_800.png,11anp_20211228_163942_4635656998_600_800_mask.png,-169.829
12,10,25,20,396,219,421,239,396,234,418,219,421,224,399,239,sub_line_text,figure_text,figure_0,,,,11anp_20211228_163942_4635656998_600_800.png,/scratch/parceirosbr/bigoilict/share/BigOil/document_generator/datasets/documents_2021_12_28/11anp_20211228_163942_4635656998_600_800.png,11anp_20211228_163942_4635656998_600_800_mask.png,-169.829
14,1,28,3,320,262,348,265,320,259,349,262,348,268,320,265,text,figure_text,figure_0,,,,11anp_20211228_163942_4635656998_600_800.png,/scratch/parceirosbr/bigoilict/share/BigOil/document_generator/datasets/documents_2021_12_28/11anp_20211228_163942_4635656998_600_800.png,11anp_20211228_163942_4635656998_600_800_mask.png,-1241.3%
14,1,28,3,320,262,348,265,320,259,349,262,348,268,320,265,sub_line_text,figure_text,figure_0,,,,11anp_20211228_163942_4635656998_600_800.png,/scratch/parceirosbr/bigoilict/share/BigOil/document_generator/datasets/documents_2021_12_28/11anp_20211228_163942_4635656998_600_800.png,11anp_20211228_163942_4635656998_600_800_mask.png,-1241.3%
22,15,45,30,214,234,259,264,214,257,256,234,259,241,218,264,text,figure_text,figure_0,,,,11anp_20211228_163942_4635656998_600_800.png,/scratch/parceirosbr/bigoilict/share/BigOil/document_generator/datasets/documents_2021_12_28/11anp_20211228_163942_4635656998_600_800.png,11anp_20211228_163942_4635656998_600_800_mask.png,Processing [KB]
22,15,45,30,214,234,259,264,214,257,256,234,259,241,218,264,sub_line_text,figure_text,figure_0,,,,11anp_20211228_163942_4635656998_600_800.png,/scratch/parceirosbr/bigoilict/share/BigOil/document_generator/datasets/documents_2021_12_28/11anp_20211228_163942_4635656998_600_800.png,11anp_20211228_163942_4635656998_600_800_mask.png,Processing [KB]
16,8,33,17,289,273,322,290,289,285,320,273,322,279,291,290,text,figure_text,figure_0,,,,11anp_20211228_163942_4635656998_600_800.png,/scratch/parceirosbr/bigoilict/share/BigOil/document_generator/datasets/documents_2021_12_28/11anp_20211228_163942_4635656998_600_800.png,11anp_20211228_163942_4635656998_600_800_mask.png,-9410.36%
16,8,33,17,289,273,322,290,289,285,320,273,322,279,291,290,sub_line_text,figure_text,figure_0,,,,11anp_20211228_163942_4635656998_600_800.png,/scratch/parceirosbr/bigoilict/share/BigOil/document_generator/datasets/documents_2021_12_28/11anp_20211228_163942_4635656998_600_800.png,11anp_20211228_163942_4635656998_600_800_mask.png,-9410.36%
15,2,30,4,193,214,223,218,193,212,224,214,223,221,193,218,text,figure_text,figure_0,,,,11anp_20211228_163942_4635656998_600_800.png,/scratch/parceirosbr/bigoilict/share/BigOil/document_generator/datasets/documents_2021_12_28/11anp_20211228_163942_4635656998_600_800.png,11anp_20211228_163942_4635656998_600_800_mask.png,-8026.658
15,2,30,4,193,214,223,218,193,212,224,214,223,221,193,218,sub_line_text,figure_text,figure_0,,,,11anp_20211228_163942_4635656998_600_800.png,/scratch/parceirosbr/bigoilict/share/BigOil/document_generator/datasets/documents_2021_12_28/11anp_20211228_163942_4635656998_600_800.png,11anp_20211228_163942_4635656998_600_800_mask.png,-8026.658
13,12,26,25,355,260,381,285,355,279,376,260,381,266,360,285,text,figure_text,figure_0,,,,11anp_20211228_163942_4635656998_600_800.png,/scratch/parceirosbr/bigoilict/share/BigOil/document_generator/datasets/documents_2021_12_28/11anp_20211228_163942_4635656998_600_800.png,11anp_20211228_163942_4635656998_600_800_mask.png,Level [kl]
13,12,26,25,355,260,381,285,355,279,376,260,381,266,360,285,sub_line_text,figure_text,figure_0,,,,11anp_20211228_163942_4635656998_600_800.png,/scratch/parceirosbr/bigoilict/share/BigOil/document_generator/datasets/documents_2021_12_28/11anp_20211228_163942_4635656998_600_800.png,11anp_20211228_163942_4635656998_600_800_mask.png,Level [kl]
12,11,24,23,197,182,221,205,197,201,216,182,221,186,201,205,text,figure_text,figure_0,,,,11anp_20211228_163942_4635656998_600_800.png,/scratch/parceirosbr/bigoilict/share/BigOil/document_generator/datasets/documents_2021_12_28/11anp_20211228_163942_4635656998_600_800.png,11anp_20211228_163942_4635656998_600_800_mask.png,-3428.37
12,11,24,23,197,182,221,205,197,201,216,182,221,186,201,205,sub_line_text,figure_text,figure_0,,,,11anp_20211228_163942_4635656998_600_800.png,/scratch/parceirosbr/bigoilict/share/BigOil/document_generator/datasets/documents_2021_12_28/11anp_20211228_163942_4635656998_600_800.png,11anp_20211228_163942_4635656998_600_800_mask.png,-3428.37
23,10,46,21,235,154,281,175,235,167,279,154,281,162,237,175,text,figure_text,figure_0,,,,11anp_20211228_163942_4635656998_600_800.png,/scratch/parceirosbr/bigoilict/share/BigOil/document_generator/datasets/documents_2021_12_28/11anp_20211228_163942_4635656998_600_800.png,11anp_20211228_163942_4635656998_600_800_mask.png,Frequency (Hz)
23,10,46,21,235,154,281,175,235,167,279,154,281,162,237,175,sub_line_text,figure_text,figure_0,,,,11anp_20211228_163942_4635656998_600_800.png,/scratch/parceirosbr/bigoilict/share/BigOil/document_generator/datasets/documents_2021_12_28/11anp_20211228_163942_4635656998_600_800.png,11anp_20211228_163942_4635656998_600_800_mask.png,Frequency (Hz)
14,13,28,27,277,240,305,267,277,263,301,240,305,244,281,267,text,figure_text,figure_0,,,,11anp_20211228_163942_4635656998_600_800.png,/scratch/parceirosbr/bigoilict/share/BigOil/document_generator/datasets/documents_2021_12_28/11anp_20211228_163942_4635656998_600_800.png,11anp_20211228_163942_4635656998_600_800_mask.png,-3073.21%
14,13,28,27,277,240,305,267,277,263,301,240,305,244,281,267,sub_line_text,figure_text,figure_0,,,,11anp_20211228_163942_4635656998_600_800.png,/scratch/parceirosbr/bigoilict/share/BigOil/document_generator/datasets/documents_2021_12_28/11anp_20211228_163942_4635656998_600_800.png,11anp_20211228_163942_4635656998_600_800_mask.png,-3073.21%
13,15,27,31,350,204,377,235,350,231,371,204,377,209,356,235,text,figure_text,figure_0,,,,11anp_20211228_163942_4635656998_600_800.png,/scratch/parceirosbr/bigoilict/share/BigOil/document_generator/datasets/documents_2021_12_28/11anp_20211228_163942_4635656998_600_800.png,11anp_20211228_163942_4635656998_600_800_mask.png,Water [ML]
13,15,27,31,350,204,377,235,350,231,371,204,377,209,356,235,sub_line_text,figure_text,figure_0,,,,11anp_20211228_163942_4635656998_600_800.png,/scratch/parceirosbr/bigoilict/share/BigOil/document_generator/datasets/documents_2021_12_28/11anp_20211228_163942_4635656998_600_800.png,11anp_20211228_163942_4635656998_600_800_mask.png,Water [ML]
19,12,39,25,297,186,336,211,297,205,333,186,336,192,300,211,text,figure_text,figure_0,,,,11anp_20211228_163942_4635656998_600_800.png,/scratch/parceirosbr/bigoilict/share/BigOil/document_generator/datasets/documents_2021_12_28/11anp_20211228_163942_4635656998_600_800.png,11anp_20211228_163942_4635656998_600_800_mask.png,Concentration
19,12,39,25,297,186,336,211,297,205,333,186,336,192,300,211,sub_line_text,figure_text,figure_0,,,,11anp_20211228_163942_4635656998_600_800.png,/scratch/parceirosbr/bigoilict/share/BigOil/document_generator/datasets/documents_2021_12_28/11anp_20211228_163942_4635656998_600_800.png,11anp_20211228_163942_4635656998_600_800_mask.png,Concentration
12,7,24,15,312,167,336,182,312,176,334,167,336,173,315,182,text,figure_text,figure_0,,,,11anp_20211228_163942_4635656998_600_800.png,/scratch/parceirosbr/bigoilict/share/BigOil/document_generator/datasets/documents_2021_12_28/11anp_20211228_163942_4635656998_600_800.png,11anp_20211228_163942_4635656998_600_800_mask.png,-8398%
12,7,24,15,312,167,336,182,312,176,334,167,336,173,315,182,sub_line_text,figure_text,figure_0,,,,11anp_20211228_163942_4635656998_600_800.png,/scratch/parceirosbr/bigoilict/share/BigOil/document_generator/datasets/documents_2021_12_28/11anp_20211228_163942_4635656998_600_800.png,11anp_20211228_163942_4635656998_600_800_mask.png,-8398%
14,8,29,16,155,230,184,246,155,241,182,230,184,236,157,246,text,figure_text,figure_0,,,,11anp_20211228_163942_4635656998_600_800.png,/scratch/parceirosbr/bigoilict/share/BigOil/document_generator/datasets/documents_2021_12_28/11anp_20211228_163942_4635656998_600_800.png,11anp_20211228_163942_4635656998_600_800_mask.png,-1567.7%
14,8,29,16,155,230,184,246,155,241,182,230,184,236,157,246,sub_line_text,figure_text,figure_0,,,,11anp_20211228_163942_4635656998_600_800.png,/scratch/parceirosbr/bigoilict/share/BigOil/document_generator/datasets/documents_2021_12_28/11anp_20211228_163942_4635656998_600_800.png,11anp_20211228_163942_4635656998_600_800_mask.png,-1567.7%
9,6,19,12,282,152,301,164,282,159,298,152,301,158,284,164,text,figure_text,figure_0,,,,11anp_20211228_163942_4635656998_600_800.png,/scratch/parceirosbr/bigoilict/share/BigOil/document_generator/datasets/documents_2021_12_28/11anp_20211228_163942_4635656998_600_800.png,11anp_20211228_163942_4635656998_600_800_mask.png,-8025
9,6,19,12,282,152,301,164,282,159,298,152,301,158,284,164,sub_line_text,figure_text,figure_0,,,,11anp_20211228_163942_4635656998_600_800.png,/scratch/parceirosbr/bigoilict/share/BigOil/document_generator/datasets/documents_2021_12_28/11anp_20211228_163942_4635656998_600_800.png,11anp_20211228_163942_4635656998_600_800_mask.png,-8025
11,9,22,19,249,267,271,286,249,281,267,267,271,272,253,286,text,figure_text,figure_0,,,,11anp_20211228_163942_4635656998_600_800.png,/scratch/parceirosbr/bigoilict/share/BigOil/document_generator/datasets/documents_2021_12_28/11anp_20211228_163942_4635656998_600_800.png,11anp_20211228_163942_4635656998_600_800_mask.png,-9044.0
11,9,22,19,249,267,271,286,249,281,267,267,271,272,253,286,sub_line_text,figure_text,figure_0,,,,11anp_20211228_163942_4635656998_600_800.png,/scratch/parceirosbr/bigoilict/share/BigOil/document_generator/datasets/documents_2021_12_28/11anp_20211228_163942_4635656998_600_800.png,11anp_20211228_163942_4635656998_600_800_mask.png,-9044.0
11,12,23,25,424,148,447,173,424,169,442,148,447,152,429,173,text,figure_text,figure_0,,,,11anp_20211228_163942_4635656998_600_800.png,/scratch/parceirosbr/bigoilict/share/BigOil/document_generator/datasets/documents_2021_12_28/11anp_20211228_163942_4635656998_600_800.png,11anp_20211228_163942_4635656998_600_800_mask.png,-8687.52
11,12,23,25,424,148,447,173,424,169,442,148,447,152,429,173,sub_line_text,figure_text,figure_0,,,,11anp_20211228_163942_4635656998_600_800.png,/scratch/parceirosbr/bigoilict/share/BigOil/document_generator/datasets/documents_2021_12_28/11anp_20211228_163942_4635656998_600_800.png,11anp_20211228_163942_4635656998_600_800_mask.png,-8687.52
11,3,23,7,151,162,174,169,151,163,174,162,174,168,152,169,text,figure_text,figure_0,,,,11anp_20211228_163942_4635656998_600_800.png,/scratch/parceirosbr/bigoilict/share/BigOil/document_generator/datasets/documents_2021_12_28/11anp_20211228_163942_4635656998_600_800.png,11anp_20211228_163942_4635656998_600_800_mask.png,-3761.0
11,3,23,7,151,162,174,169,151,163,174,162,174,168,152,169,sub_line_text,figure_text,figure_0,,,,11anp_20211228_163942_4635656998_600_800.png,/scratch/parceirosbr/bigoilict/share/BigOil/document_generator/datasets/documents_2021_12_28/11anp_20211228_163942_4635656998_600_800.png,11anp_20211228_163942_4635656998_600_800_mask.png,-3761.0
24,12,49,24,395,256,444,280,395,273,442,256,444,263,397,280,text,figure_text,figure_0,,,,11anp_20211228_163942_4635656998_600_800.png,/scratch/parceirosbr/bigoilict/share/BigOil/document_generator/datasets/documents_2021_12_28/11anp_20211228_163942_4635656998_600_800.png,11anp_20211228_163942_4635656998_600_800_mask.png,Temperature [a.c]
24,12,49,24,395,256,444,280,395,273,442,256,444,263,397,280,sub_line_text,figure_text,figure_0,,,,11anp_20211228_163942_4635656998_600_800.png,/scratch/parceirosbr/bigoilict/share/BigOil/document_generator/datasets/documents_2021_12_28/11anp_20211228_163942_4635656998_600_800.png,11anp_20211228_163942_4635656998_600_800_mask.png,Temperature [a.c]
8,2,17,5,330,246,347,251,330,245,347,246,347,252,330,251,text,figure_text,figure_0,,,,11anp_20211228_163942_4635656998_600_800.png,/scratch/parceirosbr/bigoilict/share/BigOil/document_generator/datasets/documents_2021_12_28/11anp_20211228_163942_4635656998_600_800.png,11anp_20211228_163942_4635656998_600_800_mask.png,-6845
8,2,17,5,330,246,347,251,330,245,347,246,347,252,330,251,sub_line_text,figure_text,figure_0,,,,11anp_20211228_163942_4635656998_600_800.png,/scratch/parceirosbr/bigoilict/share/BigOil/document_generator/datasets/documents_2021_12_28/11anp_20211228_163942_4635656998_600_800.png,11anp_20211228_163942_4635656998_600_800_mask.png,-6845
12,7,24,15,324,283,348,298,324,291,345,283,348,290,327,298,text,figure_text,figure_0,,,,11anp_20211228_163942_4635656998_600_800.png,/scratch/parceirosbr/bigoilict/share/BigOil/document_generator/datasets/documents_2021_12_28/11anp_20211228_163942_4635656998_600_800.png,11anp_20211228_163942_4635656998_600_800_mask.png,Voltage
12,7,24,15,324,283,348,298,324,291,345,283,348,290,327,298,sub_line_text,figure_text,figure_0,,,,11anp_20211228_163942_4635656998_600_800.png,/scratch/parceirosbr/bigoilict/share/BigOil/document_generator/datasets/documents_2021_12_28/11anp_20211228_163942_4635656998_600_800.png,11anp_20211228_163942_4635656998_600_800_mask.png,Voltage
7,4,14,9,432,209,446,218,432,212,444,209,446,215,433,218,text,figure_text,figure_0,,,,11anp_20211228_163942_4635656998_600_800.png,/scratch/parceirosbr/bigoilict/share/BigOil/document_generator/datasets/documents_2021_12_28/11anp_20211228_163942_4635656998_600_800.png,11anp_20211228_163942_4635656998_600_800_mask.png,Unit
7,4,14,9,432,209,446,218,432,212,444,209,446,215,433,218,sub_line_text,figure_text,figure_0,,,,11anp_20211228_163942_4635656998_600_800.png,/scratch/parceirosbr/bigoilict/share/BigOil/document_generator/datasets/documents_2021_12_28/11anp_20211228_163942_4635656998_600_800.png,11anp_20211228_163942_4635656998_600_800_mask.png,Unit
12,13,25,26,201,124,226,150,201,144,220,124,226,129,207,150,text,figure_text,figure_0,,,,11anp_20211228_163942_4635656998_600_800.png,/scratch/parceirosbr/bigoilict/share/BigOil/document_generator/datasets/documents_2021_12_28/11anp_20211228_163942_4635656998_600_800.png,11anp_20211228_163942_4635656998_600_800_mask.png,Speed ​​(v)
12,13,25,26,201,124,226,150,201,144,220,124,226,129,207,150,sub_line_text,figure_text,figure_0,,,,11anp_20211228_163942_4635656998_600_800.png,/scratch/parceirosbr/bigoilict/share/BigOil/document_generator/datasets/documents_2021_12_28/11anp_20211228_163942_4635656998_600_800.png,11anp_20211228_163942_4635656998_600_800_mask.png,Speed ​​(v)
15,15,30,31,390,185,420,216,390,211,415,185,420,190,396,216,text,figure_text,figure_0,,,,11anp_20211228_163942_4635656998_600_800.png,/scratch/parceirosbr/bigoilict/share/BigOil/document_generator/datasets/documents_2021_12_28/11anp_20211228_163942_4635656998_600_800.png,11anp_20211228_163942_4635656998_600_800_mask.png,Liters (MM)
15,15,30,31,390,185,420,216,390,211,415,185,420,190,396,216,sub_line_text,figure_text,figure_0,,,,11anp_20211228_163942_4635656998_600_800.png,/scratch/parceirosbr/bigoilict/share/BigOil/document_generator/datasets/documents_2021_12_28/11anp_20211228_163942_4635656998_600_800.png,11anp_20211228_163942_4635656998_600_800_mask.png,Liters (MM)
13,4,27,8,184,156,211,164,184,158,211,156,211,163,184,164,text,figure_text,figure_0,,,,11anp_20211228_163942_4635656998_600_800.png,/scratch/parceirosbr/bigoilict/share/BigOil/document_generator/datasets/documents_2021_12_28/11anp_20211228_163942_4635656998_600_800.png,11anp_20211228_163942_4635656998_600_800_mask.png,958.36%
13,4,27,8,184,156,211,164,184,158,211,156,211,163,184,164,sub_line_text,figure_text,figure_0,,,,11anp_20211228_163942_4635656998_600_800.png,/scratch/parceirosbr/bigoilict/share/BigOil/document_generator/datasets/documents_2021_12_28/11anp_20211228_163942_4635656998_600_800.png,11anp_20211228_163942_4635656998_600_800_mask.png,958.36%
17,8,35,17,340,159,375,176,340,168,373,159,375,167,342,176,text,figure_text,figure_0,,,,11anp_20211228_163942_4635656998_600_800.png,/scratch/parceirosbr/bigoilict/share/BigOil/document_generator/datasets/documents_2021_12_28/11anp_20211228_163942_4635656998_600_800.png,11anp_20211228_163942_4635656998_600_800_mask.png,Experiment
17,8,35,17,340,159,375,176,340,168,373,159,375,167,342,176,sub_line_text,figure_text,figure_0,,,,11anp_20211228_163942_4635656998_600_800.png,/scratch/parceirosbr/bigoilict/share/BigOil/document_generator/datasets/documents_2021_12_28/11anp_20211228_163942_4635656998_600_800.png,11anp_20211228_163942_4635656998_600_800_mask.png,Experiment
11,10,22,20,160,209,182,229,160,224,178,209,182,214,164,229,text,figure_text,figure_0,,,,11anp_20211228_163942_4635656998_600_800.png,/scratch/parceirosbr/bigoilict/share/BigOil/document_generator/datasets/documents_2021_12_28/11anp_20211228_163942_4635656998_600_800.png,11anp_20211228_163942_4635656998_600_800_mask.png,418.8%
11,10,22,20,160,209,182,229,160,224,178,209,182,214,164,229,sub_line_text,figure_text,figure_0,,,,11anp_20211228_163942_4635656998_600_800.png,/scratch/parceirosbr/bigoilict/share/BigOil/document_generator/datasets/documents_2021_12_28/11anp_20211228_163942_4635656998_600_800.png,11anp_20211228_163942_4635656998_600_800_mask.png,418.8%
15,12,31,24,167,254,198,278,167,272,193,254,198,261,171,278,text,figure_text,figure_0,,,,11anp_20211228_163942_4635656998_600_800.png,/scratch/parceirosbr/bigoilict/share/BigOil/document_generator/datasets/documents_2021_12_28/11anp_20211228_163942_4635656998_600_800.png,11anp_20211228_163942_4635656998_600_800_mask.png,Probability
15,12,31,24,167,254,198,278,167,272,193,254,198,261,171,278,sub_line_text,figure_text,figure_0,,,,11anp_20211228_163942_4635656998_600_800.png,/scratch/parceirosbr/bigoilict/share/BigOil/document_generator/datasets/documents_2021_12_28/11anp_20211228_163942_4635656998_600_800.png,11anp_20211228_163942_4635656998_600_800_mask.png,Probability
11,5,23,10,189,232,212,242,189,235,211,232,212,238,189,242,text,figure_text,figure_0,,,,11anp_20211228_163942_4635656998_600_800.png,/scratch/parceirosbr/bigoilict/share/BigOil/document_generator/datasets/documents_2021_12_28/11anp_20211228_163942_4635656998_600_800.png,11anp_20211228_163942_4635656998_600_800_mask.png,-3807.9
11,5,23,10,189,232,212,242,189,235,211,232,212,238,189,242,sub_line_text,figure_text,figure_0,,,,11anp_20211228_163942_4635656998_600_800.png,/scratch/parceirosbr/bigoilict/share/BigOil/document_generator/datasets/documents_2021_12_28/11anp_20211228_163942_4635656998_600_800.png,11anp_20211228_163942_4635656998_600_800_mask.png,-3807.9
219,3,439,7,43,306,482,313,43,306,482,306,482,313,43,313,sub_line_text,figure_legend,figure_0,arial,bold,6,11anp_20211228_163942_4635656998_600_800.png,/scratch/parceirosbr/bigoilict/share/BigOil/document_generator/datasets/documents_2021_12_28/11anp_20211228_163942_4635656998_600_800.png,11anp_20211228_163942_4635656998_600_800_mask.png,"Fig.   41:     água  e  sedimentos,  para  o  óleo  diesel  ou  teor  de  água  e  contaminação  total,  para  o  óleo  diesel  produto  será  reprovado  caso"
168,3,336,7,43,317,379,324,43,317,379,317,379,324,43,324,sub_line_text,figure_legend,figure_0,arial,bold,6,11anp_20211228_163942_4635656998_600_800.png,/scratch/parceirosbr/bigoilict/share/BigOil/document_generator/datasets/documents_2021_12_28/11anp_20211228_163942_4635656998_600_800.png,11anp_20211228_163942_4635656998_600_800_mask.png,pelo menos um desses dois últimos parâmetros esteja fora de especificação. 21. permitem mudanças nos parâmetros
219,9,439,18,43,306,482,324,43,306,482,306,482,324,43,324,text,figure_legend,figure_0,arial,bold,6,11anp_20211228_163942_4635656998_600_800.png,/scratch/parceirosbr/bigoilict/share/BigOil/document_generator/datasets/documents_2021_12_28/11anp_20211228_163942_4635656998_600_800.png,11anp_20211228_163942_4635656998_600_800_mask.png,nan
240,4,481,8,73,330,554,338,73,330,554,330,554,338,73,338,sub_line_text,text,text_0,arial,regular,7,11anp_20211228_163942_4635656998_600_800.png,/scratch/parceirosbr/bigoilict/share/BigOil/document_generator/datasets/documents_2021_12_28/11anp_20211228_163942_4635656998_600_800.png,11anp_20211228_163942_4635656998_600_800_mask.png,Notas:  1.  em  31/12  dos  anos  de  referência.  2. retificados pela 3. relação aos dados de reserva do ver em item sobre Reservas de e. O aporte da
255,4,510,8,43,342,553,350,43,342,553,342,553,350,43,350,sub_line_text,text,text_0,arial,regular,7,11anp_20211228_163942_4635656998_600_800.png,/scratch/parceirosbr/bigoilict/share/BigOil/document_generator/datasets/documents_2021_12_28/11anp_20211228_163942_4635656998_600_800.png,11anp_20211228_163942_4635656998_600_800_mask.png,no  valor  de  70  milhões  destinou-se  à  cobertura de parte dos custos de aquisição do e sistemas básicos de navegação e foi objeto de autorização prévia
255,4,510,8,43,354,553,362,43,354,553,354,553,362,43,362,sub_line_text,text,text_0,arial,regular,7,11anp_20211228_163942_4635656998_600_800.png,/scratch/parceirosbr/bigoilict/share/BigOil/document_generator/datasets/documents_2021_12_28/11anp_20211228_163942_4635656998_600_800.png,11anp_20211228_163942_4635656998_600_800_mask.png,da  para  fins  de  utilização  dos  recursos  de em agosto de 2012. O biodiesel de palma utilizado nos experimentos foi produzido a partir do óleo de palma r-
255,4,510,8,43,366,553,374,43,366,553,366,553,374,43,374,sub_line_text,text,text_0,arial,regular,7,11anp_20211228_163942_4635656998_600_800.png,/scratch/parceirosbr/bigoilict/share/BigOil/document_generator/datasets/documents_2021_12_28/11anp_20211228_163942_4635656998_600_800.png,11anp_20211228_163942_4635656998_600_800_mask.png,"efinado,  adquirido  através  da  no  de  da. Conforme pode ser visto ao longo do presente trabalho, uma maior inserção de fontes renováveis nos sistemas e-"
255,4,510,8,43,378,553,386,43,378,553,378,553,386,43,386,sub_line_text,text,text_0,arial,regular,7,11anp_20211228_163942_4635656998_600_800.png,/scratch/parceirosbr/bigoilict/share/BigOil/document_generator/datasets/documents_2021_12_28/11anp_20211228_163942_4635656998_600_800.png,11anp_20211228_163942_4635656998_600_800_mask.png,"létricos  dos  países  requer  adaptações  que  possam  garantir sua confiabilidade, uma vez que fontes de energia tais como solar e eólica são intermitentes"
255,4,510,8,43,390,553,398,43,390,553,390,553,398,43,398,sub_line_text,text,text_0,arial,regular,7,11anp_20211228_163942_4635656998_600_800.png,/scratch/parceirosbr/bigoilict/share/BigOil/document_generator/datasets/documents_2021_12_28/11anp_20211228_163942_4635656998_600_800.png,11anp_20211228_163942_4635656998_600_800_mask.png,"por  natureza,  não  se  constituindo  em  energia  firme. Como operadora, a produção da de petróleo e gás natural representou, respecti-vamente, 91,1% e 92-"
255,4,510,8,43,402,553,410,43,402,553,402,553,410,43,410,sub_line_text,text,text_0,arial,regular,7,11anp_20211228_163942_4635656998_600_800.png,/scratch/parceirosbr/bigoilict/share/BigOil/document_generator/datasets/documents_2021_12_28/11anp_20211228_163942_4635656998_600_800.png,11anp_20211228_163942_4635656998_600_800_mask.png,",2%  (contra  93,1%  e  92,2%  em  2013) da produção nacional.76. Não incluem período considerado, houve produção de gasolina em refi narias, centrais pe-"
249,4,499,8,43,414,542,422,43,414,542,414,542,422,43,422,sub_line_text,text,text_0,arial,regular,7,11anp_20211228_163942_4635656998_600_800.png,/scratch/parceirosbr/bigoilict/share/BigOil/document_generator/datasets/documents_2021_12_28/11anp_20211228_163942_4635656998_600_800.png,11anp_20211228_163942_4635656998_600_800_mask.png,"troquímicas e outros produtores.110. Note-se que, embora nossa história econômica tenha um paralelo com a experiência europeia (campeões nacionais."
255,46,511,92,43,330,554,422,43,330,554,330,554,422,43,422,text,text,text_0,arial,regular,7,11anp_20211228_163942_4635656998_600_800.png,/scratch/parceirosbr/bigoilict/share/BigOil/document_generator/datasets/documents_2021_12_28/11anp_20211228_163942_4635656998_600_800.png,11anp_20211228_163942_4635656998_600_800_mask.png,nan
243,112,487,225,56,428,543,653,56,428,543,428,543,653,56,653,table,table_image,table_0,,,,11anp_20211228_163942_4635656998_600_800.png,/scratch/parceirosbr/bigoilict/share/BigOil/document_generator/datasets/documents_2021_12_28/11anp_20211228_163942_4635656998_600_800.png,11anp_20211228_163942_4635656998_600_800_mask.png,output/gen_tab_20211228_163949_4573875864.png
9,3,19,7,93,432,112,439,93,432,112,432,112,439,93,439,text,table_text,table_0,raleway,italic,7.0,11anp_20211228_163942_4635656998_600_800.png,/scratch/parceirosbr/bigoilict/share/BigOil/document_generator/datasets/documents_2021_12_28/11anp_20211228_163942_4635656998_600_800.png,11anp_20211228_163942_4635656998_600_800_mask.png,injetor
9,3,19,7,93,432,112,439,93,432,112,432,112,439,93,439,sub_line_text,table_text,table_0,raleway,italic,7.0,11anp_20211228_163942_4635656998_600_800.png,/scratch/parceirosbr/bigoilict/share/BigOil/document_generator/datasets/documents_2021_12_28/11anp_20211228_163942_4635656998_600_800.png,11anp_20211228_163942_4635656998_600_800_mask.png,injetor
10,3,21,7,91,440,112,447,91,440,112,440,112,447,91,447,text,table_text,table_0,raleway,italic,7.0,11anp_20211228_163942_4635656998_600_800.png,/scratch/parceirosbr/bigoilict/share/BigOil/document_generator/datasets/documents_2021_12_28/11anp_20211228_163942_4635656998_600_800.png,11anp_20211228_163942_4635656998_600_800_mask.png,apesar
10,3,21,7,91,440,112,447,91,440,112,440,112,447,91,447,sub_line_text,table_text,table_0,raleway,italic,7.0,11anp_20211228_163942_4635656998_600_800.png,/scratch/parceirosbr/bigoilict/share/BigOil/document_generator/datasets/documents_2021_12_28/11anp_20211228_163942_4635656998_600_800.png,11anp_20211228_163942_4635656998_600_800_mask.png,apesar
15,3,30,7,82,455,112,462,82,455,112,455,112,462,82,462,text,table_text,table_0,raleway,italic,7.0,11anp_20211228_163942_4635656998_600_800.png,/scratch/parceirosbr/bigoilict/share/BigOil/document_generator/datasets/documents_2021_12_28/11anp_20211228_163942_4635656998_600_800.png,11anp_20211228_163942_4635656998_600_800_mask.png,17523523
15,3,30,7,82,455,112,462,82,455,112,455,112,462,82,462,sub_line_text,table_text,table_0,raleway,italic,7.0,11anp_20211228_163942_4635656998_600_800.png,/scratch/parceirosbr/bigoilict/share/BigOil/document_generator/datasets/documents_2021_12_28/11anp_20211228_163942_4635656998_600_800.png,11anp_20211228_163942_4635656998_600_800_mask.png,17523523
15,3,31,7,81,466,112,473,81,466,112,466,112,473,81,473,text,table_text,table_0,raleway,italic,7.0,11anp_20211228_163942_4635656998_600_800.png,/scratch/parceirosbr/bigoilict/share/BigOil/document_generator/datasets/documents_2021_12_28/11anp_20211228_163942_4635656998_600_800.png,11anp_20211228_163942_4635656998_600_800_mask.png,83049078
15,3,31,7,81,466,112,473,81,466,112,466,112,473,81,473,sub_line_text,table_text,table_0,raleway,italic,7.0,11anp_20211228_163942_4635656998_600_800.png,/scratch/parceirosbr/bigoilict/share/BigOil/document_generator/datasets/documents_2021_12_28/11anp_20211228_163942_4635656998_600_800.png,11anp_20211228_163942_4635656998_600_800_mask.png,83049078
15,3,30,7,82,476,112,483,82,476,112,476,112,483,82,483,text,table_text,table_0,raleway,italic,7.0,11anp_20211228_163942_4635656998_600_800.png,/scratch/parceirosbr/bigoilict/share/BigOil/document_generator/datasets/documents_2021_12_28/11anp_20211228_163942_4635656998_600_800.png,11anp_20211228_163942_4635656998_600_800_mask.png,16307976
15,3,30,7,82,476,112,483,82,476,112,476,112,483,82,483,sub_line_text,table_text,table_0,raleway,italic,7.0,11anp_20211228_163942_4635656998_600_800.png,/scratch/parceirosbr/bigoilict/share/BigOil/document_generator/datasets/documents_2021_12_28/11anp_20211228_163942_4635656998_600_800.png,11anp_20211228_163942_4635656998_600_800_mask.png,16307976
16,3,32,7,80,487,112,494,80,487,112,487,112,494,80,494,text,table_text,table_0,raleway,italic,7.0,11anp_20211228_163942_4635656998_600_800.png,/scratch/parceirosbr/bigoilict/share/BigOil/document_generator/datasets/documents_2021_12_28/11anp_20211228_163942_4635656998_600_800.png,11anp_20211228_163942_4635656998_600_800_mask.png,74607452
16,3,32,7,80,487,112,494,80,487,112,487,112,494,80,494,sub_line_text,table_text,table_0,raleway,italic,7.0,11anp_20211228_163942_4635656998_600_800.png,/scratch/parceirosbr/bigoilict/share/BigOil/document_generator/datasets/documents_2021_12_28/11anp_20211228_163942_4635656998_600_800.png,11anp_20211228_163942_4635656998_600_800_mask.png,74607452
15,3,31,7,81,498,112,505,81,498,112,498,112,505,81,505,text,table_text,table_0,raleway,italic,7.0,11anp_20211228_163942_4635656998_600_800.png,/scratch/parceirosbr/bigoilict/share/BigOil/document_generator/datasets/documents_2021_12_28/11anp_20211228_163942_4635656998_600_800.png,11anp_20211228_163942_4635656998_600_800_mask.png,22924231
15,3,31,7,81,498,112,505,81,498,112,498,112,505,81,505,sub_line_text,table_text,table_0,raleway,italic,7.0,11anp_20211228_163942_4635656998_600_800.png,/scratch/parceirosbr/bigoilict/share/BigOil/document_generator/datasets/documents_2021_12_28/11anp_20211228_163942_4635656998_600_800.png,11anp_20211228_163942_4635656998_600_800_mask.png,22924231
15,3,30,7,82,509,112,516,82,509,112,509,112,516,82,516,text,table_text,table_0,raleway,italic,7.0,11anp_20211228_163942_4635656998_600_800.png,/scratch/parceirosbr/bigoilict/share/BigOil/document_generator/datasets/documents_2021_12_28/11anp_20211228_163942_4635656998_600_800.png,11anp_20211228_163942_4635656998_600_800_mask.png,19487739
15,3,30,7,82,509,112,516,82,509,112,509,112,516,82,516,sub_line_text,table_text,table_0,raleway,italic,7.0,11anp_20211228_163942_4635656998_600_800.png,/scratch/parceirosbr/bigoilict/share/BigOil/document_generator/datasets/documents_2021_12_28/11anp_20211228_163942_4635656998_600_800.png,11anp_20211228_163942_4635656998_600_800_mask.png,19487739
16,3,32,7,80,519,112,526,80,519,112,519,112,526,80,526,text,table_text,table_0,raleway,italic,7.0,11anp_20211228_163942_4635656998_600_800.png,/scratch/parceirosbr/bigoilict/share/BigOil/document_generator/datasets/documents_2021_12_28/11anp_20211228_163942_4635656998_600_800.png,11anp_20211228_163942_4635656998_600_800_mask.png,45463683
16,3,32,7,80,519,112,526,80,519,112,519,112,526,80,526,sub_line_text,table_text,table_0,raleway,italic,7.0,11anp_20211228_163942_4635656998_600_800.png,/scratch/parceirosbr/bigoilict/share/BigOil/document_generator/datasets/documents_2021_12_28/11anp_20211228_163942_4635656998_600_800.png,11anp_20211228_163942_4635656998_600_800_mask.png,45463683
16,3,32,7,80,530,112,537,80,530,112,530,112,537,80,537,text,table_text,table_0,raleway,italic,7.0,11anp_20211228_163942_4635656998_600_800.png,/scratch/parceirosbr/bigoilict/share/BigOil/document_generator/datasets/documents_2021_12_28/11anp_20211228_163942_4635656998_600_800.png,11anp_20211228_163942_4635656998_600_800_mask.png,35034075
16,3,32,7,80,530,112,537,80,530,112,530,112,537,80,537,sub_line_text,table_text,table_0,raleway,italic,7.0,11anp_20211228_163942_4635656998_600_800.png,/scratch/parceirosbr/bigoilict/share/BigOil/document_generator/datasets/documents_2021_12_28/11anp_20211228_163942_4635656998_600_800.png,11anp_20211228_163942_4635656998_600_800_mask.png,35034075
14,3,29,7,83,541,112,548,83,541,112,541,112,548,83,548,text,table_text,table_0,raleway,italic,7.0,11anp_20211228_163942_4635656998_600_800.png,/scratch/parceirosbr/bigoilict/share/BigOil/document_generator/datasets/documents_2021_12_28/11anp_20211228_163942_4635656998_600_800.png,11anp_20211228_163942_4635656998_600_800_mask.png,15941260
14,3,29,7,83,541,112,548,83,541,112,541,112,548,83,548,sub_line_text,table_text,table_0,raleway,italic,7.0,11anp_20211228_163942_4635656998_600_800.png,/scratch/parceirosbr/bigoilict/share/BigOil/document_generator/datasets/documents_2021_12_28/11anp_20211228_163942_4635656998_600_800.png,11anp_20211228_163942_4635656998_600_800_mask.png,15941260
15,3,31,7,81,552,112,559,81,552,112,552,112,559,81,559,text,table_text,table_0,raleway,italic,7.0,11anp_20211228_163942_4635656998_600_800.png,/scratch/parceirosbr/bigoilict/share/BigOil/document_generator/datasets/documents_2021_12_28/11anp_20211228_163942_4635656998_600_800.png,11anp_20211228_163942_4635656998_600_800_mask.png,31645674
15,3,31,7,81,552,112,559,81,552,112,552,112,559,81,559,sub_line_text,table_text,table_0,raleway,italic,7.0,11anp_20211228_163942_4635656998_600_800.png,/scratch/parceirosbr/bigoilict/share/BigOil/document_generator/datasets/documents_2021_12_28/11anp_20211228_163942_4635656998_600_800.png,11anp_20211228_163942_4635656998_600_800_mask.png,31645674
15,3,31,7,81,563,112,570,81,563,112,563,112,570,81,570,text,table_text,table_0,raleway,italic,7.0,11anp_20211228_163942_4635656998_600_800.png,/scratch/parceirosbr/bigoilict/share/BigOil/document_generator/datasets/documents_2021_12_28/11anp_20211228_163942_4635656998_600_800.png,11anp_20211228_163942_4635656998_600_800_mask.png,71850576
15,3,31,7,81,563,112,570,81,563,112,563,112,570,81,570,sub_line_text,table_text,table_0,raleway,italic,7.0,11anp_20211228_163942_4635656998_600_800.png,/scratch/parceirosbr/bigoilict/share/BigOil/document_generator/datasets/documents_2021_12_28/11anp_20211228_163942_4635656998_600_800.png,11anp_20211228_163942_4635656998_600_800_mask.png,71850576
15,3,30,7,82,573,112,580,82,573,112,573,112,580,82,580,text,table_text,table_0,raleway,italic,7.0,11anp_20211228_163942_4635656998_600_800.png,/scratch/parceirosbr/bigoilict/share/BigOil/document_generator/datasets/documents_2021_12_28/11anp_20211228_163942_4635656998_600_800.png,11anp_20211228_163942_4635656998_600_800_mask.png,83419246
15,3,30,7,82,573,112,580,82,573,112,573,112,580,82,580,sub_line_text,table_text,table_0,raleway,italic,7.0,11anp_20211228_163942_4635656998_600_800.png,/scratch/parceirosbr/bigoilict/share/BigOil/document_generator/datasets/documents_2021_12_28/11anp_20211228_163942_4635656998_600_800.png,11anp_20211228_163942_4635656998_600_800_mask.png,83419246
16,3,32,7,80,584,112,591,80,584,112,584,112,591,80,591,text,table_text,table_0,raleway,italic,7.0,11anp_20211228_163942_4635656998_600_800.png,/scratch/parceirosbr/bigoilict/share/BigOil/document_generator/datasets/documents_2021_12_28/11anp_20211228_163942_4635656998_600_800.png,11anp_20211228_163942_4635656998_600_800_mask.png,50948246
16,3,32,7,80,584,112,591,80,584,112,584,112,591,80,591,sub_line_text,table_text,table_0,raleway,italic,7.0,11anp_20211228_163942_4635656998_600_800.png,/scratch/parceirosbr/bigoilict/share/BigOil/document_generator/datasets/documents_2021_12_28/11anp_20211228_163942_4635656998_600_800.png,11anp_20211228_163942_4635656998_600_800_mask.png,50948246
15,3,31,7,81,595,112,602,81,595,112,595,112,602,81,602,text,table_text,table_0,raleway,italic,7.0,11anp_20211228_163942_4635656998_600_800.png,/scratch/parceirosbr/bigoilict/share/BigOil/document_generator/datasets/documents_2021_12_28/11anp_20211228_163942_4635656998_600_800.png,11anp_20211228_163942_4635656998_600_800_mask.png,76149040
15,3,31,7,81,595,112,602,81,595,112,595,112,602,81,602,sub_line_text,table_text,table_0,raleway,italic,7.0,11anp_20211228_163942_4635656998_600_800.png,/scratch/parceirosbr/bigoilict/share/BigOil/document_generator/datasets/documents_2021_12_28/11anp_20211228_163942_4635656998_600_800.png,11anp_20211228_163942_4635656998_600_800_mask.png,76149040
15,3,31,7,81,606,112,613,81,606,112,606,112,613,81,613,text,table_text,table_0,raleway,italic,7.0,11anp_20211228_163942_4635656998_600_800.png,/scratch/parceirosbr/bigoilict/share/BigOil/document_generator/datasets/documents_2021_12_28/11anp_20211228_163942_4635656998_600_800.png,11anp_20211228_163942_4635656998_600_800_mask.png,39721236
15,3,31,7,81,606,112,613,81,606,112,606,112,613,81,613,sub_line_text,table_text,table_0,raleway,italic,7.0,11anp_20211228_163942_4635656998_600_800.png,/scratch/parceirosbr/bigoilict/share/BigOil/document_generator/datasets/documents_2021_12_28/11anp_20211228_163942_4635656998_600_800.png,11anp_20211228_163942_4635656998_600_800_mask.png,39721236
15,3,31,7,81,616,112,623,81,616,112,616,112,623,81,623,text,table_text,table_0,raleway,italic,7.0,11anp_20211228_163942_4635656998_600_800.png,/scratch/parceirosbr/bigoilict/share/BigOil/document_generator/datasets/documents_2021_12_28/11anp_20211228_163942_4635656998_600_800.png,11anp_20211228_163942_4635656998_600_800_mask.png,66030320
15,3,31,7,81,616,112,623,81,616,112,616,112,623,81,623,sub_line_text,table_text,table_0,raleway,italic,7.0,11anp_20211228_163942_4635656998_600_800.png,/scratch/parceirosbr/bigoilict/share/BigOil/document_generator/datasets/documents_2021_12_28/11anp_20211228_163942_4635656998_600_800.png,11anp_20211228_163942_4635656998_600_800_mask.png,66030320
15,3,31,7,81,627,112,634,81,627,112,627,112,634,81,634,text,table_text,table_0,raleway,italic,7.0,11anp_20211228_163942_4635656998_600_800.png,/scratch/parceirosbr/bigoilict/share/BigOil/document_generator/datasets/documents_2021_12_28/11anp_20211228_163942_4635656998_600_800.png,11anp_20211228_163942_4635656998_600_800_mask.png,71675935
15,3,31,7,81,627,112,634,81,627,112,627,112,634,81,634,sub_line_text,table_text,table_0,raleway,italic,7.0,11anp_20211228_163942_4635656998_600_800.png,/scratch/parceirosbr/bigoilict/share/BigOil/document_generator/datasets/documents_2021_12_28/11anp_20211228_163942_4635656998_600_800.png,11anp_20211228_163942_4635656998_600_800_mask.png,71675935
15,4,31,8,505,638,536,646,505,638,536,638,536,646,505,646,text,table_text,table_0,raleway,bold,7.0,11anp_20211228_163942_4635656998_600_800.png,/scratch/parceirosbr/bigoilict/share/BigOil/document_generator/datasets/documents_2021_12_28/11anp_20211228_163942_4635656998_600_800.png,11anp_20211228_163942_4635656998_600_800_mask.png,68705465
15,4,31,8,505,638,536,646,505,638,536,638,536,646,505,646,sub_line_text,table_text,table_0,raleway,bold,7.0,11anp_20211228_163942_4635656998_600_800.png,/scratch/parceirosbr/bigoilict/share/BigOil/document_generator/datasets/documents_2021_12_28/11anp_20211228_163942_4635656998_600_800.png,11anp_20211228_163942_4635656998_600_800_mask.png,68705465
3,3,7,7,147,432,154,439,147,432,154,432,154,439,147,439,text,table_text,table_0,raleway,italic,7.0,11anp_20211228_163942_4635656998_600_800.png,/scratch/parceirosbr/bigoilict/share/BigOil/document_generator/datasets/documents_2021_12_28/11anp_20211228_163942_4635656998_600_800.png,11anp_20211228_163942_4635656998_600_800_mask.png,na
3,3,7,7,147,432,154,439,147,432,154,432,154,439,147,439,sub_line_text,table_text,table_0,raleway,italic,7.0,11anp_20211228_163942_4635656998_600_800.png,/scratch/parceirosbr/bigoilict/share/BigOil/document_generator/datasets/documents_2021_12_28/11anp_20211228_163942_4635656998_600_800.png,11anp_20211228_163942_4635656998_600_800_mask.png,na
20,3,41,7,131,440,172,447,131,440,172,440,172,447,131,447,text,table_text,table_0,raleway,italic,7.0,11anp_20211228_163942_4635656998_600_800.png,/scratch/parceirosbr/bigoilict/share/BigOil/document_generator/datasets/documents_2021_12_28/11anp_20211228_163942_4635656998_600_800.png,11anp_20211228_163942_4635656998_600_800_mask.png,relativamente
20,3,41,7,131,440,172,447,131,440,172,440,172,447,131,447,sub_line_text,table_text,table_0,raleway,italic,7.0,11anp_20211228_163942_4635656998_600_800.png,/scratch/parceirosbr/bigoilict/share/BigOil/document_generator/datasets/documents_2021_12_28/11anp_20211228_163942_4635656998_600_800.png,11anp_20211228_163942_4635656998_600_800_mask.png,relativamente
16,3,33,7,135,455,168,462,135,455,168,455,168,462,135,462,text,table_text,table_0,raleway,italic,7.0,11anp_20211228_163942_4635656998_600_800.png,/scratch/parceirosbr/bigoilict/share/BigOil/document_generator/datasets/documents_2021_12_28/11anp_20211228_163942_4635656998_600_800.png,11anp_20211228_163942_4635656998_600_800_mask.png,limitadoras
16,3,33,7,135,455,168,462,135,455,168,455,168,462,135,462,sub_line_text,table_text,table_0,raleway,italic,7.0,11anp_20211228_163942_4635656998_600_800.png,/scratch/parceirosbr/bigoilict/share/BigOil/document_generator/datasets/documents_2021_12_28/11anp_20211228_163942_4635656998_600_800.png,11anp_20211228_163942_4635656998_600_800_mask.png,limitadoras
17,3,35,7,134,466,169,473,134,466,169,466,169,473,134,473,text,table_text,table_0,raleway,italic,7.0,11anp_20211228_163942_4635656998_600_800.png,/scratch/parceirosbr/bigoilict/share/BigOil/document_generator/datasets/documents_2021_12_28/11anp_20211228_163942_4635656998_600_800.png,11anp_20211228_163942_4635656998_600_800_mask.png,comentado
17,3,35,7,134,466,169,473,134,466,169,466,169,473,134,473,sub_line_text,table_text,table_0,raleway,italic,7.0,11anp_20211228_163942_4635656998_600_800.png,/scratch/parceirosbr/bigoilict/share/BigOil/document_generator/datasets/documents_2021_12_28/11anp_20211228_163942_4635656998_600_800.png,11anp_20211228_163942_4635656998_600_800_mask.png,comentado
12,3,24,7,140,476,164,483,140,476,164,476,164,483,140,483,text,table_text,table_0,raleway,italic,7.0,11anp_20211228_163942_4635656998_600_800.png,/scratch/parceirosbr/bigoilict/share/BigOil/document_generator/datasets/documents_2021_12_28/11anp_20211228_163942_4635656998_600_800.png,11anp_20211228_163942_4635656998_600_800_mask.png,diversas
12,3,24,7,140,476,164,483,140,476,164,476,164,483,140,483,sub_line_text,table_text,table_0,raleway,italic,7.0,11anp_20211228_163942_4635656998_600_800.png,/scratch/parceirosbr/bigoilict/share/BigOil/document_generator/datasets/documents_2021_12_28/11anp_20211228_163942_4635656998_600_800.png,11anp_20211228_163942_4635656998_600_800_mask.png,diversas
9,3,19,7,142,487,161,494,142,487,161,487,161,494,142,494,text,table_text,table_0,raleway,italic,7.0,11anp_20211228_163942_4635656998_600_800.png,/scratch/parceirosbr/bigoilict/share/BigOil/document_generator/datasets/documents_2021_12_28/11anp_20211228_163942_4635656998_600_800.png,11anp_20211228_163942_4635656998_600_800_mask.png,injetor
9,3,19,7,142,487,161,494,142,487,161,487,161,494,142,494,sub_line_text,table_text,table_0,raleway,italic,7.0,11anp_20211228_163942_4635656998_600_800.png,/scratch/parceirosbr/bigoilict/share/BigOil/document_generator/datasets/documents_2021_12_28/11anp_20211228_163942_4635656998_600_800.png,11anp_20211228_163942_4635656998_600_800_mask.png,injetor
11,3,23,7,140,498,163,505,140,498,163,498,163,505,140,505,text,table_text,table_0,raleway,italic,7.0,11anp_20211228_163942_4635656998_600_800.png,/scratch/parceirosbr/bigoilict/share/BigOil/document_generator/datasets/documents_2021_12_28/11anp_20211228_163942_4635656998_600_800.png,11anp_20211228_163942_4635656998_600_800_mask.png,descrito
11,3,23,7,140,498,163,505,140,498,163,498,163,505,140,505,sub_line_text,table_text,table_0,raleway,italic,7.0,11anp_20211228_163942_4635656998_600_800.png,/scratch/parceirosbr/bigoilict/share/BigOil/document_generator/datasets/documents_2021_12_28/11anp_20211228_163942_4635656998_600_800.png,11anp_20211228_163942_4635656998_600_800_mask.png,descrito
3,3,7,7,147,509,154,516,147,509,154,509,154,516,147,516,text,table_text,table_0,raleway,italic,7.0,11anp_20211228_163942_4635656998_600_800.png,/scratch/parceirosbr/bigoilict/share/BigOil/document_generator/datasets/documents_2021_12_28/11anp_20211228_163942_4635656998_600_800.png,11anp_20211228_163942_4635656998_600_800_mask.png,na
3,3,7,7,147,509,154,516,147,509,154,509,154,516,147,516,sub_line_text,table_text,table_0,raleway,italic,7.0,11anp_20211228_163942_4635656998_600_800.png,/scratch/parceirosbr/bigoilict/share/BigOil/document_generator/datasets/documents_2021_12_28/11anp_20211228_163942_4635656998_600_800.png,11anp_20211228_163942_4635656998_600_800_mask.png,na
11,3,22,7,140,519,162,526,140,519,162,519,162,526,140,526,text,table_text,table_0,raleway,italic,7.0,11anp_20211228_163942_4635656998_600_800.png,/scratch/parceirosbr/bigoilict/share/BigOil/document_generator/datasets/documents_2021_12_28/11anp_20211228_163942_4635656998_600_800.png,11anp_20211228_163942_4635656998_600_800_mask.png,reunião
11,3,22,7,140,519,162,526,140,519,162,519,162,526,140,526,sub_line_text,table_text,table_0,raleway,italic,7.0,11anp_20211228_163942_4635656998_600_800.png,/scratch/parceirosbr/bigoilict/share/BigOil/document_generator/datasets/documents_2021_12_28/11anp_20211228_163942_4635656998_600_800.png,11anp_20211228_163942_4635656998_600_800_mask.png,reunião
20,3,40,7,132,530,172,537,132,530,172,530,172,537,132,537,text,table_text,table_0,raleway,italic,7.0,11anp_20211228_163942_4635656998_600_800.png,/scratch/parceirosbr/bigoilict/share/BigOil/document_generator/datasets/documents_2021_12_28/11anp_20211228_163942_4635656998_600_800.png,11anp_20211228_163942_4635656998_600_800_mask.png,concorrência
20,3,40,7,132,530,172,537,132,530,172,530,172,537,132,537,sub_line_text,table_text,table_0,raleway,italic,7.0,11anp_20211228_163942_4635656998_600_800.png,/scratch/parceirosbr/bigoilict/share/BigOil/document_generator/datasets/documents_2021_12_28/11anp_20211228_163942_4635656998_600_800.png,11anp_20211228_163942_4635656998_600_800_mask.png,concorrência
17,3,35,7,134,541,169,548,134,541,169,541,169,548,134,548,text,table_text,table_0,raleway,italic,7.0,11anp_20211228_163942_4635656998_600_800.png,/scratch/parceirosbr/bigoilict/share/BigOil/document_generator/datasets/documents_2021_12_28/11anp_20211228_163942_4635656998_600_800.png,11anp_20211228_163942_4635656998_600_800_mask.png,investidores
17,3,35,7,134,541,169,548,134,541,169,541,169,548,134,548,sub_line_text,table_text,table_0,raleway,italic,7.0,11anp_20211228_163942_4635656998_600_800.png,/scratch/parceirosbr/bigoilict/share/BigOil/document_generator/datasets/documents_2021_12_28/11anp_20211228_163942_4635656998_600_800.png,11anp_20211228_163942_4635656998_600_800_mask.png,investidores
21,3,43,7,130,552,173,559,130,552,173,552,173,559,130,559,text,table_text,table_0,raleway,italic,7.0,11anp_20211228_163942_4635656998_600_800.png,/scratch/parceirosbr/bigoilict/share/BigOil/document_generator/datasets/documents_2021_12_28/11anp_20211228_163942_4635656998_600_800.png,11anp_20211228_163942_4635656998_600_800_mask.png,complexidade
21,3,43,7,130,552,173,559,130,552,173,552,173,559,130,559,sub_line_text,table_text,table_0,raleway,italic,7.0,11anp_20211228_163942_4635656998_600_800.png,/scratch/parceirosbr/bigoilict/share/BigOil/document_generator/datasets/documents_2021_12_28/11anp_20211228_163942_4635656998_600_800.png,11anp_20211228_163942_4635656998_600_800_mask.png,complexidade
12,3,24,7,140,563,164,570,140,563,164,563,164,570,140,570,text,table_text,table_0,raleway,italic,7.0,11anp_20211228_163942_4635656998_600_800.png,/scratch/parceirosbr/bigoilict/share/BigOil/document_generator/datasets/documents_2021_12_28/11anp_20211228_163942_4635656998_600_800.png,11anp_20211228_163942_4635656998_600_800_mask.png,hidratos
12,3,24,7,140,563,164,570,140,563,164,563,164,570,140,570,sub_line_text,table_text,table_0,raleway,italic,7.0,11anp_20211228_163942_4635656998_600_800.png,/scratch/parceirosbr/bigoilict/share/BigOil/document_generator/datasets/documents_2021_12_28/11anp_20211228_163942_4635656998_600_800.png,11anp_20211228_163942_4635656998_600_800_mask.png,hidratos
8,3,17,7,143,573,160,580,143,573,160,573,160,580,143,580,text,table_text,table_0,raleway,italic,7.0,11anp_20211228_163942_4635656998_600_800.png,/scratch/parceirosbr/bigoilict/share/BigOil/document_generator/datasets/documents_2021_12_28/11anp_20211228_163942_4635656998_600_800.png,11anp_20211228_163942_4635656998_600_800_mask.png,vezes
8,3,17,7,143,573,160,580,143,573,160,573,160,580,143,580,sub_line_text,table_text,table_0,raleway,italic,7.0,11anp_20211228_163942_4635656998_600_800.png,/scratch/parceirosbr/bigoilict/share/BigOil/document_generator/datasets/documents_2021_12_28/11anp_20211228_163942_4635656998_600_800.png,11anp_20211228_163942_4635656998_600_800_mask.png,vezes
17,3,35,7,134,584,169,591,134,584,169,584,169,591,134,591,text,table_text,table_0,raleway,italic,7.0,11anp_20211228_163942_4635656998_600_800.png,/scratch/parceirosbr/bigoilict/share/BigOil/document_generator/datasets/documents_2021_12_28/11anp_20211228_163942_4635656998_600_800.png,11anp_20211228_163942_4635656998_600_800_mask.png,comentado
17,3,35,7,134,584,169,591,134,584,169,584,169,591,134,591,sub_line_text,table_text,table_0,raleway,italic,7.0,11anp_20211228_163942_4635656998_600_800.png,/scratch/parceirosbr/bigoilict/share/BigOil/document_generator/datasets/documents_2021_12_28/11anp_20211228_163942_4635656998_600_800.png,11anp_20211228_163942_4635656998_600_800_mask.png,comentado
7,3,14,7,144,595,158,602,144,595,158,595,158,602,144,602,text,table_text,table_0,raleway,italic,7.0,11anp_20211228_163942_4635656998_600_800.png,/scratch/parceirosbr/bigoilict/share/BigOil/document_generator/datasets/documents_2021_12_28/11anp_20211228_163942_4635656998_600_800.png,11anp_20211228_163942_4635656998_600_800_mask.png,mais
7,3,14,7,144,595,158,602,144,595,158,595,158,602,144,602,sub_line_text,table_text,table_0,raleway,italic,7.0,11anp_20211228_163942_4635656998_600_800.png,/scratch/parceirosbr/bigoilict/share/BigOil/document_generator/datasets/documents_2021_12_28/11anp_20211228_163942_4635656998_600_800.png,11anp_20211228_163942_4635656998_600_800_mask.png,mais
11,3,23,7,140,606,163,613,140,606,163,606,163,613,140,613,text,table_text,table_0,raleway,italic,7.0,11anp_20211228_163942_4635656998_600_800.png,/scratch/parceirosbr/bigoilict/share/BigOil/document_generator/datasets/documents_2021_12_28/11anp_20211228_163942_4635656998_600_800.png,11anp_20211228_163942_4635656998_600_800_mask.png,outubro
11,3,23,7,140,606,163,613,140,606,163,606,163,613,140,613,sub_line_text,table_text,table_0,raleway,italic,7.0,11anp_20211228_163942_4635656998_600_800.png,/scratch/parceirosbr/bigoilict/share/BigOil/document_generator/datasets/documents_2021_12_28/11anp_20211228_163942_4635656998_600_800.png,11anp_20211228_163942_4635656998_600_800_mask.png,outubro
16,3,32,7,136,616,168,623,136,616,168,616,168,623,136,623,text,table_text,table_0,raleway,italic,7.0,11anp_20211228_163942_4635656998_600_800.png,/scratch/parceirosbr/bigoilict/share/BigOil/document_generator/datasets/documents_2021_12_28/11anp_20211228_163942_4635656998_600_800.png,11anp_20211228_163942_4635656998_600_800_mask.png,indefinição
16,3,32,7,136,616,168,623,136,616,168,616,168,623,136,623,sub_line_text,table_text,table_0,raleway,italic,7.0,11anp_20211228_163942_4635656998_600_800.png,/scratch/parceirosbr/bigoilict/share/BigOil/document_generator/datasets/documents_2021_12_28/11anp_20211228_163942_4635656998_600_800.png,11anp_20211228_163942_4635656998_600_800_mask.png,indefinição
8,3,16,7,144,627,160,634,144,627,160,627,160,634,144,634,text,table_text,table_0,raleway,italic,7.0,11anp_20211228_163942_4635656998_600_800.png,/scratch/parceirosbr/bigoilict/share/BigOil/document_generator/datasets/documents_2021_12_28/11anp_20211228_163942_4635656998_600_800.png,11anp_20211228_163942_4635656998_600_800_mask.png,pode
8,3,16,7,144,627,160,634,144,627,160,627,160,634,144,634,sub_line_text,table_text,table_0,raleway,italic,7.0,11anp_20211228_163942_4635656998_600_800.png,/scratch/parceirosbr/bigoilict/share/BigOil/document_generator/datasets/documents_2021_12_28/11anp_20211228_163942_4635656998_600_800.png,11anp_20211228_163942_4635656998_600_800_mask.png,pode
15,3,30,7,206,432,236,439,206,432,236,432,236,439,206,439,text,table_text,table_0,raleway,italic,7.0,11anp_20211228_163942_4635656998_600_800.png,/scratch/parceirosbr/bigoilict/share/BigOil/document_generator/datasets/documents_2021_12_28/11anp_20211228_163942_4635656998_600_800.png,11anp_20211228_163942_4635656998_600_800_mask.png,empresas
15,3,30,7,206,432,236,439,206,432,236,432,236,439,206,439,sub_line_text,table_text,table_0,raleway,italic,7.0,11anp_20211228_163942_4635656998_600_800.png,/scratch/parceirosbr/bigoilict/share/BigOil/document_generator/datasets/documents_2021_12_28/11anp_20211228_163942_4635656998_600_800.png,11anp_20211228_163942_4635656998_600_800_mask.png,empresas
5,3,11,7,216,440,227,447,216,440,227,440,227,447,216,447,text,table_text,table_0,raleway,italic,7.0,11anp_20211228_163942_4635656998_600_800.png,/scratch/parceirosbr/bigoilict/share/BigOil/document_generator/datasets/documents_2021_12_28/11anp_20211228_163942_4635656998_600_800.png,11anp_20211228_163942_4635656998_600_800_mask.png,nos
5,3,11,7,216,440,227,447,216,440,227,440,227,447,216,447,sub_line_text,table_text,table_0,raleway,italic,7.0,11anp_20211228_163942_4635656998_600_800.png,/scratch/parceirosbr/bigoilict/share/BigOil/document_generator/datasets/documents_2021_12_28/11anp_20211228_163942_4635656998_600_800.png,11anp_20211228_163942_4635656998_600_800_mask.png,nos
5,3,11,7,216,455,227,462,216,455,227,455,227,462,216,462,text,table_text,table_0,raleway,italic,7.0,11anp_20211228_163942_4635656998_600_800.png,/scratch/parceirosbr/bigoilict/share/BigOil/document_generator/datasets/documents_2021_12_28/11anp_20211228_163942_4635656998_600_800.png,11anp_20211228_163942_4635656998_600_800_mask.png,das
5,3,11,7,216,455,227,462,216,455,227,455,227,462,216,462,sub_line_text,table_text,table_0,raleway,italic,7.0,11anp_20211228_163942_4635656998_600_800.png,/scratch/parceirosbr/bigoilict/share/BigOil/document_generator/datasets/documents_2021_12_28/11anp_20211228_163942_4635656998_600_800.png,11anp_20211228_163942_4635656998_600_800_mask.png,das
11,3,23,7,210,466,233,473,210,466,233,466,233,473,210,473,text,table_text,table_0,raleway,italic,7.0,11anp_20211228_163942_4635656998_600_800.png,/scratch/parceirosbr/bigoilict/share/BigOil/document_generator/datasets/documents_2021_12_28/11anp_20211228_163942_4635656998_600_800.png,11anp_20211228_163942_4635656998_600_800_mask.png,máxima
11,3,23,7,210,466,233,473,210,466,233,466,233,473,210,473,sub_line_text,table_text,table_0,raleway,italic,7.0,11anp_20211228_163942_4635656998_600_800.png,/scratch/parceirosbr/bigoilict/share/BigOil/document_generator/datasets/documents_2021_12_28/11anp_20211228_163942_4635656998_600_800.png,11anp_20211228_163942_4635656998_600_800_mask.png,máxima
13,3,26,7,208,476,234,483,208,476,234,476,234,483,208,483,text,table_text,table_0,raleway,italic,7.0,11anp_20211228_163942_4635656998_600_800.png,/scratch/parceirosbr/bigoilict/share/BigOil/document_generator/datasets/documents_2021_12_28/11anp_20211228_163942_4635656998_600_800.png,11anp_20211228_163942_4635656998_600_800_mask.png,recursos
13,3,26,7,208,476,234,483,208,476,234,476,234,483,208,483,sub_line_text,table_text,table_0,raleway,italic,7.0,11anp_20211228_163942_4635656998_600_800.png,/scratch/parceirosbr/bigoilict/share/BigOil/document_generator/datasets/documents_2021_12_28/11anp_20211228_163942_4635656998_600_800.png,11anp_20211228_163942_4635656998_600_800_mask.png,recursos
14,3,28,7,207,487,235,494,207,487,235,487,235,494,207,494,text,table_text,table_0,raleway,italic,7.0,11anp_20211228_163942_4635656998_600_800.png,/scratch/parceirosbr/bigoilict/share/BigOil/document_generator/datasets/documents_2021_12_28/11anp_20211228_163942_4635656998_600_800.png,11anp_20211228_163942_4635656998_600_800_mask.png,contribuir
14,3,28,7,207,487,235,494,207,487,235,487,235,494,207,494,sub_line_text,table_text,table_0,raleway,italic,7.0,11anp_20211228_163942_4635656998_600_800.png,/scratch/parceirosbr/bigoilict/share/BigOil/document_generator/datasets/documents_2021_12_28/11anp_20211228_163942_4635656998_600_800.png,11anp_20211228_163942_4635656998_600_800_mask.png,contribuir
6,3,13,7,214,498,227,505,214,498,227,498,227,505,214,505,text,table_text,table_0,raleway,italic,7.0,11anp_20211228_163942_4635656998_600_800.png,/scratch/parceirosbr/bigoilict/share/BigOil/document_generator/datasets/documents_2021_12_28/11anp_20211228_163942_4635656998_600_800.png,11anp_20211228_163942_4635656998_600_800_mask.png,uma
6,3,13,7,214,498,227,505,214,498,227,498,227,505,214,505,sub_line_text,table_text,table_0,raleway,italic,7.0,11anp_20211228_163942_4635656998_600_800.png,/scratch/parceirosbr/bigoilict/share/BigOil/document_generator/datasets/documents_2021_12_28/11anp_20211228_163942_4635656998_600_800.png,11anp_20211228_163942_4635656998_600_800_mask.png,uma
11,3,23,7,210,509,233,516,210,509,233,509,233,516,210,516,text,table_text,table_0,raleway,italic,7.0,11anp_20211228_163942_4635656998_600_800.png,/scratch/parceirosbr/bigoilict/share/BigOil/document_generator/datasets/documents_2021_12_28/11anp_20211228_163942_4635656998_600_800.png,11anp_20211228_163942_4635656998_600_800_mask.png,reforma
11,3,23,7,210,509,233,516,210,509,233,509,233,516,210,516,sub_line_text,table_text,table_0,raleway,italic,7.0,11anp_20211228_163942_4635656998_600_800.png,/scratch/parceirosbr/bigoilict/share/BigOil/document_generator/datasets/documents_2021_12_28/11anp_20211228_163942_4635656998_600_800.png,11anp_20211228_163942_4635656998_600_800_mask.png,reforma
10,3,21,7,210,519,231,526,210,519,231,519,231,526,210,526,text,table_text,table_0,raleway,italic,7.0,11anp_20211228_163942_4635656998_600_800.png,/scratch/parceirosbr/bigoilict/share/BigOil/document_generator/datasets/documents_2021_12_28/11anp_20211228_163942_4635656998_600_800.png,11anp_20211228_163942_4635656998_600_800_mask.png,apesar
10,3,21,7,210,519,231,526,210,519,231,519,231,526,210,526,sub_line_text,table_text,table_0,raleway,italic,7.0,11anp_20211228_163942_4635656998_600_800.png,/scratch/parceirosbr/bigoilict/share/BigOil/document_generator/datasets/documents_2021_12_28/11anp_20211228_163942_4635656998_600_800.png,11anp_20211228_163942_4635656998_600_800_mask.png,apesar
17,3,34,7,204,530,238,537,204,530,238,530,238,537,204,537,text,table_text,table_0,raleway,italic,7.0,11anp_20211228_163942_4635656998_600_800.png,/scratch/parceirosbr/bigoilict/share/BigOil/document_generator/datasets/documents_2021_12_28/11anp_20211228_163942_4635656998_600_800.png,11anp_20211228_163942_4635656998_600_800_mask.png,aprisionado
17,3,34,7,204,530,238,537,204,530,238,530,238,537,204,537,sub_line_text,table_text,table_0,raleway,italic,7.0,11anp_20211228_163942_4635656998_600_800.png,/scratch/parceirosbr/bigoilict/share/BigOil/document_generator/datasets/documents_2021_12_28/11anp_20211228_163942_4635656998_600_800.png,11anp_20211228_163942_4635656998_600_800_mask.png,aprisionado
13,3,26,7,208,541,234,548,208,541,234,541,234,548,208,548,text,table_text,table_0,raleway,italic,7.0,11anp_20211228_163942_4635656998_600_800.png,/scratch/parceirosbr/bigoilict/share/BigOil/document_generator/datasets/documents_2021_12_28/11anp_20211228_163942_4635656998_600_800.png,11anp_20211228_163942_4635656998_600_800_mask.png,grandes
13,3,26,7,208,541,234,548,208,541,234,541,234,548,208,548,sub_line_text,table_text,table_0,raleway,italic,7.0,11anp_20211228_163942_4635656998_600_800.png,/scratch/parceirosbr/bigoilict/share/BigOil/document_generator/datasets/documents_2021_12_28/11anp_20211228_163942_4635656998_600_800.png,11anp_20211228_163942_4635656998_600_800_mask.png,grandes
3,3,7,7,218,552,225,559,218,552,225,552,225,559,218,559,text,table_text,table_0,raleway,italic,7.0,11anp_20211228_163942_4635656998_600_800.png,/scratch/parceirosbr/bigoilict/share/BigOil/document_generator/datasets/documents_2021_12_28/11anp_20211228_163942_4635656998_600_800.png,11anp_20211228_163942_4635656998_600_800_mask.png,os
3,3,7,7,218,552,225,559,218,552,225,552,225,559,218,559,sub_line_text,table_text,table_0,raleway,italic,7.0,11anp_20211228_163942_4635656998_600_800.png,/scratch/parceirosbr/bigoilict/share/BigOil/document_generator/datasets/documents_2021_12_28/11anp_20211228_163942_4635656998_600_800.png,11anp_20211228_163942_4635656998_600_800_mask.png,os
8,3,17,7,212,563,229,570,212,563,229,563,229,570,212,570,text,table_text,table_0,raleway,italic,7.0,11anp_20211228_163942_4635656998_600_800.png,/scratch/parceirosbr/bigoilict/share/BigOil/document_generator/datasets/documents_2021_12_28/11anp_20211228_163942_4635656998_600_800.png,11anp_20211228_163942_4635656998_600_800_mask.png,sobre
8,3,17,7,212,563,229,570,212,563,229,563,229,570,212,570,sub_line_text,table_text,table_0,raleway,italic,7.0,11anp_20211228_163942_4635656998_600_800.png,/scratch/parceirosbr/bigoilict/share/BigOil/document_generator/datasets/documents_2021_12_28/11anp_20211228_163942_4635656998_600_800.png,11anp_20211228_163942_4635656998_600_800_mask.png,sobre
18,3,36,7,203,573,239,580,203,573,239,573,239,580,203,580,text,table_text,table_0,raleway,italic,7.0,11anp_20211228_163942_4635656998_600_800.png,/scratch/parceirosbr/bigoilict/share/BigOil/document_generator/datasets/documents_2021_12_28/11anp_20211228_163942_4635656998_600_800.png,11anp_20211228_163942_4635656998_600_800_mask.png,apresentam
18,3,36,7,203,573,239,580,203,573,239,573,239,580,203,580,sub_line_text,table_text,table_0,raleway,italic,7.0,11anp_20211228_163942_4635656998_600_800.png,/scratch/parceirosbr/bigoilict/share/BigOil/document_generator/datasets/documents_2021_12_28/11anp_20211228_163942_4635656998_600_800.png,11anp_20211228_163942_4635656998_600_800_mask.png,apresentam
10,3,21,7,210,584,231,591,210,584,231,584,231,591,210,591,text,table_text,table_0,raleway,italic,7.0,11anp_20211228_163942_4635656998_600_800.png,/scratch/parceirosbr/bigoilict/share/BigOil/document_generator/datasets/documents_2021_12_28/11anp_20211228_163942_4635656998_600_800.png,11anp_20211228_163942_4635656998_600_800_mask.png,estreita
10,3,21,7,210,584,231,591,210,584,231,584,231,591,210,591,sub_line_text,table_text,table_0,raleway,italic,7.0,11anp_20211228_163942_4635656998_600_800.png,/scratch/parceirosbr/bigoilict/share/BigOil/document_generator/datasets/documents_2021_12_28/11anp_20211228_163942_4635656998_600_800.png,11anp_20211228_163942_4635656998_600_800_mask.png,estreita
10,3,21,7,210,595,231,602,210,595,231,595,231,602,210,602,text,table_text,table_0,raleway,italic,7.0,11anp_20211228_163942_4635656998_600_800.png,/scratch/parceirosbr/bigoilict/share/BigOil/document_generator/datasets/documents_2021_12_28/11anp_20211228_163942_4635656998_600_800.png,11anp_20211228_163942_4635656998_600_800_mask.png,análise
10,3,21,7,210,595,231,602,210,595,231,595,231,602,210,602,sub_line_text,table_text,table_0,raleway,italic,7.0,11anp_20211228_163942_4635656998_600_800.png,/scratch/parceirosbr/bigoilict/share/BigOil/document_generator/datasets/documents_2021_12_28/11anp_20211228_163942_4635656998_600_800.png,11anp_20211228_163942_4635656998_600_800_mask.png,análise
12,3,24,7,209,606,233,613,209,606,233,606,233,613,209,613,text,table_text,table_0,raleway,italic,7.0,11anp_20211228_163942_4635656998_600_800.png,/scratch/parceirosbr/bigoilict/share/BigOil/document_generator/datasets/documents_2021_12_28/11anp_20211228_163942_4635656998_600_800.png,11anp_20211228_163942_4635656998_600_800_mask.png,resultou
12,3,24,7,209,606,233,613,209,606,233,606,233,613,209,613,sub_line_text,table_text,table_0,raleway,italic,7.0,11anp_20211228_163942_4635656998_600_800.png,/scratch/parceirosbr/bigoilict/share/BigOil/document_generator/datasets/documents_2021_12_28/11anp_20211228_163942_4635656998_600_800.png,11anp_20211228_163942_4635656998_600_800_mask.png,resultou
11,3,23,7,210,616,233,623,210,616,233,616,233,623,210,623,text,table_text,table_0,raleway,italic,7.0,11anp_20211228_163942_4635656998_600_800.png,/scratch/parceirosbr/bigoilict/share/BigOil/document_generator/datasets/documents_2021_12_28/11anp_20211228_163942_4635656998_600_800.png,11anp_20211228_163942_4635656998_600_800_mask.png,reforma
11,3,23,7,210,616,233,623,210,616,233,616,233,623,210,623,sub_line_text,table_text,table_0,raleway,italic,7.0,11anp_20211228_163942_4635656998_600_800.png,/scratch/parceirosbr/bigoilict/share/BigOil/document_generator/datasets/documents_2021_12_28/11anp_20211228_163942_4635656998_600_800.png,11anp_20211228_163942_4635656998_600_800_mask.png,reforma
15,3,31,7,206,627,237,634,206,627,237,627,237,634,206,634,text,table_text,table_0,raleway,italic,7.0,11anp_20211228_163942_4635656998_600_800.png,/scratch/parceirosbr/bigoilict/share/BigOil/document_generator/datasets/documents_2021_12_28/11anp_20211228_163942_4635656998_600_800.png,11anp_20211228_163942_4635656998_600_800_mask.png,cinéticade
15,3,31,7,206,627,237,634,206,627,237,627,237,634,206,634,sub_line_text,table_text,table_0,raleway,italic,7.0,11anp_20211228_163942_4635656998_600_800.png,/scratch/parceirosbr/bigoilict/share/BigOil/document_generator/datasets/documents_2021_12_28/11anp_20211228_163942_4635656998_600_800.png,11anp_20211228_163942_4635656998_600_800_mask.png,cinéticade
11,3,22,7,271,432,293,439,271,432,293,432,293,439,271,439,text,table_text,table_0,raleway,italic,7.0,11anp_20211228_163942_4635656998_600_800.png,/scratch/parceirosbr/bigoilict/share/BigOil/document_generator/datasets/documents_2021_12_28/11anp_20211228_163942_4635656998_600_800.png,11anp_20211228_163942_4635656998_600_800_mask.png,sentido
11,3,22,7,271,432,293,439,271,432,293,432,293,439,271,439,sub_line_text,table_text,table_0,raleway,italic,7.0,11anp_20211228_163942_4635656998_600_800.png,/scratch/parceirosbr/bigoilict/share/BigOil/document_generator/datasets/documents_2021_12_28/11anp_20211228_163942_4635656998_600_800.png,11anp_20211228_163942_4635656998_600_800_mask.png,sentido
15,3,31,7,262,440,293,447,262,440,293,440,293,447,262,447,text,table_text,table_0,raleway,italic,7.0,11anp_20211228_163942_4635656998_600_800.png,/scratch/parceirosbr/bigoilict/share/BigOil/document_generator/datasets/documents_2021_12_28/11anp_20211228_163942_4635656998_600_800.png,11anp_20211228_163942_4635656998_600_800_mask.png,incertezas
15,3,31,7,262,440,293,447,262,440,293,440,293,447,262,447,sub_line_text,table_text,table_0,raleway,italic,7.0,11anp_20211228_163942_4635656998_600_800.png,/scratch/parceirosbr/bigoilict/share/BigOil/document_generator/datasets/documents_2021_12_28/11anp_20211228_163942_4635656998_600_800.png,11anp_20211228_163942_4635656998_600_800_mask.png,incertezas
14,3,28,7,265,455,293,462,265,455,293,455,293,462,265,462,text,table_text,table_0,raleway,italic,7.0,11anp_20211228_163942_4635656998_600_800.png,/scratch/parceirosbr/bigoilict/share/BigOil/document_generator/datasets/documents_2021_12_28/11anp_20211228_163942_4635656998_600_800.png,11anp_20211228_163942_4635656998_600_800_mask.png,3555522
14,3,28,7,265,455,293,462,265,455,293,455,293,462,265,462,sub_line_text,table_text,table_0,raleway,italic,7.0,11anp_20211228_163942_4635656998_600_800.png,/scratch/parceirosbr/bigoilict/share/BigOil/document_generator/datasets/documents_2021_12_28/11anp_20211228_163942_4635656998_600_800.png,11anp_20211228_163942_4635656998_600_800_mask.png,3555522
13,3,27,7,266,466,293,473,266,466,293,466,293,473,266,473,text,table_text,table_0,raleway,italic,7.0,11anp_20211228_163942_4635656998_600_800.png,/scratch/parceirosbr/bigoilict/share/BigOil/document_generator/datasets/documents_2021_12_28/11anp_20211228_163942_4635656998_600_800.png,11anp_20211228_163942_4635656998_600_800_mask.png,2446921
13,3,27,7,266,466,293,473,266,466,293,466,293,473,266,473,sub_line_text,table_text,table_0,raleway,italic,7.0,11anp_20211228_163942_4635656998_600_800.png,/scratch/parceirosbr/bigoilict/share/BigOil/document_generator/datasets/documents_2021_12_28/11anp_20211228_163942_4635656998_600_800.png,11anp_20211228_163942_4635656998_600_800_mask.png,2446921
13,3,26,7,267,476,293,483,267,476,293,476,293,483,267,483,text,table_text,table_0,raleway,italic,7.0,11anp_20211228_163942_4635656998_600_800.png,/scratch/parceirosbr/bigoilict/share/BigOil/document_generator/datasets/documents_2021_12_28/11anp_20211228_163942_4635656998_600_800.png,11anp_20211228_163942_4635656998_600_800_mask.png,9713443
13,3,26,7,267,476,293,483,267,476,293,476,293,483,267,483,sub_line_text,table_text,table_0,raleway,italic,7.0,11anp_20211228_163942_4635656998_600_800.png,/scratch/parceirosbr/bigoilict/share/BigOil/document_generator/datasets/documents_2021_12_28/11anp_20211228_163942_4635656998_600_800.png,11anp_20211228_163942_4635656998_600_800_mask.png,9713443
13,3,27,7,266,487,293,494,266,487,293,487,293,494,266,494,text,table_text,table_0,raleway,italic,7.0,11anp_20211228_163942_4635656998_600_800.png,/scratch/parceirosbr/bigoilict/share/BigOil/document_generator/datasets/documents_2021_12_28/11anp_20211228_163942_4635656998_600_800.png,11anp_20211228_163942_4635656998_600_800_mask.png,6022505
13,3,27,7,266,487,293,494,266,487,293,487,293,494,266,494,sub_line_text,table_text,table_0,raleway,italic,7.0,11anp_20211228_163942_4635656998_600_800.png,/scratch/parceirosbr/bigoilict/share/BigOil/document_generator/datasets/documents_2021_12_28/11anp_20211228_163942_4635656998_600_800.png,11anp_20211228_163942_4635656998_600_800_mask.png,6022505
13,3,27,7,266,498,293,505,266,498,293,498,293,505,266,505,text,table_text,table_0,raleway,italic,7.0,11anp_20211228_163942_4635656998_600_800.png,/scratch/parceirosbr/bigoilict/share/BigOil/document_generator/datasets/documents_2021_12_28/11anp_20211228_163942_4635656998_600_800.png,11anp_20211228_163942_4635656998_600_800_mask.png,2453221
13,3,27,7,266,498,293,505,266,498,293,498,293,505,266,505,sub_line_text,table_text,table_0,raleway,italic,7.0,11anp_20211228_163942_4635656998_600_800.png,/scratch/parceirosbr/bigoilict/share/BigOil/document_generator/datasets/documents_2021_12_28/11anp_20211228_163942_4635656998_600_800.png,11anp_20211228_163942_4635656998_600_800_mask.png,2453221
13,3,26,7,267,509,293,516,267,509,293,509,293,516,267,516,text,table_text,table_0,raleway,italic,7.0,11anp_20211228_163942_4635656998_600_800.png,/scratch/parceirosbr/bigoilict/share/BigOil/document_generator/datasets/documents_2021_12_28/11anp_20211228_163942_4635656998_600_800.png,11anp_20211228_163942_4635656998_600_800_mask.png,1209803
13,3,26,7,267,509,293,516,267,509,293,509,293,516,267,516,sub_line_text,table_text,table_0,raleway,italic,7.0,11anp_20211228_163942_4635656998_600_800.png,/scratch/parceirosbr/bigoilict/share/BigOil/document_generator/datasets/documents_2021_12_28/11anp_20211228_163942_4635656998_600_800.png,11anp_20211228_163942_4635656998_600_800_mask.png,1209803
13,3,26,7,267,519,293,526,267,519,293,519,293,526,267,526,text,table_text,table_0,raleway,italic,7.0,11anp_20211228_163942_4635656998_600_800.png,/scratch/parceirosbr/bigoilict/share/BigOil/document_generator/datasets/documents_2021_12_28/11anp_20211228_163942_4635656998_600_800.png,11anp_20211228_163942_4635656998_600_800_mask.png,8585212
13,3,26,7,267,519,293,526,267,519,293,519,293,526,267,526,sub_line_text,table_text,table_0,raleway,italic,7.0,11anp_20211228_163942_4635656998_600_800.png,/scratch/parceirosbr/bigoilict/share/BigOil/document_generator/datasets/documents_2021_12_28/11anp_20211228_163942_4635656998_600_800.png,11anp_20211228_163942_4635656998_600_800_mask.png,8585212
12,3,24,7,269,530,293,537,269,530,293,530,293,537,269,537,text,table_text,table_0,raleway,italic,7.0,11anp_20211228_163942_4635656998_600_800.png,/scratch/parceirosbr/bigoilict/share/BigOil/document_generator/datasets/documents_2021_12_28/11anp_20211228_163942_4635656998_600_800.png,11anp_20211228_163942_4635656998_600_800_mask.png,1421431
12,3,24,7,269,530,293,537,269,530,293,530,293,537,269,537,sub_line_text,table_text,table_0,raleway,italic,7.0,11anp_20211228_163942_4635656998_600_800.png,/scratch/parceirosbr/bigoilict/share/BigOil/document_generator/datasets/documents_2021_12_28/11anp_20211228_163942_4635656998_600_800.png,11anp_20211228_163942_4635656998_600_800_mask.png,1421431
13,3,26,7,267,541,293,548,267,541,293,541,293,548,267,548,text,table_text,table_0,raleway,italic,7.0,11anp_20211228_163942_4635656998_600_800.png,/scratch/parceirosbr/bigoilict/share/BigOil/document_generator/datasets/documents_2021_12_28/11anp_20211228_163942_4635656998_600_800.png,11anp_20211228_163942_4635656998_600_800_mask.png,6990081
13,3,26,7,267,541,293,548,267,541,293,541,293,548,267,548,sub_line_text,table_text,table_0,raleway,italic,7.0,11anp_20211228_163942_4635656998_600_800.png,/scratch/parceirosbr/bigoilict/share/BigOil/document_generator/datasets/documents_2021_12_28/11anp_20211228_163942_4635656998_600_800.png,11anp_20211228_163942_4635656998_600_800_mask.png,6990081
13,3,26,7,267,552,293,559,267,552,293,552,293,559,267,559,text,table_text,table_0,raleway,italic,7.0,11anp_20211228_163942_4635656998_600_800.png,/scratch/parceirosbr/bigoilict/share/BigOil/document_generator/datasets/documents_2021_12_28/11anp_20211228_163942_4635656998_600_800.png,11anp_20211228_163942_4635656998_600_800_mask.png,9573816
13,3,26,7,267,552,293,559,267,552,293,552,293,559,267,559,sub_line_text,table_text,table_0,raleway,italic,7.0,11anp_20211228_163942_4635656998_600_800.png,/scratch/parceirosbr/bigoilict/share/BigOil/document_generator/datasets/documents_2021_12_28/11anp_20211228_163942_4635656998_600_800.png,11anp_20211228_163942_4635656998_600_800_mask.png,9573816
13,3,27,7,266,563,293,570,266,563,293,563,293,570,266,570,text,table_text,table_0,raleway,italic,7.0,11anp_20211228_163942_4635656998_600_800.png,/scratch/parceirosbr/bigoilict/share/BigOil/document_generator/datasets/documents_2021_12_28/11anp_20211228_163942_4635656998_600_800.png,11anp_20211228_163942_4635656998_600_800_mask.png,9643926
13,3,27,7,266,563,293,570,266,563,293,563,293,570,266,570,sub_line_text,table_text,table_0,raleway,italic,7.0,11anp_20211228_163942_4635656998_600_800.png,/scratch/parceirosbr/bigoilict/share/BigOil/document_generator/datasets/documents_2021_12_28/11anp_20211228_163942_4635656998_600_800.png,11anp_20211228_163942_4635656998_600_800_mask.png,9643926
13,3,27,7,266,573,293,580,266,573,293,573,293,580,266,580,text,table_text,table_0,raleway,italic,7.0,11anp_20211228_163942_4635656998_600_800.png,/scratch/parceirosbr/bigoilict/share/BigOil/document_generator/datasets/documents_2021_12_28/11anp_20211228_163942_4635656998_600_800.png,11anp_20211228_163942_4635656998_600_800_mask.png,6996699
13,3,27,7,266,573,293,580,266,573,293,573,293,580,266,580,sub_line_text,table_text,table_0,raleway,italic,7.0,11anp_20211228_163942_4635656998_600_800.png,/scratch/parceirosbr/bigoilict/share/BigOil/document_generator/datasets/documents_2021_12_28/11anp_20211228_163942_4635656998_600_800.png,11anp_20211228_163942_4635656998_600_800_mask.png,6996699
13,3,26,7,267,584,293,591,267,584,293,584,293,591,267,591,text,table_text,table_0,raleway,italic,7.0,11anp_20211228_163942_4635656998_600_800.png,/scratch/parceirosbr/bigoilict/share/BigOil/document_generator/datasets/documents_2021_12_28/11anp_20211228_163942_4635656998_600_800.png,11anp_20211228_163942_4635656998_600_800_mask.png,1525889
13,3,26,7,267,584,293,591,267,584,293,584,293,591,267,591,sub_line_text,table_text,table_0,raleway,italic,7.0,11anp_20211228_163942_4635656998_600_800.png,/scratch/parceirosbr/bigoilict/share/BigOil/document_generator/datasets/documents_2021_12_28/11anp_20211228_163942_4635656998_600_800.png,11anp_20211228_163942_4635656998_600_800_mask.png,1525889
13,3,26,7,267,595,293,602,267,595,293,595,293,602,267,602,text,table_text,table_0,raleway,italic,7.0,11anp_20211228_163942_4635656998_600_800.png,/scratch/parceirosbr/bigoilict/share/BigOil/document_generator/datasets/documents_2021_12_28/11anp_20211228_163942_4635656998_600_800.png,11anp_20211228_163942_4635656998_600_800_mask.png,1958224
13,3,26,7,267,595,293,602,267,595,293,595,293,602,267,602,sub_line_text,table_text,table_0,raleway,italic,7.0,11anp_20211228_163942_4635656998_600_800.png,/scratch/parceirosbr/bigoilict/share/BigOil/document_generator/datasets/documents_2021_12_28/11anp_20211228_163942_4635656998_600_800.png,11anp_20211228_163942_4635656998_600_800_mask.png,1958224
13,3,26,7,267,606,293,613,267,606,293,606,293,613,267,613,text,table_text,table_0,raleway,italic,7.0,11anp_20211228_163942_4635656998_600_800.png,/scratch/parceirosbr/bigoilict/share/BigOil/document_generator/datasets/documents_2021_12_28/11anp_20211228_163942_4635656998_600_800.png,11anp_20211228_163942_4635656998_600_800_mask.png,1654424
13,3,26,7,267,606,293,613,267,606,293,606,293,613,267,613,sub_line_text,table_text,table_0,raleway,italic,7.0,11anp_20211228_163942_4635656998_600_800.png,/scratch/parceirosbr/bigoilict/share/BigOil/document_generator/datasets/documents_2021_12_28/11anp_20211228_163942_4635656998_600_800.png,11anp_20211228_163942_4635656998_600_800_mask.png,1654424
13,3,26,7,267,616,293,623,267,616,293,616,293,623,267,623,text,table_text,table_0,raleway,italic,7.0,11anp_20211228_163942_4635656998_600_800.png,/scratch/parceirosbr/bigoilict/share/BigOil/document_generator/datasets/documents_2021_12_28/11anp_20211228_163942_4635656998_600_800.png,11anp_20211228_163942_4635656998_600_800_mask.png,1758099
13,3,26,7,267,616,293,623,267,616,293,616,293,623,267,623,sub_line_text,table_text,table_0,raleway,italic,7.0,11anp_20211228_163942_4635656998_600_800.png,/scratch/parceirosbr/bigoilict/share/BigOil/document_generator/datasets/documents_2021_12_28/11anp_20211228_163942_4635656998_600_800.png,11anp_20211228_163942_4635656998_600_800_mask.png,1758099
13,3,27,7,266,627,293,634,266,627,293,627,293,634,266,634,text,table_text,table_0,raleway,italic,7.0,11anp_20211228_163942_4635656998_600_800.png,/scratch/parceirosbr/bigoilict/share/BigOil/document_generator/datasets/documents_2021_12_28/11anp_20211228_163942_4635656998_600_800.png,11anp_20211228_163942_4635656998_600_800_mask.png,5632861
13,3,27,7,266,627,293,634,266,627,293,627,293,634,266,634,sub_line_text,table_text,table_0,raleway,italic,7.0,11anp_20211228_163942_4635656998_600_800.png,/scratch/parceirosbr/bigoilict/share/BigOil/document_generator/datasets/documents_2021_12_28/11anp_20211228_163942_4635656998_600_800.png,11anp_20211228_163942_4635656998_600_800_mask.png,5632861
8,3,17,7,345,432,362,439,345,432,362,432,362,439,345,439,text,table_text,table_0,raleway,italic,7.0,11anp_20211228_163942_4635656998_600_800.png,/scratch/parceirosbr/bigoilict/share/BigOil/document_generator/datasets/documents_2021_12_28/11anp_20211228_163942_4635656998_600_800.png,11anp_20211228_163942_4635656998_600_800_mask.png,tendo
8,3,17,7,345,432,362,439,345,432,362,432,362,439,345,439,sub_line_text,table_text,table_0,raleway,italic,7.0,11anp_20211228_163942_4635656998_600_800.png,/scratch/parceirosbr/bigoilict/share/BigOil/document_generator/datasets/documents_2021_12_28/11anp_20211228_163942_4635656998_600_800.png,11anp_20211228_163942_4635656998_600_800_mask.png,tendo
9,3,18,7,344,440,362,447,344,440,362,440,362,447,344,447,text,table_text,table_0,raleway,italic,7.0,11anp_20211228_163942_4635656998_600_800.png,/scratch/parceirosbr/bigoilict/share/BigOil/document_generator/datasets/documents_2021_12_28/11anp_20211228_163942_4635656998_600_800.png,11anp_20211228_163942_4635656998_600_800_mask.png,testes
9,3,18,7,344,440,362,447,344,440,362,440,362,447,344,447,sub_line_text,table_text,table_0,raleway,italic,7.0,11anp_20211228_163942_4635656998_600_800.png,/scratch/parceirosbr/bigoilict/share/BigOil/document_generator/datasets/documents_2021_12_28/11anp_20211228_163942_4635656998_600_800.png,11anp_20211228_163942_4635656998_600_800_mask.png,testes
14,3,29,7,333,455,362,462,333,455,362,455,362,462,333,462,text,table_text,table_0,raleway,italic,7.0,11anp_20211228_163942_4635656998_600_800.png,/scratch/parceirosbr/bigoilict/share/BigOil/document_generator/datasets/documents_2021_12_28/11anp_20211228_163942_4635656998_600_800.png,11anp_20211228_163942_4635656998_600_800_mask.png,80131264
14,3,29,7,333,455,362,462,333,455,362,455,362,462,333,462,sub_line_text,table_text,table_0,raleway,italic,7.0,11anp_20211228_163942_4635656998_600_800.png,/scratch/parceirosbr/bigoilict/share/BigOil/document_generator/datasets/documents_2021_12_28/11anp_20211228_163942_4635656998_600_800.png,11anp_20211228_163942_4635656998_600_800_mask.png,80131264
9,3,19,7,343,466,362,473,343,466,362,466,362,473,343,473,text,table_text,table_0,raleway,italic,7.0,11anp_20211228_163942_4635656998_600_800.png,/scratch/parceirosbr/bigoilict/share/BigOil/document_generator/datasets/documents_2021_12_28/11anp_20211228_163942_4635656998_600_800.png,11anp_20211228_163942_4635656998_600_800_mask.png,80382
9,3,19,7,343,466,362,473,343,466,362,466,362,473,343,473,sub_line_text,table_text,table_0,raleway,italic,7.0,11anp_20211228_163942_4635656998_600_800.png,/scratch/parceirosbr/bigoilict/share/BigOil/document_generator/datasets/documents_2021_12_28/11anp_20211228_163942_4635656998_600_800.png,11anp_20211228_163942_4635656998_600_800_mask.png,80382
10,3,20,7,342,476,362,483,342,476,362,476,362,483,342,483,text,table_text,table_0,raleway,italic,7.0,11anp_20211228_163942_4635656998_600_800.png,/scratch/parceirosbr/bigoilict/share/BigOil/document_generator/datasets/documents_2021_12_28/11anp_20211228_163942_4635656998_600_800.png,11anp_20211228_163942_4635656998_600_800_mask.png,38023
10,3,20,7,342,476,362,483,342,476,362,476,362,483,342,483,sub_line_text,table_text,table_0,raleway,italic,7.0,11anp_20211228_163942_4635656998_600_800.png,/scratch/parceirosbr/bigoilict/share/BigOil/document_generator/datasets/documents_2021_12_28/11anp_20211228_163942_4635656998_600_800.png,11anp_20211228_163942_4635656998_600_800_mask.png,38023
10,3,20,7,342,487,362,494,342,487,362,487,362,494,342,494,text,table_text,table_0,raleway,italic,7.0,11anp_20211228_163942_4635656998_600_800.png,/scratch/parceirosbr/bigoilict/share/BigOil/document_generator/datasets/documents_2021_12_28/11anp_20211228_163942_4635656998_600_800.png,11anp_20211228_163942_4635656998_600_800_mask.png,34283
10,3,20,7,342,487,362,494,342,487,362,487,362,494,342,494,sub_line_text,table_text,table_0,raleway,italic,7.0,11anp_20211228_163942_4635656998_600_800.png,/scratch/parceirosbr/bigoilict/share/BigOil/document_generator/datasets/documents_2021_12_28/11anp_20211228_163942_4635656998_600_800.png,11anp_20211228_163942_4635656998_600_800_mask.png,34283
8,3,16,7,346,498,362,505,346,498,362,498,362,505,346,505,text,table_text,table_0,raleway,italic,7.0,11anp_20211228_163942_4635656998_600_800.png,/scratch/parceirosbr/bigoilict/share/BigOil/document_generator/datasets/documents_2021_12_28/11anp_20211228_163942_4635656998_600_800.png,11anp_20211228_163942_4635656998_600_800_mask.png,5005
8,3,16,7,346,498,362,505,346,498,362,498,362,505,346,505,sub_line_text,table_text,table_0,raleway,italic,7.0,11anp_20211228_163942_4635656998_600_800.png,/scratch/parceirosbr/bigoilict/share/BigOil/document_generator/datasets/documents_2021_12_28/11anp_20211228_163942_4635656998_600_800.png,11anp_20211228_163942_4635656998_600_800_mask.png,5005
9,3,19,7,343,509,362,516,343,509,362,509,362,516,343,516,text,table_text,table_0,raleway,italic,7.0,11anp_20211228_163942_4635656998_600_800.png,/scratch/parceirosbr/bigoilict/share/BigOil/document_generator/datasets/documents_2021_12_28/11anp_20211228_163942_4635656998_600_800.png,11anp_20211228_163942_4635656998_600_800_mask.png,97777
9,3,19,7,343,509,362,516,343,509,362,509,362,516,343,516,sub_line_text,table_text,table_0,raleway,italic,7.0,11anp_20211228_163942_4635656998_600_800.png,/scratch/parceirosbr/bigoilict/share/BigOil/document_generator/datasets/documents_2021_12_28/11anp_20211228_163942_4635656998_600_800.png,11anp_20211228_163942_4635656998_600_800_mask.png,97777
10,3,20,7,342,519,362,526,342,519,362,519,362,526,342,526,text,table_text,table_0,raleway,italic,7.0,11anp_20211228_163942_4635656998_600_800.png,/scratch/parceirosbr/bigoilict/share/BigOil/document_generator/datasets/documents_2021_12_28/11anp_20211228_163942_4635656998_600_800.png,11anp_20211228_163942_4635656998_600_800_mask.png,26765
10,3,20,7,342,519,362,526,342,519,362,519,362,526,342,526,sub_line_text,table_text,table_0,raleway,italic,7.0,11anp_20211228_163942_4635656998_600_800.png,/scratch/parceirosbr/bigoilict/share/BigOil/document_generator/datasets/documents_2021_12_28/11anp_20211228_163942_4635656998_600_800.png,11anp_20211228_163942_4635656998_600_800_mask.png,26765
12,3,24,7,338,530,362,537,338,530,362,530,362,537,338,537,text,table_text,table_0,raleway,italic,7.0,11anp_20211228_163942_4635656998_600_800.png,/scratch/parceirosbr/bigoilict/share/BigOil/document_generator/datasets/documents_2021_12_28/11anp_20211228_163942_4635656998_600_800.png,11anp_20211228_163942_4635656998_600_800_mask.png,525522
12,3,24,7,338,530,362,537,338,530,362,530,362,537,338,537,sub_line_text,table_text,table_0,raleway,italic,7.0,11anp_20211228_163942_4635656998_600_800.png,/scratch/parceirosbr/bigoilict/share/BigOil/document_generator/datasets/documents_2021_12_28/11anp_20211228_163942_4635656998_600_800.png,11anp_20211228_163942_4635656998_600_800_mask.png,525522
5,3,10,7,352,541,362,548,352,541,362,541,362,548,352,548,text,table_text,table_0,raleway,italic,7.0,11anp_20211228_163942_4635656998_600_800.png,/scratch/parceirosbr/bigoilict/share/BigOil/document_generator/datasets/documents_2021_12_28/11anp_20211228_163942_4635656998_600_800.png,11anp_20211228_163942_4635656998_600_800_mask.png,125
5,3,10,7,352,541,362,548,352,541,362,541,362,548,352,548,sub_line_text,table_text,table_0,raleway,italic,7.0,11anp_20211228_163942_4635656998_600_800.png,/scratch/parceirosbr/bigoilict/share/BigOil/document_generator/datasets/documents_2021_12_28/11anp_20211228_163942_4635656998_600_800.png,11anp_20211228_163942_4635656998_600_800_mask.png,125
15,3,31,7,331,552,362,559,331,552,362,552,362,559,331,559,text,table_text,table_0,raleway,italic,7.0,11anp_20211228_163942_4635656998_600_800.png,/scratch/parceirosbr/bigoilict/share/BigOil/document_generator/datasets/documents_2021_12_28/11anp_20211228_163942_4635656998_600_800.png,11anp_20211228_163942_4635656998_600_800_mask.png,87723082
15,3,31,7,331,552,362,559,331,552,362,552,362,559,331,559,sub_line_text,table_text,table_0,raleway,italic,7.0,11anp_20211228_163942_4635656998_600_800.png,/scratch/parceirosbr/bigoilict/share/BigOil/document_generator/datasets/documents_2021_12_28/11anp_20211228_163942_4635656998_600_800.png,11anp_20211228_163942_4635656998_600_800_mask.png,87723082
10,3,20,7,342,563,362,570,342,563,362,563,362,570,342,570,text,table_text,table_0,raleway,italic,7.0,11anp_20211228_163942_4635656998_600_800.png,/scratch/parceirosbr/bigoilict/share/BigOil/document_generator/datasets/documents_2021_12_28/11anp_20211228_163942_4635656998_600_800.png,11anp_20211228_163942_4635656998_600_800_mask.png,28975
10,3,20,7,342,563,362,570,342,563,362,563,362,570,342,570,sub_line_text,table_text,table_0,raleway,italic,7.0,11anp_20211228_163942_4635656998_600_800.png,/scratch/parceirosbr/bigoilict/share/BigOil/document_generator/datasets/documents_2021_12_28/11anp_20211228_163942_4635656998_600_800.png,11anp_20211228_163942_4635656998_600_800_mask.png,28975
14,3,28,7,334,573,362,580,334,573,362,573,362,580,334,580,text,table_text,table_0,raleway,italic,7.0,11anp_20211228_163942_4635656998_600_800.png,/scratch/parceirosbr/bigoilict/share/BigOil/document_generator/datasets/documents_2021_12_28/11anp_20211228_163942_4635656998_600_800.png,11anp_20211228_163942_4635656998_600_800_mask.png,5480279
14,3,28,7,334,573,362,580,334,573,362,573,362,580,334,580,sub_line_text,table_text,table_0,raleway,italic,7.0,11anp_20211228_163942_4635656998_600_800.png,/scratch/parceirosbr/bigoilict/share/BigOil/document_generator/datasets/documents_2021_12_28/11anp_20211228_163942_4635656998_600_800.png,11anp_20211228_163942_4635656998_600_800_mask.png,5480279
12,3,24,7,338,584,362,591,338,584,362,584,362,591,338,591,text,table_text,table_0,raleway,italic,7.0,11anp_20211228_163942_4635656998_600_800.png,/scratch/parceirosbr/bigoilict/share/BigOil/document_generator/datasets/documents_2021_12_28/11anp_20211228_163942_4635656998_600_800.png,11anp_20211228_163942_4635656998_600_800_mask.png,207068
12,3,24,7,338,584,362,591,338,584,362,584,362,591,338,591,sub_line_text,table_text,table_0,raleway,italic,7.0,11anp_20211228_163942_4635656998_600_800.png,/scratch/parceirosbr/bigoilict/share/BigOil/document_generator/datasets/documents_2021_12_28/11anp_20211228_163942_4635656998_600_800.png,11anp_20211228_163942_4635656998_600_800_mask.png,207068
7,3,15,7,347,595,362,602,347,595,362,595,362,602,347,602,text,table_text,table_0,raleway,italic,7.0,11anp_20211228_163942_4635656998_600_800.png,/scratch/parceirosbr/bigoilict/share/BigOil/document_generator/datasets/documents_2021_12_28/11anp_20211228_163942_4635656998_600_800.png,11anp_20211228_163942_4635656998_600_800_mask.png,6008
7,3,15,7,347,595,362,602,347,595,362,595,362,602,347,602,sub_line_text,table_text,table_0,raleway,italic,7.0,11anp_20211228_163942_4635656998_600_800.png,/scratch/parceirosbr/bigoilict/share/BigOil/document_generator/datasets/documents_2021_12_28/11anp_20211228_163942_4635656998_600_800.png,11anp_20211228_163942_4635656998_600_800_mask.png,6008
8,3,16,7,346,606,362,613,346,606,362,606,362,613,346,613,text,table_text,table_0,raleway,italic,7.0,11anp_20211228_163942_4635656998_600_800.png,/scratch/parceirosbr/bigoilict/share/BigOil/document_generator/datasets/documents_2021_12_28/11anp_20211228_163942_4635656998_600_800.png,11anp_20211228_163942_4635656998_600_800_mask.png,7022
8,3,16,7,346,606,362,613,346,606,362,606,362,613,346,613,sub_line_text,table_text,table_0,raleway,italic,7.0,11anp_20211228_163942_4635656998_600_800.png,/scratch/parceirosbr/bigoilict/share/BigOil/document_generator/datasets/documents_2021_12_28/11anp_20211228_163942_4635656998_600_800.png,11anp_20211228_163942_4635656998_600_800_mask.png,7022
10,3,20,7,342,616,362,623,342,616,362,616,362,623,342,623,text,table_text,table_0,raleway,italic,7.0,11anp_20211228_163942_4635656998_600_800.png,/scratch/parceirosbr/bigoilict/share/BigOil/document_generator/datasets/documents_2021_12_28/11anp_20211228_163942_4635656998_600_800.png,11anp_20211228_163942_4635656998_600_800_mask.png,34030
10,3,20,7,342,616,362,623,342,616,362,616,362,623,342,623,sub_line_text,table_text,table_0,raleway,italic,7.0,11anp_20211228_163942_4635656998_600_800.png,/scratch/parceirosbr/bigoilict/share/BigOil/document_generator/datasets/documents_2021_12_28/11anp_20211228_163942_4635656998_600_800.png,11anp_20211228_163942_4635656998_600_800_mask.png,34030
5,3,11,7,351,627,362,634,351,627,362,627,362,634,351,634,text,table_text,table_0,raleway,italic,7.0,11anp_20211228_163942_4635656998_600_800.png,/scratch/parceirosbr/bigoilict/share/BigOil/document_generator/datasets/documents_2021_12_28/11anp_20211228_163942_4635656998_600_800.png,11anp_20211228_163942_4635656998_600_800_mask.png,804
5,3,11,7,351,627,362,634,351,627,362,627,362,634,351,634,sub_line_text,table_text,table_0,raleway,italic,7.0,11anp_20211228_163942_4635656998_600_800.png,/scratch/parceirosbr/bigoilict/share/BigOil/document_generator/datasets/documents_2021_12_28/11anp_20211228_163942_4635656998_600_800.png,11anp_20211228_163942_4635656998_600_800_mask.png,804
30,3,61,7,370,432,431,439,370,432,431,432,431,439,370,439,text,table_text,table_0,raleway,italic,7.0,11anp_20211228_163942_4635656998_600_800.png,/scratch/parceirosbr/bigoilict/share/BigOil/document_generator/datasets/documents_2021_12_28/11anp_20211228_163942_4635656998_600_800.png,11anp_20211228_163942_4635656998_600_800_mask.png,fenômenocompleto
30,3,61,7,370,432,431,439,370,432,431,432,431,439,370,439,sub_line_text,table_text,table_0,raleway,italic,7.0,11anp_20211228_163942_4635656998_600_800.png,/scratch/parceirosbr/bigoilict/share/BigOil/document_generator/datasets/documents_2021_12_28/11anp_20211228_163942_4635656998_600_800.png,11anp_20211228_163942_4635656998_600_800_mask.png,fenômenocompleto
11,3,23,7,390,440,413,447,390,440,413,440,413,447,390,447,text,table_text,table_0,raleway,italic,7.0,11anp_20211228_163942_4635656998_600_800.png,/scratch/parceirosbr/bigoilict/share/BigOil/document_generator/datasets/documents_2021_12_28/11anp_20211228_163942_4635656998_600_800.png,11anp_20211228_163942_4635656998_600_800_mask.png,modelo
11,3,23,7,390,440,413,447,390,440,413,440,413,447,390,447,sub_line_text,table_text,table_0,raleway,italic,7.0,11anp_20211228_163942_4635656998_600_800.png,/scratch/parceirosbr/bigoilict/share/BigOil/document_generator/datasets/documents_2021_12_28/11anp_20211228_163942_4635656998_600_800.png,11anp_20211228_163942_4635656998_600_800_mask.png,modelo
29,3,59,7,371,455,430,462,371,455,430,455,430,462,371,462,text,table_text,table_0,raleway,italic,7.0,11anp_20211228_163942_4635656998_600_800.png,/scratch/parceirosbr/bigoilict/share/BigOil/document_generator/datasets/documents_2021_12_28/11anp_20211228_163942_4635656998_600_800.png,11anp_20211228_163942_4635656998_600_800_mask.png,consequentemente
29,3,59,7,371,455,430,462,371,455,430,455,430,462,371,462,sub_line_text,table_text,table_0,raleway,italic,7.0,11anp_20211228_163942_4635656998_600_800.png,/scratch/parceirosbr/bigoilict/share/BigOil/document_generator/datasets/documents_2021_12_28/11anp_20211228_163942_4635656998_600_800.png,11anp_20211228_163942_4635656998_600_800_mask.png,consequentemente
15,3,30,7,386,466,416,473,386,466,416,466,416,473,386,473,text,table_text,table_0,raleway,italic,7.0,11anp_20211228_163942_4635656998_600_800.png,/scratch/parceirosbr/bigoilict/share/BigOil/document_generator/datasets/documents_2021_12_28/11anp_20211228_163942_4635656998_600_800.png,11anp_20211228_163942_4635656998_600_800_mask.png,formação
15,3,30,7,386,466,416,473,386,466,416,466,416,473,386,473,sub_line_text,table_text,table_0,raleway,italic,7.0,11anp_20211228_163942_4635656998_600_800.png,/scratch/parceirosbr/bigoilict/share/BigOil/document_generator/datasets/documents_2021_12_28/11anp_20211228_163942_4635656998_600_800.png,11anp_20211228_163942_4635656998_600_800_mask.png,formação
10,3,20,7,391,476,411,483,391,476,411,476,411,483,391,483,text,table_text,table_0,raleway,italic,7.0,11anp_20211228_163942_4635656998_600_800.png,/scratch/parceirosbr/bigoilict/share/BigOil/document_generator/datasets/documents_2021_12_28/11anp_20211228_163942_4635656998_600_800.png,11anp_20211228_163942_4635656998_600_800_mask.png,geram
10,3,20,7,391,476,411,483,391,476,411,476,411,483,391,483,sub_line_text,table_text,table_0,raleway,italic,7.0,11anp_20211228_163942_4635656998_600_800.png,/scratch/parceirosbr/bigoilict/share/BigOil/document_generator/datasets/documents_2021_12_28/11anp_20211228_163942_4635656998_600_800.png,11anp_20211228_163942_4635656998_600_800_mask.png,geram
16,3,32,7,385,487,417,494,385,487,417,487,417,494,385,494,text,table_text,table_0,raleway,italic,7.0,11anp_20211228_163942_4635656998_600_800.png,/scratch/parceirosbr/bigoilict/share/BigOil/document_generator/datasets/documents_2021_12_28/11anp_20211228_163942_4635656998_600_800.png,11anp_20211228_163942_4635656998_600_800_mask.png,diminuição
16,3,32,7,385,487,417,494,385,487,417,487,417,494,385,494,sub_line_text,table_text,table_0,raleway,italic,7.0,11anp_20211228_163942_4635656998_600_800.png,/scratch/parceirosbr/bigoilict/share/BigOil/document_generator/datasets/documents_2021_12_28/11anp_20211228_163942_4635656998_600_800.png,11anp_20211228_163942_4635656998_600_800_mask.png,diminuição
13,3,26,7,388,498,414,505,388,498,414,498,414,505,388,505,text,table_text,table_0,raleway,italic,7.0,11anp_20211228_163942_4635656998_600_800.png,/scratch/parceirosbr/bigoilict/share/BigOil/document_generator/datasets/documents_2021_12_28/11anp_20211228_163942_4635656998_600_800.png,11anp_20211228_163942_4635656998_600_800_mask.png,recursos
13,3,26,7,388,498,414,505,388,498,414,498,414,505,388,505,sub_line_text,table_text,table_0,raleway,italic,7.0,11anp_20211228_163942_4635656998_600_800.png,/scratch/parceirosbr/bigoilict/share/BigOil/document_generator/datasets/documents_2021_12_28/11anp_20211228_163942_4635656998_600_800.png,11anp_20211228_163942_4635656998_600_800_mask.png,recursos
21,3,42,7,380,509,422,516,380,509,422,509,422,516,380,516,text,table_text,table_0,raleway,italic,7.0,11anp_20211228_163942_4635656998_600_800.png,/scratch/parceirosbr/bigoilict/share/BigOil/document_generator/datasets/documents_2021_12_28/11anp_20211228_163942_4635656998_600_800.png,11anp_20211228_163942_4635656998_600_800_mask.png,anteriormente
21,3,42,7,380,509,422,516,380,509,422,509,422,516,380,516,sub_line_text,table_text,table_0,raleway,italic,7.0,11anp_20211228_163942_4635656998_600_800.png,/scratch/parceirosbr/bigoilict/share/BigOil/document_generator/datasets/documents_2021_12_28/11anp_20211228_163942_4635656998_600_800.png,11anp_20211228_163942_4635656998_600_800_mask.png,anteriormente
7,3,15,7,394,519,409,526,394,519,409,519,409,526,394,526,text,table_text,table_0,raleway,italic,7.0,11anp_20211228_163942_4635656998_600_800.png,/scratch/parceirosbr/bigoilict/share/BigOil/document_generator/datasets/documents_2021_12_28/11anp_20211228_163942_4635656998_600_800.png,11anp_20211228_163942_4635656998_600_800_mask.png,entre
7,3,15,7,394,519,409,526,394,519,409,519,409,526,394,526,sub_line_text,table_text,table_0,raleway,italic,7.0,11anp_20211228_163942_4635656998_600_800.png,/scratch/parceirosbr/bigoilict/share/BigOil/document_generator/datasets/documents_2021_12_28/11anp_20211228_163942_4635656998_600_800.png,11anp_20211228_163942_4635656998_600_800_mask.png,entre
6,3,12,7,395,530,407,537,395,530,407,530,407,537,395,537,text,table_text,table_0,raleway,italic,7.0,11anp_20211228_163942_4635656998_600_800.png,/scratch/parceirosbr/bigoilict/share/BigOil/document_generator/datasets/documents_2021_12_28/11anp_20211228_163942_4635656998_600_800.png,11anp_20211228_163942_4635656998_600_800_mask.png,vista
6,3,12,7,395,530,407,537,395,530,407,530,407,537,395,537,sub_line_text,table_text,table_0,raleway,italic,7.0,11anp_20211228_163942_4635656998_600_800.png,/scratch/parceirosbr/bigoilict/share/BigOil/document_generator/datasets/documents_2021_12_28/11anp_20211228_163942_4635656998_600_800.png,11anp_20211228_163942_4635656998_600_800_mask.png,vista
17,3,34,7,384,541,418,548,384,541,418,541,418,548,384,548,text,table_text,table_0,raleway,italic,7.0,11anp_20211228_163942_4635656998_600_800.png,/scratch/parceirosbr/bigoilict/share/BigOil/document_generator/datasets/documents_2021_12_28/11anp_20211228_163942_4635656998_600_800.png,11anp_20211228_163942_4635656998_600_800_mask.png,quantitativa
17,3,34,7,384,541,418,548,384,541,418,541,418,548,384,548,sub_line_text,table_text,table_0,raleway,italic,7.0,11anp_20211228_163942_4635656998_600_800.png,/scratch/parceirosbr/bigoilict/share/BigOil/document_generator/datasets/documents_2021_12_28/11anp_20211228_163942_4635656998_600_800.png,11anp_20211228_163942_4635656998_600_800_mask.png,quantitativa
17,3,34,7,384,552,418,559,384,552,418,552,418,559,384,559,text,table_text,table_0,raleway,italic,7.0,11anp_20211228_163942_4635656998_600_800.png,/scratch/parceirosbr/bigoilict/share/BigOil/document_generator/datasets/documents_2021_12_28/11anp_20211228_163942_4635656998_600_800.png,11anp_20211228_163942_4635656998_600_800_mask.png,problemas
17,3,34,7,384,552,418,559,384,552,418,552,418,559,384,559,sub_line_text,table_text,table_0,raleway,italic,7.0,11anp_20211228_163942_4635656998_600_800.png,/scratch/parceirosbr/bigoilict/share/BigOil/document_generator/datasets/documents_2021_12_28/11anp_20211228_163942_4635656998_600_800.png,11anp_20211228_163942_4635656998_600_800_mask.png,problemas
15,3,30,7,386,563,416,570,386,563,416,563,416,570,386,570,text,table_text,table_0,raleway,italic,7.0,11anp_20211228_163942_4635656998_600_800.png,/scratch/parceirosbr/bigoilict/share/BigOil/document_generator/datasets/documents_2021_12_28/11anp_20211228_163942_4635656998_600_800.png,11anp_20211228_163942_4635656998_600_800_mask.png,ineficiente
15,3,30,7,386,563,416,570,386,563,416,563,416,570,386,570,sub_line_text,table_text,table_0,raleway,italic,7.0,11anp_20211228_163942_4635656998_600_800.png,/scratch/parceirosbr/bigoilict/share/BigOil/document_generator/datasets/documents_2021_12_28/11anp_20211228_163942_4635656998_600_800.png,11anp_20211228_163942_4635656998_600_800_mask.png,ineficiente
17,3,34,7,384,573,418,580,384,573,418,573,418,580,384,580,text,table_text,table_0,raleway,italic,7.0,11anp_20211228_163942_4635656998_600_800.png,/scratch/parceirosbr/bigoilict/share/BigOil/document_generator/datasets/documents_2021_12_28/11anp_20211228_163942_4635656998_600_800.png,11anp_20211228_163942_4635656998_600_800_mask.png,aprisionado
17,3,34,7,384,573,418,580,384,573,418,573,418,580,384,580,sub_line_text,table_text,table_0,raleway,italic,7.0,11anp_20211228_163942_4635656998_600_800.png,/scratch/parceirosbr/bigoilict/share/BigOil/document_generator/datasets/documents_2021_12_28/11anp_20211228_163942_4635656998_600_800.png,11anp_20211228_163942_4635656998_600_800_mask.png,aprisionado
7,3,14,7,394,584,408,591,394,584,408,584,408,591,394,591,text,table_text,table_0,raleway,italic,7.0,11anp_20211228_163942_4635656998_600_800.png,/scratch/parceirosbr/bigoilict/share/BigOil/document_generator/datasets/documents_2021_12_28/11anp_20211228_163942_4635656998_600_800.png,11anp_20211228_163942_4635656998_600_800_mask.png,caso
7,3,14,7,394,584,408,591,394,584,408,584,408,591,394,591,sub_line_text,table_text,table_0,raleway,italic,7.0,11anp_20211228_163942_4635656998_600_800.png,/scratch/parceirosbr/bigoilict/share/BigOil/document_generator/datasets/documents_2021_12_28/11anp_20211228_163942_4635656998_600_800.png,11anp_20211228_163942_4635656998_600_800_mask.png,caso
12,3,25,7,388,595,413,602,388,595,413,595,413,602,388,602,text,table_text,table_0,raleway,italic,7.0,11anp_20211228_163942_4635656998_600_800.png,/scratch/parceirosbr/bigoilict/share/BigOil/document_generator/datasets/documents_2021_12_28/11anp_20211228_163942_4635656998_600_800.png,11anp_20211228_163942_4635656998_600_800_mask.png,derivado
12,3,25,7,388,595,413,602,388,595,413,595,413,602,388,602,sub_line_text,table_text,table_0,raleway,italic,7.0,11anp_20211228_163942_4635656998_600_800.png,/scratch/parceirosbr/bigoilict/share/BigOil/document_generator/datasets/documents_2021_12_28/11anp_20211228_163942_4635656998_600_800.png,11anp_20211228_163942_4635656998_600_800_mask.png,derivado
3,3,7,7,398,606,405,613,398,606,405,606,405,613,398,613,text,table_text,table_0,raleway,italic,7.0,11anp_20211228_163942_4635656998_600_800.png,/scratch/parceirosbr/bigoilict/share/BigOil/document_generator/datasets/documents_2021_12_28/11anp_20211228_163942_4635656998_600_800.png,11anp_20211228_163942_4635656998_600_800_mask.png,no
3,3,7,7,398,606,405,613,398,606,405,606,405,613,398,613,sub_line_text,table_text,table_0,raleway,italic,7.0,11anp_20211228_163942_4635656998_600_800.png,/scratch/parceirosbr/bigoilict/share/BigOil/document_generator/datasets/documents_2021_12_28/11anp_20211228_163942_4635656998_600_800.png,11anp_20211228_163942_4635656998_600_800_mask.png,no
17,3,34,7,384,616,418,623,384,616,418,616,418,623,384,623,text,table_text,table_0,raleway,italic,7.0,11anp_20211228_163942_4635656998_600_800.png,/scratch/parceirosbr/bigoilict/share/BigOil/document_generator/datasets/documents_2021_12_28/11anp_20211228_163942_4635656998_600_800.png,11anp_20211228_163942_4635656998_600_800_mask.png,problemas
17,3,34,7,384,616,418,623,384,616,418,616,418,623,384,623,sub_line_text,table_text,table_0,raleway,italic,7.0,11anp_20211228_163942_4635656998_600_800.png,/scratch/parceirosbr/bigoilict/share/BigOil/document_generator/datasets/documents_2021_12_28/11anp_20211228_163942_4635656998_600_800.png,11anp_20211228_163942_4635656998_600_800_mask.png,problemas
17,3,35,7,384,627,419,634,384,627,419,627,419,634,384,634,text,table_text,table_0,raleway,italic,7.0,11anp_20211228_163942_4635656998_600_800.png,/scratch/parceirosbr/bigoilict/share/BigOil/document_generator/datasets/documents_2021_12_28/11anp_20211228_163942_4635656998_600_800.png,11anp_20211228_163942_4635656998_600_800_mask.png,calculadas
17,3,35,7,384,627,419,634,384,627,419,627,419,634,384,634,sub_line_text,table_text,table_0,raleway,italic,7.0,11anp_20211228_163942_4635656998_600_800.png,/scratch/parceirosbr/bigoilict/share/BigOil/document_generator/datasets/documents_2021_12_28/11anp_20211228_163942_4635656998_600_800.png,11anp_20211228_163942_4635656998_600_800_mask.png,calculadas
16,3,32,7,472,432,504,439,472,432,504,432,504,439,472,439,text,table_text,table_0,raleway,italic,7.0,11anp_20211228_163942_4635656998_600_800.png,/scratch/parceirosbr/bigoilict/share/BigOil/document_generator/datasets/documents_2021_12_28/11anp_20211228_163942_4635656998_600_800.png,11anp_20211228_163942_4635656998_600_800_mask.png,adiamento
16,3,32,7,472,432,504,439,472,432,504,432,504,439,472,439,sub_line_text,table_text,table_0,raleway,italic,7.0,11anp_20211228_163942_4635656998_600_800.png,/scratch/parceirosbr/bigoilict/share/BigOil/document_generator/datasets/documents_2021_12_28/11anp_20211228_163942_4635656998_600_800.png,11anp_20211228_163942_4635656998_600_800_mask.png,adiamento
5,3,10,7,483,440,493,447,483,440,493,440,493,447,483,447,text,table_text,table_0,raleway,italic,7.0,11anp_20211228_163942_4635656998_600_800.png,/scratch/parceirosbr/bigoilict/share/BigOil/document_generator/datasets/documents_2021_12_28/11anp_20211228_163942_4635656998_600_800.png,11anp_20211228_163942_4635656998_600_800_mask.png,uso
5,3,10,7,483,440,493,447,483,440,493,440,493,447,483,447,sub_line_text,table_text,table_0,raleway,italic,7.0,11anp_20211228_163942_4635656998_600_800.png,/scratch/parceirosbr/bigoilict/share/BigOil/document_generator/datasets/documents_2021_12_28/11anp_20211228_163942_4635656998_600_800.png,11anp_20211228_163942_4635656998_600_800_mask.png,uso
11,3,23,7,476,455,499,462,476,455,499,455,499,462,476,462,text,table_text,table_0,raleway,italic,7.0,11anp_20211228_163942_4635656998_600_800.png,/scratch/parceirosbr/bigoilict/share/BigOil/document_generator/datasets/documents_2021_12_28/11anp_20211228_163942_4635656998_600_800.png,11anp_20211228_163942_4635656998_600_800_mask.png,relação
11,3,23,7,476,455,499,462,476,455,499,455,499,462,476,462,sub_line_text,table_text,table_0,raleway,italic,7.0,11anp_20211228_163942_4635656998_600_800.png,/scratch/parceirosbr/bigoilict/share/BigOil/document_generator/datasets/documents_2021_12_28/11anp_20211228_163942_4635656998_600_800.png,11anp_20211228_163942_4635656998_600_800_mask.png,relação
25,3,50,7,462,466,512,473,462,466,512,466,512,473,462,473,text,table_text,table_0,raleway,italic,7.0,11anp_20211228_163942_4635656998_600_800.png,/scratch/parceirosbr/bigoilict/share/BigOil/document_generator/datasets/documents_2021_12_28/11anp_20211228_163942_4635656998_600_800.png,11anp_20211228_163942_4635656998_600_800_mask.png,norte-americana
25,3,50,7,462,466,512,473,462,466,512,466,512,473,462,473,sub_line_text,table_text,table_0,raleway,italic,7.0,11anp_20211228_163942_4635656998_600_800.png,/scratch/parceirosbr/bigoilict/share/BigOil/document_generator/datasets/documents_2021_12_28/11anp_20211228_163942_4635656998_600_800.png,11anp_20211228_163942_4635656998_600_800_mask.png,norte-americana
10,3,20,7,478,476,498,483,478,476,498,476,498,483,478,483,text,table_text,table_0,raleway,italic,7.0,11anp_20211228_163942_4635656998_600_800.png,/scratch/parceirosbr/bigoilict/share/BigOil/document_generator/datasets/documents_2021_12_28/11anp_20211228_163942_4635656998_600_800.png,11anp_20211228_163942_4635656998_600_800_mask.png,sujeito
10,3,20,7,478,476,498,483,478,476,498,476,498,483,478,483,sub_line_text,table_text,table_0,raleway,italic,7.0,11anp_20211228_163942_4635656998_600_800.png,/scratch/parceirosbr/bigoilict/share/BigOil/document_generator/datasets/documents_2021_12_28/11anp_20211228_163942_4635656998_600_800.png,11anp_20211228_163942_4635656998_600_800_mask.png,sujeito
15,3,31,7,472,487,503,494,472,487,503,487,503,494,472,494,text,table_text,table_0,raleway,italic,7.0,11anp_20211228_163942_4635656998_600_800.png,/scratch/parceirosbr/bigoilict/share/BigOil/document_generator/datasets/documents_2021_12_28/11anp_20211228_163942_4635656998_600_800.png,11anp_20211228_163942_4635656998_600_800_mask.png,partículas
15,3,31,7,472,487,503,494,472,487,503,487,503,494,472,494,sub_line_text,table_text,table_0,raleway,italic,7.0,11anp_20211228_163942_4635656998_600_800.png,/scratch/parceirosbr/bigoilict/share/BigOil/document_generator/datasets/documents_2021_12_28/11anp_20211228_163942_4635656998_600_800.png,11anp_20211228_163942_4635656998_600_800_mask.png,partículas
13,3,26,7,475,498,501,505,475,498,501,498,501,505,475,505,text,table_text,table_0,raleway,italic,7.0,11anp_20211228_163942_4635656998_600_800.png,/scratch/parceirosbr/bigoilict/share/BigOil/document_generator/datasets/documents_2021_12_28/11anp_20211228_163942_4635656998_600_800.png,11anp_20211228_163942_4635656998_600_800_mask.png,recursos
13,3,26,7,475,498,501,505,475,498,501,498,501,505,475,505,sub_line_text,table_text,table_0,raleway,italic,7.0,11anp_20211228_163942_4635656998_600_800.png,/scratch/parceirosbr/bigoilict/share/BigOil/document_generator/datasets/documents_2021_12_28/11anp_20211228_163942_4635656998_600_800.png,11anp_20211228_163942_4635656998_600_800_mask.png,recursos
18,3,36,7,470,509,506,516,470,509,506,509,506,516,470,516,text,table_text,table_0,raleway,italic,7.0,11anp_20211228_163942_4635656998_600_800.png,/scratch/parceirosbr/bigoilict/share/BigOil/document_generator/datasets/documents_2021_12_28/11anp_20211228_163942_4635656998_600_800.png,11anp_20211228_163942_4635656998_600_800_mask.png,apresentam
18,3,36,7,470,509,506,516,470,509,506,509,506,516,470,516,sub_line_text,table_text,table_0,raleway,italic,7.0,11anp_20211228_163942_4635656998_600_800.png,/scratch/parceirosbr/bigoilict/share/BigOil/document_generator/datasets/documents_2021_12_28/11anp_20211228_163942_4635656998_600_800.png,11anp_20211228_163942_4635656998_600_800_mask.png,apresentam
6,3,13,7,482,519,495,526,482,519,495,519,495,526,482,526,text,table_text,table_0,raleway,italic,7.0,11anp_20211228_163942_4635656998_600_800.png,/scratch/parceirosbr/bigoilict/share/BigOil/document_generator/datasets/documents_2021_12_28/11anp_20211228_163942_4635656998_600_800.png,11anp_20211228_163942_4635656998_600_800_mask.png,uma
6,3,13,7,482,519,495,526,482,519,495,519,495,526,482,526,sub_line_text,table_text,table_0,raleway,italic,7.0,11anp_20211228_163942_4635656998_600_800.png,/scratch/parceirosbr/bigoilict/share/BigOil/document_generator/datasets/documents_2021_12_28/11anp_20211228_163942_4635656998_600_800.png,11anp_20211228_163942_4635656998_600_800_mask.png,uma
6,3,12,7,482,530,494,537,482,530,494,530,494,537,482,537,text,table_text,table_0,raleway,italic,7.0,11anp_20211228_163942_4635656998_600_800.png,/scratch/parceirosbr/bigoilict/share/BigOil/document_generator/datasets/documents_2021_12_28/11anp_20211228_163942_4635656998_600_800.png,11anp_20211228_163942_4635656998_600_800_mask.png,este
6,3,12,7,482,530,494,537,482,530,494,530,494,537,482,537,sub_line_text,table_text,table_0,raleway,italic,7.0,11anp_20211228_163942_4635656998_600_800.png,/scratch/parceirosbr/bigoilict/share/BigOil/document_generator/datasets/documents_2021_12_28/11anp_20211228_163942_4635656998_600_800.png,11anp_20211228_163942_4635656998_600_800_mask.png,este
11,3,23,7,476,541,499,548,476,541,499,541,499,548,476,548,text,table_text,table_0,raleway,italic,7.0,11anp_20211228_163942_4635656998_600_800.png,/scratch/parceirosbr/bigoilict/share/BigOil/document_generator/datasets/documents_2021_12_28/11anp_20211228_163942_4635656998_600_800.png,11anp_20211228_163942_4635656998_600_800_mask.png,relação
11,3,23,7,476,541,499,548,476,541,499,541,499,548,476,548,sub_line_text,table_text,table_0,raleway,italic,7.0,11anp_20211228_163942_4635656998_600_800.png,/scratch/parceirosbr/bigoilict/share/BigOil/document_generator/datasets/documents_2021_12_28/11anp_20211228_163942_4635656998_600_800.png,11anp_20211228_163942_4635656998_600_800_mask.png,relação
17,3,34,7,471,552,505,559,471,552,505,552,505,559,471,559,text,table_text,table_0,raleway,italic,7.0,11anp_20211228_163942_4635656998_600_800.png,/scratch/parceirosbr/bigoilict/share/BigOil/document_generator/datasets/documents_2021_12_28/11anp_20211228_163942_4635656998_600_800.png,11anp_20211228_163942_4635656998_600_800_mask.png,aprisionado
17,3,34,7,471,552,505,559,471,552,505,552,505,559,471,559,sub_line_text,table_text,table_0,raleway,italic,7.0,11anp_20211228_163942_4635656998_600_800.png,/scratch/parceirosbr/bigoilict/share/BigOil/document_generator/datasets/documents_2021_12_28/11anp_20211228_163942_4635656998_600_800.png,11anp_20211228_163942_4635656998_600_800_mask.png,aprisionado
10,3,20,7,478,563,498,570,478,563,498,563,498,570,478,570,text,table_text,table_0,raleway,italic,7.0,11anp_20211228_163942_4635656998_600_800.png,/scratch/parceirosbr/bigoilict/share/BigOil/document_generator/datasets/documents_2021_12_28/11anp_20211228_163942_4635656998_600_800.png,11anp_20211228_163942_4635656998_600_800_mask.png,global
10,3,20,7,478,563,498,570,478,563,498,563,498,570,478,570,sub_line_text,table_text,table_0,raleway,italic,7.0,11anp_20211228_163942_4635656998_600_800.png,/scratch/parceirosbr/bigoilict/share/BigOil/document_generator/datasets/documents_2021_12_28/11anp_20211228_163942_4635656998_600_800.png,11anp_20211228_163942_4635656998_600_800_mask.png,global
11,3,22,7,477,573,499,580,477,573,499,573,499,580,477,580,text,table_text,table_0,raleway,italic,7.0,11anp_20211228_163942_4635656998_600_800.png,/scratch/parceirosbr/bigoilict/share/BigOil/document_generator/datasets/documents_2021_12_28/11anp_20211228_163942_4635656998_600_800.png,11anp_20211228_163942_4635656998_600_800_mask.png,projeto
11,3,22,7,477,573,499,580,477,573,499,573,499,580,477,580,sub_line_text,table_text,table_0,raleway,italic,7.0,11anp_20211228_163942_4635656998_600_800.png,/scratch/parceirosbr/bigoilict/share/BigOil/document_generator/datasets/documents_2021_12_28/11anp_20211228_163942_4635656998_600_800.png,11anp_20211228_163942_4635656998_600_800_mask.png,projeto
7,3,14,7,481,584,495,591,481,584,495,584,495,591,481,591,text,table_text,table_0,raleway,italic,7.0,11anp_20211228_163942_4635656998_600_800.png,/scratch/parceirosbr/bigoilict/share/BigOil/document_generator/datasets/documents_2021_12_28/11anp_20211228_163942_4635656998_600_800.png,11anp_20211228_163942_4635656998_600_800_mask.png,ficar
7,3,14,7,481,584,495,591,481,584,495,584,495,591,481,591,sub_line_text,table_text,table_0,raleway,italic,7.0,11anp_20211228_163942_4635656998_600_800.png,/scratch/parceirosbr/bigoilict/share/BigOil/document_generator/datasets/documents_2021_12_28/11anp_20211228_163942_4635656998_600_800.png,11anp_20211228_163942_4635656998_600_800_mask.png,ficar
16,3,33,7,472,595,505,602,472,595,505,595,505,602,472,602,text,table_text,table_0,raleway,italic,7.0,11anp_20211228_163942_4635656998_600_800.png,/scratch/parceirosbr/bigoilict/share/BigOil/document_generator/datasets/documents_2021_12_28/11anp_20211228_163942_4635656998_600_800.png,11anp_20211228_163942_4635656998_600_800_mask.png,explicação
16,3,33,7,472,595,505,602,472,595,505,595,505,602,472,602,sub_line_text,table_text,table_0,raleway,italic,7.0,11anp_20211228_163942_4635656998_600_800.png,/scratch/parceirosbr/bigoilict/share/BigOil/document_generator/datasets/documents_2021_12_28/11anp_20211228_163942_4635656998_600_800.png,11anp_20211228_163942_4635656998_600_800_mask.png,explicação
3,3,7,7,484,606,491,613,484,606,491,606,491,613,484,613,text,table_text,table_0,raleway,italic,7.0,11anp_20211228_163942_4635656998_600_800.png,/scratch/parceirosbr/bigoilict/share/BigOil/document_generator/datasets/documents_2021_12_28/11anp_20211228_163942_4635656998_600_800.png,11anp_20211228_163942_4635656998_600_800_mask.png,os
3,3,7,7,484,606,491,613,484,606,491,606,491,613,484,613,sub_line_text,table_text,table_0,raleway,italic,7.0,11anp_20211228_163942_4635656998_600_800.png,/scratch/parceirosbr/bigoilict/share/BigOil/document_generator/datasets/documents_2021_12_28/11anp_20211228_163942_4635656998_600_800.png,11anp_20211228_163942_4635656998_600_800_mask.png,os
15,3,31,7,472,616,503,623,472,616,503,616,503,623,472,623,text,table_text,table_0,raleway,italic,7.0,11anp_20211228_163942_4635656998_600_800.png,/scratch/parceirosbr/bigoilict/share/BigOil/document_generator/datasets/documents_2021_12_28/11anp_20211228_163942_4635656998_600_800.png,11anp_20211228_163942_4635656998_600_800_mask.png,incertezas
15,3,31,7,472,616,503,623,472,616,503,616,503,623,472,623,sub_line_text,table_text,table_0,raleway,italic,7.0,11anp_20211228_163942_4635656998_600_800.png,/scratch/parceirosbr/bigoilict/share/BigOil/document_generator/datasets/documents_2021_12_28/11anp_20211228_163942_4635656998_600_800.png,11anp_20211228_163942_4635656998_600_800_mask.png,incertezas
8,3,16,7,480,627,496,634,480,627,496,627,496,634,480,634,text,table_text,table_0,raleway,italic,7.0,11anp_20211228_163942_4635656998_600_800.png,/scratch/parceirosbr/bigoilict/share/BigOil/document_generator/datasets/documents_2021_12_28/11anp_20211228_163942_4635656998_600_800.png,11anp_20211228_163942_4635656998_600_800_mask.png,servir
8,3,16,7,480,627,496,634,480,627,496,627,496,634,480,634,sub_line_text,table_text,table_0,raleway,italic,7.0,11anp_20211228_163942_4635656998_600_800.png,/scratch/parceirosbr/bigoilict/share/BigOil/document_generator/datasets/documents_2021_12_28/11anp_20211228_163942_4635656998_600_800.png,11anp_20211228_163942_4635656998_600_800_mask.png,servir
207,3,415,7,51,658,466,665,51,658,466,658,466,665,51,665,sub_line_text,table_legend,table_0,arial,bold,6,11anp_20211228_163942_4635656998_600_800.png,/scratch/parceirosbr/bigoilict/share/BigOil/document_generator/datasets/documents_2021_12_28/11anp_20211228_163942_4635656998_600_800.png,11anp_20211228_163942_4635656998_600_800_mask.png,"Tabela   18:      Independente   do   algoritmo   utilizado   para   resolver   os   sistemas  de  equações,  é  necessário  realizar  uma  manipulaç-"
44,3,88,7,51,669,139,676,51,669,139,669,139,676,51,676,sub_line_text,table_legend,table_0,arial,bold,6,11anp_20211228_163942_4635656998_600_800.png,/scratch/parceirosbr/bigoilict/share/BigOil/document_generator/datasets/documents_2021_12_28/11anp_20211228_163942_4635656998_600_800.png,11anp_20211228_163942_4635656998_600_800_mask.png,ão das equações discretizadas
207,9,415,18,51,658,466,676,51,658,466,658,466,676,51,676,text,table_legend,table_0,arial,bold,6,11anp_20211228_163942_4635656998_600_800.png,/scratch/parceirosbr/bigoilict/share/BigOil/document_generator/datasets/documents_2021_12_28/11anp_20211228_163942_4635656998_600_800.png,11anp_20211228_163942_4635656998_600_800_mask.png,nan
240,4,480,8,73,682,553,690,73,682,553,682,553,690,73,690,sub_line_text,text,text_1,arial,regular,7,11anp_20211228_163942_4635656998_600_800.png,/scratch/parceirosbr/bigoilict/share/BigOil/document_generator/datasets/documents_2021_12_28/11anp_20211228_163942_4635656998_600_800.png,11anp_20211228_163942_4635656998_600_800_mask.png,"Direito  do  da  para  que  estes  adotem  as  providências cabíveis, no âmbito da legislação pertinente. 20 Art. 8 suspensão temporária do direito de"
255,4,511,8,43,694,554,702,43,694,554,694,554,702,43,702,sub_line_text,text,text_1,arial,regular,7,11anp_20211228_163942_4635656998_600_800.png,/scratch/parceirosbr/bigoilict/share/BigOil/document_generator/datasets/documents_2021_12_28/11anp_20211228_163942_4635656998_600_800.png,11anp_20211228_163942_4635656998_600_800_mask.png,"participar  de  futuras  licitações  para  obtenção  de novas concessões e de impedimento de contratar com a será aplicada, sem prejuízo das demais penali-"
255,4,510,8,43,706,553,714,43,706,553,706,553,714,43,714,sub_line_text,text,text_1,arial,regular,7,11anp_20211228_163942_4635656998_600_800.png,/scratch/parceirosbr/bigoilict/share/BigOil/document_generator/datasets/documents_2021_12_28/11anp_20211228_163942_4635656998_600_800.png,11anp_20211228_163942_4635656998_600_800_mask.png,"dades  constantes  deste  regulamento,  nos  casos  em  que o infrator:. Do mesmo modo, permitem que gotas de água percorram a superfície superior de ca-"
255,4,511,8,43,718,554,726,43,718,554,718,554,726,43,726,sub_line_text,text,text_1,arial,regular,7,11anp_20211228_163942_4635656998_600_800.png,/scratch/parceirosbr/bigoilict/share/BigOil/document_generator/datasets/documents_2021_12_28/11anp_20211228_163942_4635656998_600_800.png,11anp_20211228_163942_4635656998_600_800_mask.png,"da  placa,  no  sentido  descendente, que pela ação gravitacional promovendo a coalescência de gotas das fases dispersas, resultando em um número men-"
255,4,510,8,43,730,553,738,43,730,553,730,553,738,43,738,sub_line_text,text,text_1,arial,regular,7,11anp_20211228_163942_4635656998_600_800.png,/scratch/parceirosbr/bigoilict/share/BigOil/document_generator/datasets/documents_2021_12_28/11anp_20211228_163942_4635656998_600_800.png,11anp_20211228_163942_4635656998_600_800_mask.png,"or  de  gotas,  mas  com  um diâmetro maior. y O desenvolvimento tecnológico e a inovação são partes essenciais da busca de maior competitividade da in-"
247,4,494,8,43,742,537,750,43,742,537,742,537,750,43,750,sub_line_text,text,text_1,arial,regular,7,11anp_20211228_163942_4635656998_600_800.png,/scratch/parceirosbr/bigoilict/share/BigOil/document_generator/datasets/documents_2021_12_28/11anp_20211228_163942_4635656998_600_800.png,11anp_20211228_163942_4635656998_600_800_mask.png,"dústria brasileira internacionais, além de mais de 100 artigos publicados em jornais e revistas de grande circulação. para, gradualmente, aumentar o vo."
255,34,511,68,43,682,554,750,43,682,554,682,554,750,43,750,text,text,text_1,arial,regular,7,11anp_20211228_163942_4635656998_600_800.png,/scratch/parceirosbr/bigoilict/share/BigOil/document_generator/datasets/documents_2021_12_28/11anp_20211228_163942_4635656998_600_800.png,11anp_20211228_163942_4635656998_600_800_mask.png,nan
