center_x,center_y,width,height,xmin,ymin,xmax,ymax,top_left_x,top_left_y,top_right_x,top_right_y,bottom_right_x,bottom_right_y,bottom_left_x,bottom_left_y,label,grouplabel,group,text_font,text_style,size_font,filename,path,filename_mask,content
300,400,600,800,0,0,600,800,0,0,600,0,600,800,0,800,document,,,,,,11anp_20211228_163937_6624309917_600_800.png,/scratch/parceirosbr/bigoilict/share/BigOil/document_generator/datasets/documents_2021_12_28/11anp_20211228_163937_6624309917_600_800.png,11anp_20211228_163937_6624309917_600_800_mask.png,
240,1,480,2,63,113,543,115,63,113,543,113,543,115,63,115,line,line,line,,,,11anp_20211228_163937_6624309917_600_800.png,/scratch/parceirosbr/bigoilict/share/BigOil/document_generator/datasets/documents_2021_12_28/11anp_20211228_163937_6624309917_600_800.png,11anp_20211228_163937_6624309917_600_800_mask.png,nan
18,10,36,21,505,76,541,97,505,76,541,76,541,97,505,97,sub_line_text,header,header_1,times,bold,18,11anp_20211228_163937_6624309917_600_800.png,/scratch/parceirosbr/bigoilict/share/BigOil/document_generator/datasets/documents_2021_12_28/11anp_20211228_163937_6624309917_600_800.png,11anp_20211228_163937_6624309917_600_800_mask.png,1998
18,10,36,21,505,76,541,97,505,76,541,76,541,97,505,97,text,header,header_1,times,bold,18,11anp_20211228_163937_6624309917_600_800.png,/scratch/parceirosbr/bigoilict/share/BigOil/document_generator/datasets/documents_2021_12_28/11anp_20211228_163937_6624309917_600_800.png,11anp_20211228_163937_6624309917_600_800_mask.png,nan
52,10,105,21,382,76,487,97,382,76,487,76,487,97,382,97,sub_line_text,header,header_1,times,bold,18,11anp_20211228_163937_6624309917_600_800.png,/scratch/parceirosbr/bigoilict/share/BigOil/document_generator/datasets/documents_2021_12_28/11anp_20211228_163937_6624309917_600_800.png,11anp_20211228_163937_6624309917_600_800_mask.png,Esse processo
52,10,105,21,382,76,487,97,382,76,487,76,487,97,382,97,text,header,header_1,times,bold,18,11anp_20211228_163937_6624309917_600_800.png,/scratch/parceirosbr/bigoilict/share/BigOil/document_generator/datasets/documents_2021_12_28/11anp_20211228_163937_6624309917_600_800.png,11anp_20211228_163937_6624309917_600_800_mask.png,nan
51,15,103,30,71,76,174,106,71,76,174,76,174,106,71,106,image,image,image,,,,11anp_20211228_163937_6624309917_600_800.png,/scratch/parceirosbr/bigoilict/share/BigOil/document_generator/datasets/documents_2021_12_28/11anp_20211228_163937_6624309917_600_800.png,11anp_20211228_163937_6624309917_600_800_mask.png,/scratch/parceirosbr/bigoilict/share/BigOil/document_generator/files_images_document_generator/logos\image_19.jpg
210,5,420,10,63,121,483,131,63,121,483,121,483,131,63,131,sub_line_text,figure_legend,figure_0,times,bold,8,11anp_20211228_163937_6624309917_600_800.png,/scratch/parceirosbr/bigoilict/share/BigOil/document_generator/datasets/documents_2021_12_28/11anp_20211228_163937_6624309917_600_800.png,11anp_20211228_163937_6624309917_600_800_mask.png,"Fig.  149:    Hoje,  percebe-se  isso,  por  exemplo,  no  desenvolvimento  e  aplicação  de  materiais  avançados  na  coleta  e"
55,5,111,10,63,134,174,144,63,134,174,134,174,144,63,144,sub_line_text,figure_legend,figure_0,times,bold,8,11anp_20211228_163937_6624309917_600_800.png,/scratch/parceirosbr/bigoilict/share/BigOil/document_generator/datasets/documents_2021_12_28/11anp_20211228_163937_6624309917_600_800.png,11anp_20211228_163937_6624309917_600_800_mask.png,armazenamento de energia e de
210,11,420,23,63,121,483,144,63,121,483,121,483,144,63,144,text,figure_legend,figure_0,times,bold,8,11anp_20211228_163937_6624309917_600_800.png,/scratch/parceirosbr/bigoilict/share/BigOil/document_generator/datasets/documents_2021_12_28/11anp_20211228_163937_6624309917_600_800.png,11anp_20211228_163937_6624309917_600_800_mask.png,nan
64,57,128,114,238,149,366,263,238,149,366,149,366,263,238,263,image,figure_image,figure_0,,,,11anp_20211228_163937_6624309917_600_800.png,/scratch/parceirosbr/bigoilict/share/BigOil/document_generator/datasets/documents_2021_12_28/11anp_20211228_163937_6624309917_600_800.png,11anp_20211228_163937_6624309917_600_800_mask.png,output/gen_img_20211228_163937_6962103089.png
6,5,13,10,327,163,340,173,327,170,338,163,340,167,328,173,text,figure_text,figure_0,,,,11anp_20211228_163937_6624309917_600_800.png,/scratch/parceirosbr/bigoilict/share/BigOil/document_generator/datasets/documents_2021_12_28/11anp_20211228_163937_6624309917_600_800.png,11anp_20211228_163937_6624309917_600_800_mask.png,-438.95
6,5,13,10,327,163,340,173,327,170,338,163,340,167,328,173,sub_line_text,figure_text,figure_0,,,,11anp_20211228_163937_6624309917_600_800.png,/scratch/parceirosbr/bigoilict/share/BigOil/document_generator/datasets/documents_2021_12_28/11anp_20211228_163937_6624309917_600_800.png,11anp_20211228_163937_6624309917_600_800_mask.png,-438.95
9,6,19,12,335,234,354,246,335,243,352,234,354,237,337,246,text,figure_text,figure_0,,,,11anp_20211228_163937_6624309917_600_800.png,/scratch/parceirosbr/bigoilict/share/BigOil/document_generator/datasets/documents_2021_12_28/11anp_20211228_163937_6624309917_600_800.png,11anp_20211228_163937_6624309917_600_800_mask.png,-6341.48%
9,6,19,12,335,234,354,246,335,243,352,234,354,237,337,246,sub_line_text,figure_text,figure_0,,,,11anp_20211228_163937_6624309917_600_800.png,/scratch/parceirosbr/bigoilict/share/BigOil/document_generator/datasets/documents_2021_12_28/11anp_20211228_163937_6624309917_600_800.png,11anp_20211228_163937_6624309917_600_800_mask.png,-6341.48%
10,6,21,13,269,222,290,235,269,232,288,222,290,226,271,235,text,figure_text,figure_0,,,,11anp_20211228_163937_6624309917_600_800.png,/scratch/parceirosbr/bigoilict/share/BigOil/document_generator/datasets/documents_2021_12_28/11anp_20211228_163937_6624309917_600_800.png,11anp_20211228_163937_6624309917_600_800_mask.png,Energy (kw)
10,6,21,13,269,222,290,235,269,232,288,222,290,226,271,235,sub_line_text,figure_text,figure_0,,,,11anp_20211228_163937_6624309917_600_800.png,/scratch/parceirosbr/bigoilict/share/BigOil/document_generator/datasets/documents_2021_12_28/11anp_20211228_163937_6624309917_600_800.png,11anp_20211228_163937_6624309917_600_800_mask.png,Energy (kw)
4,3,8,6,286,203,294,209,286,206,292,203,294,206,288,209,text,figure_text,figure_0,,,,11anp_20211228_163937_6624309917_600_800.png,/scratch/parceirosbr/bigoilict/share/BigOil/document_generator/datasets/documents_2021_12_28/11anp_20211228_163937_6624309917_600_800.png,11anp_20211228_163937_6624309917_600_800_mask.png,491
4,3,8,6,286,203,294,209,286,206,292,203,294,206,288,209,sub_line_text,figure_text,figure_0,,,,11anp_20211228_163937_6624309917_600_800.png,/scratch/parceirosbr/bigoilict/share/BigOil/document_generator/datasets/documents_2021_12_28/11anp_20211228_163937_6624309917_600_800.png,11anp_20211228_163937_6624309917_600_800_mask.png,491
6,4,13,9,297,159,310,168,297,165,309,159,310,162,299,168,text,figure_text,figure_0,,,,11anp_20211228_163937_6624309917_600_800.png,/scratch/parceirosbr/bigoilict/share/BigOil/document_generator/datasets/documents_2021_12_28/11anp_20211228_163937_6624309917_600_800.png,11anp_20211228_163937_6624309917_600_800_mask.png,-5334%
6,4,13,9,297,159,310,168,297,165,309,159,310,162,299,168,sub_line_text,figure_text,figure_0,,,,11anp_20211228_163937_6624309917_600_800.png,/scratch/parceirosbr/bigoilict/share/BigOil/document_generator/datasets/documents_2021_12_28/11anp_20211228_163937_6624309917_600_800.png,11anp_20211228_163937_6624309917_600_800_mask.png,-5334%
4,3,8,7,250,240,258,247,250,244,257,240,258,243,252,247,text,figure_text,figure_0,,,,11anp_20211228_163937_6624309917_600_800.png,/scratch/parceirosbr/bigoilict/share/BigOil/document_generator/datasets/documents_2021_12_28/11anp_20211228_163937_6624309917_600_800.png,11anp_20211228_163937_6624309917_600_800_mask.png,-186
4,3,8,7,250,240,258,247,250,244,257,240,258,243,252,247,sub_line_text,figure_text,figure_0,,,,11anp_20211228_163937_6624309917_600_800.png,/scratch/parceirosbr/bigoilict/share/BigOil/document_generator/datasets/documents_2021_12_28/11anp_20211228_163937_6624309917_600_800.png,11anp_20211228_163937_6624309917_600_800_mask.png,-186
8,5,17,11,249,249,266,260,249,257,265,249,266,252,251,260,text,figure_text,figure_0,,,,11anp_20211228_163937_6624309917_600_800.png,/scratch/parceirosbr/bigoilict/share/BigOil/document_generator/datasets/documents_2021_12_28/11anp_20211228_163937_6624309917_600_800.png,11anp_20211228_163937_6624309917_600_800_mask.png,-7190.581
8,5,17,11,249,249,266,260,249,257,265,249,266,252,251,260,sub_line_text,figure_text,figure_0,,,,11anp_20211228_163937_6624309917_600_800.png,/scratch/parceirosbr/bigoilict/share/BigOil/document_generator/datasets/documents_2021_12_28/11anp_20211228_163937_6624309917_600_800.png,11anp_20211228_163937_6624309917_600_800_mask.png,-7190.581
5,4,11,8,267,156,278,164,267,161,276,156,278,159,268,164,text,figure_text,figure_0,,,,11anp_20211228_163937_6624309917_600_800.png,/scratch/parceirosbr/bigoilict/share/BigOil/document_generator/datasets/documents_2021_12_28/11anp_20211228_163937_6624309917_600_800.png,11anp_20211228_163937_6624309917_600_800_mask.png,-22.69
5,4,11,8,267,156,278,164,267,161,276,156,278,159,268,164,sub_line_text,figure_text,figure_0,,,,11anp_20211228_163937_6624309917_600_800.png,/scratch/parceirosbr/bigoilict/share/BigOil/document_generator/datasets/documents_2021_12_28/11anp_20211228_163937_6624309917_600_800.png,11anp_20211228_163937_6624309917_600_800_mask.png,-22.69
7,5,15,11,311,233,326,244,311,240,324,233,326,236,312,244,text,figure_text,figure_0,,,,11anp_20211228_163937_6624309917_600_800.png,/scratch/parceirosbr/bigoilict/share/BigOil/document_generator/datasets/documents_2021_12_28/11anp_20211228_163937_6624309917_600_800.png,11anp_20211228_163937_6624309917_600_800_mask.png,-4319.74
7,5,15,11,311,233,326,244,311,240,324,233,326,236,312,244,sub_line_text,figure_text,figure_0,,,,11anp_20211228_163937_6624309917_600_800.png,/scratch/parceirosbr/bigoilict/share/BigOil/document_generator/datasets/documents_2021_12_28/11anp_20211228_163937_6624309917_600_800.png,11anp_20211228_163937_6624309917_600_800_mask.png,-4319.74
6,5,12,10,286,185,298,195,286,191,297,185,298,189,287,195,text,figure_text,figure_0,,,,11anp_20211228_163937_6624309917_600_800.png,/scratch/parceirosbr/bigoilict/share/BigOil/document_generator/datasets/documents_2021_12_28/11anp_20211228_163937_6624309917_600_800.png,11anp_20211228_163937_6624309917_600_800_mask.png,Control
6,5,12,10,286,185,298,195,286,191,297,185,298,189,287,195,sub_line_text,figure_text,figure_0,,,,11anp_20211228_163937_6624309917_600_800.png,/scratch/parceirosbr/bigoilict/share/BigOil/document_generator/datasets/documents_2021_12_28/11anp_20211228_163937_6624309917_600_800.png,11anp_20211228_163937_6624309917_600_800_mask.png,Control
5,4,10,8,247,209,257,217,247,214,256,209,257,212,249,217,text,figure_text,figure_0,,,,11anp_20211228_163937_6624309917_600_800.png,/scratch/parceirosbr/bigoilict/share/BigOil/document_generator/datasets/documents_2021_12_28/11anp_20211228_163937_6624309917_600_800.png,11anp_20211228_163937_6624309917_600_800_mask.png,-1367
5,4,10,8,247,209,257,217,247,214,256,209,257,212,249,217,sub_line_text,figure_text,figure_0,,,,11anp_20211228_163937_6624309917_600_800.png,/scratch/parceirosbr/bigoilict/share/BigOil/document_generator/datasets/documents_2021_12_28/11anp_20211228_163937_6624309917_600_800.png,11anp_20211228_163937_6624309917_600_800_mask.png,-1367
6,4,13,9,297,237,310,246,297,243,308,237,310,241,299,246,text,figure_text,figure_0,,,,11anp_20211228_163937_6624309917_600_800.png,/scratch/parceirosbr/bigoilict/share/BigOil/document_generator/datasets/documents_2021_12_28/11anp_20211228_163937_6624309917_600_800.png,11anp_20211228_163937_6624309917_600_800_mask.png,Salinity
6,4,13,9,297,237,310,246,297,243,308,237,310,241,299,246,sub_line_text,figure_text,figure_0,,,,11anp_20211228_163937_6624309917_600_800.png,/scratch/parceirosbr/bigoilict/share/BigOil/document_generator/datasets/documents_2021_12_28/11anp_20211228_163937_6624309917_600_800.png,11anp_20211228_163937_6624309917_600_800_mask.png,Salinity
9,6,19,13,291,218,310,231,291,227,308,218,310,222,293,231,text,figure_text,figure_0,,,,11anp_20211228_163937_6624309917_600_800.png,/scratch/parceirosbr/bigoilict/share/BigOil/document_generator/datasets/documents_2021_12_28/11anp_20211228_163937_6624309917_600_800.png,11anp_20211228_163937_6624309917_600_800_mask.png,Water [ML]
9,6,19,13,291,218,310,231,291,227,308,218,310,222,293,231,sub_line_text,figure_text,figure_0,,,,11anp_20211228_163937_6624309917_600_800.png,/scratch/parceirosbr/bigoilict/share/BigOil/document_generator/datasets/documents_2021_12_28/11anp_20211228_163937_6624309917_600_800.png,11anp_20211228_163937_6624309917_600_800_mask.png,Water [ML]
5,4,10,8,282,174,292,182,282,179,291,174,292,178,284,182,text,figure_text,figure_0,,,,11anp_20211228_163937_6624309917_600_800.png,/scratch/parceirosbr/bigoilict/share/BigOil/document_generator/datasets/documents_2021_12_28/11anp_20211228_163937_6624309917_600_800.png,11anp_20211228_163937_6624309917_600_800_mask.png,938%
5,4,10,8,282,174,292,182,282,179,291,174,292,178,284,182,sub_line_text,figure_text,figure_0,,,,11anp_20211228_163937_6624309917_600_800.png,/scratch/parceirosbr/bigoilict/share/BigOil/document_generator/datasets/documents_2021_12_28/11anp_20211228_163937_6624309917_600_800.png,11anp_20211228_163937_6624309917_600_800_mask.png,938%
5,4,11,8,265,206,276,214,265,210,274,206,276,209,267,214,text,figure_text,figure_0,,,,11anp_20211228_163937_6624309917_600_800.png,/scratch/parceirosbr/bigoilict/share/BigOil/document_generator/datasets/documents_2021_12_28/11anp_20211228_163937_6624309917_600_800.png,11anp_20211228_163937_6624309917_600_800_mask.png,-4309
5,4,11,8,265,206,276,214,265,210,274,206,276,209,267,214,sub_line_text,figure_text,figure_0,,,,11anp_20211228_163937_6624309917_600_800.png,/scratch/parceirosbr/bigoilict/share/BigOil/document_generator/datasets/documents_2021_12_28/11anp_20211228_163937_6624309917_600_800.png,11anp_20211228_163937_6624309917_600_800_mask.png,-4309
8,5,16,11,344,203,360,214,344,211,358,203,360,206,345,214,text,figure_text,figure_0,,,,11anp_20211228_163937_6624309917_600_800.png,/scratch/parceirosbr/bigoilict/share/BigOil/document_generator/datasets/documents_2021_12_28/11anp_20211228_163937_6624309917_600_800.png,11anp_20211228_163937_6624309917_600_800_mask.png,-1800.4%
8,5,16,11,344,203,360,214,344,211,358,203,360,206,345,214,sub_line_text,figure_text,figure_0,,,,11anp_20211228_163937_6624309917_600_800.png,/scratch/parceirosbr/bigoilict/share/BigOil/document_generator/datasets/documents_2021_12_28/11anp_20211228_163937_6624309917_600_800.png,11anp_20211228_163937_6624309917_600_800_mask.png,-1800.4%
8,6,17,12,316,192,333,204,316,201,331,192,333,196,317,204,text,figure_text,figure_0,,,,11anp_20211228_163937_6624309917_600_800.png,/scratch/parceirosbr/bigoilict/share/BigOil/document_generator/datasets/documents_2021_12_28/11anp_20211228_163937_6624309917_600_800.png,11anp_20211228_163937_6624309917_600_800_mask.png,-7981.263
8,6,17,12,316,192,333,204,316,201,331,192,333,196,317,204,sub_line_text,figure_text,figure_0,,,,11anp_20211228_163937_6624309917_600_800.png,/scratch/parceirosbr/bigoilict/share/BigOil/document_generator/datasets/documents_2021_12_28/11anp_20211228_163937_6624309917_600_800.png,11anp_20211228_163937_6624309917_600_800_mask.png,-7981.263
7,4,14,9,243,187,257,196,243,193,255,187,257,190,245,196,text,figure_text,figure_0,,,,11anp_20211228_163937_6624309917_600_800.png,/scratch/parceirosbr/bigoilict/share/BigOil/document_generator/datasets/documents_2021_12_28/11anp_20211228_163937_6624309917_600_800.png,11anp_20211228_163937_6624309917_600_800_mask.png,-1546.9
7,4,14,9,243,187,257,196,243,193,255,187,257,190,245,196,sub_line_text,figure_text,figure_0,,,,11anp_20211228_163937_6624309917_600_800.png,/scratch/parceirosbr/bigoilict/share/BigOil/document_generator/datasets/documents_2021_12_28/11anp_20211228_163937_6624309917_600_800.png,11anp_20211228_163937_6624309917_600_800_mask.png,-1546.9
6,4,13,9,349,251,362,260,349,257,361,251,362,254,351,260,text,figure_text,figure_0,,,,11anp_20211228_163937_6624309917_600_800.png,/scratch/parceirosbr/bigoilict/share/BigOil/document_generator/datasets/documents_2021_12_28/11anp_20211228_163937_6624309917_600_800.png,11anp_20211228_163937_6624309917_600_800_mask.png,-8453.2
6,4,13,9,349,251,362,260,349,257,361,251,362,254,351,260,sub_line_text,figure_text,figure_0,,,,11anp_20211228_163937_6624309917_600_800.png,/scratch/parceirosbr/bigoilict/share/BigOil/document_generator/datasets/documents_2021_12_28/11anp_20211228_163937_6624309917_600_800.png,11anp_20211228_163937_6624309917_600_800_mask.png,-8453.2
6,4,13,9,262,181,275,190,262,187,274,181,275,184,264,190,text,figure_text,figure_0,,,,11anp_20211228_163937_6624309917_600_800.png,/scratch/parceirosbr/bigoilict/share/BigOil/document_generator/datasets/documents_2021_12_28/11anp_20211228_163937_6624309917_600_800.png,11anp_20211228_163937_6624309917_600_800_mask.png,-8002%
6,4,13,9,262,181,275,190,262,187,274,181,275,184,264,190,sub_line_text,figure_text,figure_0,,,,11anp_20211228_163937_6624309917_600_800.png,/scratch/parceirosbr/bigoilict/share/BigOil/document_generator/datasets/documents_2021_12_28/11anp_20211228_163937_6624309917_600_800.png,11anp_20211228_163937_6624309917_600_800_mask.png,-8002%
6,5,13,10,348,180,361,190,348,187,360,180,361,184,350,190,text,figure_text,figure_0,,,,11anp_20211228_163937_6624309917_600_800.png,/scratch/parceirosbr/bigoilict/share/BigOil/document_generator/datasets/documents_2021_12_28/11anp_20211228_163937_6624309917_600_800.png,11anp_20211228_163937_6624309917_600_800_mask.png,-6184.7
6,5,13,10,348,180,361,190,348,187,360,180,361,184,350,190,sub_line_text,figure_text,figure_0,,,,11anp_20211228_163937_6624309917_600_800.png,/scratch/parceirosbr/bigoilict/share/BigOil/document_generator/datasets/documents_2021_12_28/11anp_20211228_163937_6624309917_600_800.png,11anp_20211228_163937_6624309917_600_800_mask.png,-6184.7
6,4,12,8,254,163,266,171,254,168,264,163,266,166,256,171,text,figure_text,figure_0,,,,11anp_20211228_163937_6624309917_600_800.png,/scratch/parceirosbr/bigoilict/share/BigOil/document_generator/datasets/documents_2021_12_28/11anp_20211228_163937_6624309917_600_800.png,11anp_20211228_163937_6624309917_600_800_mask.png,-235.7
6,4,12,8,254,163,266,171,254,168,264,163,266,166,256,171,sub_line_text,figure_text,figure_0,,,,11anp_20211228_163937_6624309917_600_800.png,/scratch/parceirosbr/bigoilict/share/BigOil/document_generator/datasets/documents_2021_12_28/11anp_20211228_163937_6624309917_600_800.png,11anp_20211228_163937_6624309917_600_800_mask.png,-235.7
4,3,8,6,248,198,256,204,248,201,254,198,256,201,250,204,text,figure_text,figure_0,,,,11anp_20211228_163937_6624309917_600_800.png,/scratch/parceirosbr/bigoilict/share/BigOil/document_generator/datasets/documents_2021_12_28/11anp_20211228_163937_6624309917_600_800.png,11anp_20211228_163937_6624309917_600_800_mask.png,392
4,3,8,6,248,198,256,204,248,201,254,198,256,201,250,204,sub_line_text,figure_text,figure_0,,,,11anp_20211228_163937_6624309917_600_800.png,/scratch/parceirosbr/bigoilict/share/BigOil/document_generator/datasets/documents_2021_12_28/11anp_20211228_163937_6624309917_600_800.png,11anp_20211228_163937_6624309917_600_800_mask.png,392
6,4,12,9,341,218,353,227,341,223,352,218,353,221,343,227,text,figure_text,figure_0,,,,11anp_20211228_163937_6624309917_600_800.png,/scratch/parceirosbr/bigoilict/share/BigOil/document_generator/datasets/documents_2021_12_28/11anp_20211228_163937_6624309917_600_800.png,11anp_20211228_163937_6624309917_600_800_mask.png,267.26
6,4,12,9,341,218,353,227,341,223,352,218,353,221,343,227,sub_line_text,figure_text,figure_0,,,,11anp_20211228_163937_6624309917_600_800.png,/scratch/parceirosbr/bigoilict/share/BigOil/document_generator/datasets/documents_2021_12_28/11anp_20211228_163937_6624309917_600_800.png,11anp_20211228_163937_6624309917_600_800_mask.png,267.26
11,7,23,15,313,177,336,192,313,188,334,177,336,181,315,192,text,figure_text,figure_0,,,,11anp_20211228_163937_6624309917_600_800.png,/scratch/parceirosbr/bigoilict/share/BigOil/document_generator/datasets/documents_2021_12_28/11anp_20211228_163937_6624309917_600_800.png,11anp_20211228_163937_6624309917_600_800_mask.png,Demand (KB)
11,7,23,15,313,177,336,192,313,188,334,177,336,181,315,192,sub_line_text,figure_text,figure_0,,,,11anp_20211228_163937_6624309917_600_800.png,/scratch/parceirosbr/bigoilict/share/BigOil/document_generator/datasets/documents_2021_12_28/11anp_20211228_163937_6624309917_600_800.png,11anp_20211228_163937_6624309917_600_800_mask.png,Demand (KB)
6,4,12,9,301,248,313,257,301,253,311,248,313,252,302,257,text,figure_text,figure_0,,,,11anp_20211228_163937_6624309917_600_800.png,/scratch/parceirosbr/bigoilict/share/BigOil/document_generator/datasets/documents_2021_12_28/11anp_20211228_163937_6624309917_600_800.png,11anp_20211228_163937_6624309917_600_800_mask.png,Length
6,4,12,9,301,248,313,257,301,253,311,248,313,252,302,257,sub_line_text,figure_text,figure_0,,,,11anp_20211228_163937_6624309917_600_800.png,/scratch/parceirosbr/bigoilict/share/BigOil/document_generator/datasets/documents_2021_12_28/11anp_20211228_163937_6624309917_600_800.png,11anp_20211228_163937_6624309917_600_800_mask.png,Length
8,6,17,12,247,223,264,235,247,231,262,223,264,226,248,235,text,figure_text,figure_0,,,,11anp_20211228_163937_6624309917_600_800.png,/scratch/parceirosbr/bigoilict/share/BigOil/document_generator/datasets/documents_2021_12_28/11anp_20211228_163937_6624309917_600_800.png,11anp_20211228_163937_6624309917_600_800_mask.png,-1119.751
8,6,17,12,247,223,264,235,247,231,262,223,264,226,248,235,sub_line_text,figure_text,figure_0,,,,11anp_20211228_163937_6624309917_600_800.png,/scratch/parceirosbr/bigoilict/share/BigOil/document_generator/datasets/documents_2021_12_28/11anp_20211228_163937_6624309917_600_800.png,11anp_20211228_163937_6624309917_600_800_mask.png,-1119.751
7,5,14,10,351,167,365,177,351,174,363,167,365,171,353,177,text,figure_text,figure_0,,,,11anp_20211228_163937_6624309917_600_800.png,/scratch/parceirosbr/bigoilict/share/BigOil/document_generator/datasets/documents_2021_12_28/11anp_20211228_163937_6624309917_600_800.png,11anp_20211228_163937_6624309917_600_800_mask.png,-8484.4
7,5,14,10,351,167,365,177,351,174,363,167,365,171,353,177,sub_line_text,figure_text,figure_0,,,,11anp_20211228_163937_6624309917_600_800.png,/scratch/parceirosbr/bigoilict/share/BigOil/document_generator/datasets/documents_2021_12_28/11anp_20211228_163937_6624309917_600_800.png,11anp_20211228_163937_6624309917_600_800_mask.png,-8484.4
4,3,8,7,292,150,300,157,292,153,298,150,300,154,294,157,text,figure_text,figure_0,,,,11anp_20211228_163937_6624309917_600_800.png,/scratch/parceirosbr/bigoilict/share/BigOil/document_generator/datasets/documents_2021_12_28/11anp_20211228_163937_6624309917_600_800.png,11anp_20211228_163937_6624309917_600_800_mask.png,Age
4,3,8,7,292,150,300,157,292,153,298,150,300,154,294,157,sub_line_text,figure_text,figure_0,,,,11anp_20211228_163937_6624309917_600_800.png,/scratch/parceirosbr/bigoilict/share/BigOil/document_generator/datasets/documents_2021_12_28/11anp_20211228_163937_6624309917_600_800.png,11anp_20211228_163937_6624309917_600_800_mask.png,Age
199,5,398,10,63,266,461,276,63,266,461,266,461,276,63,276,sub_line_text,figure_legend,figure_1,times,bold,8,11anp_20211228_163937_6624309917_600_800.png,/scratch/parceirosbr/bigoilict/share/BigOil/document_generator/datasets/documents_2021_12_28/11anp_20211228_163937_6624309917_600_800.png,11anp_20211228_163937_6624309917_600_800_mask.png,"Fig.  128:    Assim,  em  2009  o  presidente  requisitou  que  a  e  a  atuassem  conjuntamente para denir uma nova r-"
27,5,54,10,63,279,117,289,63,279,117,279,117,289,63,289,sub_line_text,figure_legend,figure_1,times,bold,8,11anp_20211228_163937_6624309917_600_800.png,/scratch/parceirosbr/bigoilict/share/BigOil/document_generator/datasets/documents_2021_12_28/11anp_20211228_163937_6624309917_600_800.png,11anp_20211228_163937_6624309917_600_800_mask.png,egulamentação.
199,11,398,23,63,266,461,289,63,266,461,266,461,289,63,289,text,figure_legend,figure_1,times,bold,8,11anp_20211228_163937_6624309917_600_800.png,/scratch/parceirosbr/bigoilict/share/BigOil/document_generator/datasets/documents_2021_12_28/11anp_20211228_163937_6624309917_600_800.png,11anp_20211228_163937_6624309917_600_800_mask.png,nan
166,99,332,198,136,294,468,492,136,294,468,294,468,492,136,492,image,figure_image,figure_1,,,,11anp_20211228_163937_6624309917_600_800.png,/scratch/parceirosbr/bigoilict/share/BigOil/document_generator/datasets/documents_2021_12_28/11anp_20211228_163937_6624309917_600_800.png,11anp_20211228_163937_6624309917_600_800_mask.png,output/gen_img_20211228_163940_3120903674.png
6,2,13,4,270,302,283,306,270,301,284,302,283,308,269,306,text,figure_text,figure_1,,,,11anp_20211228_163937_6624309917_600_800.png,/scratch/parceirosbr/bigoilict/share/BigOil/document_generator/datasets/documents_2021_12_28/11anp_20211228_163937_6624309917_600_800.png,11anp_20211228_163937_6624309917_600_800_mask.png,-976%
6,2,13,4,270,302,283,306,270,301,284,302,283,308,269,306,sub_line_text,figure_text,figure_1,,,,11anp_20211228_163937_6624309917_600_800.png,/scratch/parceirosbr/bigoilict/share/BigOil/document_generator/datasets/documents_2021_12_28/11anp_20211228_163937_6624309917_600_800.png,11anp_20211228_163937_6624309917_600_800_mask.png,-976%
10,4,20,8,281,344,301,352,281,347,300,344,301,350,281,352,text,figure_text,figure_1,,,,11anp_20211228_163937_6624309917_600_800.png,/scratch/parceirosbr/bigoilict/share/BigOil/document_generator/datasets/documents_2021_12_28/11anp_20211228_163937_6624309917_600_800.png,11anp_20211228_163937_6624309917_600_800_mask.png,Traction
10,4,20,8,281,344,301,352,281,347,300,344,301,350,281,352,sub_line_text,figure_text,figure_1,,,,11anp_20211228_163937_6624309917_600_800.png,/scratch/parceirosbr/bigoilict/share/BigOil/document_generator/datasets/documents_2021_12_28/11anp_20211228_163937_6624309917_600_800.png,11anp_20211228_163937_6624309917_600_800_mask.png,Traction
10,3,20,7,392,450,412,457,392,451,412,450,412,457,392,457,text,figure_text,figure_1,,,,11anp_20211228_163937_6624309917_600_800.png,/scratch/parceirosbr/bigoilict/share/BigOil/document_generator/datasets/documents_2021_12_28/11anp_20211228_163937_6624309917_600_800.png,11anp_20211228_163937_6624309917_600_800_mask.png,Liters [L]
10,3,20,7,392,450,412,457,392,451,412,450,412,457,392,457,sub_line_text,figure_text,figure_1,,,,11anp_20211228_163937_6624309917_600_800.png,/scratch/parceirosbr/bigoilict/share/BigOil/document_generator/datasets/documents_2021_12_28/11anp_20211228_163937_6624309917_600_800.png,11anp_20211228_163937_6624309917_600_800_mask.png,Liters [L]
10,3,21,6,422,362,443,368,422,363,443,362,443,368,422,368,text,figure_text,figure_1,,,,11anp_20211228_163937_6624309917_600_800.png,/scratch/parceirosbr/bigoilict/share/BigOil/document_generator/datasets/documents_2021_12_28/11anp_20211228_163937_6624309917_600_800.png,11anp_20211228_163937_6624309917_600_800_mask.png,Contents
10,3,21,6,422,362,443,368,422,363,443,362,443,368,422,368,sub_line_text,figure_text,figure_1,,,,11anp_20211228_163937_6624309917_600_800.png,/scratch/parceirosbr/bigoilict/share/BigOil/document_generator/datasets/documents_2021_12_28/11anp_20211228_163937_6624309917_600_800.png,11anp_20211228_163937_6624309917_600_800_mask.png,Contents
14,4,28,9,204,414,232,423,204,417,231,414,232,420,205,423,text,figure_text,figure_1,,,,11anp_20211228_163937_6624309917_600_800.png,/scratch/parceirosbr/bigoilict/share/BigOil/document_generator/datasets/documents_2021_12_28/11anp_20211228_163937_6624309917_600_800.png,11anp_20211228_163937_6624309917_600_800_mask.png,Gender [BL]
14,4,28,9,204,414,232,423,204,417,231,414,232,420,205,423,sub_line_text,figure_text,figure_1,,,,11anp_20211228_163937_6624309917_600_800.png,/scratch/parceirosbr/bigoilict/share/BigOil/document_generator/datasets/documents_2021_12_28/11anp_20211228_163937_6624309917_600_800.png,11anp_20211228_163937_6624309917_600_800_mask.png,Gender [BL]
9,3,18,7,355,479,373,486,355,480,372,479,373,486,355,486,text,figure_text,figure_1,,,,11anp_20211228_163937_6624309917_600_800.png,/scratch/parceirosbr/bigoilict/share/BigOil/document_generator/datasets/documents_2021_12_28/11anp_20211228_163937_6624309917_600_800.png,11anp_20211228_163937_6624309917_600_800_mask.png,Voltage
9,3,18,7,355,479,373,486,355,480,372,479,373,486,355,486,sub_line_text,figure_text,figure_1,,,,11anp_20211228_163937_6624309917_600_800.png,/scratch/parceirosbr/bigoilict/share/BigOil/document_generator/datasets/documents_2021_12_28/11anp_20211228_163937_6624309917_600_800.png,11anp_20211228_163937_6624309917_600_800_mask.png,Voltage
21,4,42,9,140,313,182,322,140,316,182,313,182,319,140,322,text,figure_text,figure_1,,,,11anp_20211228_163937_6624309917_600_800.png,/scratch/parceirosbr/bigoilict/share/BigOil/document_generator/datasets/documents_2021_12_28/11anp_20211228_163937_6624309917_600_800.png,11anp_20211228_163937_6624309917_600_800_mask.png,Consumption (KB)
21,4,42,9,140,313,182,322,140,316,182,313,182,319,140,322,sub_line_text,figure_text,figure_1,,,,11anp_20211228_163937_6624309917_600_800.png,/scratch/parceirosbr/bigoilict/share/BigOil/document_generator/datasets/documents_2021_12_28/11anp_20211228_163937_6624309917_600_800.png,11anp_20211228_163937_6624309917_600_800_mask.png,Consumption (KB)
10,2,20,4,167,448,187,452,167,447,188,448,187,454,166,452,text,figure_text,figure_1,,,,11anp_20211228_163937_6624309917_600_800.png,/scratch/parceirosbr/bigoilict/share/BigOil/document_generator/datasets/documents_2021_12_28/11anp_20211228_163937_6624309917_600_800.png,11anp_20211228_163937_6624309917_600_800_mask.png,-6512.5%
10,2,20,4,167,448,187,452,167,447,188,448,187,454,166,452,sub_line_text,figure_text,figure_1,,,,11anp_20211228_163937_6624309917_600_800.png,/scratch/parceirosbr/bigoilict/share/BigOil/document_generator/datasets/documents_2021_12_28/11anp_20211228_163937_6624309917_600_800.png,11anp_20211228_163937_6624309917_600_800_mask.png,-6512.5%
8,1,16,2,273,311,289,313,273,308,290,311,289,316,272,313,text,figure_text,figure_1,,,,11anp_20211228_163937_6624309917_600_800.png,/scratch/parceirosbr/bigoilict/share/BigOil/document_generator/datasets/documents_2021_12_28/11anp_20211228_163937_6624309917_600_800.png,11anp_20211228_163937_6624309917_600_800_mask.png,-6265%
8,1,16,2,273,311,289,313,273,308,290,311,289,316,272,313,sub_line_text,figure_text,figure_1,,,,11anp_20211228_163937_6624309917_600_800.png,/scratch/parceirosbr/bigoilict/share/BigOil/document_generator/datasets/documents_2021_12_28/11anp_20211228_163937_6624309917_600_800.png,11anp_20211228_163937_6624309917_600_800_mask.png,-6265%
8,1,16,2,346,394,362,396,346,391,363,394,362,399,345,396,text,figure_text,figure_1,,,,11anp_20211228_163937_6624309917_600_800.png,/scratch/parceirosbr/bigoilict/share/BigOil/document_generator/datasets/documents_2021_12_28/11anp_20211228_163937_6624309917_600_800.png,11anp_20211228_163937_6624309917_600_800_mask.png,-4762%
8,1,16,2,346,394,362,396,346,391,363,394,362,399,345,396,sub_line_text,figure_text,figure_1,,,,11anp_20211228_163937_6624309917_600_800.png,/scratch/parceirosbr/bigoilict/share/BigOil/document_generator/datasets/documents_2021_12_28/11anp_20211228_163937_6624309917_600_800.png,11anp_20211228_163937_6624309917_600_800_mask.png,-4762%
9,0,19,1,296,365,315,366,296,361,316,365,315,370,295,366,text,figure_text,figure_1,,,,11anp_20211228_163937_6624309917_600_800.png,/scratch/parceirosbr/bigoilict/share/BigOil/document_generator/datasets/documents_2021_12_28/11anp_20211228_163937_6624309917_600_800.png,11anp_20211228_163937_6624309917_600_800_mask.png,-9455.86
9,0,19,1,296,365,315,366,296,361,316,365,315,370,295,366,sub_line_text,figure_text,figure_1,,,,11anp_20211228_163937_6624309917_600_800.png,/scratch/parceirosbr/bigoilict/share/BigOil/document_generator/datasets/documents_2021_12_28/11anp_20211228_163937_6624309917_600_800.png,11anp_20211228_163937_6624309917_600_800_mask.png,-9455.86
9,3,18,7,208,384,226,391,208,386,225,384,226,389,208,391,text,figure_text,figure_1,,,,11anp_20211228_163937_6624309917_600_800.png,/scratch/parceirosbr/bigoilict/share/BigOil/document_generator/datasets/documents_2021_12_28/11anp_20211228_163937_6624309917_600_800.png,11anp_20211228_163937_6624309917_600_800_mask.png,Mixture
9,3,18,7,208,384,226,391,208,386,225,384,226,389,208,391,sub_line_text,figure_text,figure_1,,,,11anp_20211228_163937_6624309917_600_800.png,/scratch/parceirosbr/bigoilict/share/BigOil/document_generator/datasets/documents_2021_12_28/11anp_20211228_163937_6624309917_600_800.png,11anp_20211228_163937_6624309917_600_800_mask.png,Mixture
8,2,17,5,443,311,460,316,443,311,460,311,460,316,443,316,text,figure_text,figure_1,,,,11anp_20211228_163937_6624309917_600_800.png,/scratch/parceirosbr/bigoilict/share/BigOil/document_generator/datasets/documents_2021_12_28/11anp_20211228_163937_6624309917_600_800.png,11anp_20211228_163937_6624309917_600_800_mask.png,645.6%
8,2,17,5,443,311,460,316,443,311,460,311,460,316,443,316,sub_line_text,figure_text,figure_1,,,,11anp_20211228_163937_6624309917_600_800.png,/scratch/parceirosbr/bigoilict/share/BigOil/document_generator/datasets/documents_2021_12_28/11anp_20211228_163937_6624309917_600_800.png,11anp_20211228_163937_6624309917_600_800_mask.png,645.6%
12,4,24,8,206,451,230,459,206,454,229,451,230,456,207,459,text,figure_text,figure_1,,,,11anp_20211228_163937_6624309917_600_800.png,/scratch/parceirosbr/bigoilict/share/BigOil/document_generator/datasets/documents_2021_12_28/11anp_20211228_163937_6624309917_600_800.png,11anp_20211228_163937_6624309917_600_800_mask.png,-9589.479
12,4,24,8,206,451,230,459,206,454,229,451,230,456,207,459,sub_line_text,figure_text,figure_1,,,,11anp_20211228_163937_6624309917_600_800.png,/scratch/parceirosbr/bigoilict/share/BigOil/document_generator/datasets/documents_2021_12_28/11anp_20211228_163937_6624309917_600_800.png,11anp_20211228_163937_6624309917_600_800_mask.png,-9589.479
222,5,445,11,93,495,538,506,93,495,538,495,538,506,93,506,sub_line_text,text,text_0,times,regular,9,11anp_20211228_163937_6624309917_600_800.png,/scratch/parceirosbr/bigoilict/share/BigOil/document_generator/datasets/documents_2021_12_28/11anp_20211228_163937_6624309917_600_800.png,11anp_20211228_163937_6624309917_600_800_mask.png,Tal  janela  operacional  atende  uma  grande  faixa de escoamentos multifásicos (petróleo e água). Tal avaliação foi f-
237,5,474,11,63,509,537,520,63,509,537,509,537,520,63,520,sub_line_text,text,text_0,times,regular,9,11anp_20211228_163937_6624309917_600_800.png,/scratch/parceirosbr/bigoilict/share/BigOil/document_generator/datasets/documents_2021_12_28/11anp_20211228_163937_6624309917_600_800.png,11anp_20211228_163937_6624309917_600_800_mask.png,"eita,  usando-se  a  caracterização  do  efluente,  de acordo com tais parâmetros: demanda química do oxigênio demanda bioq-"
237,5,474,11,63,523,537,534,63,523,537,523,537,534,63,534,sub_line_text,text,text_0,times,regular,9,11anp_20211228_163937_6624309917_600_800.png,/scratch/parceirosbr/bigoilict/share/BigOil/document_generator/datasets/documents_2021_12_28/11anp_20211228_163937_6624309917_600_800.png,11anp_20211228_163937_6624309917_600_800_mask.png,"uímica  do  oxigênio sólidos totais, sólidos voláteis, sólidos fixos, sólidos suspensos, sólidos dissolvidos, sólidos decant-"
237,5,475,11,63,537,538,548,63,537,538,537,538,548,63,548,sub_line_text,text,text_0,times,regular,9,11anp_20211228_163937_6624309917_600_800.png,/scratch/parceirosbr/bigoilict/share/BigOil/document_generator/datasets/documents_2021_12_28/11anp_20211228_163937_6624309917_600_800.png,11anp_20211228_163937_6624309917_600_800_mask.png,"áveis,  turbidez,  condutividade,  potencial  hidrogeniônico,  oxigênio  dissolvido,  sódio, potássio, temperatura, óleos e gra-"
237,5,475,11,63,551,538,562,63,551,538,551,538,562,63,562,sub_line_text,text,text_0,times,regular,9,11anp_20211228_163937_6624309917_600_800.png,/scratch/parceirosbr/bigoilict/share/BigOil/document_generator/datasets/documents_2021_12_28/11anp_20211228_163937_6624309917_600_800.png,11anp_20211228_163937_6624309917_600_800_mask.png,xas.  Procurou-se  manter  uma  pressão  mínima  no  tanque  para  aumentar a quantidade de etanol evaporada. Quais os polos
229,5,459,11,63,565,522,576,63,565,522,565,522,576,63,576,sub_line_text,text,text_0,times,regular,9,11anp_20211228_163937_6624309917_600_800.png,/scratch/parceirosbr/bigoilict/share/BigOil/document_generator/datasets/documents_2021_12_28/11anp_20211228_163937_6624309917_600_800.png,11anp_20211228_163937_6624309917_600_800_mask.png,"de desenvolvimento na região? como citado anteriormente, possui, dentro do seu campus, unidades de empresas de gran."
237,40,475,81,63,495,538,576,63,495,538,495,538,576,63,576,text,text,text_0,times,regular,9,11anp_20211228_163937_6624309917_600_800.png,/scratch/parceirosbr/bigoilict/share/BigOil/document_generator/datasets/documents_2021_12_28/11anp_20211228_163937_6624309917_600_800.png,11anp_20211228_163937_6624309917_600_800_mask.png,nan
222,5,445,11,93,579,538,590,93,579,538,579,538,590,93,590,sub_line_text,text,text_1,times,regular,9,11anp_20211228_163937_6624309917_600_800.png,/scratch/parceirosbr/bigoilict/share/BigOil/document_generator/datasets/documents_2021_12_28/11anp_20211228_163937_6624309917_600_800.png,11anp_20211228_163937_6624309917_600_800_mask.png,As  principais  medidas  adotadas  foram  (i)  a  redução  temporária  no  percentual da mistura obrigatória de etanol a-
237,5,474,11,63,593,537,604,63,593,537,593,537,604,63,604,sub_line_text,text,text_1,times,regular,9,11anp_20211228_163937_6624309917_600_800.png,/scratch/parceirosbr/bigoilict/share/BigOil/document_generator/datasets/documents_2021_12_28/11anp_20211228_163937_6624309917_600_800.png,11anp_20211228_163937_6624309917_600_800_mask.png,"nidro  a  gasolina,  que  passou  de  25%  para 20%; e (ii) a permissão (emergencial) de importação de etanol com especificaç-"
237,5,475,11,63,607,538,618,63,607,538,607,538,618,63,618,sub_line_text,text,text_1,times,regular,9,11anp_20211228_163937_6624309917_600_800.png,/scratch/parceirosbr/bigoilict/share/BigOil/document_generator/datasets/documents_2021_12_28/11anp_20211228_163937_6624309917_600_800.png,11anp_20211228_163937_6624309917_600_800_mask.png,"ão  diferenciada,  ou  seja,  o  governo,  por  meio  da  flexibilizou  a especificação do etanol combustível a ser comercializado"
237,5,475,11,63,621,538,632,63,621,538,621,538,632,63,632,sub_line_text,text,text_1,times,regular,9,11anp_20211228_163937_6624309917_600_800.png,/scratch/parceirosbr/bigoilict/share/BigOil/document_generator/datasets/documents_2021_12_28/11anp_20211228_163937_6624309917_600_800.png,11anp_20211228_163937_6624309917_600_800_mask.png,no  país  a  fim  de  facilitar  sua  importação  para  abastecimento  do  mercado interno. Na 4.8 pode-se observar as superfícies
237,5,475,11,63,635,538,646,63,635,538,635,538,646,63,646,sub_line_text,text,text_1,times,regular,9,11anp_20211228_163937_6624309917_600_800.png,/scratch/parceirosbr/bigoilict/share/BigOil/document_generator/datasets/documents_2021_12_28/11anp_20211228_163937_6624309917_600_800.png,11anp_20211228_163937_6624309917_600_800_mask.png,"de  resposta  obtidas  para  o  e.  Mm/d  de  gás  natural (através dos poços 1BRSA108AESS e 6BRSA639ESS, em e 3BRSA4-"
237,5,474,11,63,649,537,660,63,649,537,649,537,660,63,660,sub_line_text,text,text_1,times,regular,9,11anp_20211228_163937_6624309917_600_800.png,/scratch/parceirosbr/bigoilict/share/BigOil/document_generator/datasets/documents_2021_12_28/11anp_20211228_163937_6624309917_600_800.png,11anp_20211228_163937_6624309917_600_800_mask.png,"96RJS  e  9BRSA716RJS,  no.  Moura  caracteriza  esta  superfície  como  superfície inundação e, admite que a mesma marca o"
232,5,465,11,63,663,528,674,63,663,528,663,528,674,63,674,sub_line_text,text,text_1,times,regular,9,11anp_20211228_163937_6624309917_600_800.png,/scratch/parceirosbr/bigoilict/share/BigOil/document_generator/datasets/documents_2021_12_28/11anp_20211228_163937_6624309917_600_800.png,11anp_20211228_163937_6624309917_600_800_mask.png,"contato de um conjunto de camadas de fácies heterolítica abaixo, com folhelhos (fácies acima, indicando o afogamento da."
237,47,475,95,63,579,538,674,63,579,538,579,538,674,63,674,text,text,text_1,times,regular,9,11anp_20211228_163937_6624309917_600_800.png,/scratch/parceirosbr/bigoilict/share/BigOil/document_generator/datasets/documents_2021_12_28/11anp_20211228_163937_6624309917_600_800.png,11anp_20211228_163937_6624309917_600_800_mask.png,nan
222,5,444,11,93,677,537,688,93,677,537,677,537,688,93,688,sub_line_text,text,text_2,times,regular,9,11anp_20211228_163937_6624309917_600_800.png,/scratch/parceirosbr/bigoilict/share/BigOil/document_generator/datasets/documents_2021_12_28/11anp_20211228_163937_6624309917_600_800.png,11anp_20211228_163937_6624309917_600_800_mask.png,"Na  primeira  fase  do  ciclo,  uma  nova tecnologia nasce4. fase é caracterizada por um grau elevado de incerteza, pois"
237,5,474,11,63,691,537,702,63,691,537,691,537,702,63,702,sub_line_text,text,text_2,times,regular,9,11anp_20211228_163937_6624309917_600_800.png,/scratch/parceirosbr/bigoilict/share/BigOil/document_generator/datasets/documents_2021_12_28/11anp_20211228_163937_6624309917_600_800.png,11anp_20211228_163937_6624309917_600_800_mask.png,"diversas  variantes  da  nova  tecnologia  estão  lançadas  no  mercado,  cada  uma possuindo características técnicas próprias."
229,5,458,11,63,705,521,716,63,705,521,705,521,716,63,716,sub_line_text,text,text_2,times,regular,9,11anp_20211228_163937_6624309917_600_800.png,/scratch/parceirosbr/bigoilict/share/BigOil/document_generator/datasets/documents_2021_12_28/11anp_20211228_163937_6624309917_600_800.png,11anp_20211228_163937_6624309917_600_800_mask.png,"Na figura 3.74, com carregamento de correnteza somente na boia com velocidade 1,2 m/s, com diferentes coeficientes de."
237,19,474,39,63,677,537,716,63,677,537,677,537,716,63,716,text,text,text_2,times,regular,9,11anp_20211228_163937_6624309917_600_800.png,/scratch/parceirosbr/bigoilict/share/BigOil/document_generator/datasets/documents_2021_12_28/11anp_20211228_163937_6624309917_600_800.png,11anp_20211228_163937_6624309917_600_800_mask.png,nan
