center_x,center_y,width,height,xmin,ymin,xmax,ymax,top_left_x,top_left_y,top_right_x,top_right_y,bottom_right_x,bottom_right_y,bottom_left_x,bottom_left_y,label,grouplabel,group,text_font,text_style,size_font,filename,path,filename_mask,content
300,400,600,800,0,0,600,800,0,0,600,0,600,800,0,800,document,,,,,,11anp_20211228_163936_6208315314_600_800.png,/scratch/parceirosbr/bigoilict/share/BigOil/document_generator/datasets/documents_2021_12_28/11anp_20211228_163936_6208315314_600_800.png,11anp_20211228_163936_6208315314_600_800_mask.png,
254,1,509,2,55,120,564,122,55,120,564,120,564,122,55,122,line,line,line,,,,11anp_20211228_163936_6208315314_600_800.png,/scratch/parceirosbr/bigoilict/share/BigOil/document_generator/datasets/documents_2021_12_28/11anp_20211228_163936_6208315314_600_800.png,11anp_20211228_163936_6208315314_600_800_mask.png,nan
20,10,40,21,522,81,562,102,522,81,562,81,562,102,522,102,sub_line_text,header,header_1,roboto,bold,18,11anp_20211228_163936_6208315314_600_800.png,/scratch/parceirosbr/bigoilict/share/BigOil/document_generator/datasets/documents_2021_12_28/11anp_20211228_163936_6208315314_600_800.png,11anp_20211228_163936_6208315314_600_800_mask.png,2007
20,10,40,21,522,81,562,102,522,81,562,81,562,102,522,102,text,header,header_1,roboto,bold,18,11anp_20211228_163936_6208315314_600_800.png,/scratch/parceirosbr/bigoilict/share/BigOil/document_generator/datasets/documents_2021_12_28/11anp_20211228_163936_6208315314_600_800.png,11anp_20211228_163936_6208315314_600_800_mask.png,nan
77,10,154,21,348,81,502,102,348,81,502,81,502,102,348,102,sub_line_text,header,header_1,roboto,bold,18,11anp_20211228_163936_6208315314_600_800.png,/scratch/parceirosbr/bigoilict/share/BigOil/document_generator/datasets/documents_2021_12_28/11anp_20211228_163936_6208315314_600_800.png,11anp_20211228_163936_6208315314_600_800_mask.png,Como apresentado
77,10,154,21,348,81,502,102,348,81,502,81,502,102,348,102,text,header,header_1,roboto,bold,18,11anp_20211228_163936_6208315314_600_800.png,/scratch/parceirosbr/bigoilict/share/BigOil/document_generator/datasets/documents_2021_12_28/11anp_20211228_163936_6208315314_600_800.png,11anp_20211228_163936_6208315314_600_800_mask.png,nan
26,16,53,32,91,81,144,113,91,81,144,81,144,113,91,113,image,image,image,,,,11anp_20211228_163936_6208315314_600_800.png,/scratch/parceirosbr/bigoilict/share/BigOil/document_generator/datasets/documents_2021_12_28/11anp_20211228_163936_6208315314_600_800.png,11anp_20211228_163936_6208315314_600_800_mask.png,/scratch/parceirosbr/bigoilict/share/BigOil/document_generator/files_images_document_generator/logos\image_44.jpg
216,6,433,12,65,135,498,147,65,135,498,135,498,147,65,147,sub_line_text,table_legend,table_0,roboto,bolditalic,9,11anp_20211228_163936_6208315314_600_800.png,/scratch/parceirosbr/bigoilict/share/BigOil/document_generator/datasets/documents_2021_12_28/11anp_20211228_163936_6208315314_600_800.png,11anp_20211228_163936_6208315314_600_800_mask.png,"Tabela  36:    Em  meados  da  década  de  80,  a  maior  parte  dos  veículos  comercializados  nos  era dotada"
80,6,161,12,65,154,226,166,65,154,226,154,226,166,65,166,sub_line_text,table_legend,table_0,roboto,bolditalic,9,11anp_20211228_163936_6208315314_600_800.png,/scratch/parceirosbr/bigoilict/share/BigOil/document_generator/datasets/documents_2021_12_28/11anp_20211228_163936_6208315314_600_800.png,11anp_20211228_163936_6208315314_600_800_mask.png,de carburadores que levavam a gasolina
216,15,433,31,65,135,498,166,65,135,498,135,498,166,65,166,text,table_legend,table_0,roboto,bolditalic,9,11anp_20211228_163936_6208315314_600_800.png,/scratch/parceirosbr/bigoilict/share/BigOil/document_generator/datasets/documents_2021_12_28/11anp_20211228_163936_6208315314_600_800.png,11anp_20211228_163936_6208315314_600_800_mask.png,nan
234,69,469,138,73,171,542,309,73,171,542,171,542,309,73,309,table,table_image,table_0,,,,11anp_20211228_163936_6208315314_600_800.png,/scratch/parceirosbr/bigoilict/share/BigOil/document_generator/datasets/documents_2021_12_28/11anp_20211228_163936_6208315314_600_800.png,11anp_20211228_163936_6208315314_600_800_mask.png,output/gen_tab_20211228_163937_3005120301.png
19,5,38,10,163,174,201,184,163,174,201,174,201,184,163,184,text,table_text,table_0,times,regular,9.0,11anp_20211228_163936_6208315314_600_800.png,/scratch/parceirosbr/bigoilict/share/BigOil/document_generator/datasets/documents_2021_12_28/11anp_20211228_163936_6208315314_600_800.png,11anp_20211228_163936_6208315314_600_800_mask.png,adiamento
19,5,38,10,163,174,201,184,163,174,201,174,201,184,163,184,sub_line_text,table_text,table_0,times,regular,9.0,11anp_20211228_163936_6208315314_600_800.png,/scratch/parceirosbr/bigoilict/share/BigOil/document_generator/datasets/documents_2021_12_28/11anp_20211228_163936_6208315314_600_800.png,11anp_20211228_163936_6208315314_600_800_mask.png,adiamento
25,5,50,10,152,188,202,198,152,188,202,188,202,198,152,198,text,table_text,table_0,times,regular,9.0,11anp_20211228_163936_6208315314_600_800.png,/scratch/parceirosbr/bigoilict/share/BigOil/document_generator/datasets/documents_2021_12_28/11anp_20211228_163936_6208315314_600_800.png,11anp_20211228_163936_6208315314_600_800_mask.png,793440256.5
25,5,50,10,152,188,202,198,152,188,202,188,202,198,152,198,sub_line_text,table_text,table_0,times,regular,9.0,11anp_20211228_163936_6208315314_600_800.png,/scratch/parceirosbr/bigoilict/share/BigOil/document_generator/datasets/documents_2021_12_28/11anp_20211228_163936_6208315314_600_800.png,11anp_20211228_163936_6208315314_600_800_mask.png,793440256.5
22,5,45,10,156,201,201,211,156,201,201,201,201,211,156,211,text,table_text,table_0,times,regular,9.0,11anp_20211228_163936_6208315314_600_800.png,/scratch/parceirosbr/bigoilict/share/BigOil/document_generator/datasets/documents_2021_12_28/11anp_20211228_163936_6208315314_600_800.png,11anp_20211228_163936_6208315314_600_800_mask.png,27872283.2
22,5,45,10,156,201,201,211,156,201,201,201,201,211,156,211,sub_line_text,table_text,table_0,times,regular,9.0,11anp_20211228_163936_6208315314_600_800.png,/scratch/parceirosbr/bigoilict/share/BigOil/document_generator/datasets/documents_2021_12_28/11anp_20211228_163936_6208315314_600_800.png,11anp_20211228_163936_6208315314_600_800_mask.png,27872283.2
22,5,45,10,156,215,201,225,156,215,201,215,201,225,156,225,text,table_text,table_0,times,regular,9.0,11anp_20211228_163936_6208315314_600_800.png,/scratch/parceirosbr/bigoilict/share/BigOil/document_generator/datasets/documents_2021_12_28/11anp_20211228_163936_6208315314_600_800.png,11anp_20211228_163936_6208315314_600_800_mask.png,94118763.4
22,5,45,10,156,215,201,225,156,215,201,215,201,225,156,225,sub_line_text,table_text,table_0,times,regular,9.0,11anp_20211228_163936_6208315314_600_800.png,/scratch/parceirosbr/bigoilict/share/BigOil/document_generator/datasets/documents_2021_12_28/11anp_20211228_163936_6208315314_600_800.png,11anp_20211228_163936_6208315314_600_800_mask.png,94118763.4
27,5,55,10,147,228,202,238,147,228,202,228,202,238,147,238,text,table_text,table_0,times,regular,9.0,11anp_20211228_163936_6208315314_600_800.png,/scratch/parceirosbr/bigoilict/share/BigOil/document_generator/datasets/documents_2021_12_28/11anp_20211228_163936_6208315314_600_800.png,11anp_20211228_163936_6208315314_600_800_mask.png,8309795413.5
27,5,55,10,147,228,202,238,147,228,202,228,202,238,147,238,sub_line_text,table_text,table_0,times,regular,9.0,11anp_20211228_163936_6208315314_600_800.png,/scratch/parceirosbr/bigoilict/share/BigOil/document_generator/datasets/documents_2021_12_28/11anp_20211228_163936_6208315314_600_800.png,11anp_20211228_163936_6208315314_600_800_mask.png,8309795413.5
22,5,45,10,156,242,201,252,156,242,201,242,201,252,156,252,text,table_text,table_0,times,regular,9.0,11anp_20211228_163936_6208315314_600_800.png,/scratch/parceirosbr/bigoilict/share/BigOil/document_generator/datasets/documents_2021_12_28/11anp_20211228_163936_6208315314_600_800.png,11anp_20211228_163936_6208315314_600_800_mask.png,41827059.8
22,5,45,10,156,242,201,252,156,242,201,242,201,252,156,252,sub_line_text,table_text,table_0,times,regular,9.0,11anp_20211228_163936_6208315314_600_800.png,/scratch/parceirosbr/bigoilict/share/BigOil/document_generator/datasets/documents_2021_12_28/11anp_20211228_163936_6208315314_600_800.png,11anp_20211228_163936_6208315314_600_800_mask.png,41827059.8
25,5,50,10,152,255,202,265,152,255,202,255,202,265,152,265,text,table_text,table_0,times,regular,9.0,11anp_20211228_163936_6208315314_600_800.png,/scratch/parceirosbr/bigoilict/share/BigOil/document_generator/datasets/documents_2021_12_28/11anp_20211228_163936_6208315314_600_800.png,11anp_20211228_163936_6208315314_600_800_mask.png,971397142.4
25,5,50,10,152,255,202,265,152,255,202,255,202,265,152,265,sub_line_text,table_text,table_0,times,regular,9.0,11anp_20211228_163936_6208315314_600_800.png,/scratch/parceirosbr/bigoilict/share/BigOil/document_generator/datasets/documents_2021_12_28/11anp_20211228_163936_6208315314_600_800.png,11anp_20211228_163936_6208315314_600_800_mask.png,971397142.4
20,5,40,10,161,269,201,279,161,269,201,269,201,279,161,279,text,table_text,table_0,times,regular,9.0,11anp_20211228_163936_6208315314_600_800.png,/scratch/parceirosbr/bigoilict/share/BigOil/document_generator/datasets/documents_2021_12_28/11anp_20211228_163936_6208315314_600_800.png,11anp_20211228_163936_6208315314_600_800_mask.png,9487584.4
20,5,40,10,161,269,201,279,161,269,201,269,201,279,161,279,sub_line_text,table_text,table_0,times,regular,9.0,11anp_20211228_163936_6208315314_600_800.png,/scratch/parceirosbr/bigoilict/share/BigOil/document_generator/datasets/documents_2021_12_28/11anp_20211228_163936_6208315314_600_800.png,11anp_20211228_163936_6208315314_600_800_mask.png,9487584.4
22,5,45,10,487,282,532,292,487,282,532,282,532,292,487,292,text,table_text,table_0,times,regular,9.0,11anp_20211228_163936_6208315314_600_800.png,/scratch/parceirosbr/bigoilict/share/BigOil/document_generator/datasets/documents_2021_12_28/11anp_20211228_163936_6208315314_600_800.png,11anp_20211228_163936_6208315314_600_800_mask.png,43881676.9
22,5,45,10,487,282,532,292,487,282,532,282,532,292,487,292,sub_line_text,table_text,table_0,times,regular,9.0,11anp_20211228_163936_6208315314_600_800.png,/scratch/parceirosbr/bigoilict/share/BigOil/document_generator/datasets/documents_2021_12_28/11anp_20211228_163936_6208315314_600_800.png,11anp_20211228_163936_6208315314_600_800_mask.png,43881676.9
13,5,27,10,223,174,250,184,223,174,250,174,250,184,223,184,text,table_text,table_0,times,regular,9.0,11anp_20211228_163936_6208315314_600_800.png,/scratch/parceirosbr/bigoilict/share/BigOil/document_generator/datasets/documents_2021_12_28/11anp_20211228_163936_6208315314_600_800.png,11anp_20211228_163936_6208315314_600_800_mask.png,direção
13,5,27,10,223,174,250,184,223,174,250,174,250,184,223,184,sub_line_text,table_text,table_0,times,regular,9.0,11anp_20211228_163936_6208315314_600_800.png,/scratch/parceirosbr/bigoilict/share/BigOil/document_generator/datasets/documents_2021_12_28/11anp_20211228_163936_6208315314_600_800.png,11anp_20211228_163936_6208315314_600_800_mask.png,direção
5,5,11,10,238,188,249,198,238,188,249,188,249,198,238,198,text,table_text,table_0,times,regular,9.0,11anp_20211228_163936_6208315314_600_800.png,/scratch/parceirosbr/bigoilict/share/BigOil/document_generator/datasets/documents_2021_12_28/11anp_20211228_163936_6208315314_600_800.png,11anp_20211228_163936_6208315314_600_800_mask.png,4.6
5,5,11,10,238,188,249,198,238,188,249,188,249,198,238,198,sub_line_text,table_text,table_0,times,regular,9.0,11anp_20211228_163936_6208315314_600_800.png,/scratch/parceirosbr/bigoilict/share/BigOil/document_generator/datasets/documents_2021_12_28/11anp_20211228_163936_6208315314_600_800.png,11anp_20211228_163936_6208315314_600_800_mask.png,4.6
5,5,11,10,238,201,249,211,238,201,249,201,249,211,238,211,text,table_text,table_0,times,regular,9.0,11anp_20211228_163936_6208315314_600_800.png,/scratch/parceirosbr/bigoilict/share/BigOil/document_generator/datasets/documents_2021_12_28/11anp_20211228_163936_6208315314_600_800.png,11anp_20211228_163936_6208315314_600_800_mask.png,5.3
5,5,11,10,238,201,249,211,238,201,249,201,249,211,238,211,sub_line_text,table_text,table_0,times,regular,9.0,11anp_20211228_163936_6208315314_600_800.png,/scratch/parceirosbr/bigoilict/share/BigOil/document_generator/datasets/documents_2021_12_28/11anp_20211228_163936_6208315314_600_800.png,11anp_20211228_163936_6208315314_600_800_mask.png,5.3
10,5,21,10,229,215,250,225,229,215,250,215,250,225,229,225,text,table_text,table_0,times,regular,9.0,11anp_20211228_163936_6208315314_600_800.png,/scratch/parceirosbr/bigoilict/share/BigOil/document_generator/datasets/documents_2021_12_28/11anp_20211228_163936_6208315314_600_800.png,11anp_20211228_163936_6208315314_600_800_mask.png,508.0
10,5,21,10,229,215,250,225,229,215,250,215,250,225,229,225,sub_line_text,table_text,table_0,times,regular,9.0,11anp_20211228_163936_6208315314_600_800.png,/scratch/parceirosbr/bigoilict/share/BigOil/document_generator/datasets/documents_2021_12_28/11anp_20211228_163936_6208315314_600_800.png,11anp_20211228_163936_6208315314_600_800_mask.png,508.0
5,5,11,10,238,228,249,238,238,228,249,228,249,238,238,238,text,table_text,table_0,times,regular,9.0,11anp_20211228_163936_6208315314_600_800.png,/scratch/parceirosbr/bigoilict/share/BigOil/document_generator/datasets/documents_2021_12_28/11anp_20211228_163936_6208315314_600_800.png,11anp_20211228_163936_6208315314_600_800_mask.png,9.9
5,5,11,10,238,228,249,238,238,228,249,228,249,238,238,238,sub_line_text,table_text,table_0,times,regular,9.0,11anp_20211228_163936_6208315314_600_800.png,/scratch/parceirosbr/bigoilict/share/BigOil/document_generator/datasets/documents_2021_12_28/11anp_20211228_163936_6208315314_600_800.png,11anp_20211228_163936_6208315314_600_800_mask.png,9.9
5,5,11,10,238,242,249,252,238,242,249,242,249,252,238,252,text,table_text,table_0,times,regular,9.0,11anp_20211228_163936_6208315314_600_800.png,/scratch/parceirosbr/bigoilict/share/BigOil/document_generator/datasets/documents_2021_12_28/11anp_20211228_163936_6208315314_600_800.png,11anp_20211228_163936_6208315314_600_800_mask.png,7.4
5,5,11,10,238,242,249,252,238,242,249,242,249,252,238,252,sub_line_text,table_text,table_0,times,regular,9.0,11anp_20211228_163936_6208315314_600_800.png,/scratch/parceirosbr/bigoilict/share/BigOil/document_generator/datasets/documents_2021_12_28/11anp_20211228_163936_6208315314_600_800.png,11anp_20211228_163936_6208315314_600_800_mask.png,7.4
5,5,11,10,238,255,249,265,238,255,249,255,249,265,238,265,text,table_text,table_0,times,regular,9.0,11anp_20211228_163936_6208315314_600_800.png,/scratch/parceirosbr/bigoilict/share/BigOil/document_generator/datasets/documents_2021_12_28/11anp_20211228_163936_6208315314_600_800.png,11anp_20211228_163936_6208315314_600_800_mask.png,5.9
5,5,11,10,238,255,249,265,238,255,249,255,249,265,238,265,sub_line_text,table_text,table_0,times,regular,9.0,11anp_20211228_163936_6208315314_600_800.png,/scratch/parceirosbr/bigoilict/share/BigOil/document_generator/datasets/documents_2021_12_28/11anp_20211228_163936_6208315314_600_800.png,11anp_20211228_163936_6208315314_600_800_mask.png,5.9
8,5,16,10,234,269,250,279,234,269,250,269,250,279,234,279,text,table_text,table_0,times,regular,9.0,11anp_20211228_163936_6208315314_600_800.png,/scratch/parceirosbr/bigoilict/share/BigOil/document_generator/datasets/documents_2021_12_28/11anp_20211228_163936_6208315314_600_800.png,11anp_20211228_163936_6208315314_600_800_mask.png,51.7
8,5,16,10,234,269,250,279,234,269,250,269,250,279,234,279,sub_line_text,table_text,table_0,times,regular,9.0,11anp_20211228_163936_6208315314_600_800.png,/scratch/parceirosbr/bigoilict/share/BigOil/document_generator/datasets/documents_2021_12_28/11anp_20211228_163936_6208315314_600_800.png,11anp_20211228_163936_6208315314_600_800_mask.png,51.7
14,5,28,10,302,174,330,184,302,174,330,174,330,184,302,184,text,table_text,table_0,times,regular,9.0,11anp_20211228_163936_6208315314_600_800.png,/scratch/parceirosbr/bigoilict/share/BigOil/document_generator/datasets/documents_2021_12_28/11anp_20211228_163936_6208315314_600_800.png,11anp_20211228_163936_6208315314_600_800_mask.png,máxima
14,5,28,10,302,174,330,184,302,174,330,174,330,184,302,184,sub_line_text,table_text,table_0,times,regular,9.0,11anp_20211228_163936_6208315314_600_800.png,/scratch/parceirosbr/bigoilict/share/BigOil/document_generator/datasets/documents_2021_12_28/11anp_20211228_163936_6208315314_600_800.png,11anp_20211228_163936_6208315314_600_800_mask.png,máxima
12,5,24,10,307,188,331,198,307,188,331,188,331,198,307,198,text,table_text,table_0,times,regular,9.0,11anp_20211228_163936_6208315314_600_800.png,/scratch/parceirosbr/bigoilict/share/BigOil/document_generator/datasets/documents_2021_12_28/11anp_20211228_163936_6208315314_600_800.png,11anp_20211228_163936_6208315314_600_800_mask.png,73359
12,5,24,10,307,188,331,198,307,188,331,188,331,198,307,198,sub_line_text,table_text,table_0,times,regular,9.0,11anp_20211228_163936_6208315314_600_800.png,/scratch/parceirosbr/bigoilict/share/BigOil/document_generator/datasets/documents_2021_12_28/11anp_20211228_163936_6208315314_600_800.png,11anp_20211228_163936_6208315314_600_800_mask.png,73359
7,5,14,10,317,201,331,211,317,201,331,201,331,211,317,211,text,table_text,table_0,times,regular,9.0,11anp_20211228_163936_6208315314_600_800.png,/scratch/parceirosbr/bigoilict/share/BigOil/document_generator/datasets/documents_2021_12_28/11anp_20211228_163936_6208315314_600_800.png,11anp_20211228_163936_6208315314_600_800_mask.png,312
7,5,14,10,317,201,331,211,317,201,331,201,331,211,317,211,sub_line_text,table_text,table_0,times,regular,9.0,11anp_20211228_163936_6208315314_600_800.png,/scratch/parceirosbr/bigoilict/share/BigOil/document_generator/datasets/documents_2021_12_28/11anp_20211228_163936_6208315314_600_800.png,11anp_20211228_163936_6208315314_600_800_mask.png,312
7,5,14,10,317,215,331,225,317,215,331,215,331,225,317,225,text,table_text,table_0,times,regular,9.0,11anp_20211228_163936_6208315314_600_800.png,/scratch/parceirosbr/bigoilict/share/BigOil/document_generator/datasets/documents_2021_12_28/11anp_20211228_163936_6208315314_600_800.png,11anp_20211228_163936_6208315314_600_800_mask.png,421
7,5,14,10,317,215,331,225,317,215,331,215,331,225,317,225,sub_line_text,table_text,table_0,times,regular,9.0,11anp_20211228_163936_6208315314_600_800.png,/scratch/parceirosbr/bigoilict/share/BigOil/document_generator/datasets/documents_2021_12_28/11anp_20211228_163936_6208315314_600_800.png,11anp_20211228_163936_6208315314_600_800_mask.png,421
14,5,28,10,302,228,330,238,302,228,330,228,330,238,302,238,text,table_text,table_0,times,regular,9.0,11anp_20211228_163936_6208315314_600_800.png,/scratch/parceirosbr/bigoilict/share/BigOil/document_generator/datasets/documents_2021_12_28/11anp_20211228_163936_6208315314_600_800.png,11anp_20211228_163936_6208315314_600_800_mask.png,378841
14,5,28,10,302,228,330,238,302,228,330,228,330,238,302,238,sub_line_text,table_text,table_0,times,regular,9.0,11anp_20211228_163936_6208315314_600_800.png,/scratch/parceirosbr/bigoilict/share/BigOil/document_generator/datasets/documents_2021_12_28/11anp_20211228_163936_6208315314_600_800.png,11anp_20211228_163936_6208315314_600_800_mask.png,378841
16,5,33,10,297,242,330,252,297,242,330,242,330,252,297,252,text,table_text,table_0,times,regular,9.0,11anp_20211228_163936_6208315314_600_800.png,/scratch/parceirosbr/bigoilict/share/BigOil/document_generator/datasets/documents_2021_12_28/11anp_20211228_163936_6208315314_600_800.png,11anp_20211228_163936_6208315314_600_800_mask.png,1467255
16,5,33,10,297,242,330,252,297,242,330,242,330,252,297,252,sub_line_text,table_text,table_0,times,regular,9.0,11anp_20211228_163936_6208315314_600_800.png,/scratch/parceirosbr/bigoilict/share/BigOil/document_generator/datasets/documents_2021_12_28/11anp_20211228_163936_6208315314_600_800.png,11anp_20211228_163936_6208315314_600_800_mask.png,1467255
7,5,14,10,317,255,331,265,317,255,331,255,331,265,317,265,text,table_text,table_0,times,regular,9.0,11anp_20211228_163936_6208315314_600_800.png,/scratch/parceirosbr/bigoilict/share/BigOil/document_generator/datasets/documents_2021_12_28/11anp_20211228_163936_6208315314_600_800.png,11anp_20211228_163936_6208315314_600_800_mask.png,323
7,5,14,10,317,255,331,265,317,255,331,255,331,265,317,265,sub_line_text,table_text,table_0,times,regular,9.0,11anp_20211228_163936_6208315314_600_800.png,/scratch/parceirosbr/bigoilict/share/BigOil/document_generator/datasets/documents_2021_12_28/11anp_20211228_163936_6208315314_600_800.png,11anp_20211228_163936_6208315314_600_800_mask.png,323
12,5,24,10,307,269,331,279,307,269,331,269,331,279,307,279,text,table_text,table_0,times,regular,9.0,11anp_20211228_163936_6208315314_600_800.png,/scratch/parceirosbr/bigoilict/share/BigOil/document_generator/datasets/documents_2021_12_28/11anp_20211228_163936_6208315314_600_800.png,11anp_20211228_163936_6208315314_600_800_mask.png,39557
12,5,24,10,307,269,331,279,307,269,331,269,331,279,307,279,sub_line_text,table_text,table_0,times,regular,9.0,11anp_20211228_163936_6208315314_600_800.png,/scratch/parceirosbr/bigoilict/share/BigOil/document_generator/datasets/documents_2021_12_28/11anp_20211228_163936_6208315314_600_800.png,11anp_20211228_163936_6208315314_600_800_mask.png,39557
22,5,44,10,348,174,392,184,348,174,392,174,392,184,348,184,text,table_text,table_0,times,regular,9.0,11anp_20211228_163936_6208315314_600_800.png,/scratch/parceirosbr/bigoilict/share/BigOil/document_generator/datasets/documents_2021_12_28/11anp_20211228_163936_6208315314_600_800.png,11anp_20211228_163936_6208315314_600_800_mask.png,alternativos
22,5,44,10,348,174,392,184,348,174,392,174,392,184,348,184,sub_line_text,table_text,table_0,times,regular,9.0,11anp_20211228_163936_6208315314_600_800.png,/scratch/parceirosbr/bigoilict/share/BigOil/document_generator/datasets/documents_2021_12_28/11anp_20211228_163936_6208315314_600_800.png,11anp_20211228_163936_6208315314_600_800_mask.png,alternativos
6,5,13,10,364,188,377,198,364,188,377,188,377,198,364,198,text,table_text,table_0,times,regular,9.0,11anp_20211228_163936_6208315314_600_800.png,/scratch/parceirosbr/bigoilict/share/BigOil/document_generator/datasets/documents_2021_12_28/11anp_20211228_163936_6208315314_600_800.png,11anp_20211228_163936_6208315314_600_800_mask.png,que
6,5,13,10,364,188,377,198,364,188,377,188,377,198,364,198,sub_line_text,table_text,table_0,times,regular,9.0,11anp_20211228_163936_6208315314_600_800.png,/scratch/parceirosbr/bigoilict/share/BigOil/document_generator/datasets/documents_2021_12_28/11anp_20211228_163936_6208315314_600_800.png,11anp_20211228_163936_6208315314_600_800_mask.png,que
13,5,26,10,357,201,383,211,357,201,383,201,383,211,357,211,text,table_text,table_0,times,regular,9.0,11anp_20211228_163936_6208315314_600_800.png,/scratch/parceirosbr/bigoilict/share/BigOil/document_generator/datasets/documents_2021_12_28/11anp_20211228_163936_6208315314_600_800.png,11anp_20211228_163936_6208315314_600_800_mask.png,possui
13,5,26,10,357,201,383,211,357,201,383,201,383,211,357,211,sub_line_text,table_text,table_0,times,regular,9.0,11anp_20211228_163936_6208315314_600_800.png,/scratch/parceirosbr/bigoilict/share/BigOil/document_generator/datasets/documents_2021_12_28/11anp_20211228_163936_6208315314_600_800.png,11anp_20211228_163936_6208315314_600_800_mask.png,possui
22,5,44,10,348,215,392,225,348,215,392,215,392,225,348,225,text,table_text,table_0,times,regular,9.0,11anp_20211228_163936_6208315314_600_800.png,/scratch/parceirosbr/bigoilict/share/BigOil/document_generator/datasets/documents_2021_12_28/11anp_20211228_163936_6208315314_600_800.png,11anp_20211228_163936_6208315314_600_800_mask.png,absorvância
22,5,44,10,348,215,392,225,348,215,392,215,392,225,348,225,sub_line_text,table_text,table_0,times,regular,9.0,11anp_20211228_163936_6208315314_600_800.png,/scratch/parceirosbr/bigoilict/share/BigOil/document_generator/datasets/documents_2021_12_28/11anp_20211228_163936_6208315314_600_800.png,11anp_20211228_163936_6208315314_600_800_mask.png,absorvância
10,5,21,10,360,228,381,238,360,228,381,228,381,238,360,238,text,table_text,table_0,times,regular,9.0,11anp_20211228_163936_6208315314_600_800.png,/scratch/parceirosbr/bigoilict/share/BigOil/document_generator/datasets/documents_2021_12_28/11anp_20211228_163936_6208315314_600_800.png,11anp_20211228_163936_6208315314_600_800_mask.png,forma
10,5,21,10,360,228,381,238,360,228,381,228,381,238,360,238,sub_line_text,table_text,table_0,times,regular,9.0,11anp_20211228_163936_6208315314_600_800.png,/scratch/parceirosbr/bigoilict/share/BigOil/document_generator/datasets/documents_2021_12_28/11anp_20211228_163936_6208315314_600_800.png,11anp_20211228_163936_6208315314_600_800_mask.png,forma
16,5,32,10,354,242,386,252,354,242,386,242,386,252,354,252,text,table_text,table_0,times,regular,9.0,11anp_20211228_163936_6208315314_600_800.png,/scratch/parceirosbr/bigoilict/share/BigOil/document_generator/datasets/documents_2021_12_28/11anp_20211228_163936_6208315314_600_800.png,11anp_20211228_163936_6208315314_600_800_mask.png,amostras
16,5,32,10,354,242,386,252,354,242,386,242,386,252,354,252,sub_line_text,table_text,table_0,times,regular,9.0,11anp_20211228_163936_6208315314_600_800.png,/scratch/parceirosbr/bigoilict/share/BigOil/document_generator/datasets/documents_2021_12_28/11anp_20211228_163936_6208315314_600_800.png,11anp_20211228_163936_6208315314_600_800_mask.png,amostras
12,5,24,10,358,255,382,265,358,255,382,255,382,265,358,265,text,table_text,table_0,times,regular,9.0,11anp_20211228_163936_6208315314_600_800.png,/scratch/parceirosbr/bigoilict/share/BigOil/document_generator/datasets/documents_2021_12_28/11anp_20211228_163936_6208315314_600_800.png,11anp_20211228_163936_6208315314_600_800_mask.png,níquel
12,5,24,10,358,255,382,265,358,255,382,255,382,265,358,265,sub_line_text,table_text,table_0,times,regular,9.0,11anp_20211228_163936_6208315314_600_800.png,/scratch/parceirosbr/bigoilict/share/BigOil/document_generator/datasets/documents_2021_12_28/11anp_20211228_163936_6208315314_600_800.png,11anp_20211228_163936_6208315314_600_800_mask.png,níquel
9,5,19,10,360,269,379,279,360,269,379,269,379,279,360,279,text,table_text,table_0,times,regular,9.0,11anp_20211228_163936_6208315314_600_800.png,/scratch/parceirosbr/bigoilict/share/BigOil/document_generator/datasets/documents_2021_12_28/11anp_20211228_163936_6208315314_600_800.png,11anp_20211228_163936_6208315314_600_800_mask.png,pode
9,5,19,10,360,269,379,279,360,269,379,269,379,279,360,279,sub_line_text,table_text,table_0,times,regular,9.0,11anp_20211228_163936_6208315314_600_800.png,/scratch/parceirosbr/bigoilict/share/BigOil/document_generator/datasets/documents_2021_12_28/11anp_20211228_163936_6208315314_600_800.png,11anp_20211228_163936_6208315314_600_800_mask.png,pode
17,5,35,10,497,174,532,184,497,174,532,174,532,184,497,184,text,table_text,table_0,times,regular,9.0,11anp_20211228_163936_6208315314_600_800.png,/scratch/parceirosbr/bigoilict/share/BigOil/document_generator/datasets/documents_2021_12_28/11anp_20211228_163936_6208315314_600_800.png,11anp_20211228_163936_6208315314_600_800_mask.png,biodiesel
17,5,35,10,497,174,532,184,497,174,532,174,532,184,497,184,sub_line_text,table_text,table_0,times,regular,9.0,11anp_20211228_163936_6208315314_600_800.png,/scratch/parceirosbr/bigoilict/share/BigOil/document_generator/datasets/documents_2021_12_28/11anp_20211228_163936_6208315314_600_800.png,11anp_20211228_163936_6208315314_600_800_mask.png,biodiesel
22,5,45,10,487,188,532,198,487,188,532,188,532,198,487,198,text,table_text,table_0,times,regular,9.0,11anp_20211228_163936_6208315314_600_800.png,/scratch/parceirosbr/bigoilict/share/BigOil/document_generator/datasets/documents_2021_12_28/11anp_20211228_163936_6208315314_600_800.png,11anp_20211228_163936_6208315314_600_800_mask.png,93619.2005
22,5,45,10,487,188,532,198,487,188,532,188,532,198,487,198,sub_line_text,table_text,table_0,times,regular,9.0,11anp_20211228_163936_6208315314_600_800.png,/scratch/parceirosbr/bigoilict/share/BigOil/document_generator/datasets/documents_2021_12_28/11anp_20211228_163936_6208315314_600_800.png,11anp_20211228_163936_6208315314_600_800_mask.png,93619.2005
25,5,50,10,483,201,533,211,483,201,533,201,533,211,483,211,text,table_text,table_0,times,regular,9.0,11anp_20211228_163936_6208315314_600_800.png,/scratch/parceirosbr/bigoilict/share/BigOil/document_generator/datasets/documents_2021_12_28/11anp_20211228_163936_6208315314_600_800.png,11anp_20211228_163936_6208315314_600_800_mask.png,518670.0848
25,5,50,10,483,201,533,211,483,201,533,201,533,211,483,211,sub_line_text,table_text,table_0,times,regular,9.0,11anp_20211228_163936_6208315314_600_800.png,/scratch/parceirosbr/bigoilict/share/BigOil/document_generator/datasets/documents_2021_12_28/11anp_20211228_163936_6208315314_600_800.png,11anp_20211228_163936_6208315314_600_800_mask.png,518670.0848
32,5,64,10,468,215,532,225,468,215,532,215,532,225,468,225,text,table_text,table_0,times,regular,9.0,11anp_20211228_163936_6208315314_600_800.png,/scratch/parceirosbr/bigoilict/share/BigOil/document_generator/datasets/documents_2021_12_28/11anp_20211228_163936_6208315314_600_800.png,11anp_20211228_163936_6208315314_600_800_mask.png,221946744.6053
32,5,64,10,468,215,532,225,468,215,532,215,532,225,468,225,sub_line_text,table_text,table_0,times,regular,9.0,11anp_20211228_163936_6208315314_600_800.png,/scratch/parceirosbr/bigoilict/share/BigOil/document_generator/datasets/documents_2021_12_28/11anp_20211228_163936_6208315314_600_800.png,11anp_20211228_163936_6208315314_600_800_mask.png,221946744.6053
22,5,45,10,487,228,532,238,487,228,532,228,532,238,487,238,text,table_text,table_0,times,regular,9.0,11anp_20211228_163936_6208315314_600_800.png,/scratch/parceirosbr/bigoilict/share/BigOil/document_generator/datasets/documents_2021_12_28/11anp_20211228_163936_6208315314_600_800.png,11anp_20211228_163936_6208315314_600_800_mask.png,31141.2684
22,5,45,10,487,228,532,238,487,228,532,228,532,238,487,238,sub_line_text,table_text,table_0,times,regular,9.0,11anp_20211228_163936_6208315314_600_800.png,/scratch/parceirosbr/bigoilict/share/BigOil/document_generator/datasets/documents_2021_12_28/11anp_20211228_163936_6208315314_600_800.png,11anp_20211228_163936_6208315314_600_800_mask.png,31141.2684
22,5,45,10,487,242,532,252,487,242,532,242,532,252,487,252,text,table_text,table_0,times,regular,9.0,11anp_20211228_163936_6208315314_600_800.png,/scratch/parceirosbr/bigoilict/share/BigOil/document_generator/datasets/documents_2021_12_28/11anp_20211228_163936_6208315314_600_800.png,11anp_20211228_163936_6208315314_600_800_mask.png,62488.6226
22,5,45,10,487,242,532,252,487,242,532,242,532,252,487,252,sub_line_text,table_text,table_0,times,regular,9.0,11anp_20211228_163936_6208315314_600_800.png,/scratch/parceirosbr/bigoilict/share/BigOil/document_generator/datasets/documents_2021_12_28/11anp_20211228_163936_6208315314_600_800.png,11anp_20211228_163936_6208315314_600_800_mask.png,62488.6226
32,5,64,10,468,255,532,265,468,255,532,255,532,265,468,265,text,table_text,table_0,times,regular,9.0,11anp_20211228_163936_6208315314_600_800.png,/scratch/parceirosbr/bigoilict/share/BigOil/document_generator/datasets/documents_2021_12_28/11anp_20211228_163936_6208315314_600_800.png,11anp_20211228_163936_6208315314_600_800_mask.png,389077668.8447
32,5,64,10,468,255,532,265,468,255,532,255,532,265,468,265,sub_line_text,table_text,table_0,times,regular,9.0,11anp_20211228_163936_6208315314_600_800.png,/scratch/parceirosbr/bigoilict/share/BigOil/document_generator/datasets/documents_2021_12_28/11anp_20211228_163936_6208315314_600_800.png,11anp_20211228_163936_6208315314_600_800_mask.png,389077668.8447
22,5,45,10,487,269,532,279,487,269,532,269,532,279,487,279,text,table_text,table_0,times,regular,9.0,11anp_20211228_163936_6208315314_600_800.png,/scratch/parceirosbr/bigoilict/share/BigOil/document_generator/datasets/documents_2021_12_28/11anp_20211228_163936_6208315314_600_800.png,11anp_20211228_163936_6208315314_600_800_mask.png,37606.7262
22,5,45,10,487,269,532,279,487,269,532,269,532,279,487,279,sub_line_text,table_text,table_0,times,regular,9.0,11anp_20211228_163936_6208315314_600_800.png,/scratch/parceirosbr/bigoilict/share/BigOil/document_generator/datasets/documents_2021_12_28/11anp_20211228_163936_6208315314_600_800.png,11anp_20211228_163936_6208315314_600_800_mask.png,37606.7262
204,6,408,12,55,319,463,331,55,319,463,319,463,331,55,331,sub_line_text,table_legend,table_0,roboto,bolditalic,9,11anp_20211228_163936_6208315314_600_800.png,/scratch/parceirosbr/bigoilict/share/BigOil/document_generator/datasets/documents_2021_12_28/11anp_20211228_163936_6208315314_600_800.png,11anp_20211228_163936_6208315314_600_800_mask.png,"Tabela 44:  A abertura dos segmentos de e dos mercados downstream à concorrência, acompanhada"
204,6,408,12,55,319,463,331,55,319,463,319,463,331,55,331,text,table_legend,table_0,roboto,bolditalic,9,11anp_20211228_163936_6208315314_600_800.png,/scratch/parceirosbr/bigoilict/share/BigOil/document_generator/datasets/documents_2021_12_28/11anp_20211228_163936_6208315314_600_800.png,11anp_20211228_163936_6208315314_600_800_mask.png,nan
244,69,489,138,64,336,553,474,64,336,553,336,553,474,64,474,table,table_image,table_0,,,,11anp_20211228_163936_6208315314_600_800.png,/scratch/parceirosbr/bigoilict/share/BigOil/document_generator/datasets/documents_2021_12_28/11anp_20211228_163936_6208315314_600_800.png,11anp_20211228_163936_6208315314_600_800_mask.png,output/gen_tab_20211228_163939_9332697034.png
11,5,23,11,106,338,129,349,106,338,129,338,129,349,106,349,text,table_text,table_0,opensans,bold,9.0,11anp_20211228_163936_6208315314_600_800.png,/scratch/parceirosbr/bigoilict/share/BigOil/document_generator/datasets/documents_2021_12_28/11anp_20211228_163936_6208315314_600_800.png,11anp_20211228_163936_6208315314_600_800_mask.png,entre
11,5,23,11,106,338,129,349,106,338,129,338,129,349,106,349,sub_line_text,table_text,table_0,opensans,bold,9.0,11anp_20211228_163936_6208315314_600_800.png,/scratch/parceirosbr/bigoilict/share/BigOil/document_generator/datasets/documents_2021_12_28/11anp_20211228_163936_6208315314_600_800.png,11anp_20211228_163936_6208315314_600_800_mask.png,entre
7,5,14,11,115,361,129,372,115,361,129,361,129,372,115,372,text,table_text,table_0,opensans,regular,9.0,11anp_20211228_163936_6208315314_600_800.png,/scratch/parceirosbr/bigoilict/share/BigOil/document_generator/datasets/documents_2021_12_28/11anp_20211228_163936_6208315314_600_800.png,11anp_20211228_163936_6208315314_600_800_mask.png,867
7,5,14,11,115,361,129,372,115,361,129,361,129,372,115,372,sub_line_text,table_text,table_0,opensans,regular,9.0,11anp_20211228_163936_6208315314_600_800.png,/scratch/parceirosbr/bigoilict/share/BigOil/document_generator/datasets/documents_2021_12_28/11anp_20211228_163936_6208315314_600_800.png,11anp_20211228_163936_6208315314_600_800_mask.png,867
7,5,14,11,115,375,129,386,115,375,129,375,129,386,115,386,text,table_text,table_0,opensans,regular,9.0,11anp_20211228_163936_6208315314_600_800.png,/scratch/parceirosbr/bigoilict/share/BigOil/document_generator/datasets/documents_2021_12_28/11anp_20211228_163936_6208315314_600_800.png,11anp_20211228_163936_6208315314_600_800_mask.png,906
7,5,14,11,115,375,129,386,115,375,129,375,129,386,115,386,sub_line_text,table_text,table_0,opensans,regular,9.0,11anp_20211228_163936_6208315314_600_800.png,/scratch/parceirosbr/bigoilict/share/BigOil/document_generator/datasets/documents_2021_12_28/11anp_20211228_163936_6208315314_600_800.png,11anp_20211228_163936_6208315314_600_800_mask.png,906
2,5,4,11,124,390,128,401,124,390,128,390,128,401,124,401,text,table_text,table_0,opensans,regular,9.0,11anp_20211228_163936_6208315314_600_800.png,/scratch/parceirosbr/bigoilict/share/BigOil/document_generator/datasets/documents_2021_12_28/11anp_20211228_163936_6208315314_600_800.png,11anp_20211228_163936_6208315314_600_800_mask.png,1
2,5,4,11,124,390,128,401,124,390,128,390,128,401,124,401,sub_line_text,table_text,table_0,opensans,regular,9.0,11anp_20211228_163936_6208315314_600_800.png,/scratch/parceirosbr/bigoilict/share/BigOil/document_generator/datasets/documents_2021_12_28/11anp_20211228_163936_6208315314_600_800.png,11anp_20211228_163936_6208315314_600_800_mask.png,1
7,5,14,11,115,404,129,415,115,404,129,404,129,415,115,415,text,table_text,table_0,opensans,regular,9.0,11anp_20211228_163936_6208315314_600_800.png,/scratch/parceirosbr/bigoilict/share/BigOil/document_generator/datasets/documents_2021_12_28/11anp_20211228_163936_6208315314_600_800.png,11anp_20211228_163936_6208315314_600_800_mask.png,638
7,5,14,11,115,404,129,415,115,404,129,404,129,415,115,415,sub_line_text,table_text,table_0,opensans,regular,9.0,11anp_20211228_163936_6208315314_600_800.png,/scratch/parceirosbr/bigoilict/share/BigOil/document_generator/datasets/documents_2021_12_28/11anp_20211228_163936_6208315314_600_800.png,11anp_20211228_163936_6208315314_600_800_mask.png,638
4,5,9,11,119,418,128,429,119,418,128,418,128,429,119,429,text,table_text,table_0,opensans,regular,9.0,11anp_20211228_163936_6208315314_600_800.png,/scratch/parceirosbr/bigoilict/share/BigOil/document_generator/datasets/documents_2021_12_28/11anp_20211228_163936_6208315314_600_800.png,11anp_20211228_163936_6208315314_600_800_mask.png,24
4,5,9,11,119,418,128,429,119,418,128,418,128,429,119,429,sub_line_text,table_text,table_0,opensans,regular,9.0,11anp_20211228_163936_6208315314_600_800.png,/scratch/parceirosbr/bigoilict/share/BigOil/document_generator/datasets/documents_2021_12_28/11anp_20211228_163936_6208315314_600_800.png,11anp_20211228_163936_6208315314_600_800_mask.png,24
7,5,14,11,115,433,129,444,115,433,129,433,129,444,115,444,text,table_text,table_0,opensans,regular,9.0,11anp_20211228_163936_6208315314_600_800.png,/scratch/parceirosbr/bigoilict/share/BigOil/document_generator/datasets/documents_2021_12_28/11anp_20211228_163936_6208315314_600_800.png,11anp_20211228_163936_6208315314_600_800_mask.png,574
7,5,14,11,115,433,129,444,115,433,129,433,129,444,115,444,sub_line_text,table_text,table_0,opensans,regular,9.0,11anp_20211228_163936_6208315314_600_800.png,/scratch/parceirosbr/bigoilict/share/BigOil/document_generator/datasets/documents_2021_12_28/11anp_20211228_163936_6208315314_600_800.png,11anp_20211228_163936_6208315314_600_800_mask.png,574
4,5,9,11,536,447,545,458,536,447,545,447,545,458,536,458,text,table_text,table_0,opensans,regular,9.0,11anp_20211228_163936_6208315314_600_800.png,/scratch/parceirosbr/bigoilict/share/BigOil/document_generator/datasets/documents_2021_12_28/11anp_20211228_163936_6208315314_600_800.png,11anp_20211228_163936_6208315314_600_800_mask.png,55
4,5,9,11,536,447,545,458,536,447,545,447,545,458,536,458,sub_line_text,table_text,table_0,opensans,regular,9.0,11anp_20211228_163936_6208315314_600_800.png,/scratch/parceirosbr/bigoilict/share/BigOil/document_generator/datasets/documents_2021_12_28/11anp_20211228_163936_6208315314_600_800.png,11anp_20211228_163936_6208315314_600_800_mask.png,55
16,5,32,11,170,338,202,349,170,338,202,338,202,349,170,349,text,table_text,table_0,opensans,bold,9.0,11anp_20211228_163936_6208315314_600_800.png,/scratch/parceirosbr/bigoilict/share/BigOil/document_generator/datasets/documents_2021_12_28/11anp_20211228_163936_6208315314_600_800.png,11anp_20211228_163936_6208315314_600_800_mask.png,sentido
16,5,32,11,170,338,202,349,170,338,202,338,202,349,170,349,sub_line_text,table_text,table_0,opensans,bold,9.0,11anp_20211228_163936_6208315314_600_800.png,/scratch/parceirosbr/bigoilict/share/BigOil/document_generator/datasets/documents_2021_12_28/11anp_20211228_163936_6208315314_600_800.png,11anp_20211228_163936_6208315314_600_800_mask.png,sentido
13,5,26,11,176,361,202,372,176,361,202,361,202,372,176,372,text,table_text,table_0,opensans,regular,9.0,11anp_20211228_163936_6208315314_600_800.png,/scratch/parceirosbr/bigoilict/share/BigOil/document_generator/datasets/documents_2021_12_28/11anp_20211228_163936_6208315314_600_800.png,11anp_20211228_163936_6208315314_600_800_mask.png,7.9578
13,5,26,11,176,361,202,372,176,361,202,361,202,372,176,372,sub_line_text,table_text,table_0,opensans,regular,9.0,11anp_20211228_163936_6208315314_600_800.png,/scratch/parceirosbr/bigoilict/share/BigOil/document_generator/datasets/documents_2021_12_28/11anp_20211228_163936_6208315314_600_800.png,11anp_20211228_163936_6208315314_600_800_mask.png,7.9578
13,5,26,11,176,375,202,386,176,375,202,375,202,386,176,386,text,table_text,table_0,opensans,regular,9.0,11anp_20211228_163936_6208315314_600_800.png,/scratch/parceirosbr/bigoilict/share/BigOil/document_generator/datasets/documents_2021_12_28/11anp_20211228_163936_6208315314_600_800.png,11anp_20211228_163936_6208315314_600_800_mask.png,8.3963
13,5,26,11,176,375,202,386,176,375,202,375,202,386,176,386,sub_line_text,table_text,table_0,opensans,regular,9.0,11anp_20211228_163936_6208315314_600_800.png,/scratch/parceirosbr/bigoilict/share/BigOil/document_generator/datasets/documents_2021_12_28/11anp_20211228_163936_6208315314_600_800.png,11anp_20211228_163936_6208315314_600_800_mask.png,8.3963
15,5,30,11,172,390,202,401,172,390,202,390,202,401,172,401,text,table_text,table_0,opensans,regular,9.0,11anp_20211228_163936_6208315314_600_800.png,/scratch/parceirosbr/bigoilict/share/BigOil/document_generator/datasets/documents_2021_12_28/11anp_20211228_163936_6208315314_600_800.png,11anp_20211228_163936_6208315314_600_800_mask.png,76.8735
15,5,30,11,172,390,202,401,172,390,202,390,202,401,172,401,sub_line_text,table_text,table_0,opensans,regular,9.0,11anp_20211228_163936_6208315314_600_800.png,/scratch/parceirosbr/bigoilict/share/BigOil/document_generator/datasets/documents_2021_12_28/11anp_20211228_163936_6208315314_600_800.png,11anp_20211228_163936_6208315314_600_800_mask.png,76.8735
17,5,35,11,167,404,202,415,167,404,202,404,202,415,167,415,text,table_text,table_0,opensans,regular,9.0,11anp_20211228_163936_6208315314_600_800.png,/scratch/parceirosbr/bigoilict/share/BigOil/document_generator/datasets/documents_2021_12_28/11anp_20211228_163936_6208315314_600_800.png,11anp_20211228_163936_6208315314_600_800_mask.png,962.7234
17,5,35,11,167,404,202,415,167,404,202,404,202,415,167,415,sub_line_text,table_text,table_0,opensans,regular,9.0,11anp_20211228_163936_6208315314_600_800.png,/scratch/parceirosbr/bigoilict/share/BigOil/document_generator/datasets/documents_2021_12_28/11anp_20211228_163936_6208315314_600_800.png,11anp_20211228_163936_6208315314_600_800_mask.png,962.7234
15,5,30,11,172,418,202,429,172,418,202,418,202,429,172,429,text,table_text,table_0,opensans,regular,9.0,11anp_20211228_163936_6208315314_600_800.png,/scratch/parceirosbr/bigoilict/share/BigOil/document_generator/datasets/documents_2021_12_28/11anp_20211228_163936_6208315314_600_800.png,11anp_20211228_163936_6208315314_600_800_mask.png,38.1354
15,5,30,11,172,418,202,429,172,418,202,418,202,429,172,429,sub_line_text,table_text,table_0,opensans,regular,9.0,11anp_20211228_163936_6208315314_600_800.png,/scratch/parceirosbr/bigoilict/share/BigOil/document_generator/datasets/documents_2021_12_28/11anp_20211228_163936_6208315314_600_800.png,11anp_20211228_163936_6208315314_600_800_mask.png,38.1354
13,5,26,11,176,433,202,444,176,433,202,433,202,444,176,444,text,table_text,table_0,opensans,regular,9.0,11anp_20211228_163936_6208315314_600_800.png,/scratch/parceirosbr/bigoilict/share/BigOil/document_generator/datasets/documents_2021_12_28/11anp_20211228_163936_6208315314_600_800.png,11anp_20211228_163936_6208315314_600_800_mask.png,8.1371
13,5,26,11,176,433,202,444,176,433,202,433,202,444,176,444,sub_line_text,table_text,table_0,opensans,regular,9.0,11anp_20211228_163936_6208315314_600_800.png,/scratch/parceirosbr/bigoilict/share/BigOil/document_generator/datasets/documents_2021_12_28/11anp_20211228_163936_6208315314_600_800.png,11anp_20211228_163936_6208315314_600_800_mask.png,8.1371
8,5,17,11,211,338,228,349,211,338,228,338,228,349,211,349,text,table_text,table_0,opensans,bold,9.0,11anp_20211228_163936_6208315314_600_800.png,/scratch/parceirosbr/bigoilict/share/BigOil/document_generator/datasets/documents_2021_12_28/11anp_20211228_163936_6208315314_600_800.png,11anp_20211228_163936_6208315314_600_800_mask.png,sem
8,5,17,11,211,338,228,349,211,338,228,338,228,349,211,349,sub_line_text,table_text,table_0,opensans,bold,9.0,11anp_20211228_163936_6208315314_600_800.png,/scratch/parceirosbr/bigoilict/share/BigOil/document_generator/datasets/documents_2021_12_28/11anp_20211228_163936_6208315314_600_800.png,11anp_20211228_163936_6208315314_600_800_mask.png,sem
9,5,19,11,209,361,228,372,209,361,228,361,228,372,209,372,text,table_text,table_0,opensans,regular,9.0,11anp_20211228_163936_6208315314_600_800.png,/scratch/parceirosbr/bigoilict/share/BigOil/document_generator/datasets/documents_2021_12_28/11anp_20211228_163936_6208315314_600_800.png,11anp_20211228_163936_6208315314_600_800_mask.png,8521
9,5,19,11,209,361,228,372,209,361,228,361,228,372,209,372,sub_line_text,table_text,table_0,opensans,regular,9.0,11anp_20211228_163936_6208315314_600_800.png,/scratch/parceirosbr/bigoilict/share/BigOil/document_generator/datasets/documents_2021_12_28/11anp_20211228_163936_6208315314_600_800.png,11anp_20211228_163936_6208315314_600_800_mask.png,8521
7,5,14,11,214,375,228,386,214,375,228,375,228,386,214,386,text,table_text,table_0,opensans,regular,9.0,11anp_20211228_163936_6208315314_600_800.png,/scratch/parceirosbr/bigoilict/share/BigOil/document_generator/datasets/documents_2021_12_28/11anp_20211228_163936_6208315314_600_800.png,11anp_20211228_163936_6208315314_600_800_mask.png,915
7,5,14,11,214,375,228,386,214,375,228,375,228,386,214,386,sub_line_text,table_text,table_0,opensans,regular,9.0,11anp_20211228_163936_6208315314_600_800.png,/scratch/parceirosbr/bigoilict/share/BigOil/document_generator/datasets/documents_2021_12_28/11anp_20211228_163936_6208315314_600_800.png,11anp_20211228_163936_6208315314_600_800_mask.png,915
9,5,19,11,209,390,228,401,209,390,228,390,228,401,209,401,text,table_text,table_0,opensans,regular,9.0,11anp_20211228_163936_6208315314_600_800.png,/scratch/parceirosbr/bigoilict/share/BigOil/document_generator/datasets/documents_2021_12_28/11anp_20211228_163936_6208315314_600_800.png,11anp_20211228_163936_6208315314_600_800_mask.png,2081
9,5,19,11,209,390,228,401,209,390,228,390,228,401,209,401,sub_line_text,table_text,table_0,opensans,regular,9.0,11anp_20211228_163936_6208315314_600_800.png,/scratch/parceirosbr/bigoilict/share/BigOil/document_generator/datasets/documents_2021_12_28/11anp_20211228_163936_6208315314_600_800.png,11anp_20211228_163936_6208315314_600_800_mask.png,2081
4,5,9,11,219,404,228,415,219,404,228,404,228,415,219,415,text,table_text,table_0,opensans,regular,9.0,11anp_20211228_163936_6208315314_600_800.png,/scratch/parceirosbr/bigoilict/share/BigOil/document_generator/datasets/documents_2021_12_28/11anp_20211228_163936_6208315314_600_800.png,11anp_20211228_163936_6208315314_600_800_mask.png,20
4,5,9,11,219,404,228,415,219,404,228,404,228,415,219,415,sub_line_text,table_text,table_0,opensans,regular,9.0,11anp_20211228_163936_6208315314_600_800.png,/scratch/parceirosbr/bigoilict/share/BigOil/document_generator/datasets/documents_2021_12_28/11anp_20211228_163936_6208315314_600_800.png,11anp_20211228_163936_6208315314_600_800_mask.png,20
9,5,19,11,209,418,228,429,209,418,228,418,228,429,209,429,text,table_text,table_0,opensans,regular,9.0,11anp_20211228_163936_6208315314_600_800.png,/scratch/parceirosbr/bigoilict/share/BigOil/document_generator/datasets/documents_2021_12_28/11anp_20211228_163936_6208315314_600_800.png,11anp_20211228_163936_6208315314_600_800_mask.png,1383
9,5,19,11,209,418,228,429,209,418,228,418,228,429,209,429,sub_line_text,table_text,table_0,opensans,regular,9.0,11anp_20211228_163936_6208315314_600_800.png,/scratch/parceirosbr/bigoilict/share/BigOil/document_generator/datasets/documents_2021_12_28/11anp_20211228_163936_6208315314_600_800.png,11anp_20211228_163936_6208315314_600_800_mask.png,1383
9,5,19,11,209,433,228,444,209,433,228,433,228,444,209,444,text,table_text,table_0,opensans,regular,9.0,11anp_20211228_163936_6208315314_600_800.png,/scratch/parceirosbr/bigoilict/share/BigOil/document_generator/datasets/documents_2021_12_28/11anp_20211228_163936_6208315314_600_800.png,11anp_20211228_163936_6208315314_600_800_mask.png,3563
9,5,19,11,209,433,228,444,209,433,228,433,228,444,209,444,sub_line_text,table_text,table_0,opensans,regular,9.0,11anp_20211228_163936_6208315314_600_800.png,/scratch/parceirosbr/bigoilict/share/BigOil/document_generator/datasets/documents_2021_12_28/11anp_20211228_163936_6208315314_600_800.png,11anp_20211228_163936_6208315314_600_800_mask.png,3563
11,5,23,11,267,338,290,349,267,338,290,338,290,349,267,349,text,table_text,table_0,opensans,bold,9.0,11anp_20211228_163936_6208315314_600_800.png,/scratch/parceirosbr/bigoilict/share/BigOil/document_generator/datasets/documents_2021_12_28/11anp_20211228_163936_6208315314_600_800.png,11anp_20211228_163936_6208315314_600_800_mask.png,nesse
11,5,23,11,267,338,290,349,267,338,290,338,290,349,267,349,sub_line_text,table_text,table_0,opensans,bold,9.0,11anp_20211228_163936_6208315314_600_800.png,/scratch/parceirosbr/bigoilict/share/BigOil/document_generator/datasets/documents_2021_12_28/11anp_20211228_163936_6208315314_600_800.png,11anp_20211228_163936_6208315314_600_800_mask.png,nesse
5,5,11,11,279,361,290,372,279,361,290,361,290,372,279,372,text,table_text,table_0,opensans,regular,9.0,11anp_20211228_163936_6208315314_600_800.png,/scratch/parceirosbr/bigoilict/share/BigOil/document_generator/datasets/documents_2021_12_28/11anp_20211228_163936_6208315314_600_800.png,11anp_20211228_163936_6208315314_600_800_mask.png,4.8
5,5,11,11,279,361,290,372,279,361,290,361,290,372,279,372,sub_line_text,table_text,table_0,opensans,regular,9.0,11anp_20211228_163936_6208315314_600_800.png,/scratch/parceirosbr/bigoilict/share/BigOil/document_generator/datasets/documents_2021_12_28/11anp_20211228_163936_6208315314_600_800.png,11anp_20211228_163936_6208315314_600_800_mask.png,4.8
5,5,11,11,279,375,290,386,279,375,290,375,290,386,279,386,text,table_text,table_0,opensans,regular,9.0,11anp_20211228_163936_6208315314_600_800.png,/scratch/parceirosbr/bigoilict/share/BigOil/document_generator/datasets/documents_2021_12_28/11anp_20211228_163936_6208315314_600_800.png,11anp_20211228_163936_6208315314_600_800_mask.png,3.6
5,5,11,11,279,375,290,386,279,375,290,375,290,386,279,386,sub_line_text,table_text,table_0,opensans,regular,9.0,11anp_20211228_163936_6208315314_600_800.png,/scratch/parceirosbr/bigoilict/share/BigOil/document_generator/datasets/documents_2021_12_28/11anp_20211228_163936_6208315314_600_800.png,11anp_20211228_163936_6208315314_600_800_mask.png,3.6
5,5,11,11,279,390,290,401,279,390,290,390,290,401,279,401,text,table_text,table_0,opensans,regular,9.0,11anp_20211228_163936_6208315314_600_800.png,/scratch/parceirosbr/bigoilict/share/BigOil/document_generator/datasets/documents_2021_12_28/11anp_20211228_163936_6208315314_600_800.png,11anp_20211228_163936_6208315314_600_800_mask.png,7.8
5,5,11,11,279,390,290,401,279,390,290,390,290,401,279,401,sub_line_text,table_text,table_0,opensans,regular,9.0,11anp_20211228_163936_6208315314_600_800.png,/scratch/parceirosbr/bigoilict/share/BigOil/document_generator/datasets/documents_2021_12_28/11anp_20211228_163936_6208315314_600_800.png,11anp_20211228_163936_6208315314_600_800_mask.png,7.8
5,5,11,11,279,404,290,415,279,404,290,404,290,415,279,415,text,table_text,table_0,opensans,regular,9.0,11anp_20211228_163936_6208315314_600_800.png,/scratch/parceirosbr/bigoilict/share/BigOil/document_generator/datasets/documents_2021_12_28/11anp_20211228_163936_6208315314_600_800.png,11anp_20211228_163936_6208315314_600_800_mask.png,3.4
5,5,11,11,279,404,290,415,279,404,290,404,290,415,279,415,sub_line_text,table_text,table_0,opensans,regular,9.0,11anp_20211228_163936_6208315314_600_800.png,/scratch/parceirosbr/bigoilict/share/BigOil/document_generator/datasets/documents_2021_12_28/11anp_20211228_163936_6208315314_600_800.png,11anp_20211228_163936_6208315314_600_800_mask.png,3.4
5,5,11,11,279,418,290,429,279,418,290,418,290,429,279,429,text,table_text,table_0,opensans,regular,9.0,11anp_20211228_163936_6208315314_600_800.png,/scratch/parceirosbr/bigoilict/share/BigOil/document_generator/datasets/documents_2021_12_28/11anp_20211228_163936_6208315314_600_800.png,11anp_20211228_163936_6208315314_600_800_mask.png,4.9
5,5,11,11,279,418,290,429,279,418,290,418,290,429,279,429,sub_line_text,table_text,table_0,opensans,regular,9.0,11anp_20211228_163936_6208315314_600_800.png,/scratch/parceirosbr/bigoilict/share/BigOil/document_generator/datasets/documents_2021_12_28/11anp_20211228_163936_6208315314_600_800.png,11anp_20211228_163936_6208315314_600_800_mask.png,4.9
5,5,11,11,279,433,290,444,279,433,290,433,290,444,279,444,text,table_text,table_0,opensans,regular,9.0,11anp_20211228_163936_6208315314_600_800.png,/scratch/parceirosbr/bigoilict/share/BigOil/document_generator/datasets/documents_2021_12_28/11anp_20211228_163936_6208315314_600_800.png,11anp_20211228_163936_6208315314_600_800_mask.png,3.4
5,5,11,11,279,433,290,444,279,433,290,433,290,444,279,444,sub_line_text,table_text,table_0,opensans,regular,9.0,11anp_20211228_163936_6208315314_600_800.png,/scratch/parceirosbr/bigoilict/share/BigOil/document_generator/datasets/documents_2021_12_28/11anp_20211228_163936_6208315314_600_800.png,11anp_20211228_163936_6208315314_600_800_mask.png,3.4
8,5,16,11,307,338,323,349,307,338,323,338,323,349,307,349,text,table_text,table_0,opensans,bold,9.0,11anp_20211228_163936_6208315314_600_800.png,/scratch/parceirosbr/bigoilict/share/BigOil/document_generator/datasets/documents_2021_12_28/11anp_20211228_163936_6208315314_600_800.png,11anp_20211228_163936_6208315314_600_800_mask.png,dos
8,5,16,11,307,338,323,349,307,338,323,338,323,349,307,349,sub_line_text,table_text,table_0,opensans,bold,9.0,11anp_20211228_163936_6208315314_600_800.png,/scratch/parceirosbr/bigoilict/share/BigOil/document_generator/datasets/documents_2021_12_28/11anp_20211228_163936_6208315314_600_800.png,11anp_20211228_163936_6208315314_600_800_mask.png,dos
11,5,23,11,303,361,326,372,303,361,326,361,326,372,303,372,text,table_text,table_0,opensans,regular,9.0,11anp_20211228_163936_6208315314_600_800.png,/scratch/parceirosbr/bigoilict/share/BigOil/document_generator/datasets/documents_2021_12_28/11anp_20211228_163936_6208315314_600_800.png,11anp_20211228_163936_6208315314_600_800_mask.png,berço
11,5,23,11,303,361,326,372,303,361,326,361,326,372,303,372,sub_line_text,table_text,table_0,opensans,regular,9.0,11anp_20211228_163936_6208315314_600_800.png,/scratch/parceirosbr/bigoilict/share/BigOil/document_generator/datasets/documents_2021_12_28/11anp_20211228_163936_6208315314_600_800.png,11anp_20211228_163936_6208315314_600_800_mask.png,berço
12,5,25,11,303,375,328,386,303,375,328,375,328,386,303,386,text,table_text,table_0,opensans,regular,9.0,11anp_20211228_163936_6208315314_600_800.png,/scratch/parceirosbr/bigoilict/share/BigOil/document_generator/datasets/documents_2021_12_28/11anp_20211228_163936_6208315314_600_800.png,11anp_20211228_163936_6208315314_600_800_mask.png,fundo
12,5,25,11,303,375,328,386,303,375,328,375,328,386,303,386,sub_line_text,table_text,table_0,opensans,regular,9.0,11anp_20211228_163936_6208315314_600_800.png,/scratch/parceirosbr/bigoilict/share/BigOil/document_generator/datasets/documents_2021_12_28/11anp_20211228_163936_6208315314_600_800.png,11anp_20211228_163936_6208315314_600_800_mask.png,fundo
11,5,22,11,304,390,326,401,304,390,326,390,326,401,304,401,text,table_text,table_0,opensans,regular,9.0,11anp_20211228_163936_6208315314_600_800.png,/scratch/parceirosbr/bigoilict/share/BigOil/document_generator/datasets/documents_2021_12_28/11anp_20211228_163936_6208315314_600_800.png,11anp_20211228_163936_6208315314_600_800_mask.png,áreas
11,5,22,11,304,390,326,401,304,390,326,390,326,401,304,401,sub_line_text,table_text,table_0,opensans,regular,9.0,11anp_20211228_163936_6208315314_600_800.png,/scratch/parceirosbr/bigoilict/share/BigOil/document_generator/datasets/documents_2021_12_28/11anp_20211228_163936_6208315314_600_800.png,11anp_20211228_163936_6208315314_600_800_mask.png,áreas
16,5,33,11,298,404,331,415,298,404,331,404,331,415,298,415,text,table_text,table_0,opensans,regular,9.0,11anp_20211228_163936_6208315314_600_800.png,/scratch/parceirosbr/bigoilict/share/BigOil/document_generator/datasets/documents_2021_12_28/11anp_20211228_163936_6208315314_600_800.png,11anp_20211228_163936_6208315314_600_800_mask.png,partirde
16,5,33,11,298,404,331,415,298,404,331,404,331,415,298,415,sub_line_text,table_text,table_0,opensans,regular,9.0,11anp_20211228_163936_6208315314_600_800.png,/scratch/parceirosbr/bigoilict/share/BigOil/document_generator/datasets/documents_2021_12_28/11anp_20211228_163936_6208315314_600_800.png,11anp_20211228_163936_6208315314_600_800_mask.png,partirde
7,5,14,11,308,418,322,429,308,418,322,418,322,429,308,429,text,table_text,table_0,opensans,regular,9.0,11anp_20211228_163936_6208315314_600_800.png,/scratch/parceirosbr/bigoilict/share/BigOil/document_generator/datasets/documents_2021_12_28/11anp_20211228_163936_6208315314_600_800.png,11anp_20211228_163936_6208315314_600_800_mask.png,dos
7,5,14,11,308,418,322,429,308,418,322,418,322,429,308,429,sub_line_text,table_text,table_0,opensans,regular,9.0,11anp_20211228_163936_6208315314_600_800.png,/scratch/parceirosbr/bigoilict/share/BigOil/document_generator/datasets/documents_2021_12_28/11anp_20211228_163936_6208315314_600_800.png,11anp_20211228_163936_6208315314_600_800_mask.png,dos
15,5,30,11,299,433,329,444,299,433,329,433,329,444,299,444,text,table_text,table_0,opensans,regular,9.0,11anp_20211228_163936_6208315314_600_800.png,/scratch/parceirosbr/bigoilict/share/BigOil/document_generator/datasets/documents_2021_12_28/11anp_20211228_163936_6208315314_600_800.png,11anp_20211228_163936_6208315314_600_800_mask.png,sugeriu
15,5,30,11,299,433,329,444,299,433,329,433,329,444,299,444,sub_line_text,table_text,table_0,opensans,regular,9.0,11anp_20211228_163936_6208315314_600_800.png,/scratch/parceirosbr/bigoilict/share/BigOil/document_generator/datasets/documents_2021_12_28/11anp_20211228_163936_6208315314_600_800.png,11anp_20211228_163936_6208315314_600_800_mask.png,sugeriu
17,5,35,11,447,338,482,349,447,338,482,338,482,349,447,349,text,table_text,table_0,opensans,bold,9.0,11anp_20211228_163936_6208315314_600_800.png,/scratch/parceirosbr/bigoilict/share/BigOil/document_generator/datasets/documents_2021_12_28/11anp_20211228_163936_6208315314_600_800.png,11anp_20211228_163936_6208315314_600_800_mask.png,retirado
17,5,35,11,447,338,482,349,447,338,482,338,482,349,447,349,sub_line_text,table_text,table_0,opensans,bold,9.0,11anp_20211228_163936_6208315314_600_800.png,/scratch/parceirosbr/bigoilict/share/BigOil/document_generator/datasets/documents_2021_12_28/11anp_20211228_163936_6208315314_600_800.png,11anp_20211228_163936_6208315314_600_800_mask.png,retirado
29,5,59,11,352,361,411,372,352,361,411,361,411,372,352,372,text,table_text,table_0,opensans,regular,9.0,11anp_20211228_163936_6208315314_600_800.png,/scratch/parceirosbr/bigoilict/share/BigOil/document_generator/datasets/documents_2021_12_28/11anp_20211228_163936_6208315314_600_800.png,11anp_20211228_163936_6208315314_600_800_mask.png,6655889372.22
29,5,59,11,352,361,411,372,352,361,411,361,411,372,352,372,sub_line_text,table_text,table_0,opensans,regular,9.0,11anp_20211228_163936_6208315314_600_800.png,/scratch/parceirosbr/bigoilict/share/BigOil/document_generator/datasets/documents_2021_12_28/11anp_20211228_163936_6208315314_600_800.png,11anp_20211228_163936_6208315314_600_800_mask.png,6655889372.22
29,5,59,11,352,375,411,386,352,375,411,375,411,386,352,386,text,table_text,table_0,opensans,regular,9.0,11anp_20211228_163936_6208315314_600_800.png,/scratch/parceirosbr/bigoilict/share/BigOil/document_generator/datasets/documents_2021_12_28/11anp_20211228_163936_6208315314_600_800.png,11anp_20211228_163936_6208315314_600_800_mask.png,9117674427.20
29,5,59,11,352,375,411,386,352,375,411,375,411,386,352,386,sub_line_text,table_text,table_0,opensans,regular,9.0,11anp_20211228_163936_6208315314_600_800.png,/scratch/parceirosbr/bigoilict/share/BigOil/document_generator/datasets/documents_2021_12_28/11anp_20211228_163936_6208315314_600_800.png,11anp_20211228_163936_6208315314_600_800_mask.png,9117674427.20
25,5,50,11,362,390,412,401,362,390,412,390,412,401,362,401,text,table_text,table_0,opensans,regular,9.0,11anp_20211228_163936_6208315314_600_800.png,/scratch/parceirosbr/bigoilict/share/BigOil/document_generator/datasets/documents_2021_12_28/11anp_20211228_163936_6208315314_600_800.png,11anp_20211228_163936_6208315314_600_800_mask.png,27229066.71
25,5,50,11,362,390,412,401,362,390,412,390,412,401,362,401,sub_line_text,table_text,table_0,opensans,regular,9.0,11anp_20211228_163936_6208315314_600_800.png,/scratch/parceirosbr/bigoilict/share/BigOil/document_generator/datasets/documents_2021_12_28/11anp_20211228_163936_6208315314_600_800.png,11anp_20211228_163936_6208315314_600_800_mask.png,27229066.71
27,5,54,11,357,404,411,415,357,404,411,404,411,415,357,415,text,table_text,table_0,opensans,regular,9.0,11anp_20211228_163936_6208315314_600_800.png,/scratch/parceirosbr/bigoilict/share/BigOil/document_generator/datasets/documents_2021_12_28/11anp_20211228_163936_6208315314_600_800.png,11anp_20211228_163936_6208315314_600_800_mask.png,934255179.15
27,5,54,11,357,404,411,415,357,404,411,404,411,415,357,415,sub_line_text,table_text,table_0,opensans,regular,9.0,11anp_20211228_163936_6208315314_600_800.png,/scratch/parceirosbr/bigoilict/share/BigOil/document_generator/datasets/documents_2021_12_28/11anp_20211228_163936_6208315314_600_800.png,11anp_20211228_163936_6208315314_600_800_mask.png,934255179.15
27,5,54,11,357,418,411,429,357,418,411,418,411,429,357,429,text,table_text,table_0,opensans,regular,9.0,11anp_20211228_163936_6208315314_600_800.png,/scratch/parceirosbr/bigoilict/share/BigOil/document_generator/datasets/documents_2021_12_28/11anp_20211228_163936_6208315314_600_800.png,11anp_20211228_163936_6208315314_600_800_mask.png,410062458.15
27,5,54,11,357,418,411,429,357,418,411,418,411,429,357,429,sub_line_text,table_text,table_0,opensans,regular,9.0,11anp_20211228_163936_6208315314_600_800.png,/scratch/parceirosbr/bigoilict/share/BigOil/document_generator/datasets/documents_2021_12_28/11anp_20211228_163936_6208315314_600_800.png,11anp_20211228_163936_6208315314_600_800_mask.png,410062458.15
29,5,59,11,352,433,411,444,352,433,411,433,411,444,352,444,text,table_text,table_0,opensans,regular,9.0,11anp_20211228_163936_6208315314_600_800.png,/scratch/parceirosbr/bigoilict/share/BigOil/document_generator/datasets/documents_2021_12_28/11anp_20211228_163936_6208315314_600_800.png,11anp_20211228_163936_6208315314_600_800_mask.png,5313728340.14
29,5,59,11,352,433,411,444,352,433,411,433,411,444,352,444,sub_line_text,table_text,table_0,opensans,regular,9.0,11anp_20211228_163936_6208315314_600_800.png,/scratch/parceirosbr/bigoilict/share/BigOil/document_generator/datasets/documents_2021_12_28/11anp_20211228_163936_6208315314_600_800.png,11anp_20211228_163936_6208315314_600_800_mask.png,5313728340.14
15,5,30,11,452,361,482,372,452,361,482,361,482,372,452,372,text,table_text,table_0,opensans,regular,9.0,11anp_20211228_163936_6208315314_600_800.png,/scratch/parceirosbr/bigoilict/share/BigOil/document_generator/datasets/documents_2021_12_28/11anp_20211228_163936_6208315314_600_800.png,11anp_20211228_163936_6208315314_600_800_mask.png,329.767
15,5,30,11,452,361,482,372,452,361,482,361,482,372,452,372,sub_line_text,table_text,table_0,opensans,regular,9.0,11anp_20211228_163936_6208315314_600_800.png,/scratch/parceirosbr/bigoilict/share/BigOil/document_generator/datasets/documents_2021_12_28/11anp_20211228_163936_6208315314_600_800.png,11anp_20211228_163936_6208315314_600_800_mask.png,329.767
10,5,21,11,462,375,483,386,462,375,483,375,483,386,462,386,text,table_text,table_0,opensans,regular,9.0,11anp_20211228_163936_6208315314_600_800.png,/scratch/parceirosbr/bigoilict/share/BigOil/document_generator/datasets/documents_2021_12_28/11anp_20211228_163936_6208315314_600_800.png,11anp_20211228_163936_6208315314_600_800_mask.png,2.800
10,5,21,11,462,375,483,386,462,375,483,375,483,386,462,386,sub_line_text,table_text,table_0,opensans,regular,9.0,11anp_20211228_163936_6208315314_600_800.png,/scratch/parceirosbr/bigoilict/share/BigOil/document_generator/datasets/documents_2021_12_28/11anp_20211228_163936_6208315314_600_800.png,11anp_20211228_163936_6208315314_600_800_mask.png,2.800
10,5,21,11,462,390,483,401,462,390,483,390,483,401,462,401,text,table_text,table_0,opensans,regular,9.0,11anp_20211228_163936_6208315314_600_800.png,/scratch/parceirosbr/bigoilict/share/BigOil/document_generator/datasets/documents_2021_12_28/11anp_20211228_163936_6208315314_600_800.png,11anp_20211228_163936_6208315314_600_800_mask.png,9.482
10,5,21,11,462,390,483,401,462,390,483,390,483,401,462,401,sub_line_text,table_text,table_0,opensans,regular,9.0,11anp_20211228_163936_6208315314_600_800.png,/scratch/parceirosbr/bigoilict/share/BigOil/document_generator/datasets/documents_2021_12_28/11anp_20211228_163936_6208315314_600_800.png,11anp_20211228_163936_6208315314_600_800_mask.png,9.482
13,5,26,11,457,404,483,415,457,404,483,404,483,415,457,415,text,table_text,table_0,opensans,regular,9.0,11anp_20211228_163936_6208315314_600_800.png,/scratch/parceirosbr/bigoilict/share/BigOil/document_generator/datasets/documents_2021_12_28/11anp_20211228_163936_6208315314_600_800.png,11anp_20211228_163936_6208315314_600_800_mask.png,84.088
13,5,26,11,457,404,483,415,457,404,483,404,483,415,457,415,sub_line_text,table_text,table_0,opensans,regular,9.0,11anp_20211228_163936_6208315314_600_800.png,/scratch/parceirosbr/bigoilict/share/BigOil/document_generator/datasets/documents_2021_12_28/11anp_20211228_163936_6208315314_600_800.png,11anp_20211228_163936_6208315314_600_800_mask.png,84.088
13,5,26,11,457,418,483,429,457,418,483,418,483,429,457,429,text,table_text,table_0,opensans,regular,9.0,11anp_20211228_163936_6208315314_600_800.png,/scratch/parceirosbr/bigoilict/share/BigOil/document_generator/datasets/documents_2021_12_28/11anp_20211228_163936_6208315314_600_800.png,11anp_20211228_163936_6208315314_600_800_mask.png,84.451
13,5,26,11,457,418,483,429,457,418,483,418,483,429,457,429,sub_line_text,table_text,table_0,opensans,regular,9.0,11anp_20211228_163936_6208315314_600_800.png,/scratch/parceirosbr/bigoilict/share/BigOil/document_generator/datasets/documents_2021_12_28/11anp_20211228_163936_6208315314_600_800.png,11anp_20211228_163936_6208315314_600_800_mask.png,84.451
15,5,30,11,452,433,482,444,452,433,482,433,482,444,452,444,text,table_text,table_0,opensans,regular,9.0,11anp_20211228_163936_6208315314_600_800.png,/scratch/parceirosbr/bigoilict/share/BigOil/document_generator/datasets/documents_2021_12_28/11anp_20211228_163936_6208315314_600_800.png,11anp_20211228_163936_6208315314_600_800_mask.png,529.575
15,5,30,11,452,433,482,444,452,433,482,433,482,444,452,444,sub_line_text,table_text,table_0,opensans,regular,9.0,11anp_20211228_163936_6208315314_600_800.png,/scratch/parceirosbr/bigoilict/share/BigOil/document_generator/datasets/documents_2021_12_28/11anp_20211228_163936_6208315314_600_800.png,11anp_20211228_163936_6208315314_600_800_mask.png,529.575
18,5,37,11,498,338,535,349,498,338,535,338,535,349,498,349,text,table_text,table_0,opensans,bold,9.0,11anp_20211228_163936_6208315314_600_800.png,/scratch/parceirosbr/bigoilict/share/BigOil/document_generator/datasets/documents_2021_12_28/11anp_20211228_163936_6208315314_600_800.png,11anp_20211228_163936_6208315314_600_800_mask.png,trabalho
18,5,37,11,498,338,535,349,498,338,535,338,535,349,498,349,sub_line_text,table_text,table_0,opensans,bold,9.0,11anp_20211228_163936_6208315314_600_800.png,/scratch/parceirosbr/bigoilict/share/BigOil/document_generator/datasets/documents_2021_12_28/11anp_20211228_163936_6208315314_600_800.png,11anp_20211228_163936_6208315314_600_800_mask.png,trabalho
6,5,12,11,510,361,522,372,510,361,522,361,522,372,510,372,text,table_text,table_0,opensans,regular,9.0,11anp_20211228_163936_6208315314_600_800.png,/scratch/parceirosbr/bigoilict/share/BigOil/document_generator/datasets/documents_2021_12_28/11anp_20211228_163936_6208315314_600_800.png,11anp_20211228_163936_6208315314_600_800_mask.png,em
6,5,12,11,510,361,522,372,510,361,522,361,522,372,510,372,sub_line_text,table_text,table_0,opensans,regular,9.0,11anp_20211228_163936_6208315314_600_800.png,/scratch/parceirosbr/bigoilict/share/BigOil/document_generator/datasets/documents_2021_12_28/11anp_20211228_163936_6208315314_600_800.png,11anp_20211228_163936_6208315314_600_800_mask.png,em
12,5,24,11,504,375,528,386,504,375,528,375,528,386,504,386,text,table_text,table_0,opensans,regular,9.0,11anp_20211228_163936_6208315314_600_800.png,/scratch/parceirosbr/bigoilict/share/BigOil/document_generator/datasets/documents_2021_12_28/11anp_20211228_163936_6208315314_600_800.png,11anp_20211228_163936_6208315314_600_800_mask.png,tendo
12,5,24,11,504,375,528,386,504,375,528,375,528,386,504,386,sub_line_text,table_text,table_0,opensans,regular,9.0,11anp_20211228_163936_6208315314_600_800.png,/scratch/parceirosbr/bigoilict/share/BigOil/document_generator/datasets/documents_2021_12_28/11anp_20211228_163936_6208315314_600_800.png,11anp_20211228_163936_6208315314_600_800_mask.png,tendo
13,5,27,11,503,390,530,401,503,390,530,390,530,401,503,401,text,table_text,table_0,opensans,regular,9.0,11anp_20211228_163936_6208315314_600_800.png,/scratch/parceirosbr/bigoilict/share/BigOil/document_generator/datasets/documents_2021_12_28/11anp_20211228_163936_6208315314_600_800.png,11anp_20211228_163936_6208315314_600_800_mask.png,dessas
13,5,27,11,503,390,530,401,503,390,530,390,530,401,503,401,sub_line_text,table_text,table_0,opensans,regular,9.0,11anp_20211228_163936_6208315314_600_800.png,/scratch/parceirosbr/bigoilict/share/BigOil/document_generator/datasets/documents_2021_12_28/11anp_20211228_163936_6208315314_600_800.png,11anp_20211228_163936_6208315314_600_800_mask.png,dessas
11,5,22,11,505,404,527,415,505,404,527,404,527,415,505,415,text,table_text,table_0,opensans,regular,9.0,11anp_20211228_163936_6208315314_600_800.png,/scratch/parceirosbr/bigoilict/share/BigOil/document_generator/datasets/documents_2021_12_28/11anp_20211228_163936_6208315314_600_800.png,11anp_20211228_163936_6208315314_600_800_mask.png,apelo
11,5,22,11,505,404,527,415,505,404,527,404,527,415,505,415,sub_line_text,table_text,table_0,opensans,regular,9.0,11anp_20211228_163936_6208315314_600_800.png,/scratch/parceirosbr/bigoilict/share/BigOil/document_generator/datasets/documents_2021_12_28/11anp_20211228_163936_6208315314_600_800.png,11anp_20211228_163936_6208315314_600_800_mask.png,apelo
9,5,18,11,507,418,525,429,507,418,525,418,525,429,507,429,text,table_text,table_0,opensans,regular,9.0,11anp_20211228_163936_6208315314_600_800.png,/scratch/parceirosbr/bigoilict/share/BigOil/document_generator/datasets/documents_2021_12_28/11anp_20211228_163936_6208315314_600_800.png,11anp_20211228_163936_6208315314_600_800_mask.png,mais
9,5,18,11,507,418,525,429,507,418,525,418,525,429,507,429,sub_line_text,table_text,table_0,opensans,regular,9.0,11anp_20211228_163936_6208315314_600_800.png,/scratch/parceirosbr/bigoilict/share/BigOil/document_generator/datasets/documents_2021_12_28/11anp_20211228_163936_6208315314_600_800.png,11anp_20211228_163936_6208315314_600_800_mask.png,mais
8,5,17,11,507,433,524,444,507,433,524,433,524,444,507,444,text,table_text,table_0,opensans,regular,9.0,11anp_20211228_163936_6208315314_600_800.png,/scratch/parceirosbr/bigoilict/share/BigOil/document_generator/datasets/documents_2021_12_28/11anp_20211228_163936_6208315314_600_800.png,11anp_20211228_163936_6208315314_600_800_mask.png,caso
8,5,17,11,507,433,524,444,507,433,524,433,524,444,507,444,sub_line_text,table_text,table_0,opensans,regular,9.0,11anp_20211228_163936_6208315314_600_800.png,/scratch/parceirosbr/bigoilict/share/BigOil/document_generator/datasets/documents_2021_12_28/11anp_20211228_163936_6208315314_600_800.png,11anp_20211228_163936_6208315314_600_800_mask.png,caso
236,5,473,11,85,484,558,495,85,484,558,484,558,495,85,495,sub_line_text,text,text_0,roboto,regular,9,11anp_20211228_163936_6208315314_600_800.png,/scratch/parceirosbr/bigoilict/share/BigOil/document_generator/datasets/documents_2021_12_28/11anp_20211228_163936_6208315314_600_800.png,11anp_20211228_163936_6208315314_600_800_mask.png,"No  entanto,  apenas  os  dois  primeiros foram avaliados, pois, por definição, a reprodutibilidade deve ser medida em c-"
252,5,504,11,55,502,559,513,55,502,559,502,559,513,55,513,sub_line_text,text,text_0,roboto,regular,9,11anp_20211228_163936_6208315314_600_800.png,/scratch/parceirosbr/bigoilict/share/BigOil/document_generator/datasets/documents_2021_12_28/11anp_20211228_163936_6208315314_600_800.png,11anp_20211228_163936_6208315314_600_800_mask.png,"ondições  que  incluem  diferentes locais, diferentes operadores, diferentes sistemas de medição e medições repetidas no m-"
252,5,504,11,55,520,559,531,55,520,559,520,559,531,55,531,sub_line_text,text,text_0,roboto,regular,9,11anp_20211228_163936_6208315314_600_800.png,/scratch/parceirosbr/bigoilict/share/BigOil/document_generator/datasets/documents_2021_12_28/11anp_20211228_163936_6208315314_600_800.png,11anp_20211228_163936_6208315314_600_800_mask.png,esmo  objeto  ou  em  objetos similares 2012). Nomenclatura xxiii 1. 1 2. da 5 2.1 sobre o 5 2.2 sobre 9 2.3 10 2.4 de 13 2.5 de m-
251,5,503,11,55,538,558,549,55,538,558,538,558,549,55,549,sub_line_text,text,text_0,roboto,regular,9,11anp_20211228_163936_6208315314_600_800.png,/scratch/parceirosbr/bigoilict/share/BigOil/document_generator/datasets/documents_2021_12_28/11anp_20211228_163936_6208315314_600_800.png,11anp_20211228_163936_6208315314_600_800_mask.png,olhabilidade  14 2.6 dos desemulsificantes 16 3. 19 3.1 de assistida com água 19 3.2 de assistida com solução de desemulsif-
247,5,494,11,55,556,549,567,55,556,549,556,549,567,55,567,sub_line_text,text,text_0,roboto,regular,9,11anp_20211228_163936_6208315314_600_800.png,/scratch/parceirosbr/bigoilict/share/BigOil/document_generator/datasets/documents_2021_12_28/11anp_20211228_163936_6208315314_600_800.png,11anp_20211228_163936_6208315314_600_800_mask.png,icante 27 3.3 de incertezas dos equipamentos utilizados 28 3.4 de ângulo de contato estático 32 xv 4. e 35 4.1 de contato es.
252,41,504,83,55,484,559,567,55,484,559,484,559,567,55,567,text,text,text_0,roboto,regular,9,11anp_20211228_163936_6208315314_600_800.png,/scratch/parceirosbr/bigoilict/share/BigOil/document_generator/datasets/documents_2021_12_28/11anp_20211228_163936_6208315314_600_800.png,11anp_20211228_163936_6208315314_600_800_mask.png,nan
182,6,365,12,83,577,448,589,83,577,448,577,448,589,83,589,sub_line_text,figure_legend,figure_1,roboto,bolditalic,9,11anp_20211228_163936_6208315314_600_800.png,/scratch/parceirosbr/bigoilict/share/BigOil/document_generator/datasets/documents_2021_12_28/11anp_20211228_163936_6208315314_600_800.png,11anp_20211228_163936_6208315314_600_800_mask.png,Fig. 101:  sinais econômicos ao transportador e carregadores sobre os investimentos nece
182,6,365,12,83,577,448,589,83,577,448,577,448,589,83,589,text,figure_legend,figure_1,roboto,bolditalic,9,11anp_20211228_163936_6208315314_600_800.png,/scratch/parceirosbr/bigoilict/share/BigOil/document_generator/datasets/documents_2021_12_28/11anp_20211228_163936_6208315314_600_800.png,11anp_20211228_163936_6208315314_600_800_mask.png,nan
75,45,150,90,233,594,383,684,233,594,383,594,383,684,233,684,image,figure_image,figure_1,,,,11anp_20211228_163936_6208315314_600_800.png,/scratch/parceirosbr/bigoilict/share/BigOil/document_generator/datasets/documents_2021_12_28/11anp_20211228_163936_6208315314_600_800.png,11anp_20211228_163936_6208315314_600_800_mask.png,output/gen_img_20211228_163941_2469397978.png
7,2,14,4,322,639,336,643,322,639,336,639,336,643,322,643,text,figure_text,figure_1,,,,11anp_20211228_163936_6208315314_600_800.png,/scratch/parceirosbr/bigoilict/share/BigOil/document_generator/datasets/documents_2021_12_28/11anp_20211228_163936_6208315314_600_800.png,11anp_20211228_163936_6208315314_600_800_mask.png,Loading
7,2,14,4,322,639,336,643,322,639,336,639,336,643,322,643,sub_line_text,figure_text,figure_1,,,,11anp_20211228_163936_6208315314_600_800.png,/scratch/parceirosbr/bigoilict/share/BigOil/document_generator/datasets/documents_2021_12_28/11anp_20211228_163936_6208315314_600_800.png,11anp_20211228_163936_6208315314_600_800_mask.png,Loading
5,2,10,4,263,650,273,654,263,650,273,650,273,654,263,654,text,figure_text,figure_1,,,,11anp_20211228_163936_6208315314_600_800.png,/scratch/parceirosbr/bigoilict/share/BigOil/document_generator/datasets/documents_2021_12_28/11anp_20211228_163936_6208315314_600_800.png,11anp_20211228_163936_6208315314_600_800_mask.png,-4429
5,2,10,4,263,650,273,654,263,650,273,650,273,654,263,654,sub_line_text,figure_text,figure_1,,,,11anp_20211228_163936_6208315314_600_800.png,/scratch/parceirosbr/bigoilict/share/BigOil/document_generator/datasets/documents_2021_12_28/11anp_20211228_163936_6208315314_600_800.png,11anp_20211228_163936_6208315314_600_800_mask.png,-4429
6,2,13,4,329,627,342,631,329,627,342,627,342,631,329,631,text,figure_text,figure_1,,,,11anp_20211228_163936_6208315314_600_800.png,/scratch/parceirosbr/bigoilict/share/BigOil/document_generator/datasets/documents_2021_12_28/11anp_20211228_163936_6208315314_600_800.png,11anp_20211228_163936_6208315314_600_800_mask.png,-2151%
6,2,13,4,329,627,342,631,329,627,342,627,342,631,329,631,sub_line_text,figure_text,figure_1,,,,11anp_20211228_163936_6208315314_600_800.png,/scratch/parceirosbr/bigoilict/share/BigOil/document_generator/datasets/documents_2021_12_28/11anp_20211228_163936_6208315314_600_800.png,11anp_20211228_163936_6208315314_600_800_mask.png,-2151%
10,2,21,5,285,617,306,622,285,617,306,617,306,622,285,622,text,figure_text,figure_1,,,,11anp_20211228_163936_6208315314_600_800.png,/scratch/parceirosbr/bigoilict/share/BigOil/document_generator/datasets/documents_2021_12_28/11anp_20211228_163936_6208315314_600_800.png,11anp_20211228_163936_6208315314_600_800_mask.png,Gender (BL)
10,2,21,5,285,617,306,622,285,617,306,617,306,622,285,622,sub_line_text,figure_text,figure_1,,,,11anp_20211228_163936_6208315314_600_800.png,/scratch/parceirosbr/bigoilict/share/BigOil/document_generator/datasets/documents_2021_12_28/11anp_20211228_163936_6208315314_600_800.png,11anp_20211228_163936_6208315314_600_800_mask.png,Gender (BL)
8,1,17,3,277,603,294,606,277,603,294,603,294,606,277,606,text,figure_text,figure_1,,,,11anp_20211228_163936_6208315314_600_800.png,/scratch/parceirosbr/bigoilict/share/BigOil/document_generator/datasets/documents_2021_12_28/11anp_20211228_163936_6208315314_600_800.png,11anp_20211228_163936_6208315314_600_800_mask.png,-7074.907
8,1,17,3,277,603,294,606,277,603,294,603,294,606,277,606,sub_line_text,figure_text,figure_1,,,,11anp_20211228_163936_6208315314_600_800.png,/scratch/parceirosbr/bigoilict/share/BigOil/document_generator/datasets/documents_2021_12_28/11anp_20211228_163936_6208315314_600_800.png,11anp_20211228_163936_6208315314_600_800_mask.png,-7074.907
8,2,16,4,329,669,345,673,329,669,345,669,345,673,329,673,text,figure_text,figure_1,,,,11anp_20211228_163936_6208315314_600_800.png,/scratch/parceirosbr/bigoilict/share/BigOil/document_generator/datasets/documents_2021_12_28/11anp_20211228_163936_6208315314_600_800.png,11anp_20211228_163936_6208315314_600_800_mask.png,-1448.8%
8,2,16,4,329,669,345,673,329,669,345,669,345,673,329,673,sub_line_text,figure_text,figure_1,,,,11anp_20211228_163936_6208315314_600_800.png,/scratch/parceirosbr/bigoilict/share/BigOil/document_generator/datasets/documents_2021_12_28/11anp_20211228_163936_6208315314_600_800.png,11anp_20211228_163936_6208315314_600_800_mask.png,-1448.8%
9,2,18,4,296,611,314,615,296,611,314,611,314,615,296,615,text,figure_text,figure_1,,,,11anp_20211228_163936_6208315314_600_800.png,/scratch/parceirosbr/bigoilict/share/BigOil/document_generator/datasets/documents_2021_12_28/11anp_20211228_163936_6208315314_600_800.png,11anp_20211228_163936_6208315314_600_800_mask.png,Simulation
9,2,18,4,296,611,314,615,296,611,314,611,314,615,296,615,sub_line_text,figure_text,figure_1,,,,11anp_20211228_163936_6208315314_600_800.png,/scratch/parceirosbr/bigoilict/share/BigOil/document_generator/datasets/documents_2021_12_28/11anp_20211228_163936_6208315314_600_800.png,11anp_20211228_163936_6208315314_600_800_mask.png,Simulation
7,2,14,4,323,647,337,651,323,647,337,647,337,651,323,651,text,figure_text,figure_1,,,,11anp_20211228_163936_6208315314_600_800.png,/scratch/parceirosbr/bigoilict/share/BigOil/document_generator/datasets/documents_2021_12_28/11anp_20211228_163936_6208315314_600_800.png,11anp_20211228_163936_6208315314_600_800_mask.png,-1731%
7,2,14,4,323,647,337,651,323,647,337,647,337,651,323,651,sub_line_text,figure_text,figure_1,,,,11anp_20211228_163936_6208315314_600_800.png,/scratch/parceirosbr/bigoilict/share/BigOil/document_generator/datasets/documents_2021_12_28/11anp_20211228_163936_6208315314_600_800.png,11anp_20211228_163936_6208315314_600_800_mask.png,-1731%
233,5,467,11,85,694,552,705,85,694,552,694,552,705,85,705,sub_line_text,text,text_1,roboto,regular,9,11anp_20211228_163936_6208315314_600_800.png,/scratch/parceirosbr/bigoilict/share/BigOil/document_generator/datasets/documents_2021_12_28/11anp_20211228_163936_6208315314_600_800.png,11anp_20211228_163936_6208315314_600_800_mask.png,"Por outro lado, o crescimento da demanda mundial mostrou-se abaixo do estimado, destacando-se a lenta recupera-."
233,5,467,11,85,694,552,705,85,694,552,694,552,705,85,705,text,text,text_1,roboto,regular,9,11anp_20211228_163936_6208315314_600_800.png,/scratch/parceirosbr/bigoilict/share/BigOil/document_generator/datasets/documents_2021_12_28/11anp_20211228_163936_6208315314_600_800.png,11anp_20211228_163936_6208315314_600_800_mask.png,nan
