center_x,center_y,width,height,xmin,ymin,xmax,ymax,top_left_x,top_left_y,top_right_x,top_right_y,bottom_right_x,bottom_right_y,bottom_left_x,bottom_left_y,label,grouplabel,group,text_font,text_style,size_font,filename,path,filename_mask,content
300,400,600,800,0,0,600,800,0,0,600,0,600,800,0,800,document,,,,,,11anp_20211228_163936_3820803082_600_800.png,/scratch/parceirosbr/bigoilict/share/BigOil/document_generator/datasets/documents_2021_12_28/11anp_20211228_163936_3820803082_600_800.png,11anp_20211228_163936_3820803082_600_800_mask.png,
188,1,377,2,147,129,524,131,147,129,524,129,524,131,147,131,line,line,line,,,,11anp_20211228_163936_3820803082_600_800.png,/scratch/parceirosbr/bigoilict/share/BigOil/document_generator/datasets/documents_2021_12_28/11anp_20211228_163936_3820803082_600_800.png,11anp_20211228_163936_3820803082_600_800_mask.png,nan
16,7,32,15,490,99,522,114,490,99,522,99,522,114,490,114,sub_line_text,header,header_1,courier,bold,14,11anp_20211228_163936_3820803082_600_800.png,/scratch/parceirosbr/bigoilict/share/BigOil/document_generator/datasets/documents_2021_12_28/11anp_20211228_163936_3820803082_600_800.png,11anp_20211228_163936_3820803082_600_800_mask.png,2020
16,7,32,15,490,99,522,114,490,99,522,99,522,114,490,114,text,header,header_1,courier,bold,14,11anp_20211228_163936_3820803082_600_800.png,/scratch/parceirosbr/bigoilict/share/BigOil/document_generator/datasets/documents_2021_12_28/11anp_20211228_163936_3820803082_600_800.png,11anp_20211228_163936_3820803082_600_800_mask.png,nan
44,7,88,15,386,99,474,114,386,99,474,99,474,114,386,114,sub_line_text,header,header_1,courier,bold,14,11anp_20211228_163936_3820803082_600_800.png,/scratch/parceirosbr/bigoilict/share/BigOil/document_generator/datasets/documents_2021_12_28/11anp_20211228_163936_3820803082_600_800.png,11anp_20211228_163936_3820803082_600_800_mask.png,Essa outras
44,7,88,15,386,99,474,114,386,99,474,99,474,114,386,114,text,header,header_1,courier,bold,14,11anp_20211228_163936_3820803082_600_800.png,/scratch/parceirosbr/bigoilict/share/BigOil/document_generator/datasets/documents_2021_12_28/11anp_20211228_163936_3820803082_600_800.png,11anp_20211228_163936_3820803082_600_800_mask.png,nan
24,11,48,23,169,99,217,122,169,99,217,99,217,122,169,122,image,image,image,,,,11anp_20211228_163936_3820803082_600_800.png,/scratch/parceirosbr/bigoilict/share/BigOil/document_generator/datasets/documents_2021_12_28/11anp_20211228_163936_3820803082_600_800.png,11anp_20211228_163936_3820803082_600_800_mask.png,/scratch/parceirosbr/bigoilict/share/BigOil/document_generator/files_images_document_generator/logos\image_64.jpg
148,3,296,7,147,135,443,142,147,135,443,135,443,142,147,142,sub_line_text,table_legend,table_0,courier,bold,7,11anp_20211228_163936_3820803082_600_800.png,/scratch/parceirosbr/bigoilict/share/BigOil/document_generator/datasets/documents_2021_12_28/11anp_20211228_163936_3820803082_600_800.png,11anp_20211228_163936_3820803082_600_800_mask.png,Tab.  22:    Apêndice  de  e  para  carga  25% 50% 75% 100% tempo corrente
96,3,193,7,147,144,340,151,147,144,340,144,340,151,147,151,sub_line_text,table_legend,table_0,courier,bold,7,11anp_20211228_163936_3820803082_600_800.png,/scratch/parceirosbr/bigoilict/share/BigOil/document_generator/datasets/documents_2021_12_28/11anp_20211228_163936_3820803082_600_800.png,11anp_20211228_163936_3820803082_600_800_mask.png,minutos volts. Apesar de a redução nos custos do
148,8,296,16,147,135,443,151,147,135,443,135,443,151,147,151,text,table_legend,table_0,courier,bold,7,11anp_20211228_163936_3820803082_600_800.png,/scratch/parceirosbr/bigoilict/share/BigOil/document_generator/datasets/documents_2021_12_28/11anp_20211228_163936_3820803082_600_800.png,11anp_20211228_163936_3820803082_600_800_mask.png,nan
179,58,359,117,155,156,514,273,155,156,514,156,514,273,155,273,table,table_image,table_0,,,,11anp_20211228_163936_3820803082_600_800.png,/scratch/parceirosbr/bigoilict/share/BigOil/document_generator/datasets/documents_2021_12_28/11anp_20211228_163936_3820803082_600_800.png,11anp_20211228_163936_3820803082_600_800_mask.png,output/gen_tab_20211228_163937_1630542538.png
13,3,26,6,179,158,205,164,179,158,205,158,205,164,179,164,text,table_text,table_0,courier,italic,7.0,11anp_20211228_163936_3820803082_600_800.png,/scratch/parceirosbr/bigoilict/share/BigOil/document_generator/datasets/documents_2021_12_28/11anp_20211228_163936_3820803082_600_800.png,11anp_20211228_163936_3820803082_600_800_mask.png,medidas
13,3,26,6,179,158,205,164,179,158,205,158,205,164,179,164,sub_line_text,table_text,table_0,courier,italic,7.0,11anp_20211228_163936_3820803082_600_800.png,/scratch/parceirosbr/bigoilict/share/BigOil/document_generator/datasets/documents_2021_12_28/11anp_20211228_163936_3820803082_600_800.png,11anp_20211228_163936_3820803082_600_800_mask.png,medidas
19,3,39,6,173,168,212,174,173,168,212,168,212,174,173,174,text,table_text,table_0,courier,italic,7.0,11anp_20211228_163936_3820803082_600_800.png,/scratch/parceirosbr/bigoilict/share/BigOil/document_generator/datasets/documents_2021_12_28/11anp_20211228_163936_3820803082_600_800.png,11anp_20211228_163936_3820803082_600_800_mask.png,envolverem
19,3,39,6,173,168,212,174,173,168,212,168,212,174,173,174,sub_line_text,table_text,table_0,courier,italic,7.0,11anp_20211228_163936_3820803082_600_800.png,/scratch/parceirosbr/bigoilict/share/BigOil/document_generator/datasets/documents_2021_12_28/11anp_20211228_163936_3820803082_600_800.png,11anp_20211228_163936_3820803082_600_800_mask.png,envolverem
3,3,7,6,189,178,196,184,189,178,196,178,196,184,189,184,text,table_text,table_0,courier,italic,7.0,11anp_20211228_163936_3820803082_600_800.png,/scratch/parceirosbr/bigoilict/share/BigOil/document_generator/datasets/documents_2021_12_28/11anp_20211228_163936_3820803082_600_800.png,11anp_20211228_163936_3820803082_600_800_mask.png,ou
3,3,7,6,189,178,196,184,189,178,196,178,196,184,189,184,sub_line_text,table_text,table_0,courier,italic,7.0,11anp_20211228_163936_3820803082_600_800.png,/scratch/parceirosbr/bigoilict/share/BigOil/document_generator/datasets/documents_2021_12_28/11anp_20211228_163936_3820803082_600_800.png,11anp_20211228_163936_3820803082_600_800_mask.png,ou
11,3,23,6,180,187,203,193,180,187,203,187,203,193,180,193,text,table_text,table_0,courier,italic,7.0,11anp_20211228_163936_3820803082_600_800.png,/scratch/parceirosbr/bigoilict/share/BigOil/document_generator/datasets/documents_2021_12_28/11anp_20211228_163936_3820803082_600_800.png,11anp_20211228_163936_3820803082_600_800_mask.png,modelo
11,3,23,6,180,187,203,193,180,187,203,187,203,193,180,193,sub_line_text,table_text,table_0,courier,italic,7.0,11anp_20211228_163936_3820803082_600_800.png,/scratch/parceirosbr/bigoilict/share/BigOil/document_generator/datasets/documents_2021_12_28/11anp_20211228_163936_3820803082_600_800.png,11anp_20211228_163936_3820803082_600_800_mask.png,modelo
8,3,16,6,184,197,200,203,184,197,200,197,200,203,184,203,text,table_text,table_0,courier,italic,7.0,11anp_20211228_163936_3820803082_600_800.png,/scratch/parceirosbr/bigoilict/share/BigOil/document_generator/datasets/documents_2021_12_28/11anp_20211228_163936_3820803082_600_800.png,11anp_20211228_163936_3820803082_600_800_mask.png,para
8,3,16,6,184,197,200,203,184,197,200,197,200,203,184,203,sub_line_text,table_text,table_0,courier,italic,7.0,11anp_20211228_163936_3820803082_600_800.png,/scratch/parceirosbr/bigoilict/share/BigOil/document_generator/datasets/documents_2021_12_28/11anp_20211228_163936_3820803082_600_800.png,11anp_20211228_163936_3820803082_600_800_mask.png,para
11,3,23,6,180,206,203,212,180,206,203,206,203,212,180,212,text,table_text,table_0,courier,italic,7.0,11anp_20211228_163936_3820803082_600_800.png,/scratch/parceirosbr/bigoilict/share/BigOil/document_generator/datasets/documents_2021_12_28/11anp_20211228_163936_3820803082_600_800.png,11anp_20211228_163936_3820803082_600_800_mask.png,fatode
11,3,23,6,180,206,203,212,180,206,203,206,203,212,180,212,sub_line_text,table_text,table_0,courier,italic,7.0,11anp_20211228_163936_3820803082_600_800.png,/scratch/parceirosbr/bigoilict/share/BigOil/document_generator/datasets/documents_2021_12_28/11anp_20211228_163936_3820803082_600_800.png,11anp_20211228_163936_3820803082_600_800_mask.png,fatode
6,3,12,6,186,216,198,222,186,216,198,216,198,222,186,222,text,table_text,table_0,courier,italic,7.0,11anp_20211228_163936_3820803082_600_800.png,/scratch/parceirosbr/bigoilict/share/BigOil/document_generator/datasets/documents_2021_12_28/11anp_20211228_163936_3820803082_600_800.png,11anp_20211228_163936_3820803082_600_800_mask.png,que
6,3,12,6,186,216,198,222,186,216,198,216,198,222,186,222,sub_line_text,table_text,table_0,courier,italic,7.0,11anp_20211228_163936_3820803082_600_800.png,/scratch/parceirosbr/bigoilict/share/BigOil/document_generator/datasets/documents_2021_12_28/11anp_20211228_163936_3820803082_600_800.png,11anp_20211228_163936_3820803082_600_800_mask.png,que
19,3,38,6,174,226,212,232,174,226,212,226,212,232,174,232,text,table_text,table_0,courier,italic,7.0,11anp_20211228_163936_3820803082_600_800.png,/scratch/parceirosbr/bigoilict/share/BigOil/document_generator/datasets/documents_2021_12_28/11anp_20211228_163936_3820803082_600_800.png,11anp_20211228_163936_3820803082_600_800_mask.png,incertezas
19,3,38,6,174,226,212,232,174,226,212,226,212,232,174,232,sub_line_text,table_text,table_0,courier,italic,7.0,11anp_20211228_163936_3820803082_600_800.png,/scratch/parceirosbr/bigoilict/share/BigOil/document_generator/datasets/documents_2021_12_28/11anp_20211228_163936_3820803082_600_800.png,11anp_20211228_163936_3820803082_600_800_mask.png,incertezas
11,3,23,6,180,235,203,241,180,235,203,235,203,241,180,241,text,table_text,table_0,courier,italic,7.0,11anp_20211228_163936_3820803082_600_800.png,/scratch/parceirosbr/bigoilict/share/BigOil/document_generator/datasets/documents_2021_12_28/11anp_20211228_163936_3820803082_600_800.png,11anp_20211228_163936_3820803082_600_800_mask.png,possui
11,3,23,6,180,235,203,241,180,235,203,235,203,241,180,241,sub_line_text,table_text,table_0,courier,italic,7.0,11anp_20211228_163936_3820803082_600_800.png,/scratch/parceirosbr/bigoilict/share/BigOil/document_generator/datasets/documents_2021_12_28/11anp_20211228_163936_3820803082_600_800.png,11anp_20211228_163936_3820803082_600_800_mask.png,possui
23,3,46,6,169,245,215,251,169,245,215,245,215,251,169,251,text,table_text,table_0,courier,italic,7.0,11anp_20211228_163936_3820803082_600_800.png,/scratch/parceirosbr/bigoilict/share/BigOil/document_generator/datasets/documents_2021_12_28/11anp_20211228_163936_3820803082_600_800.png,11anp_20211228_163936_3820803082_600_800_mask.png,pelasalturas
23,3,46,6,169,245,215,251,169,245,215,245,215,251,169,251,sub_line_text,table_text,table_0,courier,italic,7.0,11anp_20211228_163936_3820803082_600_800.png,/scratch/parceirosbr/bigoilict/share/BigOil/document_generator/datasets/documents_2021_12_28/11anp_20211228_163936_3820803082_600_800.png,11anp_20211228_163936_3820803082_600_800_mask.png,pelasalturas
15,3,31,6,177,254,208,260,177,254,208,254,208,260,177,260,text,table_text,table_0,courier,italic,7.0,11anp_20211228_163936_3820803082_600_800.png,/scratch/parceirosbr/bigoilict/share/BigOil/document_generator/datasets/documents_2021_12_28/11anp_20211228_163936_3820803082_600_800.png,11anp_20211228_163936_3820803082_600_800_mask.png,garantir
15,3,31,6,177,254,208,260,177,254,208,254,208,260,177,260,sub_line_text,table_text,table_0,courier,italic,7.0,11anp_20211228_163936_3820803082_600_800.png,/scratch/parceirosbr/bigoilict/share/BigOil/document_generator/datasets/documents_2021_12_28/11anp_20211228_163936_3820803082_600_800.png,11anp_20211228_163936_3820803082_600_800_mask.png,garantir
8,3,16,6,326,264,342,270,326,264,342,264,342,270,326,270,text,table_text,table_0,courier,italic,7.0,11anp_20211228_163936_3820803082_600_800.png,/scratch/parceirosbr/bigoilict/share/BigOil/document_generator/datasets/documents_2021_12_28/11anp_20211228_163936_3820803082_600_800.png,11anp_20211228_163936_3820803082_600_800_mask.png,óleo
8,3,16,6,326,264,342,270,326,264,342,264,342,270,326,270,sub_line_text,table_text,table_0,courier,italic,7.0,11anp_20211228_163936_3820803082_600_800.png,/scratch/parceirosbr/bigoilict/share/BigOil/document_generator/datasets/documents_2021_12_28/11anp_20211228_163936_3820803082_600_800.png,11anp_20211228_163936_3820803082_600_800_mask.png,óleo
6,3,12,6,244,158,256,164,244,158,256,158,256,164,244,164,text,table_text,table_0,courier,italic,7.0,11anp_20211228_163936_3820803082_600_800.png,/scratch/parceirosbr/bigoilict/share/BigOil/document_generator/datasets/documents_2021_12_28/11anp_20211228_163936_3820803082_600_800.png,11anp_20211228_163936_3820803082_600_800_mask.png,tem
6,3,12,6,244,158,256,164,244,158,256,158,256,164,244,164,sub_line_text,table_text,table_0,courier,italic,7.0,11anp_20211228_163936_3820803082_600_800.png,/scratch/parceirosbr/bigoilict/share/BigOil/document_generator/datasets/documents_2021_12_28/11anp_20211228_163936_3820803082_600_800.png,11anp_20211228_163936_3820803082_600_800_mask.png,tem
15,3,31,6,234,168,265,174,234,168,265,168,265,174,234,174,text,table_text,table_0,courier,italic,7.0,11anp_20211228_163936_3820803082_600_800.png,/scratch/parceirosbr/bigoilict/share/BigOil/document_generator/datasets/documents_2021_12_28/11anp_20211228_163936_3820803082_600_800.png,11anp_20211228_163936_3820803082_600_800_mask.png,alocação
15,3,31,6,234,168,265,174,234,168,265,168,265,174,234,174,sub_line_text,table_text,table_0,courier,italic,7.0,11anp_20211228_163936_3820803082_600_800.png,/scratch/parceirosbr/bigoilict/share/BigOil/document_generator/datasets/documents_2021_12_28/11anp_20211228_163936_3820803082_600_800.png,11anp_20211228_163936_3820803082_600_800_mask.png,alocação
15,3,30,6,235,178,265,184,235,178,265,178,265,184,235,184,text,table_text,table_0,courier,italic,7.0,11anp_20211228_163936_3820803082_600_800.png,/scratch/parceirosbr/bigoilict/share/BigOil/document_generator/datasets/documents_2021_12_28/11anp_20211228_163936_3820803082_600_800.png,11anp_20211228_163936_3820803082_600_800_mask.png,recursos
15,3,30,6,235,178,265,184,235,178,265,178,265,184,235,184,sub_line_text,table_text,table_0,courier,italic,7.0,11anp_20211228_163936_3820803082_600_800.png,/scratch/parceirosbr/bigoilict/share/BigOil/document_generator/datasets/documents_2021_12_28/11anp_20211228_163936_3820803082_600_800.png,11anp_20211228_163936_3820803082_600_800_mask.png,recursos
11,3,23,6,238,187,261,193,238,187,261,187,261,193,238,193,text,table_text,table_0,courier,italic,7.0,11anp_20211228_163936_3820803082_600_800.png,/scratch/parceirosbr/bigoilict/share/BigOil/document_generator/datasets/documents_2021_12_28/11anp_20211228_163936_3820803082_600_800.png,11anp_20211228_163936_3820803082_600_800_mask.png,quanto
11,3,23,6,238,187,261,193,238,187,261,187,261,193,238,193,sub_line_text,table_text,table_0,courier,italic,7.0,11anp_20211228_163936_3820803082_600_800.png,/scratch/parceirosbr/bigoilict/share/BigOil/document_generator/datasets/documents_2021_12_28/11anp_20211228_163936_3820803082_600_800.png,11anp_20211228_163936_3820803082_600_800_mask.png,quanto
11,3,22,6,239,197,261,203,239,197,261,197,261,203,239,203,text,table_text,table_0,courier,italic,7.0,11anp_20211228_163936_3820803082_600_800.png,/scratch/parceirosbr/bigoilict/share/BigOil/document_generator/datasets/documents_2021_12_28/11anp_20211228_163936_3820803082_600_800.png,11anp_20211228_163936_3820803082_600_800_mask.png,muitas
11,3,22,6,239,197,261,203,239,197,261,197,261,203,239,203,sub_line_text,table_text,table_0,courier,italic,7.0,11anp_20211228_163936_3820803082_600_800.png,/scratch/parceirosbr/bigoilict/share/BigOil/document_generator/datasets/documents_2021_12_28/11anp_20211228_163936_3820803082_600_800.png,11anp_20211228_163936_3820803082_600_800_mask.png,muitas
10,3,20,6,240,206,260,212,240,206,260,206,260,212,240,212,text,table_text,table_0,courier,italic,7.0,11anp_20211228_163936_3820803082_600_800.png,/scratch/parceirosbr/bigoilict/share/BigOil/document_generator/datasets/documents_2021_12_28/11anp_20211228_163936_3820803082_600_800.png,11anp_20211228_163936_3820803082_600_800_mask.png,sobre
10,3,20,6,240,206,260,212,240,206,260,206,260,212,240,212,sub_line_text,table_text,table_0,courier,italic,7.0,11anp_20211228_163936_3820803082_600_800.png,/scratch/parceirosbr/bigoilict/share/BigOil/document_generator/datasets/documents_2021_12_28/11anp_20211228_163936_3820803082_600_800.png,11anp_20211228_163936_3820803082_600_800_mask.png,sobre
15,3,31,6,234,216,265,222,234,216,265,216,265,222,234,222,text,table_text,table_0,courier,italic,7.0,11anp_20211228_163936_3820803082_600_800.png,/scratch/parceirosbr/bigoilict/share/BigOil/document_generator/datasets/documents_2021_12_28/11anp_20211228_163936_3820803082_600_800.png,11anp_20211228_163936_3820803082_600_800_mask.png,formação
15,3,31,6,234,216,265,222,234,216,265,216,265,222,234,222,sub_line_text,table_text,table_0,courier,italic,7.0,11anp_20211228_163936_3820803082_600_800.png,/scratch/parceirosbr/bigoilict/share/BigOil/document_generator/datasets/documents_2021_12_28/11anp_20211228_163936_3820803082_600_800.png,11anp_20211228_163936_3820803082_600_800_mask.png,formação
11,3,23,6,238,226,261,232,238,226,261,226,261,232,238,232,text,table_text,table_0,courier,italic,7.0,11anp_20211228_163936_3820803082_600_800.png,/scratch/parceirosbr/bigoilict/share/BigOil/document_generator/datasets/documents_2021_12_28/11anp_20211228_163936_3820803082_600_800.png,11anp_20211228_163936_3820803082_600_800_mask.png,tratam
11,3,23,6,238,226,261,232,238,226,261,226,261,232,238,232,sub_line_text,table_text,table_0,courier,italic,7.0,11anp_20211228_163936_3820803082_600_800.png,/scratch/parceirosbr/bigoilict/share/BigOil/document_generator/datasets/documents_2021_12_28/11anp_20211228_163936_3820803082_600_800.png,11anp_20211228_163936_3820803082_600_800_mask.png,tratam
3,3,7,6,246,235,253,241,246,235,253,235,253,241,246,241,text,table_text,table_0,courier,italic,7.0,11anp_20211228_163936_3820803082_600_800.png,/scratch/parceirosbr/bigoilict/share/BigOil/document_generator/datasets/documents_2021_12_28/11anp_20211228_163936_3820803082_600_800.png,11anp_20211228_163936_3820803082_600_800_mask.png,na
3,3,7,6,246,235,253,241,246,235,253,235,253,241,246,241,sub_line_text,table_text,table_0,courier,italic,7.0,11anp_20211228_163936_3820803082_600_800.png,/scratch/parceirosbr/bigoilict/share/BigOil/document_generator/datasets/documents_2021_12_28/11anp_20211228_163936_3820803082_600_800.png,11anp_20211228_163936_3820803082_600_800_mask.png,na
6,3,12,6,244,245,256,251,244,245,256,245,256,251,244,251,text,table_text,table_0,courier,italic,7.0,11anp_20211228_163936_3820803082_600_800.png,/scratch/parceirosbr/bigoilict/share/BigOil/document_generator/datasets/documents_2021_12_28/11anp_20211228_163936_3820803082_600_800.png,11anp_20211228_163936_3820803082_600_800_mask.png,vem
6,3,12,6,244,245,256,251,244,245,256,245,256,251,244,251,sub_line_text,table_text,table_0,courier,italic,7.0,11anp_20211228_163936_3820803082_600_800.png,/scratch/parceirosbr/bigoilict/share/BigOil/document_generator/datasets/documents_2021_12_28/11anp_20211228_163936_3820803082_600_800.png,11anp_20211228_163936_3820803082_600_800_mask.png,vem
10,3,20,6,240,254,260,260,240,254,260,254,260,260,240,260,text,table_text,table_0,courier,italic,7.0,11anp_20211228_163936_3820803082_600_800.png,/scratch/parceirosbr/bigoilict/share/BigOil/document_generator/datasets/documents_2021_12_28/11anp_20211228_163936_3820803082_600_800.png,11anp_20211228_163936_3820803082_600_800_mask.png,comum
10,3,20,6,240,254,260,260,240,254,260,254,260,260,240,260,sub_line_text,table_text,table_0,courier,italic,7.0,11anp_20211228_163936_3820803082_600_800.png,/scratch/parceirosbr/bigoilict/share/BigOil/document_generator/datasets/documents_2021_12_28/11anp_20211228_163936_3820803082_600_800.png,11anp_20211228_163936_3820803082_600_800_mask.png,comum
4,3,8,6,306,158,314,164,306,158,314,158,314,164,306,164,text,table_text,table_0,courier,italic,7.0,11anp_20211228_163936_3820803082_600_800.png,/scratch/parceirosbr/bigoilict/share/BigOil/document_generator/datasets/documents_2021_12_28/11anp_20211228_163936_3820803082_600_800.png,11anp_20211228_163936_3820803082_600_800_mask.png,do
4,3,8,6,306,158,314,164,306,158,314,158,314,164,306,164,sub_line_text,table_text,table_0,courier,italic,7.0,11anp_20211228_163936_3820803082_600_800.png,/scratch/parceirosbr/bigoilict/share/BigOil/document_generator/datasets/documents_2021_12_28/11anp_20211228_163936_3820803082_600_800.png,11anp_20211228_163936_3820803082_600_800_mask.png,do
13,3,27,6,296,168,323,174,296,168,323,168,323,174,296,174,text,table_text,table_0,courier,italic,7.0,11anp_20211228_163936_3820803082_600_800.png,/scratch/parceirosbr/bigoilict/share/BigOil/document_generator/datasets/documents_2021_12_28/11anp_20211228_163936_3820803082_600_800.png,11anp_20211228_163936_3820803082_600_800_mask.png,reunião
13,3,27,6,296,168,323,174,296,168,323,168,323,174,296,174,sub_line_text,table_text,table_0,courier,italic,7.0,11anp_20211228_163936_3820803082_600_800.png,/scratch/parceirosbr/bigoilict/share/BigOil/document_generator/datasets/documents_2021_12_28/11anp_20211228_163936_3820803082_600_800.png,11anp_20211228_163936_3820803082_600_800_mask.png,reunião
17,3,35,6,292,178,327,184,292,178,327,178,327,184,292,184,text,table_text,table_0,courier,italic,7.0,11anp_20211228_163936_3820803082_600_800.png,/scratch/parceirosbr/bigoilict/share/BigOil/document_generator/datasets/documents_2021_12_28/11anp_20211228_163936_3820803082_600_800.png,11anp_20211228_163936_3820803082_600_800_mask.png,realizado
17,3,35,6,292,178,327,184,292,178,327,178,327,184,292,184,sub_line_text,table_text,table_0,courier,italic,7.0,11anp_20211228_163936_3820803082_600_800.png,/scratch/parceirosbr/bigoilict/share/BigOil/document_generator/datasets/documents_2021_12_28/11anp_20211228_163936_3820803082_600_800.png,11anp_20211228_163936_3820803082_600_800_mask.png,realizado
13,3,27,6,296,187,323,193,296,187,323,187,323,193,296,193,text,table_text,table_0,courier,italic,7.0,11anp_20211228_163936_3820803082_600_800.png,/scratch/parceirosbr/bigoilict/share/BigOil/document_generator/datasets/documents_2021_12_28/11anp_20211228_163936_3820803082_600_800.png,11anp_20211228_163936_3820803082_600_800_mask.png,relação
13,3,27,6,296,187,323,193,296,187,323,187,323,193,296,193,sub_line_text,table_text,table_0,courier,italic,7.0,11anp_20211228_163936_3820803082_600_800.png,/scratch/parceirosbr/bigoilict/share/BigOil/document_generator/datasets/documents_2021_12_28/11anp_20211228_163936_3820803082_600_800.png,11anp_20211228_163936_3820803082_600_800_mask.png,relação
11,3,22,6,299,197,321,203,299,197,321,197,321,203,299,203,text,table_text,table_0,courier,italic,7.0,11anp_20211228_163936_3820803082_600_800.png,/scratch/parceirosbr/bigoilict/share/BigOil/document_generator/datasets/documents_2021_12_28/11anp_20211228_163936_3820803082_600_800.png,11anp_20211228_163936_3820803082_600_800_mask.png,global
11,3,22,6,299,197,321,203,299,197,321,197,321,203,299,203,sub_line_text,table_text,table_0,courier,italic,7.0,11anp_20211228_163936_3820803082_600_800.png,/scratch/parceirosbr/bigoilict/share/BigOil/document_generator/datasets/documents_2021_12_28/11anp_20211228_163936_3820803082_600_800.png,11anp_20211228_163936_3820803082_600_800_mask.png,global
8,3,16,6,302,206,318,212,302,206,318,206,318,212,302,212,text,table_text,table_0,courier,italic,7.0,11anp_20211228_163936_3820803082_600_800.png,/scratch/parceirosbr/bigoilict/share/BigOil/document_generator/datasets/documents_2021_12_28/11anp_20211228_163936_3820803082_600_800.png,11anp_20211228_163936_3820803082_600_800_mask.png,Como
8,3,16,6,302,206,318,212,302,206,318,206,318,212,302,212,sub_line_text,table_text,table_0,courier,italic,7.0,11anp_20211228_163936_3820803082_600_800.png,/scratch/parceirosbr/bigoilict/share/BigOil/document_generator/datasets/documents_2021_12_28/11anp_20211228_163936_3820803082_600_800.png,11anp_20211228_163936_3820803082_600_800_mask.png,Como
31,3,62,6,279,216,341,222,279,216,341,216,341,222,279,222,text,table_text,table_0,courier,italic,7.0,11anp_20211228_163936_3820803082_600_800.png,/scratch/parceirosbr/bigoilict/share/BigOil/document_generator/datasets/documents_2021_12_28/11anp_20211228_163936_3820803082_600_800.png,11anp_20211228_163936_3820803082_600_800_mask.png,consequentemente
31,3,62,6,279,216,341,222,279,216,341,216,341,222,279,222,sub_line_text,table_text,table_0,courier,italic,7.0,11anp_20211228_163936_3820803082_600_800.png,/scratch/parceirosbr/bigoilict/share/BigOil/document_generator/datasets/documents_2021_12_28/11anp_20211228_163936_3820803082_600_800.png,11anp_20211228_163936_3820803082_600_800_mask.png,consequentemente
6,3,12,6,304,226,316,232,304,226,316,226,316,232,304,232,text,table_text,table_0,courier,italic,7.0,11anp_20211228_163936_3820803082_600_800.png,/scratch/parceirosbr/bigoilict/share/BigOil/document_generator/datasets/documents_2021_12_28/11anp_20211228_163936_3820803082_600_800.png,11anp_20211228_163936_3820803082_600_800_mask.png,são
6,3,12,6,304,226,316,232,304,226,316,226,316,232,304,232,sub_line_text,table_text,table_0,courier,italic,7.0,11anp_20211228_163936_3820803082_600_800.png,/scratch/parceirosbr/bigoilict/share/BigOil/document_generator/datasets/documents_2021_12_28/11anp_20211228_163936_3820803082_600_800.png,11anp_20211228_163936_3820803082_600_800_mask.png,são
21,3,42,6,289,235,331,241,289,235,331,235,331,241,289,241,text,table_text,table_0,courier,italic,7.0,11anp_20211228_163936_3820803082_600_800.png,/scratch/parceirosbr/bigoilict/share/BigOil/document_generator/datasets/documents_2021_12_28/11anp_20211228_163936_3820803082_600_800.png,11anp_20211228_163936_3820803082_600_800_mask.png,componentes
21,3,42,6,289,235,331,241,289,235,331,235,331,241,289,241,sub_line_text,table_text,table_0,courier,italic,7.0,11anp_20211228_163936_3820803082_600_800.png,/scratch/parceirosbr/bigoilict/share/BigOil/document_generator/datasets/documents_2021_12_28/11anp_20211228_163936_3820803082_600_800.png,11anp_20211228_163936_3820803082_600_800_mask.png,componentes
5,3,11,6,305,245,316,251,305,245,316,245,316,251,305,251,text,table_text,table_0,courier,italic,7.0,11anp_20211228_163936_3820803082_600_800.png,/scratch/parceirosbr/bigoilict/share/BigOil/document_generator/datasets/documents_2021_12_28/11anp_20211228_163936_3820803082_600_800.png,11anp_20211228_163936_3820803082_600_800_mask.png,dos
5,3,11,6,305,245,316,251,305,245,316,245,316,251,305,251,sub_line_text,table_text,table_0,courier,italic,7.0,11anp_20211228_163936_3820803082_600_800.png,/scratch/parceirosbr/bigoilict/share/BigOil/document_generator/datasets/documents_2021_12_28/11anp_20211228_163936_3820803082_600_800.png,11anp_20211228_163936_3820803082_600_800_mask.png,dos
25,3,50,6,285,254,335,260,285,254,335,254,335,260,285,260,text,table_text,table_0,courier,italic,7.0,11anp_20211228_163936_3820803082_600_800.png,/scratch/parceirosbr/bigoilict/share/BigOil/document_generator/datasets/documents_2021_12_28/11anp_20211228_163936_3820803082_600_800.png,11anp_20211228_163936_3820803082_600_800_mask.png,monitoramento
25,3,50,6,285,254,335,260,285,254,335,254,335,260,285,260,sub_line_text,table_text,table_0,courier,italic,7.0,11anp_20211228_163936_3820803082_600_800.png,/scratch/parceirosbr/bigoilict/share/BigOil/document_generator/datasets/documents_2021_12_28/11anp_20211228_163936_3820803082_600_800.png,11anp_20211228_163936_3820803082_600_800_mask.png,monitoramento
2,3,4,6,356,158,360,164,356,158,360,158,360,164,356,164,text,table_text,table_0,courier,italic,7.0,11anp_20211228_163936_3820803082_600_800.png,/scratch/parceirosbr/bigoilict/share/BigOil/document_generator/datasets/documents_2021_12_28/11anp_20211228_163936_3820803082_600_800.png,11anp_20211228_163936_3820803082_600_800_mask.png,e
2,3,4,6,356,158,360,164,356,158,360,158,360,164,356,164,sub_line_text,table_text,table_0,courier,italic,7.0,11anp_20211228_163936_3820803082_600_800.png,/scratch/parceirosbr/bigoilict/share/BigOil/document_generator/datasets/documents_2021_12_28/11anp_20211228_163936_3820803082_600_800.png,11anp_20211228_163936_3820803082_600_800_mask.png,e
4,3,8,6,354,168,362,174,354,168,362,168,362,174,354,174,text,table_text,table_0,courier,italic,7.0,11anp_20211228_163936_3820803082_600_800.png,/scratch/parceirosbr/bigoilict/share/BigOil/document_generator/datasets/documents_2021_12_28/11anp_20211228_163936_3820803082_600_800.png,11anp_20211228_163936_3820803082_600_800_mask.png,no
4,3,8,6,354,168,362,174,354,168,362,168,362,174,354,174,sub_line_text,table_text,table_0,courier,italic,7.0,11anp_20211228_163936_3820803082_600_800.png,/scratch/parceirosbr/bigoilict/share/BigOil/document_generator/datasets/documents_2021_12_28/11anp_20211228_163936_3820803082_600_800.png,11anp_20211228_163936_3820803082_600_800_mask.png,no
3,3,7,6,354,178,361,184,354,178,361,178,361,184,354,184,text,table_text,table_0,courier,italic,7.0,11anp_20211228_163936_3820803082_600_800.png,/scratch/parceirosbr/bigoilict/share/BigOil/document_generator/datasets/documents_2021_12_28/11anp_20211228_163936_3820803082_600_800.png,11anp_20211228_163936_3820803082_600_800_mask.png,já
3,3,7,6,354,178,361,184,354,178,361,178,361,184,354,184,sub_line_text,table_text,table_0,courier,italic,7.0,11anp_20211228_163936_3820803082_600_800.png,/scratch/parceirosbr/bigoilict/share/BigOil/document_generator/datasets/documents_2021_12_28/11anp_20211228_163936_3820803082_600_800.png,11anp_20211228_163936_3820803082_600_800_mask.png,já
3,3,7,6,354,187,361,193,354,187,361,187,361,193,354,193,text,table_text,table_0,courier,italic,7.0,11anp_20211228_163936_3820803082_600_800.png,/scratch/parceirosbr/bigoilict/share/BigOil/document_generator/datasets/documents_2021_12_28/11anp_20211228_163936_3820803082_600_800.png,11anp_20211228_163936_3820803082_600_800_mask.png,já
3,3,7,6,354,187,361,193,354,187,361,187,361,193,354,193,sub_line_text,table_text,table_0,courier,italic,7.0,11anp_20211228_163936_3820803082_600_800.png,/scratch/parceirosbr/bigoilict/share/BigOil/document_generator/datasets/documents_2021_12_28/11anp_20211228_163936_3820803082_600_800.png,11anp_20211228_163936_3820803082_600_800_mask.png,já
3,3,7,6,354,197,361,203,354,197,361,197,361,203,354,203,text,table_text,table_0,courier,italic,7.0,11anp_20211228_163936_3820803082_600_800.png,/scratch/parceirosbr/bigoilict/share/BigOil/document_generator/datasets/documents_2021_12_28/11anp_20211228_163936_3820803082_600_800.png,11anp_20211228_163936_3820803082_600_800_mask.png,os
3,3,7,6,354,197,361,203,354,197,361,197,361,203,354,203,sub_line_text,table_text,table_0,courier,italic,7.0,11anp_20211228_163936_3820803082_600_800.png,/scratch/parceirosbr/bigoilict/share/BigOil/document_generator/datasets/documents_2021_12_28/11anp_20211228_163936_3820803082_600_800.png,11anp_20211228_163936_3820803082_600_800_mask.png,os
3,3,7,6,354,206,361,212,354,206,361,206,361,212,354,212,text,table_text,table_0,courier,italic,7.0,11anp_20211228_163936_3820803082_600_800.png,/scratch/parceirosbr/bigoilict/share/BigOil/document_generator/datasets/documents_2021_12_28/11anp_20211228_163936_3820803082_600_800.png,11anp_20211228_163936_3820803082_600_800_mask.png,já
3,3,7,6,354,206,361,212,354,206,361,206,361,212,354,212,sub_line_text,table_text,table_0,courier,italic,7.0,11anp_20211228_163936_3820803082_600_800.png,/scratch/parceirosbr/bigoilict/share/BigOil/document_generator/datasets/documents_2021_12_28/11anp_20211228_163936_3820803082_600_800.png,11anp_20211228_163936_3820803082_600_800_mask.png,já
5,3,11,6,352,216,363,222,352,216,363,216,363,222,352,222,text,table_text,table_0,courier,italic,7.0,11anp_20211228_163936_3820803082_600_800.png,/scratch/parceirosbr/bigoilict/share/BigOil/document_generator/datasets/documents_2021_12_28/11anp_20211228_163936_3820803082_600_800.png,11anp_20211228_163936_3820803082_600_800_mask.png,uma
5,3,11,6,352,216,363,222,352,216,363,216,363,222,352,222,sub_line_text,table_text,table_0,courier,italic,7.0,11anp_20211228_163936_3820803082_600_800.png,/scratch/parceirosbr/bigoilict/share/BigOil/document_generator/datasets/documents_2021_12_28/11anp_20211228_163936_3820803082_600_800.png,11anp_20211228_163936_3820803082_600_800_mask.png,uma
4,3,8,6,354,226,362,232,354,226,362,226,362,232,354,232,text,table_text,table_0,courier,italic,7.0,11anp_20211228_163936_3820803082_600_800.png,/scratch/parceirosbr/bigoilict/share/BigOil/document_generator/datasets/documents_2021_12_28/11anp_20211228_163936_3820803082_600_800.png,11anp_20211228_163936_3820803082_600_800_mask.png,ar
4,3,8,6,354,226,362,232,354,226,362,226,362,232,354,232,sub_line_text,table_text,table_0,courier,italic,7.0,11anp_20211228_163936_3820803082_600_800.png,/scratch/parceirosbr/bigoilict/share/BigOil/document_generator/datasets/documents_2021_12_28/11anp_20211228_163936_3820803082_600_800.png,11anp_20211228_163936_3820803082_600_800_mask.png,ar
5,3,11,6,352,235,363,241,352,235,363,235,363,241,352,241,text,table_text,table_0,courier,italic,7.0,11anp_20211228_163936_3820803082_600_800.png,/scratch/parceirosbr/bigoilict/share/BigOil/document_generator/datasets/documents_2021_12_28/11anp_20211228_163936_3820803082_600_800.png,11anp_20211228_163936_3820803082_600_800_mask.png,uma
5,3,11,6,352,235,363,241,352,235,363,235,363,241,352,241,sub_line_text,table_text,table_0,courier,italic,7.0,11anp_20211228_163936_3820803082_600_800.png,/scratch/parceirosbr/bigoilict/share/BigOil/document_generator/datasets/documents_2021_12_28/11anp_20211228_163936_3820803082_600_800.png,11anp_20211228_163936_3820803082_600_800_mask.png,uma
5,3,11,6,352,245,363,251,352,245,363,245,363,251,352,251,text,table_text,table_0,courier,italic,7.0,11anp_20211228_163936_3820803082_600_800.png,/scratch/parceirosbr/bigoilict/share/BigOil/document_generator/datasets/documents_2021_12_28/11anp_20211228_163936_3820803082_600_800.png,11anp_20211228_163936_3820803082_600_800_mask.png,uma
5,3,11,6,352,245,363,251,352,245,363,245,363,251,352,251,sub_line_text,table_text,table_0,courier,italic,7.0,11anp_20211228_163936_3820803082_600_800.png,/scratch/parceirosbr/bigoilict/share/BigOil/document_generator/datasets/documents_2021_12_28/11anp_20211228_163936_3820803082_600_800.png,11anp_20211228_163936_3820803082_600_800_mask.png,uma
6,3,12,6,352,254,364,260,352,254,364,254,364,260,352,260,text,table_text,table_0,courier,italic,7.0,11anp_20211228_163936_3820803082_600_800.png,/scratch/parceirosbr/bigoilict/share/BigOil/document_generator/datasets/documents_2021_12_28/11anp_20211228_163936_3820803082_600_800.png,11anp_20211228_163936_3820803082_600_800_mask.png,são
6,3,12,6,352,254,364,260,352,254,364,254,364,260,352,260,sub_line_text,table_text,table_0,courier,italic,7.0,11anp_20211228_163936_3820803082_600_800.png,/scratch/parceirosbr/bigoilict/share/BigOil/document_generator/datasets/documents_2021_12_28/11anp_20211228_163936_3820803082_600_800.png,11anp_20211228_163936_3820803082_600_800_mask.png,são
13,3,27,6,387,158,414,164,387,158,414,158,414,164,387,164,text,table_text,table_0,courier,italic,7.0,11anp_20211228_163936_3820803082_600_800.png,/scratch/parceirosbr/bigoilict/share/BigOil/document_generator/datasets/documents_2021_12_28/11anp_20211228_163936_3820803082_600_800.png,11anp_20211228_163936_3820803082_600_800_mask.png,sentido
13,3,27,6,387,158,414,164,387,158,414,158,414,164,387,164,sub_line_text,table_text,table_0,courier,italic,7.0,11anp_20211228_163936_3820803082_600_800.png,/scratch/parceirosbr/bigoilict/share/BigOil/document_generator/datasets/documents_2021_12_28/11anp_20211228_163936_3820803082_600_800.png,11anp_20211228_163936_3820803082_600_800_mask.png,sentido
7,3,15,6,394,168,409,174,394,168,409,168,409,174,394,174,text,table_text,table_0,courier,italic,7.0,11anp_20211228_163936_3820803082_600_800.png,/scratch/parceirosbr/bigoilict/share/BigOil/document_generator/datasets/documents_2021_12_28/11anp_20211228_163936_3820803082_600_800.png,11anp_20211228_163936_3820803082_600_800_mask.png,grau
7,3,15,6,394,168,409,174,394,168,409,168,409,174,394,174,sub_line_text,table_text,table_0,courier,italic,7.0,11anp_20211228_163936_3820803082_600_800.png,/scratch/parceirosbr/bigoilict/share/BigOil/document_generator/datasets/documents_2021_12_28/11anp_20211228_163936_3820803082_600_800.png,11anp_20211228_163936_3820803082_600_800_mask.png,grau
13,3,27,6,387,178,414,184,387,178,414,178,414,184,387,184,text,table_text,table_0,courier,italic,7.0,11anp_20211228_163936_3820803082_600_800.png,/scratch/parceirosbr/bigoilict/share/BigOil/document_generator/datasets/documents_2021_12_28/11anp_20211228_163936_3820803082_600_800.png,11anp_20211228_163936_3820803082_600_800_mask.png,reunião
13,3,27,6,387,178,414,184,387,178,414,178,414,184,387,184,sub_line_text,table_text,table_0,courier,italic,7.0,11anp_20211228_163936_3820803082_600_800.png,/scratch/parceirosbr/bigoilict/share/BigOil/document_generator/datasets/documents_2021_12_28/11anp_20211228_163936_3820803082_600_800.png,11anp_20211228_163936_3820803082_600_800_mask.png,reunião
15,3,30,6,386,187,416,193,386,187,416,187,416,193,386,193,text,table_text,table_0,courier,italic,7.0,11anp_20211228_163936_3820803082_600_800.png,/scratch/parceirosbr/bigoilict/share/BigOil/document_generator/datasets/documents_2021_12_28/11anp_20211228_163936_3820803082_600_800.png,11anp_20211228_163936_3820803082_600_800_mask.png,diversas
15,3,30,6,386,187,416,193,386,187,416,187,416,193,386,193,sub_line_text,table_text,table_0,courier,italic,7.0,11anp_20211228_163936_3820803082_600_800.png,/scratch/parceirosbr/bigoilict/share/BigOil/document_generator/datasets/documents_2021_12_28/11anp_20211228_163936_3820803082_600_800.png,11anp_20211228_163936_3820803082_600_800_mask.png,diversas
15,3,31,6,385,197,416,203,385,197,416,197,416,203,385,203,text,table_text,table_0,courier,italic,7.0,11anp_20211228_163936_3820803082_600_800.png,/scratch/parceirosbr/bigoilict/share/BigOil/document_generator/datasets/documents_2021_12_28/11anp_20211228_163936_3820803082_600_800.png,11anp_20211228_163936_3820803082_600_800_mask.png,trabalho
15,3,31,6,385,197,416,203,385,197,416,197,416,203,385,203,sub_line_text,table_text,table_0,courier,italic,7.0,11anp_20211228_163936_3820803082_600_800.png,/scratch/parceirosbr/bigoilict/share/BigOil/document_generator/datasets/documents_2021_12_28/11anp_20211228_163936_3820803082_600_800.png,11anp_20211228_163936_3820803082_600_800_mask.png,trabalho
6,3,12,6,395,206,407,212,395,206,407,206,407,212,395,212,text,table_text,table_0,courier,italic,7.0,11anp_20211228_163936_3820803082_600_800.png,/scratch/parceirosbr/bigoilict/share/BigOil/document_generator/datasets/documents_2021_12_28/11anp_20211228_163936_3820803082_600_800.png,11anp_20211228_163936_3820803082_600_800_mask.png,ser
6,3,12,6,395,206,407,212,395,206,407,206,407,212,395,212,sub_line_text,table_text,table_0,courier,italic,7.0,11anp_20211228_163936_3820803082_600_800.png,/scratch/parceirosbr/bigoilict/share/BigOil/document_generator/datasets/documents_2021_12_28/11anp_20211228_163936_3820803082_600_800.png,11anp_20211228_163936_3820803082_600_800_mask.png,ser
21,3,43,6,379,216,422,222,379,216,422,216,422,222,379,222,text,table_text,table_0,courier,italic,7.0,11anp_20211228_163936_3820803082_600_800.png,/scratch/parceirosbr/bigoilict/share/BigOil/document_generator/datasets/documents_2021_12_28/11anp_20211228_163936_3820803082_600_800.png,11anp_20211228_163936_3820803082_600_800_mask.png,publicações
21,3,43,6,379,216,422,222,379,216,422,216,422,222,379,222,sub_line_text,table_text,table_0,courier,italic,7.0,11anp_20211228_163936_3820803082_600_800.png,/scratch/parceirosbr/bigoilict/share/BigOil/document_generator/datasets/documents_2021_12_28/11anp_20211228_163936_3820803082_600_800.png,11anp_20211228_163936_3820803082_600_800_mask.png,publicações
10,3,20,6,391,226,411,232,391,226,411,226,411,232,391,232,text,table_text,table_0,courier,italic,7.0,11anp_20211228_163936_3820803082_600_800.png,/scratch/parceirosbr/bigoilict/share/BigOil/document_generator/datasets/documents_2021_12_28/11anp_20211228_163936_3820803082_600_800.png,11anp_20211228_163936_3820803082_600_800_mask.png,spray
10,3,20,6,391,226,411,232,391,226,411,226,411,232,391,232,sub_line_text,table_text,table_0,courier,italic,7.0,11anp_20211228_163936_3820803082_600_800.png,/scratch/parceirosbr/bigoilict/share/BigOil/document_generator/datasets/documents_2021_12_28/11anp_20211228_163936_3820803082_600_800.png,11anp_20211228_163936_3820803082_600_800_mask.png,spray
28,3,57,6,373,235,430,241,373,235,430,235,430,241,373,241,text,table_text,table_0,courier,italic,7.0,11anp_20211228_163936_3820803082_600_800.png,/scratch/parceirosbr/bigoilict/share/BigOil/document_generator/datasets/documents_2021_12_28/11anp_20211228_163936_3820803082_600_800.png,11anp_20211228_163936_3820803082_600_800_mask.png,características
28,3,57,6,373,235,430,241,373,235,430,235,430,241,373,241,sub_line_text,table_text,table_0,courier,italic,7.0,11anp_20211228_163936_3820803082_600_800.png,/scratch/parceirosbr/bigoilict/share/BigOil/document_generator/datasets/documents_2021_12_28/11anp_20211228_163936_3820803082_600_800.png,11anp_20211228_163936_3820803082_600_800_mask.png,características
11,3,22,6,390,245,412,251,390,245,412,245,412,251,390,251,text,table_text,table_0,courier,italic,7.0,11anp_20211228_163936_3820803082_600_800.png,/scratch/parceirosbr/bigoilict/share/BigOil/document_generator/datasets/documents_2021_12_28/11anp_20211228_163936_3820803082_600_800.png,11anp_20211228_163936_3820803082_600_800_mask.png,queima
11,3,22,6,390,245,412,251,390,245,412,245,412,251,390,251,sub_line_text,table_text,table_0,courier,italic,7.0,11anp_20211228_163936_3820803082_600_800.png,/scratch/parceirosbr/bigoilict/share/BigOil/document_generator/datasets/documents_2021_12_28/11anp_20211228_163936_3820803082_600_800.png,11anp_20211228_163936_3820803082_600_800_mask.png,queima
11,3,22,6,390,254,412,260,390,254,412,254,412,260,390,260,text,table_text,table_0,courier,italic,7.0,11anp_20211228_163936_3820803082_600_800.png,/scratch/parceirosbr/bigoilict/share/BigOil/document_generator/datasets/documents_2021_12_28/11anp_20211228_163936_3820803082_600_800.png,11anp_20211228_163936_3820803082_600_800_mask.png,termos
11,3,22,6,390,254,412,260,390,254,412,254,412,260,390,260,sub_line_text,table_text,table_0,courier,italic,7.0,11anp_20211228_163936_3820803082_600_800.png,/scratch/parceirosbr/bigoilict/share/BigOil/document_generator/datasets/documents_2021_12_28/11anp_20211228_163936_3820803082_600_800.png,11anp_20211228_163936_3820803082_600_800_mask.png,termos
26,3,53,6,454,158,507,164,454,158,507,158,507,164,454,164,text,table_text,table_0,courier,italic,7.0,11anp_20211228_163936_3820803082_600_800.png,/scratch/parceirosbr/bigoilict/share/BigOil/document_generator/datasets/documents_2021_12_28/11anp_20211228_163936_3820803082_600_800.png,11anp_20211228_163936_3820803082_600_800_mask.png,infraestrutura
26,3,53,6,454,158,507,164,454,158,507,158,507,164,454,164,sub_line_text,table_text,table_0,courier,italic,7.0,11anp_20211228_163936_3820803082_600_800.png,/scratch/parceirosbr/bigoilict/share/BigOil/document_generator/datasets/documents_2021_12_28/11anp_20211228_163936_3820803082_600_800.png,11anp_20211228_163936_3820803082_600_800_mask.png,infraestrutura
17,3,35,6,472,168,507,174,472,168,507,168,507,174,472,174,text,table_text,table_0,courier,italic,7.0,11anp_20211228_163936_3820803082_600_800.png,/scratch/parceirosbr/bigoilict/share/BigOil/document_generator/datasets/documents_2021_12_28/11anp_20211228_163936_3820803082_600_800.png,11anp_20211228_163936_3820803082_600_800_mask.png,982559869
17,3,35,6,472,168,507,174,472,168,507,168,507,174,472,174,sub_line_text,table_text,table_0,courier,italic,7.0,11anp_20211228_163936_3820803082_600_800.png,/scratch/parceirosbr/bigoilict/share/BigOil/document_generator/datasets/documents_2021_12_28/11anp_20211228_163936_3820803082_600_800.png,11anp_20211228_163936_3820803082_600_800_mask.png,982559869
17,3,35,6,472,178,507,184,472,178,507,178,507,184,472,184,text,table_text,table_0,courier,italic,7.0,11anp_20211228_163936_3820803082_600_800.png,/scratch/parceirosbr/bigoilict/share/BigOil/document_generator/datasets/documents_2021_12_28/11anp_20211228_163936_3820803082_600_800.png,11anp_20211228_163936_3820803082_600_800_mask.png,187465023
17,3,35,6,472,178,507,184,472,178,507,178,507,184,472,184,sub_line_text,table_text,table_0,courier,italic,7.0,11anp_20211228_163936_3820803082_600_800.png,/scratch/parceirosbr/bigoilict/share/BigOil/document_generator/datasets/documents_2021_12_28/11anp_20211228_163936_3820803082_600_800.png,11anp_20211228_163936_3820803082_600_800_mask.png,187465023
21,3,43,6,465,187,508,193,465,187,508,187,508,193,465,193,text,table_text,table_0,courier,italic,7.0,11anp_20211228_163936_3820803082_600_800.png,/scratch/parceirosbr/bigoilict/share/BigOil/document_generator/datasets/documents_2021_12_28/11anp_20211228_163936_3820803082_600_800.png,11anp_20211228_163936_3820803082_600_800_mask.png,93005636125
21,3,43,6,465,187,508,193,465,187,508,187,508,193,465,193,sub_line_text,table_text,table_0,courier,italic,7.0,11anp_20211228_163936_3820803082_600_800.png,/scratch/parceirosbr/bigoilict/share/BigOil/document_generator/datasets/documents_2021_12_28/11anp_20211228_163936_3820803082_600_800.png,11anp_20211228_163936_3820803082_600_800_mask.png,93005636125
19,3,39,6,469,197,508,203,469,197,508,197,508,203,469,203,text,table_text,table_0,courier,italic,7.0,11anp_20211228_163936_3820803082_600_800.png,/scratch/parceirosbr/bigoilict/share/BigOil/document_generator/datasets/documents_2021_12_28/11anp_20211228_163936_3820803082_600_800.png,11anp_20211228_163936_3820803082_600_800_mask.png,8346774269
19,3,39,6,469,197,508,203,469,197,508,197,508,203,469,203,sub_line_text,table_text,table_0,courier,italic,7.0,11anp_20211228_163936_3820803082_600_800.png,/scratch/parceirosbr/bigoilict/share/BigOil/document_generator/datasets/documents_2021_12_28/11anp_20211228_163936_3820803082_600_800.png,11anp_20211228_163936_3820803082_600_800_mask.png,8346774269
17,3,35,6,472,206,507,212,472,206,507,206,507,212,472,212,text,table_text,table_0,courier,italic,7.0,11anp_20211228_163936_3820803082_600_800.png,/scratch/parceirosbr/bigoilict/share/BigOil/document_generator/datasets/documents_2021_12_28/11anp_20211228_163936_3820803082_600_800.png,11anp_20211228_163936_3820803082_600_800_mask.png,906668165
17,3,35,6,472,206,507,212,472,206,507,206,507,212,472,212,sub_line_text,table_text,table_0,courier,italic,7.0,11anp_20211228_163936_3820803082_600_800.png,/scratch/parceirosbr/bigoilict/share/BigOil/document_generator/datasets/documents_2021_12_28/11anp_20211228_163936_3820803082_600_800.png,11anp_20211228_163936_3820803082_600_800_mask.png,906668165
21,3,42,6,466,216,508,222,466,216,508,216,508,222,466,222,text,table_text,table_0,courier,italic,7.0,11anp_20211228_163936_3820803082_600_800.png,/scratch/parceirosbr/bigoilict/share/BigOil/document_generator/datasets/documents_2021_12_28/11anp_20211228_163936_3820803082_600_800.png,11anp_20211228_163936_3820803082_600_800_mask.png,15274784121
21,3,42,6,466,216,508,222,466,216,508,216,508,222,466,222,sub_line_text,table_text,table_0,courier,italic,7.0,11anp_20211228_163936_3820803082_600_800.png,/scratch/parceirosbr/bigoilict/share/BigOil/document_generator/datasets/documents_2021_12_28/11anp_20211228_163936_3820803082_600_800.png,11anp_20211228_163936_3820803082_600_800_mask.png,15274784121
21,3,43,6,465,226,508,232,465,226,508,226,508,232,465,232,text,table_text,table_0,courier,italic,7.0,11anp_20211228_163936_3820803082_600_800.png,/scratch/parceirosbr/bigoilict/share/BigOil/document_generator/datasets/documents_2021_12_28/11anp_20211228_163936_3820803082_600_800.png,11anp_20211228_163936_3820803082_600_800_mask.png,34287381406
21,3,43,6,465,226,508,232,465,226,508,226,508,232,465,232,sub_line_text,table_text,table_0,courier,italic,7.0,11anp_20211228_163936_3820803082_600_800.png,/scratch/parceirosbr/bigoilict/share/BigOil/document_generator/datasets/documents_2021_12_28/11anp_20211228_163936_3820803082_600_800.png,11anp_20211228_163936_3820803082_600_800_mask.png,34287381406
21,3,42,6,466,235,508,241,466,235,508,235,508,241,466,241,text,table_text,table_0,courier,italic,7.0,11anp_20211228_163936_3820803082_600_800.png,/scratch/parceirosbr/bigoilict/share/BigOil/document_generator/datasets/documents_2021_12_28/11anp_20211228_163936_3820803082_600_800.png,11anp_20211228_163936_3820803082_600_800_mask.png,27012331541
21,3,42,6,466,235,508,241,466,235,508,235,508,241,466,241,sub_line_text,table_text,table_0,courier,italic,7.0,11anp_20211228_163936_3820803082_600_800.png,/scratch/parceirosbr/bigoilict/share/BigOil/document_generator/datasets/documents_2021_12_28/11anp_20211228_163936_3820803082_600_800.png,11anp_20211228_163936_3820803082_600_800_mask.png,27012331541
17,3,35,6,472,245,507,251,472,245,507,245,507,251,472,251,text,table_text,table_0,courier,italic,7.0,11anp_20211228_163936_3820803082_600_800.png,/scratch/parceirosbr/bigoilict/share/BigOil/document_generator/datasets/documents_2021_12_28/11anp_20211228_163936_3820803082_600_800.png,11anp_20211228_163936_3820803082_600_800_mask.png,264272512
17,3,35,6,472,245,507,251,472,245,507,245,507,251,472,251,sub_line_text,table_text,table_0,courier,italic,7.0,11anp_20211228_163936_3820803082_600_800.png,/scratch/parceirosbr/bigoilict/share/BigOil/document_generator/datasets/documents_2021_12_28/11anp_20211228_163936_3820803082_600_800.png,11anp_20211228_163936_3820803082_600_800_mask.png,264272512
21,3,43,6,465,254,508,260,465,254,508,254,508,260,465,260,text,table_text,table_0,courier,italic,7.0,11anp_20211228_163936_3820803082_600_800.png,/scratch/parceirosbr/bigoilict/share/BigOil/document_generator/datasets/documents_2021_12_28/11anp_20211228_163936_3820803082_600_800.png,11anp_20211228_163936_3820803082_600_800_mask.png,56985515928
21,3,43,6,465,254,508,260,465,254,508,254,508,260,465,260,sub_line_text,table_text,table_0,courier,italic,7.0,11anp_20211228_163936_3820803082_600_800.png,/scratch/parceirosbr/bigoilict/share/BigOil/document_generator/datasets/documents_2021_12_28/11anp_20211228_163936_3820803082_600_800.png,11anp_20211228_163936_3820803082_600_800_mask.png,56985515928
154,3,308,7,207,275,515,282,207,275,515,275,515,282,207,282,sub_line_text,text,text_0,courier,regular,7,11anp_20211228_163936_3820803082_600_800.png,/scratch/parceirosbr/bigoilict/share/BigOil/document_generator/datasets/documents_2021_12_28/11anp_20211228_163936_3820803082_600_800.png,11anp_20211228_163936_3820803082_600_800_mask.png,Devido  aos  diferentes  resultados  obtidos pelos modelos para a previsão de
184,3,368,7,147,284,515,291,147,284,515,284,515,291,147,291,sub_line_text,text,text_0,courier,regular,7,11anp_20211228_163936_3820803082_600_800.png,/scratch/parceirosbr/bigoilict/share/BigOil/document_generator/datasets/documents_2021_12_28/11anp_20211228_163936_3820803082_600_800.png,11anp_20211228_163936_3820803082_600_800_mask.png,"geração  de  metano,  recomenda-se que em analises da viabilidade econômica do aproveitamen-"
184,3,368,7,147,293,515,300,147,293,515,293,515,300,147,300,sub_line_text,text,text_0,courier,regular,7,11anp_20211228_163936_3820803082_600_800.png,/scratch/parceirosbr/bigoilict/share/BigOil/document_generator/datasets/documents_2021_12_28/11anp_20211228_163936_3820803082_600_800.png,11anp_20211228_163936_3820803082_600_800_mask.png,to  energético  de  biogás  gerado em aterro seja utilizado os valores estimados pelo modelo
184,3,368,7,147,302,515,309,147,302,515,302,515,309,147,309,sub_line_text,text,text_0,courier,regular,7,11anp_20211228_163936_3820803082_600_800.png,/scratch/parceirosbr/bigoilict/share/BigOil/document_generator/datasets/documents_2021_12_28/11anp_20211228_163936_3820803082_600_800.png,11anp_20211228_163936_3820803082_600_800_mask.png,"do  pois  este gera valores de geração de metano mais conservadores, prezando pela segurança"
184,3,368,7,147,311,515,318,147,311,515,311,515,318,147,318,sub_line_text,text,text_0,courier,regular,7,11anp_20211228_163936_3820803082_600_800.png,/scratch/parceirosbr/bigoilict/share/BigOil/document_generator/datasets/documents_2021_12_28/11anp_20211228_163936_3820803082_600_800.png,11anp_20211228_163936_3820803082_600_800_mask.png,"do  projeto. Devido à célula de teste ser específica para amostras pequenas (até 7 cm), a o-"
184,3,368,7,147,320,515,327,147,320,515,320,515,327,147,327,sub_line_text,text,text_0,courier,regular,7,11anp_20211228_163936_3820803082_600_800.png,/scratch/parceirosbr/bigoilict/share/BigOil/document_generator/datasets/documents_2021_12_28/11anp_20211228_163936_3820803082_600_800.png,11anp_20211228_163936_3820803082_600_800_mask.png,"corrência  do breakthrough pode interferir nos resultados obtidos. No outro extremo, as não-"
184,3,368,7,147,329,515,336,147,329,515,329,515,336,147,336,sub_line_text,text,text_0,courier,regular,7,11anp_20211228_163936_3820803082_600_800.png,/scratch/parceirosbr/bigoilict/share/BigOil/document_generator/datasets/documents_2021_12_28/11anp_20211228_163936_3820803082_600_800.png,11anp_20211228_163936_3820803082_600_800_mask.png,"-operadoras,  para resguardar seus interesses, procurarão fazer com que a negociação se enc-"
184,3,368,7,147,338,515,345,147,338,515,338,515,345,147,345,sub_line_text,text,text_0,courier,regular,7,11anp_20211228_163936_3820803082_600_800.png,/scratch/parceirosbr/bigoilict/share/BigOil/document_generator/datasets/documents_2021_12_28/11anp_20211228_163936_3820803082_600_800.png,11anp_20211228_163936_3820803082_600_800_mask.png,"aminhe  para  a escolha do nível gerencial inferior (i). No entanto, os autores supracitados"
182,3,364,7,147,347,511,354,147,347,511,347,511,354,147,354,sub_line_text,text,text_0,courier,regular,7,11anp_20211228_163936_3820803082_600_800.png,/scratch/parceirosbr/bigoilict/share/BigOil/document_generator/datasets/documents_2021_12_28/11anp_20211228_163936_3820803082_600_800.png,11anp_20211228_163936_3820803082_600_800_mask.png,formularam este problema inverso como um problema linear iterativo reponderado (reweighted.
184,39,368,79,147,275,515,354,147,275,515,275,515,354,147,354,text,text,text_0,courier,regular,7,11anp_20211228_163936_3820803082_600_800.png,/scratch/parceirosbr/bigoilict/share/BigOil/document_generator/datasets/documents_2021_12_28/11anp_20211228_163936_3820803082_600_800.png,11anp_20211228_163936_3820803082_600_800_mask.png,nan
140,3,280,7,147,356,427,363,147,356,427,356,427,363,147,363,sub_line_text,figure_legend,figure_0,courier,bold,7,11anp_20211228_163936_3820803082_600_800.png,/scratch/parceirosbr/bigoilict/share/BigOil/document_generator/datasets/documents_2021_12_28/11anp_20211228_163936_3820803082_600_800.png,11anp_20211228_163936_3820803082_600_800_mask.png,Fig.  144:    Uma  hidrólise  rápida  do  iodeto de acetila gera ácido
140,3,281,7,147,365,428,372,147,365,428,365,428,372,147,372,sub_line_text,figure_legend,figure_0,courier,bold,7,11anp_20211228_163936_3820803082_600_800.png,/scratch/parceirosbr/bigoilict/share/BigOil/document_generator/datasets/documents_2021_12_28/11anp_20211228_163936_3820803082_600_800.png,11anp_20211228_163936_3820803082_600_800_mask.png,acético  e  ácido  iodídrico.  Verifica-se  que  os perfis tendem a um
10,3,21,7,147,374,168,381,147,374,168,374,168,381,147,381,sub_line_text,figure_legend,figure_0,courier,bold,7,11anp_20211228_163936_3820803082_600_800.png,/scratch/parceirosbr/bigoilict/share/BigOil/document_generator/datasets/documents_2021_12_28/11anp_20211228_163936_3820803082_600_800.png,11anp_20211228_163936_3820803082_600_800_mask.png,valor
140,12,281,25,147,356,428,381,147,356,428,356,428,381,147,381,text,figure_legend,figure_0,courier,bold,7,11anp_20211228_163936_3820803082_600_800.png,/scratch/parceirosbr/bigoilict/share/BigOil/document_generator/datasets/documents_2021_12_28/11anp_20211228_163936_3820803082_600_800.png,11anp_20211228_163936_3820803082_600_800_mask.png,nan
101,76,202,152,233,386,435,538,233,386,435,386,435,538,233,538,image,figure_image,figure_0,,,,11anp_20211228_163936_3820803082_600_800.png,/scratch/parceirosbr/bigoilict/share/BigOil/document_generator/datasets/documents_2021_12_28/11anp_20211228_163936_3820803082_600_800.png,11anp_20211228_163936_3820803082_600_800_mask.png,output/gen_img_20211228_163940_6505459471.png
11,3,22,6,352,449,374,455,352,449,374,449,374,455,352,455,text,figure_text,figure_0,,,,11anp_20211228_163936_3820803082_600_800.png,/scratch/parceirosbr/bigoilict/share/BigOil/document_generator/datasets/documents_2021_12_28/11anp_20211228_163936_3820803082_600_800.png,11anp_20211228_163936_3820803082_600_800_mask.png,-6968.800
11,3,22,6,352,449,374,455,352,449,374,449,374,455,352,455,sub_line_text,figure_text,figure_0,,,,11anp_20211228_163936_3820803082_600_800.png,/scratch/parceirosbr/bigoilict/share/BigOil/document_generator/datasets/documents_2021_12_28/11anp_20211228_163936_3820803082_600_800.png,11anp_20211228_163936_3820803082_600_800_mask.png,-6968.800
5,2,10,5,346,411,356,416,346,411,356,411,356,416,346,416,text,figure_text,figure_0,,,,11anp_20211228_163936_3820803082_600_800.png,/scratch/parceirosbr/bigoilict/share/BigOil/document_generator/datasets/documents_2021_12_28/11anp_20211228_163936_3820803082_600_800.png,11anp_20211228_163936_3820803082_600_800_mask.png,Start
5,2,10,5,346,411,356,416,346,411,356,411,356,416,346,416,sub_line_text,figure_text,figure_0,,,,11anp_20211228_163936_3820803082_600_800.png,/scratch/parceirosbr/bigoilict/share/BigOil/document_generator/datasets/documents_2021_12_28/11anp_20211228_163936_3820803082_600_800.png,11anp_20211228_163936_3820803082_600_800_mask.png,Start
10,3,21,6,299,501,320,507,299,501,320,501,320,507,299,507,text,figure_text,figure_0,,,,11anp_20211228_163936_3820803082_600_800.png,/scratch/parceirosbr/bigoilict/share/BigOil/document_generator/datasets/documents_2021_12_28/11anp_20211228_163936_3820803082_600_800.png,11anp_20211228_163936_3820803082_600_800_mask.png,-2783.82%
10,3,21,6,299,501,320,507,299,501,320,501,320,507,299,507,sub_line_text,figure_text,figure_0,,,,11anp_20211228_163936_3820803082_600_800.png,/scratch/parceirosbr/bigoilict/share/BigOil/document_generator/datasets/documents_2021_12_28/11anp_20211228_163936_3820803082_600_800.png,11anp_20211228_163936_3820803082_600_800_mask.png,-2783.82%
10,2,20,5,241,494,261,499,241,494,261,494,261,499,241,499,text,figure_text,figure_0,,,,11anp_20211228_163936_3820803082_600_800.png,/scratch/parceirosbr/bigoilict/share/BigOil/document_generator/datasets/documents_2021_12_28/11anp_20211228_163936_3820803082_600_800.png,11anp_20211228_163936_3820803082_600_800_mask.png,-4925.0%
10,2,20,5,241,494,261,499,241,494,261,494,261,499,241,499,sub_line_text,figure_text,figure_0,,,,11anp_20211228_163936_3820803082_600_800.png,/scratch/parceirosbr/bigoilict/share/BigOil/document_generator/datasets/documents_2021_12_28/11anp_20211228_163936_3820803082_600_800.png,11anp_20211228_163936_3820803082_600_800_mask.png,-4925.0%
10,2,20,5,361,526,381,531,361,526,381,526,381,531,361,531,text,figure_text,figure_0,,,,11anp_20211228_163936_3820803082_600_800.png,/scratch/parceirosbr/bigoilict/share/BigOil/document_generator/datasets/documents_2021_12_28/11anp_20211228_163936_3820803082_600_800.png,11anp_20211228_163936_3820803082_600_800_mask.png,Data [MB]
10,2,20,5,361,526,381,531,361,526,381,526,381,531,361,531,sub_line_text,figure_text,figure_0,,,,11anp_20211228_163936_3820803082_600_800.png,/scratch/parceirosbr/bigoilict/share/BigOil/document_generator/datasets/documents_2021_12_28/11anp_20211228_163936_3820803082_600_800.png,11anp_20211228_163936_3820803082_600_800_mask.png,Data [MB]
6,2,13,5,298,521,311,526,298,521,311,521,311,526,298,526,text,figure_text,figure_0,,,,11anp_20211228_163936_3820803082_600_800.png,/scratch/parceirosbr/bigoilict/share/BigOil/document_generator/datasets/documents_2021_12_28/11anp_20211228_163936_3820803082_600_800.png,11anp_20211228_163936_3820803082_600_800_mask.png,-3786
6,2,13,5,298,521,311,526,298,521,311,521,311,526,298,526,sub_line_text,figure_text,figure_0,,,,11anp_20211228_163936_3820803082_600_800.png,/scratch/parceirosbr/bigoilict/share/BigOil/document_generator/datasets/documents_2021_12_28/11anp_20211228_163936_3820803082_600_800.png,11anp_20211228_163936_3820803082_600_800_mask.png,-3786
154,3,309,7,207,540,516,547,207,540,516,540,516,547,207,547,sub_line_text,text,text_1,courier,regular,7,11anp_20211228_163936_3820803082_600_800.png,/scratch/parceirosbr/bigoilict/share/BigOil/document_generator/datasets/documents_2021_12_28/11anp_20211228_163936_3820803082_600_800.png,11anp_20211228_163936_3820803082_600_800_mask.png,"As  fontes  de energia sísmica mais utilizada são a dinamite e o vibrador, em"
184,3,368,7,147,549,515,556,147,549,515,549,515,556,147,556,sub_line_text,text,text_1,courier,regular,7,11anp_20211228_163936_3820803082_600_800.png,/scratch/parceirosbr/bigoilict/share/BigOil/document_generator/datasets/documents_2021_12_28/11anp_20211228_163936_3820803082_600_800.png,11anp_20211228_163936_3820803082_600_800_mask.png,"terra,  e  canhões  de  ar comprimido, em levantamentos marítimos. As condições operacionais"
184,3,368,7,147,558,515,565,147,558,515,558,515,565,147,565,sub_line_text,text,text_1,courier,regular,7,11anp_20211228_163936_3820803082_600_800.png,/scratch/parceirosbr/bigoilict/share/BigOil/document_generator/datasets/documents_2021_12_28/11anp_20211228_163936_3820803082_600_800.png,11anp_20211228_163936_3820803082_600_800_mask.png,"podem  variar, porém, para o caso de etapa única, o processo da descrito na patente 5.840.9-"
184,3,368,7,147,567,515,574,147,567,515,567,515,574,147,574,sub_line_text,text,text_1,courier,regular,7,11anp_20211228_163936_3820803082_600_800.png,/scratch/parceirosbr/bigoilict/share/BigOil/document_generator/datasets/documents_2021_12_28/11anp_20211228_163936_3820803082_600_800.png,11anp_20211228_163936_3820803082_600_800_mask.png,"71,  conseguiu  uma conversão de etanol em torno de 92%, e uma seletividade de 97% para áci-"
184,3,368,7,147,576,515,583,147,576,515,576,515,583,147,583,sub_line_text,text,text_1,courier,regular,7,11anp_20211228_163936_3820803082_600_800.png,/scratch/parceirosbr/bigoilict/share/BigOil/document_generator/datasets/documents_2021_12_28/11anp_20211228_163936_3820803082_600_800.png,11anp_20211228_163936_3820803082_600_800_mask.png,"do  acético,  sob  temperatura na faixa de 200C e 1,7 bar 1998). 2.4.. O consumo de vapor na"
184,3,368,7,147,585,515,592,147,585,515,585,515,592,147,592,sub_line_text,text,text_1,courier,regular,7,11anp_20211228_163936_3820803082_600_800.png,/scratch/parceirosbr/bigoilict/share/BigOil/document_generator/datasets/documents_2021_12_28/11anp_20211228_163936_3820803082_600_800.png,11anp_20211228_163936_3820803082_600_800_mask.png,"rota  metílica  é  20% do consumo da rota etílica, e a energia elétrica consumida é menos da"
184,3,368,7,147,594,515,601,147,594,515,594,515,601,147,601,sub_line_text,text,text_1,courier,regular,7,11anp_20211228_163936_3820803082_600_800.png,/scratch/parceirosbr/bigoilict/share/BigOil/document_generator/datasets/documents_2021_12_28/11anp_20211228_163936_3820803082_600_800.png,11anp_20211228_163936_3820803082_600_800_mask.png,metade.  O laboratório autorizado a realizar calibrações internas não terá direito ao uso da
184,3,368,7,147,603,515,610,147,603,515,603,515,610,147,610,sub_line_text,text,text_1,courier,regular,7,11anp_20211228_163936_3820803082_600_800.png,/scratch/parceirosbr/bigoilict/share/BigOil/document_generator/datasets/documents_2021_12_28/11anp_20211228_163936_3820803082_600_800.png,11anp_20211228_163936_3820803082_600_800_mask.png,marca  de  identificação da acreditação nem poderá fazer qualquer referência a esta autoriz-
184,3,368,7,147,612,515,619,147,612,515,612,515,619,147,619,sub_line_text,text,text_1,courier,regular,7,11anp_20211228_163936_3820803082_600_800.png,/scratch/parceirosbr/bigoilict/share/BigOil/document_generator/datasets/documents_2021_12_28/11anp_20211228_163936_3820803082_600_800.png,11anp_20211228_163936_3820803082_600_800_mask.png,ação  em  seus documentos de propaganda e certificados de calibração emitidos para terceiros
90,3,180,7,147,621,327,628,147,621,327,621,327,628,147,628,sub_line_text,text,text_1,courier,regular,7,11anp_20211228_163936_3820803082_600_800.png,/scratch/parceirosbr/bigoilict/share/BigOil/document_generator/datasets/documents_2021_12_28/11anp_20211228_163936_3820803082_600_800.png,11anp_20211228_163936_3820803082_600_800_mask.png,ou para clientes dentro da mesma organização.
184,44,369,88,147,540,516,628,147,540,516,540,516,628,147,628,text,text,text_1,courier,regular,7,11anp_20211228_163936_3820803082_600_800.png,/scratch/parceirosbr/bigoilict/share/BigOil/document_generator/datasets/documents_2021_12_28/11anp_20211228_163936_3820803082_600_800.png,11anp_20211228_163936_3820803082_600_800_mask.png,nan
154,3,308,7,207,630,515,637,207,630,515,630,515,637,207,637,sub_line_text,text,text_2,courier,regular,7,11anp_20211228_163936_3820803082_600_800.png,/scratch/parceirosbr/bigoilict/share/BigOil/document_generator/datasets/documents_2021_12_28/11anp_20211228_163936_3820803082_600_800.png,11anp_20211228_163936_3820803082_600_800_mask.png,"Neste  quadro,  o setor de transportes é um dos maiores emissores de gases de"
184,3,368,7,147,639,515,646,147,639,515,639,515,646,147,646,sub_line_text,text,text_2,courier,regular,7,11anp_20211228_163936_3820803082_600_800.png,/scratch/parceirosbr/bigoilict/share/BigOil/document_generator/datasets/documents_2021_12_28/11anp_20211228_163936_3820803082_600_800.png,11anp_20211228_163936_3820803082_600_800_mask.png,"estufa,  representando  por  si só 20% da demanda mundial em energia primária e 25% das emi-"
182,3,364,7,147,648,511,655,147,648,511,648,511,655,147,655,sub_line_text,text,text_2,courier,regular,7,11anp_20211228_163936_3820803082_600_800.png,/scratch/parceirosbr/bigoilict/share/BigOil/document_generator/datasets/documents_2021_12_28/11anp_20211228_163936_3820803082_600_800.png,11anp_20211228_163936_3820803082_600_800_mask.png,"ssões de 2012). Nestes segmentos, o gás passa a operar segundo uma estrutura de rede, se a."
184,12,368,25,147,630,515,655,147,630,515,630,515,655,147,655,text,text,text_2,courier,regular,7,11anp_20211228_163936_3820803082_600_800.png,/scratch/parceirosbr/bigoilict/share/BigOil/document_generator/datasets/documents_2021_12_28/11anp_20211228_163936_3820803082_600_800.png,11anp_20211228_163936_3820803082_600_800_mask.png,nan
