center_x,center_y,width,height,xmin,ymin,xmax,ymax,top_left_x,top_left_y,top_right_x,top_right_y,bottom_right_x,bottom_right_y,bottom_left_x,bottom_left_y,label,grouplabel,group,text_font,text_style,size_font,filename,path,filename_mask,content
300,400,600,800,0,0,600,800,0,0,600,0,600,800,0,800,document,,,,,,12anp2_20211228_163959_2220006472_600_800.png,/scratch/parceirosbr/bigoilict/share/BigOil/document_generator/datasets/documents_2021_12_28/12anp2_20211228_163959_2220006472_600_800.png,12anp2_20211228_163959_2220006472_600_800_mask.png,
242,1,485,2,73,107,558,109,73,107,558,107,558,109,73,109,line,line,line,,,,12anp2_20211228_163959_2220006472_600_800.png,/scratch/parceirosbr/bigoilict/share/BigOil/document_generator/datasets/documents_2021_12_28/12anp2_20211228_163959_2220006472_600_800.png,12anp2_20211228_163959_2220006472_600_800_mask.png,nan
16,9,32,18,524,70,556,88,524,70,556,70,556,88,524,88,sub_line_text,header,header_1,opensans,bold,14,12anp2_20211228_163959_2220006472_600_800.png,/scratch/parceirosbr/bigoilict/share/BigOil/document_generator/datasets/documents_2021_12_28/12anp2_20211228_163959_2220006472_600_800.png,12anp2_20211228_163959_2220006472_600_800_mask.png,2014
16,9,32,18,524,70,556,88,524,70,556,70,556,88,524,88,text,header,header_1,opensans,bold,14,12anp2_20211228_163959_2220006472_600_800.png,/scratch/parceirosbr/bigoilict/share/BigOil/document_generator/datasets/documents_2021_12_28/12anp2_20211228_163959_2220006472_600_800.png,12anp2_20211228_163959_2220006472_600_800_mask.png,nan
84,9,168,18,340,70,508,88,340,70,508,70,508,88,340,88,sub_line_text,header,header_1,opensans,bold,14,12anp2_20211228_163959_2220006472_600_800.png,/scratch/parceirosbr/bigoilict/share/BigOil/document_generator/datasets/documents_2021_12_28/12anp2_20211228_163959_2220006472_600_800.png,12anp2_20211228_163959_2220006472_600_800_mask.png,Sementes principal local
84,9,168,18,340,70,508,88,340,70,508,70,508,88,340,88,text,header,header_1,opensans,bold,14,12anp2_20211228_163959_2220006472_600_800.png,/scratch/parceirosbr/bigoilict/share/BigOil/document_generator/datasets/documents_2021_12_28/12anp2_20211228_163959_2220006472_600_800.png,12anp2_20211228_163959_2220006472_600_800_mask.png,nan
14,15,28,30,119,70,147,100,119,70,147,70,147,100,119,100,image,image,image,,,,12anp2_20211228_163959_2220006472_600_800.png,/scratch/parceirosbr/bigoilict/share/BigOil/document_generator/datasets/documents_2021_12_28/12anp2_20211228_163959_2220006472_600_800.png,12anp2_20211228_163959_2220006472_600_800_mask.png,/scratch/parceirosbr/bigoilict/share/BigOil/document_generator/files_images_document_generator/logos\image_98.jpg
118,4,237,9,196,128,433,137,196,128,433,128,433,137,196,137,sub_line_text,subsubsubtitle,subsubsubtitle_0,opensans,bolditalic,7,12anp2_20211228_163959_2220006472_600_800.png,/scratch/parceirosbr/bigoilict/share/BigOil/document_generator/datasets/documents_2021_12_28/12anp2_20211228_163959_2220006472_600_800.png,12anp2_20211228_163959_2220006472_600_800_mask.png,"Notas: valores correntes.2. partir 2007, valor royalties distribu√≠dos para"
118,4,237,9,196,128,433,137,196,128,433,128,433,137,196,137,title,subsubsubtitle,subsubsubtitle_0,opensans,bolditalic,7,12anp2_20211228_163959_2220006472_600_800.png,/scratch/parceirosbr/bigoilict/share/BigOil/document_generator/datasets/documents_2021_12_28/12anp2_20211228_163959_2220006472_600_800.png,12anp2_20211228_163959_2220006472_600_800_mask.png,nan
241,99,483,198,73,156,556,354,73,156,556,156,556,354,73,354,table,table_image,table_0,,,,12anp2_20211228_163959_2220006472_600_800.png,/scratch/parceirosbr/bigoilict/share/BigOil/document_generator/datasets/documents_2021_12_28/12anp2_20211228_163959_2220006472_600_800.png,12anp2_20211228_163959_2220006472_600_800_mask.png,output/gen_tab_20211228_163959_2046788022.png
7,4,14,9,113,160,127,169,113,160,127,160,127,169,113,169,text,table_text,table_0,times,bold,7.0,12anp2_20211228_163959_2220006472_600_800.png,/scratch/parceirosbr/bigoilict/share/BigOil/document_generator/datasets/documents_2021_12_28/12anp2_20211228_163959_2220006472_600_800.png,12anp2_20211228_163959_2220006472_600_800_mask.png,data
7,4,14,9,113,160,127,169,113,160,127,160,127,169,113,169,sub_line_text,table_text,table_0,times,bold,7.0,12anp2_20211228_163959_2220006472_600_800.png,/scratch/parceirosbr/bigoilict/share/BigOil/document_generator/datasets/documents_2021_12_28/12anp2_20211228_163959_2220006472_600_800.png,12anp2_20211228_163959_2220006472_600_800_mask.png,data
15,4,30,9,97,172,127,181,97,172,127,172,127,181,97,181,text,table_text,table_0,times,italic,7.0,12anp2_20211228_163959_2220006472_600_800.png,/scratch/parceirosbr/bigoilict/share/BigOil/document_generator/datasets/documents_2021_12_28/12anp2_20211228_163959_2220006472_600_800.png,12anp2_20211228_163959_2220006472_600_800_mask.png,412.9236
15,4,30,9,97,172,127,181,97,172,127,172,127,181,97,181,sub_line_text,table_text,table_0,times,italic,7.0,12anp2_20211228_163959_2220006472_600_800.png,/scratch/parceirosbr/bigoilict/share/BigOil/document_generator/datasets/documents_2021_12_28/12anp2_20211228_163959_2220006472_600_800.png,12anp2_20211228_163959_2220006472_600_800_mask.png,412.9236
15,4,30,9,97,184,127,193,97,184,127,184,127,193,97,193,text,table_text,table_0,times,italic,7.0,12anp2_20211228_163959_2220006472_600_800.png,/scratch/parceirosbr/bigoilict/share/BigOil/document_generator/datasets/documents_2021_12_28/12anp2_20211228_163959_2220006472_600_800.png,12anp2_20211228_163959_2220006472_600_800_mask.png,958.3665
15,4,30,9,97,184,127,193,97,184,127,184,127,193,97,193,sub_line_text,table_text,table_0,times,italic,7.0,12anp2_20211228_163959_2220006472_600_800.png,/scratch/parceirosbr/bigoilict/share/BigOil/document_generator/datasets/documents_2021_12_28/12anp2_20211228_163959_2220006472_600_800.png,12anp2_20211228_163959_2220006472_600_800_mask.png,958.3665
15,4,30,9,97,196,127,205,97,196,127,196,127,205,97,205,text,table_text,table_0,times,italic,7.0,12anp2_20211228_163959_2220006472_600_800.png,/scratch/parceirosbr/bigoilict/share/BigOil/document_generator/datasets/documents_2021_12_28/12anp2_20211228_163959_2220006472_600_800.png,12anp2_20211228_163959_2220006472_600_800_mask.png,990.7198
15,4,30,9,97,196,127,205,97,196,127,196,127,205,97,205,sub_line_text,table_text,table_0,times,italic,7.0,12anp2_20211228_163959_2220006472_600_800.png,/scratch/parceirosbr/bigoilict/share/BigOil/document_generator/datasets/documents_2021_12_28/12anp2_20211228_163959_2220006472_600_800.png,12anp2_20211228_163959_2220006472_600_800_mask.png,990.7198
15,4,30,9,97,208,127,217,97,208,127,208,127,217,97,217,text,table_text,table_0,times,italic,7.0,12anp2_20211228_163959_2220006472_600_800.png,/scratch/parceirosbr/bigoilict/share/BigOil/document_generator/datasets/documents_2021_12_28/12anp2_20211228_163959_2220006472_600_800.png,12anp2_20211228_163959_2220006472_600_800_mask.png,702.1681
15,4,30,9,97,208,127,217,97,208,127,208,127,217,97,217,sub_line_text,table_text,table_0,times,italic,7.0,12anp2_20211228_163959_2220006472_600_800.png,/scratch/parceirosbr/bigoilict/share/BigOil/document_generator/datasets/documents_2021_12_28/12anp2_20211228_163959_2220006472_600_800.png,12anp2_20211228_163959_2220006472_600_800_mask.png,702.1681
15,4,30,9,97,220,127,229,97,220,127,220,127,229,97,229,text,table_text,table_0,times,italic,7.0,12anp2_20211228_163959_2220006472_600_800.png,/scratch/parceirosbr/bigoilict/share/BigOil/document_generator/datasets/documents_2021_12_28/12anp2_20211228_163959_2220006472_600_800.png,12anp2_20211228_163959_2220006472_600_800_mask.png,936.2505
15,4,30,9,97,220,127,229,97,220,127,220,127,229,97,229,sub_line_text,table_text,table_0,times,italic,7.0,12anp2_20211228_163959_2220006472_600_800.png,/scratch/parceirosbr/bigoilict/share/BigOil/document_generator/datasets/documents_2021_12_28/12anp2_20211228_163959_2220006472_600_800.png,12anp2_20211228_163959_2220006472_600_800_mask.png,936.2505
15,4,30,9,97,232,127,241,97,232,127,232,127,241,97,241,text,table_text,table_0,times,italic,7.0,12anp2_20211228_163959_2220006472_600_800.png,/scratch/parceirosbr/bigoilict/share/BigOil/document_generator/datasets/documents_2021_12_28/12anp2_20211228_163959_2220006472_600_800.png,12anp2_20211228_163959_2220006472_600_800_mask.png,133.7831
15,4,30,9,97,232,127,241,97,232,127,232,127,241,97,241,sub_line_text,table_text,table_0,times,italic,7.0,12anp2_20211228_163959_2220006472_600_800.png,/scratch/parceirosbr/bigoilict/share/BigOil/document_generator/datasets/documents_2021_12_28/12anp2_20211228_163959_2220006472_600_800.png,12anp2_20211228_163959_2220006472_600_800_mask.png,133.7831
15,4,30,9,97,244,127,253,97,244,127,244,127,253,97,253,text,table_text,table_0,times,italic,7.0,12anp2_20211228_163959_2220006472_600_800.png,/scratch/parceirosbr/bigoilict/share/BigOil/document_generator/datasets/documents_2021_12_28/12anp2_20211228_163959_2220006472_600_800.png,12anp2_20211228_163959_2220006472_600_800_mask.png,200.2922
15,4,30,9,97,244,127,253,97,244,127,244,127,253,97,253,sub_line_text,table_text,table_0,times,italic,7.0,12anp2_20211228_163959_2220006472_600_800.png,/scratch/parceirosbr/bigoilict/share/BigOil/document_generator/datasets/documents_2021_12_28/12anp2_20211228_163959_2220006472_600_800.png,12anp2_20211228_163959_2220006472_600_800_mask.png,200.2922
15,4,30,9,97,256,127,265,97,256,127,256,127,265,97,265,text,table_text,table_0,times,italic,7.0,12anp2_20211228_163959_2220006472_600_800.png,/scratch/parceirosbr/bigoilict/share/BigOil/document_generator/datasets/documents_2021_12_28/12anp2_20211228_163959_2220006472_600_800.png,12anp2_20211228_163959_2220006472_600_800_mask.png,228.5585
15,4,30,9,97,256,127,265,97,256,127,256,127,265,97,265,sub_line_text,table_text,table_0,times,italic,7.0,12anp2_20211228_163959_2220006472_600_800.png,/scratch/parceirosbr/bigoilict/share/BigOil/document_generator/datasets/documents_2021_12_28/12anp2_20211228_163959_2220006472_600_800.png,12anp2_20211228_163959_2220006472_600_800_mask.png,228.5585
15,4,30,9,97,268,127,277,97,268,127,268,127,277,97,277,text,table_text,table_0,times,italic,7.0,12anp2_20211228_163959_2220006472_600_800.png,/scratch/parceirosbr/bigoilict/share/BigOil/document_generator/datasets/documents_2021_12_28/12anp2_20211228_163959_2220006472_600_800.png,12anp2_20211228_163959_2220006472_600_800_mask.png,371.3177
15,4,30,9,97,268,127,277,97,268,127,268,127,277,97,277,sub_line_text,table_text,table_0,times,italic,7.0,12anp2_20211228_163959_2220006472_600_800.png,/scratch/parceirosbr/bigoilict/share/BigOil/document_generator/datasets/documents_2021_12_28/12anp2_20211228_163959_2220006472_600_800.png,12anp2_20211228_163959_2220006472_600_800_mask.png,371.3177
15,4,30,9,97,280,127,289,97,280,127,280,127,289,97,289,text,table_text,table_0,times,italic,7.0,12anp2_20211228_163959_2220006472_600_800.png,/scratch/parceirosbr/bigoilict/share/BigOil/document_generator/datasets/documents_2021_12_28/12anp2_20211228_163959_2220006472_600_800.png,12anp2_20211228_163959_2220006472_600_800_mask.png,383.8225
15,4,30,9,97,280,127,289,97,280,127,280,127,289,97,289,sub_line_text,table_text,table_0,times,italic,7.0,12anp2_20211228_163959_2220006472_600_800.png,/scratch/parceirosbr/bigoilict/share/BigOil/document_generator/datasets/documents_2021_12_28/12anp2_20211228_163959_2220006472_600_800.png,12anp2_20211228_163959_2220006472_600_800_mask.png,383.8225
15,4,30,9,97,292,127,301,97,292,127,292,127,301,97,301,text,table_text,table_0,times,italic,7.0,12anp2_20211228_163959_2220006472_600_800.png,/scratch/parceirosbr/bigoilict/share/BigOil/document_generator/datasets/documents_2021_12_28/12anp2_20211228_163959_2220006472_600_800.png,12anp2_20211228_163959_2220006472_600_800_mask.png,916.8381
15,4,30,9,97,292,127,301,97,292,127,292,127,301,97,301,sub_line_text,table_text,table_0,times,italic,7.0,12anp2_20211228_163959_2220006472_600_800.png,/scratch/parceirosbr/bigoilict/share/BigOil/document_generator/datasets/documents_2021_12_28/12anp2_20211228_163959_2220006472_600_800.png,12anp2_20211228_163959_2220006472_600_800_mask.png,916.8381
15,4,30,9,97,304,127,313,97,304,127,304,127,313,97,313,text,table_text,table_0,times,italic,7.0,12anp2_20211228_163959_2220006472_600_800.png,/scratch/parceirosbr/bigoilict/share/BigOil/document_generator/datasets/documents_2021_12_28/12anp2_20211228_163959_2220006472_600_800.png,12anp2_20211228_163959_2220006472_600_800_mask.png,305.7974
15,4,30,9,97,304,127,313,97,304,127,304,127,313,97,313,sub_line_text,table_text,table_0,times,italic,7.0,12anp2_20211228_163959_2220006472_600_800.png,/scratch/parceirosbr/bigoilict/share/BigOil/document_generator/datasets/documents_2021_12_28/12anp2_20211228_163959_2220006472_600_800.png,12anp2_20211228_163959_2220006472_600_800_mask.png,305.7974
15,4,30,9,97,316,127,325,97,316,127,316,127,325,97,325,text,table_text,table_0,times,italic,7.0,12anp2_20211228_163959_2220006472_600_800.png,/scratch/parceirosbr/bigoilict/share/BigOil/document_generator/datasets/documents_2021_12_28/12anp2_20211228_163959_2220006472_600_800.png,12anp2_20211228_163959_2220006472_600_800_mask.png,988.1646
15,4,30,9,97,316,127,325,97,316,127,316,127,325,97,325,sub_line_text,table_text,table_0,times,italic,7.0,12anp2_20211228_163959_2220006472_600_800.png,/scratch/parceirosbr/bigoilict/share/BigOil/document_generator/datasets/documents_2021_12_28/12anp2_20211228_163959_2220006472_600_800.png,12anp2_20211228_163959_2220006472_600_800_mask.png,988.1646
15,4,30,9,97,328,127,337,97,328,127,328,127,337,97,337,text,table_text,table_0,times,italic,7.0,12anp2_20211228_163959_2220006472_600_800.png,/scratch/parceirosbr/bigoilict/share/BigOil/document_generator/datasets/documents_2021_12_28/12anp2_20211228_163959_2220006472_600_800.png,12anp2_20211228_163959_2220006472_600_800_mask.png,581.2900
15,4,30,9,97,328,127,337,97,328,127,328,127,337,97,337,sub_line_text,table_text,table_0,times,italic,7.0,12anp2_20211228_163959_2220006472_600_800.png,/scratch/parceirosbr/bigoilict/share/BigOil/document_generator/datasets/documents_2021_12_28/12anp2_20211228_163959_2220006472_600_800.png,12anp2_20211228_163959_2220006472_600_800_mask.png,581.2900
15,4,30,9,519,340,549,349,519,340,549,340,549,349,519,349,text,table_text,table_0,times,bold,7.0,12anp2_20211228_163959_2220006472_600_800.png,/scratch/parceirosbr/bigoilict/share/BigOil/document_generator/datasets/documents_2021_12_28/12anp2_20211228_163959_2220006472_600_800.png,12anp2_20211228_163959_2220006472_600_800_mask.png,337.0819
15,4,30,9,519,340,549,349,519,340,549,340,549,349,519,349,sub_line_text,table_text,table_0,times,bold,7.0,12anp2_20211228_163959_2220006472_600_800.png,/scratch/parceirosbr/bigoilict/share/BigOil/document_generator/datasets/documents_2021_12_28/12anp2_20211228_163959_2220006472_600_800.png,12anp2_20211228_163959_2220006472_600_800_mask.png,337.0819
19,4,38,9,166,160,204,169,166,160,204,160,204,169,166,169,text,table_text,table_0,times,bold,7.0,12anp2_20211228_163959_2220006472_600_800.png,/scratch/parceirosbr/bigoilict/share/BigOil/document_generator/datasets/documents_2021_12_28/12anp2_20211228_163959_2220006472_600_800.png,12anp2_20211228_163959_2220006472_600_800_mask.png,desempenho
19,4,38,9,166,160,204,169,166,160,204,160,204,169,166,169,sub_line_text,table_text,table_0,times,bold,7.0,12anp2_20211228_163959_2220006472_600_800.png,/scratch/parceirosbr/bigoilict/share/BigOil/document_generator/datasets/documents_2021_12_28/12anp2_20211228_163959_2220006472_600_800.png,12anp2_20211228_163959_2220006472_600_800_mask.png,desempenho
4,4,8,9,196,172,204,181,196,172,204,172,204,181,196,181,text,table_text,table_0,times,italic,7.0,12anp2_20211228_163959_2220006472_600_800.png,/scratch/parceirosbr/bigoilict/share/BigOil/document_generator/datasets/documents_2021_12_28/12anp2_20211228_163959_2220006472_600_800.png,12anp2_20211228_163959_2220006472_600_800_mask.png,26
4,4,8,9,196,172,204,181,196,172,204,172,204,181,196,181,sub_line_text,table_text,table_0,times,italic,7.0,12anp2_20211228_163959_2220006472_600_800.png,/scratch/parceirosbr/bigoilict/share/BigOil/document_generator/datasets/documents_2021_12_28/12anp2_20211228_163959_2220006472_600_800.png,12anp2_20211228_163959_2220006472_600_800_mask.png,26
4,4,8,9,196,184,204,193,196,184,204,184,204,193,196,193,text,table_text,table_0,times,italic,7.0,12anp2_20211228_163959_2220006472_600_800.png,/scratch/parceirosbr/bigoilict/share/BigOil/document_generator/datasets/documents_2021_12_28/12anp2_20211228_163959_2220006472_600_800.png,12anp2_20211228_163959_2220006472_600_800_mask.png,75
4,4,8,9,196,184,204,193,196,184,204,184,204,193,196,193,sub_line_text,table_text,table_0,times,italic,7.0,12anp2_20211228_163959_2220006472_600_800.png,/scratch/parceirosbr/bigoilict/share/BigOil/document_generator/datasets/documents_2021_12_28/12anp2_20211228_163959_2220006472_600_800.png,12anp2_20211228_163959_2220006472_600_800_mask.png,75
4,4,8,9,196,196,204,205,196,196,204,196,204,205,196,205,text,table_text,table_0,times,italic,7.0,12anp2_20211228_163959_2220006472_600_800.png,/scratch/parceirosbr/bigoilict/share/BigOil/document_generator/datasets/documents_2021_12_28/12anp2_20211228_163959_2220006472_600_800.png,12anp2_20211228_163959_2220006472_600_800_mask.png,67
4,4,8,9,196,196,204,205,196,196,204,196,204,205,196,205,sub_line_text,table_text,table_0,times,italic,7.0,12anp2_20211228_163959_2220006472_600_800.png,/scratch/parceirosbr/bigoilict/share/BigOil/document_generator/datasets/documents_2021_12_28/12anp2_20211228_163959_2220006472_600_800.png,12anp2_20211228_163959_2220006472_600_800_mask.png,67
6,4,12,9,192,208,204,217,192,208,204,208,204,217,192,217,text,table_text,table_0,times,italic,7.0,12anp2_20211228_163959_2220006472_600_800.png,/scratch/parceirosbr/bigoilict/share/BigOil/document_generator/datasets/documents_2021_12_28/12anp2_20211228_163959_2220006472_600_800.png,12anp2_20211228_163959_2220006472_600_800_mask.png,822
6,4,12,9,192,208,204,217,192,208,204,208,204,217,192,217,sub_line_text,table_text,table_0,times,italic,7.0,12anp2_20211228_163959_2220006472_600_800.png,/scratch/parceirosbr/bigoilict/share/BigOil/document_generator/datasets/documents_2021_12_28/12anp2_20211228_163959_2220006472_600_800.png,12anp2_20211228_163959_2220006472_600_800_mask.png,822
2,4,4,9,200,220,204,229,200,220,204,220,204,229,200,229,text,table_text,table_0,times,italic,7.0,12anp2_20211228_163959_2220006472_600_800.png,/scratch/parceirosbr/bigoilict/share/BigOil/document_generator/datasets/documents_2021_12_28/12anp2_20211228_163959_2220006472_600_800.png,12anp2_20211228_163959_2220006472_600_800_mask.png,9
2,4,4,9,200,220,204,229,200,220,204,220,204,229,200,229,sub_line_text,table_text,table_0,times,italic,7.0,12anp2_20211228_163959_2220006472_600_800.png,/scratch/parceirosbr/bigoilict/share/BigOil/document_generator/datasets/documents_2021_12_28/12anp2_20211228_163959_2220006472_600_800.png,12anp2_20211228_163959_2220006472_600_800_mask.png,9
2,4,4,9,200,232,204,241,200,232,204,232,204,241,200,241,text,table_text,table_0,times,italic,7.0,12anp2_20211228_163959_2220006472_600_800.png,/scratch/parceirosbr/bigoilict/share/BigOil/document_generator/datasets/documents_2021_12_28/12anp2_20211228_163959_2220006472_600_800.png,12anp2_20211228_163959_2220006472_600_800_mask.png,3
2,4,4,9,200,232,204,241,200,232,204,232,204,241,200,241,sub_line_text,table_text,table_0,times,italic,7.0,12anp2_20211228_163959_2220006472_600_800.png,/scratch/parceirosbr/bigoilict/share/BigOil/document_generator/datasets/documents_2021_12_28/12anp2_20211228_163959_2220006472_600_800.png,12anp2_20211228_163959_2220006472_600_800_mask.png,3
6,4,12,9,192,244,204,253,192,244,204,244,204,253,192,253,text,table_text,table_0,times,italic,7.0,12anp2_20211228_163959_2220006472_600_800.png,/scratch/parceirosbr/bigoilict/share/BigOil/document_generator/datasets/documents_2021_12_28/12anp2_20211228_163959_2220006472_600_800.png,12anp2_20211228_163959_2220006472_600_800_mask.png,676
6,4,12,9,192,244,204,253,192,244,204,244,204,253,192,253,sub_line_text,table_text,table_0,times,italic,7.0,12anp2_20211228_163959_2220006472_600_800.png,/scratch/parceirosbr/bigoilict/share/BigOil/document_generator/datasets/documents_2021_12_28/12anp2_20211228_163959_2220006472_600_800.png,12anp2_20211228_163959_2220006472_600_800_mask.png,676
6,4,12,9,192,256,204,265,192,256,204,256,204,265,192,265,text,table_text,table_0,times,italic,7.0,12anp2_20211228_163959_2220006472_600_800.png,/scratch/parceirosbr/bigoilict/share/BigOil/document_generator/datasets/documents_2021_12_28/12anp2_20211228_163959_2220006472_600_800.png,12anp2_20211228_163959_2220006472_600_800_mask.png,582
6,4,12,9,192,256,204,265,192,256,204,256,204,265,192,265,sub_line_text,table_text,table_0,times,italic,7.0,12anp2_20211228_163959_2220006472_600_800.png,/scratch/parceirosbr/bigoilict/share/BigOil/document_generator/datasets/documents_2021_12_28/12anp2_20211228_163959_2220006472_600_800.png,12anp2_20211228_163959_2220006472_600_800_mask.png,582
2,4,4,9,200,268,204,277,200,268,204,268,204,277,200,277,text,table_text,table_0,times,italic,7.0,12anp2_20211228_163959_2220006472_600_800.png,/scratch/parceirosbr/bigoilict/share/BigOil/document_generator/datasets/documents_2021_12_28/12anp2_20211228_163959_2220006472_600_800.png,12anp2_20211228_163959_2220006472_600_800_mask.png,8
2,4,4,9,200,268,204,277,200,268,204,268,204,277,200,277,sub_line_text,table_text,table_0,times,italic,7.0,12anp2_20211228_163959_2220006472_600_800.png,/scratch/parceirosbr/bigoilict/share/BigOil/document_generator/datasets/documents_2021_12_28/12anp2_20211228_163959_2220006472_600_800.png,12anp2_20211228_163959_2220006472_600_800_mask.png,8
6,4,12,9,192,280,204,289,192,280,204,280,204,289,192,289,text,table_text,table_0,times,italic,7.0,12anp2_20211228_163959_2220006472_600_800.png,/scratch/parceirosbr/bigoilict/share/BigOil/document_generator/datasets/documents_2021_12_28/12anp2_20211228_163959_2220006472_600_800.png,12anp2_20211228_163959_2220006472_600_800_mask.png,657
6,4,12,9,192,280,204,289,192,280,204,280,204,289,192,289,sub_line_text,table_text,table_0,times,italic,7.0,12anp2_20211228_163959_2220006472_600_800.png,/scratch/parceirosbr/bigoilict/share/BigOil/document_generator/datasets/documents_2021_12_28/12anp2_20211228_163959_2220006472_600_800.png,12anp2_20211228_163959_2220006472_600_800_mask.png,657
2,4,4,9,200,292,204,301,200,292,204,292,204,301,200,301,text,table_text,table_0,times,italic,7.0,12anp2_20211228_163959_2220006472_600_800.png,/scratch/parceirosbr/bigoilict/share/BigOil/document_generator/datasets/documents_2021_12_28/12anp2_20211228_163959_2220006472_600_800.png,12anp2_20211228_163959_2220006472_600_800_mask.png,5
2,4,4,9,200,292,204,301,200,292,204,292,204,301,200,301,sub_line_text,table_text,table_0,times,italic,7.0,12anp2_20211228_163959_2220006472_600_800.png,/scratch/parceirosbr/bigoilict/share/BigOil/document_generator/datasets/documents_2021_12_28/12anp2_20211228_163959_2220006472_600_800.png,12anp2_20211228_163959_2220006472_600_800_mask.png,5
2,4,4,9,200,304,204,313,200,304,204,304,204,313,200,313,text,table_text,table_0,times,italic,7.0,12anp2_20211228_163959_2220006472_600_800.png,/scratch/parceirosbr/bigoilict/share/BigOil/document_generator/datasets/documents_2021_12_28/12anp2_20211228_163959_2220006472_600_800.png,12anp2_20211228_163959_2220006472_600_800_mask.png,1
2,4,4,9,200,304,204,313,200,304,204,304,204,313,200,313,sub_line_text,table_text,table_0,times,italic,7.0,12anp2_20211228_163959_2220006472_600_800.png,/scratch/parceirosbr/bigoilict/share/BigOil/document_generator/datasets/documents_2021_12_28/12anp2_20211228_163959_2220006472_600_800.png,12anp2_20211228_163959_2220006472_600_800_mask.png,1
2,4,4,9,200,316,204,325,200,316,204,316,204,325,200,325,text,table_text,table_0,times,italic,7.0,12anp2_20211228_163959_2220006472_600_800.png,/scratch/parceirosbr/bigoilict/share/BigOil/document_generator/datasets/documents_2021_12_28/12anp2_20211228_163959_2220006472_600_800.png,12anp2_20211228_163959_2220006472_600_800_mask.png,4
2,4,4,9,200,316,204,325,200,316,204,316,204,325,200,325,sub_line_text,table_text,table_0,times,italic,7.0,12anp2_20211228_163959_2220006472_600_800.png,/scratch/parceirosbr/bigoilict/share/BigOil/document_generator/datasets/documents_2021_12_28/12anp2_20211228_163959_2220006472_600_800.png,12anp2_20211228_163959_2220006472_600_800_mask.png,4
4,4,8,9,196,328,204,337,196,328,204,328,204,337,196,337,text,table_text,table_0,times,italic,7.0,12anp2_20211228_163959_2220006472_600_800.png,/scratch/parceirosbr/bigoilict/share/BigOil/document_generator/datasets/documents_2021_12_28/12anp2_20211228_163959_2220006472_600_800.png,12anp2_20211228_163959_2220006472_600_800_mask.png,60
4,4,8,9,196,328,204,337,196,328,204,328,204,337,196,337,sub_line_text,table_text,table_0,times,italic,7.0,12anp2_20211228_163959_2220006472_600_800.png,/scratch/parceirosbr/bigoilict/share/BigOil/document_generator/datasets/documents_2021_12_28/12anp2_20211228_163959_2220006472_600_800.png,12anp2_20211228_163959_2220006472_600_800_mask.png,60
8,4,16,9,239,160,255,169,239,160,255,160,255,169,239,169,text,table_text,table_0,times,bold,7.0,12anp2_20211228_163959_2220006472_600_800.png,/scratch/parceirosbr/bigoilict/share/BigOil/document_generator/datasets/documents_2021_12_28/12anp2_20211228_163959_2220006472_600_800.png,12anp2_20211228_163959_2220006472_600_800_mask.png,custo
8,4,16,9,239,160,255,169,239,160,255,160,255,169,239,169,sub_line_text,table_text,table_0,times,bold,7.0,12anp2_20211228_163959_2220006472_600_800.png,/scratch/parceirosbr/bigoilict/share/BigOil/document_generator/datasets/documents_2021_12_28/12anp2_20211228_163959_2220006472_600_800.png,12anp2_20211228_163959_2220006472_600_800_mask.png,custo
20,4,40,9,227,172,267,181,227,172,267,172,267,181,227,181,text,table_text,table_0,times,italic,7.0,12anp2_20211228_163959_2220006472_600_800.png,/scratch/parceirosbr/bigoilict/share/BigOil/document_generator/datasets/documents_2021_12_28/12anp2_20211228_163959_2220006472_600_800.png,12anp2_20211228_163959_2220006472_600_800_mask.png,investimentos
20,4,40,9,227,172,267,181,227,172,267,172,267,181,227,181,sub_line_text,table_text,table_0,times,italic,7.0,12anp2_20211228_163959_2220006472_600_800.png,/scratch/parceirosbr/bigoilict/share/BigOil/document_generator/datasets/documents_2021_12_28/12anp2_20211228_163959_2220006472_600_800.png,12anp2_20211228_163959_2220006472_600_800_mask.png,investimentos
5,4,11,9,241,184,252,193,241,184,252,184,252,193,241,193,text,table_text,table_0,times,italic,7.0,12anp2_20211228_163959_2220006472_600_800.png,/scratch/parceirosbr/bigoilict/share/BigOil/document_generator/datasets/documents_2021_12_28/12anp2_20211228_163959_2220006472_600_800.png,12anp2_20211228_163959_2220006472_600_800_mask.png,dos
5,4,11,9,241,184,252,193,241,184,252,184,252,193,241,193,sub_line_text,table_text,table_0,times,italic,7.0,12anp2_20211228_163959_2220006472_600_800.png,/scratch/parceirosbr/bigoilict/share/BigOil/document_generator/datasets/documents_2021_12_28/12anp2_20211228_163959_2220006472_600_800.png,12anp2_20211228_163959_2220006472_600_800_mask.png,dos
18,4,37,9,228,196,265,205,228,196,265,196,265,205,228,205,text,table_text,table_0,times,italic,7.0,12anp2_20211228_163959_2220006472_600_800.png,/scratch/parceirosbr/bigoilict/share/BigOil/document_generator/datasets/documents_2021_12_28/12anp2_20211228_163959_2220006472_600_800.png,12anp2_20211228_163959_2220006472_600_800_mask.png,investimento
18,4,37,9,228,196,265,205,228,196,265,196,265,205,228,205,sub_line_text,table_text,table_0,times,italic,7.0,12anp2_20211228_163959_2220006472_600_800.png,/scratch/parceirosbr/bigoilict/share/BigOil/document_generator/datasets/documents_2021_12_28/12anp2_20211228_163959_2220006472_600_800.png,12anp2_20211228_163959_2220006472_600_800_mask.png,investimento
18,4,36,9,229,208,265,217,229,208,265,208,265,217,229,217,text,table_text,table_0,times,italic,7.0,12anp2_20211228_163959_2220006472_600_800.png,/scratch/parceirosbr/bigoilict/share/BigOil/document_generator/datasets/documents_2021_12_28/12anp2_20211228_163959_2220006472_600_800.png,12anp2_20211228_163959_2220006472_600_800_mask.png,viscosidade
18,4,36,9,229,208,265,217,229,208,265,208,265,217,229,217,sub_line_text,table_text,table_0,times,italic,7.0,12anp2_20211228_163959_2220006472_600_800.png,/scratch/parceirosbr/bigoilict/share/BigOil/document_generator/datasets/documents_2021_12_28/12anp2_20211228_163959_2220006472_600_800.png,12anp2_20211228_163959_2220006472_600_800_mask.png,viscosidade
15,4,30,9,231,220,261,229,231,220,261,220,261,229,231,229,text,table_text,table_0,times,italic,7.0,12anp2_20211228_163959_2220006472_600_800.png,/scratch/parceirosbr/bigoilict/share/BigOil/document_generator/datasets/documents_2021_12_28/12anp2_20211228_163959_2220006472_600_800.png,12anp2_20211228_163959_2220006472_600_800_mask.png,comercial
15,4,30,9,231,220,261,229,231,220,261,220,261,229,231,229,sub_line_text,table_text,table_0,times,italic,7.0,12anp2_20211228_163959_2220006472_600_800.png,/scratch/parceirosbr/bigoilict/share/BigOil/document_generator/datasets/documents_2021_12_28/12anp2_20211228_163959_2220006472_600_800.png,12anp2_20211228_163959_2220006472_600_800_mask.png,comercial
29,4,58,9,217,232,275,241,217,232,275,232,275,241,217,241,text,table_text,table_0,times,italic,7.0,12anp2_20211228_163959_2220006472_600_800.png,/scratch/parceirosbr/bigoilict/share/BigOil/document_generator/datasets/documents_2021_12_28/12anp2_20211228_163959_2220006472_600_800.png,12anp2_20211228_163959_2220006472_600_800_mask.png,fen√¥menocompleto
29,4,58,9,217,232,275,241,217,232,275,232,275,241,217,241,sub_line_text,table_text,table_0,times,italic,7.0,12anp2_20211228_163959_2220006472_600_800.png,/scratch/parceirosbr/bigoilict/share/BigOil/document_generator/datasets/documents_2021_12_28/12anp2_20211228_163959_2220006472_600_800.png,12anp2_20211228_163959_2220006472_600_800_mask.png,fen√¥menocompleto
4,4,8,9,243,244,251,253,243,244,251,244,251,253,243,253,text,table_text,table_0,times,italic,7.0,12anp2_20211228_163959_2220006472_600_800.png,/scratch/parceirosbr/bigoilict/share/BigOil/document_generator/datasets/documents_2021_12_28/12anp2_20211228_163959_2220006472_600_800.png,12anp2_20211228_163959_2220006472_600_800_mask.png,de
4,4,8,9,243,244,251,253,243,244,251,244,251,253,243,253,sub_line_text,table_text,table_0,times,italic,7.0,12anp2_20211228_163959_2220006472_600_800.png,/scratch/parceirosbr/bigoilict/share/BigOil/document_generator/datasets/documents_2021_12_28/12anp2_20211228_163959_2220006472_600_800.png,12anp2_20211228_163959_2220006472_600_800_mask.png,de
22,4,44,9,225,256,269,265,225,256,269,256,269,265,225,265,text,table_text,table_0,times,italic,7.0,12anp2_20211228_163959_2220006472_600_800.png,/scratch/parceirosbr/bigoilict/share/BigOil/document_generator/datasets/documents_2021_12_28/12anp2_20211228_163959_2220006472_600_800.png,12anp2_20211228_163959_2220006472_600_800_mask.png,caracter√≠sticas
22,4,44,9,225,256,269,265,225,256,269,256,269,265,225,265,sub_line_text,table_text,table_0,times,italic,7.0,12anp2_20211228_163959_2220006472_600_800.png,/scratch/parceirosbr/bigoilict/share/BigOil/document_generator/datasets/documents_2021_12_28/12anp2_20211228_163959_2220006472_600_800.png,12anp2_20211228_163959_2220006472_600_800_mask.png,caracter√≠sticas
2,4,4,9,245,268,249,277,245,268,249,268,249,277,245,277,text,table_text,table_0,times,italic,7.0,12anp2_20211228_163959_2220006472_600_800.png,/scratch/parceirosbr/bigoilict/share/BigOil/document_generator/datasets/documents_2021_12_28/12anp2_20211228_163959_2220006472_600_800.png,12anp2_20211228_163959_2220006472_600_800_mask.png,o
2,4,4,9,245,268,249,277,245,268,249,268,249,277,245,277,sub_line_text,table_text,table_0,times,italic,7.0,12anp2_20211228_163959_2220006472_600_800.png,/scratch/parceirosbr/bigoilict/share/BigOil/document_generator/datasets/documents_2021_12_28/12anp2_20211228_163959_2220006472_600_800.png,12anp2_20211228_163959_2220006472_600_800_mask.png,o
16,4,33,9,230,280,263,289,230,280,263,280,263,289,230,289,text,table_text,table_0,times,italic,7.0,12anp2_20211228_163959_2220006472_600_800.png,/scratch/parceirosbr/bigoilict/share/BigOil/document_generator/datasets/documents_2021_12_28/12anp2_20211228_163959_2220006472_600_800.png,12anp2_20211228_163959_2220006472_600_800_mask.png,combust√£o
16,4,33,9,230,280,263,289,230,280,263,280,263,289,230,289,sub_line_text,table_text,table_0,times,italic,7.0,12anp2_20211228_163959_2220006472_600_800.png,/scratch/parceirosbr/bigoilict/share/BigOil/document_generator/datasets/documents_2021_12_28/12anp2_20211228_163959_2220006472_600_800.png,12anp2_20211228_163959_2220006472_600_800_mask.png,combust√£o
15,4,31,9,231,292,262,301,231,292,262,292,262,301,231,301,text,table_text,table_0,times,italic,7.0,12anp2_20211228_163959_2220006472_600_800.png,/scratch/parceirosbr/bigoilict/share/BigOil/document_generator/datasets/documents_2021_12_28/12anp2_20211228_163959_2220006472_600_800.png,12anp2_20211228_163959_2220006472_600_800_mask.png,ineficiente
15,4,31,9,231,292,262,301,231,292,262,292,262,301,231,301,sub_line_text,table_text,table_0,times,italic,7.0,12anp2_20211228_163959_2220006472_600_800.png,/scratch/parceirosbr/bigoilict/share/BigOil/document_generator/datasets/documents_2021_12_28/12anp2_20211228_163959_2220006472_600_800.png,12anp2_20211228_163959_2220006472_600_800_mask.png,ineficiente
16,4,33,9,230,304,263,313,230,304,263,304,263,313,230,313,text,table_text,table_0,times,italic,7.0,12anp2_20211228_163959_2220006472_600_800.png,/scratch/parceirosbr/bigoilict/share/BigOil/document_generator/datasets/documents_2021_12_28/12anp2_20211228_163959_2220006472_600_800.png,12anp2_20211228_163959_2220006472_600_800_mask.png,comentado
16,4,33,9,230,304,263,313,230,304,263,304,263,313,230,313,sub_line_text,table_text,table_0,times,italic,7.0,12anp2_20211228_163959_2220006472_600_800.png,/scratch/parceirosbr/bigoilict/share/BigOil/document_generator/datasets/documents_2021_12_28/12anp2_20211228_163959_2220006472_600_800.png,12anp2_20211228_163959_2220006472_600_800_mask.png,comentado
11,4,23,9,235,316,258,325,235,316,258,316,258,325,235,325,text,table_text,table_0,times,italic,7.0,12anp2_20211228_163959_2220006472_600_800.png,/scratch/parceirosbr/bigoilict/share/BigOil/document_generator/datasets/documents_2021_12_28/12anp2_20211228_163959_2220006472_600_800.png,12anp2_20211228_163959_2220006472_600_800_mask.png,an√°lise
11,4,23,9,235,316,258,325,235,316,258,316,258,325,235,325,sub_line_text,table_text,table_0,times,italic,7.0,12anp2_20211228_163959_2220006472_600_800.png,/scratch/parceirosbr/bigoilict/share/BigOil/document_generator/datasets/documents_2021_12_28/12anp2_20211228_163959_2220006472_600_800.png,12anp2_20211228_163959_2220006472_600_800_mask.png,an√°lise
13,4,26,9,233,328,259,337,233,328,259,328,259,337,233,337,text,table_text,table_0,times,italic,7.0,12anp2_20211228_163959_2220006472_600_800.png,/scratch/parceirosbr/bigoilict/share/BigOil/document_generator/datasets/documents_2021_12_28/12anp2_20211228_163959_2220006472_600_800.png,12anp2_20211228_163959_2220006472_600_800_mask.png,log√≠stica
13,4,26,9,233,328,259,337,233,328,259,328,259,337,233,337,sub_line_text,table_text,table_0,times,italic,7.0,12anp2_20211228_163959_2220006472_600_800.png,/scratch/parceirosbr/bigoilict/share/BigOil/document_generator/datasets/documents_2021_12_28/12anp2_20211228_163959_2220006472_600_800.png,12anp2_20211228_163959_2220006472_600_800_mask.png,log√≠stica
13,4,27,9,341,160,368,169,341,160,368,160,368,169,341,169,text,table_text,table_0,times,bold,7.0,12anp2_20211228_163959_2220006472_600_800.png,/scratch/parceirosbr/bigoilict/share/BigOil/document_generator/datasets/documents_2021_12_28/12anp2_20211228_163959_2220006472_600_800.png,12anp2_20211228_163959_2220006472_600_800_mask.png,mercado
13,4,27,9,341,160,368,169,341,160,368,160,368,169,341,169,sub_line_text,table_text,table_0,times,bold,7.0,12anp2_20211228_163959_2220006472_600_800.png,/scratch/parceirosbr/bigoilict/share/BigOil/document_generator/datasets/documents_2021_12_28/12anp2_20211228_163959_2220006472_600_800.png,12anp2_20211228_163959_2220006472_600_800_mask.png,mercado
13,4,26,9,342,172,368,181,342,172,368,172,368,181,342,181,text,table_text,table_0,times,italic,7.0,12anp2_20211228_163959_2220006472_600_800.png,/scratch/parceirosbr/bigoilict/share/BigOil/document_generator/datasets/documents_2021_12_28/12anp2_20211228_163959_2220006472_600_800.png,12anp2_20211228_163959_2220006472_600_800_mask.png,991.598
13,4,26,9,342,172,368,181,342,172,368,172,368,181,342,181,sub_line_text,table_text,table_0,times,italic,7.0,12anp2_20211228_163959_2220006472_600_800.png,/scratch/parceirosbr/bigoilict/share/BigOil/document_generator/datasets/documents_2021_12_28/12anp2_20211228_163959_2220006472_600_800.png,12anp2_20211228_163959_2220006472_600_800_mask.png,991.598
11,4,22,9,346,184,368,193,346,184,368,184,368,193,346,193,text,table_text,table_0,times,italic,7.0,12anp2_20211228_163959_2220006472_600_800.png,/scratch/parceirosbr/bigoilict/share/BigOil/document_generator/datasets/documents_2021_12_28/12anp2_20211228_163959_2220006472_600_800.png,12anp2_20211228_163959_2220006472_600_800_mask.png,62.749
11,4,22,9,346,184,368,193,346,184,368,184,368,193,346,193,sub_line_text,table_text,table_0,times,italic,7.0,12anp2_20211228_163959_2220006472_600_800.png,/scratch/parceirosbr/bigoilict/share/BigOil/document_generator/datasets/documents_2021_12_28/12anp2_20211228_163959_2220006472_600_800.png,12anp2_20211228_163959_2220006472_600_800_mask.png,62.749
15,4,30,9,338,196,368,205,338,196,368,196,368,205,338,205,text,table_text,table_0,times,italic,7.0,12anp2_20211228_163959_2220006472_600_800.png,/scratch/parceirosbr/bigoilict/share/BigOil/document_generator/datasets/documents_2021_12_28/12anp2_20211228_163959_2220006472_600_800.png,12anp2_20211228_163959_2220006472_600_800_mask.png,7798.163
15,4,30,9,338,196,368,205,338,196,368,196,368,205,338,205,sub_line_text,table_text,table_0,times,italic,7.0,12anp2_20211228_163959_2220006472_600_800.png,/scratch/parceirosbr/bigoilict/share/BigOil/document_generator/datasets/documents_2021_12_28/12anp2_20211228_163959_2220006472_600_800.png,12anp2_20211228_163959_2220006472_600_800_mask.png,7798.163
11,4,22,9,346,208,368,217,346,208,368,208,368,217,346,217,text,table_text,table_0,times,italic,7.0,12anp2_20211228_163959_2220006472_600_800.png,/scratch/parceirosbr/bigoilict/share/BigOil/document_generator/datasets/documents_2021_12_28/12anp2_20211228_163959_2220006472_600_800.png,12anp2_20211228_163959_2220006472_600_800_mask.png,93.953
11,4,22,9,346,208,368,217,346,208,368,208,368,217,346,217,sub_line_text,table_text,table_0,times,italic,7.0,12anp2_20211228_163959_2220006472_600_800.png,/scratch/parceirosbr/bigoilict/share/BigOil/document_generator/datasets/documents_2021_12_28/12anp2_20211228_163959_2220006472_600_800.png,12anp2_20211228_163959_2220006472_600_800_mask.png,93.953
13,4,26,9,342,220,368,229,342,220,368,220,368,229,342,229,text,table_text,table_0,times,italic,7.0,12anp2_20211228_163959_2220006472_600_800.png,/scratch/parceirosbr/bigoilict/share/BigOil/document_generator/datasets/documents_2021_12_28/12anp2_20211228_163959_2220006472_600_800.png,12anp2_20211228_163959_2220006472_600_800_mask.png,870.767
13,4,26,9,342,220,368,229,342,220,368,220,368,229,342,229,sub_line_text,table_text,table_0,times,italic,7.0,12anp2_20211228_163959_2220006472_600_800.png,/scratch/parceirosbr/bigoilict/share/BigOil/document_generator/datasets/documents_2021_12_28/12anp2_20211228_163959_2220006472_600_800.png,12anp2_20211228_163959_2220006472_600_800_mask.png,870.767
13,4,26,9,342,232,368,241,342,232,368,232,368,241,342,241,text,table_text,table_0,times,italic,7.0,12anp2_20211228_163959_2220006472_600_800.png,/scratch/parceirosbr/bigoilict/share/BigOil/document_generator/datasets/documents_2021_12_28/12anp2_20211228_163959_2220006472_600_800.png,12anp2_20211228_163959_2220006472_600_800_mask.png,709.852
13,4,26,9,342,232,368,241,342,232,368,232,368,241,342,241,sub_line_text,table_text,table_0,times,italic,7.0,12anp2_20211228_163959_2220006472_600_800.png,/scratch/parceirosbr/bigoilict/share/BigOil/document_generator/datasets/documents_2021_12_28/12anp2_20211228_163959_2220006472_600_800.png,12anp2_20211228_163959_2220006472_600_800_mask.png,709.852
15,4,30,9,338,244,368,253,338,244,368,244,368,253,338,253,text,table_text,table_0,times,italic,7.0,12anp2_20211228_163959_2220006472_600_800.png,/scratch/parceirosbr/bigoilict/share/BigOil/document_generator/datasets/documents_2021_12_28/12anp2_20211228_163959_2220006472_600_800.png,12anp2_20211228_163959_2220006472_600_800_mask.png,3480.731
15,4,30,9,338,244,368,253,338,244,368,244,368,253,338,253,sub_line_text,table_text,table_0,times,italic,7.0,12anp2_20211228_163959_2220006472_600_800.png,/scratch/parceirosbr/bigoilict/share/BigOil/document_generator/datasets/documents_2021_12_28/12anp2_20211228_163959_2220006472_600_800.png,12anp2_20211228_163959_2220006472_600_800_mask.png,3480.731
17,4,34,9,334,256,368,265,334,256,368,256,368,265,334,265,text,table_text,table_0,times,italic,7.0,12anp2_20211228_163959_2220006472_600_800.png,/scratch/parceirosbr/bigoilict/share/BigOil/document_generator/datasets/documents_2021_12_28/12anp2_20211228_163959_2220006472_600_800.png,12anp2_20211228_163959_2220006472_600_800_mask.png,82339.960
17,4,34,9,334,256,368,265,334,256,368,256,368,265,334,265,sub_line_text,table_text,table_0,times,italic,7.0,12anp2_20211228_163959_2220006472_600_800.png,/scratch/parceirosbr/bigoilict/share/BigOil/document_generator/datasets/documents_2021_12_28/12anp2_20211228_163959_2220006472_600_800.png,12anp2_20211228_163959_2220006472_600_800_mask.png,82339.960
13,4,26,9,342,268,368,277,342,268,368,268,368,277,342,277,text,table_text,table_0,times,italic,7.0,12anp2_20211228_163959_2220006472_600_800.png,/scratch/parceirosbr/bigoilict/share/BigOil/document_generator/datasets/documents_2021_12_28/12anp2_20211228_163959_2220006472_600_800.png,12anp2_20211228_163959_2220006472_600_800_mask.png,621.176
13,4,26,9,342,268,368,277,342,268,368,268,368,277,342,277,sub_line_text,table_text,table_0,times,italic,7.0,12anp2_20211228_163959_2220006472_600_800.png,/scratch/parceirosbr/bigoilict/share/BigOil/document_generator/datasets/documents_2021_12_28/12anp2_20211228_163959_2220006472_600_800.png,12anp2_20211228_163959_2220006472_600_800_mask.png,621.176
17,4,34,9,334,280,368,289,334,280,368,280,368,289,334,289,text,table_text,table_0,times,italic,7.0,12anp2_20211228_163959_2220006472_600_800.png,/scratch/parceirosbr/bigoilict/share/BigOil/document_generator/datasets/documents_2021_12_28/12anp2_20211228_163959_2220006472_600_800.png,12anp2_20211228_163959_2220006472_600_800_mask.png,64478.532
17,4,34,9,334,280,368,289,334,280,368,280,368,289,334,289,sub_line_text,table_text,table_0,times,italic,7.0,12anp2_20211228_163959_2220006472_600_800.png,/scratch/parceirosbr/bigoilict/share/BigOil/document_generator/datasets/documents_2021_12_28/12anp2_20211228_163959_2220006472_600_800.png,12anp2_20211228_163959_2220006472_600_800_mask.png,64478.532
17,4,34,9,334,292,368,301,334,292,368,292,368,301,334,301,text,table_text,table_0,times,italic,7.0,12anp2_20211228_163959_2220006472_600_800.png,/scratch/parceirosbr/bigoilict/share/BigOil/document_generator/datasets/documents_2021_12_28/12anp2_20211228_163959_2220006472_600_800.png,12anp2_20211228_163959_2220006472_600_800_mask.png,21879.179
17,4,34,9,334,292,368,301,334,292,368,292,368,301,334,301,sub_line_text,table_text,table_0,times,italic,7.0,12anp2_20211228_163959_2220006472_600_800.png,/scratch/parceirosbr/bigoilict/share/BigOil/document_generator/datasets/documents_2021_12_28/12anp2_20211228_163959_2220006472_600_800.png,12anp2_20211228_163959_2220006472_600_800_mask.png,21879.179
13,4,26,9,342,304,368,313,342,304,368,304,368,313,342,313,text,table_text,table_0,times,italic,7.0,12anp2_20211228_163959_2220006472_600_800.png,/scratch/parceirosbr/bigoilict/share/BigOil/document_generator/datasets/documents_2021_12_28/12anp2_20211228_163959_2220006472_600_800.png,12anp2_20211228_163959_2220006472_600_800_mask.png,327.317
13,4,26,9,342,304,368,313,342,304,368,304,368,313,342,313,sub_line_text,table_text,table_0,times,italic,7.0,12anp2_20211228_163959_2220006472_600_800.png,/scratch/parceirosbr/bigoilict/share/BigOil/document_generator/datasets/documents_2021_12_28/12anp2_20211228_163959_2220006472_600_800.png,12anp2_20211228_163959_2220006472_600_800_mask.png,327.317
15,4,30,9,338,316,368,325,338,316,368,316,368,325,338,325,text,table_text,table_0,times,italic,7.0,12anp2_20211228_163959_2220006472_600_800.png,/scratch/parceirosbr/bigoilict/share/BigOil/document_generator/datasets/documents_2021_12_28/12anp2_20211228_163959_2220006472_600_800.png,12anp2_20211228_163959_2220006472_600_800_mask.png,1939.100
15,4,30,9,338,316,368,325,338,316,368,316,368,325,338,325,sub_line_text,table_text,table_0,times,italic,7.0,12anp2_20211228_163959_2220006472_600_800.png,/scratch/parceirosbr/bigoilict/share/BigOil/document_generator/datasets/documents_2021_12_28/12anp2_20211228_163959_2220006472_600_800.png,12anp2_20211228_163959_2220006472_600_800_mask.png,1939.100
17,4,34,9,334,328,368,337,334,328,368,328,368,337,334,337,text,table_text,table_0,times,italic,7.0,12anp2_20211228_163959_2220006472_600_800.png,/scratch/parceirosbr/bigoilict/share/BigOil/document_generator/datasets/documents_2021_12_28/12anp2_20211228_163959_2220006472_600_800.png,12anp2_20211228_163959_2220006472_600_800_mask.png,14344.147
17,4,34,9,334,328,368,337,334,328,368,328,368,337,334,337,sub_line_text,table_text,table_0,times,italic,7.0,12anp2_20211228_163959_2220006472_600_800.png,/scratch/parceirosbr/bigoilict/share/BigOil/document_generator/datasets/documents_2021_12_28/12anp2_20211228_163959_2220006472_600_800.png,12anp2_20211228_163959_2220006472_600_800_mask.png,14344.147
15,4,31,9,445,160,476,169,445,160,476,160,476,169,445,169,text,table_text,table_0,times,bold,7.0,12anp2_20211228_163959_2220006472_600_800.png,/scratch/parceirosbr/bigoilict/share/BigOil/document_generator/datasets/documents_2021_12_28/12anp2_20211228_163959_2220006472_600_800.png,12anp2_20211228_163959_2220006472_600_800_mask.png,formando
15,4,31,9,445,160,476,169,445,160,476,160,476,169,445,169,sub_line_text,table_text,table_0,times,bold,7.0,12anp2_20211228_163959_2220006472_600_800.png,/scratch/parceirosbr/bigoilict/share/BigOil/document_generator/datasets/documents_2021_12_28/12anp2_20211228_163959_2220006472_600_800.png,12anp2_20211228_163959_2220006472_600_800_mask.png,formando
18,4,37,9,383,172,420,181,383,172,420,172,420,181,383,181,text,table_text,table_0,times,italic,7.0,12anp2_20211228_163959_2220006472_600_800.png,/scratch/parceirosbr/bigoilict/share/BigOil/document_generator/datasets/documents_2021_12_28/12anp2_20211228_163959_2220006472_600_800.png,12anp2_20211228_163959_2220006472_600_800_mask.png,desempenho
18,4,37,9,383,172,420,181,383,172,420,172,420,181,383,181,sub_line_text,table_text,table_0,times,italic,7.0,12anp2_20211228_163959_2220006472_600_800.png,/scratch/parceirosbr/bigoilict/share/BigOil/document_generator/datasets/documents_2021_12_28/12anp2_20211228_163959_2220006472_600_800.png,12anp2_20211228_163959_2220006472_600_800_mask.png,desempenho
12,4,25,9,389,184,414,193,389,184,414,184,414,193,389,193,text,table_text,table_0,times,italic,7.0,12anp2_20211228_163959_2220006472_600_800.png,/scratch/parceirosbr/bigoilict/share/BigOil/document_generator/datasets/documents_2021_12_28/12anp2_20211228_163959_2220006472_600_800.png,12anp2_20211228_163959_2220006472_600_800_mask.png,diversas
12,4,25,9,389,184,414,193,389,184,414,184,414,193,389,193,sub_line_text,table_text,table_0,times,italic,7.0,12anp2_20211228_163959_2220006472_600_800.png,/scratch/parceirosbr/bigoilict/share/BigOil/document_generator/datasets/documents_2021_12_28/12anp2_20211228_163959_2220006472_600_800.png,12anp2_20211228_163959_2220006472_600_800_mask.png,diversas
18,4,37,9,383,196,420,205,383,196,420,196,420,205,383,205,text,table_text,table_0,times,italic,7.0,12anp2_20211228_163959_2220006472_600_800.png,/scratch/parceirosbr/bigoilict/share/BigOil/document_generator/datasets/documents_2021_12_28/12anp2_20211228_163959_2220006472_600_800.png,12anp2_20211228_163959_2220006472_600_800_mask.png,desempenho
18,4,37,9,383,196,420,205,383,196,420,196,420,205,383,205,sub_line_text,table_text,table_0,times,italic,7.0,12anp2_20211228_163959_2220006472_600_800.png,/scratch/parceirosbr/bigoilict/share/BigOil/document_generator/datasets/documents_2021_12_28/12anp2_20211228_163959_2220006472_600_800.png,12anp2_20211228_163959_2220006472_600_800_mask.png,desempenho
9,4,18,9,392,208,410,217,392,208,410,208,410,217,392,217,text,table_text,table_0,times,italic,7.0,12anp2_20211228_163959_2220006472_600_800.png,/scratch/parceirosbr/bigoilict/share/BigOil/document_generator/datasets/documents_2021_12_28/12anp2_20211228_163959_2220006472_600_800.png,12anp2_20211228_163959_2220006472_600_800_mask.png,bal√£o
9,4,18,9,392,208,410,217,392,208,410,208,410,217,392,217,sub_line_text,table_text,table_0,times,italic,7.0,12anp2_20211228_163959_2220006472_600_800.png,/scratch/parceirosbr/bigoilict/share/BigOil/document_generator/datasets/documents_2021_12_28/12anp2_20211228_163959_2220006472_600_800.png,12anp2_20211228_163959_2220006472_600_800_mask.png,bal√£o
10,4,20,9,391,220,411,229,391,220,411,220,411,229,391,229,text,table_text,table_0,times,italic,7.0,12anp2_20211228_163959_2220006472_600_800.png,/scratch/parceirosbr/bigoilict/share/BigOil/document_generator/datasets/documents_2021_12_28/12anp2_20211228_163959_2220006472_600_800.png,12anp2_20211228_163959_2220006472_600_800_mask.png,dessas
10,4,20,9,391,220,411,229,391,220,411,220,411,229,391,229,sub_line_text,table_text,table_0,times,italic,7.0,12anp2_20211228_163959_2220006472_600_800.png,/scratch/parceirosbr/bigoilict/share/BigOil/document_generator/datasets/documents_2021_12_28/12anp2_20211228_163959_2220006472_600_800.png,12anp2_20211228_163959_2220006472_600_800_mask.png,dessas
14,4,29,9,387,232,416,241,387,232,416,232,416,241,387,241,text,table_text,table_0,times,italic,7.0,12anp2_20211228_163959_2220006472_600_800.png,/scratch/parceirosbr/bigoilict/share/BigOil/document_generator/datasets/documents_2021_12_28/12anp2_20211228_163959_2220006472_600_800.png,12anp2_20211228_163959_2220006472_600_800_mask.png,diferentes
14,4,29,9,387,232,416,241,387,232,416,232,416,241,387,241,sub_line_text,table_text,table_0,times,italic,7.0,12anp2_20211228_163959_2220006472_600_800.png,/scratch/parceirosbr/bigoilict/share/BigOil/document_generator/datasets/documents_2021_12_28/12anp2_20211228_163959_2220006472_600_800.png,12anp2_20211228_163959_2220006472_600_800_mask.png,diferentes
10,4,21,9,391,244,412,253,391,244,412,244,412,253,391,253,text,table_text,table_0,times,italic,7.0,12anp2_20211228_163959_2220006472_600_800.png,/scratch/parceirosbr/bigoilict/share/BigOil/document_generator/datasets/documents_2021_12_28/12anp2_20211228_163959_2220006472_600_800.png,12anp2_20211228_163959_2220006472_600_800_mask.png,pre√ßos
10,4,21,9,391,244,412,253,391,244,412,244,412,253,391,253,sub_line_text,table_text,table_0,times,italic,7.0,12anp2_20211228_163959_2220006472_600_800.png,/scratch/parceirosbr/bigoilict/share/BigOil/document_generator/datasets/documents_2021_12_28/12anp2_20211228_163959_2220006472_600_800.png,12anp2_20211228_163959_2220006472_600_800_mask.png,pre√ßos
8,4,16,9,393,256,409,265,393,256,409,256,409,265,393,265,text,table_text,table_0,times,italic,7.0,12anp2_20211228_163959_2220006472_600_800.png,/scratch/parceirosbr/bigoilict/share/BigOil/document_generator/datasets/documents_2021_12_28/12anp2_20211228_163959_2220006472_600_800.png,12anp2_20211228_163959_2220006472_600_800_mask.png,grau
8,4,16,9,393,256,409,265,393,256,409,256,409,265,393,265,sub_line_text,table_text,table_0,times,italic,7.0,12anp2_20211228_163959_2220006472_600_800.png,/scratch/parceirosbr/bigoilict/share/BigOil/document_generator/datasets/documents_2021_12_28/12anp2_20211228_163959_2220006472_600_800.png,12anp2_20211228_163959_2220006472_600_800_mask.png,grau
21,4,43,9,379,268,422,277,379,268,422,268,422,277,379,277,text,table_text,table_0,times,italic,7.0,12anp2_20211228_163959_2220006472_600_800.png,/scratch/parceirosbr/bigoilict/share/BigOil/document_generator/datasets/documents_2021_12_28/12anp2_20211228_163959_2220006472_600_800.png,12anp2_20211228_163959_2220006472_600_800_mask.png,infraestrutura
21,4,43,9,379,268,422,277,379,268,422,268,422,277,379,277,sub_line_text,table_text,table_0,times,italic,7.0,12anp2_20211228_163959_2220006472_600_800.png,/scratch/parceirosbr/bigoilict/share/BigOil/document_generator/datasets/documents_2021_12_28/12anp2_20211228_163959_2220006472_600_800.png,12anp2_20211228_163959_2220006472_600_800_mask.png,infraestrutura
16,4,32,9,385,280,417,289,385,280,417,280,417,289,385,289,text,table_text,table_0,times,italic,7.0,12anp2_20211228_163959_2220006472_600_800.png,/scratch/parceirosbr/bigoilict/share/BigOil/document_generator/datasets/documents_2021_12_28/12anp2_20211228_163959_2220006472_600_800.png,12anp2_20211228_163959_2220006472_600_800_mask.png,part√≠culas
16,4,32,9,385,280,417,289,385,280,417,280,417,289,385,289,sub_line_text,table_text,table_0,times,italic,7.0,12anp2_20211228_163959_2220006472_600_800.png,/scratch/parceirosbr/bigoilict/share/BigOil/document_generator/datasets/documents_2021_12_28/12anp2_20211228_163959_2220006472_600_800.png,12anp2_20211228_163959_2220006472_600_800_mask.png,part√≠culas
13,4,26,9,388,292,414,301,388,292,414,292,414,301,388,301,text,table_text,table_0,times,italic,7.0,12anp2_20211228_163959_2220006472_600_800.png,/scratch/parceirosbr/bigoilict/share/BigOil/document_generator/datasets/documents_2021_12_28/12anp2_20211228_163959_2220006472_600_800.png,12anp2_20211228_163959_2220006472_600_800_mask.png,recursos
13,4,26,9,388,292,414,301,388,292,414,292,414,301,388,301,sub_line_text,table_text,table_0,times,italic,7.0,12anp2_20211228_163959_2220006472_600_800.png,/scratch/parceirosbr/bigoilict/share/BigOil/document_generator/datasets/documents_2021_12_28/12anp2_20211228_163959_2220006472_600_800.png,12anp2_20211228_163959_2220006472_600_800_mask.png,recursos
16,4,32,9,385,304,417,313,385,304,417,304,417,313,385,313,text,table_text,table_0,times,italic,7.0,12anp2_20211228_163959_2220006472_600_800.png,/scratch/parceirosbr/bigoilict/share/BigOil/document_generator/datasets/documents_2021_12_28/12anp2_20211228_163959_2220006472_600_800.png,12anp2_20211228_163959_2220006472_600_800_mask.png,principais
16,4,32,9,385,304,417,313,385,304,417,304,417,313,385,313,sub_line_text,table_text,table_0,times,italic,7.0,12anp2_20211228_163959_2220006472_600_800.png,/scratch/parceirosbr/bigoilict/share/BigOil/document_generator/datasets/documents_2021_12_28/12anp2_20211228_163959_2220006472_600_800.png,12anp2_20211228_163959_2220006472_600_800_mask.png,principais
13,4,26,9,388,316,414,325,388,316,414,316,414,325,388,325,text,table_text,table_0,times,italic,7.0,12anp2_20211228_163959_2220006472_600_800.png,/scratch/parceirosbr/bigoilict/share/BigOil/document_generator/datasets/documents_2021_12_28/12anp2_20211228_163959_2220006472_600_800.png,12anp2_20211228_163959_2220006472_600_800_mask.png,controle
13,4,26,9,388,316,414,325,388,316,414,316,414,325,388,325,sub_line_text,table_text,table_0,times,italic,7.0,12anp2_20211228_163959_2220006472_600_800.png,/scratch/parceirosbr/bigoilict/share/BigOil/document_generator/datasets/documents_2021_12_28/12anp2_20211228_163959_2220006472_600_800.png,12anp2_20211228_163959_2220006472_600_800_mask.png,controle
3,4,7,9,397,328,404,337,397,328,404,328,404,337,397,337,text,table_text,table_0,times,italic,7.0,12anp2_20211228_163959_2220006472_600_800.png,/scratch/parceirosbr/bigoilict/share/BigOil/document_generator/datasets/documents_2021_12_28/12anp2_20211228_163959_2220006472_600_800.png,12anp2_20211228_163959_2220006472_600_800_mask.png,as
3,4,7,9,397,328,404,337,397,328,404,328,404,337,397,337,sub_line_text,table_text,table_0,times,italic,7.0,12anp2_20211228_163959_2220006472_600_800.png,/scratch/parceirosbr/bigoilict/share/BigOil/document_generator/datasets/documents_2021_12_28/12anp2_20211228_163959_2220006472_600_800.png,12anp2_20211228_163959_2220006472_600_800_mask.png,as
13,4,27,9,478,172,505,181,478,172,505,172,505,181,478,181,text,table_text,table_0,times,italic,7.0,12anp2_20211228_163959_2220006472_600_800.png,/scratch/parceirosbr/bigoilict/share/BigOil/document_generator/datasets/documents_2021_12_28/12anp2_20211228_163959_2220006472_600_800.png,12anp2_20211228_163959_2220006472_600_800_mask.png,superior
13,4,27,9,478,172,505,181,478,172,505,172,505,181,478,181,sub_line_text,table_text,table_0,times,italic,7.0,12anp2_20211228_163959_2220006472_600_800.png,/scratch/parceirosbr/bigoilict/share/BigOil/document_generator/datasets/documents_2021_12_28/12anp2_20211228_163959_2220006472_600_800.png,12anp2_20211228_163959_2220006472_600_800_mask.png,superior
13,4,27,9,478,184,505,193,478,184,505,184,505,193,478,193,text,table_text,table_0,times,italic,7.0,12anp2_20211228_163959_2220006472_600_800.png,/scratch/parceirosbr/bigoilict/share/BigOil/document_generator/datasets/documents_2021_12_28/12anp2_20211228_163959_2220006472_600_800.png,12anp2_20211228_163959_2220006472_600_800_mask.png,partirde
13,4,27,9,478,184,505,193,478,184,505,184,505,193,478,193,sub_line_text,table_text,table_0,times,italic,7.0,12anp2_20211228_163959_2220006472_600_800.png,/scratch/parceirosbr/bigoilict/share/BigOil/document_generator/datasets/documents_2021_12_28/12anp2_20211228_163959_2220006472_600_800.png,12anp2_20211228_163959_2220006472_600_800_mask.png,partirde
10,4,20,9,481,196,501,205,481,196,501,196,501,205,481,205,text,table_text,table_0,times,italic,7.0,12anp2_20211228_163959_2220006472_600_800.png,/scratch/parceirosbr/bigoilict/share/BigOil/document_generator/datasets/documents_2021_12_28/12anp2_20211228_163959_2220006472_600_800.png,12anp2_20211228_163959_2220006472_600_800_mask.png,geram
10,4,20,9,481,196,501,205,481,196,501,196,501,205,481,205,sub_line_text,table_text,table_0,times,italic,7.0,12anp2_20211228_163959_2220006472_600_800.png,/scratch/parceirosbr/bigoilict/share/BigOil/document_generator/datasets/documents_2021_12_28/12anp2_20211228_163959_2220006472_600_800.png,12anp2_20211228_163959_2220006472_600_800_mask.png,geram
8,4,16,9,483,208,499,217,483,208,499,208,499,217,483,217,text,table_text,table_0,times,italic,7.0,12anp2_20211228_163959_2220006472_600_800.png,/scratch/parceirosbr/bigoilict/share/BigOil/document_generator/datasets/documents_2021_12_28/12anp2_20211228_163959_2220006472_600_800.png,12anp2_20211228_163959_2220006472_600_800_mask.png,√©pela
8,4,16,9,483,208,499,217,483,208,499,208,499,217,483,217,sub_line_text,table_text,table_0,times,italic,7.0,12anp2_20211228_163959_2220006472_600_800.png,/scratch/parceirosbr/bigoilict/share/BigOil/document_generator/datasets/documents_2021_12_28/12anp2_20211228_163959_2220006472_600_800.png,12anp2_20211228_163959_2220006472_600_800_mask.png,√©pela
10,4,21,9,481,220,502,229,481,220,502,220,502,229,481,229,text,table_text,table_0,times,italic,7.0,12anp2_20211228_163959_2220006472_600_800.png,/scratch/parceirosbr/bigoilict/share/BigOil/document_generator/datasets/documents_2021_12_28/12anp2_20211228_163959_2220006472_600_800.png,12anp2_20211228_163959_2220006472_600_800_mask.png,demais
10,4,21,9,481,220,502,229,481,220,502,220,502,229,481,229,sub_line_text,table_text,table_0,times,italic,7.0,12anp2_20211228_163959_2220006472_600_800.png,/scratch/parceirosbr/bigoilict/share/BigOil/document_generator/datasets/documents_2021_12_28/12anp2_20211228_163959_2220006472_600_800.png,12anp2_20211228_163959_2220006472_600_800_mask.png,demais
8,4,17,9,483,232,500,241,483,232,500,232,500,241,483,241,text,table_text,table_0,times,italic,7.0,12anp2_20211228_163959_2220006472_600_800.png,/scratch/parceirosbr/bigoilict/share/BigOil/document_generator/datasets/documents_2021_12_28/12anp2_20211228_163959_2220006472_600_800.png,12anp2_20211228_163959_2220006472_600_800_mask.png,ber√ßo
8,4,17,9,483,232,500,241,483,232,500,232,500,241,483,241,sub_line_text,table_text,table_0,times,italic,7.0,12anp2_20211228_163959_2220006472_600_800.png,/scratch/parceirosbr/bigoilict/share/BigOil/document_generator/datasets/documents_2021_12_28/12anp2_20211228_163959_2220006472_600_800.png,12anp2_20211228_163959_2220006472_600_800_mask.png,ber√ßo
10,4,21,9,481,244,502,253,481,244,502,244,502,253,481,253,text,table_text,table_0,times,italic,7.0,12anp2_20211228_163959_2220006472_600_800.png,/scratch/parceirosbr/bigoilict/share/BigOil/document_generator/datasets/documents_2021_12_28/12anp2_20211228_163959_2220006472_600_800.png,12anp2_20211228_163959_2220006472_600_800_mask.png,possui
10,4,21,9,481,244,502,253,481,244,502,244,502,253,481,253,sub_line_text,table_text,table_0,times,italic,7.0,12anp2_20211228_163959_2220006472_600_800.png,/scratch/parceirosbr/bigoilict/share/BigOil/document_generator/datasets/documents_2021_12_28/12anp2_20211228_163959_2220006472_600_800.png,12anp2_20211228_163959_2220006472_600_800_mask.png,possui
14,4,28,9,477,256,505,265,477,256,505,256,505,265,477,265,text,table_text,table_0,times,italic,7.0,12anp2_20211228_163959_2220006472_600_800.png,/scratch/parceirosbr/bigoilict/share/BigOil/document_generator/datasets/documents_2021_12_28/12anp2_20211228_163959_2220006472_600_800.png,12anp2_20211228_163959_2220006472_600_800_mask.png,efici√™ncia
14,4,28,9,477,256,505,265,477,256,505,256,505,265,477,265,sub_line_text,table_text,table_0,times,italic,7.0,12anp2_20211228_163959_2220006472_600_800.png,/scratch/parceirosbr/bigoilict/share/BigOil/document_generator/datasets/documents_2021_12_28/12anp2_20211228_163959_2220006472_600_800.png,12anp2_20211228_163959_2220006472_600_800_mask.png,efici√™ncia
11,4,22,9,481,268,503,277,481,268,503,268,503,277,481,277,text,table_text,table_0,times,italic,7.0,12anp2_20211228_163959_2220006472_600_800.png,/scratch/parceirosbr/bigoilict/share/BigOil/document_generator/datasets/documents_2021_12_28/12anp2_20211228_163959_2220006472_600_800.png,12anp2_20211228_163959_2220006472_600_800_mask.png,c√°lculo
11,4,22,9,481,268,503,277,481,268,503,268,503,277,481,277,sub_line_text,table_text,table_0,times,italic,7.0,12anp2_20211228_163959_2220006472_600_800.png,/scratch/parceirosbr/bigoilict/share/BigOil/document_generator/datasets/documents_2021_12_28/12anp2_20211228_163959_2220006472_600_800.png,12anp2_20211228_163959_2220006472_600_800_mask.png,c√°lculo
6,4,12,9,485,280,497,289,485,280,497,280,497,289,485,289,text,table_text,table_0,times,italic,7.0,12anp2_20211228_163959_2220006472_600_800.png,/scratch/parceirosbr/bigoilict/share/BigOil/document_generator/datasets/documents_2021_12_28/12anp2_20211228_163959_2220006472_600_800.png,12anp2_20211228_163959_2220006472_600_800_mask.png,n√£o
6,4,12,9,485,280,497,289,485,280,497,280,497,289,485,289,sub_line_text,table_text,table_0,times,italic,7.0,12anp2_20211228_163959_2220006472_600_800.png,/scratch/parceirosbr/bigoilict/share/BigOil/document_generator/datasets/documents_2021_12_28/12anp2_20211228_163959_2220006472_600_800.png,12anp2_20211228_163959_2220006472_600_800_mask.png,n√£o
18,4,36,9,473,292,509,301,473,292,509,292,509,301,473,301,text,table_text,table_0,times,italic,7.0,12anp2_20211228_163959_2220006472_600_800.png,/scratch/parceirosbr/bigoilict/share/BigOil/document_generator/datasets/documents_2021_12_28/12anp2_20211228_163959_2220006472_600_800.png,12anp2_20211228_163959_2220006472_600_800_mask.png,investidores
18,4,36,9,473,292,509,301,473,292,509,292,509,301,473,301,sub_line_text,table_text,table_0,times,italic,7.0,12anp2_20211228_163959_2220006472_600_800.png,/scratch/parceirosbr/bigoilict/share/BigOil/document_generator/datasets/documents_2021_12_28/12anp2_20211228_163959_2220006472_600_800.png,12anp2_20211228_163959_2220006472_600_800_mask.png,investidores
16,4,33,9,475,304,508,313,475,304,508,304,508,313,475,313,text,table_text,table_0,times,italic,7.0,12anp2_20211228_163959_2220006472_600_800.png,/scratch/parceirosbr/bigoilict/share/BigOil/document_generator/datasets/documents_2021_12_28/12anp2_20211228_163959_2220006472_600_800.png,12anp2_20211228_163959_2220006472_600_800_mask.png,problemas
16,4,33,9,475,304,508,313,475,304,508,304,508,313,475,313,sub_line_text,table_text,table_0,times,italic,7.0,12anp2_20211228_163959_2220006472_600_800.png,/scratch/parceirosbr/bigoilict/share/BigOil/document_generator/datasets/documents_2021_12_28/12anp2_20211228_163959_2220006472_600_800.png,12anp2_20211228_163959_2220006472_600_800_mask.png,problemas
16,4,33,9,475,316,508,325,475,316,508,316,508,325,475,325,text,table_text,table_0,times,italic,7.0,12anp2_20211228_163959_2220006472_600_800.png,/scratch/parceirosbr/bigoilict/share/BigOil/document_generator/datasets/documents_2021_12_28/12anp2_20211228_163959_2220006472_600_800.png,12anp2_20211228_163959_2220006472_600_800_mask.png,comentado
16,4,33,9,475,316,508,325,475,316,508,316,508,325,475,325,sub_line_text,table_text,table_0,times,italic,7.0,12anp2_20211228_163959_2220006472_600_800.png,/scratch/parceirosbr/bigoilict/share/BigOil/document_generator/datasets/documents_2021_12_28/12anp2_20211228_163959_2220006472_600_800.png,12anp2_20211228_163959_2220006472_600_800_mask.png,comentado
8,4,16,9,483,328,499,337,483,328,499,328,499,337,483,337,text,table_text,table_0,times,italic,7.0,12anp2_20211228_163959_2220006472_600_800.png,/scratch/parceirosbr/bigoilict/share/BigOil/document_generator/datasets/documents_2021_12_28/12anp2_20211228_163959_2220006472_600_800.png,12anp2_20211228_163959_2220006472_600_800_mask.png,neste
8,4,16,9,483,328,499,337,483,328,499,328,499,337,483,337,sub_line_text,table_text,table_0,times,italic,7.0,12anp2_20211228_163959_2220006472_600_800.png,/scratch/parceirosbr/bigoilict/share/BigOil/document_generator/datasets/documents_2021_12_28/12anp2_20211228_163959_2220006472_600_800.png,12anp2_20211228_163959_2220006472_600_800_mask.png,neste
241,99,483,198,73,373,556,571,73,373,556,373,556,571,73,571,table,table_image,table_2,,,,12anp2_20211228_163959_2220006472_600_800.png,/scratch/parceirosbr/bigoilict/share/BigOil/document_generator/datasets/documents_2021_12_28/12anp2_20211228_163959_2220006472_600_800.png,12anp2_20211228_163959_2220006472_600_800_mask.png,output/gen_tab_20211228_164005_8459830908.png
2,4,4,8,112,379,116,387,112,379,116,379,116,387,112,387,text,table_text,table_2,arial,regular,7.0,12anp2_20211228_163959_2220006472_600_800.png,/scratch/parceirosbr/bigoilict/share/BigOil/document_generator/datasets/documents_2021_12_28/12anp2_20211228_163959_2220006472_600_800.png,12anp2_20211228_163959_2220006472_600_800_mask.png,o
2,4,4,8,112,379,116,387,112,379,116,379,116,387,112,387,sub_line_text,table_text,table_2,arial,regular,7.0,12anp2_20211228_163959_2220006472_600_800.png,/scratch/parceirosbr/bigoilict/share/BigOil/document_generator/datasets/documents_2021_12_28/12anp2_20211228_163959_2220006472_600_800.png,12anp2_20211228_163959_2220006472_600_800_mask.png,o
17,4,34,8,82,390,116,398,82,390,116,390,116,398,82,398,text,table_text,table_2,arial,regular,7.0,12anp2_20211228_163959_2220006472_600_800.png,/scratch/parceirosbr/bigoilict/share/BigOil/document_generator/datasets/documents_2021_12_28/12anp2_20211228_163959_2220006472_600_800.png,12anp2_20211228_163959_2220006472_600_800_mask.png,5970.4370
17,4,34,8,82,390,116,398,82,390,116,390,116,398,82,398,sub_line_text,table_text,table_2,arial,regular,7.0,12anp2_20211228_163959_2220006472_600_800.png,/scratch/parceirosbr/bigoilict/share/BigOil/document_generator/datasets/documents_2021_12_28/12anp2_20211228_163959_2220006472_600_800.png,12anp2_20211228_163959_2220006472_600_800_mask.png,5970.4370
17,4,34,8,82,401,116,409,82,401,116,401,116,409,82,409,text,table_text,table_2,arial,regular,7.0,12anp2_20211228_163959_2220006472_600_800.png,/scratch/parceirosbr/bigoilict/share/BigOil/document_generator/datasets/documents_2021_12_28/12anp2_20211228_163959_2220006472_600_800.png,12anp2_20211228_163959_2220006472_600_800_mask.png,7577.3986
17,4,34,8,82,401,116,409,82,401,116,401,116,409,82,409,sub_line_text,table_text,table_2,arial,regular,7.0,12anp2_20211228_163959_2220006472_600_800.png,/scratch/parceirosbr/bigoilict/share/BigOil/document_generator/datasets/documents_2021_12_28/12anp2_20211228_163959_2220006472_600_800.png,12anp2_20211228_163959_2220006472_600_800_mask.png,7577.3986
17,4,34,8,82,412,116,420,82,412,116,412,116,420,82,420,text,table_text,table_2,arial,regular,7.0,12anp2_20211228_163959_2220006472_600_800.png,/scratch/parceirosbr/bigoilict/share/BigOil/document_generator/datasets/documents_2021_12_28/12anp2_20211228_163959_2220006472_600_800.png,12anp2_20211228_163959_2220006472_600_800_mask.png,2548.4364
17,4,34,8,82,412,116,420,82,412,116,412,116,420,82,420,sub_line_text,table_text,table_2,arial,regular,7.0,12anp2_20211228_163959_2220006472_600_800.png,/scratch/parceirosbr/bigoilict/share/BigOil/document_generator/datasets/documents_2021_12_28/12anp2_20211228_163959_2220006472_600_800.png,12anp2_20211228_163959_2220006472_600_800_mask.png,2548.4364
17,4,34,8,82,423,116,431,82,423,116,423,116,431,82,431,text,table_text,table_2,arial,regular,7.0,12anp2_20211228_163959_2220006472_600_800.png,/scratch/parceirosbr/bigoilict/share/BigOil/document_generator/datasets/documents_2021_12_28/12anp2_20211228_163959_2220006472_600_800.png,12anp2_20211228_163959_2220006472_600_800_mask.png,1098.6282
17,4,34,8,82,423,116,431,82,423,116,423,116,431,82,431,sub_line_text,table_text,table_2,arial,regular,7.0,12anp2_20211228_163959_2220006472_600_800.png,/scratch/parceirosbr/bigoilict/share/BigOil/document_generator/datasets/documents_2021_12_28/12anp2_20211228_163959_2220006472_600_800.png,12anp2_20211228_163959_2220006472_600_800_mask.png,1098.6282
17,4,34,8,82,434,116,442,82,434,116,434,116,442,82,442,text,table_text,table_2,arial,regular,7.0,12anp2_20211228_163959_2220006472_600_800.png,/scratch/parceirosbr/bigoilict/share/BigOil/document_generator/datasets/documents_2021_12_28/12anp2_20211228_163959_2220006472_600_800.png,12anp2_20211228_163959_2220006472_600_800_mask.png,7742.3626
17,4,34,8,82,434,116,442,82,434,116,434,116,442,82,442,sub_line_text,table_text,table_2,arial,regular,7.0,12anp2_20211228_163959_2220006472_600_800.png,/scratch/parceirosbr/bigoilict/share/BigOil/document_generator/datasets/documents_2021_12_28/12anp2_20211228_163959_2220006472_600_800.png,12anp2_20211228_163959_2220006472_600_800_mask.png,7742.3626
17,4,34,8,82,445,116,453,82,445,116,445,116,453,82,453,text,table_text,table_2,arial,regular,7.0,12anp2_20211228_163959_2220006472_600_800.png,/scratch/parceirosbr/bigoilict/share/BigOil/document_generator/datasets/documents_2021_12_28/12anp2_20211228_163959_2220006472_600_800.png,12anp2_20211228_163959_2220006472_600_800_mask.png,9956.7971
17,4,34,8,82,445,116,453,82,445,116,445,116,453,82,453,sub_line_text,table_text,table_2,arial,regular,7.0,12anp2_20211228_163959_2220006472_600_800.png,/scratch/parceirosbr/bigoilict/share/BigOil/document_generator/datasets/documents_2021_12_28/12anp2_20211228_163959_2220006472_600_800.png,12anp2_20211228_163959_2220006472_600_800_mask.png,9956.7971
17,4,34,8,82,456,116,464,82,456,116,456,116,464,82,464,text,table_text,table_2,arial,regular,7.0,12anp2_20211228_163959_2220006472_600_800.png,/scratch/parceirosbr/bigoilict/share/BigOil/document_generator/datasets/documents_2021_12_28/12anp2_20211228_163959_2220006472_600_800.png,12anp2_20211228_163959_2220006472_600_800_mask.png,1020.0557
17,4,34,8,82,456,116,464,82,456,116,456,116,464,82,464,sub_line_text,table_text,table_2,arial,regular,7.0,12anp2_20211228_163959_2220006472_600_800.png,/scratch/parceirosbr/bigoilict/share/BigOil/document_generator/datasets/documents_2021_12_28/12anp2_20211228_163959_2220006472_600_800.png,12anp2_20211228_163959_2220006472_600_800_mask.png,1020.0557
17,4,34,8,82,467,116,475,82,467,116,467,116,475,82,475,text,table_text,table_2,arial,regular,7.0,12anp2_20211228_163959_2220006472_600_800.png,/scratch/parceirosbr/bigoilict/share/BigOil/document_generator/datasets/documents_2021_12_28/12anp2_20211228_163959_2220006472_600_800.png,12anp2_20211228_163959_2220006472_600_800_mask.png,8592.7984
17,4,34,8,82,467,116,475,82,467,116,467,116,475,82,475,sub_line_text,table_text,table_2,arial,regular,7.0,12anp2_20211228_163959_2220006472_600_800.png,/scratch/parceirosbr/bigoilict/share/BigOil/document_generator/datasets/documents_2021_12_28/12anp2_20211228_163959_2220006472_600_800.png,12anp2_20211228_163959_2220006472_600_800_mask.png,8592.7984
17,4,34,8,82,478,116,486,82,478,116,478,116,486,82,486,text,table_text,table_2,arial,regular,7.0,12anp2_20211228_163959_2220006472_600_800.png,/scratch/parceirosbr/bigoilict/share/BigOil/document_generator/datasets/documents_2021_12_28/12anp2_20211228_163959_2220006472_600_800.png,12anp2_20211228_163959_2220006472_600_800_mask.png,1517.4300
17,4,34,8,82,478,116,486,82,478,116,478,116,486,82,486,sub_line_text,table_text,table_2,arial,regular,7.0,12anp2_20211228_163959_2220006472_600_800.png,/scratch/parceirosbr/bigoilict/share/BigOil/document_generator/datasets/documents_2021_12_28/12anp2_20211228_163959_2220006472_600_800.png,12anp2_20211228_163959_2220006472_600_800_mask.png,1517.4300
17,4,34,8,82,489,116,497,82,489,116,489,116,497,82,497,text,table_text,table_2,arial,regular,7.0,12anp2_20211228_163959_2220006472_600_800.png,/scratch/parceirosbr/bigoilict/share/BigOil/document_generator/datasets/documents_2021_12_28/12anp2_20211228_163959_2220006472_600_800.png,12anp2_20211228_163959_2220006472_600_800_mask.png,2061.8933
17,4,34,8,82,489,116,497,82,489,116,489,116,497,82,497,sub_line_text,table_text,table_2,arial,regular,7.0,12anp2_20211228_163959_2220006472_600_800.png,/scratch/parceirosbr/bigoilict/share/BigOil/document_generator/datasets/documents_2021_12_28/12anp2_20211228_163959_2220006472_600_800.png,12anp2_20211228_163959_2220006472_600_800_mask.png,2061.8933
17,4,34,8,82,500,116,508,82,500,116,500,116,508,82,508,text,table_text,table_2,arial,regular,7.0,12anp2_20211228_163959_2220006472_600_800.png,/scratch/parceirosbr/bigoilict/share/BigOil/document_generator/datasets/documents_2021_12_28/12anp2_20211228_163959_2220006472_600_800.png,12anp2_20211228_163959_2220006472_600_800_mask.png,1778.8445
17,4,34,8,82,500,116,508,82,500,116,500,116,508,82,508,sub_line_text,table_text,table_2,arial,regular,7.0,12anp2_20211228_163959_2220006472_600_800.png,/scratch/parceirosbr/bigoilict/share/BigOil/document_generator/datasets/documents_2021_12_28/12anp2_20211228_163959_2220006472_600_800.png,12anp2_20211228_163959_2220006472_600_800_mask.png,1778.8445
17,4,34,8,82,511,116,519,82,511,116,511,116,519,82,519,text,table_text,table_2,arial,regular,7.0,12anp2_20211228_163959_2220006472_600_800.png,/scratch/parceirosbr/bigoilict/share/BigOil/document_generator/datasets/documents_2021_12_28/12anp2_20211228_163959_2220006472_600_800.png,12anp2_20211228_163959_2220006472_600_800_mask.png,6073.0629
17,4,34,8,82,511,116,519,82,511,116,511,116,519,82,519,sub_line_text,table_text,table_2,arial,regular,7.0,12anp2_20211228_163959_2220006472_600_800.png,/scratch/parceirosbr/bigoilict/share/BigOil/document_generator/datasets/documents_2021_12_28/12anp2_20211228_163959_2220006472_600_800.png,12anp2_20211228_163959_2220006472_600_800_mask.png,6073.0629
17,4,34,8,82,522,116,530,82,522,116,522,116,530,82,530,text,table_text,table_2,arial,regular,7.0,12anp2_20211228_163959_2220006472_600_800.png,/scratch/parceirosbr/bigoilict/share/BigOil/document_generator/datasets/documents_2021_12_28/12anp2_20211228_163959_2220006472_600_800.png,12anp2_20211228_163959_2220006472_600_800_mask.png,3125.0015
17,4,34,8,82,522,116,530,82,522,116,522,116,530,82,530,sub_line_text,table_text,table_2,arial,regular,7.0,12anp2_20211228_163959_2220006472_600_800.png,/scratch/parceirosbr/bigoilict/share/BigOil/document_generator/datasets/documents_2021_12_28/12anp2_20211228_163959_2220006472_600_800.png,12anp2_20211228_163959_2220006472_600_800_mask.png,3125.0015
17,4,34,8,82,533,116,541,82,533,116,533,116,541,82,541,text,table_text,table_2,arial,regular,7.0,12anp2_20211228_163959_2220006472_600_800.png,/scratch/parceirosbr/bigoilict/share/BigOil/document_generator/datasets/documents_2021_12_28/12anp2_20211228_163959_2220006472_600_800.png,12anp2_20211228_163959_2220006472_600_800_mask.png,2863.4300
17,4,34,8,82,533,116,541,82,533,116,533,116,541,82,541,sub_line_text,table_text,table_2,arial,regular,7.0,12anp2_20211228_163959_2220006472_600_800.png,/scratch/parceirosbr/bigoilict/share/BigOil/document_generator/datasets/documents_2021_12_28/12anp2_20211228_163959_2220006472_600_800.png,12anp2_20211228_163959_2220006472_600_800_mask.png,2863.4300
17,4,34,8,82,544,116,552,82,544,116,544,116,552,82,552,text,table_text,table_2,arial,regular,7.0,12anp2_20211228_163959_2220006472_600_800.png,/scratch/parceirosbr/bigoilict/share/BigOil/document_generator/datasets/documents_2021_12_28/12anp2_20211228_163959_2220006472_600_800.png,12anp2_20211228_163959_2220006472_600_800_mask.png,4398.9501
17,4,34,8,82,544,116,552,82,544,116,544,116,552,82,552,sub_line_text,table_text,table_2,arial,regular,7.0,12anp2_20211228_163959_2220006472_600_800.png,/scratch/parceirosbr/bigoilict/share/BigOil/document_generator/datasets/documents_2021_12_28/12anp2_20211228_163959_2220006472_600_800.png,12anp2_20211228_163959_2220006472_600_800_mask.png,4398.9501
17,4,34,8,515,555,549,563,515,555,549,555,549,563,515,563,text,table_text,table_2,arial,bold,7.0,12anp2_20211228_163959_2220006472_600_800.png,/scratch/parceirosbr/bigoilict/share/BigOil/document_generator/datasets/documents_2021_12_28/12anp2_20211228_163959_2220006472_600_800.png,12anp2_20211228_163959_2220006472_600_800_mask.png,7696.4909
17,4,34,8,515,555,549,563,515,555,549,555,549,563,515,563,sub_line_text,table_text,table_2,arial,bold,7.0,12anp2_20211228_163959_2220006472_600_800.png,/scratch/parceirosbr/bigoilict/share/BigOil/document_generator/datasets/documents_2021_12_28/12anp2_20211228_163959_2220006472_600_800.png,12anp2_20211228_163959_2220006472_600_800_mask.png,7696.4909
14,4,28,8,146,379,174,387,146,379,174,379,174,387,146,387,text,table_text,table_2,arial,regular,7.0,12anp2_20211228_163959_2220006472_600_800.png,/scratch/parceirosbr/bigoilict/share/BigOil/document_generator/datasets/documents_2021_12_28/12anp2_20211228_163959_2220006472_600_800.png,12anp2_20211228_163959_2220006472_600_800_mask.png,gasolina
14,4,28,8,146,379,174,387,146,379,174,379,174,387,146,387,sub_line_text,table_text,table_2,arial,regular,7.0,12anp2_20211228_163959_2220006472_600_800.png,/scratch/parceirosbr/bigoilict/share/BigOil/document_generator/datasets/documents_2021_12_28/12anp2_20211228_163959_2220006472_600_800.png,12anp2_20211228_163959_2220006472_600_800_mask.png,gasolina
23,4,46,8,128,390,174,398,128,390,174,390,174,398,128,398,text,table_text,table_2,arial,regular,7.0,12anp2_20211228_163959_2220006472_600_800.png,/scratch/parceirosbr/bigoilict/share/BigOil/document_generator/datasets/documents_2021_12_28/12anp2_20211228_163959_2220006472_600_800.png,12anp2_20211228_163959_2220006472_600_800_mask.png,536577749.10
23,4,46,8,128,390,174,398,128,390,174,390,174,398,128,398,sub_line_text,table_text,table_2,arial,regular,7.0,12anp2_20211228_163959_2220006472_600_800.png,/scratch/parceirosbr/bigoilict/share/BigOil/document_generator/datasets/documents_2021_12_28/12anp2_20211228_163959_2220006472_600_800.png,12anp2_20211228_163959_2220006472_600_800_mask.png,536577749.10
23,4,46,8,128,401,174,409,128,401,174,401,174,409,128,409,text,table_text,table_2,arial,regular,7.0,12anp2_20211228_163959_2220006472_600_800.png,/scratch/parceirosbr/bigoilict/share/BigOil/document_generator/datasets/documents_2021_12_28/12anp2_20211228_163959_2220006472_600_800.png,12anp2_20211228_163959_2220006472_600_800_mask.png,872756723.73
23,4,46,8,128,401,174,409,128,401,174,401,174,409,128,409,sub_line_text,table_text,table_2,arial,regular,7.0,12anp2_20211228_163959_2220006472_600_800.png,/scratch/parceirosbr/bigoilict/share/BigOil/document_generator/datasets/documents_2021_12_28/12anp2_20211228_163959_2220006472_600_800.png,12anp2_20211228_163959_2220006472_600_800_mask.png,872756723.73
23,4,46,8,128,412,174,420,128,412,174,412,174,420,128,420,text,table_text,table_2,arial,regular,7.0,12anp2_20211228_163959_2220006472_600_800.png,/scratch/parceirosbr/bigoilict/share/BigOil/document_generator/datasets/documents_2021_12_28/12anp2_20211228_163959_2220006472_600_800.png,12anp2_20211228_163959_2220006472_600_800_mask.png,362486672.75
23,4,46,8,128,412,174,420,128,412,174,412,174,420,128,420,sub_line_text,table_text,table_2,arial,regular,7.0,12anp2_20211228_163959_2220006472_600_800.png,/scratch/parceirosbr/bigoilict/share/BigOil/document_generator/datasets/documents_2021_12_28/12anp2_20211228_163959_2220006472_600_800.png,12anp2_20211228_163959_2220006472_600_800_mask.png,362486672.75
23,4,46,8,128,423,174,431,128,423,174,423,174,431,128,431,text,table_text,table_2,arial,regular,7.0,12anp2_20211228_163959_2220006472_600_800.png,/scratch/parceirosbr/bigoilict/share/BigOil/document_generator/datasets/documents_2021_12_28/12anp2_20211228_163959_2220006472_600_800.png,12anp2_20211228_163959_2220006472_600_800_mask.png,886185776.28
23,4,46,8,128,423,174,431,128,423,174,423,174,431,128,431,sub_line_text,table_text,table_2,arial,regular,7.0,12anp2_20211228_163959_2220006472_600_800.png,/scratch/parceirosbr/bigoilict/share/BigOil/document_generator/datasets/documents_2021_12_28/12anp2_20211228_163959_2220006472_600_800.png,12anp2_20211228_163959_2220006472_600_800_mask.png,886185776.28
23,4,46,8,128,434,174,442,128,434,174,434,174,442,128,442,text,table_text,table_2,arial,regular,7.0,12anp2_20211228_163959_2220006472_600_800.png,/scratch/parceirosbr/bigoilict/share/BigOil/document_generator/datasets/documents_2021_12_28/12anp2_20211228_163959_2220006472_600_800.png,12anp2_20211228_163959_2220006472_600_800_mask.png,790235081.88
23,4,46,8,128,434,174,442,128,434,174,434,174,442,128,442,sub_line_text,table_text,table_2,arial,regular,7.0,12anp2_20211228_163959_2220006472_600_800.png,/scratch/parceirosbr/bigoilict/share/BigOil/document_generator/datasets/documents_2021_12_28/12anp2_20211228_163959_2220006472_600_800.png,12anp2_20211228_163959_2220006472_600_800_mask.png,790235081.88
23,4,46,8,128,445,174,453,128,445,174,445,174,453,128,453,text,table_text,table_2,arial,regular,7.0,12anp2_20211228_163959_2220006472_600_800.png,/scratch/parceirosbr/bigoilict/share/BigOil/document_generator/datasets/documents_2021_12_28/12anp2_20211228_163959_2220006472_600_800.png,12anp2_20211228_163959_2220006472_600_800_mask.png,871128171.64
23,4,46,8,128,445,174,453,128,445,174,445,174,453,128,453,sub_line_text,table_text,table_2,arial,regular,7.0,12anp2_20211228_163959_2220006472_600_800.png,/scratch/parceirosbr/bigoilict/share/BigOil/document_generator/datasets/documents_2021_12_28/12anp2_20211228_163959_2220006472_600_800.png,12anp2_20211228_163959_2220006472_600_800_mask.png,871128171.64
23,4,46,8,128,456,174,464,128,456,174,456,174,464,128,464,text,table_text,table_2,arial,regular,7.0,12anp2_20211228_163959_2220006472_600_800.png,/scratch/parceirosbr/bigoilict/share/BigOil/document_generator/datasets/documents_2021_12_28/12anp2_20211228_163959_2220006472_600_800.png,12anp2_20211228_163959_2220006472_600_800_mask.png,929296208.49
23,4,46,8,128,456,174,464,128,456,174,456,174,464,128,464,sub_line_text,table_text,table_2,arial,regular,7.0,12anp2_20211228_163959_2220006472_600_800.png,/scratch/parceirosbr/bigoilict/share/BigOil/document_generator/datasets/documents_2021_12_28/12anp2_20211228_163959_2220006472_600_800.png,12anp2_20211228_163959_2220006472_600_800_mask.png,929296208.49
23,4,46,8,128,467,174,475,128,467,174,467,174,475,128,475,text,table_text,table_2,arial,regular,7.0,12anp2_20211228_163959_2220006472_600_800.png,/scratch/parceirosbr/bigoilict/share/BigOil/document_generator/datasets/documents_2021_12_28/12anp2_20211228_163959_2220006472_600_800.png,12anp2_20211228_163959_2220006472_600_800_mask.png,490274160.57
23,4,46,8,128,467,174,475,128,467,174,467,174,475,128,475,sub_line_text,table_text,table_2,arial,regular,7.0,12anp2_20211228_163959_2220006472_600_800.png,/scratch/parceirosbr/bigoilict/share/BigOil/document_generator/datasets/documents_2021_12_28/12anp2_20211228_163959_2220006472_600_800.png,12anp2_20211228_163959_2220006472_600_800_mask.png,490274160.57
23,4,46,8,128,478,174,486,128,478,174,478,174,486,128,486,text,table_text,table_2,arial,regular,7.0,12anp2_20211228_163959_2220006472_600_800.png,/scratch/parceirosbr/bigoilict/share/BigOil/document_generator/datasets/documents_2021_12_28/12anp2_20211228_163959_2220006472_600_800.png,12anp2_20211228_163959_2220006472_600_800_mask.png,631218315.64
23,4,46,8,128,478,174,486,128,478,174,478,174,486,128,486,sub_line_text,table_text,table_2,arial,regular,7.0,12anp2_20211228_163959_2220006472_600_800.png,/scratch/parceirosbr/bigoilict/share/BigOil/document_generator/datasets/documents_2021_12_28/12anp2_20211228_163959_2220006472_600_800.png,12anp2_20211228_163959_2220006472_600_800_mask.png,631218315.64
23,4,46,8,128,489,174,497,128,489,174,489,174,497,128,497,text,table_text,table_2,arial,regular,7.0,12anp2_20211228_163959_2220006472_600_800.png,/scratch/parceirosbr/bigoilict/share/BigOil/document_generator/datasets/documents_2021_12_28/12anp2_20211228_163959_2220006472_600_800.png,12anp2_20211228_163959_2220006472_600_800_mask.png,534326555.41
23,4,46,8,128,489,174,497,128,489,174,489,174,497,128,497,sub_line_text,table_text,table_2,arial,regular,7.0,12anp2_20211228_163959_2220006472_600_800.png,/scratch/parceirosbr/bigoilict/share/BigOil/document_generator/datasets/documents_2021_12_28/12anp2_20211228_163959_2220006472_600_800.png,12anp2_20211228_163959_2220006472_600_800_mask.png,534326555.41
23,4,46,8,128,500,174,508,128,500,174,500,174,508,128,508,text,table_text,table_2,arial,regular,7.0,12anp2_20211228_163959_2220006472_600_800.png,/scratch/parceirosbr/bigoilict/share/BigOil/document_generator/datasets/documents_2021_12_28/12anp2_20211228_163959_2220006472_600_800.png,12anp2_20211228_163959_2220006472_600_800_mask.png,566302135.29
23,4,46,8,128,500,174,508,128,500,174,500,174,508,128,508,sub_line_text,table_text,table_2,arial,regular,7.0,12anp2_20211228_163959_2220006472_600_800.png,/scratch/parceirosbr/bigoilict/share/BigOil/document_generator/datasets/documents_2021_12_28/12anp2_20211228_163959_2220006472_600_800.png,12anp2_20211228_163959_2220006472_600_800_mask.png,566302135.29
23,4,46,8,128,511,174,519,128,511,174,511,174,519,128,519,text,table_text,table_2,arial,regular,7.0,12anp2_20211228_163959_2220006472_600_800.png,/scratch/parceirosbr/bigoilict/share/BigOil/document_generator/datasets/documents_2021_12_28/12anp2_20211228_163959_2220006472_600_800.png,12anp2_20211228_163959_2220006472_600_800_mask.png,538257595.38
23,4,46,8,128,511,174,519,128,511,174,511,174,519,128,519,sub_line_text,table_text,table_2,arial,regular,7.0,12anp2_20211228_163959_2220006472_600_800.png,/scratch/parceirosbr/bigoilict/share/BigOil/document_generator/datasets/documents_2021_12_28/12anp2_20211228_163959_2220006472_600_800.png,12anp2_20211228_163959_2220006472_600_800_mask.png,538257595.38
23,4,46,8,128,522,174,530,128,522,174,522,174,530,128,530,text,table_text,table_2,arial,regular,7.0,12anp2_20211228_163959_2220006472_600_800.png,/scratch/parceirosbr/bigoilict/share/BigOil/document_generator/datasets/documents_2021_12_28/12anp2_20211228_163959_2220006472_600_800.png,12anp2_20211228_163959_2220006472_600_800_mask.png,716902546.77
23,4,46,8,128,522,174,530,128,522,174,522,174,530,128,530,sub_line_text,table_text,table_2,arial,regular,7.0,12anp2_20211228_163959_2220006472_600_800.png,/scratch/parceirosbr/bigoilict/share/BigOil/document_generator/datasets/documents_2021_12_28/12anp2_20211228_163959_2220006472_600_800.png,12anp2_20211228_163959_2220006472_600_800_mask.png,716902546.77
23,4,46,8,128,533,174,541,128,533,174,533,174,541,128,541,text,table_text,table_2,arial,regular,7.0,12anp2_20211228_163959_2220006472_600_800.png,/scratch/parceirosbr/bigoilict/share/BigOil/document_generator/datasets/documents_2021_12_28/12anp2_20211228_163959_2220006472_600_800.png,12anp2_20211228_163959_2220006472_600_800_mask.png,549461570.19
23,4,46,8,128,533,174,541,128,533,174,533,174,541,128,541,sub_line_text,table_text,table_2,arial,regular,7.0,12anp2_20211228_163959_2220006472_600_800.png,/scratch/parceirosbr/bigoilict/share/BigOil/document_generator/datasets/documents_2021_12_28/12anp2_20211228_163959_2220006472_600_800.png,12anp2_20211228_163959_2220006472_600_800_mask.png,549461570.19
23,4,46,8,128,544,174,552,128,544,174,544,174,552,128,552,text,table_text,table_2,arial,regular,7.0,12anp2_20211228_163959_2220006472_600_800.png,/scratch/parceirosbr/bigoilict/share/BigOil/document_generator/datasets/documents_2021_12_28/12anp2_20211228_163959_2220006472_600_800.png,12anp2_20211228_163959_2220006472_600_800_mask.png,928424957.79
23,4,46,8,128,544,174,552,128,544,174,544,174,552,128,552,sub_line_text,table_text,table_2,arial,regular,7.0,12anp2_20211228_163959_2220006472_600_800.png,/scratch/parceirosbr/bigoilict/share/BigOil/document_generator/datasets/documents_2021_12_28/12anp2_20211228_163959_2220006472_600_800.png,12anp2_20211228_163959_2220006472_600_800_mask.png,928424957.79
7,4,14,8,248,379,262,387,248,379,262,379,262,387,248,387,text,table_text,table_2,arial,regular,7.0,12anp2_20211228_163959_2220006472_600_800.png,/scratch/parceirosbr/bigoilict/share/BigOil/document_generator/datasets/documents_2021_12_28/12anp2_20211228_163959_2220006472_600_800.png,12anp2_20211228_163959_2220006472_600_800_mask.png,este
7,4,14,8,248,379,262,387,248,379,262,379,262,387,248,387,sub_line_text,table_text,table_2,arial,regular,7.0,12anp2_20211228_163959_2220006472_600_800.png,/scratch/parceirosbr/bigoilict/share/BigOil/document_generator/datasets/documents_2021_12_28/12anp2_20211228_163959_2220006472_600_800.png,12anp2_20211228_163959_2220006472_600_800_mask.png,este
21,4,42,8,220,390,262,398,220,390,262,390,262,398,220,398,text,table_text,table_2,arial,regular,7.0,12anp2_20211228_163959_2220006472_600_800.png,/scratch/parceirosbr/bigoilict/share/BigOil/document_generator/datasets/documents_2021_12_28/12anp2_20211228_163959_2220006472_600_800.png,12anp2_20211228_163959_2220006472_600_800_mask.png,7567879.702
21,4,42,8,220,390,262,398,220,390,262,390,262,398,220,398,sub_line_text,table_text,table_2,arial,regular,7.0,12anp2_20211228_163959_2220006472_600_800.png,/scratch/parceirosbr/bigoilict/share/BigOil/document_generator/datasets/documents_2021_12_28/12anp2_20211228_163959_2220006472_600_800.png,12anp2_20211228_163959_2220006472_600_800_mask.png,7567879.702
25,4,50,8,212,401,262,409,212,401,262,401,262,409,212,409,text,table_text,table_2,arial,regular,7.0,12anp2_20211228_163959_2220006472_600_800.png,/scratch/parceirosbr/bigoilict/share/BigOil/document_generator/datasets/documents_2021_12_28/12anp2_20211228_163959_2220006472_600_800.png,12anp2_20211228_163959_2220006472_600_800_mask.png,387217511.418
25,4,50,8,212,401,262,409,212,401,262,401,262,409,212,409,sub_line_text,table_text,table_2,arial,regular,7.0,12anp2_20211228_163959_2220006472_600_800.png,/scratch/parceirosbr/bigoilict/share/BigOil/document_generator/datasets/documents_2021_12_28/12anp2_20211228_163959_2220006472_600_800.png,12anp2_20211228_163959_2220006472_600_800_mask.png,387217511.418
23,4,46,8,216,412,262,420,216,412,262,412,262,420,216,420,text,table_text,table_2,arial,regular,7.0,12anp2_20211228_163959_2220006472_600_800.png,/scratch/parceirosbr/bigoilict/share/BigOil/document_generator/datasets/documents_2021_12_28/12anp2_20211228_163959_2220006472_600_800.png,12anp2_20211228_163959_2220006472_600_800_mask.png,86010742.208
23,4,46,8,216,412,262,420,216,412,262,412,262,420,216,420,sub_line_text,table_text,table_2,arial,regular,7.0,12anp2_20211228_163959_2220006472_600_800.png,/scratch/parceirosbr/bigoilict/share/BigOil/document_generator/datasets/documents_2021_12_28/12anp2_20211228_163959_2220006472_600_800.png,12anp2_20211228_163959_2220006472_600_800_mask.png,86010742.208
21,4,42,8,220,423,262,431,220,423,262,423,262,431,220,431,text,table_text,table_2,arial,regular,7.0,12anp2_20211228_163959_2220006472_600_800.png,/scratch/parceirosbr/bigoilict/share/BigOil/document_generator/datasets/documents_2021_12_28/12anp2_20211228_163959_2220006472_600_800.png,12anp2_20211228_163959_2220006472_600_800_mask.png,4737031.132
21,4,42,8,220,423,262,431,220,423,262,423,262,431,220,431,sub_line_text,table_text,table_2,arial,regular,7.0,12anp2_20211228_163959_2220006472_600_800.png,/scratch/parceirosbr/bigoilict/share/BigOil/document_generator/datasets/documents_2021_12_28/12anp2_20211228_163959_2220006472_600_800.png,12anp2_20211228_163959_2220006472_600_800_mask.png,4737031.132
23,4,46,8,216,434,262,442,216,434,262,434,262,442,216,442,text,table_text,table_2,arial,regular,7.0,12anp2_20211228_163959_2220006472_600_800.png,/scratch/parceirosbr/bigoilict/share/BigOil/document_generator/datasets/documents_2021_12_28/12anp2_20211228_163959_2220006472_600_800.png,12anp2_20211228_163959_2220006472_600_800_mask.png,20460041.338
23,4,46,8,216,434,262,442,216,434,262,434,262,442,216,442,sub_line_text,table_text,table_2,arial,regular,7.0,12anp2_20211228_163959_2220006472_600_800.png,/scratch/parceirosbr/bigoilict/share/BigOil/document_generator/datasets/documents_2021_12_28/12anp2_20211228_163959_2220006472_600_800.png,12anp2_20211228_163959_2220006472_600_800_mask.png,20460041.338
23,4,46,8,216,445,262,453,216,445,262,445,262,453,216,453,text,table_text,table_2,arial,regular,7.0,12anp2_20211228_163959_2220006472_600_800.png,/scratch/parceirosbr/bigoilict/share/BigOil/document_generator/datasets/documents_2021_12_28/12anp2_20211228_163959_2220006472_600_800.png,12anp2_20211228_163959_2220006472_600_800_mask.png,60268962.898
23,4,46,8,216,445,262,453,216,445,262,445,262,453,216,453,sub_line_text,table_text,table_2,arial,regular,7.0,12anp2_20211228_163959_2220006472_600_800.png,/scratch/parceirosbr/bigoilict/share/BigOil/document_generator/datasets/documents_2021_12_28/12anp2_20211228_163959_2220006472_600_800.png,12anp2_20211228_163959_2220006472_600_800_mask.png,60268962.898
27,4,54,8,208,456,262,464,208,456,262,456,262,464,208,464,text,table_text,table_2,arial,regular,7.0,12anp2_20211228_163959_2220006472_600_800.png,/scratch/parceirosbr/bigoilict/share/BigOil/document_generator/datasets/documents_2021_12_28/12anp2_20211228_163959_2220006472_600_800.png,12anp2_20211228_163959_2220006472_600_800_mask.png,8117028181.545
27,4,54,8,208,456,262,464,208,456,262,456,262,464,208,464,sub_line_text,table_text,table_2,arial,regular,7.0,12anp2_20211228_163959_2220006472_600_800.png,/scratch/parceirosbr/bigoilict/share/BigOil/document_generator/datasets/documents_2021_12_28/12anp2_20211228_163959_2220006472_600_800.png,12anp2_20211228_163959_2220006472_600_800_mask.png,8117028181.545
25,4,50,8,212,467,262,475,212,467,262,467,262,475,212,475,text,table_text,table_2,arial,regular,7.0,12anp2_20211228_163959_2220006472_600_800.png,/scratch/parceirosbr/bigoilict/share/BigOil/document_generator/datasets/documents_2021_12_28/12anp2_20211228_163959_2220006472_600_800.png,12anp2_20211228_163959_2220006472_600_800_mask.png,572274442.016
25,4,50,8,212,467,262,475,212,467,262,467,262,475,212,475,sub_line_text,table_text,table_2,arial,regular,7.0,12anp2_20211228_163959_2220006472_600_800.png,/scratch/parceirosbr/bigoilict/share/BigOil/document_generator/datasets/documents_2021_12_28/12anp2_20211228_163959_2220006472_600_800.png,12anp2_20211228_163959_2220006472_600_800_mask.png,572274442.016
23,4,46,8,216,478,262,486,216,478,262,478,262,486,216,486,text,table_text,table_2,arial,regular,7.0,12anp2_20211228_163959_2220006472_600_800.png,/scratch/parceirosbr/bigoilict/share/BigOil/document_generator/datasets/documents_2021_12_28/12anp2_20211228_163959_2220006472_600_800.png,12anp2_20211228_163959_2220006472_600_800_mask.png,27028228.390
23,4,46,8,216,478,262,486,216,478,262,478,262,486,216,486,sub_line_text,table_text,table_2,arial,regular,7.0,12anp2_20211228_163959_2220006472_600_800.png,/scratch/parceirosbr/bigoilict/share/BigOil/document_generator/datasets/documents_2021_12_28/12anp2_20211228_163959_2220006472_600_800.png,12anp2_20211228_163959_2220006472_600_800_mask.png,27028228.390
21,4,42,8,220,489,262,497,220,489,262,489,262,497,220,497,text,table_text,table_2,arial,regular,7.0,12anp2_20211228_163959_2220006472_600_800.png,/scratch/parceirosbr/bigoilict/share/BigOil/document_generator/datasets/documents_2021_12_28/12anp2_20211228_163959_2220006472_600_800.png,12anp2_20211228_163959_2220006472_600_800_mask.png,9430749.604
21,4,42,8,220,489,262,497,220,489,262,489,262,497,220,497,sub_line_text,table_text,table_2,arial,regular,7.0,12anp2_20211228_163959_2220006472_600_800.png,/scratch/parceirosbr/bigoilict/share/BigOil/document_generator/datasets/documents_2021_12_28/12anp2_20211228_163959_2220006472_600_800.png,12anp2_20211228_163959_2220006472_600_800_mask.png,9430749.604
25,4,50,8,212,500,262,508,212,500,262,500,262,508,212,508,text,table_text,table_2,arial,regular,7.0,12anp2_20211228_163959_2220006472_600_800.png,/scratch/parceirosbr/bigoilict/share/BigOil/document_generator/datasets/documents_2021_12_28/12anp2_20211228_163959_2220006472_600_800.png,12anp2_20211228_163959_2220006472_600_800_mask.png,997098864.202
25,4,50,8,212,500,262,508,212,500,262,500,262,508,212,508,sub_line_text,table_text,table_2,arial,regular,7.0,12anp2_20211228_163959_2220006472_600_800.png,/scratch/parceirosbr/bigoilict/share/BigOil/document_generator/datasets/documents_2021_12_28/12anp2_20211228_163959_2220006472_600_800.png,12anp2_20211228_163959_2220006472_600_800_mask.png,997098864.202
21,4,42,8,220,511,262,519,220,511,262,511,262,519,220,519,text,table_text,table_2,arial,regular,7.0,12anp2_20211228_163959_2220006472_600_800.png,/scratch/parceirosbr/bigoilict/share/BigOil/document_generator/datasets/documents_2021_12_28/12anp2_20211228_163959_2220006472_600_800.png,12anp2_20211228_163959_2220006472_600_800_mask.png,1797300.383
21,4,42,8,220,511,262,519,220,511,262,511,262,519,220,519,sub_line_text,table_text,table_2,arial,regular,7.0,12anp2_20211228_163959_2220006472_600_800.png,/scratch/parceirosbr/bigoilict/share/BigOil/document_generator/datasets/documents_2021_12_28/12anp2_20211228_163959_2220006472_600_800.png,12anp2_20211228_163959_2220006472_600_800_mask.png,1797300.383
23,4,46,8,216,522,262,530,216,522,262,522,262,530,216,530,text,table_text,table_2,arial,regular,7.0,12anp2_20211228_163959_2220006472_600_800.png,/scratch/parceirosbr/bigoilict/share/BigOil/document_generator/datasets/documents_2021_12_28/12anp2_20211228_163959_2220006472_600_800.png,12anp2_20211228_163959_2220006472_600_800_mask.png,87145649.595
23,4,46,8,216,522,262,530,216,522,262,522,262,530,216,530,sub_line_text,table_text,table_2,arial,regular,7.0,12anp2_20211228_163959_2220006472_600_800.png,/scratch/parceirosbr/bigoilict/share/BigOil/document_generator/datasets/documents_2021_12_28/12anp2_20211228_163959_2220006472_600_800.png,12anp2_20211228_163959_2220006472_600_800_mask.png,87145649.595
27,4,54,8,208,533,262,541,208,533,262,533,262,541,208,541,text,table_text,table_2,arial,regular,7.0,12anp2_20211228_163959_2220006472_600_800.png,/scratch/parceirosbr/bigoilict/share/BigOil/document_generator/datasets/documents_2021_12_28/12anp2_20211228_163959_2220006472_600_800.png,12anp2_20211228_163959_2220006472_600_800_mask.png,9544821516.132
27,4,54,8,208,533,262,541,208,533,262,533,262,541,208,541,sub_line_text,table_text,table_2,arial,regular,7.0,12anp2_20211228_163959_2220006472_600_800.png,/scratch/parceirosbr/bigoilict/share/BigOil/document_generator/datasets/documents_2021_12_28/12anp2_20211228_163959_2220006472_600_800.png,12anp2_20211228_163959_2220006472_600_800_mask.png,9544821516.132
27,4,54,8,208,544,262,552,208,544,262,544,262,552,208,552,text,table_text,table_2,arial,regular,7.0,12anp2_20211228_163959_2220006472_600_800.png,/scratch/parceirosbr/bigoilict/share/BigOil/document_generator/datasets/documents_2021_12_28/12anp2_20211228_163959_2220006472_600_800.png,12anp2_20211228_163959_2220006472_600_800_mask.png,3952689608.962
27,4,54,8,208,544,262,552,208,544,262,544,262,552,208,552,sub_line_text,table_text,table_2,arial,regular,7.0,12anp2_20211228_163959_2220006472_600_800.png,/scratch/parceirosbr/bigoilict/share/BigOil/document_generator/datasets/documents_2021_12_28/12anp2_20211228_163959_2220006472_600_800.png,12anp2_20211228_163959_2220006472_600_800_mask.png,3952689608.962
11,4,22,8,275,379,297,387,275,379,297,379,297,387,275,387,text,table_text,table_2,arial,regular,7.0,12anp2_20211228_163959_2220006472_600_800.png,/scratch/parceirosbr/bigoilict/share/BigOil/document_generator/datasets/documents_2021_12_28/12anp2_20211228_163959_2220006472_600_800.png,12anp2_20211228_163959_2220006472_600_800_mask.png,possui
11,4,22,8,275,379,297,387,275,379,297,379,297,387,275,387,sub_line_text,table_text,table_2,arial,regular,7.0,12anp2_20211228_163959_2220006472_600_800.png,/scratch/parceirosbr/bigoilict/share/BigOil/document_generator/datasets/documents_2021_12_28/12anp2_20211228_163959_2220006472_600_800.png,12anp2_20211228_163959_2220006472_600_800_mask.png,possui
7,4,14,8,283,390,297,398,283,390,297,390,297,398,283,398,text,table_text,table_2,arial,regular,7.0,12anp2_20211228_163959_2220006472_600_800.png,/scratch/parceirosbr/bigoilict/share/BigOil/document_generator/datasets/documents_2021_12_28/12anp2_20211228_163959_2220006472_600_800.png,12anp2_20211228_163959_2220006472_600_800_mask.png,2.71
7,4,14,8,283,390,297,398,283,390,297,390,297,398,283,398,sub_line_text,table_text,table_2,arial,regular,7.0,12anp2_20211228_163959_2220006472_600_800.png,/scratch/parceirosbr/bigoilict/share/BigOil/document_generator/datasets/documents_2021_12_28/12anp2_20211228_163959_2220006472_600_800.png,12anp2_20211228_163959_2220006472_600_800_mask.png,2.71
7,4,14,8,283,401,297,409,283,401,297,401,297,409,283,409,text,table_text,table_2,arial,regular,7.0,12anp2_20211228_163959_2220006472_600_800.png,/scratch/parceirosbr/bigoilict/share/BigOil/document_generator/datasets/documents_2021_12_28/12anp2_20211228_163959_2220006472_600_800.png,12anp2_20211228_163959_2220006472_600_800_mask.png,8.09
7,4,14,8,283,401,297,409,283,401,297,401,297,409,283,409,sub_line_text,table_text,table_2,arial,regular,7.0,12anp2_20211228_163959_2220006472_600_800.png,/scratch/parceirosbr/bigoilict/share/BigOil/document_generator/datasets/documents_2021_12_28/12anp2_20211228_163959_2220006472_600_800.png,12anp2_20211228_163959_2220006472_600_800_mask.png,8.09
7,4,14,8,283,412,297,420,283,412,297,412,297,420,283,420,text,table_text,table_2,arial,regular,7.0,12anp2_20211228_163959_2220006472_600_800.png,/scratch/parceirosbr/bigoilict/share/BigOil/document_generator/datasets/documents_2021_12_28/12anp2_20211228_163959_2220006472_600_800.png,12anp2_20211228_163959_2220006472_600_800_mask.png,1.50
7,4,14,8,283,412,297,420,283,412,297,412,297,420,283,420,sub_line_text,table_text,table_2,arial,regular,7.0,12anp2_20211228_163959_2220006472_600_800.png,/scratch/parceirosbr/bigoilict/share/BigOil/document_generator/datasets/documents_2021_12_28/12anp2_20211228_163959_2220006472_600_800.png,12anp2_20211228_163959_2220006472_600_800_mask.png,1.50
7,4,14,8,283,423,297,431,283,423,297,423,297,431,283,431,text,table_text,table_2,arial,regular,7.0,12anp2_20211228_163959_2220006472_600_800.png,/scratch/parceirosbr/bigoilict/share/BigOil/document_generator/datasets/documents_2021_12_28/12anp2_20211228_163959_2220006472_600_800.png,12anp2_20211228_163959_2220006472_600_800_mask.png,8.28
7,4,14,8,283,423,297,431,283,423,297,423,297,431,283,431,sub_line_text,table_text,table_2,arial,regular,7.0,12anp2_20211228_163959_2220006472_600_800.png,/scratch/parceirosbr/bigoilict/share/BigOil/document_generator/datasets/documents_2021_12_28/12anp2_20211228_163959_2220006472_600_800.png,12anp2_20211228_163959_2220006472_600_800_mask.png,8.28
7,4,14,8,283,434,297,442,283,434,297,434,297,442,283,442,text,table_text,table_2,arial,regular,7.0,12anp2_20211228_163959_2220006472_600_800.png,/scratch/parceirosbr/bigoilict/share/BigOil/document_generator/datasets/documents_2021_12_28/12anp2_20211228_163959_2220006472_600_800.png,12anp2_20211228_163959_2220006472_600_800_mask.png,7.54
7,4,14,8,283,434,297,442,283,434,297,434,297,442,283,442,sub_line_text,table_text,table_2,arial,regular,7.0,12anp2_20211228_163959_2220006472_600_800.png,/scratch/parceirosbr/bigoilict/share/BigOil/document_generator/datasets/documents_2021_12_28/12anp2_20211228_163959_2220006472_600_800.png,12anp2_20211228_163959_2220006472_600_800_mask.png,7.54
7,4,14,8,283,445,297,453,283,445,297,445,297,453,283,453,text,table_text,table_2,arial,regular,7.0,12anp2_20211228_163959_2220006472_600_800.png,/scratch/parceirosbr/bigoilict/share/BigOil/document_generator/datasets/documents_2021_12_28/12anp2_20211228_163959_2220006472_600_800.png,12anp2_20211228_163959_2220006472_600_800_mask.png,9.12
7,4,14,8,283,445,297,453,283,445,297,445,297,453,283,453,sub_line_text,table_text,table_2,arial,regular,7.0,12anp2_20211228_163959_2220006472_600_800.png,/scratch/parceirosbr/bigoilict/share/BigOil/document_generator/datasets/documents_2021_12_28/12anp2_20211228_163959_2220006472_600_800.png,12anp2_20211228_163959_2220006472_600_800_mask.png,9.12
7,4,14,8,283,456,297,464,283,456,297,456,297,464,283,464,text,table_text,table_2,arial,regular,7.0,12anp2_20211228_163959_2220006472_600_800.png,/scratch/parceirosbr/bigoilict/share/BigOil/document_generator/datasets/documents_2021_12_28/12anp2_20211228_163959_2220006472_600_800.png,12anp2_20211228_163959_2220006472_600_800_mask.png,1.57
7,4,14,8,283,456,297,464,283,456,297,456,297,464,283,464,sub_line_text,table_text,table_2,arial,regular,7.0,12anp2_20211228_163959_2220006472_600_800.png,/scratch/parceirosbr/bigoilict/share/BigOil/document_generator/datasets/documents_2021_12_28/12anp2_20211228_163959_2220006472_600_800.png,12anp2_20211228_163959_2220006472_600_800_mask.png,1.57
7,4,14,8,283,467,297,475,283,467,297,467,297,475,283,475,text,table_text,table_2,arial,regular,7.0,12anp2_20211228_163959_2220006472_600_800.png,/scratch/parceirosbr/bigoilict/share/BigOil/document_generator/datasets/documents_2021_12_28/12anp2_20211228_163959_2220006472_600_800.png,12anp2_20211228_163959_2220006472_600_800_mask.png,6.26
7,4,14,8,283,467,297,475,283,467,297,467,297,475,283,475,sub_line_text,table_text,table_2,arial,regular,7.0,12anp2_20211228_163959_2220006472_600_800.png,/scratch/parceirosbr/bigoilict/share/BigOil/document_generator/datasets/documents_2021_12_28/12anp2_20211228_163959_2220006472_600_800.png,12anp2_20211228_163959_2220006472_600_800_mask.png,6.26
7,4,14,8,283,478,297,486,283,478,297,478,297,486,283,486,text,table_text,table_2,arial,regular,7.0,12anp2_20211228_163959_2220006472_600_800.png,/scratch/parceirosbr/bigoilict/share/BigOil/document_generator/datasets/documents_2021_12_28/12anp2_20211228_163959_2220006472_600_800.png,12anp2_20211228_163959_2220006472_600_800_mask.png,3.71
7,4,14,8,283,478,297,486,283,478,297,478,297,486,283,486,sub_line_text,table_text,table_2,arial,regular,7.0,12anp2_20211228_163959_2220006472_600_800.png,/scratch/parceirosbr/bigoilict/share/BigOil/document_generator/datasets/documents_2021_12_28/12anp2_20211228_163959_2220006472_600_800.png,12anp2_20211228_163959_2220006472_600_800_mask.png,3.71
7,4,14,8,283,489,297,497,283,489,297,489,297,497,283,497,text,table_text,table_2,arial,regular,7.0,12anp2_20211228_163959_2220006472_600_800.png,/scratch/parceirosbr/bigoilict/share/BigOil/document_generator/datasets/documents_2021_12_28/12anp2_20211228_163959_2220006472_600_800.png,12anp2_20211228_163959_2220006472_600_800_mask.png,5.12
7,4,14,8,283,489,297,497,283,489,297,489,297,497,283,497,sub_line_text,table_text,table_2,arial,regular,7.0,12anp2_20211228_163959_2220006472_600_800.png,/scratch/parceirosbr/bigoilict/share/BigOil/document_generator/datasets/documents_2021_12_28/12anp2_20211228_163959_2220006472_600_800.png,12anp2_20211228_163959_2220006472_600_800_mask.png,5.12
7,4,14,8,283,500,297,508,283,500,297,500,297,508,283,508,text,table_text,table_2,arial,regular,7.0,12anp2_20211228_163959_2220006472_600_800.png,/scratch/parceirosbr/bigoilict/share/BigOil/document_generator/datasets/documents_2021_12_28/12anp2_20211228_163959_2220006472_600_800.png,12anp2_20211228_163959_2220006472_600_800_mask.png,5.14
7,4,14,8,283,500,297,508,283,500,297,500,297,508,283,508,sub_line_text,table_text,table_2,arial,regular,7.0,12anp2_20211228_163959_2220006472_600_800.png,/scratch/parceirosbr/bigoilict/share/BigOil/document_generator/datasets/documents_2021_12_28/12anp2_20211228_163959_2220006472_600_800.png,12anp2_20211228_163959_2220006472_600_800_mask.png,5.14
7,4,14,8,283,511,297,519,283,511,297,511,297,519,283,519,text,table_text,table_2,arial,regular,7.0,12anp2_20211228_163959_2220006472_600_800.png,/scratch/parceirosbr/bigoilict/share/BigOil/document_generator/datasets/documents_2021_12_28/12anp2_20211228_163959_2220006472_600_800.png,12anp2_20211228_163959_2220006472_600_800_mask.png,1.25
7,4,14,8,283,511,297,519,283,511,297,511,297,519,283,519,sub_line_text,table_text,table_2,arial,regular,7.0,12anp2_20211228_163959_2220006472_600_800.png,/scratch/parceirosbr/bigoilict/share/BigOil/document_generator/datasets/documents_2021_12_28/12anp2_20211228_163959_2220006472_600_800.png,12anp2_20211228_163959_2220006472_600_800_mask.png,1.25
7,4,14,8,283,522,297,530,283,522,297,522,297,530,283,530,text,table_text,table_2,arial,regular,7.0,12anp2_20211228_163959_2220006472_600_800.png,/scratch/parceirosbr/bigoilict/share/BigOil/document_generator/datasets/documents_2021_12_28/12anp2_20211228_163959_2220006472_600_800.png,12anp2_20211228_163959_2220006472_600_800_mask.png,2.42
7,4,14,8,283,522,297,530,283,522,297,522,297,530,283,530,sub_line_text,table_text,table_2,arial,regular,7.0,12anp2_20211228_163959_2220006472_600_800.png,/scratch/parceirosbr/bigoilict/share/BigOil/document_generator/datasets/documents_2021_12_28/12anp2_20211228_163959_2220006472_600_800.png,12anp2_20211228_163959_2220006472_600_800_mask.png,2.42
7,4,14,8,283,533,297,541,283,533,297,533,297,541,283,541,text,table_text,table_2,arial,regular,7.0,12anp2_20211228_163959_2220006472_600_800.png,/scratch/parceirosbr/bigoilict/share/BigOil/document_generator/datasets/documents_2021_12_28/12anp2_20211228_163959_2220006472_600_800.png,12anp2_20211228_163959_2220006472_600_800_mask.png,3.29
7,4,14,8,283,533,297,541,283,533,297,533,297,541,283,541,sub_line_text,table_text,table_2,arial,regular,7.0,12anp2_20211228_163959_2220006472_600_800.png,/scratch/parceirosbr/bigoilict/share/BigOil/document_generator/datasets/documents_2021_12_28/12anp2_20211228_163959_2220006472_600_800.png,12anp2_20211228_163959_2220006472_600_800_mask.png,3.29
7,4,14,8,283,544,297,552,283,544,297,544,297,552,283,552,text,table_text,table_2,arial,regular,7.0,12anp2_20211228_163959_2220006472_600_800.png,/scratch/parceirosbr/bigoilict/share/BigOil/document_generator/datasets/documents_2021_12_28/12anp2_20211228_163959_2220006472_600_800.png,12anp2_20211228_163959_2220006472_600_800_mask.png,9.53
7,4,14,8,283,544,297,552,283,544,297,544,297,552,283,552,sub_line_text,table_text,table_2,arial,regular,7.0,12anp2_20211228_163959_2220006472_600_800.png,/scratch/parceirosbr/bigoilict/share/BigOil/document_generator/datasets/documents_2021_12_28/12anp2_20211228_163959_2220006472_600_800.png,12anp2_20211228_163959_2220006472_600_800_mask.png,9.53
22,4,44,8,307,379,351,387,307,379,351,379,351,387,307,387,text,table_text,table_2,arial,regular,7.0,12anp2_20211228_163959_2220006472_600_800.png,/scratch/parceirosbr/bigoilict/share/BigOil/document_generator/datasets/documents_2021_12_28/12anp2_20211228_163959_2220006472_600_800.png,12anp2_20211228_163959_2220006472_600_800_mask.png,influenciando
22,4,44,8,307,379,351,387,307,379,351,379,351,387,307,387,sub_line_text,table_text,table_2,arial,regular,7.0,12anp2_20211228_163959_2220006472_600_800.png,/scratch/parceirosbr/bigoilict/share/BigOil/document_generator/datasets/documents_2021_12_28/12anp2_20211228_163959_2220006472_600_800.png,12anp2_20211228_163959_2220006472_600_800_mask.png,influenciando
22,4,44,8,307,390,351,398,307,390,351,390,351,398,307,398,text,table_text,table_2,arial,regular,7.0,12anp2_20211228_163959_2220006472_600_800.png,/scratch/parceirosbr/bigoilict/share/BigOil/document_generator/datasets/documents_2021_12_28/12anp2_20211228_163959_2220006472_600_800.png,12anp2_20211228_163959_2220006472_600_800_mask.png,combust√≠veis
22,4,44,8,307,390,351,398,307,390,351,390,351,398,307,398,sub_line_text,table_text,table_2,arial,regular,7.0,12anp2_20211228_163959_2220006472_600_800.png,/scratch/parceirosbr/bigoilict/share/BigOil/document_generator/datasets/documents_2021_12_28/12anp2_20211228_163959_2220006472_600_800.png,12anp2_20211228_163959_2220006472_600_800_mask.png,combust√≠veis
5,4,11,8,323,401,334,409,323,401,334,401,334,409,323,409,text,table_text,table_2,arial,regular,7.0,12anp2_20211228_163959_2220006472_600_800.png,/scratch/parceirosbr/bigoilict/share/BigOil/document_generator/datasets/documents_2021_12_28/12anp2_20211228_163959_2220006472_600_800.png,12anp2_20211228_163959_2220006472_600_800_mask.png,por
5,4,11,8,323,401,334,409,323,401,334,401,334,409,323,409,sub_line_text,table_text,table_2,arial,regular,7.0,12anp2_20211228_163959_2220006472_600_800.png,/scratch/parceirosbr/bigoilict/share/BigOil/document_generator/datasets/documents_2021_12_28/12anp2_20211228_163959_2220006472_600_800.png,12anp2_20211228_163959_2220006472_600_800_mask.png,por
16,4,32,8,313,412,345,420,313,412,345,412,345,420,313,420,text,table_text,table_2,arial,regular,7.0,12anp2_20211228_163959_2220006472_600_800.png,/scratch/parceirosbr/bigoilict/share/BigOil/document_generator/datasets/documents_2021_12_28/12anp2_20211228_163959_2220006472_600_800.png,12anp2_20211228_163959_2220006472_600_800_mask.png,reduzindo
16,4,32,8,313,412,345,420,313,412,345,412,345,420,313,420,sub_line_text,table_text,table_2,arial,regular,7.0,12anp2_20211228_163959_2220006472_600_800.png,/scratch/parceirosbr/bigoilict/share/BigOil/document_generator/datasets/documents_2021_12_28/12anp2_20211228_163959_2220006472_600_800.png,12anp2_20211228_163959_2220006472_600_800_mask.png,reduzindo
8,4,16,8,321,423,337,431,321,423,337,423,337,431,321,431,text,table_text,table_2,arial,regular,7.0,12anp2_20211228_163959_2220006472_600_800.png,/scratch/parceirosbr/bigoilict/share/BigOil/document_generator/datasets/documents_2021_12_28/12anp2_20211228_163959_2220006472_600_800.png,12anp2_20211228_163959_2220006472_600_800_mask.png,ideal
8,4,16,8,321,423,337,431,321,423,337,423,337,431,321,431,sub_line_text,table_text,table_2,arial,regular,7.0,12anp2_20211228_163959_2220006472_600_800.png,/scratch/parceirosbr/bigoilict/share/BigOil/document_generator/datasets/documents_2021_12_28/12anp2_20211228_163959_2220006472_600_800.png,12anp2_20211228_163959_2220006472_600_800_mask.png,ideal
10,4,20,8,319,434,339,442,319,434,339,434,339,442,319,442,text,table_text,table_2,arial,regular,7.0,12anp2_20211228_163959_2220006472_600_800.png,/scratch/parceirosbr/bigoilict/share/BigOil/document_generator/datasets/documents_2021_12_28/12anp2_20211228_163959_2220006472_600_800.png,12anp2_20211228_163959_2220006472_600_800_mask.png,tratam
10,4,20,8,319,434,339,442,319,434,339,434,339,442,319,442,sub_line_text,table_text,table_2,arial,regular,7.0,12anp2_20211228_163959_2220006472_600_800.png,/scratch/parceirosbr/bigoilict/share/BigOil/document_generator/datasets/documents_2021_12_28/12anp2_20211228_163959_2220006472_600_800.png,12anp2_20211228_163959_2220006472_600_800_mask.png,tratam
16,4,32,8,313,445,345,453,313,445,345,445,345,453,313,453,text,table_text,table_2,arial,regular,7.0,12anp2_20211228_163959_2220006472_600_800.png,/scratch/parceirosbr/bigoilict/share/BigOil/document_generator/datasets/documents_2021_12_28/12anp2_20211228_163959_2220006472_600_800.png,12anp2_20211228_163959_2220006472_600_800_mask.png,part√≠culas
16,4,32,8,313,445,345,453,313,445,345,445,345,453,313,453,sub_line_text,table_text,table_2,arial,regular,7.0,12anp2_20211228_163959_2220006472_600_800.png,/scratch/parceirosbr/bigoilict/share/BigOil/document_generator/datasets/documents_2021_12_28/12anp2_20211228_163959_2220006472_600_800.png,12anp2_20211228_163959_2220006472_600_800_mask.png,part√≠culas
22,4,44,8,307,456,351,464,307,456,351,456,351,464,307,464,text,table_text,table_2,arial,regular,7.0,12anp2_20211228_163959_2220006472_600_800.png,/scratch/parceirosbr/bigoilict/share/BigOil/document_generator/datasets/documents_2021_12_28/12anp2_20211228_163959_2220006472_600_800.png,12anp2_20211228_163959_2220006472_600_800_mask.png,componentes
22,4,44,8,307,456,351,464,307,456,351,456,351,464,307,464,sub_line_text,table_text,table_2,arial,regular,7.0,12anp2_20211228_163959_2220006472_600_800.png,/scratch/parceirosbr/bigoilict/share/BigOil/document_generator/datasets/documents_2021_12_28/12anp2_20211228_163959_2220006472_600_800.png,12anp2_20211228_163959_2220006472_600_800_mask.png,componentes
17,4,34,8,311,467,345,475,311,467,345,467,345,475,311,475,text,table_text,table_2,arial,regular,7.0,12anp2_20211228_163959_2220006472_600_800.png,/scratch/parceirosbr/bigoilict/share/BigOil/document_generator/datasets/documents_2021_12_28/12anp2_20211228_163959_2220006472_600_800.png,12anp2_20211228_163959_2220006472_600_800_mask.png,destacado
17,4,34,8,311,467,345,475,311,467,345,467,345,475,311,475,sub_line_text,table_text,table_2,arial,regular,7.0,12anp2_20211228_163959_2220006472_600_800.png,/scratch/parceirosbr/bigoilict/share/BigOil/document_generator/datasets/documents_2021_12_28/12anp2_20211228_163959_2220006472_600_800.png,12anp2_20211228_163959_2220006472_600_800_mask.png,destacado
7,4,14,8,321,478,335,486,321,478,335,478,335,486,321,486,text,table_text,table_2,arial,regular,7.0,12anp2_20211228_163959_2220006472_600_800.png,/scratch/parceirosbr/bigoilict/share/BigOil/document_generator/datasets/documents_2021_12_28/12anp2_20211228_163959_2220006472_600_800.png,12anp2_20211228_163959_2220006472_600_800_mask.png,sem
7,4,14,8,321,478,335,486,321,478,335,478,335,486,321,486,sub_line_text,table_text,table_2,arial,regular,7.0,12anp2_20211228_163959_2220006472_600_800.png,/scratch/parceirosbr/bigoilict/share/BigOil/document_generator/datasets/documents_2021_12_28/12anp2_20211228_163959_2220006472_600_800.png,12anp2_20211228_163959_2220006472_600_800_mask.png,sem
11,4,22,8,317,489,339,497,317,489,339,489,339,497,317,497,text,table_text,table_2,arial,regular,7.0,12anp2_20211228_163959_2220006472_600_800.png,/scratch/parceirosbr/bigoilict/share/BigOil/document_generator/datasets/documents_2021_12_28/12anp2_20211228_163959_2220006472_600_800.png,12anp2_20211228_163959_2220006472_600_800_mask.png,virtude
11,4,22,8,317,489,339,497,317,489,339,489,339,497,317,497,sub_line_text,table_text,table_2,arial,regular,7.0,12anp2_20211228_163959_2220006472_600_800.png,/scratch/parceirosbr/bigoilict/share/BigOil/document_generator/datasets/documents_2021_12_28/12anp2_20211228_163959_2220006472_600_800.png,12anp2_20211228_163959_2220006472_600_800_mask.png,virtude
9,4,18,8,319,500,337,508,319,500,337,500,337,508,319,508,text,table_text,table_2,arial,regular,7.0,12anp2_20211228_163959_2220006472_600_800.png,/scratch/parceirosbr/bigoilict/share/BigOil/document_generator/datasets/documents_2021_12_28/12anp2_20211228_163959_2220006472_600_800.png,12anp2_20211228_163959_2220006472_600_800_mask.png,ent√£o
9,4,18,8,319,500,337,508,319,500,337,500,337,508,319,508,sub_line_text,table_text,table_2,arial,regular,7.0,12anp2_20211228_163959_2220006472_600_800.png,/scratch/parceirosbr/bigoilict/share/BigOil/document_generator/datasets/documents_2021_12_28/12anp2_20211228_163959_2220006472_600_800.png,12anp2_20211228_163959_2220006472_600_800_mask.png,ent√£o
17,4,34,8,311,511,345,519,311,511,345,511,345,519,311,519,text,table_text,table_2,arial,regular,7.0,12anp2_20211228_163959_2220006472_600_800.png,/scratch/parceirosbr/bigoilict/share/BigOil/document_generator/datasets/documents_2021_12_28/12anp2_20211228_163959_2220006472_600_800.png,12anp2_20211228_163959_2220006472_600_800_mask.png,incentivos
17,4,34,8,311,511,345,519,311,511,345,511,345,519,311,519,sub_line_text,table_text,table_2,arial,regular,7.0,12anp2_20211228_163959_2220006472_600_800.png,/scratch/parceirosbr/bigoilict/share/BigOil/document_generator/datasets/documents_2021_12_28/12anp2_20211228_163959_2220006472_600_800.png,12anp2_20211228_163959_2220006472_600_800_mask.png,incentivos
17,4,34,8,311,522,345,530,311,522,345,522,345,530,311,530,text,table_text,table_2,arial,regular,7.0,12anp2_20211228_163959_2220006472_600_800.png,/scratch/parceirosbr/bigoilict/share/BigOil/document_generator/datasets/documents_2021_12_28/12anp2_20211228_163959_2220006472_600_800.png,12anp2_20211228_163959_2220006472_600_800_mask.png,cin√©ticade
17,4,34,8,311,522,345,530,311,522,345,522,345,530,311,530,sub_line_text,table_text,table_2,arial,regular,7.0,12anp2_20211228_163959_2220006472_600_800.png,/scratch/parceirosbr/bigoilict/share/BigOil/document_generator/datasets/documents_2021_12_28/12anp2_20211228_163959_2220006472_600_800.png,12anp2_20211228_163959_2220006472_600_800_mask.png,cin√©ticade
14,4,28,8,315,533,343,541,315,533,343,533,343,541,315,541,text,table_text,table_2,arial,regular,7.0,12anp2_20211228_163959_2220006472_600_800.png,/scratch/parceirosbr/bigoilict/share/BigOil/document_generator/datasets/documents_2021_12_28/12anp2_20211228_163959_2220006472_600_800.png,12anp2_20211228_163959_2220006472_600_800_mask.png,mercado
14,4,28,8,315,533,343,541,315,533,343,533,343,541,315,541,sub_line_text,table_text,table_2,arial,regular,7.0,12anp2_20211228_163959_2220006472_600_800.png,/scratch/parceirosbr/bigoilict/share/BigOil/document_generator/datasets/documents_2021_12_28/12anp2_20211228_163959_2220006472_600_800.png,12anp2_20211228_163959_2220006472_600_800_mask.png,mercado
8,4,16,8,321,544,337,552,321,544,337,544,337,552,321,552,text,table_text,table_2,arial,regular,7.0,12anp2_20211228_163959_2220006472_600_800.png,/scratch/parceirosbr/bigoilict/share/BigOil/document_generator/datasets/documents_2021_12_28/12anp2_20211228_163959_2220006472_600_800.png,12anp2_20211228_163959_2220006472_600_800_mask.png,parte
8,4,16,8,321,544,337,552,321,544,337,544,337,552,321,552,sub_line_text,table_text,table_2,arial,regular,7.0,12anp2_20211228_163959_2220006472_600_800.png,/scratch/parceirosbr/bigoilict/share/BigOil/document_generator/datasets/documents_2021_12_28/12anp2_20211228_163959_2220006472_600_800.png,12anp2_20211228_163959_2220006472_600_800_mask.png,parte
8,4,16,8,383,379,399,387,383,379,399,379,399,387,383,387,text,table_text,table_2,arial,regular,7.0,12anp2_20211228_163959_2220006472_600_800.png,/scratch/parceirosbr/bigoilict/share/BigOil/document_generator/datasets/documents_2021_12_28/12anp2_20211228_163959_2220006472_600_800.png,12anp2_20211228_163959_2220006472_600_800_mask.png,caso
8,4,16,8,383,379,399,387,383,379,399,379,399,387,383,387,sub_line_text,table_text,table_2,arial,regular,7.0,12anp2_20211228_163959_2220006472_600_800.png,/scratch/parceirosbr/bigoilict/share/BigOil/document_generator/datasets/documents_2021_12_28/12anp2_20211228_163959_2220006472_600_800.png,12anp2_20211228_163959_2220006472_600_800_mask.png,caso
10,4,20,8,381,390,401,398,381,390,401,390,401,398,381,398,text,table_text,table_2,arial,regular,7.0,12anp2_20211228_163959_2220006472_600_800.png,/scratch/parceirosbr/bigoilict/share/BigOil/document_generator/datasets/documents_2021_12_28/12anp2_20211228_163959_2220006472_600_800.png,12anp2_20211228_163959_2220006472_600_800_mask.png,n√≠quel
10,4,20,8,381,390,401,398,381,390,401,390,401,398,381,398,sub_line_text,table_text,table_2,arial,regular,7.0,12anp2_20211228_163959_2220006472_600_800.png,/scratch/parceirosbr/bigoilict/share/BigOil/document_generator/datasets/documents_2021_12_28/12anp2_20211228_163959_2220006472_600_800.png,12anp2_20211228_163959_2220006472_600_800_mask.png,n√≠quel
13,4,26,8,377,401,403,409,377,401,403,401,403,409,377,409,text,table_text,table_2,arial,regular,7.0,12anp2_20211228_163959_2220006472_600_800.png,/scratch/parceirosbr/bigoilict/share/BigOil/document_generator/datasets/documents_2021_12_28/12anp2_20211228_163959_2220006472_600_800.png,12anp2_20211228_163959_2220006472_600_800_mask.png,m√°xima
13,4,26,8,377,401,403,409,377,401,403,401,403,409,377,409,sub_line_text,table_text,table_2,arial,regular,7.0,12anp2_20211228_163959_2220006472_600_800.png,/scratch/parceirosbr/bigoilict/share/BigOil/document_generator/datasets/documents_2021_12_28/12anp2_20211228_163959_2220006472_600_800.png,12anp2_20211228_163959_2220006472_600_800_mask.png,m√°xima
12,4,24,8,379,412,403,420,379,412,403,412,403,420,379,420,text,table_text,table_2,arial,regular,7.0,12anp2_20211228_163959_2220006472_600_800.png,/scratch/parceirosbr/bigoilict/share/BigOil/document_generator/datasets/documents_2021_12_28/12anp2_20211228_163959_2220006472_600_800.png,12anp2_20211228_163959_2220006472_600_800_mask.png,c√°lculo
12,4,24,8,379,412,403,420,379,412,403,412,403,420,379,420,sub_line_text,table_text,table_2,arial,regular,7.0,12anp2_20211228_163959_2220006472_600_800.png,/scratch/parceirosbr/bigoilict/share/BigOil/document_generator/datasets/documents_2021_12_28/12anp2_20211228_163959_2220006472_600_800.png,12anp2_20211228_163959_2220006472_600_800_mask.png,c√°lculo
15,4,30,8,375,423,405,431,375,423,405,423,405,431,375,431,text,table_text,table_2,arial,regular,7.0,12anp2_20211228_163959_2220006472_600_800.png,/scratch/parceirosbr/bigoilict/share/BigOil/document_generator/datasets/documents_2021_12_28/12anp2_20211228_163959_2220006472_600_800.png,12anp2_20211228_163959_2220006472_600_800_mask.png,formando
15,4,30,8,375,423,405,431,375,423,405,423,405,431,375,431,sub_line_text,table_text,table_2,arial,regular,7.0,12anp2_20211228_163959_2220006472_600_800.png,/scratch/parceirosbr/bigoilict/share/BigOil/document_generator/datasets/documents_2021_12_28/12anp2_20211228_163959_2220006472_600_800.png,12anp2_20211228_163959_2220006472_600_800_mask.png,formando
7,4,14,8,383,434,397,442,383,434,397,434,397,442,383,442,text,table_text,table_2,arial,regular,7.0,12anp2_20211228_163959_2220006472_600_800.png,/scratch/parceirosbr/bigoilict/share/BigOil/document_generator/datasets/documents_2021_12_28/12anp2_20211228_163959_2220006472_600_800.png,12anp2_20211228_163959_2220006472_600_800_mask.png,bico
7,4,14,8,383,434,397,442,383,434,397,434,397,442,383,442,sub_line_text,table_text,table_2,arial,regular,7.0,12anp2_20211228_163959_2220006472_600_800.png,/scratch/parceirosbr/bigoilict/share/BigOil/document_generator/datasets/documents_2021_12_28/12anp2_20211228_163959_2220006472_600_800.png,12anp2_20211228_163959_2220006472_600_800_mask.png,bico
9,4,18,8,381,445,399,453,381,445,399,445,399,453,381,453,text,table_text,table_2,arial,regular,7.0,12anp2_20211228_163959_2220006472_600_800.png,/scratch/parceirosbr/bigoilict/share/BigOil/document_generator/datasets/documents_2021_12_28/12anp2_20211228_163959_2220006472_600_800.png,12anp2_20211228_163959_2220006472_600_800_mask.png,ent√£o
9,4,18,8,381,445,399,453,381,445,399,445,399,453,381,453,sub_line_text,table_text,table_2,arial,regular,7.0,12anp2_20211228_163959_2220006472_600_800.png,/scratch/parceirosbr/bigoilict/share/BigOil/document_generator/datasets/documents_2021_12_28/12anp2_20211228_163959_2220006472_600_800.png,12anp2_20211228_163959_2220006472_600_800_mask.png,ent√£o
19,4,38,8,371,456,409,464,371,456,409,456,409,464,371,464,text,table_text,table_2,arial,regular,7.0,12anp2_20211228_163959_2220006472_600_800.png,/scratch/parceirosbr/bigoilict/share/BigOil/document_generator/datasets/documents_2021_12_28/12anp2_20211228_163959_2220006472_600_800.png,12anp2_20211228_163959_2220006472_600_800_mask.png,apresentam
19,4,38,8,371,456,409,464,371,456,409,456,409,464,371,464,sub_line_text,table_text,table_2,arial,regular,7.0,12anp2_20211228_163959_2220006472_600_800.png,/scratch/parceirosbr/bigoilict/share/BigOil/document_generator/datasets/documents_2021_12_28/12anp2_20211228_163959_2220006472_600_800.png,12anp2_20211228_163959_2220006472_600_800_mask.png,apresentam
24,4,48,8,367,467,415,475,367,467,415,467,415,475,367,475,text,table_text,table_2,arial,regular,7.0,12anp2_20211228_163959_2220006472_600_800.png,/scratch/parceirosbr/bigoilict/share/BigOil/document_generator/datasets/documents_2021_12_28/12anp2_20211228_163959_2220006472_600_800.png,12anp2_20211228_163959_2220006472_600_800_mask.png,monitoramento
24,4,48,8,367,467,415,475,367,467,415,467,415,475,367,475,sub_line_text,table_text,table_2,arial,regular,7.0,12anp2_20211228_163959_2220006472_600_800.png,/scratch/parceirosbr/bigoilict/share/BigOil/document_generator/datasets/documents_2021_12_28/12anp2_20211228_163959_2220006472_600_800.png,12anp2_20211228_163959_2220006472_600_800_mask.png,monitoramento
12,4,24,8,379,478,403,486,379,478,403,478,403,486,379,486,text,table_text,table_2,arial,regular,7.0,12anp2_20211228_163959_2220006472_600_800.png,/scratch/parceirosbr/bigoilict/share/BigOil/document_generator/datasets/documents_2021_12_28/12anp2_20211228_163959_2220006472_600_800.png,12anp2_20211228_163959_2220006472_600_800_mask.png,mistura
12,4,24,8,379,478,403,486,379,478,403,478,403,486,379,486,sub_line_text,table_text,table_2,arial,regular,7.0,12anp2_20211228_163959_2220006472_600_800.png,/scratch/parceirosbr/bigoilict/share/BigOil/document_generator/datasets/documents_2021_12_28/12anp2_20211228_163959_2220006472_600_800.png,12anp2_20211228_163959_2220006472_600_800_mask.png,mistura
15,4,30,8,375,489,405,497,375,489,405,489,405,497,375,497,text,table_text,table_2,arial,regular,7.0,12anp2_20211228_163959_2220006472_600_800.png,/scratch/parceirosbr/bigoilict/share/BigOil/document_generator/datasets/documents_2021_12_28/12anp2_20211228_163959_2220006472_600_800.png,12anp2_20211228_163959_2220006472_600_800_mask.png,decis√µes
15,4,30,8,375,489,405,497,375,489,405,489,405,497,375,497,sub_line_text,table_text,table_2,arial,regular,7.0,12anp2_20211228_163959_2220006472_600_800.png,/scratch/parceirosbr/bigoilict/share/BigOil/document_generator/datasets/documents_2021_12_28/12anp2_20211228_163959_2220006472_600_800.png,12anp2_20211228_163959_2220006472_600_800_mask.png,decis√µes
6,4,12,8,385,500,397,508,385,500,397,500,397,508,385,508,text,table_text,table_2,arial,regular,7.0,12anp2_20211228_163959_2220006472_600_800.png,/scratch/parceirosbr/bigoilict/share/BigOil/document_generator/datasets/documents_2021_12_28/12anp2_20211228_163959_2220006472_600_800.png,12anp2_20211228_163959_2220006472_600_800_mask.png,que
6,4,12,8,385,500,397,508,385,500,397,500,397,508,385,508,sub_line_text,table_text,table_2,arial,regular,7.0,12anp2_20211228_163959_2220006472_600_800.png,/scratch/parceirosbr/bigoilict/share/BigOil/document_generator/datasets/documents_2021_12_28/12anp2_20211228_163959_2220006472_600_800.png,12anp2_20211228_163959_2220006472_600_800_mask.png,que
12,4,24,8,379,511,403,519,379,511,403,511,403,519,379,519,text,table_text,table_2,arial,regular,7.0,12anp2_20211228_163959_2220006472_600_800.png,/scratch/parceirosbr/bigoilict/share/BigOil/document_generator/datasets/documents_2021_12_28/12anp2_20211228_163959_2220006472_600_800.png,12anp2_20211228_163959_2220006472_600_800_mask.png,durante
12,4,24,8,379,511,403,519,379,511,403,511,403,519,379,519,sub_line_text,table_text,table_2,arial,regular,7.0,12anp2_20211228_163959_2220006472_600_800.png,/scratch/parceirosbr/bigoilict/share/BigOil/document_generator/datasets/documents_2021_12_28/12anp2_20211228_163959_2220006472_600_800.png,12anp2_20211228_163959_2220006472_600_800_mask.png,durante
5,4,10,8,385,522,395,530,385,522,395,522,395,530,385,530,text,table_text,table_2,arial,regular,7.0,12anp2_20211228_163959_2220006472_600_800.png,/scratch/parceirosbr/bigoilict/share/BigOil/document_generator/datasets/documents_2021_12_28/12anp2_20211228_163959_2220006472_600_800.png,12anp2_20211228_163959_2220006472_600_800_mask.png,em
5,4,10,8,385,522,395,530,385,522,395,522,395,530,385,530,sub_line_text,table_text,table_2,arial,regular,7.0,12anp2_20211228_163959_2220006472_600_800.png,/scratch/parceirosbr/bigoilict/share/BigOil/document_generator/datasets/documents_2021_12_28/12anp2_20211228_163959_2220006472_600_800.png,12anp2_20211228_163959_2220006472_600_800_mask.png,em
22,4,44,8,369,533,413,541,369,533,413,533,413,541,369,541,text,table_text,table_2,arial,regular,7.0,12anp2_20211228_163959_2220006472_600_800.png,/scratch/parceirosbr/bigoilict/share/BigOil/document_generator/datasets/documents_2021_12_28/12anp2_20211228_163959_2220006472_600_800.png,12anp2_20211228_163959_2220006472_600_800_mask.png,relativamente
22,4,44,8,369,533,413,541,369,533,413,533,413,541,369,541,sub_line_text,table_text,table_2,arial,regular,7.0,12anp2_20211228_163959_2220006472_600_800.png,/scratch/parceirosbr/bigoilict/share/BigOil/document_generator/datasets/documents_2021_12_28/12anp2_20211228_163959_2220006472_600_800.png,12anp2_20211228_163959_2220006472_600_800_mask.png,relativamente
9,4,18,8,381,544,399,552,381,544,399,544,399,552,381,552,text,table_text,table_2,arial,regular,7.0,12anp2_20211228_163959_2220006472_600_800.png,/scratch/parceirosbr/bigoilict/share/BigOil/document_generator/datasets/documents_2021_12_28/12anp2_20211228_163959_2220006472_600_800.png,12anp2_20211228_163959_2220006472_600_800_mask.png,f√≠sico
9,4,18,8,381,544,399,552,381,544,399,544,399,552,381,552,sub_line_text,table_text,table_2,arial,regular,7.0,12anp2_20211228_163959_2220006472_600_800.png,/scratch/parceirosbr/bigoilict/share/BigOil/document_generator/datasets/documents_2021_12_28/12anp2_20211228_163959_2220006472_600_800.png,12anp2_20211228_163959_2220006472_600_800_mask.png,f√≠sico
2,4,4,8,466,379,470,387,466,379,470,379,470,387,466,387,text,table_text,table_2,arial,regular,7.0,12anp2_20211228_163959_2220006472_600_800.png,/scratch/parceirosbr/bigoilict/share/BigOil/document_generator/datasets/documents_2021_12_28/12anp2_20211228_163959_2220006472_600_800.png,12anp2_20211228_163959_2220006472_600_800_mask.png,o
2,4,4,8,466,379,470,387,466,379,470,379,470,387,466,387,sub_line_text,table_text,table_2,arial,regular,7.0,12anp2_20211228_163959_2220006472_600_800.png,/scratch/parceirosbr/bigoilict/share/BigOil/document_generator/datasets/documents_2021_12_28/12anp2_20211228_163959_2220006472_600_800.png,12anp2_20211228_163959_2220006472_600_800_mask.png,o
7,4,14,8,456,390,470,398,456,390,470,390,470,398,456,398,text,table_text,table_2,arial,regular,7.0,12anp2_20211228_163959_2220006472_600_800.png,/scratch/parceirosbr/bigoilict/share/BigOil/document_generator/datasets/documents_2021_12_28/12anp2_20211228_163959_2220006472_600_800.png,12anp2_20211228_163959_2220006472_600_800_mask.png,60.3
7,4,14,8,456,390,470,398,456,390,470,390,470,398,456,398,sub_line_text,table_text,table_2,arial,regular,7.0,12anp2_20211228_163959_2220006472_600_800.png,/scratch/parceirosbr/bigoilict/share/BigOil/document_generator/datasets/documents_2021_12_28/12anp2_20211228_163959_2220006472_600_800.png,12anp2_20211228_163959_2220006472_600_800_mask.png,60.3
5,4,10,8,460,401,470,409,460,401,470,401,470,409,460,409,text,table_text,table_2,arial,regular,7.0,12anp2_20211228_163959_2220006472_600_800.png,/scratch/parceirosbr/bigoilict/share/BigOil/document_generator/datasets/documents_2021_12_28/12anp2_20211228_163959_2220006472_600_800.png,12anp2_20211228_163959_2220006472_600_800_mask.png,3.2
5,4,10,8,460,401,470,409,460,401,470,401,470,409,460,409,sub_line_text,table_text,table_2,arial,regular,7.0,12anp2_20211228_163959_2220006472_600_800.png,/scratch/parceirosbr/bigoilict/share/BigOil/document_generator/datasets/documents_2021_12_28/12anp2_20211228_163959_2220006472_600_800.png,12anp2_20211228_163959_2220006472_600_800_mask.png,3.2
11,4,22,8,448,412,470,420,448,412,470,412,470,420,448,420,text,table_text,table_2,arial,regular,7.0,12anp2_20211228_163959_2220006472_600_800.png,/scratch/parceirosbr/bigoilict/share/BigOil/document_generator/datasets/documents_2021_12_28/12anp2_20211228_163959_2220006472_600_800.png,12anp2_20211228_163959_2220006472_600_800_mask.png,3829.6
11,4,22,8,448,412,470,420,448,412,470,412,470,420,448,420,sub_line_text,table_text,table_2,arial,regular,7.0,12anp2_20211228_163959_2220006472_600_800.png,/scratch/parceirosbr/bigoilict/share/BigOil/document_generator/datasets/documents_2021_12_28/12anp2_20211228_163959_2220006472_600_800.png,12anp2_20211228_163959_2220006472_600_800_mask.png,3829.6
7,4,14,8,456,423,470,431,456,423,470,423,470,431,456,431,text,table_text,table_2,arial,regular,7.0,12anp2_20211228_163959_2220006472_600_800.png,/scratch/parceirosbr/bigoilict/share/BigOil/document_generator/datasets/documents_2021_12_28/12anp2_20211228_163959_2220006472_600_800.png,12anp2_20211228_163959_2220006472_600_800_mask.png,25.5
7,4,14,8,456,423,470,431,456,423,470,423,470,431,456,431,sub_line_text,table_text,table_2,arial,regular,7.0,12anp2_20211228_163959_2220006472_600_800.png,/scratch/parceirosbr/bigoilict/share/BigOil/document_generator/datasets/documents_2021_12_28/12anp2_20211228_163959_2220006472_600_800.png,12anp2_20211228_163959_2220006472_600_800_mask.png,25.5
7,4,14,8,456,434,470,442,456,434,470,434,470,442,456,442,text,table_text,table_2,arial,regular,7.0,12anp2_20211228_163959_2220006472_600_800.png,/scratch/parceirosbr/bigoilict/share/BigOil/document_generator/datasets/documents_2021_12_28/12anp2_20211228_163959_2220006472_600_800.png,12anp2_20211228_163959_2220006472_600_800_mask.png,22.8
7,4,14,8,456,434,470,442,456,434,470,434,470,442,456,442,sub_line_text,table_text,table_2,arial,regular,7.0,12anp2_20211228_163959_2220006472_600_800.png,/scratch/parceirosbr/bigoilict/share/BigOil/document_generator/datasets/documents_2021_12_28/12anp2_20211228_163959_2220006472_600_800.png,12anp2_20211228_163959_2220006472_600_800_mask.png,22.8
9,4,18,8,452,445,470,453,452,445,470,445,470,453,452,453,text,table_text,table_2,arial,regular,7.0,12anp2_20211228_163959_2220006472_600_800.png,/scratch/parceirosbr/bigoilict/share/BigOil/document_generator/datasets/documents_2021_12_28/12anp2_20211228_163959_2220006472_600_800.png,12anp2_20211228_163959_2220006472_600_800_mask.png,334.3
9,4,18,8,452,445,470,453,452,445,470,445,470,453,452,453,sub_line_text,table_text,table_2,arial,regular,7.0,12anp2_20211228_163959_2220006472_600_800.png,/scratch/parceirosbr/bigoilict/share/BigOil/document_generator/datasets/documents_2021_12_28/12anp2_20211228_163959_2220006472_600_800.png,12anp2_20211228_163959_2220006472_600_800_mask.png,334.3
9,4,18,8,452,456,470,464,452,456,470,456,470,464,452,464,text,table_text,table_2,arial,regular,7.0,12anp2_20211228_163959_2220006472_600_800.png,/scratch/parceirosbr/bigoilict/share/BigOil/document_generator/datasets/documents_2021_12_28/12anp2_20211228_163959_2220006472_600_800.png,12anp2_20211228_163959_2220006472_600_800_mask.png,135.6
9,4,18,8,452,456,470,464,452,456,470,456,470,464,452,464,sub_line_text,table_text,table_2,arial,regular,7.0,12anp2_20211228_163959_2220006472_600_800.png,/scratch/parceirosbr/bigoilict/share/BigOil/document_generator/datasets/documents_2021_12_28/12anp2_20211228_163959_2220006472_600_800.png,12anp2_20211228_163959_2220006472_600_800_mask.png,135.6
11,4,22,8,448,467,470,475,448,467,470,467,470,475,448,475,text,table_text,table_2,arial,regular,7.0,12anp2_20211228_163959_2220006472_600_800.png,/scratch/parceirosbr/bigoilict/share/BigOil/document_generator/datasets/documents_2021_12_28/12anp2_20211228_163959_2220006472_600_800.png,12anp2_20211228_163959_2220006472_600_800_mask.png,8980.1
11,4,22,8,448,467,470,475,448,467,470,467,470,475,448,475,sub_line_text,table_text,table_2,arial,regular,7.0,12anp2_20211228_163959_2220006472_600_800.png,/scratch/parceirosbr/bigoilict/share/BigOil/document_generator/datasets/documents_2021_12_28/12anp2_20211228_163959_2220006472_600_800.png,12anp2_20211228_163959_2220006472_600_800_mask.png,8980.1
7,4,14,8,456,478,470,486,456,478,470,478,470,486,456,486,text,table_text,table_2,arial,regular,7.0,12anp2_20211228_163959_2220006472_600_800.png,/scratch/parceirosbr/bigoilict/share/BigOil/document_generator/datasets/documents_2021_12_28/12anp2_20211228_163959_2220006472_600_800.png,12anp2_20211228_163959_2220006472_600_800_mask.png,29.6
7,4,14,8,456,478,470,486,456,478,470,478,470,486,456,486,sub_line_text,table_text,table_2,arial,regular,7.0,12anp2_20211228_163959_2220006472_600_800.png,/scratch/parceirosbr/bigoilict/share/BigOil/document_generator/datasets/documents_2021_12_28/12anp2_20211228_163959_2220006472_600_800.png,12anp2_20211228_163959_2220006472_600_800_mask.png,29.6
9,4,18,8,452,489,470,497,452,489,470,489,470,497,452,497,text,table_text,table_2,arial,regular,7.0,12anp2_20211228_163959_2220006472_600_800.png,/scratch/parceirosbr/bigoilict/share/BigOil/document_generator/datasets/documents_2021_12_28/12anp2_20211228_163959_2220006472_600_800.png,12anp2_20211228_163959_2220006472_600_800_mask.png,515.2
9,4,18,8,452,489,470,497,452,489,470,489,470,497,452,497,sub_line_text,table_text,table_2,arial,regular,7.0,12anp2_20211228_163959_2220006472_600_800.png,/scratch/parceirosbr/bigoilict/share/BigOil/document_generator/datasets/documents_2021_12_28/12anp2_20211228_163959_2220006472_600_800.png,12anp2_20211228_163959_2220006472_600_800_mask.png,515.2
5,4,10,8,460,500,470,508,460,500,470,500,470,508,460,508,text,table_text,table_2,arial,regular,7.0,12anp2_20211228_163959_2220006472_600_800.png,/scratch/parceirosbr/bigoilict/share/BigOil/document_generator/datasets/documents_2021_12_28/12anp2_20211228_163959_2220006472_600_800.png,12anp2_20211228_163959_2220006472_600_800_mask.png,9.8
5,4,10,8,460,500,470,508,460,500,470,500,470,508,460,508,sub_line_text,table_text,table_2,arial,regular,7.0,12anp2_20211228_163959_2220006472_600_800.png,/scratch/parceirosbr/bigoilict/share/BigOil/document_generator/datasets/documents_2021_12_28/12anp2_20211228_163959_2220006472_600_800.png,12anp2_20211228_163959_2220006472_600_800_mask.png,9.8
5,4,10,8,460,511,470,519,460,511,470,511,470,519,460,519,text,table_text,table_2,arial,regular,7.0,12anp2_20211228_163959_2220006472_600_800.png,/scratch/parceirosbr/bigoilict/share/BigOil/document_generator/datasets/documents_2021_12_28/12anp2_20211228_163959_2220006472_600_800.png,12anp2_20211228_163959_2220006472_600_800_mask.png,7.8
5,4,10,8,460,511,470,519,460,511,470,511,470,519,460,519,sub_line_text,table_text,table_2,arial,regular,7.0,12anp2_20211228_163959_2220006472_600_800.png,/scratch/parceirosbr/bigoilict/share/BigOil/document_generator/datasets/documents_2021_12_28/12anp2_20211228_163959_2220006472_600_800.png,12anp2_20211228_163959_2220006472_600_800_mask.png,7.8
13,4,26,8,444,522,470,530,444,522,470,522,470,530,444,530,text,table_text,table_2,arial,regular,7.0,12anp2_20211228_163959_2220006472_600_800.png,/scratch/parceirosbr/bigoilict/share/BigOil/document_generator/datasets/documents_2021_12_28/12anp2_20211228_163959_2220006472_600_800.png,12anp2_20211228_163959_2220006472_600_800_mask.png,50836.8
13,4,26,8,444,522,470,530,444,522,470,522,470,530,444,530,sub_line_text,table_text,table_2,arial,regular,7.0,12anp2_20211228_163959_2220006472_600_800.png,/scratch/parceirosbr/bigoilict/share/BigOil/document_generator/datasets/documents_2021_12_28/12anp2_20211228_163959_2220006472_600_800.png,12anp2_20211228_163959_2220006472_600_800_mask.png,50836.8
13,4,26,8,444,533,470,541,444,533,470,533,470,541,444,541,text,table_text,table_2,arial,regular,7.0,12anp2_20211228_163959_2220006472_600_800.png,/scratch/parceirosbr/bigoilict/share/BigOil/document_generator/datasets/documents_2021_12_28/12anp2_20211228_163959_2220006472_600_800.png,12anp2_20211228_163959_2220006472_600_800_mask.png,97838.2
13,4,26,8,444,533,470,541,444,533,470,533,470,541,444,541,sub_line_text,table_text,table_2,arial,regular,7.0,12anp2_20211228_163959_2220006472_600_800.png,/scratch/parceirosbr/bigoilict/share/BigOil/document_generator/datasets/documents_2021_12_28/12anp2_20211228_163959_2220006472_600_800.png,12anp2_20211228_163959_2220006472_600_800_mask.png,97838.2
7,4,14,8,456,544,470,552,456,544,470,544,470,552,456,552,text,table_text,table_2,arial,regular,7.0,12anp2_20211228_163959_2220006472_600_800.png,/scratch/parceirosbr/bigoilict/share/BigOil/document_generator/datasets/documents_2021_12_28/12anp2_20211228_163959_2220006472_600_800.png,12anp2_20211228_163959_2220006472_600_800_mask.png,22.8
7,4,14,8,456,544,470,552,456,544,470,544,470,552,456,552,sub_line_text,table_text,table_2,arial,regular,7.0,12anp2_20211228_163959_2220006472_600_800.png,/scratch/parceirosbr/bigoilict/share/BigOil/document_generator/datasets/documents_2021_12_28/12anp2_20211228_163959_2220006472_600_800.png,12anp2_20211228_163959_2220006472_600_800_mask.png,22.8
17,4,34,8,515,379,549,387,515,379,549,379,549,387,515,387,text,table_text,table_2,arial,regular,7.0,12anp2_20211228_163959_2220006472_600_800.png,/scratch/parceirosbr/bigoilict/share/BigOil/document_generator/datasets/documents_2021_12_28/12anp2_20211228_163959_2220006472_600_800.png,12anp2_20211228_163959_2220006472_600_800_mask.png,problemas
17,4,34,8,515,379,549,387,515,379,549,379,549,387,515,387,sub_line_text,table_text,table_2,arial,regular,7.0,12anp2_20211228_163959_2220006472_600_800.png,/scratch/parceirosbr/bigoilict/share/BigOil/document_generator/datasets/documents_2021_12_28/12anp2_20211228_163959_2220006472_600_800.png,12anp2_20211228_163959_2220006472_600_800_mask.png,problemas
31,4,62,8,487,390,549,398,487,390,549,390,549,398,487,398,text,table_text,table_2,arial,regular,7.0,12anp2_20211228_163959_2220006472_600_800.png,/scratch/parceirosbr/bigoilict/share/BigOil/document_generator/datasets/documents_2021_12_28/12anp2_20211228_163959_2220006472_600_800.png,12anp2_20211228_163959_2220006472_600_800_mask.png,621516859369.659
31,4,62,8,487,390,549,398,487,390,549,390,549,398,487,398,sub_line_text,table_text,table_2,arial,regular,7.0,12anp2_20211228_163959_2220006472_600_800.png,/scratch/parceirosbr/bigoilict/share/BigOil/document_generator/datasets/documents_2021_12_28/12anp2_20211228_163959_2220006472_600_800.png,12anp2_20211228_163959_2220006472_600_800_mask.png,621516859369.659
31,4,62,8,487,401,549,409,487,401,549,401,549,409,487,409,text,table_text,table_2,arial,regular,7.0,12anp2_20211228_163959_2220006472_600_800.png,/scratch/parceirosbr/bigoilict/share/BigOil/document_generator/datasets/documents_2021_12_28/12anp2_20211228_163959_2220006472_600_800.png,12anp2_20211228_163959_2220006472_600_800_mask.png,286539679328.769
31,4,62,8,487,401,549,409,487,401,549,401,549,409,487,409,sub_line_text,table_text,table_2,arial,regular,7.0,12anp2_20211228_163959_2220006472_600_800.png,/scratch/parceirosbr/bigoilict/share/BigOil/document_generator/datasets/documents_2021_12_28/12anp2_20211228_163959_2220006472_600_800.png,12anp2_20211228_163959_2220006472_600_800_mask.png,286539679328.769
31,4,62,8,487,412,549,420,487,412,549,412,549,420,487,420,text,table_text,table_2,arial,regular,7.0,12anp2_20211228_163959_2220006472_600_800.png,/scratch/parceirosbr/bigoilict/share/BigOil/document_generator/datasets/documents_2021_12_28/12anp2_20211228_163959_2220006472_600_800.png,12anp2_20211228_163959_2220006472_600_800_mask.png,209462445516.219
31,4,62,8,487,412,549,420,487,412,549,412,549,420,487,420,sub_line_text,table_text,table_2,arial,regular,7.0,12anp2_20211228_163959_2220006472_600_800.png,/scratch/parceirosbr/bigoilict/share/BigOil/document_generator/datasets/documents_2021_12_28/12anp2_20211228_163959_2220006472_600_800.png,12anp2_20211228_163959_2220006472_600_800_mask.png,209462445516.219
31,4,62,8,487,423,549,431,487,423,549,423,549,431,487,431,text,table_text,table_2,arial,regular,7.0,12anp2_20211228_163959_2220006472_600_800.png,/scratch/parceirosbr/bigoilict/share/BigOil/document_generator/datasets/documents_2021_12_28/12anp2_20211228_163959_2220006472_600_800.png,12anp2_20211228_163959_2220006472_600_800_mask.png,178902638894.183
31,4,62,8,487,423,549,431,487,423,549,423,549,431,487,431,sub_line_text,table_text,table_2,arial,regular,7.0,12anp2_20211228_163959_2220006472_600_800.png,/scratch/parceirosbr/bigoilict/share/BigOil/document_generator/datasets/documents_2021_12_28/12anp2_20211228_163959_2220006472_600_800.png,12anp2_20211228_163959_2220006472_600_800_mask.png,178902638894.183
31,4,62,8,487,434,549,442,487,434,549,434,549,442,487,442,text,table_text,table_2,arial,regular,7.0,12anp2_20211228_163959_2220006472_600_800.png,/scratch/parceirosbr/bigoilict/share/BigOil/document_generator/datasets/documents_2021_12_28/12anp2_20211228_163959_2220006472_600_800.png,12anp2_20211228_163959_2220006472_600_800_mask.png,750175412521.670
31,4,62,8,487,434,549,442,487,434,549,434,549,442,487,442,sub_line_text,table_text,table_2,arial,regular,7.0,12anp2_20211228_163959_2220006472_600_800.png,/scratch/parceirosbr/bigoilict/share/BigOil/document_generator/datasets/documents_2021_12_28/12anp2_20211228_163959_2220006472_600_800.png,12anp2_20211228_163959_2220006472_600_800_mask.png,750175412521.670
31,4,62,8,487,445,549,453,487,445,549,445,549,453,487,453,text,table_text,table_2,arial,regular,7.0,12anp2_20211228_163959_2220006472_600_800.png,/scratch/parceirosbr/bigoilict/share/BigOil/document_generator/datasets/documents_2021_12_28/12anp2_20211228_163959_2220006472_600_800.png,12anp2_20211228_163959_2220006472_600_800_mask.png,792028279073.606
31,4,62,8,487,445,549,453,487,445,549,445,549,453,487,453,sub_line_text,table_text,table_2,arial,regular,7.0,12anp2_20211228_163959_2220006472_600_800.png,/scratch/parceirosbr/bigoilict/share/BigOil/document_generator/datasets/documents_2021_12_28/12anp2_20211228_163959_2220006472_600_800.png,12anp2_20211228_163959_2220006472_600_800_mask.png,792028279073.606
31,4,62,8,487,456,549,464,487,456,549,456,549,464,487,464,text,table_text,table_2,arial,regular,7.0,12anp2_20211228_163959_2220006472_600_800.png,/scratch/parceirosbr/bigoilict/share/BigOil/document_generator/datasets/documents_2021_12_28/12anp2_20211228_163959_2220006472_600_800.png,12anp2_20211228_163959_2220006472_600_800_mask.png,417552443145.260
31,4,62,8,487,456,549,464,487,456,549,456,549,464,487,464,sub_line_text,table_text,table_2,arial,regular,7.0,12anp2_20211228_163959_2220006472_600_800.png,/scratch/parceirosbr/bigoilict/share/BigOil/document_generator/datasets/documents_2021_12_28/12anp2_20211228_163959_2220006472_600_800.png,12anp2_20211228_163959_2220006472_600_800_mask.png,417552443145.260
31,4,62,8,487,467,549,475,487,467,549,467,549,475,487,475,text,table_text,table_2,arial,regular,7.0,12anp2_20211228_163959_2220006472_600_800.png,/scratch/parceirosbr/bigoilict/share/BigOil/document_generator/datasets/documents_2021_12_28/12anp2_20211228_163959_2220006472_600_800.png,12anp2_20211228_163959_2220006472_600_800_mask.png,682681908171.340
31,4,62,8,487,467,549,475,487,467,549,467,549,475,487,475,sub_line_text,table_text,table_2,arial,regular,7.0,12anp2_20211228_163959_2220006472_600_800.png,/scratch/parceirosbr/bigoilict/share/BigOil/document_generator/datasets/documents_2021_12_28/12anp2_20211228_163959_2220006472_600_800.png,12anp2_20211228_163959_2220006472_600_800_mask.png,682681908171.340
31,4,62,8,487,478,549,486,487,478,549,478,549,486,487,486,text,table_text,table_2,arial,regular,7.0,12anp2_20211228_163959_2220006472_600_800.png,/scratch/parceirosbr/bigoilict/share/BigOil/document_generator/datasets/documents_2021_12_28/12anp2_20211228_163959_2220006472_600_800.png,12anp2_20211228_163959_2220006472_600_800_mask.png,903499094320.619
31,4,62,8,487,478,549,486,487,478,549,478,549,486,487,486,sub_line_text,table_text,table_2,arial,regular,7.0,12anp2_20211228_163959_2220006472_600_800.png,/scratch/parceirosbr/bigoilict/share/BigOil/document_generator/datasets/documents_2021_12_28/12anp2_20211228_163959_2220006472_600_800.png,12anp2_20211228_163959_2220006472_600_800_mask.png,903499094320.619
31,4,62,8,487,489,549,497,487,489,549,489,549,497,487,497,text,table_text,table_2,arial,regular,7.0,12anp2_20211228_163959_2220006472_600_800.png,/scratch/parceirosbr/bigoilict/share/BigOil/document_generator/datasets/documents_2021_12_28/12anp2_20211228_163959_2220006472_600_800.png,12anp2_20211228_163959_2220006472_600_800_mask.png,224660571649.030
31,4,62,8,487,489,549,497,487,489,549,489,549,497,487,497,sub_line_text,table_text,table_2,arial,regular,7.0,12anp2_20211228_163959_2220006472_600_800.png,/scratch/parceirosbr/bigoilict/share/BigOil/document_generator/datasets/documents_2021_12_28/12anp2_20211228_163959_2220006472_600_800.png,12anp2_20211228_163959_2220006472_600_800_mask.png,224660571649.030
31,4,62,8,487,500,549,508,487,500,549,500,549,508,487,508,text,table_text,table_2,arial,regular,7.0,12anp2_20211228_163959_2220006472_600_800.png,/scratch/parceirosbr/bigoilict/share/BigOil/document_generator/datasets/documents_2021_12_28/12anp2_20211228_163959_2220006472_600_800.png,12anp2_20211228_163959_2220006472_600_800_mask.png,771812907090.922
31,4,62,8,487,500,549,508,487,500,549,500,549,508,487,508,sub_line_text,table_text,table_2,arial,regular,7.0,12anp2_20211228_163959_2220006472_600_800.png,/scratch/parceirosbr/bigoilict/share/BigOil/document_generator/datasets/documents_2021_12_28/12anp2_20211228_163959_2220006472_600_800.png,12anp2_20211228_163959_2220006472_600_800_mask.png,771812907090.922
31,4,62,8,487,511,549,519,487,511,549,511,549,519,487,519,text,table_text,table_2,arial,regular,7.0,12anp2_20211228_163959_2220006472_600_800.png,/scratch/parceirosbr/bigoilict/share/BigOil/document_generator/datasets/documents_2021_12_28/12anp2_20211228_163959_2220006472_600_800.png,12anp2_20211228_163959_2220006472_600_800_mask.png,568675703326.354
31,4,62,8,487,511,549,519,487,511,549,511,549,519,487,519,sub_line_text,table_text,table_2,arial,regular,7.0,12anp2_20211228_163959_2220006472_600_800.png,/scratch/parceirosbr/bigoilict/share/BigOil/document_generator/datasets/documents_2021_12_28/12anp2_20211228_163959_2220006472_600_800.png,12anp2_20211228_163959_2220006472_600_800_mask.png,568675703326.354
31,4,62,8,487,522,549,530,487,522,549,522,549,530,487,530,text,table_text,table_2,arial,regular,7.0,12anp2_20211228_163959_2220006472_600_800.png,/scratch/parceirosbr/bigoilict/share/BigOil/document_generator/datasets/documents_2021_12_28/12anp2_20211228_163959_2220006472_600_800.png,12anp2_20211228_163959_2220006472_600_800_mask.png,136546409001.684
31,4,62,8,487,522,549,530,487,522,549,522,549,530,487,530,sub_line_text,table_text,table_2,arial,regular,7.0,12anp2_20211228_163959_2220006472_600_800.png,/scratch/parceirosbr/bigoilict/share/BigOil/document_generator/datasets/documents_2021_12_28/12anp2_20211228_163959_2220006472_600_800.png,12anp2_20211228_163959_2220006472_600_800_mask.png,136546409001.684
31,4,62,8,487,533,549,541,487,533,549,533,549,541,487,541,text,table_text,table_2,arial,regular,7.0,12anp2_20211228_163959_2220006472_600_800.png,/scratch/parceirosbr/bigoilict/share/BigOil/document_generator/datasets/documents_2021_12_28/12anp2_20211228_163959_2220006472_600_800.png,12anp2_20211228_163959_2220006472_600_800_mask.png,143833984775.508
31,4,62,8,487,533,549,541,487,533,549,533,549,541,487,541,sub_line_text,table_text,table_2,arial,regular,7.0,12anp2_20211228_163959_2220006472_600_800.png,/scratch/parceirosbr/bigoilict/share/BigOil/document_generator/datasets/documents_2021_12_28/12anp2_20211228_163959_2220006472_600_800.png,12anp2_20211228_163959_2220006472_600_800_mask.png,143833984775.508
31,4,62,8,487,544,549,552,487,544,549,544,549,552,487,552,text,table_text,table_2,arial,regular,7.0,12anp2_20211228_163959_2220006472_600_800.png,/scratch/parceirosbr/bigoilict/share/BigOil/document_generator/datasets/documents_2021_12_28/12anp2_20211228_163959_2220006472_600_800.png,12anp2_20211228_163959_2220006472_600_800_mask.png,864976004266.879
31,4,62,8,487,544,549,552,487,544,549,544,549,552,487,552,sub_line_text,table_text,table_2,arial,regular,7.0,12anp2_20211228_163959_2220006472_600_800.png,/scratch/parceirosbr/bigoilict/share/BigOil/document_generator/datasets/documents_2021_12_28/12anp2_20211228_163959_2220006472_600_800.png,12anp2_20211228_163959_2220006472_600_800_mask.png,864976004266.879
225,4,450,9,103,590,553,599,103,590,553,590,553,599,103,599,sub_line_text,text,text_0,opensans,regular,7,12anp2_20211228_163959_2220006472_600_800.png,/scratch/parceirosbr/bigoilict/share/BigOil/document_generator/datasets/documents_2021_12_28/12anp2_20211228_163959_2220006472_600_800.png,12anp2_20211228_163959_2220006472_600_800_mask.png,"Falhas   Esta   estrutura  de  financiamento  de  investimentos  das  empresas  estatais,  seja  atrav√©s  do  autofinanciamento,  seja  atrav√©s"
240,4,480,9,73,607,553,616,73,607,553,607,553,616,73,616,sub_line_text,text,text_0,opensans,regular,7,12anp2_20211228_163959_2220006472_600_800.png,/scratch/parceirosbr/bigoilict/share/BigOil/document_generator/datasets/documents_2021_12_28/12anp2_20211228_163959_2220006472_600_800.png,12anp2_20211228_163959_2220006472_600_800_mask.png,de  empr√©stimos  e  financiamentos  externos  (estes  em  sua  maioria  com  aval  do  concentrava  no governo e nas empresas por ele controladas
240,4,480,9,73,624,553,633,73,624,553,624,553,633,73,633,sub_line_text,text,text_0,opensans,regular,7,12anp2_20211228_163959_2220006472_600_800.png,/scratch/parceirosbr/bigoilict/share/BigOil/document_generator/datasets/documents_2021_12_28/12anp2_20211228_163959_2220006472_600_800.png,12anp2_20211228_163959_2220006472_600_800_mask.png,"os  riscos  de  mercado,  tecnol√≥gicos  e  dos  projetos.  Estes  coeficientes  s√£o  calculados  levando  em  conta  a  rea√ß√£o  principal  do processo e o r-"
240,4,480,9,73,641,553,650,73,641,553,641,553,650,73,650,sub_line_text,text,text_0,opensans,regular,7,12anp2_20211228_163959_2220006472_600_800.png,/scratch/parceirosbr/bigoilict/share/BigOil/document_generator/datasets/documents_2021_12_28/12anp2_20211228_163959_2220006472_600_800.png,12anp2_20211228_163959_2220006472_600_800_mask.png,"endimento  do  processo.  exce√ß√£o  dos  quatro  processos  inseridos  na  lista,  todos  os  outros  82  processos  listados  por  et  al possuiam seus coe-"
240,4,480,9,73,658,553,667,73,658,553,658,553,667,73,667,sub_line_text,text,text_0,opensans,regular,7,12anp2_20211228_163959_2220006472_600_800.png,/scratch/parceirosbr/bigoilict/share/BigOil/document_generator/datasets/documents_2021_12_28/12anp2_20211228_163959_2220006472_600_800.png,12anp2_20211228_163959_2220006472_600_800_mask.png,"ficientes  t√©cnicos  listados  no  livro.  TEC-CTV200  que  atende  a  estes  ranges.  (0  a  20)m/s  +-3%  . Sul, cuja produ√ß√£o aumentou 2,9% no per√≠odo,"
223,4,446,9,73,675,519,684,73,675,519,675,519,684,73,684,sub_line_text,text,text_0,opensans,regular,7,12anp2_20211228_163959_2220006472_600_800.png,/scratch/parceirosbr/bigoilict/share/BigOil/document_generator/datasets/documents_2021_12_28/12anp2_20211228_163959_2220006472_600_800.png,12anp2_20211228_163959_2220006472_600_800_mask.png,foram registradas quedas nas regi√µes. Tais tensoativos apresentam caracter√≠sticas espec√≠ficas de acordo com o pH do meio. Tais investim.
240,47,480,94,73,590,553,684,73,590,553,590,553,684,73,684,text,text,text_0,opensans,regular,7,12anp2_20211228_163959_2220006472_600_800.png,/scratch/parceirosbr/bigoilict/share/BigOil/document_generator/datasets/documents_2021_12_28/12anp2_20211228_163959_2220006472_600_800.png,12anp2_20211228_163959_2220006472_600_800_mask.png,nan
