center_x,center_y,width,height,xmin,ymin,xmax,ymax,top_left_x,top_left_y,top_right_x,top_right_y,bottom_right_x,bottom_right_y,bottom_left_x,bottom_left_y,label,grouplabel,group,text_font,text_style,size_font,filename,path,filename_mask,content
300,400,600,800,0,0,600,800,0,0,600,0,600,800,0,800,document,,,,,,12anp2_20211228_164011_2069341013_600_800.png,/scratch/parceirosbr/bigoilict/share/BigOil/document_generator/datasets/documents_2021_12_28/12anp2_20211228_164011_2069341013_600_800.png,12anp2_20211228_164011_2069341013_600_800_mask.png,
237,1,475,2,69,138,544,140,69,138,544,138,544,140,69,140,line,line,line,,,,12anp2_20211228_164011_2069341013_600_800.png,/scratch/parceirosbr/bigoilict/share/BigOil/document_generator/datasets/documents_2021_12_28/12anp2_20211228_164011_2069341013_600_800.png,12anp2_20211228_164011_2069341013_600_800_mask.png,nan
18,11,36,22,506,101,542,123,506,101,542,101,542,123,506,123,sub_line_text,header,header_1,opensans,bold,16,12anp2_20211228_164011_2069341013_600_800.png,/scratch/parceirosbr/bigoilict/share/BigOil/document_generator/datasets/documents_2021_12_28/12anp2_20211228_164011_2069341013_600_800.png,12anp2_20211228_164011_2069341013_600_800_mask.png,1995
18,11,36,22,506,101,542,123,506,101,542,101,542,123,506,123,text,header,header_1,opensans,bold,16,12anp2_20211228_164011_2069341013_600_800.png,/scratch/parceirosbr/bigoilict/share/BigOil/document_generator/datasets/documents_2021_12_28/12anp2_20211228_164011_2069341013_600_800.png,12anp2_20211228_164011_2069341013_600_800_mask.png,nan
61,11,123,22,365,101,488,123,365,101,488,101,488,123,365,123,sub_line_text,header,header_1,opensans,bold,16,12anp2_20211228_164011_2069341013_600_800.png,/scratch/parceirosbr/bigoilict/share/BigOil/document_generator/datasets/documents_2021_12_28/12anp2_20211228_164011_2069341013_600_800.png,12anp2_20211228_164011_2069341013_600_800_mask.png,Notes: includes
61,11,123,22,365,101,488,123,365,101,488,101,488,123,365,123,text,header,header_1,opensans,bold,16,12anp2_20211228_164011_2069341013_600_800.png,/scratch/parceirosbr/bigoilict/share/BigOil/document_generator/datasets/documents_2021_12_28/12anp2_20211228_164011_2069341013_600_800.png,12anp2_20211228_164011_2069341013_600_800_mask.png,nan
45,15,91,30,82,101,173,131,82,101,173,101,173,131,82,131,image,image,image,,,,12anp2_20211228_164011_2069341013_600_800.png,/scratch/parceirosbr/bigoilict/share/BigOil/document_generator/datasets/documents_2021_12_28/12anp2_20211228_164011_2069341013_600_800.png,12anp2_20211228_164011_2069341013_600_800_mask.png,/scratch/parceirosbr/bigoilict/share/BigOil/document_generator/files_images_document_generator/logos\image_91.jpg
236,107,473,215,69,152,542,367,69,152,542,152,542,367,69,367,table,table_image,table_0,,,,12anp2_20211228_164011_2069341013_600_800.png,/scratch/parceirosbr/bigoilict/share/BigOil/document_generator/datasets/documents_2021_12_28/12anp2_20211228_164011_2069341013_600_800.png,12anp2_20211228_164011_2069341013_600_800_mask.png,output/gen_tab_20211228_164012_3828678920.png
5,5,10,10,119,156,129,166,119,156,129,156,129,166,119,166,text,table_text,table_0,opensans,italic,8.0,12anp2_20211228_164011_2069341013_600_800.png,/scratch/parceirosbr/bigoilict/share/BigOil/document_generator/datasets/documents_2021_12_28/12anp2_20211228_164011_2069341013_600_800.png,12anp2_20211228_164011_2069341013_600_800_mask.png,no
5,5,10,10,119,156,129,166,119,156,129,156,129,166,119,166,sub_line_text,table_text,table_0,opensans,italic,8.0,12anp2_20211228_164011_2069341013_600_800.png,/scratch/parceirosbr/bigoilict/share/BigOil/document_generator/datasets/documents_2021_12_28/12anp2_20211228_164011_2069341013_600_800.png,12anp2_20211228_164011_2069341013_600_800_mask.png,no
11,5,22,10,107,169,129,179,107,169,129,169,129,179,107,179,text,table_text,table_0,opensans,regular,8.0,12anp2_20211228_164011_2069341013_600_800.png,/scratch/parceirosbr/bigoilict/share/BigOil/document_generator/datasets/documents_2021_12_28/12anp2_20211228_164011_2069341013_600_800.png,12anp2_20211228_164011_2069341013_600_800_mask.png,9.602
11,5,22,10,107,169,129,179,107,169,129,169,129,179,107,179,sub_line_text,table_text,table_0,opensans,regular,8.0,12anp2_20211228_164011_2069341013_600_800.png,/scratch/parceirosbr/bigoilict/share/BigOil/document_generator/datasets/documents_2021_12_28/12anp2_20211228_164011_2069341013_600_800.png,12anp2_20211228_164011_2069341013_600_800_mask.png,9.602
11,5,22,10,107,182,129,192,107,182,129,182,129,192,107,192,text,table_text,table_0,opensans,regular,8.0,12anp2_20211228_164011_2069341013_600_800.png,/scratch/parceirosbr/bigoilict/share/BigOil/document_generator/datasets/documents_2021_12_28/12anp2_20211228_164011_2069341013_600_800.png,12anp2_20211228_164011_2069341013_600_800_mask.png,2.708
11,5,22,10,107,182,129,192,107,182,129,182,129,192,107,192,sub_line_text,table_text,table_0,opensans,regular,8.0,12anp2_20211228_164011_2069341013_600_800.png,/scratch/parceirosbr/bigoilict/share/BigOil/document_generator/datasets/documents_2021_12_28/12anp2_20211228_164011_2069341013_600_800.png,12anp2_20211228_164011_2069341013_600_800_mask.png,2.708
11,5,22,10,107,195,129,205,107,195,129,195,129,205,107,205,text,table_text,table_0,opensans,regular,8.0,12anp2_20211228_164011_2069341013_600_800.png,/scratch/parceirosbr/bigoilict/share/BigOil/document_generator/datasets/documents_2021_12_28/12anp2_20211228_164011_2069341013_600_800.png,12anp2_20211228_164011_2069341013_600_800_mask.png,7.052
11,5,22,10,107,195,129,205,107,195,129,195,129,205,107,205,sub_line_text,table_text,table_0,opensans,regular,8.0,12anp2_20211228_164011_2069341013_600_800.png,/scratch/parceirosbr/bigoilict/share/BigOil/document_generator/datasets/documents_2021_12_28/12anp2_20211228_164011_2069341013_600_800.png,12anp2_20211228_164011_2069341013_600_800_mask.png,7.052
11,5,22,10,107,208,129,218,107,208,129,208,129,218,107,218,text,table_text,table_0,opensans,regular,8.0,12anp2_20211228_164011_2069341013_600_800.png,/scratch/parceirosbr/bigoilict/share/BigOil/document_generator/datasets/documents_2021_12_28/12anp2_20211228_164011_2069341013_600_800.png,12anp2_20211228_164011_2069341013_600_800_mask.png,4.428
11,5,22,10,107,208,129,218,107,208,129,208,129,218,107,218,sub_line_text,table_text,table_0,opensans,regular,8.0,12anp2_20211228_164011_2069341013_600_800.png,/scratch/parceirosbr/bigoilict/share/BigOil/document_generator/datasets/documents_2021_12_28/12anp2_20211228_164011_2069341013_600_800.png,12anp2_20211228_164011_2069341013_600_800_mask.png,4.428
11,5,22,10,107,221,129,231,107,221,129,221,129,231,107,231,text,table_text,table_0,opensans,regular,8.0,12anp2_20211228_164011_2069341013_600_800.png,/scratch/parceirosbr/bigoilict/share/BigOil/document_generator/datasets/documents_2021_12_28/12anp2_20211228_164011_2069341013_600_800.png,12anp2_20211228_164011_2069341013_600_800_mask.png,2.452
11,5,22,10,107,221,129,231,107,221,129,221,129,231,107,231,sub_line_text,table_text,table_0,opensans,regular,8.0,12anp2_20211228_164011_2069341013_600_800.png,/scratch/parceirosbr/bigoilict/share/BigOil/document_generator/datasets/documents_2021_12_28/12anp2_20211228_164011_2069341013_600_800.png,12anp2_20211228_164011_2069341013_600_800_mask.png,2.452
11,5,22,10,107,234,129,244,107,234,129,234,129,244,107,244,text,table_text,table_0,opensans,regular,8.0,12anp2_20211228_164011_2069341013_600_800.png,/scratch/parceirosbr/bigoilict/share/BigOil/document_generator/datasets/documents_2021_12_28/12anp2_20211228_164011_2069341013_600_800.png,12anp2_20211228_164011_2069341013_600_800_mask.png,9.254
11,5,22,10,107,234,129,244,107,234,129,234,129,244,107,244,sub_line_text,table_text,table_0,opensans,regular,8.0,12anp2_20211228_164011_2069341013_600_800.png,/scratch/parceirosbr/bigoilict/share/BigOil/document_generator/datasets/documents_2021_12_28/12anp2_20211228_164011_2069341013_600_800.png,12anp2_20211228_164011_2069341013_600_800_mask.png,9.254
11,5,22,10,107,247,129,257,107,247,129,247,129,257,107,257,text,table_text,table_0,opensans,regular,8.0,12anp2_20211228_164011_2069341013_600_800.png,/scratch/parceirosbr/bigoilict/share/BigOil/document_generator/datasets/documents_2021_12_28/12anp2_20211228_164011_2069341013_600_800.png,12anp2_20211228_164011_2069341013_600_800_mask.png,8.324
11,5,22,10,107,247,129,257,107,247,129,247,129,257,107,257,sub_line_text,table_text,table_0,opensans,regular,8.0,12anp2_20211228_164011_2069341013_600_800.png,/scratch/parceirosbr/bigoilict/share/BigOil/document_generator/datasets/documents_2021_12_28/12anp2_20211228_164011_2069341013_600_800.png,12anp2_20211228_164011_2069341013_600_800_mask.png,8.324
11,5,22,10,107,260,129,270,107,260,129,260,129,270,107,270,text,table_text,table_0,opensans,regular,8.0,12anp2_20211228_164011_2069341013_600_800.png,/scratch/parceirosbr/bigoilict/share/BigOil/document_generator/datasets/documents_2021_12_28/12anp2_20211228_164011_2069341013_600_800.png,12anp2_20211228_164011_2069341013_600_800_mask.png,9.648
11,5,22,10,107,260,129,270,107,260,129,260,129,270,107,270,sub_line_text,table_text,table_0,opensans,regular,8.0,12anp2_20211228_164011_2069341013_600_800.png,/scratch/parceirosbr/bigoilict/share/BigOil/document_generator/datasets/documents_2021_12_28/12anp2_20211228_164011_2069341013_600_800.png,12anp2_20211228_164011_2069341013_600_800_mask.png,9.648
11,5,22,10,107,273,129,283,107,273,129,273,129,283,107,283,text,table_text,table_0,opensans,regular,8.0,12anp2_20211228_164011_2069341013_600_800.png,/scratch/parceirosbr/bigoilict/share/BigOil/document_generator/datasets/documents_2021_12_28/12anp2_20211228_164011_2069341013_600_800.png,12anp2_20211228_164011_2069341013_600_800_mask.png,4.077
11,5,22,10,107,273,129,283,107,273,129,273,129,283,107,283,sub_line_text,table_text,table_0,opensans,regular,8.0,12anp2_20211228_164011_2069341013_600_800.png,/scratch/parceirosbr/bigoilict/share/BigOil/document_generator/datasets/documents_2021_12_28/12anp2_20211228_164011_2069341013_600_800.png,12anp2_20211228_164011_2069341013_600_800_mask.png,4.077
11,5,22,10,107,286,129,296,107,286,129,286,129,296,107,296,text,table_text,table_0,opensans,regular,8.0,12anp2_20211228_164011_2069341013_600_800.png,/scratch/parceirosbr/bigoilict/share/BigOil/document_generator/datasets/documents_2021_12_28/12anp2_20211228_164011_2069341013_600_800.png,12anp2_20211228_164011_2069341013_600_800_mask.png,6.923
11,5,22,10,107,286,129,296,107,286,129,286,129,296,107,296,sub_line_text,table_text,table_0,opensans,regular,8.0,12anp2_20211228_164011_2069341013_600_800.png,/scratch/parceirosbr/bigoilict/share/BigOil/document_generator/datasets/documents_2021_12_28/12anp2_20211228_164011_2069341013_600_800.png,12anp2_20211228_164011_2069341013_600_800_mask.png,6.923
11,5,22,10,107,299,129,309,107,299,129,299,129,309,107,309,text,table_text,table_0,opensans,regular,8.0,12anp2_20211228_164011_2069341013_600_800.png,/scratch/parceirosbr/bigoilict/share/BigOil/document_generator/datasets/documents_2021_12_28/12anp2_20211228_164011_2069341013_600_800.png,12anp2_20211228_164011_2069341013_600_800_mask.png,1.431
11,5,22,10,107,299,129,309,107,299,129,299,129,309,107,309,sub_line_text,table_text,table_0,opensans,regular,8.0,12anp2_20211228_164011_2069341013_600_800.png,/scratch/parceirosbr/bigoilict/share/BigOil/document_generator/datasets/documents_2021_12_28/12anp2_20211228_164011_2069341013_600_800.png,12anp2_20211228_164011_2069341013_600_800_mask.png,1.431
11,5,22,10,107,312,129,322,107,312,129,312,129,322,107,322,text,table_text,table_0,opensans,regular,8.0,12anp2_20211228_164011_2069341013_600_800.png,/scratch/parceirosbr/bigoilict/share/BigOil/document_generator/datasets/documents_2021_12_28/12anp2_20211228_164011_2069341013_600_800.png,12anp2_20211228_164011_2069341013_600_800_mask.png,7.429
11,5,22,10,107,312,129,322,107,312,129,312,129,322,107,322,sub_line_text,table_text,table_0,opensans,regular,8.0,12anp2_20211228_164011_2069341013_600_800.png,/scratch/parceirosbr/bigoilict/share/BigOil/document_generator/datasets/documents_2021_12_28/12anp2_20211228_164011_2069341013_600_800.png,12anp2_20211228_164011_2069341013_600_800_mask.png,7.429
11,5,22,10,107,325,129,335,107,325,129,325,129,335,107,335,text,table_text,table_0,opensans,regular,8.0,12anp2_20211228_164011_2069341013_600_800.png,/scratch/parceirosbr/bigoilict/share/BigOil/document_generator/datasets/documents_2021_12_28/12anp2_20211228_164011_2069341013_600_800.png,12anp2_20211228_164011_2069341013_600_800_mask.png,4.824
11,5,22,10,107,325,129,335,107,325,129,325,129,335,107,335,sub_line_text,table_text,table_0,opensans,regular,8.0,12anp2_20211228_164011_2069341013_600_800.png,/scratch/parceirosbr/bigoilict/share/BigOil/document_generator/datasets/documents_2021_12_28/12anp2_20211228_164011_2069341013_600_800.png,12anp2_20211228_164011_2069341013_600_800_mask.png,4.824
11,5,22,10,107,338,129,348,107,338,129,338,129,348,107,348,text,table_text,table_0,opensans,regular,8.0,12anp2_20211228_164011_2069341013_600_800.png,/scratch/parceirosbr/bigoilict/share/BigOil/document_generator/datasets/documents_2021_12_28/12anp2_20211228_164011_2069341013_600_800.png,12anp2_20211228_164011_2069341013_600_800_mask.png,4.219
11,5,22,10,107,338,129,348,107,338,129,338,129,348,107,348,sub_line_text,table_text,table_0,opensans,regular,8.0,12anp2_20211228_164011_2069341013_600_800.png,/scratch/parceirosbr/bigoilict/share/BigOil/document_generator/datasets/documents_2021_12_28/12anp2_20211228_164011_2069341013_600_800.png,12anp2_20211228_164011_2069341013_600_800_mask.png,4.219
11,5,22,10,511,351,533,361,511,351,533,351,533,361,511,361,text,table_text,table_0,opensans,regular,8.0,12anp2_20211228_164011_2069341013_600_800.png,/scratch/parceirosbr/bigoilict/share/BigOil/document_generator/datasets/documents_2021_12_28/12anp2_20211228_164011_2069341013_600_800.png,12anp2_20211228_164011_2069341013_600_800_mask.png,1.436
11,5,22,10,511,351,533,361,511,351,533,351,533,361,511,361,sub_line_text,table_text,table_0,opensans,regular,8.0,12anp2_20211228_164011_2069341013_600_800.png,/scratch/parceirosbr/bigoilict/share/BigOil/document_generator/datasets/documents_2021_12_28/12anp2_20211228_164011_2069341013_600_800.png,12anp2_20211228_164011_2069341013_600_800_mask.png,1.436
19,5,38,10,145,156,183,166,145,156,183,156,183,166,145,166,text,table_text,table_0,opensans,italic,8.0,12anp2_20211228_164011_2069341013_600_800.png,/scratch/parceirosbr/bigoilict/share/BigOil/document_generator/datasets/documents_2021_12_28/12anp2_20211228_164011_2069341013_600_800.png,12anp2_20211228_164011_2069341013_600_800_mask.png,ineficiente
19,5,38,10,145,156,183,166,145,156,183,156,183,166,145,166,sub_line_text,table_text,table_0,opensans,italic,8.0,12anp2_20211228_164011_2069341013_600_800.png,/scratch/parceirosbr/bigoilict/share/BigOil/document_generator/datasets/documents_2021_12_28/12anp2_20211228_164011_2069341013_600_800.png,12anp2_20211228_164011_2069341013_600_800_mask.png,ineficiente
9,5,19,10,155,169,174,179,155,169,174,169,174,179,155,179,text,table_text,table_0,opensans,regular,8.0,12anp2_20211228_164011_2069341013_600_800.png,/scratch/parceirosbr/bigoilict/share/BigOil/document_generator/datasets/documents_2021_12_28/12anp2_20211228_164011_2069341013_600_800.png,12anp2_20211228_164011_2069341013_600_800_mask.png,épela
9,5,19,10,155,169,174,179,155,169,174,169,174,179,155,179,sub_line_text,table_text,table_0,opensans,regular,8.0,12anp2_20211228_164011_2069341013_600_800.png,/scratch/parceirosbr/bigoilict/share/BigOil/document_generator/datasets/documents_2021_12_28/12anp2_20211228_164011_2069341013_600_800.png,12anp2_20211228_164011_2069341013_600_800_mask.png,épela
26,5,53,10,137,182,190,192,137,182,190,182,190,192,137,192,text,table_text,table_0,opensans,regular,8.0,12anp2_20211228_164011_2069341013_600_800.png,/scratch/parceirosbr/bigoilict/share/BigOil/document_generator/datasets/documents_2021_12_28/12anp2_20211228_164011_2069341013_600_800.png,12anp2_20211228_164011_2069341013_600_800_mask.png,consumidores
26,5,53,10,137,182,190,192,137,182,190,182,190,192,137,192,sub_line_text,table_text,table_0,opensans,regular,8.0,12anp2_20211228_164011_2069341013_600_800.png,/scratch/parceirosbr/bigoilict/share/BigOil/document_generator/datasets/documents_2021_12_28/12anp2_20211228_164011_2069341013_600_800.png,12anp2_20211228_164011_2069341013_600_800_mask.png,consumidores
13,5,26,10,151,195,177,205,151,195,177,195,177,205,151,205,text,table_text,table_0,opensans,regular,8.0,12anp2_20211228_164011_2069341013_600_800.png,/scratch/parceirosbr/bigoilict/share/BigOil/document_generator/datasets/documents_2021_12_28/12anp2_20211228_164011_2069341013_600_800.png,12anp2_20211228_164011_2069341013_600_800_mask.png,termos
13,5,26,10,151,195,177,205,151,195,177,195,177,205,151,205,sub_line_text,table_text,table_0,opensans,regular,8.0,12anp2_20211228_164011_2069341013_600_800.png,/scratch/parceirosbr/bigoilict/share/BigOil/document_generator/datasets/documents_2021_12_28/12anp2_20211228_164011_2069341013_600_800.png,12anp2_20211228_164011_2069341013_600_800_mask.png,termos
16,5,32,10,148,208,180,218,148,208,180,208,180,218,148,218,text,table_text,table_0,opensans,regular,8.0,12anp2_20211228_164011_2069341013_600_800.png,/scratch/parceirosbr/bigoilict/share/BigOil/document_generator/datasets/documents_2021_12_28/12anp2_20211228_164011_2069341013_600_800.png,12anp2_20211228_164011_2069341013_600_800_mask.png,decisões
16,5,32,10,148,208,180,218,148,208,180,208,180,218,148,218,sub_line_text,table_text,table_0,opensans,regular,8.0,12anp2_20211228_164011_2069341013_600_800.png,/scratch/parceirosbr/bigoilict/share/BigOil/document_generator/datasets/documents_2021_12_28/12anp2_20211228_164011_2069341013_600_800.png,12anp2_20211228_164011_2069341013_600_800_mask.png,decisões
4,5,8,10,160,221,168,231,160,221,168,221,168,231,160,231,text,table_text,table_0,opensans,regular,8.0,12anp2_20211228_164011_2069341013_600_800.png,/scratch/parceirosbr/bigoilict/share/BigOil/document_generator/datasets/documents_2021_12_28/12anp2_20211228_164011_2069341013_600_800.png,12anp2_20211228_164011_2069341013_600_800_mask.png,ar
4,5,8,10,160,221,168,231,160,221,168,221,168,231,160,231,sub_line_text,table_text,table_0,opensans,regular,8.0,12anp2_20211228_164011_2069341013_600_800.png,/scratch/parceirosbr/bigoilict/share/BigOil/document_generator/datasets/documents_2021_12_28/12anp2_20211228_164011_2069341013_600_800.png,12anp2_20211228_164011_2069341013_600_800_mask.png,ar
13,5,27,10,151,234,178,244,151,234,178,234,178,244,151,244,text,table_text,table_0,opensans,regular,8.0,12anp2_20211228_164011_2069341013_600_800.png,/scratch/parceirosbr/bigoilict/share/BigOil/document_generator/datasets/documents_2021_12_28/12anp2_20211228_164011_2069341013_600_800.png,12anp2_20211228_164011_2069341013_600_800_mask.png,oleifera
13,5,27,10,151,234,178,244,151,234,178,234,178,244,151,244,sub_line_text,table_text,table_0,opensans,regular,8.0,12anp2_20211228_164011_2069341013_600_800.png,/scratch/parceirosbr/bigoilict/share/BigOil/document_generator/datasets/documents_2021_12_28/12anp2_20211228_164011_2069341013_600_800.png,12anp2_20211228_164011_2069341013_600_800_mask.png,oleifera
13,5,27,10,151,247,178,257,151,247,178,247,178,257,151,257,text,table_text,table_0,opensans,regular,8.0,12anp2_20211228_164011_2069341013_600_800.png,/scratch/parceirosbr/bigoilict/share/BigOil/document_generator/datasets/documents_2021_12_28/12anp2_20211228_164011_2069341013_600_800.png,12anp2_20211228_164011_2069341013_600_800_mask.png,projeto
13,5,27,10,151,247,178,257,151,247,178,247,178,257,151,257,sub_line_text,table_text,table_0,opensans,regular,8.0,12anp2_20211228_164011_2069341013_600_800.png,/scratch/parceirosbr/bigoilict/share/BigOil/document_generator/datasets/documents_2021_12_28/12anp2_20211228_164011_2069341013_600_800.png,12anp2_20211228_164011_2069341013_600_800_mask.png,projeto
24,5,48,10,140,260,188,270,140,260,188,260,188,270,140,270,text,table_text,table_0,opensans,regular,8.0,12anp2_20211228_164011_2069341013_600_800.png,/scratch/parceirosbr/bigoilict/share/BigOil/document_generator/datasets/documents_2021_12_28/12anp2_20211228_164011_2069341013_600_800.png,12anp2_20211228_164011_2069341013_600_800_mask.png,concorrência
24,5,48,10,140,260,188,270,140,260,188,260,188,270,140,270,sub_line_text,table_text,table_0,opensans,regular,8.0,12anp2_20211228_164011_2069341013_600_800.png,/scratch/parceirosbr/bigoilict/share/BigOil/document_generator/datasets/documents_2021_12_28/12anp2_20211228_164011_2069341013_600_800.png,12anp2_20211228_164011_2069341013_600_800_mask.png,concorrência
8,5,17,10,155,273,172,283,155,273,172,273,172,283,155,283,text,table_text,table_0,opensans,regular,8.0,12anp2_20211228_164011_2069341013_600_800.png,/scratch/parceirosbr/bigoilict/share/BigOil/document_generator/datasets/documents_2021_12_28/12anp2_20211228_164011_2069341013_600_800.png,12anp2_20211228_164011_2069341013_600_800_mask.png,caso
8,5,17,10,155,273,172,283,155,273,172,273,172,283,155,283,sub_line_text,table_text,table_0,opensans,regular,8.0,12anp2_20211228_164011_2069341013_600_800.png,/scratch/parceirosbr/bigoilict/share/BigOil/document_generator/datasets/documents_2021_12_28/12anp2_20211228_164011_2069341013_600_800.png,12anp2_20211228_164011_2069341013_600_800_mask.png,caso
10,5,20,10,154,286,174,296,154,286,174,286,174,296,154,296,text,table_text,table_0,opensans,regular,8.0,12anp2_20211228_164011_2069341013_600_800.png,/scratch/parceirosbr/bigoilict/share/BigOil/document_generator/datasets/documents_2021_12_28/12anp2_20211228_164011_2069341013_600_800.png,12anp2_20211228_164011_2069341013_600_800_mask.png,vezes
10,5,20,10,154,286,174,296,154,286,174,286,174,296,154,296,sub_line_text,table_text,table_0,opensans,regular,8.0,12anp2_20211228_164011_2069341013_600_800.png,/scratch/parceirosbr/bigoilict/share/BigOil/document_generator/datasets/documents_2021_12_28/12anp2_20211228_164011_2069341013_600_800.png,12anp2_20211228_164011_2069341013_600_800_mask.png,vezes
15,5,31,10,149,299,180,309,149,299,180,299,180,309,149,309,text,table_text,table_0,opensans,regular,8.0,12anp2_20211228_164011_2069341013_600_800.png,/scratch/parceirosbr/bigoilict/share/BigOil/document_generator/datasets/documents_2021_12_28/12anp2_20211228_164011_2069341013_600_800.png,12anp2_20211228_164011_2069341013_600_800_mask.png,produto
15,5,31,10,149,299,180,309,149,299,180,299,180,309,149,309,sub_line_text,table_text,table_0,opensans,regular,8.0,12anp2_20211228_164011_2069341013_600_800.png,/scratch/parceirosbr/bigoilict/share/BigOil/document_generator/datasets/documents_2021_12_28/12anp2_20211228_164011_2069341013_600_800.png,12anp2_20211228_164011_2069341013_600_800_mask.png,produto
22,5,45,10,141,312,186,322,141,312,186,312,186,322,141,322,text,table_text,table_0,opensans,regular,8.0,12anp2_20211228_164011_2069341013_600_800.png,/scratch/parceirosbr/bigoilict/share/BigOil/document_generator/datasets/documents_2021_12_28/12anp2_20211228_164011_2069341013_600_800.png,12anp2_20211228_164011_2069341013_600_800_mask.png,provocando
22,5,45,10,141,312,186,322,141,312,186,312,186,322,141,322,sub_line_text,table_text,table_0,opensans,regular,8.0,12anp2_20211228_164011_2069341013_600_800.png,/scratch/parceirosbr/bigoilict/share/BigOil/document_generator/datasets/documents_2021_12_28/12anp2_20211228_164011_2069341013_600_800.png,12anp2_20211228_164011_2069341013_600_800_mask.png,provocando
16,5,32,10,148,325,180,335,148,325,180,325,180,335,148,335,text,table_text,table_0,opensans,regular,8.0,12anp2_20211228_164011_2069341013_600_800.png,/scratch/parceirosbr/bigoilict/share/BigOil/document_generator/datasets/documents_2021_12_28/12anp2_20211228_164011_2069341013_600_800.png,12anp2_20211228_164011_2069341013_600_800_mask.png,mercado
16,5,32,10,148,325,180,335,148,325,180,325,180,335,148,335,sub_line_text,table_text,table_0,opensans,regular,8.0,12anp2_20211228_164011_2069341013_600_800.png,/scratch/parceirosbr/bigoilict/share/BigOil/document_generator/datasets/documents_2021_12_28/12anp2_20211228_164011_2069341013_600_800.png,12anp2_20211228_164011_2069341013_600_800_mask.png,mercado
19,5,39,10,145,338,184,348,145,338,184,338,184,348,145,348,text,table_text,table_0,opensans,regular,8.0,12anp2_20211228_164011_2069341013_600_800.png,/scratch/parceirosbr/bigoilict/share/BigOil/document_generator/datasets/documents_2021_12_28/12anp2_20211228_164011_2069341013_600_800.png,12anp2_20211228_164011_2069341013_600_800_mask.png,problemas
19,5,39,10,145,338,184,348,145,338,184,338,184,348,145,348,sub_line_text,table_text,table_0,opensans,regular,8.0,12anp2_20211228_164011_2069341013_600_800.png,/scratch/parceirosbr/bigoilict/share/BigOil/document_generator/datasets/documents_2021_12_28/12anp2_20211228_164011_2069341013_600_800.png,12anp2_20211228_164011_2069341013_600_800_mask.png,problemas
8,5,16,10,241,156,257,166,241,156,257,156,257,166,241,166,text,table_text,table_0,opensans,italic,8.0,12anp2_20211228_164011_2069341013_600_800.png,/scratch/parceirosbr/bigoilict/share/BigOil/document_generator/datasets/documents_2021_12_28/12anp2_20211228_164011_2069341013_600_800.png,12anp2_20211228_164011_2069341013_600_800_mask.png,fase
8,5,16,10,241,156,257,166,241,156,257,156,257,166,241,166,sub_line_text,table_text,table_0,opensans,italic,8.0,12anp2_20211228_164011_2069341013_600_800.png,/scratch/parceirosbr/bigoilict/share/BigOil/document_generator/datasets/documents_2021_12_28/12anp2_20211228_164011_2069341013_600_800.png,12anp2_20211228_164011_2069341013_600_800_mask.png,fase
6,5,12,10,245,169,257,179,245,169,257,169,257,179,245,179,text,table_text,table_0,opensans,regular,8.0,12anp2_20211228_164011_2069341013_600_800.png,/scratch/parceirosbr/bigoilict/share/BigOil/document_generator/datasets/documents_2021_12_28/12anp2_20211228_164011_2069341013_600_800.png,12anp2_20211228_164011_2069341013_600_800_mask.png,8.7
6,5,12,10,245,169,257,179,245,169,257,169,257,179,245,179,sub_line_text,table_text,table_0,opensans,regular,8.0,12anp2_20211228_164011_2069341013_600_800.png,/scratch/parceirosbr/bigoilict/share/BigOil/document_generator/datasets/documents_2021_12_28/12anp2_20211228_164011_2069341013_600_800.png,12anp2_20211228_164011_2069341013_600_800_mask.png,8.7
11,5,22,10,235,182,257,192,235,182,257,182,257,192,235,192,text,table_text,table_0,opensans,regular,8.0,12anp2_20211228_164011_2069341013_600_800.png,/scratch/parceirosbr/bigoilict/share/BigOil/document_generator/datasets/documents_2021_12_28/12anp2_20211228_164011_2069341013_600_800.png,12anp2_20211228_164011_2069341013_600_800_mask.png,798.6
11,5,22,10,235,182,257,192,235,182,257,182,257,192,235,192,sub_line_text,table_text,table_0,opensans,regular,8.0,12anp2_20211228_164011_2069341013_600_800.png,/scratch/parceirosbr/bigoilict/share/BigOil/document_generator/datasets/documents_2021_12_28/12anp2_20211228_164011_2069341013_600_800.png,12anp2_20211228_164011_2069341013_600_800_mask.png,798.6
11,5,22,10,235,195,257,205,235,195,257,195,257,205,235,205,text,table_text,table_0,opensans,regular,8.0,12anp2_20211228_164011_2069341013_600_800.png,/scratch/parceirosbr/bigoilict/share/BigOil/document_generator/datasets/documents_2021_12_28/12anp2_20211228_164011_2069341013_600_800.png,12anp2_20211228_164011_2069341013_600_800_mask.png,587.6
11,5,22,10,235,195,257,205,235,195,257,195,257,205,235,205,sub_line_text,table_text,table_0,opensans,regular,8.0,12anp2_20211228_164011_2069341013_600_800.png,/scratch/parceirosbr/bigoilict/share/BigOil/document_generator/datasets/documents_2021_12_28/12anp2_20211228_164011_2069341013_600_800.png,12anp2_20211228_164011_2069341013_600_800_mask.png,587.6
11,5,22,10,235,208,257,218,235,208,257,208,257,218,235,218,text,table_text,table_0,opensans,regular,8.0,12anp2_20211228_164011_2069341013_600_800.png,/scratch/parceirosbr/bigoilict/share/BigOil/document_generator/datasets/documents_2021_12_28/12anp2_20211228_164011_2069341013_600_800.png,12anp2_20211228_164011_2069341013_600_800_mask.png,221.1
11,5,22,10,235,208,257,218,235,208,257,208,257,218,235,218,sub_line_text,table_text,table_0,opensans,regular,8.0,12anp2_20211228_164011_2069341013_600_800.png,/scratch/parceirosbr/bigoilict/share/BigOil/document_generator/datasets/documents_2021_12_28/12anp2_20211228_164011_2069341013_600_800.png,12anp2_20211228_164011_2069341013_600_800_mask.png,221.1
11,5,22,10,235,221,257,231,235,221,257,221,257,231,235,231,text,table_text,table_0,opensans,regular,8.0,12anp2_20211228_164011_2069341013_600_800.png,/scratch/parceirosbr/bigoilict/share/BigOil/document_generator/datasets/documents_2021_12_28/12anp2_20211228_164011_2069341013_600_800.png,12anp2_20211228_164011_2069341013_600_800_mask.png,727.7
11,5,22,10,235,221,257,231,235,221,257,221,257,231,235,231,sub_line_text,table_text,table_0,opensans,regular,8.0,12anp2_20211228_164011_2069341013_600_800.png,/scratch/parceirosbr/bigoilict/share/BigOil/document_generator/datasets/documents_2021_12_28/12anp2_20211228_164011_2069341013_600_800.png,12anp2_20211228_164011_2069341013_600_800_mask.png,727.7
8,5,17,10,240,234,257,244,240,234,257,234,257,244,240,244,text,table_text,table_0,opensans,regular,8.0,12anp2_20211228_164011_2069341013_600_800.png,/scratch/parceirosbr/bigoilict/share/BigOil/document_generator/datasets/documents_2021_12_28/12anp2_20211228_164011_2069341013_600_800.png,12anp2_20211228_164011_2069341013_600_800_mask.png,89.9
8,5,17,10,240,234,257,244,240,234,257,234,257,244,240,244,sub_line_text,table_text,table_0,opensans,regular,8.0,12anp2_20211228_164011_2069341013_600_800.png,/scratch/parceirosbr/bigoilict/share/BigOil/document_generator/datasets/documents_2021_12_28/12anp2_20211228_164011_2069341013_600_800.png,12anp2_20211228_164011_2069341013_600_800_mask.png,89.9
11,5,22,10,235,247,257,257,235,247,257,247,257,257,235,257,text,table_text,table_0,opensans,regular,8.0,12anp2_20211228_164011_2069341013_600_800.png,/scratch/parceirosbr/bigoilict/share/BigOil/document_generator/datasets/documents_2021_12_28/12anp2_20211228_164011_2069341013_600_800.png,12anp2_20211228_164011_2069341013_600_800_mask.png,783.9
11,5,22,10,235,247,257,257,235,247,257,247,257,257,235,257,sub_line_text,table_text,table_0,opensans,regular,8.0,12anp2_20211228_164011_2069341013_600_800.png,/scratch/parceirosbr/bigoilict/share/BigOil/document_generator/datasets/documents_2021_12_28/12anp2_20211228_164011_2069341013_600_800.png,12anp2_20211228_164011_2069341013_600_800_mask.png,783.9
11,5,22,10,235,260,257,270,235,260,257,260,257,270,235,270,text,table_text,table_0,opensans,regular,8.0,12anp2_20211228_164011_2069341013_600_800.png,/scratch/parceirosbr/bigoilict/share/BigOil/document_generator/datasets/documents_2021_12_28/12anp2_20211228_164011_2069341013_600_800.png,12anp2_20211228_164011_2069341013_600_800_mask.png,482.5
11,5,22,10,235,260,257,270,235,260,257,260,257,270,235,270,sub_line_text,table_text,table_0,opensans,regular,8.0,12anp2_20211228_164011_2069341013_600_800.png,/scratch/parceirosbr/bigoilict/share/BigOil/document_generator/datasets/documents_2021_12_28/12anp2_20211228_164011_2069341013_600_800.png,12anp2_20211228_164011_2069341013_600_800_mask.png,482.5
8,5,17,10,240,273,257,283,240,273,257,273,257,283,240,283,text,table_text,table_0,opensans,regular,8.0,12anp2_20211228_164011_2069341013_600_800.png,/scratch/parceirosbr/bigoilict/share/BigOil/document_generator/datasets/documents_2021_12_28/12anp2_20211228_164011_2069341013_600_800.png,12anp2_20211228_164011_2069341013_600_800_mask.png,35.2
8,5,17,10,240,273,257,283,240,273,257,273,257,283,240,283,sub_line_text,table_text,table_0,opensans,regular,8.0,12anp2_20211228_164011_2069341013_600_800.png,/scratch/parceirosbr/bigoilict/share/BigOil/document_generator/datasets/documents_2021_12_28/12anp2_20211228_164011_2069341013_600_800.png,12anp2_20211228_164011_2069341013_600_800_mask.png,35.2
11,5,22,10,235,286,257,296,235,286,257,286,257,296,235,296,text,table_text,table_0,opensans,regular,8.0,12anp2_20211228_164011_2069341013_600_800.png,/scratch/parceirosbr/bigoilict/share/BigOil/document_generator/datasets/documents_2021_12_28/12anp2_20211228_164011_2069341013_600_800.png,12anp2_20211228_164011_2069341013_600_800_mask.png,131.2
11,5,22,10,235,286,257,296,235,286,257,286,257,296,235,296,sub_line_text,table_text,table_0,opensans,regular,8.0,12anp2_20211228_164011_2069341013_600_800.png,/scratch/parceirosbr/bigoilict/share/BigOil/document_generator/datasets/documents_2021_12_28/12anp2_20211228_164011_2069341013_600_800.png,12anp2_20211228_164011_2069341013_600_800_mask.png,131.2
8,5,17,10,240,299,257,309,240,299,257,299,257,309,240,309,text,table_text,table_0,opensans,regular,8.0,12anp2_20211228_164011_2069341013_600_800.png,/scratch/parceirosbr/bigoilict/share/BigOil/document_generator/datasets/documents_2021_12_28/12anp2_20211228_164011_2069341013_600_800.png,12anp2_20211228_164011_2069341013_600_800_mask.png,85.7
8,5,17,10,240,299,257,309,240,299,257,299,257,309,240,309,sub_line_text,table_text,table_0,opensans,regular,8.0,12anp2_20211228_164011_2069341013_600_800.png,/scratch/parceirosbr/bigoilict/share/BigOil/document_generator/datasets/documents_2021_12_28/12anp2_20211228_164011_2069341013_600_800.png,12anp2_20211228_164011_2069341013_600_800_mask.png,85.7
11,5,22,10,235,312,257,322,235,312,257,312,257,322,235,322,text,table_text,table_0,opensans,regular,8.0,12anp2_20211228_164011_2069341013_600_800.png,/scratch/parceirosbr/bigoilict/share/BigOil/document_generator/datasets/documents_2021_12_28/12anp2_20211228_164011_2069341013_600_800.png,12anp2_20211228_164011_2069341013_600_800_mask.png,461.7
11,5,22,10,235,312,257,322,235,312,257,312,257,322,235,322,sub_line_text,table_text,table_0,opensans,regular,8.0,12anp2_20211228_164011_2069341013_600_800.png,/scratch/parceirosbr/bigoilict/share/BigOil/document_generator/datasets/documents_2021_12_28/12anp2_20211228_164011_2069341013_600_800.png,12anp2_20211228_164011_2069341013_600_800_mask.png,461.7
8,5,17,10,240,325,257,335,240,325,257,325,257,335,240,335,text,table_text,table_0,opensans,regular,8.0,12anp2_20211228_164011_2069341013_600_800.png,/scratch/parceirosbr/bigoilict/share/BigOil/document_generator/datasets/documents_2021_12_28/12anp2_20211228_164011_2069341013_600_800.png,12anp2_20211228_164011_2069341013_600_800_mask.png,43.9
8,5,17,10,240,325,257,335,240,325,257,325,257,335,240,335,sub_line_text,table_text,table_0,opensans,regular,8.0,12anp2_20211228_164011_2069341013_600_800.png,/scratch/parceirosbr/bigoilict/share/BigOil/document_generator/datasets/documents_2021_12_28/12anp2_20211228_164011_2069341013_600_800.png,12anp2_20211228_164011_2069341013_600_800_mask.png,43.9
11,5,22,10,235,338,257,348,235,338,257,338,257,348,235,348,text,table_text,table_0,opensans,regular,8.0,12anp2_20211228_164011_2069341013_600_800.png,/scratch/parceirosbr/bigoilict/share/BigOil/document_generator/datasets/documents_2021_12_28/12anp2_20211228_164011_2069341013_600_800.png,12anp2_20211228_164011_2069341013_600_800_mask.png,931.1
11,5,22,10,235,338,257,348,235,338,257,338,257,348,235,348,sub_line_text,table_text,table_0,opensans,regular,8.0,12anp2_20211228_164011_2069341013_600_800.png,/scratch/parceirosbr/bigoilict/share/BigOil/document_generator/datasets/documents_2021_12_28/12anp2_20211228_164011_2069341013_600_800.png,12anp2_20211228_164011_2069341013_600_800_mask.png,931.1
20,5,41,10,275,156,316,166,275,156,316,156,316,166,275,166,text,table_text,table_0,opensans,italic,8.0,12anp2_20211228_164011_2069341013_600_800.png,/scratch/parceirosbr/bigoilict/share/BigOil/document_generator/datasets/documents_2021_12_28/12anp2_20211228_164011_2069341013_600_800.png,12anp2_20211228_164011_2069341013_600_800_mask.png,calculadas
20,5,41,10,275,156,316,166,275,156,316,156,316,166,275,166,sub_line_text,table_text,table_0,opensans,italic,8.0,12anp2_20211228_164011_2069341013_600_800.png,/scratch/parceirosbr/bigoilict/share/BigOil/document_generator/datasets/documents_2021_12_28/12anp2_20211228_164011_2069341013_600_800.png,12anp2_20211228_164011_2069341013_600_800_mask.png,calculadas
26,5,52,10,264,169,316,179,264,169,316,169,316,179,264,179,text,table_text,table_0,opensans,regular,8.0,12anp2_20211228_164011_2069341013_600_800.png,/scratch/parceirosbr/bigoilict/share/BigOil/document_generator/datasets/documents_2021_12_28/12anp2_20211228_164011_2069341013_600_800.png,12anp2_20211228_164011_2069341013_600_800_mask.png,901327.0588
26,5,52,10,264,169,316,179,264,169,316,169,316,179,264,179,sub_line_text,table_text,table_0,opensans,regular,8.0,12anp2_20211228_164011_2069341013_600_800.png,/scratch/parceirosbr/bigoilict/share/BigOil/document_generator/datasets/documents_2021_12_28/12anp2_20211228_164011_2069341013_600_800.png,12anp2_20211228_164011_2069341013_600_800_mask.png,901327.0588
23,5,47,10,269,182,316,192,269,182,316,182,316,192,269,192,text,table_text,table_0,opensans,regular,8.0,12anp2_20211228_164011_2069341013_600_800.png,/scratch/parceirosbr/bigoilict/share/BigOil/document_generator/datasets/documents_2021_12_28/12anp2_20211228_164011_2069341013_600_800.png,12anp2_20211228_164011_2069341013_600_800_mask.png,76536.0444
23,5,47,10,269,182,316,192,269,182,316,182,316,192,269,192,sub_line_text,table_text,table_0,opensans,regular,8.0,12anp2_20211228_164011_2069341013_600_800.png,/scratch/parceirosbr/bigoilict/share/BigOil/document_generator/datasets/documents_2021_12_28/12anp2_20211228_164011_2069341013_600_800.png,12anp2_20211228_164011_2069341013_600_800_mask.png,76536.0444
21,5,42,10,274,195,316,205,274,195,316,195,316,205,274,205,text,table_text,table_0,opensans,regular,8.0,12anp2_20211228_164011_2069341013_600_800.png,/scratch/parceirosbr/bigoilict/share/BigOil/document_generator/datasets/documents_2021_12_28/12anp2_20211228_164011_2069341013_600_800.png,12anp2_20211228_164011_2069341013_600_800_mask.png,1198.5780
21,5,42,10,274,195,316,205,274,195,316,195,316,205,274,205,sub_line_text,table_text,table_0,opensans,regular,8.0,12anp2_20211228_164011_2069341013_600_800.png,/scratch/parceirosbr/bigoilict/share/BigOil/document_generator/datasets/documents_2021_12_28/12anp2_20211228_164011_2069341013_600_800.png,12anp2_20211228_164011_2069341013_600_800_mask.png,1198.5780
21,5,42,10,274,208,316,218,274,208,316,208,316,218,274,218,text,table_text,table_0,opensans,regular,8.0,12anp2_20211228_164011_2069341013_600_800.png,/scratch/parceirosbr/bigoilict/share/BigOil/document_generator/datasets/documents_2021_12_28/12anp2_20211228_164011_2069341013_600_800.png,12anp2_20211228_164011_2069341013_600_800_mask.png,7267.3104
21,5,42,10,274,208,316,218,274,208,316,208,316,218,274,218,sub_line_text,table_text,table_0,opensans,regular,8.0,12anp2_20211228_164011_2069341013_600_800.png,/scratch/parceirosbr/bigoilict/share/BigOil/document_generator/datasets/documents_2021_12_28/12anp2_20211228_164011_2069341013_600_800.png,12anp2_20211228_164011_2069341013_600_800_mask.png,7267.3104
21,5,42,10,274,221,316,231,274,221,316,221,316,231,274,231,text,table_text,table_0,opensans,regular,8.0,12anp2_20211228_164011_2069341013_600_800.png,/scratch/parceirosbr/bigoilict/share/BigOil/document_generator/datasets/documents_2021_12_28/12anp2_20211228_164011_2069341013_600_800.png,12anp2_20211228_164011_2069341013_600_800_mask.png,4934.9248
21,5,42,10,274,221,316,231,274,221,316,221,316,231,274,231,sub_line_text,table_text,table_0,opensans,regular,8.0,12anp2_20211228_164011_2069341013_600_800.png,/scratch/parceirosbr/bigoilict/share/BigOil/document_generator/datasets/documents_2021_12_28/12anp2_20211228_164011_2069341013_600_800.png,12anp2_20211228_164011_2069341013_600_800_mask.png,4934.9248
21,5,42,10,274,234,316,244,274,234,316,234,316,244,274,244,text,table_text,table_0,opensans,regular,8.0,12anp2_20211228_164011_2069341013_600_800.png,/scratch/parceirosbr/bigoilict/share/BigOil/document_generator/datasets/documents_2021_12_28/12anp2_20211228_164011_2069341013_600_800.png,12anp2_20211228_164011_2069341013_600_800_mask.png,2457.6759
21,5,42,10,274,234,316,244,274,234,316,234,316,244,274,244,sub_line_text,table_text,table_0,opensans,regular,8.0,12anp2_20211228_164011_2069341013_600_800.png,/scratch/parceirosbr/bigoilict/share/BigOil/document_generator/datasets/documents_2021_12_28/12anp2_20211228_164011_2069341013_600_800.png,12anp2_20211228_164011_2069341013_600_800_mask.png,2457.6759
21,5,42,10,274,247,316,257,274,247,316,247,316,257,274,257,text,table_text,table_0,opensans,regular,8.0,12anp2_20211228_164011_2069341013_600_800.png,/scratch/parceirosbr/bigoilict/share/BigOil/document_generator/datasets/documents_2021_12_28/12anp2_20211228_164011_2069341013_600_800.png,12anp2_20211228_164011_2069341013_600_800_mask.png,3747.8137
21,5,42,10,274,247,316,257,274,247,316,247,316,257,274,257,sub_line_text,table_text,table_0,opensans,regular,8.0,12anp2_20211228_164011_2069341013_600_800.png,/scratch/parceirosbr/bigoilict/share/BigOil/document_generator/datasets/documents_2021_12_28/12anp2_20211228_164011_2069341013_600_800.png,12anp2_20211228_164011_2069341013_600_800_mask.png,3747.8137
26,5,52,10,264,260,316,270,264,260,316,260,316,270,264,270,text,table_text,table_0,opensans,regular,8.0,12anp2_20211228_164011_2069341013_600_800.png,/scratch/parceirosbr/bigoilict/share/BigOil/document_generator/datasets/documents_2021_12_28/12anp2_20211228_164011_2069341013_600_800.png,12anp2_20211228_164011_2069341013_600_800_mask.png,288192.4805
26,5,52,10,264,260,316,270,264,260,316,260,316,270,264,270,sub_line_text,table_text,table_0,opensans,regular,8.0,12anp2_20211228_164011_2069341013_600_800.png,/scratch/parceirosbr/bigoilict/share/BigOil/document_generator/datasets/documents_2021_12_28/12anp2_20211228_164011_2069341013_600_800.png,12anp2_20211228_164011_2069341013_600_800_mask.png,288192.4805
26,5,52,10,264,273,316,283,264,273,316,273,316,283,264,283,text,table_text,table_0,opensans,regular,8.0,12anp2_20211228_164011_2069341013_600_800.png,/scratch/parceirosbr/bigoilict/share/BigOil/document_generator/datasets/documents_2021_12_28/12anp2_20211228_164011_2069341013_600_800.png,12anp2_20211228_164011_2069341013_600_800_mask.png,508695.4385
26,5,52,10,264,273,316,283,264,273,316,273,316,283,264,283,sub_line_text,table_text,table_0,opensans,regular,8.0,12anp2_20211228_164011_2069341013_600_800.png,/scratch/parceirosbr/bigoilict/share/BigOil/document_generator/datasets/documents_2021_12_28/12anp2_20211228_164011_2069341013_600_800.png,12anp2_20211228_164011_2069341013_600_800_mask.png,508695.4385
21,5,42,10,274,286,316,296,274,286,316,286,316,296,274,296,text,table_text,table_0,opensans,regular,8.0,12anp2_20211228_164011_2069341013_600_800.png,/scratch/parceirosbr/bigoilict/share/BigOil/document_generator/datasets/documents_2021_12_28/12anp2_20211228_164011_2069341013_600_800.png,12anp2_20211228_164011_2069341013_600_800_mask.png,8210.3034
21,5,42,10,274,286,316,296,274,286,316,286,316,296,274,296,sub_line_text,table_text,table_0,opensans,regular,8.0,12anp2_20211228_164011_2069341013_600_800.png,/scratch/parceirosbr/bigoilict/share/BigOil/document_generator/datasets/documents_2021_12_28/12anp2_20211228_164011_2069341013_600_800.png,12anp2_20211228_164011_2069341013_600_800_mask.png,8210.3034
26,5,52,10,264,299,316,309,264,299,316,299,316,309,264,309,text,table_text,table_0,opensans,regular,8.0,12anp2_20211228_164011_2069341013_600_800.png,/scratch/parceirosbr/bigoilict/share/BigOil/document_generator/datasets/documents_2021_12_28/12anp2_20211228_164011_2069341013_600_800.png,12anp2_20211228_164011_2069341013_600_800_mask.png,488748.8024
26,5,52,10,264,299,316,309,264,299,316,299,316,309,264,309,sub_line_text,table_text,table_0,opensans,regular,8.0,12anp2_20211228_164011_2069341013_600_800.png,/scratch/parceirosbr/bigoilict/share/BigOil/document_generator/datasets/documents_2021_12_28/12anp2_20211228_164011_2069341013_600_800.png,12anp2_20211228_164011_2069341013_600_800_mask.png,488748.8024
23,5,47,10,269,312,316,322,269,312,316,312,316,322,269,322,text,table_text,table_0,opensans,regular,8.0,12anp2_20211228_164011_2069341013_600_800.png,/scratch/parceirosbr/bigoilict/share/BigOil/document_generator/datasets/documents_2021_12_28/12anp2_20211228_164011_2069341013_600_800.png,12anp2_20211228_164011_2069341013_600_800_mask.png,84237.3166
23,5,47,10,269,312,316,322,269,312,316,312,316,322,269,322,sub_line_text,table_text,table_0,opensans,regular,8.0,12anp2_20211228_164011_2069341013_600_800.png,/scratch/parceirosbr/bigoilict/share/BigOil/document_generator/datasets/documents_2021_12_28/12anp2_20211228_164011_2069341013_600_800.png,12anp2_20211228_164011_2069341013_600_800_mask.png,84237.3166
26,5,52,10,264,325,316,335,264,325,316,325,316,335,264,335,text,table_text,table_0,opensans,regular,8.0,12anp2_20211228_164011_2069341013_600_800.png,/scratch/parceirosbr/bigoilict/share/BigOil/document_generator/datasets/documents_2021_12_28/12anp2_20211228_164011_2069341013_600_800.png,12anp2_20211228_164011_2069341013_600_800_mask.png,955718.4504
26,5,52,10,264,325,316,335,264,325,316,325,316,335,264,335,sub_line_text,table_text,table_0,opensans,regular,8.0,12anp2_20211228_164011_2069341013_600_800.png,/scratch/parceirosbr/bigoilict/share/BigOil/document_generator/datasets/documents_2021_12_28/12anp2_20211228_164011_2069341013_600_800.png,12anp2_20211228_164011_2069341013_600_800_mask.png,955718.4504
26,5,52,10,264,338,316,348,264,338,316,338,316,348,264,348,text,table_text,table_0,opensans,regular,8.0,12anp2_20211228_164011_2069341013_600_800.png,/scratch/parceirosbr/bigoilict/share/BigOil/document_generator/datasets/documents_2021_12_28/12anp2_20211228_164011_2069341013_600_800.png,12anp2_20211228_164011_2069341013_600_800_mask.png,226106.5894
26,5,52,10,264,338,316,348,264,338,316,338,316,348,264,348,sub_line_text,table_text,table_0,opensans,regular,8.0,12anp2_20211228_164011_2069341013_600_800.png,/scratch/parceirosbr/bigoilict/share/BigOil/document_generator/datasets/documents_2021_12_28/12anp2_20211228_164011_2069341013_600_800.png,12anp2_20211228_164011_2069341013_600_800_mask.png,226106.5894
5,5,10,10,361,156,371,166,361,156,371,156,371,166,361,166,text,table_text,table_0,opensans,italic,8.0,12anp2_20211228_164011_2069341013_600_800.png,/scratch/parceirosbr/bigoilict/share/BigOil/document_generator/datasets/documents_2021_12_28/12anp2_20211228_164011_2069341013_600_800.png,12anp2_20211228_164011_2069341013_600_800_mask.png,ao
5,5,10,10,361,156,371,166,361,156,371,156,371,166,361,166,sub_line_text,table_text,table_0,opensans,italic,8.0,12anp2_20211228_164011_2069341013_600_800.png,/scratch/parceirosbr/bigoilict/share/BigOil/document_generator/datasets/documents_2021_12_28/12anp2_20211228_164011_2069341013_600_800.png,12anp2_20211228_164011_2069341013_600_800_mask.png,ao
23,5,47,10,324,169,371,179,324,169,371,169,371,179,324,179,text,table_text,table_0,opensans,regular,8.0,12anp2_20211228_164011_2069341013_600_800.png,/scratch/parceirosbr/bigoilict/share/BigOil/document_generator/datasets/documents_2021_12_28/12anp2_20211228_164011_2069341013_600_800.png,12anp2_20211228_164011_2069341013_600_800_mask.png,8556104.89
23,5,47,10,324,169,371,179,324,169,371,169,371,179,324,179,sub_line_text,table_text,table_0,opensans,regular,8.0,12anp2_20211228_164011_2069341013_600_800.png,/scratch/parceirosbr/bigoilict/share/BigOil/document_generator/datasets/documents_2021_12_28/12anp2_20211228_164011_2069341013_600_800.png,12anp2_20211228_164011_2069341013_600_800_mask.png,8556104.89
23,5,47,10,324,182,371,192,324,182,371,182,371,192,324,192,text,table_text,table_0,opensans,regular,8.0,12anp2_20211228_164011_2069341013_600_800.png,/scratch/parceirosbr/bigoilict/share/BigOil/document_generator/datasets/documents_2021_12_28/12anp2_20211228_164011_2069341013_600_800.png,12anp2_20211228_164011_2069341013_600_800_mask.png,4960870.69
23,5,47,10,324,182,371,192,324,182,371,182,371,192,324,192,sub_line_text,table_text,table_0,opensans,regular,8.0,12anp2_20211228_164011_2069341013_600_800.png,/scratch/parceirosbr/bigoilict/share/BigOil/document_generator/datasets/documents_2021_12_28/12anp2_20211228_164011_2069341013_600_800.png,12anp2_20211228_164011_2069341013_600_800_mask.png,4960870.69
23,5,47,10,324,195,371,205,324,195,371,195,371,205,324,205,text,table_text,table_0,opensans,regular,8.0,12anp2_20211228_164011_2069341013_600_800.png,/scratch/parceirosbr/bigoilict/share/BigOil/document_generator/datasets/documents_2021_12_28/12anp2_20211228_164011_2069341013_600_800.png,12anp2_20211228_164011_2069341013_600_800_mask.png,1706624.53
23,5,47,10,324,195,371,205,324,195,371,195,371,205,324,205,sub_line_text,table_text,table_0,opensans,regular,8.0,12anp2_20211228_164011_2069341013_600_800.png,/scratch/parceirosbr/bigoilict/share/BigOil/document_generator/datasets/documents_2021_12_28/12anp2_20211228_164011_2069341013_600_800.png,12anp2_20211228_164011_2069341013_600_800_mask.png,1706624.53
23,5,47,10,324,208,371,218,324,208,371,208,371,218,324,218,text,table_text,table_0,opensans,regular,8.0,12anp2_20211228_164011_2069341013_600_800.png,/scratch/parceirosbr/bigoilict/share/BigOil/document_generator/datasets/documents_2021_12_28/12anp2_20211228_164011_2069341013_600_800.png,12anp2_20211228_164011_2069341013_600_800_mask.png,2171286.82
23,5,47,10,324,208,371,218,324,208,371,208,371,218,324,218,sub_line_text,table_text,table_0,opensans,regular,8.0,12anp2_20211228_164011_2069341013_600_800.png,/scratch/parceirosbr/bigoilict/share/BigOil/document_generator/datasets/documents_2021_12_28/12anp2_20211228_164011_2069341013_600_800.png,12anp2_20211228_164011_2069341013_600_800_mask.png,2171286.82
23,5,47,10,324,221,371,231,324,221,371,221,371,231,324,231,text,table_text,table_0,opensans,regular,8.0,12anp2_20211228_164011_2069341013_600_800.png,/scratch/parceirosbr/bigoilict/share/BigOil/document_generator/datasets/documents_2021_12_28/12anp2_20211228_164011_2069341013_600_800.png,12anp2_20211228_164011_2069341013_600_800_mask.png,8106658.73
23,5,47,10,324,221,371,231,324,221,371,221,371,231,324,231,sub_line_text,table_text,table_0,opensans,regular,8.0,12anp2_20211228_164011_2069341013_600_800.png,/scratch/parceirosbr/bigoilict/share/BigOil/document_generator/datasets/documents_2021_12_28/12anp2_20211228_164011_2069341013_600_800.png,12anp2_20211228_164011_2069341013_600_800_mask.png,8106658.73
23,5,47,10,324,234,371,244,324,234,371,234,371,244,324,244,text,table_text,table_0,opensans,regular,8.0,12anp2_20211228_164011_2069341013_600_800.png,/scratch/parceirosbr/bigoilict/share/BigOil/document_generator/datasets/documents_2021_12_28/12anp2_20211228_164011_2069341013_600_800.png,12anp2_20211228_164011_2069341013_600_800_mask.png,3443968.55
23,5,47,10,324,234,371,244,324,234,371,234,371,244,324,244,sub_line_text,table_text,table_0,opensans,regular,8.0,12anp2_20211228_164011_2069341013_600_800.png,/scratch/parceirosbr/bigoilict/share/BigOil/document_generator/datasets/documents_2021_12_28/12anp2_20211228_164011_2069341013_600_800.png,12anp2_20211228_164011_2069341013_600_800_mask.png,3443968.55
23,5,47,10,324,247,371,257,324,247,371,247,371,257,324,257,text,table_text,table_0,opensans,regular,8.0,12anp2_20211228_164011_2069341013_600_800.png,/scratch/parceirosbr/bigoilict/share/BigOil/document_generator/datasets/documents_2021_12_28/12anp2_20211228_164011_2069341013_600_800.png,12anp2_20211228_164011_2069341013_600_800_mask.png,1158802.67
23,5,47,10,324,247,371,257,324,247,371,247,371,257,324,257,sub_line_text,table_text,table_0,opensans,regular,8.0,12anp2_20211228_164011_2069341013_600_800.png,/scratch/parceirosbr/bigoilict/share/BigOil/document_generator/datasets/documents_2021_12_28/12anp2_20211228_164011_2069341013_600_800.png,12anp2_20211228_164011_2069341013_600_800_mask.png,1158802.67
23,5,47,10,324,260,371,270,324,260,371,260,371,270,324,270,text,table_text,table_0,opensans,regular,8.0,12anp2_20211228_164011_2069341013_600_800.png,/scratch/parceirosbr/bigoilict/share/BigOil/document_generator/datasets/documents_2021_12_28/12anp2_20211228_164011_2069341013_600_800.png,12anp2_20211228_164011_2069341013_600_800_mask.png,4592924.29
23,5,47,10,324,260,371,270,324,260,371,260,371,270,324,270,sub_line_text,table_text,table_0,opensans,regular,8.0,12anp2_20211228_164011_2069341013_600_800.png,/scratch/parceirosbr/bigoilict/share/BigOil/document_generator/datasets/documents_2021_12_28/12anp2_20211228_164011_2069341013_600_800.png,12anp2_20211228_164011_2069341013_600_800_mask.png,4592924.29
23,5,47,10,324,273,371,283,324,273,371,273,371,283,324,283,text,table_text,table_0,opensans,regular,8.0,12anp2_20211228_164011_2069341013_600_800.png,/scratch/parceirosbr/bigoilict/share/BigOil/document_generator/datasets/documents_2021_12_28/12anp2_20211228_164011_2069341013_600_800.png,12anp2_20211228_164011_2069341013_600_800_mask.png,2792386.64
23,5,47,10,324,273,371,283,324,273,371,273,371,283,324,283,sub_line_text,table_text,table_0,opensans,regular,8.0,12anp2_20211228_164011_2069341013_600_800.png,/scratch/parceirosbr/bigoilict/share/BigOil/document_generator/datasets/documents_2021_12_28/12anp2_20211228_164011_2069341013_600_800.png,12anp2_20211228_164011_2069341013_600_800_mask.png,2792386.64
23,5,47,10,324,286,371,296,324,286,371,286,371,296,324,296,text,table_text,table_0,opensans,regular,8.0,12anp2_20211228_164011_2069341013_600_800.png,/scratch/parceirosbr/bigoilict/share/BigOil/document_generator/datasets/documents_2021_12_28/12anp2_20211228_164011_2069341013_600_800.png,12anp2_20211228_164011_2069341013_600_800_mask.png,5998903.34
23,5,47,10,324,286,371,296,324,286,371,286,371,296,324,296,sub_line_text,table_text,table_0,opensans,regular,8.0,12anp2_20211228_164011_2069341013_600_800.png,/scratch/parceirosbr/bigoilict/share/BigOil/document_generator/datasets/documents_2021_12_28/12anp2_20211228_164011_2069341013_600_800.png,12anp2_20211228_164011_2069341013_600_800_mask.png,5998903.34
23,5,47,10,324,299,371,309,324,299,371,299,371,309,324,309,text,table_text,table_0,opensans,regular,8.0,12anp2_20211228_164011_2069341013_600_800.png,/scratch/parceirosbr/bigoilict/share/BigOil/document_generator/datasets/documents_2021_12_28/12anp2_20211228_164011_2069341013_600_800.png,12anp2_20211228_164011_2069341013_600_800_mask.png,6029545.45
23,5,47,10,324,299,371,309,324,299,371,299,371,309,324,309,sub_line_text,table_text,table_0,opensans,regular,8.0,12anp2_20211228_164011_2069341013_600_800.png,/scratch/parceirosbr/bigoilict/share/BigOil/document_generator/datasets/documents_2021_12_28/12anp2_20211228_164011_2069341013_600_800.png,12anp2_20211228_164011_2069341013_600_800_mask.png,6029545.45
23,5,47,10,324,312,371,322,324,312,371,312,371,322,324,322,text,table_text,table_0,opensans,regular,8.0,12anp2_20211228_164011_2069341013_600_800.png,/scratch/parceirosbr/bigoilict/share/BigOil/document_generator/datasets/documents_2021_12_28/12anp2_20211228_164011_2069341013_600_800.png,12anp2_20211228_164011_2069341013_600_800_mask.png,5296750.43
23,5,47,10,324,312,371,322,324,312,371,312,371,322,324,322,sub_line_text,table_text,table_0,opensans,regular,8.0,12anp2_20211228_164011_2069341013_600_800.png,/scratch/parceirosbr/bigoilict/share/BigOil/document_generator/datasets/documents_2021_12_28/12anp2_20211228_164011_2069341013_600_800.png,12anp2_20211228_164011_2069341013_600_800_mask.png,5296750.43
23,5,47,10,324,325,371,335,324,325,371,325,371,335,324,335,text,table_text,table_0,opensans,regular,8.0,12anp2_20211228_164011_2069341013_600_800.png,/scratch/parceirosbr/bigoilict/share/BigOil/document_generator/datasets/documents_2021_12_28/12anp2_20211228_164011_2069341013_600_800.png,12anp2_20211228_164011_2069341013_600_800_mask.png,8693876.27
23,5,47,10,324,325,371,335,324,325,371,325,371,335,324,335,sub_line_text,table_text,table_0,opensans,regular,8.0,12anp2_20211228_164011_2069341013_600_800.png,/scratch/parceirosbr/bigoilict/share/BigOil/document_generator/datasets/documents_2021_12_28/12anp2_20211228_164011_2069341013_600_800.png,12anp2_20211228_164011_2069341013_600_800_mask.png,8693876.27
23,5,47,10,324,338,371,348,324,338,371,338,371,348,324,348,text,table_text,table_0,opensans,regular,8.0,12anp2_20211228_164011_2069341013_600_800.png,/scratch/parceirosbr/bigoilict/share/BigOil/document_generator/datasets/documents_2021_12_28/12anp2_20211228_164011_2069341013_600_800.png,12anp2_20211228_164011_2069341013_600_800_mask.png,5227645.22
23,5,47,10,324,338,371,348,324,338,371,338,371,348,324,348,sub_line_text,table_text,table_0,opensans,regular,8.0,12anp2_20211228_164011_2069341013_600_800.png,/scratch/parceirosbr/bigoilict/share/BigOil/document_generator/datasets/documents_2021_12_28/12anp2_20211228_164011_2069341013_600_800.png,12anp2_20211228_164011_2069341013_600_800_mask.png,5227645.22
15,5,30,10,398,156,428,166,398,156,428,156,428,166,398,166,text,table_text,table_0,opensans,italic,8.0,12anp2_20211228_164011_2069341013_600_800.png,/scratch/parceirosbr/bigoilict/share/BigOil/document_generator/datasets/documents_2021_12_28/12anp2_20211228_164011_2069341013_600_800.png,12anp2_20211228_164011_2069341013_600_800_mask.png,máxima
15,5,30,10,398,156,428,166,398,156,428,156,428,166,398,166,sub_line_text,table_text,table_0,opensans,italic,8.0,12anp2_20211228_164011_2069341013_600_800.png,/scratch/parceirosbr/bigoilict/share/BigOil/document_generator/datasets/documents_2021_12_28/12anp2_20211228_164011_2069341013_600_800.png,12anp2_20211228_164011_2069341013_600_800_mask.png,máxima
17,5,35,10,393,169,428,179,393,169,428,169,428,179,393,179,text,table_text,table_0,opensans,regular,8.0,12anp2_20211228_164011_2069341013_600_800.png,/scratch/parceirosbr/bigoilict/share/BigOil/document_generator/datasets/documents_2021_12_28/12anp2_20211228_164011_2069341013_600_800.png,12anp2_20211228_164011_2069341013_600_800_mask.png,6406435
17,5,35,10,393,169,428,179,393,169,428,169,428,179,393,179,sub_line_text,table_text,table_0,opensans,regular,8.0,12anp2_20211228_164011_2069341013_600_800.png,/scratch/parceirosbr/bigoilict/share/BigOil/document_generator/datasets/documents_2021_12_28/12anp2_20211228_164011_2069341013_600_800.png,12anp2_20211228_164011_2069341013_600_800_mask.png,6406435
15,5,30,10,398,182,428,192,398,182,428,182,428,192,398,192,text,table_text,table_0,opensans,regular,8.0,12anp2_20211228_164011_2069341013_600_800.png,/scratch/parceirosbr/bigoilict/share/BigOil/document_generator/datasets/documents_2021_12_28/12anp2_20211228_164011_2069341013_600_800.png,12anp2_20211228_164011_2069341013_600_800_mask.png,476462
15,5,30,10,398,182,428,192,398,182,428,182,428,192,398,192,sub_line_text,table_text,table_0,opensans,regular,8.0,12anp2_20211228_164011_2069341013_600_800.png,/scratch/parceirosbr/bigoilict/share/BigOil/document_generator/datasets/documents_2021_12_28/12anp2_20211228_164011_2069341013_600_800.png,12anp2_20211228_164011_2069341013_600_800_mask.png,476462
17,5,35,10,393,195,428,205,393,195,428,195,428,205,393,205,text,table_text,table_0,opensans,regular,8.0,12anp2_20211228_164011_2069341013_600_800.png,/scratch/parceirosbr/bigoilict/share/BigOil/document_generator/datasets/documents_2021_12_28/12anp2_20211228_164011_2069341013_600_800.png,12anp2_20211228_164011_2069341013_600_800_mask.png,2593983
17,5,35,10,393,195,428,205,393,195,428,195,428,205,393,205,sub_line_text,table_text,table_0,opensans,regular,8.0,12anp2_20211228_164011_2069341013_600_800.png,/scratch/parceirosbr/bigoilict/share/BigOil/document_generator/datasets/documents_2021_12_28/12anp2_20211228_164011_2069341013_600_800.png,12anp2_20211228_164011_2069341013_600_800_mask.png,2593983
22,5,45,10,383,208,428,218,383,208,428,208,428,218,383,218,text,table_text,table_0,opensans,regular,8.0,12anp2_20211228_164011_2069341013_600_800.png,/scratch/parceirosbr/bigoilict/share/BigOil/document_generator/datasets/documents_2021_12_28/12anp2_20211228_164011_2069341013_600_800.png,12anp2_20211228_164011_2069341013_600_800_mask.png,493476693
22,5,45,10,383,208,428,218,383,208,428,208,428,218,383,218,sub_line_text,table_text,table_0,opensans,regular,8.0,12anp2_20211228_164011_2069341013_600_800.png,/scratch/parceirosbr/bigoilict/share/BigOil/document_generator/datasets/documents_2021_12_28/12anp2_20211228_164011_2069341013_600_800.png,12anp2_20211228_164011_2069341013_600_800_mask.png,493476693
15,5,30,10,398,221,428,231,398,221,428,221,428,231,398,231,text,table_text,table_0,opensans,regular,8.0,12anp2_20211228_164011_2069341013_600_800.png,/scratch/parceirosbr/bigoilict/share/BigOil/document_generator/datasets/documents_2021_12_28/12anp2_20211228_164011_2069341013_600_800.png,12anp2_20211228_164011_2069341013_600_800_mask.png,285990
15,5,30,10,398,221,428,231,398,221,428,221,428,231,398,231,sub_line_text,table_text,table_0,opensans,regular,8.0,12anp2_20211228_164011_2069341013_600_800.png,/scratch/parceirosbr/bigoilict/share/BigOil/document_generator/datasets/documents_2021_12_28/12anp2_20211228_164011_2069341013_600_800.png,12anp2_20211228_164011_2069341013_600_800_mask.png,285990
12,5,25,10,403,234,428,244,403,234,428,234,428,244,403,244,text,table_text,table_0,opensans,regular,8.0,12anp2_20211228_164011_2069341013_600_800.png,/scratch/parceirosbr/bigoilict/share/BigOil/document_generator/datasets/documents_2021_12_28/12anp2_20211228_164011_2069341013_600_800.png,12anp2_20211228_164011_2069341013_600_800_mask.png,37203
12,5,25,10,403,234,428,244,403,234,428,234,428,244,403,244,sub_line_text,table_text,table_0,opensans,regular,8.0,12anp2_20211228_164011_2069341013_600_800.png,/scratch/parceirosbr/bigoilict/share/BigOil/document_generator/datasets/documents_2021_12_28/12anp2_20211228_164011_2069341013_600_800.png,12anp2_20211228_164011_2069341013_600_800_mask.png,37203
22,5,45,10,383,247,428,257,383,247,428,247,428,257,383,257,text,table_text,table_0,opensans,regular,8.0,12anp2_20211228_164011_2069341013_600_800.png,/scratch/parceirosbr/bigoilict/share/BigOil/document_generator/datasets/documents_2021_12_28/12anp2_20211228_164011_2069341013_600_800.png,12anp2_20211228_164011_2069341013_600_800_mask.png,802040719
22,5,45,10,383,247,428,257,383,247,428,247,428,257,383,257,sub_line_text,table_text,table_0,opensans,regular,8.0,12anp2_20211228_164011_2069341013_600_800.png,/scratch/parceirosbr/bigoilict/share/BigOil/document_generator/datasets/documents_2021_12_28/12anp2_20211228_164011_2069341013_600_800.png,12anp2_20211228_164011_2069341013_600_800_mask.png,802040719
15,5,30,10,398,260,428,270,398,260,428,260,428,270,398,270,text,table_text,table_0,opensans,regular,8.0,12anp2_20211228_164011_2069341013_600_800.png,/scratch/parceirosbr/bigoilict/share/BigOil/document_generator/datasets/documents_2021_12_28/12anp2_20211228_164011_2069341013_600_800.png,12anp2_20211228_164011_2069341013_600_800_mask.png,958901
15,5,30,10,398,260,428,270,398,260,428,260,428,270,398,270,sub_line_text,table_text,table_0,opensans,regular,8.0,12anp2_20211228_164011_2069341013_600_800.png,/scratch/parceirosbr/bigoilict/share/BigOil/document_generator/datasets/documents_2021_12_28/12anp2_20211228_164011_2069341013_600_800.png,12anp2_20211228_164011_2069341013_600_800_mask.png,958901
17,5,35,10,393,273,428,283,393,273,428,273,428,283,393,283,text,table_text,table_0,opensans,regular,8.0,12anp2_20211228_164011_2069341013_600_800.png,/scratch/parceirosbr/bigoilict/share/BigOil/document_generator/datasets/documents_2021_12_28/12anp2_20211228_164011_2069341013_600_800.png,12anp2_20211228_164011_2069341013_600_800_mask.png,9598856
17,5,35,10,393,273,428,283,393,273,428,273,428,283,393,283,sub_line_text,table_text,table_0,opensans,regular,8.0,12anp2_20211228_164011_2069341013_600_800.png,/scratch/parceirosbr/bigoilict/share/BigOil/document_generator/datasets/documents_2021_12_28/12anp2_20211228_164011_2069341013_600_800.png,12anp2_20211228_164011_2069341013_600_800_mask.png,9598856
20,5,40,10,388,286,428,296,388,286,428,286,428,296,388,296,text,table_text,table_0,opensans,regular,8.0,12anp2_20211228_164011_2069341013_600_800.png,/scratch/parceirosbr/bigoilict/share/BigOil/document_generator/datasets/documents_2021_12_28/12anp2_20211228_164011_2069341013_600_800.png,12anp2_20211228_164011_2069341013_600_800_mask.png,49234962
20,5,40,10,388,286,428,296,388,286,428,286,428,296,388,296,sub_line_text,table_text,table_0,opensans,regular,8.0,12anp2_20211228_164011_2069341013_600_800.png,/scratch/parceirosbr/bigoilict/share/BigOil/document_generator/datasets/documents_2021_12_28/12anp2_20211228_164011_2069341013_600_800.png,12anp2_20211228_164011_2069341013_600_800_mask.png,49234962
17,5,35,10,393,299,428,309,393,299,428,299,428,309,393,309,text,table_text,table_0,opensans,regular,8.0,12anp2_20211228_164011_2069341013_600_800.png,/scratch/parceirosbr/bigoilict/share/BigOil/document_generator/datasets/documents_2021_12_28/12anp2_20211228_164011_2069341013_600_800.png,12anp2_20211228_164011_2069341013_600_800_mask.png,8455172
17,5,35,10,393,299,428,309,393,299,428,299,428,309,393,309,sub_line_text,table_text,table_0,opensans,regular,8.0,12anp2_20211228_164011_2069341013_600_800.png,/scratch/parceirosbr/bigoilict/share/BigOil/document_generator/datasets/documents_2021_12_28/12anp2_20211228_164011_2069341013_600_800.png,12anp2_20211228_164011_2069341013_600_800_mask.png,8455172
22,5,45,10,383,312,428,322,383,312,428,312,428,322,383,322,text,table_text,table_0,opensans,regular,8.0,12anp2_20211228_164011_2069341013_600_800.png,/scratch/parceirosbr/bigoilict/share/BigOil/document_generator/datasets/documents_2021_12_28/12anp2_20211228_164011_2069341013_600_800.png,12anp2_20211228_164011_2069341013_600_800_mask.png,857193441
22,5,45,10,383,312,428,322,383,312,428,312,428,322,383,322,sub_line_text,table_text,table_0,opensans,regular,8.0,12anp2_20211228_164011_2069341013_600_800.png,/scratch/parceirosbr/bigoilict/share/BigOil/document_generator/datasets/documents_2021_12_28/12anp2_20211228_164011_2069341013_600_800.png,12anp2_20211228_164011_2069341013_600_800_mask.png,857193441
15,5,30,10,398,325,428,335,398,325,428,325,428,335,398,335,text,table_text,table_0,opensans,regular,8.0,12anp2_20211228_164011_2069341013_600_800.png,/scratch/parceirosbr/bigoilict/share/BigOil/document_generator/datasets/documents_2021_12_28/12anp2_20211228_164011_2069341013_600_800.png,12anp2_20211228_164011_2069341013_600_800_mask.png,440367
15,5,30,10,398,325,428,335,398,325,428,325,428,335,398,335,sub_line_text,table_text,table_0,opensans,regular,8.0,12anp2_20211228_164011_2069341013_600_800.png,/scratch/parceirosbr/bigoilict/share/BigOil/document_generator/datasets/documents_2021_12_28/12anp2_20211228_164011_2069341013_600_800.png,12anp2_20211228_164011_2069341013_600_800_mask.png,440367
20,5,40,10,388,338,428,348,388,338,428,338,428,348,388,348,text,table_text,table_0,opensans,regular,8.0,12anp2_20211228_164011_2069341013_600_800.png,/scratch/parceirosbr/bigoilict/share/BigOil/document_generator/datasets/documents_2021_12_28/12anp2_20211228_164011_2069341013_600_800.png,12anp2_20211228_164011_2069341013_600_800_mask.png,55601789
20,5,40,10,388,338,428,348,388,338,428,338,428,348,388,348,sub_line_text,table_text,table_0,opensans,regular,8.0,12anp2_20211228_164011_2069341013_600_800.png,/scratch/parceirosbr/bigoilict/share/BigOil/document_generator/datasets/documents_2021_12_28/12anp2_20211228_164011_2069341013_600_800.png,12anp2_20211228_164011_2069341013_600_800_mask.png,55601789
19,5,38,10,453,156,491,166,453,156,491,156,491,166,453,166,text,table_text,table_0,opensans,italic,8.0,12anp2_20211228_164011_2069341013_600_800.png,/scratch/parceirosbr/bigoilict/share/BigOil/document_generator/datasets/documents_2021_12_28/12anp2_20211228_164011_2069341013_600_800.png,12anp2_20211228_164011_2069341013_600_800_mask.png,tamanhos
19,5,38,10,453,156,491,166,453,156,491,156,491,166,453,166,sub_line_text,table_text,table_0,opensans,italic,8.0,12anp2_20211228_164011_2069341013_600_800.png,/scratch/parceirosbr/bigoilict/share/BigOil/document_generator/datasets/documents_2021_12_28/12anp2_20211228_164011_2069341013_600_800.png,12anp2_20211228_164011_2069341013_600_800_mask.png,tamanhos
11,5,22,10,469,169,491,179,469,169,491,169,491,179,469,179,text,table_text,table_0,opensans,regular,8.0,12anp2_20211228_164011_2069341013_600_800.png,/scratch/parceirosbr/bigoilict/share/BigOil/document_generator/datasets/documents_2021_12_28/12anp2_20211228_164011_2069341013_600_800.png,12anp2_20211228_164011_2069341013_600_800_mask.png,410.0
11,5,22,10,469,169,491,179,469,169,491,169,491,179,469,179,sub_line_text,table_text,table_0,opensans,regular,8.0,12anp2_20211228_164011_2069341013_600_800.png,/scratch/parceirosbr/bigoilict/share/BigOil/document_generator/datasets/documents_2021_12_28/12anp2_20211228_164011_2069341013_600_800.png,12anp2_20211228_164011_2069341013_600_800_mask.png,410.0
13,5,27,10,464,182,491,192,464,182,491,182,491,192,464,192,text,table_text,table_0,opensans,regular,8.0,12anp2_20211228_164011_2069341013_600_800.png,/scratch/parceirosbr/bigoilict/share/BigOil/document_generator/datasets/documents_2021_12_28/12anp2_20211228_164011_2069341013_600_800.png,12anp2_20211228_164011_2069341013_600_800_mask.png,5318.1
13,5,27,10,464,182,491,192,464,182,491,182,491,192,464,192,sub_line_text,table_text,table_0,opensans,regular,8.0,12anp2_20211228_164011_2069341013_600_800.png,/scratch/parceirosbr/bigoilict/share/BigOil/document_generator/datasets/documents_2021_12_28/12anp2_20211228_164011_2069341013_600_800.png,12anp2_20211228_164011_2069341013_600_800_mask.png,5318.1
13,5,27,10,464,195,491,205,464,195,491,195,491,205,464,205,text,table_text,table_0,opensans,regular,8.0,12anp2_20211228_164011_2069341013_600_800.png,/scratch/parceirosbr/bigoilict/share/BigOil/document_generator/datasets/documents_2021_12_28/12anp2_20211228_164011_2069341013_600_800.png,12anp2_20211228_164011_2069341013_600_800_mask.png,9725.5
13,5,27,10,464,195,491,205,464,195,491,195,491,205,464,205,sub_line_text,table_text,table_0,opensans,regular,8.0,12anp2_20211228_164011_2069341013_600_800.png,/scratch/parceirosbr/bigoilict/share/BigOil/document_generator/datasets/documents_2021_12_28/12anp2_20211228_164011_2069341013_600_800.png,12anp2_20211228_164011_2069341013_600_800_mask.png,9725.5
11,5,22,10,469,208,491,218,469,208,491,208,491,218,469,218,text,table_text,table_0,opensans,regular,8.0,12anp2_20211228_164011_2069341013_600_800.png,/scratch/parceirosbr/bigoilict/share/BigOil/document_generator/datasets/documents_2021_12_28/12anp2_20211228_164011_2069341013_600_800.png,12anp2_20211228_164011_2069341013_600_800_mask.png,482.5
11,5,22,10,469,208,491,218,469,208,491,208,491,218,469,218,sub_line_text,table_text,table_0,opensans,regular,8.0,12anp2_20211228_164011_2069341013_600_800.png,/scratch/parceirosbr/bigoilict/share/BigOil/document_generator/datasets/documents_2021_12_28/12anp2_20211228_164011_2069341013_600_800.png,12anp2_20211228_164011_2069341013_600_800_mask.png,482.5
16,5,32,10,459,221,491,231,459,221,491,221,491,231,459,231,text,table_text,table_0,opensans,regular,8.0,12anp2_20211228_164011_2069341013_600_800.png,/scratch/parceirosbr/bigoilict/share/BigOil/document_generator/datasets/documents_2021_12_28/12anp2_20211228_164011_2069341013_600_800.png,12anp2_20211228_164011_2069341013_600_800_mask.png,75017.4
16,5,32,10,459,221,491,231,459,221,491,221,491,231,459,231,sub_line_text,table_text,table_0,opensans,regular,8.0,12anp2_20211228_164011_2069341013_600_800.png,/scratch/parceirosbr/bigoilict/share/BigOil/document_generator/datasets/documents_2021_12_28/12anp2_20211228_164011_2069341013_600_800.png,12anp2_20211228_164011_2069341013_600_800_mask.png,75017.4
13,5,27,10,464,234,491,244,464,234,491,234,491,244,464,244,text,table_text,table_0,opensans,regular,8.0,12anp2_20211228_164011_2069341013_600_800.png,/scratch/parceirosbr/bigoilict/share/BigOil/document_generator/datasets/documents_2021_12_28/12anp2_20211228_164011_2069341013_600_800.png,12anp2_20211228_164011_2069341013_600_800_mask.png,5409.0
13,5,27,10,464,234,491,244,464,234,491,234,491,244,464,244,sub_line_text,table_text,table_0,opensans,regular,8.0,12anp2_20211228_164011_2069341013_600_800.png,/scratch/parceirosbr/bigoilict/share/BigOil/document_generator/datasets/documents_2021_12_28/12anp2_20211228_164011_2069341013_600_800.png,12anp2_20211228_164011_2069341013_600_800_mask.png,5409.0
8,5,17,10,474,247,491,257,474,247,491,247,491,257,474,257,text,table_text,table_0,opensans,regular,8.0,12anp2_20211228_164011_2069341013_600_800.png,/scratch/parceirosbr/bigoilict/share/BigOil/document_generator/datasets/documents_2021_12_28/12anp2_20211228_164011_2069341013_600_800.png,12anp2_20211228_164011_2069341013_600_800_mask.png,30.9
8,5,17,10,474,247,491,257,474,247,491,247,491,257,474,257,sub_line_text,table_text,table_0,opensans,regular,8.0,12anp2_20211228_164011_2069341013_600_800.png,/scratch/parceirosbr/bigoilict/share/BigOil/document_generator/datasets/documents_2021_12_28/12anp2_20211228_164011_2069341013_600_800.png,12anp2_20211228_164011_2069341013_600_800_mask.png,30.9
13,5,27,10,464,260,491,270,464,260,491,260,491,270,464,270,text,table_text,table_0,opensans,regular,8.0,12anp2_20211228_164011_2069341013_600_800.png,/scratch/parceirosbr/bigoilict/share/BigOil/document_generator/datasets/documents_2021_12_28/12anp2_20211228_164011_2069341013_600_800.png,12anp2_20211228_164011_2069341013_600_800_mask.png,8495.9
13,5,27,10,464,260,491,270,464,260,491,260,491,270,464,270,sub_line_text,table_text,table_0,opensans,regular,8.0,12anp2_20211228_164011_2069341013_600_800.png,/scratch/parceirosbr/bigoilict/share/BigOil/document_generator/datasets/documents_2021_12_28/12anp2_20211228_164011_2069341013_600_800.png,12anp2_20211228_164011_2069341013_600_800_mask.png,8495.9
11,5,22,10,469,273,491,283,469,273,491,273,491,283,469,283,text,table_text,table_0,opensans,regular,8.0,12anp2_20211228_164011_2069341013_600_800.png,/scratch/parceirosbr/bigoilict/share/BigOil/document_generator/datasets/documents_2021_12_28/12anp2_20211228_164011_2069341013_600_800.png,12anp2_20211228_164011_2069341013_600_800_mask.png,229.2
11,5,22,10,469,273,491,283,469,273,491,273,491,283,469,283,sub_line_text,table_text,table_0,opensans,regular,8.0,12anp2_20211228_164011_2069341013_600_800.png,/scratch/parceirosbr/bigoilict/share/BigOil/document_generator/datasets/documents_2021_12_28/12anp2_20211228_164011_2069341013_600_800.png,12anp2_20211228_164011_2069341013_600_800_mask.png,229.2
16,5,32,10,459,286,491,296,459,286,491,286,491,296,459,296,text,table_text,table_0,opensans,regular,8.0,12anp2_20211228_164011_2069341013_600_800.png,/scratch/parceirosbr/bigoilict/share/BigOil/document_generator/datasets/documents_2021_12_28/12anp2_20211228_164011_2069341013_600_800.png,12anp2_20211228_164011_2069341013_600_800_mask.png,87531.1
16,5,32,10,459,286,491,296,459,286,491,286,491,296,459,296,sub_line_text,table_text,table_0,opensans,regular,8.0,12anp2_20211228_164011_2069341013_600_800.png,/scratch/parceirosbr/bigoilict/share/BigOil/document_generator/datasets/documents_2021_12_28/12anp2_20211228_164011_2069341013_600_800.png,12anp2_20211228_164011_2069341013_600_800_mask.png,87531.1
8,5,17,10,474,299,491,309,474,299,491,299,491,309,474,309,text,table_text,table_0,opensans,regular,8.0,12anp2_20211228_164011_2069341013_600_800.png,/scratch/parceirosbr/bigoilict/share/BigOil/document_generator/datasets/documents_2021_12_28/12anp2_20211228_164011_2069341013_600_800.png,12anp2_20211228_164011_2069341013_600_800_mask.png,38.8
8,5,17,10,474,299,491,309,474,299,491,299,491,309,474,309,sub_line_text,table_text,table_0,opensans,regular,8.0,12anp2_20211228_164011_2069341013_600_800.png,/scratch/parceirosbr/bigoilict/share/BigOil/document_generator/datasets/documents_2021_12_28/12anp2_20211228_164011_2069341013_600_800.png,12anp2_20211228_164011_2069341013_600_800_mask.png,38.8
6,5,12,10,479,312,491,322,479,312,491,312,491,322,479,322,text,table_text,table_0,opensans,regular,8.0,12anp2_20211228_164011_2069341013_600_800.png,/scratch/parceirosbr/bigoilict/share/BigOil/document_generator/datasets/documents_2021_12_28/12anp2_20211228_164011_2069341013_600_800.png,12anp2_20211228_164011_2069341013_600_800_mask.png,8.4
6,5,12,10,479,312,491,322,479,312,491,312,491,322,479,322,sub_line_text,table_text,table_0,opensans,regular,8.0,12anp2_20211228_164011_2069341013_600_800.png,/scratch/parceirosbr/bigoilict/share/BigOil/document_generator/datasets/documents_2021_12_28/12anp2_20211228_164011_2069341013_600_800.png,12anp2_20211228_164011_2069341013_600_800_mask.png,8.4
6,5,12,10,479,325,491,335,479,325,491,325,491,335,479,335,text,table_text,table_0,opensans,regular,8.0,12anp2_20211228_164011_2069341013_600_800.png,/scratch/parceirosbr/bigoilict/share/BigOil/document_generator/datasets/documents_2021_12_28/12anp2_20211228_164011_2069341013_600_800.png,12anp2_20211228_164011_2069341013_600_800_mask.png,5.1
6,5,12,10,479,325,491,335,479,325,491,325,491,335,479,335,sub_line_text,table_text,table_0,opensans,regular,8.0,12anp2_20211228_164011_2069341013_600_800.png,/scratch/parceirosbr/bigoilict/share/BigOil/document_generator/datasets/documents_2021_12_28/12anp2_20211228_164011_2069341013_600_800.png,12anp2_20211228_164011_2069341013_600_800_mask.png,5.1
11,5,22,10,469,338,491,348,469,338,491,338,491,348,469,348,text,table_text,table_0,opensans,regular,8.0,12anp2_20211228_164011_2069341013_600_800.png,/scratch/parceirosbr/bigoilict/share/BigOil/document_generator/datasets/documents_2021_12_28/12anp2_20211228_164011_2069341013_600_800.png,12anp2_20211228_164011_2069341013_600_800_mask.png,510.0
11,5,22,10,469,338,491,348,469,338,491,338,491,348,469,348,sub_line_text,table_text,table_0,opensans,regular,8.0,12anp2_20211228_164011_2069341013_600_800.png,/scratch/parceirosbr/bigoilict/share/BigOil/document_generator/datasets/documents_2021_12_28/12anp2_20211228_164011_2069341013_600_800.png,12anp2_20211228_164011_2069341013_600_800_mask.png,510.0
7,5,14,10,519,156,533,166,519,156,533,156,533,166,519,166,text,table_text,table_0,opensans,italic,8.0,12anp2_20211228_164011_2069341013_600_800.png,/scratch/parceirosbr/bigoilict/share/BigOil/document_generator/datasets/documents_2021_12_28/12anp2_20211228_164011_2069341013_600_800.png,12anp2_20211228_164011_2069341013_600_800_mask.png,que
7,5,14,10,519,156,533,166,519,156,533,156,533,166,519,166,sub_line_text,table_text,table_0,opensans,italic,8.0,12anp2_20211228_164011_2069341013_600_800.png,/scratch/parceirosbr/bigoilict/share/BigOil/document_generator/datasets/documents_2021_12_28/12anp2_20211228_164011_2069341013_600_800.png,12anp2_20211228_164011_2069341013_600_800_mask.png,que
8,5,17,10,516,169,533,179,516,169,533,169,533,179,516,179,text,table_text,table_0,opensans,regular,8.0,12anp2_20211228_164011_2069341013_600_800.png,/scratch/parceirosbr/bigoilict/share/BigOil/document_generator/datasets/documents_2021_12_28/12anp2_20211228_164011_2069341013_600_800.png,12anp2_20211228_164011_2069341013_600_800_mask.png,1.46
8,5,17,10,516,169,533,179,516,169,533,169,533,179,516,179,sub_line_text,table_text,table_0,opensans,regular,8.0,12anp2_20211228_164011_2069341013_600_800.png,/scratch/parceirosbr/bigoilict/share/BigOil/document_generator/datasets/documents_2021_12_28/12anp2_20211228_164011_2069341013_600_800.png,12anp2_20211228_164011_2069341013_600_800_mask.png,1.46
11,5,22,10,511,182,533,192,511,182,533,182,533,192,511,192,text,table_text,table_0,opensans,regular,8.0,12anp2_20211228_164011_2069341013_600_800.png,/scratch/parceirosbr/bigoilict/share/BigOil/document_generator/datasets/documents_2021_12_28/12anp2_20211228_164011_2069341013_600_800.png,12anp2_20211228_164011_2069341013_600_800_mask.png,74.79
11,5,22,10,511,182,533,192,511,182,533,182,533,192,511,192,sub_line_text,table_text,table_0,opensans,regular,8.0,12anp2_20211228_164011_2069341013_600_800.png,/scratch/parceirosbr/bigoilict/share/BigOil/document_generator/datasets/documents_2021_12_28/12anp2_20211228_164011_2069341013_600_800.png,12anp2_20211228_164011_2069341013_600_800_mask.png,74.79
11,5,22,10,511,195,533,205,511,195,533,195,533,205,511,205,text,table_text,table_0,opensans,regular,8.0,12anp2_20211228_164011_2069341013_600_800.png,/scratch/parceirosbr/bigoilict/share/BigOil/document_generator/datasets/documents_2021_12_28/12anp2_20211228_164011_2069341013_600_800.png,12anp2_20211228_164011_2069341013_600_800_mask.png,43.01
11,5,22,10,511,195,533,205,511,195,533,195,533,205,511,205,sub_line_text,table_text,table_0,opensans,regular,8.0,12anp2_20211228_164011_2069341013_600_800.png,/scratch/parceirosbr/bigoilict/share/BigOil/document_generator/datasets/documents_2021_12_28/12anp2_20211228_164011_2069341013_600_800.png,12anp2_20211228_164011_2069341013_600_800_mask.png,43.01
13,5,27,10,506,208,533,218,506,208,533,208,533,218,506,218,text,table_text,table_0,opensans,regular,8.0,12anp2_20211228_164011_2069341013_600_800.png,/scratch/parceirosbr/bigoilict/share/BigOil/document_generator/datasets/documents_2021_12_28/12anp2_20211228_164011_2069341013_600_800.png,12anp2_20211228_164011_2069341013_600_800_mask.png,577.80
13,5,27,10,506,208,533,218,506,208,533,208,533,218,506,218,sub_line_text,table_text,table_0,opensans,regular,8.0,12anp2_20211228_164011_2069341013_600_800.png,/scratch/parceirosbr/bigoilict/share/BigOil/document_generator/datasets/documents_2021_12_28/12anp2_20211228_164011_2069341013_600_800.png,12anp2_20211228_164011_2069341013_600_800_mask.png,577.80
8,5,17,10,516,221,533,231,516,221,533,221,533,231,516,231,text,table_text,table_0,opensans,regular,8.0,12anp2_20211228_164011_2069341013_600_800.png,/scratch/parceirosbr/bigoilict/share/BigOil/document_generator/datasets/documents_2021_12_28/12anp2_20211228_164011_2069341013_600_800.png,12anp2_20211228_164011_2069341013_600_800_mask.png,2.94
8,5,17,10,516,221,533,231,516,221,533,221,533,231,516,231,sub_line_text,table_text,table_0,opensans,regular,8.0,12anp2_20211228_164011_2069341013_600_800.png,/scratch/parceirosbr/bigoilict/share/BigOil/document_generator/datasets/documents_2021_12_28/12anp2_20211228_164011_2069341013_600_800.png,12anp2_20211228_164011_2069341013_600_800_mask.png,2.94
11,5,22,10,511,234,533,244,511,234,533,234,533,244,511,244,text,table_text,table_0,opensans,regular,8.0,12anp2_20211228_164011_2069341013_600_800.png,/scratch/parceirosbr/bigoilict/share/BigOil/document_generator/datasets/documents_2021_12_28/12anp2_20211228_164011_2069341013_600_800.png,12anp2_20211228_164011_2069341013_600_800_mask.png,54.82
11,5,22,10,511,234,533,244,511,234,533,234,533,244,511,244,sub_line_text,table_text,table_0,opensans,regular,8.0,12anp2_20211228_164011_2069341013_600_800.png,/scratch/parceirosbr/bigoilict/share/BigOil/document_generator/datasets/documents_2021_12_28/12anp2_20211228_164011_2069341013_600_800.png,12anp2_20211228_164011_2069341013_600_800_mask.png,54.82
13,5,27,10,506,247,533,257,506,247,533,247,533,257,506,257,text,table_text,table_0,opensans,regular,8.0,12anp2_20211228_164011_2069341013_600_800.png,/scratch/parceirosbr/bigoilict/share/BigOil/document_generator/datasets/documents_2021_12_28/12anp2_20211228_164011_2069341013_600_800.png,12anp2_20211228_164011_2069341013_600_800_mask.png,290.87
13,5,27,10,506,247,533,257,506,247,533,247,533,257,506,257,sub_line_text,table_text,table_0,opensans,regular,8.0,12anp2_20211228_164011_2069341013_600_800.png,/scratch/parceirosbr/bigoilict/share/BigOil/document_generator/datasets/documents_2021_12_28/12anp2_20211228_164011_2069341013_600_800.png,12anp2_20211228_164011_2069341013_600_800_mask.png,290.87
13,5,27,10,506,260,533,270,506,260,533,260,533,270,506,270,text,table_text,table_0,opensans,regular,8.0,12anp2_20211228_164011_2069341013_600_800.png,/scratch/parceirosbr/bigoilict/share/BigOil/document_generator/datasets/documents_2021_12_28/12anp2_20211228_164011_2069341013_600_800.png,12anp2_20211228_164011_2069341013_600_800_mask.png,704.84
13,5,27,10,506,260,533,270,506,260,533,260,533,270,506,270,sub_line_text,table_text,table_0,opensans,regular,8.0,12anp2_20211228_164011_2069341013_600_800.png,/scratch/parceirosbr/bigoilict/share/BigOil/document_generator/datasets/documents_2021_12_28/12anp2_20211228_164011_2069341013_600_800.png,12anp2_20211228_164011_2069341013_600_800_mask.png,704.84
13,5,27,10,506,273,533,283,506,273,533,273,533,283,506,283,text,table_text,table_0,opensans,regular,8.0,12anp2_20211228_164011_2069341013_600_800.png,/scratch/parceirosbr/bigoilict/share/BigOil/document_generator/datasets/documents_2021_12_28/12anp2_20211228_164011_2069341013_600_800.png,12anp2_20211228_164011_2069341013_600_800_mask.png,831.61
13,5,27,10,506,273,533,283,506,273,533,273,533,283,506,283,sub_line_text,table_text,table_0,opensans,regular,8.0,12anp2_20211228_164011_2069341013_600_800.png,/scratch/parceirosbr/bigoilict/share/BigOil/document_generator/datasets/documents_2021_12_28/12anp2_20211228_164011_2069341013_600_800.png,12anp2_20211228_164011_2069341013_600_800_mask.png,831.61
13,5,27,10,506,286,533,296,506,286,533,286,533,296,506,296,text,table_text,table_0,opensans,regular,8.0,12anp2_20211228_164011_2069341013_600_800.png,/scratch/parceirosbr/bigoilict/share/BigOil/document_generator/datasets/documents_2021_12_28/12anp2_20211228_164011_2069341013_600_800.png,12anp2_20211228_164011_2069341013_600_800_mask.png,974.68
13,5,27,10,506,286,533,296,506,286,533,286,533,296,506,296,sub_line_text,table_text,table_0,opensans,regular,8.0,12anp2_20211228_164011_2069341013_600_800.png,/scratch/parceirosbr/bigoilict/share/BigOil/document_generator/datasets/documents_2021_12_28/12anp2_20211228_164011_2069341013_600_800.png,12anp2_20211228_164011_2069341013_600_800_mask.png,974.68
8,5,17,10,516,299,533,309,516,299,533,299,533,309,516,309,text,table_text,table_0,opensans,regular,8.0,12anp2_20211228_164011_2069341013_600_800.png,/scratch/parceirosbr/bigoilict/share/BigOil/document_generator/datasets/documents_2021_12_28/12anp2_20211228_164011_2069341013_600_800.png,12anp2_20211228_164011_2069341013_600_800_mask.png,1.00
8,5,17,10,516,299,533,309,516,299,533,299,533,309,516,309,sub_line_text,table_text,table_0,opensans,regular,8.0,12anp2_20211228_164011_2069341013_600_800.png,/scratch/parceirosbr/bigoilict/share/BigOil/document_generator/datasets/documents_2021_12_28/12anp2_20211228_164011_2069341013_600_800.png,12anp2_20211228_164011_2069341013_600_800_mask.png,1.00
11,5,22,10,511,312,533,322,511,312,533,312,533,322,511,322,text,table_text,table_0,opensans,regular,8.0,12anp2_20211228_164011_2069341013_600_800.png,/scratch/parceirosbr/bigoilict/share/BigOil/document_generator/datasets/documents_2021_12_28/12anp2_20211228_164011_2069341013_600_800.png,12anp2_20211228_164011_2069341013_600_800_mask.png,61.34
11,5,22,10,511,312,533,322,511,312,533,312,533,322,511,322,sub_line_text,table_text,table_0,opensans,regular,8.0,12anp2_20211228_164011_2069341013_600_800.png,/scratch/parceirosbr/bigoilict/share/BigOil/document_generator/datasets/documents_2021_12_28/12anp2_20211228_164011_2069341013_600_800.png,12anp2_20211228_164011_2069341013_600_800_mask.png,61.34
13,5,27,10,506,325,533,335,506,325,533,325,533,335,506,335,text,table_text,table_0,opensans,regular,8.0,12anp2_20211228_164011_2069341013_600_800.png,/scratch/parceirosbr/bigoilict/share/BigOil/document_generator/datasets/documents_2021_12_28/12anp2_20211228_164011_2069341013_600_800.png,12anp2_20211228_164011_2069341013_600_800_mask.png,952.03
13,5,27,10,506,325,533,335,506,325,533,325,533,335,506,335,sub_line_text,table_text,table_0,opensans,regular,8.0,12anp2_20211228_164011_2069341013_600_800.png,/scratch/parceirosbr/bigoilict/share/BigOil/document_generator/datasets/documents_2021_12_28/12anp2_20211228_164011_2069341013_600_800.png,12anp2_20211228_164011_2069341013_600_800_mask.png,952.03
13,5,27,10,506,338,533,348,506,338,533,338,533,348,506,348,text,table_text,table_0,opensans,regular,8.0,12anp2_20211228_164011_2069341013_600_800.png,/scratch/parceirosbr/bigoilict/share/BigOil/document_generator/datasets/documents_2021_12_28/12anp2_20211228_164011_2069341013_600_800.png,12anp2_20211228_164011_2069341013_600_800_mask.png,261.29
13,5,27,10,506,338,533,348,506,338,533,338,533,348,506,348,sub_line_text,table_text,table_0,opensans,regular,8.0,12anp2_20211228_164011_2069341013_600_800.png,/scratch/parceirosbr/bigoilict/share/BigOil/document_generator/datasets/documents_2021_12_28/12anp2_20211228_164011_2069341013_600_800.png,12anp2_20211228_164011_2069341013_600_800_mask.png,261.29
236,107,473,215,69,379,542,594,69,379,542,379,542,594,69,594,table,table_image,table_2,,,,12anp2_20211228_164011_2069341013_600_800.png,/scratch/parceirosbr/bigoilict/share/BigOil/document_generator/datasets/documents_2021_12_28/12anp2_20211228_164011_2069341013_600_800.png,12anp2_20211228_164011_2069341013_600_800_mask.png,output/gen_tab_20211228_164018_9752882984.png
16,5,32,10,99,383,131,393,99,383,131,383,131,393,99,393,text,table_text,table_2,raleway,bold,8.0,12anp2_20211228_164011_2069341013_600_800.png,/scratch/parceirosbr/bigoilict/share/BigOil/document_generator/datasets/documents_2021_12_28/12anp2_20211228_164011_2069341013_600_800.png,12anp2_20211228_164011_2069341013_600_800_mask.png,descrito
16,5,32,10,99,383,131,393,99,383,131,383,131,393,99,393,sub_line_text,table_text,table_2,raleway,bold,8.0,12anp2_20211228_164011_2069341013_600_800.png,/scratch/parceirosbr/bigoilict/share/BigOil/document_generator/datasets/documents_2021_12_28/12anp2_20211228_164011_2069341013_600_800.png,12anp2_20211228_164011_2069341013_600_800_mask.png,descrito
10,5,20,10,105,394,125,404,105,394,125,394,125,404,105,404,text,table_text,table_2,raleway,bold,8.0,12anp2_20211228_164011_2069341013_600_800.png,/scratch/parceirosbr/bigoilict/share/BigOil/document_generator/datasets/documents_2021_12_28/12anp2_20211228_164011_2069341013_600_800.png,12anp2_20211228_164011_2069341013_600_800_mask.png,pode
10,5,20,10,105,394,125,404,105,394,125,394,125,404,105,404,sub_line_text,table_text,table_2,raleway,bold,8.0,12anp2_20211228_164011_2069341013_600_800.png,/scratch/parceirosbr/bigoilict/share/BigOil/document_generator/datasets/documents_2021_12_28/12anp2_20211228_164011_2069341013_600_800.png,12anp2_20211228_164011_2069341013_600_800_mask.png,pode
11,5,22,10,103,410,125,420,103,410,125,410,125,420,103,420,text,table_text,table_2,raleway,regular,8.0,12anp2_20211228_164011_2069341013_600_800.png,/scratch/parceirosbr/bigoilict/share/BigOil/document_generator/datasets/documents_2021_12_28/12anp2_20211228_164011_2069341013_600_800.png,12anp2_20211228_164011_2069341013_600_800_mask.png,Como
11,5,22,10,103,410,125,420,103,410,125,410,125,420,103,420,sub_line_text,table_text,table_2,raleway,regular,8.0,12anp2_20211228_164011_2069341013_600_800.png,/scratch/parceirosbr/bigoilict/share/BigOil/document_generator/datasets/documents_2021_12_28/12anp2_20211228_164011_2069341013_600_800.png,12anp2_20211228_164011_2069341013_600_800_mask.png,Como
15,5,31,10,99,423,130,433,99,423,130,423,130,433,99,433,text,table_text,table_2,raleway,regular,8.0,12anp2_20211228_164011_2069341013_600_800.png,/scratch/parceirosbr/bigoilict/share/BigOil/document_generator/datasets/documents_2021_12_28/12anp2_20211228_164011_2069341013_600_800.png,12anp2_20211228_164011_2069341013_600_800_mask.png,hidratos
15,5,31,10,99,423,130,433,99,423,130,423,130,433,99,433,sub_line_text,table_text,table_2,raleway,regular,8.0,12anp2_20211228_164011_2069341013_600_800.png,/scratch/parceirosbr/bigoilict/share/BigOil/document_generator/datasets/documents_2021_12_28/12anp2_20211228_164011_2069341013_600_800.png,12anp2_20211228_164011_2069341013_600_800_mask.png,hidratos
11,5,22,10,103,436,125,446,103,436,125,436,125,446,103,446,text,table_text,table_2,raleway,regular,8.0,12anp2_20211228_164011_2069341013_600_800.png,/scratch/parceirosbr/bigoilict/share/BigOil/document_generator/datasets/documents_2021_12_28/12anp2_20211228_164011_2069341013_600_800.png,12anp2_20211228_164011_2069341013_600_800_mask.png,berço
11,5,22,10,103,436,125,446,103,436,125,436,125,446,103,446,sub_line_text,table_text,table_2,raleway,regular,8.0,12anp2_20211228_164011_2069341013_600_800.png,/scratch/parceirosbr/bigoilict/share/BigOil/document_generator/datasets/documents_2021_12_28/12anp2_20211228_164011_2069341013_600_800.png,12anp2_20211228_164011_2069341013_600_800_mask.png,berço
12,5,25,10,102,449,127,459,102,449,127,449,127,459,102,459,text,table_text,table_2,raleway,regular,8.0,12anp2_20211228_164011_2069341013_600_800.png,/scratch/parceirosbr/bigoilict/share/BigOil/document_generator/datasets/documents_2021_12_28/12anp2_20211228_164011_2069341013_600_800.png,12anp2_20211228_164011_2069341013_600_800_mask.png,custos
12,5,25,10,102,449,127,459,102,449,127,449,127,459,102,459,sub_line_text,table_text,table_2,raleway,regular,8.0,12anp2_20211228_164011_2069341013_600_800.png,/scratch/parceirosbr/bigoilict/share/BigOil/document_generator/datasets/documents_2021_12_28/12anp2_20211228_164011_2069341013_600_800.png,12anp2_20211228_164011_2069341013_600_800_mask.png,custos
14,5,28,10,101,462,129,472,101,462,129,462,129,472,101,472,text,table_text,table_2,raleway,regular,8.0,12anp2_20211228_164011_2069341013_600_800.png,/scratch/parceirosbr/bigoilict/share/BigOil/document_generator/datasets/documents_2021_12_28/12anp2_20211228_164011_2069341013_600_800.png,12anp2_20211228_164011_2069341013_600_800_mask.png,mistura
14,5,28,10,101,462,129,472,101,462,129,462,129,472,101,472,sub_line_text,table_text,table_2,raleway,regular,8.0,12anp2_20211228_164011_2069341013_600_800.png,/scratch/parceirosbr/bigoilict/share/BigOil/document_generator/datasets/documents_2021_12_28/12anp2_20211228_164011_2069341013_600_800.png,12anp2_20211228_164011_2069341013_600_800_mask.png,mistura
15,5,31,10,99,475,130,485,99,475,130,475,130,485,99,485,text,table_text,table_2,raleway,regular,8.0,12anp2_20211228_164011_2069341013_600_800.png,/scratch/parceirosbr/bigoilict/share/BigOil/document_generator/datasets/documents_2021_12_28/12anp2_20211228_164011_2069341013_600_800.png,12anp2_20211228_164011_2069341013_600_800_mask.png,gasolina
15,5,31,10,99,475,130,485,99,475,130,475,130,485,99,485,sub_line_text,table_text,table_2,raleway,regular,8.0,12anp2_20211228_164011_2069341013_600_800.png,/scratch/parceirosbr/bigoilict/share/BigOil/document_generator/datasets/documents_2021_12_28/12anp2_20211228_164011_2069341013_600_800.png,12anp2_20211228_164011_2069341013_600_800_mask.png,gasolina
5,5,10,10,109,488,119,498,109,488,119,488,119,498,109,498,text,table_text,table_2,raleway,regular,8.0,12anp2_20211228_164011_2069341013_600_800.png,/scratch/parceirosbr/bigoilict/share/BigOil/document_generator/datasets/documents_2021_12_28/12anp2_20211228_164011_2069341013_600_800.png,12anp2_20211228_164011_2069341013_600_800_mask.png,no
5,5,10,10,109,488,119,498,109,488,119,488,119,498,109,498,sub_line_text,table_text,table_2,raleway,regular,8.0,12anp2_20211228_164011_2069341013_600_800.png,/scratch/parceirosbr/bigoilict/share/BigOil/document_generator/datasets/documents_2021_12_28/12anp2_20211228_164011_2069341013_600_800.png,12anp2_20211228_164011_2069341013_600_800_mask.png,no
13,5,26,10,101,501,127,511,101,501,127,501,127,511,101,511,text,table_text,table_2,raleway,regular,8.0,12anp2_20211228_164011_2069341013_600_800.png,/scratch/parceirosbr/bigoilict/share/BigOil/document_generator/datasets/documents_2021_12_28/12anp2_20211228_164011_2069341013_600_800.png,12anp2_20211228_164011_2069341013_600_800_mask.png,dessas
13,5,26,10,101,501,127,511,101,501,127,501,127,511,101,511,sub_line_text,table_text,table_2,raleway,regular,8.0,12anp2_20211228_164011_2069341013_600_800.png,/scratch/parceirosbr/bigoilict/share/BigOil/document_generator/datasets/documents_2021_12_28/12anp2_20211228_164011_2069341013_600_800.png,12anp2_20211228_164011_2069341013_600_800_mask.png,dessas
12,5,24,10,103,514,127,524,103,514,127,514,127,524,103,524,text,table_text,table_2,raleway,regular,8.0,12anp2_20211228_164011_2069341013_600_800.png,/scratch/parceirosbr/bigoilict/share/BigOil/document_generator/datasets/documents_2021_12_28/12anp2_20211228_164011_2069341013_600_800.png,12anp2_20211228_164011_2069341013_600_800_mask.png,testes
12,5,24,10,103,514,127,524,103,514,127,514,127,524,103,524,sub_line_text,table_text,table_2,raleway,regular,8.0,12anp2_20211228_164011_2069341013_600_800.png,/scratch/parceirosbr/bigoilict/share/BigOil/document_generator/datasets/documents_2021_12_28/12anp2_20211228_164011_2069341013_600_800.png,12anp2_20211228_164011_2069341013_600_800_mask.png,testes
20,5,41,10,94,527,135,537,94,527,135,527,135,537,94,537,text,table_text,table_2,raleway,regular,8.0,12anp2_20211228_164011_2069341013_600_800.png,/scratch/parceirosbr/bigoilict/share/BigOil/document_generator/datasets/documents_2021_12_28/12anp2_20211228_164011_2069341013_600_800.png,12anp2_20211228_164011_2069341013_600_800_mask.png,energética
20,5,41,10,94,527,135,537,94,527,135,527,135,537,94,537,sub_line_text,table_text,table_2,raleway,regular,8.0,12anp2_20211228_164011_2069341013_600_800.png,/scratch/parceirosbr/bigoilict/share/BigOil/document_generator/datasets/documents_2021_12_28/12anp2_20211228_164011_2069341013_600_800.png,12anp2_20211228_164011_2069341013_600_800_mask.png,energética
12,5,24,10,103,540,127,550,103,540,127,540,127,550,103,550,text,table_text,table_2,raleway,regular,8.0,12anp2_20211228_164011_2069341013_600_800.png,/scratch/parceirosbr/bigoilict/share/BigOil/document_generator/datasets/documents_2021_12_28/12anp2_20211228_164011_2069341013_600_800.png,12anp2_20211228_164011_2069341013_600_800_mask.png,geram
12,5,24,10,103,540,127,550,103,540,127,540,127,550,103,550,sub_line_text,table_text,table_2,raleway,regular,8.0,12anp2_20211228_164011_2069341013_600_800.png,/scratch/parceirosbr/bigoilict/share/BigOil/document_generator/datasets/documents_2021_12_28/12anp2_20211228_164011_2069341013_600_800.png,12anp2_20211228_164011_2069341013_600_800_mask.png,geram
17,5,34,10,97,553,131,563,97,553,131,553,131,563,97,563,text,table_text,table_2,raleway,regular,8.0,12anp2_20211228_164011_2069341013_600_800.png,/scratch/parceirosbr/bigoilict/share/BigOil/document_generator/datasets/documents_2021_12_28/12anp2_20211228_164011_2069341013_600_800.png,12anp2_20211228_164011_2069341013_600_800_mask.png,amostras
17,5,34,10,97,553,131,563,97,553,131,553,131,563,97,563,sub_line_text,table_text,table_2,raleway,regular,8.0,12anp2_20211228_164011_2069341013_600_800.png,/scratch/parceirosbr/bigoilict/share/BigOil/document_generator/datasets/documents_2021_12_28/12anp2_20211228_164011_2069341013_600_800.png,12anp2_20211228_164011_2069341013_600_800_mask.png,amostras
5,5,10,10,109,566,119,576,109,566,119,566,119,576,109,576,text,table_text,table_2,raleway,regular,8.0,12anp2_20211228_164011_2069341013_600_800.png,/scratch/parceirosbr/bigoilict/share/BigOil/document_generator/datasets/documents_2021_12_28/12anp2_20211228_164011_2069341013_600_800.png,12anp2_20211228_164011_2069341013_600_800_mask.png,ou
5,5,10,10,109,566,119,576,109,566,119,566,119,576,109,576,sub_line_text,table_text,table_2,raleway,regular,8.0,12anp2_20211228_164011_2069341013_600_800.png,/scratch/parceirosbr/bigoilict/share/BigOil/document_generator/datasets/documents_2021_12_28/12anp2_20211228_164011_2069341013_600_800.png,12anp2_20211228_164011_2069341013_600_800_mask.png,ou
8,5,17,10,297,579,314,589,297,579,314,579,314,589,297,589,text,table_text,table_2,raleway,regular,8.0,12anp2_20211228_164011_2069341013_600_800.png,/scratch/parceirosbr/bigoilict/share/BigOil/document_generator/datasets/documents_2021_12_28/12anp2_20211228_164011_2069341013_600_800.png,12anp2_20211228_164011_2069341013_600_800_mask.png,este
8,5,17,10,297,579,314,589,297,579,314,579,314,589,297,589,sub_line_text,table_text,table_2,raleway,regular,8.0,12anp2_20211228_164011_2069341013_600_800.png,/scratch/parceirosbr/bigoilict/share/BigOil/document_generator/datasets/documents_2021_12_28/12anp2_20211228_164011_2069341013_600_800.png,12anp2_20211228_164011_2069341013_600_800_mask.png,este
4,5,8,10,208,383,216,393,208,383,216,383,216,393,208,393,text,table_text,table_2,raleway,bold,8.0,12anp2_20211228_164011_2069341013_600_800.png,/scratch/parceirosbr/bigoilict/share/BigOil/document_generator/datasets/documents_2021_12_28/12anp2_20211228_164011_2069341013_600_800.png,12anp2_20211228_164011_2069341013_600_800_mask.png,já
4,5,8,10,208,383,216,393,208,383,216,383,216,393,208,393,sub_line_text,table_text,table_2,raleway,bold,8.0,12anp2_20211228_164011_2069341013_600_800.png,/scratch/parceirosbr/bigoilict/share/BigOil/document_generator/datasets/documents_2021_12_28/12anp2_20211228_164011_2069341013_600_800.png,12anp2_20211228_164011_2069341013_600_800_mask.png,já
8,5,16,10,200,394,216,404,200,394,216,394,216,404,200,404,text,table_text,table_2,raleway,bold,8.0,12anp2_20211228_164011_2069341013_600_800.png,/scratch/parceirosbr/bigoilict/share/BigOil/document_generator/datasets/documents_2021_12_28/12anp2_20211228_164011_2069341013_600_800.png,12anp2_20211228_164011_2069341013_600_800_mask.png,pois
8,5,16,10,200,394,216,404,200,394,216,394,216,404,200,404,sub_line_text,table_text,table_2,raleway,bold,8.0,12anp2_20211228_164011_2069341013_600_800.png,/scratch/parceirosbr/bigoilict/share/BigOil/document_generator/datasets/documents_2021_12_28/12anp2_20211228_164011_2069341013_600_800.png,12anp2_20211228_164011_2069341013_600_800_mask.png,pois
7,5,15,10,201,410,216,420,201,410,216,410,216,420,201,420,text,table_text,table_2,raleway,regular,8.0,12anp2_20211228_164011_2069341013_600_800.png,/scratch/parceirosbr/bigoilict/share/BigOil/document_generator/datasets/documents_2021_12_28/12anp2_20211228_164011_2069341013_600_800.png,12anp2_20211228_164011_2069341013_600_800_mask.png,8.15
7,5,15,10,201,410,216,420,201,410,216,410,216,420,201,420,sub_line_text,table_text,table_2,raleway,regular,8.0,12anp2_20211228_164011_2069341013_600_800.png,/scratch/parceirosbr/bigoilict/share/BigOil/document_generator/datasets/documents_2021_12_28/12anp2_20211228_164011_2069341013_600_800.png,12anp2_20211228_164011_2069341013_600_800_mask.png,8.15
8,5,16,10,200,423,216,433,200,423,216,423,216,433,200,433,text,table_text,table_2,raleway,regular,8.0,12anp2_20211228_164011_2069341013_600_800.png,/scratch/parceirosbr/bigoilict/share/BigOil/document_generator/datasets/documents_2021_12_28/12anp2_20211228_164011_2069341013_600_800.png,12anp2_20211228_164011_2069341013_600_800_mask.png,6.25
8,5,16,10,200,423,216,433,200,423,216,423,216,433,200,433,sub_line_text,table_text,table_2,raleway,regular,8.0,12anp2_20211228_164011_2069341013_600_800.png,/scratch/parceirosbr/bigoilict/share/BigOil/document_generator/datasets/documents_2021_12_28/12anp2_20211228_164011_2069341013_600_800.png,12anp2_20211228_164011_2069341013_600_800_mask.png,6.25
8,5,16,10,200,436,216,446,200,436,216,436,216,446,200,446,text,table_text,table_2,raleway,regular,8.0,12anp2_20211228_164011_2069341013_600_800.png,/scratch/parceirosbr/bigoilict/share/BigOil/document_generator/datasets/documents_2021_12_28/12anp2_20211228_164011_2069341013_600_800.png,12anp2_20211228_164011_2069341013_600_800_mask.png,7.04
8,5,16,10,200,436,216,446,200,436,216,436,216,446,200,446,sub_line_text,table_text,table_2,raleway,regular,8.0,12anp2_20211228_164011_2069341013_600_800.png,/scratch/parceirosbr/bigoilict/share/BigOil/document_generator/datasets/documents_2021_12_28/12anp2_20211228_164011_2069341013_600_800.png,12anp2_20211228_164011_2069341013_600_800_mask.png,7.04
7,5,15,10,201,449,216,459,201,449,216,449,216,459,201,459,text,table_text,table_2,raleway,regular,8.0,12anp2_20211228_164011_2069341013_600_800.png,/scratch/parceirosbr/bigoilict/share/BigOil/document_generator/datasets/documents_2021_12_28/12anp2_20211228_164011_2069341013_600_800.png,12anp2_20211228_164011_2069341013_600_800_mask.png,9.18
7,5,15,10,201,449,216,459,201,449,216,449,216,459,201,459,sub_line_text,table_text,table_2,raleway,regular,8.0,12anp2_20211228_164011_2069341013_600_800.png,/scratch/parceirosbr/bigoilict/share/BigOil/document_generator/datasets/documents_2021_12_28/12anp2_20211228_164011_2069341013_600_800.png,12anp2_20211228_164011_2069341013_600_800_mask.png,9.18
8,5,16,10,200,462,216,472,200,462,216,462,216,472,200,472,text,table_text,table_2,raleway,regular,8.0,12anp2_20211228_164011_2069341013_600_800.png,/scratch/parceirosbr/bigoilict/share/BigOil/document_generator/datasets/documents_2021_12_28/12anp2_20211228_164011_2069341013_600_800.png,12anp2_20211228_164011_2069341013_600_800_mask.png,9.54
8,5,16,10,200,462,216,472,200,462,216,462,216,472,200,472,sub_line_text,table_text,table_2,raleway,regular,8.0,12anp2_20211228_164011_2069341013_600_800.png,/scratch/parceirosbr/bigoilict/share/BigOil/document_generator/datasets/documents_2021_12_28/12anp2_20211228_164011_2069341013_600_800.png,12anp2_20211228_164011_2069341013_600_800_mask.png,9.54
8,5,16,10,200,475,216,485,200,475,216,475,216,485,200,485,text,table_text,table_2,raleway,regular,8.0,12anp2_20211228_164011_2069341013_600_800.png,/scratch/parceirosbr/bigoilict/share/BigOil/document_generator/datasets/documents_2021_12_28/12anp2_20211228_164011_2069341013_600_800.png,12anp2_20211228_164011_2069341013_600_800_mask.png,9.83
8,5,16,10,200,475,216,485,200,475,216,475,216,485,200,485,sub_line_text,table_text,table_2,raleway,regular,8.0,12anp2_20211228_164011_2069341013_600_800.png,/scratch/parceirosbr/bigoilict/share/BigOil/document_generator/datasets/documents_2021_12_28/12anp2_20211228_164011_2069341013_600_800.png,12anp2_20211228_164011_2069341013_600_800_mask.png,9.83
7,5,14,10,202,488,216,498,202,488,216,488,216,498,202,498,text,table_text,table_2,raleway,regular,8.0,12anp2_20211228_164011_2069341013_600_800.png,/scratch/parceirosbr/bigoilict/share/BigOil/document_generator/datasets/documents_2021_12_28/12anp2_20211228_164011_2069341013_600_800.png,12anp2_20211228_164011_2069341013_600_800_mask.png,7.19
7,5,14,10,202,488,216,498,202,488,216,488,216,498,202,498,sub_line_text,table_text,table_2,raleway,regular,8.0,12anp2_20211228_164011_2069341013_600_800.png,/scratch/parceirosbr/bigoilict/share/BigOil/document_generator/datasets/documents_2021_12_28/12anp2_20211228_164011_2069341013_600_800.png,12anp2_20211228_164011_2069341013_600_800_mask.png,7.19
7,5,14,10,202,501,216,511,202,501,216,501,216,511,202,511,text,table_text,table_2,raleway,regular,8.0,12anp2_20211228_164011_2069341013_600_800.png,/scratch/parceirosbr/bigoilict/share/BigOil/document_generator/datasets/documents_2021_12_28/12anp2_20211228_164011_2069341013_600_800.png,12anp2_20211228_164011_2069341013_600_800_mask.png,4.41
7,5,14,10,202,501,216,511,202,501,216,501,216,511,202,511,sub_line_text,table_text,table_2,raleway,regular,8.0,12anp2_20211228_164011_2069341013_600_800.png,/scratch/parceirosbr/bigoilict/share/BigOil/document_generator/datasets/documents_2021_12_28/12anp2_20211228_164011_2069341013_600_800.png,12anp2_20211228_164011_2069341013_600_800_mask.png,4.41
8,5,16,10,200,514,216,524,200,514,216,514,216,524,200,524,text,table_text,table_2,raleway,regular,8.0,12anp2_20211228_164011_2069341013_600_800.png,/scratch/parceirosbr/bigoilict/share/BigOil/document_generator/datasets/documents_2021_12_28/12anp2_20211228_164011_2069341013_600_800.png,12anp2_20211228_164011_2069341013_600_800_mask.png,7.64
8,5,16,10,200,514,216,524,200,514,216,514,216,524,200,524,sub_line_text,table_text,table_2,raleway,regular,8.0,12anp2_20211228_164011_2069341013_600_800.png,/scratch/parceirosbr/bigoilict/share/BigOil/document_generator/datasets/documents_2021_12_28/12anp2_20211228_164011_2069341013_600_800.png,12anp2_20211228_164011_2069341013_600_800_mask.png,7.64
7,5,14,10,202,527,216,537,202,527,216,527,216,537,202,537,text,table_text,table_2,raleway,regular,8.0,12anp2_20211228_164011_2069341013_600_800.png,/scratch/parceirosbr/bigoilict/share/BigOil/document_generator/datasets/documents_2021_12_28/12anp2_20211228_164011_2069341013_600_800.png,12anp2_20211228_164011_2069341013_600_800_mask.png,7.19
7,5,14,10,202,527,216,537,202,527,216,527,216,537,202,537,sub_line_text,table_text,table_2,raleway,regular,8.0,12anp2_20211228_164011_2069341013_600_800.png,/scratch/parceirosbr/bigoilict/share/BigOil/document_generator/datasets/documents_2021_12_28/12anp2_20211228_164011_2069341013_600_800.png,12anp2_20211228_164011_2069341013_600_800_mask.png,7.19
7,5,14,10,202,540,216,550,202,540,216,540,216,550,202,550,text,table_text,table_2,raleway,regular,8.0,12anp2_20211228_164011_2069341013_600_800.png,/scratch/parceirosbr/bigoilict/share/BigOil/document_generator/datasets/documents_2021_12_28/12anp2_20211228_164011_2069341013_600_800.png,12anp2_20211228_164011_2069341013_600_800_mask.png,1.27
7,5,14,10,202,540,216,550,202,540,216,540,216,550,202,550,sub_line_text,table_text,table_2,raleway,regular,8.0,12anp2_20211228_164011_2069341013_600_800.png,/scratch/parceirosbr/bigoilict/share/BigOil/document_generator/datasets/documents_2021_12_28/12anp2_20211228_164011_2069341013_600_800.png,12anp2_20211228_164011_2069341013_600_800_mask.png,1.27
8,5,16,10,200,553,216,563,200,553,216,553,216,563,200,563,text,table_text,table_2,raleway,regular,8.0,12anp2_20211228_164011_2069341013_600_800.png,/scratch/parceirosbr/bigoilict/share/BigOil/document_generator/datasets/documents_2021_12_28/12anp2_20211228_164011_2069341013_600_800.png,12anp2_20211228_164011_2069341013_600_800_mask.png,4.98
8,5,16,10,200,553,216,563,200,553,216,553,216,563,200,563,sub_line_text,table_text,table_2,raleway,regular,8.0,12anp2_20211228_164011_2069341013_600_800.png,/scratch/parceirosbr/bigoilict/share/BigOil/document_generator/datasets/documents_2021_12_28/12anp2_20211228_164011_2069341013_600_800.png,12anp2_20211228_164011_2069341013_600_800_mask.png,4.98
7,5,15,10,201,566,216,576,201,566,216,566,216,576,201,576,text,table_text,table_2,raleway,regular,8.0,12anp2_20211228_164011_2069341013_600_800.png,/scratch/parceirosbr/bigoilict/share/BigOil/document_generator/datasets/documents_2021_12_28/12anp2_20211228_164011_2069341013_600_800.png,12anp2_20211228_164011_2069341013_600_800_mask.png,7.82
7,5,15,10,201,566,216,576,201,566,216,566,216,576,201,576,sub_line_text,table_text,table_2,raleway,regular,8.0,12anp2_20211228_164011_2069341013_600_800.png,/scratch/parceirosbr/bigoilict/share/BigOil/document_generator/datasets/documents_2021_12_28/12anp2_20211228_164011_2069341013_600_800.png,12anp2_20211228_164011_2069341013_600_800_mask.png,7.82
14,5,29,10,238,383,267,393,238,383,267,383,267,393,238,393,text,table_text,table_2,raleway,bold,8.0,12anp2_20211228_164011_2069341013_600_800.png,/scratch/parceirosbr/bigoilict/share/BigOil/document_generator/datasets/documents_2021_12_28/12anp2_20211228_164011_2069341013_600_800.png,12anp2_20211228_164011_2069341013_600_800_mask.png,medida
14,5,29,10,238,383,267,393,238,383,267,383,267,393,238,393,sub_line_text,table_text,table_2,raleway,bold,8.0,12anp2_20211228_164011_2069341013_600_800.png,/scratch/parceirosbr/bigoilict/share/BigOil/document_generator/datasets/documents_2021_12_28/12anp2_20211228_164011_2069341013_600_800.png,12anp2_20211228_164011_2069341013_600_800_mask.png,medida
7,5,15,10,252,394,267,404,252,394,267,394,267,404,252,404,text,table_text,table_2,raleway,bold,8.0,12anp2_20211228_164011_2069341013_600_800.png,/scratch/parceirosbr/bigoilict/share/BigOil/document_generator/datasets/documents_2021_12_28/12anp2_20211228_164011_2069341013_600_800.png,12anp2_20211228_164011_2069341013_600_800_mask.png,que
7,5,15,10,252,394,267,404,252,394,267,394,267,404,252,404,sub_line_text,table_text,table_2,raleway,bold,8.0,12anp2_20211228_164011_2069341013_600_800.png,/scratch/parceirosbr/bigoilict/share/BigOil/document_generator/datasets/documents_2021_12_28/12anp2_20211228_164011_2069341013_600_800.png,12anp2_20211228_164011_2069341013_600_800_mask.png,que
10,5,21,10,246,410,267,420,246,410,267,410,267,420,246,420,text,table_text,table_2,raleway,regular,8.0,12anp2_20211228_164011_2069341013_600_800.png,/scratch/parceirosbr/bigoilict/share/BigOil/document_generator/datasets/documents_2021_12_28/12anp2_20211228_164011_2069341013_600_800.png,12anp2_20211228_164011_2069341013_600_800_mask.png,508.7
10,5,21,10,246,410,267,420,246,410,267,410,267,420,246,420,sub_line_text,table_text,table_2,raleway,regular,8.0,12anp2_20211228_164011_2069341013_600_800.png,/scratch/parceirosbr/bigoilict/share/BigOil/document_generator/datasets/documents_2021_12_28/12anp2_20211228_164011_2069341013_600_800.png,12anp2_20211228_164011_2069341013_600_800_mask.png,508.7
13,5,26,10,241,423,267,433,241,423,267,423,267,433,241,433,text,table_text,table_2,raleway,regular,8.0,12anp2_20211228_164011_2069341013_600_800.png,/scratch/parceirosbr/bigoilict/share/BigOil/document_generator/datasets/documents_2021_12_28/12anp2_20211228_164011_2069341013_600_800.png,12anp2_20211228_164011_2069341013_600_800_mask.png,62517.1
13,5,26,10,241,423,267,433,241,423,267,423,267,433,241,433,sub_line_text,table_text,table_2,raleway,regular,8.0,12anp2_20211228_164011_2069341013_600_800.png,/scratch/parceirosbr/bigoilict/share/BigOil/document_generator/datasets/documents_2021_12_28/12anp2_20211228_164011_2069341013_600_800.png,12anp2_20211228_164011_2069341013_600_800_mask.png,62517.1
12,5,24,10,243,436,267,446,243,436,267,436,267,446,243,446,text,table_text,table_2,raleway,regular,8.0,12anp2_20211228_164011_2069341013_600_800.png,/scratch/parceirosbr/bigoilict/share/BigOil/document_generator/datasets/documents_2021_12_28/12anp2_20211228_164011_2069341013_600_800.png,12anp2_20211228_164011_2069341013_600_800_mask.png,6225.5
12,5,24,10,243,436,267,446,243,436,267,436,267,446,243,446,sub_line_text,table_text,table_2,raleway,regular,8.0,12anp2_20211228_164011_2069341013_600_800.png,/scratch/parceirosbr/bigoilict/share/BigOil/document_generator/datasets/documents_2021_12_28/12anp2_20211228_164011_2069341013_600_800.png,12anp2_20211228_164011_2069341013_600_800_mask.png,6225.5
12,5,24,10,243,449,267,459,243,449,267,449,267,459,243,459,text,table_text,table_2,raleway,regular,8.0,12anp2_20211228_164011_2069341013_600_800.png,/scratch/parceirosbr/bigoilict/share/BigOil/document_generator/datasets/documents_2021_12_28/12anp2_20211228_164011_2069341013_600_800.png,12anp2_20211228_164011_2069341013_600_800_mask.png,1997.4
12,5,24,10,243,449,267,459,243,449,267,449,267,459,243,459,sub_line_text,table_text,table_2,raleway,regular,8.0,12anp2_20211228_164011_2069341013_600_800.png,/scratch/parceirosbr/bigoilict/share/BigOil/document_generator/datasets/documents_2021_12_28/12anp2_20211228_164011_2069341013_600_800.png,12anp2_20211228_164011_2069341013_600_800_mask.png,1997.4
10,5,20,10,247,462,267,472,247,462,267,462,267,472,247,472,text,table_text,table_2,raleway,regular,8.0,12anp2_20211228_164011_2069341013_600_800.png,/scratch/parceirosbr/bigoilict/share/BigOil/document_generator/datasets/documents_2021_12_28/12anp2_20211228_164011_2069341013_600_800.png,12anp2_20211228_164011_2069341013_600_800_mask.png,952.7
10,5,20,10,247,462,267,472,247,462,267,462,267,472,247,472,sub_line_text,table_text,table_2,raleway,regular,8.0,12anp2_20211228_164011_2069341013_600_800.png,/scratch/parceirosbr/bigoilict/share/BigOil/document_generator/datasets/documents_2021_12_28/12anp2_20211228_164011_2069341013_600_800.png,12anp2_20211228_164011_2069341013_600_800_mask.png,952.7
14,5,29,10,238,475,267,485,238,475,267,475,267,485,238,485,text,table_text,table_2,raleway,regular,8.0,12anp2_20211228_164011_2069341013_600_800.png,/scratch/parceirosbr/bigoilict/share/BigOil/document_generator/datasets/documents_2021_12_28/12anp2_20211228_164011_2069341013_600_800.png,12anp2_20211228_164011_2069341013_600_800_mask.png,39926.3
14,5,29,10,238,475,267,485,238,475,267,475,267,485,238,485,sub_line_text,table_text,table_2,raleway,regular,8.0,12anp2_20211228_164011_2069341013_600_800.png,/scratch/parceirosbr/bigoilict/share/BigOil/document_generator/datasets/documents_2021_12_28/12anp2_20211228_164011_2069341013_600_800.png,12anp2_20211228_164011_2069341013_600_800_mask.png,39926.3
14,5,28,10,239,488,267,498,239,488,267,488,267,498,239,498,text,table_text,table_2,raleway,regular,8.0,12anp2_20211228_164011_2069341013_600_800.png,/scratch/parceirosbr/bigoilict/share/BigOil/document_generator/datasets/documents_2021_12_28/12anp2_20211228_164011_2069341013_600_800.png,12anp2_20211228_164011_2069341013_600_800_mask.png,59748.2
14,5,28,10,239,488,267,498,239,488,267,488,267,498,239,498,sub_line_text,table_text,table_2,raleway,regular,8.0,12anp2_20211228_164011_2069341013_600_800.png,/scratch/parceirosbr/bigoilict/share/BigOil/document_generator/datasets/documents_2021_12_28/12anp2_20211228_164011_2069341013_600_800.png,12anp2_20211228_164011_2069341013_600_800_mask.png,59748.2
13,5,27,10,240,501,267,511,240,501,267,501,267,511,240,511,text,table_text,table_2,raleway,regular,8.0,12anp2_20211228_164011_2069341013_600_800.png,/scratch/parceirosbr/bigoilict/share/BigOil/document_generator/datasets/documents_2021_12_28/12anp2_20211228_164011_2069341013_600_800.png,12anp2_20211228_164011_2069341013_600_800_mask.png,21387.0
13,5,27,10,240,501,267,511,240,501,267,501,267,511,240,511,sub_line_text,table_text,table_2,raleway,regular,8.0,12anp2_20211228_164011_2069341013_600_800.png,/scratch/parceirosbr/bigoilict/share/BigOil/document_generator/datasets/documents_2021_12_28/12anp2_20211228_164011_2069341013_600_800.png,12anp2_20211228_164011_2069341013_600_800_mask.png,21387.0
12,5,24,10,243,514,267,524,243,514,267,514,267,524,243,524,text,table_text,table_2,raleway,regular,8.0,12anp2_20211228_164011_2069341013_600_800.png,/scratch/parceirosbr/bigoilict/share/BigOil/document_generator/datasets/documents_2021_12_28/12anp2_20211228_164011_2069341013_600_800.png,12anp2_20211228_164011_2069341013_600_800_mask.png,1029.4
12,5,24,10,243,514,267,524,243,514,267,514,267,524,243,524,sub_line_text,table_text,table_2,raleway,regular,8.0,12anp2_20211228_164011_2069341013_600_800.png,/scratch/parceirosbr/bigoilict/share/BigOil/document_generator/datasets/documents_2021_12_28/12anp2_20211228_164011_2069341013_600_800.png,12anp2_20211228_164011_2069341013_600_800_mask.png,1029.4
14,5,29,10,238,527,267,537,238,527,267,527,267,537,238,537,text,table_text,table_2,raleway,regular,8.0,12anp2_20211228_164011_2069341013_600_800.png,/scratch/parceirosbr/bigoilict/share/BigOil/document_generator/datasets/documents_2021_12_28/12anp2_20211228_164011_2069341013_600_800.png,12anp2_20211228_164011_2069341013_600_800_mask.png,52786.0
14,5,29,10,238,527,267,537,238,527,267,527,267,537,238,537,sub_line_text,table_text,table_2,raleway,regular,8.0,12anp2_20211228_164011_2069341013_600_800.png,/scratch/parceirosbr/bigoilict/share/BigOil/document_generator/datasets/documents_2021_12_28/12anp2_20211228_164011_2069341013_600_800.png,12anp2_20211228_164011_2069341013_600_800_mask.png,52786.0
13,5,26,10,241,540,267,550,241,540,267,540,267,550,241,550,text,table_text,table_2,raleway,regular,8.0,12anp2_20211228_164011_2069341013_600_800.png,/scratch/parceirosbr/bigoilict/share/BigOil/document_generator/datasets/documents_2021_12_28/12anp2_20211228_164011_2069341013_600_800.png,12anp2_20211228_164011_2069341013_600_800_mask.png,6894.4
13,5,26,10,241,540,267,550,241,540,267,540,267,550,241,550,sub_line_text,table_text,table_2,raleway,regular,8.0,12anp2_20211228_164011_2069341013_600_800.png,/scratch/parceirosbr/bigoilict/share/BigOil/document_generator/datasets/documents_2021_12_28/12anp2_20211228_164011_2069341013_600_800.png,12anp2_20211228_164011_2069341013_600_800_mask.png,6894.4
13,5,27,10,240,553,267,563,240,553,267,553,267,563,240,563,text,table_text,table_2,raleway,regular,8.0,12anp2_20211228_164011_2069341013_600_800.png,/scratch/parceirosbr/bigoilict/share/BigOil/document_generator/datasets/documents_2021_12_28/12anp2_20211228_164011_2069341013_600_800.png,12anp2_20211228_164011_2069341013_600_800_mask.png,42915.6
13,5,27,10,240,553,267,563,240,553,267,553,267,563,240,563,sub_line_text,table_text,table_2,raleway,regular,8.0,12anp2_20211228_164011_2069341013_600_800.png,/scratch/parceirosbr/bigoilict/share/BigOil/document_generator/datasets/documents_2021_12_28/12anp2_20211228_164011_2069341013_600_800.png,12anp2_20211228_164011_2069341013_600_800_mask.png,42915.6
12,5,24,10,243,566,267,576,243,566,267,566,267,576,243,576,text,table_text,table_2,raleway,regular,8.0,12anp2_20211228_164011_2069341013_600_800.png,/scratch/parceirosbr/bigoilict/share/BigOil/document_generator/datasets/documents_2021_12_28/12anp2_20211228_164011_2069341013_600_800.png,12anp2_20211228_164011_2069341013_600_800_mask.png,5458.0
12,5,24,10,243,566,267,576,243,566,267,566,267,576,243,576,sub_line_text,table_text,table_2,raleway,regular,8.0,12anp2_20211228_164011_2069341013_600_800.png,/scratch/parceirosbr/bigoilict/share/BigOil/document_generator/datasets/documents_2021_12_28/12anp2_20211228_164011_2069341013_600_800.png,12anp2_20211228_164011_2069341013_600_800_mask.png,5458.0
10,5,20,10,302,383,322,393,302,383,322,383,322,393,302,393,text,table_text,table_2,raleway,bold,8.0,12anp2_20211228_164011_2069341013_600_800.png,/scratch/parceirosbr/bigoilict/share/BigOil/document_generator/datasets/documents_2021_12_28/12anp2_20211228_164011_2069341013_600_800.png,12anp2_20211228_164011_2069341013_600_800_mask.png,setor
10,5,20,10,302,383,322,393,302,383,322,383,322,393,302,393,sub_line_text,table_text,table_2,raleway,bold,8.0,12anp2_20211228_164011_2069341013_600_800.png,/scratch/parceirosbr/bigoilict/share/BigOil/document_generator/datasets/documents_2021_12_28/12anp2_20211228_164011_2069341013_600_800.png,12anp2_20211228_164011_2069341013_600_800_mask.png,setor
21,5,42,10,280,394,322,404,280,394,322,394,322,404,280,404,text,table_text,table_2,raleway,bold,8.0,12anp2_20211228_164011_2069341013_600_800.png,/scratch/parceirosbr/bigoilict/share/BigOil/document_generator/datasets/documents_2021_12_28/12anp2_20211228_164011_2069341013_600_800.png,12anp2_20211228_164011_2069341013_600_800_mask.png,integradas
21,5,42,10,280,394,322,404,280,394,322,394,322,404,280,404,sub_line_text,table_text,table_2,raleway,bold,8.0,12anp2_20211228_164011_2069341013_600_800.png,/scratch/parceirosbr/bigoilict/share/BigOil/document_generator/datasets/documents_2021_12_28/12anp2_20211228_164011_2069341013_600_800.png,12anp2_20211228_164011_2069341013_600_800_mask.png,integradas
13,5,26,10,296,410,322,420,296,410,322,410,322,420,296,420,text,table_text,table_2,raleway,regular,8.0,12anp2_20211228_164011_2069341013_600_800.png,/scratch/parceirosbr/bigoilict/share/BigOil/document_generator/datasets/documents_2021_12_28/12anp2_20211228_164011_2069341013_600_800.png,12anp2_20211228_164011_2069341013_600_800_mask.png,6.0957
13,5,26,10,296,410,322,420,296,410,322,410,322,420,296,420,sub_line_text,table_text,table_2,raleway,regular,8.0,12anp2_20211228_164011_2069341013_600_800.png,/scratch/parceirosbr/bigoilict/share/BigOil/document_generator/datasets/documents_2021_12_28/12anp2_20211228_164011_2069341013_600_800.png,12anp2_20211228_164011_2069341013_600_800_mask.png,6.0957
12,5,25,10,297,423,322,433,297,423,322,423,322,433,297,433,text,table_text,table_2,raleway,regular,8.0,12anp2_20211228_164011_2069341013_600_800.png,/scratch/parceirosbr/bigoilict/share/BigOil/document_generator/datasets/documents_2021_12_28/12anp2_20211228_164011_2069341013_600_800.png,12anp2_20211228_164011_2069341013_600_800_mask.png,6.2388
12,5,25,10,297,423,322,433,297,423,322,423,322,433,297,433,sub_line_text,table_text,table_2,raleway,regular,8.0,12anp2_20211228_164011_2069341013_600_800.png,/scratch/parceirosbr/bigoilict/share/BigOil/document_generator/datasets/documents_2021_12_28/12anp2_20211228_164011_2069341013_600_800.png,12anp2_20211228_164011_2069341013_600_800_mask.png,6.2388
13,5,27,10,295,436,322,446,295,436,322,436,322,446,295,446,text,table_text,table_2,raleway,regular,8.0,12anp2_20211228_164011_2069341013_600_800.png,/scratch/parceirosbr/bigoilict/share/BigOil/document_generator/datasets/documents_2021_12_28/12anp2_20211228_164011_2069341013_600_800.png,12anp2_20211228_164011_2069341013_600_800_mask.png,6.9606
13,5,27,10,295,436,322,446,295,436,322,436,322,446,295,446,sub_line_text,table_text,table_2,raleway,regular,8.0,12anp2_20211228_164011_2069341013_600_800.png,/scratch/parceirosbr/bigoilict/share/BigOil/document_generator/datasets/documents_2021_12_28/12anp2_20211228_164011_2069341013_600_800.png,12anp2_20211228_164011_2069341013_600_800_mask.png,6.9606
11,5,23,10,299,449,322,459,299,449,322,449,322,459,299,459,text,table_text,table_2,raleway,regular,8.0,12anp2_20211228_164011_2069341013_600_800.png,/scratch/parceirosbr/bigoilict/share/BigOil/document_generator/datasets/documents_2021_12_28/12anp2_20211228_164011_2069341013_600_800.png,12anp2_20211228_164011_2069341013_600_800_mask.png,5.5476
11,5,23,10,299,449,322,459,299,449,322,449,322,459,299,459,sub_line_text,table_text,table_2,raleway,regular,8.0,12anp2_20211228_164011_2069341013_600_800.png,/scratch/parceirosbr/bigoilict/share/BigOil/document_generator/datasets/documents_2021_12_28/12anp2_20211228_164011_2069341013_600_800.png,12anp2_20211228_164011_2069341013_600_800_mask.png,5.5476
11,5,23,10,299,462,322,472,299,462,322,462,322,472,299,472,text,table_text,table_2,raleway,regular,8.0,12anp2_20211228_164011_2069341013_600_800.png,/scratch/parceirosbr/bigoilict/share/BigOil/document_generator/datasets/documents_2021_12_28/12anp2_20211228_164011_2069341013_600_800.png,12anp2_20211228_164011_2069341013_600_800_mask.png,7.5562
11,5,23,10,299,462,322,472,299,462,322,462,322,472,299,472,sub_line_text,table_text,table_2,raleway,regular,8.0,12anp2_20211228_164011_2069341013_600_800.png,/scratch/parceirosbr/bigoilict/share/BigOil/document_generator/datasets/documents_2021_12_28/12anp2_20211228_164011_2069341013_600_800.png,12anp2_20211228_164011_2069341013_600_800_mask.png,7.5562
12,5,24,10,298,475,322,485,298,475,322,475,322,485,298,485,text,table_text,table_2,raleway,regular,8.0,12anp2_20211228_164011_2069341013_600_800.png,/scratch/parceirosbr/bigoilict/share/BigOil/document_generator/datasets/documents_2021_12_28/12anp2_20211228_164011_2069341013_600_800.png,12anp2_20211228_164011_2069341013_600_800_mask.png,7.3769
12,5,24,10,298,475,322,485,298,475,322,475,322,485,298,485,sub_line_text,table_text,table_2,raleway,regular,8.0,12anp2_20211228_164011_2069341013_600_800.png,/scratch/parceirosbr/bigoilict/share/BigOil/document_generator/datasets/documents_2021_12_28/12anp2_20211228_164011_2069341013_600_800.png,12anp2_20211228_164011_2069341013_600_800_mask.png,7.3769
11,5,23,10,299,488,322,498,299,488,322,488,322,498,299,498,text,table_text,table_2,raleway,regular,8.0,12anp2_20211228_164011_2069341013_600_800.png,/scratch/parceirosbr/bigoilict/share/BigOil/document_generator/datasets/documents_2021_12_28/12anp2_20211228_164011_2069341013_600_800.png,12anp2_20211228_164011_2069341013_600_800_mask.png,1.1905
11,5,23,10,299,488,322,498,299,488,322,488,322,498,299,498,sub_line_text,table_text,table_2,raleway,regular,8.0,12anp2_20211228_164011_2069341013_600_800.png,/scratch/parceirosbr/bigoilict/share/BigOil/document_generator/datasets/documents_2021_12_28/12anp2_20211228_164011_2069341013_600_800.png,12anp2_20211228_164011_2069341013_600_800_mask.png,1.1905
12,5,25,10,297,501,322,511,297,501,322,501,322,511,297,511,text,table_text,table_2,raleway,regular,8.0,12anp2_20211228_164011_2069341013_600_800.png,/scratch/parceirosbr/bigoilict/share/BigOil/document_generator/datasets/documents_2021_12_28/12anp2_20211228_164011_2069341013_600_800.png,12anp2_20211228_164011_2069341013_600_800_mask.png,5.0494
12,5,25,10,297,501,322,511,297,501,322,501,322,511,297,511,sub_line_text,table_text,table_2,raleway,regular,8.0,12anp2_20211228_164011_2069341013_600_800.png,/scratch/parceirosbr/bigoilict/share/BigOil/document_generator/datasets/documents_2021_12_28/12anp2_20211228_164011_2069341013_600_800.png,12anp2_20211228_164011_2069341013_600_800_mask.png,5.0494
11,5,23,10,299,514,322,524,299,514,322,514,322,524,299,524,text,table_text,table_2,raleway,regular,8.0,12anp2_20211228_164011_2069341013_600_800.png,/scratch/parceirosbr/bigoilict/share/BigOil/document_generator/datasets/documents_2021_12_28/12anp2_20211228_164011_2069341013_600_800.png,12anp2_20211228_164011_2069341013_600_800_mask.png,9.1633
11,5,23,10,299,514,322,524,299,514,322,514,322,524,299,524,sub_line_text,table_text,table_2,raleway,regular,8.0,12anp2_20211228_164011_2069341013_600_800.png,/scratch/parceirosbr/bigoilict/share/BigOil/document_generator/datasets/documents_2021_12_28/12anp2_20211228_164011_2069341013_600_800.png,12anp2_20211228_164011_2069341013_600_800_mask.png,9.1633
11,5,22,10,300,527,322,537,300,527,322,527,322,537,300,537,text,table_text,table_2,raleway,regular,8.0,12anp2_20211228_164011_2069341013_600_800.png,/scratch/parceirosbr/bigoilict/share/BigOil/document_generator/datasets/documents_2021_12_28/12anp2_20211228_164011_2069341013_600_800.png,12anp2_20211228_164011_2069341013_600_800_mask.png,1.9452
11,5,22,10,300,527,322,537,300,527,322,527,322,537,300,537,sub_line_text,table_text,table_2,raleway,regular,8.0,12anp2_20211228_164011_2069341013_600_800.png,/scratch/parceirosbr/bigoilict/share/BigOil/document_generator/datasets/documents_2021_12_28/12anp2_20211228_164011_2069341013_600_800.png,12anp2_20211228_164011_2069341013_600_800_mask.png,1.9452
12,5,25,10,297,540,322,550,297,540,322,540,322,550,297,550,text,table_text,table_2,raleway,regular,8.0,12anp2_20211228_164011_2069341013_600_800.png,/scratch/parceirosbr/bigoilict/share/BigOil/document_generator/datasets/documents_2021_12_28/12anp2_20211228_164011_2069341013_600_800.png,12anp2_20211228_164011_2069341013_600_800_mask.png,8.2678
12,5,25,10,297,540,322,550,297,540,322,540,322,550,297,550,sub_line_text,table_text,table_2,raleway,regular,8.0,12anp2_20211228_164011_2069341013_600_800.png,/scratch/parceirosbr/bigoilict/share/BigOil/document_generator/datasets/documents_2021_12_28/12anp2_20211228_164011_2069341013_600_800.png,12anp2_20211228_164011_2069341013_600_800_mask.png,8.2678
12,5,24,10,298,553,322,563,298,553,322,553,322,563,298,563,text,table_text,table_2,raleway,regular,8.0,12anp2_20211228_164011_2069341013_600_800.png,/scratch/parceirosbr/bigoilict/share/BigOil/document_generator/datasets/documents_2021_12_28/12anp2_20211228_164011_2069341013_600_800.png,12anp2_20211228_164011_2069341013_600_800_mask.png,8.9515
12,5,24,10,298,553,322,563,298,553,322,553,322,563,298,563,sub_line_text,table_text,table_2,raleway,regular,8.0,12anp2_20211228_164011_2069341013_600_800.png,/scratch/parceirosbr/bigoilict/share/BigOil/document_generator/datasets/documents_2021_12_28/12anp2_20211228_164011_2069341013_600_800.png,12anp2_20211228_164011_2069341013_600_800_mask.png,8.9515
12,5,24,10,298,566,322,576,298,566,322,566,322,576,298,576,text,table_text,table_2,raleway,regular,8.0,12anp2_20211228_164011_2069341013_600_800.png,/scratch/parceirosbr/bigoilict/share/BigOil/document_generator/datasets/documents_2021_12_28/12anp2_20211228_164011_2069341013_600_800.png,12anp2_20211228_164011_2069341013_600_800_mask.png,5.5205
12,5,24,10,298,566,322,576,298,566,322,566,322,576,298,576,sub_line_text,table_text,table_2,raleway,regular,8.0,12anp2_20211228_164011_2069341013_600_800.png,/scratch/parceirosbr/bigoilict/share/BigOil/document_generator/datasets/documents_2021_12_28/12anp2_20211228_164011_2069341013_600_800.png,12anp2_20211228_164011_2069341013_600_800_mask.png,5.5205
7,5,14,10,371,383,385,393,371,383,385,383,385,393,371,393,text,table_text,table_2,raleway,bold,8.0,12anp2_20211228_164011_2069341013_600_800.png,/scratch/parceirosbr/bigoilict/share/BigOil/document_generator/datasets/documents_2021_12_28/12anp2_20211228_164011_2069341013_600_800.png,12anp2_20211228_164011_2069341013_600_800_mask.png,das
7,5,14,10,371,383,385,393,371,383,385,383,385,393,371,393,sub_line_text,table_text,table_2,raleway,bold,8.0,12anp2_20211228_164011_2069341013_600_800.png,/scratch/parceirosbr/bigoilict/share/BigOil/document_generator/datasets/documents_2021_12_28/12anp2_20211228_164011_2069341013_600_800.png,12anp2_20211228_164011_2069341013_600_800_mask.png,das
24,5,49,10,336,394,385,404,336,394,385,394,385,404,336,404,text,table_text,table_2,raleway,bold,8.0,12anp2_20211228_164011_2069341013_600_800.png,/scratch/parceirosbr/bigoilict/share/BigOil/document_generator/datasets/documents_2021_12_28/12anp2_20211228_164011_2069341013_600_800.png,12anp2_20211228_164011_2069341013_600_800_mask.png,previamente
24,5,49,10,336,394,385,404,336,394,385,394,385,404,336,404,sub_line_text,table_text,table_2,raleway,bold,8.0,12anp2_20211228_164011_2069341013_600_800.png,/scratch/parceirosbr/bigoilict/share/BigOil/document_generator/datasets/documents_2021_12_28/12anp2_20211228_164011_2069341013_600_800.png,12anp2_20211228_164011_2069341013_600_800_mask.png,previamente
23,5,46,10,339,410,385,420,339,410,385,410,385,420,339,420,text,table_text,table_2,raleway,regular,8.0,12anp2_20211228_164011_2069341013_600_800.png,/scratch/parceirosbr/bigoilict/share/BigOil/document_generator/datasets/documents_2021_12_28/12anp2_20211228_164011_2069341013_600_800.png,12anp2_20211228_164011_2069341013_600_800_mask.png,6228780.510
23,5,46,10,339,410,385,420,339,410,385,410,385,420,339,420,sub_line_text,table_text,table_2,raleway,regular,8.0,12anp2_20211228_164011_2069341013_600_800.png,/scratch/parceirosbr/bigoilict/share/BigOil/document_generator/datasets/documents_2021_12_28/12anp2_20211228_164011_2069341013_600_800.png,12anp2_20211228_164011_2069341013_600_800_mask.png,6228780.510
23,5,47,10,338,423,385,433,338,423,385,423,385,433,338,433,text,table_text,table_2,raleway,regular,8.0,12anp2_20211228_164011_2069341013_600_800.png,/scratch/parceirosbr/bigoilict/share/BigOil/document_generator/datasets/documents_2021_12_28/12anp2_20211228_164011_2069341013_600_800.png,12anp2_20211228_164011_2069341013_600_800_mask.png,2849167.995
23,5,47,10,338,423,385,433,338,423,385,423,385,433,338,433,sub_line_text,table_text,table_2,raleway,regular,8.0,12anp2_20211228_164011_2069341013_600_800.png,/scratch/parceirosbr/bigoilict/share/BigOil/document_generator/datasets/documents_2021_12_28/12anp2_20211228_164011_2069341013_600_800.png,12anp2_20211228_164011_2069341013_600_800_mask.png,2849167.995
21,5,42,10,343,436,385,446,343,436,385,436,385,446,343,446,text,table_text,table_2,raleway,regular,8.0,12anp2_20211228_164011_2069341013_600_800.png,/scratch/parceirosbr/bigoilict/share/BigOil/document_generator/datasets/documents_2021_12_28/12anp2_20211228_164011_2069341013_600_800.png,12anp2_20211228_164011_2069341013_600_800_mask.png,2293513.233
21,5,42,10,343,436,385,446,343,436,385,436,385,446,343,446,sub_line_text,table_text,table_2,raleway,regular,8.0,12anp2_20211228_164011_2069341013_600_800.png,/scratch/parceirosbr/bigoilict/share/BigOil/document_generator/datasets/documents_2021_12_28/12anp2_20211228_164011_2069341013_600_800.png,12anp2_20211228_164011_2069341013_600_800_mask.png,2293513.233
21,5,43,10,342,449,385,459,342,449,385,449,385,459,342,459,text,table_text,table_2,raleway,regular,8.0,12anp2_20211228_164011_2069341013_600_800.png,/scratch/parceirosbr/bigoilict/share/BigOil/document_generator/datasets/documents_2021_12_28/12anp2_20211228_164011_2069341013_600_800.png,12anp2_20211228_164011_2069341013_600_800_mask.png,8734284.114
21,5,43,10,342,449,385,459,342,449,385,449,385,459,342,459,sub_line_text,table_text,table_2,raleway,regular,8.0,12anp2_20211228_164011_2069341013_600_800.png,/scratch/parceirosbr/bigoilict/share/BigOil/document_generator/datasets/documents_2021_12_28/12anp2_20211228_164011_2069341013_600_800.png,12anp2_20211228_164011_2069341013_600_800_mask.png,8734284.114
23,5,46,10,339,462,385,472,339,462,385,462,385,472,339,472,text,table_text,table_2,raleway,regular,8.0,12anp2_20211228_164011_2069341013_600_800.png,/scratch/parceirosbr/bigoilict/share/BigOil/document_generator/datasets/documents_2021_12_28/12anp2_20211228_164011_2069341013_600_800.png,12anp2_20211228_164011_2069341013_600_800_mask.png,9710961.034
23,5,46,10,339,462,385,472,339,462,385,462,385,472,339,472,sub_line_text,table_text,table_2,raleway,regular,8.0,12anp2_20211228_164011_2069341013_600_800.png,/scratch/parceirosbr/bigoilict/share/BigOil/document_generator/datasets/documents_2021_12_28/12anp2_20211228_164011_2069341013_600_800.png,12anp2_20211228_164011_2069341013_600_800_mask.png,9710961.034
23,5,46,10,339,475,385,485,339,475,385,475,385,485,339,485,text,table_text,table_2,raleway,regular,8.0,12anp2_20211228_164011_2069341013_600_800.png,/scratch/parceirosbr/bigoilict/share/BigOil/document_generator/datasets/documents_2021_12_28/12anp2_20211228_164011_2069341013_600_800.png,12anp2_20211228_164011_2069341013_600_800_mask.png,9839011.649
23,5,46,10,339,475,385,485,339,475,385,475,385,485,339,485,sub_line_text,table_text,table_2,raleway,regular,8.0,12anp2_20211228_164011_2069341013_600_800.png,/scratch/parceirosbr/bigoilict/share/BigOil/document_generator/datasets/documents_2021_12_28/12anp2_20211228_164011_2069341013_600_800.png,12anp2_20211228_164011_2069341013_600_800_mask.png,9839011.649
24,5,49,10,336,488,385,498,336,488,385,488,385,498,336,498,text,table_text,table_2,raleway,regular,8.0,12anp2_20211228_164011_2069341013_600_800.png,/scratch/parceirosbr/bigoilict/share/BigOil/document_generator/datasets/documents_2021_12_28/12anp2_20211228_164011_2069341013_600_800.png,12anp2_20211228_164011_2069341013_600_800_mask.png,8870957.668
24,5,49,10,336,488,385,498,336,488,385,488,385,498,336,498,sub_line_text,table_text,table_2,raleway,regular,8.0,12anp2_20211228_164011_2069341013_600_800.png,/scratch/parceirosbr/bigoilict/share/BigOil/document_generator/datasets/documents_2021_12_28/12anp2_20211228_164011_2069341013_600_800.png,12anp2_20211228_164011_2069341013_600_800_mask.png,8870957.668
24,5,48,10,337,501,385,511,337,501,385,501,385,511,337,511,text,table_text,table_2,raleway,regular,8.0,12anp2_20211228_164011_2069341013_600_800.png,/scratch/parceirosbr/bigoilict/share/BigOil/document_generator/datasets/documents_2021_12_28/12anp2_20211228_164011_2069341013_600_800.png,12anp2_20211228_164011_2069341013_600_800_mask.png,2480616.866
24,5,48,10,337,501,385,511,337,501,385,501,385,511,337,511,sub_line_text,table_text,table_2,raleway,regular,8.0,12anp2_20211228_164011_2069341013_600_800.png,/scratch/parceirosbr/bigoilict/share/BigOil/document_generator/datasets/documents_2021_12_28/12anp2_20211228_164011_2069341013_600_800.png,12anp2_20211228_164011_2069341013_600_800_mask.png,2480616.866
23,5,47,10,338,514,385,524,338,514,385,514,385,524,338,524,text,table_text,table_2,raleway,regular,8.0,12anp2_20211228_164011_2069341013_600_800.png,/scratch/parceirosbr/bigoilict/share/BigOil/document_generator/datasets/documents_2021_12_28/12anp2_20211228_164011_2069341013_600_800.png,12anp2_20211228_164011_2069341013_600_800_mask.png,8287579.599
23,5,47,10,338,514,385,524,338,514,385,514,385,524,338,524,sub_line_text,table_text,table_2,raleway,regular,8.0,12anp2_20211228_164011_2069341013_600_800.png,/scratch/parceirosbr/bigoilict/share/BigOil/document_generator/datasets/documents_2021_12_28/12anp2_20211228_164011_2069341013_600_800.png,12anp2_20211228_164011_2069341013_600_800_mask.png,8287579.599
23,5,47,10,338,527,385,537,338,527,385,527,385,537,338,537,text,table_text,table_2,raleway,regular,8.0,12anp2_20211228_164011_2069341013_600_800.png,/scratch/parceirosbr/bigoilict/share/BigOil/document_generator/datasets/documents_2021_12_28/12anp2_20211228_164011_2069341013_600_800.png,12anp2_20211228_164011_2069341013_600_800_mask.png,8671098.951
23,5,47,10,338,527,385,537,338,527,385,527,385,537,338,537,sub_line_text,table_text,table_2,raleway,regular,8.0,12anp2_20211228_164011_2069341013_600_800.png,/scratch/parceirosbr/bigoilict/share/BigOil/document_generator/datasets/documents_2021_12_28/12anp2_20211228_164011_2069341013_600_800.png,12anp2_20211228_164011_2069341013_600_800_mask.png,8671098.951
24,5,48,10,337,540,385,550,337,540,385,540,385,550,337,550,text,table_text,table_2,raleway,regular,8.0,12anp2_20211228_164011_2069341013_600_800.png,/scratch/parceirosbr/bigoilict/share/BigOil/document_generator/datasets/documents_2021_12_28/12anp2_20211228_164011_2069341013_600_800.png,12anp2_20211228_164011_2069341013_600_800_mask.png,5288206.620
24,5,48,10,337,540,385,550,337,540,385,540,385,550,337,550,sub_line_text,table_text,table_2,raleway,regular,8.0,12anp2_20211228_164011_2069341013_600_800.png,/scratch/parceirosbr/bigoilict/share/BigOil/document_generator/datasets/documents_2021_12_28/12anp2_20211228_164011_2069341013_600_800.png,12anp2_20211228_164011_2069341013_600_800_mask.png,5288206.620
23,5,46,10,339,553,385,563,339,553,385,553,385,563,339,563,text,table_text,table_2,raleway,regular,8.0,12anp2_20211228_164011_2069341013_600_800.png,/scratch/parceirosbr/bigoilict/share/BigOil/document_generator/datasets/documents_2021_12_28/12anp2_20211228_164011_2069341013_600_800.png,12anp2_20211228_164011_2069341013_600_800_mask.png,9872210.046
23,5,46,10,339,553,385,563,339,553,385,553,385,563,339,563,sub_line_text,table_text,table_2,raleway,regular,8.0,12anp2_20211228_164011_2069341013_600_800.png,/scratch/parceirosbr/bigoilict/share/BigOil/document_generator/datasets/documents_2021_12_28/12anp2_20211228_164011_2069341013_600_800.png,12anp2_20211228_164011_2069341013_600_800_mask.png,9872210.046
23,5,46,10,339,566,385,576,339,566,385,566,385,576,339,576,text,table_text,table_2,raleway,regular,8.0,12anp2_20211228_164011_2069341013_600_800.png,/scratch/parceirosbr/bigoilict/share/BigOil/document_generator/datasets/documents_2021_12_28/12anp2_20211228_164011_2069341013_600_800.png,12anp2_20211228_164011_2069341013_600_800_mask.png,4005901.470
23,5,46,10,339,566,385,576,339,566,385,566,385,576,339,576,sub_line_text,table_text,table_2,raleway,regular,8.0,12anp2_20211228_164011_2069341013_600_800.png,/scratch/parceirosbr/bigoilict/share/BigOil/document_generator/datasets/documents_2021_12_28/12anp2_20211228_164011_2069341013_600_800.png,12anp2_20211228_164011_2069341013_600_800_mask.png,4005901.470
23,5,47,10,411,383,458,393,411,383,458,383,458,393,411,393,text,table_text,table_2,raleway,bold,8.0,12anp2_20211228_164011_2069341013_600_800.png,/scratch/parceirosbr/bigoilict/share/BigOil/document_generator/datasets/documents_2021_12_28/12anp2_20211228_164011_2069341013_600_800.png,12anp2_20211228_164011_2069341013_600_800_mask.png,deslocando
23,5,47,10,411,383,458,393,411,383,458,383,458,393,411,393,sub_line_text,table_text,table_2,raleway,bold,8.0,12anp2_20211228_164011_2069341013_600_800.png,/scratch/parceirosbr/bigoilict/share/BigOil/document_generator/datasets/documents_2021_12_28/12anp2_20211228_164011_2069341013_600_800.png,12anp2_20211228_164011_2069341013_600_800_mask.png,deslocando
11,5,23,10,435,394,458,404,435,394,458,394,458,404,435,404,text,table_text,table_2,raleway,bold,8.0,12anp2_20211228_164011_2069341013_600_800.png,/scratch/parceirosbr/bigoilict/share/BigOil/document_generator/datasets/documents_2021_12_28/12anp2_20211228_164011_2069341013_600_800.png,12anp2_20211228_164011_2069341013_600_800_mask.png,forma
11,5,23,10,435,394,458,404,435,394,458,394,458,404,435,404,sub_line_text,table_text,table_2,raleway,bold,8.0,12anp2_20211228_164011_2069341013_600_800.png,/scratch/parceirosbr/bigoilict/share/BigOil/document_generator/datasets/documents_2021_12_28/12anp2_20211228_164011_2069341013_600_800.png,12anp2_20211228_164011_2069341013_600_800_mask.png,forma
26,5,53,10,405,410,458,420,405,410,458,410,458,420,405,420,text,table_text,table_2,raleway,regular,8.0,12anp2_20211228_164011_2069341013_600_800.png,/scratch/parceirosbr/bigoilict/share/BigOil/document_generator/datasets/documents_2021_12_28/12anp2_20211228_164011_2069341013_600_800.png,12anp2_20211228_164011_2069341013_600_800_mask.png,3505000177.19
26,5,53,10,405,410,458,420,405,410,458,410,458,420,405,420,sub_line_text,table_text,table_2,raleway,regular,8.0,12anp2_20211228_164011_2069341013_600_800.png,/scratch/parceirosbr/bigoilict/share/BigOil/document_generator/datasets/documents_2021_12_28/12anp2_20211228_164011_2069341013_600_800.png,12anp2_20211228_164011_2069341013_600_800_mask.png,3505000177.19
25,5,51,10,407,423,458,433,407,423,458,423,458,433,407,433,text,table_text,table_2,raleway,regular,8.0,12anp2_20211228_164011_2069341013_600_800.png,/scratch/parceirosbr/bigoilict/share/BigOil/document_generator/datasets/documents_2021_12_28/12anp2_20211228_164011_2069341013_600_800.png,12anp2_20211228_164011_2069341013_600_800_mask.png,1747251489.20
25,5,51,10,407,423,458,433,407,423,458,423,458,433,407,433,sub_line_text,table_text,table_2,raleway,regular,8.0,12anp2_20211228_164011_2069341013_600_800.png,/scratch/parceirosbr/bigoilict/share/BigOil/document_generator/datasets/documents_2021_12_28/12anp2_20211228_164011_2069341013_600_800.png,12anp2_20211228_164011_2069341013_600_800_mask.png,1747251489.20
26,5,52,10,406,436,458,446,406,436,458,436,458,446,406,446,text,table_text,table_2,raleway,regular,8.0,12anp2_20211228_164011_2069341013_600_800.png,/scratch/parceirosbr/bigoilict/share/BigOil/document_generator/datasets/documents_2021_12_28/12anp2_20211228_164011_2069341013_600_800.png,12anp2_20211228_164011_2069341013_600_800_mask.png,1068444417.02
26,5,52,10,406,436,458,446,406,436,458,436,458,446,406,446,sub_line_text,table_text,table_2,raleway,regular,8.0,12anp2_20211228_164011_2069341013_600_800.png,/scratch/parceirosbr/bigoilict/share/BigOil/document_generator/datasets/documents_2021_12_28/12anp2_20211228_164011_2069341013_600_800.png,12anp2_20211228_164011_2069341013_600_800_mask.png,1068444417.02
26,5,53,10,405,449,458,459,405,449,458,449,458,459,405,459,text,table_text,table_2,raleway,regular,8.0,12anp2_20211228_164011_2069341013_600_800.png,/scratch/parceirosbr/bigoilict/share/BigOil/document_generator/datasets/documents_2021_12_28/12anp2_20211228_164011_2069341013_600_800.png,12anp2_20211228_164011_2069341013_600_800_mask.png,1451370967.99
26,5,53,10,405,449,458,459,405,449,458,449,458,459,405,459,sub_line_text,table_text,table_2,raleway,regular,8.0,12anp2_20211228_164011_2069341013_600_800.png,/scratch/parceirosbr/bigoilict/share/BigOil/document_generator/datasets/documents_2021_12_28/12anp2_20211228_164011_2069341013_600_800.png,12anp2_20211228_164011_2069341013_600_800_mask.png,1451370967.99
25,5,51,10,407,462,458,472,407,462,458,462,458,472,407,472,text,table_text,table_2,raleway,regular,8.0,12anp2_20211228_164011_2069341013_600_800.png,/scratch/parceirosbr/bigoilict/share/BigOil/document_generator/datasets/documents_2021_12_28/12anp2_20211228_164011_2069341013_600_800.png,12anp2_20211228_164011_2069341013_600_800_mask.png,3281328631.18
25,5,51,10,407,462,458,472,407,462,458,462,458,472,407,472,sub_line_text,table_text,table_2,raleway,regular,8.0,12anp2_20211228_164011_2069341013_600_800.png,/scratch/parceirosbr/bigoilict/share/BigOil/document_generator/datasets/documents_2021_12_28/12anp2_20211228_164011_2069341013_600_800.png,12anp2_20211228_164011_2069341013_600_800_mask.png,3281328631.18
25,5,51,10,407,475,458,485,407,475,458,475,458,485,407,485,text,table_text,table_2,raleway,regular,8.0,12anp2_20211228_164011_2069341013_600_800.png,/scratch/parceirosbr/bigoilict/share/BigOil/document_generator/datasets/documents_2021_12_28/12anp2_20211228_164011_2069341013_600_800.png,12anp2_20211228_164011_2069341013_600_800_mask.png,5727775481.62
25,5,51,10,407,475,458,485,407,475,458,475,458,485,407,485,sub_line_text,table_text,table_2,raleway,regular,8.0,12anp2_20211228_164011_2069341013_600_800.png,/scratch/parceirosbr/bigoilict/share/BigOil/document_generator/datasets/documents_2021_12_28/12anp2_20211228_164011_2069341013_600_800.png,12anp2_20211228_164011_2069341013_600_800_mask.png,5727775481.62
25,5,51,10,407,488,458,498,407,488,458,488,458,498,407,498,text,table_text,table_2,raleway,regular,8.0,12anp2_20211228_164011_2069341013_600_800.png,/scratch/parceirosbr/bigoilict/share/BigOil/document_generator/datasets/documents_2021_12_28/12anp2_20211228_164011_2069341013_600_800.png,12anp2_20211228_164011_2069341013_600_800_mask.png,4341317846.34
25,5,51,10,407,488,458,498,407,488,458,488,458,498,407,498,sub_line_text,table_text,table_2,raleway,regular,8.0,12anp2_20211228_164011_2069341013_600_800.png,/scratch/parceirosbr/bigoilict/share/BigOil/document_generator/datasets/documents_2021_12_28/12anp2_20211228_164011_2069341013_600_800.png,12anp2_20211228_164011_2069341013_600_800_mask.png,4341317846.34
26,5,53,10,405,501,458,511,405,501,458,501,458,511,405,511,text,table_text,table_2,raleway,regular,8.0,12anp2_20211228_164011_2069341013_600_800.png,/scratch/parceirosbr/bigoilict/share/BigOil/document_generator/datasets/documents_2021_12_28/12anp2_20211228_164011_2069341013_600_800.png,12anp2_20211228_164011_2069341013_600_800_mask.png,5087138467.31
26,5,53,10,405,501,458,511,405,501,458,501,458,511,405,511,sub_line_text,table_text,table_2,raleway,regular,8.0,12anp2_20211228_164011_2069341013_600_800.png,/scratch/parceirosbr/bigoilict/share/BigOil/document_generator/datasets/documents_2021_12_28/12anp2_20211228_164011_2069341013_600_800.png,12anp2_20211228_164011_2069341013_600_800_mask.png,5087138467.31
27,5,54,10,404,514,458,524,404,514,458,514,458,524,404,524,text,table_text,table_2,raleway,regular,8.0,12anp2_20211228_164011_2069341013_600_800.png,/scratch/parceirosbr/bigoilict/share/BigOil/document_generator/datasets/documents_2021_12_28/12anp2_20211228_164011_2069341013_600_800.png,12anp2_20211228_164011_2069341013_600_800_mask.png,5343469322.08
27,5,54,10,404,514,458,524,404,514,458,514,458,524,404,524,sub_line_text,table_text,table_2,raleway,regular,8.0,12anp2_20211228_164011_2069341013_600_800.png,/scratch/parceirosbr/bigoilict/share/BigOil/document_generator/datasets/documents_2021_12_28/12anp2_20211228_164011_2069341013_600_800.png,12anp2_20211228_164011_2069341013_600_800_mask.png,5343469322.08
26,5,52,10,406,527,458,537,406,527,458,527,458,537,406,537,text,table_text,table_2,raleway,regular,8.0,12anp2_20211228_164011_2069341013_600_800.png,/scratch/parceirosbr/bigoilict/share/BigOil/document_generator/datasets/documents_2021_12_28/12anp2_20211228_164011_2069341013_600_800.png,12anp2_20211228_164011_2069341013_600_800_mask.png,5424842425.25
26,5,52,10,406,527,458,537,406,527,458,527,458,537,406,537,sub_line_text,table_text,table_2,raleway,regular,8.0,12anp2_20211228_164011_2069341013_600_800.png,/scratch/parceirosbr/bigoilict/share/BigOil/document_generator/datasets/documents_2021_12_28/12anp2_20211228_164011_2069341013_600_800.png,12anp2_20211228_164011_2069341013_600_800_mask.png,5424842425.25
26,5,53,10,405,540,458,550,405,540,458,540,458,550,405,550,text,table_text,table_2,raleway,regular,8.0,12anp2_20211228_164011_2069341013_600_800.png,/scratch/parceirosbr/bigoilict/share/BigOil/document_generator/datasets/documents_2021_12_28/12anp2_20211228_164011_2069341013_600_800.png,12anp2_20211228_164011_2069341013_600_800_mask.png,3194787740.63
26,5,53,10,405,540,458,550,405,540,458,540,458,550,405,550,sub_line_text,table_text,table_2,raleway,regular,8.0,12anp2_20211228_164011_2069341013_600_800.png,/scratch/parceirosbr/bigoilict/share/BigOil/document_generator/datasets/documents_2021_12_28/12anp2_20211228_164011_2069341013_600_800.png,12anp2_20211228_164011_2069341013_600_800_mask.png,3194787740.63
26,5,52,10,406,553,458,563,406,553,458,553,458,563,406,563,text,table_text,table_2,raleway,regular,8.0,12anp2_20211228_164011_2069341013_600_800.png,/scratch/parceirosbr/bigoilict/share/BigOil/document_generator/datasets/documents_2021_12_28/12anp2_20211228_164011_2069341013_600_800.png,12anp2_20211228_164011_2069341013_600_800_mask.png,4579934132.30
26,5,52,10,406,553,458,563,406,553,458,553,458,563,406,563,sub_line_text,table_text,table_2,raleway,regular,8.0,12anp2_20211228_164011_2069341013_600_800.png,/scratch/parceirosbr/bigoilict/share/BigOil/document_generator/datasets/documents_2021_12_28/12anp2_20211228_164011_2069341013_600_800.png,12anp2_20211228_164011_2069341013_600_800_mask.png,4579934132.30
28,5,57,10,401,566,458,576,401,566,458,566,458,576,401,576,text,table_text,table_2,raleway,regular,8.0,12anp2_20211228_164011_2069341013_600_800.png,/scratch/parceirosbr/bigoilict/share/BigOil/document_generator/datasets/documents_2021_12_28/12anp2_20211228_164011_2069341013_600_800.png,12anp2_20211228_164011_2069341013_600_800_mask.png,9168943646.94
28,5,57,10,401,566,458,576,401,566,458,566,458,576,401,576,sub_line_text,table_text,table_2,raleway,regular,8.0,12anp2_20211228_164011_2069341013_600_800.png,/scratch/parceirosbr/bigoilict/share/BigOil/document_generator/datasets/documents_2021_12_28/12anp2_20211228_164011_2069341013_600_800.png,12anp2_20211228_164011_2069341013_600_800_mask.png,9168943646.94
21,5,43,10,477,383,520,393,477,383,520,383,520,393,477,393,text,table_text,table_2,raleway,bold,8.0,12anp2_20211228_164011_2069341013_600_800.png,/scratch/parceirosbr/bigoilict/share/BigOil/document_generator/datasets/documents_2021_12_28/12anp2_20211228_164011_2069341013_600_800.png,12anp2_20211228_164011_2069341013_600_800_mask.png,energética
21,5,43,10,477,383,520,393,477,383,520,383,520,393,477,393,sub_line_text,table_text,table_2,raleway,bold,8.0,12anp2_20211228_164011_2069341013_600_800.png,/scratch/parceirosbr/bigoilict/share/BigOil/document_generator/datasets/documents_2021_12_28/12anp2_20211228_164011_2069341013_600_800.png,12anp2_20211228_164011_2069341013_600_800_mask.png,energética
4,5,9,10,495,394,504,404,495,394,504,394,504,404,495,404,text,table_text,table_2,raleway,bold,8.0,12anp2_20211228_164011_2069341013_600_800.png,/scratch/parceirosbr/bigoilict/share/BigOil/document_generator/datasets/documents_2021_12_28/12anp2_20211228_164011_2069341013_600_800.png,12anp2_20211228_164011_2069341013_600_800_mask.png,os
4,5,9,10,495,394,504,404,495,394,504,394,504,404,495,404,sub_line_text,table_text,table_2,raleway,bold,8.0,12anp2_20211228_164011_2069341013_600_800.png,/scratch/parceirosbr/bigoilict/share/BigOil/document_generator/datasets/documents_2021_12_28/12anp2_20211228_164011_2069341013_600_800.png,12anp2_20211228_164011_2069341013_600_800_mask.png,os
10,5,20,10,489,410,509,420,489,410,509,410,509,420,489,420,text,table_text,table_2,raleway,regular,8.0,12anp2_20211228_164011_2069341013_600_800.png,/scratch/parceirosbr/bigoilict/share/BigOil/document_generator/datasets/documents_2021_12_28/12anp2_20211228_164011_2069341013_600_800.png,12anp2_20211228_164011_2069341013_600_800_mask.png,tanto
10,5,20,10,489,410,509,420,489,410,509,410,509,420,489,420,sub_line_text,table_text,table_2,raleway,regular,8.0,12anp2_20211228_164011_2069341013_600_800.png,/scratch/parceirosbr/bigoilict/share/BigOil/document_generator/datasets/documents_2021_12_28/12anp2_20211228_164011_2069341013_600_800.png,12anp2_20211228_164011_2069341013_600_800_mask.png,tanto
21,5,43,10,477,423,520,433,477,423,520,423,520,433,477,433,text,table_text,table_2,raleway,regular,8.0,12anp2_20211228_164011_2069341013_600_800.png,/scratch/parceirosbr/bigoilict/share/BigOil/document_generator/datasets/documents_2021_12_28/12anp2_20211228_164011_2069341013_600_800.png,12anp2_20211228_164011_2069341013_600_800_mask.png,comentado
21,5,43,10,477,423,520,433,477,423,520,423,520,433,477,433,sub_line_text,table_text,table_2,raleway,regular,8.0,12anp2_20211228_164011_2069341013_600_800.png,/scratch/parceirosbr/bigoilict/share/BigOil/document_generator/datasets/documents_2021_12_28/12anp2_20211228_164011_2069341013_600_800.png,12anp2_20211228_164011_2069341013_600_800_mask.png,comentado
8,5,17,10,491,436,508,446,491,436,508,436,508,446,491,446,text,table_text,table_2,raleway,regular,8.0,12anp2_20211228_164011_2069341013_600_800.png,/scratch/parceirosbr/bigoilict/share/BigOil/document_generator/datasets/documents_2021_12_28/12anp2_20211228_164011_2069341013_600_800.png,12anp2_20211228_164011_2069341013_600_800_mask.png,mais
8,5,17,10,491,436,508,446,491,436,508,436,508,446,491,446,sub_line_text,table_text,table_2,raleway,regular,8.0,12anp2_20211228_164011_2069341013_600_800.png,/scratch/parceirosbr/bigoilict/share/BigOil/document_generator/datasets/documents_2021_12_28/12anp2_20211228_164011_2069341013_600_800.png,12anp2_20211228_164011_2069341013_600_800_mask.png,mais
18,5,37,10,481,449,518,459,481,449,518,449,518,459,481,459,text,table_text,table_2,raleway,regular,8.0,12anp2_20211228_164011_2069341013_600_800.png,/scratch/parceirosbr/bigoilict/share/BigOil/document_generator/datasets/documents_2021_12_28/12anp2_20211228_164011_2069341013_600_800.png,12anp2_20211228_164011_2069341013_600_800_mask.png,empresas
18,5,37,10,481,449,518,459,481,449,518,449,518,459,481,459,sub_line_text,table_text,table_2,raleway,regular,8.0,12anp2_20211228_164011_2069341013_600_800.png,/scratch/parceirosbr/bigoilict/share/BigOil/document_generator/datasets/documents_2021_12_28/12anp2_20211228_164011_2069341013_600_800.png,12anp2_20211228_164011_2069341013_600_800_mask.png,empresas
24,5,48,10,475,462,523,472,475,462,523,462,523,472,475,472,text,table_text,table_2,raleway,regular,8.0,12anp2_20211228_164011_2069341013_600_800.png,/scratch/parceirosbr/bigoilict/share/BigOil/document_generator/datasets/documents_2021_12_28/12anp2_20211228_164011_2069341013_600_800.png,12anp2_20211228_164011_2069341013_600_800_mask.png,previamente
24,5,48,10,475,462,523,472,475,462,523,462,523,472,475,472,sub_line_text,table_text,table_2,raleway,regular,8.0,12anp2_20211228_164011_2069341013_600_800.png,/scratch/parceirosbr/bigoilict/share/BigOil/document_generator/datasets/documents_2021_12_28/12anp2_20211228_164011_2069341013_600_800.png,12anp2_20211228_164011_2069341013_600_800_mask.png,previamente
10,5,20,10,489,475,509,485,489,475,509,475,509,485,489,485,text,table_text,table_2,raleway,regular,8.0,12anp2_20211228_164011_2069341013_600_800.png,/scratch/parceirosbr/bigoilict/share/BigOil/document_generator/datasets/documents_2021_12_28/12anp2_20211228_164011_2069341013_600_800.png,12anp2_20211228_164011_2069341013_600_800_mask.png,tanto
10,5,20,10,489,475,509,485,489,475,509,475,509,485,489,485,sub_line_text,table_text,table_2,raleway,regular,8.0,12anp2_20211228_164011_2069341013_600_800.png,/scratch/parceirosbr/bigoilict/share/BigOil/document_generator/datasets/documents_2021_12_28/12anp2_20211228_164011_2069341013_600_800.png,12anp2_20211228_164011_2069341013_600_800_mask.png,tanto
15,5,31,10,483,488,514,498,483,488,514,488,514,498,483,498,text,table_text,table_2,raleway,regular,8.0,12anp2_20211228_164011_2069341013_600_800.png,/scratch/parceirosbr/bigoilict/share/BigOil/document_generator/datasets/documents_2021_12_28/12anp2_20211228_164011_2069341013_600_800.png,12anp2_20211228_164011_2069341013_600_800_mask.png,hidratos
15,5,31,10,483,488,514,498,483,488,514,488,514,498,483,498,sub_line_text,table_text,table_2,raleway,regular,8.0,12anp2_20211228_164011_2069341013_600_800.png,/scratch/parceirosbr/bigoilict/share/BigOil/document_generator/datasets/documents_2021_12_28/12anp2_20211228_164011_2069341013_600_800.png,12anp2_20211228_164011_2069341013_600_800_mask.png,hidratos
3,5,7,10,495,501,502,511,495,501,502,501,502,511,495,511,text,table_text,table_2,raleway,regular,8.0,12anp2_20211228_164011_2069341013_600_800.png,/scratch/parceirosbr/bigoilict/share/BigOil/document_generator/datasets/documents_2021_12_28/12anp2_20211228_164011_2069341013_600_800.png,12anp2_20211228_164011_2069341013_600_800_mask.png,ar
3,5,7,10,495,501,502,511,495,501,502,501,502,511,495,511,sub_line_text,table_text,table_2,raleway,regular,8.0,12anp2_20211228_164011_2069341013_600_800.png,/scratch/parceirosbr/bigoilict/share/BigOil/document_generator/datasets/documents_2021_12_28/12anp2_20211228_164011_2069341013_600_800.png,12anp2_20211228_164011_2069341013_600_800_mask.png,ar
22,5,45,10,477,514,522,524,477,514,522,514,522,524,477,524,text,table_text,table_2,raleway,regular,8.0,12anp2_20211228_164011_2069341013_600_800.png,/scratch/parceirosbr/bigoilict/share/BigOil/document_generator/datasets/documents_2021_12_28/12anp2_20211228_164011_2069341013_600_800.png,12anp2_20211228_164011_2069341013_600_800_mask.png,decorrência
22,5,45,10,477,514,522,524,477,514,522,514,522,524,477,524,sub_line_text,table_text,table_2,raleway,regular,8.0,12anp2_20211228_164011_2069341013_600_800.png,/scratch/parceirosbr/bigoilict/share/BigOil/document_generator/datasets/documents_2021_12_28/12anp2_20211228_164011_2069341013_600_800.png,12anp2_20211228_164011_2069341013_600_800_mask.png,decorrência
5,5,10,10,494,527,504,537,494,527,504,527,504,537,494,537,text,table_text,table_2,raleway,regular,8.0,12anp2_20211228_164011_2069341013_600_800.png,/scratch/parceirosbr/bigoilict/share/BigOil/document_generator/datasets/documents_2021_12_28/12anp2_20211228_164011_2069341013_600_800.png,12anp2_20211228_164011_2069341013_600_800_mask.png,no
5,5,10,10,494,527,504,537,494,527,504,527,504,537,494,537,sub_line_text,table_text,table_2,raleway,regular,8.0,12anp2_20211228_164011_2069341013_600_800.png,/scratch/parceirosbr/bigoilict/share/BigOil/document_generator/datasets/documents_2021_12_28/12anp2_20211228_164011_2069341013_600_800.png,12anp2_20211228_164011_2069341013_600_800_mask.png,no
26,5,52,10,473,540,525,550,473,540,525,540,525,550,473,550,text,table_text,table_2,raleway,regular,8.0,12anp2_20211228_164011_2069341013_600_800.png,/scratch/parceirosbr/bigoilict/share/BigOil/document_generator/datasets/documents_2021_12_28/12anp2_20211228_164011_2069341013_600_800.png,12anp2_20211228_164011_2069341013_600_800_mask.png,infraestrutura
26,5,52,10,473,540,525,550,473,540,525,540,525,550,473,550,sub_line_text,table_text,table_2,raleway,regular,8.0,12anp2_20211228_164011_2069341013_600_800.png,/scratch/parceirosbr/bigoilict/share/BigOil/document_generator/datasets/documents_2021_12_28/12anp2_20211228_164011_2069341013_600_800.png,12anp2_20211228_164011_2069341013_600_800_mask.png,infraestrutura
11,5,23,10,487,553,510,563,487,553,510,553,510,563,487,563,text,table_text,table_2,raleway,regular,8.0,12anp2_20211228_164011_2069341013_600_800.png,/scratch/parceirosbr/bigoilict/share/BigOil/document_generator/datasets/documents_2021_12_28/12anp2_20211228_164011_2069341013_600_800.png,12anp2_20211228_164011_2069341013_600_800_mask.png,refino
11,5,23,10,487,553,510,563,487,553,510,553,510,563,487,563,sub_line_text,table_text,table_2,raleway,regular,8.0,12anp2_20211228_164011_2069341013_600_800.png,/scratch/parceirosbr/bigoilict/share/BigOil/document_generator/datasets/documents_2021_12_28/12anp2_20211228_164011_2069341013_600_800.png,12anp2_20211228_164011_2069341013_600_800_mask.png,refino
18,5,36,10,481,566,517,576,481,566,517,566,517,576,481,576,text,table_text,table_2,raleway,regular,8.0,12anp2_20211228_164011_2069341013_600_800.png,/scratch/parceirosbr/bigoilict/share/BigOil/document_generator/datasets/documents_2021_12_28/12anp2_20211228_164011_2069341013_600_800.png,12anp2_20211228_164011_2069341013_600_800_mask.png,biodiesel
18,5,36,10,481,566,517,576,481,566,517,566,517,576,481,576,sub_line_text,table_text,table_2,raleway,regular,8.0,12anp2_20211228_164011_2069341013_600_800.png,/scratch/parceirosbr/bigoilict/share/BigOil/document_generator/datasets/documents_2021_12_28/12anp2_20211228_164011_2069341013_600_800.png,12anp2_20211228_164011_2069341013_600_800_mask.png,biodiesel
220,5,440,10,99,606,539,616,99,606,539,606,539,616,99,616,sub_line_text,text,text_0,opensans,regular,8,12anp2_20211228_164011_2069341013_600_800.png,/scratch/parceirosbr/bigoilict/share/BigOil/document_generator/datasets/documents_2021_12_28/12anp2_20211228_164011_2069341013_600_800.png,12anp2_20211228_164011_2069341013_600_800_mask.png,"Is  In  this  way,  a  possible  solution  to  the  problem  would  be  to  use a program that provides information and solve"
234,5,469,10,69,622,538,632,69,622,538,622,538,632,69,632,sub_line_text,text,text_0,opensans,regular,8,12anp2_20211228_164011_2069341013_600_800.png,/scratch/parceirosbr/bigoilict/share/BigOil/document_generator/datasets/documents_2021_12_28/12anp2_20211228_164011_2069341013_600_800.png,12anp2_20211228_164011_2069341013_600_800_mask.png,not  only  the  optimization  steps.  It  should  be  noted  that  the terms and are calculated from chemical kinetics models that a-
234,5,469,10,69,638,538,648,69,638,538,638,538,648,69,648,sub_line_text,text,text_0,opensans,regular,8,12anp2_20211228_164011_2069341013_600_800.png,/scratch/parceirosbr/bigoilict/share/BigOil/document_generator/datasets/documents_2021_12_28/12anp2_20211228_164011_2069341013_600_800.png,12anp2_20211228_164011_2069341013_600_800_mask.png,"re  discussed  in  5.  4.2.  Since  the  hydrophobicity  of  some  ionic  liquids  was  observed, a property that allows them to repla-"
234,5,469,10,69,654,538,664,69,654,538,654,538,664,69,664,sub_line_text,text,text_0,opensans,regular,8,12anp2_20211228_164011_2069341013_600_800.png,/scratch/parceirosbr/bigoilict/share/BigOil/document_generator/datasets/documents_2021_12_28/12anp2_20211228_164011_2069341013_600_800.png,12anp2_20211228_164011_2069341013_600_800_mask.png,"ce  classic  volatile  organic  solvents  in  various  processes,  such  as  in  liquid-liquid  extraction et al., 1998) and in supercritical"
234,5,469,10,69,670,538,680,69,670,538,670,538,680,69,680,sub_line_text,text,text_0,opensans,regular,8,12anp2_20211228_164011_2069341013_600_800.png,/scratch/parceirosbr/bigoilict/share/BigOil/document_generator/datasets/documents_2021_12_28/12anp2_20211228_164011_2069341013_600_800.png,12anp2_20211228_164011_2069341013_600_800_mask.png,"extraction  et  al.,  1999),  the  scientific  community  and  the  industry  are  excited  about  the  13  new  revolution in green che-"
54,5,108,10,69,686,177,696,69,686,177,686,177,696,69,696,sub_line_text,text,text_0,opensans,regular,8,12anp2_20211228_164011_2069341013_600_800.png,/scratch/parceirosbr/bigoilict/share/BigOil/document_generator/datasets/documents_2021_12_28/12anp2_20211228_164011_2069341013_600_800.png,12anp2_20211228_164011_2069341013_600_800_mask.png,mistry based on ionic liquids.
235,45,470,90,69,606,539,696,69,606,539,606,539,696,69,696,text,text,text_0,opensans,regular,8,12anp2_20211228_164011_2069341013_600_800.png,/scratch/parceirosbr/bigoilict/share/BigOil/document_generator/datasets/documents_2021_12_28/12anp2_20211228_164011_2069341013_600_800.png,12anp2_20211228_164011_2069341013_600_800_mask.png,nan
