center_x,center_y,width,height,xmin,ymin,xmax,ymax,top_left_x,top_left_y,top_right_x,top_right_y,bottom_right_x,bottom_right_y,bottom_left_x,bottom_left_y,label,grouplabel,group,text_font,text_style,size_font,filename,path,filename_mask,content
300,400,600,800,0,0,600,800,0,0,600,0,600,800,0,800,document,,,,,,12anp2_20211228_164017_3400079320_600_800.png,/scratch/parceirosbr/bigoilict/share/BigOil/document_generator/datasets/documents_2021_12_28/12anp2_20211228_164017_3400079320_600_800.png,12anp2_20211228_164017_3400079320_600_800_mask.png,
191,1,383,2,147,136,530,138,147,136,530,136,530,138,147,138,line,line,line,,,,12anp2_20211228_164017_3400079320_600_800.png,/scratch/parceirosbr/bigoilict/share/BigOil/document_generator/datasets/documents_2021_12_28/12anp2_20211228_164017_3400079320_600_800.png,12anp2_20211228_164017_3400079320_600_800_mask.png,nan
20,8,40,17,488,106,528,123,488,106,528,106,528,123,488,123,sub_line_text,header,header_1,courier,bold,16,12anp2_20211228_164017_3400079320_600_800.png,/scratch/parceirosbr/bigoilict/share/BigOil/document_generator/datasets/documents_2021_12_28/12anp2_20211228_164017_3400079320_600_800.png,12anp2_20211228_164017_3400079320_600_800_mask.png,2011
20,8,40,17,488,106,528,123,488,106,528,106,528,123,488,123,text,header,header_1,courier,bold,16,12anp2_20211228_164017_3400079320_600_800.png,/scratch/parceirosbr/bigoilict/share/BigOil/document_generator/datasets/documents_2021_12_28/12anp2_20211228_164017_3400079320_600_800.png,12anp2_20211228_164017_3400079320_600_800_mask.png,nan
35,8,70,17,398,106,468,123,398,106,468,106,468,123,398,123,sub_line_text,header,header_1,courier,bold,16,12anp2_20211228_164017_3400079320_600_800.png,/scratch/parceirosbr/bigoilict/share/BigOil/document_generator/datasets/documents_2021_12_28/12anp2_20211228_164017_3400079320_600_800.png,12anp2_20211228_164017_3400079320_600_800_mask.png,Podemos
35,8,70,17,398,106,468,123,398,106,468,106,468,123,398,123,text,header,header_1,courier,bold,16,12anp2_20211228_164017_3400079320_600_800.png,/scratch/parceirosbr/bigoilict/share/BigOil/document_generator/datasets/documents_2021_12_28/12anp2_20211228_164017_3400079320_600_800.png,12anp2_20211228_164017_3400079320_600_800_mask.png,nan
24,11,49,23,170,106,219,129,170,106,219,106,219,129,170,129,image,image,image,,,,12anp2_20211228_164017_3400079320_600_800.png,/scratch/parceirosbr/bigoilict/share/BigOil/document_generator/datasets/documents_2021_12_28/12anp2_20211228_164017_3400079320_600_800.png,12anp2_20211228_164017_3400079320_600_800_mask.png,/scratch/parceirosbr/bigoilict/share/BigOil/document_generator/files_images_document_generator/logos\image_68.jpg
190,4,380,9,147,147,527,156,147,147,527,147,527,156,147,156,sub_line_text,subsubsubtitle,subsubsubtitle_0,courier,bolditalic,8,12anp2_20211228_164017_3400079320_600_800.png,/scratch/parceirosbr/bigoilict/share/BigOil/document_generator/datasets/documents_2021_12_28/12anp2_20211228_164017_3400079320_600_800.png,12anp2_20211228_164017_3400079320_600_800_mask.png,Para fluidos como Ã¡gua o a viscosidade independente taxa cisalhamento. Outro
45,4,90,9,292,160,382,169,292,160,382,160,382,169,292,169,sub_line_text,subsubsubtitle,subsubsubtitle_0,courier,bolditalic,8,12anp2_20211228_164017_3400079320_600_800.png,/scratch/parceirosbr/bigoilict/share/BigOil/document_generator/datasets/documents_2021_12_28/12anp2_20211228_164017_3400079320_600_800.png,12anp2_20211228_164017_3400079320_600_800_mask.png,aspecto pode visto
190,11,380,22,147,147,527,169,147,147,527,147,527,169,147,169,title,subsubsubtitle,subsubsubtitle_0,courier,bolditalic,8,12anp2_20211228_164017_3400079320_600_800.png,/scratch/parceirosbr/bigoilict/share/BigOil/document_generator/datasets/documents_2021_12_28/12anp2_20211228_164017_3400079320_600_800.png,12anp2_20211228_164017_3400079320_600_800_mask.png,nan
58,90,116,180,147,178,263,358,147,178,263,178,263,358,147,358,table,table_image,table_0,,,,12anp2_20211228_164017_3400079320_600_800.png,/scratch/parceirosbr/bigoilict/share/BigOil/document_generator/datasets/documents_2021_12_28/12anp2_20211228_164017_3400079320_600_800.png,12anp2_20211228_164017_3400079320_600_800_mask.png,output/gen_tab_20211228_164017_6413477661.png
8,5,16,10,203,184,219,194,203,184,219,184,219,194,203,194,text,table_text,table_0,opensans,regular,8.0,12anp2_20211228_164017_3400079320_600_800.png,/scratch/parceirosbr/bigoilict/share/BigOil/document_generator/datasets/documents_2021_12_28/12anp2_20211228_164017_3400079320_600_800.png,12anp2_20211228_164017_3400079320_600_800_mask.png,uma
8,5,16,10,203,184,219,194,203,184,219,184,219,194,203,194,sub_line_text,table_text,table_0,opensans,regular,8.0,12anp2_20211228_164017_3400079320_600_800.png,/scratch/parceirosbr/bigoilict/share/BigOil/document_generator/datasets/documents_2021_12_28/12anp2_20211228_164017_3400079320_600_800.png,12anp2_20211228_164017_3400079320_600_800_mask.png,uma
23,5,47,10,172,197,219,207,172,197,219,197,219,207,172,207,text,table_text,table_0,opensans,regular,8.0,12anp2_20211228_164017_3400079320_600_800.png,/scratch/parceirosbr/bigoilict/share/BigOil/document_generator/datasets/documents_2021_12_28/12anp2_20211228_164017_3400079320_600_800.png,12anp2_20211228_164017_3400079320_600_800_mask.png,675623.620
23,5,47,10,172,197,219,207,172,197,219,197,219,207,172,207,sub_line_text,table_text,table_0,opensans,regular,8.0,12anp2_20211228_164017_3400079320_600_800.png,/scratch/parceirosbr/bigoilict/share/BigOil/document_generator/datasets/documents_2021_12_28/12anp2_20211228_164017_3400079320_600_800.png,12anp2_20211228_164017_3400079320_600_800_mask.png,675623.620
26,5,52,10,167,210,219,220,167,210,219,210,219,220,167,220,text,table_text,table_0,opensans,regular,8.0,12anp2_20211228_164017_3400079320_600_800.png,/scratch/parceirosbr/bigoilict/share/BigOil/document_generator/datasets/documents_2021_12_28/12anp2_20211228_164017_3400079320_600_800.png,12anp2_20211228_164017_3400079320_600_800_mask.png,9950391.841
26,5,52,10,167,210,219,220,167,210,219,210,219,220,167,220,sub_line_text,table_text,table_0,opensans,regular,8.0,12anp2_20211228_164017_3400079320_600_800.png,/scratch/parceirosbr/bigoilict/share/BigOil/document_generator/datasets/documents_2021_12_28/12anp2_20211228_164017_3400079320_600_800.png,12anp2_20211228_164017_3400079320_600_800_mask.png,9950391.841
26,5,52,10,167,223,219,233,167,223,219,223,219,233,167,233,text,table_text,table_0,opensans,regular,8.0,12anp2_20211228_164017_3400079320_600_800.png,/scratch/parceirosbr/bigoilict/share/BigOil/document_generator/datasets/documents_2021_12_28/12anp2_20211228_164017_3400079320_600_800.png,12anp2_20211228_164017_3400079320_600_800_mask.png,6413861.628
26,5,52,10,167,223,219,233,167,223,219,223,219,233,167,233,sub_line_text,table_text,table_0,opensans,regular,8.0,12anp2_20211228_164017_3400079320_600_800.png,/scratch/parceirosbr/bigoilict/share/BigOil/document_generator/datasets/documents_2021_12_28/12anp2_20211228_164017_3400079320_600_800.png,12anp2_20211228_164017_3400079320_600_800_mask.png,6413861.628
18,5,37,10,182,236,219,246,182,236,219,236,219,246,182,246,text,table_text,table_0,opensans,regular,8.0,12anp2_20211228_164017_3400079320_600_800.png,/scratch/parceirosbr/bigoilict/share/BigOil/document_generator/datasets/documents_2021_12_28/12anp2_20211228_164017_3400079320_600_800.png,12anp2_20211228_164017_3400079320_600_800_mask.png,4722.073
18,5,37,10,182,236,219,246,182,236,219,236,219,246,182,246,sub_line_text,table_text,table_0,opensans,regular,8.0,12anp2_20211228_164017_3400079320_600_800.png,/scratch/parceirosbr/bigoilict/share/BigOil/document_generator/datasets/documents_2021_12_28/12anp2_20211228_164017_3400079320_600_800.png,12anp2_20211228_164017_3400079320_600_800_mask.png,4722.073
26,5,52,10,167,249,219,259,167,249,219,249,219,259,167,259,text,table_text,table_0,opensans,regular,8.0,12anp2_20211228_164017_3400079320_600_800.png,/scratch/parceirosbr/bigoilict/share/BigOil/document_generator/datasets/documents_2021_12_28/12anp2_20211228_164017_3400079320_600_800.png,12anp2_20211228_164017_3400079320_600_800_mask.png,4716899.559
26,5,52,10,167,249,219,259,167,249,219,249,219,259,167,259,sub_line_text,table_text,table_0,opensans,regular,8.0,12anp2_20211228_164017_3400079320_600_800.png,/scratch/parceirosbr/bigoilict/share/BigOil/document_generator/datasets/documents_2021_12_28/12anp2_20211228_164017_3400079320_600_800.png,12anp2_20211228_164017_3400079320_600_800_mask.png,4716899.559
18,5,37,10,182,262,219,272,182,262,219,262,219,272,182,272,text,table_text,table_0,opensans,regular,8.0,12anp2_20211228_164017_3400079320_600_800.png,/scratch/parceirosbr/bigoilict/share/BigOil/document_generator/datasets/documents_2021_12_28/12anp2_20211228_164017_3400079320_600_800.png,12anp2_20211228_164017_3400079320_600_800_mask.png,8439.794
18,5,37,10,182,262,219,272,182,262,219,262,219,272,182,272,sub_line_text,table_text,table_0,opensans,regular,8.0,12anp2_20211228_164017_3400079320_600_800.png,/scratch/parceirosbr/bigoilict/share/BigOil/document_generator/datasets/documents_2021_12_28/12anp2_20211228_164017_3400079320_600_800.png,12anp2_20211228_164017_3400079320_600_800_mask.png,8439.794
26,5,52,10,167,275,219,285,167,275,219,275,219,285,167,285,text,table_text,table_0,opensans,regular,8.0,12anp2_20211228_164017_3400079320_600_800.png,/scratch/parceirosbr/bigoilict/share/BigOil/document_generator/datasets/documents_2021_12_28/12anp2_20211228_164017_3400079320_600_800.png,12anp2_20211228_164017_3400079320_600_800_mask.png,2086980.854
26,5,52,10,167,275,219,285,167,275,219,275,219,285,167,285,sub_line_text,table_text,table_0,opensans,regular,8.0,12anp2_20211228_164017_3400079320_600_800.png,/scratch/parceirosbr/bigoilict/share/BigOil/document_generator/datasets/documents_2021_12_28/12anp2_20211228_164017_3400079320_600_800.png,12anp2_20211228_164017_3400079320_600_800_mask.png,2086980.854
26,5,52,10,167,288,219,298,167,288,219,288,219,298,167,298,text,table_text,table_0,opensans,regular,8.0,12anp2_20211228_164017_3400079320_600_800.png,/scratch/parceirosbr/bigoilict/share/BigOil/document_generator/datasets/documents_2021_12_28/12anp2_20211228_164017_3400079320_600_800.png,12anp2_20211228_164017_3400079320_600_800_mask.png,9598159.119
26,5,52,10,167,288,219,298,167,288,219,288,219,298,167,298,sub_line_text,table_text,table_0,opensans,regular,8.0,12anp2_20211228_164017_3400079320_600_800.png,/scratch/parceirosbr/bigoilict/share/BigOil/document_generator/datasets/documents_2021_12_28/12anp2_20211228_164017_3400079320_600_800.png,12anp2_20211228_164017_3400079320_600_800_mask.png,9598159.119
18,5,37,10,182,301,219,311,182,301,219,301,219,311,182,311,text,table_text,table_0,opensans,regular,8.0,12anp2_20211228_164017_3400079320_600_800.png,/scratch/parceirosbr/bigoilict/share/BigOil/document_generator/datasets/documents_2021_12_28/12anp2_20211228_164017_3400079320_600_800.png,12anp2_20211228_164017_3400079320_600_800_mask.png,5972.094
18,5,37,10,182,301,219,311,182,301,219,301,219,311,182,311,sub_line_text,table_text,table_0,opensans,regular,8.0,12anp2_20211228_164017_3400079320_600_800.png,/scratch/parceirosbr/bigoilict/share/BigOil/document_generator/datasets/documents_2021_12_28/12anp2_20211228_164017_3400079320_600_800.png,12anp2_20211228_164017_3400079320_600_800_mask.png,5972.094
26,5,52,10,167,314,219,324,167,314,219,314,219,324,167,324,text,table_text,table_0,opensans,regular,8.0,12anp2_20211228_164017_3400079320_600_800.png,/scratch/parceirosbr/bigoilict/share/BigOil/document_generator/datasets/documents_2021_12_28/12anp2_20211228_164017_3400079320_600_800.png,12anp2_20211228_164017_3400079320_600_800_mask.png,1374072.016
26,5,52,10,167,314,219,324,167,314,219,314,219,324,167,324,sub_line_text,table_text,table_0,opensans,regular,8.0,12anp2_20211228_164017_3400079320_600_800.png,/scratch/parceirosbr/bigoilict/share/BigOil/document_generator/datasets/documents_2021_12_28/12anp2_20211228_164017_3400079320_600_800.png,12anp2_20211228_164017_3400079320_600_800_mask.png,1374072.016
26,5,52,10,167,327,219,337,167,327,219,327,219,337,167,337,text,table_text,table_0,opensans,regular,8.0,12anp2_20211228_164017_3400079320_600_800.png,/scratch/parceirosbr/bigoilict/share/BigOil/document_generator/datasets/documents_2021_12_28/12anp2_20211228_164017_3400079320_600_800.png,12anp2_20211228_164017_3400079320_600_800_mask.png,2614720.067
26,5,52,10,167,327,219,337,167,327,219,327,219,337,167,337,sub_line_text,table_text,table_0,opensans,regular,8.0,12anp2_20211228_164017_3400079320_600_800.png,/scratch/parceirosbr/bigoilict/share/BigOil/document_generator/datasets/documents_2021_12_28/12anp2_20211228_164017_3400079320_600_800.png,12anp2_20211228_164017_3400079320_600_800_mask.png,2614720.067
26,5,52,10,208,340,260,350,208,340,260,340,260,350,208,350,text,table_text,table_0,opensans,regular,8.0,12anp2_20211228_164017_3400079320_600_800.png,/scratch/parceirosbr/bigoilict/share/BigOil/document_generator/datasets/documents_2021_12_28/12anp2_20211228_164017_3400079320_600_800.png,12anp2_20211228_164017_3400079320_600_800_mask.png,9668947.851
26,5,52,10,208,340,260,350,208,340,260,340,260,350,208,350,sub_line_text,table_text,table_0,opensans,regular,8.0,12anp2_20211228_164017_3400079320_600_800.png,/scratch/parceirosbr/bigoilict/share/BigOil/document_generator/datasets/documents_2021_12_28/12anp2_20211228_164017_3400079320_600_800.png,12anp2_20211228_164017_3400079320_600_800_mask.png,9668947.851
7,5,15,10,245,184,260,194,245,184,260,184,260,194,245,194,text,table_text,table_0,opensans,regular,8.0,12anp2_20211228_164017_3400079320_600_800.png,/scratch/parceirosbr/bigoilict/share/BigOil/document_generator/datasets/documents_2021_12_28/12anp2_20211228_164017_3400079320_600_800.png,12anp2_20211228_164017_3400079320_600_800_mask.png,tipo
7,5,15,10,245,184,260,194,245,184,260,184,260,194,245,194,sub_line_text,table_text,table_0,opensans,regular,8.0,12anp2_20211228_164017_3400079320_600_800.png,/scratch/parceirosbr/bigoilict/share/BigOil/document_generator/datasets/documents_2021_12_28/12anp2_20211228_164017_3400079320_600_800.png,12anp2_20211228_164017_3400079320_600_800_mask.png,tipo
8,5,17,10,243,197,260,207,243,197,260,197,260,207,243,207,text,table_text,table_0,opensans,regular,8.0,12anp2_20211228_164017_3400079320_600_800.png,/scratch/parceirosbr/bigoilict/share/BigOil/document_generator/datasets/documents_2021_12_28/12anp2_20211228_164017_3400079320_600_800.png,12anp2_20211228_164017_3400079320_600_800_mask.png,7.12
8,5,17,10,243,197,260,207,243,197,260,197,260,207,243,207,sub_line_text,table_text,table_0,opensans,regular,8.0,12anp2_20211228_164017_3400079320_600_800.png,/scratch/parceirosbr/bigoilict/share/BigOil/document_generator/datasets/documents_2021_12_28/12anp2_20211228_164017_3400079320_600_800.png,12anp2_20211228_164017_3400079320_600_800_mask.png,7.12
13,5,27,10,233,210,260,220,233,210,260,210,260,220,233,220,text,table_text,table_0,opensans,regular,8.0,12anp2_20211228_164017_3400079320_600_800.png,/scratch/parceirosbr/bigoilict/share/BigOil/document_generator/datasets/documents_2021_12_28/12anp2_20211228_164017_3400079320_600_800.png,12anp2_20211228_164017_3400079320_600_800_mask.png,527.44
13,5,27,10,233,210,260,220,233,210,260,210,260,220,233,220,sub_line_text,table_text,table_0,opensans,regular,8.0,12anp2_20211228_164017_3400079320_600_800.png,/scratch/parceirosbr/bigoilict/share/BigOil/document_generator/datasets/documents_2021_12_28/12anp2_20211228_164017_3400079320_600_800.png,12anp2_20211228_164017_3400079320_600_800_mask.png,527.44
11,5,22,10,238,223,260,233,238,223,260,223,260,233,238,233,text,table_text,table_0,opensans,regular,8.0,12anp2_20211228_164017_3400079320_600_800.png,/scratch/parceirosbr/bigoilict/share/BigOil/document_generator/datasets/documents_2021_12_28/12anp2_20211228_164017_3400079320_600_800.png,12anp2_20211228_164017_3400079320_600_800_mask.png,94.76
11,5,22,10,238,223,260,233,238,223,260,223,260,233,238,233,sub_line_text,table_text,table_0,opensans,regular,8.0,12anp2_20211228_164017_3400079320_600_800.png,/scratch/parceirosbr/bigoilict/share/BigOil/document_generator/datasets/documents_2021_12_28/12anp2_20211228_164017_3400079320_600_800.png,12anp2_20211228_164017_3400079320_600_800_mask.png,94.76
13,5,27,10,233,236,260,246,233,236,260,236,260,246,233,246,text,table_text,table_0,opensans,regular,8.0,12anp2_20211228_164017_3400079320_600_800.png,/scratch/parceirosbr/bigoilict/share/BigOil/document_generator/datasets/documents_2021_12_28/12anp2_20211228_164017_3400079320_600_800.png,12anp2_20211228_164017_3400079320_600_800_mask.png,491.02
13,5,27,10,233,236,260,246,233,236,260,236,260,246,233,246,sub_line_text,table_text,table_0,opensans,regular,8.0,12anp2_20211228_164017_3400079320_600_800.png,/scratch/parceirosbr/bigoilict/share/BigOil/document_generator/datasets/documents_2021_12_28/12anp2_20211228_164017_3400079320_600_800.png,12anp2_20211228_164017_3400079320_600_800_mask.png,491.02
11,5,22,10,238,249,260,259,238,249,260,249,260,259,238,259,text,table_text,table_0,opensans,regular,8.0,12anp2_20211228_164017_3400079320_600_800.png,/scratch/parceirosbr/bigoilict/share/BigOil/document_generator/datasets/documents_2021_12_28/12anp2_20211228_164017_3400079320_600_800.png,12anp2_20211228_164017_3400079320_600_800_mask.png,44.08
11,5,22,10,238,249,260,259,238,249,260,249,260,259,238,259,sub_line_text,table_text,table_0,opensans,regular,8.0,12anp2_20211228_164017_3400079320_600_800.png,/scratch/parceirosbr/bigoilict/share/BigOil/document_generator/datasets/documents_2021_12_28/12anp2_20211228_164017_3400079320_600_800.png,12anp2_20211228_164017_3400079320_600_800_mask.png,44.08
11,5,22,10,238,262,260,272,238,262,260,262,260,272,238,272,text,table_text,table_0,opensans,regular,8.0,12anp2_20211228_164017_3400079320_600_800.png,/scratch/parceirosbr/bigoilict/share/BigOil/document_generator/datasets/documents_2021_12_28/12anp2_20211228_164017_3400079320_600_800.png,12anp2_20211228_164017_3400079320_600_800_mask.png,15.54
11,5,22,10,238,262,260,272,238,262,260,262,260,272,238,272,sub_line_text,table_text,table_0,opensans,regular,8.0,12anp2_20211228_164017_3400079320_600_800.png,/scratch/parceirosbr/bigoilict/share/BigOil/document_generator/datasets/documents_2021_12_28/12anp2_20211228_164017_3400079320_600_800.png,12anp2_20211228_164017_3400079320_600_800_mask.png,15.54
13,5,27,10,233,275,260,285,233,275,260,275,260,285,233,285,text,table_text,table_0,opensans,regular,8.0,12anp2_20211228_164017_3400079320_600_800.png,/scratch/parceirosbr/bigoilict/share/BigOil/document_generator/datasets/documents_2021_12_28/12anp2_20211228_164017_3400079320_600_800.png,12anp2_20211228_164017_3400079320_600_800_mask.png,700.46
13,5,27,10,233,275,260,285,233,275,260,275,260,285,233,285,sub_line_text,table_text,table_0,opensans,regular,8.0,12anp2_20211228_164017_3400079320_600_800.png,/scratch/parceirosbr/bigoilict/share/BigOil/document_generator/datasets/documents_2021_12_28/12anp2_20211228_164017_3400079320_600_800.png,12anp2_20211228_164017_3400079320_600_800_mask.png,700.46
13,5,27,10,233,288,260,298,233,288,260,288,260,298,233,298,text,table_text,table_0,opensans,regular,8.0,12anp2_20211228_164017_3400079320_600_800.png,/scratch/parceirosbr/bigoilict/share/BigOil/document_generator/datasets/documents_2021_12_28/12anp2_20211228_164017_3400079320_600_800.png,12anp2_20211228_164017_3400079320_600_800_mask.png,815.33
13,5,27,10,233,288,260,298,233,288,260,288,260,298,233,298,sub_line_text,table_text,table_0,opensans,regular,8.0,12anp2_20211228_164017_3400079320_600_800.png,/scratch/parceirosbr/bigoilict/share/BigOil/document_generator/datasets/documents_2021_12_28/12anp2_20211228_164017_3400079320_600_800.png,12anp2_20211228_164017_3400079320_600_800_mask.png,815.33
11,5,22,10,238,301,260,311,238,301,260,301,260,311,238,311,text,table_text,table_0,opensans,regular,8.0,12anp2_20211228_164017_3400079320_600_800.png,/scratch/parceirosbr/bigoilict/share/BigOil/document_generator/datasets/documents_2021_12_28/12anp2_20211228_164017_3400079320_600_800.png,12anp2_20211228_164017_3400079320_600_800_mask.png,27.09
11,5,22,10,238,301,260,311,238,301,260,301,260,311,238,311,sub_line_text,table_text,table_0,opensans,regular,8.0,12anp2_20211228_164017_3400079320_600_800.png,/scratch/parceirosbr/bigoilict/share/BigOil/document_generator/datasets/documents_2021_12_28/12anp2_20211228_164017_3400079320_600_800.png,12anp2_20211228_164017_3400079320_600_800_mask.png,27.09
11,5,22,10,238,314,260,324,238,314,260,314,260,324,238,324,text,table_text,table_0,opensans,regular,8.0,12anp2_20211228_164017_3400079320_600_800.png,/scratch/parceirosbr/bigoilict/share/BigOil/document_generator/datasets/documents_2021_12_28/12anp2_20211228_164017_3400079320_600_800.png,12anp2_20211228_164017_3400079320_600_800_mask.png,81.99
11,5,22,10,238,314,260,324,238,314,260,314,260,324,238,324,sub_line_text,table_text,table_0,opensans,regular,8.0,12anp2_20211228_164017_3400079320_600_800.png,/scratch/parceirosbr/bigoilict/share/BigOil/document_generator/datasets/documents_2021_12_28/12anp2_20211228_164017_3400079320_600_800.png,12anp2_20211228_164017_3400079320_600_800_mask.png,81.99
11,5,22,10,238,327,260,337,238,327,260,327,260,337,238,337,text,table_text,table_0,opensans,regular,8.0,12anp2_20211228_164017_3400079320_600_800.png,/scratch/parceirosbr/bigoilict/share/BigOil/document_generator/datasets/documents_2021_12_28/12anp2_20211228_164017_3400079320_600_800.png,12anp2_20211228_164017_3400079320_600_800_mask.png,28.11
11,5,22,10,238,327,260,337,238,327,260,327,260,337,238,337,sub_line_text,table_text,table_0,opensans,regular,8.0,12anp2_20211228_164017_3400079320_600_800.png,/scratch/parceirosbr/bigoilict/share/BigOil/document_generator/datasets/documents_2021_12_28/12anp2_20211228_164017_3400079320_600_800.png,12anp2_20211228_164017_3400079320_600_800_mask.png,28.11
40,4,80,9,182,367,262,376,182,367,262,367,262,376,182,376,sub_line_text,text,text_0,courier,regular,8,12anp2_20211228_164017_3400079320_600_800.png,/scratch/parceirosbr/bigoilict/share/BigOil/document_generator/datasets/documents_2021_12_28/12anp2_20211228_164017_3400079320_600_800.png,12anp2_20211228_164017_3400079320_600_800_mask.png,JÃ¡  o deslizame-
45,4,90,9,147,380,237,389,147,380,237,380,237,389,147,389,sub_line_text,text,text_0,courier,regular,8,12anp2_20211228_164017_3400079320_600_800.png,/scratch/parceirosbr/bigoilict/share/BigOil/document_generator/datasets/documents_2021_12_28/12anp2_20211228_164017_3400079320_600_800.png,12anp2_20211228_164017_3400079320_600_800_mask.png,nto induzido pelo.
57,11,115,22,147,367,262,389,147,367,262,367,262,389,147,389,text,text,text_0,courier,regular,8,12anp2_20211228_164017_3400079320_600_800.png,/scratch/parceirosbr/bigoilict/share/BigOil/document_generator/datasets/documents_2021_12_28/12anp2_20211228_164017_3400079320_600_800.png,12anp2_20211228_164017_3400079320_600_800_mask.png,nan
78,90,157,180,326,178,483,358,326,178,483,178,483,358,326,358,image,figure_image,figure_0,,,,12anp2_20211228_164017_3400079320_600_800.png,/scratch/parceirosbr/bigoilict/share/BigOil/document_generator/datasets/documents_2021_12_28/12anp2_20211228_164017_3400079320_600_800.png,12anp2_20211228_164017_3400079320_600_800_mask.png,output/gen_img_20211228_164019_9066012202.png
6,0,12,-1,382,196,394,195,382,190,397,196,394,202,379,195,text,figure_text,figure_0,,,,12anp2_20211228_164017_3400079320_600_800.png,/scratch/parceirosbr/bigoilict/share/BigOil/document_generator/datasets/documents_2021_12_28/12anp2_20211228_164017_3400079320_600_800.png,12anp2_20211228_164017_3400079320_600_800_mask.png,-5893
6,0,12,-1,382,196,394,195,382,190,397,196,394,202,379,195,sub_line_text,figure_text,figure_0,,,,12anp2_20211228_164017_3400079320_600_800.png,/scratch/parceirosbr/bigoilict/share/BigOil/document_generator/datasets/documents_2021_12_28/12anp2_20211228_164017_3400079320_600_800.png,12anp2_20211228_164017_3400079320_600_800_mask.png,-5893
12,-3,24,-7,332,268,356,261,332,256,359,268,356,273,329,261,text,figure_text,figure_0,,,,12anp2_20211228_164017_3400079320_600_800.png,/scratch/parceirosbr/bigoilict/share/BigOil/document_generator/datasets/documents_2021_12_28/12anp2_20211228_164017_3400079320_600_800.png,12anp2_20211228_164017_3400079320_600_800_mask.png,-1740.684
12,-3,24,-7,332,268,356,261,332,256,359,268,356,273,329,261,sub_line_text,figure_text,figure_0,,,,12anp2_20211228_164017_3400079320_600_800.png,/scratch/parceirosbr/bigoilict/share/BigOil/document_generator/datasets/documents_2021_12_28/12anp2_20211228_164017_3400079320_600_800.png,12anp2_20211228_164017_3400079320_600_800_mask.png,-1740.684
11,-3,23,-6,428,258,451,252,428,247,454,258,451,264,426,252,text,figure_text,figure_0,,,,12anp2_20211228_164017_3400079320_600_800.png,/scratch/parceirosbr/bigoilict/share/BigOil/document_generator/datasets/documents_2021_12_28/12anp2_20211228_164017_3400079320_600_800.png,12anp2_20211228_164017_3400079320_600_800_mask.png,-9538.0%
11,-3,23,-6,428,258,451,252,428,247,454,258,451,264,426,252,sub_line_text,figure_text,figure_0,,,,12anp2_20211228_164017_3400079320_600_800.png,/scratch/parceirosbr/bigoilict/share/BigOil/document_generator/datasets/documents_2021_12_28/12anp2_20211228_164017_3400079320_600_800.png,12anp2_20211228_164017_3400079320_600_800_mask.png,-9538.0%
9,-2,18,-4,350,339,368,335,350,330,370,339,368,344,348,335,text,figure_text,figure_0,,,,12anp2_20211228_164017_3400079320_600_800.png,/scratch/parceirosbr/bigoilict/share/BigOil/document_generator/datasets/documents_2021_12_28/12anp2_20211228_164017_3400079320_600_800.png,12anp2_20211228_164017_3400079320_600_800_mask.png,641.5%
9,-2,18,-4,350,339,368,335,350,330,370,339,368,344,348,335,sub_line_text,figure_text,figure_0,,,,12anp2_20211228_164017_3400079320_600_800.png,/scratch/parceirosbr/bigoilict/share/BigOil/document_generator/datasets/documents_2021_12_28/12anp2_20211228_164017_3400079320_600_800.png,12anp2_20211228_164017_3400079320_600_800_mask.png,641.5%
10,-2,20,-4,391,346,411,342,391,336,414,346,411,352,388,342,text,figure_text,figure_0,,,,12anp2_20211228_164017_3400079320_600_800.png,/scratch/parceirosbr/bigoilict/share/BigOil/document_generator/datasets/documents_2021_12_28/12anp2_20211228_164017_3400079320_600_800.png,12anp2_20211228_164017_3400079320_600_800_mask.png,-5980.80
10,-2,20,-4,391,346,411,342,391,336,414,346,411,352,388,342,sub_line_text,figure_text,figure_0,,,,12anp2_20211228_164017_3400079320_600_800.png,/scratch/parceirosbr/bigoilict/share/BigOil/document_generator/datasets/documents_2021_12_28/12anp2_20211228_164017_3400079320_600_800.png,12anp2_20211228_164017_3400079320_600_800_mask.png,-5980.80
7,-1,14,-2,441,331,455,329,441,324,458,331,455,337,439,329,text,figure_text,figure_0,,,,12anp2_20211228_164017_3400079320_600_800.png,/scratch/parceirosbr/bigoilict/share/BigOil/document_generator/datasets/documents_2021_12_28/12anp2_20211228_164017_3400079320_600_800.png,12anp2_20211228_164017_3400079320_600_800_mask.png,-501.3
7,-1,14,-2,441,331,455,329,441,324,458,331,455,337,439,329,sub_line_text,figure_text,figure_0,,,,12anp2_20211228_164017_3400079320_600_800.png,/scratch/parceirosbr/bigoilict/share/BigOil/document_generator/datasets/documents_2021_12_28/12anp2_20211228_164017_3400079320_600_800.png,12anp2_20211228_164017_3400079320_600_800_mask.png,-501.3
6,0,13,-1,341,289,354,288,341,282,356,289,354,295,338,288,text,figure_text,figure_0,,,,12anp2_20211228_164017_3400079320_600_800.png,/scratch/parceirosbr/bigoilict/share/BigOil/document_generator/datasets/documents_2021_12_28/12anp2_20211228_164017_3400079320_600_800.png,12anp2_20211228_164017_3400079320_600_800_mask.png,-6216
6,0,13,-1,341,289,354,288,341,282,356,289,354,295,338,288,sub_line_text,figure_text,figure_0,,,,12anp2_20211228_164017_3400079320_600_800.png,/scratch/parceirosbr/bigoilict/share/BigOil/document_generator/datasets/documents_2021_12_28/12anp2_20211228_164017_3400079320_600_800.png,12anp2_20211228_164017_3400079320_600_800_mask.png,-6216
14,-3,29,-7,415,229,444,222,415,215,447,229,444,236,411,222,text,figure_text,figure_0,,,,12anp2_20211228_164017_3400079320_600_800.png,/scratch/parceirosbr/bigoilict/share/BigOil/document_generator/datasets/documents_2021_12_28/12anp2_20211228_164017_3400079320_600_800.png,12anp2_20211228_164017_3400079320_600_800_mask.png,Quality(KB)
14,-3,29,-7,415,229,444,222,415,215,447,229,444,236,411,222,sub_line_text,figure_text,figure_0,,,,12anp2_20211228_164017_3400079320_600_800.png,/scratch/parceirosbr/bigoilict/share/BigOil/document_generator/datasets/documents_2021_12_28/12anp2_20211228_164017_3400079320_600_800.png,12anp2_20211228_164017_3400079320_600_800_mask.png,Quality(KB)
5,0,11,0,463,300,474,300,463,294,476,300,474,306,460,300,text,figure_text,figure_0,,,,12anp2_20211228_164017_3400079320_600_800.png,/scratch/parceirosbr/bigoilict/share/BigOil/document_generator/datasets/documents_2021_12_28/12anp2_20211228_164017_3400079320_600_800.png,12anp2_20211228_164017_3400079320_600_800_mask.png,-23.7
5,0,11,0,463,300,474,300,463,294,476,300,474,306,460,300,sub_line_text,figure_text,figure_0,,,,12anp2_20211228_164017_3400079320_600_800.png,/scratch/parceirosbr/bigoilict/share/BigOil/document_generator/datasets/documents_2021_12_28/12anp2_20211228_164017_3400079320_600_800.png,12anp2_20211228_164017_3400079320_600_800_mask.png,-23.7
9,-1,19,-3,341,313,360,310,341,303,364,313,360,320,338,310,text,figure_text,figure_0,,,,12anp2_20211228_164017_3400079320_600_800.png,/scratch/parceirosbr/bigoilict/share/BigOil/document_generator/datasets/documents_2021_12_28/12anp2_20211228_164017_3400079320_600_800.png,12anp2_20211228_164017_3400079320_600_800_mask.png,Intensity
9,-1,19,-3,341,313,360,310,341,303,364,313,360,320,338,310,sub_line_text,figure_text,figure_0,,,,12anp2_20211228_164017_3400079320_600_800.png,/scratch/parceirosbr/bigoilict/share/BigOil/document_generator/datasets/documents_2021_12_28/12anp2_20211228_164017_3400079320_600_800.png,12anp2_20211228_164017_3400079320_600_800_mask.png,Intensity
8,-1,17,-2,438,287,455,285,438,278,459,287,455,294,434,285,text,figure_text,figure_0,,,,12anp2_20211228_164017_3400079320_600_800.png,/scratch/parceirosbr/bigoilict/share/BigOil/document_generator/datasets/documents_2021_12_28/12anp2_20211228_164017_3400079320_600_800.png,12anp2_20211228_164017_3400079320_600_800_mask.png,Fluency
8,-1,17,-2,438,287,455,285,438,278,459,287,455,294,434,285,sub_line_text,figure_text,figure_0,,,,12anp2_20211228_164017_3400079320_600_800.png,/scratch/parceirosbr/bigoilict/share/BigOil/document_generator/datasets/documents_2021_12_28/12anp2_20211228_164017_3400079320_600_800.png,12anp2_20211228_164017_3400079320_600_800_mask.png,Fluency
8,-1,17,-3,341,196,358,193,341,187,360,196,358,202,338,193,text,figure_text,figure_0,,,,12anp2_20211228_164017_3400079320_600_800.png,/scratch/parceirosbr/bigoilict/share/BigOil/document_generator/datasets/documents_2021_12_28/12anp2_20211228_164017_3400079320_600_800.png,12anp2_20211228_164017_3400079320_600_800_mask.png,-5857.5
8,-1,17,-3,341,196,358,193,341,187,360,196,358,202,338,193,sub_line_text,figure_text,figure_0,,,,12anp2_20211228_164017_3400079320_600_800.png,/scratch/parceirosbr/bigoilict/share/BigOil/document_generator/datasets/documents_2021_12_28/12anp2_20211228_164017_3400079320_600_800.png,12anp2_20211228_164017_3400079320_600_800_mask.png,-5857.5
9,-2,18,-4,422,199,440,195,422,190,443,199,440,204,419,195,text,figure_text,figure_0,,,,12anp2_20211228_164017_3400079320_600_800.png,/scratch/parceirosbr/bigoilict/share/BigOil/document_generator/datasets/documents_2021_12_28/12anp2_20211228_164017_3400079320_600_800.png,12anp2_20211228_164017_3400079320_600_800_mask.png,-7482%
9,-2,18,-4,422,199,440,195,422,190,443,199,440,204,419,195,sub_line_text,figure_text,figure_0,,,,12anp2_20211228_164017_3400079320_600_800.png,/scratch/parceirosbr/bigoilict/share/BigOil/document_generator/datasets/documents_2021_12_28/12anp2_20211228_164017_3400079320_600_800.png,12anp2_20211228_164017_3400079320_600_800_mask.png,-7482%
12,-3,24,-7,376,326,400,319,376,314,403,326,400,331,373,319,text,figure_text,figure_0,,,,12anp2_20211228_164017_3400079320_600_800.png,/scratch/parceirosbr/bigoilict/share/BigOil/document_generator/datasets/documents_2021_12_28/12anp2_20211228_164017_3400079320_600_800.png,12anp2_20211228_164017_3400079320_600_800_mask.png,-5672.765
12,-3,24,-7,376,326,400,319,376,314,403,326,400,331,373,319,sub_line_text,figure_text,figure_0,,,,12anp2_20211228_164017_3400079320_600_800.png,/scratch/parceirosbr/bigoilict/share/BigOil/document_generator/datasets/documents_2021_12_28/12anp2_20211228_164017_3400079320_600_800.png,12anp2_20211228_164017_3400079320_600_800_mask.png,-5672.765
11,-2,22,-5,408,285,430,280,408,274,433,285,430,291,405,280,text,figure_text,figure_0,,,,12anp2_20211228_164017_3400079320_600_800.png,/scratch/parceirosbr/bigoilict/share/BigOil/document_generator/datasets/documents_2021_12_28/12anp2_20211228_164017_3400079320_600_800.png,12anp2_20211228_164017_3400079320_600_800_mask.png,-1783.7%
11,-2,22,-5,408,285,430,280,408,274,433,285,430,291,405,280,sub_line_text,figure_text,figure_0,,,,12anp2_20211228_164017_3400079320_600_800.png,/scratch/parceirosbr/bigoilict/share/BigOil/document_generator/datasets/documents_2021_12_28/12anp2_20211228_164017_3400079320_600_800.png,12anp2_20211228_164017_3400079320_600_800_mask.png,-1783.7%
8,-1,17,-2,386,301,403,299,386,292,406,301,403,308,383,299,text,figure_text,figure_0,,,,12anp2_20211228_164017_3400079320_600_800.png,/scratch/parceirosbr/bigoilict/share/BigOil/document_generator/datasets/documents_2021_12_28/12anp2_20211228_164017_3400079320_600_800.png,12anp2_20211228_164017_3400079320_600_800_mask.png,Voltage
8,-1,17,-2,386,301,403,299,386,292,406,301,403,308,383,299,sub_line_text,figure_text,figure_0,,,,12anp2_20211228_164017_3400079320_600_800.png,/scratch/parceirosbr/bigoilict/share/BigOil/document_generator/datasets/documents_2021_12_28/12anp2_20211228_164017_3400079320_600_800.png,12anp2_20211228_164017_3400079320_600_800_mask.png,Voltage
15,-3,30,-7,370,243,400,236,370,228,403,243,400,250,366,236,text,figure_text,figure_0,,,,12anp2_20211228_164017_3400079320_600_800.png,/scratch/parceirosbr/bigoilict/share/BigOil/document_generator/datasets/documents_2021_12_28/12anp2_20211228_164017_3400079320_600_800.png,12anp2_20211228_164017_3400079320_600_800_mask.png,Permeability
15,-3,30,-7,370,243,400,236,370,228,403,243,400,250,366,236,sub_line_text,figure_text,figure_0,,,,12anp2_20211228_164017_3400079320_600_800.png,/scratch/parceirosbr/bigoilict/share/BigOil/document_generator/datasets/documents_2021_12_28/12anp2_20211228_164017_3400079320_600_800.png,12anp2_20211228_164017_3400079320_600_800_mask.png,Permeability
6,0,12,-1,351,226,363,225,351,220,366,226,363,232,348,225,text,figure_text,figure_0,,,,12anp2_20211228_164017_3400079320_600_800.png,/scratch/parceirosbr/bigoilict/share/BigOil/document_generator/datasets/documents_2021_12_28/12anp2_20211228_164017_3400079320_600_800.png,12anp2_20211228_164017_3400079320_600_800_mask.png,-2611
6,0,12,-1,351,226,363,225,351,220,366,226,363,232,348,225,sub_line_text,figure_text,figure_0,,,,12anp2_20211228_164017_3400079320_600_800.png,/scratch/parceirosbr/bigoilict/share/BigOil/document_generator/datasets/documents_2021_12_28/12anp2_20211228_164017_3400079320_600_800.png,12anp2_20211228_164017_3400079320_600_800_mask.png,-2611
6,0,12,-1,408,260,420,259,408,254,423,260,420,266,405,259,text,figure_text,figure_0,,,,12anp2_20211228_164017_3400079320_600_800.png,/scratch/parceirosbr/bigoilict/share/BigOil/document_generator/datasets/documents_2021_12_28/12anp2_20211228_164017_3400079320_600_800.png,12anp2_20211228_164017_3400079320_600_800_mask.png,-2953
6,0,12,-1,408,260,420,259,408,254,423,260,420,266,405,259,sub_line_text,figure_text,figure_0,,,,12anp2_20211228_164017_3400079320_600_800.png,/scratch/parceirosbr/bigoilict/share/BigOil/document_generator/datasets/documents_2021_12_28/12anp2_20211228_164017_3400079320_600_800.png,12anp2_20211228_164017_3400079320_600_800_mask.png,-2953
15,-4,30,-8,448,199,478,191,448,184,481,199,478,206,445,191,text,figure_text,figure_0,,,,12anp2_20211228_164017_3400079320_600_800.png,/scratch/parceirosbr/bigoilict/share/BigOil/document_generator/datasets/documents_2021_12_28/12anp2_20211228_164017_3400079320_600_800.png,12anp2_20211228_164017_3400079320_600_800_mask.png,Gender (BL)
15,-4,30,-8,448,199,478,191,448,184,481,199,478,206,445,191,sub_line_text,figure_text,figure_0,,,,12anp2_20211228_164017_3400079320_600_800.png,/scratch/parceirosbr/bigoilict/share/BigOil/document_generator/datasets/documents_2021_12_28/12anp2_20211228_164017_3400079320_600_800.png,12anp2_20211228_164017_3400079320_600_800_mask.png,Gender (BL)
11,-3,23,-6,383,215,406,209,383,204,408,215,406,220,380,209,text,figure_text,figure_0,,,,12anp2_20211228_164017_3400079320_600_800.png,/scratch/parceirosbr/bigoilict/share/BigOil/document_generator/datasets/documents_2021_12_28/12anp2_20211228_164017_3400079320_600_800.png,12anp2_20211228_164017_3400079320_600_800_mask.png,-9913.6%
11,-3,23,-6,383,215,406,209,383,204,408,215,406,220,380,209,sub_line_text,figure_text,figure_0,,,,12anp2_20211228_164017_3400079320_600_800.png,/scratch/parceirosbr/bigoilict/share/BigOil/document_generator/datasets/documents_2021_12_28/12anp2_20211228_164017_3400079320_600_800.png,12anp2_20211228_164017_3400079320_600_800_mask.png,-9913.6%
9,-2,18,-4,457,229,475,225,457,220,477,229,475,234,454,225,text,figure_text,figure_0,,,,12anp2_20211228_164017_3400079320_600_800.png,/scratch/parceirosbr/bigoilict/share/BigOil/document_generator/datasets/documents_2021_12_28/12anp2_20211228_164017_3400079320_600_800.png,12anp2_20211228_164017_3400079320_600_800_mask.png,-9796%
9,-2,18,-4,457,229,475,225,457,220,477,229,475,234,454,225,sub_line_text,figure_text,figure_0,,,,12anp2_20211228_164017_3400079320_600_800.png,/scratch/parceirosbr/bigoilict/share/BigOil/document_generator/datasets/documents_2021_12_28/12anp2_20211228_164017_3400079320_600_800.png,12anp2_20211228_164017_3400079320_600_800_mask.png,-9796%
9,-2,18,-4,436,348,454,344,436,339,456,348,454,353,433,344,text,figure_text,figure_0,,,,12anp2_20211228_164017_3400079320_600_800.png,/scratch/parceirosbr/bigoilict/share/BigOil/document_generator/datasets/documents_2021_12_28/12anp2_20211228_164017_3400079320_600_800.png,12anp2_20211228_164017_3400079320_600_800_mask.png,-4122%
9,-2,18,-4,436,348,454,344,436,339,456,348,454,353,433,344,sub_line_text,figure_text,figure_0,,,,12anp2_20211228_164017_3400079320_600_800.png,/scratch/parceirosbr/bigoilict/share/BigOil/document_generator/datasets/documents_2021_12_28/12anp2_20211228_164017_3400079320_600_800.png,12anp2_20211228_164017_3400079320_600_800_mask.png,-4122%
8,-1,17,-3,332,212,349,209,332,203,352,212,349,217,329,209,text,figure_text,figure_0,,,,12anp2_20211228_164017_3400079320_600_800.png,/scratch/parceirosbr/bigoilict/share/BigOil/document_generator/datasets/documents_2021_12_28/12anp2_20211228_164017_3400079320_600_800.png,12anp2_20211228_164017_3400079320_600_800_mask.png,-7633.3
8,-1,17,-3,332,212,349,209,332,203,352,212,349,217,329,209,sub_line_text,figure_text,figure_0,,,,12anp2_20211228_164017_3400079320_600_800.png,/scratch/parceirosbr/bigoilict/share/BigOil/document_generator/datasets/documents_2021_12_28/12anp2_20211228_164017_3400079320_600_800.png,12anp2_20211228_164017_3400079320_600_800_mask.png,-7633.3
9,-2,19,-4,374,282,393,278,374,272,396,282,393,288,372,278,text,figure_text,figure_0,,,,12anp2_20211228_164017_3400079320_600_800.png,/scratch/parceirosbr/bigoilict/share/BigOil/document_generator/datasets/documents_2021_12_28/12anp2_20211228_164017_3400079320_600_800.png,12anp2_20211228_164017_3400079320_600_800_mask.png,297.865
9,-2,19,-4,374,282,393,278,374,272,396,282,393,288,372,278,sub_line_text,figure_text,figure_0,,,,12anp2_20211228_164017_3400079320_600_800.png,/scratch/parceirosbr/bigoilict/share/BigOil/document_generator/datasets/documents_2021_12_28/12anp2_20211228_164017_3400079320_600_800.png,12anp2_20211228_164017_3400079320_600_800_mask.png,297.865
8,-1,17,-3,382,260,399,257,382,251,401,260,399,266,379,257,text,figure_text,figure_0,,,,12anp2_20211228_164017_3400079320_600_800.png,/scratch/parceirosbr/bigoilict/share/BigOil/document_generator/datasets/documents_2021_12_28/12anp2_20211228_164017_3400079320_600_800.png,12anp2_20211228_164017_3400079320_600_800_mask.png,Particle
8,-1,17,-3,382,260,399,257,382,251,401,260,399,266,379,257,sub_line_text,figure_text,figure_0,,,,12anp2_20211228_164017_3400079320_600_800.png,/scratch/parceirosbr/bigoilict/share/BigOil/document_generator/datasets/documents_2021_12_28/12anp2_20211228_164017_3400079320_600_800.png,12anp2_20211228_164017_3400079320_600_800_mask.png,Particle
8,-1,17,-3,432,316,449,313,432,307,452,316,449,321,429,313,text,figure_text,figure_0,,,,12anp2_20211228_164017_3400079320_600_800.png,/scratch/parceirosbr/bigoilict/share/BigOil/document_generator/datasets/documents_2021_12_28/12anp2_20211228_164017_3400079320_600_800.png,12anp2_20211228_164017_3400079320_600_800_mask.png,-4339.7
8,-1,17,-3,432,316,449,313,432,307,452,316,449,321,429,313,sub_line_text,figure_text,figure_0,,,,12anp2_20211228_164017_3400079320_600_800.png,/scratch/parceirosbr/bigoilict/share/BigOil/document_generator/datasets/documents_2021_12_28/12anp2_20211228_164017_3400079320_600_800.png,12anp2_20211228_164017_3400079320_600_800_mask.png,-4339.7
12,-3,24,-6,336,249,360,243,336,237,363,249,360,255,333,243,text,figure_text,figure_0,,,,12anp2_20211228_164017_3400079320_600_800.png,/scratch/parceirosbr/bigoilict/share/BigOil/document_generator/datasets/documents_2021_12_28/12anp2_20211228_164017_3400079320_600_800.png,12anp2_20211228_164017_3400079320_600_800_mask.png,-7089.232
12,-3,24,-6,336,249,360,243,336,237,363,249,360,255,333,243,sub_line_text,figure_text,figure_0,,,,12anp2_20211228_164017_3400079320_600_800.png,/scratch/parceirosbr/bigoilict/share/BigOil/document_generator/datasets/documents_2021_12_28/12anp2_20211228_164017_3400079320_600_800.png,12anp2_20211228_164017_3400079320_600_800_mask.png,-7089.232
3,0,7,1,412,298,419,299,412,294,422,298,419,304,410,299,text,figure_text,figure_0,,,,12anp2_20211228_164017_3400079320_600_800.png,/scratch/parceirosbr/bigoilict/share/BigOil/document_generator/datasets/documents_2021_12_28/12anp2_20211228_164017_3400079320_600_800.png,12anp2_20211228_164017_3400079320_600_800_mask.png,704
3,0,7,1,412,298,419,299,412,294,422,298,419,304,410,299,sub_line_text,figure_text,figure_0,,,,12anp2_20211228_164017_3400079320_600_800.png,/scratch/parceirosbr/bigoilict/share/BigOil/document_generator/datasets/documents_2021_12_28/12anp2_20211228_164017_3400079320_600_800.png,12anp2_20211228_164017_3400079320_600_800_mask.png,704
7,-1,15,-2,409,322,424,320,409,315,426,322,424,328,406,320,text,figure_text,figure_0,,,,12anp2_20211228_164017_3400079320_600_800.png,/scratch/parceirosbr/bigoilict/share/BigOil/document_generator/datasets/documents_2021_12_28/12anp2_20211228_164017_3400079320_600_800.png,12anp2_20211228_164017_3400079320_600_800_mask.png,Scores
7,-1,15,-2,409,322,424,320,409,315,426,322,424,328,406,320,sub_line_text,figure_text,figure_0,,,,12anp2_20211228_164017_3400079320_600_800.png,/scratch/parceirosbr/bigoilict/share/BigOil/document_generator/datasets/documents_2021_12_28/12anp2_20211228_164017_3400079320_600_800.png,12anp2_20211228_164017_3400079320_600_800_mask.png,Scores
190,90,381,180,147,398,528,578,147,398,528,398,528,578,147,578,table,table_image,table_2,,,,12anp2_20211228_164017_3400079320_600_800.png,/scratch/parceirosbr/bigoilict/share/BigOil/document_generator/datasets/documents_2021_12_28/12anp2_20211228_164017_3400079320_600_800.png,12anp2_20211228_164017_3400079320_600_800_mask.png,output/gen_tab_20211228_164022_5597331683.png
18,5,36,10,169,403,205,413,169,403,205,403,205,413,169,413,text,table_text,table_2,opensans,regular,8.0,12anp2_20211228_164017_3400079320_600_800.png,/scratch/parceirosbr/bigoilict/share/BigOil/document_generator/datasets/documents_2021_12_28/12anp2_20211228_164017_3400079320_600_800.png,12anp2_20211228_164017_3400079320_600_800_mask.png,principais
18,5,36,10,169,403,205,413,169,403,205,403,205,413,169,413,sub_line_text,table_text,table_2,opensans,regular,8.0,12anp2_20211228_164017_3400079320_600_800.png,/scratch/parceirosbr/bigoilict/share/BigOil/document_generator/datasets/documents_2021_12_28/12anp2_20211228_164017_3400079320_600_800.png,12anp2_20211228_164017_3400079320_600_800_mask.png,principais
11,5,22,10,183,416,205,426,183,416,205,416,205,426,183,426,text,table_text,table_2,opensans,bold,8.0,12anp2_20211228_164017_3400079320_600_800.png,/scratch/parceirosbr/bigoilict/share/BigOil/document_generator/datasets/documents_2021_12_28/12anp2_20211228_164017_3400079320_600_800.png,12anp2_20211228_164017_3400079320_600_800_mask.png,4.021
11,5,22,10,183,416,205,426,183,416,205,416,205,426,183,426,sub_line_text,table_text,table_2,opensans,bold,8.0,12anp2_20211228_164017_3400079320_600_800.png,/scratch/parceirosbr/bigoilict/share/BigOil/document_generator/datasets/documents_2021_12_28/12anp2_20211228_164017_3400079320_600_800.png,12anp2_20211228_164017_3400079320_600_800_mask.png,4.021
11,5,22,10,183,429,205,439,183,429,205,429,205,439,183,439,text,table_text,table_2,opensans,bold,8.0,12anp2_20211228_164017_3400079320_600_800.png,/scratch/parceirosbr/bigoilict/share/BigOil/document_generator/datasets/documents_2021_12_28/12anp2_20211228_164017_3400079320_600_800.png,12anp2_20211228_164017_3400079320_600_800_mask.png,6.364
11,5,22,10,183,429,205,439,183,429,205,429,205,439,183,439,sub_line_text,table_text,table_2,opensans,bold,8.0,12anp2_20211228_164017_3400079320_600_800.png,/scratch/parceirosbr/bigoilict/share/BigOil/document_generator/datasets/documents_2021_12_28/12anp2_20211228_164017_3400079320_600_800.png,12anp2_20211228_164017_3400079320_600_800_mask.png,6.364
11,5,22,10,183,442,205,452,183,442,205,442,205,452,183,452,text,table_text,table_2,opensans,bold,8.0,12anp2_20211228_164017_3400079320_600_800.png,/scratch/parceirosbr/bigoilict/share/BigOil/document_generator/datasets/documents_2021_12_28/12anp2_20211228_164017_3400079320_600_800.png,12anp2_20211228_164017_3400079320_600_800_mask.png,6.646
11,5,22,10,183,442,205,452,183,442,205,442,205,452,183,452,sub_line_text,table_text,table_2,opensans,bold,8.0,12anp2_20211228_164017_3400079320_600_800.png,/scratch/parceirosbr/bigoilict/share/BigOil/document_generator/datasets/documents_2021_12_28/12anp2_20211228_164017_3400079320_600_800.png,12anp2_20211228_164017_3400079320_600_800_mask.png,6.646
11,5,22,10,183,455,205,465,183,455,205,455,205,465,183,465,text,table_text,table_2,opensans,bold,8.0,12anp2_20211228_164017_3400079320_600_800.png,/scratch/parceirosbr/bigoilict/share/BigOil/document_generator/datasets/documents_2021_12_28/12anp2_20211228_164017_3400079320_600_800.png,12anp2_20211228_164017_3400079320_600_800_mask.png,1.305
11,5,22,10,183,455,205,465,183,455,205,455,205,465,183,465,sub_line_text,table_text,table_2,opensans,bold,8.0,12anp2_20211228_164017_3400079320_600_800.png,/scratch/parceirosbr/bigoilict/share/BigOil/document_generator/datasets/documents_2021_12_28/12anp2_20211228_164017_3400079320_600_800.png,12anp2_20211228_164017_3400079320_600_800_mask.png,1.305
11,5,22,10,183,468,205,478,183,468,205,468,205,478,183,478,text,table_text,table_2,opensans,bold,8.0,12anp2_20211228_164017_3400079320_600_800.png,/scratch/parceirosbr/bigoilict/share/BigOil/document_generator/datasets/documents_2021_12_28/12anp2_20211228_164017_3400079320_600_800.png,12anp2_20211228_164017_3400079320_600_800_mask.png,4.840
11,5,22,10,183,468,205,478,183,468,205,468,205,478,183,478,sub_line_text,table_text,table_2,opensans,bold,8.0,12anp2_20211228_164017_3400079320_600_800.png,/scratch/parceirosbr/bigoilict/share/BigOil/document_generator/datasets/documents_2021_12_28/12anp2_20211228_164017_3400079320_600_800.png,12anp2_20211228_164017_3400079320_600_800_mask.png,4.840
11,5,22,10,183,481,205,491,183,481,205,481,205,491,183,491,text,table_text,table_2,opensans,bold,8.0,12anp2_20211228_164017_3400079320_600_800.png,/scratch/parceirosbr/bigoilict/share/BigOil/document_generator/datasets/documents_2021_12_28/12anp2_20211228_164017_3400079320_600_800.png,12anp2_20211228_164017_3400079320_600_800_mask.png,6.729
11,5,22,10,183,481,205,491,183,481,205,481,205,491,183,491,sub_line_text,table_text,table_2,opensans,bold,8.0,12anp2_20211228_164017_3400079320_600_800.png,/scratch/parceirosbr/bigoilict/share/BigOil/document_generator/datasets/documents_2021_12_28/12anp2_20211228_164017_3400079320_600_800.png,12anp2_20211228_164017_3400079320_600_800_mask.png,6.729
11,5,22,10,183,494,205,504,183,494,205,494,205,504,183,504,text,table_text,table_2,opensans,bold,8.0,12anp2_20211228_164017_3400079320_600_800.png,/scratch/parceirosbr/bigoilict/share/BigOil/document_generator/datasets/documents_2021_12_28/12anp2_20211228_164017_3400079320_600_800.png,12anp2_20211228_164017_3400079320_600_800_mask.png,6.183
11,5,22,10,183,494,205,504,183,494,205,494,205,504,183,504,sub_line_text,table_text,table_2,opensans,bold,8.0,12anp2_20211228_164017_3400079320_600_800.png,/scratch/parceirosbr/bigoilict/share/BigOil/document_generator/datasets/documents_2021_12_28/12anp2_20211228_164017_3400079320_600_800.png,12anp2_20211228_164017_3400079320_600_800_mask.png,6.183
11,5,22,10,183,507,205,517,183,507,205,507,205,517,183,517,text,table_text,table_2,opensans,bold,8.0,12anp2_20211228_164017_3400079320_600_800.png,/scratch/parceirosbr/bigoilict/share/BigOil/document_generator/datasets/documents_2021_12_28/12anp2_20211228_164017_3400079320_600_800.png,12anp2_20211228_164017_3400079320_600_800_mask.png,4.331
11,5,22,10,183,507,205,517,183,507,205,507,205,517,183,517,sub_line_text,table_text,table_2,opensans,bold,8.0,12anp2_20211228_164017_3400079320_600_800.png,/scratch/parceirosbr/bigoilict/share/BigOil/document_generator/datasets/documents_2021_12_28/12anp2_20211228_164017_3400079320_600_800.png,12anp2_20211228_164017_3400079320_600_800_mask.png,4.331
11,5,22,10,183,520,205,530,183,520,205,520,205,530,183,530,text,table_text,table_2,opensans,bold,8.0,12anp2_20211228_164017_3400079320_600_800.png,/scratch/parceirosbr/bigoilict/share/BigOil/document_generator/datasets/documents_2021_12_28/12anp2_20211228_164017_3400079320_600_800.png,12anp2_20211228_164017_3400079320_600_800_mask.png,4.118
11,5,22,10,183,520,205,530,183,520,205,520,205,530,183,530,sub_line_text,table_text,table_2,opensans,bold,8.0,12anp2_20211228_164017_3400079320_600_800.png,/scratch/parceirosbr/bigoilict/share/BigOil/document_generator/datasets/documents_2021_12_28/12anp2_20211228_164017_3400079320_600_800.png,12anp2_20211228_164017_3400079320_600_800_mask.png,4.118
11,5,22,10,183,533,205,543,183,533,205,533,205,543,183,543,text,table_text,table_2,opensans,bold,8.0,12anp2_20211228_164017_3400079320_600_800.png,/scratch/parceirosbr/bigoilict/share/BigOil/document_generator/datasets/documents_2021_12_28/12anp2_20211228_164017_3400079320_600_800.png,12anp2_20211228_164017_3400079320_600_800_mask.png,4.439
11,5,22,10,183,533,205,543,183,533,205,533,205,543,183,543,sub_line_text,table_text,table_2,opensans,bold,8.0,12anp2_20211228_164017_3400079320_600_800.png,/scratch/parceirosbr/bigoilict/share/BigOil/document_generator/datasets/documents_2021_12_28/12anp2_20211228_164017_3400079320_600_800.png,12anp2_20211228_164017_3400079320_600_800_mask.png,4.439
11,5,22,10,183,546,205,556,183,546,205,546,205,556,183,556,text,table_text,table_2,opensans,bold,8.0,12anp2_20211228_164017_3400079320_600_800.png,/scratch/parceirosbr/bigoilict/share/BigOil/document_generator/datasets/documents_2021_12_28/12anp2_20211228_164017_3400079320_600_800.png,12anp2_20211228_164017_3400079320_600_800_mask.png,4.614
11,5,22,10,183,546,205,556,183,546,205,546,205,556,183,556,sub_line_text,table_text,table_2,opensans,bold,8.0,12anp2_20211228_164017_3400079320_600_800.png,/scratch/parceirosbr/bigoilict/share/BigOil/document_generator/datasets/documents_2021_12_28/12anp2_20211228_164017_3400079320_600_800.png,12anp2_20211228_164017_3400079320_600_800_mask.png,4.614
11,5,22,10,500,559,522,569,500,559,522,559,522,569,500,569,text,table_text,table_2,opensans,bold,8.0,12anp2_20211228_164017_3400079320_600_800.png,/scratch/parceirosbr/bigoilict/share/BigOil/document_generator/datasets/documents_2021_12_28/12anp2_20211228_164017_3400079320_600_800.png,12anp2_20211228_164017_3400079320_600_800_mask.png,2.460
11,5,22,10,500,559,522,569,500,559,522,559,522,569,500,569,sub_line_text,table_text,table_2,opensans,bold,8.0,12anp2_20211228_164017_3400079320_600_800.png,/scratch/parceirosbr/bigoilict/share/BigOil/document_generator/datasets/documents_2021_12_28/12anp2_20211228_164017_3400079320_600_800.png,12anp2_20211228_164017_3400079320_600_800_mask.png,2.460
8,5,17,10,250,403,267,413,250,403,267,403,267,413,250,413,text,table_text,table_2,opensans,regular,8.0,12anp2_20211228_164017_3400079320_600_800.png,/scratch/parceirosbr/bigoilict/share/BigOil/document_generator/datasets/documents_2021_12_28/12anp2_20211228_164017_3400079320_600_800.png,12anp2_20211228_164017_3400079320_600_800_mask.png,ideal
8,5,17,10,250,403,267,413,250,403,267,403,267,413,250,413,sub_line_text,table_text,table_2,opensans,regular,8.0,12anp2_20211228_164017_3400079320_600_800.png,/scratch/parceirosbr/bigoilict/share/BigOil/document_generator/datasets/documents_2021_12_28/12anp2_20211228_164017_3400079320_600_800.png,12anp2_20211228_164017_3400079320_600_800_mask.png,ideal
26,5,52,10,215,416,267,426,215,416,267,416,267,426,215,426,text,table_text,table_2,opensans,bold,8.0,12anp2_20211228_164017_3400079320_600_800.png,/scratch/parceirosbr/bigoilict/share/BigOil/document_generator/datasets/documents_2021_12_28/12anp2_20211228_164017_3400079320_600_800.png,12anp2_20211228_164017_3400079320_600_800_mask.png,56091781.42
26,5,52,10,215,416,267,426,215,416,267,416,267,426,215,426,sub_line_text,table_text,table_2,opensans,bold,8.0,12anp2_20211228_164017_3400079320_600_800.png,/scratch/parceirosbr/bigoilict/share/BigOil/document_generator/datasets/documents_2021_12_28/12anp2_20211228_164017_3400079320_600_800.png,12anp2_20211228_164017_3400079320_600_800_mask.png,56091781.42
26,5,52,10,215,429,267,439,215,429,267,429,267,439,215,439,text,table_text,table_2,opensans,bold,8.0,12anp2_20211228_164017_3400079320_600_800.png,/scratch/parceirosbr/bigoilict/share/BigOil/document_generator/datasets/documents_2021_12_28/12anp2_20211228_164017_3400079320_600_800.png,12anp2_20211228_164017_3400079320_600_800_mask.png,47011729.49
26,5,52,10,215,429,267,439,215,429,267,429,267,439,215,439,sub_line_text,table_text,table_2,opensans,bold,8.0,12anp2_20211228_164017_3400079320_600_800.png,/scratch/parceirosbr/bigoilict/share/BigOil/document_generator/datasets/documents_2021_12_28/12anp2_20211228_164017_3400079320_600_800.png,12anp2_20211228_164017_3400079320_600_800_mask.png,47011729.49
26,5,52,10,215,442,267,452,215,442,267,442,267,452,215,452,text,table_text,table_2,opensans,bold,8.0,12anp2_20211228_164017_3400079320_600_800.png,/scratch/parceirosbr/bigoilict/share/BigOil/document_generator/datasets/documents_2021_12_28/12anp2_20211228_164017_3400079320_600_800.png,12anp2_20211228_164017_3400079320_600_800_mask.png,18893791.20
26,5,52,10,215,442,267,452,215,442,267,442,267,452,215,452,sub_line_text,table_text,table_2,opensans,bold,8.0,12anp2_20211228_164017_3400079320_600_800.png,/scratch/parceirosbr/bigoilict/share/BigOil/document_generator/datasets/documents_2021_12_28/12anp2_20211228_164017_3400079320_600_800.png,12anp2_20211228_164017_3400079320_600_800_mask.png,18893791.20
26,5,52,10,215,455,267,465,215,455,267,455,267,465,215,465,text,table_text,table_2,opensans,bold,8.0,12anp2_20211228_164017_3400079320_600_800.png,/scratch/parceirosbr/bigoilict/share/BigOil/document_generator/datasets/documents_2021_12_28/12anp2_20211228_164017_3400079320_600_800.png,12anp2_20211228_164017_3400079320_600_800_mask.png,18503125.13
26,5,52,10,215,455,267,465,215,455,267,455,267,465,215,465,sub_line_text,table_text,table_2,opensans,bold,8.0,12anp2_20211228_164017_3400079320_600_800.png,/scratch/parceirosbr/bigoilict/share/BigOil/document_generator/datasets/documents_2021_12_28/12anp2_20211228_164017_3400079320_600_800.png,12anp2_20211228_164017_3400079320_600_800_mask.png,18503125.13
26,5,52,10,215,468,267,478,215,468,267,468,267,478,215,478,text,table_text,table_2,opensans,bold,8.0,12anp2_20211228_164017_3400079320_600_800.png,/scratch/parceirosbr/bigoilict/share/BigOil/document_generator/datasets/documents_2021_12_28/12anp2_20211228_164017_3400079320_600_800.png,12anp2_20211228_164017_3400079320_600_800_mask.png,22930186.67
26,5,52,10,215,468,267,478,215,468,267,468,267,478,215,478,sub_line_text,table_text,table_2,opensans,bold,8.0,12anp2_20211228_164017_3400079320_600_800.png,/scratch/parceirosbr/bigoilict/share/BigOil/document_generator/datasets/documents_2021_12_28/12anp2_20211228_164017_3400079320_600_800.png,12anp2_20211228_164017_3400079320_600_800_mask.png,22930186.67
26,5,52,10,215,481,267,491,215,481,267,481,267,491,215,491,text,table_text,table_2,opensans,bold,8.0,12anp2_20211228_164017_3400079320_600_800.png,/scratch/parceirosbr/bigoilict/share/BigOil/document_generator/datasets/documents_2021_12_28/12anp2_20211228_164017_3400079320_600_800.png,12anp2_20211228_164017_3400079320_600_800_mask.png,75091775.67
26,5,52,10,215,481,267,491,215,481,267,481,267,491,215,491,sub_line_text,table_text,table_2,opensans,bold,8.0,12anp2_20211228_164017_3400079320_600_800.png,/scratch/parceirosbr/bigoilict/share/BigOil/document_generator/datasets/documents_2021_12_28/12anp2_20211228_164017_3400079320_600_800.png,12anp2_20211228_164017_3400079320_600_800_mask.png,75091775.67
26,5,52,10,215,494,267,504,215,494,267,494,267,504,215,504,text,table_text,table_2,opensans,bold,8.0,12anp2_20211228_164017_3400079320_600_800.png,/scratch/parceirosbr/bigoilict/share/BigOil/document_generator/datasets/documents_2021_12_28/12anp2_20211228_164017_3400079320_600_800.png,12anp2_20211228_164017_3400079320_600_800_mask.png,86913859.04
26,5,52,10,215,494,267,504,215,494,267,494,267,504,215,504,sub_line_text,table_text,table_2,opensans,bold,8.0,12anp2_20211228_164017_3400079320_600_800.png,/scratch/parceirosbr/bigoilict/share/BigOil/document_generator/datasets/documents_2021_12_28/12anp2_20211228_164017_3400079320_600_800.png,12anp2_20211228_164017_3400079320_600_800_mask.png,86913859.04
26,5,52,10,215,507,267,517,215,507,267,507,267,517,215,517,text,table_text,table_2,opensans,bold,8.0,12anp2_20211228_164017_3400079320_600_800.png,/scratch/parceirosbr/bigoilict/share/BigOil/document_generator/datasets/documents_2021_12_28/12anp2_20211228_164017_3400079320_600_800.png,12anp2_20211228_164017_3400079320_600_800_mask.png,80921522.46
26,5,52,10,215,507,267,517,215,507,267,507,267,517,215,517,sub_line_text,table_text,table_2,opensans,bold,8.0,12anp2_20211228_164017_3400079320_600_800.png,/scratch/parceirosbr/bigoilict/share/BigOil/document_generator/datasets/documents_2021_12_28/12anp2_20211228_164017_3400079320_600_800.png,12anp2_20211228_164017_3400079320_600_800_mask.png,80921522.46
26,5,52,10,215,520,267,530,215,520,267,520,267,530,215,530,text,table_text,table_2,opensans,bold,8.0,12anp2_20211228_164017_3400079320_600_800.png,/scratch/parceirosbr/bigoilict/share/BigOil/document_generator/datasets/documents_2021_12_28/12anp2_20211228_164017_3400079320_600_800.png,12anp2_20211228_164017_3400079320_600_800_mask.png,64951016.39
26,5,52,10,215,520,267,530,215,520,267,520,267,530,215,530,sub_line_text,table_text,table_2,opensans,bold,8.0,12anp2_20211228_164017_3400079320_600_800.png,/scratch/parceirosbr/bigoilict/share/BigOil/document_generator/datasets/documents_2021_12_28/12anp2_20211228_164017_3400079320_600_800.png,12anp2_20211228_164017_3400079320_600_800_mask.png,64951016.39
26,5,52,10,215,533,267,543,215,533,267,533,267,543,215,543,text,table_text,table_2,opensans,bold,8.0,12anp2_20211228_164017_3400079320_600_800.png,/scratch/parceirosbr/bigoilict/share/BigOil/document_generator/datasets/documents_2021_12_28/12anp2_20211228_164017_3400079320_600_800.png,12anp2_20211228_164017_3400079320_600_800_mask.png,27746331.58
26,5,52,10,215,533,267,543,215,533,267,533,267,543,215,543,sub_line_text,table_text,table_2,opensans,bold,8.0,12anp2_20211228_164017_3400079320_600_800.png,/scratch/parceirosbr/bigoilict/share/BigOil/document_generator/datasets/documents_2021_12_28/12anp2_20211228_164017_3400079320_600_800.png,12anp2_20211228_164017_3400079320_600_800_mask.png,27746331.58
26,5,52,10,215,546,267,556,215,546,267,546,267,556,215,556,text,table_text,table_2,opensans,bold,8.0,12anp2_20211228_164017_3400079320_600_800.png,/scratch/parceirosbr/bigoilict/share/BigOil/document_generator/datasets/documents_2021_12_28/12anp2_20211228_164017_3400079320_600_800.png,12anp2_20211228_164017_3400079320_600_800_mask.png,16768906.70
26,5,52,10,215,546,267,556,215,546,267,546,267,556,215,556,sub_line_text,table_text,table_2,opensans,bold,8.0,12anp2_20211228_164017_3400079320_600_800.png,/scratch/parceirosbr/bigoilict/share/BigOil/document_generator/datasets/documents_2021_12_28/12anp2_20211228_164017_3400079320_600_800.png,12anp2_20211228_164017_3400079320_600_800_mask.png,16768906.70
2,5,5,10,347,403,352,413,347,403,352,403,352,413,347,413,text,table_text,table_2,opensans,regular,8.0,12anp2_20211228_164017_3400079320_600_800.png,/scratch/parceirosbr/bigoilict/share/BigOil/document_generator/datasets/documents_2021_12_28/12anp2_20211228_164017_3400079320_600_800.png,12anp2_20211228_164017_3400079320_600_800_mask.png,Ã©
2,5,5,10,347,403,352,413,347,403,352,403,352,413,347,413,sub_line_text,table_text,table_2,opensans,regular,8.0,12anp2_20211228_164017_3400079320_600_800.png,/scratch/parceirosbr/bigoilict/share/BigOil/document_generator/datasets/documents_2021_12_28/12anp2_20211228_164017_3400079320_600_800.png,12anp2_20211228_164017_3400079320_600_800_mask.png,Ã©
28,5,57,10,295,416,352,426,295,416,352,416,352,426,295,426,text,table_text,table_2,opensans,bold,8.0,12anp2_20211228_164017_3400079320_600_800.png,/scratch/parceirosbr/bigoilict/share/BigOil/document_generator/datasets/documents_2021_12_28/12anp2_20211228_164017_3400079320_600_800.png,12anp2_20211228_164017_3400079320_600_800_mask.png,5620481.5474
28,5,57,10,295,416,352,426,295,416,352,416,352,426,295,426,sub_line_text,table_text,table_2,opensans,bold,8.0,12anp2_20211228_164017_3400079320_600_800.png,/scratch/parceirosbr/bigoilict/share/BigOil/document_generator/datasets/documents_2021_12_28/12anp2_20211228_164017_3400079320_600_800.png,12anp2_20211228_164017_3400079320_600_800_mask.png,5620481.5474
16,5,32,10,320,429,352,439,320,429,352,429,352,439,320,439,text,table_text,table_2,opensans,bold,8.0,12anp2_20211228_164017_3400079320_600_800.png,/scratch/parceirosbr/bigoilict/share/BigOil/document_generator/datasets/documents_2021_12_28/12anp2_20211228_164017_3400079320_600_800.png,12anp2_20211228_164017_3400079320_600_800_mask.png,92.9289
16,5,32,10,320,429,352,439,320,429,352,429,352,439,320,439,sub_line_text,table_text,table_2,opensans,bold,8.0,12anp2_20211228_164017_3400079320_600_800.png,/scratch/parceirosbr/bigoilict/share/BigOil/document_generator/datasets/documents_2021_12_28/12anp2_20211228_164017_3400079320_600_800.png,12anp2_20211228_164017_3400079320_600_800_mask.png,92.9289
26,5,52,10,300,442,352,452,300,442,352,442,352,452,300,452,text,table_text,table_2,opensans,bold,8.0,12anp2_20211228_164017_3400079320_600_800.png,/scratch/parceirosbr/bigoilict/share/BigOil/document_generator/datasets/documents_2021_12_28/12anp2_20211228_164017_3400079320_600_800.png,12anp2_20211228_164017_3400079320_600_800_mask.png,273468.1683
26,5,52,10,300,442,352,452,300,442,352,442,352,452,300,452,sub_line_text,table_text,table_2,opensans,bold,8.0,12anp2_20211228_164017_3400079320_600_800.png,/scratch/parceirosbr/bigoilict/share/BigOil/document_generator/datasets/documents_2021_12_28/12anp2_20211228_164017_3400079320_600_800.png,12anp2_20211228_164017_3400079320_600_800_mask.png,273468.1683
23,5,47,10,305,455,352,465,305,455,352,455,352,465,305,465,text,table_text,table_2,opensans,bold,8.0,12anp2_20211228_164017_3400079320_600_800.png,/scratch/parceirosbr/bigoilict/share/BigOil/document_generator/datasets/documents_2021_12_28/12anp2_20211228_164017_3400079320_600_800.png,12anp2_20211228_164017_3400079320_600_800_mask.png,27569.9229
23,5,47,10,305,455,352,465,305,455,352,455,352,465,305,465,sub_line_text,table_text,table_2,opensans,bold,8.0,12anp2_20211228_164017_3400079320_600_800.png,/scratch/parceirosbr/bigoilict/share/BigOil/document_generator/datasets/documents_2021_12_28/12anp2_20211228_164017_3400079320_600_800.png,12anp2_20211228_164017_3400079320_600_800_mask.png,27569.9229
18,5,37,10,315,468,352,478,315,468,352,468,352,478,315,478,text,table_text,table_2,opensans,bold,8.0,12anp2_20211228_164017_3400079320_600_800.png,/scratch/parceirosbr/bigoilict/share/BigOil/document_generator/datasets/documents_2021_12_28/12anp2_20211228_164017_3400079320_600_800.png,12anp2_20211228_164017_3400079320_600_800_mask.png,753.6354
18,5,37,10,315,468,352,478,315,468,352,468,352,478,315,478,sub_line_text,table_text,table_2,opensans,bold,8.0,12anp2_20211228_164017_3400079320_600_800.png,/scratch/parceirosbr/bigoilict/share/BigOil/document_generator/datasets/documents_2021_12_28/12anp2_20211228_164017_3400079320_600_800.png,12anp2_20211228_164017_3400079320_600_800_mask.png,753.6354
28,5,57,10,295,481,352,491,295,481,352,481,352,491,295,491,text,table_text,table_2,opensans,bold,8.0,12anp2_20211228_164017_3400079320_600_800.png,/scratch/parceirosbr/bigoilict/share/BigOil/document_generator/datasets/documents_2021_12_28/12anp2_20211228_164017_3400079320_600_800.png,12anp2_20211228_164017_3400079320_600_800_mask.png,6153678.3491
28,5,57,10,295,481,352,491,295,481,352,481,352,491,295,491,sub_line_text,table_text,table_2,opensans,bold,8.0,12anp2_20211228_164017_3400079320_600_800.png,/scratch/parceirosbr/bigoilict/share/BigOil/document_generator/datasets/documents_2021_12_28/12anp2_20211228_164017_3400079320_600_800.png,12anp2_20211228_164017_3400079320_600_800_mask.png,6153678.3491
13,5,27,10,325,494,352,504,325,494,352,494,352,504,325,504,text,table_text,table_2,opensans,bold,8.0,12anp2_20211228_164017_3400079320_600_800.png,/scratch/parceirosbr/bigoilict/share/BigOil/document_generator/datasets/documents_2021_12_28/12anp2_20211228_164017_3400079320_600_800.png,12anp2_20211228_164017_3400079320_600_800_mask.png,9.1615
13,5,27,10,325,494,352,504,325,494,352,494,352,504,325,504,sub_line_text,table_text,table_2,opensans,bold,8.0,12anp2_20211228_164017_3400079320_600_800.png,/scratch/parceirosbr/bigoilict/share/BigOil/document_generator/datasets/documents_2021_12_28/12anp2_20211228_164017_3400079320_600_800.png,12anp2_20211228_164017_3400079320_600_800_mask.png,9.1615
21,5,42,10,310,507,352,517,310,507,352,507,352,517,310,517,text,table_text,table_2,opensans,bold,8.0,12anp2_20211228_164017_3400079320_600_800.png,/scratch/parceirosbr/bigoilict/share/BigOil/document_generator/datasets/documents_2021_12_28/12anp2_20211228_164017_3400079320_600_800.png,12anp2_20211228_164017_3400079320_600_800_mask.png,9755.4858
21,5,42,10,310,507,352,517,310,507,352,507,352,517,310,517,sub_line_text,table_text,table_2,opensans,bold,8.0,12anp2_20211228_164017_3400079320_600_800.png,/scratch/parceirosbr/bigoilict/share/BigOil/document_generator/datasets/documents_2021_12_28/12anp2_20211228_164017_3400079320_600_800.png,12anp2_20211228_164017_3400079320_600_800_mask.png,9755.4858
21,5,42,10,310,520,352,530,310,520,352,520,352,530,310,530,text,table_text,table_2,opensans,bold,8.0,12anp2_20211228_164017_3400079320_600_800.png,/scratch/parceirosbr/bigoilict/share/BigOil/document_generator/datasets/documents_2021_12_28/12anp2_20211228_164017_3400079320_600_800.png,12anp2_20211228_164017_3400079320_600_800_mask.png,9929.2835
21,5,42,10,310,520,352,530,310,520,352,520,352,530,310,530,sub_line_text,table_text,table_2,opensans,bold,8.0,12anp2_20211228_164017_3400079320_600_800.png,/scratch/parceirosbr/bigoilict/share/BigOil/document_generator/datasets/documents_2021_12_28/12anp2_20211228_164017_3400079320_600_800.png,12anp2_20211228_164017_3400079320_600_800_mask.png,9929.2835
21,5,42,10,310,533,352,543,310,533,352,533,352,543,310,543,text,table_text,table_2,opensans,bold,8.0,12anp2_20211228_164017_3400079320_600_800.png,/scratch/parceirosbr/bigoilict/share/BigOil/document_generator/datasets/documents_2021_12_28/12anp2_20211228_164017_3400079320_600_800.png,12anp2_20211228_164017_3400079320_600_800_mask.png,4805.0686
21,5,42,10,310,533,352,543,310,533,352,533,352,543,310,543,sub_line_text,table_text,table_2,opensans,bold,8.0,12anp2_20211228_164017_3400079320_600_800.png,/scratch/parceirosbr/bigoilict/share/BigOil/document_generator/datasets/documents_2021_12_28/12anp2_20211228_164017_3400079320_600_800.png,12anp2_20211228_164017_3400079320_600_800_mask.png,4805.0686
18,5,37,10,315,546,352,556,315,546,352,546,352,556,315,556,text,table_text,table_2,opensans,bold,8.0,12anp2_20211228_164017_3400079320_600_800.png,/scratch/parceirosbr/bigoilict/share/BigOil/document_generator/datasets/documents_2021_12_28/12anp2_20211228_164017_3400079320_600_800.png,12anp2_20211228_164017_3400079320_600_800_mask.png,804.6300
18,5,37,10,315,546,352,556,315,546,352,546,352,556,315,556,sub_line_text,table_text,table_2,opensans,bold,8.0,12anp2_20211228_164017_3400079320_600_800.png,/scratch/parceirosbr/bigoilict/share/BigOil/document_generator/datasets/documents_2021_12_28/12anp2_20211228_164017_3400079320_600_800.png,12anp2_20211228_164017_3400079320_600_800_mask.png,804.6300
10,5,20,10,373,403,393,413,373,403,393,403,393,413,373,413,text,table_text,table_2,opensans,regular,8.0,12anp2_20211228_164017_3400079320_600_800.png,/scratch/parceirosbr/bigoilict/share/BigOil/document_generator/datasets/documents_2021_12_28/12anp2_20211228_164017_3400079320_600_800.png,12anp2_20211228_164017_3400079320_600_800_mask.png,julho
10,5,20,10,373,403,393,413,373,403,393,403,393,413,373,413,sub_line_text,table_text,table_2,opensans,regular,8.0,12anp2_20211228_164017_3400079320_600_800.png,/scratch/parceirosbr/bigoilict/share/BigOil/document_generator/datasets/documents_2021_12_28/12anp2_20211228_164017_3400079320_600_800.png,12anp2_20211228_164017_3400079320_600_800_mask.png,julho
11,5,22,10,371,416,393,426,371,416,393,416,393,426,371,426,text,table_text,table_2,opensans,bold,8.0,12anp2_20211228_164017_3400079320_600_800.png,/scratch/parceirosbr/bigoilict/share/BigOil/document_generator/datasets/documents_2021_12_28/12anp2_20211228_164017_3400079320_600_800.png,12anp2_20211228_164017_3400079320_600_800_mask.png,999.0
11,5,22,10,371,416,393,426,371,416,393,416,393,426,371,426,sub_line_text,table_text,table_2,opensans,bold,8.0,12anp2_20211228_164017_3400079320_600_800.png,/scratch/parceirosbr/bigoilict/share/BigOil/document_generator/datasets/documents_2021_12_28/12anp2_20211228_164017_3400079320_600_800.png,12anp2_20211228_164017_3400079320_600_800_mask.png,999.0
11,5,22,10,371,429,393,439,371,429,393,429,393,439,371,439,text,table_text,table_2,opensans,bold,8.0,12anp2_20211228_164017_3400079320_600_800.png,/scratch/parceirosbr/bigoilict/share/BigOil/document_generator/datasets/documents_2021_12_28/12anp2_20211228_164017_3400079320_600_800.png,12anp2_20211228_164017_3400079320_600_800_mask.png,757.2
11,5,22,10,371,429,393,439,371,429,393,429,393,439,371,439,sub_line_text,table_text,table_2,opensans,bold,8.0,12anp2_20211228_164017_3400079320_600_800.png,/scratch/parceirosbr/bigoilict/share/BigOil/document_generator/datasets/documents_2021_12_28/12anp2_20211228_164017_3400079320_600_800.png,12anp2_20211228_164017_3400079320_600_800_mask.png,757.2
8,5,17,10,376,442,393,452,376,442,393,442,393,452,376,452,text,table_text,table_2,opensans,bold,8.0,12anp2_20211228_164017_3400079320_600_800.png,/scratch/parceirosbr/bigoilict/share/BigOil/document_generator/datasets/documents_2021_12_28/12anp2_20211228_164017_3400079320_600_800.png,12anp2_20211228_164017_3400079320_600_800_mask.png,94.3
8,5,17,10,376,442,393,452,376,442,393,442,393,452,376,452,sub_line_text,table_text,table_2,opensans,bold,8.0,12anp2_20211228_164017_3400079320_600_800.png,/scratch/parceirosbr/bigoilict/share/BigOil/document_generator/datasets/documents_2021_12_28/12anp2_20211228_164017_3400079320_600_800.png,12anp2_20211228_164017_3400079320_600_800_mask.png,94.3
8,5,17,10,376,455,393,465,376,455,393,455,393,465,376,465,text,table_text,table_2,opensans,bold,8.0,12anp2_20211228_164017_3400079320_600_800.png,/scratch/parceirosbr/bigoilict/share/BigOil/document_generator/datasets/documents_2021_12_28/12anp2_20211228_164017_3400079320_600_800.png,12anp2_20211228_164017_3400079320_600_800_mask.png,77.8
8,5,17,10,376,455,393,465,376,455,393,455,393,465,376,465,sub_line_text,table_text,table_2,opensans,bold,8.0,12anp2_20211228_164017_3400079320_600_800.png,/scratch/parceirosbr/bigoilict/share/BigOil/document_generator/datasets/documents_2021_12_28/12anp2_20211228_164017_3400079320_600_800.png,12anp2_20211228_164017_3400079320_600_800_mask.png,77.8
8,5,17,10,376,468,393,478,376,468,393,468,393,478,376,478,text,table_text,table_2,opensans,bold,8.0,12anp2_20211228_164017_3400079320_600_800.png,/scratch/parceirosbr/bigoilict/share/BigOil/document_generator/datasets/documents_2021_12_28/12anp2_20211228_164017_3400079320_600_800.png,12anp2_20211228_164017_3400079320_600_800_mask.png,75.1
8,5,17,10,376,468,393,478,376,468,393,468,393,478,376,478,sub_line_text,table_text,table_2,opensans,bold,8.0,12anp2_20211228_164017_3400079320_600_800.png,/scratch/parceirosbr/bigoilict/share/BigOil/document_generator/datasets/documents_2021_12_28/12anp2_20211228_164017_3400079320_600_800.png,12anp2_20211228_164017_3400079320_600_800_mask.png,75.1
8,5,17,10,376,481,393,491,376,481,393,481,393,491,376,491,text,table_text,table_2,opensans,bold,8.0,12anp2_20211228_164017_3400079320_600_800.png,/scratch/parceirosbr/bigoilict/share/BigOil/document_generator/datasets/documents_2021_12_28/12anp2_20211228_164017_3400079320_600_800.png,12anp2_20211228_164017_3400079320_600_800_mask.png,79.4
8,5,17,10,376,481,393,491,376,481,393,481,393,491,376,491,sub_line_text,table_text,table_2,opensans,bold,8.0,12anp2_20211228_164017_3400079320_600_800.png,/scratch/parceirosbr/bigoilict/share/BigOil/document_generator/datasets/documents_2021_12_28/12anp2_20211228_164017_3400079320_600_800.png,12anp2_20211228_164017_3400079320_600_800_mask.png,79.4
8,5,17,10,376,494,393,504,376,494,393,494,393,504,376,504,text,table_text,table_2,opensans,bold,8.0,12anp2_20211228_164017_3400079320_600_800.png,/scratch/parceirosbr/bigoilict/share/BigOil/document_generator/datasets/documents_2021_12_28/12anp2_20211228_164017_3400079320_600_800.png,12anp2_20211228_164017_3400079320_600_800_mask.png,55.3
8,5,17,10,376,494,393,504,376,494,393,494,393,504,376,504,sub_line_text,table_text,table_2,opensans,bold,8.0,12anp2_20211228_164017_3400079320_600_800.png,/scratch/parceirosbr/bigoilict/share/BigOil/document_generator/datasets/documents_2021_12_28/12anp2_20211228_164017_3400079320_600_800.png,12anp2_20211228_164017_3400079320_600_800_mask.png,55.3
8,5,17,10,376,507,393,517,376,507,393,507,393,517,376,517,text,table_text,table_2,opensans,bold,8.0,12anp2_20211228_164017_3400079320_600_800.png,/scratch/parceirosbr/bigoilict/share/BigOil/document_generator/datasets/documents_2021_12_28/12anp2_20211228_164017_3400079320_600_800.png,12anp2_20211228_164017_3400079320_600_800_mask.png,84.2
8,5,17,10,376,507,393,517,376,507,393,507,393,517,376,517,sub_line_text,table_text,table_2,opensans,bold,8.0,12anp2_20211228_164017_3400079320_600_800.png,/scratch/parceirosbr/bigoilict/share/BigOil/document_generator/datasets/documents_2021_12_28/12anp2_20211228_164017_3400079320_600_800.png,12anp2_20211228_164017_3400079320_600_800_mask.png,84.2
11,5,22,10,371,520,393,530,371,520,393,520,393,530,371,530,text,table_text,table_2,opensans,bold,8.0,12anp2_20211228_164017_3400079320_600_800.png,/scratch/parceirosbr/bigoilict/share/BigOil/document_generator/datasets/documents_2021_12_28/12anp2_20211228_164017_3400079320_600_800.png,12anp2_20211228_164017_3400079320_600_800_mask.png,976.3
11,5,22,10,371,520,393,530,371,520,393,520,393,530,371,530,sub_line_text,table_text,table_2,opensans,bold,8.0,12anp2_20211228_164017_3400079320_600_800.png,/scratch/parceirosbr/bigoilict/share/BigOil/document_generator/datasets/documents_2021_12_28/12anp2_20211228_164017_3400079320_600_800.png,12anp2_20211228_164017_3400079320_600_800_mask.png,976.3
8,5,17,10,376,533,393,543,376,533,393,533,393,543,376,543,text,table_text,table_2,opensans,bold,8.0,12anp2_20211228_164017_3400079320_600_800.png,/scratch/parceirosbr/bigoilict/share/BigOil/document_generator/datasets/documents_2021_12_28/12anp2_20211228_164017_3400079320_600_800.png,12anp2_20211228_164017_3400079320_600_800_mask.png,47.0
8,5,17,10,376,533,393,543,376,533,393,533,393,543,376,543,sub_line_text,table_text,table_2,opensans,bold,8.0,12anp2_20211228_164017_3400079320_600_800.png,/scratch/parceirosbr/bigoilict/share/BigOil/document_generator/datasets/documents_2021_12_28/12anp2_20211228_164017_3400079320_600_800.png,12anp2_20211228_164017_3400079320_600_800_mask.png,47.0
8,5,17,10,376,546,393,556,376,546,393,546,393,556,376,556,text,table_text,table_2,opensans,bold,8.0,12anp2_20211228_164017_3400079320_600_800.png,/scratch/parceirosbr/bigoilict/share/BigOil/document_generator/datasets/documents_2021_12_28/12anp2_20211228_164017_3400079320_600_800.png,12anp2_20211228_164017_3400079320_600_800_mask.png,35.1
8,5,17,10,376,546,393,556,376,546,393,546,393,556,376,556,sub_line_text,table_text,table_2,opensans,bold,8.0,12anp2_20211228_164017_3400079320_600_800.png,/scratch/parceirosbr/bigoilict/share/BigOil/document_generator/datasets/documents_2021_12_28/12anp2_20211228_164017_3400079320_600_800.png,12anp2_20211228_164017_3400079320_600_800_mask.png,35.1
7,5,15,10,434,403,449,413,434,403,449,403,449,413,434,413,text,table_text,table_2,opensans,regular,8.0,12anp2_20211228_164017_3400079320_600_800.png,/scratch/parceirosbr/bigoilict/share/BigOil/document_generator/datasets/documents_2021_12_28/12anp2_20211228_164017_3400079320_600_800.png,12anp2_20211228_164017_3400079320_600_800_mask.png,vem
7,5,15,10,434,403,449,413,434,403,449,403,449,413,434,413,sub_line_text,table_text,table_2,opensans,regular,8.0,12anp2_20211228_164017_3400079320_600_800.png,/scratch/parceirosbr/bigoilict/share/BigOil/document_generator/datasets/documents_2021_12_28/12anp2_20211228_164017_3400079320_600_800.png,12anp2_20211228_164017_3400079320_600_800_mask.png,vem
23,5,47,10,402,416,449,426,402,416,449,416,449,426,402,426,text,table_text,table_2,opensans,bold,8.0,12anp2_20211228_164017_3400079320_600_800.png,/scratch/parceirosbr/bigoilict/share/BigOil/document_generator/datasets/documents_2021_12_28/12anp2_20211228_164017_3400079320_600_800.png,12anp2_20211228_164017_3400079320_600_800_mask.png,4228391.47
23,5,47,10,402,416,449,426,402,416,449,416,449,426,402,426,sub_line_text,table_text,table_2,opensans,bold,8.0,12anp2_20211228_164017_3400079320_600_800.png,/scratch/parceirosbr/bigoilict/share/BigOil/document_generator/datasets/documents_2021_12_28/12anp2_20211228_164017_3400079320_600_800.png,12anp2_20211228_164017_3400079320_600_800_mask.png,4228391.47
23,5,47,10,402,429,449,439,402,429,449,429,449,439,402,439,text,table_text,table_2,opensans,bold,8.0,12anp2_20211228_164017_3400079320_600_800.png,/scratch/parceirosbr/bigoilict/share/BigOil/document_generator/datasets/documents_2021_12_28/12anp2_20211228_164017_3400079320_600_800.png,12anp2_20211228_164017_3400079320_600_800_mask.png,8699085.23
23,5,47,10,402,429,449,439,402,429,449,429,449,439,402,439,sub_line_text,table_text,table_2,opensans,bold,8.0,12anp2_20211228_164017_3400079320_600_800.png,/scratch/parceirosbr/bigoilict/share/BigOil/document_generator/datasets/documents_2021_12_28/12anp2_20211228_164017_3400079320_600_800.png,12anp2_20211228_164017_3400079320_600_800_mask.png,8699085.23
23,5,47,10,402,442,449,452,402,442,449,442,449,452,402,452,text,table_text,table_2,opensans,bold,8.0,12anp2_20211228_164017_3400079320_600_800.png,/scratch/parceirosbr/bigoilict/share/BigOil/document_generator/datasets/documents_2021_12_28/12anp2_20211228_164017_3400079320_600_800.png,12anp2_20211228_164017_3400079320_600_800_mask.png,2177545.14
23,5,47,10,402,442,449,452,402,442,449,442,449,452,402,452,sub_line_text,table_text,table_2,opensans,bold,8.0,12anp2_20211228_164017_3400079320_600_800.png,/scratch/parceirosbr/bigoilict/share/BigOil/document_generator/datasets/documents_2021_12_28/12anp2_20211228_164017_3400079320_600_800.png,12anp2_20211228_164017_3400079320_600_800_mask.png,2177545.14
23,5,47,10,402,455,449,465,402,455,449,455,449,465,402,465,text,table_text,table_2,opensans,bold,8.0,12anp2_20211228_164017_3400079320_600_800.png,/scratch/parceirosbr/bigoilict/share/BigOil/document_generator/datasets/documents_2021_12_28/12anp2_20211228_164017_3400079320_600_800.png,12anp2_20211228_164017_3400079320_600_800_mask.png,2596484.62
23,5,47,10,402,455,449,465,402,455,449,455,449,465,402,465,sub_line_text,table_text,table_2,opensans,bold,8.0,12anp2_20211228_164017_3400079320_600_800.png,/scratch/parceirosbr/bigoilict/share/BigOil/document_generator/datasets/documents_2021_12_28/12anp2_20211228_164017_3400079320_600_800.png,12anp2_20211228_164017_3400079320_600_800_mask.png,2596484.62
23,5,47,10,402,468,449,478,402,468,449,468,449,478,402,478,text,table_text,table_2,opensans,bold,8.0,12anp2_20211228_164017_3400079320_600_800.png,/scratch/parceirosbr/bigoilict/share/BigOil/document_generator/datasets/documents_2021_12_28/12anp2_20211228_164017_3400079320_600_800.png,12anp2_20211228_164017_3400079320_600_800_mask.png,3392761.08
23,5,47,10,402,468,449,478,402,468,449,468,449,478,402,478,sub_line_text,table_text,table_2,opensans,bold,8.0,12anp2_20211228_164017_3400079320_600_800.png,/scratch/parceirosbr/bigoilict/share/BigOil/document_generator/datasets/documents_2021_12_28/12anp2_20211228_164017_3400079320_600_800.png,12anp2_20211228_164017_3400079320_600_800_mask.png,3392761.08
23,5,47,10,402,481,449,491,402,481,449,481,449,491,402,491,text,table_text,table_2,opensans,bold,8.0,12anp2_20211228_164017_3400079320_600_800.png,/scratch/parceirosbr/bigoilict/share/BigOil/document_generator/datasets/documents_2021_12_28/12anp2_20211228_164017_3400079320_600_800.png,12anp2_20211228_164017_3400079320_600_800_mask.png,8122881.90
23,5,47,10,402,481,449,491,402,481,449,481,449,491,402,491,sub_line_text,table_text,table_2,opensans,bold,8.0,12anp2_20211228_164017_3400079320_600_800.png,/scratch/parceirosbr/bigoilict/share/BigOil/document_generator/datasets/documents_2021_12_28/12anp2_20211228_164017_3400079320_600_800.png,12anp2_20211228_164017_3400079320_600_800_mask.png,8122881.90
23,5,47,10,402,494,449,504,402,494,449,494,449,504,402,504,text,table_text,table_2,opensans,bold,8.0,12anp2_20211228_164017_3400079320_600_800.png,/scratch/parceirosbr/bigoilict/share/BigOil/document_generator/datasets/documents_2021_12_28/12anp2_20211228_164017_3400079320_600_800.png,12anp2_20211228_164017_3400079320_600_800_mask.png,9956183.02
23,5,47,10,402,494,449,504,402,494,449,494,449,504,402,504,sub_line_text,table_text,table_2,opensans,bold,8.0,12anp2_20211228_164017_3400079320_600_800.png,/scratch/parceirosbr/bigoilict/share/BigOil/document_generator/datasets/documents_2021_12_28/12anp2_20211228_164017_3400079320_600_800.png,12anp2_20211228_164017_3400079320_600_800_mask.png,9956183.02
23,5,47,10,402,507,449,517,402,507,449,507,449,517,402,517,text,table_text,table_2,opensans,bold,8.0,12anp2_20211228_164017_3400079320_600_800.png,/scratch/parceirosbr/bigoilict/share/BigOil/document_generator/datasets/documents_2021_12_28/12anp2_20211228_164017_3400079320_600_800.png,12anp2_20211228_164017_3400079320_600_800_mask.png,9341672.87
23,5,47,10,402,507,449,517,402,507,449,507,449,517,402,517,sub_line_text,table_text,table_2,opensans,bold,8.0,12anp2_20211228_164017_3400079320_600_800.png,/scratch/parceirosbr/bigoilict/share/BigOil/document_generator/datasets/documents_2021_12_28/12anp2_20211228_164017_3400079320_600_800.png,12anp2_20211228_164017_3400079320_600_800_mask.png,9341672.87
23,5,47,10,402,520,449,530,402,520,449,520,449,530,402,530,text,table_text,table_2,opensans,bold,8.0,12anp2_20211228_164017_3400079320_600_800.png,/scratch/parceirosbr/bigoilict/share/BigOil/document_generator/datasets/documents_2021_12_28/12anp2_20211228_164017_3400079320_600_800.png,12anp2_20211228_164017_3400079320_600_800_mask.png,7029979.53
23,5,47,10,402,520,449,530,402,520,449,520,449,530,402,530,sub_line_text,table_text,table_2,opensans,bold,8.0,12anp2_20211228_164017_3400079320_600_800.png,/scratch/parceirosbr/bigoilict/share/BigOil/document_generator/datasets/documents_2021_12_28/12anp2_20211228_164017_3400079320_600_800.png,12anp2_20211228_164017_3400079320_600_800_mask.png,7029979.53
23,5,47,10,402,533,449,543,402,533,449,533,449,543,402,543,text,table_text,table_2,opensans,bold,8.0,12anp2_20211228_164017_3400079320_600_800.png,/scratch/parceirosbr/bigoilict/share/BigOil/document_generator/datasets/documents_2021_12_28/12anp2_20211228_164017_3400079320_600_800.png,12anp2_20211228_164017_3400079320_600_800_mask.png,3647459.64
23,5,47,10,402,533,449,543,402,533,449,533,449,543,402,543,sub_line_text,table_text,table_2,opensans,bold,8.0,12anp2_20211228_164017_3400079320_600_800.png,/scratch/parceirosbr/bigoilict/share/BigOil/document_generator/datasets/documents_2021_12_28/12anp2_20211228_164017_3400079320_600_800.png,12anp2_20211228_164017_3400079320_600_800_mask.png,3647459.64
23,5,47,10,402,546,449,556,402,546,449,546,449,556,402,556,text,table_text,table_2,opensans,bold,8.0,12anp2_20211228_164017_3400079320_600_800.png,/scratch/parceirosbr/bigoilict/share/BigOil/document_generator/datasets/documents_2021_12_28/12anp2_20211228_164017_3400079320_600_800.png,12anp2_20211228_164017_3400079320_600_800_mask.png,4960223.19
23,5,47,10,402,546,449,556,402,546,449,546,449,556,402,556,sub_line_text,table_text,table_2,opensans,bold,8.0,12anp2_20211228_164017_3400079320_600_800.png,/scratch/parceirosbr/bigoilict/share/BigOil/document_generator/datasets/documents_2021_12_28/12anp2_20211228_164017_3400079320_600_800.png,12anp2_20211228_164017_3400079320_600_800_mask.png,4960223.19
22,5,44,10,465,403,509,413,465,403,509,403,509,413,465,413,text,table_text,table_2,opensans,regular,8.0,12anp2_20211228_164017_3400079320_600_800.png,/scratch/parceirosbr/bigoilict/share/BigOil/document_generator/datasets/documents_2021_12_28/12anp2_20211228_164017_3400079320_600_800.png,12anp2_20211228_164017_3400079320_600_800_mask.png,aprisionado
22,5,44,10,465,403,509,413,465,403,509,403,509,413,465,413,sub_line_text,table_text,table_2,opensans,regular,8.0,12anp2_20211228_164017_3400079320_600_800.png,/scratch/parceirosbr/bigoilict/share/BigOil/document_generator/datasets/documents_2021_12_28/12anp2_20211228_164017_3400079320_600_800.png,12anp2_20211228_164017_3400079320_600_800_mask.png,aprisionado
14,5,29,10,473,416,502,426,473,416,502,416,502,426,473,426,text,table_text,table_2,opensans,bold,8.0,12anp2_20211228_164017_3400079320_600_800.png,/scratch/parceirosbr/bigoilict/share/BigOil/document_generator/datasets/documents_2021_12_28/12anp2_20211228_164017_3400079320_600_800.png,12anp2_20211228_164017_3400079320_600_800_mask.png,virtude
14,5,29,10,473,416,502,426,473,416,502,416,502,426,473,426,sub_line_text,table_text,table_2,opensans,bold,8.0,12anp2_20211228_164017_3400079320_600_800.png,/scratch/parceirosbr/bigoilict/share/BigOil/document_generator/datasets/documents_2021_12_28/12anp2_20211228_164017_3400079320_600_800.png,12anp2_20211228_164017_3400079320_600_800_mask.png,virtude
22,5,45,10,465,429,510,439,465,429,510,429,510,439,465,439,text,table_text,table_2,opensans,bold,8.0,12anp2_20211228_164017_3400079320_600_800.png,/scratch/parceirosbr/bigoilict/share/BigOil/document_generator/datasets/documents_2021_12_28/12anp2_20211228_164017_3400079320_600_800.png,12anp2_20211228_164017_3400079320_600_800_mask.png,limitadoras
22,5,45,10,465,429,510,439,465,429,510,429,510,439,465,439,sub_line_text,table_text,table_2,opensans,bold,8.0,12anp2_20211228_164017_3400079320_600_800.png,/scratch/parceirosbr/bigoilict/share/BigOil/document_generator/datasets/documents_2021_12_28/12anp2_20211228_164017_3400079320_600_800.png,12anp2_20211228_164017_3400079320_600_800_mask.png,limitadoras
16,5,33,10,471,442,504,452,471,442,504,442,504,452,471,452,text,table_text,table_2,opensans,bold,8.0,12anp2_20211228_164017_3400079320_600_800.png,/scratch/parceirosbr/bigoilict/share/BigOil/document_generator/datasets/documents_2021_12_28/12anp2_20211228_164017_3400079320_600_800.png,12anp2_20211228_164017_3400079320_600_800_mask.png,hidratos
16,5,33,10,471,442,504,452,471,442,504,442,504,452,471,452,sub_line_text,table_text,table_2,opensans,bold,8.0,12anp2_20211228_164017_3400079320_600_800.png,/scratch/parceirosbr/bigoilict/share/BigOil/document_generator/datasets/documents_2021_12_28/12anp2_20211228_164017_3400079320_600_800.png,12anp2_20211228_164017_3400079320_600_800_mask.png,hidratos
21,5,43,10,466,455,509,465,466,455,509,455,509,465,466,465,text,table_text,table_2,opensans,bold,8.0,12anp2_20211228_164017_3400079320_600_800.png,/scratch/parceirosbr/bigoilict/share/BigOil/document_generator/datasets/documents_2021_12_28/12anp2_20211228_164017_3400079320_600_800.png,12anp2_20211228_164017_3400079320_600_800_mask.png,problemas
21,5,43,10,466,455,509,465,466,455,509,455,509,465,466,465,sub_line_text,table_text,table_2,opensans,bold,8.0,12anp2_20211228_164017_3400079320_600_800.png,/scratch/parceirosbr/bigoilict/share/BigOil/document_generator/datasets/documents_2021_12_28/12anp2_20211228_164017_3400079320_600_800.png,12anp2_20211228_164017_3400079320_600_800_mask.png,problemas
6,5,13,10,481,468,494,478,481,468,494,468,494,478,481,478,text,table_text,table_2,opensans,bold,8.0,12anp2_20211228_164017_3400079320_600_800.png,/scratch/parceirosbr/bigoilict/share/BigOil/document_generator/datasets/documents_2021_12_28/12anp2_20211228_164017_3400079320_600_800.png,12anp2_20211228_164017_3400079320_600_800_mask.png,um
6,5,13,10,481,468,494,478,481,468,494,468,494,478,481,478,sub_line_text,table_text,table_2,opensans,bold,8.0,12anp2_20211228_164017_3400079320_600_800.png,/scratch/parceirosbr/bigoilict/share/BigOil/document_generator/datasets/documents_2021_12_28/12anp2_20211228_164017_3400079320_600_800.png,12anp2_20211228_164017_3400079320_600_800_mask.png,um
15,5,30,10,473,481,503,491,473,481,503,481,503,491,473,491,text,table_text,table_2,opensans,bold,8.0,12anp2_20211228_164017_3400079320_600_800.png,/scratch/parceirosbr/bigoilict/share/BigOil/document_generator/datasets/documents_2021_12_28/12anp2_20211228_164017_3400079320_600_800.png,12anp2_20211228_164017_3400079320_600_800_mask.png,relaÃ§Ã£o
15,5,30,10,473,481,503,491,473,481,503,481,503,491,473,491,sub_line_text,table_text,table_2,opensans,bold,8.0,12anp2_20211228_164017_3400079320_600_800.png,/scratch/parceirosbr/bigoilict/share/BigOil/document_generator/datasets/documents_2021_12_28/12anp2_20211228_164017_3400079320_600_800.png,12anp2_20211228_164017_3400079320_600_800_mask.png,relaÃ§Ã£o
24,5,49,10,463,494,512,504,463,494,512,494,512,504,463,504,text,table_text,table_2,opensans,bold,8.0,12anp2_20211228_164017_3400079320_600_800.png,/scratch/parceirosbr/bigoilict/share/BigOil/document_generator/datasets/documents_2021_12_28/12anp2_20211228_164017_3400079320_600_800.png,12anp2_20211228_164017_3400079320_600_800_mask.png,pelasalturas
24,5,49,10,463,494,512,504,463,494,512,494,512,504,463,504,sub_line_text,table_text,table_2,opensans,bold,8.0,12anp2_20211228_164017_3400079320_600_800.png,/scratch/parceirosbr/bigoilict/share/BigOil/document_generator/datasets/documents_2021_12_28/12anp2_20211228_164017_3400079320_600_800.png,12anp2_20211228_164017_3400079320_600_800_mask.png,pelasalturas
5,5,10,10,483,507,493,517,483,507,493,507,493,517,483,517,text,table_text,table_2,opensans,bold,8.0,12anp2_20211228_164017_3400079320_600_800.png,/scratch/parceirosbr/bigoilict/share/BigOil/document_generator/datasets/documents_2021_12_28/12anp2_20211228_164017_3400079320_600_800.png,12anp2_20211228_164017_3400079320_600_800_mask.png,de
5,5,10,10,483,507,493,517,483,507,493,507,493,517,483,517,sub_line_text,table_text,table_2,opensans,bold,8.0,12anp2_20211228_164017_3400079320_600_800.png,/scratch/parceirosbr/bigoilict/share/BigOil/document_generator/datasets/documents_2021_12_28/12anp2_20211228_164017_3400079320_600_800.png,12anp2_20211228_164017_3400079320_600_800_mask.png,de
14,5,29,10,473,520,502,530,473,520,502,520,502,530,473,530,text,table_text,table_2,opensans,bold,8.0,12anp2_20211228_164017_3400079320_600_800.png,/scratch/parceirosbr/bigoilict/share/BigOil/document_generator/datasets/documents_2021_12_28/12anp2_20211228_164017_3400079320_600_800.png,12anp2_20211228_164017_3400079320_600_800_mask.png,virtude
14,5,29,10,473,520,502,530,473,520,502,520,502,530,473,530,sub_line_text,table_text,table_2,opensans,bold,8.0,12anp2_20211228_164017_3400079320_600_800.png,/scratch/parceirosbr/bigoilict/share/BigOil/document_generator/datasets/documents_2021_12_28/12anp2_20211228_164017_3400079320_600_800.png,12anp2_20211228_164017_3400079320_600_800_mask.png,virtude
19,5,39,10,468,533,507,543,468,533,507,533,507,543,468,543,text,table_text,table_2,opensans,bold,8.0,12anp2_20211228_164017_3400079320_600_800.png,/scratch/parceirosbr/bigoilict/share/BigOil/document_generator/datasets/documents_2021_12_28/12anp2_20211228_164017_3400079320_600_800.png,12anp2_20211228_164017_3400079320_600_800_mask.png,partÃ­culas
19,5,39,10,468,533,507,543,468,533,507,533,507,543,468,543,sub_line_text,table_text,table_2,opensans,bold,8.0,12anp2_20211228_164017_3400079320_600_800.png,/scratch/parceirosbr/bigoilict/share/BigOil/document_generator/datasets/documents_2021_12_28/12anp2_20211228_164017_3400079320_600_800.png,12anp2_20211228_164017_3400079320_600_800_mask.png,partÃ­culas
6,5,13,10,481,546,494,556,481,546,494,546,494,556,481,556,text,table_text,table_2,opensans,bold,8.0,12anp2_20211228_164017_3400079320_600_800.png,/scratch/parceirosbr/bigoilict/share/BigOil/document_generator/datasets/documents_2021_12_28/12anp2_20211228_164017_3400079320_600_800.png,12anp2_20211228_164017_3400079320_600_800_mask.png,em
6,5,13,10,481,546,494,556,481,546,494,546,494,556,481,556,sub_line_text,table_text,table_2,opensans,bold,8.0,12anp2_20211228_164017_3400079320_600_800.png,/scratch/parceirosbr/bigoilict/share/BigOil/document_generator/datasets/documents_2021_12_28/12anp2_20211228_164017_3400079320_600_800.png,12anp2_20211228_164017_3400079320_600_800_mask.png,em
152,4,305,9,222,587,527,596,222,587,527,587,527,596,222,596,sub_line_text,text,text_1,courier,regular,8,12anp2_20211228_164017_3400079320_600_800.png,/scratch/parceirosbr/bigoilict/share/BigOil/document_generator/datasets/documents_2021_12_28/12anp2_20211228_164017_3400079320_600_800.png,12anp2_20211228_164017_3400079320_600_800_mask.png,Investigar  During the degradation of refinery wastewater sa-
190,4,380,9,147,600,527,609,147,600,527,600,527,609,147,609,sub_line_text,text,text_1,courier,regular,8,12anp2_20211228_164017_3400079320_600_800.png,/scratch/parceirosbr/bigoilict/share/BigOil/document_generator/datasets/documents_2021_12_28/12anp2_20211228_164017_3400079320_600_800.png,12anp2_20211228_164017_3400079320_600_800_mask.png,mples  maximum enzymatic oxidation levels up to 74% were similar for both m-
190,4,380,9,147,613,527,622,147,613,527,613,527,622,147,622,sub_line_text,text,text_1,courier,regular,8,12anp2_20211228_164017_3400079320_600_800.png,/scratch/parceirosbr/bigoilict/share/BigOil/document_generator/datasets/documents_2021_12_28/12anp2_20211228_164017_3400079320_600_800.png,12anp2_20211228_164017_3400079320_600_800_mask.png,"ethodologies  and after 4 hours of treatment. Em fevereiro de 2014, a conce-"
187,4,375,9,147,626,522,635,147,626,522,626,522,635,147,635,sub_line_text,text,text_1,courier,regular,8,12anp2_20211228_164017_3400079320_600_800.png,/scratch/parceirosbr/bigoilict/share/BigOil/document_generator/datasets/documents_2021_12_28/12anp2_20211228_164017_3400079320_600_800.png,12anp2_20211228_164017_3400079320_600_800_mask.png,"deu  48 autorizaÃ§Ãµes para de nÃ­vel superior, somando mais de 91 milhÃµes. Em"
187,4,375,9,147,639,522,648,147,639,522,639,522,648,147,648,sub_line_text,text,text_1,courier,regular,8,12anp2_20211228_164017_3400079320_600_800.png,/scratch/parceirosbr/bigoilict/share/BigOil/document_generator/datasets/documents_2021_12_28/12anp2_20211228_164017_3400079320_600_800.png,12anp2_20211228_164017_3400079320_600_800_mask.png,"contrapartida, com relaÃ§Ã£o Ã  tributaÃ§Ã£o, segundo a houve um aumento da car."
190,30,380,61,147,587,527,648,147,587,527,587,527,648,147,648,text,text,text_1,courier,regular,8,12anp2_20211228_164017_3400079320_600_800.png,/scratch/parceirosbr/bigoilict/share/BigOil/document_generator/datasets/documents_2021_12_28/12anp2_20211228_164017_3400079320_600_800.png,12anp2_20211228_164017_3400079320_600_800_mask.png,nan
