center_x,center_y,width,height,xmin,ymin,xmax,ymax,top_left_x,top_left_y,top_right_x,top_right_y,bottom_right_x,bottom_right_y,bottom_left_x,bottom_left_y,label,grouplabel,group,text_font,text_style,size_font,filename,path,filename_mask,content
300,400,600,800,0,0,600,800,0,0,600,0,600,800,0,800,document,,,,,,12anp2_20211228_163958_6579448478_600_800.png,/scratch/parceirosbr/bigoilict/share/BigOil/document_generator/datasets/documents_2021_12_28/12anp2_20211228_163958_6579448478_600_800.png,12anp2_20211228_163958_6579448478_600_800_mask.png,
188,1,377,2,82,115,459,117,82,115,459,115,459,117,82,117,line,line,line,,,,12anp2_20211228_163958_6579448478_600_800.png,/scratch/parceirosbr/bigoilict/share/BigOil/document_generator/datasets/documents_2021_12_28/12anp2_20211228_163958_6579448478_600_800.png,12anp2_20211228_163958_6579448478_600_800_mask.png,nan
9,11,18,23,119,85,137,108,119,85,137,85,137,108,119,108,image,image,image,,,,12anp2_20211228_163958_6579448478_600_800.png,/scratch/parceirosbr/bigoilict/share/BigOil/document_generator/datasets/documents_2021_12_28/12anp2_20211228_163958_6579448478_600_800.png,12anp2_20211228_163958_6579448478_600_800_mask.png,/scratch/parceirosbr/bigoilict/share/BigOil/document_generator/files_images_document_generator/logos\image_5199.jpg
171,6,343,12,90,126,433,138,90,126,433,126,433,138,90,138,sub_line_text,subsubsubtitle,subsubsubtitle_0,arial,bolditalic,10,12anp2_20211228_163958_6579448478_600_800.png,/scratch/parceirosbr/bigoilict/share/BigOil/document_generator/datasets/documents_2021_12_28/12anp2_20211228_163958_6579448478_600_800.png,12anp2_20211228_163958_6579448478_600_800_mask.png,"Rbc, esteja associado enxames diques básicos. 121É muito provável"
79,6,158,12,182,142,340,154,182,142,340,142,340,154,182,154,sub_line_text,subsubsubtitle,subsubsubtitle_0,arial,bolditalic,10,12anp2_20211228_163958_6579448478_600_800.png,/scratch/parceirosbr/bigoilict/share/BigOil/document_generator/datasets/documents_2021_12_28/12anp2_20211228_163958_6579448478_600_800.png,12anp2_20211228_163958_6579448478_600_800_mask.png,também estruturação magnética
171,14,343,28,90,126,433,154,90,126,433,126,433,154,90,154,title,subsubsubtitle,subsubsubtitle_0,arial,bolditalic,10,12anp2_20211228_163958_6579448478_600_800.png,/scratch/parceirosbr/bigoilict/share/BigOil/document_generator/datasets/documents_2021_12_28/12anp2_20211228_163958_6579448478_600_800.png,12anp2_20211228_163958_6579448478_600_800_mask.png,nan
187,86,375,172,82,163,457,335,82,163,457,163,457,335,82,335,table,table_image,table_0,,,,12anp2_20211228_163958_6579448478_600_800.png,/scratch/parceirosbr/bigoilict/share/BigOil/document_generator/datasets/documents_2021_12_28/12anp2_20211228_163958_6579448478_600_800.png,12anp2_20211228_163958_6579448478_600_800_mask.png,output/gen_tab_20211228_163959_4619480991.png
22,5,44,11,145,168,189,179,145,168,189,168,189,179,145,179,text,table_text,table_0,times,bold,10.0,12anp2_20211228_163958_6579448478_600_800.png,/scratch/parceirosbr/bigoilict/share/BigOil/document_generator/datasets/documents_2021_12_28/12anp2_20211228_163958_6579448478_600_800.png,12anp2_20211228_163958_6579448478_600_800_mask.png,floculadas
22,5,44,11,145,168,189,179,145,168,189,168,189,179,145,179,sub_line_text,table_text,table_0,times,bold,10.0,12anp2_20211228_163958_6579448478_600_800.png,/scratch/parceirosbr/bigoilict/share/BigOil/document_generator/datasets/documents_2021_12_28/12anp2_20211228_163958_6579448478_600_800.png,12anp2_20211228_163958_6579448478_600_800_mask.png,floculadas
32,5,65,11,124,188,189,199,124,188,189,188,189,199,124,199,text,table_text,table_0,times,bold,10.0,12anp2_20211228_163958_6579448478_600_800.png,/scratch/parceirosbr/bigoilict/share/BigOil/document_generator/datasets/documents_2021_12_28/12anp2_20211228_163958_6579448478_600_800.png,12anp2_20211228_163958_6579448478_600_800_mask.png,7929778804374
32,5,65,11,124,188,189,199,124,188,189,188,189,199,124,199,sub_line_text,table_text,table_0,times,bold,10.0,12anp2_20211228_163958_6579448478_600_800.png,/scratch/parceirosbr/bigoilict/share/BigOil/document_generator/datasets/documents_2021_12_28/12anp2_20211228_163958_6579448478_600_800.png,12anp2_20211228_163958_6579448478_600_800_mask.png,7929778804374
32,5,65,11,124,202,189,213,124,202,189,202,189,213,124,213,text,table_text,table_0,times,bold,10.0,12anp2_20211228_163958_6579448478_600_800.png,/scratch/parceirosbr/bigoilict/share/BigOil/document_generator/datasets/documents_2021_12_28/12anp2_20211228_163958_6579448478_600_800.png,12anp2_20211228_163958_6579448478_600_800_mask.png,4983604975333
32,5,65,11,124,202,189,213,124,202,189,202,189,213,124,213,sub_line_text,table_text,table_0,times,bold,10.0,12anp2_20211228_163958_6579448478_600_800.png,/scratch/parceirosbr/bigoilict/share/BigOil/document_generator/datasets/documents_2021_12_28/12anp2_20211228_163958_6579448478_600_800.png,12anp2_20211228_163958_6579448478_600_800_mask.png,4983604975333
32,5,65,11,124,216,189,227,124,216,189,216,189,227,124,227,text,table_text,table_0,times,bold,10.0,12anp2_20211228_163958_6579448478_600_800.png,/scratch/parceirosbr/bigoilict/share/BigOil/document_generator/datasets/documents_2021_12_28/12anp2_20211228_163958_6579448478_600_800.png,12anp2_20211228_163958_6579448478_600_800_mask.png,6827033057225
32,5,65,11,124,216,189,227,124,216,189,216,189,227,124,227,sub_line_text,table_text,table_0,times,bold,10.0,12anp2_20211228_163958_6579448478_600_800.png,/scratch/parceirosbr/bigoilict/share/BigOil/document_generator/datasets/documents_2021_12_28/12anp2_20211228_163958_6579448478_600_800.png,12anp2_20211228_163958_6579448478_600_800_mask.png,6827033057225
32,5,65,11,124,230,189,241,124,230,189,230,189,241,124,241,text,table_text,table_0,times,bold,10.0,12anp2_20211228_163958_6579448478_600_800.png,/scratch/parceirosbr/bigoilict/share/BigOil/document_generator/datasets/documents_2021_12_28/12anp2_20211228_163958_6579448478_600_800.png,12anp2_20211228_163958_6579448478_600_800_mask.png,8402255006057
32,5,65,11,124,230,189,241,124,230,189,230,189,241,124,241,sub_line_text,table_text,table_0,times,bold,10.0,12anp2_20211228_163958_6579448478_600_800.png,/scratch/parceirosbr/bigoilict/share/BigOil/document_generator/datasets/documents_2021_12_28/12anp2_20211228_163958_6579448478_600_800.png,12anp2_20211228_163958_6579448478_600_800_mask.png,8402255006057
32,5,65,11,124,244,189,255,124,244,189,244,189,255,124,255,text,table_text,table_0,times,bold,10.0,12anp2_20211228_163958_6579448478_600_800.png,/scratch/parceirosbr/bigoilict/share/BigOil/document_generator/datasets/documents_2021_12_28/12anp2_20211228_163958_6579448478_600_800.png,12anp2_20211228_163958_6579448478_600_800_mask.png,4202276388367
32,5,65,11,124,244,189,255,124,244,189,244,189,255,124,255,sub_line_text,table_text,table_0,times,bold,10.0,12anp2_20211228_163958_6579448478_600_800.png,/scratch/parceirosbr/bigoilict/share/BigOil/document_generator/datasets/documents_2021_12_28/12anp2_20211228_163958_6579448478_600_800.png,12anp2_20211228_163958_6579448478_600_800_mask.png,4202276388367
32,5,65,11,124,258,189,269,124,258,189,258,189,269,124,269,text,table_text,table_0,times,bold,10.0,12anp2_20211228_163958_6579448478_600_800.png,/scratch/parceirosbr/bigoilict/share/BigOil/document_generator/datasets/documents_2021_12_28/12anp2_20211228_163958_6579448478_600_800.png,12anp2_20211228_163958_6579448478_600_800_mask.png,3857939657946
32,5,65,11,124,258,189,269,124,258,189,258,189,269,124,269,sub_line_text,table_text,table_0,times,bold,10.0,12anp2_20211228_163958_6579448478_600_800.png,/scratch/parceirosbr/bigoilict/share/BigOil/document_generator/datasets/documents_2021_12_28/12anp2_20211228_163958_6579448478_600_800.png,12anp2_20211228_163958_6579448478_600_800_mask.png,3857939657946
32,5,65,11,124,272,189,283,124,272,189,272,189,283,124,283,text,table_text,table_0,times,bold,10.0,12anp2_20211228_163958_6579448478_600_800.png,/scratch/parceirosbr/bigoilict/share/BigOil/document_generator/datasets/documents_2021_12_28/12anp2_20211228_163958_6579448478_600_800.png,12anp2_20211228_163958_6579448478_600_800_mask.png,9600914123976
32,5,65,11,124,272,189,283,124,272,189,272,189,283,124,283,sub_line_text,table_text,table_0,times,bold,10.0,12anp2_20211228_163958_6579448478_600_800.png,/scratch/parceirosbr/bigoilict/share/BigOil/document_generator/datasets/documents_2021_12_28/12anp2_20211228_163958_6579448478_600_800.png,12anp2_20211228_163958_6579448478_600_800_mask.png,9600914123976
32,5,65,11,124,286,189,297,124,286,189,286,189,297,124,297,text,table_text,table_0,times,bold,10.0,12anp2_20211228_163958_6579448478_600_800.png,/scratch/parceirosbr/bigoilict/share/BigOil/document_generator/datasets/documents_2021_12_28/12anp2_20211228_163958_6579448478_600_800.png,12anp2_20211228_163958_6579448478_600_800_mask.png,7737829197207
32,5,65,11,124,286,189,297,124,286,189,286,189,297,124,297,sub_line_text,table_text,table_0,times,bold,10.0,12anp2_20211228_163958_6579448478_600_800.png,/scratch/parceirosbr/bigoilict/share/BigOil/document_generator/datasets/documents_2021_12_28/12anp2_20211228_163958_6579448478_600_800.png,12anp2_20211228_163958_6579448478_600_800_mask.png,7737829197207
32,5,65,11,124,300,189,311,124,300,189,300,189,311,124,311,text,table_text,table_0,times,bold,10.0,12anp2_20211228_163958_6579448478_600_800.png,/scratch/parceirosbr/bigoilict/share/BigOil/document_generator/datasets/documents_2021_12_28/12anp2_20211228_163958_6579448478_600_800.png,12anp2_20211228_163958_6579448478_600_800_mask.png,5426545958986
32,5,65,11,124,300,189,311,124,300,189,300,189,311,124,311,sub_line_text,table_text,table_0,times,bold,10.0,12anp2_20211228_163958_6579448478_600_800.png,/scratch/parceirosbr/bigoilict/share/BigOil/document_generator/datasets/documents_2021_12_28/12anp2_20211228_163958_6579448478_600_800.png,12anp2_20211228_163958_6579448478_600_800_mask.png,5426545958986
32,5,65,11,385,314,450,325,385,314,450,314,450,325,385,325,text,table_text,table_0,times,bold,10.0,12anp2_20211228_163958_6579448478_600_800.png,/scratch/parceirosbr/bigoilict/share/BigOil/document_generator/datasets/documents_2021_12_28/12anp2_20211228_163958_6579448478_600_800.png,12anp2_20211228_163958_6579448478_600_800_mask.png,4992416018354
32,5,65,11,385,314,450,325,385,314,450,314,450,325,385,325,sub_line_text,table_text,table_0,times,bold,10.0,12anp2_20211228_163958_6579448478_600_800.png,/scratch/parceirosbr/bigoilict/share/BigOil/document_generator/datasets/documents_2021_12_28/12anp2_20211228_163958_6579448478_600_800.png,12anp2_20211228_163958_6579448478_600_800_mask.png,4992416018354
19,5,39,11,280,168,319,179,280,168,319,168,319,179,280,179,text,table_text,table_0,times,bold,10.0,12anp2_20211228_163958_6579448478_600_800.png,/scratch/parceirosbr/bigoilict/share/BigOil/document_generator/datasets/documents_2021_12_28/12anp2_20211228_163958_6579448478_600_800.png,12anp2_20211228_163958_6579448478_600_800_mask.png,realizado
19,5,39,11,280,168,319,179,280,168,319,168,319,179,280,179,sub_line_text,table_text,table_0,times,bold,10.0,12anp2_20211228_163958_6579448478_600_800.png,/scratch/parceirosbr/bigoilict/share/BigOil/document_generator/datasets/documents_2021_12_28/12anp2_20211228_163958_6579448478_600_800.png,12anp2_20211228_163958_6579448478_600_800_mask.png,realizado
15,5,30,11,210,188,240,199,210,188,240,188,240,199,210,199,text,table_text,table_0,times,bold,10.0,12anp2_20211228_163958_6579448478_600_800.png,/scratch/parceirosbr/bigoilict/share/BigOil/document_generator/datasets/documents_2021_12_28/12anp2_20211228_163958_6579448478_600_800.png,12anp2_20211228_163958_6579448478_600_800_mask.png,cálculo
15,5,30,11,210,188,240,199,210,188,240,188,240,199,210,199,sub_line_text,table_text,table_0,times,bold,10.0,12anp2_20211228_163958_6579448478_600_800.png,/scratch/parceirosbr/bigoilict/share/BigOil/document_generator/datasets/documents_2021_12_28/12anp2_20211228_163958_6579448478_600_800.png,12anp2_20211228_163958_6579448478_600_800_mask.png,cálculo
11,5,22,11,214,202,236,213,214,202,236,202,236,213,214,213,text,table_text,table_0,times,bold,10.0,12anp2_20211228_163958_6579448478_600_800.png,/scratch/parceirosbr/bigoilict/share/BigOil/document_generator/datasets/documents_2021_12_28/12anp2_20211228_163958_6579448478_600_800.png,12anp2_20211228_163958_6579448478_600_800_mask.png,custo
11,5,22,11,214,202,236,213,214,202,236,202,236,213,214,213,sub_line_text,table_text,table_0,times,bold,10.0,12anp2_20211228_163958_6579448478_600_800.png,/scratch/parceirosbr/bigoilict/share/BigOil/document_generator/datasets/documents_2021_12_28/12anp2_20211228_163958_6579448478_600_800.png,12anp2_20211228_163958_6579448478_600_800_mask.png,custo
17,5,35,11,208,216,243,227,208,216,243,216,243,227,208,227,text,table_text,table_0,times,bold,10.0,12anp2_20211228_163958_6579448478_600_800.png,/scratch/parceirosbr/bigoilict/share/BigOil/document_generator/datasets/documents_2021_12_28/12anp2_20211228_163958_6579448478_600_800.png,12anp2_20211228_163958_6579448478_600_800_mask.png,logística
17,5,35,11,208,216,243,227,208,216,243,216,243,227,208,227,sub_line_text,table_text,table_0,times,bold,10.0,12anp2_20211228_163958_6579448478_600_800.png,/scratch/parceirosbr/bigoilict/share/BigOil/document_generator/datasets/documents_2021_12_28/12anp2_20211228_163958_6579448478_600_800.png,12anp2_20211228_163958_6579448478_600_800_mask.png,logística
8,5,17,11,216,230,233,241,216,230,233,230,233,241,216,241,text,table_text,table_0,times,bold,10.0,12anp2_20211228_163958_6579448478_600_800.png,/scratch/parceirosbr/bigoilict/share/BigOil/document_generator/datasets/documents_2021_12_28/12anp2_20211228_163958_6579448478_600_800.png,12anp2_20211228_163958_6579448478_600_800_mask.png,tipo
8,5,17,11,216,230,233,241,216,230,233,230,233,241,216,241,sub_line_text,table_text,table_0,times,bold,10.0,12anp2_20211228_163958_6579448478_600_800.png,/scratch/parceirosbr/bigoilict/share/BigOil/document_generator/datasets/documents_2021_12_28/12anp2_20211228_163958_6579448478_600_800.png,12anp2_20211228_163958_6579448478_600_800_mask.png,tipo
12,5,25,11,212,244,237,255,212,244,237,244,237,255,212,255,text,table_text,table_0,times,bold,10.0,12anp2_20211228_163958_6579448478_600_800.png,/scratch/parceirosbr/bigoilict/share/BigOil/document_generator/datasets/documents_2021_12_28/12anp2_20211228_163958_6579448478_600_800.png,12anp2_20211228_163958_6579448478_600_800_mask.png,Como
12,5,25,11,212,244,237,255,212,244,237,244,237,255,212,255,sub_line_text,table_text,table_0,times,bold,10.0,12anp2_20211228_163958_6579448478_600_800.png,/scratch/parceirosbr/bigoilict/share/BigOil/document_generator/datasets/documents_2021_12_28/12anp2_20211228_163958_6579448478_600_800.png,12anp2_20211228_163958_6579448478_600_800_mask.png,Como
27,5,55,11,198,258,253,269,198,258,253,258,253,269,198,269,text,table_text,table_0,times,bold,10.0,12anp2_20211228_163958_6579448478_600_800.png,/scratch/parceirosbr/bigoilict/share/BigOil/document_generator/datasets/documents_2021_12_28/12anp2_20211228_163958_6579448478_600_800.png,12anp2_20211228_163958_6579448478_600_800_mask.png,componentes
27,5,55,11,198,258,253,269,198,258,253,258,253,269,198,269,sub_line_text,table_text,table_0,times,bold,10.0,12anp2_20211228_163958_6579448478_600_800.png,/scratch/parceirosbr/bigoilict/share/BigOil/document_generator/datasets/documents_2021_12_28/12anp2_20211228_163958_6579448478_600_800.png,12anp2_20211228_163958_6579448478_600_800_mask.png,componentes
19,5,39,11,206,272,245,283,206,272,245,272,245,283,206,283,text,table_text,table_0,times,bold,10.0,12anp2_20211228_163958_6579448478_600_800.png,/scratch/parceirosbr/bigoilict/share/BigOil/document_generator/datasets/documents_2021_12_28/12anp2_20211228_163958_6579448478_600_800.png,12anp2_20211228_163958_6579448478_600_800_mask.png,eficiência
19,5,39,11,206,272,245,283,206,272,245,272,245,283,206,283,sub_line_text,table_text,table_0,times,bold,10.0,12anp2_20211228_163958_6579448478_600_800.png,/scratch/parceirosbr/bigoilict/share/BigOil/document_generator/datasets/documents_2021_12_28/12anp2_20211228_163958_6579448478_600_800.png,12anp2_20211228_163958_6579448478_600_800_mask.png,eficiência
27,5,55,11,198,286,253,297,198,286,253,286,253,297,198,297,text,table_text,table_0,times,bold,10.0,12anp2_20211228_163958_6579448478_600_800.png,/scratch/parceirosbr/bigoilict/share/BigOil/document_generator/datasets/documents_2021_12_28/12anp2_20211228_163958_6579448478_600_800.png,12anp2_20211228_163958_6579448478_600_800_mask.png,inadequação
27,5,55,11,198,286,253,297,198,286,253,286,253,297,198,297,sub_line_text,table_text,table_0,times,bold,10.0,12anp2_20211228_163958_6579448478_600_800.png,/scratch/parceirosbr/bigoilict/share/BigOil/document_generator/datasets/documents_2021_12_28/12anp2_20211228_163958_6579448478_600_800.png,12anp2_20211228_163958_6579448478_600_800_mask.png,inadequação
10,5,20,11,215,300,235,311,215,300,235,300,235,311,215,311,text,table_text,table_0,times,bold,10.0,12anp2_20211228_163958_6579448478_600_800.png,/scratch/parceirosbr/bigoilict/share/BigOil/document_generator/datasets/documents_2021_12_28/12anp2_20211228_163958_6579448478_600_800.png,12anp2_20211228_163958_6579448478_600_800_mask.png,para
10,5,20,11,215,300,235,311,215,300,235,300,235,311,215,311,sub_line_text,table_text,table_0,times,bold,10.0,12anp2_20211228_163958_6579448478_600_800.png,/scratch/parceirosbr/bigoilict/share/BigOil/document_generator/datasets/documents_2021_12_28/12anp2_20211228_163958_6579448478_600_800.png,12anp2_20211228_163958_6579448478_600_800_mask.png,para
9,5,18,11,301,188,319,199,301,188,319,188,319,199,301,199,text,table_text,table_0,times,bold,10.0,12anp2_20211228_163958_6579448478_600_800.png,/scratch/parceirosbr/bigoilict/share/BigOil/document_generator/datasets/documents_2021_12_28/12anp2_20211228_163958_6579448478_600_800.png,12anp2_20211228_163958_6579448478_600_800_mask.png,6.28
9,5,18,11,301,188,319,199,301,188,319,188,319,199,301,199,sub_line_text,table_text,table_0,times,bold,10.0,12anp2_20211228_163958_6579448478_600_800.png,/scratch/parceirosbr/bigoilict/share/BigOil/document_generator/datasets/documents_2021_12_28/12anp2_20211228_163958_6579448478_600_800.png,12anp2_20211228_163958_6579448478_600_800_mask.png,6.28
14,5,28,11,291,202,319,213,291,202,319,202,319,213,291,213,text,table_text,table_0,times,bold,10.0,12anp2_20211228_163958_6579448478_600_800.png,/scratch/parceirosbr/bigoilict/share/BigOil/document_generator/datasets/documents_2021_12_28/12anp2_20211228_163958_6579448478_600_800.png,12anp2_20211228_163958_6579448478_600_800_mask.png,542.20
14,5,28,11,291,202,319,213,291,202,319,202,319,213,291,213,sub_line_text,table_text,table_0,times,bold,10.0,12anp2_20211228_163958_6579448478_600_800.png,/scratch/parceirosbr/bigoilict/share/BigOil/document_generator/datasets/documents_2021_12_28/12anp2_20211228_163958_6579448478_600_800.png,12anp2_20211228_163958_6579448478_600_800_mask.png,542.20
14,5,28,11,291,216,319,227,291,216,319,216,319,227,291,227,text,table_text,table_0,times,bold,10.0,12anp2_20211228_163958_6579448478_600_800.png,/scratch/parceirosbr/bigoilict/share/BigOil/document_generator/datasets/documents_2021_12_28/12anp2_20211228_163958_6579448478_600_800.png,12anp2_20211228_163958_6579448478_600_800_mask.png,989.31
14,5,28,11,291,216,319,227,291,216,319,216,319,227,291,227,sub_line_text,table_text,table_0,times,bold,10.0,12anp2_20211228_163958_6579448478_600_800.png,/scratch/parceirosbr/bigoilict/share/BigOil/document_generator/datasets/documents_2021_12_28/12anp2_20211228_163958_6579448478_600_800.png,12anp2_20211228_163958_6579448478_600_800_mask.png,989.31
14,5,28,11,291,230,319,241,291,230,319,230,319,241,291,241,text,table_text,table_0,times,bold,10.0,12anp2_20211228_163958_6579448478_600_800.png,/scratch/parceirosbr/bigoilict/share/BigOil/document_generator/datasets/documents_2021_12_28/12anp2_20211228_163958_6579448478_600_800.png,12anp2_20211228_163958_6579448478_600_800_mask.png,266.96
14,5,28,11,291,230,319,241,291,230,319,230,319,241,291,241,sub_line_text,table_text,table_0,times,bold,10.0,12anp2_20211228_163958_6579448478_600_800.png,/scratch/parceirosbr/bigoilict/share/BigOil/document_generator/datasets/documents_2021_12_28/12anp2_20211228_163958_6579448478_600_800.png,12anp2_20211228_163958_6579448478_600_800_mask.png,266.96
14,5,28,11,291,244,319,255,291,244,319,244,319,255,291,255,text,table_text,table_0,times,bold,10.0,12anp2_20211228_163958_6579448478_600_800.png,/scratch/parceirosbr/bigoilict/share/BigOil/document_generator/datasets/documents_2021_12_28/12anp2_20211228_163958_6579448478_600_800.png,12anp2_20211228_163958_6579448478_600_800_mask.png,309.38
14,5,28,11,291,244,319,255,291,244,319,244,319,255,291,255,sub_line_text,table_text,table_0,times,bold,10.0,12anp2_20211228_163958_6579448478_600_800.png,/scratch/parceirosbr/bigoilict/share/BigOil/document_generator/datasets/documents_2021_12_28/12anp2_20211228_163958_6579448478_600_800.png,12anp2_20211228_163958_6579448478_600_800_mask.png,309.38
9,5,18,11,301,258,319,269,301,258,319,258,319,269,301,269,text,table_text,table_0,times,bold,10.0,12anp2_20211228_163958_6579448478_600_800.png,/scratch/parceirosbr/bigoilict/share/BigOil/document_generator/datasets/documents_2021_12_28/12anp2_20211228_163958_6579448478_600_800.png,12anp2_20211228_163958_6579448478_600_800_mask.png,9.59
9,5,18,11,301,258,319,269,301,258,319,258,319,269,301,269,sub_line_text,table_text,table_0,times,bold,10.0,12anp2_20211228_163958_6579448478_600_800.png,/scratch/parceirosbr/bigoilict/share/BigOil/document_generator/datasets/documents_2021_12_28/12anp2_20211228_163958_6579448478_600_800.png,12anp2_20211228_163958_6579448478_600_800_mask.png,9.59
11,5,23,11,296,272,319,283,296,272,319,272,319,283,296,283,text,table_text,table_0,times,bold,10.0,12anp2_20211228_163958_6579448478_600_800.png,/scratch/parceirosbr/bigoilict/share/BigOil/document_generator/datasets/documents_2021_12_28/12anp2_20211228_163958_6579448478_600_800.png,12anp2_20211228_163958_6579448478_600_800_mask.png,73.80
11,5,23,11,296,272,319,283,296,272,319,272,319,283,296,283,sub_line_text,table_text,table_0,times,bold,10.0,12anp2_20211228_163958_6579448478_600_800.png,/scratch/parceirosbr/bigoilict/share/BigOil/document_generator/datasets/documents_2021_12_28/12anp2_20211228_163958_6579448478_600_800.png,12anp2_20211228_163958_6579448478_600_800_mask.png,73.80
11,5,23,11,296,286,319,297,296,286,319,286,319,297,296,297,text,table_text,table_0,times,bold,10.0,12anp2_20211228_163958_6579448478_600_800.png,/scratch/parceirosbr/bigoilict/share/BigOil/document_generator/datasets/documents_2021_12_28/12anp2_20211228_163958_6579448478_600_800.png,12anp2_20211228_163958_6579448478_600_800_mask.png,69.94
11,5,23,11,296,286,319,297,296,286,319,286,319,297,296,297,sub_line_text,table_text,table_0,times,bold,10.0,12anp2_20211228_163958_6579448478_600_800.png,/scratch/parceirosbr/bigoilict/share/BigOil/document_generator/datasets/documents_2021_12_28/12anp2_20211228_163958_6579448478_600_800.png,12anp2_20211228_163958_6579448478_600_800_mask.png,69.94
14,5,28,11,291,300,319,311,291,300,319,300,319,311,291,311,text,table_text,table_0,times,bold,10.0,12anp2_20211228_163958_6579448478_600_800.png,/scratch/parceirosbr/bigoilict/share/BigOil/document_generator/datasets/documents_2021_12_28/12anp2_20211228_163958_6579448478_600_800.png,12anp2_20211228_163958_6579448478_600_800_mask.png,170.52
14,5,28,11,291,300,319,311,291,300,319,300,319,311,291,311,sub_line_text,table_text,table_0,times,bold,10.0,12anp2_20211228_163958_6579448478_600_800.png,/scratch/parceirosbr/bigoilict/share/BigOil/document_generator/datasets/documents_2021_12_28/12anp2_20211228_163958_6579448478_600_800.png,12anp2_20211228_163958_6579448478_600_800_mask.png,170.52
18,5,37,11,330,168,367,179,330,168,367,168,367,179,330,179,text,table_text,table_0,times,bold,10.0,12anp2_20211228_163958_6579448478_600_800.png,/scratch/parceirosbr/bigoilict/share/BigOil/document_generator/datasets/documents_2021_12_28/12anp2_20211228_163958_6579448478_600_800.png,12anp2_20211228_163958_6579448478_600_800_mask.png,distintos
18,5,37,11,330,168,367,179,330,168,367,168,367,179,330,179,sub_line_text,table_text,table_0,times,bold,10.0,12anp2_20211228_163958_6579448478_600_800.png,/scratch/parceirosbr/bigoilict/share/BigOil/document_generator/datasets/documents_2021_12_28/12anp2_20211228_163958_6579448478_600_800.png,12anp2_20211228_163958_6579448478_600_800_mask.png,distintos
5,5,10,11,357,188,367,199,357,188,367,188,367,199,357,199,text,table_text,table_0,times,bold,10.0,12anp2_20211228_163958_6579448478_600_800.png,/scratch/parceirosbr/bigoilict/share/BigOil/document_generator/datasets/documents_2021_12_28/12anp2_20211228_163958_6579448478_600_800.png,12anp2_20211228_163958_6579448478_600_800_mask.png,86
5,5,10,11,357,188,367,199,357,188,367,188,367,199,357,199,sub_line_text,table_text,table_0,times,bold,10.0,12anp2_20211228_163958_6579448478_600_800.png,/scratch/parceirosbr/bigoilict/share/BigOil/document_generator/datasets/documents_2021_12_28/12anp2_20211228_163958_6579448478_600_800.png,12anp2_20211228_163958_6579448478_600_800_mask.png,86
7,5,15,11,352,202,367,213,352,202,367,202,367,213,352,213,text,table_text,table_0,times,bold,10.0,12anp2_20211228_163958_6579448478_600_800.png,/scratch/parceirosbr/bigoilict/share/BigOil/document_generator/datasets/documents_2021_12_28/12anp2_20211228_163958_6579448478_600_800.png,12anp2_20211228_163958_6579448478_600_800_mask.png,648
7,5,15,11,352,202,367,213,352,202,367,202,367,213,352,213,sub_line_text,table_text,table_0,times,bold,10.0,12anp2_20211228_163958_6579448478_600_800.png,/scratch/parceirosbr/bigoilict/share/BigOil/document_generator/datasets/documents_2021_12_28/12anp2_20211228_163958_6579448478_600_800.png,12anp2_20211228_163958_6579448478_600_800_mask.png,648
5,5,10,11,357,216,367,227,357,216,367,216,367,227,357,227,text,table_text,table_0,times,bold,10.0,12anp2_20211228_163958_6579448478_600_800.png,/scratch/parceirosbr/bigoilict/share/BigOil/document_generator/datasets/documents_2021_12_28/12anp2_20211228_163958_6579448478_600_800.png,12anp2_20211228_163958_6579448478_600_800_mask.png,60
5,5,10,11,357,216,367,227,357,216,367,216,367,227,357,227,sub_line_text,table_text,table_0,times,bold,10.0,12anp2_20211228_163958_6579448478_600_800.png,/scratch/parceirosbr/bigoilict/share/BigOil/document_generator/datasets/documents_2021_12_28/12anp2_20211228_163958_6579448478_600_800.png,12anp2_20211228_163958_6579448478_600_800_mask.png,60
7,5,15,11,352,230,367,241,352,230,367,230,367,241,352,241,text,table_text,table_0,times,bold,10.0,12anp2_20211228_163958_6579448478_600_800.png,/scratch/parceirosbr/bigoilict/share/BigOil/document_generator/datasets/documents_2021_12_28/12anp2_20211228_163958_6579448478_600_800.png,12anp2_20211228_163958_6579448478_600_800_mask.png,105
7,5,15,11,352,230,367,241,352,230,367,230,367,241,352,241,sub_line_text,table_text,table_0,times,bold,10.0,12anp2_20211228_163958_6579448478_600_800.png,/scratch/parceirosbr/bigoilict/share/BigOil/document_generator/datasets/documents_2021_12_28/12anp2_20211228_163958_6579448478_600_800.png,12anp2_20211228_163958_6579448478_600_800_mask.png,105
10,5,20,11,347,244,367,255,347,244,367,244,367,255,347,255,text,table_text,table_0,times,bold,10.0,12anp2_20211228_163958_6579448478_600_800.png,/scratch/parceirosbr/bigoilict/share/BigOil/document_generator/datasets/documents_2021_12_28/12anp2_20211228_163958_6579448478_600_800.png,12anp2_20211228_163958_6579448478_600_800_mask.png,2906
10,5,20,11,347,244,367,255,347,244,367,244,367,255,347,255,sub_line_text,table_text,table_0,times,bold,10.0,12anp2_20211228_163958_6579448478_600_800.png,/scratch/parceirosbr/bigoilict/share/BigOil/document_generator/datasets/documents_2021_12_28/12anp2_20211228_163958_6579448478_600_800.png,12anp2_20211228_163958_6579448478_600_800_mask.png,2906
5,5,10,11,357,258,367,269,357,258,367,258,367,269,357,269,text,table_text,table_0,times,bold,10.0,12anp2_20211228_163958_6579448478_600_800.png,/scratch/parceirosbr/bigoilict/share/BigOil/document_generator/datasets/documents_2021_12_28/12anp2_20211228_163958_6579448478_600_800.png,12anp2_20211228_163958_6579448478_600_800_mask.png,47
5,5,10,11,357,258,367,269,357,258,367,258,367,269,357,269,sub_line_text,table_text,table_0,times,bold,10.0,12anp2_20211228_163958_6579448478_600_800.png,/scratch/parceirosbr/bigoilict/share/BigOil/document_generator/datasets/documents_2021_12_28/12anp2_20211228_163958_6579448478_600_800.png,12anp2_20211228_163958_6579448478_600_800_mask.png,47
10,5,20,11,347,272,367,283,347,272,367,272,367,283,347,283,text,table_text,table_0,times,bold,10.0,12anp2_20211228_163958_6579448478_600_800.png,/scratch/parceirosbr/bigoilict/share/BigOil/document_generator/datasets/documents_2021_12_28/12anp2_20211228_163958_6579448478_600_800.png,12anp2_20211228_163958_6579448478_600_800_mask.png,9263
10,5,20,11,347,272,367,283,347,272,367,272,367,283,347,283,sub_line_text,table_text,table_0,times,bold,10.0,12anp2_20211228_163958_6579448478_600_800.png,/scratch/parceirosbr/bigoilict/share/BigOil/document_generator/datasets/documents_2021_12_28/12anp2_20211228_163958_6579448478_600_800.png,12anp2_20211228_163958_6579448478_600_800_mask.png,9263
10,5,20,11,347,286,367,297,347,286,367,286,367,297,347,297,text,table_text,table_0,times,bold,10.0,12anp2_20211228_163958_6579448478_600_800.png,/scratch/parceirosbr/bigoilict/share/BigOil/document_generator/datasets/documents_2021_12_28/12anp2_20211228_163958_6579448478_600_800.png,12anp2_20211228_163958_6579448478_600_800_mask.png,6189
10,5,20,11,347,286,367,297,347,286,367,286,367,297,347,297,sub_line_text,table_text,table_0,times,bold,10.0,12anp2_20211228_163958_6579448478_600_800.png,/scratch/parceirosbr/bigoilict/share/BigOil/document_generator/datasets/documents_2021_12_28/12anp2_20211228_163958_6579448478_600_800.png,12anp2_20211228_163958_6579448478_600_800_mask.png,6189
10,5,20,11,347,300,367,311,347,300,367,300,367,311,347,311,text,table_text,table_0,times,bold,10.0,12anp2_20211228_163958_6579448478_600_800.png,/scratch/parceirosbr/bigoilict/share/BigOil/document_generator/datasets/documents_2021_12_28/12anp2_20211228_163958_6579448478_600_800.png,12anp2_20211228_163958_6579448478_600_800_mask.png,8597
10,5,20,11,347,300,367,311,347,300,367,300,367,311,347,311,sub_line_text,table_text,table_0,times,bold,10.0,12anp2_20211228_163958_6579448478_600_800.png,/scratch/parceirosbr/bigoilict/share/BigOil/document_generator/datasets/documents_2021_12_28/12anp2_20211228_163958_6579448478_600_800.png,12anp2_20211228_163958_6579448478_600_800_mask.png,8597
14,5,29,11,421,168,450,179,421,168,450,168,450,179,421,179,text,table_text,table_0,times,bold,10.0,12anp2_20211228_163958_6579448478_600_800.png,/scratch/parceirosbr/bigoilict/share/BigOil/document_generator/datasets/documents_2021_12_28/12anp2_20211228_163958_6579448478_600_800.png,12anp2_20211228_163958_6579448478_600_800_mask.png,devido
14,5,29,11,421,168,450,179,421,168,450,168,450,179,421,179,sub_line_text,table_text,table_0,times,bold,10.0,12anp2_20211228_163958_6579448478_600_800.png,/scratch/parceirosbr/bigoilict/share/BigOil/document_generator/datasets/documents_2021_12_28/12anp2_20211228_163958_6579448478_600_800.png,12anp2_20211228_163958_6579448478_600_800_mask.png,devido
14,5,28,11,422,188,450,199,422,188,450,188,450,199,422,199,text,table_text,table_0,times,bold,10.0,12anp2_20211228_163958_6579448478_600_800.png,/scratch/parceirosbr/bigoilict/share/BigOil/document_generator/datasets/documents_2021_12_28/12anp2_20211228_163958_6579448478_600_800.png,12anp2_20211228_163958_6579448478_600_800_mask.png,6.8553
14,5,28,11,422,188,450,199,422,188,450,188,450,199,422,199,sub_line_text,table_text,table_0,times,bold,10.0,12anp2_20211228_163958_6579448478_600_800.png,/scratch/parceirosbr/bigoilict/share/BigOil/document_generator/datasets/documents_2021_12_28/12anp2_20211228_163958_6579448478_600_800.png,12anp2_20211228_163958_6579448478_600_800_mask.png,6.8553
19,5,38,11,412,202,450,213,412,202,450,202,450,213,412,213,text,table_text,table_0,times,bold,10.0,12anp2_20211228_163958_6579448478_600_800.png,/scratch/parceirosbr/bigoilict/share/BigOil/document_generator/datasets/documents_2021_12_28/12anp2_20211228_163958_6579448478_600_800.png,12anp2_20211228_163958_6579448478_600_800_mask.png,917.8037
19,5,38,11,412,202,450,213,412,202,450,202,450,213,412,213,sub_line_text,table_text,table_0,times,bold,10.0,12anp2_20211228_163958_6579448478_600_800.png,/scratch/parceirosbr/bigoilict/share/BigOil/document_generator/datasets/documents_2021_12_28/12anp2_20211228_163958_6579448478_600_800.png,12anp2_20211228_163958_6579448478_600_800_mask.png,917.8037
16,5,33,11,417,216,450,227,417,216,450,216,450,227,417,227,text,table_text,table_0,times,bold,10.0,12anp2_20211228_163958_6579448478_600_800.png,/scratch/parceirosbr/bigoilict/share/BigOil/document_generator/datasets/documents_2021_12_28/12anp2_20211228_163958_6579448478_600_800.png,12anp2_20211228_163958_6579448478_600_800_mask.png,34.9518
16,5,33,11,417,216,450,227,417,216,450,216,450,227,417,227,sub_line_text,table_text,table_0,times,bold,10.0,12anp2_20211228_163958_6579448478_600_800.png,/scratch/parceirosbr/bigoilict/share/BigOil/document_generator/datasets/documents_2021_12_28/12anp2_20211228_163958_6579448478_600_800.png,12anp2_20211228_163958_6579448478_600_800_mask.png,34.9518
19,5,38,11,412,230,450,241,412,230,450,230,450,241,412,241,text,table_text,table_0,times,bold,10.0,12anp2_20211228_163958_6579448478_600_800.png,/scratch/parceirosbr/bigoilict/share/BigOil/document_generator/datasets/documents_2021_12_28/12anp2_20211228_163958_6579448478_600_800.png,12anp2_20211228_163958_6579448478_600_800_mask.png,286.3847
19,5,38,11,412,230,450,241,412,230,450,230,450,241,412,241,sub_line_text,table_text,table_0,times,bold,10.0,12anp2_20211228_163958_6579448478_600_800.png,/scratch/parceirosbr/bigoilict/share/BigOil/document_generator/datasets/documents_2021_12_28/12anp2_20211228_163958_6579448478_600_800.png,12anp2_20211228_163958_6579448478_600_800_mask.png,286.3847
19,5,38,11,412,244,450,255,412,244,450,244,450,255,412,255,text,table_text,table_0,times,bold,10.0,12anp2_20211228_163958_6579448478_600_800.png,/scratch/parceirosbr/bigoilict/share/BigOil/document_generator/datasets/documents_2021_12_28/12anp2_20211228_163958_6579448478_600_800.png,12anp2_20211228_163958_6579448478_600_800_mask.png,604.0896
19,5,38,11,412,244,450,255,412,244,450,244,450,255,412,255,sub_line_text,table_text,table_0,times,bold,10.0,12anp2_20211228_163958_6579448478_600_800.png,/scratch/parceirosbr/bigoilict/share/BigOil/document_generator/datasets/documents_2021_12_28/12anp2_20211228_163958_6579448478_600_800.png,12anp2_20211228_163958_6579448478_600_800_mask.png,604.0896
19,5,38,11,412,258,450,269,412,258,450,258,450,269,412,269,text,table_text,table_0,times,bold,10.0,12anp2_20211228_163958_6579448478_600_800.png,/scratch/parceirosbr/bigoilict/share/BigOil/document_generator/datasets/documents_2021_12_28/12anp2_20211228_163958_6579448478_600_800.png,12anp2_20211228_163958_6579448478_600_800_mask.png,303.4514
19,5,38,11,412,258,450,269,412,258,450,258,450,269,412,269,sub_line_text,table_text,table_0,times,bold,10.0,12anp2_20211228_163958_6579448478_600_800.png,/scratch/parceirosbr/bigoilict/share/BigOil/document_generator/datasets/documents_2021_12_28/12anp2_20211228_163958_6579448478_600_800.png,12anp2_20211228_163958_6579448478_600_800_mask.png,303.4514
19,5,38,11,412,272,450,283,412,272,450,272,450,283,412,283,text,table_text,table_0,times,bold,10.0,12anp2_20211228_163958_6579448478_600_800.png,/scratch/parceirosbr/bigoilict/share/BigOil/document_generator/datasets/documents_2021_12_28/12anp2_20211228_163958_6579448478_600_800.png,12anp2_20211228_163958_6579448478_600_800_mask.png,354.3644
19,5,38,11,412,272,450,283,412,272,450,272,450,283,412,283,sub_line_text,table_text,table_0,times,bold,10.0,12anp2_20211228_163958_6579448478_600_800.png,/scratch/parceirosbr/bigoilict/share/BigOil/document_generator/datasets/documents_2021_12_28/12anp2_20211228_163958_6579448478_600_800.png,12anp2_20211228_163958_6579448478_600_800_mask.png,354.3644
16,5,33,11,417,286,450,297,417,286,450,286,450,297,417,297,text,table_text,table_0,times,bold,10.0,12anp2_20211228_163958_6579448478_600_800.png,/scratch/parceirosbr/bigoilict/share/BigOil/document_generator/datasets/documents_2021_12_28/12anp2_20211228_163958_6579448478_600_800.png,12anp2_20211228_163958_6579448478_600_800_mask.png,71.7319
16,5,33,11,417,286,450,297,417,286,450,286,450,297,417,297,sub_line_text,table_text,table_0,times,bold,10.0,12anp2_20211228_163958_6579448478_600_800.png,/scratch/parceirosbr/bigoilict/share/BigOil/document_generator/datasets/documents_2021_12_28/12anp2_20211228_163958_6579448478_600_800.png,12anp2_20211228_163958_6579448478_600_800_mask.png,71.7319
19,5,38,11,412,300,450,311,412,300,450,300,450,311,412,311,text,table_text,table_0,times,bold,10.0,12anp2_20211228_163958_6579448478_600_800.png,/scratch/parceirosbr/bigoilict/share/BigOil/document_generator/datasets/documents_2021_12_28/12anp2_20211228_163958_6579448478_600_800.png,12anp2_20211228_163958_6579448478_600_800_mask.png,434.5174
19,5,38,11,412,300,450,311,412,300,450,300,450,311,412,311,sub_line_text,table_text,table_0,times,bold,10.0,12anp2_20211228_163958_6579448478_600_800.png,/scratch/parceirosbr/bigoilict/share/BigOil/document_generator/datasets/documents_2021_12_28/12anp2_20211228_163958_6579448478_600_800.png,12anp2_20211228_163958_6579448478_600_800_mask.png,434.5174
187,86,375,172,82,344,457,516,82,344,457,344,457,516,82,516,table,table_image,table_2,,,,12anp2_20211228_163958_6579448478_600_800.png,/scratch/parceirosbr/bigoilict/share/BigOil/document_generator/datasets/documents_2021_12_28/12anp2_20211228_163958_6579448478_600_800.png,12anp2_20211228_163958_6579448478_600_800_mask.png,output/gen_tab_20211228_164002_7967044691.png
26,6,53,12,118,349,171,361,118,349,171,349,171,361,118,361,text,table_text,table_2,arial,regular,10.0,12anp2_20211228_163958_6579448478_600_800.png,/scratch/parceirosbr/bigoilict/share/BigOil/document_generator/datasets/documents_2021_12_28/12anp2_20211228_163958_6579448478_600_800.png,12anp2_20211228_163958_6579448478_600_800_mask.png,dificultando
26,6,53,12,118,349,171,361,118,349,171,349,171,361,118,361,sub_line_text,table_text,table_2,arial,regular,10.0,12anp2_20211228_163958_6579448478_600_800.png,/scratch/parceirosbr/bigoilict/share/BigOil/document_generator/datasets/documents_2021_12_28/12anp2_20211228_163958_6579448478_600_800.png,12anp2_20211228_163958_6579448478_600_800_mask.png,dificultando
10,6,21,12,150,364,171,376,150,364,171,364,171,376,150,376,text,table_text,table_2,arial,regular,10.0,12anp2_20211228_163958_6579448478_600_800.png,/scratch/parceirosbr/bigoilict/share/BigOil/document_generator/datasets/documents_2021_12_28/12anp2_20211228_163958_6579448478_600_800.png,12anp2_20211228_163958_6579448478_600_800_mask.png,9.50
10,6,21,12,150,364,171,376,150,364,171,364,171,376,150,376,sub_line_text,table_text,table_2,arial,regular,10.0,12anp2_20211228_163958_6579448478_600_800.png,/scratch/parceirosbr/bigoilict/share/BigOil/document_generator/datasets/documents_2021_12_28/12anp2_20211228_163958_6579448478_600_800.png,12anp2_20211228_163958_6579448478_600_800_mask.png,9.50
16,6,33,12,138,379,171,391,138,379,171,379,171,391,138,391,text,table_text,table_2,arial,regular,10.0,12anp2_20211228_163958_6579448478_600_800.png,/scratch/parceirosbr/bigoilict/share/BigOil/document_generator/datasets/documents_2021_12_28/12anp2_20211228_163958_6579448478_600_800.png,12anp2_20211228_163958_6579448478_600_800_mask.png,231.37
16,6,33,12,138,379,171,391,138,379,171,379,171,391,138,391,sub_line_text,table_text,table_2,arial,regular,10.0,12anp2_20211228_163958_6579448478_600_800.png,/scratch/parceirosbr/bigoilict/share/BigOil/document_generator/datasets/documents_2021_12_28/12anp2_20211228_163958_6579448478_600_800.png,12anp2_20211228_163958_6579448478_600_800_mask.png,231.37
16,6,33,12,138,394,171,406,138,394,171,394,171,406,138,406,text,table_text,table_2,arial,regular,10.0,12anp2_20211228_163958_6579448478_600_800.png,/scratch/parceirosbr/bigoilict/share/BigOil/document_generator/datasets/documents_2021_12_28/12anp2_20211228_163958_6579448478_600_800.png,12anp2_20211228_163958_6579448478_600_800_mask.png,285.86
16,6,33,12,138,394,171,406,138,394,171,394,171,406,138,406,sub_line_text,table_text,table_2,arial,regular,10.0,12anp2_20211228_163958_6579448478_600_800.png,/scratch/parceirosbr/bigoilict/share/BigOil/document_generator/datasets/documents_2021_12_28/12anp2_20211228_163958_6579448478_600_800.png,12anp2_20211228_163958_6579448478_600_800_mask.png,285.86
16,6,33,12,138,409,171,421,138,409,171,409,171,421,138,421,text,table_text,table_2,arial,regular,10.0,12anp2_20211228_163958_6579448478_600_800.png,/scratch/parceirosbr/bigoilict/share/BigOil/document_generator/datasets/documents_2021_12_28/12anp2_20211228_163958_6579448478_600_800.png,12anp2_20211228_163958_6579448478_600_800_mask.png,422.76
16,6,33,12,138,409,171,421,138,409,171,409,171,421,138,421,sub_line_text,table_text,table_2,arial,regular,10.0,12anp2_20211228_163958_6579448478_600_800.png,/scratch/parceirosbr/bigoilict/share/BigOil/document_generator/datasets/documents_2021_12_28/12anp2_20211228_163958_6579448478_600_800.png,12anp2_20211228_163958_6579448478_600_800_mask.png,422.76
10,6,21,12,150,424,171,436,150,424,171,424,171,436,150,436,text,table_text,table_2,arial,regular,10.0,12anp2_20211228_163958_6579448478_600_800.png,/scratch/parceirosbr/bigoilict/share/BigOil/document_generator/datasets/documents_2021_12_28/12anp2_20211228_163958_6579448478_600_800.png,12anp2_20211228_163958_6579448478_600_800_mask.png,4.15
10,6,21,12,150,424,171,436,150,424,171,424,171,436,150,436,sub_line_text,table_text,table_2,arial,regular,10.0,12anp2_20211228_163958_6579448478_600_800.png,/scratch/parceirosbr/bigoilict/share/BigOil/document_generator/datasets/documents_2021_12_28/12anp2_20211228_163958_6579448478_600_800.png,12anp2_20211228_163958_6579448478_600_800_mask.png,4.15
13,6,27,12,144,439,171,451,144,439,171,439,171,451,144,451,text,table_text,table_2,arial,regular,10.0,12anp2_20211228_163958_6579448478_600_800.png,/scratch/parceirosbr/bigoilict/share/BigOil/document_generator/datasets/documents_2021_12_28/12anp2_20211228_163958_6579448478_600_800.png,12anp2_20211228_163958_6579448478_600_800_mask.png,47.85
13,6,27,12,144,439,171,451,144,439,171,439,171,451,144,451,sub_line_text,table_text,table_2,arial,regular,10.0,12anp2_20211228_163958_6579448478_600_800.png,/scratch/parceirosbr/bigoilict/share/BigOil/document_generator/datasets/documents_2021_12_28/12anp2_20211228_163958_6579448478_600_800.png,12anp2_20211228_163958_6579448478_600_800_mask.png,47.85
10,6,21,12,150,454,171,466,150,454,171,454,171,466,150,466,text,table_text,table_2,arial,regular,10.0,12anp2_20211228_163958_6579448478_600_800.png,/scratch/parceirosbr/bigoilict/share/BigOil/document_generator/datasets/documents_2021_12_28/12anp2_20211228_163958_6579448478_600_800.png,12anp2_20211228_163958_6579448478_600_800_mask.png,8.41
10,6,21,12,150,454,171,466,150,454,171,454,171,466,150,466,sub_line_text,table_text,table_2,arial,regular,10.0,12anp2_20211228_163958_6579448478_600_800.png,/scratch/parceirosbr/bigoilict/share/BigOil/document_generator/datasets/documents_2021_12_28/12anp2_20211228_163958_6579448478_600_800.png,12anp2_20211228_163958_6579448478_600_800_mask.png,8.41
13,6,27,12,144,469,171,481,144,469,171,469,171,481,144,481,text,table_text,table_2,arial,regular,10.0,12anp2_20211228_163958_6579448478_600_800.png,/scratch/parceirosbr/bigoilict/share/BigOil/document_generator/datasets/documents_2021_12_28/12anp2_20211228_163958_6579448478_600_800.png,12anp2_20211228_163958_6579448478_600_800_mask.png,39.06
13,6,27,12,144,469,171,481,144,469,171,469,171,481,144,481,sub_line_text,table_text,table_2,arial,regular,10.0,12anp2_20211228_163958_6579448478_600_800.png,/scratch/parceirosbr/bigoilict/share/BigOil/document_generator/datasets/documents_2021_12_28/12anp2_20211228_163958_6579448478_600_800.png,12anp2_20211228_163958_6579448478_600_800_mask.png,39.06
13,6,27,12,144,484,171,496,144,484,171,484,171,496,144,496,text,table_text,table_2,arial,regular,10.0,12anp2_20211228_163958_6579448478_600_800.png,/scratch/parceirosbr/bigoilict/share/BigOil/document_generator/datasets/documents_2021_12_28/12anp2_20211228_163958_6579448478_600_800.png,12anp2_20211228_163958_6579448478_600_800_mask.png,92.97
13,6,27,12,144,484,171,496,144,484,171,484,171,496,144,496,sub_line_text,table_text,table_2,arial,regular,10.0,12anp2_20211228_163958_6579448478_600_800.png,/scratch/parceirosbr/bigoilict/share/BigOil/document_generator/datasets/documents_2021_12_28/12anp2_20211228_163958_6579448478_600_800.png,12anp2_20211228_163958_6579448478_600_800_mask.png,92.97
10,6,21,12,150,499,171,511,150,499,171,499,171,511,150,511,text,table_text,table_2,arial,regular,10.0,12anp2_20211228_163958_6579448478_600_800.png,/scratch/parceirosbr/bigoilict/share/BigOil/document_generator/datasets/documents_2021_12_28/12anp2_20211228_163958_6579448478_600_800.png,12anp2_20211228_163958_6579448478_600_800_mask.png,8.82
10,6,21,12,150,499,171,511,150,499,171,499,171,511,150,511,sub_line_text,table_text,table_2,arial,regular,10.0,12anp2_20211228_163958_6579448478_600_800.png,/scratch/parceirosbr/bigoilict/share/BigOil/document_generator/datasets/documents_2021_12_28/12anp2_20211228_163958_6579448478_600_800.png,12anp2_20211228_163958_6579448478_600_800_mask.png,8.82
16,6,32,12,200,349,232,361,200,349,232,349,232,361,200,361,text,table_text,table_2,arial,regular,10.0,12anp2_20211228_163958_6579448478_600_800.png,/scratch/parceirosbr/bigoilict/share/BigOil/document_generator/datasets/documents_2021_12_28/12anp2_20211228_163958_6579448478_600_800.png,12anp2_20211228_163958_6579448478_600_800_mask.png,podem
16,6,32,12,200,349,232,361,200,349,232,349,232,361,200,361,sub_line_text,table_text,table_2,arial,regular,10.0,12anp2_20211228_163958_6579448478_600_800.png,/scratch/parceirosbr/bigoilict/share/BigOil/document_generator/datasets/documents_2021_12_28/12anp2_20211228_163958_6579448478_600_800.png,12anp2_20211228_163958_6579448478_600_800_mask.png,podem
18,6,36,12,198,364,234,376,198,364,234,364,234,376,198,376,text,table_text,table_2,arial,regular,10.0,12anp2_20211228_163958_6579448478_600_800.png,/scratch/parceirosbr/bigoilict/share/BigOil/document_generator/datasets/documents_2021_12_28/12anp2_20211228_163958_6579448478_600_800.png,12anp2_20211228_163958_6579448478_600_800_mask.png,outubro
18,6,36,12,198,364,234,376,198,364,234,364,234,376,198,376,sub_line_text,table_text,table_2,arial,regular,10.0,12anp2_20211228_163958_6579448478_600_800.png,/scratch/parceirosbr/bigoilict/share/BigOil/document_generator/datasets/documents_2021_12_28/12anp2_20211228_163958_6579448478_600_800.png,12anp2_20211228_163958_6579448478_600_800_mask.png,outubro
21,6,42,12,196,379,238,391,196,379,238,379,238,391,196,391,text,table_text,table_2,arial,regular,10.0,12anp2_20211228_163958_6579448478_600_800.png,/scratch/parceirosbr/bigoilict/share/BigOil/document_generator/datasets/documents_2021_12_28/12anp2_20211228_163958_6579448478_600_800.png,12anp2_20211228_163958_6579448478_600_800_mask.png,amostras
21,6,42,12,196,379,238,391,196,379,238,379,238,391,196,391,sub_line_text,table_text,table_2,arial,regular,10.0,12anp2_20211228_163958_6579448478_600_800.png,/scratch/parceirosbr/bigoilict/share/BigOil/document_generator/datasets/documents_2021_12_28/12anp2_20211228_163958_6579448478_600_800.png,12anp2_20211228_163958_6579448478_600_800_mask.png,amostras
9,6,19,12,207,394,226,406,207,394,226,394,226,406,207,406,text,table_text,table_2,arial,regular,10.0,12anp2_20211228_163958_6579448478_600_800.png,/scratch/parceirosbr/bigoilict/share/BigOil/document_generator/datasets/documents_2021_12_28/12anp2_20211228_163958_6579448478_600_800.png,12anp2_20211228_163958_6579448478_600_800_mask.png,pois
9,6,19,12,207,394,226,406,207,394,226,394,226,406,207,406,sub_line_text,table_text,table_2,arial,regular,10.0,12anp2_20211228_163958_6579448478_600_800.png,/scratch/parceirosbr/bigoilict/share/BigOil/document_generator/datasets/documents_2021_12_28/12anp2_20211228_163958_6579448478_600_800.png,12anp2_20211228_163958_6579448478_600_800_mask.png,pois
27,6,54,12,190,409,244,421,190,409,244,409,244,421,190,421,text,table_text,table_2,arial,regular,10.0,12anp2_20211228_163958_6579448478_600_800.png,/scratch/parceirosbr/bigoilict/share/BigOil/document_generator/datasets/documents_2021_12_28/12anp2_20211228_163958_6579448478_600_800.png,12anp2_20211228_163958_6579448478_600_800_mask.png,decorrência
27,6,54,12,190,409,244,421,190,409,244,409,244,421,190,421,sub_line_text,table_text,table_2,arial,regular,10.0,12anp2_20211228_163958_6579448478_600_800.png,/scratch/parceirosbr/bigoilict/share/BigOil/document_generator/datasets/documents_2021_12_28/12anp2_20211228_163958_6579448478_600_800.png,12anp2_20211228_163958_6579448478_600_800_mask.png,decorrência
27,6,54,12,190,424,244,436,190,424,244,424,244,436,190,436,text,table_text,table_2,arial,regular,10.0,12anp2_20211228_163958_6579448478_600_800.png,/scratch/parceirosbr/bigoilict/share/BigOil/document_generator/datasets/documents_2021_12_28/12anp2_20211228_163958_6579448478_600_800.png,12anp2_20211228_163958_6579448478_600_800_mask.png,decorrência
27,6,54,12,190,424,244,436,190,424,244,424,244,436,190,436,sub_line_text,table_text,table_2,arial,regular,10.0,12anp2_20211228_163958_6579448478_600_800.png,/scratch/parceirosbr/bigoilict/share/BigOil/document_generator/datasets/documents_2021_12_28/12anp2_20211228_163958_6579448478_600_800.png,12anp2_20211228_163958_6579448478_600_800_mask.png,decorrência
14,6,29,12,202,439,231,451,202,439,231,439,231,451,202,451,text,table_text,table_2,arial,regular,10.0,12anp2_20211228_163958_6579448478_600_800.png,/scratch/parceirosbr/bigoilict/share/BigOil/document_generator/datasets/documents_2021_12_28/12anp2_20211228_163958_6579448478_600_800.png,12anp2_20211228_163958_6579448478_600_800_mask.png,tratam
14,6,29,12,202,439,231,451,202,439,231,439,231,451,202,451,sub_line_text,table_text,table_2,arial,regular,10.0,12anp2_20211228_163958_6579448478_600_800.png,/scratch/parceirosbr/bigoilict/share/BigOil/document_generator/datasets/documents_2021_12_28/12anp2_20211228_163958_6579448478_600_800.png,12anp2_20211228_163958_6579448478_600_800_mask.png,tratam
8,6,17,12,208,454,225,466,208,454,225,454,225,466,208,466,text,table_text,table_2,arial,regular,10.0,12anp2_20211228_163958_6579448478_600_800.png,/scratch/parceirosbr/bigoilict/share/BigOil/document_generator/datasets/documents_2021_12_28/12anp2_20211228_163958_6579448478_600_800.png,12anp2_20211228_163958_6579448478_600_800_mask.png,são
8,6,17,12,208,454,225,466,208,454,225,454,225,466,208,466,sub_line_text,table_text,table_2,arial,regular,10.0,12anp2_20211228_163958_6579448478_600_800.png,/scratch/parceirosbr/bigoilict/share/BigOil/document_generator/datasets/documents_2021_12_28/12anp2_20211228_163958_6579448478_600_800.png,12anp2_20211228_163958_6579448478_600_800_mask.png,são
27,6,55,12,189,469,244,481,189,469,244,469,244,481,189,481,text,table_text,table_2,arial,regular,10.0,12anp2_20211228_163958_6579448478_600_800.png,/scratch/parceirosbr/bigoilict/share/BigOil/document_generator/datasets/documents_2021_12_28/12anp2_20211228_163958_6579448478_600_800.png,12anp2_20211228_163958_6579448478_600_800_mask.png,apresentam
27,6,55,12,189,469,244,481,189,469,244,469,244,481,189,481,sub_line_text,table_text,table_2,arial,regular,10.0,12anp2_20211228_163958_6579448478_600_800.png,/scratch/parceirosbr/bigoilict/share/BigOil/document_generator/datasets/documents_2021_12_28/12anp2_20211228_163958_6579448478_600_800.png,12anp2_20211228_163958_6579448478_600_800_mask.png,apresentam
14,6,29,12,202,484,231,496,202,484,231,484,231,496,202,496,text,table_text,table_2,arial,regular,10.0,12anp2_20211228_163958_6579448478_600_800.png,/scratch/parceirosbr/bigoilict/share/BigOil/document_generator/datasets/documents_2021_12_28/12anp2_20211228_163958_6579448478_600_800.png,12anp2_20211228_163958_6579448478_600_800_mask.png,etanol
14,6,29,12,202,484,231,496,202,484,231,484,231,496,202,496,sub_line_text,table_text,table_2,arial,regular,10.0,12anp2_20211228_163958_6579448478_600_800.png,/scratch/parceirosbr/bigoilict/share/BigOil/document_generator/datasets/documents_2021_12_28/12anp2_20211228_163958_6579448478_600_800.png,12anp2_20211228_163958_6579448478_600_800_mask.png,etanol
30,6,60,12,186,499,246,511,186,499,246,499,246,511,186,511,text,table_text,table_2,arial,regular,10.0,12anp2_20211228_163958_6579448478_600_800.png,/scratch/parceirosbr/bigoilict/share/BigOil/document_generator/datasets/documents_2021_12_28/12anp2_20211228_163958_6579448478_600_800.png,12anp2_20211228_163958_6579448478_600_800_mask.png,aquecimento
30,6,60,12,186,499,246,511,186,499,246,499,246,511,186,511,sub_line_text,table_text,table_2,arial,regular,10.0,12anp2_20211228_163958_6579448478_600_800.png,/scratch/parceirosbr/bigoilict/share/BigOil/document_generator/datasets/documents_2021_12_28/12anp2_20211228_163958_6579448478_600_800.png,12anp2_20211228_163958_6579448478_600_800_mask.png,aquecimento
16,6,32,12,290,349,322,361,290,349,322,349,322,361,290,361,text,table_text,table_2,arial,regular,10.0,12anp2_20211228_163958_6579448478_600_800.png,/scratch/parceirosbr/bigoilict/share/BigOil/document_generator/datasets/documents_2021_12_28/12anp2_20211228_163958_6579448478_600_800.png,12anp2_20211228_163958_6579448478_600_800_mask.png,reação
16,6,32,12,290,349,322,361,290,349,322,349,322,361,290,361,sub_line_text,table_text,table_2,arial,regular,10.0,12anp2_20211228_163958_6579448478_600_800.png,/scratch/parceirosbr/bigoilict/share/BigOil/document_generator/datasets/documents_2021_12_28/12anp2_20211228_163958_6579448478_600_800.png,12anp2_20211228_163958_6579448478_600_800_mask.png,reação
19,6,39,12,283,364,322,376,283,364,322,364,322,376,283,376,text,table_text,table_2,arial,regular,10.0,12anp2_20211228_163958_6579448478_600_800.png,/scratch/parceirosbr/bigoilict/share/BigOil/document_generator/datasets/documents_2021_12_28/12anp2_20211228_163958_6579448478_600_800.png,12anp2_20211228_163958_6579448478_600_800_mask.png,35.0961
19,6,39,12,283,364,322,376,283,364,322,364,322,376,283,376,sub_line_text,table_text,table_2,arial,regular,10.0,12anp2_20211228_163958_6579448478_600_800.png,/scratch/parceirosbr/bigoilict/share/BigOil/document_generator/datasets/documents_2021_12_28/12anp2_20211228_163958_6579448478_600_800.png,12anp2_20211228_163958_6579448478_600_800_mask.png,35.0961
22,6,45,12,277,379,322,391,277,379,322,379,322,391,277,391,text,table_text,table_2,arial,regular,10.0,12anp2_20211228_163958_6579448478_600_800.png,/scratch/parceirosbr/bigoilict/share/BigOil/document_generator/datasets/documents_2021_12_28/12anp2_20211228_163958_6579448478_600_800.png,12anp2_20211228_163958_6579448478_600_800_mask.png,776.9327
22,6,45,12,277,379,322,391,277,379,322,379,322,391,277,391,sub_line_text,table_text,table_2,arial,regular,10.0,12anp2_20211228_163958_6579448478_600_800.png,/scratch/parceirosbr/bigoilict/share/BigOil/document_generator/datasets/documents_2021_12_28/12anp2_20211228_163958_6579448478_600_800.png,12anp2_20211228_163958_6579448478_600_800_mask.png,776.9327
25,6,51,12,271,394,322,406,271,394,322,394,322,406,271,406,text,table_text,table_2,arial,regular,10.0,12anp2_20211228_163958_6579448478_600_800.png,/scratch/parceirosbr/bigoilict/share/BigOil/document_generator/datasets/documents_2021_12_28/12anp2_20211228_163958_6579448478_600_800.png,12anp2_20211228_163958_6579448478_600_800_mask.png,8183.4930
25,6,51,12,271,394,322,406,271,394,322,394,322,406,271,406,sub_line_text,table_text,table_2,arial,regular,10.0,12anp2_20211228_163958_6579448478_600_800.png,/scratch/parceirosbr/bigoilict/share/BigOil/document_generator/datasets/documents_2021_12_28/12anp2_20211228_163958_6579448478_600_800.png,12anp2_20211228_163958_6579448478_600_800_mask.png,8183.4930
22,6,45,12,277,409,322,421,277,409,322,409,322,421,277,421,text,table_text,table_2,arial,regular,10.0,12anp2_20211228_163958_6579448478_600_800.png,/scratch/parceirosbr/bigoilict/share/BigOil/document_generator/datasets/documents_2021_12_28/12anp2_20211228_163958_6579448478_600_800.png,12anp2_20211228_163958_6579448478_600_800_mask.png,984.0447
22,6,45,12,277,409,322,421,277,409,322,409,322,421,277,421,sub_line_text,table_text,table_2,arial,regular,10.0,12anp2_20211228_163958_6579448478_600_800.png,/scratch/parceirosbr/bigoilict/share/BigOil/document_generator/datasets/documents_2021_12_28/12anp2_20211228_163958_6579448478_600_800.png,12anp2_20211228_163958_6579448478_600_800_mask.png,984.0447
25,6,51,12,271,424,322,436,271,424,322,424,322,436,271,436,text,table_text,table_2,arial,regular,10.0,12anp2_20211228_163958_6579448478_600_800.png,/scratch/parceirosbr/bigoilict/share/BigOil/document_generator/datasets/documents_2021_12_28/12anp2_20211228_163958_6579448478_600_800.png,12anp2_20211228_163958_6579448478_600_800_mask.png,1304.3608
25,6,51,12,271,424,322,436,271,424,322,424,322,436,271,436,sub_line_text,table_text,table_2,arial,regular,10.0,12anp2_20211228_163958_6579448478_600_800.png,/scratch/parceirosbr/bigoilict/share/BigOil/document_generator/datasets/documents_2021_12_28/12anp2_20211228_163958_6579448478_600_800.png,12anp2_20211228_163958_6579448478_600_800_mask.png,1304.3608
19,6,39,12,283,439,322,451,283,439,322,439,322,451,283,451,text,table_text,table_2,arial,regular,10.0,12anp2_20211228_163958_6579448478_600_800.png,/scratch/parceirosbr/bigoilict/share/BigOil/document_generator/datasets/documents_2021_12_28/12anp2_20211228_163958_6579448478_600_800.png,12anp2_20211228_163958_6579448478_600_800_mask.png,92.9394
19,6,39,12,283,439,322,451,283,439,322,439,322,451,283,451,sub_line_text,table_text,table_2,arial,regular,10.0,12anp2_20211228_163958_6579448478_600_800.png,/scratch/parceirosbr/bigoilict/share/BigOil/document_generator/datasets/documents_2021_12_28/12anp2_20211228_163958_6579448478_600_800.png,12anp2_20211228_163958_6579448478_600_800_mask.png,92.9394
22,6,45,12,277,454,322,466,277,454,322,454,322,466,277,466,text,table_text,table_2,arial,regular,10.0,12anp2_20211228_163958_6579448478_600_800.png,/scratch/parceirosbr/bigoilict/share/BigOil/document_generator/datasets/documents_2021_12_28/12anp2_20211228_163958_6579448478_600_800.png,12anp2_20211228_163958_6579448478_600_800_mask.png,310.0427
22,6,45,12,277,454,322,466,277,454,322,454,322,466,277,466,sub_line_text,table_text,table_2,arial,regular,10.0,12anp2_20211228_163958_6579448478_600_800.png,/scratch/parceirosbr/bigoilict/share/BigOil/document_generator/datasets/documents_2021_12_28/12anp2_20211228_163958_6579448478_600_800.png,12anp2_20211228_163958_6579448478_600_800_mask.png,310.0427
25,6,51,12,271,469,322,481,271,469,322,469,322,481,271,481,text,table_text,table_2,arial,regular,10.0,12anp2_20211228_163958_6579448478_600_800.png,/scratch/parceirosbr/bigoilict/share/BigOil/document_generator/datasets/documents_2021_12_28/12anp2_20211228_163958_6579448478_600_800.png,12anp2_20211228_163958_6579448478_600_800_mask.png,2254.5148
25,6,51,12,271,469,322,481,271,469,322,469,322,481,271,481,sub_line_text,table_text,table_2,arial,regular,10.0,12anp2_20211228_163958_6579448478_600_800.png,/scratch/parceirosbr/bigoilict/share/BigOil/document_generator/datasets/documents_2021_12_28/12anp2_20211228_163958_6579448478_600_800.png,12anp2_20211228_163958_6579448478_600_800_mask.png,2254.5148
19,6,39,12,283,484,322,496,283,484,322,484,322,496,283,496,text,table_text,table_2,arial,regular,10.0,12anp2_20211228_163958_6579448478_600_800.png,/scratch/parceirosbr/bigoilict/share/BigOil/document_generator/datasets/documents_2021_12_28/12anp2_20211228_163958_6579448478_600_800.png,12anp2_20211228_163958_6579448478_600_800_mask.png,35.7181
19,6,39,12,283,484,322,496,283,484,322,484,322,496,283,496,sub_line_text,table_text,table_2,arial,regular,10.0,12anp2_20211228_163958_6579448478_600_800.png,/scratch/parceirosbr/bigoilict/share/BigOil/document_generator/datasets/documents_2021_12_28/12anp2_20211228_163958_6579448478_600_800.png,12anp2_20211228_163958_6579448478_600_800_mask.png,35.7181
19,6,39,12,283,499,322,511,283,499,322,499,322,511,283,511,text,table_text,table_2,arial,regular,10.0,12anp2_20211228_163958_6579448478_600_800.png,/scratch/parceirosbr/bigoilict/share/BigOil/document_generator/datasets/documents_2021_12_28/12anp2_20211228_163958_6579448478_600_800.png,12anp2_20211228_163958_6579448478_600_800_mask.png,98.2286
19,6,39,12,283,499,322,511,283,499,322,499,322,511,283,511,sub_line_text,table_text,table_2,arial,regular,10.0,12anp2_20211228_163958_6579448478_600_800.png,/scratch/parceirosbr/bigoilict/share/BigOil/document_generator/datasets/documents_2021_12_28/12anp2_20211228_163958_6579448478_600_800.png,12anp2_20211228_163958_6579448478_600_800_mask.png,98.2286
16,6,32,12,373,349,405,361,373,349,405,349,405,361,373,361,text,table_text,table_2,arial,regular,10.0,12anp2_20211228_163958_6579448478_600_800.png,/scratch/parceirosbr/bigoilict/share/BigOil/document_generator/datasets/documents_2021_12_28/12anp2_20211228_163958_6579448478_600_800.png,12anp2_20211228_163958_6579448478_600_800_mask.png,cálculo
16,6,32,12,373,349,405,361,373,349,405,349,405,361,373,361,sub_line_text,table_text,table_2,arial,regular,10.0,12anp2_20211228_163958_6579448478_600_800.png,/scratch/parceirosbr/bigoilict/share/BigOil/document_generator/datasets/documents_2021_12_28/12anp2_20211228_163958_6579448478_600_800.png,12anp2_20211228_163958_6579448478_600_800_mask.png,cálculo
22,6,45,12,328,364,373,376,328,364,373,364,373,376,328,376,text,table_text,table_2,arial,regular,10.0,12anp2_20211228_163958_6579448478_600_800.png,/scratch/parceirosbr/bigoilict/share/BigOil/document_generator/datasets/documents_2021_12_28/12anp2_20211228_163958_6579448478_600_800.png,12anp2_20211228_163958_6579448478_600_800_mask.png,818.1899
22,6,45,12,328,364,373,376,328,364,373,364,373,376,328,376,sub_line_text,table_text,table_2,arial,regular,10.0,12anp2_20211228_163958_6579448478_600_800.png,/scratch/parceirosbr/bigoilict/share/BigOil/document_generator/datasets/documents_2021_12_28/12anp2_20211228_163958_6579448478_600_800.png,12anp2_20211228_163958_6579448478_600_800_mask.png,818.1899
22,6,45,12,328,379,373,391,328,379,373,379,373,391,328,391,text,table_text,table_2,arial,regular,10.0,12anp2_20211228_163958_6579448478_600_800.png,/scratch/parceirosbr/bigoilict/share/BigOil/document_generator/datasets/documents_2021_12_28/12anp2_20211228_163958_6579448478_600_800.png,12anp2_20211228_163958_6579448478_600_800_mask.png,400.9080
22,6,45,12,328,379,373,391,328,379,373,379,373,391,328,391,sub_line_text,table_text,table_2,arial,regular,10.0,12anp2_20211228_163958_6579448478_600_800.png,/scratch/parceirosbr/bigoilict/share/BigOil/document_generator/datasets/documents_2021_12_28/12anp2_20211228_163958_6579448478_600_800.png,12anp2_20211228_163958_6579448478_600_800_mask.png,400.9080
22,6,45,12,328,394,373,406,328,394,373,394,373,406,328,406,text,table_text,table_2,arial,regular,10.0,12anp2_20211228_163958_6579448478_600_800.png,/scratch/parceirosbr/bigoilict/share/BigOil/document_generator/datasets/documents_2021_12_28/12anp2_20211228_163958_6579448478_600_800.png,12anp2_20211228_163958_6579448478_600_800_mask.png,886.6828
22,6,45,12,328,394,373,406,328,394,373,394,373,406,328,406,sub_line_text,table_text,table_2,arial,regular,10.0,12anp2_20211228_163958_6579448478_600_800.png,/scratch/parceirosbr/bigoilict/share/BigOil/document_generator/datasets/documents_2021_12_28/12anp2_20211228_163958_6579448478_600_800.png,12anp2_20211228_163958_6579448478_600_800_mask.png,886.6828
22,6,45,12,328,409,373,421,328,409,373,409,373,421,328,421,text,table_text,table_2,arial,regular,10.0,12anp2_20211228_163958_6579448478_600_800.png,/scratch/parceirosbr/bigoilict/share/BigOil/document_generator/datasets/documents_2021_12_28/12anp2_20211228_163958_6579448478_600_800.png,12anp2_20211228_163958_6579448478_600_800_mask.png,853.5688
22,6,45,12,328,409,373,421,328,409,373,409,373,421,328,421,sub_line_text,table_text,table_2,arial,regular,10.0,12anp2_20211228_163958_6579448478_600_800.png,/scratch/parceirosbr/bigoilict/share/BigOil/document_generator/datasets/documents_2021_12_28/12anp2_20211228_163958_6579448478_600_800.png,12anp2_20211228_163958_6579448478_600_800_mask.png,853.5688
22,6,45,12,328,424,373,436,328,424,373,424,373,436,328,436,text,table_text,table_2,arial,regular,10.0,12anp2_20211228_163958_6579448478_600_800.png,/scratch/parceirosbr/bigoilict/share/BigOil/document_generator/datasets/documents_2021_12_28/12anp2_20211228_163958_6579448478_600_800.png,12anp2_20211228_163958_6579448478_600_800_mask.png,131.8281
22,6,45,12,328,424,373,436,328,424,373,424,373,436,328,436,sub_line_text,table_text,table_2,arial,regular,10.0,12anp2_20211228_163958_6579448478_600_800.png,/scratch/parceirosbr/bigoilict/share/BigOil/document_generator/datasets/documents_2021_12_28/12anp2_20211228_163958_6579448478_600_800.png,12anp2_20211228_163958_6579448478_600_800_mask.png,131.8281
22,6,45,12,328,439,373,451,328,439,373,439,373,451,328,451,text,table_text,table_2,arial,regular,10.0,12anp2_20211228_163958_6579448478_600_800.png,/scratch/parceirosbr/bigoilict/share/BigOil/document_generator/datasets/documents_2021_12_28/12anp2_20211228_163958_6579448478_600_800.png,12anp2_20211228_163958_6579448478_600_800_mask.png,627.6184
22,6,45,12,328,439,373,451,328,439,373,439,373,451,328,451,sub_line_text,table_text,table_2,arial,regular,10.0,12anp2_20211228_163958_6579448478_600_800.png,/scratch/parceirosbr/bigoilict/share/BigOil/document_generator/datasets/documents_2021_12_28/12anp2_20211228_163958_6579448478_600_800.png,12anp2_20211228_163958_6579448478_600_800_mask.png,627.6184
22,6,45,12,328,454,373,466,328,454,373,454,373,466,328,466,text,table_text,table_2,arial,regular,10.0,12anp2_20211228_163958_6579448478_600_800.png,/scratch/parceirosbr/bigoilict/share/BigOil/document_generator/datasets/documents_2021_12_28/12anp2_20211228_163958_6579448478_600_800.png,12anp2_20211228_163958_6579448478_600_800_mask.png,233.9546
22,6,45,12,328,454,373,466,328,454,373,454,373,466,328,466,sub_line_text,table_text,table_2,arial,regular,10.0,12anp2_20211228_163958_6579448478_600_800.png,/scratch/parceirosbr/bigoilict/share/BigOil/document_generator/datasets/documents_2021_12_28/12anp2_20211228_163958_6579448478_600_800.png,12anp2_20211228_163958_6579448478_600_800_mask.png,233.9546
22,6,45,12,328,469,373,481,328,469,373,469,373,481,328,481,text,table_text,table_2,arial,regular,10.0,12anp2_20211228_163958_6579448478_600_800.png,/scratch/parceirosbr/bigoilict/share/BigOil/document_generator/datasets/documents_2021_12_28/12anp2_20211228_163958_6579448478_600_800.png,12anp2_20211228_163958_6579448478_600_800_mask.png,822.5675
22,6,45,12,328,469,373,481,328,469,373,469,373,481,328,481,sub_line_text,table_text,table_2,arial,regular,10.0,12anp2_20211228_163958_6579448478_600_800.png,/scratch/parceirosbr/bigoilict/share/BigOil/document_generator/datasets/documents_2021_12_28/12anp2_20211228_163958_6579448478_600_800.png,12anp2_20211228_163958_6579448478_600_800_mask.png,822.5675
22,6,45,12,328,484,373,496,328,484,373,484,373,496,328,496,text,table_text,table_2,arial,regular,10.0,12anp2_20211228_163958_6579448478_600_800.png,/scratch/parceirosbr/bigoilict/share/BigOil/document_generator/datasets/documents_2021_12_28/12anp2_20211228_163958_6579448478_600_800.png,12anp2_20211228_163958_6579448478_600_800_mask.png,298.3686
22,6,45,12,328,484,373,496,328,484,373,484,373,496,328,496,sub_line_text,table_text,table_2,arial,regular,10.0,12anp2_20211228_163958_6579448478_600_800.png,/scratch/parceirosbr/bigoilict/share/BigOil/document_generator/datasets/documents_2021_12_28/12anp2_20211228_163958_6579448478_600_800.png,12anp2_20211228_163958_6579448478_600_800_mask.png,298.3686
22,6,45,12,328,499,373,511,328,499,373,499,373,511,328,511,text,table_text,table_2,arial,regular,10.0,12anp2_20211228_163958_6579448478_600_800.png,/scratch/parceirosbr/bigoilict/share/BigOil/document_generator/datasets/documents_2021_12_28/12anp2_20211228_163958_6579448478_600_800.png,12anp2_20211228_163958_6579448478_600_800_mask.png,300.8812
22,6,45,12,328,499,373,511,328,499,373,499,373,511,328,511,sub_line_text,table_text,table_2,arial,regular,10.0,12anp2_20211228_163958_6579448478_600_800.png,/scratch/parceirosbr/bigoilict/share/BigOil/document_generator/datasets/documents_2021_12_28/12anp2_20211228_163958_6579448478_600_800.png,12anp2_20211228_163958_6579448478_600_800_mask.png,300.8812
23,6,46,12,392,364,438,376,392,364,438,364,438,376,392,376,text,table_text,table_2,arial,regular,10.0,12anp2_20211228_163958_6579448478_600_800.png,/scratch/parceirosbr/bigoilict/share/BigOil/document_generator/datasets/documents_2021_12_28/12anp2_20211228_163958_6579448478_600_800.png,12anp2_20211228_163958_6579448478_600_800_mask.png,tamanhos
23,6,46,12,392,364,438,376,392,364,438,364,438,376,392,376,sub_line_text,table_text,table_2,arial,regular,10.0,12anp2_20211228_163958_6579448478_600_800.png,/scratch/parceirosbr/bigoilict/share/BigOil/document_generator/datasets/documents_2021_12_28/12anp2_20211228_163958_6579448478_600_800.png,12anp2_20211228_163958_6579448478_600_800_mask.png,tamanhos
16,6,32,12,398,379,430,391,398,379,430,379,430,391,398,391,text,table_text,table_2,arial,regular,10.0,12anp2_20211228_163958_6579448478_600_800.png,/scratch/parceirosbr/bigoilict/share/BigOil/document_generator/datasets/documents_2021_12_28/12anp2_20211228_163958_6579448478_600_800.png,12anp2_20211228_163958_6579448478_600_800_mask.png,podem
16,6,32,12,398,379,430,391,398,379,430,379,430,391,398,391,sub_line_text,table_text,table_2,arial,regular,10.0,12anp2_20211228_163958_6579448478_600_800.png,/scratch/parceirosbr/bigoilict/share/BigOil/document_generator/datasets/documents_2021_12_28/12anp2_20211228_163958_6579448478_600_800.png,12anp2_20211228_163958_6579448478_600_800_mask.png,podem
30,6,61,12,384,394,445,406,384,394,445,394,445,406,384,406,text,table_text,table_2,arial,regular,10.0,12anp2_20211228_163958_6579448478_600_800.png,/scratch/parceirosbr/bigoilict/share/BigOil/document_generator/datasets/documents_2021_12_28/12anp2_20211228_163958_6579448478_600_800.png,12anp2_20211228_163958_6579448478_600_800_mask.png,infraestrutura
30,6,61,12,384,394,445,406,384,394,445,394,445,406,384,406,sub_line_text,table_text,table_2,arial,regular,10.0,12anp2_20211228_163958_6579448478_600_800.png,/scratch/parceirosbr/bigoilict/share/BigOil/document_generator/datasets/documents_2021_12_28/12anp2_20211228_163958_6579448478_600_800.png,12anp2_20211228_163958_6579448478_600_800_mask.png,infraestrutura
28,6,57,12,386,409,443,421,386,409,443,409,443,421,386,421,text,table_text,table_2,arial,regular,10.0,12anp2_20211228_163958_6579448478_600_800.png,/scratch/parceirosbr/bigoilict/share/BigOil/document_generator/datasets/documents_2021_12_28/12anp2_20211228_163958_6579448478_600_800.png,12anp2_20211228_163958_6579448478_600_800_mask.png,previamente
28,6,57,12,386,409,443,421,386,409,443,409,443,421,386,421,sub_line_text,table_text,table_2,arial,regular,10.0,12anp2_20211228_163958_6579448478_600_800.png,/scratch/parceirosbr/bigoilict/share/BigOil/document_generator/datasets/documents_2021_12_28/12anp2_20211228_163958_6579448478_600_800.png,12anp2_20211228_163958_6579448478_600_800_mask.png,previamente
25,6,51,12,389,424,440,436,389,424,440,424,440,436,389,436,text,table_text,table_2,arial,regular,10.0,12anp2_20211228_163958_6579448478_600_800.png,/scratch/parceirosbr/bigoilict/share/BigOil/document_generator/datasets/documents_2021_12_28/12anp2_20211228_163958_6579448478_600_800.png,12anp2_20211228_163958_6579448478_600_800_mask.png,catalisador
25,6,51,12,389,424,440,436,389,424,440,424,440,436,389,436,sub_line_text,table_text,table_2,arial,regular,10.0,12anp2_20211228_163958_6579448478_600_800.png,/scratch/parceirosbr/bigoilict/share/BigOil/document_generator/datasets/documents_2021_12_28/12anp2_20211228_163958_6579448478_600_800.png,12anp2_20211228_163958_6579448478_600_800_mask.png,catalisador
17,6,34,12,398,439,432,451,398,439,432,439,432,451,398,451,text,table_text,table_2,arial,regular,10.0,12anp2_20211228_163958_6579448478_600_800.png,/scratch/parceirosbr/bigoilict/share/BigOil/document_generator/datasets/documents_2021_12_28/12anp2_20211228_163958_6579448478_600_800.png,12anp2_20211228_163958_6579448478_600_800_mask.png,queima
17,6,34,12,398,439,432,451,398,439,432,439,432,451,398,451,sub_line_text,table_text,table_2,arial,regular,10.0,12anp2_20211228_163958_6579448478_600_800.png,/scratch/parceirosbr/bigoilict/share/BigOil/document_generator/datasets/documents_2021_12_28/12anp2_20211228_163958_6579448478_600_800.png,12anp2_20211228_163958_6579448478_600_800_mask.png,queima
8,6,16,12,406,454,422,466,406,454,422,454,422,466,406,466,text,table_text,table_2,arial,regular,10.0,12anp2_20211228_163958_6579448478_600_800.png,/scratch/parceirosbr/bigoilict/share/BigOil/document_generator/datasets/documents_2021_12_28/12anp2_20211228_163958_6579448478_600_800.png,12anp2_20211228_163958_6579448478_600_800_mask.png,por
8,6,16,12,406,454,422,466,406,454,422,454,422,466,406,466,sub_line_text,table_text,table_2,arial,regular,10.0,12anp2_20211228_163958_6579448478_600_800.png,/scratch/parceirosbr/bigoilict/share/BigOil/document_generator/datasets/documents_2021_12_28/12anp2_20211228_163958_6579448478_600_800.png,12anp2_20211228_163958_6579448478_600_800_mask.png,por
10,6,21,12,404,469,425,481,404,469,425,469,425,481,404,481,text,table_text,table_2,arial,regular,10.0,12anp2_20211228_163958_6579448478_600_800.png,/scratch/parceirosbr/bigoilict/share/BigOil/document_generator/datasets/documents_2021_12_28/12anp2_20211228_163958_6579448478_600_800.png,12anp2_20211228_163958_6579448478_600_800_mask.png,grau
10,6,21,12,404,469,425,481,404,469,425,469,425,481,404,481,sub_line_text,table_text,table_2,arial,regular,10.0,12anp2_20211228_163958_6579448478_600_800.png,/scratch/parceirosbr/bigoilict/share/BigOil/document_generator/datasets/documents_2021_12_28/12anp2_20211228_163958_6579448478_600_800.png,12anp2_20211228_163958_6579448478_600_800_mask.png,grau
28,6,57,12,386,484,443,496,386,484,443,484,443,496,386,496,text,table_text,table_2,arial,regular,10.0,12anp2_20211228_163958_6579448478_600_800.png,/scratch/parceirosbr/bigoilict/share/BigOil/document_generator/datasets/documents_2021_12_28/12anp2_20211228_163958_6579448478_600_800.png,12anp2_20211228_163958_6579448478_600_800_mask.png,escoamento
28,6,57,12,386,484,443,496,386,484,443,484,443,496,386,496,sub_line_text,table_text,table_2,arial,regular,10.0,12anp2_20211228_163958_6579448478_600_800.png,/scratch/parceirosbr/bigoilict/share/BigOil/document_generator/datasets/documents_2021_12_28/12anp2_20211228_163958_6579448478_600_800.png,12anp2_20211228_163958_6579448478_600_800_mask.png,escoamento
17,6,34,12,398,499,432,511,398,499,432,499,432,511,398,511,text,table_text,table_2,arial,regular,10.0,12anp2_20211228_163958_6579448478_600_800.png,/scratch/parceirosbr/bigoilict/share/BigOil/document_generator/datasets/documents_2021_12_28/12anp2_20211228_163958_6579448478_600_800.png,12anp2_20211228_163958_6579448478_600_800_mask.png,modelo
17,6,34,12,398,499,432,511,398,499,432,499,432,511,398,511,sub_line_text,table_text,table_2,arial,regular,10.0,12anp2_20211228_163958_6579448478_600_800.png,/scratch/parceirosbr/bigoilict/share/BigOil/document_generator/datasets/documents_2021_12_28/12anp2_20211228_163958_6579448478_600_800.png,12anp2_20211228_163958_6579448478_600_800_mask.png,modelo
162,6,325,12,127,525,452,537,127,525,452,525,452,537,127,537,sub_line_text,text,text_0,arial,regular,10,12anp2_20211228_163958_6579448478_600_800.png,/scratch/parceirosbr/bigoilict/share/BigOil/document_generator/datasets/documents_2021_12_28/12anp2_20211228_163958_6579448478_600_800.png,12anp2_20211228_163958_6579448478_600_800_mask.png,"Obstante,  Quanto  aos  deslocamentos na direção transversal ao es-"
185,6,370,12,82,541,452,553,82,541,452,541,452,553,82,553,sub_line_text,text,text_0,arial,regular,10,12anp2_20211228_163958_6579448478_600_800.png,/scratch/parceirosbr/bigoilict/share/BigOil/document_generator/datasets/documents_2021_12_28/12anp2_20211228_163958_6579448478_600_800.png,12anp2_20211228_163958_6579448478_600_800_mask.png,"coamento,  há  um  aspecto  importante  a ser considerado: a vibração induzida"
184,6,369,12,82,557,451,569,82,557,451,557,451,569,82,569,sub_line_text,text,text_0,arial,regular,10,12anp2_20211228_163958_6579448478_600_800.png,/scratch/parceirosbr/bigoilict/share/BigOil/document_generator/datasets/documents_2021_12_28/12anp2_20211228_163958_6579448478_600_800.png,12anp2_20211228_163958_6579448478_600_800_mask.png,por  vórtices assim como a movimentação induzida por vórtices. Quando se apl-
185,6,371,12,82,573,453,585,82,573,453,573,453,585,82,585,sub_line_text,text,text_0,arial,regular,10,12anp2_20211228_163958_6579448478_600_800.png,/scratch/parceirosbr/bigoilict/share/BigOil/document_generator/datasets/documents_2021_12_28/12anp2_20211228_163958_6579448478_600_800.png,12anp2_20211228_163958_6579448478_600_800_mask.png,"ica  um  excesso  de pressão ao fluido, este sofre uma diminuição não-linear em"
150,6,301,12,82,589,383,601,82,589,383,589,383,601,82,601,sub_line_text,text,text_0,arial,regular,10,12anp2_20211228_163958_6579448478_600_800.png,/scratch/parceirosbr/bigoilict/share/BigOil/document_generator/datasets/documents_2021_12_28/12anp2_20211228_163958_6579448478_600_800.png,12anp2_20211228_163958_6579448478_600_800_mask.png,seu volume que depende da temperatura e composição do óleo.
185,38,371,76,82,525,453,601,82,525,453,525,453,601,82,601,text,text,text_0,arial,regular,10,12anp2_20211228_163958_6579448478_600_800.png,/scratch/parceirosbr/bigoilict/share/BigOil/document_generator/datasets/documents_2021_12_28/12anp2_20211228_163958_6579448478_600_800.png,12anp2_20211228_163958_6579448478_600_800_mask.png,nan
162,6,324,12,127,610,451,622,127,610,451,610,451,622,127,622,sub_line_text,text,text_1,arial,regular,10,12anp2_20211228_163958_6579448478_600_800.png,/scratch/parceirosbr/bigoilict/share/BigOil/document_generator/datasets/documents_2021_12_28/12anp2_20211228_163958_6579448478_600_800.png,12anp2_20211228_163958_6579448478_600_800_mask.png,Apresentaram  A  figura  3  mostra  o gráfico da curva de titulação de
185,6,370,12,82,626,452,638,82,626,452,626,452,638,82,638,sub_line_text,text,text_1,arial,regular,10,12anp2_20211228_163958_6579448478_600_800.png,/scratch/parceirosbr/bigoilict/share/BigOil/document_generator/datasets/documents_2021_12_28/12anp2_20211228_163958_6579448478_600_800.png,12anp2_20211228_163958_6579448478_600_800_mask.png,uma  solução  de  (padrão  primário) para a padronização da solução de aproxi-
178,6,356,12,82,642,438,654,82,642,438,642,438,654,82,654,sub_line_text,text,text_1,arial,regular,10,12anp2_20211228_163958_6579448478_600_800.png,/scratch/parceirosbr/bigoilict/share/BigOil/document_generator/datasets/documents_2021_12_28/12anp2_20211228_163958_6579448478_600_800.png,12anp2_20211228_163958_6579448478_600_800_mask.png,"madamente 0,1 mol. A number of the studies reflect past practice in differing."
185,22,370,44,82,610,452,654,82,610,452,610,452,654,82,654,text,text,text_1,arial,regular,10,12anp2_20211228_163958_6579448478_600_800.png,/scratch/parceirosbr/bigoilict/share/BigOil/document_generator/datasets/documents_2021_12_28/12anp2_20211228_163958_6579448478_600_800.png,12anp2_20211228_163958_6579448478_600_800_mask.png,nan
