center_x,center_y,width,height,xmin,ymin,xmax,ymax,top_left_x,top_left_y,top_right_x,top_right_y,bottom_right_x,bottom_right_y,bottom_left_x,bottom_left_y,label,grouplabel,group,text_font,text_style,size_font,filename,path,filename_mask,content
300,400,600,800,0,0,600,800,0,0,600,0,600,800,0,800,document,,,,,,12anp2_20211228_163959_5061690318_600_800.png,/scratch/parceirosbr/bigoilict/share/BigOil/document_generator/datasets/documents_2021_12_28/12anp2_20211228_163959_5061690318_600_800.png,12anp2_20211228_163959_5061690318_600_800_mask.png,
249,1,498,2,57,96,555,98,57,96,555,96,555,98,57,98,line,line,line,,,,12anp2_20211228_163959_5061690318_600_800.png,/scratch/parceirosbr/bigoilict/share/BigOil/document_generator/datasets/documents_2021_12_28/12anp2_20211228_163959_5061690318_600_800.png,12anp2_20211228_163959_5061690318_600_800_mask.png,nan
16,8,32,16,521,58,553,74,521,58,553,58,553,74,521,74,sub_line_text,header,header_1,roboto,bold,14,12anp2_20211228_163959_5061690318_600_800.png,/scratch/parceirosbr/bigoilict/share/BigOil/document_generator/datasets/documents_2021_12_28/12anp2_20211228_163959_5061690318_600_800.png,12anp2_20211228_163959_5061690318_600_800_mask.png,2011
16,8,32,16,521,58,553,74,521,58,553,58,553,74,521,74,text,header,header_1,roboto,bold,14,12anp2_20211228_163959_5061690318_600_800.png,/scratch/parceirosbr/bigoilict/share/BigOil/document_generator/datasets/documents_2021_12_28/12anp2_20211228_163959_5061690318_600_800.png,12anp2_20211228_163959_5061690318_600_800_mask.png,nan
58,8,116,16,389,58,505,74,389,58,505,58,505,74,389,74,sub_line_text,header,header_1,roboto,bold,14,12anp2_20211228_163959_5061690318_600_800.png,/scratch/parceirosbr/bigoilict/share/BigOil/document_generator/datasets/documents_2021_12_28/12anp2_20211228_163959_5061690318_600_800.png,12anp2_20211228_163959_5061690318_600_800_mask.png,Para carbonilação
58,8,116,16,389,58,505,74,389,58,505,58,505,74,389,74,text,header,header_1,roboto,bold,14,12anp2_20211228_163959_5061690318_600_800.png,/scratch/parceirosbr/bigoilict/share/BigOil/document_generator/datasets/documents_2021_12_28/12anp2_20211228_163959_5061690318_600_800.png,12anp2_20211228_163959_5061690318_600_800_mask.png,nan
34,15,68,31,85,58,153,89,85,58,153,58,153,89,85,89,image,image,image,,,,12anp2_20211228_163959_5061690318_600_800.png,/scratch/parceirosbr/bigoilict/share/BigOil/document_generator/datasets/documents_2021_12_28/12anp2_20211228_163959_5061690318_600_800.png,12anp2_20211228_163959_5061690318_600_800_mask.png,/scratch/parceirosbr/bigoilict/share/BigOil/document_generator/files_images_document_generator/logos\image_100.jpg
124,4,248,8,83,105,331,113,83,105,331,105,331,113,83,113,sub_line_text,subsubsubtitle,subsubsubtitle_0,roboto,bolditalic,7,12anp2_20211228_163959_5061690318_600_800.png,/scratch/parceirosbr/bigoilict/share/BigOil/document_generator/datasets/documents_2021_12_28/12anp2_20211228_163959_5061690318_600_800.png,12anp2_20211228_163959_5061690318_600_800_mask.png,"Porém, solução impasse, houve inflexão tendência preços, que investidores"
124,4,248,8,83,105,331,113,83,105,331,105,331,113,83,113,title,subsubsubtitle,subsubsubtitle_0,roboto,bolditalic,7,12anp2_20211228_163959_5061690318_600_800.png,/scratch/parceirosbr/bigoilict/share/BigOil/document_generator/datasets/documents_2021_12_28/12anp2_20211228_163959_5061690318_600_800.png,12anp2_20211228_163959_5061690318_600_800_mask.png,nan
75,41,151,83,57,120,208,203,57,120,208,120,208,203,57,203,image,figure_image,figure_0,,,,12anp2_20211228_163959_5061690318_600_800.png,/scratch/parceirosbr/bigoilict/share/BigOil/document_generator/datasets/documents_2021_12_28/12anp2_20211228_163959_5061690318_600_800.png,12anp2_20211228_163959_5061690318_600_800_mask.png,output/gen_img_20211228_163959_8104807820.png
13,0,26,1,99,125,125,126,99,122,125,125,125,129,98,126,text,figure_text,figure_0,,,,12anp2_20211228_163959_5061690318_600_800.png,/scratch/parceirosbr/bigoilict/share/BigOil/document_generator/datasets/documents_2021_12_28/12anp2_20211228_163959_5061690318_600_800.png,12anp2_20211228_163959_5061690318_600_800_mask.png,Processing (MB)
13,0,26,1,99,125,125,126,99,122,125,125,125,129,98,126,sub_line_text,figure_text,figure_0,,,,12anp2_20211228_163959_5061690318_600_800.png,/scratch/parceirosbr/bigoilict/share/BigOil/document_generator/datasets/documents_2021_12_28/12anp2_20211228_163959_5061690318_600_800.png,12anp2_20211228_163959_5061690318_600_800_mask.png,Processing (MB)
4,1,9,2,130,179,139,181,130,177,140,179,139,183,129,181,text,figure_text,figure_0,,,,12anp2_20211228_163959_5061690318_600_800.png,/scratch/parceirosbr/bigoilict/share/BigOil/document_generator/datasets/documents_2021_12_28/12anp2_20211228_163959_5061690318_600_800.png,12anp2_20211228_163959_5061690318_600_800_mask.png,Export
4,1,9,2,130,179,139,181,130,177,140,179,139,183,129,181,sub_line_text,figure_text,figure_0,,,,12anp2_20211228_163959_5061690318_600_800.png,/scratch/parceirosbr/bigoilict/share/BigOil/document_generator/datasets/documents_2021_12_28/12anp2_20211228_163959_5061690318_600_800.png,12anp2_20211228_163959_5061690318_600_800_mask.png,Export
4,1,9,2,102,149,111,151,102,148,111,149,111,152,102,151,text,figure_text,figure_0,,,,12anp2_20211228_163959_5061690318_600_800.png,/scratch/parceirosbr/bigoilict/share/BigOil/document_generator/datasets/documents_2021_12_28/12anp2_20211228_163959_5061690318_600_800.png,12anp2_20211228_163959_5061690318_600_800_mask.png,-3152
4,1,9,2,102,149,111,151,102,148,111,149,111,152,102,151,sub_line_text,figure_text,figure_0,,,,12anp2_20211228_163959_5061690318_600_800.png,/scratch/parceirosbr/bigoilict/share/BigOil/document_generator/datasets/documents_2021_12_28/12anp2_20211228_163959_5061690318_600_800.png,12anp2_20211228_163959_5061690318_600_800_mask.png,-3152
8,4,17,9,68,133,85,142,68,139,84,133,85,136,70,142,text,figure_text,figure_0,,,,12anp2_20211228_163959_5061690318_600_800.png,/scratch/parceirosbr/bigoilict/share/BigOil/document_generator/datasets/documents_2021_12_28/12anp2_20211228_163959_5061690318_600_800.png,12anp2_20211228_163959_5061690318_600_800_mask.png,-8200.664
8,4,17,9,68,133,85,142,68,139,84,133,85,136,70,142,sub_line_text,figure_text,figure_0,,,,12anp2_20211228_163959_5061690318_600_800.png,/scratch/parceirosbr/bigoilict/share/BigOil/document_generator/datasets/documents_2021_12_28/12anp2_20211228_163959_5061690318_600_800.png,12anp2_20211228_163959_5061690318_600_800_mask.png,-8200.664
7,0,15,0,129,148,144,148,129,145,145,148,144,151,128,148,text,figure_text,figure_0,,,,12anp2_20211228_163959_5061690318_600_800.png,/scratch/parceirosbr/bigoilict/share/BigOil/document_generator/datasets/documents_2021_12_28/12anp2_20211228_163959_5061690318_600_800.png,12anp2_20211228_163959_5061690318_600_800_mask.png,-5004.869
7,0,15,0,129,148,144,148,129,145,145,148,144,151,128,148,sub_line_text,figure_text,figure_0,,,,12anp2_20211228_163959_5061690318_600_800.png,/scratch/parceirosbr/bigoilict/share/BigOil/document_generator/datasets/documents_2021_12_28/12anp2_20211228_163959_5061690318_600_800.png,12anp2_20211228_163959_5061690318_600_800_mask.png,-5004.869
15,4,31,8,132,210,163,218,132,210,163,210,163,218,132,218,sub_line_text,text,text_0,roboto,regular,7,12anp2_20211228_163959_5061690318_600_800.png,/scratch/parceirosbr/bigoilict/share/BigOil/document_generator/datasets/documents_2021_12_28/12anp2_20211228_163959_5061690318_600_800.png,12anp2_20211228_163959_5061690318_600_800_mask.png,Onde: de.
15,4,31,8,132,210,163,218,132,210,163,210,163,218,132,218,text,text,text_0,roboto,regular,7,12anp2_20211228_163959_5061690318_600_800.png,/scratch/parceirosbr/bigoilict/share/BigOil/document_generator/datasets/documents_2021_12_28/12anp2_20211228_163959_5061690318_600_800.png,12anp2_20211228_163959_5061690318_600_800_mask.png,nan
80,104,161,208,310,120,471,328,310,120,471,120,471,328,310,328,image,figure_image,figure_3,,,,12anp2_20211228_163959_5061690318_600_800.png,/scratch/parceirosbr/bigoilict/share/BigOil/document_generator/datasets/documents_2021_12_28/12anp2_20211228_163959_5061690318_600_800.png,12anp2_20211228_163959_5061690318_600_800_mask.png,output/gen_img_20211228_164000_1191684349.png
15,0,30,0,333,170,363,170,333,162,365,170,363,177,331,170,text,figure_text,figure_3,,,,12anp2_20211228_163959_5061690318_600_800.png,/scratch/parceirosbr/bigoilict/share/BigOil/document_generator/datasets/documents_2021_12_28/12anp2_20211228_163959_5061690318_600_800.png,12anp2_20211228_163959_5061690318_600_800_mask.png,Evolution
15,0,30,0,333,170,363,170,333,162,365,170,363,177,331,170,sub_line_text,figure_text,figure_3,,,,12anp2_20211228_163959_5061690318_600_800.png,/scratch/parceirosbr/bigoilict/share/BigOil/document_generator/datasets/documents_2021_12_28/12anp2_20211228_163959_5061690318_600_800.png,12anp2_20211228_163959_5061690318_600_800_mask.png,Evolution
12,5,24,10,418,209,442,219,418,211,442,209,442,218,418,219,text,figure_text,figure_3,,,,12anp2_20211228_163959_5061690318_600_800.png,/scratch/parceirosbr/bigoilict/share/BigOil/document_generator/datasets/documents_2021_12_28/12anp2_20211228_163959_5061690318_600_800.png,12anp2_20211228_163959_5061690318_600_800_mask.png,-5791.4
12,5,24,10,418,209,442,219,418,211,442,209,442,218,418,219,sub_line_text,figure_text,figure_3,,,,12anp2_20211228_163959_5061690318_600_800.png,/scratch/parceirosbr/bigoilict/share/BigOil/document_generator/datasets/documents_2021_12_28/12anp2_20211228_163959_5061690318_600_800.png,12anp2_20211228_163959_5061690318_600_800_mask.png,-5791.4
28,-4,57,-8,390,170,447,162,390,153,450,170,447,179,388,162,text,figure_text,figure_3,,,,12anp2_20211228_163959_5061690318_600_800.png,/scratch/parceirosbr/bigoilict/share/BigOil/document_generator/datasets/documents_2021_12_28/12anp2_20211228_163959_5061690318_600_800.png,12anp2_20211228_163959_5061690318_600_800_mask.png,Temperature (a.c)
28,-4,57,-8,390,170,447,162,390,153,450,170,447,179,388,162,sub_line_text,figure_text,figure_3,,,,12anp2_20211228_163959_5061690318_600_800.png,/scratch/parceirosbr/bigoilict/share/BigOil/document_generator/datasets/documents_2021_12_28/12anp2_20211228_163959_5061690318_600_800.png,12anp2_20211228_163959_5061690318_600_800_mask.png,Temperature (a.c)
18,1,37,2,365,188,402,190,365,181,404,188,402,197,363,190,text,figure_text,figure_3,,,,12anp2_20211228_163959_5061690318_600_800.png,/scratch/parceirosbr/bigoilict/share/BigOil/document_generator/datasets/documents_2021_12_28/12anp2_20211228_163959_5061690318_600_800.png,12anp2_20211228_163959_5061690318_600_800_mask.png,Experiment
18,1,37,2,365,188,402,190,365,181,404,188,402,197,363,190,sub_line_text,figure_text,figure_3,,,,12anp2_20211228_163959_5061690318_600_800.png,/scratch/parceirosbr/bigoilict/share/BigOil/document_generator/datasets/documents_2021_12_28/12anp2_20211228_163959_5061690318_600_800.png,12anp2_20211228_163959_5061690318_600_800_mask.png,Experiment
17,8,34,17,430,136,464,153,430,146,461,136,464,143,432,153,text,figure_text,figure_3,,,,12anp2_20211228_163959_5061690318_600_800.png,/scratch/parceirosbr/bigoilict/share/BigOil/document_generator/datasets/documents_2021_12_28/12anp2_20211228_163959_5061690318_600_800.png,12anp2_20211228_163959_5061690318_600_800_mask.png,Data [GB]
17,8,34,17,430,136,464,153,430,146,461,136,464,143,432,153,sub_line_text,figure_text,figure_3,,,,12anp2_20211228_163959_5061690318_600_800.png,/scratch/parceirosbr/bigoilict/share/BigOil/document_generator/datasets/documents_2021_12_28/12anp2_20211228_163959_5061690318_600_800.png,12anp2_20211228_163959_5061690318_600_800_mask.png,Data [GB]
20,10,41,20,397,258,438,278,397,269,436,258,438,266,399,278,text,figure_text,figure_3,,,,12anp2_20211228_163959_5061690318_600_800.png,/scratch/parceirosbr/bigoilict/share/BigOil/document_generator/datasets/documents_2021_12_28/12anp2_20211228_163959_5061690318_600_800.png,12anp2_20211228_163959_5061690318_600_800_mask.png,Quality(MB)
20,10,41,20,397,258,438,278,397,269,436,258,438,266,399,278,sub_line_text,figure_text,figure_3,,,,12anp2_20211228_163959_5061690318_600_800.png,/scratch/parceirosbr/bigoilict/share/BigOil/document_generator/datasets/documents_2021_12_28/12anp2_20211228_163959_5061690318_600_800.png,12anp2_20211228_163959_5061690318_600_800_mask.png,Quality(MB)
27,4,55,9,399,198,454,207,399,199,453,198,454,207,399,207,text,figure_text,figure_3,,,,12anp2_20211228_163959_5061690318_600_800.png,/scratch/parceirosbr/bigoilict/share/BigOil/document_generator/datasets/documents_2021_12_28/12anp2_20211228_163959_5061690318_600_800.png,12anp2_20211228_163959_5061690318_600_800_mask.png,Processing (GB)
27,4,55,9,399,198,454,207,399,199,453,198,454,207,399,207,sub_line_text,figure_text,figure_3,,,,12anp2_20211228_163959_5061690318_600_800.png,/scratch/parceirosbr/bigoilict/share/BigOil/document_generator/datasets/documents_2021_12_28/12anp2_20211228_163959_5061690318_600_800.png,12anp2_20211228_163959_5061690318_600_800_mask.png,Processing (GB)
16,2,33,4,319,296,352,300,319,293,353,296,352,304,318,300,text,figure_text,figure_3,,,,12anp2_20211228_163959_5061690318_600_800.png,/scratch/parceirosbr/bigoilict/share/BigOil/document_generator/datasets/documents_2021_12_28/12anp2_20211228_163959_5061690318_600_800.png,12anp2_20211228_163959_5061690318_600_800_mask.png,Data [MB]
16,2,33,4,319,296,352,300,319,293,353,296,352,304,318,300,sub_line_text,figure_text,figure_3,,,,12anp2_20211228_163959_5061690318_600_800.png,/scratch/parceirosbr/bigoilict/share/BigOil/document_generator/datasets/documents_2021_12_28/12anp2_20211228_163959_5061690318_600_800.png,12anp2_20211228_163959_5061690318_600_800_mask.png,Data [MB]
11,0,23,1,333,216,356,217,333,209,358,216,356,224,330,217,text,figure_text,figure_3,,,,12anp2_20211228_163959_5061690318_600_800.png,/scratch/parceirosbr/bigoilict/share/BigOil/document_generator/datasets/documents_2021_12_28/12anp2_20211228_163959_5061690318_600_800.png,12anp2_20211228_163959_5061690318_600_800_mask.png,-8873%
11,0,23,1,333,216,356,217,333,209,358,216,356,224,330,217,sub_line_text,figure_text,figure_3,,,,12anp2_20211228_163959_5061690318_600_800.png,/scratch/parceirosbr/bigoilict/share/BigOil/document_generator/datasets/documents_2021_12_28/12anp2_20211228_163959_5061690318_600_800.png,12anp2_20211228_163959_5061690318_600_800_mask.png,-8873%
16,7,32,14,367,136,399,150,367,141,397,136,399,145,369,150,text,figure_text,figure_3,,,,12anp2_20211228_163959_5061690318_600_800.png,/scratch/parceirosbr/bigoilict/share/BigOil/document_generator/datasets/documents_2021_12_28/12anp2_20211228_163959_5061690318_600_800.png,12anp2_20211228_163959_5061690318_600_800_mask.png,-3234.68
16,7,32,14,367,136,399,150,367,141,397,136,399,145,369,150,sub_line_text,figure_text,figure_3,,,,12anp2_20211228_163959_5061690318_600_800.png,/scratch/parceirosbr/bigoilict/share/BigOil/document_generator/datasets/documents_2021_12_28/12anp2_20211228_163959_5061690318_600_800.png,12anp2_20211228_163959_5061690318_600_800_mask.png,-3234.68
10,4,21,9,402,297,423,306,402,297,422,297,423,306,402,306,text,figure_text,figure_3,,,,12anp2_20211228_163959_5061690318_600_800.png,/scratch/parceirosbr/bigoilict/share/BigOil/document_generator/datasets/documents_2021_12_28/12anp2_20211228_163959_5061690318_600_800.png,12anp2_20211228_163959_5061690318_600_800_mask.png,-8586
10,4,21,9,402,297,423,306,402,297,422,297,423,306,402,306,sub_line_text,figure_text,figure_3,,,,12anp2_20211228_163959_5061690318_600_800.png,/scratch/parceirosbr/bigoilict/share/BigOil/document_generator/datasets/documents_2021_12_28/12anp2_20211228_163959_5061690318_600_800.png,12anp2_20211228_163959_5061690318_600_800_mask.png,-8586
17,6,34,12,427,236,461,248,427,240,459,236,461,244,427,248,text,figure_text,figure_3,,,,12anp2_20211228_163959_5061690318_600_800.png,/scratch/parceirosbr/bigoilict/share/BigOil/document_generator/datasets/documents_2021_12_28/12anp2_20211228_163959_5061690318_600_800.png,12anp2_20211228_163959_5061690318_600_800_mask.png,-2423.929
17,6,34,12,427,236,461,248,427,240,459,236,461,244,427,248,sub_line_text,figure_text,figure_3,,,,12anp2_20211228_163959_5061690318_600_800.png,/scratch/parceirosbr/bigoilict/share/BigOil/document_generator/datasets/documents_2021_12_28/12anp2_20211228_163959_5061690318_600_800.png,12anp2_20211228_163959_5061690318_600_800_mask.png,-2423.929
10,4,21,9,404,129,425,138,404,130,425,129,425,138,405,138,text,figure_text,figure_3,,,,12anp2_20211228_163959_5061690318_600_800.png,/scratch/parceirosbr/bigoilict/share/BigOil/document_generator/datasets/documents_2021_12_28/12anp2_20211228_163959_5061690318_600_800.png,12anp2_20211228_163959_5061690318_600_800_mask.png,-9267
10,4,21,9,404,129,425,138,404,130,425,129,425,138,405,138,sub_line_text,figure_text,figure_3,,,,12anp2_20211228_163959_5061690318_600_800.png,/scratch/parceirosbr/bigoilict/share/BigOil/document_generator/datasets/documents_2021_12_28/12anp2_20211228_163959_5061690318_600_800.png,12anp2_20211228_163959_5061690318_600_800_mask.png,-9267
12,4,25,9,415,314,440,323,415,315,439,314,440,321,416,323,text,figure_text,figure_3,,,,12anp2_20211228_163959_5061690318_600_800.png,/scratch/parceirosbr/bigoilict/share/BigOil/document_generator/datasets/documents_2021_12_28/12anp2_20211228_163959_5061690318_600_800.png,12anp2_20211228_163959_5061690318_600_800_mask.png,Videos
12,4,25,9,415,314,440,323,415,315,439,314,440,321,416,323,sub_line_text,figure_text,figure_3,,,,12anp2_20211228_163959_5061690318_600_800.png,/scratch/parceirosbr/bigoilict/share/BigOil/document_generator/datasets/documents_2021_12_28/12anp2_20211228_163959_5061690318_600_800.png,12anp2_20211228_163959_5061690318_600_800_mask.png,Videos
15,0,31,0,330,132,361,132,330,124,363,132,361,140,328,132,text,figure_text,figure_3,,,,12anp2_20211228_163959_5061690318_600_800.png,/scratch/parceirosbr/bigoilict/share/BigOil/document_generator/datasets/documents_2021_12_28/12anp2_20211228_163959_5061690318_600_800.png,12anp2_20211228_163959_5061690318_600_800_mask.png,-4419.938
15,0,31,0,330,132,361,132,330,124,363,132,361,140,328,132,sub_line_text,figure_text,figure_3,,,,12anp2_20211228_163959_5061690318_600_800.png,/scratch/parceirosbr/bigoilict/share/BigOil/document_generator/datasets/documents_2021_12_28/12anp2_20211228_163959_5061690318_600_800.png,12anp2_20211228_163959_5061690318_600_800_mask.png,-4419.938
10,0,21,0,326,246,347,246,326,238,350,246,347,254,323,246,text,figure_text,figure_3,,,,12anp2_20211228_163959_5061690318_600_800.png,/scratch/parceirosbr/bigoilict/share/BigOil/document_generator/datasets/documents_2021_12_28/12anp2_20211228_163959_5061690318_600_800.png,12anp2_20211228_163959_5061690318_600_800_mask.png,-5022%
10,0,21,0,326,246,347,246,326,238,350,246,347,254,323,246,sub_line_text,figure_text,figure_3,,,,12anp2_20211228_163959_5061690318_600_800.png,/scratch/parceirosbr/bigoilict/share/BigOil/document_generator/datasets/documents_2021_12_28/12anp2_20211228_163959_5061690318_600_800.png,12anp2_20211228_163959_5061690318_600_800_mask.png,-5022%
16,6,32,12,315,181,347,193,315,185,346,181,347,190,316,193,text,figure_text,figure_3,,,,12anp2_20211228_163959_5061690318_600_800.png,/scratch/parceirosbr/bigoilict/share/BigOil/document_generator/datasets/documents_2021_12_28/12anp2_20211228_163959_5061690318_600_800.png,12anp2_20211228_163959_5061690318_600_800_mask.png,-2844.6%
16,6,32,12,315,181,347,193,315,185,346,181,347,190,316,193,sub_line_text,figure_text,figure_3,,,,12anp2_20211228_163959_5061690318_600_800.png,/scratch/parceirosbr/bigoilict/share/BigOil/document_generator/datasets/documents_2021_12_28/12anp2_20211228_163959_5061690318_600_800.png,12anp2_20211228_163959_5061690318_600_800_mask.png,-2844.6%
11,6,22,12,379,236,401,248,379,240,399,236,401,244,381,248,text,figure_text,figure_3,,,,12anp2_20211228_163959_5061690318_600_800.png,/scratch/parceirosbr/bigoilict/share/BigOil/document_generator/datasets/documents_2021_12_28/12anp2_20211228_163959_5061690318_600_800.png,12anp2_20211228_163959_5061690318_600_800_mask.png,-140%
11,6,22,12,379,236,401,248,379,240,399,236,401,244,381,248,sub_line_text,figure_text,figure_3,,,,12anp2_20211228_163959_5061690318_600_800.png,/scratch/parceirosbr/bigoilict/share/BigOil/document_generator/datasets/documents_2021_12_28/12anp2_20211228_163959_5061690318_600_800.png,12anp2_20211228_163959_5061690318_600_800_mask.png,-140%
18,3,36,7,351,282,387,289,351,281,387,282,387,290,351,289,text,figure_text,figure_3,,,,12anp2_20211228_163959_5061690318_600_800.png,/scratch/parceirosbr/bigoilict/share/BigOil/document_generator/datasets/documents_2021_12_28/12anp2_20211228_163959_5061690318_600_800.png,12anp2_20211228_163959_5061690318_600_800_mask.png,-8888.23%
18,3,36,7,351,282,387,289,351,281,387,282,387,290,351,289,sub_line_text,figure_text,figure_3,,,,12anp2_20211228_163959_5061690318_600_800.png,/scratch/parceirosbr/bigoilict/share/BigOil/document_generator/datasets/documents_2021_12_28/12anp2_20211228_163959_5061690318_600_800.png,12anp2_20211228_163959_5061690318_600_800_mask.png,-8888.23%
15,1,31,2,380,222,411,224,380,216,413,222,411,231,378,224,text,figure_text,figure_3,,,,12anp2_20211228_163959_5061690318_600_800.png,/scratch/parceirosbr/bigoilict/share/BigOil/document_generator/datasets/documents_2021_12_28/12anp2_20211228_163959_5061690318_600_800.png,12anp2_20211228_163959_5061690318_600_800_mask.png,-7359.792
15,1,31,2,380,222,411,224,380,216,413,222,411,231,378,224,sub_line_text,figure_text,figure_3,,,,12anp2_20211228_163959_5061690318_600_800.png,/scratch/parceirosbr/bigoilict/share/BigOil/document_generator/datasets/documents_2021_12_28/12anp2_20211228_163959_5061690318_600_800.png,12anp2_20211228_163959_5061690318_600_800_mask.png,-7359.792
13,3,26,6,364,296,390,302,364,293,391,296,390,305,363,302,text,figure_text,figure_3,,,,12anp2_20211228_163959_5061690318_600_800.png,/scratch/parceirosbr/bigoilict/share/BigOil/document_generator/datasets/documents_2021_12_28/12anp2_20211228_163959_5061690318_600_800.png,12anp2_20211228_163959_5061690318_600_800_mask.png,Voltage
13,3,26,6,364,296,390,302,364,293,391,296,390,305,363,302,sub_line_text,figure_text,figure_3,,,,12anp2_20211228_163959_5061690318_600_800.png,/scratch/parceirosbr/bigoilict/share/BigOil/document_generator/datasets/documents_2021_12_28/12anp2_20211228_163959_5061690318_600_800.png,12anp2_20211228_163959_5061690318_600_800_mask.png,Voltage
11,6,23,12,322,271,345,283,322,275,343,271,345,279,323,283,text,figure_text,figure_3,,,,12anp2_20211228_163959_5061690318_600_800.png,/scratch/parceirosbr/bigoilict/share/BigOil/document_generator/datasets/documents_2021_12_28/12anp2_20211228_163959_5061690318_600_800.png,12anp2_20211228_163959_5061690318_600_800_mask.png,-83.62
11,6,23,12,322,271,345,283,322,275,343,271,345,279,323,283,sub_line_text,figure_text,figure_3,,,,12anp2_20211228_163959_5061690318_600_800.png,/scratch/parceirosbr/bigoilict/share/BigOil/document_generator/datasets/documents_2021_12_28/12anp2_20211228_163959_5061690318_600_800.png,12anp2_20211228_163959_5061690318_600_800_mask.png,-83.62
8,3,16,6,442,252,458,258,442,251,459,252,458,260,442,258,text,figure_text,figure_3,,,,12anp2_20211228_163959_5061690318_600_800.png,/scratch/parceirosbr/bigoilict/share/BigOil/document_generator/datasets/documents_2021_12_28/12anp2_20211228_163959_5061690318_600_800.png,12anp2_20211228_163959_5061690318_600_800_mask.png,Start
8,3,16,6,442,252,458,258,442,251,459,252,458,260,442,258,sub_line_text,figure_text,figure_3,,,,12anp2_20211228_163959_5061690318_600_800.png,/scratch/parceirosbr/bigoilict/share/BigOil/document_generator/datasets/documents_2021_12_28/12anp2_20211228_163959_5061690318_600_800.png,12anp2_20211228_163959_5061690318_600_800_mask.png,Start
21,2,42,4,319,258,361,262,319,254,362,258,361,266,318,262,text,figure_text,figure_3,,,,12anp2_20211228_163959_5061690318_600_800.png,/scratch/parceirosbr/bigoilict/share/BigOil/document_generator/datasets/documents_2021_12_28/12anp2_20211228_163959_5061690318_600_800.png,12anp2_20211228_163959_5061690318_600_800_mask.png,Female [km]
21,2,42,4,319,258,361,262,319,254,362,258,361,266,318,262,sub_line_text,figure_text,figure_3,,,,12anp2_20211228_163959_5061690318_600_800.png,/scratch/parceirosbr/bigoilict/share/BigOil/document_generator/datasets/documents_2021_12_28/12anp2_20211228_163959_5061690318_600_800.png,12anp2_20211228_163959_5061690318_600_800_mask.png,Female [km]
15,5,30,10,338,309,368,319,338,311,368,309,368,316,338,319,text,figure_text,figure_3,,,,12anp2_20211228_163959_5061690318_600_800.png,/scratch/parceirosbr/bigoilict/share/BigOil/document_generator/datasets/documents_2021_12_28/12anp2_20211228_163959_5061690318_600_800.png,12anp2_20211228_163959_5061690318_600_800_mask.png,Male [M]
15,5,30,10,338,309,368,319,338,311,368,309,368,316,338,319,sub_line_text,figure_text,figure_3,,,,12anp2_20211228_163959_5061690318_600_800.png,/scratch/parceirosbr/bigoilict/share/BigOil/document_generator/datasets/documents_2021_12_28/12anp2_20211228_163959_5061690318_600_800.png,12anp2_20211228_163959_5061690318_600_800_mask.png,Male [M]
16,5,33,11,431,299,464,310,431,302,463,299,464,308,432,310,text,figure_text,figure_3,,,,12anp2_20211228_163959_5061690318_600_800.png,/scratch/parceirosbr/bigoilict/share/BigOil/document_generator/datasets/documents_2021_12_28/12anp2_20211228_163959_5061690318_600_800.png,12anp2_20211228_163959_5061690318_600_800_mask.png,-468.56%
16,5,33,11,431,299,464,310,431,302,463,299,464,308,432,310,sub_line_text,figure_text,figure_3,,,,12anp2_20211228_163959_5061690318_600_800.png,/scratch/parceirosbr/bigoilict/share/BigOil/document_generator/datasets/documents_2021_12_28/12anp2_20211228_163959_5061690318_600_800.png,12anp2_20211228_163959_5061690318_600_800_mask.png,-468.56%
8,5,16,11,434,121,450,132,434,123,449,121,450,130,435,132,text,figure_text,figure_3,,,,12anp2_20211228_163959_5061690318_600_800.png,/scratch/parceirosbr/bigoilict/share/BigOil/document_generator/datasets/documents_2021_12_28/12anp2_20211228_163959_5061690318_600_800.png,12anp2_20211228_163959_5061690318_600_800_mask.png,-178
8,5,16,11,434,121,450,132,434,123,449,121,450,130,435,132,sub_line_text,figure_text,figure_3,,,,12anp2_20211228_163959_5061690318_600_800.png,/scratch/parceirosbr/bigoilict/share/BigOil/document_generator/datasets/documents_2021_12_28/12anp2_20211228_163959_5061690318_600_800.png,12anp2_20211228_163959_5061690318_600_800_mask.png,-178
11,2,23,5,398,286,421,291,398,283,422,286,421,295,397,291,text,figure_text,figure_3,,,,12anp2_20211228_163959_5061690318_600_800.png,/scratch/parceirosbr/bigoilict/share/BigOil/document_generator/datasets/documents_2021_12_28/12anp2_20211228_163959_5061690318_600_800.png,12anp2_20211228_163959_5061690318_600_800_mask.png,-2491%
11,2,23,5,398,286,421,291,398,283,422,286,421,295,397,291,sub_line_text,figure_text,figure_3,,,,12anp2_20211228_163959_5061690318_600_800.png,/scratch/parceirosbr/bigoilict/share/BigOil/document_generator/datasets/documents_2021_12_28/12anp2_20211228_163959_5061690318_600_800.png,12anp2_20211228_163959_5061690318_600_800_mask.png,-2491%
9,5,19,10,385,312,404,322,385,315,402,312,404,319,387,322,text,figure_text,figure_3,,,,12anp2_20211228_163959_5061690318_600_800.png,/scratch/parceirosbr/bigoilict/share/BigOil/document_generator/datasets/documents_2021_12_28/12anp2_20211228_163959_5061690318_600_800.png,12anp2_20211228_163959_5061690318_600_800_mask.png,Time
9,5,19,10,385,312,404,322,385,315,402,312,404,319,387,322,sub_line_text,figure_text,figure_3,,,,12anp2_20211228_163959_5061690318_600_800.png,/scratch/parceirosbr/bigoilict/share/BigOil/document_generator/datasets/documents_2021_12_28/12anp2_20211228_163959_5061690318_600_800.png,12anp2_20211228_163959_5061690318_600_800_mask.png,Time
248,104,496,208,57,335,553,543,57,335,553,335,553,543,57,543,table,table_image,table_0,,,,12anp2_20211228_163959_5061690318_600_800.png,/scratch/parceirosbr/bigoilict/share/BigOil/document_generator/datasets/documents_2021_12_28/12anp2_20211228_163959_5061690318_600_800.png,12anp2_20211228_163959_5061690318_600_800_mask.png,output/gen_tab_20211228_164003_6946512466.png
8,3,16,7,68,339,84,346,68,339,84,339,84,346,68,346,text,table_text,table_0,courier,bold,7.0,12anp2_20211228_163959_5061690318_600_800.png,/scratch/parceirosbr/bigoilict/share/BigOil/document_generator/datasets/documents_2021_12_28/12anp2_20211228_163959_5061690318_600_800.png,12anp2_20211228_163959_5061690318_600_800_mask.png,este
8,3,16,7,68,339,84,346,68,339,84,339,84,346,68,346,sub_line_text,table_text,table_0,courier,bold,7.0,12anp2_20211228_163959_5061690318_600_800.png,/scratch/parceirosbr/bigoilict/share/BigOil/document_generator/datasets/documents_2021_12_28/12anp2_20211228_163959_5061690318_600_800.png,12anp2_20211228_163959_5061690318_600_800_mask.png,este
10,3,21,7,65,346,86,353,65,346,86,346,86,353,65,353,text,table_text,table_0,courier,bold,7.0,12anp2_20211228_163959_5061690318_600_800.png,/scratch/parceirosbr/bigoilict/share/BigOil/document_generator/datasets/documents_2021_12_28/12anp2_20211228_163959_5061690318_600_800.png,12anp2_20211228_163959_5061690318_600_800_mask.png,picos
10,3,21,7,65,346,86,353,65,346,86,346,86,353,65,353,sub_line_text,table_text,table_0,courier,bold,7.0,12anp2_20211228_163959_5061690318_600_800.png,/scratch/parceirosbr/bigoilict/share/BigOil/document_generator/datasets/documents_2021_12_28/12anp2_20211228_163959_5061690318_600_800.png,12anp2_20211228_163959_5061690318_600_800_mask.png,picos
6,3,12,7,70,361,82,368,70,361,82,361,82,368,70,368,text,table_text,table_0,courier,regular,7.0,12anp2_20211228_163959_5061690318_600_800.png,/scratch/parceirosbr/bigoilict/share/BigOil/document_generator/datasets/documents_2021_12_28/12anp2_20211228_163959_5061690318_600_800.png,12anp2_20211228_163959_5061690318_600_800_mask.png,dos
6,3,12,7,70,361,82,368,70,361,82,361,82,368,70,368,sub_line_text,table_text,table_0,courier,regular,7.0,12anp2_20211228_163959_5061690318_600_800.png,/scratch/parceirosbr/bigoilict/share/BigOil/document_generator/datasets/documents_2021_12_28/12anp2_20211228_163959_5061690318_600_800.png,12anp2_20211228_163959_5061690318_600_800_mask.png,dos
10,3,20,7,66,371,86,378,66,371,86,371,86,378,66,378,text,table_text,table_0,courier,regular,7.0,12anp2_20211228_163959_5061690318_600_800.png,/scratch/parceirosbr/bigoilict/share/BigOil/document_generator/datasets/documents_2021_12_28/12anp2_20211228_163959_5061690318_600_800.png,12anp2_20211228_163959_5061690318_600_800_mask.png,sobre
10,3,20,7,66,371,86,378,66,371,86,371,86,378,66,378,sub_line_text,table_text,table_0,courier,regular,7.0,12anp2_20211228_163959_5061690318_600_800.png,/scratch/parceirosbr/bigoilict/share/BigOil/document_generator/datasets/documents_2021_12_28/12anp2_20211228_163959_5061690318_600_800.png,12anp2_20211228_163959_5061690318_600_800_mask.png,sobre
6,3,12,7,70,381,82,388,70,381,82,381,82,388,70,388,text,table_text,table_0,courier,regular,7.0,12anp2_20211228_163959_5061690318_600_800.png,/scratch/parceirosbr/bigoilict/share/BigOil/document_generator/datasets/documents_2021_12_28/12anp2_20211228_163959_5061690318_600_800.png,12anp2_20211228_163959_5061690318_600_800_mask.png,dos
6,3,12,7,70,381,82,388,70,381,82,381,82,388,70,388,sub_line_text,table_text,table_0,courier,regular,7.0,12anp2_20211228_163959_5061690318_600_800.png,/scratch/parceirosbr/bigoilict/share/BigOil/document_generator/datasets/documents_2021_12_28/12anp2_20211228_163959_5061690318_600_800.png,12anp2_20211228_163959_5061690318_600_800_mask.png,dos
10,3,20,7,66,391,86,398,66,391,86,391,86,398,66,398,text,table_text,table_0,courier,regular,7.0,12anp2_20211228_163959_5061690318_600_800.png,/scratch/parceirosbr/bigoilict/share/BigOil/document_generator/datasets/documents_2021_12_28/12anp2_20211228_163959_5061690318_600_800.png,12anp2_20211228_163959_5061690318_600_800_mask.png,tanto
10,3,20,7,66,391,86,398,66,391,86,391,86,398,66,398,sub_line_text,table_text,table_0,courier,regular,7.0,12anp2_20211228_163959_5061690318_600_800.png,/scratch/parceirosbr/bigoilict/share/BigOil/document_generator/datasets/documents_2021_12_28/12anp2_20211228_163959_5061690318_600_800.png,12anp2_20211228_163959_5061690318_600_800_mask.png,tanto
4,3,8,7,72,401,80,408,72,401,80,401,80,408,72,408,text,table_text,table_0,courier,regular,7.0,12anp2_20211228_163959_5061690318_600_800.png,/scratch/parceirosbr/bigoilict/share/BigOil/document_generator/datasets/documents_2021_12_28/12anp2_20211228_163959_5061690318_600_800.png,12anp2_20211228_163959_5061690318_600_800_mask.png,as
4,3,8,7,72,401,80,408,72,401,80,401,80,408,72,408,sub_line_text,table_text,table_0,courier,regular,7.0,12anp2_20211228_163959_5061690318_600_800.png,/scratch/parceirosbr/bigoilict/share/BigOil/document_generator/datasets/documents_2021_12_28/12anp2_20211228_163959_5061690318_600_800.png,12anp2_20211228_163959_5061690318_600_800_mask.png,as
10,3,20,7,66,411,86,418,66,411,86,411,86,418,66,418,text,table_text,table_0,courier,regular,7.0,12anp2_20211228_163959_5061690318_600_800.png,/scratch/parceirosbr/bigoilict/share/BigOil/document_generator/datasets/documents_2021_12_28/12anp2_20211228_163959_5061690318_600_800.png,12anp2_20211228_163959_5061690318_600_800_mask.png,atual
10,3,20,7,66,411,86,418,66,411,86,411,86,418,66,418,sub_line_text,table_text,table_0,courier,regular,7.0,12anp2_20211228_163959_5061690318_600_800.png,/scratch/parceirosbr/bigoilict/share/BigOil/document_generator/datasets/documents_2021_12_28/12anp2_20211228_163959_5061690318_600_800.png,12anp2_20211228_163959_5061690318_600_800_mask.png,atual
8,3,16,7,68,421,84,428,68,421,84,421,84,428,68,428,text,table_text,table_0,courier,regular,7.0,12anp2_20211228_163959_5061690318_600_800.png,/scratch/parceirosbr/bigoilict/share/BigOil/document_generator/datasets/documents_2021_12_28/12anp2_20211228_163959_5061690318_600_800.png,12anp2_20211228_163959_5061690318_600_800_mask.png,dito
8,3,16,7,68,421,84,428,68,421,84,421,84,428,68,428,sub_line_text,table_text,table_0,courier,regular,7.0,12anp2_20211228_163959_5061690318_600_800.png,/scratch/parceirosbr/bigoilict/share/BigOil/document_generator/datasets/documents_2021_12_28/12anp2_20211228_163959_5061690318_600_800.png,12anp2_20211228_163959_5061690318_600_800_mask.png,dito
4,3,8,7,72,431,80,438,72,431,80,431,80,438,72,438,text,table_text,table_0,courier,regular,7.0,12anp2_20211228_163959_5061690318_600_800.png,/scratch/parceirosbr/bigoilict/share/BigOil/document_generator/datasets/documents_2021_12_28/12anp2_20211228_163959_5061690318_600_800.png,12anp2_20211228_163959_5061690318_600_800_mask.png,ao
4,3,8,7,72,431,80,438,72,431,80,431,80,438,72,438,sub_line_text,table_text,table_0,courier,regular,7.0,12anp2_20211228_163959_5061690318_600_800.png,/scratch/parceirosbr/bigoilict/share/BigOil/document_generator/datasets/documents_2021_12_28/12anp2_20211228_163959_5061690318_600_800.png,12anp2_20211228_163959_5061690318_600_800_mask.png,ao
10,3,20,7,66,441,86,448,66,441,86,441,86,448,66,448,text,table_text,table_0,courier,regular,7.0,12anp2_20211228_163959_5061690318_600_800.png,/scratch/parceirosbr/bigoilict/share/BigOil/document_generator/datasets/documents_2021_12_28/12anp2_20211228_163959_5061690318_600_800.png,12anp2_20211228_163959_5061690318_600_800_mask.png,picos
10,3,20,7,66,441,86,448,66,441,86,441,86,448,66,448,sub_line_text,table_text,table_0,courier,regular,7.0,12anp2_20211228_163959_5061690318_600_800.png,/scratch/parceirosbr/bigoilict/share/BigOil/document_generator/datasets/documents_2021_12_28/12anp2_20211228_163959_5061690318_600_800.png,12anp2_20211228_163959_5061690318_600_800_mask.png,picos
6,3,13,7,69,451,82,458,69,451,82,451,82,458,69,458,text,table_text,table_0,courier,regular,7.0,12anp2_20211228_163959_5061690318_600_800.png,/scratch/parceirosbr/bigoilict/share/BigOil/document_generator/datasets/documents_2021_12_28/12anp2_20211228_163959_5061690318_600_800.png,12anp2_20211228_163959_5061690318_600_800_mask.png,sem
6,3,13,7,69,451,82,458,69,451,82,451,82,458,69,458,sub_line_text,table_text,table_0,courier,regular,7.0,12anp2_20211228_163959_5061690318_600_800.png,/scratch/parceirosbr/bigoilict/share/BigOil/document_generator/datasets/documents_2021_12_28/12anp2_20211228_163959_5061690318_600_800.png,12anp2_20211228_163959_5061690318_600_800_mask.png,sem
10,3,20,7,66,461,86,468,66,461,86,461,86,468,66,468,text,table_text,table_0,courier,regular,7.0,12anp2_20211228_163959_5061690318_600_800.png,/scratch/parceirosbr/bigoilict/share/BigOil/document_generator/datasets/documents_2021_12_28/12anp2_20211228_163959_5061690318_600_800.png,12anp2_20211228_163959_5061690318_600_800_mask.png,neste
10,3,20,7,66,461,86,468,66,461,86,461,86,468,66,468,sub_line_text,table_text,table_0,courier,regular,7.0,12anp2_20211228_163959_5061690318_600_800.png,/scratch/parceirosbr/bigoilict/share/BigOil/document_generator/datasets/documents_2021_12_28/12anp2_20211228_163959_5061690318_600_800.png,12anp2_20211228_163959_5061690318_600_800_mask.png,neste
8,3,16,7,68,471,84,478,68,471,84,471,84,478,68,478,text,table_text,table_0,courier,regular,7.0,12anp2_20211228_163959_5061690318_600_800.png,/scratch/parceirosbr/bigoilict/share/BigOil/document_generator/datasets/documents_2021_12_28/12anp2_20211228_163959_5061690318_600_800.png,12anp2_20211228_163959_5061690318_600_800_mask.png,grau
8,3,16,7,68,471,84,478,68,471,84,471,84,478,68,478,sub_line_text,table_text,table_0,courier,regular,7.0,12anp2_20211228_163959_5061690318_600_800.png,/scratch/parceirosbr/bigoilict/share/BigOil/document_generator/datasets/documents_2021_12_28/12anp2_20211228_163959_5061690318_600_800.png,12anp2_20211228_163959_5061690318_600_800_mask.png,grau
10,3,20,7,66,481,86,488,66,481,86,481,86,488,66,488,text,table_text,table_0,courier,regular,7.0,12anp2_20211228_163959_5061690318_600_800.png,/scratch/parceirosbr/bigoilict/share/BigOil/document_generator/datasets/documents_2021_12_28/12anp2_20211228_163959_5061690318_600_800.png,12anp2_20211228_163959_5061690318_600_800_mask.png,balão
10,3,20,7,66,481,86,488,66,481,86,481,86,488,66,488,sub_line_text,table_text,table_0,courier,regular,7.0,12anp2_20211228_163959_5061690318_600_800.png,/scratch/parceirosbr/bigoilict/share/BigOil/document_generator/datasets/documents_2021_12_28/12anp2_20211228_163959_5061690318_600_800.png,12anp2_20211228_163959_5061690318_600_800_mask.png,balão
6,3,13,7,69,491,82,498,69,491,82,491,82,498,69,498,text,table_text,table_0,courier,regular,7.0,12anp2_20211228_163959_5061690318_600_800.png,/scratch/parceirosbr/bigoilict/share/BigOil/document_generator/datasets/documents_2021_12_28/12anp2_20211228_163959_5061690318_600_800.png,12anp2_20211228_163959_5061690318_600_800_mask.png,tem
6,3,13,7,69,491,82,498,69,491,82,491,82,498,69,498,sub_line_text,table_text,table_0,courier,regular,7.0,12anp2_20211228_163959_5061690318_600_800.png,/scratch/parceirosbr/bigoilict/share/BigOil/document_generator/datasets/documents_2021_12_28/12anp2_20211228_163959_5061690318_600_800.png,12anp2_20211228_163959_5061690318_600_800_mask.png,tem
6,3,12,7,70,501,82,508,70,501,82,501,82,508,70,508,text,table_text,table_0,courier,regular,7.0,12anp2_20211228_163959_5061690318_600_800.png,/scratch/parceirosbr/bigoilict/share/BigOil/document_generator/datasets/documents_2021_12_28/12anp2_20211228_163959_5061690318_600_800.png,12anp2_20211228_163959_5061690318_600_800_mask.png,são
6,3,12,7,70,501,82,508,70,501,82,501,82,508,70,508,sub_line_text,table_text,table_0,courier,regular,7.0,12anp2_20211228_163959_5061690318_600_800.png,/scratch/parceirosbr/bigoilict/share/BigOil/document_generator/datasets/documents_2021_12_28/12anp2_20211228_163959_5061690318_600_800.png,12anp2_20211228_163959_5061690318_600_800_mask.png,são
4,3,8,7,72,511,80,518,72,511,80,511,80,518,72,518,text,table_text,table_0,courier,regular,7.0,12anp2_20211228_163959_5061690318_600_800.png,/scratch/parceirosbr/bigoilict/share/BigOil/document_generator/datasets/documents_2021_12_28/12anp2_20211228_163959_5061690318_600_800.png,12anp2_20211228_163959_5061690318_600_800_mask.png,os
4,3,8,7,72,511,80,518,72,511,80,511,80,518,72,518,sub_line_text,table_text,table_0,courier,regular,7.0,12anp2_20211228_163959_5061690318_600_800.png,/scratch/parceirosbr/bigoilict/share/BigOil/document_generator/datasets/documents_2021_12_28/12anp2_20211228_163959_5061690318_600_800.png,12anp2_20211228_163959_5061690318_600_800_mask.png,os
10,3,20,7,66,521,86,528,66,521,86,521,86,528,66,528,text,table_text,table_0,courier,regular,7.0,12anp2_20211228_163959_5061690318_600_800.png,/scratch/parceirosbr/bigoilict/share/BigOil/document_generator/datasets/documents_2021_12_28/12anp2_20211228_163959_5061690318_600_800.png,12anp2_20211228_163959_5061690318_600_800_mask.png,julho
10,3,20,7,66,521,86,528,66,521,86,521,86,528,66,528,sub_line_text,table_text,table_0,courier,regular,7.0,12anp2_20211228_163959_5061690318_600_800.png,/scratch/parceirosbr/bigoilict/share/BigOil/document_generator/datasets/documents_2021_12_28/12anp2_20211228_163959_5061690318_600_800.png,12anp2_20211228_163959_5061690318_600_800_mask.png,julho
4,3,8,7,538,531,546,538,538,531,546,531,546,538,538,538,text,table_text,table_0,courier,bold,7.0,12anp2_20211228_163959_5061690318_600_800.png,/scratch/parceirosbr/bigoilict/share/BigOil/document_generator/datasets/documents_2021_12_28/12anp2_20211228_163959_5061690318_600_800.png,12anp2_20211228_163959_5061690318_600_800_mask.png,as
4,3,8,7,538,531,546,538,538,531,546,531,546,538,538,538,sub_line_text,table_text,table_0,courier,bold,7.0,12anp2_20211228_163959_5061690318_600_800.png,/scratch/parceirosbr/bigoilict/share/BigOil/document_generator/datasets/documents_2021_12_28/12anp2_20211228_163959_5061690318_600_800.png,12anp2_20211228_163959_5061690318_600_800_mask.png,as
2,3,4,7,95,339,99,346,95,339,99,339,99,346,95,346,text,table_text,table_0,courier,bold,7.0,12anp2_20211228_163959_5061690318_600_800.png,/scratch/parceirosbr/bigoilict/share/BigOil/document_generator/datasets/documents_2021_12_28/12anp2_20211228_163959_5061690318_600_800.png,12anp2_20211228_163959_5061690318_600_800_mask.png,é
2,3,4,7,95,339,99,346,95,339,99,339,99,346,95,346,sub_line_text,table_text,table_0,courier,bold,7.0,12anp2_20211228_163959_5061690318_600_800.png,/scratch/parceirosbr/bigoilict/share/BigOil/document_generator/datasets/documents_2021_12_28/12anp2_20211228_163959_5061690318_600_800.png,12anp2_20211228_163959_5061690318_600_800_mask.png,é
4,3,8,7,93,346,101,353,93,346,101,346,101,353,93,353,text,table_text,table_0,courier,bold,7.0,12anp2_20211228_163959_5061690318_600_800.png,/scratch/parceirosbr/bigoilict/share/BigOil/document_generator/datasets/documents_2021_12_28/12anp2_20211228_163959_5061690318_600_800.png,12anp2_20211228_163959_5061690318_600_800_mask.png,às
4,3,8,7,93,346,101,353,93,346,101,346,101,353,93,353,sub_line_text,table_text,table_0,courier,bold,7.0,12anp2_20211228_163959_5061690318_600_800.png,/scratch/parceirosbr/bigoilict/share/BigOil/document_generator/datasets/documents_2021_12_28/12anp2_20211228_163959_5061690318_600_800.png,12anp2_20211228_163959_5061690318_600_800_mask.png,às
2,3,4,7,95,361,99,368,95,361,99,361,99,368,95,368,text,table_text,table_0,courier,regular,7.0,12anp2_20211228_163959_5061690318_600_800.png,/scratch/parceirosbr/bigoilict/share/BigOil/document_generator/datasets/documents_2021_12_28/12anp2_20211228_163959_5061690318_600_800.png,12anp2_20211228_163959_5061690318_600_800_mask.png,é
2,3,4,7,95,361,99,368,95,361,99,361,99,368,95,368,sub_line_text,table_text,table_0,courier,regular,7.0,12anp2_20211228_163959_5061690318_600_800.png,/scratch/parceirosbr/bigoilict/share/BigOil/document_generator/datasets/documents_2021_12_28/12anp2_20211228_163959_5061690318_600_800.png,12anp2_20211228_163959_5061690318_600_800_mask.png,é
4,3,8,7,93,371,101,378,93,371,101,371,101,378,93,378,text,table_text,table_0,courier,regular,7.0,12anp2_20211228_163959_5061690318_600_800.png,/scratch/parceirosbr/bigoilict/share/BigOil/document_generator/datasets/documents_2021_12_28/12anp2_20211228_163959_5061690318_600_800.png,12anp2_20211228_163959_5061690318_600_800_mask.png,ar
4,3,8,7,93,371,101,378,93,371,101,371,101,378,93,378,sub_line_text,table_text,table_0,courier,regular,7.0,12anp2_20211228_163959_5061690318_600_800.png,/scratch/parceirosbr/bigoilict/share/BigOil/document_generator/datasets/documents_2021_12_28/12anp2_20211228_163959_5061690318_600_800.png,12anp2_20211228_163959_5061690318_600_800_mask.png,ar
4,3,8,7,93,381,101,388,93,381,101,381,101,388,93,388,text,table_text,table_0,courier,regular,7.0,12anp2_20211228_163959_5061690318_600_800.png,/scratch/parceirosbr/bigoilict/share/BigOil/document_generator/datasets/documents_2021_12_28/12anp2_20211228_163959_5061690318_600_800.png,12anp2_20211228_163959_5061690318_600_800_mask.png,do
4,3,8,7,93,381,101,388,93,381,101,381,101,388,93,388,sub_line_text,table_text,table_0,courier,regular,7.0,12anp2_20211228_163959_5061690318_600_800.png,/scratch/parceirosbr/bigoilict/share/BigOil/document_generator/datasets/documents_2021_12_28/12anp2_20211228_163959_5061690318_600_800.png,12anp2_20211228_163959_5061690318_600_800_mask.png,do
4,3,8,7,93,391,101,398,93,391,101,391,101,398,93,398,text,table_text,table_0,courier,regular,7.0,12anp2_20211228_163959_5061690318_600_800.png,/scratch/parceirosbr/bigoilict/share/BigOil/document_generator/datasets/documents_2021_12_28/12anp2_20211228_163959_5061690318_600_800.png,12anp2_20211228_163959_5061690318_600_800_mask.png,ar
4,3,8,7,93,391,101,398,93,391,101,391,101,398,93,398,sub_line_text,table_text,table_0,courier,regular,7.0,12anp2_20211228_163959_5061690318_600_800.png,/scratch/parceirosbr/bigoilict/share/BigOil/document_generator/datasets/documents_2021_12_28/12anp2_20211228_163959_5061690318_600_800.png,12anp2_20211228_163959_5061690318_600_800_mask.png,ar
4,3,8,7,93,401,101,408,93,401,101,401,101,408,93,408,text,table_text,table_0,courier,regular,7.0,12anp2_20211228_163959_5061690318_600_800.png,/scratch/parceirosbr/bigoilict/share/BigOil/document_generator/datasets/documents_2021_12_28/12anp2_20211228_163959_5061690318_600_800.png,12anp2_20211228_163959_5061690318_600_800_mask.png,às
4,3,8,7,93,401,101,408,93,401,101,401,101,408,93,408,sub_line_text,table_text,table_0,courier,regular,7.0,12anp2_20211228_163959_5061690318_600_800.png,/scratch/parceirosbr/bigoilict/share/BigOil/document_generator/datasets/documents_2021_12_28/12anp2_20211228_163959_5061690318_600_800.png,12anp2_20211228_163959_5061690318_600_800_mask.png,às
4,3,8,7,93,411,101,418,93,411,101,411,101,418,93,418,text,table_text,table_0,courier,regular,7.0,12anp2_20211228_163959_5061690318_600_800.png,/scratch/parceirosbr/bigoilict/share/BigOil/document_generator/datasets/documents_2021_12_28/12anp2_20211228_163959_5061690318_600_800.png,12anp2_20211228_163959_5061690318_600_800_mask.png,no
4,3,8,7,93,411,101,418,93,411,101,411,101,418,93,418,sub_line_text,table_text,table_0,courier,regular,7.0,12anp2_20211228_163959_5061690318_600_800.png,/scratch/parceirosbr/bigoilict/share/BigOil/document_generator/datasets/documents_2021_12_28/12anp2_20211228_163959_5061690318_600_800.png,12anp2_20211228_163959_5061690318_600_800_mask.png,no
4,3,8,7,93,421,101,428,93,421,101,421,101,428,93,428,text,table_text,table_0,courier,regular,7.0,12anp2_20211228_163959_5061690318_600_800.png,/scratch/parceirosbr/bigoilict/share/BigOil/document_generator/datasets/documents_2021_12_28/12anp2_20211228_163959_5061690318_600_800.png,12anp2_20211228_163959_5061690318_600_800_mask.png,as
4,3,8,7,93,421,101,428,93,421,101,421,101,428,93,428,sub_line_text,table_text,table_0,courier,regular,7.0,12anp2_20211228_163959_5061690318_600_800.png,/scratch/parceirosbr/bigoilict/share/BigOil/document_generator/datasets/documents_2021_12_28/12anp2_20211228_163959_5061690318_600_800.png,12anp2_20211228_163959_5061690318_600_800_mask.png,as
4,3,8,7,93,431,101,438,93,431,101,431,101,438,93,438,text,table_text,table_0,courier,regular,7.0,12anp2_20211228_163959_5061690318_600_800.png,/scratch/parceirosbr/bigoilict/share/BigOil/document_generator/datasets/documents_2021_12_28/12anp2_20211228_163959_5061690318_600_800.png,12anp2_20211228_163959_5061690318_600_800_mask.png,no
4,3,8,7,93,431,101,438,93,431,101,431,101,438,93,438,sub_line_text,table_text,table_0,courier,regular,7.0,12anp2_20211228_163959_5061690318_600_800.png,/scratch/parceirosbr/bigoilict/share/BigOil/document_generator/datasets/documents_2021_12_28/12anp2_20211228_163959_5061690318_600_800.png,12anp2_20211228_163959_5061690318_600_800_mask.png,no
4,3,8,7,93,441,101,448,93,441,101,441,101,448,93,448,text,table_text,table_0,courier,regular,7.0,12anp2_20211228_163959_5061690318_600_800.png,/scratch/parceirosbr/bigoilict/share/BigOil/document_generator/datasets/documents_2021_12_28/12anp2_20211228_163959_5061690318_600_800.png,12anp2_20211228_163959_5061690318_600_800_mask.png,da
4,3,8,7,93,441,101,448,93,441,101,441,101,448,93,448,sub_line_text,table_text,table_0,courier,regular,7.0,12anp2_20211228_163959_5061690318_600_800.png,/scratch/parceirosbr/bigoilict/share/BigOil/document_generator/datasets/documents_2021_12_28/12anp2_20211228_163959_5061690318_600_800.png,12anp2_20211228_163959_5061690318_600_800_mask.png,da
4,3,8,7,93,451,101,458,93,451,101,451,101,458,93,458,text,table_text,table_0,courier,regular,7.0,12anp2_20211228_163959_5061690318_600_800.png,/scratch/parceirosbr/bigoilict/share/BigOil/document_generator/datasets/documents_2021_12_28/12anp2_20211228_163959_5061690318_600_800.png,12anp2_20211228_163959_5061690318_600_800_mask.png,ar
4,3,8,7,93,451,101,458,93,451,101,451,101,458,93,458,sub_line_text,table_text,table_0,courier,regular,7.0,12anp2_20211228_163959_5061690318_600_800.png,/scratch/parceirosbr/bigoilict/share/BigOil/document_generator/datasets/documents_2021_12_28/12anp2_20211228_163959_5061690318_600_800.png,12anp2_20211228_163959_5061690318_600_800_mask.png,ar
4,3,8,7,93,461,101,468,93,461,101,461,101,468,93,468,text,table_text,table_0,courier,regular,7.0,12anp2_20211228_163959_5061690318_600_800.png,/scratch/parceirosbr/bigoilict/share/BigOil/document_generator/datasets/documents_2021_12_28/12anp2_20211228_163959_5061690318_600_800.png,12anp2_20211228_163959_5061690318_600_800_mask.png,do
4,3,8,7,93,461,101,468,93,461,101,461,101,468,93,468,sub_line_text,table_text,table_0,courier,regular,7.0,12anp2_20211228_163959_5061690318_600_800.png,/scratch/parceirosbr/bigoilict/share/BigOil/document_generator/datasets/documents_2021_12_28/12anp2_20211228_163959_5061690318_600_800.png,12anp2_20211228_163959_5061690318_600_800_mask.png,do
4,3,8,7,93,471,101,478,93,471,101,471,101,478,93,478,text,table_text,table_0,courier,regular,7.0,12anp2_20211228_163959_5061690318_600_800.png,/scratch/parceirosbr/bigoilict/share/BigOil/document_generator/datasets/documents_2021_12_28/12anp2_20211228_163959_5061690318_600_800.png,12anp2_20211228_163959_5061690318_600_800_mask.png,ou
4,3,8,7,93,471,101,478,93,471,101,471,101,478,93,478,sub_line_text,table_text,table_0,courier,regular,7.0,12anp2_20211228_163959_5061690318_600_800.png,/scratch/parceirosbr/bigoilict/share/BigOil/document_generator/datasets/documents_2021_12_28/12anp2_20211228_163959_5061690318_600_800.png,12anp2_20211228_163959_5061690318_600_800_mask.png,ou
4,3,8,7,93,481,101,488,93,481,101,481,101,488,93,488,text,table_text,table_0,courier,regular,7.0,12anp2_20211228_163959_5061690318_600_800.png,/scratch/parceirosbr/bigoilict/share/BigOil/document_generator/datasets/documents_2021_12_28/12anp2_20211228_163959_5061690318_600_800.png,12anp2_20211228_163959_5061690318_600_800_mask.png,às
4,3,8,7,93,481,101,488,93,481,101,481,101,488,93,488,sub_line_text,table_text,table_0,courier,regular,7.0,12anp2_20211228_163959_5061690318_600_800.png,/scratch/parceirosbr/bigoilict/share/BigOil/document_generator/datasets/documents_2021_12_28/12anp2_20211228_163959_5061690318_600_800.png,12anp2_20211228_163959_5061690318_600_800_mask.png,às
4,3,8,7,93,491,101,498,93,491,101,491,101,498,93,498,text,table_text,table_0,courier,regular,7.0,12anp2_20211228_163959_5061690318_600_800.png,/scratch/parceirosbr/bigoilict/share/BigOil/document_generator/datasets/documents_2021_12_28/12anp2_20211228_163959_5061690318_600_800.png,12anp2_20211228_163959_5061690318_600_800_mask.png,ou
4,3,8,7,93,491,101,498,93,491,101,491,101,498,93,498,sub_line_text,table_text,table_0,courier,regular,7.0,12anp2_20211228_163959_5061690318_600_800.png,/scratch/parceirosbr/bigoilict/share/BigOil/document_generator/datasets/documents_2021_12_28/12anp2_20211228_163959_5061690318_600_800.png,12anp2_20211228_163959_5061690318_600_800_mask.png,ou
4,3,8,7,93,501,101,508,93,501,101,501,101,508,93,508,text,table_text,table_0,courier,regular,7.0,12anp2_20211228_163959_5061690318_600_800.png,/scratch/parceirosbr/bigoilict/share/BigOil/document_generator/datasets/documents_2021_12_28/12anp2_20211228_163959_5061690318_600_800.png,12anp2_20211228_163959_5061690318_600_800_mask.png,ar
4,3,8,7,93,501,101,508,93,501,101,501,101,508,93,508,sub_line_text,table_text,table_0,courier,regular,7.0,12anp2_20211228_163959_5061690318_600_800.png,/scratch/parceirosbr/bigoilict/share/BigOil/document_generator/datasets/documents_2021_12_28/12anp2_20211228_163959_5061690318_600_800.png,12anp2_20211228_163959_5061690318_600_800_mask.png,ar
2,3,4,7,95,511,99,518,95,511,99,511,99,518,95,518,text,table_text,table_0,courier,regular,7.0,12anp2_20211228_163959_5061690318_600_800.png,/scratch/parceirosbr/bigoilict/share/BigOil/document_generator/datasets/documents_2021_12_28/12anp2_20211228_163959_5061690318_600_800.png,12anp2_20211228_163959_5061690318_600_800_mask.png,o
2,3,4,7,95,511,99,518,95,511,99,511,99,518,95,518,sub_line_text,table_text,table_0,courier,regular,7.0,12anp2_20211228_163959_5061690318_600_800.png,/scratch/parceirosbr/bigoilict/share/BigOil/document_generator/datasets/documents_2021_12_28/12anp2_20211228_163959_5061690318_600_800.png,12anp2_20211228_163959_5061690318_600_800_mask.png,o
4,3,8,7,93,521,101,528,93,521,101,521,101,528,93,528,text,table_text,table_0,courier,regular,7.0,12anp2_20211228_163959_5061690318_600_800.png,/scratch/parceirosbr/bigoilict/share/BigOil/document_generator/datasets/documents_2021_12_28/12anp2_20211228_163959_5061690318_600_800.png,12anp2_20211228_163959_5061690318_600_800_mask.png,no
4,3,8,7,93,521,101,528,93,521,101,521,101,528,93,528,sub_line_text,table_text,table_0,courier,regular,7.0,12anp2_20211228_163959_5061690318_600_800.png,/scratch/parceirosbr/bigoilict/share/BigOil/document_generator/datasets/documents_2021_12_28/12anp2_20211228_163959_5061690318_600_800.png,12anp2_20211228_163959_5061690318_600_800_mask.png,no
4,3,9,7,116,339,125,346,116,339,125,339,125,346,116,346,text,table_text,table_0,courier,bold,7.0,12anp2_20211228_163959_5061690318_600_800.png,/scratch/parceirosbr/bigoilict/share/BigOil/document_generator/datasets/documents_2021_12_28/12anp2_20211228_163959_5061690318_600_800.png,12anp2_20211228_163959_5061690318_600_800_mask.png,na
4,3,9,7,116,339,125,346,116,339,125,339,125,346,116,346,sub_line_text,table_text,table_0,courier,bold,7.0,12anp2_20211228_163959_5061690318_600_800.png,/scratch/parceirosbr/bigoilict/share/BigOil/document_generator/datasets/documents_2021_12_28/12anp2_20211228_163959_5061690318_600_800.png,12anp2_20211228_163959_5061690318_600_800_mask.png,na
6,3,12,7,115,346,127,353,115,346,127,346,127,353,115,353,text,table_text,table_0,courier,bold,7.0,12anp2_20211228_163959_5061690318_600_800.png,/scratch/parceirosbr/bigoilict/share/BigOil/document_generator/datasets/documents_2021_12_28/12anp2_20211228_163959_5061690318_600_800.png,12anp2_20211228_163959_5061690318_600_800_mask.png,são
6,3,12,7,115,346,127,353,115,346,127,346,127,353,115,353,sub_line_text,table_text,table_0,courier,bold,7.0,12anp2_20211228_163959_5061690318_600_800.png,/scratch/parceirosbr/bigoilict/share/BigOil/document_generator/datasets/documents_2021_12_28/12anp2_20211228_163959_5061690318_600_800.png,12anp2_20211228_163959_5061690318_600_800_mask.png,são
10,3,20,7,111,361,131,368,111,361,131,361,131,368,111,368,text,table_text,table_0,courier,regular,7.0,12anp2_20211228_163959_5061690318_600_800.png,/scratch/parceirosbr/bigoilict/share/BigOil/document_generator/datasets/documents_2021_12_28/12anp2_20211228_163959_5061690318_600_800.png,12anp2_20211228_163959_5061690318_600_800_mask.png,forma
10,3,20,7,111,361,131,368,111,361,131,361,131,368,111,368,sub_line_text,table_text,table_0,courier,regular,7.0,12anp2_20211228_163959_5061690318_600_800.png,/scratch/parceirosbr/bigoilict/share/BigOil/document_generator/datasets/documents_2021_12_28/12anp2_20211228_163959_5061690318_600_800.png,12anp2_20211228_163959_5061690318_600_800_mask.png,forma
10,3,20,7,111,371,131,378,111,371,131,371,131,378,111,378,text,table_text,table_0,courier,regular,7.0,12anp2_20211228_163959_5061690318_600_800.png,/scratch/parceirosbr/bigoilict/share/BigOil/document_generator/datasets/documents_2021_12_28/12anp2_20211228_163959_5061690318_600_800.png,12anp2_20211228_163959_5061690318_600_800_mask.png,óxido
10,3,20,7,111,371,131,378,111,371,131,371,131,378,111,378,sub_line_text,table_text,table_0,courier,regular,7.0,12anp2_20211228_163959_5061690318_600_800.png,/scratch/parceirosbr/bigoilict/share/BigOil/document_generator/datasets/documents_2021_12_28/12anp2_20211228_163959_5061690318_600_800.png,12anp2_20211228_163959_5061690318_600_800_mask.png,óxido
12,3,24,7,109,381,133,388,109,381,133,381,133,388,109,388,text,table_text,table_0,courier,regular,7.0,12anp2_20211228_163959_5061690318_600_800.png,/scratch/parceirosbr/bigoilict/share/BigOil/document_generator/datasets/documents_2021_12_28/12anp2_20211228_163959_5061690318_600_800.png,12anp2_20211228_163959_5061690318_600_800_mask.png,devido
12,3,24,7,109,381,133,388,109,381,133,381,133,388,109,388,sub_line_text,table_text,table_0,courier,regular,7.0,12anp2_20211228_163959_5061690318_600_800.png,/scratch/parceirosbr/bigoilict/share/BigOil/document_generator/datasets/documents_2021_12_28/12anp2_20211228_163959_5061690318_600_800.png,12anp2_20211228_163959_5061690318_600_800_mask.png,devido
12,3,24,7,109,391,133,398,109,391,133,391,133,398,109,398,text,table_text,table_0,courier,regular,7.0,12anp2_20211228_163959_5061690318_600_800.png,/scratch/parceirosbr/bigoilict/share/BigOil/document_generator/datasets/documents_2021_12_28/12anp2_20211228_163959_5061690318_600_800.png,12anp2_20211228_163959_5061690318_600_800_mask.png,devido
12,3,24,7,109,391,133,398,109,391,133,391,133,398,109,398,sub_line_text,table_text,table_0,courier,regular,7.0,12anp2_20211228_163959_5061690318_600_800.png,/scratch/parceirosbr/bigoilict/share/BigOil/document_generator/datasets/documents_2021_12_28/12anp2_20211228_163959_5061690318_600_800.png,12anp2_20211228_163959_5061690318_600_800_mask.png,devido
8,3,16,7,113,401,129,408,113,401,129,401,129,408,113,408,text,table_text,table_0,courier,regular,7.0,12anp2_20211228_163959_5061690318_600_800.png,/scratch/parceirosbr/bigoilict/share/BigOil/document_generator/datasets/documents_2021_12_28/12anp2_20211228_163959_5061690318_600_800.png,12anp2_20211228_163959_5061690318_600_800_mask.png,tipo
8,3,16,7,113,401,129,408,113,401,129,401,129,408,113,408,sub_line_text,table_text,table_0,courier,regular,7.0,12anp2_20211228_163959_5061690318_600_800.png,/scratch/parceirosbr/bigoilict/share/BigOil/document_generator/datasets/documents_2021_12_28/12anp2_20211228_163959_5061690318_600_800.png,12anp2_20211228_163959_5061690318_600_800_mask.png,tipo
12,3,24,7,109,411,133,418,109,411,133,411,133,418,109,418,text,table_text,table_0,courier,regular,7.0,12anp2_20211228_163959_5061690318_600_800.png,/scratch/parceirosbr/bigoilict/share/BigOil/document_generator/datasets/documents_2021_12_28/12anp2_20211228_163959_5061690318_600_800.png,12anp2_20211228_163959_5061690318_600_800_mask.png,máxima
12,3,24,7,109,411,133,418,109,411,133,411,133,418,109,418,sub_line_text,table_text,table_0,courier,regular,7.0,12anp2_20211228_163959_5061690318_600_800.png,/scratch/parceirosbr/bigoilict/share/BigOil/document_generator/datasets/documents_2021_12_28/12anp2_20211228_163959_5061690318_600_800.png,12anp2_20211228_163959_5061690318_600_800_mask.png,máxima
12,3,24,7,109,421,133,428,109,421,133,421,133,428,109,428,text,table_text,table_0,courier,regular,7.0,12anp2_20211228_163959_5061690318_600_800.png,/scratch/parceirosbr/bigoilict/share/BigOil/document_generator/datasets/documents_2021_12_28/12anp2_20211228_163959_5061690318_600_800.png,12anp2_20211228_163959_5061690318_600_800_mask.png,medida
12,3,24,7,109,421,133,428,109,421,133,421,133,428,109,428,sub_line_text,table_text,table_0,courier,regular,7.0,12anp2_20211228_163959_5061690318_600_800.png,/scratch/parceirosbr/bigoilict/share/BigOil/document_generator/datasets/documents_2021_12_28/12anp2_20211228_163959_5061690318_600_800.png,12anp2_20211228_163959_5061690318_600_800_mask.png,medida
8,3,16,7,113,431,129,438,113,431,129,431,129,438,113,438,text,table_text,table_0,courier,regular,7.0,12anp2_20211228_163959_5061690318_600_800.png,/scratch/parceirosbr/bigoilict/share/BigOil/document_generator/datasets/documents_2021_12_28/12anp2_20211228_163959_5061690318_600_800.png,12anp2_20211228_163959_5061690318_600_800_mask.png,óleo
8,3,16,7,113,431,129,438,113,431,129,431,129,438,113,438,sub_line_text,table_text,table_0,courier,regular,7.0,12anp2_20211228_163959_5061690318_600_800.png,/scratch/parceirosbr/bigoilict/share/BigOil/document_generator/datasets/documents_2021_12_28/12anp2_20211228_163959_5061690318_600_800.png,12anp2_20211228_163959_5061690318_600_800_mask.png,óleo
12,3,24,7,109,441,133,448,109,441,133,441,133,448,109,448,text,table_text,table_0,courier,regular,7.0,12anp2_20211228_163959_5061690318_600_800.png,/scratch/parceirosbr/bigoilict/share/BigOil/document_generator/datasets/documents_2021_12_28/12anp2_20211228_163959_5061690318_600_800.png,12anp2_20211228_163959_5061690318_600_800_mask.png,grande
12,3,24,7,109,441,133,448,109,441,133,441,133,448,109,448,sub_line_text,table_text,table_0,courier,regular,7.0,12anp2_20211228_163959_5061690318_600_800.png,/scratch/parceirosbr/bigoilict/share/BigOil/document_generator/datasets/documents_2021_12_28/12anp2_20211228_163959_5061690318_600_800.png,12anp2_20211228_163959_5061690318_600_800_mask.png,grande
10,3,20,7,111,451,131,458,111,451,131,451,131,458,111,458,text,table_text,table_0,courier,regular,7.0,12anp2_20211228_163959_5061690318_600_800.png,/scratch/parceirosbr/bigoilict/share/BigOil/document_generator/datasets/documents_2021_12_28/12anp2_20211228_163959_5061690318_600_800.png,12anp2_20211228_163959_5061690318_600_800_mask.png,atual
10,3,20,7,111,451,131,458,111,451,131,451,131,458,111,458,sub_line_text,table_text,table_0,courier,regular,7.0,12anp2_20211228_163959_5061690318_600_800.png,/scratch/parceirosbr/bigoilict/share/BigOil/document_generator/datasets/documents_2021_12_28/12anp2_20211228_163959_5061690318_600_800.png,12anp2_20211228_163959_5061690318_600_800_mask.png,atual
6,3,12,7,115,461,127,468,115,461,127,461,127,468,115,468,text,table_text,table_0,courier,regular,7.0,12anp2_20211228_163959_5061690318_600_800.png,/scratch/parceirosbr/bigoilict/share/BigOil/document_generator/datasets/documents_2021_12_28/12anp2_20211228_163959_5061690318_600_800.png,12anp2_20211228_163959_5061690318_600_800_mask.png,ser
6,3,12,7,115,461,127,468,115,461,127,461,127,468,115,468,sub_line_text,table_text,table_0,courier,regular,7.0,12anp2_20211228_163959_5061690318_600_800.png,/scratch/parceirosbr/bigoilict/share/BigOil/document_generator/datasets/documents_2021_12_28/12anp2_20211228_163959_5061690318_600_800.png,12anp2_20211228_163959_5061690318_600_800_mask.png,ser
8,3,16,7,113,471,129,478,113,471,129,471,129,478,113,478,text,table_text,table_0,courier,regular,7.0,12anp2_20211228_163959_5061690318_600_800.png,/scratch/parceirosbr/bigoilict/share/BigOil/document_generator/datasets/documents_2021_12_28/12anp2_20211228_163959_5061690318_600_800.png,12anp2_20211228_163959_5061690318_600_800_mask.png,data
8,3,16,7,113,471,129,478,113,471,129,471,129,478,113,478,sub_line_text,table_text,table_0,courier,regular,7.0,12anp2_20211228_163959_5061690318_600_800.png,/scratch/parceirosbr/bigoilict/share/BigOil/document_generator/datasets/documents_2021_12_28/12anp2_20211228_163959_5061690318_600_800.png,12anp2_20211228_163959_5061690318_600_800_mask.png,data
12,3,24,7,109,481,133,488,109,481,133,481,133,488,109,488,text,table_text,table_0,courier,regular,7.0,12anp2_20211228_163959_5061690318_600_800.png,/scratch/parceirosbr/bigoilict/share/BigOil/document_generator/datasets/documents_2021_12_28/12anp2_20211228_163959_5061690318_600_800.png,12anp2_20211228_163959_5061690318_600_800_mask.png,físico
12,3,24,7,109,481,133,488,109,481,133,481,133,488,109,488,sub_line_text,table_text,table_0,courier,regular,7.0,12anp2_20211228_163959_5061690318_600_800.png,/scratch/parceirosbr/bigoilict/share/BigOil/document_generator/datasets/documents_2021_12_28/12anp2_20211228_163959_5061690318_600_800.png,12anp2_20211228_163959_5061690318_600_800_mask.png,físico
4,3,8,7,117,491,125,498,117,491,125,491,125,498,117,498,text,table_text,table_0,courier,regular,7.0,12anp2_20211228_163959_5061690318_600_800.png,/scratch/parceirosbr/bigoilict/share/BigOil/document_generator/datasets/documents_2021_12_28/12anp2_20211228_163959_5061690318_600_800.png,12anp2_20211228_163959_5061690318_600_800_mask.png,no
4,3,8,7,117,491,125,498,117,491,125,491,125,498,117,498,sub_line_text,table_text,table_0,courier,regular,7.0,12anp2_20211228_163959_5061690318_600_800.png,/scratch/parceirosbr/bigoilict/share/BigOil/document_generator/datasets/documents_2021_12_28/12anp2_20211228_163959_5061690318_600_800.png,12anp2_20211228_163959_5061690318_600_800_mask.png,no
4,3,8,7,117,501,125,508,117,501,125,501,125,508,117,508,text,table_text,table_0,courier,regular,7.0,12anp2_20211228_163959_5061690318_600_800.png,/scratch/parceirosbr/bigoilict/share/BigOil/document_generator/datasets/documents_2021_12_28/12anp2_20211228_163959_5061690318_600_800.png,12anp2_20211228_163959_5061690318_600_800_mask.png,as
4,3,8,7,117,501,125,508,117,501,125,501,125,508,117,508,sub_line_text,table_text,table_0,courier,regular,7.0,12anp2_20211228_163959_5061690318_600_800.png,/scratch/parceirosbr/bigoilict/share/BigOil/document_generator/datasets/documents_2021_12_28/12anp2_20211228_163959_5061690318_600_800.png,12anp2_20211228_163959_5061690318_600_800_mask.png,as
12,3,24,7,109,511,133,518,109,511,133,511,133,518,109,518,text,table_text,table_0,courier,regular,7.0,12anp2_20211228_163959_5061690318_600_800.png,/scratch/parceirosbr/bigoilict/share/BigOil/document_generator/datasets/documents_2021_12_28/12anp2_20211228_163959_5061690318_600_800.png,12anp2_20211228_163959_5061690318_600_800_mask.png,máxima
12,3,24,7,109,511,133,518,109,511,133,511,133,518,109,518,sub_line_text,table_text,table_0,courier,regular,7.0,12anp2_20211228_163959_5061690318_600_800.png,/scratch/parceirosbr/bigoilict/share/BigOil/document_generator/datasets/documents_2021_12_28/12anp2_20211228_163959_5061690318_600_800.png,12anp2_20211228_163959_5061690318_600_800_mask.png,máxima
8,3,16,7,113,521,129,528,113,521,129,521,129,528,113,528,text,table_text,table_0,courier,regular,7.0,12anp2_20211228_163959_5061690318_600_800.png,/scratch/parceirosbr/bigoilict/share/BigOil/document_generator/datasets/documents_2021_12_28/12anp2_20211228_163959_5061690318_600_800.png,12anp2_20211228_163959_5061690318_600_800_mask.png,bico
8,3,16,7,113,521,129,528,113,521,129,521,129,528,113,528,sub_line_text,table_text,table_0,courier,regular,7.0,12anp2_20211228_163959_5061690318_600_800.png,/scratch/parceirosbr/bigoilict/share/BigOil/document_generator/datasets/documents_2021_12_28/12anp2_20211228_163959_5061690318_600_800.png,12anp2_20211228_163959_5061690318_600_800_mask.png,bico
8,3,16,7,170,339,186,346,170,339,186,339,186,346,170,346,text,table_text,table_0,courier,bold,7.0,12anp2_20211228_163959_5061690318_600_800.png,/scratch/parceirosbr/bigoilict/share/BigOil/document_generator/datasets/documents_2021_12_28/12anp2_20211228_163959_5061690318_600_800.png,12anp2_20211228_163959_5061690318_600_800_mask.png,fase
8,3,16,7,170,339,186,346,170,339,186,339,186,346,170,346,sub_line_text,table_text,table_0,courier,bold,7.0,12anp2_20211228_163959_5061690318_600_800.png,/scratch/parceirosbr/bigoilict/share/BigOil/document_generator/datasets/documents_2021_12_28/12anp2_20211228_163959_5061690318_600_800.png,12anp2_20211228_163959_5061690318_600_800_mask.png,fase
9,3,18,7,168,346,186,353,168,346,186,346,186,353,168,353,text,table_text,table_0,courier,bold,7.0,12anp2_20211228_163959_5061690318_600_800.png,/scratch/parceirosbr/bigoilict/share/BigOil/document_generator/datasets/documents_2021_12_28/12anp2_20211228_163959_5061690318_600_800.png,12anp2_20211228_163959_5061690318_600_800_mask.png,para
9,3,18,7,168,346,186,353,168,346,186,346,186,353,168,353,sub_line_text,table_text,table_0,courier,bold,7.0,12anp2_20211228_163959_5061690318_600_800.png,/scratch/parceirosbr/bigoilict/share/BigOil/document_generator/datasets/documents_2021_12_28/12anp2_20211228_163959_5061690318_600_800.png,12anp2_20211228_163959_5061690318_600_800_mask.png,para
22,3,44,7,142,361,186,368,142,361,186,361,186,368,142,368,text,table_text,table_0,courier,regular,7.0,12anp2_20211228_163959_5061690318_600_800.png,/scratch/parceirosbr/bigoilict/share/BigOil/document_generator/datasets/documents_2021_12_28/12anp2_20211228_163959_5061690318_600_800.png,12anp2_20211228_163959_5061690318_600_800_mask.png,97298904944
22,3,44,7,142,361,186,368,142,361,186,361,186,368,142,368,sub_line_text,table_text,table_0,courier,regular,7.0,12anp2_20211228_163959_5061690318_600_800.png,/scratch/parceirosbr/bigoilict/share/BigOil/document_generator/datasets/documents_2021_12_28/12anp2_20211228_163959_5061690318_600_800.png,12anp2_20211228_163959_5061690318_600_800_mask.png,97298904944
22,3,44,7,142,371,186,378,142,371,186,371,186,378,142,378,text,table_text,table_0,courier,regular,7.0,12anp2_20211228_163959_5061690318_600_800.png,/scratch/parceirosbr/bigoilict/share/BigOil/document_generator/datasets/documents_2021_12_28/12anp2_20211228_163959_5061690318_600_800.png,12anp2_20211228_163959_5061690318_600_800_mask.png,82337075320
22,3,44,7,142,371,186,378,142,371,186,371,186,378,142,378,sub_line_text,table_text,table_0,courier,regular,7.0,12anp2_20211228_163959_5061690318_600_800.png,/scratch/parceirosbr/bigoilict/share/BigOil/document_generator/datasets/documents_2021_12_28/12anp2_20211228_163959_5061690318_600_800.png,12anp2_20211228_163959_5061690318_600_800_mask.png,82337075320
22,3,44,7,142,381,186,388,142,381,186,381,186,388,142,388,text,table_text,table_0,courier,regular,7.0,12anp2_20211228_163959_5061690318_600_800.png,/scratch/parceirosbr/bigoilict/share/BigOil/document_generator/datasets/documents_2021_12_28/12anp2_20211228_163959_5061690318_600_800.png,12anp2_20211228_163959_5061690318_600_800_mask.png,95453304034
22,3,44,7,142,381,186,388,142,381,186,381,186,388,142,388,sub_line_text,table_text,table_0,courier,regular,7.0,12anp2_20211228_163959_5061690318_600_800.png,/scratch/parceirosbr/bigoilict/share/BigOil/document_generator/datasets/documents_2021_12_28/12anp2_20211228_163959_5061690318_600_800.png,12anp2_20211228_163959_5061690318_600_800_mask.png,95453304034
22,3,44,7,142,391,186,398,142,391,186,391,186,398,142,398,text,table_text,table_0,courier,regular,7.0,12anp2_20211228_163959_5061690318_600_800.png,/scratch/parceirosbr/bigoilict/share/BigOil/document_generator/datasets/documents_2021_12_28/12anp2_20211228_163959_5061690318_600_800.png,12anp2_20211228_163959_5061690318_600_800_mask.png,75772908541
22,3,44,7,142,391,186,398,142,391,186,391,186,398,142,398,sub_line_text,table_text,table_0,courier,regular,7.0,12anp2_20211228_163959_5061690318_600_800.png,/scratch/parceirosbr/bigoilict/share/BigOil/document_generator/datasets/documents_2021_12_28/12anp2_20211228_163959_5061690318_600_800.png,12anp2_20211228_163959_5061690318_600_800_mask.png,75772908541
22,3,44,7,142,401,186,408,142,401,186,401,186,408,142,408,text,table_text,table_0,courier,regular,7.0,12anp2_20211228_163959_5061690318_600_800.png,/scratch/parceirosbr/bigoilict/share/BigOil/document_generator/datasets/documents_2021_12_28/12anp2_20211228_163959_5061690318_600_800.png,12anp2_20211228_163959_5061690318_600_800_mask.png,15525113313
22,3,44,7,142,401,186,408,142,401,186,401,186,408,142,408,sub_line_text,table_text,table_0,courier,regular,7.0,12anp2_20211228_163959_5061690318_600_800.png,/scratch/parceirosbr/bigoilict/share/BigOil/document_generator/datasets/documents_2021_12_28/12anp2_20211228_163959_5061690318_600_800.png,12anp2_20211228_163959_5061690318_600_800_mask.png,15525113313
22,3,44,7,142,411,186,418,142,411,186,411,186,418,142,418,text,table_text,table_0,courier,regular,7.0,12anp2_20211228_163959_5061690318_600_800.png,/scratch/parceirosbr/bigoilict/share/BigOil/document_generator/datasets/documents_2021_12_28/12anp2_20211228_163959_5061690318_600_800.png,12anp2_20211228_163959_5061690318_600_800_mask.png,96758378042
22,3,44,7,142,411,186,418,142,411,186,411,186,418,142,418,sub_line_text,table_text,table_0,courier,regular,7.0,12anp2_20211228_163959_5061690318_600_800.png,/scratch/parceirosbr/bigoilict/share/BigOil/document_generator/datasets/documents_2021_12_28/12anp2_20211228_163959_5061690318_600_800.png,12anp2_20211228_163959_5061690318_600_800_mask.png,96758378042
22,3,44,7,142,421,186,428,142,421,186,421,186,428,142,428,text,table_text,table_0,courier,regular,7.0,12anp2_20211228_163959_5061690318_600_800.png,/scratch/parceirosbr/bigoilict/share/BigOil/document_generator/datasets/documents_2021_12_28/12anp2_20211228_163959_5061690318_600_800.png,12anp2_20211228_163959_5061690318_600_800_mask.png,74833749673
22,3,44,7,142,421,186,428,142,421,186,421,186,428,142,428,sub_line_text,table_text,table_0,courier,regular,7.0,12anp2_20211228_163959_5061690318_600_800.png,/scratch/parceirosbr/bigoilict/share/BigOil/document_generator/datasets/documents_2021_12_28/12anp2_20211228_163959_5061690318_600_800.png,12anp2_20211228_163959_5061690318_600_800_mask.png,74833749673
22,3,44,7,142,431,186,438,142,431,186,431,186,438,142,438,text,table_text,table_0,courier,regular,7.0,12anp2_20211228_163959_5061690318_600_800.png,/scratch/parceirosbr/bigoilict/share/BigOil/document_generator/datasets/documents_2021_12_28/12anp2_20211228_163959_5061690318_600_800.png,12anp2_20211228_163959_5061690318_600_800_mask.png,55131741137
22,3,44,7,142,431,186,438,142,431,186,431,186,438,142,438,sub_line_text,table_text,table_0,courier,regular,7.0,12anp2_20211228_163959_5061690318_600_800.png,/scratch/parceirosbr/bigoilict/share/BigOil/document_generator/datasets/documents_2021_12_28/12anp2_20211228_163959_5061690318_600_800.png,12anp2_20211228_163959_5061690318_600_800_mask.png,55131741137
22,3,44,7,142,441,186,448,142,441,186,441,186,448,142,448,text,table_text,table_0,courier,regular,7.0,12anp2_20211228_163959_5061690318_600_800.png,/scratch/parceirosbr/bigoilict/share/BigOil/document_generator/datasets/documents_2021_12_28/12anp2_20211228_163959_5061690318_600_800.png,12anp2_20211228_163959_5061690318_600_800_mask.png,88028176461
22,3,44,7,142,441,186,448,142,441,186,441,186,448,142,448,sub_line_text,table_text,table_0,courier,regular,7.0,12anp2_20211228_163959_5061690318_600_800.png,/scratch/parceirosbr/bigoilict/share/BigOil/document_generator/datasets/documents_2021_12_28/12anp2_20211228_163959_5061690318_600_800.png,12anp2_20211228_163959_5061690318_600_800_mask.png,88028176461
22,3,44,7,142,451,186,458,142,451,186,451,186,458,142,458,text,table_text,table_0,courier,regular,7.0,12anp2_20211228_163959_5061690318_600_800.png,/scratch/parceirosbr/bigoilict/share/BigOil/document_generator/datasets/documents_2021_12_28/12anp2_20211228_163959_5061690318_600_800.png,12anp2_20211228_163959_5061690318_600_800_mask.png,68890544151
22,3,44,7,142,451,186,458,142,451,186,451,186,458,142,458,sub_line_text,table_text,table_0,courier,regular,7.0,12anp2_20211228_163959_5061690318_600_800.png,/scratch/parceirosbr/bigoilict/share/BigOil/document_generator/datasets/documents_2021_12_28/12anp2_20211228_163959_5061690318_600_800.png,12anp2_20211228_163959_5061690318_600_800_mask.png,68890544151
22,3,44,7,142,461,186,468,142,461,186,461,186,468,142,468,text,table_text,table_0,courier,regular,7.0,12anp2_20211228_163959_5061690318_600_800.png,/scratch/parceirosbr/bigoilict/share/BigOil/document_generator/datasets/documents_2021_12_28/12anp2_20211228_163959_5061690318_600_800.png,12anp2_20211228_163959_5061690318_600_800_mask.png,53529289177
22,3,44,7,142,461,186,468,142,461,186,461,186,468,142,468,sub_line_text,table_text,table_0,courier,regular,7.0,12anp2_20211228_163959_5061690318_600_800.png,/scratch/parceirosbr/bigoilict/share/BigOil/document_generator/datasets/documents_2021_12_28/12anp2_20211228_163959_5061690318_600_800.png,12anp2_20211228_163959_5061690318_600_800_mask.png,53529289177
22,3,44,7,142,471,186,478,142,471,186,471,186,478,142,478,text,table_text,table_0,courier,regular,7.0,12anp2_20211228_163959_5061690318_600_800.png,/scratch/parceirosbr/bigoilict/share/BigOil/document_generator/datasets/documents_2021_12_28/12anp2_20211228_163959_5061690318_600_800.png,12anp2_20211228_163959_5061690318_600_800_mask.png,37097249387
22,3,44,7,142,471,186,478,142,471,186,471,186,478,142,478,sub_line_text,table_text,table_0,courier,regular,7.0,12anp2_20211228_163959_5061690318_600_800.png,/scratch/parceirosbr/bigoilict/share/BigOil/document_generator/datasets/documents_2021_12_28/12anp2_20211228_163959_5061690318_600_800.png,12anp2_20211228_163959_5061690318_600_800_mask.png,37097249387
22,3,44,7,142,481,186,488,142,481,186,481,186,488,142,488,text,table_text,table_0,courier,regular,7.0,12anp2_20211228_163959_5061690318_600_800.png,/scratch/parceirosbr/bigoilict/share/BigOil/document_generator/datasets/documents_2021_12_28/12anp2_20211228_163959_5061690318_600_800.png,12anp2_20211228_163959_5061690318_600_800_mask.png,59401981865
22,3,44,7,142,481,186,488,142,481,186,481,186,488,142,488,sub_line_text,table_text,table_0,courier,regular,7.0,12anp2_20211228_163959_5061690318_600_800.png,/scratch/parceirosbr/bigoilict/share/BigOil/document_generator/datasets/documents_2021_12_28/12anp2_20211228_163959_5061690318_600_800.png,12anp2_20211228_163959_5061690318_600_800_mask.png,59401981865
22,3,44,7,142,491,186,498,142,491,186,491,186,498,142,498,text,table_text,table_0,courier,regular,7.0,12anp2_20211228_163959_5061690318_600_800.png,/scratch/parceirosbr/bigoilict/share/BigOil/document_generator/datasets/documents_2021_12_28/12anp2_20211228_163959_5061690318_600_800.png,12anp2_20211228_163959_5061690318_600_800_mask.png,97670210839
22,3,44,7,142,491,186,498,142,491,186,491,186,498,142,498,sub_line_text,table_text,table_0,courier,regular,7.0,12anp2_20211228_163959_5061690318_600_800.png,/scratch/parceirosbr/bigoilict/share/BigOil/document_generator/datasets/documents_2021_12_28/12anp2_20211228_163959_5061690318_600_800.png,12anp2_20211228_163959_5061690318_600_800_mask.png,97670210839
22,3,44,7,142,501,186,508,142,501,186,501,186,508,142,508,text,table_text,table_0,courier,regular,7.0,12anp2_20211228_163959_5061690318_600_800.png,/scratch/parceirosbr/bigoilict/share/BigOil/document_generator/datasets/documents_2021_12_28/12anp2_20211228_163959_5061690318_600_800.png,12anp2_20211228_163959_5061690318_600_800_mask.png,73238044730
22,3,44,7,142,501,186,508,142,501,186,501,186,508,142,508,sub_line_text,table_text,table_0,courier,regular,7.0,12anp2_20211228_163959_5061690318_600_800.png,/scratch/parceirosbr/bigoilict/share/BigOil/document_generator/datasets/documents_2021_12_28/12anp2_20211228_163959_5061690318_600_800.png,12anp2_20211228_163959_5061690318_600_800_mask.png,73238044730
22,3,44,7,142,511,186,518,142,511,186,511,186,518,142,518,text,table_text,table_0,courier,regular,7.0,12anp2_20211228_163959_5061690318_600_800.png,/scratch/parceirosbr/bigoilict/share/BigOil/document_generator/datasets/documents_2021_12_28/12anp2_20211228_163959_5061690318_600_800.png,12anp2_20211228_163959_5061690318_600_800_mask.png,30537904132
22,3,44,7,142,511,186,518,142,511,186,511,186,518,142,518,sub_line_text,table_text,table_0,courier,regular,7.0,12anp2_20211228_163959_5061690318_600_800.png,/scratch/parceirosbr/bigoilict/share/BigOil/document_generator/datasets/documents_2021_12_28/12anp2_20211228_163959_5061690318_600_800.png,12anp2_20211228_163959_5061690318_600_800_mask.png,30537904132
22,3,44,7,142,521,186,528,142,521,186,521,186,528,142,528,text,table_text,table_0,courier,regular,7.0,12anp2_20211228_163959_5061690318_600_800.png,/scratch/parceirosbr/bigoilict/share/BigOil/document_generator/datasets/documents_2021_12_28/12anp2_20211228_163959_5061690318_600_800.png,12anp2_20211228_163959_5061690318_600_800_mask.png,39623082647
22,3,44,7,142,521,186,528,142,521,186,521,186,528,142,528,sub_line_text,table_text,table_0,courier,regular,7.0,12anp2_20211228_163959_5061690318_600_800.png,/scratch/parceirosbr/bigoilict/share/BigOil/document_generator/datasets/documents_2021_12_28/12anp2_20211228_163959_5061690318_600_800.png,12anp2_20211228_163959_5061690318_600_800_mask.png,39623082647
20,3,40,7,205,339,245,346,205,339,245,339,245,346,205,346,text,table_text,table_0,courier,bold,7.0,12anp2_20211228_163959_5061690318_600_800.png,/scratch/parceirosbr/bigoilict/share/BigOil/document_generator/datasets/documents_2021_12_28/12anp2_20211228_163959_5061690318_600_800.png,12anp2_20211228_163959_5061690318_600_800_mask.png,integradas
20,3,40,7,205,339,245,346,205,339,245,339,245,346,205,346,sub_line_text,table_text,table_0,courier,bold,7.0,12anp2_20211228_163959_5061690318_600_800.png,/scratch/parceirosbr/bigoilict/share/BigOil/document_generator/datasets/documents_2021_12_28/12anp2_20211228_163959_5061690318_600_800.png,12anp2_20211228_163959_5061690318_600_800_mask.png,integradas
12,3,25,7,220,346,245,353,220,346,245,346,245,353,220,353,text,table_text,table_0,courier,bold,7.0,12anp2_20211228_163959_5061690318_600_800.png,/scratch/parceirosbr/bigoilict/share/BigOil/document_generator/datasets/documents_2021_12_28/12anp2_20211228_163959_5061690318_600_800.png,12anp2_20211228_163959_5061690318_600_800_mask.png,apesar
12,3,25,7,220,346,245,353,220,346,245,346,245,353,220,353,sub_line_text,table_text,table_0,courier,bold,7.0,12anp2_20211228_163959_5061690318_600_800.png,/scratch/parceirosbr/bigoilict/share/BigOil/document_generator/datasets/documents_2021_12_28/12anp2_20211228_163959_5061690318_600_800.png,12anp2_20211228_163959_5061690318_600_800_mask.png,apesar
12,3,24,7,221,361,245,368,221,361,245,361,245,368,221,368,text,table_text,table_0,courier,regular,7.0,12anp2_20211228_163959_5061690318_600_800.png,/scratch/parceirosbr/bigoilict/share/BigOil/document_generator/datasets/documents_2021_12_28/12anp2_20211228_163959_5061690318_600_800.png,12anp2_20211228_163959_5061690318_600_800_mask.png,1.0469
12,3,24,7,221,361,245,368,221,361,245,361,245,368,221,368,sub_line_text,table_text,table_0,courier,regular,7.0,12anp2_20211228_163959_5061690318_600_800.png,/scratch/parceirosbr/bigoilict/share/BigOil/document_generator/datasets/documents_2021_12_28/12anp2_20211228_163959_5061690318_600_800.png,12anp2_20211228_163959_5061690318_600_800_mask.png,1.0469
12,3,24,7,221,371,245,378,221,371,245,371,245,378,221,378,text,table_text,table_0,courier,regular,7.0,12anp2_20211228_163959_5061690318_600_800.png,/scratch/parceirosbr/bigoilict/share/BigOil/document_generator/datasets/documents_2021_12_28/12anp2_20211228_163959_5061690318_600_800.png,12anp2_20211228_163959_5061690318_600_800_mask.png,8.3845
12,3,24,7,221,371,245,378,221,371,245,371,245,378,221,378,sub_line_text,table_text,table_0,courier,regular,7.0,12anp2_20211228_163959_5061690318_600_800.png,/scratch/parceirosbr/bigoilict/share/BigOil/document_generator/datasets/documents_2021_12_28/12anp2_20211228_163959_5061690318_600_800.png,12anp2_20211228_163959_5061690318_600_800_mask.png,8.3845
12,3,24,7,221,381,245,388,221,381,245,381,245,388,221,388,text,table_text,table_0,courier,regular,7.0,12anp2_20211228_163959_5061690318_600_800.png,/scratch/parceirosbr/bigoilict/share/BigOil/document_generator/datasets/documents_2021_12_28/12anp2_20211228_163959_5061690318_600_800.png,12anp2_20211228_163959_5061690318_600_800_mask.png,7.0108
12,3,24,7,221,381,245,388,221,381,245,381,245,388,221,388,sub_line_text,table_text,table_0,courier,regular,7.0,12anp2_20211228_163959_5061690318_600_800.png,/scratch/parceirosbr/bigoilict/share/BigOil/document_generator/datasets/documents_2021_12_28/12anp2_20211228_163959_5061690318_600_800.png,12anp2_20211228_163959_5061690318_600_800_mask.png,7.0108
12,3,24,7,221,391,245,398,221,391,245,391,245,398,221,398,text,table_text,table_0,courier,regular,7.0,12anp2_20211228_163959_5061690318_600_800.png,/scratch/parceirosbr/bigoilict/share/BigOil/document_generator/datasets/documents_2021_12_28/12anp2_20211228_163959_5061690318_600_800.png,12anp2_20211228_163959_5061690318_600_800_mask.png,3.7908
12,3,24,7,221,391,245,398,221,391,245,391,245,398,221,398,sub_line_text,table_text,table_0,courier,regular,7.0,12anp2_20211228_163959_5061690318_600_800.png,/scratch/parceirosbr/bigoilict/share/BigOil/document_generator/datasets/documents_2021_12_28/12anp2_20211228_163959_5061690318_600_800.png,12anp2_20211228_163959_5061690318_600_800_mask.png,3.7908
12,3,24,7,221,401,245,408,221,401,245,401,245,408,221,408,text,table_text,table_0,courier,regular,7.0,12anp2_20211228_163959_5061690318_600_800.png,/scratch/parceirosbr/bigoilict/share/BigOil/document_generator/datasets/documents_2021_12_28/12anp2_20211228_163959_5061690318_600_800.png,12anp2_20211228_163959_5061690318_600_800_mask.png,4.4853
12,3,24,7,221,401,245,408,221,401,245,401,245,408,221,408,sub_line_text,table_text,table_0,courier,regular,7.0,12anp2_20211228_163959_5061690318_600_800.png,/scratch/parceirosbr/bigoilict/share/BigOil/document_generator/datasets/documents_2021_12_28/12anp2_20211228_163959_5061690318_600_800.png,12anp2_20211228_163959_5061690318_600_800_mask.png,4.4853
12,3,24,7,221,411,245,418,221,411,245,411,245,418,221,418,text,table_text,table_0,courier,regular,7.0,12anp2_20211228_163959_5061690318_600_800.png,/scratch/parceirosbr/bigoilict/share/BigOil/document_generator/datasets/documents_2021_12_28/12anp2_20211228_163959_5061690318_600_800.png,12anp2_20211228_163959_5061690318_600_800_mask.png,6.2187
12,3,24,7,221,411,245,418,221,411,245,411,245,418,221,418,sub_line_text,table_text,table_0,courier,regular,7.0,12anp2_20211228_163959_5061690318_600_800.png,/scratch/parceirosbr/bigoilict/share/BigOil/document_generator/datasets/documents_2021_12_28/12anp2_20211228_163959_5061690318_600_800.png,12anp2_20211228_163959_5061690318_600_800_mask.png,6.2187
12,3,24,7,221,421,245,428,221,421,245,421,245,428,221,428,text,table_text,table_0,courier,regular,7.0,12anp2_20211228_163959_5061690318_600_800.png,/scratch/parceirosbr/bigoilict/share/BigOil/document_generator/datasets/documents_2021_12_28/12anp2_20211228_163959_5061690318_600_800.png,12anp2_20211228_163959_5061690318_600_800_mask.png,1.4814
12,3,24,7,221,421,245,428,221,421,245,421,245,428,221,428,sub_line_text,table_text,table_0,courier,regular,7.0,12anp2_20211228_163959_5061690318_600_800.png,/scratch/parceirosbr/bigoilict/share/BigOil/document_generator/datasets/documents_2021_12_28/12anp2_20211228_163959_5061690318_600_800.png,12anp2_20211228_163959_5061690318_600_800_mask.png,1.4814
12,3,24,7,221,431,245,438,221,431,245,431,245,438,221,438,text,table_text,table_0,courier,regular,7.0,12anp2_20211228_163959_5061690318_600_800.png,/scratch/parceirosbr/bigoilict/share/BigOil/document_generator/datasets/documents_2021_12_28/12anp2_20211228_163959_5061690318_600_800.png,12anp2_20211228_163959_5061690318_600_800_mask.png,2.0234
12,3,24,7,221,431,245,438,221,431,245,431,245,438,221,438,sub_line_text,table_text,table_0,courier,regular,7.0,12anp2_20211228_163959_5061690318_600_800.png,/scratch/parceirosbr/bigoilict/share/BigOil/document_generator/datasets/documents_2021_12_28/12anp2_20211228_163959_5061690318_600_800.png,12anp2_20211228_163959_5061690318_600_800_mask.png,2.0234
12,3,24,7,221,441,245,448,221,441,245,441,245,448,221,448,text,table_text,table_0,courier,regular,7.0,12anp2_20211228_163959_5061690318_600_800.png,/scratch/parceirosbr/bigoilict/share/BigOil/document_generator/datasets/documents_2021_12_28/12anp2_20211228_163959_5061690318_600_800.png,12anp2_20211228_163959_5061690318_600_800_mask.png,8.0197
12,3,24,7,221,441,245,448,221,441,245,441,245,448,221,448,sub_line_text,table_text,table_0,courier,regular,7.0,12anp2_20211228_163959_5061690318_600_800.png,/scratch/parceirosbr/bigoilict/share/BigOil/document_generator/datasets/documents_2021_12_28/12anp2_20211228_163959_5061690318_600_800.png,12anp2_20211228_163959_5061690318_600_800_mask.png,8.0197
12,3,24,7,221,451,245,458,221,451,245,451,245,458,221,458,text,table_text,table_0,courier,regular,7.0,12anp2_20211228_163959_5061690318_600_800.png,/scratch/parceirosbr/bigoilict/share/BigOil/document_generator/datasets/documents_2021_12_28/12anp2_20211228_163959_5061690318_600_800.png,12anp2_20211228_163959_5061690318_600_800_mask.png,1.2064
12,3,24,7,221,451,245,458,221,451,245,451,245,458,221,458,sub_line_text,table_text,table_0,courier,regular,7.0,12anp2_20211228_163959_5061690318_600_800.png,/scratch/parceirosbr/bigoilict/share/BigOil/document_generator/datasets/documents_2021_12_28/12anp2_20211228_163959_5061690318_600_800.png,12anp2_20211228_163959_5061690318_600_800_mask.png,1.2064
12,3,24,7,221,461,245,468,221,461,245,461,245,468,221,468,text,table_text,table_0,courier,regular,7.0,12anp2_20211228_163959_5061690318_600_800.png,/scratch/parceirosbr/bigoilict/share/BigOil/document_generator/datasets/documents_2021_12_28/12anp2_20211228_163959_5061690318_600_800.png,12anp2_20211228_163959_5061690318_600_800_mask.png,4.2110
12,3,24,7,221,461,245,468,221,461,245,461,245,468,221,468,sub_line_text,table_text,table_0,courier,regular,7.0,12anp2_20211228_163959_5061690318_600_800.png,/scratch/parceirosbr/bigoilict/share/BigOil/document_generator/datasets/documents_2021_12_28/12anp2_20211228_163959_5061690318_600_800.png,12anp2_20211228_163959_5061690318_600_800_mask.png,4.2110
12,3,24,7,221,471,245,478,221,471,245,471,245,478,221,478,text,table_text,table_0,courier,regular,7.0,12anp2_20211228_163959_5061690318_600_800.png,/scratch/parceirosbr/bigoilict/share/BigOil/document_generator/datasets/documents_2021_12_28/12anp2_20211228_163959_5061690318_600_800.png,12anp2_20211228_163959_5061690318_600_800_mask.png,9.5977
12,3,24,7,221,471,245,478,221,471,245,471,245,478,221,478,sub_line_text,table_text,table_0,courier,regular,7.0,12anp2_20211228_163959_5061690318_600_800.png,/scratch/parceirosbr/bigoilict/share/BigOil/document_generator/datasets/documents_2021_12_28/12anp2_20211228_163959_5061690318_600_800.png,12anp2_20211228_163959_5061690318_600_800_mask.png,9.5977
12,3,24,7,221,481,245,488,221,481,245,481,245,488,221,488,text,table_text,table_0,courier,regular,7.0,12anp2_20211228_163959_5061690318_600_800.png,/scratch/parceirosbr/bigoilict/share/BigOil/document_generator/datasets/documents_2021_12_28/12anp2_20211228_163959_5061690318_600_800.png,12anp2_20211228_163959_5061690318_600_800_mask.png,3.1253
12,3,24,7,221,481,245,488,221,481,245,481,245,488,221,488,sub_line_text,table_text,table_0,courier,regular,7.0,12anp2_20211228_163959_5061690318_600_800.png,/scratch/parceirosbr/bigoilict/share/BigOil/document_generator/datasets/documents_2021_12_28/12anp2_20211228_163959_5061690318_600_800.png,12anp2_20211228_163959_5061690318_600_800_mask.png,3.1253
12,3,24,7,221,491,245,498,221,491,245,491,245,498,221,498,text,table_text,table_0,courier,regular,7.0,12anp2_20211228_163959_5061690318_600_800.png,/scratch/parceirosbr/bigoilict/share/BigOil/document_generator/datasets/documents_2021_12_28/12anp2_20211228_163959_5061690318_600_800.png,12anp2_20211228_163959_5061690318_600_800_mask.png,8.0702
12,3,24,7,221,491,245,498,221,491,245,491,245,498,221,498,sub_line_text,table_text,table_0,courier,regular,7.0,12anp2_20211228_163959_5061690318_600_800.png,/scratch/parceirosbr/bigoilict/share/BigOil/document_generator/datasets/documents_2021_12_28/12anp2_20211228_163959_5061690318_600_800.png,12anp2_20211228_163959_5061690318_600_800_mask.png,8.0702
12,3,24,7,221,501,245,508,221,501,245,501,245,508,221,508,text,table_text,table_0,courier,regular,7.0,12anp2_20211228_163959_5061690318_600_800.png,/scratch/parceirosbr/bigoilict/share/BigOil/document_generator/datasets/documents_2021_12_28/12anp2_20211228_163959_5061690318_600_800.png,12anp2_20211228_163959_5061690318_600_800_mask.png,6.4268
12,3,24,7,221,501,245,508,221,501,245,501,245,508,221,508,sub_line_text,table_text,table_0,courier,regular,7.0,12anp2_20211228_163959_5061690318_600_800.png,/scratch/parceirosbr/bigoilict/share/BigOil/document_generator/datasets/documents_2021_12_28/12anp2_20211228_163959_5061690318_600_800.png,12anp2_20211228_163959_5061690318_600_800_mask.png,6.4268
12,3,24,7,221,511,245,518,221,511,245,511,245,518,221,518,text,table_text,table_0,courier,regular,7.0,12anp2_20211228_163959_5061690318_600_800.png,/scratch/parceirosbr/bigoilict/share/BigOil/document_generator/datasets/documents_2021_12_28/12anp2_20211228_163959_5061690318_600_800.png,12anp2_20211228_163959_5061690318_600_800_mask.png,2.0354
12,3,24,7,221,511,245,518,221,511,245,511,245,518,221,518,sub_line_text,table_text,table_0,courier,regular,7.0,12anp2_20211228_163959_5061690318_600_800.png,/scratch/parceirosbr/bigoilict/share/BigOil/document_generator/datasets/documents_2021_12_28/12anp2_20211228_163959_5061690318_600_800.png,12anp2_20211228_163959_5061690318_600_800_mask.png,2.0354
12,3,24,7,221,521,245,528,221,521,245,521,245,528,221,528,text,table_text,table_0,courier,regular,7.0,12anp2_20211228_163959_5061690318_600_800.png,/scratch/parceirosbr/bigoilict/share/BigOil/document_generator/datasets/documents_2021_12_28/12anp2_20211228_163959_5061690318_600_800.png,12anp2_20211228_163959_5061690318_600_800_mask.png,5.3301
12,3,24,7,221,521,245,528,221,521,245,521,245,528,221,528,sub_line_text,table_text,table_0,courier,regular,7.0,12anp2_20211228_163959_5061690318_600_800.png,/scratch/parceirosbr/bigoilict/share/BigOil/document_generator/datasets/documents_2021_12_28/12anp2_20211228_163959_5061690318_600_800.png,12anp2_20211228_163959_5061690318_600_800_mask.png,5.3301
8,3,16,7,270,339,286,346,270,339,286,339,286,346,270,346,text,table_text,table_0,courier,bold,7.0,12anp2_20211228_163959_5061690318_600_800.png,/scratch/parceirosbr/bigoilict/share/BigOil/document_generator/datasets/documents_2021_12_28/12anp2_20211228_163959_5061690318_600_800.png,12anp2_20211228_163959_5061690318_600_800_mask.png,óleo
8,3,16,7,270,339,286,346,270,339,286,339,286,346,270,346,sub_line_text,table_text,table_0,courier,bold,7.0,12anp2_20211228_163959_5061690318_600_800.png,/scratch/parceirosbr/bigoilict/share/BigOil/document_generator/datasets/documents_2021_12_28/12anp2_20211228_163959_5061690318_600_800.png,12anp2_20211228_163959_5061690318_600_800_mask.png,óleo
14,3,28,7,258,346,286,353,258,346,286,346,286,353,258,353,text,table_text,table_0,courier,bold,7.0,12anp2_20211228_163959_5061690318_600_800.png,/scratch/parceirosbr/bigoilict/share/BigOil/document_generator/datasets/documents_2021_12_28/12anp2_20211228_163959_5061690318_600_800.png,12anp2_20211228_163959_5061690318_600_800_mask.png,outubro
14,3,28,7,258,346,286,353,258,346,286,346,286,353,258,353,sub_line_text,table_text,table_0,courier,bold,7.0,12anp2_20211228_163959_5061690318_600_800.png,/scratch/parceirosbr/bigoilict/share/BigOil/document_generator/datasets/documents_2021_12_28/12anp2_20211228_163959_5061690318_600_800.png,12anp2_20211228_163959_5061690318_600_800_mask.png,outubro
18,3,36,7,250,361,286,368,250,361,286,361,286,368,250,368,text,table_text,table_0,courier,regular,7.0,12anp2_20211228_163959_5061690318_600_800.png,/scratch/parceirosbr/bigoilict/share/BigOil/document_generator/datasets/documents_2021_12_28/12anp2_20211228_163959_5061690318_600_800.png,12anp2_20211228_163959_5061690318_600_800_mask.png,12098.816
18,3,36,7,250,361,286,368,250,361,286,361,286,368,250,368,sub_line_text,table_text,table_0,courier,regular,7.0,12anp2_20211228_163959_5061690318_600_800.png,/scratch/parceirosbr/bigoilict/share/BigOil/document_generator/datasets/documents_2021_12_28/12anp2_20211228_163959_5061690318_600_800.png,12anp2_20211228_163959_5061690318_600_800_mask.png,12098.816
14,3,28,7,258,371,286,378,258,371,286,371,286,378,258,378,text,table_text,table_0,courier,regular,7.0,12anp2_20211228_163959_5061690318_600_800.png,/scratch/parceirosbr/bigoilict/share/BigOil/document_generator/datasets/documents_2021_12_28/12anp2_20211228_163959_5061690318_600_800.png,12anp2_20211228_163959_5061690318_600_800_mask.png,992.630
14,3,28,7,258,371,286,378,258,371,286,371,286,378,258,378,sub_line_text,table_text,table_0,courier,regular,7.0,12anp2_20211228_163959_5061690318_600_800.png,/scratch/parceirosbr/bigoilict/share/BigOil/document_generator/datasets/documents_2021_12_28/12anp2_20211228_163959_5061690318_600_800.png,12anp2_20211228_163959_5061690318_600_800_mask.png,992.630
16,3,32,7,254,381,286,388,254,381,286,381,286,388,254,388,text,table_text,table_0,courier,regular,7.0,12anp2_20211228_163959_5061690318_600_800.png,/scratch/parceirosbr/bigoilict/share/BigOil/document_generator/datasets/documents_2021_12_28/12anp2_20211228_163959_5061690318_600_800.png,12anp2_20211228_163959_5061690318_600_800_mask.png,6736.207
16,3,32,7,254,381,286,388,254,381,286,381,286,388,254,388,sub_line_text,table_text,table_0,courier,regular,7.0,12anp2_20211228_163959_5061690318_600_800.png,/scratch/parceirosbr/bigoilict/share/BigOil/document_generator/datasets/documents_2021_12_28/12anp2_20211228_163959_5061690318_600_800.png,12anp2_20211228_163959_5061690318_600_800_mask.png,6736.207
16,3,32,7,254,391,286,398,254,391,286,391,286,398,254,398,text,table_text,table_0,courier,regular,7.0,12anp2_20211228_163959_5061690318_600_800.png,/scratch/parceirosbr/bigoilict/share/BigOil/document_generator/datasets/documents_2021_12_28/12anp2_20211228_163959_5061690318_600_800.png,12anp2_20211228_163959_5061690318_600_800_mask.png,5281.587
16,3,32,7,254,391,286,398,254,391,286,391,286,398,254,398,sub_line_text,table_text,table_0,courier,regular,7.0,12anp2_20211228_163959_5061690318_600_800.png,/scratch/parceirosbr/bigoilict/share/BigOil/document_generator/datasets/documents_2021_12_28/12anp2_20211228_163959_5061690318_600_800.png,12anp2_20211228_163959_5061690318_600_800_mask.png,5281.587
18,3,36,7,250,401,286,408,250,401,286,401,286,408,250,408,text,table_text,table_0,courier,regular,7.0,12anp2_20211228_163959_5061690318_600_800.png,/scratch/parceirosbr/bigoilict/share/BigOil/document_generator/datasets/documents_2021_12_28/12anp2_20211228_163959_5061690318_600_800.png,12anp2_20211228_163959_5061690318_600_800_mask.png,14459.660
18,3,36,7,250,401,286,408,250,401,286,401,286,408,250,408,sub_line_text,table_text,table_0,courier,regular,7.0,12anp2_20211228_163959_5061690318_600_800.png,/scratch/parceirosbr/bigoilict/share/BigOil/document_generator/datasets/documents_2021_12_28/12anp2_20211228_163959_5061690318_600_800.png,12anp2_20211228_163959_5061690318_600_800_mask.png,14459.660
16,3,32,7,254,411,286,418,254,411,286,411,286,418,254,418,text,table_text,table_0,courier,regular,7.0,12anp2_20211228_163959_5061690318_600_800.png,/scratch/parceirosbr/bigoilict/share/BigOil/document_generator/datasets/documents_2021_12_28/12anp2_20211228_163959_5061690318_600_800.png,12anp2_20211228_163959_5061690318_600_800_mask.png,4656.740
16,3,32,7,254,411,286,418,254,411,286,411,286,418,254,418,sub_line_text,table_text,table_0,courier,regular,7.0,12anp2_20211228_163959_5061690318_600_800.png,/scratch/parceirosbr/bigoilict/share/BigOil/document_generator/datasets/documents_2021_12_28/12anp2_20211228_163959_5061690318_600_800.png,12anp2_20211228_163959_5061690318_600_800_mask.png,4656.740
18,3,36,7,250,421,286,428,250,421,286,421,286,428,250,428,text,table_text,table_0,courier,regular,7.0,12anp2_20211228_163959_5061690318_600_800.png,/scratch/parceirosbr/bigoilict/share/BigOil/document_generator/datasets/documents_2021_12_28/12anp2_20211228_163959_5061690318_600_800.png,12anp2_20211228_163959_5061690318_600_800_mask.png,65010.507
18,3,36,7,250,421,286,428,250,421,286,421,286,428,250,428,sub_line_text,table_text,table_0,courier,regular,7.0,12anp2_20211228_163959_5061690318_600_800.png,/scratch/parceirosbr/bigoilict/share/BigOil/document_generator/datasets/documents_2021_12_28/12anp2_20211228_163959_5061690318_600_800.png,12anp2_20211228_163959_5061690318_600_800_mask.png,65010.507
16,3,32,7,254,431,286,438,254,431,286,431,286,438,254,438,text,table_text,table_0,courier,regular,7.0,12anp2_20211228_163959_5061690318_600_800.png,/scratch/parceirosbr/bigoilict/share/BigOil/document_generator/datasets/documents_2021_12_28/12anp2_20211228_163959_5061690318_600_800.png,12anp2_20211228_163959_5061690318_600_800_mask.png,7651.255
16,3,32,7,254,431,286,438,254,431,286,431,286,438,254,438,sub_line_text,table_text,table_0,courier,regular,7.0,12anp2_20211228_163959_5061690318_600_800.png,/scratch/parceirosbr/bigoilict/share/BigOil/document_generator/datasets/documents_2021_12_28/12anp2_20211228_163959_5061690318_600_800.png,12anp2_20211228_163959_5061690318_600_800_mask.png,7651.255
18,3,36,7,250,441,286,448,250,441,286,441,286,448,250,448,text,table_text,table_0,courier,regular,7.0,12anp2_20211228_163959_5061690318_600_800.png,/scratch/parceirosbr/bigoilict/share/BigOil/document_generator/datasets/documents_2021_12_28/12anp2_20211228_163959_5061690318_600_800.png,12anp2_20211228_163959_5061690318_600_800_mask.png,70269.961
18,3,36,7,250,441,286,448,250,441,286,441,286,448,250,448,sub_line_text,table_text,table_0,courier,regular,7.0,12anp2_20211228_163959_5061690318_600_800.png,/scratch/parceirosbr/bigoilict/share/BigOil/document_generator/datasets/documents_2021_12_28/12anp2_20211228_163959_5061690318_600_800.png,12anp2_20211228_163959_5061690318_600_800_mask.png,70269.961
16,3,32,7,254,451,286,458,254,451,286,451,286,458,254,458,text,table_text,table_0,courier,regular,7.0,12anp2_20211228_163959_5061690318_600_800.png,/scratch/parceirosbr/bigoilict/share/BigOil/document_generator/datasets/documents_2021_12_28/12anp2_20211228_163959_5061690318_600_800.png,12anp2_20211228_163959_5061690318_600_800_mask.png,6312.079
16,3,32,7,254,451,286,458,254,451,286,451,286,458,254,458,sub_line_text,table_text,table_0,courier,regular,7.0,12anp2_20211228_163959_5061690318_600_800.png,/scratch/parceirosbr/bigoilict/share/BigOil/document_generator/datasets/documents_2021_12_28/12anp2_20211228_163959_5061690318_600_800.png,12anp2_20211228_163959_5061690318_600_800_mask.png,6312.079
16,3,32,7,254,461,286,468,254,461,286,461,286,468,254,468,text,table_text,table_0,courier,regular,7.0,12anp2_20211228_163959_5061690318_600_800.png,/scratch/parceirosbr/bigoilict/share/BigOil/document_generator/datasets/documents_2021_12_28/12anp2_20211228_163959_5061690318_600_800.png,12anp2_20211228_163959_5061690318_600_800_mask.png,5695.655
16,3,32,7,254,461,286,468,254,461,286,461,286,468,254,468,sub_line_text,table_text,table_0,courier,regular,7.0,12anp2_20211228_163959_5061690318_600_800.png,/scratch/parceirosbr/bigoilict/share/BigOil/document_generator/datasets/documents_2021_12_28/12anp2_20211228_163959_5061690318_600_800.png,12anp2_20211228_163959_5061690318_600_800_mask.png,5695.655
14,3,28,7,258,471,286,478,258,471,286,471,286,478,258,478,text,table_text,table_0,courier,regular,7.0,12anp2_20211228_163959_5061690318_600_800.png,/scratch/parceirosbr/bigoilict/share/BigOil/document_generator/datasets/documents_2021_12_28/12anp2_20211228_163959_5061690318_600_800.png,12anp2_20211228_163959_5061690318_600_800_mask.png,950.979
14,3,28,7,258,471,286,478,258,471,286,471,286,478,258,478,sub_line_text,table_text,table_0,courier,regular,7.0,12anp2_20211228_163959_5061690318_600_800.png,/scratch/parceirosbr/bigoilict/share/BigOil/document_generator/datasets/documents_2021_12_28/12anp2_20211228_163959_5061690318_600_800.png,12anp2_20211228_163959_5061690318_600_800_mask.png,950.979
14,3,28,7,258,481,286,488,258,481,286,481,286,488,258,488,text,table_text,table_0,courier,regular,7.0,12anp2_20211228_163959_5061690318_600_800.png,/scratch/parceirosbr/bigoilict/share/BigOil/document_generator/datasets/documents_2021_12_28/12anp2_20211228_163959_5061690318_600_800.png,12anp2_20211228_163959_5061690318_600_800_mask.png,475.993
14,3,28,7,258,481,286,488,258,481,286,481,286,488,258,488,sub_line_text,table_text,table_0,courier,regular,7.0,12anp2_20211228_163959_5061690318_600_800.png,/scratch/parceirosbr/bigoilict/share/BigOil/document_generator/datasets/documents_2021_12_28/12anp2_20211228_163959_5061690318_600_800.png,12anp2_20211228_163959_5061690318_600_800_mask.png,475.993
16,3,32,7,254,491,286,498,254,491,286,491,286,498,254,498,text,table_text,table_0,courier,regular,7.0,12anp2_20211228_163959_5061690318_600_800.png,/scratch/parceirosbr/bigoilict/share/BigOil/document_generator/datasets/documents_2021_12_28/12anp2_20211228_163959_5061690318_600_800.png,12anp2_20211228_163959_5061690318_600_800_mask.png,3140.975
16,3,32,7,254,491,286,498,254,491,286,491,286,498,254,498,sub_line_text,table_text,table_0,courier,regular,7.0,12anp2_20211228_163959_5061690318_600_800.png,/scratch/parceirosbr/bigoilict/share/BigOil/document_generator/datasets/documents_2021_12_28/12anp2_20211228_163959_5061690318_600_800.png,12anp2_20211228_163959_5061690318_600_800_mask.png,3140.975
14,3,28,7,258,501,286,508,258,501,286,501,286,508,258,508,text,table_text,table_0,courier,regular,7.0,12anp2_20211228_163959_5061690318_600_800.png,/scratch/parceirosbr/bigoilict/share/BigOil/document_generator/datasets/documents_2021_12_28/12anp2_20211228_163959_5061690318_600_800.png,12anp2_20211228_163959_5061690318_600_800_mask.png,379.555
14,3,28,7,258,501,286,508,258,501,286,501,286,508,258,508,sub_line_text,table_text,table_0,courier,regular,7.0,12anp2_20211228_163959_5061690318_600_800.png,/scratch/parceirosbr/bigoilict/share/BigOil/document_generator/datasets/documents_2021_12_28/12anp2_20211228_163959_5061690318_600_800.png,12anp2_20211228_163959_5061690318_600_800_mask.png,379.555
18,3,36,7,250,511,286,518,250,511,286,511,286,518,250,518,text,table_text,table_0,courier,regular,7.0,12anp2_20211228_163959_5061690318_600_800.png,/scratch/parceirosbr/bigoilict/share/BigOil/document_generator/datasets/documents_2021_12_28/12anp2_20211228_163959_5061690318_600_800.png,12anp2_20211228_163959_5061690318_600_800_mask.png,69779.174
18,3,36,7,250,511,286,518,250,511,286,511,286,518,250,518,sub_line_text,table_text,table_0,courier,regular,7.0,12anp2_20211228_163959_5061690318_600_800.png,/scratch/parceirosbr/bigoilict/share/BigOil/document_generator/datasets/documents_2021_12_28/12anp2_20211228_163959_5061690318_600_800.png,12anp2_20211228_163959_5061690318_600_800_mask.png,69779.174
16,3,32,7,254,521,286,528,254,521,286,521,286,528,254,528,text,table_text,table_0,courier,regular,7.0,12anp2_20211228_163959_5061690318_600_800.png,/scratch/parceirosbr/bigoilict/share/BigOil/document_generator/datasets/documents_2021_12_28/12anp2_20211228_163959_5061690318_600_800.png,12anp2_20211228_163959_5061690318_600_800_mask.png,9218.797
16,3,32,7,254,521,286,528,254,521,286,521,286,528,254,528,sub_line_text,table_text,table_0,courier,regular,7.0,12anp2_20211228_163959_5061690318_600_800.png,/scratch/parceirosbr/bigoilict/share/BigOil/document_generator/datasets/documents_2021_12_28/12anp2_20211228_163959_5061690318_600_800.png,12anp2_20211228_163959_5061690318_600_800_mask.png,9218.797
4,3,9,7,295,339,304,346,295,339,304,339,304,346,295,346,text,table_text,table_0,courier,bold,7.0,12anp2_20211228_163959_5061690318_600_800.png,/scratch/parceirosbr/bigoilict/share/BigOil/document_generator/datasets/documents_2021_12_28/12anp2_20211228_163959_5061690318_600_800.png,12anp2_20211228_163959_5061690318_600_800_mask.png,um
4,3,9,7,295,339,304,346,295,339,304,339,304,346,295,346,sub_line_text,table_text,table_0,courier,bold,7.0,12anp2_20211228_163959_5061690318_600_800.png,/scratch/parceirosbr/bigoilict/share/BigOil/document_generator/datasets/documents_2021_12_28/12anp2_20211228_163959_5061690318_600_800.png,12anp2_20211228_163959_5061690318_600_800_mask.png,um
6,3,12,7,292,346,304,353,292,346,304,346,304,353,292,353,text,table_text,table_0,courier,bold,7.0,12anp2_20211228_163959_5061690318_600_800.png,/scratch/parceirosbr/bigoilict/share/BigOil/document_generator/datasets/documents_2021_12_28/12anp2_20211228_163959_5061690318_600_800.png,12anp2_20211228_163959_5061690318_600_800_mask.png,uso
6,3,12,7,292,346,304,353,292,346,304,346,304,353,292,353,sub_line_text,table_text,table_0,courier,bold,7.0,12anp2_20211228_163959_5061690318_600_800.png,/scratch/parceirosbr/bigoilict/share/BigOil/document_generator/datasets/documents_2021_12_28/12anp2_20211228_163959_5061690318_600_800.png,12anp2_20211228_163959_5061690318_600_800_mask.png,uso
6,3,12,7,292,361,304,368,292,361,304,361,304,368,292,368,text,table_text,table_0,courier,regular,7.0,12anp2_20211228_163959_5061690318_600_800.png,/scratch/parceirosbr/bigoilict/share/BigOil/document_generator/datasets/documents_2021_12_28/12anp2_20211228_163959_5061690318_600_800.png,12anp2_20211228_163959_5061690318_600_800_mask.png,5.4
6,3,12,7,292,361,304,368,292,361,304,361,304,368,292,368,sub_line_text,table_text,table_0,courier,regular,7.0,12anp2_20211228_163959_5061690318_600_800.png,/scratch/parceirosbr/bigoilict/share/BigOil/document_generator/datasets/documents_2021_12_28/12anp2_20211228_163959_5061690318_600_800.png,12anp2_20211228_163959_5061690318_600_800_mask.png,5.4
6,3,12,7,292,371,304,378,292,371,304,371,304,378,292,378,text,table_text,table_0,courier,regular,7.0,12anp2_20211228_163959_5061690318_600_800.png,/scratch/parceirosbr/bigoilict/share/BigOil/document_generator/datasets/documents_2021_12_28/12anp2_20211228_163959_5061690318_600_800.png,12anp2_20211228_163959_5061690318_600_800_mask.png,3.5
6,3,12,7,292,371,304,378,292,371,304,371,304,378,292,378,sub_line_text,table_text,table_0,courier,regular,7.0,12anp2_20211228_163959_5061690318_600_800.png,/scratch/parceirosbr/bigoilict/share/BigOil/document_generator/datasets/documents_2021_12_28/12anp2_20211228_163959_5061690318_600_800.png,12anp2_20211228_163959_5061690318_600_800_mask.png,3.5
6,3,12,7,292,381,304,388,292,381,304,381,304,388,292,388,text,table_text,table_0,courier,regular,7.0,12anp2_20211228_163959_5061690318_600_800.png,/scratch/parceirosbr/bigoilict/share/BigOil/document_generator/datasets/documents_2021_12_28/12anp2_20211228_163959_5061690318_600_800.png,12anp2_20211228_163959_5061690318_600_800_mask.png,7.9
6,3,12,7,292,381,304,388,292,381,304,381,304,388,292,388,sub_line_text,table_text,table_0,courier,regular,7.0,12anp2_20211228_163959_5061690318_600_800.png,/scratch/parceirosbr/bigoilict/share/BigOil/document_generator/datasets/documents_2021_12_28/12anp2_20211228_163959_5061690318_600_800.png,12anp2_20211228_163959_5061690318_600_800_mask.png,7.9
6,3,12,7,292,391,304,398,292,391,304,391,304,398,292,398,text,table_text,table_0,courier,regular,7.0,12anp2_20211228_163959_5061690318_600_800.png,/scratch/parceirosbr/bigoilict/share/BigOil/document_generator/datasets/documents_2021_12_28/12anp2_20211228_163959_5061690318_600_800.png,12anp2_20211228_163959_5061690318_600_800_mask.png,1.7
6,3,12,7,292,391,304,398,292,391,304,391,304,398,292,398,sub_line_text,table_text,table_0,courier,regular,7.0,12anp2_20211228_163959_5061690318_600_800.png,/scratch/parceirosbr/bigoilict/share/BigOil/document_generator/datasets/documents_2021_12_28/12anp2_20211228_163959_5061690318_600_800.png,12anp2_20211228_163959_5061690318_600_800_mask.png,1.7
6,3,12,7,292,401,304,408,292,401,304,401,304,408,292,408,text,table_text,table_0,courier,regular,7.0,12anp2_20211228_163959_5061690318_600_800.png,/scratch/parceirosbr/bigoilict/share/BigOil/document_generator/datasets/documents_2021_12_28/12anp2_20211228_163959_5061690318_600_800.png,12anp2_20211228_163959_5061690318_600_800_mask.png,1.5
6,3,12,7,292,401,304,408,292,401,304,401,304,408,292,408,sub_line_text,table_text,table_0,courier,regular,7.0,12anp2_20211228_163959_5061690318_600_800.png,/scratch/parceirosbr/bigoilict/share/BigOil/document_generator/datasets/documents_2021_12_28/12anp2_20211228_163959_5061690318_600_800.png,12anp2_20211228_163959_5061690318_600_800_mask.png,1.5
6,3,12,7,292,411,304,418,292,411,304,411,304,418,292,418,text,table_text,table_0,courier,regular,7.0,12anp2_20211228_163959_5061690318_600_800.png,/scratch/parceirosbr/bigoilict/share/BigOil/document_generator/datasets/documents_2021_12_28/12anp2_20211228_163959_5061690318_600_800.png,12anp2_20211228_163959_5061690318_600_800_mask.png,8.1
6,3,12,7,292,411,304,418,292,411,304,411,304,418,292,418,sub_line_text,table_text,table_0,courier,regular,7.0,12anp2_20211228_163959_5061690318_600_800.png,/scratch/parceirosbr/bigoilict/share/BigOil/document_generator/datasets/documents_2021_12_28/12anp2_20211228_163959_5061690318_600_800.png,12anp2_20211228_163959_5061690318_600_800_mask.png,8.1
6,3,12,7,292,421,304,428,292,421,304,421,304,428,292,428,text,table_text,table_0,courier,regular,7.0,12anp2_20211228_163959_5061690318_600_800.png,/scratch/parceirosbr/bigoilict/share/BigOil/document_generator/datasets/documents_2021_12_28/12anp2_20211228_163959_5061690318_600_800.png,12anp2_20211228_163959_5061690318_600_800_mask.png,7.5
6,3,12,7,292,421,304,428,292,421,304,421,304,428,292,428,sub_line_text,table_text,table_0,courier,regular,7.0,12anp2_20211228_163959_5061690318_600_800.png,/scratch/parceirosbr/bigoilict/share/BigOil/document_generator/datasets/documents_2021_12_28/12anp2_20211228_163959_5061690318_600_800.png,12anp2_20211228_163959_5061690318_600_800_mask.png,7.5
6,3,12,7,292,431,304,438,292,431,304,431,304,438,292,438,text,table_text,table_0,courier,regular,7.0,12anp2_20211228_163959_5061690318_600_800.png,/scratch/parceirosbr/bigoilict/share/BigOil/document_generator/datasets/documents_2021_12_28/12anp2_20211228_163959_5061690318_600_800.png,12anp2_20211228_163959_5061690318_600_800_mask.png,9.0
6,3,12,7,292,431,304,438,292,431,304,431,304,438,292,438,sub_line_text,table_text,table_0,courier,regular,7.0,12anp2_20211228_163959_5061690318_600_800.png,/scratch/parceirosbr/bigoilict/share/BigOil/document_generator/datasets/documents_2021_12_28/12anp2_20211228_163959_5061690318_600_800.png,12anp2_20211228_163959_5061690318_600_800_mask.png,9.0
6,3,12,7,292,441,304,448,292,441,304,441,304,448,292,448,text,table_text,table_0,courier,regular,7.0,12anp2_20211228_163959_5061690318_600_800.png,/scratch/parceirosbr/bigoilict/share/BigOil/document_generator/datasets/documents_2021_12_28/12anp2_20211228_163959_5061690318_600_800.png,12anp2_20211228_163959_5061690318_600_800_mask.png,4.8
6,3,12,7,292,441,304,448,292,441,304,441,304,448,292,448,sub_line_text,table_text,table_0,courier,regular,7.0,12anp2_20211228_163959_5061690318_600_800.png,/scratch/parceirosbr/bigoilict/share/BigOil/document_generator/datasets/documents_2021_12_28/12anp2_20211228_163959_5061690318_600_800.png,12anp2_20211228_163959_5061690318_600_800_mask.png,4.8
6,3,12,7,292,451,304,458,292,451,304,451,304,458,292,458,text,table_text,table_0,courier,regular,7.0,12anp2_20211228_163959_5061690318_600_800.png,/scratch/parceirosbr/bigoilict/share/BigOil/document_generator/datasets/documents_2021_12_28/12anp2_20211228_163959_5061690318_600_800.png,12anp2_20211228_163959_5061690318_600_800_mask.png,6.6
6,3,12,7,292,451,304,458,292,451,304,451,304,458,292,458,sub_line_text,table_text,table_0,courier,regular,7.0,12anp2_20211228_163959_5061690318_600_800.png,/scratch/parceirosbr/bigoilict/share/BigOil/document_generator/datasets/documents_2021_12_28/12anp2_20211228_163959_5061690318_600_800.png,12anp2_20211228_163959_5061690318_600_800_mask.png,6.6
6,3,12,7,292,461,304,468,292,461,304,461,304,468,292,468,text,table_text,table_0,courier,regular,7.0,12anp2_20211228_163959_5061690318_600_800.png,/scratch/parceirosbr/bigoilict/share/BigOil/document_generator/datasets/documents_2021_12_28/12anp2_20211228_163959_5061690318_600_800.png,12anp2_20211228_163959_5061690318_600_800_mask.png,1.1
6,3,12,7,292,461,304,468,292,461,304,461,304,468,292,468,sub_line_text,table_text,table_0,courier,regular,7.0,12anp2_20211228_163959_5061690318_600_800.png,/scratch/parceirosbr/bigoilict/share/BigOil/document_generator/datasets/documents_2021_12_28/12anp2_20211228_163959_5061690318_600_800.png,12anp2_20211228_163959_5061690318_600_800_mask.png,1.1
6,3,12,7,292,471,304,478,292,471,304,471,304,478,292,478,text,table_text,table_0,courier,regular,7.0,12anp2_20211228_163959_5061690318_600_800.png,/scratch/parceirosbr/bigoilict/share/BigOil/document_generator/datasets/documents_2021_12_28/12anp2_20211228_163959_5061690318_600_800.png,12anp2_20211228_163959_5061690318_600_800_mask.png,3.3
6,3,12,7,292,471,304,478,292,471,304,471,304,478,292,478,sub_line_text,table_text,table_0,courier,regular,7.0,12anp2_20211228_163959_5061690318_600_800.png,/scratch/parceirosbr/bigoilict/share/BigOil/document_generator/datasets/documents_2021_12_28/12anp2_20211228_163959_5061690318_600_800.png,12anp2_20211228_163959_5061690318_600_800_mask.png,3.3
6,3,12,7,292,481,304,488,292,481,304,481,304,488,292,488,text,table_text,table_0,courier,regular,7.0,12anp2_20211228_163959_5061690318_600_800.png,/scratch/parceirosbr/bigoilict/share/BigOil/document_generator/datasets/documents_2021_12_28/12anp2_20211228_163959_5061690318_600_800.png,12anp2_20211228_163959_5061690318_600_800_mask.png,3.6
6,3,12,7,292,481,304,488,292,481,304,481,304,488,292,488,sub_line_text,table_text,table_0,courier,regular,7.0,12anp2_20211228_163959_5061690318_600_800.png,/scratch/parceirosbr/bigoilict/share/BigOil/document_generator/datasets/documents_2021_12_28/12anp2_20211228_163959_5061690318_600_800.png,12anp2_20211228_163959_5061690318_600_800_mask.png,3.6
6,3,12,7,292,491,304,498,292,491,304,491,304,498,292,498,text,table_text,table_0,courier,regular,7.0,12anp2_20211228_163959_5061690318_600_800.png,/scratch/parceirosbr/bigoilict/share/BigOil/document_generator/datasets/documents_2021_12_28/12anp2_20211228_163959_5061690318_600_800.png,12anp2_20211228_163959_5061690318_600_800_mask.png,8.8
6,3,12,7,292,491,304,498,292,491,304,491,304,498,292,498,sub_line_text,table_text,table_0,courier,regular,7.0,12anp2_20211228_163959_5061690318_600_800.png,/scratch/parceirosbr/bigoilict/share/BigOil/document_generator/datasets/documents_2021_12_28/12anp2_20211228_163959_5061690318_600_800.png,12anp2_20211228_163959_5061690318_600_800_mask.png,8.8
6,3,12,7,292,501,304,508,292,501,304,501,304,508,292,508,text,table_text,table_0,courier,regular,7.0,12anp2_20211228_163959_5061690318_600_800.png,/scratch/parceirosbr/bigoilict/share/BigOil/document_generator/datasets/documents_2021_12_28/12anp2_20211228_163959_5061690318_600_800.png,12anp2_20211228_163959_5061690318_600_800_mask.png,6.7
6,3,12,7,292,501,304,508,292,501,304,501,304,508,292,508,sub_line_text,table_text,table_0,courier,regular,7.0,12anp2_20211228_163959_5061690318_600_800.png,/scratch/parceirosbr/bigoilict/share/BigOil/document_generator/datasets/documents_2021_12_28/12anp2_20211228_163959_5061690318_600_800.png,12anp2_20211228_163959_5061690318_600_800_mask.png,6.7
6,3,12,7,292,511,304,518,292,511,304,511,304,518,292,518,text,table_text,table_0,courier,regular,7.0,12anp2_20211228_163959_5061690318_600_800.png,/scratch/parceirosbr/bigoilict/share/BigOil/document_generator/datasets/documents_2021_12_28/12anp2_20211228_163959_5061690318_600_800.png,12anp2_20211228_163959_5061690318_600_800_mask.png,8.5
6,3,12,7,292,511,304,518,292,511,304,511,304,518,292,518,sub_line_text,table_text,table_0,courier,regular,7.0,12anp2_20211228_163959_5061690318_600_800.png,/scratch/parceirosbr/bigoilict/share/BigOil/document_generator/datasets/documents_2021_12_28/12anp2_20211228_163959_5061690318_600_800.png,12anp2_20211228_163959_5061690318_600_800_mask.png,8.5
6,3,12,7,292,521,304,528,292,521,304,521,304,528,292,528,text,table_text,table_0,courier,regular,7.0,12anp2_20211228_163959_5061690318_600_800.png,/scratch/parceirosbr/bigoilict/share/BigOil/document_generator/datasets/documents_2021_12_28/12anp2_20211228_163959_5061690318_600_800.png,12anp2_20211228_163959_5061690318_600_800_mask.png,9.0
6,3,12,7,292,521,304,528,292,521,304,521,304,528,292,528,sub_line_text,table_text,table_0,courier,regular,7.0,12anp2_20211228_163959_5061690318_600_800.png,/scratch/parceirosbr/bigoilict/share/BigOil/document_generator/datasets/documents_2021_12_28/12anp2_20211228_163959_5061690318_600_800.png,12anp2_20211228_163959_5061690318_600_800_mask.png,9.0
6,3,13,7,313,339,326,346,313,339,326,339,326,346,313,346,text,table_text,table_0,courier,bold,7.0,12anp2_20211228_163959_5061690318_600_800.png,/scratch/parceirosbr/bigoilict/share/BigOil/document_generator/datasets/documents_2021_12_28/12anp2_20211228_163959_5061690318_600_800.png,12anp2_20211228_163959_5061690318_600_800_mask.png,sem
6,3,13,7,313,339,326,346,313,339,326,339,326,346,313,346,sub_line_text,table_text,table_0,courier,bold,7.0,12anp2_20211228_163959_5061690318_600_800.png,/scratch/parceirosbr/bigoilict/share/BigOil/document_generator/datasets/documents_2021_12_28/12anp2_20211228_163959_5061690318_600_800.png,12anp2_20211228_163959_5061690318_600_800_mask.png,sem
6,3,13,7,313,346,326,353,313,346,326,346,326,353,313,353,text,table_text,table_0,courier,bold,7.0,12anp2_20211228_163959_5061690318_600_800.png,/scratch/parceirosbr/bigoilict/share/BigOil/document_generator/datasets/documents_2021_12_28/12anp2_20211228_163959_5061690318_600_800.png,12anp2_20211228_163959_5061690318_600_800_mask.png,uma
6,3,13,7,313,346,326,353,313,346,326,346,326,353,313,353,sub_line_text,table_text,table_0,courier,bold,7.0,12anp2_20211228_163959_5061690318_600_800.png,/scratch/parceirosbr/bigoilict/share/BigOil/document_generator/datasets/documents_2021_12_28/12anp2_20211228_163959_5061690318_600_800.png,12anp2_20211228_163959_5061690318_600_800_mask.png,uma
4,3,8,7,315,361,323,368,315,361,323,361,323,368,315,368,text,table_text,table_0,courier,regular,7.0,12anp2_20211228_163959_5061690318_600_800.png,/scratch/parceirosbr/bigoilict/share/BigOil/document_generator/datasets/documents_2021_12_28/12anp2_20211228_163959_5061690318_600_800.png,12anp2_20211228_163959_5061690318_600_800_mask.png,no
4,3,8,7,315,361,323,368,315,361,323,361,323,368,315,368,sub_line_text,table_text,table_0,courier,regular,7.0,12anp2_20211228_163959_5061690318_600_800.png,/scratch/parceirosbr/bigoilict/share/BigOil/document_generator/datasets/documents_2021_12_28/12anp2_20211228_163959_5061690318_600_800.png,12anp2_20211228_163959_5061690318_600_800_mask.png,no
6,3,12,7,313,371,325,378,313,371,325,371,325,378,313,378,text,table_text,table_0,courier,regular,7.0,12anp2_20211228_163959_5061690318_600_800.png,/scratch/parceirosbr/bigoilict/share/BigOil/document_generator/datasets/documents_2021_12_28/12anp2_20211228_163959_5061690318_600_800.png,12anp2_20211228_163959_5061690318_600_800_mask.png,dos
6,3,12,7,313,371,325,378,313,371,325,371,325,378,313,378,sub_line_text,table_text,table_0,courier,regular,7.0,12anp2_20211228_163959_5061690318_600_800.png,/scratch/parceirosbr/bigoilict/share/BigOil/document_generator/datasets/documents_2021_12_28/12anp2_20211228_163959_5061690318_600_800.png,12anp2_20211228_163959_5061690318_600_800_mask.png,dos
6,3,12,7,313,381,325,388,313,381,325,381,325,388,313,388,text,table_text,table_0,courier,regular,7.0,12anp2_20211228_163959_5061690318_600_800.png,/scratch/parceirosbr/bigoilict/share/BigOil/document_generator/datasets/documents_2021_12_28/12anp2_20211228_163959_5061690318_600_800.png,12anp2_20211228_163959_5061690318_600_800_mask.png,não
6,3,12,7,313,381,325,388,313,381,325,381,325,388,313,388,sub_line_text,table_text,table_0,courier,regular,7.0,12anp2_20211228_163959_5061690318_600_800.png,/scratch/parceirosbr/bigoilict/share/BigOil/document_generator/datasets/documents_2021_12_28/12anp2_20211228_163959_5061690318_600_800.png,12anp2_20211228_163959_5061690318_600_800_mask.png,não
8,3,16,7,311,391,327,398,311,391,327,391,327,398,311,398,text,table_text,table_0,courier,regular,7.0,12anp2_20211228_163959_5061690318_600_800.png,/scratch/parceirosbr/bigoilict/share/BigOil/document_generator/datasets/documents_2021_12_28/12anp2_20211228_163959_5061690318_600_800.png,12anp2_20211228_163959_5061690318_600_800_mask.png,pode
8,3,16,7,311,391,327,398,311,391,327,391,327,398,311,398,sub_line_text,table_text,table_0,courier,regular,7.0,12anp2_20211228_163959_5061690318_600_800.png,/scratch/parceirosbr/bigoilict/share/BigOil/document_generator/datasets/documents_2021_12_28/12anp2_20211228_163959_5061690318_600_800.png,12anp2_20211228_163959_5061690318_600_800_mask.png,pode
4,3,9,7,315,401,324,408,315,401,324,401,324,408,315,408,text,table_text,table_0,courier,regular,7.0,12anp2_20211228_163959_5061690318_600_800.png,/scratch/parceirosbr/bigoilict/share/BigOil/document_generator/datasets/documents_2021_12_28/12anp2_20211228_163959_5061690318_600_800.png,12anp2_20211228_163959_5061690318_600_800_mask.png,em
4,3,9,7,315,401,324,408,315,401,324,401,324,408,315,408,sub_line_text,table_text,table_0,courier,regular,7.0,12anp2_20211228_163959_5061690318_600_800.png,/scratch/parceirosbr/bigoilict/share/BigOil/document_generator/datasets/documents_2021_12_28/12anp2_20211228_163959_5061690318_600_800.png,12anp2_20211228_163959_5061690318_600_800_mask.png,em
8,3,16,7,311,411,327,418,311,411,327,411,327,418,311,418,text,table_text,table_0,courier,regular,7.0,12anp2_20211228_163959_5061690318_600_800.png,/scratch/parceirosbr/bigoilict/share/BigOil/document_generator/datasets/documents_2021_12_28/12anp2_20211228_163959_5061690318_600_800.png,12anp2_20211228_163959_5061690318_600_800_mask.png,Como
8,3,16,7,311,411,327,418,311,411,327,411,327,418,311,418,sub_line_text,table_text,table_0,courier,regular,7.0,12anp2_20211228_163959_5061690318_600_800.png,/scratch/parceirosbr/bigoilict/share/BigOil/document_generator/datasets/documents_2021_12_28/12anp2_20211228_163959_5061690318_600_800.png,12anp2_20211228_163959_5061690318_600_800_mask.png,Como
6,3,13,7,313,421,326,428,313,421,326,421,326,428,313,428,text,table_text,table_0,courier,regular,7.0,12anp2_20211228_163959_5061690318_600_800.png,/scratch/parceirosbr/bigoilict/share/BigOil/document_generator/datasets/documents_2021_12_28/12anp2_20211228_163959_5061690318_600_800.png,12anp2_20211228_163959_5061690318_600_800_mask.png,com
6,3,13,7,313,421,326,428,313,421,326,421,326,428,313,428,sub_line_text,table_text,table_0,courier,regular,7.0,12anp2_20211228_163959_5061690318_600_800.png,/scratch/parceirosbr/bigoilict/share/BigOil/document_generator/datasets/documents_2021_12_28/12anp2_20211228_163959_5061690318_600_800.png,12anp2_20211228_163959_5061690318_600_800_mask.png,com
8,3,16,7,311,431,327,438,311,431,327,431,327,438,311,438,text,table_text,table_0,courier,regular,7.0,12anp2_20211228_163959_5061690318_600_800.png,/scratch/parceirosbr/bigoilict/share/BigOil/document_generator/datasets/documents_2021_12_28/12anp2_20211228_163959_5061690318_600_800.png,12anp2_20211228_163959_5061690318_600_800_mask.png,para
8,3,16,7,311,431,327,438,311,431,327,431,327,438,311,438,sub_line_text,table_text,table_0,courier,regular,7.0,12anp2_20211228_163959_5061690318_600_800.png,/scratch/parceirosbr/bigoilict/share/BigOil/document_generator/datasets/documents_2021_12_28/12anp2_20211228_163959_5061690318_600_800.png,12anp2_20211228_163959_5061690318_600_800_mask.png,para
6,3,12,7,313,441,325,448,313,441,325,441,325,448,313,448,text,table_text,table_0,courier,regular,7.0,12anp2_20211228_163959_5061690318_600_800.png,/scratch/parceirosbr/bigoilict/share/BigOil/document_generator/datasets/documents_2021_12_28/12anp2_20211228_163959_5061690318_600_800.png,12anp2_20211228_163959_5061690318_600_800_mask.png,dos
6,3,12,7,313,441,325,448,313,441,325,441,325,448,313,448,sub_line_text,table_text,table_0,courier,regular,7.0,12anp2_20211228_163959_5061690318_600_800.png,/scratch/parceirosbr/bigoilict/share/BigOil/document_generator/datasets/documents_2021_12_28/12anp2_20211228_163959_5061690318_600_800.png,12anp2_20211228_163959_5061690318_600_800_mask.png,dos
4,3,9,7,315,451,324,458,315,451,324,451,324,458,315,458,text,table_text,table_0,courier,regular,7.0,12anp2_20211228_163959_5061690318_600_800.png,/scratch/parceirosbr/bigoilict/share/BigOil/document_generator/datasets/documents_2021_12_28/12anp2_20211228_163959_5061690318_600_800.png,12anp2_20211228_163959_5061690318_600_800_mask.png,um
4,3,9,7,315,451,324,458,315,451,324,451,324,458,315,458,sub_line_text,table_text,table_0,courier,regular,7.0,12anp2_20211228_163959_5061690318_600_800.png,/scratch/parceirosbr/bigoilict/share/BigOil/document_generator/datasets/documents_2021_12_28/12anp2_20211228_163959_5061690318_600_800.png,12anp2_20211228_163959_5061690318_600_800_mask.png,um
6,3,12,7,313,461,325,468,313,461,325,461,325,468,313,468,text,table_text,table_0,courier,regular,7.0,12anp2_20211228_163959_5061690318_600_800.png,/scratch/parceirosbr/bigoilict/share/BigOil/document_generator/datasets/documents_2021_12_28/12anp2_20211228_163959_5061690318_600_800.png,12anp2_20211228_163959_5061690318_600_800_mask.png,ser
6,3,12,7,313,461,325,468,313,461,325,461,325,468,313,468,sub_line_text,table_text,table_0,courier,regular,7.0,12anp2_20211228_163959_5061690318_600_800.png,/scratch/parceirosbr/bigoilict/share/BigOil/document_generator/datasets/documents_2021_12_28/12anp2_20211228_163959_5061690318_600_800.png,12anp2_20211228_163959_5061690318_600_800_mask.png,ser
6,3,12,7,313,471,325,478,313,471,325,471,325,478,313,478,text,table_text,table_0,courier,regular,7.0,12anp2_20211228_163959_5061690318_600_800.png,/scratch/parceirosbr/bigoilict/share/BigOil/document_generator/datasets/documents_2021_12_28/12anp2_20211228_163959_5061690318_600_800.png,12anp2_20211228_163959_5061690318_600_800_mask.png,que
6,3,12,7,313,471,325,478,313,471,325,471,325,478,313,478,sub_line_text,table_text,table_0,courier,regular,7.0,12anp2_20211228_163959_5061690318_600_800.png,/scratch/parceirosbr/bigoilict/share/BigOil/document_generator/datasets/documents_2021_12_28/12anp2_20211228_163959_5061690318_600_800.png,12anp2_20211228_163959_5061690318_600_800_mask.png,que
6,3,12,7,313,481,325,488,313,481,325,481,325,488,313,488,text,table_text,table_0,courier,regular,7.0,12anp2_20211228_163959_5061690318_600_800.png,/scratch/parceirosbr/bigoilict/share/BigOil/document_generator/datasets/documents_2021_12_28/12anp2_20211228_163959_5061690318_600_800.png,12anp2_20211228_163959_5061690318_600_800_mask.png,ser
6,3,12,7,313,481,325,488,313,481,325,481,325,488,313,488,sub_line_text,table_text,table_0,courier,regular,7.0,12anp2_20211228_163959_5061690318_600_800.png,/scratch/parceirosbr/bigoilict/share/BigOil/document_generator/datasets/documents_2021_12_28/12anp2_20211228_163959_5061690318_600_800.png,12anp2_20211228_163959_5061690318_600_800_mask.png,ser
8,3,16,7,311,491,327,498,311,491,327,491,327,498,311,498,text,table_text,table_0,courier,regular,7.0,12anp2_20211228_163959_5061690318_600_800.png,/scratch/parceirosbr/bigoilict/share/BigOil/document_generator/datasets/documents_2021_12_28/12anp2_20211228_163959_5061690318_600_800.png,12anp2_20211228_163959_5061690318_600_800_mask.png,pode
8,3,16,7,311,491,327,498,311,491,327,491,327,498,311,498,sub_line_text,table_text,table_0,courier,regular,7.0,12anp2_20211228_163959_5061690318_600_800.png,/scratch/parceirosbr/bigoilict/share/BigOil/document_generator/datasets/documents_2021_12_28/12anp2_20211228_163959_5061690318_600_800.png,12anp2_20211228_163959_5061690318_600_800_mask.png,pode
4,3,8,7,315,501,323,508,315,501,323,501,323,508,315,508,text,table_text,table_0,courier,regular,7.0,12anp2_20211228_163959_5061690318_600_800.png,/scratch/parceirosbr/bigoilict/share/BigOil/document_generator/datasets/documents_2021_12_28/12anp2_20211228_163959_5061690318_600_800.png,12anp2_20211228_163959_5061690318_600_800_mask.png,os
4,3,8,7,315,501,323,508,315,501,323,501,323,508,315,508,sub_line_text,table_text,table_0,courier,regular,7.0,12anp2_20211228_163959_5061690318_600_800.png,/scratch/parceirosbr/bigoilict/share/BigOil/document_generator/datasets/documents_2021_12_28/12anp2_20211228_163959_5061690318_600_800.png,12anp2_20211228_163959_5061690318_600_800_mask.png,os
6,3,12,7,313,511,325,518,313,511,325,511,325,518,313,518,text,table_text,table_0,courier,regular,7.0,12anp2_20211228_163959_5061690318_600_800.png,/scratch/parceirosbr/bigoilict/share/BigOil/document_generator/datasets/documents_2021_12_28/12anp2_20211228_163959_5061690318_600_800.png,12anp2_20211228_163959_5061690318_600_800_mask.png,por
6,3,12,7,313,511,325,518,313,511,325,511,325,518,313,518,sub_line_text,table_text,table_0,courier,regular,7.0,12anp2_20211228_163959_5061690318_600_800.png,/scratch/parceirosbr/bigoilict/share/BigOil/document_generator/datasets/documents_2021_12_28/12anp2_20211228_163959_5061690318_600_800.png,12anp2_20211228_163959_5061690318_600_800_mask.png,por
6,3,13,7,313,521,326,528,313,521,326,521,326,528,313,528,text,table_text,table_0,courier,regular,7.0,12anp2_20211228_163959_5061690318_600_800.png,/scratch/parceirosbr/bigoilict/share/BigOil/document_generator/datasets/documents_2021_12_28/12anp2_20211228_163959_5061690318_600_800.png,12anp2_20211228_163959_5061690318_600_800_mask.png,sem
6,3,13,7,313,521,326,528,313,521,326,521,326,528,313,528,sub_line_text,table_text,table_0,courier,regular,7.0,12anp2_20211228_163959_5061690318_600_800.png,/scratch/parceirosbr/bigoilict/share/BigOil/document_generator/datasets/documents_2021_12_28/12anp2_20211228_163959_5061690318_600_800.png,12anp2_20211228_163959_5061690318_600_800_mask.png,sem
8,3,16,7,338,339,354,346,338,339,354,339,354,346,338,346,text,table_text,table_0,courier,bold,7.0,12anp2_20211228_163959_5061690318_600_800.png,/scratch/parceirosbr/bigoilict/share/BigOil/document_generator/datasets/documents_2021_12_28/12anp2_20211228_163959_5061690318_600_800.png,12anp2_20211228_163959_5061690318_600_800_mask.png,fase
8,3,16,7,338,339,354,346,338,339,354,339,354,346,338,346,sub_line_text,table_text,table_0,courier,bold,7.0,12anp2_20211228_163959_5061690318_600_800.png,/scratch/parceirosbr/bigoilict/share/BigOil/document_generator/datasets/documents_2021_12_28/12anp2_20211228_163959_5061690318_600_800.png,12anp2_20211228_163959_5061690318_600_800_mask.png,fase
8,3,17,7,337,346,354,353,337,346,354,346,354,353,337,353,text,table_text,table_0,courier,bold,7.0,12anp2_20211228_163959_5061690318_600_800.png,/scratch/parceirosbr/bigoilict/share/BigOil/document_generator/datasets/documents_2021_12_28/12anp2_20211228_163959_5061690318_600_800.png,12anp2_20211228_163959_5061690318_600_800_mask.png,pois
8,3,17,7,337,346,354,353,337,346,354,346,354,353,337,353,sub_line_text,table_text,table_0,courier,bold,7.0,12anp2_20211228_163959_5061690318_600_800.png,/scratch/parceirosbr/bigoilict/share/BigOil/document_generator/datasets/documents_2021_12_28/12anp2_20211228_163959_5061690318_600_800.png,12anp2_20211228_163959_5061690318_600_800_mask.png,pois
8,3,16,7,338,361,354,368,338,361,354,361,354,368,338,368,text,table_text,table_0,courier,regular,7.0,12anp2_20211228_163959_5061690318_600_800.png,/scratch/parceirosbr/bigoilict/share/BigOil/document_generator/datasets/documents_2021_12_28/12anp2_20211228_163959_5061690318_600_800.png,12anp2_20211228_163959_5061690318_600_800_mask.png,44.2
8,3,16,7,338,361,354,368,338,361,354,361,354,368,338,368,sub_line_text,table_text,table_0,courier,regular,7.0,12anp2_20211228_163959_5061690318_600_800.png,/scratch/parceirosbr/bigoilict/share/BigOil/document_generator/datasets/documents_2021_12_28/12anp2_20211228_163959_5061690318_600_800.png,12anp2_20211228_163959_5061690318_600_800_mask.png,44.2
10,3,20,7,334,371,354,378,334,371,354,371,354,378,334,378,text,table_text,table_0,courier,regular,7.0,12anp2_20211228_163959_5061690318_600_800.png,/scratch/parceirosbr/bigoilict/share/BigOil/document_generator/datasets/documents_2021_12_28/12anp2_20211228_163959_5061690318_600_800.png,12anp2_20211228_163959_5061690318_600_800_mask.png,280.4
10,3,20,7,334,371,354,378,334,371,354,371,354,378,334,378,sub_line_text,table_text,table_0,courier,regular,7.0,12anp2_20211228_163959_5061690318_600_800.png,/scratch/parceirosbr/bigoilict/share/BigOil/document_generator/datasets/documents_2021_12_28/12anp2_20211228_163959_5061690318_600_800.png,12anp2_20211228_163959_5061690318_600_800_mask.png,280.4
8,3,16,7,338,381,354,388,338,381,354,381,354,388,338,388,text,table_text,table_0,courier,regular,7.0,12anp2_20211228_163959_5061690318_600_800.png,/scratch/parceirosbr/bigoilict/share/BigOil/document_generator/datasets/documents_2021_12_28/12anp2_20211228_163959_5061690318_600_800.png,12anp2_20211228_163959_5061690318_600_800_mask.png,95.3
8,3,16,7,338,381,354,388,338,381,354,381,354,388,338,388,sub_line_text,table_text,table_0,courier,regular,7.0,12anp2_20211228_163959_5061690318_600_800.png,/scratch/parceirosbr/bigoilict/share/BigOil/document_generator/datasets/documents_2021_12_28/12anp2_20211228_163959_5061690318_600_800.png,12anp2_20211228_163959_5061690318_600_800_mask.png,95.3
8,3,16,7,338,391,354,398,338,391,354,391,354,398,338,398,text,table_text,table_0,courier,regular,7.0,12anp2_20211228_163959_5061690318_600_800.png,/scratch/parceirosbr/bigoilict/share/BigOil/document_generator/datasets/documents_2021_12_28/12anp2_20211228_163959_5061690318_600_800.png,12anp2_20211228_163959_5061690318_600_800_mask.png,46.6
8,3,16,7,338,391,354,398,338,391,354,391,354,398,338,398,sub_line_text,table_text,table_0,courier,regular,7.0,12anp2_20211228_163959_5061690318_600_800.png,/scratch/parceirosbr/bigoilict/share/BigOil/document_generator/datasets/documents_2021_12_28/12anp2_20211228_163959_5061690318_600_800.png,12anp2_20211228_163959_5061690318_600_800_mask.png,46.6
10,3,20,7,334,401,354,408,334,401,354,401,354,408,334,408,text,table_text,table_0,courier,regular,7.0,12anp2_20211228_163959_5061690318_600_800.png,/scratch/parceirosbr/bigoilict/share/BigOil/document_generator/datasets/documents_2021_12_28/12anp2_20211228_163959_5061690318_600_800.png,12anp2_20211228_163959_5061690318_600_800_mask.png,987.1
10,3,20,7,334,401,354,408,334,401,354,401,354,408,334,408,sub_line_text,table_text,table_0,courier,regular,7.0,12anp2_20211228_163959_5061690318_600_800.png,/scratch/parceirosbr/bigoilict/share/BigOil/document_generator/datasets/documents_2021_12_28/12anp2_20211228_163959_5061690318_600_800.png,12anp2_20211228_163959_5061690318_600_800_mask.png,987.1
8,3,16,7,338,411,354,418,338,411,354,411,354,418,338,418,text,table_text,table_0,courier,regular,7.0,12anp2_20211228_163959_5061690318_600_800.png,/scratch/parceirosbr/bigoilict/share/BigOil/document_generator/datasets/documents_2021_12_28/12anp2_20211228_163959_5061690318_600_800.png,12anp2_20211228_163959_5061690318_600_800_mask.png,21.4
8,3,16,7,338,411,354,418,338,411,354,411,354,418,338,418,sub_line_text,table_text,table_0,courier,regular,7.0,12anp2_20211228_163959_5061690318_600_800.png,/scratch/parceirosbr/bigoilict/share/BigOil/document_generator/datasets/documents_2021_12_28/12anp2_20211228_163959_5061690318_600_800.png,12anp2_20211228_163959_5061690318_600_800_mask.png,21.4
10,3,20,7,334,421,354,428,334,421,354,421,354,428,334,428,text,table_text,table_0,courier,regular,7.0,12anp2_20211228_163959_5061690318_600_800.png,/scratch/parceirosbr/bigoilict/share/BigOil/document_generator/datasets/documents_2021_12_28/12anp2_20211228_163959_5061690318_600_800.png,12anp2_20211228_163959_5061690318_600_800_mask.png,897.0
10,3,20,7,334,421,354,428,334,421,354,421,354,428,334,428,sub_line_text,table_text,table_0,courier,regular,7.0,12anp2_20211228_163959_5061690318_600_800.png,/scratch/parceirosbr/bigoilict/share/BigOil/document_generator/datasets/documents_2021_12_28/12anp2_20211228_163959_5061690318_600_800.png,12anp2_20211228_163959_5061690318_600_800_mask.png,897.0
10,3,20,7,334,431,354,438,334,431,354,431,354,438,334,438,text,table_text,table_0,courier,regular,7.0,12anp2_20211228_163959_5061690318_600_800.png,/scratch/parceirosbr/bigoilict/share/BigOil/document_generator/datasets/documents_2021_12_28/12anp2_20211228_163959_5061690318_600_800.png,12anp2_20211228_163959_5061690318_600_800_mask.png,832.8
10,3,20,7,334,431,354,438,334,431,354,431,354,438,334,438,sub_line_text,table_text,table_0,courier,regular,7.0,12anp2_20211228_163959_5061690318_600_800.png,/scratch/parceirosbr/bigoilict/share/BigOil/document_generator/datasets/documents_2021_12_28/12anp2_20211228_163959_5061690318_600_800.png,12anp2_20211228_163959_5061690318_600_800_mask.png,832.8
10,3,20,7,334,441,354,448,334,441,354,441,354,448,334,448,text,table_text,table_0,courier,regular,7.0,12anp2_20211228_163959_5061690318_600_800.png,/scratch/parceirosbr/bigoilict/share/BigOil/document_generator/datasets/documents_2021_12_28/12anp2_20211228_163959_5061690318_600_800.png,12anp2_20211228_163959_5061690318_600_800_mask.png,727.3
10,3,20,7,334,441,354,448,334,441,354,441,354,448,334,448,sub_line_text,table_text,table_0,courier,regular,7.0,12anp2_20211228_163959_5061690318_600_800.png,/scratch/parceirosbr/bigoilict/share/BigOil/document_generator/datasets/documents_2021_12_28/12anp2_20211228_163959_5061690318_600_800.png,12anp2_20211228_163959_5061690318_600_800_mask.png,727.3
8,3,16,7,338,451,354,458,338,451,354,451,354,458,338,458,text,table_text,table_0,courier,regular,7.0,12anp2_20211228_163959_5061690318_600_800.png,/scratch/parceirosbr/bigoilict/share/BigOil/document_generator/datasets/documents_2021_12_28/12anp2_20211228_163959_5061690318_600_800.png,12anp2_20211228_163959_5061690318_600_800_mask.png,63.4
8,3,16,7,338,451,354,458,338,451,354,451,354,458,338,458,sub_line_text,table_text,table_0,courier,regular,7.0,12anp2_20211228_163959_5061690318_600_800.png,/scratch/parceirosbr/bigoilict/share/BigOil/document_generator/datasets/documents_2021_12_28/12anp2_20211228_163959_5061690318_600_800.png,12anp2_20211228_163959_5061690318_600_800_mask.png,63.4
8,3,16,7,338,461,354,468,338,461,354,461,354,468,338,468,text,table_text,table_0,courier,regular,7.0,12anp2_20211228_163959_5061690318_600_800.png,/scratch/parceirosbr/bigoilict/share/BigOil/document_generator/datasets/documents_2021_12_28/12anp2_20211228_163959_5061690318_600_800.png,12anp2_20211228_163959_5061690318_600_800_mask.png,53.7
8,3,16,7,338,461,354,468,338,461,354,461,354,468,338,468,sub_line_text,table_text,table_0,courier,regular,7.0,12anp2_20211228_163959_5061690318_600_800.png,/scratch/parceirosbr/bigoilict/share/BigOil/document_generator/datasets/documents_2021_12_28/12anp2_20211228_163959_5061690318_600_800.png,12anp2_20211228_163959_5061690318_600_800_mask.png,53.7
8,3,16,7,338,471,354,478,338,471,354,471,354,478,338,478,text,table_text,table_0,courier,regular,7.0,12anp2_20211228_163959_5061690318_600_800.png,/scratch/parceirosbr/bigoilict/share/BigOil/document_generator/datasets/documents_2021_12_28/12anp2_20211228_163959_5061690318_600_800.png,12anp2_20211228_163959_5061690318_600_800_mask.png,62.8
8,3,16,7,338,471,354,478,338,471,354,471,354,478,338,478,sub_line_text,table_text,table_0,courier,regular,7.0,12anp2_20211228_163959_5061690318_600_800.png,/scratch/parceirosbr/bigoilict/share/BigOil/document_generator/datasets/documents_2021_12_28/12anp2_20211228_163959_5061690318_600_800.png,12anp2_20211228_163959_5061690318_600_800_mask.png,62.8
8,3,16,7,338,481,354,488,338,481,354,481,354,488,338,488,text,table_text,table_0,courier,regular,7.0,12anp2_20211228_163959_5061690318_600_800.png,/scratch/parceirosbr/bigoilict/share/BigOil/document_generator/datasets/documents_2021_12_28/12anp2_20211228_163959_5061690318_600_800.png,12anp2_20211228_163959_5061690318_600_800_mask.png,26.5
8,3,16,7,338,481,354,488,338,481,354,481,354,488,338,488,sub_line_text,table_text,table_0,courier,regular,7.0,12anp2_20211228_163959_5061690318_600_800.png,/scratch/parceirosbr/bigoilict/share/BigOil/document_generator/datasets/documents_2021_12_28/12anp2_20211228_163959_5061690318_600_800.png,12anp2_20211228_163959_5061690318_600_800_mask.png,26.5
10,3,20,7,334,491,354,498,334,491,354,491,354,498,334,498,text,table_text,table_0,courier,regular,7.0,12anp2_20211228_163959_5061690318_600_800.png,/scratch/parceirosbr/bigoilict/share/BigOil/document_generator/datasets/documents_2021_12_28/12anp2_20211228_163959_5061690318_600_800.png,12anp2_20211228_163959_5061690318_600_800_mask.png,869.7
10,3,20,7,334,491,354,498,334,491,354,491,354,498,334,498,sub_line_text,table_text,table_0,courier,regular,7.0,12anp2_20211228_163959_5061690318_600_800.png,/scratch/parceirosbr/bigoilict/share/BigOil/document_generator/datasets/documents_2021_12_28/12anp2_20211228_163959_5061690318_600_800.png,12anp2_20211228_163959_5061690318_600_800_mask.png,869.7
10,3,20,7,334,501,354,508,334,501,354,501,354,508,334,508,text,table_text,table_0,courier,regular,7.0,12anp2_20211228_163959_5061690318_600_800.png,/scratch/parceirosbr/bigoilict/share/BigOil/document_generator/datasets/documents_2021_12_28/12anp2_20211228_163959_5061690318_600_800.png,12anp2_20211228_163959_5061690318_600_800_mask.png,734.9
10,3,20,7,334,501,354,508,334,501,354,501,354,508,334,508,sub_line_text,table_text,table_0,courier,regular,7.0,12anp2_20211228_163959_5061690318_600_800.png,/scratch/parceirosbr/bigoilict/share/BigOil/document_generator/datasets/documents_2021_12_28/12anp2_20211228_163959_5061690318_600_800.png,12anp2_20211228_163959_5061690318_600_800_mask.png,734.9
8,3,16,7,338,511,354,518,338,511,354,511,354,518,338,518,text,table_text,table_0,courier,regular,7.0,12anp2_20211228_163959_5061690318_600_800.png,/scratch/parceirosbr/bigoilict/share/BigOil/document_generator/datasets/documents_2021_12_28/12anp2_20211228_163959_5061690318_600_800.png,12anp2_20211228_163959_5061690318_600_800_mask.png,32.7
8,3,16,7,338,511,354,518,338,511,354,511,354,518,338,518,sub_line_text,table_text,table_0,courier,regular,7.0,12anp2_20211228_163959_5061690318_600_800.png,/scratch/parceirosbr/bigoilict/share/BigOil/document_generator/datasets/documents_2021_12_28/12anp2_20211228_163959_5061690318_600_800.png,12anp2_20211228_163959_5061690318_600_800_mask.png,32.7
8,3,16,7,338,521,354,528,338,521,354,521,354,528,338,528,text,table_text,table_0,courier,regular,7.0,12anp2_20211228_163959_5061690318_600_800.png,/scratch/parceirosbr/bigoilict/share/BigOil/document_generator/datasets/documents_2021_12_28/12anp2_20211228_163959_5061690318_600_800.png,12anp2_20211228_163959_5061690318_600_800_mask.png,62.3
8,3,16,7,338,521,354,528,338,521,354,521,354,528,338,528,sub_line_text,table_text,table_0,courier,regular,7.0,12anp2_20211228_163959_5061690318_600_800.png,/scratch/parceirosbr/bigoilict/share/BigOil/document_generator/datasets/documents_2021_12_28/12anp2_20211228_163959_5061690318_600_800.png,12anp2_20211228_163959_5061690318_600_800_mask.png,62.3
20,3,40,7,375,339,415,346,375,339,415,339,415,346,375,346,text,table_text,table_0,courier,bold,7.0,12anp2_20211228_163959_5061690318_600_800.png,/scratch/parceirosbr/bigoilict/share/BigOil/document_generator/datasets/documents_2021_12_28/12anp2_20211228_163959_5061690318_600_800.png,12anp2_20211228_163959_5061690318_600_800_mask.png,desempenho
20,3,40,7,375,339,415,346,375,339,415,339,415,346,375,346,sub_line_text,table_text,table_0,courier,bold,7.0,12anp2_20211228_163959_5061690318_600_800.png,/scratch/parceirosbr/bigoilict/share/BigOil/document_generator/datasets/documents_2021_12_28/12anp2_20211228_163959_5061690318_600_800.png,12anp2_20211228_163959_5061690318_600_800_mask.png,desempenho
12,3,24,7,391,346,415,353,391,346,415,346,415,353,391,353,text,table_text,table_0,courier,bold,7.0,12anp2_20211228_163959_5061690318_600_800.png,/scratch/parceirosbr/bigoilict/share/BigOil/document_generator/datasets/documents_2021_12_28/12anp2_20211228_163959_5061690318_600_800.png,12anp2_20211228_163959_5061690318_600_800_mask.png,físico
12,3,24,7,391,346,415,353,391,346,415,346,415,353,391,353,sub_line_text,table_text,table_0,courier,bold,7.0,12anp2_20211228_163959_5061690318_600_800.png,/scratch/parceirosbr/bigoilict/share/BigOil/document_generator/datasets/documents_2021_12_28/12anp2_20211228_163959_5061690318_600_800.png,12anp2_20211228_163959_5061690318_600_800_mask.png,físico
8,3,16,7,399,361,415,368,399,361,415,361,415,368,399,368,text,table_text,table_0,courier,regular,7.0,12anp2_20211228_163959_5061690318_600_800.png,/scratch/parceirosbr/bigoilict/share/BigOil/document_generator/datasets/documents_2021_12_28/12anp2_20211228_163959_5061690318_600_800.png,12anp2_20211228_163959_5061690318_600_800_mask.png,3.40
8,3,16,7,399,361,415,368,399,361,415,361,415,368,399,368,sub_line_text,table_text,table_0,courier,regular,7.0,12anp2_20211228_163959_5061690318_600_800.png,/scratch/parceirosbr/bigoilict/share/BigOil/document_generator/datasets/documents_2021_12_28/12anp2_20211228_163959_5061690318_600_800.png,12anp2_20211228_163959_5061690318_600_800_mask.png,3.40
14,3,28,7,387,371,415,378,387,371,415,371,415,378,387,378,text,table_text,table_0,courier,regular,7.0,12anp2_20211228_163959_5061690318_600_800.png,/scratch/parceirosbr/bigoilict/share/BigOil/document_generator/datasets/documents_2021_12_28/12anp2_20211228_163959_5061690318_600_800.png,12anp2_20211228_163959_5061690318_600_800_mask.png,3561.61
14,3,28,7,387,371,415,378,387,371,415,371,415,378,387,378,sub_line_text,table_text,table_0,courier,regular,7.0,12anp2_20211228_163959_5061690318_600_800.png,/scratch/parceirosbr/bigoilict/share/BigOil/document_generator/datasets/documents_2021_12_28/12anp2_20211228_163959_5061690318_600_800.png,12anp2_20211228_163959_5061690318_600_800_mask.png,3561.61
16,3,32,7,383,381,415,388,383,381,415,381,415,388,383,388,text,table_text,table_0,courier,regular,7.0,12anp2_20211228_163959_5061690318_600_800.png,/scratch/parceirosbr/bigoilict/share/BigOil/document_generator/datasets/documents_2021_12_28/12anp2_20211228_163959_5061690318_600_800.png,12anp2_20211228_163959_5061690318_600_800_mask.png,96473.76
16,3,32,7,383,381,415,388,383,381,415,381,415,388,383,388,sub_line_text,table_text,table_0,courier,regular,7.0,12anp2_20211228_163959_5061690318_600_800.png,/scratch/parceirosbr/bigoilict/share/BigOil/document_generator/datasets/documents_2021_12_28/12anp2_20211228_163959_5061690318_600_800.png,12anp2_20211228_163959_5061690318_600_800_mask.png,96473.76
14,3,28,7,387,391,415,398,387,391,415,391,415,398,387,398,text,table_text,table_0,courier,regular,7.0,12anp2_20211228_163959_5061690318_600_800.png,/scratch/parceirosbr/bigoilict/share/BigOil/document_generator/datasets/documents_2021_12_28/12anp2_20211228_163959_5061690318_600_800.png,12anp2_20211228_163959_5061690318_600_800_mask.png,3824.72
14,3,28,7,387,391,415,398,387,391,415,391,415,398,387,398,sub_line_text,table_text,table_0,courier,regular,7.0,12anp2_20211228_163959_5061690318_600_800.png,/scratch/parceirosbr/bigoilict/share/BigOil/document_generator/datasets/documents_2021_12_28/12anp2_20211228_163959_5061690318_600_800.png,12anp2_20211228_163959_5061690318_600_800_mask.png,3824.72
14,3,28,7,387,401,415,408,387,401,415,401,415,408,387,408,text,table_text,table_0,courier,regular,7.0,12anp2_20211228_163959_5061690318_600_800.png,/scratch/parceirosbr/bigoilict/share/BigOil/document_generator/datasets/documents_2021_12_28/12anp2_20211228_163959_5061690318_600_800.png,12anp2_20211228_163959_5061690318_600_800_mask.png,8835.13
14,3,28,7,387,401,415,408,387,401,415,401,415,408,387,408,sub_line_text,table_text,table_0,courier,regular,7.0,12anp2_20211228_163959_5061690318_600_800.png,/scratch/parceirosbr/bigoilict/share/BigOil/document_generator/datasets/documents_2021_12_28/12anp2_20211228_163959_5061690318_600_800.png,12anp2_20211228_163959_5061690318_600_800_mask.png,8835.13
10,3,20,7,395,411,415,418,395,411,415,411,415,418,395,418,text,table_text,table_0,courier,regular,7.0,12anp2_20211228_163959_5061690318_600_800.png,/scratch/parceirosbr/bigoilict/share/BigOil/document_generator/datasets/documents_2021_12_28/12anp2_20211228_163959_5061690318_600_800.png,12anp2_20211228_163959_5061690318_600_800_mask.png,64.68
10,3,20,7,395,411,415,418,395,411,415,411,415,418,395,418,sub_line_text,table_text,table_0,courier,regular,7.0,12anp2_20211228_163959_5061690318_600_800.png,/scratch/parceirosbr/bigoilict/share/BigOil/document_generator/datasets/documents_2021_12_28/12anp2_20211228_163959_5061690318_600_800.png,12anp2_20211228_163959_5061690318_600_800_mask.png,64.68
14,3,28,7,387,421,415,428,387,421,415,421,415,428,387,428,text,table_text,table_0,courier,regular,7.0,12anp2_20211228_163959_5061690318_600_800.png,/scratch/parceirosbr/bigoilict/share/BigOil/document_generator/datasets/documents_2021_12_28/12anp2_20211228_163959_5061690318_600_800.png,12anp2_20211228_163959_5061690318_600_800_mask.png,5298.74
14,3,28,7,387,421,415,428,387,421,415,421,415,428,387,428,sub_line_text,table_text,table_0,courier,regular,7.0,12anp2_20211228_163959_5061690318_600_800.png,/scratch/parceirosbr/bigoilict/share/BigOil/document_generator/datasets/documents_2021_12_28/12anp2_20211228_163959_5061690318_600_800.png,12anp2_20211228_163959_5061690318_600_800_mask.png,5298.74
14,3,28,7,387,431,415,438,387,431,415,431,415,438,387,438,text,table_text,table_0,courier,regular,7.0,12anp2_20211228_163959_5061690318_600_800.png,/scratch/parceirosbr/bigoilict/share/BigOil/document_generator/datasets/documents_2021_12_28/12anp2_20211228_163959_5061690318_600_800.png,12anp2_20211228_163959_5061690318_600_800_mask.png,7894.63
14,3,28,7,387,431,415,438,387,431,415,431,415,438,387,438,sub_line_text,table_text,table_0,courier,regular,7.0,12anp2_20211228_163959_5061690318_600_800.png,/scratch/parceirosbr/bigoilict/share/BigOil/document_generator/datasets/documents_2021_12_28/12anp2_20211228_163959_5061690318_600_800.png,12anp2_20211228_163959_5061690318_600_800_mask.png,7894.63
10,3,20,7,395,441,415,448,395,441,415,441,415,448,395,448,text,table_text,table_0,courier,regular,7.0,12anp2_20211228_163959_5061690318_600_800.png,/scratch/parceirosbr/bigoilict/share/BigOil/document_generator/datasets/documents_2021_12_28/12anp2_20211228_163959_5061690318_600_800.png,12anp2_20211228_163959_5061690318_600_800_mask.png,86.60
10,3,20,7,395,441,415,448,395,441,415,441,415,448,395,448,sub_line_text,table_text,table_0,courier,regular,7.0,12anp2_20211228_163959_5061690318_600_800.png,/scratch/parceirosbr/bigoilict/share/BigOil/document_generator/datasets/documents_2021_12_28/12anp2_20211228_163959_5061690318_600_800.png,12anp2_20211228_163959_5061690318_600_800_mask.png,86.60
8,3,16,7,399,451,415,458,399,451,415,451,415,458,399,458,text,table_text,table_0,courier,regular,7.0,12anp2_20211228_163959_5061690318_600_800.png,/scratch/parceirosbr/bigoilict/share/BigOil/document_generator/datasets/documents_2021_12_28/12anp2_20211228_163959_5061690318_600_800.png,12anp2_20211228_163959_5061690318_600_800_mask.png,2.82
8,3,16,7,399,451,415,458,399,451,415,451,415,458,399,458,sub_line_text,table_text,table_0,courier,regular,7.0,12anp2_20211228_163959_5061690318_600_800.png,/scratch/parceirosbr/bigoilict/share/BigOil/document_generator/datasets/documents_2021_12_28/12anp2_20211228_163959_5061690318_600_800.png,12anp2_20211228_163959_5061690318_600_800_mask.png,2.82
14,3,28,7,387,461,415,468,387,461,415,461,415,468,387,468,text,table_text,table_0,courier,regular,7.0,12anp2_20211228_163959_5061690318_600_800.png,/scratch/parceirosbr/bigoilict/share/BigOil/document_generator/datasets/documents_2021_12_28/12anp2_20211228_163959_5061690318_600_800.png,12anp2_20211228_163959_5061690318_600_800_mask.png,6667.94
14,3,28,7,387,461,415,468,387,461,415,461,415,468,387,468,sub_line_text,table_text,table_0,courier,regular,7.0,12anp2_20211228_163959_5061690318_600_800.png,/scratch/parceirosbr/bigoilict/share/BigOil/document_generator/datasets/documents_2021_12_28/12anp2_20211228_163959_5061690318_600_800.png,12anp2_20211228_163959_5061690318_600_800_mask.png,6667.94
14,3,28,7,387,471,415,478,387,471,415,471,415,478,387,478,text,table_text,table_0,courier,regular,7.0,12anp2_20211228_163959_5061690318_600_800.png,/scratch/parceirosbr/bigoilict/share/BigOil/document_generator/datasets/documents_2021_12_28/12anp2_20211228_163959_5061690318_600_800.png,12anp2_20211228_163959_5061690318_600_800_mask.png,6248.05
14,3,28,7,387,471,415,478,387,471,415,471,415,478,387,478,sub_line_text,table_text,table_0,courier,regular,7.0,12anp2_20211228_163959_5061690318_600_800.png,/scratch/parceirosbr/bigoilict/share/BigOil/document_generator/datasets/documents_2021_12_28/12anp2_20211228_163959_5061690318_600_800.png,12anp2_20211228_163959_5061690318_600_800_mask.png,6248.05
14,3,28,7,387,481,415,488,387,481,415,481,415,488,387,488,text,table_text,table_0,courier,regular,7.0,12anp2_20211228_163959_5061690318_600_800.png,/scratch/parceirosbr/bigoilict/share/BigOil/document_generator/datasets/documents_2021_12_28/12anp2_20211228_163959_5061690318_600_800.png,12anp2_20211228_163959_5061690318_600_800_mask.png,6432.14
14,3,28,7,387,481,415,488,387,481,415,481,415,488,387,488,sub_line_text,table_text,table_0,courier,regular,7.0,12anp2_20211228_163959_5061690318_600_800.png,/scratch/parceirosbr/bigoilict/share/BigOil/document_generator/datasets/documents_2021_12_28/12anp2_20211228_163959_5061690318_600_800.png,12anp2_20211228_163959_5061690318_600_800_mask.png,6432.14
12,3,24,7,391,491,415,498,391,491,415,491,415,498,391,498,text,table_text,table_0,courier,regular,7.0,12anp2_20211228_163959_5061690318_600_800.png,/scratch/parceirosbr/bigoilict/share/BigOil/document_generator/datasets/documents_2021_12_28/12anp2_20211228_163959_5061690318_600_800.png,12anp2_20211228_163959_5061690318_600_800_mask.png,400.64
12,3,24,7,391,491,415,498,391,491,415,491,415,498,391,498,sub_line_text,table_text,table_0,courier,regular,7.0,12anp2_20211228_163959_5061690318_600_800.png,/scratch/parceirosbr/bigoilict/share/BigOil/document_generator/datasets/documents_2021_12_28/12anp2_20211228_163959_5061690318_600_800.png,12anp2_20211228_163959_5061690318_600_800_mask.png,400.64
20,3,40,7,375,501,415,508,375,501,415,501,415,508,375,508,text,table_text,table_0,courier,regular,7.0,12anp2_20211228_163959_5061690318_600_800.png,/scratch/parceirosbr/bigoilict/share/BigOil/document_generator/datasets/documents_2021_12_28/12anp2_20211228_163959_5061690318_600_800.png,12anp2_20211228_163959_5061690318_600_800_mask.png,1033267.12
20,3,40,7,375,501,415,508,375,501,415,501,415,508,375,508,sub_line_text,table_text,table_0,courier,regular,7.0,12anp2_20211228_163959_5061690318_600_800.png,/scratch/parceirosbr/bigoilict/share/BigOil/document_generator/datasets/documents_2021_12_28/12anp2_20211228_163959_5061690318_600_800.png,12anp2_20211228_163959_5061690318_600_800_mask.png,1033267.12
10,3,20,7,395,511,415,518,395,511,415,511,415,518,395,518,text,table_text,table_0,courier,regular,7.0,12anp2_20211228_163959_5061690318_600_800.png,/scratch/parceirosbr/bigoilict/share/BigOil/document_generator/datasets/documents_2021_12_28/12anp2_20211228_163959_5061690318_600_800.png,12anp2_20211228_163959_5061690318_600_800_mask.png,28.05
10,3,20,7,395,511,415,518,395,511,415,511,415,518,395,518,sub_line_text,table_text,table_0,courier,regular,7.0,12anp2_20211228_163959_5061690318_600_800.png,/scratch/parceirosbr/bigoilict/share/BigOil/document_generator/datasets/documents_2021_12_28/12anp2_20211228_163959_5061690318_600_800.png,12anp2_20211228_163959_5061690318_600_800_mask.png,28.05
14,3,28,7,387,521,415,528,387,521,415,521,415,528,387,528,text,table_text,table_0,courier,regular,7.0,12anp2_20211228_163959_5061690318_600_800.png,/scratch/parceirosbr/bigoilict/share/BigOil/document_generator/datasets/documents_2021_12_28/12anp2_20211228_163959_5061690318_600_800.png,12anp2_20211228_163959_5061690318_600_800_mask.png,5477.32
14,3,28,7,387,521,415,528,387,521,415,521,415,528,387,528,sub_line_text,table_text,table_0,courier,regular,7.0,12anp2_20211228_163959_5061690318_600_800.png,/scratch/parceirosbr/bigoilict/share/BigOil/document_generator/datasets/documents_2021_12_28/12anp2_20211228_163959_5061690318_600_800.png,12anp2_20211228_163959_5061690318_600_800_mask.png,5477.32
7,3,14,7,435,339,449,346,435,339,449,339,449,346,435,346,text,table_text,table_0,courier,bold,7.0,12anp2_20211228_163959_5061690318_600_800.png,/scratch/parceirosbr/bigoilict/share/BigOil/document_generator/datasets/documents_2021_12_28/12anp2_20211228_163959_5061690318_600_800.png,12anp2_20211228_163959_5061690318_600_800_mask.png,por
7,3,14,7,435,339,449,346,435,339,449,339,449,346,435,346,sub_line_text,table_text,table_0,courier,bold,7.0,12anp2_20211228_163959_5061690318_600_800.png,/scratch/parceirosbr/bigoilict/share/BigOil/document_generator/datasets/documents_2021_12_28/12anp2_20211228_163959_5061690318_600_800.png,12anp2_20211228_163959_5061690318_600_800_mask.png,por
8,3,16,7,433,346,449,353,433,346,449,346,449,353,433,353,text,table_text,table_0,courier,bold,7.0,12anp2_20211228_163959_5061690318_600_800.png,/scratch/parceirosbr/bigoilict/share/BigOil/document_generator/datasets/documents_2021_12_28/12anp2_20211228_163959_5061690318_600_800.png,12anp2_20211228_163959_5061690318_600_800_mask.png,óleo
8,3,16,7,433,346,449,353,433,346,449,346,449,353,433,353,sub_line_text,table_text,table_0,courier,bold,7.0,12anp2_20211228_163959_5061690318_600_800.png,/scratch/parceirosbr/bigoilict/share/BigOil/document_generator/datasets/documents_2021_12_28/12anp2_20211228_163959_5061690318_600_800.png,12anp2_20211228_163959_5061690318_600_800_mask.png,óleo
12,3,24,7,425,361,449,368,425,361,449,361,449,368,425,368,text,table_text,table_0,courier,regular,7.0,12anp2_20211228_163959_5061690318_600_800.png,/scratch/parceirosbr/bigoilict/share/BigOil/document_generator/datasets/documents_2021_12_28/12anp2_20211228_163959_5061690318_600_800.png,12anp2_20211228_163959_5061690318_600_800_mask.png,516.36
12,3,24,7,425,361,449,368,425,361,449,361,449,368,425,368,sub_line_text,table_text,table_0,courier,regular,7.0,12anp2_20211228_163959_5061690318_600_800.png,/scratch/parceirosbr/bigoilict/share/BigOil/document_generator/datasets/documents_2021_12_28/12anp2_20211228_163959_5061690318_600_800.png,12anp2_20211228_163959_5061690318_600_800_mask.png,516.36
14,3,28,7,421,371,449,378,421,371,449,371,449,378,421,378,text,table_text,table_0,courier,regular,7.0,12anp2_20211228_163959_5061690318_600_800.png,/scratch/parceirosbr/bigoilict/share/BigOil/document_generator/datasets/documents_2021_12_28/12anp2_20211228_163959_5061690318_600_800.png,12anp2_20211228_163959_5061690318_600_800_mask.png,2312.25
14,3,28,7,421,371,449,378,421,371,449,371,449,378,421,378,sub_line_text,table_text,table_0,courier,regular,7.0,12anp2_20211228_163959_5061690318_600_800.png,/scratch/parceirosbr/bigoilict/share/BigOil/document_generator/datasets/documents_2021_12_28/12anp2_20211228_163959_5061690318_600_800.png,12anp2_20211228_163959_5061690318_600_800_mask.png,2312.25
12,3,24,7,425,381,449,388,425,381,449,381,449,388,425,388,text,table_text,table_0,courier,regular,7.0,12anp2_20211228_163959_5061690318_600_800.png,/scratch/parceirosbr/bigoilict/share/BigOil/document_generator/datasets/documents_2021_12_28/12anp2_20211228_163959_5061690318_600_800.png,12anp2_20211228_163959_5061690318_600_800_mask.png,295.27
12,3,24,7,425,381,449,388,425,381,449,381,449,388,425,388,sub_line_text,table_text,table_0,courier,regular,7.0,12anp2_20211228_163959_5061690318_600_800.png,/scratch/parceirosbr/bigoilict/share/BigOil/document_generator/datasets/documents_2021_12_28/12anp2_20211228_163959_5061690318_600_800.png,12anp2_20211228_163959_5061690318_600_800_mask.png,295.27
14,3,28,7,421,391,449,398,421,391,449,391,449,398,421,398,text,table_text,table_0,courier,regular,7.0,12anp2_20211228_163959_5061690318_600_800.png,/scratch/parceirosbr/bigoilict/share/BigOil/document_generator/datasets/documents_2021_12_28/12anp2_20211228_163959_5061690318_600_800.png,12anp2_20211228_163959_5061690318_600_800_mask.png,7782.06
14,3,28,7,421,391,449,398,421,391,449,391,449,398,421,398,sub_line_text,table_text,table_0,courier,regular,7.0,12anp2_20211228_163959_5061690318_600_800.png,/scratch/parceirosbr/bigoilict/share/BigOil/document_generator/datasets/documents_2021_12_28/12anp2_20211228_163959_5061690318_600_800.png,12anp2_20211228_163959_5061690318_600_800_mask.png,7782.06
14,3,28,7,421,401,449,408,421,401,449,401,449,408,421,408,text,table_text,table_0,courier,regular,7.0,12anp2_20211228_163959_5061690318_600_800.png,/scratch/parceirosbr/bigoilict/share/BigOil/document_generator/datasets/documents_2021_12_28/12anp2_20211228_163959_5061690318_600_800.png,12anp2_20211228_163959_5061690318_600_800_mask.png,4375.19
14,3,28,7,421,401,449,408,421,401,449,401,449,408,421,408,sub_line_text,table_text,table_0,courier,regular,7.0,12anp2_20211228_163959_5061690318_600_800.png,/scratch/parceirosbr/bigoilict/share/BigOil/document_generator/datasets/documents_2021_12_28/12anp2_20211228_163959_5061690318_600_800.png,12anp2_20211228_163959_5061690318_600_800_mask.png,4375.19
14,3,28,7,421,411,449,418,421,411,449,411,449,418,421,418,text,table_text,table_0,courier,regular,7.0,12anp2_20211228_163959_5061690318_600_800.png,/scratch/parceirosbr/bigoilict/share/BigOil/document_generator/datasets/documents_2021_12_28/12anp2_20211228_163959_5061690318_600_800.png,12anp2_20211228_163959_5061690318_600_800_mask.png,5681.00
14,3,28,7,421,411,449,418,421,411,449,411,449,418,421,418,sub_line_text,table_text,table_0,courier,regular,7.0,12anp2_20211228_163959_5061690318_600_800.png,/scratch/parceirosbr/bigoilict/share/BigOil/document_generator/datasets/documents_2021_12_28/12anp2_20211228_163959_5061690318_600_800.png,12anp2_20211228_163959_5061690318_600_800_mask.png,5681.00
12,3,24,7,425,421,449,428,425,421,449,421,449,428,425,428,text,table_text,table_0,courier,regular,7.0,12anp2_20211228_163959_5061690318_600_800.png,/scratch/parceirosbr/bigoilict/share/BigOil/document_generator/datasets/documents_2021_12_28/12anp2_20211228_163959_5061690318_600_800.png,12anp2_20211228_163959_5061690318_600_800_mask.png,934.04
12,3,24,7,425,421,449,428,425,421,449,421,449,428,425,428,sub_line_text,table_text,table_0,courier,regular,7.0,12anp2_20211228_163959_5061690318_600_800.png,/scratch/parceirosbr/bigoilict/share/BigOil/document_generator/datasets/documents_2021_12_28/12anp2_20211228_163959_5061690318_600_800.png,12anp2_20211228_163959_5061690318_600_800_mask.png,934.04
14,3,28,7,421,431,449,438,421,431,449,431,449,438,421,438,text,table_text,table_0,courier,regular,7.0,12anp2_20211228_163959_5061690318_600_800.png,/scratch/parceirosbr/bigoilict/share/BigOil/document_generator/datasets/documents_2021_12_28/12anp2_20211228_163959_5061690318_600_800.png,12anp2_20211228_163959_5061690318_600_800_mask.png,8871.55
14,3,28,7,421,431,449,438,421,431,449,431,449,438,421,438,sub_line_text,table_text,table_0,courier,regular,7.0,12anp2_20211228_163959_5061690318_600_800.png,/scratch/parceirosbr/bigoilict/share/BigOil/document_generator/datasets/documents_2021_12_28/12anp2_20211228_163959_5061690318_600_800.png,12anp2_20211228_163959_5061690318_600_800_mask.png,8871.55
14,3,28,7,421,441,449,448,421,441,449,441,449,448,421,448,text,table_text,table_0,courier,regular,7.0,12anp2_20211228_163959_5061690318_600_800.png,/scratch/parceirosbr/bigoilict/share/BigOil/document_generator/datasets/documents_2021_12_28/12anp2_20211228_163959_5061690318_600_800.png,12anp2_20211228_163959_5061690318_600_800_mask.png,1406.20
14,3,28,7,421,441,449,448,421,441,449,441,449,448,421,448,sub_line_text,table_text,table_0,courier,regular,7.0,12anp2_20211228_163959_5061690318_600_800.png,/scratch/parceirosbr/bigoilict/share/BigOil/document_generator/datasets/documents_2021_12_28/12anp2_20211228_163959_5061690318_600_800.png,12anp2_20211228_163959_5061690318_600_800_mask.png,1406.20
12,3,24,7,425,451,449,458,425,451,449,451,449,458,425,458,text,table_text,table_0,courier,regular,7.0,12anp2_20211228_163959_5061690318_600_800.png,/scratch/parceirosbr/bigoilict/share/BigOil/document_generator/datasets/documents_2021_12_28/12anp2_20211228_163959_5061690318_600_800.png,12anp2_20211228_163959_5061690318_600_800_mask.png,224.73
12,3,24,7,425,451,449,458,425,451,449,451,449,458,425,458,sub_line_text,table_text,table_0,courier,regular,7.0,12anp2_20211228_163959_5061690318_600_800.png,/scratch/parceirosbr/bigoilict/share/BigOil/document_generator/datasets/documents_2021_12_28/12anp2_20211228_163959_5061690318_600_800.png,12anp2_20211228_163959_5061690318_600_800_mask.png,224.73
14,3,28,7,421,461,449,468,421,461,449,461,449,468,421,468,text,table_text,table_0,courier,regular,7.0,12anp2_20211228_163959_5061690318_600_800.png,/scratch/parceirosbr/bigoilict/share/BigOil/document_generator/datasets/documents_2021_12_28/12anp2_20211228_163959_5061690318_600_800.png,12anp2_20211228_163959_5061690318_600_800_mask.png,7257.76
14,3,28,7,421,461,449,468,421,461,449,461,449,468,421,468,sub_line_text,table_text,table_0,courier,regular,7.0,12anp2_20211228_163959_5061690318_600_800.png,/scratch/parceirosbr/bigoilict/share/BigOil/document_generator/datasets/documents_2021_12_28/12anp2_20211228_163959_5061690318_600_800.png,12anp2_20211228_163959_5061690318_600_800_mask.png,7257.76
14,3,28,7,421,471,449,478,421,471,449,471,449,478,421,478,text,table_text,table_0,courier,regular,7.0,12anp2_20211228_163959_5061690318_600_800.png,/scratch/parceirosbr/bigoilict/share/BigOil/document_generator/datasets/documents_2021_12_28/12anp2_20211228_163959_5061690318_600_800.png,12anp2_20211228_163959_5061690318_600_800_mask.png,4751.65
14,3,28,7,421,471,449,478,421,471,449,471,449,478,421,478,sub_line_text,table_text,table_0,courier,regular,7.0,12anp2_20211228_163959_5061690318_600_800.png,/scratch/parceirosbr/bigoilict/share/BigOil/document_generator/datasets/documents_2021_12_28/12anp2_20211228_163959_5061690318_600_800.png,12anp2_20211228_163959_5061690318_600_800_mask.png,4751.65
14,3,28,7,421,481,449,488,421,481,449,481,449,488,421,488,text,table_text,table_0,courier,regular,7.0,12anp2_20211228_163959_5061690318_600_800.png,/scratch/parceirosbr/bigoilict/share/BigOil/document_generator/datasets/documents_2021_12_28/12anp2_20211228_163959_5061690318_600_800.png,12anp2_20211228_163959_5061690318_600_800_mask.png,9541.97
14,3,28,7,421,481,449,488,421,481,449,481,449,488,421,488,sub_line_text,table_text,table_0,courier,regular,7.0,12anp2_20211228_163959_5061690318_600_800.png,/scratch/parceirosbr/bigoilict/share/BigOil/document_generator/datasets/documents_2021_12_28/12anp2_20211228_163959_5061690318_600_800.png,12anp2_20211228_163959_5061690318_600_800_mask.png,9541.97
14,3,28,7,421,491,449,498,421,491,449,491,449,498,421,498,text,table_text,table_0,courier,regular,7.0,12anp2_20211228_163959_5061690318_600_800.png,/scratch/parceirosbr/bigoilict/share/BigOil/document_generator/datasets/documents_2021_12_28/12anp2_20211228_163959_5061690318_600_800.png,12anp2_20211228_163959_5061690318_600_800_mask.png,3773.72
14,3,28,7,421,491,449,498,421,491,449,491,449,498,421,498,sub_line_text,table_text,table_0,courier,regular,7.0,12anp2_20211228_163959_5061690318_600_800.png,/scratch/parceirosbr/bigoilict/share/BigOil/document_generator/datasets/documents_2021_12_28/12anp2_20211228_163959_5061690318_600_800.png,12anp2_20211228_163959_5061690318_600_800_mask.png,3773.72
14,3,28,7,421,501,449,508,421,501,449,501,449,508,421,508,text,table_text,table_0,courier,regular,7.0,12anp2_20211228_163959_5061690318_600_800.png,/scratch/parceirosbr/bigoilict/share/BigOil/document_generator/datasets/documents_2021_12_28/12anp2_20211228_163959_5061690318_600_800.png,12anp2_20211228_163959_5061690318_600_800_mask.png,3634.13
14,3,28,7,421,501,449,508,421,501,449,501,449,508,421,508,sub_line_text,table_text,table_0,courier,regular,7.0,12anp2_20211228_163959_5061690318_600_800.png,/scratch/parceirosbr/bigoilict/share/BigOil/document_generator/datasets/documents_2021_12_28/12anp2_20211228_163959_5061690318_600_800.png,12anp2_20211228_163959_5061690318_600_800_mask.png,3634.13
14,3,28,7,421,511,449,518,421,511,449,511,449,518,421,518,text,table_text,table_0,courier,regular,7.0,12anp2_20211228_163959_5061690318_600_800.png,/scratch/parceirosbr/bigoilict/share/BigOil/document_generator/datasets/documents_2021_12_28/12anp2_20211228_163959_5061690318_600_800.png,12anp2_20211228_163959_5061690318_600_800_mask.png,6217.34
14,3,28,7,421,511,449,518,421,511,449,511,449,518,421,518,sub_line_text,table_text,table_0,courier,regular,7.0,12anp2_20211228_163959_5061690318_600_800.png,/scratch/parceirosbr/bigoilict/share/BigOil/document_generator/datasets/documents_2021_12_28/12anp2_20211228_163959_5061690318_600_800.png,12anp2_20211228_163959_5061690318_600_800_mask.png,6217.34
14,3,28,7,421,521,449,528,421,521,449,521,449,528,421,528,text,table_text,table_0,courier,regular,7.0,12anp2_20211228_163959_5061690318_600_800.png,/scratch/parceirosbr/bigoilict/share/BigOil/document_generator/datasets/documents_2021_12_28/12anp2_20211228_163959_5061690318_600_800.png,12anp2_20211228_163959_5061690318_600_800_mask.png,8691.98
14,3,28,7,421,521,449,528,421,521,449,521,449,528,421,528,sub_line_text,table_text,table_0,courier,regular,7.0,12anp2_20211228_163959_5061690318_600_800.png,/scratch/parceirosbr/bigoilict/share/BigOil/document_generator/datasets/documents_2021_12_28/12anp2_20211228_163959_5061690318_600_800.png,12anp2_20211228_163959_5061690318_600_800_mask.png,8691.98
12,3,24,7,522,339,546,346,522,339,546,339,546,346,522,346,text,table_text,table_0,courier,bold,7.0,12anp2_20211228_163959_5061690318_600_800.png,/scratch/parceirosbr/bigoilict/share/BigOil/document_generator/datasets/documents_2021_12_28/12anp2_20211228_163959_5061690318_600_800.png,12anp2_20211228_163959_5061690318_600_800_mask.png,níquel
12,3,24,7,522,339,546,346,522,339,546,339,546,346,522,346,sub_line_text,table_text,table_0,courier,bold,7.0,12anp2_20211228_163959_5061690318_600_800.png,/scratch/parceirosbr/bigoilict/share/BigOil/document_generator/datasets/documents_2021_12_28/12anp2_20211228_163959_5061690318_600_800.png,12anp2_20211228_163959_5061690318_600_800_mask.png,níquel
6,3,13,7,533,346,546,353,533,346,546,346,546,353,533,353,text,table_text,table_0,courier,bold,7.0,12anp2_20211228_163959_5061690318_600_800.png,/scratch/parceirosbr/bigoilict/share/BigOil/document_generator/datasets/documents_2021_12_28/12anp2_20211228_163959_5061690318_600_800.png,12anp2_20211228_163959_5061690318_600_800_mask.png,uma
6,3,13,7,533,346,546,353,533,346,546,346,546,353,533,353,sub_line_text,table_text,table_0,courier,bold,7.0,12anp2_20211228_163959_5061690318_600_800.png,/scratch/parceirosbr/bigoilict/share/BigOil/document_generator/datasets/documents_2021_12_28/12anp2_20211228_163959_5061690318_600_800.png,12anp2_20211228_163959_5061690318_600_800_mask.png,uma
44,3,88,7,458,361,546,368,458,361,546,361,546,368,458,368,text,table_text,table_0,courier,regular,7.0,12anp2_20211228_163959_5061690318_600_800.png,/scratch/parceirosbr/bigoilict/share/BigOil/document_generator/datasets/documents_2021_12_28/12anp2_20211228_163959_5061690318_600_800.png,12anp2_20211228_163959_5061690318_600_800_mask.png,93081095051454663695.0
44,3,88,7,458,361,546,368,458,361,546,361,546,368,458,368,sub_line_text,table_text,table_0,courier,regular,7.0,12anp2_20211228_163959_5061690318_600_800.png,/scratch/parceirosbr/bigoilict/share/BigOil/document_generator/datasets/documents_2021_12_28/12anp2_20211228_163959_5061690318_600_800.png,12anp2_20211228_163959_5061690318_600_800_mask.png,93081095051454663695.0
44,3,88,7,458,371,546,378,458,371,546,371,546,378,458,378,text,table_text,table_0,courier,regular,7.0,12anp2_20211228_163959_5061690318_600_800.png,/scratch/parceirosbr/bigoilict/share/BigOil/document_generator/datasets/documents_2021_12_28/12anp2_20211228_163959_5061690318_600_800.png,12anp2_20211228_163959_5061690318_600_800_mask.png,33819622138486677538.0
44,3,88,7,458,371,546,378,458,371,546,371,546,378,458,378,sub_line_text,table_text,table_0,courier,regular,7.0,12anp2_20211228_163959_5061690318_600_800.png,/scratch/parceirosbr/bigoilict/share/BigOil/document_generator/datasets/documents_2021_12_28/12anp2_20211228_163959_5061690318_600_800.png,12anp2_20211228_163959_5061690318_600_800_mask.png,33819622138486677538.0
44,3,88,7,458,381,546,388,458,381,546,381,546,388,458,388,text,table_text,table_0,courier,regular,7.0,12anp2_20211228_163959_5061690318_600_800.png,/scratch/parceirosbr/bigoilict/share/BigOil/document_generator/datasets/documents_2021_12_28/12anp2_20211228_163959_5061690318_600_800.png,12anp2_20211228_163959_5061690318_600_800_mask.png,71186533834946886626.9
44,3,88,7,458,381,546,388,458,381,546,381,546,388,458,388,sub_line_text,table_text,table_0,courier,regular,7.0,12anp2_20211228_163959_5061690318_600_800.png,/scratch/parceirosbr/bigoilict/share/BigOil/document_generator/datasets/documents_2021_12_28/12anp2_20211228_163959_5061690318_600_800.png,12anp2_20211228_163959_5061690318_600_800_mask.png,71186533834946886626.9
46,3,92,7,454,391,546,398,454,391,546,391,546,398,454,398,text,table_text,table_0,courier,regular,7.0,12anp2_20211228_163959_5061690318_600_800.png,/scratch/parceirosbr/bigoilict/share/BigOil/document_generator/datasets/documents_2021_12_28/12anp2_20211228_163959_5061690318_600_800.png,12anp2_20211228_163959_5061690318_600_800_mask.png,176886417324419846848.3
46,3,92,7,454,391,546,398,454,391,546,391,546,398,454,398,sub_line_text,table_text,table_0,courier,regular,7.0,12anp2_20211228_163959_5061690318_600_800.png,/scratch/parceirosbr/bigoilict/share/BigOil/document_generator/datasets/documents_2021_12_28/12anp2_20211228_163959_5061690318_600_800.png,12anp2_20211228_163959_5061690318_600_800_mask.png,176886417324419846848.3
44,3,88,7,458,401,546,408,458,401,546,401,546,408,458,408,text,table_text,table_0,courier,regular,7.0,12anp2_20211228_163959_5061690318_600_800.png,/scratch/parceirosbr/bigoilict/share/BigOil/document_generator/datasets/documents_2021_12_28/12anp2_20211228_163959_5061690318_600_800.png,12anp2_20211228_163959_5061690318_600_800_mask.png,92708907156355696236.2
44,3,88,7,458,401,546,408,458,401,546,401,546,408,458,408,sub_line_text,table_text,table_0,courier,regular,7.0,12anp2_20211228_163959_5061690318_600_800.png,/scratch/parceirosbr/bigoilict/share/BigOil/document_generator/datasets/documents_2021_12_28/12anp2_20211228_163959_5061690318_600_800.png,12anp2_20211228_163959_5061690318_600_800_mask.png,92708907156355696236.2
44,3,88,7,458,411,546,418,458,411,546,411,546,418,458,418,text,table_text,table_0,courier,regular,7.0,12anp2_20211228_163959_5061690318_600_800.png,/scratch/parceirosbr/bigoilict/share/BigOil/document_generator/datasets/documents_2021_12_28/12anp2_20211228_163959_5061690318_600_800.png,12anp2_20211228_163959_5061690318_600_800_mask.png,45301239008468490380.8
44,3,88,7,458,411,546,418,458,411,546,411,546,418,458,418,sub_line_text,table_text,table_0,courier,regular,7.0,12anp2_20211228_163959_5061690318_600_800.png,/scratch/parceirosbr/bigoilict/share/BigOil/document_generator/datasets/documents_2021_12_28/12anp2_20211228_163959_5061690318_600_800.png,12anp2_20211228_163959_5061690318_600_800_mask.png,45301239008468490380.8
44,3,88,7,458,421,546,428,458,421,546,421,546,428,458,428,text,table_text,table_0,courier,regular,7.0,12anp2_20211228_163959_5061690318_600_800.png,/scratch/parceirosbr/bigoilict/share/BigOil/document_generator/datasets/documents_2021_12_28/12anp2_20211228_163959_5061690318_600_800.png,12anp2_20211228_163959_5061690318_600_800_mask.png,98236076903980444960.4
44,3,88,7,458,421,546,428,458,421,546,421,546,428,458,428,sub_line_text,table_text,table_0,courier,regular,7.0,12anp2_20211228_163959_5061690318_600_800.png,/scratch/parceirosbr/bigoilict/share/BigOil/document_generator/datasets/documents_2021_12_28/12anp2_20211228_163959_5061690318_600_800.png,12anp2_20211228_163959_5061690318_600_800_mask.png,98236076903980444960.4
46,3,92,7,454,431,546,438,454,431,546,431,546,438,454,438,text,table_text,table_0,courier,regular,7.0,12anp2_20211228_163959_5061690318_600_800.png,/scratch/parceirosbr/bigoilict/share/BigOil/document_generator/datasets/documents_2021_12_28/12anp2_20211228_163959_5061690318_600_800.png,12anp2_20211228_163959_5061690318_600_800_mask.png,441978600527592367711.1
46,3,92,7,454,431,546,438,454,431,546,431,546,438,454,438,sub_line_text,table_text,table_0,courier,regular,7.0,12anp2_20211228_163959_5061690318_600_800.png,/scratch/parceirosbr/bigoilict/share/BigOil/document_generator/datasets/documents_2021_12_28/12anp2_20211228_163959_5061690318_600_800.png,12anp2_20211228_163959_5061690318_600_800_mask.png,441978600527592367711.1
46,3,92,7,454,441,546,448,454,441,546,441,546,448,454,448,text,table_text,table_0,courier,regular,7.0,12anp2_20211228_163959_5061690318_600_800.png,/scratch/parceirosbr/bigoilict/share/BigOil/document_generator/datasets/documents_2021_12_28/12anp2_20211228_163959_5061690318_600_800.png,12anp2_20211228_163959_5061690318_600_800_mask.png,557013101853258885538.3
46,3,92,7,454,441,546,448,454,441,546,441,546,448,454,448,sub_line_text,table_text,table_0,courier,regular,7.0,12anp2_20211228_163959_5061690318_600_800.png,/scratch/parceirosbr/bigoilict/share/BigOil/document_generator/datasets/documents_2021_12_28/12anp2_20211228_163959_5061690318_600_800.png,12anp2_20211228_163959_5061690318_600_800_mask.png,557013101853258885538.3
44,3,88,7,458,451,546,458,458,451,546,451,546,458,458,458,text,table_text,table_0,courier,regular,7.0,12anp2_20211228_163959_5061690318_600_800.png,/scratch/parceirosbr/bigoilict/share/BigOil/document_generator/datasets/documents_2021_12_28/12anp2_20211228_163959_5061690318_600_800.png,12anp2_20211228_163959_5061690318_600_800_mask.png,61324927812400504936.4
44,3,88,7,458,451,546,458,458,451,546,451,546,458,458,458,sub_line_text,table_text,table_0,courier,regular,7.0,12anp2_20211228_163959_5061690318_600_800.png,/scratch/parceirosbr/bigoilict/share/BigOil/document_generator/datasets/documents_2021_12_28/12anp2_20211228_163959_5061690318_600_800.png,12anp2_20211228_163959_5061690318_600_800_mask.png,61324927812400504936.4
46,3,92,7,454,461,546,468,454,461,546,461,546,468,454,468,text,table_text,table_0,courier,regular,7.0,12anp2_20211228_163959_5061690318_600_800.png,/scratch/parceirosbr/bigoilict/share/BigOil/document_generator/datasets/documents_2021_12_28/12anp2_20211228_163959_5061690318_600_800.png,12anp2_20211228_163959_5061690318_600_800_mask.png,252603463442319216752.9
46,3,92,7,454,461,546,468,454,461,546,461,546,468,454,468,sub_line_text,table_text,table_0,courier,regular,7.0,12anp2_20211228_163959_5061690318_600_800.png,/scratch/parceirosbr/bigoilict/share/BigOil/document_generator/datasets/documents_2021_12_28/12anp2_20211228_163959_5061690318_600_800.png,12anp2_20211228_163959_5061690318_600_800_mask.png,252603463442319216752.9
46,3,92,7,454,471,546,478,454,471,546,471,546,478,454,478,text,table_text,table_0,courier,regular,7.0,12anp2_20211228_163959_5061690318_600_800.png,/scratch/parceirosbr/bigoilict/share/BigOil/document_generator/datasets/documents_2021_12_28/12anp2_20211228_163959_5061690318_600_800.png,12anp2_20211228_163959_5061690318_600_800_mask.png,532810339500458240579.1
46,3,92,7,454,471,546,478,454,471,546,471,546,478,454,478,sub_line_text,table_text,table_0,courier,regular,7.0,12anp2_20211228_163959_5061690318_600_800.png,/scratch/parceirosbr/bigoilict/share/BigOil/document_generator/datasets/documents_2021_12_28/12anp2_20211228_163959_5061690318_600_800.png,12anp2_20211228_163959_5061690318_600_800_mask.png,532810339500458240579.1
44,3,88,7,458,481,546,488,458,481,546,481,546,488,458,488,text,table_text,table_0,courier,regular,7.0,12anp2_20211228_163959_5061690318_600_800.png,/scratch/parceirosbr/bigoilict/share/BigOil/document_generator/datasets/documents_2021_12_28/12anp2_20211228_163959_5061690318_600_800.png,12anp2_20211228_163959_5061690318_600_800_mask.png,93100803443755550368.3
44,3,88,7,458,481,546,488,458,481,546,481,546,488,458,488,sub_line_text,table_text,table_0,courier,regular,7.0,12anp2_20211228_163959_5061690318_600_800.png,/scratch/parceirosbr/bigoilict/share/BigOil/document_generator/datasets/documents_2021_12_28/12anp2_20211228_163959_5061690318_600_800.png,12anp2_20211228_163959_5061690318_600_800_mask.png,93100803443755550368.3
44,3,88,7,458,491,546,498,458,491,546,491,546,498,458,498,text,table_text,table_0,courier,regular,7.0,12anp2_20211228_163959_5061690318_600_800.png,/scratch/parceirosbr/bigoilict/share/BigOil/document_generator/datasets/documents_2021_12_28/12anp2_20211228_163959_5061690318_600_800.png,12anp2_20211228_163959_5061690318_600_800_mask.png,93663423756507123773.5
44,3,88,7,458,491,546,498,458,491,546,491,546,498,458,498,sub_line_text,table_text,table_0,courier,regular,7.0,12anp2_20211228_163959_5061690318_600_800.png,/scratch/parceirosbr/bigoilict/share/BigOil/document_generator/datasets/documents_2021_12_28/12anp2_20211228_163959_5061690318_600_800.png,12anp2_20211228_163959_5061690318_600_800_mask.png,93663423756507123773.5
46,3,92,7,454,501,546,508,454,501,546,501,546,508,454,508,text,table_text,table_0,courier,regular,7.0,12anp2_20211228_163959_5061690318_600_800.png,/scratch/parceirosbr/bigoilict/share/BigOil/document_generator/datasets/documents_2021_12_28/12anp2_20211228_163959_5061690318_600_800.png,12anp2_20211228_163959_5061690318_600_800_mask.png,935068299974564652491.1
46,3,92,7,454,501,546,508,454,501,546,501,546,508,454,508,sub_line_text,table_text,table_0,courier,regular,7.0,12anp2_20211228_163959_5061690318_600_800.png,/scratch/parceirosbr/bigoilict/share/BigOil/document_generator/datasets/documents_2021_12_28/12anp2_20211228_163959_5061690318_600_800.png,12anp2_20211228_163959_5061690318_600_800_mask.png,935068299974564652491.1
44,3,88,7,458,511,546,518,458,511,546,511,546,518,458,518,text,table_text,table_0,courier,regular,7.0,12anp2_20211228_163959_5061690318_600_800.png,/scratch/parceirosbr/bigoilict/share/BigOil/document_generator/datasets/documents_2021_12_28/12anp2_20211228_163959_5061690318_600_800.png,12anp2_20211228_163959_5061690318_600_800_mask.png,99414590094126038865.1
44,3,88,7,458,511,546,518,458,511,546,511,546,518,458,518,sub_line_text,table_text,table_0,courier,regular,7.0,12anp2_20211228_163959_5061690318_600_800.png,/scratch/parceirosbr/bigoilict/share/BigOil/document_generator/datasets/documents_2021_12_28/12anp2_20211228_163959_5061690318_600_800.png,12anp2_20211228_163959_5061690318_600_800_mask.png,99414590094126038865.1
44,3,88,7,458,521,546,528,458,521,546,521,546,528,458,528,text,table_text,table_0,courier,regular,7.0,12anp2_20211228_163959_5061690318_600_800.png,/scratch/parceirosbr/bigoilict/share/BigOil/document_generator/datasets/documents_2021_12_28/12anp2_20211228_163959_5061690318_600_800.png,12anp2_20211228_163959_5061690318_600_800_mask.png,30051460872546386385.9
44,3,88,7,458,521,546,528,458,521,546,521,546,528,458,528,sub_line_text,table_text,table_0,courier,regular,7.0,12anp2_20211228_163959_5061690318_600_800.png,/scratch/parceirosbr/bigoilict/share/BigOil/document_generator/datasets/documents_2021_12_28/12anp2_20211228_163959_5061690318_600_800.png,12anp2_20211228_163959_5061690318_600_800_mask.png,30051460872546386385.9
231,4,463,8,87,550,550,558,87,550,550,550,550,558,87,558,sub_line_text,text,text_1,roboto,regular,7,12anp2_20211228_163959_5061690318_600_800.png,/scratch/parceirosbr/bigoilict/share/BigOil/document_generator/datasets/documents_2021_12_28/12anp2_20211228_163959_5061690318_600_800.png,12anp2_20211228_163959_5061690318_600_800_mask.png,"Figure  A  pode  ser  observada  em  todos  os  cruzeiros  e  em  toda  a área de estudo, com exceção do setor norte do cruzeiro de inverno. A or-"
247,4,494,8,57,561,551,569,57,561,551,561,551,569,57,569,sub_line_text,text,text_1,roboto,regular,7,12anp2_20211228_163959_5061690318_600_800.png,/scratch/parceirosbr/bigoilict/share/BigOil/document_generator/datasets/documents_2021_12_28/12anp2_20211228_163959_5061690318_600_800.png,12anp2_20211228_163959_5061690318_600_800_mask.png,"iginalidade  do  trabalho  está  na  comparação  dos  processos  e  matérias-primas  para a produção de biodiesel, realizada a partir das análises e resul-"
246,4,493,8,57,572,550,580,57,572,550,572,550,580,57,580,sub_line_text,text,text_1,roboto,regular,7,12anp2_20211228_163959_5061690318_600_800.png,/scratch/parceirosbr/bigoilict/share/BigOil/document_generator/datasets/documents_2021_12_28/12anp2_20211228_163959_5061690318_600_800.png,12anp2_20211228_163959_5061690318_600_800_mask.png,"tados  do  estudo  de  do  projeto  (mencionado  adiante  na  estrutura  do capítulo 5), além da análise e proposição de políticas públicas para um biodie-"
246,4,493,8,57,583,550,591,57,583,550,583,550,591,57,591,sub_line_text,text,text_1,roboto,regular,7,12anp2_20211228_163959_5061690318_600_800.png,/scratch/parceirosbr/bigoilict/share/BigOil/document_generator/datasets/documents_2021_12_28/12anp2_20211228_163959_5061690318_600_800.png,12anp2_20211228_163959_5061690318_600_800_mask.png,"sel  sustentável  no.  Contudo,  quando  o  sistema  se  encontra  à  pressão  igual  ou  superiora 20 a variação da força motriz já não é signicativa. Como"
246,4,493,8,57,594,550,602,57,594,550,594,550,602,57,602,sub_line_text,text,text_1,roboto,regular,7,12anp2_20211228_163959_5061690318_600_800.png,/scratch/parceirosbr/bigoilict/share/BigOil/document_generator/datasets/documents_2021_12_28/12anp2_20211228_163959_5061690318_600_800.png,12anp2_20211228_163959_5061690318_600_800_mask.png,"pode-se  observar,  a  produção  de  biodiesel  utilizando  a  destilação  reativa  pode  ser  por  meio da transesterificação de óleos vegetais ou da esterif-"
247,4,494,8,57,605,551,613,57,605,551,605,551,613,57,613,sub_line_text,text,text_1,roboto,regular,7,12anp2_20211228_163959_5061690318_600_800.png,/scratch/parceirosbr/bigoilict/share/BigOil/document_generator/datasets/documents_2021_12_28/12anp2_20211228_163959_5061690318_600_800.png,12anp2_20211228_163959_5061690318_600_800_mask.png,"icação  de  ácidos  graxos.  Continuando  a  descrição  de,  são  encontradas brechas semelhantes nos contatos do traquito com o nefelina sienito, onde"
246,4,493,8,57,616,550,624,57,616,550,616,550,624,57,624,sub_line_text,text,text_1,roboto,regular,7,12anp2_20211228_163959_5061690318_600_800.png,/scratch/parceirosbr/bigoilict/share/BigOil/document_generator/datasets/documents_2021_12_28/12anp2_20211228_163959_5061690318_600_800.png,12anp2_20211228_163959_5061690318_600_800_mask.png,"puderam  ser  caracterizadas  como  intrusivas,  constituindo  diques  intrudidos  no  traquito,  com  xenólitos  de  traquito  e  nefelina sienito. Já o óleo c-"
235,4,471,8,57,627,528,635,57,627,528,627,528,635,57,635,sub_line_text,text,text_1,roboto,regular,7,12anp2_20211228_163959_5061690318_600_800.png,/scratch/parceirosbr/bigoilict/share/BigOil/document_generator/datasets/documents_2021_12_28/12anp2_20211228_163959_5061690318_600_800.png,12anp2_20211228_163959_5061690318_600_800_mask.png,"ombustível perderá espaço para o gás natural, a energia nuclear e os renováveis no setor de geração de energia, e para o gás e eletricidade no se."
247,42,494,85,57,550,551,635,57,550,551,550,551,635,57,635,text,text,text_1,roboto,regular,7,12anp2_20211228_163959_5061690318_600_800.png,/scratch/parceirosbr/bigoilict/share/BigOil/document_generator/datasets/documents_2021_12_28/12anp2_20211228_163959_5061690318_600_800.png,12anp2_20211228_163959_5061690318_600_800_mask.png,nan
232,4,464,8,87,642,551,650,87,642,551,642,551,650,87,650,sub_line_text,text,text_2,roboto,regular,7,12anp2_20211228_163959_5061690318_600_800.png,/scratch/parceirosbr/bigoilict/share/BigOil/document_generator/datasets/documents_2021_12_28/12anp2_20211228_163959_5061690318_600_800.png,12anp2_20211228_163959_5061690318_600_800_mask.png,"Localization  Inversal  450,  juntamente  com  seus  equipamentos,  como  a  fonte  ilustrada na. Industrial do de da de amplo uso a nível mundi-"
247,4,494,8,57,653,551,661,57,653,551,653,551,661,57,661,sub_line_text,text,text_2,roboto,regular,7,12anp2_20211228_163959_5061690318_600_800.png,/scratch/parceirosbr/bigoilict/share/BigOil/document_generator/datasets/documents_2021_12_28/12anp2_20211228_163959_5061690318_600_800.png,12anp2_20211228_163959_5061690318_600_800_mask.png,"al  para  estudos  referentes  a  suporte  a  ações  de  resposta  a  derramamentos  de  óleo, avaliação de logística e estratégias de resposta a esses der-"
246,4,493,8,57,664,550,672,57,664,550,664,550,672,57,672,sub_line_text,text,text_2,roboto,regular,7,12anp2_20211228_163959_5061690318_600_800.png,/scratch/parceirosbr/bigoilict/share/BigOil/document_generator/datasets/documents_2021_12_28/12anp2_20211228_163959_5061690318_600_800.png,12anp2_20211228_163959_5061690318_600_800_mask.png,"ramamentos,  análise  de  risco  e  avaliação  de  impactos  et  al.,  1999).  Interpretação:  poluição  por  petróleo  na faixa entre 0,6 e 1,4 (Medeiros, 2000)."
247,4,494,8,57,675,551,683,57,675,551,675,551,683,57,683,sub_line_text,text,text_2,roboto,regular,7,12anp2_20211228_163959_5061690318_600_800.png,/scratch/parceirosbr/bigoilict/share/BigOil/document_generator/datasets/documents_2021_12_28/12anp2_20211228_163959_5061690318_600_800.png,12anp2_20211228_163959_5061690318_600_800_mask.png,"Novos  ramos  na  linha  de  ajuste  estão  sendo  desenvolvidos  de  forma  a  auxiliar  a busca de modelos mais confiáveis, sendo destaque a utilização"
246,4,493,8,57,686,550,694,57,686,550,686,550,694,57,694,sub_line_text,text,text_2,roboto,regular,7,12anp2_20211228_163959_5061690318_600_800.png,/scratch/parceirosbr/bigoilict/share/BigOil/document_generator/datasets/documents_2021_12_28/12anp2_20211228_163959_5061690318_600_800.png,12anp2_20211228_163959_5061690318_600_800_mask.png,da  sísmica.  O  algoritmo  de  supervisionado  é  normalmente  realizado por meio da analise do desempenho do preditor gerado na classificação de no-
246,4,493,8,57,697,550,705,57,697,550,697,550,705,57,705,sub_line_text,text,text_2,roboto,regular,7,12anp2_20211228_163959_5061690318_600_800.png,/scratch/parceirosbr/bigoilict/share/BigOil/document_generator/datasets/documents_2021_12_28/12anp2_20211228_163959_5061690318_600_800.png,12anp2_20211228_163959_5061690318_600_800_mask.png,"vos  dados,  não  apresentados  previamente  em  seu  treinamento  [Lorena  2002].  O  centro  geometrico  e  uma  importante  ferramenta pois serve para"
247,4,494,8,57,708,551,716,57,708,551,708,551,716,57,716,sub_line_text,text,text_2,roboto,regular,7,12anp2_20211228_163959_5061690318_600_800.png,/scratch/parceirosbr/bigoilict/share/BigOil/document_generator/datasets/documents_2021_12_28/12anp2_20211228_163959_5061690318_600_800.png,12anp2_20211228_163959_5061690318_600_800_mask.png,"se  conseguir  lo-calizar  o  centro  de  uma  imagem  captada.  No  com base no seu índice de octano, as gasolinas automotivas têm sido classificadas,"
247,4,494,8,57,719,551,727,57,719,551,719,551,727,57,727,sub_line_text,text,text_2,roboto,regular,7,12anp2_20211228_163959_5061690318_600_800.png,/scratch/parceirosbr/bigoilict/share/BigOil/document_generator/datasets/documents_2021_12_28/12anp2_20211228_163959_5061690318_600_800.png,12anp2_20211228_163959_5061690318_600_800_mask.png,"de  modo  geral,  em  dois  tipos,  de  acordo  com  especificações na gasolinas tipo e tipo podendo ainda ser diferenciadas em e. No entanto, a situação"
237,4,474,8,57,730,531,738,57,730,531,730,531,738,57,738,sub_line_text,text,text_2,roboto,regular,7,12anp2_20211228_163959_5061690318_600_800.png,/scratch/parceirosbr/bigoilict/share/BigOil/document_generator/datasets/documents_2021_12_28/12anp2_20211228_163959_5061690318_600_800.png,12anp2_20211228_163959_5061690318_600_800_mask.png,"é inversa àquela apresentada pelo poço pois os pólens efedroides. No estágio on-line, resolve-se um problema de otimização com restrições, com."
247,48,494,96,57,642,551,738,57,642,551,642,551,738,57,738,text,text,text_2,roboto,regular,7,12anp2_20211228_163959_5061690318_600_800.png,/scratch/parceirosbr/bigoilict/share/BigOil/document_generator/datasets/documents_2021_12_28/12anp2_20211228_163959_5061690318_600_800.png,12anp2_20211228_163959_5061690318_600_800_mask.png,nan
