center_x,center_y,width,height,xmin,ymin,xmax,ymax,top_left_x,top_left_y,top_right_x,top_right_y,bottom_right_x,bottom_right_y,bottom_left_x,bottom_left_y,label,grouplabel,group,text_font,text_style,size_font,filename,path,filename_mask,content
300,400,600,800,0,0,600,800,0,0,600,0,600,800,0,800,document,,,,,,12anp2_20211228_163959_9477950020_600_800.png,/scratch/parceirosbr/bigoilict/share/BigOil/document_generator/datasets/documents_2021_12_28/12anp2_20211228_163959_9477950020_600_800.png,12anp2_20211228_163959_9477950020_600_800_mask.png,
236,2,472,5,78,98,550,103,78,98,550,100,550,103,78,101,line,line,line,,,,12anp2_20211228_163959_9477950020_600_800.png,/scratch/parceirosbr/bigoilict/share/BigOil/document_generator/datasets/documents_2021_12_28/12anp2_20211228_163959_9477950020_600_800.png,12anp2_20211228_163959_9477950020_600_800_mask.png,nan
20,11,41,22,507,64,548,86,507,64,548,64,548,86,507,86,sub_line_text,header,header_1,raleway,bold,18,12anp2_20211228_163959_9477950020_600_800.png,/scratch/parceirosbr/bigoilict/share/BigOil/document_generator/datasets/documents_2021_12_28/12anp2_20211228_163959_9477950020_600_800.png,12anp2_20211228_163959_9477950020_600_800_mask.png,1992
20,11,41,22,507,64,548,86,507,64,548,64,548,86,507,86,text,header,header_1,raleway,bold,18,12anp2_20211228_163959_9477950020_600_800.png,/scratch/parceirosbr/bigoilict/share/BigOil/document_generator/datasets/documents_2021_12_28/12anp2_20211228_163959_9477950020_600_800.png,12anp2_20211228_163959_9477950020_600_800_mask.png,nan
108,11,217,23,269,62,486,85,269,62,486,63,486,85,269,84,sub_line_text,header,header_1,raleway,bold,18,12anp2_20211228_163959_9477950020_600_800.png,/scratch/parceirosbr/bigoilict/share/BigOil/document_generator/datasets/documents_2021_12_28/12anp2_20211228_163959_9477950020_600_800.png,12anp2_20211228_163959_9477950020_600_800_mask.png,Atividade nanopart√≠culas
108,11,217,23,269,62,486,85,269,62,486,63,486,85,269,84,text,header,header_1,raleway,bold,18,12anp2_20211228_163959_9477950020_600_800.png,/scratch/parceirosbr/bigoilict/share/BigOil/document_generator/datasets/documents_2021_12_28/12anp2_20211228_163959_9477950020_600_800.png,12anp2_20211228_163959_9477950020_600_800_mask.png,nan
32,15,64,30,104,62,168,92,104,62,168,62,168,92,104,92,image,image,image,,,,12anp2_20211228_163959_9477950020_600_800.png,/scratch/parceirosbr/bigoilict/share/BigOil/document_generator/datasets/documents_2021_12_28/12anp2_20211228_163959_9477950020_600_800.png,12anp2_20211228_163959_9477950020_600_800_mask.png,/scratch/parceirosbr/bigoilict/share/BigOil/document_generator/files_images_document_generator/logos\image_31.jpg
109,94,218,189,81,109,299,298,81,109,299,110,299,298,81,297,image,figure_image,figure_0,,,,12anp2_20211228_163959_9477950020_600_800.png,/scratch/parceirosbr/bigoilict/share/BigOil/document_generator/datasets/documents_2021_12_28/12anp2_20211228_163959_9477950020_600_800.png,12anp2_20211228_163959_9477950020_600_800_mask.png,output/gen_img_20211228_163959_7009216901.png
-1,-9,-2,-18,220,175,218,157,215,175,218,155,223,157,220,177,text,figure_text,figure_0,,,,12anp2_20211228_163959_9477950020_600_800.png,/scratch/parceirosbr/bigoilict/share/BigOil/document_generator/datasets/documents_2021_12_28/12anp2_20211228_163959_9477950020_600_800.png,12anp2_20211228_163959_9477950020_600_800_mask.png,Data [MB]
-1,-9,-2,-18,220,175,218,157,215,175,218,155,223,157,220,177,sub_line_text,figure_text,figure_0,,,,12anp2_20211228_163959_9477950020_600_800.png,/scratch/parceirosbr/bigoilict/share/BigOil/document_generator/datasets/documents_2021_12_28/12anp2_20211228_163959_9477950020_600_800.png,12anp2_20211228_163959_9477950020_600_800_mask.png,Data [MB]
0,-13,0,-27,118,258,118,231,114,258,118,230,122,231,118,260,text,figure_text,figure_0,,,,12anp2_20211228_163959_9477950020_600_800.png,/scratch/parceirosbr/bigoilict/share/BigOil/document_generator/datasets/documents_2021_12_28/12anp2_20211228_163959_9477950020_600_800.png,12anp2_20211228_163959_9477950020_600_800_mask.png,Concentration
0,-13,0,-27,118,258,118,231,114,258,118,230,122,231,118,260,sub_line_text,figure_text,figure_0,,,,12anp2_20211228_163959_9477950020_600_800.png,/scratch/parceirosbr/bigoilict/share/BigOil/document_generator/datasets/documents_2021_12_28/12anp2_20211228_163959_9477950020_600_800.png,12anp2_20211228_163959_9477950020_600_800_mask.png,Concentration
-1,-4,-2,-8,191,204,189,196,187,204,189,195,193,196,191,205,text,figure_text,figure_0,,,,12anp2_20211228_163959_9477950020_600_800.png,/scratch/parceirosbr/bigoilict/share/BigOil/document_generator/datasets/documents_2021_12_28/12anp2_20211228_163959_9477950020_600_800.png,12anp2_20211228_163959_9477950020_600_800_mask.png,0.44
-1,-4,-2,-8,191,204,189,196,187,204,189,195,193,196,191,205,sub_line_text,figure_text,figure_0,,,,12anp2_20211228_163959_9477950020_600_800.png,/scratch/parceirosbr/bigoilict/share/BigOil/document_generator/datasets/documents_2021_12_28/12anp2_20211228_163959_9477950020_600_800.png,12anp2_20211228_163959_9477950020_600_800_mask.png,0.44
-1,-7,-2,-14,95,194,93,180,90,194,93,179,98,180,95,195,text,figure_text,figure_0,,,,12anp2_20211228_163959_9477950020_600_800.png,/scratch/parceirosbr/bigoilict/share/BigOil/document_generator/datasets/documents_2021_12_28/12anp2_20211228_163959_9477950020_600_800.png,12anp2_20211228_163959_9477950020_600_800_mask.png,-6636.6
-1,-7,-2,-14,95,194,93,180,90,194,93,179,98,180,95,195,sub_line_text,figure_text,figure_0,,,,12anp2_20211228_163959_9477950020_600_800.png,/scratch/parceirosbr/bigoilict/share/BigOil/document_generator/datasets/documents_2021_12_28/12anp2_20211228_163959_9477950020_600_800.png,12anp2_20211228_163959_9477950020_600_800_mask.png,-6636.6
-2,-1,-4,-3,188,168,184,165,183,168,184,163,189,165,188,169,text,figure_text,figure_0,,,,12anp2_20211228_163959_9477950020_600_800.png,/scratch/parceirosbr/bigoilict/share/BigOil/document_generator/datasets/documents_2021_12_28/12anp2_20211228_163959_9477950020_600_800.png,12anp2_20211228_163959_9477950020_600_800_mask.png,-5
-2,-1,-4,-3,188,168,184,165,183,168,184,163,189,165,188,169,sub_line_text,figure_text,figure_0,,,,12anp2_20211228_163959_9477950020_600_800.png,/scratch/parceirosbr/bigoilict/share/BigOil/document_generator/datasets/documents_2021_12_28/12anp2_20211228_163959_9477950020_600_800.png,12anp2_20211228_163959_9477950020_600_800_mask.png,-5
-1,-5,-3,-10,112,185,109,175,107,185,109,174,114,175,112,186,text,figure_text,figure_0,,,,12anp2_20211228_163959_9477950020_600_800.png,/scratch/parceirosbr/bigoilict/share/BigOil/document_generator/datasets/documents_2021_12_28/12anp2_20211228_163959_9477950020_600_800.png,12anp2_20211228_163959_9477950020_600_800_mask.png,-2365
-1,-5,-3,-10,112,185,109,175,107,185,109,174,114,175,112,186,sub_line_text,figure_text,figure_0,,,,12anp2_20211228_163959_9477950020_600_800.png,/scratch/parceirosbr/bigoilict/share/BigOil/document_generator/datasets/documents_2021_12_28/12anp2_20211228_163959_9477950020_600_800.png,12anp2_20211228_163959_9477950020_600_800_mask.png,-2365
61,6,122,12,143,305,265,317,143,305,265,305,265,317,143,317,sub_line_text,text,text_0,raleway,regular,9,12anp2_20211228_163959_9477950020_600_800.png,/scratch/parceirosbr/bigoilict/share/BigOil/document_generator/datasets/documents_2021_12_28/12anp2_20211228_163959_9477950020_600_800.png,12anp2_20211228_163959_9477950020_600_800_mask.png,"Nesse sentido, cabe observar."
61,6,122,12,143,305,265,317,143,305,265,305,265,317,143,317,text,text,text_0,raleway,regular,9,12anp2_20211228_163959_9477950020_600_800.png,/scratch/parceirosbr/bigoilict/share/BigOil/document_generator/datasets/documents_2021_12_28/12anp2_20211228_163959_9477950020_600_800.png,12anp2_20211228_163959_9477950020_600_800_mask.png,nan
109,94,218,189,326,109,544,298,326,109,544,110,544,298,326,297,image,figure_image,figure_3,,,,12anp2_20211228_163959_9477950020_600_800.png,/scratch/parceirosbr/bigoilict/share/BigOil/document_generator/datasets/documents_2021_12_28/12anp2_20211228_163959_9477950020_600_800.png,12anp2_20211228_163959_9477950020_600_800_mask.png,output/gen_img_20211228_164000_3875279558.png
11,5,23,11,452,258,475,269,453,258,475,262,474,269,452,265,text,figure_text,figure_3,,,,12anp2_20211228_163959_9477950020_600_800.png,/scratch/parceirosbr/bigoilict/share/BigOil/document_generator/datasets/documents_2021_12_28/12anp2_20211228_163959_9477950020_600_800.png,12anp2_20211228_163959_9477950020_600_800_mask.png,-735.5%
11,5,23,11,452,258,475,269,453,258,475,262,474,269,452,265,sub_line_text,figure_text,figure_3,,,,12anp2_20211228_163959_9477950020_600_800.png,/scratch/parceirosbr/bigoilict/share/BigOil/document_generator/datasets/documents_2021_12_28/12anp2_20211228_163959_9477950020_600_800.png,12anp2_20211228_163959_9477950020_600_800_mask.png,-735.5%
10,5,20,11,414,260,434,271,416,260,434,264,433,271,414,266,text,figure_text,figure_3,,,,12anp2_20211228_163959_9477950020_600_800.png,/scratch/parceirosbr/bigoilict/share/BigOil/document_generator/datasets/documents_2021_12_28/12anp2_20211228_163959_9477950020_600_800.png,12anp2_20211228_163959_9477950020_600_800_mask.png,Videos
10,5,20,11,414,260,434,271,416,260,434,264,433,271,414,266,sub_line_text,figure_text,figure_3,,,,12anp2_20211228_163959_9477950020_600_800.png,/scratch/parceirosbr/bigoilict/share/BigOil/document_generator/datasets/documents_2021_12_28/12anp2_20211228_163959_9477950020_600_800.png,12anp2_20211228_163959_9477950020_600_800_mask.png,Videos
17,5,34,10,421,124,455,134,422,124,455,126,455,134,421,132,text,figure_text,figure_3,,,,12anp2_20211228_163959_9477950020_600_800.png,/scratch/parceirosbr/bigoilict/share/BigOil/document_generator/datasets/documents_2021_12_28/12anp2_20211228_163959_9477950020_600_800.png,12anp2_20211228_163959_9477950020_600_800_mask.png,Gender [BL]
17,5,34,10,421,124,455,134,422,124,455,126,455,134,421,132,sub_line_text,figure_text,figure_3,,,,12anp2_20211228_163959_9477950020_600_800.png,/scratch/parceirosbr/bigoilict/share/BigOil/document_generator/datasets/documents_2021_12_28/12anp2_20211228_163959_9477950020_600_800.png,12anp2_20211228_163959_9477950020_600_800_mask.png,Gender [BL]
10,2,20,5,408,150,428,155,407,150,428,148,429,155,408,157,text,figure_text,figure_3,,,,12anp2_20211228_163959_9477950020_600_800.png,/scratch/parceirosbr/bigoilict/share/BigOil/document_generator/datasets/documents_2021_12_28/12anp2_20211228_163959_9477950020_600_800.png,12anp2_20211228_163959_9477950020_600_800_mask.png,-7989.8
10,2,20,5,408,150,428,155,407,150,428,148,429,155,408,157,sub_line_text,figure_text,figure_3,,,,12anp2_20211228_163959_9477950020_600_800.png,/scratch/parceirosbr/bigoilict/share/BigOil/document_generator/datasets/documents_2021_12_28/12anp2_20211228_163959_9477950020_600_800.png,12anp2_20211228_163959_9477950020_600_800_mask.png,-7989.8
8,3,16,7,489,205,505,212,489,205,505,205,505,212,489,212,text,figure_text,figure_3,,,,12anp2_20211228_163959_9477950020_600_800.png,/scratch/parceirosbr/bigoilict/share/BigOil/document_generator/datasets/documents_2021_12_28/12anp2_20211228_163959_9477950020_600_800.png,12anp2_20211228_163959_9477950020_600_800_mask.png,-3035
8,3,16,7,489,205,505,212,489,205,505,205,505,212,489,212,sub_line_text,figure_text,figure_3,,,,12anp2_20211228_163959_9477950020_600_800.png,/scratch/parceirosbr/bigoilict/share/BigOil/document_generator/datasets/documents_2021_12_28/12anp2_20211228_163959_9477950020_600_800.png,12anp2_20211228_163959_9477950020_600_800_mask.png,-3035
10,1,20,3,399,122,419,125,398,122,419,117,420,125,399,129,text,figure_text,figure_3,,,,12anp2_20211228_163959_9477950020_600_800.png,/scratch/parceirosbr/bigoilict/share/BigOil/document_generator/datasets/documents_2021_12_28/12anp2_20211228_163959_9477950020_600_800.png,12anp2_20211228_163959_9477950020_600_800_mask.png,Control
10,1,20,3,399,122,419,125,398,122,419,117,420,125,399,129,sub_line_text,figure_text,figure_3,,,,12anp2_20211228_163959_9477950020_600_800.png,/scratch/parceirosbr/bigoilict/share/BigOil/document_generator/datasets/documents_2021_12_28/12anp2_20211228_163959_9477950020_600_800.png,12anp2_20211228_163959_9477950020_600_800_mask.png,Control
11,5,22,10,429,146,451,156,430,146,451,149,450,156,429,153,text,figure_text,figure_3,,,,12anp2_20211228_163959_9477950020_600_800.png,/scratch/parceirosbr/bigoilict/share/BigOil/document_generator/datasets/documents_2021_12_28/12anp2_20211228_163959_9477950020_600_800.png,12anp2_20211228_163959_9477950020_600_800_mask.png,-4487.4
11,5,22,10,429,146,451,156,430,146,451,149,450,156,429,153,sub_line_text,figure_text,figure_3,,,,12anp2_20211228_163959_9477950020_600_800.png,/scratch/parceirosbr/bigoilict/share/BigOil/document_generator/datasets/documents_2021_12_28/12anp2_20211228_163959_9477950020_600_800.png,12anp2_20211228_163959_9477950020_600_800_mask.png,-4487.4
10,5,21,11,500,267,521,278,501,267,521,271,520,278,500,274,text,figure_text,figure_3,,,,12anp2_20211228_163959_9477950020_600_800.png,/scratch/parceirosbr/bigoilict/share/BigOil/document_generator/datasets/documents_2021_12_28/12anp2_20211228_163959_9477950020_600_800.png,12anp2_20211228_163959_9477950020_600_800_mask.png,-7971.7
10,5,21,11,500,267,521,278,501,267,521,271,520,278,500,274,sub_line_text,figure_text,figure_3,,,,12anp2_20211228_163959_9477950020_600_800.png,/scratch/parceirosbr/bigoilict/share/BigOil/document_generator/datasets/documents_2021_12_28/12anp2_20211228_163959_9477950020_600_800.png,12anp2_20211228_163959_9477950020_600_800_mask.png,-7971.7
14,4,29,9,358,284,387,293,358,284,387,286,386,293,358,291,text,figure_text,figure_3,,,,12anp2_20211228_163959_9477950020_600_800.png,/scratch/parceirosbr/bigoilict/share/BigOil/document_generator/datasets/documents_2021_12_28/12anp2_20211228_163959_9477950020_600_800.png,12anp2_20211228_163959_9477950020_600_800_mask.png,-6282.89%
14,4,29,9,358,284,387,293,358,284,387,286,386,293,358,291,sub_line_text,figure_text,figure_3,,,,12anp2_20211228_163959_9477950020_600_800.png,/scratch/parceirosbr/bigoilict/share/BigOil/document_generator/datasets/documents_2021_12_28/12anp2_20211228_163959_9477950020_600_800.png,12anp2_20211228_163959_9477950020_600_800_mask.png,-6282.89%
10,4,21,9,512,172,533,181,512,172,533,174,533,181,512,179,text,figure_text,figure_3,,,,12anp2_20211228_163959_9477950020_600_800.png,/scratch/parceirosbr/bigoilict/share/BigOil/document_generator/datasets/documents_2021_12_28/12anp2_20211228_163959_9477950020_600_800.png,12anp2_20211228_163959_9477950020_600_800_mask.png,-4527.8
10,4,21,9,512,172,533,181,512,172,533,174,533,181,512,179,sub_line_text,figure_text,figure_3,,,,12anp2_20211228_163959_9477950020_600_800.png,/scratch/parceirosbr/bigoilict/share/BigOil/document_generator/datasets/documents_2021_12_28/12anp2_20211228_163959_9477950020_600_800.png,12anp2_20211228_163959_9477950020_600_800_mask.png,-4527.8
12,3,24,6,453,149,477,155,453,149,477,148,478,155,453,156,text,figure_text,figure_3,,,,12anp2_20211228_163959_9477950020_600_800.png,/scratch/parceirosbr/bigoilict/share/BigOil/document_generator/datasets/documents_2021_12_28/12anp2_20211228_163959_9477950020_600_800.png,12anp2_20211228_163959_9477950020_600_800_mask.png,-3242.58
12,3,24,6,453,149,477,155,453,149,477,148,478,155,453,156,sub_line_text,figure_text,figure_3,,,,12anp2_20211228_163959_9477950020_600_800.png,/scratch/parceirosbr/bigoilict/share/BigOil/document_generator/datasets/documents_2021_12_28/12anp2_20211228_163959_9477950020_600_800.png,12anp2_20211228_163959_9477950020_600_800_mask.png,-3242.58
12,0,24,0,469,120,493,120,466,120,493,112,495,120,469,127,text,figure_text,figure_3,,,,12anp2_20211228_163959_9477950020_600_800.png,/scratch/parceirosbr/bigoilict/share/BigOil/document_generator/datasets/documents_2021_12_28/12anp2_20211228_163959_9477950020_600_800.png,12anp2_20211228_163959_9477950020_600_800_mask.png,Level [kw]
12,0,24,0,469,120,493,120,466,120,493,112,495,120,469,127,sub_line_text,figure_text,figure_3,,,,12anp2_20211228_163959_9477950020_600_800.png,/scratch/parceirosbr/bigoilict/share/BigOil/document_generator/datasets/documents_2021_12_28/12anp2_20211228_163959_9477950020_600_800.png,12anp2_20211228_163959_9477950020_600_800_mask.png,Level [kw]
10,1,20,3,328,273,348,276,326,273,348,267,350,276,328,281,text,figure_text,figure_3,,,,12anp2_20211228_163959_9477950020_600_800.png,/scratch/parceirosbr/bigoilict/share/BigOil/document_generator/datasets/documents_2021_12_28/12anp2_20211228_163959_9477950020_600_800.png,12anp2_20211228_163959_9477950020_600_800_mask.png,Average
10,1,20,3,328,273,348,276,326,273,348,267,350,276,328,281,sub_line_text,figure_text,figure_3,,,,12anp2_20211228_163959_9477950020_600_800.png,/scratch/parceirosbr/bigoilict/share/BigOil/document_generator/datasets/documents_2021_12_28/12anp2_20211228_163959_9477950020_600_800.png,12anp2_20211228_163959_9477950020_600_800_mask.png,Average
14,7,28,15,385,198,413,213,387,198,413,206,411,213,385,206,text,figure_text,figure_3,,,,12anp2_20211228_163959_9477950020_600_800.png,/scratch/parceirosbr/bigoilict/share/BigOil/document_generator/datasets/documents_2021_12_28/12anp2_20211228_163959_9477950020_600_800.png,12anp2_20211228_163959_9477950020_600_800_mask.png,Data [GB]
14,7,28,15,385,198,413,213,387,198,413,206,411,213,385,206,sub_line_text,figure_text,figure_3,,,,12anp2_20211228_163959_9477950020_600_800.png,/scratch/parceirosbr/bigoilict/share/BigOil/document_generator/datasets/documents_2021_12_28/12anp2_20211228_163959_9477950020_600_800.png,12anp2_20211228_163959_9477950020_600_800_mask.png,Data [GB]
12,3,25,6,410,238,435,244,410,238,435,236,434,244,410,246,text,figure_text,figure_3,,,,12anp2_20211228_163959_9477950020_600_800.png,/scratch/parceirosbr/bigoilict/share/BigOil/document_generator/datasets/documents_2021_12_28/12anp2_20211228_163959_9477950020_600_800.png,12anp2_20211228_163959_9477950020_600_800_mask.png,Male [M]
12,3,25,6,410,238,435,244,410,238,435,236,434,244,410,246,sub_line_text,figure_text,figure_3,,,,12anp2_20211228_163959_9477950020_600_800.png,/scratch/parceirosbr/bigoilict/share/BigOil/document_generator/datasets/documents_2021_12_28/12anp2_20211228_163959_9477950020_600_800.png,12anp2_20211228_163959_9477950020_600_800_mask.png,Male [M]
235,95,470,190,77,325,547,515,78,325,547,327,546,515,77,513,table,table_image,table_0,,,,12anp2_20211228_163959_9477950020_600_800.png,/scratch/parceirosbr/bigoilict/share/BigOil/document_generator/datasets/documents_2021_12_28/12anp2_20211228_163959_9477950020_600_800.png,12anp2_20211228_163959_9477950020_600_800_mask.png,output/gen_tab_20211228_164003_2065642082.png
2,6,4,12,134,329,138,341,134,329,138,329,138,341,134,341,text,table_text,table_0,arial,italic,9.0,12anp2_20211228_163959_9477950020_600_800.png,/scratch/parceirosbr/bigoilict/share/BigOil/document_generator/datasets/documents_2021_12_28/12anp2_20211228_163959_9477950020_600_800.png,12anp2_20211228_163959_9477950020_600_800_mask.png,√©
2,6,4,12,134,329,138,341,134,329,138,329,138,341,134,341,sub_line_text,table_text,table_0,arial,italic,9.0,12anp2_20211228_163959_9477950020_600_800.png,/scratch/parceirosbr/bigoilict/share/BigOil/document_generator/datasets/documents_2021_12_28/12anp2_20211228_163959_9477950020_600_800.png,12anp2_20211228_163959_9477950020_600_800_mask.png,√©
13,6,27,12,111,343,138,355,111,343,138,343,138,355,111,355,text,table_text,table_0,arial,regular,9.0,12anp2_20211228_163959_9477950020_600_800.png,/scratch/parceirosbr/bigoilict/share/BigOil/document_generator/datasets/documents_2021_12_28/12anp2_20211228_163959_9477950020_600_800.png,12anp2_20211228_163959_9477950020_600_800_mask.png,6.3443
13,6,27,12,111,343,138,355,111,343,138,343,138,355,111,355,sub_line_text,table_text,table_0,arial,regular,9.0,12anp2_20211228_163959_9477950020_600_800.png,/scratch/parceirosbr/bigoilict/share/BigOil/document_generator/datasets/documents_2021_12_28/12anp2_20211228_163959_9477950020_600_800.png,12anp2_20211228_163959_9477950020_600_800_mask.png,6.3443
13,6,27,12,111,357,138,369,111,357,138,357,138,369,111,369,text,table_text,table_0,arial,regular,9.0,12anp2_20211228_163959_9477950020_600_800.png,/scratch/parceirosbr/bigoilict/share/BigOil/document_generator/datasets/documents_2021_12_28/12anp2_20211228_163959_9477950020_600_800.png,12anp2_20211228_163959_9477950020_600_800_mask.png,4.6697
13,6,27,12,111,357,138,369,111,357,138,357,138,369,111,369,sub_line_text,table_text,table_0,arial,regular,9.0,12anp2_20211228_163959_9477950020_600_800.png,/scratch/parceirosbr/bigoilict/share/BigOil/document_generator/datasets/documents_2021_12_28/12anp2_20211228_163959_9477950020_600_800.png,12anp2_20211228_163959_9477950020_600_800_mask.png,4.6697
18,6,37,12,101,371,138,383,101,371,138,371,138,383,101,383,text,table_text,table_0,arial,regular,9.0,12anp2_20211228_163959_9477950020_600_800.png,/scratch/parceirosbr/bigoilict/share/BigOil/document_generator/datasets/documents_2021_12_28/12anp2_20211228_163959_9477950020_600_800.png,12anp2_20211228_163959_9477950020_600_800_mask.png,372.1661
18,6,37,12,101,371,138,383,101,371,138,371,138,383,101,383,sub_line_text,table_text,table_0,arial,regular,9.0,12anp2_20211228_163959_9477950020_600_800.png,/scratch/parceirosbr/bigoilict/share/BigOil/document_generator/datasets/documents_2021_12_28/12anp2_20211228_163959_9477950020_600_800.png,12anp2_20211228_163959_9477950020_600_800_mask.png,372.1661
16,6,32,12,106,385,138,397,106,385,138,385,138,397,106,397,text,table_text,table_0,arial,regular,9.0,12anp2_20211228_163959_9477950020_600_800.png,/scratch/parceirosbr/bigoilict/share/BigOil/document_generator/datasets/documents_2021_12_28/12anp2_20211228_163959_9477950020_600_800.png,12anp2_20211228_163959_9477950020_600_800_mask.png,75.3650
16,6,32,12,106,385,138,397,106,385,138,385,138,397,106,397,sub_line_text,table_text,table_0,arial,regular,9.0,12anp2_20211228_163959_9477950020_600_800.png,/scratch/parceirosbr/bigoilict/share/BigOil/document_generator/datasets/documents_2021_12_28/12anp2_20211228_163959_9477950020_600_800.png,12anp2_20211228_163959_9477950020_600_800_mask.png,75.3650
18,6,37,12,101,399,138,411,101,399,138,399,138,411,101,411,text,table_text,table_0,arial,regular,9.0,12anp2_20211228_163959_9477950020_600_800.png,/scratch/parceirosbr/bigoilict/share/BigOil/document_generator/datasets/documents_2021_12_28/12anp2_20211228_163959_9477950020_600_800.png,12anp2_20211228_163959_9477950020_600_800_mask.png,293.0854
18,6,37,12,101,399,138,411,101,399,138,399,138,411,101,411,sub_line_text,table_text,table_0,arial,regular,9.0,12anp2_20211228_163959_9477950020_600_800.png,/scratch/parceirosbr/bigoilict/share/BigOil/document_generator/datasets/documents_2021_12_28/12anp2_20211228_163959_9477950020_600_800.png,12anp2_20211228_163959_9477950020_600_800_mask.png,293.0854
18,6,37,12,101,413,138,425,101,413,138,413,138,425,101,425,text,table_text,table_0,arial,regular,9.0,12anp2_20211228_163959_9477950020_600_800.png,/scratch/parceirosbr/bigoilict/share/BigOil/document_generator/datasets/documents_2021_12_28/12anp2_20211228_163959_9477950020_600_800.png,12anp2_20211228_163959_9477950020_600_800_mask.png,217.1250
18,6,37,12,101,413,138,425,101,413,138,413,138,425,101,425,sub_line_text,table_text,table_0,arial,regular,9.0,12anp2_20211228_163959_9477950020_600_800.png,/scratch/parceirosbr/bigoilict/share/BigOil/document_generator/datasets/documents_2021_12_28/12anp2_20211228_163959_9477950020_600_800.png,12anp2_20211228_163959_9477950020_600_800_mask.png,217.1250
18,6,37,12,101,427,138,439,101,427,138,427,138,439,101,439,text,table_text,table_0,arial,regular,9.0,12anp2_20211228_163959_9477950020_600_800.png,/scratch/parceirosbr/bigoilict/share/BigOil/document_generator/datasets/documents_2021_12_28/12anp2_20211228_163959_9477950020_600_800.png,12anp2_20211228_163959_9477950020_600_800_mask.png,153.0213
18,6,37,12,101,427,138,439,101,427,138,427,138,439,101,439,sub_line_text,table_text,table_0,arial,regular,9.0,12anp2_20211228_163959_9477950020_600_800.png,/scratch/parceirosbr/bigoilict/share/BigOil/document_generator/datasets/documents_2021_12_28/12anp2_20211228_163959_9477950020_600_800.png,12anp2_20211228_163959_9477950020_600_800_mask.png,153.0213
16,6,32,12,106,441,138,453,106,441,138,441,138,453,106,453,text,table_text,table_0,arial,regular,9.0,12anp2_20211228_163959_9477950020_600_800.png,/scratch/parceirosbr/bigoilict/share/BigOil/document_generator/datasets/documents_2021_12_28/12anp2_20211228_163959_9477950020_600_800.png,12anp2_20211228_163959_9477950020_600_800_mask.png,67.1654
16,6,32,12,106,441,138,453,106,441,138,441,138,453,106,453,sub_line_text,table_text,table_0,arial,regular,9.0,12anp2_20211228_163959_9477950020_600_800.png,/scratch/parceirosbr/bigoilict/share/BigOil/document_generator/datasets/documents_2021_12_28/12anp2_20211228_163959_9477950020_600_800.png,12anp2_20211228_163959_9477950020_600_800_mask.png,67.1654
18,6,37,12,101,455,138,467,101,455,138,455,138,467,101,467,text,table_text,table_0,arial,regular,9.0,12anp2_20211228_163959_9477950020_600_800.png,/scratch/parceirosbr/bigoilict/share/BigOil/document_generator/datasets/documents_2021_12_28/12anp2_20211228_163959_9477950020_600_800.png,12anp2_20211228_163959_9477950020_600_800_mask.png,706.0313
18,6,37,12,101,455,138,467,101,455,138,455,138,467,101,467,sub_line_text,table_text,table_0,arial,regular,9.0,12anp2_20211228_163959_9477950020_600_800.png,/scratch/parceirosbr/bigoilict/share/BigOil/document_generator/datasets/documents_2021_12_28/12anp2_20211228_163959_9477950020_600_800.png,12anp2_20211228_163959_9477950020_600_800_mask.png,706.0313
16,6,32,12,106,469,138,481,106,469,138,469,138,481,106,481,text,table_text,table_0,arial,regular,9.0,12anp2_20211228_163959_9477950020_600_800.png,/scratch/parceirosbr/bigoilict/share/BigOil/document_generator/datasets/documents_2021_12_28/12anp2_20211228_163959_9477950020_600_800.png,12anp2_20211228_163959_9477950020_600_800_mask.png,78.9038
16,6,32,12,106,469,138,481,106,469,138,469,138,481,106,481,sub_line_text,table_text,table_0,arial,regular,9.0,12anp2_20211228_163959_9477950020_600_800.png,/scratch/parceirosbr/bigoilict/share/BigOil/document_generator/datasets/documents_2021_12_28/12anp2_20211228_163959_9477950020_600_800.png,12anp2_20211228_163959_9477950020_600_800_mask.png,78.9038
16,6,32,12,105,483,137,495,105,483,137,483,137,495,105,495,text,table_text,table_0,arial,regular,9.0,12anp2_20211228_163959_9477950020_600_800.png,/scratch/parceirosbr/bigoilict/share/BigOil/document_generator/datasets/documents_2021_12_28/12anp2_20211228_163959_9477950020_600_800.png,12anp2_20211228_163959_9477950020_600_800_mask.png,72.0042
16,6,32,12,105,483,137,495,105,483,137,483,137,495,105,495,sub_line_text,table_text,table_0,arial,regular,9.0,12anp2_20211228_163959_9477950020_600_800.png,/scratch/parceirosbr/bigoilict/share/BigOil/document_generator/datasets/documents_2021_12_28/12anp2_20211228_163959_9477950020_600_800.png,12anp2_20211228_163959_9477950020_600_800_mask.png,72.0042
13,6,27,12,509,499,536,511,509,499,536,499,536,511,509,511,text,table_text,table_0,arial,regular,9.0,12anp2_20211228_163959_9477950020_600_800.png,/scratch/parceirosbr/bigoilict/share/BigOil/document_generator/datasets/documents_2021_12_28/12anp2_20211228_163959_9477950020_600_800.png,12anp2_20211228_163959_9477950020_600_800_mask.png,7.8229
13,6,27,12,509,499,536,511,509,499,536,499,536,511,509,511,sub_line_text,table_text,table_0,arial,regular,9.0,12anp2_20211228_163959_9477950020_600_800.png,/scratch/parceirosbr/bigoilict/share/BigOil/document_generator/datasets/documents_2021_12_28/12anp2_20211228_163959_9477950020_600_800.png,12anp2_20211228_163959_9477950020_600_800_mask.png,7.8229
22,6,45,12,154,329,199,341,154,329,199,329,199,341,154,341,text,table_text,table_0,arial,italic,9.0,12anp2_20211228_163959_9477950020_600_800.png,/scratch/parceirosbr/bigoilict/share/BigOil/document_generator/datasets/documents_2021_12_28/12anp2_20211228_163959_9477950020_600_800.png,12anp2_20211228_163959_9477950020_600_800_mask.png,combust√£o
22,6,45,12,154,329,199,341,154,329,199,329,199,341,154,341,sub_line_text,table_text,table_0,arial,italic,9.0,12anp2_20211228_163959_9477950020_600_800.png,/scratch/parceirosbr/bigoilict/share/BigOil/document_generator/datasets/documents_2021_12_28/12anp2_20211228_163959_9477950020_600_800.png,12anp2_20211228_163959_9477950020_600_800_mask.png,combust√£o
19,6,38,12,158,343,196,355,158,343,196,343,196,355,158,355,text,table_text,table_0,arial,regular,9.0,12anp2_20211228_163959_9477950020_600_800.png,/scratch/parceirosbr/bigoilict/share/BigOil/document_generator/datasets/documents_2021_12_28/12anp2_20211228_163959_9477950020_600_800.png,12anp2_20211228_163959_9477950020_600_800_mask.png,amostras
19,6,38,12,158,343,196,355,158,343,196,343,196,355,158,355,sub_line_text,table_text,table_0,arial,regular,9.0,12anp2_20211228_163959_9477950020_600_800.png,/scratch/parceirosbr/bigoilict/share/BigOil/document_generator/datasets/documents_2021_12_28/12anp2_20211228_163959_9477950020_600_800.png,12anp2_20211228_163959_9477950020_600_800_mask.png,amostras
15,6,30,12,162,357,192,369,162,357,192,357,192,369,162,369,text,table_text,table_0,arial,regular,9.0,12anp2_20211228_163959_9477950020_600_800.png,/scratch/parceirosbr/bigoilict/share/BigOil/document_generator/datasets/documents_2021_12_28/12anp2_20211228_163959_9477950020_600_800.png,12anp2_20211228_163959_9477950020_600_800_mask.png,mistura
15,6,30,12,162,357,192,369,162,357,192,357,192,369,162,369,sub_line_text,table_text,table_0,arial,regular,9.0,12anp2_20211228_163959_9477950020_600_800.png,/scratch/parceirosbr/bigoilict/share/BigOil/document_generator/datasets/documents_2021_12_28/12anp2_20211228_163959_9477950020_600_800.png,12anp2_20211228_163959_9477950020_600_800_mask.png,mistura
15,6,30,12,162,371,192,383,162,371,192,371,192,383,162,383,text,table_text,table_0,arial,regular,9.0,12anp2_20211228_163959_9477950020_600_800.png,/scratch/parceirosbr/bigoilict/share/BigOil/document_generator/datasets/documents_2021_12_28/12anp2_20211228_163959_9477950020_600_800.png,12anp2_20211228_163959_9477950020_600_800_mask.png,estreita
15,6,30,12,162,371,192,383,162,371,192,371,192,383,162,383,sub_line_text,table_text,table_0,arial,regular,9.0,12anp2_20211228_163959_9477950020_600_800.png,/scratch/parceirosbr/bigoilict/share/BigOil/document_generator/datasets/documents_2021_12_28/12anp2_20211228_163959_9477950020_600_800.png,12anp2_20211228_163959_9477950020_600_800_mask.png,estreita
11,6,22,12,166,385,188,397,166,385,188,385,188,397,166,397,text,table_text,table_0,arial,regular,9.0,12anp2_20211228_163959_9477950020_600_800.png,/scratch/parceirosbr/bigoilict/share/BigOil/document_generator/datasets/documents_2021_12_28/12anp2_20211228_163959_9477950020_600_800.png,12anp2_20211228_163959_9477950020_600_800_mask.png,fundo
11,6,22,12,166,385,188,397,166,385,188,385,188,397,166,397,sub_line_text,table_text,table_0,arial,regular,9.0,12anp2_20211228_163959_9477950020_600_800.png,/scratch/parceirosbr/bigoilict/share/BigOil/document_generator/datasets/documents_2021_12_28/12anp2_20211228_163959_9477950020_600_800.png,12anp2_20211228_163959_9477950020_600_800_mask.png,fundo
14,6,29,12,162,399,191,411,162,399,191,399,191,411,162,411,text,table_text,table_0,arial,regular,9.0,12anp2_20211228_163959_9477950020_600_800.png,/scratch/parceirosbr/bigoilict/share/BigOil/document_generator/datasets/documents_2021_12_28/12anp2_20211228_163959_9477950020_600_800.png,12anp2_20211228_163959_9477950020_600_800_mask.png,dessas
14,6,29,12,162,399,191,411,162,399,191,399,191,411,162,411,sub_line_text,table_text,table_0,arial,regular,9.0,12anp2_20211228_163959_9477950020_600_800.png,/scratch/parceirosbr/bigoilict/share/BigOil/document_generator/datasets/documents_2021_12_28/12anp2_20211228_163959_9477950020_600_800.png,12anp2_20211228_163959_9477950020_600_800_mask.png,dessas
7,6,14,12,170,413,184,425,170,413,184,413,184,425,170,425,text,table_text,table_0,arial,regular,9.0,12anp2_20211228_163959_9477950020_600_800.png,/scratch/parceirosbr/bigoilict/share/BigOil/document_generator/datasets/documents_2021_12_28/12anp2_20211228_163959_9477950020_600_800.png,12anp2_20211228_163959_9477950020_600_800_mask.png,s√£o
7,6,14,12,170,413,184,425,170,413,184,413,184,425,170,425,sub_line_text,table_text,table_0,arial,regular,9.0,12anp2_20211228_163959_9477950020_600_800.png,/scratch/parceirosbr/bigoilict/share/BigOil/document_generator/datasets/documents_2021_12_28/12anp2_20211228_163959_9477950020_600_800.png,12anp2_20211228_163959_9477950020_600_800_mask.png,s√£o
14,6,29,12,162,427,191,439,162,427,191,427,191,439,162,439,text,table_text,table_0,arial,regular,9.0,12anp2_20211228_163959_9477950020_600_800.png,/scratch/parceirosbr/bigoilict/share/BigOil/document_generator/datasets/documents_2021_12_28/12anp2_20211228_163959_9477950020_600_800.png,12anp2_20211228_163959_9477950020_600_800_mask.png,oleifera
14,6,29,12,162,427,191,439,162,427,191,427,191,439,162,439,sub_line_text,table_text,table_0,arial,regular,9.0,12anp2_20211228_163959_9477950020_600_800.png,/scratch/parceirosbr/bigoilict/share/BigOil/document_generator/datasets/documents_2021_12_28/12anp2_20211228_163959_9477950020_600_800.png,12anp2_20211228_163959_9477950020_600_800_mask.png,oleifera
19,6,39,12,157,441,196,453,157,441,196,441,196,453,157,453,text,table_text,table_0,arial,regular,9.0,12anp2_20211228_163959_9477950020_600_800.png,/scratch/parceirosbr/bigoilict/share/BigOil/document_generator/datasets/documents_2021_12_28/12anp2_20211228_163959_9477950020_600_800.png,12anp2_20211228_163959_9477950020_600_800_mask.png,reduzindo
19,6,39,12,157,441,196,453,157,441,196,441,196,453,157,453,sub_line_text,table_text,table_0,arial,regular,9.0,12anp2_20211228_163959_9477950020_600_800.png,/scratch/parceirosbr/bigoilict/share/BigOil/document_generator/datasets/documents_2021_12_28/12anp2_20211228_163959_9477950020_600_800.png,12anp2_20211228_163959_9477950020_600_800_mask.png,reduzindo
11,6,22,12,166,455,188,467,166,455,188,455,188,467,166,467,text,table_text,table_0,arial,regular,9.0,12anp2_20211228_163959_9477950020_600_800.png,/scratch/parceirosbr/bigoilict/share/BigOil/document_generator/datasets/documents_2021_12_28/12anp2_20211228_163959_9477950020_600_800.png,12anp2_20211228_163959_9477950020_600_800_mask.png,tendo
11,6,22,12,166,455,188,467,166,455,188,455,188,467,166,467,sub_line_text,table_text,table_0,arial,regular,9.0,12anp2_20211228_163959_9477950020_600_800.png,/scratch/parceirosbr/bigoilict/share/BigOil/document_generator/datasets/documents_2021_12_28/12anp2_20211228_163959_9477950020_600_800.png,12anp2_20211228_163959_9477950020_600_800_mask.png,tendo
27,6,55,12,149,469,204,481,149,469,204,469,204,481,149,481,text,table_text,table_0,arial,regular,9.0,12anp2_20211228_163959_9477950020_600_800.png,/scratch/parceirosbr/bigoilict/share/BigOil/document_generator/datasets/documents_2021_12_28/12anp2_20211228_163959_9477950020_600_800.png,12anp2_20211228_163959_9477950020_600_800_mask.png,combust√≠veis
27,6,55,12,149,469,204,481,149,469,204,469,204,481,149,481,sub_line_text,table_text,table_0,arial,regular,9.0,12anp2_20211228_163959_9477950020_600_800.png,/scratch/parceirosbr/bigoilict/share/BigOil/document_generator/datasets/documents_2021_12_28/12anp2_20211228_163959_9477950020_600_800.png,12anp2_20211228_163959_9477950020_600_800_mask.png,combust√≠veis
22,6,44,12,153,483,197,495,153,483,197,483,197,495,153,495,text,table_text,table_0,arial,regular,9.0,12anp2_20211228_163959_9477950020_600_800.png,/scratch/parceirosbr/bigoilict/share/BigOil/document_generator/datasets/documents_2021_12_28/12anp2_20211228_163959_9477950020_600_800.png,12anp2_20211228_163959_9477950020_600_800_mask.png,limitadoras
22,6,44,12,153,483,197,495,153,483,197,483,197,495,153,495,sub_line_text,table_text,table_0,arial,regular,9.0,12anp2_20211228_163959_9477950020_600_800.png,/scratch/parceirosbr/bigoilict/share/BigOil/document_generator/datasets/documents_2021_12_28/12anp2_20211228_163959_9477950020_600_800.png,12anp2_20211228_163959_9477950020_600_800_mask.png,limitadoras
11,6,22,13,237,329,259,342,237,329,259,330,259,342,237,341,text,table_text,table_0,arial,italic,9.0,12anp2_20211228_163959_9477950020_600_800.png,/scratch/parceirosbr/bigoilict/share/BigOil/document_generator/datasets/documents_2021_12_28/12anp2_20211228_163959_9477950020_600_800.png,12anp2_20211228_163959_9477950020_600_800_mask.png,f√≠sico
11,6,22,13,237,329,259,342,237,329,259,330,259,342,237,341,sub_line_text,table_text,table_0,arial,italic,9.0,12anp2_20211228_163959_9477950020_600_800.png,/scratch/parceirosbr/bigoilict/share/BigOil/document_generator/datasets/documents_2021_12_28/12anp2_20211228_163959_9477950020_600_800.png,12anp2_20211228_163959_9477950020_600_800_mask.png,f√≠sico
8,6,17,13,242,343,259,356,242,343,259,344,259,356,242,355,text,table_text,table_0,arial,regular,9.0,12anp2_20211228_163959_9477950020_600_800.png,/scratch/parceirosbr/bigoilict/share/BigOil/document_generator/datasets/documents_2021_12_28/12anp2_20211228_163959_9477950020_600_800.png,12anp2_20211228_163959_9477950020_600_800_mask.png,8.26
8,6,17,13,242,343,259,356,242,343,259,344,259,356,242,355,sub_line_text,table_text,table_0,arial,regular,9.0,12anp2_20211228_163959_9477950020_600_800.png,/scratch/parceirosbr/bigoilict/share/BigOil/document_generator/datasets/documents_2021_12_28/12anp2_20211228_163959_9477950020_600_800.png,12anp2_20211228_163959_9477950020_600_800_mask.png,8.26
8,6,17,13,242,357,259,370,242,357,259,358,259,370,242,369,text,table_text,table_0,arial,regular,9.0,12anp2_20211228_163959_9477950020_600_800.png,/scratch/parceirosbr/bigoilict/share/BigOil/document_generator/datasets/documents_2021_12_28/12anp2_20211228_163959_9477950020_600_800.png,12anp2_20211228_163959_9477950020_600_800_mask.png,8.04
8,6,17,13,242,357,259,370,242,357,259,358,259,370,242,369,sub_line_text,table_text,table_0,arial,regular,9.0,12anp2_20211228_163959_9477950020_600_800.png,/scratch/parceirosbr/bigoilict/share/BigOil/document_generator/datasets/documents_2021_12_28/12anp2_20211228_163959_9477950020_600_800.png,12anp2_20211228_163959_9477950020_600_800_mask.png,8.04
8,6,17,13,242,371,259,384,242,371,259,372,259,384,242,383,text,table_text,table_0,arial,regular,9.0,12anp2_20211228_163959_9477950020_600_800.png,/scratch/parceirosbr/bigoilict/share/BigOil/document_generator/datasets/documents_2021_12_28/12anp2_20211228_163959_9477950020_600_800.png,12anp2_20211228_163959_9477950020_600_800_mask.png,5.98
8,6,17,13,242,371,259,384,242,371,259,372,259,384,242,383,sub_line_text,table_text,table_0,arial,regular,9.0,12anp2_20211228_163959_9477950020_600_800.png,/scratch/parceirosbr/bigoilict/share/BigOil/document_generator/datasets/documents_2021_12_28/12anp2_20211228_163959_9477950020_600_800.png,12anp2_20211228_163959_9477950020_600_800_mask.png,5.98
8,6,17,13,242,385,259,398,242,385,259,386,259,398,242,397,text,table_text,table_0,arial,regular,9.0,12anp2_20211228_163959_9477950020_600_800.png,/scratch/parceirosbr/bigoilict/share/BigOil/document_generator/datasets/documents_2021_12_28/12anp2_20211228_163959_9477950020_600_800.png,12anp2_20211228_163959_9477950020_600_800_mask.png,7.56
8,6,17,13,242,385,259,398,242,385,259,386,259,398,242,397,sub_line_text,table_text,table_0,arial,regular,9.0,12anp2_20211228_163959_9477950020_600_800.png,/scratch/parceirosbr/bigoilict/share/BigOil/document_generator/datasets/documents_2021_12_28/12anp2_20211228_163959_9477950020_600_800.png,12anp2_20211228_163959_9477950020_600_800_mask.png,7.56
8,6,17,13,242,399,259,412,242,399,259,400,259,412,242,411,text,table_text,table_0,arial,regular,9.0,12anp2_20211228_163959_9477950020_600_800.png,/scratch/parceirosbr/bigoilict/share/BigOil/document_generator/datasets/documents_2021_12_28/12anp2_20211228_163959_9477950020_600_800.png,12anp2_20211228_163959_9477950020_600_800_mask.png,1.07
8,6,17,13,242,399,259,412,242,399,259,400,259,412,242,411,sub_line_text,table_text,table_0,arial,regular,9.0,12anp2_20211228_163959_9477950020_600_800.png,/scratch/parceirosbr/bigoilict/share/BigOil/document_generator/datasets/documents_2021_12_28/12anp2_20211228_163959_9477950020_600_800.png,12anp2_20211228_163959_9477950020_600_800_mask.png,1.07
8,6,17,13,242,413,259,426,242,413,259,414,259,426,242,425,text,table_text,table_0,arial,regular,9.0,12anp2_20211228_163959_9477950020_600_800.png,/scratch/parceirosbr/bigoilict/share/BigOil/document_generator/datasets/documents_2021_12_28/12anp2_20211228_163959_9477950020_600_800.png,12anp2_20211228_163959_9477950020_600_800_mask.png,9.83
8,6,17,13,242,413,259,426,242,413,259,414,259,426,242,425,sub_line_text,table_text,table_0,arial,regular,9.0,12anp2_20211228_163959_9477950020_600_800.png,/scratch/parceirosbr/bigoilict/share/BigOil/document_generator/datasets/documents_2021_12_28/12anp2_20211228_163959_9477950020_600_800.png,12anp2_20211228_163959_9477950020_600_800_mask.png,9.83
8,6,17,13,242,427,259,440,242,427,259,428,259,440,242,439,text,table_text,table_0,arial,regular,9.0,12anp2_20211228_163959_9477950020_600_800.png,/scratch/parceirosbr/bigoilict/share/BigOil/document_generator/datasets/documents_2021_12_28/12anp2_20211228_163959_9477950020_600_800.png,12anp2_20211228_163959_9477950020_600_800_mask.png,7.90
8,6,17,13,242,427,259,440,242,427,259,428,259,440,242,439,sub_line_text,table_text,table_0,arial,regular,9.0,12anp2_20211228_163959_9477950020_600_800.png,/scratch/parceirosbr/bigoilict/share/BigOil/document_generator/datasets/documents_2021_12_28/12anp2_20211228_163959_9477950020_600_800.png,12anp2_20211228_163959_9477950020_600_800_mask.png,7.90
8,6,17,13,242,441,259,454,242,441,259,442,259,454,242,453,text,table_text,table_0,arial,regular,9.0,12anp2_20211228_163959_9477950020_600_800.png,/scratch/parceirosbr/bigoilict/share/BigOil/document_generator/datasets/documents_2021_12_28/12anp2_20211228_163959_9477950020_600_800.png,12anp2_20211228_163959_9477950020_600_800_mask.png,9.23
8,6,17,13,242,441,259,454,242,441,259,442,259,454,242,453,sub_line_text,table_text,table_0,arial,regular,9.0,12anp2_20211228_163959_9477950020_600_800.png,/scratch/parceirosbr/bigoilict/share/BigOil/document_generator/datasets/documents_2021_12_28/12anp2_20211228_163959_9477950020_600_800.png,12anp2_20211228_163959_9477950020_600_800_mask.png,9.23
8,6,17,13,242,455,259,468,242,455,259,456,259,468,242,467,text,table_text,table_0,arial,regular,9.0,12anp2_20211228_163959_9477950020_600_800.png,/scratch/parceirosbr/bigoilict/share/BigOil/document_generator/datasets/documents_2021_12_28/12anp2_20211228_163959_9477950020_600_800.png,12anp2_20211228_163959_9477950020_600_800_mask.png,7.56
8,6,17,13,242,455,259,468,242,455,259,456,259,468,242,467,sub_line_text,table_text,table_0,arial,regular,9.0,12anp2_20211228_163959_9477950020_600_800.png,/scratch/parceirosbr/bigoilict/share/BigOil/document_generator/datasets/documents_2021_12_28/12anp2_20211228_163959_9477950020_600_800.png,12anp2_20211228_163959_9477950020_600_800_mask.png,7.56
8,6,17,13,242,469,259,482,242,469,259,470,259,482,242,481,text,table_text,table_0,arial,regular,9.0,12anp2_20211228_163959_9477950020_600_800.png,/scratch/parceirosbr/bigoilict/share/BigOil/document_generator/datasets/documents_2021_12_28/12anp2_20211228_163959_9477950020_600_800.png,12anp2_20211228_163959_9477950020_600_800_mask.png,4.06
8,6,17,13,242,469,259,482,242,469,259,470,259,482,242,481,sub_line_text,table_text,table_0,arial,regular,9.0,12anp2_20211228_163959_9477950020_600_800.png,/scratch/parceirosbr/bigoilict/share/BigOil/document_generator/datasets/documents_2021_12_28/12anp2_20211228_163959_9477950020_600_800.png,12anp2_20211228_163959_9477950020_600_800_mask.png,4.06
8,6,17,13,241,483,258,496,241,483,258,484,258,496,241,495,text,table_text,table_0,arial,regular,9.0,12anp2_20211228_163959_9477950020_600_800.png,/scratch/parceirosbr/bigoilict/share/BigOil/document_generator/datasets/documents_2021_12_28/12anp2_20211228_163959_9477950020_600_800.png,12anp2_20211228_163959_9477950020_600_800_mask.png,9.59
8,6,17,13,241,483,258,496,241,483,258,484,258,496,241,495,sub_line_text,table_text,table_0,arial,regular,9.0,12anp2_20211228_163959_9477950020_600_800.png,/scratch/parceirosbr/bigoilict/share/BigOil/document_generator/datasets/documents_2021_12_28/12anp2_20211228_163959_9477950020_600_800.png,12anp2_20211228_163959_9477950020_600_800_mask.png,9.59
25,6,50,12,274,330,324,342,274,330,324,330,324,342,274,342,text,table_text,table_0,arial,italic,9.0,12anp2_20211228_163959_9477950020_600_800.png,/scratch/parceirosbr/bigoilict/share/BigOil/document_generator/datasets/documents_2021_12_28/12anp2_20211228_163959_9477950020_600_800.png,12anp2_20211228_163959_9477950020_600_800_mask.png,pelasalturas
25,6,50,12,274,330,324,342,274,330,324,330,324,342,274,342,sub_line_text,table_text,table_0,arial,italic,9.0,12anp2_20211228_163959_9477950020_600_800.png,/scratch/parceirosbr/bigoilict/share/BigOil/document_generator/datasets/documents_2021_12_28/12anp2_20211228_163959_9477950020_600_800.png,12anp2_20211228_163959_9477950020_600_800_mask.png,pelasalturas
2,6,4,12,297,344,301,356,297,344,301,344,301,356,297,356,text,table_text,table_0,arial,regular,9.0,12anp2_20211228_163959_9477950020_600_800.png,/scratch/parceirosbr/bigoilict/share/BigOil/document_generator/datasets/documents_2021_12_28/12anp2_20211228_163959_9477950020_600_800.png,12anp2_20211228_163959_9477950020_600_800_mask.png,e
2,6,4,12,297,344,301,356,297,344,301,344,301,356,297,356,sub_line_text,table_text,table_0,arial,regular,9.0,12anp2_20211228_163959_9477950020_600_800.png,/scratch/parceirosbr/bigoilict/share/BigOil/document_generator/datasets/documents_2021_12_28/12anp2_20211228_163959_9477950020_600_800.png,12anp2_20211228_163959_9477950020_600_800_mask.png,e
24,6,48,12,275,358,323,370,275,358,323,358,323,370,275,370,text,table_text,table_0,arial,regular,9.0,12anp2_20211228_163959_9477950020_600_800.png,/scratch/parceirosbr/bigoilict/share/BigOil/document_generator/datasets/documents_2021_12_28/12anp2_20211228_163959_9477950020_600_800.png,12anp2_20211228_163959_9477950020_600_800_mask.png,apresentam
24,6,48,12,275,358,323,370,275,358,323,358,323,370,275,370,sub_line_text,table_text,table_0,arial,regular,9.0,12anp2_20211228_163959_9477950020_600_800.png,/scratch/parceirosbr/bigoilict/share/BigOil/document_generator/datasets/documents_2021_12_28/12anp2_20211228_163959_9477950020_600_800.png,12anp2_20211228_163959_9477950020_600_800_mask.png,apresentam
16,6,32,12,283,372,315,384,283,372,315,372,315,384,283,384,text,table_text,table_0,arial,regular,9.0,12anp2_20211228_163959_9477950020_600_800.png,/scratch/parceirosbr/bigoilict/share/BigOil/document_generator/datasets/documents_2021_12_28/12anp2_20211228_163959_9477950020_600_800.png,12anp2_20211228_163959_9477950020_600_800_mask.png,grandes
16,6,32,12,283,372,315,384,283,372,315,372,315,384,283,384,sub_line_text,table_text,table_0,arial,regular,9.0,12anp2_20211228_163959_9477950020_600_800.png,/scratch/parceirosbr/bigoilict/share/BigOil/document_generator/datasets/documents_2021_12_28/12anp2_20211228_163959_9477950020_600_800.png,12anp2_20211228_163959_9477950020_600_800_mask.png,grandes
12,6,24,12,287,386,311,398,287,386,311,386,311,398,287,398,text,table_text,table_0,arial,regular,9.0,12anp2_20211228_163959_9477950020_600_800.png,/scratch/parceirosbr/bigoilict/share/BigOil/document_generator/datasets/documents_2021_12_28/12anp2_20211228_163959_9477950020_600_800.png,12anp2_20211228_163959_9477950020_600_800_mask.png,n√≠quel
12,6,24,12,287,386,311,398,287,386,311,386,311,398,287,398,sub_line_text,table_text,table_0,arial,regular,9.0,12anp2_20211228_163959_9477950020_600_800.png,/scratch/parceirosbr/bigoilict/share/BigOil/document_generator/datasets/documents_2021_12_28/12anp2_20211228_163959_9477950020_600_800.png,12anp2_20211228_163959_9477950020_600_800_mask.png,n√≠quel
19,6,38,12,280,400,318,412,280,400,318,400,318,412,280,412,text,table_text,table_0,arial,regular,9.0,12anp2_20211228_163959_9477950020_600_800.png,/scratch/parceirosbr/bigoilict/share/BigOil/document_generator/datasets/documents_2021_12_28/12anp2_20211228_163959_9477950020_600_800.png,12anp2_20211228_163959_9477950020_600_800_mask.png,forma√ß√£o
19,6,38,12,280,400,318,412,280,400,318,400,318,412,280,412,sub_line_text,table_text,table_0,arial,regular,9.0,12anp2_20211228_163959_9477950020_600_800.png,/scratch/parceirosbr/bigoilict/share/BigOil/document_generator/datasets/documents_2021_12_28/12anp2_20211228_163959_9477950020_600_800.png,12anp2_20211228_163959_9477950020_600_800_mask.png,forma√ß√£o
11,6,23,12,288,414,311,426,288,414,311,414,311,426,288,426,text,table_text,table_0,arial,regular,9.0,12anp2_20211228_163959_9477950020_600_800.png,/scratch/parceirosbr/bigoilict/share/BigOil/document_generator/datasets/documents_2021_12_28/12anp2_20211228_163959_9477950020_600_800.png,12anp2_20211228_163959_9477950020_600_800_mask.png,global
11,6,23,12,288,414,311,426,288,414,311,414,311,426,288,426,sub_line_text,table_text,table_0,arial,regular,9.0,12anp2_20211228_163959_9477950020_600_800.png,/scratch/parceirosbr/bigoilict/share/BigOil/document_generator/datasets/documents_2021_12_28/12anp2_20211228_163959_9477950020_600_800.png,12anp2_20211228_163959_9477950020_600_800_mask.png,global
19,6,38,12,280,428,318,440,280,428,318,428,318,440,280,440,text,table_text,table_0,arial,regular,9.0,12anp2_20211228_163959_9477950020_600_800.png,/scratch/parceirosbr/bigoilict/share/BigOil/document_generator/datasets/documents_2021_12_28/12anp2_20211228_163959_9477950020_600_800.png,12anp2_20211228_163959_9477950020_600_800_mask.png,indicando
19,6,38,12,280,428,318,440,280,428,318,428,318,440,280,440,sub_line_text,table_text,table_0,arial,regular,9.0,12anp2_20211228_163959_9477950020_600_800.png,/scratch/parceirosbr/bigoilict/share/BigOil/document_generator/datasets/documents_2021_12_28/12anp2_20211228_163959_9477950020_600_800.png,12anp2_20211228_163959_9477950020_600_800_mask.png,indicando
15,6,31,12,284,442,315,454,284,442,315,442,315,454,284,454,text,table_text,table_0,arial,regular,9.0,12anp2_20211228_163959_9477950020_600_800.png,/scratch/parceirosbr/bigoilict/share/BigOil/document_generator/datasets/documents_2021_12_28/12anp2_20211228_163959_9477950020_600_800.png,12anp2_20211228_163959_9477950020_600_800_mask.png,reforma
15,6,31,12,284,442,315,454,284,442,315,442,315,454,284,454,sub_line_text,table_text,table_0,arial,regular,9.0,12anp2_20211228_163959_9477950020_600_800.png,/scratch/parceirosbr/bigoilict/share/BigOil/document_generator/datasets/documents_2021_12_28/12anp2_20211228_163959_9477950020_600_800.png,12anp2_20211228_163959_9477950020_600_800_mask.png,reforma
10,6,21,12,288,456,309,468,288,456,309,456,309,468,288,468,text,table_text,table_0,arial,regular,9.0,12anp2_20211228_163959_9477950020_600_800.png,/scratch/parceirosbr/bigoilict/share/BigOil/document_generator/datasets/documents_2021_12_28/12anp2_20211228_163959_9477950020_600_800.png,12anp2_20211228_163959_9477950020_600_800_mask.png,√©pela
10,6,21,12,288,456,309,468,288,456,309,456,309,468,288,468,sub_line_text,table_text,table_0,arial,regular,9.0,12anp2_20211228_163959_9477950020_600_800.png,/scratch/parceirosbr/bigoilict/share/BigOil/document_generator/datasets/documents_2021_12_28/12anp2_20211228_163959_9477950020_600_800.png,12anp2_20211228_163959_9477950020_600_800_mask.png,√©pela
4,6,9,12,294,470,303,482,294,470,303,470,303,482,294,482,text,table_text,table_0,arial,regular,9.0,12anp2_20211228_163959_9477950020_600_800.png,/scratch/parceirosbr/bigoilict/share/BigOil/document_generator/datasets/documents_2021_12_28/12anp2_20211228_163959_9477950020_600_800.png,12anp2_20211228_163959_9477950020_600_800_mask.png,do
4,6,9,12,294,470,303,482,294,470,303,470,303,482,294,482,sub_line_text,table_text,table_0,arial,regular,9.0,12anp2_20211228_163959_9477950020_600_800.png,/scratch/parceirosbr/bigoilict/share/BigOil/document_generator/datasets/documents_2021_12_28/12anp2_20211228_163959_9477950020_600_800.png,12anp2_20211228_163959_9477950020_600_800_mask.png,do
19,6,38,12,279,484,317,496,279,484,317,484,317,496,279,496,text,table_text,table_0,arial,regular,9.0,12anp2_20211228_163959_9477950020_600_800.png,/scratch/parceirosbr/bigoilict/share/BigOil/document_generator/datasets/documents_2021_12_28/12anp2_20211228_163959_9477950020_600_800.png,12anp2_20211228_163959_9477950020_600_800_mask.png,efici√™ncia
19,6,38,12,279,484,317,496,279,484,317,484,317,496,279,496,sub_line_text,table_text,table_0,arial,regular,9.0,12anp2_20211228_163959_9477950020_600_800.png,/scratch/parceirosbr/bigoilict/share/BigOil/document_generator/datasets/documents_2021_12_28/12anp2_20211228_163959_9477950020_600_800.png,12anp2_20211228_163959_9477950020_600_800_mask.png,efici√™ncia
12,6,24,12,360,330,384,342,360,330,384,330,384,342,360,342,text,table_text,table_0,arial,italic,9.0,12anp2_20211228_163959_9477950020_600_800.png,/scratch/parceirosbr/bigoilict/share/BigOil/document_generator/datasets/documents_2021_12_28/12anp2_20211228_163959_9477950020_600_800.png,12anp2_20211228_163959_9477950020_600_800_mask.png,nesse
12,6,24,12,360,330,384,342,360,330,384,330,384,342,360,342,sub_line_text,table_text,table_0,arial,italic,9.0,12anp2_20211228_163959_9477950020_600_800.png,/scratch/parceirosbr/bigoilict/share/BigOil/document_generator/datasets/documents_2021_12_28/12anp2_20211228_163959_9477950020_600_800.png,12anp2_20211228_163959_9477950020_600_800_mask.png,nesse
24,6,48,12,348,344,396,356,348,344,396,344,396,356,348,356,text,table_text,table_0,arial,regular,9.0,12anp2_20211228_163959_9477950020_600_800.png,/scratch/parceirosbr/bigoilict/share/BigOil/document_generator/datasets/documents_2021_12_28/12anp2_20211228_163959_9477950020_600_800.png,12anp2_20211228_163959_9477950020_600_800_mask.png,apresentam
24,6,48,12,348,344,396,356,348,344,396,344,396,356,348,356,sub_line_text,table_text,table_0,arial,regular,9.0,12anp2_20211228_163959_9477950020_600_800.png,/scratch/parceirosbr/bigoilict/share/BigOil/document_generator/datasets/documents_2021_12_28/12anp2_20211228_163959_9477950020_600_800.png,12anp2_20211228_163959_9477950020_600_800_mask.png,apresentam
25,6,50,12,346,358,396,370,346,358,396,358,396,370,346,370,text,table_text,table_0,arial,regular,9.0,12anp2_20211228_163959_9477950020_600_800.png,/scratch/parceirosbr/bigoilict/share/BigOil/document_generator/datasets/documents_2021_12_28/12anp2_20211228_163959_9477950020_600_800.png,12anp2_20211228_163959_9477950020_600_800_mask.png,combust√≠vel
25,6,50,12,346,358,396,370,346,358,396,358,396,370,346,370,sub_line_text,table_text,table_0,arial,regular,9.0,12anp2_20211228_163959_9477950020_600_800.png,/scratch/parceirosbr/bigoilict/share/BigOil/document_generator/datasets/documents_2021_12_28/12anp2_20211228_163959_9477950020_600_800.png,12anp2_20211228_163959_9477950020_600_800_mask.png,combust√≠vel
12,6,25,12,359,372,384,384,359,372,384,372,384,384,359,384,text,table_text,table_0,arial,regular,9.0,12anp2_20211228_163959_9477950020_600_800.png,/scratch/parceirosbr/bigoilict/share/BigOil/document_generator/datasets/documents_2021_12_28/12anp2_20211228_163959_9477950020_600_800.png,12anp2_20211228_163959_9477950020_600_800_mask.png,fatode
12,6,25,12,359,372,384,384,359,372,384,372,384,384,359,384,sub_line_text,table_text,table_0,arial,regular,9.0,12anp2_20211228_163959_9477950020_600_800.png,/scratch/parceirosbr/bigoilict/share/BigOil/document_generator/datasets/documents_2021_12_28/12anp2_20211228_163959_9477950020_600_800.png,12anp2_20211228_163959_9477950020_600_800_mask.png,fatode
22,6,45,12,349,386,394,398,349,386,394,386,394,398,349,398,text,table_text,table_0,arial,regular,9.0,12anp2_20211228_163959_9477950020_600_800.png,/scratch/parceirosbr/bigoilict/share/BigOil/document_generator/datasets/documents_2021_12_28/12anp2_20211228_163959_9477950020_600_800.png,12anp2_20211228_163959_9477950020_600_800_mask.png,competir√£o
22,6,45,12,349,386,394,398,349,386,394,386,394,398,349,398,sub_line_text,table_text,table_0,arial,regular,9.0,12anp2_20211228_163959_9477950020_600_800.png,/scratch/parceirosbr/bigoilict/share/BigOil/document_generator/datasets/documents_2021_12_28/12anp2_20211228_163959_9477950020_600_800.png,12anp2_20211228_163959_9477950020_600_800_mask.png,competir√£o
21,6,42,12,350,400,392,412,350,400,392,400,392,412,350,412,text,table_text,table_0,arial,regular,9.0,12anp2_20211228_163959_9477950020_600_800.png,/scratch/parceirosbr/bigoilict/share/BigOil/document_generator/datasets/documents_2021_12_28/12anp2_20211228_163959_9477950020_600_800.png,12anp2_20211228_163959_9477950020_600_800_mask.png,problemas
21,6,42,12,350,400,392,412,350,400,392,400,392,412,350,412,sub_line_text,table_text,table_0,arial,regular,9.0,12anp2_20211228_163959_9477950020_600_800.png,/scratch/parceirosbr/bigoilict/share/BigOil/document_generator/datasets/documents_2021_12_28/12anp2_20211228_163959_9477950020_600_800.png,12anp2_20211228_163959_9477950020_600_800_mask.png,problemas
17,6,35,12,354,414,389,426,354,414,389,414,389,426,354,426,text,table_text,table_0,arial,regular,9.0,12anp2_20211228_163959_9477950020_600_800.png,/scratch/parceirosbr/bigoilict/share/BigOil/document_generator/datasets/documents_2021_12_28/12anp2_20211228_163959_9477950020_600_800.png,12anp2_20211228_163959_9477950020_600_800_mask.png,biodiesel
17,6,35,12,354,414,389,426,354,414,389,414,389,426,354,426,sub_line_text,table_text,table_0,arial,regular,9.0,12anp2_20211228_163959_9477950020_600_800.png,/scratch/parceirosbr/bigoilict/share/BigOil/document_generator/datasets/documents_2021_12_28/12anp2_20211228_163959_9477950020_600_800.png,12anp2_20211228_163959_9477950020_600_800_mask.png,biodiesel
15,6,31,12,356,428,387,440,356,428,387,428,387,440,356,440,text,table_text,table_0,arial,regular,9.0,12anp2_20211228_163959_9477950020_600_800.png,/scratch/parceirosbr/bigoilict/share/BigOil/document_generator/datasets/documents_2021_12_28/12anp2_20211228_163959_9477950020_600_800.png,12anp2_20211228_163959_9477950020_600_800_mask.png,elevada
15,6,31,12,356,428,387,440,356,428,387,428,387,440,356,440,sub_line_text,table_text,table_0,arial,regular,9.0,12anp2_20211228_163959_9477950020_600_800.png,/scratch/parceirosbr/bigoilict/share/BigOil/document_generator/datasets/documents_2021_12_28/12anp2_20211228_163959_9477950020_600_800.png,12anp2_20211228_163959_9477950020_600_800_mask.png,elevada
20,6,41,12,351,442,392,454,351,442,392,442,392,454,351,454,text,table_text,table_0,arial,regular,9.0,12anp2_20211228_163959_9477950020_600_800.png,/scratch/parceirosbr/bigoilict/share/BigOil/document_generator/datasets/documents_2021_12_28/12anp2_20211228_163959_9477950020_600_800.png,12anp2_20211228_163959_9477950020_600_800_mask.png,realizando
20,6,41,12,351,442,392,454,351,442,392,442,392,454,351,454,sub_line_text,table_text,table_0,arial,regular,9.0,12anp2_20211228_163959_9477950020_600_800.png,/scratch/parceirosbr/bigoilict/share/BigOil/document_generator/datasets/documents_2021_12_28/12anp2_20211228_163959_9477950020_600_800.png,12anp2_20211228_163959_9477950020_600_800_mask.png,realizando
21,6,42,12,350,456,392,468,350,456,392,456,392,468,350,468,text,table_text,table_0,arial,regular,9.0,12anp2_20211228_163959_9477950020_600_800.png,/scratch/parceirosbr/bigoilict/share/BigOil/document_generator/datasets/documents_2021_12_28/12anp2_20211228_163959_9477950020_600_800.png,12anp2_20211228_163959_9477950020_600_800_mask.png,integradas
21,6,42,12,350,456,392,468,350,456,392,456,392,468,350,468,sub_line_text,table_text,table_0,arial,regular,9.0,12anp2_20211228_163959_9477950020_600_800.png,/scratch/parceirosbr/bigoilict/share/BigOil/document_generator/datasets/documents_2021_12_28/12anp2_20211228_163959_9477950020_600_800.png,12anp2_20211228_163959_9477950020_600_800_mask.png,integradas
12,6,25,12,359,470,384,482,359,470,384,470,384,482,359,482,text,table_text,table_0,arial,regular,9.0,12anp2_20211228_163959_9477950020_600_800.png,/scratch/parceirosbr/bigoilict/share/BigOil/document_generator/datasets/documents_2021_12_28/12anp2_20211228_163959_9477950020_600_800.png,12anp2_20211228_163959_9477950020_600_800_mask.png,testes
12,6,25,12,359,470,384,482,359,470,384,470,384,482,359,482,sub_line_text,table_text,table_0,arial,regular,9.0,12anp2_20211228_163959_9477950020_600_800.png,/scratch/parceirosbr/bigoilict/share/BigOil/document_generator/datasets/documents_2021_12_28/12anp2_20211228_163959_9477950020_600_800.png,12anp2_20211228_163959_9477950020_600_800_mask.png,testes
7,6,15,12,363,484,378,496,363,484,378,484,378,496,363,496,text,table_text,table_0,arial,regular,9.0,12anp2_20211228_163959_9477950020_600_800.png,/scratch/parceirosbr/bigoilict/share/BigOil/document_generator/datasets/documents_2021_12_28/12anp2_20211228_163959_9477950020_600_800.png,12anp2_20211228_163959_9477950020_600_800_mask.png,tem
7,6,15,12,363,484,378,496,363,484,378,484,378,496,363,496,sub_line_text,table_text,table_0,arial,regular,9.0,12anp2_20211228_163959_9477950020_600_800.png,/scratch/parceirosbr/bigoilict/share/BigOil/document_generator/datasets/documents_2021_12_28/12anp2_20211228_163959_9477950020_600_800.png,12anp2_20211228_163959_9477950020_600_800_mask.png,tem
20,6,41,13,496,330,537,343,496,330,537,331,537,343,496,342,text,table_text,table_0,arial,italic,9.0,12anp2_20211228_163959_9477950020_600_800.png,/scratch/parceirosbr/bigoilict/share/BigOil/document_generator/datasets/documents_2021_12_28/12anp2_20211228_163959_9477950020_600_800.png,12anp2_20211228_163959_9477950020_600_800_mask.png,cin√©ticade
20,6,41,13,496,330,537,343,496,330,537,331,537,343,496,342,sub_line_text,table_text,table_0,arial,italic,9.0,12anp2_20211228_163959_9477950020_600_800.png,/scratch/parceirosbr/bigoilict/share/BigOil/document_generator/datasets/documents_2021_12_28/12anp2_20211228_163959_9477950020_600_800.png,12anp2_20211228_163959_9477950020_600_800_mask.png,cin√©ticade
43,6,87,13,450,344,537,357,450,344,537,345,537,357,450,356,text,table_text,table_0,arial,regular,9.0,12anp2_20211228_163959_9477950020_600_800.png,/scratch/parceirosbr/bigoilict/share/BigOil/document_generator/datasets/documents_2021_12_28/12anp2_20211228_163959_9477950020_600_800.png,12anp2_20211228_163959_9477950020_600_800_mask.png,503489608597739.59
43,6,87,13,450,344,537,357,450,344,537,345,537,357,450,356,sub_line_text,table_text,table_0,arial,regular,9.0,12anp2_20211228_163959_9477950020_600_800.png,/scratch/parceirosbr/bigoilict/share/BigOil/document_generator/datasets/documents_2021_12_28/12anp2_20211228_163959_9477950020_600_800.png,12anp2_20211228_163959_9477950020_600_800_mask.png,503489608597739.59
38,6,77,13,460,358,537,371,460,358,537,359,537,371,460,370,text,table_text,table_0,arial,regular,9.0,12anp2_20211228_163959_9477950020_600_800.png,/scratch/parceirosbr/bigoilict/share/BigOil/document_generator/datasets/documents_2021_12_28/12anp2_20211228_163959_9477950020_600_800.png,12anp2_20211228_163959_9477950020_600_800_mask.png,6634991143950.59
38,6,77,13,460,358,537,371,460,358,537,359,537,371,460,370,sub_line_text,table_text,table_0,arial,regular,9.0,12anp2_20211228_163959_9477950020_600_800.png,/scratch/parceirosbr/bigoilict/share/BigOil/document_generator/datasets/documents_2021_12_28/12anp2_20211228_163959_9477950020_600_800.png,12anp2_20211228_163959_9477950020_600_800_mask.png,6634991143950.59
41,6,82,13,455,372,537,385,455,372,537,373,537,385,455,384,text,table_text,table_0,arial,regular,9.0,12anp2_20211228_163959_9477950020_600_800.png,/scratch/parceirosbr/bigoilict/share/BigOil/document_generator/datasets/documents_2021_12_28/12anp2_20211228_163959_9477950020_600_800.png,12anp2_20211228_163959_9477950020_600_800_mask.png,34465791785806.04
41,6,82,13,455,372,537,385,455,372,537,373,537,385,455,384,sub_line_text,table_text,table_0,arial,regular,9.0,12anp2_20211228_163959_9477950020_600_800.png,/scratch/parceirosbr/bigoilict/share/BigOil/document_generator/datasets/documents_2021_12_28/12anp2_20211228_163959_9477950020_600_800.png,12anp2_20211228_163959_9477950020_600_800_mask.png,34465791785806.04
38,6,77,13,460,386,537,399,460,386,537,387,537,399,460,398,text,table_text,table_0,arial,regular,9.0,12anp2_20211228_163959_9477950020_600_800.png,/scratch/parceirosbr/bigoilict/share/BigOil/document_generator/datasets/documents_2021_12_28/12anp2_20211228_163959_9477950020_600_800.png,12anp2_20211228_163959_9477950020_600_800_mask.png,8218600885076.75
38,6,77,13,460,386,537,399,460,386,537,387,537,399,460,398,sub_line_text,table_text,table_0,arial,regular,9.0,12anp2_20211228_163959_9477950020_600_800.png,/scratch/parceirosbr/bigoilict/share/BigOil/document_generator/datasets/documents_2021_12_28/12anp2_20211228_163959_9477950020_600_800.png,12anp2_20211228_163959_9477950020_600_800_mask.png,8218600885076.75
38,6,77,13,460,400,537,413,460,400,537,401,537,413,460,412,text,table_text,table_0,arial,regular,9.0,12anp2_20211228_163959_9477950020_600_800.png,/scratch/parceirosbr/bigoilict/share/BigOil/document_generator/datasets/documents_2021_12_28/12anp2_20211228_163959_9477950020_600_800.png,12anp2_20211228_163959_9477950020_600_800_mask.png,6147042948101.63
38,6,77,13,460,400,537,413,460,400,537,401,537,413,460,412,sub_line_text,table_text,table_0,arial,regular,9.0,12anp2_20211228_163959_9477950020_600_800.png,/scratch/parceirosbr/bigoilict/share/BigOil/document_generator/datasets/documents_2021_12_28/12anp2_20211228_163959_9477950020_600_800.png,12anp2_20211228_163959_9477950020_600_800_mask.png,6147042948101.63
43,6,87,13,450,414,537,427,450,414,537,415,537,427,450,426,text,table_text,table_0,arial,regular,9.0,12anp2_20211228_163959_9477950020_600_800.png,/scratch/parceirosbr/bigoilict/share/BigOil/document_generator/datasets/documents_2021_12_28/12anp2_20211228_163959_9477950020_600_800.png,12anp2_20211228_163959_9477950020_600_800_mask.png,414924699249098.20
43,6,87,13,450,414,537,427,450,414,537,415,537,427,450,426,sub_line_text,table_text,table_0,arial,regular,9.0,12anp2_20211228_163959_9477950020_600_800.png,/scratch/parceirosbr/bigoilict/share/BigOil/document_generator/datasets/documents_2021_12_28/12anp2_20211228_163959_9477950020_600_800.png,12anp2_20211228_163959_9477950020_600_800_mask.png,414924699249098.20
41,6,82,13,455,428,537,441,455,428,537,429,537,441,455,440,text,table_text,table_0,arial,regular,9.0,12anp2_20211228_163959_9477950020_600_800.png,/scratch/parceirosbr/bigoilict/share/BigOil/document_generator/datasets/documents_2021_12_28/12anp2_20211228_163959_9477950020_600_800.png,12anp2_20211228_163959_9477950020_600_800_mask.png,42363036796210.74
41,6,82,13,455,428,537,441,455,428,537,429,537,441,455,440,sub_line_text,table_text,table_0,arial,regular,9.0,12anp2_20211228_163959_9477950020_600_800.png,/scratch/parceirosbr/bigoilict/share/BigOil/document_generator/datasets/documents_2021_12_28/12anp2_20211228_163959_9477950020_600_800.png,12anp2_20211228_163959_9477950020_600_800_mask.png,42363036796210.74
38,6,77,13,460,442,537,455,460,442,537,443,537,455,460,454,text,table_text,table_0,arial,regular,9.0,12anp2_20211228_163959_9477950020_600_800.png,/scratch/parceirosbr/bigoilict/share/BigOil/document_generator/datasets/documents_2021_12_28/12anp2_20211228_163959_9477950020_600_800.png,12anp2_20211228_163959_9477950020_600_800_mask.png,9363132374783.92
38,6,77,13,460,442,537,455,460,442,537,443,537,455,460,454,sub_line_text,table_text,table_0,arial,regular,9.0,12anp2_20211228_163959_9477950020_600_800.png,/scratch/parceirosbr/bigoilict/share/BigOil/document_generator/datasets/documents_2021_12_28/12anp2_20211228_163959_9477950020_600_800.png,12anp2_20211228_163959_9477950020_600_800_mask.png,9363132374783.92
38,6,77,13,460,456,537,469,460,456,537,457,537,469,460,468,text,table_text,table_0,arial,regular,9.0,12anp2_20211228_163959_9477950020_600_800.png,/scratch/parceirosbr/bigoilict/share/BigOil/document_generator/datasets/documents_2021_12_28/12anp2_20211228_163959_9477950020_600_800.png,12anp2_20211228_163959_9477950020_600_800_mask.png,6455779773261.97
38,6,77,13,460,456,537,469,460,456,537,457,537,469,460,468,sub_line_text,table_text,table_0,arial,regular,9.0,12anp2_20211228_163959_9477950020_600_800.png,/scratch/parceirosbr/bigoilict/share/BigOil/document_generator/datasets/documents_2021_12_28/12anp2_20211228_163959_9477950020_600_800.png,12anp2_20211228_163959_9477950020_600_800_mask.png,6455779773261.97
38,6,77,13,460,470,537,483,460,470,537,471,537,483,460,482,text,table_text,table_0,arial,regular,9.0,12anp2_20211228_163959_9477950020_600_800.png,/scratch/parceirosbr/bigoilict/share/BigOil/document_generator/datasets/documents_2021_12_28/12anp2_20211228_163959_9477950020_600_800.png,12anp2_20211228_163959_9477950020_600_800_mask.png,3919852523663.77
38,6,77,13,460,470,537,483,460,470,537,471,537,483,460,482,sub_line_text,table_text,table_0,arial,regular,9.0,12anp2_20211228_163959_9477950020_600_800.png,/scratch/parceirosbr/bigoilict/share/BigOil/document_generator/datasets/documents_2021_12_28/12anp2_20211228_163959_9477950020_600_800.png,12anp2_20211228_163959_9477950020_600_800_mask.png,3919852523663.77
41,6,82,13,454,484,536,497,454,484,536,485,536,497,454,496,text,table_text,table_0,arial,regular,9.0,12anp2_20211228_163959_9477950020_600_800.png,/scratch/parceirosbr/bigoilict/share/BigOil/document_generator/datasets/documents_2021_12_28/12anp2_20211228_163959_9477950020_600_800.png,12anp2_20211228_163959_9477950020_600_800_mask.png,18562807317411.18
41,6,82,13,454,484,536,497,454,484,536,485,536,497,454,496,sub_line_text,table_text,table_0,arial,regular,9.0,12anp2_20211228_163959_9477950020_600_800.png,/scratch/parceirosbr/bigoilict/share/BigOil/document_generator/datasets/documents_2021_12_28/12anp2_20211228_163959_9477950020_600_800.png,12anp2_20211228_163959_9477950020_600_800_mask.png,18562807317411.18
218,7,436,14,106,521,542,535,106,521,542,523,542,535,106,533,sub_line_text,text,text_1,raleway,regular,9,12anp2_20211228_163959_9477950020_600_800.png,/scratch/parceirosbr/bigoilict/share/BigOil/document_generator/datasets/documents_2021_12_28/12anp2_20211228_163959_9477950020_600_800.png,12anp2_20211228_163959_9477950020_600_800_mask.png,"3.8  Em  julho  de  2009,  foi  sancionada  a  13.577  que  estabelece  diretrizes  e  procedimentos  para  o  ge-"
232,7,465,14,76,536,541,550,76,536,541,538,541,550,76,548,sub_line_text,text,text_1,raleway,regular,9,12anp2_20211228_163959_9477950020_600_800.png,/scratch/parceirosbr/bigoilict/share/BigOil/document_generator/datasets/documents_2021_12_28/12anp2_20211228_163959_9477950020_600_800.png,12anp2_20211228_163959_9477950020_600_800_mask.png,"renciamento  de  √°reas  contaminadas  no  de.  Em  geral,  √©  a  atividade  de  transporte  a  que  sofre  mais  impacto"
233,7,466,14,76,551,542,565,76,551,542,553,542,565,76,563,sub_line_text,text,text_1,raleway,regular,9,12anp2_20211228_163959_9477950020_600_800.png,/scratch/parceirosbr/bigoilict/share/BigOil/document_generator/datasets/documents_2021_12_28/12anp2_20211228_163959_9477950020_600_800.png,12anp2_20211228_163959_9477950020_600_800_mask.png,"quando   submetida  √†  concorr√™ncia,  por  ser  o  segmento  da  cadeia  mais  sujeito  √†s  especificidades  de  mono-"
233,7,466,14,76,566,542,580,76,566,542,568,542,580,76,578,sub_line_text,text,text_1,raleway,regular,9,12anp2_20211228_163959_9477950020_600_800.png,/scratch/parceirosbr/bigoilict/share/BigOil/document_generator/datasets/documents_2021_12_28/12anp2_20211228_163959_9477950020_600_800.png,12anp2_20211228_163959_9477950020_600_800_mask.png,"p√≥lio  natural  (vide  cap√≠tulo  deste  livro).  por  outro  lado,  tamb√©m  depende  do  aumento  do consumo no merca-"
232,7,465,14,76,581,541,595,76,581,541,583,541,595,76,593,sub_line_text,text,text_1,raleway,regular,9,12anp2_20211228_163959_9477950020_600_800.png,/scratch/parceirosbr/bigoilict/share/BigOil/document_generator/datasets/documents_2021_12_28/12anp2_20211228_163959_9477950020_600_800.png,12anp2_20211228_163959_9477950020_600_800_mask.png,do   paraguaio   e  do  aumento  da  exporta√ß√£o  de  outros  produtos.  ser  parcialmente  atribu√≠do  √†  ocorr√™ncia  de
233,7,466,14,76,596,542,610,76,596,542,598,542,610,76,608,sub_line_text,text,text_1,raleway,regular,9,12anp2_20211228_163959_9477950020_600_800.png,/scratch/parceirosbr/bigoilict/share/BigOil/document_generator/datasets/documents_2021_12_28/12anp2_20211228_163959_9477950020_600_800.png,12anp2_20211228_163959_9477950020_600_800_mask.png,"um  inverno  relativamente  ameno  no  hemisf√©rio  norte,  o  que  reduziu  o  consumo  de  g√°s  natural  no pa√≠s (em c-"
232,7,465,14,76,611,541,625,76,611,541,613,541,625,76,623,sub_line_text,text,text_1,raleway,regular,9,12anp2_20211228_163959_9477950020_600_800.png,/scratch/parceirosbr/bigoilict/share/BigOil/document_generator/datasets/documents_2021_12_28/12anp2_20211228_163959_9477950020_600_800.png,12anp2_20211228_163959_9477950020_600_800_mask.png,"ompara√ß√£o   com   anos   anteriores).parte  mercado  internacional89os  mercados  europeu  e  asi√°tico110,  que  ex-"
233,7,466,14,76,626,542,640,76,626,542,628,542,640,76,638,sub_line_text,text,text_1,raleway,regular,9,12anp2_20211228_163959_9477950020_600_800.png,/scratch/parceirosbr/bigoilict/share/BigOil/document_generator/datasets/documents_2021_12_28/12anp2_20211228_163959_9477950020_600_800.png,12anp2_20211228_163959_9477950020_600_800_mask.png,"ige  aprova√ß√£o  pr√©via  do  de.  Al√©m  disso,  o  n√∫mero  de  amostras  e  a  metodologia  utilizada  pelos autores cita-"
232,7,465,14,76,641,541,655,76,641,541,643,541,655,76,653,sub_line_text,text,text_1,raleway,regular,9,12anp2_20211228_163959_9477950020_600_800.png,/scratch/parceirosbr/bigoilict/share/BigOil/document_generator/datasets/documents_2021_12_28/12anp2_20211228_163959_9477950020_600_800.png,12anp2_20211228_163959_9477950020_600_800_mask.png,"dos  n√£o  permite  grande  refinamento  quanto  √°  composi√ß√£o  e  disposi√ß√£o  das  f√°cies  na  bacia,  sendo  as mes-"
220,7,440,14,76,656,516,670,76,656,516,658,516,670,76,668,sub_line_text,text,text_1,raleway,regular,9,12anp2_20211228_163959_9477950020_600_800.png,/scratch/parceirosbr/bigoilict/share/BigOil/document_generator/datasets/documents_2021_12_28/12anp2_20211228_163959_9477950020_600_800.png,12anp2_20211228_163959_9477950020_600_800_mask.png,mas apresentadas de maneira gen√©rica e simplificada. 1. 2. Analisando uma imagem capturada composta p.
233,74,467,149,76,521,543,670,77,521,543,523,542,670,76,668,text,text,text_1,raleway,regular,9,12anp2_20211228_163959_9477950020_600_800.png,/scratch/parceirosbr/bigoilict/share/BigOil/document_generator/datasets/documents_2021_12_28/12anp2_20211228_163959_9477950020_600_800.png,12anp2_20211228_163959_9477950020_600_800_mask.png,nan
217,7,435,14,106,676,541,690,106,676,541,678,541,690,106,688,sub_line_text,text,text_2,raleway,regular,9,12anp2_20211228_163959_9477950020_600_800.png,/scratch/parceirosbr/bigoilict/share/BigOil/document_generator/datasets/documents_2021_12_28/12anp2_20211228_163959_9477950020_600_800.png,12anp2_20211228_163959_9477950020_600_800_mask.png,"Apresentam   Por√©m,   trabalhos   posteriores   utilizando   in√∫meros   complexos   met√°licos   permitiram   co-"
233,7,466,14,76,691,542,705,76,691,542,693,542,705,76,703,sub_line_text,text,text_2,raleway,regular,9,12anp2_20211228_163959_9477950020_600_800.png,/scratch/parceirosbr/bigoilict/share/BigOil/document_generator/datasets/documents_2021_12_28/12anp2_20211228_163959_9477950020_600_800.png,12anp2_20211228_163959_9477950020_600_800_mask.png,"ncluir  que  tais  compostos  n√£o  apresentavam  estabilidade  suficiente  em  meio  √°cido.  Por  fim,  a  alternativa de"
215,7,431,14,76,706,507,720,76,706,507,708,507,720,76,718,sub_line_text,text,text_2,raleway,regular,9,12anp2_20211228_163959_9477950020_600_800.png,/scratch/parceirosbr/bigoilict/share/BigOil/document_generator/datasets/documents_2021_12_28/12anp2_20211228_163959_9477950020_600_800.png,12anp2_20211228_163959_9477950020_600_800_mask.png,"constru√ß√£o de nova(s)refinaria(s), embora n√£o t√£o atraente do pontode vista do empreendedor, pode confi."
233,22,466,44,76,676,542,720,76,676,542,678,542,720,76,718,text,text,text_2,raleway,regular,9,12anp2_20211228_163959_9477950020_600_800.png,/scratch/parceirosbr/bigoilict/share/BigOil/document_generator/datasets/documents_2021_12_28/12anp2_20211228_163959_9477950020_600_800.png,12anp2_20211228_163959_9477950020_600_800_mask.png,nan
