center_x,center_y,width,height,xmin,ymin,xmax,ymax,top_left_x,top_left_y,top_right_x,top_right_y,bottom_right_x,bottom_right_y,bottom_left_x,bottom_left_y,label,grouplabel,group,text_font,text_style,size_font,filename,path,filename_mask,content
300,400,600,800,0,0,600,800,0,0,600,0,600,800,0,800,document,,,,,,12anp2_20211228_163959_1273573862_600_800.png,/scratch/parceirosbr/bigoilict/share/BigOil/document_generator/datasets/documents_2021_12_28/12anp2_20211228_163959_1273573862_600_800.png,12anp2_20211228_163959_1273573862_600_800_mask.png,
242,1,485,2,58,87,543,89,58,87,543,87,543,89,58,89,line,line,line,,,,12anp2_20211228_163959_1273573862_600_800.png,/scratch/parceirosbr/bigoilict/share/BigOil/document_generator/datasets/documents_2021_12_28/12anp2_20211228_163959_1273573862_600_800.png,12anp2_20211228_163959_1273573862_600_800_mask.png,nan
14,8,28,16,513,50,541,66,513,50,541,50,541,66,513,66,sub_line_text,header,header_1,times,bold,14,12anp2_20211228_163959_1273573862_600_800.png,/scratch/parceirosbr/bigoilict/share/BigOil/document_generator/datasets/documents_2021_12_28/12anp2_20211228_163959_1273573862_600_800.png,12anp2_20211228_163959_1273573862_600_800_mask.png,1995
14,8,28,16,513,50,541,66,513,50,541,50,541,66,513,66,text,header,header_1,times,bold,14,12anp2_20211228_163959_1273573862_600_800.png,/scratch/parceirosbr/bigoilict/share/BigOil/document_generator/datasets/documents_2021_12_28/12anp2_20211228_163959_1273573862_600_800.png,12anp2_20211228_163959_1273573862_600_800_mask.png,nan
45,8,90,16,409,50,499,66,409,50,499,50,499,66,409,66,sub_line_text,header,header_1,times,bold,14,12anp2_20211228_163959_1273573862_600_800.png,/scratch/parceirosbr/bigoilict/share/BigOil/document_generator/datasets/documents_2021_12_28/12anp2_20211228_163959_1273573862_600_800.png,12anp2_20211228_163959_1273573862_600_800_mask.png,"Esse protocolo,"
45,8,90,16,409,50,499,66,409,50,499,50,499,66,409,66,text,header,header_1,times,bold,14,12anp2_20211228_163959_1273573862_600_800.png,/scratch/parceirosbr/bigoilict/share/BigOil/document_generator/datasets/documents_2021_12_28/12anp2_20211228_163959_1273573862_600_800.png,12anp2_20211228_163959_1273573862_600_800_mask.png,nan
36,15,73,30,81,50,154,80,81,50,154,50,154,80,81,80,image,image,image,,,,12anp2_20211228_163959_1273573862_600_800.png,/scratch/parceirosbr/bigoilict/share/BigOil/document_generator/datasets/documents_2021_12_28/12anp2_20211228_163959_1273573862_600_800.png,12anp2_20211228_163959_1273573862_600_800_mask.png,/scratch/parceirosbr/bigoilict/share/BigOil/document_generator/files_images_document_generator/logos\image_4394.jpg
133,4,266,9,166,93,432,102,166,93,432,93,432,102,166,102,sub_line_text,subsubsubtitle,subsubsubtitle_0,times,bold,7,12anp2_20211228_163959_1273573862_600_800.png,/scratch/parceirosbr/bigoilict/share/BigOil/document_generator/datasets/documents_2021_12_28/12anp2_20211228_163959_1273573862_600_800.png,12anp2_20211228_163959_1273573862_600_800_mask.png,"Concentração 1,3-propanodiol variou 0,3 a g/L, sendo pontos centrais apresentaram"
133,4,266,9,166,93,432,102,166,93,432,93,432,102,166,102,title,subsubsubtitle,subsubsubtitle_0,times,bold,7,12anp2_20211228_163959_1273573862_600_800.png,/scratch/parceirosbr/bigoilict/share/BigOil/document_generator/datasets/documents_2021_12_28/12anp2_20211228_163959_1273573862_600_800.png,12anp2_20211228_163959_1273573862_600_800_mask.png,nan
70,35,140,70,58,106,198,176,58,106,198,106,198,176,58,176,image,figure_image,figure_0,,,,12anp2_20211228_163959_1273573862_600_800.png,/scratch/parceirosbr/bigoilict/share/BigOil/document_generator/datasets/documents_2021_12_28/12anp2_20211228_163959_1273573862_600_800.png,12anp2_20211228_163959_1273573862_600_800_mask.png,output/gen_img_20211228_163959_9170440849.png
7,1,14,3,134,159,148,162,134,159,148,159,148,162,134,162,text,figure_text,figure_0,,,,12anp2_20211228_163959_1273573862_600_800.png,/scratch/parceirosbr/bigoilict/share/BigOil/document_generator/datasets/documents_2021_12_28/12anp2_20211228_163959_1273573862_600_800.png,12anp2_20211228_163959_1273573862_600_800_mask.png,Volume (KB)
7,1,14,3,134,159,148,162,134,159,148,159,148,162,134,162,sub_line_text,figure_text,figure_0,,,,12anp2_20211228_163959_1273573862_600_800.png,/scratch/parceirosbr/bigoilict/share/BigOil/document_generator/datasets/documents_2021_12_28/12anp2_20211228_163959_1273573862_600_800.png,12anp2_20211228_163959_1273573862_600_800_mask.png,Volume (KB)
5,1,11,3,185,106,196,109,185,106,196,106,196,109,185,109,text,figure_text,figure_0,,,,12anp2_20211228_163959_1273573862_600_800.png,/scratch/parceirosbr/bigoilict/share/BigOil/document_generator/datasets/documents_2021_12_28/12anp2_20211228_163959_1273573862_600_800.png,12anp2_20211228_163959_1273573862_600_800_mask.png,-123.72%
5,1,11,3,185,106,196,109,185,106,196,106,196,109,185,109,sub_line_text,figure_text,figure_0,,,,12anp2_20211228_163959_1273573862_600_800.png,/scratch/parceirosbr/bigoilict/share/BigOil/document_generator/datasets/documents_2021_12_28/12anp2_20211228_163959_1273573862_600_800.png,12anp2_20211228_163959_1273573862_600_800_mask.png,-123.72%
4,1,9,2,167,138,176,140,167,138,176,138,176,140,167,140,text,figure_text,figure_0,,,,12anp2_20211228_163959_1273573862_600_800.png,/scratch/parceirosbr/bigoilict/share/BigOil/document_generator/datasets/documents_2021_12_28/12anp2_20211228_163959_1273573862_600_800.png,12anp2_20211228_163959_1273573862_600_800_mask.png,-1100.9
4,1,9,2,167,138,176,140,167,138,176,138,176,140,167,140,sub_line_text,figure_text,figure_0,,,,12anp2_20211228_163959_1273573862_600_800.png,/scratch/parceirosbr/bigoilict/share/BigOil/document_generator/datasets/documents_2021_12_28/12anp2_20211228_163959_1273573862_600_800.png,12anp2_20211228_163959_1273573862_600_800_mask.png,-1100.9
7,1,14,2,80,136,94,138,80,136,94,136,94,138,80,138,text,figure_text,figure_0,,,,12anp2_20211228_163959_1273573862_600_800.png,/scratch/parceirosbr/bigoilict/share/BigOil/document_generator/datasets/documents_2021_12_28/12anp2_20211228_163959_1273573862_600_800.png,12anp2_20211228_163959_1273573862_600_800_mask.png,Demand (TB)
7,1,14,2,80,136,94,138,80,136,94,136,94,138,80,138,sub_line_text,figure_text,figure_0,,,,12anp2_20211228_163959_1273573862_600_800.png,/scratch/parceirosbr/bigoilict/share/BigOil/document_generator/datasets/documents_2021_12_28/12anp2_20211228_163959_1273573862_600_800.png,12anp2_20211228_163959_1273573862_600_800_mask.png,Demand (TB)
9,1,19,3,170,159,189,162,170,159,189,159,189,162,170,162,text,figure_text,figure_0,,,,12anp2_20211228_163959_1273573862_600_800.png,/scratch/parceirosbr/bigoilict/share/BigOil/document_generator/datasets/documents_2021_12_28/12anp2_20211228_163959_1273573862_600_800.png,12anp2_20211228_163959_1273573862_600_800_mask.png,Temperature (a.c)
9,1,19,3,170,159,189,162,170,159,189,159,189,162,170,162,sub_line_text,figure_text,figure_0,,,,12anp2_20211228_163959_1273573862_600_800.png,/scratch/parceirosbr/bigoilict/share/BigOil/document_generator/datasets/documents_2021_12_28/12anp2_20211228_163959_1273573862_600_800.png,12anp2_20211228_163959_1273573862_600_800_mask.png,Temperature (a.c)
5,1,10,3,67,146,77,149,67,146,77,146,77,149,67,149,text,figure_text,figure_0,,,,12anp2_20211228_163959_1273573862_600_800.png,/scratch/parceirosbr/bigoilict/share/BigOil/document_generator/datasets/documents_2021_12_28/12anp2_20211228_163959_1273573862_600_800.png,12anp2_20211228_163959_1273573862_600_800_mask.png,Liters (L)
5,1,10,3,67,146,77,149,67,146,77,146,77,149,67,149,sub_line_text,figure_text,figure_0,,,,12anp2_20211228_163959_1273573862_600_800.png,/scratch/parceirosbr/bigoilict/share/BigOil/document_generator/datasets/documents_2021_12_28/12anp2_20211228_163959_1273573862_600_800.png,12anp2_20211228_163959_1273573862_600_800_mask.png,Liters (L)
3,1,6,2,183,113,189,115,183,113,189,113,189,115,183,115,text,figure_text,figure_0,,,,12anp2_20211228_163959_1273573862_600_800.png,/scratch/parceirosbr/bigoilict/share/BigOil/document_generator/datasets/documents_2021_12_28/12anp2_20211228_163959_1273573862_600_800.png,12anp2_20211228_163959_1273573862_600_800_mask.png,Profit
3,1,6,2,183,113,189,115,183,113,189,113,189,115,183,115,sub_line_text,figure_text,figure_0,,,,12anp2_20211228_163959_1273573862_600_800.png,/scratch/parceirosbr/bigoilict/share/BigOil/document_generator/datasets/documents_2021_12_28/12anp2_20211228_163959_1273573862_600_800.png,12anp2_20211228_163959_1273573862_600_800_mask.png,Profit
4,1,9,3,157,154,166,157,157,154,166,154,166,157,157,157,text,figure_text,figure_0,,,,12anp2_20211228_163959_1273573862_600_800.png,/scratch/parceirosbr/bigoilict/share/BigOil/document_generator/datasets/documents_2021_12_28/12anp2_20211228_163959_1273573862_600_800.png,12anp2_20211228_163959_1273573862_600_800_mask.png,Average
4,1,9,3,157,154,166,157,157,154,166,154,166,157,157,157,sub_line_text,figure_text,figure_0,,,,12anp2_20211228_163959_1273573862_600_800.png,/scratch/parceirosbr/bigoilict/share/BigOil/document_generator/datasets/documents_2021_12_28/12anp2_20211228_163959_1273573862_600_800.png,12anp2_20211228_163959_1273573862_600_800_mask.png,Average
7,1,15,3,131,165,146,168,131,165,146,165,146,168,131,168,text,figure_text,figure_0,,,,12anp2_20211228_163959_1273573862_600_800.png,/scratch/parceirosbr/bigoilict/share/BigOil/document_generator/datasets/documents_2021_12_28/12anp2_20211228_163959_1273573862_600_800.png,12anp2_20211228_163959_1273573862_600_800_mask.png,Consumption
7,1,15,3,131,165,146,168,131,165,146,165,146,168,131,168,sub_line_text,figure_text,figure_0,,,,12anp2_20211228_163959_1273573862_600_800.png,/scratch/parceirosbr/bigoilict/share/BigOil/document_generator/datasets/documents_2021_12_28/12anp2_20211228_163959_1273573862_600_800.png,12anp2_20211228_163959_1273573862_600_800_mask.png,Consumption
5,1,10,2,142,112,152,114,142,112,152,112,152,114,142,114,text,figure_text,figure_0,,,,12anp2_20211228_163959_1273573862_600_800.png,/scratch/parceirosbr/bigoilict/share/BigOil/document_generator/datasets/documents_2021_12_28/12anp2_20211228_163959_1273573862_600_800.png,12anp2_20211228_163959_1273573862_600_800_mask.png,Speed ​​(v)
5,1,10,2,142,112,152,114,142,112,152,112,152,114,142,114,sub_line_text,figure_text,figure_0,,,,12anp2_20211228_163959_1273573862_600_800.png,/scratch/parceirosbr/bigoilict/share/BigOil/document_generator/datasets/documents_2021_12_28/12anp2_20211228_163959_1273573862_600_800.png,12anp2_20211228_163959_1273573862_600_800_mask.png,Speed ​​(v)
5,1,10,3,63,168,73,171,63,168,73,168,73,171,63,171,text,figure_text,figure_0,,,,12anp2_20211228_163959_1273573862_600_800.png,/scratch/parceirosbr/bigoilict/share/BigOil/document_generator/datasets/documents_2021_12_28/12anp2_20211228_163959_1273573862_600_800.png,12anp2_20211228_163959_1273573862_600_800_mask.png,-2789.46
5,1,10,3,63,168,73,171,63,168,73,168,73,171,63,171,sub_line_text,figure_text,figure_0,,,,12anp2_20211228_163959_1273573862_600_800.png,/scratch/parceirosbr/bigoilict/share/BigOil/document_generator/datasets/documents_2021_12_28/12anp2_20211228_163959_1273573862_600_800.png,12anp2_20211228_163959_1273573862_600_800_mask.png,-2789.46
8,1,16,2,73,128,89,130,73,128,89,128,89,130,73,130,text,figure_text,figure_0,,,,12anp2_20211228_163959_1273573862_600_800.png,/scratch/parceirosbr/bigoilict/share/BigOil/document_generator/datasets/documents_2021_12_28/12anp2_20211228_163959_1273573862_600_800.png,12anp2_20211228_163959_1273573862_600_800_mask.png,Concentration
8,1,16,2,73,128,89,130,73,128,89,128,89,130,73,130,sub_line_text,figure_text,figure_0,,,,12anp2_20211228_163959_1273573862_600_800.png,/scratch/parceirosbr/bigoilict/share/BigOil/document_generator/datasets/documents_2021_12_28/12anp2_20211228_163959_1273573862_600_800.png,12anp2_20211228_163959_1273573862_600_800_mask.png,Concentration
10,1,20,3,160,163,180,166,160,163,180,163,180,166,160,166,text,figure_text,figure_0,,,,12anp2_20211228_163959_1273573862_600_800.png,/scratch/parceirosbr/bigoilict/share/BigOil/document_generator/datasets/documents_2021_12_28/12anp2_20211228_163959_1273573862_600_800.png,12anp2_20211228_163959_1273573862_600_800_mask.png,Consumption [KB]
10,1,20,3,160,163,180,166,160,163,180,163,180,166,160,166,sub_line_text,figure_text,figure_0,,,,12anp2_20211228_163959_1273573862_600_800.png,/scratch/parceirosbr/bigoilict/share/BigOil/document_generator/datasets/documents_2021_12_28/12anp2_20211228_163959_1273573862_600_800.png,12anp2_20211228_163959_1273573862_600_800_mask.png,Consumption [KB]
37,4,75,9,97,180,172,189,97,180,172,180,172,189,97,189,sub_line_text,text,text_0,times,regular,7,12anp2_20211228_163959_1273573862_600_800.png,/scratch/parceirosbr/bigoilict/share/BigOil/document_generator/datasets/documents_2021_12_28/12anp2_20211228_163959_1273573862_600_800.png,12anp2_20211228_163959_1273573862_600_800_mask.png,A fase sólida se encontra.
37,4,75,9,97,180,172,189,97,180,172,180,172,189,97,189,text,text,text_0,times,regular,7,12anp2_20211228_163959_1273573862_600_800.png,/scratch/parceirosbr/bigoilict/share/BigOil/document_generator/datasets/documents_2021_12_28/12anp2_20211228_163959_1273573862_600_800.png,12anp2_20211228_163959_1273573862_600_800_mask.png,nan
136,102,272,204,248,106,520,310,248,106,520,106,520,310,248,310,image,figure_image,figure_3,,,,12anp2_20211228_163959_1273573862_600_800.png,/scratch/parceirosbr/bigoilict/share/BigOil/document_generator/datasets/documents_2021_12_28/12anp2_20211228_163959_1273573862_600_800.png,12anp2_20211228_163959_1273573862_600_800_mask.png,output/gen_img_20211228_164000_7441283925.png
-3,-16,-6,-32,299,145,293,113,299,113,299,145,293,145,293,113,text,figure_text,figure_3,,,,12anp2_20211228_163959_1273573862_600_800.png,/scratch/parceirosbr/bigoilict/share/BigOil/document_generator/datasets/documents_2021_12_28/12anp2_20211228_163959_1273573862_600_800.png,12anp2_20211228_163959_1273573862_600_800_mask.png,Processing (GB)
-3,-16,-6,-32,299,145,293,113,299,113,299,145,293,145,293,113,sub_line_text,figure_text,figure_3,,,,12anp2_20211228_163959_1273573862_600_800.png,/scratch/parceirosbr/bigoilict/share/BigOil/document_generator/datasets/documents_2021_12_28/12anp2_20211228_163959_1273573862_600_800.png,12anp2_20211228_163959_1273573862_600_800_mask.png,Processing (GB)
-2,-13,-4,-26,388,150,384,124,388,124,390,150,384,151,383,124,text,figure_text,figure_3,,,,12anp2_20211228_163959_1273573862_600_800.png,/scratch/parceirosbr/bigoilict/share/BigOil/document_generator/datasets/documents_2021_12_28/12anp2_20211228_163959_1273573862_600_800.png,12anp2_20211228_163959_1273573862_600_800_mask.png,Demand (GB)
-2,-13,-4,-26,388,150,384,124,388,124,390,150,384,151,383,124,sub_line_text,figure_text,figure_3,,,,12anp2_20211228_163959_1273573862_600_800.png,/scratch/parceirosbr/bigoilict/share/BigOil/document_generator/datasets/documents_2021_12_28/12anp2_20211228_163959_1273573862_600_800.png,12anp2_20211228_163959_1273573862_600_800_mask.png,Demand (GB)
-2,-10,-5,-20,352,267,347,247,352,247,352,267,347,267,347,247,text,figure_text,figure_3,,,,12anp2_20211228_163959_1273573862_600_800.png,/scratch/parceirosbr/bigoilict/share/BigOil/document_generator/datasets/documents_2021_12_28/12anp2_20211228_163959_1273573862_600_800.png,12anp2_20211228_163959_1273573862_600_800_mask.png,-9027.147
-2,-10,-5,-20,352,267,347,247,352,247,352,267,347,267,347,247,sub_line_text,figure_text,figure_3,,,,12anp2_20211228_163959_1273573862_600_800.png,/scratch/parceirosbr/bigoilict/share/BigOil/document_generator/datasets/documents_2021_12_28/12anp2_20211228_163959_1273573862_600_800.png,12anp2_20211228_163959_1273573862_600_800_mask.png,-9027.147
-2,-4,-4,-9,514,176,510,167,514,167,514,176,510,177,509,167,text,figure_text,figure_3,,,,12anp2_20211228_163959_1273573862_600_800.png,/scratch/parceirosbr/bigoilict/share/BigOil/document_generator/datasets/documents_2021_12_28/12anp2_20211228_163959_1273573862_600_800.png,12anp2_20211228_163959_1273573862_600_800_mask.png,Total
-2,-4,-4,-9,514,176,510,167,514,167,514,176,510,177,509,167,sub_line_text,figure_text,figure_3,,,,12anp2_20211228_163959_1273573862_600_800.png,/scratch/parceirosbr/bigoilict/share/BigOil/document_generator/datasets/documents_2021_12_28/12anp2_20211228_163959_1273573862_600_800.png,12anp2_20211228_163959_1273573862_600_800_mask.png,Total
-2,-10,-5,-21,414,286,409,265,414,265,414,286,409,286,409,265,text,figure_text,figure_3,,,,12anp2_20211228_163959_1273573862_600_800.png,/scratch/parceirosbr/bigoilict/share/BigOil/document_generator/datasets/documents_2021_12_28/12anp2_20211228_163959_1273573862_600_800.png,12anp2_20211228_163959_1273573862_600_800_mask.png,North East
-2,-10,-5,-21,414,286,409,265,414,265,414,286,409,286,409,265,sub_line_text,figure_text,figure_3,,,,12anp2_20211228_163959_1273573862_600_800.png,/scratch/parceirosbr/bigoilict/share/BigOil/document_generator/datasets/documents_2021_12_28/12anp2_20211228_163959_1273573862_600_800.png,12anp2_20211228_163959_1273573862_600_800_mask.png,North East
-2,-9,-4,-19,291,200,287,181,291,181,291,200,287,200,287,181,text,figure_text,figure_3,,,,12anp2_20211228_163959_1273573862_600_800.png,/scratch/parceirosbr/bigoilict/share/BigOil/document_generator/datasets/documents_2021_12_28/12anp2_20211228_163959_1273573862_600_800.png,12anp2_20211228_163959_1273573862_600_800_mask.png,-5681.3%
-2,-9,-4,-19,291,200,287,181,291,181,291,200,287,200,287,181,sub_line_text,figure_text,figure_3,,,,12anp2_20211228_163959_1273573862_600_800.png,/scratch/parceirosbr/bigoilict/share/BigOil/document_generator/datasets/documents_2021_12_28/12anp2_20211228_163959_1273573862_600_800.png,12anp2_20211228_163959_1273573862_600_800_mask.png,-5681.3%
-2,-7,-4,-14,365,191,361,177,365,177,365,191,361,191,361,177,text,figure_text,figure_3,,,,12anp2_20211228_163959_1273573862_600_800.png,/scratch/parceirosbr/bigoilict/share/BigOil/document_generator/datasets/documents_2021_12_28/12anp2_20211228_163959_1273573862_600_800.png,12anp2_20211228_163959_1273573862_600_800_mask.png,909.6%
-2,-7,-4,-14,365,191,361,177,365,177,365,191,361,191,361,177,sub_line_text,figure_text,figure_3,,,,12anp2_20211228_163959_1273573862_600_800.png,/scratch/parceirosbr/bigoilict/share/BigOil/document_generator/datasets/documents_2021_12_28/12anp2_20211228_163959_1273573862_600_800.png,12anp2_20211228_163959_1273573862_600_800_mask.png,909.6%
-2,-9,-5,-18,476,270,471,252,476,252,476,270,471,270,471,252,text,figure_text,figure_3,,,,12anp2_20211228_163959_1273573862_600_800.png,/scratch/parceirosbr/bigoilict/share/BigOil/document_generator/datasets/documents_2021_12_28/12anp2_20211228_163959_1273573862_600_800.png,12anp2_20211228_163959_1273573862_600_800_mask.png,Water [L]
-2,-9,-5,-18,476,270,471,252,476,252,476,270,471,270,471,252,sub_line_text,figure_text,figure_3,,,,12anp2_20211228_163959_1273573862_600_800.png,/scratch/parceirosbr/bigoilict/share/BigOil/document_generator/datasets/documents_2021_12_28/12anp2_20211228_163959_1273573862_600_800.png,12anp2_20211228_163959_1273573862_600_800_mask.png,Water [L]
-2,-4,-4,-9,345,200,341,191,345,191,346,200,341,201,341,191,text,figure_text,figure_3,,,,12anp2_20211228_163959_1273573862_600_800.png,/scratch/parceirosbr/bigoilict/share/BigOil/document_generator/datasets/documents_2021_12_28/12anp2_20211228_163959_1273573862_600_800.png,12anp2_20211228_163959_1273573862_600_800_mask.png,Start
-2,-4,-4,-9,345,200,341,191,345,191,346,200,341,201,341,191,sub_line_text,figure_text,figure_3,,,,12anp2_20211228_163959_1273573862_600_800.png,/scratch/parceirosbr/bigoilict/share/BigOil/document_generator/datasets/documents_2021_12_28/12anp2_20211228_163959_1273573862_600_800.png,12anp2_20211228_163959_1273573862_600_800_mask.png,Start
-2,-7,-5,-15,336,168,331,153,336,153,336,168,331,168,331,153,text,figure_text,figure_3,,,,12anp2_20211228_163959_1273573862_600_800.png,/scratch/parceirosbr/bigoilict/share/BigOil/document_generator/datasets/documents_2021_12_28/12anp2_20211228_163959_1273573862_600_800.png,12anp2_20211228_163959_1273573862_600_800_mask.png,-8980%
-2,-7,-5,-15,336,168,331,153,336,153,336,168,331,168,331,153,sub_line_text,figure_text,figure_3,,,,12anp2_20211228_163959_1273573862_600_800.png,/scratch/parceirosbr/bigoilict/share/BigOil/document_generator/datasets/documents_2021_12_28/12anp2_20211228_163959_1273573862_600_800.png,12anp2_20211228_163959_1273573862_600_800_mask.png,-8980%
-2,-7,-5,-15,489,191,484,176,489,176,489,191,484,191,484,176,text,figure_text,figure_3,,,,12anp2_20211228_163959_1273573862_600_800.png,/scratch/parceirosbr/bigoilict/share/BigOil/document_generator/datasets/documents_2021_12_28/12anp2_20211228_163959_1273573862_600_800.png,12anp2_20211228_163959_1273573862_600_800_mask.png,-4695%
-2,-7,-5,-15,489,191,484,176,489,176,489,191,484,191,484,176,sub_line_text,figure_text,figure_3,,,,12anp2_20211228_163959_1273573862_600_800.png,/scratch/parceirosbr/bigoilict/share/BigOil/document_generator/datasets/documents_2021_12_28/12anp2_20211228_163959_1273573862_600_800.png,12anp2_20211228_163959_1273573862_600_800_mask.png,-4695%
-2,-7,-4,-15,496,220,492,205,496,205,496,220,492,221,491,205,text,figure_text,figure_3,,,,12anp2_20211228_163959_1273573862_600_800.png,/scratch/parceirosbr/bigoilict/share/BigOil/document_generator/datasets/documents_2021_12_28/12anp2_20211228_163959_1273573862_600_800.png,12anp2_20211228_163959_1273573862_600_800_mask.png,Mixture
-2,-7,-4,-15,496,220,492,205,496,205,496,220,492,221,491,205,sub_line_text,figure_text,figure_3,,,,12anp2_20211228_163959_1273573862_600_800.png,/scratch/parceirosbr/bigoilict/share/BigOil/document_generator/datasets/documents_2021_12_28/12anp2_20211228_163959_1273573862_600_800.png,12anp2_20211228_163959_1273573862_600_800_mask.png,Mixture
-2,-10,-4,-20,357,225,353,205,357,205,357,225,353,225,353,205,text,figure_text,figure_3,,,,12anp2_20211228_163959_1273573862_600_800.png,/scratch/parceirosbr/bigoilict/share/BigOil/document_generator/datasets/documents_2021_12_28/12anp2_20211228_163959_1273573862_600_800.png,12anp2_20211228_163959_1273573862_600_800_mask.png,-2076.921
-2,-10,-4,-20,357,225,353,205,357,205,357,225,353,225,353,205,sub_line_text,figure_text,figure_3,,,,12anp2_20211228_163959_1273573862_600_800.png,/scratch/parceirosbr/bigoilict/share/BigOil/document_generator/datasets/documents_2021_12_28/12anp2_20211228_163959_1273573862_600_800.png,12anp2_20211228_163959_1273573862_600_800_mask.png,-2076.921
-2,-9,-5,-19,424,243,419,224,424,224,424,243,419,243,419,224,text,figure_text,figure_3,,,,12anp2_20211228_163959_1273573862_600_800.png,/scratch/parceirosbr/bigoilict/share/BigOil/document_generator/datasets/documents_2021_12_28/12anp2_20211228_163959_1273573862_600_800.png,12anp2_20211228_163959_1273573862_600_800_mask.png,-2070.8%
-2,-9,-5,-19,424,243,419,224,424,224,424,243,419,243,419,224,sub_line_text,figure_text,figure_3,,,,12anp2_20211228_163959_1273573862_600_800.png,/scratch/parceirosbr/bigoilict/share/BigOil/document_generator/datasets/documents_2021_12_28/12anp2_20211228_163959_1273573862_600_800.png,12anp2_20211228_163959_1273573862_600_800_mask.png,-2070.8%
-2,-5,-4,-10,342,141,338,131,342,131,342,141,338,141,338,131,text,figure_text,figure_3,,,,12anp2_20211228_163959_1273573862_600_800.png,/scratch/parceirosbr/bigoilict/share/BigOil/document_generator/datasets/documents_2021_12_28/12anp2_20211228_163959_1273573862_600_800.png,12anp2_20211228_163959_1273573862_600_800_mask.png,Time
-2,-5,-4,-10,342,141,338,131,342,131,342,141,338,141,338,131,sub_line_text,figure_text,figure_3,,,,12anp2_20211228_163959_1273573862_600_800.png,/scratch/parceirosbr/bigoilict/share/BigOil/document_generator/datasets/documents_2021_12_28/12anp2_20211228_163959_1273573862_600_800.png,12anp2_20211228_163959_1273573862_600_800_mask.png,Time
-2,-9,-5,-18,283,237,278,219,283,219,283,237,278,237,278,219,text,figure_text,figure_3,,,,12anp2_20211228_163959_1273573862_600_800.png,/scratch/parceirosbr/bigoilict/share/BigOil/document_generator/datasets/documents_2021_12_28/12anp2_20211228_163959_1273573862_600_800.png,12anp2_20211228_163959_1273573862_600_800_mask.png,Water [L]
-2,-9,-5,-18,283,237,278,219,283,219,283,237,278,237,278,219,sub_line_text,figure_text,figure_3,,,,12anp2_20211228_163959_1273573862_600_800.png,/scratch/parceirosbr/bigoilict/share/BigOil/document_generator/datasets/documents_2021_12_28/12anp2_20211228_163959_1273573862_600_800.png,12anp2_20211228_163959_1273573862_600_800_mask.png,Water [L]
-2,-15,-4,-30,262,230,258,200,262,200,263,230,258,230,256,200,text,figure_text,figure_3,,,,12anp2_20211228_163959_1273573862_600_800.png,/scratch/parceirosbr/bigoilict/share/BigOil/document_generator/datasets/documents_2021_12_28/12anp2_20211228_163959_1273573862_600_800.png,12anp2_20211228_163959_1273573862_600_800_mask.png,Frequency (Hz)
-2,-15,-4,-30,262,230,258,200,262,200,263,230,258,230,256,200,sub_line_text,figure_text,figure_3,,,,12anp2_20211228_163959_1273573862_600_800.png,/scratch/parceirosbr/bigoilict/share/BigOil/document_generator/datasets/documents_2021_12_28/12anp2_20211228_163959_1273573862_600_800.png,12anp2_20211228_163959_1273573862_600_800_mask.png,Frequency (Hz)
-2,-8,-5,-17,414,256,409,239,414,239,414,256,409,257,408,239,text,figure_text,figure_3,,,,12anp2_20211228_163959_1273573862_600_800.png,/scratch/parceirosbr/bigoilict/share/BigOil/document_generator/datasets/documents_2021_12_28/12anp2_20211228_163959_1273573862_600_800.png,12anp2_20211228_163959_1273573862_600_800_mask.png,Male (M)
-2,-8,-5,-17,414,256,409,239,414,239,414,256,409,257,408,239,sub_line_text,figure_text,figure_3,,,,12anp2_20211228_163959_1273573862_600_800.png,/scratch/parceirosbr/bigoilict/share/BigOil/document_generator/datasets/documents_2021_12_28/12anp2_20211228_163959_1273573862_600_800.png,12anp2_20211228_163959_1273573862_600_800_mask.png,Male (M)
-2,-9,-5,-18,400,253,395,235,400,235,400,253,395,253,395,235,text,figure_text,figure_3,,,,12anp2_20211228_163959_1273573862_600_800.png,/scratch/parceirosbr/bigoilict/share/BigOil/document_generator/datasets/documents_2021_12_28/12anp2_20211228_163959_1273573862_600_800.png,12anp2_20211228_163959_1273573862_600_800_mask.png,-4820.6%
-2,-9,-5,-18,400,253,395,235,400,235,400,253,395,253,395,235,sub_line_text,figure_text,figure_3,,,,12anp2_20211228_163959_1273573862_600_800.png,/scratch/parceirosbr/bigoilict/share/BigOil/document_generator/datasets/documents_2021_12_28/12anp2_20211228_163959_1273573862_600_800.png,12anp2_20211228_163959_1273573862_600_800_mask.png,-4820.6%
-2,-9,-5,-19,309,299,304,280,309,280,309,299,304,299,303,280,text,figure_text,figure_3,,,,12anp2_20211228_163959_1273573862_600_800.png,/scratch/parceirosbr/bigoilict/share/BigOil/document_generator/datasets/documents_2021_12_28/12anp2_20211228_163959_1273573862_600_800.png,12anp2_20211228_163959_1273573862_600_800_mask.png,Speed ​​(v)
-2,-9,-5,-19,309,299,304,280,309,280,309,299,304,299,303,280,sub_line_text,figure_text,figure_3,,,,12anp2_20211228_163959_1273573862_600_800.png,/scratch/parceirosbr/bigoilict/share/BigOil/document_generator/datasets/documents_2021_12_28/12anp2_20211228_163959_1273573862_600_800.png,12anp2_20211228_163959_1273573862_600_800_mask.png,Speed ​​(v)
-2,-9,-5,-18,364,219,359,201,364,201,364,219,359,219,359,201,text,figure_text,figure_3,,,,12anp2_20211228_163959_1273573862_600_800.png,/scratch/parceirosbr/bigoilict/share/BigOil/document_generator/datasets/documents_2021_12_28/12anp2_20211228_163959_1273573862_600_800.png,12anp2_20211228_163959_1273573862_600_800_mask.png,-8468.0%
-2,-9,-5,-18,364,219,359,201,364,201,364,219,359,219,359,201,sub_line_text,figure_text,figure_3,,,,12anp2_20211228_163959_1273573862_600_800.png,/scratch/parceirosbr/bigoilict/share/BigOil/document_generator/datasets/documents_2021_12_28/12anp2_20211228_163959_1273573862_600_800.png,12anp2_20211228_163959_1273573862_600_800_mask.png,-8468.0%
-2,-8,-4,-17,417,171,413,154,417,154,418,171,413,172,412,154,text,figure_text,figure_3,,,,12anp2_20211228_163959_1273573862_600_800.png,/scratch/parceirosbr/bigoilict/share/BigOil/document_generator/datasets/documents_2021_12_28/12anp2_20211228_163959_1273573862_600_800.png,12anp2_20211228_163959_1273573862_600_800_mask.png,-9093.97
-2,-8,-4,-17,417,171,413,154,417,154,418,171,413,172,412,154,sub_line_text,figure_text,figure_3,,,,12anp2_20211228_163959_1273573862_600_800.png,/scratch/parceirosbr/bigoilict/share/BigOil/document_generator/datasets/documents_2021_12_28/12anp2_20211228_163959_1273573862_600_800.png,12anp2_20211228_163959_1273573862_600_800_mask.png,-9093.97
-2,-6,-5,-13,454,250,449,237,454,237,454,250,449,250,449,237,text,figure_text,figure_3,,,,12anp2_20211228_163959_1273573862_600_800.png,/scratch/parceirosbr/bigoilict/share/BigOil/document_generator/datasets/documents_2021_12_28/12anp2_20211228_163959_1273573862_600_800.png,12anp2_20211228_163959_1273573862_600_800_mask.png,888.66
-2,-6,-5,-13,454,250,449,237,454,237,454,250,449,250,449,237,sub_line_text,figure_text,figure_3,,,,12anp2_20211228_163959_1273573862_600_800.png,/scratch/parceirosbr/bigoilict/share/BigOil/document_generator/datasets/documents_2021_12_28/12anp2_20211228_163959_1273573862_600_800.png,12anp2_20211228_163959_1273573862_600_800_mask.png,888.66
-2,-9,-4,-18,303,277,299,259,303,259,303,277,299,277,299,259,text,figure_text,figure_3,,,,12anp2_20211228_163959_1273573862_600_800.png,/scratch/parceirosbr/bigoilict/share/BigOil/document_generator/datasets/documents_2021_12_28/12anp2_20211228_163959_1273573862_600_800.png,12anp2_20211228_163959_1273573862_600_800_mask.png,Statistics
-2,-9,-4,-18,303,277,299,259,303,259,303,277,299,277,299,259,sub_line_text,figure_text,figure_3,,,,12anp2_20211228_163959_1273573862_600_800.png,/scratch/parceirosbr/bigoilict/share/BigOil/document_generator/datasets/documents_2021_12_28/12anp2_20211228_163959_1273573862_600_800.png,12anp2_20211228_163959_1273573862_600_800_mask.png,Statistics
-2,-5,-5,-10,495,136,490,126,495,126,495,136,490,136,490,126,text,figure_text,figure_3,,,,12anp2_20211228_163959_1273573862_600_800.png,/scratch/parceirosbr/bigoilict/share/BigOil/document_generator/datasets/documents_2021_12_28/12anp2_20211228_163959_1273573862_600_800.png,12anp2_20211228_163959_1273573862_600_800_mask.png,Texts
-2,-5,-5,-10,495,136,490,126,495,126,495,136,490,136,490,126,sub_line_text,figure_text,figure_3,,,,12anp2_20211228_163959_1273573862_600_800.png,/scratch/parceirosbr/bigoilict/share/BigOil/document_generator/datasets/documents_2021_12_28/12anp2_20211228_163959_1273573862_600_800.png,12anp2_20211228_163959_1273573862_600_800_mask.png,Texts
241,102,483,204,58,314,541,518,58,314,541,314,541,518,58,518,table,table_image,table_0,,,,12anp2_20211228_163959_1273573862_600_800.png,/scratch/parceirosbr/bigoilict/share/BigOil/document_generator/datasets/documents_2021_12_28/12anp2_20211228_163959_1273573862_600_800.png,12anp2_20211228_163959_1273573862_600_800_mask.png,output/gen_tab_20211228_164004_7019816975.png
18,3,37,7,80,320,117,327,80,320,117,320,117,327,80,327,text,table_text,table_0,courier,italic,7.0,12anp2_20211228_163959_1273573862_600_800.png,/scratch/parceirosbr/bigoilict/share/BigOil/document_generator/datasets/documents_2021_12_28/12anp2_20211228_163959_1273573862_600_800.png,12anp2_20211228_163959_1273573862_600_800_mask.png,comentado
18,3,37,7,80,320,117,327,80,320,117,320,117,327,80,327,sub_line_text,table_text,table_0,courier,italic,7.0,12anp2_20211228_163959_1273573862_600_800.png,/scratch/parceirosbr/bigoilict/share/BigOil/document_generator/datasets/documents_2021_12_28/12anp2_20211228_163959_1273573862_600_800.png,12anp2_20211228_163959_1273573862_600_800_mask.png,comentado
20,3,40,7,78,338,118,345,78,338,118,338,118,345,78,345,text,table_text,table_0,courier,bold,7.0,12anp2_20211228_163959_1273573862_600_800.png,/scratch/parceirosbr/bigoilict/share/BigOil/document_generator/datasets/documents_2021_12_28/12anp2_20211228_163959_1273573862_600_800.png,12anp2_20211228_163959_1273573862_600_800_mask.png,floculação
20,3,40,7,78,338,118,345,78,338,118,338,118,345,78,345,sub_line_text,table_text,table_0,courier,bold,7.0,12anp2_20211228_163959_1273573862_600_800.png,/scratch/parceirosbr/bigoilict/share/BigOil/document_generator/datasets/documents_2021_12_28/12anp2_20211228_163959_1273573862_600_800.png,12anp2_20211228_163959_1273573862_600_800_mask.png,floculação
24,3,48,7,74,348,122,355,74,348,122,348,122,355,74,355,text,table_text,table_0,courier,bold,7.0,12anp2_20211228_163959_1273573862_600_800.png,/scratch/parceirosbr/bigoilict/share/BigOil/document_generator/datasets/documents_2021_12_28/12anp2_20211228_163959_1273573862_600_800.png,12anp2_20211228_163959_1273573862_600_800_mask.png,investidores
24,3,48,7,74,348,122,355,74,348,122,348,122,355,74,355,sub_line_text,table_text,table_0,courier,bold,7.0,12anp2_20211228_163959_1273573862_600_800.png,/scratch/parceirosbr/bigoilict/share/BigOil/document_generator/datasets/documents_2021_12_28/12anp2_20211228_163959_1273573862_600_800.png,12anp2_20211228_163959_1273573862_600_800_mask.png,investidores
10,3,21,7,88,358,109,365,88,358,109,358,109,365,88,365,text,table_text,table_0,courier,bold,7.0,12anp2_20211228_163959_1273573862_600_800.png,/scratch/parceirosbr/bigoilict/share/BigOil/document_generator/datasets/documents_2021_12_28/12anp2_20211228_163959_1273573862_600_800.png,12anp2_20211228_163959_1273573862_600_800_mask.png,spray
10,3,21,7,88,358,109,365,88,358,109,358,109,365,88,365,sub_line_text,table_text,table_0,courier,bold,7.0,12anp2_20211228_163959_1273573862_600_800.png,/scratch/parceirosbr/bigoilict/share/BigOil/document_generator/datasets/documents_2021_12_28/12anp2_20211228_163959_1273573862_600_800.png,12anp2_20211228_163959_1273573862_600_800_mask.png,spray
8,3,17,7,90,368,107,375,90,368,107,368,107,375,90,375,text,table_text,table_0,courier,bold,7.0,12anp2_20211228_163959_1273573862_600_800.png,/scratch/parceirosbr/bigoilict/share/BigOil/document_generator/datasets/documents_2021_12_28/12anp2_20211228_163959_1273573862_600_800.png,12anp2_20211228_163959_1273573862_600_800_mask.png,pois
8,3,17,7,90,368,107,375,90,368,107,368,107,375,90,375,sub_line_text,table_text,table_0,courier,bold,7.0,12anp2_20211228_163959_1273573862_600_800.png,/scratch/parceirosbr/bigoilict/share/BigOil/document_generator/datasets/documents_2021_12_28/12anp2_20211228_163959_1273573862_600_800.png,12anp2_20211228_163959_1273573862_600_800_mask.png,pois
10,3,20,7,88,378,108,385,88,378,108,378,108,385,88,385,text,table_text,table_0,courier,bold,7.0,12anp2_20211228_163959_1273573862_600_800.png,/scratch/parceirosbr/bigoilict/share/BigOil/document_generator/datasets/documents_2021_12_28/12anp2_20211228_163959_1273573862_600_800.png,12anp2_20211228_163959_1273573862_600_800_mask.png,apelo
10,3,20,7,88,378,108,385,88,378,108,378,108,385,88,385,sub_line_text,table_text,table_0,courier,bold,7.0,12anp2_20211228_163959_1273573862_600_800.png,/scratch/parceirosbr/bigoilict/share/BigOil/document_generator/datasets/documents_2021_12_28/12anp2_20211228_163959_1273573862_600_800.png,12anp2_20211228_163959_1273573862_600_800_mask.png,apelo
14,3,28,7,84,388,112,395,84,388,112,388,112,395,84,395,text,table_text,table_0,courier,bold,7.0,12anp2_20211228_163959_1273573862_600_800.png,/scratch/parceirosbr/bigoilict/share/BigOil/document_generator/datasets/documents_2021_12_28/12anp2_20211228_163959_1273573862_600_800.png,12anp2_20211228_163959_1273573862_600_800_mask.png,concede
14,3,28,7,84,388,112,395,84,388,112,388,112,395,84,395,sub_line_text,table_text,table_0,courier,bold,7.0,12anp2_20211228_163959_1273573862_600_800.png,/scratch/parceirosbr/bigoilict/share/BigOil/document_generator/datasets/documents_2021_12_28/12anp2_20211228_163959_1273573862_600_800.png,12anp2_20211228_163959_1273573862_600_800_mask.png,concede
10,3,20,7,88,398,108,405,88,398,108,398,108,405,88,405,text,table_text,table_0,courier,bold,7.0,12anp2_20211228_163959_1273573862_600_800.png,/scratch/parceirosbr/bigoilict/share/BigOil/document_generator/datasets/documents_2021_12_28/12anp2_20211228_163959_1273573862_600_800.png,12anp2_20211228_163959_1273573862_600_800_mask.png,áreas
10,3,20,7,88,398,108,405,88,398,108,398,108,405,88,405,sub_line_text,table_text,table_0,courier,bold,7.0,12anp2_20211228_163959_1273573862_600_800.png,/scratch/parceirosbr/bigoilict/share/BigOil/document_generator/datasets/documents_2021_12_28/12anp2_20211228_163959_1273573862_600_800.png,12anp2_20211228_163959_1273573862_600_800_mask.png,áreas
16,3,32,7,82,408,114,415,82,408,114,408,114,415,82,415,text,table_text,table_0,courier,bold,7.0,12anp2_20211228_163959_1273573862_600_800.png,/scratch/parceirosbr/bigoilict/share/BigOil/document_generator/datasets/documents_2021_12_28/12anp2_20211228_163959_1273573862_600_800.png,12anp2_20211228_163959_1273573862_600_800_mask.png,diversas
16,3,32,7,82,408,114,415,82,408,114,408,114,415,82,415,sub_line_text,table_text,table_0,courier,bold,7.0,12anp2_20211228_163959_1273573862_600_800.png,/scratch/parceirosbr/bigoilict/share/BigOil/document_generator/datasets/documents_2021_12_28/12anp2_20211228_163959_1273573862_600_800.png,12anp2_20211228_163959_1273573862_600_800_mask.png,diversas
4,3,8,7,94,418,102,425,94,418,102,418,102,425,94,425,text,table_text,table_0,courier,bold,7.0,12anp2_20211228_163959_1273573862_600_800.png,/scratch/parceirosbr/bigoilict/share/BigOil/document_generator/datasets/documents_2021_12_28/12anp2_20211228_163959_1273573862_600_800.png,12anp2_20211228_163959_1273573862_600_800_mask.png,os
4,3,8,7,94,418,102,425,94,418,102,418,102,425,94,425,sub_line_text,table_text,table_0,courier,bold,7.0,12anp2_20211228_163959_1273573862_600_800.png,/scratch/parceirosbr/bigoilict/share/BigOil/document_generator/datasets/documents_2021_12_28/12anp2_20211228_163959_1273573862_600_800.png,12anp2_20211228_163959_1273573862_600_800_mask.png,os
14,3,28,7,84,428,112,435,84,428,112,428,112,435,84,435,text,table_text,table_0,courier,bold,7.0,12anp2_20211228_163959_1273573862_600_800.png,/scratch/parceirosbr/bigoilict/share/BigOil/document_generator/datasets/documents_2021_12_28/12anp2_20211228_163959_1273573862_600_800.png,12anp2_20211228_163959_1273573862_600_800_mask.png,elevado
14,3,28,7,84,428,112,435,84,428,112,428,112,435,84,435,sub_line_text,table_text,table_0,courier,bold,7.0,12anp2_20211228_163959_1273573862_600_800.png,/scratch/parceirosbr/bigoilict/share/BigOil/document_generator/datasets/documents_2021_12_28/12anp2_20211228_163959_1273573862_600_800.png,12anp2_20211228_163959_1273573862_600_800_mask.png,elevado
6,3,12,7,92,438,104,445,92,438,104,438,104,445,92,445,text,table_text,table_0,courier,bold,7.0,12anp2_20211228_163959_1273573862_600_800.png,/scratch/parceirosbr/bigoilict/share/BigOil/document_generator/datasets/documents_2021_12_28/12anp2_20211228_163959_1273573862_600_800.png,12anp2_20211228_163959_1273573862_600_800_mask.png,não
6,3,12,7,92,438,104,445,92,438,104,438,104,445,92,445,sub_line_text,table_text,table_0,courier,bold,7.0,12anp2_20211228_163959_1273573862_600_800.png,/scratch/parceirosbr/bigoilict/share/BigOil/document_generator/datasets/documents_2021_12_28/12anp2_20211228_163959_1273573862_600_800.png,12anp2_20211228_163959_1273573862_600_800_mask.png,não
18,3,36,7,80,448,116,455,80,448,116,448,116,455,80,455,text,table_text,table_0,courier,bold,7.0,12anp2_20211228_163959_1273573862_600_800.png,/scratch/parceirosbr/bigoilict/share/BigOil/document_generator/datasets/documents_2021_12_28/12anp2_20211228_163959_1273573862_600_800.png,12anp2_20211228_163959_1273573862_600_800_mask.png,comentado
18,3,36,7,80,448,116,455,80,448,116,448,116,455,80,455,sub_line_text,table_text,table_0,courier,bold,7.0,12anp2_20211228_163959_1273573862_600_800.png,/scratch/parceirosbr/bigoilict/share/BigOil/document_generator/datasets/documents_2021_12_28/12anp2_20211228_163959_1273573862_600_800.png,12anp2_20211228_163959_1273573862_600_800_mask.png,comentado
4,3,8,7,94,458,102,465,94,458,102,458,102,465,94,465,text,table_text,table_0,courier,bold,7.0,12anp2_20211228_163959_1273573862_600_800.png,/scratch/parceirosbr/bigoilict/share/BigOil/document_generator/datasets/documents_2021_12_28/12anp2_20211228_163959_1273573862_600_800.png,12anp2_20211228_163959_1273573862_600_800_mask.png,os
4,3,8,7,94,458,102,465,94,458,102,458,102,465,94,465,sub_line_text,table_text,table_0,courier,bold,7.0,12anp2_20211228_163959_1273573862_600_800.png,/scratch/parceirosbr/bigoilict/share/BigOil/document_generator/datasets/documents_2021_12_28/12anp2_20211228_163959_1273573862_600_800.png,12anp2_20211228_163959_1273573862_600_800_mask.png,os
12,3,24,7,86,468,110,475,86,468,110,468,110,475,86,475,text,table_text,table_0,courier,bold,7.0,12anp2_20211228_163959_1273573862_600_800.png,/scratch/parceirosbr/bigoilict/share/BigOil/document_generator/datasets/documents_2021_12_28/12anp2_20211228_163959_1273573862_600_800.png,12anp2_20211228_163959_1273573862_600_800_mask.png,testes
12,3,24,7,86,468,110,475,86,468,110,468,110,475,86,475,sub_line_text,table_text,table_0,courier,bold,7.0,12anp2_20211228_163959_1273573862_600_800.png,/scratch/parceirosbr/bigoilict/share/BigOil/document_generator/datasets/documents_2021_12_28/12anp2_20211228_163959_1273573862_600_800.png,12anp2_20211228_163959_1273573862_600_800_mask.png,testes
16,3,32,7,82,478,114,485,82,478,114,478,114,485,82,485,text,table_text,table_0,courier,bold,7.0,12anp2_20211228_163959_1273573862_600_800.png,/scratch/parceirosbr/bigoilict/share/BigOil/document_generator/datasets/documents_2021_12_28/12anp2_20211228_163959_1273573862_600_800.png,12anp2_20211228_163959_1273573862_600_800_mask.png,empresas
16,3,32,7,82,478,114,485,82,478,114,478,114,485,82,485,sub_line_text,table_text,table_0,courier,bold,7.0,12anp2_20211228_163959_1273573862_600_800.png,/scratch/parceirosbr/bigoilict/share/BigOil/document_generator/datasets/documents_2021_12_28/12anp2_20211228_163959_1273573862_600_800.png,12anp2_20211228_163959_1273573862_600_800_mask.png,empresas
10,3,20,7,88,488,108,495,88,488,108,488,108,495,88,495,text,table_text,table_0,courier,bold,7.0,12anp2_20211228_163959_1273573862_600_800.png,/scratch/parceirosbr/bigoilict/share/BigOil/document_generator/datasets/documents_2021_12_28/12anp2_20211228_163959_1273573862_600_800.png,12anp2_20211228_163959_1273573862_600_800_mask.png,tanto
10,3,20,7,88,488,108,495,88,488,108,488,108,495,88,495,sub_line_text,table_text,table_0,courier,bold,7.0,12anp2_20211228_163959_1273573862_600_800.png,/scratch/parceirosbr/bigoilict/share/BigOil/document_generator/datasets/documents_2021_12_28/12anp2_20211228_163959_1273573862_600_800.png,12anp2_20211228_163959_1273573862_600_800_mask.png,tanto
20,3,40,7,78,498,118,505,78,498,118,498,118,505,78,505,text,table_text,table_0,courier,bold,7.0,12anp2_20211228_163959_1273573862_600_800.png,/scratch/parceirosbr/bigoilict/share/BigOil/document_generator/datasets/documents_2021_12_28/12anp2_20211228_163959_1273573862_600_800.png,12anp2_20211228_163959_1273573862_600_800_mask.png,realização
20,3,40,7,78,498,118,505,78,498,118,498,118,505,78,505,sub_line_text,table_text,table_0,courier,bold,7.0,12anp2_20211228_163959_1273573862_600_800.png,/scratch/parceirosbr/bigoilict/share/BigOil/document_generator/datasets/documents_2021_12_28/12anp2_20211228_163959_1273573862_600_800.png,12anp2_20211228_163959_1273573862_600_800_mask.png,realização
12,3,24,7,288,508,312,515,288,508,312,508,312,515,288,515,text,table_text,table_0,courier,regular,7.0,12anp2_20211228_163959_1273573862_600_800.png,/scratch/parceirosbr/bigoilict/share/BigOil/document_generator/datasets/documents_2021_12_28/12anp2_20211228_163959_1273573862_600_800.png,12anp2_20211228_163959_1273573862_600_800_mask.png,termos
12,3,24,7,288,508,312,515,288,508,312,508,312,515,288,515,sub_line_text,table_text,table_0,courier,regular,7.0,12anp2_20211228_163959_1273573862_600_800.png,/scratch/parceirosbr/bigoilict/share/BigOil/document_generator/datasets/documents_2021_12_28/12anp2_20211228_163959_1273573862_600_800.png,12anp2_20211228_163959_1273573862_600_800_mask.png,termos
4,3,9,7,156,320,165,327,156,320,165,320,165,327,156,327,text,table_text,table_0,courier,italic,7.0,12anp2_20211228_163959_1273573862_600_800.png,/scratch/parceirosbr/bigoilict/share/BigOil/document_generator/datasets/documents_2021_12_28/12anp2_20211228_163959_1273573862_600_800.png,12anp2_20211228_163959_1273573862_600_800_mask.png,ar
4,3,9,7,156,320,165,327,156,320,165,320,165,327,156,327,sub_line_text,table_text,table_0,courier,italic,7.0,12anp2_20211228_163959_1273573862_600_800.png,/scratch/parceirosbr/bigoilict/share/BigOil/document_generator/datasets/documents_2021_12_28/12anp2_20211228_163959_1273573862_600_800.png,12anp2_20211228_163959_1273573862_600_800_mask.png,ar
10,3,20,7,145,338,165,345,145,338,165,338,165,345,145,345,text,table_text,table_0,courier,bold,7.0,12anp2_20211228_163959_1273573862_600_800.png,/scratch/parceirosbr/bigoilict/share/BigOil/document_generator/datasets/documents_2021_12_28/12anp2_20211228_163959_1273573862_600_800.png,12anp2_20211228_163959_1273573862_600_800_mask.png,801.5
10,3,20,7,145,338,165,345,145,338,165,338,165,345,145,345,sub_line_text,table_text,table_0,courier,bold,7.0,12anp2_20211228_163959_1273573862_600_800.png,/scratch/parceirosbr/bigoilict/share/BigOil/document_generator/datasets/documents_2021_12_28/12anp2_20211228_163959_1273573862_600_800.png,12anp2_20211228_163959_1273573862_600_800_mask.png,801.5
6,3,12,7,153,348,165,355,153,348,165,348,165,355,153,355,text,table_text,table_0,courier,bold,7.0,12anp2_20211228_163959_1273573862_600_800.png,/scratch/parceirosbr/bigoilict/share/BigOil/document_generator/datasets/documents_2021_12_28/12anp2_20211228_163959_1273573862_600_800.png,12anp2_20211228_163959_1273573862_600_800_mask.png,7.4
6,3,12,7,153,348,165,355,153,348,165,348,165,355,153,355,sub_line_text,table_text,table_0,courier,bold,7.0,12anp2_20211228_163959_1273573862_600_800.png,/scratch/parceirosbr/bigoilict/share/BigOil/document_generator/datasets/documents_2021_12_28/12anp2_20211228_163959_1273573862_600_800.png,12anp2_20211228_163959_1273573862_600_800_mask.png,7.4
8,3,16,7,149,358,165,365,149,358,165,358,165,365,149,365,text,table_text,table_0,courier,bold,7.0,12anp2_20211228_163959_1273573862_600_800.png,/scratch/parceirosbr/bigoilict/share/BigOil/document_generator/datasets/documents_2021_12_28/12anp2_20211228_163959_1273573862_600_800.png,12anp2_20211228_163959_1273573862_600_800_mask.png,95.8
8,3,16,7,149,358,165,365,149,358,165,358,165,365,149,365,sub_line_text,table_text,table_0,courier,bold,7.0,12anp2_20211228_163959_1273573862_600_800.png,/scratch/parceirosbr/bigoilict/share/BigOil/document_generator/datasets/documents_2021_12_28/12anp2_20211228_163959_1273573862_600_800.png,12anp2_20211228_163959_1273573862_600_800_mask.png,95.8
8,3,16,7,149,368,165,375,149,368,165,368,165,375,149,375,text,table_text,table_0,courier,bold,7.0,12anp2_20211228_163959_1273573862_600_800.png,/scratch/parceirosbr/bigoilict/share/BigOil/document_generator/datasets/documents_2021_12_28/12anp2_20211228_163959_1273573862_600_800.png,12anp2_20211228_163959_1273573862_600_800_mask.png,42.8
8,3,16,7,149,368,165,375,149,368,165,368,165,375,149,375,sub_line_text,table_text,table_0,courier,bold,7.0,12anp2_20211228_163959_1273573862_600_800.png,/scratch/parceirosbr/bigoilict/share/BigOil/document_generator/datasets/documents_2021_12_28/12anp2_20211228_163959_1273573862_600_800.png,12anp2_20211228_163959_1273573862_600_800_mask.png,42.8
10,3,20,7,145,378,165,385,145,378,165,378,165,385,145,385,text,table_text,table_0,courier,bold,7.0,12anp2_20211228_163959_1273573862_600_800.png,/scratch/parceirosbr/bigoilict/share/BigOil/document_generator/datasets/documents_2021_12_28/12anp2_20211228_163959_1273573862_600_800.png,12anp2_20211228_163959_1273573862_600_800_mask.png,323.9
10,3,20,7,145,378,165,385,145,378,165,378,165,385,145,385,sub_line_text,table_text,table_0,courier,bold,7.0,12anp2_20211228_163959_1273573862_600_800.png,/scratch/parceirosbr/bigoilict/share/BigOil/document_generator/datasets/documents_2021_12_28/12anp2_20211228_163959_1273573862_600_800.png,12anp2_20211228_163959_1273573862_600_800_mask.png,323.9
6,3,12,7,153,388,165,395,153,388,165,388,165,395,153,395,text,table_text,table_0,courier,bold,7.0,12anp2_20211228_163959_1273573862_600_800.png,/scratch/parceirosbr/bigoilict/share/BigOil/document_generator/datasets/documents_2021_12_28/12anp2_20211228_163959_1273573862_600_800.png,12anp2_20211228_163959_1273573862_600_800_mask.png,5.2
6,3,12,7,153,388,165,395,153,388,165,388,165,395,153,395,sub_line_text,table_text,table_0,courier,bold,7.0,12anp2_20211228_163959_1273573862_600_800.png,/scratch/parceirosbr/bigoilict/share/BigOil/document_generator/datasets/documents_2021_12_28/12anp2_20211228_163959_1273573862_600_800.png,12anp2_20211228_163959_1273573862_600_800_mask.png,5.2
6,3,12,7,153,398,165,405,153,398,165,398,165,405,153,405,text,table_text,table_0,courier,bold,7.0,12anp2_20211228_163959_1273573862_600_800.png,/scratch/parceirosbr/bigoilict/share/BigOil/document_generator/datasets/documents_2021_12_28/12anp2_20211228_163959_1273573862_600_800.png,12anp2_20211228_163959_1273573862_600_800_mask.png,9.7
6,3,12,7,153,398,165,405,153,398,165,398,165,405,153,405,sub_line_text,table_text,table_0,courier,bold,7.0,12anp2_20211228_163959_1273573862_600_800.png,/scratch/parceirosbr/bigoilict/share/BigOil/document_generator/datasets/documents_2021_12_28/12anp2_20211228_163959_1273573862_600_800.png,12anp2_20211228_163959_1273573862_600_800_mask.png,9.7
8,3,16,7,149,408,165,415,149,408,165,408,165,415,149,415,text,table_text,table_0,courier,bold,7.0,12anp2_20211228_163959_1273573862_600_800.png,/scratch/parceirosbr/bigoilict/share/BigOil/document_generator/datasets/documents_2021_12_28/12anp2_20211228_163959_1273573862_600_800.png,12anp2_20211228_163959_1273573862_600_800_mask.png,44.6
8,3,16,7,149,408,165,415,149,408,165,408,165,415,149,415,sub_line_text,table_text,table_0,courier,bold,7.0,12anp2_20211228_163959_1273573862_600_800.png,/scratch/parceirosbr/bigoilict/share/BigOil/document_generator/datasets/documents_2021_12_28/12anp2_20211228_163959_1273573862_600_800.png,12anp2_20211228_163959_1273573862_600_800_mask.png,44.6
8,3,16,7,149,418,165,425,149,418,165,418,165,425,149,425,text,table_text,table_0,courier,bold,7.0,12anp2_20211228_163959_1273573862_600_800.png,/scratch/parceirosbr/bigoilict/share/BigOil/document_generator/datasets/documents_2021_12_28/12anp2_20211228_163959_1273573862_600_800.png,12anp2_20211228_163959_1273573862_600_800_mask.png,12.4
8,3,16,7,149,418,165,425,149,418,165,418,165,425,149,425,sub_line_text,table_text,table_0,courier,bold,7.0,12anp2_20211228_163959_1273573862_600_800.png,/scratch/parceirosbr/bigoilict/share/BigOil/document_generator/datasets/documents_2021_12_28/12anp2_20211228_163959_1273573862_600_800.png,12anp2_20211228_163959_1273573862_600_800_mask.png,12.4
10,3,20,7,145,428,165,435,145,428,165,428,165,435,145,435,text,table_text,table_0,courier,bold,7.0,12anp2_20211228_163959_1273573862_600_800.png,/scratch/parceirosbr/bigoilict/share/BigOil/document_generator/datasets/documents_2021_12_28/12anp2_20211228_163959_1273573862_600_800.png,12anp2_20211228_163959_1273573862_600_800_mask.png,155.5
10,3,20,7,145,428,165,435,145,428,165,428,165,435,145,435,sub_line_text,table_text,table_0,courier,bold,7.0,12anp2_20211228_163959_1273573862_600_800.png,/scratch/parceirosbr/bigoilict/share/BigOil/document_generator/datasets/documents_2021_12_28/12anp2_20211228_163959_1273573862_600_800.png,12anp2_20211228_163959_1273573862_600_800_mask.png,155.5
10,3,20,7,145,438,165,445,145,438,165,438,165,445,145,445,text,table_text,table_0,courier,bold,7.0,12anp2_20211228_163959_1273573862_600_800.png,/scratch/parceirosbr/bigoilict/share/BigOil/document_generator/datasets/documents_2021_12_28/12anp2_20211228_163959_1273573862_600_800.png,12anp2_20211228_163959_1273573862_600_800_mask.png,313.8
10,3,20,7,145,438,165,445,145,438,165,438,165,445,145,445,sub_line_text,table_text,table_0,courier,bold,7.0,12anp2_20211228_163959_1273573862_600_800.png,/scratch/parceirosbr/bigoilict/share/BigOil/document_generator/datasets/documents_2021_12_28/12anp2_20211228_163959_1273573862_600_800.png,12anp2_20211228_163959_1273573862_600_800_mask.png,313.8
10,3,20,7,145,448,165,455,145,448,165,448,165,455,145,455,text,table_text,table_0,courier,bold,7.0,12anp2_20211228_163959_1273573862_600_800.png,/scratch/parceirosbr/bigoilict/share/BigOil/document_generator/datasets/documents_2021_12_28/12anp2_20211228_163959_1273573862_600_800.png,12anp2_20211228_163959_1273573862_600_800_mask.png,533.2
10,3,20,7,145,448,165,455,145,448,165,448,165,455,145,455,sub_line_text,table_text,table_0,courier,bold,7.0,12anp2_20211228_163959_1273573862_600_800.png,/scratch/parceirosbr/bigoilict/share/BigOil/document_generator/datasets/documents_2021_12_28/12anp2_20211228_163959_1273573862_600_800.png,12anp2_20211228_163959_1273573862_600_800_mask.png,533.2
10,3,20,7,145,458,165,465,145,458,165,458,165,465,145,465,text,table_text,table_0,courier,bold,7.0,12anp2_20211228_163959_1273573862_600_800.png,/scratch/parceirosbr/bigoilict/share/BigOil/document_generator/datasets/documents_2021_12_28/12anp2_20211228_163959_1273573862_600_800.png,12anp2_20211228_163959_1273573862_600_800_mask.png,708.5
10,3,20,7,145,458,165,465,145,458,165,458,165,465,145,465,sub_line_text,table_text,table_0,courier,bold,7.0,12anp2_20211228_163959_1273573862_600_800.png,/scratch/parceirosbr/bigoilict/share/BigOil/document_generator/datasets/documents_2021_12_28/12anp2_20211228_163959_1273573862_600_800.png,12anp2_20211228_163959_1273573862_600_800_mask.png,708.5
10,3,20,7,145,468,165,475,145,468,165,468,165,475,145,475,text,table_text,table_0,courier,bold,7.0,12anp2_20211228_163959_1273573862_600_800.png,/scratch/parceirosbr/bigoilict/share/BigOil/document_generator/datasets/documents_2021_12_28/12anp2_20211228_163959_1273573862_600_800.png,12anp2_20211228_163959_1273573862_600_800_mask.png,766.0
10,3,20,7,145,468,165,475,145,468,165,468,165,475,145,475,sub_line_text,table_text,table_0,courier,bold,7.0,12anp2_20211228_163959_1273573862_600_800.png,/scratch/parceirosbr/bigoilict/share/BigOil/document_generator/datasets/documents_2021_12_28/12anp2_20211228_163959_1273573862_600_800.png,12anp2_20211228_163959_1273573862_600_800_mask.png,766.0
6,3,12,7,153,478,165,485,153,478,165,478,165,485,153,485,text,table_text,table_0,courier,bold,7.0,12anp2_20211228_163959_1273573862_600_800.png,/scratch/parceirosbr/bigoilict/share/BigOil/document_generator/datasets/documents_2021_12_28/12anp2_20211228_163959_1273573862_600_800.png,12anp2_20211228_163959_1273573862_600_800_mask.png,9.9
6,3,12,7,153,478,165,485,153,478,165,478,165,485,153,485,sub_line_text,table_text,table_0,courier,bold,7.0,12anp2_20211228_163959_1273573862_600_800.png,/scratch/parceirosbr/bigoilict/share/BigOil/document_generator/datasets/documents_2021_12_28/12anp2_20211228_163959_1273573862_600_800.png,12anp2_20211228_163959_1273573862_600_800_mask.png,9.9
8,3,16,7,149,488,165,495,149,488,165,488,165,495,149,495,text,table_text,table_0,courier,bold,7.0,12anp2_20211228_163959_1273573862_600_800.png,/scratch/parceirosbr/bigoilict/share/BigOil/document_generator/datasets/documents_2021_12_28/12anp2_20211228_163959_1273573862_600_800.png,12anp2_20211228_163959_1273573862_600_800_mask.png,93.1
8,3,16,7,149,488,165,495,149,488,165,488,165,495,149,495,sub_line_text,table_text,table_0,courier,bold,7.0,12anp2_20211228_163959_1273573862_600_800.png,/scratch/parceirosbr/bigoilict/share/BigOil/document_generator/datasets/documents_2021_12_28/12anp2_20211228_163959_1273573862_600_800.png,12anp2_20211228_163959_1273573862_600_800_mask.png,93.1
6,3,12,7,153,498,165,505,153,498,165,498,165,505,153,505,text,table_text,table_0,courier,bold,7.0,12anp2_20211228_163959_1273573862_600_800.png,/scratch/parceirosbr/bigoilict/share/BigOil/document_generator/datasets/documents_2021_12_28/12anp2_20211228_163959_1273573862_600_800.png,12anp2_20211228_163959_1273573862_600_800_mask.png,3.2
6,3,12,7,153,498,165,505,153,498,165,498,165,505,153,505,sub_line_text,table_text,table_0,courier,bold,7.0,12anp2_20211228_163959_1273573862_600_800.png,/scratch/parceirosbr/bigoilict/share/BigOil/document_generator/datasets/documents_2021_12_28/12anp2_20211228_163959_1273573862_600_800.png,12anp2_20211228_163959_1273573862_600_800_mask.png,3.2
16,3,32,7,177,320,209,327,177,320,209,320,209,327,177,327,text,table_text,table_0,courier,italic,7.0,12anp2_20211228_163959_1273573862_600_800.png,/scratch/parceirosbr/bigoilict/share/BigOil/document_generator/datasets/documents_2021_12_28/12anp2_20211228_163959_1273573862_600_800.png,12anp2_20211228_163959_1273573862_600_800_mask.png,estreita
16,3,32,7,177,320,209,327,177,320,209,320,209,327,177,327,sub_line_text,table_text,table_0,courier,italic,7.0,12anp2_20211228_163959_1273573862_600_800.png,/scratch/parceirosbr/bigoilict/share/BigOil/document_generator/datasets/documents_2021_12_28/12anp2_20211228_163959_1273573862_600_800.png,12anp2_20211228_163959_1273573862_600_800_mask.png,estreita
16,3,32,7,177,338,209,345,177,338,209,338,209,345,177,345,text,table_text,table_0,courier,bold,7.0,12anp2_20211228_163959_1273573862_600_800.png,/scratch/parceirosbr/bigoilict/share/BigOil/document_generator/datasets/documents_2021_12_28/12anp2_20211228_163959_1273573862_600_800.png,12anp2_20211228_163959_1273573862_600_800_mask.png,531.7861
16,3,32,7,177,338,209,345,177,338,209,338,209,345,177,345,sub_line_text,table_text,table_0,courier,bold,7.0,12anp2_20211228_163959_1273573862_600_800.png,/scratch/parceirosbr/bigoilict/share/BigOil/document_generator/datasets/documents_2021_12_28/12anp2_20211228_163959_1273573862_600_800.png,12anp2_20211228_163959_1273573862_600_800_mask.png,531.7861
16,3,32,7,177,348,209,355,177,348,209,348,209,355,177,355,text,table_text,table_0,courier,bold,7.0,12anp2_20211228_163959_1273573862_600_800.png,/scratch/parceirosbr/bigoilict/share/BigOil/document_generator/datasets/documents_2021_12_28/12anp2_20211228_163959_1273573862_600_800.png,12anp2_20211228_163959_1273573862_600_800_mask.png,587.9905
16,3,32,7,177,348,209,355,177,348,209,348,209,355,177,355,sub_line_text,table_text,table_0,courier,bold,7.0,12anp2_20211228_163959_1273573862_600_800.png,/scratch/parceirosbr/bigoilict/share/BigOil/document_generator/datasets/documents_2021_12_28/12anp2_20211228_163959_1273573862_600_800.png,12anp2_20211228_163959_1273573862_600_800_mask.png,587.9905
16,3,32,7,177,358,209,365,177,358,209,358,209,365,177,365,text,table_text,table_0,courier,bold,7.0,12anp2_20211228_163959_1273573862_600_800.png,/scratch/parceirosbr/bigoilict/share/BigOil/document_generator/datasets/documents_2021_12_28/12anp2_20211228_163959_1273573862_600_800.png,12anp2_20211228_163959_1273573862_600_800_mask.png,528.5722
16,3,32,7,177,358,209,365,177,358,209,358,209,365,177,365,sub_line_text,table_text,table_0,courier,bold,7.0,12anp2_20211228_163959_1273573862_600_800.png,/scratch/parceirosbr/bigoilict/share/BigOil/document_generator/datasets/documents_2021_12_28/12anp2_20211228_163959_1273573862_600_800.png,12anp2_20211228_163959_1273573862_600_800_mask.png,528.5722
16,3,32,7,177,368,209,375,177,368,209,368,209,375,177,375,text,table_text,table_0,courier,bold,7.0,12anp2_20211228_163959_1273573862_600_800.png,/scratch/parceirosbr/bigoilict/share/BigOil/document_generator/datasets/documents_2021_12_28/12anp2_20211228_163959_1273573862_600_800.png,12anp2_20211228_163959_1273573862_600_800_mask.png,884.2333
16,3,32,7,177,368,209,375,177,368,209,368,209,375,177,375,sub_line_text,table_text,table_0,courier,bold,7.0,12anp2_20211228_163959_1273573862_600_800.png,/scratch/parceirosbr/bigoilict/share/BigOil/document_generator/datasets/documents_2021_12_28/12anp2_20211228_163959_1273573862_600_800.png,12anp2_20211228_163959_1273573862_600_800_mask.png,884.2333
16,3,32,7,177,378,209,385,177,378,209,378,209,385,177,385,text,table_text,table_0,courier,bold,7.0,12anp2_20211228_163959_1273573862_600_800.png,/scratch/parceirosbr/bigoilict/share/BigOil/document_generator/datasets/documents_2021_12_28/12anp2_20211228_163959_1273573862_600_800.png,12anp2_20211228_163959_1273573862_600_800_mask.png,676.6534
16,3,32,7,177,378,209,385,177,378,209,378,209,385,177,385,sub_line_text,table_text,table_0,courier,bold,7.0,12anp2_20211228_163959_1273573862_600_800.png,/scratch/parceirosbr/bigoilict/share/BigOil/document_generator/datasets/documents_2021_12_28/12anp2_20211228_163959_1273573862_600_800.png,12anp2_20211228_163959_1273573862_600_800_mask.png,676.6534
16,3,32,7,177,388,209,395,177,388,209,388,209,395,177,395,text,table_text,table_0,courier,bold,7.0,12anp2_20211228_163959_1273573862_600_800.png,/scratch/parceirosbr/bigoilict/share/BigOil/document_generator/datasets/documents_2021_12_28/12anp2_20211228_163959_1273573862_600_800.png,12anp2_20211228_163959_1273573862_600_800_mask.png,666.3714
16,3,32,7,177,388,209,395,177,388,209,388,209,395,177,395,sub_line_text,table_text,table_0,courier,bold,7.0,12anp2_20211228_163959_1273573862_600_800.png,/scratch/parceirosbr/bigoilict/share/BigOil/document_generator/datasets/documents_2021_12_28/12anp2_20211228_163959_1273573862_600_800.png,12anp2_20211228_163959_1273573862_600_800_mask.png,666.3714
16,3,32,7,177,398,209,405,177,398,209,398,209,405,177,405,text,table_text,table_0,courier,bold,7.0,12anp2_20211228_163959_1273573862_600_800.png,/scratch/parceirosbr/bigoilict/share/BigOil/document_generator/datasets/documents_2021_12_28/12anp2_20211228_163959_1273573862_600_800.png,12anp2_20211228_163959_1273573862_600_800_mask.png,880.2074
16,3,32,7,177,398,209,405,177,398,209,398,209,405,177,405,sub_line_text,table_text,table_0,courier,bold,7.0,12anp2_20211228_163959_1273573862_600_800.png,/scratch/parceirosbr/bigoilict/share/BigOil/document_generator/datasets/documents_2021_12_28/12anp2_20211228_163959_1273573862_600_800.png,12anp2_20211228_163959_1273573862_600_800_mask.png,880.2074
16,3,32,7,177,408,209,415,177,408,209,408,209,415,177,415,text,table_text,table_0,courier,bold,7.0,12anp2_20211228_163959_1273573862_600_800.png,/scratch/parceirosbr/bigoilict/share/BigOil/document_generator/datasets/documents_2021_12_28/12anp2_20211228_163959_1273573862_600_800.png,12anp2_20211228_163959_1273573862_600_800_mask.png,493.8643
16,3,32,7,177,408,209,415,177,408,209,408,209,415,177,415,sub_line_text,table_text,table_0,courier,bold,7.0,12anp2_20211228_163959_1273573862_600_800.png,/scratch/parceirosbr/bigoilict/share/BigOil/document_generator/datasets/documents_2021_12_28/12anp2_20211228_163959_1273573862_600_800.png,12anp2_20211228_163959_1273573862_600_800_mask.png,493.8643
16,3,32,7,177,418,209,425,177,418,209,418,209,425,177,425,text,table_text,table_0,courier,bold,7.0,12anp2_20211228_163959_1273573862_600_800.png,/scratch/parceirosbr/bigoilict/share/BigOil/document_generator/datasets/documents_2021_12_28/12anp2_20211228_163959_1273573862_600_800.png,12anp2_20211228_163959_1273573862_600_800_mask.png,177.0544
16,3,32,7,177,418,209,425,177,418,209,418,209,425,177,425,sub_line_text,table_text,table_0,courier,bold,7.0,12anp2_20211228_163959_1273573862_600_800.png,/scratch/parceirosbr/bigoilict/share/BigOil/document_generator/datasets/documents_2021_12_28/12anp2_20211228_163959_1273573862_600_800.png,12anp2_20211228_163959_1273573862_600_800_mask.png,177.0544
16,3,32,7,177,428,209,435,177,428,209,428,209,435,177,435,text,table_text,table_0,courier,bold,7.0,12anp2_20211228_163959_1273573862_600_800.png,/scratch/parceirosbr/bigoilict/share/BigOil/document_generator/datasets/documents_2021_12_28/12anp2_20211228_163959_1273573862_600_800.png,12anp2_20211228_163959_1273573862_600_800_mask.png,451.2054
16,3,32,7,177,428,209,435,177,428,209,428,209,435,177,435,sub_line_text,table_text,table_0,courier,bold,7.0,12anp2_20211228_163959_1273573862_600_800.png,/scratch/parceirosbr/bigoilict/share/BigOil/document_generator/datasets/documents_2021_12_28/12anp2_20211228_163959_1273573862_600_800.png,12anp2_20211228_163959_1273573862_600_800_mask.png,451.2054
16,3,32,7,177,438,209,445,177,438,209,438,209,445,177,445,text,table_text,table_0,courier,bold,7.0,12anp2_20211228_163959_1273573862_600_800.png,/scratch/parceirosbr/bigoilict/share/BigOil/document_generator/datasets/documents_2021_12_28/12anp2_20211228_163959_1273573862_600_800.png,12anp2_20211228_163959_1273573862_600_800_mask.png,868.7371
16,3,32,7,177,438,209,445,177,438,209,438,209,445,177,445,sub_line_text,table_text,table_0,courier,bold,7.0,12anp2_20211228_163959_1273573862_600_800.png,/scratch/parceirosbr/bigoilict/share/BigOil/document_generator/datasets/documents_2021_12_28/12anp2_20211228_163959_1273573862_600_800.png,12anp2_20211228_163959_1273573862_600_800_mask.png,868.7371
16,3,32,7,177,448,209,455,177,448,209,448,209,455,177,455,text,table_text,table_0,courier,bold,7.0,12anp2_20211228_163959_1273573862_600_800.png,/scratch/parceirosbr/bigoilict/share/BigOil/document_generator/datasets/documents_2021_12_28/12anp2_20211228_163959_1273573862_600_800.png,12anp2_20211228_163959_1273573862_600_800_mask.png,415.7224
16,3,32,7,177,448,209,455,177,448,209,448,209,455,177,455,sub_line_text,table_text,table_0,courier,bold,7.0,12anp2_20211228_163959_1273573862_600_800.png,/scratch/parceirosbr/bigoilict/share/BigOil/document_generator/datasets/documents_2021_12_28/12anp2_20211228_163959_1273573862_600_800.png,12anp2_20211228_163959_1273573862_600_800_mask.png,415.7224
16,3,32,7,177,458,209,465,177,458,209,458,209,465,177,465,text,table_text,table_0,courier,bold,7.0,12anp2_20211228_163959_1273573862_600_800.png,/scratch/parceirosbr/bigoilict/share/BigOil/document_generator/datasets/documents_2021_12_28/12anp2_20211228_163959_1273573862_600_800.png,12anp2_20211228_163959_1273573862_600_800_mask.png,695.8970
16,3,32,7,177,458,209,465,177,458,209,458,209,465,177,465,sub_line_text,table_text,table_0,courier,bold,7.0,12anp2_20211228_163959_1273573862_600_800.png,/scratch/parceirosbr/bigoilict/share/BigOil/document_generator/datasets/documents_2021_12_28/12anp2_20211228_163959_1273573862_600_800.png,12anp2_20211228_163959_1273573862_600_800_mask.png,695.8970
16,3,32,7,177,468,209,475,177,468,209,468,209,475,177,475,text,table_text,table_0,courier,bold,7.0,12anp2_20211228_163959_1273573862_600_800.png,/scratch/parceirosbr/bigoilict/share/BigOil/document_generator/datasets/documents_2021_12_28/12anp2_20211228_163959_1273573862_600_800.png,12anp2_20211228_163959_1273573862_600_800_mask.png,140.7363
16,3,32,7,177,468,209,475,177,468,209,468,209,475,177,475,sub_line_text,table_text,table_0,courier,bold,7.0,12anp2_20211228_163959_1273573862_600_800.png,/scratch/parceirosbr/bigoilict/share/BigOil/document_generator/datasets/documents_2021_12_28/12anp2_20211228_163959_1273573862_600_800.png,12anp2_20211228_163959_1273573862_600_800_mask.png,140.7363
16,3,32,7,177,478,209,485,177,478,209,478,209,485,177,485,text,table_text,table_0,courier,bold,7.0,12anp2_20211228_163959_1273573862_600_800.png,/scratch/parceirosbr/bigoilict/share/BigOil/document_generator/datasets/documents_2021_12_28/12anp2_20211228_163959_1273573862_600_800.png,12anp2_20211228_163959_1273573862_600_800_mask.png,449.4718
16,3,32,7,177,478,209,485,177,478,209,478,209,485,177,485,sub_line_text,table_text,table_0,courier,bold,7.0,12anp2_20211228_163959_1273573862_600_800.png,/scratch/parceirosbr/bigoilict/share/BigOil/document_generator/datasets/documents_2021_12_28/12anp2_20211228_163959_1273573862_600_800.png,12anp2_20211228_163959_1273573862_600_800_mask.png,449.4718
16,3,32,7,177,488,209,495,177,488,209,488,209,495,177,495,text,table_text,table_0,courier,bold,7.0,12anp2_20211228_163959_1273573862_600_800.png,/scratch/parceirosbr/bigoilict/share/BigOil/document_generator/datasets/documents_2021_12_28/12anp2_20211228_163959_1273573862_600_800.png,12anp2_20211228_163959_1273573862_600_800_mask.png,895.2774
16,3,32,7,177,488,209,495,177,488,209,488,209,495,177,495,sub_line_text,table_text,table_0,courier,bold,7.0,12anp2_20211228_163959_1273573862_600_800.png,/scratch/parceirosbr/bigoilict/share/BigOil/document_generator/datasets/documents_2021_12_28/12anp2_20211228_163959_1273573862_600_800.png,12anp2_20211228_163959_1273573862_600_800_mask.png,895.2774
16,3,32,7,177,498,209,505,177,498,209,498,209,505,177,505,text,table_text,table_0,courier,bold,7.0,12anp2_20211228_163959_1273573862_600_800.png,/scratch/parceirosbr/bigoilict/share/BigOil/document_generator/datasets/documents_2021_12_28/12anp2_20211228_163959_1273573862_600_800.png,12anp2_20211228_163959_1273573862_600_800_mask.png,843.4598
16,3,32,7,177,498,209,505,177,498,209,498,209,505,177,505,sub_line_text,table_text,table_0,courier,bold,7.0,12anp2_20211228_163959_1273573862_600_800.png,/scratch/parceirosbr/bigoilict/share/BigOil/document_generator/datasets/documents_2021_12_28/12anp2_20211228_163959_1273573862_600_800.png,12anp2_20211228_163959_1273573862_600_800_mask.png,843.4598
20,3,40,7,221,320,261,327,221,320,261,320,261,327,221,327,text,table_text,table_0,courier,italic,7.0,12anp2_20211228_163959_1273573862_600_800.png,/scratch/parceirosbr/bigoilict/share/BigOil/document_generator/datasets/documents_2021_12_28/12anp2_20211228_163959_1273573862_600_800.png,12anp2_20211228_163959_1273573862_600_800_mask.png,eficiência
20,3,40,7,221,320,261,327,221,320,261,320,261,327,221,327,sub_line_text,table_text,table_0,courier,italic,7.0,12anp2_20211228_163959_1273573862_600_800.png,/scratch/parceirosbr/bigoilict/share/BigOil/document_generator/datasets/documents_2021_12_28/12anp2_20211228_163959_1273573862_600_800.png,12anp2_20211228_163959_1273573862_600_800_mask.png,eficiência
4,3,8,7,237,338,245,345,237,338,245,338,245,345,237,345,text,table_text,table_0,courier,bold,7.0,12anp2_20211228_163959_1273573862_600_800.png,/scratch/parceirosbr/bigoilict/share/BigOil/document_generator/datasets/documents_2021_12_28/12anp2_20211228_163959_1273573862_600_800.png,12anp2_20211228_163959_1273573862_600_800_mask.png,de
4,3,8,7,237,338,245,345,237,338,245,338,245,345,237,345,sub_line_text,table_text,table_0,courier,bold,7.0,12anp2_20211228_163959_1273573862_600_800.png,/scratch/parceirosbr/bigoilict/share/BigOil/document_generator/datasets/documents_2021_12_28/12anp2_20211228_163959_1273573862_600_800.png,12anp2_20211228_163959_1273573862_600_800_mask.png,de
10,3,20,7,231,348,251,355,231,348,251,348,251,355,231,355,text,table_text,table_0,courier,bold,7.0,12anp2_20211228_163959_1273573862_600_800.png,/scratch/parceirosbr/bigoilict/share/BigOil/document_generator/datasets/documents_2021_12_28/12anp2_20211228_163959_1273573862_600_800.png,12anp2_20211228_163959_1273573862_600_800_mask.png,apelo
10,3,20,7,231,348,251,355,231,348,251,348,251,355,231,355,sub_line_text,table_text,table_0,courier,bold,7.0,12anp2_20211228_163959_1273573862_600_800.png,/scratch/parceirosbr/bigoilict/share/BigOil/document_generator/datasets/documents_2021_12_28/12anp2_20211228_163959_1273573862_600_800.png,12anp2_20211228_163959_1273573862_600_800_mask.png,apelo
22,3,45,7,218,358,263,365,218,358,263,358,263,365,218,365,text,table_text,table_0,courier,bold,7.0,12anp2_20211228_163959_1273573862_600_800.png,/scratch/parceirosbr/bigoilict/share/BigOil/document_generator/datasets/documents_2021_12_28/12anp2_20211228_163959_1273573862_600_800.png,12anp2_20211228_163959_1273573862_600_800_mask.png,publicações
22,3,45,7,218,358,263,365,218,358,263,358,263,365,218,365,sub_line_text,table_text,table_0,courier,bold,7.0,12anp2_20211228_163959_1273573862_600_800.png,/scratch/parceirosbr/bigoilict/share/BigOil/document_generator/datasets/documents_2021_12_28/12anp2_20211228_163959_1273573862_600_800.png,12anp2_20211228_163959_1273573862_600_800_mask.png,publicações
22,3,44,7,219,368,263,375,219,368,263,368,263,375,219,375,text,table_text,table_0,courier,bold,7.0,12anp2_20211228_163959_1273573862_600_800.png,/scratch/parceirosbr/bigoilict/share/BigOil/document_generator/datasets/documents_2021_12_28/12anp2_20211228_163959_1273573862_600_800.png,12anp2_20211228_163959_1273573862_600_800_mask.png,indefinição
22,3,44,7,219,368,263,375,219,368,263,368,263,375,219,375,sub_line_text,table_text,table_0,courier,bold,7.0,12anp2_20211228_163959_1273573862_600_800.png,/scratch/parceirosbr/bigoilict/share/BigOil/document_generator/datasets/documents_2021_12_28/12anp2_20211228_163959_1273573862_600_800.png,12anp2_20211228_163959_1273573862_600_800_mask.png,indefinição
2,3,4,7,239,378,243,385,239,378,243,378,243,385,239,385,text,table_text,table_0,courier,bold,7.0,12anp2_20211228_163959_1273573862_600_800.png,/scratch/parceirosbr/bigoilict/share/BigOil/document_generator/datasets/documents_2021_12_28/12anp2_20211228_163959_1273573862_600_800.png,12anp2_20211228_163959_1273573862_600_800_mask.png,e
2,3,4,7,239,378,243,385,239,378,243,378,243,385,239,385,sub_line_text,table_text,table_0,courier,bold,7.0,12anp2_20211228_163959_1273573862_600_800.png,/scratch/parceirosbr/bigoilict/share/BigOil/document_generator/datasets/documents_2021_12_28/12anp2_20211228_163959_1273573862_600_800.png,12anp2_20211228_163959_1273573862_600_800_mask.png,e
4,3,8,7,237,388,245,395,237,388,245,388,245,395,237,395,text,table_text,table_0,courier,bold,7.0,12anp2_20211228_163959_1273573862_600_800.png,/scratch/parceirosbr/bigoilict/share/BigOil/document_generator/datasets/documents_2021_12_28/12anp2_20211228_163959_1273573862_600_800.png,12anp2_20211228_163959_1273573862_600_800_mask.png,as
4,3,8,7,237,388,245,395,237,388,245,388,245,395,237,395,sub_line_text,table_text,table_0,courier,bold,7.0,12anp2_20211228_163959_1273573862_600_800.png,/scratch/parceirosbr/bigoilict/share/BigOil/document_generator/datasets/documents_2021_12_28/12anp2_20211228_163959_1273573862_600_800.png,12anp2_20211228_163959_1273573862_600_800_mask.png,as
12,3,24,7,229,398,253,405,229,398,253,398,253,405,229,405,text,table_text,table_0,courier,bold,7.0,12anp2_20211228_163959_1273573862_600_800.png,/scratch/parceirosbr/bigoilict/share/BigOil/document_generator/datasets/documents_2021_12_28/12anp2_20211228_163959_1273573862_600_800.png,12anp2_20211228_163959_1273573862_600_800_mask.png,quanto
12,3,24,7,229,398,253,405,229,398,253,398,253,405,229,405,sub_line_text,table_text,table_0,courier,bold,7.0,12anp2_20211228_163959_1273573862_600_800.png,/scratch/parceirosbr/bigoilict/share/BigOil/document_generator/datasets/documents_2021_12_28/12anp2_20211228_163959_1273573862_600_800.png,12anp2_20211228_163959_1273573862_600_800_mask.png,quanto
10,3,20,7,231,408,251,415,231,408,251,408,251,415,231,415,text,table_text,table_0,courier,bold,7.0,12anp2_20211228_163959_1273573862_600_800.png,/scratch/parceirosbr/bigoilict/share/BigOil/document_generator/datasets/documents_2021_12_28/12anp2_20211228_163959_1273573862_600_800.png,12anp2_20211228_163959_1273573862_600_800_mask.png,atual
10,3,20,7,231,408,251,415,231,408,251,408,251,415,231,415,sub_line_text,table_text,table_0,courier,bold,7.0,12anp2_20211228_163959_1273573862_600_800.png,/scratch/parceirosbr/bigoilict/share/BigOil/document_generator/datasets/documents_2021_12_28/12anp2_20211228_163959_1273573862_600_800.png,12anp2_20211228_163959_1273573862_600_800_mask.png,atual
6,3,12,7,235,418,247,425,235,418,247,418,247,425,235,425,text,table_text,table_0,courier,bold,7.0,12anp2_20211228_163959_1273573862_600_800.png,/scratch/parceirosbr/bigoilict/share/BigOil/document_generator/datasets/documents_2021_12_28/12anp2_20211228_163959_1273573862_600_800.png,12anp2_20211228_163959_1273573862_600_800_mask.png,das
6,3,12,7,235,418,247,425,235,418,247,418,247,425,235,425,sub_line_text,table_text,table_0,courier,bold,7.0,12anp2_20211228_163959_1273573862_600_800.png,/scratch/parceirosbr/bigoilict/share/BigOil/document_generator/datasets/documents_2021_12_28/12anp2_20211228_163959_1273573862_600_800.png,12anp2_20211228_163959_1273573862_600_800_mask.png,das
14,3,29,7,226,428,255,435,226,428,255,428,255,435,226,435,text,table_text,table_0,courier,bold,7.0,12anp2_20211228_163959_1273573862_600_800.png,/scratch/parceirosbr/bigoilict/share/BigOil/document_generator/datasets/documents_2021_12_28/12anp2_20211228_163959_1273573862_600_800.png,12anp2_20211228_163959_1273573862_600_800_mask.png,sugeriu
14,3,29,7,226,428,255,435,226,428,255,428,255,435,226,435,sub_line_text,table_text,table_0,courier,bold,7.0,12anp2_20211228_163959_1273573862_600_800.png,/scratch/parceirosbr/bigoilict/share/BigOil/document_generator/datasets/documents_2021_12_28/12anp2_20211228_163959_1273573862_600_800.png,12anp2_20211228_163959_1273573862_600_800_mask.png,sugeriu
14,3,28,7,227,438,255,445,227,438,255,438,255,445,227,445,text,table_text,table_0,courier,bold,7.0,12anp2_20211228_163959_1273573862_600_800.png,/scratch/parceirosbr/bigoilict/share/BigOil/document_generator/datasets/documents_2021_12_28/12anp2_20211228_163959_1273573862_600_800.png,12anp2_20211228_163959_1273573862_600_800_mask.png,relação
14,3,28,7,227,438,255,445,227,438,255,438,255,445,227,445,sub_line_text,table_text,table_0,courier,bold,7.0,12anp2_20211228_163959_1273573862_600_800.png,/scratch/parceirosbr/bigoilict/share/BigOil/document_generator/datasets/documents_2021_12_28/12anp2_20211228_163959_1273573862_600_800.png,12anp2_20211228_163959_1273573862_600_800_mask.png,relação
12,3,24,7,229,448,253,455,229,448,253,448,253,455,229,455,text,table_text,table_0,courier,bold,7.0,12anp2_20211228_163959_1273573862_600_800.png,/scratch/parceirosbr/bigoilict/share/BigOil/document_generator/datasets/documents_2021_12_28/12anp2_20211228_163959_1273573862_600_800.png,12anp2_20211228_163959_1273573862_600_800_mask.png,custos
12,3,24,7,229,448,253,455,229,448,253,448,253,455,229,455,sub_line_text,table_text,table_0,courier,bold,7.0,12anp2_20211228_163959_1273573862_600_800.png,/scratch/parceirosbr/bigoilict/share/BigOil/document_generator/datasets/documents_2021_12_28/12anp2_20211228_163959_1273573862_600_800.png,12anp2_20211228_163959_1273573862_600_800_mask.png,custos
14,3,28,7,227,458,255,465,227,458,255,458,255,465,227,465,text,table_text,table_0,courier,bold,7.0,12anp2_20211228_163959_1273573862_600_800.png,/scratch/parceirosbr/bigoilict/share/BigOil/document_generator/datasets/documents_2021_12_28/12anp2_20211228_163959_1273573862_600_800.png,12anp2_20211228_163959_1273573862_600_800_mask.png,elevado
14,3,28,7,227,458,255,465,227,458,255,458,255,465,227,465,sub_line_text,table_text,table_0,courier,bold,7.0,12anp2_20211228_163959_1273573862_600_800.png,/scratch/parceirosbr/bigoilict/share/BigOil/document_generator/datasets/documents_2021_12_28/12anp2_20211228_163959_1273573862_600_800.png,12anp2_20211228_163959_1273573862_600_800_mask.png,elevado
14,3,29,7,226,468,255,475,226,468,255,468,255,475,226,475,text,table_text,table_0,courier,bold,7.0,12anp2_20211228_163959_1273573862_600_800.png,/scratch/parceirosbr/bigoilict/share/BigOil/document_generator/datasets/documents_2021_12_28/12anp2_20211228_163959_1273573862_600_800.png,12anp2_20211228_163959_1273573862_600_800_mask.png,estaria
14,3,29,7,226,468,255,475,226,468,255,468,255,475,226,475,sub_line_text,table_text,table_0,courier,bold,7.0,12anp2_20211228_163959_1273573862_600_800.png,/scratch/parceirosbr/bigoilict/share/BigOil/document_generator/datasets/documents_2021_12_28/12anp2_20211228_163959_1273573862_600_800.png,12anp2_20211228_163959_1273573862_600_800_mask.png,estaria
20,3,40,7,221,478,261,485,221,478,261,478,261,485,221,485,text,table_text,table_0,courier,bold,7.0,12anp2_20211228_163959_1273573862_600_800.png,/scratch/parceirosbr/bigoilict/share/BigOil/document_generator/datasets/documents_2021_12_28/12anp2_20211228_163959_1273573862_600_800.png,12anp2_20211228_163959_1273573862_600_800_mask.png,calculadas
20,3,40,7,221,478,261,485,221,478,261,478,261,485,221,485,sub_line_text,table_text,table_0,courier,bold,7.0,12anp2_20211228_163959_1273573862_600_800.png,/scratch/parceirosbr/bigoilict/share/BigOil/document_generator/datasets/documents_2021_12_28/12anp2_20211228_163959_1273573862_600_800.png,12anp2_20211228_163959_1273573862_600_800_mask.png,calculadas
10,3,20,7,231,488,251,495,231,488,251,488,251,495,231,495,text,table_text,table_0,courier,bold,7.0,12anp2_20211228_163959_1273573862_600_800.png,/scratch/parceirosbr/bigoilict/share/BigOil/document_generator/datasets/documents_2021_12_28/12anp2_20211228_163959_1273573862_600_800.png,12anp2_20211228_163959_1273573862_600_800_mask.png,julho
10,3,20,7,231,488,251,495,231,488,251,488,251,495,231,495,sub_line_text,table_text,table_0,courier,bold,7.0,12anp2_20211228_163959_1273573862_600_800.png,/scratch/parceirosbr/bigoilict/share/BigOil/document_generator/datasets/documents_2021_12_28/12anp2_20211228_163959_1273573862_600_800.png,12anp2_20211228_163959_1273573862_600_800_mask.png,julho
22,3,44,7,219,498,263,505,219,498,263,498,263,505,219,505,text,table_text,table_0,courier,bold,7.0,12anp2_20211228_163959_1273573862_600_800.png,/scratch/parceirosbr/bigoilict/share/BigOil/document_generator/datasets/documents_2021_12_28/12anp2_20211228_163959_1273573862_600_800.png,12anp2_20211228_163959_1273573862_600_800_mask.png,inadequação
22,3,44,7,219,498,263,505,219,498,263,498,263,505,219,505,sub_line_text,table_text,table_0,courier,bold,7.0,12anp2_20211228_163959_1273573862_600_800.png,/scratch/parceirosbr/bigoilict/share/BigOil/document_generator/datasets/documents_2021_12_28/12anp2_20211228_163959_1273573862_600_800.png,12anp2_20211228_163959_1273573862_600_800_mask.png,inadequação
24,3,48,7,278,320,326,327,278,320,326,320,326,327,278,327,text,table_text,table_0,courier,italic,7.0,12anp2_20211228_163959_1273573862_600_800.png,/scratch/parceirosbr/bigoilict/share/BigOil/document_generator/datasets/documents_2021_12_28/12anp2_20211228_163959_1273573862_600_800.png,12anp2_20211228_163959_1273573862_600_800_mask.png,combustíveis
24,3,48,7,278,320,326,327,278,320,326,320,326,327,278,327,sub_line_text,table_text,table_0,courier,italic,7.0,12anp2_20211228_163959_1273573862_600_800.png,/scratch/parceirosbr/bigoilict/share/BigOil/document_generator/datasets/documents_2021_12_28/12anp2_20211228_163959_1273573862_600_800.png,12anp2_20211228_163959_1273573862_600_800_mask.png,combustíveis
24,3,48,7,278,338,326,345,278,338,326,338,326,345,278,345,text,table_text,table_0,courier,bold,7.0,12anp2_20211228_163959_1273573862_600_800.png,/scratch/parceirosbr/bigoilict/share/BigOil/document_generator/datasets/documents_2021_12_28/12anp2_20211228_163959_1273573862_600_800.png,12anp2_20211228_163959_1273573862_600_800_mask.png,combustíveis
24,3,48,7,278,338,326,345,278,338,326,338,326,345,278,345,sub_line_text,table_text,table_0,courier,bold,7.0,12anp2_20211228_163959_1273573862_600_800.png,/scratch/parceirosbr/bigoilict/share/BigOil/document_generator/datasets/documents_2021_12_28/12anp2_20211228_163959_1273573862_600_800.png,12anp2_20211228_163959_1273573862_600_800_mask.png,combustíveis
24,3,48,7,278,348,326,355,278,348,326,348,326,355,278,355,text,table_text,table_0,courier,bold,7.0,12anp2_20211228_163959_1273573862_600_800.png,/scratch/parceirosbr/bigoilict/share/BigOil/document_generator/datasets/documents_2021_12_28/12anp2_20211228_163959_1273573862_600_800.png,12anp2_20211228_163959_1273573862_600_800_mask.png,investidores
24,3,48,7,278,348,326,355,278,348,326,348,326,355,278,355,sub_line_text,table_text,table_0,courier,bold,7.0,12anp2_20211228_163959_1273573862_600_800.png,/scratch/parceirosbr/bigoilict/share/BigOil/document_generator/datasets/documents_2021_12_28/12anp2_20211228_163959_1273573862_600_800.png,12anp2_20211228_163959_1273573862_600_800_mask.png,investidores
14,3,28,7,288,358,316,365,288,358,316,358,316,365,288,365,text,table_text,table_0,courier,bold,7.0,12anp2_20211228_163959_1273573862_600_800.png,/scratch/parceirosbr/bigoilict/share/BigOil/document_generator/datasets/documents_2021_12_28/12anp2_20211228_163959_1273573862_600_800.png,12anp2_20211228_163959_1273573862_600_800_mask.png,direção
14,3,28,7,288,358,316,365,288,358,316,358,316,365,288,365,sub_line_text,table_text,table_0,courier,bold,7.0,12anp2_20211228_163959_1273573862_600_800.png,/scratch/parceirosbr/bigoilict/share/BigOil/document_generator/datasets/documents_2021_12_28/12anp2_20211228_163959_1273573862_600_800.png,12anp2_20211228_163959_1273573862_600_800_mask.png,direção
24,3,49,7,278,368,327,375,278,368,327,368,327,375,278,375,text,table_text,table_0,courier,bold,7.0,12anp2_20211228_163959_1273573862_600_800.png,/scratch/parceirosbr/bigoilict/share/BigOil/document_generator/datasets/documents_2021_12_28/12anp2_20211228_163959_1273573862_600_800.png,12anp2_20211228_163959_1273573862_600_800_mask.png,concorrência
24,3,49,7,278,368,327,375,278,368,327,368,327,375,278,375,sub_line_text,table_text,table_0,courier,bold,7.0,12anp2_20211228_163959_1273573862_600_800.png,/scratch/parceirosbr/bigoilict/share/BigOil/document_generator/datasets/documents_2021_12_28/12anp2_20211228_163959_1273573862_600_800.png,12anp2_20211228_163959_1273573862_600_800_mask.png,concorrência
14,3,28,7,288,378,316,385,288,378,316,378,316,385,288,385,text,table_text,table_0,courier,bold,7.0,12anp2_20211228_163959_1273573862_600_800.png,/scratch/parceirosbr/bigoilict/share/BigOil/document_generator/datasets/documents_2021_12_28/12anp2_20211228_163959_1273573862_600_800.png,12anp2_20211228_163959_1273573862_600_800_mask.png,sentido
14,3,28,7,288,378,316,385,288,378,316,378,316,385,288,385,sub_line_text,table_text,table_0,courier,bold,7.0,12anp2_20211228_163959_1273573862_600_800.png,/scratch/parceirosbr/bigoilict/share/BigOil/document_generator/datasets/documents_2021_12_28/12anp2_20211228_163959_1273573862_600_800.png,12anp2_20211228_163959_1273573862_600_800_mask.png,sentido
16,3,32,7,286,388,318,395,286,388,318,388,318,395,286,395,text,table_text,table_0,courier,bold,7.0,12anp2_20211228_163959_1273573862_600_800.png,/scratch/parceirosbr/bigoilict/share/BigOil/document_generator/datasets/documents_2021_12_28/12anp2_20211228_163959_1273573862_600_800.png,12anp2_20211228_163959_1273573862_600_800_mask.png,recursos
16,3,32,7,286,388,318,395,286,388,318,388,318,395,286,395,sub_line_text,table_text,table_0,courier,bold,7.0,12anp2_20211228_163959_1273573862_600_800.png,/scratch/parceirosbr/bigoilict/share/BigOil/document_generator/datasets/documents_2021_12_28/12anp2_20211228_163959_1273573862_600_800.png,12anp2_20211228_163959_1273573862_600_800_mask.png,recursos
24,3,48,7,278,398,326,405,278,398,326,398,326,405,278,405,text,table_text,table_0,courier,bold,7.0,12anp2_20211228_163959_1273573862_600_800.png,/scratch/parceirosbr/bigoilict/share/BigOil/document_generator/datasets/documents_2021_12_28/12anp2_20211228_163959_1273573862_600_800.png,12anp2_20211228_163959_1273573862_600_800_mask.png,combustíveis
24,3,48,7,278,398,326,405,278,398,326,398,326,405,278,405,sub_line_text,table_text,table_0,courier,bold,7.0,12anp2_20211228_163959_1273573862_600_800.png,/scratch/parceirosbr/bigoilict/share/BigOil/document_generator/datasets/documents_2021_12_28/12anp2_20211228_163959_1273573862_600_800.png,12anp2_20211228_163959_1273573862_600_800_mask.png,combustíveis
18,3,36,7,284,408,320,415,284,408,320,408,320,415,284,415,text,table_text,table_0,courier,bold,7.0,12anp2_20211228_163959_1273573862_600_800.png,/scratch/parceirosbr/bigoilict/share/BigOil/document_generator/datasets/documents_2021_12_28/12anp2_20211228_163959_1273573862_600_800.png,12anp2_20211228_163959_1273573862_600_800_mask.png,indicando
18,3,36,7,284,408,320,415,284,408,320,408,320,415,284,415,sub_line_text,table_text,table_0,courier,bold,7.0,12anp2_20211228_163959_1273573862_600_800.png,/scratch/parceirosbr/bigoilict/share/BigOil/document_generator/datasets/documents_2021_12_28/12anp2_20211228_163959_1273573862_600_800.png,12anp2_20211228_163959_1273573862_600_800_mask.png,indicando
14,3,29,7,288,418,317,425,288,418,317,418,317,425,288,425,text,table_text,table_0,courier,bold,7.0,12anp2_20211228_163959_1273573862_600_800.png,/scratch/parceirosbr/bigoilict/share/BigOil/document_generator/datasets/documents_2021_12_28/12anp2_20211228_163959_1273573862_600_800.png,12anp2_20211228_163959_1273573862_600_800_mask.png,projeto
14,3,29,7,288,418,317,425,288,418,317,418,317,425,288,425,sub_line_text,table_text,table_0,courier,bold,7.0,12anp2_20211228_163959_1273573862_600_800.png,/scratch/parceirosbr/bigoilict/share/BigOil/document_generator/datasets/documents_2021_12_28/12anp2_20211228_163959_1273573862_600_800.png,12anp2_20211228_163959_1273573862_600_800_mask.png,projeto
18,3,36,7,284,428,320,435,284,428,320,428,320,435,284,435,text,table_text,table_0,courier,bold,7.0,12anp2_20211228_163959_1273573862_600_800.png,/scratch/parceirosbr/bigoilict/share/BigOil/document_generator/datasets/documents_2021_12_28/12anp2_20211228_163959_1273573862_600_800.png,12anp2_20211228_163959_1273573862_600_800_mask.png,adiamento
18,3,36,7,284,428,320,435,284,428,320,428,320,435,284,435,sub_line_text,table_text,table_0,courier,bold,7.0,12anp2_20211228_163959_1273573862_600_800.png,/scratch/parceirosbr/bigoilict/share/BigOil/document_generator/datasets/documents_2021_12_28/12anp2_20211228_163959_1273573862_600_800.png,12anp2_20211228_163959_1273573862_600_800_mask.png,adiamento
22,3,44,7,280,438,324,445,280,438,324,438,324,445,280,445,text,table_text,table_0,courier,bold,7.0,12anp2_20211228_163959_1273573862_600_800.png,/scratch/parceirosbr/bigoilict/share/BigOil/document_generator/datasets/documents_2021_12_28/12anp2_20211228_163959_1273573862_600_800.png,12anp2_20211228_163959_1273573862_600_800_mask.png,viscosidade
22,3,44,7,280,438,324,445,280,438,324,438,324,445,280,445,sub_line_text,table_text,table_0,courier,bold,7.0,12anp2_20211228_163959_1273573862_600_800.png,/scratch/parceirosbr/bigoilict/share/BigOil/document_generator/datasets/documents_2021_12_28/12anp2_20211228_163959_1273573862_600_800.png,12anp2_20211228_163959_1273573862_600_800_mask.png,viscosidade
15,3,30,7,287,448,317,455,287,448,317,448,317,455,287,455,text,table_text,table_0,courier,bold,7.0,12anp2_20211228_163959_1273573862_600_800.png,/scratch/parceirosbr/bigoilict/share/BigOil/document_generator/datasets/documents_2021_12_28/12anp2_20211228_163959_1273573862_600_800.png,12anp2_20211228_163959_1273573862_600_800_mask.png,mistura
15,3,30,7,287,448,317,455,287,448,317,448,317,455,287,455,sub_line_text,table_text,table_0,courier,bold,7.0,12anp2_20211228_163959_1273573862_600_800.png,/scratch/parceirosbr/bigoilict/share/BigOil/document_generator/datasets/documents_2021_12_28/12anp2_20211228_163959_1273573862_600_800.png,12anp2_20211228_163959_1273573862_600_800_mask.png,mistura
10,3,21,7,292,458,313,465,292,458,313,458,313,465,292,465,text,table_text,table_0,courier,bold,7.0,12anp2_20211228_163959_1273573862_600_800.png,/scratch/parceirosbr/bigoilict/share/BigOil/document_generator/datasets/documents_2021_12_28/12anp2_20211228_163959_1273573862_600_800.png,12anp2_20211228_163959_1273573862_600_800_mask.png,picos
10,3,21,7,292,458,313,465,292,458,313,458,313,465,292,465,sub_line_text,table_text,table_0,courier,bold,7.0,12anp2_20211228_163959_1273573862_600_800.png,/scratch/parceirosbr/bigoilict/share/BigOil/document_generator/datasets/documents_2021_12_28/12anp2_20211228_163959_1273573862_600_800.png,12anp2_20211228_163959_1273573862_600_800_mask.png,picos
22,3,44,7,280,468,324,475,280,468,324,468,324,475,280,475,text,table_text,table_0,courier,bold,7.0,12anp2_20211228_163959_1273573862_600_800.png,/scratch/parceirosbr/bigoilict/share/BigOil/document_generator/datasets/documents_2021_12_28/12anp2_20211228_163959_1273573862_600_800.png,12anp2_20211228_163959_1273573862_600_800_mask.png,viscosidade
22,3,44,7,280,468,324,475,280,468,324,468,324,475,280,475,sub_line_text,table_text,table_0,courier,bold,7.0,12anp2_20211228_163959_1273573862_600_800.png,/scratch/parceirosbr/bigoilict/share/BigOil/document_generator/datasets/documents_2021_12_28/12anp2_20211228_163959_1273573862_600_800.png,12anp2_20211228_163959_1273573862_600_800_mask.png,viscosidade
12,3,25,7,290,478,315,485,290,478,315,478,315,485,290,485,text,table_text,table_0,courier,bold,7.0,12anp2_20211228_163959_1273573862_600_800.png,/scratch/parceirosbr/bigoilict/share/BigOil/document_generator/datasets/documents_2021_12_28/12anp2_20211228_163959_1273573862_600_800.png,12anp2_20211228_163959_1273573862_600_800_mask.png,preços
12,3,25,7,290,478,315,485,290,478,315,478,315,485,290,485,sub_line_text,table_text,table_0,courier,bold,7.0,12anp2_20211228_163959_1273573862_600_800.png,/scratch/parceirosbr/bigoilict/share/BigOil/document_generator/datasets/documents_2021_12_28/12anp2_20211228_163959_1273573862_600_800.png,12anp2_20211228_163959_1273573862_600_800_mask.png,preços
12,3,25,7,290,488,315,495,290,488,315,488,315,495,290,495,text,table_text,table_0,courier,bold,7.0,12anp2_20211228_163959_1273573862_600_800.png,/scratch/parceirosbr/bigoilict/share/BigOil/document_generator/datasets/documents_2021_12_28/12anp2_20211228_163959_1273573862_600_800.png,12anp2_20211228_163959_1273573862_600_800_mask.png,tratam
12,3,25,7,290,488,315,495,290,488,315,488,315,495,290,495,sub_line_text,table_text,table_0,courier,bold,7.0,12anp2_20211228_163959_1273573862_600_800.png,/scratch/parceirosbr/bigoilict/share/BigOil/document_generator/datasets/documents_2021_12_28/12anp2_20211228_163959_1273573862_600_800.png,12anp2_20211228_163959_1273573862_600_800_mask.png,tratam
4,3,9,7,298,498,307,505,298,498,307,498,307,505,298,505,text,table_text,table_0,courier,bold,7.0,12anp2_20211228_163959_1273573862_600_800.png,/scratch/parceirosbr/bigoilict/share/BigOil/document_generator/datasets/documents_2021_12_28/12anp2_20211228_163959_1273573862_600_800.png,12anp2_20211228_163959_1273573862_600_800_mask.png,em
4,3,9,7,298,498,307,505,298,498,307,498,307,505,298,505,sub_line_text,table_text,table_0,courier,bold,7.0,12anp2_20211228_163959_1273573862_600_800.png,/scratch/parceirosbr/bigoilict/share/BigOil/document_generator/datasets/documents_2021_12_28/12anp2_20211228_163959_1273573862_600_800.png,12anp2_20211228_163959_1273573862_600_800_mask.png,em
18,3,37,7,354,320,391,327,354,320,391,320,391,327,354,327,text,table_text,table_0,courier,italic,7.0,12anp2_20211228_163959_1273573862_600_800.png,/scratch/parceirosbr/bigoilict/share/BigOil/document_generator/datasets/documents_2021_12_28/12anp2_20211228_163959_1273573862_600_800.png,12anp2_20211228_163959_1273573862_600_800_mask.png,comentado
18,3,37,7,354,320,391,327,354,320,391,320,391,327,354,327,sub_line_text,table_text,table_0,courier,italic,7.0,12anp2_20211228_163959_1273573862_600_800.png,/scratch/parceirosbr/bigoilict/share/BigOil/document_generator/datasets/documents_2021_12_28/12anp2_20211228_163959_1273573862_600_800.png,12anp2_20211228_163959_1273573862_600_800_mask.png,comentado
12,3,24,7,367,338,391,345,367,338,391,338,391,345,367,345,text,table_text,table_0,courier,bold,7.0,12anp2_20211228_163959_1273573862_600_800.png,/scratch/parceirosbr/bigoilict/share/BigOil/document_generator/datasets/documents_2021_12_28/12anp2_20211228_163959_1273573862_600_800.png,12anp2_20211228_163959_1273573862_600_800_mask.png,543.15
12,3,24,7,367,338,391,345,367,338,391,338,391,345,367,345,sub_line_text,table_text,table_0,courier,bold,7.0,12anp2_20211228_163959_1273573862_600_800.png,/scratch/parceirosbr/bigoilict/share/BigOil/document_generator/datasets/documents_2021_12_28/12anp2_20211228_163959_1273573862_600_800.png,12anp2_20211228_163959_1273573862_600_800_mask.png,543.15
16,3,32,7,359,348,391,355,359,348,391,348,391,355,359,355,text,table_text,table_0,courier,bold,7.0,12anp2_20211228_163959_1273573862_600_800.png,/scratch/parceirosbr/bigoilict/share/BigOil/document_generator/datasets/documents_2021_12_28/12anp2_20211228_163959_1273573862_600_800.png,12anp2_20211228_163959_1273573862_600_800_mask.png,98095.00
16,3,32,7,359,348,391,355,359,348,391,348,391,355,359,355,sub_line_text,table_text,table_0,courier,bold,7.0,12anp2_20211228_163959_1273573862_600_800.png,/scratch/parceirosbr/bigoilict/share/BigOil/document_generator/datasets/documents_2021_12_28/12anp2_20211228_163959_1273573862_600_800.png,12anp2_20211228_163959_1273573862_600_800_mask.png,98095.00
12,3,24,7,367,358,391,365,367,358,391,358,391,365,367,365,text,table_text,table_0,courier,bold,7.0,12anp2_20211228_163959_1273573862_600_800.png,/scratch/parceirosbr/bigoilict/share/BigOil/document_generator/datasets/documents_2021_12_28/12anp2_20211228_163959_1273573862_600_800.png,12anp2_20211228_163959_1273573862_600_800_mask.png,130.75
12,3,24,7,367,358,391,365,367,358,391,358,391,365,367,365,sub_line_text,table_text,table_0,courier,bold,7.0,12anp2_20211228_163959_1273573862_600_800.png,/scratch/parceirosbr/bigoilict/share/BigOil/document_generator/datasets/documents_2021_12_28/12anp2_20211228_163959_1273573862_600_800.png,12anp2_20211228_163959_1273573862_600_800_mask.png,130.75
16,3,32,7,359,368,391,375,359,368,391,368,391,375,359,375,text,table_text,table_0,courier,bold,7.0,12anp2_20211228_163959_1273573862_600_800.png,/scratch/parceirosbr/bigoilict/share/BigOil/document_generator/datasets/documents_2021_12_28/12anp2_20211228_163959_1273573862_600_800.png,12anp2_20211228_163959_1273573862_600_800_mask.png,24208.10
16,3,32,7,359,368,391,375,359,368,391,368,391,375,359,375,sub_line_text,table_text,table_0,courier,bold,7.0,12anp2_20211228_163959_1273573862_600_800.png,/scratch/parceirosbr/bigoilict/share/BigOil/document_generator/datasets/documents_2021_12_28/12anp2_20211228_163959_1273573862_600_800.png,12anp2_20211228_163959_1273573862_600_800_mask.png,24208.10
12,3,24,7,367,378,391,385,367,378,391,378,391,385,367,385,text,table_text,table_0,courier,bold,7.0,12anp2_20211228_163959_1273573862_600_800.png,/scratch/parceirosbr/bigoilict/share/BigOil/document_generator/datasets/documents_2021_12_28/12anp2_20211228_163959_1273573862_600_800.png,12anp2_20211228_163959_1273573862_600_800_mask.png,637.81
12,3,24,7,367,378,391,385,367,378,391,378,391,385,367,385,sub_line_text,table_text,table_0,courier,bold,7.0,12anp2_20211228_163959_1273573862_600_800.png,/scratch/parceirosbr/bigoilict/share/BigOil/document_generator/datasets/documents_2021_12_28/12anp2_20211228_163959_1273573862_600_800.png,12anp2_20211228_163959_1273573862_600_800_mask.png,637.81
16,3,32,7,359,388,391,395,359,388,391,388,391,395,359,395,text,table_text,table_0,courier,bold,7.0,12anp2_20211228_163959_1273573862_600_800.png,/scratch/parceirosbr/bigoilict/share/BigOil/document_generator/datasets/documents_2021_12_28/12anp2_20211228_163959_1273573862_600_800.png,12anp2_20211228_163959_1273573862_600_800_mask.png,28717.90
16,3,32,7,359,388,391,395,359,388,391,388,391,395,359,395,sub_line_text,table_text,table_0,courier,bold,7.0,12anp2_20211228_163959_1273573862_600_800.png,/scratch/parceirosbr/bigoilict/share/BigOil/document_generator/datasets/documents_2021_12_28/12anp2_20211228_163959_1273573862_600_800.png,12anp2_20211228_163959_1273573862_600_800_mask.png,28717.90
12,3,24,7,367,398,391,405,367,398,391,398,391,405,367,405,text,table_text,table_0,courier,bold,7.0,12anp2_20211228_163959_1273573862_600_800.png,/scratch/parceirosbr/bigoilict/share/BigOil/document_generator/datasets/documents_2021_12_28/12anp2_20211228_163959_1273573862_600_800.png,12anp2_20211228_163959_1273573862_600_800_mask.png,495.42
12,3,24,7,367,398,391,405,367,398,391,398,391,405,367,405,sub_line_text,table_text,table_0,courier,bold,7.0,12anp2_20211228_163959_1273573862_600_800.png,/scratch/parceirosbr/bigoilict/share/BigOil/document_generator/datasets/documents_2021_12_28/12anp2_20211228_163959_1273573862_600_800.png,12anp2_20211228_163959_1273573862_600_800_mask.png,495.42
16,3,32,7,359,408,391,415,359,408,391,408,391,415,359,415,text,table_text,table_0,courier,bold,7.0,12anp2_20211228_163959_1273573862_600_800.png,/scratch/parceirosbr/bigoilict/share/BigOil/document_generator/datasets/documents_2021_12_28/12anp2_20211228_163959_1273573862_600_800.png,12anp2_20211228_163959_1273573862_600_800_mask.png,21908.25
16,3,32,7,359,408,391,415,359,408,391,408,391,415,359,415,sub_line_text,table_text,table_0,courier,bold,7.0,12anp2_20211228_163959_1273573862_600_800.png,/scratch/parceirosbr/bigoilict/share/BigOil/document_generator/datasets/documents_2021_12_28/12anp2_20211228_163959_1273573862_600_800.png,12anp2_20211228_163959_1273573862_600_800_mask.png,21908.25
14,3,28,7,363,418,391,425,363,418,391,418,391,425,363,425,text,table_text,table_0,courier,bold,7.0,12anp2_20211228_163959_1273573862_600_800.png,/scratch/parceirosbr/bigoilict/share/BigOil/document_generator/datasets/documents_2021_12_28/12anp2_20211228_163959_1273573862_600_800.png,12anp2_20211228_163959_1273573862_600_800_mask.png,9595.55
14,3,28,7,363,418,391,425,363,418,391,418,391,425,363,425,sub_line_text,table_text,table_0,courier,bold,7.0,12anp2_20211228_163959_1273573862_600_800.png,/scratch/parceirosbr/bigoilict/share/BigOil/document_generator/datasets/documents_2021_12_28/12anp2_20211228_163959_1273573862_600_800.png,12anp2_20211228_163959_1273573862_600_800_mask.png,9595.55
14,3,28,7,363,428,391,435,363,428,391,428,391,435,363,435,text,table_text,table_0,courier,bold,7.0,12anp2_20211228_163959_1273573862_600_800.png,/scratch/parceirosbr/bigoilict/share/BigOil/document_generator/datasets/documents_2021_12_28/12anp2_20211228_163959_1273573862_600_800.png,12anp2_20211228_163959_1273573862_600_800_mask.png,4643.52
14,3,28,7,363,428,391,435,363,428,391,428,391,435,363,435,sub_line_text,table_text,table_0,courier,bold,7.0,12anp2_20211228_163959_1273573862_600_800.png,/scratch/parceirosbr/bigoilict/share/BigOil/document_generator/datasets/documents_2021_12_28/12anp2_20211228_163959_1273573862_600_800.png,12anp2_20211228_163959_1273573862_600_800_mask.png,4643.52
10,3,20,7,371,438,391,445,371,438,391,438,391,445,371,445,text,table_text,table_0,courier,bold,7.0,12anp2_20211228_163959_1273573862_600_800.png,/scratch/parceirosbr/bigoilict/share/BigOil/document_generator/datasets/documents_2021_12_28/12anp2_20211228_163959_1273573862_600_800.png,12anp2_20211228_163959_1273573862_600_800_mask.png,35.87
10,3,20,7,371,438,391,445,371,438,391,438,391,445,371,445,sub_line_text,table_text,table_0,courier,bold,7.0,12anp2_20211228_163959_1273573862_600_800.png,/scratch/parceirosbr/bigoilict/share/BigOil/document_generator/datasets/documents_2021_12_28/12anp2_20211228_163959_1273573862_600_800.png,12anp2_20211228_163959_1273573862_600_800_mask.png,35.87
12,3,24,7,367,448,391,455,367,448,391,448,391,455,367,455,text,table_text,table_0,courier,bold,7.0,12anp2_20211228_163959_1273573862_600_800.png,/scratch/parceirosbr/bigoilict/share/BigOil/document_generator/datasets/documents_2021_12_28/12anp2_20211228_163959_1273573862_600_800.png,12anp2_20211228_163959_1273573862_600_800_mask.png,979.73
12,3,24,7,367,448,391,455,367,448,391,448,391,455,367,455,sub_line_text,table_text,table_0,courier,bold,7.0,12anp2_20211228_163959_1273573862_600_800.png,/scratch/parceirosbr/bigoilict/share/BigOil/document_generator/datasets/documents_2021_12_28/12anp2_20211228_163959_1273573862_600_800.png,12anp2_20211228_163959_1273573862_600_800_mask.png,979.73
18,3,36,7,355,458,391,465,355,458,391,458,391,465,355,465,text,table_text,table_0,courier,bold,7.0,12anp2_20211228_163959_1273573862_600_800.png,/scratch/parceirosbr/bigoilict/share/BigOil/document_generator/datasets/documents_2021_12_28/12anp2_20211228_163959_1273573862_600_800.png,12anp2_20211228_163959_1273573862_600_800_mask.png,267948.57
18,3,36,7,355,458,391,465,355,458,391,458,391,465,355,465,sub_line_text,table_text,table_0,courier,bold,7.0,12anp2_20211228_163959_1273573862_600_800.png,/scratch/parceirosbr/bigoilict/share/BigOil/document_generator/datasets/documents_2021_12_28/12anp2_20211228_163959_1273573862_600_800.png,12anp2_20211228_163959_1273573862_600_800_mask.png,267948.57
14,3,28,7,363,468,391,475,363,468,391,468,391,475,363,475,text,table_text,table_0,courier,bold,7.0,12anp2_20211228_163959_1273573862_600_800.png,/scratch/parceirosbr/bigoilict/share/BigOil/document_generator/datasets/documents_2021_12_28/12anp2_20211228_163959_1273573862_600_800.png,12anp2_20211228_163959_1273573862_600_800_mask.png,8797.37
14,3,28,7,363,468,391,475,363,468,391,468,391,475,363,475,sub_line_text,table_text,table_0,courier,bold,7.0,12anp2_20211228_163959_1273573862_600_800.png,/scratch/parceirosbr/bigoilict/share/BigOil/document_generator/datasets/documents_2021_12_28/12anp2_20211228_163959_1273573862_600_800.png,12anp2_20211228_163959_1273573862_600_800_mask.png,8797.37
10,3,20,7,371,478,391,485,371,478,391,478,391,485,371,485,text,table_text,table_0,courier,bold,7.0,12anp2_20211228_163959_1273573862_600_800.png,/scratch/parceirosbr/bigoilict/share/BigOil/document_generator/datasets/documents_2021_12_28/12anp2_20211228_163959_1273573862_600_800.png,12anp2_20211228_163959_1273573862_600_800_mask.png,16.57
10,3,20,7,371,478,391,485,371,478,391,478,391,485,371,485,sub_line_text,table_text,table_0,courier,bold,7.0,12anp2_20211228_163959_1273573862_600_800.png,/scratch/parceirosbr/bigoilict/share/BigOil/document_generator/datasets/documents_2021_12_28/12anp2_20211228_163959_1273573862_600_800.png,12anp2_20211228_163959_1273573862_600_800_mask.png,16.57
16,3,32,7,359,488,391,495,359,488,391,488,391,495,359,495,text,table_text,table_0,courier,bold,7.0,12anp2_20211228_163959_1273573862_600_800.png,/scratch/parceirosbr/bigoilict/share/BigOil/document_generator/datasets/documents_2021_12_28/12anp2_20211228_163959_1273573862_600_800.png,12anp2_20211228_163959_1273573862_600_800_mask.png,21129.28
16,3,32,7,359,488,391,495,359,488,391,488,391,495,359,495,sub_line_text,table_text,table_0,courier,bold,7.0,12anp2_20211228_163959_1273573862_600_800.png,/scratch/parceirosbr/bigoilict/share/BigOil/document_generator/datasets/documents_2021_12_28/12anp2_20211228_163959_1273573862_600_800.png,12anp2_20211228_163959_1273573862_600_800_mask.png,21129.28
16,3,32,7,359,498,391,505,359,498,391,498,391,505,359,505,text,table_text,table_0,courier,bold,7.0,12anp2_20211228_163959_1273573862_600_800.png,/scratch/parceirosbr/bigoilict/share/BigOil/document_generator/datasets/documents_2021_12_28/12anp2_20211228_163959_1273573862_600_800.png,12anp2_20211228_163959_1273573862_600_800_mask.png,71657.34
16,3,32,7,359,498,391,505,359,498,391,498,391,505,359,505,sub_line_text,table_text,table_0,courier,bold,7.0,12anp2_20211228_163959_1273573862_600_800.png,/scratch/parceirosbr/bigoilict/share/BigOil/document_generator/datasets/documents_2021_12_28/12anp2_20211228_163959_1273573862_600_800.png,12anp2_20211228_163959_1273573862_600_800_mask.png,71657.34
18,3,36,7,427,320,463,327,427,320,463,320,463,327,427,327,text,table_text,table_0,courier,italic,7.0,12anp2_20211228_163959_1273573862_600_800.png,/scratch/parceirosbr/bigoilict/share/BigOil/document_generator/datasets/documents_2021_12_28/12anp2_20211228_163959_1273573862_600_800.png,12anp2_20211228_163959_1273573862_600_800_mask.png,biodiesel
18,3,36,7,427,320,463,327,427,320,463,320,463,327,427,327,sub_line_text,table_text,table_0,courier,italic,7.0,12anp2_20211228_163959_1273573862_600_800.png,/scratch/parceirosbr/bigoilict/share/BigOil/document_generator/datasets/documents_2021_12_28/12anp2_20211228_163959_1273573862_600_800.png,12anp2_20211228_163959_1273573862_600_800_mask.png,biodiesel
30,3,60,7,403,338,463,345,403,338,463,338,463,345,403,345,text,table_text,table_0,courier,bold,7.0,12anp2_20211228_163959_1273573862_600_800.png,/scratch/parceirosbr/bigoilict/share/BigOil/document_generator/datasets/documents_2021_12_28/12anp2_20211228_163959_1273573862_600_800.png,12anp2_20211228_163959_1273573862_600_800_mask.png,9827564796.9076
30,3,60,7,403,338,463,345,403,338,463,338,463,345,403,345,sub_line_text,table_text,table_0,courier,bold,7.0,12anp2_20211228_163959_1273573862_600_800.png,/scratch/parceirosbr/bigoilict/share/BigOil/document_generator/datasets/documents_2021_12_28/12anp2_20211228_163959_1273573862_600_800.png,12anp2_20211228_163959_1273573862_600_800_mask.png,9827564796.9076
30,3,60,7,403,348,463,355,403,348,463,348,463,355,403,355,text,table_text,table_0,courier,bold,7.0,12anp2_20211228_163959_1273573862_600_800.png,/scratch/parceirosbr/bigoilict/share/BigOil/document_generator/datasets/documents_2021_12_28/12anp2_20211228_163959_1273573862_600_800.png,12anp2_20211228_163959_1273573862_600_800_mask.png,4432992320.7905
30,3,60,7,403,348,463,355,403,348,463,348,463,355,403,355,sub_line_text,table_text,table_0,courier,bold,7.0,12anp2_20211228_163959_1273573862_600_800.png,/scratch/parceirosbr/bigoilict/share/BigOil/document_generator/datasets/documents_2021_12_28/12anp2_20211228_163959_1273573862_600_800.png,12anp2_20211228_163959_1273573862_600_800_mask.png,4432992320.7905
30,3,60,7,403,358,463,365,403,358,463,358,463,365,403,365,text,table_text,table_0,courier,bold,7.0,12anp2_20211228_163959_1273573862_600_800.png,/scratch/parceirosbr/bigoilict/share/BigOil/document_generator/datasets/documents_2021_12_28/12anp2_20211228_163959_1273573862_600_800.png,12anp2_20211228_163959_1273573862_600_800_mask.png,7452567872.5184
30,3,60,7,403,358,463,365,403,358,463,358,463,365,403,365,sub_line_text,table_text,table_0,courier,bold,7.0,12anp2_20211228_163959_1273573862_600_800.png,/scratch/parceirosbr/bigoilict/share/BigOil/document_generator/datasets/documents_2021_12_28/12anp2_20211228_163959_1273573862_600_800.png,12anp2_20211228_163959_1273573862_600_800_mask.png,7452567872.5184
30,3,60,7,403,368,463,375,403,368,463,368,463,375,403,375,text,table_text,table_0,courier,bold,7.0,12anp2_20211228_163959_1273573862_600_800.png,/scratch/parceirosbr/bigoilict/share/BigOil/document_generator/datasets/documents_2021_12_28/12anp2_20211228_163959_1273573862_600_800.png,12anp2_20211228_163959_1273573862_600_800_mask.png,3393227890.3420
30,3,60,7,403,368,463,375,403,368,463,368,463,375,403,375,sub_line_text,table_text,table_0,courier,bold,7.0,12anp2_20211228_163959_1273573862_600_800.png,/scratch/parceirosbr/bigoilict/share/BigOil/document_generator/datasets/documents_2021_12_28/12anp2_20211228_163959_1273573862_600_800.png,12anp2_20211228_163959_1273573862_600_800_mask.png,3393227890.3420
30,3,60,7,403,378,463,385,403,378,463,378,463,385,403,385,text,table_text,table_0,courier,bold,7.0,12anp2_20211228_163959_1273573862_600_800.png,/scratch/parceirosbr/bigoilict/share/BigOil/document_generator/datasets/documents_2021_12_28/12anp2_20211228_163959_1273573862_600_800.png,12anp2_20211228_163959_1273573862_600_800_mask.png,2107467723.8152
30,3,60,7,403,378,463,385,403,378,463,378,463,385,403,385,sub_line_text,table_text,table_0,courier,bold,7.0,12anp2_20211228_163959_1273573862_600_800.png,/scratch/parceirosbr/bigoilict/share/BigOil/document_generator/datasets/documents_2021_12_28/12anp2_20211228_163959_1273573862_600_800.png,12anp2_20211228_163959_1273573862_600_800_mask.png,2107467723.8152
30,3,60,7,403,388,463,395,403,388,463,388,463,395,403,395,text,table_text,table_0,courier,bold,7.0,12anp2_20211228_163959_1273573862_600_800.png,/scratch/parceirosbr/bigoilict/share/BigOil/document_generator/datasets/documents_2021_12_28/12anp2_20211228_163959_1273573862_600_800.png,12anp2_20211228_163959_1273573862_600_800_mask.png,1231636204.7784
30,3,60,7,403,388,463,395,403,388,463,388,463,395,403,395,sub_line_text,table_text,table_0,courier,bold,7.0,12anp2_20211228_163959_1273573862_600_800.png,/scratch/parceirosbr/bigoilict/share/BigOil/document_generator/datasets/documents_2021_12_28/12anp2_20211228_163959_1273573862_600_800.png,12anp2_20211228_163959_1273573862_600_800_mask.png,1231636204.7784
30,3,60,7,403,398,463,405,403,398,463,398,463,405,403,405,text,table_text,table_0,courier,bold,7.0,12anp2_20211228_163959_1273573862_600_800.png,/scratch/parceirosbr/bigoilict/share/BigOil/document_generator/datasets/documents_2021_12_28/12anp2_20211228_163959_1273573862_600_800.png,12anp2_20211228_163959_1273573862_600_800_mask.png,9607658018.8255
30,3,60,7,403,398,463,405,403,398,463,398,463,405,403,405,sub_line_text,table_text,table_0,courier,bold,7.0,12anp2_20211228_163959_1273573862_600_800.png,/scratch/parceirosbr/bigoilict/share/BigOil/document_generator/datasets/documents_2021_12_28/12anp2_20211228_163959_1273573862_600_800.png,12anp2_20211228_163959_1273573862_600_800_mask.png,9607658018.8255
30,3,60,7,403,408,463,415,403,408,463,408,463,415,403,415,text,table_text,table_0,courier,bold,7.0,12anp2_20211228_163959_1273573862_600_800.png,/scratch/parceirosbr/bigoilict/share/BigOil/document_generator/datasets/documents_2021_12_28/12anp2_20211228_163959_1273573862_600_800.png,12anp2_20211228_163959_1273573862_600_800_mask.png,1258309261.1000
30,3,60,7,403,408,463,415,403,408,463,408,463,415,403,415,sub_line_text,table_text,table_0,courier,bold,7.0,12anp2_20211228_163959_1273573862_600_800.png,/scratch/parceirosbr/bigoilict/share/BigOil/document_generator/datasets/documents_2021_12_28/12anp2_20211228_163959_1273573862_600_800.png,12anp2_20211228_163959_1273573862_600_800_mask.png,1258309261.1000
30,3,60,7,403,418,463,425,403,418,463,418,463,425,403,425,text,table_text,table_0,courier,bold,7.0,12anp2_20211228_163959_1273573862_600_800.png,/scratch/parceirosbr/bigoilict/share/BigOil/document_generator/datasets/documents_2021_12_28/12anp2_20211228_163959_1273573862_600_800.png,12anp2_20211228_163959_1273573862_600_800_mask.png,8300789560.1796
30,3,60,7,403,418,463,425,403,418,463,418,463,425,403,425,sub_line_text,table_text,table_0,courier,bold,7.0,12anp2_20211228_163959_1273573862_600_800.png,/scratch/parceirosbr/bigoilict/share/BigOil/document_generator/datasets/documents_2021_12_28/12anp2_20211228_163959_1273573862_600_800.png,12anp2_20211228_163959_1273573862_600_800_mask.png,8300789560.1796
30,3,60,7,403,428,463,435,403,428,463,428,463,435,403,435,text,table_text,table_0,courier,bold,7.0,12anp2_20211228_163959_1273573862_600_800.png,/scratch/parceirosbr/bigoilict/share/BigOil/document_generator/datasets/documents_2021_12_28/12anp2_20211228_163959_1273573862_600_800.png,12anp2_20211228_163959_1273573862_600_800_mask.png,1180280329.4943
30,3,60,7,403,428,463,435,403,428,463,428,463,435,403,435,sub_line_text,table_text,table_0,courier,bold,7.0,12anp2_20211228_163959_1273573862_600_800.png,/scratch/parceirosbr/bigoilict/share/BigOil/document_generator/datasets/documents_2021_12_28/12anp2_20211228_163959_1273573862_600_800.png,12anp2_20211228_163959_1273573862_600_800_mask.png,1180280329.4943
30,3,60,7,403,438,463,445,403,438,463,438,463,445,403,445,text,table_text,table_0,courier,bold,7.0,12anp2_20211228_163959_1273573862_600_800.png,/scratch/parceirosbr/bigoilict/share/BigOil/document_generator/datasets/documents_2021_12_28/12anp2_20211228_163959_1273573862_600_800.png,12anp2_20211228_163959_1273573862_600_800_mask.png,5349589287.8356
30,3,60,7,403,438,463,445,403,438,463,438,463,445,403,445,sub_line_text,table_text,table_0,courier,bold,7.0,12anp2_20211228_163959_1273573862_600_800.png,/scratch/parceirosbr/bigoilict/share/BigOil/document_generator/datasets/documents_2021_12_28/12anp2_20211228_163959_1273573862_600_800.png,12anp2_20211228_163959_1273573862_600_800_mask.png,5349589287.8356
30,3,60,7,403,448,463,455,403,448,463,448,463,455,403,455,text,table_text,table_0,courier,bold,7.0,12anp2_20211228_163959_1273573862_600_800.png,/scratch/parceirosbr/bigoilict/share/BigOil/document_generator/datasets/documents_2021_12_28/12anp2_20211228_163959_1273573862_600_800.png,12anp2_20211228_163959_1273573862_600_800_mask.png,3391454481.7672
30,3,60,7,403,448,463,455,403,448,463,448,463,455,403,455,sub_line_text,table_text,table_0,courier,bold,7.0,12anp2_20211228_163959_1273573862_600_800.png,/scratch/parceirosbr/bigoilict/share/BigOil/document_generator/datasets/documents_2021_12_28/12anp2_20211228_163959_1273573862_600_800.png,12anp2_20211228_163959_1273573862_600_800_mask.png,3391454481.7672
30,3,60,7,403,458,463,465,403,458,463,458,463,465,403,465,text,table_text,table_0,courier,bold,7.0,12anp2_20211228_163959_1273573862_600_800.png,/scratch/parceirosbr/bigoilict/share/BigOil/document_generator/datasets/documents_2021_12_28/12anp2_20211228_163959_1273573862_600_800.png,12anp2_20211228_163959_1273573862_600_800_mask.png,7295040514.2125
30,3,60,7,403,458,463,465,403,458,463,458,463,465,403,465,sub_line_text,table_text,table_0,courier,bold,7.0,12anp2_20211228_163959_1273573862_600_800.png,/scratch/parceirosbr/bigoilict/share/BigOil/document_generator/datasets/documents_2021_12_28/12anp2_20211228_163959_1273573862_600_800.png,12anp2_20211228_163959_1273573862_600_800_mask.png,7295040514.2125
30,3,60,7,403,468,463,475,403,468,463,468,463,475,403,475,text,table_text,table_0,courier,bold,7.0,12anp2_20211228_163959_1273573862_600_800.png,/scratch/parceirosbr/bigoilict/share/BigOil/document_generator/datasets/documents_2021_12_28/12anp2_20211228_163959_1273573862_600_800.png,12anp2_20211228_163959_1273573862_600_800_mask.png,2376974729.9521
30,3,60,7,403,468,463,475,403,468,463,468,463,475,403,475,sub_line_text,table_text,table_0,courier,bold,7.0,12anp2_20211228_163959_1273573862_600_800.png,/scratch/parceirosbr/bigoilict/share/BigOil/document_generator/datasets/documents_2021_12_28/12anp2_20211228_163959_1273573862_600_800.png,12anp2_20211228_163959_1273573862_600_800_mask.png,2376974729.9521
30,3,60,7,403,478,463,485,403,478,463,478,463,485,403,485,text,table_text,table_0,courier,bold,7.0,12anp2_20211228_163959_1273573862_600_800.png,/scratch/parceirosbr/bigoilict/share/BigOil/document_generator/datasets/documents_2021_12_28/12anp2_20211228_163959_1273573862_600_800.png,12anp2_20211228_163959_1273573862_600_800_mask.png,6008429608.6744
30,3,60,7,403,478,463,485,403,478,463,478,463,485,403,485,sub_line_text,table_text,table_0,courier,bold,7.0,12anp2_20211228_163959_1273573862_600_800.png,/scratch/parceirosbr/bigoilict/share/BigOil/document_generator/datasets/documents_2021_12_28/12anp2_20211228_163959_1273573862_600_800.png,12anp2_20211228_163959_1273573862_600_800_mask.png,6008429608.6744
30,3,60,7,403,488,463,495,403,488,463,488,463,495,403,495,text,table_text,table_0,courier,bold,7.0,12anp2_20211228_163959_1273573862_600_800.png,/scratch/parceirosbr/bigoilict/share/BigOil/document_generator/datasets/documents_2021_12_28/12anp2_20211228_163959_1273573862_600_800.png,12anp2_20211228_163959_1273573862_600_800_mask.png,9904087875.4672
30,3,60,7,403,488,463,495,403,488,463,488,463,495,403,495,sub_line_text,table_text,table_0,courier,bold,7.0,12anp2_20211228_163959_1273573862_600_800.png,/scratch/parceirosbr/bigoilict/share/BigOil/document_generator/datasets/documents_2021_12_28/12anp2_20211228_163959_1273573862_600_800.png,12anp2_20211228_163959_1273573862_600_800_mask.png,9904087875.4672
30,3,60,7,403,498,463,505,403,498,463,498,463,505,403,505,text,table_text,table_0,courier,bold,7.0,12anp2_20211228_163959_1273573862_600_800.png,/scratch/parceirosbr/bigoilict/share/BigOil/document_generator/datasets/documents_2021_12_28/12anp2_20211228_163959_1273573862_600_800.png,12anp2_20211228_163959_1273573862_600_800_mask.png,7966281970.1047
30,3,60,7,403,498,463,505,403,498,463,498,463,505,403,505,sub_line_text,table_text,table_0,courier,bold,7.0,12anp2_20211228_163959_1273573862_600_800.png,/scratch/parceirosbr/bigoilict/share/BigOil/document_generator/datasets/documents_2021_12_28/12anp2_20211228_163959_1273573862_600_800.png,12anp2_20211228_163959_1273573862_600_800_mask.png,7966281970.1047
4,3,8,7,524,320,532,327,524,320,532,320,532,327,524,327,text,table_text,table_0,courier,italic,7.0,12anp2_20211228_163959_1273573862_600_800.png,/scratch/parceirosbr/bigoilict/share/BigOil/document_generator/datasets/documents_2021_12_28/12anp2_20211228_163959_1273573862_600_800.png,12anp2_20211228_163959_1273573862_600_800_mask.png,os
4,3,8,7,524,320,532,327,524,320,532,320,532,327,524,327,sub_line_text,table_text,table_0,courier,italic,7.0,12anp2_20211228_163959_1273573862_600_800.png,/scratch/parceirosbr/bigoilict/share/BigOil/document_generator/datasets/documents_2021_12_28/12anp2_20211228_163959_1273573862_600_800.png,12anp2_20211228_163959_1273573862_600_800_mask.png,os
8,3,16,7,516,338,532,345,516,338,532,338,532,345,516,345,text,table_text,table_0,courier,bold,7.0,12anp2_20211228_163959_1273573862_600_800.png,/scratch/parceirosbr/bigoilict/share/BigOil/document_generator/datasets/documents_2021_12_28/12anp2_20211228_163959_1273573862_600_800.png,12anp2_20211228_163959_1273573862_600_800_mask.png,7614
8,3,16,7,516,338,532,345,516,338,532,338,532,345,516,345,sub_line_text,table_text,table_0,courier,bold,7.0,12anp2_20211228_163959_1273573862_600_800.png,/scratch/parceirosbr/bigoilict/share/BigOil/document_generator/datasets/documents_2021_12_28/12anp2_20211228_163959_1273573862_600_800.png,12anp2_20211228_163959_1273573862_600_800_mask.png,7614
8,3,16,7,516,348,532,355,516,348,532,348,532,355,516,355,text,table_text,table_0,courier,bold,7.0,12anp2_20211228_163959_1273573862_600_800.png,/scratch/parceirosbr/bigoilict/share/BigOil/document_generator/datasets/documents_2021_12_28/12anp2_20211228_163959_1273573862_600_800.png,12anp2_20211228_163959_1273573862_600_800_mask.png,4918
8,3,16,7,516,348,532,355,516,348,532,348,532,355,516,355,sub_line_text,table_text,table_0,courier,bold,7.0,12anp2_20211228_163959_1273573862_600_800.png,/scratch/parceirosbr/bigoilict/share/BigOil/document_generator/datasets/documents_2021_12_28/12anp2_20211228_163959_1273573862_600_800.png,12anp2_20211228_163959_1273573862_600_800_mask.png,4918
6,3,12,7,520,358,532,365,520,358,532,358,532,365,520,365,text,table_text,table_0,courier,bold,7.0,12anp2_20211228_163959_1273573862_600_800.png,/scratch/parceirosbr/bigoilict/share/BigOil/document_generator/datasets/documents_2021_12_28/12anp2_20211228_163959_1273573862_600_800.png,12anp2_20211228_163959_1273573862_600_800_mask.png,599
6,3,12,7,520,358,532,365,520,358,532,358,532,365,520,365,sub_line_text,table_text,table_0,courier,bold,7.0,12anp2_20211228_163959_1273573862_600_800.png,/scratch/parceirosbr/bigoilict/share/BigOil/document_generator/datasets/documents_2021_12_28/12anp2_20211228_163959_1273573862_600_800.png,12anp2_20211228_163959_1273573862_600_800_mask.png,599
6,3,12,7,520,368,532,375,520,368,532,368,532,375,520,375,text,table_text,table_0,courier,bold,7.0,12anp2_20211228_163959_1273573862_600_800.png,/scratch/parceirosbr/bigoilict/share/BigOil/document_generator/datasets/documents_2021_12_28/12anp2_20211228_163959_1273573862_600_800.png,12anp2_20211228_163959_1273573862_600_800_mask.png,523
6,3,12,7,520,368,532,375,520,368,532,368,532,375,520,375,sub_line_text,table_text,table_0,courier,bold,7.0,12anp2_20211228_163959_1273573862_600_800.png,/scratch/parceirosbr/bigoilict/share/BigOil/document_generator/datasets/documents_2021_12_28/12anp2_20211228_163959_1273573862_600_800.png,12anp2_20211228_163959_1273573862_600_800_mask.png,523
4,3,8,7,524,378,532,385,524,378,532,378,532,385,524,385,text,table_text,table_0,courier,bold,7.0,12anp2_20211228_163959_1273573862_600_800.png,/scratch/parceirosbr/bigoilict/share/BigOil/document_generator/datasets/documents_2021_12_28/12anp2_20211228_163959_1273573862_600_800.png,12anp2_20211228_163959_1273573862_600_800_mask.png,38
4,3,8,7,524,378,532,385,524,378,532,378,532,385,524,385,sub_line_text,table_text,table_0,courier,bold,7.0,12anp2_20211228_163959_1273573862_600_800.png,/scratch/parceirosbr/bigoilict/share/BigOil/document_generator/datasets/documents_2021_12_28/12anp2_20211228_163959_1273573862_600_800.png,12anp2_20211228_163959_1273573862_600_800_mask.png,38
4,3,8,7,524,388,532,395,524,388,532,388,532,395,524,395,text,table_text,table_0,courier,bold,7.0,12anp2_20211228_163959_1273573862_600_800.png,/scratch/parceirosbr/bigoilict/share/BigOil/document_generator/datasets/documents_2021_12_28/12anp2_20211228_163959_1273573862_600_800.png,12anp2_20211228_163959_1273573862_600_800_mask.png,64
4,3,8,7,524,388,532,395,524,388,532,388,532,395,524,395,sub_line_text,table_text,table_0,courier,bold,7.0,12anp2_20211228_163959_1273573862_600_800.png,/scratch/parceirosbr/bigoilict/share/BigOil/document_generator/datasets/documents_2021_12_28/12anp2_20211228_163959_1273573862_600_800.png,12anp2_20211228_163959_1273573862_600_800_mask.png,64
4,3,8,7,524,398,532,405,524,398,532,398,532,405,524,405,text,table_text,table_0,courier,bold,7.0,12anp2_20211228_163959_1273573862_600_800.png,/scratch/parceirosbr/bigoilict/share/BigOil/document_generator/datasets/documents_2021_12_28/12anp2_20211228_163959_1273573862_600_800.png,12anp2_20211228_163959_1273573862_600_800_mask.png,15
4,3,8,7,524,398,532,405,524,398,532,398,532,405,524,405,sub_line_text,table_text,table_0,courier,bold,7.0,12anp2_20211228_163959_1273573862_600_800.png,/scratch/parceirosbr/bigoilict/share/BigOil/document_generator/datasets/documents_2021_12_28/12anp2_20211228_163959_1273573862_600_800.png,12anp2_20211228_163959_1273573862_600_800_mask.png,15
8,3,16,7,516,408,532,415,516,408,532,408,532,415,516,415,text,table_text,table_0,courier,bold,7.0,12anp2_20211228_163959_1273573862_600_800.png,/scratch/parceirosbr/bigoilict/share/BigOil/document_generator/datasets/documents_2021_12_28/12anp2_20211228_163959_1273573862_600_800.png,12anp2_20211228_163959_1273573862_600_800_mask.png,3388
8,3,16,7,516,408,532,415,516,408,532,408,532,415,516,415,sub_line_text,table_text,table_0,courier,bold,7.0,12anp2_20211228_163959_1273573862_600_800.png,/scratch/parceirosbr/bigoilict/share/BigOil/document_generator/datasets/documents_2021_12_28/12anp2_20211228_163959_1273573862_600_800.png,12anp2_20211228_163959_1273573862_600_800_mask.png,3388
6,3,12,7,520,418,532,425,520,418,532,418,532,425,520,425,text,table_text,table_0,courier,bold,7.0,12anp2_20211228_163959_1273573862_600_800.png,/scratch/parceirosbr/bigoilict/share/BigOil/document_generator/datasets/documents_2021_12_28/12anp2_20211228_163959_1273573862_600_800.png,12anp2_20211228_163959_1273573862_600_800_mask.png,380
6,3,12,7,520,418,532,425,520,418,532,418,532,425,520,425,sub_line_text,table_text,table_0,courier,bold,7.0,12anp2_20211228_163959_1273573862_600_800.png,/scratch/parceirosbr/bigoilict/share/BigOil/document_generator/datasets/documents_2021_12_28/12anp2_20211228_163959_1273573862_600_800.png,12anp2_20211228_163959_1273573862_600_800_mask.png,380
6,3,12,7,520,428,532,435,520,428,532,428,532,435,520,435,text,table_text,table_0,courier,bold,7.0,12anp2_20211228_163959_1273573862_600_800.png,/scratch/parceirosbr/bigoilict/share/BigOil/document_generator/datasets/documents_2021_12_28/12anp2_20211228_163959_1273573862_600_800.png,12anp2_20211228_163959_1273573862_600_800_mask.png,399
6,3,12,7,520,428,532,435,520,428,532,428,532,435,520,435,sub_line_text,table_text,table_0,courier,bold,7.0,12anp2_20211228_163959_1273573862_600_800.png,/scratch/parceirosbr/bigoilict/share/BigOil/document_generator/datasets/documents_2021_12_28/12anp2_20211228_163959_1273573862_600_800.png,12anp2_20211228_163959_1273573862_600_800_mask.png,399
4,3,8,7,524,438,532,445,524,438,532,438,532,445,524,445,text,table_text,table_0,courier,bold,7.0,12anp2_20211228_163959_1273573862_600_800.png,/scratch/parceirosbr/bigoilict/share/BigOil/document_generator/datasets/documents_2021_12_28/12anp2_20211228_163959_1273573862_600_800.png,12anp2_20211228_163959_1273573862_600_800_mask.png,45
4,3,8,7,524,438,532,445,524,438,532,438,532,445,524,445,sub_line_text,table_text,table_0,courier,bold,7.0,12anp2_20211228_163959_1273573862_600_800.png,/scratch/parceirosbr/bigoilict/share/BigOil/document_generator/datasets/documents_2021_12_28/12anp2_20211228_163959_1273573862_600_800.png,12anp2_20211228_163959_1273573862_600_800_mask.png,45
8,3,16,7,516,448,532,455,516,448,532,448,532,455,516,455,text,table_text,table_0,courier,bold,7.0,12anp2_20211228_163959_1273573862_600_800.png,/scratch/parceirosbr/bigoilict/share/BigOil/document_generator/datasets/documents_2021_12_28/12anp2_20211228_163959_1273573862_600_800.png,12anp2_20211228_163959_1273573862_600_800_mask.png,5817
8,3,16,7,516,448,532,455,516,448,532,448,532,455,516,455,sub_line_text,table_text,table_0,courier,bold,7.0,12anp2_20211228_163959_1273573862_600_800.png,/scratch/parceirosbr/bigoilict/share/BigOil/document_generator/datasets/documents_2021_12_28/12anp2_20211228_163959_1273573862_600_800.png,12anp2_20211228_163959_1273573862_600_800_mask.png,5817
4,3,8,7,524,458,532,465,524,458,532,458,532,465,524,465,text,table_text,table_0,courier,bold,7.0,12anp2_20211228_163959_1273573862_600_800.png,/scratch/parceirosbr/bigoilict/share/BigOil/document_generator/datasets/documents_2021_12_28/12anp2_20211228_163959_1273573862_600_800.png,12anp2_20211228_163959_1273573862_600_800_mask.png,43
4,3,8,7,524,458,532,465,524,458,532,458,532,465,524,465,sub_line_text,table_text,table_0,courier,bold,7.0,12anp2_20211228_163959_1273573862_600_800.png,/scratch/parceirosbr/bigoilict/share/BigOil/document_generator/datasets/documents_2021_12_28/12anp2_20211228_163959_1273573862_600_800.png,12anp2_20211228_163959_1273573862_600_800_mask.png,43
4,3,8,7,524,468,532,475,524,468,532,468,532,475,524,475,text,table_text,table_0,courier,bold,7.0,12anp2_20211228_163959_1273573862_600_800.png,/scratch/parceirosbr/bigoilict/share/BigOil/document_generator/datasets/documents_2021_12_28/12anp2_20211228_163959_1273573862_600_800.png,12anp2_20211228_163959_1273573862_600_800_mask.png,22
4,3,8,7,524,468,532,475,524,468,532,468,532,475,524,475,sub_line_text,table_text,table_0,courier,bold,7.0,12anp2_20211228_163959_1273573862_600_800.png,/scratch/parceirosbr/bigoilict/share/BigOil/document_generator/datasets/documents_2021_12_28/12anp2_20211228_163959_1273573862_600_800.png,12anp2_20211228_163959_1273573862_600_800_mask.png,22
6,3,12,7,520,478,532,485,520,478,532,478,532,485,520,485,text,table_text,table_0,courier,bold,7.0,12anp2_20211228_163959_1273573862_600_800.png,/scratch/parceirosbr/bigoilict/share/BigOil/document_generator/datasets/documents_2021_12_28/12anp2_20211228_163959_1273573862_600_800.png,12anp2_20211228_163959_1273573862_600_800_mask.png,312
6,3,12,7,520,478,532,485,520,478,532,478,532,485,520,485,sub_line_text,table_text,table_0,courier,bold,7.0,12anp2_20211228_163959_1273573862_600_800.png,/scratch/parceirosbr/bigoilict/share/BigOil/document_generator/datasets/documents_2021_12_28/12anp2_20211228_163959_1273573862_600_800.png,12anp2_20211228_163959_1273573862_600_800_mask.png,312
6,3,12,7,520,488,532,495,520,488,532,488,532,495,520,495,text,table_text,table_0,courier,bold,7.0,12anp2_20211228_163959_1273573862_600_800.png,/scratch/parceirosbr/bigoilict/share/BigOil/document_generator/datasets/documents_2021_12_28/12anp2_20211228_163959_1273573862_600_800.png,12anp2_20211228_163959_1273573862_600_800_mask.png,552
6,3,12,7,520,488,532,495,520,488,532,488,532,495,520,495,sub_line_text,table_text,table_0,courier,bold,7.0,12anp2_20211228_163959_1273573862_600_800.png,/scratch/parceirosbr/bigoilict/share/BigOil/document_generator/datasets/documents_2021_12_28/12anp2_20211228_163959_1273573862_600_800.png,12anp2_20211228_163959_1273573862_600_800_mask.png,552
8,3,16,7,516,498,532,505,516,498,532,498,532,505,516,505,text,table_text,table_0,courier,bold,7.0,12anp2_20211228_163959_1273573862_600_800.png,/scratch/parceirosbr/bigoilict/share/BigOil/document_generator/datasets/documents_2021_12_28/12anp2_20211228_163959_1273573862_600_800.png,12anp2_20211228_163959_1273573862_600_800_mask.png,2960
8,3,16,7,516,498,532,505,516,498,532,498,532,505,516,505,sub_line_text,table_text,table_0,courier,bold,7.0,12anp2_20211228_163959_1273573862_600_800.png,/scratch/parceirosbr/bigoilict/share/BigOil/document_generator/datasets/documents_2021_12_28/12anp2_20211228_163959_1273573862_600_800.png,12anp2_20211228_163959_1273573862_600_800_mask.png,2960
225,4,450,9,88,522,538,531,88,522,538,522,538,531,88,531,sub_line_text,text,text_1,times,regular,7,12anp2_20211228_163959_1273573862_600_800.png,/scratch/parceirosbr/bigoilict/share/BigOil/document_generator/datasets/documents_2021_12_28/12anp2_20211228_163959_1273573862_600_800.png,12anp2_20211228_163959_1273573862_600_800_mask.png,Importante  O  sucesso  alcançado  pelos  selos  mecânicos  se  deve  à  habilidade  de  minimizar  ou  eliminar  vazamentos  de fluídos de processo pa-
239,4,479,9,58,533,537,542,58,533,537,533,537,542,58,542,sub_line_text,text,text_1,times,regular,7,12anp2_20211228_163959_1273573862_600_800.png,/scratch/parceirosbr/bigoilict/share/BigOil/document_generator/datasets/documents_2021_12_28/12anp2_20211228_163959_1273573862_600_800.png,12anp2_20211228_163959_1273573862_600_800_mask.png,"ra  o  meio  ambiente  ou  atmosfera.  O  setor  privado,  por  sua  vez,  tem  suas  ações  refletidas  na  estrutura  da  indústria,  que  apresenta  uma  dinâmica  pró-"
239,4,479,9,58,544,537,553,58,544,537,544,537,553,58,553,sub_line_text,text,text_1,times,regular,7,12anp2_20211228_163959_1273573862_600_800.png,/scratch/parceirosbr/bigoilict/share/BigOil/document_generator/datasets/documents_2021_12_28/12anp2_20211228_163959_1273573862_600_800.png,12anp2_20211228_163959_1273573862_600_800_mask.png,pria.  O  volume  de  água  irredutível  (Vwi)  é  calculado  pela  diferença  de  volumes  da  água  que  ficou  retido  no plug na terceira etapa e o volume coletado
239,4,479,9,58,555,537,564,58,555,537,555,537,564,58,564,sub_line_text,text,text_1,times,regular,7,12anp2_20211228_163959_1273573862_600_800.png,/scratch/parceirosbr/bigoilict/share/BigOil/document_generator/datasets/documents_2021_12_28/12anp2_20211228_163959_1273573862_600_800.png,12anp2_20211228_163959_1273573862_600_800_mask.png,de  água  ao  final  da  quarta  etapa.  Os  gráficos  a  seguir  tiveram  como  objetivo  de  comprovar  a  comparabilidade  dos  resultados  entre  os  testes  da entre
239,4,479,9,58,566,537,575,58,566,537,566,537,575,58,575,sub_line_text,text,text_1,times,regular,7,12anp2_20211228_163959_1273573862_600_800.png,/scratch/parceirosbr/bigoilict/share/BigOil/document_generator/datasets/documents_2021_12_28/12anp2_20211228_163959_1273573862_600_800.png,12anp2_20211228_163959_1273573862_600_800_mask.png,"os  testes  da  referência  e  entre  os  testes  da.  Os  interferentes  podem  modificar  os  sinais  analíticos,  através  de  interações  dentro  da  matriz. Os mesoporos"
239,4,479,9,58,577,537,586,58,577,537,577,537,586,58,586,sub_line_text,text,text_1,times,regular,7,12anp2_20211228_163959_1273573862_600_800.png,/scratch/parceirosbr/bigoilict/share/BigOil/document_generator/datasets/documents_2021_12_28/12anp2_20211228_163959_1273573862_600_800.png,12anp2_20211228_163959_1273573862_600_800_mask.png,são   importantes   para   a   adsorção   de  moléculas  grandes  e  proporcionam  a  maioria  da  área  superficial  para  carvões  impregnados  com  produtos  quím-
240,4,480,9,58,588,538,597,58,588,538,588,538,597,58,597,sub_line_text,text,text_1,times,regular,7,12anp2_20211228_163959_1273573862_600_800.png,/scratch/parceirosbr/bigoilict/share/BigOil/document_generator/datasets/documents_2021_12_28/12anp2_20211228_163959_1273573862_600_800.png,12anp2_20211228_163959_1273573862_600_800_mask.png,"icos,   já   os   micro   poros  contribuem  para  a  maioria  da  área  superficial  que  proporciona  alta  capacidade  de  adsorção  para  moléculas  de  dimensões  p-"
239,4,479,9,58,599,537,608,58,599,537,599,537,608,58,608,sub_line_text,text,text_1,times,regular,7,12anp2_20211228_163959_1273573862_600_800.png,/scratch/parceirosbr/bigoilict/share/BigOil/document_generator/datasets/documents_2021_12_28/12anp2_20211228_163959_1273573862_600_800.png,12anp2_20211228_163959_1273573862_600_800_mask.png,"equenas  2010).  O  primeiro  estágio  de  degradação  do  esterilizado  termicamente  239  360  C  com  58,74%  em  massa,  o  segundo estágio referente à maior"
239,4,479,9,58,610,537,619,58,610,537,610,537,619,58,619,sub_line_text,text,text_1,times,regular,7,12anp2_20211228_163959_1273573862_600_800.png,/scratch/parceirosbr/bigoilict/share/BigOil/document_generator/datasets/documents_2021_12_28/12anp2_20211228_163959_1273573862_600_800.png,12anp2_20211228_163959_1273573862_600_800_mask.png,"parte  da  ocorreu  360  500  C  com  23,99%  de  perda  de  massa  e  o  terceiro  estágio ocorreu entre 500 600 C com 3,13% de perda de massa ficando um res-"
240,4,480,9,58,621,538,630,58,621,538,621,538,630,58,630,sub_line_text,text,text_1,times,regular,7,12anp2_20211228_163959_1273573862_600_800.png,/scratch/parceirosbr/bigoilict/share/BigOil/document_generator/datasets/documents_2021_12_28/12anp2_20211228_163959_1273573862_600_800.png,12anp2_20211228_163959_1273573862_600_800_mask.png,"íduo  de  14,14%  em  massa.  O  processamento  primário  de  petróleo  tem  como  objetivos:  das  fases  oleosa,  gasosa  e aquosa, nos equipamentos conhecid-"
217,4,434,9,58,632,492,641,58,632,492,632,492,641,58,641,sub_line_text,text,text_1,times,regular,7,12anp2_20211228_163959_1273573862_600_800.png,/scratch/parceirosbr/bigoilict/share/BigOil/document_generator/datasets/documents_2021_12_28/12anp2_20211228_163959_1273573862_600_800.png,12anp2_20211228_163959_1273573862_600_800_mask.png,"os como separadores trifásicos; a fase oleosa para redução da água emulsionada e dos sais dissolvidos; a fase gasosa para redução do teor de água,."
240,59,480,119,58,522,538,641,58,522,538,522,538,641,58,641,text,text,text_1,times,regular,7,12anp2_20211228_163959_1273573862_600_800.png,/scratch/parceirosbr/bigoilict/share/BigOil/document_generator/datasets/documents_2021_12_28/12anp2_20211228_163959_1273573862_600_800.png,12anp2_20211228_163959_1273573862_600_800_mask.png,nan
225,4,450,9,88,645,538,654,88,645,538,645,538,654,88,654,sub_line_text,text,text_2,times,regular,7,12anp2_20211228_163959_1273573862_600_800.png,/scratch/parceirosbr/bigoilict/share/BigOil/document_generator/datasets/documents_2021_12_28/12anp2_20211228_163959_1273573862_600_800.png,12anp2_20211228_163959_1273573862_600_800_mask.png,"Perfuração,  Antonia  de  que  me  proporcionaram  a  oportunidade  de  realizar  um  sonho.  Antes  de  especificar  o  novo sistema de aquisição de d-"
239,4,479,9,58,656,537,665,58,656,537,656,537,665,58,665,sub_line_text,text,text_2,times,regular,7,12anp2_20211228_163959_1273573862_600_800.png,/scratch/parceirosbr/bigoilict/share/BigOil/document_generator/datasets/documents_2021_12_28/12anp2_20211228_163959_1273573862_600_800.png,12anp2_20211228_163959_1273573862_600_800_mask.png,"ados,  foi  feito  um  levantamento  dos  equipamentos  disponíveis  nas  dependências  do  para  utilização  no  banco  de  provas.  Among the evaluated factors,"
239,4,479,9,58,667,537,676,58,667,537,667,537,676,58,676,sub_line_text,text,text_2,times,regular,7,12anp2_20211228_163959_1273573862_600_800.png,/scratch/parceirosbr/bigoilict/share/BigOil/document_generator/datasets/documents_2021_12_28/12anp2_20211228_163959_1273573862_600_800.png,12anp2_20211228_163959_1273573862_600_800_mask.png,"glycerol  and  are  of  greater  importance  to  1,3-PDO  production  and  percentage  reduction  of  substrate  by.  Ao  longo  dos dutos existe uma faixa de segu-"
240,4,480,9,58,678,538,687,58,678,538,678,538,687,58,687,sub_line_text,text,text_2,times,regular,7,12anp2_20211228_163959_1273573862_600_800.png,/scratch/parceirosbr/bigoilict/share/BigOil/document_generator/datasets/documents_2021_12_28/12anp2_20211228_163959_1273573862_600_800.png,12anp2_20211228_163959_1273573862_600_800_mask.png,"rança   sinalizada,   chamada   de   faixa   de  servidão.  As  frequências  de  oscilação  da  velocidade  dos  tubos  de  perfuração  e  da  mesa  rotatória  apresentam"
239,4,479,9,58,689,537,698,58,689,537,689,537,698,58,698,sub_line_text,text,text_2,times,regular,7,12anp2_20211228_163959_1273573862_600_800.png,/scratch/parceirosbr/bigoilict/share/BigOil/document_generator/datasets/documents_2021_12_28/12anp2_20211228_163959_1273573862_600_800.png,12anp2_20211228_163959_1273573862_600_800_mask.png,"defasagem  em  relação  à  velocidade  dos  outros  componentes  da  coluna,  sendo  a  amplitude  da  velocidade  da  mesa  maior na fase stick, quando é necess-"
239,4,479,9,58,700,537,709,58,700,537,700,537,709,58,709,sub_line_text,text,text_2,times,regular,7,12anp2_20211228_163959_1273573862_600_800.png,/scratch/parceirosbr/bigoilict/share/BigOil/document_generator/datasets/documents_2021_12_28/12anp2_20211228_163959_1273573862_600_800.png,12anp2_20211228_163959_1273573862_600_800_mask.png,"ário   um   torque  suficiente,  para  superar  o  atrito  broca-formação.  Após  o  início  da  injeção,  a  água  injetada  no  reservatório  também  é  produzida  junto"
219,4,438,9,58,711,496,720,58,711,496,711,496,720,58,720,sub_line_text,text,text_2,times,regular,7,12anp2_20211228_163959_1273573862_600_800.png,/scratch/parceirosbr/bigoilict/share/BigOil/document_generator/datasets/documents_2021_12_28/12anp2_20211228_163959_1273573862_600_800.png,12anp2_20211228_163959_1273573862_600_800_mask.png,"ao óleo e, então, os dois fluidos são separados na superfície, a quantidade de óleo remanescente é removida e a água é, então, reinjetada e, apenas u."
240,37,480,75,58,645,538,720,58,645,538,645,538,720,58,720,text,text,text_2,times,regular,7,12anp2_20211228_163959_1273573862_600_800.png,/scratch/parceirosbr/bigoilict/share/BigOil/document_generator/datasets/documents_2021_12_28/12anp2_20211228_163959_1273573862_600_800.png,12anp2_20211228_163959_1273573862_600_800_mask.png,nan
