center_x,center_y,width,height,xmin,ymin,xmax,ymax,top_left_x,top_left_y,top_right_x,top_right_y,bottom_right_x,bottom_right_y,bottom_left_x,bottom_left_y,label,grouplabel,group,text_font,text_style,size_font,filename,path,filename_mask,content
300,400,600,800,0,0,600,800,0,0,600,0,600,800,0,800,document,,,,,,12anp2_20211228_163959_9242235587_600_800.png,/scratch/parceirosbr/bigoilict/share/BigOil/document_generator/datasets/documents_2021_12_28/12anp2_20211228_163959_9242235587_600_800.png,12anp2_20211228_163959_9242235587_600_800_mask.png,
236,4,472,9,66,90,538,99,66,96,538,90,538,93,66,99,line,line,line,,,,12anp2_20211228_163959_9242235587_600_800.png,/scratch/parceirosbr/bigoilict/share/BigOil/document_generator/datasets/documents_2021_12_28/12anp2_20211228_163959_9242235587_600_800.png,12anp2_20211228_163959_9242235587_600_800_mask.png,nan
20,13,40,26,495,54,535,80,495,55,535,54,535,79,495,80,sub_line_text,header,header_1,opensans,bold,18,12anp2_20211228_163959_9242235587_600_800.png,/scratch/parceirosbr/bigoilict/share/BigOil/document_generator/datasets/documents_2021_12_28/12anp2_20211228_163959_9242235587_600_800.png,12anp2_20211228_163959_9242235587_600_800_mask.png,2006
20,13,40,26,495,54,535,80,495,55,535,54,535,79,495,80,text,header,header_1,opensans,bold,18,12anp2_20211228_163959_9242235587_600_800.png,/scratch/parceirosbr/bigoilict/share/BigOil/document_generator/datasets/documents_2021_12_28/12anp2_20211228_163959_9242235587_600_800.png,12anp2_20211228_163959_9242235587_600_800_mask.png,nan
83,13,167,27,308,56,475,83,308,58,475,56,475,81,308,83,sub_line_text,header,header_1,opensans,bold,18,12anp2_20211228_163959_9242235587_600_800.png,/scratch/parceirosbr/bigoilict/share/BigOil/document_generator/datasets/documents_2021_12_28/12anp2_20211228_163959_9242235587_600_800.png,12anp2_20211228_163959_9242235587_600_800_mask.png,Resultados podem
83,13,167,27,308,56,475,83,308,58,475,56,475,81,308,83,text,header,header_1,opensans,bold,18,12anp2_20211228_163959_9242235587_600_800.png,/scratch/parceirosbr/bigoilict/share/BigOil/document_generator/datasets/documents_2021_12_28/12anp2_20211228_163959_9242235587_600_800.png,12anp2_20211228_163959_9242235587_600_800_mask.png,nan
36,15,73,31,87,59,160,90,87,60,160,59,160,89,87,90,image,image,image,,,,12anp2_20211228_163959_9242235587_600_800.png,/scratch/parceirosbr/bigoilict/share/BigOil/document_generator/datasets/documents_2021_12_28/12anp2_20211228_163959_9242235587_600_800.png,12anp2_20211228_163959_9242235587_600_800_mask.png,/scratch/parceirosbr/bigoilict/share/BigOil/document_generator/files_images_document_generator/logos\image_1399.jpg
149,8,299,16,69,104,368,120,69,107,368,104,368,117,69,120,sub_line_text,subsubsubtitle,subsubsubtitle_0,opensans,bolditalic,9,12anp2_20211228_163959_9242235587_600_800.png,/scratch/parceirosbr/bigoilict/share/BigOil/document_generator/datasets/documents_2021_12_28/12anp2_20211228_163959_9242235587_600_800.png,12anp2_20211228_163959_9242235587_600_800_mask.png,"Hidrocarboneto livre mais fácil tratar, utilizam-se técnicas físicas como"
44,7,89,14,174,122,263,136,174,123,263,122,263,135,174,136,sub_line_text,subsubsubtitle,subsubsubtitle_0,opensans,bolditalic,9,12anp2_20211228_163959_9242235587_600_800.png,/scratch/parceirosbr/bigoilict/share/BigOil/document_generator/datasets/documents_2021_12_28/12anp2_20211228_163959_9242235587_600_800.png,12anp2_20211228_163959_9242235587_600_800_mask.png,"separação gravidade,"
149,16,299,33,69,104,368,137,69,107,368,104,368,134,69,137,title,subsubsubtitle,subsubsubtitle_0,opensans,bolditalic,9,12anp2_20211228_163959_9242235587_600_800.png,/scratch/parceirosbr/bigoilict/share/BigOil/document_generator/datasets/documents_2021_12_28/12anp2_20211228_163959_9242235587_600_800.png,12anp2_20211228_163959_9242235587_600_800_mask.png,nan
59,98,118,196,79,144,197,340,79,145,195,144,197,339,81,340,image,figure_image,figure_0,,,,12anp2_20211228_163959_9242235587_600_800.png,/scratch/parceirosbr/bigoilict/share/BigOil/document_generator/datasets/documents_2021_12_28/12anp2_20211228_163959_9242235587_600_800.png,12anp2_20211228_163959_9242235587_600_800_mask.png,output/gen_img_20211228_163959_4307237513.png
10,1,21,2,97,176,118,178,97,173,119,176,118,182,97,178,text,figure_text,figure_0,,,,12anp2_20211228_163959_9242235587_600_800.png,/scratch/parceirosbr/bigoilict/share/BigOil/document_generator/datasets/documents_2021_12_28/12anp2_20211228_163959_9242235587_600_800.png,12anp2_20211228_163959_9242235587_600_800_mask.png,Volume [GB]
10,1,21,2,97,176,118,178,97,173,119,176,118,182,97,178,sub_line_text,figure_text,figure_0,,,,12anp2_20211228_163959_9242235587_600_800.png,/scratch/parceirosbr/bigoilict/share/BigOil/document_generator/datasets/documents_2021_12_28/12anp2_20211228_163959_9242235587_600_800.png,12anp2_20211228_163959_9242235587_600_800_mask.png,Volume [GB]
8,1,16,2,103,258,119,260,103,255,120,258,119,262,102,260,text,figure_text,figure_0,,,,12anp2_20211228_163959_9242235587_600_800.png,/scratch/parceirosbr/bigoilict/share/BigOil/document_generator/datasets/documents_2021_12_28/12anp2_20211228_163959_9242235587_600_800.png,12anp2_20211228_163959_9242235587_600_800_mask.png,-4446.24
8,1,16,2,103,258,119,260,103,255,120,258,119,262,102,260,sub_line_text,figure_text,figure_0,,,,12anp2_20211228_163959_9242235587_600_800.png,/scratch/parceirosbr/bigoilict/share/BigOil/document_generator/datasets/documents_2021_12_28/12anp2_20211228_163959_9242235587_600_800.png,12anp2_20211228_163959_9242235587_600_800_mask.png,-4446.24
4,0,8,-1,163,156,171,155,163,150,173,156,171,160,161,155,text,figure_text,figure_0,,,,12anp2_20211228_163959_9242235587_600_800.png,/scratch/parceirosbr/bigoilict/share/BigOil/document_generator/datasets/documents_2021_12_28/12anp2_20211228_163959_9242235587_600_800.png,12anp2_20211228_163959_9242235587_600_800_mask.png,342.8
4,0,8,-1,163,156,171,155,163,150,173,156,171,160,161,155,sub_line_text,figure_text,figure_0,,,,12anp2_20211228_163959_9242235587_600_800.png,/scratch/parceirosbr/bigoilict/share/BigOil/document_generator/datasets/documents_2021_12_28/12anp2_20211228_163959_9242235587_600_800.png,12anp2_20211228_163959_9242235587_600_800_mask.png,342.8
4,-2,9,-4,182,278,191,274,182,269,194,278,191,283,179,274,text,figure_text,figure_0,,,,12anp2_20211228_163959_9242235587_600_800.png,/scratch/parceirosbr/bigoilict/share/BigOil/document_generator/datasets/documents_2021_12_28/12anp2_20211228_163959_9242235587_600_800.png,12anp2_20211228_163959_9242235587_600_800_mask.png,Training
4,-2,9,-4,182,278,191,274,182,269,194,278,191,283,179,274,sub_line_text,figure_text,figure_0,,,,12anp2_20211228_163959_9242235587_600_800.png,/scratch/parceirosbr/bigoilict/share/BigOil/document_generator/datasets/documents_2021_12_28/12anp2_20211228_163959_9242235587_600_800.png,12anp2_20211228_163959_9242235587_600_800_mask.png,Training
6,1,13,2,181,330,194,332,181,326,194,330,194,335,179,332,text,figure_text,figure_0,,,,12anp2_20211228_163959_9242235587_600_800.png,/scratch/parceirosbr/bigoilict/share/BigOil/document_generator/datasets/documents_2021_12_28/12anp2_20211228_163959_9242235587_600_800.png,12anp2_20211228_163959_9242235587_600_800_mask.png,Projects
6,1,13,2,181,330,194,332,181,326,194,330,194,335,179,332,sub_line_text,figure_text,figure_0,,,,12anp2_20211228_163959_9242235587_600_800.png,/scratch/parceirosbr/bigoilict/share/BigOil/document_generator/datasets/documents_2021_12_28/12anp2_20211228_163959_9242235587_600_800.png,12anp2_20211228_163959_9242235587_600_800_mask.png,Projects
7,0,15,0,171,225,186,225,171,221,187,225,186,229,169,225,text,figure_text,figure_0,,,,12anp2_20211228_163959_9242235587_600_800.png,/scratch/parceirosbr/bigoilict/share/BigOil/document_generator/datasets/documents_2021_12_28/12anp2_20211228_163959_9242235587_600_800.png,12anp2_20211228_163959_9242235587_600_800_mask.png,-2428.6%
7,0,15,0,171,225,186,225,171,221,187,225,186,229,169,225,sub_line_text,figure_text,figure_0,,,,12anp2_20211228_163959_9242235587_600_800.png,/scratch/parceirosbr/bigoilict/share/BigOil/document_generator/datasets/documents_2021_12_28/12anp2_20211228_163959_9242235587_600_800.png,12anp2_20211228_163959_9242235587_600_800_mask.png,-2428.6%
7,-4,14,-8,94,242,108,234,94,229,111,242,108,247,91,234,text,figure_text,figure_0,,,,12anp2_20211228_163959_9242235587_600_800.png,/scratch/parceirosbr/bigoilict/share/BigOil/document_generator/datasets/documents_2021_12_28/12anp2_20211228_163959_9242235587_600_800.png,12anp2_20211228_163959_9242235587_600_800_mask.png,Volume [GB]
7,-4,14,-8,94,242,108,234,94,229,111,242,108,247,91,234,sub_line_text,figure_text,figure_0,,,,12anp2_20211228_163959_9242235587_600_800.png,/scratch/parceirosbr/bigoilict/share/BigOil/document_generator/datasets/documents_2021_12_28/12anp2_20211228_163959_9242235587_600_800.png,12anp2_20211228_163959_9242235587_600_800_mask.png,Volume [GB]
6,2,12,4,129,293,141,297,129,292,141,293,141,298,129,297,text,figure_text,figure_0,,,,12anp2_20211228_163959_9242235587_600_800.png,/scratch/parceirosbr/bigoilict/share/BigOil/document_generator/datasets/documents_2021_12_28/12anp2_20211228_163959_9242235587_600_800.png,12anp2_20211228_163959_9242235587_600_800_mask.png,-362%
6,2,12,4,129,293,141,297,129,292,141,293,141,298,129,297,sub_line_text,figure_text,figure_0,,,,12anp2_20211228_163959_9242235587_600_800.png,/scratch/parceirosbr/bigoilict/share/BigOil/document_generator/datasets/documents_2021_12_28/12anp2_20211228_163959_9242235587_600_800.png,12anp2_20211228_163959_9242235587_600_800_mask.png,-362%
10,-4,21,-8,146,283,167,275,146,270,169,283,167,288,143,275,text,figure_text,figure_0,,,,12anp2_20211228_163959_9242235587_600_800.png,/scratch/parceirosbr/bigoilict/share/BigOil/document_generator/datasets/documents_2021_12_28/12anp2_20211228_163959_9242235587_600_800.png,12anp2_20211228_163959_9242235587_600_800_mask.png,Frequency (Hz)
10,-4,21,-8,146,283,167,275,146,270,169,283,167,288,143,275,sub_line_text,figure_text,figure_0,,,,12anp2_20211228_163959_9242235587_600_800.png,/scratch/parceirosbr/bigoilict/share/BigOil/document_generator/datasets/documents_2021_12_28/12anp2_20211228_163959_9242235587_600_800.png,12anp2_20211228_163959_9242235587_600_800_mask.png,Frequency (Hz)
7,-2,15,-4,92,332,107,328,92,324,109,332,107,337,91,328,text,figure_text,figure_0,,,,12anp2_20211228_163959_9242235587_600_800.png,/scratch/parceirosbr/bigoilict/share/BigOil/document_generator/datasets/documents_2021_12_28/12anp2_20211228_163959_9242235587_600_800.png,12anp2_20211228_163959_9242235587_600_800_mask.png,-8909.602
7,-2,15,-4,92,332,107,328,92,324,109,332,107,337,91,328,sub_line_text,figure_text,figure_0,,,,12anp2_20211228_163959_9242235587_600_800.png,/scratch/parceirosbr/bigoilict/share/BigOil/document_generator/datasets/documents_2021_12_28/12anp2_20211228_163959_9242235587_600_800.png,12anp2_20211228_163959_9242235587_600_800_mask.png,-8909.602
6,-2,13,-5,106,301,119,296,106,292,121,301,119,305,104,296,text,figure_text,figure_0,,,,12anp2_20211228_163959_9242235587_600_800.png,/scratch/parceirosbr/bigoilict/share/BigOil/document_generator/datasets/documents_2021_12_28/12anp2_20211228_163959_9242235587_600_800.png,12anp2_20211228_163959_9242235587_600_800_mask.png,-5729.7%
6,-2,13,-5,106,301,119,296,106,292,121,301,119,305,104,296,sub_line_text,figure_text,figure_0,,,,12anp2_20211228_163959_9242235587_600_800.png,/scratch/parceirosbr/bigoilict/share/BigOil/document_generator/datasets/documents_2021_12_28/12anp2_20211228_163959_9242235587_600_800.png,12anp2_20211228_163959_9242235587_600_800_mask.png,-5729.7%
12,0,25,0,126,201,151,201,126,195,152,201,151,206,125,201,text,figure_text,figure_0,,,,12anp2_20211228_163959_9242235587_600_800.png,/scratch/parceirosbr/bigoilict/share/BigOil/document_generator/datasets/documents_2021_12_28/12anp2_20211228_163959_9242235587_600_800.png,12anp2_20211228_163959_9242235587_600_800_mask.png,Frequency (Hz)
12,0,25,0,126,201,151,201,126,195,152,201,151,206,125,201,sub_line_text,figure_text,figure_0,,,,12anp2_20211228_163959_9242235587_600_800.png,/scratch/parceirosbr/bigoilict/share/BigOil/document_generator/datasets/documents_2021_12_28/12anp2_20211228_163959_9242235587_600_800.png,12anp2_20211228_163959_9242235587_600_800_mask.png,Frequency (Hz)
3,-1,7,-2,161,189,168,187,161,183,170,189,168,193,158,187,text,figure_text,figure_0,,,,12anp2_20211228_163959_9242235587_600_800.png,/scratch/parceirosbr/bigoilict/share/BigOil/document_generator/datasets/documents_2021_12_28/12anp2_20211228_163959_9242235587_600_800.png,12anp2_20211228_163959_9242235587_600_800_mask.png,-8304
3,-1,7,-2,161,189,168,187,161,183,170,189,168,193,158,187,sub_line_text,figure_text,figure_0,,,,12anp2_20211228_163959_9242235587_600_800.png,/scratch/parceirosbr/bigoilict/share/BigOil/document_generator/datasets/documents_2021_12_28/12anp2_20211228_163959_9242235587_600_800.png,12anp2_20211228_163959_9242235587_600_800_mask.png,-8304
4,0,8,-1,138,239,146,238,138,234,148,239,146,243,136,238,text,figure_text,figure_0,,,,12anp2_20211228_163959_9242235587_600_800.png,/scratch/parceirosbr/bigoilict/share/BigOil/document_generator/datasets/documents_2021_12_28/12anp2_20211228_163959_9242235587_600_800.png,12anp2_20211228_163959_9242235587_600_800_mask.png,22.14
4,0,8,-1,138,239,146,238,138,234,148,239,146,243,136,238,sub_line_text,figure_text,figure_0,,,,12anp2_20211228_163959_9242235587_600_800.png,/scratch/parceirosbr/bigoilict/share/BigOil/document_generator/datasets/documents_2021_12_28/12anp2_20211228_163959_9242235587_600_800.png,12anp2_20211228_163959_9242235587_600_800_mask.png,22.14
6,2,13,5,109,193,122,198,109,192,122,193,122,199,109,198,text,figure_text,figure_0,,,,12anp2_20211228_163959_9242235587_600_800.png,/scratch/parceirosbr/bigoilict/share/BigOil/document_generator/datasets/documents_2021_12_28/12anp2_20211228_163959_9242235587_600_800.png,12anp2_20211228_163959_9242235587_600_800_mask.png,Activity
6,2,13,5,109,193,122,198,109,192,122,193,122,199,109,198,sub_line_text,figure_text,figure_0,,,,12anp2_20211228_163959_9242235587_600_800.png,/scratch/parceirosbr/bigoilict/share/BigOil/document_generator/datasets/documents_2021_12_28/12anp2_20211228_163959_9242235587_600_800.png,12anp2_20211228_163959_9242235587_600_800_mask.png,Activity
5,0,11,1,161,292,172,293,161,289,173,292,172,297,160,293,text,figure_text,figure_0,,,,12anp2_20211228_163959_9242235587_600_800.png,/scratch/parceirosbr/bigoilict/share/BigOil/document_generator/datasets/documents_2021_12_28/12anp2_20211228_163959_9242235587_600_800.png,12anp2_20211228_163959_9242235587_600_800_mask.png,Scores
5,0,11,1,161,292,172,293,161,289,173,292,172,297,160,293,sub_line_text,figure_text,figure_0,,,,12anp2_20211228_163959_9242235587_600_800.png,/scratch/parceirosbr/bigoilict/share/BigOil/document_generator/datasets/documents_2021_12_28/12anp2_20211228_163959_9242235587_600_800.png,12anp2_20211228_163959_9242235587_600_800_mask.png,Scores
5,2,11,4,163,212,174,216,163,212,175,212,174,217,162,216,text,figure_text,figure_0,,,,12anp2_20211228_163959_9242235587_600_800.png,/scratch/parceirosbr/bigoilict/share/BigOil/document_generator/datasets/documents_2021_12_28/12anp2_20211228_163959_9242235587_600_800.png,12anp2_20211228_163959_9242235587_600_800_mask.png,-671.0
5,2,11,4,163,212,174,216,163,212,175,212,174,217,162,216,sub_line_text,figure_text,figure_0,,,,12anp2_20211228_163959_9242235587_600_800.png,/scratch/parceirosbr/bigoilict/share/BigOil/document_generator/datasets/documents_2021_12_28/12anp2_20211228_163959_9242235587_600_800.png,12anp2_20211228_163959_9242235587_600_800_mask.png,-671.0
8,0,17,1,175,247,192,248,175,243,193,247,192,253,174,248,text,figure_text,figure_0,,,,12anp2_20211228_163959_9242235587_600_800.png,/scratch/parceirosbr/bigoilict/share/BigOil/document_generator/datasets/documents_2021_12_28/12anp2_20211228_163959_9242235587_600_800.png,12anp2_20211228_163959_9242235587_600_800_mask.png,Proportion
8,0,17,1,175,247,192,248,175,243,193,247,192,253,174,248,sub_line_text,figure_text,figure_0,,,,12anp2_20211228_163959_9242235587_600_800.png,/scratch/parceirosbr/bigoilict/share/BigOil/document_generator/datasets/documents_2021_12_28/12anp2_20211228_163959_9242235587_600_800.png,12anp2_20211228_163959_9242235587_600_800_mask.png,Proportion
6,0,13,1,136,257,149,258,136,253,150,257,149,262,136,258,text,figure_text,figure_0,,,,12anp2_20211228_163959_9242235587_600_800.png,/scratch/parceirosbr/bigoilict/share/BigOil/document_generator/datasets/documents_2021_12_28/12anp2_20211228_163959_9242235587_600_800.png,12anp2_20211228_163959_9242235587_600_800_mask.png,Density
6,0,13,1,136,257,149,258,136,253,150,257,149,262,136,258,sub_line_text,figure_text,figure_0,,,,12anp2_20211228_163959_9242235587_600_800.png,/scratch/parceirosbr/bigoilict/share/BigOil/document_generator/datasets/documents_2021_12_28/12anp2_20211228_163959_9242235587_600_800.png,12anp2_20211228_163959_9242235587_600_800_mask.png,Density
8,1,16,2,155,314,171,316,155,312,172,314,171,319,154,316,text,figure_text,figure_0,,,,12anp2_20211228_163959_9242235587_600_800.png,/scratch/parceirosbr/bigoilict/share/BigOil/document_generator/datasets/documents_2021_12_28/12anp2_20211228_163959_9242235587_600_800.png,12anp2_20211228_163959_9242235587_600_800_mask.png,Reflective
8,1,16,2,155,314,171,316,155,312,172,314,171,319,154,316,sub_line_text,figure_text,figure_0,,,,12anp2_20211228_163959_9242235587_600_800.png,/scratch/parceirosbr/bigoilict/share/BigOil/document_generator/datasets/documents_2021_12_28/12anp2_20211228_163959_9242235587_600_800.png,12anp2_20211228_163959_9242235587_600_800_mask.png,Reflective
5,0,11,0,177,193,188,193,177,188,190,193,188,198,175,193,text,figure_text,figure_0,,,,12anp2_20211228_163959_9242235587_600_800.png,/scratch/parceirosbr/bigoilict/share/BigOil/document_generator/datasets/documents_2021_12_28/12anp2_20211228_163959_9242235587_600_800.png,12anp2_20211228_163959_9242235587_600_800_mask.png,-5426.5
5,0,11,0,177,193,188,193,177,188,190,193,188,198,175,193,sub_line_text,figure_text,figure_0,,,,12anp2_20211228_163959_9242235587_600_800.png,/scratch/parceirosbr/bigoilict/share/BigOil/document_generator/datasets/documents_2021_12_28/12anp2_20211228_163959_9242235587_600_800.png,12anp2_20211228_163959_9242235587_600_800_mask.png,-5426.5
4,1,9,2,127,285,136,287,127,282,137,285,136,290,125,287,text,figure_text,figure_0,,,,12anp2_20211228_163959_9242235587_600_800.png,/scratch/parceirosbr/bigoilict/share/BigOil/document_generator/datasets/documents_2021_12_28/12anp2_20211228_163959_9242235587_600_800.png,12anp2_20211228_163959_9242235587_600_800_mask.png,215%
4,1,9,2,127,285,136,287,127,282,137,285,136,290,125,287,sub_line_text,figure_text,figure_0,,,,12anp2_20211228_163959_9242235587_600_800.png,/scratch/parceirosbr/bigoilict/share/BigOil/document_generator/datasets/documents_2021_12_28/12anp2_20211228_163959_9242235587_600_800.png,12anp2_20211228_163959_9242235587_600_800_mask.png,215%
5,1,10,3,171,202,181,205,171,201,182,202,181,207,170,205,text,figure_text,figure_0,,,,12anp2_20211228_163959_9242235587_600_800.png,/scratch/parceirosbr/bigoilict/share/BigOil/document_generator/datasets/documents_2021_12_28/12anp2_20211228_163959_9242235587_600_800.png,12anp2_20211228_163959_9242235587_600_800_mask.png,-3345
5,1,10,3,171,202,181,205,171,201,182,202,181,207,170,205,sub_line_text,figure_text,figure_0,,,,12anp2_20211228_163959_9242235587_600_800.png,/scratch/parceirosbr/bigoilict/share/BigOil/document_generator/datasets/documents_2021_12_28/12anp2_20211228_163959_9242235587_600_800.png,12anp2_20211228_163959_9242235587_600_800_mask.png,-3345
7,-2,15,-5,176,306,191,301,176,297,193,306,191,310,173,301,text,figure_text,figure_0,,,,12anp2_20211228_163959_9242235587_600_800.png,/scratch/parceirosbr/bigoilict/share/BigOil/document_generator/datasets/documents_2021_12_28/12anp2_20211228_163959_9242235587_600_800.png,12anp2_20211228_163959_9242235587_600_800_mask.png,Production
7,-2,15,-5,176,306,191,301,176,297,193,306,191,310,173,301,sub_line_text,figure_text,figure_0,,,,12anp2_20211228_163959_9242235587_600_800.png,/scratch/parceirosbr/bigoilict/share/BigOil/document_generator/datasets/documents_2021_12_28/12anp2_20211228_163959_9242235587_600_800.png,12anp2_20211228_163959_9242235587_600_800_mask.png,Production
7,-1,15,-2,87,276,102,274,87,269,104,276,102,281,84,274,text,figure_text,figure_0,,,,12anp2_20211228_163959_9242235587_600_800.png,/scratch/parceirosbr/bigoilict/share/BigOil/document_generator/datasets/documents_2021_12_28/12anp2_20211228_163959_9242235587_600_800.png,12anp2_20211228_163959_9242235587_600_800_mask.png,Quality[GB]
7,-1,15,-2,87,276,102,274,87,269,104,276,102,281,84,274,sub_line_text,figure_text,figure_0,,,,12anp2_20211228_163959_9242235587_600_800.png,/scratch/parceirosbr/bigoilict/share/BigOil/document_generator/datasets/documents_2021_12_28/12anp2_20211228_163959_9242235587_600_800.png,12anp2_20211228_163959_9242235587_600_800_mask.png,Quality[GB]
46,7,93,14,101,347,194,361,101,348,194,347,194,360,101,361,sub_line_text,text,text_0,opensans,regular,9,12anp2_20211228_163959_9242235587_600_800.png,/scratch/parceirosbr/bigoilict/share/BigOil/document_generator/datasets/documents_2021_12_28/12anp2_20211228_163959_9242235587_600_800.png,12anp2_20211228_163959_9242235587_600_800_mask.png,Dos blocos em fase de.
46,7,93,14,101,347,194,361,101,348,194,347,194,360,101,361,text,text,text_0,opensans,regular,9,12anp2_20211228_163959_9242235587_600_800.png,/scratch/parceirosbr/bigoilict/share/BigOil/document_generator/datasets/documents_2021_12_28/12anp2_20211228_163959_9242235587_600_800.png,12anp2_20211228_163959_9242235587_600_800_mask.png,nan
130,99,260,198,252,141,512,339,252,144,510,141,512,336,254,339,image,figure_image,figure_3,,,,12anp2_20211228_163959_9242235587_600_800.png,/scratch/parceirosbr/bigoilict/share/BigOil/document_generator/datasets/documents_2021_12_28/12anp2_20211228_163959_9242235587_600_800.png,12anp2_20211228_163959_9242235587_600_800_mask.png,output/gen_img_20211228_164001_1816824178.png
12,3,24,7,387,305,411,312,387,307,411,305,411,311,387,312,text,figure_text,figure_3,,,,12anp2_20211228_163959_9242235587_600_800.png,/scratch/parceirosbr/bigoilict/share/BigOil/document_generator/datasets/documents_2021_12_28/12anp2_20211228_163959_9242235587_600_800.png,12anp2_20211228_163959_9242235587_600_800_mask.png,-4328.73
12,3,24,7,387,305,411,312,387,307,411,305,411,311,387,312,sub_line_text,figure_text,figure_3,,,,12anp2_20211228_163959_9242235587_600_800.png,/scratch/parceirosbr/bigoilict/share/BigOil/document_generator/datasets/documents_2021_12_28/12anp2_20211228_163959_9242235587_600_800.png,12anp2_20211228_163959_9242235587_600_800_mask.png,-4328.73
9,3,19,7,407,209,426,216,407,211,425,209,426,214,407,216,text,figure_text,figure_3,,,,12anp2_20211228_163959_9242235587_600_800.png,/scratch/parceirosbr/bigoilict/share/BigOil/document_generator/datasets/documents_2021_12_28/12anp2_20211228_163959_9242235587_600_800.png,12anp2_20211228_163959_9242235587_600_800_mask.png,343.9%
9,3,19,7,407,209,426,216,407,211,425,209,426,214,407,216,sub_line_text,figure_text,figure_3,,,,12anp2_20211228_163959_9242235587_600_800.png,/scratch/parceirosbr/bigoilict/share/BigOil/document_generator/datasets/documents_2021_12_28/12anp2_20211228_163959_9242235587_600_800.png,12anp2_20211228_163959_9242235587_600_800_mask.png,343.9%
15,6,30,12,298,265,328,277,298,271,327,265,328,271,299,277,text,figure_text,figure_3,,,,12anp2_20211228_163959_9242235587_600_800.png,/scratch/parceirosbr/bigoilict/share/BigOil/document_generator/datasets/documents_2021_12_28/12anp2_20211228_163959_9242235587_600_800.png,12anp2_20211228_163959_9242235587_600_800_mask.png,Water (ML)
15,6,30,12,298,265,328,277,298,271,327,265,328,271,299,277,sub_line_text,figure_text,figure_3,,,,12anp2_20211228_163959_9242235587_600_800.png,/scratch/parceirosbr/bigoilict/share/BigOil/document_generator/datasets/documents_2021_12_28/12anp2_20211228_163959_9242235587_600_800.png,12anp2_20211228_163959_9242235587_600_800_mask.png,Water (ML)
6,4,13,8,367,150,380,158,367,152,379,150,380,156,368,158,text,figure_text,figure_3,,,,12anp2_20211228_163959_9242235587_600_800.png,/scratch/parceirosbr/bigoilict/share/BigOil/document_generator/datasets/documents_2021_12_28/12anp2_20211228_163959_9242235587_600_800.png,12anp2_20211228_163959_9242235587_600_800_mask.png,Days
6,4,13,8,367,150,380,158,367,152,379,150,380,156,368,158,sub_line_text,figure_text,figure_3,,,,12anp2_20211228_163959_9242235587_600_800.png,/scratch/parceirosbr/bigoilict/share/BigOil/document_generator/datasets/documents_2021_12_28/12anp2_20211228_163959_9242235587_600_800.png,12anp2_20211228_163959_9242235587_600_800_mask.png,Days
14,4,28,8,303,182,331,190,303,185,330,182,331,187,304,190,text,figure_text,figure_3,,,,12anp2_20211228_163959_9242235587_600_800.png,/scratch/parceirosbr/bigoilict/share/BigOil/document_generator/datasets/documents_2021_12_28/12anp2_20211228_163959_9242235587_600_800.png,12anp2_20211228_163959_9242235587_600_800_mask.png,Treatment
14,4,28,8,303,182,331,190,303,185,330,182,331,187,304,190,sub_line_text,figure_text,figure_3,,,,12anp2_20211228_163959_9242235587_600_800.png,/scratch/parceirosbr/bigoilict/share/BigOil/document_generator/datasets/documents_2021_12_28/12anp2_20211228_163959_9242235587_600_800.png,12anp2_20211228_163959_9242235587_600_800_mask.png,Treatment
12,4,24,8,451,246,475,254,451,249,474,246,475,251,452,254,text,figure_text,figure_3,,,,12anp2_20211228_163959_9242235587_600_800.png,/scratch/parceirosbr/bigoilict/share/BigOil/document_generator/datasets/documents_2021_12_28/12anp2_20211228_163959_9242235587_600_800.png,12anp2_20211228_163959_9242235587_600_800_mask.png,-820.329
12,4,24,8,451,246,475,254,451,249,474,246,475,251,452,254,sub_line_text,figure_text,figure_3,,,,12anp2_20211228_163959_9242235587_600_800.png,/scratch/parceirosbr/bigoilict/share/BigOil/document_generator/datasets/documents_2021_12_28/12anp2_20211228_163959_9242235587_600_800.png,12anp2_20211228_163959_9242235587_600_800_mask.png,-820.329
22,5,44,10,427,192,471,202,427,196,471,192,471,198,427,202,text,figure_text,figure_3,,,,12anp2_20211228_163959_9242235587_600_800.png,/scratch/parceirosbr/bigoilict/share/BigOil/document_generator/datasets/documents_2021_12_28/12anp2_20211228_163959_9242235587_600_800.png,12anp2_20211228_163959_9242235587_600_800_mask.png,Processing (MB)
22,5,44,10,427,192,471,202,427,196,471,192,471,198,427,202,sub_line_text,figure_text,figure_3,,,,12anp2_20211228_163959_9242235587_600_800.png,/scratch/parceirosbr/bigoilict/share/BigOil/document_generator/datasets/documents_2021_12_28/12anp2_20211228_163959_9242235587_600_800.png,12anp2_20211228_163959_9242235587_600_800_mask.png,Processing (MB)
17,6,34,12,327,203,361,215,327,209,360,203,361,209,328,215,text,figure_text,figure_3,,,,12anp2_20211228_163959_9242235587_600_800.png,/scratch/parceirosbr/bigoilict/share/BigOil/document_generator/datasets/documents_2021_12_28/12anp2_20211228_163959_9242235587_600_800.png,12anp2_20211228_163959_9242235587_600_800_mask.png,Demand (MB)
17,6,34,12,327,203,361,215,327,209,360,203,361,209,328,215,sub_line_text,figure_text,figure_3,,,,12anp2_20211228_163959_9242235587_600_800.png,/scratch/parceirosbr/bigoilict/share/BigOil/document_generator/datasets/documents_2021_12_28/12anp2_20211228_163959_9242235587_600_800.png,12anp2_20211228_163959_9242235587_600_800_mask.png,Demand (MB)
8,4,16,9,285,183,301,192,285,187,300,183,301,188,286,192,text,figure_text,figure_3,,,,12anp2_20211228_163959_9242235587_600_800.png,/scratch/parceirosbr/bigoilict/share/BigOil/document_generator/datasets/documents_2021_12_28/12anp2_20211228_163959_9242235587_600_800.png,12anp2_20211228_163959_9242235587_600_800_mask.png,Start
8,4,16,9,285,183,301,192,285,187,300,183,301,188,286,192,sub_line_text,figure_text,figure_3,,,,12anp2_20211228_163959_9242235587_600_800.png,/scratch/parceirosbr/bigoilict/share/BigOil/document_generator/datasets/documents_2021_12_28/12anp2_20211228_163959_9242235587_600_800.png,12anp2_20211228_163959_9242235587_600_800_mask.png,Start
235,100,471,200,68,364,539,564,68,370,537,364,539,559,70,564,table,table_image,table_0,,,,12anp2_20211228_163959_9242235587_600_800.png,/scratch/parceirosbr/bigoilict/share/BigOil/document_generator/datasets/documents_2021_12_28/12anp2_20211228_163959_9242235587_600_800.png,12anp2_20211228_163959_9242235587_600_800_mask.png,output/gen_tab_20211228_164002_3883224396.png
12,7,25,14,84,371,109,385,84,372,109,371,109,384,84,385,text,table_text,table_0,opensans,italic,9.0,12anp2_20211228_163959_9242235587_600_800.png,/scratch/parceirosbr/bigoilict/share/BigOil/document_generator/datasets/documents_2021_12_28/12anp2_20211228_163959_9242235587_600_800.png,12anp2_20211228_163959_9242235587_600_800_mask.png,forma
12,7,25,14,84,371,109,385,84,372,109,371,109,384,84,385,sub_line_text,table_text,table_0,opensans,italic,9.0,12anp2_20211228_163959_9242235587_600_800.png,/scratch/parceirosbr/bigoilict/share/BigOil/document_generator/datasets/documents_2021_12_28/12anp2_20211228_163959_9242235587_600_800.png,12anp2_20211228_163959_9242235587_600_800_mask.png,forma
4,6,9,13,100,386,109,399,100,386,109,386,109,399,100,399,text,table_text,table_0,opensans,italic,9.0,12anp2_20211228_163959_9242235587_600_800.png,/scratch/parceirosbr/bigoilict/share/BigOil/document_generator/datasets/documents_2021_12_28/12anp2_20211228_163959_9242235587_600_800.png,12anp2_20211228_163959_9242235587_600_800_mask.png,85
4,6,9,13,100,386,109,399,100,386,109,386,109,399,100,399,sub_line_text,table_text,table_0,opensans,italic,9.0,12anp2_20211228_163959_9242235587_600_800.png,/scratch/parceirosbr/bigoilict/share/BigOil/document_generator/datasets/documents_2021_12_28/12anp2_20211228_163959_9242235587_600_800.png,12anp2_20211228_163959_9242235587_600_800_mask.png,85
7,6,14,13,95,401,109,414,95,401,109,401,109,414,95,414,text,table_text,table_0,opensans,italic,9.0,12anp2_20211228_163959_9242235587_600_800.png,/scratch/parceirosbr/bigoilict/share/BigOil/document_generator/datasets/documents_2021_12_28/12anp2_20211228_163959_9242235587_600_800.png,12anp2_20211228_163959_9242235587_600_800_mask.png,730
7,6,14,13,95,401,109,414,95,401,109,401,109,414,95,414,sub_line_text,table_text,table_0,opensans,italic,9.0,12anp2_20211228_163959_9242235587_600_800.png,/scratch/parceirosbr/bigoilict/share/BigOil/document_generator/datasets/documents_2021_12_28/12anp2_20211228_163959_9242235587_600_800.png,12anp2_20211228_163959_9242235587_600_800_mask.png,730
5,6,10,13,100,416,110,429,100,416,109,416,110,429,101,429,text,table_text,table_0,opensans,italic,9.0,12anp2_20211228_163959_9242235587_600_800.png,/scratch/parceirosbr/bigoilict/share/BigOil/document_generator/datasets/documents_2021_12_28/12anp2_20211228_163959_9242235587_600_800.png,12anp2_20211228_163959_9242235587_600_800_mask.png,53
5,6,10,13,100,416,110,429,100,416,109,416,110,429,101,429,sub_line_text,table_text,table_0,opensans,italic,9.0,12anp2_20211228_163959_9242235587_600_800.png,/scratch/parceirosbr/bigoilict/share/BigOil/document_generator/datasets/documents_2021_12_28/12anp2_20211228_163959_9242235587_600_800.png,12anp2_20211228_163959_9242235587_600_800_mask.png,53
9,7,19,14,91,431,110,445,91,432,110,431,110,444,91,445,text,table_text,table_0,opensans,italic,9.0,12anp2_20211228_163959_9242235587_600_800.png,/scratch/parceirosbr/bigoilict/share/BigOil/document_generator/datasets/documents_2021_12_28/12anp2_20211228_163959_9242235587_600_800.png,12anp2_20211228_163959_9242235587_600_800_mask.png,1208
9,7,19,14,91,431,110,445,91,432,110,431,110,444,91,445,sub_line_text,table_text,table_0,opensans,italic,9.0,12anp2_20211228_163959_9242235587_600_800.png,/scratch/parceirosbr/bigoilict/share/BigOil/document_generator/datasets/documents_2021_12_28/12anp2_20211228_163959_9242235587_600_800.png,12anp2_20211228_163959_9242235587_600_800_mask.png,1208
5,6,10,13,100,446,110,459,100,446,110,446,110,459,100,459,text,table_text,table_0,opensans,italic,9.0,12anp2_20211228_163959_9242235587_600_800.png,/scratch/parceirosbr/bigoilict/share/BigOil/document_generator/datasets/documents_2021_12_28/12anp2_20211228_163959_9242235587_600_800.png,12anp2_20211228_163959_9242235587_600_800_mask.png,27
5,6,10,13,100,446,110,459,100,446,110,446,110,459,100,459,sub_line_text,table_text,table_0,opensans,italic,9.0,12anp2_20211228_163959_9242235587_600_800.png,/scratch/parceirosbr/bigoilict/share/BigOil/document_generator/datasets/documents_2021_12_28/12anp2_20211228_163959_9242235587_600_800.png,12anp2_20211228_163959_9242235587_600_800_mask.png,27
9,7,19,14,91,461,110,475,91,462,110,461,110,474,91,475,text,table_text,table_0,opensans,italic,9.0,12anp2_20211228_163959_9242235587_600_800.png,/scratch/parceirosbr/bigoilict/share/BigOil/document_generator/datasets/documents_2021_12_28/12anp2_20211228_163959_9242235587_600_800.png,12anp2_20211228_163959_9242235587_600_800_mask.png,8661
9,7,19,14,91,461,110,475,91,462,110,461,110,474,91,475,sub_line_text,table_text,table_0,opensans,italic,9.0,12anp2_20211228_163959_9242235587_600_800.png,/scratch/parceirosbr/bigoilict/share/BigOil/document_generator/datasets/documents_2021_12_28/12anp2_20211228_163959_9242235587_600_800.png,12anp2_20211228_163959_9242235587_600_800_mask.png,8661
4,6,9,13,101,476,110,489,101,476,110,476,110,489,101,489,text,table_text,table_0,opensans,italic,9.0,12anp2_20211228_163959_9242235587_600_800.png,/scratch/parceirosbr/bigoilict/share/BigOil/document_generator/datasets/documents_2021_12_28/12anp2_20211228_163959_9242235587_600_800.png,12anp2_20211228_163959_9242235587_600_800_mask.png,49
4,6,9,13,101,476,110,489,101,476,110,476,110,489,101,489,sub_line_text,table_text,table_0,opensans,italic,9.0,12anp2_20211228_163959_9242235587_600_800.png,/scratch/parceirosbr/bigoilict/share/BigOil/document_generator/datasets/documents_2021_12_28/12anp2_20211228_163959_9242235587_600_800.png,12anp2_20211228_163959_9242235587_600_800_mask.png,49
4,6,9,13,101,491,110,504,101,491,110,491,110,504,101,504,text,table_text,table_0,opensans,italic,9.0,12anp2_20211228_163959_9242235587_600_800.png,/scratch/parceirosbr/bigoilict/share/BigOil/document_generator/datasets/documents_2021_12_28/12anp2_20211228_163959_9242235587_600_800.png,12anp2_20211228_163959_9242235587_600_800_mask.png,33
4,6,9,13,101,491,110,504,101,491,110,491,110,504,101,504,sub_line_text,table_text,table_0,opensans,italic,9.0,12anp2_20211228_163959_9242235587_600_800.png,/scratch/parceirosbr/bigoilict/share/BigOil/document_generator/datasets/documents_2021_12_28/12anp2_20211228_163959_9242235587_600_800.png,12anp2_20211228_163959_9242235587_600_800_mask.png,33
7,6,15,13,96,506,111,519,96,506,110,506,111,519,97,519,text,table_text,table_0,opensans,italic,9.0,12anp2_20211228_163959_9242235587_600_800.png,/scratch/parceirosbr/bigoilict/share/BigOil/document_generator/datasets/documents_2021_12_28/12anp2_20211228_163959_9242235587_600_800.png,12anp2_20211228_163959_9242235587_600_800_mask.png,126
7,6,15,13,96,506,111,519,96,506,110,506,111,519,97,519,sub_line_text,table_text,table_0,opensans,italic,9.0,12anp2_20211228_163959_9242235587_600_800.png,/scratch/parceirosbr/bigoilict/share/BigOil/document_generator/datasets/documents_2021_12_28/12anp2_20211228_163959_9242235587_600_800.png,12anp2_20211228_163959_9242235587_600_800_mask.png,126
9,7,19,14,92,521,111,535,92,522,111,521,111,534,92,535,text,table_text,table_0,opensans,italic,9.0,12anp2_20211228_163959_9242235587_600_800.png,/scratch/parceirosbr/bigoilict/share/BigOil/document_generator/datasets/documents_2021_12_28/12anp2_20211228_163959_9242235587_600_800.png,12anp2_20211228_163959_9242235587_600_800_mask.png,7810
9,7,19,14,92,521,111,535,92,522,111,521,111,534,92,535,sub_line_text,table_text,table_0,opensans,italic,9.0,12anp2_20211228_163959_9242235587_600_800.png,/scratch/parceirosbr/bigoilict/share/BigOil/document_generator/datasets/documents_2021_12_28/12anp2_20211228_163959_9242235587_600_800.png,12anp2_20211228_163959_9242235587_600_800_mask.png,7810
7,6,14,13,519,531,533,544,519,531,533,531,533,544,519,544,text,table_text,table_0,opensans,italic,9.0,12anp2_20211228_163959_9242235587_600_800.png,/scratch/parceirosbr/bigoilict/share/BigOil/document_generator/datasets/documents_2021_12_28/12anp2_20211228_163959_9242235587_600_800.png,12anp2_20211228_163959_9242235587_600_800_mask.png,269
7,6,14,13,519,531,533,544,519,531,533,531,533,544,519,544,sub_line_text,table_text,table_0,opensans,italic,9.0,12anp2_20211228_163959_9242235587_600_800.png,/scratch/parceirosbr/bigoilict/share/BigOil/document_generator/datasets/documents_2021_12_28/12anp2_20211228_163959_9242235587_600_800.png,12anp2_20211228_163959_9242235587_600_800_mask.png,269
23,7,46,14,176,370,222,384,176,371,222,370,222,383,176,384,text,table_text,table_0,opensans,italic,9.0,12anp2_20211228_163959_9242235587_600_800.png,/scratch/parceirosbr/bigoilict/share/BigOil/document_generator/datasets/documents_2021_12_28/12anp2_20211228_163959_9242235587_600_800.png,12anp2_20211228_163959_9242235587_600_800_mask.png,combustível
23,7,46,14,176,370,222,384,176,371,222,370,222,383,176,384,sub_line_text,table_text,table_0,opensans,italic,9.0,12anp2_20211228_163959_9242235587_600_800.png,/scratch/parceirosbr/bigoilict/share/BigOil/document_generator/datasets/documents_2021_12_28/12anp2_20211228_163959_9242235587_600_800.png,12anp2_20211228_163959_9242235587_600_800_mask.png,combustível
28,7,56,14,166,385,222,399,166,386,222,385,222,398,166,399,text,table_text,table_0,opensans,italic,9.0,12anp2_20211228_163959_9242235587_600_800.png,/scratch/parceirosbr/bigoilict/share/BigOil/document_generator/datasets/documents_2021_12_28/12anp2_20211228_163959_9242235587_600_800.png,12anp2_20211228_163959_9242235587_600_800_mask.png,4834679.3568
28,7,56,14,166,385,222,399,166,386,222,385,222,398,166,399,sub_line_text,table_text,table_0,opensans,italic,9.0,12anp2_20211228_163959_9242235587_600_800.png,/scratch/parceirosbr/bigoilict/share/BigOil/document_generator/datasets/documents_2021_12_28/12anp2_20211228_163959_9242235587_600_800.png,12anp2_20211228_163959_9242235587_600_800_mask.png,4834679.3568
20,7,41,14,181,400,222,414,181,401,222,400,222,413,181,414,text,table_text,table_0,opensans,italic,9.0,12anp2_20211228_163959_9242235587_600_800.png,/scratch/parceirosbr/bigoilict/share/BigOil/document_generator/datasets/documents_2021_12_28/12anp2_20211228_163959_9242235587_600_800.png,12anp2_20211228_163959_9242235587_600_800_mask.png,7150.6789
20,7,41,14,181,400,222,414,181,401,222,400,222,413,181,414,sub_line_text,table_text,table_0,opensans,italic,9.0,12anp2_20211228_163959_9242235587_600_800.png,/scratch/parceirosbr/bigoilict/share/BigOil/document_generator/datasets/documents_2021_12_28/12anp2_20211228_163959_9242235587_600_800.png,12anp2_20211228_163959_9242235587_600_800_mask.png,7150.6789
26,7,52,14,171,415,223,429,171,416,222,415,223,428,172,429,text,table_text,table_0,opensans,italic,9.0,12anp2_20211228_163959_9242235587_600_800.png,/scratch/parceirosbr/bigoilict/share/BigOil/document_generator/datasets/documents_2021_12_28/12anp2_20211228_163959_9242235587_600_800.png,12anp2_20211228_163959_9242235587_600_800_mask.png,733375.0400
26,7,52,14,171,415,223,429,171,416,222,415,223,428,172,429,sub_line_text,table_text,table_0,opensans,italic,9.0,12anp2_20211228_163959_9242235587_600_800.png,/scratch/parceirosbr/bigoilict/share/BigOil/document_generator/datasets/documents_2021_12_28/12anp2_20211228_163959_9242235587_600_800.png,12anp2_20211228_163959_9242235587_600_800_mask.png,733375.0400
20,7,41,14,182,430,223,444,182,431,223,430,223,443,182,444,text,table_text,table_0,opensans,italic,9.0,12anp2_20211228_163959_9242235587_600_800.png,/scratch/parceirosbr/bigoilict/share/BigOil/document_generator/datasets/documents_2021_12_28/12anp2_20211228_163959_9242235587_600_800.png,12anp2_20211228_163959_9242235587_600_800_mask.png,3632.7138
20,7,41,14,182,430,223,444,182,431,223,430,223,443,182,444,sub_line_text,table_text,table_0,opensans,italic,9.0,12anp2_20211228_163959_9242235587_600_800.png,/scratch/parceirosbr/bigoilict/share/BigOil/document_generator/datasets/documents_2021_12_28/12anp2_20211228_163959_9242235587_600_800.png,12anp2_20211228_163959_9242235587_600_800_mask.png,3632.7138
25,7,51,14,172,445,223,459,172,446,223,445,223,458,172,459,text,table_text,table_0,opensans,italic,9.0,12anp2_20211228_163959_9242235587_600_800.png,/scratch/parceirosbr/bigoilict/share/BigOil/document_generator/datasets/documents_2021_12_28/12anp2_20211228_163959_9242235587_600_800.png,12anp2_20211228_163959_9242235587_600_800_mask.png,751179.8630
25,7,51,14,172,445,223,459,172,446,223,445,223,458,172,459,sub_line_text,table_text,table_0,opensans,italic,9.0,12anp2_20211228_163959_9242235587_600_800.png,/scratch/parceirosbr/bigoilict/share/BigOil/document_generator/datasets/documents_2021_12_28/12anp2_20211228_163959_9242235587_600_800.png,12anp2_20211228_163959_9242235587_600_800_mask.png,751179.8630
20,7,41,14,182,460,223,474,182,461,223,460,223,473,182,474,text,table_text,table_0,opensans,italic,9.0,12anp2_20211228_163959_9242235587_600_800.png,/scratch/parceirosbr/bigoilict/share/BigOil/document_generator/datasets/documents_2021_12_28/12anp2_20211228_163959_9242235587_600_800.png,12anp2_20211228_163959_9242235587_600_800_mask.png,9912.6405
20,7,41,14,182,460,223,474,182,461,223,460,223,473,182,474,sub_line_text,table_text,table_0,opensans,italic,9.0,12anp2_20211228_163959_9242235587_600_800.png,/scratch/parceirosbr/bigoilict/share/BigOil/document_generator/datasets/documents_2021_12_28/12anp2_20211228_163959_9242235587_600_800.png,12anp2_20211228_163959_9242235587_600_800_mask.png,9912.6405
20,7,41,14,182,475,223,489,182,476,223,475,223,488,182,489,text,table_text,table_0,opensans,italic,9.0,12anp2_20211228_163959_9242235587_600_800.png,/scratch/parceirosbr/bigoilict/share/BigOil/document_generator/datasets/documents_2021_12_28/12anp2_20211228_163959_9242235587_600_800.png,12anp2_20211228_163959_9242235587_600_800_mask.png,9277.5915
20,7,41,14,182,475,223,489,182,476,223,475,223,488,182,489,sub_line_text,table_text,table_0,opensans,italic,9.0,12anp2_20211228_163959_9242235587_600_800.png,/scratch/parceirosbr/bigoilict/share/BigOil/document_generator/datasets/documents_2021_12_28/12anp2_20211228_163959_9242235587_600_800.png,12anp2_20211228_163959_9242235587_600_800_mask.png,9277.5915
28,7,56,14,167,490,223,504,167,491,223,490,223,503,167,504,text,table_text,table_0,opensans,italic,9.0,12anp2_20211228_163959_9242235587_600_800.png,/scratch/parceirosbr/bigoilict/share/BigOil/document_generator/datasets/documents_2021_12_28/12anp2_20211228_163959_9242235587_600_800.png,12anp2_20211228_163959_9242235587_600_800_mask.png,6209528.7478
28,7,56,14,167,490,223,504,167,491,223,490,223,503,167,504,sub_line_text,table_text,table_0,opensans,italic,9.0,12anp2_20211228_163959_9242235587_600_800.png,/scratch/parceirosbr/bigoilict/share/BigOil/document_generator/datasets/documents_2021_12_28/12anp2_20211228_163959_9242235587_600_800.png,12anp2_20211228_163959_9242235587_600_800_mask.png,6209528.7478
26,7,52,14,172,505,224,519,172,506,223,505,224,518,173,519,text,table_text,table_0,opensans,italic,9.0,12anp2_20211228_163959_9242235587_600_800.png,/scratch/parceirosbr/bigoilict/share/BigOil/document_generator/datasets/documents_2021_12_28/12anp2_20211228_163959_9242235587_600_800.png,12anp2_20211228_163959_9242235587_600_800_mask.png,180090.0820
26,7,52,14,172,505,224,519,172,506,223,505,224,518,173,519,sub_line_text,table_text,table_0,opensans,italic,9.0,12anp2_20211228_163959_9242235587_600_800.png,/scratch/parceirosbr/bigoilict/share/BigOil/document_generator/datasets/documents_2021_12_28/12anp2_20211228_163959_9242235587_600_800.png,12anp2_20211228_163959_9242235587_600_800_mask.png,180090.0820
15,6,31,13,193,520,224,533,193,520,224,520,224,533,193,533,text,table_text,table_0,opensans,italic,9.0,12anp2_20211228_163959_9242235587_600_800.png,/scratch/parceirosbr/bigoilict/share/BigOil/document_generator/datasets/documents_2021_12_28/12anp2_20211228_163959_9242235587_600_800.png,12anp2_20211228_163959_9242235587_600_800_mask.png,11.1738
15,6,31,13,193,520,224,533,193,520,224,520,224,533,193,533,sub_line_text,table_text,table_0,opensans,italic,9.0,12anp2_20211228_163959_9242235587_600_800.png,/scratch/parceirosbr/bigoilict/share/BigOil/document_generator/datasets/documents_2021_12_28/12anp2_20211228_163959_9242235587_600_800.png,12anp2_20211228_163959_9242235587_600_800_mask.png,11.1738
23,6,46,13,289,369,335,382,289,369,335,369,335,382,289,382,text,table_text,table_0,opensans,italic,9.0,12anp2_20211228_163959_9242235587_600_800.png,/scratch/parceirosbr/bigoilict/share/BigOil/document_generator/datasets/documents_2021_12_28/12anp2_20211228_163959_9242235587_600_800.png,12anp2_20211228_163959_9242235587_600_800_mask.png,quantitativa
23,6,46,13,289,369,335,382,289,369,335,369,335,382,289,382,sub_line_text,table_text,table_0,opensans,italic,9.0,12anp2_20211228_163959_9242235587_600_800.png,/scratch/parceirosbr/bigoilict/share/BigOil/document_generator/datasets/documents_2021_12_28/12anp2_20211228_163959_9242235587_600_800.png,12anp2_20211228_163959_9242235587_600_800_mask.png,quantitativa
17,6,34,13,301,384,335,397,301,384,335,384,335,397,301,397,text,table_text,table_0,opensans,italic,9.0,12anp2_20211228_163959_9242235587_600_800.png,/scratch/parceirosbr/bigoilict/share/BigOil/document_generator/datasets/documents_2021_12_28/12anp2_20211228_163959_9242235587_600_800.png,12anp2_20211228_163959_9242235587_600_800_mask.png,5861968
17,6,34,13,301,384,335,397,301,384,335,384,335,397,301,397,sub_line_text,table_text,table_0,opensans,italic,9.0,12anp2_20211228_163959_9242235587_600_800.png,/scratch/parceirosbr/bigoilict/share/BigOil/document_generator/datasets/documents_2021_12_28/12anp2_20211228_163959_9242235587_600_800.png,12anp2_20211228_163959_9242235587_600_800_mask.png,5861968
14,6,29,13,306,399,335,412,306,399,335,399,335,412,306,412,text,table_text,table_0,opensans,italic,9.0,12anp2_20211228_163959_9242235587_600_800.png,/scratch/parceirosbr/bigoilict/share/BigOil/document_generator/datasets/documents_2021_12_28/12anp2_20211228_163959_9242235587_600_800.png,12anp2_20211228_163959_9242235587_600_800_mask.png,337084
14,6,29,13,306,399,335,412,306,399,335,399,335,412,306,412,sub_line_text,table_text,table_0,opensans,italic,9.0,12anp2_20211228_163959_9242235587_600_800.png,/scratch/parceirosbr/bigoilict/share/BigOil/document_generator/datasets/documents_2021_12_28/12anp2_20211228_163959_9242235587_600_800.png,12anp2_20211228_163959_9242235587_600_800_mask.png,337084
15,6,30,13,306,414,336,427,306,414,335,414,336,427,307,427,text,table_text,table_0,opensans,italic,9.0,12anp2_20211228_163959_9242235587_600_800.png,/scratch/parceirosbr/bigoilict/share/BigOil/document_generator/datasets/documents_2021_12_28/12anp2_20211228_163959_9242235587_600_800.png,12anp2_20211228_163959_9242235587_600_800_mask.png,842313
15,6,30,13,306,414,336,427,306,414,335,414,336,427,307,427,sub_line_text,table_text,table_0,opensans,italic,9.0,12anp2_20211228_163959_9242235587_600_800.png,/scratch/parceirosbr/bigoilict/share/BigOil/document_generator/datasets/documents_2021_12_28/12anp2_20211228_163959_9242235587_600_800.png,12anp2_20211228_163959_9242235587_600_800_mask.png,842313
17,6,35,13,301,429,336,442,301,429,336,429,336,442,301,442,text,table_text,table_0,opensans,italic,9.0,12anp2_20211228_163959_9242235587_600_800.png,/scratch/parceirosbr/bigoilict/share/BigOil/document_generator/datasets/documents_2021_12_28/12anp2_20211228_163959_9242235587_600_800.png,12anp2_20211228_163959_9242235587_600_800_mask.png,4338037
17,6,35,13,301,429,336,442,301,429,336,429,336,442,301,442,sub_line_text,table_text,table_0,opensans,italic,9.0,12anp2_20211228_163959_9242235587_600_800.png,/scratch/parceirosbr/bigoilict/share/BigOil/document_generator/datasets/documents_2021_12_28/12anp2_20211228_163959_9242235587_600_800.png,12anp2_20211228_163959_9242235587_600_800_mask.png,4338037
17,6,35,13,301,444,336,457,301,444,336,444,336,457,301,457,text,table_text,table_0,opensans,italic,9.0,12anp2_20211228_163959_9242235587_600_800.png,/scratch/parceirosbr/bigoilict/share/BigOil/document_generator/datasets/documents_2021_12_28/12anp2_20211228_163959_9242235587_600_800.png,12anp2_20211228_163959_9242235587_600_800_mask.png,9990837
17,6,35,13,301,444,336,457,301,444,336,444,336,457,301,457,sub_line_text,table_text,table_0,opensans,italic,9.0,12anp2_20211228_163959_9242235587_600_800.png,/scratch/parceirosbr/bigoilict/share/BigOil/document_generator/datasets/documents_2021_12_28/12anp2_20211228_163959_9242235587_600_800.png,12anp2_20211228_163959_9242235587_600_800_mask.png,9990837
14,6,29,13,307,459,336,472,307,459,336,459,336,472,307,472,text,table_text,table_0,opensans,italic,9.0,12anp2_20211228_163959_9242235587_600_800.png,/scratch/parceirosbr/bigoilict/share/BigOil/document_generator/datasets/documents_2021_12_28/12anp2_20211228_163959_9242235587_600_800.png,12anp2_20211228_163959_9242235587_600_800_mask.png,356346
14,6,29,13,307,459,336,472,307,459,336,459,336,472,307,472,sub_line_text,table_text,table_0,opensans,italic,9.0,12anp2_20211228_163959_9242235587_600_800.png,/scratch/parceirosbr/bigoilict/share/BigOil/document_generator/datasets/documents_2021_12_28/12anp2_20211228_163959_9242235587_600_800.png,12anp2_20211228_163959_9242235587_600_800_mask.png,356346
17,6,35,13,301,474,336,487,301,474,336,474,336,487,301,487,text,table_text,table_0,opensans,italic,9.0,12anp2_20211228_163959_9242235587_600_800.png,/scratch/parceirosbr/bigoilict/share/BigOil/document_generator/datasets/documents_2021_12_28/12anp2_20211228_163959_9242235587_600_800.png,12anp2_20211228_163959_9242235587_600_800_mask.png,5627427
17,6,35,13,301,474,336,487,301,474,336,474,336,487,301,487,sub_line_text,table_text,table_0,opensans,italic,9.0,12anp2_20211228_163959_9242235587_600_800.png,/scratch/parceirosbr/bigoilict/share/BigOil/document_generator/datasets/documents_2021_12_28/12anp2_20211228_163959_9242235587_600_800.png,12anp2_20211228_163959_9242235587_600_800_mask.png,5627427
17,6,34,13,302,489,336,502,302,489,336,489,336,502,302,502,text,table_text,table_0,opensans,italic,9.0,12anp2_20211228_163959_9242235587_600_800.png,/scratch/parceirosbr/bigoilict/share/BigOil/document_generator/datasets/documents_2021_12_28/12anp2_20211228_163959_9242235587_600_800.png,12anp2_20211228_163959_9242235587_600_800_mask.png,5224024
17,6,34,13,302,489,336,502,302,489,336,489,336,502,302,502,sub_line_text,table_text,table_0,opensans,italic,9.0,12anp2_20211228_163959_9242235587_600_800.png,/scratch/parceirosbr/bigoilict/share/BigOil/document_generator/datasets/documents_2021_12_28/12anp2_20211228_163959_9242235587_600_800.png,12anp2_20211228_163959_9242235587_600_800_mask.png,5224024
17,6,35,13,302,504,337,517,302,504,336,504,337,517,303,517,text,table_text,table_0,opensans,italic,9.0,12anp2_20211228_163959_9242235587_600_800.png,/scratch/parceirosbr/bigoilict/share/BigOil/document_generator/datasets/documents_2021_12_28/12anp2_20211228_163959_9242235587_600_800.png,12anp2_20211228_163959_9242235587_600_800_mask.png,6443556
17,6,35,13,302,504,337,517,302,504,336,504,337,517,303,517,sub_line_text,table_text,table_0,opensans,italic,9.0,12anp2_20211228_163959_9242235587_600_800.png,/scratch/parceirosbr/bigoilict/share/BigOil/document_generator/datasets/documents_2021_12_28/12anp2_20211228_163959_9242235587_600_800.png,12anp2_20211228_163959_9242235587_600_800_mask.png,6443556
14,6,29,13,308,519,337,532,308,519,337,519,337,532,308,532,text,table_text,table_0,opensans,italic,9.0,12anp2_20211228_163959_9242235587_600_800.png,/scratch/parceirosbr/bigoilict/share/BigOil/document_generator/datasets/documents_2021_12_28/12anp2_20211228_163959_9242235587_600_800.png,12anp2_20211228_163959_9242235587_600_800_mask.png,682265
14,6,29,13,308,519,337,532,308,519,337,519,337,532,308,532,sub_line_text,table_text,table_0,opensans,italic,9.0,12anp2_20211228_163959_9242235587_600_800.png,/scratch/parceirosbr/bigoilict/share/BigOil/document_generator/datasets/documents_2021_12_28/12anp2_20211228_163959_9242235587_600_800.png,12anp2_20211228_163959_9242235587_600_800_mask.png,682265
14,6,29,13,362,368,391,381,362,368,391,368,391,381,362,381,text,table_text,table_0,opensans,italic,9.0,12anp2_20211228_163959_9242235587_600_800.png,/scratch/parceirosbr/bigoilict/share/BigOil/document_generator/datasets/documents_2021_12_28/12anp2_20211228_163959_9242235587_600_800.png,12anp2_20211228_163959_9242235587_600_800_mask.png,comum
14,6,29,13,362,368,391,381,362,368,391,368,391,381,362,381,sub_line_text,table_text,table_0,opensans,italic,9.0,12anp2_20211228_163959_9242235587_600_800.png,/scratch/parceirosbr/bigoilict/share/BigOil/document_generator/datasets/documents_2021_12_28/12anp2_20211228_163959_9242235587_600_800.png,12anp2_20211228_163959_9242235587_600_800_mask.png,comum
18,7,36,14,355,383,391,397,355,384,391,383,391,396,355,397,text,table_text,table_0,opensans,italic,9.0,12anp2_20211228_163959_9242235587_600_800.png,/scratch/parceirosbr/bigoilict/share/BigOil/document_generator/datasets/documents_2021_12_28/12anp2_20211228_163959_9242235587_600_800.png,12anp2_20211228_163959_9242235587_600_800_mask.png,808.8783
18,7,36,14,355,383,391,397,355,384,391,383,391,396,355,397,sub_line_text,table_text,table_0,opensans,italic,9.0,12anp2_20211228_163959_9242235587_600_800.png,/scratch/parceirosbr/bigoilict/share/BigOil/document_generator/datasets/documents_2021_12_28/12anp2_20211228_163959_9242235587_600_800.png,12anp2_20211228_163959_9242235587_600_800_mask.png,808.8783
13,6,26,13,365,398,391,411,365,398,391,398,391,411,365,411,text,table_text,table_0,opensans,italic,9.0,12anp2_20211228_163959_9242235587_600_800.png,/scratch/parceirosbr/bigoilict/share/BigOil/document_generator/datasets/documents_2021_12_28/12anp2_20211228_163959_9242235587_600_800.png,12anp2_20211228_163959_9242235587_600_800_mask.png,5.7694
13,6,26,13,365,398,391,411,365,398,391,398,391,411,365,411,sub_line_text,table_text,table_0,opensans,italic,9.0,12anp2_20211228_163959_9242235587_600_800.png,/scratch/parceirosbr/bigoilict/share/BigOil/document_generator/datasets/documents_2021_12_28/12anp2_20211228_163959_9242235587_600_800.png,12anp2_20211228_163959_9242235587_600_800_mask.png,5.7694
13,6,27,13,365,413,392,426,365,413,391,413,392,426,366,426,text,table_text,table_0,opensans,italic,9.0,12anp2_20211228_163959_9242235587_600_800.png,/scratch/parceirosbr/bigoilict/share/BigOil/document_generator/datasets/documents_2021_12_28/12anp2_20211228_163959_9242235587_600_800.png,12anp2_20211228_163959_9242235587_600_800_mask.png,6.1121
13,6,27,13,365,413,392,426,365,413,391,413,392,426,366,426,sub_line_text,table_text,table_0,opensans,italic,9.0,12anp2_20211228_163959_9242235587_600_800.png,/scratch/parceirosbr/bigoilict/share/BigOil/document_generator/datasets/documents_2021_12_28/12anp2_20211228_163959_9242235587_600_800.png,12anp2_20211228_163959_9242235587_600_800_mask.png,6.1121
13,6,26,13,366,428,392,441,366,428,392,428,392,441,366,441,text,table_text,table_0,opensans,italic,9.0,12anp2_20211228_163959_9242235587_600_800.png,/scratch/parceirosbr/bigoilict/share/BigOil/document_generator/datasets/documents_2021_12_28/12anp2_20211228_163959_9242235587_600_800.png,12anp2_20211228_163959_9242235587_600_800_mask.png,1.1379
13,6,26,13,366,428,392,441,366,428,392,428,392,441,366,441,sub_line_text,table_text,table_0,opensans,italic,9.0,12anp2_20211228_163959_9242235587_600_800.png,/scratch/parceirosbr/bigoilict/share/BigOil/document_generator/datasets/documents_2021_12_28/12anp2_20211228_163959_9242235587_600_800.png,12anp2_20211228_163959_9242235587_600_800_mask.png,1.1379
13,6,26,13,366,443,392,456,366,443,392,443,392,456,366,456,text,table_text,table_0,opensans,italic,9.0,12anp2_20211228_163959_9242235587_600_800.png,/scratch/parceirosbr/bigoilict/share/BigOil/document_generator/datasets/documents_2021_12_28/12anp2_20211228_163959_9242235587_600_800.png,12anp2_20211228_163959_9242235587_600_800_mask.png,3.4814
13,6,26,13,366,443,392,456,366,443,392,443,392,456,366,456,sub_line_text,table_text,table_0,opensans,italic,9.0,12anp2_20211228_163959_9242235587_600_800.png,/scratch/parceirosbr/bigoilict/share/BigOil/document_generator/datasets/documents_2021_12_28/12anp2_20211228_163959_9242235587_600_800.png,12anp2_20211228_163959_9242235587_600_800_mask.png,3.4814
16,6,32,13,360,458,392,471,360,458,392,458,392,471,360,471,text,table_text,table_0,opensans,italic,9.0,12anp2_20211228_163959_9242235587_600_800.png,/scratch/parceirosbr/bigoilict/share/BigOil/document_generator/datasets/documents_2021_12_28/12anp2_20211228_163959_9242235587_600_800.png,12anp2_20211228_163959_9242235587_600_800_mask.png,45.3857
16,6,32,13,360,458,392,471,360,458,392,458,392,471,360,471,sub_line_text,table_text,table_0,opensans,italic,9.0,12anp2_20211228_163959_9242235587_600_800.png,/scratch/parceirosbr/bigoilict/share/BigOil/document_generator/datasets/documents_2021_12_28/12anp2_20211228_163959_9242235587_600_800.png,12anp2_20211228_163959_9242235587_600_800_mask.png,45.3857
13,6,26,13,366,473,392,486,366,473,392,473,392,486,366,486,text,table_text,table_0,opensans,italic,9.0,12anp2_20211228_163959_9242235587_600_800.png,/scratch/parceirosbr/bigoilict/share/BigOil/document_generator/datasets/documents_2021_12_28/12anp2_20211228_163959_9242235587_600_800.png,12anp2_20211228_163959_9242235587_600_800_mask.png,5.0398
13,6,26,13,366,473,392,486,366,473,392,473,392,486,366,486,sub_line_text,table_text,table_0,opensans,italic,9.0,12anp2_20211228_163959_9242235587_600_800.png,/scratch/parceirosbr/bigoilict/share/BigOil/document_generator/datasets/documents_2021_12_28/12anp2_20211228_163959_9242235587_600_800.png,12anp2_20211228_163959_9242235587_600_800_mask.png,5.0398
16,6,32,13,360,488,392,501,360,488,392,488,392,501,360,501,text,table_text,table_0,opensans,italic,9.0,12anp2_20211228_163959_9242235587_600_800.png,/scratch/parceirosbr/bigoilict/share/BigOil/document_generator/datasets/documents_2021_12_28/12anp2_20211228_163959_9242235587_600_800.png,12anp2_20211228_163959_9242235587_600_800_mask.png,57.4277
16,6,32,13,360,488,392,501,360,488,392,488,392,501,360,501,sub_line_text,table_text,table_0,opensans,italic,9.0,12anp2_20211228_163959_9242235587_600_800.png,/scratch/parceirosbr/bigoilict/share/BigOil/document_generator/datasets/documents_2021_12_28/12anp2_20211228_163959_9242235587_600_800.png,12anp2_20211228_163959_9242235587_600_800_mask.png,57.4277
18,6,37,13,356,503,393,516,356,503,392,503,393,516,357,516,text,table_text,table_0,opensans,italic,9.0,12anp2_20211228_163959_9242235587_600_800.png,/scratch/parceirosbr/bigoilict/share/BigOil/document_generator/datasets/documents_2021_12_28/12anp2_20211228_163959_9242235587_600_800.png,12anp2_20211228_163959_9242235587_600_800_mask.png,333.0396
18,6,37,13,356,503,393,516,356,503,392,503,393,516,357,516,sub_line_text,table_text,table_0,opensans,italic,9.0,12anp2_20211228_163959_9242235587_600_800.png,/scratch/parceirosbr/bigoilict/share/BigOil/document_generator/datasets/documents_2021_12_28/12anp2_20211228_163959_9242235587_600_800.png,12anp2_20211228_163959_9242235587_600_800_mask.png,333.0396
15,6,31,13,362,518,393,531,362,518,393,518,393,531,362,531,text,table_text,table_0,opensans,italic,9.0,12anp2_20211228_163959_9242235587_600_800.png,/scratch/parceirosbr/bigoilict/share/BigOil/document_generator/datasets/documents_2021_12_28/12anp2_20211228_163959_9242235587_600_800.png,12anp2_20211228_163959_9242235587_600_800_mask.png,23.0381
15,6,31,13,362,518,393,531,362,518,393,518,393,531,362,531,sub_line_text,table_text,table_0,opensans,italic,9.0,12anp2_20211228_163959_9242235587_600_800.png,/scratch/parceirosbr/bigoilict/share/BigOil/document_generator/datasets/documents_2021_12_28/12anp2_20211228_163959_9242235587_600_800.png,12anp2_20211228_163959_9242235587_600_800_mask.png,23.0381
11,7,22,14,426,367,448,381,426,368,448,367,448,380,426,381,text,table_text,table_0,opensans,italic,9.0,12anp2_20211228_163959_9242235587_600_800.png,/scratch/parceirosbr/bigoilict/share/BigOil/document_generator/datasets/documents_2021_12_28/12anp2_20211228_163959_9242235587_600_800.png,12anp2_20211228_163959_9242235587_600_800_mask.png,parte
11,7,22,14,426,367,448,381,426,368,448,367,448,380,426,381,sub_line_text,table_text,table_0,opensans,italic,9.0,12anp2_20211228_163959_9242235587_600_800.png,/scratch/parceirosbr/bigoilict/share/BigOil/document_generator/datasets/documents_2021_12_28/12anp2_20211228_163959_9242235587_600_800.png,12anp2_20211228_163959_9242235587_600_800_mask.png,parte
19,7,39,14,418,382,457,396,418,383,457,382,457,395,418,396,text,table_text,table_0,opensans,italic,9.0,12anp2_20211228_163959_9242235587_600_800.png,/scratch/parceirosbr/bigoilict/share/BigOil/document_generator/datasets/documents_2021_12_28/12anp2_20211228_163959_9242235587_600_800.png,12anp2_20211228_163959_9242235587_600_800_mask.png,destacado
19,7,39,14,418,382,457,396,418,383,457,382,457,395,418,396,sub_line_text,table_text,table_0,opensans,italic,9.0,12anp2_20211228_163959_9242235587_600_800.png,/scratch/parceirosbr/bigoilict/share/BigOil/document_generator/datasets/documents_2021_12_28/12anp2_20211228_163959_9242235587_600_800.png,12anp2_20211228_163959_9242235587_600_800_mask.png,destacado
21,7,42,14,416,397,458,411,416,398,458,397,458,410,416,411,text,table_text,table_0,opensans,italic,9.0,12anp2_20211228_163959_9242235587_600_800.png,/scratch/parceirosbr/bigoilict/share/BigOil/document_generator/datasets/documents_2021_12_28/12anp2_20211228_163959_9242235587_600_800.png,12anp2_20211228_163959_9242235587_600_800_mask.png,diminuição
21,7,42,14,416,397,458,411,416,398,458,397,458,410,416,411,sub_line_text,table_text,table_0,opensans,italic,9.0,12anp2_20211228_163959_9242235587_600_800.png,/scratch/parceirosbr/bigoilict/share/BigOil/document_generator/datasets/documents_2021_12_28/12anp2_20211228_163959_9242235587_600_800.png,12anp2_20211228_163959_9242235587_600_800_mask.png,diminuição
5,6,10,13,432,412,442,425,432,412,441,412,442,425,433,425,text,table_text,table_0,opensans,italic,9.0,12anp2_20211228_163959_9242235587_600_800.png,/scratch/parceirosbr/bigoilict/share/BigOil/document_generator/datasets/documents_2021_12_28/12anp2_20211228_163959_9242235587_600_800.png,12anp2_20211228_163959_9242235587_600_800_mask.png,de
5,6,10,13,432,412,442,425,432,412,441,412,442,425,433,425,sub_line_text,table_text,table_0,opensans,italic,9.0,12anp2_20211228_163959_9242235587_600_800.png,/scratch/parceirosbr/bigoilict/share/BigOil/document_generator/datasets/documents_2021_12_28/12anp2_20211228_163959_9242235587_600_800.png,12anp2_20211228_163959_9242235587_600_800_mask.png,de
15,7,30,14,423,427,453,441,423,428,453,427,453,440,423,441,text,table_text,table_0,opensans,italic,9.0,12anp2_20211228_163959_9242235587_600_800.png,/scratch/parceirosbr/bigoilict/share/BigOil/document_generator/datasets/documents_2021_12_28/12anp2_20211228_163959_9242235587_600_800.png,12anp2_20211228_163959_9242235587_600_800_mask.png,mistura
15,7,30,14,423,427,453,441,423,428,453,427,453,440,423,441,sub_line_text,table_text,table_0,opensans,italic,9.0,12anp2_20211228_163959_9242235587_600_800.png,/scratch/parceirosbr/bigoilict/share/BigOil/document_generator/datasets/documents_2021_12_28/12anp2_20211228_163959_9242235587_600_800.png,12anp2_20211228_163959_9242235587_600_800_mask.png,mistura
26,7,52,14,412,442,464,456,412,443,464,442,464,455,412,456,text,table_text,table_0,opensans,italic,9.0,12anp2_20211228_163959_9242235587_600_800.png,/scratch/parceirosbr/bigoilict/share/BigOil/document_generator/datasets/documents_2021_12_28/12anp2_20211228_163959_9242235587_600_800.png,12anp2_20211228_163959_9242235587_600_800_mask.png,concentração
26,7,52,14,412,442,464,456,412,443,464,442,464,455,412,456,sub_line_text,table_text,table_0,opensans,italic,9.0,12anp2_20211228_163959_9242235587_600_800.png,/scratch/parceirosbr/bigoilict/share/BigOil/document_generator/datasets/documents_2021_12_28/12anp2_20211228_163959_9242235587_600_800.png,12anp2_20211228_163959_9242235587_600_800_mask.png,concentração
10,7,20,14,428,457,448,471,428,458,448,457,448,470,428,471,text,table_text,table_0,opensans,italic,9.0,12anp2_20211228_163959_9242235587_600_800.png,/scratch/parceirosbr/bigoilict/share/BigOil/document_generator/datasets/documents_2021_12_28/12anp2_20211228_163959_9242235587_600_800.png,12anp2_20211228_163959_9242235587_600_800_mask.png,pode
10,7,20,14,428,457,448,471,428,458,448,457,448,470,428,471,sub_line_text,table_text,table_0,opensans,italic,9.0,12anp2_20211228_163959_9242235587_600_800.png,/scratch/parceirosbr/bigoilict/share/BigOil/document_generator/datasets/documents_2021_12_28/12anp2_20211228_163959_9242235587_600_800.png,12anp2_20211228_163959_9242235587_600_800_mask.png,pode
4,6,9,13,433,472,442,485,433,472,442,472,442,485,433,485,text,table_text,table_0,opensans,italic,9.0,12anp2_20211228_163959_9242235587_600_800.png,/scratch/parceirosbr/bigoilict/share/BigOil/document_generator/datasets/documents_2021_12_28/12anp2_20211228_163959_9242235587_600_800.png,12anp2_20211228_163959_9242235587_600_800_mask.png,na
4,6,9,13,433,472,442,485,433,472,442,472,442,485,433,485,sub_line_text,table_text,table_0,opensans,italic,9.0,12anp2_20211228_163959_9242235587_600_800.png,/scratch/parceirosbr/bigoilict/share/BigOil/document_generator/datasets/documents_2021_12_28/12anp2_20211228_163959_9242235587_600_800.png,12anp2_20211228_163959_9242235587_600_800_mask.png,na
19,7,39,14,419,487,458,501,419,488,458,487,458,500,419,501,text,table_text,table_0,opensans,italic,9.0,12anp2_20211228_163959_9242235587_600_800.png,/scratch/parceirosbr/bigoilict/share/BigOil/document_generator/datasets/documents_2021_12_28/12anp2_20211228_163959_9242235587_600_800.png,12anp2_20211228_163959_9242235587_600_800_mask.png,formação
19,7,39,14,419,487,458,501,419,488,458,487,458,500,419,501,sub_line_text,table_text,table_0,opensans,italic,9.0,12anp2_20211228_163959_9242235587_600_800.png,/scratch/parceirosbr/bigoilict/share/BigOil/document_generator/datasets/documents_2021_12_28/12anp2_20211228_163959_9242235587_600_800.png,12anp2_20211228_163959_9242235587_600_800_mask.png,formação
15,7,31,14,423,502,454,516,423,503,453,502,454,515,424,516,text,table_text,table_0,opensans,italic,9.0,12anp2_20211228_163959_9242235587_600_800.png,/scratch/parceirosbr/bigoilict/share/BigOil/document_generator/datasets/documents_2021_12_28/12anp2_20211228_163959_9242235587_600_800.png,12anp2_20211228_163959_9242235587_600_800_mask.png,mistura
15,7,31,14,423,502,454,516,423,503,453,502,454,515,424,516,sub_line_text,table_text,table_0,opensans,italic,9.0,12anp2_20211228_163959_9242235587_600_800.png,/scratch/parceirosbr/bigoilict/share/BigOil/document_generator/datasets/documents_2021_12_28/12anp2_20211228_163959_9242235587_600_800.png,12anp2_20211228_163959_9242235587_600_800_mask.png,mistura
14,7,28,14,425,517,453,531,425,518,453,517,453,530,425,531,text,table_text,table_0,opensans,italic,9.0,12anp2_20211228_163959_9242235587_600_800.png,/scratch/parceirosbr/bigoilict/share/BigOil/document_generator/datasets/documents_2021_12_28/12anp2_20211228_163959_9242235587_600_800.png,12anp2_20211228_163959_9242235587_600_800_mask.png,elevada
14,7,28,14,425,517,453,531,425,518,453,517,453,530,425,531,sub_line_text,table_text,table_0,opensans,italic,9.0,12anp2_20211228_163959_9242235587_600_800.png,/scratch/parceirosbr/bigoilict/share/BigOil/document_generator/datasets/documents_2021_12_28/12anp2_20211228_163959_9242235587_600_800.png,12anp2_20211228_163959_9242235587_600_800_mask.png,elevada
14,7,28,14,503,366,531,380,503,367,531,366,531,379,503,380,text,table_text,table_0,opensans,italic,9.0,12anp2_20211228_163959_9242235587_600_800.png,/scratch/parceirosbr/bigoilict/share/BigOil/document_generator/datasets/documents_2021_12_28/12anp2_20211228_163959_9242235587_600_800.png,12anp2_20211228_163959_9242235587_600_800_mask.png,modelo
14,7,28,14,503,366,531,380,503,367,531,366,531,379,503,380,sub_line_text,table_text,table_0,opensans,italic,9.0,12anp2_20211228_163959_9242235587_600_800.png,/scratch/parceirosbr/bigoilict/share/BigOil/document_generator/datasets/documents_2021_12_28/12anp2_20211228_163959_9242235587_600_800.png,12anp2_20211228_163959_9242235587_600_800_mask.png,modelo
15,7,31,14,500,381,531,395,500,382,531,381,531,394,500,395,text,table_text,table_0,opensans,italic,9.0,12anp2_20211228_163959_9242235587_600_800.png,/scratch/parceirosbr/bigoilict/share/BigOil/document_generator/datasets/documents_2021_12_28/12anp2_20211228_163959_9242235587_600_800.png,12anp2_20211228_163959_9242235587_600_800_mask.png,73892.9
15,7,31,14,500,381,531,395,500,382,531,381,531,394,500,395,sub_line_text,table_text,table_0,opensans,italic,9.0,12anp2_20211228_163959_9242235587_600_800.png,/scratch/parceirosbr/bigoilict/share/BigOil/document_generator/datasets/documents_2021_12_28/12anp2_20211228_163959_9242235587_600_800.png,12anp2_20211228_163959_9242235587_600_800_mask.png,73892.9
16,7,32,14,499,396,531,410,499,397,531,396,531,409,499,410,text,table_text,table_0,opensans,italic,9.0,12anp2_20211228_163959_9242235587_600_800.png,/scratch/parceirosbr/bigoilict/share/BigOil/document_generator/datasets/documents_2021_12_28/12anp2_20211228_163959_9242235587_600_800.png,12anp2_20211228_163959_9242235587_600_800_mask.png,73534.7
16,7,32,14,499,396,531,410,499,397,531,396,531,409,499,410,sub_line_text,table_text,table_0,opensans,italic,9.0,12anp2_20211228_163959_9242235587_600_800.png,/scratch/parceirosbr/bigoilict/share/BigOil/document_generator/datasets/documents_2021_12_28/12anp2_20211228_163959_9242235587_600_800.png,12anp2_20211228_163959_9242235587_600_800_mask.png,73534.7
16,7,32,14,500,411,532,425,500,412,531,411,532,424,501,425,text,table_text,table_0,opensans,italic,9.0,12anp2_20211228_163959_9242235587_600_800.png,/scratch/parceirosbr/bigoilict/share/BigOil/document_generator/datasets/documents_2021_12_28/12anp2_20211228_163959_9242235587_600_800.png,12anp2_20211228_163959_9242235587_600_800_mask.png,63985.3
16,7,32,14,500,411,532,425,500,412,531,411,532,424,501,425,sub_line_text,table_text,table_0,opensans,italic,9.0,12anp2_20211228_163959_9242235587_600_800.png,/scratch/parceirosbr/bigoilict/share/BigOil/document_generator/datasets/documents_2021_12_28/12anp2_20211228_163959_9242235587_600_800.png,12anp2_20211228_163959_9242235587_600_800_mask.png,63985.3
15,7,31,14,501,426,532,440,501,427,532,426,532,439,501,440,text,table_text,table_0,opensans,italic,9.0,12anp2_20211228_163959_9242235587_600_800.png,/scratch/parceirosbr/bigoilict/share/BigOil/document_generator/datasets/documents_2021_12_28/12anp2_20211228_163959_9242235587_600_800.png,12anp2_20211228_163959_9242235587_600_800_mask.png,52706.6
15,7,31,14,501,426,532,440,501,427,532,426,532,439,501,440,sub_line_text,table_text,table_0,opensans,italic,9.0,12anp2_20211228_163959_9242235587_600_800.png,/scratch/parceirosbr/bigoilict/share/BigOil/document_generator/datasets/documents_2021_12_28/12anp2_20211228_163959_9242235587_600_800.png,12anp2_20211228_163959_9242235587_600_800_mask.png,52706.6
15,7,31,14,501,441,532,455,501,442,532,441,532,454,501,455,text,table_text,table_0,opensans,italic,9.0,12anp2_20211228_163959_9242235587_600_800.png,/scratch/parceirosbr/bigoilict/share/BigOil/document_generator/datasets/documents_2021_12_28/12anp2_20211228_163959_9242235587_600_800.png,12anp2_20211228_163959_9242235587_600_800_mask.png,74730.1
15,7,31,14,501,441,532,455,501,442,532,441,532,454,501,455,sub_line_text,table_text,table_0,opensans,italic,9.0,12anp2_20211228_163959_9242235587_600_800.png,/scratch/parceirosbr/bigoilict/share/BigOil/document_generator/datasets/documents_2021_12_28/12anp2_20211228_163959_9242235587_600_800.png,12anp2_20211228_163959_9242235587_600_800_mask.png,74730.1
15,7,31,14,501,456,532,470,501,457,532,456,532,469,501,470,text,table_text,table_0,opensans,italic,9.0,12anp2_20211228_163959_9242235587_600_800.png,/scratch/parceirosbr/bigoilict/share/BigOil/document_generator/datasets/documents_2021_12_28/12anp2_20211228_163959_9242235587_600_800.png,12anp2_20211228_163959_9242235587_600_800_mask.png,84944.3
15,7,31,14,501,456,532,470,501,457,532,456,532,469,501,470,sub_line_text,table_text,table_0,opensans,italic,9.0,12anp2_20211228_163959_9242235587_600_800.png,/scratch/parceirosbr/bigoilict/share/BigOil/document_generator/datasets/documents_2021_12_28/12anp2_20211228_163959_9242235587_600_800.png,12anp2_20211228_163959_9242235587_600_800_mask.png,84944.3
15,7,31,14,501,471,532,485,501,472,532,471,532,484,501,485,text,table_text,table_0,opensans,italic,9.0,12anp2_20211228_163959_9242235587_600_800.png,/scratch/parceirosbr/bigoilict/share/BigOil/document_generator/datasets/documents_2021_12_28/12anp2_20211228_163959_9242235587_600_800.png,12anp2_20211228_163959_9242235587_600_800_mask.png,40047.6
15,7,31,14,501,471,532,485,501,472,532,471,532,484,501,485,sub_line_text,table_text,table_0,opensans,italic,9.0,12anp2_20211228_163959_9242235587_600_800.png,/scratch/parceirosbr/bigoilict/share/BigOil/document_generator/datasets/documents_2021_12_28/12anp2_20211228_163959_9242235587_600_800.png,12anp2_20211228_163959_9242235587_600_800_mask.png,40047.6
16,7,32,14,500,486,532,500,500,487,532,486,532,499,500,500,text,table_text,table_0,opensans,italic,9.0,12anp2_20211228_163959_9242235587_600_800.png,/scratch/parceirosbr/bigoilict/share/BigOil/document_generator/datasets/documents_2021_12_28/12anp2_20211228_163959_9242235587_600_800.png,12anp2_20211228_163959_9242235587_600_800_mask.png,81879.7
16,7,32,14,500,486,532,500,500,487,532,486,532,499,500,500,sub_line_text,table_text,table_0,opensans,italic,9.0,12anp2_20211228_163959_9242235587_600_800.png,/scratch/parceirosbr/bigoilict/share/BigOil/document_generator/datasets/documents_2021_12_28/12anp2_20211228_163959_9242235587_600_800.png,12anp2_20211228_163959_9242235587_600_800_mask.png,81879.7
16,7,32,14,501,501,533,515,501,502,532,501,533,514,502,515,text,table_text,table_0,opensans,italic,9.0,12anp2_20211228_163959_9242235587_600_800.png,/scratch/parceirosbr/bigoilict/share/BigOil/document_generator/datasets/documents_2021_12_28/12anp2_20211228_163959_9242235587_600_800.png,12anp2_20211228_163959_9242235587_600_800_mask.png,89381.3
16,7,32,14,501,501,533,515,501,502,532,501,533,514,502,515,sub_line_text,table_text,table_0,opensans,italic,9.0,12anp2_20211228_163959_9242235587_600_800.png,/scratch/parceirosbr/bigoilict/share/BigOil/document_generator/datasets/documents_2021_12_28/12anp2_20211228_163959_9242235587_600_800.png,12anp2_20211228_163959_9242235587_600_800_mask.png,89381.3
15,7,31,14,502,516,533,530,502,517,533,516,533,529,502,530,text,table_text,table_0,opensans,italic,9.0,12anp2_20211228_163959_9242235587_600_800.png,/scratch/parceirosbr/bigoilict/share/BigOil/document_generator/datasets/documents_2021_12_28/12anp2_20211228_163959_9242235587_600_800.png,12anp2_20211228_163959_9242235587_600_800_mask.png,37414.2
15,7,31,14,502,516,533,530,502,517,533,516,533,529,502,530,sub_line_text,table_text,table_0,opensans,italic,9.0,12anp2_20211228_163959_9242235587_600_800.png,/scratch/parceirosbr/bigoilict/share/BigOil/document_generator/datasets/documents_2021_12_28/12anp2_20211228_163959_9242235587_600_800.png,12anp2_20211228_163959_9242235587_600_800_mask.png,37414.2
218,9,437,18,101,567,538,585,101,572,538,567,538,580,101,585,sub_line_text,text,text_1,opensans,regular,9,12anp2_20211228_163959_9242235587_600_800.png,/scratch/parceirosbr/bigoilict/share/BigOil/document_generator/datasets/documents_2021_12_28/12anp2_20211228_163959_9242235587_600_800.png,12anp2_20211228_163959_9242235587_600_800_mask.png,"Prospecção  n  198,  de 2012, em função de sua escala (à semelhança das avaliações ambientais estratégi-"
234,9,468,18,71,584,539,602,71,589,538,584,539,597,72,602,sub_line_text,text,text_1,opensans,regular,9,12anp2_20211228_163959_9242235587_600_800.png,/scratch/parceirosbr/bigoilict/share/BigOil/document_generator/datasets/documents_2021_12_28/12anp2_20211228_163959_9242235587_600_800.png,12anp2_20211228_163959_9242235587_600_800_mask.png,"cas),  pode  ter  importância na identificação de áreas para as quais serão necessárias medidas específicas, em ra-"
233,9,466,18,72,601,538,619,72,606,538,601,538,614,72,619,sub_line_text,text,text_1,opensans,regular,9,12anp2_20211228_163959_9242235587_600_800.png,/scratch/parceirosbr/bigoilict/share/BigOil/document_generator/datasets/documents_2021_12_28/12anp2_20211228_163959_9242235587_600_800.png,12anp2_20211228_163959_9242235587_600_800_mask.png,"zão  da  disponibilidade  restrita de água e condições adequadas para a disposição de resíduos, além de permitir"
233,9,467,18,72,618,539,636,72,623,539,618,539,631,72,636,sub_line_text,text,text_1,opensans,regular,9,12anp2_20211228_163959_9242235587_600_800.png,/scratch/parceirosbr/bigoilict/share/BigOil/document_generator/datasets/documents_2021_12_28/12anp2_20211228_163959_9242235587_600_800.png,12anp2_20211228_163959_9242235587_600_800_mask.png,a  inferência  preliminar  quanto a eventuais efeitos sinérgicos e cumulativos. As reservas totais de petróleo do fo-
233,9,466,18,72,635,538,653,72,640,538,635,538,648,72,653,sub_line_text,text,text_1,opensans,regular,9,12anp2_20211228_163959_9242235587_600_800.png,/scratch/parceirosbr/bigoilict/share/BigOil/document_generator/datasets/documents_2021_12_28/12anp2_20211228_163959_9242235587_600_800.png,12anp2_20211228_163959_9242235587_600_800_mask.png,"ram  contabilizadas  em  21,1 bilhões de barris no fim de 2009, um acréscimo de 1,3% em comparação a 2008, refl-"
233,9,466,18,72,652,538,670,72,657,538,652,538,665,72,670,sub_line_text,text,text_1,opensans,regular,9,12anp2_20211228_163959_9242235587_600_800.png,/scratch/parceirosbr/bigoilict/share/BigOil/document_generator/datasets/documents_2021_12_28/12anp2_20211228_163959_9242235587_600_800.png,12anp2_20211228_163959_9242235587_600_800_mask.png,"etindo  uma  taxa  de  crescimento anual de 5,6% nos últimos 10 anos. Assim, como o bloco localiza-se ao norte das"
230,9,461,18,73,669,534,687,73,674,533,669,534,682,73,687,sub_line_text,text,text_1,opensans,regular,9,12anp2_20211228_163959_9242235587_600_800.png,/scratch/parceirosbr/bigoilict/share/BigOil/document_generator/datasets/documents_2021_12_28/12anp2_20211228_163959_9242235587_600_800.png,12anp2_20211228_163959_9242235587_600_800_mask.png,"áreas de proteção ambiental, as elipses de maré combinadas com os ventos predominantemente nordestes da."
234,60,468,120,71,567,539,687,71,572,538,567,539,682,72,687,text,text,text_1,opensans,regular,9,12anp2_20211228_163959_9242235587_600_800.png,/scratch/parceirosbr/bigoilict/share/BigOil/document_generator/datasets/documents_2021_12_28/12anp2_20211228_163959_9242235587_600_800.png,12anp2_20211228_163959_9242235587_600_800_mask.png,nan
