center_x,center_y,width,height,xmin,ymin,xmax,ymax,top_left_x,top_left_y,top_right_x,top_right_y,bottom_right_x,bottom_right_y,bottom_left_x,bottom_left_y,label,grouplabel,group,text_font,text_style,size_font,filename,path,filename_mask,content
300,400,600,800,0,0,600,800,0,0,600,0,600,800,0,800,document,,,,,,12anp2_20211228_164017_5416739361_600_800.png,/scratch/parceirosbr/bigoilict/share/BigOil/document_generator/datasets/documents_2021_12_28/12anp2_20211228_164017_5416739361_600_800.png,12anp2_20211228_164017_5416739361_600_800_mask.png,
255,1,510,2,55,113,565,115,55,113,565,113,565,115,55,115,line,line,line,,,,12anp2_20211228_164017_5416739361_600_800.png,/scratch/parceirosbr/bigoilict/share/BigOil/document_generator/datasets/documents_2021_12_28/12anp2_20211228_164017_5416739361_600_800.png,12anp2_20211228_164017_5416739361_600_800_mask.png,nan
18,9,36,18,527,74,563,92,527,74,563,74,563,92,527,92,sub_line_text,header,header_1,roboto,bold,16,12anp2_20211228_164017_5416739361_600_800.png,/scratch/parceirosbr/bigoilict/share/BigOil/document_generator/datasets/documents_2021_12_28/12anp2_20211228_164017_5416739361_600_800.png,12anp2_20211228_164017_5416739361_600_800_mask.png,2018
18,9,36,18,527,74,563,92,527,74,563,74,563,92,527,92,text,header,header_1,roboto,bold,16,12anp2_20211228_164017_5416739361_600_800.png,/scratch/parceirosbr/bigoilict/share/BigOil/document_generator/datasets/documents_2021_12_28/12anp2_20211228_164017_5416739361_600_800.png,12anp2_20211228_164017_5416739361_600_800_mask.png,nan
38,9,77,18,432,74,509,92,432,74,509,74,509,92,432,92,sub_line_text,header,header_1,roboto,bold,16,12anp2_20211228_164017_5416739361_600_800.png,/scratch/parceirosbr/bigoilict/share/BigOil/document_generator/datasets/documents_2021_12_28/12anp2_20211228_164017_5416739361_600_800.png,12anp2_20211228_164017_5416739361_600_800_mask.png,This paper
38,9,77,18,432,74,509,92,432,74,509,74,509,92,432,92,text,header,header_1,roboto,bold,16,12anp2_20211228_164017_5416739361_600_800.png,/scratch/parceirosbr/bigoilict/share/BigOil/document_generator/datasets/documents_2021_12_28/12anp2_20211228_164017_5416739361_600_800.png,12anp2_20211228_164017_5416739361_600_800_mask.png,nan
13,16,27,32,105,74,132,106,105,74,132,74,132,106,105,106,image,image,image,,,,12anp2_20211228_164017_5416739361_600_800.png,/scratch/parceirosbr/bigoilict/share/BigOil/document_generator/datasets/documents_2021_12_28/12anp2_20211228_164017_5416739361_600_800.png,12anp2_20211228_164017_5416739361_600_800_mask.png,/scratch/parceirosbr/bigoilict/share/BigOil/document_generator/files_images_document_generator/logos\image_38.jpg
142,5,284,10,99,122,383,132,99,122,383,122,383,132,99,132,sub_line_text,subsubsubtitle,subsubsubtitle_0,roboto,bold,8,12anp2_20211228_164017_5416739361_600_800.png,/scratch/parceirosbr/bigoilict/share/BigOil/document_generator/datasets/documents_2021_12_28/12anp2_20211228_164017_5416739361_600_800.png,12anp2_20211228_164017_5416739361_600_800_mask.png,Outros trabalhos experimentais sal meio aquoso reportamoutras propriedades
142,5,284,10,99,122,383,132,99,122,383,122,383,132,99,132,title,subsubsubtitle,subsubsubtitle_0,roboto,bold,8,12anp2_20211228_164017_5416739361_600_800.png,/scratch/parceirosbr/bigoilict/share/BigOil/document_generator/datasets/documents_2021_12_28/12anp2_20211228_164017_5416739361_600_800.png,12anp2_20211228_164017_5416739361_600_800_mask.png,nan
72,106,144,212,55,139,199,351,55,139,199,139,199,351,55,351,table,table_image,table_0,,,,12anp2_20211228_164017_5416739361_600_800.png,/scratch/parceirosbr/bigoilict/share/BigOil/document_generator/datasets/documents_2021_12_28/12anp2_20211228_164017_5416739361_600_800.png,12anp2_20211228_164017_5416739361_600_800_mask.png,output/gen_tab_20211228_164018_8665940462.png
22,5,44,10,65,142,109,152,65,142,109,142,109,152,65,152,text,table_text,table_0,roboto,italic,8.0,12anp2_20211228_164017_5416739361_600_800.png,/scratch/parceirosbr/bigoilict/share/BigOil/document_generator/datasets/documents_2021_12_28/12anp2_20211228_164017_5416739361_600_800.png,12anp2_20211228_164017_5416739361_600_800_mask.png,previamente
22,5,44,10,65,142,109,152,65,142,109,142,109,152,65,152,sub_line_text,table_text,table_0,roboto,italic,8.0,12anp2_20211228_164017_5416739361_600_800.png,/scratch/parceirosbr/bigoilict/share/BigOil/document_generator/datasets/documents_2021_12_28/12anp2_20211228_164017_5416739361_600_800.png,12anp2_20211228_164017_5416739361_600_800_mask.png,previamente
11,5,23,10,75,161,98,171,75,161,98,161,98,171,75,171,text,table_text,table_0,roboto,italic,8.0,12anp2_20211228_164017_5416739361_600_800.png,/scratch/parceirosbr/bigoilict/share/BigOil/document_generator/datasets/documents_2021_12_28/12anp2_20211228_164017_5416739361_600_800.png,12anp2_20211228_164017_5416739361_600_800_mask.png,apesar
11,5,23,10,75,161,98,171,75,161,98,161,98,171,75,171,sub_line_text,table_text,table_0,roboto,italic,8.0,12anp2_20211228_164017_5416739361_600_800.png,/scratch/parceirosbr/bigoilict/share/BigOil/document_generator/datasets/documents_2021_12_28/12anp2_20211228_164017_5416739361_600_800.png,12anp2_20211228_164017_5416739361_600_800_mask.png,apesar
2,5,4,10,85,174,89,184,85,174,89,174,89,184,85,184,text,table_text,table_0,roboto,italic,8.0,12anp2_20211228_164017_5416739361_600_800.png,/scratch/parceirosbr/bigoilict/share/BigOil/document_generator/datasets/documents_2021_12_28/12anp2_20211228_164017_5416739361_600_800.png,12anp2_20211228_164017_5416739361_600_800_mask.png,e
2,5,4,10,85,174,89,184,85,174,89,174,89,184,85,184,sub_line_text,table_text,table_0,roboto,italic,8.0,12anp2_20211228_164017_5416739361_600_800.png,/scratch/parceirosbr/bigoilict/share/BigOil/document_generator/datasets/documents_2021_12_28/12anp2_20211228_164017_5416739361_600_800.png,12anp2_20211228_164017_5416739361_600_800_mask.png,e
10,5,20,10,77,187,97,197,77,187,97,187,97,197,77,197,text,table_text,table_0,roboto,italic,8.0,12anp2_20211228_164017_5416739361_600_800.png,/scratch/parceirosbr/bigoilict/share/BigOil/document_generator/datasets/documents_2021_12_28/12anp2_20211228_164017_5416739361_600_800.png,12anp2_20211228_164017_5416739361_600_800_mask.png,níquel
10,5,20,10,77,187,97,197,77,187,97,187,97,197,77,197,sub_line_text,table_text,table_0,roboto,italic,8.0,12anp2_20211228_164017_5416739361_600_800.png,/scratch/parceirosbr/bigoilict/share/BigOil/document_generator/datasets/documents_2021_12_28/12anp2_20211228_164017_5416739361_600_800.png,12anp2_20211228_164017_5416739361_600_800_mask.png,níquel
18,5,36,10,69,200,105,210,69,200,105,200,105,210,69,210,text,table_text,table_0,roboto,italic,8.0,12anp2_20211228_164017_5416739361_600_800.png,/scratch/parceirosbr/bigoilict/share/BigOil/document_generator/datasets/documents_2021_12_28/12anp2_20211228_164017_5416739361_600_800.png,12anp2_20211228_164017_5416739361_600_800_mask.png,calculadas
18,5,36,10,69,200,105,210,69,200,105,200,105,210,69,210,sub_line_text,table_text,table_0,roboto,italic,8.0,12anp2_20211228_164017_5416739361_600_800.png,/scratch/parceirosbr/bigoilict/share/BigOil/document_generator/datasets/documents_2021_12_28/12anp2_20211228_164017_5416739361_600_800.png,12anp2_20211228_164017_5416739361_600_800_mask.png,calculadas
17,5,34,10,69,213,103,223,69,213,103,213,103,223,69,223,text,table_text,table_0,roboto,italic,8.0,12anp2_20211228_164017_5416739361_600_800.png,/scratch/parceirosbr/bigoilict/share/BigOil/document_generator/datasets/documents_2021_12_28/12anp2_20211228_164017_5416739361_600_800.png,12anp2_20211228_164017_5416739361_600_800_mask.png,reduzindo
17,5,34,10,69,213,103,223,69,213,103,213,103,223,69,223,sub_line_text,table_text,table_0,roboto,italic,8.0,12anp2_20211228_164017_5416739361_600_800.png,/scratch/parceirosbr/bigoilict/share/BigOil/document_generator/datasets/documents_2021_12_28/12anp2_20211228_164017_5416739361_600_800.png,12anp2_20211228_164017_5416739361_600_800_mask.png,reduzindo
7,5,15,10,79,226,94,236,79,226,94,226,94,236,79,236,text,table_text,table_0,roboto,italic,8.0,12anp2_20211228_164017_5416739361_600_800.png,/scratch/parceirosbr/bigoilict/share/BigOil/document_generator/datasets/documents_2021_12_28/12anp2_20211228_164017_5416739361_600_800.png,12anp2_20211228_164017_5416739361_600_800_mask.png,uma
7,5,15,10,79,226,94,236,79,226,94,226,94,236,79,236,sub_line_text,table_text,table_0,roboto,italic,8.0,12anp2_20211228_164017_5416739361_600_800.png,/scratch/parceirosbr/bigoilict/share/BigOil/document_generator/datasets/documents_2021_12_28/12anp2_20211228_164017_5416739361_600_800.png,12anp2_20211228_164017_5416739361_600_800_mask.png,uma
8,5,17,10,78,239,95,249,78,239,95,239,95,249,78,249,text,table_text,table_0,roboto,italic,8.0,12anp2_20211228_164017_5416739361_600_800.png,/scratch/parceirosbr/bigoilict/share/BigOil/document_generator/datasets/documents_2021_12_28/12anp2_20211228_164017_5416739361_600_800.png,12anp2_20211228_164017_5416739361_600_800_mask.png,caso
8,5,17,10,78,239,95,249,78,239,95,239,95,249,78,249,sub_line_text,table_text,table_0,roboto,italic,8.0,12anp2_20211228_164017_5416739361_600_800.png,/scratch/parceirosbr/bigoilict/share/BigOil/document_generator/datasets/documents_2021_12_28/12anp2_20211228_164017_5416739361_600_800.png,12anp2_20211228_164017_5416739361_600_800_mask.png,caso
6,5,12,10,81,252,93,262,81,252,93,252,93,262,81,262,text,table_text,table_0,roboto,italic,8.0,12anp2_20211228_164017_5416739361_600_800.png,/scratch/parceirosbr/bigoilict/share/BigOil/document_generator/datasets/documents_2021_12_28/12anp2_20211228_164017_5416739361_600_800.png,12anp2_20211228_164017_5416739361_600_800_mask.png,nos
6,5,12,10,81,252,93,262,81,252,93,252,93,262,81,262,sub_line_text,table_text,table_0,roboto,italic,8.0,12anp2_20211228_164017_5416739361_600_800.png,/scratch/parceirosbr/bigoilict/share/BigOil/document_generator/datasets/documents_2021_12_28/12anp2_20211228_164017_5416739361_600_800.png,12anp2_20211228_164017_5416739361_600_800_mask.png,nos
15,5,30,10,71,265,101,275,71,265,101,265,101,275,71,275,text,table_text,table_0,roboto,italic,8.0,12anp2_20211228_164017_5416739361_600_800.png,/scratch/parceirosbr/bigoilict/share/BigOil/document_generator/datasets/documents_2021_12_28/12anp2_20211228_164017_5416739361_600_800.png,12anp2_20211228_164017_5416739361_600_800_mask.png,derivado
15,5,30,10,71,265,101,275,71,265,101,265,101,275,71,275,sub_line_text,table_text,table_0,roboto,italic,8.0,12anp2_20211228_164017_5416739361_600_800.png,/scratch/parceirosbr/bigoilict/share/BigOil/document_generator/datasets/documents_2021_12_28/12anp2_20211228_164017_5416739361_600_800.png,12anp2_20211228_164017_5416739361_600_800_mask.png,derivado
13,5,26,10,73,278,99,288,73,278,99,278,99,288,73,288,text,table_text,table_0,roboto,italic,8.0,12anp2_20211228_164017_5416739361_600_800.png,/scratch/parceirosbr/bigoilict/share/BigOil/document_generator/datasets/documents_2021_12_28/12anp2_20211228_164017_5416739361_600_800.png,12anp2_20211228_164017_5416739361_600_800_mask.png,projeto
13,5,26,10,73,278,99,288,73,278,99,278,99,288,73,288,sub_line_text,table_text,table_0,roboto,italic,8.0,12anp2_20211228_164017_5416739361_600_800.png,/scratch/parceirosbr/bigoilict/share/BigOil/document_generator/datasets/documents_2021_12_28/12anp2_20211228_164017_5416739361_600_800.png,12anp2_20211228_164017_5416739361_600_800_mask.png,projeto
13,5,26,10,73,291,99,301,73,291,99,291,99,301,73,301,text,table_text,table_0,roboto,italic,8.0,12anp2_20211228_164017_5416739361_600_800.png,/scratch/parceirosbr/bigoilict/share/BigOil/document_generator/datasets/documents_2021_12_28/12anp2_20211228_164017_5416739361_600_800.png,12anp2_20211228_164017_5416739361_600_800_mask.png,direção
13,5,26,10,73,291,99,301,73,291,99,291,99,301,73,301,sub_line_text,table_text,table_0,roboto,italic,8.0,12anp2_20211228_164017_5416739361_600_800.png,/scratch/parceirosbr/bigoilict/share/BigOil/document_generator/datasets/documents_2021_12_28/12anp2_20211228_164017_5416739361_600_800.png,12anp2_20211228_164017_5416739361_600_800_mask.png,direção
22,5,45,10,64,304,109,314,64,304,109,304,109,314,64,314,text,table_text,table_0,roboto,italic,8.0,12anp2_20211228_164017_5416739361_600_800.png,/scratch/parceirosbr/bigoilict/share/BigOil/document_generator/datasets/documents_2021_12_28/12anp2_20211228_164017_5416739361_600_800.png,12anp2_20211228_164017_5416739361_600_800_mask.png,aquecimento
22,5,45,10,64,304,109,314,64,304,109,304,109,314,64,314,sub_line_text,table_text,table_0,roboto,italic,8.0,12anp2_20211228_164017_5416739361_600_800.png,/scratch/parceirosbr/bigoilict/share/BigOil/document_generator/datasets/documents_2021_12_28/12anp2_20211228_164017_5416739361_600_800.png,12anp2_20211228_164017_5416739361_600_800_mask.png,aquecimento
4,5,8,10,83,317,91,327,83,317,91,317,91,327,83,327,text,table_text,table_0,roboto,italic,8.0,12anp2_20211228_164017_5416739361_600_800.png,/scratch/parceirosbr/bigoilict/share/BigOil/document_generator/datasets/documents_2021_12_28/12anp2_20211228_164017_5416739361_600_800.png,12anp2_20211228_164017_5416739361_600_800_mask.png,da
4,5,8,10,83,317,91,327,83,317,91,317,91,327,83,327,sub_line_text,table_text,table_0,roboto,italic,8.0,12anp2_20211228_164017_5416739361_600_800.png,/scratch/parceirosbr/bigoilict/share/BigOil/document_generator/datasets/documents_2021_12_28/12anp2_20211228_164017_5416739361_600_800.png,12anp2_20211228_164017_5416739361_600_800_mask.png,da
7,5,15,10,119,330,134,340,119,330,134,330,134,340,119,340,text,table_text,table_0,roboto,regular,8.0,12anp2_20211228_164017_5416739361_600_800.png,/scratch/parceirosbr/bigoilict/share/BigOil/document_generator/datasets/documents_2021_12_28/12anp2_20211228_164017_5416739361_600_800.png,12anp2_20211228_164017_5416739361_600_800_mask.png,fase
7,5,15,10,119,330,134,340,119,330,134,330,134,340,119,340,sub_line_text,table_text,table_0,roboto,regular,8.0,12anp2_20211228_164017_5416739361_600_800.png,/scratch/parceirosbr/bigoilict/share/BigOil/document_generator/datasets/documents_2021_12_28/12anp2_20211228_164017_5416739361_600_800.png,12anp2_20211228_164017_5416739361_600_800_mask.png,fase
17,5,35,10,161,142,196,152,161,142,196,142,196,152,161,152,text,table_text,table_0,roboto,italic,8.0,12anp2_20211228_164017_5416739361_600_800.png,/scratch/parceirosbr/bigoilict/share/BigOil/document_generator/datasets/documents_2021_12_28/12anp2_20211228_164017_5416739361_600_800.png,12anp2_20211228_164017_5416739361_600_800_mask.png,partículas
17,5,35,10,161,142,196,152,161,142,196,142,196,152,161,152,sub_line_text,table_text,table_0,roboto,italic,8.0,12anp2_20211228_164017_5416739361_600_800.png,/scratch/parceirosbr/bigoilict/share/BigOil/document_generator/datasets/documents_2021_12_28/12anp2_20211228_164017_5416739361_600_800.png,12anp2_20211228_164017_5416739361_600_800_mask.png,partículas
13,5,27,10,169,161,196,171,169,161,196,161,196,171,169,171,text,table_text,table_0,roboto,italic,8.0,12anp2_20211228_164017_5416739361_600_800.png,/scratch/parceirosbr/bigoilict/share/BigOil/document_generator/datasets/documents_2021_12_28/12anp2_20211228_164017_5416739361_600_800.png,12anp2_20211228_164017_5416739361_600_800_mask.png,41.3934
13,5,27,10,169,161,196,171,169,161,196,161,196,171,169,171,sub_line_text,table_text,table_0,roboto,italic,8.0,12anp2_20211228_164017_5416739361_600_800.png,/scratch/parceirosbr/bigoilict/share/BigOil/document_generator/datasets/documents_2021_12_28/12anp2_20211228_164017_5416739361_600_800.png,12anp2_20211228_164017_5416739361_600_800_mask.png,41.3934
13,5,26,10,170,174,196,184,170,174,196,174,196,184,170,184,text,table_text,table_0,roboto,italic,8.0,12anp2_20211228_164017_5416739361_600_800.png,/scratch/parceirosbr/bigoilict/share/BigOil/document_generator/datasets/documents_2021_12_28/12anp2_20211228_164017_5416739361_600_800.png,12anp2_20211228_164017_5416739361_600_800_mask.png,12.4611
13,5,26,10,170,174,196,184,170,174,196,174,196,184,170,184,sub_line_text,table_text,table_0,roboto,italic,8.0,12anp2_20211228_164017_5416739361_600_800.png,/scratch/parceirosbr/bigoilict/share/BigOil/document_generator/datasets/documents_2021_12_28/12anp2_20211228_164017_5416739361_600_800.png,12anp2_20211228_164017_5416739361_600_800_mask.png,12.4611
15,5,31,10,165,187,196,197,165,187,196,187,196,197,165,197,text,table_text,table_0,roboto,italic,8.0,12anp2_20211228_164017_5416739361_600_800.png,/scratch/parceirosbr/bigoilict/share/BigOil/document_generator/datasets/documents_2021_12_28/12anp2_20211228_164017_5416739361_600_800.png,12anp2_20211228_164017_5416739361_600_800_mask.png,853.7238
15,5,31,10,165,187,196,197,165,187,196,187,196,197,165,197,sub_line_text,table_text,table_0,roboto,italic,8.0,12anp2_20211228_164017_5416739361_600_800.png,/scratch/parceirosbr/bigoilict/share/BigOil/document_generator/datasets/documents_2021_12_28/12anp2_20211228_164017_5416739361_600_800.png,12anp2_20211228_164017_5416739361_600_800_mask.png,853.7238
13,5,27,10,169,200,196,210,169,200,196,200,196,210,169,210,text,table_text,table_0,roboto,italic,8.0,12anp2_20211228_164017_5416739361_600_800.png,/scratch/parceirosbr/bigoilict/share/BigOil/document_generator/datasets/documents_2021_12_28/12anp2_20211228_164017_5416739361_600_800.png,12anp2_20211228_164017_5416739361_600_800_mask.png,81.4018
13,5,27,10,169,200,196,210,169,200,196,200,196,210,169,210,sub_line_text,table_text,table_0,roboto,italic,8.0,12anp2_20211228_164017_5416739361_600_800.png,/scratch/parceirosbr/bigoilict/share/BigOil/document_generator/datasets/documents_2021_12_28/12anp2_20211228_164017_5416739361_600_800.png,12anp2_20211228_164017_5416739361_600_800_mask.png,81.4018
17,5,35,10,161,213,196,223,161,213,196,213,196,223,161,223,text,table_text,table_0,roboto,italic,8.0,12anp2_20211228_164017_5416739361_600_800.png,/scratch/parceirosbr/bigoilict/share/BigOil/document_generator/datasets/documents_2021_12_28/12anp2_20211228_164017_5416739361_600_800.png,12anp2_20211228_164017_5416739361_600_800_mask.png,3483.4088
17,5,35,10,161,213,196,223,161,213,196,213,196,223,161,223,sub_line_text,table_text,table_0,roboto,italic,8.0,12anp2_20211228_164017_5416739361_600_800.png,/scratch/parceirosbr/bigoilict/share/BigOil/document_generator/datasets/documents_2021_12_28/12anp2_20211228_164017_5416739361_600_800.png,12anp2_20211228_164017_5416739361_600_800_mask.png,3483.4088
13,5,27,10,169,226,196,236,169,226,196,226,196,236,169,236,text,table_text,table_0,roboto,italic,8.0,12anp2_20211228_164017_5416739361_600_800.png,/scratch/parceirosbr/bigoilict/share/BigOil/document_generator/datasets/documents_2021_12_28/12anp2_20211228_164017_5416739361_600_800.png,12anp2_20211228_164017_5416739361_600_800_mask.png,34.5715
13,5,27,10,169,226,196,236,169,226,196,226,196,236,169,236,sub_line_text,table_text,table_0,roboto,italic,8.0,12anp2_20211228_164017_5416739361_600_800.png,/scratch/parceirosbr/bigoilict/share/BigOil/document_generator/datasets/documents_2021_12_28/12anp2_20211228_164017_5416739361_600_800.png,12anp2_20211228_164017_5416739361_600_800_mask.png,34.5715
19,5,38,10,158,239,196,249,158,239,196,239,196,249,158,249,text,table_text,table_0,roboto,italic,8.0,12anp2_20211228_164017_5416739361_600_800.png,/scratch/parceirosbr/bigoilict/share/BigOil/document_generator/datasets/documents_2021_12_28/12anp2_20211228_164017_5416739361_600_800.png,12anp2_20211228_164017_5416739361_600_800_mask.png,24573.9041
19,5,38,10,158,239,196,249,158,239,196,239,196,249,158,249,sub_line_text,table_text,table_0,roboto,italic,8.0,12anp2_20211228_164017_5416739361_600_800.png,/scratch/parceirosbr/bigoilict/share/BigOil/document_generator/datasets/documents_2021_12_28/12anp2_20211228_164017_5416739361_600_800.png,12anp2_20211228_164017_5416739361_600_800_mask.png,24573.9041
19,5,38,10,158,252,196,262,158,252,196,252,196,262,158,262,text,table_text,table_0,roboto,italic,8.0,12anp2_20211228_164017_5416739361_600_800.png,/scratch/parceirosbr/bigoilict/share/BigOil/document_generator/datasets/documents_2021_12_28/12anp2_20211228_164017_5416739361_600_800.png,12anp2_20211228_164017_5416739361_600_800_mask.png,81290.8391
19,5,38,10,158,252,196,262,158,252,196,252,196,262,158,262,sub_line_text,table_text,table_0,roboto,italic,8.0,12anp2_20211228_164017_5416739361_600_800.png,/scratch/parceirosbr/bigoilict/share/BigOil/document_generator/datasets/documents_2021_12_28/12anp2_20211228_164017_5416739361_600_800.png,12anp2_20211228_164017_5416739361_600_800_mask.png,81290.8391
19,5,38,10,158,265,196,275,158,265,196,265,196,275,158,275,text,table_text,table_0,roboto,italic,8.0,12anp2_20211228_164017_5416739361_600_800.png,/scratch/parceirosbr/bigoilict/share/BigOil/document_generator/datasets/documents_2021_12_28/12anp2_20211228_164017_5416739361_600_800.png,12anp2_20211228_164017_5416739361_600_800_mask.png,67970.5336
19,5,38,10,158,265,196,275,158,265,196,265,196,275,158,275,sub_line_text,table_text,table_0,roboto,italic,8.0,12anp2_20211228_164017_5416739361_600_800.png,/scratch/parceirosbr/bigoilict/share/BigOil/document_generator/datasets/documents_2021_12_28/12anp2_20211228_164017_5416739361_600_800.png,12anp2_20211228_164017_5416739361_600_800_mask.png,67970.5336
15,5,30,10,166,278,196,288,166,278,196,278,196,288,166,288,text,table_text,table_0,roboto,italic,8.0,12anp2_20211228_164017_5416739361_600_800.png,/scratch/parceirosbr/bigoilict/share/BigOil/document_generator/datasets/documents_2021_12_28/12anp2_20211228_164017_5416739361_600_800.png,12anp2_20211228_164017_5416739361_600_800_mask.png,872.3751
15,5,30,10,166,278,196,288,166,278,196,278,196,288,166,288,sub_line_text,table_text,table_0,roboto,italic,8.0,12anp2_20211228_164017_5416739361_600_800.png,/scratch/parceirosbr/bigoilict/share/BigOil/document_generator/datasets/documents_2021_12_28/12anp2_20211228_164017_5416739361_600_800.png,12anp2_20211228_164017_5416739361_600_800_mask.png,872.3751
13,5,26,10,170,291,196,301,170,291,196,291,196,301,170,301,text,table_text,table_0,roboto,italic,8.0,12anp2_20211228_164017_5416739361_600_800.png,/scratch/parceirosbr/bigoilict/share/BigOil/document_generator/datasets/documents_2021_12_28/12anp2_20211228_164017_5416739361_600_800.png,12anp2_20211228_164017_5416739361_600_800_mask.png,98.0556
13,5,26,10,170,291,196,301,170,291,196,291,196,301,170,301,sub_line_text,table_text,table_0,roboto,italic,8.0,12anp2_20211228_164017_5416739361_600_800.png,/scratch/parceirosbr/bigoilict/share/BigOil/document_generator/datasets/documents_2021_12_28/12anp2_20211228_164017_5416739361_600_800.png,12anp2_20211228_164017_5416739361_600_800_mask.png,98.0556
13,5,27,10,169,304,196,314,169,304,196,304,196,314,169,314,text,table_text,table_0,roboto,italic,8.0,12anp2_20211228_164017_5416739361_600_800.png,/scratch/parceirosbr/bigoilict/share/BigOil/document_generator/datasets/documents_2021_12_28/12anp2_20211228_164017_5416739361_600_800.png,12anp2_20211228_164017_5416739361_600_800_mask.png,16.3617
13,5,27,10,169,304,196,314,169,304,196,304,196,314,169,314,sub_line_text,table_text,table_0,roboto,italic,8.0,12anp2_20211228_164017_5416739361_600_800.png,/scratch/parceirosbr/bigoilict/share/BigOil/document_generator/datasets/documents_2021_12_28/12anp2_20211228_164017_5416739361_600_800.png,12anp2_20211228_164017_5416739361_600_800_mask.png,16.3617
19,5,39,10,157,317,196,327,157,317,196,317,196,327,157,327,text,table_text,table_0,roboto,italic,8.0,12anp2_20211228_164017_5416739361_600_800.png,/scratch/parceirosbr/bigoilict/share/BigOil/document_generator/datasets/documents_2021_12_28/12anp2_20211228_164017_5416739361_600_800.png,12anp2_20211228_164017_5416739361_600_800_mask.png,21485.0222
19,5,39,10,157,317,196,327,157,317,196,317,196,327,157,327,sub_line_text,table_text,table_0,roboto,italic,8.0,12anp2_20211228_164017_5416739361_600_800.png,/scratch/parceirosbr/bigoilict/share/BigOil/document_generator/datasets/documents_2021_12_28/12anp2_20211228_164017_5416739361_600_800.png,12anp2_20211228_164017_5416739361_600_800_mask.png,21485.0222
45,5,91,10,88,358,179,368,88,358,179,358,179,368,88,368,sub_line_text,text,text_0,roboto,regular,8,12anp2_20211228_164017_5416739361_600_800.png,/scratch/parceirosbr/bigoilict/share/BigOil/document_generator/datasets/documents_2021_12_28/12anp2_20211228_164017_5416739361_600_800.png,12anp2_20211228_164017_5416739361_600_800_mask.png,"Outrossim, o concentrou."
45,5,91,10,88,358,179,368,88,358,179,358,179,368,88,368,text,text,text_0,roboto,regular,8,12anp2_20211228_164017_5416739361_600_800.png,/scratch/parceirosbr/bigoilict/share/BigOil/document_generator/datasets/documents_2021_12_28/12anp2_20211228_164017_5416739361_600_800.png,12anp2_20211228_164017_5416739361_600_800_mask.png,nan
163,106,326,212,237,139,563,351,237,139,563,139,563,351,237,351,table,table_image,table_2,,,,12anp2_20211228_164017_5416739361_600_800.png,/scratch/parceirosbr/bigoilict/share/BigOil/document_generator/datasets/documents_2021_12_28/12anp2_20211228_164017_5416739361_600_800.png,12anp2_20211228_164017_5416739361_600_800_mask.png,output/gen_tab_20211228_164019_5761684454.png
8,5,17,10,261,144,278,154,261,144,278,144,278,154,261,154,text,table_text,table_2,arial,regular,8.0,12anp2_20211228_164017_5416739361_600_800.png,/scratch/parceirosbr/bigoilict/share/BigOil/document_generator/datasets/documents_2021_12_28/12anp2_20211228_164017_5416739361_600_800.png,12anp2_20211228_164017_5416739361_600_800_mask.png,mais
8,5,17,10,261,144,278,154,261,144,278,144,278,154,261,154,sub_line_text,table_text,table_2,arial,regular,8.0,12anp2_20211228_164017_5416739361_600_800.png,/scratch/parceirosbr/bigoilict/share/BigOil/document_generator/datasets/documents_2021_12_28/12anp2_20211228_164017_5416739361_600_800.png,12anp2_20211228_164017_5416739361_600_800_mask.png,mais
8,5,17,10,261,157,278,167,261,157,278,157,278,167,261,167,text,table_text,table_2,arial,bold,8.0,12anp2_20211228_164017_5416739361_600_800.png,/scratch/parceirosbr/bigoilict/share/BigOil/document_generator/datasets/documents_2021_12_28/12anp2_20211228_164017_5416739361_600_800.png,12anp2_20211228_164017_5416739361_600_800_mask.png,ideal
8,5,17,10,261,157,278,167,261,157,278,157,278,167,261,167,sub_line_text,table_text,table_2,arial,bold,8.0,12anp2_20211228_164017_5416739361_600_800.png,/scratch/parceirosbr/bigoilict/share/BigOil/document_generator/datasets/documents_2021_12_28/12anp2_20211228_164017_5416739361_600_800.png,12anp2_20211228_164017_5416739361_600_800_mask.png,ideal
19,5,38,10,251,170,289,180,251,170,289,170,289,180,251,180,text,table_text,table_2,arial,bold,8.0,12anp2_20211228_164017_5416739361_600_800.png,/scratch/parceirosbr/bigoilict/share/BigOil/document_generator/datasets/documents_2021_12_28/12anp2_20211228_164017_5416739361_600_800.png,12anp2_20211228_164017_5416739361_600_800_mask.png,cinéticade
19,5,38,10,251,170,289,180,251,170,289,170,289,180,251,180,sub_line_text,table_text,table_2,arial,bold,8.0,12anp2_20211228_164017_5416739361_600_800.png,/scratch/parceirosbr/bigoilict/share/BigOil/document_generator/datasets/documents_2021_12_28/12anp2_20211228_164017_5416739361_600_800.png,12anp2_20211228_164017_5416739361_600_800_mask.png,cinéticade
8,5,17,10,261,183,278,193,261,183,278,183,278,193,261,193,text,table_text,table_2,arial,bold,8.0,12anp2_20211228_164017_5416739361_600_800.png,/scratch/parceirosbr/bigoilict/share/BigOil/document_generator/datasets/documents_2021_12_28/12anp2_20211228_164017_5416739361_600_800.png,12anp2_20211228_164017_5416739361_600_800_mask.png,uma
8,5,17,10,261,183,278,193,261,183,278,183,278,193,261,193,sub_line_text,table_text,table_2,arial,bold,8.0,12anp2_20211228_164017_5416739361_600_800.png,/scratch/parceirosbr/bigoilict/share/BigOil/document_generator/datasets/documents_2021_12_28/12anp2_20211228_164017_5416739361_600_800.png,12anp2_20211228_164017_5416739361_600_800_mask.png,uma
22,5,44,10,248,196,292,206,248,196,292,196,292,206,248,206,text,table_text,table_2,arial,bold,8.0,12anp2_20211228_164017_5416739361_600_800.png,/scratch/parceirosbr/bigoilict/share/BigOil/document_generator/datasets/documents_2021_12_28/12anp2_20211228_164017_5416739361_600_800.png,12anp2_20211228_164017_5416739361_600_800_mask.png,decorrência
22,5,44,10,248,196,292,206,248,196,292,196,292,206,248,206,sub_line_text,table_text,table_2,arial,bold,8.0,12anp2_20211228_164017_5416739361_600_800.png,/scratch/parceirosbr/bigoilict/share/BigOil/document_generator/datasets/documents_2021_12_28/12anp2_20211228_164017_5416739361_600_800.png,12anp2_20211228_164017_5416739361_600_800_mask.png,decorrência
20,5,41,10,249,209,290,219,249,209,290,209,290,219,249,219,text,table_text,table_2,arial,bold,8.0,12anp2_20211228_164017_5416739361_600_800.png,/scratch/parceirosbr/bigoilict/share/BigOil/document_generator/datasets/documents_2021_12_28/12anp2_20211228_164017_5416739361_600_800.png,12anp2_20211228_164017_5416739361_600_800_mask.png,catalisador
20,5,41,10,249,209,290,219,249,209,290,209,290,219,249,219,sub_line_text,table_text,table_2,arial,bold,8.0,12anp2_20211228_164017_5416739361_600_800.png,/scratch/parceirosbr/bigoilict/share/BigOil/document_generator/datasets/documents_2021_12_28/12anp2_20211228_164017_5416739361_600_800.png,12anp2_20211228_164017_5416739361_600_800_mask.png,catalisador
13,5,26,10,257,222,283,232,257,222,283,222,283,232,257,232,text,table_text,table_2,arial,bold,8.0,12anp2_20211228_164017_5416739361_600_800.png,/scratch/parceirosbr/bigoilict/share/BigOil/document_generator/datasets/documents_2021_12_28/12anp2_20211228_164017_5416739361_600_800.png,12anp2_20211228_164017_5416739361_600_800_mask.png,análise
13,5,26,10,257,222,283,232,257,222,283,222,283,232,257,232,sub_line_text,table_text,table_2,arial,bold,8.0,12anp2_20211228_164017_5416739361_600_800.png,/scratch/parceirosbr/bigoilict/share/BigOil/document_generator/datasets/documents_2021_12_28/12anp2_20211228_164017_5416739361_600_800.png,12anp2_20211228_164017_5416739361_600_800_mask.png,análise
7,5,15,10,263,235,278,245,263,235,278,235,278,245,263,245,text,table_text,table_2,arial,bold,8.0,12anp2_20211228_164017_5416739361_600_800.png,/scratch/parceirosbr/bigoilict/share/BigOil/document_generator/datasets/documents_2021_12_28/12anp2_20211228_164017_5416739361_600_800.png,12anp2_20211228_164017_5416739361_600_800_mask.png,sem
7,5,15,10,263,235,278,245,263,235,278,235,278,245,263,245,sub_line_text,table_text,table_2,arial,bold,8.0,12anp2_20211228_164017_5416739361_600_800.png,/scratch/parceirosbr/bigoilict/share/BigOil/document_generator/datasets/documents_2021_12_28/12anp2_20211228_164017_5416739361_600_800.png,12anp2_20211228_164017_5416739361_600_800_mask.png,sem
15,5,30,10,255,248,285,258,255,248,285,248,285,258,255,258,text,table_text,table_2,arial,bold,8.0,12anp2_20211228_164017_5416739361_600_800.png,/scratch/parceirosbr/bigoilict/share/BigOil/document_generator/datasets/documents_2021_12_28/12anp2_20211228_164017_5416739361_600_800.png,12anp2_20211228_164017_5416739361_600_800_mask.png,durante
15,5,30,10,255,248,285,258,255,248,285,248,285,258,255,258,sub_line_text,table_text,table_2,arial,bold,8.0,12anp2_20211228_164017_5416739361_600_800.png,/scratch/parceirosbr/bigoilict/share/BigOil/document_generator/datasets/documents_2021_12_28/12anp2_20211228_164017_5416739361_600_800.png,12anp2_20211228_164017_5416739361_600_800_mask.png,durante
19,5,39,10,251,261,290,271,251,261,290,261,290,271,251,271,text,table_text,table_2,arial,bold,8.0,12anp2_20211228_164017_5416739361_600_800.png,/scratch/parceirosbr/bigoilict/share/BigOil/document_generator/datasets/documents_2021_12_28/12anp2_20211228_164017_5416739361_600_800.png,12anp2_20211228_164017_5416739361_600_800_mask.png,ineficiente
19,5,39,10,251,261,290,271,251,261,290,261,290,271,251,271,sub_line_text,table_text,table_2,arial,bold,8.0,12anp2_20211228_164017_5416739361_600_800.png,/scratch/parceirosbr/bigoilict/share/BigOil/document_generator/datasets/documents_2021_12_28/12anp2_20211228_164017_5416739361_600_800.png,12anp2_20211228_164017_5416739361_600_800_mask.png,ineficiente
13,5,26,10,257,274,283,284,257,274,283,274,283,284,257,284,text,table_text,table_2,arial,bold,8.0,12anp2_20211228_164017_5416739361_600_800.png,/scratch/parceirosbr/bigoilict/share/BigOil/document_generator/datasets/documents_2021_12_28/12anp2_20211228_164017_5416739361_600_800.png,12anp2_20211228_164017_5416739361_600_800_mask.png,análise
13,5,26,10,257,274,283,284,257,274,283,274,283,284,257,284,sub_line_text,table_text,table_2,arial,bold,8.0,12anp2_20211228_164017_5416739361_600_800.png,/scratch/parceirosbr/bigoilict/share/BigOil/document_generator/datasets/documents_2021_12_28/12anp2_20211228_164017_5416739361_600_800.png,12anp2_20211228_164017_5416739361_600_800_mask.png,análise
16,5,32,10,254,287,286,297,254,287,286,287,286,297,254,297,text,table_text,table_2,arial,bold,8.0,12anp2_20211228_164017_5416739361_600_800.png,/scratch/parceirosbr/bigoilict/share/BigOil/document_generator/datasets/documents_2021_12_28/12anp2_20211228_164017_5416739361_600_800.png,12anp2_20211228_164017_5416739361_600_800_mask.png,superior
16,5,32,10,254,287,286,297,254,287,286,287,286,297,254,297,sub_line_text,table_text,table_2,arial,bold,8.0,12anp2_20211228_164017_5416739361_600_800.png,/scratch/parceirosbr/bigoilict/share/BigOil/document_generator/datasets/documents_2021_12_28/12anp2_20211228_164017_5416739361_600_800.png,12anp2_20211228_164017_5416739361_600_800_mask.png,superior
11,5,23,10,259,300,282,310,259,300,282,300,282,310,259,310,text,table_text,table_2,arial,bold,8.0,12anp2_20211228_164017_5416739361_600_800.png,/scratch/parceirosbr/bigoilict/share/BigOil/document_generator/datasets/documents_2021_12_28/12anp2_20211228_164017_5416739361_600_800.png,12anp2_20211228_164017_5416739361_600_800_mask.png,Como
11,5,23,10,259,300,282,310,259,300,282,300,282,310,259,310,sub_line_text,table_text,table_2,arial,bold,8.0,12anp2_20211228_164017_5416739361_600_800.png,/scratch/parceirosbr/bigoilict/share/BigOil/document_generator/datasets/documents_2021_12_28/12anp2_20211228_164017_5416739361_600_800.png,12anp2_20211228_164017_5416739361_600_800_mask.png,Como
21,5,42,10,249,313,291,323,249,313,291,313,291,323,249,323,text,table_text,table_2,arial,bold,8.0,12anp2_20211228_164017_5416739361_600_800.png,/scratch/parceirosbr/bigoilict/share/BigOil/document_generator/datasets/documents_2021_12_28/12anp2_20211228_164017_5416739361_600_800.png,12anp2_20211228_164017_5416739361_600_800_mask.png,envolverem
21,5,42,10,249,313,291,323,249,313,291,313,291,323,249,323,sub_line_text,table_text,table_2,arial,bold,8.0,12anp2_20211228_164017_5416739361_600_800.png,/scratch/parceirosbr/bigoilict/share/BigOil/document_generator/datasets/documents_2021_12_28/12anp2_20211228_164017_5416739361_600_800.png,12anp2_20211228_164017_5416739361_600_800_mask.png,envolverem
19,5,38,10,381,326,419,336,381,326,419,326,419,336,381,336,text,table_text,table_2,arial,regular,8.0,12anp2_20211228_164017_5416739361_600_800.png,/scratch/parceirosbr/bigoilict/share/BigOil/document_generator/datasets/documents_2021_12_28/12anp2_20211228_164017_5416739361_600_800.png,12anp2_20211228_164017_5416739361_600_800_mask.png,combustão
19,5,38,10,381,326,419,336,381,326,419,326,419,336,381,336,sub_line_text,table_text,table_2,arial,regular,8.0,12anp2_20211228_164017_5416739361_600_800.png,/scratch/parceirosbr/bigoilict/share/BigOil/document_generator/datasets/documents_2021_12_28/12anp2_20211228_164017_5416739361_600_800.png,12anp2_20211228_164017_5416739361_600_800_mask.png,combustão
4,5,9,10,323,144,332,154,323,144,332,144,332,154,323,154,text,table_text,table_2,arial,regular,8.0,12anp2_20211228_164017_5416739361_600_800.png,/scratch/parceirosbr/bigoilict/share/BigOil/document_generator/datasets/documents_2021_12_28/12anp2_20211228_164017_5416739361_600_800.png,12anp2_20211228_164017_5416739361_600_800_mask.png,ao
4,5,9,10,323,144,332,154,323,144,332,144,332,154,323,154,sub_line_text,table_text,table_2,arial,regular,8.0,12anp2_20211228_164017_5416739361_600_800.png,/scratch/parceirosbr/bigoilict/share/BigOil/document_generator/datasets/documents_2021_12_28/12anp2_20211228_164017_5416739361_600_800.png,12anp2_20211228_164017_5416739361_600_800_mask.png,ao
22,5,45,10,305,157,350,167,305,157,350,157,350,167,305,167,text,table_text,table_2,arial,bold,8.0,12anp2_20211228_164017_5416739361_600_800.png,/scratch/parceirosbr/bigoilict/share/BigOil/document_generator/datasets/documents_2021_12_28/12anp2_20211228_164017_5416739361_600_800.png,12anp2_20211228_164017_5416739361_600_800_mask.png,escoamento
22,5,45,10,305,157,350,167,305,157,350,157,350,167,305,167,sub_line_text,table_text,table_2,arial,bold,8.0,12anp2_20211228_164017_5416739361_600_800.png,/scratch/parceirosbr/bigoilict/share/BigOil/document_generator/datasets/documents_2021_12_28/12anp2_20211228_164017_5416739361_600_800.png,12anp2_20211228_164017_5416739361_600_800_mask.png,escoamento
8,5,16,10,319,170,335,180,319,170,335,170,335,180,319,180,text,table_text,table_2,arial,bold,8.0,12anp2_20211228_164017_5416739361_600_800.png,/scratch/parceirosbr/bigoilict/share/BigOil/document_generator/datasets/documents_2021_12_28/12anp2_20211228_164017_5416739361_600_800.png,12anp2_20211228_164017_5416739361_600_800_mask.png,este
8,5,16,10,319,170,335,180,319,170,335,170,335,180,319,180,sub_line_text,table_text,table_2,arial,bold,8.0,12anp2_20211228_164017_5416739361_600_800.png,/scratch/parceirosbr/bigoilict/share/BigOil/document_generator/datasets/documents_2021_12_28/12anp2_20211228_164017_5416739361_600_800.png,12anp2_20211228_164017_5416739361_600_800_mask.png,este
16,5,33,10,311,183,344,193,311,183,344,183,344,193,311,193,text,table_text,table_2,arial,bold,8.0,12anp2_20211228_164017_5416739361_600_800.png,/scratch/parceirosbr/bigoilict/share/BigOil/document_generator/datasets/documents_2021_12_28/12anp2_20211228_164017_5416739361_600_800.png,12anp2_20211228_164017_5416739361_600_800_mask.png,recursos
16,5,33,10,311,183,344,193,311,183,344,183,344,193,311,193,sub_line_text,table_text,table_2,arial,bold,8.0,12anp2_20211228_164017_5416739361_600_800.png,/scratch/parceirosbr/bigoilict/share/BigOil/document_generator/datasets/documents_2021_12_28/12anp2_20211228_164017_5416739361_600_800.png,12anp2_20211228_164017_5416739361_600_800_mask.png,recursos
10,5,20,10,317,196,337,206,317,196,337,196,337,206,317,206,text,table_text,table_2,arial,bold,8.0,12anp2_20211228_164017_5416739361_600_800.png,/scratch/parceirosbr/bigoilict/share/BigOil/document_generator/datasets/documents_2021_12_28/12anp2_20211228_164017_5416739361_600_800.png,12anp2_20211228_164017_5416739361_600_800_mask.png,entre
10,5,20,10,317,196,337,206,317,196,337,196,337,206,317,206,sub_line_text,table_text,table_2,arial,bold,8.0,12anp2_20211228_164017_5416739361_600_800.png,/scratch/parceirosbr/bigoilict/share/BigOil/document_generator/datasets/documents_2021_12_28/12anp2_20211228_164017_5416739361_600_800.png,12anp2_20211228_164017_5416739361_600_800_mask.png,entre
10,5,21,10,317,209,338,219,317,209,338,209,338,219,317,219,text,table_text,table_2,arial,bold,8.0,12anp2_20211228_164017_5416739361_600_800.png,/scratch/parceirosbr/bigoilict/share/BigOil/document_generator/datasets/documents_2021_12_28/12anp2_20211228_164017_5416739361_600_800.png,12anp2_20211228_164017_5416739361_600_800_mask.png,óxido
10,5,21,10,317,209,338,219,317,209,338,209,338,219,317,219,sub_line_text,table_text,table_2,arial,bold,8.0,12anp2_20211228_164017_5416739361_600_800.png,/scratch/parceirosbr/bigoilict/share/BigOil/document_generator/datasets/documents_2021_12_28/12anp2_20211228_164017_5416739361_600_800.png,12anp2_20211228_164017_5416739361_600_800_mask.png,óxido
10,5,21,10,317,222,338,232,317,222,338,222,338,232,317,232,text,table_text,table_2,arial,bold,8.0,12anp2_20211228_164017_5416739361_600_800.png,/scratch/parceirosbr/bigoilict/share/BigOil/document_generator/datasets/documents_2021_12_28/12anp2_20211228_164017_5416739361_600_800.png,12anp2_20211228_164017_5416739361_600_800_mask.png,picos
10,5,21,10,317,222,338,232,317,222,338,222,338,232,317,232,sub_line_text,table_text,table_2,arial,bold,8.0,12anp2_20211228_164017_5416739361_600_800.png,/scratch/parceirosbr/bigoilict/share/BigOil/document_generator/datasets/documents_2021_12_28/12anp2_20211228_164017_5416739361_600_800.png,12anp2_20211228_164017_5416739361_600_800_mask.png,picos
17,5,35,10,310,235,345,245,310,235,345,235,345,245,310,245,text,table_text,table_2,arial,bold,8.0,12anp2_20211228_164017_5416739361_600_800.png,/scratch/parceirosbr/bigoilict/share/BigOil/document_generator/datasets/documents_2021_12_28/12anp2_20211228_164017_5416739361_600_800.png,12anp2_20211228_164017_5416739361_600_800_mask.png,formação
17,5,35,10,310,235,345,245,310,235,345,235,345,245,310,245,sub_line_text,table_text,table_2,arial,bold,8.0,12anp2_20211228_164017_5416739361_600_800.png,/scratch/parceirosbr/bigoilict/share/BigOil/document_generator/datasets/documents_2021_12_28/12anp2_20211228_164017_5416739361_600_800.png,12anp2_20211228_164017_5416739361_600_800_mask.png,formação
19,5,38,10,309,248,347,258,309,248,347,248,347,258,309,258,text,table_text,table_2,arial,bold,8.0,12anp2_20211228_164017_5416739361_600_800.png,/scratch/parceirosbr/bigoilict/share/BigOil/document_generator/datasets/documents_2021_12_28/12anp2_20211228_164017_5416739361_600_800.png,12anp2_20211228_164017_5416739361_600_800_mask.png,explicação
19,5,38,10,309,248,347,258,309,248,347,248,347,258,309,258,sub_line_text,table_text,table_2,arial,bold,8.0,12anp2_20211228_164017_5416739361_600_800.png,/scratch/parceirosbr/bigoilict/share/BigOil/document_generator/datasets/documents_2021_12_28/12anp2_20211228_164017_5416739361_600_800.png,12anp2_20211228_164017_5416739361_600_800_mask.png,explicação
13,5,26,10,315,261,341,271,315,261,341,261,341,271,315,271,text,table_text,table_2,arial,bold,8.0,12anp2_20211228_164017_5416739361_600_800.png,/scratch/parceirosbr/bigoilict/share/BigOil/document_generator/datasets/documents_2021_12_28/12anp2_20211228_164017_5416739361_600_800.png,12anp2_20211228_164017_5416739361_600_800_mask.png,prática
13,5,26,10,315,261,341,271,315,261,341,261,341,271,315,271,sub_line_text,table_text,table_2,arial,bold,8.0,12anp2_20211228_164017_5416739361_600_800.png,/scratch/parceirosbr/bigoilict/share/BigOil/document_generator/datasets/documents_2021_12_28/12anp2_20211228_164017_5416739361_600_800.png,12anp2_20211228_164017_5416739361_600_800_mask.png,prática
9,5,18,10,319,274,337,284,319,274,337,274,337,284,319,284,text,table_text,table_2,arial,bold,8.0,12anp2_20211228_164017_5416739361_600_800.png,/scratch/parceirosbr/bigoilict/share/BigOil/document_generator/datasets/documents_2021_12_28/12anp2_20211228_164017_5416739361_600_800.png,12anp2_20211228_164017_5416739361_600_800_mask.png,atual
9,5,18,10,319,274,337,284,319,274,337,274,337,284,319,284,sub_line_text,table_text,table_2,arial,bold,8.0,12anp2_20211228_164017_5416739361_600_800.png,/scratch/parceirosbr/bigoilict/share/BigOil/document_generator/datasets/documents_2021_12_28/12anp2_20211228_164017_5416739361_600_800.png,12anp2_20211228_164017_5416739361_600_800_mask.png,atual
7,5,15,10,320,287,335,297,320,287,335,287,335,297,320,297,text,table_text,table_2,arial,bold,8.0,12anp2_20211228_164017_5416739361_600_800.png,/scratch/parceirosbr/bigoilict/share/BigOil/document_generator/datasets/documents_2021_12_28/12anp2_20211228_164017_5416739361_600_800.png,12anp2_20211228_164017_5416739361_600_800_mask.png,dito
7,5,15,10,320,287,335,297,320,287,335,287,335,297,320,297,sub_line_text,table_text,table_2,arial,bold,8.0,12anp2_20211228_164017_5416739361_600_800.png,/scratch/parceirosbr/bigoilict/share/BigOil/document_generator/datasets/documents_2021_12_28/12anp2_20211228_164017_5416739361_600_800.png,12anp2_20211228_164017_5416739361_600_800_mask.png,dito
15,5,31,10,312,300,343,310,312,300,343,300,343,310,312,310,text,table_text,table_2,arial,bold,8.0,12anp2_20211228_164017_5416739361_600_800.png,/scratch/parceirosbr/bigoilict/share/BigOil/document_generator/datasets/documents_2021_12_28/12anp2_20211228_164017_5416739361_600_800.png,12anp2_20211228_164017_5416739361_600_800_mask.png,outubro
15,5,31,10,312,300,343,310,312,300,343,300,343,310,312,310,sub_line_text,table_text,table_2,arial,bold,8.0,12anp2_20211228_164017_5416739361_600_800.png,/scratch/parceirosbr/bigoilict/share/BigOil/document_generator/datasets/documents_2021_12_28/12anp2_20211228_164017_5416739361_600_800.png,12anp2_20211228_164017_5416739361_600_800_mask.png,outubro
10,5,21,10,317,313,338,323,317,313,338,313,338,323,317,323,text,table_text,table_2,arial,bold,8.0,12anp2_20211228_164017_5416739361_600_800.png,/scratch/parceirosbr/bigoilict/share/BigOil/document_generator/datasets/documents_2021_12_28/12anp2_20211228_164017_5416739361_600_800.png,12anp2_20211228_164017_5416739361_600_800_mask.png,berço
10,5,21,10,317,313,338,323,317,313,338,313,338,323,317,323,sub_line_text,table_text,table_2,arial,bold,8.0,12anp2_20211228_164017_5416739361_600_800.png,/scratch/parceirosbr/bigoilict/share/BigOil/document_generator/datasets/documents_2021_12_28/12anp2_20211228_164017_5416739361_600_800.png,12anp2_20211228_164017_5416739361_600_800_mask.png,berço
16,5,33,10,371,144,404,154,371,144,404,144,404,154,371,154,text,table_text,table_2,arial,regular,8.0,12anp2_20211228_164017_5416739361_600_800.png,/scratch/parceirosbr/bigoilict/share/BigOil/document_generator/datasets/documents_2021_12_28/12anp2_20211228_164017_5416739361_600_800.png,12anp2_20211228_164017_5416739361_600_800_mask.png,indicando
16,5,33,10,371,144,404,154,371,144,404,144,404,154,371,154,sub_line_text,table_text,table_2,arial,regular,8.0,12anp2_20211228_164017_5416739361_600_800.png,/scratch/parceirosbr/bigoilict/share/BigOil/document_generator/datasets/documents_2021_12_28/12anp2_20211228_164017_5416739361_600_800.png,12anp2_20211228_164017_5416739361_600_800_mask.png,indicando
14,5,28,10,373,157,401,167,373,157,401,157,401,167,373,167,text,table_text,table_2,arial,bold,8.0,12anp2_20211228_164017_5416739361_600_800.png,/scratch/parceirosbr/bigoilict/share/BigOil/document_generator/datasets/documents_2021_12_28/12anp2_20211228_164017_5416739361_600_800.png,12anp2_20211228_164017_5416739361_600_800_mask.png,sentido
14,5,28,10,373,157,401,167,373,157,401,157,401,167,373,167,sub_line_text,table_text,table_2,arial,bold,8.0,12anp2_20211228_164017_5416739361_600_800.png,/scratch/parceirosbr/bigoilict/share/BigOil/document_generator/datasets/documents_2021_12_28/12anp2_20211228_164017_5416739361_600_800.png,12anp2_20211228_164017_5416739361_600_800_mask.png,sentido
7,5,15,10,380,170,395,180,380,170,395,170,395,180,380,180,text,table_text,table_2,arial,bold,8.0,12anp2_20211228_164017_5416739361_600_800.png,/scratch/parceirosbr/bigoilict/share/BigOil/document_generator/datasets/documents_2021_12_28/12anp2_20211228_164017_5416739361_600_800.png,12anp2_20211228_164017_5416739361_600_800_mask.png,que
7,5,15,10,380,170,395,180,380,170,395,170,395,180,380,180,sub_line_text,table_text,table_2,arial,bold,8.0,12anp2_20211228_164017_5416739361_600_800.png,/scratch/parceirosbr/bigoilict/share/BigOil/document_generator/datasets/documents_2021_12_28/12anp2_20211228_164017_5416739361_600_800.png,12anp2_20211228_164017_5416739361_600_800_mask.png,que
19,5,38,10,369,183,407,193,369,183,407,183,407,193,369,193,text,table_text,table_2,arial,bold,8.0,12anp2_20211228_164017_5416739361_600_800.png,/scratch/parceirosbr/bigoilict/share/BigOil/document_generator/datasets/documents_2021_12_28/12anp2_20211228_164017_5416739361_600_800.png,12anp2_20211228_164017_5416739361_600_800_mask.png,floculação
19,5,38,10,369,183,407,193,369,183,407,183,407,193,369,193,sub_line_text,table_text,table_2,arial,bold,8.0,12anp2_20211228_164017_5416739361_600_800.png,/scratch/parceirosbr/bigoilict/share/BigOil/document_generator/datasets/documents_2021_12_28/12anp2_20211228_164017_5416739361_600_800.png,12anp2_20211228_164017_5416739361_600_800_mask.png,floculação
10,5,20,10,377,196,397,206,377,196,397,196,397,206,377,206,text,table_text,table_2,arial,bold,8.0,12anp2_20211228_164017_5416739361_600_800.png,/scratch/parceirosbr/bigoilict/share/BigOil/document_generator/datasets/documents_2021_12_28/12anp2_20211228_164017_5416739361_600_800.png,12anp2_20211228_164017_5416739361_600_800_mask.png,apelo
10,5,20,10,377,196,397,206,377,196,397,196,397,206,377,206,sub_line_text,table_text,table_2,arial,bold,8.0,12anp2_20211228_164017_5416739361_600_800.png,/scratch/parceirosbr/bigoilict/share/BigOil/document_generator/datasets/documents_2021_12_28/12anp2_20211228_164017_5416739361_600_800.png,12anp2_20211228_164017_5416739361_600_800_mask.png,apelo
11,5,22,10,377,209,399,219,377,209,399,209,399,219,377,219,text,table_text,table_2,arial,bold,8.0,12anp2_20211228_164017_5416739361_600_800.png,/scratch/parceirosbr/bigoilict/share/BigOil/document_generator/datasets/documents_2021_12_28/12anp2_20211228_164017_5416739361_600_800.png,12anp2_20211228_164017_5416739361_600_800_mask.png,refino
11,5,22,10,377,209,399,219,377,209,399,209,399,219,377,219,sub_line_text,table_text,table_2,arial,bold,8.0,12anp2_20211228_164017_5416739361_600_800.png,/scratch/parceirosbr/bigoilict/share/BigOil/document_generator/datasets/documents_2021_12_28/12anp2_20211228_164017_5416739361_600_800.png,12anp2_20211228_164017_5416739361_600_800_mask.png,refino
10,5,20,10,377,222,397,232,377,222,397,222,397,232,377,232,text,table_text,table_2,arial,bold,8.0,12anp2_20211228_164017_5416739361_600_800.png,/scratch/parceirosbr/bigoilict/share/BigOil/document_generator/datasets/documents_2021_12_28/12anp2_20211228_164017_5416739361_600_800.png,12anp2_20211228_164017_5416739361_600_800_mask.png,entre
10,5,20,10,377,222,397,232,377,222,397,222,397,232,377,232,sub_line_text,table_text,table_2,arial,bold,8.0,12anp2_20211228_164017_5416739361_600_800.png,/scratch/parceirosbr/bigoilict/share/BigOil/document_generator/datasets/documents_2021_12_28/12anp2_20211228_164017_5416739361_600_800.png,12anp2_20211228_164017_5416739361_600_800_mask.png,entre
9,5,18,10,379,235,397,245,379,235,397,235,397,245,379,245,text,table_text,table_2,arial,bold,8.0,12anp2_20211228_164017_5416739361_600_800.png,/scratch/parceirosbr/bigoilict/share/BigOil/document_generator/datasets/documents_2021_12_28/12anp2_20211228_164017_5416739361_600_800.png,12anp2_20211228_164017_5416739361_600_800_mask.png,base
9,5,18,10,379,235,397,245,379,235,397,235,397,245,379,245,sub_line_text,table_text,table_2,arial,bold,8.0,12anp2_20211228_164017_5416739361_600_800.png,/scratch/parceirosbr/bigoilict/share/BigOil/document_generator/datasets/documents_2021_12_28/12anp2_20211228_164017_5416739361_600_800.png,12anp2_20211228_164017_5416739361_600_800_mask.png,base
26,5,53,10,361,248,414,258,361,248,414,248,414,258,361,258,text,table_text,table_2,arial,bold,8.0,12anp2_20211228_164017_5416739361_600_800.png,/scratch/parceirosbr/bigoilict/share/BigOil/document_generator/datasets/documents_2021_12_28/12anp2_20211228_164017_5416739361_600_800.png,12anp2_20211228_164017_5416739361_600_800_mask.png,anteriormente
26,5,53,10,361,248,414,258,361,248,414,248,414,258,361,258,sub_line_text,table_text,table_2,arial,bold,8.0,12anp2_20211228_164017_5416739361_600_800.png,/scratch/parceirosbr/bigoilict/share/BigOil/document_generator/datasets/documents_2021_12_28/12anp2_20211228_164017_5416739361_600_800.png,12anp2_20211228_164017_5416739361_600_800_mask.png,anteriormente
10,5,21,10,377,261,398,271,377,261,398,261,398,271,377,271,text,table_text,table_2,arial,bold,8.0,12anp2_20211228_164017_5416739361_600_800.png,/scratch/parceirosbr/bigoilict/share/BigOil/document_generator/datasets/documents_2021_12_28/12anp2_20211228_164017_5416739361_600_800.png,12anp2_20211228_164017_5416739361_600_800_mask.png,neste
10,5,21,10,377,261,398,271,377,261,398,261,398,271,377,271,sub_line_text,table_text,table_2,arial,bold,8.0,12anp2_20211228_164017_5416739361_600_800.png,/scratch/parceirosbr/bigoilict/share/BigOil/document_generator/datasets/documents_2021_12_28/12anp2_20211228_164017_5416739361_600_800.png,12anp2_20211228_164017_5416739361_600_800_mask.png,neste
22,5,44,10,365,274,409,284,365,274,409,274,409,284,365,284,text,table_text,table_2,arial,bold,8.0,12anp2_20211228_164017_5416739361_600_800.png,/scratch/parceirosbr/bigoilict/share/BigOil/document_generator/datasets/documents_2021_12_28/12anp2_20211228_164017_5416739361_600_800.png,12anp2_20211228_164017_5416739361_600_800_mask.png,alternativos
22,5,44,10,365,274,409,284,365,274,409,274,409,284,365,284,sub_line_text,table_text,table_2,arial,bold,8.0,12anp2_20211228_164017_5416739361_600_800.png,/scratch/parceirosbr/bigoilict/share/BigOil/document_generator/datasets/documents_2021_12_28/12anp2_20211228_164017_5416739361_600_800.png,12anp2_20211228_164017_5416739361_600_800_mask.png,alternativos
7,5,15,10,380,287,395,297,380,287,395,287,395,297,380,297,text,table_text,table_2,arial,bold,8.0,12anp2_20211228_164017_5416739361_600_800.png,/scratch/parceirosbr/bigoilict/share/BigOil/document_generator/datasets/documents_2021_12_28/12anp2_20211228_164017_5416739361_600_800.png,12anp2_20211228_164017_5416739361_600_800_mask.png,vem
7,5,15,10,380,287,395,297,380,287,395,287,395,297,380,297,sub_line_text,table_text,table_2,arial,bold,8.0,12anp2_20211228_164017_5416739361_600_800.png,/scratch/parceirosbr/bigoilict/share/BigOil/document_generator/datasets/documents_2021_12_28/12anp2_20211228_164017_5416739361_600_800.png,12anp2_20211228_164017_5416739361_600_800_mask.png,vem
6,5,13,10,381,300,394,310,381,300,394,300,394,310,381,310,text,table_text,table_2,arial,bold,8.0,12anp2_20211228_164017_5416739361_600_800.png,/scratch/parceirosbr/bigoilict/share/BigOil/document_generator/datasets/documents_2021_12_28/12anp2_20211228_164017_5416739361_600_800.png,12anp2_20211228_164017_5416739361_600_800_mask.png,são
6,5,13,10,381,300,394,310,381,300,394,300,394,310,381,310,sub_line_text,table_text,table_2,arial,bold,8.0,12anp2_20211228_164017_5416739361_600_800.png,/scratch/parceirosbr/bigoilict/share/BigOil/document_generator/datasets/documents_2021_12_28/12anp2_20211228_164017_5416739361_600_800.png,12anp2_20211228_164017_5416739361_600_800_mask.png,são
16,5,32,10,371,313,403,323,371,313,403,313,403,323,371,323,text,table_text,table_2,arial,bold,8.0,12anp2_20211228_164017_5416739361_600_800.png,/scratch/parceirosbr/bigoilict/share/BigOil/document_generator/datasets/documents_2021_12_28/12anp2_20211228_164017_5416739361_600_800.png,12anp2_20211228_164017_5416739361_600_800_mask.png,gasolina
16,5,32,10,371,313,403,323,371,313,403,313,403,323,371,323,sub_line_text,table_text,table_2,arial,bold,8.0,12anp2_20211228_164017_5416739361_600_800.png,/scratch/parceirosbr/bigoilict/share/BigOil/document_generator/datasets/documents_2021_12_28/12anp2_20211228_164017_5416739361_600_800.png,12anp2_20211228_164017_5416739361_600_800_mask.png,gasolina
14,5,29,10,471,144,500,154,471,144,500,144,500,154,471,154,text,table_text,table_2,arial,regular,8.0,12anp2_20211228_164017_5416739361_600_800.png,/scratch/parceirosbr/bigoilict/share/BigOil/document_generator/datasets/documents_2021_12_28/12anp2_20211228_164017_5416739361_600_800.png,12anp2_20211228_164017_5416739361_600_800_mask.png,concede
14,5,29,10,471,144,500,154,471,144,500,144,500,154,471,154,sub_line_text,table_text,table_2,arial,regular,8.0,12anp2_20211228_164017_5416739361_600_800.png,/scratch/parceirosbr/bigoilict/share/BigOil/document_generator/datasets/documents_2021_12_28/12anp2_20211228_164017_5416739361_600_800.png,12anp2_20211228_164017_5416739361_600_800_mask.png,concede
13,5,27,10,473,157,500,167,473,157,500,157,500,167,473,167,text,table_text,table_2,arial,bold,8.0,12anp2_20211228_164017_5416739361_600_800.png,/scratch/parceirosbr/bigoilict/share/BigOil/document_generator/datasets/documents_2021_12_28/12anp2_20211228_164017_5416739361_600_800.png,12anp2_20211228_164017_5416739361_600_800_mask.png,40.0900
13,5,27,10,473,157,500,167,473,157,500,157,500,167,473,167,sub_line_text,table_text,table_2,arial,bold,8.0,12anp2_20211228_164017_5416739361_600_800.png,/scratch/parceirosbr/bigoilict/share/BigOil/document_generator/datasets/documents_2021_12_28/12anp2_20211228_164017_5416739361_600_800.png,12anp2_20211228_164017_5416739361_600_800_mask.png,40.0900
15,5,31,10,469,170,500,180,469,170,500,170,500,180,469,180,text,table_text,table_2,arial,bold,8.0,12anp2_20211228_164017_5416739361_600_800.png,/scratch/parceirosbr/bigoilict/share/BigOil/document_generator/datasets/documents_2021_12_28/12anp2_20211228_164017_5416739361_600_800.png,12anp2_20211228_164017_5416739361_600_800_mask.png,917.0498
15,5,31,10,469,170,500,180,469,170,500,170,500,180,469,180,sub_line_text,table_text,table_2,arial,bold,8.0,12anp2_20211228_164017_5416739361_600_800.png,/scratch/parceirosbr/bigoilict/share/BigOil/document_generator/datasets/documents_2021_12_28/12anp2_20211228_164017_5416739361_600_800.png,12anp2_20211228_164017_5416739361_600_800_mask.png,917.0498
15,5,31,10,469,183,500,193,469,183,500,183,500,193,469,193,text,table_text,table_2,arial,bold,8.0,12anp2_20211228_164017_5416739361_600_800.png,/scratch/parceirosbr/bigoilict/share/BigOil/document_generator/datasets/documents_2021_12_28/12anp2_20211228_164017_5416739361_600_800.png,12anp2_20211228_164017_5416739361_600_800_mask.png,965.0455
15,5,31,10,469,183,500,193,469,183,500,183,500,193,469,193,sub_line_text,table_text,table_2,arial,bold,8.0,12anp2_20211228_164017_5416739361_600_800.png,/scratch/parceirosbr/bigoilict/share/BigOil/document_generator/datasets/documents_2021_12_28/12anp2_20211228_164017_5416739361_600_800.png,12anp2_20211228_164017_5416739361_600_800_mask.png,965.0455
19,5,39,10,461,196,500,206,461,196,500,196,500,206,461,206,text,table_text,table_2,arial,bold,8.0,12anp2_20211228_164017_5416739361_600_800.png,/scratch/parceirosbr/bigoilict/share/BigOil/document_generator/datasets/documents_2021_12_28/12anp2_20211228_164017_5416739361_600_800.png,12anp2_20211228_164017_5416739361_600_800_mask.png,52731.5156
19,5,39,10,461,196,500,206,461,196,500,196,500,206,461,206,sub_line_text,table_text,table_2,arial,bold,8.0,12anp2_20211228_164017_5416739361_600_800.png,/scratch/parceirosbr/bigoilict/share/BigOil/document_generator/datasets/documents_2021_12_28/12anp2_20211228_164017_5416739361_600_800.png,12anp2_20211228_164017_5416739361_600_800_mask.png,52731.5156
15,5,31,10,469,209,500,219,469,209,500,209,500,219,469,219,text,table_text,table_2,arial,bold,8.0,12anp2_20211228_164017_5416739361_600_800.png,/scratch/parceirosbr/bigoilict/share/BigOil/document_generator/datasets/documents_2021_12_28/12anp2_20211228_164017_5416739361_600_800.png,12anp2_20211228_164017_5416739361_600_800_mask.png,694.7839
15,5,31,10,469,209,500,219,469,209,500,209,500,219,469,219,sub_line_text,table_text,table_2,arial,bold,8.0,12anp2_20211228_164017_5416739361_600_800.png,/scratch/parceirosbr/bigoilict/share/BigOil/document_generator/datasets/documents_2021_12_28/12anp2_20211228_164017_5416739361_600_800.png,12anp2_20211228_164017_5416739361_600_800_mask.png,694.7839
15,5,31,10,469,222,500,232,469,222,500,222,500,232,469,232,text,table_text,table_2,arial,bold,8.0,12anp2_20211228_164017_5416739361_600_800.png,/scratch/parceirosbr/bigoilict/share/BigOil/document_generator/datasets/documents_2021_12_28/12anp2_20211228_164017_5416739361_600_800.png,12anp2_20211228_164017_5416739361_600_800_mask.png,836.7066
15,5,31,10,469,222,500,232,469,222,500,222,500,232,469,232,sub_line_text,table_text,table_2,arial,bold,8.0,12anp2_20211228_164017_5416739361_600_800.png,/scratch/parceirosbr/bigoilict/share/BigOil/document_generator/datasets/documents_2021_12_28/12anp2_20211228_164017_5416739361_600_800.png,12anp2_20211228_164017_5416739361_600_800_mask.png,836.7066
19,5,39,10,461,235,500,245,461,235,500,235,500,245,461,245,text,table_text,table_2,arial,bold,8.0,12anp2_20211228_164017_5416739361_600_800.png,/scratch/parceirosbr/bigoilict/share/BigOil/document_generator/datasets/documents_2021_12_28/12anp2_20211228_164017_5416739361_600_800.png,12anp2_20211228_164017_5416739361_600_800_mask.png,65747.4083
19,5,39,10,461,235,500,245,461,235,500,235,500,245,461,245,sub_line_text,table_text,table_2,arial,bold,8.0,12anp2_20211228_164017_5416739361_600_800.png,/scratch/parceirosbr/bigoilict/share/BigOil/document_generator/datasets/documents_2021_12_28/12anp2_20211228_164017_5416739361_600_800.png,12anp2_20211228_164017_5416739361_600_800_mask.png,65747.4083
17,5,35,10,465,248,500,258,465,248,500,248,500,258,465,258,text,table_text,table_2,arial,bold,8.0,12anp2_20211228_164017_5416739361_600_800.png,/scratch/parceirosbr/bigoilict/share/BigOil/document_generator/datasets/documents_2021_12_28/12anp2_20211228_164017_5416739361_600_800.png,12anp2_20211228_164017_5416739361_600_800_mask.png,2155.2550
17,5,35,10,465,248,500,258,465,248,500,248,500,258,465,258,sub_line_text,table_text,table_2,arial,bold,8.0,12anp2_20211228_164017_5416739361_600_800.png,/scratch/parceirosbr/bigoilict/share/BigOil/document_generator/datasets/documents_2021_12_28/12anp2_20211228_164017_5416739361_600_800.png,12anp2_20211228_164017_5416739361_600_800_mask.png,2155.2550
15,5,31,10,469,261,500,271,469,261,500,261,500,271,469,271,text,table_text,table_2,arial,bold,8.0,12anp2_20211228_164017_5416739361_600_800.png,/scratch/parceirosbr/bigoilict/share/BigOil/document_generator/datasets/documents_2021_12_28/12anp2_20211228_164017_5416739361_600_800.png,12anp2_20211228_164017_5416739361_600_800_mask.png,764.1592
15,5,31,10,469,261,500,271,469,261,500,261,500,271,469,271,sub_line_text,table_text,table_2,arial,bold,8.0,12anp2_20211228_164017_5416739361_600_800.png,/scratch/parceirosbr/bigoilict/share/BigOil/document_generator/datasets/documents_2021_12_28/12anp2_20211228_164017_5416739361_600_800.png,12anp2_20211228_164017_5416739361_600_800_mask.png,764.1592
17,5,35,10,465,274,500,284,465,274,500,274,500,284,465,284,text,table_text,table_2,arial,bold,8.0,12anp2_20211228_164017_5416739361_600_800.png,/scratch/parceirosbr/bigoilict/share/BigOil/document_generator/datasets/documents_2021_12_28/12anp2_20211228_164017_5416739361_600_800.png,12anp2_20211228_164017_5416739361_600_800_mask.png,4313.1638
17,5,35,10,465,274,500,284,465,274,500,274,500,284,465,284,sub_line_text,table_text,table_2,arial,bold,8.0,12anp2_20211228_164017_5416739361_600_800.png,/scratch/parceirosbr/bigoilict/share/BigOil/document_generator/datasets/documents_2021_12_28/12anp2_20211228_164017_5416739361_600_800.png,12anp2_20211228_164017_5416739361_600_800_mask.png,4313.1638
13,5,26,10,474,287,500,297,474,287,500,287,500,297,474,297,text,table_text,table_2,arial,bold,8.0,12anp2_20211228_164017_5416739361_600_800.png,/scratch/parceirosbr/bigoilict/share/BigOil/document_generator/datasets/documents_2021_12_28/12anp2_20211228_164017_5416739361_600_800.png,12anp2_20211228_164017_5416739361_600_800_mask.png,25.4371
13,5,26,10,474,287,500,297,474,287,500,287,500,297,474,297,sub_line_text,table_text,table_2,arial,bold,8.0,12anp2_20211228_164017_5416739361_600_800.png,/scratch/parceirosbr/bigoilict/share/BigOil/document_generator/datasets/documents_2021_12_28/12anp2_20211228_164017_5416739361_600_800.png,12anp2_20211228_164017_5416739361_600_800_mask.png,25.4371
15,5,31,10,469,300,500,310,469,300,500,300,500,310,469,310,text,table_text,table_2,arial,bold,8.0,12anp2_20211228_164017_5416739361_600_800.png,/scratch/parceirosbr/bigoilict/share/BigOil/document_generator/datasets/documents_2021_12_28/12anp2_20211228_164017_5416739361_600_800.png,12anp2_20211228_164017_5416739361_600_800_mask.png,427.0888
15,5,31,10,469,300,500,310,469,300,500,300,500,310,469,310,sub_line_text,table_text,table_2,arial,bold,8.0,12anp2_20211228_164017_5416739361_600_800.png,/scratch/parceirosbr/bigoilict/share/BigOil/document_generator/datasets/documents_2021_12_28/12anp2_20211228_164017_5416739361_600_800.png,12anp2_20211228_164017_5416739361_600_800_mask.png,427.0888
15,5,31,10,469,313,500,323,469,313,500,313,500,323,469,323,text,table_text,table_2,arial,bold,8.0,12anp2_20211228_164017_5416739361_600_800.png,/scratch/parceirosbr/bigoilict/share/BigOil/document_generator/datasets/documents_2021_12_28/12anp2_20211228_164017_5416739361_600_800.png,12anp2_20211228_164017_5416739361_600_800_mask.png,315.7938
15,5,31,10,469,313,500,323,469,313,500,313,500,323,469,323,sub_line_text,table_text,table_2,arial,bold,8.0,12anp2_20211228_164017_5416739361_600_800.png,/scratch/parceirosbr/bigoilict/share/BigOil/document_generator/datasets/documents_2021_12_28/12anp2_20211228_164017_5416739361_600_800.png,12anp2_20211228_164017_5416739361_600_800_mask.png,315.7938
13,5,26,10,532,144,558,154,532,144,558,144,558,154,532,154,text,table_text,table_2,arial,regular,8.0,12anp2_20211228_164017_5416739361_600_800.png,/scratch/parceirosbr/bigoilict/share/BigOil/document_generator/datasets/documents_2021_12_28/12anp2_20211228_164017_5416739361_600_800.png,12anp2_20211228_164017_5416739361_600_800_mask.png,reunião
13,5,26,10,532,144,558,154,532,144,558,144,558,154,532,154,sub_line_text,table_text,table_2,arial,regular,8.0,12anp2_20211228_164017_5416739361_600_800.png,/scratch/parceirosbr/bigoilict/share/BigOil/document_generator/datasets/documents_2021_12_28/12anp2_20211228_164017_5416739361_600_800.png,12anp2_20211228_164017_5416739361_600_800_mask.png,reunião
19,5,39,10,519,157,558,167,519,157,558,157,558,167,519,167,text,table_text,table_2,arial,bold,8.0,12anp2_20211228_164017_5416739361_600_800.png,/scratch/parceirosbr/bigoilict/share/BigOil/document_generator/datasets/documents_2021_12_28/12anp2_20211228_164017_5416739361_600_800.png,12anp2_20211228_164017_5416739361_600_800_mask.png,6019391.70
19,5,39,10,519,157,558,167,519,157,558,157,558,167,519,167,sub_line_text,table_text,table_2,arial,bold,8.0,12anp2_20211228_164017_5416739361_600_800.png,/scratch/parceirosbr/bigoilict/share/BigOil/document_generator/datasets/documents_2021_12_28/12anp2_20211228_164017_5416739361_600_800.png,12anp2_20211228_164017_5416739361_600_800_mask.png,6019391.70
19,5,39,10,519,170,558,180,519,170,558,170,558,180,519,180,text,table_text,table_2,arial,bold,8.0,12anp2_20211228_164017_5416739361_600_800.png,/scratch/parceirosbr/bigoilict/share/BigOil/document_generator/datasets/documents_2021_12_28/12anp2_20211228_164017_5416739361_600_800.png,12anp2_20211228_164017_5416739361_600_800_mask.png,1321370.60
19,5,39,10,519,170,558,180,519,170,558,170,558,180,519,180,sub_line_text,table_text,table_2,arial,bold,8.0,12anp2_20211228_164017_5416739361_600_800.png,/scratch/parceirosbr/bigoilict/share/BigOil/document_generator/datasets/documents_2021_12_28/12anp2_20211228_164017_5416739361_600_800.png,12anp2_20211228_164017_5416739361_600_800_mask.png,1321370.60
19,5,39,10,519,183,558,193,519,183,558,183,558,193,519,193,text,table_text,table_2,arial,bold,8.0,12anp2_20211228_164017_5416739361_600_800.png,/scratch/parceirosbr/bigoilict/share/BigOil/document_generator/datasets/documents_2021_12_28/12anp2_20211228_164017_5416739361_600_800.png,12anp2_20211228_164017_5416739361_600_800_mask.png,9345698.88
19,5,39,10,519,183,558,193,519,183,558,183,558,193,519,193,sub_line_text,table_text,table_2,arial,bold,8.0,12anp2_20211228_164017_5416739361_600_800.png,/scratch/parceirosbr/bigoilict/share/BigOil/document_generator/datasets/documents_2021_12_28/12anp2_20211228_164017_5416739361_600_800.png,12anp2_20211228_164017_5416739361_600_800_mask.png,9345698.88
19,5,39,10,519,196,558,206,519,196,558,196,558,206,519,206,text,table_text,table_2,arial,bold,8.0,12anp2_20211228_164017_5416739361_600_800.png,/scratch/parceirosbr/bigoilict/share/BigOil/document_generator/datasets/documents_2021_12_28/12anp2_20211228_164017_5416739361_600_800.png,12anp2_20211228_164017_5416739361_600_800_mask.png,1060032.40
19,5,39,10,519,196,558,206,519,196,558,196,558,206,519,206,sub_line_text,table_text,table_2,arial,bold,8.0,12anp2_20211228_164017_5416739361_600_800.png,/scratch/parceirosbr/bigoilict/share/BigOil/document_generator/datasets/documents_2021_12_28/12anp2_20211228_164017_5416739361_600_800.png,12anp2_20211228_164017_5416739361_600_800_mask.png,1060032.40
19,5,39,10,519,209,558,219,519,209,558,209,558,219,519,219,text,table_text,table_2,arial,bold,8.0,12anp2_20211228_164017_5416739361_600_800.png,/scratch/parceirosbr/bigoilict/share/BigOil/document_generator/datasets/documents_2021_12_28/12anp2_20211228_164017_5416739361_600_800.png,12anp2_20211228_164017_5416739361_600_800_mask.png,6621610.78
19,5,39,10,519,209,558,219,519,209,558,209,558,219,519,219,sub_line_text,table_text,table_2,arial,bold,8.0,12anp2_20211228_164017_5416739361_600_800.png,/scratch/parceirosbr/bigoilict/share/BigOil/document_generator/datasets/documents_2021_12_28/12anp2_20211228_164017_5416739361_600_800.png,12anp2_20211228_164017_5416739361_600_800_mask.png,6621610.78
19,5,39,10,519,222,558,232,519,222,558,222,558,232,519,232,text,table_text,table_2,arial,bold,8.0,12anp2_20211228_164017_5416739361_600_800.png,/scratch/parceirosbr/bigoilict/share/BigOil/document_generator/datasets/documents_2021_12_28/12anp2_20211228_164017_5416739361_600_800.png,12anp2_20211228_164017_5416739361_600_800_mask.png,9479310.73
19,5,39,10,519,222,558,232,519,222,558,222,558,232,519,232,sub_line_text,table_text,table_2,arial,bold,8.0,12anp2_20211228_164017_5416739361_600_800.png,/scratch/parceirosbr/bigoilict/share/BigOil/document_generator/datasets/documents_2021_12_28/12anp2_20211228_164017_5416739361_600_800.png,12anp2_20211228_164017_5416739361_600_800_mask.png,9479310.73
19,5,39,10,519,235,558,245,519,235,558,235,558,245,519,245,text,table_text,table_2,arial,bold,8.0,12anp2_20211228_164017_5416739361_600_800.png,/scratch/parceirosbr/bigoilict/share/BigOil/document_generator/datasets/documents_2021_12_28/12anp2_20211228_164017_5416739361_600_800.png,12anp2_20211228_164017_5416739361_600_800_mask.png,2888684.69
19,5,39,10,519,235,558,245,519,235,558,235,558,245,519,245,sub_line_text,table_text,table_2,arial,bold,8.0,12anp2_20211228_164017_5416739361_600_800.png,/scratch/parceirosbr/bigoilict/share/BigOil/document_generator/datasets/documents_2021_12_28/12anp2_20211228_164017_5416739361_600_800.png,12anp2_20211228_164017_5416739361_600_800_mask.png,2888684.69
19,5,38,10,520,248,558,258,520,248,558,248,558,258,520,258,text,table_text,table_2,arial,bold,8.0,12anp2_20211228_164017_5416739361_600_800.png,/scratch/parceirosbr/bigoilict/share/BigOil/document_generator/datasets/documents_2021_12_28/12anp2_20211228_164017_5416739361_600_800.png,12anp2_20211228_164017_5416739361_600_800_mask.png,9889207.61
19,5,38,10,520,248,558,258,520,248,558,248,558,258,520,258,sub_line_text,table_text,table_2,arial,bold,8.0,12anp2_20211228_164017_5416739361_600_800.png,/scratch/parceirosbr/bigoilict/share/BigOil/document_generator/datasets/documents_2021_12_28/12anp2_20211228_164017_5416739361_600_800.png,12anp2_20211228_164017_5416739361_600_800_mask.png,9889207.61
19,5,39,10,519,261,558,271,519,261,558,261,558,271,519,271,text,table_text,table_2,arial,bold,8.0,12anp2_20211228_164017_5416739361_600_800.png,/scratch/parceirosbr/bigoilict/share/BigOil/document_generator/datasets/documents_2021_12_28/12anp2_20211228_164017_5416739361_600_800.png,12anp2_20211228_164017_5416739361_600_800_mask.png,2944012.22
19,5,39,10,519,261,558,271,519,261,558,261,558,271,519,271,sub_line_text,table_text,table_2,arial,bold,8.0,12anp2_20211228_164017_5416739361_600_800.png,/scratch/parceirosbr/bigoilict/share/BigOil/document_generator/datasets/documents_2021_12_28/12anp2_20211228_164017_5416739361_600_800.png,12anp2_20211228_164017_5416739361_600_800_mask.png,2944012.22
19,5,39,10,519,274,558,284,519,274,558,274,558,284,519,284,text,table_text,table_2,arial,bold,8.0,12anp2_20211228_164017_5416739361_600_800.png,/scratch/parceirosbr/bigoilict/share/BigOil/document_generator/datasets/documents_2021_12_28/12anp2_20211228_164017_5416739361_600_800.png,12anp2_20211228_164017_5416739361_600_800_mask.png,6786919.06
19,5,39,10,519,274,558,284,519,274,558,274,558,284,519,284,sub_line_text,table_text,table_2,arial,bold,8.0,12anp2_20211228_164017_5416739361_600_800.png,/scratch/parceirosbr/bigoilict/share/BigOil/document_generator/datasets/documents_2021_12_28/12anp2_20211228_164017_5416739361_600_800.png,12anp2_20211228_164017_5416739361_600_800_mask.png,6786919.06
19,5,39,10,519,287,558,297,519,287,558,287,558,297,519,297,text,table_text,table_2,arial,bold,8.0,12anp2_20211228_164017_5416739361_600_800.png,/scratch/parceirosbr/bigoilict/share/BigOil/document_generator/datasets/documents_2021_12_28/12anp2_20211228_164017_5416739361_600_800.png,12anp2_20211228_164017_5416739361_600_800_mask.png,6739863.15
19,5,39,10,519,287,558,297,519,287,558,287,558,297,519,297,sub_line_text,table_text,table_2,arial,bold,8.0,12anp2_20211228_164017_5416739361_600_800.png,/scratch/parceirosbr/bigoilict/share/BigOil/document_generator/datasets/documents_2021_12_28/12anp2_20211228_164017_5416739361_600_800.png,12anp2_20211228_164017_5416739361_600_800_mask.png,6739863.15
19,5,39,10,519,300,558,310,519,300,558,300,558,310,519,310,text,table_text,table_2,arial,bold,8.0,12anp2_20211228_164017_5416739361_600_800.png,/scratch/parceirosbr/bigoilict/share/BigOil/document_generator/datasets/documents_2021_12_28/12anp2_20211228_164017_5416739361_600_800.png,12anp2_20211228_164017_5416739361_600_800_mask.png,5651535.15
19,5,39,10,519,300,558,310,519,300,558,300,558,310,519,310,sub_line_text,table_text,table_2,arial,bold,8.0,12anp2_20211228_164017_5416739361_600_800.png,/scratch/parceirosbr/bigoilict/share/BigOil/document_generator/datasets/documents_2021_12_28/12anp2_20211228_164017_5416739361_600_800.png,12anp2_20211228_164017_5416739361_600_800_mask.png,5651535.15
19,5,39,10,519,313,558,323,519,313,558,313,558,323,519,323,text,table_text,table_2,arial,bold,8.0,12anp2_20211228_164017_5416739361_600_800.png,/scratch/parceirosbr/bigoilict/share/BigOil/document_generator/datasets/documents_2021_12_28/12anp2_20211228_164017_5416739361_600_800.png,12anp2_20211228_164017_5416739361_600_800_mask.png,8184548.07
19,5,39,10,519,313,558,323,519,313,558,313,558,323,519,323,sub_line_text,table_text,table_2,arial,bold,8.0,12anp2_20211228_164017_5416739361_600_800.png,/scratch/parceirosbr/bigoilict/share/BigOil/document_generator/datasets/documents_2021_12_28/12anp2_20211228_164017_5416739361_600_800.png,12anp2_20211228_164017_5416739361_600_800_mask.png,8184548.07
254,106,508,212,55,375,563,587,55,375,563,375,563,587,55,587,table,table_image,table_3,,,,12anp2_20211228_164017_5416739361_600_800.png,/scratch/parceirosbr/bigoilict/share/BigOil/document_generator/datasets/documents_2021_12_28/12anp2_20211228_164017_5416739361_600_800.png,12anp2_20211228_164017_5416739361_600_800_mask.png,output/gen_tab_20211228_164022_4526447464.png
22,4,45,9,511,380,556,389,511,380,556,380,556,389,511,389,text,table_text,table_3,courier,regular,8.0,12anp2_20211228_164017_5416739361_600_800.png,/scratch/parceirosbr/bigoilict/share/BigOil/document_generator/datasets/documents_2021_12_28/12anp2_20211228_164017_5416739361_600_800.png,12anp2_20211228_164017_5416739361_600_800_mask.png,realizado
22,4,45,9,511,380,556,389,511,380,556,380,556,389,511,389,sub_line_text,table_text,table_3,courier,regular,8.0,12anp2_20211228_164017_5416739361_600_800.png,/scratch/parceirosbr/bigoilict/share/BigOil/document_generator/datasets/documents_2021_12_28/12anp2_20211228_164017_5416739361_600_800.png,12anp2_20211228_164017_5416739361_600_800_mask.png,realizado
20,4,40,9,66,392,106,401,66,392,106,392,106,401,66,401,text,table_text,table_3,courier,regular,8.0,12anp2_20211228_164017_5416739361_600_800.png,/scratch/parceirosbr/bigoilict/share/BigOil/document_generator/datasets/documents_2021_12_28/12anp2_20211228_164017_5416739361_600_800.png,12anp2_20211228_164017_5416739361_600_800_mask.png,253495.8
20,4,40,9,66,392,106,401,66,392,106,392,106,401,66,401,sub_line_text,table_text,table_3,courier,regular,8.0,12anp2_20211228_164017_5416739361_600_800.png,/scratch/parceirosbr/bigoilict/share/BigOil/document_generator/datasets/documents_2021_12_28/12anp2_20211228_164017_5416739361_600_800.png,12anp2_20211228_164017_5416739361_600_800_mask.png,253495.8
20,4,40,9,66,404,106,413,66,404,106,404,106,413,66,413,text,table_text,table_3,courier,regular,8.0,12anp2_20211228_164017_5416739361_600_800.png,/scratch/parceirosbr/bigoilict/share/BigOil/document_generator/datasets/documents_2021_12_28/12anp2_20211228_164017_5416739361_600_800.png,12anp2_20211228_164017_5416739361_600_800_mask.png,503876.7
20,4,40,9,66,404,106,413,66,404,106,404,106,413,66,413,sub_line_text,table_text,table_3,courier,regular,8.0,12anp2_20211228_164017_5416739361_600_800.png,/scratch/parceirosbr/bigoilict/share/BigOil/document_generator/datasets/documents_2021_12_28/12anp2_20211228_164017_5416739361_600_800.png,12anp2_20211228_164017_5416739361_600_800_mask.png,503876.7
20,4,40,9,66,416,106,425,66,416,106,416,106,425,66,425,text,table_text,table_3,courier,regular,8.0,12anp2_20211228_164017_5416739361_600_800.png,/scratch/parceirosbr/bigoilict/share/BigOil/document_generator/datasets/documents_2021_12_28/12anp2_20211228_164017_5416739361_600_800.png,12anp2_20211228_164017_5416739361_600_800_mask.png,407026.1
20,4,40,9,66,416,106,425,66,416,106,416,106,425,66,425,sub_line_text,table_text,table_3,courier,regular,8.0,12anp2_20211228_164017_5416739361_600_800.png,/scratch/parceirosbr/bigoilict/share/BigOil/document_generator/datasets/documents_2021_12_28/12anp2_20211228_164017_5416739361_600_800.png,12anp2_20211228_164017_5416739361_600_800_mask.png,407026.1
20,4,40,9,66,428,106,437,66,428,106,428,106,437,66,437,text,table_text,table_3,courier,regular,8.0,12anp2_20211228_164017_5416739361_600_800.png,/scratch/parceirosbr/bigoilict/share/BigOil/document_generator/datasets/documents_2021_12_28/12anp2_20211228_164017_5416739361_600_800.png,12anp2_20211228_164017_5416739361_600_800_mask.png,860269.3
20,4,40,9,66,428,106,437,66,428,106,428,106,437,66,437,sub_line_text,table_text,table_3,courier,regular,8.0,12anp2_20211228_164017_5416739361_600_800.png,/scratch/parceirosbr/bigoilict/share/BigOil/document_generator/datasets/documents_2021_12_28/12anp2_20211228_164017_5416739361_600_800.png,12anp2_20211228_164017_5416739361_600_800_mask.png,860269.3
20,4,40,9,66,440,106,449,66,440,106,440,106,449,66,449,text,table_text,table_3,courier,regular,8.0,12anp2_20211228_164017_5416739361_600_800.png,/scratch/parceirosbr/bigoilict/share/BigOil/document_generator/datasets/documents_2021_12_28/12anp2_20211228_164017_5416739361_600_800.png,12anp2_20211228_164017_5416739361_600_800_mask.png,210671.4
20,4,40,9,66,440,106,449,66,440,106,440,106,449,66,449,sub_line_text,table_text,table_3,courier,regular,8.0,12anp2_20211228_164017_5416739361_600_800.png,/scratch/parceirosbr/bigoilict/share/BigOil/document_generator/datasets/documents_2021_12_28/12anp2_20211228_164017_5416739361_600_800.png,12anp2_20211228_164017_5416739361_600_800_mask.png,210671.4
20,4,40,9,66,452,106,461,66,452,106,452,106,461,66,461,text,table_text,table_3,courier,regular,8.0,12anp2_20211228_164017_5416739361_600_800.png,/scratch/parceirosbr/bigoilict/share/BigOil/document_generator/datasets/documents_2021_12_28/12anp2_20211228_164017_5416739361_600_800.png,12anp2_20211228_164017_5416739361_600_800_mask.png,235860.8
20,4,40,9,66,452,106,461,66,452,106,452,106,461,66,461,sub_line_text,table_text,table_3,courier,regular,8.0,12anp2_20211228_164017_5416739361_600_800.png,/scratch/parceirosbr/bigoilict/share/BigOil/document_generator/datasets/documents_2021_12_28/12anp2_20211228_164017_5416739361_600_800.png,12anp2_20211228_164017_5416739361_600_800_mask.png,235860.8
20,4,40,9,66,464,106,473,66,464,106,464,106,473,66,473,text,table_text,table_3,courier,regular,8.0,12anp2_20211228_164017_5416739361_600_800.png,/scratch/parceirosbr/bigoilict/share/BigOil/document_generator/datasets/documents_2021_12_28/12anp2_20211228_164017_5416739361_600_800.png,12anp2_20211228_164017_5416739361_600_800_mask.png,585503.7
20,4,40,9,66,464,106,473,66,464,106,464,106,473,66,473,sub_line_text,table_text,table_3,courier,regular,8.0,12anp2_20211228_164017_5416739361_600_800.png,/scratch/parceirosbr/bigoilict/share/BigOil/document_generator/datasets/documents_2021_12_28/12anp2_20211228_164017_5416739361_600_800.png,12anp2_20211228_164017_5416739361_600_800_mask.png,585503.7
20,4,40,9,66,476,106,485,66,476,106,476,106,485,66,485,text,table_text,table_3,courier,regular,8.0,12anp2_20211228_164017_5416739361_600_800.png,/scratch/parceirosbr/bigoilict/share/BigOil/document_generator/datasets/documents_2021_12_28/12anp2_20211228_164017_5416739361_600_800.png,12anp2_20211228_164017_5416739361_600_800_mask.png,510856.8
20,4,40,9,66,476,106,485,66,476,106,476,106,485,66,485,sub_line_text,table_text,table_3,courier,regular,8.0,12anp2_20211228_164017_5416739361_600_800.png,/scratch/parceirosbr/bigoilict/share/BigOil/document_generator/datasets/documents_2021_12_28/12anp2_20211228_164017_5416739361_600_800.png,12anp2_20211228_164017_5416739361_600_800_mask.png,510856.8
20,4,40,9,66,488,106,497,66,488,106,488,106,497,66,497,text,table_text,table_3,courier,regular,8.0,12anp2_20211228_164017_5416739361_600_800.png,/scratch/parceirosbr/bigoilict/share/BigOil/document_generator/datasets/documents_2021_12_28/12anp2_20211228_164017_5416739361_600_800.png,12anp2_20211228_164017_5416739361_600_800_mask.png,813669.9
20,4,40,9,66,488,106,497,66,488,106,488,106,497,66,497,sub_line_text,table_text,table_3,courier,regular,8.0,12anp2_20211228_164017_5416739361_600_800.png,/scratch/parceirosbr/bigoilict/share/BigOil/document_generator/datasets/documents_2021_12_28/12anp2_20211228_164017_5416739361_600_800.png,12anp2_20211228_164017_5416739361_600_800_mask.png,813669.9
20,4,40,9,66,500,106,509,66,500,106,500,106,509,66,509,text,table_text,table_3,courier,regular,8.0,12anp2_20211228_164017_5416739361_600_800.png,/scratch/parceirosbr/bigoilict/share/BigOil/document_generator/datasets/documents_2021_12_28/12anp2_20211228_164017_5416739361_600_800.png,12anp2_20211228_164017_5416739361_600_800_mask.png,345897.0
20,4,40,9,66,500,106,509,66,500,106,500,106,509,66,509,sub_line_text,table_text,table_3,courier,regular,8.0,12anp2_20211228_164017_5416739361_600_800.png,/scratch/parceirosbr/bigoilict/share/BigOil/document_generator/datasets/documents_2021_12_28/12anp2_20211228_164017_5416739361_600_800.png,12anp2_20211228_164017_5416739361_600_800_mask.png,345897.0
20,4,40,9,66,512,106,521,66,512,106,512,106,521,66,521,text,table_text,table_3,courier,regular,8.0,12anp2_20211228_164017_5416739361_600_800.png,/scratch/parceirosbr/bigoilict/share/BigOil/document_generator/datasets/documents_2021_12_28/12anp2_20211228_164017_5416739361_600_800.png,12anp2_20211228_164017_5416739361_600_800_mask.png,575383.9
20,4,40,9,66,512,106,521,66,512,106,512,106,521,66,521,sub_line_text,table_text,table_3,courier,regular,8.0,12anp2_20211228_164017_5416739361_600_800.png,/scratch/parceirosbr/bigoilict/share/BigOil/document_generator/datasets/documents_2021_12_28/12anp2_20211228_164017_5416739361_600_800.png,12anp2_20211228_164017_5416739361_600_800_mask.png,575383.9
20,4,40,9,66,524,106,533,66,524,106,524,106,533,66,533,text,table_text,table_3,courier,regular,8.0,12anp2_20211228_164017_5416739361_600_800.png,/scratch/parceirosbr/bigoilict/share/BigOil/document_generator/datasets/documents_2021_12_28/12anp2_20211228_164017_5416739361_600_800.png,12anp2_20211228_164017_5416739361_600_800_mask.png,515916.7
20,4,40,9,66,524,106,533,66,524,106,524,106,533,66,533,sub_line_text,table_text,table_3,courier,regular,8.0,12anp2_20211228_164017_5416739361_600_800.png,/scratch/parceirosbr/bigoilict/share/BigOil/document_generator/datasets/documents_2021_12_28/12anp2_20211228_164017_5416739361_600_800.png,12anp2_20211228_164017_5416739361_600_800_mask.png,515916.7
20,4,40,9,66,536,106,545,66,536,106,536,106,545,66,545,text,table_text,table_3,courier,regular,8.0,12anp2_20211228_164017_5416739361_600_800.png,/scratch/parceirosbr/bigoilict/share/BigOil/document_generator/datasets/documents_2021_12_28/12anp2_20211228_164017_5416739361_600_800.png,12anp2_20211228_164017_5416739361_600_800_mask.png,765356.8
20,4,40,9,66,536,106,545,66,536,106,536,106,545,66,545,sub_line_text,table_text,table_3,courier,regular,8.0,12anp2_20211228_164017_5416739361_600_800.png,/scratch/parceirosbr/bigoilict/share/BigOil/document_generator/datasets/documents_2021_12_28/12anp2_20211228_164017_5416739361_600_800.png,12anp2_20211228_164017_5416739361_600_800_mask.png,765356.8
20,4,40,9,66,548,106,557,66,548,106,548,106,557,66,557,text,table_text,table_3,courier,regular,8.0,12anp2_20211228_164017_5416739361_600_800.png,/scratch/parceirosbr/bigoilict/share/BigOil/document_generator/datasets/documents_2021_12_28/12anp2_20211228_164017_5416739361_600_800.png,12anp2_20211228_164017_5416739361_600_800_mask.png,569930.4
20,4,40,9,66,548,106,557,66,548,106,548,106,557,66,557,sub_line_text,table_text,table_3,courier,regular,8.0,12anp2_20211228_164017_5416739361_600_800.png,/scratch/parceirosbr/bigoilict/share/BigOil/document_generator/datasets/documents_2021_12_28/12anp2_20211228_164017_5416739361_600_800.png,12anp2_20211228_164017_5416739361_600_800_mask.png,569930.4
20,4,40,9,66,560,106,569,66,560,106,560,106,569,66,569,text,table_text,table_3,courier,regular,8.0,12anp2_20211228_164017_5416739361_600_800.png,/scratch/parceirosbr/bigoilict/share/BigOil/document_generator/datasets/documents_2021_12_28/12anp2_20211228_164017_5416739361_600_800.png,12anp2_20211228_164017_5416739361_600_800_mask.png,894135.0
20,4,40,9,66,560,106,569,66,560,106,560,106,569,66,569,sub_line_text,table_text,table_3,courier,regular,8.0,12anp2_20211228_164017_5416739361_600_800.png,/scratch/parceirosbr/bigoilict/share/BigOil/document_generator/datasets/documents_2021_12_28/12anp2_20211228_164017_5416739361_600_800.png,12anp2_20211228_164017_5416739361_600_800_mask.png,894135.0
20,4,40,9,66,572,106,581,66,572,106,572,106,581,66,581,text,table_text,table_3,courier,regular,8.0,12anp2_20211228_164017_5416739361_600_800.png,/scratch/parceirosbr/bigoilict/share/BigOil/document_generator/datasets/documents_2021_12_28/12anp2_20211228_164017_5416739361_600_800.png,12anp2_20211228_164017_5416739361_600_800_mask.png,397500.4
20,4,40,9,66,572,106,581,66,572,106,572,106,581,66,581,sub_line_text,table_text,table_3,courier,regular,8.0,12anp2_20211228_164017_5416739361_600_800.png,/scratch/parceirosbr/bigoilict/share/BigOil/document_generator/datasets/documents_2021_12_28/12anp2_20211228_164017_5416739361_600_800.png,12anp2_20211228_164017_5416739361_600_800_mask.png,397500.4
15,4,30,9,115,392,145,401,115,392,145,392,145,401,115,401,text,table_text,table_3,courier,regular,8.0,12anp2_20211228_164017_5416739361_600_800.png,/scratch/parceirosbr/bigoilict/share/BigOil/document_generator/datasets/documents_2021_12_28/12anp2_20211228_164017_5416739361_600_800.png,12anp2_20211228_164017_5416739361_600_800_mask.png,muitas
15,4,30,9,115,392,145,401,115,392,145,392,145,401,115,401,sub_line_text,table_text,table_3,courier,regular,8.0,12anp2_20211228_164017_5416739361_600_800.png,/scratch/parceirosbr/bigoilict/share/BigOil/document_generator/datasets/documents_2021_12_28/12anp2_20211228_164017_5416739361_600_800.png,12anp2_20211228_164017_5416739361_600_800_mask.png,muitas
7,4,15,9,122,404,137,413,122,404,137,404,137,413,122,413,text,table_text,table_3,courier,regular,8.0,12anp2_20211228_164017_5416739361_600_800.png,/scratch/parceirosbr/bigoilict/share/BigOil/document_generator/datasets/documents_2021_12_28/12anp2_20211228_164017_5416739361_600_800.png,12anp2_20211228_164017_5416739361_600_800_mask.png,das
7,4,15,9,122,404,137,413,122,404,137,404,137,413,122,413,sub_line_text,table_text,table_3,courier,regular,8.0,12anp2_20211228_164017_5416739361_600_800.png,/scratch/parceirosbr/bigoilict/share/BigOil/document_generator/datasets/documents_2021_12_28/12anp2_20211228_164017_5416739361_600_800.png,12anp2_20211228_164017_5416739361_600_800_mask.png,das
10,4,20,9,119,416,139,425,119,416,139,416,139,425,119,425,text,table_text,table_3,courier,regular,8.0,12anp2_20211228_164017_5416739361_600_800.png,/scratch/parceirosbr/bigoilict/share/BigOil/document_generator/datasets/documents_2021_12_28/12anp2_20211228_164017_5416739361_600_800.png,12anp2_20211228_164017_5416739361_600_800_mask.png,grau
10,4,20,9,119,416,139,425,119,416,139,416,139,425,119,425,sub_line_text,table_text,table_3,courier,regular,8.0,12anp2_20211228_164017_5416739361_600_800.png,/scratch/parceirosbr/bigoilict/share/BigOil/document_generator/datasets/documents_2021_12_28/12anp2_20211228_164017_5416739361_600_800.png,12anp2_20211228_164017_5416739361_600_800_mask.png,grau
12,4,25,9,117,428,142,437,117,428,142,428,142,437,117,437,text,table_text,table_3,courier,regular,8.0,12anp2_20211228_164017_5416739361_600_800.png,/scratch/parceirosbr/bigoilict/share/BigOil/document_generator/datasets/documents_2021_12_28/12anp2_20211228_164017_5416739361_600_800.png,12anp2_20211228_164017_5416739361_600_800_mask.png,vista
12,4,25,9,117,428,142,437,117,428,142,428,142,437,117,437,sub_line_text,table_text,table_3,courier,regular,8.0,12anp2_20211228_164017_5416739361_600_800.png,/scratch/parceirosbr/bigoilict/share/BigOil/document_generator/datasets/documents_2021_12_28/12anp2_20211228_164017_5416739361_600_800.png,12anp2_20211228_164017_5416739361_600_800_mask.png,vista
12,4,25,9,117,440,142,449,117,440,142,440,142,449,117,449,text,table_text,table_3,courier,regular,8.0,12anp2_20211228_164017_5416739361_600_800.png,/scratch/parceirosbr/bigoilict/share/BigOil/document_generator/datasets/documents_2021_12_28/12anp2_20211228_164017_5416739361_600_800.png,12anp2_20211228_164017_5416739361_600_800_mask.png,vezes
12,4,25,9,117,440,142,449,117,440,142,440,142,449,117,449,sub_line_text,table_text,table_3,courier,regular,8.0,12anp2_20211228_164017_5416739361_600_800.png,/scratch/parceirosbr/bigoilict/share/BigOil/document_generator/datasets/documents_2021_12_28/12anp2_20211228_164017_5416739361_600_800.png,12anp2_20211228_164017_5416739361_600_800_mask.png,vezes
12,4,25,9,117,452,142,461,117,452,142,452,142,461,117,461,text,table_text,table_3,courier,regular,8.0,12anp2_20211228_164017_5416739361_600_800.png,/scratch/parceirosbr/bigoilict/share/BigOil/document_generator/datasets/documents_2021_12_28/12anp2_20211228_164017_5416739361_600_800.png,12anp2_20211228_164017_5416739361_600_800_mask.png,custo
12,4,25,9,117,452,142,461,117,452,142,452,142,461,117,461,sub_line_text,table_text,table_3,courier,regular,8.0,12anp2_20211228_164017_5416739361_600_800.png,/scratch/parceirosbr/bigoilict/share/BigOil/document_generator/datasets/documents_2021_12_28/12anp2_20211228_164017_5416739361_600_800.png,12anp2_20211228_164017_5416739361_600_800_mask.png,custo
10,4,20,9,119,464,139,473,119,464,139,464,139,473,119,473,text,table_text,table_3,courier,regular,8.0,12anp2_20211228_164017_5416739361_600_800.png,/scratch/parceirosbr/bigoilict/share/BigOil/document_generator/datasets/documents_2021_12_28/12anp2_20211228_164017_5416739361_600_800.png,12anp2_20211228_164017_5416739361_600_800_mask.png,este
10,4,20,9,119,464,139,473,119,464,139,464,139,473,119,473,sub_line_text,table_text,table_3,courier,regular,8.0,12anp2_20211228_164017_5416739361_600_800.png,/scratch/parceirosbr/bigoilict/share/BigOil/document_generator/datasets/documents_2021_12_28/12anp2_20211228_164017_5416739361_600_800.png,12anp2_20211228_164017_5416739361_600_800_mask.png,este
15,4,30,9,115,476,145,485,115,476,145,476,145,485,115,485,text,table_text,table_3,courier,regular,8.0,12anp2_20211228_164017_5416739361_600_800.png,/scratch/parceirosbr/bigoilict/share/BigOil/document_generator/datasets/documents_2021_12_28/12anp2_20211228_164017_5416739361_600_800.png,12anp2_20211228_164017_5416739361_600_800_mask.png,refino
15,4,30,9,115,476,145,485,115,476,145,476,145,485,115,485,sub_line_text,table_text,table_3,courier,regular,8.0,12anp2_20211228_164017_5416739361_600_800.png,/scratch/parceirosbr/bigoilict/share/BigOil/document_generator/datasets/documents_2021_12_28/12anp2_20211228_164017_5416739361_600_800.png,12anp2_20211228_164017_5416739361_600_800_mask.png,refino
12,4,25,9,117,488,142,497,117,488,142,488,142,497,117,497,text,table_text,table_3,courier,regular,8.0,12anp2_20211228_164017_5416739361_600_800.png,/scratch/parceirosbr/bigoilict/share/BigOil/document_generator/datasets/documents_2021_12_28/12anp2_20211228_164017_5416739361_600_800.png,12anp2_20211228_164017_5416739361_600_800_mask.png,fundo
12,4,25,9,117,488,142,497,117,488,142,488,142,497,117,497,sub_line_text,table_text,table_3,courier,regular,8.0,12anp2_20211228_164017_5416739361_600_800.png,/scratch/parceirosbr/bigoilict/share/BigOil/document_generator/datasets/documents_2021_12_28/12anp2_20211228_164017_5416739361_600_800.png,12anp2_20211228_164017_5416739361_600_800_mask.png,fundo
2,4,5,9,127,500,132,509,127,500,132,500,132,509,127,509,text,table_text,table_3,courier,regular,8.0,12anp2_20211228_164017_5416739361_600_800.png,/scratch/parceirosbr/bigoilict/share/BigOil/document_generator/datasets/documents_2021_12_28/12anp2_20211228_164017_5416739361_600_800.png,12anp2_20211228_164017_5416739361_600_800_mask.png,o
2,4,5,9,127,500,132,509,127,500,132,500,132,509,127,509,sub_line_text,table_text,table_3,courier,regular,8.0,12anp2_20211228_164017_5416739361_600_800.png,/scratch/parceirosbr/bigoilict/share/BigOil/document_generator/datasets/documents_2021_12_28/12anp2_20211228_164017_5416739361_600_800.png,12anp2_20211228_164017_5416739361_600_800_mask.png,o
15,4,30,9,115,512,145,521,115,512,145,512,145,521,115,521,text,table_text,table_3,courier,regular,8.0,12anp2_20211228_164017_5416739361_600_800.png,/scratch/parceirosbr/bigoilict/share/BigOil/document_generator/datasets/documents_2021_12_28/12anp2_20211228_164017_5416739361_600_800.png,12anp2_20211228_164017_5416739361_600_800_mask.png,custos
15,4,30,9,115,512,145,521,115,512,145,512,145,521,115,521,sub_line_text,table_text,table_3,courier,regular,8.0,12anp2_20211228_164017_5416739361_600_800.png,/scratch/parceirosbr/bigoilict/share/BigOil/document_generator/datasets/documents_2021_12_28/12anp2_20211228_164017_5416739361_600_800.png,12anp2_20211228_164017_5416739361_600_800_mask.png,custos
5,4,10,9,125,524,135,533,125,524,135,524,135,533,125,533,text,table_text,table_3,courier,regular,8.0,12anp2_20211228_164017_5416739361_600_800.png,/scratch/parceirosbr/bigoilict/share/BigOil/document_generator/datasets/documents_2021_12_28/12anp2_20211228_164017_5416739361_600_800.png,12anp2_20211228_164017_5416739361_600_800_mask.png,da
5,4,10,9,125,524,135,533,125,524,135,524,135,533,125,533,sub_line_text,table_text,table_3,courier,regular,8.0,12anp2_20211228_164017_5416739361_600_800.png,/scratch/parceirosbr/bigoilict/share/BigOil/document_generator/datasets/documents_2021_12_28/12anp2_20211228_164017_5416739361_600_800.png,12anp2_20211228_164017_5416739361_600_800_mask.png,da
7,4,15,9,122,536,137,545,122,536,137,536,137,545,122,545,text,table_text,table_3,courier,regular,8.0,12anp2_20211228_164017_5416739361_600_800.png,/scratch/parceirosbr/bigoilict/share/BigOil/document_generator/datasets/documents_2021_12_28/12anp2_20211228_164017_5416739361_600_800.png,12anp2_20211228_164017_5416739361_600_800_mask.png,uso
7,4,15,9,122,536,137,545,122,536,137,536,137,545,122,545,sub_line_text,table_text,table_3,courier,regular,8.0,12anp2_20211228_164017_5416739361_600_800.png,/scratch/parceirosbr/bigoilict/share/BigOil/document_generator/datasets/documents_2021_12_28/12anp2_20211228_164017_5416739361_600_800.png,12anp2_20211228_164017_5416739361_600_800_mask.png,uso
7,4,15,9,122,548,137,557,122,548,137,548,137,557,122,557,text,table_text,table_3,courier,regular,8.0,12anp2_20211228_164017_5416739361_600_800.png,/scratch/parceirosbr/bigoilict/share/BigOil/document_generator/datasets/documents_2021_12_28/12anp2_20211228_164017_5416739361_600_800.png,12anp2_20211228_164017_5416739361_600_800_mask.png,são
7,4,15,9,122,548,137,557,122,548,137,548,137,557,122,557,sub_line_text,table_text,table_3,courier,regular,8.0,12anp2_20211228_164017_5416739361_600_800.png,/scratch/parceirosbr/bigoilict/share/BigOil/document_generator/datasets/documents_2021_12_28/12anp2_20211228_164017_5416739361_600_800.png,12anp2_20211228_164017_5416739361_600_800_mask.png,são
12,4,25,9,117,560,142,569,117,560,142,560,142,569,117,569,text,table_text,table_3,courier,regular,8.0,12anp2_20211228_164017_5416739361_600_800.png,/scratch/parceirosbr/bigoilict/share/BigOil/document_generator/datasets/documents_2021_12_28/12anp2_20211228_164017_5416739361_600_800.png,12anp2_20211228_164017_5416739361_600_800_mask.png,berço
12,4,25,9,117,560,142,569,117,560,142,560,142,569,117,569,sub_line_text,table_text,table_3,courier,regular,8.0,12anp2_20211228_164017_5416739361_600_800.png,/scratch/parceirosbr/bigoilict/share/BigOil/document_generator/datasets/documents_2021_12_28/12anp2_20211228_164017_5416739361_600_800.png,12anp2_20211228_164017_5416739361_600_800_mask.png,berço
10,4,20,9,119,572,139,581,119,572,139,572,139,581,119,581,text,table_text,table_3,courier,regular,8.0,12anp2_20211228_164017_5416739361_600_800.png,/scratch/parceirosbr/bigoilict/share/BigOil/document_generator/datasets/documents_2021_12_28/12anp2_20211228_164017_5416739361_600_800.png,12anp2_20211228_164017_5416739361_600_800_mask.png,dito
10,4,20,9,119,572,139,581,119,572,139,572,139,581,119,581,sub_line_text,table_text,table_3,courier,regular,8.0,12anp2_20211228_164017_5416739361_600_800.png,/scratch/parceirosbr/bigoilict/share/BigOil/document_generator/datasets/documents_2021_12_28/12anp2_20211228_164017_5416739361_600_800.png,12anp2_20211228_164017_5416739361_600_800_mask.png,dito
7,4,15,9,172,392,187,401,172,392,187,392,187,401,172,401,text,table_text,table_3,courier,regular,8.0,12anp2_20211228_164017_5416739361_600_800.png,/scratch/parceirosbr/bigoilict/share/BigOil/document_generator/datasets/documents_2021_12_28/12anp2_20211228_164017_5416739361_600_800.png,12anp2_20211228_164017_5416739361_600_800_mask.png,ser
7,4,15,9,172,392,187,401,172,392,187,392,187,401,172,401,sub_line_text,table_text,table_3,courier,regular,8.0,12anp2_20211228_164017_5416739361_600_800.png,/scratch/parceirosbr/bigoilict/share/BigOil/document_generator/datasets/documents_2021_12_28/12anp2_20211228_164017_5416739361_600_800.png,12anp2_20211228_164017_5416739361_600_800_mask.png,ser
15,4,30,9,165,404,195,413,165,404,195,404,195,413,165,413,text,table_text,table_3,courier,regular,8.0,12anp2_20211228_164017_5416739361_600_800.png,/scratch/parceirosbr/bigoilict/share/BigOil/document_generator/datasets/documents_2021_12_28/12anp2_20211228_164017_5416739361_600_800.png,12anp2_20211228_164017_5416739361_600_800_mask.png,etanol
15,4,30,9,165,404,195,413,165,404,195,404,195,413,165,413,sub_line_text,table_text,table_3,courier,regular,8.0,12anp2_20211228_164017_5416739361_600_800.png,/scratch/parceirosbr/bigoilict/share/BigOil/document_generator/datasets/documents_2021_12_28/12anp2_20211228_164017_5416739361_600_800.png,12anp2_20211228_164017_5416739361_600_800_mask.png,etanol
17,4,35,9,162,416,197,425,162,416,197,416,197,425,162,425,text,table_text,table_3,courier,regular,8.0,12anp2_20211228_164017_5416739361_600_800.png,/scratch/parceirosbr/bigoilict/share/BigOil/document_generator/datasets/documents_2021_12_28/12anp2_20211228_164017_5416739361_600_800.png,12anp2_20211228_164017_5416739361_600_800_mask.png,projeto
17,4,35,9,162,416,197,425,162,416,197,416,197,425,162,425,sub_line_text,table_text,table_3,courier,regular,8.0,12anp2_20211228_164017_5416739361_600_800.png,/scratch/parceirosbr/bigoilict/share/BigOil/document_generator/datasets/documents_2021_12_28/12anp2_20211228_164017_5416739361_600_800.png,12anp2_20211228_164017_5416739361_600_800_mask.png,projeto
17,4,35,9,162,428,197,437,162,428,197,428,197,437,162,437,text,table_text,table_3,courier,regular,8.0,12anp2_20211228_164017_5416739361_600_800.png,/scratch/parceirosbr/bigoilict/share/BigOil/document_generator/datasets/documents_2021_12_28/12anp2_20211228_164017_5416739361_600_800.png,12anp2_20211228_164017_5416739361_600_800_mask.png,grandes
17,4,35,9,162,428,197,437,162,428,197,428,197,437,162,437,sub_line_text,table_text,table_3,courier,regular,8.0,12anp2_20211228_164017_5416739361_600_800.png,/scratch/parceirosbr/bigoilict/share/BigOil/document_generator/datasets/documents_2021_12_28/12anp2_20211228_164017_5416739361_600_800.png,12anp2_20211228_164017_5416739361_600_800_mask.png,grandes
2,4,5,9,177,440,182,449,177,440,182,440,182,449,177,449,text,table_text,table_3,courier,regular,8.0,12anp2_20211228_164017_5416739361_600_800.png,/scratch/parceirosbr/bigoilict/share/BigOil/document_generator/datasets/documents_2021_12_28/12anp2_20211228_164017_5416739361_600_800.png,12anp2_20211228_164017_5416739361_600_800_mask.png,e
2,4,5,9,177,440,182,449,177,440,182,440,182,449,177,449,sub_line_text,table_text,table_3,courier,regular,8.0,12anp2_20211228_164017_5416739361_600_800.png,/scratch/parceirosbr/bigoilict/share/BigOil/document_generator/datasets/documents_2021_12_28/12anp2_20211228_164017_5416739361_600_800.png,12anp2_20211228_164017_5416739361_600_800_mask.png,e
15,4,30,9,165,452,195,461,165,452,195,452,195,461,165,461,text,table_text,table_3,courier,regular,8.0,12anp2_20211228_164017_5416739361_600_800.png,/scratch/parceirosbr/bigoilict/share/BigOil/document_generator/datasets/documents_2021_12_28/12anp2_20211228_164017_5416739361_600_800.png,12anp2_20211228_164017_5416739361_600_800_mask.png,devido
15,4,30,9,165,452,195,461,165,452,195,452,195,461,165,461,sub_line_text,table_text,table_3,courier,regular,8.0,12anp2_20211228_164017_5416739361_600_800.png,/scratch/parceirosbr/bigoilict/share/BigOil/document_generator/datasets/documents_2021_12_28/12anp2_20211228_164017_5416739361_600_800.png,12anp2_20211228_164017_5416739361_600_800_mask.png,devido
12,4,25,9,167,464,192,473,167,464,192,464,192,473,167,473,text,table_text,table_3,courier,regular,8.0,12anp2_20211228_164017_5416739361_600_800.png,/scratch/parceirosbr/bigoilict/share/BigOil/document_generator/datasets/documents_2021_12_28/12anp2_20211228_164017_5416739361_600_800.png,12anp2_20211228_164017_5416739361_600_800_mask.png,berço
12,4,25,9,167,464,192,473,167,464,192,464,192,473,167,473,sub_line_text,table_text,table_3,courier,regular,8.0,12anp2_20211228_164017_5416739361_600_800.png,/scratch/parceirosbr/bigoilict/share/BigOil/document_generator/datasets/documents_2021_12_28/12anp2_20211228_164017_5416739361_600_800.png,12anp2_20211228_164017_5416739361_600_800_mask.png,berço
20,4,40,9,159,476,199,485,159,476,199,476,199,485,159,485,text,table_text,table_3,courier,regular,8.0,12anp2_20211228_164017_5416739361_600_800.png,/scratch/parceirosbr/bigoilict/share/BigOil/document_generator/datasets/documents_2021_12_28/12anp2_20211228_164017_5416739361_600_800.png,12anp2_20211228_164017_5416739361_600_800_mask.png,resultou
20,4,40,9,159,476,199,485,159,476,199,476,199,485,159,485,sub_line_text,table_text,table_3,courier,regular,8.0,12anp2_20211228_164017_5416739361_600_800.png,/scratch/parceirosbr/bigoilict/share/BigOil/document_generator/datasets/documents_2021_12_28/12anp2_20211228_164017_5416739361_600_800.png,12anp2_20211228_164017_5416739361_600_800_mask.png,resultou
17,4,35,9,162,488,197,497,162,488,197,488,197,497,162,497,text,table_text,table_3,courier,regular,8.0,12anp2_20211228_164017_5416739361_600_800.png,/scratch/parceirosbr/bigoilict/share/BigOil/document_generator/datasets/documents_2021_12_28/12anp2_20211228_164017_5416739361_600_800.png,12anp2_20211228_164017_5416739361_600_800_mask.png,grandes
17,4,35,9,162,488,197,497,162,488,197,488,197,497,162,497,sub_line_text,table_text,table_3,courier,regular,8.0,12anp2_20211228_164017_5416739361_600_800.png,/scratch/parceirosbr/bigoilict/share/BigOil/document_generator/datasets/documents_2021_12_28/12anp2_20211228_164017_5416739361_600_800.png,12anp2_20211228_164017_5416739361_600_800_mask.png,grandes
20,4,40,9,159,500,199,509,159,500,199,500,199,509,159,509,text,table_text,table_3,courier,regular,8.0,12anp2_20211228_164017_5416739361_600_800.png,/scratch/parceirosbr/bigoilict/share/BigOil/document_generator/datasets/documents_2021_12_28/12anp2_20211228_164017_5416739361_600_800.png,12anp2_20211228_164017_5416739361_600_800_mask.png,trabalho
20,4,40,9,159,500,199,509,159,500,199,500,199,509,159,509,sub_line_text,table_text,table_3,courier,regular,8.0,12anp2_20211228_164017_5416739361_600_800.png,/scratch/parceirosbr/bigoilict/share/BigOil/document_generator/datasets/documents_2021_12_28/12anp2_20211228_164017_5416739361_600_800.png,12anp2_20211228_164017_5416739361_600_800_mask.png,trabalho
17,4,35,9,162,512,197,521,162,512,197,512,197,521,162,521,text,table_text,table_3,courier,regular,8.0,12anp2_20211228_164017_5416739361_600_800.png,/scratch/parceirosbr/bigoilict/share/BigOil/document_generator/datasets/documents_2021_12_28/12anp2_20211228_164017_5416739361_600_800.png,12anp2_20211228_164017_5416739361_600_800_mask.png,prática
17,4,35,9,162,512,197,521,162,512,197,512,197,521,162,521,sub_line_text,table_text,table_3,courier,regular,8.0,12anp2_20211228_164017_5416739361_600_800.png,/scratch/parceirosbr/bigoilict/share/BigOil/document_generator/datasets/documents_2021_12_28/12anp2_20211228_164017_5416739361_600_800.png,12anp2_20211228_164017_5416739361_600_800_mask.png,prática
17,4,35,9,162,524,197,533,162,524,197,524,197,533,162,533,text,table_text,table_3,courier,regular,8.0,12anp2_20211228_164017_5416739361_600_800.png,/scratch/parceirosbr/bigoilict/share/BigOil/document_generator/datasets/documents_2021_12_28/12anp2_20211228_164017_5416739361_600_800.png,12anp2_20211228_164017_5416739361_600_800_mask.png,grandes
17,4,35,9,162,524,197,533,162,524,197,524,197,533,162,533,sub_line_text,table_text,table_3,courier,regular,8.0,12anp2_20211228_164017_5416739361_600_800.png,/scratch/parceirosbr/bigoilict/share/BigOil/document_generator/datasets/documents_2021_12_28/12anp2_20211228_164017_5416739361_600_800.png,12anp2_20211228_164017_5416739361_600_800_mask.png,grandes
5,4,10,9,175,536,185,545,175,536,185,536,185,545,175,545,text,table_text,table_3,courier,regular,8.0,12anp2_20211228_164017_5416739361_600_800.png,/scratch/parceirosbr/bigoilict/share/BigOil/document_generator/datasets/documents_2021_12_28/12anp2_20211228_164017_5416739361_600_800.png,12anp2_20211228_164017_5416739361_600_800_mask.png,no
5,4,10,9,175,536,185,545,175,536,185,536,185,545,175,545,sub_line_text,table_text,table_3,courier,regular,8.0,12anp2_20211228_164017_5416739361_600_800.png,/scratch/parceirosbr/bigoilict/share/BigOil/document_generator/datasets/documents_2021_12_28/12anp2_20211228_164017_5416739361_600_800.png,12anp2_20211228_164017_5416739361_600_800_mask.png,no
22,4,45,9,157,548,202,557,157,548,202,548,202,557,157,557,text,table_text,table_3,courier,regular,8.0,12anp2_20211228_164017_5416739361_600_800.png,/scratch/parceirosbr/bigoilict/share/BigOil/document_generator/datasets/documents_2021_12_28/12anp2_20211228_164017_5416739361_600_800.png,12anp2_20211228_164017_5416739361_600_800_mask.png,comercial
22,4,45,9,157,548,202,557,157,548,202,548,202,557,157,557,sub_line_text,table_text,table_3,courier,regular,8.0,12anp2_20211228_164017_5416739361_600_800.png,/scratch/parceirosbr/bigoilict/share/BigOil/document_generator/datasets/documents_2021_12_28/12anp2_20211228_164017_5416739361_600_800.png,12anp2_20211228_164017_5416739361_600_800_mask.png,comercial
15,4,30,9,165,560,195,569,165,560,195,560,195,569,165,569,text,table_text,table_3,courier,regular,8.0,12anp2_20211228_164017_5416739361_600_800.png,/scratch/parceirosbr/bigoilict/share/BigOil/document_generator/datasets/documents_2021_12_28/12anp2_20211228_164017_5416739361_600_800.png,12anp2_20211228_164017_5416739361_600_800_mask.png,refino
15,4,30,9,165,560,195,569,165,560,195,560,195,569,165,569,sub_line_text,table_text,table_3,courier,regular,8.0,12anp2_20211228_164017_5416739361_600_800.png,/scratch/parceirosbr/bigoilict/share/BigOil/document_generator/datasets/documents_2021_12_28/12anp2_20211228_164017_5416739361_600_800.png,12anp2_20211228_164017_5416739361_600_800_mask.png,refino
20,4,40,9,159,572,199,581,159,572,199,572,199,581,159,581,text,table_text,table_3,courier,regular,8.0,12anp2_20211228_164017_5416739361_600_800.png,/scratch/parceirosbr/bigoilict/share/BigOil/document_generator/datasets/documents_2021_12_28/12anp2_20211228_164017_5416739361_600_800.png,12anp2_20211228_164017_5416739361_600_800_mask.png,completa
20,4,40,9,159,572,199,581,159,572,199,572,199,581,159,581,sub_line_text,table_text,table_3,courier,regular,8.0,12anp2_20211228_164017_5416739361_600_800.png,/scratch/parceirosbr/bigoilict/share/BigOil/document_generator/datasets/documents_2021_12_28/12anp2_20211228_164017_5416739361_600_800.png,12anp2_20211228_164017_5416739361_600_800_mask.png,completa
25,4,50,9,219,392,269,401,219,392,269,392,269,401,219,401,text,table_text,table_3,courier,regular,8.0,12anp2_20211228_164017_5416739361_600_800.png,/scratch/parceirosbr/bigoilict/share/BigOil/document_generator/datasets/documents_2021_12_28/12anp2_20211228_164017_5416739361_600_800.png,12anp2_20211228_164017_5416739361_600_800_mask.png,85098.8145
25,4,50,9,219,392,269,401,219,392,269,392,269,401,219,401,sub_line_text,table_text,table_3,courier,regular,8.0,12anp2_20211228_164017_5416739361_600_800.png,/scratch/parceirosbr/bigoilict/share/BigOil/document_generator/datasets/documents_2021_12_28/12anp2_20211228_164017_5416739361_600_800.png,12anp2_20211228_164017_5416739361_600_800_mask.png,85098.8145
27,4,55,9,214,404,269,413,214,404,269,404,269,413,214,413,text,table_text,table_3,courier,regular,8.0,12anp2_20211228_164017_5416739361_600_800.png,/scratch/parceirosbr/bigoilict/share/BigOil/document_generator/datasets/documents_2021_12_28/12anp2_20211228_164017_5416739361_600_800.png,12anp2_20211228_164017_5416739361_600_800_mask.png,985603.2721
27,4,55,9,214,404,269,413,214,404,269,404,269,413,214,413,sub_line_text,table_text,table_3,courier,regular,8.0,12anp2_20211228_164017_5416739361_600_800.png,/scratch/parceirosbr/bigoilict/share/BigOil/document_generator/datasets/documents_2021_12_28/12anp2_20211228_164017_5416739361_600_800.png,12anp2_20211228_164017_5416739361_600_800_mask.png,985603.2721
25,4,50,9,219,416,269,425,219,416,269,416,269,425,219,425,text,table_text,table_3,courier,regular,8.0,12anp2_20211228_164017_5416739361_600_800.png,/scratch/parceirosbr/bigoilict/share/BigOil/document_generator/datasets/documents_2021_12_28/12anp2_20211228_164017_5416739361_600_800.png,12anp2_20211228_164017_5416739361_600_800_mask.png,15717.2339
25,4,50,9,219,416,269,425,219,416,269,416,269,425,219,425,sub_line_text,table_text,table_3,courier,regular,8.0,12anp2_20211228_164017_5416739361_600_800.png,/scratch/parceirosbr/bigoilict/share/BigOil/document_generator/datasets/documents_2021_12_28/12anp2_20211228_164017_5416739361_600_800.png,12anp2_20211228_164017_5416739361_600_800_mask.png,15717.2339
27,4,55,9,214,428,269,437,214,428,269,428,269,437,214,437,text,table_text,table_3,courier,regular,8.0,12anp2_20211228_164017_5416739361_600_800.png,/scratch/parceirosbr/bigoilict/share/BigOil/document_generator/datasets/documents_2021_12_28/12anp2_20211228_164017_5416739361_600_800.png,12anp2_20211228_164017_5416739361_600_800_mask.png,425590.2436
27,4,55,9,214,428,269,437,214,428,269,428,269,437,214,437,sub_line_text,table_text,table_3,courier,regular,8.0,12anp2_20211228_164017_5416739361_600_800.png,/scratch/parceirosbr/bigoilict/share/BigOil/document_generator/datasets/documents_2021_12_28/12anp2_20211228_164017_5416739361_600_800.png,12anp2_20211228_164017_5416739361_600_800_mask.png,425590.2436
25,4,50,9,219,440,269,449,219,440,269,440,269,449,219,449,text,table_text,table_3,courier,regular,8.0,12anp2_20211228_164017_5416739361_600_800.png,/scratch/parceirosbr/bigoilict/share/BigOil/document_generator/datasets/documents_2021_12_28/12anp2_20211228_164017_5416739361_600_800.png,12anp2_20211228_164017_5416739361_600_800_mask.png,26595.3746
25,4,50,9,219,440,269,449,219,440,269,440,269,449,219,449,sub_line_text,table_text,table_3,courier,regular,8.0,12anp2_20211228_164017_5416739361_600_800.png,/scratch/parceirosbr/bigoilict/share/BigOil/document_generator/datasets/documents_2021_12_28/12anp2_20211228_164017_5416739361_600_800.png,12anp2_20211228_164017_5416739361_600_800_mask.png,26595.3746
25,4,50,9,219,452,269,461,219,452,269,452,269,461,219,461,text,table_text,table_3,courier,regular,8.0,12anp2_20211228_164017_5416739361_600_800.png,/scratch/parceirosbr/bigoilict/share/BigOil/document_generator/datasets/documents_2021_12_28/12anp2_20211228_164017_5416739361_600_800.png,12anp2_20211228_164017_5416739361_600_800_mask.png,42442.1269
25,4,50,9,219,452,269,461,219,452,269,452,269,461,219,461,sub_line_text,table_text,table_3,courier,regular,8.0,12anp2_20211228_164017_5416739361_600_800.png,/scratch/parceirosbr/bigoilict/share/BigOil/document_generator/datasets/documents_2021_12_28/12anp2_20211228_164017_5416739361_600_800.png,12anp2_20211228_164017_5416739361_600_800_mask.png,42442.1269
25,4,50,9,219,464,269,473,219,464,269,464,269,473,219,473,text,table_text,table_3,courier,regular,8.0,12anp2_20211228_164017_5416739361_600_800.png,/scratch/parceirosbr/bigoilict/share/BigOil/document_generator/datasets/documents_2021_12_28/12anp2_20211228_164017_5416739361_600_800.png,12anp2_20211228_164017_5416739361_600_800_mask.png,52076.1941
25,4,50,9,219,464,269,473,219,464,269,464,269,473,219,473,sub_line_text,table_text,table_3,courier,regular,8.0,12anp2_20211228_164017_5416739361_600_800.png,/scratch/parceirosbr/bigoilict/share/BigOil/document_generator/datasets/documents_2021_12_28/12anp2_20211228_164017_5416739361_600_800.png,12anp2_20211228_164017_5416739361_600_800_mask.png,52076.1941
27,4,55,9,214,476,269,485,214,476,269,476,269,485,214,485,text,table_text,table_3,courier,regular,8.0,12anp2_20211228_164017_5416739361_600_800.png,/scratch/parceirosbr/bigoilict/share/BigOil/document_generator/datasets/documents_2021_12_28/12anp2_20211228_164017_5416739361_600_800.png,12anp2_20211228_164017_5416739361_600_800_mask.png,528110.6962
27,4,55,9,214,476,269,485,214,476,269,476,269,485,214,485,sub_line_text,table_text,table_3,courier,regular,8.0,12anp2_20211228_164017_5416739361_600_800.png,/scratch/parceirosbr/bigoilict/share/BigOil/document_generator/datasets/documents_2021_12_28/12anp2_20211228_164017_5416739361_600_800.png,12anp2_20211228_164017_5416739361_600_800_mask.png,528110.6962
25,4,50,9,219,488,269,497,219,488,269,488,269,497,219,497,text,table_text,table_3,courier,regular,8.0,12anp2_20211228_164017_5416739361_600_800.png,/scratch/parceirosbr/bigoilict/share/BigOil/document_generator/datasets/documents_2021_12_28/12anp2_20211228_164017_5416739361_600_800.png,12anp2_20211228_164017_5416739361_600_800_mask.png,72889.5505
25,4,50,9,219,488,269,497,219,488,269,488,269,497,219,497,sub_line_text,table_text,table_3,courier,regular,8.0,12anp2_20211228_164017_5416739361_600_800.png,/scratch/parceirosbr/bigoilict/share/BigOil/document_generator/datasets/documents_2021_12_28/12anp2_20211228_164017_5416739361_600_800.png,12anp2_20211228_164017_5416739361_600_800_mask.png,72889.5505
25,4,50,9,219,500,269,509,219,500,269,500,269,509,219,509,text,table_text,table_3,courier,regular,8.0,12anp2_20211228_164017_5416739361_600_800.png,/scratch/parceirosbr/bigoilict/share/BigOil/document_generator/datasets/documents_2021_12_28/12anp2_20211228_164017_5416739361_600_800.png,12anp2_20211228_164017_5416739361_600_800_mask.png,74267.0275
25,4,50,9,219,500,269,509,219,500,269,500,269,509,219,509,sub_line_text,table_text,table_3,courier,regular,8.0,12anp2_20211228_164017_5416739361_600_800.png,/scratch/parceirosbr/bigoilict/share/BigOil/document_generator/datasets/documents_2021_12_28/12anp2_20211228_164017_5416739361_600_800.png,12anp2_20211228_164017_5416739361_600_800_mask.png,74267.0275
27,4,55,9,214,512,269,521,214,512,269,512,269,521,214,521,text,table_text,table_3,courier,regular,8.0,12anp2_20211228_164017_5416739361_600_800.png,/scratch/parceirosbr/bigoilict/share/BigOil/document_generator/datasets/documents_2021_12_28/12anp2_20211228_164017_5416739361_600_800.png,12anp2_20211228_164017_5416739361_600_800_mask.png,107202.1709
27,4,55,9,214,512,269,521,214,512,269,512,269,521,214,521,sub_line_text,table_text,table_3,courier,regular,8.0,12anp2_20211228_164017_5416739361_600_800.png,/scratch/parceirosbr/bigoilict/share/BigOil/document_generator/datasets/documents_2021_12_28/12anp2_20211228_164017_5416739361_600_800.png,12anp2_20211228_164017_5416739361_600_800_mask.png,107202.1709
27,4,55,9,214,524,269,533,214,524,269,524,269,533,214,533,text,table_text,table_3,courier,regular,8.0,12anp2_20211228_164017_5416739361_600_800.png,/scratch/parceirosbr/bigoilict/share/BigOil/document_generator/datasets/documents_2021_12_28/12anp2_20211228_164017_5416739361_600_800.png,12anp2_20211228_164017_5416739361_600_800_mask.png,152847.9857
27,4,55,9,214,524,269,533,214,524,269,524,269,533,214,533,sub_line_text,table_text,table_3,courier,regular,8.0,12anp2_20211228_164017_5416739361_600_800.png,/scratch/parceirosbr/bigoilict/share/BigOil/document_generator/datasets/documents_2021_12_28/12anp2_20211228_164017_5416739361_600_800.png,12anp2_20211228_164017_5416739361_600_800_mask.png,152847.9857
25,4,50,9,219,536,269,545,219,536,269,536,269,545,219,545,text,table_text,table_3,courier,regular,8.0,12anp2_20211228_164017_5416739361_600_800.png,/scratch/parceirosbr/bigoilict/share/BigOil/document_generator/datasets/documents_2021_12_28/12anp2_20211228_164017_5416739361_600_800.png,12anp2_20211228_164017_5416739361_600_800_mask.png,54267.1026
25,4,50,9,219,536,269,545,219,536,269,536,269,545,219,545,sub_line_text,table_text,table_3,courier,regular,8.0,12anp2_20211228_164017_5416739361_600_800.png,/scratch/parceirosbr/bigoilict/share/BigOil/document_generator/datasets/documents_2021_12_28/12anp2_20211228_164017_5416739361_600_800.png,12anp2_20211228_164017_5416739361_600_800_mask.png,54267.1026
25,4,50,9,219,548,269,557,219,548,269,548,269,557,219,557,text,table_text,table_3,courier,regular,8.0,12anp2_20211228_164017_5416739361_600_800.png,/scratch/parceirosbr/bigoilict/share/BigOil/document_generator/datasets/documents_2021_12_28/12anp2_20211228_164017_5416739361_600_800.png,12anp2_20211228_164017_5416739361_600_800_mask.png,32185.6478
25,4,50,9,219,548,269,557,219,548,269,548,269,557,219,557,sub_line_text,table_text,table_3,courier,regular,8.0,12anp2_20211228_164017_5416739361_600_800.png,/scratch/parceirosbr/bigoilict/share/BigOil/document_generator/datasets/documents_2021_12_28/12anp2_20211228_164017_5416739361_600_800.png,12anp2_20211228_164017_5416739361_600_800_mask.png,32185.6478
25,4,50,9,219,560,269,569,219,560,269,560,269,569,219,569,text,table_text,table_3,courier,regular,8.0,12anp2_20211228_164017_5416739361_600_800.png,/scratch/parceirosbr/bigoilict/share/BigOil/document_generator/datasets/documents_2021_12_28/12anp2_20211228_164017_5416739361_600_800.png,12anp2_20211228_164017_5416739361_600_800_mask.png,76612.5641
25,4,50,9,219,560,269,569,219,560,269,560,269,569,219,569,sub_line_text,table_text,table_3,courier,regular,8.0,12anp2_20211228_164017_5416739361_600_800.png,/scratch/parceirosbr/bigoilict/share/BigOil/document_generator/datasets/documents_2021_12_28/12anp2_20211228_164017_5416739361_600_800.png,12anp2_20211228_164017_5416739361_600_800_mask.png,76612.5641
25,4,50,9,219,572,269,581,219,572,269,572,269,581,219,581,text,table_text,table_3,courier,regular,8.0,12anp2_20211228_164017_5416739361_600_800.png,/scratch/parceirosbr/bigoilict/share/BigOil/document_generator/datasets/documents_2021_12_28/12anp2_20211228_164017_5416739361_600_800.png,12anp2_20211228_164017_5416739361_600_800_mask.png,86542.2986
25,4,50,9,219,572,269,581,219,572,269,572,269,581,219,581,sub_line_text,table_text,table_3,courier,regular,8.0,12anp2_20211228_164017_5416739361_600_800.png,/scratch/parceirosbr/bigoilict/share/BigOil/document_generator/datasets/documents_2021_12_28/12anp2_20211228_164017_5416739361_600_800.png,12anp2_20211228_164017_5416739361_600_800_mask.png,86542.2986
17,4,35,9,281,392,316,401,281,392,316,392,316,401,281,401,text,table_text,table_3,courier,regular,8.0,12anp2_20211228_164017_5416739361_600_800.png,/scratch/parceirosbr/bigoilict/share/BigOil/document_generator/datasets/documents_2021_12_28/12anp2_20211228_164017_5416739361_600_800.png,12anp2_20211228_164017_5416739361_600_800_mask.png,933.394
17,4,35,9,281,392,316,401,281,392,316,392,316,401,281,401,sub_line_text,table_text,table_3,courier,regular,8.0,12anp2_20211228_164017_5416739361_600_800.png,/scratch/parceirosbr/bigoilict/share/BigOil/document_generator/datasets/documents_2021_12_28/12anp2_20211228_164017_5416739361_600_800.png,12anp2_20211228_164017_5416739361_600_800_mask.png,933.394
17,4,35,9,281,404,316,413,281,404,316,404,316,413,281,413,text,table_text,table_3,courier,regular,8.0,12anp2_20211228_164017_5416739361_600_800.png,/scratch/parceirosbr/bigoilict/share/BigOil/document_generator/datasets/documents_2021_12_28/12anp2_20211228_164017_5416739361_600_800.png,12anp2_20211228_164017_5416739361_600_800_mask.png,618.199
17,4,35,9,281,404,316,413,281,404,316,404,316,413,281,413,sub_line_text,table_text,table_3,courier,regular,8.0,12anp2_20211228_164017_5416739361_600_800.png,/scratch/parceirosbr/bigoilict/share/BigOil/document_generator/datasets/documents_2021_12_28/12anp2_20211228_164017_5416739361_600_800.png,12anp2_20211228_164017_5416739361_600_800_mask.png,618.199
12,4,25,9,291,416,316,425,291,416,316,416,316,425,291,425,text,table_text,table_3,courier,regular,8.0,12anp2_20211228_164017_5416739361_600_800.png,/scratch/parceirosbr/bigoilict/share/BigOil/document_generator/datasets/documents_2021_12_28/12anp2_20211228_164017_5416739361_600_800.png,12anp2_20211228_164017_5416739361_600_800_mask.png,8.394
12,4,25,9,291,416,316,425,291,416,316,416,316,425,291,425,sub_line_text,table_text,table_3,courier,regular,8.0,12anp2_20211228_164017_5416739361_600_800.png,/scratch/parceirosbr/bigoilict/share/BigOil/document_generator/datasets/documents_2021_12_28/12anp2_20211228_164017_5416739361_600_800.png,12anp2_20211228_164017_5416739361_600_800_mask.png,8.394
12,4,25,9,291,428,316,437,291,428,316,428,316,437,291,437,text,table_text,table_3,courier,regular,8.0,12anp2_20211228_164017_5416739361_600_800.png,/scratch/parceirosbr/bigoilict/share/BigOil/document_generator/datasets/documents_2021_12_28/12anp2_20211228_164017_5416739361_600_800.png,12anp2_20211228_164017_5416739361_600_800_mask.png,4.950
12,4,25,9,291,428,316,437,291,428,316,428,316,437,291,437,sub_line_text,table_text,table_3,courier,regular,8.0,12anp2_20211228_164017_5416739361_600_800.png,/scratch/parceirosbr/bigoilict/share/BigOil/document_generator/datasets/documents_2021_12_28/12anp2_20211228_164017_5416739361_600_800.png,12anp2_20211228_164017_5416739361_600_800_mask.png,4.950
17,4,35,9,281,440,316,449,281,440,316,440,316,449,281,449,text,table_text,table_3,courier,regular,8.0,12anp2_20211228_164017_5416739361_600_800.png,/scratch/parceirosbr/bigoilict/share/BigOil/document_generator/datasets/documents_2021_12_28/12anp2_20211228_164017_5416739361_600_800.png,12anp2_20211228_164017_5416739361_600_800_mask.png,498.572
17,4,35,9,281,440,316,449,281,440,316,440,316,449,281,449,sub_line_text,table_text,table_3,courier,regular,8.0,12anp2_20211228_164017_5416739361_600_800.png,/scratch/parceirosbr/bigoilict/share/BigOil/document_generator/datasets/documents_2021_12_28/12anp2_20211228_164017_5416739361_600_800.png,12anp2_20211228_164017_5416739361_600_800_mask.png,498.572
15,4,30,9,286,452,316,461,286,452,316,452,316,461,286,461,text,table_text,table_3,courier,regular,8.0,12anp2_20211228_164017_5416739361_600_800.png,/scratch/parceirosbr/bigoilict/share/BigOil/document_generator/datasets/documents_2021_12_28/12anp2_20211228_164017_5416739361_600_800.png,12anp2_20211228_164017_5416739361_600_800_mask.png,19.796
15,4,30,9,286,452,316,461,286,452,316,452,316,461,286,461,sub_line_text,table_text,table_3,courier,regular,8.0,12anp2_20211228_164017_5416739361_600_800.png,/scratch/parceirosbr/bigoilict/share/BigOil/document_generator/datasets/documents_2021_12_28/12anp2_20211228_164017_5416739361_600_800.png,12anp2_20211228_164017_5416739361_600_800_mask.png,19.796
12,4,25,9,291,464,316,473,291,464,316,464,316,473,291,473,text,table_text,table_3,courier,regular,8.0,12anp2_20211228_164017_5416739361_600_800.png,/scratch/parceirosbr/bigoilict/share/BigOil/document_generator/datasets/documents_2021_12_28/12anp2_20211228_164017_5416739361_600_800.png,12anp2_20211228_164017_5416739361_600_800_mask.png,8.986
12,4,25,9,291,464,316,473,291,464,316,464,316,473,291,473,sub_line_text,table_text,table_3,courier,regular,8.0,12anp2_20211228_164017_5416739361_600_800.png,/scratch/parceirosbr/bigoilict/share/BigOil/document_generator/datasets/documents_2021_12_28/12anp2_20211228_164017_5416739361_600_800.png,12anp2_20211228_164017_5416739361_600_800_mask.png,8.986
17,4,35,9,281,476,316,485,281,476,316,476,316,485,281,485,text,table_text,table_3,courier,regular,8.0,12anp2_20211228_164017_5416739361_600_800.png,/scratch/parceirosbr/bigoilict/share/BigOil/document_generator/datasets/documents_2021_12_28/12anp2_20211228_164017_5416739361_600_800.png,12anp2_20211228_164017_5416739361_600_800_mask.png,787.909
17,4,35,9,281,476,316,485,281,476,316,476,316,485,281,485,sub_line_text,table_text,table_3,courier,regular,8.0,12anp2_20211228_164017_5416739361_600_800.png,/scratch/parceirosbr/bigoilict/share/BigOil/document_generator/datasets/documents_2021_12_28/12anp2_20211228_164017_5416739361_600_800.png,12anp2_20211228_164017_5416739361_600_800_mask.png,787.909
15,4,30,9,286,488,316,497,286,488,316,488,316,497,286,497,text,table_text,table_3,courier,regular,8.0,12anp2_20211228_164017_5416739361_600_800.png,/scratch/parceirosbr/bigoilict/share/BigOil/document_generator/datasets/documents_2021_12_28/12anp2_20211228_164017_5416739361_600_800.png,12anp2_20211228_164017_5416739361_600_800_mask.png,97.815
15,4,30,9,286,488,316,497,286,488,316,488,316,497,286,497,sub_line_text,table_text,table_3,courier,regular,8.0,12anp2_20211228_164017_5416739361_600_800.png,/scratch/parceirosbr/bigoilict/share/BigOil/document_generator/datasets/documents_2021_12_28/12anp2_20211228_164017_5416739361_600_800.png,12anp2_20211228_164017_5416739361_600_800_mask.png,97.815
15,4,30,9,286,500,316,509,286,500,316,500,316,509,286,509,text,table_text,table_3,courier,regular,8.0,12anp2_20211228_164017_5416739361_600_800.png,/scratch/parceirosbr/bigoilict/share/BigOil/document_generator/datasets/documents_2021_12_28/12anp2_20211228_164017_5416739361_600_800.png,12anp2_20211228_164017_5416739361_600_800_mask.png,75.823
15,4,30,9,286,500,316,509,286,500,316,500,316,509,286,509,sub_line_text,table_text,table_3,courier,regular,8.0,12anp2_20211228_164017_5416739361_600_800.png,/scratch/parceirosbr/bigoilict/share/BigOil/document_generator/datasets/documents_2021_12_28/12anp2_20211228_164017_5416739361_600_800.png,12anp2_20211228_164017_5416739361_600_800_mask.png,75.823
17,4,35,9,281,512,316,521,281,512,316,512,316,521,281,521,text,table_text,table_3,courier,regular,8.0,12anp2_20211228_164017_5416739361_600_800.png,/scratch/parceirosbr/bigoilict/share/BigOil/document_generator/datasets/documents_2021_12_28/12anp2_20211228_164017_5416739361_600_800.png,12anp2_20211228_164017_5416739361_600_800_mask.png,377.255
17,4,35,9,281,512,316,521,281,512,316,512,316,521,281,521,sub_line_text,table_text,table_3,courier,regular,8.0,12anp2_20211228_164017_5416739361_600_800.png,/scratch/parceirosbr/bigoilict/share/BigOil/document_generator/datasets/documents_2021_12_28/12anp2_20211228_164017_5416739361_600_800.png,12anp2_20211228_164017_5416739361_600_800_mask.png,377.255
17,4,35,9,281,524,316,533,281,524,316,524,316,533,281,533,text,table_text,table_3,courier,regular,8.0,12anp2_20211228_164017_5416739361_600_800.png,/scratch/parceirosbr/bigoilict/share/BigOil/document_generator/datasets/documents_2021_12_28/12anp2_20211228_164017_5416739361_600_800.png,12anp2_20211228_164017_5416739361_600_800_mask.png,380.597
17,4,35,9,281,524,316,533,281,524,316,524,316,533,281,533,sub_line_text,table_text,table_3,courier,regular,8.0,12anp2_20211228_164017_5416739361_600_800.png,/scratch/parceirosbr/bigoilict/share/BigOil/document_generator/datasets/documents_2021_12_28/12anp2_20211228_164017_5416739361_600_800.png,12anp2_20211228_164017_5416739361_600_800_mask.png,380.597
12,4,25,9,291,536,316,545,291,536,316,536,316,545,291,545,text,table_text,table_3,courier,regular,8.0,12anp2_20211228_164017_5416739361_600_800.png,/scratch/parceirosbr/bigoilict/share/BigOil/document_generator/datasets/documents_2021_12_28/12anp2_20211228_164017_5416739361_600_800.png,12anp2_20211228_164017_5416739361_600_800_mask.png,1.021
12,4,25,9,291,536,316,545,291,536,316,536,316,545,291,545,sub_line_text,table_text,table_3,courier,regular,8.0,12anp2_20211228_164017_5416739361_600_800.png,/scratch/parceirosbr/bigoilict/share/BigOil/document_generator/datasets/documents_2021_12_28/12anp2_20211228_164017_5416739361_600_800.png,12anp2_20211228_164017_5416739361_600_800_mask.png,1.021
17,4,35,9,281,548,316,557,281,548,316,548,316,557,281,557,text,table_text,table_3,courier,regular,8.0,12anp2_20211228_164017_5416739361_600_800.png,/scratch/parceirosbr/bigoilict/share/BigOil/document_generator/datasets/documents_2021_12_28/12anp2_20211228_164017_5416739361_600_800.png,12anp2_20211228_164017_5416739361_600_800_mask.png,187.102
17,4,35,9,281,548,316,557,281,548,316,548,316,557,281,557,sub_line_text,table_text,table_3,courier,regular,8.0,12anp2_20211228_164017_5416739361_600_800.png,/scratch/parceirosbr/bigoilict/share/BigOil/document_generator/datasets/documents_2021_12_28/12anp2_20211228_164017_5416739361_600_800.png,12anp2_20211228_164017_5416739361_600_800_mask.png,187.102
17,4,35,9,281,560,316,569,281,560,316,560,316,569,281,569,text,table_text,table_3,courier,regular,8.0,12anp2_20211228_164017_5416739361_600_800.png,/scratch/parceirosbr/bigoilict/share/BigOil/document_generator/datasets/documents_2021_12_28/12anp2_20211228_164017_5416739361_600_800.png,12anp2_20211228_164017_5416739361_600_800_mask.png,858.947
17,4,35,9,281,560,316,569,281,560,316,560,316,569,281,569,sub_line_text,table_text,table_3,courier,regular,8.0,12anp2_20211228_164017_5416739361_600_800.png,/scratch/parceirosbr/bigoilict/share/BigOil/document_generator/datasets/documents_2021_12_28/12anp2_20211228_164017_5416739361_600_800.png,12anp2_20211228_164017_5416739361_600_800_mask.png,858.947
17,4,35,9,281,572,316,581,281,572,316,572,316,581,281,581,text,table_text,table_3,courier,regular,8.0,12anp2_20211228_164017_5416739361_600_800.png,/scratch/parceirosbr/bigoilict/share/BigOil/document_generator/datasets/documents_2021_12_28/12anp2_20211228_164017_5416739361_600_800.png,12anp2_20211228_164017_5416739361_600_800_mask.png,313.183
17,4,35,9,281,572,316,581,281,572,316,572,316,581,281,581,sub_line_text,table_text,table_3,courier,regular,8.0,12anp2_20211228_164017_5416739361_600_800.png,/scratch/parceirosbr/bigoilict/share/BigOil/document_generator/datasets/documents_2021_12_28/12anp2_20211228_164017_5416739361_600_800.png,12anp2_20211228_164017_5416739361_600_800_mask.png,313.183
12,4,25,9,325,392,350,401,325,392,350,392,350,401,325,401,text,table_text,table_3,courier,regular,8.0,12anp2_20211228_164017_5416739361_600_800.png,/scratch/parceirosbr/bigoilict/share/BigOil/document_generator/datasets/documents_2021_12_28/12anp2_20211228_164017_5416739361_600_800.png,12anp2_20211228_164017_5416739361_600_800_mask.png,óxido
12,4,25,9,325,392,350,401,325,392,350,392,350,401,325,401,sub_line_text,table_text,table_3,courier,regular,8.0,12anp2_20211228_164017_5416739361_600_800.png,/scratch/parceirosbr/bigoilict/share/BigOil/document_generator/datasets/documents_2021_12_28/12anp2_20211228_164017_5416739361_600_800.png,12anp2_20211228_164017_5416739361_600_800_mask.png,óxido
7,4,15,9,330,404,345,413,330,404,345,404,345,413,330,413,text,table_text,table_3,courier,regular,8.0,12anp2_20211228_164017_5416739361_600_800.png,/scratch/parceirosbr/bigoilict/share/BigOil/document_generator/datasets/documents_2021_12_28/12anp2_20211228_164017_5416739361_600_800.png,12anp2_20211228_164017_5416739361_600_800_mask.png,uso
7,4,15,9,330,404,345,413,330,404,345,404,345,413,330,413,sub_line_text,table_text,table_3,courier,regular,8.0,12anp2_20211228_164017_5416739361_600_800.png,/scratch/parceirosbr/bigoilict/share/BigOil/document_generator/datasets/documents_2021_12_28/12anp2_20211228_164017_5416739361_600_800.png,12anp2_20211228_164017_5416739361_600_800_mask.png,uso
7,4,15,9,330,416,345,425,330,416,345,416,345,425,330,425,text,table_text,table_3,courier,regular,8.0,12anp2_20211228_164017_5416739361_600_800.png,/scratch/parceirosbr/bigoilict/share/BigOil/document_generator/datasets/documents_2021_12_28/12anp2_20211228_164017_5416739361_600_800.png,12anp2_20211228_164017_5416739361_600_800_mask.png,uma
7,4,15,9,330,416,345,425,330,416,345,416,345,425,330,425,sub_line_text,table_text,table_3,courier,regular,8.0,12anp2_20211228_164017_5416739361_600_800.png,/scratch/parceirosbr/bigoilict/share/BigOil/document_generator/datasets/documents_2021_12_28/12anp2_20211228_164017_5416739361_600_800.png,12anp2_20211228_164017_5416739361_600_800_mask.png,uma
12,4,25,9,325,428,350,437,325,428,350,428,350,437,325,437,text,table_text,table_3,courier,regular,8.0,12anp2_20211228_164017_5416739361_600_800.png,/scratch/parceirosbr/bigoilict/share/BigOil/document_generator/datasets/documents_2021_12_28/12anp2_20211228_164017_5416739361_600_800.png,12anp2_20211228_164017_5416739361_600_800_mask.png,entre
12,4,25,9,325,428,350,437,325,428,350,428,350,437,325,437,sub_line_text,table_text,table_3,courier,regular,8.0,12anp2_20211228_164017_5416739361_600_800.png,/scratch/parceirosbr/bigoilict/share/BigOil/document_generator/datasets/documents_2021_12_28/12anp2_20211228_164017_5416739361_600_800.png,12anp2_20211228_164017_5416739361_600_800_mask.png,entre
12,4,25,9,325,440,350,449,325,440,350,440,350,449,325,449,text,table_text,table_3,courier,regular,8.0,12anp2_20211228_164017_5416739361_600_800.png,/scratch/parceirosbr/bigoilict/share/BigOil/document_generator/datasets/documents_2021_12_28/12anp2_20211228_164017_5416739361_600_800.png,12anp2_20211228_164017_5416739361_600_800_mask.png,spray
12,4,25,9,325,440,350,449,325,440,350,440,350,449,325,449,sub_line_text,table_text,table_3,courier,regular,8.0,12anp2_20211228_164017_5416739361_600_800.png,/scratch/parceirosbr/bigoilict/share/BigOil/document_generator/datasets/documents_2021_12_28/12anp2_20211228_164017_5416739361_600_800.png,12anp2_20211228_164017_5416739361_600_800_mask.png,spray
15,4,30,9,323,452,353,461,323,452,353,452,353,461,323,461,text,table_text,table_3,courier,regular,8.0,12anp2_20211228_164017_5416739361_600_800.png,/scratch/parceirosbr/bigoilict/share/BigOil/document_generator/datasets/documents_2021_12_28/12anp2_20211228_164017_5416739361_600_800.png,12anp2_20211228_164017_5416739361_600_800_mask.png,muitas
15,4,30,9,323,452,353,461,323,452,353,452,353,461,323,461,sub_line_text,table_text,table_3,courier,regular,8.0,12anp2_20211228_164017_5416739361_600_800.png,/scratch/parceirosbr/bigoilict/share/BigOil/document_generator/datasets/documents_2021_12_28/12anp2_20211228_164017_5416739361_600_800.png,12anp2_20211228_164017_5416739361_600_800_mask.png,muitas
12,4,25,9,325,464,350,473,325,464,350,464,350,473,325,473,text,table_text,table_3,courier,regular,8.0,12anp2_20211228_164017_5416739361_600_800.png,/scratch/parceirosbr/bigoilict/share/BigOil/document_generator/datasets/documents_2021_12_28/12anp2_20211228_164017_5416739361_600_800.png,12anp2_20211228_164017_5416739361_600_800_mask.png,nesse
12,4,25,9,325,464,350,473,325,464,350,464,350,473,325,473,sub_line_text,table_text,table_3,courier,regular,8.0,12anp2_20211228_164017_5416739361_600_800.png,/scratch/parceirosbr/bigoilict/share/BigOil/document_generator/datasets/documents_2021_12_28/12anp2_20211228_164017_5416739361_600_800.png,12anp2_20211228_164017_5416739361_600_800_mask.png,nesse
5,4,10,9,333,476,343,485,333,476,343,476,343,485,333,485,text,table_text,table_3,courier,regular,8.0,12anp2_20211228_164017_5416739361_600_800.png,/scratch/parceirosbr/bigoilict/share/BigOil/document_generator/datasets/documents_2021_12_28/12anp2_20211228_164017_5416739361_600_800.png,12anp2_20211228_164017_5416739361_600_800_mask.png,do
5,4,10,9,333,476,343,485,333,476,343,476,343,485,333,485,sub_line_text,table_text,table_3,courier,regular,8.0,12anp2_20211228_164017_5416739361_600_800.png,/scratch/parceirosbr/bigoilict/share/BigOil/document_generator/datasets/documents_2021_12_28/12anp2_20211228_164017_5416739361_600_800.png,12anp2_20211228_164017_5416739361_600_800_mask.png,do
10,4,20,9,327,488,347,497,327,488,347,488,347,497,327,497,text,table_text,table_3,courier,regular,8.0,12anp2_20211228_164017_5416739361_600_800.png,/scratch/parceirosbr/bigoilict/share/BigOil/document_generator/datasets/documents_2021_12_28/12anp2_20211228_164017_5416739361_600_800.png,12anp2_20211228_164017_5416739361_600_800_mask.png,este
10,4,20,9,327,488,347,497,327,488,347,488,347,497,327,497,sub_line_text,table_text,table_3,courier,regular,8.0,12anp2_20211228_164017_5416739361_600_800.png,/scratch/parceirosbr/bigoilict/share/BigOil/document_generator/datasets/documents_2021_12_28/12anp2_20211228_164017_5416739361_600_800.png,12anp2_20211228_164017_5416739361_600_800_mask.png,este
15,4,30,9,323,500,353,509,323,500,353,500,353,509,323,509,text,table_text,table_3,courier,regular,8.0,12anp2_20211228_164017_5416739361_600_800.png,/scratch/parceirosbr/bigoilict/share/BigOil/document_generator/datasets/documents_2021_12_28/12anp2_20211228_164017_5416739361_600_800.png,12anp2_20211228_164017_5416739361_600_800_mask.png,queima
15,4,30,9,323,500,353,509,323,500,353,500,353,509,323,509,sub_line_text,table_text,table_3,courier,regular,8.0,12anp2_20211228_164017_5416739361_600_800.png,/scratch/parceirosbr/bigoilict/share/BigOil/document_generator/datasets/documents_2021_12_28/12anp2_20211228_164017_5416739361_600_800.png,12anp2_20211228_164017_5416739361_600_800_mask.png,queima
15,4,30,9,323,512,353,521,323,512,353,512,353,521,323,521,text,table_text,table_3,courier,regular,8.0,12anp2_20211228_164017_5416739361_600_800.png,/scratch/parceirosbr/bigoilict/share/BigOil/document_generator/datasets/documents_2021_12_28/12anp2_20211228_164017_5416739361_600_800.png,12anp2_20211228_164017_5416739361_600_800_mask.png,muitas
15,4,30,9,323,512,353,521,323,512,353,512,353,521,323,521,sub_line_text,table_text,table_3,courier,regular,8.0,12anp2_20211228_164017_5416739361_600_800.png,/scratch/parceirosbr/bigoilict/share/BigOil/document_generator/datasets/documents_2021_12_28/12anp2_20211228_164017_5416739361_600_800.png,12anp2_20211228_164017_5416739361_600_800_mask.png,muitas
15,4,30,9,323,524,353,533,323,524,353,524,353,533,323,533,text,table_text,table_3,courier,regular,8.0,12anp2_20211228_164017_5416739361_600_800.png,/scratch/parceirosbr/bigoilict/share/BigOil/document_generator/datasets/documents_2021_12_28/12anp2_20211228_164017_5416739361_600_800.png,12anp2_20211228_164017_5416739361_600_800_mask.png,termos
15,4,30,9,323,524,353,533,323,524,353,524,353,533,323,533,sub_line_text,table_text,table_3,courier,regular,8.0,12anp2_20211228_164017_5416739361_600_800.png,/scratch/parceirosbr/bigoilict/share/BigOil/document_generator/datasets/documents_2021_12_28/12anp2_20211228_164017_5416739361_600_800.png,12anp2_20211228_164017_5416739361_600_800_mask.png,termos
10,4,20,9,327,536,347,545,327,536,347,536,347,545,327,545,text,table_text,table_3,courier,regular,8.0,12anp2_20211228_164017_5416739361_600_800.png,/scratch/parceirosbr/bigoilict/share/BigOil/document_generator/datasets/documents_2021_12_28/12anp2_20211228_164017_5416739361_600_800.png,12anp2_20211228_164017_5416739361_600_800_mask.png,pelo
10,4,20,9,327,536,347,545,327,536,347,536,347,545,327,545,sub_line_text,table_text,table_3,courier,regular,8.0,12anp2_20211228_164017_5416739361_600_800.png,/scratch/parceirosbr/bigoilict/share/BigOil/document_generator/datasets/documents_2021_12_28/12anp2_20211228_164017_5416739361_600_800.png,12anp2_20211228_164017_5416739361_600_800_mask.png,pelo
7,4,15,9,330,548,345,557,330,548,345,548,345,557,330,557,text,table_text,table_3,courier,regular,8.0,12anp2_20211228_164017_5416739361_600_800.png,/scratch/parceirosbr/bigoilict/share/BigOil/document_generator/datasets/documents_2021_12_28/12anp2_20211228_164017_5416739361_600_800.png,12anp2_20211228_164017_5416739361_600_800_mask.png,por
7,4,15,9,330,548,345,557,330,548,345,548,345,557,330,557,sub_line_text,table_text,table_3,courier,regular,8.0,12anp2_20211228_164017_5416739361_600_800.png,/scratch/parceirosbr/bigoilict/share/BigOil/document_generator/datasets/documents_2021_12_28/12anp2_20211228_164017_5416739361_600_800.png,12anp2_20211228_164017_5416739361_600_800_mask.png,por
10,4,20,9,327,560,347,569,327,560,347,560,347,569,327,569,text,table_text,table_3,courier,regular,8.0,12anp2_20211228_164017_5416739361_600_800.png,/scratch/parceirosbr/bigoilict/share/BigOil/document_generator/datasets/documents_2021_12_28/12anp2_20211228_164017_5416739361_600_800.png,12anp2_20211228_164017_5416739361_600_800_mask.png,mais
10,4,20,9,327,560,347,569,327,560,347,560,347,569,327,569,sub_line_text,table_text,table_3,courier,regular,8.0,12anp2_20211228_164017_5416739361_600_800.png,/scratch/parceirosbr/bigoilict/share/BigOil/document_generator/datasets/documents_2021_12_28/12anp2_20211228_164017_5416739361_600_800.png,12anp2_20211228_164017_5416739361_600_800_mask.png,mais
5,4,10,9,333,572,343,581,333,572,343,572,343,581,333,581,text,table_text,table_3,courier,regular,8.0,12anp2_20211228_164017_5416739361_600_800.png,/scratch/parceirosbr/bigoilict/share/BigOil/document_generator/datasets/documents_2021_12_28/12anp2_20211228_164017_5416739361_600_800.png,12anp2_20211228_164017_5416739361_600_800_mask.png,os
5,4,10,9,333,572,343,581,333,572,343,572,343,581,333,581,sub_line_text,table_text,table_3,courier,regular,8.0,12anp2_20211228_164017_5416739361_600_800.png,/scratch/parceirosbr/bigoilict/share/BigOil/document_generator/datasets/documents_2021_12_28/12anp2_20211228_164017_5416739361_600_800.png,12anp2_20211228_164017_5416739361_600_800_mask.png,os
17,4,35,9,359,392,394,401,359,392,394,392,394,401,359,401,text,table_text,table_3,courier,regular,8.0,12anp2_20211228_164017_5416739361_600_800.png,/scratch/parceirosbr/bigoilict/share/BigOil/document_generator/datasets/documents_2021_12_28/12anp2_20211228_164017_5416739361_600_800.png,12anp2_20211228_164017_5416739361_600_800_mask.png,1777.35
17,4,35,9,359,392,394,401,359,392,394,392,394,401,359,401,sub_line_text,table_text,table_3,courier,regular,8.0,12anp2_20211228_164017_5416739361_600_800.png,/scratch/parceirosbr/bigoilict/share/BigOil/document_generator/datasets/documents_2021_12_28/12anp2_20211228_164017_5416739361_600_800.png,12anp2_20211228_164017_5416739361_600_800_mask.png,1777.35
17,4,35,9,359,404,394,413,359,404,394,404,394,413,359,413,text,table_text,table_3,courier,regular,8.0,12anp2_20211228_164017_5416739361_600_800.png,/scratch/parceirosbr/bigoilict/share/BigOil/document_generator/datasets/documents_2021_12_28/12anp2_20211228_164017_5416739361_600_800.png,12anp2_20211228_164017_5416739361_600_800_mask.png,1017.78
17,4,35,9,359,404,394,413,359,404,394,404,394,413,359,413,sub_line_text,table_text,table_3,courier,regular,8.0,12anp2_20211228_164017_5416739361_600_800.png,/scratch/parceirosbr/bigoilict/share/BigOil/document_generator/datasets/documents_2021_12_28/12anp2_20211228_164017_5416739361_600_800.png,12anp2_20211228_164017_5416739361_600_800_mask.png,1017.78
17,4,35,9,359,416,394,425,359,416,394,416,394,425,359,425,text,table_text,table_3,courier,regular,8.0,12anp2_20211228_164017_5416739361_600_800.png,/scratch/parceirosbr/bigoilict/share/BigOil/document_generator/datasets/documents_2021_12_28/12anp2_20211228_164017_5416739361_600_800.png,12anp2_20211228_164017_5416739361_600_800_mask.png,5849.77
17,4,35,9,359,416,394,425,359,416,394,416,394,425,359,425,sub_line_text,table_text,table_3,courier,regular,8.0,12anp2_20211228_164017_5416739361_600_800.png,/scratch/parceirosbr/bigoilict/share/BigOil/document_generator/datasets/documents_2021_12_28/12anp2_20211228_164017_5416739361_600_800.png,12anp2_20211228_164017_5416739361_600_800_mask.png,5849.77
17,4,35,9,359,428,394,437,359,428,394,428,394,437,359,437,text,table_text,table_3,courier,regular,8.0,12anp2_20211228_164017_5416739361_600_800.png,/scratch/parceirosbr/bigoilict/share/BigOil/document_generator/datasets/documents_2021_12_28/12anp2_20211228_164017_5416739361_600_800.png,12anp2_20211228_164017_5416739361_600_800_mask.png,1223.34
17,4,35,9,359,428,394,437,359,428,394,428,394,437,359,437,sub_line_text,table_text,table_3,courier,regular,8.0,12anp2_20211228_164017_5416739361_600_800.png,/scratch/parceirosbr/bigoilict/share/BigOil/document_generator/datasets/documents_2021_12_28/12anp2_20211228_164017_5416739361_600_800.png,12anp2_20211228_164017_5416739361_600_800_mask.png,1223.34
17,4,35,9,359,440,394,449,359,440,394,440,394,449,359,449,text,table_text,table_3,courier,regular,8.0,12anp2_20211228_164017_5416739361_600_800.png,/scratch/parceirosbr/bigoilict/share/BigOil/document_generator/datasets/documents_2021_12_28/12anp2_20211228_164017_5416739361_600_800.png,12anp2_20211228_164017_5416739361_600_800_mask.png,3613.24
17,4,35,9,359,440,394,449,359,440,394,440,394,449,359,449,sub_line_text,table_text,table_3,courier,regular,8.0,12anp2_20211228_164017_5416739361_600_800.png,/scratch/parceirosbr/bigoilict/share/BigOil/document_generator/datasets/documents_2021_12_28/12anp2_20211228_164017_5416739361_600_800.png,12anp2_20211228_164017_5416739361_600_800_mask.png,3613.24
17,4,35,9,359,452,394,461,359,452,394,452,394,461,359,461,text,table_text,table_3,courier,regular,8.0,12anp2_20211228_164017_5416739361_600_800.png,/scratch/parceirosbr/bigoilict/share/BigOil/document_generator/datasets/documents_2021_12_28/12anp2_20211228_164017_5416739361_600_800.png,12anp2_20211228_164017_5416739361_600_800_mask.png,8524.44
17,4,35,9,359,452,394,461,359,452,394,452,394,461,359,461,sub_line_text,table_text,table_3,courier,regular,8.0,12anp2_20211228_164017_5416739361_600_800.png,/scratch/parceirosbr/bigoilict/share/BigOil/document_generator/datasets/documents_2021_12_28/12anp2_20211228_164017_5416739361_600_800.png,12anp2_20211228_164017_5416739361_600_800_mask.png,8524.44
17,4,35,9,359,464,394,473,359,464,394,464,394,473,359,473,text,table_text,table_3,courier,regular,8.0,12anp2_20211228_164017_5416739361_600_800.png,/scratch/parceirosbr/bigoilict/share/BigOil/document_generator/datasets/documents_2021_12_28/12anp2_20211228_164017_5416739361_600_800.png,12anp2_20211228_164017_5416739361_600_800_mask.png,7483.71
17,4,35,9,359,464,394,473,359,464,394,464,394,473,359,473,sub_line_text,table_text,table_3,courier,regular,8.0,12anp2_20211228_164017_5416739361_600_800.png,/scratch/parceirosbr/bigoilict/share/BigOil/document_generator/datasets/documents_2021_12_28/12anp2_20211228_164017_5416739361_600_800.png,12anp2_20211228_164017_5416739361_600_800_mask.png,7483.71
17,4,35,9,359,476,394,485,359,476,394,476,394,485,359,485,text,table_text,table_3,courier,regular,8.0,12anp2_20211228_164017_5416739361_600_800.png,/scratch/parceirosbr/bigoilict/share/BigOil/document_generator/datasets/documents_2021_12_28/12anp2_20211228_164017_5416739361_600_800.png,12anp2_20211228_164017_5416739361_600_800_mask.png,1532.95
17,4,35,9,359,476,394,485,359,476,394,476,394,485,359,485,sub_line_text,table_text,table_3,courier,regular,8.0,12anp2_20211228_164017_5416739361_600_800.png,/scratch/parceirosbr/bigoilict/share/BigOil/document_generator/datasets/documents_2021_12_28/12anp2_20211228_164017_5416739361_600_800.png,12anp2_20211228_164017_5416739361_600_800_mask.png,1532.95
17,4,35,9,359,488,394,497,359,488,394,488,394,497,359,497,text,table_text,table_3,courier,regular,8.0,12anp2_20211228_164017_5416739361_600_800.png,/scratch/parceirosbr/bigoilict/share/BigOil/document_generator/datasets/documents_2021_12_28/12anp2_20211228_164017_5416739361_600_800.png,12anp2_20211228_164017_5416739361_600_800_mask.png,9567.68
17,4,35,9,359,488,394,497,359,488,394,488,394,497,359,497,sub_line_text,table_text,table_3,courier,regular,8.0,12anp2_20211228_164017_5416739361_600_800.png,/scratch/parceirosbr/bigoilict/share/BigOil/document_generator/datasets/documents_2021_12_28/12anp2_20211228_164017_5416739361_600_800.png,12anp2_20211228_164017_5416739361_600_800_mask.png,9567.68
17,4,35,9,359,500,394,509,359,500,394,500,394,509,359,509,text,table_text,table_3,courier,regular,8.0,12anp2_20211228_164017_5416739361_600_800.png,/scratch/parceirosbr/bigoilict/share/BigOil/document_generator/datasets/documents_2021_12_28/12anp2_20211228_164017_5416739361_600_800.png,12anp2_20211228_164017_5416739361_600_800_mask.png,4325.13
17,4,35,9,359,500,394,509,359,500,394,500,394,509,359,509,sub_line_text,table_text,table_3,courier,regular,8.0,12anp2_20211228_164017_5416739361_600_800.png,/scratch/parceirosbr/bigoilict/share/BigOil/document_generator/datasets/documents_2021_12_28/12anp2_20211228_164017_5416739361_600_800.png,12anp2_20211228_164017_5416739361_600_800_mask.png,4325.13
17,4,35,9,359,512,394,521,359,512,394,512,394,521,359,521,text,table_text,table_3,courier,regular,8.0,12anp2_20211228_164017_5416739361_600_800.png,/scratch/parceirosbr/bigoilict/share/BigOil/document_generator/datasets/documents_2021_12_28/12anp2_20211228_164017_5416739361_600_800.png,12anp2_20211228_164017_5416739361_600_800_mask.png,3312.86
17,4,35,9,359,512,394,521,359,512,394,512,394,521,359,521,sub_line_text,table_text,table_3,courier,regular,8.0,12anp2_20211228_164017_5416739361_600_800.png,/scratch/parceirosbr/bigoilict/share/BigOil/document_generator/datasets/documents_2021_12_28/12anp2_20211228_164017_5416739361_600_800.png,12anp2_20211228_164017_5416739361_600_800_mask.png,3312.86
17,4,35,9,359,524,394,533,359,524,394,524,394,533,359,533,text,table_text,table_3,courier,regular,8.0,12anp2_20211228_164017_5416739361_600_800.png,/scratch/parceirosbr/bigoilict/share/BigOil/document_generator/datasets/documents_2021_12_28/12anp2_20211228_164017_5416739361_600_800.png,12anp2_20211228_164017_5416739361_600_800_mask.png,9548.42
17,4,35,9,359,524,394,533,359,524,394,524,394,533,359,533,sub_line_text,table_text,table_3,courier,regular,8.0,12anp2_20211228_164017_5416739361_600_800.png,/scratch/parceirosbr/bigoilict/share/BigOil/document_generator/datasets/documents_2021_12_28/12anp2_20211228_164017_5416739361_600_800.png,12anp2_20211228_164017_5416739361_600_800_mask.png,9548.42
17,4,35,9,359,536,394,545,359,536,394,536,394,545,359,545,text,table_text,table_3,courier,regular,8.0,12anp2_20211228_164017_5416739361_600_800.png,/scratch/parceirosbr/bigoilict/share/BigOil/document_generator/datasets/documents_2021_12_28/12anp2_20211228_164017_5416739361_600_800.png,12anp2_20211228_164017_5416739361_600_800_mask.png,7605.14
17,4,35,9,359,536,394,545,359,536,394,536,394,545,359,545,sub_line_text,table_text,table_3,courier,regular,8.0,12anp2_20211228_164017_5416739361_600_800.png,/scratch/parceirosbr/bigoilict/share/BigOil/document_generator/datasets/documents_2021_12_28/12anp2_20211228_164017_5416739361_600_800.png,12anp2_20211228_164017_5416739361_600_800_mask.png,7605.14
17,4,35,9,359,548,394,557,359,548,394,548,394,557,359,557,text,table_text,table_3,courier,regular,8.0,12anp2_20211228_164017_5416739361_600_800.png,/scratch/parceirosbr/bigoilict/share/BigOil/document_generator/datasets/documents_2021_12_28/12anp2_20211228_164017_5416739361_600_800.png,12anp2_20211228_164017_5416739361_600_800_mask.png,3948.32
17,4,35,9,359,548,394,557,359,548,394,548,394,557,359,557,sub_line_text,table_text,table_3,courier,regular,8.0,12anp2_20211228_164017_5416739361_600_800.png,/scratch/parceirosbr/bigoilict/share/BigOil/document_generator/datasets/documents_2021_12_28/12anp2_20211228_164017_5416739361_600_800.png,12anp2_20211228_164017_5416739361_600_800_mask.png,3948.32
17,4,35,9,359,560,394,569,359,560,394,560,394,569,359,569,text,table_text,table_3,courier,regular,8.0,12anp2_20211228_164017_5416739361_600_800.png,/scratch/parceirosbr/bigoilict/share/BigOil/document_generator/datasets/documents_2021_12_28/12anp2_20211228_164017_5416739361_600_800.png,12anp2_20211228_164017_5416739361_600_800_mask.png,7373.08
17,4,35,9,359,560,394,569,359,560,394,560,394,569,359,569,sub_line_text,table_text,table_3,courier,regular,8.0,12anp2_20211228_164017_5416739361_600_800.png,/scratch/parceirosbr/bigoilict/share/BigOil/document_generator/datasets/documents_2021_12_28/12anp2_20211228_164017_5416739361_600_800.png,12anp2_20211228_164017_5416739361_600_800_mask.png,7373.08
17,4,35,9,359,572,394,581,359,572,394,572,394,581,359,581,text,table_text,table_3,courier,regular,8.0,12anp2_20211228_164017_5416739361_600_800.png,/scratch/parceirosbr/bigoilict/share/BigOil/document_generator/datasets/documents_2021_12_28/12anp2_20211228_164017_5416739361_600_800.png,12anp2_20211228_164017_5416739361_600_800_mask.png,5703.07
17,4,35,9,359,572,394,581,359,572,394,572,394,581,359,581,sub_line_text,table_text,table_3,courier,regular,8.0,12anp2_20211228_164017_5416739361_600_800.png,/scratch/parceirosbr/bigoilict/share/BigOil/document_generator/datasets/documents_2021_12_28/12anp2_20211228_164017_5416739361_600_800.png,12anp2_20211228_164017_5416739361_600_800_mask.png,5703.07
2,4,5,9,414,392,419,401,414,392,419,392,419,401,414,401,text,table_text,table_3,courier,regular,8.0,12anp2_20211228_164017_5416739361_600_800.png,/scratch/parceirosbr/bigoilict/share/BigOil/document_generator/datasets/documents_2021_12_28/12anp2_20211228_164017_5416739361_600_800.png,12anp2_20211228_164017_5416739361_600_800_mask.png,e
2,4,5,9,414,392,419,401,414,392,419,392,419,401,414,401,sub_line_text,table_text,table_3,courier,regular,8.0,12anp2_20211228_164017_5416739361_600_800.png,/scratch/parceirosbr/bigoilict/share/BigOil/document_generator/datasets/documents_2021_12_28/12anp2_20211228_164017_5416739361_600_800.png,12anp2_20211228_164017_5416739361_600_800_mask.png,e
15,4,30,9,401,404,431,413,401,404,431,404,431,413,401,413,text,table_text,table_3,courier,regular,8.0,12anp2_20211228_164017_5416739361_600_800.png,/scratch/parceirosbr/bigoilict/share/BigOil/document_generator/datasets/documents_2021_12_28/12anp2_20211228_164017_5416739361_600_800.png,12anp2_20211228_164017_5416739361_600_800_mask.png,global
15,4,30,9,401,404,431,413,401,404,431,404,431,413,401,413,sub_line_text,table_text,table_3,courier,regular,8.0,12anp2_20211228_164017_5416739361_600_800.png,/scratch/parceirosbr/bigoilict/share/BigOil/document_generator/datasets/documents_2021_12_28/12anp2_20211228_164017_5416739361_600_800.png,12anp2_20211228_164017_5416739361_600_800_mask.png,global
15,4,30,9,401,416,431,425,401,416,431,416,431,425,401,425,text,table_text,table_3,courier,regular,8.0,12anp2_20211228_164017_5416739361_600_800.png,/scratch/parceirosbr/bigoilict/share/BigOil/document_generator/datasets/documents_2021_12_28/12anp2_20211228_164017_5416739361_600_800.png,12anp2_20211228_164017_5416739361_600_800_mask.png,tomada
15,4,30,9,401,416,431,425,401,416,431,416,431,425,401,425,sub_line_text,table_text,table_3,courier,regular,8.0,12anp2_20211228_164017_5416739361_600_800.png,/scratch/parceirosbr/bigoilict/share/BigOil/document_generator/datasets/documents_2021_12_28/12anp2_20211228_164017_5416739361_600_800.png,12anp2_20211228_164017_5416739361_600_800_mask.png,tomada
12,4,25,9,404,428,429,437,404,428,429,428,429,437,404,437,text,table_text,table_3,courier,regular,8.0,12anp2_20211228_164017_5416739361_600_800.png,/scratch/parceirosbr/bigoilict/share/BigOil/document_generator/datasets/documents_2021_12_28/12anp2_20211228_164017_5416739361_600_800.png,12anp2_20211228_164017_5416739361_600_800_mask.png,berço
12,4,25,9,404,428,429,437,404,428,429,428,429,437,404,437,sub_line_text,table_text,table_3,courier,regular,8.0,12anp2_20211228_164017_5416739361_600_800.png,/scratch/parceirosbr/bigoilict/share/BigOil/document_generator/datasets/documents_2021_12_28/12anp2_20211228_164017_5416739361_600_800.png,12anp2_20211228_164017_5416739361_600_800_mask.png,berço
12,4,25,9,404,440,429,449,404,440,429,440,429,449,404,449,text,table_text,table_3,courier,regular,8.0,12anp2_20211228_164017_5416739361_600_800.png,/scratch/parceirosbr/bigoilict/share/BigOil/document_generator/datasets/documents_2021_12_28/12anp2_20211228_164017_5416739361_600_800.png,12anp2_20211228_164017_5416739361_600_800_mask.png,julho
12,4,25,9,404,440,429,449,404,440,429,440,429,449,404,449,sub_line_text,table_text,table_3,courier,regular,8.0,12anp2_20211228_164017_5416739361_600_800.png,/scratch/parceirosbr/bigoilict/share/BigOil/document_generator/datasets/documents_2021_12_28/12anp2_20211228_164017_5416739361_600_800.png,12anp2_20211228_164017_5416739361_600_800_mask.png,julho
12,4,25,9,404,452,429,461,404,452,429,452,429,461,404,461,text,table_text,table_3,courier,regular,8.0,12anp2_20211228_164017_5416739361_600_800.png,/scratch/parceirosbr/bigoilict/share/BigOil/document_generator/datasets/documents_2021_12_28/12anp2_20211228_164017_5416739361_600_800.png,12anp2_20211228_164017_5416739361_600_800_mask.png,ficar
12,4,25,9,404,452,429,461,404,452,429,452,429,461,404,461,sub_line_text,table_text,table_3,courier,regular,8.0,12anp2_20211228_164017_5416739361_600_800.png,/scratch/parceirosbr/bigoilict/share/BigOil/document_generator/datasets/documents_2021_12_28/12anp2_20211228_164017_5416739361_600_800.png,12anp2_20211228_164017_5416739361_600_800_mask.png,ficar
15,4,30,9,401,464,431,473,401,464,431,464,431,473,401,473,text,table_text,table_3,courier,regular,8.0,12anp2_20211228_164017_5416739361_600_800.png,/scratch/parceirosbr/bigoilict/share/BigOil/document_generator/datasets/documents_2021_12_28/12anp2_20211228_164017_5416739361_600_800.png,12anp2_20211228_164017_5416739361_600_800_mask.png,preços
15,4,30,9,401,464,431,473,401,464,431,464,431,473,401,473,sub_line_text,table_text,table_3,courier,regular,8.0,12anp2_20211228_164017_5416739361_600_800.png,/scratch/parceirosbr/bigoilict/share/BigOil/document_generator/datasets/documents_2021_12_28/12anp2_20211228_164017_5416739361_600_800.png,12anp2_20211228_164017_5416739361_600_800_mask.png,preços
12,4,25,9,404,476,429,485,404,476,429,476,429,485,404,485,text,table_text,table_3,courier,regular,8.0,12anp2_20211228_164017_5416739361_600_800.png,/scratch/parceirosbr/bigoilict/share/BigOil/document_generator/datasets/documents_2021_12_28/12anp2_20211228_164017_5416739361_600_800.png,12anp2_20211228_164017_5416739361_600_800_mask.png,setor
12,4,25,9,404,476,429,485,404,476,429,476,429,485,404,485,sub_line_text,table_text,table_3,courier,regular,8.0,12anp2_20211228_164017_5416739361_600_800.png,/scratch/parceirosbr/bigoilict/share/BigOil/document_generator/datasets/documents_2021_12_28/12anp2_20211228_164017_5416739361_600_800.png,12anp2_20211228_164017_5416739361_600_800_mask.png,setor
12,4,25,9,404,488,429,497,404,488,429,488,429,497,404,497,text,table_text,table_3,courier,regular,8.0,12anp2_20211228_164017_5416739361_600_800.png,/scratch/parceirosbr/bigoilict/share/BigOil/document_generator/datasets/documents_2021_12_28/12anp2_20211228_164017_5416739361_600_800.png,12anp2_20211228_164017_5416739361_600_800_mask.png,apelo
12,4,25,9,404,488,429,497,404,488,429,488,429,497,404,497,sub_line_text,table_text,table_3,courier,regular,8.0,12anp2_20211228_164017_5416739361_600_800.png,/scratch/parceirosbr/bigoilict/share/BigOil/document_generator/datasets/documents_2021_12_28/12anp2_20211228_164017_5416739361_600_800.png,12anp2_20211228_164017_5416739361_600_800_mask.png,apelo
15,4,30,9,401,500,431,509,401,500,431,500,431,509,401,509,text,table_text,table_3,courier,regular,8.0,12anp2_20211228_164017_5416739361_600_800.png,/scratch/parceirosbr/bigoilict/share/BigOil/document_generator/datasets/documents_2021_12_28/12anp2_20211228_164017_5416739361_600_800.png,12anp2_20211228_164017_5416739361_600_800_mask.png,demais
15,4,30,9,401,500,431,509,401,500,431,500,431,509,401,509,sub_line_text,table_text,table_3,courier,regular,8.0,12anp2_20211228_164017_5416739361_600_800.png,/scratch/parceirosbr/bigoilict/share/BigOil/document_generator/datasets/documents_2021_12_28/12anp2_20211228_164017_5416739361_600_800.png,12anp2_20211228_164017_5416739361_600_800_mask.png,demais
12,4,25,9,404,512,429,521,404,512,429,512,429,521,404,521,text,table_text,table_3,courier,regular,8.0,12anp2_20211228_164017_5416739361_600_800.png,/scratch/parceirosbr/bigoilict/share/BigOil/document_generator/datasets/documents_2021_12_28/12anp2_20211228_164017_5416739361_600_800.png,12anp2_20211228_164017_5416739361_600_800_mask.png,tendo
12,4,25,9,404,512,429,521,404,512,429,512,429,521,404,521,sub_line_text,table_text,table_3,courier,regular,8.0,12anp2_20211228_164017_5416739361_600_800.png,/scratch/parceirosbr/bigoilict/share/BigOil/document_generator/datasets/documents_2021_12_28/12anp2_20211228_164017_5416739361_600_800.png,12anp2_20211228_164017_5416739361_600_800_mask.png,tendo
10,4,20,9,407,524,427,533,407,524,427,524,427,533,407,533,text,table_text,table_3,courier,regular,8.0,12anp2_20211228_164017_5416739361_600_800.png,/scratch/parceirosbr/bigoilict/share/BigOil/document_generator/datasets/documents_2021_12_28/12anp2_20211228_164017_5416739361_600_800.png,12anp2_20211228_164017_5416739361_600_800_mask.png,dito
10,4,20,9,407,524,427,533,407,524,427,524,427,533,407,533,sub_line_text,table_text,table_3,courier,regular,8.0,12anp2_20211228_164017_5416739361_600_800.png,/scratch/parceirosbr/bigoilict/share/BigOil/document_generator/datasets/documents_2021_12_28/12anp2_20211228_164017_5416739361_600_800.png,12anp2_20211228_164017_5416739361_600_800_mask.png,dito
15,4,30,9,401,536,431,545,401,536,431,536,431,545,401,545,text,table_text,table_3,courier,regular,8.0,12anp2_20211228_164017_5416739361_600_800.png,/scratch/parceirosbr/bigoilict/share/BigOil/document_generator/datasets/documents_2021_12_28/12anp2_20211228_164017_5416739361_600_800.png,12anp2_20211228_164017_5416739361_600_800_mask.png,reação
15,4,30,9,401,536,431,545,401,536,431,536,431,545,401,545,sub_line_text,table_text,table_3,courier,regular,8.0,12anp2_20211228_164017_5416739361_600_800.png,/scratch/parceirosbr/bigoilict/share/BigOil/document_generator/datasets/documents_2021_12_28/12anp2_20211228_164017_5416739361_600_800.png,12anp2_20211228_164017_5416739361_600_800_mask.png,reação
5,4,10,9,411,548,421,557,411,548,421,548,421,557,411,557,text,table_text,table_3,courier,regular,8.0,12anp2_20211228_164017_5416739361_600_800.png,/scratch/parceirosbr/bigoilict/share/BigOil/document_generator/datasets/documents_2021_12_28/12anp2_20211228_164017_5416739361_600_800.png,12anp2_20211228_164017_5416739361_600_800_mask.png,ao
5,4,10,9,411,548,421,557,411,548,421,548,421,557,411,557,sub_line_text,table_text,table_3,courier,regular,8.0,12anp2_20211228_164017_5416739361_600_800.png,/scratch/parceirosbr/bigoilict/share/BigOil/document_generator/datasets/documents_2021_12_28/12anp2_20211228_164017_5416739361_600_800.png,12anp2_20211228_164017_5416739361_600_800_mask.png,ao
12,4,25,9,404,560,429,569,404,560,429,560,429,569,404,569,text,table_text,table_3,courier,regular,8.0,12anp2_20211228_164017_5416739361_600_800.png,/scratch/parceirosbr/bigoilict/share/BigOil/document_generator/datasets/documents_2021_12_28/12anp2_20211228_164017_5416739361_600_800.png,12anp2_20211228_164017_5416739361_600_800_mask.png,custo
12,4,25,9,404,560,429,569,404,560,429,560,429,569,404,569,sub_line_text,table_text,table_3,courier,regular,8.0,12anp2_20211228_164017_5416739361_600_800.png,/scratch/parceirosbr/bigoilict/share/BigOil/document_generator/datasets/documents_2021_12_28/12anp2_20211228_164017_5416739361_600_800.png,12anp2_20211228_164017_5416739361_600_800_mask.png,custo
15,4,30,9,401,572,431,581,401,572,431,572,431,581,401,581,text,table_text,table_3,courier,regular,8.0,12anp2_20211228_164017_5416739361_600_800.png,/scratch/parceirosbr/bigoilict/share/BigOil/document_generator/datasets/documents_2021_12_28/12anp2_20211228_164017_5416739361_600_800.png,12anp2_20211228_164017_5416739361_600_800_mask.png,global
15,4,30,9,401,572,431,581,401,572,431,572,431,581,401,581,sub_line_text,table_text,table_3,courier,regular,8.0,12anp2_20211228_164017_5416739361_600_800.png,/scratch/parceirosbr/bigoilict/share/BigOil/document_generator/datasets/documents_2021_12_28/12anp2_20211228_164017_5416739361_600_800.png,12anp2_20211228_164017_5416739361_600_800_mask.png,global
22,4,45,9,449,392,494,401,449,392,494,392,494,401,449,401,text,table_text,table_3,courier,regular,8.0,12anp2_20211228_164017_5416739361_600_800.png,/scratch/parceirosbr/bigoilict/share/BigOil/document_generator/datasets/documents_2021_12_28/12anp2_20211228_164017_5416739361_600_800.png,12anp2_20211228_164017_5416739361_600_800_mask.png,comercial
22,4,45,9,449,392,494,401,449,392,494,392,494,401,449,401,sub_line_text,table_text,table_3,courier,regular,8.0,12anp2_20211228_164017_5416739361_600_800.png,/scratch/parceirosbr/bigoilict/share/BigOil/document_generator/datasets/documents_2021_12_28/12anp2_20211228_164017_5416739361_600_800.png,12anp2_20211228_164017_5416739361_600_800_mask.png,comercial
22,4,45,9,449,404,494,413,449,404,494,404,494,413,449,413,text,table_text,table_3,courier,regular,8.0,12anp2_20211228_164017_5416739361_600_800.png,/scratch/parceirosbr/bigoilict/share/BigOil/document_generator/datasets/documents_2021_12_28/12anp2_20211228_164017_5416739361_600_800.png,12anp2_20211228_164017_5416739361_600_800_mask.png,estrutura
22,4,45,9,449,404,494,413,449,404,494,404,494,413,449,413,sub_line_text,table_text,table_3,courier,regular,8.0,12anp2_20211228_164017_5416739361_600_800.png,/scratch/parceirosbr/bigoilict/share/BigOil/document_generator/datasets/documents_2021_12_28/12anp2_20211228_164017_5416739361_600_800.png,12anp2_20211228_164017_5416739361_600_800_mask.png,estrutura
25,4,50,9,447,416,497,425,447,416,497,416,497,425,447,425,text,table_text,table_3,courier,regular,8.0,12anp2_20211228_164017_5416739361_600_800.png,/scratch/parceirosbr/bigoilict/share/BigOil/document_generator/datasets/documents_2021_12_28/12anp2_20211228_164017_5416739361_600_800.png,12anp2_20211228_164017_5416739361_600_800_mask.png,partículas
25,4,50,9,447,416,497,425,447,416,497,416,497,425,447,425,sub_line_text,table_text,table_3,courier,regular,8.0,12anp2_20211228_164017_5416739361_600_800.png,/scratch/parceirosbr/bigoilict/share/BigOil/document_generator/datasets/documents_2021_12_28/12anp2_20211228_164017_5416739361_600_800.png,12anp2_20211228_164017_5416739361_600_800_mask.png,partículas
5,4,10,9,467,428,477,437,467,428,477,428,477,437,467,437,text,table_text,table_3,courier,regular,8.0,12anp2_20211228_164017_5416739361_600_800.png,/scratch/parceirosbr/bigoilict/share/BigOil/document_generator/datasets/documents_2021_12_28/12anp2_20211228_164017_5416739361_600_800.png,12anp2_20211228_164017_5416739361_600_800_mask.png,os
5,4,10,9,467,428,477,437,467,428,477,428,477,437,467,437,sub_line_text,table_text,table_3,courier,regular,8.0,12anp2_20211228_164017_5416739361_600_800.png,/scratch/parceirosbr/bigoilict/share/BigOil/document_generator/datasets/documents_2021_12_28/12anp2_20211228_164017_5416739361_600_800.png,12anp2_20211228_164017_5416739361_600_800_mask.png,os
25,4,50,9,447,440,497,449,447,440,497,440,497,449,447,449,text,table_text,table_3,courier,regular,8.0,12anp2_20211228_164017_5416739361_600_800.png,/scratch/parceirosbr/bigoilict/share/BigOil/document_generator/datasets/documents_2021_12_28/12anp2_20211228_164017_5416739361_600_800.png,12anp2_20211228_164017_5416739361_600_800_mask.png,competirão
25,4,50,9,447,440,497,449,447,440,497,440,497,449,447,449,sub_line_text,table_text,table_3,courier,regular,8.0,12anp2_20211228_164017_5416739361_600_800.png,/scratch/parceirosbr/bigoilict/share/BigOil/document_generator/datasets/documents_2021_12_28/12anp2_20211228_164017_5416739361_600_800.png,12anp2_20211228_164017_5416739361_600_800_mask.png,competirão
25,4,50,9,447,452,497,461,447,452,497,452,497,461,447,461,text,table_text,table_3,courier,regular,8.0,12anp2_20211228_164017_5416739361_600_800.png,/scratch/parceirosbr/bigoilict/share/BigOil/document_generator/datasets/documents_2021_12_28/12anp2_20211228_164017_5416739361_600_800.png,12anp2_20211228_164017_5416739361_600_800_mask.png,competirão
25,4,50,9,447,452,497,461,447,452,497,452,497,461,447,461,sub_line_text,table_text,table_3,courier,regular,8.0,12anp2_20211228_164017_5416739361_600_800.png,/scratch/parceirosbr/bigoilict/share/BigOil/document_generator/datasets/documents_2021_12_28/12anp2_20211228_164017_5416739361_600_800.png,12anp2_20211228_164017_5416739361_600_800_mask.png,competirão
15,4,30,9,457,464,487,473,457,464,487,464,487,473,457,473,text,table_text,table_3,courier,regular,8.0,12anp2_20211228_164017_5416739361_600_800.png,/scratch/parceirosbr/bigoilict/share/BigOil/document_generator/datasets/documents_2021_12_28/12anp2_20211228_164017_5416739361_600_800.png,12anp2_20211228_164017_5416739361_600_800_mask.png,testes
15,4,30,9,457,464,487,473,457,464,487,464,487,473,457,473,sub_line_text,table_text,table_3,courier,regular,8.0,12anp2_20211228_164017_5416739361_600_800.png,/scratch/parceirosbr/bigoilict/share/BigOil/document_generator/datasets/documents_2021_12_28/12anp2_20211228_164017_5416739361_600_800.png,12anp2_20211228_164017_5416739361_600_800_mask.png,testes
15,4,30,9,457,476,487,485,457,476,487,476,487,485,457,485,text,table_text,table_3,courier,regular,8.0,12anp2_20211228_164017_5416739361_600_800.png,/scratch/parceirosbr/bigoilict/share/BigOil/document_generator/datasets/documents_2021_12_28/12anp2_20211228_164017_5416739361_600_800.png,12anp2_20211228_164017_5416739361_600_800_mask.png,máxima
15,4,30,9,457,476,487,485,457,476,487,476,487,485,457,485,sub_line_text,table_text,table_3,courier,regular,8.0,12anp2_20211228_164017_5416739361_600_800.png,/scratch/parceirosbr/bigoilict/share/BigOil/document_generator/datasets/documents_2021_12_28/12anp2_20211228_164017_5416739361_600_800.png,12anp2_20211228_164017_5416739361_600_800_mask.png,máxima
22,4,45,9,449,488,494,497,449,488,494,488,494,497,449,497,text,table_text,table_3,courier,regular,8.0,12anp2_20211228_164017_5416739361_600_800.png,/scratch/parceirosbr/bigoilict/share/BigOil/document_generator/datasets/documents_2021_12_28/12anp2_20211228_164017_5416739361_600_800.png,12anp2_20211228_164017_5416739361_600_800_mask.png,combustão
22,4,45,9,449,488,494,497,449,488,494,488,494,497,449,497,sub_line_text,table_text,table_3,courier,regular,8.0,12anp2_20211228_164017_5416739361_600_800.png,/scratch/parceirosbr/bigoilict/share/BigOil/document_generator/datasets/documents_2021_12_28/12anp2_20211228_164017_5416739361_600_800.png,12anp2_20211228_164017_5416739361_600_800_mask.png,combustão
20,4,40,9,451,500,491,509,451,500,491,500,491,509,451,509,text,table_text,table_3,courier,regular,8.0,12anp2_20211228_164017_5416739361_600_800.png,/scratch/parceirosbr/bigoilict/share/BigOil/document_generator/datasets/documents_2021_12_28/12anp2_20211228_164017_5416739361_600_800.png,12anp2_20211228_164017_5416739361_600_800_mask.png,completa
20,4,40,9,451,500,491,509,451,500,491,500,491,509,451,509,sub_line_text,table_text,table_3,courier,regular,8.0,12anp2_20211228_164017_5416739361_600_800.png,/scratch/parceirosbr/bigoilict/share/BigOil/document_generator/datasets/documents_2021_12_28/12anp2_20211228_164017_5416739361_600_800.png,12anp2_20211228_164017_5416739361_600_800_mask.png,completa
7,4,15,9,464,512,479,521,464,512,479,512,479,521,464,521,text,table_text,table_3,courier,regular,8.0,12anp2_20211228_164017_5416739361_600_800.png,/scratch/parceirosbr/bigoilict/share/BigOil/document_generator/datasets/documents_2021_12_28/12anp2_20211228_164017_5416739361_600_800.png,12anp2_20211228_164017_5416739361_600_800_mask.png,por
7,4,15,9,464,512,479,521,464,512,479,512,479,521,464,521,sub_line_text,table_text,table_3,courier,regular,8.0,12anp2_20211228_164017_5416739361_600_800.png,/scratch/parceirosbr/bigoilict/share/BigOil/document_generator/datasets/documents_2021_12_28/12anp2_20211228_164017_5416739361_600_800.png,12anp2_20211228_164017_5416739361_600_800_mask.png,por
7,4,15,9,464,524,479,533,464,524,479,524,479,533,464,533,text,table_text,table_3,courier,regular,8.0,12anp2_20211228_164017_5416739361_600_800.png,/scratch/parceirosbr/bigoilict/share/BigOil/document_generator/datasets/documents_2021_12_28/12anp2_20211228_164017_5416739361_600_800.png,12anp2_20211228_164017_5416739361_600_800_mask.png,sem
7,4,15,9,464,524,479,533,464,524,479,524,479,533,464,533,sub_line_text,table_text,table_3,courier,regular,8.0,12anp2_20211228_164017_5416739361_600_800.png,/scratch/parceirosbr/bigoilict/share/BigOil/document_generator/datasets/documents_2021_12_28/12anp2_20211228_164017_5416739361_600_800.png,12anp2_20211228_164017_5416739361_600_800_mask.png,sem
12,4,25,9,459,536,484,545,459,536,484,536,484,545,459,545,text,table_text,table_3,courier,regular,8.0,12anp2_20211228_164017_5416739361_600_800.png,/scratch/parceirosbr/bigoilict/share/BigOil/document_generator/datasets/documents_2021_12_28/12anp2_20211228_164017_5416739361_600_800.png,12anp2_20211228_164017_5416739361_600_800_mask.png,picos
12,4,25,9,459,536,484,545,459,536,484,536,484,545,459,545,sub_line_text,table_text,table_3,courier,regular,8.0,12anp2_20211228_164017_5416739361_600_800.png,/scratch/parceirosbr/bigoilict/share/BigOil/document_generator/datasets/documents_2021_12_28/12anp2_20211228_164017_5416739361_600_800.png,12anp2_20211228_164017_5416739361_600_800_mask.png,picos
20,4,40,9,451,548,491,557,451,548,491,548,491,557,451,557,text,table_text,table_3,courier,regular,8.0,12anp2_20211228_164017_5416739361_600_800.png,/scratch/parceirosbr/bigoilict/share/BigOil/document_generator/datasets/documents_2021_12_28/12anp2_20211228_164017_5416739361_600_800.png,12anp2_20211228_164017_5416739361_600_800_mask.png,formação
20,4,40,9,451,548,491,557,451,548,491,548,491,557,451,557,sub_line_text,table_text,table_3,courier,regular,8.0,12anp2_20211228_164017_5416739361_600_800.png,/scratch/parceirosbr/bigoilict/share/BigOil/document_generator/datasets/documents_2021_12_28/12anp2_20211228_164017_5416739361_600_800.png,12anp2_20211228_164017_5416739361_600_800_mask.png,formação
17,4,35,9,454,560,489,569,454,560,489,560,489,569,454,569,text,table_text,table_3,courier,regular,8.0,12anp2_20211228_164017_5416739361_600_800.png,/scratch/parceirosbr/bigoilict/share/BigOil/document_generator/datasets/documents_2021_12_28/12anp2_20211228_164017_5416739361_600_800.png,12anp2_20211228_164017_5416739361_600_800_mask.png,produto
17,4,35,9,454,560,489,569,454,560,489,560,489,569,454,569,sub_line_text,table_text,table_3,courier,regular,8.0,12anp2_20211228_164017_5416739361_600_800.png,/scratch/parceirosbr/bigoilict/share/BigOil/document_generator/datasets/documents_2021_12_28/12anp2_20211228_164017_5416739361_600_800.png,12anp2_20211228_164017_5416739361_600_800_mask.png,produto
22,4,45,9,449,572,494,581,449,572,494,572,494,581,449,581,text,table_text,table_3,courier,regular,8.0,12anp2_20211228_164017_5416739361_600_800.png,/scratch/parceirosbr/bigoilict/share/BigOil/document_generator/datasets/documents_2021_12_28/12anp2_20211228_164017_5416739361_600_800.png,12anp2_20211228_164017_5416739361_600_800_mask.png,problemas
22,4,45,9,449,572,494,581,449,572,494,572,494,581,449,581,sub_line_text,table_text,table_3,courier,regular,8.0,12anp2_20211228_164017_5416739361_600_800.png,/scratch/parceirosbr/bigoilict/share/BigOil/document_generator/datasets/documents_2021_12_28/12anp2_20211228_164017_5416739361_600_800.png,12anp2_20211228_164017_5416739361_600_800_mask.png,problemas
20,4,40,9,516,392,556,401,516,392,556,392,556,401,516,401,text,table_text,table_3,courier,regular,8.0,12anp2_20211228_164017_5416739361_600_800.png,/scratch/parceirosbr/bigoilict/share/BigOil/document_generator/datasets/documents_2021_12_28/12anp2_20211228_164017_5416739361_600_800.png,12anp2_20211228_164017_5416739361_600_800_mask.png,8741.964
20,4,40,9,516,392,556,401,516,392,556,392,556,401,516,401,sub_line_text,table_text,table_3,courier,regular,8.0,12anp2_20211228_164017_5416739361_600_800.png,/scratch/parceirosbr/bigoilict/share/BigOil/document_generator/datasets/documents_2021_12_28/12anp2_20211228_164017_5416739361_600_800.png,12anp2_20211228_164017_5416739361_600_800_mask.png,8741.964
22,4,45,9,511,404,556,413,511,404,556,404,556,413,511,413,text,table_text,table_3,courier,regular,8.0,12anp2_20211228_164017_5416739361_600_800.png,/scratch/parceirosbr/bigoilict/share/BigOil/document_generator/datasets/documents_2021_12_28/12anp2_20211228_164017_5416739361_600_800.png,12anp2_20211228_164017_5416739361_600_800_mask.png,11796.294
22,4,45,9,511,404,556,413,511,404,556,404,556,413,511,413,sub_line_text,table_text,table_3,courier,regular,8.0,12anp2_20211228_164017_5416739361_600_800.png,/scratch/parceirosbr/bigoilict/share/BigOil/document_generator/datasets/documents_2021_12_28/12anp2_20211228_164017_5416739361_600_800.png,12anp2_20211228_164017_5416739361_600_800_mask.png,11796.294
20,4,40,9,516,416,556,425,516,416,556,416,556,425,516,425,text,table_text,table_3,courier,regular,8.0,12anp2_20211228_164017_5416739361_600_800.png,/scratch/parceirosbr/bigoilict/share/BigOil/document_generator/datasets/documents_2021_12_28/12anp2_20211228_164017_5416739361_600_800.png,12anp2_20211228_164017_5416739361_600_800_mask.png,4765.903
20,4,40,9,516,416,556,425,516,416,556,416,556,425,516,425,sub_line_text,table_text,table_3,courier,regular,8.0,12anp2_20211228_164017_5416739361_600_800.png,/scratch/parceirosbr/bigoilict/share/BigOil/document_generator/datasets/documents_2021_12_28/12anp2_20211228_164017_5416739361_600_800.png,12anp2_20211228_164017_5416739361_600_800_mask.png,4765.903
20,4,40,9,516,428,556,437,516,428,556,428,556,437,516,437,text,table_text,table_3,courier,regular,8.0,12anp2_20211228_164017_5416739361_600_800.png,/scratch/parceirosbr/bigoilict/share/BigOil/document_generator/datasets/documents_2021_12_28/12anp2_20211228_164017_5416739361_600_800.png,12anp2_20211228_164017_5416739361_600_800_mask.png,5095.266
20,4,40,9,516,428,556,437,516,428,556,428,556,437,516,437,sub_line_text,table_text,table_3,courier,regular,8.0,12anp2_20211228_164017_5416739361_600_800.png,/scratch/parceirosbr/bigoilict/share/BigOil/document_generator/datasets/documents_2021_12_28/12anp2_20211228_164017_5416739361_600_800.png,12anp2_20211228_164017_5416739361_600_800_mask.png,5095.266
20,4,40,9,516,440,556,449,516,440,556,440,556,449,516,449,text,table_text,table_3,courier,regular,8.0,12anp2_20211228_164017_5416739361_600_800.png,/scratch/parceirosbr/bigoilict/share/BigOil/document_generator/datasets/documents_2021_12_28/12anp2_20211228_164017_5416739361_600_800.png,12anp2_20211228_164017_5416739361_600_800_mask.png,9537.291
20,4,40,9,516,440,556,449,516,440,556,440,556,449,516,449,sub_line_text,table_text,table_3,courier,regular,8.0,12anp2_20211228_164017_5416739361_600_800.png,/scratch/parceirosbr/bigoilict/share/BigOil/document_generator/datasets/documents_2021_12_28/12anp2_20211228_164017_5416739361_600_800.png,12anp2_20211228_164017_5416739361_600_800_mask.png,9537.291
22,4,45,9,511,452,556,461,511,452,556,452,556,461,511,461,text,table_text,table_3,courier,regular,8.0,12anp2_20211228_164017_5416739361_600_800.png,/scratch/parceirosbr/bigoilict/share/BigOil/document_generator/datasets/documents_2021_12_28/12anp2_20211228_164017_5416739361_600_800.png,12anp2_20211228_164017_5416739361_600_800_mask.png,26454.778
22,4,45,9,511,452,556,461,511,452,556,452,556,461,511,461,sub_line_text,table_text,table_3,courier,regular,8.0,12anp2_20211228_164017_5416739361_600_800.png,/scratch/parceirosbr/bigoilict/share/BigOil/document_generator/datasets/documents_2021_12_28/12anp2_20211228_164017_5416739361_600_800.png,12anp2_20211228_164017_5416739361_600_800_mask.png,26454.778
22,4,45,9,511,464,556,473,511,464,556,464,556,473,511,473,text,table_text,table_3,courier,regular,8.0,12anp2_20211228_164017_5416739361_600_800.png,/scratch/parceirosbr/bigoilict/share/BigOil/document_generator/datasets/documents_2021_12_28/12anp2_20211228_164017_5416739361_600_800.png,12anp2_20211228_164017_5416739361_600_800_mask.png,89391.331
22,4,45,9,511,464,556,473,511,464,556,464,556,473,511,473,sub_line_text,table_text,table_3,courier,regular,8.0,12anp2_20211228_164017_5416739361_600_800.png,/scratch/parceirosbr/bigoilict/share/BigOil/document_generator/datasets/documents_2021_12_28/12anp2_20211228_164017_5416739361_600_800.png,12anp2_20211228_164017_5416739361_600_800_mask.png,89391.331
22,4,45,9,511,476,556,485,511,476,556,476,556,485,511,485,text,table_text,table_3,courier,regular,8.0,12anp2_20211228_164017_5416739361_600_800.png,/scratch/parceirosbr/bigoilict/share/BigOil/document_generator/datasets/documents_2021_12_28/12anp2_20211228_164017_5416739361_600_800.png,12anp2_20211228_164017_5416739361_600_800_mask.png,10766.655
22,4,45,9,511,476,556,485,511,476,556,476,556,485,511,485,sub_line_text,table_text,table_3,courier,regular,8.0,12anp2_20211228_164017_5416739361_600_800.png,/scratch/parceirosbr/bigoilict/share/BigOil/document_generator/datasets/documents_2021_12_28/12anp2_20211228_164017_5416739361_600_800.png,12anp2_20211228_164017_5416739361_600_800_mask.png,10766.655
22,4,45,9,511,488,556,497,511,488,556,488,556,497,511,497,text,table_text,table_3,courier,regular,8.0,12anp2_20211228_164017_5416739361_600_800.png,/scratch/parceirosbr/bigoilict/share/BigOil/document_generator/datasets/documents_2021_12_28/12anp2_20211228_164017_5416739361_600_800.png,12anp2_20211228_164017_5416739361_600_800_mask.png,21607.712
22,4,45,9,511,488,556,497,511,488,556,488,556,497,511,497,sub_line_text,table_text,table_3,courier,regular,8.0,12anp2_20211228_164017_5416739361_600_800.png,/scratch/parceirosbr/bigoilict/share/BigOil/document_generator/datasets/documents_2021_12_28/12anp2_20211228_164017_5416739361_600_800.png,12anp2_20211228_164017_5416739361_600_800_mask.png,21607.712
22,4,45,9,511,500,556,509,511,500,556,500,556,509,511,509,text,table_text,table_3,courier,regular,8.0,12anp2_20211228_164017_5416739361_600_800.png,/scratch/parceirosbr/bigoilict/share/BigOil/document_generator/datasets/documents_2021_12_28/12anp2_20211228_164017_5416739361_600_800.png,12anp2_20211228_164017_5416739361_600_800_mask.png,72431.836
22,4,45,9,511,500,556,509,511,500,556,500,556,509,511,509,sub_line_text,table_text,table_3,courier,regular,8.0,12anp2_20211228_164017_5416739361_600_800.png,/scratch/parceirosbr/bigoilict/share/BigOil/document_generator/datasets/documents_2021_12_28/12anp2_20211228_164017_5416739361_600_800.png,12anp2_20211228_164017_5416739361_600_800_mask.png,72431.836
22,4,45,9,511,512,556,521,511,512,556,512,556,521,511,521,text,table_text,table_3,courier,regular,8.0,12anp2_20211228_164017_5416739361_600_800.png,/scratch/parceirosbr/bigoilict/share/BigOil/document_generator/datasets/documents_2021_12_28/12anp2_20211228_164017_5416739361_600_800.png,12anp2_20211228_164017_5416739361_600_800_mask.png,46570.915
22,4,45,9,511,512,556,521,511,512,556,512,556,521,511,521,sub_line_text,table_text,table_3,courier,regular,8.0,12anp2_20211228_164017_5416739361_600_800.png,/scratch/parceirosbr/bigoilict/share/BigOil/document_generator/datasets/documents_2021_12_28/12anp2_20211228_164017_5416739361_600_800.png,12anp2_20211228_164017_5416739361_600_800_mask.png,46570.915
20,4,40,9,516,524,556,533,516,524,556,524,556,533,516,533,text,table_text,table_3,courier,regular,8.0,12anp2_20211228_164017_5416739361_600_800.png,/scratch/parceirosbr/bigoilict/share/BigOil/document_generator/datasets/documents_2021_12_28/12anp2_20211228_164017_5416739361_600_800.png,12anp2_20211228_164017_5416739361_600_800_mask.png,2408.668
20,4,40,9,516,524,556,533,516,524,556,524,556,533,516,533,sub_line_text,table_text,table_3,courier,regular,8.0,12anp2_20211228_164017_5416739361_600_800.png,/scratch/parceirosbr/bigoilict/share/BigOil/document_generator/datasets/documents_2021_12_28/12anp2_20211228_164017_5416739361_600_800.png,12anp2_20211228_164017_5416739361_600_800_mask.png,2408.668
20,4,40,9,516,536,556,545,516,536,556,536,556,545,516,545,text,table_text,table_3,courier,regular,8.0,12anp2_20211228_164017_5416739361_600_800.png,/scratch/parceirosbr/bigoilict/share/BigOil/document_generator/datasets/documents_2021_12_28/12anp2_20211228_164017_5416739361_600_800.png,12anp2_20211228_164017_5416739361_600_800_mask.png,8011.884
20,4,40,9,516,536,556,545,516,536,556,536,556,545,516,545,sub_line_text,table_text,table_3,courier,regular,8.0,12anp2_20211228_164017_5416739361_600_800.png,/scratch/parceirosbr/bigoilict/share/BigOil/document_generator/datasets/documents_2021_12_28/12anp2_20211228_164017_5416739361_600_800.png,12anp2_20211228_164017_5416739361_600_800_mask.png,8011.884
20,4,40,9,516,548,556,557,516,548,556,548,556,557,516,557,text,table_text,table_3,courier,regular,8.0,12anp2_20211228_164017_5416739361_600_800.png,/scratch/parceirosbr/bigoilict/share/BigOil/document_generator/datasets/documents_2021_12_28/12anp2_20211228_164017_5416739361_600_800.png,12anp2_20211228_164017_5416739361_600_800_mask.png,9601.698
20,4,40,9,516,548,556,557,516,548,556,548,556,557,516,557,sub_line_text,table_text,table_3,courier,regular,8.0,12anp2_20211228_164017_5416739361_600_800.png,/scratch/parceirosbr/bigoilict/share/BigOil/document_generator/datasets/documents_2021_12_28/12anp2_20211228_164017_5416739361_600_800.png,12anp2_20211228_164017_5416739361_600_800_mask.png,9601.698
22,4,45,9,511,560,556,569,511,560,556,560,556,569,511,569,text,table_text,table_3,courier,regular,8.0,12anp2_20211228_164017_5416739361_600_800.png,/scratch/parceirosbr/bigoilict/share/BigOil/document_generator/datasets/documents_2021_12_28/12anp2_20211228_164017_5416739361_600_800.png,12anp2_20211228_164017_5416739361_600_800_mask.png,58165.388
22,4,45,9,511,560,556,569,511,560,556,560,556,569,511,569,sub_line_text,table_text,table_3,courier,regular,8.0,12anp2_20211228_164017_5416739361_600_800.png,/scratch/parceirosbr/bigoilict/share/BigOil/document_generator/datasets/documents_2021_12_28/12anp2_20211228_164017_5416739361_600_800.png,12anp2_20211228_164017_5416739361_600_800_mask.png,58165.388
20,4,40,9,516,572,556,581,516,572,556,572,556,581,516,581,text,table_text,table_3,courier,regular,8.0,12anp2_20211228_164017_5416739361_600_800.png,/scratch/parceirosbr/bigoilict/share/BigOil/document_generator/datasets/documents_2021_12_28/12anp2_20211228_164017_5416739361_600_800.png,12anp2_20211228_164017_5416739361_600_800_mask.png,4081.165
20,4,40,9,516,572,556,581,516,572,556,572,556,581,516,581,sub_line_text,table_text,table_3,courier,regular,8.0,12anp2_20211228_164017_5416739361_600_800.png,/scratch/parceirosbr/bigoilict/share/BigOil/document_generator/datasets/documents_2021_12_28/12anp2_20211228_164017_5416739361_600_800.png,12anp2_20211228_164017_5416739361_600_800_mask.png,4081.165
237,5,475,10,85,594,560,604,85,594,560,594,560,604,85,604,sub_line_text,text,text_1,roboto,regular,8,12anp2_20211228_164017_5416739361_600_800.png,/scratch/parceirosbr/bigoilict/share/BigOil/document_generator/datasets/documents_2021_12_28/12anp2_20211228_164017_5416739361_600_800.png,12anp2_20211228_164017_5416739361_600_800_mask.png,"Objetivo  Do  poço  ao  posto,  as  atribuições  da  envolvem, desde sua criação, um amplo escopo de atividades regulatórias ao longo"
252,5,504,10,55,607,559,617,55,607,559,607,559,617,55,617,sub_line_text,text,text_1,roboto,regular,8,12anp2_20211228_164017_5416739361_600_800.png,/scratch/parceirosbr/bigoilict/share/BigOil/document_generator/datasets/documents_2021_12_28/12anp2_20211228_164017_5416739361_600_800.png,12anp2_20211228_164017_5416739361_600_800_mask.png,"de  toda  a  cadeia  da  indústria  do  petróleo e do gás natural, passando a abranger, mais adiante, também os biocombustíveis.319 debates s-"
252,5,504,10,55,620,559,630,55,620,559,620,559,630,55,630,sub_line_text,text,text_1,roboto,regular,8,12anp2_20211228_164017_5416739361_600_800.png,/scratch/parceirosbr/bigoilict/share/BigOil/document_generator/datasets/documents_2021_12_28/12anp2_20211228_164017_5416739361_600_800.png,12anp2_20211228_164017_5416739361_600_800_mask.png,"obre  a  estruturação  da  se  deram em torno de alguns temas básicos e fundamentais para o seu funcionamento: a necessidade de autonomia,"
252,5,505,10,55,633,560,643,55,633,560,633,560,643,55,643,sub_line_text,text,text_1,roboto,regular,8,12anp2_20211228_164017_5416739361_600_800.png,/scratch/parceirosbr/bigoilict/share/BigOil/document_generator/datasets/documents_2021_12_28/12anp2_20211228_164017_5416739361_600_800.png,12anp2_20211228_164017_5416739361_600_800_mask.png,suas  atribuições  e  as características dos mandatos dos seus dirigentes. Merece destaque o fato de que o que resultará na ampliação da mal-
252,5,504,10,55,646,559,656,55,646,559,646,559,656,55,656,sub_line_text,text,text_1,roboto,regular,8,12anp2_20211228_164017_5416739361_600_800.png,/scratch/parceirosbr/bigoilict/share/BigOil/document_generator/datasets/documents_2021_12_28/12anp2_20211228_164017_5416739361_600_800.png,12anp2_20211228_164017_5416739361_600_800_mask.png,"ha  de  transporte  de  gás  natural  no  país,  foi  instituído de forma a limitar a participação da na ampliação dos dutos de transporte. Lentinula"
252,5,504,10,55,659,559,669,55,659,559,659,559,669,55,669,sub_line_text,text,text_1,roboto,regular,8,12anp2_20211228_164017_5416739361_600_800.png,/scratch/parceirosbr/bigoilict/share/BigOil/document_generator/datasets/documents_2021_12_28/12anp2_20211228_164017_5416739361_600_800.png,12anp2_20211228_164017_5416739361_600_800_mask.png,"edodoes  e  ostreatus  tem  potencial  de desenvolvimento em substrato de bagaço de cana termo hidrolisado. Já para o movimento de roll, o"
252,5,505,10,55,672,560,682,55,672,560,672,560,682,55,682,sub_line_text,text,text_1,roboto,regular,8,12anp2_20211228_164017_5416739361_600_800.png,/scratch/parceirosbr/bigoilict/share/BigOil/document_generator/datasets/documents_2021_12_28/12anp2_20211228_164017_5416739361_600_800.png,12anp2_20211228_164017_5416739361_600_800_mask.png,"pico  de  resposta  é  dado para uma onda incidindo também a 90, mas para um período de 16 a 18 segundos. 48. Nessa faixa de há ocorrênc-"
252,5,504,10,55,685,559,695,55,685,559,685,559,695,55,695,sub_line_text,text,text_1,roboto,regular,8,12anp2_20211228_164017_5416739361_600_800.png,/scratch/parceirosbr/bigoilict/share/BigOil/document_generator/datasets/documents_2021_12_28/12anp2_20211228_164017_5416739361_600_800.png,12anp2_20211228_164017_5416739361_600_800_mask.png,"ia  de  corrosão  por  ácidos naftênicos dependendo da temperatura de operação, resultante da vaporização dos ácidos naftênicos e posterior"
245,5,490,10,55,698,545,708,55,698,545,698,545,708,55,708,sub_line_text,text,text_1,roboto,regular,8,12anp2_20211228_164017_5416739361_600_800.png,/scratch/parceirosbr/bigoilict/share/BigOil/document_generator/datasets/documents_2021_12_28/12anp2_20211228_164017_5416739361_600_800.png,12anp2_20211228_164017_5416739361_600_800_mask.png,"condensação sobre a superfície do equipamento 2004). Nesse método, as curvas representam relações médias entre a vida em fadiga e a."
252,57,505,114,55,594,560,708,55,594,560,594,560,708,55,708,text,text,text_1,roboto,regular,8,12anp2_20211228_164017_5416739361_600_800.png,/scratch/parceirosbr/bigoilict/share/BigOil/document_generator/datasets/documents_2021_12_28/12anp2_20211228_164017_5416739361_600_800.png,12anp2_20211228_164017_5416739361_600_800_mask.png,nan
