center_x,center_y,width,height,xmin,ymin,xmax,ymax,top_left_x,top_left_y,top_right_x,top_right_y,bottom_right_x,bottom_right_y,bottom_left_x,bottom_left_y,label,grouplabel,group,text_font,text_style,size_font,filename,path,filename_mask,content
300,400,600,800,0,0,600,800,0,0,600,0,600,800,0,800,document,,,,,,13hea_20211228_164033_9719993399_600_800.png,/scratch/parceirosbr/bigoilict/share/BigOil/document_generator/datasets/documents_2021_12_28/13hea_20211228_164033_9719993399_600_800.png,13hea_20211228_164033_9719993399_600_800_mask.png,
253,1,507,2,50,125,557,127,50,125,557,125,557,127,50,127,line,line,line,,,,13hea_20211228_164033_9719993399_600_800.png,/scratch/parceirosbr/bigoilict/share/BigOil/document_generator/datasets/documents_2021_12_28/13hea_20211228_164033_9719993399_600_800.png,13hea_20211228_164033_9719993399_600_800_mask.png,nan
42,6,85,12,470,86,555,98,470,86,555,86,555,98,470,98,sub_line_text,header,header_1,roboto,regular,10,13hea_20211228_164033_9719993399_600_800.png,/scratch/parceirosbr/bigoilict/share/BigOil/document_generator/datasets/documents_2021_12_28/13hea_20211228_164033_9719993399_600_800.png,13hea_20211228_164033_9719993399_600_800_mask.png,Para a obter: de erro
42,6,85,12,470,86,555,98,470,86,555,86,555,98,470,98,text,header,header_1,roboto,regular,10,13hea_20211228_164033_9719993399_600_800.png,/scratch/parceirosbr/bigoilict/share/BigOil/document_generator/datasets/documents_2021_12_28/13hea_20211228_164033_9719993399_600_800.png,13hea_20211228_164033_9719993399_600_800_mask.png,nan
32,16,65,32,90,86,155,118,90,86,155,86,155,118,90,118,image,image,image,,,,13hea_20211228_164033_9719993399_600_800.png,/scratch/parceirosbr/bigoilict/share/BigOil/document_generator/datasets/documents_2021_12_28/13hea_20211228_164033_9719993399_600_800.png,13hea_20211228_164033_9719993399_600_800_mask.png,/scratch/parceirosbr/bigoilict/share/BigOil/document_generator/files_images_document_generator/logos\image_22.jpg
253,0,506,1,50,697,556,698,50,697,556,697,556,698,50,698,line,line,line,,,,13hea_20211228_164033_9719993399_600_800.png,/scratch/parceirosbr/bigoilict/share/BigOil/document_generator/datasets/documents_2021_12_28/13hea_20211228_164033_9719993399_600_800.png,13hea_20211228_164033_9719993399_600_800_mask.png,nan
6,5,12,11,296,697,308,708,296,697,308,697,308,708,296,708,sub_line_text,numpag,footer_1,roboto,regular,10,13hea_20211228_164033_9719993399_600_800.png,/scratch/parceirosbr/bigoilict/share/BigOil/document_generator/datasets/documents_2021_12_28/13hea_20211228_164033_9719993399_600_800.png,13hea_20211228_164033_9719993399_600_800_mask.png,75
6,5,12,11,296,697,308,708,296,697,308,697,308,708,296,708,text,numpag,footer_1,roboto,regular,10,13hea_20211228_164033_9719993399_600_800.png,/scratch/parceirosbr/bigoilict/share/BigOil/document_generator/datasets/documents_2021_12_28/13hea_20211228_164033_9719993399_600_800.png,13hea_20211228_164033_9719993399_600_800_mask.png,nan
236,6,472,12,80,139,552,151,80,139,552,139,552,151,80,151,sub_line_text,text,text_0,roboto,regular,10,13hea_20211228_164033_9719993399_600_800.png,/scratch/parceirosbr/bigoilict/share/BigOil/document_generator/datasets/documents_2021_12_28/13hea_20211228_164033_9719993399_600_800.png,13hea_20211228_164033_9719993399_600_800_mask.png,O  da  juntamente  com  a  empresa  desenvolveram  uma boia meteoceanográfica que foi fundeada no dia 30
250,6,501,12,50,157,551,169,50,157,551,157,551,169,50,169,sub_line_text,text,text_0,roboto,regular,10,13hea_20211228_164033_9719993399_600_800.png,/scratch/parceirosbr/bigoilict/share/BigOil/document_generator/datasets/documents_2021_12_28/13hea_20211228_164033_9719993399_600_800.png,13hea_20211228_164033_9719993399_600_800_mask.png,de  setembro  de  2014  na  próximo  à entrada da (Figura 24). O do foi o úni-co a apresentar crescimento de produç-
251,6,502,12,50,175,552,187,50,175,552,175,552,187,50,187,sub_line_text,text,text_0,roboto,regular,10,13hea_20211228_164033_9719993399_600_800.png,/scratch/parceirosbr/bigoilict/share/BigOil/document_generator/datasets/documents_2021_12_28/13hea_20211228_164033_9719993399_600_800.png,13hea_20211228_164033_9719993399_600_800_mask.png,ão  de.  O  leito  catalítico  também foi coberto com uma camada de lã de quartzo para que o mesmo se mantivesse f-
251,6,502,12,50,193,552,205,50,193,552,193,552,205,50,205,sub_line_text,text,text_0,roboto,regular,10,13hea_20211228_164033_9719993399_600_800.png,/scratch/parceirosbr/bigoilict/share/BigOil/document_generator/datasets/documents_2021_12_28/13hea_20211228_164033_9719993399_600_800.png,13hea_20211228_164033_9719993399_600_800_mask.png,ixo  ao  longo  das  reações.  A utilização do método para a fase sólida de um escoamento multifásico ocasiona dific-
250,6,501,12,50,211,551,223,50,211,551,211,551,223,50,223,sub_line_text,text,text_0,roboto,regular,10,13hea_20211228_164033_9719993399_600_800.png,/scratch/parceirosbr/bigoilict/share/BigOil/document_generator/datasets/documents_2021_12_28/13hea_20211228_164033_9719993399_600_800.png,13hea_20211228_164033_9719993399_600_800_mask.png,"uldades  de  convergência  do  processo  iterativo  1998).  A ótica da produção considera a soma, denominada valor"
250,6,501,12,50,229,551,241,50,229,551,229,551,241,50,241,sub_line_text,text,text_0,roboto,regular,10,13hea_20211228_164033_9719993399_600_800.png,/scratch/parceirosbr/bigoilict/share/BigOil/document_generator/datasets/documents_2021_12_28/13hea_20211228_164033_9719993399_600_800.png,13hea_20211228_164033_9719993399_600_800_mask.png,bruto  da  produção  dos  valores da produção de cada um dos bens e serviços produzidos em uma economia num
247,6,495,12,50,247,545,259,50,247,545,247,545,259,50,259,sub_line_text,text,text_0,roboto,regular,10,13hea_20211228_164033_9719993399_600_800.png,/scratch/parceirosbr/bigoilict/share/BigOil/document_generator/datasets/documents_2021_12_28/13hea_20211228_164033_9719993399_600_800.png,13hea_20211228_164033_9719993399_600_800_mask.png,dado intervalo de tempo e deduz desse montante a parcela relativa à soma dos bens e serviços utilizados como in.
251,60,502,120,50,139,552,259,50,139,552,139,552,259,50,259,text,text,text_0,roboto,regular,10,13hea_20211228_164033_9719993399_600_800.png,/scratch/parceirosbr/bigoilict/share/BigOil/document_generator/datasets/documents_2021_12_28/13hea_20211228_164033_9719993399_600_800.png,13hea_20211228_164033_9719993399_600_800_mask.png,nan
66,83,132,166,337,267,469,433,337,267,469,267,469,433,337,433,image,figure_image,figure_0,,,,13hea_20211228_164033_9719993399_600_800.png,/scratch/parceirosbr/bigoilict/share/BigOil/document_generator/datasets/documents_2021_12_28/13hea_20211228_164033_9719993399_600_800.png,13hea_20211228_164033_9719993399_600_800_mask.png,output/gen_img_20211228_164034_5834420092.png
6,1,12,3,350,352,362,355,350,352,362,352,362,355,350,355,text,figure_text,figure_0,,,,13hea_20211228_164033_9719993399_600_800.png,/scratch/parceirosbr/bigoilict/share/BigOil/document_generator/datasets/documents_2021_12_28/13hea_20211228_164033_9719993399_600_800.png,13hea_20211228_164033_9719993399_600_800_mask.png,Detour
6,1,12,3,350,352,362,355,350,352,362,352,362,355,350,355,sub_line_text,figure_text,figure_0,,,,13hea_20211228_164033_9719993399_600_800.png,/scratch/parceirosbr/bigoilict/share/BigOil/document_generator/datasets/documents_2021_12_28/13hea_20211228_164033_9719993399_600_800.png,13hea_20211228_164033_9719993399_600_800_mask.png,Detour
8,2,16,4,429,380,445,384,429,380,445,380,445,384,429,384,text,figure_text,figure_0,,,,13hea_20211228_164033_9719993399_600_800.png,/scratch/parceirosbr/bigoilict/share/BigOil/document_generator/datasets/documents_2021_12_28/13hea_20211228_164033_9719993399_600_800.png,13hea_20211228_164033_9719993399_600_800_mask.png,Data (GB)
8,2,16,4,429,380,445,384,429,380,445,380,445,384,429,384,sub_line_text,figure_text,figure_0,,,,13hea_20211228_164033_9719993399_600_800.png,/scratch/parceirosbr/bigoilict/share/BigOil/document_generator/datasets/documents_2021_12_28/13hea_20211228_164033_9719993399_600_800.png,13hea_20211228_164033_9719993399_600_800_mask.png,Data (GB)
7,2,14,4,373,395,387,399,373,395,387,395,387,399,373,399,text,figure_text,figure_0,,,,13hea_20211228_164033_9719993399_600_800.png,/scratch/parceirosbr/bigoilict/share/BigOil/document_generator/datasets/documents_2021_12_28/13hea_20211228_164033_9719993399_600_800.png,13hea_20211228_164033_9719993399_600_800_mask.png,Average
7,2,14,4,373,395,387,399,373,395,387,395,387,399,373,399,sub_line_text,figure_text,figure_0,,,,13hea_20211228_164033_9719993399_600_800.png,/scratch/parceirosbr/bigoilict/share/BigOil/document_generator/datasets/documents_2021_12_28/13hea_20211228_164033_9719993399_600_800.png,13hea_20211228_164033_9719993399_600_800_mask.png,Average
5,2,11,5,371,288,382,293,371,288,382,288,382,293,371,293,text,figure_text,figure_0,,,,13hea_20211228_164033_9719993399_600_800.png,/scratch/parceirosbr/bigoilict/share/BigOil/document_generator/datasets/documents_2021_12_28/13hea_20211228_164033_9719993399_600_800.png,13hea_20211228_164033_9719993399_600_800_mask.png,370.5%
5,2,11,5,371,288,382,293,371,288,382,288,382,293,371,293,sub_line_text,figure_text,figure_0,,,,13hea_20211228_164033_9719993399_600_800.png,/scratch/parceirosbr/bigoilict/share/BigOil/document_generator/datasets/documents_2021_12_28/13hea_20211228_164033_9719993399_600_800.png,13hea_20211228_164033_9719993399_600_800_mask.png,370.5%
11,2,22,4,344,371,366,375,344,371,366,371,366,375,344,375,text,figure_text,figure_0,,,,13hea_20211228_164033_9719993399_600_800.png,/scratch/parceirosbr/bigoilict/share/BigOil/document_generator/datasets/documents_2021_12_28/13hea_20211228_164033_9719993399_600_800.png,13hea_20211228_164033_9719993399_600_800_mask.png,Performance
11,2,22,4,344,371,366,375,344,371,366,371,366,375,344,375,sub_line_text,figure_text,figure_0,,,,13hea_20211228_164033_9719993399_600_800.png,/scratch/parceirosbr/bigoilict/share/BigOil/document_generator/datasets/documents_2021_12_28/13hea_20211228_164033_9719993399_600_800.png,13hea_20211228_164033_9719993399_600_800_mask.png,Performance
13,2,27,4,352,412,379,416,352,412,379,412,379,416,352,416,text,figure_text,figure_0,,,,13hea_20211228_164033_9719993399_600_800.png,/scratch/parceirosbr/bigoilict/share/BigOil/document_generator/datasets/documents_2021_12_28/13hea_20211228_164033_9719993399_600_800.png,13hea_20211228_164033_9719993399_600_800_mask.png,Processing [MB]
13,2,27,4,352,412,379,416,352,412,379,412,379,416,352,416,sub_line_text,figure_text,figure_0,,,,13hea_20211228_164033_9719993399_600_800.png,/scratch/parceirosbr/bigoilict/share/BigOil/document_generator/datasets/documents_2021_12_28/13hea_20211228_164033_9719993399_600_800.png,13hea_20211228_164033_9719993399_600_800_mask.png,Processing [MB]
12,2,25,5,379,357,404,362,379,357,404,357,404,362,379,362,text,figure_text,figure_0,,,,13hea_20211228_164033_9719993399_600_800.png,/scratch/parceirosbr/bigoilict/share/BigOil/document_generator/datasets/documents_2021_12_28/13hea_20211228_164033_9719993399_600_800.png,13hea_20211228_164033_9719993399_600_800_mask.png,Frequency [Hz]
12,2,25,5,379,357,404,362,379,357,404,357,404,362,379,362,sub_line_text,figure_text,figure_0,,,,13hea_20211228_164033_9719993399_600_800.png,/scratch/parceirosbr/bigoilict/share/BigOil/document_generator/datasets/documents_2021_12_28/13hea_20211228_164033_9719993399_600_800.png,13hea_20211228_164033_9719993399_600_800_mask.png,Frequency [Hz]
8,2,17,5,429,305,446,310,429,305,446,305,446,310,429,310,text,figure_text,figure_0,,,,13hea_20211228_164033_9719993399_600_800.png,/scratch/parceirosbr/bigoilict/share/BigOil/document_generator/datasets/documents_2021_12_28/13hea_20211228_164033_9719993399_600_800.png,13hea_20211228_164033_9719993399_600_800_mask.png,-2009.724
8,2,17,5,429,305,446,310,429,305,446,305,446,310,429,310,sub_line_text,figure_text,figure_0,,,,13hea_20211228_164033_9719993399_600_800.png,/scratch/parceirosbr/bigoilict/share/BigOil/document_generator/datasets/documents_2021_12_28/13hea_20211228_164033_9719993399_600_800.png,13hea_20211228_164033_9719993399_600_800_mask.png,-2009.724
7,2,15,4,436,330,451,334,436,330,451,330,451,334,436,334,text,figure_text,figure_0,,,,13hea_20211228_164033_9719993399_600_800.png,/scratch/parceirosbr/bigoilict/share/BigOil/document_generator/datasets/documents_2021_12_28/13hea_20211228_164033_9719993399_600_800.png,13hea_20211228_164033_9719993399_600_800_mask.png,Male [M]
7,2,15,4,436,330,451,334,436,330,451,330,451,334,436,334,sub_line_text,figure_text,figure_0,,,,13hea_20211228_164033_9719993399_600_800.png,/scratch/parceirosbr/bigoilict/share/BigOil/document_generator/datasets/documents_2021_12_28/13hea_20211228_164033_9719993399_600_800.png,13hea_20211228_164033_9719993399_600_800_mask.png,Male [M]
10,2,20,5,349,402,369,407,349,402,369,402,369,407,349,407,text,figure_text,figure_0,,,,13hea_20211228_164033_9719993399_600_800.png,/scratch/parceirosbr/bigoilict/share/BigOil/document_generator/datasets/documents_2021_12_28/13hea_20211228_164033_9719993399_600_800.png,13hea_20211228_164033_9719993399_600_800_mask.png,Energy (kw)
10,2,20,5,349,402,369,407,349,402,369,402,369,407,349,407,sub_line_text,figure_text,figure_0,,,,13hea_20211228_164033_9719993399_600_800.png,/scratch/parceirosbr/bigoilict/share/BigOil/document_generator/datasets/documents_2021_12_28/13hea_20211228_164033_9719993399_600_800.png,13hea_20211228_164033_9719993399_600_800_mask.png,Energy (kw)
7,1,14,3,439,360,453,363,439,360,453,360,453,363,439,363,text,figure_text,figure_0,,,,13hea_20211228_164033_9719993399_600_800.png,/scratch/parceirosbr/bigoilict/share/BigOil/document_generator/datasets/documents_2021_12_28/13hea_20211228_164033_9719993399_600_800.png,13hea_20211228_164033_9719993399_600_800_mask.png,Reaction
7,1,14,3,439,360,453,363,439,360,453,360,453,363,439,363,sub_line_text,figure_text,figure_0,,,,13hea_20211228_164033_9719993399_600_800.png,/scratch/parceirosbr/bigoilict/share/BigOil/document_generator/datasets/documents_2021_12_28/13hea_20211228_164033_9719993399_600_800.png,13hea_20211228_164033_9719993399_600_800_mask.png,Reaction
7,2,15,5,419,310,434,315,419,310,434,310,434,315,419,315,text,figure_text,figure_0,,,,13hea_20211228_164033_9719993399_600_800.png,/scratch/parceirosbr/bigoilict/share/BigOil/document_generator/datasets/documents_2021_12_28/13hea_20211228_164033_9719993399_600_800.png,13hea_20211228_164033_9719993399_600_800_mask.png,-8033.29
7,2,15,5,419,310,434,315,419,310,434,310,434,315,419,315,sub_line_text,figure_text,figure_0,,,,13hea_20211228_164033_9719993399_600_800.png,/scratch/parceirosbr/bigoilict/share/BigOil/document_generator/datasets/documents_2021_12_28/13hea_20211228_164033_9719993399_600_800.png,13hea_20211228_164033_9719993399_600_800_mask.png,-8033.29
7,2,14,4,352,273,366,277,352,273,366,273,366,277,352,277,text,figure_text,figure_0,,,,13hea_20211228_164033_9719993399_600_800.png,/scratch/parceirosbr/bigoilict/share/BigOil/document_generator/datasets/documents_2021_12_28/13hea_20211228_164033_9719993399_600_800.png,13hea_20211228_164033_9719993399_600_800_mask.png,-3819.22
7,2,14,4,352,273,366,277,352,273,366,273,366,277,352,277,sub_line_text,figure_text,figure_0,,,,13hea_20211228_164033_9719993399_600_800.png,/scratch/parceirosbr/bigoilict/share/BigOil/document_generator/datasets/documents_2021_12_28/13hea_20211228_164033_9719993399_600_800.png,13hea_20211228_164033_9719993399_600_800_mask.png,-3819.22
9,2,19,4,439,369,458,373,439,369,458,369,458,373,439,373,text,figure_text,figure_0,,,,13hea_20211228_164033_9719993399_600_800.png,/scratch/parceirosbr/bigoilict/share/BigOil/document_generator/datasets/documents_2021_12_28/13hea_20211228_164033_9719993399_600_800.png,13hea_20211228_164033_9719993399_600_800_mask.png,Quality[TB]
9,2,19,4,439,369,458,373,439,369,458,369,458,373,439,373,sub_line_text,figure_text,figure_0,,,,13hea_20211228_164033_9719993399_600_800.png,/scratch/parceirosbr/bigoilict/share/BigOil/document_generator/datasets/documents_2021_12_28/13hea_20211228_164033_9719993399_600_800.png,13hea_20211228_164033_9719993399_600_800_mask.png,Quality[TB]
4,2,9,4,368,424,377,428,368,424,377,424,377,428,368,428,text,figure_text,figure_0,,,,13hea_20211228_164033_9719993399_600_800.png,/scratch/parceirosbr/bigoilict/share/BigOil/document_generator/datasets/documents_2021_12_28/13hea_20211228_164033_9719993399_600_800.png,13hea_20211228_164033_9719993399_600_800_mask.png,Texts
4,2,9,4,368,424,377,428,368,424,377,424,377,428,368,428,sub_line_text,figure_text,figure_0,,,,13hea_20211228_164033_9719993399_600_800.png,/scratch/parceirosbr/bigoilict/share/BigOil/document_generator/datasets/documents_2021_12_28/13hea_20211228_164033_9719993399_600_800.png,13hea_20211228_164033_9719993399_600_800_mask.png,Texts
13,2,26,4,405,417,431,421,405,417,431,417,431,421,405,421,text,figure_text,figure_0,,,,13hea_20211228_164033_9719993399_600_800.png,/scratch/parceirosbr/bigoilict/share/BigOil/document_generator/datasets/documents_2021_12_28/13hea_20211228_164033_9719993399_600_800.png,13hea_20211228_164033_9719993399_600_800_mask.png,Processing [TB]
13,2,26,4,405,417,431,421,405,417,431,417,431,421,405,421,sub_line_text,figure_text,figure_0,,,,13hea_20211228_164033_9719993399_600_800.png,/scratch/parceirosbr/bigoilict/share/BigOil/document_generator/datasets/documents_2021_12_28/13hea_20211228_164033_9719993399_600_800.png,13hea_20211228_164033_9719993399_600_800_mask.png,Processing [TB]
7,2,15,4,422,363,437,367,422,363,437,363,437,367,422,367,text,figure_text,figure_0,,,,13hea_20211228_164033_9719993399_600_800.png,/scratch/parceirosbr/bigoilict/share/BigOil/document_generator/datasets/documents_2021_12_28/13hea_20211228_164033_9719993399_600_800.png,13hea_20211228_164033_9719993399_600_800_mask.png,Power [F]
7,2,15,4,422,363,437,367,422,363,437,363,437,367,422,367,sub_line_text,figure_text,figure_0,,,,13hea_20211228_164033_9719993399_600_800.png,/scratch/parceirosbr/bigoilict/share/BigOil/document_generator/datasets/documents_2021_12_28/13hea_20211228_164033_9719993399_600_800.png,13hea_20211228_164033_9719993399_600_800_mask.png,Power [F]
5,2,10,5,407,307,417,312,407,307,417,307,417,312,407,312,text,figure_text,figure_0,,,,13hea_20211228_164033_9719993399_600_800.png,/scratch/parceirosbr/bigoilict/share/BigOil/document_generator/datasets/documents_2021_12_28/13hea_20211228_164033_9719993399_600_800.png,13hea_20211228_164033_9719993399_600_800_mask.png,-2525
5,2,10,5,407,307,417,312,407,307,417,307,417,312,407,312,sub_line_text,figure_text,figure_0,,,,13hea_20211228_164033_9719993399_600_800.png,/scratch/parceirosbr/bigoilict/share/BigOil/document_generator/datasets/documents_2021_12_28/13hea_20211228_164033_9719993399_600_800.png,13hea_20211228_164033_9719993399_600_800_mask.png,-2525
4,2,9,4,439,398,448,402,439,398,448,398,448,402,439,402,text,figure_text,figure_0,,,,13hea_20211228_164033_9719993399_600_800.png,/scratch/parceirosbr/bigoilict/share/BigOil/document_generator/datasets/documents_2021_12_28/13hea_20211228_164033_9719993399_600_800.png,13hea_20211228_164033_9719993399_600_800_mask.png,Texts
4,2,9,4,439,398,448,402,439,398,448,398,448,402,439,402,sub_line_text,figure_text,figure_0,,,,13hea_20211228_164033_9719993399_600_800.png,/scratch/parceirosbr/bigoilict/share/BigOil/document_generator/datasets/documents_2021_12_28/13hea_20211228_164033_9719993399_600_800.png,13hea_20211228_164033_9719993399_600_800_mask.png,Texts
6,2,12,4,375,417,387,421,375,417,387,417,387,421,375,421,text,figure_text,figure_0,,,,13hea_20211228_164033_9719993399_600_800.png,/scratch/parceirosbr/bigoilict/share/BigOil/document_generator/datasets/documents_2021_12_28/13hea_20211228_164033_9719993399_600_800.png,13hea_20211228_164033_9719993399_600_800_mask.png,-6155.3
6,2,12,4,375,417,387,421,375,417,387,417,387,421,375,421,sub_line_text,figure_text,figure_0,,,,13hea_20211228_164033_9719993399_600_800.png,/scratch/parceirosbr/bigoilict/share/BigOil/document_generator/datasets/documents_2021_12_28/13hea_20211228_164033_9719993399_600_800.png,13hea_20211228_164033_9719993399_600_800_mask.png,-6155.3
9,2,18,4,426,374,444,378,426,374,444,374,444,378,426,378,text,figure_text,figure_0,,,,13hea_20211228_164033_9719993399_600_800.png,/scratch/parceirosbr/bigoilict/share/BigOil/document_generator/datasets/documents_2021_12_28/13hea_20211228_164033_9719993399_600_800.png,13hea_20211228_164033_9719993399_600_800_mask.png,Female (M)
9,2,18,4,426,374,444,378,426,374,444,374,444,378,426,378,sub_line_text,figure_text,figure_0,,,,13hea_20211228_164033_9719993399_600_800.png,/scratch/parceirosbr/bigoilict/share/BigOil/document_generator/datasets/documents_2021_12_28/13hea_20211228_164033_9719993399_600_800.png,13hea_20211228_164033_9719993399_600_800_mask.png,Female (M)
10,2,21,4,408,405,429,409,408,405,429,405,429,409,408,409,text,figure_text,figure_0,,,,13hea_20211228_164033_9719993399_600_800.png,/scratch/parceirosbr/bigoilict/share/BigOil/document_generator/datasets/documents_2021_12_28/13hea_20211228_164033_9719993399_600_800.png,13hea_20211228_164033_9719993399_600_800_mask.png,Vaporization
10,2,21,4,408,405,429,409,408,405,429,405,429,409,408,409,sub_line_text,figure_text,figure_0,,,,13hea_20211228_164033_9719993399_600_800.png,/scratch/parceirosbr/bigoilict/share/BigOil/document_generator/datasets/documents_2021_12_28/13hea_20211228_164033_9719993399_600_800.png,13hea_20211228_164033_9719993399_600_800_mask.png,Vaporization
6,2,13,4,451,332,464,336,451,332,464,332,464,336,451,336,text,figure_text,figure_0,,,,13hea_20211228_164033_9719993399_600_800.png,/scratch/parceirosbr/bigoilict/share/BigOil/document_generator/datasets/documents_2021_12_28/13hea_20211228_164033_9719993399_600_800.png,13hea_20211228_164033_9719993399_600_800_mask.png,-427.36
6,2,13,4,451,332,464,336,451,332,464,332,464,336,451,336,sub_line_text,figure_text,figure_0,,,,13hea_20211228_164033_9719993399_600_800.png,/scratch/parceirosbr/bigoilict/share/BigOil/document_generator/datasets/documents_2021_12_28/13hea_20211228_164033_9719993399_600_800.png,13hea_20211228_164033_9719993399_600_800_mask.png,-427.36
7,2,15,5,387,378,402,383,387,378,402,378,402,383,387,383,text,figure_text,figure_0,,,,13hea_20211228_164033_9719993399_600_800.png,/scratch/parceirosbr/bigoilict/share/BigOil/document_generator/datasets/documents_2021_12_28/13hea_20211228_164033_9719993399_600_800.png,13hea_20211228_164033_9719993399_600_800_mask.png,-8058.51
7,2,15,5,387,378,402,383,387,378,402,378,402,383,387,383,sub_line_text,figure_text,figure_0,,,,13hea_20211228_164033_9719993399_600_800.png,/scratch/parceirosbr/bigoilict/share/BigOil/document_generator/datasets/documents_2021_12_28/13hea_20211228_164033_9719993399_600_800.png,13hea_20211228_164033_9719993399_600_800_mask.png,-8058.51
5,1,10,3,448,299,458,302,448,299,458,299,458,302,448,302,text,figure_text,figure_0,,,,13hea_20211228_164033_9719993399_600_800.png,/scratch/parceirosbr/bigoilict/share/BigOil/document_generator/datasets/documents_2021_12_28/13hea_20211228_164033_9719993399_600_800.png,13hea_20211228_164033_9719993399_600_800_mask.png,-2118
5,1,10,3,448,299,458,302,448,299,458,299,458,302,448,302,sub_line_text,figure_text,figure_0,,,,13hea_20211228_164033_9719993399_600_800.png,/scratch/parceirosbr/bigoilict/share/BigOil/document_generator/datasets/documents_2021_12_28/13hea_20211228_164033_9719993399_600_800.png,13hea_20211228_164033_9719993399_600_800_mask.png,-2118
6,2,13,4,437,270,450,274,437,270,450,270,450,274,437,274,text,figure_text,figure_0,,,,13hea_20211228_164033_9719993399_600_800.png,/scratch/parceirosbr/bigoilict/share/BigOil/document_generator/datasets/documents_2021_12_28/13hea_20211228_164033_9719993399_600_800.png,13hea_20211228_164033_9719993399_600_800_mask.png,-4608.2
6,2,13,4,437,270,450,274,437,270,450,270,450,274,437,274,sub_line_text,figure_text,figure_0,,,,13hea_20211228_164033_9719993399_600_800.png,/scratch/parceirosbr/bigoilict/share/BigOil/document_generator/datasets/documents_2021_12_28/13hea_20211228_164033_9719993399_600_800.png,13hea_20211228_164033_9719993399_600_800_mask.png,-4608.2
10,2,21,4,438,386,459,390,438,386,459,386,459,390,438,390,text,figure_text,figure_0,,,,13hea_20211228_164033_9719993399_600_800.png,/scratch/parceirosbr/bigoilict/share/BigOil/document_generator/datasets/documents_2021_12_28/13hea_20211228_164033_9719993399_600_800.png,13hea_20211228_164033_9719993399_600_800_mask.png,Water (MM)
10,2,21,4,438,386,459,390,438,386,459,386,459,390,438,390,sub_line_text,figure_text,figure_0,,,,13hea_20211228_164033_9719993399_600_800.png,/scratch/parceirosbr/bigoilict/share/BigOil/document_generator/datasets/documents_2021_12_28/13hea_20211228_164033_9719993399_600_800.png,13hea_20211228_164033_9719993399_600_800_mask.png,Water (MM)
6,2,13,4,434,422,447,426,434,422,447,422,447,426,434,426,text,figure_text,figure_0,,,,13hea_20211228_164033_9719993399_600_800.png,/scratch/parceirosbr/bigoilict/share/BigOil/document_generator/datasets/documents_2021_12_28/13hea_20211228_164033_9719993399_600_800.png,13hea_20211228_164033_9719993399_600_800_mask.png,-5070.4
6,2,13,4,434,422,447,426,434,422,447,422,447,426,434,426,sub_line_text,figure_text,figure_0,,,,13hea_20211228_164033_9719993399_600_800.png,/scratch/parceirosbr/bigoilict/share/BigOil/document_generator/datasets/documents_2021_12_28/13hea_20211228_164033_9719993399_600_800.png,13hea_20211228_164033_9719993399_600_800_mask.png,-5070.4
12,2,25,4,399,327,424,331,399,327,424,327,424,331,399,331,text,figure_text,figure_0,,,,13hea_20211228_164033_9719993399_600_800.png,/scratch/parceirosbr/bigoilict/share/BigOil/document_generator/datasets/documents_2021_12_28/13hea_20211228_164033_9719993399_600_800.png,13hea_20211228_164033_9719993399_600_800_mask.png,Frequency [Hz]
12,2,25,4,399,327,424,331,399,327,424,327,424,331,399,331,sub_line_text,figure_text,figure_0,,,,13hea_20211228_164033_9719993399_600_800.png,/scratch/parceirosbr/bigoilict/share/BigOil/document_generator/datasets/documents_2021_12_28/13hea_20211228_164033_9719993399_600_800.png,13hea_20211228_164033_9719993399_600_800_mask.png,Frequency [Hz]
11,1,22,3,441,348,463,351,441,348,463,348,463,351,441,351,text,figure_text,figure_0,,,,13hea_20211228_164033_9719993399_600_800.png,/scratch/parceirosbr/bigoilict/share/BigOil/document_generator/datasets/documents_2021_12_28/13hea_20211228_164033_9719993399_600_800.png,13hea_20211228_164033_9719993399_600_800_mask.png,Demand (KB)
11,1,22,3,441,348,463,351,441,348,463,348,463,351,441,351,sub_line_text,figure_text,figure_0,,,,13hea_20211228_164033_9719993399_600_800.png,/scratch/parceirosbr/bigoilict/share/BigOil/document_generator/datasets/documents_2021_12_28/13hea_20211228_164033_9719993399_600_800.png,13hea_20211228_164033_9719993399_600_800_mask.png,Demand (KB)
84,5,168,11,56,267,224,278,56,267,224,267,224,278,56,278,sub_line_text,figure_legend,figure_0,roboto,regular,9,13hea_20211228_164033_9719993399_600_800.png,/scratch/parceirosbr/bigoilict/share/BigOil/document_generator/datasets/documents_2021_12_28/13hea_20211228_164033_9719993399_600_800.png,13hea_20211228_164033_9719993399_600_800_mask.png,Fig.  74:    A impedância é definida como o
84,5,168,11,56,284,224,295,56,284,224,284,224,295,56,295,sub_line_text,figure_legend,figure_0,roboto,regular,9,13hea_20211228_164033_9719993399_600_800.png,/scratch/parceirosbr/bigoilict/share/BigOil/document_generator/datasets/documents_2021_12_28/13hea_20211228_164033_9719993399_600_800.png,13hea_20211228_164033_9719993399_600_800_mask.png,inverso   da  injetividade  normalizada  pela
84,5,169,11,56,301,225,312,56,301,225,301,225,312,56,312,sub_line_text,figure_legend,figure_0,roboto,regular,9,13hea_20211228_164033_9719993399_600_800.png,/scratch/parceirosbr/bigoilict/share/BigOil/document_generator/datasets/documents_2021_12_28/13hea_20211228_164033_9719993399_600_800.png,13hea_20211228_164033_9719993399_600_800_mask.png,injetividade  inicial.  The  fraction  of conve-
84,5,169,11,56,318,225,329,56,318,225,318,225,329,56,329,sub_line_text,figure_legend,figure_0,roboto,regular,9,13hea_20211228_164033_9719993399_600_800.png,/scratch/parceirosbr/bigoilict/share/BigOil/document_generator/datasets/documents_2021_12_28/13hea_20211228_164033_9719993399_600_800.png,13hea_20211228_164033_9719993399_600_800_mask.png,rsion  of  reacted to carbon oxides was 67-
24,5,48,11,56,335,104,346,56,335,104,335,104,346,56,346,sub_line_text,figure_legend,figure_0,roboto,regular,9,13hea_20211228_164033_9719993399_600_800.png,/scratch/parceirosbr/bigoilict/share/BigOil/document_generator/datasets/documents_2021_12_28/13hea_20211228_164033_9719993399_600_800.png,13hea_20211228_164033_9719993399_600_800_mask.png,.6%.  If there
84,39,169,79,56,267,225,346,56,267,225,267,225,346,56,346,text,figure_legend,figure_0,roboto,regular,9,13hea_20211228_164033_9719993399_600_800.png,/scratch/parceirosbr/bigoilict/share/BigOil/document_generator/datasets/documents_2021_12_28/13hea_20211228_164033_9719993399_600_800.png,13hea_20211228_164033_9719993399_600_800_mask.png,nan
144,100,288,201,233,441,521,642,233,441,521,441,521,642,233,642,table,table_image,table_0,,,,13hea_20211228_164033_9719993399_600_800.png,/scratch/parceirosbr/bigoilict/share/BigOil/document_generator/datasets/documents_2021_12_28/13hea_20211228_164033_9719993399_600_800.png,13hea_20211228_164033_9719993399_600_800_mask.png,output/gen_tab_20211228_164036_9924233962.png
19,5,38,10,271,446,309,456,271,446,309,446,309,456,271,456,text,table_text,table_0,times,regular,10.0,13hea_20211228_164033_9719993399_600_800.png,/scratch/parceirosbr/bigoilict/share/BigOil/document_generator/datasets/documents_2021_12_28/13hea_20211228_164033_9719993399_600_800.png,13hea_20211228_164033_9719993399_600_800_mask.png,explicação
19,5,38,10,271,446,309,456,271,446,309,446,309,456,271,456,sub_line_text,table_text,table_0,times,regular,10.0,13hea_20211228_164033_9719993399_600_800.png,/scratch/parceirosbr/bigoilict/share/BigOil/document_generator/datasets/documents_2021_12_28/13hea_20211228_164033_9719993399_600_800.png,13hea_20211228_164033_9719993399_600_800_mask.png,explicação
5,5,10,10,286,460,296,470,286,460,296,460,296,470,286,470,text,table_text,table_0,times,bold,10.0,13hea_20211228_164033_9719993399_600_800.png,/scratch/parceirosbr/bigoilict/share/BigOil/document_generator/datasets/documents_2021_12_28/13hea_20211228_164033_9719993399_600_800.png,13hea_20211228_164033_9719993399_600_800_mask.png,ou
5,5,10,10,286,460,296,470,286,460,296,460,296,470,286,470,sub_line_text,table_text,table_0,times,bold,10.0,13hea_20211228_164033_9719993399_600_800.png,/scratch/parceirosbr/bigoilict/share/BigOil/document_generator/datasets/documents_2021_12_28/13hea_20211228_164033_9719993399_600_800.png,13hea_20211228_164033_9719993399_600_800_mask.png,ou
5,5,10,10,286,473,296,483,286,473,296,473,296,483,286,483,text,table_text,table_0,times,bold,10.0,13hea_20211228_164033_9719993399_600_800.png,/scratch/parceirosbr/bigoilict/share/BigOil/document_generator/datasets/documents_2021_12_28/13hea_20211228_164033_9719993399_600_800.png,13hea_20211228_164033_9719993399_600_800_mask.png,de
5,5,10,10,286,473,296,483,286,473,296,473,296,483,286,483,sub_line_text,table_text,table_0,times,bold,10.0,13hea_20211228_164033_9719993399_600_800.png,/scratch/parceirosbr/bigoilict/share/BigOil/document_generator/datasets/documents_2021_12_28/13hea_20211228_164033_9719993399_600_800.png,13hea_20211228_164033_9719993399_600_800_mask.png,de
37,5,74,10,253,486,327,496,253,486,327,486,327,496,253,496,text,table_text,table_0,times,bold,10.0,13hea_20211228_164033_9719993399_600_800.png,/scratch/parceirosbr/bigoilict/share/BigOil/document_generator/datasets/documents_2021_12_28/13hea_20211228_164033_9719993399_600_800.png,13hea_20211228_164033_9719993399_600_800_mask.png,consequentemente
37,5,74,10,253,486,327,496,253,486,327,486,327,496,253,496,sub_line_text,table_text,table_0,times,bold,10.0,13hea_20211228_164033_9719993399_600_800.png,/scratch/parceirosbr/bigoilict/share/BigOil/document_generator/datasets/documents_2021_12_28/13hea_20211228_164033_9719993399_600_800.png,13hea_20211228_164033_9719993399_600_800_mask.png,consequentemente
16,5,33,10,274,500,307,510,274,500,307,500,307,510,274,510,text,table_text,table_0,times,bold,10.0,13hea_20211228_164033_9719993399_600_800.png,/scratch/parceirosbr/bigoilict/share/BigOil/document_generator/datasets/documents_2021_12_28/13hea_20211228_164033_9719993399_600_800.png,13hea_20211228_164033_9719993399_600_800_mask.png,produto
16,5,33,10,274,500,307,510,274,500,307,500,307,510,274,510,sub_line_text,table_text,table_0,times,bold,10.0,13hea_20211228_164033_9719993399_600_800.png,/scratch/parceirosbr/bigoilict/share/BigOil/document_generator/datasets/documents_2021_12_28/13hea_20211228_164033_9719993399_600_800.png,13hea_20211228_164033_9719993399_600_800_mask.png,produto
14,5,28,10,276,513,304,523,276,513,304,513,304,523,276,523,text,table_text,table_0,times,bold,10.0,13hea_20211228_164033_9719993399_600_800.png,/scratch/parceirosbr/bigoilict/share/BigOil/document_generator/datasets/documents_2021_12_28/13hea_20211228_164033_9719993399_600_800.png,13hea_20211228_164033_9719993399_600_800_mask.png,projeto
14,5,28,10,276,513,304,523,276,513,304,513,304,523,276,523,sub_line_text,table_text,table_0,times,bold,10.0,13hea_20211228_164033_9719993399_600_800.png,/scratch/parceirosbr/bigoilict/share/BigOil/document_generator/datasets/documents_2021_12_28/13hea_20211228_164033_9719993399_600_800.png,13hea_20211228_164033_9719993399_600_800_mask.png,projeto
7,5,15,10,284,526,299,536,284,526,299,526,299,536,284,536,text,table_text,table_0,times,bold,10.0,13hea_20211228_164033_9719993399_600_800.png,/scratch/parceirosbr/bigoilict/share/BigOil/document_generator/datasets/documents_2021_12_28/13hea_20211228_164033_9719993399_600_800.png,13hea_20211228_164033_9719993399_600_800_mask.png,este
7,5,15,10,284,526,299,536,284,526,299,526,299,536,284,536,sub_line_text,table_text,table_0,times,bold,10.0,13hea_20211228_164033_9719993399_600_800.png,/scratch/parceirosbr/bigoilict/share/BigOil/document_generator/datasets/documents_2021_12_28/13hea_20211228_164033_9719993399_600_800.png,13hea_20211228_164033_9719993399_600_800_mask.png,este
10,5,20,10,280,540,300,550,280,540,300,540,300,550,280,550,text,table_text,table_0,times,bold,10.0,13hea_20211228_164033_9719993399_600_800.png,/scratch/parceirosbr/bigoilict/share/BigOil/document_generator/datasets/documents_2021_12_28/13hea_20211228_164033_9719993399_600_800.png,13hea_20211228_164033_9719993399_600_800_mask.png,atual
10,5,20,10,280,540,300,550,280,540,300,540,300,550,280,550,sub_line_text,table_text,table_0,times,bold,10.0,13hea_20211228_164033_9719993399_600_800.png,/scratch/parceirosbr/bigoilict/share/BigOil/document_generator/datasets/documents_2021_12_28/13hea_20211228_164033_9719993399_600_800.png,13hea_20211228_164033_9719993399_600_800_mask.png,atual
10,5,20,10,280,553,300,563,280,553,300,553,300,563,280,563,text,table_text,table_0,times,bold,10.0,13hea_20211228_164033_9719993399_600_800.png,/scratch/parceirosbr/bigoilict/share/BigOil/document_generator/datasets/documents_2021_12_28/13hea_20211228_164033_9719993399_600_800.png,13hea_20211228_164033_9719993399_600_800_mask.png,tanto
10,5,20,10,280,553,300,563,280,553,300,553,300,563,280,563,sub_line_text,table_text,table_0,times,bold,10.0,13hea_20211228_164033_9719993399_600_800.png,/scratch/parceirosbr/bigoilict/share/BigOil/document_generator/datasets/documents_2021_12_28/13hea_20211228_164033_9719993399_600_800.png,13hea_20211228_164033_9719993399_600_800_mask.png,tanto
7,5,14,10,284,566,298,576,284,566,298,566,298,576,284,576,text,table_text,table_0,times,bold,10.0,13hea_20211228_164033_9719993399_600_800.png,/scratch/parceirosbr/bigoilict/share/BigOil/document_generator/datasets/documents_2021_12_28/13hea_20211228_164033_9719993399_600_800.png,13hea_20211228_164033_9719993399_600_800_mask.png,um
7,5,14,10,284,566,298,576,284,566,298,566,298,576,284,576,sub_line_text,table_text,table_0,times,bold,10.0,13hea_20211228_164033_9719993399_600_800.png,/scratch/parceirosbr/bigoilict/share/BigOil/document_generator/datasets/documents_2021_12_28/13hea_20211228_164033_9719993399_600_800.png,13hea_20211228_164033_9719993399_600_800_mask.png,um
15,5,31,10,275,580,306,590,275,580,306,580,306,590,275,590,text,table_text,table_0,times,bold,10.0,13hea_20211228_164033_9719993399_600_800.png,/scratch/parceirosbr/bigoilict/share/BigOil/document_generator/datasets/documents_2021_12_28/13hea_20211228_164033_9719993399_600_800.png,13hea_20211228_164033_9719993399_600_800_mask.png,distinto
15,5,31,10,275,580,306,590,275,580,306,580,306,590,275,590,sub_line_text,table_text,table_0,times,bold,10.0,13hea_20211228_164033_9719993399_600_800.png,/scratch/parceirosbr/bigoilict/share/BigOil/document_generator/datasets/documents_2021_12_28/13hea_20211228_164033_9719993399_600_800.png,13hea_20211228_164033_9719993399_600_800_mask.png,distinto
9,5,19,10,282,593,301,603,282,593,301,593,301,603,282,603,text,table_text,table_0,times,bold,10.0,13hea_20211228_164033_9719993399_600_800.png,/scratch/parceirosbr/bigoilict/share/BigOil/document_generator/datasets/documents_2021_12_28/13hea_20211228_164033_9719993399_600_800.png,13hea_20211228_164033_9719993399_600_800_mask.png,mais
9,5,19,10,282,593,301,603,282,593,301,593,301,603,282,603,sub_line_text,table_text,table_0,times,bold,10.0,13hea_20211228_164033_9719993399_600_800.png,/scratch/parceirosbr/bigoilict/share/BigOil/document_generator/datasets/documents_2021_12_28/13hea_20211228_164033_9719993399_600_800.png,13hea_20211228_164033_9719993399_600_800_mask.png,mais
14,5,28,10,276,606,304,616,276,606,304,606,304,616,276,616,text,table_text,table_0,times,bold,10.0,13hea_20211228_164033_9719993399_600_800.png,/scratch/parceirosbr/bigoilict/share/BigOil/document_generator/datasets/documents_2021_12_28/13hea_20211228_164033_9719993399_600_800.png,13hea_20211228_164033_9719993399_600_800_mask.png,podem
14,5,28,10,276,606,304,616,276,606,304,606,304,616,276,616,sub_line_text,table_text,table_0,times,bold,10.0,13hea_20211228_164033_9719993399_600_800.png,/scratch/parceirosbr/bigoilict/share/BigOil/document_generator/datasets/documents_2021_12_28/13hea_20211228_164033_9719993399_600_800.png,13hea_20211228_164033_9719993399_600_800_mask.png,podem
21,5,43,10,269,620,312,630,269,620,312,620,312,630,269,630,text,table_text,table_0,times,regular,10.0,13hea_20211228_164033_9719993399_600_800.png,/scratch/parceirosbr/bigoilict/share/BigOil/document_generator/datasets/documents_2021_12_28/13hea_20211228_164033_9719993399_600_800.png,13hea_20211228_164033_9719993399_600_800_mask.png,aprisionado
21,5,43,10,269,620,312,630,269,620,312,620,312,630,269,630,sub_line_text,table_text,table_0,times,regular,10.0,13hea_20211228_164033_9719993399_600_800.png,/scratch/parceirosbr/bigoilict/share/BigOil/document_generator/datasets/documents_2021_12_28/13hea_20211228_164033_9719993399_600_800.png,13hea_20211228_164033_9719993399_600_800_mask.png,aprisionado
25,5,51,10,363,446,414,456,363,446,414,446,414,456,363,456,text,table_text,table_0,times,regular,10.0,13hea_20211228_164033_9719993399_600_800.png,/scratch/parceirosbr/bigoilict/share/BigOil/document_generator/datasets/documents_2021_12_28/13hea_20211228_164033_9719993399_600_800.png,13hea_20211228_164033_9719993399_600_800_mask.png,características
25,5,51,10,363,446,414,456,363,446,414,446,414,456,363,456,sub_line_text,table_text,table_0,times,regular,10.0,13hea_20211228_164033_9719993399_600_800.png,/scratch/parceirosbr/bigoilict/share/BigOil/document_generator/datasets/documents_2021_12_28/13hea_20211228_164033_9719993399_600_800.png,13hea_20211228_164033_9719993399_600_800_mask.png,características
11,5,22,10,377,460,399,470,377,460,399,460,399,470,377,470,text,table_text,table_0,times,bold,10.0,13hea_20211228_164033_9719993399_600_800.png,/scratch/parceirosbr/bigoilict/share/BigOil/document_generator/datasets/documents_2021_12_28/13hea_20211228_164033_9719993399_600_800.png,13hea_20211228_164033_9719993399_600_800_mask.png,sobre
11,5,22,10,377,460,399,470,377,460,399,460,399,470,377,470,sub_line_text,table_text,table_0,times,bold,10.0,13hea_20211228_164033_9719993399_600_800.png,/scratch/parceirosbr/bigoilict/share/BigOil/document_generator/datasets/documents_2021_12_28/13hea_20211228_164033_9719993399_600_800.png,13hea_20211228_164033_9719993399_600_800_mask.png,sobre
10,5,21,10,377,473,398,483,377,473,398,473,398,483,377,483,text,table_text,table_0,times,bold,10.0,13hea_20211228_164033_9719993399_600_800.png,/scratch/parceirosbr/bigoilict/share/BigOil/document_generator/datasets/documents_2021_12_28/13hea_20211228_164033_9719993399_600_800.png,13hea_20211228_164033_9719993399_600_800_mask.png,berço
10,5,21,10,377,473,398,483,377,473,398,473,398,483,377,483,sub_line_text,table_text,table_0,times,bold,10.0,13hea_20211228_164033_9719993399_600_800.png,/scratch/parceirosbr/bigoilict/share/BigOil/document_generator/datasets/documents_2021_12_28/13hea_20211228_164033_9719993399_600_800.png,13hea_20211228_164033_9719993399_600_800_mask.png,berço
20,5,41,10,367,486,408,496,367,486,408,486,408,496,367,496,text,table_text,table_0,times,bold,10.0,13hea_20211228_164033_9719993399_600_800.png,/scratch/parceirosbr/bigoilict/share/BigOil/document_generator/datasets/documents_2021_12_28/13hea_20211228_164033_9719993399_600_800.png,13hea_20211228_164033_9719993399_600_800_mask.png,indicando
20,5,41,10,367,486,408,496,367,486,408,486,408,496,367,496,sub_line_text,table_text,table_0,times,bold,10.0,13hea_20211228_164033_9719993399_600_800.png,/scratch/parceirosbr/bigoilict/share/BigOil/document_generator/datasets/documents_2021_12_28/13hea_20211228_164033_9719993399_600_800.png,13hea_20211228_164033_9719993399_600_800_mask.png,indicando
34,5,68,10,354,500,422,510,354,500,422,500,422,510,354,510,text,table_text,table_0,times,bold,10.0,13hea_20211228_164033_9719993399_600_800.png,/scratch/parceirosbr/bigoilict/share/BigOil/document_generator/datasets/documents_2021_12_28/13hea_20211228_164033_9719993399_600_800.png,13hea_20211228_164033_9719993399_600_800_mask.png,irreversibilidade
34,5,68,10,354,500,422,510,354,500,422,500,422,510,354,510,sub_line_text,table_text,table_0,times,bold,10.0,13hea_20211228_164033_9719993399_600_800.png,/scratch/parceirosbr/bigoilict/share/BigOil/document_generator/datasets/documents_2021_12_28/13hea_20211228_164033_9719993399_600_800.png,13hea_20211228_164033_9719993399_600_800_mask.png,irreversibilidade
34,5,68,10,354,513,422,523,354,513,422,513,422,523,354,523,text,table_text,table_0,times,bold,10.0,13hea_20211228_164033_9719993399_600_800.png,/scratch/parceirosbr/bigoilict/share/BigOil/document_generator/datasets/documents_2021_12_28/13hea_20211228_164033_9719993399_600_800.png,13hea_20211228_164033_9719993399_600_800_mask.png,irreversibilidade
34,5,68,10,354,513,422,523,354,513,422,513,422,523,354,523,sub_line_text,table_text,table_0,times,bold,10.0,13hea_20211228_164033_9719993399_600_800.png,/scratch/parceirosbr/bigoilict/share/BigOil/document_generator/datasets/documents_2021_12_28/13hea_20211228_164033_9719993399_600_800.png,13hea_20211228_164033_9719993399_600_800_mask.png,irreversibilidade
8,5,17,10,380,526,397,536,380,526,397,526,397,536,380,536,text,table_text,table_0,times,bold,10.0,13hea_20211228_164033_9719993399_600_800.png,/scratch/parceirosbr/bigoilict/share/BigOil/document_generator/datasets/documents_2021_12_28/13hea_20211228_164033_9719993399_600_800.png,13hea_20211228_164033_9719993399_600_800_mask.png,com
8,5,17,10,380,526,397,536,380,526,397,526,397,536,380,536,sub_line_text,table_text,table_0,times,bold,10.0,13hea_20211228_164033_9719993399_600_800.png,/scratch/parceirosbr/bigoilict/share/BigOil/document_generator/datasets/documents_2021_12_28/13hea_20211228_164033_9719993399_600_800.png,13hea_20211228_164033_9719993399_600_800_mask.png,com
13,5,27,10,375,540,402,550,375,540,402,540,402,550,375,550,text,table_text,table_0,times,bold,10.0,13hea_20211228_164033_9719993399_600_800.png,/scratch/parceirosbr/bigoilict/share/BigOil/document_generator/datasets/documents_2021_12_28/13hea_20211228_164033_9719993399_600_800.png,13hea_20211228_164033_9719993399_600_800_mask.png,devido
13,5,27,10,375,540,402,550,375,540,402,540,402,550,375,550,sub_line_text,table_text,table_0,times,bold,10.0,13hea_20211228_164033_9719993399_600_800.png,/scratch/parceirosbr/bigoilict/share/BigOil/document_generator/datasets/documents_2021_12_28/13hea_20211228_164033_9719993399_600_800.png,13hea_20211228_164033_9719993399_600_800_mask.png,devido
23,5,46,10,366,553,412,563,366,553,412,553,412,563,366,563,text,table_text,table_0,times,bold,10.0,13hea_20211228_164033_9719993399_600_800.png,/scratch/parceirosbr/bigoilict/share/BigOil/document_generator/datasets/documents_2021_12_28/13hea_20211228_164033_9719993399_600_800.png,13hea_20211228_164033_9719993399_600_800_mask.png,diminuição
23,5,46,10,366,553,412,563,366,553,412,553,412,563,366,563,sub_line_text,table_text,table_0,times,bold,10.0,13hea_20211228_164033_9719993399_600_800.png,/scratch/parceirosbr/bigoilict/share/BigOil/document_generator/datasets/documents_2021_12_28/13hea_20211228_164033_9719993399_600_800.png,13hea_20211228_164033_9719993399_600_800_mask.png,diminuição
25,5,50,10,364,566,414,576,364,566,414,566,414,576,364,576,text,table_text,table_0,times,bold,10.0,13hea_20211228_164033_9719993399_600_800.png,/scratch/parceirosbr/bigoilict/share/BigOil/document_generator/datasets/documents_2021_12_28/13hea_20211228_164033_9719993399_600_800.png,13hea_20211228_164033_9719993399_600_800_mask.png,dificultando
25,5,50,10,364,566,414,576,364,566,414,566,414,576,364,576,sub_line_text,table_text,table_0,times,bold,10.0,13hea_20211228_164033_9719993399_600_800.png,/scratch/parceirosbr/bigoilict/share/BigOil/document_generator/datasets/documents_2021_12_28/13hea_20211228_164033_9719993399_600_800.png,13hea_20211228_164033_9719993399_600_800_mask.png,dificultando
16,5,32,10,372,580,404,590,372,580,404,580,404,590,372,590,text,table_text,table_0,times,bold,10.0,13hea_20211228_164033_9719993399_600_800.png,/scratch/parceirosbr/bigoilict/share/BigOil/document_generator/datasets/documents_2021_12_28/13hea_20211228_164033_9719993399_600_800.png,13hea_20211228_164033_9719993399_600_800_mask.png,decisões
16,5,32,10,372,580,404,590,372,580,404,580,404,590,372,590,sub_line_text,table_text,table_0,times,bold,10.0,13hea_20211228_164033_9719993399_600_800.png,/scratch/parceirosbr/bigoilict/share/BigOil/document_generator/datasets/documents_2021_12_28/13hea_20211228_164033_9719993399_600_800.png,13hea_20211228_164033_9719993399_600_800_mask.png,decisões
8,5,16,10,381,593,397,603,381,593,397,593,397,603,381,603,text,table_text,table_0,times,bold,10.0,13hea_20211228_164033_9719993399_600_800.png,/scratch/parceirosbr/bigoilict/share/BigOil/document_generator/datasets/documents_2021_12_28/13hea_20211228_164033_9719993399_600_800.png,13hea_20211228_164033_9719993399_600_800_mask.png,fase
8,5,16,10,381,593,397,603,381,593,397,593,397,603,381,603,sub_line_text,table_text,table_0,times,bold,10.0,13hea_20211228_164033_9719993399_600_800.png,/scratch/parceirosbr/bigoilict/share/BigOil/document_generator/datasets/documents_2021_12_28/13hea_20211228_164033_9719993399_600_800.png,13hea_20211228_164033_9719993399_600_800_mask.png,fase
18,5,36,10,370,606,406,616,370,606,406,606,406,616,370,616,text,table_text,table_0,times,bold,10.0,13hea_20211228_164033_9719993399_600_800.png,/scratch/parceirosbr/bigoilict/share/BigOil/document_generator/datasets/documents_2021_12_28/13hea_20211228_164033_9719993399_600_800.png,13hea_20211228_164033_9719993399_600_800_mask.png,derivado
18,5,36,10,370,606,406,616,370,606,406,606,406,616,370,616,sub_line_text,table_text,table_0,times,bold,10.0,13hea_20211228_164033_9719993399_600_800.png,/scratch/parceirosbr/bigoilict/share/BigOil/document_generator/datasets/documents_2021_12_28/13hea_20211228_164033_9719993399_600_800.png,13hea_20211228_164033_9719993399_600_800_mask.png,derivado
4,5,9,10,384,620,393,630,384,620,393,620,393,630,384,630,text,table_text,table_0,times,regular,10.0,13hea_20211228_164033_9719993399_600_800.png,/scratch/parceirosbr/bigoilict/share/BigOil/document_generator/datasets/documents_2021_12_28/13hea_20211228_164033_9719993399_600_800.png,13hea_20211228_164033_9719993399_600_800_mask.png,do
4,5,9,10,384,620,393,630,384,620,393,620,393,630,384,630,sub_line_text,table_text,table_0,times,regular,10.0,13hea_20211228_164033_9719993399_600_800.png,/scratch/parceirosbr/bigoilict/share/BigOil/document_generator/datasets/documents_2021_12_28/13hea_20211228_164033_9719993399_600_800.png,13hea_20211228_164033_9719993399_600_800_mask.png,do
19,5,38,10,477,446,515,456,477,446,515,446,515,456,477,456,text,table_text,table_0,times,regular,10.0,13hea_20211228_164033_9719993399_600_800.png,/scratch/parceirosbr/bigoilict/share/BigOil/document_generator/datasets/documents_2021_12_28/13hea_20211228_164033_9719993399_600_800.png,13hea_20211228_164033_9719993399_600_800_mask.png,principais
19,5,38,10,477,446,515,456,477,446,515,446,515,456,477,456,sub_line_text,table_text,table_0,times,regular,10.0,13hea_20211228_164033_9719993399_600_800.png,/scratch/parceirosbr/bigoilict/share/BigOil/document_generator/datasets/documents_2021_12_28/13hea_20211228_164033_9719993399_600_800.png,13hea_20211228_164033_9719993399_600_800_mask.png,principais
25,5,50,10,464,460,514,470,464,460,514,460,514,470,464,470,text,table_text,table_0,times,bold,10.0,13hea_20211228_164033_9719993399_600_800.png,/scratch/parceirosbr/bigoilict/share/BigOil/document_generator/datasets/documents_2021_12_28/13hea_20211228_164033_9719993399_600_800.png,13hea_20211228_164033_9719993399_600_800_mask.png,74711604.50
25,5,50,10,464,460,514,470,464,460,514,460,514,470,464,470,sub_line_text,table_text,table_0,times,bold,10.0,13hea_20211228_164033_9719993399_600_800.png,/scratch/parceirosbr/bigoilict/share/BigOil/document_generator/datasets/documents_2021_12_28/13hea_20211228_164033_9719993399_600_800.png,13hea_20211228_164033_9719993399_600_800_mask.png,74711604.50
25,5,50,10,464,473,514,483,464,473,514,473,514,483,464,483,text,table_text,table_0,times,bold,10.0,13hea_20211228_164033_9719993399_600_800.png,/scratch/parceirosbr/bigoilict/share/BigOil/document_generator/datasets/documents_2021_12_28/13hea_20211228_164033_9719993399_600_800.png,13hea_20211228_164033_9719993399_600_800_mask.png,73645827.46
25,5,50,10,464,473,514,483,464,473,514,473,514,483,464,483,sub_line_text,table_text,table_0,times,bold,10.0,13hea_20211228_164033_9719993399_600_800.png,/scratch/parceirosbr/bigoilict/share/BigOil/document_generator/datasets/documents_2021_12_28/13hea_20211228_164033_9719993399_600_800.png,13hea_20211228_164033_9719993399_600_800_mask.png,73645827.46
25,5,50,10,464,486,514,496,464,486,514,486,514,496,464,496,text,table_text,table_0,times,bold,10.0,13hea_20211228_164033_9719993399_600_800.png,/scratch/parceirosbr/bigoilict/share/BigOil/document_generator/datasets/documents_2021_12_28/13hea_20211228_164033_9719993399_600_800.png,13hea_20211228_164033_9719993399_600_800_mask.png,75922272.70
25,5,50,10,464,486,514,496,464,486,514,486,514,496,464,496,sub_line_text,table_text,table_0,times,bold,10.0,13hea_20211228_164033_9719993399_600_800.png,/scratch/parceirosbr/bigoilict/share/BigOil/document_generator/datasets/documents_2021_12_28/13hea_20211228_164033_9719993399_600_800.png,13hea_20211228_164033_9719993399_600_800_mask.png,75922272.70
25,5,50,10,464,500,514,510,464,500,514,500,514,510,464,510,text,table_text,table_0,times,bold,10.0,13hea_20211228_164033_9719993399_600_800.png,/scratch/parceirosbr/bigoilict/share/BigOil/document_generator/datasets/documents_2021_12_28/13hea_20211228_164033_9719993399_600_800.png,13hea_20211228_164033_9719993399_600_800_mask.png,21427293.59
25,5,50,10,464,500,514,510,464,500,514,500,514,510,464,510,sub_line_text,table_text,table_0,times,bold,10.0,13hea_20211228_164033_9719993399_600_800.png,/scratch/parceirosbr/bigoilict/share/BigOil/document_generator/datasets/documents_2021_12_28/13hea_20211228_164033_9719993399_600_800.png,13hea_20211228_164033_9719993399_600_800_mask.png,21427293.59
25,5,50,10,464,513,514,523,464,513,514,513,514,523,464,523,text,table_text,table_0,times,bold,10.0,13hea_20211228_164033_9719993399_600_800.png,/scratch/parceirosbr/bigoilict/share/BigOil/document_generator/datasets/documents_2021_12_28/13hea_20211228_164033_9719993399_600_800.png,13hea_20211228_164033_9719993399_600_800_mask.png,36518144.96
25,5,50,10,464,513,514,523,464,513,514,513,514,523,464,523,sub_line_text,table_text,table_0,times,bold,10.0,13hea_20211228_164033_9719993399_600_800.png,/scratch/parceirosbr/bigoilict/share/BigOil/document_generator/datasets/documents_2021_12_28/13hea_20211228_164033_9719993399_600_800.png,13hea_20211228_164033_9719993399_600_800_mask.png,36518144.96
25,5,50,10,464,526,514,536,464,526,514,526,514,536,464,536,text,table_text,table_0,times,bold,10.0,13hea_20211228_164033_9719993399_600_800.png,/scratch/parceirosbr/bigoilict/share/BigOil/document_generator/datasets/documents_2021_12_28/13hea_20211228_164033_9719993399_600_800.png,13hea_20211228_164033_9719993399_600_800_mask.png,12394395.46
25,5,50,10,464,526,514,536,464,526,514,526,514,536,464,536,sub_line_text,table_text,table_0,times,bold,10.0,13hea_20211228_164033_9719993399_600_800.png,/scratch/parceirosbr/bigoilict/share/BigOil/document_generator/datasets/documents_2021_12_28/13hea_20211228_164033_9719993399_600_800.png,13hea_20211228_164033_9719993399_600_800_mask.png,12394395.46
25,5,50,10,464,540,514,550,464,540,514,540,514,550,464,550,text,table_text,table_0,times,bold,10.0,13hea_20211228_164033_9719993399_600_800.png,/scratch/parceirosbr/bigoilict/share/BigOil/document_generator/datasets/documents_2021_12_28/13hea_20211228_164033_9719993399_600_800.png,13hea_20211228_164033_9719993399_600_800_mask.png,94159068.38
25,5,50,10,464,540,514,550,464,540,514,540,514,550,464,550,sub_line_text,table_text,table_0,times,bold,10.0,13hea_20211228_164033_9719993399_600_800.png,/scratch/parceirosbr/bigoilict/share/BigOil/document_generator/datasets/documents_2021_12_28/13hea_20211228_164033_9719993399_600_800.png,13hea_20211228_164033_9719993399_600_800_mask.png,94159068.38
25,5,50,10,464,553,514,563,464,553,514,553,514,563,464,563,text,table_text,table_0,times,bold,10.0,13hea_20211228_164033_9719993399_600_800.png,/scratch/parceirosbr/bigoilict/share/BigOil/document_generator/datasets/documents_2021_12_28/13hea_20211228_164033_9719993399_600_800.png,13hea_20211228_164033_9719993399_600_800_mask.png,50352775.70
25,5,50,10,464,553,514,563,464,553,514,553,514,563,464,563,sub_line_text,table_text,table_0,times,bold,10.0,13hea_20211228_164033_9719993399_600_800.png,/scratch/parceirosbr/bigoilict/share/BigOil/document_generator/datasets/documents_2021_12_28/13hea_20211228_164033_9719993399_600_800.png,13hea_20211228_164033_9719993399_600_800_mask.png,50352775.70
25,5,50,10,464,566,514,576,464,566,514,566,514,576,464,576,text,table_text,table_0,times,bold,10.0,13hea_20211228_164033_9719993399_600_800.png,/scratch/parceirosbr/bigoilict/share/BigOil/document_generator/datasets/documents_2021_12_28/13hea_20211228_164033_9719993399_600_800.png,13hea_20211228_164033_9719993399_600_800_mask.png,16038498.43
25,5,50,10,464,566,514,576,464,566,514,566,514,576,464,576,sub_line_text,table_text,table_0,times,bold,10.0,13hea_20211228_164033_9719993399_600_800.png,/scratch/parceirosbr/bigoilict/share/BigOil/document_generator/datasets/documents_2021_12_28/13hea_20211228_164033_9719993399_600_800.png,13hea_20211228_164033_9719993399_600_800_mask.png,16038498.43
25,5,50,10,464,580,514,590,464,580,514,580,514,590,464,590,text,table_text,table_0,times,bold,10.0,13hea_20211228_164033_9719993399_600_800.png,/scratch/parceirosbr/bigoilict/share/BigOil/document_generator/datasets/documents_2021_12_28/13hea_20211228_164033_9719993399_600_800.png,13hea_20211228_164033_9719993399_600_800_mask.png,27407572.01
25,5,50,10,464,580,514,590,464,580,514,580,514,590,464,590,sub_line_text,table_text,table_0,times,bold,10.0,13hea_20211228_164033_9719993399_600_800.png,/scratch/parceirosbr/bigoilict/share/BigOil/document_generator/datasets/documents_2021_12_28/13hea_20211228_164033_9719993399_600_800.png,13hea_20211228_164033_9719993399_600_800_mask.png,27407572.01
25,5,50,10,464,593,514,603,464,593,514,593,514,603,464,603,text,table_text,table_0,times,bold,10.0,13hea_20211228_164033_9719993399_600_800.png,/scratch/parceirosbr/bigoilict/share/BigOil/document_generator/datasets/documents_2021_12_28/13hea_20211228_164033_9719993399_600_800.png,13hea_20211228_164033_9719993399_600_800_mask.png,72000355.86
25,5,50,10,464,593,514,603,464,593,514,593,514,603,464,603,sub_line_text,table_text,table_0,times,bold,10.0,13hea_20211228_164033_9719993399_600_800.png,/scratch/parceirosbr/bigoilict/share/BigOil/document_generator/datasets/documents_2021_12_28/13hea_20211228_164033_9719993399_600_800.png,13hea_20211228_164033_9719993399_600_800_mask.png,72000355.86
25,5,50,10,464,606,514,616,464,606,514,606,514,616,464,616,text,table_text,table_0,times,bold,10.0,13hea_20211228_164033_9719993399_600_800.png,/scratch/parceirosbr/bigoilict/share/BigOil/document_generator/datasets/documents_2021_12_28/13hea_20211228_164033_9719993399_600_800.png,13hea_20211228_164033_9719993399_600_800_mask.png,40903872.79
25,5,50,10,464,606,514,616,464,606,514,606,514,616,464,616,sub_line_text,table_text,table_0,times,bold,10.0,13hea_20211228_164033_9719993399_600_800.png,/scratch/parceirosbr/bigoilict/share/BigOil/document_generator/datasets/documents_2021_12_28/13hea_20211228_164033_9719993399_600_800.png,13hea_20211228_164033_9719993399_600_800_mask.png,40903872.79
25,5,50,10,464,620,514,630,464,620,514,620,514,630,464,630,text,table_text,table_0,times,regular,10.0,13hea_20211228_164033_9719993399_600_800.png,/scratch/parceirosbr/bigoilict/share/BigOil/document_generator/datasets/documents_2021_12_28/13hea_20211228_164033_9719993399_600_800.png,13hea_20211228_164033_9719993399_600_800_mask.png,82341011.75
25,5,50,10,464,620,514,630,464,620,514,620,514,630,464,630,sub_line_text,table_text,table_0,times,regular,10.0,13hea_20211228_164033_9719993399_600_800.png,/scratch/parceirosbr/bigoilict/share/BigOil/document_generator/datasets/documents_2021_12_28/13hea_20211228_164033_9719993399_600_800.png,13hea_20211228_164033_9719993399_600_800_mask.png,82341011.75
59,5,119,11,65,441,184,452,65,441,184,441,184,452,65,452,sub_line_text,table_legend,table_0,roboto,regular,9,13hea_20211228_164033_9719993399_600_800.png,/scratch/parceirosbr/bigoilict/share/BigOil/document_generator/datasets/documents_2021_12_28/13hea_20211228_164033_9719993399_600_800.png,13hea_20211228_164033_9719993399_600_800_mask.png,Table  150:  Source: condens-
60,5,120,11,65,458,185,469,65,458,185,458,185,469,65,469,sub_line_text,table_legend,table_0,roboto,regular,9,13hea_20211228_164033_9719993399_600_800.png,/scratch/parceirosbr/bigoilict/share/BigOil/document_generator/datasets/documents_2021_12_28/13hea_20211228_164033_9719993399_600_800.png,13hea_20211228_164033_9719993399_600_800_mask.png,ed  and  does  not  include e **
59,5,119,11,65,475,184,486,65,475,184,475,184,486,65,486,sub_line_text,table_legend,table_0,roboto,regular,9,13hea_20211228_164033_9719993399_600_800.png,/scratch/parceirosbr/bigoilict/share/BigOil/document_generator/datasets/documents_2021_12_28/13hea_20211228_164033_9719993399_600_800.png,13hea_20211228_164033_9719993399_600_800_mask.png,"Includes:  diesel  oil, fuel oil, (i-"
59,5,119,11,65,492,184,503,65,492,184,492,184,503,65,503,sub_line_text,table_legend,table_0,roboto,regular,9,13hea_20211228_164033_9719993399_600_800.png,/scratch/parceirosbr/bigoilict/share/BigOil/document_generator/datasets/documents_2021_12_28/13hea_20211228_164033_9719993399_600_800.png,13hea_20211228_164033_9719993399_600_800_mask.png,"ncludes butane and propane),"
22,5,45,11,65,509,110,520,65,509,110,509,110,520,65,520,sub_line_text,table_legend,table_0,roboto,regular,9,13hea_20211228_164033_9719993399_600_800.png,/scratch/parceirosbr/bigoilict/share/BigOil/document_generator/datasets/documents_2021_12_28/13hea_20211228_164033_9719993399_600_800.png,13hea_20211228_164033_9719993399_600_800_mask.png,automotive
60,39,120,79,65,441,185,520,65,441,185,441,185,520,65,520,text,table_legend,table_0,roboto,regular,9,13hea_20211228_164033_9719993399_600_800.png,/scratch/parceirosbr/bigoilict/share/BigOil/document_generator/datasets/documents_2021_12_28/13hea_20211228_164033_9719993399_600_800.png,13hea_20211228_164033_9719993399_600_800_mask.png,nan
226,6,453,12,80,650,533,662,80,650,533,650,533,662,80,662,sub_line_text,text,text_1,roboto,regular,10,13hea_20211228_164033_9719993399_600_800.png,/scratch/parceirosbr/bigoilict/share/BigOil/document_generator/datasets/documents_2021_12_28/13hea_20211228_164033_9719993399_600_800.png,13hea_20211228_164033_9719993399_600_800_mask.png,Qp (condition of (g / g / g) medium (g / g) medium (g / g) medium (mg / Lh) medium oxygenationg / g /.
226,6,453,12,80,650,533,662,80,650,533,650,533,662,80,662,text,text,text_1,roboto,regular,10,13hea_20211228_164033_9719993399_600_800.png,/scratch/parceirosbr/bigoilict/share/BigOil/document_generator/datasets/documents_2021_12_28/13hea_20211228_164033_9719993399_600_800.png,13hea_20211228_164033_9719993399_600_800_mask.png,nan
