center_x,center_y,width,height,xmin,ymin,xmax,ymax,top_left_x,top_left_y,top_right_x,top_right_y,bottom_right_x,bottom_right_y,bottom_left_x,bottom_left_y,label,grouplabel,group,text_font,text_style,size_font,filename,path,filename_mask,content
300,400,600,800,0,0,600,800,0,0,600,0,600,800,0,800,document,,,,,,13hea_20211228_164033_5122407919_600_800.png,/scratch/parceirosbr/bigoilict/share/BigOil/document_generator/datasets/documents_2021_12_28/13hea_20211228_164033_5122407919_600_800.png,13hea_20211228_164033_5122407919_600_800_mask.png,
247,1,494,2,58,97,552,99,58,97,552,97,552,99,58,99,line,line,line,,,,13hea_20211228_164033_5122407919_600_800.png,/scratch/parceirosbr/bigoilict/share/BigOil/document_generator/datasets/documents_2021_12_28/13hea_20211228_164033_5122407919_600_800.png,13hea_20211228_164033_5122407919_600_800_mask.png,nan
54,6,109,12,441,59,550,71,441,59,550,59,550,71,441,71,sub_line_text,header,header_1,opensans,regular,9,13hea_20211228_164033_5122407919_600_800.png,/scratch/parceirosbr/bigoilict/share/BigOil/document_generator/datasets/documents_2021_12_28/13hea_20211228_164033_5122407919_600_800.png,13hea_20211228_164033_5122407919_600_800_mask.png,"Observou-se na 2.4.2, que"
54,6,109,12,441,59,550,71,441,59,550,59,550,71,441,71,text,header,header_1,opensans,regular,9,13hea_20211228_164033_5122407919_600_800.png,/scratch/parceirosbr/bigoilict/share/BigOil/document_generator/datasets/documents_2021_12_28/13hea_20211228_164033_5122407919_600_800.png,13hea_20211228_164033_5122407919_600_800_mask.png,nan
36,15,72,31,93,59,165,90,93,59,165,59,165,90,93,90,image,image,image,,,,13hea_20211228_164033_5122407919_600_800.png,/scratch/parceirosbr/bigoilict/share/BigOil/document_generator/datasets/documents_2021_12_28/13hea_20211228_164033_5122407919_600_800.png,13hea_20211228_164033_5122407919_600_800_mask.png,/scratch/parceirosbr/bigoilict/share/BigOil/document_generator/files_images_document_generator/logos\image_32.jpg
92,10,185,21,58,107,243,128,58,107,243,107,243,128,58,128,sub_line_text,title,title_0,opensans,italic,15,13hea_20211228_164033_5122407919_600_800.png,/scratch/parceirosbr/bigoilict/share/BigOil/document_generator/datasets/documents_2021_12_28/13hea_20211228_164033_5122407919_600_800.png,13hea_20211228_164033_5122407919_600_800_mask.png,Levels increased lower levels
92,10,185,21,58,107,243,128,58,107,243,107,243,128,58,128,title,title,title_0,opensans,italic,15,13hea_20211228_164033_5122407919_600_800.png,/scratch/parceirosbr/bigoilict/share/BigOil/document_generator/datasets/documents_2021_12_28/13hea_20211228_164033_5122407919_600_800.png,13hea_20211228_164033_5122407919_600_800_mask.png,nan
176,8,353,17,109,133,462,150,109,133,462,133,462,150,109,150,sub_line_text,subtitle,subtitle_0,opensans,regular,13,13hea_20211228_164033_5122407919_600_800.png,/scratch/parceirosbr/bigoilict/share/BigOil/document_generator/datasets/documents_2021_12_28/13hea_20211228_164033_5122407919_600_800.png,13hea_20211228_164033_5122407919_600_800_mask.png,"1. They mechanical contaminants that affect lungs, addition"
176,8,353,17,109,133,462,150,109,133,462,133,462,150,109,150,title,subtitle,subtitle_0,opensans,regular,13,13hea_20211228_164033_5122407919_600_800.png,/scratch/parceirosbr/bigoilict/share/BigOil/document_generator/datasets/documents_2021_12_28/13hea_20211228_164033_5122407919_600_800.png,13hea_20211228_164033_5122407919_600_800_mask.png,nan
25,5,50,10,156,174,206,184,156,174,206,174,206,184,156,184,sub_line_text,equation,equation_0,opensans,bolditalic,8,13hea_20211228_164033_5122407919_600_800.png,/scratch/parceirosbr/bigoilict/share/BigOil/document_generator/datasets/documents_2021_12_28/13hea_20211228_164033_5122407919_600_800.png,13hea_20211228_164033_5122407919_600_800_mask.png,Equation (14)
159,24,319,49,156,155,475,204,156,155,475,155,475,204,156,204,equation,equation,equation_0,,,,13hea_20211228_164033_5122407919_600_800.png,/scratch/parceirosbr/bigoilict/share/BigOil/document_generator/datasets/documents_2021_12_28/13hea_20211228_164033_5122407919_600_800.png,13hea_20211228_164033_5122407919_600_800_mask.png,
143,119,287,239,246,209,533,448,246,209,533,209,533,448,246,448,table,table_image,table_0,,,,13hea_20211228_164033_5122407919_600_800.png,/scratch/parceirosbr/bigoilict/share/BigOil/document_generator/datasets/documents_2021_12_28/13hea_20211228_164033_5122407919_600_800.png,13hea_20211228_164033_5122407919_600_800_mask.png,output/gen_tab_20211228_164033_2199218264.png
14,5,28,10,284,215,312,225,284,215,312,215,312,225,284,225,text,table_text,table_0,arial,italic,9.0,13hea_20211228_164033_5122407919_600_800.png,/scratch/parceirosbr/bigoilict/share/BigOil/document_generator/datasets/documents_2021_12_28/13hea_20211228_164033_5122407919_600_800.png,13hea_20211228_164033_5122407919_600_800_mask.png,distinto
14,5,28,10,284,215,312,225,284,215,312,215,312,225,284,225,sub_line_text,table_text,table_0,arial,italic,9.0,13hea_20211228_164033_5122407919_600_800.png,/scratch/parceirosbr/bigoilict/share/BigOil/document_generator/datasets/documents_2021_12_28/13hea_20211228_164033_5122407919_600_800.png,13hea_20211228_164033_5122407919_600_800_mask.png,distinto
13,5,27,10,285,243,312,253,285,243,312,243,312,253,285,253,text,table_text,table_0,arial,italic,9.0,13hea_20211228_164033_5122407919_600_800.png,/scratch/parceirosbr/bigoilict/share/BigOil/document_generator/datasets/documents_2021_12_28/13hea_20211228_164033_5122407919_600_800.png,13hea_20211228_164033_5122407919_600_800_mask.png,5.6250
13,5,27,10,285,243,312,253,285,243,312,243,312,253,285,253,sub_line_text,table_text,table_0,arial,italic,9.0,13hea_20211228_164033_5122407919_600_800.png,/scratch/parceirosbr/bigoilict/share/BigOil/document_generator/datasets/documents_2021_12_28/13hea_20211228_164033_5122407919_600_800.png,13hea_20211228_164033_5122407919_600_800_mask.png,5.6250
13,5,27,10,285,256,312,266,285,256,312,256,312,266,285,266,text,table_text,table_0,arial,italic,9.0,13hea_20211228_164033_5122407919_600_800.png,/scratch/parceirosbr/bigoilict/share/BigOil/document_generator/datasets/documents_2021_12_28/13hea_20211228_164033_5122407919_600_800.png,13hea_20211228_164033_5122407919_600_800_mask.png,8.8706
13,5,27,10,285,256,312,266,285,256,312,256,312,266,285,266,sub_line_text,table_text,table_0,arial,italic,9.0,13hea_20211228_164033_5122407919_600_800.png,/scratch/parceirosbr/bigoilict/share/BigOil/document_generator/datasets/documents_2021_12_28/13hea_20211228_164033_5122407919_600_800.png,13hea_20211228_164033_5122407919_600_800_mask.png,8.8706
13,5,27,10,285,270,312,280,285,270,312,270,312,280,285,280,text,table_text,table_0,arial,italic,9.0,13hea_20211228_164033_5122407919_600_800.png,/scratch/parceirosbr/bigoilict/share/BigOil/document_generator/datasets/documents_2021_12_28/13hea_20211228_164033_5122407919_600_800.png,13hea_20211228_164033_5122407919_600_800_mask.png,4.8972
13,5,27,10,285,270,312,280,285,270,312,270,312,280,285,280,sub_line_text,table_text,table_0,arial,italic,9.0,13hea_20211228_164033_5122407919_600_800.png,/scratch/parceirosbr/bigoilict/share/BigOil/document_generator/datasets/documents_2021_12_28/13hea_20211228_164033_5122407919_600_800.png,13hea_20211228_164033_5122407919_600_800_mask.png,4.8972
13,5,26,10,286,283,312,293,286,283,312,283,312,293,286,293,text,table_text,table_0,arial,italic,9.0,13hea_20211228_164033_5122407919_600_800.png,/scratch/parceirosbr/bigoilict/share/BigOil/document_generator/datasets/documents_2021_12_28/13hea_20211228_164033_5122407919_600_800.png,13hea_20211228_164033_5122407919_600_800_mask.png,1.4791
13,5,26,10,286,283,312,293,286,283,312,283,312,293,286,293,sub_line_text,table_text,table_0,arial,italic,9.0,13hea_20211228_164033_5122407919_600_800.png,/scratch/parceirosbr/bigoilict/share/BigOil/document_generator/datasets/documents_2021_12_28/13hea_20211228_164033_5122407919_600_800.png,13hea_20211228_164033_5122407919_600_800_mask.png,1.4791
13,5,27,10,285,297,312,307,285,297,312,297,312,307,285,307,text,table_text,table_0,arial,italic,9.0,13hea_20211228_164033_5122407919_600_800.png,/scratch/parceirosbr/bigoilict/share/BigOil/document_generator/datasets/documents_2021_12_28/13hea_20211228_164033_5122407919_600_800.png,13hea_20211228_164033_5122407919_600_800_mask.png,2.0257
13,5,27,10,285,297,312,307,285,297,312,297,312,307,285,307,sub_line_text,table_text,table_0,arial,italic,9.0,13hea_20211228_164033_5122407919_600_800.png,/scratch/parceirosbr/bigoilict/share/BigOil/document_generator/datasets/documents_2021_12_28/13hea_20211228_164033_5122407919_600_800.png,13hea_20211228_164033_5122407919_600_800_mask.png,2.0257
13,5,27,10,285,310,312,320,285,310,312,310,312,320,285,320,text,table_text,table_0,arial,italic,9.0,13hea_20211228_164033_5122407919_600_800.png,/scratch/parceirosbr/bigoilict/share/BigOil/document_generator/datasets/documents_2021_12_28/13hea_20211228_164033_5122407919_600_800.png,13hea_20211228_164033_5122407919_600_800_mask.png,7.8745
13,5,27,10,285,310,312,320,285,310,312,310,312,320,285,320,sub_line_text,table_text,table_0,arial,italic,9.0,13hea_20211228_164033_5122407919_600_800.png,/scratch/parceirosbr/bigoilict/share/BigOil/document_generator/datasets/documents_2021_12_28/13hea_20211228_164033_5122407919_600_800.png,13hea_20211228_164033_5122407919_600_800_mask.png,7.8745
13,5,26,10,286,324,312,334,286,324,312,324,312,334,286,334,text,table_text,table_0,arial,italic,9.0,13hea_20211228_164033_5122407919_600_800.png,/scratch/parceirosbr/bigoilict/share/BigOil/document_generator/datasets/documents_2021_12_28/13hea_20211228_164033_5122407919_600_800.png,13hea_20211228_164033_5122407919_600_800_mask.png,6.1871
13,5,26,10,286,324,312,334,286,324,312,324,312,334,286,334,sub_line_text,table_text,table_0,arial,italic,9.0,13hea_20211228_164033_5122407919_600_800.png,/scratch/parceirosbr/bigoilict/share/BigOil/document_generator/datasets/documents_2021_12_28/13hea_20211228_164033_5122407919_600_800.png,13hea_20211228_164033_5122407919_600_800_mask.png,6.1871
13,5,26,10,286,337,312,347,286,337,312,337,312,347,286,347,text,table_text,table_0,arial,italic,9.0,13hea_20211228_164033_5122407919_600_800.png,/scratch/parceirosbr/bigoilict/share/BigOil/document_generator/datasets/documents_2021_12_28/13hea_20211228_164033_5122407919_600_800.png,13hea_20211228_164033_5122407919_600_800_mask.png,6.6414
13,5,26,10,286,337,312,347,286,337,312,337,312,347,286,347,sub_line_text,table_text,table_0,arial,italic,9.0,13hea_20211228_164033_5122407919_600_800.png,/scratch/parceirosbr/bigoilict/share/BigOil/document_generator/datasets/documents_2021_12_28/13hea_20211228_164033_5122407919_600_800.png,13hea_20211228_164033_5122407919_600_800_mask.png,6.6414
13,5,27,10,285,351,312,361,285,351,312,351,312,361,285,361,text,table_text,table_0,arial,italic,9.0,13hea_20211228_164033_5122407919_600_800.png,/scratch/parceirosbr/bigoilict/share/BigOil/document_generator/datasets/documents_2021_12_28/13hea_20211228_164033_5122407919_600_800.png,13hea_20211228_164033_5122407919_600_800_mask.png,4.9532
13,5,27,10,285,351,312,361,285,351,312,351,312,361,285,361,sub_line_text,table_text,table_0,arial,italic,9.0,13hea_20211228_164033_5122407919_600_800.png,/scratch/parceirosbr/bigoilict/share/BigOil/document_generator/datasets/documents_2021_12_28/13hea_20211228_164033_5122407919_600_800.png,13hea_20211228_164033_5122407919_600_800_mask.png,4.9532
13,5,27,10,285,364,312,374,285,364,312,364,312,374,285,374,text,table_text,table_0,arial,italic,9.0,13hea_20211228_164033_5122407919_600_800.png,/scratch/parceirosbr/bigoilict/share/BigOil/document_generator/datasets/documents_2021_12_28/13hea_20211228_164033_5122407919_600_800.png,13hea_20211228_164033_5122407919_600_800_mask.png,9.8012
13,5,27,10,285,364,312,374,285,364,312,364,312,374,285,374,sub_line_text,table_text,table_0,arial,italic,9.0,13hea_20211228_164033_5122407919_600_800.png,/scratch/parceirosbr/bigoilict/share/BigOil/document_generator/datasets/documents_2021_12_28/13hea_20211228_164033_5122407919_600_800.png,13hea_20211228_164033_5122407919_600_800_mask.png,9.8012
13,5,27,10,285,377,312,387,285,377,312,377,312,387,285,387,text,table_text,table_0,arial,italic,9.0,13hea_20211228_164033_5122407919_600_800.png,/scratch/parceirosbr/bigoilict/share/BigOil/document_generator/datasets/documents_2021_12_28/13hea_20211228_164033_5122407919_600_800.png,13hea_20211228_164033_5122407919_600_800_mask.png,4.4598
13,5,27,10,285,377,312,387,285,377,312,377,312,387,285,387,sub_line_text,table_text,table_0,arial,italic,9.0,13hea_20211228_164033_5122407919_600_800.png,/scratch/parceirosbr/bigoilict/share/BigOil/document_generator/datasets/documents_2021_12_28/13hea_20211228_164033_5122407919_600_800.png,13hea_20211228_164033_5122407919_600_800_mask.png,4.4598
13,5,27,10,285,391,312,401,285,391,312,391,312,401,285,401,text,table_text,table_0,arial,italic,9.0,13hea_20211228_164033_5122407919_600_800.png,/scratch/parceirosbr/bigoilict/share/BigOil/document_generator/datasets/documents_2021_12_28/13hea_20211228_164033_5122407919_600_800.png,13hea_20211228_164033_5122407919_600_800_mask.png,7.9382
13,5,27,10,285,391,312,401,285,391,312,391,312,401,285,401,sub_line_text,table_text,table_0,arial,italic,9.0,13hea_20211228_164033_5122407919_600_800.png,/scratch/parceirosbr/bigoilict/share/BigOil/document_generator/datasets/documents_2021_12_28/13hea_20211228_164033_5122407919_600_800.png,13hea_20211228_164033_5122407919_600_800_mask.png,7.9382
13,5,26,10,286,404,312,414,286,404,312,404,312,414,286,414,text,table_text,table_0,arial,italic,9.0,13hea_20211228_164033_5122407919_600_800.png,/scratch/parceirosbr/bigoilict/share/BigOil/document_generator/datasets/documents_2021_12_28/13hea_20211228_164033_5122407919_600_800.png,13hea_20211228_164033_5122407919_600_800_mask.png,6.5019
13,5,26,10,286,404,312,414,286,404,312,404,312,414,286,414,sub_line_text,table_text,table_0,arial,italic,9.0,13hea_20211228_164033_5122407919_600_800.png,/scratch/parceirosbr/bigoilict/share/BigOil/document_generator/datasets/documents_2021_12_28/13hea_20211228_164033_5122407919_600_800.png,13hea_20211228_164033_5122407919_600_800_mask.png,6.5019
13,5,27,10,285,418,312,428,285,418,312,418,312,428,285,428,text,table_text,table_0,arial,italic,9.0,13hea_20211228_164033_5122407919_600_800.png,/scratch/parceirosbr/bigoilict/share/BigOil/document_generator/datasets/documents_2021_12_28/13hea_20211228_164033_5122407919_600_800.png,13hea_20211228_164033_5122407919_600_800_mask.png,6.6566
13,5,27,10,285,418,312,428,285,418,312,418,312,428,285,428,sub_line_text,table_text,table_0,arial,italic,9.0,13hea_20211228_164033_5122407919_600_800.png,/scratch/parceirosbr/bigoilict/share/BigOil/document_generator/datasets/documents_2021_12_28/13hea_20211228_164033_5122407919_600_800.png,13hea_20211228_164033_5122407919_600_800_mask.png,6.6566
13,5,26,10,286,431,312,441,286,431,312,431,312,441,286,441,text,table_text,table_0,arial,regular,9.0,13hea_20211228_164033_5122407919_600_800.png,/scratch/parceirosbr/bigoilict/share/BigOil/document_generator/datasets/documents_2021_12_28/13hea_20211228_164033_5122407919_600_800.png,13hea_20211228_164033_5122407919_600_800_mask.png,3.4378
13,5,26,10,286,431,312,441,286,431,312,431,312,441,286,441,sub_line_text,table_text,table_0,arial,regular,9.0,13hea_20211228_164033_5122407919_600_800.png,/scratch/parceirosbr/bigoilict/share/BigOil/document_generator/datasets/documents_2021_12_28/13hea_20211228_164033_5122407919_600_800.png,13hea_20211228_164033_5122407919_600_800_mask.png,3.4378
8,5,16,10,339,215,355,225,339,215,355,215,355,225,339,225,text,table_text,table_0,arial,italic,9.0,13hea_20211228_164033_5122407919_600_800.png,/scratch/parceirosbr/bigoilict/share/BigOil/document_generator/datasets/documents_2021_12_28/13hea_20211228_164033_5122407919_600_800.png,13hea_20211228_164033_5122407919_600_800_mask.png,bico
8,5,16,10,339,215,355,225,339,215,355,215,355,225,339,225,sub_line_text,table_text,table_0,arial,italic,9.0,13hea_20211228_164033_5122407919_600_800.png,/scratch/parceirosbr/bigoilict/share/BigOil/document_generator/datasets/documents_2021_12_28/13hea_20211228_164033_5122407919_600_800.png,13hea_20211228_164033_5122407919_600_800_mask.png,bico
9,5,19,10,336,243,355,253,336,243,355,243,355,253,336,253,text,table_text,table_0,arial,italic,9.0,13hea_20211228_164033_5122407919_600_800.png,/scratch/parceirosbr/bigoilict/share/BigOil/document_generator/datasets/documents_2021_12_28/13hea_20211228_164033_5122407919_600_800.png,13hea_20211228_164033_5122407919_600_800_mask.png,6729
9,5,19,10,336,243,355,253,336,243,355,243,355,253,336,253,sub_line_text,table_text,table_0,arial,italic,9.0,13hea_20211228_164033_5122407919_600_800.png,/scratch/parceirosbr/bigoilict/share/BigOil/document_generator/datasets/documents_2021_12_28/13hea_20211228_164033_5122407919_600_800.png,13hea_20211228_164033_5122407919_600_800_mask.png,6729
5,5,10,10,345,256,355,266,345,256,355,256,355,266,345,266,text,table_text,table_0,arial,italic,9.0,13hea_20211228_164033_5122407919_600_800.png,/scratch/parceirosbr/bigoilict/share/BigOil/document_generator/datasets/documents_2021_12_28/13hea_20211228_164033_5122407919_600_800.png,13hea_20211228_164033_5122407919_600_800_mask.png,22
5,5,10,10,345,256,355,266,345,256,355,256,355,266,345,266,sub_line_text,table_text,table_0,arial,italic,9.0,13hea_20211228_164033_5122407919_600_800.png,/scratch/parceirosbr/bigoilict/share/BigOil/document_generator/datasets/documents_2021_12_28/13hea_20211228_164033_5122407919_600_800.png,13hea_20211228_164033_5122407919_600_800_mask.png,22
5,5,10,10,345,270,355,280,345,270,355,270,355,280,345,280,text,table_text,table_0,arial,italic,9.0,13hea_20211228_164033_5122407919_600_800.png,/scratch/parceirosbr/bigoilict/share/BigOil/document_generator/datasets/documents_2021_12_28/13hea_20211228_164033_5122407919_600_800.png,13hea_20211228_164033_5122407919_600_800_mask.png,82
5,5,10,10,345,270,355,280,345,270,355,270,355,280,345,280,sub_line_text,table_text,table_0,arial,italic,9.0,13hea_20211228_164033_5122407919_600_800.png,/scratch/parceirosbr/bigoilict/share/BigOil/document_generator/datasets/documents_2021_12_28/13hea_20211228_164033_5122407919_600_800.png,13hea_20211228_164033_5122407919_600_800_mask.png,82
4,5,9,10,346,283,355,293,346,283,355,283,355,293,346,293,text,table_text,table_0,arial,italic,9.0,13hea_20211228_164033_5122407919_600_800.png,/scratch/parceirosbr/bigoilict/share/BigOil/document_generator/datasets/documents_2021_12_28/13hea_20211228_164033_5122407919_600_800.png,13hea_20211228_164033_5122407919_600_800_mask.png,91
4,5,9,10,346,283,355,293,346,283,355,283,355,293,346,293,sub_line_text,table_text,table_0,arial,italic,9.0,13hea_20211228_164033_5122407919_600_800.png,/scratch/parceirosbr/bigoilict/share/BigOil/document_generator/datasets/documents_2021_12_28/13hea_20211228_164033_5122407919_600_800.png,13hea_20211228_164033_5122407919_600_800_mask.png,91
7,5,15,10,340,297,355,307,340,297,355,297,355,307,340,307,text,table_text,table_0,arial,italic,9.0,13hea_20211228_164033_5122407919_600_800.png,/scratch/parceirosbr/bigoilict/share/BigOil/document_generator/datasets/documents_2021_12_28/13hea_20211228_164033_5122407919_600_800.png,13hea_20211228_164033_5122407919_600_800_mask.png,295
7,5,15,10,340,297,355,307,340,297,355,297,355,307,340,307,sub_line_text,table_text,table_0,arial,italic,9.0,13hea_20211228_164033_5122407919_600_800.png,/scratch/parceirosbr/bigoilict/share/BigOil/document_generator/datasets/documents_2021_12_28/13hea_20211228_164033_5122407919_600_800.png,13hea_20211228_164033_5122407919_600_800_mask.png,295
5,5,10,10,345,310,355,320,345,310,355,310,355,320,345,320,text,table_text,table_0,arial,italic,9.0,13hea_20211228_164033_5122407919_600_800.png,/scratch/parceirosbr/bigoilict/share/BigOil/document_generator/datasets/documents_2021_12_28/13hea_20211228_164033_5122407919_600_800.png,13hea_20211228_164033_5122407919_600_800_mask.png,37
5,5,10,10,345,310,355,320,345,310,355,310,355,320,345,320,sub_line_text,table_text,table_0,arial,italic,9.0,13hea_20211228_164033_5122407919_600_800.png,/scratch/parceirosbr/bigoilict/share/BigOil/document_generator/datasets/documents_2021_12_28/13hea_20211228_164033_5122407919_600_800.png,13hea_20211228_164033_5122407919_600_800_mask.png,37
7,5,15,10,340,324,355,334,340,324,355,324,355,334,340,334,text,table_text,table_0,arial,italic,9.0,13hea_20211228_164033_5122407919_600_800.png,/scratch/parceirosbr/bigoilict/share/BigOil/document_generator/datasets/documents_2021_12_28/13hea_20211228_164033_5122407919_600_800.png,13hea_20211228_164033_5122407919_600_800_mask.png,340
7,5,15,10,340,324,355,334,340,324,355,324,355,334,340,334,sub_line_text,table_text,table_0,arial,italic,9.0,13hea_20211228_164033_5122407919_600_800.png,/scratch/parceirosbr/bigoilict/share/BigOil/document_generator/datasets/documents_2021_12_28/13hea_20211228_164033_5122407919_600_800.png,13hea_20211228_164033_5122407919_600_800_mask.png,340
9,5,19,10,336,337,355,347,336,337,355,337,355,347,336,347,text,table_text,table_0,arial,italic,9.0,13hea_20211228_164033_5122407919_600_800.png,/scratch/parceirosbr/bigoilict/share/BigOil/document_generator/datasets/documents_2021_12_28/13hea_20211228_164033_5122407919_600_800.png,13hea_20211228_164033_5122407919_600_800_mask.png,5764
9,5,19,10,336,337,355,347,336,337,355,337,355,347,336,347,sub_line_text,table_text,table_0,arial,italic,9.0,13hea_20211228_164033_5122407919_600_800.png,/scratch/parceirosbr/bigoilict/share/BigOil/document_generator/datasets/documents_2021_12_28/13hea_20211228_164033_5122407919_600_800.png,13hea_20211228_164033_5122407919_600_800_mask.png,5764
4,5,9,10,346,351,355,361,346,351,355,351,355,361,346,361,text,table_text,table_0,arial,italic,9.0,13hea_20211228_164033_5122407919_600_800.png,/scratch/parceirosbr/bigoilict/share/BigOil/document_generator/datasets/documents_2021_12_28/13hea_20211228_164033_5122407919_600_800.png,13hea_20211228_164033_5122407919_600_800_mask.png,14
4,5,9,10,346,351,355,361,346,351,355,351,355,361,346,361,sub_line_text,table_text,table_0,arial,italic,9.0,13hea_20211228_164033_5122407919_600_800.png,/scratch/parceirosbr/bigoilict/share/BigOil/document_generator/datasets/documents_2021_12_28/13hea_20211228_164033_5122407919_600_800.png,13hea_20211228_164033_5122407919_600_800_mask.png,14
10,5,20,10,335,364,355,374,335,364,355,364,355,374,335,374,text,table_text,table_0,arial,italic,9.0,13hea_20211228_164033_5122407919_600_800.png,/scratch/parceirosbr/bigoilict/share/BigOil/document_generator/datasets/documents_2021_12_28/13hea_20211228_164033_5122407919_600_800.png,13hea_20211228_164033_5122407919_600_800_mask.png,8237
10,5,20,10,335,364,355,374,335,364,355,364,355,374,335,374,sub_line_text,table_text,table_0,arial,italic,9.0,13hea_20211228_164033_5122407919_600_800.png,/scratch/parceirosbr/bigoilict/share/BigOil/document_generator/datasets/documents_2021_12_28/13hea_20211228_164033_5122407919_600_800.png,13hea_20211228_164033_5122407919_600_800_mask.png,8237
7,5,15,10,340,377,355,387,340,377,355,377,355,387,340,387,text,table_text,table_0,arial,italic,9.0,13hea_20211228_164033_5122407919_600_800.png,/scratch/parceirosbr/bigoilict/share/BigOil/document_generator/datasets/documents_2021_12_28/13hea_20211228_164033_5122407919_600_800.png,13hea_20211228_164033_5122407919_600_800_mask.png,745
7,5,15,10,340,377,355,387,340,377,355,377,355,387,340,387,sub_line_text,table_text,table_0,arial,italic,9.0,13hea_20211228_164033_5122407919_600_800.png,/scratch/parceirosbr/bigoilict/share/BigOil/document_generator/datasets/documents_2021_12_28/13hea_20211228_164033_5122407919_600_800.png,13hea_20211228_164033_5122407919_600_800_mask.png,745
5,5,10,10,345,391,355,401,345,391,355,391,355,401,345,401,text,table_text,table_0,arial,italic,9.0,13hea_20211228_164033_5122407919_600_800.png,/scratch/parceirosbr/bigoilict/share/BigOil/document_generator/datasets/documents_2021_12_28/13hea_20211228_164033_5122407919_600_800.png,13hea_20211228_164033_5122407919_600_800_mask.png,40
5,5,10,10,345,391,355,401,345,391,355,391,355,401,345,401,sub_line_text,table_text,table_0,arial,italic,9.0,13hea_20211228_164033_5122407919_600_800.png,/scratch/parceirosbr/bigoilict/share/BigOil/document_generator/datasets/documents_2021_12_28/13hea_20211228_164033_5122407919_600_800.png,13hea_20211228_164033_5122407919_600_800_mask.png,40
9,5,19,10,336,404,355,414,336,404,355,404,355,414,336,414,text,table_text,table_0,arial,italic,9.0,13hea_20211228_164033_5122407919_600_800.png,/scratch/parceirosbr/bigoilict/share/BigOil/document_generator/datasets/documents_2021_12_28/13hea_20211228_164033_5122407919_600_800.png,13hea_20211228_164033_5122407919_600_800_mask.png,1164
9,5,19,10,336,404,355,414,336,404,355,404,355,414,336,414,sub_line_text,table_text,table_0,arial,italic,9.0,13hea_20211228_164033_5122407919_600_800.png,/scratch/parceirosbr/bigoilict/share/BigOil/document_generator/datasets/documents_2021_12_28/13hea_20211228_164033_5122407919_600_800.png,13hea_20211228_164033_5122407919_600_800_mask.png,1164
5,5,10,10,345,418,355,428,345,418,355,418,355,428,345,428,text,table_text,table_0,arial,italic,9.0,13hea_20211228_164033_5122407919_600_800.png,/scratch/parceirosbr/bigoilict/share/BigOil/document_generator/datasets/documents_2021_12_28/13hea_20211228_164033_5122407919_600_800.png,13hea_20211228_164033_5122407919_600_800_mask.png,93
5,5,10,10,345,418,355,428,345,418,355,418,355,428,345,428,sub_line_text,table_text,table_0,arial,italic,9.0,13hea_20211228_164033_5122407919_600_800.png,/scratch/parceirosbr/bigoilict/share/BigOil/document_generator/datasets/documents_2021_12_28/13hea_20211228_164033_5122407919_600_800.png,13hea_20211228_164033_5122407919_600_800_mask.png,93
7,5,14,10,341,431,355,441,341,431,355,431,355,441,341,441,text,table_text,table_0,arial,regular,9.0,13hea_20211228_164033_5122407919_600_800.png,/scratch/parceirosbr/bigoilict/share/BigOil/document_generator/datasets/documents_2021_12_28/13hea_20211228_164033_5122407919_600_800.png,13hea_20211228_164033_5122407919_600_800_mask.png,242
7,5,14,10,341,431,355,441,341,431,355,431,355,441,341,441,sub_line_text,table_text,table_0,arial,regular,9.0,13hea_20211228_164033_5122407919_600_800.png,/scratch/parceirosbr/bigoilict/share/BigOil/document_generator/datasets/documents_2021_12_28/13hea_20211228_164033_5122407919_600_800.png,13hea_20211228_164033_5122407919_600_800_mask.png,242
25,5,50,10,370,215,420,225,370,215,420,215,420,225,370,225,text,table_text,table_0,arial,italic,9.0,13hea_20211228_164033_5122407919_600_800.png,/scratch/parceirosbr/bigoilict/share/BigOil/document_generator/datasets/documents_2021_12_28/13hea_20211228_164033_5122407919_600_800.png,13hea_20211228_164033_5122407919_600_800_mask.png,concorrência
25,5,50,10,370,215,420,225,370,215,420,215,420,225,370,225,sub_line_text,table_text,table_0,arial,italic,9.0,13hea_20211228_164033_5122407919_600_800.png,/scratch/parceirosbr/bigoilict/share/BigOil/document_generator/datasets/documents_2021_12_28/13hea_20211228_164033_5122407919_600_800.png,13hea_20211228_164033_5122407919_600_800_mask.png,concorrência
20,5,40,10,375,243,415,253,375,243,415,243,415,253,375,253,text,table_text,table_0,arial,italic,9.0,13hea_20211228_164033_5122407919_600_800.png,/scratch/parceirosbr/bigoilict/share/BigOil/document_generator/datasets/documents_2021_12_28/13hea_20211228_164033_5122407919_600_800.png,13hea_20211228_164033_5122407919_600_800_mask.png,ineficiente
20,5,40,10,375,243,415,253,375,243,415,243,415,253,375,253,sub_line_text,table_text,table_0,arial,italic,9.0,13hea_20211228_164033_5122407919_600_800.png,/scratch/parceirosbr/bigoilict/share/BigOil/document_generator/datasets/documents_2021_12_28/13hea_20211228_164033_5122407919_600_800.png,13hea_20211228_164033_5122407919_600_800_mask.png,ineficiente
11,5,23,10,383,256,406,266,383,256,406,256,406,266,383,266,text,table_text,table_0,arial,italic,9.0,13hea_20211228_164033_5122407919_600_800.png,/scratch/parceirosbr/bigoilict/share/BigOil/document_generator/datasets/documents_2021_12_28/13hea_20211228_164033_5122407919_600_800.png,13hea_20211228_164033_5122407919_600_800_mask.png,nesse
11,5,23,10,383,256,406,266,383,256,406,256,406,266,383,266,sub_line_text,table_text,table_0,arial,italic,9.0,13hea_20211228_164033_5122407919_600_800.png,/scratch/parceirosbr/bigoilict/share/BigOil/document_generator/datasets/documents_2021_12_28/13hea_20211228_164033_5122407919_600_800.png,13hea_20211228_164033_5122407919_600_800_mask.png,nesse
14,5,29,10,379,270,408,280,379,270,408,270,408,280,379,280,text,table_text,table_0,arial,italic,9.0,13hea_20211228_164033_5122407919_600_800.png,/scratch/parceirosbr/bigoilict/share/BigOil/document_generator/datasets/documents_2021_12_28/13hea_20211228_164033_5122407919_600_800.png,13hea_20211228_164033_5122407919_600_800_mask.png,retirado
14,5,29,10,379,270,408,280,379,270,408,270,408,280,379,280,sub_line_text,table_text,table_0,arial,italic,9.0,13hea_20211228_164033_5122407919_600_800.png,/scratch/parceirosbr/bigoilict/share/BigOil/document_generator/datasets/documents_2021_12_28/13hea_20211228_164033_5122407919_600_800.png,13hea_20211228_164033_5122407919_600_800_mask.png,retirado
16,5,32,10,378,283,410,293,378,283,410,283,410,293,378,293,text,table_text,table_0,arial,italic,9.0,13hea_20211228_164033_5122407919_600_800.png,/scratch/parceirosbr/bigoilict/share/BigOil/document_generator/datasets/documents_2021_12_28/13hea_20211228_164033_5122407919_600_800.png,13hea_20211228_164033_5122407919_600_800_mask.png,superior
16,5,32,10,378,283,410,293,378,283,410,283,410,293,378,293,sub_line_text,table_text,table_0,arial,italic,9.0,13hea_20211228_164033_5122407919_600_800.png,/scratch/parceirosbr/bigoilict/share/BigOil/document_generator/datasets/documents_2021_12_28/13hea_20211228_164033_5122407919_600_800.png,13hea_20211228_164033_5122407919_600_800_mask.png,superior
11,5,23,10,383,297,406,307,383,297,406,297,406,307,383,307,text,table_text,table_0,arial,italic,9.0,13hea_20211228_164033_5122407919_600_800.png,/scratch/parceirosbr/bigoilict/share/BigOil/document_generator/datasets/documents_2021_12_28/13hea_20211228_164033_5122407919_600_800.png,13hea_20211228_164033_5122407919_600_800_mask.png,Como
11,5,23,10,383,297,406,307,383,297,406,297,406,307,383,307,sub_line_text,table_text,table_0,arial,italic,9.0,13hea_20211228_164033_5122407919_600_800.png,/scratch/parceirosbr/bigoilict/share/BigOil/document_generator/datasets/documents_2021_12_28/13hea_20211228_164033_5122407919_600_800.png,13hea_20211228_164033_5122407919_600_800_mask.png,Como
16,5,33,10,378,310,411,320,378,310,411,310,411,320,378,320,text,table_text,table_0,arial,italic,9.0,13hea_20211228_164033_5122407919_600_800.png,/scratch/parceirosbr/bigoilict/share/BigOil/document_generator/datasets/documents_2021_12_28/13hea_20211228_164033_5122407919_600_800.png,13hea_20211228_164033_5122407919_600_800_mask.png,distintos
16,5,33,10,378,310,411,320,378,310,411,310,411,320,378,320,sub_line_text,table_text,table_0,arial,italic,9.0,13hea_20211228_164033_5122407919_600_800.png,/scratch/parceirosbr/bigoilict/share/BigOil/document_generator/datasets/documents_2021_12_28/13hea_20211228_164033_5122407919_600_800.png,13hea_20211228_164033_5122407919_600_800_mask.png,distintos
15,5,30,10,379,324,409,334,379,324,409,324,409,334,379,334,text,table_text,table_0,arial,italic,9.0,13hea_20211228_164033_5122407919_600_800.png,/scratch/parceirosbr/bigoilict/share/BigOil/document_generator/datasets/documents_2021_12_28/13hea_20211228_164033_5122407919_600_800.png,13hea_20211228_164033_5122407919_600_800_mask.png,partirde
15,5,30,10,379,324,409,334,379,324,409,324,409,334,379,334,sub_line_text,table_text,table_0,arial,italic,9.0,13hea_20211228_164033_5122407919_600_800.png,/scratch/parceirosbr/bigoilict/share/BigOil/document_generator/datasets/documents_2021_12_28/13hea_20211228_164033_5122407919_600_800.png,13hea_20211228_164033_5122407919_600_800_mask.png,partirde
8,5,17,10,386,337,403,347,386,337,403,337,403,347,386,347,text,table_text,table_0,arial,italic,9.0,13hea_20211228_164033_5122407919_600_800.png,/scratch/parceirosbr/bigoilict/share/BigOil/document_generator/datasets/documents_2021_12_28/13hea_20211228_164033_5122407919_600_800.png,13hea_20211228_164033_5122407919_600_800_mask.png,data
8,5,17,10,386,337,403,347,386,337,403,337,403,347,386,347,sub_line_text,table_text,table_0,arial,italic,9.0,13hea_20211228_164033_5122407919_600_800.png,/scratch/parceirosbr/bigoilict/share/BigOil/document_generator/datasets/documents_2021_12_28/13hea_20211228_164033_5122407919_600_800.png,13hea_20211228_164033_5122407919_600_800_mask.png,data
25,5,51,10,369,351,420,361,369,351,420,351,420,361,369,361,text,table_text,table_0,arial,italic,9.0,13hea_20211228_164033_5122407919_600_800.png,/scratch/parceirosbr/bigoilict/share/BigOil/document_generator/datasets/documents_2021_12_28/13hea_20211228_164033_5122407919_600_800.png,13hea_20211228_164033_5122407919_600_800_mask.png,influenciando
25,5,51,10,369,351,420,361,369,351,420,351,420,361,369,361,sub_line_text,table_text,table_0,arial,italic,9.0,13hea_20211228_164033_5122407919_600_800.png,/scratch/parceirosbr/bigoilict/share/BigOil/document_generator/datasets/documents_2021_12_28/13hea_20211228_164033_5122407919_600_800.png,13hea_20211228_164033_5122407919_600_800_mask.png,influenciando
17,5,35,10,378,364,413,374,378,364,413,364,413,374,378,374,text,table_text,table_0,arial,italic,9.0,13hea_20211228_164033_5122407919_600_800.png,/scratch/parceirosbr/bigoilict/share/BigOil/document_generator/datasets/documents_2021_12_28/13hea_20211228_164033_5122407919_600_800.png,13hea_20211228_164033_5122407919_600_800_mask.png,realizado
17,5,35,10,378,364,413,374,378,364,413,364,413,374,378,374,sub_line_text,table_text,table_0,arial,italic,9.0,13hea_20211228_164033_5122407919_600_800.png,/scratch/parceirosbr/bigoilict/share/BigOil/document_generator/datasets/documents_2021_12_28/13hea_20211228_164033_5122407919_600_800.png,13hea_20211228_164033_5122407919_600_800_mask.png,realizado
12,5,25,10,381,377,406,387,381,377,406,377,406,387,381,387,text,table_text,table_0,arial,italic,9.0,13hea_20211228_164033_5122407919_600_800.png,/scratch/parceirosbr/bigoilict/share/BigOil/document_generator/datasets/documents_2021_12_28/13hea_20211228_164033_5122407919_600_800.png,13hea_20211228_164033_5122407919_600_800_mask.png,tratam
12,5,25,10,381,377,406,387,381,377,406,377,406,387,381,387,sub_line_text,table_text,table_0,arial,italic,9.0,13hea_20211228_164033_5122407919_600_800.png,/scratch/parceirosbr/bigoilict/share/BigOil/document_generator/datasets/documents_2021_12_28/13hea_20211228_164033_5122407919_600_800.png,13hea_20211228_164033_5122407919_600_800_mask.png,tratam
13,5,26,10,381,391,407,401,381,391,407,391,407,401,381,401,text,table_text,table_0,arial,italic,9.0,13hea_20211228_164033_5122407919_600_800.png,/scratch/parceirosbr/bigoilict/share/BigOil/document_generator/datasets/documents_2021_12_28/13hea_20211228_164033_5122407919_600_800.png,13hea_20211228_164033_5122407919_600_800_mask.png,muitas
13,5,26,10,381,391,407,401,381,391,407,391,407,401,381,401,sub_line_text,table_text,table_0,arial,italic,9.0,13hea_20211228_164033_5122407919_600_800.png,/scratch/parceirosbr/bigoilict/share/BigOil/document_generator/datasets/documents_2021_12_28/13hea_20211228_164033_5122407919_600_800.png,13hea_20211228_164033_5122407919_600_800_mask.png,muitas
25,5,50,10,370,404,420,414,370,404,420,404,420,414,370,414,text,table_text,table_0,arial,italic,9.0,13hea_20211228_164033_5122407919_600_800.png,/scratch/parceirosbr/bigoilict/share/BigOil/document_generator/datasets/documents_2021_12_28/13hea_20211228_164033_5122407919_600_800.png,13hea_20211228_164033_5122407919_600_800_mask.png,desempenho
25,5,50,10,370,404,420,414,370,404,420,404,420,414,370,414,sub_line_text,table_text,table_0,arial,italic,9.0,13hea_20211228_164033_5122407919_600_800.png,/scratch/parceirosbr/bigoilict/share/BigOil/document_generator/datasets/documents_2021_12_28/13hea_20211228_164033_5122407919_600_800.png,13hea_20211228_164033_5122407919_600_800_mask.png,desempenho
8,5,17,10,386,418,403,428,386,418,403,418,403,428,386,428,text,table_text,table_0,arial,italic,9.0,13hea_20211228_164033_5122407919_600_800.png,/scratch/parceirosbr/bigoilict/share/BigOil/document_generator/datasets/documents_2021_12_28/13hea_20211228_164033_5122407919_600_800.png,13hea_20211228_164033_5122407919_600_800_mask.png,sem
8,5,17,10,386,418,403,428,386,418,403,418,403,428,386,428,sub_line_text,table_text,table_0,arial,italic,9.0,13hea_20211228_164033_5122407919_600_800.png,/scratch/parceirosbr/bigoilict/share/BigOil/document_generator/datasets/documents_2021_12_28/13hea_20211228_164033_5122407919_600_800.png,13hea_20211228_164033_5122407919_600_800_mask.png,sem
11,5,22,10,383,431,405,441,383,431,405,431,405,441,383,441,text,table_text,table_0,arial,regular,9.0,13hea_20211228_164033_5122407919_600_800.png,/scratch/parceirosbr/bigoilict/share/BigOil/document_generator/datasets/documents_2021_12_28/13hea_20211228_164033_5122407919_600_800.png,13hea_20211228_164033_5122407919_600_800_mask.png,áreas
11,5,22,10,383,431,405,441,383,431,405,431,405,441,383,441,sub_line_text,table_text,table_0,arial,regular,9.0,13hea_20211228_164033_5122407919_600_800.png,/scratch/parceirosbr/bigoilict/share/BigOil/document_generator/datasets/documents_2021_12_28/13hea_20211228_164033_5122407919_600_800.png,13hea_20211228_164033_5122407919_600_800_mask.png,áreas
9,5,19,10,471,215,490,225,471,215,490,215,490,225,471,225,text,table_text,table_0,arial,italic,9.0,13hea_20211228_164033_5122407919_600_800.png,/scratch/parceirosbr/bigoilict/share/BigOil/document_generator/datasets/documents_2021_12_28/13hea_20211228_164033_5122407919_600_800.png,13hea_20211228_164033_5122407919_600_800_mask.png,caso
9,5,19,10,471,215,490,225,471,215,490,215,490,225,471,225,sub_line_text,table_text,table_0,arial,italic,9.0,13hea_20211228_164033_5122407919_600_800.png,/scratch/parceirosbr/bigoilict/share/BigOil/document_generator/datasets/documents_2021_12_28/13hea_20211228_164033_5122407919_600_800.png,13hea_20211228_164033_5122407919_600_800_mask.png,caso
15,5,30,10,466,243,496,253,466,243,496,243,496,253,466,253,text,table_text,table_0,arial,italic,9.0,13hea_20211228_164033_5122407919_600_800.png,/scratch/parceirosbr/bigoilict/share/BigOil/document_generator/datasets/documents_2021_12_28/13hea_20211228_164033_5122407919_600_800.png,13hea_20211228_164033_5122407919_600_800_mask.png,reforma
15,5,30,10,466,243,496,253,466,243,496,243,496,253,466,253,sub_line_text,table_text,table_0,arial,italic,9.0,13hea_20211228_164033_5122407919_600_800.png,/scratch/parceirosbr/bigoilict/share/BigOil/document_generator/datasets/documents_2021_12_28/13hea_20211228_164033_5122407919_600_800.png,13hea_20211228_164033_5122407919_600_800_mask.png,reforma
15,5,30,10,466,256,496,266,466,256,496,256,496,266,466,266,text,table_text,table_0,arial,italic,9.0,13hea_20211228_164033_5122407919_600_800.png,/scratch/parceirosbr/bigoilict/share/BigOil/document_generator/datasets/documents_2021_12_28/13hea_20211228_164033_5122407919_600_800.png,13hea_20211228_164033_5122407919_600_800_mask.png,elevado
15,5,30,10,466,256,496,266,466,256,496,256,496,266,466,266,sub_line_text,table_text,table_0,arial,italic,9.0,13hea_20211228_164033_5122407919_600_800.png,/scratch/parceirosbr/bigoilict/share/BigOil/document_generator/datasets/documents_2021_12_28/13hea_20211228_164033_5122407919_600_800.png,13hea_20211228_164033_5122407919_600_800_mask.png,elevado
16,5,33,10,464,270,497,280,464,270,497,270,497,280,464,280,text,table_text,table_0,arial,italic,9.0,13hea_20211228_164033_5122407919_600_800.png,/scratch/parceirosbr/bigoilict/share/BigOil/document_generator/datasets/documents_2021_12_28/13hea_20211228_164033_5122407919_600_800.png,13hea_20211228_164033_5122407919_600_800_mask.png,diversas
16,5,33,10,464,270,497,280,464,270,497,270,497,280,464,280,sub_line_text,table_text,table_0,arial,italic,9.0,13hea_20211228_164033_5122407919_600_800.png,/scratch/parceirosbr/bigoilict/share/BigOil/document_generator/datasets/documents_2021_12_28/13hea_20211228_164033_5122407919_600_800.png,13hea_20211228_164033_5122407919_600_800_mask.png,diversas
14,5,29,10,466,283,495,293,466,283,495,283,495,293,466,293,text,table_text,table_0,arial,italic,9.0,13hea_20211228_164033_5122407919_600_800.png,/scratch/parceirosbr/bigoilict/share/BigOil/document_generator/datasets/documents_2021_12_28/13hea_20211228_164033_5122407919_600_800.png,13hea_20211228_164033_5122407919_600_800_mask.png,retirado
14,5,29,10,466,283,495,293,466,283,495,283,495,293,466,293,sub_line_text,table_text,table_0,arial,italic,9.0,13hea_20211228_164033_5122407919_600_800.png,/scratch/parceirosbr/bigoilict/share/BigOil/document_generator/datasets/documents_2021_12_28/13hea_20211228_164033_5122407919_600_800.png,13hea_20211228_164033_5122407919_600_800_mask.png,retirado
14,5,28,10,466,297,494,307,466,297,494,297,494,307,466,307,text,table_text,table_0,arial,italic,9.0,13hea_20211228_164033_5122407919_600_800.png,/scratch/parceirosbr/bigoilict/share/BigOil/document_generator/datasets/documents_2021_12_28/13hea_20211228_164033_5122407919_600_800.png,13hea_20211228_164033_5122407919_600_800_mask.png,sentido
14,5,28,10,466,297,494,307,466,297,494,297,494,307,466,307,sub_line_text,table_text,table_0,arial,italic,9.0,13hea_20211228_164033_5122407919_600_800.png,/scratch/parceirosbr/bigoilict/share/BigOil/document_generator/datasets/documents_2021_12_28/13hea_20211228_164033_5122407919_600_800.png,13hea_20211228_164033_5122407919_600_800_mask.png,sentido
20,5,40,10,461,310,501,320,461,310,501,310,501,320,461,320,text,table_text,table_0,arial,italic,9.0,13hea_20211228_164033_5122407919_600_800.png,/scratch/parceirosbr/bigoilict/share/BigOil/document_generator/datasets/documents_2021_12_28/13hea_20211228_164033_5122407919_600_800.png,13hea_20211228_164033_5122407919_600_800_mask.png,ineficiente
20,5,40,10,461,310,501,320,461,310,501,310,501,320,461,320,sub_line_text,table_text,table_0,arial,italic,9.0,13hea_20211228_164033_5122407919_600_800.png,/scratch/parceirosbr/bigoilict/share/BigOil/document_generator/datasets/documents_2021_12_28/13hea_20211228_164033_5122407919_600_800.png,13hea_20211228_164033_5122407919_600_800_mask.png,ineficiente
12,5,24,10,468,324,492,334,468,324,492,324,492,334,468,334,text,table_text,table_0,arial,italic,9.0,13hea_20211228_164033_5122407919_600_800.png,/scratch/parceirosbr/bigoilict/share/BigOil/document_generator/datasets/documents_2021_12_28/13hea_20211228_164033_5122407919_600_800.png,13hea_20211228_164033_5122407919_600_800_mask.png,fatode
12,5,24,10,468,324,492,334,468,324,492,324,492,334,468,334,sub_line_text,table_text,table_0,arial,italic,9.0,13hea_20211228_164033_5122407919_600_800.png,/scratch/parceirosbr/bigoilict/share/BigOil/document_generator/datasets/documents_2021_12_28/13hea_20211228_164033_5122407919_600_800.png,13hea_20211228_164033_5122407919_600_800_mask.png,fatode
8,5,17,10,472,337,489,347,472,337,489,337,489,347,472,347,text,table_text,table_0,arial,italic,9.0,13hea_20211228_164033_5122407919_600_800.png,/scratch/parceirosbr/bigoilict/share/BigOil/document_generator/datasets/documents_2021_12_28/13hea_20211228_164033_5122407919_600_800.png,13hea_20211228_164033_5122407919_600_800_mask.png,vem
8,5,17,10,472,337,489,347,472,337,489,337,489,347,472,347,sub_line_text,table_text,table_0,arial,italic,9.0,13hea_20211228_164033_5122407919_600_800.png,/scratch/parceirosbr/bigoilict/share/BigOil/document_generator/datasets/documents_2021_12_28/13hea_20211228_164033_5122407919_600_800.png,13hea_20211228_164033_5122407919_600_800_mask.png,vem
4,5,9,10,476,351,485,361,476,351,485,351,485,361,476,361,text,table_text,table_0,arial,italic,9.0,13hea_20211228_164033_5122407919_600_800.png,/scratch/parceirosbr/bigoilict/share/BigOil/document_generator/datasets/documents_2021_12_28/13hea_20211228_164033_5122407919_600_800.png,13hea_20211228_164033_5122407919_600_800_mask.png,na
4,5,9,10,476,351,485,361,476,351,485,351,485,361,476,361,sub_line_text,table_text,table_0,arial,italic,9.0,13hea_20211228_164033_5122407919_600_800.png,/scratch/parceirosbr/bigoilict/share/BigOil/document_generator/datasets/documents_2021_12_28/13hea_20211228_164033_5122407919_600_800.png,13hea_20211228_164033_5122407919_600_800_mask.png,na
14,5,29,10,466,364,495,374,466,364,495,364,495,374,466,374,text,table_text,table_0,arial,italic,9.0,13hea_20211228_164033_5122407919_600_800.png,/scratch/parceirosbr/bigoilict/share/BigOil/document_generator/datasets/documents_2021_12_28/13hea_20211228_164033_5122407919_600_800.png,13hea_20211228_164033_5122407919_600_800_mask.png,mistura
14,5,29,10,466,364,495,374,466,364,495,364,495,374,466,374,sub_line_text,table_text,table_0,arial,italic,9.0,13hea_20211228_164033_5122407919_600_800.png,/scratch/parceirosbr/bigoilict/share/BigOil/document_generator/datasets/documents_2021_12_28/13hea_20211228_164033_5122407919_600_800.png,13hea_20211228_164033_5122407919_600_800_mask.png,mistura
13,5,26,10,467,377,493,387,467,377,493,377,493,387,467,387,text,table_text,table_0,arial,italic,9.0,13hea_20211228_164033_5122407919_600_800.png,/scratch/parceirosbr/bigoilict/share/BigOil/document_generator/datasets/documents_2021_12_28/13hea_20211228_164033_5122407919_600_800.png,13hea_20211228_164033_5122407919_600_800_mask.png,estaria
13,5,26,10,467,377,493,387,467,377,493,377,493,387,467,387,sub_line_text,table_text,table_0,arial,italic,9.0,13hea_20211228_164033_5122407919_600_800.png,/scratch/parceirosbr/bigoilict/share/BigOil/document_generator/datasets/documents_2021_12_28/13hea_20211228_164033_5122407919_600_800.png,13hea_20211228_164033_5122407919_600_800_mask.png,estaria
12,5,24,10,468,391,492,401,468,391,492,391,492,401,468,401,text,table_text,table_0,arial,italic,9.0,13hea_20211228_164033_5122407919_600_800.png,/scratch/parceirosbr/bigoilict/share/BigOil/document_generator/datasets/documents_2021_12_28/13hea_20211228_164033_5122407919_600_800.png,13hea_20211228_164033_5122407919_600_800_mask.png,fatode
12,5,24,10,468,391,492,401,468,391,492,391,492,401,468,401,sub_line_text,table_text,table_0,arial,italic,9.0,13hea_20211228_164033_5122407919_600_800.png,/scratch/parceirosbr/bigoilict/share/BigOil/document_generator/datasets/documents_2021_12_28/13hea_20211228_164033_5122407919_600_800.png,13hea_20211228_164033_5122407919_600_800_mask.png,fatode
17,5,35,10,464,404,499,414,464,404,499,404,499,414,464,414,text,table_text,table_0,arial,italic,9.0,13hea_20211228_164033_5122407919_600_800.png,/scratch/parceirosbr/bigoilict/share/BigOil/document_generator/datasets/documents_2021_12_28/13hea_20211228_164033_5122407919_600_800.png,13hea_20211228_164033_5122407919_600_800_mask.png,alocação
17,5,35,10,464,404,499,414,464,404,499,404,499,414,464,414,sub_line_text,table_text,table_0,arial,italic,9.0,13hea_20211228_164033_5122407919_600_800.png,/scratch/parceirosbr/bigoilict/share/BigOil/document_generator/datasets/documents_2021_12_28/13hea_20211228_164033_5122407919_600_800.png,13hea_20211228_164033_5122407919_600_800_mask.png,alocação
7,5,14,10,473,418,487,428,473,418,487,418,487,428,473,428,text,table_text,table_0,arial,italic,9.0,13hea_20211228_164033_5122407919_600_800.png,/scratch/parceirosbr/bigoilict/share/BigOil/document_generator/datasets/documents_2021_12_28/13hea_20211228_164033_5122407919_600_800.png,13hea_20211228_164033_5122407919_600_800_mask.png,das
7,5,14,10,473,418,487,428,473,418,487,418,487,428,473,428,sub_line_text,table_text,table_0,arial,italic,9.0,13hea_20211228_164033_5122407919_600_800.png,/scratch/parceirosbr/bigoilict/share/BigOil/document_generator/datasets/documents_2021_12_28/13hea_20211228_164033_5122407919_600_800.png,13hea_20211228_164033_5122407919_600_800_mask.png,das
8,5,16,10,473,431,489,441,473,431,489,431,489,441,473,441,text,table_text,table_0,arial,regular,9.0,13hea_20211228_164033_5122407919_600_800.png,/scratch/parceirosbr/bigoilict/share/BigOil/document_generator/datasets/documents_2021_12_28/13hea_20211228_164033_5122407919_600_800.png,13hea_20211228_164033_5122407919_600_800_mask.png,bico
8,5,16,10,473,431,489,441,473,431,489,431,489,441,473,441,sub_line_text,table_text,table_0,arial,regular,9.0,13hea_20211228_164033_5122407919_600_800.png,/scratch/parceirosbr/bigoilict/share/BigOil/document_generator/datasets/documents_2021_12_28/13hea_20211228_164033_5122407919_600_800.png,13hea_20211228_164033_5122407919_600_800_mask.png,bico
69,5,139,10,58,209,197,219,58,209,197,209,197,219,58,219,sub_line_text,table_legend,table_0,opensans,bolditalic,8,13hea_20211228_164033_5122407919_600_800.png,/scratch/parceirosbr/bigoilict/share/BigOil/document_generator/datasets/documents_2021_12_28/13hea_20211228_164033_5122407919_600_800.png,13hea_20211228_164033_5122407919_600_800_mask.png,Table    61:      Dentre   as   tecnologias
69,5,139,10,58,223,197,233,58,223,197,223,197,233,58,233,sub_line_text,table_legend,table_0,opensans,bolditalic,8,13hea_20211228_164033_5122407919_600_800.png,/scratch/parceirosbr/bigoilict/share/BigOil/document_generator/datasets/documents_2021_12_28/13hea_20211228_164033_5122407919_600_800.png,13hea_20211228_164033_5122407919_600_800_mask.png,que  estão  sendo  estudadas  está  a
69,5,139,10,58,237,197,247,58,237,197,237,197,247,58,247,sub_line_text,table_legend,table_0,opensans,bolditalic,8,13hea_20211228_164033_5122407919_600_800.png,/scratch/parceirosbr/bigoilict/share/BigOil/document_generator/datasets/documents_2021_12_28/13hea_20211228_164033_5122407919_600_800.png,13hea_20211228_164033_5122407919_600_800_mask.png,técnica    que    consiste    na   injeção
69,5,138,10,58,251,196,261,58,251,196,251,196,261,58,261,sub_line_text,table_legend,table_0,opensans,bolditalic,8,13hea_20211228_164033_5122407919_600_800.png,/scratch/parceirosbr/bigoilict/share/BigOil/document_generator/datasets/documents_2021_12_28/13hea_20211228_164033_5122407919_600_800.png,13hea_20211228_164033_5122407919_600_800_mask.png,de   uma   pequena   vazão   de  água
47,5,94,10,58,265,152,275,58,265,152,265,152,275,58,275,sub_line_text,table_legend,table_0,opensans,bolditalic,8,13hea_20211228_164033_5122407919_600_800.png,/scratch/parceirosbr/bigoilict/share/BigOil/document_generator/datasets/documents_2021_12_28/13hea_20211228_164033_5122407919_600_800.png,13hea_20211228_164033_5122407919_600_800_mask.png,junto ao escoamento de
69,33,139,66,58,209,197,275,58,209,197,209,197,275,58,275,text,table_legend,table_0,opensans,bolditalic,8,13hea_20211228_164033_5122407919_600_800.png,/scratch/parceirosbr/bigoilict/share/BigOil/document_generator/datasets/documents_2021_12_28/13hea_20211228_164033_5122407919_600_800.png,13hea_20211228_164033_5122407919_600_800_mask.png,nan
27,5,54,10,206,483,260,493,206,483,260,483,260,493,206,493,sub_line_text,equation,equation_1,opensans,bolditalic,8,13hea_20211228_164033_5122407919_600_800.png,/scratch/parceirosbr/bigoilict/share/BigOil/document_generator/datasets/documents_2021_12_28/13hea_20211228_164033_5122407919_600_800.png,13hea_20211228_164033_5122407919_600_800_mask.png,Equation (117)
107,35,215,71,206,453,421,524,206,453,421,453,421,524,206,524,equation,equation,equation_1,,,,13hea_20211228_164033_5122407919_600_800.png,/scratch/parceirosbr/bigoilict/share/BigOil/document_generator/datasets/documents_2021_12_28/13hea_20211228_164033_5122407919_600_800.png,13hea_20211228_164033_5122407919_600_800_mask.png,
48,88,97,176,312,529,409,705,312,529,409,529,409,705,312,705,image,figure_image,figure_0,,,,13hea_20211228_164033_5122407919_600_800.png,/scratch/parceirosbr/bigoilict/share/BigOil/document_generator/datasets/documents_2021_12_28/13hea_20211228_164033_5122407919_600_800.png,13hea_20211228_164033_5122407919_600_800_mask.png,output/gen_img_20211228_164036_2573084921.png
2,-13,4,-27,371,662,375,635,371,632,382,662,375,665,364,635,text,figure_text,figure_0,,,,13hea_20211228_164033_5122407919_600_800.png,/scratch/parceirosbr/bigoilict/share/BigOil/document_generator/datasets/documents_2021_12_28/13hea_20211228_164033_5122407919_600_800.png,13hea_20211228_164033_5122407919_600_800_mask.png,1000.856
2,-13,4,-27,371,662,375,635,371,632,382,662,375,665,364,635,sub_line_text,figure_text,figure_0,,,,13hea_20211228_164033_5122407919_600_800.png,/scratch/parceirosbr/bigoilict/share/BigOil/document_generator/datasets/documents_2021_12_28/13hea_20211228_164033_5122407919_600_800.png,13hea_20211228_164033_5122407919_600_800_mask.png,1000.856
-3,-11,-7,-23,323,659,316,636,323,636,323,659,316,659,316,636,text,figure_text,figure_0,,,,13hea_20211228_164033_5122407919_600_800.png,/scratch/parceirosbr/bigoilict/share/BigOil/document_generator/datasets/documents_2021_12_28/13hea_20211228_164033_5122407919_600_800.png,13hea_20211228_164033_5122407919_600_800_mask.png,Scores
-3,-11,-7,-23,323,659,316,636,323,636,323,659,316,659,316,636,sub_line_text,figure_text,figure_0,,,,13hea_20211228_164033_5122407919_600_800.png,/scratch/parceirosbr/bigoilict/share/BigOil/document_generator/datasets/documents_2021_12_28/13hea_20211228_164033_5122407919_600_800.png,13hea_20211228_164033_5122407919_600_800_mask.png,Scores
0,-13,0,-26,322,595,322,569,322,566,331,595,322,598,313,569,text,figure_text,figure_0,,,,13hea_20211228_164033_5122407919_600_800.png,/scratch/parceirosbr/bigoilict/share/BigOil/document_generator/datasets/documents_2021_12_28/13hea_20211228_164033_5122407919_600_800.png,13hea_20211228_164033_5122407919_600_800_mask.png,Male (M)
0,-13,0,-26,322,595,322,569,322,566,331,595,322,598,313,569,sub_line_text,figure_text,figure_0,,,,13hea_20211228_164033_5122407919_600_800.png,/scratch/parceirosbr/bigoilict/share/BigOil/document_generator/datasets/documents_2021_12_28/13hea_20211228_164033_5122407919_600_800.png,13hea_20211228_164033_5122407919_600_800_mask.png,Male (M)
2,-16,5,-32,375,595,380,563,375,561,386,595,380,598,368,563,text,figure_text,figure_0,,,,13hea_20211228_164033_5122407919_600_800.png,/scratch/parceirosbr/bigoilict/share/BigOil/document_generator/datasets/documents_2021_12_28/13hea_20211228_164033_5122407919_600_800.png,13hea_20211228_164033_5122407919_600_800_mask.png,Movement
2,-16,5,-32,375,595,380,563,375,561,386,595,380,598,368,563,sub_line_text,figure_text,figure_0,,,,13hea_20211228_164033_5122407919_600_800.png,/scratch/parceirosbr/bigoilict/share/BigOil/document_generator/datasets/documents_2021_12_28/13hea_20211228_164033_5122407919_600_800.png,13hea_20211228_164033_5122407919_600_800_mask.png,Movement
-3,-13,-7,-27,322,628,315,601,322,601,322,628,315,629,315,601,text,figure_text,figure_0,,,,13hea_20211228_164033_5122407919_600_800.png,/scratch/parceirosbr/bigoilict/share/BigOil/document_generator/datasets/documents_2021_12_28/13hea_20211228_164033_5122407919_600_800.png,13hea_20211228_164033_5122407919_600_800_mask.png,Traction
-3,-13,-7,-27,322,628,315,601,322,601,322,628,315,629,315,601,sub_line_text,figure_text,figure_0,,,,13hea_20211228_164033_5122407919_600_800.png,/scratch/parceirosbr/bigoilict/share/BigOil/document_generator/datasets/documents_2021_12_28/13hea_20211228_164033_5122407919_600_800.png,13hea_20211228_164033_5122407919_600_800_mask.png,Traction
40,5,80,10,58,529,138,539,58,529,138,529,138,539,58,539,sub_line_text,figure_legend,figure_0,opensans,bolditalic,8,13hea_20211228_164033_5122407919_600_800.png,/scratch/parceirosbr/bigoilict/share/BigOil/document_generator/datasets/documents_2021_12_28/13hea_20211228_164033_5122407919_600_800.png,13hea_20211228_164033_5122407919_600_800_mask.png,Fig.   120:    Mtoe  /  y-
40,5,80,10,58,543,138,553,58,543,138,543,138,553,58,553,sub_line_text,figure_legend,figure_0,opensans,bolditalic,8,13hea_20211228_164033_5122407919_600_800.png,/scratch/parceirosbr/bigoilict/share/BigOil/document_generator/datasets/documents_2021_12_28/13hea_20211228_164033_5122407919_600_800.png,13hea_20211228_164033_5122407919_600_800_mask.png,ear     between     2000
39,5,79,10,58,557,137,567,58,557,137,557,137,567,58,567,sub_line_text,figure_legend,figure_0,opensans,bolditalic,8,13hea_20211228_164033_5122407919_600_800.png,/scratch/parceirosbr/bigoilict/share/BigOil/document_generator/datasets/documents_2021_12_28/13hea_20211228_164033_5122407919_600_800.png,13hea_20211228_164033_5122407919_600_800_mask.png,and   2010.   also  est-
40,5,80,10,58,571,138,581,58,571,138,571,138,581,58,581,sub_line_text,figure_legend,figure_0,opensans,bolditalic,8,13hea_20211228_164033_5122407919_600_800.png,/scratch/parceirosbr/bigoilict/share/BigOil/document_generator/datasets/documents_2021_12_28/13hea_20211228_164033_5122407919_600_800.png,13hea_20211228_164033_5122407919_600_800_mask.png,imated   that   the  in-
39,5,79,10,58,585,137,595,58,585,137,585,137,595,58,595,sub_line_text,figure_legend,figure_0,opensans,bolditalic,8,13hea_20211228_164033_5122407919_600_800.png,/scratch/parceirosbr/bigoilict/share/BigOil/document_generator/datasets/documents_2021_12_28/13hea_20211228_164033_5122407919_600_800.png,13hea_20211228_164033_5122407919_600_800_mask.png,crease  in  the  car  o-
39,5,79,10,58,599,137,609,58,599,137,599,137,609,58,609,sub_line_text,figure_legend,figure_0,opensans,bolditalic,8,13hea_20211228_164033_5122407919_600_800.png,/scratch/parceirosbr/bigoilict/share/BigOil/document_generator/datasets/documents_2021_12_28/13hea_20211228_164033_5122407919_600_800.png,13hea_20211228_164033_5122407919_600_800_mask.png,ccupancy    rate   res-
39,5,79,10,58,613,137,623,58,613,137,613,137,623,58,623,sub_line_text,figure_legend,figure_0,opensans,bolditalic,8,13hea_20211228_164033_5122407919_600_800.png,/scratch/parceirosbr/bigoilict/share/BigOil/document_generator/datasets/documents_2021_12_28/13hea_20211228_164033_5122407919_600_800.png,13hea_20211228_164033_5122407919_600_800_mask.png,ulting   from   the   in-
14,5,29,10,58,627,87,637,58,627,87,627,87,637,58,637,sub_line_text,figure_legend,figure_0,opensans,bolditalic,8,13hea_20211228_164033_5122407919_600_800.png,/scratch/parceirosbr/bigoilict/share/BigOil/document_generator/datasets/documents_2021_12_28/13hea_20211228_164033_5122407919_600_800.png,13hea_20211228_164033_5122407919_600_800_mask.png,creased
40,54,80,108,58,529,138,637,58,529,138,529,138,637,58,637,text,figure_legend,figure_0,opensans,bolditalic,8,13hea_20211228_164033_5122407919_600_800.png,/scratch/parceirosbr/bigoilict/share/BigOil/document_generator/datasets/documents_2021_12_28/13hea_20211228_164033_5122407919_600_800.png,13hea_20211228_164033_5122407919_600_800_mask.png,nan
229,6,458,12,88,710,546,722,88,710,546,710,546,722,88,722,sub_line_text,text,text_0,opensans,regular,9,13hea_20211228_164033_5122407919_600_800.png,/scratch/parceirosbr/bigoilict/share/BigOil/document_generator/datasets/documents_2021_12_28/13hea_20211228_164033_5122407919_600_800.png,13hea_20211228_164033_5122407919_600_800_mask.png,Kobayashi  through  his  studies on steel 1 showed that the crack initiation energy can be considered as 80% of
245,6,490,12,58,726,548,738,58,726,548,726,548,738,58,738,sub_line_text,text,text_0,opensans,regular,9,13hea_20211228_164033_5122407919_600_800.png,/scratch/parceirosbr/bigoilict/share/BigOil/document_generator/datasets/documents_2021_12_28/13hea_20211228_164033_5122407919_600_800.png,13hea_20211228_164033_5122407919_600_800_mask.png,the  energy related to the maximum load. Member should ensure that a survey is carried out after each installations c-
238,6,477,12,58,742,535,754,58,742,535,742,535,754,58,754,sub_line_text,text,text_0,opensans,regular,9,13hea_20211228_164033_5122407919_600_800.png,/scratch/parceirosbr/bigoilict/share/BigOil/document_generator/datasets/documents_2021_12_28/13hea_20211228_164033_5122407919_600_800.png,13hea_20211228_164033_5122407919_600_800_mask.png,losure to compare the environmental status of the installation and its surrounding surface and underground area.
245,22,490,44,58,710,548,754,58,710,548,710,548,754,58,754,text,text,text_0,opensans,regular,9,13hea_20211228_164033_5122407919_600_800.png,/scratch/parceirosbr/bigoilict/share/BigOil/document_generator/datasets/documents_2021_12_28/13hea_20211228_164033_5122407919_600_800.png,13hea_20211228_164033_5122407919_600_800_mask.png,nan
224,6,449,12,88,759,537,771,88,759,537,759,537,771,88,771,sub_line_text,text,text_1,opensans,regular,9,13hea_20211228_164033_5122407919_600_800.png,/scratch/parceirosbr/bigoilict/share/BigOil/document_generator/datasets/documents_2021_12_28/13hea_20211228_164033_5122407919_600_800.png,13hea_20211228_164033_5122407919_600_800_mask.png,"Além de resolver questões internas, o crescimento esperado dos investimentos e da produção de petróleo e."
224,6,449,12,88,759,537,771,88,759,537,759,537,771,88,771,text,text,text_1,opensans,regular,9,13hea_20211228_164033_5122407919_600_800.png,/scratch/parceirosbr/bigoilict/share/BigOil/document_generator/datasets/documents_2021_12_28/13hea_20211228_164033_5122407919_600_800.png,13hea_20211228_164033_5122407919_600_800_mask.png,nan
