center_x,center_y,width,height,xmin,ymin,xmax,ymax,top_left_x,top_left_y,top_right_x,top_right_y,bottom_right_x,bottom_right_y,bottom_left_x,bottom_left_y,label,grouplabel,group,text_font,text_style,size_font,filename,path,filename_mask,content
300,400,600,800,0,0,600,800,0,0,600,0,600,800,0,800,document,,,,,,13hea_20211228_164033_6098190473_600_800.png,/scratch/parceirosbr/bigoilict/share/BigOil/document_generator/datasets/documents_2021_12_28/13hea_20211228_164033_6098190473_600_800.png,13hea_20211228_164033_6098190473_600_800_mask.png,
189,1,378,2,146,122,524,124,146,122,524,122,524,124,146,124,line,line,line,,,,13hea_20211228_164033_6098190473_600_800.png,/scratch/parceirosbr/bigoilict/share/BigOil/document_generator/datasets/documents_2021_12_28/13hea_20211228_164033_6098190473_600_800.png,13hea_20211228_164033_6098190473_600_800_mask.png,nan
52,5,105,10,417,92,522,102,417,92,522,92,522,102,417,102,sub_line_text,header,header_1,arial,regular,8,13hea_20211228_164033_6098190473_600_800.png,/scratch/parceirosbr/bigoilict/share/BigOil/document_generator/datasets/documents_2021_12_28/13hea_20211228_164033_6098190473_600_800.png,13hea_20211228_164033_6098190473_600_800_mask.png,Como foi dito anteriormente no
52,5,105,10,417,92,522,102,417,92,522,92,522,102,417,102,text,header,header_1,arial,regular,8,13hea_20211228_164033_6098190473_600_800.png,/scratch/parceirosbr/bigoilict/share/BigOil/document_generator/datasets/documents_2021_12_28/13hea_20211228_164033_6098190473_600_800.png,13hea_20211228_164033_6098190473_600_800_mask.png,nan
24,11,49,23,176,92,225,115,176,92,225,92,225,115,176,115,image,image,image,,,,13hea_20211228_164033_6098190473_600_800.png,/scratch/parceirosbr/bigoilict/share/BigOil/document_generator/datasets/documents_2021_12_28/13hea_20211228_164033_6098190473_600_800.png,13hea_20211228_164033_6098190473_600_800_mask.png,/scratch/parceirosbr/bigoilict/share/BigOil/document_generator/files_images_document_generator/logos\image_102.jpg
188,0,377,1,146,669,523,670,146,669,523,669,523,670,146,670,line,line,line,,,,13hea_20211228_164033_6098190473_600_800.png,/scratch/parceirosbr/bigoilict/share/BigOil/document_generator/datasets/documents_2021_12_28/13hea_20211228_164033_6098190473_600_800.png,13hea_20211228_164033_6098190473_600_800_mask.png,nan
6,4,13,9,509,669,522,678,509,669,522,669,522,678,509,678,sub_line_text,numpag,footer_1,arial,regular,8,13hea_20211228_164033_6098190473_600_800.png,/scratch/parceirosbr/bigoilict/share/BigOil/document_generator/datasets/documents_2021_12_28/13hea_20211228_164033_6098190473_600_800.png,13hea_20211228_164033_6098190473_600_800_mask.png,138
6,4,13,9,509,669,522,678,509,669,522,669,522,678,509,678,text,numpag,footer_1,arial,regular,8,13hea_20211228_164033_6098190473_600_800.png,/scratch/parceirosbr/bigoilict/share/BigOil/document_generator/datasets/documents_2021_12_28/13hea_20211228_164033_6098190473_600_800.png,13hea_20211228_164033_6098190473_600_800_mask.png,nan
13,4,26,9,146,669,172,678,146,669,172,669,172,678,146,678,sub_line_text,footer,footer_1,arial,regular,8,13hea_20211228_164033_6098190473_600_800.png,/scratch/parceirosbr/bigoilict/share/BigOil/document_generator/datasets/documents_2021_12_28/13hea_20211228_164033_6098190473_600_800.png,13hea_20211228_164033_6098190473_600_800_mask.png,Source:
13,4,26,9,146,669,172,678,146,669,172,669,172,678,146,678,text,footer,footer_1,arial,regular,8,13hea_20211228_164033_6098190473_600_800.png,/scratch/parceirosbr/bigoilict/share/BigOil/document_generator/datasets/documents_2021_12_28/13hea_20211228_164033_6098190473_600_800.png,13hea_20211228_164033_6098190473_600_800_mask.png,nan
171,5,342,10,176,128,518,138,176,128,518,128,518,138,176,138,sub_line_text,text,text_0,arial,regular,8,13hea_20211228_164033_6098190473_600_800.png,/scratch/parceirosbr/bigoilict/share/BigOil/document_generator/datasets/documents_2021_12_28/13hea_20211228_164033_6098190473_600_800.png,13hea_20211228_164033_6098190473_600_800_mask.png,"When   the   offers   are   zeroed,  we  can  observe,  through  the  total  cost  or  even  the  presence  of"
186,5,372,10,146,140,518,150,146,140,518,140,518,150,146,150,sub_line_text,text,text_0,arial,regular,8,13hea_20211228_164033_6098190473_600_800.png,/scratch/parceirosbr/bigoilict/share/BigOil/document_generator/datasets/documents_2021_12_28/13hea_20211228_164033_6098190473_600_800.png,13hea_20211228_164033_6098190473_600_800_mask.png,"unviable   points,   if  the  industry  supports  the  absence  of  this  product,  even  though  it  entails  a  high  ann-"
186,5,372,10,146,152,518,162,146,152,518,152,518,162,146,162,sub_line_text,text,text_0,arial,regular,8,13hea_20211228_164033_6098190473_600_800.png,/scratch/parceirosbr/bigoilict/share/BigOil/document_generator/datasets/documents_2021_12_28/13hea_20211228_164033_6098190473_600_800.png,13hea_20211228_164033_6098190473_600_800_mask.png,ual   cost.   Methane   reforming   with   water   vapor   in   laboratory  scale  reformer.  O  entrecruzamento  qu-
186,5,373,10,146,164,519,174,146,164,519,164,519,174,146,174,sub_line_text,text,text_0,arial,regular,8,13hea_20211228_164033_6098190473_600_800.png,/scratch/parceirosbr/bigoilict/share/BigOil/document_generator/datasets/documents_2021_12_28/13hea_20211228_164033_6098190473_600_800.png,13hea_20211228_164033_6098190473_600_800_mask.png,ímico   de   proteínas   pode   ser   facilmente   alcançado   pelo   uso   de   reagentes  bifuncionais  em  compar-
186,5,372,10,146,176,518,186,146,176,518,176,518,186,146,186,sub_line_text,text,text_0,arial,regular,8,13hea_20211228_164033_6098190473_600_800.png,/scratch/parceirosbr/bigoilict/share/BigOil/document_generator/datasets/documents_2021_12_28/13hea_20211228_164033_6098190473_600_800.png,13hea_20211228_164033_6098190473_600_800_mask.png,"ação   com  monofuncionais  (Wong,  1973).  The  created  the  and  that,  according  to  him,  aims  to  act  in  t-"
186,5,372,10,146,188,518,198,146,188,518,188,518,198,146,198,sub_line_text,text,text_0,arial,regular,8,13hea_20211228_164033_6098190473_600_800.png,/scratch/parceirosbr/bigoilict/share/BigOil/document_generator/datasets/documents_2021_12_28/13hea_20211228_164033_6098190473_600_800.png,13hea_20211228_164033_6098190473_600_800_mask.png,he   development   and   strengthening   of.   The   product  of  your  work  has  a  greater  economic  impact  and
186,5,373,10,146,200,519,210,146,200,519,200,519,210,146,210,sub_line_text,text,text_0,arial,regular,8,13hea_20211228_164033_6098190473_600_800.png,/scratch/parceirosbr/bigoilict/share/BigOil/document_generator/datasets/documents_2021_12_28/13hea_20211228_164033_6098190473_600_800.png,13hea_20211228_164033_6098190473_600_800_mask.png,must   be   remunerated   accordingly.   The   main   destination  of  the  derivatives  was  the  ones  that  import-
186,5,372,10,146,212,518,222,146,212,518,212,518,222,146,222,sub_line_text,text,text_0,arial,regular,8,13hea_20211228_164033_6098190473_600_800.png,/scratch/parceirosbr/bigoilict/share/BigOil/document_generator/datasets/documents_2021_12_28/13hea_20211228_164033_6098190473_600_800.png,13hea_20211228_164033_6098190473_600_800_mask.png,"ed  3.7  million  m  or  27.4%  of  the  total.  The  acid  medium  normally  hydrolyzes  the  polysaccharides,  but"
186,5,372,10,146,224,518,234,146,224,518,224,518,234,146,234,sub_line_text,text,text_0,arial,regular,8,13hea_20211228_164033_6098190473_600_800.png,/scratch/parceirosbr/bigoilict/share/BigOil/document_generator/datasets/documents_2021_12_28/13hea_20211228_164033_6098190473_600_800.png,13hea_20211228_164033_6098190473_600_800_mask.png,"in   these   relatively   moderate   operating   conditions,   it   does   not  attack  the  cellulosic  fraction  to  an  ap-"
186,5,372,10,146,236,518,246,146,236,518,236,518,246,146,246,sub_line_text,text,text_0,arial,regular,8,13hea_20211228_164033_6098190473_600_800.png,/scratch/parceirosbr/bigoilict/share/BigOil/document_generator/datasets/documents_2021_12_28/13hea_20211228_164033_6098190473_600_800.png,13hea_20211228_164033_6098190473_600_800_mask.png,"preciable   extent   (GÁMEZ   et   al.,   2006).   Nesta   posição,   a   força  necessária  para  o  deslocamento  p-"
162,5,324,10,146,248,470,258,146,248,470,248,470,258,146,258,sub_line_text,text,text_0,arial,regular,8,13hea_20211228_164033_6098190473_600_800.png,/scratch/parceirosbr/bigoilict/share/BigOil/document_generator/datasets/documents_2021_12_28/13hea_20211228_164033_6098190473_600_800.png,13hea_20211228_164033_6098190473_600_800_mask.png,"assa a ser proporcional ao coeficiente elástico da mola. Neste ensaio, foi acrescentada argila na."
186,65,373,130,146,128,519,258,146,128,519,128,519,258,146,258,text,text,text_0,arial,regular,8,13hea_20211228_164033_6098190473_600_800.png,/scratch/parceirosbr/bigoilict/share/BigOil/document_generator/datasets/documents_2021_12_28/13hea_20211228_164033_6098190473_600_800.png,13hea_20211228_164033_6098190473_600_800_mask.png,nan
136,115,273,231,233,261,506,492,233,261,506,261,506,492,233,492,table,table_image,table_0,,,,13hea_20211228_164033_6098190473_600_800.png,/scratch/parceirosbr/bigoilict/share/BigOil/document_generator/datasets/documents_2021_12_28/13hea_20211228_164033_6098190473_600_800.png,13hea_20211228_164033_6098190473_600_800_mask.png,output/gen_tab_20211228_164039_8775616338.png
19,4,38,9,259,265,297,274,259,265,297,265,297,274,259,274,text,table_text,table_0,times,italic,8.0,13hea_20211228_164033_6098190473_600_800.png,/scratch/parceirosbr/bigoilict/share/BigOil/document_generator/datasets/documents_2021_12_28/13hea_20211228_164033_6098190473_600_800.png,13hea_20211228_164033_6098190473_600_800_mask.png,pelasalturas
19,4,38,9,259,265,297,274,259,265,297,265,297,274,259,274,sub_line_text,table_text,table_0,times,italic,8.0,13hea_20211228_164033_6098190473_600_800.png,/scratch/parceirosbr/bigoilict/share/BigOil/document_generator/datasets/documents_2021_12_28/13hea_20211228_164033_6098190473_600_800.png,13hea_20211228_164033_6098190473_600_800_mask.png,pelasalturas
1,4,3,9,277,285,280,294,277,285,280,285,280,294,277,294,text,table_text,table_0,times,regular,8.0,13hea_20211228_164033_6098190473_600_800.png,/scratch/parceirosbr/bigoilict/share/BigOil/document_generator/datasets/documents_2021_12_28/13hea_20211228_164033_6098190473_600_800.png,13hea_20211228_164033_6098190473_600_800_mask.png,e
1,4,3,9,277,285,280,294,277,285,280,285,280,294,277,294,sub_line_text,table_text,table_0,times,regular,8.0,13hea_20211228_164033_6098190473_600_800.png,/scratch/parceirosbr/bigoilict/share/BigOil/document_generator/datasets/documents_2021_12_28/13hea_20211228_164033_6098190473_600_800.png,13hea_20211228_164033_6098190473_600_800_mask.png,e
12,4,24,9,266,298,290,307,266,298,290,298,290,307,266,307,text,table_text,table_0,times,regular,8.0,13hea_20211228_164033_6098190473_600_800.png,/scratch/parceirosbr/bigoilict/share/BigOil/document_generator/datasets/documents_2021_12_28/13hea_20211228_164033_6098190473_600_800.png,13hea_20211228_164033_6098190473_600_800_mask.png,elevado
12,4,24,9,266,298,290,307,266,298,290,298,290,307,266,307,sub_line_text,table_text,table_0,times,regular,8.0,13hea_20211228_164033_6098190473_600_800.png,/scratch/parceirosbr/bigoilict/share/BigOil/document_generator/datasets/documents_2021_12_28/13hea_20211228_164033_6098190473_600_800.png,13hea_20211228_164033_6098190473_600_800_mask.png,elevado
6,4,13,9,272,310,285,319,272,310,285,310,285,319,272,319,text,table_text,table_0,times,regular,8.0,13hea_20211228_164033_6098190473_600_800.png,/scratch/parceirosbr/bigoilict/share/BigOil/document_generator/datasets/documents_2021_12_28/13hea_20211228_164033_6098190473_600_800.png,13hea_20211228_164033_6098190473_600_800_mask.png,país
6,4,13,9,272,310,285,319,272,310,285,310,285,319,272,319,sub_line_text,table_text,table_0,times,regular,8.0,13hea_20211228_164033_6098190473_600_800.png,/scratch/parceirosbr/bigoilict/share/BigOil/document_generator/datasets/documents_2021_12_28/13hea_20211228_164033_6098190473_600_800.png,13hea_20211228_164033_6098190473_600_800_mask.png,país
7,4,15,9,271,323,286,332,271,323,286,323,286,332,271,332,text,table_text,table_0,times,regular,8.0,13hea_20211228_164033_6098190473_600_800.png,/scratch/parceirosbr/bigoilict/share/BigOil/document_generator/datasets/documents_2021_12_28/13hea_20211228_164033_6098190473_600_800.png,13hea_20211228_164033_6098190473_600_800_mask.png,para
7,4,15,9,271,323,286,332,271,323,286,323,286,332,271,332,sub_line_text,table_text,table_0,times,regular,8.0,13hea_20211228_164033_6098190473_600_800.png,/scratch/parceirosbr/bigoilict/share/BigOil/document_generator/datasets/documents_2021_12_28/13hea_20211228_164033_6098190473_600_800.png,13hea_20211228_164033_6098190473_600_800_mask.png,para
15,4,30,9,263,335,293,344,263,335,293,335,293,344,263,344,text,table_text,table_0,times,regular,8.0,13hea_20211228_164033_6098190473_600_800.png,/scratch/parceirosbr/bigoilict/share/BigOil/document_generator/datasets/documents_2021_12_28/13hea_20211228_164033_6098190473_600_800.png,13hea_20211228_164033_6098190473_600_800_mask.png,contribuir
15,4,30,9,263,335,293,344,263,335,293,335,293,344,263,344,sub_line_text,table_text,table_0,times,regular,8.0,13hea_20211228_164033_6098190473_600_800.png,/scratch/parceirosbr/bigoilict/share/BigOil/document_generator/datasets/documents_2021_12_28/13hea_20211228_164033_6098190473_600_800.png,13hea_20211228_164033_6098190473_600_800_mask.png,contribuir
14,4,28,9,264,348,292,357,264,348,292,348,292,357,264,357,text,table_text,table_0,times,regular,8.0,13hea_20211228_164033_6098190473_600_800.png,/scratch/parceirosbr/bigoilict/share/BigOil/document_generator/datasets/documents_2021_12_28/13hea_20211228_164033_6098190473_600_800.png,13hea_20211228_164033_6098190473_600_800_mask.png,alocação
14,4,28,9,264,348,292,357,264,348,292,348,292,357,264,357,sub_line_text,table_text,table_0,times,regular,8.0,13hea_20211228_164033_6098190473_600_800.png,/scratch/parceirosbr/bigoilict/share/BigOil/document_generator/datasets/documents_2021_12_28/13hea_20211228_164033_6098190473_600_800.png,13hea_20211228_164033_6098190473_600_800_mask.png,alocação
3,4,7,9,275,360,282,369,275,360,282,360,282,369,275,369,text,table_text,table_0,times,regular,8.0,13hea_20211228_164033_6098190473_600_800.png,/scratch/parceirosbr/bigoilict/share/BigOil/document_generator/datasets/documents_2021_12_28/13hea_20211228_164033_6098190473_600_800.png,13hea_20211228_164033_6098190473_600_800_mask.png,ao
3,4,7,9,275,360,282,369,275,360,282,360,282,369,275,369,sub_line_text,table_text,table_0,times,regular,8.0,13hea_20211228_164033_6098190473_600_800.png,/scratch/parceirosbr/bigoilict/share/BigOil/document_generator/datasets/documents_2021_12_28/13hea_20211228_164033_6098190473_600_800.png,13hea_20211228_164033_6098190473_600_800_mask.png,ao
3,4,7,9,275,373,282,382,275,373,282,373,282,382,275,382,text,table_text,table_0,times,regular,8.0,13hea_20211228_164033_6098190473_600_800.png,/scratch/parceirosbr/bigoilict/share/BigOil/document_generator/datasets/documents_2021_12_28/13hea_20211228_164033_6098190473_600_800.png,13hea_20211228_164033_6098190473_600_800_mask.png,ou
3,4,7,9,275,373,282,382,275,373,282,373,282,382,275,382,sub_line_text,table_text,table_0,times,regular,8.0,13hea_20211228_164033_6098190473_600_800.png,/scratch/parceirosbr/bigoilict/share/BigOil/document_generator/datasets/documents_2021_12_28/13hea_20211228_164033_6098190473_600_800.png,13hea_20211228_164033_6098190473_600_800_mask.png,ou
12,4,25,9,265,385,290,394,265,385,290,385,290,394,265,394,text,table_text,table_0,times,regular,8.0,13hea_20211228_164033_6098190473_600_800.png,/scratch/parceirosbr/bigoilict/share/BigOil/document_generator/datasets/documents_2021_12_28/13hea_20211228_164033_6098190473_600_800.png,13hea_20211228_164033_6098190473_600_800_mask.png,gasolina
12,4,25,9,265,385,290,394,265,385,290,385,290,394,265,394,sub_line_text,table_text,table_0,times,regular,8.0,13hea_20211228_164033_6098190473_600_800.png,/scratch/parceirosbr/bigoilict/share/BigOil/document_generator/datasets/documents_2021_12_28/13hea_20211228_164033_6098190473_600_800.png,13hea_20211228_164033_6098190473_600_800_mask.png,gasolina
18,4,36,9,260,398,296,407,260,398,296,398,296,407,260,407,text,table_text,table_0,times,regular,8.0,13hea_20211228_164033_6098190473_600_800.png,/scratch/parceirosbr/bigoilict/share/BigOil/document_generator/datasets/documents_2021_12_28/13hea_20211228_164033_6098190473_600_800.png,13hea_20211228_164033_6098190473_600_800_mask.png,quantitativa
18,4,36,9,260,398,296,407,260,398,296,398,296,407,260,407,sub_line_text,table_text,table_0,times,regular,8.0,13hea_20211228_164033_6098190473_600_800.png,/scratch/parceirosbr/bigoilict/share/BigOil/document_generator/datasets/documents_2021_12_28/13hea_20211228_164033_6098190473_600_800.png,13hea_20211228_164033_6098190473_600_800_mask.png,quantitativa
17,4,35,9,261,410,296,419,261,410,296,410,296,419,261,419,text,table_text,table_0,times,regular,8.0,13hea_20211228_164033_6098190473_600_800.png,/scratch/parceirosbr/bigoilict/share/BigOil/document_generator/datasets/documents_2021_12_28/13hea_20211228_164033_6098190473_600_800.png,13hea_20211228_164033_6098190473_600_800_mask.png,exploração
17,4,35,9,261,410,296,419,261,410,296,410,296,419,261,419,sub_line_text,table_text,table_0,times,regular,8.0,13hea_20211228_164033_6098190473_600_800.png,/scratch/parceirosbr/bigoilict/share/BigOil/document_generator/datasets/documents_2021_12_28/13hea_20211228_164033_6098190473_600_800.png,13hea_20211228_164033_6098190473_600_800_mask.png,exploração
21,4,43,9,257,422,300,431,257,422,300,422,300,431,257,431,text,table_text,table_0,times,regular,8.0,13hea_20211228_164033_6098190473_600_800.png,/scratch/parceirosbr/bigoilict/share/BigOil/document_generator/datasets/documents_2021_12_28/13hea_20211228_164033_6098190473_600_800.png,13hea_20211228_164033_6098190473_600_800_mask.png,influenciando
21,4,43,9,257,422,300,431,257,422,300,422,300,431,257,431,sub_line_text,table_text,table_0,times,regular,8.0,13hea_20211228_164033_6098190473_600_800.png,/scratch/parceirosbr/bigoilict/share/BigOil/document_generator/datasets/documents_2021_12_28/13hea_20211228_164033_6098190473_600_800.png,13hea_20211228_164033_6098190473_600_800_mask.png,influenciando
11,4,23,9,267,435,290,444,267,435,290,435,290,444,267,444,text,table_text,table_0,times,regular,8.0,13hea_20211228_164033_6098190473_600_800.png,/scratch/parceirosbr/bigoilict/share/BigOil/document_generator/datasets/documents_2021_12_28/13hea_20211228_164033_6098190473_600_800.png,13hea_20211228_164033_6098190473_600_800_mask.png,durante
11,4,23,9,267,435,290,444,267,435,290,435,290,444,267,444,sub_line_text,table_text,table_0,times,regular,8.0,13hea_20211228_164033_6098190473_600_800.png,/scratch/parceirosbr/bigoilict/share/BigOil/document_generator/datasets/documents_2021_12_28/13hea_20211228_164033_6098190473_600_800.png,13hea_20211228_164033_6098190473_600_800_mask.png,durante
11,4,22,9,267,447,289,456,267,447,289,447,289,456,267,456,text,table_text,table_0,times,regular,8.0,13hea_20211228_164033_6098190473_600_800.png,/scratch/parceirosbr/bigoilict/share/BigOil/document_generator/datasets/documents_2021_12_28/13hea_20211228_164033_6098190473_600_800.png,13hea_20211228_164033_6098190473_600_800_mask.png,estreita
11,4,22,9,267,447,289,456,267,447,289,447,289,456,267,456,sub_line_text,table_text,table_0,times,regular,8.0,13hea_20211228_164033_6098190473_600_800.png,/scratch/parceirosbr/bigoilict/share/BigOil/document_generator/datasets/documents_2021_12_28/13hea_20211228_164033_6098190473_600_800.png,13hea_20211228_164033_6098190473_600_800_mask.png,estreita
19,4,38,9,259,460,297,469,259,460,297,460,297,469,259,469,text,table_text,table_0,times,regular,8.0,13hea_20211228_164033_6098190473_600_800.png,/scratch/parceirosbr/bigoilict/share/BigOil/document_generator/datasets/documents_2021_12_28/13hea_20211228_164033_6098190473_600_800.png,13hea_20211228_164033_6098190473_600_800_mask.png,provocando
19,4,38,9,259,460,297,469,259,460,297,460,297,469,259,469,sub_line_text,table_text,table_0,times,regular,8.0,13hea_20211228_164033_6098190473_600_800.png,/scratch/parceirosbr/bigoilict/share/BigOil/document_generator/datasets/documents_2021_12_28/13hea_20211228_164033_6098190473_600_800.png,13hea_20211228_164033_6098190473_600_800_mask.png,provocando
19,4,39,9,349,472,388,481,349,472,388,472,388,481,349,481,text,table_text,table_0,times,bold,8.0,13hea_20211228_164033_6098190473_600_800.png,/scratch/parceirosbr/bigoilict/share/BigOil/document_generator/datasets/documents_2021_12_28/13hea_20211228_164033_6098190473_600_800.png,13hea_20211228_164033_6098190473_600_800_mask.png,quantitativa
19,4,39,9,349,472,388,481,349,472,388,472,388,481,349,481,sub_line_text,table_text,table_0,times,bold,8.0,13hea_20211228_164033_6098190473_600_800.png,/scratch/parceirosbr/bigoilict/share/BigOil/document_generator/datasets/documents_2021_12_28/13hea_20211228_164033_6098190473_600_800.png,13hea_20211228_164033_6098190473_600_800_mask.png,quantitativa
19,4,38,9,369,265,407,274,369,265,407,265,407,274,369,274,text,table_text,table_0,times,italic,8.0,13hea_20211228_164033_6098190473_600_800.png,/scratch/parceirosbr/bigoilict/share/BigOil/document_generator/datasets/documents_2021_12_28/13hea_20211228_164033_6098190473_600_800.png,13hea_20211228_164033_6098190473_600_800_mask.png,combustível
19,4,38,9,369,265,407,274,369,265,407,265,407,274,369,274,sub_line_text,table_text,table_0,times,italic,8.0,13hea_20211228_164033_6098190473_600_800.png,/scratch/parceirosbr/bigoilict/share/BigOil/document_generator/datasets/documents_2021_12_28/13hea_20211228_164033_6098190473_600_800.png,13hea_20211228_164033_6098190473_600_800_mask.png,combustível
22,4,44,9,363,285,407,294,363,285,407,285,407,294,363,294,text,table_text,table_0,times,regular,8.0,13hea_20211228_164033_6098190473_600_800.png,/scratch/parceirosbr/bigoilict/share/BigOil/document_generator/datasets/documents_2021_12_28/13hea_20211228_164033_6098190473_600_800.png,13hea_20211228_164033_6098190473_600_800_mask.png,344367634.38
22,4,44,9,363,285,407,294,363,285,407,285,407,294,363,294,sub_line_text,table_text,table_0,times,regular,8.0,13hea_20211228_164033_6098190473_600_800.png,/scratch/parceirosbr/bigoilict/share/BigOil/document_generator/datasets/documents_2021_12_28/13hea_20211228_164033_6098190473_600_800.png,13hea_20211228_164033_6098190473_600_800_mask.png,344367634.38
20,4,40,9,367,298,407,307,367,298,407,298,407,307,367,307,text,table_text,table_0,times,regular,8.0,13hea_20211228_164033_6098190473_600_800.png,/scratch/parceirosbr/bigoilict/share/BigOil/document_generator/datasets/documents_2021_12_28/13hea_20211228_164033_6098190473_600_800.png,13hea_20211228_164033_6098190473_600_800_mask.png,34594683.37
20,4,40,9,367,298,407,307,367,298,407,298,407,307,367,307,sub_line_text,table_text,table_0,times,regular,8.0,13hea_20211228_164033_6098190473_600_800.png,/scratch/parceirosbr/bigoilict/share/BigOil/document_generator/datasets/documents_2021_12_28/13hea_20211228_164033_6098190473_600_800.png,13hea_20211228_164033_6098190473_600_800_mask.png,34594683.37
20,4,40,9,367,310,407,319,367,310,407,310,407,319,367,319,text,table_text,table_0,times,regular,8.0,13hea_20211228_164033_6098190473_600_800.png,/scratch/parceirosbr/bigoilict/share/BigOil/document_generator/datasets/documents_2021_12_28/13hea_20211228_164033_6098190473_600_800.png,13hea_20211228_164033_6098190473_600_800_mask.png,97144751.62
20,4,40,9,367,310,407,319,367,310,407,310,407,319,367,319,sub_line_text,table_text,table_0,times,regular,8.0,13hea_20211228_164033_6098190473_600_800.png,/scratch/parceirosbr/bigoilict/share/BigOil/document_generator/datasets/documents_2021_12_28/13hea_20211228_164033_6098190473_600_800.png,13hea_20211228_164033_6098190473_600_800_mask.png,97144751.62
18,4,36,9,370,323,406,332,370,323,406,323,406,332,370,332,text,table_text,table_0,times,regular,8.0,13hea_20211228_164033_6098190473_600_800.png,/scratch/parceirosbr/bigoilict/share/BigOil/document_generator/datasets/documents_2021_12_28/13hea_20211228_164033_6098190473_600_800.png,13hea_20211228_164033_6098190473_600_800_mask.png,7371393.83
18,4,36,9,370,323,406,332,370,323,406,323,406,332,370,332,sub_line_text,table_text,table_0,times,regular,8.0,13hea_20211228_164033_6098190473_600_800.png,/scratch/parceirosbr/bigoilict/share/BigOil/document_generator/datasets/documents_2021_12_28/13hea_20211228_164033_6098190473_600_800.png,13hea_20211228_164033_6098190473_600_800_mask.png,7371393.83
18,4,36,9,370,335,406,344,370,335,406,335,406,344,370,344,text,table_text,table_0,times,regular,8.0,13hea_20211228_164033_6098190473_600_800.png,/scratch/parceirosbr/bigoilict/share/BigOil/document_generator/datasets/documents_2021_12_28/13hea_20211228_164033_6098190473_600_800.png,13hea_20211228_164033_6098190473_600_800_mask.png,2245740.86
18,4,36,9,370,335,406,344,370,335,406,335,406,344,370,344,sub_line_text,table_text,table_0,times,regular,8.0,13hea_20211228_164033_6098190473_600_800.png,/scratch/parceirosbr/bigoilict/share/BigOil/document_generator/datasets/documents_2021_12_28/13hea_20211228_164033_6098190473_600_800.png,13hea_20211228_164033_6098190473_600_800_mask.png,2245740.86
18,4,36,9,370,348,406,357,370,348,406,348,406,357,370,357,text,table_text,table_0,times,regular,8.0,13hea_20211228_164033_6098190473_600_800.png,/scratch/parceirosbr/bigoilict/share/BigOil/document_generator/datasets/documents_2021_12_28/13hea_20211228_164033_6098190473_600_800.png,13hea_20211228_164033_6098190473_600_800_mask.png,3877010.99
18,4,36,9,370,348,406,357,370,348,406,348,406,357,370,357,sub_line_text,table_text,table_0,times,regular,8.0,13hea_20211228_164033_6098190473_600_800.png,/scratch/parceirosbr/bigoilict/share/BigOil/document_generator/datasets/documents_2021_12_28/13hea_20211228_164033_6098190473_600_800.png,13hea_20211228_164033_6098190473_600_800_mask.png,3877010.99
20,4,40,9,367,360,407,369,367,360,407,360,407,369,367,369,text,table_text,table_0,times,regular,8.0,13hea_20211228_164033_6098190473_600_800.png,/scratch/parceirosbr/bigoilict/share/BigOil/document_generator/datasets/documents_2021_12_28/13hea_20211228_164033_6098190473_600_800.png,13hea_20211228_164033_6098190473_600_800_mask.png,62949546.07
20,4,40,9,367,360,407,369,367,360,407,360,407,369,367,369,sub_line_text,table_text,table_0,times,regular,8.0,13hea_20211228_164033_6098190473_600_800.png,/scratch/parceirosbr/bigoilict/share/BigOil/document_generator/datasets/documents_2021_12_28/13hea_20211228_164033_6098190473_600_800.png,13hea_20211228_164033_6098190473_600_800_mask.png,62949546.07
18,4,36,9,370,373,406,382,370,373,406,373,406,382,370,382,text,table_text,table_0,times,regular,8.0,13hea_20211228_164033_6098190473_600_800.png,/scratch/parceirosbr/bigoilict/share/BigOil/document_generator/datasets/documents_2021_12_28/13hea_20211228_164033_6098190473_600_800.png,13hea_20211228_164033_6098190473_600_800_mask.png,5908251.71
18,4,36,9,370,373,406,382,370,373,406,373,406,382,370,382,sub_line_text,table_text,table_0,times,regular,8.0,13hea_20211228_164033_6098190473_600_800.png,/scratch/parceirosbr/bigoilict/share/BigOil/document_generator/datasets/documents_2021_12_28/13hea_20211228_164033_6098190473_600_800.png,13hea_20211228_164033_6098190473_600_800_mask.png,5908251.71
18,4,36,9,370,385,406,394,370,385,406,385,406,394,370,394,text,table_text,table_0,times,regular,8.0,13hea_20211228_164033_6098190473_600_800.png,/scratch/parceirosbr/bigoilict/share/BigOil/document_generator/datasets/documents_2021_12_28/13hea_20211228_164033_6098190473_600_800.png,13hea_20211228_164033_6098190473_600_800_mask.png,9719389.76
18,4,36,9,370,385,406,394,370,385,406,385,406,394,370,394,sub_line_text,table_text,table_0,times,regular,8.0,13hea_20211228_164033_6098190473_600_800.png,/scratch/parceirosbr/bigoilict/share/BigOil/document_generator/datasets/documents_2021_12_28/13hea_20211228_164033_6098190473_600_800.png,13hea_20211228_164033_6098190473_600_800_mask.png,9719389.76
18,4,36,9,370,398,406,407,370,398,406,398,406,407,370,407,text,table_text,table_0,times,regular,8.0,13hea_20211228_164033_6098190473_600_800.png,/scratch/parceirosbr/bigoilict/share/BigOil/document_generator/datasets/documents_2021_12_28/13hea_20211228_164033_6098190473_600_800.png,13hea_20211228_164033_6098190473_600_800_mask.png,7533989.07
18,4,36,9,370,398,406,407,370,398,406,398,406,407,370,407,sub_line_text,table_text,table_0,times,regular,8.0,13hea_20211228_164033_6098190473_600_800.png,/scratch/parceirosbr/bigoilict/share/BigOil/document_generator/datasets/documents_2021_12_28/13hea_20211228_164033_6098190473_600_800.png,13hea_20211228_164033_6098190473_600_800_mask.png,7533989.07
18,4,36,9,370,410,406,419,370,410,406,410,406,419,370,419,text,table_text,table_0,times,regular,8.0,13hea_20211228_164033_6098190473_600_800.png,/scratch/parceirosbr/bigoilict/share/BigOil/document_generator/datasets/documents_2021_12_28/13hea_20211228_164033_6098190473_600_800.png,13hea_20211228_164033_6098190473_600_800_mask.png,7089749.79
18,4,36,9,370,410,406,419,370,410,406,410,406,419,370,419,sub_line_text,table_text,table_0,times,regular,8.0,13hea_20211228_164033_6098190473_600_800.png,/scratch/parceirosbr/bigoilict/share/BigOil/document_generator/datasets/documents_2021_12_28/13hea_20211228_164033_6098190473_600_800.png,13hea_20211228_164033_6098190473_600_800_mask.png,7089749.79
20,4,40,9,367,422,407,431,367,422,407,422,407,431,367,431,text,table_text,table_0,times,regular,8.0,13hea_20211228_164033_6098190473_600_800.png,/scratch/parceirosbr/bigoilict/share/BigOil/document_generator/datasets/documents_2021_12_28/13hea_20211228_164033_6098190473_600_800.png,13hea_20211228_164033_6098190473_600_800_mask.png,66315406.80
20,4,40,9,367,422,407,431,367,422,407,422,407,431,367,431,sub_line_text,table_text,table_0,times,regular,8.0,13hea_20211228_164033_6098190473_600_800.png,/scratch/parceirosbr/bigoilict/share/BigOil/document_generator/datasets/documents_2021_12_28/13hea_20211228_164033_6098190473_600_800.png,13hea_20211228_164033_6098190473_600_800_mask.png,66315406.80
18,4,36,9,370,435,406,444,370,435,406,435,406,444,370,444,text,table_text,table_0,times,regular,8.0,13hea_20211228_164033_6098190473_600_800.png,/scratch/parceirosbr/bigoilict/share/BigOil/document_generator/datasets/documents_2021_12_28/13hea_20211228_164033_6098190473_600_800.png,13hea_20211228_164033_6098190473_600_800_mask.png,3690706.10
18,4,36,9,370,435,406,444,370,435,406,435,406,444,370,444,sub_line_text,table_text,table_0,times,regular,8.0,13hea_20211228_164033_6098190473_600_800.png,/scratch/parceirosbr/bigoilict/share/BigOil/document_generator/datasets/documents_2021_12_28/13hea_20211228_164033_6098190473_600_800.png,13hea_20211228_164033_6098190473_600_800_mask.png,3690706.10
18,4,36,9,370,447,406,456,370,447,406,447,406,456,370,456,text,table_text,table_0,times,regular,8.0,13hea_20211228_164033_6098190473_600_800.png,/scratch/parceirosbr/bigoilict/share/BigOil/document_generator/datasets/documents_2021_12_28/13hea_20211228_164033_6098190473_600_800.png,13hea_20211228_164033_6098190473_600_800_mask.png,6680887.21
18,4,36,9,370,447,406,456,370,447,406,447,406,456,370,456,sub_line_text,table_text,table_0,times,regular,8.0,13hea_20211228_164033_6098190473_600_800.png,/scratch/parceirosbr/bigoilict/share/BigOil/document_generator/datasets/documents_2021_12_28/13hea_20211228_164033_6098190473_600_800.png,13hea_20211228_164033_6098190473_600_800_mask.png,6680887.21
20,4,40,9,367,460,407,469,367,460,407,460,407,469,367,469,text,table_text,table_0,times,regular,8.0,13hea_20211228_164033_6098190473_600_800.png,/scratch/parceirosbr/bigoilict/share/BigOil/document_generator/datasets/documents_2021_12_28/13hea_20211228_164033_6098190473_600_800.png,13hea_20211228_164033_6098190473_600_800_mask.png,26469190.96
20,4,40,9,367,460,407,469,367,460,407,460,407,469,367,469,sub_line_text,table_text,table_0,times,regular,8.0,13hea_20211228_164033_6098190473_600_800.png,/scratch/parceirosbr/bigoilict/share/BigOil/document_generator/datasets/documents_2021_12_28/13hea_20211228_164033_6098190473_600_800.png,13hea_20211228_164033_6098190473_600_800_mask.png,26469190.96
12,4,24,9,477,265,501,274,477,265,501,265,501,274,477,274,text,table_text,table_0,times,italic,8.0,13hea_20211228_164033_6098190473_600_800.png,/scratch/parceirosbr/bigoilict/share/BigOil/document_generator/datasets/documents_2021_12_28/13hea_20211228_164033_6098190473_600_800.png,13hea_20211228_164033_6098190473_600_800_mask.png,elevada
12,4,24,9,477,265,501,274,477,265,501,265,501,274,477,274,sub_line_text,table_text,table_0,times,italic,8.0,13hea_20211228_164033_6098190473_600_800.png,/scratch/parceirosbr/bigoilict/share/BigOil/document_generator/datasets/documents_2021_12_28/13hea_20211228_164033_6098190473_600_800.png,13hea_20211228_164033_6098190473_600_800_mask.png,elevada
22,4,44,9,458,285,502,294,458,285,502,285,502,294,458,294,text,table_text,table_0,times,regular,8.0,13hea_20211228_164033_6098190473_600_800.png,/scratch/parceirosbr/bigoilict/share/BigOil/document_generator/datasets/documents_2021_12_28/13hea_20211228_164033_6098190473_600_800.png,13hea_20211228_164033_6098190473_600_800_mask.png,59297246.232
22,4,44,9,458,285,502,294,458,285,502,285,502,294,458,294,sub_line_text,table_text,table_0,times,regular,8.0,13hea_20211228_164033_6098190473_600_800.png,/scratch/parceirosbr/bigoilict/share/BigOil/document_generator/datasets/documents_2021_12_28/13hea_20211228_164033_6098190473_600_800.png,13hea_20211228_164033_6098190473_600_800_mask.png,59297246.232
14,4,28,9,473,298,501,307,473,298,501,298,501,307,473,307,text,table_text,table_0,times,regular,8.0,13hea_20211228_164033_6098190473_600_800.png,/scratch/parceirosbr/bigoilict/share/BigOil/document_generator/datasets/documents_2021_12_28/13hea_20211228_164033_6098190473_600_800.png,13hea_20211228_164033_6098190473_600_800_mask.png,5084.682
14,4,28,9,473,298,501,307,473,298,501,298,501,307,473,307,sub_line_text,table_text,table_0,times,regular,8.0,13hea_20211228_164033_6098190473_600_800.png,/scratch/parceirosbr/bigoilict/share/BigOil/document_generator/datasets/documents_2021_12_28/13hea_20211228_164033_6098190473_600_800.png,13hea_20211228_164033_6098190473_600_800_mask.png,5084.682
12,4,24,9,477,310,501,319,477,310,501,310,501,319,477,319,text,table_text,table_0,times,regular,8.0,13hea_20211228_164033_6098190473_600_800.png,/scratch/parceirosbr/bigoilict/share/BigOil/document_generator/datasets/documents_2021_12_28/13hea_20211228_164033_6098190473_600_800.png,13hea_20211228_164033_6098190473_600_800_mask.png,140.980
12,4,24,9,477,310,501,319,477,310,501,310,501,319,477,319,sub_line_text,table_text,table_0,times,regular,8.0,13hea_20211228_164033_6098190473_600_800.png,/scratch/parceirosbr/bigoilict/share/BigOil/document_generator/datasets/documents_2021_12_28/13hea_20211228_164033_6098190473_600_800.png,13hea_20211228_164033_6098190473_600_800_mask.png,140.980
14,4,28,9,473,323,501,332,473,323,501,323,501,332,473,332,text,table_text,table_0,times,regular,8.0,13hea_20211228_164033_6098190473_600_800.png,/scratch/parceirosbr/bigoilict/share/BigOil/document_generator/datasets/documents_2021_12_28/13hea_20211228_164033_6098190473_600_800.png,13hea_20211228_164033_6098190473_600_800_mask.png,8541.105
14,4,28,9,473,323,501,332,473,323,501,323,501,332,473,332,sub_line_text,table_text,table_0,times,regular,8.0,13hea_20211228_164033_6098190473_600_800.png,/scratch/parceirosbr/bigoilict/share/BigOil/document_generator/datasets/documents_2021_12_28/13hea_20211228_164033_6098190473_600_800.png,13hea_20211228_164033_6098190473_600_800_mask.png,8541.105
18,4,36,9,465,335,501,344,465,335,501,335,501,344,465,344,text,table_text,table_0,times,regular,8.0,13hea_20211228_164033_6098190473_600_800.png,/scratch/parceirosbr/bigoilict/share/BigOil/document_generator/datasets/documents_2021_12_28/13hea_20211228_164033_6098190473_600_800.png,13hea_20211228_164033_6098190473_600_800_mask.png,699789.442
18,4,36,9,465,335,501,344,465,335,501,335,501,344,465,344,sub_line_text,table_text,table_0,times,regular,8.0,13hea_20211228_164033_6098190473_600_800.png,/scratch/parceirosbr/bigoilict/share/BigOil/document_generator/datasets/documents_2021_12_28/13hea_20211228_164033_6098190473_600_800.png,13hea_20211228_164033_6098190473_600_800_mask.png,699789.442
12,4,24,9,477,348,501,357,477,348,501,348,501,357,477,357,text,table_text,table_0,times,regular,8.0,13hea_20211228_164033_6098190473_600_800.png,/scratch/parceirosbr/bigoilict/share/BigOil/document_generator/datasets/documents_2021_12_28/13hea_20211228_164033_6098190473_600_800.png,13hea_20211228_164033_6098190473_600_800_mask.png,672.812
12,4,24,9,477,348,501,357,477,348,501,348,501,357,477,357,sub_line_text,table_text,table_0,times,regular,8.0,13hea_20211228_164033_6098190473_600_800.png,/scratch/parceirosbr/bigoilict/share/BigOil/document_generator/datasets/documents_2021_12_28/13hea_20211228_164033_6098190473_600_800.png,13hea_20211228_164033_6098190473_600_800_mask.png,672.812
14,4,28,9,473,360,501,369,473,360,501,360,501,369,473,369,text,table_text,table_0,times,regular,8.0,13hea_20211228_164033_6098190473_600_800.png,/scratch/parceirosbr/bigoilict/share/BigOil/document_generator/datasets/documents_2021_12_28/13hea_20211228_164033_6098190473_600_800.png,13hea_20211228_164033_6098190473_600_800_mask.png,6322.915
14,4,28,9,473,360,501,369,473,360,501,360,501,369,473,369,sub_line_text,table_text,table_0,times,regular,8.0,13hea_20211228_164033_6098190473_600_800.png,/scratch/parceirosbr/bigoilict/share/BigOil/document_generator/datasets/documents_2021_12_28/13hea_20211228_164033_6098190473_600_800.png,13hea_20211228_164033_6098190473_600_800_mask.png,6322.915
18,4,36,9,465,373,501,382,465,373,501,373,501,382,465,382,text,table_text,table_0,times,regular,8.0,13hea_20211228_164033_6098190473_600_800.png,/scratch/parceirosbr/bigoilict/share/BigOil/document_generator/datasets/documents_2021_12_28/13hea_20211228_164033_6098190473_600_800.png,13hea_20211228_164033_6098190473_600_800_mask.png,510298.435
18,4,36,9,465,373,501,382,465,373,501,373,501,382,465,382,sub_line_text,table_text,table_0,times,regular,8.0,13hea_20211228_164033_6098190473_600_800.png,/scratch/parceirosbr/bigoilict/share/BigOil/document_generator/datasets/documents_2021_12_28/13hea_20211228_164033_6098190473_600_800.png,13hea_20211228_164033_6098190473_600_800_mask.png,510298.435
14,4,28,9,473,385,501,394,473,385,501,385,501,394,473,394,text,table_text,table_0,times,regular,8.0,13hea_20211228_164033_6098190473_600_800.png,/scratch/parceirosbr/bigoilict/share/BigOil/document_generator/datasets/documents_2021_12_28/13hea_20211228_164033_6098190473_600_800.png,13hea_20211228_164033_6098190473_600_800_mask.png,7409.144
14,4,28,9,473,385,501,394,473,385,501,385,501,394,473,394,sub_line_text,table_text,table_0,times,regular,8.0,13hea_20211228_164033_6098190473_600_800.png,/scratch/parceirosbr/bigoilict/share/BigOil/document_generator/datasets/documents_2021_12_28/13hea_20211228_164033_6098190473_600_800.png,13hea_20211228_164033_6098190473_600_800_mask.png,7409.144
23,4,47,9,454,398,501,407,454,398,501,398,501,407,454,407,text,table_text,table_0,times,regular,8.0,13hea_20211228_164033_6098190473_600_800.png,/scratch/parceirosbr/bigoilict/share/BigOil/document_generator/datasets/documents_2021_12_28/13hea_20211228_164033_6098190473_600_800.png,13hea_20211228_164033_6098190473_600_800_mask.png,263738945.086
23,4,47,9,454,398,501,407,454,398,501,398,501,407,454,407,sub_line_text,table_text,table_0,times,regular,8.0,13hea_20211228_164033_6098190473_600_800.png,/scratch/parceirosbr/bigoilict/share/BigOil/document_generator/datasets/documents_2021_12_28/13hea_20211228_164033_6098190473_600_800.png,13hea_20211228_164033_6098190473_600_800_mask.png,263738945.086
18,4,36,9,465,410,501,419,465,410,501,410,501,419,465,419,text,table_text,table_0,times,regular,8.0,13hea_20211228_164033_6098190473_600_800.png,/scratch/parceirosbr/bigoilict/share/BigOil/document_generator/datasets/documents_2021_12_28/13hea_20211228_164033_6098190473_600_800.png,13hea_20211228_164033_6098190473_600_800_mask.png,532695.565
18,4,36,9,465,410,501,419,465,410,501,410,501,419,465,419,sub_line_text,table_text,table_0,times,regular,8.0,13hea_20211228_164033_6098190473_600_800.png,/scratch/parceirosbr/bigoilict/share/BigOil/document_generator/datasets/documents_2021_12_28/13hea_20211228_164033_6098190473_600_800.png,13hea_20211228_164033_6098190473_600_800_mask.png,532695.565
14,4,28,9,473,422,501,431,473,422,501,422,501,431,473,431,text,table_text,table_0,times,regular,8.0,13hea_20211228_164033_6098190473_600_800.png,/scratch/parceirosbr/bigoilict/share/BigOil/document_generator/datasets/documents_2021_12_28/13hea_20211228_164033_6098190473_600_800.png,13hea_20211228_164033_6098190473_600_800_mask.png,1620.496
14,4,28,9,473,422,501,431,473,422,501,422,501,431,473,431,sub_line_text,table_text,table_0,times,regular,8.0,13hea_20211228_164033_6098190473_600_800.png,/scratch/parceirosbr/bigoilict/share/BigOil/document_generator/datasets/documents_2021_12_28/13hea_20211228_164033_6098190473_600_800.png,13hea_20211228_164033_6098190473_600_800_mask.png,1620.496
14,4,28,9,473,435,501,444,473,435,501,435,501,444,473,444,text,table_text,table_0,times,regular,8.0,13hea_20211228_164033_6098190473_600_800.png,/scratch/parceirosbr/bigoilict/share/BigOil/document_generator/datasets/documents_2021_12_28/13hea_20211228_164033_6098190473_600_800.png,13hea_20211228_164033_6098190473_600_800_mask.png,2637.934
14,4,28,9,473,435,501,444,473,435,501,435,501,444,473,444,sub_line_text,table_text,table_0,times,regular,8.0,13hea_20211228_164033_6098190473_600_800.png,/scratch/parceirosbr/bigoilict/share/BigOil/document_generator/datasets/documents_2021_12_28/13hea_20211228_164033_6098190473_600_800.png,13hea_20211228_164033_6098190473_600_800_mask.png,2637.934
23,4,47,9,454,447,501,456,454,447,501,447,501,456,454,456,text,table_text,table_0,times,regular,8.0,13hea_20211228_164033_6098190473_600_800.png,/scratch/parceirosbr/bigoilict/share/BigOil/document_generator/datasets/documents_2021_12_28/13hea_20211228_164033_6098190473_600_800.png,13hea_20211228_164033_6098190473_600_800_mask.png,282961239.109
23,4,47,9,454,447,501,456,454,447,501,447,501,456,454,456,sub_line_text,table_text,table_0,times,regular,8.0,13hea_20211228_164033_6098190473_600_800.png,/scratch/parceirosbr/bigoilict/share/BigOil/document_generator/datasets/documents_2021_12_28/13hea_20211228_164033_6098190473_600_800.png,13hea_20211228_164033_6098190473_600_800_mask.png,282961239.109
18,4,36,9,465,460,501,469,465,460,501,460,501,469,465,469,text,table_text,table_0,times,regular,8.0,13hea_20211228_164033_6098190473_600_800.png,/scratch/parceirosbr/bigoilict/share/BigOil/document_generator/datasets/documents_2021_12_28/13hea_20211228_164033_6098190473_600_800.png,13hea_20211228_164033_6098190473_600_800_mask.png,853222.379
18,4,36,9,465,460,501,469,465,460,501,460,501,469,465,469,sub_line_text,table_text,table_0,times,regular,8.0,13hea_20211228_164033_6098190473_600_800.png,/scratch/parceirosbr/bigoilict/share/BigOil/document_generator/datasets/documents_2021_12_28/13hea_20211228_164033_6098190473_600_800.png,13hea_20211228_164033_6098190473_600_800_mask.png,853222.379
24,4,49,8,146,261,195,269,146,261,195,261,195,269,146,269,sub_line_text,table_legend,table_0,arial,regular,7,13hea_20211228_164033_6098190473_600_800.png,/scratch/parceirosbr/bigoilict/share/BigOil/document_generator/datasets/documents_2021_12_28/13hea_20211228_164033_6098190473_600_800.png,13hea_20211228_164033_6098190473_600_800_mask.png,Tab.  39:    An-
24,4,48,8,146,271,194,279,146,271,194,271,194,279,146,279,sub_line_text,table_legend,table_0,arial,regular,7,13hea_20211228_164033_6098190473_600_800.png,/scratch/parceirosbr/bigoilict/share/BigOil/document_generator/datasets/documents_2021_12_28/13hea_20211228_164033_6098190473_600_800.png,13hea_20211228_164033_6098190473_600_800_mask.png,te  o exposto e
24,4,48,8,146,281,194,289,146,281,194,281,194,289,146,289,sub_line_text,table_legend,table_0,arial,regular,7,13hea_20211228_164033_6098190473_600_800.png,/scratch/parceirosbr/bigoilict/share/BigOil/document_generator/datasets/documents_2021_12_28/13hea_20211228_164033_6098190473_600_800.png,13hea_20211228_164033_6098190473_600_800_mask.png,no  sentido  de
24,4,48,8,146,291,194,299,146,291,194,291,194,299,146,299,sub_line_text,table_legend,table_0,arial,regular,7,13hea_20211228_164033_6098190473_600_800.png,/scratch/parceirosbr/bigoilict/share/BigOil/document_generator/datasets/documents_2021_12_28/13hea_20211228_164033_6098190473_600_800.png,13hea_20211228_164033_6098190473_600_800_mask.png,simplificar     a
24,4,49,8,146,301,195,309,146,301,195,301,195,309,146,309,sub_line_text,table_legend,table_0,arial,regular,7,13hea_20211228_164033_6098190473_600_800.png,/scratch/parceirosbr/bigoilict/share/BigOil/document_generator/datasets/documents_2021_12_28/13hea_20211228_164033_6098190473_600_800.png,13hea_20211228_164033_6098190473_600_800_mask.png,análise  em  q-
24,4,49,8,146,311,195,319,146,311,195,311,195,319,146,319,sub_line_text,table_legend,table_0,arial,regular,7,13hea_20211228_164033_6098190473_600_800.png,/scratch/parceirosbr/bigoilict/share/BigOil/document_generator/datasets/documents_2021_12_28/13hea_20211228_164033_6098190473_600_800.png,13hea_20211228_164033_6098190473_600_800_mask.png,"uestão,  tais  i-"
20,4,41,8,146,321,187,329,146,321,187,321,187,329,146,329,sub_line_text,table_legend,table_0,arial,regular,7,13hea_20211228_164033_6098190473_600_800.png,/scratch/parceirosbr/bigoilict/share/BigOil/document_generator/datasets/documents_2021_12_28/13hea_20211228_164033_6098190473_600_800.png,13hea_20211228_164033_6098190473_600_800_mask.png,nstrumentos
24,4,49,8,146,331,195,339,146,331,195,331,195,339,146,339,sub_line_text,table_legend,table_0,arial,regular,7,13hea_20211228_164033_6098190473_600_800.png,/scratch/parceirosbr/bigoilict/share/BigOil/document_generator/datasets/documents_2021_12_28/13hea_20211228_164033_6098190473_600_800.png,13hea_20211228_164033_6098190473_600_800_mask.png,contratuais    f-
24,4,49,8,146,341,195,349,146,341,195,341,195,349,146,349,sub_line_text,table_legend,table_0,arial,regular,7,13hea_20211228_164033_6098190473_600_800.png,/scratch/parceirosbr/bigoilict/share/BigOil/document_generator/datasets/documents_2021_12_28/13hea_20211228_164033_6098190473_600_800.png,13hea_20211228_164033_6098190473_600_800_mask.png,oram    dividid-
24,4,49,8,146,351,195,359,146,351,195,351,195,359,146,359,sub_line_text,table_legend,table_0,arial,regular,7,13hea_20211228_164033_6098190473_600_800.png,/scratch/parceirosbr/bigoilict/share/BigOil/document_generator/datasets/documents_2021_12_28/13hea_20211228_164033_6098190473_600_800.png,13hea_20211228_164033_6098190473_600_800_mask.png,os  em  três gr-
24,4,48,8,146,361,194,369,146,361,194,361,194,369,146,369,sub_line_text,table_legend,table_0,arial,regular,7,13hea_20211228_164033_6098190473_600_800.png,/scratch/parceirosbr/bigoilict/share/BigOil/document_generator/datasets/documents_2021_12_28/13hea_20211228_164033_6098190473_600_800.png,13hea_20211228_164033_6098190473_600_800_mask.png,"upos,  a saber:"
24,4,49,8,146,371,195,379,146,371,195,371,195,379,146,379,sub_line_text,table_legend,table_0,arial,regular,7,13hea_20211228_164033_6098190473_600_800.png,/scratch/parceirosbr/bigoilict/share/BigOil/document_generator/datasets/documents_2021_12_28/13hea_20211228_164033_6098190473_600_800.png,13hea_20211228_164033_6098190473_600_800_mask.png,por   assinado-
24,4,49,8,146,381,195,389,146,381,195,381,195,389,146,389,sub_line_text,table_legend,table_0,arial,regular,7,13hea_20211228_164033_6098190473_600_800.png,/scratch/parceirosbr/bigoilict/share/BigOil/document_generator/datasets/documents_2021_12_28/13hea_20211228_164033_6098190473_600_800.png,13hea_20211228_164033_6098190473_600_800_mask.png,"s,  em sua ma-"
24,4,49,8,146,391,195,399,146,391,195,391,195,399,146,399,sub_line_text,table_legend,table_0,arial,regular,7,13hea_20211228_164033_6098190473_600_800.png,/scratch/parceirosbr/bigoilict/share/BigOil/document_generator/datasets/documents_2021_12_28/13hea_20211228_164033_6098190473_600_800.png,13hea_20211228_164033_6098190473_600_800_mask.png,"ioria,   na  déc-"
11,4,22,8,146,401,168,409,146,401,168,401,168,409,146,409,sub_line_text,table_legend,table_0,arial,regular,7,13hea_20211228_164033_6098190473_600_800.png,/scratch/parceirosbr/bigoilict/share/BigOil/document_generator/datasets/documents_2021_12_28/13hea_20211228_164033_6098190473_600_800.png,13hea_20211228_164033_6098190473_600_800_mask.png,ada de
24,74,49,148,146,261,195,409,146,261,195,261,195,409,146,409,text,table_legend,table_0,arial,regular,7,13hea_20211228_164033_6098190473_600_800.png,/scratch/parceirosbr/bigoilict/share/BigOil/document_generator/datasets/documents_2021_12_28/13hea_20211228_164033_6098190473_600_800.png,13hea_20211228_164033_6098190473_600_800_mask.png,nan
100,56,200,112,303,495,503,607,303,495,503,495,503,607,303,607,table,table_image,table_0,,,,13hea_20211228_164033_6098190473_600_800.png,/scratch/parceirosbr/bigoilict/share/BigOil/document_generator/datasets/documents_2021_12_28/13hea_20211228_164033_6098190473_600_800.png,13hea_20211228_164033_6098190473_600_800_mask.png,output/gen_tab_20211228_164041_5720273843.png
13,4,27,9,334,498,361,507,334,498,361,498,361,507,334,507,text,table_text,table_0,opensans,bold,8.0,13hea_20211228_164033_6098190473_600_800.png,/scratch/parceirosbr/bigoilict/share/BigOil/document_generator/datasets/documents_2021_12_28/13hea_20211228_164033_6098190473_600_800.png,13hea_20211228_164033_6098190473_600_800_mask.png,direção
13,4,27,9,334,498,361,507,334,498,361,498,361,507,334,507,sub_line_text,table_text,table_0,opensans,bold,8.0,13hea_20211228_164033_6098190473_600_800.png,/scratch/parceirosbr/bigoilict/share/BigOil/document_generator/datasets/documents_2021_12_28/13hea_20211228_164033_6098190473_600_800.png,13hea_20211228_164033_6098190473_600_800_mask.png,direção
19,4,38,9,323,517,361,526,323,517,361,517,361,526,323,526,text,table_text,table_0,opensans,regular,8.0,13hea_20211228_164033_6098190473_600_800.png,/scratch/parceirosbr/bigoilict/share/BigOil/document_generator/datasets/documents_2021_12_28/13hea_20211228_164033_6098190473_600_800.png,13hea_20211228_164033_6098190473_600_800_mask.png,507411.34
19,4,38,9,323,517,361,526,323,517,361,517,361,526,323,526,sub_line_text,table_text,table_0,opensans,regular,8.0,13hea_20211228_164033_6098190473_600_800.png,/scratch/parceirosbr/bigoilict/share/BigOil/document_generator/datasets/documents_2021_12_28/13hea_20211228_164033_6098190473_600_800.png,13hea_20211228_164033_6098190473_600_800_mask.png,507411.34
23,4,47,9,314,529,361,538,314,529,361,529,361,538,314,538,text,table_text,table_0,opensans,regular,8.0,13hea_20211228_164033_6098190473_600_800.png,/scratch/parceirosbr/bigoilict/share/BigOil/document_generator/datasets/documents_2021_12_28/13hea_20211228_164033_6098190473_600_800.png,13hea_20211228_164033_6098190473_600_800_mask.png,13665406.70
23,4,47,9,314,529,361,538,314,529,361,529,361,538,314,538,sub_line_text,table_text,table_0,opensans,regular,8.0,13hea_20211228_164033_6098190473_600_800.png,/scratch/parceirosbr/bigoilict/share/BigOil/document_generator/datasets/documents_2021_12_28/13hea_20211228_164033_6098190473_600_800.png,13hea_20211228_164033_6098190473_600_800_mask.png,13665406.70
19,4,38,9,323,541,361,550,323,541,361,541,361,550,323,550,text,table_text,table_0,opensans,regular,8.0,13hea_20211228_164033_6098190473_600_800.png,/scratch/parceirosbr/bigoilict/share/BigOil/document_generator/datasets/documents_2021_12_28/13hea_20211228_164033_6098190473_600_800.png,13hea_20211228_164033_6098190473_600_800_mask.png,686734.18
19,4,38,9,323,541,361,550,323,541,361,541,361,550,323,550,sub_line_text,table_text,table_0,opensans,regular,8.0,13hea_20211228_164033_6098190473_600_800.png,/scratch/parceirosbr/bigoilict/share/BigOil/document_generator/datasets/documents_2021_12_28/13hea_20211228_164033_6098190473_600_800.png,13hea_20211228_164033_6098190473_600_800_mask.png,686734.18
23,4,47,9,314,553,361,562,314,553,361,553,361,562,314,562,text,table_text,table_0,opensans,regular,8.0,13hea_20211228_164033_6098190473_600_800.png,/scratch/parceirosbr/bigoilict/share/BigOil/document_generator/datasets/documents_2021_12_28/13hea_20211228_164033_6098190473_600_800.png,13hea_20211228_164033_6098190473_600_800_mask.png,69327797.67
23,4,47,9,314,553,361,562,314,553,361,553,361,562,314,562,sub_line_text,table_text,table_0,opensans,regular,8.0,13hea_20211228_164033_6098190473_600_800.png,/scratch/parceirosbr/bigoilict/share/BigOil/document_generator/datasets/documents_2021_12_28/13hea_20211228_164033_6098190473_600_800.png,13hea_20211228_164033_6098190473_600_800_mask.png,69327797.67
19,4,38,9,323,565,361,574,323,565,361,565,361,574,323,574,text,table_text,table_0,opensans,regular,8.0,13hea_20211228_164033_6098190473_600_800.png,/scratch/parceirosbr/bigoilict/share/BigOil/document_generator/datasets/documents_2021_12_28/13hea_20211228_164033_6098190473_600_800.png,13hea_20211228_164033_6098190473_600_800_mask.png,632550.85
19,4,38,9,323,565,361,574,323,565,361,565,361,574,323,574,sub_line_text,table_text,table_0,opensans,regular,8.0,13hea_20211228_164033_6098190473_600_800.png,/scratch/parceirosbr/bigoilict/share/BigOil/document_generator/datasets/documents_2021_12_28/13hea_20211228_164033_6098190473_600_800.png,13hea_20211228_164033_6098190473_600_800_mask.png,632550.85
19,4,38,9,323,577,361,586,323,577,361,577,361,586,323,586,text,table_text,table_0,opensans,regular,8.0,13hea_20211228_164033_6098190473_600_800.png,/scratch/parceirosbr/bigoilict/share/BigOil/document_generator/datasets/documents_2021_12_28/13hea_20211228_164033_6098190473_600_800.png,13hea_20211228_164033_6098190473_600_800_mask.png,889659.40
19,4,38,9,323,577,361,586,323,577,361,577,361,586,323,586,sub_line_text,table_text,table_0,opensans,regular,8.0,13hea_20211228_164033_6098190473_600_800.png,/scratch/parceirosbr/bigoilict/share/BigOil/document_generator/datasets/documents_2021_12_28/13hea_20211228_164033_6098190473_600_800.png,13hea_20211228_164033_6098190473_600_800_mask.png,889659.40
23,4,47,9,314,589,361,598,314,589,361,589,361,598,314,598,text,table_text,table_0,opensans,regular,8.0,13hea_20211228_164033_6098190473_600_800.png,/scratch/parceirosbr/bigoilict/share/BigOil/document_generator/datasets/documents_2021_12_28/13hea_20211228_164033_6098190473_600_800.png,13hea_20211228_164033_6098190473_600_800_mask.png,45523918.17
23,4,47,9,314,589,361,598,314,589,361,589,361,598,314,598,sub_line_text,table_text,table_0,opensans,regular,8.0,13hea_20211228_164033_6098190473_600_800.png,/scratch/parceirosbr/bigoilict/share/BigOil/document_generator/datasets/documents_2021_12_28/13hea_20211228_164033_6098190473_600_800.png,13hea_20211228_164033_6098190473_600_800_mask.png,45523918.17
12,4,25,9,378,498,403,507,378,498,403,498,403,507,378,507,text,table_text,table_0,opensans,bold,8.0,13hea_20211228_164033_6098190473_600_800.png,/scratch/parceirosbr/bigoilict/share/BigOil/document_generator/datasets/documents_2021_12_28/13hea_20211228_164033_6098190473_600_800.png,13hea_20211228_164033_6098190473_600_800_mask.png,política
12,4,25,9,378,498,403,507,378,498,403,498,403,507,378,507,sub_line_text,table_text,table_0,opensans,bold,8.0,13hea_20211228_164033_6098190473_600_800.png,/scratch/parceirosbr/bigoilict/share/BigOil/document_generator/datasets/documents_2021_12_28/13hea_20211228_164033_6098190473_600_800.png,13hea_20211228_164033_6098190473_600_800_mask.png,política
14,4,29,9,376,517,405,526,376,517,405,517,405,526,376,526,text,table_text,table_0,opensans,regular,8.0,13hea_20211228_164033_6098190473_600_800.png,/scratch/parceirosbr/bigoilict/share/BigOil/document_generator/datasets/documents_2021_12_28/13hea_20211228_164033_6098190473_600_800.png,13hea_20211228_164033_6098190473_600_800_mask.png,decisões
14,4,29,9,376,517,405,526,376,517,405,517,405,526,376,526,sub_line_text,table_text,table_0,opensans,regular,8.0,13hea_20211228_164033_6098190473_600_800.png,/scratch/parceirosbr/bigoilict/share/BigOil/document_generator/datasets/documents_2021_12_28/13hea_20211228_164033_6098190473_600_800.png,13hea_20211228_164033_6098190473_600_800_mask.png,decisões
5,4,11,9,385,529,396,538,385,529,396,529,396,538,385,538,text,table_text,table_0,opensans,regular,8.0,13hea_20211228_164033_6098190473_600_800.png,/scratch/parceirosbr/bigoilict/share/BigOil/document_generator/datasets/documents_2021_12_28/13hea_20211228_164033_6098190473_600_800.png,13hea_20211228_164033_6098190473_600_800_mask.png,das
5,4,11,9,385,529,396,538,385,529,396,529,396,538,385,538,sub_line_text,table_text,table_0,opensans,regular,8.0,13hea_20211228_164033_6098190473_600_800.png,/scratch/parceirosbr/bigoilict/share/BigOil/document_generator/datasets/documents_2021_12_28/13hea_20211228_164033_6098190473_600_800.png,13hea_20211228_164033_6098190473_600_800_mask.png,das
9,4,18,9,381,541,399,550,381,541,399,541,399,550,381,550,text,table_text,table_0,opensans,regular,8.0,13hea_20211228_164033_6098190473_600_800.png,/scratch/parceirosbr/bigoilict/share/BigOil/document_generator/datasets/documents_2021_12_28/13hea_20211228_164033_6098190473_600_800.png,13hea_20211228_164033_6098190473_600_800_mask.png,setor
9,4,18,9,381,541,399,550,381,541,399,541,399,550,381,550,sub_line_text,table_text,table_0,opensans,regular,8.0,13hea_20211228_164033_6098190473_600_800.png,/scratch/parceirosbr/bigoilict/share/BigOil/document_generator/datasets/documents_2021_12_28/13hea_20211228_164033_6098190473_600_800.png,13hea_20211228_164033_6098190473_600_800_mask.png,setor
14,4,29,9,376,553,405,562,376,553,405,553,405,562,376,562,text,table_text,table_0,opensans,regular,8.0,13hea_20211228_164033_6098190473_600_800.png,/scratch/parceirosbr/bigoilict/share/BigOil/document_generator/datasets/documents_2021_12_28/13hea_20211228_164033_6098190473_600_800.png,13hea_20211228_164033_6098190473_600_800_mask.png,recursos
14,4,29,9,376,553,405,562,376,553,405,553,405,562,376,562,sub_line_text,table_text,table_0,opensans,regular,8.0,13hea_20211228_164033_6098190473_600_800.png,/scratch/parceirosbr/bigoilict/share/BigOil/document_generator/datasets/documents_2021_12_28/13hea_20211228_164033_6098190473_600_800.png,13hea_20211228_164033_6098190473_600_800_mask.png,recursos
7,4,14,9,383,565,397,574,383,565,397,565,397,574,383,574,text,table_text,table_0,opensans,regular,8.0,13hea_20211228_164033_6098190473_600_800.png,/scratch/parceirosbr/bigoilict/share/BigOil/document_generator/datasets/documents_2021_12_28/13hea_20211228_164033_6098190473_600_800.png,13hea_20211228_164033_6098190473_600_800_mask.png,pois
7,4,14,9,383,565,397,574,383,565,397,565,397,574,383,574,sub_line_text,table_text,table_0,opensans,regular,8.0,13hea_20211228_164033_6098190473_600_800.png,/scratch/parceirosbr/bigoilict/share/BigOil/document_generator/datasets/documents_2021_12_28/13hea_20211228_164033_6098190473_600_800.png,13hea_20211228_164033_6098190473_600_800_mask.png,pois
6,4,13,9,383,577,396,586,383,577,396,577,396,586,383,586,text,table_text,table_0,opensans,regular,8.0,13hea_20211228_164033_6098190473_600_800.png,/scratch/parceirosbr/bigoilict/share/BigOil/document_generator/datasets/documents_2021_12_28/13hea_20211228_164033_6098190473_600_800.png,13hea_20211228_164033_6098190473_600_800_mask.png,vem
6,4,13,9,383,577,396,586,383,577,396,577,396,586,383,586,sub_line_text,table_text,table_0,opensans,regular,8.0,13hea_20211228_164033_6098190473_600_800.png,/scratch/parceirosbr/bigoilict/share/BigOil/document_generator/datasets/documents_2021_12_28/13hea_20211228_164033_6098190473_600_800.png,13hea_20211228_164033_6098190473_600_800_mask.png,vem
9,4,18,9,381,589,399,598,381,589,399,589,399,598,381,598,text,table_text,table_0,opensans,regular,8.0,13hea_20211228_164033_6098190473_600_800.png,/scratch/parceirosbr/bigoilict/share/BigOil/document_generator/datasets/documents_2021_12_28/13hea_20211228_164033_6098190473_600_800.png,13hea_20211228_164033_6098190473_600_800_mask.png,julho
9,4,18,9,381,589,399,598,381,589,399,589,399,598,381,598,sub_line_text,table_text,table_0,opensans,regular,8.0,13hea_20211228_164033_6098190473_600_800.png,/scratch/parceirosbr/bigoilict/share/BigOil/document_generator/datasets/documents_2021_12_28/13hea_20211228_164033_6098190473_600_800.png,13hea_20211228_164033_6098190473_600_800_mask.png,julho
22,4,44,9,437,498,481,507,437,498,481,498,481,507,437,507,text,table_text,table_0,opensans,bold,8.0,13hea_20211228_164033_6098190473_600_800.png,/scratch/parceirosbr/bigoilict/share/BigOil/document_generator/datasets/documents_2021_12_28/13hea_20211228_164033_6098190473_600_800.png,13hea_20211228_164033_6098190473_600_800_mask.png,decorrência
22,4,44,9,437,498,481,507,437,498,481,498,481,507,437,507,sub_line_text,table_text,table_0,opensans,bold,8.0,13hea_20211228_164033_6098190473_600_800.png,/scratch/parceirosbr/bigoilict/share/BigOil/document_generator/datasets/documents_2021_12_28/13hea_20211228_164033_6098190473_600_800.png,13hea_20211228_164033_6098190473_600_800_mask.png,decorrência
9,4,19,9,449,517,468,526,449,517,468,517,468,526,449,526,text,table_text,table_0,opensans,regular,8.0,13hea_20211228_164033_6098190473_600_800.png,/scratch/parceirosbr/bigoilict/share/BigOil/document_generator/datasets/documents_2021_12_28/13hea_20211228_164033_6098190473_600_800.png,13hea_20211228_164033_6098190473_600_800_mask.png,servir
9,4,19,9,449,517,468,526,449,517,468,517,468,526,449,526,sub_line_text,table_text,table_0,opensans,regular,8.0,13hea_20211228_164033_6098190473_600_800.png,/scratch/parceirosbr/bigoilict/share/BigOil/document_generator/datasets/documents_2021_12_28/13hea_20211228_164033_6098190473_600_800.png,13hea_20211228_164033_6098190473_600_800_mask.png,servir
9,4,19,9,449,529,468,538,449,529,468,529,468,538,449,538,text,table_text,table_0,opensans,regular,8.0,13hea_20211228_164033_6098190473_600_800.png,/scratch/parceirosbr/bigoilict/share/BigOil/document_generator/datasets/documents_2021_12_28/13hea_20211228_164033_6098190473_600_800.png,13hea_20211228_164033_6098190473_600_800_mask.png,neste
9,4,19,9,449,529,468,538,449,529,468,529,468,538,449,538,sub_line_text,table_text,table_0,opensans,regular,8.0,13hea_20211228_164033_6098190473_600_800.png,/scratch/parceirosbr/bigoilict/share/BigOil/document_generator/datasets/documents_2021_12_28/13hea_20211228_164033_6098190473_600_800.png,13hea_20211228_164033_6098190473_600_800_mask.png,neste
20,4,40,9,439,541,479,550,439,541,479,541,479,550,439,550,text,table_text,table_0,opensans,regular,8.0,13hea_20211228_164033_6098190473_600_800.png,/scratch/parceirosbr/bigoilict/share/BigOil/document_generator/datasets/documents_2021_12_28/13hea_20211228_164033_6098190473_600_800.png,13hea_20211228_164033_6098190473_600_800_mask.png,pelasalturas
20,4,40,9,439,541,479,550,439,541,479,541,479,550,439,550,sub_line_text,table_text,table_0,opensans,regular,8.0,13hea_20211228_164033_6098190473_600_800.png,/scratch/parceirosbr/bigoilict/share/BigOil/document_generator/datasets/documents_2021_12_28/13hea_20211228_164033_6098190473_600_800.png,13hea_20211228_164033_6098190473_600_800_mask.png,pelasalturas
10,4,21,9,449,553,470,562,449,553,470,553,470,562,449,562,text,table_text,table_0,opensans,regular,8.0,13hea_20211228_164033_6098190473_600_800.png,/scratch/parceirosbr/bigoilict/share/BigOil/document_generator/datasets/documents_2021_12_28/13hea_20211228_164033_6098190473_600_800.png,13hea_20211228_164033_6098190473_600_800_mask.png,etanol
10,4,21,9,449,553,470,562,449,553,470,553,470,562,449,562,sub_line_text,table_text,table_0,opensans,regular,8.0,13hea_20211228_164033_6098190473_600_800.png,/scratch/parceirosbr/bigoilict/share/BigOil/document_generator/datasets/documents_2021_12_28/13hea_20211228_164033_6098190473_600_800.png,13hea_20211228_164033_6098190473_600_800_mask.png,etanol
9,4,18,9,450,565,468,574,450,565,468,565,468,574,450,574,text,table_text,table_0,opensans,regular,8.0,13hea_20211228_164033_6098190473_600_800.png,/scratch/parceirosbr/bigoilict/share/BigOil/document_generator/datasets/documents_2021_12_28/13hea_20211228_164033_6098190473_600_800.png,13hea_20211228_164033_6098190473_600_800_mask.png,picos
9,4,18,9,450,565,468,574,450,565,468,565,468,574,450,574,sub_line_text,table_text,table_0,opensans,regular,8.0,13hea_20211228_164033_6098190473_600_800.png,/scratch/parceirosbr/bigoilict/share/BigOil/document_generator/datasets/documents_2021_12_28/13hea_20211228_164033_6098190473_600_800.png,13hea_20211228_164033_6098190473_600_800_mask.png,picos
22,4,45,9,436,577,481,586,436,577,481,577,481,586,436,586,text,table_text,table_0,opensans,regular,8.0,13hea_20211228_164033_6098190473_600_800.png,/scratch/parceirosbr/bigoilict/share/BigOil/document_generator/datasets/documents_2021_12_28/13hea_20211228_164033_6098190473_600_800.png,13hea_20211228_164033_6098190473_600_800_mask.png,relativamente
22,4,45,9,436,577,481,586,436,577,481,577,481,586,436,586,sub_line_text,table_text,table_0,opensans,regular,8.0,13hea_20211228_164033_6098190473_600_800.png,/scratch/parceirosbr/bigoilict/share/BigOil/document_generator/datasets/documents_2021_12_28/13hea_20211228_164033_6098190473_600_800.png,13hea_20211228_164033_6098190473_600_800_mask.png,relativamente
12,4,24,9,447,589,471,598,447,589,471,589,471,598,447,598,text,table_text,table_0,opensans,regular,8.0,13hea_20211228_164033_6098190473_600_800.png,/scratch/parceirosbr/bigoilict/share/BigOil/document_generator/datasets/documents_2021_12_28/13hea_20211228_164033_6098190473_600_800.png,13hea_20211228_164033_6098190473_600_800_mask.png,queima
12,4,24,9,447,589,471,598,447,589,471,589,471,598,447,598,sub_line_text,table_text,table_0,opensans,regular,8.0,13hea_20211228_164033_6098190473_600_800.png,/scratch/parceirosbr/bigoilict/share/BigOil/document_generator/datasets/documents_2021_12_28/13hea_20211228_164033_6098190473_600_800.png,13hea_20211228_164033_6098190473_600_800_mask.png,queima
58,4,116,8,146,495,262,503,146,495,262,495,262,503,146,503,sub_line_text,table_legend,table_0,arial,regular,7,13hea_20211228_164033_6098190473_600_800.png,/scratch/parceirosbr/bigoilict/share/BigOil/document_generator/datasets/documents_2021_12_28/13hea_20211228_164033_6098190473_600_800.png,13hea_20211228_164033_6098190473_600_800_mask.png,Tab.  69:    The  South American in-
58,4,116,8,146,505,262,513,146,505,262,505,262,513,146,513,sub_line_text,table_legend,table_0,arial,regular,7,13hea_20211228_164033_6098190473_600_800.png,/scratch/parceirosbr/bigoilict/share/BigOil/document_generator/datasets/documents_2021_12_28/13hea_20211228_164033_6098190473_600_800.png,13hea_20211228_164033_6098190473_600_800_mask.png,"tegration   process   developed,  not"
58,4,116,8,146,515,262,523,146,515,262,515,262,523,146,523,sub_line_text,table_legend,table_0,arial,regular,7,13hea_20211228_164033_6098190473_600_800.png,/scratch/parceirosbr/bigoilict/share/BigOil/document_generator/datasets/documents_2021_12_28/13hea_20211228_164033_6098190473_600_800.png,13hea_20211228_164033_6098190473_600_800_mask.png,"without  difficulties,  with  free  trade"
58,4,117,8,146,525,263,533,146,525,263,525,263,533,146,533,sub_line_text,table_legend,table_0,arial,regular,7,13hea_20211228_164033_6098190473_600_800.png,/scratch/parceirosbr/bigoilict/share/BigOil/document_generator/datasets/documents_2021_12_28/13hea_20211228_164033_6098190473_600_800.png,13hea_20211228_164033_6098190473_600_800_mask.png,agreements  between  the  countries
17,4,35,8,146,535,181,543,146,535,181,535,181,543,146,543,sub_line_text,table_legend,table_0,arial,regular,7,13hea_20211228_164033_6098190473_600_800.png,/scratch/parceirosbr/bigoilict/share/BigOil/document_generator/datasets/documents_2021_12_28/13hea_20211228_164033_6098190473_600_800.png,13hea_20211228_164033_6098190473_600_800_mask.png,"of (Brazil ,."
58,24,117,48,146,495,263,543,146,495,263,495,263,543,146,543,text,table_legend,table_0,arial,regular,7,13hea_20211228_164033_6098190473_600_800.png,/scratch/parceirosbr/bigoilict/share/BigOil/document_generator/datasets/documents_2021_12_28/13hea_20211228_164033_6098190473_600_800.png,13hea_20211228_164033_6098190473_600_800_mask.png,nan
171,5,342,10,176,610,518,620,176,610,518,610,518,620,176,620,sub_line_text,text,text_1,arial,regular,8,13hea_20211228_164033_6098190473_600_800.png,/scratch/parceirosbr/bigoilict/share/BigOil/document_generator/datasets/documents_2021_12_28/13hea_20211228_164033_6098190473_600_800.png,13hea_20211228_164033_6098190473_600_800_mask.png,Mostrou   que   os   valores   de   para  a  mesma  concentração  de  somente  um  tipo  de  ácido  naft-
186,5,373,10,146,622,519,632,146,622,519,622,519,632,146,632,sub_line_text,text,text_1,arial,regular,8,13hea_20211228_164033_6098190473_600_800.png,/scratch/parceirosbr/bigoilict/share/BigOil/document_generator/datasets/documents_2021_12_28/13hea_20211228_164033_6098190473_600_800.png,13hea_20211228_164033_6098190473_600_800_mask.png,"ênico   é   semelhante   para   uma   amostra  com  vários  tipos  de  ácido.  apresentados  por  e,  et  al  e  et  al,"
166,5,333,10,146,634,479,644,146,634,479,634,479,644,146,644,sub_line_text,text,text_1,arial,regular,8,13hea_20211228_164033_6098190473_600_800.png,/scratch/parceirosbr/bigoilict/share/BigOil/document_generator/datasets/documents_2021_12_28/13hea_20211228_164033_6098190473_600_800.png,13hea_20211228_164033_6098190473_600_800_mask.png,"possibilitaram o desenvolvimentos de um modelo para a interação vertical entre o riser e o solo, já."
186,17,373,34,146,610,519,644,146,610,519,610,519,644,146,644,text,text,text_1,arial,regular,8,13hea_20211228_164033_6098190473_600_800.png,/scratch/parceirosbr/bigoilict/share/BigOil/document_generator/datasets/documents_2021_12_28/13hea_20211228_164033_6098190473_600_800.png,13hea_20211228_164033_6098190473_600_800_mask.png,nan
152,5,304,10,176,647,480,657,176,647,480,647,480,657,176,657,sub_line_text,text,text_2,arial,regular,8,13hea_20211228_164033_6098190473_600_800.png,/scratch/parceirosbr/bigoilict/share/BigOil/document_generator/datasets/documents_2021_12_28/13hea_20211228_164033_6098190473_600_800.png,13hea_20211228_164033_6098190473_600_800_mask.png,"Dedico este trabalho à todos que torceram por mim e me apoiram nos momentos difíceis,."
152,5,304,10,176,647,480,657,176,647,480,647,480,657,176,657,text,text,text_2,arial,regular,8,13hea_20211228_164033_6098190473_600_800.png,/scratch/parceirosbr/bigoilict/share/BigOil/document_generator/datasets/documents_2021_12_28/13hea_20211228_164033_6098190473_600_800.png,13hea_20211228_164033_6098190473_600_800_mask.png,nan
