center_x,center_y,width,height,xmin,ymin,xmax,ymax,top_left_x,top_left_y,top_right_x,top_right_y,bottom_right_x,bottom_right_y,bottom_left_x,bottom_left_y,label,grouplabel,group,text_font,text_style,size_font,filename,path,filename_mask,content
300,400,600,800,0,0,600,800,0,0,600,0,600,800,0,800,document,,,,,,13hea_20211228_164043_4738734965_600_800.png,/scratch/parceirosbr/bigoilict/share/BigOil/document_generator/datasets/documents_2021_12_28/13hea_20211228_164043_4738734965_600_800.png,13hea_20211228_164043_4738734965_600_800_mask.png,
249,3,499,7,48,110,547,117,48,114,547,110,547,113,48,117,line,line,line,,,,13hea_20211228_164043_4738734965_600_800.png,/scratch/parceirosbr/bigoilict/share/BigOil/document_generator/datasets/documents_2021_12_28/13hea_20211228_164043_4738734965_600_800.png,13hea_20211228_164043_4738734965_600_800_mask.png,nan
48,6,96,13,449,73,545,86,449,74,545,73,545,85,449,86,sub_line_text,header,header_1,times,regular,9,13hea_20211228_164043_4738734965_600_800.png,/scratch/parceirosbr/bigoilict/share/BigOil/document_generator/datasets/documents_2021_12_28/13hea_20211228_164043_4738734965_600_800.png,13hea_20211228_164043_4738734965_600_800_mask.png,As dtsendo a densidadeb
48,6,96,13,449,73,545,86,449,74,545,73,545,85,449,86,text,header,header_1,times,regular,9,13hea_20211228_164043_4738734965_600_800.png,/scratch/parceirosbr/bigoilict/share/BigOil/document_generator/datasets/documents_2021_12_28/13hea_20211228_164043_4738734965_600_800.png,13hea_20211228_164043_4738734965_600_800_mask.png,nan
17,16,35,32,102,76,137,108,102,76,137,76,137,108,102,108,image,image,image,,,,13hea_20211228_164043_4738734965_600_800.png,/scratch/parceirosbr/bigoilict/share/BigOil/document_generator/datasets/documents_2021_12_28/13hea_20211228_164043_4738734965_600_800.png,13hea_20211228_164043_4738734965_600_800_mask.png,/scratch/parceirosbr/bigoilict/share/BigOil/document_generator/files_images_document_generator/logos\image_3479.jpg
114,10,229,20,182,132,411,152,182,134,410,132,411,150,183,152,sub_line_text,subtitle,subtitle_0,times,italic,15,13hea_20211228_164043_4738734965_600_800.png,/scratch/parceirosbr/bigoilict/share/BigOil/document_generator/datasets/documents_2021_12_28/13hea_20211228_164043_4738734965_600_800.png,13hea_20211228_164043_4738734965_600_800_mask.png,2. Gráfico da produção etanol entre
114,10,229,20,182,132,411,152,182,134,410,132,411,150,183,152,title,subtitle,subtitle_0,times,italic,15,13hea_20211228_164043_4738734965_600_800.png,/scratch/parceirosbr/bigoilict/share/BigOil/document_generator/datasets/documents_2021_12_28/13hea_20211228_164043_4738734965_600_800.png,13hea_20211228_164043_4738734965_600_800_mask.png,nan
66,131,132,262,336,160,468,422,336,161,466,160,468,422,338,422,image,figure_image,figure_0,,,,13hea_20211228_164043_4738734965_600_800.png,/scratch/parceirosbr/bigoilict/share/BigOil/document_generator/datasets/documents_2021_12_28/13hea_20211228_164043_4738734965_600_800.png,13hea_20211228_164043_4738734965_600_800_mask.png,output/gen_img_20211228_164043_5474894976.png
10,5,20,10,390,219,410,229,390,223,409,219,410,225,391,229,text,figure_text,figure_0,,,,13hea_20211228_164043_4738734965_600_800.png,/scratch/parceirosbr/bigoilict/share/BigOil/document_generator/datasets/documents_2021_12_28/13hea_20211228_164043_4738734965_600_800.png,13hea_20211228_164043_4738734965_600_800_mask.png,Graphic
10,5,20,10,390,219,410,229,390,223,409,219,410,225,391,229,sub_line_text,figure_text,figure_0,,,,13hea_20211228_164043_4738734965_600_800.png,/scratch/parceirosbr/bigoilict/share/BigOil/document_generator/datasets/documents_2021_12_28/13hea_20211228_164043_4738734965_600_800.png,13hea_20211228_164043_4738734965_600_800_mask.png,Graphic
21,1,42,3,422,285,464,288,422,282,465,285,464,292,421,288,text,figure_text,figure_0,,,,13hea_20211228_164043_4738734965_600_800.png,/scratch/parceirosbr/bigoilict/share/BigOil/document_generator/datasets/documents_2021_12_28/13hea_20211228_164043_4738734965_600_800.png,13hea_20211228_164043_4738734965_600_800_mask.png,Consumption [MB]
21,1,42,3,422,285,464,288,422,282,465,285,464,292,421,288,sub_line_text,figure_text,figure_0,,,,13hea_20211228_164043_4738734965_600_800.png,/scratch/parceirosbr/bigoilict/share/BigOil/document_generator/datasets/documents_2021_12_28/13hea_20211228_164043_4738734965_600_800.png,13hea_20211228_164043_4738734965_600_800_mask.png,Consumption [MB]
13,3,26,7,396,355,422,362,396,357,421,355,422,361,396,362,text,figure_text,figure_0,,,,13hea_20211228_164043_4738734965_600_800.png,/scratch/parceirosbr/bigoilict/share/BigOil/document_generator/datasets/documents_2021_12_28/13hea_20211228_164043_4738734965_600_800.png,13hea_20211228_164043_4738734965_600_800_mask.png,-3677.65%
13,3,26,7,396,355,422,362,396,357,421,355,422,361,396,362,sub_line_text,figure_text,figure_0,,,,13hea_20211228_164043_4738734965_600_800.png,/scratch/parceirosbr/bigoilict/share/BigOil/document_generator/datasets/documents_2021_12_28/13hea_20211228_164043_4738734965_600_800.png,13hea_20211228_164043_4738734965_600_800_mask.png,-3677.65%
10,2,20,4,429,205,449,209,429,203,450,205,449,211,428,209,text,figure_text,figure_0,,,,13hea_20211228_164043_4738734965_600_800.png,/scratch/parceirosbr/bigoilict/share/BigOil/document_generator/datasets/documents_2021_12_28/13hea_20211228_164043_4738734965_600_800.png,13hea_20211228_164043_4738734965_600_800_mask.png,-1306.68
10,2,20,4,429,205,449,209,429,203,450,205,449,211,428,209,sub_line_text,figure_text,figure_0,,,,13hea_20211228_164043_4738734965_600_800.png,/scratch/parceirosbr/bigoilict/share/BigOil/document_generator/datasets/documents_2021_12_28/13hea_20211228_164043_4738734965_600_800.png,13hea_20211228_164043_4738734965_600_800_mask.png,-1306.68
18,1,37,3,349,196,386,199,349,192,386,196,386,203,348,199,text,figure_text,figure_0,,,,13hea_20211228_164043_4738734965_600_800.png,/scratch/parceirosbr/bigoilict/share/BigOil/document_generator/datasets/documents_2021_12_28/13hea_20211228_164043_4738734965_600_800.png,13hea_20211228_164043_4738734965_600_800_mask.png,Processing [TB]
18,1,37,3,349,196,386,199,349,192,386,196,386,203,348,199,sub_line_text,figure_text,figure_0,,,,13hea_20211228_164043_4738734965_600_800.png,/scratch/parceirosbr/bigoilict/share/BigOil/document_generator/datasets/documents_2021_12_28/13hea_20211228_164043_4738734965_600_800.png,13hea_20211228_164043_4738734965_600_800_mask.png,Processing [TB]
12,5,25,10,414,237,439,247,414,241,438,237,439,243,415,247,text,figure_text,figure_0,,,,13hea_20211228_164043_4738734965_600_800.png,/scratch/parceirosbr/bigoilict/share/BigOil/document_generator/datasets/documents_2021_12_28/13hea_20211228_164043_4738734965_600_800.png,13hea_20211228_164043_4738734965_600_800_mask.png,-6317.959
12,5,25,10,414,237,439,247,414,241,438,237,439,243,415,247,sub_line_text,figure_text,figure_0,,,,13hea_20211228_164043_4738734965_600_800.png,/scratch/parceirosbr/bigoilict/share/BigOil/document_generator/datasets/documents_2021_12_28/13hea_20211228_164043_4738734965_600_800.png,13hea_20211228_164043_4738734965_600_800_mask.png,-6317.959
11,4,22,8,350,261,372,269,350,263,371,261,372,267,350,269,text,figure_text,figure_0,,,,13hea_20211228_164043_4738734965_600_800.png,/scratch/parceirosbr/bigoilict/share/BigOil/document_generator/datasets/documents_2021_12_28/13hea_20211228_164043_4738734965_600_800.png,13hea_20211228_164043_4738734965_600_800_mask.png,-3834.11
11,4,22,8,350,261,372,269,350,263,371,261,372,267,350,269,sub_line_text,figure_text,figure_0,,,,13hea_20211228_164043_4738734965_600_800.png,/scratch/parceirosbr/bigoilict/share/BigOil/document_generator/datasets/documents_2021_12_28/13hea_20211228_164043_4738734965_600_800.png,13hea_20211228_164043_4738734965_600_800_mask.png,-3834.11
8,0,17,0,382,309,399,309,382,304,400,309,399,314,381,309,text,figure_text,figure_0,,,,13hea_20211228_164043_4738734965_600_800.png,/scratch/parceirosbr/bigoilict/share/BigOil/document_generator/datasets/documents_2021_12_28/13hea_20211228_164043_4738734965_600_800.png,13hea_20211228_164043_4738734965_600_800_mask.png,-4871.6
8,0,17,0,382,309,399,309,382,304,400,309,399,314,381,309,sub_line_text,figure_text,figure_0,,,,13hea_20211228_164043_4738734965_600_800.png,/scratch/parceirosbr/bigoilict/share/BigOil/document_generator/datasets/documents_2021_12_28/13hea_20211228_164043_4738734965_600_800.png,13hea_20211228_164043_4738734965_600_800_mask.png,-4871.6
8,0,17,1,370,249,387,250,370,245,388,249,387,255,369,250,text,figure_text,figure_0,,,,13hea_20211228_164043_4738734965_600_800.png,/scratch/parceirosbr/bigoilict/share/BigOil/document_generator/datasets/documents_2021_12_28/13hea_20211228_164043_4738734965_600_800.png,13hea_20211228_164043_4738734965_600_800_mask.png,-2483.1
8,0,17,1,370,249,387,250,370,245,388,249,387,255,369,250,sub_line_text,figure_text,figure_0,,,,13hea_20211228_164043_4738734965_600_800.png,/scratch/parceirosbr/bigoilict/share/BigOil/document_generator/datasets/documents_2021_12_28/13hea_20211228_164043_4738734965_600_800.png,13hea_20211228_164043_4738734965_600_800_mask.png,-2483.1
16,5,33,10,358,273,391,283,358,276,391,273,391,280,358,283,text,figure_text,figure_0,,,,13hea_20211228_164043_4738734965_600_800.png,/scratch/parceirosbr/bigoilict/share/BigOil/document_generator/datasets/documents_2021_12_28/13hea_20211228_164043_4738734965_600_800.png,13hea_20211228_164043_4738734965_600_800_mask.png,Demand (MB)
16,5,33,10,358,273,391,283,358,276,391,273,391,280,358,283,sub_line_text,figure_text,figure_0,,,,13hea_20211228_164043_4738734965_600_800.png,/scratch/parceirosbr/bigoilict/share/BigOil/document_generator/datasets/documents_2021_12_28/13hea_20211228_164043_4738734965_600_800.png,13hea_20211228_164043_4738734965_600_800_mask.png,Demand (MB)
7,3,14,6,346,379,360,385,346,379,360,379,360,385,346,385,text,figure_text,figure_0,,,,13hea_20211228_164043_4738734965_600_800.png,/scratch/parceirosbr/bigoilict/share/BigOil/document_generator/datasets/documents_2021_12_28/13hea_20211228_164043_4738734965_600_800.png,13hea_20211228_164043_4738734965_600_800_mask.png,-4828
7,3,14,6,346,379,360,385,346,379,360,379,360,385,346,385,sub_line_text,figure_text,figure_0,,,,13hea_20211228_164043_4738734965_600_800.png,/scratch/parceirosbr/bigoilict/share/BigOil/document_generator/datasets/documents_2021_12_28/13hea_20211228_164043_4738734965_600_800.png,13hea_20211228_164043_4738734965_600_800_mask.png,-4828
12,6,25,13,436,161,461,174,436,167,460,161,461,168,437,174,text,figure_text,figure_0,,,,13hea_20211228_164043_4738734965_600_800.png,/scratch/parceirosbr/bigoilict/share/BigOil/document_generator/datasets/documents_2021_12_28/13hea_20211228_164043_4738734965_600_800.png,13hea_20211228_164043_4738734965_600_800_mask.png,Volume (l)
12,6,25,13,436,161,461,174,436,167,460,161,461,168,437,174,sub_line_text,figure_text,figure_0,,,,13hea_20211228_164043_4738734965_600_800.png,/scratch/parceirosbr/bigoilict/share/BigOil/document_generator/datasets/documents_2021_12_28/13hea_20211228_164043_4738734965_600_800.png,13hea_20211228_164043_4738734965_600_800_mask.png,Volume (l)
8,0,17,1,433,215,450,216,433,211,451,215,450,221,432,216,text,figure_text,figure_0,,,,13hea_20211228_164043_4738734965_600_800.png,/scratch/parceirosbr/bigoilict/share/BigOil/document_generator/datasets/documents_2021_12_28/13hea_20211228_164043_4738734965_600_800.png,13hea_20211228_164043_4738734965_600_800_mask.png,-9510.4
8,0,17,1,433,215,450,216,433,211,451,215,450,221,432,216,sub_line_text,figure_text,figure_0,,,,13hea_20211228_164043_4738734965_600_800.png,/scratch/parceirosbr/bigoilict/share/BigOil/document_generator/datasets/documents_2021_12_28/13hea_20211228_164043_4738734965_600_800.png,13hea_20211228_164043_4738734965_600_800_mask.png,-9510.4
11,6,22,12,339,171,361,183,339,177,360,171,361,177,340,183,text,figure_text,figure_0,,,,13hea_20211228_164043_4738734965_600_800.png,/scratch/parceirosbr/bigoilict/share/BigOil/document_generator/datasets/documents_2021_12_28/13hea_20211228_164043_4738734965_600_800.png,13hea_20211228_164043_4738734965_600_800_mask.png,-5594.65
11,6,22,12,339,171,361,183,339,177,360,171,361,177,340,183,sub_line_text,figure_text,figure_0,,,,13hea_20211228_164043_4738734965_600_800.png,/scratch/parceirosbr/bigoilict/share/BigOil/document_generator/datasets/documents_2021_12_28/13hea_20211228_164043_4738734965_600_800.png,13hea_20211228_164043_4738734965_600_800_mask.png,-5594.65
10,0,20,-1,439,358,459,357,439,352,461,358,459,363,437,357,text,figure_text,figure_0,,,,13hea_20211228_164043_4738734965_600_800.png,/scratch/parceirosbr/bigoilict/share/BigOil/document_generator/datasets/documents_2021_12_28/13hea_20211228_164043_4738734965_600_800.png,13hea_20211228_164043_4738734965_600_800_mask.png,-6191.8%
10,0,20,-1,439,358,459,357,439,352,461,358,459,363,437,357,sub_line_text,figure_text,figure_0,,,,13hea_20211228_164043_4738734965_600_800.png,/scratch/parceirosbr/bigoilict/share/BigOil/document_generator/datasets/documents_2021_12_28/13hea_20211228_164043_4738734965_600_800.png,13hea_20211228_164043_4738734965_600_800_mask.png,-6191.8%
9,1,18,2,428,227,446,229,428,224,447,227,446,233,427,229,text,figure_text,figure_0,,,,13hea_20211228_164043_4738734965_600_800.png,/scratch/parceirosbr/bigoilict/share/BigOil/document_generator/datasets/documents_2021_12_28/13hea_20211228_164043_4738734965_600_800.png,13hea_20211228_164043_4738734965_600_800_mask.png,-5990.7
9,1,18,2,428,227,446,229,428,224,447,227,446,233,427,229,sub_line_text,figure_text,figure_0,,,,13hea_20211228_164043_4738734965_600_800.png,/scratch/parceirosbr/bigoilict/share/BigOil/document_generator/datasets/documents_2021_12_28/13hea_20211228_164043_4738734965_600_800.png,13hea_20211228_164043_4738734965_600_800_mask.png,-5990.7
13,5,27,10,376,381,403,391,376,384,402,381,403,388,376,391,text,figure_text,figure_0,,,,13hea_20211228_164043_4738734965_600_800.png,/scratch/parceirosbr/bigoilict/share/BigOil/document_generator/datasets/documents_2021_12_28/13hea_20211228_164043_4738734965_600_800.png,13hea_20211228_164043_4738734965_600_800_mask.png,Female [M]
13,5,27,10,376,381,403,391,376,384,402,381,403,388,376,391,sub_line_text,figure_text,figure_0,,,,13hea_20211228_164043_4738734965_600_800.png,/scratch/parceirosbr/bigoilict/share/BigOil/document_generator/datasets/documents_2021_12_28/13hea_20211228_164043_4738734965_600_800.png,13hea_20211228_164043_4738734965_600_800_mask.png,Female [M]
8,0,17,1,380,398,397,399,380,393,399,398,397,405,378,399,text,figure_text,figure_0,,,,13hea_20211228_164043_4738734965_600_800.png,/scratch/parceirosbr/bigoilict/share/BigOil/document_generator/datasets/documents_2021_12_28/13hea_20211228_164043_4738734965_600_800.png,13hea_20211228_164043_4738734965_600_800_mask.png,Loading
8,0,17,1,380,398,397,399,380,393,399,398,397,405,378,399,sub_line_text,figure_text,figure_0,,,,13hea_20211228_164043_4738734965_600_800.png,/scratch/parceirosbr/bigoilict/share/BigOil/document_generator/datasets/documents_2021_12_28/13hea_20211228_164043_4738734965_600_800.png,13hea_20211228_164043_4738734965_600_800_mask.png,Loading
10,0,20,1,408,398,428,399,408,394,429,398,428,403,406,399,text,figure_text,figure_0,,,,13hea_20211228_164043_4738734965_600_800.png,/scratch/parceirosbr/bigoilict/share/BigOil/document_generator/datasets/documents_2021_12_28/13hea_20211228_164043_4738734965_600_800.png,13hea_20211228_164043_4738734965_600_800_mask.png,Advance
10,0,20,1,408,398,428,399,408,394,429,398,428,403,406,399,sub_line_text,figure_text,figure_0,,,,13hea_20211228_164043_4738734965_600_800.png,/scratch/parceirosbr/bigoilict/share/BigOil/document_generator/datasets/documents_2021_12_28/13hea_20211228_164043_4738734965_600_800.png,13hea_20211228_164043_4738734965_600_800_mask.png,Advance
11,0,22,1,375,173,397,174,375,169,398,173,397,179,374,174,text,figure_text,figure_0,,,,13hea_20211228_164043_4738734965_600_800.png,/scratch/parceirosbr/bigoilict/share/BigOil/document_generator/datasets/documents_2021_12_28/13hea_20211228_164043_4738734965_600_800.png,13hea_20211228_164043_4738734965_600_800_mask.png,-8044.0%
11,0,22,1,375,173,397,174,375,169,398,173,397,179,374,174,sub_line_text,figure_text,figure_0,,,,13hea_20211228_164043_4738734965_600_800.png,/scratch/parceirosbr/bigoilict/share/BigOil/document_generator/datasets/documents_2021_12_28/13hea_20211228_164043_4738734965_600_800.png,13hea_20211228_164043_4738734965_600_800_mask.png,-8044.0%
13,6,26,13,369,204,395,217,369,211,394,204,395,209,370,217,text,figure_text,figure_0,,,,13hea_20211228_164043_4738734965_600_800.png,/scratch/parceirosbr/bigoilict/share/BigOil/document_generator/datasets/documents_2021_12_28/13hea_20211228_164043_4738734965_600_800.png,13hea_20211228_164043_4738734965_600_800_mask.png,-4704.34%
13,6,26,13,369,204,395,217,369,211,394,204,395,209,370,217,sub_line_text,figure_text,figure_0,,,,13hea_20211228_164043_4738734965_600_800.png,/scratch/parceirosbr/bigoilict/share/BigOil/document_generator/datasets/documents_2021_12_28/13hea_20211228_164043_4738734965_600_800.png,13hea_20211228_164043_4738734965_600_800_mask.png,-4704.34%
5,1,11,3,417,327,428,330,417,325,429,327,428,332,416,330,text,figure_text,figure_0,,,,13hea_20211228_164043_4738734965_600_800.png,/scratch/parceirosbr/bigoilict/share/BigOil/document_generator/datasets/documents_2021_12_28/13hea_20211228_164043_4738734965_600_800.png,13hea_20211228_164043_4738734965_600_800_mask.png,Leak
5,1,11,3,417,327,428,330,417,325,429,327,428,332,416,330,sub_line_text,figure_text,figure_0,,,,13hea_20211228_164043_4738734965_600_800.png,/scratch/parceirosbr/bigoilict/share/BigOil/document_generator/datasets/documents_2021_12_28/13hea_20211228_164043_4738734965_600_800.png,13hea_20211228_164043_4738734965_600_800_mask.png,Leak
9,2,19,5,405,377,424,382,405,377,424,377,424,383,405,382,text,figure_text,figure_0,,,,13hea_20211228_164043_4738734965_600_800.png,/scratch/parceirosbr/bigoilict/share/BigOil/document_generator/datasets/documents_2021_12_28/13hea_20211228_164043_4738734965_600_800.png,13hea_20211228_164043_4738734965_600_800_mask.png,-6410%
9,2,19,5,405,377,424,382,405,377,424,377,424,383,405,382,sub_line_text,figure_text,figure_0,,,,13hea_20211228_164043_4738734965_600_800.png,/scratch/parceirosbr/bigoilict/share/BigOil/document_generator/datasets/documents_2021_12_28/13hea_20211228_164043_4738734965_600_800.png,13hea_20211228_164043_4738734965_600_800_mask.png,-6410%
5,2,10,4,446,366,456,370,446,364,457,366,456,372,445,370,text,figure_text,figure_0,,,,13hea_20211228_164043_4738734965_600_800.png,/scratch/parceirosbr/bigoilict/share/BigOil/document_generator/datasets/documents_2021_12_28/13hea_20211228_164043_4738734965_600_800.png,13hea_20211228_164043_4738734965_600_800_mask.png,-173
5,2,10,4,446,366,456,370,446,364,457,366,456,372,445,370,sub_line_text,figure_text,figure_0,,,,13hea_20211228_164043_4738734965_600_800.png,/scratch/parceirosbr/bigoilict/share/BigOil/document_generator/datasets/documents_2021_12_28/13hea_20211228_164043_4738734965_600_800.png,13hea_20211228_164043_4738734965_600_800_mask.png,-173
87,6,175,13,49,160,224,173,49,162,224,160,224,171,49,173,sub_line_text,figure_legend,figure_0,times,bolditalic,8,13hea_20211228_164043_4738734965_600_800.png,/scratch/parceirosbr/bigoilict/share/BigOil/document_generator/datasets/documents_2021_12_28/13hea_20211228_164043_4738734965_600_800.png,13hea_20211228_164043_4738734965_600_800_mask.png,"Fig.  89:    De  acordo  com  a  referência  2.4,  o  ga-"
87,6,174,12,49,179,223,191,49,180,223,179,223,190,49,191,sub_line_text,figure_legend,figure_0,times,bolditalic,8,13hea_20211228_164043_4738734965_600_800.png,/scratch/parceirosbr/bigoilict/share/BigOil/document_generator/datasets/documents_2021_12_28/13hea_20211228_164043_4738734965_600_800.png,13hea_20211228_164043_4738734965_600_800_mask.png,"soduto   forma,   junto   com   o   gasoduto  e  o  gaso-"
87,6,175,13,49,196,224,209,49,198,224,196,224,207,49,209,sub_line_text,figure_legend,figure_0,times,bolditalic,8,13hea_20211228_164043_4738734965_600_800.png,/scratch/parceirosbr/bigoilict/share/BigOil/document_generator/datasets/documents_2021_12_28/13hea_20211228_164043_4738734965_600_800.png,13hea_20211228_164043_4738734965_600_800_mask.png,duto   o   gasoduto.      A   ferramenta   auxilia  o  pro-
87,6,174,12,49,215,223,227,49,216,223,215,223,226,49,227,sub_line_text,figure_legend,figure_0,times,bolditalic,8,13hea_20211228_164043_4738734965_600_800.png,/scratch/parceirosbr/bigoilict/share/BigOil/document_generator/datasets/documents_2021_12_28/13hea_20211228_164043_4738734965_600_800.png,13hea_20211228_164043_4738734965_600_800_mask.png,"cesso   de  tomada  de  decisão,  através  de  metodo-"
35,5,71,11,49,234,120,245,49,234,120,234,120,245,49,245,sub_line_text,figure_legend,figure_0,times,bolditalic,8,13hea_20211228_164043_4738734965_600_800.png,/scratch/parceirosbr/bigoilict/share/BigOil/document_generator/datasets/documents_2021_12_28/13hea_20211228_164043_4738734965_600_800.png,13hea_20211228_164043_4738734965_600_800_mask.png,logia automatizada de
88,42,176,85,48,160,224,245,48,162,223,160,224,243,49,245,text,figure_legend,figure_0,times,bolditalic,8,13hea_20211228_164043_4738734965_600_800.png,/scratch/parceirosbr/bigoilict/share/BigOil/document_generator/datasets/documents_2021_12_28/13hea_20211228_164043_4738734965_600_800.png,13hea_20211228_164043_4738734965_600_800_mask.png,nan
133,108,267,216,265,432,532,648,265,434,530,432,532,646,267,648,table,table_image,table_0,,,,13hea_20211228_164043_4738734965_600_800.png,/scratch/parceirosbr/bigoilict/share/BigOil/document_generator/datasets/documents_2021_12_28/13hea_20211228_164043_4738734965_600_800.png,13hea_20211228_164043_4738734965_600_800_mask.png,output/gen_tab_20211228_164045_3011688132.png
10,6,20,12,306,437,326,449,306,437,326,437,326,449,306,449,text,table_text,table_0,opensans,regular,9.0,13hea_20211228_164043_4738734965_600_800.png,/scratch/parceirosbr/bigoilict/share/BigOil/document_generator/datasets/documents_2021_12_28/13hea_20211228_164043_4738734965_600_800.png,13hea_20211228_164043_4738734965_600_800_mask.png,picos
10,6,20,12,306,437,326,449,306,437,326,437,326,449,306,449,sub_line_text,table_text,table_0,opensans,regular,9.0,13hea_20211228_164043_4738734965_600_800.png,/scratch/parceirosbr/bigoilict/share/BigOil/document_generator/datasets/documents_2021_12_28/13hea_20211228_164043_4738734965_600_800.png,13hea_20211228_164043_4738734965_600_800_mask.png,picos
15,6,30,12,295,452,325,464,295,452,325,452,325,464,295,464,text,table_text,table_0,opensans,regular,9.0,13hea_20211228_164043_4738734965_600_800.png,/scratch/parceirosbr/bigoilict/share/BigOil/document_generator/datasets/documents_2021_12_28/13hea_20211228_164043_4738734965_600_800.png,13hea_20211228_164043_4738734965_600_800_mask.png,19690.8
15,6,30,12,295,452,325,464,295,452,325,452,325,464,295,464,sub_line_text,table_text,table_0,opensans,regular,9.0,13hea_20211228_164043_4738734965_600_800.png,/scratch/parceirosbr/bigoilict/share/BigOil/document_generator/datasets/documents_2021_12_28/13hea_20211228_164043_4738734965_600_800.png,13hea_20211228_164043_4738734965_600_800_mask.png,19690.8
15,6,30,12,295,466,325,478,295,466,325,466,325,478,295,478,text,table_text,table_0,opensans,regular,9.0,13hea_20211228_164043_4738734965_600_800.png,/scratch/parceirosbr/bigoilict/share/BigOil/document_generator/datasets/documents_2021_12_28/13hea_20211228_164043_4738734965_600_800.png,13hea_20211228_164043_4738734965_600_800_mask.png,68318.6
15,6,30,12,295,466,325,478,295,466,325,466,325,478,295,478,sub_line_text,table_text,table_0,opensans,regular,9.0,13hea_20211228_164043_4738734965_600_800.png,/scratch/parceirosbr/bigoilict/share/BigOil/document_generator/datasets/documents_2021_12_28/13hea_20211228_164043_4738734965_600_800.png,13hea_20211228_164043_4738734965_600_800_mask.png,68318.6
15,6,30,12,295,480,325,492,295,480,325,480,325,492,295,492,text,table_text,table_0,opensans,regular,9.0,13hea_20211228_164043_4738734965_600_800.png,/scratch/parceirosbr/bigoilict/share/BigOil/document_generator/datasets/documents_2021_12_28/13hea_20211228_164043_4738734965_600_800.png,13hea_20211228_164043_4738734965_600_800_mask.png,70242.5
15,6,30,12,295,480,325,492,295,480,325,480,325,492,295,492,sub_line_text,table_text,table_0,opensans,regular,9.0,13hea_20211228_164043_4738734965_600_800.png,/scratch/parceirosbr/bigoilict/share/BigOil/document_generator/datasets/documents_2021_12_28/13hea_20211228_164043_4738734965_600_800.png,13hea_20211228_164043_4738734965_600_800_mask.png,70242.5
17,6,35,12,290,495,325,507,290,495,325,495,325,507,290,507,text,table_text,table_0,opensans,regular,9.0,13hea_20211228_164043_4738734965_600_800.png,/scratch/parceirosbr/bigoilict/share/BigOil/document_generator/datasets/documents_2021_12_28/13hea_20211228_164043_4738734965_600_800.png,13hea_20211228_164043_4738734965_600_800_mask.png,850900.3
17,6,35,12,290,495,325,507,290,495,325,495,325,507,290,507,sub_line_text,table_text,table_0,opensans,regular,9.0,13hea_20211228_164043_4738734965_600_800.png,/scratch/parceirosbr/bigoilict/share/BigOil/document_generator/datasets/documents_2021_12_28/13hea_20211228_164043_4738734965_600_800.png,13hea_20211228_164043_4738734965_600_800_mask.png,850900.3
15,6,30,12,295,509,325,521,295,509,325,509,325,521,295,521,text,table_text,table_0,opensans,regular,9.0,13hea_20211228_164043_4738734965_600_800.png,/scratch/parceirosbr/bigoilict/share/BigOil/document_generator/datasets/documents_2021_12_28/13hea_20211228_164043_4738734965_600_800.png,13hea_20211228_164043_4738734965_600_800_mask.png,53651.3
15,6,30,12,295,509,325,521,295,509,325,509,325,521,295,521,sub_line_text,table_text,table_0,opensans,regular,9.0,13hea_20211228_164043_4738734965_600_800.png,/scratch/parceirosbr/bigoilict/share/BigOil/document_generator/datasets/documents_2021_12_28/13hea_20211228_164043_4738734965_600_800.png,13hea_20211228_164043_4738734965_600_800_mask.png,53651.3
15,6,30,12,295,523,325,535,295,523,325,523,325,535,295,535,text,table_text,table_0,opensans,regular,9.0,13hea_20211228_164043_4738734965_600_800.png,/scratch/parceirosbr/bigoilict/share/BigOil/document_generator/datasets/documents_2021_12_28/13hea_20211228_164043_4738734965_600_800.png,13hea_20211228_164043_4738734965_600_800_mask.png,50396.8
15,6,30,12,295,523,325,535,295,523,325,523,325,535,295,535,sub_line_text,table_text,table_0,opensans,regular,9.0,13hea_20211228_164043_4738734965_600_800.png,/scratch/parceirosbr/bigoilict/share/BigOil/document_generator/datasets/documents_2021_12_28/13hea_20211228_164043_4738734965_600_800.png,13hea_20211228_164043_4738734965_600_800_mask.png,50396.8
13,6,26,12,300,538,326,550,300,538,325,538,326,550,301,550,text,table_text,table_0,opensans,regular,9.0,13hea_20211228_164043_4738734965_600_800.png,/scratch/parceirosbr/bigoilict/share/BigOil/document_generator/datasets/documents_2021_12_28/13hea_20211228_164043_4738734965_600_800.png,13hea_20211228_164043_4738734965_600_800_mask.png,6863.3
13,6,26,12,300,538,326,550,300,538,325,538,326,550,301,550,sub_line_text,table_text,table_0,opensans,regular,9.0,13hea_20211228_164043_4738734965_600_800.png,/scratch/parceirosbr/bigoilict/share/BigOil/document_generator/datasets/documents_2021_12_28/13hea_20211228_164043_4738734965_600_800.png,13hea_20211228_164043_4738734965_600_800_mask.png,6863.3
12,6,25,12,301,552,326,564,301,552,326,552,326,564,301,564,text,table_text,table_0,opensans,regular,9.0,13hea_20211228_164043_4738734965_600_800.png,/scratch/parceirosbr/bigoilict/share/BigOil/document_generator/datasets/documents_2021_12_28/13hea_20211228_164043_4738734965_600_800.png,13hea_20211228_164043_4738734965_600_800_mask.png,3488.3
12,6,25,12,301,552,326,564,301,552,326,552,326,564,301,564,sub_line_text,table_text,table_0,opensans,regular,9.0,13hea_20211228_164043_4738734965_600_800.png,/scratch/parceirosbr/bigoilict/share/BigOil/document_generator/datasets/documents_2021_12_28/13hea_20211228_164043_4738734965_600_800.png,13hea_20211228_164043_4738734965_600_800_mask.png,3488.3
17,6,35,12,291,566,326,578,291,566,326,566,326,578,291,578,text,table_text,table_0,opensans,regular,9.0,13hea_20211228_164043_4738734965_600_800.png,/scratch/parceirosbr/bigoilict/share/BigOil/document_generator/datasets/documents_2021_12_28/13hea_20211228_164043_4738734965_600_800.png,13hea_20211228_164043_4738734965_600_800_mask.png,606915.8
17,6,35,12,291,566,326,578,291,566,326,566,326,578,291,578,sub_line_text,table_text,table_0,opensans,regular,9.0,13hea_20211228_164043_4738734965_600_800.png,/scratch/parceirosbr/bigoilict/share/BigOil/document_generator/datasets/documents_2021_12_28/13hea_20211228_164043_4738734965_600_800.png,13hea_20211228_164043_4738734965_600_800_mask.png,606915.8
12,6,25,12,301,581,326,593,301,581,326,581,326,593,301,593,text,table_text,table_0,opensans,regular,9.0,13hea_20211228_164043_4738734965_600_800.png,/scratch/parceirosbr/bigoilict/share/BigOil/document_generator/datasets/documents_2021_12_28/13hea_20211228_164043_4738734965_600_800.png,13hea_20211228_164043_4738734965_600_800_mask.png,2537.0
12,6,25,12,301,581,326,593,301,581,326,581,326,593,301,593,sub_line_text,table_text,table_0,opensans,regular,9.0,13hea_20211228_164043_4738734965_600_800.png,/scratch/parceirosbr/bigoilict/share/BigOil/document_generator/datasets/documents_2021_12_28/13hea_20211228_164043_4738734965_600_800.png,13hea_20211228_164043_4738734965_600_800_mask.png,2537.0
17,6,35,12,291,595,326,607,291,595,326,595,326,607,291,607,text,table_text,table_0,opensans,regular,9.0,13hea_20211228_164043_4738734965_600_800.png,/scratch/parceirosbr/bigoilict/share/BigOil/document_generator/datasets/documents_2021_12_28/13hea_20211228_164043_4738734965_600_800.png,13hea_20211228_164043_4738734965_600_800_mask.png,474417.6
17,6,35,12,291,595,326,607,291,595,326,595,326,607,291,607,sub_line_text,table_text,table_0,opensans,regular,9.0,13hea_20211228_164043_4738734965_600_800.png,/scratch/parceirosbr/bigoilict/share/BigOil/document_generator/datasets/documents_2021_12_28/13hea_20211228_164043_4738734965_600_800.png,13hea_20211228_164043_4738734965_600_800_mask.png,474417.6
17,6,35,12,291,609,326,621,291,609,326,609,326,621,291,621,text,table_text,table_0,opensans,regular,9.0,13hea_20211228_164043_4738734965_600_800.png,/scratch/parceirosbr/bigoilict/share/BigOil/document_generator/datasets/documents_2021_12_28/13hea_20211228_164043_4738734965_600_800.png,13hea_20211228_164043_4738734965_600_800_mask.png,845604.7
17,6,35,12,291,609,326,621,291,609,326,609,326,621,291,621,sub_line_text,table_text,table_0,opensans,regular,9.0,13hea_20211228_164043_4738734965_600_800.png,/scratch/parceirosbr/bigoilict/share/BigOil/document_generator/datasets/documents_2021_12_28/13hea_20211228_164043_4738734965_600_800.png,13hea_20211228_164043_4738734965_600_800_mask.png,845604.7
12,6,25,12,301,623,326,635,301,623,326,623,326,635,301,635,text,table_text,table_0,opensans,regular,9.0,13hea_20211228_164043_4738734965_600_800.png,/scratch/parceirosbr/bigoilict/share/BigOil/document_generator/datasets/documents_2021_12_28/13hea_20211228_164043_4738734965_600_800.png,13hea_20211228_164043_4738734965_600_800_mask.png,4056.4
12,6,25,12,301,623,326,635,301,623,326,623,326,635,301,635,sub_line_text,table_text,table_0,opensans,regular,9.0,13hea_20211228_164043_4738734965_600_800.png,/scratch/parceirosbr/bigoilict/share/BigOil/document_generator/datasets/documents_2021_12_28/13hea_20211228_164043_4738734965_600_800.png,13hea_20211228_164043_4738734965_600_800_mask.png,4056.4
21,6,43,12,349,437,392,449,349,437,392,437,392,449,349,449,text,table_text,table_0,opensans,regular,9.0,13hea_20211228_164043_4738734965_600_800.png,/scratch/parceirosbr/bigoilict/share/BigOil/document_generator/datasets/documents_2021_12_28/13hea_20211228_164043_4738734965_600_800.png,13hea_20211228_164043_4738734965_600_800_mask.png,limitadoras
21,6,43,12,349,437,392,449,349,437,392,437,392,449,349,449,sub_line_text,table_text,table_0,opensans,regular,9.0,13hea_20211228_164043_4738734965_600_800.png,/scratch/parceirosbr/bigoilict/share/BigOil/document_generator/datasets/documents_2021_12_28/13hea_20211228_164043_4738734965_600_800.png,13hea_20211228_164043_4738734965_600_800_mask.png,limitadoras
17,6,35,12,358,452,393,464,358,452,393,452,393,464,358,464,text,table_text,table_0,opensans,regular,9.0,13hea_20211228_164043_4738734965_600_800.png,/scratch/parceirosbr/bigoilict/share/BigOil/document_generator/datasets/documents_2021_12_28/13hea_20211228_164043_4738734965_600_800.png,13hea_20211228_164043_4738734965_600_800_mask.png,210.9243
17,6,35,12,358,452,393,464,358,452,393,452,393,464,358,464,sub_line_text,table_text,table_0,opensans,regular,9.0,13hea_20211228_164043_4738734965_600_800.png,/scratch/parceirosbr/bigoilict/share/BigOil/document_generator/datasets/documents_2021_12_28/13hea_20211228_164043_4738734965_600_800.png,13hea_20211228_164043_4738734965_600_800_mask.png,210.9243
22,6,44,12,348,466,392,478,348,466,392,466,392,478,348,478,text,table_text,table_0,opensans,regular,9.0,13hea_20211228_164043_4738734965_600_800.png,/scratch/parceirosbr/bigoilict/share/BigOil/document_generator/datasets/documents_2021_12_28/13hea_20211228_164043_4738734965_600_800.png,13hea_20211228_164043_4738734965_600_800_mask.png,71781.5099
22,6,44,12,348,466,392,478,348,466,392,466,392,478,348,478,sub_line_text,table_text,table_0,opensans,regular,9.0,13hea_20211228_164043_4738734965_600_800.png,/scratch/parceirosbr/bigoilict/share/BigOil/document_generator/datasets/documents_2021_12_28/13hea_20211228_164043_4738734965_600_800.png,13hea_20211228_164043_4738734965_600_800_mask.png,71781.5099
20,6,40,12,353,480,393,492,353,480,393,480,393,492,353,492,text,table_text,table_0,opensans,regular,9.0,13hea_20211228_164043_4738734965_600_800.png,/scratch/parceirosbr/bigoilict/share/BigOil/document_generator/datasets/documents_2021_12_28/13hea_20211228_164043_4738734965_600_800.png,13hea_20211228_164043_4738734965_600_800_mask.png,3567.7155
20,6,40,12,353,480,393,492,353,480,393,480,393,492,353,492,sub_line_text,table_text,table_0,opensans,regular,9.0,13hea_20211228_164043_4738734965_600_800.png,/scratch/parceirosbr/bigoilict/share/BigOil/document_generator/datasets/documents_2021_12_28/13hea_20211228_164043_4738734965_600_800.png,13hea_20211228_164043_4738734965_600_800_mask.png,3567.7155
20,6,40,12,353,495,393,507,353,495,393,495,393,507,353,507,text,table_text,table_0,opensans,regular,9.0,13hea_20211228_164043_4738734965_600_800.png,/scratch/parceirosbr/bigoilict/share/BigOil/document_generator/datasets/documents_2021_12_28/13hea_20211228_164043_4738734965_600_800.png,13hea_20211228_164043_4738734965_600_800_mask.png,2941.3398
20,6,40,12,353,495,393,507,353,495,393,495,393,507,353,507,sub_line_text,table_text,table_0,opensans,regular,9.0,13hea_20211228_164043_4738734965_600_800.png,/scratch/parceirosbr/bigoilict/share/BigOil/document_generator/datasets/documents_2021_12_28/13hea_20211228_164043_4738734965_600_800.png,13hea_20211228_164043_4738734965_600_800_mask.png,2941.3398
17,6,35,12,358,509,393,521,358,509,393,509,393,521,358,521,text,table_text,table_0,opensans,regular,9.0,13hea_20211228_164043_4738734965_600_800.png,/scratch/parceirosbr/bigoilict/share/BigOil/document_generator/datasets/documents_2021_12_28/13hea_20211228_164043_4738734965_600_800.png,13hea_20211228_164043_4738734965_600_800_mask.png,695.9282
17,6,35,12,358,509,393,521,358,509,393,509,393,521,358,521,sub_line_text,table_text,table_0,opensans,regular,9.0,13hea_20211228_164043_4738734965_600_800.png,/scratch/parceirosbr/bigoilict/share/BigOil/document_generator/datasets/documents_2021_12_28/13hea_20211228_164043_4738734965_600_800.png,13hea_20211228_164043_4738734965_600_800_mask.png,695.9282
17,6,35,12,358,523,393,535,358,523,393,523,393,535,358,535,text,table_text,table_0,opensans,regular,9.0,13hea_20211228_164043_4738734965_600_800.png,/scratch/parceirosbr/bigoilict/share/BigOil/document_generator/datasets/documents_2021_12_28/13hea_20211228_164043_4738734965_600_800.png,13hea_20211228_164043_4738734965_600_800_mask.png,853.2622
17,6,35,12,358,523,393,535,358,523,393,523,393,535,358,535,sub_line_text,table_text,table_0,opensans,regular,9.0,13hea_20211228_164043_4738734965_600_800.png,/scratch/parceirosbr/bigoilict/share/BigOil/document_generator/datasets/documents_2021_12_28/13hea_20211228_164043_4738734965_600_800.png,13hea_20211228_164043_4738734965_600_800_mask.png,853.2622
22,6,45,12,348,538,393,550,348,538,392,538,393,550,349,550,text,table_text,table_0,opensans,regular,9.0,13hea_20211228_164043_4738734965_600_800.png,/scratch/parceirosbr/bigoilict/share/BigOil/document_generator/datasets/documents_2021_12_28/13hea_20211228_164043_4738734965_600_800.png,13hea_20211228_164043_4738734965_600_800_mask.png,95791.2930
22,6,45,12,348,538,393,550,348,538,392,538,393,550,349,550,sub_line_text,table_text,table_0,opensans,regular,9.0,13hea_20211228_164043_4738734965_600_800.png,/scratch/parceirosbr/bigoilict/share/BigOil/document_generator/datasets/documents_2021_12_28/13hea_20211228_164043_4738734965_600_800.png,13hea_20211228_164043_4738734965_600_800_mask.png,95791.2930
22,6,44,12,349,552,393,564,349,552,393,552,393,564,349,564,text,table_text,table_0,opensans,regular,9.0,13hea_20211228_164043_4738734965_600_800.png,/scratch/parceirosbr/bigoilict/share/BigOil/document_generator/datasets/documents_2021_12_28/13hea_20211228_164043_4738734965_600_800.png,13hea_20211228_164043_4738734965_600_800_mask.png,46698.0536
22,6,44,12,349,552,393,564,349,552,393,552,393,564,349,564,sub_line_text,table_text,table_0,opensans,regular,9.0,13hea_20211228_164043_4738734965_600_800.png,/scratch/parceirosbr/bigoilict/share/BigOil/document_generator/datasets/documents_2021_12_28/13hea_20211228_164043_4738734965_600_800.png,13hea_20211228_164043_4738734965_600_800_mask.png,46698.0536
17,6,35,12,359,566,394,578,359,566,394,566,394,578,359,578,text,table_text,table_0,opensans,regular,9.0,13hea_20211228_164043_4738734965_600_800.png,/scratch/parceirosbr/bigoilict/share/BigOil/document_generator/datasets/documents_2021_12_28/13hea_20211228_164043_4738734965_600_800.png,13hea_20211228_164043_4738734965_600_800_mask.png,805.7574
17,6,35,12,359,566,394,578,359,566,394,566,394,578,359,578,sub_line_text,table_text,table_0,opensans,regular,9.0,13hea_20211228_164043_4738734965_600_800.png,/scratch/parceirosbr/bigoilict/share/BigOil/document_generator/datasets/documents_2021_12_28/13hea_20211228_164043_4738734965_600_800.png,13hea_20211228_164043_4738734965_600_800_mask.png,805.7574
20,6,40,12,354,581,394,593,354,581,394,581,394,593,354,593,text,table_text,table_0,opensans,regular,9.0,13hea_20211228_164043_4738734965_600_800.png,/scratch/parceirosbr/bigoilict/share/BigOil/document_generator/datasets/documents_2021_12_28/13hea_20211228_164043_4738734965_600_800.png,13hea_20211228_164043_4738734965_600_800_mask.png,2037.0759
20,6,40,12,354,581,394,593,354,581,394,581,394,593,354,593,sub_line_text,table_text,table_0,opensans,regular,9.0,13hea_20211228_164043_4738734965_600_800.png,/scratch/parceirosbr/bigoilict/share/BigOil/document_generator/datasets/documents_2021_12_28/13hea_20211228_164043_4738734965_600_800.png,13hea_20211228_164043_4738734965_600_800_mask.png,2037.0759
20,6,40,12,354,595,394,607,354,595,394,595,394,607,354,607,text,table_text,table_0,opensans,regular,9.0,13hea_20211228_164043_4738734965_600_800.png,/scratch/parceirosbr/bigoilict/share/BigOil/document_generator/datasets/documents_2021_12_28/13hea_20211228_164043_4738734965_600_800.png,13hea_20211228_164043_4738734965_600_800_mask.png,4235.4578
20,6,40,12,354,595,394,607,354,595,394,595,394,607,354,607,sub_line_text,table_text,table_0,opensans,regular,9.0,13hea_20211228_164043_4738734965_600_800.png,/scratch/parceirosbr/bigoilict/share/BigOil/document_generator/datasets/documents_2021_12_28/13hea_20211228_164043_4738734965_600_800.png,13hea_20211228_164043_4738734965_600_800_mask.png,4235.4578
17,6,35,12,359,609,394,621,359,609,394,609,394,621,359,621,text,table_text,table_0,opensans,regular,9.0,13hea_20211228_164043_4738734965_600_800.png,/scratch/parceirosbr/bigoilict/share/BigOil/document_generator/datasets/documents_2021_12_28/13hea_20211228_164043_4738734965_600_800.png,13hea_20211228_164043_4738734965_600_800_mask.png,953.5272
17,6,35,12,359,609,394,621,359,609,394,609,394,621,359,621,sub_line_text,table_text,table_0,opensans,regular,9.0,13hea_20211228_164043_4738734965_600_800.png,/scratch/parceirosbr/bigoilict/share/BigOil/document_generator/datasets/documents_2021_12_28/13hea_20211228_164043_4738734965_600_800.png,13hea_20211228_164043_4738734965_600_800_mask.png,953.5272
22,6,44,12,349,623,393,635,349,623,393,623,393,635,349,635,text,table_text,table_0,opensans,regular,9.0,13hea_20211228_164043_4738734965_600_800.png,/scratch/parceirosbr/bigoilict/share/BigOil/document_generator/datasets/documents_2021_12_28/13hea_20211228_164043_4738734965_600_800.png,13hea_20211228_164043_4738734965_600_800_mask.png,56307.9196
22,6,44,12,349,623,393,635,349,623,393,623,393,635,349,635,sub_line_text,table_text,table_0,opensans,regular,9.0,13hea_20211228_164043_4738734965_600_800.png,/scratch/parceirosbr/bigoilict/share/BigOil/document_generator/datasets/documents_2021_12_28/13hea_20211228_164043_4738734965_600_800.png,13hea_20211228_164043_4738734965_600_800_mask.png,56307.9196
6,6,12,12,450,436,462,448,450,436,462,436,462,448,450,448,text,table_text,table_0,opensans,regular,9.0,13hea_20211228_164043_4738734965_600_800.png,/scratch/parceirosbr/bigoilict/share/BigOil/document_generator/datasets/documents_2021_12_28/13hea_20211228_164043_4738734965_600_800.png,13hea_20211228_164043_4738734965_600_800_mask.png,ser
6,6,12,12,450,436,462,448,450,436,462,436,462,448,450,448,sub_line_text,table_text,table_0,opensans,regular,9.0,13hea_20211228_164043_4738734965_600_800.png,/scratch/parceirosbr/bigoilict/share/BigOil/document_generator/datasets/documents_2021_12_28/13hea_20211228_164043_4738734965_600_800.png,13hea_20211228_164043_4738734965_600_800_mask.png,ser
8,6,16,12,447,451,463,463,447,451,463,451,463,463,447,463,text,table_text,table_0,opensans,regular,9.0,13hea_20211228_164043_4738734965_600_800.png,/scratch/parceirosbr/bigoilict/share/BigOil/document_generator/datasets/documents_2021_12_28/13hea_20211228_164043_4738734965_600_800.png,13hea_20211228_164043_4738734965_600_800_mask.png,89.4
8,6,16,12,447,451,463,463,447,451,463,451,463,463,447,463,sub_line_text,table_text,table_0,opensans,regular,9.0,13hea_20211228_164043_4738734965_600_800.png,/scratch/parceirosbr/bigoilict/share/BigOil/document_generator/datasets/documents_2021_12_28/13hea_20211228_164043_4738734965_600_800.png,13hea_20211228_164043_4738734965_600_800_mask.png,89.4
10,6,20,12,442,465,462,477,442,465,462,465,462,477,442,477,text,table_text,table_0,opensans,regular,9.0,13hea_20211228_164043_4738734965_600_800.png,/scratch/parceirosbr/bigoilict/share/BigOil/document_generator/datasets/documents_2021_12_28/13hea_20211228_164043_4738734965_600_800.png,13hea_20211228_164043_4738734965_600_800_mask.png,584.8
10,6,20,12,442,465,462,477,442,465,462,465,462,477,442,477,sub_line_text,table_text,table_0,opensans,regular,9.0,13hea_20211228_164043_4738734965_600_800.png,/scratch/parceirosbr/bigoilict/share/BigOil/document_generator/datasets/documents_2021_12_28/13hea_20211228_164043_4738734965_600_800.png,13hea_20211228_164043_4738734965_600_800_mask.png,584.8
10,6,20,12,442,479,462,491,442,479,462,479,462,491,442,491,text,table_text,table_0,opensans,regular,9.0,13hea_20211228_164043_4738734965_600_800.png,/scratch/parceirosbr/bigoilict/share/BigOil/document_generator/datasets/documents_2021_12_28/13hea_20211228_164043_4738734965_600_800.png,13hea_20211228_164043_4738734965_600_800_mask.png,776.3
10,6,20,12,442,479,462,491,442,479,462,479,462,491,442,491,sub_line_text,table_text,table_0,opensans,regular,9.0,13hea_20211228_164043_4738734965_600_800.png,/scratch/parceirosbr/bigoilict/share/BigOil/document_generator/datasets/documents_2021_12_28/13hea_20211228_164043_4738734965_600_800.png,13hea_20211228_164043_4738734965_600_800_mask.png,776.3
5,6,11,12,451,494,462,506,451,494,462,494,462,506,451,506,text,table_text,table_0,opensans,regular,9.0,13hea_20211228_164043_4738734965_600_800.png,/scratch/parceirosbr/bigoilict/share/BigOil/document_generator/datasets/documents_2021_12_28/13hea_20211228_164043_4738734965_600_800.png,13hea_20211228_164043_4738734965_600_800_mask.png,1.4
5,6,11,12,451,494,462,506,451,494,462,494,462,506,451,506,sub_line_text,table_text,table_0,opensans,regular,9.0,13hea_20211228_164043_4738734965_600_800.png,/scratch/parceirosbr/bigoilict/share/BigOil/document_generator/datasets/documents_2021_12_28/13hea_20211228_164043_4738734965_600_800.png,13hea_20211228_164043_4738734965_600_800_mask.png,1.4
10,6,20,12,442,508,462,520,442,508,462,508,462,520,442,520,text,table_text,table_0,opensans,regular,9.0,13hea_20211228_164043_4738734965_600_800.png,/scratch/parceirosbr/bigoilict/share/BigOil/document_generator/datasets/documents_2021_12_28/13hea_20211228_164043_4738734965_600_800.png,13hea_20211228_164043_4738734965_600_800_mask.png,190.3
10,6,20,12,442,508,462,520,442,508,462,508,462,520,442,520,sub_line_text,table_text,table_0,opensans,regular,9.0,13hea_20211228_164043_4738734965_600_800.png,/scratch/parceirosbr/bigoilict/share/BigOil/document_generator/datasets/documents_2021_12_28/13hea_20211228_164043_4738734965_600_800.png,13hea_20211228_164043_4738734965_600_800_mask.png,190.3
5,6,11,12,451,522,462,534,451,522,462,522,462,534,451,534,text,table_text,table_0,opensans,regular,9.0,13hea_20211228_164043_4738734965_600_800.png,/scratch/parceirosbr/bigoilict/share/BigOil/document_generator/datasets/documents_2021_12_28/13hea_20211228_164043_4738734965_600_800.png,13hea_20211228_164043_4738734965_600_800_mask.png,2.5
5,6,11,12,451,522,462,534,451,522,462,522,462,534,451,534,sub_line_text,table_text,table_0,opensans,regular,9.0,13hea_20211228_164043_4738734965_600_800.png,/scratch/parceirosbr/bigoilict/share/BigOil/document_generator/datasets/documents_2021_12_28/13hea_20211228_164043_4738734965_600_800.png,13hea_20211228_164043_4738734965_600_800_mask.png,2.5
10,6,21,12,442,537,463,549,442,537,462,537,463,549,443,549,text,table_text,table_0,opensans,regular,9.0,13hea_20211228_164043_4738734965_600_800.png,/scratch/parceirosbr/bigoilict/share/BigOil/document_generator/datasets/documents_2021_12_28/13hea_20211228_164043_4738734965_600_800.png,13hea_20211228_164043_4738734965_600_800_mask.png,302.6
10,6,21,12,442,537,463,549,442,537,462,537,463,549,443,549,sub_line_text,table_text,table_0,opensans,regular,9.0,13hea_20211228_164043_4738734965_600_800.png,/scratch/parceirosbr/bigoilict/share/BigOil/document_generator/datasets/documents_2021_12_28/13hea_20211228_164043_4738734965_600_800.png,13hea_20211228_164043_4738734965_600_800_mask.png,302.6
10,6,20,12,443,551,463,563,443,551,463,551,463,563,443,563,text,table_text,table_0,opensans,regular,9.0,13hea_20211228_164043_4738734965_600_800.png,/scratch/parceirosbr/bigoilict/share/BigOil/document_generator/datasets/documents_2021_12_28/13hea_20211228_164043_4738734965_600_800.png,13hea_20211228_164043_4738734965_600_800_mask.png,509.1
10,6,20,12,443,551,463,563,443,551,463,551,463,563,443,563,sub_line_text,table_text,table_0,opensans,regular,9.0,13hea_20211228_164043_4738734965_600_800.png,/scratch/parceirosbr/bigoilict/share/BigOil/document_generator/datasets/documents_2021_12_28/13hea_20211228_164043_4738734965_600_800.png,13hea_20211228_164043_4738734965_600_800_mask.png,509.1
5,6,11,12,452,565,463,577,452,565,463,565,463,577,452,577,text,table_text,table_0,opensans,regular,9.0,13hea_20211228_164043_4738734965_600_800.png,/scratch/parceirosbr/bigoilict/share/BigOil/document_generator/datasets/documents_2021_12_28/13hea_20211228_164043_4738734965_600_800.png,13hea_20211228_164043_4738734965_600_800_mask.png,5.4
5,6,11,12,452,565,463,577,452,565,463,565,463,577,452,577,sub_line_text,table_text,table_0,opensans,regular,9.0,13hea_20211228_164043_4738734965_600_800.png,/scratch/parceirosbr/bigoilict/share/BigOil/document_generator/datasets/documents_2021_12_28/13hea_20211228_164043_4738734965_600_800.png,13hea_20211228_164043_4738734965_600_800_mask.png,5.4
8,6,16,12,448,580,464,592,448,580,464,580,464,592,448,592,text,table_text,table_0,opensans,regular,9.0,13hea_20211228_164043_4738734965_600_800.png,/scratch/parceirosbr/bigoilict/share/BigOil/document_generator/datasets/documents_2021_12_28/13hea_20211228_164043_4738734965_600_800.png,13hea_20211228_164043_4738734965_600_800_mask.png,79.5
8,6,16,12,448,580,464,592,448,580,464,580,464,592,448,592,sub_line_text,table_text,table_0,opensans,regular,9.0,13hea_20211228_164043_4738734965_600_800.png,/scratch/parceirosbr/bigoilict/share/BigOil/document_generator/datasets/documents_2021_12_28/13hea_20211228_164043_4738734965_600_800.png,13hea_20211228_164043_4738734965_600_800_mask.png,79.5
5,6,11,12,452,594,463,606,452,594,463,594,463,606,452,606,text,table_text,table_0,opensans,regular,9.0,13hea_20211228_164043_4738734965_600_800.png,/scratch/parceirosbr/bigoilict/share/BigOil/document_generator/datasets/documents_2021_12_28/13hea_20211228_164043_4738734965_600_800.png,13hea_20211228_164043_4738734965_600_800_mask.png,8.6
5,6,11,12,452,594,463,606,452,594,463,594,463,606,452,606,sub_line_text,table_text,table_0,opensans,regular,9.0,13hea_20211228_164043_4738734965_600_800.png,/scratch/parceirosbr/bigoilict/share/BigOil/document_generator/datasets/documents_2021_12_28/13hea_20211228_164043_4738734965_600_800.png,13hea_20211228_164043_4738734965_600_800_mask.png,8.6
5,6,11,12,452,608,463,620,452,608,463,608,463,620,452,620,text,table_text,table_0,opensans,regular,9.0,13hea_20211228_164043_4738734965_600_800.png,/scratch/parceirosbr/bigoilict/share/BigOil/document_generator/datasets/documents_2021_12_28/13hea_20211228_164043_4738734965_600_800.png,13hea_20211228_164043_4738734965_600_800_mask.png,4.9
5,6,11,12,452,608,463,620,452,608,463,608,463,620,452,620,sub_line_text,table_text,table_0,opensans,regular,9.0,13hea_20211228_164043_4738734965_600_800.png,/scratch/parceirosbr/bigoilict/share/BigOil/document_generator/datasets/documents_2021_12_28/13hea_20211228_164043_4738734965_600_800.png,13hea_20211228_164043_4738734965_600_800_mask.png,4.9
8,6,16,12,448,622,464,634,448,622,464,622,464,634,448,634,text,table_text,table_0,opensans,regular,9.0,13hea_20211228_164043_4738734965_600_800.png,/scratch/parceirosbr/bigoilict/share/BigOil/document_generator/datasets/documents_2021_12_28/13hea_20211228_164043_4738734965_600_800.png,13hea_20211228_164043_4738734965_600_800_mask.png,10.1
8,6,16,12,448,622,464,634,448,622,464,622,464,634,448,634,sub_line_text,table_text,table_0,opensans,regular,9.0,13hea_20211228_164043_4738734965_600_800.png,/scratch/parceirosbr/bigoilict/share/BigOil/document_generator/datasets/documents_2021_12_28/13hea_20211228_164043_4738734965_600_800.png,13hea_20211228_164043_4738734965_600_800_mask.png,10.1
16,6,33,12,493,436,526,448,493,436,526,436,526,448,493,448,text,table_text,table_0,opensans,regular,9.0,13hea_20211228_164043_4738734965_600_800.png,/scratch/parceirosbr/bigoilict/share/BigOil/document_generator/datasets/documents_2021_12_28/13hea_20211228_164043_4738734965_600_800.png,13hea_20211228_164043_4738734965_600_800_mask.png,partirde
16,6,33,12,493,436,526,448,493,436,526,436,526,448,493,448,sub_line_text,table_text,table_0,opensans,regular,9.0,13hea_20211228_164043_4738734965_600_800.png,/scratch/parceirosbr/bigoilict/share/BigOil/document_generator/datasets/documents_2021_12_28/13hea_20211228_164043_4738734965_600_800.png,13hea_20211228_164043_4738734965_600_800_mask.png,partirde
22,6,44,12,482,451,526,463,482,451,526,451,526,463,482,463,text,table_text,table_0,opensans,regular,9.0,13hea_20211228_164043_4738734965_600_800.png,/scratch/parceirosbr/bigoilict/share/BigOil/document_generator/datasets/documents_2021_12_28/13hea_20211228_164043_4738734965_600_800.png,13hea_20211228_164043_4738734965_600_800_mask.png,65961898.9
22,6,44,12,482,451,526,463,482,451,526,451,526,463,482,463,sub_line_text,table_text,table_0,opensans,regular,9.0,13hea_20211228_164043_4738734965_600_800.png,/scratch/parceirosbr/bigoilict/share/BigOil/document_generator/datasets/documents_2021_12_28/13hea_20211228_164043_4738734965_600_800.png,13hea_20211228_164043_4738734965_600_800_mask.png,65961898.9
24,6,49,12,477,465,526,477,477,465,526,465,526,477,477,477,text,table_text,table_0,opensans,regular,9.0,13hea_20211228_164043_4738734965_600_800.png,/scratch/parceirosbr/bigoilict/share/BigOil/document_generator/datasets/documents_2021_12_28/13hea_20211228_164043_4738734965_600_800.png,13hea_20211228_164043_4738734965_600_800_mask.png,310700085.8
24,6,49,12,477,465,526,477,477,465,526,465,526,477,477,477,sub_line_text,table_text,table_0,opensans,regular,9.0,13hea_20211228_164043_4738734965_600_800.png,/scratch/parceirosbr/bigoilict/share/BigOil/document_generator/datasets/documents_2021_12_28/13hea_20211228_164043_4738734965_600_800.png,13hea_20211228_164043_4738734965_600_800_mask.png,310700085.8
22,6,44,12,482,479,526,491,482,479,526,479,526,491,482,491,text,table_text,table_0,opensans,regular,9.0,13hea_20211228_164043_4738734965_600_800.png,/scratch/parceirosbr/bigoilict/share/BigOil/document_generator/datasets/documents_2021_12_28/13hea_20211228_164043_4738734965_600_800.png,13hea_20211228_164043_4738734965_600_800_mask.png,57613460.9
22,6,44,12,482,479,526,491,482,479,526,479,526,491,482,491,sub_line_text,table_text,table_0,opensans,regular,9.0,13hea_20211228_164043_4738734965_600_800.png,/scratch/parceirosbr/bigoilict/share/BigOil/document_generator/datasets/documents_2021_12_28/13hea_20211228_164043_4738734965_600_800.png,13hea_20211228_164043_4738734965_600_800_mask.png,57613460.9
20,6,40,12,487,494,527,506,487,494,527,494,527,506,487,506,text,table_text,table_0,opensans,regular,9.0,13hea_20211228_164043_4738734965_600_800.png,/scratch/parceirosbr/bigoilict/share/BigOil/document_generator/datasets/documents_2021_12_28/13hea_20211228_164043_4738734965_600_800.png,13hea_20211228_164043_4738734965_600_800_mask.png,3241913.9
20,6,40,12,487,494,527,506,487,494,527,494,527,506,487,506,sub_line_text,table_text,table_0,opensans,regular,9.0,13hea_20211228_164043_4738734965_600_800.png,/scratch/parceirosbr/bigoilict/share/BigOil/document_generator/datasets/documents_2021_12_28/13hea_20211228_164043_4738734965_600_800.png,13hea_20211228_164043_4738734965_600_800_mask.png,3241913.9
24,6,49,12,477,508,526,520,477,508,526,508,526,520,477,520,text,table_text,table_0,opensans,regular,9.0,13hea_20211228_164043_4738734965_600_800.png,/scratch/parceirosbr/bigoilict/share/BigOil/document_generator/datasets/documents_2021_12_28/13hea_20211228_164043_4738734965_600_800.png,13hea_20211228_164043_4738734965_600_800_mask.png,112253052.4
24,6,49,12,477,508,526,520,477,508,526,508,526,520,477,520,sub_line_text,table_text,table_0,opensans,regular,9.0,13hea_20211228_164043_4738734965_600_800.png,/scratch/parceirosbr/bigoilict/share/BigOil/document_generator/datasets/documents_2021_12_28/13hea_20211228_164043_4738734965_600_800.png,13hea_20211228_164043_4738734965_600_800_mask.png,112253052.4
22,6,44,12,482,522,526,534,482,522,526,522,526,534,482,534,text,table_text,table_0,opensans,regular,9.0,13hea_20211228_164043_4738734965_600_800.png,/scratch/parceirosbr/bigoilict/share/BigOil/document_generator/datasets/documents_2021_12_28/13hea_20211228_164043_4738734965_600_800.png,13hea_20211228_164043_4738734965_600_800_mask.png,26317307.1
22,6,44,12,482,522,526,534,482,522,526,522,526,534,482,534,sub_line_text,table_text,table_0,opensans,regular,9.0,13hea_20211228_164043_4738734965_600_800.png,/scratch/parceirosbr/bigoilict/share/BigOil/document_generator/datasets/documents_2021_12_28/13hea_20211228_164043_4738734965_600_800.png,13hea_20211228_164043_4738734965_600_800_mask.png,26317307.1
22,6,45,12,482,537,527,549,482,537,526,537,527,549,483,549,text,table_text,table_0,opensans,regular,9.0,13hea_20211228_164043_4738734965_600_800.png,/scratch/parceirosbr/bigoilict/share/BigOil/document_generator/datasets/documents_2021_12_28/13hea_20211228_164043_4738734965_600_800.png,13hea_20211228_164043_4738734965_600_800_mask.png,37395550.5
22,6,45,12,482,537,527,549,482,537,526,537,527,549,483,549,sub_line_text,table_text,table_0,opensans,regular,9.0,13hea_20211228_164043_4738734965_600_800.png,/scratch/parceirosbr/bigoilict/share/BigOil/document_generator/datasets/documents_2021_12_28/13hea_20211228_164043_4738734965_600_800.png,13hea_20211228_164043_4738734965_600_800_mask.png,37395550.5
24,6,49,12,478,551,527,563,478,551,527,551,527,563,478,563,text,table_text,table_0,opensans,regular,9.0,13hea_20211228_164043_4738734965_600_800.png,/scratch/parceirosbr/bigoilict/share/BigOil/document_generator/datasets/documents_2021_12_28/13hea_20211228_164043_4738734965_600_800.png,13hea_20211228_164043_4738734965_600_800_mask.png,539872800.9
24,6,49,12,478,551,527,563,478,551,527,551,527,563,478,563,sub_line_text,table_text,table_0,opensans,regular,9.0,13hea_20211228_164043_4738734965_600_800.png,/scratch/parceirosbr/bigoilict/share/BigOil/document_generator/datasets/documents_2021_12_28/13hea_20211228_164043_4738734965_600_800.png,13hea_20211228_164043_4738734965_600_800_mask.png,539872800.9
20,6,40,12,488,565,528,577,488,565,528,565,528,577,488,577,text,table_text,table_0,opensans,regular,9.0,13hea_20211228_164043_4738734965_600_800.png,/scratch/parceirosbr/bigoilict/share/BigOil/document_generator/datasets/documents_2021_12_28/13hea_20211228_164043_4738734965_600_800.png,13hea_20211228_164043_4738734965_600_800_mask.png,5396974.1
20,6,40,12,488,565,528,577,488,565,528,565,528,577,488,577,sub_line_text,table_text,table_0,opensans,regular,9.0,13hea_20211228_164043_4738734965_600_800.png,/scratch/parceirosbr/bigoilict/share/BigOil/document_generator/datasets/documents_2021_12_28/13hea_20211228_164043_4738734965_600_800.png,13hea_20211228_164043_4738734965_600_800_mask.png,5396974.1
24,6,49,12,478,580,527,592,478,580,527,580,527,592,478,592,text,table_text,table_0,opensans,regular,9.0,13hea_20211228_164043_4738734965_600_800.png,/scratch/parceirosbr/bigoilict/share/BigOil/document_generator/datasets/documents_2021_12_28/13hea_20211228_164043_4738734965_600_800.png,13hea_20211228_164043_4738734965_600_800_mask.png,720532579.6
24,6,49,12,478,580,527,592,478,580,527,580,527,592,478,592,sub_line_text,table_text,table_0,opensans,regular,9.0,13hea_20211228_164043_4738734965_600_800.png,/scratch/parceirosbr/bigoilict/share/BigOil/document_generator/datasets/documents_2021_12_28/13hea_20211228_164043_4738734965_600_800.png,13hea_20211228_164043_4738734965_600_800_mask.png,720532579.6
24,6,49,12,478,594,527,606,478,594,527,594,527,606,478,606,text,table_text,table_0,opensans,regular,9.0,13hea_20211228_164043_4738734965_600_800.png,/scratch/parceirosbr/bigoilict/share/BigOil/document_generator/datasets/documents_2021_12_28/13hea_20211228_164043_4738734965_600_800.png,13hea_20211228_164043_4738734965_600_800_mask.png,201755470.6
24,6,49,12,478,594,527,606,478,594,527,594,527,606,478,606,sub_line_text,table_text,table_0,opensans,regular,9.0,13hea_20211228_164043_4738734965_600_800.png,/scratch/parceirosbr/bigoilict/share/BigOil/document_generator/datasets/documents_2021_12_28/13hea_20211228_164043_4738734965_600_800.png,13hea_20211228_164043_4738734965_600_800_mask.png,201755470.6
20,6,40,12,488,608,528,620,488,608,528,608,528,620,488,620,text,table_text,table_0,opensans,regular,9.0,13hea_20211228_164043_4738734965_600_800.png,/scratch/parceirosbr/bigoilict/share/BigOil/document_generator/datasets/documents_2021_12_28/13hea_20211228_164043_4738734965_600_800.png,13hea_20211228_164043_4738734965_600_800_mask.png,7017582.9
20,6,40,12,488,608,528,620,488,608,528,608,528,620,488,620,sub_line_text,table_text,table_0,opensans,regular,9.0,13hea_20211228_164043_4738734965_600_800.png,/scratch/parceirosbr/bigoilict/share/BigOil/document_generator/datasets/documents_2021_12_28/13hea_20211228_164043_4738734965_600_800.png,13hea_20211228_164043_4738734965_600_800_mask.png,7017582.9
22,6,44,12,483,622,527,634,483,622,527,622,527,634,483,634,text,table_text,table_0,opensans,regular,9.0,13hea_20211228_164043_4738734965_600_800.png,/scratch/parceirosbr/bigoilict/share/BigOil/document_generator/datasets/documents_2021_12_28/13hea_20211228_164043_4738734965_600_800.png,13hea_20211228_164043_4738734965_600_800_mask.png,22312162.7
22,6,44,12,483,622,527,634,483,622,527,622,527,634,483,634,sub_line_text,table_text,table_0,opensans,regular,9.0,13hea_20211228_164043_4738734965_600_800.png,/scratch/parceirosbr/bigoilict/share/BigOil/document_generator/datasets/documents_2021_12_28/13hea_20211228_164043_4738734965_600_800.png,13hea_20211228_164043_4738734965_600_800_mask.png,22312162.7
82,6,165,12,51,433,216,445,51,434,216,433,216,444,51,445,sub_line_text,table_legend,table_0,times,bolditalic,8,13hea_20211228_164043_4738734965_600_800.png,/scratch/parceirosbr/bigoilict/share/BigOil/document_generator/datasets/documents_2021_12_28/13hea_20211228_164043_4738734965_600_800.png,13hea_20211228_164043_4738734965_600_800_mask.png,Tab.   117:      A   operação  da  coluna  foi  realiz-
82,6,165,12,51,451,216,463,51,452,216,451,216,462,51,463,sub_line_text,table_legend,table_0,times,bolditalic,8,13hea_20211228_164043_4738734965_600_800.png,/scratch/parceirosbr/bigoilict/share/BigOil/document_generator/datasets/documents_2021_12_28/13hea_20211228_164043_4738734965_600_800.png,13hea_20211228_164043_4738734965_600_800_mask.png,"ada   em   refluxo   total,   de   modo   a  se  atingir"
82,6,165,12,51,469,216,481,51,470,216,469,216,480,51,481,sub_line_text,table_legend,table_0,times,bolditalic,8,13hea_20211228_164043_4738734965_600_800.png,/scratch/parceirosbr/bigoilict/share/BigOil/document_generator/datasets/documents_2021_12_28/13hea_20211228_164043_4738734965_600_800.png,13hea_20211228_164043_4738734965_600_800_mask.png,a   estabilidade   do   processo   com   maior  facil-
82,6,164,12,51,487,215,499,51,488,215,487,215,498,51,499,sub_line_text,table_legend,table_0,times,bolditalic,8,13hea_20211228_164043_4738734965_600_800.png,/scratch/parceirosbr/bigoilict/share/BigOil/document_generator/datasets/documents_2021_12_28/13hea_20211228_164043_4738734965_600_800.png,13hea_20211228_164043_4738734965_600_800_mask.png,idade.   das   saídas   laterais   a  partir  do  uso  de
19,5,38,11,51,506,89,517,51,506,89,506,89,517,51,517,sub_line_text,table_legend,table_0,times,bolditalic,8,13hea_20211228_164043_4738734965_600_800.png,/scratch/parceirosbr/bigoilict/share/BigOil/document_generator/datasets/documents_2021_12_28/13hea_20211228_164043_4738734965_600_800.png,13hea_20211228_164043_4738734965_600_800_mask.png,uma bomba
83,42,166,84,50,433,216,517,50,434,215,433,216,516,51,517,text,table_legend,table_0,times,bolditalic,8,13hea_20211228_164043_4738734965_600_800.png,/scratch/parceirosbr/bigoilict/share/BigOil/document_generator/datasets/documents_2021_12_28/13hea_20211228_164043_4738734965_600_800.png,13hea_20211228_164043_4738734965_600_800_mask.png,nan
232,8,464,16,82,654,546,670,82,658,546,654,546,666,82,670,sub_line_text,text,text_0,times,regular,9,13hea_20211228_164043_4738734965_600_800.png,/scratch/parceirosbr/bigoilict/share/BigOil/document_generator/datasets/documents_2021_12_28/13hea_20211228_164043_4738734965_600_800.png,13hea_20211228_164043_4738734965_600_800_mask.png,"De  forma  geral,  no  projeto  de  uma  estrutura  offshore,  são  tanto  verificadas  as respostas proporcionadas pelos cham-"
247,8,495,16,52,674,547,690,52,678,546,674,547,686,53,690,sub_line_text,text,text_0,times,regular,9,13hea_20211228_164043_4738734965_600_800.png,/scratch/parceirosbr/bigoilict/share/BigOil/document_generator/datasets/documents_2021_12_28/13hea_20211228_164043_4738734965_600_800.png,13hea_20211228_164043_4738734965_600_800_mask.png,ados  carregamentos  ambientais  extremos  quanto  os  danos  estruturais de fadiga causados pela atuação dos diversos estados de
246,8,493,16,53,694,546,710,53,698,546,694,546,706,53,710,sub_line_text,text,text_0,times,regular,9,13hea_20211228_164043_4738734965_600_800.png,/scratch/parceirosbr/bigoilict/share/BigOil/document_generator/datasets/documents_2021_12_28/13hea_20211228_164043_4738734965_600_800.png,13hea_20211228_164043_4738734965_600_800_mask.png,"mar  do  longo  do  tempo.  De  forma  simplificada, tais ganhos podem ser traduzidos da seguinte maneira:. Por fim, a 4-12 mostra"
243,8,486,16,53,714,539,730,53,718,539,714,539,726,53,730,sub_line_text,text,text_0,times,regular,9,13hea_20211228_164043_4738734965_600_800.png,/scratch/parceirosbr/bigoilict/share/BigOil/document_generator/datasets/documents_2021_12_28/13hea_20211228_164043_4738734965_600_800.png,13hea_20211228_164043_4738734965_600_800_mask.png,"o final de um ciclo, com a exaustão dos gases. Prazos para encaminhamento dos termos de acesso: 90 dias após a assinatura dos."
247,38,495,76,52,654,547,730,52,658,546,654,547,726,53,730,text,text,text_0,times,regular,9,13hea_20211228_164043_4738734965_600_800.png,/scratch/parceirosbr/bigoilict/share/BigOil/document_generator/datasets/documents_2021_12_28/13hea_20211228_164043_4738734965_600_800.png,13hea_20211228_164043_4738734965_600_800_mask.png,nan
