center_x,center_y,width,height,xmin,ymin,xmax,ymax,top_left_x,top_left_y,top_right_x,top_right_y,bottom_right_x,bottom_right_y,bottom_left_x,bottom_left_y,label,grouplabel,group,text_font,text_style,size_font,filename,path,filename_mask,content
300,400,600,800,0,0,600,800,0,0,600,0,600,800,0,800,document,,,,,,13hea_20211228_164033_2727570695_600_800.png,/scratch/parceirosbr/bigoilict/share/BigOil/document_generator/datasets/documents_2021_12_28/13hea_20211228_164033_2727570695_600_800.png,13hea_20211228_164033_2727570695_600_800_mask.png,
238,2,476,4,59,104,535,108,59,104,535,105,535,108,59,107,line,line,line,,,,13hea_20211228_164033_2727570695_600_800.png,/scratch/parceirosbr/bigoilict/share/BigOil/document_generator/datasets/documents_2021_12_28/13hea_20211228_164033_2727570695_600_800.png,13hea_20211228_164033_2727570695_600_800_mask.png,nan
55,6,110,12,423,67,533,79,423,67,533,67,533,79,423,79,sub_line_text,header,header_1,raleway,regular,9,13hea_20211228_164033_2727570695_600_800.png,/scratch/parceirosbr/bigoilict/share/BigOil/document_generator/datasets/documents_2021_12_28/13hea_20211228_164033_2727570695_600_800.png,13hea_20211228_164033_2727570695_600_800_mask.png,"Nessa fase de transição, as"
55,6,110,12,423,67,533,79,423,67,533,67,533,79,423,79,text,header,header_1,raleway,regular,9,13hea_20211228_164033_2727570695_600_800.png,/scratch/parceirosbr/bigoilict/share/BigOil/document_generator/datasets/documents_2021_12_28/13hea_20211228_164033_2727570695_600_800.png,13hea_20211228_164033_2727570695_600_800_mask.png,nan
26,15,53,31,101,67,154,98,101,67,154,67,154,98,101,98,image,image,image,,,,13hea_20211228_164033_2727570695_600_800.png,/scratch/parceirosbr/bigoilict/share/BigOil/document_generator/datasets/documents_2021_12_28/13hea_20211228_164033_2727570695_600_800.png,13hea_20211228_164033_2727570695_600_800_mask.png,/scratch/parceirosbr/bigoilict/share/BigOil/document_generator/files_images_document_generator/logos\image_16.jpg
173,127,347,254,170,118,517,372,171,118,517,119,516,372,170,371,table,table_image,table_0,,,,13hea_20211228_164033_2727570695_600_800.png,/scratch/parceirosbr/bigoilict/share/BigOil/document_generator/datasets/documents_2021_12_28/13hea_20211228_164033_2727570695_600_800.png,13hea_20211228_164033_2727570695_600_800_mask.png,output/gen_tab_20211228_164033_3289777576.png
12,5,25,11,248,122,273,133,248,122,273,122,273,133,248,133,text,table_text,table_0,raleway,italic,9.0,13hea_20211228_164033_2727570695_600_800.png,/scratch/parceirosbr/bigoilict/share/BigOil/document_generator/datasets/documents_2021_12_28/13hea_20211228_164033_2727570695_600_800.png,13hea_20211228_164033_2727570695_600_800_mask.png,fatode
12,5,25,11,248,122,273,133,248,122,273,122,273,133,248,133,sub_line_text,table_text,table_0,raleway,italic,9.0,13hea_20211228_164033_2727570695_600_800.png,/scratch/parceirosbr/bigoilict/share/BigOil/document_generator/datasets/documents_2021_12_28/13hea_20211228_164033_2727570695_600_800.png,13hea_20211228_164033_2727570695_600_800_mask.png,fatode
22,5,45,11,229,136,274,147,229,136,274,136,274,147,229,147,text,table_text,table_0,raleway,bold,9.0,13hea_20211228_164033_2727570695_600_800.png,/scratch/parceirosbr/bigoilict/share/BigOil/document_generator/datasets/documents_2021_12_28/13hea_20211228_164033_2727570695_600_800.png,13hea_20211228_164033_2727570695_600_800_mask.png,1991870.68
22,5,45,11,229,136,274,147,229,136,274,136,274,147,229,147,sub_line_text,table_text,table_0,raleway,bold,9.0,13hea_20211228_164033_2727570695_600_800.png,/scratch/parceirosbr/bigoilict/share/BigOil/document_generator/datasets/documents_2021_12_28/13hea_20211228_164033_2727570695_600_800.png,13hea_20211228_164033_2727570695_600_800_mask.png,1991870.68
17,5,35,11,239,149,274,160,239,149,274,149,274,160,239,160,text,table_text,table_0,raleway,bold,9.0,13hea_20211228_164033_2727570695_600_800.png,/scratch/parceirosbr/bigoilict/share/BigOil/document_generator/datasets/documents_2021_12_28/13hea_20211228_164033_2727570695_600_800.png,13hea_20211228_164033_2727570695_600_800_mask.png,21289.03
17,5,35,11,239,149,274,160,239,149,274,149,274,160,239,160,sub_line_text,table_text,table_0,raleway,bold,9.0,13hea_20211228_164033_2727570695_600_800.png,/scratch/parceirosbr/bigoilict/share/BigOil/document_generator/datasets/documents_2021_12_28/13hea_20211228_164033_2727570695_600_800.png,13hea_20211228_164033_2727570695_600_800_mask.png,21289.03
24,5,49,11,225,163,274,174,225,163,274,163,274,174,225,174,text,table_text,table_0,raleway,bold,9.0,13hea_20211228_164033_2727570695_600_800.png,/scratch/parceirosbr/bigoilict/share/BigOil/document_generator/datasets/documents_2021_12_28/13hea_20211228_164033_2727570695_600_800.png,13hea_20211228_164033_2727570695_600_800_mask.png,81859669.17
24,5,49,11,225,163,274,174,225,163,274,163,274,174,225,174,sub_line_text,table_text,table_0,raleway,bold,9.0,13hea_20211228_164033_2727570695_600_800.png,/scratch/parceirosbr/bigoilict/share/BigOil/document_generator/datasets/documents_2021_12_28/13hea_20211228_164033_2727570695_600_800.png,13hea_20211228_164033_2727570695_600_800_mask.png,81859669.17
25,5,50,11,223,176,273,187,223,176,273,176,273,187,223,187,text,table_text,table_0,raleway,bold,9.0,13hea_20211228_164033_2727570695_600_800.png,/scratch/parceirosbr/bigoilict/share/BigOil/document_generator/datasets/documents_2021_12_28/13hea_20211228_164033_2727570695_600_800.png,13hea_20211228_164033_2727570695_600_800_mask.png,37559564.78
25,5,50,11,223,176,273,187,223,176,273,176,273,187,223,187,sub_line_text,table_text,table_0,raleway,bold,9.0,13hea_20211228_164033_2727570695_600_800.png,/scratch/parceirosbr/bigoilict/share/BigOil/document_generator/datasets/documents_2021_12_28/13hea_20211228_164033_2727570695_600_800.png,13hea_20211228_164033_2727570695_600_800_mask.png,37559564.78
23,5,46,11,228,190,274,201,228,190,274,190,274,201,228,201,text,table_text,table_0,raleway,bold,9.0,13hea_20211228_164033_2727570695_600_800.png,/scratch/parceirosbr/bigoilict/share/BigOil/document_generator/datasets/documents_2021_12_28/13hea_20211228_164033_2727570695_600_800.png,13hea_20211228_164033_2727570695_600_800_mask.png,6078237.74
23,5,46,11,228,190,274,201,228,190,274,190,274,201,228,201,sub_line_text,table_text,table_0,raleway,bold,9.0,13hea_20211228_164033_2727570695_600_800.png,/scratch/parceirosbr/bigoilict/share/BigOil/document_generator/datasets/documents_2021_12_28/13hea_20211228_164033_2727570695_600_800.png,13hea_20211228_164033_2727570695_600_800_mask.png,6078237.74
24,5,48,11,226,203,274,214,226,203,274,203,274,214,226,214,text,table_text,table_0,raleway,bold,9.0,13hea_20211228_164033_2727570695_600_800.png,/scratch/parceirosbr/bigoilict/share/BigOil/document_generator/datasets/documents_2021_12_28/13hea_20211228_164033_2727570695_600_800.png,13hea_20211228_164033_2727570695_600_800_mask.png,42723913.13
24,5,48,11,226,203,274,214,226,203,274,203,274,214,226,214,sub_line_text,table_text,table_0,raleway,bold,9.0,13hea_20211228_164033_2727570695_600_800.png,/scratch/parceirosbr/bigoilict/share/BigOil/document_generator/datasets/documents_2021_12_28/13hea_20211228_164033_2727570695_600_800.png,13hea_20211228_164033_2727570695_600_800_mask.png,42723913.13
17,5,34,11,240,217,274,228,240,217,274,217,274,228,240,228,text,table_text,table_0,raleway,bold,9.0,13hea_20211228_164033_2727570695_600_800.png,/scratch/parceirosbr/bigoilict/share/BigOil/document_generator/datasets/documents_2021_12_28/13hea_20211228_164033_2727570695_600_800.png,13hea_20211228_164033_2727570695_600_800_mask.png,77158.93
17,5,34,11,240,217,274,228,240,217,274,217,274,228,240,228,sub_line_text,table_text,table_0,raleway,bold,9.0,13hea_20211228_164033_2727570695_600_800.png,/scratch/parceirosbr/bigoilict/share/BigOil/document_generator/datasets/documents_2021_12_28/13hea_20211228_164033_2727570695_600_800.png,13hea_20211228_164033_2727570695_600_800_mask.png,77158.93
23,5,46,11,228,230,274,241,228,230,274,230,274,241,228,241,text,table_text,table_0,raleway,bold,9.0,13hea_20211228_164033_2727570695_600_800.png,/scratch/parceirosbr/bigoilict/share/BigOil/document_generator/datasets/documents_2021_12_28/13hea_20211228_164033_2727570695_600_800.png,13hea_20211228_164033_2727570695_600_800_mask.png,3027659.65
23,5,46,11,228,230,274,241,228,230,274,230,274,241,228,241,sub_line_text,table_text,table_0,raleway,bold,9.0,13hea_20211228_164033_2727570695_600_800.png,/scratch/parceirosbr/bigoilict/share/BigOil/document_generator/datasets/documents_2021_12_28/13hea_20211228_164033_2727570695_600_800.png,13hea_20211228_164033_2727570695_600_800_mask.png,3027659.65
23,5,46,11,228,244,274,255,228,244,274,244,274,255,228,255,text,table_text,table_0,raleway,bold,9.0,13hea_20211228_164033_2727570695_600_800.png,/scratch/parceirosbr/bigoilict/share/BigOil/document_generator/datasets/documents_2021_12_28/13hea_20211228_164033_2727570695_600_800.png,13hea_20211228_164033_2727570695_600_800_mask.png,2698728.56
23,5,46,11,228,244,274,255,228,244,274,244,274,255,228,255,sub_line_text,table_text,table_0,raleway,bold,9.0,13hea_20211228_164033_2727570695_600_800.png,/scratch/parceirosbr/bigoilict/share/BigOil/document_generator/datasets/documents_2021_12_28/13hea_20211228_164033_2727570695_600_800.png,13hea_20211228_164033_2727570695_600_800_mask.png,2698728.56
21,5,42,11,232,257,274,268,232,257,274,257,274,268,232,268,text,table_text,table_0,raleway,bold,9.0,13hea_20211228_164033_2727570695_600_800.png,/scratch/parceirosbr/bigoilict/share/BigOil/document_generator/datasets/documents_2021_12_28/13hea_20211228_164033_2727570695_600_800.png,13hea_20211228_164033_2727570695_600_800_mask.png,938403.76
21,5,42,11,232,257,274,268,232,257,274,257,274,268,232,268,sub_line_text,table_text,table_0,raleway,bold,9.0,13hea_20211228_164033_2727570695_600_800.png,/scratch/parceirosbr/bigoilict/share/BigOil/document_generator/datasets/documents_2021_12_28/13hea_20211228_164033_2727570695_600_800.png,13hea_20211228_164033_2727570695_600_800_mask.png,938403.76
22,5,45,11,229,270,274,281,229,270,274,270,274,281,229,281,text,table_text,table_0,raleway,bold,9.0,13hea_20211228_164033_2727570695_600_800.png,/scratch/parceirosbr/bigoilict/share/BigOil/document_generator/datasets/documents_2021_12_28/13hea_20211228_164033_2727570695_600_800.png,13hea_20211228_164033_2727570695_600_800_mask.png,7368936.84
22,5,45,11,229,270,274,281,229,270,274,270,274,281,229,281,sub_line_text,table_text,table_0,raleway,bold,9.0,13hea_20211228_164033_2727570695_600_800.png,/scratch/parceirosbr/bigoilict/share/BigOil/document_generator/datasets/documents_2021_12_28/13hea_20211228_164033_2727570695_600_800.png,13hea_20211228_164033_2727570695_600_800_mask.png,7368936.84
22,5,44,11,230,284,274,295,230,284,274,284,274,295,230,295,text,table_text,table_0,raleway,bold,9.0,13hea_20211228_164033_2727570695_600_800.png,/scratch/parceirosbr/bigoilict/share/BigOil/document_generator/datasets/documents_2021_12_28/13hea_20211228_164033_2727570695_600_800.png,13hea_20211228_164033_2727570695_600_800_mask.png,8958218.84
22,5,44,11,230,284,274,295,230,284,274,284,274,295,230,295,sub_line_text,table_text,table_0,raleway,bold,9.0,13hea_20211228_164033_2727570695_600_800.png,/scratch/parceirosbr/bigoilict/share/BigOil/document_generator/datasets/documents_2021_12_28/13hea_20211228_164033_2727570695_600_800.png,13hea_20211228_164033_2727570695_600_800_mask.png,8958218.84
22,5,45,11,229,297,274,308,229,297,274,297,274,308,229,308,text,table_text,table_0,raleway,bold,9.0,13hea_20211228_164033_2727570695_600_800.png,/scratch/parceirosbr/bigoilict/share/BigOil/document_generator/datasets/documents_2021_12_28/13hea_20211228_164033_2727570695_600_800.png,13hea_20211228_164033_2727570695_600_800_mask.png,6310641.40
22,5,45,11,229,297,274,308,229,297,274,297,274,308,229,308,sub_line_text,table_text,table_0,raleway,bold,9.0,13hea_20211228_164033_2727570695_600_800.png,/scratch/parceirosbr/bigoilict/share/BigOil/document_generator/datasets/documents_2021_12_28/13hea_20211228_164033_2727570695_600_800.png,13hea_20211228_164033_2727570695_600_800_mask.png,6310641.40
24,5,49,11,225,311,274,322,225,311,274,311,274,322,225,322,text,table_text,table_0,raleway,bold,9.0,13hea_20211228_164033_2727570695_600_800.png,/scratch/parceirosbr/bigoilict/share/BigOil/document_generator/datasets/documents_2021_12_28/13hea_20211228_164033_2727570695_600_800.png,13hea_20211228_164033_2727570695_600_800_mask.png,52495661.79
24,5,49,11,225,311,274,322,225,311,274,311,274,322,225,322,sub_line_text,table_text,table_0,raleway,bold,9.0,13hea_20211228_164033_2727570695_600_800.png,/scratch/parceirosbr/bigoilict/share/BigOil/document_generator/datasets/documents_2021_12_28/13hea_20211228_164033_2727570695_600_800.png,13hea_20211228_164033_2727570695_600_800_mask.png,52495661.79
24,5,49,11,225,324,274,335,225,324,274,324,274,335,225,335,text,table_text,table_0,raleway,bold,9.0,13hea_20211228_164033_2727570695_600_800.png,/scratch/parceirosbr/bigoilict/share/BigOil/document_generator/datasets/documents_2021_12_28/13hea_20211228_164033_2727570695_600_800.png,13hea_20211228_164033_2727570695_600_800_mask.png,73526643.19
24,5,49,11,225,324,274,335,225,324,274,324,274,335,225,335,sub_line_text,table_text,table_0,raleway,bold,9.0,13hea_20211228_164033_2727570695_600_800.png,/scratch/parceirosbr/bigoilict/share/BigOil/document_generator/datasets/documents_2021_12_28/13hea_20211228_164033_2727570695_600_800.png,13hea_20211228_164033_2727570695_600_800_mask.png,73526643.19
22,5,44,11,230,338,274,349,230,338,274,338,274,349,230,349,text,table_text,table_0,raleway,bold,9.0,13hea_20211228_164033_2727570695_600_800.png,/scratch/parceirosbr/bigoilict/share/BigOil/document_generator/datasets/documents_2021_12_28/13hea_20211228_164033_2727570695_600_800.png,13hea_20211228_164033_2727570695_600_800_mask.png,9185061.51
22,5,44,11,230,338,274,349,230,338,274,338,274,349,230,349,sub_line_text,table_text,table_0,raleway,bold,9.0,13hea_20211228_164033_2727570695_600_800.png,/scratch/parceirosbr/bigoilict/share/BigOil/document_generator/datasets/documents_2021_12_28/13hea_20211228_164033_2727570695_600_800.png,13hea_20211228_164033_2727570695_600_800_mask.png,9185061.51
23,5,46,11,465,351,511,362,465,351,511,351,511,362,465,362,text,table_text,table_0,raleway,regular,9.0,13hea_20211228_164033_2727570695_600_800.png,/scratch/parceirosbr/bigoilict/share/BigOil/document_generator/datasets/documents_2021_12_28/13hea_20211228_164033_2727570695_600_800.png,13hea_20211228_164033_2727570695_600_800_mask.png,6256745.05
23,5,46,11,465,351,511,362,465,351,511,351,511,362,465,362,sub_line_text,table_text,table_0,raleway,regular,9.0,13hea_20211228_164033_2727570695_600_800.png,/scratch/parceirosbr/bigoilict/share/BigOil/document_generator/datasets/documents_2021_12_28/13hea_20211228_164033_2727570695_600_800.png,13hea_20211228_164033_2727570695_600_800_mask.png,6256745.05
24,5,49,11,328,122,377,133,328,122,377,122,377,133,328,133,text,table_text,table_0,raleway,italic,9.0,13hea_20211228_164033_2727570695_600_800.png,/scratch/parceirosbr/bigoilict/share/BigOil/document_generator/datasets/documents_2021_12_28/13hea_20211228_164033_2727570695_600_800.png,13hea_20211228_164033_2727570695_600_800_mask.png,previamente
24,5,49,11,328,122,377,133,328,122,377,122,377,133,328,133,sub_line_text,table_text,table_0,raleway,italic,9.0,13hea_20211228_164033_2727570695_600_800.png,/scratch/parceirosbr/bigoilict/share/BigOil/document_generator/datasets/documents_2021_12_28/13hea_20211228_164033_2727570695_600_800.png,13hea_20211228_164033_2727570695_600_800_mask.png,previamente
7,5,15,11,362,136,377,147,362,136,377,136,377,147,362,147,text,table_text,table_0,raleway,bold,9.0,13hea_20211228_164033_2727570695_600_800.png,/scratch/parceirosbr/bigoilict/share/BigOil/document_generator/datasets/documents_2021_12_28/13hea_20211228_164033_2727570695_600_800.png,13hea_20211228_164033_2727570695_600_800_mask.png,3.19
7,5,15,11,362,136,377,147,362,136,377,136,377,147,362,147,sub_line_text,table_text,table_0,raleway,bold,9.0,13hea_20211228_164033_2727570695_600_800.png,/scratch/parceirosbr/bigoilict/share/BigOil/document_generator/datasets/documents_2021_12_28/13hea_20211228_164033_2727570695_600_800.png,13hea_20211228_164033_2727570695_600_800_mask.png,3.19
7,5,15,11,362,149,377,160,362,149,377,149,377,160,362,160,text,table_text,table_0,raleway,bold,9.0,13hea_20211228_164033_2727570695_600_800.png,/scratch/parceirosbr/bigoilict/share/BigOil/document_generator/datasets/documents_2021_12_28/13hea_20211228_164033_2727570695_600_800.png,13hea_20211228_164033_2727570695_600_800_mask.png,1.18
7,5,15,11,362,149,377,160,362,149,377,149,377,160,362,160,sub_line_text,table_text,table_0,raleway,bold,9.0,13hea_20211228_164033_2727570695_600_800.png,/scratch/parceirosbr/bigoilict/share/BigOil/document_generator/datasets/documents_2021_12_28/13hea_20211228_164033_2727570695_600_800.png,13hea_20211228_164033_2727570695_600_800_mask.png,1.18
8,5,17,11,360,163,377,174,360,163,377,163,377,174,360,174,text,table_text,table_0,raleway,bold,9.0,13hea_20211228_164033_2727570695_600_800.png,/scratch/parceirosbr/bigoilict/share/BigOil/document_generator/datasets/documents_2021_12_28/13hea_20211228_164033_2727570695_600_800.png,13hea_20211228_164033_2727570695_600_800_mask.png,9.98
8,5,17,11,360,163,377,174,360,163,377,163,377,174,360,174,sub_line_text,table_text,table_0,raleway,bold,9.0,13hea_20211228_164033_2727570695_600_800.png,/scratch/parceirosbr/bigoilict/share/BigOil/document_generator/datasets/documents_2021_12_28/13hea_20211228_164033_2727570695_600_800.png,13hea_20211228_164033_2727570695_600_800_mask.png,9.98
8,5,16,11,361,176,377,187,361,176,377,176,377,187,361,187,text,table_text,table_0,raleway,bold,9.0,13hea_20211228_164033_2727570695_600_800.png,/scratch/parceirosbr/bigoilict/share/BigOil/document_generator/datasets/documents_2021_12_28/13hea_20211228_164033_2727570695_600_800.png,13hea_20211228_164033_2727570695_600_800_mask.png,1.38
8,5,16,11,361,176,377,187,361,176,377,176,377,187,361,187,sub_line_text,table_text,table_0,raleway,bold,9.0,13hea_20211228_164033_2727570695_600_800.png,/scratch/parceirosbr/bigoilict/share/BigOil/document_generator/datasets/documents_2021_12_28/13hea_20211228_164033_2727570695_600_800.png,13hea_20211228_164033_2727570695_600_800_mask.png,1.38
8,5,16,11,361,190,377,201,361,190,377,190,377,201,361,201,text,table_text,table_0,raleway,bold,9.0,13hea_20211228_164033_2727570695_600_800.png,/scratch/parceirosbr/bigoilict/share/BigOil/document_generator/datasets/documents_2021_12_28/13hea_20211228_164033_2727570695_600_800.png,13hea_20211228_164033_2727570695_600_800_mask.png,9.82
8,5,16,11,361,190,377,201,361,190,377,190,377,201,361,201,sub_line_text,table_text,table_0,raleway,bold,9.0,13hea_20211228_164033_2727570695_600_800.png,/scratch/parceirosbr/bigoilict/share/BigOil/document_generator/datasets/documents_2021_12_28/13hea_20211228_164033_2727570695_600_800.png,13hea_20211228_164033_2727570695_600_800_mask.png,9.82
8,5,16,11,361,203,377,214,361,203,377,203,377,214,361,214,text,table_text,table_0,raleway,bold,9.0,13hea_20211228_164033_2727570695_600_800.png,/scratch/parceirosbr/bigoilict/share/BigOil/document_generator/datasets/documents_2021_12_28/13hea_20211228_164033_2727570695_600_800.png,13hea_20211228_164033_2727570695_600_800_mask.png,6.16
8,5,16,11,361,203,377,214,361,203,377,203,377,214,361,214,sub_line_text,table_text,table_0,raleway,bold,9.0,13hea_20211228_164033_2727570695_600_800.png,/scratch/parceirosbr/bigoilict/share/BigOil/document_generator/datasets/documents_2021_12_28/13hea_20211228_164033_2727570695_600_800.png,13hea_20211228_164033_2727570695_600_800_mask.png,6.16
8,5,17,11,360,217,377,228,360,217,377,217,377,228,360,228,text,table_text,table_0,raleway,bold,9.0,13hea_20211228_164033_2727570695_600_800.png,/scratch/parceirosbr/bigoilict/share/BigOil/document_generator/datasets/documents_2021_12_28/13hea_20211228_164033_2727570695_600_800.png,13hea_20211228_164033_2727570695_600_800_mask.png,6.57
8,5,17,11,360,217,377,228,360,217,377,217,377,228,360,228,sub_line_text,table_text,table_0,raleway,bold,9.0,13hea_20211228_164033_2727570695_600_800.png,/scratch/parceirosbr/bigoilict/share/BigOil/document_generator/datasets/documents_2021_12_28/13hea_20211228_164033_2727570695_600_800.png,13hea_20211228_164033_2727570695_600_800_mask.png,6.57
8,5,17,11,360,230,377,241,360,230,377,230,377,241,360,241,text,table_text,table_0,raleway,bold,9.0,13hea_20211228_164033_2727570695_600_800.png,/scratch/parceirosbr/bigoilict/share/BigOil/document_generator/datasets/documents_2021_12_28/13hea_20211228_164033_2727570695_600_800.png,13hea_20211228_164033_2727570695_600_800_mask.png,5.26
8,5,17,11,360,230,377,241,360,230,377,230,377,241,360,241,sub_line_text,table_text,table_0,raleway,bold,9.0,13hea_20211228_164033_2727570695_600_800.png,/scratch/parceirosbr/bigoilict/share/BigOil/document_generator/datasets/documents_2021_12_28/13hea_20211228_164033_2727570695_600_800.png,13hea_20211228_164033_2727570695_600_800_mask.png,5.26
8,5,16,11,361,244,377,255,361,244,377,244,377,255,361,255,text,table_text,table_0,raleway,bold,9.0,13hea_20211228_164033_2727570695_600_800.png,/scratch/parceirosbr/bigoilict/share/BigOil/document_generator/datasets/documents_2021_12_28/13hea_20211228_164033_2727570695_600_800.png,13hea_20211228_164033_2727570695_600_800_mask.png,7.73
8,5,16,11,361,244,377,255,361,244,377,244,377,255,361,255,sub_line_text,table_text,table_0,raleway,bold,9.0,13hea_20211228_164033_2727570695_600_800.png,/scratch/parceirosbr/bigoilict/share/BigOil/document_generator/datasets/documents_2021_12_28/13hea_20211228_164033_2727570695_600_800.png,13hea_20211228_164033_2727570695_600_800_mask.png,7.73
8,5,17,11,360,257,377,268,360,257,377,257,377,268,360,268,text,table_text,table_0,raleway,bold,9.0,13hea_20211228_164033_2727570695_600_800.png,/scratch/parceirosbr/bigoilict/share/BigOil/document_generator/datasets/documents_2021_12_28/13hea_20211228_164033_2727570695_600_800.png,13hea_20211228_164033_2727570695_600_800_mask.png,5.96
8,5,17,11,360,257,377,268,360,257,377,257,377,268,360,268,sub_line_text,table_text,table_0,raleway,bold,9.0,13hea_20211228_164033_2727570695_600_800.png,/scratch/parceirosbr/bigoilict/share/BigOil/document_generator/datasets/documents_2021_12_28/13hea_20211228_164033_2727570695_600_800.png,13hea_20211228_164033_2727570695_600_800_mask.png,5.96
8,5,16,11,361,270,377,281,361,270,377,270,377,281,361,281,text,table_text,table_0,raleway,bold,9.0,13hea_20211228_164033_2727570695_600_800.png,/scratch/parceirosbr/bigoilict/share/BigOil/document_generator/datasets/documents_2021_12_28/13hea_20211228_164033_2727570695_600_800.png,13hea_20211228_164033_2727570695_600_800_mask.png,5.81
8,5,16,11,361,270,377,281,361,270,377,270,377,281,361,281,sub_line_text,table_text,table_0,raleway,bold,9.0,13hea_20211228_164033_2727570695_600_800.png,/scratch/parceirosbr/bigoilict/share/BigOil/document_generator/datasets/documents_2021_12_28/13hea_20211228_164033_2727570695_600_800.png,13hea_20211228_164033_2727570695_600_800_mask.png,5.81
8,5,17,11,360,284,377,295,360,284,377,284,377,295,360,295,text,table_text,table_0,raleway,bold,9.0,13hea_20211228_164033_2727570695_600_800.png,/scratch/parceirosbr/bigoilict/share/BigOil/document_generator/datasets/documents_2021_12_28/13hea_20211228_164033_2727570695_600_800.png,13hea_20211228_164033_2727570695_600_800_mask.png,8.60
8,5,17,11,360,284,377,295,360,284,377,284,377,295,360,295,sub_line_text,table_text,table_0,raleway,bold,9.0,13hea_20211228_164033_2727570695_600_800.png,/scratch/parceirosbr/bigoilict/share/BigOil/document_generator/datasets/documents_2021_12_28/13hea_20211228_164033_2727570695_600_800.png,13hea_20211228_164033_2727570695_600_800_mask.png,8.60
8,5,16,11,361,297,377,308,361,297,377,297,377,308,361,308,text,table_text,table_0,raleway,bold,9.0,13hea_20211228_164033_2727570695_600_800.png,/scratch/parceirosbr/bigoilict/share/BigOil/document_generator/datasets/documents_2021_12_28/13hea_20211228_164033_2727570695_600_800.png,13hea_20211228_164033_2727570695_600_800_mask.png,9.71
8,5,16,11,361,297,377,308,361,297,377,297,377,308,361,308,sub_line_text,table_text,table_0,raleway,bold,9.0,13hea_20211228_164033_2727570695_600_800.png,/scratch/parceirosbr/bigoilict/share/BigOil/document_generator/datasets/documents_2021_12_28/13hea_20211228_164033_2727570695_600_800.png,13hea_20211228_164033_2727570695_600_800_mask.png,9.71
8,5,16,11,361,311,377,322,361,311,377,311,377,322,361,322,text,table_text,table_0,raleway,bold,9.0,13hea_20211228_164033_2727570695_600_800.png,/scratch/parceirosbr/bigoilict/share/BigOil/document_generator/datasets/documents_2021_12_28/13hea_20211228_164033_2727570695_600_800.png,13hea_20211228_164033_2727570695_600_800_mask.png,6.41
8,5,16,11,361,311,377,322,361,311,377,311,377,322,361,322,sub_line_text,table_text,table_0,raleway,bold,9.0,13hea_20211228_164033_2727570695_600_800.png,/scratch/parceirosbr/bigoilict/share/BigOil/document_generator/datasets/documents_2021_12_28/13hea_20211228_164033_2727570695_600_800.png,13hea_20211228_164033_2727570695_600_800_mask.png,6.41
7,5,15,11,362,324,377,335,362,324,377,324,377,335,362,335,text,table_text,table_0,raleway,bold,9.0,13hea_20211228_164033_2727570695_600_800.png,/scratch/parceirosbr/bigoilict/share/BigOil/document_generator/datasets/documents_2021_12_28/13hea_20211228_164033_2727570695_600_800.png,13hea_20211228_164033_2727570695_600_800_mask.png,1.85
7,5,15,11,362,324,377,335,362,324,377,324,377,335,362,335,sub_line_text,table_text,table_0,raleway,bold,9.0,13hea_20211228_164033_2727570695_600_800.png,/scratch/parceirosbr/bigoilict/share/BigOil/document_generator/datasets/documents_2021_12_28/13hea_20211228_164033_2727570695_600_800.png,13hea_20211228_164033_2727570695_600_800_mask.png,1.85
7,5,15,11,362,338,377,349,362,338,377,338,377,349,362,349,text,table_text,table_0,raleway,bold,9.0,13hea_20211228_164033_2727570695_600_800.png,/scratch/parceirosbr/bigoilict/share/BigOil/document_generator/datasets/documents_2021_12_28/13hea_20211228_164033_2727570695_600_800.png,13hea_20211228_164033_2727570695_600_800_mask.png,6.12
7,5,15,11,362,338,377,349,362,338,377,338,377,349,362,349,sub_line_text,table_text,table_0,raleway,bold,9.0,13hea_20211228_164033_2727570695_600_800.png,/scratch/parceirosbr/bigoilict/share/BigOil/document_generator/datasets/documents_2021_12_28/13hea_20211228_164033_2727570695_600_800.png,13hea_20211228_164033_2727570695_600_800_mask.png,6.12
19,5,39,11,401,122,440,133,401,122,440,122,440,133,401,133,text,table_text,table_0,raleway,italic,9.0,13hea_20211228_164033_2727570695_600_800.png,/scratch/parceirosbr/bigoilict/share/BigOil/document_generator/datasets/documents_2021_12_28/13hea_20211228_164033_2727570695_600_800.png,13hea_20211228_164033_2727570695_600_800_mask.png,realização
19,5,39,11,401,122,440,133,401,122,440,122,440,133,401,133,sub_line_text,table_text,table_0,raleway,italic,9.0,13hea_20211228_164033_2727570695_600_800.png,/scratch/parceirosbr/bigoilict/share/BigOil/document_generator/datasets/documents_2021_12_28/13hea_20211228_164033_2727570695_600_800.png,13hea_20211228_164033_2727570695_600_800_mask.png,realização
9,5,19,11,421,136,440,147,421,136,440,136,440,147,421,147,text,table_text,table_0,raleway,bold,9.0,13hea_20211228_164033_2727570695_600_800.png,/scratch/parceirosbr/bigoilict/share/BigOil/document_generator/datasets/documents_2021_12_28/13hea_20211228_164033_2727570695_600_800.png,13hea_20211228_164033_2727570695_600_800_mask.png,611.2
9,5,19,11,421,136,440,147,421,136,440,136,440,147,421,147,sub_line_text,table_text,table_0,raleway,bold,9.0,13hea_20211228_164033_2727570695_600_800.png,/scratch/parceirosbr/bigoilict/share/BigOil/document_generator/datasets/documents_2021_12_28/13hea_20211228_164033_2727570695_600_800.png,13hea_20211228_164033_2727570695_600_800_mask.png,611.2
15,5,31,11,409,149,440,160,409,149,440,149,440,160,409,160,text,table_text,table_0,raleway,bold,9.0,13hea_20211228_164033_2727570695_600_800.png,/scratch/parceirosbr/bigoilict/share/BigOil/document_generator/datasets/documents_2021_12_28/13hea_20211228_164033_2727570695_600_800.png,13hea_20211228_164033_2727570695_600_800_mask.png,92710.6
15,5,31,11,409,149,440,160,409,149,440,149,440,160,409,160,sub_line_text,table_text,table_0,raleway,bold,9.0,13hea_20211228_164033_2727570695_600_800.png,/scratch/parceirosbr/bigoilict/share/BigOil/document_generator/datasets/documents_2021_12_28/13hea_20211228_164033_2727570695_600_800.png,13hea_20211228_164033_2727570695_600_800_mask.png,92710.6
8,5,16,11,424,163,440,174,424,163,440,163,440,174,424,174,text,table_text,table_0,raleway,bold,9.0,13hea_20211228_164033_2727570695_600_800.png,/scratch/parceirosbr/bigoilict/share/BigOil/document_generator/datasets/documents_2021_12_28/13hea_20211228_164033_2727570695_600_800.png,13hea_20211228_164033_2727570695_600_800_mask.png,96.9
8,5,16,11,424,163,440,174,424,163,440,163,440,174,424,174,sub_line_text,table_text,table_0,raleway,bold,9.0,13hea_20211228_164033_2727570695_600_800.png,/scratch/parceirosbr/bigoilict/share/BigOil/document_generator/datasets/documents_2021_12_28/13hea_20211228_164033_2727570695_600_800.png,13hea_20211228_164033_2727570695_600_800_mask.png,96.9
14,5,29,11,411,176,440,187,411,176,440,176,440,187,411,187,text,table_text,table_0,raleway,bold,9.0,13hea_20211228_164033_2727570695_600_800.png,/scratch/parceirosbr/bigoilict/share/BigOil/document_generator/datasets/documents_2021_12_28/13hea_20211228_164033_2727570695_600_800.png,13hea_20211228_164033_2727570695_600_800_mask.png,98187.4
14,5,29,11,411,176,440,187,411,176,440,176,440,187,411,187,sub_line_text,table_text,table_0,raleway,bold,9.0,13hea_20211228_164033_2727570695_600_800.png,/scratch/parceirosbr/bigoilict/share/BigOil/document_generator/datasets/documents_2021_12_28/13hea_20211228_164033_2727570695_600_800.png,13hea_20211228_164033_2727570695_600_800_mask.png,98187.4
11,5,22,11,418,190,440,201,418,190,440,190,440,201,418,201,text,table_text,table_0,raleway,bold,9.0,13hea_20211228_164033_2727570695_600_800.png,/scratch/parceirosbr/bigoilict/share/BigOil/document_generator/datasets/documents_2021_12_28/13hea_20211228_164033_2727570695_600_800.png,13hea_20211228_164033_2727570695_600_800_mask.png,276.8
11,5,22,11,418,190,440,201,418,190,440,190,440,201,418,201,sub_line_text,table_text,table_0,raleway,bold,9.0,13hea_20211228_164033_2727570695_600_800.png,/scratch/parceirosbr/bigoilict/share/BigOil/document_generator/datasets/documents_2021_12_28/13hea_20211228_164033_2727570695_600_800.png,13hea_20211228_164033_2727570695_600_800_mask.png,276.8
10,5,21,11,419,203,440,214,419,203,440,203,440,214,419,214,text,table_text,table_0,raleway,bold,9.0,13hea_20211228_164033_2727570695_600_800.png,/scratch/parceirosbr/bigoilict/share/BigOil/document_generator/datasets/documents_2021_12_28/13hea_20211228_164033_2727570695_600_800.png,13hea_20211228_164033_2727570695_600_800_mask.png,261.6
10,5,21,11,419,203,440,214,419,203,440,203,440,214,419,214,sub_line_text,table_text,table_0,raleway,bold,9.0,13hea_20211228_164033_2727570695_600_800.png,/scratch/parceirosbr/bigoilict/share/BigOil/document_generator/datasets/documents_2021_12_28/13hea_20211228_164033_2727570695_600_800.png,13hea_20211228_164033_2727570695_600_800_mask.png,261.6
12,5,25,11,415,217,440,228,415,217,440,217,440,228,415,228,text,table_text,table_0,raleway,bold,9.0,13hea_20211228_164033_2727570695_600_800.png,/scratch/parceirosbr/bigoilict/share/BigOil/document_generator/datasets/documents_2021_12_28/13hea_20211228_164033_2727570695_600_800.png,13hea_20211228_164033_2727570695_600_800_mask.png,2952.1
12,5,25,11,415,217,440,228,415,217,440,217,440,228,415,228,sub_line_text,table_text,table_0,raleway,bold,9.0,13hea_20211228_164033_2727570695_600_800.png,/scratch/parceirosbr/bigoilict/share/BigOil/document_generator/datasets/documents_2021_12_28/13hea_20211228_164033_2727570695_600_800.png,13hea_20211228_164033_2727570695_600_800_mask.png,2952.1
13,5,26,11,414,230,440,241,414,230,440,230,440,241,414,241,text,table_text,table_0,raleway,bold,9.0,13hea_20211228_164033_2727570695_600_800.png,/scratch/parceirosbr/bigoilict/share/BigOil/document_generator/datasets/documents_2021_12_28/13hea_20211228_164033_2727570695_600_800.png,13hea_20211228_164033_2727570695_600_800_mask.png,5935.7
13,5,26,11,414,230,440,241,414,230,440,230,440,241,414,241,sub_line_text,table_text,table_0,raleway,bold,9.0,13hea_20211228_164033_2727570695_600_800.png,/scratch/parceirosbr/bigoilict/share/BigOil/document_generator/datasets/documents_2021_12_28/13hea_20211228_164033_2727570695_600_800.png,13hea_20211228_164033_2727570695_600_800_mask.png,5935.7
15,5,31,11,409,244,440,255,409,244,440,244,440,255,409,255,text,table_text,table_0,raleway,bold,9.0,13hea_20211228_164033_2727570695_600_800.png,/scratch/parceirosbr/bigoilict/share/BigOil/document_generator/datasets/documents_2021_12_28/13hea_20211228_164033_2727570695_600_800.png,13hea_20211228_164033_2727570695_600_800_mask.png,29975.0
15,5,31,11,409,244,440,255,409,244,440,244,440,255,409,255,sub_line_text,table_text,table_0,raleway,bold,9.0,13hea_20211228_164033_2727570695_600_800.png,/scratch/parceirosbr/bigoilict/share/BigOil/document_generator/datasets/documents_2021_12_28/13hea_20211228_164033_2727570695_600_800.png,13hea_20211228_164033_2727570695_600_800_mask.png,29975.0
12,5,25,11,415,257,440,268,415,257,440,257,440,268,415,268,text,table_text,table_0,raleway,bold,9.0,13hea_20211228_164033_2727570695_600_800.png,/scratch/parceirosbr/bigoilict/share/BigOil/document_generator/datasets/documents_2021_12_28/13hea_20211228_164033_2727570695_600_800.png,13hea_20211228_164033_2727570695_600_800_mask.png,5825.9
12,5,25,11,415,257,440,268,415,257,440,257,440,268,415,268,sub_line_text,table_text,table_0,raleway,bold,9.0,13hea_20211228_164033_2727570695_600_800.png,/scratch/parceirosbr/bigoilict/share/BigOil/document_generator/datasets/documents_2021_12_28/13hea_20211228_164033_2727570695_600_800.png,13hea_20211228_164033_2727570695_600_800_mask.png,5825.9
11,5,22,11,418,270,440,281,418,270,440,270,440,281,418,281,text,table_text,table_0,raleway,bold,9.0,13hea_20211228_164033_2727570695_600_800.png,/scratch/parceirosbr/bigoilict/share/BigOil/document_generator/datasets/documents_2021_12_28/13hea_20211228_164033_2727570695_600_800.png,13hea_20211228_164033_2727570695_600_800_mask.png,289.7
11,5,22,11,418,270,440,281,418,270,440,270,440,281,418,281,sub_line_text,table_text,table_0,raleway,bold,9.0,13hea_20211228_164033_2727570695_600_800.png,/scratch/parceirosbr/bigoilict/share/BigOil/document_generator/datasets/documents_2021_12_28/13hea_20211228_164033_2727570695_600_800.png,13hea_20211228_164033_2727570695_600_800_mask.png,289.7
10,5,21,11,419,284,440,295,419,284,440,284,440,295,419,295,text,table_text,table_0,raleway,bold,9.0,13hea_20211228_164033_2727570695_600_800.png,/scratch/parceirosbr/bigoilict/share/BigOil/document_generator/datasets/documents_2021_12_28/13hea_20211228_164033_2727570695_600_800.png,13hea_20211228_164033_2727570695_600_800_mask.png,379.1
10,5,21,11,419,284,440,295,419,284,440,284,440,295,419,295,sub_line_text,table_text,table_0,raleway,bold,9.0,13hea_20211228_164033_2727570695_600_800.png,/scratch/parceirosbr/bigoilict/share/BigOil/document_generator/datasets/documents_2021_12_28/13hea_20211228_164033_2727570695_600_800.png,13hea_20211228_164033_2727570695_600_800_mask.png,379.1
15,5,31,11,409,297,440,308,409,297,440,297,440,308,409,308,text,table_text,table_0,raleway,bold,9.0,13hea_20211228_164033_2727570695_600_800.png,/scratch/parceirosbr/bigoilict/share/BigOil/document_generator/datasets/documents_2021_12_28/13hea_20211228_164033_2727570695_600_800.png,13hea_20211228_164033_2727570695_600_800_mask.png,39026.5
15,5,31,11,409,297,440,308,409,297,440,297,440,308,409,308,sub_line_text,table_text,table_0,raleway,bold,9.0,13hea_20211228_164033_2727570695_600_800.png,/scratch/parceirosbr/bigoilict/share/BigOil/document_generator/datasets/documents_2021_12_28/13hea_20211228_164033_2727570695_600_800.png,13hea_20211228_164033_2727570695_600_800_mask.png,39026.5
10,5,20,11,420,311,440,322,420,311,440,311,440,322,420,322,text,table_text,table_0,raleway,bold,9.0,13hea_20211228_164033_2727570695_600_800.png,/scratch/parceirosbr/bigoilict/share/BigOil/document_generator/datasets/documents_2021_12_28/13hea_20211228_164033_2727570695_600_800.png,13hea_20211228_164033_2727570695_600_800_mask.png,981.1
10,5,20,11,420,311,440,322,420,311,440,311,440,322,420,322,sub_line_text,table_text,table_0,raleway,bold,9.0,13hea_20211228_164033_2727570695_600_800.png,/scratch/parceirosbr/bigoilict/share/BigOil/document_generator/datasets/documents_2021_12_28/13hea_20211228_164033_2727570695_600_800.png,13hea_20211228_164033_2727570695_600_800_mask.png,981.1
8,5,16,11,424,324,440,335,424,324,440,324,440,335,424,335,text,table_text,table_0,raleway,bold,9.0,13hea_20211228_164033_2727570695_600_800.png,/scratch/parceirosbr/bigoilict/share/BigOil/document_generator/datasets/documents_2021_12_28/13hea_20211228_164033_2727570695_600_800.png,13hea_20211228_164033_2727570695_600_800_mask.png,48.3
8,5,16,11,424,324,440,335,424,324,440,324,440,335,424,335,sub_line_text,table_text,table_0,raleway,bold,9.0,13hea_20211228_164033_2727570695_600_800.png,/scratch/parceirosbr/bigoilict/share/BigOil/document_generator/datasets/documents_2021_12_28/13hea_20211228_164033_2727570695_600_800.png,13hea_20211228_164033_2727570695_600_800_mask.png,48.3
8,5,16,11,424,338,440,349,424,338,440,338,440,349,424,349,text,table_text,table_0,raleway,bold,9.0,13hea_20211228_164033_2727570695_600_800.png,/scratch/parceirosbr/bigoilict/share/BigOil/document_generator/datasets/documents_2021_12_28/13hea_20211228_164033_2727570695_600_800.png,13hea_20211228_164033_2727570695_600_800_mask.png,45.9
8,5,16,11,424,338,440,349,424,338,440,338,440,349,424,349,sub_line_text,table_text,table_0,raleway,bold,9.0,13hea_20211228_164033_2727570695_600_800.png,/scratch/parceirosbr/bigoilict/share/BigOil/document_generator/datasets/documents_2021_12_28/13hea_20211228_164033_2727570695_600_800.png,13hea_20211228_164033_2727570695_600_800_mask.png,45.9
21,5,43,11,456,122,499,133,456,122,499,122,499,133,456,133,text,table_text,table_0,raleway,italic,9.0,13hea_20211228_164033_2727570695_600_800.png,/scratch/parceirosbr/bigoilict/share/BigOil/document_generator/datasets/documents_2021_12_28/13hea_20211228_164033_2727570695_600_800.png,13hea_20211228_164033_2727570695_600_800_mask.png,limitadoras
21,5,43,11,456,122,499,133,456,122,499,122,499,133,456,133,sub_line_text,table_text,table_0,raleway,italic,9.0,13hea_20211228_164033_2727570695_600_800.png,/scratch/parceirosbr/bigoilict/share/BigOil/document_generator/datasets/documents_2021_12_28/13hea_20211228_164033_2727570695_600_800.png,13hea_20211228_164033_2727570695_600_800_mask.png,limitadoras
7,5,15,11,469,136,484,147,469,136,484,136,484,147,469,147,text,table_text,table_0,raleway,bold,9.0,13hea_20211228_164033_2727570695_600_800.png,/scratch/parceirosbr/bigoilict/share/BigOil/document_generator/datasets/documents_2021_12_28/13hea_20211228_164033_2727570695_600_800.png,13hea_20211228_164033_2727570695_600_800_mask.png,das
7,5,15,11,469,136,484,147,469,136,484,136,484,147,469,147,sub_line_text,table_text,table_0,raleway,bold,9.0,13hea_20211228_164033_2727570695_600_800.png,/scratch/parceirosbr/bigoilict/share/BigOil/document_generator/datasets/documents_2021_12_28/13hea_20211228_164033_2727570695_600_800.png,13hea_20211228_164033_2727570695_600_800_mask.png,das
12,5,25,11,465,149,490,160,465,149,490,149,490,160,465,160,text,table_text,table_0,raleway,bold,9.0,13hea_20211228_164033_2727570695_600_800.png,/scratch/parceirosbr/bigoilict/share/BigOil/document_generator/datasets/documents_2021_12_28/13hea_20211228_164033_2727570695_600_800.png,13hea_20211228_164033_2727570695_600_800_mask.png,geram
12,5,25,11,465,149,490,160,465,149,490,149,490,160,465,160,sub_line_text,table_text,table_0,raleway,bold,9.0,13hea_20211228_164033_2727570695_600_800.png,/scratch/parceirosbr/bigoilict/share/BigOil/document_generator/datasets/documents_2021_12_28/13hea_20211228_164033_2727570695_600_800.png,13hea_20211228_164033_2727570695_600_800_mask.png,geram
26,5,53,11,450,163,503,174,450,163,503,163,503,174,450,174,text,table_text,table_0,raleway,bold,9.0,13hea_20211228_164033_2727570695_600_800.png,/scratch/parceirosbr/bigoilict/share/BigOil/document_generator/datasets/documents_2021_12_28/13hea_20211228_164033_2727570695_600_800.png,13hea_20211228_164033_2727570695_600_800_mask.png,catalisadores
26,5,53,11,450,163,503,174,450,163,503,163,503,174,450,174,sub_line_text,table_text,table_0,raleway,bold,9.0,13hea_20211228_164033_2727570695_600_800.png,/scratch/parceirosbr/bigoilict/share/BigOil/document_generator/datasets/documents_2021_12_28/13hea_20211228_164033_2727570695_600_800.png,13hea_20211228_164033_2727570695_600_800_mask.png,catalisadores
24,5,48,11,454,176,502,187,454,176,502,176,502,187,454,187,text,table_text,table_0,raleway,bold,9.0,13hea_20211228_164033_2727570695_600_800.png,/scratch/parceirosbr/bigoilict/share/BigOil/document_generator/datasets/documents_2021_12_28/13hea_20211228_164033_2727570695_600_800.png,13hea_20211228_164033_2727570695_600_800_mask.png,absorvância
24,5,48,11,454,176,502,187,454,176,502,176,502,187,454,187,sub_line_text,table_text,table_0,raleway,bold,9.0,13hea_20211228_164033_2727570695_600_800.png,/scratch/parceirosbr/bigoilict/share/BigOil/document_generator/datasets/documents_2021_12_28/13hea_20211228_164033_2727570695_600_800.png,13hea_20211228_164033_2727570695_600_800_mask.png,absorvância
27,5,54,11,450,190,504,201,450,190,504,190,504,201,450,201,text,table_text,table_0,raleway,bold,9.0,13hea_20211228_164033_2727570695_600_800.png,/scratch/parceirosbr/bigoilict/share/BigOil/document_generator/datasets/documents_2021_12_28/13hea_20211228_164033_2727570695_600_800.png,13hea_20211228_164033_2727570695_600_800_mask.png,possibilidade
27,5,54,11,450,190,504,201,450,190,504,190,504,201,450,201,sub_line_text,table_text,table_0,raleway,bold,9.0,13hea_20211228_164033_2727570695_600_800.png,/scratch/parceirosbr/bigoilict/share/BigOil/document_generator/datasets/documents_2021_12_28/13hea_20211228_164033_2727570695_600_800.png,13hea_20211228_164033_2727570695_600_800_mask.png,possibilidade
7,5,15,11,469,203,484,214,469,203,484,203,484,214,469,214,text,table_text,table_0,raleway,bold,9.0,13hea_20211228_164033_2727570695_600_800.png,/scratch/parceirosbr/bigoilict/share/BigOil/document_generator/datasets/documents_2021_12_28/13hea_20211228_164033_2727570695_600_800.png,13hea_20211228_164033_2727570695_600_800_mask.png,tem
7,5,15,11,469,203,484,214,469,203,484,203,484,214,469,214,sub_line_text,table_text,table_0,raleway,bold,9.0,13hea_20211228_164033_2727570695_600_800.png,/scratch/parceirosbr/bigoilict/share/BigOil/document_generator/datasets/documents_2021_12_28/13hea_20211228_164033_2727570695_600_800.png,13hea_20211228_164033_2727570695_600_800_mask.png,tem
8,5,16,11,469,217,485,228,469,217,485,217,485,228,469,228,text,table_text,table_0,raleway,bold,9.0,13hea_20211228_164033_2727570695_600_800.png,/scratch/parceirosbr/bigoilict/share/BigOil/document_generator/datasets/documents_2021_12_28/13hea_20211228_164033_2727570695_600_800.png,13hea_20211228_164033_2727570695_600_800_mask.png,tipo
8,5,16,11,469,217,485,228,469,217,485,217,485,228,469,228,sub_line_text,table_text,table_0,raleway,bold,9.0,13hea_20211228_164033_2727570695_600_800.png,/scratch/parceirosbr/bigoilict/share/BigOil/document_generator/datasets/documents_2021_12_28/13hea_20211228_164033_2727570695_600_800.png,13hea_20211228_164033_2727570695_600_800_mask.png,tipo
7,5,14,11,470,230,484,241,470,230,484,230,484,241,470,241,text,table_text,table_0,raleway,bold,9.0,13hea_20211228_164033_2727570695_600_800.png,/scratch/parceirosbr/bigoilict/share/BigOil/document_generator/datasets/documents_2021_12_28/13hea_20211228_164033_2727570695_600_800.png,13hea_20211228_164033_2727570695_600_800_mask.png,nos
7,5,14,11,470,230,484,241,470,230,484,230,484,241,470,241,sub_line_text,table_text,table_0,raleway,bold,9.0,13hea_20211228_164033_2727570695_600_800.png,/scratch/parceirosbr/bigoilict/share/BigOil/document_generator/datasets/documents_2021_12_28/13hea_20211228_164033_2727570695_600_800.png,13hea_20211228_164033_2727570695_600_800_mask.png,nos
27,5,54,11,450,244,504,255,450,244,504,244,504,255,450,255,text,table_text,table_0,raleway,bold,9.0,13hea_20211228_164033_2727570695_600_800.png,/scratch/parceirosbr/bigoilict/share/BigOil/document_generator/datasets/documents_2021_12_28/13hea_20211228_164033_2727570695_600_800.png,13hea_20211228_164033_2727570695_600_800_mask.png,componentes
27,5,54,11,450,244,504,255,450,244,504,244,504,255,450,255,sub_line_text,table_text,table_0,raleway,bold,9.0,13hea_20211228_164033_2727570695_600_800.png,/scratch/parceirosbr/bigoilict/share/BigOil/document_generator/datasets/documents_2021_12_28/13hea_20211228_164033_2727570695_600_800.png,13hea_20211228_164033_2727570695_600_800_mask.png,componentes
17,5,34,11,460,257,494,268,460,257,494,257,494,268,460,268,text,table_text,table_0,raleway,bold,9.0,13hea_20211228_164033_2727570695_600_800.png,/scratch/parceirosbr/bigoilict/share/BigOil/document_generator/datasets/documents_2021_12_28/13hea_20211228_164033_2727570695_600_800.png,13hea_20211228_164033_2727570695_600_800_mask.png,trabalho
17,5,34,11,460,257,494,268,460,257,494,257,494,268,460,268,sub_line_text,table_text,table_0,raleway,bold,9.0,13hea_20211228_164033_2727570695_600_800.png,/scratch/parceirosbr/bigoilict/share/BigOil/document_generator/datasets/documents_2021_12_28/13hea_20211228_164033_2727570695_600_800.png,13hea_20211228_164033_2727570695_600_800_mask.png,trabalho
7,5,15,11,469,270,484,281,469,270,484,270,484,281,469,281,text,table_text,table_0,raleway,bold,9.0,13hea_20211228_164033_2727570695_600_800.png,/scratch/parceirosbr/bigoilict/share/BigOil/document_generator/datasets/documents_2021_12_28/13hea_20211228_164033_2727570695_600_800.png,13hea_20211228_164033_2727570695_600_800_mask.png,tem
7,5,15,11,469,270,484,281,469,270,484,270,484,281,469,281,sub_line_text,table_text,table_0,raleway,bold,9.0,13hea_20211228_164033_2727570695_600_800.png,/scratch/parceirosbr/bigoilict/share/BigOil/document_generator/datasets/documents_2021_12_28/13hea_20211228_164033_2727570695_600_800.png,13hea_20211228_164033_2727570695_600_800_mask.png,tem
24,5,49,11,453,284,502,295,453,284,502,284,502,295,453,295,text,table_text,table_0,raleway,bold,9.0,13hea_20211228_164033_2727570695_600_800.png,/scratch/parceirosbr/bigoilict/share/BigOil/document_generator/datasets/documents_2021_12_28/13hea_20211228_164033_2727570695_600_800.png,13hea_20211228_164033_2727570695_600_800_mask.png,escoamento
24,5,49,11,453,284,502,295,453,284,502,284,502,295,453,295,sub_line_text,table_text,table_0,raleway,bold,9.0,13hea_20211228_164033_2727570695_600_800.png,/scratch/parceirosbr/bigoilict/share/BigOil/document_generator/datasets/documents_2021_12_28/13hea_20211228_164033_2727570695_600_800.png,13hea_20211228_164033_2727570695_600_800_mask.png,escoamento
9,5,19,11,467,297,486,308,467,297,486,297,486,308,467,308,text,table_text,table_0,raleway,bold,9.0,13hea_20211228_164033_2727570695_600_800.png,/scratch/parceirosbr/bigoilict/share/BigOil/document_generator/datasets/documents_2021_12_28/13hea_20211228_164033_2727570695_600_800.png,13hea_20211228_164033_2727570695_600_800_mask.png,pelo
9,5,19,11,467,297,486,308,467,297,486,297,486,308,467,308,sub_line_text,table_text,table_0,raleway,bold,9.0,13hea_20211228_164033_2727570695_600_800.png,/scratch/parceirosbr/bigoilict/share/BigOil/document_generator/datasets/documents_2021_12_28/13hea_20211228_164033_2727570695_600_800.png,13hea_20211228_164033_2727570695_600_800_mask.png,pelo
12,5,24,11,466,311,490,322,466,311,490,311,490,322,466,322,text,table_text,table_0,raleway,bold,9.0,13hea_20211228_164033_2727570695_600_800.png,/scratch/parceirosbr/bigoilict/share/BigOil/document_generator/datasets/documents_2021_12_28/13hea_20211228_164033_2727570695_600_800.png,13hea_20211228_164033_2727570695_600_800_mask.png,apelo
12,5,24,11,466,311,490,322,466,311,490,311,490,322,466,322,sub_line_text,table_text,table_0,raleway,bold,9.0,13hea_20211228_164033_2727570695_600_800.png,/scratch/parceirosbr/bigoilict/share/BigOil/document_generator/datasets/documents_2021_12_28/13hea_20211228_164033_2727570695_600_800.png,13hea_20211228_164033_2727570695_600_800_mask.png,apelo
13,5,27,11,464,324,491,335,464,324,491,324,491,335,464,335,text,table_text,table_0,raleway,bold,9.0,13hea_20211228_164033_2727570695_600_800.png,/scratch/parceirosbr/bigoilict/share/BigOil/document_generator/datasets/documents_2021_12_28/13hea_20211228_164033_2727570695_600_800.png,13hea_20211228_164033_2727570695_600_800_mask.png,muitas
13,5,27,11,464,324,491,335,464,324,491,324,491,335,464,335,sub_line_text,table_text,table_0,raleway,bold,9.0,13hea_20211228_164033_2727570695_600_800.png,/scratch/parceirosbr/bigoilict/share/BigOil/document_generator/datasets/documents_2021_12_28/13hea_20211228_164033_2727570695_600_800.png,13hea_20211228_164033_2727570695_600_800_mask.png,muitas
7,5,14,11,470,338,484,349,470,338,484,338,484,349,470,349,text,table_text,table_0,raleway,bold,9.0,13hea_20211228_164033_2727570695_600_800.png,/scratch/parceirosbr/bigoilict/share/BigOil/document_generator/datasets/documents_2021_12_28/13hea_20211228_164033_2727570695_600_800.png,13hea_20211228_164033_2727570695_600_800_mask.png,por
7,5,14,11,470,338,484,349,470,338,484,338,484,349,470,349,sub_line_text,table_text,table_0,raleway,bold,9.0,13hea_20211228_164033_2727570695_600_800.png,/scratch/parceirosbr/bigoilict/share/BigOil/document_generator/datasets/documents_2021_12_28/13hea_20211228_164033_2727570695_600_800.png,13hea_20211228_164033_2727570695_600_800_mask.png,por
31,5,62,11,59,118,121,129,59,118,121,118,121,129,59,129,sub_line_text,table_legend,table_0,raleway,bolditalic,8,13hea_20211228_164033_2727570695_600_800.png,/scratch/parceirosbr/bigoilict/share/BigOil/document_generator/datasets/documents_2021_12_28/13hea_20211228_164033_2727570695_600_800.png,13hea_20211228_164033_2727570695_600_800_mask.png,Tabela  33:    The
31,5,62,11,59,133,121,144,59,133,121,133,121,144,59,144,sub_line_text,table_legend,table_0,raleway,bolditalic,8,13hea_20211228_164033_2727570695_600_800.png,/scratch/parceirosbr/bigoilict/share/BigOil/document_generator/datasets/documents_2021_12_28/13hea_20211228_164033_2727570695_600_800.png,13hea_20211228_164033_2727570695_600_800_mask.png,spreading       of
23,5,46,11,59,148,105,159,59,148,105,148,105,159,59,159,sub_line_text,table_legend,table_0,raleway,bolditalic,8,13hea_20211228_164033_2727570695_600_800.png,/scratch/parceirosbr/bigoilict/share/BigOil/document_generator/datasets/documents_2021_12_28/13hea_20211228_164033_2727570695_600_800.png,13hea_20211228_164033_2727570695_600_800_mask.png,a thin liquid
31,20,62,41,59,118,121,159,59,118,121,118,121,159,59,159,text,table_legend,table_0,raleway,bolditalic,8,13hea_20211228_164033_2727570695_600_800.png,/scratch/parceirosbr/bigoilict/share/BigOil/document_generator/datasets/documents_2021_12_28/13hea_20211228_164033_2727570695_600_800.png,13hea_20211228_164033_2727570695_600_800_mask.png,nan
113,113,226,226,291,380,517,606,291,380,517,380,517,606,291,606,table,table_image,table_0,,,,13hea_20211228_164033_2727570695_600_800.png,/scratch/parceirosbr/bigoilict/share/BigOil/document_generator/datasets/documents_2021_12_28/13hea_20211228_164033_2727570695_600_800.png,13hea_20211228_164033_2727570695_600_800_mask.png,output/gen_tab_20211228_164036_1333643620.png
19,5,39,11,330,385,369,396,330,385,369,385,369,396,330,396,text,table_text,table_0,raleway,italic,9.0,13hea_20211228_164033_2727570695_600_800.png,/scratch/parceirosbr/bigoilict/share/BigOil/document_generator/datasets/documents_2021_12_28/13hea_20211228_164033_2727570695_600_800.png,13hea_20211228_164033_2727570695_600_800_mask.png,partículas
19,5,39,11,330,385,369,396,330,385,369,385,369,396,330,396,sub_line_text,table_text,table_0,raleway,italic,9.0,13hea_20211228_164033_2727570695_600_800.png,/scratch/parceirosbr/bigoilict/share/BigOil/document_generator/datasets/documents_2021_12_28/13hea_20211228_164033_2727570695_600_800.png,13hea_20211228_164033_2727570695_600_800_mask.png,partículas
10,5,21,11,347,407,368,418,347,407,368,407,368,418,347,418,text,table_text,table_0,raleway,italic,9.0,13hea_20211228_164033_2727570695_600_800.png,/scratch/parceirosbr/bigoilict/share/BigOil/document_generator/datasets/documents_2021_12_28/13hea_20211228_164033_2727570695_600_800.png,13hea_20211228_164033_2727570695_600_800_mask.png,5.829
10,5,21,11,347,407,368,418,347,407,368,407,368,418,347,418,sub_line_text,table_text,table_0,raleway,italic,9.0,13hea_20211228_164033_2727570695_600_800.png,/scratch/parceirosbr/bigoilict/share/BigOil/document_generator/datasets/documents_2021_12_28/13hea_20211228_164033_2727570695_600_800.png,13hea_20211228_164033_2727570695_600_800_mask.png,5.829
15,5,31,11,337,421,368,432,337,421,368,421,368,432,337,432,text,table_text,table_0,raleway,italic,9.0,13hea_20211228_164033_2727570695_600_800.png,/scratch/parceirosbr/bigoilict/share/BigOil/document_generator/datasets/documents_2021_12_28/13hea_20211228_164033_2727570695_600_800.png,13hea_20211228_164033_2727570695_600_800_mask.png,783.332
15,5,31,11,337,421,368,432,337,421,368,421,368,432,337,432,sub_line_text,table_text,table_0,raleway,italic,9.0,13hea_20211228_164033_2727570695_600_800.png,/scratch/parceirosbr/bigoilict/share/BigOil/document_generator/datasets/documents_2021_12_28/13hea_20211228_164033_2727570695_600_800.png,13hea_20211228_164033_2727570695_600_800_mask.png,783.332
14,5,29,11,339,434,368,445,339,434,368,434,368,445,339,445,text,table_text,table_0,raleway,italic,9.0,13hea_20211228_164033_2727570695_600_800.png,/scratch/parceirosbr/bigoilict/share/BigOil/document_generator/datasets/documents_2021_12_28/13hea_20211228_164033_2727570695_600_800.png,13hea_20211228_164033_2727570695_600_800_mask.png,677.061
14,5,29,11,339,434,368,445,339,434,368,434,368,445,339,445,sub_line_text,table_text,table_0,raleway,italic,9.0,13hea_20211228_164033_2727570695_600_800.png,/scratch/parceirosbr/bigoilict/share/BigOil/document_generator/datasets/documents_2021_12_28/13hea_20211228_164033_2727570695_600_800.png,13hea_20211228_164033_2727570695_600_800_mask.png,677.061
10,5,21,11,347,447,368,458,347,447,368,447,368,458,347,458,text,table_text,table_0,raleway,italic,9.0,13hea_20211228_164033_2727570695_600_800.png,/scratch/parceirosbr/bigoilict/share/BigOil/document_generator/datasets/documents_2021_12_28/13hea_20211228_164033_2727570695_600_800.png,13hea_20211228_164033_2727570695_600_800_mask.png,2.298
10,5,21,11,347,447,368,458,347,447,368,447,368,458,347,458,sub_line_text,table_text,table_0,raleway,italic,9.0,13hea_20211228_164033_2727570695_600_800.png,/scratch/parceirosbr/bigoilict/share/BigOil/document_generator/datasets/documents_2021_12_28/13hea_20211228_164033_2727570695_600_800.png,13hea_20211228_164033_2727570695_600_800_mask.png,2.298
12,5,24,11,344,461,368,472,344,461,368,461,368,472,344,472,text,table_text,table_0,raleway,italic,9.0,13hea_20211228_164033_2727570695_600_800.png,/scratch/parceirosbr/bigoilict/share/BigOil/document_generator/datasets/documents_2021_12_28/13hea_20211228_164033_2727570695_600_800.png,13hea_20211228_164033_2727570695_600_800_mask.png,20.151
12,5,24,11,344,461,368,472,344,461,368,461,368,472,344,472,sub_line_text,table_text,table_0,raleway,italic,9.0,13hea_20211228_164033_2727570695_600_800.png,/scratch/parceirosbr/bigoilict/share/BigOil/document_generator/datasets/documents_2021_12_28/13hea_20211228_164033_2727570695_600_800.png,13hea_20211228_164033_2727570695_600_800_mask.png,20.151
10,5,21,11,347,474,368,485,347,474,368,474,368,485,347,485,text,table_text,table_0,raleway,italic,9.0,13hea_20211228_164033_2727570695_600_800.png,/scratch/parceirosbr/bigoilict/share/BigOil/document_generator/datasets/documents_2021_12_28/13hea_20211228_164033_2727570695_600_800.png,13hea_20211228_164033_2727570695_600_800_mask.png,4.025
10,5,21,11,347,474,368,485,347,474,368,474,368,485,347,485,sub_line_text,table_text,table_0,raleway,italic,9.0,13hea_20211228_164033_2727570695_600_800.png,/scratch/parceirosbr/bigoilict/share/BigOil/document_generator/datasets/documents_2021_12_28/13hea_20211228_164033_2727570695_600_800.png,13hea_20211228_164033_2727570695_600_800_mask.png,4.025
11,5,23,11,345,488,368,499,345,488,368,488,368,499,345,499,text,table_text,table_0,raleway,italic,9.0,13hea_20211228_164033_2727570695_600_800.png,/scratch/parceirosbr/bigoilict/share/BigOil/document_generator/datasets/documents_2021_12_28/13hea_20211228_164033_2727570695_600_800.png,13hea_20211228_164033_2727570695_600_800_mask.png,51.151
11,5,23,11,345,488,368,499,345,488,368,488,368,499,345,499,sub_line_text,table_text,table_0,raleway,italic,9.0,13hea_20211228_164033_2727570695_600_800.png,/scratch/parceirosbr/bigoilict/share/BigOil/document_generator/datasets/documents_2021_12_28/13hea_20211228_164033_2727570695_600_800.png,13hea_20211228_164033_2727570695_600_800_mask.png,51.151
15,5,30,11,338,501,368,512,338,501,368,501,368,512,338,512,text,table_text,table_0,raleway,italic,9.0,13hea_20211228_164033_2727570695_600_800.png,/scratch/parceirosbr/bigoilict/share/BigOil/document_generator/datasets/documents_2021_12_28/13hea_20211228_164033_2727570695_600_800.png,13hea_20211228_164033_2727570695_600_800_mask.png,909.052
15,5,30,11,338,501,368,512,338,501,368,501,368,512,338,512,sub_line_text,table_text,table_0,raleway,italic,9.0,13hea_20211228_164033_2727570695_600_800.png,/scratch/parceirosbr/bigoilict/share/BigOil/document_generator/datasets/documents_2021_12_28/13hea_20211228_164033_2727570695_600_800.png,13hea_20211228_164033_2727570695_600_800_mask.png,909.052
15,5,31,11,337,515,368,526,337,515,368,515,368,526,337,526,text,table_text,table_0,raleway,italic,9.0,13hea_20211228_164033_2727570695_600_800.png,/scratch/parceirosbr/bigoilict/share/BigOil/document_generator/datasets/documents_2021_12_28/13hea_20211228_164033_2727570695_600_800.png,13hea_20211228_164033_2727570695_600_800_mask.png,309.082
15,5,31,11,337,515,368,526,337,515,368,515,368,526,337,526,sub_line_text,table_text,table_0,raleway,italic,9.0,13hea_20211228_164033_2727570695_600_800.png,/scratch/parceirosbr/bigoilict/share/BigOil/document_generator/datasets/documents_2021_12_28/13hea_20211228_164033_2727570695_600_800.png,13hea_20211228_164033_2727570695_600_800_mask.png,309.082
10,5,20,11,348,528,368,539,348,528,368,528,368,539,348,539,text,table_text,table_0,raleway,italic,9.0,13hea_20211228_164033_2727570695_600_800.png,/scratch/parceirosbr/bigoilict/share/BigOil/document_generator/datasets/documents_2021_12_28/13hea_20211228_164033_2727570695_600_800.png,13hea_20211228_164033_2727570695_600_800_mask.png,8.564
10,5,20,11,348,528,368,539,348,528,368,528,368,539,348,539,sub_line_text,table_text,table_0,raleway,italic,9.0,13hea_20211228_164033_2727570695_600_800.png,/scratch/parceirosbr/bigoilict/share/BigOil/document_generator/datasets/documents_2021_12_28/13hea_20211228_164033_2727570695_600_800.png,13hea_20211228_164033_2727570695_600_800_mask.png,8.564
15,5,31,11,337,541,368,552,337,541,368,541,368,552,337,552,text,table_text,table_0,raleway,italic,9.0,13hea_20211228_164033_2727570695_600_800.png,/scratch/parceirosbr/bigoilict/share/BigOil/document_generator/datasets/documents_2021_12_28/13hea_20211228_164033_2727570695_600_800.png,13hea_20211228_164033_2727570695_600_800_mask.png,747.400
15,5,31,11,337,541,368,552,337,541,368,541,368,552,337,552,sub_line_text,table_text,table_0,raleway,italic,9.0,13hea_20211228_164033_2727570695_600_800.png,/scratch/parceirosbr/bigoilict/share/BigOil/document_generator/datasets/documents_2021_12_28/13hea_20211228_164033_2727570695_600_800.png,13hea_20211228_164033_2727570695_600_800_mask.png,747.400
14,5,29,11,339,555,368,566,339,555,368,555,368,566,339,566,text,table_text,table_0,raleway,italic,9.0,13hea_20211228_164033_2727570695_600_800.png,/scratch/parceirosbr/bigoilict/share/BigOil/document_generator/datasets/documents_2021_12_28/13hea_20211228_164033_2727570695_600_800.png,13hea_20211228_164033_2727570695_600_800_mask.png,132.679
14,5,29,11,339,555,368,566,339,555,368,555,368,566,339,566,sub_line_text,table_text,table_0,raleway,italic,9.0,13hea_20211228_164033_2727570695_600_800.png,/scratch/parceirosbr/bigoilict/share/BigOil/document_generator/datasets/documents_2021_12_28/13hea_20211228_164033_2727570695_600_800.png,13hea_20211228_164033_2727570695_600_800_mask.png,132.679
12,5,24,11,344,568,368,579,344,568,368,568,368,579,344,579,text,table_text,table_0,raleway,italic,9.0,13hea_20211228_164033_2727570695_600_800.png,/scratch/parceirosbr/bigoilict/share/BigOil/document_generator/datasets/documents_2021_12_28/13hea_20211228_164033_2727570695_600_800.png,13hea_20211228_164033_2727570695_600_800_mask.png,16.734
12,5,24,11,344,568,368,579,344,568,368,568,368,579,344,579,sub_line_text,table_text,table_0,raleway,italic,9.0,13hea_20211228_164033_2727570695_600_800.png,/scratch/parceirosbr/bigoilict/share/BigOil/document_generator/datasets/documents_2021_12_28/13hea_20211228_164033_2727570695_600_800.png,13hea_20211228_164033_2727570695_600_800_mask.png,16.734
13,5,27,11,485,582,512,593,485,582,512,582,512,593,485,593,text,table_text,table_0,raleway,italic,9.0,13hea_20211228_164033_2727570695_600_800.png,/scratch/parceirosbr/bigoilict/share/BigOil/document_generator/datasets/documents_2021_12_28/13hea_20211228_164033_2727570695_600_800.png,13hea_20211228_164033_2727570695_600_800_mask.png,55.076
13,5,27,11,485,582,512,593,485,582,512,582,512,593,485,593,sub_line_text,table_text,table_0,raleway,italic,9.0,13hea_20211228_164033_2727570695_600_800.png,/scratch/parceirosbr/bigoilict/share/BigOil/document_generator/datasets/documents_2021_12_28/13hea_20211228_164033_2727570695_600_800.png,13hea_20211228_164033_2727570695_600_800_mask.png,55.076
13,5,27,11,485,385,512,396,485,385,512,385,512,396,485,396,text,table_text,table_0,raleway,italic,9.0,13hea_20211228_164033_2727570695_600_800.png,/scratch/parceirosbr/bigoilict/share/BigOil/document_generator/datasets/documents_2021_12_28/13hea_20211228_164033_2727570695_600_800.png,13hea_20211228_164033_2727570695_600_800_mask.png,grande
13,5,27,11,485,385,512,396,485,385,512,385,512,396,485,396,sub_line_text,table_text,table_0,raleway,italic,9.0,13hea_20211228_164033_2727570695_600_800.png,/scratch/parceirosbr/bigoilict/share/BigOil/document_generator/datasets/documents_2021_12_28/13hea_20211228_164033_2727570695_600_800.png,13hea_20211228_164033_2727570695_600_800_mask.png,grande
42,5,85,11,427,407,512,418,427,407,512,407,512,418,427,418,text,table_text,table_0,raleway,italic,9.0,13hea_20211228_164033_2727570695_600_800.png,/scratch/parceirosbr/bigoilict/share/BigOil/document_generator/datasets/documents_2021_12_28/13hea_20211228_164033_2727570695_600_800.png,13hea_20211228_164033_2727570695_600_800_mask.png,11490334909816353.6
42,5,85,11,427,407,512,418,427,407,512,407,512,418,427,418,sub_line_text,table_text,table_0,raleway,italic,9.0,13hea_20211228_164033_2727570695_600_800.png,/scratch/parceirosbr/bigoilict/share/BigOil/document_generator/datasets/documents_2021_12_28/13hea_20211228_164033_2727570695_600_800.png,13hea_20211228_164033_2727570695_600_800_mask.png,11490334909816353.6
42,5,84,11,428,421,512,432,428,421,512,421,512,432,428,432,text,table_text,table_0,raleway,italic,9.0,13hea_20211228_164033_2727570695_600_800.png,/scratch/parceirosbr/bigoilict/share/BigOil/document_generator/datasets/documents_2021_12_28/13hea_20211228_164033_2727570695_600_800.png,13hea_20211228_164033_2727570695_600_800_mask.png,85412121640576028.5
42,5,84,11,428,421,512,432,428,421,512,421,512,432,428,432,sub_line_text,table_text,table_0,raleway,italic,9.0,13hea_20211228_164033_2727570695_600_800.png,/scratch/parceirosbr/bigoilict/share/BigOil/document_generator/datasets/documents_2021_12_28/13hea_20211228_164033_2727570695_600_800.png,13hea_20211228_164033_2727570695_600_800_mask.png,85412121640576028.5
43,5,86,11,426,434,512,445,426,434,512,434,512,445,426,445,text,table_text,table_0,raleway,italic,9.0,13hea_20211228_164033_2727570695_600_800.png,/scratch/parceirosbr/bigoilict/share/BigOil/document_generator/datasets/documents_2021_12_28/13hea_20211228_164033_2727570695_600_800.png,13hea_20211228_164033_2727570695_600_800_mask.png,16658903937640402.3
43,5,86,11,426,434,512,445,426,434,512,434,512,445,426,445,sub_line_text,table_text,table_0,raleway,italic,9.0,13hea_20211228_164033_2727570695_600_800.png,/scratch/parceirosbr/bigoilict/share/BigOil/document_generator/datasets/documents_2021_12_28/13hea_20211228_164033_2727570695_600_800.png,13hea_20211228_164033_2727570695_600_800_mask.png,16658903937640402.3
43,5,86,11,426,447,512,458,426,447,512,447,512,458,426,458,text,table_text,table_0,raleway,italic,9.0,13hea_20211228_164033_2727570695_600_800.png,/scratch/parceirosbr/bigoilict/share/BigOil/document_generator/datasets/documents_2021_12_28/13hea_20211228_164033_2727570695_600_800.png,13hea_20211228_164033_2727570695_600_800_mask.png,45543029662402155.1
43,5,86,11,426,447,512,458,426,447,512,447,512,458,426,458,sub_line_text,table_text,table_0,raleway,italic,9.0,13hea_20211228_164033_2727570695_600_800.png,/scratch/parceirosbr/bigoilict/share/BigOil/document_generator/datasets/documents_2021_12_28/13hea_20211228_164033_2727570695_600_800.png,13hea_20211228_164033_2727570695_600_800_mask.png,45543029662402155.1
42,5,85,11,427,461,512,472,427,461,512,461,512,472,427,472,text,table_text,table_0,raleway,italic,9.0,13hea_20211228_164033_2727570695_600_800.png,/scratch/parceirosbr/bigoilict/share/BigOil/document_generator/datasets/documents_2021_12_28/13hea_20211228_164033_2727570695_600_800.png,13hea_20211228_164033_2727570695_600_800_mask.png,63504347438417597.1
42,5,85,11,427,461,512,472,427,461,512,461,512,472,427,472,sub_line_text,table_text,table_0,raleway,italic,9.0,13hea_20211228_164033_2727570695_600_800.png,/scratch/parceirosbr/bigoilict/share/BigOil/document_generator/datasets/documents_2021_12_28/13hea_20211228_164033_2727570695_600_800.png,13hea_20211228_164033_2727570695_600_800_mask.png,63504347438417597.1
43,5,87,11,425,474,512,485,425,474,512,474,512,485,425,485,text,table_text,table_0,raleway,italic,9.0,13hea_20211228_164033_2727570695_600_800.png,/scratch/parceirosbr/bigoilict/share/BigOil/document_generator/datasets/documents_2021_12_28/13hea_20211228_164033_2727570695_600_800.png,13hea_20211228_164033_2727570695_600_800_mask.png,44012409562756925.4
43,5,87,11,425,474,512,485,425,474,512,474,512,485,425,485,sub_line_text,table_text,table_0,raleway,italic,9.0,13hea_20211228_164033_2727570695_600_800.png,/scratch/parceirosbr/bigoilict/share/BigOil/document_generator/datasets/documents_2021_12_28/13hea_20211228_164033_2727570695_600_800.png,13hea_20211228_164033_2727570695_600_800_mask.png,44012409562756925.4
42,5,85,11,427,488,512,499,427,488,512,488,512,499,427,499,text,table_text,table_0,raleway,italic,9.0,13hea_20211228_164033_2727570695_600_800.png,/scratch/parceirosbr/bigoilict/share/BigOil/document_generator/datasets/documents_2021_12_28/13hea_20211228_164033_2727570695_600_800.png,13hea_20211228_164033_2727570695_600_800_mask.png,34991604201182880.8
42,5,85,11,427,488,512,499,427,488,512,488,512,499,427,499,sub_line_text,table_text,table_0,raleway,italic,9.0,13hea_20211228_164033_2727570695_600_800.png,/scratch/parceirosbr/bigoilict/share/BigOil/document_generator/datasets/documents_2021_12_28/13hea_20211228_164033_2727570695_600_800.png,13hea_20211228_164033_2727570695_600_800_mask.png,34991604201182880.8
43,5,87,11,425,501,512,512,425,501,512,501,512,512,425,512,text,table_text,table_0,raleway,italic,9.0,13hea_20211228_164033_2727570695_600_800.png,/scratch/parceirosbr/bigoilict/share/BigOil/document_generator/datasets/documents_2021_12_28/13hea_20211228_164033_2727570695_600_800.png,13hea_20211228_164033_2727570695_600_800_mask.png,23682859863135398.8
43,5,87,11,425,501,512,512,425,501,512,501,512,512,425,512,sub_line_text,table_text,table_0,raleway,italic,9.0,13hea_20211228_164033_2727570695_600_800.png,/scratch/parceirosbr/bigoilict/share/BigOil/document_generator/datasets/documents_2021_12_28/13hea_20211228_164033_2727570695_600_800.png,13hea_20211228_164033_2727570695_600_800_mask.png,23682859863135398.8
43,5,86,11,426,515,512,526,426,515,512,515,512,526,426,526,text,table_text,table_0,raleway,italic,9.0,13hea_20211228_164033_2727570695_600_800.png,/scratch/parceirosbr/bigoilict/share/BigOil/document_generator/datasets/documents_2021_12_28/13hea_20211228_164033_2727570695_600_800.png,13hea_20211228_164033_2727570695_600_800_mask.png,60439729033109567.8
43,5,86,11,426,515,512,526,426,515,512,515,512,526,426,526,sub_line_text,table_text,table_0,raleway,italic,9.0,13hea_20211228_164033_2727570695_600_800.png,/scratch/parceirosbr/bigoilict/share/BigOil/document_generator/datasets/documents_2021_12_28/13hea_20211228_164033_2727570695_600_800.png,13hea_20211228_164033_2727570695_600_800_mask.png,60439729033109567.8
42,5,85,11,427,528,512,539,427,528,512,528,512,539,427,539,text,table_text,table_0,raleway,italic,9.0,13hea_20211228_164033_2727570695_600_800.png,/scratch/parceirosbr/bigoilict/share/BigOil/document_generator/datasets/documents_2021_12_28/13hea_20211228_164033_2727570695_600_800.png,13hea_20211228_164033_2727570695_600_800_mask.png,82330709136885619.4
42,5,85,11,427,528,512,539,427,528,512,528,512,539,427,539,sub_line_text,table_text,table_0,raleway,italic,9.0,13hea_20211228_164033_2727570695_600_800.png,/scratch/parceirosbr/bigoilict/share/BigOil/document_generator/datasets/documents_2021_12_28/13hea_20211228_164033_2727570695_600_800.png,13hea_20211228_164033_2727570695_600_800_mask.png,82330709136885619.4
44,5,88,11,424,541,512,552,424,541,512,541,512,552,424,552,text,table_text,table_0,raleway,italic,9.0,13hea_20211228_164033_2727570695_600_800.png,/scratch/parceirosbr/bigoilict/share/BigOil/document_generator/datasets/documents_2021_12_28/13hea_20211228_164033_2727570695_600_800.png,13hea_20211228_164033_2727570695_600_800_mask.png,93088690404079354.7
44,5,88,11,424,541,512,552,424,541,512,541,512,552,424,552,sub_line_text,table_text,table_0,raleway,italic,9.0,13hea_20211228_164033_2727570695_600_800.png,/scratch/parceirosbr/bigoilict/share/BigOil/document_generator/datasets/documents_2021_12_28/13hea_20211228_164033_2727570695_600_800.png,13hea_20211228_164033_2727570695_600_800_mask.png,93088690404079354.7
44,5,88,11,424,555,512,566,424,555,512,555,512,566,424,566,text,table_text,table_0,raleway,italic,9.0,13hea_20211228_164033_2727570695_600_800.png,/scratch/parceirosbr/bigoilict/share/BigOil/document_generator/datasets/documents_2021_12_28/13hea_20211228_164033_2727570695_600_800.png,13hea_20211228_164033_2727570695_600_800_mask.png,50237845080434336.2
44,5,88,11,424,555,512,566,424,555,512,555,512,566,424,566,sub_line_text,table_text,table_0,raleway,italic,9.0,13hea_20211228_164033_2727570695_600_800.png,/scratch/parceirosbr/bigoilict/share/BigOil/document_generator/datasets/documents_2021_12_28/13hea_20211228_164033_2727570695_600_800.png,13hea_20211228_164033_2727570695_600_800_mask.png,50237845080434336.2
43,5,87,11,425,568,512,579,425,568,512,568,512,579,425,579,text,table_text,table_0,raleway,italic,9.0,13hea_20211228_164033_2727570695_600_800.png,/scratch/parceirosbr/bigoilict/share/BigOil/document_generator/datasets/documents_2021_12_28/13hea_20211228_164033_2727570695_600_800.png,13hea_20211228_164033_2727570695_600_800_mask.png,39949867301364006.5
43,5,87,11,425,568,512,579,425,568,512,568,512,579,425,579,sub_line_text,table_text,table_0,raleway,italic,9.0,13hea_20211228_164033_2727570695_600_800.png,/scratch/parceirosbr/bigoilict/share/BigOil/document_generator/datasets/documents_2021_12_28/13hea_20211228_164033_2727570695_600_800.png,13hea_20211228_164033_2727570695_600_800_mask.png,39949867301364006.5
92,6,185,12,59,380,244,392,59,380,244,381,244,392,59,391,sub_line_text,table_legend,table_0,raleway,bolditalic,8,13hea_20211228_164033_2727570695_600_800.png,/scratch/parceirosbr/bigoilict/share/BigOil/document_generator/datasets/documents_2021_12_28/13hea_20211228_164033_2727570695_600_800.png,13hea_20211228_164033_2727570695_600_800_mask.png,Tab.   97:      v2.0   de   alguns  agentes  na  aquisi-
92,6,185,12,59,395,244,407,59,395,244,396,244,407,59,406,sub_line_text,table_legend,table_0,raleway,bolditalic,8,13hea_20211228_164033_2727570695_600_800.png,/scratch/parceirosbr/bigoilict/share/BigOil/document_generator/datasets/documents_2021_12_28/13hea_20211228_164033_2727570695_600_800.png,13hea_20211228_164033_2727570695_600_800_mask.png,ção    direta    de   gás   natural   para   o   suprim-
92,6,185,12,59,410,244,422,59,410,244,411,244,422,59,421,sub_line_text,table_legend,table_0,raleway,bolditalic,8,13hea_20211228_164033_2727570695_600_800.png,/scratch/parceirosbr/bigoilict/share/BigOil/document_generator/datasets/documents_2021_12_28/13hea_20211228_164033_2727570695_600_800.png,13hea_20211228_164033_2727570695_600_800_mask.png,ento    desuas    unidades    industriais    no.       A-
93,6,186,12,59,425,245,437,59,425,245,426,245,437,59,436,sub_line_text,table_legend,table_0,raleway,bolditalic,8,13hea_20211228_164033_2727570695_600_800.png,/scratch/parceirosbr/bigoilict/share/BigOil/document_generator/datasets/documents_2021_12_28/13hea_20211228_164033_2727570695_600_800.png,13hea_20211228_164033_2727570695_600_800_mask.png,"ssim,    visando    otimizar    o    fator    de    recup-"
39,5,78,11,59,440,137,451,59,440,137,440,137,451,59,451,sub_line_text,table_legend,table_0,raleway,bolditalic,8,13hea_20211228_164033_2727570695_600_800.png,/scratch/parceirosbr/bigoilict/share/BigOil/document_generator/datasets/documents_2021_12_28/13hea_20211228_164033_2727570695_600_800.png,13hea_20211228_164033_2727570695_600_800_mask.png,"eração, busca-se um"
93,36,186,72,59,380,245,452,59,380,245,381,245,452,59,451,text,table_legend,table_0,raleway,bolditalic,8,13hea_20211228_164033_2727570695_600_800.png,/scratch/parceirosbr/bigoilict/share/BigOil/document_generator/datasets/documents_2021_12_28/13hea_20211228_164033_2727570695_600_800.png,13hea_20211228_164033_2727570695_600_800_mask.png,nan
220,6,440,13,89,615,529,628,89,615,529,616,529,628,89,627,sub_line_text,text,text_0,raleway,regular,9,13hea_20211228_164033_2727570695_600_800.png,/scratch/parceirosbr/bigoilict/share/BigOil/document_generator/datasets/documents_2021_12_28/13hea_20211228_164033_2727570695_600_800.png,13hea_20211228_164033_2727570695_600_800_mask.png,"Esta  técnica  consiste  na  fisissorção  de  um  gás  inerte,  neste  caso,  nitrogênio  a  77K  na  faixa  de pressão"
234,6,469,13,59,632,528,645,59,632,528,633,528,645,59,644,sub_line_text,text,text_0,raleway,regular,9,13hea_20211228_164033_2727570695_600_800.png,/scratch/parceirosbr/bigoilict/share/BigOil/document_generator/datasets/documents_2021_12_28/13hea_20211228_164033_2727570695_600_800.png,13hea_20211228_164033_2727570695_600_800_mask.png,"relativa   (P/P0)   de   0,0  a  1,0.  áreas  específicas  foram  determinadas  pelo  método  de  (Brunauer,  e  o  diâmetro"
235,6,470,13,58,649,528,662,59,649,528,650,527,662,58,661,sub_line_text,text,text_0,raleway,regular,9,13hea_20211228_164033_2727570695_600_800.png,/scratch/parceirosbr/bigoilict/share/BigOil/document_generator/datasets/documents_2021_12_28/13hea_20211228_164033_2727570695_600_800.png,13hea_20211228_164033_2727570695_600_800_mask.png,médio   e   o   volume   de  mesoporos  foram  determinados  a  partir  do  método  de  (abc).  Este  aumento  estimado
235,6,470,13,58,666,528,679,58,666,528,667,528,679,58,678,sub_line_text,text,text_0,raleway,regular,9,13hea_20211228_164033_2727570695_600_800.png,/scratch/parceirosbr/bigoilict/share/BigOil/document_generator/datasets/documents_2021_12_28/13hea_20211228_164033_2727570695_600_800.png,13hea_20211228_164033_2727570695_600_800_mask.png,de   467   mil   barris/dia  no  consumo  pode  ser  atendido  tanto  pela  expansão  da  infraestrutura  de  importações
235,6,470,13,58,683,528,696,58,683,528,684,528,696,58,695,sub_line_text,text,text_0,raleway,regular,9,13hea_20211228_164033_2727570695_600_800.png,/scratch/parceirosbr/bigoilict/share/BigOil/document_generator/datasets/documents_2021_12_28/13hea_20211228_164033_2727570695_600_800.png,13hea_20211228_164033_2727570695_600_800_mask.png,"de  derivados,  quanto  por  novos  investimentos  que  elevem  a  produção  nacional  de  derivados  e  biocombustí-"
9,6,18,12,58,700,76,712,58,700,76,700,76,712,58,712,sub_line_text,text,text_0,raleway,regular,9,13hea_20211228_164033_2727570695_600_800.png,/scratch/parceirosbr/bigoilict/share/BigOil/document_generator/datasets/documents_2021_12_28/13hea_20211228_164033_2727570695_600_800.png,13hea_20211228_164033_2727570695_600_800_mask.png,veis.
235,49,471,98,58,615,529,713,59,615,529,616,528,713,58,712,text,text,text_0,raleway,regular,9,13hea_20211228_164033_2727570695_600_800.png,/scratch/parceirosbr/bigoilict/share/BigOil/document_generator/datasets/documents_2021_12_28/13hea_20211228_164033_2727570695_600_800.png,13hea_20211228_164033_2727570695_600_800_mask.png,nan
203,6,407,13,88,721,495,734,88,721,495,722,495,734,88,733,sub_line_text,text,text_1,raleway,regular,9,13hea_20211228_164033_2727570695_600_800.png,/scratch/parceirosbr/bigoilict/share/BigOil/document_generator/datasets/documents_2021_12_28/13hea_20211228_164033_2727570695_600_800.png,13hea_20211228_164033_2727570695_600_800_mask.png,"Antes de iniciarmos nossos estudos sobre hidrodinâmica em meios porosos, faremosuma breve revi-."
203,6,407,13,88,721,495,734,88,721,495,722,495,734,88,733,text,text,text_1,raleway,regular,9,13hea_20211228_164033_2727570695_600_800.png,/scratch/parceirosbr/bigoilict/share/BigOil/document_generator/datasets/documents_2021_12_28/13hea_20211228_164033_2727570695_600_800.png,13hea_20211228_164033_2727570695_600_800_mask.png,nan
