center_x,center_y,width,height,xmin,ymin,xmax,ymax,top_left_x,top_left_y,top_right_x,top_right_y,bottom_right_x,bottom_right_y,bottom_left_x,bottom_left_y,label,grouplabel,group,text_font,text_style,size_font,filename,path,filename_mask,content
300,400,600,800,0,0,600,800,0,0,600,0,600,800,0,800,document,,,,,,13hea_20211228_164033_1632491665_600_800.png,/scratch/parceirosbr/bigoilict/share/BigOil/document_generator/datasets/documents_2021_12_28/13hea_20211228_164033_1632491665_600_800.png,13hea_20211228_164033_1632491665_600_800_mask.png,
258,1,517,2,42,127,559,129,42,127,559,127,559,129,42,129,line,line,line,,,,13hea_20211228_164033_1632491665_600_800.png,/scratch/parceirosbr/bigoilict/share/BigOil/document_generator/datasets/documents_2021_12_28/13hea_20211228_164033_1632491665_600_800.png,13hea_20211228_164033_1632491665_600_800_mask.png,nan
52,5,104,10,453,87,557,97,453,87,557,87,557,97,453,97,sub_line_text,header,header_1,roboto,regular,8,13hea_20211228_164033_1632491665_600_800.png,/scratch/parceirosbr/bigoilict/share/BigOil/document_generator/datasets/documents_2021_12_28/13hea_20211228_164033_1632491665_600_800.png,13hea_20211228_164033_1632491665_600_800_mask.png,Pode-se depreender do mapa
52,5,104,10,453,87,557,97,453,87,557,87,557,97,453,97,text,header,header_1,roboto,regular,8,13hea_20211228_164033_1632491665_600_800.png,/scratch/parceirosbr/bigoilict/share/BigOil/document_generator/datasets/documents_2021_12_28/13hea_20211228_164033_1632491665_600_800.png,13hea_20211228_164033_1632491665_600_800_mask.png,nan
13,16,26,33,103,87,129,120,103,87,129,87,129,120,103,120,image,image,image,,,,13hea_20211228_164033_1632491665_600_800.png,/scratch/parceirosbr/bigoilict/share/BigOil/document_generator/datasets/documents_2021_12_28/13hea_20211228_164033_1632491665_600_800.png,13hea_20211228_164033_1632491665_600_800_mask.png,/scratch/parceirosbr/bigoilict/share/BigOil/document_generator/files_images_document_generator/logos\image_5.jpg
108,84,216,168,238,135,454,303,238,135,454,135,454,303,238,303,image,figure_image,figure_0,,,,13hea_20211228_164033_1632491665_600_800.png,/scratch/parceirosbr/bigoilict/share/BigOil/document_generator/datasets/documents_2021_12_28/13hea_20211228_164033_1632491665_600_800.png,13hea_20211228_164033_1632491665_600_800_mask.png,output/gen_img_20211228_164033_3179783490.png
12,1,24,3,363,282,387,285,363,279,388,282,387,288,362,285,text,figure_text,figure_0,,,,13hea_20211228_164033_1632491665_600_800.png,/scratch/parceirosbr/bigoilict/share/BigOil/document_generator/datasets/documents_2021_12_28/13hea_20211228_164033_1632491665_600_800.png,13hea_20211228_164033_1632491665_600_800_mask.png,Energy (kw)
12,1,24,3,363,282,387,285,363,279,388,282,387,288,362,285,sub_line_text,figure_text,figure_0,,,,13hea_20211228_164033_1632491665_600_800.png,/scratch/parceirosbr/bigoilict/share/BigOil/document_generator/datasets/documents_2021_12_28/13hea_20211228_164033_1632491665_600_800.png,13hea_20211228_164033_1632491665_600_800_mask.png,Energy (kw)
19,3,38,7,405,274,443,281,405,275,443,274,443,280,405,281,text,figure_text,figure_0,,,,13hea_20211228_164033_1632491665_600_800.png,/scratch/parceirosbr/bigoilict/share/BigOil/document_generator/datasets/documents_2021_12_28/13hea_20211228_164033_1632491665_600_800.png,13hea_20211228_164033_1632491665_600_800_mask.png,Consumption (KB)
19,3,38,7,405,274,443,281,405,275,443,274,443,280,405,281,sub_line_text,figure_text,figure_0,,,,13hea_20211228_164033_1632491665_600_800.png,/scratch/parceirosbr/bigoilict/share/BigOil/document_generator/datasets/documents_2021_12_28/13hea_20211228_164033_1632491665_600_800.png,13hea_20211228_164033_1632491665_600_800_mask.png,Consumption (KB)
12,3,25,7,391,225,416,232,391,226,415,225,416,231,391,232,text,figure_text,figure_0,,,,13hea_20211228_164033_1632491665_600_800.png,/scratch/parceirosbr/bigoilict/share/BigOil/document_generator/datasets/documents_2021_12_28/13hea_20211228_164033_1632491665_600_800.png,13hea_20211228_164033_1632491665_600_800_mask.png,Quality[KB]
12,3,25,7,391,225,416,232,391,226,415,225,416,231,391,232,sub_line_text,figure_text,figure_0,,,,13hea_20211228_164033_1632491665_600_800.png,/scratch/parceirosbr/bigoilict/share/BigOil/document_generator/datasets/documents_2021_12_28/13hea_20211228_164033_1632491665_600_800.png,13hea_20211228_164033_1632491665_600_800_mask.png,Quality[KB]
3,1,6,3,319,218,325,221,319,216,327,218,325,223,318,221,text,figure_text,figure_0,,,,13hea_20211228_164033_1632491665_600_800.png,/scratch/parceirosbr/bigoilict/share/BigOil/document_generator/datasets/documents_2021_12_28/13hea_20211228_164033_1632491665_600_800.png,13hea_20211228_164033_1632491665_600_800_mask.png,145
3,1,6,3,319,218,325,221,319,216,327,218,325,223,318,221,sub_line_text,figure_text,figure_0,,,,13hea_20211228_164033_1632491665_600_800.png,/scratch/parceirosbr/bigoilict/share/BigOil/document_generator/datasets/documents_2021_12_28/13hea_20211228_164033_1632491665_600_800.png,13hea_20211228_164033_1632491665_600_800_mask.png,145
19,5,39,10,333,172,372,182,333,176,372,172,372,178,334,182,text,figure_text,figure_0,,,,13hea_20211228_164033_1632491665_600_800.png,/scratch/parceirosbr/bigoilict/share/BigOil/document_generator/datasets/documents_2021_12_28/13hea_20211228_164033_1632491665_600_800.png,13hea_20211228_164033_1632491665_600_800_mask.png,Consumption [KB]
19,5,39,10,333,172,372,182,333,176,372,172,372,178,334,182,sub_line_text,figure_text,figure_0,,,,13hea_20211228_164033_1632491665_600_800.png,/scratch/parceirosbr/bigoilict/share/BigOil/document_generator/datasets/documents_2021_12_28/13hea_20211228_164033_1632491665_600_800.png,13hea_20211228_164033_1632491665_600_800_mask.png,Consumption [KB]
14,1,28,3,297,207,325,210,297,204,325,207,325,213,297,210,text,figure_text,figure_0,,,,13hea_20211228_164033_1632491665_600_800.png,/scratch/parceirosbr/bigoilict/share/BigOil/document_generator/datasets/documents_2021_12_28/13hea_20211228_164033_1632491665_600_800.png,13hea_20211228_164033_1632491665_600_800_mask.png,Demand (TB)
14,1,28,3,297,207,325,210,297,204,325,207,325,213,297,210,sub_line_text,figure_text,figure_0,,,,13hea_20211228_164033_1632491665_600_800.png,/scratch/parceirosbr/bigoilict/share/BigOil/document_generator/datasets/documents_2021_12_28/13hea_20211228_164033_1632491665_600_800.png,13hea_20211228_164033_1632491665_600_800_mask.png,Demand (TB)
6,3,12,7,386,208,398,215,386,210,396,208,398,213,387,215,text,figure_text,figure_0,,,,13hea_20211228_164033_1632491665_600_800.png,/scratch/parceirosbr/bigoilict/share/BigOil/document_generator/datasets/documents_2021_12_28/13hea_20211228_164033_1632491665_600_800.png,13hea_20211228_164033_1632491665_600_800_mask.png,Time
6,3,12,7,386,208,398,215,386,210,396,208,398,213,387,215,sub_line_text,figure_text,figure_0,,,,13hea_20211228_164033_1632491665_600_800.png,/scratch/parceirosbr/bigoilict/share/BigOil/document_generator/datasets/documents_2021_12_28/13hea_20211228_164033_1632491665_600_800.png,13hea_20211228_164033_1632491665_600_800_mask.png,Time
9,4,19,9,402,262,421,271,402,265,420,262,421,268,403,271,text,figure_text,figure_0,,,,13hea_20211228_164033_1632491665_600_800.png,/scratch/parceirosbr/bigoilict/share/BigOil/document_generator/datasets/documents_2021_12_28/13hea_20211228_164033_1632491665_600_800.png,13hea_20211228_164033_1632491665_600_800_mask.png,Strength
9,4,19,9,402,262,421,271,402,265,420,262,421,268,403,271,sub_line_text,figure_text,figure_0,,,,13hea_20211228_164033_1632491665_600_800.png,/scratch/parceirosbr/bigoilict/share/BigOil/document_generator/datasets/documents_2021_12_28/13hea_20211228_164033_1632491665_600_800.png,13hea_20211228_164033_1632491665_600_800_mask.png,Strength
12,3,24,7,310,262,334,269,310,264,334,262,334,267,310,269,text,figure_text,figure_0,,,,13hea_20211228_164033_1632491665_600_800.png,/scratch/parceirosbr/bigoilict/share/BigOil/document_generator/datasets/documents_2021_12_28/13hea_20211228_164033_1632491665_600_800.png,13hea_20211228_164033_1632491665_600_800_mask.png,Female (M)
12,3,24,7,310,262,334,269,310,264,334,262,334,267,310,269,sub_line_text,figure_text,figure_0,,,,13hea_20211228_164033_1632491665_600_800.png,/scratch/parceirosbr/bigoilict/share/BigOil/document_generator/datasets/documents_2021_12_28/13hea_20211228_164033_1632491665_600_800.png,13hea_20211228_164033_1632491665_600_800_mask.png,Female (M)
8,2,17,4,382,199,399,203,382,197,400,199,399,205,381,203,text,figure_text,figure_0,,,,13hea_20211228_164033_1632491665_600_800.png,/scratch/parceirosbr/bigoilict/share/BigOil/document_generator/datasets/documents_2021_12_28/13hea_20211228_164033_1632491665_600_800.png,13hea_20211228_164033_1632491665_600_800_mask.png,Liters [L]
8,2,17,4,382,199,399,203,382,197,400,199,399,205,381,203,sub_line_text,figure_text,figure_0,,,,13hea_20211228_164033_1632491665_600_800.png,/scratch/parceirosbr/bigoilict/share/BigOil/document_generator/datasets/documents_2021_12_28/13hea_20211228_164033_1632491665_600_800.png,13hea_20211228_164033_1632491665_600_800_mask.png,Liters [L]
7,3,14,7,262,196,276,203,262,198,276,196,276,201,262,203,text,figure_text,figure_0,,,,13hea_20211228_164033_1632491665_600_800.png,/scratch/parceirosbr/bigoilict/share/BigOil/document_generator/datasets/documents_2021_12_28/13hea_20211228_164033_1632491665_600_800.png,13hea_20211228_164033_1632491665_600_800_mask.png,Scores
7,3,14,7,262,196,276,203,262,198,276,196,276,201,262,203,sub_line_text,figure_text,figure_0,,,,13hea_20211228_164033_1632491665_600_800.png,/scratch/parceirosbr/bigoilict/share/BigOil/document_generator/datasets/documents_2021_12_28/13hea_20211228_164033_1632491665_600_800.png,13hea_20211228_164033_1632491665_600_800_mask.png,Scores
10,5,21,10,244,185,265,195,244,189,263,185,265,190,245,195,text,figure_text,figure_0,,,,13hea_20211228_164033_1632491665_600_800.png,/scratch/parceirosbr/bigoilict/share/BigOil/document_generator/datasets/documents_2021_12_28/13hea_20211228_164033_1632491665_600_800.png,13hea_20211228_164033_1632491665_600_800_mask.png,Water [L]
10,5,21,10,244,185,265,195,244,189,263,185,265,190,245,195,sub_line_text,figure_text,figure_0,,,,13hea_20211228_164033_1632491665_600_800.png,/scratch/parceirosbr/bigoilict/share/BigOil/document_generator/datasets/documents_2021_12_28/13hea_20211228_164033_1632491665_600_800.png,13hea_20211228_164033_1632491665_600_800_mask.png,Water [L]
6,3,12,6,352,149,364,155,352,150,364,149,364,154,352,155,text,figure_text,figure_0,,,,13hea_20211228_164033_1632491665_600_800.png,/scratch/parceirosbr/bigoilict/share/BigOil/document_generator/datasets/documents_2021_12_28/13hea_20211228_164033_1632491665_600_800.png,13hea_20211228_164033_1632491665_600_800_mask.png,647%
6,3,12,6,352,149,364,155,352,150,364,149,364,154,352,155,sub_line_text,figure_text,figure_0,,,,13hea_20211228_164033_1632491665_600_800.png,/scratch/parceirosbr/bigoilict/share/BigOil/document_generator/datasets/documents_2021_12_28/13hea_20211228_164033_1632491665_600_800.png,13hea_20211228_164033_1632491665_600_800_mask.png,647%
8,1,16,3,365,162,381,165,365,159,382,162,381,168,364,165,text,figure_text,figure_0,,,,13hea_20211228_164033_1632491665_600_800.png,/scratch/parceirosbr/bigoilict/share/BigOil/document_generator/datasets/documents_2021_12_28/13hea_20211228_164033_1632491665_600_800.png,13hea_20211228_164033_1632491665_600_800_mask.png,Projects
8,1,16,3,365,162,381,165,365,159,382,162,381,168,364,165,sub_line_text,figure_text,figure_0,,,,13hea_20211228_164033_1632491665_600_800.png,/scratch/parceirosbr/bigoilict/share/BigOil/document_generator/datasets/documents_2021_12_28/13hea_20211228_164033_1632491665_600_800.png,13hea_20211228_164033_1632491665_600_800_mask.png,Projects
6,3,13,6,403,210,416,216,403,211,416,210,416,215,403,216,text,figure_text,figure_0,,,,13hea_20211228_164033_1632491665_600_800.png,/scratch/parceirosbr/bigoilict/share/BigOil/document_generator/datasets/documents_2021_12_28/13hea_20211228_164033_1632491665_600_800.png,13hea_20211228_164033_1632491665_600_800_mask.png,-386%
6,3,13,6,403,210,416,216,403,211,416,210,416,215,403,216,sub_line_text,figure_text,figure_0,,,,13hea_20211228_164033_1632491665_600_800.png,/scratch/parceirosbr/bigoilict/share/BigOil/document_generator/datasets/documents_2021_12_28/13hea_20211228_164033_1632491665_600_800.png,13hea_20211228_164033_1632491665_600_800_mask.png,-386%
10,3,20,7,240,272,260,279,240,274,259,272,260,278,241,279,text,figure_text,figure_0,,,,13hea_20211228_164033_1632491665_600_800.png,/scratch/parceirosbr/bigoilict/share/BigOil/document_generator/datasets/documents_2021_12_28/13hea_20211228_164033_1632491665_600_800.png,13hea_20211228_164033_1632491665_600_800_mask.png,Level [kl]
10,3,20,7,240,272,260,279,240,274,259,272,260,278,241,279,sub_line_text,figure_text,figure_0,,,,13hea_20211228_164033_1632491665_600_800.png,/scratch/parceirosbr/bigoilict/share/BigOil/document_generator/datasets/documents_2021_12_28/13hea_20211228_164033_1632491665_600_800.png,13hea_20211228_164033_1632491665_600_800_mask.png,Level [kl]
13,4,26,9,323,147,349,156,323,150,349,147,349,153,323,156,text,figure_text,figure_0,,,,13hea_20211228_164033_1632491665_600_800.png,/scratch/parceirosbr/bigoilict/share/BigOil/document_generator/datasets/documents_2021_12_28/13hea_20211228_164033_1632491665_600_800.png,13hea_20211228_164033_1632491665_600_800_mask.png,Volume (TB)
13,4,26,9,323,147,349,156,323,150,349,147,349,153,323,156,sub_line_text,figure_text,figure_0,,,,13hea_20211228_164033_1632491665_600_800.png,/scratch/parceirosbr/bigoilict/share/BigOil/document_generator/datasets/documents_2021_12_28/13hea_20211228_164033_1632491665_600_800.png,13hea_20211228_164033_1632491665_600_800_mask.png,Volume (TB)
4,3,8,6,414,171,422,177,414,173,421,171,422,176,414,177,text,figure_text,figure_0,,,,13hea_20211228_164033_1632491665_600_800.png,/scratch/parceirosbr/bigoilict/share/BigOil/document_generator/datasets/documents_2021_12_28/13hea_20211228_164033_1632491665_600_800.png,13hea_20211228_164033_1632491665_600_800_mask.png,684
4,3,8,6,414,171,422,177,414,173,421,171,422,176,414,177,sub_line_text,figure_text,figure_0,,,,13hea_20211228_164033_1632491665_600_800.png,/scratch/parceirosbr/bigoilict/share/BigOil/document_generator/datasets/documents_2021_12_28/13hea_20211228_164033_1632491665_600_800.png,13hea_20211228_164033_1632491665_600_800_mask.png,684
12,4,25,8,304,196,329,204,304,198,329,196,329,202,304,204,text,figure_text,figure_0,,,,13hea_20211228_164033_1632491665_600_800.png,/scratch/parceirosbr/bigoilict/share/BigOil/document_generator/datasets/documents_2021_12_28/13hea_20211228_164033_1632491665_600_800.png,13hea_20211228_164033_1632491665_600_800_mask.png,Energy (kw)
12,4,25,8,304,196,329,204,304,198,329,196,329,202,304,204,sub_line_text,figure_text,figure_0,,,,13hea_20211228_164033_1632491665_600_800.png,/scratch/parceirosbr/bigoilict/share/BigOil/document_generator/datasets/documents_2021_12_28/13hea_20211228_164033_1632491665_600_800.png,13hea_20211228_164033_1632491665_600_800_mask.png,Energy (kw)
7,2,15,4,426,179,441,183,426,178,442,179,441,184,425,183,text,figure_text,figure_0,,,,13hea_20211228_164033_1632491665_600_800.png,/scratch/parceirosbr/bigoilict/share/BigOil/document_generator/datasets/documents_2021_12_28/13hea_20211228_164033_1632491665_600_800.png,13hea_20211228_164033_1632491665_600_800_mask.png,-2530.5
7,2,15,4,426,179,441,183,426,178,442,179,441,184,425,183,sub_line_text,figure_text,figure_0,,,,13hea_20211228_164033_1632491665_600_800.png,/scratch/parceirosbr/bigoilict/share/BigOil/document_generator/datasets/documents_2021_12_28/13hea_20211228_164033_1632491665_600_800.png,13hea_20211228_164033_1632491665_600_800_mask.png,-2530.5
9,1,19,3,240,174,259,177,240,172,260,174,259,180,239,177,text,figure_text,figure_0,,,,13hea_20211228_164033_1632491665_600_800.png,/scratch/parceirosbr/bigoilict/share/BigOil/document_generator/datasets/documents_2021_12_28/13hea_20211228_164033_1632491665_600_800.png,13hea_20211228_164033_1632491665_600_800_mask.png,Data [KB]
9,1,19,3,240,174,259,177,240,172,260,174,259,180,239,177,sub_line_text,figure_text,figure_0,,,,13hea_20211228_164033_1632491665_600_800.png,/scratch/parceirosbr/bigoilict/share/BigOil/document_generator/datasets/documents_2021_12_28/13hea_20211228_164033_1632491665_600_800.png,13hea_20211228_164033_1632491665_600_800_mask.png,Data [KB]
7,1,15,2,316,250,331,252,316,246,333,250,331,256,314,252,text,figure_text,figure_0,,,,13hea_20211228_164033_1632491665_600_800.png,/scratch/parceirosbr/bigoilict/share/BigOil/document_generator/datasets/documents_2021_12_28/13hea_20211228_164033_1632491665_600_800.png,13hea_20211228_164033_1632491665_600_800_mask.png,Average
7,1,15,2,316,250,331,252,316,246,333,250,331,256,314,252,sub_line_text,figure_text,figure_0,,,,13hea_20211228_164033_1632491665_600_800.png,/scratch/parceirosbr/bigoilict/share/BigOil/document_generator/datasets/documents_2021_12_28/13hea_20211228_164033_1632491665_600_800.png,13hea_20211228_164033_1632491665_600_800_mask.png,Average
30,4,60,8,53,135,113,143,53,135,113,135,113,143,53,143,sub_line_text,figure_legend,figure_0,roboto,italic,7,13hea_20211228_164033_1632491665_600_800.png,/scratch/parceirosbr/bigoilict/share/BigOil/document_generator/datasets/documents_2021_12_28/13hea_20211228_164033_1632491665_600_800.png,13hea_20211228_164033_1632491665_600_800_mask.png,Fig.  55:    The nor-
30,4,60,8,53,146,113,154,53,146,113,146,113,154,53,154,sub_line_text,figure_legend,figure_0,roboto,italic,7,13hea_20211228_164033_1632491665_600_800.png,/scratch/parceirosbr/bigoilict/share/BigOil/document_generator/datasets/documents_2021_12_28/13hea_20211228_164033_1632491665_600_800.png,13hea_20211228_164033_1632491665_600_800_mask.png,thern  coast  of  do
30,4,60,8,53,157,113,165,53,157,113,157,113,165,53,165,sub_line_text,figure_legend,figure_0,roboto,italic,7,13hea_20211228_164033_1632491665_600_800.png,/scratch/parceirosbr/bigoilict/share/BigOil/document_generator/datasets/documents_2021_12_28/13hea_20211228_164033_1632491665_600_800.png,13hea_20211228_164033_1632491665_600_800_mask.png,northeast    has   a
30,4,61,8,53,168,114,176,53,168,114,168,114,176,53,176,sub_line_text,figure_legend,figure_0,roboto,italic,7,13hea_20211228_164033_1632491665_600_800.png,/scratch/parceirosbr/bigoilict/share/BigOil/document_generator/datasets/documents_2021_12_28/13hea_20211228_164033_1632491665_600_800.png,13hea_20211228_164033_1632491665_600_800_mask.png,high    environmen-
30,4,60,8,53,179,113,187,53,179,113,179,113,187,53,187,sub_line_text,figure_legend,figure_0,roboto,italic,7,13hea_20211228_164033_1632491665_600_800.png,/scratch/parceirosbr/bigoilict/share/BigOil/document_generator/datasets/documents_2021_12_28/13hea_20211228_164033_1632491665_600_800.png,13hea_20211228_164033_1632491665_600_800_mask.png,tal    sensitivity   a-
30,4,61,8,53,190,114,198,53,190,114,190,114,198,53,198,sub_line_text,figure_legend,figure_0,roboto,italic,7,13hea_20211228_164033_1632491665_600_800.png,/scratch/parceirosbr/bigoilict/share/BigOil/document_generator/datasets/documents_2021_12_28/13hea_20211228_164033_1632491665_600_800.png,13hea_20211228_164033_1632491665_600_800_mask.png,nd  is  largely  occ-
30,4,61,8,53,201,114,209,53,201,114,201,114,209,53,209,sub_line_text,figure_legend,figure_0,roboto,italic,7,13hea_20211228_164033_1632491665_600_800.png,/scratch/parceirosbr/bigoilict/share/BigOil/document_generator/datasets/documents_2021_12_28/13hea_20211228_164033_1632491665_600_800.png,13hea_20211228_164033_1632491665_600_800_mask.png,upied   by   impact-
30,4,60,8,53,212,113,220,53,212,113,212,113,220,53,220,sub_line_text,figure_legend,figure_0,roboto,italic,7,13hea_20211228_164033_1632491665_600_800.png,/scratch/parceirosbr/bigoilict/share/BigOil/document_generator/datasets/documents_2021_12_28/13hea_20211228_164033_1632491665_600_800.png,13hea_20211228_164033_1632491665_600_800_mask.png,ing   activities  like
30,4,61,8,53,223,114,231,53,223,114,223,114,231,53,231,sub_line_text,figure_legend,figure_0,roboto,italic,7,13hea_20211228_164033_1632491665_600_800.png,/scratch/parceirosbr/bigoilict/share/BigOil/document_generator/datasets/documents_2021_12_28/13hea_20211228_164033_1632491665_600_800.png,13hea_20211228_164033_1632491665_600_800_mask.png,"oil,  wind,  salt  and"
11,4,22,8,53,234,75,242,53,234,75,234,75,242,53,242,sub_line_text,figure_legend,figure_0,roboto,italic,7,13hea_20211228_164033_1632491665_600_800.png,/scratch/parceirosbr/bigoilict/share/BigOil/document_generator/datasets/documents_2021_12_28/13hea_20211228_164033_1632491665_600_800.png,13hea_20211228_164033_1632491665_600_800_mask.png,shrimp
30,53,61,107,53,135,114,242,53,135,114,135,114,242,53,242,text,figure_legend,figure_0,roboto,italic,7,13hea_20211228_164033_1632491665_600_800.png,/scratch/parceirosbr/bigoilict/share/BigOil/document_generator/datasets/documents_2021_12_28/13hea_20211228_164033_1632491665_600_800.png,13hea_20211228_164033_1632491665_600_800_mask.png,nan
176,159,353,318,188,306,541,624,188,306,541,306,541,624,188,624,table,table_image,table_0,,,,13hea_20211228_164033_1632491665_600_800.png,/scratch/parceirosbr/bigoilict/share/BigOil/document_generator/datasets/documents_2021_12_28/13hea_20211228_164033_1632491665_600_800.png,13hea_20211228_164033_1632491665_600_800_mask.png,output/gen_tab_20211228_164035_2557860809.png
13,4,26,9,222,312,248,321,222,312,248,312,248,321,222,321,text,table_text,table_0,times,regular,8.0,13hea_20211228_164033_1632491665_600_800.png,/scratch/parceirosbr/bigoilict/share/BigOil/document_generator/datasets/documents_2021_12_28/13hea_20211228_164033_1632491665_600_800.png,13hea_20211228_164033_1632491665_600_800_mask.png,partirde
13,4,26,9,222,312,248,321,222,312,248,312,248,321,222,321,sub_line_text,table_text,table_0,times,regular,8.0,13hea_20211228_164033_1632491665_600_800.png,/scratch/parceirosbr/bigoilict/share/BigOil/document_generator/datasets/documents_2021_12_28/13hea_20211228_164033_1632491665_600_800.png,13hea_20211228_164033_1632491665_600_800_mask.png,partirde
16,4,32,9,218,323,250,332,218,323,250,323,250,332,218,332,text,table_text,table_0,times,regular,8.0,13hea_20211228_164033_1632491665_600_800.png,/scratch/parceirosbr/bigoilict/share/BigOil/document_generator/datasets/documents_2021_12_28/13hea_20211228_164033_1632491665_600_800.png,13hea_20211228_164033_1632491665_600_800_mask.png,adiamento
16,4,32,9,218,323,250,332,218,323,250,323,250,332,218,332,sub_line_text,table_text,table_0,times,regular,8.0,13hea_20211228_164033_1632491665_600_800.png,/scratch/parceirosbr/bigoilict/share/BigOil/document_generator/datasets/documents_2021_12_28/13hea_20211228_164033_1632491665_600_800.png,13hea_20211228_164033_1632491665_600_800_mask.png,adiamento
5,4,11,9,229,337,240,346,229,337,240,337,240,346,229,346,text,table_text,table_0,times,italic,8.0,13hea_20211228_164033_1632491665_600_800.png,/scratch/parceirosbr/bigoilict/share/BigOil/document_generator/datasets/documents_2021_12_28/13hea_20211228_164033_1632491665_600_800.png,13hea_20211228_164033_1632491665_600_800_mask.png,não
5,4,11,9,229,337,240,346,229,337,240,337,240,346,229,346,sub_line_text,table_text,table_0,times,italic,8.0,13hea_20211228_164033_1632491665_600_800.png,/scratch/parceirosbr/bigoilict/share/BigOil/document_generator/datasets/documents_2021_12_28/13hea_20211228_164033_1632491665_600_800.png,13hea_20211228_164033_1632491665_600_800_mask.png,não
15,4,31,9,218,349,249,358,218,349,249,349,249,358,218,358,text,table_text,table_0,times,italic,8.0,13hea_20211228_164033_1632491665_600_800.png,/scratch/parceirosbr/bigoilict/share/BigOil/document_generator/datasets/documents_2021_12_28/13hea_20211228_164033_1632491665_600_800.png,13hea_20211228_164033_1632491665_600_800_mask.png,vantagens
15,4,31,9,218,349,249,358,218,349,249,349,249,358,218,358,sub_line_text,table_text,table_0,times,italic,8.0,13hea_20211228_164033_1632491665_600_800.png,/scratch/parceirosbr/bigoilict/share/BigOil/document_generator/datasets/documents_2021_12_28/13hea_20211228_164033_1632491665_600_800.png,13hea_20211228_164033_1632491665_600_800_mask.png,vantagens
12,4,25,9,222,362,247,371,222,362,247,362,247,371,222,371,text,table_text,table_0,times,italic,8.0,13hea_20211228_164033_1632491665_600_800.png,/scratch/parceirosbr/bigoilict/share/BigOil/document_generator/datasets/documents_2021_12_28/13hea_20211228_164033_1632491665_600_800.png,13hea_20211228_164033_1632491665_600_800_mask.png,descrito
12,4,25,9,222,362,247,371,222,362,247,362,247,371,222,371,sub_line_text,table_text,table_0,times,italic,8.0,13hea_20211228_164033_1632491665_600_800.png,/scratch/parceirosbr/bigoilict/share/BigOil/document_generator/datasets/documents_2021_12_28/13hea_20211228_164033_1632491665_600_800.png,13hea_20211228_164033_1632491665_600_800_mask.png,descrito
19,4,38,9,216,374,254,383,216,374,254,374,254,383,216,383,text,table_text,table_0,times,italic,8.0,13hea_20211228_164033_1632491665_600_800.png,/scratch/parceirosbr/bigoilict/share/BigOil/document_generator/datasets/documents_2021_12_28/13hea_20211228_164033_1632491665_600_800.png,13hea_20211228_164033_1632491665_600_800_mask.png,publicações
19,4,38,9,216,374,254,383,216,374,254,374,254,383,216,383,sub_line_text,table_text,table_0,times,italic,8.0,13hea_20211228_164033_1632491665_600_800.png,/scratch/parceirosbr/bigoilict/share/BigOil/document_generator/datasets/documents_2021_12_28/13hea_20211228_164033_1632491665_600_800.png,13hea_20211228_164033_1632491665_600_800_mask.png,publicações
8,4,17,9,226,387,243,396,226,387,243,387,243,396,226,396,text,table_text,table_0,times,italic,8.0,13hea_20211228_164033_1632491665_600_800.png,/scratch/parceirosbr/bigoilict/share/BigOil/document_generator/datasets/documents_2021_12_28/13hea_20211228_164033_1632491665_600_800.png,13hea_20211228_164033_1632491665_600_800_mask.png,áreas
8,4,17,9,226,387,243,396,226,387,243,387,243,396,226,396,sub_line_text,table_text,table_0,times,italic,8.0,13hea_20211228_164033_1632491665_600_800.png,/scratch/parceirosbr/bigoilict/share/BigOil/document_generator/datasets/documents_2021_12_28/13hea_20211228_164033_1632491665_600_800.png,13hea_20211228_164033_1632491665_600_800_mask.png,áreas
17,4,34,9,217,400,251,409,217,400,251,400,251,409,217,409,text,table_text,table_0,times,italic,8.0,13hea_20211228_164033_1632491665_600_800.png,/scratch/parceirosbr/bigoilict/share/BigOil/document_generator/datasets/documents_2021_12_28/13hea_20211228_164033_1632491665_600_800.png,13hea_20211228_164033_1632491665_600_800_mask.png,indefinição
17,4,34,9,217,400,251,409,217,400,251,400,251,409,217,409,sub_line_text,table_text,table_0,times,italic,8.0,13hea_20211228_164033_1632491665_600_800.png,/scratch/parceirosbr/bigoilict/share/BigOil/document_generator/datasets/documents_2021_12_28/13hea_20211228_164033_1632491665_600_800.png,13hea_20211228_164033_1632491665_600_800_mask.png,indefinição
10,4,21,9,224,412,245,421,224,412,245,412,245,421,224,421,text,table_text,table_0,times,italic,8.0,13hea_20211228_164033_1632491665_600_800.png,/scratch/parceirosbr/bigoilict/share/BigOil/document_generator/datasets/documents_2021_12_28/13hea_20211228_164033_1632491665_600_800.png,13hea_20211228_164033_1632491665_600_800_mask.png,termos
10,4,21,9,224,412,245,421,224,412,245,412,245,421,224,421,sub_line_text,table_text,table_0,times,italic,8.0,13hea_20211228_164033_1632491665_600_800.png,/scratch/parceirosbr/bigoilict/share/BigOil/document_generator/datasets/documents_2021_12_28/13hea_20211228_164033_1632491665_600_800.png,13hea_20211228_164033_1632491665_600_800_mask.png,termos
17,4,34,9,217,425,251,434,217,425,251,425,251,434,217,434,text,table_text,table_0,times,italic,8.0,13hea_20211228_164033_1632491665_600_800.png,/scratch/parceirosbr/bigoilict/share/BigOil/document_generator/datasets/documents_2021_12_28/13hea_20211228_164033_1632491665_600_800.png,13hea_20211228_164033_1632491665_600_800_mask.png,floculação
17,4,34,9,217,425,251,434,217,425,251,425,251,434,217,434,sub_line_text,table_text,table_0,times,italic,8.0,13hea_20211228_164033_1632491665_600_800.png,/scratch/parceirosbr/bigoilict/share/BigOil/document_generator/datasets/documents_2021_12_28/13hea_20211228_164033_1632491665_600_800.png,13hea_20211228_164033_1632491665_600_800_mask.png,floculação
14,4,28,9,220,437,248,446,220,437,248,437,248,446,220,446,text,table_text,table_0,times,italic,8.0,13hea_20211228_164033_1632491665_600_800.png,/scratch/parceirosbr/bigoilict/share/BigOil/document_generator/datasets/documents_2021_12_28/13hea_20211228_164033_1632491665_600_800.png,13hea_20211228_164033_1632491665_600_800_mask.png,mercado
14,4,28,9,220,437,248,446,220,437,248,437,248,446,220,446,sub_line_text,table_text,table_0,times,italic,8.0,13hea_20211228_164033_1632491665_600_800.png,/scratch/parceirosbr/bigoilict/share/BigOil/document_generator/datasets/documents_2021_12_28/13hea_20211228_164033_1632491665_600_800.png,13hea_20211228_164033_1632491665_600_800_mask.png,mercado
10,4,20,9,224,450,244,459,224,450,244,450,244,459,224,459,text,table_text,table_0,times,italic,8.0,13hea_20211228_164033_1632491665_600_800.png,/scratch/parceirosbr/bigoilict/share/BigOil/document_generator/datasets/documents_2021_12_28/13hea_20211228_164033_1632491665_600_800.png,13hea_20211228_164033_1632491665_600_800_mask.png,muitas
10,4,20,9,224,450,244,459,224,450,244,450,244,459,224,459,sub_line_text,table_text,table_0,times,italic,8.0,13hea_20211228_164033_1632491665_600_800.png,/scratch/parceirosbr/bigoilict/share/BigOil/document_generator/datasets/documents_2021_12_28/13hea_20211228_164033_1632491665_600_800.png,13hea_20211228_164033_1632491665_600_800_mask.png,muitas
18,4,36,9,217,463,253,472,217,463,253,463,253,472,217,472,text,table_text,table_0,times,italic,8.0,13hea_20211228_164033_1632491665_600_800.png,/scratch/parceirosbr/bigoilict/share/BigOil/document_generator/datasets/documents_2021_12_28/13hea_20211228_164033_1632491665_600_800.png,13hea_20211228_164033_1632491665_600_800_mask.png,viscosidade
18,4,36,9,217,463,253,472,217,463,253,463,253,472,217,472,sub_line_text,table_text,table_0,times,italic,8.0,13hea_20211228_164033_1632491665_600_800.png,/scratch/parceirosbr/bigoilict/share/BigOil/document_generator/datasets/documents_2021_12_28/13hea_20211228_164033_1632491665_600_800.png,13hea_20211228_164033_1632491665_600_800_mask.png,viscosidade
11,4,22,9,224,475,246,484,224,475,246,475,246,484,224,484,text,table_text,table_0,times,italic,8.0,13hea_20211228_164033_1632491665_600_800.png,/scratch/parceirosbr/bigoilict/share/BigOil/document_generator/datasets/documents_2021_12_28/13hea_20211228_164033_1632491665_600_800.png,13hea_20211228_164033_1632491665_600_800_mask.png,distinto
11,4,22,9,224,475,246,484,224,475,246,475,246,484,224,484,sub_line_text,table_text,table_0,times,italic,8.0,13hea_20211228_164033_1632491665_600_800.png,/scratch/parceirosbr/bigoilict/share/BigOil/document_generator/datasets/documents_2021_12_28/13hea_20211228_164033_1632491665_600_800.png,13hea_20211228_164033_1632491665_600_800_mask.png,distinto
13,4,27,9,221,488,248,497,221,488,248,488,248,497,221,497,text,table_text,table_0,times,italic,8.0,13hea_20211228_164033_1632491665_600_800.png,/scratch/parceirosbr/bigoilict/share/BigOil/document_generator/datasets/documents_2021_12_28/13hea_20211228_164033_1632491665_600_800.png,13hea_20211228_164033_1632491665_600_800_mask.png,garantir
13,4,27,9,221,488,248,497,221,488,248,488,248,497,221,497,sub_line_text,table_text,table_0,times,italic,8.0,13hea_20211228_164033_1632491665_600_800.png,/scratch/parceirosbr/bigoilict/share/BigOil/document_generator/datasets/documents_2021_12_28/13hea_20211228_164033_1632491665_600_800.png,13hea_20211228_164033_1632491665_600_800_mask.png,garantir
12,4,25,9,222,500,247,509,222,500,247,500,247,509,222,509,text,table_text,table_0,times,italic,8.0,13hea_20211228_164033_1632491665_600_800.png,/scratch/parceirosbr/bigoilict/share/BigOil/document_generator/datasets/documents_2021_12_28/13hea_20211228_164033_1632491665_600_800.png,13hea_20211228_164033_1632491665_600_800_mask.png,elevada
12,4,25,9,222,500,247,509,222,500,247,500,247,509,222,509,sub_line_text,table_text,table_0,times,italic,8.0,13hea_20211228_164033_1632491665_600_800.png,/scratch/parceirosbr/bigoilict/share/BigOil/document_generator/datasets/documents_2021_12_28/13hea_20211228_164033_1632491665_600_800.png,13hea_20211228_164033_1632491665_600_800_mask.png,elevada
14,4,28,9,220,513,248,522,220,513,248,513,248,522,220,522,text,table_text,table_0,times,italic,8.0,13hea_20211228_164033_1632491665_600_800.png,/scratch/parceirosbr/bigoilict/share/BigOil/document_generator/datasets/documents_2021_12_28/13hea_20211228_164033_1632491665_600_800.png,13hea_20211228_164033_1632491665_600_800_mask.png,consumo
14,4,28,9,220,513,248,522,220,513,248,513,248,522,220,522,sub_line_text,table_text,table_0,times,italic,8.0,13hea_20211228_164033_1632491665_600_800.png,/scratch/parceirosbr/bigoilict/share/BigOil/document_generator/datasets/documents_2021_12_28/13hea_20211228_164033_1632491665_600_800.png,13hea_20211228_164033_1632491665_600_800_mask.png,consumo
8,4,17,9,226,526,243,535,226,526,243,526,243,535,226,535,text,table_text,table_0,times,italic,8.0,13hea_20211228_164033_1632491665_600_800.png,/scratch/parceirosbr/bigoilict/share/BigOil/document_generator/datasets/documents_2021_12_28/13hea_20211228_164033_1632491665_600_800.png,13hea_20211228_164033_1632491665_600_800_mask.png,julho
8,4,17,9,226,526,243,535,226,526,243,526,243,535,226,535,sub_line_text,table_text,table_0,times,italic,8.0,13hea_20211228_164033_1632491665_600_800.png,/scratch/parceirosbr/bigoilict/share/BigOil/document_generator/datasets/documents_2021_12_28/13hea_20211228_164033_1632491665_600_800.png,13hea_20211228_164033_1632491665_600_800_mask.png,julho
5,4,11,9,229,538,240,547,229,538,240,538,240,547,229,547,text,table_text,table_0,times,italic,8.0,13hea_20211228_164033_1632491665_600_800.png,/scratch/parceirosbr/bigoilict/share/BigOil/document_generator/datasets/documents_2021_12_28/13hea_20211228_164033_1632491665_600_800.png,13hea_20211228_164033_1632491665_600_800_mask.png,tipo
5,4,11,9,229,538,240,547,229,538,240,538,240,547,229,547,sub_line_text,table_text,table_0,times,italic,8.0,13hea_20211228_164033_1632491665_600_800.png,/scratch/parceirosbr/bigoilict/share/BigOil/document_generator/datasets/documents_2021_12_28/13hea_20211228_164033_1632491665_600_800.png,13hea_20211228_164033_1632491665_600_800_mask.png,tipo
8,4,17,9,226,551,243,560,226,551,243,551,243,560,226,560,text,table_text,table_0,times,italic,8.0,13hea_20211228_164033_1632491665_600_800.png,/scratch/parceirosbr/bigoilict/share/BigOil/document_generator/datasets/documents_2021_12_28/13hea_20211228_164033_1632491665_600_800.png,13hea_20211228_164033_1632491665_600_800_mask.png,apelo
8,4,17,9,226,551,243,560,226,551,243,551,243,560,226,560,sub_line_text,table_text,table_0,times,italic,8.0,13hea_20211228_164033_1632491665_600_800.png,/scratch/parceirosbr/bigoilict/share/BigOil/document_generator/datasets/documents_2021_12_28/13hea_20211228_164033_1632491665_600_800.png,13hea_20211228_164033_1632491665_600_800_mask.png,apelo
17,4,34,9,217,563,251,572,217,563,251,563,251,572,217,572,text,table_text,table_0,times,italic,8.0,13hea_20211228_164033_1632491665_600_800.png,/scratch/parceirosbr/bigoilict/share/BigOil/document_generator/datasets/documents_2021_12_28/13hea_20211228_164033_1632491665_600_800.png,13hea_20211228_164033_1632491665_600_800_mask.png,floculação
17,4,34,9,217,563,251,572,217,563,251,563,251,572,217,572,sub_line_text,table_text,table_0,times,italic,8.0,13hea_20211228_164033_1632491665_600_800.png,/scratch/parceirosbr/bigoilict/share/BigOil/document_generator/datasets/documents_2021_12_28/13hea_20211228_164033_1632491665_600_800.png,13hea_20211228_164033_1632491665_600_800_mask.png,floculação
1,4,3,9,233,576,236,585,233,576,236,576,236,585,233,585,text,table_text,table_0,times,italic,8.0,13hea_20211228_164033_1632491665_600_800.png,/scratch/parceirosbr/bigoilict/share/BigOil/document_generator/datasets/documents_2021_12_28/13hea_20211228_164033_1632491665_600_800.png,13hea_20211228_164033_1632491665_600_800_mask.png,o
1,4,3,9,233,576,236,585,233,576,236,576,236,585,233,585,sub_line_text,table_text,table_0,times,italic,8.0,13hea_20211228_164033_1632491665_600_800.png,/scratch/parceirosbr/bigoilict/share/BigOil/document_generator/datasets/documents_2021_12_28/13hea_20211228_164033_1632491665_600_800.png,13hea_20211228_164033_1632491665_600_800_mask.png,o
22,4,44,9,213,589,257,598,213,589,257,589,257,598,213,598,text,table_text,table_0,times,italic,8.0,13hea_20211228_164033_1632491665_600_800.png,/scratch/parceirosbr/bigoilict/share/BigOil/document_generator/datasets/documents_2021_12_28/13hea_20211228_164033_1632491665_600_800.png,13hea_20211228_164033_1632491665_600_800_mask.png,anteriormente
22,4,44,9,213,589,257,598,213,589,257,589,257,598,213,598,sub_line_text,table_text,table_0,times,italic,8.0,13hea_20211228_164033_1632491665_600_800.png,/scratch/parceirosbr/bigoilict/share/BigOil/document_generator/datasets/documents_2021_12_28/13hea_20211228_164033_1632491665_600_800.png,13hea_20211228_164033_1632491665_600_800_mask.png,anteriormente
22,4,45,9,213,601,258,610,213,601,258,601,258,610,213,610,text,table_text,table_0,times,bold,8.0,13hea_20211228_164033_1632491665_600_800.png,/scratch/parceirosbr/bigoilict/share/BigOil/document_generator/datasets/documents_2021_12_28/13hea_20211228_164033_1632491665_600_800.png,13hea_20211228_164033_1632491665_600_800_mask.png,concentração
22,4,45,9,213,601,258,610,213,601,258,601,258,610,213,610,sub_line_text,table_text,table_0,times,bold,8.0,13hea_20211228_164033_1632491665_600_800.png,/scratch/parceirosbr/bigoilict/share/BigOil/document_generator/datasets/documents_2021_12_28/13hea_20211228_164033_1632491665_600_800.png,13hea_20211228_164033_1632491665_600_800_mask.png,concentração
14,4,29,9,353,312,382,321,353,312,382,312,382,321,353,321,text,table_text,table_0,times,regular,8.0,13hea_20211228_164033_1632491665_600_800.png,/scratch/parceirosbr/bigoilict/share/BigOil/document_generator/datasets/documents_2021_12_28/13hea_20211228_164033_1632491665_600_800.png,13hea_20211228_164033_1632491665_600_800_mask.png,alocação
14,4,29,9,353,312,382,321,353,312,382,312,382,321,353,321,sub_line_text,table_text,table_0,times,regular,8.0,13hea_20211228_164033_1632491665_600_800.png,/scratch/parceirosbr/bigoilict/share/BigOil/document_generator/datasets/documents_2021_12_28/13hea_20211228_164033_1632491665_600_800.png,13hea_20211228_164033_1632491665_600_800_mask.png,alocação
10,4,21,9,361,323,382,332,361,323,382,323,382,332,361,332,text,table_text,table_0,times,regular,8.0,13hea_20211228_164033_1632491665_600_800.png,/scratch/parceirosbr/bigoilict/share/BigOil/document_generator/datasets/documents_2021_12_28/13hea_20211228_164033_1632491665_600_800.png,13hea_20211228_164033_1632491665_600_800_mask.png,possui
10,4,21,9,361,323,382,332,361,323,382,323,382,332,361,332,sub_line_text,table_text,table_0,times,regular,8.0,13hea_20211228_164033_1632491665_600_800.png,/scratch/parceirosbr/bigoilict/share/BigOil/document_generator/datasets/documents_2021_12_28/13hea_20211228_164033_1632491665_600_800.png,13hea_20211228_164033_1632491665_600_800_mask.png,possui
16,4,32,9,349,337,381,346,349,337,381,337,381,346,349,346,text,table_text,table_0,times,italic,8.0,13hea_20211228_164033_1632491665_600_800.png,/scratch/parceirosbr/bigoilict/share/BigOil/document_generator/datasets/documents_2021_12_28/13hea_20211228_164033_1632491665_600_800.png,13hea_20211228_164033_1632491665_600_800_mask.png,175097.10
16,4,32,9,349,337,381,346,349,337,381,337,381,346,349,346,sub_line_text,table_text,table_0,times,italic,8.0,13hea_20211228_164033_1632491665_600_800.png,/scratch/parceirosbr/bigoilict/share/BigOil/document_generator/datasets/documents_2021_12_28/13hea_20211228_164033_1632491665_600_800.png,13hea_20211228_164033_1632491665_600_800_mask.png,175097.10
13,4,26,9,356,349,382,358,356,349,382,349,382,358,356,358,text,table_text,table_0,times,italic,8.0,13hea_20211228_164033_1632491665_600_800.png,/scratch/parceirosbr/bigoilict/share/BigOil/document_generator/datasets/documents_2021_12_28/13hea_20211228_164033_1632491665_600_800.png,13hea_20211228_164033_1632491665_600_800_mask.png,3489.07
13,4,26,9,356,349,382,358,356,349,382,349,382,358,356,358,sub_line_text,table_text,table_0,times,italic,8.0,13hea_20211228_164033_1632491665_600_800.png,/scratch/parceirosbr/bigoilict/share/BigOil/document_generator/datasets/documents_2021_12_28/13hea_20211228_164033_1632491665_600_800.png,13hea_20211228_164033_1632491665_600_800_mask.png,3489.07
18,4,37,9,344,362,381,371,344,362,381,362,381,371,344,371,text,table_text,table_0,times,italic,8.0,13hea_20211228_164033_1632491665_600_800.png,/scratch/parceirosbr/bigoilict/share/BigOil/document_generator/datasets/documents_2021_12_28/13hea_20211228_164033_1632491665_600_800.png,13hea_20211228_164033_1632491665_600_800_mask.png,8452110.57
18,4,37,9,344,362,381,371,344,362,381,362,381,371,344,371,sub_line_text,table_text,table_0,times,italic,8.0,13hea_20211228_164033_1632491665_600_800.png,/scratch/parceirosbr/bigoilict/share/BigOil/document_generator/datasets/documents_2021_12_28/13hea_20211228_164033_1632491665_600_800.png,13hea_20211228_164033_1632491665_600_800_mask.png,8452110.57
14,4,29,9,353,374,382,383,353,374,382,374,382,383,353,383,text,table_text,table_0,times,italic,8.0,13hea_20211228_164033_1632491665_600_800.png,/scratch/parceirosbr/bigoilict/share/BigOil/document_generator/datasets/documents_2021_12_28/13hea_20211228_164033_1632491665_600_800.png,13hea_20211228_164033_1632491665_600_800_mask.png,21738.69
14,4,29,9,353,374,382,383,353,374,382,374,382,383,353,383,sub_line_text,table_text,table_0,times,italic,8.0,13hea_20211228_164033_1632491665_600_800.png,/scratch/parceirosbr/bigoilict/share/BigOil/document_generator/datasets/documents_2021_12_28/13hea_20211228_164033_1632491665_600_800.png,13hea_20211228_164033_1632491665_600_800_mask.png,21738.69
16,4,32,9,349,387,381,396,349,387,381,387,381,396,349,396,text,table_text,table_0,times,italic,8.0,13hea_20211228_164033_1632491665_600_800.png,/scratch/parceirosbr/bigoilict/share/BigOil/document_generator/datasets/documents_2021_12_28/13hea_20211228_164033_1632491665_600_800.png,13hea_20211228_164033_1632491665_600_800_mask.png,666868.02
16,4,32,9,349,387,381,396,349,387,381,387,381,396,349,396,sub_line_text,table_text,table_0,times,italic,8.0,13hea_20211228_164033_1632491665_600_800.png,/scratch/parceirosbr/bigoilict/share/BigOil/document_generator/datasets/documents_2021_12_28/13hea_20211228_164033_1632491665_600_800.png,13hea_20211228_164033_1632491665_600_800_mask.png,666868.02
14,4,29,9,353,400,382,409,353,400,382,400,382,409,353,409,text,table_text,table_0,times,italic,8.0,13hea_20211228_164033_1632491665_600_800.png,/scratch/parceirosbr/bigoilict/share/BigOil/document_generator/datasets/documents_2021_12_28/13hea_20211228_164033_1632491665_600_800.png,13hea_20211228_164033_1632491665_600_800_mask.png,47704.62
14,4,29,9,353,400,382,409,353,400,382,400,382,409,353,409,sub_line_text,table_text,table_0,times,italic,8.0,13hea_20211228_164033_1632491665_600_800.png,/scratch/parceirosbr/bigoilict/share/BigOil/document_generator/datasets/documents_2021_12_28/13hea_20211228_164033_1632491665_600_800.png,13hea_20211228_164033_1632491665_600_800_mask.png,47704.62
18,4,37,9,344,412,381,421,344,412,381,412,381,421,344,421,text,table_text,table_0,times,italic,8.0,13hea_20211228_164033_1632491665_600_800.png,/scratch/parceirosbr/bigoilict/share/BigOil/document_generator/datasets/documents_2021_12_28/13hea_20211228_164033_1632491665_600_800.png,13hea_20211228_164033_1632491665_600_800_mask.png,7840668.36
18,4,37,9,344,412,381,421,344,412,381,412,381,421,344,421,sub_line_text,table_text,table_0,times,italic,8.0,13hea_20211228_164033_1632491665_600_800.png,/scratch/parceirosbr/bigoilict/share/BigOil/document_generator/datasets/documents_2021_12_28/13hea_20211228_164033_1632491665_600_800.png,13hea_20211228_164033_1632491665_600_800_mask.png,7840668.36
20,4,40,9,341,425,381,434,341,425,381,425,381,434,341,434,text,table_text,table_0,times,italic,8.0,13hea_20211228_164033_1632491665_600_800.png,/scratch/parceirosbr/bigoilict/share/BigOil/document_generator/datasets/documents_2021_12_28/13hea_20211228_164033_1632491665_600_800.png,13hea_20211228_164033_1632491665_600_800_mask.png,67888205.01
20,4,40,9,341,425,381,434,341,425,381,425,381,434,341,434,sub_line_text,table_text,table_0,times,italic,8.0,13hea_20211228_164033_1632491665_600_800.png,/scratch/parceirosbr/bigoilict/share/BigOil/document_generator/datasets/documents_2021_12_28/13hea_20211228_164033_1632491665_600_800.png,13hea_20211228_164033_1632491665_600_800_mask.png,67888205.01
20,4,40,9,341,437,381,446,341,437,381,437,381,446,341,446,text,table_text,table_0,times,italic,8.0,13hea_20211228_164033_1632491665_600_800.png,/scratch/parceirosbr/bigoilict/share/BigOil/document_generator/datasets/documents_2021_12_28/13hea_20211228_164033_1632491665_600_800.png,13hea_20211228_164033_1632491665_600_800_mask.png,39905336.71
20,4,40,9,341,437,381,446,341,437,381,437,381,446,341,446,sub_line_text,table_text,table_0,times,italic,8.0,13hea_20211228_164033_1632491665_600_800.png,/scratch/parceirosbr/bigoilict/share/BigOil/document_generator/datasets/documents_2021_12_28/13hea_20211228_164033_1632491665_600_800.png,13hea_20211228_164033_1632491665_600_800_mask.png,39905336.71
14,4,29,9,353,450,382,459,353,450,382,450,382,459,353,459,text,table_text,table_0,times,italic,8.0,13hea_20211228_164033_1632491665_600_800.png,/scratch/parceirosbr/bigoilict/share/BigOil/document_generator/datasets/documents_2021_12_28/13hea_20211228_164033_1632491665_600_800.png,13hea_20211228_164033_1632491665_600_800_mask.png,87094.23
14,4,29,9,353,450,382,459,353,450,382,450,382,459,353,459,sub_line_text,table_text,table_0,times,italic,8.0,13hea_20211228_164033_1632491665_600_800.png,/scratch/parceirosbr/bigoilict/share/BigOil/document_generator/datasets/documents_2021_12_28/13hea_20211228_164033_1632491665_600_800.png,13hea_20211228_164033_1632491665_600_800_mask.png,87094.23
14,4,29,9,353,463,382,472,353,463,382,463,382,472,353,472,text,table_text,table_0,times,italic,8.0,13hea_20211228_164033_1632491665_600_800.png,/scratch/parceirosbr/bigoilict/share/BigOil/document_generator/datasets/documents_2021_12_28/13hea_20211228_164033_1632491665_600_800.png,13hea_20211228_164033_1632491665_600_800_mask.png,25889.45
14,4,29,9,353,463,382,472,353,463,382,463,382,472,353,472,sub_line_text,table_text,table_0,times,italic,8.0,13hea_20211228_164033_1632491665_600_800.png,/scratch/parceirosbr/bigoilict/share/BigOil/document_generator/datasets/documents_2021_12_28/13hea_20211228_164033_1632491665_600_800.png,13hea_20211228_164033_1632491665_600_800_mask.png,25889.45
10,4,21,9,361,475,382,484,361,475,382,475,382,484,361,484,text,table_text,table_0,times,italic,8.0,13hea_20211228_164033_1632491665_600_800.png,/scratch/parceirosbr/bigoilict/share/BigOil/document_generator/datasets/documents_2021_12_28/13hea_20211228_164033_1632491665_600_800.png,13hea_20211228_164033_1632491665_600_800_mask.png,574.10
10,4,21,9,361,475,382,484,361,475,382,475,382,484,361,484,sub_line_text,table_text,table_0,times,italic,8.0,13hea_20211228_164033_1632491665_600_800.png,/scratch/parceirosbr/bigoilict/share/BigOil/document_generator/datasets/documents_2021_12_28/13hea_20211228_164033_1632491665_600_800.png,13hea_20211228_164033_1632491665_600_800_mask.png,574.10
20,4,40,9,341,488,381,497,341,488,381,488,381,497,341,497,text,table_text,table_0,times,italic,8.0,13hea_20211228_164033_1632491665_600_800.png,/scratch/parceirosbr/bigoilict/share/BigOil/document_generator/datasets/documents_2021_12_28/13hea_20211228_164033_1632491665_600_800.png,13hea_20211228_164033_1632491665_600_800_mask.png,68102316.38
20,4,40,9,341,488,381,497,341,488,381,488,381,497,341,497,sub_line_text,table_text,table_0,times,italic,8.0,13hea_20211228_164033_1632491665_600_800.png,/scratch/parceirosbr/bigoilict/share/BigOil/document_generator/datasets/documents_2021_12_28/13hea_20211228_164033_1632491665_600_800.png,13hea_20211228_164033_1632491665_600_800_mask.png,68102316.38
6,4,13,9,368,500,381,509,368,500,381,500,381,509,368,509,text,table_text,table_0,times,italic,8.0,13hea_20211228_164033_1632491665_600_800.png,/scratch/parceirosbr/bigoilict/share/BigOil/document_generator/datasets/documents_2021_12_28/13hea_20211228_164033_1632491665_600_800.png,13hea_20211228_164033_1632491665_600_800_mask.png,5.48
6,4,13,9,368,500,381,509,368,500,381,500,381,509,368,509,sub_line_text,table_text,table_0,times,italic,8.0,13hea_20211228_164033_1632491665_600_800.png,/scratch/parceirosbr/bigoilict/share/BigOil/document_generator/datasets/documents_2021_12_28/13hea_20211228_164033_1632491665_600_800.png,13hea_20211228_164033_1632491665_600_800_mask.png,5.48
14,4,29,9,353,513,382,522,353,513,382,513,382,522,353,522,text,table_text,table_0,times,italic,8.0,13hea_20211228_164033_1632491665_600_800.png,/scratch/parceirosbr/bigoilict/share/BigOil/document_generator/datasets/documents_2021_12_28/13hea_20211228_164033_1632491665_600_800.png,13hea_20211228_164033_1632491665_600_800_mask.png,67174.85
14,4,29,9,353,513,382,522,353,513,382,513,382,522,353,522,sub_line_text,table_text,table_0,times,italic,8.0,13hea_20211228_164033_1632491665_600_800.png,/scratch/parceirosbr/bigoilict/share/BigOil/document_generator/datasets/documents_2021_12_28/13hea_20211228_164033_1632491665_600_800.png,13hea_20211228_164033_1632491665_600_800_mask.png,67174.85
13,4,26,9,356,526,382,535,356,526,382,526,382,535,356,535,text,table_text,table_0,times,italic,8.0,13hea_20211228_164033_1632491665_600_800.png,/scratch/parceirosbr/bigoilict/share/BigOil/document_generator/datasets/documents_2021_12_28/13hea_20211228_164033_1632491665_600_800.png,13hea_20211228_164033_1632491665_600_800_mask.png,3909.36
13,4,26,9,356,526,382,535,356,526,382,526,382,535,356,535,sub_line_text,table_text,table_0,times,italic,8.0,13hea_20211228_164033_1632491665_600_800.png,/scratch/parceirosbr/bigoilict/share/BigOil/document_generator/datasets/documents_2021_12_28/13hea_20211228_164033_1632491665_600_800.png,13hea_20211228_164033_1632491665_600_800_mask.png,3909.36
14,4,29,9,353,538,382,547,353,538,382,538,382,547,353,547,text,table_text,table_0,times,italic,8.0,13hea_20211228_164033_1632491665_600_800.png,/scratch/parceirosbr/bigoilict/share/BigOil/document_generator/datasets/documents_2021_12_28/13hea_20211228_164033_1632491665_600_800.png,13hea_20211228_164033_1632491665_600_800_mask.png,47106.78
14,4,29,9,353,538,382,547,353,538,382,538,382,547,353,547,sub_line_text,table_text,table_0,times,italic,8.0,13hea_20211228_164033_1632491665_600_800.png,/scratch/parceirosbr/bigoilict/share/BigOil/document_generator/datasets/documents_2021_12_28/13hea_20211228_164033_1632491665_600_800.png,13hea_20211228_164033_1632491665_600_800_mask.png,47106.78
14,4,29,9,352,551,381,560,352,551,381,551,381,560,352,560,text,table_text,table_0,times,italic,8.0,13hea_20211228_164033_1632491665_600_800.png,/scratch/parceirosbr/bigoilict/share/BigOil/document_generator/datasets/documents_2021_12_28/13hea_20211228_164033_1632491665_600_800.png,13hea_20211228_164033_1632491665_600_800_mask.png,24674.66
14,4,29,9,352,551,381,560,352,551,381,551,381,560,352,560,sub_line_text,table_text,table_0,times,italic,8.0,13hea_20211228_164033_1632491665_600_800.png,/scratch/parceirosbr/bigoilict/share/BigOil/document_generator/datasets/documents_2021_12_28/13hea_20211228_164033_1632491665_600_800.png,13hea_20211228_164033_1632491665_600_800_mask.png,24674.66
8,4,17,9,364,563,381,572,364,563,381,563,381,572,364,572,text,table_text,table_0,times,italic,8.0,13hea_20211228_164033_1632491665_600_800.png,/scratch/parceirosbr/bigoilict/share/BigOil/document_generator/datasets/documents_2021_12_28/13hea_20211228_164033_1632491665_600_800.png,13hea_20211228_164033_1632491665_600_800_mask.png,99.78
8,4,17,9,364,563,381,572,364,563,381,563,381,572,364,572,sub_line_text,table_text,table_0,times,italic,8.0,13hea_20211228_164033_1632491665_600_800.png,/scratch/parceirosbr/bigoilict/share/BigOil/document_generator/datasets/documents_2021_12_28/13hea_20211228_164033_1632491665_600_800.png,13hea_20211228_164033_1632491665_600_800_mask.png,99.78
16,4,32,9,349,576,381,585,349,576,381,576,381,585,349,585,text,table_text,table_0,times,italic,8.0,13hea_20211228_164033_1632491665_600_800.png,/scratch/parceirosbr/bigoilict/share/BigOil/document_generator/datasets/documents_2021_12_28/13hea_20211228_164033_1632491665_600_800.png,13hea_20211228_164033_1632491665_600_800_mask.png,308204.11
16,4,32,9,349,576,381,585,349,576,381,576,381,585,349,585,sub_line_text,table_text,table_0,times,italic,8.0,13hea_20211228_164033_1632491665_600_800.png,/scratch/parceirosbr/bigoilict/share/BigOil/document_generator/datasets/documents_2021_12_28/13hea_20211228_164033_1632491665_600_800.png,13hea_20211228_164033_1632491665_600_800_mask.png,308204.11
20,4,40,9,341,589,381,598,341,589,381,589,381,598,341,598,text,table_text,table_0,times,italic,8.0,13hea_20211228_164033_1632491665_600_800.png,/scratch/parceirosbr/bigoilict/share/BigOil/document_generator/datasets/documents_2021_12_28/13hea_20211228_164033_1632491665_600_800.png,13hea_20211228_164033_1632491665_600_800_mask.png,26515345.03
20,4,40,9,341,589,381,598,341,589,381,589,381,598,341,598,sub_line_text,table_text,table_0,times,italic,8.0,13hea_20211228_164033_1632491665_600_800.png,/scratch/parceirosbr/bigoilict/share/BigOil/document_generator/datasets/documents_2021_12_28/13hea_20211228_164033_1632491665_600_800.png,13hea_20211228_164033_1632491665_600_800_mask.png,26515345.03
14,4,29,9,353,601,382,610,353,601,382,601,382,610,353,610,text,table_text,table_0,times,bold,8.0,13hea_20211228_164033_1632491665_600_800.png,/scratch/parceirosbr/bigoilict/share/BigOil/document_generator/datasets/documents_2021_12_28/13hea_20211228_164033_1632491665_600_800.png,13hea_20211228_164033_1632491665_600_800_mask.png,82353.67
14,4,29,9,353,601,382,610,353,601,382,601,382,610,353,610,sub_line_text,table_text,table_0,times,bold,8.0,13hea_20211228_164033_1632491665_600_800.png,/scratch/parceirosbr/bigoilict/share/BigOil/document_generator/datasets/documents_2021_12_28/13hea_20211228_164033_1632491665_600_800.png,13hea_20211228_164033_1632491665_600_800_mask.png,82353.67
14,4,29,9,417,312,446,321,417,312,446,312,446,321,417,321,text,table_text,table_0,times,regular,8.0,13hea_20211228_164033_1632491665_600_800.png,/scratch/parceirosbr/bigoilict/share/BigOil/document_generator/datasets/documents_2021_12_28/13hea_20211228_164033_1632491665_600_800.png,13hea_20211228_164033_1632491665_600_800_mask.png,biodiesel
14,4,29,9,417,312,446,321,417,312,446,312,446,321,417,321,sub_line_text,table_text,table_0,times,regular,8.0,13hea_20211228_164033_1632491665_600_800.png,/scratch/parceirosbr/bigoilict/share/BigOil/document_generator/datasets/documents_2021_12_28/13hea_20211228_164033_1632491665_600_800.png,13hea_20211228_164033_1632491665_600_800_mask.png,biodiesel
19,4,38,9,408,323,446,332,408,323,446,323,446,332,408,332,text,table_text,table_0,times,regular,8.0,13hea_20211228_164033_1632491665_600_800.png,/scratch/parceirosbr/bigoilict/share/BigOil/document_generator/datasets/documents_2021_12_28/13hea_20211228_164033_1632491665_600_800.png,13hea_20211228_164033_1632491665_600_800_mask.png,decorrência
19,4,38,9,408,323,446,332,408,323,446,323,446,332,408,332,sub_line_text,table_text,table_0,times,regular,8.0,13hea_20211228_164033_1632491665_600_800.png,/scratch/parceirosbr/bigoilict/share/BigOil/document_generator/datasets/documents_2021_12_28/13hea_20211228_164033_1632491665_600_800.png,13hea_20211228_164033_1632491665_600_800_mask.png,decorrência
8,4,17,9,429,337,446,346,429,337,446,337,446,346,429,346,text,table_text,table_0,times,italic,8.0,13hea_20211228_164033_1632491665_600_800.png,/scratch/parceirosbr/bigoilict/share/BigOil/document_generator/datasets/documents_2021_12_28/13hea_20211228_164033_1632491665_600_800.png,13hea_20211228_164033_1632491665_600_800_mask.png,5.120
8,4,17,9,429,337,446,346,429,337,446,337,446,346,429,346,sub_line_text,table_text,table_0,times,italic,8.0,13hea_20211228_164033_1632491665_600_800.png,/scratch/parceirosbr/bigoilict/share/BigOil/document_generator/datasets/documents_2021_12_28/13hea_20211228_164033_1632491665_600_800.png,13hea_20211228_164033_1632491665_600_800_mask.png,5.120
8,4,17,9,429,349,446,358,429,349,446,349,446,358,429,358,text,table_text,table_0,times,italic,8.0,13hea_20211228_164033_1632491665_600_800.png,/scratch/parceirosbr/bigoilict/share/BigOil/document_generator/datasets/documents_2021_12_28/13hea_20211228_164033_1632491665_600_800.png,13hea_20211228_164033_1632491665_600_800_mask.png,7.783
8,4,17,9,429,349,446,358,429,349,446,349,446,358,429,358,sub_line_text,table_text,table_0,times,italic,8.0,13hea_20211228_164033_1632491665_600_800.png,/scratch/parceirosbr/bigoilict/share/BigOil/document_generator/datasets/documents_2021_12_28/13hea_20211228_164033_1632491665_600_800.png,13hea_20211228_164033_1632491665_600_800_mask.png,7.783
8,4,17,9,429,362,446,371,429,362,446,362,446,371,429,371,text,table_text,table_0,times,italic,8.0,13hea_20211228_164033_1632491665_600_800.png,/scratch/parceirosbr/bigoilict/share/BigOil/document_generator/datasets/documents_2021_12_28/13hea_20211228_164033_1632491665_600_800.png,13hea_20211228_164033_1632491665_600_800_mask.png,2.241
8,4,17,9,429,362,446,371,429,362,446,362,446,371,429,371,sub_line_text,table_text,table_0,times,italic,8.0,13hea_20211228_164033_1632491665_600_800.png,/scratch/parceirosbr/bigoilict/share/BigOil/document_generator/datasets/documents_2021_12_28/13hea_20211228_164033_1632491665_600_800.png,13hea_20211228_164033_1632491665_600_800_mask.png,2.241
8,4,17,9,429,374,446,383,429,374,446,374,446,383,429,383,text,table_text,table_0,times,italic,8.0,13hea_20211228_164033_1632491665_600_800.png,/scratch/parceirosbr/bigoilict/share/BigOil/document_generator/datasets/documents_2021_12_28/13hea_20211228_164033_1632491665_600_800.png,13hea_20211228_164033_1632491665_600_800_mask.png,6.733
8,4,17,9,429,374,446,383,429,374,446,374,446,383,429,383,sub_line_text,table_text,table_0,times,italic,8.0,13hea_20211228_164033_1632491665_600_800.png,/scratch/parceirosbr/bigoilict/share/BigOil/document_generator/datasets/documents_2021_12_28/13hea_20211228_164033_1632491665_600_800.png,13hea_20211228_164033_1632491665_600_800_mask.png,6.733
8,4,17,9,429,387,446,396,429,387,446,387,446,396,429,396,text,table_text,table_0,times,italic,8.0,13hea_20211228_164033_1632491665_600_800.png,/scratch/parceirosbr/bigoilict/share/BigOil/document_generator/datasets/documents_2021_12_28/13hea_20211228_164033_1632491665_600_800.png,13hea_20211228_164033_1632491665_600_800_mask.png,3.113
8,4,17,9,429,387,446,396,429,387,446,387,446,396,429,396,sub_line_text,table_text,table_0,times,italic,8.0,13hea_20211228_164033_1632491665_600_800.png,/scratch/parceirosbr/bigoilict/share/BigOil/document_generator/datasets/documents_2021_12_28/13hea_20211228_164033_1632491665_600_800.png,13hea_20211228_164033_1632491665_600_800_mask.png,3.113
8,4,17,9,429,400,446,409,429,400,446,400,446,409,429,409,text,table_text,table_0,times,italic,8.0,13hea_20211228_164033_1632491665_600_800.png,/scratch/parceirosbr/bigoilict/share/BigOil/document_generator/datasets/documents_2021_12_28/13hea_20211228_164033_1632491665_600_800.png,13hea_20211228_164033_1632491665_600_800_mask.png,3.164
8,4,17,9,429,400,446,409,429,400,446,400,446,409,429,409,sub_line_text,table_text,table_0,times,italic,8.0,13hea_20211228_164033_1632491665_600_800.png,/scratch/parceirosbr/bigoilict/share/BigOil/document_generator/datasets/documents_2021_12_28/13hea_20211228_164033_1632491665_600_800.png,13hea_20211228_164033_1632491665_600_800_mask.png,3.164
9,4,18,9,428,412,446,421,428,412,446,412,446,421,428,421,text,table_text,table_0,times,italic,8.0,13hea_20211228_164033_1632491665_600_800.png,/scratch/parceirosbr/bigoilict/share/BigOil/document_generator/datasets/documents_2021_12_28/13hea_20211228_164033_1632491665_600_800.png,13hea_20211228_164033_1632491665_600_800_mask.png,4.857
9,4,18,9,428,412,446,421,428,412,446,412,446,421,428,421,sub_line_text,table_text,table_0,times,italic,8.0,13hea_20211228_164033_1632491665_600_800.png,/scratch/parceirosbr/bigoilict/share/BigOil/document_generator/datasets/documents_2021_12_28/13hea_20211228_164033_1632491665_600_800.png,13hea_20211228_164033_1632491665_600_800_mask.png,4.857
8,4,17,9,429,425,446,434,429,425,446,425,446,434,429,434,text,table_text,table_0,times,italic,8.0,13hea_20211228_164033_1632491665_600_800.png,/scratch/parceirosbr/bigoilict/share/BigOil/document_generator/datasets/documents_2021_12_28/13hea_20211228_164033_1632491665_600_800.png,13hea_20211228_164033_1632491665_600_800_mask.png,8.332
8,4,17,9,429,425,446,434,429,425,446,425,446,434,429,434,sub_line_text,table_text,table_0,times,italic,8.0,13hea_20211228_164033_1632491665_600_800.png,/scratch/parceirosbr/bigoilict/share/BigOil/document_generator/datasets/documents_2021_12_28/13hea_20211228_164033_1632491665_600_800.png,13hea_20211228_164033_1632491665_600_800_mask.png,8.332
8,4,17,9,429,437,446,446,429,437,446,437,446,446,429,446,text,table_text,table_0,times,italic,8.0,13hea_20211228_164033_1632491665_600_800.png,/scratch/parceirosbr/bigoilict/share/BigOil/document_generator/datasets/documents_2021_12_28/13hea_20211228_164033_1632491665_600_800.png,13hea_20211228_164033_1632491665_600_800_mask.png,4.704
8,4,17,9,429,437,446,446,429,437,446,437,446,446,429,446,sub_line_text,table_text,table_0,times,italic,8.0,13hea_20211228_164033_1632491665_600_800.png,/scratch/parceirosbr/bigoilict/share/BigOil/document_generator/datasets/documents_2021_12_28/13hea_20211228_164033_1632491665_600_800.png,13hea_20211228_164033_1632491665_600_800_mask.png,4.704
8,4,17,9,429,450,446,459,429,450,446,450,446,459,429,459,text,table_text,table_0,times,italic,8.0,13hea_20211228_164033_1632491665_600_800.png,/scratch/parceirosbr/bigoilict/share/BigOil/document_generator/datasets/documents_2021_12_28/13hea_20211228_164033_1632491665_600_800.png,13hea_20211228_164033_1632491665_600_800_mask.png,2.875
8,4,17,9,429,450,446,459,429,450,446,450,446,459,429,459,sub_line_text,table_text,table_0,times,italic,8.0,13hea_20211228_164033_1632491665_600_800.png,/scratch/parceirosbr/bigoilict/share/BigOil/document_generator/datasets/documents_2021_12_28/13hea_20211228_164033_1632491665_600_800.png,13hea_20211228_164033_1632491665_600_800_mask.png,2.875
8,4,17,9,429,463,446,472,429,463,446,463,446,472,429,472,text,table_text,table_0,times,italic,8.0,13hea_20211228_164033_1632491665_600_800.png,/scratch/parceirosbr/bigoilict/share/BigOil/document_generator/datasets/documents_2021_12_28/13hea_20211228_164033_1632491665_600_800.png,13hea_20211228_164033_1632491665_600_800_mask.png,4.142
8,4,17,9,429,463,446,472,429,463,446,463,446,472,429,472,sub_line_text,table_text,table_0,times,italic,8.0,13hea_20211228_164033_1632491665_600_800.png,/scratch/parceirosbr/bigoilict/share/BigOil/document_generator/datasets/documents_2021_12_28/13hea_20211228_164033_1632491665_600_800.png,13hea_20211228_164033_1632491665_600_800_mask.png,4.142
8,4,17,9,429,475,446,484,429,475,446,475,446,484,429,484,text,table_text,table_0,times,italic,8.0,13hea_20211228_164033_1632491665_600_800.png,/scratch/parceirosbr/bigoilict/share/BigOil/document_generator/datasets/documents_2021_12_28/13hea_20211228_164033_1632491665_600_800.png,13hea_20211228_164033_1632491665_600_800_mask.png,9.515
8,4,17,9,429,475,446,484,429,475,446,475,446,484,429,484,sub_line_text,table_text,table_0,times,italic,8.0,13hea_20211228_164033_1632491665_600_800.png,/scratch/parceirosbr/bigoilict/share/BigOil/document_generator/datasets/documents_2021_12_28/13hea_20211228_164033_1632491665_600_800.png,13hea_20211228_164033_1632491665_600_800_mask.png,9.515
8,4,17,9,429,488,446,497,429,488,446,488,446,497,429,497,text,table_text,table_0,times,italic,8.0,13hea_20211228_164033_1632491665_600_800.png,/scratch/parceirosbr/bigoilict/share/BigOil/document_generator/datasets/documents_2021_12_28/13hea_20211228_164033_1632491665_600_800.png,13hea_20211228_164033_1632491665_600_800_mask.png,5.709
8,4,17,9,429,488,446,497,429,488,446,488,446,497,429,497,sub_line_text,table_text,table_0,times,italic,8.0,13hea_20211228_164033_1632491665_600_800.png,/scratch/parceirosbr/bigoilict/share/BigOil/document_generator/datasets/documents_2021_12_28/13hea_20211228_164033_1632491665_600_800.png,13hea_20211228_164033_1632491665_600_800_mask.png,5.709
9,4,18,9,428,500,446,509,428,500,446,500,446,509,428,509,text,table_text,table_0,times,italic,8.0,13hea_20211228_164033_1632491665_600_800.png,/scratch/parceirosbr/bigoilict/share/BigOil/document_generator/datasets/documents_2021_12_28/13hea_20211228_164033_1632491665_600_800.png,13hea_20211228_164033_1632491665_600_800_mask.png,5.826
9,4,18,9,428,500,446,509,428,500,446,500,446,509,428,509,sub_line_text,table_text,table_0,times,italic,8.0,13hea_20211228_164033_1632491665_600_800.png,/scratch/parceirosbr/bigoilict/share/BigOil/document_generator/datasets/documents_2021_12_28/13hea_20211228_164033_1632491665_600_800.png,13hea_20211228_164033_1632491665_600_800_mask.png,5.826
9,4,18,9,428,513,446,522,428,513,446,513,446,522,428,522,text,table_text,table_0,times,italic,8.0,13hea_20211228_164033_1632491665_600_800.png,/scratch/parceirosbr/bigoilict/share/BigOil/document_generator/datasets/documents_2021_12_28/13hea_20211228_164033_1632491665_600_800.png,13hea_20211228_164033_1632491665_600_800_mask.png,1.386
9,4,18,9,428,513,446,522,428,513,446,513,446,522,428,522,sub_line_text,table_text,table_0,times,italic,8.0,13hea_20211228_164033_1632491665_600_800.png,/scratch/parceirosbr/bigoilict/share/BigOil/document_generator/datasets/documents_2021_12_28/13hea_20211228_164033_1632491665_600_800.png,13hea_20211228_164033_1632491665_600_800_mask.png,1.386
9,4,18,9,428,526,446,535,428,526,446,526,446,535,428,535,text,table_text,table_0,times,italic,8.0,13hea_20211228_164033_1632491665_600_800.png,/scratch/parceirosbr/bigoilict/share/BigOil/document_generator/datasets/documents_2021_12_28/13hea_20211228_164033_1632491665_600_800.png,13hea_20211228_164033_1632491665_600_800_mask.png,3.917
9,4,18,9,428,526,446,535,428,526,446,526,446,535,428,535,sub_line_text,table_text,table_0,times,italic,8.0,13hea_20211228_164033_1632491665_600_800.png,/scratch/parceirosbr/bigoilict/share/BigOil/document_generator/datasets/documents_2021_12_28/13hea_20211228_164033_1632491665_600_800.png,13hea_20211228_164033_1632491665_600_800_mask.png,3.917
8,4,17,9,429,538,446,547,429,538,446,538,446,547,429,547,text,table_text,table_0,times,italic,8.0,13hea_20211228_164033_1632491665_600_800.png,/scratch/parceirosbr/bigoilict/share/BigOil/document_generator/datasets/documents_2021_12_28/13hea_20211228_164033_1632491665_600_800.png,13hea_20211228_164033_1632491665_600_800_mask.png,5.839
8,4,17,9,429,538,446,547,429,538,446,538,446,547,429,547,sub_line_text,table_text,table_0,times,italic,8.0,13hea_20211228_164033_1632491665_600_800.png,/scratch/parceirosbr/bigoilict/share/BigOil/document_generator/datasets/documents_2021_12_28/13hea_20211228_164033_1632491665_600_800.png,13hea_20211228_164033_1632491665_600_800_mask.png,5.839
8,4,17,9,429,551,446,560,429,551,446,551,446,560,429,560,text,table_text,table_0,times,italic,8.0,13hea_20211228_164033_1632491665_600_800.png,/scratch/parceirosbr/bigoilict/share/BigOil/document_generator/datasets/documents_2021_12_28/13hea_20211228_164033_1632491665_600_800.png,13hea_20211228_164033_1632491665_600_800_mask.png,9.805
8,4,17,9,429,551,446,560,429,551,446,551,446,560,429,560,sub_line_text,table_text,table_0,times,italic,8.0,13hea_20211228_164033_1632491665_600_800.png,/scratch/parceirosbr/bigoilict/share/BigOil/document_generator/datasets/documents_2021_12_28/13hea_20211228_164033_1632491665_600_800.png,13hea_20211228_164033_1632491665_600_800_mask.png,9.805
8,4,17,9,429,563,446,572,429,563,446,563,446,572,429,572,text,table_text,table_0,times,italic,8.0,13hea_20211228_164033_1632491665_600_800.png,/scratch/parceirosbr/bigoilict/share/BigOil/document_generator/datasets/documents_2021_12_28/13hea_20211228_164033_1632491665_600_800.png,13hea_20211228_164033_1632491665_600_800_mask.png,3.699
8,4,17,9,429,563,446,572,429,563,446,563,446,572,429,572,sub_line_text,table_text,table_0,times,italic,8.0,13hea_20211228_164033_1632491665_600_800.png,/scratch/parceirosbr/bigoilict/share/BigOil/document_generator/datasets/documents_2021_12_28/13hea_20211228_164033_1632491665_600_800.png,13hea_20211228_164033_1632491665_600_800_mask.png,3.699
9,4,18,9,428,576,446,585,428,576,446,576,446,585,428,585,text,table_text,table_0,times,italic,8.0,13hea_20211228_164033_1632491665_600_800.png,/scratch/parceirosbr/bigoilict/share/BigOil/document_generator/datasets/documents_2021_12_28/13hea_20211228_164033_1632491665_600_800.png,13hea_20211228_164033_1632491665_600_800_mask.png,7.466
9,4,18,9,428,576,446,585,428,576,446,576,446,585,428,585,sub_line_text,table_text,table_0,times,italic,8.0,13hea_20211228_164033_1632491665_600_800.png,/scratch/parceirosbr/bigoilict/share/BigOil/document_generator/datasets/documents_2021_12_28/13hea_20211228_164033_1632491665_600_800.png,13hea_20211228_164033_1632491665_600_800_mask.png,7.466
8,4,17,9,429,589,446,598,429,589,446,589,446,598,429,598,text,table_text,table_0,times,italic,8.0,13hea_20211228_164033_1632491665_600_800.png,/scratch/parceirosbr/bigoilict/share/BigOil/document_generator/datasets/documents_2021_12_28/13hea_20211228_164033_1632491665_600_800.png,13hea_20211228_164033_1632491665_600_800_mask.png,2.605
8,4,17,9,429,589,446,598,429,589,446,589,446,598,429,598,sub_line_text,table_text,table_0,times,italic,8.0,13hea_20211228_164033_1632491665_600_800.png,/scratch/parceirosbr/bigoilict/share/BigOil/document_generator/datasets/documents_2021_12_28/13hea_20211228_164033_1632491665_600_800.png,13hea_20211228_164033_1632491665_600_800_mask.png,2.605
8,4,17,9,429,601,446,610,429,601,446,601,446,610,429,610,text,table_text,table_0,times,bold,8.0,13hea_20211228_164033_1632491665_600_800.png,/scratch/parceirosbr/bigoilict/share/BigOil/document_generator/datasets/documents_2021_12_28/13hea_20211228_164033_1632491665_600_800.png,13hea_20211228_164033_1632491665_600_800_mask.png,5.616
8,4,17,9,429,601,446,610,429,601,446,601,446,610,429,610,sub_line_text,table_text,table_0,times,bold,8.0,13hea_20211228_164033_1632491665_600_800.png,/scratch/parceirosbr/bigoilict/share/BigOil/document_generator/datasets/documents_2021_12_28/13hea_20211228_164033_1632491665_600_800.png,13hea_20211228_164033_1632491665_600_800_mask.png,5.616
10,4,21,9,482,312,503,321,482,312,503,312,503,321,482,321,text,table_text,table_0,times,regular,8.0,13hea_20211228_164033_1632491665_600_800.png,/scratch/parceirosbr/bigoilict/share/BigOil/document_generator/datasets/documents_2021_12_28/13hea_20211228_164033_1632491665_600_800.png,13hea_20211228_164033_1632491665_600_800_mask.png,estaria
10,4,21,9,482,312,503,321,482,312,503,312,503,321,482,321,sub_line_text,table_text,table_0,times,regular,8.0,13hea_20211228_164033_1632491665_600_800.png,/scratch/parceirosbr/bigoilict/share/BigOil/document_generator/datasets/documents_2021_12_28/13hea_20211228_164033_1632491665_600_800.png,13hea_20211228_164033_1632491665_600_800_mask.png,estaria
8,4,17,9,484,323,501,332,484,323,501,323,501,332,484,332,text,table_text,table_0,times,regular,8.0,13hea_20211228_164033_1632491665_600_800.png,/scratch/parceirosbr/bigoilict/share/BigOil/document_generator/datasets/documents_2021_12_28/13hea_20211228_164033_1632491665_600_800.png,13hea_20211228_164033_1632491665_600_800_mask.png,físico
8,4,17,9,484,323,501,332,484,323,501,323,501,332,484,332,sub_line_text,table_text,table_0,times,regular,8.0,13hea_20211228_164033_1632491665_600_800.png,/scratch/parceirosbr/bigoilict/share/BigOil/document_generator/datasets/documents_2021_12_28/13hea_20211228_164033_1632491665_600_800.png,13hea_20211228_164033_1632491665_600_800_mask.png,físico
5,4,11,9,487,337,498,346,487,337,498,337,498,346,487,346,text,table_text,table_0,times,italic,8.0,13hea_20211228_164033_1632491665_600_800.png,/scratch/parceirosbr/bigoilict/share/BigOil/document_generator/datasets/documents_2021_12_28/13hea_20211228_164033_1632491665_600_800.png,13hea_20211228_164033_1632491665_600_800_mask.png,que
5,4,11,9,487,337,498,346,487,337,498,337,498,346,487,346,sub_line_text,table_text,table_0,times,italic,8.0,13hea_20211228_164033_1632491665_600_800.png,/scratch/parceirosbr/bigoilict/share/BigOil/document_generator/datasets/documents_2021_12_28/13hea_20211228_164033_1632491665_600_800.png,13hea_20211228_164033_1632491665_600_800_mask.png,que
8,4,17,9,484,349,501,358,484,349,501,349,501,358,484,358,text,table_text,table_0,times,italic,8.0,13hea_20211228_164033_1632491665_600_800.png,/scratch/parceirosbr/bigoilict/share/BigOil/document_generator/datasets/documents_2021_12_28/13hea_20211228_164033_1632491665_600_800.png,13hea_20211228_164033_1632491665_600_800_mask.png,épela
8,4,17,9,484,349,501,358,484,349,501,349,501,358,484,358,sub_line_text,table_text,table_0,times,italic,8.0,13hea_20211228_164033_1632491665_600_800.png,/scratch/parceirosbr/bigoilict/share/BigOil/document_generator/datasets/documents_2021_12_28/13hea_20211228_164033_1632491665_600_800.png,13hea_20211228_164033_1632491665_600_800_mask.png,épela
15,4,31,9,478,362,509,371,478,362,509,362,509,371,478,371,text,table_text,table_0,times,italic,8.0,13hea_20211228_164033_1632491665_600_800.png,/scratch/parceirosbr/bigoilict/share/BigOil/document_generator/datasets/documents_2021_12_28/13hea_20211228_164033_1632491665_600_800.png,13hea_20211228_164033_1632491665_600_800_mask.png,incentivos
15,4,31,9,478,362,509,371,478,362,509,362,509,371,478,371,sub_line_text,table_text,table_0,times,italic,8.0,13hea_20211228_164033_1632491665_600_800.png,/scratch/parceirosbr/bigoilict/share/BigOil/document_generator/datasets/documents_2021_12_28/13hea_20211228_164033_1632491665_600_800.png,13hea_20211228_164033_1632491665_600_800_mask.png,incentivos
12,4,25,9,481,374,506,383,481,374,506,374,506,383,481,383,text,table_text,table_0,times,italic,8.0,13hea_20211228_164033_1632491665_600_800.png,/scratch/parceirosbr/bigoilict/share/BigOil/document_generator/datasets/documents_2021_12_28/13hea_20211228_164033_1632491665_600_800.png,13hea_20211228_164033_1632491665_600_800_mask.png,máxima
12,4,25,9,481,374,506,383,481,374,506,374,506,383,481,383,sub_line_text,table_text,table_0,times,italic,8.0,13hea_20211228_164033_1632491665_600_800.png,/scratch/parceirosbr/bigoilict/share/BigOil/document_generator/datasets/documents_2021_12_28/13hea_20211228_164033_1632491665_600_800.png,13hea_20211228_164033_1632491665_600_800_mask.png,máxima
8,4,17,9,484,387,501,396,484,387,501,387,501,396,484,396,text,table_text,table_0,times,italic,8.0,13hea_20211228_164033_1632491665_600_800.png,/scratch/parceirosbr/bigoilict/share/BigOil/document_generator/datasets/documents_2021_12_28/13hea_20211228_164033_1632491665_600_800.png,13hea_20211228_164033_1632491665_600_800_mask.png,parte
8,4,17,9,484,387,501,396,484,387,501,387,501,396,484,396,sub_line_text,table_text,table_0,times,italic,8.0,13hea_20211228_164033_1632491665_600_800.png,/scratch/parceirosbr/bigoilict/share/BigOil/document_generator/datasets/documents_2021_12_28/13hea_20211228_164033_1632491665_600_800.png,13hea_20211228_164033_1632491665_600_800_mask.png,parte
19,4,38,9,474,400,512,409,474,400,512,400,512,409,474,409,text,table_text,table_0,times,italic,8.0,13hea_20211228_164033_1632491665_600_800.png,/scratch/parceirosbr/bigoilict/share/BigOil/document_generator/datasets/documents_2021_12_28/13hea_20211228_164033_1632491665_600_800.png,13hea_20211228_164033_1632491665_600_800_mask.png,combustível
19,4,38,9,474,400,512,409,474,400,512,400,512,409,474,409,sub_line_text,table_text,table_0,times,italic,8.0,13hea_20211228_164033_1632491665_600_800.png,/scratch/parceirosbr/bigoilict/share/BigOil/document_generator/datasets/documents_2021_12_28/13hea_20211228_164033_1632491665_600_800.png,13hea_20211228_164033_1632491665_600_800_mask.png,combustível
18,4,37,9,474,412,511,421,474,412,511,412,511,421,474,421,text,table_text,table_0,times,italic,8.0,13hea_20211228_164033_1632491665_600_800.png,/scratch/parceirosbr/bigoilict/share/BigOil/document_generator/datasets/documents_2021_12_28/13hea_20211228_164033_1632491665_600_800.png,13hea_20211228_164033_1632491665_600_800_mask.png,escoamento
18,4,37,9,474,412,511,421,474,412,511,412,511,421,474,421,sub_line_text,table_text,table_0,times,italic,8.0,13hea_20211228_164033_1632491665_600_800.png,/scratch/parceirosbr/bigoilict/share/BigOil/document_generator/datasets/documents_2021_12_28/13hea_20211228_164033_1632491665_600_800.png,13hea_20211228_164033_1632491665_600_800_mask.png,escoamento
14,4,28,9,480,425,508,434,480,425,508,425,508,434,480,434,text,table_text,table_0,times,italic,8.0,13hea_20211228_164033_1632491665_600_800.png,/scratch/parceirosbr/bigoilict/share/BigOil/document_generator/datasets/documents_2021_12_28/13hea_20211228_164033_1632491665_600_800.png,13hea_20211228_164033_1632491665_600_800_mask.png,derivado
14,4,28,9,480,425,508,434,480,425,508,425,508,434,480,434,sub_line_text,table_text,table_0,times,italic,8.0,13hea_20211228_164033_1632491665_600_800.png,/scratch/parceirosbr/bigoilict/share/BigOil/document_generator/datasets/documents_2021_12_28/13hea_20211228_164033_1632491665_600_800.png,13hea_20211228_164033_1632491665_600_800_mask.png,derivado
5,4,11,9,487,437,498,446,487,437,498,437,498,446,487,446,text,table_text,table_0,times,italic,8.0,13hea_20211228_164033_1632491665_600_800.png,/scratch/parceirosbr/bigoilict/share/BigOil/document_generator/datasets/documents_2021_12_28/13hea_20211228_164033_1632491665_600_800.png,13hea_20211228_164033_1632491665_600_800_mask.png,são
5,4,11,9,487,437,498,446,487,437,498,437,498,446,487,446,sub_line_text,table_text,table_0,times,italic,8.0,13hea_20211228_164033_1632491665_600_800.png,/scratch/parceirosbr/bigoilict/share/BigOil/document_generator/datasets/documents_2021_12_28/13hea_20211228_164033_1632491665_600_800.png,13hea_20211228_164033_1632491665_600_800_mask.png,são
14,4,28,9,480,450,508,459,480,450,508,450,508,459,480,459,text,table_text,table_0,times,italic,8.0,13hea_20211228_164033_1632491665_600_800.png,/scratch/parceirosbr/bigoilict/share/BigOil/document_generator/datasets/documents_2021_12_28/13hea_20211228_164033_1632491665_600_800.png,13hea_20211228_164033_1632491665_600_800_mask.png,mercado
14,4,28,9,480,450,508,459,480,450,508,450,508,459,480,459,sub_line_text,table_text,table_0,times,italic,8.0,13hea_20211228_164033_1632491665_600_800.png,/scratch/parceirosbr/bigoilict/share/BigOil/document_generator/datasets/documents_2021_12_28/13hea_20211228_164033_1632491665_600_800.png,13hea_20211228_164033_1632491665_600_800_mask.png,mercado
12,4,24,9,482,463,506,472,482,463,506,463,506,472,482,472,text,table_text,table_0,times,italic,8.0,13hea_20211228_164033_1632491665_600_800.png,/scratch/parceirosbr/bigoilict/share/BigOil/document_generator/datasets/documents_2021_12_28/13hea_20211228_164033_1632491665_600_800.png,13hea_20211228_164033_1632491665_600_800_mask.png,relação
12,4,24,9,482,463,506,472,482,463,506,463,506,472,482,472,sub_line_text,table_text,table_0,times,italic,8.0,13hea_20211228_164033_1632491665_600_800.png,/scratch/parceirosbr/bigoilict/share/BigOil/document_generator/datasets/documents_2021_12_28/13hea_20211228_164033_1632491665_600_800.png,13hea_20211228_164033_1632491665_600_800_mask.png,relação
12,4,24,9,482,475,506,484,482,475,506,475,506,484,482,484,text,table_text,table_0,times,italic,8.0,13hea_20211228_164033_1632491665_600_800.png,/scratch/parceirosbr/bigoilict/share/BigOil/document_generator/datasets/documents_2021_12_28/13hea_20211228_164033_1632491665_600_800.png,13hea_20211228_164033_1632491665_600_800_mask.png,reunião
12,4,24,9,482,475,506,484,482,475,506,475,506,484,482,484,sub_line_text,table_text,table_0,times,italic,8.0,13hea_20211228_164033_1632491665_600_800.png,/scratch/parceirosbr/bigoilict/share/BigOil/document_generator/datasets/documents_2021_12_28/13hea_20211228_164033_1632491665_600_800.png,13hea_20211228_164033_1632491665_600_800_mask.png,reunião
7,4,14,9,485,488,499,497,485,488,499,488,499,497,485,497,text,table_text,table_0,times,italic,8.0,13hea_20211228_164033_1632491665_600_800.png,/scratch/parceirosbr/bigoilict/share/BigOil/document_generator/datasets/documents_2021_12_28/13hea_20211228_164033_1632491665_600_800.png,13hea_20211228_164033_1632491665_600_800_mask.png,vista
7,4,14,9,485,488,499,497,485,488,499,488,499,497,485,497,sub_line_text,table_text,table_0,times,italic,8.0,13hea_20211228_164033_1632491665_600_800.png,/scratch/parceirosbr/bigoilict/share/BigOil/document_generator/datasets/documents_2021_12_28/13hea_20211228_164033_1632491665_600_800.png,13hea_20211228_164033_1632491665_600_800_mask.png,vista
8,4,17,9,484,500,501,509,484,500,501,500,501,509,484,509,text,table_text,table_0,times,italic,8.0,13hea_20211228_164033_1632491665_600_800.png,/scratch/parceirosbr/bigoilict/share/BigOil/document_generator/datasets/documents_2021_12_28/13hea_20211228_164033_1632491665_600_800.png,13hea_20211228_164033_1632491665_600_800_mask.png,picos
8,4,17,9,484,500,501,509,484,500,501,500,501,509,484,509,sub_line_text,table_text,table_0,times,italic,8.0,13hea_20211228_164033_1632491665_600_800.png,/scratch/parceirosbr/bigoilict/share/BigOil/document_generator/datasets/documents_2021_12_28/13hea_20211228_164033_1632491665_600_800.png,13hea_20211228_164033_1632491665_600_800_mask.png,picos
11,4,23,9,482,513,505,522,482,513,505,513,505,522,482,522,text,table_text,table_0,times,italic,8.0,13hea_20211228_164033_1632491665_600_800.png,/scratch/parceirosbr/bigoilict/share/BigOil/document_generator/datasets/documents_2021_12_28/13hea_20211228_164033_1632491665_600_800.png,13hea_20211228_164033_1632491665_600_800_mask.png,grande
11,4,23,9,482,513,505,522,482,513,505,513,505,522,482,522,sub_line_text,table_text,table_0,times,italic,8.0,13hea_20211228_164033_1632491665_600_800.png,/scratch/parceirosbr/bigoilict/share/BigOil/document_generator/datasets/documents_2021_12_28/13hea_20211228_164033_1632491665_600_800.png,13hea_20211228_164033_1632491665_600_800_mask.png,grande
15,4,31,9,478,526,509,535,478,526,509,526,509,535,478,535,text,table_text,table_0,times,italic,8.0,13hea_20211228_164033_1632491665_600_800.png,/scratch/parceirosbr/bigoilict/share/BigOil/document_generator/datasets/documents_2021_12_28/13hea_20211228_164033_1632491665_600_800.png,13hea_20211228_164033_1632491665_600_800_mask.png,principais
15,4,31,9,478,526,509,535,478,526,509,526,509,535,478,535,sub_line_text,table_text,table_0,times,italic,8.0,13hea_20211228_164033_1632491665_600_800.png,/scratch/parceirosbr/bigoilict/share/BigOil/document_generator/datasets/documents_2021_12_28/13hea_20211228_164033_1632491665_600_800.png,13hea_20211228_164033_1632491665_600_800_mask.png,principais
11,4,23,9,482,538,505,547,482,538,505,538,505,547,482,547,text,table_text,table_0,times,italic,8.0,13hea_20211228_164033_1632491665_600_800.png,/scratch/parceirosbr/bigoilict/share/BigOil/document_generator/datasets/documents_2021_12_28/13hea_20211228_164033_1632491665_600_800.png,13hea_20211228_164033_1632491665_600_800_mask.png,sentido
11,4,23,9,482,538,505,547,482,538,505,538,505,547,482,547,sub_line_text,table_text,table_0,times,italic,8.0,13hea_20211228_164033_1632491665_600_800.png,/scratch/parceirosbr/bigoilict/share/BigOil/document_generator/datasets/documents_2021_12_28/13hea_20211228_164033_1632491665_600_800.png,13hea_20211228_164033_1632491665_600_800_mask.png,sentido
13,4,27,9,480,551,507,560,480,551,507,551,507,560,480,560,text,table_text,table_0,times,italic,8.0,13hea_20211228_164033_1632491665_600_800.png,/scratch/parceirosbr/bigoilict/share/BigOil/document_generator/datasets/documents_2021_12_28/13hea_20211228_164033_1632491665_600_800.png,13hea_20211228_164033_1632491665_600_800_mask.png,decisões
13,4,27,9,480,551,507,560,480,551,507,551,507,560,480,560,sub_line_text,table_text,table_0,times,italic,8.0,13hea_20211228_164033_1632491665_600_800.png,/scratch/parceirosbr/bigoilict/share/BigOil/document_generator/datasets/documents_2021_12_28/13hea_20211228_164033_1632491665_600_800.png,13hea_20211228_164033_1632491665_600_800_mask.png,decisões
15,4,30,9,478,563,508,572,478,563,508,563,508,572,478,572,text,table_text,table_0,times,italic,8.0,13hea_20211228_164033_1632491665_600_800.png,/scratch/parceirosbr/bigoilict/share/BigOil/document_generator/datasets/documents_2021_12_28/13hea_20211228_164033_1632491665_600_800.png,13hea_20211228_164033_1632491665_600_800_mask.png,indicando
15,4,30,9,478,563,508,572,478,563,508,563,508,572,478,572,sub_line_text,table_text,table_0,times,italic,8.0,13hea_20211228_164033_1632491665_600_800.png,/scratch/parceirosbr/bigoilict/share/BigOil/document_generator/datasets/documents_2021_12_28/13hea_20211228_164033_1632491665_600_800.png,13hea_20211228_164033_1632491665_600_800_mask.png,indicando
8,4,17,9,484,576,501,585,484,576,501,576,501,585,484,585,text,table_text,table_0,times,italic,8.0,13hea_20211228_164033_1632491665_600_800.png,/scratch/parceirosbr/bigoilict/share/BigOil/document_generator/datasets/documents_2021_12_28/13hea_20211228_164033_1632491665_600_800.png,13hea_20211228_164033_1632491665_600_800_mask.png,apelo
8,4,17,9,484,576,501,585,484,576,501,576,501,585,484,585,sub_line_text,table_text,table_0,times,italic,8.0,13hea_20211228_164033_1632491665_600_800.png,/scratch/parceirosbr/bigoilict/share/BigOil/document_generator/datasets/documents_2021_12_28/13hea_20211228_164033_1632491665_600_800.png,13hea_20211228_164033_1632491665_600_800_mask.png,apelo
21,4,42,9,472,589,514,598,472,589,514,589,514,598,472,598,text,table_text,table_0,times,italic,8.0,13hea_20211228_164033_1632491665_600_800.png,/scratch/parceirosbr/bigoilict/share/BigOil/document_generator/datasets/documents_2021_12_28/13hea_20211228_164033_1632491665_600_800.png,13hea_20211228_164033_1632491665_600_800_mask.png,investimentos
21,4,42,9,472,589,514,598,472,589,514,589,514,598,472,598,sub_line_text,table_text,table_0,times,italic,8.0,13hea_20211228_164033_1632491665_600_800.png,/scratch/parceirosbr/bigoilict/share/BigOil/document_generator/datasets/documents_2021_12_28/13hea_20211228_164033_1632491665_600_800.png,13hea_20211228_164033_1632491665_600_800_mask.png,investimentos
12,4,25,9,481,601,506,610,481,601,506,601,506,610,481,610,text,table_text,table_0,times,bold,8.0,13hea_20211228_164033_1632491665_600_800.png,/scratch/parceirosbr/bigoilict/share/BigOil/document_generator/datasets/documents_2021_12_28/13hea_20211228_164033_1632491665_600_800.png,13hea_20211228_164033_1632491665_600_800_mask.png,relação
12,4,25,9,481,601,506,610,481,601,506,601,506,610,481,610,sub_line_text,table_text,table_0,times,bold,8.0,13hea_20211228_164033_1632491665_600_800.png,/scratch/parceirosbr/bigoilict/share/BigOil/document_generator/datasets/documents_2021_12_28/13hea_20211228_164033_1632491665_600_800.png,13hea_20211228_164033_1632491665_600_800_mask.png,relação
47,4,94,8,42,306,136,314,42,306,136,306,136,314,42,314,sub_line_text,table_legend,table_0,roboto,italic,7,13hea_20211228_164033_1632491665_600_800.png,/scratch/parceirosbr/bigoilict/share/BigOil/document_generator/datasets/documents_2021_12_28/13hea_20211228_164033_1632491665_600_800.png,13hea_20211228_164033_1632491665_600_800_mask.png,Tabela   140:    Tal  produção
47,4,94,8,42,317,136,325,42,317,136,317,136,325,42,325,sub_line_text,table_legend,table_0,roboto,italic,7,13hea_20211228_164033_1632491665_600_800.png,/scratch/parceirosbr/bigoilict/share/BigOil/document_generator/datasets/documents_2021_12_28/13hea_20211228_164033_1632491665_600_800.png,13hea_20211228_164033_1632491665_600_800_mask.png,representou     um    aumento
47,4,94,8,42,328,136,336,42,328,136,328,136,336,42,336,sub_line_text,table_legend,table_0,roboto,italic,7,13hea_20211228_164033_1632491665_600_800.png,/scratch/parceirosbr/bigoilict/share/BigOil/document_generator/datasets/documents_2021_12_28/13hea_20211228_164033_1632491665_600_800.png,13hea_20211228_164033_1632491665_600_800_mask.png,"de  19,7%  em relação à safra"
42,4,85,8,42,339,127,347,42,339,127,339,127,347,42,347,sub_line_text,table_legend,table_0,roboto,italic,7,13hea_20211228_164033_1632491665_600_800.png,/scratch/parceirosbr/bigoilict/share/BigOil/document_generator/datasets/documents_2021_12_28/13hea_20211228_164033_1632491665_600_800.png,13hea_20211228_164033_1632491665_600_800_mask.png,"anterior, enquanto o aume-"
47,20,94,41,42,306,136,347,42,306,136,306,136,347,42,347,text,table_legend,table_0,roboto,italic,7,13hea_20211228_164033_1632491665_600_800.png,/scratch/parceirosbr/bigoilict/share/BigOil/document_generator/datasets/documents_2021_12_28/13hea_20211228_164033_1632491665_600_800.png,13hea_20211228_164033_1632491665_600_800_mask.png,nan
21,4,42,8,123,632,165,640,123,632,165,632,165,640,123,640,sub_line_text,equation,equation_0,roboto,italic,7,13hea_20211228_164033_1632491665_600_800.png,/scratch/parceirosbr/bigoilict/share/BigOil/document_generator/datasets/documents_2021_12_28/13hea_20211228_164033_1632491665_600_800.png,13hea_20211228_164033_1632491665_600_800_mask.png,Equação (19)
185,9,371,19,123,627,494,646,123,627,494,627,494,646,123,646,equation,equation,equation_0,,,,13hea_20211228_164033_1632491665_600_800.png,/scratch/parceirosbr/bigoilict/share/BigOil/document_generator/datasets/documents_2021_12_28/13hea_20211228_164033_1632491665_600_800.png,13hea_20211228_164033_1632491665_600_800_mask.png,
240,5,481,10,72,649,553,659,72,649,553,649,553,659,72,659,sub_line_text,text,text_0,roboto,regular,8,13hea_20211228_164033_1632491665_600_800.png,/scratch/parceirosbr/bigoilict/share/BigOil/document_generator/datasets/documents_2021_12_28/13hea_20211228_164033_1632491665_600_800.png,13hea_20211228_164033_1632491665_600_800_mask.png,"Air  pollutants  released  from  well (fugitive and/or flaredmethane and combustion gases . Agradeço a trajetória percorrida, acumulando"
255,5,511,10,42,662,553,672,42,662,553,662,553,672,42,672,sub_line_text,text,text_0,roboto,regular,8,13hea_20211228_164033_1632491665_600_800.png,/scratch/parceirosbr/bigoilict/share/BigOil/document_generator/datasets/documents_2021_12_28/13hea_20211228_164033_1632491665_600_800.png,13hea_20211228_164033_1632491665_600_800_mask.png,"vitórias,  conquistas  e  dificuldades, que me fizeram crescer e fortalecer. Além disso, o consumo de eletricidade e o consumo de energia reflet-"
255,5,511,10,42,675,553,685,42,675,553,675,553,685,42,685,sub_line_text,text,text_0,roboto,regular,8,13hea_20211228_164033_1632491665_600_800.png,/scratch/parceirosbr/bigoilict/share/BigOil/document_generator/datasets/documents_2021_12_28/13hea_20211228_164033_1632491665_600_800.png,13hea_20211228_164033_1632491665_600_800_mask.png,em  com  bastante  precisão  o  nível  de renda das populações e suas necessidades. Acima de um certo valor do número de as deformações nas
70,5,140,10,42,688,182,698,42,688,182,688,182,698,42,698,sub_line_text,text,text_0,roboto,regular,8,13hea_20211228_164033_1632491665_600_800.png,/scratch/parceirosbr/bigoilict/share/BigOil/document_generator/datasets/documents_2021_12_28/13hea_20211228_164033_1632491665_600_800.png,13hea_20211228_164033_1632491665_600_800_mask.png,gotas levam a quebra das mesmas. 42..
255,24,511,49,42,649,553,698,42,649,553,649,553,698,42,698,text,text,text_0,roboto,regular,8,13hea_20211228_164033_1632491665_600_800.png,/scratch/parceirosbr/bigoilict/share/BigOil/document_generator/datasets/documents_2021_12_28/13hea_20211228_164033_1632491665_600_800.png,13hea_20211228_164033_1632491665_600_800_mask.png,nan
239,5,478,10,72,701,550,711,72,701,550,701,550,711,72,711,sub_line_text,text,text_1,roboto,regular,8,13hea_20211228_164033_1632491665_600_800.png,/scratch/parceirosbr/bigoilict/share/BigOil/document_generator/datasets/documents_2021_12_28/13hea_20211228_164033_1632491665_600_800.png,13hea_20211228_164033_1632491665_600_800_mask.png,"Comparando os valores de k e adotados na aplicação da metodologia do com os valores adotados por outros estudos, tem-se que o."
239,5,478,10,72,701,550,711,72,701,550,701,550,711,72,711,text,text,text_1,roboto,regular,8,13hea_20211228_164033_1632491665_600_800.png,/scratch/parceirosbr/bigoilict/share/BigOil/document_generator/datasets/documents_2021_12_28/13hea_20211228_164033_1632491665_600_800.png,13hea_20211228_164033_1632491665_600_800_mask.png,nan
