center_x,center_y,width,height,xmin,ymin,xmax,ymax,top_left_x,top_left_y,top_right_x,top_right_y,bottom_right_x,bottom_right_y,bottom_left_x,bottom_left_y,label,grouplabel,group,text_font,text_style,size_font,filename,path,filename_mask,content
300,400,600,800,0,0,600,800,0,0,600,0,600,800,0,800,document,,,,,,13hea_20211228_164040_3246317051_600_800.png,/scratch/parceirosbr/bigoilict/share/BigOil/document_generator/datasets/documents_2021_12_28/13hea_20211228_164040_3246317051_600_800.png,13hea_20211228_164040_3246317051_600_800_mask.png,
237,1,475,2,64,93,539,95,64,93,539,93,539,95,64,95,line,line,line,,,,13hea_20211228_164040_3246317051_600_800.png,/scratch/parceirosbr/bigoilict/share/BigOil/document_generator/datasets/documents_2021_12_28/13hea_20211228_164040_3246317051_600_800.png,13hea_20211228_164040_3246317051_600_800_mask.png,nan
62,5,125,10,412,56,537,66,412,56,537,56,537,66,412,66,sub_line_text,header,header_1,courier,regular,9,13hea_20211228_164040_3246317051_600_800.png,/scratch/parceirosbr/bigoilict/share/BigOil/document_generator/datasets/documents_2021_12_28/13hea_20211228_164040_3246317051_600_800.png,13hea_20211228_164040_3246317051_600_800_mask.png,Future prospects are that
62,5,125,10,412,56,537,66,412,56,537,56,537,66,412,66,text,header,header_1,courier,regular,9,13hea_20211228_164040_3246317051_600_800.png,/scratch/parceirosbr/bigoilict/share/BigOil/document_generator/datasets/documents_2021_12_28/13hea_20211228_164040_3246317051_600_800.png,13hea_20211228_164040_3246317051_600_800_mask.png,nan
30,15,61,30,102,56,163,86,102,56,163,56,163,86,102,86,image,image,image,,,,13hea_20211228_164040_3246317051_600_800.png,/scratch/parceirosbr/bigoilict/share/BigOil/document_generator/datasets/documents_2021_12_28/13hea_20211228_164040_3246317051_600_800.png,13hea_20211228_164040_3246317051_600_800_mask.png,/scratch/parceirosbr/bigoilict/share/BigOil/document_generator/files_images_document_generator/logos\image_28.jpg
195,5,390,10,139,103,529,113,139,103,529,103,529,113,139,113,sub_line_text,text,text_0,courier,regular,9,13hea_20211228_164040_3246317051_600_800.png,/scratch/parceirosbr/bigoilict/share/BigOil/document_generator/datasets/documents_2021_12_28/13hea_20211228_164040_3246317051_600_800.png,13hea_20211228_164040_3246317051_600_800_mask.png,De  i xa r de a pre s e nta r ou a pre s e nta r i ncorre ta me nte docume nta
232,5,465,10,64,117,529,127,64,117,529,117,529,127,64,127,sub_line_text,text,text_0,courier,regular,9,13hea_20211228_164040_3246317051_600_800.png,/scratch/parceirosbr/bigoilict/share/BigOil/document_generator/datasets/documents_2021_12_28/13hea_20211228_164040_3246317051_600_800.png,13hea_20211228_164040_3246317051_600_800_mask.png,"çã  o  de  movi me nta çã o de produtos. De acordo com a 26, mesmo na ausência de catalisador"
232,5,465,10,64,131,529,141,64,131,529,131,529,141,64,141,sub_line_text,text,text_0,courier,regular,9,13hea_20211228_164040_3246317051_600_800.png,/scratch/parceirosbr/bigoilict/share/BigOil/document_generator/datasets/documents_2021_12_28/13hea_20211228_164040_3246317051_600_800.png,13hea_20211228_164040_3246317051_600_800_mask.png,"ácido,  observou-se  que  após 30 minutos de reação já havia sido formada grande proporção de"
232,5,465,10,64,145,529,155,64,145,529,145,529,155,64,155,sub_line_text,text,text_0,courier,regular,9,13hea_20211228_164040_3246317051_600_800.png,/scratch/parceirosbr/bigoilict/share/BigOil/document_generator/datasets/documents_2021_12_28/13hea_20211228_164040_3246317051_600_800.png,13hea_20211228_164040_3246317051_600_800_mask.png,"monoacetin  (em  torno de 60%), diminuindo muito pouco ao longo das seis horas de refluxo. v-"
232,5,465,10,64,159,529,169,64,159,529,159,529,169,64,169,sub_line_text,text,text_0,courier,regular,9,13hea_20211228_164040_3246317051_600_800.png,/scratch/parceirosbr/bigoilict/share/BigOil/document_generator/datasets/documents_2021_12_28/13hea_20211228_164040_3246317051_600_800.png,13hea_20211228_164040_3246317051_600_800_mask.png,erificar  se  ocorre  alteração nas propriedades do material infiltrado. uma resina adequada:
232,5,465,10,64,173,529,183,64,173,529,173,529,183,64,183,sub_line_text,text,text_0,courier,regular,9,13hea_20211228_164040_3246317051_600_800.png,/scratch/parceirosbr/bigoilict/share/BigOil/document_generator/datasets/documents_2021_12_28/13hea_20211228_164040_3246317051_600_800.png,13hea_20211228_164040_3246317051_600_800_mask.png,utilizar  misturas  e realizar a homogeneização a úmido. meios que geram boa dispersão da mi-
232,5,465,10,64,187,529,197,64,187,529,187,529,197,64,197,sub_line_text,text,text_0,courier,regular,9,13hea_20211228_164040_3246317051_600_800.png,/scratch/parceirosbr/bigoilict/share/BigOil/document_generator/datasets/documents_2021_12_28/13hea_20211228_164040_3246317051_600_800.png,13hea_20211228_164040_3246317051_600_800_mask.png,stura  para  que se obtenha a mistura mais homogênea possível. a estrutura do corpo-verde ut-
227,5,455,10,64,201,519,211,64,201,519,201,519,211,64,211,sub_line_text,text,text_0,courier,regular,9,13hea_20211228_164040_3246317051_600_800.png,/scratch/parceirosbr/bigoilict/share/BigOil/document_generator/datasets/documents_2021_12_28/13hea_20211228_164040_3246317051_600_800.png,13hea_20211228_164040_3246317051_600_800_mask.png,ilizando técnicas de metalografia quantitativa e micro-tomografia para verificar a distrib.
232,54,465,108,64,103,529,211,64,103,529,103,529,211,64,211,text,text,text_0,courier,regular,9,13hea_20211228_164040_3246317051_600_800.png,/scratch/parceirosbr/bigoilict/share/BigOil/document_generator/datasets/documents_2021_12_28/13hea_20211228_164040_3246317051_600_800.png,13hea_20211228_164040_3246317051_600_800_mask.png,nan
150,90,300,180,218,218,518,398,218,218,518,218,518,398,218,398,image,figure_image,figure_0,,,,13hea_20211228_164040_3246317051_600_800.png,/scratch/parceirosbr/bigoilict/share/BigOil/document_generator/datasets/documents_2021_12_28/13hea_20211228_164040_3246317051_600_800.png,13hea_20211228_164040_3246317051_600_800_mask.png,output/gen_img_20211228_164041_2676584137.png
5,14,11,28,491,364,502,392,491,392,494,364,502,365,498,392,text,figure_text,figure_0,,,,13hea_20211228_164040_3246317051_600_800.png,/scratch/parceirosbr/bigoilict/share/BigOil/document_generator/datasets/documents_2021_12_28/13hea_20211228_164040_3246317051_600_800.png,13hea_20211228_164040_3246317051_600_800_mask.png,-9205%
5,14,11,28,491,364,502,392,491,392,494,364,502,365,498,392,sub_line_text,figure_text,figure_0,,,,13hea_20211228_164040_3246317051_600_800.png,/scratch/parceirosbr/bigoilict/share/BigOil/document_generator/datasets/documents_2021_12_28/13hea_20211228_164040_3246317051_600_800.png,13hea_20211228_164040_3246317051_600_800_mask.png,-9205%
5,16,11,32,399,288,410,320,399,319,403,288,410,289,406,320,text,figure_text,figure_0,,,,13hea_20211228_164040_3246317051_600_800.png,/scratch/parceirosbr/bigoilict/share/BigOil/document_generator/datasets/documents_2021_12_28/13hea_20211228_164040_3246317051_600_800.png,13hea_20211228_164040_3246317051_600_800_mask.png,-2467.44
5,16,11,32,399,288,410,320,399,319,403,288,410,289,406,320,sub_line_text,figure_text,figure_0,,,,13hea_20211228_164040_3246317051_600_800.png,/scratch/parceirosbr/bigoilict/share/BigOil/document_generator/datasets/documents_2021_12_28/13hea_20211228_164040_3246317051_600_800.png,13hea_20211228_164040_3246317051_600_800_mask.png,-2467.44
9,31,18,63,260,275,278,338,260,337,269,275,278,277,268,338,text,figure_text,figure_0,,,,13hea_20211228_164040_3246317051_600_800.png,/scratch/parceirosbr/bigoilict/share/BigOil/document_generator/datasets/documents_2021_12_28/13hea_20211228_164040_3246317051_600_800.png,13hea_20211228_164040_3246317051_600_800_mask.png,Temperature [a.c]
9,31,18,63,260,275,278,338,260,337,269,275,278,277,268,338,sub_line_text,figure_text,figure_0,,,,13hea_20211228_164040_3246317051_600_800.png,/scratch/parceirosbr/bigoilict/share/BigOil/document_generator/datasets/documents_2021_12_28/13hea_20211228_164040_3246317051_600_800.png,13hea_20211228_164040_3246317051_600_800_mask.png,Temperature [a.c]
7,18,14,36,339,265,353,301,339,299,344,265,353,266,347,301,text,figure_text,figure_0,,,,13hea_20211228_164040_3246317051_600_800.png,/scratch/parceirosbr/bigoilict/share/BigOil/document_generator/datasets/documents_2021_12_28/13hea_20211228_164040_3246317051_600_800.png,13hea_20211228_164040_3246317051_600_800_mask.png,Power (F)
7,18,14,36,339,265,353,301,339,299,344,265,353,266,347,301,sub_line_text,figure_text,figure_0,,,,13hea_20211228_164040_3246317051_600_800.png,/scratch/parceirosbr/bigoilict/share/BigOil/document_generator/datasets/documents_2021_12_28/13hea_20211228_164040_3246317051_600_800.png,13hea_20211228_164040_3246317051_600_800_mask.png,Power (F)
8,29,17,58,476,295,493,353,476,352,484,295,493,296,484,353,text,figure_text,figure_0,,,,13hea_20211228_164040_3246317051_600_800.png,/scratch/parceirosbr/bigoilict/share/BigOil/document_generator/datasets/documents_2021_12_28/13hea_20211228_164040_3246317051_600_800.png,13hea_20211228_164040_3246317051_600_800_mask.png,Processing [GB]
8,29,17,58,476,295,493,353,476,352,484,295,493,296,484,353,sub_line_text,figure_text,figure_0,,,,13hea_20211228_164040_3246317051_600_800.png,/scratch/parceirosbr/bigoilict/share/BigOil/document_generator/datasets/documents_2021_12_28/13hea_20211228_164040_3246317051_600_800.png,13hea_20211228_164040_3246317051_600_800_mask.png,Processing [GB]
5,13,10,26,353,344,363,370,353,369,356,344,363,346,359,370,text,figure_text,figure_0,,,,13hea_20211228_164040_3246317051_600_800.png,/scratch/parceirosbr/bigoilict/share/BigOil/document_generator/datasets/documents_2021_12_28/13hea_20211228_164040_3246317051_600_800.png,13hea_20211228_164040_3246317051_600_800_mask.png,Scores
5,13,10,26,353,344,363,370,353,369,356,344,363,346,359,370,sub_line_text,figure_text,figure_0,,,,13hea_20211228_164040_3246317051_600_800.png,/scratch/parceirosbr/bigoilict/share/BigOil/document_generator/datasets/documents_2021_12_28/13hea_20211228_164040_3246317051_600_800.png,13hea_20211228_164040_3246317051_600_800_mask.png,Scores
6,18,12,36,448,308,460,344,448,344,453,308,460,309,455,344,text,figure_text,figure_0,,,,13hea_20211228_164040_3246317051_600_800.png,/scratch/parceirosbr/bigoilict/share/BigOil/document_generator/datasets/documents_2021_12_28/13hea_20211228_164040_3246317051_600_800.png,13hea_20211228_164040_3246317051_600_800_mask.png,Treatment
6,18,12,36,448,308,460,344,448,344,453,308,460,309,455,344,sub_line_text,figure_text,figure_0,,,,13hea_20211228_164040_3246317051_600_800.png,/scratch/parceirosbr/bigoilict/share/BigOil/document_generator/datasets/documents_2021_12_28/13hea_20211228_164040_3246317051_600_800.png,13hea_20211228_164040_3246317051_600_800_mask.png,Treatment
5,14,11,28,247,338,258,366,247,365,251,338,258,339,254,366,text,figure_text,figure_0,,,,13hea_20211228_164040_3246317051_600_800.png,/scratch/parceirosbr/bigoilict/share/BigOil/document_generator/datasets/documents_2021_12_28/13hea_20211228_164040_3246317051_600_800.png,13hea_20211228_164040_3246317051_600_800_mask.png,-1786.9
5,14,11,28,247,338,258,366,247,365,251,338,258,339,254,366,sub_line_text,figure_text,figure_0,,,,13hea_20211228_164040_3246317051_600_800.png,/scratch/parceirosbr/bigoilict/share/BigOil/document_generator/datasets/documents_2021_12_28/13hea_20211228_164040_3246317051_600_800.png,13hea_20211228_164040_3246317051_600_800_mask.png,-1786.9
6,16,12,32,364,308,376,340,364,339,368,308,376,309,371,340,text,figure_text,figure_0,,,,13hea_20211228_164040_3246317051_600_800.png,/scratch/parceirosbr/bigoilict/share/BigOil/document_generator/datasets/documents_2021_12_28/13hea_20211228_164040_3246317051_600_800.png,13hea_20211228_164040_3246317051_600_800_mask.png,Reaction
6,16,12,32,364,308,376,340,364,339,368,308,376,309,371,340,sub_line_text,figure_text,figure_0,,,,13hea_20211228_164040_3246317051_600_800.png,/scratch/parceirosbr/bigoilict/share/BigOil/document_generator/datasets/documents_2021_12_28/13hea_20211228_164040_3246317051_600_800.png,13hea_20211228_164040_3246317051_600_800_mask.png,Reaction
5,10,11,20,501,274,512,294,501,293,504,274,512,275,509,294,text,figure_text,figure_0,,,,13hea_20211228_164040_3246317051_600_800.png,/scratch/parceirosbr/bigoilict/share/BigOil/document_generator/datasets/documents_2021_12_28/13hea_20211228_164040_3246317051_600_800.png,13hea_20211228_164040_3246317051_600_800_mask.png,Days
5,10,11,20,501,274,512,294,501,293,504,274,512,275,509,294,sub_line_text,figure_text,figure_0,,,,13hea_20211228_164040_3246317051_600_800.png,/scratch/parceirosbr/bigoilict/share/BigOil/document_generator/datasets/documents_2021_12_28/13hea_20211228_164040_3246317051_600_800.png,13hea_20211228_164040_3246317051_600_800_mask.png,Days
5,10,10,20,247,268,257,288,247,288,250,268,257,269,254,288,text,figure_text,figure_0,,,,13hea_20211228_164040_3246317051_600_800.png,/scratch/parceirosbr/bigoilict/share/BigOil/document_generator/datasets/documents_2021_12_28/13hea_20211228_164040_3246317051_600_800.png,13hea_20211228_164040_3246317051_600_800_mask.png,-7227
5,10,10,20,247,268,257,288,247,288,250,268,257,269,254,288,sub_line_text,figure_text,figure_0,,,,13hea_20211228_164040_3246317051_600_800.png,/scratch/parceirosbr/bigoilict/share/BigOil/document_generator/datasets/documents_2021_12_28/13hea_20211228_164040_3246317051_600_800.png,13hea_20211228_164040_3246317051_600_800_mask.png,-7227
6,17,12,35,420,255,432,290,420,289,425,255,432,256,427,290,text,figure_text,figure_0,,,,13hea_20211228_164040_3246317051_600_800.png,/scratch/parceirosbr/bigoilict/share/BigOil/document_generator/datasets/documents_2021_12_28/13hea_20211228_164040_3246317051_600_800.png,13hea_20211228_164040_3246317051_600_800_mask.png,-3363.9%
6,17,12,35,420,255,432,290,420,289,425,255,432,256,427,290,sub_line_text,figure_text,figure_0,,,,13hea_20211228_164040_3246317051_600_800.png,/scratch/parceirosbr/bigoilict/share/BigOil/document_generator/datasets/documents_2021_12_28/13hea_20211228_164040_3246317051_600_800.png,13hea_20211228_164040_3246317051_600_800_mask.png,-3363.9%
7,25,14,50,397,232,411,282,397,281,404,232,411,233,404,282,text,figure_text,figure_0,,,,13hea_20211228_164040_3246317051_600_800.png,/scratch/parceirosbr/bigoilict/share/BigOil/document_generator/datasets/documents_2021_12_28/13hea_20211228_164040_3246317051_600_800.png,13hea_20211228_164040_3246317051_600_800_mask.png,Concentration
7,25,14,50,397,232,411,282,397,281,404,232,411,233,404,282,sub_line_text,figure_text,figure_0,,,,13hea_20211228_164040_3246317051_600_800.png,/scratch/parceirosbr/bigoilict/share/BigOil/document_generator/datasets/documents_2021_12_28/13hea_20211228_164040_3246317051_600_800.png,13hea_20211228_164040_3246317051_600_800_mask.png,Concentration
6,17,13,34,413,315,426,349,413,348,418,315,426,316,422,349,text,figure_text,figure_0,,,,13hea_20211228_164040_3246317051_600_800.png,/scratch/parceirosbr/bigoilict/share/BigOil/document_generator/datasets/documents_2021_12_28/13hea_20211228_164040_3246317051_600_800.png,13hea_20211228_164040_3246317051_600_800_mask.png,Water (L)
6,17,13,34,413,315,426,349,413,348,418,315,426,316,422,349,sub_line_text,figure_text,figure_0,,,,13hea_20211228_164040_3246317051_600_800.png,/scratch/parceirosbr/bigoilict/share/BigOil/document_generator/datasets/documents_2021_12_28/13hea_20211228_164040_3246317051_600_800.png,13hea_20211228_164040_3246317051_600_800_mask.png,Water (L)
7,20,14,41,382,313,396,354,382,353,387,313,396,314,390,354,text,figure_text,figure_0,,,,13hea_20211228_164040_3246317051_600_800.png,/scratch/parceirosbr/bigoilict/share/BigOil/document_generator/datasets/documents_2021_12_28/13hea_20211228_164040_3246317051_600_800.png,13hea_20211228_164040_3246317051_600_800_mask.png,Female [M]
7,20,14,41,382,313,396,354,382,353,387,313,396,314,390,354,sub_line_text,figure_text,figure_0,,,,13hea_20211228_164040_3246317051_600_800.png,/scratch/parceirosbr/bigoilict/share/BigOil/document_generator/datasets/documents_2021_12_28/13hea_20211228_164040_3246317051_600_800.png,13hea_20211228_164040_3246317051_600_800_mask.png,Female [M]
5,14,11,28,332,227,343,255,332,254,336,227,343,228,339,255,text,figure_text,figure_0,,,,13hea_20211228_164040_3246317051_600_800.png,/scratch/parceirosbr/bigoilict/share/BigOil/document_generator/datasets/documents_2021_12_28/13hea_20211228_164040_3246317051_600_800.png,13hea_20211228_164040_3246317051_600_800_mask.png,366.1%
5,14,11,28,332,227,343,255,332,254,336,227,343,228,339,255,sub_line_text,figure_text,figure_0,,,,13hea_20211228_164040_3246317051_600_800.png,/scratch/parceirosbr/bigoilict/share/BigOil/document_generator/datasets/documents_2021_12_28/13hea_20211228_164040_3246317051_600_800.png,13hea_20211228_164040_3246317051_600_800_mask.png,366.1%
5,14,11,29,309,241,320,270,309,269,313,241,320,242,316,270,text,figure_text,figure_0,,,,13hea_20211228_164040_3246317051_600_800.png,/scratch/parceirosbr/bigoilict/share/BigOil/document_generator/datasets/documents_2021_12_28/13hea_20211228_164040_3246317051_600_800.png,13hea_20211228_164040_3246317051_600_800_mask.png,639.159
5,14,11,29,309,241,320,270,309,269,313,241,320,242,316,270,sub_line_text,figure_text,figure_0,,,,13hea_20211228_164040_3246317051_600_800.png,/scratch/parceirosbr/bigoilict/share/BigOil/document_generator/datasets/documents_2021_12_28/13hea_20211228_164040_3246317051_600_800.png,13hea_20211228_164040_3246317051_600_800_mask.png,639.159
6,16,12,33,326,344,338,377,326,376,331,344,338,346,333,377,text,figure_text,figure_0,,,,13hea_20211228_164040_3246317051_600_800.png,/scratch/parceirosbr/bigoilict/share/BigOil/document_generator/datasets/documents_2021_12_28/13hea_20211228_164040_3246317051_600_800.png,13hea_20211228_164040_3246317051_600_800_mask.png,Advance
6,16,12,33,326,344,338,377,326,376,331,344,338,346,333,377,sub_line_text,figure_text,figure_0,,,,13hea_20211228_164040_3246317051_600_800.png,/scratch/parceirosbr/bigoilict/share/BigOil/document_generator/datasets/documents_2021_12_28/13hea_20211228_164040_3246317051_600_800.png,13hea_20211228_164040_3246317051_600_800_mask.png,Advance
6,19,12,39,500,222,512,261,500,260,505,222,512,223,507,261,text,figure_text,figure_0,,,,13hea_20211228_164040_3246317051_600_800.png,/scratch/parceirosbr/bigoilict/share/BigOil/document_generator/datasets/documents_2021_12_28/13hea_20211228_164040_3246317051_600_800.png,13hea_20211228_164040_3246317051_600_800_mask.png,-1603.22%
6,19,12,39,500,222,512,261,500,260,505,222,512,223,507,261,sub_line_text,figure_text,figure_0,,,,13hea_20211228_164040_3246317051_600_800.png,/scratch/parceirosbr/bigoilict/share/BigOil/document_generator/datasets/documents_2021_12_28/13hea_20211228_164040_3246317051_600_800.png,13hea_20211228_164040_3246317051_600_800_mask.png,-1603.22%
5,14,11,29,235,298,246,327,235,326,238,298,246,299,242,327,text,figure_text,figure_0,,,,13hea_20211228_164040_3246317051_600_800.png,/scratch/parceirosbr/bigoilict/share/BigOil/document_generator/datasets/documents_2021_12_28/13hea_20211228_164040_3246317051_600_800.png,13hea_20211228_164040_3246317051_600_800_mask.png,-9985%
5,14,11,29,235,298,246,327,235,326,238,298,246,299,242,327,sub_line_text,figure_text,figure_0,,,,13hea_20211228_164040_3246317051_600_800.png,/scratch/parceirosbr/bigoilict/share/BigOil/document_generator/datasets/documents_2021_12_28/13hea_20211228_164040_3246317051_600_800.png,13hea_20211228_164040_3246317051_600_800_mask.png,-9985%
6,18,13,37,263,340,276,377,263,376,267,340,276,342,271,377,text,figure_text,figure_0,,,,13hea_20211228_164040_3246317051_600_800.png,/scratch/parceirosbr/bigoilict/share/BigOil/document_generator/datasets/documents_2021_12_28/13hea_20211228_164040_3246317051_600_800.png,13hea_20211228_164040_3246317051_600_800_mask.png,Data [GB]
6,18,13,37,263,340,276,377,263,376,267,340,276,342,271,377,sub_line_text,figure_text,figure_0,,,,13hea_20211228_164040_3246317051_600_800.png,/scratch/parceirosbr/bigoilict/share/BigOil/document_generator/datasets/documents_2021_12_28/13hea_20211228_164040_3246317051_600_800.png,13hea_20211228_164040_3246317051_600_800_mask.png,Data [GB]
7,19,14,39,427,329,441,368,427,367,432,329,441,330,436,368,text,figure_text,figure_0,,,,13hea_20211228_164040_3246317051_600_800.png,/scratch/parceirosbr/bigoilict/share/BigOil/document_generator/datasets/documents_2021_12_28/13hea_20211228_164040_3246317051_600_800.png,13hea_20211228_164040_3246317051_600_800_mask.png,Energy (V)
7,19,14,39,427,329,441,368,427,367,432,329,441,330,436,368,sub_line_text,figure_text,figure_0,,,,13hea_20211228_164040_3246317051_600_800.png,/scratch/parceirosbr/bigoilict/share/BigOil/document_generator/datasets/documents_2021_12_28/13hea_20211228_164040_3246317051_600_800.png,13hea_20211228_164040_3246317051_600_800_mask.png,Energy (V)
50,4,100,9,72,218,172,227,72,218,172,218,172,227,72,227,sub_line_text,figure_legend,figure_0,courier,italic,8,13hea_20211228_164040_3246317051_600_800.png,/scratch/parceirosbr/bigoilict/share/BigOil/document_generator/datasets/documents_2021_12_28/13hea_20211228_164040_3246317051_600_800.png,13hea_20211228_164040_3246317051_600_800_mask.png,Fig.  54:   Agradeço
51,4,102,9,72,230,174,239,72,230,174,230,174,239,72,239,sub_line_text,figure_legend,figure_0,courier,italic,8,13hea_20211228_164040_3246317051_600_800.png,/scratch/parceirosbr/bigoilict/share/BigOil/document_generator/datasets/documents_2021_12_28/13hea_20211228_164040_3246317051_600_800.png,13hea_20211228_164040_3246317051_600_800_mask.png,minha família por me
50,4,101,9,72,242,173,251,72,242,173,242,173,251,72,251,sub_line_text,figure_legend,figure_0,courier,italic,8,13hea_20211228_164040_3246317051_600_800.png,/scratch/parceirosbr/bigoilict/share/BigOil/document_generator/datasets/documents_2021_12_28/13hea_20211228_164040_3246317051_600_800.png,13hea_20211228_164040_3246317051_600_800_mask.png,"receber, me apoiar e"
50,4,101,9,72,254,173,263,72,254,173,254,173,263,72,263,sub_line_text,figure_legend,figure_0,courier,italic,8,13hea_20211228_164040_3246317051_600_800.png,/scratch/parceirosbr/bigoilict/share/BigOil/document_generator/datasets/documents_2021_12_28/13hea_20211228_164040_3246317051_600_800.png,13hea_20211228_164040_3246317051_600_800_mask.png,participar    comigo
50,4,100,9,72,266,172,275,72,266,172,266,172,275,72,275,sub_line_text,figure_legend,figure_0,courier,italic,8,13hea_20211228_164040_3246317051_600_800.png,/scratch/parceirosbr/bigoilict/share/BigOil/document_generator/datasets/documents_2021_12_28/13hea_20211228_164040_3246317051_600_800.png,13hea_20211228_164040_3246317051_600_800_mask.png,decada  fase do pri-
50,4,100,9,72,278,172,287,72,278,172,278,172,287,72,287,sub_line_text,figure_legend,figure_0,courier,italic,8,13hea_20211228_164040_3246317051_600_800.png,/scratch/parceirosbr/bigoilict/share/BigOil/document_generator/datasets/documents_2021_12_28/13hea_20211228_164040_3246317051_600_800.png,13hea_20211228_164040_3246317051_600_800_mask.png,ncipalmente  a minha
51,4,102,9,72,290,174,299,72,290,174,290,174,299,72,299,sub_line_text,figure_legend,figure_0,courier,italic,8,13hea_20211228_164040_3246317051_600_800.png,/scratch/parceirosbr/bigoilict/share/BigOil/document_generator/datasets/documents_2021_12_28/13hea_20211228_164040_3246317051_600_800.png,13hea_20211228_164040_3246317051_600_800_mask.png,linda vó minha irmã.
50,4,100,9,72,302,172,311,72,302,172,302,172,311,72,311,sub_line_text,figure_legend,figure_0,courier,italic,8,13hea_20211228_164040_3246317051_600_800.png,/scratch/parceirosbr/bigoilict/share/BigOil/document_generator/datasets/documents_2021_12_28/13hea_20211228_164040_3246317051_600_800.png,13hea_20211228_164040_3246317051_600_800_mask.png,"In December 2009, w-"
51,46,102,93,72,218,174,311,72,218,174,218,174,311,72,311,text,figure_legend,figure_0,courier,italic,8,13hea_20211228_164040_3246317051_600_800.png,/scratch/parceirosbr/bigoilict/share/BigOil/document_generator/datasets/documents_2021_12_28/13hea_20211228_164040_3246317051_600_800.png,13hea_20211228_164040_3246317051_600_800_mask.png,nan
160,80,321,160,206,405,527,565,206,405,527,405,527,565,206,565,image,figure_image,figure_1,,,,13hea_20211228_164040_3246317051_600_800.png,/scratch/parceirosbr/bigoilict/share/BigOil/document_generator/datasets/documents_2021_12_28/13hea_20211228_164040_3246317051_600_800.png,13hea_20211228_164040_3246317051_600_800_mask.png,output/gen_img_20211228_164044_2029754007.png
4,8,9,17,226,517,235,534,226,534,229,517,235,518,232,534,text,figure_text,figure_1,,,,13hea_20211228_164040_3246317051_600_800.png,/scratch/parceirosbr/bigoilict/share/BigOil/document_generator/datasets/documents_2021_12_28/13hea_20211228_164040_3246317051_600_800.png,13hea_20211228_164040_3246317051_600_800_mask.png,Export
4,8,9,17,226,517,235,534,226,534,229,517,235,518,232,534,sub_line_text,figure_text,figure_1,,,,13hea_20211228_164040_3246317051_600_800.png,/scratch/parceirosbr/bigoilict/share/BigOil/document_generator/datasets/documents_2021_12_28/13hea_20211228_164040_3246317051_600_800.png,13hea_20211228_164040_3246317051_600_800_mask.png,Export
7,10,14,20,478,415,492,435,478,433,487,415,492,417,482,435,text,figure_text,figure_1,,,,13hea_20211228_164040_3246317051_600_800.png,/scratch/parceirosbr/bigoilict/share/BigOil/document_generator/datasets/documents_2021_12_28/13hea_20211228_164040_3246317051_600_800.png,13hea_20211228_164040_3246317051_600_800_mask.png,-8605%
7,10,14,20,478,415,492,435,478,433,487,415,492,417,482,435,sub_line_text,figure_text,figure_1,,,,13hea_20211228_164040_3246317051_600_800.png,/scratch/parceirosbr/bigoilict/share/BigOil/document_generator/datasets/documents_2021_12_28/13hea_20211228_164040_3246317051_600_800.png,13hea_20211228_164040_3246317051_600_800_mask.png,-8605%
3,11,7,23,347,462,354,485,347,485,348,462,354,462,352,485,text,figure_text,figure_1,,,,13hea_20211228_164040_3246317051_600_800.png,/scratch/parceirosbr/bigoilict/share/BigOil/document_generator/datasets/documents_2021_12_28/13hea_20211228_164040_3246317051_600_800.png,13hea_20211228_164040_3246317051_600_800_mask.png,-3361.37
3,11,7,23,347,462,354,485,347,485,348,462,354,462,352,485,sub_line_text,figure_text,figure_1,,,,13hea_20211228_164040_3246317051_600_800.png,/scratch/parceirosbr/bigoilict/share/BigOil/document_generator/datasets/documents_2021_12_28/13hea_20211228_164040_3246317051_600_800.png,13hea_20211228_164040_3246317051_600_800_mask.png,-3361.37
4,13,8,27,302,432,310,459,302,458,304,432,310,433,307,459,text,figure_text,figure_1,,,,13hea_20211228_164040_3246317051_600_800.png,/scratch/parceirosbr/bigoilict/share/BigOil/document_generator/datasets/documents_2021_12_28/13hea_20211228_164040_3246317051_600_800.png,13hea_20211228_164040_3246317051_600_800_mask.png,-5638.127
4,13,8,27,302,432,310,459,302,458,304,432,310,433,307,459,sub_line_text,figure_text,figure_1,,,,13hea_20211228_164040_3246317051_600_800.png,/scratch/parceirosbr/bigoilict/share/BigOil/document_generator/datasets/documents_2021_12_28/13hea_20211228_164040_3246317051_600_800.png,13hea_20211228_164040_3246317051_600_800_mask.png,-5638.127
7,7,14,14,269,462,283,476,269,472,279,462,283,465,272,476,text,figure_text,figure_1,,,,13hea_20211228_164040_3246317051_600_800.png,/scratch/parceirosbr/bigoilict/share/BigOil/document_generator/datasets/documents_2021_12_28/13hea_20211228_164040_3246317051_600_800.png,13hea_20211228_164040_3246317051_600_800_mask.png,-1357
7,7,14,14,269,462,283,476,269,472,279,462,283,465,272,476,sub_line_text,figure_text,figure_1,,,,13hea_20211228_164040_3246317051_600_800.png,/scratch/parceirosbr/bigoilict/share/BigOil/document_generator/datasets/documents_2021_12_28/13hea_20211228_164040_3246317051_600_800.png,13hea_20211228_164040_3246317051_600_800_mask.png,-1357
4,10,9,20,513,495,522,515,513,515,516,495,522,496,518,515,text,figure_text,figure_1,,,,13hea_20211228_164040_3246317051_600_800.png,/scratch/parceirosbr/bigoilict/share/BigOil/document_generator/datasets/documents_2021_12_28/13hea_20211228_164040_3246317051_600_800.png,13hea_20211228_164040_3246317051_600_800_mask.png,-5750.5
4,10,9,20,513,495,522,515,513,515,516,495,522,496,518,515,sub_line_text,figure_text,figure_1,,,,13hea_20211228_164040_3246317051_600_800.png,/scratch/parceirosbr/bigoilict/share/BigOil/document_generator/datasets/documents_2021_12_28/13hea_20211228_164040_3246317051_600_800.png,13hea_20211228_164040_3246317051_600_800_mask.png,-5750.5
7,9,15,18,250,531,265,549,250,546,260,531,265,535,255,549,text,figure_text,figure_1,,,,13hea_20211228_164040_3246317051_600_800.png,/scratch/parceirosbr/bigoilict/share/BigOil/document_generator/datasets/documents_2021_12_28/13hea_20211228_164040_3246317051_600_800.png,13hea_20211228_164040_3246317051_600_800_mask.png,Export
7,9,15,18,250,531,265,549,250,546,260,531,265,535,255,549,sub_line_text,figure_text,figure_1,,,,13hea_20211228_164040_3246317051_600_800.png,/scratch/parceirosbr/bigoilict/share/BigOil/document_generator/datasets/documents_2021_12_28/13hea_20211228_164040_3246317051_600_800.png,13hea_20211228_164040_3246317051_600_800_mask.png,Export
8,12,16,25,324,499,340,524,324,522,336,499,340,502,328,524,text,figure_text,figure_1,,,,13hea_20211228_164040_3246317051_600_800.png,/scratch/parceirosbr/bigoilict/share/BigOil/document_generator/datasets/documents_2021_12_28/13hea_20211228_164040_3246317051_600_800.png,13hea_20211228_164040_3246317051_600_800_mask.png,-341.60%
8,12,16,25,324,499,340,524,324,522,336,499,340,502,328,524,sub_line_text,figure_text,figure_1,,,,13hea_20211228_164040_3246317051_600_800.png,/scratch/parceirosbr/bigoilict/share/BigOil/document_generator/datasets/documents_2021_12_28/13hea_20211228_164040_3246317051_600_800.png,13hea_20211228_164040_3246317051_600_800_mask.png,-341.60%
8,9,17,18,386,421,403,439,386,436,399,421,403,425,390,439,text,figure_text,figure_1,,,,13hea_20211228_164040_3246317051_600_800.png,/scratch/parceirosbr/bigoilict/share/BigOil/document_generator/datasets/documents_2021_12_28/13hea_20211228_164040_3246317051_600_800.png,13hea_20211228_164040_3246317051_600_800_mask.png,-4201.3
8,9,17,18,386,421,403,439,386,436,399,421,403,425,390,439,sub_line_text,figure_text,figure_1,,,,13hea_20211228_164040_3246317051_600_800.png,/scratch/parceirosbr/bigoilict/share/BigOil/document_generator/datasets/documents_2021_12_28/13hea_20211228_164040_3246317051_600_800.png,13hea_20211228_164040_3246317051_600_800_mask.png,-4201.3
7,10,15,21,363,424,378,445,363,442,372,424,378,427,368,445,text,figure_text,figure_1,,,,13hea_20211228_164040_3246317051_600_800.png,/scratch/parceirosbr/bigoilict/share/BigOil/document_generator/datasets/documents_2021_12_28/13hea_20211228_164040_3246317051_600_800.png,13hea_20211228_164040_3246317051_600_800_mask.png,Support
7,10,15,21,363,424,378,445,363,442,372,424,378,427,368,445,sub_line_text,figure_text,figure_1,,,,13hea_20211228_164040_3246317051_600_800.png,/scratch/parceirosbr/bigoilict/share/BigOil/document_generator/datasets/documents_2021_12_28/13hea_20211228_164040_3246317051_600_800.png,13hea_20211228_164040_3246317051_600_800_mask.png,Support
7,14,15,29,348,518,363,547,348,546,357,518,363,520,354,547,text,figure_text,figure_1,,,,13hea_20211228_164040_3246317051_600_800.png,/scratch/parceirosbr/bigoilict/share/BigOil/document_generator/datasets/documents_2021_12_28/13hea_20211228_164040_3246317051_600_800.png,13hea_20211228_164040_3246317051_600_800_mask.png,Female [M]
7,14,15,29,348,518,363,547,348,546,357,518,363,520,354,547,sub_line_text,figure_text,figure_1,,,,13hea_20211228_164040_3246317051_600_800.png,/scratch/parceirosbr/bigoilict/share/BigOil/document_generator/datasets/documents_2021_12_28/13hea_20211228_164040_3246317051_600_800.png,13hea_20211228_164040_3246317051_600_800_mask.png,Female [M]
5,9,11,18,306,532,317,550,306,548,311,532,317,534,310,550,text,figure_text,figure_1,,,,13hea_20211228_164040_3246317051_600_800.png,/scratch/parceirosbr/bigoilict/share/BigOil/document_generator/datasets/documents_2021_12_28/13hea_20211228_164040_3246317051_600_800.png,13hea_20211228_164040_3246317051_600_800_mask.png,-699%
5,9,11,18,306,532,317,550,306,548,311,532,317,534,310,550,sub_line_text,figure_text,figure_1,,,,13hea_20211228_164040_3246317051_600_800.png,/scratch/parceirosbr/bigoilict/share/BigOil/document_generator/datasets/documents_2021_12_28/13hea_20211228_164040_3246317051_600_800.png,13hea_20211228_164040_3246317051_600_800_mask.png,-699%
5,13,10,26,446,518,456,544,446,544,450,518,456,519,452,544,text,figure_text,figure_1,,,,13hea_20211228_164040_3246317051_600_800.png,/scratch/parceirosbr/bigoilict/share/BigOil/document_generator/datasets/documents_2021_12_28/13hea_20211228_164040_3246317051_600_800.png,13hea_20211228_164040_3246317051_600_800_mask.png,Volume (l)
5,13,10,26,446,518,456,544,446,544,450,518,456,519,452,544,sub_line_text,figure_text,figure_1,,,,13hea_20211228_164040_3246317051_600_800.png,/scratch/parceirosbr/bigoilict/share/BigOil/document_generator/datasets/documents_2021_12_28/13hea_20211228_164040_3246317051_600_800.png,13hea_20211228_164040_3246317051_600_800_mask.png,Volume (l)
8,8,17,17,420,544,437,561,420,558,433,544,437,547,423,561,text,figure_text,figure_1,,,,13hea_20211228_164040_3246317051_600_800.png,/scratch/parceirosbr/bigoilict/share/BigOil/document_generator/datasets/documents_2021_12_28/13hea_20211228_164040_3246317051_600_800.png,13hea_20211228_164040_3246317051_600_800_mask.png,-8278.6
8,8,17,17,420,544,437,561,420,558,433,544,437,547,423,561,sub_line_text,figure_text,figure_1,,,,13hea_20211228_164040_3246317051_600_800.png,/scratch/parceirosbr/bigoilict/share/BigOil/document_generator/datasets/documents_2021_12_28/13hea_20211228_164040_3246317051_600_800.png,13hea_20211228_164040_3246317051_600_800_mask.png,-8278.6
13,21,27,42,485,456,512,498,485,495,507,456,512,459,491,498,text,figure_text,figure_1,,,,13hea_20211228_164040_3246317051_600_800.png,/scratch/parceirosbr/bigoilict/share/BigOil/document_generator/datasets/documents_2021_12_28/13hea_20211228_164040_3246317051_600_800.png,13hea_20211228_164040_3246317051_600_800_mask.png,Temperature [ºC]
13,21,27,42,485,456,512,498,485,495,507,456,512,459,491,498,sub_line_text,figure_text,figure_1,,,,13hea_20211228_164040_3246317051_600_800.png,/scratch/parceirosbr/bigoilict/share/BigOil/document_generator/datasets/documents_2021_12_28/13hea_20211228_164040_3246317051_600_800.png,13hea_20211228_164040_3246317051_600_800_mask.png,Temperature [ºC]
11,12,23,24,438,488,461,512,438,509,457,488,461,491,442,512,text,figure_text,figure_1,,,,13hea_20211228_164040_3246317051_600_800.png,/scratch/parceirosbr/bigoilict/share/BigOil/document_generator/datasets/documents_2021_12_28/13hea_20211228_164040_3246317051_600_800.png,13hea_20211228_164040_3246317051_600_800_mask.png,-5383.98%
11,12,23,24,438,488,461,512,438,509,457,488,461,491,442,512,sub_line_text,figure_text,figure_1,,,,13hea_20211228_164040_3246317051_600_800.png,/scratch/parceirosbr/bigoilict/share/BigOil/document_generator/datasets/documents_2021_12_28/13hea_20211228_164040_3246317051_600_800.png,13hea_20211228_164040_3246317051_600_800_mask.png,-5383.98%
47,4,95,9,64,405,159,414,64,405,159,405,159,414,64,414,sub_line_text,figure_legend,figure_1,courier,italic,8,13hea_20211228_164040_3246317051_600_800.png,/scratch/parceirosbr/bigoilict/share/BigOil/document_generator/datasets/documents_2021_12_28/13hea_20211228_164040_3246317051_600_800.png,13hea_20211228_164040_3246317051_600_800_mask.png,Figure  110:  André
48,4,96,9,64,417,160,426,64,417,160,417,160,426,64,426,sub_line_text,figure_legend,figure_1,courier,italic,8,13hea_20211228_164040_3246317051_600_800.png,/scratch/parceirosbr/bigoilict/share/BigOil/document_generator/datasets/documents_2021_12_28/13hea_20211228_164040_3246317051_600_800.png,13hea_20211228_164040_3246317051_600_800_mask.png,por  toda paciência
48,4,97,9,64,429,161,438,64,429,161,429,161,438,64,438,sub_line_text,figure_legend,figure_1,courier,italic,8,13hea_20211228_164040_3246317051_600_800.png,/scratch/parceirosbr/bigoilict/share/BigOil/document_generator/datasets/documents_2021_12_28/13hea_20211228_164040_3246317051_600_800.png,13hea_20211228_164040_3246317051_600_800_mask.png,"e confiança, por t-"
48,4,96,9,64,441,160,450,64,441,160,441,160,450,64,450,sub_line_text,figure_legend,figure_1,courier,italic,8,13hea_20211228_164040_3246317051_600_800.png,/scratch/parceirosbr/bigoilict/share/BigOil/document_generator/datasets/documents_2021_12_28/13hea_20211228_164040_3246317051_600_800.png,13hea_20211228_164040_3246317051_600_800_mask.png,er me aceitado como
48,4,97,9,64,453,161,462,64,453,161,453,161,462,64,462,sub_line_text,figure_legend,figure_1,courier,italic,8,13hea_20211228_164040_3246317051_600_800.png,/scratch/parceirosbr/bigoilict/share/BigOil/document_generator/datasets/documents_2021_12_28/13hea_20211228_164040_3246317051_600_800.png,13hea_20211228_164040_3246317051_600_800_mask.png,"seu orientando, pe-"
48,4,97,9,64,465,161,474,64,465,161,465,161,474,64,474,sub_line_text,figure_legend,figure_1,courier,italic,8,13hea_20211228_164040_3246317051_600_800.png,/scratch/parceirosbr/bigoilict/share/BigOil/document_generator/datasets/documents_2021_12_28/13hea_20211228_164040_3246317051_600_800.png,13hea_20211228_164040_3246317051_600_800_mask.png,la orientação e de-
47,4,95,9,64,477,159,486,64,477,159,477,159,486,64,486,sub_line_text,figure_legend,figure_1,courier,italic,8,13hea_20211228_164040_3246317051_600_800.png,/scratch/parceirosbr/bigoilict/share/BigOil/document_generator/datasets/documents_2021_12_28/13hea_20211228_164040_3246317051_600_800.png,13hea_20211228_164040_3246317051_600_800_mask.png,dicação   prestadas
45,4,90,9,64,489,154,498,64,489,154,489,154,498,64,498,sub_line_text,figure_legend,figure_1,courier,italic,8,13hea_20211228_164040_3246317051_600_800.png,/scratch/parceirosbr/bigoilict/share/BigOil/document_generator/datasets/documents_2021_12_28/13hea_20211228_164040_3246317051_600_800.png,13hea_20211228_164040_3246317051_600_800_mask.png,no desenvolvimento
48,46,97,93,64,405,161,498,64,405,161,405,161,498,64,498,text,figure_legend,figure_1,courier,italic,8,13hea_20211228_164040_3246317051_600_800.png,/scratch/parceirosbr/bigoilict/share/BigOil/document_generator/datasets/documents_2021_12_28/13hea_20211228_164040_3246317051_600_800.png,13hea_20211228_164040_3246317051_600_800_mask.png,nan
195,5,390,10,139,572,529,582,139,572,529,572,529,582,139,582,sub_line_text,text,text_1,courier,regular,9,13hea_20211228_164040_3246317051_600_800.png,/scratch/parceirosbr/bigoilict/share/BigOil/document_generator/datasets/documents_2021_12_28/13hea_20211228_164040_3246317051_600_800.png,13hea_20211228_164040_3246317051_600_800_mask.png,"Sendo  dois setores relativamente novos, este sucesso somente foi alcançado a-"
232,5,465,10,64,586,529,596,64,586,529,586,529,596,64,596,sub_line_text,text,text_1,courier,regular,9,13hea_20211228_164040_3246317051_600_800.png,/scratch/parceirosbr/bigoilict/share/BigOil/document_generator/datasets/documents_2021_12_28/13hea_20211228_164040_3246317051_600_800.png,13hea_20211228_164040_3246317051_600_800_mask.png,"través  da  existência de dois sistemas de inovação de apoio, que incentivaram e, por fim, se"
232,5,465,10,64,600,529,610,64,600,529,600,529,610,64,610,sub_line_text,text,text_1,courier,regular,9,13hea_20211228_164040_3246317051_600_800.png,/scratch/parceirosbr/bigoilict/share/BigOil/document_generator/datasets/documents_2021_12_28/13hea_20211228_164040_3246317051_600_800.png,13hea_20211228_164040_3246317051_600_800_mask.png,beneficiaram  das  políticas de incentivo governamental e da organização e interação dos age-
232,5,465,10,64,614,529,624,64,614,529,614,529,624,64,624,sub_line_text,text,text_1,courier,regular,9,13hea_20211228_164040_3246317051_600_800.png,/scratch/parceirosbr/bigoilict/share/BigOil/document_generator/datasets/documents_2021_12_28/13hea_20211228_164040_3246317051_600_800.png,13hea_20211228_164040_3246317051_600_800_mask.png,ntes  tanto  públicos quando privados. Segundo os sistemas de bombeio mais utilizados nos si-
232,5,465,10,64,628,529,638,64,628,529,628,529,638,64,638,sub_line_text,text,text_1,courier,regular,9,13hea_20211228_164040_3246317051_600_800.png,/scratch/parceirosbr/bigoilict/share/BigOil/document_generator/datasets/documents_2021_12_28/13hea_20211228_164040_3246317051_600_800.png,13hea_20211228_164040_3246317051_600_800_mask.png,stemas  de recuperação de petróleo são: contínuo e intermitente e; com; por. A síntese dos c-
232,5,465,10,64,642,529,652,64,642,529,642,529,652,64,652,sub_line_text,text,text_1,courier,regular,9,13hea_20211228_164040_3246317051_600_800.png,/scratch/parceirosbr/bigoilict/share/BigOil/document_generator/datasets/documents_2021_12_28/13hea_20211228_164040_3246317051_600_800.png,13hea_20211228_164040_3246317051_600_800_mask.png,ompostos  consistiu em uma reação de esterificação para a qual se utilizou o ácido acético c-
232,5,465,10,64,656,529,666,64,656,529,656,529,666,64,666,sub_line_text,text,text_1,courier,regular,9,13hea_20211228_164040_3246317051_600_800.png,/scratch/parceirosbr/bigoilict/share/BigOil/document_generator/datasets/documents_2021_12_28/13hea_20211228_164040_3246317051_600_800.png,13hea_20211228_164040_3246317051_600_800_mask.png,"omo  catalisador e uma mistura de álcoois (contendo metanol, butanol-1 e isopropanol). The r-"
227,5,455,10,64,670,519,680,64,670,519,670,519,680,64,680,sub_line_text,text,text_1,courier,regular,9,13hea_20211228_164040_3246317051_600_800.png,/scratch/parceirosbr/bigoilict/share/BigOil/document_generator/datasets/documents_2021_12_28/13hea_20211228_164040_3246317051_600_800.png,13hea_20211228_164040_3246317051_600_800_mask.png,egularization of the data consists of transferring the original well data to the grid dime.
232,54,465,108,64,572,529,680,64,572,529,572,529,680,64,680,text,text,text_1,courier,regular,9,13hea_20211228_164040_3246317051_600_800.png,/scratch/parceirosbr/bigoilict/share/BigOil/document_generator/datasets/documents_2021_12_28/13hea_20211228_164040_3246317051_600_800.png,13hea_20211228_164040_3246317051_600_800_mask.png,nan
192,5,385,10,139,687,524,697,139,687,524,687,524,697,139,697,sub_line_text,text,text_2,courier,regular,9,13hea_20211228_164040_3246317051_600_800.png,/scratch/parceirosbr/bigoilict/share/BigOil/document_generator/datasets/documents_2021_12_28/13hea_20211228_164040_3246317051_600_800.png,13hea_20211228_164040_3246317051_600_800_mask.png,Os valores de temperatura obtidos pela resolução do problema direto foram u-.
192,5,385,10,139,687,524,697,139,687,524,687,524,697,139,697,text,text,text_2,courier,regular,9,13hea_20211228_164040_3246317051_600_800.png,/scratch/parceirosbr/bigoilict/share/BigOil/document_generator/datasets/documents_2021_12_28/13hea_20211228_164040_3246317051_600_800.png,13hea_20211228_164040_3246317051_600_800_mask.png,nan
