center_x,center_y,width,height,xmin,ymin,xmax,ymax,top_left_x,top_left_y,top_right_x,top_right_y,bottom_right_x,bottom_right_y,bottom_left_x,bottom_left_y,label,grouplabel,group,text_font,text_style,size_font,filename,path,filename_mask,content
300,400,600,800,0,0,600,800,0,0,600,0,600,800,0,800,document,,,,,,13hea_20211228_164048_8673408074_600_800.png,/scratch/parceirosbr/bigoilict/share/BigOil/document_generator/datasets/documents_2021_12_28/13hea_20211228_164048_8673408074_600_800.png,13hea_20211228_164048_8673408074_600_800_mask.png,
256,1,512,2,54,93,566,95,54,93,566,93,566,95,54,95,line,line,line,,,,13hea_20211228_164048_8673408074_600_800.png,/scratch/parceirosbr/bigoilict/share/BigOil/document_generator/datasets/documents_2021_12_28/13hea_20211228_164048_8673408074_600_800.png,13hea_20211228_164048_8673408074_600_800_mask.png,nan
44,4,88,9,476,54,564,63,476,54,564,54,564,63,476,63,sub_line_text,header,header_1,times,regular,7,13hea_20211228_164048_8673408074_600_800.png,/scratch/parceirosbr/bigoilict/share/BigOil/document_generator/datasets/documents_2021_12_28/13hea_20211228_164048_8673408074_600_800.png,13hea_20211228_164048_8673408074_600_800_mask.png,"Paragraph 7,382, paragraph 2"
44,4,88,9,476,54,564,63,476,54,564,54,564,63,476,63,text,header,header_1,times,regular,7,13hea_20211228_164048_8673408074_600_800.png,/scratch/parceirosbr/bigoilict/share/BigOil/document_generator/datasets/documents_2021_12_28/13hea_20211228_164048_8673408074_600_800.png,13hea_20211228_164048_8673408074_600_800_mask.png,nan
48,16,96,32,79,54,175,86,79,54,175,54,175,86,79,86,image,image,image,,,,13hea_20211228_164048_8673408074_600_800.png,/scratch/parceirosbr/bigoilict/share/BigOil/document_generator/datasets/documents_2021_12_28/13hea_20211228_164048_8673408074_600_800.png,13hea_20211228_164048_8673408074_600_800_mask.png,/scratch/parceirosbr/bigoilict/share/BigOil/document_generator/files_images_document_generator/logos\image_4387.jpg
255,0,511,1,54,719,565,720,54,719,565,719,565,720,54,720,line,line,line,,,,13hea_20211228_164048_8673408074_600_800.png,/scratch/parceirosbr/bigoilict/share/BigOil/document_generator/datasets/documents_2021_12_28/13hea_20211228_164048_8673408074_600_800.png,13hea_20211228_164048_8673408074_600_800_mask.png,nan
2,4,4,8,54,719,58,727,54,719,58,719,58,727,54,727,sub_line_text,numpag,footer_1,times,regular,7,13hea_20211228_164048_8673408074_600_800.png,/scratch/parceirosbr/bigoilict/share/BigOil/document_generator/datasets/documents_2021_12_28/13hea_20211228_164048_8673408074_600_800.png,13hea_20211228_164048_8673408074_600_800_mask.png,8
2,4,4,8,54,719,58,727,54,719,58,719,58,727,54,727,text,numpag,footer_1,times,regular,7,13hea_20211228_164048_8673408074_600_800.png,/scratch/parceirosbr/bigoilict/share/BigOil/document_generator/datasets/documents_2021_12_28/13hea_20211228_164048_8673408074_600_800.png,13hea_20211228_164048_8673408074_600_800_mask.png,nan
9,4,19,8,545,719,564,727,545,719,564,719,564,727,545,727,sub_line_text,footer,footer_1,times,regular,7,13hea_20211228_164048_8673408074_600_800.png,/scratch/parceirosbr/bigoilict/share/BigOil/document_generator/datasets/documents_2021_12_28/13hea_20211228_164048_8673408074_600_800.png,13hea_20211228_164048_8673408074_600_800_mask.png,M size
9,4,19,8,545,719,564,727,545,719,564,719,564,727,545,727,text,footer,footer_1,times,regular,7,13hea_20211228_164048_8673408074_600_800.png,/scratch/parceirosbr/bigoilict/share/BigOil/document_generator/datasets/documents_2021_12_28/13hea_20211228_164048_8673408074_600_800.png,13hea_20211228_164048_8673408074_600_800_mask.png,nan
88,6,177,12,54,109,231,121,54,109,231,109,231,121,54,121,sub_line_text,title,title_0,times,bold,11,13hea_20211228_164048_8673408074_600_800.png,/scratch/parceirosbr/bigoilict/share/BigOil/document_generator/datasets/documents_2021_12_28/13hea_20211228_164048_8673408074_600_800.png,13hea_20211228_164048_8673408074_600_800_mask.png,Maior atratividade etanol hidratado
88,6,177,12,54,109,231,121,54,109,231,109,231,121,54,121,title,title,title_0,times,bold,11,13hea_20211228_164048_8673408074_600_800.png,/scratch/parceirosbr/bigoilict/share/BigOil/document_generator/datasets/documents_2021_12_28/13hea_20211228_164048_8673408074_600_800.png,13hea_20211228_164048_8673408074_600_800_mask.png,nan
130,87,261,174,229,128,490,302,229,128,490,128,490,302,229,302,image,figure_image,figure_0,,,,13hea_20211228_164048_8673408074_600_800.png,/scratch/parceirosbr/bigoilict/share/BigOil/document_generator/datasets/documents_2021_12_28/13hea_20211228_164048_8673408074_600_800.png,13hea_20211228_164048_8673408074_600_800_mask.png,output/gen_img_20211228_164048_8060104681.png
8,5,17,10,279,186,296,196,279,187,295,186,296,195,280,196,text,figure_text,figure_0,,,,13hea_20211228_164048_8673408074_600_800.png,/scratch/parceirosbr/bigoilict/share/BigOil/document_generator/datasets/documents_2021_12_28/13hea_20211228_164048_8673408074_600_800.png,13hea_20211228_164048_8673408074_600_800_mask.png,-834
8,5,17,10,279,186,296,196,279,187,295,186,296,195,280,196,sub_line_text,figure_text,figure_0,,,,13hea_20211228_164048_8673408074_600_800.png,/scratch/parceirosbr/bigoilict/share/BigOil/document_generator/datasets/documents_2021_12_28/13hea_20211228_164048_8673408074_600_800.png,13hea_20211228_164048_8673408074_600_800_mask.png,-834
16,4,32,9,382,138,414,147,382,139,413,138,414,146,382,147,text,figure_text,figure_0,,,,13hea_20211228_164048_8673408074_600_800.png,/scratch/parceirosbr/bigoilict/share/BigOil/document_generator/datasets/documents_2021_12_28/13hea_20211228_164048_8673408074_600_800.png,13hea_20211228_164048_8673408074_600_800_mask.png,-8484.82
16,4,32,9,382,138,414,147,382,139,413,138,414,146,382,147,sub_line_text,figure_text,figure_0,,,,13hea_20211228_164048_8673408074_600_800.png,/scratch/parceirosbr/bigoilict/share/BigOil/document_generator/datasets/documents_2021_12_28/13hea_20211228_164048_8673408074_600_800.png,13hea_20211228_164048_8673408074_600_800_mask.png,-8484.82
18,5,37,10,306,237,343,247,306,239,343,237,343,245,306,247,text,figure_text,figure_0,,,,13hea_20211228_164048_8673408074_600_800.png,/scratch/parceirosbr/bigoilict/share/BigOil/document_generator/datasets/documents_2021_12_28/13hea_20211228_164048_8673408074_600_800.png,13hea_20211228_164048_8673408074_600_800_mask.png,Liters (ML)
18,5,37,10,306,237,343,247,306,239,343,237,343,245,306,247,sub_line_text,figure_text,figure_0,,,,13hea_20211228_164048_8673408074_600_800.png,/scratch/parceirosbr/bigoilict/share/BigOil/document_generator/datasets/documents_2021_12_28/13hea_20211228_164048_8673408074_600_800.png,13hea_20211228_164048_8673408074_600_800_mask.png,Liters (ML)
33,6,66,12,367,188,433,200,367,191,432,188,433,197,368,200,text,figure_text,figure_0,,,,13hea_20211228_164048_8673408074_600_800.png,/scratch/parceirosbr/bigoilict/share/BigOil/document_generator/datasets/documents_2021_12_28/13hea_20211228_164048_8673408074_600_800.png,13hea_20211228_164048_8673408074_600_800_mask.png,Consumption [GB]
33,6,66,12,367,188,433,200,367,191,432,188,433,197,368,200,sub_line_text,figure_text,figure_0,,,,13hea_20211228_164048_8673408074_600_800.png,/scratch/parceirosbr/bigoilict/share/BigOil/document_generator/datasets/documents_2021_12_28/13hea_20211228_164048_8673408074_600_800.png,13hea_20211228_164048_8673408074_600_800_mask.png,Consumption [GB]
14,4,29,9,381,221,410,230,381,222,409,221,410,229,382,230,text,figure_text,figure_0,,,,13hea_20211228_164048_8673408074_600_800.png,/scratch/parceirosbr/bigoilict/share/BigOil/document_generator/datasets/documents_2021_12_28/13hea_20211228_164048_8673408074_600_800.png,13hea_20211228_164048_8673408074_600_800_mask.png,-471.101
14,4,29,9,381,221,410,230,381,222,409,221,410,229,382,230,sub_line_text,figure_text,figure_0,,,,13hea_20211228_164048_8673408074_600_800.png,/scratch/parceirosbr/bigoilict/share/BigOil/document_generator/datasets/documents_2021_12_28/13hea_20211228_164048_8673408074_600_800.png,13hea_20211228_164048_8673408074_600_800_mask.png,-471.101
16,4,32,9,334,223,366,232,334,225,366,223,366,231,335,232,text,figure_text,figure_0,,,,13hea_20211228_164048_8673408074_600_800.png,/scratch/parceirosbr/bigoilict/share/BigOil/document_generator/datasets/documents_2021_12_28/13hea_20211228_164048_8673408074_600_800.png,13hea_20211228_164048_8673408074_600_800_mask.png,Advance
16,4,32,9,334,223,366,232,334,225,366,223,366,231,335,232,sub_line_text,figure_text,figure_0,,,,13hea_20211228_164048_8673408074_600_800.png,/scratch/parceirosbr/bigoilict/share/BigOil/document_generator/datasets/documents_2021_12_28/13hea_20211228_164048_8673408074_600_800.png,13hea_20211228_164048_8673408074_600_800_mask.png,Advance
17,5,34,10,235,288,269,298,235,289,269,288,269,297,235,298,text,figure_text,figure_0,,,,13hea_20211228_164048_8673408074_600_800.png,/scratch/parceirosbr/bigoilict/share/BigOil/document_generator/datasets/documents_2021_12_28/13hea_20211228_164048_8673408074_600_800.png,13hea_20211228_164048_8673408074_600_800_mask.png,-6156.105
17,5,34,10,235,288,269,298,235,289,269,288,269,297,235,298,sub_line_text,figure_text,figure_0,,,,13hea_20211228_164048_8673408074_600_800.png,/scratch/parceirosbr/bigoilict/share/BigOil/document_generator/datasets/documents_2021_12_28/13hea_20211228_164048_8673408074_600_800.png,13hea_20211228_164048_8673408074_600_800_mask.png,-6156.105
18,5,37,11,309,145,346,156,309,147,345,145,346,154,309,156,text,figure_text,figure_0,,,,13hea_20211228_164048_8673408074_600_800.png,/scratch/parceirosbr/bigoilict/share/BigOil/document_generator/datasets/documents_2021_12_28/13hea_20211228_164048_8673408074_600_800.png,13hea_20211228_164048_8673408074_600_800_mask.png,-3283.52%
18,5,37,11,309,145,346,156,309,147,345,145,346,154,309,156,sub_line_text,figure_text,figure_0,,,,13hea_20211228_164048_8673408074_600_800.png,/scratch/parceirosbr/bigoilict/share/BigOil/document_generator/datasets/documents_2021_12_28/13hea_20211228_164048_8673408074_600_800.png,13hea_20211228_164048_8673408074_600_800_mask.png,-3283.52%
11,5,23,10,416,247,439,257,416,248,438,247,439,256,417,257,text,figure_text,figure_0,,,,13hea_20211228_164048_8673408074_600_800.png,/scratch/parceirosbr/bigoilict/share/BigOil/document_generator/datasets/documents_2021_12_28/13hea_20211228_164048_8673408074_600_800.png,13hea_20211228_164048_8673408074_600_800_mask.png,-180.7
11,5,23,10,416,247,439,257,416,248,438,247,439,256,417,257,sub_line_text,figure_text,figure_0,,,,13hea_20211228_164048_8673408074_600_800.png,/scratch/parceirosbr/bigoilict/share/BigOil/document_generator/datasets/documents_2021_12_28/13hea_20211228_164048_8673408074_600_800.png,13hea_20211228_164048_8673408074_600_800_mask.png,-180.7
16,4,32,9,323,280,355,289,323,282,355,280,355,288,323,289,text,figure_text,figure_0,,,,13hea_20211228_164048_8673408074_600_800.png,/scratch/parceirosbr/bigoilict/share/BigOil/document_generator/datasets/documents_2021_12_28/13hea_20211228_164048_8673408074_600_800.png,13hea_20211228_164048_8673408074_600_800_mask.png,Water (L)
16,4,32,9,323,280,355,289,323,282,355,280,355,288,323,289,sub_line_text,figure_text,figure_0,,,,13hea_20211228_164048_8673408074_600_800.png,/scratch/parceirosbr/bigoilict/share/BigOil/document_generator/datasets/documents_2021_12_28/13hea_20211228_164048_8673408074_600_800.png,13hea_20211228_164048_8673408074_600_800_mask.png,Water (L)
12,4,25,9,437,167,462,176,437,169,461,167,462,175,437,176,text,figure_text,figure_0,,,,13hea_20211228_164048_8673408074_600_800.png,/scratch/parceirosbr/bigoilict/share/BigOil/document_generator/datasets/documents_2021_12_28/13hea_20211228_164048_8673408074_600_800.png,13hea_20211228_164048_8673408074_600_800_mask.png,Videos
12,4,25,9,437,167,462,176,437,169,461,167,462,175,437,176,sub_line_text,figure_text,figure_0,,,,13hea_20211228_164048_8673408074_600_800.png,/scratch/parceirosbr/bigoilict/share/BigOil/document_generator/datasets/documents_2021_12_28/13hea_20211228_164048_8673408074_600_800.png,13hea_20211228_164048_8673408074_600_800_mask.png,Videos
29,5,58,11,366,262,424,273,366,264,423,262,424,271,366,273,text,figure_text,figure_0,,,,13hea_20211228_164048_8673408074_600_800.png,/scratch/parceirosbr/bigoilict/share/BigOil/document_generator/datasets/documents_2021_12_28/13hea_20211228_164048_8673408074_600_800.png,13hea_20211228_164048_8673408074_600_800_mask.png,Processing (MB)
29,5,58,11,366,262,424,273,366,264,423,262,424,271,366,273,sub_line_text,figure_text,figure_0,,,,13hea_20211228_164048_8673408074_600_800.png,/scratch/parceirosbr/bigoilict/share/BigOil/document_generator/datasets/documents_2021_12_28/13hea_20211228_164048_8673408074_600_800.png,13hea_20211228_164048_8673408074_600_800_mask.png,Processing (MB)
14,5,28,10,239,133,267,143,239,134,266,133,267,142,239,143,text,figure_text,figure_0,,,,13hea_20211228_164048_8673408074_600_800.png,/scratch/parceirosbr/bigoilict/share/BigOil/document_generator/datasets/documents_2021_12_28/13hea_20211228_164048_8673408074_600_800.png,13hea_20211228_164048_8673408074_600_800_mask.png,-5209.6
14,5,28,10,239,133,267,143,239,134,266,133,267,142,239,143,sub_line_text,figure_text,figure_0,,,,13hea_20211228_164048_8673408074_600_800.png,/scratch/parceirosbr/bigoilict/share/BigOil/document_generator/datasets/documents_2021_12_28/13hea_20211228_164048_8673408074_600_800.png,13hea_20211228_164048_8673408074_600_800_mask.png,-5209.6
16,5,33,10,280,278,313,288,280,280,313,278,313,287,280,288,text,figure_text,figure_0,,,,13hea_20211228_164048_8673408074_600_800.png,/scratch/parceirosbr/bigoilict/share/BigOil/document_generator/datasets/documents_2021_12_28/13hea_20211228_164048_8673408074_600_800.png,13hea_20211228_164048_8673408074_600_800_mask.png,-5070.8%
16,5,33,10,280,278,313,288,280,280,313,278,313,287,280,288,sub_line_text,figure_text,figure_0,,,,13hea_20211228_164048_8673408074_600_800.png,/scratch/parceirosbr/bigoilict/share/BigOil/document_generator/datasets/documents_2021_12_28/13hea_20211228_164048_8673408074_600_800.png,13hea_20211228_164048_8673408074_600_800_mask.png,-5070.8%
18,5,36,10,413,222,449,232,413,223,449,222,449,230,413,232,text,figure_text,figure_0,,,,13hea_20211228_164048_8673408074_600_800.png,/scratch/parceirosbr/bigoilict/share/BigOil/document_generator/datasets/documents_2021_12_28/13hea_20211228_164048_8673408074_600_800.png,13hea_20211228_164048_8673408074_600_800_mask.png,-5470.304
18,5,36,10,413,222,449,232,413,223,449,222,449,230,413,232,sub_line_text,figure_text,figure_0,,,,13hea_20211228_164048_8673408074_600_800.png,/scratch/parceirosbr/bigoilict/share/BigOil/document_generator/datasets/documents_2021_12_28/13hea_20211228_164048_8673408074_600_800.png,13hea_20211228_164048_8673408074_600_800_mask.png,-5470.304
21,5,42,11,400,287,442,298,400,289,442,287,442,296,401,298,text,figure_text,figure_0,,,,13hea_20211228_164048_8673408074_600_800.png,/scratch/parceirosbr/bigoilict/share/BigOil/document_generator/datasets/documents_2021_12_28/13hea_20211228_164048_8673408074_600_800.png,13hea_20211228_164048_8673408074_600_800_mask.png,Quality(MB)
21,5,42,11,400,287,442,298,400,289,442,287,442,296,401,298,sub_line_text,figure_text,figure_0,,,,13hea_20211228_164048_8673408074_600_800.png,/scratch/parceirosbr/bigoilict/share/BigOil/document_generator/datasets/documents_2021_12_28/13hea_20211228_164048_8673408074_600_800.png,13hea_20211228_164048_8673408074_600_800_mask.png,Quality(MB)
19,4,39,9,262,258,301,267,262,260,301,258,301,266,262,267,text,figure_text,figure_0,,,,13hea_20211228_164048_8673408074_600_800.png,/scratch/parceirosbr/bigoilict/share/BigOil/document_generator/datasets/documents_2021_12_28/13hea_20211228_164048_8673408074_600_800.png,13hea_20211228_164048_8673408074_600_800_mask.png,Movement
19,4,39,9,262,258,301,267,262,260,301,258,301,266,262,267,sub_line_text,figure_text,figure_0,,,,13hea_20211228_164048_8673408074_600_800.png,/scratch/parceirosbr/bigoilict/share/BigOil/document_generator/datasets/documents_2021_12_28/13hea_20211228_164048_8673408074_600_800.png,13hea_20211228_164048_8673408074_600_800_mask.png,Movement
10,4,20,9,255,194,275,203,255,195,275,194,275,203,255,203,text,figure_text,figure_0,,,,13hea_20211228_164048_8673408074_600_800.png,/scratch/parceirosbr/bigoilict/share/BigOil/document_generator/datasets/documents_2021_12_28/13hea_20211228_164048_8673408074_600_800.png,13hea_20211228_164048_8673408074_600_800_mask.png,-1095
10,4,20,9,255,194,275,203,255,195,275,194,275,203,255,203,sub_line_text,figure_text,figure_0,,,,13hea_20211228_164048_8673408074_600_800.png,/scratch/parceirosbr/bigoilict/share/BigOil/document_generator/datasets/documents_2021_12_28/13hea_20211228_164048_8673408074_600_800.png,13hea_20211228_164048_8673408074_600_800_mask.png,-1095
12,5,24,11,306,164,330,175,306,166,329,164,330,174,306,175,text,figure_text,figure_0,,,,13hea_20211228_164048_8673408074_600_800.png,/scratch/parceirosbr/bigoilict/share/BigOil/document_generator/datasets/documents_2021_12_28/13hea_20211228_164048_8673408074_600_800.png,13hea_20211228_164048_8673408074_600_800_mask.png,Export
12,5,24,11,306,164,330,175,306,166,329,164,330,174,306,175,sub_line_text,figure_text,figure_0,,,,13hea_20211228_164048_8673408074_600_800.png,/scratch/parceirosbr/bigoilict/share/BigOil/document_generator/datasets/documents_2021_12_28/13hea_20211228_164048_8673408074_600_800.png,13hea_20211228_164048_8673408074_600_800_mask.png,Export
10,4,20,8,312,262,332,270,312,263,332,262,332,269,312,270,text,figure_text,figure_0,,,,13hea_20211228_164048_8673408074_600_800.png,/scratch/parceirosbr/bigoilict/share/BigOil/document_generator/datasets/documents_2021_12_28/13hea_20211228_164048_8673408074_600_800.png,13hea_20211228_164048_8673408074_600_800_mask.png,Tests
10,4,20,8,312,262,332,270,312,263,332,262,332,269,312,270,sub_line_text,figure_text,figure_0,,,,13hea_20211228_164048_8673408074_600_800.png,/scratch/parceirosbr/bigoilict/share/BigOil/document_generator/datasets/documents_2021_12_28/13hea_20211228_164048_8673408074_600_800.png,13hea_20211228_164048_8673408074_600_800_mask.png,Tests
13,5,26,11,317,194,343,205,317,196,343,194,343,204,317,205,text,figure_text,figure_0,,,,13hea_20211228_164048_8673408074_600_800.png,/scratch/parceirosbr/bigoilict/share/BigOil/document_generator/datasets/documents_2021_12_28/13hea_20211228_164048_8673408074_600_800.png,13hea_20211228_164048_8673408074_600_800_mask.png,Salinity
13,5,26,11,317,194,343,205,317,196,343,194,343,204,317,205,sub_line_text,figure_text,figure_0,,,,13hea_20211228_164048_8673408074_600_800.png,/scratch/parceirosbr/bigoilict/share/BigOil/document_generator/datasets/documents_2021_12_28/13hea_20211228_164048_8673408074_600_800.png,13hea_20211228_164048_8673408074_600_800_mask.png,Salinity
15,5,30,10,253,234,283,244,253,235,283,234,283,242,253,244,text,figure_text,figure_0,,,,13hea_20211228_164048_8673408074_600_800.png,/scratch/parceirosbr/bigoilict/share/BigOil/document_generator/datasets/documents_2021_12_28/13hea_20211228_164048_8673408074_600_800.png,13hea_20211228_164048_8673408074_600_800_mask.png,-1651.6%
15,5,30,10,253,234,283,244,253,235,283,234,283,242,253,244,sub_line_text,figure_text,figure_0,,,,13hea_20211228_164048_8673408074_600_800.png,/scratch/parceirosbr/bigoilict/share/BigOil/document_generator/datasets/documents_2021_12_28/13hea_20211228_164048_8673408074_600_800.png,13hea_20211228_164048_8673408074_600_800_mask.png,-1651.6%
16,5,32,10,442,262,474,272,442,263,474,262,474,270,442,272,text,figure_text,figure_0,,,,13hea_20211228_164048_8673408074_600_800.png,/scratch/parceirosbr/bigoilict/share/BigOil/document_generator/datasets/documents_2021_12_28/13hea_20211228_164048_8673408074_600_800.png,13hea_20211228_164048_8673408074_600_800_mask.png,-4448.9%
16,5,32,10,442,262,474,272,442,263,474,262,474,270,442,272,sub_line_text,figure_text,figure_0,,,,13hea_20211228_164048_8673408074_600_800.png,/scratch/parceirosbr/bigoilict/share/BigOil/document_generator/datasets/documents_2021_12_28/13hea_20211228_164048_8673408074_600_800.png,13hea_20211228_164048_8673408074_600_800_mask.png,-4448.9%
18,4,37,9,231,206,268,215,231,208,267,206,268,214,231,215,text,figure_text,figure_0,,,,13hea_20211228_164048_8673408074_600_800.png,/scratch/parceirosbr/bigoilict/share/BigOil/document_generator/datasets/documents_2021_12_28/13hea_20211228_164048_8673408074_600_800.png,13hea_20211228_164048_8673408074_600_800_mask.png,Volume (l)
18,4,37,9,231,206,268,215,231,208,267,206,268,214,231,215,sub_line_text,figure_text,figure_0,,,,13hea_20211228_164048_8673408074_600_800.png,/scratch/parceirosbr/bigoilict/share/BigOil/document_generator/datasets/documents_2021_12_28/13hea_20211228_164048_8673408074_600_800.png,13hea_20211228_164048_8673408074_600_800_mask.png,Volume (l)
8,4,17,9,257,165,274,174,257,166,274,165,274,173,257,174,text,figure_text,figure_0,,,,13hea_20211228_164048_8673408074_600_800.png,/scratch/parceirosbr/bigoilict/share/BigOil/document_generator/datasets/documents_2021_12_28/13hea_20211228_164048_8673408074_600_800.png,13hea_20211228_164048_8673408074_600_800_mask.png,Leak
8,4,17,9,257,165,274,174,257,166,274,165,274,173,257,174,sub_line_text,figure_text,figure_0,,,,13hea_20211228_164048_8673408074_600_800.png,/scratch/parceirosbr/bigoilict/share/BigOil/document_generator/datasets/documents_2021_12_28/13hea_20211228_164048_8673408074_600_800.png,13hea_20211228_164048_8673408074_600_800_mask.png,Leak
20,5,40,11,365,149,405,160,365,151,405,149,405,159,365,160,text,figure_text,figure_0,,,,13hea_20211228_164048_8673408074_600_800.png,/scratch/parceirosbr/bigoilict/share/BigOil/document_generator/datasets/documents_2021_12_28/13hea_20211228_164048_8673408074_600_800.png,13hea_20211228_164048_8673408074_600_800_mask.png,Quality(GB)
20,5,40,11,365,149,405,160,365,151,405,149,405,159,365,160,sub_line_text,figure_text,figure_0,,,,13hea_20211228_164048_8673408074_600_800.png,/scratch/parceirosbr/bigoilict/share/BigOil/document_generator/datasets/documents_2021_12_28/13hea_20211228_164048_8673408074_600_800.png,13hea_20211228_164048_8673408074_600_800_mask.png,Quality(GB)
20,5,40,10,257,144,297,154,257,146,296,144,297,152,258,154,text,figure_text,figure_0,,,,13hea_20211228_164048_8673408074_600_800.png,/scratch/parceirosbr/bigoilict/share/BigOil/document_generator/datasets/documents_2021_12_28/13hea_20211228_164048_8673408074_600_800.png,13hea_20211228_164048_8673408074_600_800_mask.png,Liters [MM]
20,5,40,10,257,144,297,154,257,146,296,144,297,152,258,154,sub_line_text,figure_text,figure_0,,,,13hea_20211228_164048_8673408074_600_800.png,/scratch/parceirosbr/bigoilict/share/BigOil/document_generator/datasets/documents_2021_12_28/13hea_20211228_164048_8673408074_600_800.png,13hea_20211228_164048_8673408074_600_800_mask.png,Liters [MM]
9,5,19,10,387,274,406,284,387,275,406,274,406,283,387,284,text,figure_text,figure_0,,,,13hea_20211228_164048_8673408074_600_800.png,/scratch/parceirosbr/bigoilict/share/BigOil/document_generator/datasets/documents_2021_12_28/13hea_20211228_164048_8673408074_600_800.png,13hea_20211228_164048_8673408074_600_800_mask.png,563.7
9,5,19,10,387,274,406,284,387,275,406,274,406,283,387,284,sub_line_text,figure_text,figure_0,,,,13hea_20211228_164048_8673408074_600_800.png,/scratch/parceirosbr/bigoilict/share/BigOil/document_generator/datasets/documents_2021_12_28/13hea_20211228_164048_8673408074_600_800.png,13hea_20211228_164048_8673408074_600_800_mask.png,563.7
9,4,19,8,367,179,386,187,367,180,386,179,386,187,368,187,text,figure_text,figure_0,,,,13hea_20211228_164048_8673408074_600_800.png,/scratch/parceirosbr/bigoilict/share/BigOil/document_generator/datasets/documents_2021_12_28/13hea_20211228_164048_8673408074_600_800.png,13hea_20211228_164048_8673408074_600_800_mask.png,Profit
9,4,19,8,367,179,386,187,367,180,386,179,386,187,368,187,sub_line_text,figure_text,figure_0,,,,13hea_20211228_164048_8673408074_600_800.png,/scratch/parceirosbr/bigoilict/share/BigOil/document_generator/datasets/documents_2021_12_28/13hea_20211228_164048_8673408074_600_800.png,13hea_20211228_164048_8673408074_600_800_mask.png,Profit
17,5,35,10,233,217,268,227,233,219,268,217,268,226,233,227,text,figure_text,figure_0,,,,13hea_20211228_164048_8673408074_600_800.png,/scratch/parceirosbr/bigoilict/share/BigOil/document_generator/datasets/documents_2021_12_28/13hea_20211228_164048_8673408074_600_800.png,13hea_20211228_164048_8673408074_600_800_mask.png,Efficiency
17,5,35,10,233,217,268,227,233,219,268,217,268,226,233,227,sub_line_text,figure_text,figure_0,,,,13hea_20211228_164048_8673408074_600_800.png,/scratch/parceirosbr/bigoilict/share/BigOil/document_generator/datasets/documents_2021_12_28/13hea_20211228_164048_8673408074_600_800.png,13hea_20211228_164048_8673408074_600_800_mask.png,Efficiency
35,3,70,7,78,128,148,135,78,128,148,128,148,135,78,135,sub_line_text,figure_legend,figure_0,times,italic,6,13hea_20211228_164048_8673408074_600_800.png,/scratch/parceirosbr/bigoilict/share/BigOil/document_generator/datasets/documents_2021_12_28/13hea_20211228_164048_8673408074_600_800.png,13hea_20211228_164048_8673408074_600_800_mask.png,"Fig.  10:    In  2009, shale"
35,3,70,7,78,140,148,147,78,140,148,140,148,147,78,147,sub_line_text,figure_legend,figure_0,times,italic,6,13hea_20211228_164048_8673408074_600_800.png,/scratch/parceirosbr/bigoilict/share/BigOil/document_generator/datasets/documents_2021_12_28/13hea_20211228_164048_8673408074_600_800.png,13hea_20211228_164048_8673408074_600_800_mask.png,gas   production  was  14.3
35,3,71,7,78,152,149,159,78,152,149,152,149,159,78,159,sub_line_text,figure_legend,figure_0,times,italic,6,13hea_20211228_164048_8673408074_600_800.png,/scratch/parceirosbr/bigoilict/share/BigOil/document_generator/datasets/documents_2021_12_28/13hea_20211228_164048_8673408074_600_800.png,13hea_20211228_164048_8673408074_600_800_mask.png,"thousand   tons,   a  volume"
35,3,71,7,78,164,149,171,78,164,149,164,149,171,78,171,sub_line_text,figure_legend,figure_0,times,italic,6,13hea_20211228_164048_8673408074_600_800.png,/scratch/parceirosbr/bigoilict/share/BigOil/document_generator/datasets/documents_2021_12_28/13hea_20211228_164048_8673408074_600_800.png,13hea_20211228_164048_8673408074_600_800_mask.png,9.4%  higher  than  that re-
35,3,71,7,78,176,149,183,78,176,149,176,149,183,78,183,sub_line_text,figure_legend,figure_0,times,italic,6,13hea_20211228_164048_8673408074_600_800.png,/scratch/parceirosbr/bigoilict/share/BigOil/document_generator/datasets/documents_2021_12_28/13hea_20211228_164048_8673408074_600_800.png,13hea_20211228_164048_8673408074_600_800_mask.png,corded   in  2008.  product-
35,3,71,7,78,188,149,195,78,188,149,188,149,195,78,195,sub_line_text,figure_legend,figure_0,times,italic,6,13hea_20211228_164048_8673408074_600_800.png,/scratch/parceirosbr/bigoilict/share/BigOil/document_generator/datasets/documents_2021_12_28/13hea_20211228_164048_8673408074_600_800.png,13hea_20211228_164048_8673408074_600_800_mask.png,"ion   of   27   thousand   m,"
35,3,70,7,78,200,148,207,78,200,148,200,148,207,78,207,sub_line_text,figure_legend,figure_0,times,italic,6,13hea_20211228_164048_8673408074_600_800.png,/scratch/parceirosbr/bigoilict/share/BigOil/document_generator/datasets/documents_2021_12_28/13hea_20211228_164048_8673408074_600_800.png,13hea_20211228_164048_8673408074_600_800_mask.png,46%  more  than  in the pr-
30,3,60,7,78,212,138,219,78,212,138,212,138,219,78,219,sub_line_text,figure_legend,figure_0,times,italic,6,13hea_20211228_164048_8673408074_600_800.png,/scratch/parceirosbr/bigoilict/share/BigOil/document_generator/datasets/documents_2021_12_28/13hea_20211228_164048_8673408074_600_800.png,13hea_20211228_164048_8673408074_600_800_mask.png,evious year.  Apesar da
35,45,71,91,78,128,149,219,78,128,149,128,149,219,78,219,text,figure_legend,figure_0,times,italic,6,13hea_20211228_164048_8673408074_600_800.png,/scratch/parceirosbr/bigoilict/share/BigOil/document_generator/datasets/documents_2021_12_28/13hea_20211228_164048_8673408074_600_800.png,13hea_20211228_164048_8673408074_600_800_mask.png,nan
183,129,367,259,179,309,546,568,179,309,546,309,546,568,179,568,table,table_image,table_0,,,,13hea_20211228_164048_8673408074_600_800.png,/scratch/parceirosbr/bigoilict/share/BigOil/document_generator/datasets/documents_2021_12_28/13hea_20211228_164048_8673408074_600_800.png,13hea_20211228_164048_8673408074_600_800_mask.png,output/gen_tab_20211228_164052_3632169120.png
13,4,26,8,203,314,229,322,203,314,229,314,229,322,203,322,text,table_text,table_0,raleway,regular,7.0,13hea_20211228_164048_8673408074_600_800.png,/scratch/parceirosbr/bigoilict/share/BigOil/document_generator/datasets/documents_2021_12_28/13hea_20211228_164048_8673408074_600_800.png,13hea_20211228_164048_8673408074_600_800_mask.png,mercado
13,4,26,8,203,314,229,322,203,314,229,314,229,322,203,322,sub_line_text,table_text,table_0,raleway,regular,7.0,13hea_20211228_164048_8673408074_600_800.png,/scratch/parceirosbr/bigoilict/share/BigOil/document_generator/datasets/documents_2021_12_28/13hea_20211228_164048_8673408074_600_800.png,13hea_20211228_164048_8673408074_600_800_mask.png,mercado
7,4,15,8,209,333,224,341,209,333,224,333,224,341,209,341,text,table_text,table_0,raleway,bold,7.0,13hea_20211228_164048_8673408074_600_800.png,/scratch/parceirosbr/bigoilict/share/BigOil/document_generator/datasets/documents_2021_12_28/13hea_20211228_164048_8673408074_600_800.png,13hea_20211228_164048_8673408074_600_800_mask.png,vista
7,4,15,8,209,333,224,341,209,333,224,333,224,341,209,341,sub_line_text,table_text,table_0,raleway,bold,7.0,13hea_20211228_164048_8673408074_600_800.png,/scratch/parceirosbr/bigoilict/share/BigOil/document_generator/datasets/documents_2021_12_28/13hea_20211228_164048_8673408074_600_800.png,13hea_20211228_164048_8673408074_600_800_mask.png,vista
9,4,18,8,207,344,225,352,207,344,225,344,225,352,207,352,text,table_text,table_0,raleway,bold,7.0,13hea_20211228_164048_8673408074_600_800.png,/scratch/parceirosbr/bigoilict/share/BigOil/document_generator/datasets/documents_2021_12_28/13hea_20211228_164048_8673408074_600_800.png,13hea_20211228_164048_8673408074_600_800_mask.png,entre
9,4,18,8,207,344,225,352,207,344,225,344,225,352,207,352,sub_line_text,table_text,table_0,raleway,bold,7.0,13hea_20211228_164048_8673408074_600_800.png,/scratch/parceirosbr/bigoilict/share/BigOil/document_generator/datasets/documents_2021_12_28/13hea_20211228_164048_8673408074_600_800.png,13hea_20211228_164048_8673408074_600_800_mask.png,entre
6,4,13,8,210,356,223,364,210,356,223,356,223,364,210,364,text,table_text,table_0,raleway,bold,7.0,13hea_20211228_164048_8673408074_600_800.png,/scratch/parceirosbr/bigoilict/share/BigOil/document_generator/datasets/documents_2021_12_28/13hea_20211228_164048_8673408074_600_800.png,13hea_20211228_164048_8673408074_600_800_mask.png,pois
6,4,13,8,210,356,223,364,210,356,223,356,223,364,210,364,sub_line_text,table_text,table_0,raleway,bold,7.0,13hea_20211228_164048_8673408074_600_800.png,/scratch/parceirosbr/bigoilict/share/BigOil/document_generator/datasets/documents_2021_12_28/13hea_20211228_164048_8673408074_600_800.png,13hea_20211228_164048_8673408074_600_800_mask.png,pois
16,4,32,8,201,367,233,375,201,367,233,367,233,375,201,375,text,table_text,table_0,raleway,bold,7.0,13hea_20211228_164048_8673408074_600_800.png,/scratch/parceirosbr/bigoilict/share/BigOil/document_generator/datasets/documents_2021_12_28/13hea_20211228_164048_8673408074_600_800.png,13hea_20211228_164048_8673408074_600_800_mask.png,formação
16,4,32,8,201,367,233,375,201,367,233,367,233,375,201,375,sub_line_text,table_text,table_0,raleway,bold,7.0,13hea_20211228_164048_8673408074_600_800.png,/scratch/parceirosbr/bigoilict/share/BigOil/document_generator/datasets/documents_2021_12_28/13hea_20211228_164048_8673408074_600_800.png,13hea_20211228_164048_8673408074_600_800_mask.png,formação
3,4,7,8,213,379,220,387,213,379,220,379,220,387,213,387,text,table_text,table_0,raleway,bold,7.0,13hea_20211228_164048_8673408074_600_800.png,/scratch/parceirosbr/bigoilict/share/BigOil/document_generator/datasets/documents_2021_12_28/13hea_20211228_164048_8673408074_600_800.png,13hea_20211228_164048_8673408074_600_800_mask.png,às
3,4,7,8,213,379,220,387,213,379,220,379,220,387,213,387,sub_line_text,table_text,table_0,raleway,bold,7.0,13hea_20211228_164048_8673408074_600_800.png,/scratch/parceirosbr/bigoilict/share/BigOil/document_generator/datasets/documents_2021_12_28/13hea_20211228_164048_8673408074_600_800.png,13hea_20211228_164048_8673408074_600_800_mask.png,às
26,4,53,8,190,390,243,398,190,390,243,390,243,398,190,398,text,table_text,table_0,raleway,bold,7.0,13hea_20211228_164048_8673408074_600_800.png,/scratch/parceirosbr/bigoilict/share/BigOil/document_generator/datasets/documents_2021_12_28/13hea_20211228_164048_8673408074_600_800.png,13hea_20211228_164048_8673408074_600_800_mask.png,comportamento
26,4,53,8,190,390,243,398,190,390,243,390,243,398,190,398,sub_line_text,table_text,table_0,raleway,bold,7.0,13hea_20211228_164048_8673408074_600_800.png,/scratch/parceirosbr/bigoilict/share/BigOil/document_generator/datasets/documents_2021_12_28/13hea_20211228_164048_8673408074_600_800.png,13hea_20211228_164048_8673408074_600_800_mask.png,comportamento
20,4,40,8,197,402,237,410,197,402,237,402,237,410,197,410,text,table_text,table_0,raleway,bold,7.0,13hea_20211228_164048_8673408074_600_800.png,/scratch/parceirosbr/bigoilict/share/BigOil/document_generator/datasets/documents_2021_12_28/13hea_20211228_164048_8673408074_600_800.png,13hea_20211228_164048_8673408074_600_800_mask.png,combustível
20,4,40,8,197,402,237,410,197,402,237,402,237,410,197,410,sub_line_text,table_text,table_0,raleway,bold,7.0,13hea_20211228_164048_8673408074_600_800.png,/scratch/parceirosbr/bigoilict/share/BigOil/document_generator/datasets/documents_2021_12_28/13hea_20211228_164048_8673408074_600_800.png,13hea_20211228_164048_8673408074_600_800_mask.png,combustível
16,4,33,8,200,413,233,421,200,413,233,413,233,421,200,421,text,table_text,table_0,raleway,bold,7.0,13hea_20211228_164048_8673408074_600_800.png,/scratch/parceirosbr/bigoilict/share/BigOil/document_generator/datasets/documents_2021_12_28/13hea_20211228_164048_8673408074_600_800.png,13hea_20211228_164048_8673408074_600_800_mask.png,indicando
16,4,33,8,200,413,233,421,200,413,233,413,233,421,200,421,sub_line_text,table_text,table_0,raleway,bold,7.0,13hea_20211228_164048_8673408074_600_800.png,/scratch/parceirosbr/bigoilict/share/BigOil/document_generator/datasets/documents_2021_12_28/13hea_20211228_164048_8673408074_600_800.png,13hea_20211228_164048_8673408074_600_800_mask.png,indicando
5,4,10,8,211,425,221,433,211,425,221,425,221,433,211,433,text,table_text,table_0,raleway,bold,7.0,13hea_20211228_164048_8673408074_600_800.png,/scratch/parceirosbr/bigoilict/share/BigOil/document_generator/datasets/documents_2021_12_28/13hea_20211228_164048_8673408074_600_800.png,13hea_20211228_164048_8673408074_600_800_mask.png,por
5,4,10,8,211,425,221,433,211,425,221,425,221,433,211,433,sub_line_text,table_text,table_0,raleway,bold,7.0,13hea_20211228_164048_8673408074_600_800.png,/scratch/parceirosbr/bigoilict/share/BigOil/document_generator/datasets/documents_2021_12_28/13hea_20211228_164048_8673408074_600_800.png,13hea_20211228_164048_8673408074_600_800_mask.png,por
7,4,15,8,209,437,224,445,209,437,224,437,224,445,209,445,text,table_text,table_0,raleway,bold,7.0,13hea_20211228_164048_8673408074_600_800.png,/scratch/parceirosbr/bigoilict/share/BigOil/document_generator/datasets/documents_2021_12_28/13hea_20211228_164048_8673408074_600_800.png,13hea_20211228_164048_8673408074_600_800_mask.png,base
7,4,15,8,209,437,224,445,209,437,224,437,224,445,209,445,sub_line_text,table_text,table_0,raleway,bold,7.0,13hea_20211228_164048_8673408074_600_800.png,/scratch/parceirosbr/bigoilict/share/BigOil/document_generator/datasets/documents_2021_12_28/13hea_20211228_164048_8673408074_600_800.png,13hea_20211228_164048_8673408074_600_800_mask.png,base
16,4,33,8,200,448,233,456,200,448,233,448,233,456,200,456,text,table_text,table_0,raleway,bold,7.0,13hea_20211228_164048_8673408074_600_800.png,/scratch/parceirosbr/bigoilict/share/BigOil/document_generator/datasets/documents_2021_12_28/13hea_20211228_164048_8673408074_600_800.png,13hea_20211228_164048_8673408074_600_800_mask.png,incentivos
16,4,33,8,200,448,233,456,200,448,233,448,233,456,200,456,sub_line_text,table_text,table_0,raleway,bold,7.0,13hea_20211228_164048_8673408074_600_800.png,/scratch/parceirosbr/bigoilict/share/BigOil/document_generator/datasets/documents_2021_12_28/13hea_20211228_164048_8673408074_600_800.png,13hea_20211228_164048_8673408074_600_800_mask.png,incentivos
19,4,39,8,198,460,237,468,198,460,237,460,237,468,198,468,text,table_text,table_0,raleway,bold,7.0,13hea_20211228_164048_8673408074_600_800.png,/scratch/parceirosbr/bigoilict/share/BigOil/document_generator/datasets/documents_2021_12_28/13hea_20211228_164048_8673408074_600_800.png,13hea_20211228_164048_8673408074_600_800_mask.png,viscosidade
19,4,39,8,198,460,237,468,198,460,237,460,237,468,198,468,sub_line_text,table_text,table_0,raleway,bold,7.0,13hea_20211228_164048_8673408074_600_800.png,/scratch/parceirosbr/bigoilict/share/BigOil/document_generator/datasets/documents_2021_12_28/13hea_20211228_164048_8673408074_600_800.png,13hea_20211228_164048_8673408074_600_800_mask.png,viscosidade
13,4,27,8,203,471,230,479,203,471,230,471,230,479,203,479,text,table_text,table_0,raleway,bold,7.0,13hea_20211228_164048_8673408074_600_800.png,/scratch/parceirosbr/bigoilict/share/BigOil/document_generator/datasets/documents_2021_12_28/13hea_20211228_164048_8673408074_600_800.png,13hea_20211228_164048_8673408074_600_800_mask.png,hidratos
13,4,27,8,203,471,230,479,203,471,230,471,230,479,203,479,sub_line_text,table_text,table_0,raleway,bold,7.0,13hea_20211228_164048_8673408074_600_800.png,/scratch/parceirosbr/bigoilict/share/BigOil/document_generator/datasets/documents_2021_12_28/13hea_20211228_164048_8673408074_600_800.png,13hea_20211228_164048_8673408074_600_800_mask.png,hidratos
7,4,14,8,209,483,223,491,209,483,223,483,223,491,209,491,text,table_text,table_0,raleway,bold,7.0,13hea_20211228_164048_8673408074_600_800.png,/scratch/parceirosbr/bigoilict/share/BigOil/document_generator/datasets/documents_2021_12_28/13hea_20211228_164048_8673408074_600_800.png,13hea_20211228_164048_8673408074_600_800_mask.png,com
7,4,14,8,209,483,223,491,209,483,223,483,223,491,209,491,sub_line_text,table_text,table_0,raleway,bold,7.0,13hea_20211228_164048_8673408074_600_800.png,/scratch/parceirosbr/bigoilict/share/BigOil/document_generator/datasets/documents_2021_12_28/13hea_20211228_164048_8673408074_600_800.png,13hea_20211228_164048_8673408074_600_800_mask.png,com
7,4,14,8,209,494,223,502,209,494,223,494,223,502,209,502,text,table_text,table_0,raleway,bold,7.0,13hea_20211228_164048_8673408074_600_800.png,/scratch/parceirosbr/bigoilict/share/BigOil/document_generator/datasets/documents_2021_12_28/13hea_20211228_164048_8673408074_600_800.png,13hea_20211228_164048_8673408074_600_800_mask.png,pelo
7,4,14,8,209,494,223,502,209,494,223,494,223,502,209,502,sub_line_text,table_text,table_0,raleway,bold,7.0,13hea_20211228_164048_8673408074_600_800.png,/scratch/parceirosbr/bigoilict/share/BigOil/document_generator/datasets/documents_2021_12_28/13hea_20211228_164048_8673408074_600_800.png,13hea_20211228_164048_8673408074_600_800_mask.png,pelo
12,4,25,8,203,506,228,514,203,506,228,506,228,514,203,514,text,table_text,table_0,raleway,bold,7.0,13hea_20211228_164048_8673408074_600_800.png,/scratch/parceirosbr/bigoilict/share/BigOil/document_generator/datasets/documents_2021_12_28/13hea_20211228_164048_8673408074_600_800.png,13hea_20211228_164048_8673408074_600_800_mask.png,outubro
12,4,25,8,203,506,228,514,203,506,228,506,228,514,203,514,sub_line_text,table_text,table_0,raleway,bold,7.0,13hea_20211228_164048_8673408074_600_800.png,/scratch/parceirosbr/bigoilict/share/BigOil/document_generator/datasets/documents_2021_12_28/13hea_20211228_164048_8673408074_600_800.png,13hea_20211228_164048_8673408074_600_800_mask.png,outubro
13,4,27,8,203,517,230,525,203,517,230,517,230,525,203,525,text,table_text,table_0,raleway,bold,7.0,13hea_20211228_164048_8673408074_600_800.png,/scratch/parceirosbr/bigoilict/share/BigOil/document_generator/datasets/documents_2021_12_28/13hea_20211228_164048_8673408074_600_800.png,13hea_20211228_164048_8673408074_600_800_mask.png,trabalho
13,4,27,8,203,517,230,525,203,517,230,517,230,525,203,525,sub_line_text,table_text,table_0,raleway,bold,7.0,13hea_20211228_164048_8673408074_600_800.png,/scratch/parceirosbr/bigoilict/share/BigOil/document_generator/datasets/documents_2021_12_28/13hea_20211228_164048_8673408074_600_800.png,13hea_20211228_164048_8673408074_600_800_mask.png,trabalho
13,4,27,8,203,529,230,537,203,529,230,529,230,537,203,537,text,table_text,table_0,raleway,bold,7.0,13hea_20211228_164048_8673408074_600_800.png,/scratch/parceirosbr/bigoilict/share/BigOil/document_generator/datasets/documents_2021_12_28/13hea_20211228_164048_8673408074_600_800.png,13hea_20211228_164048_8673408074_600_800_mask.png,também
13,4,27,8,203,529,230,537,203,529,230,529,230,537,203,537,sub_line_text,table_text,table_0,raleway,bold,7.0,13hea_20211228_164048_8673408074_600_800.png,/scratch/parceirosbr/bigoilict/share/BigOil/document_generator/datasets/documents_2021_12_28/13hea_20211228_164048_8673408074_600_800.png,13hea_20211228_164048_8673408074_600_800_mask.png,também
5,4,10,8,211,541,221,549,211,541,221,541,221,549,211,549,text,table_text,table_0,raleway,bold,7.0,13hea_20211228_164048_8673408074_600_800.png,/scratch/parceirosbr/bigoilict/share/BigOil/document_generator/datasets/documents_2021_12_28/13hea_20211228_164048_8673408074_600_800.png,13hea_20211228_164048_8673408074_600_800_mask.png,por
5,4,10,8,211,541,221,549,211,541,221,541,221,549,211,549,sub_line_text,table_text,table_0,raleway,bold,7.0,13hea_20211228_164048_8673408074_600_800.png,/scratch/parceirosbr/bigoilict/share/BigOil/document_generator/datasets/documents_2021_12_28/13hea_20211228_164048_8673408074_600_800.png,13hea_20211228_164048_8673408074_600_800_mask.png,por
18,4,37,8,198,552,235,560,198,552,235,552,235,560,198,560,text,table_text,table_0,raleway,regular,7.0,13hea_20211228_164048_8673408074_600_800.png,/scratch/parceirosbr/bigoilict/share/BigOil/document_generator/datasets/documents_2021_12_28/13hea_20211228_164048_8673408074_600_800.png,13hea_20211228_164048_8673408074_600_800_mask.png,escoamento
18,4,37,8,198,552,235,560,198,552,235,552,235,560,198,560,sub_line_text,table_text,table_0,raleway,regular,7.0,13hea_20211228_164048_8673408074_600_800.png,/scratch/parceirosbr/bigoilict/share/BigOil/document_generator/datasets/documents_2021_12_28/13hea_20211228_164048_8673408074_600_800.png,13hea_20211228_164048_8673408074_600_800_mask.png,escoamento
14,4,29,8,274,314,303,322,274,314,303,314,303,322,274,322,text,table_text,table_0,raleway,regular,7.0,13hea_20211228_164048_8673408074_600_800.png,/scratch/parceirosbr/bigoilict/share/BigOil/document_generator/datasets/documents_2021_12_28/13hea_20211228_164048_8673408074_600_800.png,13hea_20211228_164048_8673408074_600_800_mask.png,reduzindo
14,4,29,8,274,314,303,322,274,314,303,314,303,322,274,322,sub_line_text,table_text,table_0,raleway,regular,7.0,13hea_20211228_164048_8673408074_600_800.png,/scratch/parceirosbr/bigoilict/share/BigOil/document_generator/datasets/documents_2021_12_28/13hea_20211228_164048_8673408074_600_800.png,13hea_20211228_164048_8673408074_600_800_mask.png,reduzindo
16,4,32,8,271,333,303,341,271,333,303,333,303,341,271,341,text,table_text,table_0,raleway,bold,7.0,13hea_20211228_164048_8673408074_600_800.png,/scratch/parceirosbr/bigoilict/share/BigOil/document_generator/datasets/documents_2021_12_28/13hea_20211228_164048_8673408074_600_800.png,13hea_20211228_164048_8673408074_600_800_mask.png,8503792.1
16,4,32,8,271,333,303,341,271,333,303,333,303,341,271,341,sub_line_text,table_text,table_0,raleway,bold,7.0,13hea_20211228_164048_8673408074_600_800.png,/scratch/parceirosbr/bigoilict/share/BigOil/document_generator/datasets/documents_2021_12_28/13hea_20211228_164048_8673408074_600_800.png,13hea_20211228_164048_8673408074_600_800_mask.png,8503792.1
15,4,31,8,272,344,303,352,272,344,303,344,303,352,272,352,text,table_text,table_0,raleway,bold,7.0,13hea_20211228_164048_8673408074_600_800.png,/scratch/parceirosbr/bigoilict/share/BigOil/document_generator/datasets/documents_2021_12_28/13hea_20211228_164048_8673408074_600_800.png,13hea_20211228_164048_8673408074_600_800_mask.png,7819079.5
15,4,31,8,272,344,303,352,272,344,303,344,303,352,272,352,sub_line_text,table_text,table_0,raleway,bold,7.0,13hea_20211228_164048_8673408074_600_800.png,/scratch/parceirosbr/bigoilict/share/BigOil/document_generator/datasets/documents_2021_12_28/13hea_20211228_164048_8673408074_600_800.png,13hea_20211228_164048_8673408074_600_800_mask.png,7819079.5
15,4,31,8,272,356,303,364,272,356,303,356,303,364,272,364,text,table_text,table_0,raleway,bold,7.0,13hea_20211228_164048_8673408074_600_800.png,/scratch/parceirosbr/bigoilict/share/BigOil/document_generator/datasets/documents_2021_12_28/13hea_20211228_164048_8673408074_600_800.png,13hea_20211228_164048_8673408074_600_800_mask.png,3413833.8
15,4,31,8,272,356,303,364,272,356,303,356,303,364,272,364,sub_line_text,table_text,table_0,raleway,bold,7.0,13hea_20211228_164048_8673408074_600_800.png,/scratch/parceirosbr/bigoilict/share/BigOil/document_generator/datasets/documents_2021_12_28/13hea_20211228_164048_8673408074_600_800.png,13hea_20211228_164048_8673408074_600_800_mask.png,3413833.8
16,4,32,8,271,367,303,375,271,367,303,367,303,375,271,375,text,table_text,table_0,raleway,bold,7.0,13hea_20211228_164048_8673408074_600_800.png,/scratch/parceirosbr/bigoilict/share/BigOil/document_generator/datasets/documents_2021_12_28/13hea_20211228_164048_8673408074_600_800.png,13hea_20211228_164048_8673408074_600_800_mask.png,2236389.5
16,4,32,8,271,367,303,375,271,367,303,367,303,375,271,375,sub_line_text,table_text,table_0,raleway,bold,7.0,13hea_20211228_164048_8673408074_600_800.png,/scratch/parceirosbr/bigoilict/share/BigOil/document_generator/datasets/documents_2021_12_28/13hea_20211228_164048_8673408074_600_800.png,13hea_20211228_164048_8673408074_600_800_mask.png,2236389.5
16,4,32,8,271,379,303,387,271,379,303,379,303,387,271,387,text,table_text,table_0,raleway,bold,7.0,13hea_20211228_164048_8673408074_600_800.png,/scratch/parceirosbr/bigoilict/share/BigOil/document_generator/datasets/documents_2021_12_28/13hea_20211228_164048_8673408074_600_800.png,13hea_20211228_164048_8673408074_600_800_mask.png,7367642.0
16,4,32,8,271,379,303,387,271,379,303,379,303,387,271,387,sub_line_text,table_text,table_0,raleway,bold,7.0,13hea_20211228_164048_8673408074_600_800.png,/scratch/parceirosbr/bigoilict/share/BigOil/document_generator/datasets/documents_2021_12_28/13hea_20211228_164048_8673408074_600_800.png,13hea_20211228_164048_8673408074_600_800_mask.png,7367642.0
15,4,31,8,272,390,303,398,272,390,303,390,303,398,272,398,text,table_text,table_0,raleway,bold,7.0,13hea_20211228_164048_8673408074_600_800.png,/scratch/parceirosbr/bigoilict/share/BigOil/document_generator/datasets/documents_2021_12_28/13hea_20211228_164048_8673408074_600_800.png,13hea_20211228_164048_8673408074_600_800_mask.png,8136249.3
15,4,31,8,272,390,303,398,272,390,303,390,303,398,272,398,sub_line_text,table_text,table_0,raleway,bold,7.0,13hea_20211228_164048_8673408074_600_800.png,/scratch/parceirosbr/bigoilict/share/BigOil/document_generator/datasets/documents_2021_12_28/13hea_20211228_164048_8673408074_600_800.png,13hea_20211228_164048_8673408074_600_800_mask.png,8136249.3
15,4,31,8,272,402,303,410,272,402,303,402,303,410,272,410,text,table_text,table_0,raleway,bold,7.0,13hea_20211228_164048_8673408074_600_800.png,/scratch/parceirosbr/bigoilict/share/BigOil/document_generator/datasets/documents_2021_12_28/13hea_20211228_164048_8673408074_600_800.png,13hea_20211228_164048_8673408074_600_800_mask.png,1548592.9
15,4,31,8,272,402,303,410,272,402,303,402,303,410,272,410,sub_line_text,table_text,table_0,raleway,bold,7.0,13hea_20211228_164048_8673408074_600_800.png,/scratch/parceirosbr/bigoilict/share/BigOil/document_generator/datasets/documents_2021_12_28/13hea_20211228_164048_8673408074_600_800.png,13hea_20211228_164048_8673408074_600_800_mask.png,1548592.9
15,4,30,8,273,413,303,421,273,413,303,413,303,421,273,421,text,table_text,table_0,raleway,bold,7.0,13hea_20211228_164048_8673408074_600_800.png,/scratch/parceirosbr/bigoilict/share/BigOil/document_generator/datasets/documents_2021_12_28/13hea_20211228_164048_8673408074_600_800.png,13hea_20211228_164048_8673408074_600_800_mask.png,7241210.3
15,4,30,8,273,413,303,421,273,413,303,413,303,421,273,421,sub_line_text,table_text,table_0,raleway,bold,7.0,13hea_20211228_164048_8673408074_600_800.png,/scratch/parceirosbr/bigoilict/share/BigOil/document_generator/datasets/documents_2021_12_28/13hea_20211228_164048_8673408074_600_800.png,13hea_20211228_164048_8673408074_600_800_mask.png,7241210.3
15,4,31,8,272,425,303,433,272,425,303,425,303,433,272,433,text,table_text,table_0,raleway,bold,7.0,13hea_20211228_164048_8673408074_600_800.png,/scratch/parceirosbr/bigoilict/share/BigOil/document_generator/datasets/documents_2021_12_28/13hea_20211228_164048_8673408074_600_800.png,13hea_20211228_164048_8673408074_600_800_mask.png,7194723.3
15,4,31,8,272,425,303,433,272,425,303,425,303,433,272,433,sub_line_text,table_text,table_0,raleway,bold,7.0,13hea_20211228_164048_8673408074_600_800.png,/scratch/parceirosbr/bigoilict/share/BigOil/document_generator/datasets/documents_2021_12_28/13hea_20211228_164048_8673408074_600_800.png,13hea_20211228_164048_8673408074_600_800_mask.png,7194723.3
16,4,32,8,271,437,303,445,271,437,303,437,303,445,271,445,text,table_text,table_0,raleway,bold,7.0,13hea_20211228_164048_8673408074_600_800.png,/scratch/parceirosbr/bigoilict/share/BigOil/document_generator/datasets/documents_2021_12_28/13hea_20211228_164048_8673408074_600_800.png,13hea_20211228_164048_8673408074_600_800_mask.png,6893374.3
16,4,32,8,271,437,303,445,271,437,303,437,303,445,271,445,sub_line_text,table_text,table_0,raleway,bold,7.0,13hea_20211228_164048_8673408074_600_800.png,/scratch/parceirosbr/bigoilict/share/BigOil/document_generator/datasets/documents_2021_12_28/13hea_20211228_164048_8673408074_600_800.png,13hea_20211228_164048_8673408074_600_800_mask.png,6893374.3
16,4,32,8,271,448,303,456,271,448,303,448,303,456,271,456,text,table_text,table_0,raleway,bold,7.0,13hea_20211228_164048_8673408074_600_800.png,/scratch/parceirosbr/bigoilict/share/BigOil/document_generator/datasets/documents_2021_12_28/13hea_20211228_164048_8673408074_600_800.png,13hea_20211228_164048_8673408074_600_800_mask.png,4783222.2
16,4,32,8,271,448,303,456,271,448,303,448,303,456,271,456,sub_line_text,table_text,table_0,raleway,bold,7.0,13hea_20211228_164048_8673408074_600_800.png,/scratch/parceirosbr/bigoilict/share/BigOil/document_generator/datasets/documents_2021_12_28/13hea_20211228_164048_8673408074_600_800.png,13hea_20211228_164048_8673408074_600_800_mask.png,4783222.2
14,4,29,8,274,460,303,468,274,460,303,460,303,468,274,468,text,table_text,table_0,raleway,bold,7.0,13hea_20211228_164048_8673408074_600_800.png,/scratch/parceirosbr/bigoilict/share/BigOil/document_generator/datasets/documents_2021_12_28/13hea_20211228_164048_8673408074_600_800.png,13hea_20211228_164048_8673408074_600_800_mask.png,1492117.3
14,4,29,8,274,460,303,468,274,460,303,460,303,468,274,468,sub_line_text,table_text,table_0,raleway,bold,7.0,13hea_20211228_164048_8673408074_600_800.png,/scratch/parceirosbr/bigoilict/share/BigOil/document_generator/datasets/documents_2021_12_28/13hea_20211228_164048_8673408074_600_800.png,13hea_20211228_164048_8673408074_600_800_mask.png,1492117.3
16,4,32,8,271,471,303,479,271,471,303,471,303,479,271,479,text,table_text,table_0,raleway,bold,7.0,13hea_20211228_164048_8673408074_600_800.png,/scratch/parceirosbr/bigoilict/share/BigOil/document_generator/datasets/documents_2021_12_28/13hea_20211228_164048_8673408074_600_800.png,13hea_20211228_164048_8673408074_600_800_mask.png,4028388.0
16,4,32,8,271,471,303,479,271,471,303,471,303,479,271,479,sub_line_text,table_text,table_0,raleway,bold,7.0,13hea_20211228_164048_8673408074_600_800.png,/scratch/parceirosbr/bigoilict/share/BigOil/document_generator/datasets/documents_2021_12_28/13hea_20211228_164048_8673408074_600_800.png,13hea_20211228_164048_8673408074_600_800_mask.png,4028388.0
16,4,32,8,271,483,303,491,271,483,303,483,303,491,271,491,text,table_text,table_0,raleway,bold,7.0,13hea_20211228_164048_8673408074_600_800.png,/scratch/parceirosbr/bigoilict/share/BigOil/document_generator/datasets/documents_2021_12_28/13hea_20211228_164048_8673408074_600_800.png,13hea_20211228_164048_8673408074_600_800_mask.png,5385336.9
16,4,32,8,271,483,303,491,271,483,303,483,303,491,271,491,sub_line_text,table_text,table_0,raleway,bold,7.0,13hea_20211228_164048_8673408074_600_800.png,/scratch/parceirosbr/bigoilict/share/BigOil/document_generator/datasets/documents_2021_12_28/13hea_20211228_164048_8673408074_600_800.png,13hea_20211228_164048_8673408074_600_800_mask.png,5385336.9
16,4,32,8,271,494,303,502,271,494,303,494,303,502,271,502,text,table_text,table_0,raleway,bold,7.0,13hea_20211228_164048_8673408074_600_800.png,/scratch/parceirosbr/bigoilict/share/BigOil/document_generator/datasets/documents_2021_12_28/13hea_20211228_164048_8673408074_600_800.png,13hea_20211228_164048_8673408074_600_800_mask.png,6733445.7
16,4,32,8,271,494,303,502,271,494,303,494,303,502,271,502,sub_line_text,table_text,table_0,raleway,bold,7.0,13hea_20211228_164048_8673408074_600_800.png,/scratch/parceirosbr/bigoilict/share/BigOil/document_generator/datasets/documents_2021_12_28/13hea_20211228_164048_8673408074_600_800.png,13hea_20211228_164048_8673408074_600_800_mask.png,6733445.7
15,4,31,8,272,506,303,514,272,506,303,506,303,514,272,514,text,table_text,table_0,raleway,bold,7.0,13hea_20211228_164048_8673408074_600_800.png,/scratch/parceirosbr/bigoilict/share/BigOil/document_generator/datasets/documents_2021_12_28/13hea_20211228_164048_8673408074_600_800.png,13hea_20211228_164048_8673408074_600_800_mask.png,4031039.6
15,4,31,8,272,506,303,514,272,506,303,506,303,514,272,514,sub_line_text,table_text,table_0,raleway,bold,7.0,13hea_20211228_164048_8673408074_600_800.png,/scratch/parceirosbr/bigoilict/share/BigOil/document_generator/datasets/documents_2021_12_28/13hea_20211228_164048_8673408074_600_800.png,13hea_20211228_164048_8673408074_600_800_mask.png,4031039.6
15,4,31,8,272,517,303,525,272,517,303,517,303,525,272,525,text,table_text,table_0,raleway,bold,7.0,13hea_20211228_164048_8673408074_600_800.png,/scratch/parceirosbr/bigoilict/share/BigOil/document_generator/datasets/documents_2021_12_28/13hea_20211228_164048_8673408074_600_800.png,13hea_20211228_164048_8673408074_600_800_mask.png,7145832.0
15,4,31,8,272,517,303,525,272,517,303,517,303,525,272,525,sub_line_text,table_text,table_0,raleway,bold,7.0,13hea_20211228_164048_8673408074_600_800.png,/scratch/parceirosbr/bigoilict/share/BigOil/document_generator/datasets/documents_2021_12_28/13hea_20211228_164048_8673408074_600_800.png,13hea_20211228_164048_8673408074_600_800_mask.png,7145832.0
15,4,31,8,272,529,303,537,272,529,303,529,303,537,272,537,text,table_text,table_0,raleway,bold,7.0,13hea_20211228_164048_8673408074_600_800.png,/scratch/parceirosbr/bigoilict/share/BigOil/document_generator/datasets/documents_2021_12_28/13hea_20211228_164048_8673408074_600_800.png,13hea_20211228_164048_8673408074_600_800_mask.png,2633681.6
15,4,31,8,272,529,303,537,272,529,303,529,303,537,272,537,sub_line_text,table_text,table_0,raleway,bold,7.0,13hea_20211228_164048_8673408074_600_800.png,/scratch/parceirosbr/bigoilict/share/BigOil/document_generator/datasets/documents_2021_12_28/13hea_20211228_164048_8673408074_600_800.png,13hea_20211228_164048_8673408074_600_800_mask.png,2633681.6
15,4,31,8,272,541,303,549,272,541,303,541,303,549,272,549,text,table_text,table_0,raleway,bold,7.0,13hea_20211228_164048_8673408074_600_800.png,/scratch/parceirosbr/bigoilict/share/BigOil/document_generator/datasets/documents_2021_12_28/13hea_20211228_164048_8673408074_600_800.png,13hea_20211228_164048_8673408074_600_800_mask.png,8741382.7
15,4,31,8,272,541,303,549,272,541,303,541,303,549,272,549,sub_line_text,table_text,table_0,raleway,bold,7.0,13hea_20211228_164048_8673408074_600_800.png,/scratch/parceirosbr/bigoilict/share/BigOil/document_generator/datasets/documents_2021_12_28/13hea_20211228_164048_8673408074_600_800.png,13hea_20211228_164048_8673408074_600_800_mask.png,8741382.7
15,4,31,8,272,552,303,560,272,552,303,552,303,560,272,560,text,table_text,table_0,raleway,regular,7.0,13hea_20211228_164048_8673408074_600_800.png,/scratch/parceirosbr/bigoilict/share/BigOil/document_generator/datasets/documents_2021_12_28/13hea_20211228_164048_8673408074_600_800.png,13hea_20211228_164048_8673408074_600_800_mask.png,3803697.9
15,4,31,8,272,552,303,560,272,552,303,552,303,560,272,560,sub_line_text,table_text,table_0,raleway,regular,7.0,13hea_20211228_164048_8673408074_600_800.png,/scratch/parceirosbr/bigoilict/share/BigOil/document_generator/datasets/documents_2021_12_28/13hea_20211228_164048_8673408074_600_800.png,13hea_20211228_164048_8673408074_600_800_mask.png,3803697.9
12,4,25,8,328,314,353,322,328,314,353,314,353,322,328,322,text,table_text,table_0,raleway,regular,7.0,13hea_20211228_164048_8673408074_600_800.png,/scratch/parceirosbr/bigoilict/share/BigOil/document_generator/datasets/documents_2021_12_28/13hea_20211228_164048_8673408074_600_800.png,13hea_20211228_164048_8673408074_600_800_mask.png,recursos
12,4,25,8,328,314,353,322,328,314,353,314,353,322,328,322,sub_line_text,table_text,table_0,raleway,regular,7.0,13hea_20211228_164048_8673408074_600_800.png,/scratch/parceirosbr/bigoilict/share/BigOil/document_generator/datasets/documents_2021_12_28/13hea_20211228_164048_8673408074_600_800.png,13hea_20211228_164048_8673408074_600_800_mask.png,recursos
10,4,20,8,332,333,352,341,332,333,352,333,352,341,332,341,text,table_text,table_0,raleway,bold,7.0,13hea_20211228_164048_8673408074_600_800.png,/scratch/parceirosbr/bigoilict/share/BigOil/document_generator/datasets/documents_2021_12_28/13hea_20211228_164048_8673408074_600_800.png,13hea_20211228_164048_8673408074_600_800_mask.png,níquel
10,4,20,8,332,333,352,341,332,333,352,333,352,341,332,341,sub_line_text,table_text,table_0,raleway,bold,7.0,13hea_20211228_164048_8673408074_600_800.png,/scratch/parceirosbr/bigoilict/share/BigOil/document_generator/datasets/documents_2021_12_28/13hea_20211228_164048_8673408074_600_800.png,13hea_20211228_164048_8673408074_600_800_mask.png,níquel
9,4,18,8,332,344,350,352,332,344,350,344,350,352,332,352,text,table_text,table_0,raleway,bold,7.0,13hea_20211228_164048_8673408074_600_800.png,/scratch/parceirosbr/bigoilict/share/BigOil/document_generator/datasets/documents_2021_12_28/13hea_20211228_164048_8673408074_600_800.png,13hea_20211228_164048_8673408074_600_800_mask.png,áreas
9,4,18,8,332,344,350,352,332,344,350,344,350,352,332,352,sub_line_text,table_text,table_0,raleway,bold,7.0,13hea_20211228_164048_8673408074_600_800.png,/scratch/parceirosbr/bigoilict/share/BigOil/document_generator/datasets/documents_2021_12_28/13hea_20211228_164048_8673408074_600_800.png,13hea_20211228_164048_8673408074_600_800_mask.png,áreas
15,4,30,8,326,356,356,364,326,356,356,356,356,364,326,364,text,table_text,table_0,raleway,bold,7.0,13hea_20211228_164048_8673408074_600_800.png,/scratch/parceirosbr/bigoilict/share/BigOil/document_generator/datasets/documents_2021_12_28/13hea_20211228_164048_8673408074_600_800.png,13hea_20211228_164048_8673408074_600_800_mask.png,completa
15,4,30,8,326,356,356,364,326,356,356,356,356,364,326,364,sub_line_text,table_text,table_0,raleway,bold,7.0,13hea_20211228_164048_8673408074_600_800.png,/scratch/parceirosbr/bigoilict/share/BigOil/document_generator/datasets/documents_2021_12_28/13hea_20211228_164048_8673408074_600_800.png,13hea_20211228_164048_8673408074_600_800_mask.png,completa
9,4,18,8,332,367,350,375,332,367,350,367,350,375,332,375,text,table_text,table_0,raleway,bold,7.0,13hea_20211228_164048_8673408074_600_800.png,/scratch/parceirosbr/bigoilict/share/BigOil/document_generator/datasets/documents_2021_12_28/13hea_20211228_164048_8673408074_600_800.png,13hea_20211228_164048_8673408074_600_800_mask.png,servir
9,4,18,8,332,367,350,375,332,367,350,367,350,375,332,375,sub_line_text,table_text,table_0,raleway,bold,7.0,13hea_20211228_164048_8673408074_600_800.png,/scratch/parceirosbr/bigoilict/share/BigOil/document_generator/datasets/documents_2021_12_28/13hea_20211228_164048_8673408074_600_800.png,13hea_20211228_164048_8673408074_600_800_mask.png,servir
15,4,30,8,326,379,356,387,326,379,356,379,356,387,326,387,text,table_text,table_0,raleway,bold,7.0,13hea_20211228_164048_8673408074_600_800.png,/scratch/parceirosbr/bigoilict/share/BigOil/document_generator/datasets/documents_2021_12_28/13hea_20211228_164048_8673408074_600_800.png,13hea_20211228_164048_8673408074_600_800_mask.png,completa
15,4,30,8,326,379,356,387,326,379,356,379,356,387,326,387,sub_line_text,table_text,table_0,raleway,bold,7.0,13hea_20211228_164048_8673408074_600_800.png,/scratch/parceirosbr/bigoilict/share/BigOil/document_generator/datasets/documents_2021_12_28/13hea_20211228_164048_8673408074_600_800.png,13hea_20211228_164048_8673408074_600_800_mask.png,completa
9,4,19,8,332,390,351,398,332,390,351,390,351,398,332,398,text,table_text,table_0,raleway,bold,7.0,13hea_20211228_164048_8673408074_600_800.png,/scratch/parceirosbr/bigoilict/share/BigOil/document_generator/datasets/documents_2021_12_28/13hea_20211228_164048_8673408074_600_800.png,13hea_20211228_164048_8673408074_600_800_mask.png,berço
9,4,19,8,332,390,351,398,332,390,351,390,351,398,332,398,sub_line_text,table_text,table_0,raleway,bold,7.0,13hea_20211228_164048_8673408074_600_800.png,/scratch/parceirosbr/bigoilict/share/BigOil/document_generator/datasets/documents_2021_12_28/13hea_20211228_164048_8673408074_600_800.png,13hea_20211228_164048_8673408074_600_800_mask.png,berço
12,4,25,8,328,402,353,410,328,402,353,402,353,410,328,410,text,table_text,table_0,raleway,bold,7.0,13hea_20211228_164048_8673408074_600_800.png,/scratch/parceirosbr/bigoilict/share/BigOil/document_generator/datasets/documents_2021_12_28/13hea_20211228_164048_8673408074_600_800.png,13hea_20211228_164048_8673408074_600_800_mask.png,outubro
12,4,25,8,328,402,353,410,328,402,353,402,353,410,328,410,sub_line_text,table_text,table_0,raleway,bold,7.0,13hea_20211228_164048_8673408074_600_800.png,/scratch/parceirosbr/bigoilict/share/BigOil/document_generator/datasets/documents_2021_12_28/13hea_20211228_164048_8673408074_600_800.png,13hea_20211228_164048_8673408074_600_800_mask.png,outubro
3,4,7,8,338,413,345,421,338,413,345,413,345,421,338,421,text,table_text,table_0,raleway,bold,7.0,13hea_20211228_164048_8673408074_600_800.png,/scratch/parceirosbr/bigoilict/share/BigOil/document_generator/datasets/documents_2021_12_28/13hea_20211228_164048_8673408074_600_800.png,13hea_20211228_164048_8673408074_600_800_mask.png,os
3,4,7,8,338,413,345,421,338,413,345,413,345,421,338,421,sub_line_text,table_text,table_0,raleway,bold,7.0,13hea_20211228_164048_8673408074_600_800.png,/scratch/parceirosbr/bigoilict/share/BigOil/document_generator/datasets/documents_2021_12_28/13hea_20211228_164048_8673408074_600_800.png,13hea_20211228_164048_8673408074_600_800_mask.png,os
7,4,15,8,334,425,349,433,334,425,349,425,349,433,334,433,text,table_text,table_0,raleway,bold,7.0,13hea_20211228_164048_8673408074_600_800.png,/scratch/parceirosbr/bigoilict/share/BigOil/document_generator/datasets/documents_2021_12_28/13hea_20211228_164048_8673408074_600_800.png,13hea_20211228_164048_8673408074_600_800_mask.png,grau
7,4,15,8,334,425,349,433,334,425,349,425,349,433,334,433,sub_line_text,table_text,table_0,raleway,bold,7.0,13hea_20211228_164048_8673408074_600_800.png,/scratch/parceirosbr/bigoilict/share/BigOil/document_generator/datasets/documents_2021_12_28/13hea_20211228_164048_8673408074_600_800.png,13hea_20211228_164048_8673408074_600_800_mask.png,grau
14,4,28,8,327,437,355,445,327,437,355,437,355,445,327,445,text,table_text,table_0,raleway,bold,7.0,13hea_20211228_164048_8673408074_600_800.png,/scratch/parceirosbr/bigoilict/share/BigOil/document_generator/datasets/documents_2021_12_28/13hea_20211228_164048_8673408074_600_800.png,13hea_20211228_164048_8673408074_600_800_mask.png,distintos
14,4,28,8,327,437,355,445,327,437,355,437,355,445,327,445,sub_line_text,table_text,table_0,raleway,bold,7.0,13hea_20211228_164048_8673408074_600_800.png,/scratch/parceirosbr/bigoilict/share/BigOil/document_generator/datasets/documents_2021_12_28/13hea_20211228_164048_8673408074_600_800.png,13hea_20211228_164048_8673408074_600_800_mask.png,distintos
22,4,45,8,319,448,364,456,319,448,364,448,364,456,319,456,text,table_text,table_0,raleway,bold,7.0,13hea_20211228_164048_8673408074_600_800.png,/scratch/parceirosbr/bigoilict/share/BigOil/document_generator/datasets/documents_2021_12_28/13hea_20211228_164048_8673408074_600_800.png,13hea_20211228_164048_8673408074_600_800_mask.png,concentração
22,4,45,8,319,448,364,456,319,448,364,448,364,456,319,456,sub_line_text,table_text,table_0,raleway,bold,7.0,13hea_20211228_164048_8673408074_600_800.png,/scratch/parceirosbr/bigoilict/share/BigOil/document_generator/datasets/documents_2021_12_28/13hea_20211228_164048_8673408074_600_800.png,13hea_20211228_164048_8673408074_600_800_mask.png,concentração
19,4,39,8,323,460,362,468,323,460,362,460,362,468,323,468,text,table_text,table_0,raleway,bold,7.0,13hea_20211228_164048_8673408074_600_800.png,/scratch/parceirosbr/bigoilict/share/BigOil/document_generator/datasets/documents_2021_12_28/13hea_20211228_164048_8673408074_600_800.png,13hea_20211228_164048_8673408074_600_800_mask.png,alternativos
19,4,39,8,323,460,362,468,323,460,362,460,362,468,323,468,sub_line_text,table_text,table_0,raleway,bold,7.0,13hea_20211228_164048_8673408074_600_800.png,/scratch/parceirosbr/bigoilict/share/BigOil/document_generator/datasets/documents_2021_12_28/13hea_20211228_164048_8673408074_600_800.png,13hea_20211228_164048_8673408074_600_800_mask.png,alternativos
8,4,17,8,333,471,350,479,333,471,350,471,350,479,333,479,text,table_text,table_0,raleway,bold,7.0,13hea_20211228_164048_8673408074_600_800.png,/scratch/parceirosbr/bigoilict/share/BigOil/document_generator/datasets/documents_2021_12_28/13hea_20211228_164048_8673408074_600_800.png,13hea_20211228_164048_8673408074_600_800_mask.png,ideal
8,4,17,8,333,471,350,479,333,471,350,471,350,479,333,479,sub_line_text,table_text,table_0,raleway,bold,7.0,13hea_20211228_164048_8673408074_600_800.png,/scratch/parceirosbr/bigoilict/share/BigOil/document_generator/datasets/documents_2021_12_28/13hea_20211228_164048_8673408074_600_800.png,13hea_20211228_164048_8673408074_600_800_mask.png,ideal
9,4,18,8,332,483,350,491,332,483,350,483,350,491,332,491,text,table_text,table_0,raleway,bold,7.0,13hea_20211228_164048_8673408074_600_800.png,/scratch/parceirosbr/bigoilict/share/BigOil/document_generator/datasets/documents_2021_12_28/13hea_20211228_164048_8673408074_600_800.png,13hea_20211228_164048_8673408074_600_800_mask.png,físico
9,4,18,8,332,483,350,491,332,483,350,483,350,491,332,491,sub_line_text,table_text,table_0,raleway,bold,7.0,13hea_20211228_164048_8673408074_600_800.png,/scratch/parceirosbr/bigoilict/share/BigOil/document_generator/datasets/documents_2021_12_28/13hea_20211228_164048_8673408074_600_800.png,13hea_20211228_164048_8673408074_600_800_mask.png,físico
13,4,26,8,328,494,354,502,328,494,354,494,354,502,328,502,text,table_text,table_0,raleway,bold,7.0,13hea_20211228_164048_8673408074_600_800.png,/scratch/parceirosbr/bigoilict/share/BigOil/document_generator/datasets/documents_2021_12_28/13hea_20211228_164048_8673408074_600_800.png,13hea_20211228_164048_8673408074_600_800_mask.png,reforma
13,4,26,8,328,494,354,502,328,494,354,494,354,502,328,502,sub_line_text,table_text,table_0,raleway,bold,7.0,13hea_20211228_164048_8673408074_600_800.png,/scratch/parceirosbr/bigoilict/share/BigOil/document_generator/datasets/documents_2021_12_28/13hea_20211228_164048_8673408074_600_800.png,13hea_20211228_164048_8673408074_600_800_mask.png,reforma
21,4,43,8,321,506,364,514,321,506,364,506,364,514,321,514,text,table_text,table_0,raleway,bold,7.0,13hea_20211228_164048_8673408074_600_800.png,/scratch/parceirosbr/bigoilict/share/BigOil/document_generator/datasets/documents_2021_12_28/13hea_20211228_164048_8673408074_600_800.png,13hea_20211228_164048_8673408074_600_800_mask.png,possibilidade
21,4,43,8,321,506,364,514,321,506,364,506,364,514,321,514,sub_line_text,table_text,table_0,raleway,bold,7.0,13hea_20211228_164048_8673408074_600_800.png,/scratch/parceirosbr/bigoilict/share/BigOil/document_generator/datasets/documents_2021_12_28/13hea_20211228_164048_8673408074_600_800.png,13hea_20211228_164048_8673408074_600_800_mask.png,possibilidade
17,4,34,8,325,517,359,525,325,517,359,517,359,525,325,525,text,table_text,table_0,raleway,bold,7.0,13hea_20211228_164048_8673408074_600_800.png,/scratch/parceirosbr/bigoilict/share/BigOil/document_generator/datasets/documents_2021_12_28/13hea_20211228_164048_8673408074_600_800.png,13hea_20211228_164048_8673408074_600_800_mask.png,diferentes
17,4,34,8,325,517,359,525,325,517,359,517,359,525,325,525,sub_line_text,table_text,table_0,raleway,bold,7.0,13hea_20211228_164048_8673408074_600_800.png,/scratch/parceirosbr/bigoilict/share/BigOil/document_generator/datasets/documents_2021_12_28/13hea_20211228_164048_8673408074_600_800.png,13hea_20211228_164048_8673408074_600_800_mask.png,diferentes
17,4,35,8,325,529,360,537,325,529,360,529,360,537,325,537,text,table_text,table_0,raleway,bold,7.0,13hea_20211228_164048_8673408074_600_800.png,/scratch/parceirosbr/bigoilict/share/BigOil/document_generator/datasets/documents_2021_12_28/13hea_20211228_164048_8673408074_600_800.png,13hea_20211228_164048_8673408074_600_800_mask.png,destacado
17,4,35,8,325,529,360,537,325,529,360,529,360,537,325,537,sub_line_text,table_text,table_0,raleway,bold,7.0,13hea_20211228_164048_8673408074_600_800.png,/scratch/parceirosbr/bigoilict/share/BigOil/document_generator/datasets/documents_2021_12_28/13hea_20211228_164048_8673408074_600_800.png,13hea_20211228_164048_8673408074_600_800_mask.png,destacado
7,4,14,8,334,541,348,549,334,541,348,541,348,549,334,549,text,table_text,table_0,raleway,bold,7.0,13hea_20211228_164048_8673408074_600_800.png,/scratch/parceirosbr/bigoilict/share/BigOil/document_generator/datasets/documents_2021_12_28/13hea_20211228_164048_8673408074_600_800.png,13hea_20211228_164048_8673408074_600_800_mask.png,para
7,4,14,8,334,541,348,549,334,541,348,541,348,549,334,549,sub_line_text,table_text,table_0,raleway,bold,7.0,13hea_20211228_164048_8673408074_600_800.png,/scratch/parceirosbr/bigoilict/share/BigOil/document_generator/datasets/documents_2021_12_28/13hea_20211228_164048_8673408074_600_800.png,13hea_20211228_164048_8673408074_600_800_mask.png,para
11,4,23,8,330,552,353,560,330,552,353,552,353,560,330,560,text,table_text,table_0,raleway,regular,7.0,13hea_20211228_164048_8673408074_600_800.png,/scratch/parceirosbr/bigoilict/share/BigOil/document_generator/datasets/documents_2021_12_28/13hea_20211228_164048_8673408074_600_800.png,13hea_20211228_164048_8673408074_600_800_mask.png,outubro
11,4,23,8,330,552,353,560,330,552,353,552,353,560,330,560,sub_line_text,table_text,table_0,raleway,regular,7.0,13hea_20211228_164048_8673408074_600_800.png,/scratch/parceirosbr/bigoilict/share/BigOil/document_generator/datasets/documents_2021_12_28/13hea_20211228_164048_8673408074_600_800.png,13hea_20211228_164048_8673408074_600_800_mask.png,outubro
3,4,7,8,432,314,439,322,432,314,439,314,439,322,432,322,text,table_text,table_0,raleway,regular,7.0,13hea_20211228_164048_8673408074_600_800.png,/scratch/parceirosbr/bigoilict/share/BigOil/document_generator/datasets/documents_2021_12_28/13hea_20211228_164048_8673408074_600_800.png,13hea_20211228_164048_8673408074_600_800_mask.png,ao
3,4,7,8,432,314,439,322,432,314,439,314,439,322,432,322,sub_line_text,table_text,table_0,raleway,regular,7.0,13hea_20211228_164048_8673408074_600_800.png,/scratch/parceirosbr/bigoilict/share/BigOil/document_generator/datasets/documents_2021_12_28/13hea_20211228_164048_8673408074_600_800.png,13hea_20211228_164048_8673408074_600_800_mask.png,ao
8,4,17,8,423,333,440,341,423,333,440,333,440,341,423,341,text,table_text,table_0,raleway,bold,7.0,13hea_20211228_164048_8673408074_600_800.png,/scratch/parceirosbr/bigoilict/share/BigOil/document_generator/datasets/documents_2021_12_28/13hea_20211228_164048_8673408074_600_800.png,13hea_20211228_164048_8673408074_600_800_mask.png,7.042
8,4,17,8,423,333,440,341,423,333,440,333,440,341,423,341,sub_line_text,table_text,table_0,raleway,bold,7.0,13hea_20211228_164048_8673408074_600_800.png,/scratch/parceirosbr/bigoilict/share/BigOil/document_generator/datasets/documents_2021_12_28/13hea_20211228_164048_8673408074_600_800.png,13hea_20211228_164048_8673408074_600_800_mask.png,7.042
8,4,16,8,423,344,439,352,423,344,439,344,439,352,423,352,text,table_text,table_0,raleway,bold,7.0,13hea_20211228_164048_8673408074_600_800.png,/scratch/parceirosbr/bigoilict/share/BigOil/document_generator/datasets/documents_2021_12_28/13hea_20211228_164048_8673408074_600_800.png,13hea_20211228_164048_8673408074_600_800_mask.png,8.102
8,4,16,8,423,344,439,352,423,344,439,344,439,352,423,352,sub_line_text,table_text,table_0,raleway,bold,7.0,13hea_20211228_164048_8673408074_600_800.png,/scratch/parceirosbr/bigoilict/share/BigOil/document_generator/datasets/documents_2021_12_28/13hea_20211228_164048_8673408074_600_800.png,13hea_20211228_164048_8673408074_600_800_mask.png,8.102
8,4,17,8,423,356,440,364,423,356,440,356,440,364,423,364,text,table_text,table_0,raleway,bold,7.0,13hea_20211228_164048_8673408074_600_800.png,/scratch/parceirosbr/bigoilict/share/BigOil/document_generator/datasets/documents_2021_12_28/13hea_20211228_164048_8673408074_600_800.png,13hea_20211228_164048_8673408074_600_800_mask.png,4.823
8,4,17,8,423,356,440,364,423,356,440,356,440,364,423,364,sub_line_text,table_text,table_0,raleway,bold,7.0,13hea_20211228_164048_8673408074_600_800.png,/scratch/parceirosbr/bigoilict/share/BigOil/document_generator/datasets/documents_2021_12_28/13hea_20211228_164048_8673408074_600_800.png,13hea_20211228_164048_8673408074_600_800_mask.png,4.823
8,4,17,8,423,367,440,375,423,367,440,367,440,375,423,375,text,table_text,table_0,raleway,bold,7.0,13hea_20211228_164048_8673408074_600_800.png,/scratch/parceirosbr/bigoilict/share/BigOil/document_generator/datasets/documents_2021_12_28/13hea_20211228_164048_8673408074_600_800.png,13hea_20211228_164048_8673408074_600_800_mask.png,3.383
8,4,17,8,423,367,440,375,423,367,440,367,440,375,423,375,sub_line_text,table_text,table_0,raleway,bold,7.0,13hea_20211228_164048_8673408074_600_800.png,/scratch/parceirosbr/bigoilict/share/BigOil/document_generator/datasets/documents_2021_12_28/13hea_20211228_164048_8673408074_600_800.png,13hea_20211228_164048_8673408074_600_800_mask.png,3.383
8,4,17,8,423,379,440,387,423,379,440,379,440,387,423,387,text,table_text,table_0,raleway,bold,7.0,13hea_20211228_164048_8673408074_600_800.png,/scratch/parceirosbr/bigoilict/share/BigOil/document_generator/datasets/documents_2021_12_28/13hea_20211228_164048_8673408074_600_800.png,13hea_20211228_164048_8673408074_600_800_mask.png,5.860
8,4,17,8,423,379,440,387,423,379,440,379,440,387,423,387,sub_line_text,table_text,table_0,raleway,bold,7.0,13hea_20211228_164048_8673408074_600_800.png,/scratch/parceirosbr/bigoilict/share/BigOil/document_generator/datasets/documents_2021_12_28/13hea_20211228_164048_8673408074_600_800.png,13hea_20211228_164048_8673408074_600_800_mask.png,5.860
8,4,17,8,423,390,440,398,423,390,440,390,440,398,423,398,text,table_text,table_0,raleway,bold,7.0,13hea_20211228_164048_8673408074_600_800.png,/scratch/parceirosbr/bigoilict/share/BigOil/document_generator/datasets/documents_2021_12_28/13hea_20211228_164048_8673408074_600_800.png,13hea_20211228_164048_8673408074_600_800_mask.png,9.266
8,4,17,8,423,390,440,398,423,390,440,390,440,398,423,398,sub_line_text,table_text,table_0,raleway,bold,7.0,13hea_20211228_164048_8673408074_600_800.png,/scratch/parceirosbr/bigoilict/share/BigOil/document_generator/datasets/documents_2021_12_28/13hea_20211228_164048_8673408074_600_800.png,13hea_20211228_164048_8673408074_600_800_mask.png,9.266
8,4,17,8,423,402,440,410,423,402,440,402,440,410,423,410,text,table_text,table_0,raleway,bold,7.0,13hea_20211228_164048_8673408074_600_800.png,/scratch/parceirosbr/bigoilict/share/BigOil/document_generator/datasets/documents_2021_12_28/13hea_20211228_164048_8673408074_600_800.png,13hea_20211228_164048_8673408074_600_800_mask.png,7.405
8,4,17,8,423,402,440,410,423,402,440,402,440,410,423,410,sub_line_text,table_text,table_0,raleway,bold,7.0,13hea_20211228_164048_8673408074_600_800.png,/scratch/parceirosbr/bigoilict/share/BigOil/document_generator/datasets/documents_2021_12_28/13hea_20211228_164048_8673408074_600_800.png,13hea_20211228_164048_8673408074_600_800_mask.png,7.405
8,4,17,8,423,413,440,421,423,413,440,413,440,421,423,421,text,table_text,table_0,raleway,bold,7.0,13hea_20211228_164048_8673408074_600_800.png,/scratch/parceirosbr/bigoilict/share/BigOil/document_generator/datasets/documents_2021_12_28/13hea_20211228_164048_8673408074_600_800.png,13hea_20211228_164048_8673408074_600_800_mask.png,2.660
8,4,17,8,423,413,440,421,423,413,440,413,440,421,423,421,sub_line_text,table_text,table_0,raleway,bold,7.0,13hea_20211228_164048_8673408074_600_800.png,/scratch/parceirosbr/bigoilict/share/BigOil/document_generator/datasets/documents_2021_12_28/13hea_20211228_164048_8673408074_600_800.png,13hea_20211228_164048_8673408074_600_800_mask.png,2.660
8,4,16,8,423,425,439,433,423,425,439,425,439,433,423,433,text,table_text,table_0,raleway,bold,7.0,13hea_20211228_164048_8673408074_600_800.png,/scratch/parceirosbr/bigoilict/share/BigOil/document_generator/datasets/documents_2021_12_28/13hea_20211228_164048_8673408074_600_800.png,13hea_20211228_164048_8673408074_600_800_mask.png,9.511
8,4,16,8,423,425,439,433,423,425,439,425,439,433,423,433,sub_line_text,table_text,table_0,raleway,bold,7.0,13hea_20211228_164048_8673408074_600_800.png,/scratch/parceirosbr/bigoilict/share/BigOil/document_generator/datasets/documents_2021_12_28/13hea_20211228_164048_8673408074_600_800.png,13hea_20211228_164048_8673408074_600_800_mask.png,9.511
8,4,17,8,423,437,440,445,423,437,440,437,440,445,423,445,text,table_text,table_0,raleway,bold,7.0,13hea_20211228_164048_8673408074_600_800.png,/scratch/parceirosbr/bigoilict/share/BigOil/document_generator/datasets/documents_2021_12_28/13hea_20211228_164048_8673408074_600_800.png,13hea_20211228_164048_8673408074_600_800_mask.png,4.837
8,4,17,8,423,437,440,445,423,437,440,437,440,445,423,445,sub_line_text,table_text,table_0,raleway,bold,7.0,13hea_20211228_164048_8673408074_600_800.png,/scratch/parceirosbr/bigoilict/share/BigOil/document_generator/datasets/documents_2021_12_28/13hea_20211228_164048_8673408074_600_800.png,13hea_20211228_164048_8673408074_600_800_mask.png,4.837
8,4,17,8,423,448,440,456,423,448,440,448,440,456,423,456,text,table_text,table_0,raleway,bold,7.0,13hea_20211228_164048_8673408074_600_800.png,/scratch/parceirosbr/bigoilict/share/BigOil/document_generator/datasets/documents_2021_12_28/13hea_20211228_164048_8673408074_600_800.png,13hea_20211228_164048_8673408074_600_800_mask.png,2.768
8,4,17,8,423,448,440,456,423,448,440,448,440,456,423,456,sub_line_text,table_text,table_0,raleway,bold,7.0,13hea_20211228_164048_8673408074_600_800.png,/scratch/parceirosbr/bigoilict/share/BigOil/document_generator/datasets/documents_2021_12_28/13hea_20211228_164048_8673408074_600_800.png,13hea_20211228_164048_8673408074_600_800_mask.png,2.768
8,4,17,8,423,460,440,468,423,460,440,460,440,468,423,468,text,table_text,table_0,raleway,bold,7.0,13hea_20211228_164048_8673408074_600_800.png,/scratch/parceirosbr/bigoilict/share/BigOil/document_generator/datasets/documents_2021_12_28/13hea_20211228_164048_8673408074_600_800.png,13hea_20211228_164048_8673408074_600_800_mask.png,5.724
8,4,17,8,423,460,440,468,423,460,440,460,440,468,423,468,sub_line_text,table_text,table_0,raleway,bold,7.0,13hea_20211228_164048_8673408074_600_800.png,/scratch/parceirosbr/bigoilict/share/BigOil/document_generator/datasets/documents_2021_12_28/13hea_20211228_164048_8673408074_600_800.png,13hea_20211228_164048_8673408074_600_800_mask.png,5.724
8,4,17,8,423,471,440,479,423,471,440,471,440,479,423,479,text,table_text,table_0,raleway,bold,7.0,13hea_20211228_164048_8673408074_600_800.png,/scratch/parceirosbr/bigoilict/share/BigOil/document_generator/datasets/documents_2021_12_28/13hea_20211228_164048_8673408074_600_800.png,13hea_20211228_164048_8673408074_600_800_mask.png,9.231
8,4,17,8,423,471,440,479,423,471,440,471,440,479,423,479,sub_line_text,table_text,table_0,raleway,bold,7.0,13hea_20211228_164048_8673408074_600_800.png,/scratch/parceirosbr/bigoilict/share/BigOil/document_generator/datasets/documents_2021_12_28/13hea_20211228_164048_8673408074_600_800.png,13hea_20211228_164048_8673408074_600_800_mask.png,9.231
8,4,16,8,423,483,439,491,423,483,439,483,439,491,423,491,text,table_text,table_0,raleway,bold,7.0,13hea_20211228_164048_8673408074_600_800.png,/scratch/parceirosbr/bigoilict/share/BigOil/document_generator/datasets/documents_2021_12_28/13hea_20211228_164048_8673408074_600_800.png,13hea_20211228_164048_8673408074_600_800_mask.png,4.713
8,4,16,8,423,483,439,491,423,483,439,483,439,491,423,491,sub_line_text,table_text,table_0,raleway,bold,7.0,13hea_20211228_164048_8673408074_600_800.png,/scratch/parceirosbr/bigoilict/share/BigOil/document_generator/datasets/documents_2021_12_28/13hea_20211228_164048_8673408074_600_800.png,13hea_20211228_164048_8673408074_600_800_mask.png,4.713
8,4,17,8,423,494,440,502,423,494,440,494,440,502,423,502,text,table_text,table_0,raleway,bold,7.0,13hea_20211228_164048_8673408074_600_800.png,/scratch/parceirosbr/bigoilict/share/BigOil/document_generator/datasets/documents_2021_12_28/13hea_20211228_164048_8673408074_600_800.png,13hea_20211228_164048_8673408074_600_800_mask.png,8.773
8,4,17,8,423,494,440,502,423,494,440,494,440,502,423,502,sub_line_text,table_text,table_0,raleway,bold,7.0,13hea_20211228_164048_8673408074_600_800.png,/scratch/parceirosbr/bigoilict/share/BigOil/document_generator/datasets/documents_2021_12_28/13hea_20211228_164048_8673408074_600_800.png,13hea_20211228_164048_8673408074_600_800_mask.png,8.773
8,4,17,8,423,506,440,514,423,506,440,506,440,514,423,514,text,table_text,table_0,raleway,bold,7.0,13hea_20211228_164048_8673408074_600_800.png,/scratch/parceirosbr/bigoilict/share/BigOil/document_generator/datasets/documents_2021_12_28/13hea_20211228_164048_8673408074_600_800.png,13hea_20211228_164048_8673408074_600_800_mask.png,6.303
8,4,17,8,423,506,440,514,423,506,440,506,440,514,423,514,sub_line_text,table_text,table_0,raleway,bold,7.0,13hea_20211228_164048_8673408074_600_800.png,/scratch/parceirosbr/bigoilict/share/BigOil/document_generator/datasets/documents_2021_12_28/13hea_20211228_164048_8673408074_600_800.png,13hea_20211228_164048_8673408074_600_800_mask.png,6.303
8,4,17,8,423,517,440,525,423,517,440,517,440,525,423,525,text,table_text,table_0,raleway,bold,7.0,13hea_20211228_164048_8673408074_600_800.png,/scratch/parceirosbr/bigoilict/share/BigOil/document_generator/datasets/documents_2021_12_28/13hea_20211228_164048_8673408074_600_800.png,13hea_20211228_164048_8673408074_600_800_mask.png,9.820
8,4,17,8,423,517,440,525,423,517,440,517,440,525,423,525,sub_line_text,table_text,table_0,raleway,bold,7.0,13hea_20211228_164048_8673408074_600_800.png,/scratch/parceirosbr/bigoilict/share/BigOil/document_generator/datasets/documents_2021_12_28/13hea_20211228_164048_8673408074_600_800.png,13hea_20211228_164048_8673408074_600_800_mask.png,9.820
8,4,17,8,423,529,440,537,423,529,440,529,440,537,423,537,text,table_text,table_0,raleway,bold,7.0,13hea_20211228_164048_8673408074_600_800.png,/scratch/parceirosbr/bigoilict/share/BigOil/document_generator/datasets/documents_2021_12_28/13hea_20211228_164048_8673408074_600_800.png,13hea_20211228_164048_8673408074_600_800_mask.png,7.630
8,4,17,8,423,529,440,537,423,529,440,529,440,537,423,537,sub_line_text,table_text,table_0,raleway,bold,7.0,13hea_20211228_164048_8673408074_600_800.png,/scratch/parceirosbr/bigoilict/share/BigOil/document_generator/datasets/documents_2021_12_28/13hea_20211228_164048_8673408074_600_800.png,13hea_20211228_164048_8673408074_600_800_mask.png,7.630
8,4,17,8,423,541,440,549,423,541,440,541,440,549,423,549,text,table_text,table_0,raleway,bold,7.0,13hea_20211228_164048_8673408074_600_800.png,/scratch/parceirosbr/bigoilict/share/BigOil/document_generator/datasets/documents_2021_12_28/13hea_20211228_164048_8673408074_600_800.png,13hea_20211228_164048_8673408074_600_800_mask.png,3.463
8,4,17,8,423,541,440,549,423,541,440,541,440,549,423,549,sub_line_text,table_text,table_0,raleway,bold,7.0,13hea_20211228_164048_8673408074_600_800.png,/scratch/parceirosbr/bigoilict/share/BigOil/document_generator/datasets/documents_2021_12_28/13hea_20211228_164048_8673408074_600_800.png,13hea_20211228_164048_8673408074_600_800_mask.png,3.463
7,4,15,8,424,552,439,560,424,552,439,552,439,560,424,560,text,table_text,table_0,raleway,regular,7.0,13hea_20211228_164048_8673408074_600_800.png,/scratch/parceirosbr/bigoilict/share/BigOil/document_generator/datasets/documents_2021_12_28/13hea_20211228_164048_8673408074_600_800.png,13hea_20211228_164048_8673408074_600_800_mask.png,9.133
7,4,15,8,424,552,439,560,424,552,439,552,439,560,424,560,sub_line_text,table_text,table_0,raleway,regular,7.0,13hea_20211228_164048_8673408074_600_800.png,/scratch/parceirosbr/bigoilict/share/BigOil/document_generator/datasets/documents_2021_12_28/13hea_20211228_164048_8673408074_600_800.png,13hea_20211228_164048_8673408074_600_800_mask.png,9.133
15,4,30,8,510,314,540,322,510,314,540,314,540,322,510,322,text,table_text,table_0,raleway,regular,7.0,13hea_20211228_164048_8673408074_600_800.png,/scratch/parceirosbr/bigoilict/share/BigOil/document_generator/datasets/documents_2021_12_28/13hea_20211228_164048_8673408074_600_800.png,13hea_20211228_164048_8673408074_600_800_mask.png,partículas
15,4,30,8,510,314,540,322,510,314,540,314,540,322,510,322,sub_line_text,table_text,table_0,raleway,regular,7.0,13hea_20211228_164048_8673408074_600_800.png,/scratch/parceirosbr/bigoilict/share/BigOil/document_generator/datasets/documents_2021_12_28/13hea_20211228_164048_8673408074_600_800.png,13hea_20211228_164048_8673408074_600_800_mask.png,partículas
18,4,36,8,504,333,540,341,504,333,540,333,540,341,504,341,text,table_text,table_0,raleway,bold,7.0,13hea_20211228_164048_8673408074_600_800.png,/scratch/parceirosbr/bigoilict/share/BigOil/document_generator/datasets/documents_2021_12_28/13hea_20211228_164048_8673408074_600_800.png,13hea_20211228_164048_8673408074_600_800_mask.png,32773492.1
18,4,36,8,504,333,540,341,504,333,540,333,540,341,504,341,sub_line_text,table_text,table_0,raleway,bold,7.0,13hea_20211228_164048_8673408074_600_800.png,/scratch/parceirosbr/bigoilict/share/BigOil/document_generator/datasets/documents_2021_12_28/13hea_20211228_164048_8673408074_600_800.png,13hea_20211228_164048_8673408074_600_800_mask.png,32773492.1
10,4,21,8,520,344,541,352,520,344,541,344,541,352,520,352,text,table_text,table_0,raleway,bold,7.0,13hea_20211228_164048_8673408074_600_800.png,/scratch/parceirosbr/bigoilict/share/BigOil/document_generator/datasets/documents_2021_12_28/13hea_20211228_164048_8673408074_600_800.png,13hea_20211228_164048_8673408074_600_800_mask.png,5287.4
10,4,21,8,520,344,541,352,520,344,541,344,541,352,520,352,sub_line_text,table_text,table_0,raleway,bold,7.0,13hea_20211228_164048_8673408074_600_800.png,/scratch/parceirosbr/bigoilict/share/BigOil/document_generator/datasets/documents_2021_12_28/13hea_20211228_164048_8673408074_600_800.png,13hea_20211228_164048_8673408074_600_800_mask.png,5287.4
8,4,17,8,523,356,540,364,523,356,540,356,540,364,523,364,text,table_text,table_0,raleway,bold,7.0,13hea_20211228_164048_8673408074_600_800.png,/scratch/parceirosbr/bigoilict/share/BigOil/document_generator/datasets/documents_2021_12_28/13hea_20211228_164048_8673408074_600_800.png,13hea_20211228_164048_8673408074_600_800_mask.png,584.0
8,4,17,8,523,356,540,364,523,356,540,356,540,364,523,364,sub_line_text,table_text,table_0,raleway,bold,7.0,13hea_20211228_164048_8673408074_600_800.png,/scratch/parceirosbr/bigoilict/share/BigOil/document_generator/datasets/documents_2021_12_28/13hea_20211228_164048_8673408074_600_800.png,13hea_20211228_164048_8673408074_600_800_mask.png,584.0
19,4,38,8,502,367,540,375,502,367,540,367,540,375,502,375,text,table_text,table_0,raleway,bold,7.0,13hea_20211228_164048_8673408074_600_800.png,/scratch/parceirosbr/bigoilict/share/BigOil/document_generator/datasets/documents_2021_12_28/13hea_20211228_164048_8673408074_600_800.png,13hea_20211228_164048_8673408074_600_800_mask.png,568173159.3
19,4,38,8,502,367,540,375,502,367,540,367,540,375,502,375,sub_line_text,table_text,table_0,raleway,bold,7.0,13hea_20211228_164048_8673408074_600_800.png,/scratch/parceirosbr/bigoilict/share/BigOil/document_generator/datasets/documents_2021_12_28/13hea_20211228_164048_8673408074_600_800.png,13hea_20211228_164048_8673408074_600_800_mask.png,568173159.3
16,4,32,8,508,379,540,387,508,379,540,379,540,387,508,387,text,table_text,table_0,raleway,bold,7.0,13hea_20211228_164048_8673408074_600_800.png,/scratch/parceirosbr/bigoilict/share/BigOil/document_generator/datasets/documents_2021_12_28/13hea_20211228_164048_8673408074_600_800.png,13hea_20211228_164048_8673408074_600_800_mask.png,13811108.0
16,4,32,8,508,379,540,387,508,379,540,379,540,387,508,387,sub_line_text,table_text,table_0,raleway,bold,7.0,13hea_20211228_164048_8673408074_600_800.png,/scratch/parceirosbr/bigoilict/share/BigOil/document_generator/datasets/documents_2021_12_28/13hea_20211228_164048_8673408074_600_800.png,13hea_20211228_164048_8673408074_600_800_mask.png,13811108.0
12,4,24,8,516,390,540,398,516,390,540,390,540,398,516,398,text,table_text,table_0,raleway,bold,7.0,13hea_20211228_164048_8673408074_600_800.png,/scratch/parceirosbr/bigoilict/share/BigOil/document_generator/datasets/documents_2021_12_28/13hea_20211228_164048_8673408074_600_800.png,13hea_20211228_164048_8673408074_600_800_mask.png,77842.4
12,4,24,8,516,390,540,398,516,390,540,390,540,398,516,398,sub_line_text,table_text,table_0,raleway,bold,7.0,13hea_20211228_164048_8673408074_600_800.png,/scratch/parceirosbr/bigoilict/share/BigOil/document_generator/datasets/documents_2021_12_28/13hea_20211228_164048_8673408074_600_800.png,13hea_20211228_164048_8673408074_600_800_mask.png,77842.4
10,4,20,8,521,402,541,410,521,402,541,402,541,410,521,410,text,table_text,table_0,raleway,bold,7.0,13hea_20211228_164048_8673408074_600_800.png,/scratch/parceirosbr/bigoilict/share/BigOil/document_generator/datasets/documents_2021_12_28/13hea_20211228_164048_8673408074_600_800.png,13hea_20211228_164048_8673408074_600_800_mask.png,5712.2
10,4,20,8,521,402,541,410,521,402,541,402,541,410,521,410,sub_line_text,table_text,table_0,raleway,bold,7.0,13hea_20211228_164048_8673408074_600_800.png,/scratch/parceirosbr/bigoilict/share/BigOil/document_generator/datasets/documents_2021_12_28/13hea_20211228_164048_8673408074_600_800.png,13hea_20211228_164048_8673408074_600_800_mask.png,5712.2
12,4,24,8,516,413,540,421,516,413,540,413,540,421,516,421,text,table_text,table_0,raleway,bold,7.0,13hea_20211228_164048_8673408074_600_800.png,/scratch/parceirosbr/bigoilict/share/BigOil/document_generator/datasets/documents_2021_12_28/13hea_20211228_164048_8673408074_600_800.png,13hea_20211228_164048_8673408074_600_800_mask.png,36382.8
12,4,24,8,516,413,540,421,516,413,540,413,540,421,516,421,sub_line_text,table_text,table_0,raleway,bold,7.0,13hea_20211228_164048_8673408074_600_800.png,/scratch/parceirosbr/bigoilict/share/BigOil/document_generator/datasets/documents_2021_12_28/13hea_20211228_164048_8673408074_600_800.png,13hea_20211228_164048_8673408074_600_800_mask.png,36382.8
18,4,36,8,504,425,540,433,504,425,540,425,540,433,504,433,text,table_text,table_0,raleway,bold,7.0,13hea_20211228_164048_8673408074_600_800.png,/scratch/parceirosbr/bigoilict/share/BigOil/document_generator/datasets/documents_2021_12_28/13hea_20211228_164048_8673408074_600_800.png,13hea_20211228_164048_8673408074_600_800_mask.png,72922469.0
18,4,36,8,504,425,540,433,504,425,540,425,540,433,504,433,sub_line_text,table_text,table_0,raleway,bold,7.0,13hea_20211228_164048_8673408074_600_800.png,/scratch/parceirosbr/bigoilict/share/BigOil/document_generator/datasets/documents_2021_12_28/13hea_20211228_164048_8673408074_600_800.png,13hea_20211228_164048_8673408074_600_800_mask.png,72922469.0
15,4,30,8,510,437,540,445,510,437,540,437,540,445,510,445,text,table_text,table_0,raleway,bold,7.0,13hea_20211228_164048_8673408074_600_800.png,/scratch/parceirosbr/bigoilict/share/BigOil/document_generator/datasets/documents_2021_12_28/13hea_20211228_164048_8673408074_600_800.png,13hea_20211228_164048_8673408074_600_800_mask.png,5016127.6
15,4,30,8,510,437,540,445,510,437,540,437,540,445,510,445,sub_line_text,table_text,table_0,raleway,bold,7.0,13hea_20211228_164048_8673408074_600_800.png,/scratch/parceirosbr/bigoilict/share/BigOil/document_generator/datasets/documents_2021_12_28/13hea_20211228_164048_8673408074_600_800.png,13hea_20211228_164048_8673408074_600_800_mask.png,5016127.6
10,4,20,8,521,448,541,456,521,448,541,448,541,456,521,456,text,table_text,table_0,raleway,bold,7.0,13hea_20211228_164048_8673408074_600_800.png,/scratch/parceirosbr/bigoilict/share/BigOil/document_generator/datasets/documents_2021_12_28/13hea_20211228_164048_8673408074_600_800.png,13hea_20211228_164048_8673408074_600_800_mask.png,8821.8
10,4,20,8,521,448,541,456,521,448,541,448,541,456,521,456,sub_line_text,table_text,table_0,raleway,bold,7.0,13hea_20211228_164048_8673408074_600_800.png,/scratch/parceirosbr/bigoilict/share/BigOil/document_generator/datasets/documents_2021_12_28/13hea_20211228_164048_8673408074_600_800.png,13hea_20211228_164048_8673408074_600_800_mask.png,8821.8
16,4,32,8,508,460,540,468,508,460,540,460,540,468,508,468,text,table_text,table_0,raleway,bold,7.0,13hea_20211228_164048_8673408074_600_800.png,/scratch/parceirosbr/bigoilict/share/BigOil/document_generator/datasets/documents_2021_12_28/13hea_20211228_164048_8673408074_600_800.png,13hea_20211228_164048_8673408074_600_800_mask.png,3548978.9
16,4,32,8,508,460,540,468,508,460,540,460,540,468,508,468,sub_line_text,table_text,table_0,raleway,bold,7.0,13hea_20211228_164048_8673408074_600_800.png,/scratch/parceirosbr/bigoilict/share/BigOil/document_generator/datasets/documents_2021_12_28/13hea_20211228_164048_8673408074_600_800.png,13hea_20211228_164048_8673408074_600_800_mask.png,3548978.9
14,4,28,8,512,471,540,479,512,471,540,471,540,479,512,479,text,table_text,table_0,raleway,bold,7.0,13hea_20211228_164048_8673408074_600_800.png,/scratch/parceirosbr/bigoilict/share/BigOil/document_generator/datasets/documents_2021_12_28/13hea_20211228_164048_8673408074_600_800.png,13hea_20211228_164048_8673408074_600_800_mask.png,503065.0
14,4,28,8,512,471,540,479,512,471,540,471,540,479,512,479,sub_line_text,table_text,table_0,raleway,bold,7.0,13hea_20211228_164048_8673408074_600_800.png,/scratch/parceirosbr/bigoilict/share/BigOil/document_generator/datasets/documents_2021_12_28/13hea_20211228_164048_8673408074_600_800.png,13hea_20211228_164048_8673408074_600_800_mask.png,503065.0
12,4,24,8,517,483,541,491,517,483,541,483,541,491,517,491,text,table_text,table_0,raleway,bold,7.0,13hea_20211228_164048_8673408074_600_800.png,/scratch/parceirosbr/bigoilict/share/BigOil/document_generator/datasets/documents_2021_12_28/13hea_20211228_164048_8673408074_600_800.png,13hea_20211228_164048_8673408074_600_800_mask.png,41885.1
12,4,24,8,517,483,541,491,517,483,541,483,541,491,517,491,sub_line_text,table_text,table_0,raleway,bold,7.0,13hea_20211228_164048_8673408074_600_800.png,/scratch/parceirosbr/bigoilict/share/BigOil/document_generator/datasets/documents_2021_12_28/13hea_20211228_164048_8673408074_600_800.png,13hea_20211228_164048_8673408074_600_800_mask.png,41885.1
8,4,16,8,524,494,540,502,524,494,540,494,540,502,524,502,text,table_text,table_0,raleway,bold,7.0,13hea_20211228_164048_8673408074_600_800.png,/scratch/parceirosbr/bigoilict/share/BigOil/document_generator/datasets/documents_2021_12_28/13hea_20211228_164048_8673408074_600_800.png,13hea_20211228_164048_8673408074_600_800_mask.png,710.7
8,4,16,8,524,494,540,502,524,494,540,494,540,502,524,502,sub_line_text,table_text,table_0,raleway,bold,7.0,13hea_20211228_164048_8673408074_600_800.png,/scratch/parceirosbr/bigoilict/share/BigOil/document_generator/datasets/documents_2021_12_28/13hea_20211228_164048_8673408074_600_800.png,13hea_20211228_164048_8673408074_600_800_mask.png,710.7
17,4,35,8,505,506,540,514,505,506,540,506,540,514,505,514,text,table_text,table_0,raleway,bold,7.0,13hea_20211228_164048_8673408074_600_800.png,/scratch/parceirosbr/bigoilict/share/BigOil/document_generator/datasets/documents_2021_12_28/13hea_20211228_164048_8673408074_600_800.png,13hea_20211228_164048_8673408074_600_800_mask.png,19928876.1
17,4,35,8,505,506,540,514,505,506,540,506,540,514,505,514,sub_line_text,table_text,table_0,raleway,bold,7.0,13hea_20211228_164048_8673408074_600_800.png,/scratch/parceirosbr/bigoilict/share/BigOil/document_generator/datasets/documents_2021_12_28/13hea_20211228_164048_8673408074_600_800.png,13hea_20211228_164048_8673408074_600_800_mask.png,19928876.1
10,4,21,8,520,517,541,525,520,517,541,517,541,525,520,525,text,table_text,table_0,raleway,bold,7.0,13hea_20211228_164048_8673408074_600_800.png,/scratch/parceirosbr/bigoilict/share/BigOil/document_generator/datasets/documents_2021_12_28/13hea_20211228_164048_8673408074_600_800.png,13hea_20211228_164048_8673408074_600_800_mask.png,6080.8
10,4,21,8,520,517,541,525,520,517,541,517,541,525,520,525,sub_line_text,table_text,table_0,raleway,bold,7.0,13hea_20211228_164048_8673408074_600_800.png,/scratch/parceirosbr/bigoilict/share/BigOil/document_generator/datasets/documents_2021_12_28/13hea_20211228_164048_8673408074_600_800.png,13hea_20211228_164048_8673408074_600_800_mask.png,6080.8
6,4,12,8,528,529,540,537,528,529,540,529,540,537,528,537,text,table_text,table_0,raleway,bold,7.0,13hea_20211228_164048_8673408074_600_800.png,/scratch/parceirosbr/bigoilict/share/BigOil/document_generator/datasets/documents_2021_12_28/13hea_20211228_164048_8673408074_600_800.png,13hea_20211228_164048_8673408074_600_800_mask.png,81.9
6,4,12,8,528,529,540,537,528,529,540,529,540,537,528,537,sub_line_text,table_text,table_0,raleway,bold,7.0,13hea_20211228_164048_8673408074_600_800.png,/scratch/parceirosbr/bigoilict/share/BigOil/document_generator/datasets/documents_2021_12_28/13hea_20211228_164048_8673408074_600_800.png,13hea_20211228_164048_8673408074_600_800_mask.png,81.9
12,4,24,8,517,541,541,549,517,541,541,541,541,549,517,549,text,table_text,table_0,raleway,bold,7.0,13hea_20211228_164048_8673408074_600_800.png,/scratch/parceirosbr/bigoilict/share/BigOil/document_generator/datasets/documents_2021_12_28/13hea_20211228_164048_8673408074_600_800.png,13hea_20211228_164048_8673408074_600_800_mask.png,23751.2
12,4,24,8,517,541,541,549,517,541,541,541,541,549,517,549,sub_line_text,table_text,table_0,raleway,bold,7.0,13hea_20211228_164048_8673408074_600_800.png,/scratch/parceirosbr/bigoilict/share/BigOil/document_generator/datasets/documents_2021_12_28/13hea_20211228_164048_8673408074_600_800.png,13hea_20211228_164048_8673408074_600_800_mask.png,23751.2
12,4,24,8,517,552,541,560,517,552,541,552,541,560,517,560,text,table_text,table_0,raleway,regular,7.0,13hea_20211228_164048_8673408074_600_800.png,/scratch/parceirosbr/bigoilict/share/BigOil/document_generator/datasets/documents_2021_12_28/13hea_20211228_164048_8673408074_600_800.png,13hea_20211228_164048_8673408074_600_800_mask.png,99288.3
12,4,24,8,517,552,541,560,517,552,541,552,541,560,517,560,sub_line_text,table_text,table_0,raleway,regular,7.0,13hea_20211228_164048_8673408074_600_800.png,/scratch/parceirosbr/bigoilict/share/BigOil/document_generator/datasets/documents_2021_12_28/13hea_20211228_164048_8673408074_600_800.png,13hea_20211228_164048_8673408074_600_800_mask.png,99288.3
37,3,74,7,54,309,128,316,54,309,128,309,128,316,54,316,sub_line_text,table_legend,table_0,times,italic,6,13hea_20211228_164048_8673408074_600_800.png,/scratch/parceirosbr/bigoilict/share/BigOil/document_generator/datasets/documents_2021_12_28/13hea_20211228_164048_8673408074_600_800.png,13hea_20211228_164048_8673408074_600_800_mask.png,Tab.    37:       SECTION   2
37,3,74,7,54,321,128,328,54,321,128,321,128,328,54,328,sub_line_text,table_legend,table_0,times,italic,6,13hea_20211228_164048_8673408074_600_800.png,/scratch/parceirosbr/bigoilict/share/BigOil/document_generator/datasets/documents_2021_12_28/13hea_20211228_164048_8673408074_600_800.png,13hea_20211228_164048_8673408074_600_800_mask.png,INDUSTRY     2.1.     Refin-
36,3,73,7,54,333,127,340,54,333,127,333,127,340,54,340,sub_line_text,table_legend,table_0,times,italic,6,13hea_20211228_164048_8673408074_600_800.png,/scratch/parceirosbr/bigoilict/share/BigOil/document_generator/datasets/documents_2021_12_28/13hea_20211228_164048_8673408074_600_800.png,13hea_20211228_164048_8673408074_600_800_mask.png,ing    and   processing   uni-
37,3,74,7,54,345,128,352,54,345,128,345,128,352,54,352,sub_line_text,table_legend,table_0,times,italic,6,13hea_20211228_164048_8673408074_600_800.png,/scratch/parceirosbr/bigoilict/share/BigOil/document_generator/datasets/documents_2021_12_28/13hea_20211228_164048_8673408074_600_800.png,13hea_20211228_164048_8673408074_600_800_mask.png,ts    2014   2.2.   Infrastruct-
36,3,73,7,54,357,127,364,54,357,127,357,127,364,54,364,sub_line_text,table_legend,table_0,times,italic,6,13hea_20211228_164048_8673408074_600_800.png,/scratch/parceirosbr/bigoilict/share/BigOil/document_generator/datasets/documents_2021_12_28/13hea_20211228_164048_8673408074_600_800.png,13hea_20211228_164048_8673408074_600_800_mask.png,ure   for  the  production  a-
37,3,74,7,54,369,128,376,54,369,128,369,128,376,54,376,sub_line_text,table_legend,table_0,times,italic,6,13hea_20211228_164048_8673408074_600_800.png,/scratch/parceirosbr/bigoilict/share/BigOil/document_generator/datasets/documents_2021_12_28/13hea_20211228_164048_8673408074_600_800.png,13hea_20211228_164048_8673408074_600_800_mask.png,nd  handling  of  oil  and  o-
37,3,74,7,54,381,128,388,54,381,128,381,128,388,54,388,sub_line_text,table_legend,table_0,times,italic,6,13hea_20211228_164048_8673408074_600_800.png,/scratch/parceirosbr/bigoilict/share/BigOil/document_generator/datasets/documents_2021_12_28/13hea_20211228_164048_8673408074_600_800.png,13hea_20211228_164048_8673408074_600_800_mask.png,il   products  2014  2.3.  Na-
11,3,23,7,54,393,77,400,54,393,77,393,77,400,54,400,sub_line_text,table_legend,table_0,times,italic,6,13hea_20211228_164048_8673408074_600_800.png,/scratch/parceirosbr/bigoilict/share/BigOil/document_generator/datasets/documents_2021_12_28/13hea_20211228_164048_8673408074_600_800.png,13hea_20211228_164048_8673408074_600_800_mask.png,tural gas
37,45,74,91,54,309,128,400,54,309,128,309,128,400,54,400,text,table_legend,table_0,times,italic,6,13hea_20211228_164048_8673408074_600_800.png,/scratch/parceirosbr/bigoilict/share/BigOil/document_generator/datasets/documents_2021_12_28/13hea_20211228_164048_8673408074_600_800.png,13hea_20211228_164048_8673408074_600_800_mask.png,nan
59,52,118,105,342,575,460,680,342,575,460,575,460,680,342,680,image,figure_image,figure_1,,,,13hea_20211228_164048_8673408074_600_800.png,/scratch/parceirosbr/bigoilict/share/BigOil/document_generator/datasets/documents_2021_12_28/13hea_20211228_164048_8673408074_600_800.png,13hea_20211228_164048_8673408074_600_800_mask.png,output/gen_img_20211228_164054_6494812911.png
10,2,20,5,419,581,439,586,419,581,439,581,439,586,419,586,text,figure_text,figure_1,,,,13hea_20211228_164048_8673408074_600_800.png,/scratch/parceirosbr/bigoilict/share/BigOil/document_generator/datasets/documents_2021_12_28/13hea_20211228_164048_8673408074_600_800.png,13hea_20211228_164048_8673408074_600_800_mask.png,-4760.4%
10,2,20,5,419,581,439,586,419,581,439,581,439,586,419,586,sub_line_text,figure_text,figure_1,,,,13hea_20211228_164048_8673408074_600_800.png,/scratch/parceirosbr/bigoilict/share/BigOil/document_generator/datasets/documents_2021_12_28/13hea_20211228_164048_8673408074_600_800.png,13hea_20211228_164048_8673408074_600_800_mask.png,-4760.4%
10,2,21,5,382,633,403,638,382,633,403,633,403,638,382,638,text,figure_text,figure_1,,,,13hea_20211228_164048_8673408074_600_800.png,/scratch/parceirosbr/bigoilict/share/BigOil/document_generator/datasets/documents_2021_12_28/13hea_20211228_164048_8673408074_600_800.png,13hea_20211228_164048_8673408074_600_800_mask.png,-4268.600
10,2,21,5,382,633,403,638,382,633,403,633,403,638,382,638,sub_line_text,figure_text,figure_1,,,,13hea_20211228_164048_8673408074_600_800.png,/scratch/parceirosbr/bigoilict/share/BigOil/document_generator/datasets/documents_2021_12_28/13hea_20211228_164048_8673408074_600_800.png,13hea_20211228_164048_8673408074_600_800_mask.png,-4268.600
10,2,20,5,369,581,389,586,369,581,389,581,389,586,369,586,text,figure_text,figure_1,,,,13hea_20211228_164048_8673408074_600_800.png,/scratch/parceirosbr/bigoilict/share/BigOil/document_generator/datasets/documents_2021_12_28/13hea_20211228_164048_8673408074_600_800.png,13hea_20211228_164048_8673408074_600_800_mask.png,-9316.4%
10,2,20,5,369,581,389,586,369,581,389,581,389,586,369,586,sub_line_text,figure_text,figure_1,,,,13hea_20211228_164048_8673408074_600_800.png,/scratch/parceirosbr/bigoilict/share/BigOil/document_generator/datasets/documents_2021_12_28/13hea_20211228_164048_8673408074_600_800.png,13hea_20211228_164048_8673408074_600_800_mask.png,-9316.4%
11,2,22,5,377,647,399,652,377,647,399,647,399,652,377,652,text,figure_text,figure_1,,,,13hea_20211228_164048_8673408074_600_800.png,/scratch/parceirosbr/bigoilict/share/BigOil/document_generator/datasets/documents_2021_12_28/13hea_20211228_164048_8673408074_600_800.png,13hea_20211228_164048_8673408074_600_800_mask.png,-5698.93%
11,2,22,5,377,647,399,652,377,647,399,647,399,652,377,652,sub_line_text,figure_text,figure_1,,,,13hea_20211228_164048_8673408074_600_800.png,/scratch/parceirosbr/bigoilict/share/BigOil/document_generator/datasets/documents_2021_12_28/13hea_20211228_164048_8673408074_600_800.png,13hea_20211228_164048_8673408074_600_800_mask.png,-5698.93%
7,2,15,5,404,622,419,627,404,622,419,622,419,627,404,627,text,figure_text,figure_1,,,,13hea_20211228_164048_8673408074_600_800.png,/scratch/parceirosbr/bigoilict/share/BigOil/document_generator/datasets/documents_2021_12_28/13hea_20211228_164048_8673408074_600_800.png,13hea_20211228_164048_8673408074_600_800_mask.png,442.63
7,2,15,5,404,622,419,627,404,622,419,622,419,627,404,627,sub_line_text,figure_text,figure_1,,,,13hea_20211228_164048_8673408074_600_800.png,/scratch/parceirosbr/bigoilict/share/BigOil/document_generator/datasets/documents_2021_12_28/13hea_20211228_164048_8673408074_600_800.png,13hea_20211228_164048_8673408074_600_800_mask.png,442.63
13,3,26,6,383,588,409,594,383,588,409,588,409,594,383,594,text,figure_text,figure_1,,,,13hea_20211228_164048_8673408074_600_800.png,/scratch/parceirosbr/bigoilict/share/BigOil/document_generator/datasets/documents_2021_12_28/13hea_20211228_164048_8673408074_600_800.png,13hea_20211228_164048_8673408074_600_800_mask.png,Female (km)
13,3,26,6,383,588,409,594,383,588,409,588,409,594,383,594,sub_line_text,figure_text,figure_1,,,,13hea_20211228_164048_8673408074_600_800.png,/scratch/parceirosbr/bigoilict/share/BigOil/document_generator/datasets/documents_2021_12_28/13hea_20211228_164048_8673408074_600_800.png,13hea_20211228_164048_8673408074_600_800_mask.png,Female (km)
8,2,16,5,343,622,359,627,343,622,359,622,359,627,343,627,text,figure_text,figure_1,,,,13hea_20211228_164048_8673408074_600_800.png,/scratch/parceirosbr/bigoilict/share/BigOil/document_generator/datasets/documents_2021_12_28/13hea_20211228_164048_8673408074_600_800.png,13hea_20211228_164048_8673408074_600_800_mask.png,-8660.7
8,2,16,5,343,622,359,627,343,622,359,622,359,627,343,627,sub_line_text,figure_text,figure_1,,,,13hea_20211228_164048_8673408074_600_800.png,/scratch/parceirosbr/bigoilict/share/BigOil/document_generator/datasets/documents_2021_12_28/13hea_20211228_164048_8673408074_600_800.png,13hea_20211228_164048_8673408074_600_800_mask.png,-8660.7
10,3,20,7,361,655,381,662,361,655,381,655,381,662,361,662,text,figure_text,figure_1,,,,13hea_20211228_164048_8673408074_600_800.png,/scratch/parceirosbr/bigoilict/share/BigOil/document_generator/datasets/documents_2021_12_28/13hea_20211228_164048_8673408074_600_800.png,13hea_20211228_164048_8673408074_600_800_mask.png,Speed ​​(v)
10,3,20,7,361,655,381,662,361,655,381,655,381,662,361,662,sub_line_text,figure_text,figure_1,,,,13hea_20211228_164048_8673408074_600_800.png,/scratch/parceirosbr/bigoilict/share/BigOil/document_generator/datasets/documents_2021_12_28/13hea_20211228_164048_8673408074_600_800.png,13hea_20211228_164048_8673408074_600_800_mask.png,Speed ​​(v)
9,3,18,6,415,656,433,662,415,656,433,656,433,662,415,662,text,figure_text,figure_1,,,,13hea_20211228_164048_8673408074_600_800.png,/scratch/parceirosbr/bigoilict/share/BigOil/document_generator/datasets/documents_2021_12_28/13hea_20211228_164048_8673408074_600_800.png,13hea_20211228_164048_8673408074_600_800_mask.png,Liters [L]
9,3,18,6,415,656,433,662,415,656,433,656,433,662,415,662,sub_line_text,figure_text,figure_1,,,,13hea_20211228_164048_8673408074_600_800.png,/scratch/parceirosbr/bigoilict/share/BigOil/document_generator/datasets/documents_2021_12_28/13hea_20211228_164048_8673408074_600_800.png,13hea_20211228_164048_8673408074_600_800_mask.png,Liters [L]
10,2,21,5,393,617,414,622,393,617,414,617,414,622,393,622,text,figure_text,figure_1,,,,13hea_20211228_164048_8673408074_600_800.png,/scratch/parceirosbr/bigoilict/share/BigOil/document_generator/datasets/documents_2021_12_28/13hea_20211228_164048_8673408074_600_800.png,13hea_20211228_164048_8673408074_600_800_mask.png,-8067.310
10,2,21,5,393,617,414,622,393,617,414,617,414,622,393,622,sub_line_text,figure_text,figure_1,,,,13hea_20211228_164048_8673408074_600_800.png,/scratch/parceirosbr/bigoilict/share/BigOil/document_generator/datasets/documents_2021_12_28/13hea_20211228_164048_8673408074_600_800.png,13hea_20211228_164048_8673408074_600_800_mask.png,-8067.310
6,2,13,5,416,669,429,674,416,669,429,669,429,674,416,674,text,figure_text,figure_1,,,,13hea_20211228_164048_8673408074_600_800.png,/scratch/parceirosbr/bigoilict/share/BigOil/document_generator/datasets/documents_2021_12_28/13hea_20211228_164048_8673408074_600_800.png,13hea_20211228_164048_8673408074_600_800_mask.png,-859.1
6,2,13,5,416,669,429,674,416,669,429,669,429,674,416,674,sub_line_text,figure_text,figure_1,,,,13hea_20211228_164048_8673408074_600_800.png,/scratch/parceirosbr/bigoilict/share/BigOil/document_generator/datasets/documents_2021_12_28/13hea_20211228_164048_8673408074_600_800.png,13hea_20211228_164048_8673408074_600_800_mask.png,-859.1
6,2,12,5,399,661,411,666,399,661,411,661,411,666,399,666,text,figure_text,figure_1,,,,13hea_20211228_164048_8673408074_600_800.png,/scratch/parceirosbr/bigoilict/share/BigOil/document_generator/datasets/documents_2021_12_28/13hea_20211228_164048_8673408074_600_800.png,13hea_20211228_164048_8673408074_600_800_mask.png,-8114
6,2,12,5,399,661,411,666,399,661,411,661,411,666,399,666,sub_line_text,figure_text,figure_1,,,,13hea_20211228_164048_8673408074_600_800.png,/scratch/parceirosbr/bigoilict/share/BigOil/document_generator/datasets/documents_2021_12_28/13hea_20211228_164048_8673408074_600_800.png,13hea_20211228_164048_8673408074_600_800_mask.png,-8114
11,3,23,6,348,610,371,616,348,610,371,610,371,616,348,616,text,figure_text,figure_1,,,,13hea_20211228_164048_8673408074_600_800.png,/scratch/parceirosbr/bigoilict/share/BigOil/document_generator/datasets/documents_2021_12_28/13hea_20211228_164048_8673408074_600_800.png,13hea_20211228_164048_8673408074_600_800_mask.png,Liters (ML)
11,3,23,6,348,610,371,616,348,610,371,610,371,616,348,616,sub_line_text,figure_text,figure_1,,,,13hea_20211228_164048_8673408074_600_800.png,/scratch/parceirosbr/bigoilict/share/BigOil/document_generator/datasets/documents_2021_12_28/13hea_20211228_164048_8673408074_600_800.png,13hea_20211228_164048_8673408074_600_800_mask.png,Liters (ML)
8,2,16,5,406,650,422,655,406,650,422,650,422,655,406,655,text,figure_text,figure_1,,,,13hea_20211228_164048_8673408074_600_800.png,/scratch/parceirosbr/bigoilict/share/BigOil/document_generator/datasets/documents_2021_12_28/13hea_20211228_164048_8673408074_600_800.png,13hea_20211228_164048_8673408074_600_800_mask.png,-2264.5
8,2,16,5,406,650,422,655,406,650,422,650,422,655,406,655,sub_line_text,figure_text,figure_1,,,,13hea_20211228_164048_8673408074_600_800.png,/scratch/parceirosbr/bigoilict/share/BigOil/document_generator/datasets/documents_2021_12_28/13hea_20211228_164048_8673408074_600_800.png,13hea_20211228_164048_8673408074_600_800_mask.png,-2264.5
9,2,18,5,362,594,380,599,362,594,380,594,380,599,362,599,text,figure_text,figure_1,,,,13hea_20211228_164048_8673408074_600_800.png,/scratch/parceirosbr/bigoilict/share/BigOil/document_generator/datasets/documents_2021_12_28/13hea_20211228_164048_8673408074_600_800.png,13hea_20211228_164048_8673408074_600_800_mask.png,-1772.40
9,2,18,5,362,594,380,599,362,594,380,594,380,599,362,599,sub_line_text,figure_text,figure_1,,,,13hea_20211228_164048_8673408074_600_800.png,/scratch/parceirosbr/bigoilict/share/BigOil/document_generator/datasets/documents_2021_12_28/13hea_20211228_164048_8673408074_600_800.png,13hea_20211228_164048_8673408074_600_800_mask.png,-1772.40
14,2,28,5,380,607,408,612,380,607,408,607,408,612,380,612,text,figure_text,figure_1,,,,13hea_20211228_164048_8673408074_600_800.png,/scratch/parceirosbr/bigoilict/share/BigOil/document_generator/datasets/documents_2021_12_28/13hea_20211228_164048_8673408074_600_800.png,13hea_20211228_164048_8673408074_600_800_mask.png,Demand [TB]
14,2,28,5,380,607,408,612,380,607,408,607,408,612,380,612,sub_line_text,figure_text,figure_1,,,,13hea_20211228_164048_8673408074_600_800.png,/scratch/parceirosbr/bigoilict/share/BigOil/document_generator/datasets/documents_2021_12_28/13hea_20211228_164048_8673408074_600_800.png,13hea_20211228_164048_8673408074_600_800_mask.png,Demand [TB]
4,2,9,5,434,609,443,614,434,609,443,609,443,614,434,614,text,figure_text,figure_1,,,,13hea_20211228_164048_8673408074_600_800.png,/scratch/parceirosbr/bigoilict/share/BigOil/document_generator/datasets/documents_2021_12_28/13hea_20211228_164048_8673408074_600_800.png,13hea_20211228_164048_8673408074_600_800_mask.png,Rate
4,2,9,5,434,609,443,614,434,609,443,609,443,614,434,614,sub_line_text,figure_text,figure_1,,,,13hea_20211228_164048_8673408074_600_800.png,/scratch/parceirosbr/bigoilict/share/BigOil/document_generator/datasets/documents_2021_12_28/13hea_20211228_164048_8673408074_600_800.png,13hea_20211228_164048_8673408074_600_800_mask.png,Rate
9,3,19,6,436,625,455,631,436,625,455,625,455,631,436,631,text,figure_text,figure_1,,,,13hea_20211228_164048_8673408074_600_800.png,/scratch/parceirosbr/bigoilict/share/BigOil/document_generator/datasets/documents_2021_12_28/13hea_20211228_164048_8673408074_600_800.png,13hea_20211228_164048_8673408074_600_800_mask.png,Level (kl)
9,3,19,6,436,625,455,631,436,625,455,625,455,631,436,631,sub_line_text,figure_text,figure_1,,,,13hea_20211228_164048_8673408074_600_800.png,/scratch/parceirosbr/bigoilict/share/BigOil/document_generator/datasets/documents_2021_12_28/13hea_20211228_164048_8673408074_600_800.png,13hea_20211228_164048_8673408074_600_800_mask.png,Level (kl)
7,2,15,5,370,665,385,670,370,665,385,665,385,670,370,670,text,figure_text,figure_1,,,,13hea_20211228_164048_8673408074_600_800.png,/scratch/parceirosbr/bigoilict/share/BigOil/document_generator/datasets/documents_2021_12_28/13hea_20211228_164048_8673408074_600_800.png,13hea_20211228_164048_8673408074_600_800_mask.png,-8804%
7,2,15,5,370,665,385,670,370,665,385,665,385,670,370,670,sub_line_text,figure_text,figure_1,,,,13hea_20211228_164048_8673408074_600_800.png,/scratch/parceirosbr/bigoilict/share/BigOil/document_generator/datasets/documents_2021_12_28/13hea_20211228_164048_8673408074_600_800.png,13hea_20211228_164048_8673408074_600_800_mask.png,-8804%
75,3,151,7,54,575,205,582,54,575,205,575,205,582,54,582,sub_line_text,figure_legend,figure_1,times,italic,6,13hea_20211228_164048_8673408074_600_800.png,/scratch/parceirosbr/bigoilict/share/BigOil/document_generator/datasets/documents_2021_12_28/13hea_20211228_164048_8673408074_600_800.png,13hea_20211228_164048_8673408074_600_800_mask.png,Fig.   65:      Os   resultados  obtidos  em  termos  de  dis-
75,3,150,7,54,587,204,594,54,587,204,587,204,594,54,594,sub_line_text,figure_legend,figure_1,times,italic,6,13hea_20211228_164048_8673408074_600_800.png,/scratch/parceirosbr/bigoilict/share/BigOil/document_generator/datasets/documents_2021_12_28/13hea_20211228_164048_8673408074_600_800.png,13hea_20211228_164048_8673408074_600_800_mask.png,tribuição  da  tensão  de  von  para  colisão  a da distânc-
75,3,151,7,54,599,205,606,54,599,205,599,205,606,54,606,sub_line_text,figure_legend,figure_1,times,italic,6,13hea_20211228_164048_8673408074_600_800.png,/scratch/parceirosbr/bigoilict/share/BigOil/document_generator/datasets/documents_2021_12_28/13hea_20211228_164048_8673408074_600_800.png,13hea_20211228_164048_8673408074_600_800_mask.png,ia   entre   reforços   (centro   do   painel)  com  profundi-
11,3,22,7,54,611,76,618,54,611,76,611,76,618,54,618,sub_line_text,figure_legend,figure_1,times,italic,6,13hea_20211228_164048_8673408074_600_800.png,/scratch/parceirosbr/bigoilict/share/BigOil/document_generator/datasets/documents_2021_12_28/13hea_20211228_164048_8673408074_600_800.png,13hea_20211228_164048_8673408074_600_800_mask.png,dades de
75,21,151,43,54,575,205,618,54,575,205,575,205,618,54,618,text,figure_legend,figure_1,times,italic,6,13hea_20211228_164048_8673408074_600_800.png,/scratch/parceirosbr/bigoilict/share/BigOil/document_generator/datasets/documents_2021_12_28/13hea_20211228_164048_8673408074_600_800.png,13hea_20211228_164048_8673408074_600_800_mask.png,nan
223,4,446,9,84,687,530,696,84,687,530,687,530,696,84,696,sub_line_text,text,text_0,times,regular,7,13hea_20211228_164048_8673408074_600_800.png,/scratch/parceirosbr/bigoilict/share/BigOil/document_generator/datasets/documents_2021_12_28/13hea_20211228_164048_8673408074_600_800.png,13hea_20211228_164048_8673408074_600_800_mask.png,"This is because the injected water is responsible for sweeping the reservoir, displacing the oil towards the producing wells, a process recognized as do."
223,4,446,9,84,687,530,696,84,687,530,687,530,696,84,696,text,text,text_0,times,regular,7,13hea_20211228_164048_8673408074_600_800.png,/scratch/parceirosbr/bigoilict/share/BigOil/document_generator/datasets/documents_2021_12_28/13hea_20211228_164048_8673408074_600_800.png,13hea_20211228_164048_8673408074_600_800_mask.png,nan
