center_x,center_y,width,height,xmin,ymin,xmax,ymax,top_left_x,top_left_y,top_right_x,top_right_y,bottom_right_x,bottom_right_y,bottom_left_x,bottom_left_y,label,grouplabel,group,text_font,text_style,size_font,filename,path,filename_mask,content
300,400,600,800,0,0,600,800,0,0,600,0,600,800,0,800,document,,,,,,13hea_20211228_164033_8617598929_600_800.png,/scratch/parceirosbr/bigoilict/share/BigOil/document_generator/datasets/documents_2021_12_28/13hea_20211228_164033_8617598929_600_800.png,13hea_20211228_164033_8617598929_600_800_mask.png,
247,1,495,2,65,126,560,128,65,126,560,126,560,128,65,128,line,line,line,,,,13hea_20211228_164033_8617598929_600_800.png,/scratch/parceirosbr/bigoilict/share/BigOil/document_generator/datasets/documents_2021_12_28/13hea_20211228_164033_8617598929_600_800.png,13hea_20211228_164033_8617598929_600_800_mask.png,nan
28,4,56,9,502,88,558,97,502,88,558,88,558,97,502,97,sub_line_text,header,header_1,times,regular,7,13hea_20211228_164033_8617598929_600_800.png,/scratch/parceirosbr/bigoilict/share/BigOil/document_generator/datasets/documents_2021_12_28/13hea_20211228_164033_8617598929_600_800.png,13hea_20211228_164033_8617598929_600_800_mask.png,"Contudo, antes do"
28,4,56,9,502,88,558,97,502,88,558,88,558,97,502,97,text,header,header_1,times,regular,7,13hea_20211228_164033_8617598929_600_800.png,/scratch/parceirosbr/bigoilict/share/BigOil/document_generator/datasets/documents_2021_12_28/13hea_20211228_164033_8617598929_600_800.png,13hea_20211228_164033_8617598929_600_800_mask.png,nan
36,15,73,31,99,88,172,119,99,88,172,88,172,119,99,119,image,image,image,,,,13hea_20211228_164033_8617598929_600_800.png,/scratch/parceirosbr/bigoilict/share/BigOil/document_generator/datasets/documents_2021_12_28/13hea_20211228_164033_8617598929_600_800.png,13hea_20211228_164033_8617598929_600_800_mask.png,/scratch/parceirosbr/bigoilict/share/BigOil/document_generator/files_images_document_generator/logos\image_90.jpg
136,168,272,336,271,136,543,472,271,136,543,136,543,472,271,472,table,table_image,table_0,,,,13hea_20211228_164033_8617598929_600_800.png,/scratch/parceirosbr/bigoilict/share/BigOil/document_generator/datasets/documents_2021_12_28/13hea_20211228_164033_8617598929_600_800.png,13hea_20211228_164033_8617598929_600_800_mask.png,output/gen_tab_20211228_164035_3542170927.png
12,3,25,7,304,143,329,150,304,143,329,143,329,150,304,150,text,table_text,table_0,arial,regular,7.0,13hea_20211228_164033_8617598929_600_800.png,/scratch/parceirosbr/bigoilict/share/BigOil/document_generator/datasets/documents_2021_12_28/13hea_20211228_164033_8617598929_600_800.png,13hea_20211228_164033_8617598929_600_800_mask.png,decisão
12,3,25,7,304,143,329,150,304,143,329,143,329,150,304,150,sub_line_text,table_text,table_0,arial,regular,7.0,13hea_20211228_164033_8617598929_600_800.png,/scratch/parceirosbr/bigoilict/share/BigOil/document_generator/datasets/documents_2021_12_28/13hea_20211228_164033_8617598929_600_800.png,13hea_20211228_164033_8617598929_600_800_mask.png,decisão
14,3,29,7,301,159,330,166,301,159,330,159,330,166,301,166,text,table_text,table_0,arial,regular,7.0,13hea_20211228_164033_8617598929_600_800.png,/scratch/parceirosbr/bigoilict/share/BigOil/document_generator/datasets/documents_2021_12_28/13hea_20211228_164033_8617598929_600_800.png,13hea_20211228_164033_8617598929_600_800_mask.png,235786.8
14,3,29,7,301,159,330,166,301,159,330,159,330,166,301,166,sub_line_text,table_text,table_0,arial,regular,7.0,13hea_20211228_164033_8617598929_600_800.png,/scratch/parceirosbr/bigoilict/share/BigOil/document_generator/datasets/documents_2021_12_28/13hea_20211228_164033_8617598929_600_800.png,13hea_20211228_164033_8617598929_600_800_mask.png,235786.8
16,3,32,7,297,169,329,176,297,169,329,169,329,176,297,176,text,table_text,table_0,arial,regular,7.0,13hea_20211228_164033_8617598929_600_800.png,/scratch/parceirosbr/bigoilict/share/BigOil/document_generator/datasets/documents_2021_12_28/13hea_20211228_164033_8617598929_600_800.png,13hea_20211228_164033_8617598929_600_800_mask.png,8086612.7
16,3,32,7,297,169,329,176,297,169,329,169,329,176,297,176,sub_line_text,table_text,table_0,arial,regular,7.0,13hea_20211228_164033_8617598929_600_800.png,/scratch/parceirosbr/bigoilict/share/BigOil/document_generator/datasets/documents_2021_12_28/13hea_20211228_164033_8617598929_600_800.png,13hea_20211228_164033_8617598929_600_800_mask.png,8086612.7
12,3,25,7,304,180,329,187,304,180,329,180,329,187,304,187,text,table_text,table_0,arial,regular,7.0,13hea_20211228_164033_8617598929_600_800.png,/scratch/parceirosbr/bigoilict/share/BigOil/document_generator/datasets/documents_2021_12_28/13hea_20211228_164033_8617598929_600_800.png,13hea_20211228_164033_8617598929_600_800_mask.png,22302.9
12,3,25,7,304,180,329,187,304,180,329,180,329,187,304,187,sub_line_text,table_text,table_0,arial,regular,7.0,13hea_20211228_164033_8617598929_600_800.png,/scratch/parceirosbr/bigoilict/share/BigOil/document_generator/datasets/documents_2021_12_28/13hea_20211228_164033_8617598929_600_800.png,13hea_20211228_164033_8617598929_600_800_mask.png,22302.9
16,3,32,7,297,191,329,198,297,191,329,191,329,198,297,198,text,table_text,table_0,arial,regular,7.0,13hea_20211228_164033_8617598929_600_800.png,/scratch/parceirosbr/bigoilict/share/BigOil/document_generator/datasets/documents_2021_12_28/13hea_20211228_164033_8617598929_600_800.png,13hea_20211228_164033_8617598929_600_800_mask.png,1375754.8
16,3,32,7,297,191,329,198,297,191,329,191,329,198,297,198,sub_line_text,table_text,table_0,arial,regular,7.0,13hea_20211228_164033_8617598929_600_800.png,/scratch/parceirosbr/bigoilict/share/BigOil/document_generator/datasets/documents_2021_12_28/13hea_20211228_164033_8617598929_600_800.png,13hea_20211228_164033_8617598929_600_800_mask.png,1375754.8
16,3,32,7,297,202,329,209,297,202,329,202,329,209,297,209,text,table_text,table_0,arial,regular,7.0,13hea_20211228_164033_8617598929_600_800.png,/scratch/parceirosbr/bigoilict/share/BigOil/document_generator/datasets/documents_2021_12_28/13hea_20211228_164033_8617598929_600_800.png,13hea_20211228_164033_8617598929_600_800_mask.png,5292958.5
16,3,32,7,297,202,329,209,297,202,329,202,329,209,297,209,sub_line_text,table_text,table_0,arial,regular,7.0,13hea_20211228_164033_8617598929_600_800.png,/scratch/parceirosbr/bigoilict/share/BigOil/document_generator/datasets/documents_2021_12_28/13hea_20211228_164033_8617598929_600_800.png,13hea_20211228_164033_8617598929_600_800_mask.png,5292958.5
12,3,25,7,304,212,329,219,304,212,329,212,329,219,304,219,text,table_text,table_0,arial,regular,7.0,13hea_20211228_164033_8617598929_600_800.png,/scratch/parceirosbr/bigoilict/share/BigOil/document_generator/datasets/documents_2021_12_28/13hea_20211228_164033_8617598929_600_800.png,13hea_20211228_164033_8617598929_600_800_mask.png,27396.6
12,3,25,7,304,212,329,219,304,212,329,212,329,219,304,219,sub_line_text,table_text,table_0,arial,regular,7.0,13hea_20211228_164033_8617598929_600_800.png,/scratch/parceirosbr/bigoilict/share/BigOil/document_generator/datasets/documents_2021_12_28/13hea_20211228_164033_8617598929_600_800.png,13hea_20211228_164033_8617598929_600_800_mask.png,27396.6
14,3,29,7,301,223,330,230,301,223,330,223,330,230,301,230,text,table_text,table_0,arial,regular,7.0,13hea_20211228_164033_8617598929_600_800.png,/scratch/parceirosbr/bigoilict/share/BigOil/document_generator/datasets/documents_2021_12_28/13hea_20211228_164033_8617598929_600_800.png,13hea_20211228_164033_8617598929_600_800_mask.png,269451.5
14,3,29,7,301,223,330,230,301,223,330,223,330,230,301,230,sub_line_text,table_text,table_0,arial,regular,7.0,13hea_20211228_164033_8617598929_600_800.png,/scratch/parceirosbr/bigoilict/share/BigOil/document_generator/datasets/documents_2021_12_28/13hea_20211228_164033_8617598929_600_800.png,13hea_20211228_164033_8617598929_600_800_mask.png,269451.5
12,3,25,7,304,234,329,241,304,234,329,234,329,241,304,241,text,table_text,table_0,arial,regular,7.0,13hea_20211228_164033_8617598929_600_800.png,/scratch/parceirosbr/bigoilict/share/BigOil/document_generator/datasets/documents_2021_12_28/13hea_20211228_164033_8617598929_600_800.png,13hea_20211228_164033_8617598929_600_800_mask.png,84101.0
12,3,25,7,304,234,329,241,304,234,329,234,329,241,304,241,sub_line_text,table_text,table_0,arial,regular,7.0,13hea_20211228_164033_8617598929_600_800.png,/scratch/parceirosbr/bigoilict/share/BigOil/document_generator/datasets/documents_2021_12_28/13hea_20211228_164033_8617598929_600_800.png,13hea_20211228_164033_8617598929_600_800_mask.png,84101.0
12,3,25,7,304,244,329,251,304,244,329,244,329,251,304,251,text,table_text,table_0,arial,regular,7.0,13hea_20211228_164033_8617598929_600_800.png,/scratch/parceirosbr/bigoilict/share/BigOil/document_generator/datasets/documents_2021_12_28/13hea_20211228_164033_8617598929_600_800.png,13hea_20211228_164033_8617598929_600_800_mask.png,89564.2
12,3,25,7,304,244,329,251,304,244,329,244,329,251,304,251,sub_line_text,table_text,table_0,arial,regular,7.0,13hea_20211228_164033_8617598929_600_800.png,/scratch/parceirosbr/bigoilict/share/BigOil/document_generator/datasets/documents_2021_12_28/13hea_20211228_164033_8617598929_600_800.png,13hea_20211228_164033_8617598929_600_800_mask.png,89564.2
16,3,32,7,297,255,329,262,297,255,329,255,329,262,297,262,text,table_text,table_0,arial,regular,7.0,13hea_20211228_164033_8617598929_600_800.png,/scratch/parceirosbr/bigoilict/share/BigOil/document_generator/datasets/documents_2021_12_28/13hea_20211228_164033_8617598929_600_800.png,13hea_20211228_164033_8617598929_600_800_mask.png,2278316.7
16,3,32,7,297,255,329,262,297,255,329,255,329,262,297,262,sub_line_text,table_text,table_0,arial,regular,7.0,13hea_20211228_164033_8617598929_600_800.png,/scratch/parceirosbr/bigoilict/share/BigOil/document_generator/datasets/documents_2021_12_28/13hea_20211228_164033_8617598929_600_800.png,13hea_20211228_164033_8617598929_600_800_mask.png,2278316.7
16,3,32,7,297,266,329,273,297,266,329,266,329,273,297,273,text,table_text,table_0,arial,regular,7.0,13hea_20211228_164033_8617598929_600_800.png,/scratch/parceirosbr/bigoilict/share/BigOil/document_generator/datasets/documents_2021_12_28/13hea_20211228_164033_8617598929_600_800.png,13hea_20211228_164033_8617598929_600_800_mask.png,6417621.9
16,3,32,7,297,266,329,273,297,266,329,266,329,273,297,273,sub_line_text,table_text,table_0,arial,regular,7.0,13hea_20211228_164033_8617598929_600_800.png,/scratch/parceirosbr/bigoilict/share/BigOil/document_generator/datasets/documents_2021_12_28/13hea_20211228_164033_8617598929_600_800.png,13hea_20211228_164033_8617598929_600_800_mask.png,6417621.9
12,3,25,7,304,276,329,283,304,276,329,276,329,283,304,283,text,table_text,table_0,arial,regular,7.0,13hea_20211228_164033_8617598929_600_800.png,/scratch/parceirosbr/bigoilict/share/BigOil/document_generator/datasets/documents_2021_12_28/13hea_20211228_164033_8617598929_600_800.png,13hea_20211228_164033_8617598929_600_800_mask.png,27604.9
12,3,25,7,304,276,329,283,304,276,329,276,329,283,304,283,sub_line_text,table_text,table_0,arial,regular,7.0,13hea_20211228_164033_8617598929_600_800.png,/scratch/parceirosbr/bigoilict/share/BigOil/document_generator/datasets/documents_2021_12_28/13hea_20211228_164033_8617598929_600_800.png,13hea_20211228_164033_8617598929_600_800_mask.png,27604.9
14,3,29,7,301,287,330,294,301,287,330,287,330,294,301,294,text,table_text,table_0,arial,regular,7.0,13hea_20211228_164033_8617598929_600_800.png,/scratch/parceirosbr/bigoilict/share/BigOil/document_generator/datasets/documents_2021_12_28/13hea_20211228_164033_8617598929_600_800.png,13hea_20211228_164033_8617598929_600_800_mask.png,711493.5
14,3,29,7,301,287,330,294,301,287,330,287,330,294,301,294,sub_line_text,table_text,table_0,arial,regular,7.0,13hea_20211228_164033_8617598929_600_800.png,/scratch/parceirosbr/bigoilict/share/BigOil/document_generator/datasets/documents_2021_12_28/13hea_20211228_164033_8617598929_600_800.png,13hea_20211228_164033_8617598929_600_800_mask.png,711493.5
12,3,25,7,304,298,329,305,304,298,329,298,329,305,304,305,text,table_text,table_0,arial,regular,7.0,13hea_20211228_164033_8617598929_600_800.png,/scratch/parceirosbr/bigoilict/share/BigOil/document_generator/datasets/documents_2021_12_28/13hea_20211228_164033_8617598929_600_800.png,13hea_20211228_164033_8617598929_600_800_mask.png,16272.2
12,3,25,7,304,298,329,305,304,298,329,298,329,305,304,305,sub_line_text,table_text,table_0,arial,regular,7.0,13hea_20211228_164033_8617598929_600_800.png,/scratch/parceirosbr/bigoilict/share/BigOil/document_generator/datasets/documents_2021_12_28/13hea_20211228_164033_8617598929_600_800.png,13hea_20211228_164033_8617598929_600_800_mask.png,16272.2
14,3,29,7,301,308,330,315,301,308,330,308,330,315,301,315,text,table_text,table_0,arial,regular,7.0,13hea_20211228_164033_8617598929_600_800.png,/scratch/parceirosbr/bigoilict/share/BigOil/document_generator/datasets/documents_2021_12_28/13hea_20211228_164033_8617598929_600_800.png,13hea_20211228_164033_8617598929_600_800_mask.png,572884.1
14,3,29,7,301,308,330,315,301,308,330,308,330,315,301,315,sub_line_text,table_text,table_0,arial,regular,7.0,13hea_20211228_164033_8617598929_600_800.png,/scratch/parceirosbr/bigoilict/share/BigOil/document_generator/datasets/documents_2021_12_28/13hea_20211228_164033_8617598929_600_800.png,13hea_20211228_164033_8617598929_600_800_mask.png,572884.1
14,3,29,7,301,319,330,326,301,319,330,319,330,326,301,326,text,table_text,table_0,arial,regular,7.0,13hea_20211228_164033_8617598929_600_800.png,/scratch/parceirosbr/bigoilict/share/BigOil/document_generator/datasets/documents_2021_12_28/13hea_20211228_164033_8617598929_600_800.png,13hea_20211228_164033_8617598929_600_800_mask.png,793593.1
14,3,29,7,301,319,330,326,301,319,330,319,330,326,301,326,sub_line_text,table_text,table_0,arial,regular,7.0,13hea_20211228_164033_8617598929_600_800.png,/scratch/parceirosbr/bigoilict/share/BigOil/document_generator/datasets/documents_2021_12_28/13hea_20211228_164033_8617598929_600_800.png,13hea_20211228_164033_8617598929_600_800_mask.png,793593.1
16,3,32,7,297,330,329,337,297,330,329,330,329,337,297,337,text,table_text,table_0,arial,regular,7.0,13hea_20211228_164033_8617598929_600_800.png,/scratch/parceirosbr/bigoilict/share/BigOil/document_generator/datasets/documents_2021_12_28/13hea_20211228_164033_8617598929_600_800.png,13hea_20211228_164033_8617598929_600_800_mask.png,2489112.7
16,3,32,7,297,330,329,337,297,330,329,330,329,337,297,337,sub_line_text,table_text,table_0,arial,regular,7.0,13hea_20211228_164033_8617598929_600_800.png,/scratch/parceirosbr/bigoilict/share/BigOil/document_generator/datasets/documents_2021_12_28/13hea_20211228_164033_8617598929_600_800.png,13hea_20211228_164033_8617598929_600_800_mask.png,2489112.7
16,3,32,7,297,340,329,347,297,340,329,340,329,347,297,347,text,table_text,table_0,arial,regular,7.0,13hea_20211228_164033_8617598929_600_800.png,/scratch/parceirosbr/bigoilict/share/BigOil/document_generator/datasets/documents_2021_12_28/13hea_20211228_164033_8617598929_600_800.png,13hea_20211228_164033_8617598929_600_800_mask.png,3164122.5
16,3,32,7,297,340,329,347,297,340,329,340,329,347,297,347,sub_line_text,table_text,table_0,arial,regular,7.0,13hea_20211228_164033_8617598929_600_800.png,/scratch/parceirosbr/bigoilict/share/BigOil/document_generator/datasets/documents_2021_12_28/13hea_20211228_164033_8617598929_600_800.png,13hea_20211228_164033_8617598929_600_800_mask.png,3164122.5
16,3,32,7,297,351,329,358,297,351,329,351,329,358,297,358,text,table_text,table_0,arial,regular,7.0,13hea_20211228_164033_8617598929_600_800.png,/scratch/parceirosbr/bigoilict/share/BigOil/document_generator/datasets/documents_2021_12_28/13hea_20211228_164033_8617598929_600_800.png,13hea_20211228_164033_8617598929_600_800_mask.png,8145132.2
16,3,32,7,297,351,329,358,297,351,329,351,329,358,297,358,sub_line_text,table_text,table_0,arial,regular,7.0,13hea_20211228_164033_8617598929_600_800.png,/scratch/parceirosbr/bigoilict/share/BigOil/document_generator/datasets/documents_2021_12_28/13hea_20211228_164033_8617598929_600_800.png,13hea_20211228_164033_8617598929_600_800_mask.png,8145132.2
12,3,25,7,304,362,329,369,304,362,329,362,329,369,304,369,text,table_text,table_0,arial,regular,7.0,13hea_20211228_164033_8617598929_600_800.png,/scratch/parceirosbr/bigoilict/share/BigOil/document_generator/datasets/documents_2021_12_28/13hea_20211228_164033_8617598929_600_800.png,13hea_20211228_164033_8617598929_600_800_mask.png,86478.3
12,3,25,7,304,362,329,369,304,362,329,362,329,369,304,369,sub_line_text,table_text,table_0,arial,regular,7.0,13hea_20211228_164033_8617598929_600_800.png,/scratch/parceirosbr/bigoilict/share/BigOil/document_generator/datasets/documents_2021_12_28/13hea_20211228_164033_8617598929_600_800.png,13hea_20211228_164033_8617598929_600_800_mask.png,86478.3
12,3,25,7,304,372,329,379,304,372,329,372,329,379,304,379,text,table_text,table_0,arial,regular,7.0,13hea_20211228_164033_8617598929_600_800.png,/scratch/parceirosbr/bigoilict/share/BigOil/document_generator/datasets/documents_2021_12_28/13hea_20211228_164033_8617598929_600_800.png,13hea_20211228_164033_8617598929_600_800_mask.png,80749.3
12,3,25,7,304,372,329,379,304,372,329,372,329,379,304,379,sub_line_text,table_text,table_0,arial,regular,7.0,13hea_20211228_164033_8617598929_600_800.png,/scratch/parceirosbr/bigoilict/share/BigOil/document_generator/datasets/documents_2021_12_28/13hea_20211228_164033_8617598929_600_800.png,13hea_20211228_164033_8617598929_600_800_mask.png,80749.3
16,3,32,7,297,383,329,390,297,383,329,383,329,390,297,390,text,table_text,table_0,arial,regular,7.0,13hea_20211228_164033_8617598929_600_800.png,/scratch/parceirosbr/bigoilict/share/BigOil/document_generator/datasets/documents_2021_12_28/13hea_20211228_164033_8617598929_600_800.png,13hea_20211228_164033_8617598929_600_800_mask.png,5624954.4
16,3,32,7,297,383,329,390,297,383,329,383,329,390,297,390,sub_line_text,table_text,table_0,arial,regular,7.0,13hea_20211228_164033_8617598929_600_800.png,/scratch/parceirosbr/bigoilict/share/BigOil/document_generator/datasets/documents_2021_12_28/13hea_20211228_164033_8617598929_600_800.png,13hea_20211228_164033_8617598929_600_800_mask.png,5624954.4
16,3,32,7,297,394,329,401,297,394,329,394,329,401,297,401,text,table_text,table_0,arial,regular,7.0,13hea_20211228_164033_8617598929_600_800.png,/scratch/parceirosbr/bigoilict/share/BigOil/document_generator/datasets/documents_2021_12_28/13hea_20211228_164033_8617598929_600_800.png,13hea_20211228_164033_8617598929_600_800_mask.png,8842858.0
16,3,32,7,297,394,329,401,297,394,329,394,329,401,297,401,sub_line_text,table_text,table_0,arial,regular,7.0,13hea_20211228_164033_8617598929_600_800.png,/scratch/parceirosbr/bigoilict/share/BigOil/document_generator/datasets/documents_2021_12_28/13hea_20211228_164033_8617598929_600_800.png,13hea_20211228_164033_8617598929_600_800_mask.png,8842858.0
16,3,32,7,297,404,329,411,297,404,329,404,329,411,297,411,text,table_text,table_0,arial,regular,7.0,13hea_20211228_164033_8617598929_600_800.png,/scratch/parceirosbr/bigoilict/share/BigOil/document_generator/datasets/documents_2021_12_28/13hea_20211228_164033_8617598929_600_800.png,13hea_20211228_164033_8617598929_600_800_mask.png,7385555.3
16,3,32,7,297,404,329,411,297,404,329,404,329,411,297,411,sub_line_text,table_text,table_0,arial,regular,7.0,13hea_20211228_164033_8617598929_600_800.png,/scratch/parceirosbr/bigoilict/share/BigOil/document_generator/datasets/documents_2021_12_28/13hea_20211228_164033_8617598929_600_800.png,13hea_20211228_164033_8617598929_600_800_mask.png,7385555.3
12,3,25,7,304,415,329,422,304,415,329,415,329,422,304,422,text,table_text,table_0,arial,regular,7.0,13hea_20211228_164033_8617598929_600_800.png,/scratch/parceirosbr/bigoilict/share/BigOil/document_generator/datasets/documents_2021_12_28/13hea_20211228_164033_8617598929_600_800.png,13hea_20211228_164033_8617598929_600_800_mask.png,38454.5
12,3,25,7,304,415,329,422,304,415,329,415,329,422,304,422,sub_line_text,table_text,table_0,arial,regular,7.0,13hea_20211228_164033_8617598929_600_800.png,/scratch/parceirosbr/bigoilict/share/BigOil/document_generator/datasets/documents_2021_12_28/13hea_20211228_164033_8617598929_600_800.png,13hea_20211228_164033_8617598929_600_800_mask.png,38454.5
14,3,29,7,301,426,330,433,301,426,330,426,330,433,301,433,text,table_text,table_0,arial,regular,7.0,13hea_20211228_164033_8617598929_600_800.png,/scratch/parceirosbr/bigoilict/share/BigOil/document_generator/datasets/documents_2021_12_28/13hea_20211228_164033_8617598929_600_800.png,13hea_20211228_164033_8617598929_600_800_mask.png,375207.1
14,3,29,7,301,426,330,433,301,426,330,426,330,433,301,433,sub_line_text,table_text,table_0,arial,regular,7.0,13hea_20211228_164033_8617598929_600_800.png,/scratch/parceirosbr/bigoilict/share/BigOil/document_generator/datasets/documents_2021_12_28/13hea_20211228_164033_8617598929_600_800.png,13hea_20211228_164033_8617598929_600_800_mask.png,375207.1
16,3,32,7,297,437,329,444,297,437,329,437,329,444,297,444,text,table_text,table_0,arial,regular,7.0,13hea_20211228_164033_8617598929_600_800.png,/scratch/parceirosbr/bigoilict/share/BigOil/document_generator/datasets/documents_2021_12_28/13hea_20211228_164033_8617598929_600_800.png,13hea_20211228_164033_8617598929_600_800_mask.png,9695263.1
16,3,32,7,297,437,329,444,297,437,329,437,329,444,297,444,sub_line_text,table_text,table_0,arial,regular,7.0,13hea_20211228_164033_8617598929_600_800.png,/scratch/parceirosbr/bigoilict/share/BigOil/document_generator/datasets/documents_2021_12_28/13hea_20211228_164033_8617598929_600_800.png,13hea_20211228_164033_8617598929_600_800_mask.png,9695263.1
14,3,29,7,301,447,330,454,301,447,330,447,330,454,301,454,text,table_text,table_0,arial,regular,7.0,13hea_20211228_164033_8617598929_600_800.png,/scratch/parceirosbr/bigoilict/share/BigOil/document_generator/datasets/documents_2021_12_28/13hea_20211228_164033_8617598929_600_800.png,13hea_20211228_164033_8617598929_600_800_mask.png,662787.9
14,3,29,7,301,447,330,454,301,447,330,447,330,454,301,454,sub_line_text,table_text,table_0,arial,regular,7.0,13hea_20211228_164033_8617598929_600_800.png,/scratch/parceirosbr/bigoilict/share/BigOil/document_generator/datasets/documents_2021_12_28/13hea_20211228_164033_8617598929_600_800.png,13hea_20211228_164033_8617598929_600_800_mask.png,662787.9
14,3,29,7,510,458,539,465,510,458,539,458,539,465,510,465,text,table_text,table_0,arial,italic,7.0,13hea_20211228_164033_8617598929_600_800.png,/scratch/parceirosbr/bigoilict/share/BigOil/document_generator/datasets/documents_2021_12_28/13hea_20211228_164033_8617598929_600_800.png,13hea_20211228_164033_8617598929_600_800_mask.png,449675.1
14,3,29,7,510,458,539,465,510,458,539,458,539,465,510,465,sub_line_text,table_text,table_0,arial,italic,7.0,13hea_20211228_164033_8617598929_600_800.png,/scratch/parceirosbr/bigoilict/share/BigOil/document_generator/datasets/documents_2021_12_28/13hea_20211228_164033_8617598929_600_800.png,13hea_20211228_164033_8617598929_600_800_mask.png,449675.1
8,3,17,7,346,143,363,150,346,143,363,143,363,150,346,150,text,table_text,table_0,arial,regular,7.0,13hea_20211228_164033_8617598929_600_800.png,/scratch/parceirosbr/bigoilict/share/BigOil/document_generator/datasets/documents_2021_12_28/13hea_20211228_164033_8617598929_600_800.png,13hea_20211228_164033_8617598929_600_800_mask.png,spray
8,3,17,7,346,143,363,150,346,143,363,143,363,150,346,150,sub_line_text,table_text,table_0,arial,regular,7.0,13hea_20211228_164033_8617598929_600_800.png,/scratch/parceirosbr/bigoilict/share/BigOil/document_generator/datasets/documents_2021_12_28/13hea_20211228_164033_8617598929_600_800.png,13hea_20211228_164033_8617598929_600_800_mask.png,spray
6,3,13,7,350,159,363,166,350,159,363,159,363,166,350,166,text,table_text,table_0,arial,regular,7.0,13hea_20211228_164033_8617598929_600_800.png,/scratch/parceirosbr/bigoilict/share/BigOil/document_generator/datasets/documents_2021_12_28/13hea_20211228_164033_8617598929_600_800.png,13hea_20211228_164033_8617598929_600_800_mask.png,2.19
6,3,13,7,350,159,363,166,350,159,363,159,363,166,350,166,sub_line_text,table_text,table_0,arial,regular,7.0,13hea_20211228_164033_8617598929_600_800.png,/scratch/parceirosbr/bigoilict/share/BigOil/document_generator/datasets/documents_2021_12_28/13hea_20211228_164033_8617598929_600_800.png,13hea_20211228_164033_8617598929_600_800_mask.png,2.19
10,3,21,7,342,169,363,176,342,169,363,169,363,176,342,176,text,table_text,table_0,arial,regular,7.0,13hea_20211228_164033_8617598929_600_800.png,/scratch/parceirosbr/bigoilict/share/BigOil/document_generator/datasets/documents_2021_12_28/13hea_20211228_164033_8617598929_600_800.png,13hea_20211228_164033_8617598929_600_800_mask.png,343.50
10,3,21,7,342,169,363,176,342,169,363,169,363,176,342,176,sub_line_text,table_text,table_0,arial,regular,7.0,13hea_20211228_164033_8617598929_600_800.png,/scratch/parceirosbr/bigoilict/share/BigOil/document_generator/datasets/documents_2021_12_28/13hea_20211228_164033_8617598929_600_800.png,13hea_20211228_164033_8617598929_600_800_mask.png,343.50
8,3,17,7,346,180,363,187,346,180,363,180,363,187,346,187,text,table_text,table_0,arial,regular,7.0,13hea_20211228_164033_8617598929_600_800.png,/scratch/parceirosbr/bigoilict/share/BigOil/document_generator/datasets/documents_2021_12_28/13hea_20211228_164033_8617598929_600_800.png,13hea_20211228_164033_8617598929_600_800_mask.png,51.11
8,3,17,7,346,180,363,187,346,180,363,180,363,187,346,187,sub_line_text,table_text,table_0,arial,regular,7.0,13hea_20211228_164033_8617598929_600_800.png,/scratch/parceirosbr/bigoilict/share/BigOil/document_generator/datasets/documents_2021_12_28/13hea_20211228_164033_8617598929_600_800.png,13hea_20211228_164033_8617598929_600_800_mask.png,51.11
10,3,21,7,342,191,363,198,342,191,363,191,363,198,342,198,text,table_text,table_0,arial,regular,7.0,13hea_20211228_164033_8617598929_600_800.png,/scratch/parceirosbr/bigoilict/share/BigOil/document_generator/datasets/documents_2021_12_28/13hea_20211228_164033_8617598929_600_800.png,13hea_20211228_164033_8617598929_600_800_mask.png,287.69
10,3,21,7,342,191,363,198,342,191,363,191,363,198,342,198,sub_line_text,table_text,table_0,arial,regular,7.0,13hea_20211228_164033_8617598929_600_800.png,/scratch/parceirosbr/bigoilict/share/BigOil/document_generator/datasets/documents_2021_12_28/13hea_20211228_164033_8617598929_600_800.png,13hea_20211228_164033_8617598929_600_800_mask.png,287.69
8,3,17,7,346,202,363,209,346,202,363,202,363,209,346,209,text,table_text,table_0,arial,regular,7.0,13hea_20211228_164033_8617598929_600_800.png,/scratch/parceirosbr/bigoilict/share/BigOil/document_generator/datasets/documents_2021_12_28/13hea_20211228_164033_8617598929_600_800.png,13hea_20211228_164033_8617598929_600_800_mask.png,94.33
8,3,17,7,346,202,363,209,346,202,363,202,363,209,346,209,sub_line_text,table_text,table_0,arial,regular,7.0,13hea_20211228_164033_8617598929_600_800.png,/scratch/parceirosbr/bigoilict/share/BigOil/document_generator/datasets/documents_2021_12_28/13hea_20211228_164033_8617598929_600_800.png,13hea_20211228_164033_8617598929_600_800_mask.png,94.33
6,3,13,7,350,212,363,219,350,212,363,212,363,219,350,219,text,table_text,table_0,arial,regular,7.0,13hea_20211228_164033_8617598929_600_800.png,/scratch/parceirosbr/bigoilict/share/BigOil/document_generator/datasets/documents_2021_12_28/13hea_20211228_164033_8617598929_600_800.png,13hea_20211228_164033_8617598929_600_800_mask.png,6.75
6,3,13,7,350,212,363,219,350,212,363,212,363,219,350,219,sub_line_text,table_text,table_0,arial,regular,7.0,13hea_20211228_164033_8617598929_600_800.png,/scratch/parceirosbr/bigoilict/share/BigOil/document_generator/datasets/documents_2021_12_28/13hea_20211228_164033_8617598929_600_800.png,13hea_20211228_164033_8617598929_600_800_mask.png,6.75
10,3,21,7,342,223,363,230,342,223,363,223,363,230,342,230,text,table_text,table_0,arial,regular,7.0,13hea_20211228_164033_8617598929_600_800.png,/scratch/parceirosbr/bigoilict/share/BigOil/document_generator/datasets/documents_2021_12_28/13hea_20211228_164033_8617598929_600_800.png,13hea_20211228_164033_8617598929_600_800_mask.png,515.11
10,3,21,7,342,223,363,230,342,223,363,223,363,230,342,230,sub_line_text,table_text,table_0,arial,regular,7.0,13hea_20211228_164033_8617598929_600_800.png,/scratch/parceirosbr/bigoilict/share/BigOil/document_generator/datasets/documents_2021_12_28/13hea_20211228_164033_8617598929_600_800.png,13hea_20211228_164033_8617598929_600_800_mask.png,515.11
10,3,21,7,342,234,363,241,342,234,363,234,363,241,342,241,text,table_text,table_0,arial,regular,7.0,13hea_20211228_164033_8617598929_600_800.png,/scratch/parceirosbr/bigoilict/share/BigOil/document_generator/datasets/documents_2021_12_28/13hea_20211228_164033_8617598929_600_800.png,13hea_20211228_164033_8617598929_600_800_mask.png,849.59
10,3,21,7,342,234,363,241,342,234,363,234,363,241,342,241,sub_line_text,table_text,table_0,arial,regular,7.0,13hea_20211228_164033_8617598929_600_800.png,/scratch/parceirosbr/bigoilict/share/BigOil/document_generator/datasets/documents_2021_12_28/13hea_20211228_164033_8617598929_600_800.png,13hea_20211228_164033_8617598929_600_800_mask.png,849.59
8,3,17,7,346,244,363,251,346,244,363,244,363,251,346,251,text,table_text,table_0,arial,regular,7.0,13hea_20211228_164033_8617598929_600_800.png,/scratch/parceirosbr/bigoilict/share/BigOil/document_generator/datasets/documents_2021_12_28/13hea_20211228_164033_8617598929_600_800.png,13hea_20211228_164033_8617598929_600_800_mask.png,14.90
8,3,17,7,346,244,363,251,346,244,363,244,363,251,346,251,sub_line_text,table_text,table_0,arial,regular,7.0,13hea_20211228_164033_8617598929_600_800.png,/scratch/parceirosbr/bigoilict/share/BigOil/document_generator/datasets/documents_2021_12_28/13hea_20211228_164033_8617598929_600_800.png,13hea_20211228_164033_8617598929_600_800_mask.png,14.90
6,3,13,7,350,255,363,262,350,255,363,255,363,262,350,262,text,table_text,table_0,arial,regular,7.0,13hea_20211228_164033_8617598929_600_800.png,/scratch/parceirosbr/bigoilict/share/BigOil/document_generator/datasets/documents_2021_12_28/13hea_20211228_164033_8617598929_600_800.png,13hea_20211228_164033_8617598929_600_800_mask.png,2.82
6,3,13,7,350,255,363,262,350,255,363,255,363,262,350,262,sub_line_text,table_text,table_0,arial,regular,7.0,13hea_20211228_164033_8617598929_600_800.png,/scratch/parceirosbr/bigoilict/share/BigOil/document_generator/datasets/documents_2021_12_28/13hea_20211228_164033_8617598929_600_800.png,13hea_20211228_164033_8617598929_600_800_mask.png,2.82
6,3,13,7,350,266,363,273,350,266,363,266,363,273,350,273,text,table_text,table_0,arial,regular,7.0,13hea_20211228_164033_8617598929_600_800.png,/scratch/parceirosbr/bigoilict/share/BigOil/document_generator/datasets/documents_2021_12_28/13hea_20211228_164033_8617598929_600_800.png,13hea_20211228_164033_8617598929_600_800_mask.png,4.43
6,3,13,7,350,266,363,273,350,266,363,266,363,273,350,273,sub_line_text,table_text,table_0,arial,regular,7.0,13hea_20211228_164033_8617598929_600_800.png,/scratch/parceirosbr/bigoilict/share/BigOil/document_generator/datasets/documents_2021_12_28/13hea_20211228_164033_8617598929_600_800.png,13hea_20211228_164033_8617598929_600_800_mask.png,4.43
8,3,17,7,346,276,363,283,346,276,363,276,363,283,346,283,text,table_text,table_0,arial,regular,7.0,13hea_20211228_164033_8617598929_600_800.png,/scratch/parceirosbr/bigoilict/share/BigOil/document_generator/datasets/documents_2021_12_28/13hea_20211228_164033_8617598929_600_800.png,13hea_20211228_164033_8617598929_600_800_mask.png,39.75
8,3,17,7,346,276,363,283,346,276,363,276,363,283,346,283,sub_line_text,table_text,table_0,arial,regular,7.0,13hea_20211228_164033_8617598929_600_800.png,/scratch/parceirosbr/bigoilict/share/BigOil/document_generator/datasets/documents_2021_12_28/13hea_20211228_164033_8617598929_600_800.png,13hea_20211228_164033_8617598929_600_800_mask.png,39.75
6,3,13,7,350,287,363,294,350,287,363,287,363,294,350,294,text,table_text,table_0,arial,regular,7.0,13hea_20211228_164033_8617598929_600_800.png,/scratch/parceirosbr/bigoilict/share/BigOil/document_generator/datasets/documents_2021_12_28/13hea_20211228_164033_8617598929_600_800.png,13hea_20211228_164033_8617598929_600_800_mask.png,8.87
6,3,13,7,350,287,363,294,350,287,363,287,363,294,350,294,sub_line_text,table_text,table_0,arial,regular,7.0,13hea_20211228_164033_8617598929_600_800.png,/scratch/parceirosbr/bigoilict/share/BigOil/document_generator/datasets/documents_2021_12_28/13hea_20211228_164033_8617598929_600_800.png,13hea_20211228_164033_8617598929_600_800_mask.png,8.87
8,3,17,7,346,298,363,305,346,298,363,298,363,305,346,305,text,table_text,table_0,arial,regular,7.0,13hea_20211228_164033_8617598929_600_800.png,/scratch/parceirosbr/bigoilict/share/BigOil/document_generator/datasets/documents_2021_12_28/13hea_20211228_164033_8617598929_600_800.png,13hea_20211228_164033_8617598929_600_800_mask.png,11.07
8,3,17,7,346,298,363,305,346,298,363,298,363,305,346,305,sub_line_text,table_text,table_0,arial,regular,7.0,13hea_20211228_164033_8617598929_600_800.png,/scratch/parceirosbr/bigoilict/share/BigOil/document_generator/datasets/documents_2021_12_28/13hea_20211228_164033_8617598929_600_800.png,13hea_20211228_164033_8617598929_600_800_mask.png,11.07
6,3,13,7,350,308,363,315,350,308,363,308,363,315,350,315,text,table_text,table_0,arial,regular,7.0,13hea_20211228_164033_8617598929_600_800.png,/scratch/parceirosbr/bigoilict/share/BigOil/document_generator/datasets/documents_2021_12_28/13hea_20211228_164033_8617598929_600_800.png,13hea_20211228_164033_8617598929_600_800_mask.png,3.86
6,3,13,7,350,308,363,315,350,308,363,308,363,315,350,315,sub_line_text,table_text,table_0,arial,regular,7.0,13hea_20211228_164033_8617598929_600_800.png,/scratch/parceirosbr/bigoilict/share/BigOil/document_generator/datasets/documents_2021_12_28/13hea_20211228_164033_8617598929_600_800.png,13hea_20211228_164033_8617598929_600_800_mask.png,3.86
8,3,17,7,346,319,363,326,346,319,363,319,363,326,346,326,text,table_text,table_0,arial,regular,7.0,13hea_20211228_164033_8617598929_600_800.png,/scratch/parceirosbr/bigoilict/share/BigOil/document_generator/datasets/documents_2021_12_28/13hea_20211228_164033_8617598929_600_800.png,13hea_20211228_164033_8617598929_600_800_mask.png,65.55
8,3,17,7,346,319,363,326,346,319,363,319,363,326,346,326,sub_line_text,table_text,table_0,arial,regular,7.0,13hea_20211228_164033_8617598929_600_800.png,/scratch/parceirosbr/bigoilict/share/BigOil/document_generator/datasets/documents_2021_12_28/13hea_20211228_164033_8617598929_600_800.png,13hea_20211228_164033_8617598929_600_800_mask.png,65.55
10,3,21,7,342,330,363,337,342,330,363,330,363,337,342,337,text,table_text,table_0,arial,regular,7.0,13hea_20211228_164033_8617598929_600_800.png,/scratch/parceirosbr/bigoilict/share/BigOil/document_generator/datasets/documents_2021_12_28/13hea_20211228_164033_8617598929_600_800.png,13hea_20211228_164033_8617598929_600_800_mask.png,628.43
10,3,21,7,342,330,363,337,342,330,363,330,363,337,342,337,sub_line_text,table_text,table_0,arial,regular,7.0,13hea_20211228_164033_8617598929_600_800.png,/scratch/parceirosbr/bigoilict/share/BigOil/document_generator/datasets/documents_2021_12_28/13hea_20211228_164033_8617598929_600_800.png,13hea_20211228_164033_8617598929_600_800_mask.png,628.43
8,3,17,7,346,340,363,347,346,340,363,340,363,347,346,347,text,table_text,table_0,arial,regular,7.0,13hea_20211228_164033_8617598929_600_800.png,/scratch/parceirosbr/bigoilict/share/BigOil/document_generator/datasets/documents_2021_12_28/13hea_20211228_164033_8617598929_600_800.png,13hea_20211228_164033_8617598929_600_800_mask.png,51.22
8,3,17,7,346,340,363,347,346,340,363,340,363,347,346,347,sub_line_text,table_text,table_0,arial,regular,7.0,13hea_20211228_164033_8617598929_600_800.png,/scratch/parceirosbr/bigoilict/share/BigOil/document_generator/datasets/documents_2021_12_28/13hea_20211228_164033_8617598929_600_800.png,13hea_20211228_164033_8617598929_600_800_mask.png,51.22
10,3,21,7,342,351,363,358,342,351,363,351,363,358,342,358,text,table_text,table_0,arial,regular,7.0,13hea_20211228_164033_8617598929_600_800.png,/scratch/parceirosbr/bigoilict/share/BigOil/document_generator/datasets/documents_2021_12_28/13hea_20211228_164033_8617598929_600_800.png,13hea_20211228_164033_8617598929_600_800_mask.png,381.21
10,3,21,7,342,351,363,358,342,351,363,351,363,358,342,358,sub_line_text,table_text,table_0,arial,regular,7.0,13hea_20211228_164033_8617598929_600_800.png,/scratch/parceirosbr/bigoilict/share/BigOil/document_generator/datasets/documents_2021_12_28/13hea_20211228_164033_8617598929_600_800.png,13hea_20211228_164033_8617598929_600_800_mask.png,381.21
8,3,17,7,346,362,363,369,346,362,363,362,363,369,346,369,text,table_text,table_0,arial,regular,7.0,13hea_20211228_164033_8617598929_600_800.png,/scratch/parceirosbr/bigoilict/share/BigOil/document_generator/datasets/documents_2021_12_28/13hea_20211228_164033_8617598929_600_800.png,13hea_20211228_164033_8617598929_600_800_mask.png,67.11
8,3,17,7,346,362,363,369,346,362,363,362,363,369,346,369,sub_line_text,table_text,table_0,arial,regular,7.0,13hea_20211228_164033_8617598929_600_800.png,/scratch/parceirosbr/bigoilict/share/BigOil/document_generator/datasets/documents_2021_12_28/13hea_20211228_164033_8617598929_600_800.png,13hea_20211228_164033_8617598929_600_800_mask.png,67.11
10,3,21,7,342,372,363,379,342,372,363,372,363,379,342,379,text,table_text,table_0,arial,regular,7.0,13hea_20211228_164033_8617598929_600_800.png,/scratch/parceirosbr/bigoilict/share/BigOil/document_generator/datasets/documents_2021_12_28/13hea_20211228_164033_8617598929_600_800.png,13hea_20211228_164033_8617598929_600_800_mask.png,156.22
10,3,21,7,342,372,363,379,342,372,363,372,363,379,342,379,sub_line_text,table_text,table_0,arial,regular,7.0,13hea_20211228_164033_8617598929_600_800.png,/scratch/parceirosbr/bigoilict/share/BigOil/document_generator/datasets/documents_2021_12_28/13hea_20211228_164033_8617598929_600_800.png,13hea_20211228_164033_8617598929_600_800_mask.png,156.22
6,3,13,7,350,383,363,390,350,383,363,383,363,390,350,390,text,table_text,table_0,arial,regular,7.0,13hea_20211228_164033_8617598929_600_800.png,/scratch/parceirosbr/bigoilict/share/BigOil/document_generator/datasets/documents_2021_12_28/13hea_20211228_164033_8617598929_600_800.png,13hea_20211228_164033_8617598929_600_800_mask.png,4.57
6,3,13,7,350,383,363,390,350,383,363,383,363,390,350,390,sub_line_text,table_text,table_0,arial,regular,7.0,13hea_20211228_164033_8617598929_600_800.png,/scratch/parceirosbr/bigoilict/share/BigOil/document_generator/datasets/documents_2021_12_28/13hea_20211228_164033_8617598929_600_800.png,13hea_20211228_164033_8617598929_600_800_mask.png,4.57
8,3,17,7,346,394,363,401,346,394,363,394,363,401,346,401,text,table_text,table_0,arial,regular,7.0,13hea_20211228_164033_8617598929_600_800.png,/scratch/parceirosbr/bigoilict/share/BigOil/document_generator/datasets/documents_2021_12_28/13hea_20211228_164033_8617598929_600_800.png,13hea_20211228_164033_8617598929_600_800_mask.png,55.87
8,3,17,7,346,394,363,401,346,394,363,394,363,401,346,401,sub_line_text,table_text,table_0,arial,regular,7.0,13hea_20211228_164033_8617598929_600_800.png,/scratch/parceirosbr/bigoilict/share/BigOil/document_generator/datasets/documents_2021_12_28/13hea_20211228_164033_8617598929_600_800.png,13hea_20211228_164033_8617598929_600_800_mask.png,55.87
10,3,21,7,342,404,363,411,342,404,363,404,363,411,342,411,text,table_text,table_0,arial,regular,7.0,13hea_20211228_164033_8617598929_600_800.png,/scratch/parceirosbr/bigoilict/share/BigOil/document_generator/datasets/documents_2021_12_28/13hea_20211228_164033_8617598929_600_800.png,13hea_20211228_164033_8617598929_600_800_mask.png,957.49
10,3,21,7,342,404,363,411,342,404,363,404,363,411,342,411,sub_line_text,table_text,table_0,arial,regular,7.0,13hea_20211228_164033_8617598929_600_800.png,/scratch/parceirosbr/bigoilict/share/BigOil/document_generator/datasets/documents_2021_12_28/13hea_20211228_164033_8617598929_600_800.png,13hea_20211228_164033_8617598929_600_800_mask.png,957.49
6,3,13,7,350,415,363,422,350,415,363,415,363,422,350,422,text,table_text,table_0,arial,regular,7.0,13hea_20211228_164033_8617598929_600_800.png,/scratch/parceirosbr/bigoilict/share/BigOil/document_generator/datasets/documents_2021_12_28/13hea_20211228_164033_8617598929_600_800.png,13hea_20211228_164033_8617598929_600_800_mask.png,4.88
6,3,13,7,350,415,363,422,350,415,363,415,363,422,350,422,sub_line_text,table_text,table_0,arial,regular,7.0,13hea_20211228_164033_8617598929_600_800.png,/scratch/parceirosbr/bigoilict/share/BigOil/document_generator/datasets/documents_2021_12_28/13hea_20211228_164033_8617598929_600_800.png,13hea_20211228_164033_8617598929_600_800_mask.png,4.88
10,3,21,7,342,426,363,433,342,426,363,426,363,433,342,433,text,table_text,table_0,arial,regular,7.0,13hea_20211228_164033_8617598929_600_800.png,/scratch/parceirosbr/bigoilict/share/BigOil/document_generator/datasets/documents_2021_12_28/13hea_20211228_164033_8617598929_600_800.png,13hea_20211228_164033_8617598929_600_800_mask.png,917.41
10,3,21,7,342,426,363,433,342,426,363,426,363,433,342,433,sub_line_text,table_text,table_0,arial,regular,7.0,13hea_20211228_164033_8617598929_600_800.png,/scratch/parceirosbr/bigoilict/share/BigOil/document_generator/datasets/documents_2021_12_28/13hea_20211228_164033_8617598929_600_800.png,13hea_20211228_164033_8617598929_600_800_mask.png,917.41
10,3,21,7,342,437,363,444,342,437,363,437,363,444,342,444,text,table_text,table_0,arial,regular,7.0,13hea_20211228_164033_8617598929_600_800.png,/scratch/parceirosbr/bigoilict/share/BigOil/document_generator/datasets/documents_2021_12_28/13hea_20211228_164033_8617598929_600_800.png,13hea_20211228_164033_8617598929_600_800_mask.png,107.25
10,3,21,7,342,437,363,444,342,437,363,437,363,444,342,444,sub_line_text,table_text,table_0,arial,regular,7.0,13hea_20211228_164033_8617598929_600_800.png,/scratch/parceirosbr/bigoilict/share/BigOil/document_generator/datasets/documents_2021_12_28/13hea_20211228_164033_8617598929_600_800.png,13hea_20211228_164033_8617598929_600_800_mask.png,107.25
10,3,21,7,342,447,363,454,342,447,363,447,363,454,342,454,text,table_text,table_0,arial,regular,7.0,13hea_20211228_164033_8617598929_600_800.png,/scratch/parceirosbr/bigoilict/share/BigOil/document_generator/datasets/documents_2021_12_28/13hea_20211228_164033_8617598929_600_800.png,13hea_20211228_164033_8617598929_600_800_mask.png,984.54
10,3,21,7,342,447,363,454,342,447,363,447,363,454,342,454,sub_line_text,table_text,table_0,arial,regular,7.0,13hea_20211228_164033_8617598929_600_800.png,/scratch/parceirosbr/bigoilict/share/BigOil/document_generator/datasets/documents_2021_12_28/13hea_20211228_164033_8617598929_600_800.png,13hea_20211228_164033_8617598929_600_800_mask.png,984.54
17,3,34,7,369,143,403,150,369,143,403,143,403,150,369,150,text,table_text,table_0,arial,regular,7.0,13hea_20211228_164033_8617598929_600_800.png,/scratch/parceirosbr/bigoilict/share/BigOil/document_generator/datasets/documents_2021_12_28/13hea_20211228_164033_8617598929_600_800.png,13hea_20211228_164033_8617598929_600_800_mask.png,combustão
17,3,34,7,369,143,403,150,369,143,403,143,403,150,369,150,sub_line_text,table_text,table_0,arial,regular,7.0,13hea_20211228_164033_8617598929_600_800.png,/scratch/parceirosbr/bigoilict/share/BigOil/document_generator/datasets/documents_2021_12_28/13hea_20211228_164033_8617598929_600_800.png,13hea_20211228_164033_8617598929_600_800_mask.png,combustão
3,3,7,7,383,159,390,166,383,159,390,159,390,166,383,166,text,table_text,table_0,arial,regular,7.0,13hea_20211228_164033_8617598929_600_800.png,/scratch/parceirosbr/bigoilict/share/BigOil/document_generator/datasets/documents_2021_12_28/13hea_20211228_164033_8617598929_600_800.png,13hea_20211228_164033_8617598929_600_800_mask.png,da
3,3,7,7,383,159,390,166,383,159,390,159,390,166,383,166,sub_line_text,table_text,table_0,arial,regular,7.0,13hea_20211228_164033_8617598929_600_800.png,/scratch/parceirosbr/bigoilict/share/BigOil/document_generator/datasets/documents_2021_12_28/13hea_20211228_164033_8617598929_600_800.png,13hea_20211228_164033_8617598929_600_800_mask.png,da
7,3,15,7,379,169,394,176,379,169,394,169,394,176,379,176,text,table_text,table_0,arial,regular,7.0,13hea_20211228_164033_8617598929_600_800.png,/scratch/parceirosbr/bigoilict/share/BigOil/document_generator/datasets/documents_2021_12_28/13hea_20211228_164033_8617598929_600_800.png,13hea_20211228_164033_8617598929_600_800_mask.png,parte
7,3,15,7,379,169,394,176,379,169,394,169,394,176,379,176,sub_line_text,table_text,table_0,arial,regular,7.0,13hea_20211228_164033_8617598929_600_800.png,/scratch/parceirosbr/bigoilict/share/BigOil/document_generator/datasets/documents_2021_12_28/13hea_20211228_164033_8617598929_600_800.png,13hea_20211228_164033_8617598929_600_800_mask.png,parte
11,3,23,7,375,180,398,187,375,180,398,180,398,187,375,187,text,table_text,table_0,arial,regular,7.0,13hea_20211228_164033_8617598929_600_800.png,/scratch/parceirosbr/bigoilict/share/BigOil/document_generator/datasets/documents_2021_12_28/13hea_20211228_164033_8617598929_600_800.png,13hea_20211228_164033_8617598929_600_800_mask.png,outubro
11,3,23,7,375,180,398,187,375,180,398,180,398,187,375,187,sub_line_text,table_text,table_0,arial,regular,7.0,13hea_20211228_164033_8617598929_600_800.png,/scratch/parceirosbr/bigoilict/share/BigOil/document_generator/datasets/documents_2021_12_28/13hea_20211228_164033_8617598929_600_800.png,13hea_20211228_164033_8617598929_600_800_mask.png,outubro
11,3,23,7,375,191,398,198,375,191,398,191,398,198,375,198,text,table_text,table_0,arial,regular,7.0,13hea_20211228_164033_8617598929_600_800.png,/scratch/parceirosbr/bigoilict/share/BigOil/document_generator/datasets/documents_2021_12_28/13hea_20211228_164033_8617598929_600_800.png,13hea_20211228_164033_8617598929_600_800_mask.png,modelo
11,3,23,7,375,191,398,198,375,191,398,191,398,198,375,198,sub_line_text,table_text,table_0,arial,regular,7.0,13hea_20211228_164033_8617598929_600_800.png,/scratch/parceirosbr/bigoilict/share/BigOil/document_generator/datasets/documents_2021_12_28/13hea_20211228_164033_8617598929_600_800.png,13hea_20211228_164033_8617598929_600_800_mask.png,modelo
6,3,13,7,380,202,393,209,380,202,393,202,393,209,380,209,text,table_text,table_0,arial,regular,7.0,13hea_20211228_164033_8617598929_600_800.png,/scratch/parceirosbr/bigoilict/share/BigOil/document_generator/datasets/documents_2021_12_28/13hea_20211228_164033_8617598929_600_800.png,13hea_20211228_164033_8617598929_600_800_mask.png,fase
6,3,13,7,380,202,393,209,380,202,393,202,393,209,380,209,sub_line_text,table_text,table_0,arial,regular,7.0,13hea_20211228_164033_8617598929_600_800.png,/scratch/parceirosbr/bigoilict/share/BigOil/document_generator/datasets/documents_2021_12_28/13hea_20211228_164033_8617598929_600_800.png,13hea_20211228_164033_8617598929_600_800_mask.png,fase
14,3,29,7,372,212,401,219,372,212,401,212,401,219,372,219,text,table_text,table_0,arial,regular,7.0,13hea_20211228_164033_8617598929_600_800.png,/scratch/parceirosbr/bigoilict/share/BigOil/document_generator/datasets/documents_2021_12_28/13hea_20211228_164033_8617598929_600_800.png,13hea_20211228_164033_8617598929_600_800_mask.png,biodiesel
14,3,29,7,372,212,401,219,372,212,401,212,401,219,372,219,sub_line_text,table_text,table_0,arial,regular,7.0,13hea_20211228_164033_8617598929_600_800.png,/scratch/parceirosbr/bigoilict/share/BigOil/document_generator/datasets/documents_2021_12_28/13hea_20211228_164033_8617598929_600_800.png,13hea_20211228_164033_8617598929_600_800_mask.png,biodiesel
8,3,17,7,378,223,395,230,378,223,395,223,395,230,378,230,text,table_text,table_0,arial,regular,7.0,13hea_20211228_164033_8617598929_600_800.png,/scratch/parceirosbr/bigoilict/share/BigOil/document_generator/datasets/documents_2021_12_28/13hea_20211228_164033_8617598929_600_800.png,13hea_20211228_164033_8617598929_600_800_mask.png,refino
8,3,17,7,378,223,395,230,378,223,395,223,395,230,378,230,sub_line_text,table_text,table_0,arial,regular,7.0,13hea_20211228_164033_8617598929_600_800.png,/scratch/parceirosbr/bigoilict/share/BigOil/document_generator/datasets/documents_2021_12_28/13hea_20211228_164033_8617598929_600_800.png,13hea_20211228_164033_8617598929_600_800_mask.png,refino
10,3,21,7,376,234,397,241,376,234,397,234,397,241,376,241,text,table_text,table_0,arial,regular,7.0,13hea_20211228_164033_8617598929_600_800.png,/scratch/parceirosbr/bigoilict/share/BigOil/document_generator/datasets/documents_2021_12_28/13hea_20211228_164033_8617598929_600_800.png,13hea_20211228_164033_8617598929_600_800_mask.png,muitas
10,3,21,7,376,234,397,241,376,234,397,234,397,241,376,241,sub_line_text,table_text,table_0,arial,regular,7.0,13hea_20211228_164033_8617598929_600_800.png,/scratch/parceirosbr/bigoilict/share/BigOil/document_generator/datasets/documents_2021_12_28/13hea_20211228_164033_8617598929_600_800.png,13hea_20211228_164033_8617598929_600_800_mask.png,muitas
7,3,15,7,379,244,394,251,379,244,394,244,394,251,379,251,text,table_text,table_0,arial,regular,7.0,13hea_20211228_164033_8617598929_600_800.png,/scratch/parceirosbr/bigoilict/share/BigOil/document_generator/datasets/documents_2021_12_28/13hea_20211228_164033_8617598929_600_800.png,13hea_20211228_164033_8617598929_600_800_mask.png,tanto
7,3,15,7,379,244,394,251,379,244,394,244,394,251,379,251,sub_line_text,table_text,table_0,arial,regular,7.0,13hea_20211228_164033_8617598929_600_800.png,/scratch/parceirosbr/bigoilict/share/BigOil/document_generator/datasets/documents_2021_12_28/13hea_20211228_164033_8617598929_600_800.png,13hea_20211228_164033_8617598929_600_800_mask.png,tanto
10,3,21,7,376,255,397,262,376,255,397,255,397,262,376,262,text,table_text,table_0,arial,regular,7.0,13hea_20211228_164033_8617598929_600_800.png,/scratch/parceirosbr/bigoilict/share/BigOil/document_generator/datasets/documents_2021_12_28/13hea_20211228_164033_8617598929_600_800.png,13hea_20211228_164033_8617598929_600_800_mask.png,reação
10,3,21,7,376,255,397,262,376,255,397,255,397,262,376,262,sub_line_text,table_text,table_0,arial,regular,7.0,13hea_20211228_164033_8617598929_600_800.png,/scratch/parceirosbr/bigoilict/share/BigOil/document_generator/datasets/documents_2021_12_28/13hea_20211228_164033_8617598929_600_800.png,13hea_20211228_164033_8617598929_600_800_mask.png,reação
11,3,23,7,375,266,398,273,375,266,398,266,398,273,375,273,text,table_text,table_0,arial,regular,7.0,13hea_20211228_164033_8617598929_600_800.png,/scratch/parceirosbr/bigoilict/share/BigOil/document_generator/datasets/documents_2021_12_28/13hea_20211228_164033_8617598929_600_800.png,13hea_20211228_164033_8617598929_600_800_mask.png,tomada
11,3,23,7,375,266,398,273,375,266,398,266,398,273,375,273,sub_line_text,table_text,table_0,arial,regular,7.0,13hea_20211228_164033_8617598929_600_800.png,/scratch/parceirosbr/bigoilict/share/BigOil/document_generator/datasets/documents_2021_12_28/13hea_20211228_164033_8617598929_600_800.png,13hea_20211228_164033_8617598929_600_800_mask.png,tomada
15,3,30,7,371,276,401,283,371,276,401,276,401,283,371,283,text,table_text,table_0,arial,regular,7.0,13hea_20211228_164033_8617598929_600_800.png,/scratch/parceirosbr/bigoilict/share/BigOil/document_generator/datasets/documents_2021_12_28/13hea_20211228_164033_8617598929_600_800.png,13hea_20211228_164033_8617598929_600_800_mask.png,tamanhos
15,3,30,7,371,276,401,283,371,276,401,276,401,283,371,283,sub_line_text,table_text,table_0,arial,regular,7.0,13hea_20211228_164033_8617598929_600_800.png,/scratch/parceirosbr/bigoilict/share/BigOil/document_generator/datasets/documents_2021_12_28/13hea_20211228_164033_8617598929_600_800.png,13hea_20211228_164033_8617598929_600_800_mask.png,tamanhos
15,3,30,7,371,287,401,294,371,287,401,287,401,294,371,294,text,table_text,table_0,arial,regular,7.0,13hea_20211228_164033_8617598929_600_800.png,/scratch/parceirosbr/bigoilict/share/BigOil/document_generator/datasets/documents_2021_12_28/13hea_20211228_164033_8617598929_600_800.png,13hea_20211228_164033_8617598929_600_800_mask.png,emissões
15,3,30,7,371,287,401,294,371,287,401,287,401,294,371,294,sub_line_text,table_text,table_0,arial,regular,7.0,13hea_20211228_164033_8617598929_600_800.png,/scratch/parceirosbr/bigoilict/share/BigOil/document_generator/datasets/documents_2021_12_28/13hea_20211228_164033_8617598929_600_800.png,13hea_20211228_164033_8617598929_600_800_mask.png,emissões
10,3,21,7,376,298,397,305,376,298,397,298,397,305,376,305,text,table_text,table_0,arial,regular,7.0,13hea_20211228_164033_8617598929_600_800.png,/scratch/parceirosbr/bigoilict/share/BigOil/document_generator/datasets/documents_2021_12_28/13hea_20211228_164033_8617598929_600_800.png,13hea_20211228_164033_8617598929_600_800_mask.png,estaria
10,3,21,7,376,298,397,305,376,298,397,298,397,305,376,305,sub_line_text,table_text,table_0,arial,regular,7.0,13hea_20211228_164033_8617598929_600_800.png,/scratch/parceirosbr/bigoilict/share/BigOil/document_generator/datasets/documents_2021_12_28/13hea_20211228_164033_8617598929_600_800.png,13hea_20211228_164033_8617598929_600_800_mask.png,estaria
15,3,30,7,371,308,401,315,371,308,401,308,401,315,371,315,text,table_text,table_0,arial,regular,7.0,13hea_20211228_164033_8617598929_600_800.png,/scratch/parceirosbr/bigoilict/share/BigOil/document_generator/datasets/documents_2021_12_28/13hea_20211228_164033_8617598929_600_800.png,13hea_20211228_164033_8617598929_600_800_mask.png,contribuir
15,3,30,7,371,308,401,315,371,308,401,308,401,315,371,315,sub_line_text,table_text,table_0,arial,regular,7.0,13hea_20211228_164033_8617598929_600_800.png,/scratch/parceirosbr/bigoilict/share/BigOil/document_generator/datasets/documents_2021_12_28/13hea_20211228_164033_8617598929_600_800.png,13hea_20211228_164033_8617598929_600_800_mask.png,contribuir
11,3,23,7,375,319,398,326,375,319,398,319,398,326,375,326,text,table_text,table_0,arial,regular,7.0,13hea_20211228_164033_8617598929_600_800.png,/scratch/parceirosbr/bigoilict/share/BigOil/document_generator/datasets/documents_2021_12_28/13hea_20211228_164033_8617598929_600_800.png,13hea_20211228_164033_8617598929_600_800_mask.png,demais
11,3,23,7,375,319,398,326,375,319,398,319,398,326,375,326,sub_line_text,table_text,table_0,arial,regular,7.0,13hea_20211228_164033_8617598929_600_800.png,/scratch/parceirosbr/bigoilict/share/BigOil/document_generator/datasets/documents_2021_12_28/13hea_20211228_164033_8617598929_600_800.png,13hea_20211228_164033_8617598929_600_800_mask.png,demais
7,3,14,7,379,330,393,337,379,330,393,330,393,337,379,337,text,table_text,table_0,arial,regular,7.0,13hea_20211228_164033_8617598929_600_800.png,/scratch/parceirosbr/bigoilict/share/BigOil/document_generator/datasets/documents_2021_12_28/13hea_20211228_164033_8617598929_600_800.png,13hea_20211228_164033_8617598929_600_800_mask.png,ficar
7,3,14,7,379,330,393,337,379,330,393,330,393,337,379,337,sub_line_text,table_text,table_0,arial,regular,7.0,13hea_20211228_164033_8617598929_600_800.png,/scratch/parceirosbr/bigoilict/share/BigOil/document_generator/datasets/documents_2021_12_28/13hea_20211228_164033_8617598929_600_800.png,13hea_20211228_164033_8617598929_600_800_mask.png,ficar
9,3,19,7,377,340,396,347,377,340,396,340,396,347,377,347,text,table_text,table_0,arial,regular,7.0,13hea_20211228_164033_8617598929_600_800.png,/scratch/parceirosbr/bigoilict/share/BigOil/document_generator/datasets/documents_2021_12_28/13hea_20211228_164033_8617598929_600_800.png,13hea_20211228_164033_8617598929_600_800_mask.png,fatode
9,3,19,7,377,340,396,347,377,340,396,340,396,347,377,347,sub_line_text,table_text,table_0,arial,regular,7.0,13hea_20211228_164033_8617598929_600_800.png,/scratch/parceirosbr/bigoilict/share/BigOil/document_generator/datasets/documents_2021_12_28/13hea_20211228_164033_8617598929_600_800.png,13hea_20211228_164033_8617598929_600_800_mask.png,fatode
17,3,34,7,369,351,403,358,369,351,403,351,403,358,369,358,text,table_text,table_0,arial,regular,7.0,13hea_20211228_164033_8617598929_600_800.png,/scratch/parceirosbr/bigoilict/share/BigOil/document_generator/datasets/documents_2021_12_28/13hea_20211228_164033_8617598929_600_800.png,13hea_20211228_164033_8617598929_600_800_mask.png,calculadas
17,3,34,7,369,351,403,358,369,351,403,351,403,358,369,358,sub_line_text,table_text,table_0,arial,regular,7.0,13hea_20211228_164033_8617598929_600_800.png,/scratch/parceirosbr/bigoilict/share/BigOil/document_generator/datasets/documents_2021_12_28/13hea_20211228_164033_8617598929_600_800.png,13hea_20211228_164033_8617598929_600_800_mask.png,calculadas
12,3,25,7,374,362,399,369,374,362,399,362,399,369,374,369,text,table_text,table_0,arial,regular,7.0,13hea_20211228_164033_8617598929_600_800.png,/scratch/parceirosbr/bigoilict/share/BigOil/document_generator/datasets/documents_2021_12_28/13hea_20211228_164033_8617598929_600_800.png,13hea_20211228_164033_8617598929_600_800_mask.png,elevada
12,3,25,7,374,362,399,369,374,362,399,362,399,369,374,369,sub_line_text,table_text,table_0,arial,regular,7.0,13hea_20211228_164033_8617598929_600_800.png,/scratch/parceirosbr/bigoilict/share/BigOil/document_generator/datasets/documents_2021_12_28/13hea_20211228_164033_8617598929_600_800.png,13hea_20211228_164033_8617598929_600_800_mask.png,elevada
5,3,11,7,381,372,392,379,381,372,392,372,392,379,381,379,text,table_text,table_0,arial,regular,7.0,13hea_20211228_164033_8617598929_600_800.png,/scratch/parceirosbr/bigoilict/share/BigOil/document_generator/datasets/documents_2021_12_28/13hea_20211228_164033_8617598929_600_800.png,13hea_20211228_164033_8617598929_600_800_mask.png,nos
5,3,11,7,381,372,392,379,381,372,392,372,392,379,381,379,sub_line_text,table_text,table_0,arial,regular,7.0,13hea_20211228_164033_8617598929_600_800.png,/scratch/parceirosbr/bigoilict/share/BigOil/document_generator/datasets/documents_2021_12_28/13hea_20211228_164033_8617598929_600_800.png,13hea_20211228_164033_8617598929_600_800_mask.png,nos
11,3,23,7,375,383,398,390,375,383,398,383,398,390,375,390,text,table_text,table_0,arial,regular,7.0,13hea_20211228_164033_8617598929_600_800.png,/scratch/parceirosbr/bigoilict/share/BigOil/document_generator/datasets/documents_2021_12_28/13hea_20211228_164033_8617598929_600_800.png,13hea_20211228_164033_8617598929_600_800_mask.png,dessas
11,3,23,7,375,383,398,390,375,383,398,383,398,390,375,390,sub_line_text,table_text,table_0,arial,regular,7.0,13hea_20211228_164033_8617598929_600_800.png,/scratch/parceirosbr/bigoilict/share/BigOil/document_generator/datasets/documents_2021_12_28/13hea_20211228_164033_8617598929_600_800.png,13hea_20211228_164033_8617598929_600_800_mask.png,dessas
14,3,29,7,372,394,401,401,372,394,401,394,401,401,372,401,text,table_text,table_0,arial,regular,7.0,13hea_20211228_164033_8617598929_600_800.png,/scratch/parceirosbr/bigoilict/share/BigOil/document_generator/datasets/documents_2021_12_28/13hea_20211228_164033_8617598929_600_800.png,13hea_20211228_164033_8617598929_600_800_mask.png,discutido
14,3,29,7,372,394,401,401,372,394,401,394,401,401,372,401,sub_line_text,table_text,table_0,arial,regular,7.0,13hea_20211228_164033_8617598929_600_800.png,/scratch/parceirosbr/bigoilict/share/BigOil/document_generator/datasets/documents_2021_12_28/13hea_20211228_164033_8617598929_600_800.png,13hea_20211228_164033_8617598929_600_800_mask.png,discutido
11,3,23,7,375,404,398,411,375,404,398,404,398,411,375,411,text,table_text,table_0,arial,regular,7.0,13hea_20211228_164033_8617598929_600_800.png,/scratch/parceirosbr/bigoilict/share/BigOil/document_generator/datasets/documents_2021_12_28/13hea_20211228_164033_8617598929_600_800.png,13hea_20211228_164033_8617598929_600_800_mask.png,queima
11,3,23,7,375,404,398,411,375,404,398,404,398,411,375,411,sub_line_text,table_text,table_0,arial,regular,7.0,13hea_20211228_164033_8617598929_600_800.png,/scratch/parceirosbr/bigoilict/share/BigOil/document_generator/datasets/documents_2021_12_28/13hea_20211228_164033_8617598929_600_800.png,13hea_20211228_164033_8617598929_600_800_mask.png,queima
16,3,32,7,370,415,402,422,370,415,402,415,402,422,370,422,text,table_text,table_0,arial,regular,7.0,13hea_20211228_164033_8617598929_600_800.png,/scratch/parceirosbr/bigoilict/share/BigOil/document_generator/datasets/documents_2021_12_28/13hea_20211228_164033_8617598929_600_800.png,13hea_20211228_164033_8617598929_600_800_mask.png,floculação
16,3,32,7,370,415,402,422,370,415,402,415,402,422,370,422,sub_line_text,table_text,table_0,arial,regular,7.0,13hea_20211228_164033_8617598929_600_800.png,/scratch/parceirosbr/bigoilict/share/BigOil/document_generator/datasets/documents_2021_12_28/13hea_20211228_164033_8617598929_600_800.png,13hea_20211228_164033_8617598929_600_800_mask.png,floculação
9,3,19,7,377,426,396,433,377,426,396,426,396,433,377,433,text,table_text,table_0,arial,regular,7.0,13hea_20211228_164033_8617598929_600_800.png,/scratch/parceirosbr/bigoilict/share/BigOil/document_generator/datasets/documents_2021_12_28/13hea_20211228_164033_8617598929_600_800.png,13hea_20211228_164033_8617598929_600_800_mask.png,vezes
9,3,19,7,377,426,396,433,377,426,396,426,396,433,377,433,sub_line_text,table_text,table_0,arial,regular,7.0,13hea_20211228_164033_8617598929_600_800.png,/scratch/parceirosbr/bigoilict/share/BigOil/document_generator/datasets/documents_2021_12_28/13hea_20211228_164033_8617598929_600_800.png,13hea_20211228_164033_8617598929_600_800_mask.png,vezes
11,3,23,7,375,437,398,444,375,437,398,437,398,444,375,444,text,table_text,table_0,arial,regular,7.0,13hea_20211228_164033_8617598929_600_800.png,/scratch/parceirosbr/bigoilict/share/BigOil/document_generator/datasets/documents_2021_12_28/13hea_20211228_164033_8617598929_600_800.png,13hea_20211228_164033_8617598929_600_800_mask.png,oleifera
11,3,23,7,375,437,398,444,375,437,398,437,398,444,375,444,sub_line_text,table_text,table_0,arial,regular,7.0,13hea_20211228_164033_8617598929_600_800.png,/scratch/parceirosbr/bigoilict/share/BigOil/document_generator/datasets/documents_2021_12_28/13hea_20211228_164033_8617598929_600_800.png,13hea_20211228_164033_8617598929_600_800_mask.png,oleifera
6,3,13,7,380,447,393,454,380,447,393,447,393,454,380,454,text,table_text,table_0,arial,regular,7.0,13hea_20211228_164033_8617598929_600_800.png,/scratch/parceirosbr/bigoilict/share/BigOil/document_generator/datasets/documents_2021_12_28/13hea_20211228_164033_8617598929_600_800.png,13hea_20211228_164033_8617598929_600_800_mask.png,data
6,3,13,7,380,447,393,454,380,447,393,447,393,454,380,454,sub_line_text,table_text,table_0,arial,regular,7.0,13hea_20211228_164033_8617598929_600_800.png,/scratch/parceirosbr/bigoilict/share/BigOil/document_generator/datasets/documents_2021_12_28/13hea_20211228_164033_8617598929_600_800.png,13hea_20211228_164033_8617598929_600_800_mask.png,data
6,3,13,7,443,143,456,150,443,143,456,143,456,150,443,150,text,table_text,table_0,arial,regular,7.0,13hea_20211228_164033_8617598929_600_800.png,/scratch/parceirosbr/bigoilict/share/BigOil/document_generator/datasets/documents_2021_12_28/13hea_20211228_164033_8617598929_600_800.png,13hea_20211228_164033_8617598929_600_800_mask.png,data
6,3,13,7,443,143,456,150,443,143,456,143,456,150,443,150,sub_line_text,table_text,table_0,arial,regular,7.0,13hea_20211228_164033_8617598929_600_800.png,/scratch/parceirosbr/bigoilict/share/BigOil/document_generator/datasets/documents_2021_12_28/13hea_20211228_164033_8617598929_600_800.png,13hea_20211228_164033_8617598929_600_800_mask.png,data
20,3,40,7,416,159,456,166,416,159,456,159,456,166,416,166,text,table_text,table_0,arial,regular,7.0,13hea_20211228_164033_8617598929_600_800.png,/scratch/parceirosbr/bigoilict/share/BigOil/document_generator/datasets/documents_2021_12_28/13hea_20211228_164033_8617598929_600_800.png,13hea_20211228_164033_8617598929_600_800_mask.png,106785.1097
20,3,40,7,416,159,456,166,416,159,456,159,456,166,416,166,sub_line_text,table_text,table_0,arial,regular,7.0,13hea_20211228_164033_8617598929_600_800.png,/scratch/parceirosbr/bigoilict/share/BigOil/document_generator/datasets/documents_2021_12_28/13hea_20211228_164033_8617598929_600_800.png,13hea_20211228_164033_8617598929_600_800_mask.png,106785.1097
20,3,40,7,416,169,456,176,416,169,456,169,456,176,416,176,text,table_text,table_0,arial,regular,7.0,13hea_20211228_164033_8617598929_600_800.png,/scratch/parceirosbr/bigoilict/share/BigOil/document_generator/datasets/documents_2021_12_28/13hea_20211228_164033_8617598929_600_800.png,13hea_20211228_164033_8617598929_600_800_mask.png,552954.1398
20,3,40,7,416,169,456,176,416,169,456,169,456,176,416,176,sub_line_text,table_text,table_0,arial,regular,7.0,13hea_20211228_164033_8617598929_600_800.png,/scratch/parceirosbr/bigoilict/share/BigOil/document_generator/datasets/documents_2021_12_28/13hea_20211228_164033_8617598929_600_800.png,13hea_20211228_164033_8617598929_600_800_mask.png,552954.1398
20,3,40,7,416,180,456,187,416,180,456,180,456,187,416,187,text,table_text,table_0,arial,regular,7.0,13hea_20211228_164033_8617598929_600_800.png,/scratch/parceirosbr/bigoilict/share/BigOil/document_generator/datasets/documents_2021_12_28/13hea_20211228_164033_8617598929_600_800.png,13hea_20211228_164033_8617598929_600_800_mask.png,550041.5676
20,3,40,7,416,180,456,187,416,180,456,180,456,187,416,187,sub_line_text,table_text,table_0,arial,regular,7.0,13hea_20211228_164033_8617598929_600_800.png,/scratch/parceirosbr/bigoilict/share/BigOil/document_generator/datasets/documents_2021_12_28/13hea_20211228_164033_8617598929_600_800.png,13hea_20211228_164033_8617598929_600_800_mask.png,550041.5676
20,3,40,7,416,191,456,198,416,191,456,191,456,198,416,198,text,table_text,table_0,arial,regular,7.0,13hea_20211228_164033_8617598929_600_800.png,/scratch/parceirosbr/bigoilict/share/BigOil/document_generator/datasets/documents_2021_12_28/13hea_20211228_164033_8617598929_600_800.png,13hea_20211228_164033_8617598929_600_800_mask.png,946013.0833
20,3,40,7,416,191,456,198,416,191,456,191,456,198,416,198,sub_line_text,table_text,table_0,arial,regular,7.0,13hea_20211228_164033_8617598929_600_800.png,/scratch/parceirosbr/bigoilict/share/BigOil/document_generator/datasets/documents_2021_12_28/13hea_20211228_164033_8617598929_600_800.png,13hea_20211228_164033_8617598929_600_800_mask.png,946013.0833
20,3,40,7,416,202,456,209,416,202,456,202,456,209,416,209,text,table_text,table_0,arial,regular,7.0,13hea_20211228_164033_8617598929_600_800.png,/scratch/parceirosbr/bigoilict/share/BigOil/document_generator/datasets/documents_2021_12_28/13hea_20211228_164033_8617598929_600_800.png,13hea_20211228_164033_8617598929_600_800_mask.png,110572.9881
20,3,40,7,416,202,456,209,416,202,456,202,456,209,416,209,sub_line_text,table_text,table_0,arial,regular,7.0,13hea_20211228_164033_8617598929_600_800.png,/scratch/parceirosbr/bigoilict/share/BigOil/document_generator/datasets/documents_2021_12_28/13hea_20211228_164033_8617598929_600_800.png,13hea_20211228_164033_8617598929_600_800_mask.png,110572.9881
20,3,40,7,416,212,456,219,416,212,456,212,456,219,416,219,text,table_text,table_0,arial,regular,7.0,13hea_20211228_164033_8617598929_600_800.png,/scratch/parceirosbr/bigoilict/share/BigOil/document_generator/datasets/documents_2021_12_28/13hea_20211228_164033_8617598929_600_800.png,13hea_20211228_164033_8617598929_600_800_mask.png,552370.8211
20,3,40,7,416,212,456,219,416,212,456,212,456,219,416,219,sub_line_text,table_text,table_0,arial,regular,7.0,13hea_20211228_164033_8617598929_600_800.png,/scratch/parceirosbr/bigoilict/share/BigOil/document_generator/datasets/documents_2021_12_28/13hea_20211228_164033_8617598929_600_800.png,13hea_20211228_164033_8617598929_600_800_mask.png,552370.8211
20,3,40,7,416,223,456,230,416,223,456,223,456,230,416,230,text,table_text,table_0,arial,regular,7.0,13hea_20211228_164033_8617598929_600_800.png,/scratch/parceirosbr/bigoilict/share/BigOil/document_generator/datasets/documents_2021_12_28/13hea_20211228_164033_8617598929_600_800.png,13hea_20211228_164033_8617598929_600_800_mask.png,280581.7536
20,3,40,7,416,223,456,230,416,223,456,223,456,230,416,230,sub_line_text,table_text,table_0,arial,regular,7.0,13hea_20211228_164033_8617598929_600_800.png,/scratch/parceirosbr/bigoilict/share/BigOil/document_generator/datasets/documents_2021_12_28/13hea_20211228_164033_8617598929_600_800.png,13hea_20211228_164033_8617598929_600_800_mask.png,280581.7536
20,3,40,7,416,234,456,241,416,234,456,234,456,241,416,241,text,table_text,table_0,arial,regular,7.0,13hea_20211228_164033_8617598929_600_800.png,/scratch/parceirosbr/bigoilict/share/BigOil/document_generator/datasets/documents_2021_12_28/13hea_20211228_164033_8617598929_600_800.png,13hea_20211228_164033_8617598929_600_800_mask.png,390697.8759
20,3,40,7,416,234,456,241,416,234,456,234,456,241,416,241,sub_line_text,table_text,table_0,arial,regular,7.0,13hea_20211228_164033_8617598929_600_800.png,/scratch/parceirosbr/bigoilict/share/BigOil/document_generator/datasets/documents_2021_12_28/13hea_20211228_164033_8617598929_600_800.png,13hea_20211228_164033_8617598929_600_800_mask.png,390697.8759
20,3,40,7,416,244,456,251,416,244,456,244,456,251,416,251,text,table_text,table_0,arial,regular,7.0,13hea_20211228_164033_8617598929_600_800.png,/scratch/parceirosbr/bigoilict/share/BigOil/document_generator/datasets/documents_2021_12_28/13hea_20211228_164033_8617598929_600_800.png,13hea_20211228_164033_8617598929_600_800_mask.png,574208.5758
20,3,40,7,416,244,456,251,416,244,456,244,456,251,416,251,sub_line_text,table_text,table_0,arial,regular,7.0,13hea_20211228_164033_8617598929_600_800.png,/scratch/parceirosbr/bigoilict/share/BigOil/document_generator/datasets/documents_2021_12_28/13hea_20211228_164033_8617598929_600_800.png,13hea_20211228_164033_8617598929_600_800_mask.png,574208.5758
20,3,40,7,416,255,456,262,416,255,456,255,456,262,416,262,text,table_text,table_0,arial,regular,7.0,13hea_20211228_164033_8617598929_600_800.png,/scratch/parceirosbr/bigoilict/share/BigOil/document_generator/datasets/documents_2021_12_28/13hea_20211228_164033_8617598929_600_800.png,13hea_20211228_164033_8617598929_600_800_mask.png,126557.0075
20,3,40,7,416,255,456,262,416,255,456,255,456,262,416,262,sub_line_text,table_text,table_0,arial,regular,7.0,13hea_20211228_164033_8617598929_600_800.png,/scratch/parceirosbr/bigoilict/share/BigOil/document_generator/datasets/documents_2021_12_28/13hea_20211228_164033_8617598929_600_800.png,13hea_20211228_164033_8617598929_600_800_mask.png,126557.0075
20,3,40,7,416,266,456,273,416,266,456,266,456,273,416,273,text,table_text,table_0,arial,regular,7.0,13hea_20211228_164033_8617598929_600_800.png,/scratch/parceirosbr/bigoilict/share/BigOil/document_generator/datasets/documents_2021_12_28/13hea_20211228_164033_8617598929_600_800.png,13hea_20211228_164033_8617598929_600_800_mask.png,482779.9833
20,3,40,7,416,266,456,273,416,266,456,266,456,273,416,273,sub_line_text,table_text,table_0,arial,regular,7.0,13hea_20211228_164033_8617598929_600_800.png,/scratch/parceirosbr/bigoilict/share/BigOil/document_generator/datasets/documents_2021_12_28/13hea_20211228_164033_8617598929_600_800.png,13hea_20211228_164033_8617598929_600_800_mask.png,482779.9833
20,3,40,7,416,276,456,283,416,276,456,276,456,283,416,283,text,table_text,table_0,arial,regular,7.0,13hea_20211228_164033_8617598929_600_800.png,/scratch/parceirosbr/bigoilict/share/BigOil/document_generator/datasets/documents_2021_12_28/13hea_20211228_164033_8617598929_600_800.png,13hea_20211228_164033_8617598929_600_800_mask.png,535101.8546
20,3,40,7,416,276,456,283,416,276,456,276,456,283,416,283,sub_line_text,table_text,table_0,arial,regular,7.0,13hea_20211228_164033_8617598929_600_800.png,/scratch/parceirosbr/bigoilict/share/BigOil/document_generator/datasets/documents_2021_12_28/13hea_20211228_164033_8617598929_600_800.png,13hea_20211228_164033_8617598929_600_800_mask.png,535101.8546
20,3,40,7,416,287,456,294,416,287,456,287,456,294,416,294,text,table_text,table_0,arial,regular,7.0,13hea_20211228_164033_8617598929_600_800.png,/scratch/parceirosbr/bigoilict/share/BigOil/document_generator/datasets/documents_2021_12_28/13hea_20211228_164033_8617598929_600_800.png,13hea_20211228_164033_8617598929_600_800_mask.png,802641.3827
20,3,40,7,416,287,456,294,416,287,456,287,456,294,416,294,sub_line_text,table_text,table_0,arial,regular,7.0,13hea_20211228_164033_8617598929_600_800.png,/scratch/parceirosbr/bigoilict/share/BigOil/document_generator/datasets/documents_2021_12_28/13hea_20211228_164033_8617598929_600_800.png,13hea_20211228_164033_8617598929_600_800_mask.png,802641.3827
20,3,40,7,416,298,456,305,416,298,456,298,456,305,416,305,text,table_text,table_0,arial,regular,7.0,13hea_20211228_164033_8617598929_600_800.png,/scratch/parceirosbr/bigoilict/share/BigOil/document_generator/datasets/documents_2021_12_28/13hea_20211228_164033_8617598929_600_800.png,13hea_20211228_164033_8617598929_600_800_mask.png,616029.3986
20,3,40,7,416,298,456,305,416,298,456,298,456,305,416,305,sub_line_text,table_text,table_0,arial,regular,7.0,13hea_20211228_164033_8617598929_600_800.png,/scratch/parceirosbr/bigoilict/share/BigOil/document_generator/datasets/documents_2021_12_28/13hea_20211228_164033_8617598929_600_800.png,13hea_20211228_164033_8617598929_600_800_mask.png,616029.3986
20,3,40,7,416,308,456,315,416,308,456,308,456,315,416,315,text,table_text,table_0,arial,regular,7.0,13hea_20211228_164033_8617598929_600_800.png,/scratch/parceirosbr/bigoilict/share/BigOil/document_generator/datasets/documents_2021_12_28/13hea_20211228_164033_8617598929_600_800.png,13hea_20211228_164033_8617598929_600_800_mask.png,688636.2231
20,3,40,7,416,308,456,315,416,308,456,308,456,315,416,315,sub_line_text,table_text,table_0,arial,regular,7.0,13hea_20211228_164033_8617598929_600_800.png,/scratch/parceirosbr/bigoilict/share/BigOil/document_generator/datasets/documents_2021_12_28/13hea_20211228_164033_8617598929_600_800.png,13hea_20211228_164033_8617598929_600_800_mask.png,688636.2231
20,3,40,7,416,319,456,326,416,319,456,319,456,326,416,326,text,table_text,table_0,arial,regular,7.0,13hea_20211228_164033_8617598929_600_800.png,/scratch/parceirosbr/bigoilict/share/BigOil/document_generator/datasets/documents_2021_12_28/13hea_20211228_164033_8617598929_600_800.png,13hea_20211228_164033_8617598929_600_800_mask.png,167949.5181
20,3,40,7,416,319,456,326,416,319,456,319,456,326,416,326,sub_line_text,table_text,table_0,arial,regular,7.0,13hea_20211228_164033_8617598929_600_800.png,/scratch/parceirosbr/bigoilict/share/BigOil/document_generator/datasets/documents_2021_12_28/13hea_20211228_164033_8617598929_600_800.png,13hea_20211228_164033_8617598929_600_800_mask.png,167949.5181
20,3,40,7,416,330,456,337,416,330,456,330,456,337,416,337,text,table_text,table_0,arial,regular,7.0,13hea_20211228_164033_8617598929_600_800.png,/scratch/parceirosbr/bigoilict/share/BigOil/document_generator/datasets/documents_2021_12_28/13hea_20211228_164033_8617598929_600_800.png,13hea_20211228_164033_8617598929_600_800_mask.png,549328.7298
20,3,40,7,416,330,456,337,416,330,456,330,456,337,416,337,sub_line_text,table_text,table_0,arial,regular,7.0,13hea_20211228_164033_8617598929_600_800.png,/scratch/parceirosbr/bigoilict/share/BigOil/document_generator/datasets/documents_2021_12_28/13hea_20211228_164033_8617598929_600_800.png,13hea_20211228_164033_8617598929_600_800_mask.png,549328.7298
20,3,40,7,416,340,456,347,416,340,456,340,456,347,416,347,text,table_text,table_0,arial,regular,7.0,13hea_20211228_164033_8617598929_600_800.png,/scratch/parceirosbr/bigoilict/share/BigOil/document_generator/datasets/documents_2021_12_28/13hea_20211228_164033_8617598929_600_800.png,13hea_20211228_164033_8617598929_600_800_mask.png,206481.9074
20,3,40,7,416,340,456,347,416,340,456,340,456,347,416,347,sub_line_text,table_text,table_0,arial,regular,7.0,13hea_20211228_164033_8617598929_600_800.png,/scratch/parceirosbr/bigoilict/share/BigOil/document_generator/datasets/documents_2021_12_28/13hea_20211228_164033_8617598929_600_800.png,13hea_20211228_164033_8617598929_600_800_mask.png,206481.9074
20,3,40,7,416,351,456,358,416,351,456,351,456,358,416,358,text,table_text,table_0,arial,regular,7.0,13hea_20211228_164033_8617598929_600_800.png,/scratch/parceirosbr/bigoilict/share/BigOil/document_generator/datasets/documents_2021_12_28/13hea_20211228_164033_8617598929_600_800.png,13hea_20211228_164033_8617598929_600_800_mask.png,700025.4687
20,3,40,7,416,351,456,358,416,351,456,351,456,358,416,358,sub_line_text,table_text,table_0,arial,regular,7.0,13hea_20211228_164033_8617598929_600_800.png,/scratch/parceirosbr/bigoilict/share/BigOil/document_generator/datasets/documents_2021_12_28/13hea_20211228_164033_8617598929_600_800.png,13hea_20211228_164033_8617598929_600_800_mask.png,700025.4687
20,3,40,7,416,362,456,369,416,362,456,362,456,369,416,369,text,table_text,table_0,arial,regular,7.0,13hea_20211228_164033_8617598929_600_800.png,/scratch/parceirosbr/bigoilict/share/BigOil/document_generator/datasets/documents_2021_12_28/13hea_20211228_164033_8617598929_600_800.png,13hea_20211228_164033_8617598929_600_800_mask.png,227910.3306
20,3,40,7,416,362,456,369,416,362,456,362,456,369,416,369,sub_line_text,table_text,table_0,arial,regular,7.0,13hea_20211228_164033_8617598929_600_800.png,/scratch/parceirosbr/bigoilict/share/BigOil/document_generator/datasets/documents_2021_12_28/13hea_20211228_164033_8617598929_600_800.png,13hea_20211228_164033_8617598929_600_800_mask.png,227910.3306
20,3,40,7,416,372,456,379,416,372,456,372,456,379,416,379,text,table_text,table_0,arial,regular,7.0,13hea_20211228_164033_8617598929_600_800.png,/scratch/parceirosbr/bigoilict/share/BigOil/document_generator/datasets/documents_2021_12_28/13hea_20211228_164033_8617598929_600_800.png,13hea_20211228_164033_8617598929_600_800_mask.png,667768.1946
20,3,40,7,416,372,456,379,416,372,456,372,456,379,416,379,sub_line_text,table_text,table_0,arial,regular,7.0,13hea_20211228_164033_8617598929_600_800.png,/scratch/parceirosbr/bigoilict/share/BigOil/document_generator/datasets/documents_2021_12_28/13hea_20211228_164033_8617598929_600_800.png,13hea_20211228_164033_8617598929_600_800_mask.png,667768.1946
20,3,40,7,416,383,456,390,416,383,456,383,456,390,416,390,text,table_text,table_0,arial,regular,7.0,13hea_20211228_164033_8617598929_600_800.png,/scratch/parceirosbr/bigoilict/share/BigOil/document_generator/datasets/documents_2021_12_28/13hea_20211228_164033_8617598929_600_800.png,13hea_20211228_164033_8617598929_600_800_mask.png,513108.9744
20,3,40,7,416,383,456,390,416,383,456,383,456,390,416,390,sub_line_text,table_text,table_0,arial,regular,7.0,13hea_20211228_164033_8617598929_600_800.png,/scratch/parceirosbr/bigoilict/share/BigOil/document_generator/datasets/documents_2021_12_28/13hea_20211228_164033_8617598929_600_800.png,13hea_20211228_164033_8617598929_600_800_mask.png,513108.9744
20,3,40,7,416,394,456,401,416,394,456,394,456,401,416,401,text,table_text,table_0,arial,regular,7.0,13hea_20211228_164033_8617598929_600_800.png,/scratch/parceirosbr/bigoilict/share/BigOil/document_generator/datasets/documents_2021_12_28/13hea_20211228_164033_8617598929_600_800.png,13hea_20211228_164033_8617598929_600_800_mask.png,935857.5079
20,3,40,7,416,394,456,401,416,394,456,394,456,401,416,401,sub_line_text,table_text,table_0,arial,regular,7.0,13hea_20211228_164033_8617598929_600_800.png,/scratch/parceirosbr/bigoilict/share/BigOil/document_generator/datasets/documents_2021_12_28/13hea_20211228_164033_8617598929_600_800.png,13hea_20211228_164033_8617598929_600_800_mask.png,935857.5079
20,3,40,7,416,404,456,411,416,404,456,404,456,411,416,411,text,table_text,table_0,arial,regular,7.0,13hea_20211228_164033_8617598929_600_800.png,/scratch/parceirosbr/bigoilict/share/BigOil/document_generator/datasets/documents_2021_12_28/13hea_20211228_164033_8617598929_600_800.png,13hea_20211228_164033_8617598929_600_800_mask.png,265457.5312
20,3,40,7,416,404,456,411,416,404,456,404,456,411,416,411,sub_line_text,table_text,table_0,arial,regular,7.0,13hea_20211228_164033_8617598929_600_800.png,/scratch/parceirosbr/bigoilict/share/BigOil/document_generator/datasets/documents_2021_12_28/13hea_20211228_164033_8617598929_600_800.png,13hea_20211228_164033_8617598929_600_800_mask.png,265457.5312
20,3,40,7,416,415,456,422,416,415,456,415,456,422,416,422,text,table_text,table_0,arial,regular,7.0,13hea_20211228_164033_8617598929_600_800.png,/scratch/parceirosbr/bigoilict/share/BigOil/document_generator/datasets/documents_2021_12_28/13hea_20211228_164033_8617598929_600_800.png,13hea_20211228_164033_8617598929_600_800_mask.png,847410.2954
20,3,40,7,416,415,456,422,416,415,456,415,456,422,416,422,sub_line_text,table_text,table_0,arial,regular,7.0,13hea_20211228_164033_8617598929_600_800.png,/scratch/parceirosbr/bigoilict/share/BigOil/document_generator/datasets/documents_2021_12_28/13hea_20211228_164033_8617598929_600_800.png,13hea_20211228_164033_8617598929_600_800_mask.png,847410.2954
20,3,40,7,416,426,456,433,416,426,456,426,456,433,416,433,text,table_text,table_0,arial,regular,7.0,13hea_20211228_164033_8617598929_600_800.png,/scratch/parceirosbr/bigoilict/share/BigOil/document_generator/datasets/documents_2021_12_28/13hea_20211228_164033_8617598929_600_800.png,13hea_20211228_164033_8617598929_600_800_mask.png,483092.9881
20,3,40,7,416,426,456,433,416,426,456,426,456,433,416,433,sub_line_text,table_text,table_0,arial,regular,7.0,13hea_20211228_164033_8617598929_600_800.png,/scratch/parceirosbr/bigoilict/share/BigOil/document_generator/datasets/documents_2021_12_28/13hea_20211228_164033_8617598929_600_800.png,13hea_20211228_164033_8617598929_600_800_mask.png,483092.9881
20,3,40,7,416,437,456,444,416,437,456,437,456,444,416,444,text,table_text,table_0,arial,regular,7.0,13hea_20211228_164033_8617598929_600_800.png,/scratch/parceirosbr/bigoilict/share/BigOil/document_generator/datasets/documents_2021_12_28/13hea_20211228_164033_8617598929_600_800.png,13hea_20211228_164033_8617598929_600_800_mask.png,811069.7909
20,3,40,7,416,437,456,444,416,437,456,437,456,444,416,444,sub_line_text,table_text,table_0,arial,regular,7.0,13hea_20211228_164033_8617598929_600_800.png,/scratch/parceirosbr/bigoilict/share/BigOil/document_generator/datasets/documents_2021_12_28/13hea_20211228_164033_8617598929_600_800.png,13hea_20211228_164033_8617598929_600_800_mask.png,811069.7909
20,3,40,7,416,447,456,454,416,447,456,447,456,454,416,454,text,table_text,table_0,arial,regular,7.0,13hea_20211228_164033_8617598929_600_800.png,/scratch/parceirosbr/bigoilict/share/BigOil/document_generator/datasets/documents_2021_12_28/13hea_20211228_164033_8617598929_600_800.png,13hea_20211228_164033_8617598929_600_800_mask.png,683255.7676
20,3,40,7,416,447,456,454,416,447,456,447,456,454,416,454,sub_line_text,table_text,table_0,arial,regular,7.0,13hea_20211228_164033_8617598929_600_800.png,/scratch/parceirosbr/bigoilict/share/BigOil/document_generator/datasets/documents_2021_12_28/13hea_20211228_164033_8617598929_600_800.png,13hea_20211228_164033_8617598929_600_800_mask.png,683255.7676
12,3,25,7,487,143,512,150,487,143,512,143,512,150,487,150,text,table_text,table_0,arial,regular,7.0,13hea_20211228_164033_8617598929_600_800.png,/scratch/parceirosbr/bigoilict/share/BigOil/document_generator/datasets/documents_2021_12_28/13hea_20211228_164033_8617598929_600_800.png,13hea_20211228_164033_8617598929_600_800_mask.png,hidratos
12,3,25,7,487,143,512,150,487,143,512,143,512,150,487,150,sub_line_text,table_text,table_0,arial,regular,7.0,13hea_20211228_164033_8617598929_600_800.png,/scratch/parceirosbr/bigoilict/share/BigOil/document_generator/datasets/documents_2021_12_28/13hea_20211228_164033_8617598929_600_800.png,13hea_20211228_164033_8617598929_600_800_mask.png,hidratos
14,3,29,7,485,159,514,166,485,159,514,159,514,166,485,166,text,table_text,table_0,arial,regular,7.0,13hea_20211228_164033_8617598929_600_800.png,/scratch/parceirosbr/bigoilict/share/BigOil/document_generator/datasets/documents_2021_12_28/13hea_20211228_164033_8617598929_600_800.png,13hea_20211228_164033_8617598929_600_800_mask.png,biodiesel
14,3,29,7,485,159,514,166,485,159,514,159,514,166,485,166,sub_line_text,table_text,table_0,arial,regular,7.0,13hea_20211228_164033_8617598929_600_800.png,/scratch/parceirosbr/bigoilict/share/BigOil/document_generator/datasets/documents_2021_12_28/13hea_20211228_164033_8617598929_600_800.png,13hea_20211228_164033_8617598929_600_800_mask.png,biodiesel
22,3,44,7,478,169,522,176,478,169,522,169,522,176,478,176,text,table_text,table_0,arial,regular,7.0,13hea_20211228_164033_8617598929_600_800.png,/scratch/parceirosbr/bigoilict/share/BigOil/document_generator/datasets/documents_2021_12_28/13hea_20211228_164033_8617598929_600_800.png,13hea_20211228_164033_8617598929_600_800_mask.png,complexidade
22,3,44,7,478,169,522,176,478,169,522,169,522,176,478,176,sub_line_text,table_text,table_0,arial,regular,7.0,13hea_20211228_164033_8617598929_600_800.png,/scratch/parceirosbr/bigoilict/share/BigOil/document_generator/datasets/documents_2021_12_28/13hea_20211228_164033_8617598929_600_800.png,13hea_20211228_164033_8617598929_600_800_mask.png,complexidade
11,3,23,7,487,180,510,187,487,180,510,180,510,187,487,187,text,table_text,table_0,arial,regular,7.0,13hea_20211228_164033_8617598929_600_800.png,/scratch/parceirosbr/bigoilict/share/BigOil/document_generator/datasets/documents_2021_12_28/13hea_20211228_164033_8617598929_600_800.png,13hea_20211228_164033_8617598929_600_800_mask.png,análise
11,3,23,7,487,180,510,187,487,180,510,180,510,187,487,187,sub_line_text,table_text,table_0,arial,regular,7.0,13hea_20211228_164033_8617598929_600_800.png,/scratch/parceirosbr/bigoilict/share/BigOil/document_generator/datasets/documents_2021_12_28/13hea_20211228_164033_8617598929_600_800.png,13hea_20211228_164033_8617598929_600_800_mask.png,análise
13,3,27,7,485,191,512,198,485,191,512,191,512,198,485,198,text,table_text,table_0,arial,regular,7.0,13hea_20211228_164033_8617598929_600_800.png,/scratch/parceirosbr/bigoilict/share/BigOil/document_generator/datasets/documents_2021_12_28/13hea_20211228_164033_8617598929_600_800.png,13hea_20211228_164033_8617598929_600_800_mask.png,estrutura
13,3,27,7,485,191,512,198,485,191,512,191,512,198,485,198,sub_line_text,table_text,table_0,arial,regular,7.0,13hea_20211228_164033_8617598929_600_800.png,/scratch/parceirosbr/bigoilict/share/BigOil/document_generator/datasets/documents_2021_12_28/13hea_20211228_164033_8617598929_600_800.png,13hea_20211228_164033_8617598929_600_800_mask.png,estrutura
9,3,19,7,489,202,508,209,489,202,508,202,508,209,489,209,text,table_text,table_0,arial,regular,7.0,13hea_20211228_164033_8617598929_600_800.png,/scratch/parceirosbr/bigoilict/share/BigOil/document_generator/datasets/documents_2021_12_28/13hea_20211228_164033_8617598929_600_800.png,13hea_20211228_164033_8617598929_600_800_mask.png,tratam
9,3,19,7,489,202,508,209,489,202,508,202,508,209,489,209,sub_line_text,table_text,table_0,arial,regular,7.0,13hea_20211228_164033_8617598929_600_800.png,/scratch/parceirosbr/bigoilict/share/BigOil/document_generator/datasets/documents_2021_12_28/13hea_20211228_164033_8617598929_600_800.png,13hea_20211228_164033_8617598929_600_800_mask.png,tratam
11,3,23,7,487,212,510,219,487,212,510,212,510,219,487,219,text,table_text,table_0,arial,regular,7.0,13hea_20211228_164033_8617598929_600_800.png,/scratch/parceirosbr/bigoilict/share/BigOil/document_generator/datasets/documents_2021_12_28/13hea_20211228_164033_8617598929_600_800.png,13hea_20211228_164033_8617598929_600_800_mask.png,tomada
11,3,23,7,487,212,510,219,487,212,510,212,510,219,487,219,sub_line_text,table_text,table_0,arial,regular,7.0,13hea_20211228_164033_8617598929_600_800.png,/scratch/parceirosbr/bigoilict/share/BigOil/document_generator/datasets/documents_2021_12_28/13hea_20211228_164033_8617598929_600_800.png,13hea_20211228_164033_8617598929_600_800_mask.png,tomada
12,3,25,7,487,223,512,230,487,223,512,223,512,230,487,230,text,table_text,table_0,arial,regular,7.0,13hea_20211228_164033_8617598929_600_800.png,/scratch/parceirosbr/bigoilict/share/BigOil/document_generator/datasets/documents_2021_12_28/13hea_20211228_164033_8617598929_600_800.png,13hea_20211228_164033_8617598929_600_800_mask.png,também
12,3,25,7,487,223,512,230,487,223,512,223,512,230,487,230,sub_line_text,table_text,table_0,arial,regular,7.0,13hea_20211228_164033_8617598929_600_800.png,/scratch/parceirosbr/bigoilict/share/BigOil/document_generator/datasets/documents_2021_12_28/13hea_20211228_164033_8617598929_600_800.png,13hea_20211228_164033_8617598929_600_800_mask.png,também
16,3,32,7,483,234,515,241,483,234,515,234,515,241,483,241,text,table_text,table_0,arial,regular,7.0,13hea_20211228_164033_8617598929_600_800.png,/scratch/parceirosbr/bigoilict/share/BigOil/document_generator/datasets/documents_2021_12_28/13hea_20211228_164033_8617598929_600_800.png,13hea_20211228_164033_8617598929_600_800_mask.png,adiamento
16,3,32,7,483,234,515,241,483,234,515,234,515,241,483,241,sub_line_text,table_text,table_0,arial,regular,7.0,13hea_20211228_164033_8617598929_600_800.png,/scratch/parceirosbr/bigoilict/share/BigOil/document_generator/datasets/documents_2021_12_28/13hea_20211228_164033_8617598929_600_800.png,13hea_20211228_164033_8617598929_600_800_mask.png,adiamento
6,3,13,7,493,244,506,251,493,244,506,244,506,251,493,251,text,table_text,table_0,arial,regular,7.0,13hea_20211228_164033_8617598929_600_800.png,/scratch/parceirosbr/bigoilict/share/BigOil/document_generator/datasets/documents_2021_12_28/13hea_20211228_164033_8617598929_600_800.png,13hea_20211228_164033_8617598929_600_800_mask.png,para
6,3,13,7,493,244,506,251,493,244,506,244,506,251,493,251,sub_line_text,table_text,table_0,arial,regular,7.0,13hea_20211228_164033_8617598929_600_800.png,/scratch/parceirosbr/bigoilict/share/BigOil/document_generator/datasets/documents_2021_12_28/13hea_20211228_164033_8617598929_600_800.png,13hea_20211228_164033_8617598929_600_800_mask.png,para
19,3,38,7,480,255,518,262,480,255,518,255,518,262,480,262,text,table_text,table_0,arial,regular,7.0,13hea_20211228_164033_8617598929_600_800.png,/scratch/parceirosbr/bigoilict/share/BigOil/document_generator/datasets/documents_2021_12_28/13hea_20211228_164033_8617598929_600_800.png,13hea_20211228_164033_8617598929_600_800_mask.png,combustível
19,3,38,7,480,255,518,262,480,255,518,255,518,262,480,262,sub_line_text,table_text,table_0,arial,regular,7.0,13hea_20211228_164033_8617598929_600_800.png,/scratch/parceirosbr/bigoilict/share/BigOil/document_generator/datasets/documents_2021_12_28/13hea_20211228_164033_8617598929_600_800.png,13hea_20211228_164033_8617598929_600_800_mask.png,combustível
8,3,17,7,491,266,508,273,491,266,508,266,508,273,491,273,text,table_text,table_0,arial,regular,7.0,13hea_20211228_164033_8617598929_600_800.png,/scratch/parceirosbr/bigoilict/share/BigOil/document_generator/datasets/documents_2021_12_28/13hea_20211228_164033_8617598929_600_800.png,13hea_20211228_164033_8617598929_600_800_mask.png,áreas
8,3,17,7,491,266,508,273,491,266,508,266,508,273,491,273,sub_line_text,table_text,table_0,arial,regular,7.0,13hea_20211228_164033_8617598929_600_800.png,/scratch/parceirosbr/bigoilict/share/BigOil/document_generator/datasets/documents_2021_12_28/13hea_20211228_164033_8617598929_600_800.png,13hea_20211228_164033_8617598929_600_800_mask.png,áreas
8,3,17,7,491,276,508,283,491,276,508,276,508,283,491,283,text,table_text,table_0,arial,regular,7.0,13hea_20211228_164033_8617598929_600_800.png,/scratch/parceirosbr/bigoilict/share/BigOil/document_generator/datasets/documents_2021_12_28/13hea_20211228_164033_8617598929_600_800.png,13hea_20211228_164033_8617598929_600_800_mask.png,balão
8,3,17,7,491,276,508,283,491,276,508,276,508,283,491,283,sub_line_text,table_text,table_0,arial,regular,7.0,13hea_20211228_164033_8617598929_600_800.png,/scratch/parceirosbr/bigoilict/share/BigOil/document_generator/datasets/documents_2021_12_28/13hea_20211228_164033_8617598929_600_800.png,13hea_20211228_164033_8617598929_600_800_mask.png,balão
8,3,16,7,491,287,507,294,491,287,507,287,507,294,491,294,text,table_text,table_0,arial,regular,7.0,13hea_20211228_164033_8617598929_600_800.png,/scratch/parceirosbr/bigoilict/share/BigOil/document_generator/datasets/documents_2021_12_28/13hea_20211228_164033_8617598929_600_800.png,13hea_20211228_164033_8617598929_600_800_mask.png,julho
8,3,16,7,491,287,507,294,491,287,507,287,507,294,491,294,sub_line_text,table_text,table_0,arial,regular,7.0,13hea_20211228_164033_8617598929_600_800.png,/scratch/parceirosbr/bigoilict/share/BigOil/document_generator/datasets/documents_2021_12_28/13hea_20211228_164033_8617598929_600_800.png,13hea_20211228_164033_8617598929_600_800_mask.png,julho
9,3,19,7,489,298,508,305,489,298,508,298,508,305,489,305,text,table_text,table_0,arial,regular,7.0,13hea_20211228_164033_8617598929_600_800.png,/scratch/parceirosbr/bigoilict/share/BigOil/document_generator/datasets/documents_2021_12_28/13hea_20211228_164033_8617598929_600_800.png,13hea_20211228_164033_8617598929_600_800_mask.png,nesse
9,3,19,7,489,298,508,305,489,298,508,298,508,305,489,305,sub_line_text,table_text,table_0,arial,regular,7.0,13hea_20211228_164033_8617598929_600_800.png,/scratch/parceirosbr/bigoilict/share/BigOil/document_generator/datasets/documents_2021_12_28/13hea_20211228_164033_8617598929_600_800.png,13hea_20211228_164033_8617598929_600_800_mask.png,nesse
11,3,23,7,487,308,510,315,487,308,510,308,510,315,487,315,text,table_text,table_0,arial,regular,7.0,13hea_20211228_164033_8617598929_600_800.png,/scratch/parceirosbr/bigoilict/share/BigOil/document_generator/datasets/documents_2021_12_28/13hea_20211228_164033_8617598929_600_800.png,13hea_20211228_164033_8617598929_600_800_mask.png,estreita
11,3,23,7,487,308,510,315,487,308,510,308,510,315,487,315,sub_line_text,table_text,table_0,arial,regular,7.0,13hea_20211228_164033_8617598929_600_800.png,/scratch/parceirosbr/bigoilict/share/BigOil/document_generator/datasets/documents_2021_12_28/13hea_20211228_164033_8617598929_600_800.png,13hea_20211228_164033_8617598929_600_800_mask.png,estreita
17,3,34,7,482,319,516,326,482,319,516,319,516,326,482,326,text,table_text,table_0,arial,regular,7.0,13hea_20211228_164033_8617598929_600_800.png,/scratch/parceirosbr/bigoilict/share/BigOil/document_generator/datasets/documents_2021_12_28/13hea_20211228_164033_8617598929_600_800.png,13hea_20211228_164033_8617598929_600_800_mask.png,calculadas
17,3,34,7,482,319,516,326,482,319,516,319,516,326,482,326,sub_line_text,table_text,table_0,arial,regular,7.0,13hea_20211228_164033_8617598929_600_800.png,/scratch/parceirosbr/bigoilict/share/BigOil/document_generator/datasets/documents_2021_12_28/13hea_20211228_164033_8617598929_600_800.png,13hea_20211228_164033_8617598929_600_800_mask.png,calculadas
10,3,21,7,489,330,510,337,489,330,510,330,510,337,489,337,text,table_text,table_0,arial,regular,7.0,13hea_20211228_164033_8617598929_600_800.png,/scratch/parceirosbr/bigoilict/share/BigOil/document_generator/datasets/documents_2021_12_28/13hea_20211228_164033_8617598929_600_800.png,13hea_20211228_164033_8617598929_600_800_mask.png,grande
10,3,21,7,489,330,510,337,489,330,510,330,510,337,489,337,sub_line_text,table_text,table_0,arial,regular,7.0,13hea_20211228_164033_8617598929_600_800.png,/scratch/parceirosbr/bigoilict/share/BigOil/document_generator/datasets/documents_2021_12_28/13hea_20211228_164033_8617598929_600_800.png,13hea_20211228_164033_8617598929_600_800_mask.png,grande
22,3,44,7,478,340,522,347,478,340,522,340,522,347,478,347,text,table_text,table_0,arial,regular,7.0,13hea_20211228_164033_8617598929_600_800.png,/scratch/parceirosbr/bigoilict/share/BigOil/document_generator/datasets/documents_2021_12_28/13hea_20211228_164033_8617598929_600_800.png,13hea_20211228_164033_8617598929_600_800_mask.png,complexidade
22,3,44,7,478,340,522,347,478,340,522,340,522,347,478,347,sub_line_text,table_text,table_0,arial,regular,7.0,13hea_20211228_164033_8617598929_600_800.png,/scratch/parceirosbr/bigoilict/share/BigOil/document_generator/datasets/documents_2021_12_28/13hea_20211228_164033_8617598929_600_800.png,13hea_20211228_164033_8617598929_600_800_mask.png,complexidade
14,3,29,7,485,351,514,358,485,351,514,351,514,358,485,358,text,table_text,table_0,arial,regular,7.0,13hea_20211228_164033_8617598929_600_800.png,/scratch/parceirosbr/bigoilict/share/BigOil/document_generator/datasets/documents_2021_12_28/13hea_20211228_164033_8617598929_600_800.png,13hea_20211228_164033_8617598929_600_800_mask.png,formando
14,3,29,7,485,351,514,358,485,351,514,351,514,358,485,358,sub_line_text,table_text,table_0,arial,regular,7.0,13hea_20211228_164033_8617598929_600_800.png,/scratch/parceirosbr/bigoilict/share/BigOil/document_generator/datasets/documents_2021_12_28/13hea_20211228_164033_8617598929_600_800.png,13hea_20211228_164033_8617598929_600_800_mask.png,formando
11,3,23,7,487,362,510,369,487,362,510,362,510,369,487,369,text,table_text,table_0,arial,regular,7.0,13hea_20211228_164033_8617598929_600_800.png,/scratch/parceirosbr/bigoilict/share/BigOil/document_generator/datasets/documents_2021_12_28/13hea_20211228_164033_8617598929_600_800.png,13hea_20211228_164033_8617598929_600_800_mask.png,medida
11,3,23,7,487,362,510,369,487,362,510,362,510,369,487,369,sub_line_text,table_text,table_0,arial,regular,7.0,13hea_20211228_164033_8617598929_600_800.png,/scratch/parceirosbr/bigoilict/share/BigOil/document_generator/datasets/documents_2021_12_28/13hea_20211228_164033_8617598929_600_800.png,13hea_20211228_164033_8617598929_600_800_mask.png,medida
15,3,30,7,483,372,513,379,483,372,513,372,513,379,483,379,text,table_text,table_0,arial,regular,7.0,13hea_20211228_164033_8617598929_600_800.png,/scratch/parceirosbr/bigoilict/share/BigOil/document_generator/datasets/documents_2021_12_28/13hea_20211228_164033_8617598929_600_800.png,13hea_20211228_164033_8617598929_600_800_mask.png,principais
15,3,30,7,483,372,513,379,483,372,513,372,513,379,483,379,sub_line_text,table_text,table_0,arial,regular,7.0,13hea_20211228_164033_8617598929_600_800.png,/scratch/parceirosbr/bigoilict/share/BigOil/document_generator/datasets/documents_2021_12_28/13hea_20211228_164033_8617598929_600_800.png,13hea_20211228_164033_8617598929_600_800_mask.png,principais
11,3,23,7,487,383,510,390,487,383,510,383,510,390,487,390,text,table_text,table_0,arial,regular,7.0,13hea_20211228_164033_8617598929_600_800.png,/scratch/parceirosbr/bigoilict/share/BigOil/document_generator/datasets/documents_2021_12_28/13hea_20211228_164033_8617598929_600_800.png,13hea_20211228_164033_8617598929_600_800_mask.png,demais
11,3,23,7,487,383,510,390,487,383,510,383,510,390,487,390,sub_line_text,table_text,table_0,arial,regular,7.0,13hea_20211228_164033_8617598929_600_800.png,/scratch/parceirosbr/bigoilict/share/BigOil/document_generator/datasets/documents_2021_12_28/13hea_20211228_164033_8617598929_600_800.png,13hea_20211228_164033_8617598929_600_800_mask.png,demais
21,3,42,7,478,394,520,401,478,394,520,394,520,401,478,401,text,table_text,table_0,arial,regular,7.0,13hea_20211228_164033_8617598929_600_800.png,/scratch/parceirosbr/bigoilict/share/BigOil/document_generator/datasets/documents_2021_12_28/13hea_20211228_164033_8617598929_600_800.png,13hea_20211228_164033_8617598929_600_800_mask.png,catalisadores
21,3,42,7,478,394,520,401,478,394,520,394,520,401,478,401,sub_line_text,table_text,table_0,arial,regular,7.0,13hea_20211228_164033_8617598929_600_800.png,/scratch/parceirosbr/bigoilict/share/BigOil/document_generator/datasets/documents_2021_12_28/13hea_20211228_164033_8617598929_600_800.png,13hea_20211228_164033_8617598929_600_800_mask.png,catalisadores
10,3,21,7,489,404,510,411,489,404,510,404,510,411,489,411,text,table_text,table_0,arial,regular,7.0,13hea_20211228_164033_8617598929_600_800.png,/scratch/parceirosbr/bigoilict/share/BigOil/document_generator/datasets/documents_2021_12_28/13hea_20211228_164033_8617598929_600_800.png,13hea_20211228_164033_8617598929_600_800_mask.png,podem
10,3,21,7,489,404,510,411,489,404,510,404,510,411,489,411,sub_line_text,table_text,table_0,arial,regular,7.0,13hea_20211228_164033_8617598929_600_800.png,/scratch/parceirosbr/bigoilict/share/BigOil/document_generator/datasets/documents_2021_12_28/13hea_20211228_164033_8617598929_600_800.png,13hea_20211228_164033_8617598929_600_800_mask.png,podem
6,3,13,7,493,415,506,422,493,415,506,415,506,422,493,422,text,table_text,table_0,arial,regular,7.0,13hea_20211228_164033_8617598929_600_800.png,/scratch/parceirosbr/bigoilict/share/BigOil/document_generator/datasets/documents_2021_12_28/13hea_20211228_164033_8617598929_600_800.png,13hea_20211228_164033_8617598929_600_800_mask.png,pelo
6,3,13,7,493,415,506,422,493,415,506,415,506,422,493,422,sub_line_text,table_text,table_0,arial,regular,7.0,13hea_20211228_164033_8617598929_600_800.png,/scratch/parceirosbr/bigoilict/share/BigOil/document_generator/datasets/documents_2021_12_28/13hea_20211228_164033_8617598929_600_800.png,13hea_20211228_164033_8617598929_600_800_mask.png,pelo
5,3,11,7,493,426,504,433,493,426,504,426,504,433,493,433,text,table_text,table_0,arial,regular,7.0,13hea_20211228_164033_8617598929_600_800.png,/scratch/parceirosbr/bigoilict/share/BigOil/document_generator/datasets/documents_2021_12_28/13hea_20211228_164033_8617598929_600_800.png,13hea_20211228_164033_8617598929_600_800_mask.png,não
5,3,11,7,493,426,504,433,493,426,504,426,504,433,493,433,sub_line_text,table_text,table_0,arial,regular,7.0,13hea_20211228_164033_8617598929_600_800.png,/scratch/parceirosbr/bigoilict/share/BigOil/document_generator/datasets/documents_2021_12_28/13hea_20211228_164033_8617598929_600_800.png,13hea_20211228_164033_8617598929_600_800_mask.png,não
14,3,29,7,485,437,514,444,485,437,514,437,514,444,485,444,text,table_text,table_0,arial,regular,7.0,13hea_20211228_164033_8617598929_600_800.png,/scratch/parceirosbr/bigoilict/share/BigOil/document_generator/datasets/documents_2021_12_28/13hea_20211228_164033_8617598929_600_800.png,13hea_20211228_164033_8617598929_600_800_mask.png,formação
14,3,29,7,485,437,514,444,485,437,514,437,514,444,485,444,sub_line_text,table_text,table_0,arial,regular,7.0,13hea_20211228_164033_8617598929_600_800.png,/scratch/parceirosbr/bigoilict/share/BigOil/document_generator/datasets/documents_2021_12_28/13hea_20211228_164033_8617598929_600_800.png,13hea_20211228_164033_8617598929_600_800_mask.png,formação
10,3,21,7,489,447,510,454,489,447,510,447,510,454,489,454,text,table_text,table_0,arial,regular,7.0,13hea_20211228_164033_8617598929_600_800.png,/scratch/parceirosbr/bigoilict/share/BigOil/document_generator/datasets/documents_2021_12_28/13hea_20211228_164033_8617598929_600_800.png,13hea_20211228_164033_8617598929_600_800_mask.png,prática
10,3,21,7,489,447,510,454,489,447,510,447,510,454,489,454,sub_line_text,table_text,table_0,arial,regular,7.0,13hea_20211228_164033_8617598929_600_800.png,/scratch/parceirosbr/bigoilict/share/BigOil/document_generator/datasets/documents_2021_12_28/13hea_20211228_164033_8617598929_600_800.png,13hea_20211228_164033_8617598929_600_800_mask.png,prática
80,3,160,7,65,136,225,143,65,136,225,136,225,143,65,143,sub_line_text,table_legend,table_0,times,regular,6,13hea_20211228_164033_8617598929_600_800.png,/scratch/parceirosbr/bigoilict/share/BigOil/document_generator/datasets/documents_2021_12_28/13hea_20211228_164033_8617598929_600_800.png,13hea_20211228_164033_8617598929_600_800_mask.png,Tab.  20:    The  oxidation  of  biodiesel  comes from succes-
80,3,160,7,65,146,225,153,65,146,225,146,225,153,65,153,sub_line_text,table_legend,table_0,times,regular,6,13hea_20211228_164033_8617598929_600_800.png,/scratch/parceirosbr/bigoilict/share/BigOil/document_generator/datasets/documents_2021_12_28/13hea_20211228_164033_8617598929_600_800.png,13hea_20211228_164033_8617598929_600_800_mask.png,sive  radical  reactions  that  occur  in  the grease chain of e-
14,3,28,7,65,156,93,163,65,156,93,156,93,163,65,163,sub_line_text,table_legend,table_0,times,regular,6,13hea_20211228_164033_8617598929_600_800.png,/scratch/parceirosbr/bigoilict/share/BigOil/document_generator/datasets/documents_2021_12_28/13hea_20211228_164033_8617598929_600_800.png,13hea_20211228_164033_8617598929_600_800_mask.png,"sters, when"
80,13,160,27,65,136,225,163,65,136,225,136,225,163,65,163,text,table_legend,table_0,times,regular,6,13hea_20211228_164033_8617598929_600_800.png,/scratch/parceirosbr/bigoilict/share/BigOil/document_generator/datasets/documents_2021_12_28/13hea_20211228_164033_8617598929_600_800.png,13hea_20211228_164033_8617598929_600_800_mask.png,nan
43,4,86,9,65,478,151,487,65,478,151,478,151,487,65,487,sub_line_text,subsubsubtitle,subsubsubtitle_0,times,bolditalic,7,13hea_20211228_164033_8617598929_600_800.png,/scratch/parceirosbr/bigoilict/share/BigOil/document_generator/datasets/documents_2021_12_28/13hea_20211228_164033_8617598929_600_800.png,13hea_20211228_164033_8617598929_600_800_mask.png,"4.1.3. Cabeça como função,"
43,4,86,9,65,478,151,487,65,478,151,478,151,487,65,487,title,subsubsubtitle,subsubsubtitle_0,times,bolditalic,7,13hea_20211228_164033_8617598929_600_800.png,/scratch/parceirosbr/bigoilict/share/BigOil/document_generator/datasets/documents_2021_12_28/13hea_20211228_164033_8617598929_600_800.png,13hea_20211228_164033_8617598929_600_800_mask.png,nan
134,109,268,218,273,493,541,711,273,493,541,493,541,711,273,711,table,table_image,table_0,,,,13hea_20211228_164033_8617598929_600_800.png,/scratch/parceirosbr/bigoilict/share/BigOil/document_generator/datasets/documents_2021_12_28/13hea_20211228_164033_8617598929_600_800.png,13hea_20211228_164033_8617598929_600_800_mask.png,output/gen_tab_20211228_164041_2480061522.png
7,4,14,8,304,496,318,504,304,496,318,496,318,504,304,504,text,table_text,table_0,opensans,italic,7.0,13hea_20211228_164033_8617598929_600_800.png,/scratch/parceirosbr/bigoilict/share/BigOil/document_generator/datasets/documents_2021_12_28/13hea_20211228_164033_8617598929_600_800.png,13hea_20211228_164033_8617598929_600_800_mask.png,setor
7,4,14,8,304,496,318,504,304,496,318,496,318,504,304,504,sub_line_text,table_text,table_0,opensans,italic,7.0,13hea_20211228_164033_8617598929_600_800.png,/scratch/parceirosbr/bigoilict/share/BigOil/document_generator/datasets/documents_2021_12_28/13hea_20211228_164033_8617598929_600_800.png,13hea_20211228_164033_8617598929_600_800_mask.png,setor
8,4,16,8,302,505,318,513,302,505,318,505,318,513,302,513,text,table_text,table_0,opensans,italic,7.0,13hea_20211228_164033_8617598929_600_800.png,/scratch/parceirosbr/bigoilict/share/BigOil/document_generator/datasets/documents_2021_12_28/13hea_20211228_164033_8617598929_600_800.png,13hea_20211228_164033_8617598929_600_800_mask.png,tendo
8,4,16,8,302,505,318,513,302,505,318,505,318,513,302,513,sub_line_text,table_text,table_0,opensans,italic,7.0,13hea_20211228_164033_8617598929_600_800.png,/scratch/parceirosbr/bigoilict/share/BigOil/document_generator/datasets/documents_2021_12_28/13hea_20211228_164033_8617598929_600_800.png,13hea_20211228_164033_8617598929_600_800_mask.png,tendo
10,4,20,8,297,524,317,532,297,524,317,524,317,532,297,532,text,table_text,table_0,opensans,italic,7.0,13hea_20211228_164033_8617598929_600_800.png,/scratch/parceirosbr/bigoilict/share/BigOil/document_generator/datasets/documents_2021_12_28/13hea_20211228_164033_8617598929_600_800.png,13hea_20211228_164033_8617598929_600_800_mask.png,3924.4
10,4,20,8,297,524,317,532,297,524,317,524,317,532,297,532,sub_line_text,table_text,table_0,opensans,italic,7.0,13hea_20211228_164033_8617598929_600_800.png,/scratch/parceirosbr/bigoilict/share/BigOil/document_generator/datasets/documents_2021_12_28/13hea_20211228_164033_8617598929_600_800.png,13hea_20211228_164033_8617598929_600_800_mask.png,3924.4
8,4,17,8,301,536,318,544,301,536,318,536,318,544,301,544,text,table_text,table_0,opensans,italic,7.0,13hea_20211228_164033_8617598929_600_800.png,/scratch/parceirosbr/bigoilict/share/BigOil/document_generator/datasets/documents_2021_12_28/13hea_20211228_164033_8617598929_600_800.png,13hea_20211228_164033_8617598929_600_800_mask.png,869.6
8,4,17,8,301,536,318,544,301,536,318,536,318,544,301,544,sub_line_text,table_text,table_0,opensans,italic,7.0,13hea_20211228_164033_8617598929_600_800.png,/scratch/parceirosbr/bigoilict/share/BigOil/document_generator/datasets/documents_2021_12_28/13hea_20211228_164033_8617598929_600_800.png,13hea_20211228_164033_8617598929_600_800_mask.png,869.6
12,4,24,8,293,547,317,555,293,547,317,547,317,555,293,555,text,table_text,table_0,opensans,italic,7.0,13hea_20211228_164033_8617598929_600_800.png,/scratch/parceirosbr/bigoilict/share/BigOil/document_generator/datasets/documents_2021_12_28/13hea_20211228_164033_8617598929_600_800.png,13hea_20211228_164033_8617598929_600_800_mask.png,15357.9
12,4,24,8,293,547,317,555,293,547,317,547,317,555,293,555,sub_line_text,table_text,table_0,opensans,italic,7.0,13hea_20211228_164033_8617598929_600_800.png,/scratch/parceirosbr/bigoilict/share/BigOil/document_generator/datasets/documents_2021_12_28/13hea_20211228_164033_8617598929_600_800.png,13hea_20211228_164033_8617598929_600_800_mask.png,15357.9
10,4,20,8,297,558,317,566,297,558,317,558,317,566,297,566,text,table_text,table_0,opensans,italic,7.0,13hea_20211228_164033_8617598929_600_800.png,/scratch/parceirosbr/bigoilict/share/BigOil/document_generator/datasets/documents_2021_12_28/13hea_20211228_164033_8617598929_600_800.png,13hea_20211228_164033_8617598929_600_800_mask.png,7341.7
10,4,20,8,297,558,317,566,297,558,317,558,317,566,297,566,sub_line_text,table_text,table_0,opensans,italic,7.0,13hea_20211228_164033_8617598929_600_800.png,/scratch/parceirosbr/bigoilict/share/BigOil/document_generator/datasets/documents_2021_12_28/13hea_20211228_164033_8617598929_600_800.png,13hea_20211228_164033_8617598929_600_800_mask.png,7341.7
8,4,17,8,301,570,318,578,301,570,318,570,318,578,301,578,text,table_text,table_0,opensans,italic,7.0,13hea_20211228_164033_8617598929_600_800.png,/scratch/parceirosbr/bigoilict/share/BigOil/document_generator/datasets/documents_2021_12_28/13hea_20211228_164033_8617598929_600_800.png,13hea_20211228_164033_8617598929_600_800_mask.png,163.2
8,4,17,8,301,570,318,578,301,570,318,570,318,578,301,578,sub_line_text,table_text,table_0,opensans,italic,7.0,13hea_20211228_164033_8617598929_600_800.png,/scratch/parceirosbr/bigoilict/share/BigOil/document_generator/datasets/documents_2021_12_28/13hea_20211228_164033_8617598929_600_800.png,13hea_20211228_164033_8617598929_600_800_mask.png,163.2
10,4,20,8,297,581,317,589,297,581,317,581,317,589,297,589,text,table_text,table_0,opensans,italic,7.0,13hea_20211228_164033_8617598929_600_800.png,/scratch/parceirosbr/bigoilict/share/BigOil/document_generator/datasets/documents_2021_12_28/13hea_20211228_164033_8617598929_600_800.png,13hea_20211228_164033_8617598929_600_800_mask.png,8762.1
10,4,20,8,297,581,317,589,297,581,317,581,317,589,297,589,sub_line_text,table_text,table_0,opensans,italic,7.0,13hea_20211228_164033_8617598929_600_800.png,/scratch/parceirosbr/bigoilict/share/BigOil/document_generator/datasets/documents_2021_12_28/13hea_20211228_164033_8617598929_600_800.png,13hea_20211228_164033_8617598929_600_800_mask.png,8762.1
10,4,20,8,297,593,317,601,297,593,317,593,317,601,297,601,text,table_text,table_0,opensans,italic,7.0,13hea_20211228_164033_8617598929_600_800.png,/scratch/parceirosbr/bigoilict/share/BigOil/document_generator/datasets/documents_2021_12_28/13hea_20211228_164033_8617598929_600_800.png,13hea_20211228_164033_8617598929_600_800_mask.png,3457.0
10,4,20,8,297,593,317,601,297,593,317,593,317,601,297,601,sub_line_text,table_text,table_0,opensans,italic,7.0,13hea_20211228_164033_8617598929_600_800.png,/scratch/parceirosbr/bigoilict/share/BigOil/document_generator/datasets/documents_2021_12_28/13hea_20211228_164033_8617598929_600_800.png,13hea_20211228_164033_8617598929_600_800_mask.png,3457.0
12,4,24,8,293,604,317,612,293,604,317,604,317,612,293,612,text,table_text,table_0,opensans,italic,7.0,13hea_20211228_164033_8617598929_600_800.png,/scratch/parceirosbr/bigoilict/share/BigOil/document_generator/datasets/documents_2021_12_28/13hea_20211228_164033_8617598929_600_800.png,13hea_20211228_164033_8617598929_600_800_mask.png,99916.4
12,4,24,8,293,604,317,612,293,604,317,604,317,612,293,612,sub_line_text,table_text,table_0,opensans,italic,7.0,13hea_20211228_164033_8617598929_600_800.png,/scratch/parceirosbr/bigoilict/share/BigOil/document_generator/datasets/documents_2021_12_28/13hea_20211228_164033_8617598929_600_800.png,13hea_20211228_164033_8617598929_600_800_mask.png,99916.4
10,4,20,8,297,616,317,624,297,616,317,616,317,624,297,624,text,table_text,table_0,opensans,italic,7.0,13hea_20211228_164033_8617598929_600_800.png,/scratch/parceirosbr/bigoilict/share/BigOil/document_generator/datasets/documents_2021_12_28/13hea_20211228_164033_8617598929_600_800.png,13hea_20211228_164033_8617598929_600_800_mask.png,2873.4
10,4,20,8,297,616,317,624,297,616,317,616,317,624,297,624,sub_line_text,table_text,table_0,opensans,italic,7.0,13hea_20211228_164033_8617598929_600_800.png,/scratch/parceirosbr/bigoilict/share/BigOil/document_generator/datasets/documents_2021_12_28/13hea_20211228_164033_8617598929_600_800.png,13hea_20211228_164033_8617598929_600_800_mask.png,2873.4
12,4,24,8,293,627,317,635,293,627,317,627,317,635,293,635,text,table_text,table_0,opensans,italic,7.0,13hea_20211228_164033_8617598929_600_800.png,/scratch/parceirosbr/bigoilict/share/BigOil/document_generator/datasets/documents_2021_12_28/13hea_20211228_164033_8617598929_600_800.png,13hea_20211228_164033_8617598929_600_800_mask.png,73261.2
12,4,24,8,293,627,317,635,293,627,317,627,317,635,293,635,sub_line_text,table_text,table_0,opensans,italic,7.0,13hea_20211228_164033_8617598929_600_800.png,/scratch/parceirosbr/bigoilict/share/BigOil/document_generator/datasets/documents_2021_12_28/13hea_20211228_164033_8617598929_600_800.png,13hea_20211228_164033_8617598929_600_800_mask.png,73261.2
8,4,17,8,301,639,318,647,301,639,318,639,318,647,301,647,text,table_text,table_0,opensans,italic,7.0,13hea_20211228_164033_8617598929_600_800.png,/scratch/parceirosbr/bigoilict/share/BigOil/document_generator/datasets/documents_2021_12_28/13hea_20211228_164033_8617598929_600_800.png,13hea_20211228_164033_8617598929_600_800_mask.png,897.2
8,4,17,8,301,639,318,647,301,639,318,639,318,647,301,647,sub_line_text,table_text,table_0,opensans,italic,7.0,13hea_20211228_164033_8617598929_600_800.png,/scratch/parceirosbr/bigoilict/share/BigOil/document_generator/datasets/documents_2021_12_28/13hea_20211228_164033_8617598929_600_800.png,13hea_20211228_164033_8617598929_600_800_mask.png,897.2
8,4,17,8,301,650,318,658,301,650,318,650,318,658,301,658,text,table_text,table_0,opensans,italic,7.0,13hea_20211228_164033_8617598929_600_800.png,/scratch/parceirosbr/bigoilict/share/BigOil/document_generator/datasets/documents_2021_12_28/13hea_20211228_164033_8617598929_600_800.png,13hea_20211228_164033_8617598929_600_800_mask.png,694.8
8,4,17,8,301,650,318,658,301,650,318,650,318,658,301,658,sub_line_text,table_text,table_0,opensans,italic,7.0,13hea_20211228_164033_8617598929_600_800.png,/scratch/parceirosbr/bigoilict/share/BigOil/document_generator/datasets/documents_2021_12_28/13hea_20211228_164033_8617598929_600_800.png,13hea_20211228_164033_8617598929_600_800_mask.png,694.8
8,4,17,8,301,662,318,670,301,662,318,662,318,670,301,670,text,table_text,table_0,opensans,italic,7.0,13hea_20211228_164033_8617598929_600_800.png,/scratch/parceirosbr/bigoilict/share/BigOil/document_generator/datasets/documents_2021_12_28/13hea_20211228_164033_8617598929_600_800.png,13hea_20211228_164033_8617598929_600_800_mask.png,495.7
8,4,17,8,301,662,318,670,301,662,318,662,318,670,301,670,sub_line_text,table_text,table_0,opensans,italic,7.0,13hea_20211228_164033_8617598929_600_800.png,/scratch/parceirosbr/bigoilict/share/BigOil/document_generator/datasets/documents_2021_12_28/13hea_20211228_164033_8617598929_600_800.png,13hea_20211228_164033_8617598929_600_800_mask.png,495.7
8,4,17,8,301,673,318,681,301,673,318,673,318,681,301,681,text,table_text,table_0,opensans,italic,7.0,13hea_20211228_164033_8617598929_600_800.png,/scratch/parceirosbr/bigoilict/share/BigOil/document_generator/datasets/documents_2021_12_28/13hea_20211228_164033_8617598929_600_800.png,13hea_20211228_164033_8617598929_600_800_mask.png,204.6
8,4,17,8,301,673,318,681,301,673,318,673,318,681,301,681,sub_line_text,table_text,table_0,opensans,italic,7.0,13hea_20211228_164033_8617598929_600_800.png,/scratch/parceirosbr/bigoilict/share/BigOil/document_generator/datasets/documents_2021_12_28/13hea_20211228_164033_8617598929_600_800.png,13hea_20211228_164033_8617598929_600_800_mask.png,204.6
10,4,20,8,297,685,317,693,297,685,317,685,317,693,297,693,text,table_text,table_0,opensans,italic,7.0,13hea_20211228_164033_8617598929_600_800.png,/scratch/parceirosbr/bigoilict/share/BigOil/document_generator/datasets/documents_2021_12_28/13hea_20211228_164033_8617598929_600_800.png,13hea_20211228_164033_8617598929_600_800_mask.png,1994.2
10,4,20,8,297,685,317,693,297,685,317,685,317,693,297,693,sub_line_text,table_text,table_0,opensans,italic,7.0,13hea_20211228_164033_8617598929_600_800.png,/scratch/parceirosbr/bigoilict/share/BigOil/document_generator/datasets/documents_2021_12_28/13hea_20211228_164033_8617598929_600_800.png,13hea_20211228_164033_8617598929_600_800_mask.png,1994.2
10,4,20,8,297,696,317,704,297,696,317,696,317,704,297,704,text,table_text,table_0,opensans,bold,7.0,13hea_20211228_164033_8617598929_600_800.png,/scratch/parceirosbr/bigoilict/share/BigOil/document_generator/datasets/documents_2021_12_28/13hea_20211228_164033_8617598929_600_800.png,13hea_20211228_164033_8617598929_600_800_mask.png,6351.3
10,4,20,8,297,696,317,704,297,696,317,696,317,704,297,704,sub_line_text,table_text,table_0,opensans,bold,7.0,13hea_20211228_164033_8617598929_600_800.png,/scratch/parceirosbr/bigoilict/share/BigOil/document_generator/datasets/documents_2021_12_28/13hea_20211228_164033_8617598929_600_800.png,13hea_20211228_164033_8617598929_600_800_mask.png,6351.3
5,4,11,8,338,496,349,504,338,496,349,496,349,504,338,504,text,table_text,table_0,opensans,italic,7.0,13hea_20211228_164033_8617598929_600_800.png,/scratch/parceirosbr/bigoilict/share/BigOil/document_generator/datasets/documents_2021_12_28/13hea_20211228_164033_8617598929_600_800.png,13hea_20211228_164033_8617598929_600_800_mask.png,não
5,4,11,8,338,496,349,504,338,496,349,496,349,504,338,504,sub_line_text,table_text,table_0,opensans,italic,7.0,13hea_20211228_164033_8617598929_600_800.png,/scratch/parceirosbr/bigoilict/share/BigOil/document_generator/datasets/documents_2021_12_28/13hea_20211228_164033_8617598929_600_800.png,13hea_20211228_164033_8617598929_600_800_mask.png,não
12,4,24,8,332,505,356,513,332,505,356,505,356,513,332,513,text,table_text,table_0,opensans,italic,7.0,13hea_20211228_164033_8617598929_600_800.png,/scratch/parceirosbr/bigoilict/share/BigOil/document_generator/datasets/documents_2021_12_28/13hea_20211228_164033_8617598929_600_800.png,13hea_20211228_164033_8617598929_600_800_mask.png,logística
12,4,24,8,332,505,356,513,332,505,356,505,356,513,332,513,sub_line_text,table_text,table_0,opensans,italic,7.0,13hea_20211228_164033_8617598929_600_800.png,/scratch/parceirosbr/bigoilict/share/BigOil/document_generator/datasets/documents_2021_12_28/13hea_20211228_164033_8617598929_600_800.png,13hea_20211228_164033_8617598929_600_800_mask.png,logística
7,4,14,8,337,524,351,532,337,524,351,524,351,532,337,532,text,table_text,table_0,opensans,italic,7.0,13hea_20211228_164033_8617598929_600_800.png,/scratch/parceirosbr/bigoilict/share/BigOil/document_generator/datasets/documents_2021_12_28/13hea_20211228_164033_8617598929_600_800.png,13hea_20211228_164033_8617598929_600_800_mask.png,ficar
7,4,14,8,337,524,351,532,337,524,351,524,351,532,337,532,sub_line_text,table_text,table_0,opensans,italic,7.0,13hea_20211228_164033_8617598929_600_800.png,/scratch/parceirosbr/bigoilict/share/BigOil/document_generator/datasets/documents_2021_12_28/13hea_20211228_164033_8617598929_600_800.png,13hea_20211228_164033_8617598929_600_800_mask.png,ficar
17,4,35,8,326,536,361,544,326,536,361,536,361,544,326,544,text,table_text,table_0,opensans,italic,7.0,13hea_20211228_164033_8617598929_600_800.png,/scratch/parceirosbr/bigoilict/share/BigOil/document_generator/datasets/documents_2021_12_28/13hea_20211228_164033_8617598929_600_800.png,13hea_20211228_164033_8617598929_600_800_mask.png,publicações
17,4,35,8,326,536,361,544,326,536,361,536,361,544,326,544,sub_line_text,table_text,table_0,opensans,italic,7.0,13hea_20211228_164033_8617598929_600_800.png,/scratch/parceirosbr/bigoilict/share/BigOil/document_generator/datasets/documents_2021_12_28/13hea_20211228_164033_8617598929_600_800.png,13hea_20211228_164033_8617598929_600_800_mask.png,publicações
14,4,28,8,330,547,358,555,330,547,358,547,358,555,330,555,text,table_text,table_0,opensans,italic,7.0,13hea_20211228_164033_8617598929_600_800.png,/scratch/parceirosbr/bigoilict/share/BigOil/document_generator/datasets/documents_2021_12_28/13hea_20211228_164033_8617598929_600_800.png,13hea_20211228_164033_8617598929_600_800_mask.png,incentivos
14,4,28,8,330,547,358,555,330,547,358,547,358,555,330,555,sub_line_text,table_text,table_0,opensans,italic,7.0,13hea_20211228_164033_8617598929_600_800.png,/scratch/parceirosbr/bigoilict/share/BigOil/document_generator/datasets/documents_2021_12_28/13hea_20211228_164033_8617598929_600_800.png,13hea_20211228_164033_8617598929_600_800_mask.png,incentivos
10,4,20,8,334,558,354,566,334,558,354,558,354,566,334,566,text,table_text,table_0,opensans,italic,7.0,13hea_20211228_164033_8617598929_600_800.png,/scratch/parceirosbr/bigoilict/share/BigOil/document_generator/datasets/documents_2021_12_28/13hea_20211228_164033_8617598929_600_800.png,13hea_20211228_164033_8617598929_600_800_mask.png,possui
10,4,20,8,334,558,354,566,334,558,354,558,354,566,334,566,sub_line_text,table_text,table_0,opensans,italic,7.0,13hea_20211228_164033_8617598929_600_800.png,/scratch/parceirosbr/bigoilict/share/BigOil/document_generator/datasets/documents_2021_12_28/13hea_20211228_164033_8617598929_600_800.png,13hea_20211228_164033_8617598929_600_800_mask.png,possui
9,4,18,8,335,570,353,578,335,570,353,570,353,578,335,578,text,table_text,table_0,opensans,italic,7.0,13hea_20211228_164033_8617598929_600_800.png,/scratch/parceirosbr/bigoilict/share/BigOil/document_generator/datasets/documents_2021_12_28/13hea_20211228_164033_8617598929_600_800.png,13hea_20211228_164033_8617598929_600_800_mask.png,fundo
9,4,18,8,335,570,353,578,335,570,353,570,353,578,335,578,sub_line_text,table_text,table_0,opensans,italic,7.0,13hea_20211228_164033_8617598929_600_800.png,/scratch/parceirosbr/bigoilict/share/BigOil/document_generator/datasets/documents_2021_12_28/13hea_20211228_164033_8617598929_600_800.png,13hea_20211228_164033_8617598929_600_800_mask.png,fundo
13,4,26,8,331,581,357,589,331,581,357,581,357,589,331,589,text,table_text,table_0,opensans,italic,7.0,13hea_20211228_164033_8617598929_600_800.png,/scratch/parceirosbr/bigoilict/share/BigOil/document_generator/datasets/documents_2021_12_28/13hea_20211228_164033_8617598929_600_800.png,13hea_20211228_164033_8617598929_600_800_mask.png,condutas
13,4,26,8,331,581,357,589,331,581,357,581,357,589,331,589,sub_line_text,table_text,table_0,opensans,italic,7.0,13hea_20211228_164033_8617598929_600_800.png,/scratch/parceirosbr/bigoilict/share/BigOil/document_generator/datasets/documents_2021_12_28/13hea_20211228_164033_8617598929_600_800.png,13hea_20211228_164033_8617598929_600_800_mask.png,condutas
8,4,17,8,335,593,352,601,335,593,352,593,352,601,335,601,text,table_text,table_0,opensans,italic,7.0,13hea_20211228_164033_8617598929_600_800.png,/scratch/parceirosbr/bigoilict/share/BigOil/document_generator/datasets/documents_2021_12_28/13hea_20211228_164033_8617598929_600_800.png,13hea_20211228_164033_8617598929_600_800_mask.png,spray
8,4,17,8,335,593,352,601,335,593,352,593,352,601,335,601,sub_line_text,table_text,table_0,opensans,italic,7.0,13hea_20211228_164033_8617598929_600_800.png,/scratch/parceirosbr/bigoilict/share/BigOil/document_generator/datasets/documents_2021_12_28/13hea_20211228_164033_8617598929_600_800.png,13hea_20211228_164033_8617598929_600_800_mask.png,spray
16,4,33,8,328,604,361,612,328,604,361,604,361,612,328,612,text,table_text,table_0,opensans,italic,7.0,13hea_20211228_164033_8617598929_600_800.png,/scratch/parceirosbr/bigoilict/share/BigOil/document_generator/datasets/documents_2021_12_28/13hea_20211228_164033_8617598929_600_800.png,13hea_20211228_164033_8617598929_600_800_mask.png,catalisador
16,4,33,8,328,604,361,612,328,604,361,604,361,612,328,612,sub_line_text,table_text,table_0,opensans,italic,7.0,13hea_20211228_164033_8617598929_600_800.png,/scratch/parceirosbr/bigoilict/share/BigOil/document_generator/datasets/documents_2021_12_28/13hea_20211228_164033_8617598929_600_800.png,13hea_20211228_164033_8617598929_600_800_mask.png,catalisador
8,4,16,8,335,616,351,624,335,616,351,616,351,624,335,624,text,table_text,table_0,opensans,italic,7.0,13hea_20211228_164033_8617598929_600_800.png,/scratch/parceirosbr/bigoilict/share/BigOil/document_generator/datasets/documents_2021_12_28/13hea_20211228_164033_8617598929_600_800.png,13hea_20211228_164033_8617598929_600_800_mask.png,apelo
8,4,16,8,335,616,351,624,335,616,351,616,351,624,335,624,sub_line_text,table_text,table_0,opensans,italic,7.0,13hea_20211228_164033_8617598929_600_800.png,/scratch/parceirosbr/bigoilict/share/BigOil/document_generator/datasets/documents_2021_12_28/13hea_20211228_164033_8617598929_600_800.png,13hea_20211228_164033_8617598929_600_800_mask.png,apelo
3,4,7,8,340,627,347,635,340,627,347,627,347,635,340,635,text,table_text,table_0,opensans,italic,7.0,13hea_20211228_164033_8617598929_600_800.png,/scratch/parceirosbr/bigoilict/share/BigOil/document_generator/datasets/documents_2021_12_28/13hea_20211228_164033_8617598929_600_800.png,13hea_20211228_164033_8617598929_600_800_mask.png,da
3,4,7,8,340,627,347,635,340,627,347,627,347,635,340,635,sub_line_text,table_text,table_0,opensans,italic,7.0,13hea_20211228_164033_8617598929_600_800.png,/scratch/parceirosbr/bigoilict/share/BigOil/document_generator/datasets/documents_2021_12_28/13hea_20211228_164033_8617598929_600_800.png,13hea_20211228_164033_8617598929_600_800_mask.png,da
15,4,30,8,329,639,359,647,329,639,359,639,359,647,329,647,text,table_text,table_0,opensans,italic,7.0,13hea_20211228_164033_8617598929_600_800.png,/scratch/parceirosbr/bigoilict/share/BigOil/document_generator/datasets/documents_2021_12_28/13hea_20211228_164033_8617598929_600_800.png,13hea_20211228_164033_8617598929_600_800_mask.png,realização
15,4,30,8,329,639,359,647,329,639,359,639,359,647,329,647,sub_line_text,table_text,table_0,opensans,italic,7.0,13hea_20211228_164033_8617598929_600_800.png,/scratch/parceirosbr/bigoilict/share/BigOil/document_generator/datasets/documents_2021_12_28/13hea_20211228_164033_8617598929_600_800.png,13hea_20211228_164033_8617598929_600_800_mask.png,realização
7,4,15,8,336,650,351,658,336,650,351,650,351,658,336,658,text,table_text,table_0,opensans,italic,7.0,13hea_20211228_164033_8617598929_600_800.png,/scratch/parceirosbr/bigoilict/share/BigOil/document_generator/datasets/documents_2021_12_28/13hea_20211228_164033_8617598929_600_800.png,13hea_20211228_164033_8617598929_600_800_mask.png,custo
7,4,15,8,336,650,351,658,336,650,351,650,351,658,336,658,sub_line_text,table_text,table_0,opensans,italic,7.0,13hea_20211228_164033_8617598929_600_800.png,/scratch/parceirosbr/bigoilict/share/BigOil/document_generator/datasets/documents_2021_12_28/13hea_20211228_164033_8617598929_600_800.png,13hea_20211228_164033_8617598929_600_800_mask.png,custo
8,4,17,8,335,662,352,670,335,662,352,662,352,670,335,670,text,table_text,table_0,opensans,italic,7.0,13hea_20211228_164033_8617598929_600_800.png,/scratch/parceirosbr/bigoilict/share/BigOil/document_generator/datasets/documents_2021_12_28/13hea_20211228_164033_8617598929_600_800.png,13hea_20211228_164033_8617598929_600_800_mask.png,refino
8,4,17,8,335,662,352,670,335,662,352,662,352,670,335,670,sub_line_text,table_text,table_0,opensans,italic,7.0,13hea_20211228_164033_8617598929_600_800.png,/scratch/parceirosbr/bigoilict/share/BigOil/document_generator/datasets/documents_2021_12_28/13hea_20211228_164033_8617598929_600_800.png,13hea_20211228_164033_8617598929_600_800_mask.png,refino
7,4,14,8,337,673,351,681,337,673,351,673,351,681,337,681,text,table_text,table_0,opensans,italic,7.0,13hea_20211228_164033_8617598929_600_800.png,/scratch/parceirosbr/bigoilict/share/BigOil/document_generator/datasets/documents_2021_12_28/13hea_20211228_164033_8617598929_600_800.png,13hea_20211228_164033_8617598929_600_800_mask.png,ficar
7,4,14,8,337,673,351,681,337,673,351,673,351,681,337,681,sub_line_text,table_text,table_0,opensans,italic,7.0,13hea_20211228_164033_8617598929_600_800.png,/scratch/parceirosbr/bigoilict/share/BigOil/document_generator/datasets/documents_2021_12_28/13hea_20211228_164033_8617598929_600_800.png,13hea_20211228_164033_8617598929_600_800_mask.png,ficar
11,4,23,8,332,685,355,693,332,685,355,685,355,693,332,693,text,table_text,table_0,opensans,italic,7.0,13hea_20211228_164033_8617598929_600_800.png,/scratch/parceirosbr/bigoilict/share/BigOil/document_generator/datasets/documents_2021_12_28/13hea_20211228_164033_8617598929_600_800.png,13hea_20211228_164033_8617598929_600_800_mask.png,retirado
11,4,23,8,332,685,355,693,332,685,355,685,355,693,332,693,sub_line_text,table_text,table_0,opensans,italic,7.0,13hea_20211228_164033_8617598929_600_800.png,/scratch/parceirosbr/bigoilict/share/BigOil/document_generator/datasets/documents_2021_12_28/13hea_20211228_164033_8617598929_600_800.png,13hea_20211228_164033_8617598929_600_800_mask.png,retirado
10,4,20,8,334,696,354,704,334,696,354,696,354,704,334,704,text,table_text,table_0,opensans,bold,7.0,13hea_20211228_164033_8617598929_600_800.png,/scratch/parceirosbr/bigoilict/share/BigOil/document_generator/datasets/documents_2021_12_28/13hea_20211228_164033_8617598929_600_800.png,13hea_20211228_164033_8617598929_600_800_mask.png,testes
10,4,20,8,334,696,354,704,334,696,354,696,354,704,334,704,sub_line_text,table_text,table_0,opensans,bold,7.0,13hea_20211228_164033_8617598929_600_800.png,/scratch/parceirosbr/bigoilict/share/BigOil/document_generator/datasets/documents_2021_12_28/13hea_20211228_164033_8617598929_600_800.png,13hea_20211228_164033_8617598929_600_800_mask.png,testes
10,4,21,8,381,496,402,504,381,496,402,496,402,504,381,504,text,table_text,table_0,opensans,italic,7.0,13hea_20211228_164033_8617598929_600_800.png,/scratch/parceirosbr/bigoilict/share/BigOil/document_generator/datasets/documents_2021_12_28/13hea_20211228_164033_8617598929_600_800.png,13hea_20211228_164033_8617598929_600_800_mask.png,direção
10,4,21,8,381,496,402,504,381,496,402,496,402,504,381,504,sub_line_text,table_text,table_0,opensans,italic,7.0,13hea_20211228_164033_8617598929_600_800.png,/scratch/parceirosbr/bigoilict/share/BigOil/document_generator/datasets/documents_2021_12_28/13hea_20211228_164033_8617598929_600_800.png,13hea_20211228_164033_8617598929_600_800_mask.png,direção
9,4,19,8,382,505,401,513,382,505,401,505,401,513,382,513,text,table_text,table_0,opensans,italic,7.0,13hea_20211228_164033_8617598929_600_800.png,/scratch/parceirosbr/bigoilict/share/BigOil/document_generator/datasets/documents_2021_12_28/13hea_20211228_164033_8617598929_600_800.png,13hea_20211228_164033_8617598929_600_800_mask.png,injetor
9,4,19,8,382,505,401,513,382,505,401,505,401,513,382,513,sub_line_text,table_text,table_0,opensans,italic,7.0,13hea_20211228_164033_8617598929_600_800.png,/scratch/parceirosbr/bigoilict/share/BigOil/document_generator/datasets/documents_2021_12_28/13hea_20211228_164033_8617598929_600_800.png,13hea_20211228_164033_8617598929_600_800_mask.png,injetor
17,4,35,8,374,524,409,532,374,524,409,524,409,532,374,532,text,table_text,table_0,opensans,italic,7.0,13hea_20211228_164033_8617598929_600_800.png,/scratch/parceirosbr/bigoilict/share/BigOil/document_generator/datasets/documents_2021_12_28/13hea_20211228_164033_8617598929_600_800.png,13hea_20211228_164033_8617598929_600_800_mask.png,quantitativa
17,4,35,8,374,524,409,532,374,524,409,524,409,532,374,532,sub_line_text,table_text,table_0,opensans,italic,7.0,13hea_20211228_164033_8617598929_600_800.png,/scratch/parceirosbr/bigoilict/share/BigOil/document_generator/datasets/documents_2021_12_28/13hea_20211228_164033_8617598929_600_800.png,13hea_20211228_164033_8617598929_600_800_mask.png,quantitativa
14,4,28,8,377,536,405,544,377,536,405,536,405,544,377,544,text,table_text,table_0,opensans,italic,7.0,13hea_20211228_164033_8617598929_600_800.png,/scratch/parceirosbr/bigoilict/share/BigOil/document_generator/datasets/documents_2021_12_28/13hea_20211228_164033_8617598929_600_800.png,13hea_20211228_164033_8617598929_600_800_mask.png,incentivos
14,4,28,8,377,536,405,544,377,536,405,536,405,544,377,544,sub_line_text,table_text,table_0,opensans,italic,7.0,13hea_20211228_164033_8617598929_600_800.png,/scratch/parceirosbr/bigoilict/share/BigOil/document_generator/datasets/documents_2021_12_28/13hea_20211228_164033_8617598929_600_800.png,13hea_20211228_164033_8617598929_600_800_mask.png,incentivos
12,4,25,8,379,547,404,555,379,547,404,547,404,555,379,555,text,table_text,table_0,opensans,italic,7.0,13hea_20211228_164033_8617598929_600_800.png,/scratch/parceirosbr/bigoilict/share/BigOil/document_generator/datasets/documents_2021_12_28/13hea_20211228_164033_8617598929_600_800.png,13hea_20211228_164033_8617598929_600_800_mask.png,biodiesel
12,4,25,8,379,547,404,555,379,547,404,547,404,555,379,555,sub_line_text,table_text,table_0,opensans,italic,7.0,13hea_20211228_164033_8617598929_600_800.png,/scratch/parceirosbr/bigoilict/share/BigOil/document_generator/datasets/documents_2021_12_28/13hea_20211228_164033_8617598929_600_800.png,13hea_20211228_164033_8617598929_600_800_mask.png,biodiesel
4,4,9,8,387,558,396,566,387,558,396,558,396,566,387,566,text,table_text,table_0,opensans,italic,7.0,13hea_20211228_164033_8617598929_600_800.png,/scratch/parceirosbr/bigoilict/share/BigOil/document_generator/datasets/documents_2021_12_28/13hea_20211228_164033_8617598929_600_800.png,13hea_20211228_164033_8617598929_600_800_mask.png,um
4,4,9,8,387,558,396,566,387,558,396,558,396,566,387,566,sub_line_text,table_text,table_0,opensans,italic,7.0,13hea_20211228_164033_8617598929_600_800.png,/scratch/parceirosbr/bigoilict/share/BigOil/document_generator/datasets/documents_2021_12_28/13hea_20211228_164033_8617598929_600_800.png,13hea_20211228_164033_8617598929_600_800_mask.png,um
7,4,15,8,384,570,399,578,384,570,399,570,399,578,384,578,text,table_text,table_0,opensans,italic,7.0,13hea_20211228_164033_8617598929_600_800.png,/scratch/parceirosbr/bigoilict/share/BigOil/document_generator/datasets/documents_2021_12_28/13hea_20211228_164033_8617598929_600_800.png,13hea_20211228_164033_8617598929_600_800_mask.png,grau
7,4,15,8,384,570,399,578,384,570,399,570,399,578,384,578,sub_line_text,table_text,table_0,opensans,italic,7.0,13hea_20211228_164033_8617598929_600_800.png,/scratch/parceirosbr/bigoilict/share/BigOil/document_generator/datasets/documents_2021_12_28/13hea_20211228_164033_8617598929_600_800.png,13hea_20211228_164033_8617598929_600_800_mask.png,grau
6,4,12,8,385,581,397,589,385,581,397,581,397,589,385,589,text,table_text,table_0,opensans,italic,7.0,13hea_20211228_164033_8617598929_600_800.png,/scratch/parceirosbr/bigoilict/share/BigOil/document_generator/datasets/documents_2021_12_28/13hea_20211228_164033_8617598929_600_800.png,13hea_20211228_164033_8617598929_600_800_mask.png,com
6,4,12,8,385,581,397,589,385,581,397,581,397,589,385,589,sub_line_text,table_text,table_0,opensans,italic,7.0,13hea_20211228_164033_8617598929_600_800.png,/scratch/parceirosbr/bigoilict/share/BigOil/document_generator/datasets/documents_2021_12_28/13hea_20211228_164033_8617598929_600_800.png,13hea_20211228_164033_8617598929_600_800_mask.png,com
1,4,3,8,390,593,393,601,390,593,393,593,393,601,390,601,text,table_text,table_0,opensans,italic,7.0,13hea_20211228_164033_8617598929_600_800.png,/scratch/parceirosbr/bigoilict/share/BigOil/document_generator/datasets/documents_2021_12_28/13hea_20211228_164033_8617598929_600_800.png,13hea_20211228_164033_8617598929_600_800_mask.png,é
1,4,3,8,390,593,393,601,390,593,393,593,393,601,390,601,sub_line_text,table_text,table_0,opensans,italic,7.0,13hea_20211228_164033_8617598929_600_800.png,/scratch/parceirosbr/bigoilict/share/BigOil/document_generator/datasets/documents_2021_12_28/13hea_20211228_164033_8617598929_600_800.png,13hea_20211228_164033_8617598929_600_800_mask.png,é
14,4,29,8,377,604,406,612,377,604,406,604,406,612,377,612,text,table_text,table_0,opensans,italic,7.0,13hea_20211228_164033_8617598929_600_800.png,/scratch/parceirosbr/bigoilict/share/BigOil/document_generator/datasets/documents_2021_12_28/13hea_20211228_164033_8617598929_600_800.png,13hea_20211228_164033_8617598929_600_800_mask.png,formação
14,4,29,8,377,604,406,612,377,604,406,604,406,612,377,612,sub_line_text,table_text,table_0,opensans,italic,7.0,13hea_20211228_164033_8617598929_600_800.png,/scratch/parceirosbr/bigoilict/share/BigOil/document_generator/datasets/documents_2021_12_28/13hea_20211228_164033_8617598929_600_800.png,13hea_20211228_164033_8617598929_600_800_mask.png,formação
10,4,20,8,381,616,401,624,381,616,401,616,401,624,381,624,text,table_text,table_0,opensans,italic,7.0,13hea_20211228_164033_8617598929_600_800.png,/scratch/parceirosbr/bigoilict/share/BigOil/document_generator/datasets/documents_2021_12_28/13hea_20211228_164033_8617598929_600_800.png,13hea_20211228_164033_8617598929_600_800_mask.png,reação
10,4,20,8,381,616,401,624,381,616,401,616,401,624,381,624,sub_line_text,table_text,table_0,opensans,italic,7.0,13hea_20211228_164033_8617598929_600_800.png,/scratch/parceirosbr/bigoilict/share/BigOil/document_generator/datasets/documents_2021_12_28/13hea_20211228_164033_8617598929_600_800.png,13hea_20211228_164033_8617598929_600_800_mask.png,reação
3,4,7,8,388,627,395,635,388,627,395,627,395,635,388,635,text,table_text,table_0,opensans,italic,7.0,13hea_20211228_164033_8617598929_600_800.png,/scratch/parceirosbr/bigoilict/share/BigOil/document_generator/datasets/documents_2021_12_28/13hea_20211228_164033_8617598929_600_800.png,13hea_20211228_164033_8617598929_600_800_mask.png,na
3,4,7,8,388,627,395,635,388,627,395,627,395,635,388,635,sub_line_text,table_text,table_0,opensans,italic,7.0,13hea_20211228_164033_8617598929_600_800.png,/scratch/parceirosbr/bigoilict/share/BigOil/document_generator/datasets/documents_2021_12_28/13hea_20211228_164033_8617598929_600_800.png,13hea_20211228_164033_8617598929_600_800_mask.png,na
10,4,20,8,381,639,401,647,381,639,401,639,401,647,381,647,text,table_text,table_0,opensans,italic,7.0,13hea_20211228_164033_8617598929_600_800.png,/scratch/parceirosbr/bigoilict/share/BigOil/document_generator/datasets/documents_2021_12_28/13hea_20211228_164033_8617598929_600_800.png,13hea_20211228_164033_8617598929_600_800_mask.png,estreita
10,4,20,8,381,639,401,647,381,639,401,639,401,647,381,647,sub_line_text,table_text,table_0,opensans,italic,7.0,13hea_20211228_164033_8617598929_600_800.png,/scratch/parceirosbr/bigoilict/share/BigOil/document_generator/datasets/documents_2021_12_28/13hea_20211228_164033_8617598929_600_800.png,13hea_20211228_164033_8617598929_600_800_mask.png,estreita
6,4,13,8,385,650,398,658,385,650,398,650,398,658,385,658,text,table_text,table_0,opensans,italic,7.0,13hea_20211228_164033_8617598929_600_800.png,/scratch/parceirosbr/bigoilict/share/BigOil/document_generator/datasets/documents_2021_12_28/13hea_20211228_164033_8617598929_600_800.png,13hea_20211228_164033_8617598929_600_800_mask.png,vista
6,4,13,8,385,650,398,658,385,650,398,650,398,658,385,658,sub_line_text,table_text,table_0,opensans,italic,7.0,13hea_20211228_164033_8617598929_600_800.png,/scratch/parceirosbr/bigoilict/share/BigOil/document_generator/datasets/documents_2021_12_28/13hea_20211228_164033_8617598929_600_800.png,13hea_20211228_164033_8617598929_600_800_mask.png,vista
15,4,30,8,376,662,406,670,376,662,406,662,406,670,376,670,text,table_text,table_0,opensans,italic,7.0,13hea_20211228_164033_8617598929_600_800.png,/scratch/parceirosbr/bigoilict/share/BigOil/document_generator/datasets/documents_2021_12_28/13hea_20211228_164033_8617598929_600_800.png,13hea_20211228_164033_8617598929_600_800_mask.png,realização
15,4,30,8,376,662,406,670,376,662,406,662,406,670,376,670,sub_line_text,table_text,table_0,opensans,italic,7.0,13hea_20211228_164033_8617598929_600_800.png,/scratch/parceirosbr/bigoilict/share/BigOil/document_generator/datasets/documents_2021_12_28/13hea_20211228_164033_8617598929_600_800.png,13hea_20211228_164033_8617598929_600_800_mask.png,realização
10,4,20,8,381,673,401,681,381,673,401,673,401,681,381,681,text,table_text,table_0,opensans,italic,7.0,13hea_20211228_164033_8617598929_600_800.png,/scratch/parceirosbr/bigoilict/share/BigOil/document_generator/datasets/documents_2021_12_28/13hea_20211228_164033_8617598929_600_800.png,13hea_20211228_164033_8617598929_600_800_mask.png,sentido
10,4,20,8,381,673,401,681,381,673,401,673,401,681,381,681,sub_line_text,table_text,table_0,opensans,italic,7.0,13hea_20211228_164033_8617598929_600_800.png,/scratch/parceirosbr/bigoilict/share/BigOil/document_generator/datasets/documents_2021_12_28/13hea_20211228_164033_8617598929_600_800.png,13hea_20211228_164033_8617598929_600_800_mask.png,sentido
15,4,31,8,376,685,407,693,376,685,407,685,407,693,376,693,text,table_text,table_0,opensans,italic,7.0,13hea_20211228_164033_8617598929_600_800.png,/scratch/parceirosbr/bigoilict/share/BigOil/document_generator/datasets/documents_2021_12_28/13hea_20211228_164033_8617598929_600_800.png,13hea_20211228_164033_8617598929_600_800_mask.png,floculadas
15,4,31,8,376,685,407,693,376,685,407,685,407,693,376,693,sub_line_text,table_text,table_0,opensans,italic,7.0,13hea_20211228_164033_8617598929_600_800.png,/scratch/parceirosbr/bigoilict/share/BigOil/document_generator/datasets/documents_2021_12_28/13hea_20211228_164033_8617598929_600_800.png,13hea_20211228_164033_8617598929_600_800_mask.png,floculadas
17,4,34,8,375,696,409,704,375,696,409,696,409,704,375,704,text,table_text,table_0,opensans,bold,7.0,13hea_20211228_164033_8617598929_600_800.png,/scratch/parceirosbr/bigoilict/share/BigOil/document_generator/datasets/documents_2021_12_28/13hea_20211228_164033_8617598929_600_800.png,13hea_20211228_164033_8617598929_600_800_mask.png,tamanhos
17,4,34,8,375,696,409,704,375,696,409,696,409,704,375,704,sub_line_text,table_text,table_0,opensans,bold,7.0,13hea_20211228_164033_8617598929_600_800.png,/scratch/parceirosbr/bigoilict/share/BigOil/document_generator/datasets/documents_2021_12_28/13hea_20211228_164033_8617598929_600_800.png,13hea_20211228_164033_8617598929_600_800_mask.png,tamanhos
5,4,10,8,471,496,481,504,471,496,481,496,481,504,471,504,text,table_text,table_0,opensans,italic,7.0,13hea_20211228_164033_8617598929_600_800.png,/scratch/parceirosbr/bigoilict/share/BigOil/document_generator/datasets/documents_2021_12_28/13hea_20211228_164033_8617598929_600_800.png,13hea_20211228_164033_8617598929_600_800_mask.png,uso
5,4,10,8,471,496,481,504,471,496,481,496,481,504,471,504,sub_line_text,table_text,table_0,opensans,italic,7.0,13hea_20211228_164033_8617598929_600_800.png,/scratch/parceirosbr/bigoilict/share/BigOil/document_generator/datasets/documents_2021_12_28/13hea_20211228_164033_8617598929_600_800.png,13hea_20211228_164033_8617598929_600_800_mask.png,uso
6,4,12,8,469,505,481,513,469,505,481,505,481,513,469,513,text,table_text,table_0,opensans,italic,7.0,13hea_20211228_164033_8617598929_600_800.png,/scratch/parceirosbr/bigoilict/share/BigOil/document_generator/datasets/documents_2021_12_28/13hea_20211228_164033_8617598929_600_800.png,13hea_20211228_164033_8617598929_600_800_mask.png,com
6,4,12,8,469,505,481,513,469,505,481,505,481,513,469,513,sub_line_text,table_text,table_0,opensans,italic,7.0,13hea_20211228_164033_8617598929_600_800.png,/scratch/parceirosbr/bigoilict/share/BigOil/document_generator/datasets/documents_2021_12_28/13hea_20211228_164033_8617598929_600_800.png,13hea_20211228_164033_8617598929_600_800_mask.png,com
14,4,28,8,453,524,481,532,453,524,481,524,481,532,453,532,text,table_text,table_0,opensans,italic,7.0,13hea_20211228_164033_8617598929_600_800.png,/scratch/parceirosbr/bigoilict/share/BigOil/document_generator/datasets/documents_2021_12_28/13hea_20211228_164033_8617598929_600_800.png,13hea_20211228_164033_8617598929_600_800_mask.png,5844.444
14,4,28,8,453,524,481,532,453,524,481,524,481,532,453,532,sub_line_text,table_text,table_0,opensans,italic,7.0,13hea_20211228_164033_8617598929_600_800.png,/scratch/parceirosbr/bigoilict/share/BigOil/document_generator/datasets/documents_2021_12_28/13hea_20211228_164033_8617598929_600_800.png,13hea_20211228_164033_8617598929_600_800_mask.png,5844.444
12,4,24,8,457,536,481,544,457,536,481,536,481,544,457,544,text,table_text,table_0,opensans,italic,7.0,13hea_20211228_164033_8617598929_600_800.png,/scratch/parceirosbr/bigoilict/share/BigOil/document_generator/datasets/documents_2021_12_28/13hea_20211228_164033_8617598929_600_800.png,13hea_20211228_164033_8617598929_600_800_mask.png,835.785
12,4,24,8,457,536,481,544,457,536,481,536,481,544,457,544,sub_line_text,table_text,table_0,opensans,italic,7.0,13hea_20211228_164033_8617598929_600_800.png,/scratch/parceirosbr/bigoilict/share/BigOil/document_generator/datasets/documents_2021_12_28/13hea_20211228_164033_8617598929_600_800.png,13hea_20211228_164033_8617598929_600_800_mask.png,835.785
14,4,28,8,453,547,481,555,453,547,481,547,481,555,453,555,text,table_text,table_0,opensans,italic,7.0,13hea_20211228_164033_8617598929_600_800.png,/scratch/parceirosbr/bigoilict/share/BigOil/document_generator/datasets/documents_2021_12_28/13hea_20211228_164033_8617598929_600_800.png,13hea_20211228_164033_8617598929_600_800_mask.png,1448.753
14,4,28,8,453,547,481,555,453,547,481,547,481,555,453,555,sub_line_text,table_text,table_0,opensans,italic,7.0,13hea_20211228_164033_8617598929_600_800.png,/scratch/parceirosbr/bigoilict/share/BigOil/document_generator/datasets/documents_2021_12_28/13hea_20211228_164033_8617598929_600_800.png,13hea_20211228_164033_8617598929_600_800_mask.png,1448.753
12,4,24,8,457,558,481,566,457,558,481,558,481,566,457,566,text,table_text,table_0,opensans,italic,7.0,13hea_20211228_164033_8617598929_600_800.png,/scratch/parceirosbr/bigoilict/share/BigOil/document_generator/datasets/documents_2021_12_28/13hea_20211228_164033_8617598929_600_800.png,13hea_20211228_164033_8617598929_600_800_mask.png,452.529
12,4,24,8,457,558,481,566,457,558,481,558,481,566,457,566,sub_line_text,table_text,table_0,opensans,italic,7.0,13hea_20211228_164033_8617598929_600_800.png,/scratch/parceirosbr/bigoilict/share/BigOil/document_generator/datasets/documents_2021_12_28/13hea_20211228_164033_8617598929_600_800.png,13hea_20211228_164033_8617598929_600_800_mask.png,452.529
12,4,24,8,457,570,481,578,457,570,481,570,481,578,457,578,text,table_text,table_0,opensans,italic,7.0,13hea_20211228_164033_8617598929_600_800.png,/scratch/parceirosbr/bigoilict/share/BigOil/document_generator/datasets/documents_2021_12_28/13hea_20211228_164033_8617598929_600_800.png,13hea_20211228_164033_8617598929_600_800_mask.png,558.385
12,4,24,8,457,570,481,578,457,570,481,570,481,578,457,578,sub_line_text,table_text,table_0,opensans,italic,7.0,13hea_20211228_164033_8617598929_600_800.png,/scratch/parceirosbr/bigoilict/share/BigOil/document_generator/datasets/documents_2021_12_28/13hea_20211228_164033_8617598929_600_800.png,13hea_20211228_164033_8617598929_600_800_mask.png,558.385
14,4,28,8,453,581,481,589,453,581,481,581,481,589,453,589,text,table_text,table_0,opensans,italic,7.0,13hea_20211228_164033_8617598929_600_800.png,/scratch/parceirosbr/bigoilict/share/BigOil/document_generator/datasets/documents_2021_12_28/13hea_20211228_164033_8617598929_600_800.png,13hea_20211228_164033_8617598929_600_800_mask.png,3817.618
14,4,28,8,453,581,481,589,453,581,481,581,481,589,453,589,sub_line_text,table_text,table_0,opensans,italic,7.0,13hea_20211228_164033_8617598929_600_800.png,/scratch/parceirosbr/bigoilict/share/BigOil/document_generator/datasets/documents_2021_12_28/13hea_20211228_164033_8617598929_600_800.png,13hea_20211228_164033_8617598929_600_800_mask.png,3817.618
14,4,28,8,453,593,481,601,453,593,481,593,481,601,453,601,text,table_text,table_0,opensans,italic,7.0,13hea_20211228_164033_8617598929_600_800.png,/scratch/parceirosbr/bigoilict/share/BigOil/document_generator/datasets/documents_2021_12_28/13hea_20211228_164033_8617598929_600_800.png,13hea_20211228_164033_8617598929_600_800_mask.png,9761.107
14,4,28,8,453,593,481,601,453,593,481,593,481,601,453,601,sub_line_text,table_text,table_0,opensans,italic,7.0,13hea_20211228_164033_8617598929_600_800.png,/scratch/parceirosbr/bigoilict/share/BigOil/document_generator/datasets/documents_2021_12_28/13hea_20211228_164033_8617598929_600_800.png,13hea_20211228_164033_8617598929_600_800_mask.png,9761.107
12,4,24,8,457,604,481,612,457,604,481,604,481,612,457,612,text,table_text,table_0,opensans,italic,7.0,13hea_20211228_164033_8617598929_600_800.png,/scratch/parceirosbr/bigoilict/share/BigOil/document_generator/datasets/documents_2021_12_28/13hea_20211228_164033_8617598929_600_800.png,13hea_20211228_164033_8617598929_600_800_mask.png,635.162
12,4,24,8,457,604,481,612,457,604,481,604,481,612,457,612,sub_line_text,table_text,table_0,opensans,italic,7.0,13hea_20211228_164033_8617598929_600_800.png,/scratch/parceirosbr/bigoilict/share/BigOil/document_generator/datasets/documents_2021_12_28/13hea_20211228_164033_8617598929_600_800.png,13hea_20211228_164033_8617598929_600_800_mask.png,635.162
12,4,24,8,457,616,481,624,457,616,481,616,481,624,457,624,text,table_text,table_0,opensans,italic,7.0,13hea_20211228_164033_8617598929_600_800.png,/scratch/parceirosbr/bigoilict/share/BigOil/document_generator/datasets/documents_2021_12_28/13hea_20211228_164033_8617598929_600_800.png,13hea_20211228_164033_8617598929_600_800_mask.png,930.066
12,4,24,8,457,616,481,624,457,616,481,616,481,624,457,624,sub_line_text,table_text,table_0,opensans,italic,7.0,13hea_20211228_164033_8617598929_600_800.png,/scratch/parceirosbr/bigoilict/share/BigOil/document_generator/datasets/documents_2021_12_28/13hea_20211228_164033_8617598929_600_800.png,13hea_20211228_164033_8617598929_600_800_mask.png,930.066
14,4,28,8,453,627,481,635,453,627,481,627,481,635,453,635,text,table_text,table_0,opensans,italic,7.0,13hea_20211228_164033_8617598929_600_800.png,/scratch/parceirosbr/bigoilict/share/BigOil/document_generator/datasets/documents_2021_12_28/13hea_20211228_164033_8617598929_600_800.png,13hea_20211228_164033_8617598929_600_800_mask.png,5470.234
14,4,28,8,453,627,481,635,453,627,481,627,481,635,453,635,sub_line_text,table_text,table_0,opensans,italic,7.0,13hea_20211228_164033_8617598929_600_800.png,/scratch/parceirosbr/bigoilict/share/BigOil/document_generator/datasets/documents_2021_12_28/13hea_20211228_164033_8617598929_600_800.png,13hea_20211228_164033_8617598929_600_800_mask.png,5470.234
12,4,24,8,457,639,481,647,457,639,481,639,481,647,457,647,text,table_text,table_0,opensans,italic,7.0,13hea_20211228_164033_8617598929_600_800.png,/scratch/parceirosbr/bigoilict/share/BigOil/document_generator/datasets/documents_2021_12_28/13hea_20211228_164033_8617598929_600_800.png,13hea_20211228_164033_8617598929_600_800_mask.png,805.407
12,4,24,8,457,639,481,647,457,639,481,639,481,647,457,647,sub_line_text,table_text,table_0,opensans,italic,7.0,13hea_20211228_164033_8617598929_600_800.png,/scratch/parceirosbr/bigoilict/share/BigOil/document_generator/datasets/documents_2021_12_28/13hea_20211228_164033_8617598929_600_800.png,13hea_20211228_164033_8617598929_600_800_mask.png,805.407
12,4,24,8,457,650,481,658,457,650,481,650,481,658,457,658,text,table_text,table_0,opensans,italic,7.0,13hea_20211228_164033_8617598929_600_800.png,/scratch/parceirosbr/bigoilict/share/BigOil/document_generator/datasets/documents_2021_12_28/13hea_20211228_164033_8617598929_600_800.png,13hea_20211228_164033_8617598929_600_800_mask.png,226.252
12,4,24,8,457,650,481,658,457,650,481,650,481,658,457,658,sub_line_text,table_text,table_0,opensans,italic,7.0,13hea_20211228_164033_8617598929_600_800.png,/scratch/parceirosbr/bigoilict/share/BigOil/document_generator/datasets/documents_2021_12_28/13hea_20211228_164033_8617598929_600_800.png,13hea_20211228_164033_8617598929_600_800_mask.png,226.252
14,4,28,8,453,662,481,670,453,662,481,662,481,670,453,670,text,table_text,table_0,opensans,italic,7.0,13hea_20211228_164033_8617598929_600_800.png,/scratch/parceirosbr/bigoilict/share/BigOil/document_generator/datasets/documents_2021_12_28/13hea_20211228_164033_8617598929_600_800.png,13hea_20211228_164033_8617598929_600_800_mask.png,4005.229
14,4,28,8,453,662,481,670,453,662,481,662,481,670,453,670,sub_line_text,table_text,table_0,opensans,italic,7.0,13hea_20211228_164033_8617598929_600_800.png,/scratch/parceirosbr/bigoilict/share/BigOil/document_generator/datasets/documents_2021_12_28/13hea_20211228_164033_8617598929_600_800.png,13hea_20211228_164033_8617598929_600_800_mask.png,4005.229
12,4,24,8,457,673,481,681,457,673,481,673,481,681,457,681,text,table_text,table_0,opensans,italic,7.0,13hea_20211228_164033_8617598929_600_800.png,/scratch/parceirosbr/bigoilict/share/BigOil/document_generator/datasets/documents_2021_12_28/13hea_20211228_164033_8617598929_600_800.png,13hea_20211228_164033_8617598929_600_800_mask.png,309.135
12,4,24,8,457,673,481,681,457,673,481,673,481,681,457,681,sub_line_text,table_text,table_0,opensans,italic,7.0,13hea_20211228_164033_8617598929_600_800.png,/scratch/parceirosbr/bigoilict/share/BigOil/document_generator/datasets/documents_2021_12_28/13hea_20211228_164033_8617598929_600_800.png,13hea_20211228_164033_8617598929_600_800_mask.png,309.135
14,4,28,8,453,685,481,693,453,685,481,685,481,693,453,693,text,table_text,table_0,opensans,italic,7.0,13hea_20211228_164033_8617598929_600_800.png,/scratch/parceirosbr/bigoilict/share/BigOil/document_generator/datasets/documents_2021_12_28/13hea_20211228_164033_8617598929_600_800.png,13hea_20211228_164033_8617598929_600_800_mask.png,4608.102
14,4,28,8,453,685,481,693,453,685,481,685,481,693,453,693,sub_line_text,table_text,table_0,opensans,italic,7.0,13hea_20211228_164033_8617598929_600_800.png,/scratch/parceirosbr/bigoilict/share/BigOil/document_generator/datasets/documents_2021_12_28/13hea_20211228_164033_8617598929_600_800.png,13hea_20211228_164033_8617598929_600_800_mask.png,4608.102
14,4,28,8,453,696,481,704,453,696,481,696,481,704,453,704,text,table_text,table_0,opensans,bold,7.0,13hea_20211228_164033_8617598929_600_800.png,/scratch/parceirosbr/bigoilict/share/BigOil/document_generator/datasets/documents_2021_12_28/13hea_20211228_164033_8617598929_600_800.png,13hea_20211228_164033_8617598929_600_800_mask.png,5368.394
14,4,28,8,453,696,481,704,453,696,481,696,481,704,453,704,sub_line_text,table_text,table_0,opensans,bold,7.0,13hea_20211228_164033_8617598929_600_800.png,/scratch/parceirosbr/bigoilict/share/BigOil/document_generator/datasets/documents_2021_12_28/13hea_20211228_164033_8617598929_600_800.png,13hea_20211228_164033_8617598929_600_800_mask.png,5368.394
13,4,27,8,508,496,535,504,508,496,535,496,535,504,508,504,text,table_text,table_0,opensans,italic,7.0,13hea_20211228_164033_8617598929_600_800.png,/scratch/parceirosbr/bigoilict/share/BigOil/document_generator/datasets/documents_2021_12_28/13hea_20211228_164033_8617598929_600_800.png,13hea_20211228_164033_8617598929_600_800_mask.png,diferentes
13,4,27,8,508,496,535,504,508,496,535,496,535,504,508,504,sub_line_text,table_text,table_0,opensans,italic,7.0,13hea_20211228_164033_8617598929_600_800.png,/scratch/parceirosbr/bigoilict/share/BigOil/document_generator/datasets/documents_2021_12_28/13hea_20211228_164033_8617598929_600_800.png,13hea_20211228_164033_8617598929_600_800_mask.png,diferentes
10,4,21,8,514,505,535,513,514,505,535,505,535,513,514,513,text,table_text,table_0,opensans,italic,7.0,13hea_20211228_164033_8617598929_600_800.png,/scratch/parceirosbr/bigoilict/share/BigOil/document_generator/datasets/documents_2021_12_28/13hea_20211228_164033_8617598929_600_800.png,13hea_20211228_164033_8617598929_600_800_mask.png,relação
10,4,21,8,514,505,535,513,514,505,535,505,535,513,514,513,sub_line_text,table_text,table_0,opensans,italic,7.0,13hea_20211228_164033_8617598929_600_800.png,/scratch/parceirosbr/bigoilict/share/BigOil/document_generator/datasets/documents_2021_12_28/13hea_20211228_164033_8617598929_600_800.png,13hea_20211228_164033_8617598929_600_800_mask.png,relação
12,4,24,8,511,524,535,532,511,524,535,524,535,532,511,532,text,table_text,table_0,opensans,italic,7.0,13hea_20211228_164033_8617598929_600_800.png,/scratch/parceirosbr/bigoilict/share/BigOil/document_generator/datasets/documents_2021_12_28/13hea_20211228_164033_8617598929_600_800.png,13hea_20211228_164033_8617598929_600_800_mask.png,76.1867
12,4,24,8,511,524,535,532,511,524,535,524,535,532,511,532,sub_line_text,table_text,table_0,opensans,italic,7.0,13hea_20211228_164033_8617598929_600_800.png,/scratch/parceirosbr/bigoilict/share/BigOil/document_generator/datasets/documents_2021_12_28/13hea_20211228_164033_8617598929_600_800.png,13hea_20211228_164033_8617598929_600_800_mask.png,76.1867
12,4,24,8,511,536,535,544,511,536,535,536,535,544,511,544,text,table_text,table_0,opensans,italic,7.0,13hea_20211228_164033_8617598929_600_800.png,/scratch/parceirosbr/bigoilict/share/BigOil/document_generator/datasets/documents_2021_12_28/13hea_20211228_164033_8617598929_600_800.png,13hea_20211228_164033_8617598929_600_800_mask.png,19.3227
12,4,24,8,511,536,535,544,511,536,535,536,535,544,511,544,sub_line_text,table_text,table_0,opensans,italic,7.0,13hea_20211228_164033_8617598929_600_800.png,/scratch/parceirosbr/bigoilict/share/BigOil/document_generator/datasets/documents_2021_12_28/13hea_20211228_164033_8617598929_600_800.png,13hea_20211228_164033_8617598929_600_800_mask.png,19.3227
14,4,28,8,507,547,535,555,507,547,535,547,535,555,507,555,text,table_text,table_0,opensans,italic,7.0,13hea_20211228_164033_8617598929_600_800.png,/scratch/parceirosbr/bigoilict/share/BigOil/document_generator/datasets/documents_2021_12_28/13hea_20211228_164033_8617598929_600_800.png,13hea_20211228_164033_8617598929_600_800_mask.png,228.7529
14,4,28,8,507,547,535,555,507,547,535,547,535,555,507,555,sub_line_text,table_text,table_0,opensans,italic,7.0,13hea_20211228_164033_8617598929_600_800.png,/scratch/parceirosbr/bigoilict/share/BigOil/document_generator/datasets/documents_2021_12_28/13hea_20211228_164033_8617598929_600_800.png,13hea_20211228_164033_8617598929_600_800_mask.png,228.7529
14,4,28,8,507,558,535,566,507,558,535,558,535,566,507,566,text,table_text,table_0,opensans,italic,7.0,13hea_20211228_164033_8617598929_600_800.png,/scratch/parceirosbr/bigoilict/share/BigOil/document_generator/datasets/documents_2021_12_28/13hea_20211228_164033_8617598929_600_800.png,13hea_20211228_164033_8617598929_600_800_mask.png,465.5501
14,4,28,8,507,558,535,566,507,558,535,558,535,566,507,566,sub_line_text,table_text,table_0,opensans,italic,7.0,13hea_20211228_164033_8617598929_600_800.png,/scratch/parceirosbr/bigoilict/share/BigOil/document_generator/datasets/documents_2021_12_28/13hea_20211228_164033_8617598929_600_800.png,13hea_20211228_164033_8617598929_600_800_mask.png,465.5501
12,4,24,8,511,570,535,578,511,570,535,570,535,578,511,578,text,table_text,table_0,opensans,italic,7.0,13hea_20211228_164033_8617598929_600_800.png,/scratch/parceirosbr/bigoilict/share/BigOil/document_generator/datasets/documents_2021_12_28/13hea_20211228_164033_8617598929_600_800.png,13hea_20211228_164033_8617598929_600_800_mask.png,26.4870
12,4,24,8,511,570,535,578,511,570,535,570,535,578,511,578,sub_line_text,table_text,table_0,opensans,italic,7.0,13hea_20211228_164033_8617598929_600_800.png,/scratch/parceirosbr/bigoilict/share/BigOil/document_generator/datasets/documents_2021_12_28/13hea_20211228_164033_8617598929_600_800.png,13hea_20211228_164033_8617598929_600_800_mask.png,26.4870
10,4,20,8,515,581,535,589,515,581,535,581,535,589,515,589,text,table_text,table_0,opensans,italic,7.0,13hea_20211228_164033_8617598929_600_800.png,/scratch/parceirosbr/bigoilict/share/BigOil/document_generator/datasets/documents_2021_12_28/13hea_20211228_164033_8617598929_600_800.png,13hea_20211228_164033_8617598929_600_800_mask.png,5.2568
10,4,20,8,515,581,535,589,515,581,535,581,535,589,515,589,sub_line_text,table_text,table_0,opensans,italic,7.0,13hea_20211228_164033_8617598929_600_800.png,/scratch/parceirosbr/bigoilict/share/BigOil/document_generator/datasets/documents_2021_12_28/13hea_20211228_164033_8617598929_600_800.png,13hea_20211228_164033_8617598929_600_800_mask.png,5.2568
14,4,28,8,507,593,535,601,507,593,535,593,535,601,507,601,text,table_text,table_0,opensans,italic,7.0,13hea_20211228_164033_8617598929_600_800.png,/scratch/parceirosbr/bigoilict/share/BigOil/document_generator/datasets/documents_2021_12_28/13hea_20211228_164033_8617598929_600_800.png,13hea_20211228_164033_8617598929_600_800_mask.png,666.0671
14,4,28,8,507,593,535,601,507,593,535,593,535,601,507,601,sub_line_text,table_text,table_0,opensans,italic,7.0,13hea_20211228_164033_8617598929_600_800.png,/scratch/parceirosbr/bigoilict/share/BigOil/document_generator/datasets/documents_2021_12_28/13hea_20211228_164033_8617598929_600_800.png,13hea_20211228_164033_8617598929_600_800_mask.png,666.0671
14,4,28,8,507,604,535,612,507,604,535,604,535,612,507,612,text,table_text,table_0,opensans,italic,7.0,13hea_20211228_164033_8617598929_600_800.png,/scratch/parceirosbr/bigoilict/share/BigOil/document_generator/datasets/documents_2021_12_28/13hea_20211228_164033_8617598929_600_800.png,13hea_20211228_164033_8617598929_600_800_mask.png,926.7052
14,4,28,8,507,604,535,612,507,604,535,604,535,612,507,612,sub_line_text,table_text,table_0,opensans,italic,7.0,13hea_20211228_164033_8617598929_600_800.png,/scratch/parceirosbr/bigoilict/share/BigOil/document_generator/datasets/documents_2021_12_28/13hea_20211228_164033_8617598929_600_800.png,13hea_20211228_164033_8617598929_600_800_mask.png,926.7052
10,4,20,8,515,616,535,624,515,616,535,616,535,624,515,624,text,table_text,table_0,opensans,italic,7.0,13hea_20211228_164033_8617598929_600_800.png,/scratch/parceirosbr/bigoilict/share/BigOil/document_generator/datasets/documents_2021_12_28/13hea_20211228_164033_8617598929_600_800.png,13hea_20211228_164033_8617598929_600_800_mask.png,8.4652
10,4,20,8,515,616,535,624,515,616,535,616,535,624,515,624,sub_line_text,table_text,table_0,opensans,italic,7.0,13hea_20211228_164033_8617598929_600_800.png,/scratch/parceirosbr/bigoilict/share/BigOil/document_generator/datasets/documents_2021_12_28/13hea_20211228_164033_8617598929_600_800.png,13hea_20211228_164033_8617598929_600_800_mask.png,8.4652
14,4,28,8,507,627,535,635,507,627,535,627,535,635,507,635,text,table_text,table_0,opensans,italic,7.0,13hea_20211228_164033_8617598929_600_800.png,/scratch/parceirosbr/bigoilict/share/BigOil/document_generator/datasets/documents_2021_12_28/13hea_20211228_164033_8617598929_600_800.png,13hea_20211228_164033_8617598929_600_800_mask.png,212.4320
14,4,28,8,507,627,535,635,507,627,535,627,535,635,507,635,sub_line_text,table_text,table_0,opensans,italic,7.0,13hea_20211228_164033_8617598929_600_800.png,/scratch/parceirosbr/bigoilict/share/BigOil/document_generator/datasets/documents_2021_12_28/13hea_20211228_164033_8617598929_600_800.png,13hea_20211228_164033_8617598929_600_800_mask.png,212.4320
14,4,28,8,507,639,535,647,507,639,535,639,535,647,507,647,text,table_text,table_0,opensans,italic,7.0,13hea_20211228_164033_8617598929_600_800.png,/scratch/parceirosbr/bigoilict/share/BigOil/document_generator/datasets/documents_2021_12_28/13hea_20211228_164033_8617598929_600_800.png,13hea_20211228_164033_8617598929_600_800_mask.png,934.8489
14,4,28,8,507,639,535,647,507,639,535,639,535,647,507,647,sub_line_text,table_text,table_0,opensans,italic,7.0,13hea_20211228_164033_8617598929_600_800.png,/scratch/parceirosbr/bigoilict/share/BigOil/document_generator/datasets/documents_2021_12_28/13hea_20211228_164033_8617598929_600_800.png,13hea_20211228_164033_8617598929_600_800_mask.png,934.8489
12,4,24,8,511,650,535,658,511,650,535,650,535,658,511,658,text,table_text,table_0,opensans,italic,7.0,13hea_20211228_164033_8617598929_600_800.png,/scratch/parceirosbr/bigoilict/share/BigOil/document_generator/datasets/documents_2021_12_28/13hea_20211228_164033_8617598929_600_800.png,13hea_20211228_164033_8617598929_600_800_mask.png,52.5305
12,4,24,8,511,650,535,658,511,650,535,650,535,658,511,658,sub_line_text,table_text,table_0,opensans,italic,7.0,13hea_20211228_164033_8617598929_600_800.png,/scratch/parceirosbr/bigoilict/share/BigOil/document_generator/datasets/documents_2021_12_28/13hea_20211228_164033_8617598929_600_800.png,13hea_20211228_164033_8617598929_600_800_mask.png,52.5305
12,4,24,8,511,662,535,670,511,662,535,662,535,670,511,670,text,table_text,table_0,opensans,italic,7.0,13hea_20211228_164033_8617598929_600_800.png,/scratch/parceirosbr/bigoilict/share/BigOil/document_generator/datasets/documents_2021_12_28/13hea_20211228_164033_8617598929_600_800.png,13hea_20211228_164033_8617598929_600_800_mask.png,83.3224
12,4,24,8,511,662,535,670,511,662,535,662,535,670,511,670,sub_line_text,table_text,table_0,opensans,italic,7.0,13hea_20211228_164033_8617598929_600_800.png,/scratch/parceirosbr/bigoilict/share/BigOil/document_generator/datasets/documents_2021_12_28/13hea_20211228_164033_8617598929_600_800.png,13hea_20211228_164033_8617598929_600_800_mask.png,83.3224
10,4,20,8,515,673,535,681,515,673,535,673,535,681,515,681,text,table_text,table_0,opensans,italic,7.0,13hea_20211228_164033_8617598929_600_800.png,/scratch/parceirosbr/bigoilict/share/BigOil/document_generator/datasets/documents_2021_12_28/13hea_20211228_164033_8617598929_600_800.png,13hea_20211228_164033_8617598929_600_800_mask.png,3.2586
10,4,20,8,515,673,535,681,515,673,535,673,535,681,515,681,sub_line_text,table_text,table_0,opensans,italic,7.0,13hea_20211228_164033_8617598929_600_800.png,/scratch/parceirosbr/bigoilict/share/BigOil/document_generator/datasets/documents_2021_12_28/13hea_20211228_164033_8617598929_600_800.png,13hea_20211228_164033_8617598929_600_800_mask.png,3.2586
10,4,20,8,515,685,535,693,515,685,535,685,535,693,515,693,text,table_text,table_0,opensans,italic,7.0,13hea_20211228_164033_8617598929_600_800.png,/scratch/parceirosbr/bigoilict/share/BigOil/document_generator/datasets/documents_2021_12_28/13hea_20211228_164033_8617598929_600_800.png,13hea_20211228_164033_8617598929_600_800_mask.png,2.1222
10,4,20,8,515,685,535,693,515,685,535,685,535,693,515,693,sub_line_text,table_text,table_0,opensans,italic,7.0,13hea_20211228_164033_8617598929_600_800.png,/scratch/parceirosbr/bigoilict/share/BigOil/document_generator/datasets/documents_2021_12_28/13hea_20211228_164033_8617598929_600_800.png,13hea_20211228_164033_8617598929_600_800_mask.png,2.1222
14,4,28,8,507,696,535,704,507,696,535,696,535,704,507,704,text,table_text,table_0,opensans,bold,7.0,13hea_20211228_164033_8617598929_600_800.png,/scratch/parceirosbr/bigoilict/share/BigOil/document_generator/datasets/documents_2021_12_28/13hea_20211228_164033_8617598929_600_800.png,13hea_20211228_164033_8617598929_600_800_mask.png,914.7761
14,4,28,8,507,696,535,704,507,696,535,696,535,704,507,704,sub_line_text,table_text,table_0,opensans,bold,7.0,13hea_20211228_164033_8617598929_600_800.png,/scratch/parceirosbr/bigoilict/share/BigOil/document_generator/datasets/documents_2021_12_28/13hea_20211228_164033_8617598929_600_800.png,13hea_20211228_164033_8617598929_600_800_mask.png,914.7761
79,3,159,7,65,493,224,500,65,493,224,493,224,500,65,500,sub_line_text,table_legend,table_0,times,regular,6,13hea_20211228_164033_8617598929_600_800.png,/scratch/parceirosbr/bigoilict/share/BigOil/document_generator/datasets/documents_2021_12_28/13hea_20211228_164033_8617598929_600_800.png,13hea_20211228_164033_8617598929_600_800_mask.png,"Tab.  77:    Assim,  se  antes  tais  práticas  eram  vistas  co-"
80,3,160,7,65,503,225,510,65,503,225,503,225,510,65,510,sub_line_text,table_legend,table_0,times,regular,6,13hea_20211228_164033_8617598929_600_800.png,/scratch/parceirosbr/bigoilict/share/BigOil/document_generator/datasets/documents_2021_12_28/13hea_20211228_164033_8617598929_600_800.png,13hea_20211228_164033_8617598929_600_800_mask.png,"mo  per  se  negativas,  com  a  12 mais informações ver and"
72,3,144,7,65,513,209,520,65,513,209,513,209,520,65,520,sub_line_text,table_legend,table_0,times,regular,6,13hea_20211228_164033_8617598929_600_800.png,/scratch/parceirosbr/bigoilict/share/BigOil/document_generator/datasets/documents_2021_12_28/13hea_20211228_164033_8617598929_600_800.png,13hea_20211228_164033_8617598929_600_800_mask.png,"analysis and antitrust implications,.  Proposal that aims"
80,13,160,27,65,493,225,520,65,493,225,493,225,520,65,520,text,table_legend,table_0,times,regular,6,13hea_20211228_164033_8617598929_600_800.png,/scratch/parceirosbr/bigoilict/share/BigOil/document_generator/datasets/documents_2021_12_28/13hea_20211228_164033_8617598929_600_800.png,13hea_20211228_164033_8617598929_600_800_mask.png,nan
