center_x,center_y,width,height,xmin,ymin,xmax,ymax,top_left_x,top_left_y,top_right_x,top_right_y,bottom_right_x,bottom_right_y,bottom_left_x,bottom_left_y,label,grouplabel,group,text_font,text_style,size_font,filename,path,filename_mask,content
300,400,600,800,0,0,600,800,0,0,600,0,600,800,0,800,document,,,,,,17pabc_2cols_20211228_164100_2953442631_600_800.png,/scratch/parceirosbr/bigoilict/share/BigOil/document_generator/datasets/documents_2021_12_28/17pabc_2cols_20211228_164100_2953442631_600_800.png,17pabc_2cols_20211228_164100_2953442631_600_800_mask.png,
216,13,433,27,88,72,521,99,88,72,521,72,521,99,88,99,sub_line_text,title,title_0,opensans,regular,20,17pabc_2cols_20211228_164100_2953442631_600_800.png,/scratch/parceirosbr/bigoilict/share/BigOil/document_generator/datasets/documents_2021_12_28/17pabc_2cols_20211228_164100_2953442631_600_800.png,17pabc_2cols_20211228_164100_2953442631_600_800_mask.png,"Conformidade for sanada, o tempo, possa a se"
216,13,433,27,88,72,521,99,88,72,521,72,521,99,88,99,title,title,title_0,opensans,regular,20,17pabc_2cols_20211228_164100_2953442631_600_800.png,/scratch/parceirosbr/bigoilict/share/BigOil/document_generator/datasets/documents_2021_12_28/17pabc_2cols_20211228_164100_2953442631_600_800.png,17pabc_2cols_20211228_164100_2953442631_600_800_mask.png,nan
82,8,164,17,222,104,386,121,222,104,386,104,386,121,222,121,sub_line_text,subsubtitle,subsubtitle_0,opensans,bolditalic,13,17pabc_2cols_20211228_164100_2953442631_600_800.png,/scratch/parceirosbr/bigoilict/share/BigOil/document_generator/datasets/documents_2021_12_28/17pabc_2cols_20211228_164100_2953442631_600_800.png,17pabc_2cols_20211228_164100_2953442631_600_800_mask.png,"Nota-se, assim, suas ações"
82,8,164,17,222,104,386,121,222,104,386,104,386,121,222,121,title,subsubtitle,subsubtitle_0,opensans,bolditalic,13,17pabc_2cols_20211228_164100_2953442631_600_800.png,/scratch/parceirosbr/bigoilict/share/BigOil/document_generator/datasets/documents_2021_12_28/17pabc_2cols_20211228_164100_2953442631_600_800.png,17pabc_2cols_20211228_164100_2953442631_600_800_mask.png,nan
207,6,415,13,117,126,532,139,117,126,532,126,532,139,117,139,sub_line_text,text,text_0,opensans,regular,10,17pabc_2cols_20211228_164100_2953442631_600_800.png,/scratch/parceirosbr/bigoilict/share/BigOil/document_generator/datasets/documents_2021_12_28/17pabc_2cols_20211228_164100_2953442631_600_800.png,17pabc_2cols_20211228_164100_2953442631_600_800_mask.png,"O  2  evidencia, em termos de participação dos combustíveis na matriz veicular, um a-"
230,6,460,13,72,144,532,157,72,144,532,144,532,157,72,157,sub_line_text,text,text_0,opensans,regular,10,17pabc_2cols_20211228_164100_2953442631_600_800.png,/scratch/parceirosbr/bigoilict/share/BigOil/document_generator/datasets/documents_2021_12_28/17pabc_2cols_20211228_164100_2953442631_600_800.png,17pabc_2cols_20211228_164100_2953442631_600_800_mask.png,"vanço  relativo  dos  biocombustíveis  em detrimento dos combustíveis fósseis, embora, em ter-"
230,6,461,13,72,162,533,175,72,162,533,162,533,175,72,175,sub_line_text,text,text_0,opensans,regular,10,17pabc_2cols_20211228_164100_2953442631_600_800.png,/scratch/parceirosbr/bigoilict/share/BigOil/document_generator/datasets/documents_2021_12_28/17pabc_2cols_20211228_164100_2953442631_600_800.png,17pabc_2cols_20211228_164100_2953442631_600_800_mask.png,"mos  volumétricos,  a venda de biocombustíveis tenha se reduzido ao longo de 2016. consonân-"
230,6,460,13,72,180,532,193,72,180,532,180,532,193,72,193,sub_line_text,text,text_0,opensans,regular,10,17pabc_2cols_20211228_164100_2953442631_600_800.png,/scratch/parceirosbr/bigoilict/share/BigOil/document_generator/datasets/documents_2021_12_28/17pabc_2cols_20211228_164100_2953442631_600_800.png,17pabc_2cols_20211228_164100_2953442631_600_800_mask.png,"cia  com  os dados da 2. sentido, entre 2015 e 2016, verifica-se uma redução relativa do óleo d-"
197,6,394,13,72,198,466,211,72,198,466,198,466,211,72,211,sub_line_text,text,text_0,opensans,regular,10,17pabc_2cols_20211228_164100_2953442631_600_800.png,/scratch/parceirosbr/bigoilict/share/BigOil/document_generator/datasets/documents_2021_12_28/17pabc_2cols_20211228_164100_2953442631_600_800.png,17pabc_2cols_20211228_164100_2953442631_600_800_mask.png,"iesel de 46,5% para 44,6%, ao passo que a gasolina eleva-se de 29,7% para 31,9%."
230,42,461,85,72,126,533,211,72,126,533,126,533,211,72,211,text,text,text_0,opensans,regular,10,17pabc_2cols_20211228_164100_2953442631_600_800.png,/scratch/parceirosbr/bigoilict/share/BigOil/document_generator/datasets/documents_2021_12_28/17pabc_2cols_20211228_164100_2953442631_600_800.png,17pabc_2cols_20211228_164100_2953442631_600_800_mask.png,nan
67,11,135,23,116,216,251,239,116,216,251,216,251,239,116,239,sub_line_text,subtitle,subtitle_0,opensans,italic,17,17pabc_2cols_20211228_164100_2953442631_600_800.png,/scratch/parceirosbr/bigoilict/share/BigOil/document_generator/datasets/documents_2021_12_28/17pabc_2cols_20211228_164100_2953442631_600_800.png,17pabc_2cols_20211228_164100_2953442631_600_800_mask.png,Sources emissions
67,11,135,23,116,216,251,239,116,216,251,216,251,239,116,239,title,subtitle,subtitle_0,opensans,italic,17,17pabc_2cols_20211228_164100_2953442631_600_800.png,/scratch/parceirosbr/bigoilict/share/BigOil/document_generator/datasets/documents_2021_12_28/17pabc_2cols_20211228_164100_2953442631_600_800.png,17pabc_2cols_20211228_164100_2953442631_600_800_mask.png,nan
87,6,174,13,117,244,291,257,117,244,291,244,291,257,117,257,sub_line_text,text,text_1,opensans,regular,10,17pabc_2cols_20211228_164100_2953442631_600_800.png,/scratch/parceirosbr/bigoilict/share/BigOil/document_generator/datasets/documents_2021_12_28/17pabc_2cols_20211228_164100_2953442631_600_800.png,17pabc_2cols_20211228_164100_2953442631_600_800_mask.png,A  partir  dos dados de compra decl-
109,6,219,13,72,262,291,275,72,262,291,262,291,275,72,275,sub_line_text,text,text_1,opensans,regular,10,17pabc_2cols_20211228_164100_2953442631_600_800.png,/scratch/parceirosbr/bigoilict/share/BigOil/document_generator/datasets/documents_2021_12_28/17pabc_2cols_20211228_164100_2953442631_600_800.png,17pabc_2cols_20211228_164100_2953442631_600_800_mask.png,"arados  pelos distribuidores, nota-se que ess-"
109,6,219,13,72,280,291,293,72,280,291,280,291,293,72,293,sub_line_text,text,text_1,opensans,regular,10,17pabc_2cols_20211228_164100_2953442631_600_800.png,/scratch/parceirosbr/bigoilict/share/BigOil/document_generator/datasets/documents_2021_12_28/17pabc_2cols_20211228_164100_2953442631_600_800.png,17pabc_2cols_20211228_164100_2953442631_600_800_mask.png,es  agentes são também abastecidos por me-
109,6,219,13,72,298,291,311,72,298,291,298,291,311,72,311,sub_line_text,text,text_1,opensans,regular,10,17pabc_2cols_20211228_164100_2953442631_600_800.png,/scratch/parceirosbr/bigoilict/share/BigOil/document_generator/datasets/documents_2021_12_28/17pabc_2cols_20211228_164100_2953442631_600_800.png,17pabc_2cols_20211228_164100_2953442631_600_800_mask.png,"io  de importações, que representam 12% (56"
109,6,219,13,72,316,291,329,72,316,291,316,291,329,72,329,sub_line_text,text,text_1,opensans,regular,10,17pabc_2cols_20211228_164100_2953442631_600_800.png,/scratch/parceirosbr/bigoilict/share/BigOil/document_generator/datasets/documents_2021_12_28/17pabc_2cols_20211228_164100_2953442631_600_800.png,17pabc_2cols_20211228_164100_2953442631_600_800_mask.png,mil  m) de todo o volume adquirido. A compu-
110,6,220,13,72,334,292,347,72,334,292,334,292,347,72,347,sub_line_text,text,text_1,opensans,regular,10,17pabc_2cols_20211228_164100_2953442631_600_800.png,/scratch/parceirosbr/bigoilict/share/BigOil/document_generator/datasets/documents_2021_12_28/17pabc_2cols_20211228_164100_2953442631_600_800.png,17pabc_2cols_20211228_164100_2953442631_600_800_mask.png,tação  prática  de mapas transformados pode
106,6,213,13,72,352,285,365,72,352,285,352,285,365,72,365,sub_line_text,text,text_1,opensans,regular,10,17pabc_2cols_20211228_164100_2953442631_600_800.png,/scratch/parceirosbr/bigoilict/share/BigOil/document_generator/datasets/documents_2021_12_28/17pabc_2cols_20211228_164100_2953442631_600_800.png,17pabc_2cols_20211228_164100_2953442631_600_800_mask.png,ser feita utilizando tanto a convolução no d.
110,60,220,121,72,244,292,365,72,244,292,244,292,365,72,365,text,text,text_1,opensans,regular,10,17pabc_2cols_20211228_164100_2953442631_600_800.png,/scratch/parceirosbr/bigoilict/share/BigOil/document_generator/datasets/documents_2021_12_28/17pabc_2cols_20211228_164100_2953442631_600_800.png,17pabc_2cols_20211228_164100_2953442631_600_800_mask.png,nan
25,8,50,17,159,370,209,387,159,370,209,370,209,387,159,387,sub_line_text,subsubtitle,subsubtitle_1,opensans,bolditalic,13,17pabc_2cols_20211228_164100_2953442631_600_800.png,/scratch/parceirosbr/bigoilict/share/BigOil/document_generator/datasets/documents_2021_12_28/17pabc_2cols_20211228_164100_2953442631_600_800.png,17pabc_2cols_20211228_164100_2953442631_600_800_mask.png,"Sua vez,"
25,8,50,17,159,370,209,387,159,370,209,370,209,387,159,387,title,subsubtitle,subsubtitle_1,opensans,bolditalic,13,17pabc_2cols_20211228_164100_2953442631_600_800.png,/scratch/parceirosbr/bigoilict/share/BigOil/document_generator/datasets/documents_2021_12_28/17pabc_2cols_20211228_164100_2953442631_600_800.png,17pabc_2cols_20211228_164100_2953442631_600_800_mask.png,nan
87,6,175,13,117,392,292,405,117,392,292,392,292,405,117,405,sub_line_text,text,text_2,opensans,regular,10,17pabc_2cols_20211228_164100_2953442631_600_800.png,/scratch/parceirosbr/bigoilict/share/BigOil/document_generator/datasets/documents_2021_12_28/17pabc_2cols_20211228_164100_2953442631_600_800.png,17pabc_2cols_20211228_164100_2953442631_600_800_mask.png,Preço  de do o preço de referência a
110,6,220,13,72,410,292,423,72,410,292,410,292,423,72,423,sub_line_text,text,text_2,opensans,regular,10,17pabc_2cols_20211228_164100_2953442631_600_800.png,/scratch/parceirosbr/bigoilict/share/BigOil/document_generator/datasets/documents_2021_12_28/17pabc_2cols_20211228_164100_2953442631_600_800.png,17pabc_2cols_20211228_164100_2953442631_600_800_mask.png,ser  aplicado  a  cada mês ao gás natural pro-
110,6,221,13,72,428,293,441,72,428,293,428,293,441,72,441,sub_line_text,text,text_2,opensans,regular,10,17pabc_2cols_20211228_164100_2953442631_600_800.png,/scratch/parceirosbr/bigoilict/share/BigOil/document_generator/datasets/documents_2021_12_28/17pabc_2cols_20211228_164100_2953442631_600_800.png,17pabc_2cols_20211228_164100_2953442631_600_800_mask.png,"duzido  durante  o  referido  mês, em cada ca-"
110,6,221,13,72,446,293,459,72,446,293,446,293,459,72,459,sub_line_text,text,text_2,opensans,regular,10,17pabc_2cols_20211228_164100_2953442631_600_800.png,/scratch/parceirosbr/bigoilict/share/BigOil/document_generator/datasets/documents_2021_12_28/17pabc_2cols_20211228_164100_2953442631_600_800.png,17pabc_2cols_20211228_164100_2953442631_600_800_mask.png,"mpo  de  uma área de concessão, em re-ais p-"
111,6,222,13,72,464,294,477,72,464,294,464,294,477,72,477,sub_line_text,text,text_2,opensans,regular,10,17pabc_2cols_20211228_164100_2953442631_600_800.png,/scratch/parceirosbr/bigoilict/share/BigOil/document_generator/datasets/documents_2021_12_28/17pabc_2cols_20211228_164100_2953442631_600_800.png,17pabc_2cols_20211228_164100_2953442631_600_800_mask.png,"or  mil metros cúbicos, na condição padrão de"
109,6,219,13,72,482,291,495,72,482,291,482,291,495,72,495,sub_line_text,text,text_2,opensans,regular,10,17pabc_2cols_20211228_164100_2953442631_600_800.png,/scratch/parceirosbr/bigoilict/share/BigOil/document_generator/datasets/documents_2021_12_28/17pabc_2cols_20211228_164100_2953442631_600_800.png,17pabc_2cols_20211228_164100_2953442631_600_800_mask.png,"medição,  será  igual  à média ponderada dos"
109,6,219,13,72,500,291,513,72,500,291,500,291,513,72,513,sub_line_text,text,text_2,opensans,regular,10,17pabc_2cols_20211228_164100_2953442631_600_800.png,/scratch/parceirosbr/bigoilict/share/BigOil/document_generator/datasets/documents_2021_12_28/17pabc_2cols_20211228_164100_2953442631_600_800.png,17pabc_2cols_20211228_164100_2953442631_600_800_mask.png,"preços  de venda do gás natural, livres dos tr-"
106,6,213,13,72,518,285,531,72,518,285,518,285,531,72,531,sub_line_text,text,text_2,opensans,regular,10,17pabc_2cols_20211228_164100_2953442631_600_800.png,/scratch/parceirosbr/bigoilict/share/BigOil/document_generator/datasets/documents_2021_12_28/17pabc_2cols_20211228_164100_2953442631_600_800.png,17pabc_2cols_20211228_164100_2953442631_600_800_mask.png,i-butos incidentes sobre a venda acordados.
111,69,222,139,72,392,294,531,72,392,294,392,294,531,72,531,text,text,text_2,opensans,regular,10,17pabc_2cols_20211228_164100_2953442631_600_800.png,/scratch/parceirosbr/bigoilict/share/BigOil/document_generator/datasets/documents_2021_12_28/17pabc_2cols_20211228_164100_2953442631_600_800.png,17pabc_2cols_20211228_164100_2953442631_600_800_mask.png,nan
43,43,87,87,140,536,227,623,140,536,227,536,227,623,140,623,image,figure_image,figure_0,,,,17pabc_2cols_20211228_164100_2953442631_600_800.png,/scratch/parceirosbr/bigoilict/share/BigOil/document_generator/datasets/documents_2021_12_28/17pabc_2cols_20211228_164100_2953442631_600_800.png,17pabc_2cols_20211228_164100_2953442631_600_800_mask.png,output/gen_img_20211228_164101_8885548917.png
2,4,4,9,160,541,164,550,160,550,162,541,164,541,162,550,text,figure_text,figure_0,,,,17pabc_2cols_20211228_164100_2953442631_600_800.png,/scratch/parceirosbr/bigoilict/share/BigOil/document_generator/datasets/documents_2021_12_28/17pabc_2cols_20211228_164100_2953442631_600_800.png,17pabc_2cols_20211228_164100_2953442631_600_800_mask.png,-551.0%
2,4,4,9,160,541,164,550,160,550,162,541,164,541,162,550,sub_line_text,figure_text,figure_0,,,,17pabc_2cols_20211228_164100_2953442631_600_800.png,/scratch/parceirosbr/bigoilict/share/BigOil/document_generator/datasets/documents_2021_12_28/17pabc_2cols_20211228_164100_2953442631_600_800.png,17pabc_2cols_20211228_164100_2953442631_600_800_mask.png,-551.0%
1,4,3,9,154,586,157,595,154,595,155,586,157,586,155,595,text,figure_text,figure_0,,,,17pabc_2cols_20211228_164100_2953442631_600_800.png,/scratch/parceirosbr/bigoilict/share/BigOil/document_generator/datasets/documents_2021_12_28/17pabc_2cols_20211228_164100_2953442631_600_800.png,17pabc_2cols_20211228_164100_2953442631_600_800_mask.png,866.187
1,4,3,9,154,586,157,595,154,595,155,586,157,586,155,595,sub_line_text,figure_text,figure_0,,,,17pabc_2cols_20211228_164100_2953442631_600_800.png,/scratch/parceirosbr/bigoilict/share/BigOil/document_generator/datasets/documents_2021_12_28/17pabc_2cols_20211228_164100_2953442631_600_800.png,17pabc_2cols_20211228_164100_2953442631_600_800_mask.png,866.187
2,5,4,11,211,583,215,594,211,594,213,583,215,584,213,594,text,figure_text,figure_0,,,,17pabc_2cols_20211228_164100_2953442631_600_800.png,/scratch/parceirosbr/bigoilict/share/BigOil/document_generator/datasets/documents_2021_12_28/17pabc_2cols_20211228_164100_2953442631_600_800.png,17pabc_2cols_20211228_164100_2953442631_600_800_mask.png,-3255.89
2,5,4,11,211,583,215,594,211,594,213,583,215,584,213,594,sub_line_text,figure_text,figure_0,,,,17pabc_2cols_20211228_164100_2953442631_600_800.png,/scratch/parceirosbr/bigoilict/share/BigOil/document_generator/datasets/documents_2021_12_28/17pabc_2cols_20211228_164100_2953442631_600_800.png,17pabc_2cols_20211228_164100_2953442631_600_800_mask.png,-3255.89
2,5,4,11,184,601,188,612,184,612,186,601,188,602,186,612,text,figure_text,figure_0,,,,17pabc_2cols_20211228_164100_2953442631_600_800.png,/scratch/parceirosbr/bigoilict/share/BigOil/document_generator/datasets/documents_2021_12_28/17pabc_2cols_20211228_164100_2953442631_600_800.png,17pabc_2cols_20211228_164100_2953442631_600_800_mask.png,-7252.85
2,5,4,11,184,601,188,612,184,612,186,601,188,602,186,612,sub_line_text,figure_text,figure_0,,,,17pabc_2cols_20211228_164100_2953442631_600_800.png,/scratch/parceirosbr/bigoilict/share/BigOil/document_generator/datasets/documents_2021_12_28/17pabc_2cols_20211228_164100_2953442631_600_800.png,17pabc_2cols_20211228_164100_2953442631_600_800_mask.png,-7252.85
2,7,5,14,202,603,207,617,202,617,205,603,207,603,204,617,text,figure_text,figure_0,,,,17pabc_2cols_20211228_164100_2953442631_600_800.png,/scratch/parceirosbr/bigoilict/share/BigOil/document_generator/datasets/documents_2021_12_28/17pabc_2cols_20211228_164100_2953442631_600_800.png,17pabc_2cols_20211228_164100_2953442631_600_800_mask.png,Demand [MB]
2,7,5,14,202,603,207,617,202,617,205,603,207,603,204,617,sub_line_text,figure_text,figure_0,,,,17pabc_2cols_20211228_164100_2953442631_600_800.png,/scratch/parceirosbr/bigoilict/share/BigOil/document_generator/datasets/documents_2021_12_28/17pabc_2cols_20211228_164100_2953442631_600_800.png,17pabc_2cols_20211228_164100_2953442631_600_800_mask.png,Demand [MB]
2,6,4,12,149,605,153,617,149,616,151,605,153,605,151,617,text,figure_text,figure_0,,,,17pabc_2cols_20211228_164100_2953442631_600_800.png,/scratch/parceirosbr/bigoilict/share/BigOil/document_generator/datasets/documents_2021_12_28/17pabc_2cols_20211228_164100_2953442631_600_800.png,17pabc_2cols_20211228_164100_2953442631_600_800_mask.png,-7180.810
2,6,4,12,149,605,153,617,149,616,151,605,153,605,151,617,sub_line_text,figure_text,figure_0,,,,17pabc_2cols_20211228_164100_2953442631_600_800.png,/scratch/parceirosbr/bigoilict/share/BigOil/document_generator/datasets/documents_2021_12_28/17pabc_2cols_20211228_164100_2953442631_600_800.png,17pabc_2cols_20211228_164100_2953442631_600_800_mask.png,-7180.810
2,6,4,12,182,572,186,584,182,584,184,572,186,573,184,584,text,figure_text,figure_0,,,,17pabc_2cols_20211228_164100_2953442631_600_800.png,/scratch/parceirosbr/bigoilict/share/BigOil/document_generator/datasets/documents_2021_12_28/17pabc_2cols_20211228_164100_2953442631_600_800.png,17pabc_2cols_20211228_164100_2953442631_600_800_mask.png,Treatment
2,6,4,12,182,572,186,584,182,584,184,572,186,573,184,584,sub_line_text,figure_text,figure_0,,,,17pabc_2cols_20211228_164100_2953442631_600_800.png,/scratch/parceirosbr/bigoilict/share/BigOil/document_generator/datasets/documents_2021_12_28/17pabc_2cols_20211228_164100_2953442631_600_800.png,17pabc_2cols_20211228_164100_2953442631_600_800_mask.png,Treatment
3,10,6,20,203,551,209,571,203,571,207,551,209,552,206,571,text,figure_text,figure_0,,,,17pabc_2cols_20211228_164100_2953442631_600_800.png,/scratch/parceirosbr/bigoilict/share/BigOil/document_generator/datasets/documents_2021_12_28/17pabc_2cols_20211228_164100_2953442631_600_800.png,17pabc_2cols_20211228_164100_2953442631_600_800_mask.png,Processing [GB]
3,10,6,20,203,551,209,571,203,571,207,551,209,552,206,571,sub_line_text,figure_text,figure_0,,,,17pabc_2cols_20211228_164100_2953442631_600_800.png,/scratch/parceirosbr/bigoilict/share/BigOil/document_generator/datasets/documents_2021_12_28/17pabc_2cols_20211228_164100_2953442631_600_800.png,17pabc_2cols_20211228_164100_2953442631_600_800_mask.png,Processing [GB]
1,5,3,10,178,596,181,606,178,605,180,596,181,597,180,606,text,figure_text,figure_0,,,,17pabc_2cols_20211228_164100_2953442631_600_800.png,/scratch/parceirosbr/bigoilict/share/BigOil/document_generator/datasets/documents_2021_12_28/17pabc_2cols_20211228_164100_2953442631_600_800.png,17pabc_2cols_20211228_164100_2953442631_600_800_mask.png,-6703.2
1,5,3,10,178,596,181,606,178,605,180,596,181,597,180,606,sub_line_text,figure_text,figure_0,,,,17pabc_2cols_20211228_164100_2953442631_600_800.png,/scratch/parceirosbr/bigoilict/share/BigOil/document_generator/datasets/documents_2021_12_28/17pabc_2cols_20211228_164100_2953442631_600_800.png,17pabc_2cols_20211228_164100_2953442631_600_800_mask.png,-6703.2
1,6,3,12,220,562,223,574,220,574,222,562,223,562,221,574,text,figure_text,figure_0,,,,17pabc_2cols_20211228_164100_2953442631_600_800.png,/scratch/parceirosbr/bigoilict/share/BigOil/document_generator/datasets/documents_2021_12_28/17pabc_2cols_20211228_164100_2953442631_600_800.png,17pabc_2cols_20211228_164100_2953442631_600_800_mask.png,-2858.89%
1,6,3,12,220,562,223,574,220,574,222,562,223,562,221,574,sub_line_text,figure_text,figure_0,,,,17pabc_2cols_20211228_164100_2953442631_600_800.png,/scratch/parceirosbr/bigoilict/share/BigOil/document_generator/datasets/documents_2021_12_28/17pabc_2cols_20211228_164100_2953442631_600_800.png,17pabc_2cols_20211228_164100_2953442631_600_800_mask.png,-2858.89%
2,4,4,9,164,544,168,553,164,553,166,544,168,544,167,553,text,figure_text,figure_0,,,,17pabc_2cols_20211228_164100_2953442631_600_800.png,/scratch/parceirosbr/bigoilict/share/BigOil/document_generator/datasets/documents_2021_12_28/17pabc_2cols_20211228_164100_2953442631_600_800.png,17pabc_2cols_20211228_164100_2953442631_600_800_mask.png,Density
2,4,4,9,164,544,168,553,164,553,166,544,168,544,167,553,sub_line_text,figure_text,figure_0,,,,17pabc_2cols_20211228_164100_2953442631_600_800.png,/scratch/parceirosbr/bigoilict/share/BigOil/document_generator/datasets/documents_2021_12_28/17pabc_2cols_20211228_164100_2953442631_600_800.png,17pabc_2cols_20211228_164100_2953442631_600_800_mask.png,Density
1,4,3,9,174,565,177,574,174,573,176,565,177,565,176,574,text,figure_text,figure_0,,,,17pabc_2cols_20211228_164100_2953442631_600_800.png,/scratch/parceirosbr/bigoilict/share/BigOil/document_generator/datasets/documents_2021_12_28/17pabc_2cols_20211228_164100_2953442631_600_800.png,17pabc_2cols_20211228_164100_2953442631_600_800_mask.png,-5007.0
1,4,3,9,174,565,177,574,174,573,176,565,177,565,176,574,sub_line_text,figure_text,figure_0,,,,17pabc_2cols_20211228_164100_2953442631_600_800.png,/scratch/parceirosbr/bigoilict/share/BigOil/document_generator/datasets/documents_2021_12_28/17pabc_2cols_20211228_164100_2953442631_600_800.png,17pabc_2cols_20211228_164100_2953442631_600_800_mask.png,-5007.0
2,6,4,12,172,544,176,556,172,556,174,544,176,545,173,556,text,figure_text,figure_0,,,,17pabc_2cols_20211228_164100_2953442631_600_800.png,/scratch/parceirosbr/bigoilict/share/BigOil/document_generator/datasets/documents_2021_12_28/17pabc_2cols_20211228_164100_2953442631_600_800.png,17pabc_2cols_20211228_164100_2953442631_600_800_mask.png,-4841.864
2,6,4,12,172,544,176,556,172,556,174,544,176,545,173,556,sub_line_text,figure_text,figure_0,,,,17pabc_2cols_20211228_164100_2953442631_600_800.png,/scratch/parceirosbr/bigoilict/share/BigOil/document_generator/datasets/documents_2021_12_28/17pabc_2cols_20211228_164100_2953442631_600_800.png,17pabc_2cols_20211228_164100_2953442631_600_800_mask.png,-4841.864
1,5,3,10,142,606,145,616,142,616,143,606,145,606,143,616,text,figure_text,figure_0,,,,17pabc_2cols_20211228_164100_2953442631_600_800.png,/scratch/parceirosbr/bigoilict/share/BigOil/document_generator/datasets/documents_2021_12_28/17pabc_2cols_20211228_164100_2953442631_600_800.png,17pabc_2cols_20211228_164100_2953442631_600_800_mask.png,-4966.3%
1,5,3,10,142,606,145,616,142,616,143,606,145,606,143,616,sub_line_text,figure_text,figure_0,,,,17pabc_2cols_20211228_164100_2953442631_600_800.png,/scratch/parceirosbr/bigoilict/share/BigOil/document_generator/datasets/documents_2021_12_28/17pabc_2cols_20211228_164100_2953442631_600_800.png,17pabc_2cols_20211228_164100_2953442631_600_800_mask.png,-4966.3%
1,3,3,7,212,542,215,549,212,548,214,542,215,542,214,549,text,figure_text,figure_0,,,,17pabc_2cols_20211228_164100_2953442631_600_800.png,/scratch/parceirosbr/bigoilict/share/BigOil/document_generator/datasets/documents_2021_12_28/17pabc_2cols_20211228_164100_2953442631_600_800.png,17pabc_2cols_20211228_164100_2953442631_600_800_mask.png,-5532
1,3,3,7,212,542,215,549,212,548,214,542,215,542,214,549,sub_line_text,figure_text,figure_0,,,,17pabc_2cols_20211228_164100_2953442631_600_800.png,/scratch/parceirosbr/bigoilict/share/BigOil/document_generator/datasets/documents_2021_12_28/17pabc_2cols_20211228_164100_2953442631_600_800.png,17pabc_2cols_20211228_164100_2953442631_600_800_mask.png,-5532
1,4,3,9,189,612,192,621,189,621,190,612,192,613,190,621,text,figure_text,figure_0,,,,17pabc_2cols_20211228_164100_2953442631_600_800.png,/scratch/parceirosbr/bigoilict/share/BigOil/document_generator/datasets/documents_2021_12_28/17pabc_2cols_20211228_164100_2953442631_600_800.png,17pabc_2cols_20211228_164100_2953442631_600_800_mask.png,534.92%
1,4,3,9,189,612,192,621,189,621,190,612,192,613,190,621,sub_line_text,figure_text,figure_0,,,,17pabc_2cols_20211228_164100_2953442631_600_800.png,/scratch/parceirosbr/bigoilict/share/BigOil/document_generator/datasets/documents_2021_12_28/17pabc_2cols_20211228_164100_2953442631_600_800.png,17pabc_2cols_20211228_164100_2953442631_600_800_mask.png,534.92%
2,4,4,8,169,560,173,568,169,568,171,560,173,560,171,568,text,figure_text,figure_0,,,,17pabc_2cols_20211228_164100_2953442631_600_800.png,/scratch/parceirosbr/bigoilict/share/BigOil/document_generator/datasets/documents_2021_12_28/17pabc_2cols_20211228_164100_2953442631_600_800.png,17pabc_2cols_20211228_164100_2953442631_600_800_mask.png,587.99
2,4,4,8,169,560,173,568,169,568,171,560,173,560,171,568,sub_line_text,figure_text,figure_0,,,,17pabc_2cols_20211228_164100_2953442631_600_800.png,/scratch/parceirosbr/bigoilict/share/BigOil/document_generator/datasets/documents_2021_12_28/17pabc_2cols_20211228_164100_2953442631_600_800.png,17pabc_2cols_20211228_164100_2953442631_600_800_mask.png,587.99
2,6,4,12,188,568,192,580,188,580,190,568,192,569,190,580,text,figure_text,figure_0,,,,17pabc_2cols_20211228_164100_2953442631_600_800.png,/scratch/parceirosbr/bigoilict/share/BigOil/document_generator/datasets/documents_2021_12_28/17pabc_2cols_20211228_164100_2953442631_600_800.png,17pabc_2cols_20211228_164100_2953442631_600_800_mask.png,-6942.15%
2,6,4,12,188,568,192,580,188,580,190,568,192,569,190,580,sub_line_text,figure_text,figure_0,,,,17pabc_2cols_20211228_164100_2953442631_600_800.png,/scratch/parceirosbr/bigoilict/share/BigOil/document_generator/datasets/documents_2021_12_28/17pabc_2cols_20211228_164100_2953442631_600_800.png,17pabc_2cols_20211228_164100_2953442631_600_800_mask.png,-6942.15%
1,4,3,8,158,600,161,608,158,607,159,600,161,600,160,608,text,figure_text,figure_0,,,,17pabc_2cols_20211228_164100_2953442631_600_800.png,/scratch/parceirosbr/bigoilict/share/BigOil/document_generator/datasets/documents_2021_12_28/17pabc_2cols_20211228_164100_2953442631_600_800.png,17pabc_2cols_20211228_164100_2953442631_600_800_mask.png,-1948%
1,4,3,8,158,600,161,608,158,607,159,600,161,600,160,608,sub_line_text,figure_text,figure_0,,,,17pabc_2cols_20211228_164100_2953442631_600_800.png,/scratch/parceirosbr/bigoilict/share/BigOil/document_generator/datasets/documents_2021_12_28/17pabc_2cols_20211228_164100_2953442631_600_800.png,17pabc_2cols_20211228_164100_2953442631_600_800_mask.png,-1948%
1,3,3,7,192,586,195,593,192,592,193,586,195,586,194,593,text,figure_text,figure_0,,,,17pabc_2cols_20211228_164100_2953442631_600_800.png,/scratch/parceirosbr/bigoilict/share/BigOil/document_generator/datasets/documents_2021_12_28/17pabc_2cols_20211228_164100_2953442631_600_800.png,17pabc_2cols_20211228_164100_2953442631_600_800_mask.png,-5188
1,3,3,7,192,586,195,593,192,592,193,586,195,586,194,593,sub_line_text,figure_text,figure_0,,,,17pabc_2cols_20211228_164100_2953442631_600_800.png,/scratch/parceirosbr/bigoilict/share/BigOil/document_generator/datasets/documents_2021_12_28/17pabc_2cols_20211228_164100_2953442631_600_800.png,17pabc_2cols_20211228_164100_2953442631_600_800_mask.png,-5188
91,6,182,12,72,628,254,640,72,628,254,628,254,640,72,640,sub_line_text,figure_legend,figure_0,opensans,regular,9,17pabc_2cols_20211228_164100_2953442631_600_800.png,/scratch/parceirosbr/bigoilict/share/BigOil/document_generator/datasets/documents_2021_12_28/17pabc_2cols_20211228_164100_2953442631_600_800.png,17pabc_2cols_20211228_164100_2953442631_600_800_mask.png,Fig.  7:   Para a não foi necessário fazer a no-
91,6,182,12,72,645,254,657,72,645,254,645,254,657,72,657,sub_line_text,figure_legend,figure_0,opensans,regular,9,17pabc_2cols_20211228_164100_2953442631_600_800.png,/scratch/parceirosbr/bigoilict/share/BigOil/document_generator/datasets/documents_2021_12_28/17pabc_2cols_20211228_164100_2953442631_600_800.png,17pabc_2cols_20211228_164100_2953442631_600_800_mask.png,"rmalização,  visto que o calculo da já esta en-"
88,6,177,12,72,662,249,674,72,662,249,662,249,674,72,674,sub_line_text,figure_legend,figure_0,opensans,regular,9,17pabc_2cols_20211228_164100_2953442631_600_800.png,/scratch/parceirosbr/bigoilict/share/BigOil/document_generator/datasets/documents_2021_12_28/17pabc_2cols_20211228_164100_2953442631_600_800.png,17pabc_2cols_20211228_164100_2953442631_600_800_mask.png,tre valores do intervalo. Para o máximo reg
91,23,182,46,72,628,254,674,72,628,254,628,254,674,72,674,text,figure_legend,figure_0,opensans,regular,9,17pabc_2cols_20211228_164100_2953442631_600_800.png,/scratch/parceirosbr/bigoilict/share/BigOil/document_generator/datasets/documents_2021_12_28/17pabc_2cols_20211228_164100_2953442631_600_800.png,17pabc_2cols_20211228_164100_2953442631_600_800_mask.png,nan
88,6,176,13,117,679,293,692,117,679,293,679,293,692,117,692,sub_line_text,text,text_3,opensans,regular,10,17pabc_2cols_20211228_164100_2953442631_600_800.png,/scratch/parceirosbr/bigoilict/share/BigOil/document_generator/datasets/documents_2021_12_28/17pabc_2cols_20211228_164100_2953442631_600_800.png,17pabc_2cols_20211228_164100_2953442631_600_800_mask.png,"A  variação  de  parâmetros,  como a"
107,6,214,13,72,697,286,710,72,697,286,697,286,710,72,710,sub_line_text,text,text_3,opensans,regular,10,17pabc_2cols_20211228_164100_2953442631_600_800.png,/scratch/parceirosbr/bigoilict/share/BigOil/document_generator/datasets/documents_2021_12_28/17pabc_2cols_20211228_164100_2953442631_600_800.png,17pabc_2cols_20211228_164100_2953442631_600_800_mask.png,"velocidade de corte, a profundidade de usin."
110,15,221,31,72,679,293,710,72,679,293,679,293,710,72,710,text,text,text_3,opensans,regular,10,17pabc_2cols_20211228_164100_2953442631_600_800.png,/scratch/parceirosbr/bigoilict/share/BigOil/document_generator/datasets/documents_2021_12_28/17pabc_2cols_20211228_164100_2953442631_600_800.png,17pabc_2cols_20211228_164100_2953442631_600_800_mask.png,nan
88,6,176,13,358,216,534,229,358,216,534,216,534,229,358,229,sub_line_text,text,text_4,opensans,regular,10,17pabc_2cols_20211228_164100_2953442631_600_800.png,/scratch/parceirosbr/bigoilict/share/BigOil/document_generator/datasets/documents_2021_12_28/17pabc_2cols_20211228_164100_2953442631_600_800.png,17pabc_2cols_20211228_164100_2953442631_600_800_mask.png,"Assim,  em  princípio,  pode-se afirm-"
110,6,220,13,313,234,533,247,313,234,533,234,533,247,313,247,sub_line_text,text,text_4,opensans,regular,10,17pabc_2cols_20211228_164100_2953442631_600_800.png,/scratch/parceirosbr/bigoilict/share/BigOil/document_generator/datasets/documents_2021_12_28/17pabc_2cols_20211228_164100_2953442631_600_800.png,17pabc_2cols_20211228_164100_2953442631_600_800_mask.png,"ar  que,  em  relação  às  necessidades físicas"
109,6,219,13,313,252,532,265,313,252,532,252,532,265,313,265,sub_line_text,text,text_4,opensans,regular,10,17pabc_2cols_20211228_164100_2953442631_600_800.png,/scratch/parceirosbr/bigoilict/share/BigOil/document_generator/datasets/documents_2021_12_28/17pabc_2cols_20211228_164100_2953442631_600_800.png,17pabc_2cols_20211228_164100_2953442631_600_800_mask.png,"de  transporte,  não existe nenhum fator limi-"
109,6,219,13,313,270,532,283,313,270,532,270,532,283,313,283,sub_line_text,text,text_4,opensans,regular,10,17pabc_2cols_20211228_164100_2953442631_600_800.png,/scratch/parceirosbr/bigoilict/share/BigOil/document_generator/datasets/documents_2021_12_28/17pabc_2cols_20211228_164100_2953442631_600_800.png,17pabc_2cols_20211228_164100_2953442631_600_800_mask.png,tador  para o franco crescimento do consumo
43,6,87,13,313,288,400,301,313,288,400,288,400,301,313,301,sub_line_text,text,text_4,opensans,regular,10,17pabc_2cols_20211228_164100_2953442631_600_800.png,/scratch/parceirosbr/bigoilict/share/BigOil/document_generator/datasets/documents_2021_12_28/17pabc_2cols_20211228_164100_2953442631_600_800.png,17pabc_2cols_20211228_164100_2953442631_600_800_mask.png,do gás natural no.
110,42,221,85,313,216,534,301,313,216,534,216,534,301,313,301,text,text,text_4,opensans,regular,10,17pabc_2cols_20211228_164100_2953442631_600_800.png,/scratch/parceirosbr/bigoilict/share/BigOil/document_generator/datasets/documents_2021_12_28/17pabc_2cols_20211228_164100_2953442631_600_800.png,17pabc_2cols_20211228_164100_2953442631_600_800_mask.png,nan
112,51,224,103,313,306,537,409,313,306,537,306,537,409,313,409,list,list,list_1,opensans,opensans,10,17pabc_2cols_20211228_164100_2953442631_600_800.png,/scratch/parceirosbr/bigoilict/share/BigOil/document_generator/datasets/documents_2021_12_28/17pabc_2cols_20211228_164100_2953442631_600_800.png,17pabc_2cols_20211228_164100_2953442631_600_800_mask.png,
112,6,224,13,313,306,537,319,313,306,537,306,537,319,313,319,sub_line_text,list,list_1,opensans,regular,10,17pabc_2cols_20211228_164100_2953442631_600_800.png,/scratch/parceirosbr/bigoilict/share/BigOil/document_generator/datasets/documents_2021_12_28/17pabc_2cols_20211228_164100_2953442631_600_800.png,17pabc_2cols_20211228_164100_2953442631_600_800_mask.png,h   Foram    construídas   novas   unidades   de
104,6,208,13,328,324,536,337,328,324,536,324,536,337,328,337,sub_line_text,list,list_1,opensans,regular,10,17pabc_2cols_20211228_164100_2953442631_600_800.png,/scratch/parceirosbr/bigoilict/share/BigOil/document_generator/datasets/documents_2021_12_28/17pabc_2cols_20211228_164100_2953442631_600_800.png,17pabc_2cols_20211228_164100_2953442631_600_800_mask.png,"processamento,   principalmente  unidades"
104,6,209,13,328,342,537,355,328,342,537,342,537,355,328,355,sub_line_text,list,list_1,opensans,regular,10,17pabc_2cols_20211228_164100_2953442631_600_800.png,/scratch/parceirosbr/bigoilict/share/BigOil/document_generator/datasets/documents_2021_12_28/17pabc_2cols_20211228_164100_2953442631_600_800.png,17pabc_2cols_20211228_164100_2953442631_600_800_mask.png,de  coqueamento  retardado  de petróleo e
104,6,209,13,328,360,537,373,328,360,537,360,537,373,328,373,sub_line_text,list,list_1,opensans,regular,10,17pabc_2cols_20211228_164100_2953442631_600_800.png,/scratch/parceirosbr/bigoilict/share/BigOil/document_generator/datasets/documents_2021_12_28/17pabc_2cols_20211228_164100_2953442631_600_800.png,17pabc_2cols_20211228_164100_2953442631_600_800_mask.png,"hidrotratamento        catalítico,       visando"
71,6,143,13,328,378,471,391,328,378,471,378,471,391,328,391,sub_line_text,list,list_1,opensans,regular,10,17pabc_2cols_20211228_164100_2953442631_600_800.png,/scratch/parceirosbr/bigoilict/share/BigOil/document_generator/datasets/documents_2021_12_28/17pabc_2cols_20211228_164100_2953442631_600_800.png,17pabc_2cols_20211228_164100_2953442631_600_800_mask.png,aumentar a produção de óleo
111,6,223,13,313,396,536,409,313,396,536,396,536,409,313,409,sub_line_text,list,list_1,opensans,regular,10,17pabc_2cols_20211228_164100_2953442631_600_800.png,/scratch/parceirosbr/bigoilict/share/BigOil/document_generator/datasets/documents_2021_12_28/17pabc_2cols_20211228_164100_2953442631_600_800.png,17pabc_2cols_20211228_164100_2953442631_600_800_mask.png,x Realizou-se  a  difração de raiosX dos corpos
88,6,176,13,358,414,534,427,358,414,534,414,534,427,358,427,sub_line_text,text,text_5,opensans,regular,10,17pabc_2cols_20211228_164100_2953442631_600_800.png,/scratch/parceirosbr/bigoilict/share/BigOil/document_generator/datasets/documents_2021_12_28/17pabc_2cols_20211228_164100_2953442631_600_800.png,17pabc_2cols_20211228_164100_2953442631_600_800_mask.png,Tais  hipóteses  podem  estar ancor-
110,6,221,13,313,432,534,445,313,432,534,432,534,445,313,445,sub_line_text,text,text_5,opensans,regular,10,17pabc_2cols_20211228_164100_2953442631_600_800.png,/scratch/parceirosbr/bigoilict/share/BigOil/document_generator/datasets/documents_2021_12_28/17pabc_2cols_20211228_164100_2953442631_600_800.png,17pabc_2cols_20211228_164100_2953442631_600_800_mask.png,adas  em  técnicas estatísticas mais sofistica-
110,6,221,13,313,450,534,463,313,450,534,450,534,463,313,463,sub_line_text,text,text_5,opensans,regular,10,17pabc_2cols_20211228_164100_2953442631_600_800.png,/scratch/parceirosbr/bigoilict/share/BigOil/document_generator/datasets/documents_2021_12_28/17pabc_2cols_20211228_164100_2953442631_600_800.png,17pabc_2cols_20211228_164100_2953442631_600_800_mask.png,das  (funções econométricas ou séries tempo-
110,6,221,13,313,468,534,481,313,468,534,468,534,481,313,481,sub_line_text,text,text_5,opensans,regular,10,17pabc_2cols_20211228_164100_2953442631_600_800.png,/scratch/parceirosbr/bigoilict/share/BigOil/document_generator/datasets/documents_2021_12_28/17pabc_2cols_20211228_164100_2953442631_600_800.png,17pabc_2cols_20211228_164100_2953442631_600_800_mask.png,rais)  ou  não  (taxa média de crescimento an-
110,6,221,13,313,486,534,499,313,486,534,486,534,499,313,499,sub_line_text,text,text_5,opensans,regular,10,17pabc_2cols_20211228_164100_2953442631_600_800.png,/scratch/parceirosbr/bigoilict/share/BigOil/document_generator/datasets/documents_2021_12_28/17pabc_2cols_20211228_164100_2953442631_600_800.png,17pabc_2cols_20211228_164100_2953442631_600_800_mask.png,ual  ou expectativa de mudança de um espec-
110,6,220,13,313,504,533,517,313,504,533,504,533,517,313,517,sub_line_text,text,text_5,opensans,regular,10,17pabc_2cols_20211228_164100_2953442631_600_800.png,/scratch/parceirosbr/bigoilict/share/BigOil/document_generator/datasets/documents_2021_12_28/17pabc_2cols_20211228_164100_2953442631_600_800.png,17pabc_2cols_20211228_164100_2953442631_600_800_mask.png,"ialista,  por  exemplo).  Duas vazões mais ele-"
110,6,220,13,313,522,533,535,313,522,533,522,533,535,313,535,sub_line_text,text,text_5,opensans,regular,10,17pabc_2cols_20211228_164100_2953442631_600_800.png,/scratch/parceirosbr/bigoilict/share/BigOil/document_generator/datasets/documents_2021_12_28/17pabc_2cols_20211228_164100_2953442631_600_800.png,17pabc_2cols_20211228_164100_2953442631_600_800_mask.png,"vadas  (140  m3/min, 170 m3/min) foram test-"
107,6,215,13,313,540,528,553,313,540,528,540,528,553,313,553,sub_line_text,text,text_5,opensans,regular,10,17pabc_2cols_20211228_164100_2953442631_600_800.png,/scratch/parceirosbr/bigoilict/share/BigOil/document_generator/datasets/documents_2021_12_28/17pabc_2cols_20211228_164100_2953442631_600_800.png,17pabc_2cols_20211228_164100_2953442631_600_800_mask.png,adas nas operações de hidrogenação do dió.
110,69,221,139,313,414,534,553,313,414,534,414,534,553,313,553,text,text,text_5,opensans,regular,10,17pabc_2cols_20211228_164100_2953442631_600_800.png,/scratch/parceirosbr/bigoilict/share/BigOil/document_generator/datasets/documents_2021_12_28/17pabc_2cols_20211228_164100_2953442631_600_800.png,17pabc_2cols_20211228_164100_2953442631_600_800_mask.png,nan
88,6,176,13,358,558,534,571,358,558,534,558,534,571,358,571,sub_line_text,text,text_6,opensans,regular,10,17pabc_2cols_20211228_164100_2953442631_600_800.png,/scratch/parceirosbr/bigoilict/share/BigOil/document_generator/datasets/documents_2021_12_28/17pabc_2cols_20211228_164100_2953442631_600_800.png,17pabc_2cols_20211228_164100_2953442631_600_800_mask.png,Dependendo  da  sua composição as
110,6,221,13,313,576,534,589,313,576,534,576,534,589,313,589,sub_line_text,text,text_6,opensans,regular,10,17pabc_2cols_20211228_164100_2953442631_600_800.png,/scratch/parceirosbr/bigoilict/share/BigOil/document_generator/datasets/documents_2021_12_28/17pabc_2cols_20211228_164100_2953442631_600_800.png,17pabc_2cols_20211228_164100_2953442631_600_800_mask.png,microemulsões  podem  ser formadas com vá-
109,6,219,13,313,594,532,607,313,594,532,594,532,607,313,607,sub_line_text,text,text_6,opensans,regular,10,17pabc_2cols_20211228_164100_2953442631_600_800.png,/scratch/parceirosbr/bigoilict/share/BigOil/document_generator/datasets/documents_2021_12_28/17pabc_2cols_20211228_164100_2953442631_600_800.png,17pabc_2cols_20211228_164100_2953442631_600_800_mask.png,"rias  configurações.  De  acordo com et al, 20-"
106,6,213,13,313,612,526,625,313,612,526,612,526,625,313,625,sub_line_text,text,text_6,opensans,regular,10,17pabc_2cols_20211228_164100_2953442631_600_800.png,/scratch/parceirosbr/bigoilict/share/BigOil/document_generator/datasets/documents_2021_12_28/17pabc_2cols_20211228_164100_2953442631_600_800.png,17pabc_2cols_20211228_164100_2953442631_600_800_mask.png,"11, a escolha da cepa de microalgas a ser e."
110,33,221,67,313,558,534,625,313,558,534,558,534,625,313,625,text,text,text_6,opensans,regular,10,17pabc_2cols_20211228_164100_2953442631_600_800.png,/scratch/parceirosbr/bigoilict/share/BigOil/document_generator/datasets/documents_2021_12_28/17pabc_2cols_20211228_164100_2953442631_600_800.png,17pabc_2cols_20211228_164100_2953442631_600_800_mask.png,nan
88,6,176,13,358,630,534,643,358,630,534,630,534,643,358,643,sub_line_text,text,text_7,opensans,regular,10,17pabc_2cols_20211228_164100_2953442631_600_800.png,/scratch/parceirosbr/bigoilict/share/BigOil/document_generator/datasets/documents_2021_12_28/17pabc_2cols_20211228_164100_2953442631_600_800.png,17pabc_2cols_20211228_164100_2953442631_600_800_mask.png,O  procedimento  foi dividido em du-
109,6,219,13,313,648,532,661,313,648,532,648,532,661,313,661,sub_line_text,text,text_7,opensans,regular,10,17pabc_2cols_20211228_164100_2953442631_600_800.png,/scratch/parceirosbr/bigoilict/share/BigOil/document_generator/datasets/documents_2021_12_28/17pabc_2cols_20211228_164100_2953442631_600_800.png,17pabc_2cols_20211228_164100_2953442631_600_800_mask.png,as  etapas:  injeção  do fluido (invasão) segui-
110,6,220,13,313,666,533,679,313,666,533,666,533,679,313,679,sub_line_text,text,text_7,opensans,regular,10,17pabc_2cols_20211228_164100_2953442631_600_800.png,/scratch/parceirosbr/bigoilict/share/BigOil/document_generator/datasets/documents_2021_12_28/17pabc_2cols_20211228_164100_2953442631_600_800.png,17pabc_2cols_20211228_164100_2953442631_600_800_mask.png,"da  de  fluxo  reverso de óleo (backflow), amb-"
106,6,213,13,313,684,526,697,313,684,526,684,526,697,313,697,sub_line_text,text,text_7,opensans,regular,10,17pabc_2cols_20211228_164100_2953442631_600_800.png,/scratch/parceirosbr/bigoilict/share/BigOil/document_generator/datasets/documents_2021_12_28/17pabc_2cols_20211228_164100_2953442631_600_800.png,17pabc_2cols_20211228_164100_2953442631_600_800_mask.png,os realizados à pressão manométrica const.
110,33,221,67,313,630,534,697,313,630,534,630,534,697,313,697,text,text,text_7,opensans,regular,10,17pabc_2cols_20211228_164100_2953442631_600_800.png,/scratch/parceirosbr/bigoilict/share/BigOil/document_generator/datasets/documents_2021_12_28/17pabc_2cols_20211228_164100_2953442631_600_800.png,17pabc_2cols_20211228_164100_2953442631_600_800_mask.png,nan
