center_x,center_y,width,height,xmin,ymin,xmax,ymax,top_left_x,top_left_y,top_right_x,top_right_y,bottom_right_x,bottom_right_y,bottom_left_x,bottom_left_y,label,grouplabel,group,text_font,text_style,size_font,filename,path,filename_mask,content
300,400,600,800,0,0,600,800,0,0,600,0,600,800,0,800,document,,,,,,17pabc_2cols_20211228_164107_8887608665_600_800.png,/scratch/parceirosbr/bigoilict/share/BigOil/document_generator/datasets/documents_2021_12_28/17pabc_2cols_20211228_164107_8887608665_600_800.png,17pabc_2cols_20211228_164107_8887608665_600_800_mask.png,
6,4,12,8,511,107,523,115,511,107,523,107,523,115,511,115,sub_line_text,numpag,header_1,arial,regular,7,17pabc_2cols_20211228_164107_8887608665_600_800.png,/scratch/parceirosbr/bigoilict/share/BigOil/document_generator/datasets/documents_2021_12_28/17pabc_2cols_20211228_164107_8887608665_600_800.png,17pabc_2cols_20211228_164107_8887608665_600_800_mask.png,131
6,4,12,8,511,107,523,115,511,107,523,107,523,115,511,115,text,numpag,header_1,arial,regular,7,17pabc_2cols_20211228_164107_8887608665_600_800.png,/scratch/parceirosbr/bigoilict/share/BigOil/document_generator/datasets/documents_2021_12_28/17pabc_2cols_20211228_164107_8887608665_600_800.png,17pabc_2cols_20211228_164107_8887608665_600_800_mask.png,nan
1,4,2,8,506,107,508,115,506,107,508,107,508,115,506,115,sub_line_text,header,header_1,arial,regular,7,17pabc_2cols_20211228_164107_8887608665_600_800.png,/scratch/parceirosbr/bigoilict/share/BigOil/document_generator/datasets/documents_2021_12_28/17pabc_2cols_20211228_164107_8887608665_600_800.png,17pabc_2cols_20211228_164107_8887608665_600_800_mask.png,|
1,4,2,8,506,107,508,115,506,107,508,107,508,115,506,115,text,header,header_1,arial,regular,7,17pabc_2cols_20211228_164107_8887608665_600_800.png,/scratch/parceirosbr/bigoilict/share/BigOil/document_generator/datasets/documents_2021_12_28/17pabc_2cols_20211228_164107_8887608665_600_800.png,17pabc_2cols_20211228_164107_8887608665_600_800_mask.png,nan
18,4,36,8,470,107,506,115,470,107,506,107,506,115,470,115,sub_line_text,header,header_1,arial,regular,7,17pabc_2cols_20211228_164107_8887608665_600_800.png,/scratch/parceirosbr/bigoilict/share/BigOil/document_generator/datasets/documents_2021_12_28/17pabc_2cols_20211228_164107_8887608665_600_800.png,17pabc_2cols_20211228_164107_8887608665_600_800_mask.png,"Finally, the"
18,4,36,8,470,107,506,115,470,107,506,107,506,115,470,115,text,header,header_1,arial,regular,7,17pabc_2cols_20211228_164107_8887608665_600_800.png,/scratch/parceirosbr/bigoilict/share/BigOil/document_generator/datasets/documents_2021_12_28/17pabc_2cols_20211228_164107_8887608665_600_800.png,17pabc_2cols_20211228_164107_8887608665_600_800_mask.png,nan
189,1,378,2,146,115,524,117,146,115,524,115,524,117,146,117,line,line,line,,,,17pabc_2cols_20211228_164107_8887608665_600_800.png,/scratch/parceirosbr/bigoilict/share/BigOil/document_generator/datasets/documents_2021_12_28/17pabc_2cols_20211228_164107_8887608665_600_800.png,17pabc_2cols_20211228_164107_8887608665_600_800_mask.png,nan
84,6,168,12,250,129,418,141,250,129,418,129,418,141,250,141,sub_line_text,title,title_0,arial,bolditalic,10,17pabc_2cols_20211228_164107_8887608665_600_800.png,/scratch/parceirosbr/bigoilict/share/BigOil/document_generator/datasets/documents_2021_12_28/17pabc_2cols_20211228_164107_8887608665_600_800.png,17pabc_2cols_20211228_164107_8887608665_600_800_mask.png,Adição etanol gasolina uma forma
84,6,168,12,250,129,418,141,250,129,418,129,418,141,250,141,title,title,title_0,arial,bolditalic,10,17pabc_2cols_20211228_164107_8887608665_600_800.png,/scratch/parceirosbr/bigoilict/share/BigOil/document_generator/datasets/documents_2021_12_28/17pabc_2cols_20211228_164107_8887608665_600_800.png,17pabc_2cols_20211228_164107_8887608665_600_800_mask.png,nan
65,5,131,10,269,153,400,163,269,153,400,153,400,163,269,163,sub_line_text,subsubtitle,subsubtitle_0,arial,bolditalic,8,17pabc_2cols_20211228_164107_8887608665_600_800.png,/scratch/parceirosbr/bigoilict/share/BigOil/document_generator/datasets/documents_2021_12_28/17pabc_2cols_20211228_164107_8887608665_600_800.png,17pabc_2cols_20211228_164107_8887608665_600_800_mask.png,Checagem equipamento realizada a
65,5,131,10,269,153,400,163,269,153,400,153,400,163,269,163,title,subsubtitle,subsubtitle_0,arial,bolditalic,8,17pabc_2cols_20211228_164107_8887608665_600_800.png,/scratch/parceirosbr/bigoilict/share/BigOil/document_generator/datasets/documents_2021_12_28/17pabc_2cols_20211228_164107_8887608665_600_800.png,17pabc_2cols_20211228_164107_8887608665_600_800_mask.png,nan
172,4,344,8,176,175,520,183,176,175,520,175,520,183,176,183,sub_line_text,text,text_0,arial,regular,7,17pabc_2cols_20211228_164107_8887608665_600_800.png,/scratch/parceirosbr/bigoilict/share/BigOil/document_generator/datasets/documents_2021_12_28/17pabc_2cols_20211228_164107_8887608665_600_800.png,17pabc_2cols_20211228_164107_8887608665_600_800_mask.png,Outra  atuação  decisiva  da  é a de apoio na criação do desenvolvimento do setor: criando cadastros e n-
186,4,373,8,146,190,519,198,146,190,519,190,519,198,146,198,sub_line_text,text,text_0,arial,regular,7,17pabc_2cols_20211228_164107_8887608665_600_800.png,/scratch/parceirosbr/bigoilict/share/BigOil/document_generator/datasets/documents_2021_12_28/17pabc_2cols_20211228_164107_8887608665_600_800.png,17pabc_2cols_20211228_164107_8887608665_600_800_mask.png,"ormatizações,  divulgando  a  capacidade  da indústria local. Outra problemática abordada é de caráter ambiental e"
186,4,373,8,146,205,519,213,146,205,519,205,519,213,146,213,sub_line_text,text,text_0,arial,regular,7,17pabc_2cols_20211228_164107_8887608665_600_800.png,/scratch/parceirosbr/bigoilict/share/BigOil/document_generator/datasets/documents_2021_12_28/17pabc_2cols_20211228_164107_8887608665_600_800.png,17pabc_2cols_20211228_164107_8887608665_600_800_mask.png,"econômico,  e  diz  respeito  a  um importante efluente da indústria de petróleo, a água de produção ou de formaçã-"
187,4,374,8,146,220,520,228,146,220,520,220,520,228,146,228,sub_line_text,text,text_0,arial,regular,7,17pabc_2cols_20211228_164107_8887608665_600_800.png,/scratch/parceirosbr/bigoilict/share/BigOil/document_generator/datasets/documents_2021_12_28/17pabc_2cols_20211228_164107_8887608665_600_800.png,17pabc_2cols_20211228_164107_8887608665_600_800_mask.png,o.  Prospects  for  multivariate  classification  of  a  pharmaceutical  intermediate with near-infrared spectroscopy as
187,4,374,8,146,235,520,243,146,235,520,235,520,243,146,243,sub_line_text,text,text_0,arial,regular,7,17pabc_2cols_20211228_164107_8887608665_600_800.png,/scratch/parceirosbr/bigoilict/share/BigOil/document_generator/datasets/documents_2021_12_28/17pabc_2cols_20211228_164107_8887608665_600_800.png,17pabc_2cols_20211228_164107_8887608665_600_800_mask.png,a  process  analytical  technology  production  control supplement. When more information about the relationship of
181,4,363,8,146,250,509,258,146,250,509,250,509,258,146,258,sub_line_text,text,text_0,arial,regular,7,17pabc_2cols_20211228_164107_8887608665_600_800.png,/scratch/parceirosbr/bigoilict/share/BigOil/document_generator/datasets/documents_2021_12_28/17pabc_2cols_20211228_164107_8887608665_600_800.png,17pabc_2cols_20211228_164107_8887608665_600_800_mask.png,"these parameters is available, it is possible to subject them to prior knowledge of the equipment in a failure con."
187,41,374,83,146,175,520,258,146,175,520,175,520,258,146,258,text,text,text_0,arial,regular,7,17pabc_2cols_20211228_164107_8887608665_600_800.png,/scratch/parceirosbr/bigoilict/share/BigOil/document_generator/datasets/documents_2021_12_28/17pabc_2cols_20211228_164107_8887608665_600_800.png,17pabc_2cols_20211228_164107_8887608665_600_800_mask.png,nan
13,4,26,8,215,290,241,298,215,290,241,290,241,298,215,298,sub_line_text,equation,equation_0,arial,regular,7,17pabc_2cols_20211228_164107_8887608665_600_800.png,/scratch/parceirosbr/bigoilict/share/BigOil/document_generator/datasets/documents_2021_12_28/17pabc_2cols_20211228_164107_8887608665_600_800.png,17pabc_2cols_20211228_164107_8887608665_600_800_mask.png,Eq. (33)
134,24,268,48,215,270,483,318,215,270,483,270,483,318,215,318,equation,equation,equation_0,,,,17pabc_2cols_20211228_164107_8887608665_600_800.png,/scratch/parceirosbr/bigoilict/share/BigOil/document_generator/datasets/documents_2021_12_28/17pabc_2cols_20211228_164107_8887608665_600_800.png,17pabc_2cols_20211228_164107_8887608665_600_800_mask.png,
17,5,35,11,218,330,253,341,218,330,253,330,253,341,218,341,sub_line_text,subtitle,subtitle_0,arial,regular,9,17pabc_2cols_20211228_164107_8887608665_600_800.png,/scratch/parceirosbr/bigoilict/share/BigOil/document_generator/datasets/documents_2021_12_28/17pabc_2cols_20211228_164107_8887608665_600_800.png,17pabc_2cols_20211228_164107_8887608665_600_800_mask.png,Values r
17,5,35,11,218,330,253,341,218,330,253,330,253,341,218,341,title,subtitle,subtitle_0,arial,regular,9,17pabc_2cols_20211228_164107_8887608665_600_800.png,/scratch/parceirosbr/bigoilict/share/BigOil/document_generator/datasets/documents_2021_12_28/17pabc_2cols_20211228_164107_8887608665_600_800.png,17pabc_2cols_20211228_164107_8887608665_600_800_mask.png,nan
73,4,146,8,176,353,322,361,176,353,322,353,322,361,176,361,sub_line_text,text,text_1,arial,regular,7,17pabc_2cols_20211228_164107_8887608665_600_800.png,/scratch/parceirosbr/bigoilict/share/BigOil/document_generator/datasets/documents_2021_12_28/17pabc_2cols_20211228_164107_8887608665_600_800.png,17pabc_2cols_20211228_164107_8887608665_600_800_mask.png,"Nestas  pessoas, há um agravamento do qu-"
88,4,177,8,146,368,323,376,146,368,323,368,323,376,146,376,sub_line_text,text,text_1,arial,regular,7,17pabc_2cols_20211228_164107_8887608665_600_800.png,/scratch/parceirosbr/bigoilict/share/BigOil/document_generator/datasets/documents_2021_12_28/17pabc_2cols_20211228_164107_8887608665_600_800.png,17pabc_2cols_20211228_164107_8887608665_600_800_mask.png,adro  de  saúde  por meio de infecções mais graves c-
88,4,176,8,146,383,322,391,146,383,322,383,322,391,146,391,sub_line_text,text,text_1,arial,regular,7,17pabc_2cols_20211228_164107_8887608665_600_800.png,/scratch/parceirosbr/bigoilict/share/BigOil/document_generator/datasets/documents_2021_12_28/17pabc_2cols_20211228_164107_8887608665_600_800.png,17pabc_2cols_20211228_164107_8887608665_600_800_mask.png,"omo  bronquites, pneumonias, asma, câncer, podendo"
88,4,176,8,146,398,322,406,146,398,322,398,322,406,146,406,sub_line_text,text,text_1,arial,regular,7,17pabc_2cols_20211228_164107_8887608665_600_800.png,/scratch/parceirosbr/bigoilict/share/BigOil/document_generator/datasets/documents_2021_12_28/17pabc_2cols_20211228_164107_8887608665_600_800.png,17pabc_2cols_20211228_164107_8887608665_600_800_mask.png,"levar  à  morte,  intensificando  seus  efeitos, nas vias"
88,4,176,8,146,413,322,421,146,413,322,413,322,421,146,421,sub_line_text,text,text_1,arial,regular,7,17pabc_2cols_20211228_164107_8887608665_600_800.png,/scratch/parceirosbr/bigoilict/share/BigOil/document_generator/datasets/documents_2021_12_28/17pabc_2cols_20211228_164107_8887608665_600_800.png,17pabc_2cols_20211228_164107_8887608665_600_800_mask.png,aéreas  inferiores  não  há  mecanismos  eficientes de
88,4,176,8,146,428,322,436,146,428,322,428,322,436,146,436,sub_line_text,text,text_1,arial,regular,7,17pabc_2cols_20211228_164107_8887608665_600_800.png,/scratch/parceirosbr/bigoilict/share/BigOil/document_generator/datasets/documents_2021_12_28/17pabc_2cols_20211228_164107_8887608665_600_800.png,17pabc_2cols_20211228_164107_8887608665_600_800_mask.png,"expulsão  destas  partículas (Castanho, 1999; et al.,1-"
88,4,176,8,146,443,322,451,146,443,322,443,322,451,146,451,sub_line_text,text,text_1,arial,regular,7,17pabc_2cols_20211228_164107_8887608665_600_800.png,/scratch/parceirosbr/bigoilict/share/BigOil/document_generator/datasets/documents_2021_12_28/17pabc_2cols_20211228_164107_8887608665_600_800.png,17pabc_2cols_20211228_164107_8887608665_600_800_mask.png,992).  Transporte  e  distribuição: apenas para a última
88,4,176,8,146,458,322,466,146,458,322,458,322,466,146,466,sub_line_text,text,text_1,arial,regular,7,17pabc_2cols_20211228_164107_8887608665_600_800.png,/scratch/parceirosbr/bigoilict/share/BigOil/document_generator/datasets/documents_2021_12_28/17pabc_2cols_20211228_164107_8887608665_600_800.png,17pabc_2cols_20211228_164107_8887608665_600_800_mask.png,haverá  concessão  de  serviço  público. This effect is
88,4,177,8,146,473,323,481,146,473,323,473,323,481,146,481,sub_line_text,text,text_1,arial,regular,7,17pabc_2cols_20211228_164107_8887608665_600_800.png,/scratch/parceirosbr/bigoilict/share/BigOil/document_generator/datasets/documents_2021_12_28/17pabc_2cols_20211228_164107_8887608665_600_800.png,17pabc_2cols_20211228_164107_8887608665_600_800_mask.png,commonly  observed  at  surfactant concentrations ab-
62,4,124,8,146,488,270,496,146,488,270,488,270,496,146,496,sub_line_text,text,text_1,arial,regular,7,17pabc_2cols_20211228_164107_8887608665_600_800.png,/scratch/parceirosbr/bigoilict/share/BigOil/document_generator/datasets/documents_2021_12_28/17pabc_2cols_20211228_164107_8887608665_600_800.png,17pabc_2cols_20211228_164107_8887608665_600_800_mask.png,ove the critical micellar concentration.
88,71,177,143,146,353,323,496,146,353,323,353,323,496,146,496,text,text,text_1,arial,regular,7,17pabc_2cols_20211228_164107_8887608665_600_800.png,/scratch/parceirosbr/bigoilict/share/BigOil/document_generator/datasets/documents_2021_12_28/17pabc_2cols_20211228_164107_8887608665_600_800.png,17pabc_2cols_20211228_164107_8887608665_600_800_mask.png,nan
27,5,55,10,208,508,263,518,208,508,263,508,263,518,208,518,sub_line_text,subsubtitle,subsubtitle_1,arial,bolditalic,8,17pabc_2cols_20211228_164107_8887608665_600_800.png,/scratch/parceirosbr/bigoilict/share/BigOil/document_generator/datasets/documents_2021_12_28/17pabc_2cols_20211228_164107_8887608665_600_800.png,17pabc_2cols_20211228_164107_8887608665_600_800_mask.png,"Reynolds, that"
27,5,55,10,208,508,263,518,208,508,263,508,263,518,208,518,title,subsubtitle,subsubtitle_1,arial,bolditalic,8,17pabc_2cols_20211228_164107_8887608665_600_800.png,/scratch/parceirosbr/bigoilict/share/BigOil/document_generator/datasets/documents_2021_12_28/17pabc_2cols_20211228_164107_8887608665_600_800.png,17pabc_2cols_20211228_164107_8887608665_600_800_mask.png,nan
73,4,147,8,176,530,323,538,176,530,323,530,323,538,176,538,sub_line_text,text,text_2,arial,regular,7,17pabc_2cols_20211228_164107_8887608665_600_800.png,/scratch/parceirosbr/bigoilict/share/BigOil/document_generator/datasets/documents_2021_12_28/17pabc_2cols_20211228_164107_8887608665_600_800.png,17pabc_2cols_20211228_164107_8887608665_600_800_mask.png,This  section  covers  a  set of analyzes on t-
88,4,176,8,146,545,322,553,146,545,322,545,322,553,146,553,sub_line_text,text,text_2,arial,regular,7,17pabc_2cols_20211228_164107_8887608665_600_800.png,/scratch/parceirosbr/bigoilict/share/BigOil/document_generator/datasets/documents_2021_12_28/17pabc_2cols_20211228_164107_8887608665_600_800.png,17pabc_2cols_20211228_164107_8887608665_600_800_mask.png,"he  data,  made  from  histogram graphs. This study w-"
88,4,176,8,146,560,322,568,146,560,322,560,322,568,146,568,sub_line_text,text,text_2,arial,regular,7,17pabc_2cols_20211228_164107_8887608665_600_800.png,/scratch/parceirosbr/bigoilict/share/BigOil/document_generator/datasets/documents_2021_12_28/17pabc_2cols_20211228_164107_8887608665_600_800.png,17pabc_2cols_20211228_164107_8887608665_600_800_mask.png,as  carried  out  by the search engine using the follow-
88,4,176,8,146,575,322,583,146,575,322,575,322,583,146,583,sub_line_text,text,text_2,arial,regular,7,17pabc_2cols_20211228_164107_8887608665_600_800.png,/scratch/parceirosbr/bigoilict/share/BigOil/document_generator/datasets/documents_2021_12_28/17pabc_2cols_20211228_164107_8887608665_600_800.png,17pabc_2cols_20211228_164107_8887608665_600_800_mask.png,ing  keywords:  acid.  . The order of addition of the me-
88,4,177,8,146,590,323,598,146,590,323,590,323,598,146,598,sub_line_text,text,text_2,arial,regular,7,17pabc_2cols_20211228_164107_8887608665_600_800.png,/scratch/parceirosbr/bigoilict/share/BigOil/document_generator/datasets/documents_2021_12_28/17pabc_2cols_20211228_164107_8887608665_600_800.png,17pabc_2cols_20211228_164107_8887608665_600_800_mask.png,"tal  precursors,  as  well  as the dispersion temperature"
85,4,171,8,146,605,317,613,146,605,317,605,317,613,146,613,sub_line_text,text,text_2,arial,regular,7,17pabc_2cols_20211228_164107_8887608665_600_800.png,/scratch/parceirosbr/bigoilict/share/BigOil/document_generator/datasets/documents_2021_12_28/17pabc_2cols_20211228_164107_8887608665_600_800.png,17pabc_2cols_20211228_164107_8887608665_600_800_mask.png,influences the formation of the alloy. A partir desses.
88,41,177,83,146,530,323,613,146,530,323,530,323,613,146,613,text,text,text_2,arial,regular,7,17pabc_2cols_20211228_164107_8887608665_600_800.png,/scratch/parceirosbr/bigoilict/share/BigOil/document_generator/datasets/documents_2021_12_28/17pabc_2cols_20211228_164107_8887608665_600_800.png,17pabc_2cols_20211228_164107_8887608665_600_800_mask.png,nan
73,4,146,8,176,625,322,633,176,625,322,625,322,633,176,633,sub_line_text,text,text_3,arial,regular,7,17pabc_2cols_20211228_164107_8887608665_600_800.png,/scratch/parceirosbr/bigoilict/share/BigOil/document_generator/datasets/documents_2021_12_28/17pabc_2cols_20211228_164107_8887608665_600_800.png,17pabc_2cols_20211228_164107_8887608665_600_800_mask.png,Dentre  as  metodologias utilizadas para res-
86,4,172,8,146,640,318,648,146,640,318,640,318,648,146,648,sub_line_text,text,text_3,arial,regular,7,17pabc_2cols_20211228_164107_8887608665_600_800.png,/scratch/parceirosbr/bigoilict/share/BigOil/document_generator/datasets/documents_2021_12_28/17pabc_2cols_20211228_164107_8887608665_600_800.png,17pabc_2cols_20211228_164107_8887608665_600_800_mask.png,"ol-ver esse sistema, destacam-se os métodos e tota."
88,11,176,23,146,625,322,648,146,625,322,625,322,648,146,648,text,text,text_3,arial,regular,7,17pabc_2cols_20211228_164107_8887608665_600_800.png,/scratch/parceirosbr/bigoilict/share/BigOil/document_generator/datasets/documents_2021_12_28/17pabc_2cols_20211228_164107_8887608665_600_800.png,17pabc_2cols_20211228_164107_8887608665_600_800_mask.png,nan
73,4,147,8,373,330,520,338,373,330,520,330,520,338,373,338,sub_line_text,text,text_4,arial,regular,7,17pabc_2cols_20211228_164107_8887608665_600_800.png,/scratch/parceirosbr/bigoilict/share/BigOil/document_generator/datasets/documents_2021_12_28/17pabc_2cols_20211228_164107_8887608665_600_800.png,17pabc_2cols_20211228_164107_8887608665_600_800_mask.png,This  dependence  on  temperature  and other
88,4,176,8,343,345,519,353,343,345,519,345,519,353,343,353,sub_line_text,text,text_4,arial,regular,7,17pabc_2cols_20211228_164107_8887608665_600_800.png,/scratch/parceirosbr/bigoilict/share/BigOil/document_generator/datasets/documents_2021_12_28/17pabc_2cols_20211228_164107_8887608665_600_800.png,17pabc_2cols_20211228_164107_8887608665_600_800_mask.png,properties  can  be  modified  while maintaining ferroe-
88,4,176,8,343,360,519,368,343,360,519,360,519,368,343,368,sub_line_text,text,text_4,arial,regular,7,17pabc_2cols_20211228_164107_8887608665_600_800.png,/scratch/parceirosbr/bigoilict/share/BigOil/document_generator/datasets/documents_2021_12_28/17pabc_2cols_20211228_164107_8887608665_600_800.png,17pabc_2cols_20211228_164107_8887608665_600_800_mask.png,lectric  characteristics.  Estabelece  os  preços de ref-
88,4,176,8,343,375,519,383,343,375,519,375,519,383,343,383,sub_line_text,text,text_4,arial,regular,7,17pabc_2cols_20211228_164107_8887608665_600_800.png,/scratch/parceirosbr/bigoilict/share/BigOil/document_generator/datasets/documents_2021_12_28/17pabc_2cols_20211228_164107_8887608665_600_800.png,17pabc_2cols_20211228_164107_8887608665_600_800_mask.png,erência  do  gás  natural produzido no mês de julho de
88,4,176,8,343,390,519,398,343,390,519,390,519,398,343,398,sub_line_text,text,text_4,arial,regular,7,17pabc_2cols_20211228_164107_8887608665_600_800.png,/scratch/parceirosbr/bigoilict/share/BigOil/document_generator/datasets/documents_2021_12_28/17pabc_2cols_20211228_164107_8887608665_600_800.png,17pabc_2cols_20211228_164107_8887608665_600_800_mask.png,"2014,  nos  campos das áreas concedidas pela para o"
88,4,176,8,343,405,519,413,343,405,519,405,519,413,343,413,sub_line_text,text,text_4,arial,regular,7,17pabc_2cols_20211228_164107_8887608665_600_800.png,/scratch/parceirosbr/bigoilict/share/BigOil/document_generator/datasets/documents_2021_12_28/17pabc_2cols_20211228_164107_8887608665_600_800.png,17pabc_2cols_20211228_164107_8887608665_600_800_mask.png,exercício  de  atividades de exploração e produção de
88,4,176,8,343,420,519,428,343,420,519,420,519,428,343,428,sub_line_text,text,text_4,arial,regular,7,17pabc_2cols_20211228_164107_8887608665_600_800.png,/scratch/parceirosbr/bigoilict/share/BigOil/document_generator/datasets/documents_2021_12_28/17pabc_2cols_20211228_164107_8887608665_600_800.png,17pabc_2cols_20211228_164107_8887608665_600_800_mask.png,"petróleo  e  gás  natural,  a  serem  adotados  para fins"
88,4,177,8,343,435,520,443,343,435,520,435,520,443,343,443,sub_line_text,text,text_4,arial,regular,7,17pabc_2cols_20211228_164107_8887608665_600_800.png,/scratch/parceirosbr/bigoilict/share/BigOil/document_generator/datasets/documents_2021_12_28/17pabc_2cols_20211228_164107_8887608665_600_800.png,17pabc_2cols_20211228_164107_8887608665_600_800_mask.png,de  cálculo  das participações governamentais. Assim
88,4,177,8,343,450,520,458,343,450,520,450,520,458,343,458,sub_line_text,text,text_4,arial,regular,7,17pabc_2cols_20211228_164107_8887608665_600_800.png,/scratch/parceirosbr/bigoilict/share/BigOil/document_generator/datasets/documents_2021_12_28/17pabc_2cols_20211228_164107_8887608665_600_800.png,17pabc_2cols_20211228_164107_8887608665_600_800_mask.png,"sendo,  tendo  em vista a relevância das lições extraí-"
85,4,170,8,343,465,513,473,343,465,513,465,513,473,343,473,sub_line_text,text,text_4,arial,regular,7,17pabc_2cols_20211228_164107_8887608665_600_800.png,/scratch/parceirosbr/bigoilict/share/BigOil/document_generator/datasets/documents_2021_12_28/17pabc_2cols_20211228_164107_8887608665_600_800.png,17pabc_2cols_20211228_164107_8887608665_600_800_mask.png,das pela ao longo do. The fishing modalities that oc.
88,71,177,143,343,330,520,473,343,330,520,330,520,473,343,473,text,text,text_4,arial,regular,7,17pabc_2cols_20211228_164107_8887608665_600_800.png,/scratch/parceirosbr/bigoilict/share/BigOil/document_generator/datasets/documents_2021_12_28/17pabc_2cols_20211228_164107_8887608665_600_800.png,17pabc_2cols_20211228_164107_8887608665_600_800_mask.png,nan
90,41,180,83,343,485,523,568,343,485,523,485,523,568,343,568,list,list,list_1,arial,arial,7,17pabc_2cols_20211228_164107_8887608665_600_800.png,/scratch/parceirosbr/bigoilict/share/BigOil/document_generator/datasets/documents_2021_12_28/17pabc_2cols_20211228_164107_8887608665_600_800.png,17pabc_2cols_20211228_164107_8887608665_600_800_mask.png,
90,4,180,8,343,485,523,493,343,485,523,485,523,493,343,493,sub_line_text,list,list_1,arial,regular,7,17pabc_2cols_20211228_164107_8887608665_600_800.png,/scratch/parceirosbr/bigoilict/share/BigOil/document_generator/datasets/documents_2021_12_28/17pabc_2cols_20211228_164107_8887608665_600_800.png,17pabc_2cols_20211228_164107_8887608665_600_800_mask.png,•  Agradeço   a   minha   pelo   carinho   e  cuidado  nos
39,4,78,8,349,500,427,508,349,500,427,500,427,508,349,508,sub_line_text,list,list_1,arial,regular,7,17pabc_2cols_20211228_164107_8887608665_600_800.png,/scratch/parceirosbr/bigoilict/share/BigOil/document_generator/datasets/documents_2021_12_28/17pabc_2cols_20211228_164107_8887608665_600_800.png,17pabc_2cols_20211228_164107_8887608665_600_800_mask.png,momentos mais difíceis
89,4,179,8,343,515,522,523,343,515,522,515,522,523,343,523,sub_line_text,list,list_1,arial,regular,7,17pabc_2cols_20211228_164107_8887608665_600_800.png,/scratch/parceirosbr/bigoilict/share/BigOil/document_generator/datasets/documents_2021_12_28/17pabc_2cols_20211228_164107_8887608665_600_800.png,17pabc_2cols_20211228_164107_8887608665_600_800_mask.png,•  TS   being  the  average  temperature  for  the  hydrate
67,4,135,8,349,530,484,538,349,530,484,530,484,538,349,538,sub_line_text,list,list_1,arial,regular,7,17pabc_2cols_20211228_164107_8887608665_600_800.png,/scratch/parceirosbr/bigoilict/share/BigOil/document_generator/datasets/documents_2021_12_28/17pabc_2cols_20211228_164107_8887608665_600_800.png,17pabc_2cols_20211228_164107_8887608665_600_800_mask.png,phase.d) originating from the equations of
90,4,180,8,343,545,523,553,343,545,523,545,523,553,343,553,sub_line_text,list,list_1,arial,regular,7,17pabc_2cols_20211228_164107_8887608665_600_800.png,/scratch/parceirosbr/bigoilict/share/BigOil/document_generator/datasets/documents_2021_12_28/17pabc_2cols_20211228_164107_8887608665_600_800.png,17pabc_2cols_20211228_164107_8887608665_600_800_mask.png,"•  In  this  way, if we can guarantee the average velocity"
9,4,18,8,349,560,367,568,349,560,367,560,367,568,349,568,sub_line_text,list,list_1,arial,regular,7,17pabc_2cols_20211228_164107_8887608665_600_800.png,/scratch/parceirosbr/bigoilict/share/BigOil/document_generator/datasets/documents_2021_12_28/17pabc_2cols_20211228_164107_8887608665_600_800.png,17pabc_2cols_20211228_164107_8887608665_600_800_mask.png,of the
73,4,146,8,373,580,519,588,373,580,519,580,519,588,373,588,sub_line_text,text,text_5,arial,regular,7,17pabc_2cols_20211228_164107_8887608665_600_800.png,/scratch/parceirosbr/bigoilict/share/BigOil/document_generator/datasets/documents_2021_12_28/17pabc_2cols_20211228_164107_8887608665_600_800.png,17pabc_2cols_20211228_164107_8887608665_600_800_mask.png,Os  mapas  e programas obtidos a partir des-
88,4,177,8,343,595,520,603,343,595,520,595,520,603,343,603,sub_line_text,text,text_5,arial,regular,7,17pabc_2cols_20211228_164107_8887608665_600_800.png,/scratch/parceirosbr/bigoilict/share/BigOil/document_generator/datasets/documents_2021_12_28/17pabc_2cols_20211228_164107_8887608665_600_800.png,17pabc_2cols_20211228_164107_8887608665_600_800_mask.png,te  trabalho  de  pesquisa correspondem mapa de inte-
88,4,176,8,343,610,519,618,343,610,519,610,519,618,343,618,sub_line_text,text,text_5,arial,regular,7,17pabc_2cols_20211228_164107_8887608665_600_800.png,/scratch/parceirosbr/bigoilict/share/BigOil/document_generator/datasets/documents_2021_12_28/17pabc_2cols_20211228_164107_8887608665_600_800.png,17pabc_2cols_20211228_164107_8887608665_600_800_mask.png,rpretação  da  área integral na escala de 1:400000 que
83,4,166,8,343,625,509,633,343,625,509,625,509,633,343,633,sub_line_text,text,text_5,arial,regular,7,17pabc_2cols_20211228_164107_8887608665_600_800.png,/scratch/parceirosbr/bigoilict/share/BigOil/document_generator/datasets/documents_2021_12_28/17pabc_2cols_20211228_164107_8887608665_600_800.png,17pabc_2cols_20211228_164107_8887608665_600_800_mask.png,reúne os elementos da interpretação quantitativa e.
88,26,177,53,343,580,520,633,343,580,520,580,520,633,343,633,text,text,text_5,arial,regular,7,17pabc_2cols_20211228_164107_8887608665_600_800.png,/scratch/parceirosbr/bigoilict/share/BigOil/document_generator/datasets/documents_2021_12_28/17pabc_2cols_20211228_164107_8887608665_600_800.png,17pabc_2cols_20211228_164107_8887608665_600_800_mask.png,nan
71,4,143,8,373,645,516,653,373,645,516,645,516,653,373,653,sub_line_text,text,text_6,arial,regular,7,17pabc_2cols_20211228_164107_8887608665_600_800.png,/scratch/parceirosbr/bigoilict/share/BigOil/document_generator/datasets/documents_2021_12_28/17pabc_2cols_20211228_164107_8887608665_600_800.png,17pabc_2cols_20211228_164107_8887608665_600_800_mask.png,Fisisorção is a process in which the gaseo-.
71,4,143,8,373,645,516,653,373,645,516,645,516,653,373,653,text,text,text_6,arial,regular,7,17pabc_2cols_20211228_164107_8887608665_600_800.png,/scratch/parceirosbr/bigoilict/share/BigOil/document_generator/datasets/documents_2021_12_28/17pabc_2cols_20211228_164107_8887608665_600_800.png,17pabc_2cols_20211228_164107_8887608665_600_800_mask.png,nan
