center_x,center_y,width,height,xmin,ymin,xmax,ymax,top_left_x,top_left_y,top_right_x,top_right_y,bottom_right_x,bottom_right_y,bottom_left_x,bottom_left_y,label,grouplabel,group,text_font,text_style,size_font,filename,path,filename_mask,content
300,400,600,800,0,0,600,800,0,0,600,0,600,800,0,800,document,,,,,,17pabc_2cols_20211228_164107_6144874154_600_800.png,/scratch/parceirosbr/bigoilict/share/BigOil/document_generator/datasets/documents_2021_12_28/17pabc_2cols_20211228_164107_6144874154_600_800.png,17pabc_2cols_20211228_164107_6144874154_600_800_mask.png,
192,0,384,1,75,650,459,651,75,650,459,650,459,651,75,651,line,line,line,,,,17pabc_2cols_20211228_164107_6144874154_600_800.png,/scratch/parceirosbr/bigoilict/share/BigOil/document_generator/datasets/documents_2021_12_28/17pabc_2cols_20211228_164107_6144874154_600_800.png,17pabc_2cols_20211228_164107_6144874154_600_800_mask.png,nan
6,4,12,9,446,650,458,659,446,650,458,650,458,659,446,659,sub_line_text,numpag,footer_1,raleway,regular,8,17pabc_2cols_20211228_164107_6144874154_600_800.png,/scratch/parceirosbr/bigoilict/share/BigOil/document_generator/datasets/documents_2021_12_28/17pabc_2cols_20211228_164107_6144874154_600_800.png,17pabc_2cols_20211228_164107_6144874154_600_800_mask.png,120
6,4,12,9,446,650,458,659,446,650,458,650,458,659,446,659,text,numpag,footer_1,raleway,regular,8,17pabc_2cols_20211228_164107_6144874154_600_800.png,/scratch/parceirosbr/bigoilict/share/BigOil/document_generator/datasets/documents_2021_12_28/17pabc_2cols_20211228_164107_6144874154_600_800.png,17pabc_2cols_20211228_164107_6144874154_600_800_mask.png,nan
21,4,43,8,125,130,168,138,125,130,168,130,168,138,125,138,sub_line_text,equation,equation_0,raleway,bolditalic,7,17pabc_2cols_20211228_164107_6144874154_600_800.png,/scratch/parceirosbr/bigoilict/share/BigOil/document_generator/datasets/documents_2021_12_28/17pabc_2cols_20211228_164107_6144874154_600_800.png,17pabc_2cols_20211228_164107_6144874154_600_800_mask.png,Equação (89)
151,35,302,70,125,99,427,169,125,99,427,99,427,169,125,169,equation,equation,equation_0,,,,17pabc_2cols_20211228_164107_6144874154_600_800.png,/scratch/parceirosbr/bigoilict/share/BigOil/document_generator/datasets/documents_2021_12_28/17pabc_2cols_20211228_164107_6144874154_600_800.png,17pabc_2cols_20211228_164107_6144874154_600_800_mask.png,
30,6,60,13,134,172,194,185,134,172,194,172,194,185,134,185,sub_line_text,subtitle,subtitle_0,raleway,bold,11,17pabc_2cols_20211228_164107_6144874154_600_800.png,/scratch/parceirosbr/bigoilict/share/BigOil/document_generator/datasets/documents_2021_12_28/17pabc_2cols_20211228_164107_6144874154_600_800.png,17pabc_2cols_20211228_164107_6144874154_600_800_mask.png,"Além disso,"
30,6,60,13,134,172,194,185,134,172,194,172,194,185,134,185,title,subtitle,subtitle_0,raleway,bold,11,17pabc_2cols_20211228_164107_6144874154_600_800.png,/scratch/parceirosbr/bigoilict/share/BigOil/document_generator/datasets/documents_2021_12_28/17pabc_2cols_20211228_164107_6144874154_600_800.png,17pabc_2cols_20211228_164107_6144874154_600_800_mask.png,nan
80,5,161,10,89,188,250,198,89,188,250,188,250,198,89,198,sub_line_text,text,text_0,raleway,regular,8,17pabc_2cols_20211228_164107_6144874154_600_800.png,/scratch/parceirosbr/bigoilict/share/BigOil/document_generator/datasets/documents_2021_12_28/17pabc_2cols_20211228_164107_6144874154_600_800.png,17pabc_2cols_20211228_164107_6144874154_600_800_mask.png,Quando  há  a necessidade de compreens-
87,5,175,10,75,200,250,210,75,200,250,200,250,210,75,210,sub_line_text,text,text_0,raleway,regular,8,17pabc_2cols_20211228_164107_6144874154_600_800.png,/scratch/parceirosbr/bigoilict/share/BigOil/document_generator/datasets/documents_2021_12_28/17pabc_2cols_20211228_164107_6144874154_600_800.png,17pabc_2cols_20211228_164107_6144874154_600_800_mask.png,ão  em  tempo real do comportamento mecân-
87,5,175,10,75,212,250,222,75,212,250,212,250,222,75,222,sub_line_text,text,text_0,raleway,regular,8,17pabc_2cols_20211228_164107_6144874154_600_800.png,/scratch/parceirosbr/bigoilict/share/BigOil/document_generator/datasets/documents_2021_12_28/17pabc_2cols_20211228_164107_6144874154_600_800.png,17pabc_2cols_20211228_164107_6144874154_600_800_mask.png,"ico  de equipamentos, usualmente, transduto-"
88,5,176,10,75,224,251,234,75,224,251,224,251,234,75,234,sub_line_text,text,text_0,raleway,regular,8,17pabc_2cols_20211228_164107_6144874154_600_800.png,/scratch/parceirosbr/bigoilict/share/BigOil/document_generator/datasets/documents_2021_12_28/17pabc_2cols_20211228_164107_6144874154_600_800.png,17pabc_2cols_20211228_164107_6144874154_600_800_mask.png,res  e  sistemas de aquisição de dados são util-
87,5,175,10,75,236,250,246,75,236,250,236,250,246,75,246,sub_line_text,text,text_0,raleway,regular,8,17pabc_2cols_20211228_164107_6144874154_600_800.png,/scratch/parceirosbr/bigoilict/share/BigOil/document_generator/datasets/documents_2021_12_28/17pabc_2cols_20211228_164107_6144874154_600_800.png,17pabc_2cols_20211228_164107_6144874154_600_800_mask.png,"izados.  Porém,  devido  à  complexidade em c-"
88,5,176,10,75,248,251,258,75,248,251,248,251,258,75,258,sub_line_text,text,text_0,raleway,regular,8,17pabc_2cols_20211228_164107_6144874154_600_800.png,/scratch/parceirosbr/bigoilict/share/BigOil/document_generator/datasets/documents_2021_12_28/17pabc_2cols_20211228_164107_6144874154_600_800.png,17pabc_2cols_20211228_164107_6144874154_600_800_mask.png,"ontrolá-las,  tal  solução  não  é  viável. Por isso,"
87,5,175,10,75,260,250,270,75,260,250,260,250,270,75,270,sub_line_text,text,text_0,raleway,regular,8,17pabc_2cols_20211228_164107_6144874154_600_800.png,/scratch/parceirosbr/bigoilict/share/BigOil/document_generator/datasets/documents_2021_12_28/17pabc_2cols_20211228_164107_6144874154_600_800.png,17pabc_2cols_20211228_164107_6144874154_600_800_mask.png,são  informações  estratégicas  para  a explora-
87,5,175,10,75,272,250,282,75,272,250,272,250,282,75,282,sub_line_text,text,text_0,raleway,regular,8,17pabc_2cols_20211228_164107_6144874154_600_800.png,/scratch/parceirosbr/bigoilict/share/BigOil/document_generator/datasets/documents_2021_12_28/17pabc_2cols_20211228_164107_6144874154_600_800.png,17pabc_2cols_20211228_164107_6144874154_600_800_mask.png,"ção,  sobre  as  quais  asconcessionárias  mant-"
87,5,175,10,75,284,250,294,75,284,250,284,250,294,75,294,sub_line_text,text,text_0,raleway,regular,8,17pabc_2cols_20211228_164107_6144874154_600_800.png,/scratch/parceirosbr/bigoilict/share/BigOil/document_generator/datasets/documents_2021_12_28/17pabc_2cols_20211228_164107_6144874154_600_800.png,17pabc_2cols_20211228_164107_6144874154_600_800_mask.png,"êm  direitos  de sigilo de até dez anos, depen-"
87,5,175,10,75,296,250,306,75,296,250,296,250,306,75,306,sub_line_text,text,text_0,raleway,regular,8,17pabc_2cols_20211228_164107_6144874154_600_800.png,/scratch/parceirosbr/bigoilict/share/BigOil/document_generator/datasets/documents_2021_12_28/17pabc_2cols_20211228_164107_6144874154_600_800.png,17pabc_2cols_20211228_164107_6144874154_600_800_mask.png,dendo do tipo oque é previsto na portaria 188.
88,59,176,118,75,188,251,306,75,188,251,188,251,306,75,306,text,text,text_0,raleway,regular,8,17pabc_2cols_20211228_164107_6144874154_600_800.png,/scratch/parceirosbr/bigoilict/share/BigOil/document_generator/datasets/documents_2021_12_28/17pabc_2cols_20211228_164107_6144874154_600_800.png,17pabc_2cols_20211228_164107_6144874154_600_800_mask.png,nan
51,6,103,12,113,309,216,321,113,309,216,309,216,321,113,321,sub_line_text,subsubtitle,subsubtitle_0,raleway,bold,10,17pabc_2cols_20211228_164107_6144874154_600_800.png,/scratch/parceirosbr/bigoilict/share/BigOil/document_generator/datasets/documents_2021_12_28/17pabc_2cols_20211228_164107_6144874154_600_800.png,17pabc_2cols_20211228_164107_6144874154_600_800_mask.png,Já conseguiu registro
51,6,103,12,113,309,216,321,113,309,216,309,216,321,113,321,title,subsubtitle,subsubtitle_0,raleway,bold,10,17pabc_2cols_20211228_164107_6144874154_600_800.png,/scratch/parceirosbr/bigoilict/share/BigOil/document_generator/datasets/documents_2021_12_28/17pabc_2cols_20211228_164107_6144874154_600_800.png,17pabc_2cols_20211228_164107_6144874154_600_800_mask.png,nan
81,5,162,10,89,324,251,334,89,324,251,324,251,334,89,334,sub_line_text,text,text_1,raleway,regular,8,17pabc_2cols_20211228_164107_6144874154_600_800.png,/scratch/parceirosbr/bigoilict/share/BigOil/document_generator/datasets/documents_2021_12_28/17pabc_2cols_20211228_164107_6144874154_600_800.png,17pabc_2cols_20211228_164107_6144874154_600_800_mask.png,"Além  disso,  o  kLa  foi  correlacionado  aos"
88,5,176,10,75,336,251,346,75,336,251,336,251,346,75,346,sub_line_text,text,text_1,raleway,regular,8,17pabc_2cols_20211228_164107_6144874154_600_800.png,/scratch/parceirosbr/bigoilict/share/BigOil/document_generator/datasets/documents_2021_12_28/17pabc_2cols_20211228_164107_6144874154_600_800.png,17pabc_2cols_20211228_164107_6144874154_600_800_mask.png,"parâmetros  geométricos,  obtendo-se  um co-"
87,5,175,10,75,348,250,358,75,348,250,348,250,358,75,358,sub_line_text,text,text_1,raleway,regular,8,17pabc_2cols_20211228_164107_6144874154_600_800.png,/scratch/parceirosbr/bigoilict/share/BigOil/document_generator/datasets/documents_2021_12_28/17pabc_2cols_20211228_164107_6144874154_600_800.png,17pabc_2cols_20211228_164107_6144874154_600_800_mask.png,"eficiente   de  correlação  de  0,91.  20461001,0."
87,5,175,10,75,360,250,370,75,360,250,360,250,370,75,370,sub_line_text,text,text_1,raleway,regular,8,17pabc_2cols_20211228_164107_6144874154_600_800.png,/scratch/parceirosbr/bigoilict/share/BigOil/document_generator/datasets/documents_2021_12_28/17pabc_2cols_20211228_164107_6144874154_600_800.png,17pabc_2cols_20211228_164107_6144874154_600_800_mask.png,"Analogamente  ao  captulo  anterior,  incorpor-"
87,5,175,10,75,372,250,382,75,372,250,372,250,382,75,382,sub_line_text,text,text_1,raleway,regular,8,17pabc_2cols_20211228_164107_6144874154_600_800.png,/scratch/parceirosbr/bigoilict/share/BigOil/document_generator/datasets/documents_2021_12_28/17pabc_2cols_20211228_164107_6144874154_600_800.png,17pabc_2cols_20211228_164107_6144874154_600_800_mask.png,ando  agora  a  possvel presencade agua o bal-
87,5,175,10,75,384,250,394,75,384,250,384,250,394,75,394,sub_line_text,text,text_1,raleway,regular,8,17pabc_2cols_20211228_164107_6144874154_600_800.png,/scratch/parceirosbr/bigoilict/share/BigOil/document_generator/datasets/documents_2021_12_28/17pabc_2cols_20211228_164107_6144874154_600_800.png,17pabc_2cols_20211228_164107_6144874154_600_800_mask.png,anco  de  massa  da  fase uida e dado por (Che-
87,5,175,10,75,396,250,406,75,396,250,396,250,406,75,406,sub_line_text,text,text_1,raleway,regular,8,17pabc_2cols_20211228_164107_6144874154_600_800.png,/scratch/parceirosbr/bigoilict/share/BigOil/document_generator/datasets/documents_2021_12_28/17pabc_2cols_20211228_164107_6144874154_600_800.png,17pabc_2cols_20211228_164107_6144874154_600_800_mask.png,"nSgggvg.  Dessa  forma,  o  de  com  conteúdo"
88,5,176,10,75,408,251,418,75,408,251,408,251,418,75,418,sub_line_text,text,text_1,raleway,regular,8,17pabc_2cols_20211228_164107_6144874154_600_800.png,/scratch/parceirosbr/bigoilict/share/BigOil/document_generator/datasets/documents_2021_12_28/17pabc_2cols_20211228_164107_6144874154_600_800.png,17pabc_2cols_20211228_164107_6144874154_600_800_mask.png,"mínimo  disposto  na 398/2008 2008b), consti-"
88,5,176,10,75,420,251,430,75,420,251,420,251,430,75,430,sub_line_text,text,text_1,raleway,regular,8,17pabc_2cols_20211228_164107_6144874154_600_800.png,/scratch/parceirosbr/bigoilict/share/BigOil/document_generator/datasets/documents_2021_12_28/17pabc_2cols_20211228_164107_6144874154_600_800.png,17pabc_2cols_20211228_164107_6144874154_600_800_mask.png,tui-se  em  um  requisito  para  o licenciamento
88,5,176,10,75,432,251,442,75,432,251,432,251,442,75,442,sub_line_text,text,text_1,raleway,regular,8,17pabc_2cols_20211228_164107_6144874154_600_800.png,/scratch/parceirosbr/bigoilict/share/BigOil/document_generator/datasets/documents_2021_12_28/17pabc_2cols_20211228_164107_6144874154_600_800.png,17pabc_2cols_20211228_164107_6144874154_600_800_mask.png,ambiental.   O  balanço  é  uma  opção  razoável
87,5,175,10,75,444,250,454,75,444,250,444,250,454,75,454,sub_line_text,text,text_1,raleway,regular,8,17pabc_2cols_20211228_164107_6144874154_600_800.png,/scratch/parceirosbr/bigoilict/share/BigOil/document_generator/datasets/documents_2021_12_28/17pabc_2cols_20211228_164107_6144874154_600_800.png,17pabc_2cols_20211228_164107_6144874154_600_800_mask.png,"para   realizar  essa  quantificação,  correlacion-"
87,5,175,10,75,456,250,466,75,456,250,456,250,466,75,466,sub_line_text,text,text_1,raleway,regular,8,17pabc_2cols_20211228_164107_6144874154_600_800.png,/scratch/parceirosbr/bigoilict/share/BigOil/document_generator/datasets/documents_2021_12_28/17pabc_2cols_20211228_164107_6144874154_600_800.png,17pabc_2cols_20211228_164107_6144874154_600_800_mask.png,ando  as estruturas dos tensoativos com o seu
84,5,169,10,75,468,244,478,75,468,244,468,244,478,75,478,sub_line_text,text,text_1,raleway,regular,8,17pabc_2cols_20211228_164107_6144874154_600_800.png,/scratch/parceirosbr/bigoilict/share/BigOil/document_generator/datasets/documents_2021_12_28/17pabc_2cols_20211228_164107_6144874154_600_800.png,17pabc_2cols_20211228_164107_6144874154_600_800_mask.png,"poder de emulsificação, detergência, solubil."
88,77,176,154,75,324,251,478,75,324,251,324,251,478,75,478,text,text,text_1,raleway,regular,8,17pabc_2cols_20211228_164107_6144874154_600_800.png,/scratch/parceirosbr/bigoilict/share/BigOil/document_generator/datasets/documents_2021_12_28/17pabc_2cols_20211228_164107_6144874154_600_800.png,17pabc_2cols_20211228_164107_6144874154_600_800_mask.png,nan
63,37,126,75,101,481,227,556,101,481,227,481,227,556,101,556,image,figure_image,figure_0,,,,17pabc_2cols_20211228_164107_6144874154_600_800.png,/scratch/parceirosbr/bigoilict/share/BigOil/document_generator/datasets/documents_2021_12_28/17pabc_2cols_20211228_164107_6144874154_600_800.png,17pabc_2cols_20211228_164107_6144874154_600_800_mask.png,output/gen_img_20211228_164109_4223854868.png
2,1,5,2,211,540,216,542,211,540,216,540,216,542,211,542,text,figure_text,figure_0,,,,17pabc_2cols_20211228_164107_6144874154_600_800.png,/scratch/parceirosbr/bigoilict/share/BigOil/document_generator/datasets/documents_2021_12_28/17pabc_2cols_20211228_164107_6144874154_600_800.png,17pabc_2cols_20211228_164107_6144874154_600_800_mask.png,7.8
2,1,5,2,211,540,216,542,211,540,216,540,216,542,211,542,sub_line_text,figure_text,figure_0,,,,17pabc_2cols_20211228_164107_6144874154_600_800.png,/scratch/parceirosbr/bigoilict/share/BigOil/document_generator/datasets/documents_2021_12_28/17pabc_2cols_20211228_164107_6144874154_600_800.png,17pabc_2cols_20211228_164107_6144874154_600_800_mask.png,7.8
6,1,12,3,197,552,209,555,197,552,209,552,209,555,197,555,text,figure_text,figure_0,,,,17pabc_2cols_20211228_164107_6144874154_600_800.png,/scratch/parceirosbr/bigoilict/share/BigOil/document_generator/datasets/documents_2021_12_28/17pabc_2cols_20211228_164107_6144874154_600_800.png,17pabc_2cols_20211228_164107_6144874154_600_800_mask.png,-7660.4
6,1,12,3,197,552,209,555,197,552,209,552,209,555,197,555,sub_line_text,figure_text,figure_0,,,,17pabc_2cols_20211228_164107_6144874154_600_800.png,/scratch/parceirosbr/bigoilict/share/BigOil/document_generator/datasets/documents_2021_12_28/17pabc_2cols_20211228_164107_6144874154_600_800.png,17pabc_2cols_20211228_164107_6144874154_600_800_mask.png,-7660.4
6,1,12,2,105,507,117,509,105,507,117,507,117,509,105,509,text,figure_text,figure_0,,,,17pabc_2cols_20211228_164107_6144874154_600_800.png,/scratch/parceirosbr/bigoilict/share/BigOil/document_generator/datasets/documents_2021_12_28/17pabc_2cols_20211228_164107_6144874154_600_800.png,17pabc_2cols_20211228_164107_6144874154_600_800_mask.png,-2987.2
6,1,12,2,105,507,117,509,105,507,117,507,117,509,105,509,sub_line_text,figure_text,figure_0,,,,17pabc_2cols_20211228_164107_6144874154_600_800.png,/scratch/parceirosbr/bigoilict/share/BigOil/document_generator/datasets/documents_2021_12_28/17pabc_2cols_20211228_164107_6144874154_600_800.png,17pabc_2cols_20211228_164107_6144874154_600_800_mask.png,-2987.2
7,1,15,3,130,487,145,490,130,487,145,487,145,490,130,490,text,figure_text,figure_0,,,,17pabc_2cols_20211228_164107_6144874154_600_800.png,/scratch/parceirosbr/bigoilict/share/BigOil/document_generator/datasets/documents_2021_12_28/17pabc_2cols_20211228_164107_6144874154_600_800.png,17pabc_2cols_20211228_164107_6144874154_600_800_mask.png,Data [KB]
7,1,15,3,130,487,145,490,130,487,145,487,145,490,130,490,sub_line_text,figure_text,figure_0,,,,17pabc_2cols_20211228_164107_6144874154_600_800.png,/scratch/parceirosbr/bigoilict/share/BigOil/document_generator/datasets/documents_2021_12_28/17pabc_2cols_20211228_164107_6144874154_600_800.png,17pabc_2cols_20211228_164107_6144874154_600_800_mask.png,Data [KB]
4,1,8,3,190,521,198,524,190,521,198,521,198,524,190,524,text,figure_text,figure_0,,,,17pabc_2cols_20211228_164107_6144874154_600_800.png,/scratch/parceirosbr/bigoilict/share/BigOil/document_generator/datasets/documents_2021_12_28/17pabc_2cols_20211228_164107_6144874154_600_800.png,17pabc_2cols_20211228_164107_6144874154_600_800_mask.png,-4037
4,1,8,3,190,521,198,524,190,521,198,521,198,524,190,524,sub_line_text,figure_text,figure_0,,,,17pabc_2cols_20211228_164107_6144874154_600_800.png,/scratch/parceirosbr/bigoilict/share/BigOil/document_generator/datasets/documents_2021_12_28/17pabc_2cols_20211228_164107_6144874154_600_800.png,17pabc_2cols_20211228_164107_6144874154_600_800_mask.png,-4037
11,1,23,2,179,502,202,504,179,502,202,502,202,504,179,504,text,figure_text,figure_0,,,,17pabc_2cols_20211228_164107_6144874154_600_800.png,/scratch/parceirosbr/bigoilict/share/BigOil/document_generator/datasets/documents_2021_12_28/17pabc_2cols_20211228_164107_6144874154_600_800.png,17pabc_2cols_20211228_164107_6144874154_600_800_mask.png,Concentration
11,1,23,2,179,502,202,504,179,502,202,502,202,504,179,504,sub_line_text,figure_text,figure_0,,,,17pabc_2cols_20211228_164107_6144874154_600_800.png,/scratch/parceirosbr/bigoilict/share/BigOil/document_generator/datasets/documents_2021_12_28/17pabc_2cols_20211228_164107_6144874154_600_800.png,17pabc_2cols_20211228_164107_6144874154_600_800_mask.png,Concentration
8,1,16,2,164,486,180,488,164,486,180,486,180,488,164,488,text,figure_text,figure_0,,,,17pabc_2cols_20211228_164107_6144874154_600_800.png,/scratch/parceirosbr/bigoilict/share/BigOil/document_generator/datasets/documents_2021_12_28/17pabc_2cols_20211228_164107_6144874154_600_800.png,17pabc_2cols_20211228_164107_6144874154_600_800_mask.png,-9097.123
8,1,16,2,164,486,180,488,164,486,180,486,180,488,164,488,sub_line_text,figure_text,figure_0,,,,17pabc_2cols_20211228_164107_6144874154_600_800.png,/scratch/parceirosbr/bigoilict/share/BigOil/document_generator/datasets/documents_2021_12_28/17pabc_2cols_20211228_164107_6144874154_600_800.png,17pabc_2cols_20211228_164107_6144874154_600_800_mask.png,-9097.123
9,1,19,3,140,502,159,505,140,502,159,502,159,505,140,505,text,figure_text,figure_0,,,,17pabc_2cols_20211228_164107_6144874154_600_800.png,/scratch/parceirosbr/bigoilict/share/BigOil/document_generator/datasets/documents_2021_12_28/17pabc_2cols_20211228_164107_6144874154_600_800.png,17pabc_2cols_20211228_164107_6144874154_600_800_mask.png,Quality(GB)
9,1,19,3,140,502,159,505,140,502,159,502,159,505,140,505,sub_line_text,figure_text,figure_0,,,,17pabc_2cols_20211228_164107_6144874154_600_800.png,/scratch/parceirosbr/bigoilict/share/BigOil/document_generator/datasets/documents_2021_12_28/17pabc_2cols_20211228_164107_6144874154_600_800.png,17pabc_2cols_20211228_164107_6144874154_600_800_mask.png,Quality(GB)
5,1,10,2,147,550,157,552,147,550,157,550,157,552,147,552,text,figure_text,figure_0,,,,17pabc_2cols_20211228_164107_6144874154_600_800.png,/scratch/parceirosbr/bigoilict/share/BigOil/document_generator/datasets/documents_2021_12_28/17pabc_2cols_20211228_164107_6144874154_600_800.png,17pabc_2cols_20211228_164107_6144874154_600_800_mask.png,-9107%
5,1,10,2,147,550,157,552,147,550,157,550,157,552,147,552,sub_line_text,figure_text,figure_0,,,,17pabc_2cols_20211228_164107_6144874154_600_800.png,/scratch/parceirosbr/bigoilict/share/BigOil/document_generator/datasets/documents_2021_12_28/17pabc_2cols_20211228_164107_6144874154_600_800.png,17pabc_2cols_20211228_164107_6144874154_600_800_mask.png,-9107%
6,1,13,3,121,502,134,505,121,502,134,502,134,505,121,505,text,figure_text,figure_0,,,,17pabc_2cols_20211228_164107_6144874154_600_800.png,/scratch/parceirosbr/bigoilict/share/BigOil/document_generator/datasets/documents_2021_12_28/17pabc_2cols_20211228_164107_6144874154_600_800.png,17pabc_2cols_20211228_164107_6144874154_600_800_mask.png,-1116.6
6,1,13,3,121,502,134,505,121,502,134,502,134,505,121,505,sub_line_text,figure_text,figure_0,,,,17pabc_2cols_20211228_164107_6144874154_600_800.png,/scratch/parceirosbr/bigoilict/share/BigOil/document_generator/datasets/documents_2021_12_28/17pabc_2cols_20211228_164107_6144874154_600_800.png,17pabc_2cols_20211228_164107_6144874154_600_800_mask.png,-1116.6
9,1,19,3,142,526,161,529,142,526,161,526,161,529,142,529,text,figure_text,figure_0,,,,17pabc_2cols_20211228_164107_6144874154_600_800.png,/scratch/parceirosbr/bigoilict/share/BigOil/document_generator/datasets/documents_2021_12_28/17pabc_2cols_20211228_164107_6144874154_600_800.png,17pabc_2cols_20211228_164107_6144874154_600_800_mask.png,Volume (KB)
9,1,19,3,142,526,161,529,142,526,161,526,161,529,142,529,sub_line_text,figure_text,figure_0,,,,17pabc_2cols_20211228_164107_6144874154_600_800.png,/scratch/parceirosbr/bigoilict/share/BigOil/document_generator/datasets/documents_2021_12_28/17pabc_2cols_20211228_164107_6144874154_600_800.png,17pabc_2cols_20211228_164107_6144874154_600_800_mask.png,Volume (KB)
14,1,28,2,174,516,202,518,174,516,202,516,202,518,174,518,text,figure_text,figure_0,,,,17pabc_2cols_20211228_164107_6144874154_600_800.png,/scratch/parceirosbr/bigoilict/share/BigOil/document_generator/datasets/documents_2021_12_28/17pabc_2cols_20211228_164107_6144874154_600_800.png,17pabc_2cols_20211228_164107_6144874154_600_800_mask.png,Consumption (MB)
14,1,28,2,174,516,202,518,174,516,202,516,202,518,174,518,sub_line_text,figure_text,figure_0,,,,17pabc_2cols_20211228_164107_6144874154_600_800.png,/scratch/parceirosbr/bigoilict/share/BigOil/document_generator/datasets/documents_2021_12_28/17pabc_2cols_20211228_164107_6144874154_600_800.png,17pabc_2cols_20211228_164107_6144874154_600_800_mask.png,Consumption (MB)
7,1,14,2,150,542,164,544,150,542,164,542,164,544,150,544,text,figure_text,figure_0,,,,17pabc_2cols_20211228_164107_6144874154_600_800.png,/scratch/parceirosbr/bigoilict/share/BigOil/document_generator/datasets/documents_2021_12_28/17pabc_2cols_20211228_164107_6144874154_600_800.png,17pabc_2cols_20211228_164107_6144874154_600_800_mask.png,-7144.56
7,1,14,2,150,542,164,544,150,542,164,542,164,544,150,544,sub_line_text,figure_text,figure_0,,,,17pabc_2cols_20211228_164107_6144874154_600_800.png,/scratch/parceirosbr/bigoilict/share/BigOil/document_generator/datasets/documents_2021_12_28/17pabc_2cols_20211228_164107_6144874154_600_800.png,17pabc_2cols_20211228_164107_6144874154_600_800_mask.png,-7144.56
8,1,17,2,108,494,125,496,108,494,125,494,125,496,108,496,text,figure_text,figure_0,,,,17pabc_2cols_20211228_164107_6144874154_600_800.png,/scratch/parceirosbr/bigoilict/share/BigOil/document_generator/datasets/documents_2021_12_28/17pabc_2cols_20211228_164107_6144874154_600_800.png,17pabc_2cols_20211228_164107_6144874154_600_800_mask.png,Experiment
8,1,17,2,108,494,125,496,108,494,125,494,125,496,108,496,sub_line_text,figure_text,figure_0,,,,17pabc_2cols_20211228_164107_6144874154_600_800.png,/scratch/parceirosbr/bigoilict/share/BigOil/document_generator/datasets/documents_2021_12_28/17pabc_2cols_20211228_164107_6144874154_600_800.png,17pabc_2cols_20211228_164107_6144874154_600_800_mask.png,Experiment
12,1,25,3,174,527,199,530,174,527,199,527,199,530,174,530,text,figure_text,figure_0,,,,17pabc_2cols_20211228_164107_6144874154_600_800.png,/scratch/parceirosbr/bigoilict/share/BigOil/document_generator/datasets/documents_2021_12_28/17pabc_2cols_20211228_164107_6144874154_600_800.png,17pabc_2cols_20211228_164107_6144874154_600_800_mask.png,Frequency (Hz)
12,1,25,3,174,527,199,530,174,527,199,527,199,530,174,530,sub_line_text,figure_text,figure_0,,,,17pabc_2cols_20211228_164107_6144874154_600_800.png,/scratch/parceirosbr/bigoilict/share/BigOil/document_generator/datasets/documents_2021_12_28/17pabc_2cols_20211228_164107_6144874154_600_800.png,17pabc_2cols_20211228_164107_6144874154_600_800_mask.png,Frequency (Hz)
7,1,14,2,105,529,119,531,105,529,119,529,119,531,105,531,text,figure_text,figure_0,,,,17pabc_2cols_20211228_164107_6144874154_600_800.png,/scratch/parceirosbr/bigoilict/share/BigOil/document_generator/datasets/documents_2021_12_28/17pabc_2cols_20211228_164107_6144874154_600_800.png,17pabc_2cols_20211228_164107_6144874154_600_800_mask.png,-4583.45
7,1,14,2,105,529,119,531,105,529,119,529,119,531,105,531,sub_line_text,figure_text,figure_0,,,,17pabc_2cols_20211228_164107_6144874154_600_800.png,/scratch/parceirosbr/bigoilict/share/BigOil/document_generator/datasets/documents_2021_12_28/17pabc_2cols_20211228_164107_6144874154_600_800.png,17pabc_2cols_20211228_164107_6144874154_600_800_mask.png,-4583.45
9,1,19,3,136,509,155,512,136,509,155,509,155,512,136,512,text,figure_text,figure_0,,,,17pabc_2cols_20211228_164107_6144874154_600_800.png,/scratch/parceirosbr/bigoilict/share/BigOil/document_generator/datasets/documents_2021_12_28/17pabc_2cols_20211228_164107_6144874154_600_800.png,17pabc_2cols_20211228_164107_6144874154_600_800_mask.png,Consumption
9,1,19,3,136,509,155,512,136,509,155,509,155,512,136,512,sub_line_text,figure_text,figure_0,,,,17pabc_2cols_20211228_164107_6144874154_600_800.png,/scratch/parceirosbr/bigoilict/share/BigOil/document_generator/datasets/documents_2021_12_28/17pabc_2cols_20211228_164107_6144874154_600_800.png,17pabc_2cols_20211228_164107_6144874154_600_800_mask.png,Consumption
9,1,19,3,137,497,156,500,137,497,156,497,156,500,137,500,text,figure_text,figure_0,,,,17pabc_2cols_20211228_164107_6144874154_600_800.png,/scratch/parceirosbr/bigoilict/share/BigOil/document_generator/datasets/documents_2021_12_28/17pabc_2cols_20211228_164107_6144874154_600_800.png,17pabc_2cols_20211228_164107_6144874154_600_800_mask.png,Quality[KB]
9,1,19,3,137,497,156,500,137,497,156,497,156,500,137,500,sub_line_text,figure_text,figure_0,,,,17pabc_2cols_20211228_164107_6144874154_600_800.png,/scratch/parceirosbr/bigoilict/share/BigOil/document_generator/datasets/documents_2021_12_28/17pabc_2cols_20211228_164107_6144874154_600_800.png,17pabc_2cols_20211228_164107_6144874154_600_800_mask.png,Quality[KB]
8,1,17,2,176,510,193,512,176,510,193,510,193,512,176,512,text,figure_text,figure_0,,,,17pabc_2cols_20211228_164107_6144874154_600_800.png,/scratch/parceirosbr/bigoilict/share/BigOil/document_generator/datasets/documents_2021_12_28/17pabc_2cols_20211228_164107_6144874154_600_800.png,17pabc_2cols_20211228_164107_6144874154_600_800_mask.png,Efficiency
8,1,17,2,176,510,193,512,176,510,193,510,193,512,176,512,sub_line_text,figure_text,figure_0,,,,17pabc_2cols_20211228_164107_6144874154_600_800.png,/scratch/parceirosbr/bigoilict/share/BigOil/document_generator/datasets/documents_2021_12_28/17pabc_2cols_20211228_164107_6144874154_600_800.png,17pabc_2cols_20211228_164107_6144874154_600_800_mask.png,Efficiency
7,1,14,2,205,502,219,504,205,502,219,502,219,504,205,504,text,figure_text,figure_0,,,,17pabc_2cols_20211228_164107_6144874154_600_800.png,/scratch/parceirosbr/bigoilict/share/BigOil/document_generator/datasets/documents_2021_12_28/17pabc_2cols_20211228_164107_6144874154_600_800.png,17pabc_2cols_20211228_164107_6144874154_600_800_mask.png,Male (M)
7,1,14,2,205,502,219,504,205,502,219,502,219,504,205,504,sub_line_text,figure_text,figure_0,,,,17pabc_2cols_20211228_164107_6144874154_600_800.png,/scratch/parceirosbr/bigoilict/share/BigOil/document_generator/datasets/documents_2021_12_28/17pabc_2cols_20211228_164107_6144874154_600_800.png,17pabc_2cols_20211228_164107_6144874154_600_800_mask.png,Male (M)
4,1,8,2,211,533,219,535,211,533,219,533,219,535,211,535,text,figure_text,figure_0,,,,17pabc_2cols_20211228_164107_6144874154_600_800.png,/scratch/parceirosbr/bigoilict/share/BigOil/document_generator/datasets/documents_2021_12_28/17pabc_2cols_20211228_164107_6144874154_600_800.png,17pabc_2cols_20211228_164107_6144874154_600_800_mask.png,-7005
4,1,8,2,211,533,219,535,211,533,219,533,219,535,211,535,sub_line_text,figure_text,figure_0,,,,17pabc_2cols_20211228_164107_6144874154_600_800.png,/scratch/parceirosbr/bigoilict/share/BigOil/document_generator/datasets/documents_2021_12_28/17pabc_2cols_20211228_164107_6144874154_600_800.png,17pabc_2cols_20211228_164107_6144874154_600_800_mask.png,-7005
8,1,16,3,180,486,196,489,180,486,196,486,196,489,180,489,text,figure_text,figure_0,,,,17pabc_2cols_20211228_164107_6144874154_600_800.png,/scratch/parceirosbr/bigoilict/share/BigOil/document_generator/datasets/documents_2021_12_28/17pabc_2cols_20211228_164107_6144874154_600_800.png,17pabc_2cols_20211228_164107_6144874154_600_800_mask.png,-4690.50%
8,1,16,3,180,486,196,489,180,486,196,486,196,489,180,489,sub_line_text,figure_text,figure_0,,,,17pabc_2cols_20211228_164107_6144874154_600_800.png,/scratch/parceirosbr/bigoilict/share/BigOil/document_generator/datasets/documents_2021_12_28/17pabc_2cols_20211228_164107_6144874154_600_800.png,17pabc_2cols_20211228_164107_6144874154_600_800_mask.png,-4690.50%
8,1,16,3,123,515,139,518,123,515,139,515,139,518,123,518,text,figure_text,figure_0,,,,17pabc_2cols_20211228_164107_6144874154_600_800.png,/scratch/parceirosbr/bigoilict/share/BigOil/document_generator/datasets/documents_2021_12_28/17pabc_2cols_20211228_164107_6144874154_600_800.png,17pabc_2cols_20211228_164107_6144874154_600_800_mask.png,-5993.34%
8,1,16,3,123,515,139,518,123,515,139,515,139,518,123,518,sub_line_text,figure_text,figure_0,,,,17pabc_2cols_20211228_164107_6144874154_600_800.png,/scratch/parceirosbr/bigoilict/share/BigOil/document_generator/datasets/documents_2021_12_28/17pabc_2cols_20211228_164107_6144874154_600_800.png,17pabc_2cols_20211228_164107_6144874154_600_800_mask.png,-5993.34%
5,1,10,2,122,520,132,522,122,520,132,520,132,522,122,522,text,figure_text,figure_0,,,,17pabc_2cols_20211228_164107_6144874154_600_800.png,/scratch/parceirosbr/bigoilict/share/BigOil/document_generator/datasets/documents_2021_12_28/17pabc_2cols_20211228_164107_6144874154_600_800.png,17pabc_2cols_20211228_164107_6144874154_600_800_mask.png,-7821%
5,1,10,2,122,520,132,522,122,520,132,520,132,522,122,522,sub_line_text,figure_text,figure_0,,,,17pabc_2cols_20211228_164107_6144874154_600_800.png,/scratch/parceirosbr/bigoilict/share/BigOil/document_generator/datasets/documents_2021_12_28/17pabc_2cols_20211228_164107_6144874154_600_800.png,17pabc_2cols_20211228_164107_6144874154_600_800_mask.png,-7821%
6,1,12,3,198,535,210,538,198,535,210,535,210,538,198,538,text,figure_text,figure_0,,,,17pabc_2cols_20211228_164107_6144874154_600_800.png,/scratch/parceirosbr/bigoilict/share/BigOil/document_generator/datasets/documents_2021_12_28/17pabc_2cols_20211228_164107_6144874154_600_800.png,17pabc_2cols_20211228_164107_6144874154_600_800_mask.png,Advance
6,1,12,3,198,535,210,538,198,535,210,535,210,538,198,538,sub_line_text,figure_text,figure_0,,,,17pabc_2cols_20211228_164107_6144874154_600_800.png,/scratch/parceirosbr/bigoilict/share/BigOil/document_generator/datasets/documents_2021_12_28/17pabc_2cols_20211228_164107_6144874154_600_800.png,17pabc_2cols_20211228_164107_6144874154_600_800_mask.png,Advance
9,1,19,2,123,545,142,547,123,545,142,545,142,547,123,547,text,figure_text,figure_0,,,,17pabc_2cols_20211228_164107_6144874154_600_800.png,/scratch/parceirosbr/bigoilict/share/BigOil/document_generator/datasets/documents_2021_12_28/17pabc_2cols_20211228_164107_6144874154_600_800.png,17pabc_2cols_20211228_164107_6144874154_600_800_mask.png,Female (km)
9,1,19,2,123,545,142,547,123,545,142,545,142,547,123,547,sub_line_text,figure_text,figure_0,,,,17pabc_2cols_20211228_164107_6144874154_600_800.png,/scratch/parceirosbr/bigoilict/share/BigOil/document_generator/datasets/documents_2021_12_28/17pabc_2cols_20211228_164107_6144874154_600_800.png,17pabc_2cols_20211228_164107_6144874154_600_800_mask.png,Female (km)
7,1,14,3,157,523,171,526,157,523,171,523,171,526,157,526,text,figure_text,figure_0,,,,17pabc_2cols_20211228_164107_6144874154_600_800.png,/scratch/parceirosbr/bigoilict/share/BigOil/document_generator/datasets/documents_2021_12_28/17pabc_2cols_20211228_164107_6144874154_600_800.png,17pabc_2cols_20211228_164107_6144874154_600_800_mask.png,Strength
7,1,14,3,157,523,171,526,157,523,171,523,171,526,157,526,sub_line_text,figure_text,figure_0,,,,17pabc_2cols_20211228_164107_6144874154_600_800.png,/scratch/parceirosbr/bigoilict/share/BigOil/document_generator/datasets/documents_2021_12_28/17pabc_2cols_20211228_164107_6144874154_600_800.png,17pabc_2cols_20211228_164107_6144874154_600_800_mask.png,Strength
5,1,10,2,177,543,187,545,177,543,187,543,187,545,177,545,text,figure_text,figure_0,,,,17pabc_2cols_20211228_164107_6144874154_600_800.png,/scratch/parceirosbr/bigoilict/share/BigOil/document_generator/datasets/documents_2021_12_28/17pabc_2cols_20211228_164107_6144874154_600_800.png,17pabc_2cols_20211228_164107_6144874154_600_800_mask.png,-4450%
5,1,10,2,177,543,187,545,177,543,187,543,187,545,177,545,sub_line_text,figure_text,figure_0,,,,17pabc_2cols_20211228_164107_6144874154_600_800.png,/scratch/parceirosbr/bigoilict/share/BigOil/document_generator/datasets/documents_2021_12_28/17pabc_2cols_20211228_164107_6144874154_600_800.png,17pabc_2cols_20211228_164107_6144874154_600_800_mask.png,-4450%
7,1,14,3,195,492,209,495,195,492,209,492,209,495,195,495,text,figure_text,figure_0,,,,17pabc_2cols_20211228_164107_6144874154_600_800.png,/scratch/parceirosbr/bigoilict/share/BigOil/document_generator/datasets/documents_2021_12_28/17pabc_2cols_20211228_164107_6144874154_600_800.png,17pabc_2cols_20211228_164107_6144874154_600_800_mask.png,Numbers 
7,1,14,3,195,492,209,495,195,492,209,492,209,495,195,495,sub_line_text,figure_text,figure_0,,,,17pabc_2cols_20211228_164107_6144874154_600_800.png,/scratch/parceirosbr/bigoilict/share/BigOil/document_generator/datasets/documents_2021_12_28/17pabc_2cols_20211228_164107_6144874154_600_800.png,17pabc_2cols_20211228_164107_6144874154_600_800_mask.png,Numbers 
5,1,10,2,159,483,169,485,159,483,169,483,169,485,159,485,text,figure_text,figure_0,,,,17pabc_2cols_20211228_164107_6144874154_600_800.png,/scratch/parceirosbr/bigoilict/share/BigOil/document_generator/datasets/documents_2021_12_28/17pabc_2cols_20211228_164107_6144874154_600_800.png,17pabc_2cols_20211228_164107_6144874154_600_800_mask.png,416.83
5,1,10,2,159,483,169,485,159,483,169,483,169,485,159,485,sub_line_text,figure_text,figure_0,,,,17pabc_2cols_20211228_164107_6144874154_600_800.png,/scratch/parceirosbr/bigoilict/share/BigOil/document_generator/datasets/documents_2021_12_28/17pabc_2cols_20211228_164107_6144874154_600_800.png,17pabc_2cols_20211228_164107_6144874154_600_800_mask.png,416.83
77,4,155,8,75,561,230,569,75,561,230,561,230,569,75,569,sub_line_text,figure_legend,figure_0,raleway,bolditalic,7,17pabc_2cols_20211228_164107_6144874154_600_800.png,/scratch/parceirosbr/bigoilict/share/BigOil/document_generator/datasets/documents_2021_12_28/17pabc_2cols_20211228_164107_6144874154_600_800.png,17pabc_2cols_20211228_164107_6144874154_600_800_mask.png,"Figura    135:      Além   dis-so,   explicitou   sua"
77,4,155,8,75,571,230,579,75,571,230,571,230,579,75,579,sub_line_text,figure_legend,figure_0,raleway,bolditalic,7,17pabc_2cols_20211228_164107_6144874154_600_800.png,/scratch/parceirosbr/bigoilict/share/BigOil/document_generator/datasets/documents_2021_12_28/17pabc_2cols_20211228_164107_6144874154_600_800.png,17pabc_2cols_20211228_164107_6144874154_600_800_mask.png,visão    contrária    à    concessão    de   subsíd-
55,4,111,8,75,581,186,589,75,581,186,581,186,589,75,589,sub_line_text,figure_legend,figure_0,raleway,bolditalic,7,17pabc_2cols_20211228_164107_6144874154_600_800.png,/scratch/parceirosbr/bigoilict/share/BigOil/document_generator/datasets/documents_2021_12_28/17pabc_2cols_20211228_164107_6144874154_600_800.png,17pabc_2cols_20211228_164107_6144874154_600_800_mask.png,ios para as fontes alternativas de
77,14,155,28,75,561,230,589,75,561,230,561,230,589,75,589,text,figure_legend,figure_0,raleway,bolditalic,7,17pabc_2cols_20211228_164107_6144874154_600_800.png,/scratch/parceirosbr/bigoilict/share/BigOil/document_generator/datasets/documents_2021_12_28/17pabc_2cols_20211228_164107_6144874154_600_800.png,17pabc_2cols_20211228_164107_6144874154_600_800_mask.png,nan
81,5,162,10,89,592,251,602,89,592,251,592,251,602,89,602,sub_line_text,text,text_2,raleway,regular,8,17pabc_2cols_20211228_164107_6144874154_600_800.png,/scratch/parceirosbr/bigoilict/share/BigOil/document_generator/datasets/documents_2021_12_28/17pabc_2cols_20211228_164107_6144874154_600_800.png,17pabc_2cols_20211228_164107_6144874154_600_800_mask.png,"Primeiro,  propôs-se  que  a fosse obrigada"
88,5,176,10,75,604,251,614,75,604,251,604,251,614,75,614,sub_line_text,text,text_2,raleway,regular,8,17pabc_2cols_20211228_164107_6144874154_600_800.png,/scratch/parceirosbr/bigoilict/share/BigOil/document_generator/datasets/documents_2021_12_28/17pabc_2cols_20211228_164107_6144874154_600_800.png,17pabc_2cols_20211228_164107_6144874154_600_800_mask.png,a  publicar  uma  tabela  de preços que variasse
82,5,165,10,75,616,240,626,75,616,240,616,240,626,75,626,sub_line_text,text,text_2,raleway,regular,8,17pabc_2cols_20211228_164107_6144874154_600_800.png,/scratch/parceirosbr/bigoilict/share/BigOil/document_generator/datasets/documents_2021_12_28/17pabc_2cols_20211228_164107_6144874154_600_800.png,17pabc_2cols_20211228_164107_6144874154_600_800_mask.png,"de acordo com o volume, fator de carga e ti."
88,17,176,34,75,592,251,626,75,592,251,592,251,626,75,626,text,text,text_2,raleway,regular,8,17pabc_2cols_20211228_164107_6144874154_600_800.png,/scratch/parceirosbr/bigoilict/share/BigOil/document_generator/datasets/documents_2021_12_28/17pabc_2cols_20211228_164107_6144874154_600_800.png,17pabc_2cols_20211228_164107_6144874154_600_800_mask.png,nan
77,5,154,10,89,629,243,639,89,629,243,629,243,639,89,639,sub_line_text,text,text_3,raleway,regular,8,17pabc_2cols_20211228_164107_6144874154_600_800.png,/scratch/parceirosbr/bigoilict/share/BigOil/document_generator/datasets/documents_2021_12_28/17pabc_2cols_20211228_164107_6144874154_600_800.png,17pabc_2cols_20211228_164107_6144874154_600_800_mask.png,O trabalho apresenta algumas correlaçõ-.
77,5,154,10,89,629,243,639,89,629,243,629,243,639,89,639,text,text,text_3,raleway,regular,8,17pabc_2cols_20211228_164107_6144874154_600_800.png,/scratch/parceirosbr/bigoilict/share/BigOil/document_generator/datasets/documents_2021_12_28/17pabc_2cols_20211228_164107_6144874154_600_800.png,17pabc_2cols_20211228_164107_6144874154_600_800_mask.png,nan
80,5,161,10,293,172,454,182,293,172,454,172,454,182,293,182,sub_line_text,text,text_4,raleway,regular,8,17pabc_2cols_20211228_164107_6144874154_600_800.png,/scratch/parceirosbr/bigoilict/share/BigOil/document_generator/datasets/documents_2021_12_28/17pabc_2cols_20211228_164107_6144874154_600_800.png,17pabc_2cols_20211228_164107_6144874154_600_800_mask.png,"Com  o aumento do teor de fósforo, há um"
87,5,175,10,279,184,454,194,279,184,454,184,454,194,279,194,sub_line_text,text,text_4,raleway,regular,8,17pabc_2cols_20211228_164107_6144874154_600_800.png,/scratch/parceirosbr/bigoilict/share/BigOil/document_generator/datasets/documents_2021_12_28/17pabc_2cols_20211228_164107_6144874154_600_800.png,17pabc_2cols_20211228_164107_6144874154_600_800_mask.png,deslocamento  dos  picos  da região de 600-6-
87,5,175,10,279,196,454,206,279,196,454,196,454,206,279,206,sub_line_text,text,text_4,raleway,regular,8,17pabc_2cols_20211228_164107_6144874154_600_800.png,/scratch/parceirosbr/bigoilict/share/BigOil/document_generator/datasets/documents_2021_12_28/17pabc_2cols_20211228_164107_6144874154_600_800.png,17pabc_2cols_20211228_164107_6144874154_600_800_mask.png,"50  nm  para  a  região  de 700-720 nm, indican-"
88,5,176,10,279,208,455,218,279,208,455,208,455,218,279,218,sub_line_text,text,text_4,raleway,regular,8,17pabc_2cols_20211228_164107_6144874154_600_800.png,/scratch/parceirosbr/bigoilict/share/BigOil/document_generator/datasets/documents_2021_12_28/17pabc_2cols_20211228_164107_6144874154_600_800.png,17pabc_2cols_20211228_164107_6144874154_600_800_mask.png,do  a  formação  de  com coordenação octaédr-
88,5,176,10,279,220,455,230,279,220,455,220,455,230,279,230,sub_line_text,text,text_4,raleway,regular,8,17pabc_2cols_20211228_164107_6144874154_600_800.png,/scratch/parceirosbr/bigoilict/share/BigOil/document_generator/datasets/documents_2021_12_28/17pabc_2cols_20211228_164107_6144874154_600_800.png,17pabc_2cols_20211228_164107_6144874154_600_800_mask.png,ica.  Refi  naria:  instalação industrial que manu-
87,5,175,10,279,232,454,242,279,232,454,232,454,242,279,242,sub_line_text,text,text_4,raleway,regular,8,17pabc_2cols_20211228_164107_6144874154_600_800.png,/scratch/parceirosbr/bigoilict/share/BigOil/document_generator/datasets/documents_2021_12_28/17pabc_2cols_20211228_164107_6144874154_600_800.png,17pabc_2cols_20211228_164107_6144874154_600_800_mask.png,"fatura produtos acabados a partir de petróleo,."
88,35,176,70,279,172,455,242,279,172,455,172,455,242,279,242,text,text,text_4,raleway,regular,8,17pabc_2cols_20211228_164107_6144874154_600_800.png,/scratch/parceirosbr/bigoilict/share/BigOil/document_generator/datasets/documents_2021_12_28/17pabc_2cols_20211228_164107_6144874154_600_800.png,17pabc_2cols_20211228_164107_6144874154_600_800_mask.png,nan
75,75,151,151,293,245,444,396,293,245,444,245,444,396,293,396,image,figure_image,figure_1,,,,17pabc_2cols_20211228_164107_6144874154_600_800.png,/scratch/parceirosbr/bigoilict/share/BigOil/document_generator/datasets/documents_2021_12_28/17pabc_2cols_20211228_164107_6144874154_600_800.png,17pabc_2cols_20211228_164107_6144874154_600_800_mask.png,output/gen_img_20211228_164113_1806728423.png
14,3,28,7,381,291,409,298,381,292,409,291,409,297,381,298,text,figure_text,figure_1,,,,17pabc_2cols_20211228_164107_6144874154_600_800.png,/scratch/parceirosbr/bigoilict/share/BigOil/document_generator/datasets/documents_2021_12_28/17pabc_2cols_20211228_164107_6144874154_600_800.png,17pabc_2cols_20211228_164107_6144874154_600_800_mask.png,-5836.0%
14,3,28,7,381,291,409,298,381,292,409,291,409,297,381,298,sub_line_text,figure_text,figure_1,,,,17pabc_2cols_20211228_164107_6144874154_600_800.png,/scratch/parceirosbr/bigoilict/share/BigOil/document_generator/datasets/documents_2021_12_28/17pabc_2cols_20211228_164107_6144874154_600_800.png,17pabc_2cols_20211228_164107_6144874154_600_800_mask.png,-5836.0%
9,4,18,9,343,328,361,337,343,331,360,328,361,334,344,337,text,figure_text,figure_1,,,,17pabc_2cols_20211228_164107_6144874154_600_800.png,/scratch/parceirosbr/bigoilict/share/BigOil/document_generator/datasets/documents_2021_12_28/17pabc_2cols_20211228_164107_6144874154_600_800.png,17pabc_2cols_20211228_164107_6144874154_600_800_mask.png,-2495
9,4,18,9,343,328,361,337,343,331,360,328,361,334,344,337,sub_line_text,figure_text,figure_1,,,,17pabc_2cols_20211228_164107_6144874154_600_800.png,/scratch/parceirosbr/bigoilict/share/BigOil/document_generator/datasets/documents_2021_12_28/17pabc_2cols_20211228_164107_6144874154_600_800.png,17pabc_2cols_20211228_164107_6144874154_600_800_mask.png,-2495
10,3,20,6,315,305,335,311,315,305,335,305,335,311,314,311,text,figure_text,figure_1,,,,17pabc_2cols_20211228_164107_6144874154_600_800.png,/scratch/parceirosbr/bigoilict/share/BigOil/document_generator/datasets/documents_2021_12_28/17pabc_2cols_20211228_164107_6144874154_600_800.png,17pabc_2cols_20211228_164107_6144874154_600_800_mask.png,Detour
10,3,20,6,315,305,335,311,315,305,335,305,335,311,314,311,sub_line_text,figure_text,figure_1,,,,17pabc_2cols_20211228_164107_6144874154_600_800.png,/scratch/parceirosbr/bigoilict/share/BigOil/document_generator/datasets/documents_2021_12_28/17pabc_2cols_20211228_164107_6144874154_600_800.png,17pabc_2cols_20211228_164107_6144874154_600_800_mask.png,Detour
8,3,16,7,422,246,438,253,422,247,438,246,438,252,422,253,text,figure_text,figure_1,,,,17pabc_2cols_20211228_164107_6144874154_600_800.png,/scratch/parceirosbr/bigoilict/share/BigOil/document_generator/datasets/documents_2021_12_28/17pabc_2cols_20211228_164107_6144874154_600_800.png,17pabc_2cols_20211228_164107_6144874154_600_800_mask.png,796.0
8,3,16,7,422,246,438,253,422,247,438,246,438,252,422,253,sub_line_text,figure_text,figure_1,,,,17pabc_2cols_20211228_164107_6144874154_600_800.png,/scratch/parceirosbr/bigoilict/share/BigOil/document_generator/datasets/documents_2021_12_28/17pabc_2cols_20211228_164107_6144874154_600_800.png,17pabc_2cols_20211228_164107_6144874154_600_800_mask.png,796.0
8,3,17,7,372,261,389,268,372,262,389,261,389,267,373,268,text,figure_text,figure_1,,,,17pabc_2cols_20211228_164107_6144874154_600_800.png,/scratch/parceirosbr/bigoilict/share/BigOil/document_generator/datasets/documents_2021_12_28/17pabc_2cols_20211228_164107_6144874154_600_800.png,17pabc_2cols_20211228_164107_6144874154_600_800_mask.png,952%
8,3,17,7,372,261,389,268,372,262,389,261,389,267,373,268,sub_line_text,figure_text,figure_1,,,,17pabc_2cols_20211228_164107_6144874154_600_800.png,/scratch/parceirosbr/bigoilict/share/BigOil/document_generator/datasets/documents_2021_12_28/17pabc_2cols_20211228_164107_6144874154_600_800.png,17pabc_2cols_20211228_164107_6144874154_600_800_mask.png,952%
11,1,22,2,340,286,362,288,340,281,363,286,362,293,339,288,text,figure_text,figure_1,,,,17pabc_2cols_20211228_164107_6144874154_600_800.png,/scratch/parceirosbr/bigoilict/share/BigOil/document_generator/datasets/documents_2021_12_28/17pabc_2cols_20211228_164107_6144874154_600_800.png,17pabc_2cols_20211228_164107_6144874154_600_800_mask.png,Loading
11,1,22,2,340,286,362,288,340,281,363,286,362,293,339,288,sub_line_text,figure_text,figure_1,,,,17pabc_2cols_20211228_164107_6144874154_600_800.png,/scratch/parceirosbr/bigoilict/share/BigOil/document_generator/datasets/documents_2021_12_28/17pabc_2cols_20211228_164107_6144874154_600_800.png,17pabc_2cols_20211228_164107_6144874154_600_800_mask.png,Loading
11,3,23,6,384,274,407,280,384,274,407,274,407,280,384,280,text,figure_text,figure_1,,,,17pabc_2cols_20211228_164107_6144874154_600_800.png,/scratch/parceirosbr/bigoilict/share/BigOil/document_generator/datasets/documents_2021_12_28/17pabc_2cols_20211228_164107_6144874154_600_800.png,17pabc_2cols_20211228_164107_6144874154_600_800_mask.png,-3597%
11,3,23,6,384,274,407,280,384,274,407,274,407,280,384,280,sub_line_text,figure_text,figure_1,,,,17pabc_2cols_20211228_164107_6144874154_600_800.png,/scratch/parceirosbr/bigoilict/share/BigOil/document_generator/datasets/documents_2021_12_28/17pabc_2cols_20211228_164107_6144874154_600_800.png,17pabc_2cols_20211228_164107_6144874154_600_800_mask.png,-3597%
13,4,27,9,363,354,390,363,363,357,389,354,390,360,364,363,text,figure_text,figure_1,,,,17pabc_2cols_20211228_164107_6144874154_600_800.png,/scratch/parceirosbr/bigoilict/share/BigOil/document_generator/datasets/documents_2021_12_28/17pabc_2cols_20211228_164107_6144874154_600_800.png,17pabc_2cols_20211228_164107_6144874154_600_800_mask.png,-2125.41
13,4,27,9,363,354,390,363,363,357,389,354,390,360,364,363,sub_line_text,figure_text,figure_1,,,,17pabc_2cols_20211228_164107_6144874154_600_800.png,/scratch/parceirosbr/bigoilict/share/BigOil/document_generator/datasets/documents_2021_12_28/17pabc_2cols_20211228_164107_6144874154_600_800.png,17pabc_2cols_20211228_164107_6144874154_600_800_mask.png,-2125.41
10,2,21,4,302,247,323,251,302,245,323,247,323,253,301,251,text,figure_text,figure_1,,,,17pabc_2cols_20211228_164107_6144874154_600_800.png,/scratch/parceirosbr/bigoilict/share/BigOil/document_generator/datasets/documents_2021_12_28/17pabc_2cols_20211228_164107_6144874154_600_800.png,17pabc_2cols_20211228_164107_6144874154_600_800_mask.png,Mixture
10,2,21,4,302,247,323,251,302,245,323,247,323,253,301,251,sub_line_text,figure_text,figure_1,,,,17pabc_2cols_20211228_164107_6144874154_600_800.png,/scratch/parceirosbr/bigoilict/share/BigOil/document_generator/datasets/documents_2021_12_28/17pabc_2cols_20211228_164107_6144874154_600_800.png,17pabc_2cols_20211228_164107_6144874154_600_800_mask.png,Mixture
11,1,22,3,318,359,340,362,318,356,341,359,340,365,317,362,text,figure_text,figure_1,,,,17pabc_2cols_20211228_164107_6144874154_600_800.png,/scratch/parceirosbr/bigoilict/share/BigOil/document_generator/datasets/documents_2021_12_28/17pabc_2cols_20211228_164107_6144874154_600_800.png,17pabc_2cols_20211228_164107_6144874154_600_800_mask.png,-3856%
11,1,22,3,318,359,340,362,318,356,341,359,340,365,317,362,sub_line_text,figure_text,figure_1,,,,17pabc_2cols_20211228_164107_6144874154_600_800.png,/scratch/parceirosbr/bigoilict/share/BigOil/document_generator/datasets/documents_2021_12_28/17pabc_2cols_20211228_164107_6144874154_600_800.png,17pabc_2cols_20211228_164107_6144874154_600_800_mask.png,-3856%
14,1,29,2,318,263,347,265,318,259,348,263,347,269,317,265,text,figure_text,figure_1,,,,17pabc_2cols_20211228_164107_6144874154_600_800.png,/scratch/parceirosbr/bigoilict/share/BigOil/document_generator/datasets/documents_2021_12_28/17pabc_2cols_20211228_164107_6144874154_600_800.png,17pabc_2cols_20211228_164107_6144874154_600_800_mask.png,-9719.626
14,1,29,2,318,263,347,265,318,259,348,263,347,269,317,265,sub_line_text,figure_text,figure_1,,,,17pabc_2cols_20211228_164107_6144874154_600_800.png,/scratch/parceirosbr/bigoilict/share/BigOil/document_generator/datasets/documents_2021_12_28/17pabc_2cols_20211228_164107_6144874154_600_800.png,17pabc_2cols_20211228_164107_6144874154_600_800_mask.png,-9719.626
15,7,31,14,384,316,415,330,384,323,413,316,415,324,386,330,text,figure_text,figure_1,,,,17pabc_2cols_20211228_164107_6144874154_600_800.png,/scratch/parceirosbr/bigoilict/share/BigOil/document_generator/datasets/documents_2021_12_28/17pabc_2cols_20211228_164107_6144874154_600_800.png,17pabc_2cols_20211228_164107_6144874154_600_800_mask.png,Data [MB]
15,7,31,14,384,316,415,330,384,323,413,316,415,324,386,330,sub_line_text,figure_text,figure_1,,,,17pabc_2cols_20211228_164107_6144874154_600_800.png,/scratch/parceirosbr/bigoilict/share/BigOil/document_generator/datasets/documents_2021_12_28/17pabc_2cols_20211228_164107_6144874154_600_800.png,17pabc_2cols_20211228_164107_6144874154_600_800_mask.png,Data [MB]
24,6,49,12,330,315,379,327,330,319,378,315,379,323,330,327,text,figure_text,figure_1,,,,17pabc_2cols_20211228_164107_6144874154_600_800.png,/scratch/parceirosbr/bigoilict/share/BigOil/document_generator/datasets/documents_2021_12_28/17pabc_2cols_20211228_164107_6144874154_600_800.png,17pabc_2cols_20211228_164107_6144874154_600_800_mask.png,Processing (GB)
24,6,49,12,330,315,379,327,330,319,378,315,379,323,330,327,sub_line_text,figure_text,figure_1,,,,17pabc_2cols_20211228_164107_6144874154_600_800.png,/scratch/parceirosbr/bigoilict/share/BigOil/document_generator/datasets/documents_2021_12_28/17pabc_2cols_20211228_164107_6144874154_600_800.png,17pabc_2cols_20211228_164107_6144874154_600_800_mask.png,Processing (GB)
79,4,158,8,279,401,437,409,279,401,437,401,437,409,279,409,sub_line_text,figure_legend,figure_1,raleway,bolditalic,7,17pabc_2cols_20211228_164107_6144874154_600_800.png,/scratch/parceirosbr/bigoilict/share/BigOil/document_generator/datasets/documents_2021_12_28/17pabc_2cols_20211228_164107_6144874154_600_800.png,17pabc_2cols_20211228_164107_6144874154_600_800_mask.png,Fig.   27:      Gráfi   co   2.10:   da   obrigação   d-
78,4,157,8,279,411,436,419,279,411,436,411,436,419,279,419,sub_line_text,figure_legend,figure_1,raleway,bolditalic,7,17pabc_2cols_20211228_164107_6144874154_600_800.png,/scratch/parceirosbr/bigoilict/share/BigOil/document_generator/datasets/documents_2021_12_28/17pabc_2cols_20211228_164107_6144874154_600_800.png,17pabc_2cols_20211228_164107_6144874154_600_800_mask.png,os     investimentos     em     e    2001-2010seõhli
78,4,157,8,279,421,436,429,279,421,436,421,436,429,279,429,sub_line_text,figure_legend,figure_1,raleway,bolditalic,7,17pabc_2cols_20211228_164107_6144874154_600_800.png,/scratch/parceirosbr/bigoilict/share/BigOil/document_generator/datasets/documents_2021_12_28/17pabc_2cols_20211228_164107_6144874154_600_800.png,17pabc_2cols_20211228_164107_6144874154_600_800_mask.png,m$.    Foram    utilizados   128   de   número   de
53,4,106,8,279,431,385,439,279,431,385,431,385,439,279,439,sub_line_text,figure_legend,figure_1,raleway,bolditalic,7,17pabc_2cols_20211228_164107_6144874154_600_800.png,/scratch/parceirosbr/bigoilict/share/BigOil/document_generator/datasets/documents_2021_12_28/17pabc_2cols_20211228_164107_6144874154_600_800.png,17pabc_2cols_20211228_164107_6144874154_600_800_mask.png,"acumulações (scans), o espectro"
79,19,158,38,279,401,437,439,279,401,437,401,437,439,279,439,text,figure_legend,figure_1,raleway,bolditalic,7,17pabc_2cols_20211228_164107_6144874154_600_800.png,/scratch/parceirosbr/bigoilict/share/BigOil/document_generator/datasets/documents_2021_12_28/17pabc_2cols_20211228_164107_6144874154_600_800.png,17pabc_2cols_20211228_164107_6144874154_600_800_mask.png,nan
89,35,179,70,279,442,458,512,279,442,458,442,458,512,279,512,list,list,list_1,raleway,raleway,8,17pabc_2cols_20211228_164107_6144874154_600_800.png,/scratch/parceirosbr/bigoilict/share/BigOil/document_generator/datasets/documents_2021_12_28/17pabc_2cols_20211228_164107_6144874154_600_800.png,17pabc_2cols_20211228_164107_6144874154_600_800_mask.png,
89,5,179,10,279,442,458,452,279,442,458,442,458,452,279,452,sub_line_text,list,list_1,raleway,regular,8,17pabc_2cols_20211228_164107_6144874154_600_800.png,/scratch/parceirosbr/bigoilict/share/BigOil/document_generator/datasets/documents_2021_12_28/17pabc_2cols_20211228_164107_6144874154_600_800.png,17pabc_2cols_20211228_164107_6144874154_600_800_mask.png,-  A  tendência  da  falta  de fusão foi constatada
86,5,172,10,286,454,458,464,286,454,458,454,458,464,286,464,sub_line_text,list,list_1,raleway,regular,8,17pabc_2cols_20211228_164107_6144874154_600_800.png,/scratch/parceirosbr/bigoilict/share/BigOil/document_generator/datasets/documents_2021_12_28/17pabc_2cols_20211228_164107_6144874154_600_800.png,17pabc_2cols_20211228_164107_6144874154_600_800_mask.png,nos  resultados  das  soldas com a versão para
18,5,36,10,286,466,322,476,286,466,322,466,322,476,286,476,sub_line_text,list,list_1,raleway,regular,8,17pabc_2cols_20211228_164107_6144874154_600_800.png,/scratch/parceirosbr/bigoilict/share/BigOil/document_generator/datasets/documents_2021_12_28/17pabc_2cols_20211228_164107_6144874154_600_800.png,17pabc_2cols_20211228_164107_6144874154_600_800_mask.png,o chanfro
89,5,179,10,279,478,458,488,279,478,458,478,458,488,279,488,sub_line_text,list,list_1,raleway,regular,8,17pabc_2cols_20211228_164107_6144874154_600_800.png,/scratch/parceirosbr/bigoilict/share/BigOil/document_generator/datasets/documents_2021_12_28/17pabc_2cols_20211228_164107_6144874154_600_800.png,17pabc_2cols_20211228_164107_6144874154_600_800_mask.png,-  Aos   meus   colegas  de  turma  e  a  todos  os
85,5,171,10,286,490,457,500,286,490,457,490,457,500,286,500,sub_line_text,list,list_1,raleway,regular,8,17pabc_2cols_20211228_164107_6144874154_600_800.png,/scratch/parceirosbr/bigoilict/share/BigOil/document_generator/datasets/documents_2021_12_28/17pabc_2cols_20211228_164107_6144874154_600_800.png,17pabc_2cols_20211228_164107_6144874154_600_800_mask.png,profissionais  do  curso  de. Aplicações típicas
60,5,121,10,286,502,407,512,286,502,407,502,407,512,286,512,sub_line_text,list,list_1,raleway,regular,8,17pabc_2cols_20211228_164107_6144874154_600_800.png,/scratch/parceirosbr/bigoilict/share/BigOil/document_generator/datasets/documents_2021_12_28/17pabc_2cols_20211228_164107_6144874154_600_800.png,17pabc_2cols_20211228_164107_6144874154_600_800_mask.png,"são: sedimentação, separadores"
80,5,161,10,293,515,454,525,293,515,454,515,454,525,293,525,sub_line_text,text,text_5,raleway,regular,8,17pabc_2cols_20211228_164107_6144874154_600_800.png,/scratch/parceirosbr/bigoilict/share/BigOil/document_generator/datasets/documents_2021_12_28/17pabc_2cols_20211228_164107_6144874154_600_800.png,17pabc_2cols_20211228_164107_6144874154_600_800_mask.png,Oferecer  serviços  de  engenharia  e  soft-
88,5,176,10,279,527,455,537,279,527,455,527,455,537,279,537,sub_line_text,text,text_5,raleway,regular,8,17pabc_2cols_20211228_164107_6144874154_600_800.png,/scratch/parceirosbr/bigoilict/share/BigOil/document_generator/datasets/documents_2021_12_28/17pabc_2cols_20211228_164107_6144874154_600_800.png,17pabc_2cols_20211228_164107_6144874154_600_800_mask.png,"ware  baseados  na  excelência  técnica, ética e"
88,5,176,10,279,539,455,549,279,539,455,539,455,549,279,549,sub_line_text,text,text_5,raleway,regular,8,17pabc_2cols_20211228_164107_6144874154_600_800.png,/scratch/parceirosbr/bigoilict/share/BigOil/document_generator/datasets/documents_2021_12_28/17pabc_2cols_20211228_164107_6144874154_600_800.png,17pabc_2cols_20211228_164107_6144874154_600_800_mask.png,"independência   tecnológica,  ampliando  os  v-"
88,5,176,10,279,551,455,561,279,551,455,551,455,561,279,561,sub_line_text,text,text_5,raleway,regular,8,17pabc_2cols_20211228_164107_6144874154_600_800.png,/scratch/parceirosbr/bigoilict/share/BigOil/document_generator/datasets/documents_2021_12_28/17pabc_2cols_20211228_164107_6144874154_600_800.png,17pabc_2cols_20211228_164107_6144874154_600_800_mask.png,"alores   gerados  para  clientes,  funcionários  e"
88,5,176,10,279,563,455,573,279,563,455,563,455,573,279,573,sub_line_text,text,text_5,raleway,regular,8,17pabc_2cols_20211228_164107_6144874154_600_800.png,/scratch/parceirosbr/bigoilict/share/BigOil/document_generator/datasets/documents_2021_12_28/17pabc_2cols_20211228_164107_6144874154_600_800.png,17pabc_2cols_20211228_164107_6144874154_600_800_mask.png,"sócios,  mantendo  compromissos  de longo p-"
87,5,175,10,279,575,454,585,279,575,454,575,454,585,279,585,sub_line_text,text,text_5,raleway,regular,8,17pabc_2cols_20211228_164107_6144874154_600_800.png,/scratch/parceirosbr/bigoilict/share/BigOil/document_generator/datasets/documents_2021_12_28/17pabc_2cols_20211228_164107_6144874154_600_800.png,17pabc_2cols_20211228_164107_6144874154_600_800_mask.png,razo  com  a  sociedade e o meio ambiente. 1.1-
87,5,175,10,279,587,454,597,279,587,454,587,454,597,279,597,sub_line_text,text,text_5,raleway,regular,8,17pabc_2cols_20211228_164107_6144874154_600_800.png,/scratch/parceirosbr/bigoilict/share/BigOil/document_generator/datasets/documents_2021_12_28/17pabc_2cols_20211228_164107_6144874154_600_800.png,17pabc_2cols_20211228_164107_6144874154_600_800_mask.png,".4..  Nesse  caso,  27,55%  do calor gerado serão"
83,5,166,10,279,599,445,609,279,599,445,599,445,609,279,609,sub_line_text,text,text_5,raleway,regular,8,17pabc_2cols_20211228_164107_6144874154_600_800.png,/scratch/parceirosbr/bigoilict/share/BigOil/document_generator/datasets/documents_2021_12_28/17pabc_2cols_20211228_164107_6144874154_600_800.png,17pabc_2cols_20211228_164107_6144874154_600_800_mask.png,"por meio de energia solar, ou seja, há uma r."
88,47,176,94,279,515,455,609,279,515,455,515,455,609,279,609,text,text,text_5,raleway,regular,8,17pabc_2cols_20211228_164107_6144874154_600_800.png,/scratch/parceirosbr/bigoilict/share/BigOil/document_generator/datasets/documents_2021_12_28/17pabc_2cols_20211228_164107_6144874154_600_800.png,17pabc_2cols_20211228_164107_6144874154_600_800_mask.png,nan
80,5,161,10,293,612,454,622,293,612,454,612,454,622,293,622,sub_line_text,text,text_6,raleway,regular,8,17pabc_2cols_20211228_164107_6144874154_600_800.png,/scratch/parceirosbr/bigoilict/share/BigOil/document_generator/datasets/documents_2021_12_28/17pabc_2cols_20211228_164107_6144874154_600_800.png,17pabc_2cols_20211228_164107_6144874154_600_800_mask.png,Na  28  está  apresentada uma das imagens
85,5,170,10,279,624,449,634,279,624,449,624,449,634,279,634,sub_line_text,text,text_6,raleway,regular,8,17pabc_2cols_20211228_164107_6144874154_600_800.png,/scratch/parceirosbr/bigoilict/share/BigOil/document_generator/datasets/documents_2021_12_28/17pabc_2cols_20211228_164107_6144874154_600_800.png,17pabc_2cols_20211228_164107_6144874154_600_800_mask.png,"analisadas e a distinção entre as fases, a qual."
87,11,175,22,279,612,454,634,279,612,454,612,454,634,279,634,text,text,text_6,raleway,regular,8,17pabc_2cols_20211228_164107_6144874154_600_800.png,/scratch/parceirosbr/bigoilict/share/BigOil/document_generator/datasets/documents_2021_12_28/17pabc_2cols_20211228_164107_6144874154_600_800.png,17pabc_2cols_20211228_164107_6144874154_600_800_mask.png,nan
