center_x,center_y,width,height,xmin,ymin,xmax,ymax,top_left_x,top_left_y,top_right_x,top_right_y,bottom_right_x,bottom_right_y,bottom_left_x,bottom_left_y,label,grouplabel,group,text_font,text_style,size_font,filename,path,filename_mask,content
300,400,600,800,0,0,600,800,0,0,600,0,600,800,0,800,document,,,,,,17pabc_2cols_20211228_164100_2461085179_600_800.png,/scratch/parceirosbr/bigoilict/share/BigOil/document_generator/datasets/documents_2021_12_28/17pabc_2cols_20211228_164100_2461085179_600_800.png,17pabc_2cols_20211228_164100_2461085179_600_800_mask.png,
4,4,8,8,51,39,59,47,51,39,59,39,59,47,51,47,sub_line_text,numpag,header_1,arial,regular,7,17pabc_2cols_20211228_164100_2461085179_600_800.png,/scratch/parceirosbr/bigoilict/share/BigOil/document_generator/datasets/documents_2021_12_28/17pabc_2cols_20211228_164100_2461085179_600_800.png,17pabc_2cols_20211228_164100_2461085179_600_800_mask.png,54
4,4,8,8,51,39,59,47,51,39,59,39,59,47,51,47,text,numpag,header_1,arial,regular,7,17pabc_2cols_20211228_164100_2461085179_600_800.png,/scratch/parceirosbr/bigoilict/share/BigOil/document_generator/datasets/documents_2021_12_28/17pabc_2cols_20211228_164100_2461085179_600_800.png,17pabc_2cols_20211228_164100_2461085179_600_800_mask.png,nan
4,4,9,8,546,39,555,47,546,39,555,39,555,47,546,47,sub_line_text,header,header_1,arial,regular,7,17pabc_2cols_20211228_164100_2461085179_600_800.png,/scratch/parceirosbr/bigoilict/share/BigOil/document_generator/datasets/documents_2021_12_28/17pabc_2cols_20211228_164100_2461085179_600_800.png,17pabc_2cols_20211228_164100_2461085179_600_800_mask.png,Os
4,4,9,8,546,39,555,47,546,39,555,39,555,47,546,47,text,header,header_1,arial,regular,7,17pabc_2cols_20211228_164100_2461085179_600_800.png,/scratch/parceirosbr/bigoilict/share/BigOil/document_generator/datasets/documents_2021_12_28/17pabc_2cols_20211228_164100_2461085179_600_800.png,17pabc_2cols_20211228_164100_2461085179_600_800_mask.png,nan
252,1,505,2,51,46,556,48,51,46,556,46,556,48,51,48,line,line,line,,,,17pabc_2cols_20211228_164100_2461085179_600_800.png,/scratch/parceirosbr/bigoilict/share/BigOil/document_generator/datasets/documents_2021_12_28/17pabc_2cols_20211228_164100_2461085179_600_800.png,17pabc_2cols_20211228_164100_2461085179_600_800_mask.png,nan
29,6,59,12,140,50,199,62,140,50,199,50,199,62,140,62,sub_line_text,subtitle,subtitle_0,arial,bolditalic,10,17pabc_2cols_20211228_164100_2461085179_600_800.png,/scratch/parceirosbr/bigoilict/share/BigOil/document_generator/datasets/documents_2021_12_28/17pabc_2cols_20211228_164100_2461085179_600_800.png,17pabc_2cols_20211228_164100_2461085179_600_800_mask.png,"Além disso,"
29,6,59,12,140,50,199,62,140,50,199,50,199,62,140,62,title,subtitle,subtitle_0,arial,bolditalic,10,17pabc_2cols_20211228_164100_2461085179_600_800.png,/scratch/parceirosbr/bigoilict/share/BigOil/document_generator/datasets/documents_2021_12_28/17pabc_2cols_20211228_164100_2461085179_600_800.png,17pabc_2cols_20211228_164100_2461085179_600_800_mask.png,nan
102,4,205,8,81,64,286,72,81,64,286,64,286,72,81,72,sub_line_text,text,text_0,arial,regular,7,17pabc_2cols_20211228_164100_2461085179_600_800.png,/scratch/parceirosbr/bigoilict/share/BigOil/document_generator/datasets/documents_2021_12_28/17pabc_2cols_20211228_164100_2461085179_600_800.png,17pabc_2cols_20211228_164100_2461085179_600_800_mask.png,Para  se  obter  a  interseção  de  (ou e primeiro a interseção de
117,4,235,8,51,74,286,82,51,74,286,74,286,82,51,82,sub_line_text,text,text_0,arial,regular,7,17pabc_2cols_20211228_164100_2461085179_600_800.png,/scratch/parceirosbr/bigoilict/share/BigOil/document_generator/datasets/documents_2021_12_28/17pabc_2cols_20211228_164100_2461085179_600_800.png,17pabc_2cols_20211228_164100_2461085179_600_800_mask.png,(ou  e  .  Pode-se  verificar  também que o ajuste obtido entre a anomalia
117,4,235,8,51,84,286,92,51,84,286,84,286,92,51,92,sub_line_text,text,text_0,arial,regular,7,17pabc_2cols_20211228_164100_2461085179_600_800.png,/scratch/parceirosbr/bigoilict/share/BigOil/document_generator/datasets/documents_2021_12_28/17pabc_2cols_20211228_164100_2461085179_600_800.png,17pabc_2cols_20211228_164100_2461085179_600_800_mask.png,"observada  e  a  teórica  é adequado para os três ensaios acima, ou sej-"
117,4,235,8,51,94,286,102,51,94,286,94,286,102,51,102,sub_line_text,text,text_0,arial,regular,7,17pabc_2cols_20211228_164100_2461085179_600_800.png,/scratch/parceirosbr/bigoilict/share/BigOil/document_generator/datasets/documents_2021_12_28/17pabc_2cols_20211228_164100_2461085179_600_800.png,17pabc_2cols_20211228_164100_2461085179_600_800_mask.png,"a,  as  três  hipóteses propostas explicam bem os dados sintéticos obs-"
117,4,234,8,51,104,285,112,51,104,285,104,285,112,51,112,sub_line_text,text,text_0,arial,regular,7,17pabc_2cols_20211228_164100_2461085179_600_800.png,/scratch/parceirosbr/bigoilict/share/BigOil/document_generator/datasets/documents_2021_12_28/17pabc_2cols_20211228_164100_2461085179_600_800.png,17pabc_2cols_20211228_164100_2461085179_600_800_mask.png,ervados.  62. Métodos da mecânica estatística permitem a dedução das
117,4,235,8,51,114,286,122,51,114,286,114,286,122,51,122,sub_line_text,text,text_0,arial,regular,7,17pabc_2cols_20211228_164100_2461085179_600_800.png,/scratch/parceirosbr/bigoilict/share/BigOil/document_generator/datasets/documents_2021_12_28/17pabc_2cols_20211228_164100_2461085179_600_800.png,17pabc_2cols_20211228_164100_2461085179_600_800_mask.png,equações  virial  e  fornecem  significado físico para os coeficientes vir-
117,4,235,8,51,124,286,132,51,124,286,124,286,132,51,132,sub_line_text,text,text_0,arial,regular,7,17pabc_2cols_20211228_164100_2461085179_600_800.png,/scratch/parceirosbr/bigoilict/share/BigOil/document_generator/datasets/documents_2021_12_28/17pabc_2cols_20211228_164100_2461085179_600_800.png,17pabc_2cols_20211228_164100_2461085179_600_800_mask.png,"ial.  Na  análise  de  conformidade, para que a amostra seja considerada"
117,4,235,8,51,134,286,142,51,134,286,134,286,142,51,142,sub_line_text,text,text_0,arial,regular,7,17pabc_2cols_20211228_164100_2461085179_600_800.png,/scratch/parceirosbr/bigoilict/share/BigOil/document_generator/datasets/documents_2021_12_28/17pabc_2cols_20211228_164100_2461085179_600_800.png,17pabc_2cols_20211228_164100_2461085179_600_800_mask.png,"não  conforme,  é  suficiente  que  um de seus parâmetros (registro ou q-"
117,4,234,8,51,144,285,152,51,144,285,144,285,152,51,152,sub_line_text,text,text_0,arial,regular,7,17pabc_2cols_20211228_164100_2461085179_600_800.png,/scratch/parceirosbr/bigoilict/share/BigOil/document_generator/datasets/documents_2021_12_28/17pabc_2cols_20211228_164100_2461085179_600_800.png,17pabc_2cols_20211228_164100_2461085179_600_800_mask.png,ualidade)  apresente  uma  não conformidade. Pessoas maravilhosas q-
117,4,234,8,51,154,285,162,51,154,285,154,285,162,51,162,sub_line_text,text,text_0,arial,regular,7,17pabc_2cols_20211228_164100_2461085179_600_800.png,/scratch/parceirosbr/bigoilict/share/BigOil/document_generator/datasets/documents_2021_12_28/17pabc_2cols_20211228_164100_2461085179_600_800.png,17pabc_2cols_20211228_164100_2461085179_600_800_mask.png,ue  tive  a oportunidade de conhecer e que fazem do um ótimo ambiente
115,4,230,8,51,164,281,172,51,164,281,164,281,172,51,172,sub_line_text,text,text_0,arial,regular,7,17pabc_2cols_20211228_164100_2461085179_600_800.png,/scratch/parceirosbr/bigoilict/share/BigOil/document_generator/datasets/documents_2021_12_28/17pabc_2cols_20211228_164100_2461085179_600_800.png,17pabc_2cols_20211228_164100_2461085179_600_800_mask.png,de trabalho. secretária pelo carinho e dedicação a todos os alunos do..
117,54,235,108,51,64,286,172,51,64,286,64,286,172,51,172,text,text,text_0,arial,regular,7,17pabc_2cols_20211228_164100_2461085179_600_800.png,/scratch/parceirosbr/bigoilict/share/BigOil/document_generator/datasets/documents_2021_12_28/17pabc_2cols_20211228_164100_2461085179_600_800.png,17pabc_2cols_20211228_164100_2461085179_600_800_mask.png,nan
33,5,66,11,137,174,203,185,137,174,203,174,203,185,137,185,sub_line_text,subsubtitle,subsubtitle_0,arial,bold,9,17pabc_2cols_20211228_164100_2461085179_600_800.png,/scratch/parceirosbr/bigoilict/share/BigOil/document_generator/datasets/documents_2021_12_28/17pabc_2cols_20211228_164100_2461085179_600_800.png,17pabc_2cols_20211228_164100_2461085179_600_800_mask.png,Temperatura o
33,5,66,11,137,174,203,185,137,174,203,174,203,185,137,185,title,subsubtitle,subsubtitle_0,arial,bold,9,17pabc_2cols_20211228_164100_2461085179_600_800.png,/scratch/parceirosbr/bigoilict/share/BigOil/document_generator/datasets/documents_2021_12_28/17pabc_2cols_20211228_164100_2461085179_600_800.png,17pabc_2cols_20211228_164100_2461085179_600_800_mask.png,nan
102,4,205,8,81,187,286,195,81,187,286,187,286,195,81,195,sub_line_text,text,text_1,arial,regular,7,17pabc_2cols_20211228_164100_2461085179_600_800.png,/scratch/parceirosbr/bigoilict/share/BigOil/document_generator/datasets/documents_2021_12_28/17pabc_2cols_20211228_164100_2461085179_600_800.png,17pabc_2cols_20211228_164100_2461085179_600_800_mask.png,Os  fluxos  de  momentum  e  de  calor  da superfície turbulenta
117,4,235,8,51,197,286,205,51,197,286,197,286,205,51,205,sub_line_text,text,text_1,arial,regular,7,17pabc_2cols_20211228_164100_2461085179_600_800.png,/scratch/parceirosbr/bigoilict/share/BigOil/document_generator/datasets/documents_2021_12_28/17pabc_2cols_20211228_164100_2461085179_600_800.png,17pabc_2cols_20211228_164100_2461085179_600_800_mask.png,são  obtidos  segundo  a formulação de que utilizam a temperatura da s-
117,4,235,8,51,207,286,215,51,207,286,207,286,215,51,215,sub_line_text,text,text_1,arial,regular,7,17pabc_2cols_20211228_164100_2461085179_600_800.png,/scratch/parceirosbr/bigoilict/share/BigOil/document_generator/datasets/documents_2021_12_28/17pabc_2cols_20211228_164100_2461085179_600_800.png,17pabc_2cols_20211228_164100_2461085179_600_800_mask.png,"uperfície  do  ar  a 2 m, a umidade a 2 m, a pressão no nível médio do ar"
117,4,235,8,51,217,286,225,51,217,286,217,286,225,51,225,sub_line_text,text,text_1,arial,regular,7,17pabc_2cols_20211228_164100_2461085179_600_800.png,/scratch/parceirosbr/bigoilict/share/BigOil/document_generator/datasets/documents_2021_12_28/17pabc_2cols_20211228_164100_2461085179_600_800.png,17pabc_2cols_20211228_164100_2461085179_600_800_mask.png,e  as  componentes  zonais e meridionais do vento a 10 m. Estes danos
117,4,235,8,51,227,286,235,51,227,286,227,286,235,51,235,sub_line_text,text,text_1,arial,regular,7,17pabc_2cols_20211228_164100_2461085179_600_800.png,/scratch/parceirosbr/bigoilict/share/BigOil/document_generator/datasets/documents_2021_12_28/17pabc_2cols_20211228_164100_2461085179_600_800.png,17pabc_2cols_20211228_164100_2461085179_600_800_mask.png,"podem  ser  acentuados  dependendo das características locais, poden-"
117,4,235,8,51,237,286,245,51,237,286,237,286,245,51,245,sub_line_text,text,text_1,arial,regular,7,17pabc_2cols_20211228_164100_2461085179_600_800.png,/scratch/parceirosbr/bigoilict/share/BigOil/document_generator/datasets/documents_2021_12_28/17pabc_2cols_20211228_164100_2461085179_600_800.png,17pabc_2cols_20211228_164100_2461085179_600_800_mask.png,"do  o  óleo  permanecer  por  longos  períodos  após o derrame (Kennish,"
117,4,235,8,51,247,286,255,51,247,286,247,286,255,51,255,sub_line_text,text,text_1,arial,regular,7,17pabc_2cols_20211228_164100_2461085179_600_800.png,/scratch/parceirosbr/bigoilict/share/BigOil/document_generator/datasets/documents_2021_12_28/17pabc_2cols_20211228_164100_2461085179_600_800.png,17pabc_2cols_20211228_164100_2461085179_600_800_mask.png,1997).  Fonte:  elaboração  própria.*  2015  translated  into  by the of and.
114,4,229,8,51,257,280,265,51,257,280,257,280,265,51,265,sub_line_text,text,text_1,arial,regular,7,17pabc_2cols_20211228_164100_2461085179_600_800.png,/scratch/parceirosbr/bigoilict/share/BigOil/document_generator/datasets/documents_2021_12_28/17pabc_2cols_20211228_164100_2461085179_600_800.png,17pabc_2cols_20211228_164100_2461085179_600_800_mask.png,Esta quebra causa uma rápida diminuição no valor da viscosidade do.
117,39,235,78,51,187,286,265,51,187,286,187,286,265,51,265,text,text,text_1,arial,regular,7,17pabc_2cols_20211228_164100_2461085179_600_800.png,/scratch/parceirosbr/bigoilict/share/BigOil/document_generator/datasets/documents_2021_12_28/17pabc_2cols_20211228_164100_2461085179_600_800.png,17pabc_2cols_20211228_164100_2461085179_600_800_mask.png,nan
119,59,238,119,51,267,289,386,51,267,289,267,289,386,51,386,image,figure_image,figure_0,,,,17pabc_2cols_20211228_164100_2461085179_600_800.png,/scratch/parceirosbr/bigoilict/share/BigOil/document_generator/datasets/documents_2021_12_28/17pabc_2cols_20211228_164100_2461085179_600_800.png,17pabc_2cols_20211228_164100_2461085179_600_800_mask.png,output/gen_img_20211228_164103_9412941923.png
12,4,24,8,256,328,280,336,256,330,279,328,280,333,257,336,text,figure_text,figure_0,,,,17pabc_2cols_20211228_164100_2461085179_600_800.png,/scratch/parceirosbr/bigoilict/share/BigOil/document_generator/datasets/documents_2021_12_28/17pabc_2cols_20211228_164100_2461085179_600_800.png,17pabc_2cols_20211228_164100_2461085179_600_800_mask.png,Level (kl)
12,4,24,8,256,328,280,336,256,330,279,328,280,333,257,336,sub_line_text,figure_text,figure_0,,,,17pabc_2cols_20211228_164100_2461085179_600_800.png,/scratch/parceirosbr/bigoilict/share/BigOil/document_generator/datasets/documents_2021_12_28/17pabc_2cols_20211228_164100_2461085179_600_800.png,17pabc_2cols_20211228_164100_2461085179_600_800_mask.png,Level (kl)
12,4,24,9,213,297,237,306,213,300,236,297,237,302,214,306,text,figure_text,figure_0,,,,17pabc_2cols_20211228_164100_2461085179_600_800.png,/scratch/parceirosbr/bigoilict/share/BigOil/document_generator/datasets/documents_2021_12_28/17pabc_2cols_20211228_164100_2461085179_600_800.png,17pabc_2cols_20211228_164100_2461085179_600_800_mask.png,Level (kl)
12,4,24,9,213,297,237,306,213,300,236,297,237,302,214,306,sub_line_text,figure_text,figure_0,,,,17pabc_2cols_20211228_164100_2461085179_600_800.png,/scratch/parceirosbr/bigoilict/share/BigOil/document_generator/datasets/documents_2021_12_28/17pabc_2cols_20211228_164100_2461085179_600_800.png,17pabc_2cols_20211228_164100_2461085179_600_800_mask.png,Level (kl)
10,2,20,4,71,306,91,310,71,303,92,306,91,313,70,310,text,figure_text,figure_0,,,,17pabc_2cols_20211228_164100_2461085179_600_800.png,/scratch/parceirosbr/bigoilict/share/BigOil/document_generator/datasets/documents_2021_12_28/17pabc_2cols_20211228_164100_2461085179_600_800.png,17pabc_2cols_20211228_164100_2461085179_600_800_mask.png,Intensity
10,2,20,4,71,306,91,310,71,303,92,306,91,313,70,310,sub_line_text,figure_text,figure_0,,,,17pabc_2cols_20211228_164100_2461085179_600_800.png,/scratch/parceirosbr/bigoilict/share/BigOil/document_generator/datasets/documents_2021_12_28/17pabc_2cols_20211228_164100_2461085179_600_800.png,17pabc_2cols_20211228_164100_2461085179_600_800_mask.png,Intensity
11,8,23,16,111,302,134,318,111,312,131,302,134,307,114,318,text,figure_text,figure_0,,,,17pabc_2cols_20211228_164100_2461085179_600_800.png,/scratch/parceirosbr/bigoilict/share/BigOil/document_generator/datasets/documents_2021_12_28/17pabc_2cols_20211228_164100_2461085179_600_800.png,17pabc_2cols_20211228_164100_2461085179_600_800_mask.png,-5705.1%
11,8,23,16,111,302,134,318,111,312,131,302,134,307,114,318,sub_line_text,figure_text,figure_0,,,,17pabc_2cols_20211228_164100_2461085179_600_800.png,/scratch/parceirosbr/bigoilict/share/BigOil/document_generator/datasets/documents_2021_12_28/17pabc_2cols_20211228_164100_2461085179_600_800.png,17pabc_2cols_20211228_164100_2461085179_600_800_mask.png,-5705.1%
11,4,23,9,158,292,181,301,158,295,180,292,181,299,158,301,text,figure_text,figure_0,,,,17pabc_2cols_20211228_164100_2461085179_600_800.png,/scratch/parceirosbr/bigoilict/share/BigOil/document_generator/datasets/documents_2021_12_28/17pabc_2cols_20211228_164100_2461085179_600_800.png,17pabc_2cols_20211228_164100_2461085179_600_800_mask.png,-7085.64
11,4,23,9,158,292,181,301,158,295,180,292,181,299,158,301,sub_line_text,figure_text,figure_0,,,,17pabc_2cols_20211228_164100_2461085179_600_800.png,/scratch/parceirosbr/bigoilict/share/BigOil/document_generator/datasets/documents_2021_12_28/17pabc_2cols_20211228_164100_2461085179_600_800.png,17pabc_2cols_20211228_164100_2461085179_600_800_mask.png,-7085.64
14,8,29,16,102,366,131,382,102,377,129,366,131,372,104,382,text,figure_text,figure_0,,,,17pabc_2cols_20211228_164100_2461085179_600_800.png,/scratch/parceirosbr/bigoilict/share/BigOil/document_generator/datasets/documents_2021_12_28/17pabc_2cols_20211228_164100_2461085179_600_800.png,17pabc_2cols_20211228_164100_2461085179_600_800_mask.png,Conversion
14,8,29,16,102,366,131,382,102,377,129,366,131,372,104,382,sub_line_text,figure_text,figure_0,,,,17pabc_2cols_20211228_164100_2461085179_600_800.png,/scratch/parceirosbr/bigoilict/share/BigOil/document_generator/datasets/documents_2021_12_28/17pabc_2cols_20211228_164100_2461085179_600_800.png,17pabc_2cols_20211228_164100_2461085179_600_800_mask.png,Conversion
3,1,7,3,64,327,71,330,64,324,73,327,71,333,62,330,text,figure_text,figure_0,,,,17pabc_2cols_20211228_164100_2461085179_600_800.png,/scratch/parceirosbr/bigoilict/share/BigOil/document_generator/datasets/documents_2021_12_28/17pabc_2cols_20211228_164100_2461085179_600_800.png,17pabc_2cols_20211228_164100_2461085179_600_800_mask.png,79%
3,1,7,3,64,327,71,330,64,324,73,327,71,333,62,330,sub_line_text,figure_text,figure_0,,,,17pabc_2cols_20211228_164100_2461085179_600_800.png,/scratch/parceirosbr/bigoilict/share/BigOil/document_generator/datasets/documents_2021_12_28/17pabc_2cols_20211228_164100_2461085179_600_800.png,17pabc_2cols_20211228_164100_2461085179_600_800_mask.png,79%
10,5,20,10,75,369,95,379,75,372,94,369,95,376,76,379,text,figure_text,figure_0,,,,17pabc_2cols_20211228_164100_2461085179_600_800.png,/scratch/parceirosbr/bigoilict/share/BigOil/document_generator/datasets/documents_2021_12_28/17pabc_2cols_20211228_164100_2461085179_600_800.png,17pabc_2cols_20211228_164100_2461085179_600_800_mask.png,Activity
10,5,20,10,75,369,95,379,75,372,94,369,95,376,76,379,sub_line_text,figure_text,figure_0,,,,17pabc_2cols_20211228_164100_2461085179_600_800.png,/scratch/parceirosbr/bigoilict/share/BigOil/document_generator/datasets/documents_2021_12_28/17pabc_2cols_20211228_164100_2461085179_600_800.png,17pabc_2cols_20211228_164100_2461085179_600_800_mask.png,Activity
19,7,38,15,53,341,91,356,53,351,89,341,91,346,54,356,text,figure_text,figure_0,,,,17pabc_2cols_20211228_164100_2461085179_600_800.png,/scratch/parceirosbr/bigoilict/share/BigOil/document_generator/datasets/documents_2021_12_28/17pabc_2cols_20211228_164100_2461085179_600_800.png,17pabc_2cols_20211228_164100_2461085179_600_800_mask.png,Transmittance
19,7,38,15,53,341,91,356,53,351,89,341,91,346,54,356,sub_line_text,figure_text,figure_0,,,,17pabc_2cols_20211228_164100_2461085179_600_800.png,/scratch/parceirosbr/bigoilict/share/BigOil/document_generator/datasets/documents_2021_12_28/17pabc_2cols_20211228_164100_2461085179_600_800.png,17pabc_2cols_20211228_164100_2461085179_600_800_mask.png,Transmittance
4,0,9,0,251,366,260,366,251,362,262,366,260,372,248,366,text,figure_text,figure_0,,,,17pabc_2cols_20211228_164100_2461085179_600_800.png,/scratch/parceirosbr/bigoilict/share/BigOil/document_generator/datasets/documents_2021_12_28/17pabc_2cols_20211228_164100_2461085179_600_800.png,17pabc_2cols_20211228_164100_2461085179_600_800_mask.png,Start
4,0,9,0,251,366,260,366,251,362,262,366,260,372,248,366,sub_line_text,figure_text,figure_0,,,,17pabc_2cols_20211228_164100_2461085179_600_800.png,/scratch/parceirosbr/bigoilict/share/BigOil/document_generator/datasets/documents_2021_12_28/17pabc_2cols_20211228_164100_2461085179_600_800.png,17pabc_2cols_20211228_164100_2461085179_600_800_mask.png,Start
10,7,21,14,127,276,148,290,127,285,146,276,148,282,129,290,text,figure_text,figure_0,,,,17pabc_2cols_20211228_164100_2461085179_600_800.png,/scratch/parceirosbr/bigoilict/share/BigOil/document_generator/datasets/documents_2021_12_28/17pabc_2cols_20211228_164100_2461085179_600_800.png,17pabc_2cols_20211228_164100_2461085179_600_800_mask.png,-1538.91
10,7,21,14,127,276,148,290,127,285,146,276,148,282,129,290,sub_line_text,figure_text,figure_0,,,,17pabc_2cols_20211228_164100_2461085179_600_800.png,/scratch/parceirosbr/bigoilict/share/BigOil/document_generator/datasets/documents_2021_12_28/17pabc_2cols_20211228_164100_2461085179_600_800.png,17pabc_2cols_20211228_164100_2461085179_600_800_mask.png,-1538.91
13,1,26,2,205,374,231,376,205,371,232,374,231,380,204,376,text,figure_text,figure_0,,,,17pabc_2cols_20211228_164100_2461085179_600_800.png,/scratch/parceirosbr/bigoilict/share/BigOil/document_generator/datasets/documents_2021_12_28/17pabc_2cols_20211228_164100_2461085179_600_800.png,17pabc_2cols_20211228_164100_2461085179_600_800_mask.png,North East
13,1,26,2,205,374,231,376,205,371,232,374,231,380,204,376,sub_line_text,figure_text,figure_0,,,,17pabc_2cols_20211228_164100_2461085179_600_800.png,/scratch/parceirosbr/bigoilict/share/BigOil/document_generator/datasets/documents_2021_12_28/17pabc_2cols_20211228_164100_2461085179_600_800.png,17pabc_2cols_20211228_164100_2461085179_600_800_mask.png,North East
5,0,11,-1,243,310,254,309,243,304,256,310,254,315,241,309,text,figure_text,figure_0,,,,17pabc_2cols_20211228_164100_2461085179_600_800.png,/scratch/parceirosbr/bigoilict/share/BigOil/document_generator/datasets/documents_2021_12_28/17pabc_2cols_20211228_164100_2461085179_600_800.png,17pabc_2cols_20211228_164100_2461085179_600_800_mask.png,North
5,0,11,-1,243,310,254,309,243,304,256,310,254,315,241,309,sub_line_text,figure_text,figure_0,,,,17pabc_2cols_20211228_164100_2461085179_600_800.png,/scratch/parceirosbr/bigoilict/share/BigOil/document_generator/datasets/documents_2021_12_28/17pabc_2cols_20211228_164100_2461085179_600_800.png,17pabc_2cols_20211228_164100_2461085179_600_800_mask.png,North
11,7,22,15,154,328,176,343,154,338,173,328,176,332,156,343,text,figure_text,figure_0,,,,17pabc_2cols_20211228_164100_2461085179_600_800.png,/scratch/parceirosbr/bigoilict/share/BigOil/document_generator/datasets/documents_2021_12_28/17pabc_2cols_20211228_164100_2461085179_600_800.png,17pabc_2cols_20211228_164100_2461085179_600_800_mask.png,-8062.1%
11,7,22,15,154,328,176,343,154,338,173,328,176,332,156,343,sub_line_text,figure_text,figure_0,,,,17pabc_2cols_20211228_164100_2461085179_600_800.png,/scratch/parceirosbr/bigoilict/share/BigOil/document_generator/datasets/documents_2021_12_28/17pabc_2cols_20211228_164100_2461085179_600_800.png,17pabc_2cols_20211228_164100_2461085179_600_800_mask.png,-8062.1%
11,-3,22,-6,109,341,131,335,109,329,134,341,131,347,106,335,text,figure_text,figure_0,,,,17pabc_2cols_20211228_164100_2461085179_600_800.png,/scratch/parceirosbr/bigoilict/share/BigOil/document_generator/datasets/documents_2021_12_28/17pabc_2cols_20211228_164100_2461085179_600_800.png,17pabc_2cols_20211228_164100_2461085179_600_800_mask.png,Energy (V)
11,-3,22,-6,109,341,131,335,109,329,134,341,131,347,106,335,sub_line_text,figure_text,figure_0,,,,17pabc_2cols_20211228_164100_2461085179_600_800.png,/scratch/parceirosbr/bigoilict/share/BigOil/document_generator/datasets/documents_2021_12_28/17pabc_2cols_20211228_164100_2461085179_600_800.png,17pabc_2cols_20211228_164100_2461085179_600_800_mask.png,Energy (V)
12,6,24,13,204,346,228,359,204,353,226,346,228,352,205,359,text,figure_text,figure_0,,,,17pabc_2cols_20211228_164100_2461085179_600_800.png,/scratch/parceirosbr/bigoilict/share/BigOil/document_generator/datasets/documents_2021_12_28/17pabc_2cols_20211228_164100_2461085179_600_800.png,17pabc_2cols_20211228_164100_2461085179_600_800_mask.png,-2617.961
12,6,24,13,204,346,228,359,204,353,226,346,228,352,205,359,sub_line_text,figure_text,figure_0,,,,17pabc_2cols_20211228_164100_2461085179_600_800.png,/scratch/parceirosbr/bigoilict/share/BigOil/document_generator/datasets/documents_2021_12_28/17pabc_2cols_20211228_164100_2461085179_600_800.png,17pabc_2cols_20211228_164100_2461085179_600_800_mask.png,-2617.961
11,8,22,16,59,268,81,284,59,278,79,268,81,274,62,284,text,figure_text,figure_0,,,,17pabc_2cols_20211228_164100_2461085179_600_800.png,/scratch/parceirosbr/bigoilict/share/BigOil/document_generator/datasets/documents_2021_12_28/17pabc_2cols_20211228_164100_2461085179_600_800.png,17pabc_2cols_20211228_164100_2461085179_600_800_mask.png,-1801.7%
11,8,22,16,59,268,81,284,59,278,79,268,81,274,62,284,sub_line_text,figure_text,figure_0,,,,17pabc_2cols_20211228_164100_2461085179_600_800.png,/scratch/parceirosbr/bigoilict/share/BigOil/document_generator/datasets/documents_2021_12_28/17pabc_2cols_20211228_164100_2461085179_600_800.png,17pabc_2cols_20211228_164100_2461085179_600_800_mask.png,-1801.7%
13,8,26,16,182,277,208,293,182,287,206,277,208,283,184,293,text,figure_text,figure_0,,,,17pabc_2cols_20211228_164100_2461085179_600_800.png,/scratch/parceirosbr/bigoilict/share/BigOil/document_generator/datasets/documents_2021_12_28/17pabc_2cols_20211228_164100_2461085179_600_800.png,17pabc_2cols_20211228_164100_2461085179_600_800_mask.png,-6099.475
13,8,26,16,182,277,208,293,182,287,206,277,208,283,184,293,sub_line_text,figure_text,figure_0,,,,17pabc_2cols_20211228_164100_2461085179_600_800.png,/scratch/parceirosbr/bigoilict/share/BigOil/document_generator/datasets/documents_2021_12_28/17pabc_2cols_20211228_164100_2461085179_600_800.png,17pabc_2cols_20211228_164100_2461085179_600_800_mask.png,-6099.475
8,1,16,2,70,289,86,291,70,285,87,289,86,295,68,291,text,figure_text,figure_0,,,,17pabc_2cols_20211228_164100_2461085179_600_800.png,/scratch/parceirosbr/bigoilict/share/BigOil/document_generator/datasets/documents_2021_12_28/17pabc_2cols_20211228_164100_2461085179_600_800.png,17pabc_2cols_20211228_164100_2461085179_600_800_mask.png,-3957.1
8,1,16,2,70,289,86,291,70,285,87,289,86,295,68,291,sub_line_text,figure_text,figure_0,,,,17pabc_2cols_20211228_164100_2461085179_600_800.png,/scratch/parceirosbr/bigoilict/share/BigOil/document_generator/datasets/documents_2021_12_28/17pabc_2cols_20211228_164100_2461085179_600_800.png,17pabc_2cols_20211228_164100_2461085179_600_800_mask.png,-3957.1
8,3,17,6,88,326,105,332,88,326,105,326,105,333,87,332,text,figure_text,figure_0,,,,17pabc_2cols_20211228_164100_2461085179_600_800.png,/scratch/parceirosbr/bigoilict/share/BigOil/document_generator/datasets/documents_2021_12_28/17pabc_2cols_20211228_164100_2461085179_600_800.png,17pabc_2cols_20211228_164100_2461085179_600_800_mask.png,458.3%
8,3,17,6,88,326,105,332,88,326,105,326,105,333,87,332,sub_line_text,figure_text,figure_0,,,,17pabc_2cols_20211228_164100_2461085179_600_800.png,/scratch/parceirosbr/bigoilict/share/BigOil/document_generator/datasets/documents_2021_12_28/17pabc_2cols_20211228_164100_2461085179_600_800.png,17pabc_2cols_20211228_164100_2461085179_600_800_mask.png,458.3%
7,6,15,12,133,359,148,371,133,366,145,359,148,364,135,371,text,figure_text,figure_0,,,,17pabc_2cols_20211228_164100_2461085179_600_800.png,/scratch/parceirosbr/bigoilict/share/BigOil/document_generator/datasets/documents_2021_12_28/17pabc_2cols_20211228_164100_2461085179_600_800.png,17pabc_2cols_20211228_164100_2461085179_600_800_mask.png,-8813
7,6,15,12,133,359,148,371,133,366,145,359,148,364,135,371,sub_line_text,figure_text,figure_0,,,,17pabc_2cols_20211228_164100_2461085179_600_800.png,/scratch/parceirosbr/bigoilict/share/BigOil/document_generator/datasets/documents_2021_12_28/17pabc_2cols_20211228_164100_2461085179_600_800.png,17pabc_2cols_20211228_164100_2461085179_600_800_mask.png,-8813
15,3,30,6,143,349,173,355,143,349,173,349,173,355,143,355,text,figure_text,figure_0,,,,17pabc_2cols_20211228_164100_2461085179_600_800.png,/scratch/parceirosbr/bigoilict/share/BigOil/document_generator/datasets/documents_2021_12_28/17pabc_2cols_20211228_164100_2461085179_600_800.png,17pabc_2cols_20211228_164100_2461085179_600_800_mask.png,Gender (BL)
15,3,30,6,143,349,173,355,143,349,173,349,173,355,143,355,sub_line_text,figure_text,figure_0,,,,17pabc_2cols_20211228_164100_2461085179_600_800.png,/scratch/parceirosbr/bigoilict/share/BigOil/document_generator/datasets/documents_2021_12_28/17pabc_2cols_20211228_164100_2461085179_600_800.png,17pabc_2cols_20211228_164100_2461085179_600_800_mask.png,Gender (BL)
7,5,14,10,179,323,193,333,179,328,191,323,193,328,180,333,text,figure_text,figure_0,,,,17pabc_2cols_20211228_164100_2461085179_600_800.png,/scratch/parceirosbr/bigoilict/share/BigOil/document_generator/datasets/documents_2021_12_28/17pabc_2cols_20211228_164100_2461085179_600_800.png,17pabc_2cols_20211228_164100_2461085179_600_800_mask.png,Total
7,5,14,10,179,323,193,333,179,328,191,323,193,328,180,333,sub_line_text,figure_text,figure_0,,,,17pabc_2cols_20211228_164100_2461085179_600_800.png,/scratch/parceirosbr/bigoilict/share/BigOil/document_generator/datasets/documents_2021_12_28/17pabc_2cols_20211228_164100_2461085179_600_800.png,17pabc_2cols_20211228_164100_2461085179_600_800_mask.png,Total
9,-2,18,-5,190,317,208,312,190,307,210,317,208,322,187,312,text,figure_text,figure_0,,,,17pabc_2cols_20211228_164100_2461085179_600_800.png,/scratch/parceirosbr/bigoilict/share/BigOil/document_generator/datasets/documents_2021_12_28/17pabc_2cols_20211228_164100_2461085179_600_800.png,17pabc_2cols_20211228_164100_2461085179_600_800_mask.png,Advance
9,-2,18,-5,190,317,208,312,190,307,210,317,208,322,187,312,sub_line_text,figure_text,figure_0,,,,17pabc_2cols_20211228_164100_2461085179_600_800.png,/scratch/parceirosbr/bigoilict/share/BigOil/document_generator/datasets/documents_2021_12_28/17pabc_2cols_20211228_164100_2461085179_600_800.png,17pabc_2cols_20211228_164100_2461085179_600_800_mask.png,Advance
7,4,15,9,206,332,221,341,206,336,220,332,221,338,207,341,text,figure_text,figure_0,,,,17pabc_2cols_20211228_164100_2461085179_600_800.png,/scratch/parceirosbr/bigoilict/share/BigOil/document_generator/datasets/documents_2021_12_28/17pabc_2cols_20211228_164100_2461085179_600_800.png,17pabc_2cols_20211228_164100_2461085179_600_800_mask.png,-1404
7,4,15,9,206,332,221,341,206,336,220,332,221,338,207,341,sub_line_text,figure_text,figure_0,,,,17pabc_2cols_20211228_164100_2461085179_600_800.png,/scratch/parceirosbr/bigoilict/share/BigOil/document_generator/datasets/documents_2021_12_28/17pabc_2cols_20211228_164100_2461085179_600_800.png,17pabc_2cols_20211228_164100_2461085179_600_800_mask.png,-1404
16,7,33,15,159,366,192,381,159,375,190,366,192,372,161,381,text,figure_text,figure_0,,,,17pabc_2cols_20211228_164100_2461085179_600_800.png,/scratch/parceirosbr/bigoilict/share/BigOil/document_generator/datasets/documents_2021_12_28/17pabc_2cols_20211228_164100_2461085179_600_800.png,17pabc_2cols_20211228_164100_2461085179_600_800_mask.png,Volume [GB]
16,7,33,15,159,366,192,381,159,375,190,366,192,372,161,381,sub_line_text,figure_text,figure_0,,,,17pabc_2cols_20211228_164100_2461085179_600_800.png,/scratch/parceirosbr/bigoilict/share/BigOil/document_generator/datasets/documents_2021_12_28/17pabc_2cols_20211228_164100_2461085179_600_800.png,17pabc_2cols_20211228_164100_2461085179_600_800_mask.png,Volume [GB]
9,5,18,10,94,276,112,286,94,280,111,276,112,282,95,286,text,figure_text,figure_0,,,,17pabc_2cols_20211228_164100_2461085179_600_800.png,/scratch/parceirosbr/bigoilict/share/BigOil/document_generator/datasets/documents_2021_12_28/17pabc_2cols_20211228_164100_2461085179_600_800.png,17pabc_2cols_20211228_164100_2461085179_600_800_mask.png,-2174%
9,5,18,10,94,276,112,286,94,280,111,276,112,282,95,286,sub_line_text,figure_text,figure_0,,,,17pabc_2cols_20211228_164100_2461085179_600_800.png,/scratch/parceirosbr/bigoilict/share/BigOil/document_generator/datasets/documents_2021_12_28/17pabc_2cols_20211228_164100_2461085179_600_800.png,17pabc_2cols_20211228_164100_2461085179_600_800_mask.png,-2174%
12,5,25,11,229,327,254,338,229,332,253,327,254,334,230,338,text,figure_text,figure_0,,,,17pabc_2cols_20211228_164100_2461085179_600_800.png,/scratch/parceirosbr/bigoilict/share/BigOil/document_generator/datasets/documents_2021_12_28/17pabc_2cols_20211228_164100_2461085179_600_800.png,17pabc_2cols_20211228_164100_2461085179_600_800_mask.png,Speed ​​(v)
12,5,25,11,229,327,254,338,229,332,253,327,254,334,230,338,sub_line_text,figure_text,figure_0,,,,17pabc_2cols_20211228_164100_2461085179_600_800.png,/scratch/parceirosbr/bigoilict/share/BigOil/document_generator/datasets/documents_2021_12_28/17pabc_2cols_20211228_164100_2461085179_600_800.png,17pabc_2cols_20211228_164100_2461085179_600_800_mask.png,Speed ​​(v)
16,4,32,9,229,280,261,289,229,282,261,280,261,287,229,289,text,figure_text,figure_0,,,,17pabc_2cols_20211228_164100_2461085179_600_800.png,/scratch/parceirosbr/bigoilict/share/BigOil/document_generator/datasets/documents_2021_12_28/17pabc_2cols_20211228_164100_2461085179_600_800.png,17pabc_2cols_20211228_164100_2461085179_600_800_mask.png,Vaporization
16,4,32,9,229,280,261,289,229,282,261,280,261,287,229,289,sub_line_text,figure_text,figure_0,,,,17pabc_2cols_20211228_164100_2461085179_600_800.png,/scratch/parceirosbr/bigoilict/share/BigOil/document_generator/datasets/documents_2021_12_28/17pabc_2cols_20211228_164100_2461085179_600_800.png,17pabc_2cols_20211228_164100_2461085179_600_800_mask.png,Vaporization
14,2,28,5,60,361,88,366,60,361,88,361,88,367,60,366,text,figure_text,figure_0,,,,17pabc_2cols_20211228_164100_2461085179_600_800.png,/scratch/parceirosbr/bigoilict/share/BigOil/document_generator/datasets/documents_2021_12_28/17pabc_2cols_20211228_164100_2461085179_600_800.png,17pabc_2cols_20211228_164100_2461085179_600_800_mask.png,Resistance
14,2,28,5,60,361,88,366,60,361,88,361,88,367,60,366,sub_line_text,figure_text,figure_0,,,,17pabc_2cols_20211228_164100_2461085179_600_800.png,/scratch/parceirosbr/bigoilict/share/BigOil/document_generator/datasets/documents_2021_12_28/17pabc_2cols_20211228_164100_2461085179_600_800.png,17pabc_2cols_20211228_164100_2461085179_600_800_mask.png,Resistance
96,4,193,8,51,391,244,399,51,391,244,391,244,399,51,399,sub_line_text,figure_legend,figure_0,arial,bold,7,17pabc_2cols_20211228_164100_2461085179_600_800.png,/scratch/parceirosbr/bigoilict/share/BigOil/document_generator/datasets/documents_2021_12_28/17pabc_2cols_20211228_164100_2461085179_600_800.png,17pabc_2cols_20211228_164100_2461085179_600_800_mask.png,Fig.  76:    usando  radiação  do  cobre e uma varredura de
91,4,183,8,51,401,234,409,51,401,234,401,234,409,51,409,sub_line_text,figure_legend,figure_0,arial,bold,7,17pabc_2cols_20211228_164100_2461085179_600_800.png,/scratch/parceirosbr/bigoilict/share/BigOil/document_generator/datasets/documents_2021_12_28/17pabc_2cols_20211228_164100_2461085179_600_800.png,17pabc_2cols_20211228_164100_2461085179_600_800_mask.png,um ângulo em uma faixa de 2-80. pode ser calculado pa
96,9,193,18,51,391,244,409,51,391,244,391,244,409,51,409,text,figure_legend,figure_0,arial,bold,7,17pabc_2cols_20211228_164100_2461085179_600_800.png,/scratch/parceirosbr/bigoilict/share/BigOil/document_generator/datasets/documents_2021_12_28/17pabc_2cols_20211228_164100_2461085179_600_800.png,17pabc_2cols_20211228_164100_2461085179_600_800_mask.png,nan
102,4,205,8,81,411,286,419,81,411,286,411,286,419,81,419,sub_line_text,text,text_2,arial,regular,7,17pabc_2cols_20211228_164100_2461085179_600_800.png,/scratch/parceirosbr/bigoilict/share/BigOil/document_generator/datasets/documents_2021_12_28/17pabc_2cols_20211228_164100_2461085179_600_800.png,17pabc_2cols_20211228_164100_2461085179_600_800_mask.png,Os   voltamogramas  cíclicos  do  par  redox  foram  registrados
117,4,235,8,51,421,286,429,51,421,286,421,286,429,51,429,sub_line_text,text,text_2,arial,regular,7,17pabc_2cols_20211228_164100_2461085179_600_800.png,/scratch/parceirosbr/bigoilict/share/BigOil/document_generator/datasets/documents_2021_12_28/17pabc_2cols_20211228_164100_2461085179_600_800.png,17pabc_2cols_20211228_164100_2461085179_600_800_mask.png,"em  diferentes  velocidades  de  varredura (0,010; 0,020; 0,030; 0,040; 0-"
117,4,234,8,51,431,285,439,51,431,285,431,285,439,51,439,sub_line_text,text,text_2,arial,regular,7,17pabc_2cols_20211228_164100_2461085179_600_800.png,/scratch/parceirosbr/bigoilict/share/BigOil/document_generator/datasets/documents_2021_12_28/17pabc_2cols_20211228_164100_2461085179_600_800.png,17pabc_2cols_20211228_164100_2461085179_600_800_mask.png,",050;  0,060;  0,070;  0,080; 0,090 e 0,1 s-1). Os métodos 91, e apresent-"
117,4,234,8,51,441,285,449,51,441,285,441,285,449,51,449,sub_line_text,text,text_2,arial,regular,7,17pabc_2cols_20211228_164100_2461085179_600_800.png,/scratch/parceirosbr/bigoilict/share/BigOil/document_generator/datasets/documents_2021_12_28/17pabc_2cols_20211228_164100_2461085179_600_800.png,17pabc_2cols_20211228_164100_2461085179_600_800_mask.png,aram  comportamentos  semelhantes nos teste de tubo de choque. Pós-
117,4,234,8,51,451,285,459,51,451,285,451,285,459,51,459,sub_line_text,text,text_2,arial,regular,7,17pabc_2cols_20211228_164100_2461085179_600_800.png,/scratch/parceirosbr/bigoilict/share/BigOil/document_generator/datasets/documents_2021_12_28/17pabc_2cols_20211228_164100_2461085179_600_800.png,17pabc_2cols_20211228_164100_2461085179_600_800_mask.png,"-Guerra,  como  exposto nesta seção, os ainda dispunham de capacida-"
117,4,235,8,51,461,286,469,51,461,286,461,286,469,51,469,sub_line_text,text,text_2,arial,regular,7,17pabc_2cols_20211228_164100_2461085179_600_800.png,/scratch/parceirosbr/bigoilict/share/BigOil/document_generator/datasets/documents_2021_12_28/17pabc_2cols_20211228_164100_2461085179_600_800.png,17pabc_2cols_20211228_164100_2461085179_600_800_mask.png,"de  excedente  de  produção,  o  que lhe permitia enfrentar melhor os ch-"
117,4,234,8,51,471,285,479,51,471,285,471,285,479,51,479,sub_line_text,text,text_2,arial,regular,7,17pabc_2cols_20211228_164100_2461085179_600_800.png,/scratch/parceirosbr/bigoilict/share/BigOil/document_generator/datasets/documents_2021_12_28/17pabc_2cols_20211228_164100_2461085179_600_800.png,17pabc_2cols_20211228_164100_2461085179_600_800_mask.png,oques  de  oferta  e  demanda.  69 bem frisa na ótica da administração o
117,4,235,8,51,481,286,489,51,481,286,481,286,489,51,489,sub_line_text,text,text_2,arial,regular,7,17pabc_2cols_20211228_164100_2461085179_600_800.png,/scratch/parceirosbr/bigoilict/share/BigOil/document_generator/datasets/documents_2021_12_28/17pabc_2cols_20211228_164100_2461085179_600_800.png,17pabc_2cols_20211228_164100_2461085179_600_800_mask.png,que  destinava  aos  países  europeus  bilhões de dólares para fazer fre-
117,4,235,8,51,491,286,499,51,491,286,491,286,499,51,499,sub_line_text,text,text_2,arial,regular,7,17pabc_2cols_20211228_164100_2461085179_600_800.png,/scratch/parceirosbr/bigoilict/share/BigOil/document_generator/datasets/documents_2021_12_28/17pabc_2cols_20211228_164100_2461085179_600_800.png,17pabc_2cols_20211228_164100_2461085179_600_800_mask.png,nte  à  demanda  por divisas pelo continente (dos quais o petróleo cons-
117,4,234,8,51,501,285,509,51,501,285,501,285,509,51,509,sub_line_text,text,text_2,arial,regular,7,17pabc_2cols_20211228_164100_2461085179_600_800.png,/scratch/parceirosbr/bigoilict/share/BigOil/document_generator/datasets/documents_2021_12_28/17pabc_2cols_20211228_164100_2461085179_600_800.png,17pabc_2cols_20211228_164100_2461085179_600_800_mask.png,umia  cerca  de  20%)  seria de pouca valia se o não tivesse sido capaz
117,4,234,8,51,511,285,519,51,511,285,511,285,519,51,519,sub_line_text,text,text_2,arial,regular,7,17pabc_2cols_20211228_164100_2461085179_600_800.png,/scratch/parceirosbr/bigoilict/share/BigOil/document_generator/datasets/documents_2021_12_28/17pabc_2cols_20211228_164100_2461085179_600_800.png,17pabc_2cols_20211228_164100_2461085179_600_800_mask.png,"de  aumentar  sua  produção  petrolífera.70  nos anos 40, a ascensão de"
117,4,235,8,51,521,286,529,51,521,286,521,286,529,51,529,sub_line_text,text,text_2,arial,regular,7,17pabc_2cols_20211228_164100_2461085179_600_800.png,/scratch/parceirosbr/bigoilict/share/BigOil/document_generator/datasets/documents_2021_12_28/17pabc_2cols_20211228_164100_2461085179_600_800.png,17pabc_2cols_20211228_164100_2461085179_600_800_mask.png,nova  classe  política na forçou as concessionárias dos campos de pet-
117,4,234,8,51,531,285,539,51,531,285,531,285,539,51,539,sub_line_text,text,text_2,arial,regular,7,17pabc_2cols_20211228_164100_2461085179_600_800.png,/scratch/parceirosbr/bigoilict/share/BigOil/document_generator/datasets/documents_2021_12_28/17pabc_2cols_20211228_164100_2461085179_600_800.png,17pabc_2cols_20211228_164100_2461085179_600_800_mask.png,róleo  a  aceitarem  o  acordo  fifty-fifty  (denominado  por  como  o  New.
117,4,234,8,51,541,285,549,51,541,285,541,285,549,51,549,sub_line_text,text,text_2,arial,regular,7,17pabc_2cols_20211228_164100_2461085179_600_800.png,/scratch/parceirosbr/bigoilict/share/BigOil/document_generator/datasets/documents_2021_12_28/17pabc_2cols_20211228_164100_2461085179_600_800.png,17pabc_2cols_20211228_164100_2461085179_600_800_mask.png,"No  entanto,  o  aumento do teor de tolueno leva a um decréscimo na re-"
111,4,223,8,51,551,274,559,51,551,274,551,274,559,51,559,sub_line_text,text,text_2,arial,regular,7,17pabc_2cols_20211228_164100_2461085179_600_800.png,/scratch/parceirosbr/bigoilict/share/BigOil/document_generator/datasets/documents_2021_12_28/17pabc_2cols_20211228_164100_2461085179_600_800.png,17pabc_2cols_20211228_164100_2461085179_600_800_mask.png,"moção do sulfurado. No mesmo intervalo, o volume produzido na au."
117,74,235,148,51,411,286,559,51,411,286,411,286,559,51,559,text,text,text_2,arial,regular,7,17pabc_2cols_20211228_164100_2461085179_600_800.png,/scratch/parceirosbr/bigoilict/share/BigOil/document_generator/datasets/documents_2021_12_28/17pabc_2cols_20211228_164100_2461085179_600_800.png,17pabc_2cols_20211228_164100_2461085179_600_800_mask.png,nan
102,4,205,8,81,561,286,569,81,561,286,561,286,569,81,569,sub_line_text,text,text_3,arial,regular,7,17pabc_2cols_20211228_164100_2461085179_600_800.png,/scratch/parceirosbr/bigoilict/share/BigOil/document_generator/datasets/documents_2021_12_28/17pabc_2cols_20211228_164100_2461085179_600_800.png,17pabc_2cols_20211228_164100_2461085179_600_800_mask.png,"Rosário  do  com  621  mil m3 de capacidade conjunta, tiveram"
117,4,234,8,51,571,285,579,51,571,285,571,285,579,51,579,sub_line_text,text,text_3,arial,regular,7,17pabc_2cols_20211228_164100_2461085179_600_800.png,/scratch/parceirosbr/bigoilict/share/BigOil/document_generator/datasets/documents_2021_12_28/17pabc_2cols_20211228_164100_2461085179_600_800.png,17pabc_2cols_20211228_164100_2461085179_600_800_mask.png,"uma  produção  total  de  211,9 mil m3, correspondente a 34,1% de suas"
117,4,234,8,51,581,285,589,51,581,285,581,285,589,51,589,sub_line_text,text,text_3,arial,regular,7,17pabc_2cols_20211228_164100_2461085179_600_800.png,/scratch/parceirosbr/bigoilict/share/BigOil/document_generator/datasets/documents_2021_12_28/17pabc_2cols_20211228_164100_2461085179_600_800.png,17pabc_2cols_20211228_164100_2461085179_600_800_mask.png,"capacidades  nominais.  Segundo e colaboradores, um aumento da raz-"
117,4,235,8,51,591,286,599,51,591,286,591,286,599,51,599,sub_line_text,text,text_3,arial,regular,7,17pabc_2cols_20211228_164100_2461085179_600_800.png,/scratch/parceirosbr/bigoilict/share/BigOil/document_generator/datasets/documents_2021_12_28/17pabc_2cols_20211228_164100_2461085179_600_800.png,17pabc_2cols_20211228_164100_2461085179_600_800_mask.png,"ão  deveria  levar  à  redução  do  cristalito, pelo fato de haver menor qu-"
117,4,234,8,51,601,285,609,51,601,285,601,285,609,51,609,sub_line_text,text,text_3,arial,regular,7,17pabc_2cols_20211228_164100_2461085179_600_800.png,/scratch/parceirosbr/bigoilict/share/BigOil/document_generator/datasets/documents_2021_12_28/17pabc_2cols_20211228_164100_2461085179_600_800.png,17pabc_2cols_20211228_164100_2461085179_600_800_mask.png,antidade  relativa  do  cátion  na  retardando  a  cristalização da mesma.
117,4,235,8,51,611,286,619,51,611,286,611,286,619,51,619,sub_line_text,text,text_3,arial,regular,7,17pabc_2cols_20211228_164100_2461085179_600_800.png,/scratch/parceirosbr/bigoilict/share/BigOil/document_generator/datasets/documents_2021_12_28/17pabc_2cols_20211228_164100_2461085179_600_800.png,17pabc_2cols_20211228_164100_2461085179_600_800_mask.png,Muitas  vezes  a urgência da indústria não pode esperar o tempo da. Mi-
117,4,235,8,51,621,286,629,51,621,286,621,286,629,51,629,sub_line_text,text,text_3,arial,regular,7,17pabc_2cols_20211228_164100_2461085179_600_800.png,/scratch/parceirosbr/bigoilict/share/BigOil/document_generator/datasets/documents_2021_12_28/17pabc_2cols_20211228_164100_2461085179_600_800.png,17pabc_2cols_20211228_164100_2461085179_600_800_mask.png,tsuru  pela  prontidão  em me auxiliar na análise microscópica do mater-
117,4,234,8,51,631,285,639,51,631,285,631,285,639,51,639,sub_line_text,text,text_3,arial,regular,7,17pabc_2cols_20211228_164100_2461085179_600_800.png,/scratch/parceirosbr/bigoilict/share/BigOil/document_generator/datasets/documents_2021_12_28/17pabc_2cols_20211228_164100_2461085179_600_800.png,17pabc_2cols_20211228_164100_2461085179_600_800_mask.png,ial  de  estudo  com muita boa vontade e disposição e ao. Fatores como
117,4,235,8,51,641,286,649,51,641,286,641,286,649,51,649,sub_line_text,text,text_3,arial,regular,7,17pabc_2cols_20211228_164100_2461085179_600_800.png,/scratch/parceirosbr/bigoilict/share/BigOil/document_generator/datasets/documents_2021_12_28/17pabc_2cols_20211228_164100_2461085179_600_800.png,17pabc_2cols_20211228_164100_2461085179_600_800_mask.png,"temperatura,  radiação  solar,  pH  e a composição de nutrientes do meio"
113,4,226,8,51,651,277,659,51,651,277,651,277,659,51,659,sub_line_text,text,text_3,arial,regular,7,17pabc_2cols_20211228_164100_2461085179_600_800.png,/scratch/parceirosbr/bigoilict/share/BigOil/document_generator/datasets/documents_2021_12_28/17pabc_2cols_20211228_164100_2461085179_600_800.png,17pabc_2cols_20211228_164100_2461085179_600_800_mask.png,de cultivo influenciam diretamente na composição celular da microal.
117,49,235,98,51,561,286,659,51,561,286,561,286,659,51,659,text,text,text_3,arial,regular,7,17pabc_2cols_20211228_164100_2461085179_600_800.png,/scratch/parceirosbr/bigoilict/share/BigOil/document_generator/datasets/documents_2021_12_28/17pabc_2cols_20211228_164100_2461085179_600_800.png,17pabc_2cols_20211228_164100_2461085179_600_800_mask.png,nan
102,4,205,8,81,661,286,669,81,661,286,661,286,669,81,669,sub_line_text,text,text_4,arial,regular,7,17pabc_2cols_20211228_164100_2461085179_600_800.png,/scratch/parceirosbr/bigoilict/share/BigOil/document_generator/datasets/documents_2021_12_28/17pabc_2cols_20211228_164100_2461085179_600_800.png,17pabc_2cols_20211228_164100_2461085179_600_800_mask.png,"Tambem,  tal  qual  no  primeiro  modelo, poder-se-ia simular n-"
117,4,234,8,51,671,285,679,51,671,285,671,285,679,51,679,sub_line_text,text,text_4,arial,regular,7,17pabc_2cols_20211228_164100_2461085179_600_800.png,/scratch/parceirosbr/bigoilict/share/BigOil/document_generator/datasets/documents_2021_12_28/17pabc_2cols_20211228_164100_2461085179_600_800.png,17pabc_2cols_20211228_164100_2461085179_600_800_mask.png,ovamente  o  vasoconsiderando  uma  espessura  maior  dos domos.77.
117,4,234,8,51,681,285,689,51,681,285,681,285,689,51,689,sub_line_text,text,text_4,arial,regular,7,17pabc_2cols_20211228_164100_2461085179_600_800.png,/scratch/parceirosbr/bigoilict/share/BigOil/document_generator/datasets/documents_2021_12_28/17pabc_2cols_20211228_164100_2461085179_600_800.png,17pabc_2cols_20211228_164100_2461085179_600_800_mask.png,São  descritas  as técnicas utilizadas para a condução e para o acomp-
117,4,235,8,51,691,286,699,51,691,286,691,286,699,51,699,sub_line_text,text,text_4,arial,regular,7,17pabc_2cols_20211228_164100_2461085179_600_800.png,/scratch/parceirosbr/bigoilict/share/BigOil/document_generator/datasets/documents_2021_12_28/17pabc_2cols_20211228_164100_2461085179_600_800.png,17pabc_2cols_20211228_164100_2461085179_600_800_mask.png,anhamento  das  fermentações  e  dosagem  de alguns fatores de virulê-
117,4,235,8,51,701,286,709,51,701,286,701,286,709,51,709,sub_line_text,text,text_4,arial,regular,7,17pabc_2cols_20211228_164100_2461085179_600_800.png,/scratch/parceirosbr/bigoilict/share/BigOil/document_generator/datasets/documents_2021_12_28/17pabc_2cols_20211228_164100_2461085179_600_800.png,17pabc_2cols_20211228_164100_2461085179_600_800_mask.png,"ncia,  realizadas  no  de (LaBiM, de. Quando dois fluidos que não se mi-"
117,4,235,8,51,711,286,719,51,711,286,711,286,719,51,719,sub_line_text,text,text_4,arial,regular,7,17pabc_2cols_20211228_164100_2461085179_600_800.png,/scratch/parceirosbr/bigoilict/share/BigOil/document_generator/datasets/documents_2021_12_28/17pabc_2cols_20211228_164100_2461085179_600_800.png,17pabc_2cols_20211228_164100_2461085179_600_800_mask.png,"sturam  entram  em  contato,  entre eles se estabelece uma interface su-"
112,4,224,8,51,721,275,729,51,721,275,721,275,729,51,729,sub_line_text,text,text_4,arial,regular,7,17pabc_2cols_20211228_164100_2461085179_600_800.png,/scratch/parceirosbr/bigoilict/share/BigOil/document_generator/datasets/documents_2021_12_28/17pabc_2cols_20211228_164100_2461085179_600_800.png,17pabc_2cols_20211228_164100_2461085179_600_800_mask.png,bmetida a tensões reduzem a retirada de óleo para fora dos poros da.
117,34,235,68,51,661,286,729,51,661,286,661,286,729,51,729,text,text,text_4,arial,regular,7,17pabc_2cols_20211228_164100_2461085179_600_800.png,/scratch/parceirosbr/bigoilict/share/BigOil/document_generator/datasets/documents_2021_12_28/17pabc_2cols_20211228_164100_2461085179_600_800.png,17pabc_2cols_20211228_164100_2461085179_600_800_mask.png,nan
102,4,205,8,347,50,552,58,347,50,552,50,552,58,347,58,sub_line_text,text,text_5,arial,regular,7,17pabc_2cols_20211228_164100_2461085179_600_800.png,/scratch/parceirosbr/bigoilict/share/BigOil/document_generator/datasets/documents_2021_12_28/17pabc_2cols_20211228_164100_2461085179_600_800.png,17pabc_2cols_20211228_164100_2461085179_600_800_mask.png,"Para  comparar  os  preços mensais praticados no e no mundo,"
117,4,234,8,317,60,551,68,317,60,551,60,551,68,317,68,sub_line_text,text,text_5,arial,regular,7,17pabc_2cols_20211228_164100_2461085179_600_800.png,/scratch/parceirosbr/bigoilict/share/BigOil/document_generator/datasets/documents_2021_12_28/17pabc_2cols_20211228_164100_2461085179_600_800.png,17pabc_2cols_20211228_164100_2461085179_600_800_mask.png,"foram  utilizadas  duas  fontes  principais: a primeira, o de da de 2015) e"
117,4,235,8,317,70,552,78,317,70,552,70,552,78,317,78,sub_line_text,text,text_5,arial,regular,7,17pabc_2cols_20211228_164100_2461085179_600_800.png,/scratch/parceirosbr/bigoilict/share/BigOil/document_generator/datasets/documents_2021_12_28/17pabc_2cols_20211228_164100_2461085179_600_800.png,17pabc_2cols_20211228_164100_2461085179_600_800_mask.png,"a  segunda,  o  (World  2015).  Outras atividades, possuem potencial im-"
117,4,235,8,317,80,552,88,317,80,552,80,552,88,317,88,sub_line_text,text,text_5,arial,regular,7,17pabc_2cols_20211228_164100_2461085179_600_800.png,/scratch/parceirosbr/bigoilict/share/BigOil/document_generator/datasets/documents_2021_12_28/17pabc_2cols_20211228_164100_2461085179_600_800.png,17pabc_2cols_20211228_164100_2461085179_600_800_mask.png,"pactante,  como  o  transporte,  seja ele naval ou dutoviário. Labour mar-"
117,4,234,8,317,90,551,98,317,90,551,90,551,98,317,98,sub_line_text,text,text_5,arial,regular,7,17pabc_2cols_20211228_164100_2461085179_600_800.png,/scratch/parceirosbr/bigoilict/share/BigOil/document_generator/datasets/documents_2021_12_28/17pabc_2cols_20211228_164100_2461085179_600_800.png,17pabc_2cols_20211228_164100_2461085179_600_800_mask.png,ket  deregulation  and  economic performance: the case of docks. in vol.
117,4,234,8,317,100,551,108,317,100,551,100,551,108,317,108,sub_line_text,text,text_5,arial,regular,7,17pabc_2cols_20211228_164100_2461085179_600_800.png,/scratch/parceirosbr/bigoilict/share/BigOil/document_generator/datasets/documents_2021_12_28/17pabc_2cols_20211228_164100_2461085179_600_800.png,17pabc_2cols_20211228_164100_2461085179_600_800_mask.png,"5,  n.1, mar. 1991, p. 17-35. 123 i em de e. M unic ip al de e io m bie nt e"
117,4,235,8,317,110,552,118,317,110,552,110,552,118,317,118,sub_line_text,text,text_5,arial,regular,7,17pabc_2cols_20211228_164100_2461085179_600_800.png,/scratch/parceirosbr/bigoilict/share/BigOil/document_generator/datasets/documents_2021_12_28/17pabc_2cols_20211228_164100_2461085179_600_800.png,17pabc_2cols_20211228_164100_2461085179_600_800_mask.png,"da  r  e  fe  it ur a de it ib a ( e cr e t ar ia u ni ci pal de e io. Além disso, a"
117,4,235,8,317,120,552,128,317,120,552,120,552,128,317,128,sub_line_text,text,text_5,arial,regular,7,17pabc_2cols_20211228_164100_2461085179_600_800.png,/scratch/parceirosbr/bigoilict/share/BigOil/document_generator/datasets/documents_2021_12_28/17pabc_2cols_20211228_164100_2461085179_600_800.png,17pabc_2cols_20211228_164100_2461085179_600_800_mask.png,"política  dos  transportadores  para  obalanceamento  da rede, a curto pr-"
117,4,234,8,317,130,551,138,317,130,551,130,551,138,317,138,sub_line_text,text,text_5,arial,regular,7,17pabc_2cols_20211228_164100_2461085179_600_800.png,/scratch/parceirosbr/bigoilict/share/BigOil/document_generator/datasets/documents_2021_12_28/17pabc_2cols_20211228_164100_2461085179_600_800.png,17pabc_2cols_20211228_164100_2461085179_600_800_mask.png,"azo,  também  é  parte importante para o acesso efetivo à rede. Altera d-"
117,4,235,8,317,140,552,148,317,140,552,140,552,148,317,148,sub_line_text,text,text_5,arial,regular,7,17pabc_2cols_20211228_164100_2461085179_600_800.png,/scratch/parceirosbr/bigoilict/share/BigOil/document_generator/datasets/documents_2021_12_28/17pabc_2cols_20211228_164100_2461085179_600_800.png,17pabc_2cols_20211228_164100_2461085179_600_800_mask.png,"ispositivos  da  n  7,  de 9 de fevereiro de 2011. Da mesma forma que se"
117,4,234,8,317,150,551,158,317,150,551,150,551,158,317,158,sub_line_text,text,text_5,arial,regular,7,17pabc_2cols_20211228_164100_2461085179_600_800.png,/scratch/parceirosbr/bigoilict/share/BigOil/document_generator/datasets/documents_2021_12_28/17pabc_2cols_20211228_164100_2461085179_600_800.png,17pabc_2cols_20211228_164100_2461085179_600_800_mask.png,"fez  para  análise  do  número  de neurônios, faz-se uma análise para as"
115,4,230,8,317,160,547,168,317,160,547,160,547,168,317,168,sub_line_text,text,text_5,arial,regular,7,17pabc_2cols_20211228_164100_2461085179_600_800.png,/scratch/parceirosbr/bigoilict/share/BigOil/document_generator/datasets/documents_2021_12_28/17pabc_2cols_20211228_164100_2461085179_600_800.png,17pabc_2cols_20211228_164100_2461085179_600_800_mask.png,"funções de transferência, ou seja, são analisadas as combinações de."
117,59,235,118,317,50,552,168,317,50,552,50,552,168,317,168,text,text,text_5,arial,regular,7,17pabc_2cols_20211228_164100_2461085179_600_800.png,/scratch/parceirosbr/bigoilict/share/BigOil/document_generator/datasets/documents_2021_12_28/17pabc_2cols_20211228_164100_2461085179_600_800.png,17pabc_2cols_20211228_164100_2461085179_600_800_mask.png,nan
119,80,238,160,317,170,555,330,317,170,555,170,555,330,317,330,image,figure_image,figure_1,,,,17pabc_2cols_20211228_164100_2461085179_600_800.png,/scratch/parceirosbr/bigoilict/share/BigOil/document_generator/datasets/documents_2021_12_28/17pabc_2cols_20211228_164100_2461085179_600_800.png,17pabc_2cols_20211228_164100_2461085179_600_800_mask.png,output/gen_img_20211228_164113_6142230279.png
14,4,28,8,496,295,524,303,496,295,524,295,524,303,496,303,text,figure_text,figure_1,,,,17pabc_2cols_20211228_164100_2461085179_600_800.png,/scratch/parceirosbr/bigoilict/share/BigOil/document_generator/datasets/documents_2021_12_28/17pabc_2cols_20211228_164100_2461085179_600_800.png,17pabc_2cols_20211228_164100_2461085179_600_800_mask.png,Level (kl)
14,4,28,8,496,295,524,303,496,295,524,295,524,303,496,303,sub_line_text,figure_text,figure_1,,,,17pabc_2cols_20211228_164100_2461085179_600_800.png,/scratch/parceirosbr/bigoilict/share/BigOil/document_generator/datasets/documents_2021_12_28/17pabc_2cols_20211228_164100_2461085179_600_800.png,17pabc_2cols_20211228_164100_2461085179_600_800_mask.png,Level (kl)
15,3,31,7,482,280,513,287,482,280,513,280,513,287,482,287,text,figure_text,figure_1,,,,17pabc_2cols_20211228_164100_2461085179_600_800.png,/scratch/parceirosbr/bigoilict/share/BigOil/document_generator/datasets/documents_2021_12_28/17pabc_2cols_20211228_164100_2461085179_600_800.png,17pabc_2cols_20211228_164100_2461085179_600_800_mask.png,-8632.716
15,3,31,7,482,280,513,287,482,280,513,280,513,287,482,287,sub_line_text,figure_text,figure_1,,,,17pabc_2cols_20211228_164100_2461085179_600_800.png,/scratch/parceirosbr/bigoilict/share/BigOil/document_generator/datasets/documents_2021_12_28/17pabc_2cols_20211228_164100_2461085179_600_800.png,17pabc_2cols_20211228_164100_2461085179_600_800_mask.png,-8632.716
19,3,39,7,434,249,473,256,434,249,473,249,473,256,434,256,text,figure_text,figure_1,,,,17pabc_2cols_20211228_164100_2461085179_600_800.png,/scratch/parceirosbr/bigoilict/share/BigOil/document_generator/datasets/documents_2021_12_28/17pabc_2cols_20211228_164100_2461085179_600_800.png,17pabc_2cols_20211228_164100_2461085179_600_800_mask.png,Centimeters
19,3,39,7,434,249,473,256,434,249,473,249,473,256,434,256,sub_line_text,figure_text,figure_1,,,,17pabc_2cols_20211228_164100_2461085179_600_800.png,/scratch/parceirosbr/bigoilict/share/BigOil/document_generator/datasets/documents_2021_12_28/17pabc_2cols_20211228_164100_2461085179_600_800.png,17pabc_2cols_20211228_164100_2461085179_600_800_mask.png,Centimeters
18,4,37,9,460,193,497,202,460,193,497,193,497,202,460,202,text,figure_text,figure_1,,,,17pabc_2cols_20211228_164100_2461085179_600_800.png,/scratch/parceirosbr/bigoilict/share/BigOil/document_generator/datasets/documents_2021_12_28/17pabc_2cols_20211228_164100_2461085179_600_800.png,17pabc_2cols_20211228_164100_2461085179_600_800_mask.png,Experiment
18,4,37,9,460,193,497,202,460,193,497,193,497,202,460,202,sub_line_text,figure_text,figure_1,,,,17pabc_2cols_20211228_164100_2461085179_600_800.png,/scratch/parceirosbr/bigoilict/share/BigOil/document_generator/datasets/documents_2021_12_28/17pabc_2cols_20211228_164100_2461085179_600_800.png,17pabc_2cols_20211228_164100_2461085179_600_800_mask.png,Experiment
15,4,31,8,367,173,398,181,367,173,398,173,398,181,367,181,text,figure_text,figure_1,,,,17pabc_2cols_20211228_164100_2461085179_600_800.png,/scratch/parceirosbr/bigoilict/share/BigOil/document_generator/datasets/documents_2021_12_28/17pabc_2cols_20211228_164100_2461085179_600_800.png,17pabc_2cols_20211228_164100_2461085179_600_800_mask.png,Data (GB)
15,4,31,8,367,173,398,181,367,173,398,173,398,181,367,181,sub_line_text,figure_text,figure_1,,,,17pabc_2cols_20211228_164100_2461085179_600_800.png,/scratch/parceirosbr/bigoilict/share/BigOil/document_generator/datasets/documents_2021_12_28/17pabc_2cols_20211228_164100_2461085179_600_800.png,17pabc_2cols_20211228_164100_2461085179_600_800_mask.png,Data (GB)
24,4,49,9,436,172,485,181,436,172,485,172,485,181,436,181,text,figure_text,figure_1,,,,17pabc_2cols_20211228_164100_2461085179_600_800.png,/scratch/parceirosbr/bigoilict/share/BigOil/document_generator/datasets/documents_2021_12_28/17pabc_2cols_20211228_164100_2461085179_600_800.png,17pabc_2cols_20211228_164100_2461085179_600_800_mask.png,Processing [TB]
24,4,49,9,436,172,485,181,436,172,485,172,485,181,436,181,sub_line_text,figure_text,figure_1,,,,17pabc_2cols_20211228_164100_2461085179_600_800.png,/scratch/parceirosbr/bigoilict/share/BigOil/document_generator/datasets/documents_2021_12_28/17pabc_2cols_20211228_164100_2461085179_600_800.png,17pabc_2cols_20211228_164100_2461085179_600_800_mask.png,Processing [TB]
14,3,28,7,507,313,535,320,507,313,535,313,535,320,507,320,text,figure_text,figure_1,,,,17pabc_2cols_20211228_164100_2461085179_600_800.png,/scratch/parceirosbr/bigoilict/share/BigOil/document_generator/datasets/documents_2021_12_28/17pabc_2cols_20211228_164100_2461085179_600_800.png,17pabc_2cols_20211228_164100_2461085179_600_800_mask.png,-9821.62
14,3,28,7,507,313,535,320,507,313,535,313,535,320,507,320,sub_line_text,figure_text,figure_1,,,,17pabc_2cols_20211228_164100_2461085179_600_800.png,/scratch/parceirosbr/bigoilict/share/BigOil/document_generator/datasets/documents_2021_12_28/17pabc_2cols_20211228_164100_2461085179_600_800.png,17pabc_2cols_20211228_164100_2461085179_600_800_mask.png,-9821.62
14,3,29,7,359,283,388,290,359,283,388,283,388,290,359,290,text,figure_text,figure_1,,,,17pabc_2cols_20211228_164100_2461085179_600_800.png,/scratch/parceirosbr/bigoilict/share/BigOil/document_generator/datasets/documents_2021_12_28/17pabc_2cols_20211228_164100_2461085179_600_800.png,17pabc_2cols_20211228_164100_2461085179_600_800_mask.png,-3214.1%
14,3,29,7,359,283,388,290,359,283,388,283,388,290,359,290,sub_line_text,figure_text,figure_1,,,,17pabc_2cols_20211228_164100_2461085179_600_800.png,/scratch/parceirosbr/bigoilict/share/BigOil/document_generator/datasets/documents_2021_12_28/17pabc_2cols_20211228_164100_2461085179_600_800.png,17pabc_2cols_20211228_164100_2461085179_600_800_mask.png,-3214.1%
12,4,24,8,336,319,360,327,336,319,360,319,360,327,336,327,text,figure_text,figure_1,,,,17pabc_2cols_20211228_164100_2461085179_600_800.png,/scratch/parceirosbr/bigoilict/share/BigOil/document_generator/datasets/documents_2021_12_28/17pabc_2cols_20211228_164100_2461085179_600_800.png,17pabc_2cols_20211228_164100_2461085179_600_800_mask.png,-3023.6
12,4,24,8,336,319,360,327,336,319,360,319,360,327,336,327,sub_line_text,figure_text,figure_1,,,,17pabc_2cols_20211228_164100_2461085179_600_800.png,/scratch/parceirosbr/bigoilict/share/BigOil/document_generator/datasets/documents_2021_12_28/17pabc_2cols_20211228_164100_2461085179_600_800.png,17pabc_2cols_20211228_164100_2461085179_600_800_mask.png,-3023.6
16,4,33,9,354,191,387,200,354,191,387,191,387,200,354,200,text,figure_text,figure_1,,,,17pabc_2cols_20211228_164100_2461085179_600_800.png,/scratch/parceirosbr/bigoilict/share/BigOil/document_generator/datasets/documents_2021_12_28/17pabc_2cols_20211228_164100_2461085179_600_800.png,17pabc_2cols_20211228_164100_2461085179_600_800_mask.png,Liters (ML)
16,4,33,9,354,191,387,200,354,191,387,191,387,200,354,200,sub_line_text,figure_text,figure_1,,,,17pabc_2cols_20211228_164100_2461085179_600_800.png,/scratch/parceirosbr/bigoilict/share/BigOil/document_generator/datasets/documents_2021_12_28/17pabc_2cols_20211228_164100_2461085179_600_800.png,17pabc_2cols_20211228_164100_2461085179_600_800_mask.png,Liters (ML)
14,4,29,8,427,282,456,290,427,282,456,282,456,290,427,290,text,figure_text,figure_1,,,,17pabc_2cols_20211228_164100_2461085179_600_800.png,/scratch/parceirosbr/bigoilict/share/BigOil/document_generator/datasets/documents_2021_12_28/17pabc_2cols_20211228_164100_2461085179_600_800.png,17pabc_2cols_20211228_164100_2461085179_600_800_mask.png,-6714.0%
14,4,29,8,427,282,456,290,427,282,456,282,456,290,427,290,sub_line_text,figure_text,figure_1,,,,17pabc_2cols_20211228_164100_2461085179_600_800.png,/scratch/parceirosbr/bigoilict/share/BigOil/document_generator/datasets/documents_2021_12_28/17pabc_2cols_20211228_164100_2461085179_600_800.png,17pabc_2cols_20211228_164100_2461085179_600_800_mask.png,-6714.0%
19,4,39,9,500,214,539,223,500,214,539,214,539,223,500,223,text,figure_text,figure_1,,,,17pabc_2cols_20211228_164100_2461085179_600_800.png,/scratch/parceirosbr/bigoilict/share/BigOil/document_generator/datasets/documents_2021_12_28/17pabc_2cols_20211228_164100_2461085179_600_800.png,17pabc_2cols_20211228_164100_2461085179_600_800_mask.png,Volume (KB)
19,4,39,9,500,214,539,223,500,214,539,214,539,223,500,223,sub_line_text,figure_text,figure_1,,,,17pabc_2cols_20211228_164100_2461085179_600_800.png,/scratch/parceirosbr/bigoilict/share/BigOil/document_generator/datasets/documents_2021_12_28/17pabc_2cols_20211228_164100_2461085179_600_800.png,17pabc_2cols_20211228_164100_2461085179_600_800_mask.png,Volume (KB)
23,4,46,8,500,254,546,262,500,254,546,254,546,262,500,262,text,figure_text,figure_1,,,,17pabc_2cols_20211228_164100_2461085179_600_800.png,/scratch/parceirosbr/bigoilict/share/BigOil/document_generator/datasets/documents_2021_12_28/17pabc_2cols_20211228_164100_2461085179_600_800.png,17pabc_2cols_20211228_164100_2461085179_600_800_mask.png,Concentration
23,4,46,8,500,254,546,262,500,254,546,254,546,262,500,262,sub_line_text,figure_text,figure_1,,,,17pabc_2cols_20211228_164100_2461085179_600_800.png,/scratch/parceirosbr/bigoilict/share/BigOil/document_generator/datasets/documents_2021_12_28/17pabc_2cols_20211228_164100_2461085179_600_800.png,17pabc_2cols_20211228_164100_2461085179_600_800_mask.png,Concentration
20,4,40,9,465,306,505,315,465,306,505,306,505,315,465,315,text,figure_text,figure_1,,,,17pabc_2cols_20211228_164100_2461085179_600_800.png,/scratch/parceirosbr/bigoilict/share/BigOil/document_generator/datasets/documents_2021_12_28/17pabc_2cols_20211228_164100_2461085179_600_800.png,17pabc_2cols_20211228_164100_2461085179_600_800_mask.png,Volume [KB]
20,4,40,9,465,306,505,315,465,306,505,306,505,315,465,315,sub_line_text,figure_text,figure_1,,,,17pabc_2cols_20211228_164100_2461085179_600_800.png,/scratch/parceirosbr/bigoilict/share/BigOil/document_generator/datasets/documents_2021_12_28/17pabc_2cols_20211228_164100_2461085179_600_800.png,17pabc_2cols_20211228_164100_2461085179_600_800_mask.png,Volume [KB]
14,4,29,9,382,215,411,224,382,215,411,215,411,224,382,224,text,figure_text,figure_1,,,,17pabc_2cols_20211228_164100_2461085179_600_800.png,/scratch/parceirosbr/bigoilict/share/BigOil/document_generator/datasets/documents_2021_12_28/17pabc_2cols_20211228_164100_2461085179_600_800.png,17pabc_2cols_20211228_164100_2461085179_600_800_mask.png,Data (TB)
14,4,29,9,382,215,411,224,382,215,411,215,411,224,382,224,sub_line_text,figure_text,figure_1,,,,17pabc_2cols_20211228_164100_2461085179_600_800.png,/scratch/parceirosbr/bigoilict/share/BigOil/document_generator/datasets/documents_2021_12_28/17pabc_2cols_20211228_164100_2461085179_600_800.png,17pabc_2cols_20211228_164100_2461085179_600_800_mask.png,Data (TB)
8,3,16,7,324,187,340,194,324,187,340,187,340,194,324,194,text,figure_text,figure_1,,,,17pabc_2cols_20211228_164100_2461085179_600_800.png,/scratch/parceirosbr/bigoilict/share/BigOil/document_generator/datasets/documents_2021_12_28/17pabc_2cols_20211228_164100_2461085179_600_800.png,17pabc_2cols_20211228_164100_2461085179_600_800_mask.png,Tests
8,3,16,7,324,187,340,194,324,187,340,187,340,194,324,194,sub_line_text,figure_text,figure_1,,,,17pabc_2cols_20211228_164100_2461085179_600_800.png,/scratch/parceirosbr/bigoilict/share/BigOil/document_generator/datasets/documents_2021_12_28/17pabc_2cols_20211228_164100_2461085179_600_800.png,17pabc_2cols_20211228_164100_2461085179_600_800_mask.png,Tests
12,3,24,7,466,263,490,270,466,263,490,263,490,270,466,270,text,figure_text,figure_1,,,,17pabc_2cols_20211228_164100_2461085179_600_800.png,/scratch/parceirosbr/bigoilict/share/BigOil/document_generator/datasets/documents_2021_12_28/17pabc_2cols_20211228_164100_2461085179_600_800.png,17pabc_2cols_20211228_164100_2461085179_600_800_mask.png,-1446.5
12,3,24,7,466,263,490,270,466,263,490,263,490,270,466,270,sub_line_text,figure_text,figure_1,,,,17pabc_2cols_20211228_164100_2461085179_600_800.png,/scratch/parceirosbr/bigoilict/share/BigOil/document_generator/datasets/documents_2021_12_28/17pabc_2cols_20211228_164100_2461085179_600_800.png,17pabc_2cols_20211228_164100_2461085179_600_800_mask.png,-1446.5
103,4,207,8,317,335,524,343,317,335,524,335,524,343,317,343,sub_line_text,figure_legend,figure_1,arial,bold,7,17pabc_2cols_20211228_164100_2461085179_600_800.png,/scratch/parceirosbr/bigoilict/share/BigOil/document_generator/datasets/documents_2021_12_28/17pabc_2cols_20211228_164100_2461085179_600_800.png,17pabc_2cols_20211228_164100_2461085179_600_800_mask.png,Fig.  58:    NOTA:  incluídas em Outros as características e 2.4.
103,4,207,8,317,345,524,353,317,345,524,345,524,353,317,353,sub_line_text,figure_legend,figure_1,arial,bold,7,17pabc_2cols_20211228_164100_2461085179_600_800.png,/scratch/parceirosbr/bigoilict/share/BigOil/document_generator/datasets/documents_2021_12_28/17pabc_2cols_20211228_164100_2461085179_600_800.png,17pabc_2cols_20211228_164100_2461085179_600_800_mask.png,representaram  aproximadamente  42%  do  total  de  amostras
41,4,83,8,317,355,400,363,317,355,400,355,400,363,317,363,sub_line_text,figure_legend,figure_1,arial,bold,7,17pabc_2cols_20211228_164100_2461085179_600_800.png,/scratch/parceirosbr/bigoilict/share/BigOil/document_generator/datasets/documents_2021_12_28/17pabc_2cols_20211228_164100_2461085179_600_800.png,17pabc_2cols_20211228_164100_2461085179_600_800_mask.png,coletadas no período. 14.
103,14,207,28,317,335,524,363,317,335,524,335,524,363,317,363,text,figure_legend,figure_1,arial,bold,7,17pabc_2cols_20211228_164100_2461085179_600_800.png,/scratch/parceirosbr/bigoilict/share/BigOil/document_generator/datasets/documents_2021_12_28/17pabc_2cols_20211228_164100_2461085179_600_800.png,17pabc_2cols_20211228_164100_2461085179_600_800_mask.png,nan
119,34,238,68,317,365,555,433,317,365,555,365,555,433,317,433,list,list,list_1,arial,arial,7,17pabc_2cols_20211228_164100_2461085179_600_800.png,/scratch/parceirosbr/bigoilict/share/BigOil/document_generator/datasets/documents_2021_12_28/17pabc_2cols_20211228_164100_2461085179_600_800.png,17pabc_2cols_20211228_164100_2461085179_600_800_mask.png,
118,4,237,8,317,365,554,373,317,365,554,365,554,373,317,373,sub_line_text,list,list_1,arial,regular,7,17pabc_2cols_20211228_164100_2461085179_600_800.png,/scratch/parceirosbr/bigoilict/share/BigOil/document_generator/datasets/documents_2021_12_28/17pabc_2cols_20211228_164100_2461085179_600_800.png,17pabc_2cols_20211228_164100_2461085179_600_800_mask.png,"-  Hidrofobização,    caracterização   e   aplicação   da   vermiculita   para"
74,4,148,8,323,375,471,383,323,375,471,375,471,383,323,383,sub_line_text,list,list_1,arial,regular,7,17pabc_2cols_20211228_164100_2461085179_600_800.png,/scratch/parceirosbr/bigoilict/share/BigOil/document_generator/datasets/documents_2021_12_28/17pabc_2cols_20211228_164100_2461085179_600_800.png,17pabc_2cols_20211228_164100_2461085179_600_800_mask.png,remoção de óleo insolúvel em água. 2013. 74
119,4,238,8,317,385,555,393,317,385,555,385,555,393,317,393,sub_line_text,list,list_1,arial,regular,7,17pabc_2cols_20211228_164100_2461085179_600_800.png,/scratch/parceirosbr/bigoilict/share/BigOil/document_generator/datasets/documents_2021_12_28/17pabc_2cols_20211228_164100_2461085179_600_800.png,17pabc_2cols_20211228_164100_2461085179_600_800_mask.png,-  A    técnica   tem   como   vantagens   a   simplicidade   dos   materiais
111,4,223,8,323,395,546,403,323,395,546,395,546,403,323,403,sub_line_text,list,list_1,arial,regular,7,17pabc_2cols_20211228_164100_2461085179_600_800.png,/scratch/parceirosbr/bigoilict/share/BigOil/document_generator/datasets/documents_2021_12_28/17pabc_2cols_20211228_164100_2461085179_600_800.png,17pabc_2cols_20211228_164100_2461085179_600_800_mask.png,envolvidos para a formação de multicamadas. A sedimentação atual
118,4,237,8,317,405,554,413,317,405,554,405,554,413,317,413,sub_line_text,list,list_1,arial,regular,7,17pabc_2cols_20211228_164100_2461085179_600_800.png,/scratch/parceirosbr/bigoilict/share/BigOil/document_generator/datasets/documents_2021_12_28/17pabc_2cols_20211228_164100_2461085179_600_800.png,17pabc_2cols_20211228_164100_2461085179_600_800_mask.png,"-  Portanto,  não  existe  um  limite físico totalmente definido separando o"
44,4,88,8,323,415,411,423,323,415,411,415,411,423,323,423,sub_line_text,list,list_1,arial,regular,7,17pabc_2cols_20211228_164100_2461085179_600_800.png,/scratch/parceirosbr/bigoilict/share/BigOil/document_generator/datasets/documents_2021_12_28/17pabc_2cols_20211228_164100_2461085179_600_800.png,17pabc_2cols_20211228_164100_2461085179_600_800_mask.png,comportamento dos fluidos
119,4,238,8,317,425,555,433,317,425,555,425,555,433,317,433,sub_line_text,list,list_1,arial,regular,7,17pabc_2cols_20211228_164100_2461085179_600_800.png,/scratch/parceirosbr/bigoilict/share/BigOil/document_generator/datasets/documents_2021_12_28/17pabc_2cols_20211228_164100_2461085179_600_800.png,17pabc_2cols_20211228_164100_2461085179_600_800_mask.png,-  Apenas  1%  do  volume  total  comercializado  tem  como  destino  um
102,4,204,8,347,435,551,443,347,435,551,435,551,443,347,443,sub_line_text,text,text_6,arial,regular,7,17pabc_2cols_20211228_164100_2461085179_600_800.png,/scratch/parceirosbr/bigoilict/share/BigOil/document_generator/datasets/documents_2021_12_28/17pabc_2cols_20211228_164100_2461085179_600_800.png,17pabc_2cols_20211228_164100_2461085179_600_800_mask.png,Falhas  que  ocorrem  para  um  número de ciclos entre 1 e 103
117,4,234,8,317,445,551,453,317,445,551,445,551,453,317,453,sub_line_text,text,text_6,arial,regular,7,17pabc_2cols_20211228_164100_2461085179_600_800.png,/scratch/parceirosbr/bigoilict/share/BigOil/document_generator/datasets/documents_2021_12_28/17pabc_2cols_20211228_164100_2461085179_600_800.png,17pabc_2cols_20211228_164100_2461085179_600_800_mask.png,"são  classificadas  como  fadiga  de  baixo ciclo, enquanto que aquelas"
117,4,234,8,317,455,551,463,317,455,551,455,551,463,317,463,sub_line_text,text,text_6,arial,regular,7,17pabc_2cols_20211228_164100_2461085179_600_800.png,/scratch/parceirosbr/bigoilict/share/BigOil/document_generator/datasets/documents_2021_12_28/17pabc_2cols_20211228_164100_2461085179_600_800.png,17pabc_2cols_20211228_164100_2461085179_600_800_mask.png,"que  ocorrem  para  um  número  de  ciclos  de 103 a, aproximadamente,"
117,4,235,8,317,465,552,473,317,465,552,465,552,473,317,473,sub_line_text,text,text_6,arial,regular,7,17pabc_2cols_20211228_164100_2461085179_600_800.png,/scratch/parceirosbr/bigoilict/share/BigOil/document_generator/datasets/documents_2021_12_28/17pabc_2cols_20211228_164100_2461085179_600_800.png,17pabc_2cols_20211228_164100_2461085179_600_800_mask.png,106  são denominadas como de alto ciclo. são utilizados como guia pa-
117,4,234,8,317,475,551,483,317,475,551,475,551,483,317,483,sub_line_text,text,text_6,arial,regular,7,17pabc_2cols_20211228_164100_2461085179_600_800.png,/scratch/parceirosbr/bigoilict/share/BigOil/document_generator/datasets/documents_2021_12_28/17pabc_2cols_20211228_164100_2461085179_600_800.png,17pabc_2cols_20211228_164100_2461085179_600_800_mask.png,ra  a  associação  de  transportadores  (European  of for elaborar cada e-
117,4,234,8,317,485,551,493,317,485,551,485,551,493,317,493,sub_line_text,text,text_6,arial,regular,7,17pabc_2cols_20211228_164100_2461085179_600_800.png,/scratch/parceirosbr/bigoilict/share/BigOil/document_generator/datasets/documents_2021_12_28/17pabc_2cols_20211228_164100_2461085179_600_800.png,17pabc_2cols_20211228_164100_2461085179_600_800_mask.png,stabelecendo   regras  para  operações  transfronteiras  e  de  integração
117,4,234,8,317,495,551,503,317,495,551,495,551,503,317,503,sub_line_text,text,text_6,arial,regular,7,17pabc_2cols_20211228_164100_2461085179_600_800.png,/scratch/parceirosbr/bigoilict/share/BigOil/document_generator/datasets/documents_2021_12_28/17pabc_2cols_20211228_164100_2461085179_600_800.png,17pabc_2cols_20211228_164100_2461085179_600_800_mask.png,de  mercados.  x  do  elemento 905.15 de um arquivo de sada do 955.16
117,4,235,8,317,505,552,513,317,505,552,505,552,513,317,513,sub_line_text,text,text_6,arial,regular,7,17pabc_2cols_20211228_164100_2461085179_600_800.png,/scratch/parceirosbr/bigoilict/share/BigOil/document_generator/datasets/documents_2021_12_28/17pabc_2cols_20211228_164100_2461085179_600_800.png,17pabc_2cols_20211228_164100_2461085179_600_800_mask.png,da  fadiga  chapa-caverna5.17  da  fadiga no espacamento entre cavern-
117,4,234,8,317,515,551,523,317,515,551,515,551,523,317,523,sub_line_text,text,text_6,arial,regular,7,17pabc_2cols_20211228_164100_2461085179_600_800.png,/scratch/parceirosbr/bigoilict/share/BigOil/document_generator/datasets/documents_2021_12_28/17pabc_2cols_20211228_164100_2461085179_600_800.png,17pabc_2cols_20211228_164100_2461085179_600_800_mask.png,as  96xiii.  Tomando-se  como  base as características geométricas que
117,4,234,8,317,525,551,533,317,525,551,525,551,533,317,533,sub_line_text,text,text_6,arial,regular,7,17pabc_2cols_20211228_164100_2461085179_600_800.png,/scratch/parceirosbr/bigoilict/share/BigOil/document_generator/datasets/documents_2021_12_28/17pabc_2cols_20211228_164100_2461085179_600_800.png,17pabc_2cols_20211228_164100_2461085179_600_800_mask.png,proporcionaram  as  melhores  condições  de  transferência  de oxigênio
117,4,234,8,317,535,551,543,317,535,551,535,551,543,317,543,sub_line_text,text,text_6,arial,regular,7,17pabc_2cols_20211228_164100_2461085179_600_800.png,/scratch/parceirosbr/bigoilict/share/BigOil/document_generator/datasets/documents_2021_12_28/17pabc_2cols_20211228_164100_2461085179_600_800.png,17pabc_2cols_20211228_164100_2461085179_600_800_mask.png,(aumento  do  ângulo  e  diminuição  da fração volumétrica de líquido na
117,4,234,8,317,545,551,553,317,545,551,545,551,553,317,553,sub_line_text,text,text_6,arial,regular,7,17pabc_2cols_20211228_164100_2461085179_600_800.png,/scratch/parceirosbr/bigoilict/share/BigOil/document_generator/datasets/documents_2021_12_28/17pabc_2cols_20211228_164100_2461085179_600_800.png,17pabc_2cols_20211228_164100_2461085179_600_800_mask.png,"região  de  mistura),  pode-se  supor  que  com  este design da região de"
111,4,222,8,317,555,539,563,317,555,539,555,539,563,317,563,sub_line_text,text,text_6,arial,regular,7,17pabc_2cols_20211228_164100_2461085179_600_800.png,/scratch/parceirosbr/bigoilict/share/BigOil/document_generator/datasets/documents_2021_12_28/17pabc_2cols_20211228_164100_2461085179_600_800.png,17pabc_2cols_20211228_164100_2461085179_600_800_mask.png,"mistura, o biorreator airlift operaria com um coeficiente de arrasto de."
117,64,235,128,317,435,552,563,317,435,552,435,552,563,317,563,text,text,text_6,arial,regular,7,17pabc_2cols_20211228_164100_2461085179_600_800.png,/scratch/parceirosbr/bigoilict/share/BigOil/document_generator/datasets/documents_2021_12_28/17pabc_2cols_20211228_164100_2461085179_600_800.png,17pabc_2cols_20211228_164100_2461085179_600_800_mask.png,nan
102,4,204,8,347,565,551,573,347,565,551,565,551,573,347,573,sub_line_text,text,text_7,arial,regular,7,17pabc_2cols_20211228_164100_2461085179_600_800.png,/scratch/parceirosbr/bigoilict/share/BigOil/document_generator/datasets/documents_2021_12_28/17pabc_2cols_20211228_164100_2461085179_600_800.png,17pabc_2cols_20211228_164100_2461085179_600_800_mask.png,Agglomeration  andbreakage  of  nanoparticles in stirred media
117,4,235,8,317,575,552,583,317,575,552,575,552,583,317,583,sub_line_text,text,text_7,arial,regular,7,17pabc_2cols_20211228_164100_2461085179_600_800.png,/scratch/parceirosbr/bigoilict/share/BigOil/document_generator/datasets/documents_2021_12_28/17pabc_2cols_20211228_164100_2461085179_600_800.png,17pabc_2cols_20211228_164100_2461085179_600_800_mask.png,"millsa  comparison  of  dierent methodsand models. Além disso, a água,"
117,4,234,8,317,585,551,593,317,585,551,585,551,593,317,593,sub_line_text,text,text_7,arial,regular,7,17pabc_2cols_20211228_164100_2461085179_600_800.png,/scratch/parceirosbr/bigoilict/share/BigOil/document_generator/datasets/documents_2021_12_28/17pabc_2cols_20211228_164100_2461085179_600_800.png,17pabc_2cols_20211228_164100_2461085179_600_800_mask.png,"sob  condições  alcalinas, reage com os acilgliceróis. Alta e de são aq-"
117,4,234,8,317,595,551,603,317,595,551,595,551,603,317,603,sub_line_text,text,text_7,arial,regular,7,17pabc_2cols_20211228_164100_2461085179_600_800.png,/scratch/parceirosbr/bigoilict/share/BigOil/document_generator/datasets/documents_2021_12_28/17pabc_2cols_20211228_164100_2461085179_600_800.png,17pabc_2cols_20211228_164100_2461085179_600_800_mask.png,ueles  que  suprem  a  maior parte da demanda mundial. Partindo-se pa-
117,4,235,8,317,605,552,613,317,605,552,605,552,613,317,613,sub_line_text,text,text_7,arial,regular,7,17pabc_2cols_20211228_164100_2461085179_600_800.png,/scratch/parceirosbr/bigoilict/share/BigOil/document_generator/datasets/documents_2021_12_28/17pabc_2cols_20211228_164100_2461085179_600_800.png,17pabc_2cols_20211228_164100_2461085179_600_800_mask.png,"ra  uma  escala  de maior detalhe, as interpretações das seções sísmic-"
117,4,235,8,317,615,552,623,317,615,552,615,552,623,317,623,sub_line_text,text,text_7,arial,regular,7,17pabc_2cols_20211228_164100_2461085179_600_800.png,/scratch/parceirosbr/bigoilict/share/BigOil/document_generator/datasets/documents_2021_12_28/17pabc_2cols_20211228_164100_2461085179_600_800.png,17pabc_2cols_20211228_164100_2461085179_600_800_mask.png,"as  foram  analisadas  de  maneira conjunta, restritas as direções dos p-"
117,4,234,8,317,625,551,633,317,625,551,625,551,633,317,633,sub_line_text,text,text_7,arial,regular,7,17pabc_2cols_20211228_164100_2461085179_600_800.png,/scratch/parceirosbr/bigoilict/share/BigOil/document_generator/datasets/documents_2021_12_28/17pabc_2cols_20211228_164100_2461085179_600_800.png,17pabc_2cols_20211228_164100_2461085179_600_800_mask.png,"lanos  nodais,  com  o  propósito de quantificar e qualificar as estruturas"
117,4,235,8,317,635,552,643,317,635,552,635,552,643,317,643,sub_line_text,text,text_7,arial,regular,7,17pabc_2cols_20211228_164100_2461085179_600_800.png,/scratch/parceirosbr/bigoilict/share/BigOil/document_generator/datasets/documents_2021_12_28/17pabc_2cols_20211228_164100_2461085179_600_800.png,17pabc_2cols_20211228_164100_2461085179_600_800_mask.png,presentes  nessas  direções  e  definir a continuidade das mesmas ao l-
117,4,234,8,317,645,551,653,317,645,551,645,551,653,317,653,sub_line_text,text,text_7,arial,regular,7,17pabc_2cols_20211228_164100_2461085179_600_800.png,/scratch/parceirosbr/bigoilict/share/BigOil/document_generator/datasets/documents_2021_12_28/17pabc_2cols_20211228_164100_2461085179_600_800.png,17pabc_2cols_20211228_164100_2461085179_600_800_mask.png,"ongo  dos  dados. Dessa forma, na visão da os fornecedores de gás na-"
117,4,235,8,317,655,552,663,317,655,552,655,552,663,317,663,sub_line_text,text,text_7,arial,regular,7,17pabc_2cols_20211228_164100_2461085179_600_800.png,/scratch/parceirosbr/bigoilict/share/BigOil/document_generator/datasets/documents_2021_12_28/17pabc_2cols_20211228_164100_2461085179_600_800.png,17pabc_2cols_20211228_164100_2461085179_600_800_mask.png,"tural  devem  ter  em  conta os interesses dos compradores, ou seja, im-"
117,4,235,8,317,665,552,673,317,665,552,665,552,673,317,673,sub_line_text,text,text_7,arial,regular,7,17pabc_2cols_20211228_164100_2461085179_600_800.png,/scratch/parceirosbr/bigoilict/share/BigOil/document_generator/datasets/documents_2021_12_28/17pabc_2cols_20211228_164100_2461085179_600_800.png,17pabc_2cols_20211228_164100_2461085179_600_800_mask.png,porta  que  os  compradores  possuam informações e elementos suficie-
117,4,234,8,317,675,551,683,317,675,551,675,551,683,317,683,sub_line_text,text,text_7,arial,regular,7,17pabc_2cols_20211228_164100_2461085179_600_800.png,/scratch/parceirosbr/bigoilict/share/BigOil/document_generator/datasets/documents_2021_12_28/17pabc_2cols_20211228_164100_2461085179_600_800.png,17pabc_2cols_20211228_164100_2461085179_600_800_mask.png,"ntes  para  uma  boa  tomada de decisão. Se, durante a operação de tro-"
112,4,224,8,317,685,541,693,317,685,541,685,541,693,317,693,sub_line_text,text,text_7,arial,regular,7,17pabc_2cols_20211228_164100_2461085179_600_800.png,/scratch/parceirosbr/bigoilict/share/BigOil/document_generator/datasets/documents_2021_12_28/17pabc_2cols_20211228_164100_2461085179_600_800.png,17pabc_2cols_20211228_164100_2461085179_600_800_mask.png,"ca da linha, ocorrer uma elevação muito rápida da estrutura de forma."
117,64,235,128,317,565,552,693,317,565,552,565,552,693,317,693,text,text,text_7,arial,regular,7,17pabc_2cols_20211228_164100_2461085179_600_800.png,/scratch/parceirosbr/bigoilict/share/BigOil/document_generator/datasets/documents_2021_12_28/17pabc_2cols_20211228_164100_2461085179_600_800.png,17pabc_2cols_20211228_164100_2461085179_600_800_mask.png,nan
102,4,205,8,347,695,552,703,347,695,552,695,552,703,347,703,sub_line_text,text,text_8,arial,regular,7,17pabc_2cols_20211228_164100_2461085179_600_800.png,/scratch/parceirosbr/bigoilict/share/BigOil/document_generator/datasets/documents_2021_12_28/17pabc_2cols_20211228_164100_2461085179_600_800.png,17pabc_2cols_20211228_164100_2461085179_600_800_mask.png,O  peso  do  recipiente  propriamente  dito  varia  ao redor de 15
117,4,235,8,317,705,552,713,317,705,552,705,552,713,317,713,sub_line_text,text,text_8,arial,regular,7,17pabc_2cols_20211228_164100_2461085179_600_800.png,/scratch/parceirosbr/bigoilict/share/BigOil/document_generator/datasets/documents_2021_12_28/17pabc_2cols_20211228_164100_2461085179_600_800.png,17pabc_2cols_20211228_164100_2461085179_600_800_mask.png,kg.  O  nióbio  é  um elemento de transição pertencente ao grupo 5 ou da
117,4,235,8,317,715,552,723,317,715,552,715,552,723,317,723,sub_line_text,text,text_8,arial,regular,7,17pabc_2cols_20211228_164100_2461085179_600_800.png,/scratch/parceirosbr/bigoilict/share/BigOil/document_generator/datasets/documents_2021_12_28/17pabc_2cols_20211228_164100_2461085179_600_800.png,17pabc_2cols_20211228_164100_2461085179_600_800_mask.png,classificação  periódica  dos  elementos. O movimento de desregulação
112,4,224,8,317,725,541,733,317,725,541,725,541,733,317,733,sub_line_text,text,text_8,arial,regular,7,17pabc_2cols_20211228_164100_2461085179_600_800.png,/scratch/parceirosbr/bigoilict/share/BigOil/document_generator/datasets/documents_2021_12_28/17pabc_2cols_20211228_164100_2461085179_600_800.png,17pabc_2cols_20211228_164100_2461085179_600_800_mask.png,da economia vivido nos anos 1980 não encontra paralelo na história.
117,19,235,38,317,695,552,733,317,695,552,695,552,733,317,733,text,text,text_8,arial,regular,7,17pabc_2cols_20211228_164100_2461085179_600_800.png,/scratch/parceirosbr/bigoilict/share/BigOil/document_generator/datasets/documents_2021_12_28/17pabc_2cols_20211228_164100_2461085179_600_800.png,17pabc_2cols_20211228_164100_2461085179_600_800_mask.png,nan
