center_x,center_y,width,height,xmin,ymin,xmax,ymax,top_left_x,top_left_y,top_right_x,top_right_y,bottom_right_x,bottom_right_y,bottom_left_x,bottom_left_y,label,grouplabel,group,text_font,text_style,size_font,filename,path,filename_mask,content
300,400,600,800,0,0,600,800,0,0,600,0,600,800,0,800,document,,,,,,18pabc_3cols_20211228_164137_9349189716_600_800.png,/scratch/parceirosbr/bigoilict/share/BigOil/document_generator/datasets/documents_2021_12_28/18pabc_3cols_20211228_164137_9349189716_600_800.png,18pabc_3cols_20211228_164137_9349189716_600_800_mask.png,
6,4,12,8,539,79,551,87,539,79,551,79,551,87,539,87,sub_line_text,numpag,header_1,roboto,regular,7,18pabc_3cols_20211228_164137_9349189716_600_800.png,/scratch/parceirosbr/bigoilict/share/BigOil/document_generator/datasets/documents_2021_12_28/18pabc_3cols_20211228_164137_9349189716_600_800.png,18pabc_3cols_20211228_164137_9349189716_600_800_mask.png,104
6,4,12,8,539,79,551,87,539,79,551,79,551,87,539,87,text,numpag,header_1,roboto,regular,7,18pabc_3cols_20211228_164137_9349189716_600_800.png,/scratch/parceirosbr/bigoilict/share/BigOil/document_generator/datasets/documents_2021_12_28/18pabc_3cols_20211228_164137_9349189716_600_800.png,18pabc_3cols_20211228_164137_9349189716_600_800_mask.png,nan
38,4,77,8,72,79,149,87,72,79,149,79,149,87,72,87,sub_line_text,header,header_1,roboto,regular,7,18pabc_3cols_20211228_164137_9349189716_600_800.png,/scratch/parceirosbr/bigoilict/share/BigOil/document_generator/datasets/documents_2021_12_28/18pabc_3cols_20211228_164137_9349189716_600_800.png,18pabc_3cols_20211228_164137_9349189716_600_800_mask.png,"Em seguida, escolhe-se"
38,4,77,8,72,79,149,87,72,79,149,79,149,87,72,87,text,header,header_1,roboto,regular,7,18pabc_3cols_20211228_164137_9349189716_600_800.png,/scratch/parceirosbr/bigoilict/share/BigOil/document_generator/datasets/documents_2021_12_28/18pabc_3cols_20211228_164137_9349189716_600_800.png,18pabc_3cols_20211228_164137_9349189716_600_800_mask.png,nan
240,1,480,2,72,86,552,88,72,86,552,86,552,88,72,88,line,line,line,,,,18pabc_3cols_20211228_164137_9349189716_600_800.png,/scratch/parceirosbr/bigoilict/share/BigOil/document_generator/datasets/documents_2021_12_28/18pabc_3cols_20211228_164137_9349189716_600_800.png,18pabc_3cols_20211228_164137_9349189716_600_800_mask.png,nan
151,8,302,17,143,94,445,111,143,94,445,94,445,111,143,111,sub_line_text,title,title_0,roboto,bolditalic,13,18pabc_3cols_20211228_164137_9349189716_600_800.png,/scratch/parceirosbr/bigoilict/share/BigOil/document_generator/datasets/documents_2021_12_28/18pabc_3cols_20211228_164137_9349189716_600_800.png,18pabc_3cols_20211228_164137_9349189716_600_800_mask.png,Atualmente conta 908 capacidade instalada previsão
151,8,302,17,143,94,445,111,143,94,445,94,445,111,143,111,title,title,title_0,roboto,bolditalic,13,18pabc_3cols_20211228_164137_9349189716_600_800.png,/scratch/parceirosbr/bigoilict/share/BigOil/document_generator/datasets/documents_2021_12_28/18pabc_3cols_20211228_164137_9349189716_600_800.png,18pabc_3cols_20211228_164137_9349189716_600_800_mask.png,nan
18,3,36,7,294,130,330,137,294,130,330,130,330,137,294,137,sub_line_text,equation,equation_0,roboto,bold,6,18pabc_3cols_20211228_164137_9349189716_600_800.png,/scratch/parceirosbr/bigoilict/share/BigOil/document_generator/datasets/documents_2021_12_28/18pabc_3cols_20211228_164137_9349189716_600_800.png,18pabc_3cols_20211228_164137_9349189716_600_800_mask.png,Equação (148)
109,17,219,34,111,117,330,151,111,117,330,117,330,151,111,151,equation,equation,equation_0,,,,18pabc_3cols_20211228_164137_9349189716_600_800.png,/scratch/parceirosbr/bigoilict/share/BigOil/document_generator/datasets/documents_2021_12_28/18pabc_3cols_20211228_164137_9349189716_600_800.png,18pabc_3cols_20211228_164137_9349189716_600_800_mask.png,
39,6,78,13,106,157,184,170,106,157,184,157,184,170,106,170,sub_line_text,subtitle,subtitle_0,roboto,regular,11,18pabc_3cols_20211228_164137_9349189716_600_800.png,/scratch/parceirosbr/bigoilict/share/BigOil/document_generator/datasets/documents_2021_12_28/18pabc_3cols_20211228_164137_9349189716_600_800.png,18pabc_3cols_20211228_164137_9349189716_600_800_mask.png,"Panambi/RS), o"
39,6,78,13,106,157,184,170,106,157,184,157,184,170,106,170,title,subtitle,subtitle_0,roboto,regular,11,18pabc_3cols_20211228_164137_9349189716_600_800.png,/scratch/parceirosbr/bigoilict/share/BigOil/document_generator/datasets/documents_2021_12_28/18pabc_3cols_20211228_164137_9349189716_600_800.png,18pabc_3cols_20211228_164137_9349189716_600_800_mask.png,nan
65,4,131,8,86,176,217,184,86,176,217,176,217,184,86,184,sub_line_text,text,text_0,roboto,regular,7,18pabc_3cols_20211228_164137_9349189716_600_800.png,/scratch/parceirosbr/bigoilict/share/BigOil/document_generator/datasets/documents_2021_12_28/18pabc_3cols_20211228_164137_9349189716_600_800.png,18pabc_3cols_20211228_164137_9349189716_600_800_mask.png,"Dessa  maneira,  foi  verificada  a capac-"
72,4,144,8,72,189,216,197,72,189,216,189,216,197,72,197,sub_line_text,text,text_0,roboto,regular,7,18pabc_3cols_20211228_164137_9349189716_600_800.png,/scratch/parceirosbr/bigoilict/share/BigOil/document_generator/datasets/documents_2021_12_28/18pabc_3cols_20211228_164137_9349189716_600_800.png,18pabc_3cols_20211228_164137_9349189716_600_800_mask.png,idade   dos   nanosuportes  de  carbono  não
72,4,144,8,72,202,216,210,72,202,216,202,216,210,72,210,sub_line_text,text,text_0,roboto,regular,7,18pabc_3cols_20211228_164137_9349189716_600_800.png,/scratch/parceirosbr/bigoilict/share/BigOil/document_generator/datasets/documents_2021_12_28/18pabc_3cols_20211228_164137_9349189716_600_800.png,18pabc_3cols_20211228_164137_9349189716_600_800_mask.png,modificado  e  após  tratamento  e  modifica-
72,4,144,8,72,215,216,223,72,215,216,215,216,223,72,223,sub_line_text,text,text_0,roboto,regular,7,18pabc_3cols_20211228_164137_9349189716_600_800.png,/scratch/parceirosbr/bigoilict/share/BigOil/document_generator/datasets/documents_2021_12_28/18pabc_3cols_20211228_164137_9349189716_600_800.png,18pabc_3cols_20211228_164137_9349189716_600_800_mask.png,ção   atuarem  como  superfícies  catalíticas
72,4,144,8,72,228,216,236,72,228,216,228,216,236,72,236,sub_line_text,text,text_0,roboto,regular,7,18pabc_3cols_20211228_164137_9349189716_600_800.png,/scratch/parceirosbr/bigoilict/share/BigOil/document_generator/datasets/documents_2021_12_28/18pabc_3cols_20211228_164137_9349189716_600_800.png,18pabc_3cols_20211228_164137_9349189716_600_800_mask.png,para  a.  possível  observar  na  figura  acima
72,4,145,8,72,241,217,249,72,241,217,241,217,249,72,249,sub_line_text,text,text_0,roboto,regular,7,18pabc_3cols_20211228_164137_9349189716_600_800.png,/scratch/parceirosbr/bigoilict/share/BigOil/document_generator/datasets/documents_2021_12_28/18pabc_3cols_20211228_164137_9349189716_600_800.png,18pabc_3cols_20211228_164137_9349189716_600_800_mask.png,"que,  com  a  média  do  preço relativo por vo-"
72,4,144,8,72,254,216,262,72,254,216,254,216,262,72,262,sub_line_text,text,text_0,roboto,regular,7,18pabc_3cols_20211228_164137_9349189716_600_800.png,/scratch/parceirosbr/bigoilict/share/BigOil/document_generator/datasets/documents_2021_12_28/18pabc_3cols_20211228_164137_9349189716_600_800.png,18pabc_3cols_20211228_164137_9349189716_600_800_mask.png,"lta  de  0,7,  o  consumo  de etanol represent-"
72,4,144,8,72,267,216,275,72,267,216,267,216,275,72,275,sub_line_text,text,text_0,roboto,regular,7,18pabc_3cols_20211228_164137_9349189716_600_800.png,/scratch/parceirosbr/bigoilict/share/BigOil/document_generator/datasets/documents_2021_12_28/18pabc_3cols_20211228_164137_9349189716_600_800.png,18pabc_3cols_20211228_164137_9349189716_600_800_mask.png,ará  em  2022  aproximadamente  70% do co-
72,4,145,8,72,280,217,288,72,280,217,280,217,288,72,288,sub_line_text,text,text_0,roboto,regular,7,18pabc_3cols_20211228_164137_9349189716_600_800.png,/scratch/parceirosbr/bigoilict/share/BigOil/document_generator/datasets/documents_2021_12_28/18pabc_3cols_20211228_164137_9349189716_600_800.png,18pabc_3cols_20211228_164137_9349189716_600_800_mask.png,"nsumo  da  frota  flex.  Ainda  assim,  como a"
67,4,134,8,72,293,206,301,72,293,206,293,206,301,72,301,sub_line_text,text,text_0,roboto,regular,7,18pabc_3cols_20211228_164137_9349189716_600_800.png,/scratch/parceirosbr/bigoilict/share/BigOil/document_generator/datasets/documents_2021_12_28/18pabc_3cols_20211228_164137_9349189716_600_800.png,18pabc_3cols_20211228_164137_9349189716_600_800_mask.png,flotação é sempre precedida da etapa de.
72,62,145,125,72,176,217,301,72,176,217,176,217,301,72,301,text,text,text_0,roboto,regular,7,18pabc_3cols_20211228_164137_9349189716_600_800.png,/scratch/parceirosbr/bigoilict/share/BigOil/document_generator/datasets/documents_2021_12_28/18pabc_3cols_20211228_164137_9349189716_600_800.png,18pabc_3cols_20211228_164137_9349189716_600_800_mask.png,nan
42,5,85,11,103,307,188,318,103,307,188,307,188,318,103,318,sub_line_text,subsubtitle,subsubtitle_0,roboto,regular,9,18pabc_3cols_20211228_164137_9349189716_600_800.png,/scratch/parceirosbr/bigoilict/share/BigOil/document_generator/datasets/documents_2021_12_28/18pabc_3cols_20211228_164137_9349189716_600_800.png,18pabc_3cols_20211228_164137_9349189716_600_800_mask.png,Autores reconhecem
42,5,85,11,103,307,188,318,103,307,188,307,188,318,103,318,title,subsubtitle,subsubtitle_0,roboto,regular,9,18pabc_3cols_20211228_164137_9349189716_600_800.png,/scratch/parceirosbr/bigoilict/share/BigOil/document_generator/datasets/documents_2021_12_28/18pabc_3cols_20211228_164137_9349189716_600_800.png,18pabc_3cols_20211228_164137_9349189716_600_800_mask.png,nan
65,4,131,8,86,324,217,332,86,324,217,324,217,332,86,332,sub_line_text,text,text_1,roboto,regular,7,18pabc_3cols_20211228_164137_9349189716_600_800.png,/scratch/parceirosbr/bigoilict/share/BigOil/document_generator/datasets/documents_2021_12_28/18pabc_3cols_20211228_164137_9349189716_600_800.png,18pabc_3cols_20211228_164137_9349189716_600_800_mask.png,Uma  vez  que  este  perfil  está desloca-
72,4,144,8,72,337,216,345,72,337,216,337,216,345,72,345,sub_line_text,text,text_1,roboto,regular,7,18pabc_3cols_20211228_164137_9349189716_600_800.png,/scratch/parceirosbr/bigoilict/share/BigOil/document_generator/datasets/documents_2021_12_28/18pabc_3cols_20211228_164137_9349189716_600_800.png,18pabc_3cols_20211228_164137_9349189716_600_800_mask.png,do  para  o  oeste  em relação ao perfil sísm-
72,4,144,8,72,350,216,358,72,350,216,350,216,358,72,358,sub_line_text,text,text_1,roboto,regular,7,18pabc_3cols_20211228_164137_9349189716_600_800.png,/scratch/parceirosbr/bigoilict/share/BigOil/document_generator/datasets/documents_2021_12_28/18pabc_3cols_20211228_164137_9349189716_600_800.png,18pabc_3cols_20211228_164137_9349189716_600_800_mask.png,"ico,  é  muito  plausível que o alto do embas-"
72,4,144,8,72,363,216,371,72,363,216,363,216,371,72,371,sub_line_text,text,text_1,roboto,regular,7,18pabc_3cols_20211228_164137_9349189716_600_800.png,/scratch/parceirosbr/bigoilict/share/BigOil/document_generator/datasets/documents_2021_12_28/18pabc_3cols_20211228_164137_9349189716_600_800.png,18pabc_3cols_20211228_164137_9349189716_600_800_mask.png,"amento,  também  observado  no  perfil sísm-"
72,4,145,8,72,376,217,384,72,376,217,376,217,384,72,384,sub_line_text,text,text_1,roboto,regular,7,18pabc_3cols_20211228_164137_9349189716_600_800.png,/scratch/parceirosbr/bigoilict/share/BigOil/document_generator/datasets/documents_2021_12_28/18pabc_3cols_20211228_164137_9349189716_600_800.png,18pabc_3cols_20211228_164137_9349189716_600_800_mask.png,"ico,  se  torne  mais  proeminente para oeste."
72,4,145,8,72,389,217,397,72,389,217,389,217,397,72,397,sub_line_text,text,text_1,roboto,regular,7,18pabc_3cols_20211228_164137_9349189716_600_800.png,/scratch/parceirosbr/bigoilict/share/BigOil/document_generator/datasets/documents_2021_12_28/18pabc_3cols_20211228_164137_9349189716_600_800.png,18pabc_3cols_20211228_164137_9349189716_600_800_mask.png,Algumas  das  decisões  ambientais e econ-
68,4,136,8,72,402,208,410,72,402,208,402,208,410,72,410,sub_line_text,text,text_1,roboto,regular,7,18pabc_3cols_20211228_164137_9349189716_600_800.png,/scratch/parceirosbr/bigoilict/share/BigOil/document_generator/datasets/documents_2021_12_28/18pabc_3cols_20211228_164137_9349189716_600_800.png,18pabc_3cols_20211228_164137_9349189716_600_800_mask.png,"ômicas importantes, descoberta de novas."
72,43,145,86,72,324,217,410,72,324,217,324,217,410,72,410,text,text,text_1,roboto,regular,7,18pabc_3cols_20211228_164137_9349189716_600_800.png,/scratch/parceirosbr/bigoilict/share/BigOil/document_generator/datasets/documents_2021_12_28/18pabc_3cols_20211228_164137_9349189716_600_800.png,18pabc_3cols_20211228_164137_9349189716_600_800_mask.png,nan
65,3,130,7,72,416,202,423,72,416,202,416,202,423,72,423,sub_line_text,table_legend,table_0,roboto,bold,6,18pabc_3cols_20211228_164137_9349189716_600_800.png,/scratch/parceirosbr/bigoilict/share/BigOil/document_generator/datasets/documents_2021_12_28/18pabc_3cols_20211228_164137_9349189716_600_800.png,18pabc_3cols_20211228_164137_9349189716_600_800_mask.png,"Tab.   131:      o   arquivo  de  input  write(*,'(a)')"
65,3,130,7,72,428,202,435,72,428,202,428,202,435,72,435,sub_line_text,table_legend,table_0,roboto,bold,6,18pabc_3cols_20211228_164137_9349189716_600_800.png,/scratch/parceirosbr/bigoilict/share/BigOil/document_generator/datasets/documents_2021_12_28/18pabc_3cols_20211228_164137_9349189716_600_800.png,18pabc_3cols_20211228_164137_9349189716_600_800_mask.png,arquivo    input    nao    foi   encontrado'   write(-
42,3,85,7,72,440,157,447,72,440,157,440,157,447,72,447,sub_line_text,table_legend,table_0,roboto,bold,6,18pabc_3cols_20211228_164137_9349189716_600_800.png,/scratch/parceirosbr/bigoilict/share/BigOil/document_generator/datasets/documents_2021_12_28/18pabc_3cols_20211228_164137_9349189716_600_800.png,18pabc_3cols_20211228_164137_9349189716_600_800_mask.png,"*,'(a)') programa vai escrever um"
65,15,130,31,72,416,202,447,72,416,202,416,202,447,72,447,text,table_legend,table_0,roboto,bold,6,18pabc_3cols_20211228_164137_9349189716_600_800.png,/scratch/parceirosbr/bigoilict/share/BigOil/document_generator/datasets/documents_2021_12_28/18pabc_3cols_20211228_164137_9349189716_600_800.png,18pabc_3cols_20211228_164137_9349189716_600_800_mask.png,nan
70,66,141,132,75,452,216,584,75,452,216,452,216,584,75,584,table,table_image,table_0,,,,18pabc_3cols_20211228_164137_9349189716_600_800.png,/scratch/parceirosbr/bigoilict/share/BigOil/document_generator/datasets/documents_2021_12_28/18pabc_3cols_20211228_164137_9349189716_600_800.png,18pabc_3cols_20211228_164137_9349189716_600_800_mask.png,output/gen_tab_20211228_164138_6345020098.png
15,4,30,8,122,457,152,465,122,457,152,457,152,465,122,465,text,table_text,table_0,times,regular,7.0,18pabc_3cols_20211228_164137_9349189716_600_800.png,/scratch/parceirosbr/bigoilict/share/BigOil/document_generator/datasets/documents_2021_12_28/18pabc_3cols_20211228_164137_9349189716_600_800.png,18pabc_3cols_20211228_164137_9349189716_600_800_mask.png,comentado
15,4,30,8,122,457,152,465,122,457,152,457,152,465,122,465,sub_line_text,table_text,table_0,times,regular,7.0,18pabc_3cols_20211228_164137_9349189716_600_800.png,/scratch/parceirosbr/bigoilict/share/BigOil/document_generator/datasets/documents_2021_12_28/18pabc_3cols_20211228_164137_9349189716_600_800.png,18pabc_3cols_20211228_164137_9349189716_600_800_mask.png,comentado
1,4,3,8,149,478,152,486,149,478,152,478,152,486,149,486,text,table_text,table_0,times,italic,7.0,18pabc_3cols_20211228_164137_9349189716_600_800.png,/scratch/parceirosbr/bigoilict/share/BigOil/document_generator/datasets/documents_2021_12_28/18pabc_3cols_20211228_164137_9349189716_600_800.png,18pabc_3cols_20211228_164137_9349189716_600_800_mask.png,3
1,4,3,8,149,478,152,486,149,478,152,478,152,486,149,486,sub_line_text,table_text,table_0,times,italic,7.0,18pabc_3cols_20211228_164137_9349189716_600_800.png,/scratch/parceirosbr/bigoilict/share/BigOil/document_generator/datasets/documents_2021_12_28/18pabc_3cols_20211228_164137_9349189716_600_800.png,18pabc_3cols_20211228_164137_9349189716_600_800_mask.png,3
1,4,3,8,149,490,152,498,149,490,152,490,152,498,149,498,text,table_text,table_0,times,italic,7.0,18pabc_3cols_20211228_164137_9349189716_600_800.png,/scratch/parceirosbr/bigoilict/share/BigOil/document_generator/datasets/documents_2021_12_28/18pabc_3cols_20211228_164137_9349189716_600_800.png,18pabc_3cols_20211228_164137_9349189716_600_800_mask.png,5
1,4,3,8,149,490,152,498,149,490,152,490,152,498,149,498,sub_line_text,table_text,table_0,times,italic,7.0,18pabc_3cols_20211228_164137_9349189716_600_800.png,/scratch/parceirosbr/bigoilict/share/BigOil/document_generator/datasets/documents_2021_12_28/18pabc_3cols_20211228_164137_9349189716_600_800.png,18pabc_3cols_20211228_164137_9349189716_600_800_mask.png,5
1,4,3,8,149,502,152,510,149,502,152,502,152,510,149,510,text,table_text,table_0,times,italic,7.0,18pabc_3cols_20211228_164137_9349189716_600_800.png,/scratch/parceirosbr/bigoilict/share/BigOil/document_generator/datasets/documents_2021_12_28/18pabc_3cols_20211228_164137_9349189716_600_800.png,18pabc_3cols_20211228_164137_9349189716_600_800_mask.png,8
1,4,3,8,149,502,152,510,149,502,152,502,152,510,149,510,sub_line_text,table_text,table_0,times,italic,7.0,18pabc_3cols_20211228_164137_9349189716_600_800.png,/scratch/parceirosbr/bigoilict/share/BigOil/document_generator/datasets/documents_2021_12_28/18pabc_3cols_20211228_164137_9349189716_600_800.png,18pabc_3cols_20211228_164137_9349189716_600_800_mask.png,8
1,4,3,8,149,513,152,521,149,513,152,513,152,521,149,521,text,table_text,table_0,times,italic,7.0,18pabc_3cols_20211228_164137_9349189716_600_800.png,/scratch/parceirosbr/bigoilict/share/BigOil/document_generator/datasets/documents_2021_12_28/18pabc_3cols_20211228_164137_9349189716_600_800.png,18pabc_3cols_20211228_164137_9349189716_600_800_mask.png,3
1,4,3,8,149,513,152,521,149,513,152,513,152,521,149,521,sub_line_text,table_text,table_0,times,italic,7.0,18pabc_3cols_20211228_164137_9349189716_600_800.png,/scratch/parceirosbr/bigoilict/share/BigOil/document_generator/datasets/documents_2021_12_28/18pabc_3cols_20211228_164137_9349189716_600_800.png,18pabc_3cols_20211228_164137_9349189716_600_800_mask.png,3
1,4,3,8,149,525,152,533,149,525,152,525,152,533,149,533,text,table_text,table_0,times,italic,7.0,18pabc_3cols_20211228_164137_9349189716_600_800.png,/scratch/parceirosbr/bigoilict/share/BigOil/document_generator/datasets/documents_2021_12_28/18pabc_3cols_20211228_164137_9349189716_600_800.png,18pabc_3cols_20211228_164137_9349189716_600_800_mask.png,3
1,4,3,8,149,525,152,533,149,525,152,525,152,533,149,533,sub_line_text,table_text,table_0,times,italic,7.0,18pabc_3cols_20211228_164137_9349189716_600_800.png,/scratch/parceirosbr/bigoilict/share/BigOil/document_generator/datasets/documents_2021_12_28/18pabc_3cols_20211228_164137_9349189716_600_800.png,18pabc_3cols_20211228_164137_9349189716_600_800_mask.png,3
1,4,3,8,149,536,152,544,149,536,152,536,152,544,149,544,text,table_text,table_0,times,italic,7.0,18pabc_3cols_20211228_164137_9349189716_600_800.png,/scratch/parceirosbr/bigoilict/share/BigOil/document_generator/datasets/documents_2021_12_28/18pabc_3cols_20211228_164137_9349189716_600_800.png,18pabc_3cols_20211228_164137_9349189716_600_800_mask.png,6
1,4,3,8,149,536,152,544,149,536,152,536,152,544,149,544,sub_line_text,table_text,table_0,times,italic,7.0,18pabc_3cols_20211228_164137_9349189716_600_800.png,/scratch/parceirosbr/bigoilict/share/BigOil/document_generator/datasets/documents_2021_12_28/18pabc_3cols_20211228_164137_9349189716_600_800.png,18pabc_3cols_20211228_164137_9349189716_600_800_mask.png,6
1,4,3,8,149,548,152,556,149,548,152,548,152,556,149,556,text,table_text,table_0,times,italic,7.0,18pabc_3cols_20211228_164137_9349189716_600_800.png,/scratch/parceirosbr/bigoilict/share/BigOil/document_generator/datasets/documents_2021_12_28/18pabc_3cols_20211228_164137_9349189716_600_800.png,18pabc_3cols_20211228_164137_9349189716_600_800_mask.png,1
1,4,3,8,149,548,152,556,149,548,152,548,152,556,149,556,sub_line_text,table_text,table_0,times,italic,7.0,18pabc_3cols_20211228_164137_9349189716_600_800.png,/scratch/parceirosbr/bigoilict/share/BigOil/document_generator/datasets/documents_2021_12_28/18pabc_3cols_20211228_164137_9349189716_600_800.png,18pabc_3cols_20211228_164137_9349189716_600_800_mask.png,1
1,4,3,8,149,559,152,567,149,559,152,559,152,567,149,567,text,table_text,table_0,times,italic,7.0,18pabc_3cols_20211228_164137_9349189716_600_800.png,/scratch/parceirosbr/bigoilict/share/BigOil/document_generator/datasets/documents_2021_12_28/18pabc_3cols_20211228_164137_9349189716_600_800.png,18pabc_3cols_20211228_164137_9349189716_600_800_mask.png,1
1,4,3,8,149,559,152,567,149,559,152,559,152,567,149,567,sub_line_text,table_text,table_0,times,italic,7.0,18pabc_3cols_20211228_164137_9349189716_600_800.png,/scratch/parceirosbr/bigoilict/share/BigOil/document_generator/datasets/documents_2021_12_28/18pabc_3cols_20211228_164137_9349189716_600_800.png,18pabc_3cols_20211228_164137_9349189716_600_800_mask.png,1
1,4,3,8,208,571,211,579,208,571,211,571,211,579,208,579,text,table_text,table_0,times,regular,7.0,18pabc_3cols_20211228_164137_9349189716_600_800.png,/scratch/parceirosbr/bigoilict/share/BigOil/document_generator/datasets/documents_2021_12_28/18pabc_3cols_20211228_164137_9349189716_600_800.png,18pabc_3cols_20211228_164137_9349189716_600_800_mask.png,8
1,4,3,8,208,571,211,579,208,571,211,571,211,579,208,579,sub_line_text,table_text,table_0,times,regular,7.0,18pabc_3cols_20211228_164137_9349189716_600_800.png,/scratch/parceirosbr/bigoilict/share/BigOil/document_generator/datasets/documents_2021_12_28/18pabc_3cols_20211228_164137_9349189716_600_800.png,18pabc_3cols_20211228_164137_9349189716_600_800_mask.png,8
11,4,22,8,190,457,212,465,190,457,212,457,212,465,190,465,text,table_text,table_0,times,regular,7.0,18pabc_3cols_20211228_164137_9349189716_600_800.png,/scratch/parceirosbr/bigoilict/share/BigOil/document_generator/datasets/documents_2021_12_28/18pabc_3cols_20211228_164137_9349189716_600_800.png,18pabc_3cols_20211228_164137_9349189716_600_800_mask.png,distinto
11,4,22,8,190,457,212,465,190,457,212,457,212,465,190,465,sub_line_text,table_text,table_0,times,regular,7.0,18pabc_3cols_20211228_164137_9349189716_600_800.png,/scratch/parceirosbr/bigoilict/share/BigOil/document_generator/datasets/documents_2021_12_28/18pabc_3cols_20211228_164137_9349189716_600_800.png,18pabc_3cols_20211228_164137_9349189716_600_800_mask.png,distinto
9,4,19,8,192,478,211,486,192,478,211,478,211,486,192,486,text,table_text,table_0,times,italic,7.0,18pabc_3cols_20211228_164137_9349189716_600_800.png,/scratch/parceirosbr/bigoilict/share/BigOil/document_generator/datasets/documents_2021_12_28/18pabc_3cols_20211228_164137_9349189716_600_800.png,18pabc_3cols_20211228_164137_9349189716_600_800_mask.png,26017
9,4,19,8,192,478,211,486,192,478,211,478,211,486,192,486,sub_line_text,table_text,table_0,times,italic,7.0,18pabc_3cols_20211228_164137_9349189716_600_800.png,/scratch/parceirosbr/bigoilict/share/BigOil/document_generator/datasets/documents_2021_12_28/18pabc_3cols_20211228_164137_9349189716_600_800.png,18pabc_3cols_20211228_164137_9349189716_600_800_mask.png,26017
13,4,26,8,185,490,211,498,185,490,211,490,211,498,185,498,text,table_text,table_0,times,italic,7.0,18pabc_3cols_20211228_164137_9349189716_600_800.png,/scratch/parceirosbr/bigoilict/share/BigOil/document_generator/datasets/documents_2021_12_28/18pabc_3cols_20211228_164137_9349189716_600_800.png,18pabc_3cols_20211228_164137_9349189716_600_800_mask.png,9771662
13,4,26,8,185,490,211,498,185,490,211,490,211,498,185,498,sub_line_text,table_text,table_0,times,italic,7.0,18pabc_3cols_20211228_164137_9349189716_600_800.png,/scratch/parceirosbr/bigoilict/share/BigOil/document_generator/datasets/documents_2021_12_28/18pabc_3cols_20211228_164137_9349189716_600_800.png,18pabc_3cols_20211228_164137_9349189716_600_800_mask.png,9771662
13,4,26,8,185,502,211,510,185,502,211,502,211,510,185,510,text,table_text,table_0,times,italic,7.0,18pabc_3cols_20211228_164137_9349189716_600_800.png,/scratch/parceirosbr/bigoilict/share/BigOil/document_generator/datasets/documents_2021_12_28/18pabc_3cols_20211228_164137_9349189716_600_800.png,18pabc_3cols_20211228_164137_9349189716_600_800_mask.png,6819951
13,4,26,8,185,502,211,510,185,502,211,502,211,510,185,510,sub_line_text,table_text,table_0,times,italic,7.0,18pabc_3cols_20211228_164137_9349189716_600_800.png,/scratch/parceirosbr/bigoilict/share/BigOil/document_generator/datasets/documents_2021_12_28/18pabc_3cols_20211228_164137_9349189716_600_800.png,18pabc_3cols_20211228_164137_9349189716_600_800_mask.png,6819951
11,4,23,8,189,513,212,521,189,513,212,513,212,521,189,521,text,table_text,table_0,times,italic,7.0,18pabc_3cols_20211228_164137_9349189716_600_800.png,/scratch/parceirosbr/bigoilict/share/BigOil/document_generator/datasets/documents_2021_12_28/18pabc_3cols_20211228_164137_9349189716_600_800.png,18pabc_3cols_20211228_164137_9349189716_600_800_mask.png,390932
11,4,23,8,189,513,212,521,189,513,212,513,212,521,189,521,sub_line_text,table_text,table_0,times,italic,7.0,18pabc_3cols_20211228_164137_9349189716_600_800.png,/scratch/parceirosbr/bigoilict/share/BigOil/document_generator/datasets/documents_2021_12_28/18pabc_3cols_20211228_164137_9349189716_600_800.png,18pabc_3cols_20211228_164137_9349189716_600_800_mask.png,390932
13,4,26,8,185,525,211,533,185,525,211,525,211,533,185,533,text,table_text,table_0,times,italic,7.0,18pabc_3cols_20211228_164137_9349189716_600_800.png,/scratch/parceirosbr/bigoilict/share/BigOil/document_generator/datasets/documents_2021_12_28/18pabc_3cols_20211228_164137_9349189716_600_800.png,18pabc_3cols_20211228_164137_9349189716_600_800_mask.png,2034379
13,4,26,8,185,525,211,533,185,525,211,525,211,533,185,533,sub_line_text,table_text,table_0,times,italic,7.0,18pabc_3cols_20211228_164137_9349189716_600_800.png,/scratch/parceirosbr/bigoilict/share/BigOil/document_generator/datasets/documents_2021_12_28/18pabc_3cols_20211228_164137_9349189716_600_800.png,18pabc_3cols_20211228_164137_9349189716_600_800_mask.png,2034379
11,4,23,8,189,536,212,544,189,536,212,536,212,544,189,544,text,table_text,table_0,times,italic,7.0,18pabc_3cols_20211228_164137_9349189716_600_800.png,/scratch/parceirosbr/bigoilict/share/BigOil/document_generator/datasets/documents_2021_12_28/18pabc_3cols_20211228_164137_9349189716_600_800.png,18pabc_3cols_20211228_164137_9349189716_600_800_mask.png,900229
11,4,23,8,189,536,212,544,189,536,212,536,212,544,189,544,sub_line_text,table_text,table_0,times,italic,7.0,18pabc_3cols_20211228_164137_9349189716_600_800.png,/scratch/parceirosbr/bigoilict/share/BigOil/document_generator/datasets/documents_2021_12_28/18pabc_3cols_20211228_164137_9349189716_600_800.png,18pabc_3cols_20211228_164137_9349189716_600_800_mask.png,900229
9,4,19,8,192,548,211,556,192,548,211,548,211,556,192,556,text,table_text,table_0,times,italic,7.0,18pabc_3cols_20211228_164137_9349189716_600_800.png,/scratch/parceirosbr/bigoilict/share/BigOil/document_generator/datasets/documents_2021_12_28/18pabc_3cols_20211228_164137_9349189716_600_800.png,18pabc_3cols_20211228_164137_9349189716_600_800_mask.png,55993
9,4,19,8,192,548,211,556,192,548,211,548,211,556,192,556,sub_line_text,table_text,table_0,times,italic,7.0,18pabc_3cols_20211228_164137_9349189716_600_800.png,/scratch/parceirosbr/bigoilict/share/BigOil/document_generator/datasets/documents_2021_12_28/18pabc_3cols_20211228_164137_9349189716_600_800.png,18pabc_3cols_20211228_164137_9349189716_600_800_mask.png,55993
11,4,23,8,189,559,212,567,189,559,212,559,212,567,189,567,text,table_text,table_0,times,italic,7.0,18pabc_3cols_20211228_164137_9349189716_600_800.png,/scratch/parceirosbr/bigoilict/share/BigOil/document_generator/datasets/documents_2021_12_28/18pabc_3cols_20211228_164137_9349189716_600_800.png,18pabc_3cols_20211228_164137_9349189716_600_800_mask.png,519761
11,4,23,8,189,559,212,567,189,559,212,559,212,567,189,567,sub_line_text,table_text,table_0,times,italic,7.0,18pabc_3cols_20211228_164137_9349189716_600_800.png,/scratch/parceirosbr/bigoilict/share/BigOil/document_generator/datasets/documents_2021_12_28/18pabc_3cols_20211228_164137_9349189716_600_800.png,18pabc_3cols_20211228_164137_9349189716_600_800_mask.png,519761
65,4,130,8,86,590,216,598,86,590,216,590,216,598,86,598,sub_line_text,text,text_2,roboto,regular,7,18pabc_3cols_20211228_164137_9349189716_600_800.png,/scratch/parceirosbr/bigoilict/share/BigOil/document_generator/datasets/documents_2021_12_28/18pabc_3cols_20211228_164137_9349189716_600_800.png,18pabc_3cols_20211228_164137_9349189716_600_800_mask.png,Quando   o   mesmo  teste  foi  realizado
72,4,145,8,72,603,217,611,72,603,217,603,217,611,72,611,sub_line_text,text,text_2,roboto,regular,7,18pabc_3cols_20211228_164137_9349189716_600_800.png,/scratch/parceirosbr/bigoilict/share/BigOil/document_generator/datasets/documents_2021_12_28/18pabc_3cols_20211228_164137_9349189716_600_800.png,18pabc_3cols_20211228_164137_9349189716_600_800_mask.png,"dentro  do  tanque  de  provas,  a  razão  de a-"
72,4,144,8,72,616,216,624,72,616,216,616,216,624,72,624,sub_line_text,text,text_2,roboto,regular,7,18pabc_3cols_20211228_164137_9349189716_600_800.png,/scratch/parceirosbr/bigoilict/share/BigOil/document_generator/datasets/documents_2021_12_28/18pabc_3cols_20211228_164137_9349189716_600_800.png,18pabc_3cols_20211228_164137_9349189716_600_800_mask.png,"mortecimento   foi   super   crítica,  visto  que"
72,4,144,8,72,629,216,637,72,629,216,629,216,637,72,637,sub_line_text,text,text_2,roboto,regular,7,18pabc_3cols_20211228_164137_9349189716_600_800.png,/scratch/parceirosbr/bigoilict/share/BigOil/document_generator/datasets/documents_2021_12_28/18pabc_3cols_20211228_164137_9349189716_600_800.png,18pabc_3cols_20211228_164137_9349189716_600_800_mask.png,neste  caso  têm-se  os amortecimentos hid-
72,4,144,8,72,642,216,650,72,642,216,642,216,650,72,650,sub_line_text,text,text_2,roboto,regular,7,18pabc_3cols_20211228_164137_9349189716_600_800.png,/scratch/parceirosbr/bigoilict/share/BigOil/document_generator/datasets/documents_2021_12_28/18pabc_3cols_20211228_164137_9349189716_600_800.png,18pabc_3cols_20211228_164137_9349189716_600_800_mask.png,rodinâmicos  e  a  estrutura  é  menos tracio-
72,4,144,8,72,655,216,663,72,655,216,655,216,663,72,663,sub_line_text,text,text_2,roboto,regular,7,18pabc_3cols_20211228_164137_9349189716_600_800.png,/scratch/parceirosbr/bigoilict/share/BigOil/document_generator/datasets/documents_2021_12_28/18pabc_3cols_20211228_164137_9349189716_600_800.png,18pabc_3cols_20211228_164137_9349189716_600_800_mask.png,nada  devido  ao  empuxo.  Estas mesmas a-
67,4,134,8,72,668,206,676,72,668,206,668,206,676,72,676,sub_line_text,text,text_2,roboto,regular,7,18pabc_3cols_20211228_164137_9349189716_600_800.png,/scratch/parceirosbr/bigoilict/share/BigOil/document_generator/datasets/documents_2021_12_28/18pabc_3cols_20211228_164137_9349189716_600_800.png,18pabc_3cols_20211228_164137_9349189716_600_800_mask.png,mostras sem nenhum tipo de pré-tratame.
72,43,145,86,72,590,217,676,72,590,217,590,217,676,72,676,text,text,text_2,roboto,regular,7,18pabc_3cols_20211228_164137_9349189716_600_800.png,/scratch/parceirosbr/bigoilict/share/BigOil/document_generator/datasets/documents_2021_12_28/18pabc_3cols_20211228_164137_9349189716_600_800.png,18pabc_3cols_20211228_164137_9349189716_600_800_mask.png,nan
60,4,121,8,86,682,207,690,86,682,207,682,207,690,86,690,sub_line_text,text,text_3,roboto,regular,7,18pabc_3cols_20211228_164137_9349189716_600_800.png,/scratch/parceirosbr/bigoilict/share/BigOil/document_generator/datasets/documents_2021_12_28/18pabc_3cols_20211228_164137_9349189716_600_800.png,18pabc_3cols_20211228_164137_9349189716_600_800_mask.png,"Accordingly, the petroleum refining p-."
60,4,121,8,86,682,207,690,86,682,207,682,207,690,86,690,text,text,text_3,roboto,regular,7,18pabc_3cols_20211228_164137_9349189716_600_800.png,/scratch/parceirosbr/bigoilict/share/BigOil/document_generator/datasets/documents_2021_12_28/18pabc_3cols_20211228_164137_9349189716_600_800.png,18pabc_3cols_20211228_164137_9349189716_600_800_mask.png,nan
65,4,130,8,252,157,382,165,252,157,382,157,382,165,252,165,sub_line_text,text,text_4,roboto,regular,7,18pabc_3cols_20211228_164137_9349189716_600_800.png,/scratch/parceirosbr/bigoilict/share/BigOil/document_generator/datasets/documents_2021_12_28/18pabc_3cols_20211228_164137_9349189716_600_800.png,18pabc_3cols_20211228_164137_9349189716_600_800_mask.png,Isso  torna  muito  mais complexa a ativ-
72,4,144,8,238,170,382,178,238,170,382,170,382,178,238,178,sub_line_text,text,text_4,roboto,regular,7,18pabc_3cols_20211228_164137_9349189716_600_800.png,/scratch/parceirosbr/bigoilict/share/BigOil/document_generator/datasets/documents_2021_12_28/18pabc_3cols_20211228_164137_9349189716_600_800.png,18pabc_3cols_20211228_164137_9349189716_600_800_mask.png,idade  de  regulação  e  dificulta a coordena-
72,4,144,8,238,183,382,191,238,183,382,183,382,191,238,191,sub_line_text,text,text_4,roboto,regular,7,18pabc_3cols_20211228_164137_9349189716_600_800.png,/scratch/parceirosbr/bigoilict/share/BigOil/document_generator/datasets/documents_2021_12_28/18pabc_3cols_20211228_164137_9349189716_600_800.png,18pabc_3cols_20211228_164137_9349189716_600_800_mask.png,ção  das  ações  governamentais.  It  was al-
72,4,144,8,238,196,382,204,238,196,382,196,382,204,238,204,sub_line_text,text,text_4,roboto,regular,7,18pabc_3cols_20211228_164137_9349189716_600_800.png,/scratch/parceirosbr/bigoilict/share/BigOil/document_generator/datasets/documents_2021_12_28/18pabc_3cols_20211228_164137_9349189716_600_800.png,18pabc_3cols_20211228_164137_9349189716_600_800_mask.png,so  possible  to  confirm  the reduction of ca-
72,4,145,8,238,209,383,217,238,209,383,209,383,217,238,217,sub_line_text,text,text_4,roboto,regular,7,18pabc_3cols_20211228_164137_9349189716_600_800.png,/scratch/parceirosbr/bigoilict/share/BigOil/document_generator/datasets/documents_2021_12_28/18pabc_3cols_20211228_164137_9349189716_600_800.png,18pabc_3cols_20211228_164137_9349189716_600_800_mask.png,rbon   deposition   after  stability  tests  for  o-
72,4,145,8,238,222,383,230,238,222,383,222,383,230,238,230,sub_line_text,text,text_4,roboto,regular,7,18pabc_3cols_20211228_164137_9349189716_600_800.png,/scratch/parceirosbr/bigoilict/share/BigOil/document_generator/datasets/documents_2021_12_28/18pabc_3cols_20211228_164137_9349189716_600_800.png,18pabc_3cols_20211228_164137_9349189716_600_800_mask.png,"xidative   reforming   of  biogas,  compared  to"
72,4,145,8,238,235,383,243,238,235,383,235,383,243,238,243,sub_line_text,text,text_4,roboto,regular,7,18pabc_3cols_20211228_164137_9349189716_600_800.png,/scratch/parceirosbr/bigoilict/share/BigOil/document_generator/datasets/documents_2021_12_28/18pabc_3cols_20211228_164137_9349189716_600_800.png,18pabc_3cols_20211228_164137_9349189716_600_800_mask.png,the   direct  reforming.  O  aumento  da  vazão
72,4,145,8,238,248,383,256,238,248,383,248,383,256,238,256,sub_line_text,text,text_4,roboto,regular,7,18pabc_3cols_20211228_164137_9349189716_600_800.png,/scratch/parceirosbr/bigoilict/share/BigOil/document_generator/datasets/documents_2021_12_28/18pabc_3cols_20211228_164137_9349189716_600_800.png,18pabc_3cols_20211228_164137_9349189716_600_800_mask.png,de  provoca  um  aumento  do coeficiente es-
72,4,145,8,238,261,383,269,238,261,383,261,383,269,238,269,sub_line_text,text,text_4,roboto,regular,7,18pabc_3cols_20211228_164137_9349189716_600_800.png,/scratch/parceirosbr/bigoilict/share/BigOil/document_generator/datasets/documents_2021_12_28/18pabc_3cols_20211228_164137_9349189716_600_800.png,18pabc_3cols_20211228_164137_9349189716_600_800_mask.png,tequiométrico  de  na  reação de oxidação de
68,4,137,8,238,274,375,282,238,274,375,274,375,282,238,282,sub_line_text,text,text_4,roboto,regular,7,18pabc_3cols_20211228_164137_9349189716_600_800.png,/scratch/parceirosbr/bigoilict/share/BigOil/document_generator/datasets/documents_2021_12_28/18pabc_3cols_20211228_164137_9349189716_600_800.png,18pabc_3cols_20211228_164137_9349189716_600_800_mask.png,"char, devido à elevação da temperatura do."
72,62,145,125,238,157,383,282,238,157,383,157,383,282,238,282,text,text,text_4,roboto,regular,7,18pabc_3cols_20211228_164137_9349189716_600_800.png,/scratch/parceirosbr/bigoilict/share/BigOil/document_generator/datasets/documents_2021_12_28/18pabc_3cols_20211228_164137_9349189716_600_800.png,18pabc_3cols_20211228_164137_9349189716_600_800_mask.png,nan
57,3,114,7,238,288,352,295,238,288,352,288,352,295,238,295,sub_line_text,table_legend,table_0,roboto,bold,6,18pabc_3cols_20211228_164137_9349189716_600_800.png,/scratch/parceirosbr/bigoilict/share/BigOil/document_generator/datasets/documents_2021_12_28/18pabc_3cols_20211228_164137_9349189716_600_800.png,18pabc_3cols_20211228_164137_9349189716_600_800_mask.png,"Tabela   81:     IE/UFRJ,  de  e  de  (mime-"
57,3,114,7,238,300,352,307,238,300,352,300,352,307,238,307,sub_line_text,table_legend,table_0,roboto,bold,6,18pabc_3cols_20211228_164137_9349189716_600_800.png,/scratch/parceirosbr/bigoilict/share/BigOil/document_generator/datasets/documents_2021_12_28/18pabc_3cols_20211228_164137_9349189716_600_800.png,18pabc_3cols_20211228_164137_9349189716_600_800_mask.png,"o).   37   tocante   à  saúde  pública,  a  de"
57,3,114,7,238,312,352,319,238,312,352,312,352,319,238,319,sub_line_text,table_legend,table_0,roboto,bold,6,18pabc_3cols_20211228_164137_9349189716_600_800.png,/scratch/parceirosbr/bigoilict/share/BigOil/document_generator/datasets/documents_2021_12_28/18pabc_3cols_20211228_164137_9349189716_600_800.png,18pabc_3cols_20211228_164137_9349189716_600_800_mask.png,estima    que   a   queima   de   carvão   e
45,3,90,7,238,324,328,331,238,324,328,324,328,331,238,331,sub_line_text,table_legend,table_0,roboto,bold,6,18pabc_3cols_20211228_164137_9349189716_600_800.png,/scratch/parceirosbr/bigoilict/share/BigOil/document_generator/datasets/documents_2021_12_28/18pabc_3cols_20211228_164137_9349189716_600_800.png,18pabc_3cols_20211228_164137_9349189716_600_800_mask.png,"madeira mata, anualmente, 4,3 mil"
57,21,114,43,238,288,352,331,238,288,352,288,352,331,238,331,text,table_legend,table_0,roboto,bold,6,18pabc_3cols_20211228_164137_9349189716_600_800.png,/scratch/parceirosbr/bigoilict/share/BigOil/document_generator/datasets/documents_2021_12_28/18pabc_3cols_20211228_164137_9349189716_600_800.png,18pabc_3cols_20211228_164137_9349189716_600_800_mask.png,nan
71,89,142,178,240,336,382,514,240,336,382,336,382,514,240,514,table,table_image,table_0,,,,18pabc_3cols_20211228_164137_9349189716_600_800.png,/scratch/parceirosbr/bigoilict/share/BigOil/document_generator/datasets/documents_2021_12_28/18pabc_3cols_20211228_164137_9349189716_600_800.png,18pabc_3cols_20211228_164137_9349189716_600_800_mask.png,output/gen_tab_20211228_164139_8118716025.png
10,4,21,8,253,338,274,346,253,338,274,338,274,346,253,346,text,table_text,table_0,times,regular,7.0,18pabc_3cols_20211228_164137_9349189716_600_800.png,/scratch/parceirosbr/bigoilict/share/BigOil/document_generator/datasets/documents_2021_12_28/18pabc_3cols_20211228_164137_9349189716_600_800.png,18pabc_3cols_20211228_164137_9349189716_600_800_mask.png,reunião
10,4,21,8,253,338,274,346,253,338,274,338,274,346,253,346,sub_line_text,table_text,table_0,times,regular,7.0,18pabc_3cols_20211228_164137_9349189716_600_800.png,/scratch/parceirosbr/bigoilict/share/BigOil/document_generator/datasets/documents_2021_12_28/18pabc_3cols_20211228_164137_9349189716_600_800.png,18pabc_3cols_20211228_164137_9349189716_600_800_mask.png,reunião
11,4,22,8,253,350,275,358,253,350,275,350,275,358,253,358,text,table_text,table_0,times,regular,7.0,18pabc_3cols_20211228_164137_9349189716_600_800.png,/scratch/parceirosbr/bigoilict/share/BigOil/document_generator/datasets/documents_2021_12_28/18pabc_3cols_20211228_164137_9349189716_600_800.png,18pabc_3cols_20211228_164137_9349189716_600_800_mask.png,grandes
11,4,22,8,253,350,275,358,253,350,275,350,275,358,253,358,sub_line_text,table_text,table_0,times,regular,7.0,18pabc_3cols_20211228_164137_9349189716_600_800.png,/scratch/parceirosbr/bigoilict/share/BigOil/document_generator/datasets/documents_2021_12_28/18pabc_3cols_20211228_164137_9349189716_600_800.png,18pabc_3cols_20211228_164137_9349189716_600_800_mask.png,grandes
10,4,21,8,253,362,274,370,253,362,274,362,274,370,253,370,text,table_text,table_0,times,regular,7.0,18pabc_3cols_20211228_164137_9349189716_600_800.png,/scratch/parceirosbr/bigoilict/share/BigOil/document_generator/datasets/documents_2021_12_28/18pabc_3cols_20211228_164137_9349189716_600_800.png,18pabc_3cols_20211228_164137_9349189716_600_800_mask.png,tomada
10,4,21,8,253,362,274,370,253,362,274,362,274,370,253,370,sub_line_text,table_text,table_0,times,regular,7.0,18pabc_3cols_20211228_164137_9349189716_600_800.png,/scratch/parceirosbr/bigoilict/share/BigOil/document_generator/datasets/documents_2021_12_28/18pabc_3cols_20211228_164137_9349189716_600_800.png,18pabc_3cols_20211228_164137_9349189716_600_800_mask.png,tomada
5,4,11,8,258,373,269,381,258,373,269,373,269,381,258,381,text,table_text,table_0,times,regular,7.0,18pabc_3cols_20211228_164137_9349189716_600_800.png,/scratch/parceirosbr/bigoilict/share/BigOil/document_generator/datasets/documents_2021_12_28/18pabc_3cols_20211228_164137_9349189716_600_800.png,18pabc_3cols_20211228_164137_9349189716_600_800_mask.png,dito
5,4,11,8,258,373,269,381,258,373,269,373,269,381,258,381,sub_line_text,table_text,table_0,times,regular,7.0,18pabc_3cols_20211228_164137_9349189716_600_800.png,/scratch/parceirosbr/bigoilict/share/BigOil/document_generator/datasets/documents_2021_12_28/18pabc_3cols_20211228_164137_9349189716_600_800.png,18pabc_3cols_20211228_164137_9349189716_600_800_mask.png,dito
12,4,25,8,251,385,276,393,251,385,276,385,276,393,251,393,text,table_text,table_0,times,regular,7.0,18pabc_3cols_20211228_164137_9349189716_600_800.png,/scratch/parceirosbr/bigoilict/share/BigOil/document_generator/datasets/documents_2021_12_28/18pabc_3cols_20211228_164137_9349189716_600_800.png,18pabc_3cols_20211228_164137_9349189716_600_800_mask.png,logística
12,4,25,8,251,385,276,393,251,385,276,385,276,393,251,393,sub_line_text,table_text,table_0,times,regular,7.0,18pabc_3cols_20211228_164137_9349189716_600_800.png,/scratch/parceirosbr/bigoilict/share/BigOil/document_generator/datasets/documents_2021_12_28/18pabc_3cols_20211228_164137_9349189716_600_800.png,18pabc_3cols_20211228_164137_9349189716_600_800_mask.png,logística
6,4,13,8,257,397,270,405,257,397,270,397,270,405,257,405,text,table_text,table_0,times,regular,7.0,18pabc_3cols_20211228_164137_9349189716_600_800.png,/scratch/parceirosbr/bigoilict/share/BigOil/document_generator/datasets/documents_2021_12_28/18pabc_3cols_20211228_164137_9349189716_600_800.png,18pabc_3cols_20211228_164137_9349189716_600_800_mask.png,pois
6,4,13,8,257,397,270,405,257,397,270,397,270,405,257,405,sub_line_text,table_text,table_0,times,regular,7.0,18pabc_3cols_20211228_164137_9349189716_600_800.png,/scratch/parceirosbr/bigoilict/share/BigOil/document_generator/datasets/documents_2021_12_28/18pabc_3cols_20211228_164137_9349189716_600_800.png,18pabc_3cols_20211228_164137_9349189716_600_800_mask.png,pois
8,4,17,8,255,408,272,416,255,408,272,408,272,416,255,416,text,table_text,table_0,times,regular,7.0,18pabc_3cols_20211228_164137_9349189716_600_800.png,/scratch/parceirosbr/bigoilict/share/BigOil/document_generator/datasets/documents_2021_12_28/18pabc_3cols_20211228_164137_9349189716_600_800.png,18pabc_3cols_20211228_164137_9349189716_600_800_mask.png,fatode
8,4,17,8,255,408,272,416,255,408,272,408,272,416,255,416,sub_line_text,table_text,table_0,times,regular,7.0,18pabc_3cols_20211228_164137_9349189716_600_800.png,/scratch/parceirosbr/bigoilict/share/BigOil/document_generator/datasets/documents_2021_12_28/18pabc_3cols_20211228_164137_9349189716_600_800.png,18pabc_3cols_20211228_164137_9349189716_600_800_mask.png,fatode
15,4,30,8,248,420,278,428,248,420,278,420,278,428,248,428,text,table_text,table_0,times,regular,7.0,18pabc_3cols_20211228_164137_9349189716_600_800.png,/scratch/parceirosbr/bigoilict/share/BigOil/document_generator/datasets/documents_2021_12_28/18pabc_3cols_20211228_164137_9349189716_600_800.png,18pabc_3cols_20211228_164137_9349189716_600_800_mask.png,comentado
15,4,30,8,248,420,278,428,248,420,278,420,278,428,248,428,sub_line_text,table_text,table_0,times,regular,7.0,18pabc_3cols_20211228_164137_9349189716_600_800.png,/scratch/parceirosbr/bigoilict/share/BigOil/document_generator/datasets/documents_2021_12_28/18pabc_3cols_20211228_164137_9349189716_600_800.png,18pabc_3cols_20211228_164137_9349189716_600_800_mask.png,comentado
12,4,24,8,251,432,275,440,251,432,275,432,275,440,251,440,text,table_text,table_0,times,regular,7.0,18pabc_3cols_20211228_164137_9349189716_600_800.png,/scratch/parceirosbr/bigoilict/share/BigOil/document_generator/datasets/documents_2021_12_28/18pabc_3cols_20211228_164137_9349189716_600_800.png,18pabc_3cols_20211228_164137_9349189716_600_800_mask.png,alocação
12,4,24,8,251,432,275,440,251,432,275,432,275,440,251,440,sub_line_text,table_text,table_0,times,regular,7.0,18pabc_3cols_20211228_164137_9349189716_600_800.png,/scratch/parceirosbr/bigoilict/share/BigOil/document_generator/datasets/documents_2021_12_28/18pabc_3cols_20211228_164137_9349189716_600_800.png,18pabc_3cols_20211228_164137_9349189716_600_800_mask.png,alocação
10,4,20,8,253,443,273,451,253,443,273,443,273,451,253,451,text,table_text,table_0,times,regular,7.0,18pabc_3cols_20211228_164137_9349189716_600_800.png,/scratch/parceirosbr/bigoilict/share/BigOil/document_generator/datasets/documents_2021_12_28/18pabc_3cols_20211228_164137_9349189716_600_800.png,18pabc_3cols_20211228_164137_9349189716_600_800_mask.png,virtude
10,4,20,8,253,443,273,451,253,443,273,443,273,451,253,451,sub_line_text,table_text,table_0,times,regular,7.0,18pabc_3cols_20211228_164137_9349189716_600_800.png,/scratch/parceirosbr/bigoilict/share/BigOil/document_generator/datasets/documents_2021_12_28/18pabc_3cols_20211228_164137_9349189716_600_800.png,18pabc_3cols_20211228_164137_9349189716_600_800_mask.png,virtude
11,4,22,8,253,455,275,463,253,455,275,455,275,463,253,463,text,table_text,table_0,times,regular,7.0,18pabc_3cols_20211228_164137_9349189716_600_800.png,/scratch/parceirosbr/bigoilict/share/BigOil/document_generator/datasets/documents_2021_12_28/18pabc_3cols_20211228_164137_9349189716_600_800.png,18pabc_3cols_20211228_164137_9349189716_600_800_mask.png,distinto
11,4,22,8,253,455,275,463,253,455,275,455,275,463,253,463,sub_line_text,table_text,table_0,times,regular,7.0,18pabc_3cols_20211228_164137_9349189716_600_800.png,/scratch/parceirosbr/bigoilict/share/BigOil/document_generator/datasets/documents_2021_12_28/18pabc_3cols_20211228_164137_9349189716_600_800.png,18pabc_3cols_20211228_164137_9349189716_600_800_mask.png,distinto
7,4,14,8,257,467,271,475,257,467,271,467,271,475,257,475,text,table_text,table_0,times,regular,7.0,18pabc_3cols_20211228_164137_9349189716_600_800.png,/scratch/parceirosbr/bigoilict/share/BigOil/document_generator/datasets/documents_2021_12_28/18pabc_3cols_20211228_164137_9349189716_600_800.png,18pabc_3cols_20211228_164137_9349189716_600_800_mask.png,tanto
7,4,14,8,257,467,271,475,257,467,271,467,271,475,257,475,sub_line_text,table_text,table_0,times,regular,7.0,18pabc_3cols_20211228_164137_9349189716_600_800.png,/scratch/parceirosbr/bigoilict/share/BigOil/document_generator/datasets/documents_2021_12_28/18pabc_3cols_20211228_164137_9349189716_600_800.png,18pabc_3cols_20211228_164137_9349189716_600_800_mask.png,tanto
14,4,28,8,249,478,277,486,249,478,277,478,277,486,249,486,text,table_text,table_0,times,regular,7.0,18pabc_3cols_20211228_164137_9349189716_600_800.png,/scratch/parceirosbr/bigoilict/share/BigOil/document_generator/datasets/documents_2021_12_28/18pabc_3cols_20211228_164137_9349189716_600_800.png,18pabc_3cols_20211228_164137_9349189716_600_800_mask.png,utilizados
14,4,28,8,249,478,277,486,249,478,277,478,277,486,249,486,sub_line_text,table_text,table_0,times,regular,7.0,18pabc_3cols_20211228_164137_9349189716_600_800.png,/scratch/parceirosbr/bigoilict/share/BigOil/document_generator/datasets/documents_2021_12_28/18pabc_3cols_20211228_164137_9349189716_600_800.png,18pabc_3cols_20211228_164137_9349189716_600_800_mask.png,utilizados
14,4,28,8,249,490,277,498,249,490,277,490,277,498,249,498,text,table_text,table_0,times,regular,7.0,18pabc_3cols_20211228_164137_9349189716_600_800.png,/scratch/parceirosbr/bigoilict/share/BigOil/document_generator/datasets/documents_2021_12_28/18pabc_3cols_20211228_164137_9349189716_600_800.png,18pabc_3cols_20211228_164137_9349189716_600_800_mask.png,utilizados
14,4,28,8,249,490,277,498,249,490,277,490,277,498,249,498,sub_line_text,table_text,table_0,times,regular,7.0,18pabc_3cols_20211228_164137_9349189716_600_800.png,/scratch/parceirosbr/bigoilict/share/BigOil/document_generator/datasets/documents_2021_12_28/18pabc_3cols_20211228_164137_9349189716_600_800.png,18pabc_3cols_20211228_164137_9349189716_600_800_mask.png,utilizados
10,4,21,8,300,502,321,510,300,502,321,502,321,510,300,510,text,table_text,table_0,times,regular,7.0,18pabc_3cols_20211228_164137_9349189716_600_800.png,/scratch/parceirosbr/bigoilict/share/BigOil/document_generator/datasets/documents_2021_12_28/18pabc_3cols_20211228_164137_9349189716_600_800.png,18pabc_3cols_20211228_164137_9349189716_600_800_mask.png,comum
10,4,21,8,300,502,321,510,300,502,321,502,321,510,300,510,sub_line_text,table_text,table_0,times,regular,7.0,18pabc_3cols_20211228_164137_9349189716_600_800.png,/scratch/parceirosbr/bigoilict/share/BigOil/document_generator/datasets/documents_2021_12_28/18pabc_3cols_20211228_164137_9349189716_600_800.png,18pabc_3cols_20211228_164137_9349189716_600_800_mask.png,comum
6,4,13,8,309,338,322,346,309,338,322,338,322,346,309,346,text,table_text,table_0,times,regular,7.0,18pabc_3cols_20211228_164137_9349189716_600_800.png,/scratch/parceirosbr/bigoilict/share/BigOil/document_generator/datasets/documents_2021_12_28/18pabc_3cols_20211228_164137_9349189716_600_800.png,18pabc_3cols_20211228_164137_9349189716_600_800_mask.png,pelo
6,4,13,8,309,338,322,346,309,338,322,338,322,346,309,346,sub_line_text,table_text,table_0,times,regular,7.0,18pabc_3cols_20211228_164137_9349189716_600_800.png,/scratch/parceirosbr/bigoilict/share/BigOil/document_generator/datasets/documents_2021_12_28/18pabc_3cols_20211228_164137_9349189716_600_800.png,18pabc_3cols_20211228_164137_9349189716_600_800_mask.png,pelo
16,4,33,8,298,350,331,358,298,350,331,350,331,358,298,358,text,table_text,table_0,times,regular,7.0,18pabc_3cols_20211228_164137_9349189716_600_800.png,/scratch/parceirosbr/bigoilict/share/BigOil/document_generator/datasets/documents_2021_12_28/18pabc_3cols_20211228_164137_9349189716_600_800.png,18pabc_3cols_20211228_164137_9349189716_600_800_mask.png,viscosidade
16,4,33,8,298,350,331,358,298,350,331,350,331,358,298,358,sub_line_text,table_text,table_0,times,regular,7.0,18pabc_3cols_20211228_164137_9349189716_600_800.png,/scratch/parceirosbr/bigoilict/share/BigOil/document_generator/datasets/documents_2021_12_28/18pabc_3cols_20211228_164137_9349189716_600_800.png,18pabc_3cols_20211228_164137_9349189716_600_800_mask.png,viscosidade
10,4,21,8,305,362,326,370,305,362,326,362,326,370,305,370,text,table_text,table_0,times,regular,7.0,18pabc_3cols_20211228_164137_9349189716_600_800.png,/scratch/parceirosbr/bigoilict/share/BigOil/document_generator/datasets/documents_2021_12_28/18pabc_3cols_20211228_164137_9349189716_600_800.png,18pabc_3cols_20211228_164137_9349189716_600_800_mask.png,reunião
10,4,21,8,305,362,326,370,305,362,326,362,326,370,305,370,sub_line_text,table_text,table_0,times,regular,7.0,18pabc_3cols_20211228_164137_9349189716_600_800.png,/scratch/parceirosbr/bigoilict/share/BigOil/document_generator/datasets/documents_2021_12_28/18pabc_3cols_20211228_164137_9349189716_600_800.png,18pabc_3cols_20211228_164137_9349189716_600_800_mask.png,reunião
16,4,33,8,298,373,331,381,298,373,331,373,331,381,298,381,text,table_text,table_0,times,regular,7.0,18pabc_3cols_20211228_164137_9349189716_600_800.png,/scratch/parceirosbr/bigoilict/share/BigOil/document_generator/datasets/documents_2021_12_28/18pabc_3cols_20211228_164137_9349189716_600_800.png,18pabc_3cols_20211228_164137_9349189716_600_800_mask.png,viscosidade
16,4,33,8,298,373,331,381,298,373,331,373,331,381,298,381,sub_line_text,table_text,table_0,times,regular,7.0,18pabc_3cols_20211228_164137_9349189716_600_800.png,/scratch/parceirosbr/bigoilict/share/BigOil/document_generator/datasets/documents_2021_12_28/18pabc_3cols_20211228_164137_9349189716_600_800.png,18pabc_3cols_20211228_164137_9349189716_600_800_mask.png,viscosidade
10,4,21,8,305,385,326,393,305,385,326,385,326,393,305,393,text,table_text,table_0,times,regular,7.0,18pabc_3cols_20211228_164137_9349189716_600_800.png,/scratch/parceirosbr/bigoilict/share/BigOil/document_generator/datasets/documents_2021_12_28/18pabc_3cols_20211228_164137_9349189716_600_800.png,18pabc_3cols_20211228_164137_9349189716_600_800_mask.png,retirado
10,4,21,8,305,385,326,393,305,385,326,385,326,393,305,393,sub_line_text,table_text,table_0,times,regular,7.0,18pabc_3cols_20211228_164137_9349189716_600_800.png,/scratch/parceirosbr/bigoilict/share/BigOil/document_generator/datasets/documents_2021_12_28/18pabc_3cols_20211228_164137_9349189716_600_800.png,18pabc_3cols_20211228_164137_9349189716_600_800_mask.png,retirado
7,4,15,8,307,397,322,405,307,397,322,397,322,405,307,405,text,table_text,table_0,times,regular,7.0,18pabc_3cols_20211228_164137_9349189716_600_800.png,/scratch/parceirosbr/bigoilict/share/BigOil/document_generator/datasets/documents_2021_12_28/18pabc_3cols_20211228_164137_9349189716_600_800.png,18pabc_3cols_20211228_164137_9349189716_600_800_mask.png,sobre
7,4,15,8,307,397,322,405,307,397,322,397,322,405,307,405,sub_line_text,table_text,table_0,times,regular,7.0,18pabc_3cols_20211228_164137_9349189716_600_800.png,/scratch/parceirosbr/bigoilict/share/BigOil/document_generator/datasets/documents_2021_12_28/18pabc_3cols_20211228_164137_9349189716_600_800.png,18pabc_3cols_20211228_164137_9349189716_600_800_mask.png,sobre
17,4,34,8,297,408,331,416,297,408,331,408,331,416,297,416,text,table_text,table_0,times,regular,7.0,18pabc_3cols_20211228_164137_9349189716_600_800.png,/scratch/parceirosbr/bigoilict/share/BigOil/document_generator/datasets/documents_2021_12_28/18pabc_3cols_20211228_164137_9349189716_600_800.png,18pabc_3cols_20211228_164137_9349189716_600_800_mask.png,investidores
17,4,34,8,297,408,331,416,297,408,331,408,331,416,297,416,sub_line_text,table_text,table_0,times,regular,7.0,18pabc_3cols_20211228_164137_9349189716_600_800.png,/scratch/parceirosbr/bigoilict/share/BigOil/document_generator/datasets/documents_2021_12_28/18pabc_3cols_20211228_164137_9349189716_600_800.png,18pabc_3cols_20211228_164137_9349189716_600_800_mask.png,investidores
15,4,31,8,299,420,330,428,299,420,330,420,330,428,299,428,text,table_text,table_0,times,regular,7.0,18pabc_3cols_20211228_164137_9349189716_600_800.png,/scratch/parceirosbr/bigoilict/share/BigOil/document_generator/datasets/documents_2021_12_28/18pabc_3cols_20211228_164137_9349189716_600_800.png,18pabc_3cols_20211228_164137_9349189716_600_800_mask.png,indefinição
15,4,31,8,299,420,330,428,299,420,330,420,330,428,299,428,sub_line_text,table_text,table_0,times,regular,7.0,18pabc_3cols_20211228_164137_9349189716_600_800.png,/scratch/parceirosbr/bigoilict/share/BigOil/document_generator/datasets/documents_2021_12_28/18pabc_3cols_20211228_164137_9349189716_600_800.png,18pabc_3cols_20211228_164137_9349189716_600_800_mask.png,indefinição
7,4,15,8,307,432,322,440,307,432,322,432,322,440,307,440,text,table_text,table_0,times,regular,7.0,18pabc_3cols_20211228_164137_9349189716_600_800.png,/scratch/parceirosbr/bigoilict/share/BigOil/document_generator/datasets/documents_2021_12_28/18pabc_3cols_20211228_164137_9349189716_600_800.png,18pabc_3cols_20211228_164137_9349189716_600_800_mask.png,épela
7,4,15,8,307,432,322,440,307,432,322,432,322,440,307,440,sub_line_text,table_text,table_0,times,regular,7.0,18pabc_3cols_20211228_164137_9349189716_600_800.png,/scratch/parceirosbr/bigoilict/share/BigOil/document_generator/datasets/documents_2021_12_28/18pabc_3cols_20211228_164137_9349189716_600_800.png,18pabc_3cols_20211228_164137_9349189716_600_800_mask.png,épela
23,4,46,8,292,443,338,451,292,443,338,443,338,451,292,451,text,table_text,table_0,times,regular,7.0,18pabc_3cols_20211228_164137_9349189716_600_800.png,/scratch/parceirosbr/bigoilict/share/BigOil/document_generator/datasets/documents_2021_12_28/18pabc_3cols_20211228_164137_9349189716_600_800.png,18pabc_3cols_20211228_164137_9349189716_600_800_mask.png,comportamentos
23,4,46,8,292,443,338,451,292,443,338,443,338,451,292,451,sub_line_text,table_text,table_0,times,regular,7.0,18pabc_3cols_20211228_164137_9349189716_600_800.png,/scratch/parceirosbr/bigoilict/share/BigOil/document_generator/datasets/documents_2021_12_28/18pabc_3cols_20211228_164137_9349189716_600_800.png,18pabc_3cols_20211228_164137_9349189716_600_800_mask.png,comportamentos
10,4,21,8,305,455,326,463,305,455,326,455,326,463,305,463,text,table_text,table_0,times,regular,7.0,18pabc_3cols_20211228_164137_9349189716_600_800.png,/scratch/parceirosbr/bigoilict/share/BigOil/document_generator/datasets/documents_2021_12_28/18pabc_3cols_20211228_164137_9349189716_600_800.png,18pabc_3cols_20211228_164137_9349189716_600_800_mask.png,mistura
10,4,21,8,305,455,326,463,305,455,326,455,326,463,305,463,sub_line_text,table_text,table_0,times,regular,7.0,18pabc_3cols_20211228_164137_9349189716_600_800.png,/scratch/parceirosbr/bigoilict/share/BigOil/document_generator/datasets/documents_2021_12_28/18pabc_3cols_20211228_164137_9349189716_600_800.png,18pabc_3cols_20211228_164137_9349189716_600_800_mask.png,mistura
19,4,39,8,296,467,335,475,296,467,335,467,335,475,296,475,text,table_text,table_0,times,regular,7.0,18pabc_3cols_20211228_164137_9349189716_600_800.png,/scratch/parceirosbr/bigoilict/share/BigOil/document_generator/datasets/documents_2021_12_28/18pabc_3cols_20211228_164137_9349189716_600_800.png,18pabc_3cols_20211228_164137_9349189716_600_800_mask.png,consumidores
19,4,39,8,296,467,335,475,296,467,335,467,335,475,296,475,sub_line_text,table_text,table_0,times,regular,7.0,18pabc_3cols_20211228_164137_9349189716_600_800.png,/scratch/parceirosbr/bigoilict/share/BigOil/document_generator/datasets/documents_2021_12_28/18pabc_3cols_20211228_164137_9349189716_600_800.png,18pabc_3cols_20211228_164137_9349189716_600_800_mask.png,consumidores
14,4,28,8,301,478,329,486,301,478,329,478,329,486,301,486,text,table_text,table_0,times,regular,7.0,18pabc_3cols_20211228_164137_9349189716_600_800.png,/scratch/parceirosbr/bigoilict/share/BigOil/document_generator/datasets/documents_2021_12_28/18pabc_3cols_20211228_164137_9349189716_600_800.png,18pabc_3cols_20211228_164137_9349189716_600_800_mask.png,floculadas
14,4,28,8,301,478,329,486,301,478,329,478,329,486,301,486,sub_line_text,table_text,table_0,times,regular,7.0,18pabc_3cols_20211228_164137_9349189716_600_800.png,/scratch/parceirosbr/bigoilict/share/BigOil/document_generator/datasets/documents_2021_12_28/18pabc_3cols_20211228_164137_9349189716_600_800.png,18pabc_3cols_20211228_164137_9349189716_600_800_mask.png,floculadas
14,4,28,8,301,490,329,498,301,490,329,490,329,498,301,498,text,table_text,table_0,times,regular,7.0,18pabc_3cols_20211228_164137_9349189716_600_800.png,/scratch/parceirosbr/bigoilict/share/BigOil/document_generator/datasets/documents_2021_12_28/18pabc_3cols_20211228_164137_9349189716_600_800.png,18pabc_3cols_20211228_164137_9349189716_600_800_mask.png,adiamento
14,4,28,8,301,490,329,498,301,490,329,490,329,498,301,498,sub_line_text,table_text,table_0,times,regular,7.0,18pabc_3cols_20211228_164137_9349189716_600_800.png,/scratch/parceirosbr/bigoilict/share/BigOil/document_generator/datasets/documents_2021_12_28/18pabc_3cols_20211228_164137_9349189716_600_800.png,18pabc_3cols_20211228_164137_9349189716_600_800_mask.png,adiamento
13,4,26,8,350,338,376,346,350,338,376,338,376,346,350,346,text,table_text,table_0,times,regular,7.0,18pabc_3cols_20211228_164137_9349189716_600_800.png,/scratch/parceirosbr/bigoilict/share/BigOil/document_generator/datasets/documents_2021_12_28/18pabc_3cols_20211228_164137_9349189716_600_800.png,18pabc_3cols_20211228_164137_9349189716_600_800_mask.png,condutas
13,4,26,8,350,338,376,346,350,338,376,338,376,346,350,346,sub_line_text,table_text,table_0,times,regular,7.0,18pabc_3cols_20211228_164137_9349189716_600_800.png,/scratch/parceirosbr/bigoilict/share/BigOil/document_generator/datasets/documents_2021_12_28/18pabc_3cols_20211228_164137_9349189716_600_800.png,18pabc_3cols_20211228_164137_9349189716_600_800_mask.png,condutas
9,4,18,8,353,350,371,358,353,350,371,350,371,358,353,358,text,table_text,table_0,times,regular,7.0,18pabc_3cols_20211228_164137_9349189716_600_800.png,/scratch/parceirosbr/bigoilict/share/BigOil/document_generator/datasets/documents_2021_12_28/18pabc_3cols_20211228_164137_9349189716_600_800.png,18pabc_3cols_20211228_164137_9349189716_600_800_mask.png,estaria
9,4,18,8,353,350,371,358,353,350,371,350,371,358,353,358,sub_line_text,table_text,table_0,times,regular,7.0,18pabc_3cols_20211228_164137_9349189716_600_800.png,/scratch/parceirosbr/bigoilict/share/BigOil/document_generator/datasets/documents_2021_12_28/18pabc_3cols_20211228_164137_9349189716_600_800.png,18pabc_3cols_20211228_164137_9349189716_600_800_mask.png,estaria
4,4,8,8,358,362,366,370,358,362,366,362,366,370,358,370,text,table_text,table_0,times,regular,7.0,18pabc_3cols_20211228_164137_9349189716_600_800.png,/scratch/parceirosbr/bigoilict/share/BigOil/document_generator/datasets/documents_2021_12_28/18pabc_3cols_20211228_164137_9349189716_600_800.png,18pabc_3cols_20211228_164137_9349189716_600_800_mask.png,ser
4,4,8,8,358,362,366,370,358,362,366,362,366,370,358,370,sub_line_text,table_text,table_0,times,regular,7.0,18pabc_3cols_20211228_164137_9349189716_600_800.png,/scratch/parceirosbr/bigoilict/share/BigOil/document_generator/datasets/documents_2021_12_28/18pabc_3cols_20211228_164137_9349189716_600_800.png,18pabc_3cols_20211228_164137_9349189716_600_800_mask.png,ser
12,4,25,8,350,373,375,381,350,373,375,373,375,381,350,381,text,table_text,table_0,times,regular,7.0,18pabc_3cols_20211228_164137_9349189716_600_800.png,/scratch/parceirosbr/bigoilict/share/BigOil/document_generator/datasets/documents_2021_12_28/18pabc_3cols_20211228_164137_9349189716_600_800.png,18pabc_3cols_20211228_164137_9349189716_600_800_mask.png,logística
12,4,25,8,350,373,375,381,350,373,375,373,375,381,350,381,sub_line_text,table_text,table_0,times,regular,7.0,18pabc_3cols_20211228_164137_9349189716_600_800.png,/scratch/parceirosbr/bigoilict/share/BigOil/document_generator/datasets/documents_2021_12_28/18pabc_3cols_20211228_164137_9349189716_600_800.png,18pabc_3cols_20211228_164137_9349189716_600_800_mask.png,logística
9,4,18,8,353,385,371,393,353,385,371,385,371,393,353,393,text,table_text,table_0,times,regular,7.0,18pabc_3cols_20211228_164137_9349189716_600_800.png,/scratch/parceirosbr/bigoilict/share/BigOil/document_generator/datasets/documents_2021_12_28/18pabc_3cols_20211228_164137_9349189716_600_800.png,18pabc_3cols_20211228_164137_9349189716_600_800_mask.png,estaria
9,4,18,8,353,385,371,393,353,385,371,385,371,393,353,393,sub_line_text,table_text,table_0,times,regular,7.0,18pabc_3cols_20211228_164137_9349189716_600_800.png,/scratch/parceirosbr/bigoilict/share/BigOil/document_generator/datasets/documents_2021_12_28/18pabc_3cols_20211228_164137_9349189716_600_800.png,18pabc_3cols_20211228_164137_9349189716_600_800_mask.png,estaria
8,4,17,8,353,397,370,405,353,397,370,397,370,405,353,405,text,table_text,table_0,times,regular,7.0,18pabc_3cols_20211228_164137_9349189716_600_800.png,/scratch/parceirosbr/bigoilict/share/BigOil/document_generator/datasets/documents_2021_12_28/18pabc_3cols_20211228_164137_9349189716_600_800.png,18pabc_3cols_20211228_164137_9349189716_600_800_mask.png,Como
8,4,17,8,353,397,370,405,353,397,370,397,370,405,353,405,sub_line_text,table_text,table_0,times,regular,7.0,18pabc_3cols_20211228_164137_9349189716_600_800.png,/scratch/parceirosbr/bigoilict/share/BigOil/document_generator/datasets/documents_2021_12_28/18pabc_3cols_20211228_164137_9349189716_600_800.png,18pabc_3cols_20211228_164137_9349189716_600_800_mask.png,Como
8,4,17,8,353,408,370,416,353,408,370,408,370,416,353,416,text,table_text,table_0,times,regular,7.0,18pabc_3cols_20211228_164137_9349189716_600_800.png,/scratch/parceirosbr/bigoilict/share/BigOil/document_generator/datasets/documents_2021_12_28/18pabc_3cols_20211228_164137_9349189716_600_800.png,18pabc_3cols_20211228_164137_9349189716_600_800_mask.png,reação
8,4,17,8,353,408,370,416,353,408,370,408,370,416,353,416,sub_line_text,table_text,table_0,times,regular,7.0,18pabc_3cols_20211228_164137_9349189716_600_800.png,/scratch/parceirosbr/bigoilict/share/BigOil/document_generator/datasets/documents_2021_12_28/18pabc_3cols_20211228_164137_9349189716_600_800.png,18pabc_3cols_20211228_164137_9349189716_600_800_mask.png,reação
7,4,14,8,355,420,369,428,355,420,369,420,369,428,355,428,text,table_text,table_0,times,regular,7.0,18pabc_3cols_20211228_164137_9349189716_600_800.png,/scratch/parceirosbr/bigoilict/share/BigOil/document_generator/datasets/documents_2021_12_28/18pabc_3cols_20211228_164137_9349189716_600_800.png,18pabc_3cols_20211228_164137_9349189716_600_800_mask.png,parte
7,4,14,8,355,420,369,428,355,420,369,420,369,428,355,428,sub_line_text,table_text,table_0,times,regular,7.0,18pabc_3cols_20211228_164137_9349189716_600_800.png,/scratch/parceirosbr/bigoilict/share/BigOil/document_generator/datasets/documents_2021_12_28/18pabc_3cols_20211228_164137_9349189716_600_800.png,18pabc_3cols_20211228_164137_9349189716_600_800_mask.png,parte
8,4,16,8,354,432,370,440,354,432,370,432,370,440,354,440,text,table_text,table_0,times,regular,7.0,18pabc_3cols_20211228_164137_9349189716_600_800.png,/scratch/parceirosbr/bigoilict/share/BigOil/document_generator/datasets/documents_2021_12_28/18pabc_3cols_20211228_164137_9349189716_600_800.png,18pabc_3cols_20211228_164137_9349189716_600_800_mask.png,forma
8,4,16,8,354,432,370,440,354,432,370,432,370,440,354,440,sub_line_text,table_text,table_0,times,regular,7.0,18pabc_3cols_20211228_164137_9349189716_600_800.png,/scratch/parceirosbr/bigoilict/share/BigOil/document_generator/datasets/documents_2021_12_28/18pabc_3cols_20211228_164137_9349189716_600_800.png,18pabc_3cols_20211228_164137_9349189716_600_800_mask.png,forma
11,4,23,8,352,443,375,451,352,443,375,443,375,451,352,451,text,table_text,table_0,times,regular,7.0,18pabc_3cols_20211228_164137_9349189716_600_800.png,/scratch/parceirosbr/bigoilict/share/BigOil/document_generator/datasets/documents_2021_12_28/18pabc_3cols_20211228_164137_9349189716_600_800.png,18pabc_3cols_20211228_164137_9349189716_600_800_mask.png,política
11,4,23,8,352,443,375,451,352,443,375,443,375,451,352,451,sub_line_text,table_text,table_0,times,regular,7.0,18pabc_3cols_20211228_164137_9349189716_600_800.png,/scratch/parceirosbr/bigoilict/share/BigOil/document_generator/datasets/documents_2021_12_28/18pabc_3cols_20211228_164137_9349189716_600_800.png,18pabc_3cols_20211228_164137_9349189716_600_800_mask.png,política
11,4,23,8,352,455,375,463,352,455,375,455,375,463,352,463,text,table_text,table_0,times,regular,7.0,18pabc_3cols_20211228_164137_9349189716_600_800.png,/scratch/parceirosbr/bigoilict/share/BigOil/document_generator/datasets/documents_2021_12_28/18pabc_3cols_20211228_164137_9349189716_600_800.png,18pabc_3cols_20211228_164137_9349189716_600_800_mask.png,política
11,4,23,8,352,455,375,463,352,455,375,455,375,463,352,463,sub_line_text,table_text,table_0,times,regular,7.0,18pabc_3cols_20211228_164137_9349189716_600_800.png,/scratch/parceirosbr/bigoilict/share/BigOil/document_generator/datasets/documents_2021_12_28/18pabc_3cols_20211228_164137_9349189716_600_800.png,18pabc_3cols_20211228_164137_9349189716_600_800_mask.png,política
3,4,7,8,359,467,366,475,359,467,366,467,366,475,359,475,text,table_text,table_0,times,regular,7.0,18pabc_3cols_20211228_164137_9349189716_600_800.png,/scratch/parceirosbr/bigoilict/share/BigOil/document_generator/datasets/documents_2021_12_28/18pabc_3cols_20211228_164137_9349189716_600_800.png,18pabc_3cols_20211228_164137_9349189716_600_800_mask.png,na
3,4,7,8,359,467,366,475,359,467,366,467,366,475,359,475,sub_line_text,table_text,table_0,times,regular,7.0,18pabc_3cols_20211228_164137_9349189716_600_800.png,/scratch/parceirosbr/bigoilict/share/BigOil/document_generator/datasets/documents_2021_12_28/18pabc_3cols_20211228_164137_9349189716_600_800.png,18pabc_3cols_20211228_164137_9349189716_600_800_mask.png,na
12,4,25,8,350,478,375,486,350,478,375,478,375,486,350,486,text,table_text,table_0,times,regular,7.0,18pabc_3cols_20211228_164137_9349189716_600_800.png,/scratch/parceirosbr/bigoilict/share/BigOil/document_generator/datasets/documents_2021_12_28/18pabc_3cols_20211228_164137_9349189716_600_800.png,18pabc_3cols_20211228_164137_9349189716_600_800_mask.png,emissões
12,4,25,8,350,478,375,486,350,478,375,478,375,486,350,486,sub_line_text,table_text,table_0,times,regular,7.0,18pabc_3cols_20211228_164137_9349189716_600_800.png,/scratch/parceirosbr/bigoilict/share/BigOil/document_generator/datasets/documents_2021_12_28/18pabc_3cols_20211228_164137_9349189716_600_800.png,18pabc_3cols_20211228_164137_9349189716_600_800_mask.png,emissões
12,4,25,8,350,490,375,498,350,490,375,490,375,498,350,498,text,table_text,table_0,times,regular,7.0,18pabc_3cols_20211228_164137_9349189716_600_800.png,/scratch/parceirosbr/bigoilict/share/BigOil/document_generator/datasets/documents_2021_12_28/18pabc_3cols_20211228_164137_9349189716_600_800.png,18pabc_3cols_20211228_164137_9349189716_600_800_mask.png,gasolina
12,4,25,8,350,490,375,498,350,490,375,490,375,498,350,498,sub_line_text,table_text,table_0,times,regular,7.0,18pabc_3cols_20211228_164137_9349189716_600_800.png,/scratch/parceirosbr/bigoilict/share/BigOil/document_generator/datasets/documents_2021_12_28/18pabc_3cols_20211228_164137_9349189716_600_800.png,18pabc_3cols_20211228_164137_9349189716_600_800_mask.png,gasolina
73,33,147,67,238,520,385,587,238,520,385,520,385,587,238,587,list,list,list_1,roboto,roboto,6,18pabc_3cols_20211228_164137_9349189716_600_800.png,/scratch/parceirosbr/bigoilict/share/BigOil/document_generator/datasets/documents_2021_12_28/18pabc_3cols_20211228_164137_9349189716_600_800.png,18pabc_3cols_20211228_164137_9349189716_600_800_mask.png,
73,3,147,7,238,520,385,527,238,520,385,520,385,527,238,527,sub_line_text,list,list_1,roboto,regular,6,18pabc_3cols_20211228_164137_9349189716_600_800.png,/scratch/parceirosbr/bigoilict/share/BigOil/document_generator/datasets/documents_2021_12_28/18pabc_3cols_20211228_164137_9349189716_600_800.png,18pabc_3cols_20211228_164137_9349189716_600_800_mask.png,"-   O  quando  polimerizado  com  etileno  glicol,  dá origem a um"
56,3,112,7,243,532,355,539,243,532,355,532,355,539,243,539,sub_line_text,list,list_1,roboto,regular,6,18pabc_3cols_20211228_164137_9349189716_600_800.png,/scratch/parceirosbr/bigoilict/share/BigOil/document_generator/datasets/documents_2021_12_28/18pabc_3cols_20211228_164137_9349189716_600_800.png,18pabc_3cols_20211228_164137_9349189716_600_800_mask.png,polímero com propriedades semelhantes ao o.
72,3,144,7,238,544,382,551,238,544,382,544,382,551,238,551,sub_line_text,list,list_1,roboto,regular,6,18pabc_3cols_20211228_164137_9349189716_600_800.png,/scratch/parceirosbr/bigoilict/share/BigOil/document_generator/datasets/documents_2021_12_28/18pabc_3cols_20211228_164137_9349189716_600_800.png,18pabc_3cols_20211228_164137_9349189716_600_800_mask.png,•  Que é também a mais simples: 1 exp onde SOC é o ângulo
73,3,147,7,238,556,385,563,238,556,385,556,385,563,238,563,sub_line_text,list,list_1,roboto,regular,6,18pabc_3cols_20211228_164137_9349189716_600_800.png,/scratch/parceirosbr/bigoilict/share/BigOil/document_generator/datasets/documents_2021_12_28/18pabc_3cols_20211228_164137_9349189716_600_800.png,18pabc_3cols_20211228_164137_9349189716_600_800_mask.png,*   Estudos    recentes   (Westaway   2014)   mencionam   que:
70,3,141,7,244,568,385,575,244,568,385,568,385,575,244,575,sub_line_text,list,list_1,roboto,regular,6,18pabc_3cols_20211228_164137_9349189716_600_800.png,/scratch/parceirosbr/bigoilict/share/BigOil/document_generator/datasets/documents_2021_12_28/18pabc_3cols_20211228_164137_9349189716_600_800.png,18pabc_3cols_20211228_164137_9349189716_600_800_mask.png,Eventos   dessa   magnitude   (3.6   podem   ser   suficientes
62,3,124,7,244,580,368,587,244,580,368,580,368,587,244,587,sub_line_text,list,list_1,roboto,regular,6,18pabc_3cols_20211228_164137_9349189716_600_800.png,/scratch/parceirosbr/bigoilict/share/BigOil/document_generator/datasets/documents_2021_12_28/18pabc_3cols_20211228_164137_9349189716_600_800.png,18pabc_3cols_20211228_164137_9349189716_600_800_mask.png,"para causar pequenos danos a propriedades, como"
65,4,130,8,252,593,382,601,252,593,382,593,382,601,252,601,sub_line_text,text,text_5,roboto,regular,7,18pabc_3cols_20211228_164137_9349189716_600_800.png,/scratch/parceirosbr/bigoilict/share/BigOil/document_generator/datasets/documents_2021_12_28/18pabc_3cols_20211228_164137_9349189716_600_800.png,18pabc_3cols_20211228_164137_9349189716_600_800_mask.png,"Contudo,  este  terceiro  capítulo  propõe"
72,4,144,8,238,606,382,614,238,606,382,606,382,614,238,614,sub_line_text,text,text_5,roboto,regular,7,18pabc_3cols_20211228_164137_9349189716_600_800.png,/scratch/parceirosbr/bigoilict/share/BigOil/document_generator/datasets/documents_2021_12_28/18pabc_3cols_20211228_164137_9349189716_600_800.png,18pabc_3cols_20211228_164137_9349189716_600_800_mask.png,reavaliar  a  supremacia  do  veículo de com-
72,4,145,8,238,619,383,627,238,619,383,619,383,627,238,627,sub_line_text,text,text_5,roboto,regular,7,18pabc_3cols_20211228_164137_9349189716_600_800.png,/scratch/parceirosbr/bigoilict/share/BigOil/document_generator/datasets/documents_2021_12_28/18pabc_3cols_20211228_164137_9349189716_600_800.png,18pabc_3cols_20211228_164137_9349189716_600_800_mask.png,bustão  interna  no  século  através  da  ótica
72,4,144,8,238,632,382,640,238,632,382,632,382,640,238,640,sub_line_text,text,text_5,roboto,regular,7,18pabc_3cols_20211228_164137_9349189716_600_800.png,/scratch/parceirosbr/bigoilict/share/BigOil/document_generator/datasets/documents_2021_12_28/18pabc_3cols_20211228_164137_9349189716_600_800.png,18pabc_3cols_20211228_164137_9349189716_600_800_mask.png,da  teoria  apresentada  no  primeiro  capítul-
72,4,145,8,238,645,383,653,238,645,383,645,383,653,238,653,sub_line_text,text,text_5,roboto,regular,7,18pabc_3cols_20211228_164137_9349189716_600_800.png,/scratch/parceirosbr/bigoilict/share/BigOil/document_generator/datasets/documents_2021_12_28/18pabc_3cols_20211228_164137_9349189716_600_800.png,18pabc_3cols_20211228_164137_9349189716_600_800_mask.png,o.  O  carbeto  de  silício  é um material crist-
72,4,145,8,238,658,383,666,238,658,383,658,383,666,238,666,sub_line_text,text,text_5,roboto,regular,7,18pabc_3cols_20211228_164137_9349189716_600_800.png,/scratch/parceirosbr/bigoilict/share/BigOil/document_generator/datasets/documents_2021_12_28/18pabc_3cols_20211228_164137_9349189716_600_800.png,18pabc_3cols_20211228_164137_9349189716_600_800_mask.png,alino  que  pode  exibir  inúmeras formas pol-
57,4,115,8,238,671,353,679,238,671,353,671,353,679,238,679,sub_line_text,text,text_5,roboto,regular,7,18pabc_3cols_20211228_164137_9349189716_600_800.png,/scratch/parceirosbr/bigoilict/share/BigOil/document_generator/datasets/documents_2021_12_28/18pabc_3cols_20211228_164137_9349189716_600_800.png,18pabc_3cols_20211228_164137_9349189716_600_800_mask.png,"imórficas, sendo uma delas cúbica."
72,43,145,86,238,593,383,679,238,593,383,593,383,679,238,679,text,text,text_5,roboto,regular,7,18pabc_3cols_20211228_164137_9349189716_600_800.png,/scratch/parceirosbr/bigoilict/share/BigOil/document_generator/datasets/documents_2021_12_28/18pabc_3cols_20211228_164137_9349189716_600_800.png,18pabc_3cols_20211228_164137_9349189716_600_800_mask.png,nan
61,4,123,8,252,685,375,693,252,685,375,685,375,693,252,693,sub_line_text,text,text_6,roboto,regular,7,18pabc_3cols_20211228_164137_9349189716_600_800.png,/scratch/parceirosbr/bigoilict/share/BigOil/document_generator/datasets/documents_2021_12_28/18pabc_3cols_20211228_164137_9349189716_600_800.png,18pabc_3cols_20211228_164137_9349189716_600_800_mask.png,"Observa-se que de forma geral, meno-."
61,4,123,8,252,685,375,693,252,685,375,685,375,693,252,693,text,text,text_6,roboto,regular,7,18pabc_3cols_20211228_164137_9349189716_600_800.png,/scratch/parceirosbr/bigoilict/share/BigOil/document_generator/datasets/documents_2021_12_28/18pabc_3cols_20211228_164137_9349189716_600_800.png,18pabc_3cols_20211228_164137_9349189716_600_800_mask.png,nan
65,4,130,8,418,117,548,125,418,117,548,117,548,125,418,125,sub_line_text,text,text_7,roboto,regular,7,18pabc_3cols_20211228_164137_9349189716_600_800.png,/scratch/parceirosbr/bigoilict/share/BigOil/document_generator/datasets/documents_2021_12_28/18pabc_3cols_20211228_164137_9349189716_600_800.png,18pabc_3cols_20211228_164137_9349189716_600_800_mask.png,Sequência   sin-rifte   representada  pela
72,4,144,8,404,130,548,138,404,130,548,130,548,138,404,138,sub_line_text,text,text_7,roboto,regular,7,18pabc_3cols_20211228_164137_9349189716_600_800.png,/scratch/parceirosbr/bigoilict/share/BigOil/document_generator/datasets/documents_2021_12_28/18pabc_3cols_20211228_164137_9349189716_600_800.png,18pabc_3cols_20211228_164137_9349189716_600_800_mask.png,do  (considerada  a  principal  rocha gerador-
72,4,145,8,404,143,549,151,404,143,549,143,549,151,404,151,sub_line_text,text,text_7,roboto,regular,7,18pabc_3cols_20211228_164137_9349189716_600_800.png,/scratch/parceirosbr/bigoilict/share/BigOil/document_generator/datasets/documents_2021_12_28/18pabc_3cols_20211228_164137_9349189716_600_800.png,18pabc_3cols_20211228_164137_9349189716_600_800_mask.png,"a),  depositada  em  ambiente  lacustre  de á-"
72,4,144,8,404,156,548,164,404,156,548,156,548,164,404,164,sub_line_text,text,text_7,roboto,regular,7,18pabc_3cols_20211228_164137_9349189716_600_800.png,/scratch/parceirosbr/bigoilict/share/BigOil/document_generator/datasets/documents_2021_12_28/18pabc_3cols_20211228_164137_9349189716_600_800.png,18pabc_3cols_20211228_164137_9349189716_600_800_mask.png,gua  doce  durante  a  rápida subsidência te-
72,4,145,8,404,169,549,177,404,169,549,169,549,177,404,177,sub_line_text,text,text_7,roboto,regular,7,18pabc_3cols_20211228_164137_9349189716_600_800.png,/scratch/parceirosbr/bigoilict/share/BigOil/document_generator/datasets/documents_2021_12_28/18pabc_3cols_20211228_164137_9349189716_600_800.png,18pabc_3cols_20211228_164137_9349189716_600_800_mask.png,ctônica  provocada  pelo  intenso  estiramen-
72,4,145,8,404,182,549,190,404,182,549,182,549,190,404,190,sub_line_text,text,text_7,roboto,regular,7,18pabc_3cols_20211228_164137_9349189716_600_800.png,/scratch/parceirosbr/bigoilict/share/BigOil/document_generator/datasets/documents_2021_12_28/18pabc_3cols_20211228_164137_9349189716_600_800.png,18pabc_3cols_20211228_164137_9349189716_600_800_mask.png,"to  crustal,  de  idade  c.  Espera-se que as s-"
72,4,144,8,404,195,548,203,404,195,548,195,548,203,404,203,sub_line_text,text,text_7,roboto,regular,7,18pabc_3cols_20211228_164137_9349189716_600_800.png,/scratch/parceirosbr/bigoilict/share/BigOil/document_generator/datasets/documents_2021_12_28/18pabc_3cols_20211228_164137_9349189716_600_800.png,18pabc_3cols_20211228_164137_9349189716_600_800_mask.png,ugestões  apresentadas  ao  longo  do artigo
72,4,145,8,404,208,549,216,404,208,549,208,549,216,404,216,sub_line_text,text,text_7,roboto,regular,7,18pabc_3cols_20211228_164137_9349189716_600_800.png,/scratch/parceirosbr/bigoilict/share/BigOil/document_generator/datasets/documents_2021_12_28/18pabc_3cols_20211228_164137_9349189716_600_800.png,18pabc_3cols_20211228_164137_9349189716_600_800_mask.png,possam  servir  de  marco  referencial  para a
69,4,138,8,404,221,542,229,404,221,542,221,542,229,404,229,sub_line_text,text,text_7,roboto,regular,7,18pabc_3cols_20211228_164137_9349189716_600_800.png,/scratch/parceirosbr/bigoilict/share/BigOil/document_generator/datasets/documents_2021_12_28/18pabc_3cols_20211228_164137_9349189716_600_800.png,18pabc_3cols_20211228_164137_9349189716_600_800_mask.png,discussão de tais acordos de cooperação.
72,56,145,112,404,117,549,229,404,117,549,117,549,229,404,229,text,text,text_7,roboto,regular,7,18pabc_3cols_20211228_164137_9349189716_600_800.png,/scratch/parceirosbr/bigoilict/share/BigOil/document_generator/datasets/documents_2021_12_28/18pabc_3cols_20211228_164137_9349189716_600_800.png,18pabc_3cols_20211228_164137_9349189716_600_800_mask.png,nan
64,3,129,7,404,235,533,242,404,235,533,235,533,242,404,242,sub_line_text,table_legend,table_0,roboto,bold,6,18pabc_3cols_20211228_164137_9349189716_600_800.png,/scratch/parceirosbr/bigoilict/share/BigOil/document_generator/datasets/documents_2021_12_28/18pabc_3cols_20211228_164137_9349189716_600_800.png,18pabc_3cols_20211228_164137_9349189716_600_800_mask.png,Tab.   9:      procedures  commonly  makes  use
65,3,130,7,404,247,534,254,404,247,534,247,534,254,404,254,sub_line_text,table_legend,table_0,roboto,bold,6,18pabc_3cols_20211228_164137_9349189716_600_800.png,/scratch/parceirosbr/bigoilict/share/BigOil/document_generator/datasets/documents_2021_12_28/18pabc_3cols_20211228_164137_9349189716_600_800.png,18pabc_3cols_20211228_164137_9349189716_600_800_mask.png,of    low   cost   sulphonated   surfactants   (Ola-
21,3,43,7,404,259,447,266,404,259,447,259,447,266,404,266,sub_line_text,table_legend,table_0,roboto,bold,6,18pabc_3cols_20211228_164137_9349189716_600_800.png,/scratch/parceirosbr/bigoilict/share/BigOil/document_generator/datasets/documents_2021_12_28/18pabc_3cols_20211228_164137_9349189716_600_800.png,18pabc_3cols_20211228_164137_9349189716_600_800_mask.png,"jire et al., 2014)"
65,15,130,31,404,235,534,266,404,235,534,235,534,266,404,266,text,table_legend,table_0,roboto,bold,6,18pabc_3cols_20211228_164137_9349189716_600_800.png,/scratch/parceirosbr/bigoilict/share/BigOil/document_generator/datasets/documents_2021_12_28/18pabc_3cols_20211228_164137_9349189716_600_800.png,18pabc_3cols_20211228_164137_9349189716_600_800_mask.png,nan
71,85,142,170,406,271,548,441,406,271,548,271,548,441,406,441,table,table_image,table_0,,,,18pabc_3cols_20211228_164137_9349189716_600_800.png,/scratch/parceirosbr/bigoilict/share/BigOil/document_generator/datasets/documents_2021_12_28/18pabc_3cols_20211228_164137_9349189716_600_800.png,18pabc_3cols_20211228_164137_9349189716_600_800_mask.png,output/gen_tab_20211228_164142_5316665385.png
12,4,24,8,519,276,543,284,519,276,543,276,543,284,519,284,text,table_text,table_0,opensans,regular,7.0,18pabc_3cols_20211228_164137_9349189716_600_800.png,/scratch/parceirosbr/bigoilict/share/BigOil/document_generator/datasets/documents_2021_12_28/18pabc_3cols_20211228_164137_9349189716_600_800.png,18pabc_3cols_20211228_164137_9349189716_600_800_mask.png,outubro
12,4,24,8,519,276,543,284,519,276,543,276,543,284,519,284,sub_line_text,table_text,table_0,opensans,regular,7.0,18pabc_3cols_20211228_164137_9349189716_600_800.png,/scratch/parceirosbr/bigoilict/share/BigOil/document_generator/datasets/documents_2021_12_28/18pabc_3cols_20211228_164137_9349189716_600_800.png,18pabc_3cols_20211228_164137_9349189716_600_800_mask.png,outubro
16,4,32,8,458,288,490,296,458,288,490,288,490,296,458,296,text,table_text,table_0,opensans,italic,7.0,18pabc_3cols_20211228_164137_9349189716_600_800.png,/scratch/parceirosbr/bigoilict/share/BigOil/document_generator/datasets/documents_2021_12_28/18pabc_3cols_20211228_164137_9349189716_600_800.png,18pabc_3cols_20211228_164137_9349189716_600_800_mask.png,5568.2921
16,4,32,8,458,288,490,296,458,288,490,288,490,296,458,296,sub_line_text,table_text,table_0,opensans,italic,7.0,18pabc_3cols_20211228_164137_9349189716_600_800.png,/scratch/parceirosbr/bigoilict/share/BigOil/document_generator/datasets/documents_2021_12_28/18pabc_3cols_20211228_164137_9349189716_600_800.png,18pabc_3cols_20211228_164137_9349189716_600_800_mask.png,5568.2921
14,4,28,8,462,300,490,308,462,300,490,300,490,308,462,308,text,table_text,table_0,opensans,italic,7.0,18pabc_3cols_20211228_164137_9349189716_600_800.png,/scratch/parceirosbr/bigoilict/share/BigOil/document_generator/datasets/documents_2021_12_28/18pabc_3cols_20211228_164137_9349189716_600_800.png,18pabc_3cols_20211228_164137_9349189716_600_800_mask.png,352.9470
14,4,28,8,462,300,490,308,462,300,490,300,490,308,462,308,sub_line_text,table_text,table_0,opensans,italic,7.0,18pabc_3cols_20211228_164137_9349189716_600_800.png,/scratch/parceirosbr/bigoilict/share/BigOil/document_generator/datasets/documents_2021_12_28/18pabc_3cols_20211228_164137_9349189716_600_800.png,18pabc_3cols_20211228_164137_9349189716_600_800_mask.png,352.9470
22,4,44,8,446,311,490,319,446,311,490,311,490,319,446,319,text,table_text,table_0,opensans,italic,7.0,18pabc_3cols_20211228_164137_9349189716_600_800.png,/scratch/parceirosbr/bigoilict/share/BigOil/document_generator/datasets/documents_2021_12_28/18pabc_3cols_20211228_164137_9349189716_600_800.png,18pabc_3cols_20211228_164137_9349189716_600_800_mask.png,6257636.1233
22,4,44,8,446,311,490,319,446,311,490,311,490,319,446,319,sub_line_text,table_text,table_0,opensans,italic,7.0,18pabc_3cols_20211228_164137_9349189716_600_800.png,/scratch/parceirosbr/bigoilict/share/BigOil/document_generator/datasets/documents_2021_12_28/18pabc_3cols_20211228_164137_9349189716_600_800.png,18pabc_3cols_20211228_164137_9349189716_600_800_mask.png,6257636.1233
18,4,36,8,454,323,490,331,454,323,490,323,490,331,454,331,text,table_text,table_0,opensans,italic,7.0,18pabc_3cols_20211228_164137_9349189716_600_800.png,/scratch/parceirosbr/bigoilict/share/BigOil/document_generator/datasets/documents_2021_12_28/18pabc_3cols_20211228_164137_9349189716_600_800.png,18pabc_3cols_20211228_164137_9349189716_600_800_mask.png,28175.1772
18,4,36,8,454,323,490,331,454,323,490,323,490,331,454,331,sub_line_text,table_text,table_0,opensans,italic,7.0,18pabc_3cols_20211228_164137_9349189716_600_800.png,/scratch/parceirosbr/bigoilict/share/BigOil/document_generator/datasets/documents_2021_12_28/18pabc_3cols_20211228_164137_9349189716_600_800.png,18pabc_3cols_20211228_164137_9349189716_600_800_mask.png,28175.1772
18,4,36,8,454,335,490,343,454,335,490,335,490,343,454,343,text,table_text,table_0,opensans,italic,7.0,18pabc_3cols_20211228_164137_9349189716_600_800.png,/scratch/parceirosbr/bigoilict/share/BigOil/document_generator/datasets/documents_2021_12_28/18pabc_3cols_20211228_164137_9349189716_600_800.png,18pabc_3cols_20211228_164137_9349189716_600_800_mask.png,64229.8863
18,4,36,8,454,335,490,343,454,335,490,335,490,343,454,343,sub_line_text,table_text,table_0,opensans,italic,7.0,18pabc_3cols_20211228_164137_9349189716_600_800.png,/scratch/parceirosbr/bigoilict/share/BigOil/document_generator/datasets/documents_2021_12_28/18pabc_3cols_20211228_164137_9349189716_600_800.png,18pabc_3cols_20211228_164137_9349189716_600_800_mask.png,64229.8863
22,4,44,8,446,346,490,354,446,346,490,346,490,354,446,354,text,table_text,table_0,opensans,italic,7.0,18pabc_3cols_20211228_164137_9349189716_600_800.png,/scratch/parceirosbr/bigoilict/share/BigOil/document_generator/datasets/documents_2021_12_28/18pabc_3cols_20211228_164137_9349189716_600_800.png,18pabc_3cols_20211228_164137_9349189716_600_800_mask.png,3086618.9321
22,4,44,8,446,346,490,354,446,346,490,346,490,354,446,354,sub_line_text,table_text,table_0,opensans,italic,7.0,18pabc_3cols_20211228_164137_9349189716_600_800.png,/scratch/parceirosbr/bigoilict/share/BigOil/document_generator/datasets/documents_2021_12_28/18pabc_3cols_20211228_164137_9349189716_600_800.png,18pabc_3cols_20211228_164137_9349189716_600_800_mask.png,3086618.9321
22,4,44,8,446,358,490,366,446,358,490,358,490,366,446,366,text,table_text,table_0,opensans,italic,7.0,18pabc_3cols_20211228_164137_9349189716_600_800.png,/scratch/parceirosbr/bigoilict/share/BigOil/document_generator/datasets/documents_2021_12_28/18pabc_3cols_20211228_164137_9349189716_600_800.png,18pabc_3cols_20211228_164137_9349189716_600_800_mask.png,3213976.1020
22,4,44,8,446,358,490,366,446,358,490,358,490,366,446,366,sub_line_text,table_text,table_0,opensans,italic,7.0,18pabc_3cols_20211228_164137_9349189716_600_800.png,/scratch/parceirosbr/bigoilict/share/BigOil/document_generator/datasets/documents_2021_12_28/18pabc_3cols_20211228_164137_9349189716_600_800.png,18pabc_3cols_20211228_164137_9349189716_600_800_mask.png,3213976.1020
18,4,36,8,454,370,490,378,454,370,490,370,490,378,454,378,text,table_text,table_0,opensans,italic,7.0,18pabc_3cols_20211228_164137_9349189716_600_800.png,/scratch/parceirosbr/bigoilict/share/BigOil/document_generator/datasets/documents_2021_12_28/18pabc_3cols_20211228_164137_9349189716_600_800.png,18pabc_3cols_20211228_164137_9349189716_600_800_mask.png,81102.0926
18,4,36,8,454,370,490,378,454,370,490,370,490,378,454,378,sub_line_text,table_text,table_0,opensans,italic,7.0,18pabc_3cols_20211228_164137_9349189716_600_800.png,/scratch/parceirosbr/bigoilict/share/BigOil/document_generator/datasets/documents_2021_12_28/18pabc_3cols_20211228_164137_9349189716_600_800.png,18pabc_3cols_20211228_164137_9349189716_600_800_mask.png,81102.0926
18,4,36,8,454,381,490,389,454,381,490,381,490,389,454,389,text,table_text,table_0,opensans,italic,7.0,18pabc_3cols_20211228_164137_9349189716_600_800.png,/scratch/parceirosbr/bigoilict/share/BigOil/document_generator/datasets/documents_2021_12_28/18pabc_3cols_20211228_164137_9349189716_600_800.png,18pabc_3cols_20211228_164137_9349189716_600_800_mask.png,30988.9146
18,4,36,8,454,381,490,389,454,381,490,381,490,389,454,389,sub_line_text,table_text,table_0,opensans,italic,7.0,18pabc_3cols_20211228_164137_9349189716_600_800.png,/scratch/parceirosbr/bigoilict/share/BigOil/document_generator/datasets/documents_2021_12_28/18pabc_3cols_20211228_164137_9349189716_600_800.png,18pabc_3cols_20211228_164137_9349189716_600_800_mask.png,30988.9146
18,4,36,8,454,393,490,401,454,393,490,393,490,401,454,401,text,table_text,table_0,opensans,italic,7.0,18pabc_3cols_20211228_164137_9349189716_600_800.png,/scratch/parceirosbr/bigoilict/share/BigOil/document_generator/datasets/documents_2021_12_28/18pabc_3cols_20211228_164137_9349189716_600_800.png,18pabc_3cols_20211228_164137_9349189716_600_800_mask.png,22702.1002
18,4,36,8,454,393,490,401,454,393,490,393,490,401,454,401,sub_line_text,table_text,table_0,opensans,italic,7.0,18pabc_3cols_20211228_164137_9349189716_600_800.png,/scratch/parceirosbr/bigoilict/share/BigOil/document_generator/datasets/documents_2021_12_28/18pabc_3cols_20211228_164137_9349189716_600_800.png,18pabc_3cols_20211228_164137_9349189716_600_800_mask.png,22702.1002
20,4,40,8,450,405,490,413,450,405,490,405,490,413,450,413,text,table_text,table_0,opensans,italic,7.0,18pabc_3cols_20211228_164137_9349189716_600_800.png,/scratch/parceirosbr/bigoilict/share/BigOil/document_generator/datasets/documents_2021_12_28/18pabc_3cols_20211228_164137_9349189716_600_800.png,18pabc_3cols_20211228_164137_9349189716_600_800_mask.png,400738.1637
20,4,40,8,450,405,490,413,450,405,490,405,490,413,450,413,sub_line_text,table_text,table_0,opensans,italic,7.0,18pabc_3cols_20211228_164137_9349189716_600_800.png,/scratch/parceirosbr/bigoilict/share/BigOil/document_generator/datasets/documents_2021_12_28/18pabc_3cols_20211228_164137_9349189716_600_800.png,18pabc_3cols_20211228_164137_9349189716_600_800_mask.png,400738.1637
18,4,36,8,454,416,490,424,454,416,490,416,490,424,454,424,text,table_text,table_0,opensans,italic,7.0,18pabc_3cols_20211228_164137_9349189716_600_800.png,/scratch/parceirosbr/bigoilict/share/BigOil/document_generator/datasets/documents_2021_12_28/18pabc_3cols_20211228_164137_9349189716_600_800.png,18pabc_3cols_20211228_164137_9349189716_600_800_mask.png,73054.8531
18,4,36,8,454,416,490,424,454,416,490,416,490,424,454,424,sub_line_text,table_text,table_0,opensans,italic,7.0,18pabc_3cols_20211228_164137_9349189716_600_800.png,/scratch/parceirosbr/bigoilict/share/BigOil/document_generator/datasets/documents_2021_12_28/18pabc_3cols_20211228_164137_9349189716_600_800.png,18pabc_3cols_20211228_164137_9349189716_600_800_mask.png,73054.8531
20,4,40,8,503,428,543,436,503,428,543,428,543,436,503,436,text,table_text,table_0,opensans,regular,7.0,18pabc_3cols_20211228_164137_9349189716_600_800.png,/scratch/parceirosbr/bigoilict/share/BigOil/document_generator/datasets/documents_2021_12_28/18pabc_3cols_20211228_164137_9349189716_600_800.png,18pabc_3cols_20211228_164137_9349189716_600_800_mask.png,840623.7517
20,4,40,8,503,428,543,436,503,428,543,428,543,436,503,436,sub_line_text,table_text,table_0,opensans,regular,7.0,18pabc_3cols_20211228_164137_9349189716_600_800.png,/scratch/parceirosbr/bigoilict/share/BigOil/document_generator/datasets/documents_2021_12_28/18pabc_3cols_20211228_164137_9349189716_600_800.png,18pabc_3cols_20211228_164137_9349189716_600_800_mask.png,840623.7517
12,4,25,8,519,288,544,296,519,288,544,288,544,296,519,296,text,table_text,table_0,opensans,italic,7.0,18pabc_3cols_20211228_164137_9349189716_600_800.png,/scratch/parceirosbr/bigoilict/share/BigOil/document_generator/datasets/documents_2021_12_28/18pabc_3cols_20211228_164137_9349189716_600_800.png,18pabc_3cols_20211228_164137_9349189716_600_800_mask.png,736.789
12,4,25,8,519,288,544,296,519,288,544,288,544,296,519,296,sub_line_text,table_text,table_0,opensans,italic,7.0,18pabc_3cols_20211228_164137_9349189716_600_800.png,/scratch/parceirosbr/bigoilict/share/BigOil/document_generator/datasets/documents_2021_12_28/18pabc_3cols_20211228_164137_9349189716_600_800.png,18pabc_3cols_20211228_164137_9349189716_600_800_mask.png,736.789
12,4,25,8,519,300,544,308,519,300,544,300,544,308,519,308,text,table_text,table_0,opensans,italic,7.0,18pabc_3cols_20211228_164137_9349189716_600_800.png,/scratch/parceirosbr/bigoilict/share/BigOil/document_generator/datasets/documents_2021_12_28/18pabc_3cols_20211228_164137_9349189716_600_800.png,18pabc_3cols_20211228_164137_9349189716_600_800_mask.png,852.161
12,4,25,8,519,300,544,308,519,300,544,300,544,308,519,308,sub_line_text,table_text,table_0,opensans,italic,7.0,18pabc_3cols_20211228_164137_9349189716_600_800.png,/scratch/parceirosbr/bigoilict/share/BigOil/document_generator/datasets/documents_2021_12_28/18pabc_3cols_20211228_164137_9349189716_600_800.png,18pabc_3cols_20211228_164137_9349189716_600_800_mask.png,852.161
12,4,25,8,519,311,544,319,519,311,544,311,544,319,519,319,text,table_text,table_0,opensans,italic,7.0,18pabc_3cols_20211228_164137_9349189716_600_800.png,/scratch/parceirosbr/bigoilict/share/BigOil/document_generator/datasets/documents_2021_12_28/18pabc_3cols_20211228_164137_9349189716_600_800.png,18pabc_3cols_20211228_164137_9349189716_600_800_mask.png,526.689
12,4,25,8,519,311,544,319,519,311,544,311,544,319,519,319,sub_line_text,table_text,table_0,opensans,italic,7.0,18pabc_3cols_20211228_164137_9349189716_600_800.png,/scratch/parceirosbr/bigoilict/share/BigOil/document_generator/datasets/documents_2021_12_28/18pabc_3cols_20211228_164137_9349189716_600_800.png,18pabc_3cols_20211228_164137_9349189716_600_800_mask.png,526.689
16,4,32,8,511,323,543,331,511,323,543,323,543,331,511,331,text,table_text,table_0,opensans,italic,7.0,18pabc_3cols_20211228_164137_9349189716_600_800.png,/scratch/parceirosbr/bigoilict/share/BigOil/document_generator/datasets/documents_2021_12_28/18pabc_3cols_20211228_164137_9349189716_600_800.png,18pabc_3cols_20211228_164137_9349189716_600_800_mask.png,83242.040
16,4,32,8,511,323,543,331,511,323,543,323,543,331,511,331,sub_line_text,table_text,table_0,opensans,italic,7.0,18pabc_3cols_20211228_164137_9349189716_600_800.png,/scratch/parceirosbr/bigoilict/share/BigOil/document_generator/datasets/documents_2021_12_28/18pabc_3cols_20211228_164137_9349189716_600_800.png,18pabc_3cols_20211228_164137_9349189716_600_800_mask.png,83242.040
16,4,32,8,511,335,543,343,511,335,543,335,543,343,511,343,text,table_text,table_0,opensans,italic,7.0,18pabc_3cols_20211228_164137_9349189716_600_800.png,/scratch/parceirosbr/bigoilict/share/BigOil/document_generator/datasets/documents_2021_12_28/18pabc_3cols_20211228_164137_9349189716_600_800.png,18pabc_3cols_20211228_164137_9349189716_600_800_mask.png,18398.371
16,4,32,8,511,335,543,343,511,335,543,335,543,343,511,343,sub_line_text,table_text,table_0,opensans,italic,7.0,18pabc_3cols_20211228_164137_9349189716_600_800.png,/scratch/parceirosbr/bigoilict/share/BigOil/document_generator/datasets/documents_2021_12_28/18pabc_3cols_20211228_164137_9349189716_600_800.png,18pabc_3cols_20211228_164137_9349189716_600_800_mask.png,18398.371
14,4,28,8,515,346,543,354,515,346,543,346,543,354,515,354,text,table_text,table_0,opensans,italic,7.0,18pabc_3cols_20211228_164137_9349189716_600_800.png,/scratch/parceirosbr/bigoilict/share/BigOil/document_generator/datasets/documents_2021_12_28/18pabc_3cols_20211228_164137_9349189716_600_800.png,18pabc_3cols_20211228_164137_9349189716_600_800_mask.png,7039.937
14,4,28,8,515,346,543,354,515,346,543,346,543,354,515,354,sub_line_text,table_text,table_0,opensans,italic,7.0,18pabc_3cols_20211228_164137_9349189716_600_800.png,/scratch/parceirosbr/bigoilict/share/BigOil/document_generator/datasets/documents_2021_12_28/18pabc_3cols_20211228_164137_9349189716_600_800.png,18pabc_3cols_20211228_164137_9349189716_600_800_mask.png,7039.937
14,4,28,8,515,358,543,366,515,358,543,358,543,366,515,366,text,table_text,table_0,opensans,italic,7.0,18pabc_3cols_20211228_164137_9349189716_600_800.png,/scratch/parceirosbr/bigoilict/share/BigOil/document_generator/datasets/documents_2021_12_28/18pabc_3cols_20211228_164137_9349189716_600_800.png,18pabc_3cols_20211228_164137_9349189716_600_800_mask.png,8270.929
14,4,28,8,515,358,543,366,515,358,543,358,543,366,515,366,sub_line_text,table_text,table_0,opensans,italic,7.0,18pabc_3cols_20211228_164137_9349189716_600_800.png,/scratch/parceirosbr/bigoilict/share/BigOil/document_generator/datasets/documents_2021_12_28/18pabc_3cols_20211228_164137_9349189716_600_800.png,18pabc_3cols_20211228_164137_9349189716_600_800_mask.png,8270.929
16,4,32,8,511,370,543,378,511,370,543,370,543,378,511,378,text,table_text,table_0,opensans,italic,7.0,18pabc_3cols_20211228_164137_9349189716_600_800.png,/scratch/parceirosbr/bigoilict/share/BigOil/document_generator/datasets/documents_2021_12_28/18pabc_3cols_20211228_164137_9349189716_600_800.png,18pabc_3cols_20211228_164137_9349189716_600_800_mask.png,80990.793
16,4,32,8,511,370,543,378,511,370,543,370,543,378,511,378,sub_line_text,table_text,table_0,opensans,italic,7.0,18pabc_3cols_20211228_164137_9349189716_600_800.png,/scratch/parceirosbr/bigoilict/share/BigOil/document_generator/datasets/documents_2021_12_28/18pabc_3cols_20211228_164137_9349189716_600_800.png,18pabc_3cols_20211228_164137_9349189716_600_800_mask.png,80990.793
12,4,25,8,519,381,544,389,519,381,544,381,544,389,519,389,text,table_text,table_0,opensans,italic,7.0,18pabc_3cols_20211228_164137_9349189716_600_800.png,/scratch/parceirosbr/bigoilict/share/BigOil/document_generator/datasets/documents_2021_12_28/18pabc_3cols_20211228_164137_9349189716_600_800.png,18pabc_3cols_20211228_164137_9349189716_600_800_mask.png,662.850
12,4,25,8,519,381,544,389,519,381,544,381,544,389,519,389,sub_line_text,table_text,table_0,opensans,italic,7.0,18pabc_3cols_20211228_164137_9349189716_600_800.png,/scratch/parceirosbr/bigoilict/share/BigOil/document_generator/datasets/documents_2021_12_28/18pabc_3cols_20211228_164137_9349189716_600_800.png,18pabc_3cols_20211228_164137_9349189716_600_800_mask.png,662.850
16,4,32,8,511,393,543,401,511,393,543,393,543,401,511,401,text,table_text,table_0,opensans,italic,7.0,18pabc_3cols_20211228_164137_9349189716_600_800.png,/scratch/parceirosbr/bigoilict/share/BigOil/document_generator/datasets/documents_2021_12_28/18pabc_3cols_20211228_164137_9349189716_600_800.png,18pabc_3cols_20211228_164137_9349189716_600_800_mask.png,85611.191
16,4,32,8,511,393,543,401,511,393,543,393,543,401,511,401,sub_line_text,table_text,table_0,opensans,italic,7.0,18pabc_3cols_20211228_164137_9349189716_600_800.png,/scratch/parceirosbr/bigoilict/share/BigOil/document_generator/datasets/documents_2021_12_28/18pabc_3cols_20211228_164137_9349189716_600_800.png,18pabc_3cols_20211228_164137_9349189716_600_800_mask.png,85611.191
16,4,32,8,511,405,543,413,511,405,543,405,543,413,511,413,text,table_text,table_0,opensans,italic,7.0,18pabc_3cols_20211228_164137_9349189716_600_800.png,/scratch/parceirosbr/bigoilict/share/BigOil/document_generator/datasets/documents_2021_12_28/18pabc_3cols_20211228_164137_9349189716_600_800.png,18pabc_3cols_20211228_164137_9349189716_600_800_mask.png,46911.867
16,4,32,8,511,405,543,413,511,405,543,405,543,413,511,413,sub_line_text,table_text,table_0,opensans,italic,7.0,18pabc_3cols_20211228_164137_9349189716_600_800.png,/scratch/parceirosbr/bigoilict/share/BigOil/document_generator/datasets/documents_2021_12_28/18pabc_3cols_20211228_164137_9349189716_600_800.png,18pabc_3cols_20211228_164137_9349189716_600_800_mask.png,46911.867
16,4,32,8,511,416,543,424,511,416,543,416,543,424,511,424,text,table_text,table_0,opensans,italic,7.0,18pabc_3cols_20211228_164137_9349189716_600_800.png,/scratch/parceirosbr/bigoilict/share/BigOil/document_generator/datasets/documents_2021_12_28/18pabc_3cols_20211228_164137_9349189716_600_800.png,18pabc_3cols_20211228_164137_9349189716_600_800_mask.png,21572.739
16,4,32,8,511,416,543,424,511,416,543,416,543,424,511,424,sub_line_text,table_text,table_0,opensans,italic,7.0,18pabc_3cols_20211228_164137_9349189716_600_800.png,/scratch/parceirosbr/bigoilict/share/BigOil/document_generator/datasets/documents_2021_12_28/18pabc_3cols_20211228_164137_9349189716_600_800.png,18pabc_3cols_20211228_164137_9349189716_600_800_mask.png,21572.739
65,4,131,8,418,447,549,455,418,447,549,447,549,455,418,455,sub_line_text,text,text_8,roboto,regular,7,18pabc_3cols_20211228_164137_9349189716_600_800.png,/scratch/parceirosbr/bigoilict/share/BigOil/document_generator/datasets/documents_2021_12_28/18pabc_3cols_20211228_164137_9349189716_600_800.png,18pabc_3cols_20211228_164137_9349189716_600_800_mask.png,Quando  as  micelas  são  formadas  em
72,4,145,8,404,460,549,468,404,460,549,460,549,468,404,468,sub_line_text,text,text_8,roboto,regular,7,18pabc_3cols_20211228_164137_9349189716_600_800.png,/scratch/parceirosbr/bigoilict/share/BigOil/document_generator/datasets/documents_2021_12_28/18pabc_3cols_20211228_164137_9349189716_600_800.png,18pabc_3cols_20211228_164137_9349189716_600_800_mask.png,um  meio  onde  o solvente é polar as cabeç-
72,4,144,8,404,473,548,481,404,473,548,473,548,481,404,481,sub_line_text,text,text_8,roboto,regular,7,18pabc_3cols_20211228_164137_9349189716_600_800.png,/scratch/parceirosbr/bigoilict/share/BigOil/document_generator/datasets/documents_2021_12_28/18pabc_3cols_20211228_164137_9349189716_600_800.png,18pabc_3cols_20211228_164137_9349189716_600_800_mask.png,as  (parte  polar)  dos  tensoativos  ficam vol-
72,4,145,8,404,486,549,494,404,486,549,486,549,494,404,494,sub_line_text,text,text_8,roboto,regular,7,18pabc_3cols_20211228_164137_9349189716_600_800.png,/scratch/parceirosbr/bigoilict/share/BigOil/document_generator/datasets/documents_2021_12_28/18pabc_3cols_20211228_164137_9349189716_600_800.png,18pabc_3cols_20211228_164137_9349189716_600_800_mask.png,"tadas  para  a  o meio polar, enquanto que as"
72,4,145,8,404,499,549,507,404,499,549,499,549,507,404,507,sub_line_text,text,text_8,roboto,regular,7,18pabc_3cols_20211228_164137_9349189716_600_800.png,/scratch/parceirosbr/bigoilict/share/BigOil/document_generator/datasets/documents_2021_12_28/18pabc_3cols_20211228_164137_9349189716_600_800.png,18pabc_3cols_20211228_164137_9349189716_600_800_mask.png,caudas   apolares   são  agrupadas  voltadas
72,4,144,8,404,512,548,520,404,512,548,512,548,520,404,520,sub_line_text,text,text_8,roboto,regular,7,18pabc_3cols_20211228_164137_9349189716_600_800.png,/scratch/parceirosbr/bigoilict/share/BigOil/document_generator/datasets/documents_2021_12_28/18pabc_3cols_20211228_164137_9349189716_600_800.png,18pabc_3cols_20211228_164137_9349189716_600_800_mask.png,para  o  interior  da  micela essas micelas s-
72,4,145,8,404,525,549,533,404,525,549,525,549,533,404,533,sub_line_text,text,text_8,roboto,regular,7,18pabc_3cols_20211228_164137_9349189716_600_800.png,/scratch/parceirosbr/bigoilict/share/BigOil/document_generator/datasets/documents_2021_12_28/18pabc_3cols_20211228_164137_9349189716_600_800.png,18pabc_3cols_20211228_164137_9349189716_600_800_mask.png,ão  chamadas  de  diretas. O tempo de dupli-
72,4,144,8,404,538,548,546,404,538,548,538,548,546,404,546,sub_line_text,text,text_8,roboto,regular,7,18pabc_3cols_20211228_164137_9349189716_600_800.png,/scratch/parceirosbr/bigoilict/share/BigOil/document_generator/datasets/documents_2021_12_28/18pabc_3cols_20211228_164137_9349189716_600_800.png,18pabc_3cols_20211228_164137_9349189716_600_800_mask.png,cação  foi  calculado  pela equação pela eq-
72,4,144,8,404,551,548,559,404,551,548,551,548,559,404,559,sub_line_text,text,text_8,roboto,regular,7,18pabc_3cols_20211228_164137_9349189716_600_800.png,/scratch/parceirosbr/bigoilict/share/BigOil/document_generator/datasets/documents_2021_12_28/18pabc_3cols_20211228_164137_9349189716_600_800.png,18pabc_3cols_20211228_164137_9349189716_600_800_mask.png,uação.  Observando-se  a  série do índice de
68,4,136,8,404,564,540,572,404,564,540,564,540,572,404,572,sub_line_text,text,text_8,roboto,regular,7,18pabc_3cols_20211228_164137_9349189716_600_800.png,/scratch/parceirosbr/bigoilict/share/BigOil/document_generator/datasets/documents_2021_12_28/18pabc_3cols_20211228_164137_9349189716_600_800.png,18pabc_3cols_20211228_164137_9349189716_600_800_mask.png,preço de veículos novos apresentada na f.
72,62,145,125,404,447,549,572,404,447,549,447,549,572,404,572,text,text,text_8,roboto,regular,7,18pabc_3cols_20211228_164137_9349189716_600_800.png,/scratch/parceirosbr/bigoilict/share/BigOil/document_generator/datasets/documents_2021_12_28/18pabc_3cols_20211228_164137_9349189716_600_800.png,18pabc_3cols_20211228_164137_9349189716_600_800_mask.png,nan
65,4,131,8,418,578,549,586,418,578,549,578,549,586,418,586,sub_line_text,text,text_9,roboto,regular,7,18pabc_3cols_20211228_164137_9349189716_600_800.png,/scratch/parceirosbr/bigoilict/share/BigOil/document_generator/datasets/documents_2021_12_28/18pabc_3cols_20211228_164137_9349189716_600_800.png,18pabc_3cols_20211228_164137_9349189716_600_800_mask.png,A  partir  do  momento  em  que  o  fluido
72,4,145,8,404,591,549,599,404,591,549,591,549,599,404,599,sub_line_text,text,text_9,roboto,regular,7,18pabc_3cols_20211228_164137_9349189716_600_800.png,/scratch/parceirosbr/bigoilict/share/BigOil/document_generator/datasets/documents_2021_12_28/18pabc_3cols_20211228_164137_9349189716_600_800.png,18pabc_3cols_20211228_164137_9349189716_600_800_mask.png,tem   contado  direto  com  a  zona  produtora
72,4,145,8,404,604,549,612,404,604,549,604,549,612,404,612,sub_line_text,text,text_9,roboto,regular,7,18pabc_3cols_20211228_164137_9349189716_600_800.png,/scratch/parceirosbr/bigoilict/share/BigOil/document_generator/datasets/documents_2021_12_28/18pabc_3cols_20211228_164137_9349189716_600_800.png,18pabc_3cols_20211228_164137_9349189716_600_800_mask.png,"(pay-zone),   a  interação  entre  este  fluido  e"
72,4,144,8,404,617,548,625,404,617,548,617,548,625,404,625,sub_line_text,text,text_9,roboto,regular,7,18pabc_3cols_20211228_164137_9349189716_600_800.png,/scratch/parceirosbr/bigoilict/share/BigOil/document_generator/datasets/documents_2021_12_28/18pabc_3cols_20211228_164137_9349189716_600_800.png,18pabc_3cols_20211228_164137_9349189716_600_800_mask.png,a  rocha  produtora  é  de  total  interesse pa-
72,4,145,8,404,630,549,638,404,630,549,630,549,638,404,638,sub_line_text,text,text_9,roboto,regular,7,18pabc_3cols_20211228_164137_9349189716_600_800.png,/scratch/parceirosbr/bigoilict/share/BigOil/document_generator/datasets/documents_2021_12_28/18pabc_3cols_20211228_164137_9349189716_600_800.png,18pabc_3cols_20211228_164137_9349189716_600_800_mask.png,ra  as  operadoras.  Quanto  aos  cabos e lin-
72,4,145,8,404,643,549,651,404,643,549,643,549,651,404,651,sub_line_text,text,text_9,roboto,regular,7,18pabc_3cols_20211228_164137_9349189716_600_800.png,/scratch/parceirosbr/bigoilict/share/BigOil/document_generator/datasets/documents_2021_12_28/18pabc_3cols_20211228_164137_9349189716_600_800.png,18pabc_3cols_20211228_164137_9349189716_600_800_mask.png,"has  de  controle,  as  tecnologias  atuais  de"
72,4,144,8,404,656,548,664,404,656,548,656,548,664,404,664,sub_line_text,text,text_9,roboto,regular,7,18pabc_3cols_20211228_164137_9349189716_600_800.png,/scratch/parceirosbr/bigoilict/share/BigOil/document_generator/datasets/documents_2021_12_28/18pabc_3cols_20211228_164137_9349189716_600_800.png,18pabc_3cols_20211228_164137_9349189716_600_800_mask.png,poços  inteligentes  requerem  conduítes  m-
67,4,134,8,404,669,538,677,404,669,538,669,538,677,404,677,sub_line_text,text,text_9,roboto,regular,7,18pabc_3cols_20211228_164137_9349189716_600_800.png,/scratch/parceirosbr/bigoilict/share/BigOil/document_generator/datasets/documents_2021_12_28/18pabc_3cols_20211228_164137_9349189716_600_800.png,18pabc_3cols_20211228_164137_9349189716_600_800_mask.png,últiplos para transmitir energia e dados p.
72,49,145,99,404,578,549,677,404,578,549,578,549,677,404,677,text,text,text_9,roboto,regular,7,18pabc_3cols_20211228_164137_9349189716_600_800.png,/scratch/parceirosbr/bigoilict/share/BigOil/document_generator/datasets/documents_2021_12_28/18pabc_3cols_20211228_164137_9349189716_600_800.png,18pabc_3cols_20211228_164137_9349189716_600_800_mask.png,nan
61,4,123,8,418,683,541,691,418,683,541,683,541,691,418,691,sub_line_text,text,text_10,roboto,regular,7,18pabc_3cols_20211228_164137_9349189716_600_800.png,/scratch/parceirosbr/bigoilict/share/BigOil/document_generator/datasets/documents_2021_12_28/18pabc_3cols_20211228_164137_9349189716_600_800.png,18pabc_3cols_20211228_164137_9349189716_600_800_mask.png,The objective of the policies is to ma-.
61,4,123,8,418,683,541,691,418,683,541,683,541,691,418,691,text,text,text_10,roboto,regular,7,18pabc_3cols_20211228_164137_9349189716_600_800.png,/scratch/parceirosbr/bigoilict/share/BigOil/document_generator/datasets/documents_2021_12_28/18pabc_3cols_20211228_164137_9349189716_600_800.png,18pabc_3cols_20211228_164137_9349189716_600_800_mask.png,nan
