center_x,center_y,width,height,xmin,ymin,xmax,ymax,top_left_x,top_left_y,top_right_x,top_right_y,bottom_right_x,bottom_right_y,bottom_left_x,bottom_left_y,label,grouplabel,group,text_font,text_style,size_font,filename,path,filename_mask,content
300,400,600,800,0,0,600,800,0,0,600,0,600,800,0,800,document,,,,,,18pabc_3cols_20211228_164127_9802549452_600_800.png,/scratch/parceirosbr/bigoilict/share/BigOil/document_generator/datasets/documents_2021_12_28/18pabc_3cols_20211228_164127_9802549452_600_800.png,18pabc_3cols_20211228_164127_9802549452_600_800_mask.png,
38,3,76,6,464,41,540,47,464,41,540,41,540,47,464,47,sub_line_text,header,header_1,courier,regular,6,18pabc_3cols_20211228_164127_9802549452_600_800.png,/scratch/parceirosbr/bigoilict/share/BigOil/document_generator/datasets/documents_2021_12_28/18pabc_3cols_20211228_164127_9802549452_600_800.png,18pabc_3cols_20211228_164127_9802549452_600_800_mask.png,Differences however
38,3,76,6,464,41,540,47,464,41,540,41,540,47,464,47,text,header,header_1,courier,regular,6,18pabc_3cols_20211228_164127_9802549452_600_800.png,/scratch/parceirosbr/bigoilict/share/BigOil/document_generator/datasets/documents_2021_12_28/18pabc_3cols_20211228_164127_9802549452_600_800.png,18pabc_3cols_20211228_164127_9802549452_600_800_mask.png,nan
234,1,468,2,73,46,541,48,73,46,541,46,541,48,73,48,line,line,line,,,,18pabc_3cols_20211228_164127_9802549452_600_800.png,/scratch/parceirosbr/bigoilict/share/BigOil/document_generator/datasets/documents_2021_12_28/18pabc_3cols_20211228_164127_9802549452_600_800.png,18pabc_3cols_20211228_164127_9802549452_600_800_mask.png,nan
234,0,468,1,73,758,541,759,73,758,541,758,541,759,73,759,line,line,line,,,,18pabc_3cols_20211228_164127_9802549452_600_800.png,/scratch/parceirosbr/bigoilict/share/BigOil/document_generator/datasets/documents_2021_12_28/18pabc_3cols_20211228_164127_9802549452_600_800.png,18pabc_3cols_20211228_164127_9802549452_600_800_mask.png,nan
4,2,8,5,532,758,540,763,532,758,540,758,540,763,532,763,sub_line_text,numpag,footer_1,courier,regular,6,18pabc_3cols_20211228_164127_9802549452_600_800.png,/scratch/parceirosbr/bigoilict/share/BigOil/document_generator/datasets/documents_2021_12_28/18pabc_3cols_20211228_164127_9802549452_600_800.png,18pabc_3cols_20211228_164127_9802549452_600_800_mask.png,16
4,2,8,5,532,758,540,763,532,758,540,758,540,763,532,763,text,numpag,footer_1,courier,regular,6,18pabc_3cols_20211228_164127_9802549452_600_800.png,/scratch/parceirosbr/bigoilict/share/BigOil/document_generator/datasets/documents_2021_12_28/18pabc_3cols_20211228_164127_9802549452_600_800.png,18pabc_3cols_20211228_164127_9802549452_600_800_mask.png,nan
133,6,266,13,111,51,377,64,111,51,377,51,377,64,111,64,sub_line_text,title,title_0,courier,italic,13,18pabc_3cols_20211228_164127_9802549452_600_800.png,/scratch/parceirosbr/bigoilict/share/BigOil/document_generator/datasets/documents_2021_12_28/18pabc_3cols_20211228_164127_9802549452_600_800.png,18pabc_3cols_20211228_164127_9802549452_600_800_mask.png,"Ademais, pode-se atribuir, parte,"
104,6,208,13,140,69,348,82,140,69,348,69,348,82,140,82,sub_line_text,title,title_0,courier,italic,13,18pabc_3cols_20211228_164127_9802549452_600_800.png,/scratch/parceirosbr/bigoilict/share/BigOil/document_generator/datasets/documents_2021_12_28/18pabc_3cols_20211228_164127_9802549452_600_800.png,18pabc_3cols_20211228_164127_9802549452_600_800_mask.png,tendência queda preços gás
133,15,266,31,111,51,377,82,111,51,377,51,377,82,111,82,title,title,title_0,courier,italic,13,18pabc_3cols_20211228_164127_9802549452_600_800.png,/scratch/parceirosbr/bigoilict/share/BigOil/document_generator/datasets/documents_2021_12_28/18pabc_3cols_20211228_164127_9802549452_600_800.png,18pabc_3cols_20211228_164127_9802549452_600_800_mask.png,nan
231,2,462,5,73,85,535,90,73,85,535,85,535,90,73,90,sub_line_text,text,text_0,courier,regular,5,18pabc_3cols_20211228_164127_9802549452_600_800.png,/scratch/parceirosbr/bigoilict/share/BigOil/document_generator/datasets/documents_2021_12_28/18pabc_3cols_20211228_164127_9802549452_600_800.png,18pabc_3cols_20211228_164127_9802549452_600_800_mask.png,RESUMO:  A autonomia reduzida dos veículos elétricos é um ponto central das críticas dos consumidores. A base de conhecimento construída a partir dos est-
231,2,462,5,73,92,535,97,73,92,535,92,535,97,73,97,sub_line_text,text,text_0,courier,regular,5,18pabc_3cols_20211228_164127_9802549452_600_800.png,/scratch/parceirosbr/bigoilict/share/BigOil/document_generator/datasets/documents_2021_12_28/18pabc_3cols_20211228_164127_9802549452_600_800.png,18pabc_3cols_20211228_164127_9802549452_600_800_mask.png,"udos  regionais propostos será importante para planejamento da atividade, em especial quando validada e ampliada pelos resultados obtidos nas operações em"
231,2,462,5,73,99,535,104,73,99,535,99,535,104,73,104,sub_line_text,text,text_0,courier,regular,5,18pabc_3cols_20211228_164127_9802549452_600_800.png,/scratch/parceirosbr/bigoilict/share/BigOil/document_generator/datasets/documents_2021_12_28/18pabc_3cols_20211228_164127_9802549452_600_800.png,18pabc_3cols_20211228_164127_9802549452_600_800_mask.png,curso.  A  autoridade governamental responsável pela edição das normas relativas à política energética na é o do. A atividade de distribuição compreende a
231,2,462,5,73,106,535,111,73,106,535,106,535,111,73,111,sub_line_text,text,text_0,courier,regular,5,18pabc_3cols_20211228_164127_9802549452_600_800.png,/scratch/parceirosbr/bigoilict/share/BigOil/document_generator/datasets/documents_2021_12_28/18pabc_3cols_20211228_164127_9802549452_600_800.png,18pabc_3cols_20211228_164127_9802549452_600_800_mask.png,"aquisição, armazenamento, transporte, comercialização e o controle de qualidade dos combustíveis líquidos derivados de petróleo, álcool combustível e out-"
231,2,462,5,73,113,535,118,73,113,535,113,535,118,73,118,sub_line_text,text,text_0,courier,regular,5,18pabc_3cols_20211228_164127_9802549452_600_800.png,/scratch/parceirosbr/bigoilict/share/BigOil/document_generator/datasets/documents_2021_12_28/18pabc_3cols_20211228_164127_9802549452_600_800.png,18pabc_3cols_20211228_164127_9802549452_600_800_mask.png,"ros  combustíveis  automotivos. Deep-water corals: an overview with special reference to diversity and distribution of deep-water scleractinian corals, of"
231,2,462,5,73,120,535,125,73,120,535,120,535,125,73,125,sub_line_text,text,text_0,courier,regular,5,18pabc_3cols_20211228_164127_9802549452_600_800.png,/scratch/parceirosbr/bigoilict/share/BigOil/document_generator/datasets/documents_2021_12_28/18pabc_3cols_20211228_164127_9802549452_600_800.png,18pabc_3cols_20211228_164127_9802549452_600_800_mask.png,"81: 311-322p. 2007. Da mesma forma, para comparação, serácalculado o erro de localização do de 1: simulado de extração de petróleo. Depois passou a ser a-"
231,2,462,5,73,127,535,132,73,127,535,127,535,132,73,132,sub_line_text,text,text_0,courier,regular,5,18pabc_3cols_20211228_164127_9802549452_600_800.png,/scratch/parceirosbr/bigoilict/share/BigOil/document_generator/datasets/documents_2021_12_28/18pabc_3cols_20211228_164127_9802549452_600_800.png,18pabc_3cols_20211228_164127_9802549452_600_800_mask.png,"daptado  para  problemas em geodinâmica através das soluções numéricas sugeridas por, na estimativa da espessura elática efetiva. Deconvolução de obtidas,"
231,2,462,5,73,134,535,139,73,134,535,134,535,139,73,139,sub_line_text,text,text_0,courier,regular,5,18pabc_3cols_20211228_164127_9802549452_600_800.png,/scratch/parceirosbr/bigoilict/share/BigOil/document_generator/datasets/documents_2021_12_28/18pabc_3cols_20211228_164127_9802549452_600_800.png,18pabc_3cols_20211228_164127_9802549452_600_800_mask.png,"respectivamente, pelo método do mínimo desvio padrão e mínimo coeficiente de correlação cruzada com valores coincidentes. estrutural obtido 2,1. escala de"
231,2,462,5,73,141,535,146,73,141,535,141,535,146,73,146,sub_line_text,text,text_0,courier,regular,5,18pabc_3cols_20211228_164127_9802549452_600_800.png,/scratch/parceirosbr/bigoilict/share/BigOil/document_generator/datasets/documents_2021_12_28/18pabc_3cols_20211228_164127_9802549452_600_800.png,18pabc_3cols_20211228_164127_9802549452_600_800_mask.png,"intensidades  de  cinza representa as susceptibilidades magnéticas estimadas pelo método de inversão compacta. Há, contudo, no institucional, experiências"
231,2,462,5,73,148,535,153,73,148,535,148,535,153,73,153,sub_line_text,text,text_0,courier,regular,5,18pabc_3cols_20211228_164127_9802549452_600_800.png,/scratch/parceirosbr/bigoilict/share/BigOil/document_generator/datasets/documents_2021_12_28/18pabc_3cols_20211228_164127_9802549452_600_800.png,18pabc_3cols_20211228_164127_9802549452_600_800_mask.png,"menos bem sucedidas, tal qual a da. Independente da metodologia numérica adotada para resolver estas equações, é necessário especificar condições iniciais"
231,2,462,5,73,155,535,160,73,155,535,155,535,160,73,160,sub_line_text,text,text_0,courier,regular,5,18pabc_3cols_20211228_164127_9802549452_600_800.png,/scratch/parceirosbr/bigoilict/share/BigOil/document_generator/datasets/documents_2021_12_28/18pabc_3cols_20211228_164127_9802549452_600_800.png,18pabc_3cols_20211228_164127_9802549452_600_800_mask.png,e de contorno fisicamente consistentes e compreender o papel de cada uma delas no algoritmo numérico e 2007). 4.3.1 iniciais. Isso justi ca a diferença e-
231,2,462,5,73,162,535,167,73,162,535,162,535,167,73,167,sub_line_text,text,text_0,courier,regular,5,18pabc_3cols_20211228_164127_9802549452_600_800.png,/scratch/parceirosbr/bigoilict/share/BigOil/document_generator/datasets/documents_2021_12_28/18pabc_3cols_20211228_164127_9802549452_600_800.png,18pabc_3cols_20211228_164127_9802549452_600_800_mask.png,"ntre  valores que constam desta e da. In order to evaluate the relationships among different sampling stations, cluster analysis was used. Janary, segundo"
231,2,462,5,73,169,535,174,73,169,535,169,535,174,73,174,sub_line_text,text,text_0,courier,regular,5,18pabc_3cols_20211228_164127_9802549452_600_800.png,/scratch/parceirosbr/bigoilict/share/BigOil/document_generator/datasets/documents_2021_12_28/18pabc_3cols_20211228_164127_9802549452_600_800.png,18pabc_3cols_20211228_164127_9802549452_600_800_mask.png,"eles, tomava decisões sem consultar o de da empresa, definia prioridades com base em critérios políticos e não em laudos técnicos, e anunciara prematuram-"
231,2,462,5,73,176,535,181,73,176,535,176,535,181,73,181,sub_line_text,text,text_0,courier,regular,5,18pabc_3cols_20211228_164127_9802549452_600_800.png,/scratch/parceirosbr/bigoilict/share/BigOil/document_generator/datasets/documents_2021_12_28/18pabc_3cols_20211228_164127_9802549452_600_800.png,18pabc_3cols_20211228_164127_9802549452_600_800_mask.png,"ente os resultados das ações da gerando expectativas que nem sempre se cumpriam, entre outras acusações.239. Em instrumentos convencionais, usualmente uma"
231,2,462,5,73,183,535,188,73,183,535,183,535,188,73,188,sub_line_text,text,text_0,courier,regular,5,18pabc_3cols_20211228_164127_9802549452_600_800.png,/scratch/parceirosbr/bigoilict/share/BigOil/document_generator/datasets/documents_2021_12_28/18pabc_3cols_20211228_164127_9802549452_600_800.png,18pabc_3cols_20211228_164127_9802549452_600_800_mask.png,"fonte de radiação específica para cada elemento, uma fonte de linha, é utilizada, o que implica que apenas as linhas do próprio elemento são emitidas pela"
231,2,462,5,73,190,535,195,73,190,535,190,535,195,73,195,sub_line_text,text,text_0,courier,regular,5,18pabc_3cols_20211228_164127_9802549452_600_800.png,/scratch/parceirosbr/bigoilict/share/BigOil/document_generator/datasets/documents_2021_12_28/18pabc_3cols_20211228_164127_9802549452_600_800.png,18pabc_3cols_20211228_164127_9802549452_600_800_mask.png,"fonte (Borges et al., 2005). Em se tratando da atividade de fraturamento hidráulico, estes temas deverão incluir o monitoramento da sismicidade e qualida-"
231,2,462,5,73,197,535,202,73,197,535,197,535,202,73,202,sub_line_text,text,text_0,courier,regular,5,18pabc_3cols_20211228_164127_9802549452_600_800.png,/scratch/parceirosbr/bigoilict/share/BigOil/document_generator/datasets/documents_2021_12_28/18pabc_3cols_20211228_164127_9802549452_600_800.png,18pabc_3cols_20211228_164127_9802549452_600_800_mask.png,"de de águas subterrâneas e superficiais antes, durante e até o fechamento definitivo dos poços. Em seguida, foi feito um pré-aquecimento da água à 40C, c."
231,58,462,117,73,85,535,202,73,85,535,85,535,202,73,202,text,text,text_0,courier,regular,5,18pabc_3cols_20211228_164127_9802549452_600_800.png,/scratch/parceirosbr/bigoilict/share/BigOil/document_generator/datasets/documents_2021_12_28/18pabc_3cols_20211228_164127_9802549452_600_800.png,18pabc_3cols_20211228_164127_9802549452_600_800_mask.png,nan
135,3,270,6,73,205,343,211,73,205,343,205,343,211,73,211,sub_line_text,figure_legend,figure_0,courier,bolditalic,5,18pabc_3cols_20211228_164127_9802549452_600_800.png,/scratch/parceirosbr/bigoilict/share/BigOil/document_generator/datasets/documents_2021_12_28/18pabc_3cols_20211228_164127_9802549452_600_800.png,18pabc_3cols_20211228_164127_9802549452_600_800_mask.png,Fig.   25:    Como  já  aduzido  na  presente  a  ponderou  que  a  opção  de  subcontrat-
135,3,270,6,73,213,343,219,73,213,343,213,343,219,73,219,sub_line_text,figure_legend,figure_0,courier,bolditalic,5,18pabc_3cols_20211228_164127_9802549452_600_800.png,/scratch/parceirosbr/bigoilict/share/BigOil/document_generator/datasets/documents_2021_12_28/18pabc_3cols_20211228_164127_9802549452_600_800.png,18pabc_3cols_20211228_164127_9802549452_600_800_mask.png,ação   de   serviços   de   transporte   pelo   transportador   poderia  trazer  prejuízos
44,3,88,6,73,221,161,227,73,221,161,221,161,227,73,227,sub_line_text,figure_legend,figure_0,courier,bolditalic,5,18pabc_3cols_20211228_164127_9802549452_600_800.png,/scratch/parceirosbr/bigoilict/share/BigOil/document_generator/datasets/documents_2021_12_28/18pabc_3cols_20211228_164127_9802549452_600_800.png,18pabc_3cols_20211228_164127_9802549452_600_800_mask.png,à competição e que o custo de
135,11,270,22,73,205,343,227,73,205,343,205,343,227,73,227,text,figure_legend,figure_0,courier,bolditalic,5,18pabc_3cols_20211228_164127_9802549452_600_800.png,/scratch/parceirosbr/bigoilict/share/BigOil/document_generator/datasets/documents_2021_12_28/18pabc_3cols_20211228_164127_9802549452_600_800.png,18pabc_3cols_20211228_164127_9802549452_600_800_mask.png,nan
30,54,60,108,195,232,255,340,195,232,255,232,255,340,195,340,image,figure_image,figure_0,,,,18pabc_3cols_20211228_164127_9802549452_600_800.png,/scratch/parceirosbr/bigoilict/share/BigOil/document_generator/datasets/documents_2021_12_28/18pabc_3cols_20211228_164127_9802549452_600_800.png,18pabc_3cols_20211228_164127_9802549452_600_800_mask.png,output/gen_img_20211228_164128_2949477214.png
6,2,13,4,199,247,212,251,199,248,211,247,212,250,199,251,text,figure_text,figure_0,,,,18pabc_3cols_20211228_164127_9802549452_600_800.png,/scratch/parceirosbr/bigoilict/share/BigOil/document_generator/datasets/documents_2021_12_28/18pabc_3cols_20211228_164127_9802549452_600_800.png,18pabc_3cols_20211228_164127_9802549452_600_800_mask.png,-3630%
6,2,13,4,199,247,212,251,199,248,211,247,212,250,199,251,sub_line_text,figure_text,figure_0,,,,18pabc_3cols_20211228_164127_9802549452_600_800.png,/scratch/parceirosbr/bigoilict/share/BigOil/document_generator/datasets/documents_2021_12_28/18pabc_3cols_20211228_164127_9802549452_600_800.png,18pabc_3cols_20211228_164127_9802549452_600_800_mask.png,-3630%
10,2,20,5,218,237,238,242,218,238,238,237,238,241,218,242,text,figure_text,figure_0,,,,18pabc_3cols_20211228_164127_9802549452_600_800.png,/scratch/parceirosbr/bigoilict/share/BigOil/document_generator/datasets/documents_2021_12_28/18pabc_3cols_20211228_164127_9802549452_600_800.png,18pabc_3cols_20211228_164127_9802549452_600_800_mask.png,Permeability
10,2,20,5,218,237,238,242,218,238,238,237,238,241,218,242,sub_line_text,figure_text,figure_0,,,,18pabc_3cols_20211228_164127_9802549452_600_800.png,/scratch/parceirosbr/bigoilict/share/BigOil/document_generator/datasets/documents_2021_12_28/18pabc_3cols_20211228_164127_9802549452_600_800.png,18pabc_3cols_20211228_164127_9802549452_600_800_mask.png,Permeability
6,1,12,3,225,317,237,320,225,317,237,317,237,320,225,320,text,figure_text,figure_0,,,,18pabc_3cols_20211228_164127_9802549452_600_800.png,/scratch/parceirosbr/bigoilict/share/BigOil/document_generator/datasets/documents_2021_12_28/18pabc_3cols_20211228_164127_9802549452_600_800.png,18pabc_3cols_20211228_164127_9802549452_600_800_mask.png,-3004.9
6,1,12,3,225,317,237,320,225,317,237,317,237,320,225,320,sub_line_text,figure_text,figure_0,,,,18pabc_3cols_20211228_164127_9802549452_600_800.png,/scratch/parceirosbr/bigoilict/share/BigOil/document_generator/datasets/documents_2021_12_28/18pabc_3cols_20211228_164127_9802549452_600_800.png,18pabc_3cols_20211228_164127_9802549452_600_800_mask.png,-3004.9
6,3,13,6,237,331,250,337,237,333,249,331,250,334,238,337,text,figure_text,figure_0,,,,18pabc_3cols_20211228_164127_9802549452_600_800.png,/scratch/parceirosbr/bigoilict/share/BigOil/document_generator/datasets/documents_2021_12_28/18pabc_3cols_20211228_164127_9802549452_600_800.png,18pabc_3cols_20211228_164127_9802549452_600_800_mask.png,-4895%
6,3,13,6,237,331,250,337,237,333,249,331,250,334,238,337,sub_line_text,figure_text,figure_0,,,,18pabc_3cols_20211228_164127_9802549452_600_800.png,/scratch/parceirosbr/bigoilict/share/BigOil/document_generator/datasets/documents_2021_12_28/18pabc_3cols_20211228_164127_9802549452_600_800.png,18pabc_3cols_20211228_164127_9802549452_600_800_mask.png,-4895%
11,3,23,6,198,320,221,326,198,322,220,320,221,324,198,326,text,figure_text,figure_0,,,,18pabc_3cols_20211228_164127_9802549452_600_800.png,/scratch/parceirosbr/bigoilict/share/BigOil/document_generator/datasets/documents_2021_12_28/18pabc_3cols_20211228_164127_9802549452_600_800.png,18pabc_3cols_20211228_164127_9802549452_600_800_mask.png,Demand (TB)
11,3,23,6,198,320,221,326,198,322,220,320,221,324,198,326,sub_line_text,figure_text,figure_0,,,,18pabc_3cols_20211228_164127_9802549452_600_800.png,/scratch/parceirosbr/bigoilict/share/BigOil/document_generator/datasets/documents_2021_12_28/18pabc_3cols_20211228_164127_9802549452_600_800.png,18pabc_3cols_20211228_164127_9802549452_600_800_mask.png,Demand (TB)
6,2,13,5,225,269,238,274,225,270,238,269,238,273,226,274,text,figure_text,figure_0,,,,18pabc_3cols_20211228_164127_9802549452_600_800.png,/scratch/parceirosbr/bigoilict/share/BigOil/document_generator/datasets/documents_2021_12_28/18pabc_3cols_20211228_164127_9802549452_600_800.png,18pabc_3cols_20211228_164127_9802549452_600_800_mask.png,Reason
6,2,13,5,225,269,238,274,225,270,238,269,238,273,226,274,sub_line_text,figure_text,figure_0,,,,18pabc_3cols_20211228_164127_9802549452_600_800.png,/scratch/parceirosbr/bigoilict/share/BigOil/document_generator/datasets/documents_2021_12_28/18pabc_3cols_20211228_164127_9802549452_600_800.png,18pabc_3cols_20211228_164127_9802549452_600_800_mask.png,Reason
8,1,16,3,231,261,247,264,231,260,248,261,247,265,231,264,text,figure_text,figure_0,,,,18pabc_3cols_20211228_164127_9802549452_600_800.png,/scratch/parceirosbr/bigoilict/share/BigOil/document_generator/datasets/documents_2021_12_28/18pabc_3cols_20211228_164127_9802549452_600_800.png,18pabc_3cols_20211228_164127_9802549452_600_800_mask.png,-5459.646
8,1,16,3,231,261,247,264,231,260,248,261,247,265,231,264,sub_line_text,figure_text,figure_0,,,,18pabc_3cols_20211228_164127_9802549452_600_800.png,/scratch/parceirosbr/bigoilict/share/BigOil/document_generator/datasets/documents_2021_12_28/18pabc_3cols_20211228_164127_9802549452_600_800.png,18pabc_3cols_20211228_164127_9802549452_600_800_mask.png,-5459.646
8,2,16,5,215,291,231,296,215,292,230,291,231,296,215,296,text,figure_text,figure_0,,,,18pabc_3cols_20211228_164127_9802549452_600_800.png,/scratch/parceirosbr/bigoilict/share/BigOil/document_generator/datasets/documents_2021_12_28/18pabc_3cols_20211228_164127_9802549452_600_800.png,18pabc_3cols_20211228_164127_9802549452_600_800_mask.png,Speed ​​[v]
8,2,16,5,215,291,231,296,215,292,230,291,231,296,215,296,sub_line_text,figure_text,figure_0,,,,18pabc_3cols_20211228_164127_9802549452_600_800.png,/scratch/parceirosbr/bigoilict/share/BigOil/document_generator/datasets/documents_2021_12_28/18pabc_3cols_20211228_164127_9802549452_600_800.png,18pabc_3cols_20211228_164127_9802549452_600_800_mask.png,Speed ​​[v]
7,0,14,1,205,259,219,260,205,256,219,259,219,262,205,260,text,figure_text,figure_0,,,,18pabc_3cols_20211228_164127_9802549452_600_800.png,/scratch/parceirosbr/bigoilict/share/BigOil/document_generator/datasets/documents_2021_12_28/18pabc_3cols_20211228_164127_9802549452_600_800.png,18pabc_3cols_20211228_164127_9802549452_600_800_mask.png,-6063.92
7,0,14,1,205,259,219,260,205,256,219,259,219,262,205,260,sub_line_text,figure_text,figure_0,,,,18pabc_3cols_20211228_164127_9802549452_600_800.png,/scratch/parceirosbr/bigoilict/share/BigOil/document_generator/datasets/documents_2021_12_28/18pabc_3cols_20211228_164127_9802549452_600_800.png,18pabc_3cols_20211228_164127_9802549452_600_800_mask.png,-6063.92
8,0,16,-1,199,242,215,241,199,238,215,242,215,245,198,241,text,figure_text,figure_0,,,,18pabc_3cols_20211228_164127_9802549452_600_800.png,/scratch/parceirosbr/bigoilict/share/BigOil/document_generator/datasets/documents_2021_12_28/18pabc_3cols_20211228_164127_9802549452_600_800.png,18pabc_3cols_20211228_164127_9802549452_600_800_mask.png,Treatment
8,0,16,-1,199,242,215,241,199,238,215,242,215,245,198,241,sub_line_text,figure_text,figure_0,,,,18pabc_3cols_20211228_164127_9802549452_600_800.png,/scratch/parceirosbr/bigoilict/share/BigOil/document_generator/datasets/documents_2021_12_28/18pabc_3cols_20211228_164127_9802549452_600_800.png,18pabc_3cols_20211228_164127_9802549452_600_800_mask.png,Treatment
11,4,23,8,195,301,218,309,195,306,217,301,218,304,196,309,text,figure_text,figure_0,,,,18pabc_3cols_20211228_164127_9802549452_600_800.png,/scratch/parceirosbr/bigoilict/share/BigOil/document_generator/datasets/documents_2021_12_28/18pabc_3cols_20211228_164127_9802549452_600_800.png,18pabc_3cols_20211228_164127_9802549452_600_800_mask.png,Concentration
11,4,23,8,195,301,218,309,195,306,217,301,218,304,196,309,sub_line_text,figure_text,figure_0,,,,18pabc_3cols_20211228_164127_9802549452_600_800.png,/scratch/parceirosbr/bigoilict/share/BigOil/document_generator/datasets/documents_2021_12_28/18pabc_3cols_20211228_164127_9802549452_600_800.png,18pabc_3cols_20211228_164127_9802549452_600_800_mask.png,Concentration
7,2,14,5,237,299,251,304,237,301,250,299,251,302,237,304,text,figure_text,figure_0,,,,18pabc_3cols_20211228_164127_9802549452_600_800.png,/scratch/parceirosbr/bigoilict/share/BigOil/document_generator/datasets/documents_2021_12_28/18pabc_3cols_20211228_164127_9802549452_600_800.png,18pabc_3cols_20211228_164127_9802549452_600_800_mask.png,Rotation
7,2,14,5,237,299,251,304,237,301,250,299,251,302,237,304,sub_line_text,figure_text,figure_0,,,,18pabc_3cols_20211228_164127_9802549452_600_800.png,/scratch/parceirosbr/bigoilict/share/BigOil/document_generator/datasets/documents_2021_12_28/18pabc_3cols_20211228_164127_9802549452_600_800.png,18pabc_3cols_20211228_164127_9802549452_600_800_mask.png,Rotation
4,2,8,4,208,269,216,273,208,269,215,269,216,272,208,273,text,figure_text,figure_0,,,,18pabc_3cols_20211228_164127_9802549452_600_800.png,/scratch/parceirosbr/bigoilict/share/BigOil/document_generator/datasets/documents_2021_12_28/18pabc_3cols_20211228_164127_9802549452_600_800.png,18pabc_3cols_20211228_164127_9802549452_600_800_mask.png,Rate
4,2,8,4,208,269,216,273,208,269,215,269,216,272,208,273,sub_line_text,figure_text,figure_0,,,,18pabc_3cols_20211228_164127_9802549452_600_800.png,/scratch/parceirosbr/bigoilict/share/BigOil/document_generator/datasets/documents_2021_12_28/18pabc_3cols_20211228_164127_9802549452_600_800.png,18pabc_3cols_20211228_164127_9802549452_600_800_mask.png,Rate
7,0,15,0,206,333,221,333,206,330,222,333,221,337,205,333,text,figure_text,figure_0,,,,18pabc_3cols_20211228_164127_9802549452_600_800.png,/scratch/parceirosbr/bigoilict/share/BigOil/document_generator/datasets/documents_2021_12_28/18pabc_3cols_20211228_164127_9802549452_600_800.png,18pabc_3cols_20211228_164127_9802549452_600_800_mask.png,-4166.3%
7,0,15,0,206,333,221,333,206,330,222,333,221,337,205,333,sub_line_text,figure_text,figure_0,,,,18pabc_3cols_20211228_164127_9802549452_600_800.png,/scratch/parceirosbr/bigoilict/share/BigOil/document_generator/datasets/documents_2021_12_28/18pabc_3cols_20211228_164127_9802549452_600_800.png,18pabc_3cols_20211228_164127_9802549452_600_800_mask.png,-4166.3%
7,0,14,1,223,282,237,283,223,279,237,282,237,286,222,283,text,figure_text,figure_0,,,,18pabc_3cols_20211228_164127_9802549452_600_800.png,/scratch/parceirosbr/bigoilict/share/BigOil/document_generator/datasets/documents_2021_12_28/18pabc_3cols_20211228_164127_9802549452_600_800.png,18pabc_3cols_20211228_164127_9802549452_600_800_mask.png,Capacity
7,0,14,1,223,282,237,283,223,279,237,282,237,286,222,283,sub_line_text,figure_text,figure_0,,,,18pabc_3cols_20211228_164127_9802549452_600_800.png,/scratch/parceirosbr/bigoilict/share/BigOil/document_generator/datasets/documents_2021_12_28/18pabc_3cols_20211228_164127_9802549452_600_800.png,18pabc_3cols_20211228_164127_9802549452_600_800_mask.png,Capacity
4,2,9,4,201,276,210,280,201,276,210,276,210,280,201,280,text,figure_text,figure_0,,,,18pabc_3cols_20211228_164127_9802549452_600_800.png,/scratch/parceirosbr/bigoilict/share/BigOil/document_generator/datasets/documents_2021_12_28/18pabc_3cols_20211228_164127_9802549452_600_800.png,18pabc_3cols_20211228_164127_9802549452_600_800_mask.png,-9372
4,2,9,4,201,276,210,280,201,276,210,276,210,280,201,280,sub_line_text,figure_text,figure_0,,,,18pabc_3cols_20211228_164127_9802549452_600_800.png,/scratch/parceirosbr/bigoilict/share/BigOil/document_generator/datasets/documents_2021_12_28/18pabc_3cols_20211228_164127_9802549452_600_800.png,18pabc_3cols_20211228_164127_9802549452_600_800_mask.png,-9372
6,1,12,3,218,312,230,315,218,311,230,312,230,316,218,315,text,figure_text,figure_0,,,,18pabc_3cols_20211228_164127_9802549452_600_800.png,/scratch/parceirosbr/bigoilict/share/BigOil/document_generator/datasets/documents_2021_12_28/18pabc_3cols_20211228_164127_9802549452_600_800.png,18pabc_3cols_20211228_164127_9802549452_600_800_mask.png,Activity
6,1,12,3,218,312,230,315,218,311,230,312,230,316,218,315,sub_line_text,figure_text,figure_0,,,,18pabc_3cols_20211228_164127_9802549452_600_800.png,/scratch/parceirosbr/bigoilict/share/BigOil/document_generator/datasets/documents_2021_12_28/18pabc_3cols_20211228_164127_9802549452_600_800.png,18pabc_3cols_20211228_164127_9802549452_600_800_mask.png,Activity
5,2,11,5,221,304,232,309,221,306,232,304,232,307,221,309,text,figure_text,figure_0,,,,18pabc_3cols_20211228_164127_9802549452_600_800.png,/scratch/parceirosbr/bigoilict/share/BigOil/document_generator/datasets/documents_2021_12_28/18pabc_3cols_20211228_164127_9802549452_600_800.png,18pabc_3cols_20211228_164127_9802549452_600_800_mask.png,Detour
5,2,11,5,221,304,232,309,221,306,232,304,232,307,221,309,sub_line_text,figure_text,figure_0,,,,18pabc_3cols_20211228_164127_9802549452_600_800.png,/scratch/parceirosbr/bigoilict/share/BigOil/document_generator/datasets/documents_2021_12_28/18pabc_3cols_20211228_164127_9802549452_600_800.png,18pabc_3cols_20211228_164127_9802549452_600_800_mask.png,Detour
6,1,12,2,237,292,249,294,237,290,249,292,249,296,236,294,text,figure_text,figure_0,,,,18pabc_3cols_20211228_164127_9802549452_600_800.png,/scratch/parceirosbr/bigoilict/share/BigOil/document_generator/datasets/documents_2021_12_28/18pabc_3cols_20211228_164127_9802549452_600_800.png,18pabc_3cols_20211228_164127_9802549452_600_800_mask.png,Fluency
6,1,12,2,237,292,249,294,237,290,249,292,249,296,236,294,sub_line_text,figure_text,figure_0,,,,18pabc_3cols_20211228_164127_9802549452_600_800.png,/scratch/parceirosbr/bigoilict/share/BigOil/document_generator/datasets/documents_2021_12_28/18pabc_3cols_20211228_164127_9802549452_600_800.png,18pabc_3cols_20211228_164127_9802549452_600_800_mask.png,Fluency
8,2,16,5,233,251,249,256,233,253,249,251,249,254,233,256,text,figure_text,figure_0,,,,18pabc_3cols_20211228_164127_9802549452_600_800.png,/scratch/parceirosbr/bigoilict/share/BigOil/document_generator/datasets/documents_2021_12_28/18pabc_3cols_20211228_164127_9802549452_600_800.png,18pabc_3cols_20211228_164127_9802549452_600_800_mask.png,-3202.7%
8,2,16,5,233,251,249,256,233,253,249,251,249,254,233,256,sub_line_text,figure_text,figure_0,,,,18pabc_3cols_20211228_164127_9802549452_600_800.png,/scratch/parceirosbr/bigoilict/share/BigOil/document_generator/datasets/documents_2021_12_28/18pabc_3cols_20211228_164127_9802549452_600_800.png,18pabc_3cols_20211228_164127_9802549452_600_800_mask.png,-3202.7%
6,3,13,6,222,326,235,332,222,328,234,326,235,329,223,332,text,figure_text,figure_0,,,,18pabc_3cols_20211228_164127_9802549452_600_800.png,/scratch/parceirosbr/bigoilict/share/BigOil/document_generator/datasets/documents_2021_12_28/18pabc_3cols_20211228_164127_9802549452_600_800.png,18pabc_3cols_20211228_164127_9802549452_600_800_mask.png,-5610.3
6,3,13,6,222,326,235,332,222,328,234,326,235,329,223,332,sub_line_text,figure_text,figure_0,,,,18pabc_3cols_20211228_164127_9802549452_600_800.png,/scratch/parceirosbr/bigoilict/share/BigOil/document_generator/datasets/documents_2021_12_28/18pabc_3cols_20211228_164127_9802549452_600_800.png,18pabc_3cols_20211228_164127_9802549452_600_800_mask.png,-5610.3
54,5,108,11,90,343,198,354,90,343,198,343,198,354,90,354,sub_line_text,subtitle,subtitle_0,courier,regular,10,18pabc_3cols_20211228_164127_9802549452_600_800.png,/scratch/parceirosbr/bigoilict/share/BigOil/document_generator/datasets/documents_2021_12_28/18pabc_3cols_20211228_164127_9802549452_600_800.png,18pabc_3cols_20211228_164127_9802549452_600_800_mask.png,Terraço plataforma
54,5,108,11,90,343,198,354,90,343,198,343,198,354,90,354,title,subtitle,subtitle_0,courier,regular,10,18pabc_3cols_20211228_164127_9802549452_600_800.png,/scratch/parceirosbr/bigoilict/share/BigOil/document_generator/datasets/documents_2021_12_28/18pabc_3cols_20211228_164127_9802549452_600_800.png,18pabc_3cols_20211228_164127_9802549452_600_800_mask.png,nan
40,3,80,6,133,357,213,363,133,357,213,357,213,363,133,363,sub_line_text,text,text_1,courier,regular,6,18pabc_3cols_20211228_164127_9802549452_600_800.png,/scratch/parceirosbr/bigoilict/share/BigOil/document_generator/datasets/documents_2021_12_28/18pabc_3cols_20211228_164127_9802549452_600_800.png,18pabc_3cols_20211228_164127_9802549452_600_800_mask.png,"Há,  então, a forma-"
70,3,140,6,73,365,213,371,73,365,213,365,213,371,73,371,sub_line_text,text,text_1,courier,regular,6,18pabc_3cols_20211228_164127_9802549452_600_800.png,/scratch/parceirosbr/bigoilict/share/BigOil/document_generator/datasets/documents_2021_12_28/18pabc_3cols_20211228_164127_9802549452_600_800.png,18pabc_3cols_20211228_164127_9802549452_600_800_mask.png,"ção  de gânglios do líquido, que f-"
70,3,140,6,73,373,213,379,73,373,213,373,213,379,73,379,sub_line_text,text,text_1,courier,regular,6,18pabc_3cols_20211228_164127_9802549452_600_800.png,/scratch/parceirosbr/bigoilict/share/BigOil/document_generator/datasets/documents_2021_12_28/18pabc_3cols_20211228_164127_9802549452_600_800.png,18pabc_3cols_20211228_164127_9802549452_600_800_mask.png,"icam  retidos nos poros do solo, c-"
70,3,140,6,73,381,213,387,73,381,213,381,213,387,73,387,sub_line_text,text,text_1,courier,regular,6,18pabc_3cols_20211228_164127_9802549452_600_800.png,/scratch/parceirosbr/bigoilict/share/BigOil/document_generator/datasets/documents_2021_12_28/18pabc_3cols_20211228_164127_9802549452_600_800.png,18pabc_3cols_20211228_164127_9802549452_600_800_mask.png,riando  uma fase denominada residu-
70,3,140,6,73,389,213,395,73,389,213,389,213,395,73,395,sub_line_text,text,text_1,courier,regular,6,18pabc_3cols_20211228_164127_9802549452_600_800.png,/scratch/parceirosbr/bigoilict/share/BigOil/document_generator/datasets/documents_2021_12_28/18pabc_3cols_20211228_164127_9802549452_600_800.png,18pabc_3cols_20211228_164127_9802549452_600_800_mask.png,al.  Installation of arrays typica-
68,3,136,6,73,397,209,403,73,397,209,397,209,403,73,403,sub_line_text,text,text_1,courier,regular,6,18pabc_3cols_20211228_164127_9802549452_600_800.png,/scratch/parceirosbr/bigoilict/share/BigOil/document_generator/datasets/documents_2021_12_28/18pabc_3cols_20211228_164127_9802549452_600_800.png,18pabc_3cols_20211228_164127_9802549452_600_800_mask.png,lly  involves  excavation of a pit
70,3,140,6,73,405,213,411,73,405,213,405,213,411,73,411,sub_line_text,text,text_1,courier,regular,6,18pabc_3cols_20211228_164127_9802549452_600_800.png,/scratch/parceirosbr/bigoilict/share/BigOil/document_generator/datasets/documents_2021_12_28/18pabc_3cols_20211228_164127_9802549452_600_800.png,18pabc_3cols_20211228_164127_9802549452_600_800_mask.png,to  a depth of 0.80m and consequen-
70,3,140,6,73,413,213,419,73,413,213,413,213,419,73,419,sub_line_text,text,text_1,courier,regular,6,18pabc_3cols_20211228_164127_9802549452_600_800.png,/scratch/parceirosbr/bigoilict/share/BigOil/document_generator/datasets/documents_2021_12_28/18pabc_3cols_20211228_164127_9802549452_600_800.png,18pabc_3cols_20211228_164127_9802549452_600_800_mask.png,tly  the effects on unrecorded arc-
70,3,140,6,73,421,213,427,73,421,213,421,213,427,73,427,sub_line_text,text,text_1,courier,regular,6,18pabc_3cols_20211228_164127_9802549452_600_800.png,/scratch/parceirosbr/bigoilict/share/BigOil/document_generator/datasets/documents_2021_12_28/18pabc_3cols_20211228_164127_9802549452_600_800.png,18pabc_3cols_20211228_164127_9802549452_600_800_mask.png,haeological  assets would be limit-
70,3,140,6,73,429,213,435,73,429,213,429,213,435,73,435,sub_line_text,text,text_1,courier,regular,6,18pabc_3cols_20211228_164127_9802549452_600_800.png,/scratch/parceirosbr/bigoilict/share/BigOil/document_generator/datasets/documents_2021_12_28/18pabc_3cols_20211228_164127_9802549452_600_800.png,18pabc_3cols_20211228_164127_9802549452_600_800_mask.png,"ed  to the area of the pit, with t-"
68,3,136,6,73,437,209,443,73,437,209,437,209,443,73,443,sub_line_text,text,text_1,courier,regular,6,18pabc_3cols_20211228_164127_9802549452_600_800.png,/scratch/parceirosbr/bigoilict/share/BigOil/document_generator/datasets/documents_2021_12_28/18pabc_3cols_20211228_164127_9802549452_600_800.png,18pabc_3cols_20211228_164127_9802549452_600_800_mask.png,he  resulting magnitude of effects
70,3,140,6,73,445,213,451,73,445,213,445,213,451,73,451,sub_line_text,text,text_1,courier,regular,6,18pabc_3cols_20211228_164127_9802549452_600_800.png,/scratch/parceirosbr/bigoilict/share/BigOil/document_generator/datasets/documents_2021_12_28/18pabc_3cols_20211228_164127_9802549452_600_800.png,18pabc_3cols_20211228_164127_9802549452_600_800_mask.png,"negligible7.  Em seguida, o diretor"
68,3,136,6,73,453,209,459,73,453,209,453,209,459,73,459,sub_line_text,text,text_1,courier,regular,6,18pabc_3cols_20211228_164127_9802549452_600_800.png,/scratch/parceirosbr/bigoilict/share/BigOil/document_generator/datasets/documents_2021_12_28/18pabc_3cols_20211228_164127_9802549452_600_800.png,18pabc_3cols_20211228_164127_9802549452_600_800_mask.png,do  também se demitiu pelos mesmos
68,3,136,6,73,461,209,467,73,461,209,461,209,467,73,467,sub_line_text,text,text_1,courier,regular,6,18pabc_3cols_20211228_164127_9802549452_600_800.png,/scratch/parceirosbr/bigoilict/share/BigOil/document_generator/datasets/documents_2021_12_28/18pabc_3cols_20211228_164127_9802549452_600_800.png,18pabc_3cols_20211228_164127_9802549452_600_800_mask.png,motivos. Entre os possíveis valor.
70,55,140,110,73,357,213,467,73,357,213,357,213,467,73,467,text,text,text_1,courier,regular,6,18pabc_3cols_20211228_164127_9802549452_600_800.png,/scratch/parceirosbr/bigoilict/share/BigOil/document_generator/datasets/documents_2021_12_28/18pabc_3cols_20211228_164127_9802549452_600_800.png,18pabc_3cols_20211228_164127_9802549452_600_800_mask.png,nan
30,4,60,9,114,470,174,479,114,470,174,470,174,479,114,479,sub_line_text,subsubtitle,subsubtitle_0,courier,regular,8,18pabc_3cols_20211228_164127_9802549452_600_800.png,/scratch/parceirosbr/bigoilict/share/BigOil/document_generator/datasets/documents_2021_12_28/18pabc_3cols_20211228_164127_9802549452_600_800.png,18pabc_3cols_20211228_164127_9802549452_600_800_mask.png,Além análise
30,4,60,9,114,470,174,479,114,470,174,470,174,479,114,479,title,subsubtitle,subsubtitle_0,courier,regular,8,18pabc_3cols_20211228_164127_9802549452_600_800.png,/scratch/parceirosbr/bigoilict/share/BigOil/document_generator/datasets/documents_2021_12_28/18pabc_3cols_20211228_164127_9802549452_600_800.png,18pabc_3cols_20211228_164127_9802549452_600_800_mask.png,nan
38,3,76,6,133,482,209,488,133,482,209,482,209,488,133,488,sub_line_text,text,text_2,courier,regular,6,18pabc_3cols_20211228_164127_9802549452_600_800.png,/scratch/parceirosbr/bigoilict/share/BigOil/document_generator/datasets/documents_2021_12_28/18pabc_3cols_20211228_164127_9802549452_600_800.png,18pabc_3cols_20211228_164127_9802549452_600_800_mask.png,Designada  para uso
70,3,140,6,73,490,213,496,73,490,213,490,213,496,73,496,sub_line_text,text,text_2,courier,regular,6,18pabc_3cols_20211228_164127_9802549452_600_800.png,/scratch/parceirosbr/bigoilict/share/BigOil/document_generator/datasets/documents_2021_12_28/18pabc_3cols_20211228_164127_9802549452_600_800.png,18pabc_3cols_20211228_164127_9802549452_600_800_mask.png,nos  motores de alta rotação 4 tem-
70,3,140,6,73,498,213,504,73,498,213,498,213,504,73,504,sub_line_text,text,text_2,courier,regular,6,18pabc_3cols_20211228_164127_9802549452_600_800.png,/scratch/parceirosbr/bigoilict/share/BigOil/document_generator/datasets/documents_2021_12_28/18pabc_3cols_20211228_164127_9802549452_600_800.png,18pabc_3cols_20211228_164127_9802549452_600_800_mask.png,pos  para atender os limites de em-
70,3,140,6,73,506,213,512,73,506,213,506,213,512,73,512,sub_line_text,text,text_2,courier,regular,6,18pabc_3cols_20211228_164127_9802549452_600_800.png,/scratch/parceirosbr/bigoilict/share/BigOil/document_generator/datasets/documents_2021_12_28/18pabc_3cols_20211228_164127_9802549452_600_800.png,18pabc_3cols_20211228_164127_9802549452_600_800_mask.png,issões  estabelecidos nos para 200-
70,3,140,6,73,514,213,520,73,514,213,514,213,520,73,520,sub_line_text,text,text_2,courier,regular,6,18pabc_3cols_20211228_164127_9802549452_600_800.png,/scratch/parceirosbr/bigoilict/share/BigOil/document_generator/datasets/documents_2021_12_28/18pabc_3cols_20211228_164127_9802549452_600_800.png,18pabc_3cols_20211228_164127_9802549452_600_800_mask.png,2.  para garantir a durabilidade d-
70,3,140,6,73,522,213,528,73,522,213,522,213,528,73,528,sub_line_text,text,text_2,courier,regular,6,18pabc_3cols_20211228_164127_9802549452_600_800.png,/scratch/parceirosbr/bigoilict/share/BigOil/document_generator/datasets/documents_2021_12_28/18pabc_3cols_20211228_164127_9802549452_600_800.png,18pabc_3cols_20211228_164127_9802549452_600_800_mask.png,os  motores que utilizam a recircu-
70,3,140,6,73,530,213,536,73,530,213,530,213,536,73,536,sub_line_text,text,text_2,courier,regular,6,18pabc_3cols_20211228_164127_9802549452_600_800.png,/scratch/parceirosbr/bigoilict/share/BigOil/document_generator/datasets/documents_2021_12_28/18pabc_3cols_20211228_164127_9802549452_600_800.png,18pabc_3cols_20211228_164127_9802549452_600_800_mask.png,lação  dos gases de escape. Em amb-
70,3,140,6,73,538,213,544,73,538,213,538,213,544,73,544,sub_line_text,text,text_2,courier,regular,6,18pabc_3cols_20211228_164127_9802549452_600_800.png,/scratch/parceirosbr/bigoilict/share/BigOil/document_generator/datasets/documents_2021_12_28/18pabc_3cols_20211228_164127_9802549452_600_800.png,18pabc_3cols_20211228_164127_9802549452_600_800_mask.png,os  os casos espera-se um estirame-
70,3,140,6,73,546,213,552,73,546,213,546,213,552,73,552,sub_line_text,text,text_2,courier,regular,6,18pabc_3cols_20211228_164127_9802549452_600_800.png,/scratch/parceirosbr/bigoilict/share/BigOil/document_generator/datasets/documents_2021_12_28/18pabc_3cols_20211228_164127_9802549452_600_800.png,18pabc_3cols_20211228_164127_9802549452_600_800_mask.png,nto  da cadeia polimérica com cons-
68,3,136,6,73,554,209,560,73,554,209,554,209,560,73,560,sub_line_text,text,text_2,courier,regular,6,18pabc_3cols_20211228_164127_9802549452_600_800.png,/scratch/parceirosbr/bigoilict/share/BigOil/document_generator/datasets/documents_2021_12_28/18pabc_3cols_20211228_164127_9802549452_600_800.png,18pabc_3cols_20211228_164127_9802549452_600_800_mask.png,eqüente  diminuição das interações
68,3,136,6,73,562,209,568,73,562,209,562,209,568,73,568,sub_line_text,text,text_2,courier,regular,6,18pabc_3cols_20211228_164127_9802549452_600_800.png,/scratch/parceirosbr/bigoilict/share/BigOil/document_generator/datasets/documents_2021_12_28/18pabc_3cols_20211228_164127_9802549452_600_800.png,18pabc_3cols_20211228_164127_9802549452_600_800_mask.png,"e  liberação de grupos hidroxilas,"
70,3,140,6,73,570,213,576,73,570,213,570,213,576,73,576,sub_line_text,text,text_2,courier,regular,6,18pabc_3cols_20211228_164127_9802549452_600_800.png,/scratch/parceirosbr/bigoilict/share/BigOil/document_generator/datasets/documents_2021_12_28/18pabc_3cols_20211228_164127_9802549452_600_800.png,18pabc_3cols_20211228_164127_9802549452_600_800_mask.png,anteriormente  interagindo por lig-
70,3,140,6,73,578,213,584,73,578,213,578,213,584,73,584,sub_line_text,text,text_2,courier,regular,6,18pabc_3cols_20211228_164127_9802549452_600_800.png,/scratch/parceirosbr/bigoilict/share/BigOil/document_generator/datasets/documents_2021_12_28/18pabc_3cols_20211228_164127_9802549452_600_800.png,18pabc_3cols_20211228_164127_9802549452_600_800_mask.png,ação  hidrogênio. 18. Como resulta-
66,3,132,6,73,586,205,592,73,586,205,586,205,592,73,592,sub_line_text,text,text_2,courier,regular,6,18pabc_3cols_20211228_164127_9802549452_600_800.png,/scratch/parceirosbr/bigoilict/share/BigOil/document_generator/datasets/documents_2021_12_28/18pabc_3cols_20211228_164127_9802549452_600_800.png,18pabc_3cols_20211228_164127_9802549452_600_800_mask.png,"do, previu-se um aumento doatual."
70,55,140,110,73,482,213,592,73,482,213,482,213,592,73,592,text,text,text_2,courier,regular,6,18pabc_3cols_20211228_164127_9802549452_600_800.png,/scratch/parceirosbr/bigoilict/share/BigOil/document_generator/datasets/documents_2021_12_28/18pabc_3cols_20211228_164127_9802549452_600_800.png,18pabc_3cols_20211228_164127_9802549452_600_800_mask.png,nan
40,3,80,6,133,595,213,601,133,595,213,595,213,601,133,601,sub_line_text,text,text_3,courier,regular,6,18pabc_3cols_20211228_164127_9802549452_600_800.png,/scratch/parceirosbr/bigoilict/share/BigOil/document_generator/datasets/documents_2021_12_28/18pabc_3cols_20211228_164127_9802549452_600_800.png,18pabc_3cols_20211228_164127_9802549452_600_800_mask.png,"Deste  total, 3 mil-"
68,3,136,6,73,603,209,609,73,603,209,603,209,609,73,609,sub_line_text,text,text_3,courier,regular,6,18pabc_3cols_20211228_164127_9802549452_600_800.png,/scratch/parceirosbr/bigoilict/share/BigOil/document_generator/datasets/documents_2021_12_28/18pabc_3cols_20211228_164127_9802549452_600_800.png,18pabc_3cols_20211228_164127_9802549452_600_800_mask.png,"hões  m ou 77,4% se destinaram aos"
70,3,140,6,73,611,213,617,73,611,213,611,213,617,73,617,sub_line_text,text,text_3,courier,regular,6,18pabc_3cols_20211228_164127_9802549452_600_800.png,/scratch/parceirosbr/bigoilict/share/BigOil/document_generator/datasets/documents_2021_12_28/18pabc_3cols_20211228_164127_9802549452_600_800.png,18pabc_3cols_20211228_164127_9802549452_600_800_mask.png,derivados  de petróleo (exceto e se
70,3,140,6,73,619,213,625,73,619,213,619,213,625,73,625,sub_line_text,text,text_3,courier,regular,6,18pabc_3cols_20211228_164127_9802549452_600_800.png,/scratch/parceirosbr/bigoilict/share/BigOil/document_generator/datasets/documents_2021_12_28/18pabc_3cols_20211228_164127_9802549452_600_800.png,18pabc_3cols_20211228_164127_9802549452_600_800_mask.png,dividiram  pelas regiões nos segui-
70,3,140,6,73,627,213,633,73,627,213,627,213,633,73,633,sub_line_text,text,text_3,courier,regular,6,18pabc_3cols_20211228_164127_9802549452_600_800.png,/scratch/parceirosbr/bigoilict/share/BigOil/document_generator/datasets/documents_2021_12_28/18pabc_3cols_20211228_164127_9802549452_600_800.png,18pabc_3cols_20211228_164127_9802549452_600_800_mask.png,"ntes  percentuais: (14,4%20,3%41,5-"
70,3,140,6,73,635,213,641,73,635,213,635,213,641,73,641,sub_line_text,text,text_3,courier,regular,6,18pabc_3cols_20211228_164127_9802549452_600_800.png,/scratch/parceirosbr/bigoilict/share/BigOil/document_generator/datasets/documents_2021_12_28/18pabc_3cols_20211228_164127_9802549452_600_800.png,18pabc_3cols_20211228_164127_9802549452_600_800_mask.png,"%16,9%)  e (6,8%). A metodologia g-"
70,3,140,6,73,643,213,649,73,643,213,643,213,649,73,649,sub_line_text,text,text_3,courier,regular,6,18pabc_3cols_20211228_164127_9802549452_600_800.png,/scratch/parceirosbr/bigoilict/share/BigOil/document_generator/datasets/documents_2021_12_28/18pabc_3cols_20211228_164127_9802549452_600_800.png,18pabc_3cols_20211228_164127_9802549452_600_800_mask.png,eral  proposta para o desenvolvime-
70,3,140,6,73,651,213,657,73,651,213,651,213,657,73,657,sub_line_text,text,text_3,courier,regular,6,18pabc_3cols_20211228_164127_9802549452_600_800.png,/scratch/parceirosbr/bigoilict/share/BigOil/document_generator/datasets/documents_2021_12_28/18pabc_3cols_20211228_164127_9802549452_600_800.png,18pabc_3cols_20211228_164127_9802549452_600_800_mask.png,nto  da pesquisa segue o fluxograma
70,3,140,6,73,659,213,665,73,659,213,659,213,665,73,665,sub_line_text,text,text_3,courier,regular,6,18pabc_3cols_20211228_164127_9802549452_600_800.png,/scratch/parceirosbr/bigoilict/share/BigOil/document_generator/datasets/documents_2021_12_28/18pabc_3cols_20211228_164127_9802549452_600_800.png,18pabc_3cols_20211228_164127_9802549452_600_800_mask.png,da  1.1. A lista dos municípios que
70,3,140,6,73,667,213,673,73,667,213,667,213,673,73,673,sub_line_text,text,text_3,courier,regular,6,18pabc_3cols_20211228_164127_9802549452_600_800.png,/scratch/parceirosbr/bigoilict/share/BigOil/document_generator/datasets/documents_2021_12_28/18pabc_3cols_20211228_164127_9802549452_600_800.png,18pabc_3cols_20211228_164127_9802549452_600_800_mask.png,compõem  cada região encontra-se d-
70,3,140,6,73,675,213,681,73,675,213,675,213,681,73,681,sub_line_text,text,text_3,courier,regular,6,18pabc_3cols_20211228_164127_9802549452_600_800.png,/scratch/parceirosbr/bigoilict/share/BigOil/document_generator/datasets/documents_2021_12_28/18pabc_3cols_20211228_164127_9802549452_600_800.png,18pabc_3cols_20211228_164127_9802549452_600_800_mask.png,isponível  na página da www.anp.go-
68,3,136,6,73,683,209,689,73,683,209,683,209,689,73,689,sub_line_text,text,text_3,courier,regular,6,18pabc_3cols_20211228_164127_9802549452_600_800.png,/scratch/parceirosbr/bigoilict/share/BigOil/document_generator/datasets/documents_2021_12_28/18pabc_3cols_20211228_164127_9802549452_600_800.png,18pabc_3cols_20211228_164127_9802549452_600_800_mask.png,"v.br.12.  Com isso, (JORDÃO, 1995)"
70,3,140,6,73,691,213,697,73,691,213,691,213,697,73,697,sub_line_text,text,text_3,courier,regular,6,18pabc_3cols_20211228_164127_9802549452_600_800.png,/scratch/parceirosbr/bigoilict/share/BigOil/document_generator/datasets/documents_2021_12_28/18pabc_3cols_20211228_164127_9802549452_600_800.png,18pabc_3cols_20211228_164127_9802549452_600_800_mask.png,ressaltam  que a necessidade da re-
70,3,140,6,73,699,213,705,73,699,213,699,213,705,73,705,sub_line_text,text,text_3,courier,regular,6,18pabc_3cols_20211228_164127_9802549452_600_800.png,/scratch/parceirosbr/bigoilict/share/BigOil/document_generator/datasets/documents_2021_12_28/18pabc_3cols_20211228_164127_9802549452_600_800.png,18pabc_3cols_20211228_164127_9802549452_600_800_mask.png,moção  da gordura tem como finalid-
68,3,136,6,73,707,209,713,73,707,209,707,209,713,73,713,sub_line_text,text,text_3,courier,regular,6,18pabc_3cols_20211228_164127_9802549452_600_800.png,/scratch/parceirosbr/bigoilict/share/BigOil/document_generator/datasets/documents_2021_12_28/18pabc_3cols_20211228_164127_9802549452_600_800.png,18pabc_3cols_20211228_164127_9802549452_600_800_mask.png,ade evitar obstruções dos coletor.
70,59,140,118,73,595,213,713,73,595,213,595,213,713,73,713,text,text,text_3,courier,regular,6,18pabc_3cols_20211228_164127_9802549452_600_800.png,/scratch/parceirosbr/bigoilict/share/BigOil/document_generator/datasets/documents_2021_12_28/18pabc_3cols_20211228_164127_9802549452_600_800.png,18pabc_3cols_20211228_164127_9802549452_600_800_mask.png,nan
40,3,80,6,133,716,213,722,133,716,213,716,213,722,133,722,sub_line_text,text,text_4,courier,regular,6,18pabc_3cols_20211228_164127_9802549452_600_800.png,/scratch/parceirosbr/bigoilict/share/BigOil/document_generator/datasets/documents_2021_12_28/18pabc_3cols_20211228_164127_9802549452_600_800.png,18pabc_3cols_20211228_164127_9802549452_600_800_mask.png,A  distribuição ori-
70,3,140,6,73,724,213,730,73,724,213,724,213,730,73,730,sub_line_text,text,text_4,courier,regular,6,18pabc_3cols_20211228_164127_9802549452_600_800.png,/scratch/parceirosbr/bigoilict/share/BigOil/document_generator/datasets/documents_2021_12_28/18pabc_3cols_20211228_164127_9802549452_600_800.png,18pabc_3cols_20211228_164127_9802549452_600_800_mask.png,ginal  das baleias francas austrai-
68,3,136,6,73,732,209,738,73,732,209,732,209,738,73,738,sub_line_text,text,text_4,courier,regular,6,18pabc_3cols_20211228_164127_9802549452_600_800.png,/scratch/parceirosbr/bigoilict/share/BigOil/document_generator/datasets/documents_2021_12_28/18pabc_3cols_20211228_164127_9802549452_600_800.png,18pabc_3cols_20211228_164127_9802549452_600_800_mask.png,"s,  australis, na costa brasileira"
68,3,136,6,73,740,209,746,73,740,209,740,209,746,73,746,sub_line_text,text,text_4,courier,regular,6,18pabc_3cols_20211228_164127_9802549452_600_800.png,/scratch/parceirosbr/bigoilict/share/BigOil/document_generator/datasets/documents_2021_12_28/18pabc_3cols_20211228_164127_9802549452_600_800.png,18pabc_3cols_20211228_164127_9802549452_600_800_mask.png,se estendia desde o do até a. A f.
70,15,140,30,73,716,213,746,73,716,213,716,213,746,73,746,text,text,text_4,courier,regular,6,18pabc_3cols_20211228_164127_9802549452_600_800.png,/scratch/parceirosbr/bigoilict/share/BigOil/document_generator/datasets/documents_2021_12_28/18pabc_3cols_20211228_164127_9802549452_600_800.png,18pabc_3cols_20211228_164127_9802549452_600_800_mask.png,nan
40,3,80,6,295,343,375,349,295,343,375,343,375,349,295,349,sub_line_text,text,text_5,courier,regular,6,18pabc_3cols_20211228_164127_9802549452_600_800.png,/scratch/parceirosbr/bigoilict/share/BigOil/document_generator/datasets/documents_2021_12_28/18pabc_3cols_20211228_164127_9802549452_600_800.png,18pabc_3cols_20211228_164127_9802549452_600_800_mask.png,A  medida que o pet-
70,3,140,6,235,351,375,357,235,351,375,351,375,357,235,357,sub_line_text,text,text_5,courier,regular,6,18pabc_3cols_20211228_164127_9802549452_600_800.png,/scratch/parceirosbr/bigoilict/share/BigOil/document_generator/datasets/documents_2021_12_28/18pabc_3cols_20211228_164127_9802549452_600_800.png,18pabc_3cols_20211228_164127_9802549452_600_800_mask.png,róleo  é extraído e transportado d-
70,3,140,6,235,359,375,365,235,359,375,359,375,365,235,365,sub_line_text,text,text_5,courier,regular,6,18pabc_3cols_20211228_164127_9802549452_600_800.png,/scratch/parceirosbr/bigoilict/share/BigOil/document_generator/datasets/documents_2021_12_28/18pabc_3cols_20211228_164127_9802549452_600_800.png,18pabc_3cols_20211228_164127_9802549452_600_800_mask.png,"esde  o poço à superfície, vai per-"
68,3,136,6,235,367,371,373,235,367,371,367,371,373,235,373,sub_line_text,text,text_5,courier,regular,6,18pabc_3cols_20211228_164127_9802549452_600_800.png,/scratch/parceirosbr/bigoilict/share/BigOil/document_generator/datasets/documents_2021_12_28/18pabc_3cols_20211228_164127_9802549452_600_800.png,18pabc_3cols_20211228_164127_9802549452_600_800_mask.png,"dendo  calor  para o ambiente, com"
70,3,140,6,235,375,375,381,235,375,375,375,375,381,235,381,sub_line_text,text,text_5,courier,regular,6,18pabc_3cols_20211228_164127_9802549452_600_800.png,/scratch/parceirosbr/bigoilict/share/BigOil/document_generator/datasets/documents_2021_12_28/18pabc_3cols_20211228_164127_9802549452_600_800.png,18pabc_3cols_20211228_164127_9802549452_600_800_mask.png,"esta  diminuição da temperatura, s-"
70,3,140,6,235,383,375,389,235,383,375,383,375,389,235,389,sub_line_text,text,text_5,courier,regular,6,18pabc_3cols_20211228_164127_9802549452_600_800.png,/scratch/parceirosbr/bigoilict/share/BigOil/document_generator/datasets/documents_2021_12_28/18pabc_3cols_20211228_164127_9802549452_600_800.png,18pabc_3cols_20211228_164127_9802549452_600_800_mask.png,"egundo,  mais precisamente no ponto"
70,3,140,6,235,391,375,397,235,391,375,391,375,397,235,397,sub_line_text,text,text_5,courier,regular,6,18pabc_3cols_20211228_164127_9802549452_600_800.png,/scratch/parceirosbr/bigoilict/share/BigOil/document_generator/datasets/documents_2021_12_28/18pabc_3cols_20211228_164127_9802549452_600_800.png,18pabc_3cols_20211228_164127_9802549452_600_800_mask.png,"de  névoa, cada componente parafín-"
70,3,140,6,235,399,375,405,235,399,375,399,375,405,235,405,sub_line_text,text,text_5,courier,regular,6,18pabc_3cols_20211228_164127_9802549452_600_800.png,/scratch/parceirosbr/bigoilict/share/BigOil/document_generator/datasets/documents_2021_12_28/18pabc_3cols_20211228_164127_9802549452_600_800.png,18pabc_3cols_20211228_164127_9802549452_600_800_mask.png,ico  torna-se menos solúvel até que
70,3,140,6,235,407,375,413,235,407,375,407,375,413,235,413,sub_line_text,text,text_5,courier,regular,6,18pabc_3cols_20211228_164127_9802549452_600_800.png,/scratch/parceirosbr/bigoilict/share/BigOil/document_generator/datasets/documents_2021_12_28/18pabc_3cols_20211228_164127_9802549452_600_800.png,18pabc_3cols_20211228_164127_9802549452_600_800_mask.png,a  cristalização da parafina se in-
70,3,140,6,235,415,375,421,235,415,375,415,375,421,235,421,sub_line_text,text,text_5,courier,regular,6,18pabc_3cols_20211228_164127_9802549452_600_800.png,/scratch/parceirosbr/bigoilict/share/BigOil/document_generator/datasets/documents_2021_12_28/18pabc_3cols_20211228_164127_9802549452_600_800.png,18pabc_3cols_20211228_164127_9802549452_600_800_mask.png,"icie.  Conforme demonstrado na 2, a"
68,3,136,6,235,423,371,429,235,423,371,423,371,429,235,429,sub_line_text,text,text_5,courier,regular,6,18pabc_3cols_20211228_164127_9802549452_600_800.png,/scratch/parceirosbr/bigoilict/share/BigOil/document_generator/datasets/documents_2021_12_28/18pabc_3cols_20211228_164127_9802549452_600_800.png,18pabc_3cols_20211228_164127_9802549452_600_800_mask.png,composição acionária da maioria d.
70,43,140,86,235,343,375,429,235,343,375,343,375,429,235,429,text,text,text_5,courier,regular,6,18pabc_3cols_20211228_164127_9802549452_600_800.png,/scratch/parceirosbr/bigoilict/share/BigOil/document_generator/datasets/documents_2021_12_28/18pabc_3cols_20211228_164127_9802549452_600_800.png,18pabc_3cols_20211228_164127_9802549452_600_800_mask.png,nan
70,51,140,102,235,432,375,534,235,432,375,432,375,534,235,534,list,list,list_1,courier,courier,6,18pabc_3cols_20211228_164127_9802549452_600_800.png,/scratch/parceirosbr/bigoilict/share/BigOil/document_generator/datasets/documents_2021_12_28/18pabc_3cols_20211228_164127_9802549452_600_800.png,18pabc_3cols_20211228_164127_9802549452_600_800_mask.png,
70,3,140,6,235,432,375,438,235,432,375,432,375,438,235,438,sub_line_text,list,list_1,courier,regular,6,18pabc_3cols_20211228_164127_9802549452_600_800.png,/scratch/parceirosbr/bigoilict/share/BigOil/document_generator/datasets/documents_2021_12_28/18pabc_3cols_20211228_164127_9802549452_600_800.png,18pabc_3cols_20211228_164127_9802549452_600_800_mask.png,"-  Em   2014,   a   quantidade   de"
64,3,128,6,247,440,375,446,247,440,375,440,375,446,247,446,sub_line_text,list,list_1,courier,regular,6,18pabc_3cols_20211228_164127_9802549452_600_800.png,/scratch/parceirosbr/bigoilict/share/BigOil/document_generator/datasets/documents_2021_12_28/18pabc_3cols_20211228_164127_9802549452_600_800.png,18pabc_3cols_20211228_164127_9802549452_600_800_mask.png,benefícios  pagos  havia saltado
64,3,128,6,247,448,375,454,247,448,375,448,375,454,247,454,sub_line_text,list,list_1,courier,regular,6,18pabc_3cols_20211228_164127_9802549452_600_800.png,/scratch/parceirosbr/bigoilict/share/BigOil/document_generator/datasets/documents_2021_12_28/18pabc_3cols_20211228_164127_9802549452_600_800.png,18pabc_3cols_20211228_164127_9802549452_600_800_mask.png,"para 14 milhões, com desembolsos"
30,3,60,6,247,456,307,462,247,456,307,456,307,462,247,462,sub_line_text,list,list_1,courier,regular,6,18pabc_3cols_20211228_164127_9802549452_600_800.png,/scratch/parceirosbr/bigoilict/share/BigOil/document_generator/datasets/documents_2021_12_28/18pabc_3cols_20211228_164127_9802549452_600_800.png,18pabc_3cols_20211228_164127_9802549452_600_800_mask.png,"totais de 0,47%"
70,3,140,6,235,464,375,470,235,464,375,464,375,470,235,470,sub_line_text,list,list_1,courier,regular,6,18pabc_3cols_20211228_164127_9802549452_600_800.png,/scratch/parceirosbr/bigoilict/share/BigOil/document_generator/datasets/documents_2021_12_28/18pabc_3cols_20211228_164127_9802549452_600_800.png,18pabc_3cols_20211228_164127_9802549452_600_800_mask.png,-  Cálculo dos resíduos originários
64,3,128,6,247,472,375,478,247,472,375,472,375,478,247,478,sub_line_text,list,list_1,courier,regular,6,18pabc_3cols_20211228_164127_9802549452_600_800.png,/scratch/parceirosbr/bigoilict/share/BigOil/document_generator/datasets/documents_2021_12_28/18pabc_3cols_20211228_164127_9802549452_600_800.png,18pabc_3cols_20211228_164127_9802549452_600_800_mask.png,das  neq  equações de integração
64,3,128,6,247,480,375,486,247,480,375,480,375,486,247,486,sub_line_text,list,list_1,courier,regular,6,18pabc_3cols_20211228_164127_9802549452_600_800.png,/scratch/parceirosbr/bigoilict/share/BigOil/document_generator/datasets/documents_2021_12_28/18pabc_3cols_20211228_164127_9802549452_600_800.png,18pabc_3cols_20211228_164127_9802549452_600_800_mask.png,dobalanço    populacional    nos
28,3,56,6,247,488,303,494,247,488,303,488,303,494,247,494,sub_line_text,list,list_1,courier,regular,6,18pabc_3cols_20211228_164127_9802549452_600_800.png,/scratch/parceirosbr/bigoilict/share/BigOil/document_generator/datasets/documents_2021_12_28/18pabc_3cols_20211228_164127_9802549452_600_800.png,18pabc_3cols_20211228_164127_9802549452_600_800_mask.png,momentos kl.f.
70,3,140,6,235,496,375,502,235,496,375,496,375,502,235,502,sub_line_text,list,list_1,courier,regular,6,18pabc_3cols_20211228_164127_9802549452_600_800.png,/scratch/parceirosbr/bigoilict/share/BigOil/document_generator/datasets/documents_2021_12_28/18pabc_3cols_20211228_164127_9802549452_600_800.png,18pabc_3cols_20211228_164127_9802549452_600_800_mask.png,-  The      analytical     vertical
64,3,128,6,247,504,375,510,247,504,375,504,375,510,247,510,sub_line_text,list,list_1,courier,regular,6,18pabc_3cols_20211228_164127_9802549452_600_800.png,/scratch/parceirosbr/bigoilict/share/BigOil/document_generator/datasets/documents_2021_12_28/18pabc_3cols_20211228_164127_9802549452_600_800.png,18pabc_3cols_20211228_164127_9802549452_600_800_mask.png,derivative    was    useful   to
64,3,128,6,247,512,375,518,247,512,375,512,375,518,247,518,sub_line_text,list,list_1,courier,regular,6,18pabc_3cols_20211228_164127_9802549452_600_800.png,/scratch/parceirosbr/bigoilict/share/BigOil/document_generator/datasets/documents_2021_12_28/18pabc_3cols_20211228_164127_9802549452_600_800.png,18pabc_3cols_20211228_164127_9802549452_600_800_mask.png,"distinguish     the     spheres,"
58,3,116,6,247,520,363,526,247,520,363,520,363,526,247,526,sub_line_text,list,list_1,courier,regular,6,18pabc_3cols_20211228_164127_9802549452_600_800.png,/scratch/parceirosbr/bigoilict/share/BigOil/document_generator/datasets/documents_2021_12_28/18pabc_3cols_20211228_164127_9802549452_600_800.png,18pabc_3cols_20211228_164127_9802549452_600_800_mask.png,avoiding the effect of mutual
70,3,140,6,235,528,375,534,235,528,375,528,375,534,235,534,sub_line_text,list,list_1,courier,regular,6,18pabc_3cols_20211228_164127_9802549452_600_800.png,/scratch/parceirosbr/bigoilict/share/BigOil/document_generator/datasets/documents_2021_12_28/18pabc_3cols_20211228_164127_9802549452_600_800.png,18pabc_3cols_20211228_164127_9802549452_600_800_mask.png,"-  Pesquisa,    que    autoriza   a"
38,3,76,6,295,537,371,543,295,537,371,537,371,543,295,543,sub_line_text,text,text_6,courier,regular,6,18pabc_3cols_20211228_164127_9802549452_600_800.png,/scratch/parceirosbr/bigoilict/share/BigOil/document_generator/datasets/documents_2021_12_28/18pabc_3cols_20211228_164127_9802549452_600_800.png,18pabc_3cols_20211228_164127_9802549452_600_800_mask.png,"Nesta  expressao, o"
70,3,140,6,235,545,375,551,235,545,375,545,375,551,235,551,sub_line_text,text,text_6,courier,regular,6,18pabc_3cols_20211228_164127_9802549452_600_800.png,/scratch/parceirosbr/bigoilict/share/BigOil/document_generator/datasets/documents_2021_12_28/18pabc_3cols_20211228_164127_9802549452_600_800.png,18pabc_3cols_20211228_164127_9802549452_600_800_mask.png,termo  representa a energia dissip-
70,3,140,6,235,553,375,559,235,553,375,553,375,559,235,559,sub_line_text,text,text_6,courier,regular,6,18pabc_3cols_20211228_164127_9802549452_600_800.png,/scratch/parceirosbr/bigoilict/share/BigOil/document_generator/datasets/documents_2021_12_28/18pabc_3cols_20211228_164127_9802549452_600_800.png,18pabc_3cols_20211228_164127_9802549452_600_800_mask.png,"ada  porlaco de histerese, Vk repr-"
70,3,140,6,235,561,375,567,235,561,375,561,375,567,235,567,sub_line_text,text,text_6,courier,regular,6,18pabc_3cols_20211228_164127_9802549452_600_800.png,/scratch/parceirosbr/bigoilict/share/BigOil/document_generator/datasets/documents_2021_12_28/18pabc_3cols_20211228_164127_9802549452_600_800.png,18pabc_3cols_20211228_164127_9802549452_600_800_mask.png,esenta  a energia armazenada devido
68,3,136,6,235,569,371,575,235,569,371,569,371,575,235,575,sub_line_text,text,text_6,courier,regular,6,18pabc_3cols_20211228_164127_9802549452_600_800.png,/scratch/parceirosbr/bigoilict/share/BigOil/document_generator/datasets/documents_2021_12_28/18pabc_3cols_20211228_164127_9802549452_600_800.png,18pabc_3cols_20211228_164127_9802549452_600_800_mask.png,ao  processo  representa a energia
70,3,140,6,235,577,375,583,235,577,375,577,375,583,235,583,sub_line_text,text,text_6,courier,regular,6,18pabc_3cols_20211228_164127_9802549452_600_800.png,/scratch/parceirosbr/bigoilict/share/BigOil/document_generator/datasets/documents_2021_12_28/18pabc_3cols_20211228_164127_9802549452_600_800.png,18pabc_3cols_20211228_164127_9802549452_600_800_mask.png,dissipada  devido aode endurecimen-
70,3,140,6,235,585,375,591,235,585,375,585,375,591,235,591,sub_line_text,text,text_6,courier,regular,6,18pabc_3cols_20211228_164127_9802549452_600_800.png,/scratch/parceirosbr/bigoilict/share/BigOil/document_generator/datasets/documents_2021_12_28/18pabc_3cols_20211228_164127_9802549452_600_800.png,18pabc_3cols_20211228_164127_9802549452_600_800_mask.png,to  do material e ioprocesso de da-
70,3,140,6,235,593,375,599,235,593,375,593,375,599,235,599,sub_line_text,text,text_6,courier,regular,6,18pabc_3cols_20211228_164127_9802549452_600_800.png,/scratch/parceirosbr/bigoilict/share/BigOil/document_generator/datasets/documents_2021_12_28/18pabc_3cols_20211228_164127_9802549452_600_800.png,18pabc_3cols_20211228_164127_9802549452_600_800_mask.png,no.o2.4.3.1  de deformac ao viscop-
70,3,140,6,235,601,375,607,235,601,375,601,375,607,235,607,sub_line_text,text,text_6,courier,regular,6,18pabc_3cols_20211228_164127_9802549452_600_800.png,/scratch/parceirosbr/bigoilict/share/BigOil/document_generator/datasets/documents_2021_12_28/18pabc_3cols_20211228_164127_9802549452_600_800.png,18pabc_3cols_20211228_164127_9802549452_600_800_mask.png,lastica  modicada. Prazo de vigênc-
70,3,140,6,235,609,375,615,235,609,375,609,375,615,235,615,sub_line_text,text,text_6,courier,regular,6,18pabc_3cols_20211228_164127_9802549452_600_800.png,/scratch/parceirosbr/bigoilict/share/BigOil/document_generator/datasets/documents_2021_12_28/18pabc_3cols_20211228_164127_9802549452_600_800.png,18pabc_3cols_20211228_164127_9802549452_600_800_mask.png,ia.  41 optou pela manutenção da e-
70,3,140,6,235,617,375,623,235,617,375,617,375,623,235,623,sub_line_text,text,text_6,courier,regular,6,18pabc_3cols_20211228_164127_9802549452_600_800.png,/scratch/parceirosbr/bigoilict/share/BigOil/document_generator/datasets/documents_2021_12_28/18pabc_3cols_20211228_164127_9802549452_600_800.png,18pabc_3cols_20211228_164127_9802549452_600_800_mask.png,xigência  das cláusulas mínimas ne-
70,3,140,6,235,625,375,631,235,625,375,625,375,631,235,631,sub_line_text,text,text_6,courier,regular,6,18pabc_3cols_20211228_164127_9802549452_600_800.png,/scratch/parceirosbr/bigoilict/share/BigOil/document_generator/datasets/documents_2021_12_28/18pabc_3cols_20211228_164127_9802549452_600_800.png,18pabc_3cols_20211228_164127_9802549452_600_800_mask.png,stes  contratos de comercialização.
68,3,136,6,235,633,371,639,235,633,371,633,371,639,235,639,sub_line_text,text,text_6,courier,regular,6,18pabc_3cols_20211228_164127_9802549452_600_800.png,/scratch/parceirosbr/bigoilict/share/BigOil/document_generator/datasets/documents_2021_12_28/18pabc_3cols_20211228_164127_9802549452_600_800.png,18pabc_3cols_20211228_164127_9802549452_600_800_mask.png,"Porque,  com o próprio acidente do"
70,3,140,6,235,641,375,647,235,641,375,641,375,647,235,647,sub_line_text,text,text_6,courier,regular,6,18pabc_3cols_20211228_164127_9802549452_600_800.png,/scratch/parceirosbr/bigoilict/share/BigOil/document_generator/datasets/documents_2021_12_28/18pabc_3cols_20211228_164127_9802549452_600_800.png,18pabc_3cols_20211228_164127_9802549452_600_800_mask.png,com  você vai ver que a própria re-
68,3,136,6,235,649,371,655,235,649,371,649,371,655,235,655,sub_line_text,text,text_6,courier,regular,6,18pabc_3cols_20211228_164127_9802549452_600_800.png,/scratch/parceirosbr/bigoilict/share/BigOil/document_generator/datasets/documents_2021_12_28/18pabc_3cols_20211228_164127_9802549452_600_800.png,18pabc_3cols_20211228_164127_9802549452_600_800_mask.png,sposta  dos  em função da situação
68,3,136,6,235,657,371,663,235,657,371,657,371,663,235,663,sub_line_text,text,text_6,courier,regular,6,18pabc_3cols_20211228_164127_9802549452_600_800.png,/scratch/parceirosbr/bigoilict/share/BigOil/document_generator/datasets/documents_2021_12_28/18pabc_3cols_20211228_164127_9802549452_600_800.png,18pabc_3cols_20211228_164127_9802549452_600_800_mask.png,econômica  foi  diferente. A razão
68,3,136,6,235,665,371,671,235,665,371,665,371,671,235,671,sub_line_text,text,text_6,courier,regular,6,18pabc_3cols_20211228_164127_9802549452_600_800.png,/scratch/parceirosbr/bigoilict/share/BigOil/document_generator/datasets/documents_2021_12_28/18pabc_3cols_20211228_164127_9802549452_600_800.png,18pabc_3cols_20211228_164127_9802549452_600_800_mask.png,molar  de  6:1 é bastante sugerida
68,3,136,6,235,673,371,679,235,673,371,673,371,679,235,679,sub_line_text,text,text_6,courier,regular,6,18pabc_3cols_20211228_164127_9802549452_600_800.png,/scratch/parceirosbr/bigoilict/share/BigOil/document_generator/datasets/documents_2021_12_28/18pabc_3cols_20211228_164127_9802549452_600_800.png,18pabc_3cols_20211228_164127_9802549452_600_800_mask.png,"pela literatura, no entanto, o eq."
70,71,140,142,235,537,375,679,235,537,375,537,375,679,235,679,text,text,text_6,courier,regular,6,18pabc_3cols_20211228_164127_9802549452_600_800.png,/scratch/parceirosbr/bigoilict/share/BigOil/document_generator/datasets/documents_2021_12_28/18pabc_3cols_20211228_164127_9802549452_600_800.png,18pabc_3cols_20211228_164127_9802549452_600_800_mask.png,nan
40,3,80,6,295,682,375,688,295,682,375,682,375,688,295,688,sub_line_text,text,text_7,courier,regular,6,18pabc_3cols_20211228_164127_9802549452_600_800.png,/scratch/parceirosbr/bigoilict/share/BigOil/document_generator/datasets/documents_2021_12_28/18pabc_3cols_20211228_164127_9802549452_600_800.png,18pabc_3cols_20211228_164127_9802549452_600_800_mask.png,Santa  a qual ofere-
70,3,140,6,235,690,375,696,235,690,375,690,375,696,235,696,sub_line_text,text,text_7,courier,regular,6,18pabc_3cols_20211228_164127_9802549452_600_800.png,/scratch/parceirosbr/bigoilict/share/BigOil/document_generator/datasets/documents_2021_12_28/18pabc_3cols_20211228_164127_9802549452_600_800.png,18pabc_3cols_20211228_164127_9802549452_600_800_mask.png,ce  a opção de anonimato ao denunc-
70,3,140,6,235,698,375,704,235,698,375,698,375,704,235,704,sub_line_text,text,text_7,courier,regular,6,18pabc_3cols_20211228_164127_9802549452_600_800.png,/scratch/parceirosbr/bigoilict/share/BigOil/document_generator/datasets/documents_2021_12_28/18pabc_3cols_20211228_164127_9802549452_600_800.png,18pabc_3cols_20211228_164127_9802549452_600_800_mask.png,iante  e solicita que seja forneci-
70,3,140,6,235,706,375,712,235,706,375,706,375,712,235,712,sub_line_text,text,text_7,courier,regular,6,18pabc_3cols_20211228_164127_9802549452_600_800.png,/scratch/parceirosbr/bigoilict/share/BigOil/document_generator/datasets/documents_2021_12_28/18pabc_3cols_20211228_164127_9802549452_600_800.png,18pabc_3cols_20211228_164127_9802549452_600_800_mask.png,do  o máximo de informações para q-
70,3,140,6,235,714,375,720,235,714,375,714,375,720,235,720,sub_line_text,text,text_7,courier,regular,6,18pabc_3cols_20211228_164127_9802549452_600_800.png,/scratch/parceirosbr/bigoilict/share/BigOil/document_generator/datasets/documents_2021_12_28/18pabc_3cols_20211228_164127_9802549452_600_800.png,18pabc_3cols_20211228_164127_9802549452_600_800_mask.png,ue  o fato seja investigado. 2.2.1-
70,3,140,6,235,722,375,728,235,722,375,722,375,728,235,728,sub_line_text,text,text_7,courier,regular,6,18pabc_3cols_20211228_164127_9802549452_600_800.png,/scratch/parceirosbr/bigoilict/share/BigOil/document_generator/datasets/documents_2021_12_28/18pabc_3cols_20211228_164127_9802549452_600_800.png,18pabc_3cols_20211228_164127_9802549452_600_800_mask.png,.4.  A máquina virtual precisa tra-
68,3,136,6,235,730,371,736,235,730,371,730,371,736,235,736,sub_line_text,text,text_7,courier,regular,6,18pabc_3cols_20211228_164127_9802549452_600_800.png,/scratch/parceirosbr/bigoilict/share/BigOil/document_generator/datasets/documents_2021_12_28/18pabc_3cols_20211228_164127_9802549452_600_800.png,18pabc_3cols_20211228_164127_9802549452_600_800_mask.png,duzir as instruções gerando uma l.
70,27,140,54,235,682,375,736,235,682,375,682,375,736,235,736,text,text,text_7,courier,regular,6,18pabc_3cols_20211228_164127_9802549452_600_800.png,/scratch/parceirosbr/bigoilict/share/BigOil/document_generator/datasets/documents_2021_12_28/18pabc_3cols_20211228_164127_9802549452_600_800.png,18pabc_3cols_20211228_164127_9802549452_600_800_mask.png,nan
40,3,80,6,457,205,537,211,457,205,537,205,537,211,457,211,sub_line_text,text,text_8,courier,regular,6,18pabc_3cols_20211228_164127_9802549452_600_800.png,/scratch/parceirosbr/bigoilict/share/BigOil/document_generator/datasets/documents_2021_12_28/18pabc_3cols_20211228_164127_9802549452_600_800.png,18pabc_3cols_20211228_164127_9802549452_600_800_mask.png,Contrato  vencido a-
70,3,140,6,397,213,537,219,397,213,537,213,537,219,397,219,sub_line_text,text,text_8,courier,regular,6,18pabc_3cols_20211228_164127_9802549452_600_800.png,/scratch/parceirosbr/bigoilict/share/BigOil/document_generator/datasets/documents_2021_12_28/18pabc_3cols_20211228_164127_9802549452_600_800.png,18pabc_3cols_20211228_164127_9802549452_600_800_mask.png,"nterior  à n52, encaminhado pela a-"
68,3,136,6,397,221,533,227,397,221,533,221,533,227,397,227,sub_line_text,text,text_8,courier,regular,6,18pabc_3cols_20211228_164127_9802549452_600_800.png,/scratch/parceirosbr/bigoilict/share/BigOil/document_generator/datasets/documents_2021_12_28/18pabc_3cols_20211228_164127_9802549452_600_800.png,18pabc_3cols_20211228_164127_9802549452_600_800_mask.png,pós  solicitação por ofício da 15.
70,3,140,6,397,229,537,235,397,229,537,229,537,235,397,235,sub_line_text,text,text_8,courier,regular,6,18pabc_3cols_20211228_164127_9802549452_600_800.png,/scratch/parceirosbr/bigoilict/share/BigOil/document_generator/datasets/documents_2021_12_28/18pabc_3cols_20211228_164127_9802549452_600_800.png,18pabc_3cols_20211228_164127_9802549452_600_800_mask.png,Concessão:  contrato administrativo
70,3,140,6,397,237,537,243,397,237,537,237,537,243,397,243,sub_line_text,text,text_8,courier,regular,6,18pabc_3cols_20211228_164127_9802549452_600_800.png,/scratch/parceirosbr/bigoilict/share/BigOil/document_generator/datasets/documents_2021_12_28/18pabc_3cols_20211228_164127_9802549452_600_800.png,18pabc_3cols_20211228_164127_9802549452_600_800_mask.png,mediante  o qual a outorga a empre-
70,3,140,6,397,245,537,251,397,245,537,245,537,251,397,251,sub_line_text,text,text_8,courier,regular,6,18pabc_3cols_20211228_164127_9802549452_600_800.png,/scratch/parceirosbr/bigoilict/share/BigOil/document_generator/datasets/documents_2021_12_28/18pabc_3cols_20211228_164127_9802549452_600_800.png,18pabc_3cols_20211228_164127_9802549452_600_800_mask.png,sas  que atendam aos requisitos té-
70,3,140,6,397,253,537,259,397,253,537,253,537,259,397,259,sub_line_text,text,text_8,courier,regular,6,18pabc_3cols_20211228_164127_9802549452_600_800.png,/scratch/parceirosbr/bigoilict/share/BigOil/document_generator/datasets/documents_2021_12_28/18pabc_3cols_20211228_164127_9802549452_600_800.png,18pabc_3cols_20211228_164127_9802549452_600_800_mask.png,"cnicos,  econômicos, jurídicos e f-"
70,3,140,6,397,261,537,267,397,261,537,261,537,267,397,267,sub_line_text,text,text_8,courier,regular,6,18pabc_3cols_20211228_164127_9802549452_600_800.png,/scratch/parceirosbr/bigoilict/share/BigOil/document_generator/datasets/documents_2021_12_28/18pabc_3cols_20211228_164127_9802549452_600_800.png,18pabc_3cols_20211228_164127_9802549452_600_800_mask.png,"iscais  por ela estabelecidos, o e-"
70,3,140,6,397,269,537,275,397,269,537,269,537,275,397,275,sub_line_text,text,text_8,courier,regular,6,18pabc_3cols_20211228_164127_9802549452_600_800.png,/scratch/parceirosbr/bigoilict/share/BigOil/document_generator/datasets/documents_2021_12_28/18pabc_3cols_20211228_164127_9802549452_600_800.png,18pabc_3cols_20211228_164127_9802549452_600_800_mask.png,xercício  das atividades de explor-
68,3,136,6,397,277,533,283,397,277,533,277,533,283,397,283,sub_line_text,text,text_8,courier,regular,6,18pabc_3cols_20211228_164127_9802549452_600_800.png,/scratch/parceirosbr/bigoilict/share/BigOil/document_generator/datasets/documents_2021_12_28/18pabc_3cols_20211228_164127_9802549452_600_800.png,18pabc_3cols_20211228_164127_9802549452_600_800_mask.png,ação  e produção de petróleo e gás
68,3,136,6,397,285,533,291,397,285,533,285,533,291,397,291,sub_line_text,text,text_8,courier,regular,6,18pabc_3cols_20211228_164127_9802549452_600_800.png,/scratch/parceirosbr/bigoilict/share/BigOil/document_generator/datasets/documents_2021_12_28/18pabc_3cols_20211228_164127_9802549452_600_800.png,18pabc_3cols_20211228_164127_9802549452_600_800_mask.png,natural  no território nacional. A
68,3,136,6,397,293,533,299,397,293,533,293,533,299,397,299,sub_line_text,text,text_8,courier,regular,6,18pabc_3cols_20211228_164127_9802549452_600_800.png,/scratch/parceirosbr/bigoilict/share/BigOil/document_generator/datasets/documents_2021_12_28/18pabc_3cols_20211228_164127_9802549452_600_800.png,18pabc_3cols_20211228_164127_9802549452_600_800_mask.png,de  n1  da minuta de proposta para
70,3,140,6,397,301,537,307,397,301,537,301,537,307,397,307,sub_line_text,text,text_8,courier,regular,6,18pabc_3cols_20211228_164127_9802549452_600_800.png,/scratch/parceirosbr/bigoilict/share/BigOil/document_generator/datasets/documents_2021_12_28/18pabc_3cols_20211228_164127_9802549452_600_800.png,18pabc_3cols_20211228_164127_9802549452_600_800_mask.png,as  emulsões asfálticas para pavim-
70,3,140,6,397,309,537,315,397,309,537,309,537,315,397,315,sub_line_text,text,text_8,courier,regular,6,18pabc_3cols_20211228_164127_9802549452_600_800.png,/scratch/parceirosbr/bigoilict/share/BigOil/document_generator/datasets/documents_2021_12_28/18pabc_3cols_20211228_164127_9802549452_600_800.png,18pabc_3cols_20211228_164127_9802549452_600_800_mask.png,entação  foi indicada pela referida
68,3,136,6,397,317,533,323,397,317,533,317,533,323,397,323,sub_line_text,text,text_8,courier,regular,6,18pabc_3cols_20211228_164127_9802549452_600_800.png,/scratch/parceirosbr/bigoilict/share/BigOil/document_generator/datasets/documents_2021_12_28/18pabc_3cols_20211228_164127_9802549452_600_800.png,18pabc_3cols_20211228_164127_9802549452_600_800_mask.png,e  posteriormente avaliada pela. A
68,3,136,6,397,325,533,331,397,325,533,325,533,331,397,331,sub_line_text,text,text_8,courier,regular,6,18pabc_3cols_20211228_164127_9802549452_600_800.png,/scratch/parceirosbr/bigoilict/share/BigOil/document_generator/datasets/documents_2021_12_28/18pabc_3cols_20211228_164127_9802549452_600_800.png,18pabc_3cols_20211228_164127_9802549452_600_800_mask.png,distância do poço produtor a base.
70,63,140,126,397,205,537,331,397,205,537,205,537,331,397,331,text,text,text_8,courier,regular,6,18pabc_3cols_20211228_164127_9802549452_600_800.png,/scratch/parceirosbr/bigoilict/share/BigOil/document_generator/datasets/documents_2021_12_28/18pabc_3cols_20211228_164127_9802549452_600_800.png,18pabc_3cols_20211228_164127_9802549452_600_800_mask.png,nan
61,3,123,6,397,334,520,340,397,334,520,334,520,340,397,340,sub_line_text,table_legend,table_0,courier,bolditalic,5,18pabc_3cols_20211228_164127_9802549452_600_800.png,/scratch/parceirosbr/bigoilict/share/BigOil/document_generator/datasets/documents_2021_12_28/18pabc_3cols_20211228_164127_9802549452_600_800.png,18pabc_3cols_20211228_164127_9802549452_600_800_mask.png,Tabela  136:    Deve  atender  às  espec-
61,3,123,6,397,342,520,348,397,342,520,342,520,348,397,348,sub_line_text,table_legend,table_0,courier,bolditalic,5,18pabc_3cols_20211228_164127_9802549452_600_800.png,/scratch/parceirosbr/bigoilict/share/BigOil/document_generator/datasets/documents_2021_12_28/18pabc_3cols_20211228_164127_9802549452_600_800.png,18pabc_3cols_20211228_164127_9802549452_600_800_mask.png,ifi   cações  técnicas  exigidas  pela  n
62,3,124,6,397,350,521,356,397,350,521,350,521,356,397,356,sub_line_text,table_legend,table_0,courier,bolditalic,5,18pabc_3cols_20211228_164127_9802549452_600_800.png,/scratch/parceirosbr/bigoilict/share/BigOil/document_generator/datasets/documents_2021_12_28/18pabc_3cols_20211228_164127_9802549452_600_800.png,18pabc_3cols_20211228_164127_9802549452_600_800_mask.png,"15,   de   19/07/2006,  e  é  obrigatório"
27,3,54,6,397,358,451,364,397,358,451,358,451,364,397,364,sub_line_text,table_legend,table_0,courier,bolditalic,5,18pabc_3cols_20211228_164127_9802549452_600_800.png,/scratch/parceirosbr/bigoilict/share/BigOil/document_generator/datasets/documents_2021_12_28/18pabc_3cols_20211228_164127_9802549452_600_800.png,18pabc_3cols_20211228_164127_9802549452_600_800_mask.png,em todos os postos
62,15,124,30,397,334,521,364,397,334,521,334,521,364,397,364,text,table_legend,table_0,courier,bolditalic,5,18pabc_3cols_20211228_164127_9802549452_600_800.png,/scratch/parceirosbr/bigoilict/share/BigOil/document_generator/datasets/documents_2021_12_28/18pabc_3cols_20211228_164127_9802549452_600_800.png,18pabc_3cols_20211228_164127_9802549452_600_800_mask.png,nan
68,51,136,103,400,369,536,472,400,369,536,369,536,472,400,472,table,table_image,table_0,,,,18pabc_3cols_20211228_164127_9802549452_600_800.png,/scratch/parceirosbr/bigoilict/share/BigOil/document_generator/datasets/documents_2021_12_28/18pabc_3cols_20211228_164127_9802549452_600_800.png,18pabc_3cols_20211228_164127_9802549452_600_800_mask.png,output/gen_tab_20211228_164135_9269324712.png
10,3,20,7,462,372,482,379,462,372,482,372,482,379,462,379,text,table_text,table_0,times,bold,6.0,18pabc_3cols_20211228_164127_9802549452_600_800.png,/scratch/parceirosbr/bigoilict/share/BigOil/document_generator/datasets/documents_2021_12_28/18pabc_3cols_20211228_164127_9802549452_600_800.png,18pabc_3cols_20211228_164127_9802549452_600_800_mask.png,medidas
10,3,20,7,462,372,482,379,462,372,482,372,482,379,462,379,sub_line_text,table_text,table_0,times,bold,6.0,18pabc_3cols_20211228_164127_9802549452_600_800.png,/scratch/parceirosbr/bigoilict/share/BigOil/document_generator/datasets/documents_2021_12_28/18pabc_3cols_20211228_164127_9802549452_600_800.png,18pabc_3cols_20211228_164127_9802549452_600_800_mask.png,medidas
11,3,22,6,460,382,482,388,460,382,482,382,482,388,460,388,text,table_text,table_0,times,regular,6.0,18pabc_3cols_20211228_164127_9802549452_600_800.png,/scratch/parceirosbr/bigoilict/share/BigOil/document_generator/datasets/documents_2021_12_28/18pabc_3cols_20211228_164127_9802549452_600_800.png,18pabc_3cols_20211228_164127_9802549452_600_800_mask.png,48403966
11,3,22,6,460,382,482,388,460,382,482,382,482,388,460,388,sub_line_text,table_text,table_0,times,regular,6.0,18pabc_3cols_20211228_164127_9802549452_600_800.png,/scratch/parceirosbr/bigoilict/share/BigOil/document_generator/datasets/documents_2021_12_28/18pabc_3cols_20211228_164127_9802549452_600_800.png,18pabc_3cols_20211228_164127_9802549452_600_800_mask.png,48403966
12,3,25,6,458,391,483,397,458,391,483,391,483,397,458,397,text,table_text,table_0,times,regular,6.0,18pabc_3cols_20211228_164127_9802549452_600_800.png,/scratch/parceirosbr/bigoilict/share/BigOil/document_generator/datasets/documents_2021_12_28/18pabc_3cols_20211228_164127_9802549452_600_800.png,18pabc_3cols_20211228_164127_9802549452_600_800_mask.png,658844537
12,3,25,6,458,391,483,397,458,391,483,391,483,397,458,397,sub_line_text,table_text,table_0,times,regular,6.0,18pabc_3cols_20211228_164127_9802549452_600_800.png,/scratch/parceirosbr/bigoilict/share/BigOil/document_generator/datasets/documents_2021_12_28/18pabc_3cols_20211228_164127_9802549452_600_800.png,18pabc_3cols_20211228_164127_9802549452_600_800_mask.png,658844537
14,3,28,6,455,401,483,407,455,401,483,401,483,407,455,407,text,table_text,table_0,times,regular,6.0,18pabc_3cols_20211228_164127_9802549452_600_800.png,/scratch/parceirosbr/bigoilict/share/BigOil/document_generator/datasets/documents_2021_12_28/18pabc_3cols_20211228_164127_9802549452_600_800.png,18pabc_3cols_20211228_164127_9802549452_600_800_mask.png,9754703302
14,3,28,6,455,401,483,407,455,401,483,401,483,407,455,407,sub_line_text,table_text,table_0,times,regular,6.0,18pabc_3cols_20211228_164127_9802549452_600_800.png,/scratch/parceirosbr/bigoilict/share/BigOil/document_generator/datasets/documents_2021_12_28/18pabc_3cols_20211228_164127_9802549452_600_800.png,18pabc_3cols_20211228_164127_9802549452_600_800_mask.png,9754703302
8,3,17,6,466,410,483,416,466,410,483,410,483,416,466,416,text,table_text,table_0,times,regular,6.0,18pabc_3cols_20211228_164127_9802549452_600_800.png,/scratch/parceirosbr/bigoilict/share/BigOil/document_generator/datasets/documents_2021_12_28/18pabc_3cols_20211228_164127_9802549452_600_800.png,18pabc_3cols_20211228_164127_9802549452_600_800_mask.png,379752
8,3,17,6,466,410,483,416,466,410,483,410,483,416,466,416,sub_line_text,table_text,table_0,times,regular,6.0,18pabc_3cols_20211228_164127_9802549452_600_800.png,/scratch/parceirosbr/bigoilict/share/BigOil/document_generator/datasets/documents_2021_12_28/18pabc_3cols_20211228_164127_9802549452_600_800.png,18pabc_3cols_20211228_164127_9802549452_600_800_mask.png,379752
8,3,17,6,466,420,483,426,466,420,483,420,483,426,466,426,text,table_text,table_0,times,regular,6.0,18pabc_3cols_20211228_164127_9802549452_600_800.png,/scratch/parceirosbr/bigoilict/share/BigOil/document_generator/datasets/documents_2021_12_28/18pabc_3cols_20211228_164127_9802549452_600_800.png,18pabc_3cols_20211228_164127_9802549452_600_800_mask.png,313479
8,3,17,6,466,420,483,426,466,420,483,420,483,426,466,426,sub_line_text,table_text,table_0,times,regular,6.0,18pabc_3cols_20211228_164127_9802549452_600_800.png,/scratch/parceirosbr/bigoilict/share/BigOil/document_generator/datasets/documents_2021_12_28/18pabc_3cols_20211228_164127_9802549452_600_800.png,18pabc_3cols_20211228_164127_9802549452_600_800_mask.png,313479
11,3,22,6,460,430,482,436,460,430,482,430,482,436,460,436,text,table_text,table_0,times,regular,6.0,18pabc_3cols_20211228_164127_9802549452_600_800.png,/scratch/parceirosbr/bigoilict/share/BigOil/document_generator/datasets/documents_2021_12_28/18pabc_3cols_20211228_164127_9802549452_600_800.png,18pabc_3cols_20211228_164127_9802549452_600_800_mask.png,37375313
11,3,22,6,460,430,482,436,460,430,482,430,482,436,460,436,sub_line_text,table_text,table_0,times,regular,6.0,18pabc_3cols_20211228_164127_9802549452_600_800.png,/scratch/parceirosbr/bigoilict/share/BigOil/document_generator/datasets/documents_2021_12_28/18pabc_3cols_20211228_164127_9802549452_600_800.png,18pabc_3cols_20211228_164127_9802549452_600_800_mask.png,37375313
9,3,19,6,463,439,482,445,463,439,482,439,482,445,463,445,text,table_text,table_0,times,regular,6.0,18pabc_3cols_20211228_164127_9802549452_600_800.png,/scratch/parceirosbr/bigoilict/share/BigOil/document_generator/datasets/documents_2021_12_28/18pabc_3cols_20211228_164127_9802549452_600_800.png,18pabc_3cols_20211228_164127_9802549452_600_800_mask.png,2992868
9,3,19,6,463,439,482,445,463,439,482,439,482,445,463,445,sub_line_text,table_text,table_0,times,regular,6.0,18pabc_3cols_20211228_164127_9802549452_600_800.png,/scratch/parceirosbr/bigoilict/share/BigOil/document_generator/datasets/documents_2021_12_28/18pabc_3cols_20211228_164127_9802549452_600_800.png,18pabc_3cols_20211228_164127_9802549452_600_800_mask.png,2992868
12,3,25,6,458,449,483,455,458,449,483,449,483,455,458,455,text,table_text,table_0,times,regular,6.0,18pabc_3cols_20211228_164127_9802549452_600_800.png,/scratch/parceirosbr/bigoilict/share/BigOil/document_generator/datasets/documents_2021_12_28/18pabc_3cols_20211228_164127_9802549452_600_800.png,18pabc_3cols_20211228_164127_9802549452_600_800_mask.png,886051289
12,3,25,6,458,449,483,455,458,449,483,449,483,455,458,455,sub_line_text,table_text,table_0,times,regular,6.0,18pabc_3cols_20211228_164127_9802549452_600_800.png,/scratch/parceirosbr/bigoilict/share/BigOil/document_generator/datasets/documents_2021_12_28/18pabc_3cols_20211228_164127_9802549452_600_800.png,18pabc_3cols_20211228_164127_9802549452_600_800_mask.png,886051289
14,3,28,6,455,458,483,464,455,458,483,458,483,464,455,464,text,table_text,table_0,times,regular,6.0,18pabc_3cols_20211228_164127_9802549452_600_800.png,/scratch/parceirosbr/bigoilict/share/BigOil/document_generator/datasets/documents_2021_12_28/18pabc_3cols_20211228_164127_9802549452_600_800.png,18pabc_3cols_20211228_164127_9802549452_600_800_mask.png,1224318864
14,3,28,6,455,458,483,464,455,458,483,458,483,464,455,464,sub_line_text,table_text,table_0,times,regular,6.0,18pabc_3cols_20211228_164127_9802549452_600_800.png,/scratch/parceirosbr/bigoilict/share/BigOil/document_generator/datasets/documents_2021_12_28/18pabc_3cols_20211228_164127_9802549452_600_800.png,18pabc_3cols_20211228_164127_9802549452_600_800_mask.png,1224318864
6,3,13,7,519,372,532,379,519,372,532,372,532,379,519,379,text,table_text,table_0,times,bold,6.0,18pabc_3cols_20211228_164127_9802549452_600_800.png,/scratch/parceirosbr/bigoilict/share/BigOil/document_generator/datasets/documents_2021_12_28/18pabc_3cols_20211228_164127_9802549452_600_800.png,18pabc_3cols_20211228_164127_9802549452_600_800_mask.png,tendo
6,3,13,7,519,372,532,379,519,372,532,372,532,379,519,379,sub_line_text,table_text,table_0,times,bold,6.0,18pabc_3cols_20211228_164127_9802549452_600_800.png,/scratch/parceirosbr/bigoilict/share/BigOil/document_generator/datasets/documents_2021_12_28/18pabc_3cols_20211228_164127_9802549452_600_800.png,18pabc_3cols_20211228_164127_9802549452_600_800_mask.png,tendo
8,3,16,6,516,382,532,388,516,382,532,382,532,388,516,388,text,table_text,table_0,times,regular,6.0,18pabc_3cols_20211228_164127_9802549452_600_800.png,/scratch/parceirosbr/bigoilict/share/BigOil/document_generator/datasets/documents_2021_12_28/18pabc_3cols_20211228_164127_9802549452_600_800.png,18pabc_3cols_20211228_164127_9802549452_600_800_mask.png,65.912
8,3,16,6,516,382,532,388,516,382,532,382,532,388,516,388,sub_line_text,table_text,table_0,times,regular,6.0,18pabc_3cols_20211228_164127_9802549452_600_800.png,/scratch/parceirosbr/bigoilict/share/BigOil/document_generator/datasets/documents_2021_12_28/18pabc_3cols_20211228_164127_9802549452_600_800.png,18pabc_3cols_20211228_164127_9802549452_600_800_mask.png,65.912
6,3,13,6,519,391,532,397,519,391,532,391,532,397,519,397,text,table_text,table_0,times,regular,6.0,18pabc_3cols_20211228_164127_9802549452_600_800.png,/scratch/parceirosbr/bigoilict/share/BigOil/document_generator/datasets/documents_2021_12_28/18pabc_3cols_20211228_164127_9802549452_600_800.png,18pabc_3cols_20211228_164127_9802549452_600_800_mask.png,7.933
6,3,13,6,519,391,532,397,519,391,532,391,532,397,519,397,sub_line_text,table_text,table_0,times,regular,6.0,18pabc_3cols_20211228_164127_9802549452_600_800.png,/scratch/parceirosbr/bigoilict/share/BigOil/document_generator/datasets/documents_2021_12_28/18pabc_3cols_20211228_164127_9802549452_600_800.png,18pabc_3cols_20211228_164127_9802549452_600_800_mask.png,7.933
8,3,16,6,516,401,532,407,516,401,532,401,532,407,516,407,text,table_text,table_0,times,regular,6.0,18pabc_3cols_20211228_164127_9802549452_600_800.png,/scratch/parceirosbr/bigoilict/share/BigOil/document_generator/datasets/documents_2021_12_28/18pabc_3cols_20211228_164127_9802549452_600_800.png,18pabc_3cols_20211228_164127_9802549452_600_800_mask.png,77.465
8,3,16,6,516,401,532,407,516,401,532,401,532,407,516,407,sub_line_text,table_text,table_0,times,regular,6.0,18pabc_3cols_20211228_164127_9802549452_600_800.png,/scratch/parceirosbr/bigoilict/share/BigOil/document_generator/datasets/documents_2021_12_28/18pabc_3cols_20211228_164127_9802549452_600_800.png,18pabc_3cols_20211228_164127_9802549452_600_800_mask.png,77.465
8,3,16,6,516,410,532,416,516,410,532,410,532,416,516,416,text,table_text,table_0,times,regular,6.0,18pabc_3cols_20211228_164127_9802549452_600_800.png,/scratch/parceirosbr/bigoilict/share/BigOil/document_generator/datasets/documents_2021_12_28/18pabc_3cols_20211228_164127_9802549452_600_800.png,18pabc_3cols_20211228_164127_9802549452_600_800_mask.png,83.368
8,3,16,6,516,410,532,416,516,410,532,410,532,416,516,416,sub_line_text,table_text,table_0,times,regular,6.0,18pabc_3cols_20211228_164127_9802549452_600_800.png,/scratch/parceirosbr/bigoilict/share/BigOil/document_generator/datasets/documents_2021_12_28/18pabc_3cols_20211228_164127_9802549452_600_800.png,18pabc_3cols_20211228_164127_9802549452_600_800_mask.png,83.368
9,3,19,6,514,420,533,426,514,420,533,420,533,426,514,426,text,table_text,table_0,times,regular,6.0,18pabc_3cols_20211228_164127_9802549452_600_800.png,/scratch/parceirosbr/bigoilict/share/BigOil/document_generator/datasets/documents_2021_12_28/18pabc_3cols_20211228_164127_9802549452_600_800.png,18pabc_3cols_20211228_164127_9802549452_600_800_mask.png,906.795
9,3,19,6,514,420,533,426,514,420,533,420,533,426,514,426,sub_line_text,table_text,table_0,times,regular,6.0,18pabc_3cols_20211228_164127_9802549452_600_800.png,/scratch/parceirosbr/bigoilict/share/BigOil/document_generator/datasets/documents_2021_12_28/18pabc_3cols_20211228_164127_9802549452_600_800.png,18pabc_3cols_20211228_164127_9802549452_600_800_mask.png,906.795
8,3,16,6,516,430,532,436,516,430,532,430,532,436,516,436,text,table_text,table_0,times,regular,6.0,18pabc_3cols_20211228_164127_9802549452_600_800.png,/scratch/parceirosbr/bigoilict/share/BigOil/document_generator/datasets/documents_2021_12_28/18pabc_3cols_20211228_164127_9802549452_600_800.png,18pabc_3cols_20211228_164127_9802549452_600_800_mask.png,12.834
8,3,16,6,516,430,532,436,516,430,532,430,532,436,516,436,sub_line_text,table_text,table_0,times,regular,6.0,18pabc_3cols_20211228_164127_9802549452_600_800.png,/scratch/parceirosbr/bigoilict/share/BigOil/document_generator/datasets/documents_2021_12_28/18pabc_3cols_20211228_164127_9802549452_600_800.png,18pabc_3cols_20211228_164127_9802549452_600_800_mask.png,12.834
6,3,13,6,519,439,532,445,519,439,532,439,532,445,519,445,text,table_text,table_0,times,regular,6.0,18pabc_3cols_20211228_164127_9802549452_600_800.png,/scratch/parceirosbr/bigoilict/share/BigOil/document_generator/datasets/documents_2021_12_28/18pabc_3cols_20211228_164127_9802549452_600_800.png,18pabc_3cols_20211228_164127_9802549452_600_800_mask.png,3.058
6,3,13,6,519,439,532,445,519,439,532,439,532,445,519,445,sub_line_text,table_text,table_0,times,regular,6.0,18pabc_3cols_20211228_164127_9802549452_600_800.png,/scratch/parceirosbr/bigoilict/share/BigOil/document_generator/datasets/documents_2021_12_28/18pabc_3cols_20211228_164127_9802549452_600_800.png,18pabc_3cols_20211228_164127_9802549452_600_800_mask.png,3.058
8,3,16,6,516,449,532,455,516,449,532,449,532,455,516,455,text,table_text,table_0,times,regular,6.0,18pabc_3cols_20211228_164127_9802549452_600_800.png,/scratch/parceirosbr/bigoilict/share/BigOil/document_generator/datasets/documents_2021_12_28/18pabc_3cols_20211228_164127_9802549452_600_800.png,18pabc_3cols_20211228_164127_9802549452_600_800_mask.png,33.810
8,3,16,6,516,449,532,455,516,449,532,449,532,455,516,455,sub_line_text,table_text,table_0,times,regular,6.0,18pabc_3cols_20211228_164127_9802549452_600_800.png,/scratch/parceirosbr/bigoilict/share/BigOil/document_generator/datasets/documents_2021_12_28/18pabc_3cols_20211228_164127_9802549452_600_800.png,18pabc_3cols_20211228_164127_9802549452_600_800_mask.png,33.810
8,3,16,6,516,458,532,464,516,458,532,458,532,464,516,464,text,table_text,table_0,times,regular,6.0,18pabc_3cols_20211228_164127_9802549452_600_800.png,/scratch/parceirosbr/bigoilict/share/BigOil/document_generator/datasets/documents_2021_12_28/18pabc_3cols_20211228_164127_9802549452_600_800.png,18pabc_3cols_20211228_164127_9802549452_600_800_mask.png,25.230
8,3,16,6,516,458,532,464,516,458,532,458,532,464,516,464,sub_line_text,table_text,table_0,times,regular,6.0,18pabc_3cols_20211228_164127_9802549452_600_800.png,/scratch/parceirosbr/bigoilict/share/BigOil/document_generator/datasets/documents_2021_12_28/18pabc_3cols_20211228_164127_9802549452_600_800.png,18pabc_3cols_20211228_164127_9802549452_600_800_mask.png,25.230
40,3,80,6,457,475,537,481,457,475,537,475,537,481,457,481,sub_line_text,text,text_9,courier,regular,6,18pabc_3cols_20211228_164127_9802549452_600_800.png,/scratch/parceirosbr/bigoilict/share/BigOil/document_generator/datasets/documents_2021_12_28/18pabc_3cols_20211228_164127_9802549452_600_800.png,18pabc_3cols_20211228_164127_9802549452_600_800_mask.png,As  obrigações cita-
70,3,140,6,397,483,537,489,397,483,537,483,537,489,397,489,sub_line_text,text,text_9,courier,regular,6,18pabc_3cols_20211228_164127_9802549452_600_800.png,/scratch/parceirosbr/bigoilict/share/BigOil/document_generator/datasets/documents_2021_12_28/18pabc_3cols_20211228_164127_9802549452_600_800.png,18pabc_3cols_20211228_164127_9802549452_600_800_mask.png,das  no Reglamento de se aplicam a-
70,3,140,6,397,491,537,497,397,491,537,491,537,497,397,497,sub_line_text,text,text_9,courier,regular,6,18pabc_3cols_20211228_164127_9802549452_600_800.png,/scratch/parceirosbr/bigoilict/share/BigOil/document_generator/datasets/documents_2021_12_28/18pabc_3cols_20211228_164127_9802549452_600_800.png,18pabc_3cols_20211228_164127_9802549452_600_800_mask.png,os  permissionários (agentes titul-
70,3,140,6,397,499,537,505,397,499,537,499,537,505,397,505,sub_line_text,text,text_9,courier,regular,6,18pabc_3cols_20211228_164127_9802549452_600_800.png,/scratch/parceirosbr/bigoilict/share/BigOil/document_generator/datasets/documents_2021_12_28/18pabc_3cols_20211228_164127_9802549452_600_800.png,18pabc_3cols_20211228_164127_9802549452_600_800_mask.png,ares  de permissão para realizar as
70,3,140,6,397,507,537,513,397,507,537,507,537,513,397,513,sub_line_text,text,text_9,courier,regular,6,18pabc_3cols_20211228_164127_9802549452_600_800.png,/scratch/parceirosbr/bigoilict/share/BigOil/document_generator/datasets/documents_2021_12_28/18pabc_3cols_20211228_164127_9802549452_600_800.png,18pabc_3cols_20211228_164127_9802549452_600_800_mask.png,"atividades  de transportador, arma-"
70,3,140,6,397,515,537,521,397,515,537,515,537,521,397,521,sub_line_text,text,text_9,courier,regular,6,18pabc_3cols_20211228_164127_9802549452_600_800.png,/scratch/parceirosbr/bigoilict/share/BigOil/document_generator/datasets/documents_2021_12_28/18pabc_3cols_20211228_164127_9802549452_600_800.png,18pabc_3cols_20211228_164127_9802549452_600_800_mask.png,zenamento  e distribuição). Os con-
70,3,140,6,397,523,537,529,397,523,537,523,537,529,397,529,sub_line_text,text,text_9,courier,regular,6,18pabc_3cols_20211228_164127_9802549452_600_800.png,/scratch/parceirosbr/bigoilict/share/BigOil/document_generator/datasets/documents_2021_12_28/18pabc_3cols_20211228_164127_9802549452_600_800.png,18pabc_3cols_20211228_164127_9802549452_600_800_mask.png,tratos  de gás bolivianos seriam r-
70,3,140,6,397,531,537,537,397,531,537,531,537,537,397,537,sub_line_text,text,text_9,courier,regular,6,18pabc_3cols_20211228_164127_9802549452_600_800.png,/scratch/parceirosbr/bigoilict/share/BigOil/document_generator/datasets/documents_2021_12_28/18pabc_3cols_20211228_164127_9802549452_600_800.png,18pabc_3cols_20211228_164127_9802549452_600_800_mask.png,"enovados,  possibilitando esta man-"
70,3,140,6,397,539,537,545,397,539,537,539,537,545,397,545,sub_line_text,text,text_9,courier,regular,6,18pabc_3cols_20211228_164127_9802549452_600_800.png,/scratch/parceirosbr/bigoilict/share/BigOil/document_generator/datasets/documents_2021_12_28/18pabc_3cols_20211228_164127_9802549452_600_800.png,18pabc_3cols_20211228_164127_9802549452_600_800_mask.png,utenção  da oferta boliviana. Os m-
70,3,140,6,397,547,537,553,397,547,537,547,537,553,397,553,sub_line_text,text,text_9,courier,regular,6,18pabc_3cols_20211228_164127_9802549452_600_800.png,/scratch/parceirosbr/bigoilict/share/BigOil/document_generator/datasets/documents_2021_12_28/18pabc_3cols_20211228_164127_9802549452_600_800.png,18pabc_3cols_20211228_164127_9802549452_600_800_mask.png,etais  que podem ocorrer no petról-
70,3,140,6,397,555,537,561,397,555,537,555,537,561,397,561,sub_line_text,text,text_9,courier,regular,6,18pabc_3cols_20211228_164127_9802549452_600_800.png,/scratch/parceirosbr/bigoilict/share/BigOil/document_generator/datasets/documents_2021_12_28/18pabc_3cols_20211228_164127_9802549452_600_800.png,18pabc_3cols_20211228_164127_9802549452_600_800_mask.png,"eo  são: ferro, zinco, cobre, chum-"
70,3,140,6,397,563,537,569,397,563,537,563,537,569,397,569,sub_line_text,text,text_9,courier,regular,6,18pabc_3cols_20211228_164127_9802549452_600_800.png,/scratch/parceirosbr/bigoilict/share/BigOil/document_generator/datasets/documents_2021_12_28/18pabc_3cols_20211228_164127_9802549452_600_800.png,18pabc_3cols_20211228_164127_9802549452_600_800_mask.png,"bo,  molibdênio, cobalto, arsênico,"
70,3,140,6,397,571,537,577,397,571,537,571,537,577,397,577,sub_line_text,text,text_9,courier,regular,6,18pabc_3cols_20211228_164127_9802549452_600_800.png,/scratch/parceirosbr/bigoilict/share/BigOil/document_generator/datasets/documents_2021_12_28/18pabc_3cols_20211228_164127_9802549452_600_800.png,18pabc_3cols_20211228_164127_9802549452_600_800_mask.png,"manganês,  cromo sódio, níquel e v-"
68,3,136,6,397,579,533,585,397,579,533,579,533,585,397,585,sub_line_text,text,text_9,courier,regular,6,18pabc_3cols_20211228_164127_9802549452_600_800.png,/scratch/parceirosbr/bigoilict/share/BigOil/document_generator/datasets/documents_2021_12_28/18pabc_3cols_20211228_164127_9802549452_600_800.png,18pabc_3cols_20211228_164127_9802549452_600_800_mask.png,"anádio,  sendo  os dois últimos de"
68,3,136,6,397,587,533,593,397,587,533,587,533,593,397,593,sub_line_text,text,text_9,courier,regular,6,18pabc_3cols_20211228_164127_9802549452_600_800.png,/scratch/parceirosbr/bigoilict/share/BigOil/document_generator/datasets/documents_2021_12_28/18pabc_3cols_20211228_164127_9802549452_600_800.png,18pabc_3cols_20211228_164127_9802549452_600_800_mask.png,"maior  incidência. (Thomas, 2001)."
70,3,140,6,397,595,537,601,397,595,537,595,537,601,397,601,sub_line_text,text,text_9,courier,regular,6,18pabc_3cols_20211228_164127_9802549452_600_800.png,/scratch/parceirosbr/bigoilict/share/BigOil/document_generator/datasets/documents_2021_12_28/18pabc_3cols_20211228_164127_9802549452_600_800.png,18pabc_3cols_20211228_164127_9802549452_600_800_mask.png,2.1.1.  Na 4 encontra-se a classif-
70,3,140,6,397,603,537,609,397,603,537,603,537,609,397,609,sub_line_text,text,text_9,courier,regular,6,18pabc_3cols_20211228_164127_9802549452_600_800.png,/scratch/parceirosbr/bigoilict/share/BigOil/document_generator/datasets/documents_2021_12_28/18pabc_3cols_20211228_164127_9802549452_600_800.png,18pabc_3cols_20211228_164127_9802549452_600_800_mask.png,icação  dos principais segundo a s-
70,3,140,6,397,611,537,617,397,611,537,611,537,617,397,617,sub_line_text,text,text_9,courier,regular,6,18pabc_3cols_20211228_164127_9802549452_600_800.png,/scratch/parceirosbr/bigoilict/share/BigOil/document_generator/datasets/documents_2021_12_28/18pabc_3cols_20211228_164127_9802549452_600_800.png,18pabc_3cols_20211228_164127_9802549452_600_800_mask.png,ua  carcinogenecidade pela (Intern-
68,3,136,6,397,619,533,625,397,619,533,619,533,625,397,625,sub_line_text,text,text_9,courier,regular,6,18pabc_3cols_20211228_164127_9802549452_600_800.png,/scratch/parceirosbr/bigoilict/share/BigOil/document_generator/datasets/documents_2021_12_28/18pabc_3cols_20211228_164127_9802549452_600_800.png,18pabc_3cols_20211228_164127_9802549452_600_800_mask.png,ational for. NOx acoplados com um.
70,75,140,150,397,475,537,625,397,475,537,475,537,625,397,625,text,text,text_9,courier,regular,6,18pabc_3cols_20211228_164127_9802549452_600_800.png,/scratch/parceirosbr/bigoilict/share/BigOil/document_generator/datasets/documents_2021_12_28/18pabc_3cols_20211228_164127_9802549452_600_800.png,18pabc_3cols_20211228_164127_9802549452_600_800_mask.png,nan
38,3,76,6,457,628,533,634,457,628,533,628,533,634,457,634,sub_line_text,text,text_10,courier,regular,6,18pabc_3cols_20211228_164127_9802549452_600_800.png,/scratch/parceirosbr/bigoilict/share/BigOil/document_generator/datasets/documents_2021_12_28/18pabc_3cols_20211228_164127_9802549452_600_800.png,18pabc_3cols_20211228_164127_9802549452_600_800_mask.png,The  coast  and the
70,3,140,6,397,636,537,642,397,636,537,636,537,642,397,642,sub_line_text,text,text_10,courier,regular,6,18pabc_3cols_20211228_164127_9802549452_600_800.png,/scratch/parceirosbr/bigoilict/share/BigOil/document_generator/datasets/documents_2021_12_28/18pabc_3cols_20211228_164127_9802549452_600_800.png,18pabc_3cols_20211228_164127_9802549452_600_800_mask.png,sea  in the warm temperate southwe-
70,3,140,6,397,644,537,650,397,644,537,644,537,650,397,650,sub_line_text,text,text_10,courier,regular,6,18pabc_3cols_20211228_164127_9802549452_600_800.png,/scratch/parceirosbr/bigoilict/share/BigOil/document_generator/datasets/documents_2021_12_28/18pabc_3cols_20211228_164127_9802549452_600_800.png,18pabc_3cols_20211228_164127_9802549452_600_800_mask.png,stern  atlantic. Trata-se de um si-
70,3,140,6,397,652,537,658,397,652,537,652,537,658,397,658,sub_line_text,text,text_10,courier,regular,6,18pabc_3cols_20211228_164127_9802549452_600_800.png,/scratch/parceirosbr/bigoilict/share/BigOil/document_generator/datasets/documents_2021_12_28/18pabc_3cols_20211228_164127_9802549452_600_800.png,18pabc_3cols_20211228_164127_9802549452_600_800_mask.png,stema  de acondicionamento de um c-
70,3,140,6,397,660,537,666,397,660,537,660,537,666,397,666,sub_line_text,text,text_10,courier,regular,6,18pabc_3cols_20211228_164127_9802549452_600_800.png,/scratch/parceirosbr/bigoilict/share/BigOil/document_generator/datasets/documents_2021_12_28/18pabc_3cols_20211228_164127_9802549452_600_800.png,18pabc_3cols_20211228_164127_9802549452_600_800_mask.png,onversor  de potência eletrônico do
70,3,140,6,397,668,537,674,397,668,537,668,537,674,397,674,sub_line_text,text,text_10,courier,regular,6,18pabc_3cols_20211228_164127_9802549452_600_800.png,/scratch/parceirosbr/bigoilict/share/BigOil/document_generator/datasets/documents_2021_12_28/18pabc_3cols_20211228_164127_9802549452_600_800.png,18pabc_3cols_20211228_164127_9802549452_600_800_mask.png,"tipo  (Power de 11 kW, um navio in-"
68,3,136,6,397,676,533,682,397,676,533,676,533,682,397,682,sub_line_text,text,text_10,courier,regular,6,18pabc_3cols_20211228_164127_9802549452_600_800.png,/scratch/parceirosbr/bigoilict/share/BigOil/document_generator/datasets/documents_2021_12_28/18pabc_3cols_20211228_164127_9802549452_600_800.png,18pabc_3cols_20211228_164127_9802549452_600_800_mask.png,teiramente  elétrico  virtual e um
70,3,140,6,397,684,537,690,397,684,537,684,537,690,397,690,sub_line_text,text,text_10,courier,regular,6,18pabc_3cols_20211228_164127_9802549452_600_800.png,/scratch/parceirosbr/bigoilict/share/BigOil/document_generator/datasets/documents_2021_12_28/18pabc_3cols_20211228_164127_9802549452_600_800.png,18pabc_3cols_20211228_164127_9802549452_600_800_mask.png,fotobiorreator  compacto para prod-
68,3,136,6,397,692,533,698,397,692,533,692,533,698,397,698,sub_line_text,text,text_10,courier,regular,6,18pabc_3cols_20211228_164127_9802549452_600_800.png,/scratch/parceirosbr/bigoilict/share/BigOil/document_generator/datasets/documents_2021_12_28/18pabc_3cols_20211228_164127_9802549452_600_800.png,18pabc_3cols_20211228_164127_9802549452_600_800_mask.png,ução  de  microalgas utilizadas na
70,3,140,6,397,700,537,706,397,700,537,700,537,706,397,706,sub_line_text,text,text_10,courier,regular,6,18pabc_3cols_20211228_164127_9802549452_600_800.png,/scratch/parceirosbr/bigoilict/share/BigOil/document_generator/datasets/documents_2021_12_28/18pabc_3cols_20211228_164127_9802549452_600_800.png,18pabc_3cols_20211228_164127_9802549452_600_800_mask.png,fabricação  de biodiesel. O surgim-
70,3,140,6,397,708,537,714,397,708,537,708,537,714,397,714,sub_line_text,text,text_10,courier,regular,6,18pabc_3cols_20211228_164127_9802549452_600_800.png,/scratch/parceirosbr/bigoilict/share/BigOil/document_generator/datasets/documents_2021_12_28/18pabc_3cols_20211228_164127_9802549452_600_800.png,18pabc_3cols_20211228_164127_9802549452_600_800_mask.png,ento  de um representa uma transiç-
70,3,140,6,397,716,537,722,397,716,537,716,537,722,397,722,sub_line_text,text,text_10,courier,regular,6,18pabc_3cols_20211228_164127_9802549452_600_800.png,/scratch/parceirosbr/bigoilict/share/BigOil/document_generator/datasets/documents_2021_12_28/18pabc_3cols_20211228_164127_9802549452_600_800.png,18pabc_3cols_20211228_164127_9802549452_600_800_mask.png,"ão  no processo de inovação, quando"
66,3,132,6,397,724,529,730,397,724,529,724,529,730,397,730,sub_line_text,text,text_10,courier,regular,6,18pabc_3cols_20211228_164127_9802549452_600_800.png,/scratch/parceirosbr/bigoilict/share/BigOil/document_generator/datasets/documents_2021_12_28/18pabc_3cols_20211228_164127_9802549452_600_800.png,18pabc_3cols_20211228_164127_9802549452_600_800_mask.png,um design específico adquire uma.
70,51,140,102,397,628,537,730,397,628,537,628,537,730,397,730,text,text,text_10,courier,regular,6,18pabc_3cols_20211228_164127_9802549452_600_800.png,/scratch/parceirosbr/bigoilict/share/BigOil/document_generator/datasets/documents_2021_12_28/18pabc_3cols_20211228_164127_9802549452_600_800.png,18pabc_3cols_20211228_164127_9802549452_600_800_mask.png,nan
40,3,80,6,457,733,537,739,457,733,537,733,537,739,457,739,sub_line_text,text,text_11,courier,regular,6,18pabc_3cols_20211228_164127_9802549452_600_800.png,/scratch/parceirosbr/bigoilict/share/BigOil/document_generator/datasets/documents_2021_12_28/18pabc_3cols_20211228_164127_9802549452_600_800.png,18pabc_3cols_20211228_164127_9802549452_600_800_mask.png,The  biochemical re-
68,3,136,6,397,741,533,747,397,741,533,741,533,747,397,747,sub_line_text,text,text_11,courier,regular,6,18pabc_3cols_20211228_164127_9802549452_600_800.png,/scratch/parceirosbr/bigoilict/share/BigOil/document_generator/datasets/documents_2021_12_28/18pabc_3cols_20211228_164127_9802549452_600_800.png,18pabc_3cols_20211228_164127_9802549452_600_800_mask.png,presentative relationships in the.
70,7,140,14,397,733,537,747,397,733,537,733,537,747,397,747,text,text,text_11,courier,regular,6,18pabc_3cols_20211228_164127_9802549452_600_800.png,/scratch/parceirosbr/bigoilict/share/BigOil/document_generator/datasets/documents_2021_12_28/18pabc_3cols_20211228_164127_9802549452_600_800.png,18pabc_3cols_20211228_164127_9802549452_600_800_mask.png,nan
