center_x,center_y,width,height,xmin,ymin,xmax,ymax,top_left_x,top_left_y,top_right_x,top_right_y,bottom_right_x,bottom_right_y,bottom_left_x,bottom_left_y,label,grouplabel,group,text_font,text_style,size_font,filename,path,filename_mask,content
300,400,600,800,0,0,600,800,0,0,600,0,600,800,0,800,document,,,,,,18pabc_3cols_20211228_164127_8238437210_600_800.png,/scratch/parceirosbr/bigoilict/share/BigOil/document_generator/datasets/documents_2021_12_28/18pabc_3cols_20211228_164127_8238437210_600_800.png,18pabc_3cols_20211228_164127_8238437210_600_800_mask.png,
255,0,510,1,45,696,555,697,45,696,555,696,555,697,45,697,line,line,line,,,,18pabc_3cols_20211228_164127_8238437210_600_800.png,/scratch/parceirosbr/bigoilict/share/BigOil/document_generator/datasets/documents_2021_12_28/18pabc_3cols_20211228_164127_8238437210_600_800.png,18pabc_3cols_20211228_164127_8238437210_600_800_mask.png,nan
6,5,12,10,542,696,554,706,542,696,554,696,554,706,542,706,sub_line_text,numpag,footer_1,courier,regular,10,18pabc_3cols_20211228_164127_8238437210_600_800.png,/scratch/parceirosbr/bigoilict/share/BigOil/document_generator/datasets/documents_2021_12_28/18pabc_3cols_20211228_164127_8238437210_600_800.png,18pabc_3cols_20211228_164127_8238437210_600_800_mask.png,74
6,5,12,10,542,696,554,706,542,696,554,696,554,706,542,706,text,numpag,footer_1,courier,regular,10,18pabc_3cols_20211228_164127_8238437210_600_800.png,/scratch/parceirosbr/bigoilict/share/BigOil/document_generator/datasets/documents_2021_12_28/18pabc_3cols_20211228_164127_8238437210_600_800.png,18pabc_3cols_20211228_164127_8238437210_600_800_mask.png,nan
3,5,6,10,533,696,539,706,533,696,539,696,539,706,533,706,sub_line_text,footer,footer_1,courier,regular,10,18pabc_3cols_20211228_164127_8238437210_600_800.png,/scratch/parceirosbr/bigoilict/share/BigOil/document_generator/datasets/documents_2021_12_28/18pabc_3cols_20211228_164127_8238437210_600_800.png,18pabc_3cols_20211228_164127_8238437210_600_800_mask.png,|
3,5,6,10,533,696,539,706,533,696,539,696,539,706,533,706,text,footer,footer_1,courier,regular,10,18pabc_3cols_20211228_164127_8238437210_600_800.png,/scratch/parceirosbr/bigoilict/share/BigOil/document_generator/datasets/documents_2021_12_28/18pabc_3cols_20211228_164127_8238437210_600_800.png,18pabc_3cols_20211228_164127_8238437210_600_800_mask.png,nan
42,5,84,10,448,696,532,706,448,696,532,696,532,706,448,706,sub_line_text,footer,footer_1,courier,regular,10,18pabc_3cols_20211228_164127_8238437210_600_800.png,/scratch/parceirosbr/bigoilict/share/BigOil/document_generator/datasets/documents_2021_12_28/18pabc_3cols_20211228_164127_8238437210_600_800.png,18pabc_3cols_20211228_164127_8238437210_600_800_mask.png,"Dessa forma, o"
42,5,84,10,448,696,532,706,448,696,532,696,532,706,448,706,text,footer,footer_1,courier,regular,10,18pabc_3cols_20211228_164127_8238437210_600_800.png,/scratch/parceirosbr/bigoilict/share/BigOil/document_generator/datasets/documents_2021_12_28/18pabc_3cols_20211228_164127_8238437210_600_800.png,18pabc_3cols_20211228_164127_8238437210_600_800_mask.png,nan
128,5,256,10,45,66,301,76,45,66,301,66,301,76,45,76,sub_line_text,table_legend,table_0,courier,bold,9,18pabc_3cols_20211228_164127_8238437210_600_800.png,/scratch/parceirosbr/bigoilict/share/BigOil/document_generator/datasets/documents_2021_12_28/18pabc_3cols_20211228_164127_8238437210_600_800.png,18pabc_3cols_20211228_164127_8238437210_600_800_mask.png,Tabela  78:    A  conservação  da  massa é aplicada
126,5,252,10,45,78,297,88,45,78,297,78,297,88,45,88,sub_line_text,table_legend,table_0,courier,bold,9,18pabc_3cols_20211228_164127_8238437210_600_800.png,/scratch/parceirosbr/bigoilict/share/BigOil/document_generator/datasets/documents_2021_12_28/18pabc_3cols_20211228_164127_8238437210_600_800.png,18pabc_3cols_20211228_164127_8238437210_600_800_mask.png,"pela  mesma  equação,  mas  desta  vez  utilizando"
127,5,255,10,45,90,300,100,45,90,300,90,300,100,45,100,sub_line_text,table_legend,table_0,courier,bold,9,18pabc_3cols_20211228_164127_8238437210_600_800.png,/scratch/parceirosbr/bigoilict/share/BigOil/document_generator/datasets/documents_2021_12_28/18pabc_3cols_20211228_164127_8238437210_600_800.png,18pabc_3cols_20211228_164127_8238437210_600_800_mask.png,"a  primeira  linha  da  tabela,  i.e.,  equação  de"
72,5,145,10,45,102,190,112,45,102,190,102,190,112,45,112,sub_line_text,table_legend,table_0,courier,bold,9,18pabc_3cols_20211228_164127_8238437210_600_800.png,/scratch/parceirosbr/bigoilict/share/BigOil/document_generator/datasets/documents_2021_12_28/18pabc_3cols_20211228_164127_8238437210_600_800.png,18pabc_3cols_20211228_164127_8238437210_600_800_mask.png,conservação de massa. fanm88.
128,23,256,46,45,66,301,112,45,66,301,66,301,112,45,112,text,table_legend,table_0,courier,bold,9,18pabc_3cols_20211228_164127_8238437210_600_800.png,/scratch/parceirosbr/bigoilict/share/BigOil/document_generator/datasets/documents_2021_12_28/18pabc_3cols_20211228_164127_8238437210_600_800.png,18pabc_3cols_20211228_164127_8238437210_600_800_mask.png,nan
160,72,320,145,51,117,371,262,51,117,371,117,371,262,51,262,table,table_image,table_0,,,,18pabc_3cols_20211228_164127_8238437210_600_800.png,/scratch/parceirosbr/bigoilict/share/BigOil/document_generator/datasets/documents_2021_12_28/18pabc_3cols_20211228_164127_8238437210_600_800.png,18pabc_3cols_20211228_164127_8238437210_600_800_mask.png,output/gen_tab_20211228_164127_3782889559.png
16,6,33,12,74,120,107,132,74,120,107,120,107,132,74,132,text,table_text,table_0,opensans,italic,10.0,18pabc_3cols_20211228_164127_8238437210_600_800.png,/scratch/parceirosbr/bigoilict/share/BigOil/document_generator/datasets/documents_2021_12_28/18pabc_3cols_20211228_164127_8238437210_600_800.png,18pabc_3cols_20211228_164127_8238437210_600_800_mask.png,comum
16,6,33,12,74,120,107,132,74,120,107,120,107,132,74,132,sub_line_text,table_text,table_0,opensans,italic,10.0,18pabc_3cols_20211228_164127_8238437210_600_800.png,/scratch/parceirosbr/bigoilict/share/BigOil/document_generator/datasets/documents_2021_12_28/18pabc_3cols_20211228_164127_8238437210_600_800.png,18pabc_3cols_20211228_164127_8238437210_600_800_mask.png,comum
18,6,37,12,70,136,107,148,70,136,107,136,107,148,70,148,text,table_text,table_0,opensans,italic,10.0,18pabc_3cols_20211228_164127_8238437210_600_800.png,/scratch/parceirosbr/bigoilict/share/BigOil/document_generator/datasets/documents_2021_12_28/18pabc_3cols_20211228_164127_8238437210_600_800.png,18pabc_3cols_20211228_164127_8238437210_600_800_mask.png,67.3151
18,6,37,12,70,136,107,148,70,136,107,136,107,148,70,148,sub_line_text,table_text,table_0,opensans,italic,10.0,18pabc_3cols_20211228_164127_8238437210_600_800.png,/scratch/parceirosbr/bigoilict/share/BigOil/document_generator/datasets/documents_2021_12_28/18pabc_3cols_20211228_164127_8238437210_600_800.png,18pabc_3cols_20211228_164127_8238437210_600_800_mask.png,67.3151
18,6,37,12,70,151,107,163,70,151,107,151,107,163,70,163,text,table_text,table_0,opensans,italic,10.0,18pabc_3cols_20211228_164127_8238437210_600_800.png,/scratch/parceirosbr/bigoilict/share/BigOil/document_generator/datasets/documents_2021_12_28/18pabc_3cols_20211228_164127_8238437210_600_800.png,18pabc_3cols_20211228_164127_8238437210_600_800_mask.png,13.5536
18,6,37,12,70,151,107,163,70,151,107,151,107,163,70,163,sub_line_text,table_text,table_0,opensans,italic,10.0,18pabc_3cols_20211228_164127_8238437210_600_800.png,/scratch/parceirosbr/bigoilict/share/BigOil/document_generator/datasets/documents_2021_12_28/18pabc_3cols_20211228_164127_8238437210_600_800.png,18pabc_3cols_20211228_164127_8238437210_600_800_mask.png,13.5536
18,6,37,12,70,167,107,179,70,167,107,167,107,179,70,179,text,table_text,table_0,opensans,italic,10.0,18pabc_3cols_20211228_164127_8238437210_600_800.png,/scratch/parceirosbr/bigoilict/share/BigOil/document_generator/datasets/documents_2021_12_28/18pabc_3cols_20211228_164127_8238437210_600_800.png,18pabc_3cols_20211228_164127_8238437210_600_800_mask.png,95.5158
18,6,37,12,70,167,107,179,70,167,107,167,107,179,70,179,sub_line_text,table_text,table_0,opensans,italic,10.0,18pabc_3cols_20211228_164127_8238437210_600_800.png,/scratch/parceirosbr/bigoilict/share/BigOil/document_generator/datasets/documents_2021_12_28/18pabc_3cols_20211228_164127_8238437210_600_800.png,18pabc_3cols_20211228_164127_8238437210_600_800_mask.png,95.5158
18,6,37,12,70,182,107,194,70,182,107,182,107,194,70,194,text,table_text,table_0,opensans,italic,10.0,18pabc_3cols_20211228_164127_8238437210_600_800.png,/scratch/parceirosbr/bigoilict/share/BigOil/document_generator/datasets/documents_2021_12_28/18pabc_3cols_20211228_164127_8238437210_600_800.png,18pabc_3cols_20211228_164127_8238437210_600_800_mask.png,75.4075
18,6,37,12,70,182,107,194,70,182,107,182,107,194,70,194,sub_line_text,table_text,table_0,opensans,italic,10.0,18pabc_3cols_20211228_164127_8238437210_600_800.png,/scratch/parceirosbr/bigoilict/share/BigOil/document_generator/datasets/documents_2021_12_28/18pabc_3cols_20211228_164127_8238437210_600_800.png,18pabc_3cols_20211228_164127_8238437210_600_800_mask.png,75.4075
18,6,37,12,70,198,107,210,70,198,107,198,107,210,70,210,text,table_text,table_0,opensans,italic,10.0,18pabc_3cols_20211228_164127_8238437210_600_800.png,/scratch/parceirosbr/bigoilict/share/BigOil/document_generator/datasets/documents_2021_12_28/18pabc_3cols_20211228_164127_8238437210_600_800.png,18pabc_3cols_20211228_164127_8238437210_600_800_mask.png,83.2586
18,6,37,12,70,198,107,210,70,198,107,198,107,210,70,210,sub_line_text,table_text,table_0,opensans,italic,10.0,18pabc_3cols_20211228_164127_8238437210_600_800.png,/scratch/parceirosbr/bigoilict/share/BigOil/document_generator/datasets/documents_2021_12_28/18pabc_3cols_20211228_164127_8238437210_600_800.png,18pabc_3cols_20211228_164127_8238437210_600_800_mask.png,83.2586
18,6,37,12,70,213,107,225,70,213,107,213,107,225,70,225,text,table_text,table_0,opensans,italic,10.0,18pabc_3cols_20211228_164127_8238437210_600_800.png,/scratch/parceirosbr/bigoilict/share/BigOil/document_generator/datasets/documents_2021_12_28/18pabc_3cols_20211228_164127_8238437210_600_800.png,18pabc_3cols_20211228_164127_8238437210_600_800_mask.png,71.9065
18,6,37,12,70,213,107,225,70,213,107,213,107,225,70,225,sub_line_text,table_text,table_0,opensans,italic,10.0,18pabc_3cols_20211228_164127_8238437210_600_800.png,/scratch/parceirosbr/bigoilict/share/BigOil/document_generator/datasets/documents_2021_12_28/18pabc_3cols_20211228_164127_8238437210_600_800.png,18pabc_3cols_20211228_164127_8238437210_600_800_mask.png,71.9065
18,6,37,12,70,229,107,241,70,229,107,229,107,241,70,241,text,table_text,table_0,opensans,italic,10.0,18pabc_3cols_20211228_164127_8238437210_600_800.png,/scratch/parceirosbr/bigoilict/share/BigOil/document_generator/datasets/documents_2021_12_28/18pabc_3cols_20211228_164127_8238437210_600_800.png,18pabc_3cols_20211228_164127_8238437210_600_800_mask.png,57.8071
18,6,37,12,70,229,107,241,70,229,107,229,107,241,70,241,sub_line_text,table_text,table_0,opensans,italic,10.0,18pabc_3cols_20211228_164127_8238437210_600_800.png,/scratch/parceirosbr/bigoilict/share/BigOil/document_generator/datasets/documents_2021_12_28/18pabc_3cols_20211228_164127_8238437210_600_800.png,18pabc_3cols_20211228_164127_8238437210_600_800_mask.png,57.8071
18,6,37,12,70,244,107,256,70,244,107,244,107,256,70,256,text,table_text,table_0,opensans,regular,10.0,18pabc_3cols_20211228_164127_8238437210_600_800.png,/scratch/parceirosbr/bigoilict/share/BigOil/document_generator/datasets/documents_2021_12_28/18pabc_3cols_20211228_164127_8238437210_600_800.png,18pabc_3cols_20211228_164127_8238437210_600_800_mask.png,13.7023
18,6,37,12,70,244,107,256,70,244,107,244,107,256,70,256,sub_line_text,table_text,table_0,opensans,regular,10.0,18pabc_3cols_20211228_164127_8238437210_600_800.png,/scratch/parceirosbr/bigoilict/share/BigOil/document_generator/datasets/documents_2021_12_28/18pabc_3cols_20211228_164127_8238437210_600_800.png,18pabc_3cols_20211228_164127_8238437210_600_800_mask.png,13.7023
18,6,36,12,116,120,152,132,116,120,152,120,152,132,116,132,text,table_text,table_0,opensans,italic,10.0,18pabc_3cols_20211228_164127_8238437210_600_800.png,/scratch/parceirosbr/bigoilict/share/BigOil/document_generator/datasets/documents_2021_12_28/18pabc_3cols_20211228_164127_8238437210_600_800.png,18pabc_3cols_20211228_164127_8238437210_600_800_mask.png,grandes
18,6,36,12,116,120,152,132,116,120,152,120,152,132,116,132,sub_line_text,table_text,table_0,opensans,italic,10.0,18pabc_3cols_20211228_164127_8238437210_600_800.png,/scratch/parceirosbr/bigoilict/share/BigOil/document_generator/datasets/documents_2021_12_28/18pabc_3cols_20211228_164127_8238437210_600_800.png,18pabc_3cols_20211228_164127_8238437210_600_800_mask.png,grandes
13,6,27,12,120,136,147,148,120,136,147,136,147,148,120,148,text,table_text,table_0,opensans,italic,10.0,18pabc_3cols_20211228_164127_8238437210_600_800.png,/scratch/parceirosbr/bigoilict/share/BigOil/document_generator/datasets/documents_2021_12_28/18pabc_3cols_20211228_164127_8238437210_600_800.png,18pabc_3cols_20211228_164127_8238437210_600_800_mask.png,níquel
13,6,27,12,120,136,147,148,120,136,147,136,147,148,120,148,sub_line_text,table_text,table_0,opensans,italic,10.0,18pabc_3cols_20211228_164127_8238437210_600_800.png,/scratch/parceirosbr/bigoilict/share/BigOil/document_generator/datasets/documents_2021_12_28/18pabc_3cols_20211228_164127_8238437210_600_800.png,18pabc_3cols_20211228_164127_8238437210_600_800_mask.png,níquel
12,6,24,12,122,151,146,163,122,151,146,151,146,163,122,163,text,table_text,table_0,opensans,italic,10.0,18pabc_3cols_20211228_164127_8238437210_600_800.png,/scratch/parceirosbr/bigoilict/share/BigOil/document_generator/datasets/documents_2021_12_28/18pabc_3cols_20211228_164127_8238437210_600_800.png,18pabc_3cols_20211228_164127_8238437210_600_800_mask.png,épela
12,6,24,12,122,151,146,163,122,151,146,151,146,163,122,163,sub_line_text,table_text,table_0,opensans,italic,10.0,18pabc_3cols_20211228_164127_8238437210_600_800.png,/scratch/parceirosbr/bigoilict/share/BigOil/document_generator/datasets/documents_2021_12_28/18pabc_3cols_20211228_164127_8238437210_600_800.png,18pabc_3cols_20211228_164127_8238437210_600_800_mask.png,épela
16,6,33,12,117,167,150,179,117,167,150,167,150,179,117,179,text,table_text,table_0,opensans,italic,10.0,18pabc_3cols_20211228_164127_8238437210_600_800.png,/scratch/parceirosbr/bigoilict/share/BigOil/document_generator/datasets/documents_2021_12_28/18pabc_3cols_20211228_164127_8238437210_600_800.png,18pabc_3cols_20211228_164127_8238437210_600_800_mask.png,oleifera
16,6,33,12,117,167,150,179,117,167,150,167,150,179,117,179,sub_line_text,table_text,table_0,opensans,italic,10.0,18pabc_3cols_20211228_164127_8238437210_600_800.png,/scratch/parceirosbr/bigoilict/share/BigOil/document_generator/datasets/documents_2021_12_28/18pabc_3cols_20211228_164127_8238437210_600_800.png,18pabc_3cols_20211228_164127_8238437210_600_800_mask.png,oleifera
11,6,22,12,123,182,145,194,123,182,145,182,145,194,123,194,text,table_text,table_0,opensans,italic,10.0,18pabc_3cols_20211228_164127_8238437210_600_800.png,/scratch/parceirosbr/bigoilict/share/BigOil/document_generator/datasets/documents_2021_12_28/18pabc_3cols_20211228_164127_8238437210_600_800.png,18pabc_3cols_20211228_164127_8238437210_600_800_mask.png,ideal
11,6,22,12,123,182,145,194,123,182,145,182,145,194,123,194,sub_line_text,table_text,table_0,opensans,italic,10.0,18pabc_3cols_20211228_164127_8238437210_600_800.png,/scratch/parceirosbr/bigoilict/share/BigOil/document_generator/datasets/documents_2021_12_28/18pabc_3cols_20211228_164127_8238437210_600_800.png,18pabc_3cols_20211228_164127_8238437210_600_800_mask.png,ideal
12,6,25,12,122,198,147,210,122,198,147,198,147,210,122,210,text,table_text,table_0,opensans,italic,10.0,18pabc_3cols_20211228_164127_8238437210_600_800.png,/scratch/parceirosbr/bigoilict/share/BigOil/document_generator/datasets/documents_2021_12_28/18pabc_3cols_20211228_164127_8238437210_600_800.png,18pabc_3cols_20211228_164127_8238437210_600_800_mask.png,áreas
12,6,25,12,122,198,147,210,122,198,147,198,147,210,122,210,sub_line_text,table_text,table_0,opensans,italic,10.0,18pabc_3cols_20211228_164127_8238437210_600_800.png,/scratch/parceirosbr/bigoilict/share/BigOil/document_generator/datasets/documents_2021_12_28/18pabc_3cols_20211228_164127_8238437210_600_800.png,18pabc_3cols_20211228_164127_8238437210_600_800_mask.png,áreas
12,6,25,12,122,213,147,225,122,213,147,213,147,225,122,225,text,table_text,table_0,opensans,italic,10.0,18pabc_3cols_20211228_164127_8238437210_600_800.png,/scratch/parceirosbr/bigoilict/share/BigOil/document_generator/datasets/documents_2021_12_28/18pabc_3cols_20211228_164127_8238437210_600_800.png,18pabc_3cols_20211228_164127_8238437210_600_800_mask.png,então
12,6,25,12,122,213,147,225,122,213,147,213,147,225,122,225,sub_line_text,table_text,table_0,opensans,italic,10.0,18pabc_3cols_20211228_164127_8238437210_600_800.png,/scratch/parceirosbr/bigoilict/share/BigOil/document_generator/datasets/documents_2021_12_28/18pabc_3cols_20211228_164127_8238437210_600_800.png,18pabc_3cols_20211228_164127_8238437210_600_800_mask.png,então
9,6,19,12,124,229,143,241,124,229,143,229,143,241,124,241,text,table_text,table_0,opensans,italic,10.0,18pabc_3cols_20211228_164127_8238437210_600_800.png,/scratch/parceirosbr/bigoilict/share/BigOil/document_generator/datasets/documents_2021_12_28/18pabc_3cols_20211228_164127_8238437210_600_800.png,18pabc_3cols_20211228_164127_8238437210_600_800_mask.png,óleo
9,6,19,12,124,229,143,241,124,229,143,229,143,241,124,241,sub_line_text,table_text,table_0,opensans,italic,10.0,18pabc_3cols_20211228_164127_8238437210_600_800.png,/scratch/parceirosbr/bigoilict/share/BigOil/document_generator/datasets/documents_2021_12_28/18pabc_3cols_20211228_164127_8238437210_600_800.png,18pabc_3cols_20211228_164127_8238437210_600_800_mask.png,óleo
17,6,34,12,116,244,150,256,116,244,150,244,150,256,116,256,text,table_text,table_0,opensans,regular,10.0,18pabc_3cols_20211228_164127_8238437210_600_800.png,/scratch/parceirosbr/bigoilict/share/BigOil/document_generator/datasets/documents_2021_12_28/18pabc_3cols_20211228_164127_8238437210_600_800.png,18pabc_3cols_20211228_164127_8238437210_600_800_mask.png,relação
17,6,34,12,116,244,150,256,116,244,150,244,150,256,116,256,sub_line_text,table_text,table_0,opensans,regular,10.0,18pabc_3cols_20211228_164127_8238437210_600_800.png,/scratch/parceirosbr/bigoilict/share/BigOil/document_generator/datasets/documents_2021_12_28/18pabc_3cols_20211228_164127_8238437210_600_800.png,18pabc_3cols_20211228_164127_8238437210_600_800_mask.png,relação
12,6,25,12,341,120,366,132,341,120,366,120,366,132,341,132,text,table_text,table_0,opensans,italic,10.0,18pabc_3cols_20211228_164127_8238437210_600_800.png,/scratch/parceirosbr/bigoilict/share/BigOil/document_generator/datasets/documents_2021_12_28/18pabc_3cols_20211228_164127_8238437210_600_800.png,18pabc_3cols_20211228_164127_8238437210_600_800_mask.png,berço
12,6,25,12,341,120,366,132,341,120,366,120,366,132,341,132,sub_line_text,table_text,table_0,opensans,italic,10.0,18pabc_3cols_20211228_164127_8238437210_600_800.png,/scratch/parceirosbr/bigoilict/share/BigOil/document_generator/datasets/documents_2021_12_28/18pabc_3cols_20211228_164127_8238437210_600_800.png,18pabc_3cols_20211228_164127_8238437210_600_800_mask.png,berço
8,6,16,12,185,136,201,148,185,136,201,136,201,148,185,148,text,table_text,table_0,opensans,italic,10.0,18pabc_3cols_20211228_164127_8238437210_600_800.png,/scratch/parceirosbr/bigoilict/share/BigOil/document_generator/datasets/documents_2021_12_28/18pabc_3cols_20211228_164127_8238437210_600_800.png,18pabc_3cols_20211228_164127_8238437210_600_800_mask.png,dos
8,6,16,12,185,136,201,148,185,136,201,136,201,148,185,148,sub_line_text,table_text,table_0,opensans,italic,10.0,18pabc_3cols_20211228_164127_8238437210_600_800.png,/scratch/parceirosbr/bigoilict/share/BigOil/document_generator/datasets/documents_2021_12_28/18pabc_3cols_20211228_164127_8238437210_600_800.png,18pabc_3cols_20211228_164127_8238437210_600_800_mask.png,dos
28,6,57,12,164,151,221,163,164,151,221,151,221,163,164,163,text,table_text,table_0,opensans,italic,10.0,18pabc_3cols_20211228_164127_8238437210_600_800.png,/scratch/parceirosbr/bigoilict/share/BigOil/document_generator/datasets/documents_2021_12_28/18pabc_3cols_20211228_164127_8238437210_600_800.png,18pabc_3cols_20211228_164127_8238437210_600_800_mask.png,combustíveis
28,6,57,12,164,151,221,163,164,151,221,151,221,163,164,163,sub_line_text,table_text,table_0,opensans,italic,10.0,18pabc_3cols_20211228_164127_8238437210_600_800.png,/scratch/parceirosbr/bigoilict/share/BigOil/document_generator/datasets/documents_2021_12_28/18pabc_3cols_20211228_164127_8238437210_600_800.png,18pabc_3cols_20211228_164127_8238437210_600_800_mask.png,combustíveis
24,6,49,12,169,167,218,179,169,167,218,167,218,179,169,179,text,table_text,table_0,opensans,italic,10.0,18pabc_3cols_20211228_164127_8238437210_600_800.png,/scratch/parceirosbr/bigoilict/share/BigOil/document_generator/datasets/documents_2021_12_28/18pabc_3cols_20211228_164127_8238437210_600_800.png,18pabc_3cols_20211228_164127_8238437210_600_800_mask.png,combustão
24,6,49,12,169,167,218,179,169,167,218,167,218,179,169,179,sub_line_text,table_text,table_0,opensans,italic,10.0,18pabc_3cols_20211228_164127_8238437210_600_800.png,/scratch/parceirosbr/bigoilict/share/BigOil/document_generator/datasets/documents_2021_12_28/18pabc_3cols_20211228_164127_8238437210_600_800.png,18pabc_3cols_20211228_164127_8238437210_600_800_mask.png,combustão
19,6,39,12,174,182,213,194,174,182,213,182,213,194,174,194,text,table_text,table_0,opensans,italic,10.0,18pabc_3cols_20211228_164127_8238437210_600_800.png,/scratch/parceirosbr/bigoilict/share/BigOil/document_generator/datasets/documents_2021_12_28/18pabc_3cols_20211228_164127_8238437210_600_800.png,18pabc_3cols_20211228_164127_8238437210_600_800_mask.png,derivado
19,6,39,12,174,182,213,194,174,182,213,182,213,194,174,194,sub_line_text,table_text,table_0,opensans,italic,10.0,18pabc_3cols_20211228_164127_8238437210_600_800.png,/scratch/parceirosbr/bigoilict/share/BigOil/document_generator/datasets/documents_2021_12_28/18pabc_3cols_20211228_164127_8238437210_600_800.png,18pabc_3cols_20211228_164127_8238437210_600_800_mask.png,derivado
26,6,52,12,168,198,220,210,168,198,220,198,220,210,168,210,text,table_text,table_0,opensans,italic,10.0,18pabc_3cols_20211228_164127_8238437210_600_800.png,/scratch/parceirosbr/bigoilict/share/BigOil/document_generator/datasets/documents_2021_12_28/18pabc_3cols_20211228_164127_8238437210_600_800.png,18pabc_3cols_20211228_164127_8238437210_600_800_mask.png,apresentam
26,6,52,12,168,198,220,210,168,198,220,198,220,210,168,210,sub_line_text,table_text,table_0,opensans,italic,10.0,18pabc_3cols_20211228_164127_8238437210_600_800.png,/scratch/parceirosbr/bigoilict/share/BigOil/document_generator/datasets/documents_2021_12_28/18pabc_3cols_20211228_164127_8238437210_600_800.png,18pabc_3cols_20211228_164127_8238437210_600_800_mask.png,apresentam
15,6,30,12,178,213,208,225,178,213,208,213,208,225,178,225,text,table_text,table_0,opensans,italic,10.0,18pabc_3cols_20211228_164127_8238437210_600_800.png,/scratch/parceirosbr/bigoilict/share/BigOil/document_generator/datasets/documents_2021_12_28/18pabc_3cols_20211228_164127_8238437210_600_800.png,18pabc_3cols_20211228_164127_8238437210_600_800_mask.png,apesar
15,6,30,12,178,213,208,225,178,213,208,213,208,225,178,225,sub_line_text,table_text,table_0,opensans,italic,10.0,18pabc_3cols_20211228_164127_8238437210_600_800.png,/scratch/parceirosbr/bigoilict/share/BigOil/document_generator/datasets/documents_2021_12_28/18pabc_3cols_20211228_164127_8238437210_600_800.png,18pabc_3cols_20211228_164127_8238437210_600_800_mask.png,apesar
14,6,29,12,179,229,208,241,179,229,208,229,208,241,179,241,text,table_text,table_0,opensans,italic,10.0,18pabc_3cols_20211228_164127_8238437210_600_800.png,/scratch/parceirosbr/bigoilict/share/BigOil/document_generator/datasets/documents_2021_12_28/18pabc_3cols_20211228_164127_8238437210_600_800.png,18pabc_3cols_20211228_164127_8238437210_600_800_mask.png,injetor
14,6,29,12,179,229,208,241,179,229,208,229,208,241,179,241,sub_line_text,table_text,table_0,opensans,italic,10.0,18pabc_3cols_20211228_164127_8238437210_600_800.png,/scratch/parceirosbr/bigoilict/share/BigOil/document_generator/datasets/documents_2021_12_28/18pabc_3cols_20211228_164127_8238437210_600_800.png,18pabc_3cols_20211228_164127_8238437210_600_800_mask.png,injetor
19,6,39,12,174,244,213,256,174,244,213,244,213,256,174,256,text,table_text,table_0,opensans,regular,10.0,18pabc_3cols_20211228_164127_8238437210_600_800.png,/scratch/parceirosbr/bigoilict/share/BigOil/document_generator/datasets/documents_2021_12_28/18pabc_3cols_20211228_164127_8238437210_600_800.png,18pabc_3cols_20211228_164127_8238437210_600_800_mask.png,recursos
19,6,39,12,174,244,213,256,174,244,213,244,213,256,174,256,sub_line_text,table_text,table_0,opensans,regular,10.0,18pabc_3cols_20211228_164127_8238437210_600_800.png,/scratch/parceirosbr/bigoilict/share/BigOil/document_generator/datasets/documents_2021_12_28/18pabc_3cols_20211228_164127_8238437210_600_800.png,18pabc_3cols_20211228_164127_8238437210_600_800_mask.png,recursos
24,6,49,12,317,136,366,148,317,136,366,136,366,148,317,148,text,table_text,table_0,opensans,italic,10.0,18pabc_3cols_20211228_164127_8238437210_600_800.png,/scratch/parceirosbr/bigoilict/share/BigOil/document_generator/datasets/documents_2021_12_28/18pabc_3cols_20211228_164127_8238437210_600_800.png,18pabc_3cols_20211228_164127_8238437210_600_800_mask.png,3242635.8
24,6,49,12,317,136,366,148,317,136,366,136,366,148,317,148,sub_line_text,table_text,table_0,opensans,italic,10.0,18pabc_3cols_20211228_164127_8238437210_600_800.png,/scratch/parceirosbr/bigoilict/share/BigOil/document_generator/datasets/documents_2021_12_28/18pabc_3cols_20211228_164127_8238437210_600_800.png,18pabc_3cols_20211228_164127_8238437210_600_800_mask.png,3242635.8
24,6,49,12,317,151,366,163,317,151,366,151,366,163,317,163,text,table_text,table_0,opensans,italic,10.0,18pabc_3cols_20211228_164127_8238437210_600_800.png,/scratch/parceirosbr/bigoilict/share/BigOil/document_generator/datasets/documents_2021_12_28/18pabc_3cols_20211228_164127_8238437210_600_800.png,18pabc_3cols_20211228_164127_8238437210_600_800_mask.png,4732061.9
24,6,49,12,317,151,366,163,317,151,366,151,366,163,317,163,sub_line_text,table_text,table_0,opensans,italic,10.0,18pabc_3cols_20211228_164127_8238437210_600_800.png,/scratch/parceirosbr/bigoilict/share/BigOil/document_generator/datasets/documents_2021_12_28/18pabc_3cols_20211228_164127_8238437210_600_800.png,18pabc_3cols_20211228_164127_8238437210_600_800_mask.png,4732061.9
27,6,54,12,311,167,365,179,311,167,365,167,365,179,311,179,text,table_text,table_0,opensans,italic,10.0,18pabc_3cols_20211228_164127_8238437210_600_800.png,/scratch/parceirosbr/bigoilict/share/BigOil/document_generator/datasets/documents_2021_12_28/18pabc_3cols_20211228_164127_8238437210_600_800.png,18pabc_3cols_20211228_164127_8238437210_600_800_mask.png,99847040.0
27,6,54,12,311,167,365,179,311,167,365,167,365,179,311,179,sub_line_text,table_text,table_0,opensans,italic,10.0,18pabc_3cols_20211228_164127_8238437210_600_800.png,/scratch/parceirosbr/bigoilict/share/BigOil/document_generator/datasets/documents_2021_12_28/18pabc_3cols_20211228_164127_8238437210_600_800.png,18pabc_3cols_20211228_164127_8238437210_600_800_mask.png,99847040.0
30,6,60,12,305,182,365,194,305,182,365,182,365,194,305,194,text,table_text,table_0,opensans,italic,10.0,18pabc_3cols_20211228_164127_8238437210_600_800.png,/scratch/parceirosbr/bigoilict/share/BigOil/document_generator/datasets/documents_2021_12_28/18pabc_3cols_20211228_164127_8238437210_600_800.png,18pabc_3cols_20211228_164127_8238437210_600_800_mask.png,490648870.5
30,6,60,12,305,182,365,194,305,182,365,182,365,194,305,194,sub_line_text,table_text,table_0,opensans,italic,10.0,18pabc_3cols_20211228_164127_8238437210_600_800.png,/scratch/parceirosbr/bigoilict/share/BigOil/document_generator/datasets/documents_2021_12_28/18pabc_3cols_20211228_164127_8238437210_600_800.png,18pabc_3cols_20211228_164127_8238437210_600_800_mask.png,490648870.5
24,6,49,12,317,198,366,210,317,198,366,198,366,210,317,210,text,table_text,table_0,opensans,italic,10.0,18pabc_3cols_20211228_164127_8238437210_600_800.png,/scratch/parceirosbr/bigoilict/share/BigOil/document_generator/datasets/documents_2021_12_28/18pabc_3cols_20211228_164127_8238437210_600_800.png,18pabc_3cols_20211228_164127_8238437210_600_800_mask.png,2034039.9
24,6,49,12,317,198,366,210,317,198,366,198,366,210,317,210,sub_line_text,table_text,table_0,opensans,italic,10.0,18pabc_3cols_20211228_164127_8238437210_600_800.png,/scratch/parceirosbr/bigoilict/share/BigOil/document_generator/datasets/documents_2021_12_28/18pabc_3cols_20211228_164127_8238437210_600_800.png,18pabc_3cols_20211228_164127_8238437210_600_800_mask.png,2034039.9
24,6,49,12,317,213,366,225,317,213,366,213,366,225,317,225,text,table_text,table_0,opensans,italic,10.0,18pabc_3cols_20211228_164127_8238437210_600_800.png,/scratch/parceirosbr/bigoilict/share/BigOil/document_generator/datasets/documents_2021_12_28/18pabc_3cols_20211228_164127_8238437210_600_800.png,18pabc_3cols_20211228_164127_8238437210_600_800_mask.png,9806801.9
24,6,49,12,317,213,366,225,317,213,366,213,366,225,317,225,sub_line_text,table_text,table_0,opensans,italic,10.0,18pabc_3cols_20211228_164127_8238437210_600_800.png,/scratch/parceirosbr/bigoilict/share/BigOil/document_generator/datasets/documents_2021_12_28/18pabc_3cols_20211228_164127_8238437210_600_800.png,18pabc_3cols_20211228_164127_8238437210_600_800_mask.png,9806801.9
30,6,60,12,305,229,365,241,305,229,365,229,365,241,305,241,text,table_text,table_0,opensans,italic,10.0,18pabc_3cols_20211228_164127_8238437210_600_800.png,/scratch/parceirosbr/bigoilict/share/BigOil/document_generator/datasets/documents_2021_12_28/18pabc_3cols_20211228_164127_8238437210_600_800.png,18pabc_3cols_20211228_164127_8238437210_600_800_mask.png,568168207.3
30,6,60,12,305,229,365,241,305,229,365,229,365,241,305,241,sub_line_text,table_text,table_0,opensans,italic,10.0,18pabc_3cols_20211228_164127_8238437210_600_800.png,/scratch/parceirosbr/bigoilict/share/BigOil/document_generator/datasets/documents_2021_12_28/18pabc_3cols_20211228_164127_8238437210_600_800.png,18pabc_3cols_20211228_164127_8238437210_600_800_mask.png,568168207.3
18,6,37,12,328,244,365,256,328,244,365,244,365,256,328,256,text,table_text,table_0,opensans,regular,10.0,18pabc_3cols_20211228_164127_8238437210_600_800.png,/scratch/parceirosbr/bigoilict/share/BigOil/document_generator/datasets/documents_2021_12_28/18pabc_3cols_20211228_164127_8238437210_600_800.png,18pabc_3cols_20211228_164127_8238437210_600_800_mask.png,88793.3
18,6,37,12,328,244,365,256,328,244,365,244,365,256,328,256,sub_line_text,table_text,table_0,opensans,regular,10.0,18pabc_3cols_20211228_164127_8238437210_600_800.png,/scratch/parceirosbr/bigoilict/share/BigOil/document_generator/datasets/documents_2021_12_28/18pabc_3cols_20211228_164127_8238437210_600_800.png,18pabc_3cols_20211228_164127_8238437210_600_800_mask.png,88793.3
80,6,160,13,131,266,291,279,131,266,291,266,291,279,131,279,sub_line_text,subsubtitle,subsubtitle_0,courier,regular,13,18pabc_3cols_20211228_164127_8238437210_600_800.png,/scratch/parceirosbr/bigoilict/share/BigOil/document_generator/datasets/documents_2021_12_28/18pabc_3cols_20211228_164127_8238437210_600_800.png,18pabc_3cols_20211228_164127_8238437210_600_800_mask.png,Permitida reprodução
80,6,160,13,131,266,291,279,131,266,291,266,291,279,131,279,title,subsubtitle,subsubtitle_0,courier,regular,13,18pabc_3cols_20211228_164127_8238437210_600_800.png,/scratch/parceirosbr/bigoilict/share/BigOil/document_generator/datasets/documents_2021_12_28/18pabc_3cols_20211228_164127_8238437210_600_800.png,18pabc_3cols_20211228_164127_8238437210_600_800_mask.png,nan
120,5,240,11,135,283,375,294,135,283,375,283,375,294,135,294,sub_line_text,text,text_0,courier,regular,10,18pabc_3cols_20211228_164127_8238437210_600_800.png,/scratch/parceirosbr/bigoilict/share/BigOil/document_generator/datasets/documents_2021_12_28/18pabc_3cols_20211228_164127_8238437210_600_800.png,18pabc_3cols_20211228_164127_8238437210_600_800_mask.png,Caso  não haja uma posição crível por p-
165,5,330,11,45,297,375,308,45,297,375,297,375,308,45,308,sub_line_text,text,text_0,courier,regular,10,18pabc_3cols_20211228_164127_8238437210_600_800.png,/scratch/parceirosbr/bigoilict/share/BigOil/document_generator/datasets/documents_2021_12_28/18pabc_3cols_20211228_164127_8238437210_600_800.png,18pabc_3cols_20211228_164127_8238437210_600_800_mask.png,"arte  do regulador, este pode induzir a sub-investimen-"
162,5,324,11,45,311,369,322,45,311,369,311,369,322,45,322,sub_line_text,text,text_0,courier,regular,10,18pabc_3cols_20211228_164127_8238437210_600_800.png,/scratch/parceirosbr/bigoilict/share/BigOil/document_generator/datasets/documents_2021_12_28/18pabc_3cols_20211228_164127_8238437210_600_800.png,18pabc_3cols_20211228_164127_8238437210_600_800_mask.png,tos  por  parte das firmas. Caso o grau de abertura do
165,5,330,11,45,325,375,336,45,325,375,325,375,336,45,336,sub_line_text,text,text_0,courier,regular,10,18pabc_3cols_20211228_164127_8238437210_600_800.png,/scratch/parceirosbr/bigoilict/share/BigOil/document_generator/datasets/documents_2021_12_28/18pabc_3cols_20211228_164127_8238437210_600_800.png,18pabc_3cols_20211228_164127_8238437210_600_800_mask.png,mercado  já apresente índices superiores aos estabelec-
162,5,324,11,45,339,369,350,45,339,369,339,369,350,45,350,sub_line_text,text,text_0,courier,regular,10,18pabc_3cols_20211228_164127_8238437210_600_800.png,/scratch/parceirosbr/bigoilict/share/BigOil/document_generator/datasets/documents_2021_12_28/18pabc_3cols_20211228_164127_8238437210_600_800.png,18pabc_3cols_20211228_164127_8238437210_600_800_mask.png,"idos,  a. Com isso, o último ano passou a figurar como"
162,5,324,11,45,353,369,364,45,353,369,353,369,364,45,364,sub_line_text,text,text_0,courier,regular,10,18pabc_3cols_20211228_164127_8238437210_600_800.png,/scratch/parceirosbr/bigoilict/share/BigOil/document_generator/datasets/documents_2021_12_28/18pabc_3cols_20211228_164127_8238437210_600_800.png,18pabc_3cols_20211228_164127_8238437210_600_800_mask.png,um  dos períodos mais marcantes da história recente do
162,5,324,11,45,367,369,378,45,367,369,367,369,378,45,378,sub_line_text,text,text_0,courier,regular,10,18pabc_3cols_20211228_164127_8238437210_600_800.png,/scratch/parceirosbr/bigoilict/share/BigOil/document_generator/datasets/documents_2021_12_28/18pabc_3cols_20211228_164127_8238437210_600_800.png,18pabc_3cols_20211228_164127_8238437210_600_800_mask.png,"setor e, ao que tudo indica, inaugura uma nova fase c."
165,47,330,95,45,283,375,378,45,283,375,283,375,378,45,378,text,text,text_0,courier,regular,10,18pabc_3cols_20211228_164127_8238437210_600_800.png,/scratch/parceirosbr/bigoilict/share/BigOil/document_generator/datasets/documents_2021_12_28/18pabc_3cols_20211228_164127_8238437210_600_800.png,18pabc_3cols_20211228_164127_8238437210_600_800_mask.png,nan
49,8,99,16,73,382,172,398,73,382,172,382,172,398,73,398,sub_line_text,subtitle,subtitle_0,courier,bolditalic,15,18pabc_3cols_20211228_164127_8238437210_600_800.png,/scratch/parceirosbr/bigoilict/share/BigOil/document_generator/datasets/documents_2021_12_28/18pabc_3cols_20211228_164127_8238437210_600_800.png,18pabc_3cols_20211228_164127_8238437210_600_800_mask.png,Espalha uma
49,8,99,16,73,382,172,398,73,382,172,382,172,398,73,398,title,subtitle,subtitle_0,courier,bolditalic,15,18pabc_3cols_20211228_164127_8238437210_600_800.png,/scratch/parceirosbr/bigoilict/share/BigOil/document_generator/datasets/documents_2021_12_28/18pabc_3cols_20211228_164127_8238437210_600_800.png,18pabc_3cols_20211228_164127_8238437210_600_800_mask.png,nan
51,5,102,11,87,402,189,413,87,402,189,402,189,413,87,413,sub_line_text,text,text_1,courier,regular,10,18pabc_3cols_20211228_164127_8238437210_600_800.png,/scratch/parceirosbr/bigoilict/share/BigOil/document_generator/datasets/documents_2021_12_28/18pabc_3cols_20211228_164127_8238437210_600_800.png,18pabc_3cols_20211228_164127_8238437210_600_800_mask.png,"Sendo  assim, foi"
75,5,150,11,45,416,195,427,45,416,195,416,195,427,45,427,sub_line_text,text,text_1,courier,regular,10,18pabc_3cols_20211228_164127_8238437210_600_800.png,/scratch/parceirosbr/bigoilict/share/BigOil/document_generator/datasets/documents_2021_12_28/18pabc_3cols_20211228_164127_8238437210_600_800.png,18pabc_3cols_20211228_164127_8238437210_600_800_mask.png,possível  associar a oco-
75,5,150,11,45,430,195,441,45,430,195,430,195,441,45,441,sub_line_text,text,text_1,courier,regular,10,18pabc_3cols_20211228_164127_8238437210_600_800.png,/scratch/parceirosbr/bigoilict/share/BigOil/document_generator/datasets/documents_2021_12_28/18pabc_3cols_20211228_164127_8238437210_600_800.png,18pabc_3cols_20211228_164127_8238437210_600_800_mask.png,rrência  dos esporões ar-
75,5,150,11,45,444,195,455,45,444,195,444,195,455,45,455,sub_line_text,text,text_1,courier,regular,10,18pabc_3cols_20211228_164127_8238437210_600_800.png,/scratch/parceirosbr/bigoilict/share/BigOil/document_generator/datasets/documents_2021_12_28/18pabc_3cols_20211228_164127_8238437210_600_800.png,18pabc_3cols_20211228_164127_8238437210_600_800_mask.png,enosos  e ilhas barreiras
75,5,150,11,45,458,195,469,45,458,195,458,195,469,45,469,sub_line_text,text,text_1,courier,regular,10,18pabc_3cols_20211228_164127_8238437210_600_800.png,/scratch/parceirosbr/bigoilict/share/BigOil/document_generator/datasets/documents_2021_12_28/18pabc_3cols_20211228_164127_8238437210_600_800.png,18pabc_3cols_20211228_164127_8238437210_600_800_mask.png,às  áreas de soerguimento
72,5,144,11,45,472,189,483,45,472,189,472,189,483,45,483,sub_line_text,text,text_1,courier,regular,10,18pabc_3cols_20211228_164127_8238437210_600_800.png,/scratch/parceirosbr/bigoilict/share/BigOil/document_generator/datasets/documents_2021_12_28/18pabc_3cols_20211228_164127_8238437210_600_800.png,18pabc_3cols_20211228_164127_8238437210_600_800_mask.png,"dos  blocos estruturais,"
72,5,144,11,45,486,189,497,45,486,189,486,189,497,45,497,sub_line_text,text,text_1,courier,regular,10,18pabc_3cols_20211228_164127_8238437210_600_800.png,/scratch/parceirosbr/bigoilict/share/BigOil/document_generator/datasets/documents_2021_12_28/18pabc_3cols_20211228_164127_8238437210_600_800.png,18pabc_3cols_20211228_164127_8238437210_600_800_mask.png,controlados por sistema.
75,47,150,95,45,402,195,497,45,402,195,402,195,497,45,497,text,text,text_1,courier,regular,10,18pabc_3cols_20211228_164127_8238437210_600_800.png,/scratch/parceirosbr/bigoilict/share/BigOil/document_generator/datasets/documents_2021_12_28/18pabc_3cols_20211228_164127_8238437210_600_800.png,18pabc_3cols_20211228_164127_8238437210_600_800_mask.png,nan
64,6,128,13,58,501,186,514,58,501,186,501,186,514,58,514,sub_line_text,subsubtitle,subsubtitle_1,courier,regular,13,18pabc_3cols_20211228_164127_8238437210_600_800.png,/scratch/parceirosbr/bigoilict/share/BigOil/document_generator/datasets/documents_2021_12_28/18pabc_3cols_20211228_164127_8238437210_600_800.png,18pabc_3cols_20211228_164127_8238437210_600_800_mask.png,18 ilustra picos
64,6,128,13,58,501,186,514,58,501,186,501,186,514,58,514,title,subsubtitle,subsubtitle_1,courier,regular,13,18pabc_3cols_20211228_164127_8238437210_600_800.png,/scratch/parceirosbr/bigoilict/share/BigOil/document_generator/datasets/documents_2021_12_28/18pabc_3cols_20211228_164127_8238437210_600_800.png,18pabc_3cols_20211228_164127_8238437210_600_800_mask.png,nan
54,5,108,11,87,518,195,529,87,518,195,518,195,529,87,529,sub_line_text,text,text_2,courier,regular,10,18pabc_3cols_20211228_164127_8238437210_600_800.png,/scratch/parceirosbr/bigoilict/share/BigOil/document_generator/datasets/documents_2021_12_28/18pabc_3cols_20211228_164127_8238437210_600_800.png,18pabc_3cols_20211228_164127_8238437210_600_800_mask.png,As  fases cristal-
75,5,150,11,45,532,195,543,45,532,195,532,195,543,45,543,sub_line_text,text,text_2,courier,regular,10,18pabc_3cols_20211228_164127_8238437210_600_800.png,/scratch/parceirosbr/bigoilict/share/BigOil/document_generator/datasets/documents_2021_12_28/18pabc_3cols_20211228_164127_8238437210_600_800.png,18pabc_3cols_20211228_164127_8238437210_600_800_mask.png,inas  presentes foram id-
72,5,144,11,45,546,189,557,45,546,189,546,189,557,45,557,sub_line_text,text,text_2,courier,regular,10,18pabc_3cols_20211228_164127_8238437210_600_800.png,/scratch/parceirosbr/bigoilict/share/BigOil/document_generator/datasets/documents_2021_12_28/18pabc_3cols_20211228_164127_8238437210_600_800.png,18pabc_3cols_20211228_164127_8238437210_600_800_mask.png,entificadas  através  da
72,5,144,11,45,560,189,571,45,560,189,560,189,571,45,571,sub_line_text,text,text_2,courier,regular,10,18pabc_3cols_20211228_164127_8238437210_600_800.png,/scratch/parceirosbr/bigoilict/share/BigOil/document_generator/datasets/documents_2021_12_28/18pabc_3cols_20211228_164127_8238437210_600_800.png,18pabc_3cols_20211228_164127_8238437210_600_800_mask.png,análise  de  difração de
75,5,150,11,45,574,195,585,45,574,195,574,195,585,45,585,sub_line_text,text,text_2,courier,regular,10,18pabc_3cols_20211228_164127_8238437210_600_800.png,/scratch/parceirosbr/bigoilict/share/BigOil/document_generator/datasets/documents_2021_12_28/18pabc_3cols_20211228_164127_8238437210_600_800.png,18pabc_3cols_20211228_164127_8238437210_600_800_mask.png,raios  utilizando um equ-
75,5,150,11,45,588,195,599,45,588,195,588,195,599,45,599,sub_line_text,text,text_2,courier,regular,10,18pabc_3cols_20211228_164127_8238437210_600_800.png,/scratch/parceirosbr/bigoilict/share/BigOil/document_generator/datasets/documents_2021_12_28/18pabc_3cols_20211228_164127_8238437210_600_800.png,18pabc_3cols_20211228_164127_8238437210_600_800_mask.png,ipamento  (modelo com ra-
75,5,150,11,45,602,195,613,45,602,195,602,195,613,45,613,sub_line_text,text,text_2,courier,regular,10,18pabc_3cols_20211228_164127_8238437210_600_800.png,/scratch/parceirosbr/bigoilict/share/BigOil/document_generator/datasets/documents_2021_12_28/18pabc_3cols_20211228_164127_8238437210_600_800.png,18pabc_3cols_20211228_164127_8238437210_600_800_mask.png,"diação  (=1,5418nm), ten-"
72,5,144,11,45,616,189,627,45,616,189,616,189,627,45,627,sub_line_text,text,text_2,courier,regular,10,18pabc_3cols_20211228_164127_8238437210_600_800.png,/scratch/parceirosbr/bigoilict/share/BigOil/document_generator/datasets/documents_2021_12_28/18pabc_3cols_20211228_164127_8238437210_600_800.png,18pabc_3cols_20211228_164127_8238437210_600_800_mask.png,"são  de 40kV,corrente de"
72,5,144,11,45,630,189,641,45,630,189,630,189,641,45,641,sub_line_text,text,text_2,courier,regular,10,18pabc_3cols_20211228_164127_8238437210_600_800.png,/scratch/parceirosbr/bigoilict/share/BigOil/document_generator/datasets/documents_2021_12_28/18pabc_3cols_20211228_164127_8238437210_600_800.png,18pabc_3cols_20211228_164127_8238437210_600_800_mask.png,40  mA.  O maior aumento
75,5,150,11,45,644,195,655,45,644,195,644,195,655,45,655,sub_line_text,text,text_2,courier,regular,10,18pabc_3cols_20211228_164127_8238437210_600_800.png,/scratch/parceirosbr/bigoilict/share/BigOil/document_generator/datasets/documents_2021_12_28/18pabc_3cols_20211228_164127_8238437210_600_800.png,18pabc_3cols_20211228_164127_8238437210_600_800_mask.png,em  termos percentuais f-
72,5,144,11,45,658,189,669,45,658,189,658,189,669,45,669,sub_line_text,text,text_2,courier,regular,10,18pabc_3cols_20211228_164127_8238437210_600_800.png,/scratch/parceirosbr/bigoilict/share/BigOil/document_generator/datasets/documents_2021_12_28/18pabc_3cols_20211228_164127_8238437210_600_800.png,18pabc_3cols_20211228_164127_8238437210_600_800_mask.png,oi o da produção da gas.
75,75,150,151,45,518,195,669,45,518,195,518,195,669,45,669,text,text,text_2,courier,regular,10,18pabc_3cols_20211228_164127_8238437210_600_800.png,/scratch/parceirosbr/bigoilict/share/BigOil/document_generator/datasets/documents_2021_12_28/18pabc_3cols_20211228_164127_8238437210_600_800.png,18pabc_3cols_20211228_164127_8238437210_600_800_mask.png,nan
48,5,96,11,87,673,183,684,87,673,183,673,183,684,87,684,sub_line_text,text,text_3,courier,regular,10,18pabc_3cols_20211228_164127_8238437210_600_800.png,/scratch/parceirosbr/bigoilict/share/BigOil/document_generator/datasets/documents_2021_12_28/18pabc_3cols_20211228_164127_8238437210_600_800.png,18pabc_3cols_20211228_164127_8238437210_600_800_mask.png,A menor receita.
48,5,96,11,87,673,183,684,87,673,183,673,183,684,87,684,text,text,text_3,courier,regular,10,18pabc_3cols_20211228_164127_8238437210_600_800.png,/scratch/parceirosbr/bigoilict/share/BigOil/document_generator/datasets/documents_2021_12_28/18pabc_3cols_20211228_164127_8238437210_600_800.png,18pabc_3cols_20211228_164127_8238437210_600_800_mask.png,nan
51,5,102,11,264,382,366,393,264,382,366,382,366,393,264,393,sub_line_text,text,text_4,courier,regular,10,18pabc_3cols_20211228_164127_8238437210_600_800.png,/scratch/parceirosbr/bigoilict/share/BigOil/document_generator/datasets/documents_2021_12_28/18pabc_3cols_20211228_164127_8238437210_600_800.png,18pabc_3cols_20211228_164127_8238437210_600_800_mask.png,O  ponto  crítico
72,5,144,11,222,396,366,407,222,396,366,396,366,407,222,407,sub_line_text,text,text_4,courier,regular,10,18pabc_3cols_20211228_164127_8238437210_600_800.png,/scratch/parceirosbr/bigoilict/share/BigOil/document_generator/datasets/documents_2021_12_28/18pabc_3cols_20211228_164127_8238437210_600_800.png,18pabc_3cols_20211228_164127_8238437210_600_800_mask.png,caracteriza  o  encontro
75,5,150,11,222,410,372,421,222,410,372,410,372,421,222,421,sub_line_text,text,text_4,courier,regular,10,18pabc_3cols_20211228_164127_8238437210_600_800.png,/scratch/parceirosbr/bigoilict/share/BigOil/document_generator/datasets/documents_2021_12_28/18pabc_3cols_20211228_164127_8238437210_600_800.png,18pabc_3cols_20211228_164127_8238437210_600_800_mask.png,"dessas  duas curvas, exi-"
75,5,150,11,222,424,372,435,222,424,372,424,372,435,222,435,sub_line_text,text,text_4,courier,regular,10,18pabc_3cols_20211228_164127_8238437210_600_800.png,/scratch/parceirosbr/bigoilict/share/BigOil/document_generator/datasets/documents_2021_12_28/18pabc_3cols_20211228_164127_8238437210_600_800.png,18pabc_3cols_20211228_164127_8238437210_600_800_mask.png,stindo  um único par pre-
75,5,150,11,222,438,372,449,222,438,372,438,372,449,222,449,sub_line_text,text,text_4,courier,regular,10,18pabc_3cols_20211228_164127_8238437210_600_800.png,/scratch/parceirosbr/bigoilict/share/BigOil/document_generator/datasets/documents_2021_12_28/18pabc_3cols_20211228_164127_8238437210_600_800.png,18pabc_3cols_20211228_164127_8238437210_600_800_mask.png,"ssão  e temperatura, e o-"
72,5,144,11,222,452,366,463,222,452,366,452,366,463,222,463,sub_line_text,text,text_4,courier,regular,10,18pabc_3cols_20211228_164127_8238437210_600_800.png,/scratch/parceirosbr/bigoilict/share/BigOil/document_generator/datasets/documents_2021_12_28/18pabc_3cols_20211228_164127_8238437210_600_800.png,18pabc_3cols_20211228_164127_8238437210_600_800_mask.png,nde  as  propriedades do
75,5,150,11,222,466,372,477,222,466,372,466,372,477,222,477,sub_line_text,text,text_4,courier,regular,10,18pabc_3cols_20211228_164127_8238437210_600_800.png,/scratch/parceirosbr/bigoilict/share/BigOil/document_generator/datasets/documents_2021_12_28/18pabc_3cols_20211228_164127_8238437210_600_800.png,18pabc_3cols_20211228_164127_8238437210_600_800_mask.png,gás  são iguais às do lí-
72,5,144,11,222,480,366,491,222,480,366,480,366,491,222,491,sub_line_text,text,text_4,courier,regular,10,18pabc_3cols_20211228_164127_8238437210_600_800.png,/scratch/parceirosbr/bigoilict/share/BigOil/document_generator/datasets/documents_2021_12_28/18pabc_3cols_20211228_164127_8238437210_600_800.png,18pabc_3cols_20211228_164127_8238437210_600_800_mask.png,quido.  A  instabilidade
75,5,150,11,222,494,372,505,222,494,372,494,372,505,222,505,sub_line_text,text,text_4,courier,regular,10,18pabc_3cols_20211228_164127_8238437210_600_800.png,/scratch/parceirosbr/bigoilict/share/BigOil/document_generator/datasets/documents_2021_12_28/18pabc_3cols_20211228_164127_8238437210_600_800.png,18pabc_3cols_20211228_164127_8238437210_600_800_mask.png,política  em diversos pa-
72,5,144,11,222,508,366,519,222,508,366,508,366,519,222,519,sub_line_text,text,text_4,courier,regular,10,18pabc_3cols_20211228_164127_8238437210_600_800.png,/scratch/parceirosbr/bigoilict/share/BigOil/document_generator/datasets/documents_2021_12_28/18pabc_3cols_20211228_164127_8238437210_600_800.png,18pabc_3cols_20211228_164127_8238437210_600_800_mask.png,íses do da e do pro-voc.
75,68,150,137,222,382,372,519,222,382,372,382,372,519,222,519,text,text,text_4,courier,regular,10,18pabc_3cols_20211228_164127_8238437210_600_800.png,/scratch/parceirosbr/bigoilict/share/BigOil/document_generator/datasets/documents_2021_12_28/18pabc_3cols_20211228_164127_8238437210_600_800.png,18pabc_3cols_20211228_164127_8238437210_600_800_mask.png,nan
77,59,155,118,222,523,377,641,222,523,377,523,377,641,222,641,list,list,list_1,courier,courier,9,18pabc_3cols_20211228_164127_8238437210_600_800.png,/scratch/parceirosbr/bigoilict/share/BigOil/document_generator/datasets/documents_2021_12_28/18pabc_3cols_20211228_164127_8238437210_600_800.png,18pabc_3cols_20211228_164127_8238437210_600_800_mask.png,
77,5,155,10,222,523,377,533,222,523,377,523,377,533,222,533,sub_line_text,list,list_1,courier,regular,9,18pabc_3cols_20211228_164127_8238437210_600_800.png,/scratch/parceirosbr/bigoilict/share/BigOil/document_generator/datasets/documents_2021_12_28/18pabc_3cols_20211228_164127_8238437210_600_800.png,18pabc_3cols_20211228_164127_8238437210_600_800_mask.png,"*  Este  interesse, entretanto,"
70,5,140,10,237,535,377,545,237,535,377,535,377,545,237,545,sub_line_text,list,list_1,courier,regular,9,18pabc_3cols_20211228_164127_8238437210_600_800.png,/scratch/parceirosbr/bigoilict/share/BigOil/document_generator/datasets/documents_2021_12_28/18pabc_3cols_20211228_164127_8238437210_600_800.png,18pabc_3cols_20211228_164127_8238437210_600_800_mask.png,não          necessariamente
70,5,140,10,237,547,377,557,237,547,377,547,377,557,237,557,sub_line_text,list,list_1,courier,regular,9,18pabc_3cols_20211228_164127_8238437210_600_800.png,/scratch/parceirosbr/bigoilict/share/BigOil/document_generator/datasets/documents_2021_12_28/18pabc_3cols_20211228_164127_8238437210_600_800.png,18pabc_3cols_20211228_164127_8238437210_600_800_mask.png,refletiu-se  em  um  aumento
70,5,140,10,237,559,377,569,237,559,377,559,377,569,237,569,sub_line_text,list,list_1,courier,regular,9,18pabc_3cols_20211228_164127_8238437210_600_800.png,/scratch/parceirosbr/bigoilict/share/BigOil/document_generator/datasets/documents_2021_12_28/18pabc_3cols_20211228_164127_8238437210_600_800.png,18pabc_3cols_20211228_164127_8238437210_600_800_mask.png,do   ágio   médio  ofertados
12,5,25,10,237,571,262,581,237,571,262,571,262,581,237,581,sub_line_text,list,list_1,courier,regular,9,18pabc_3cols_20211228_164127_8238437210_600_800.png,/scratch/parceirosbr/bigoilict/share/BigOil/document_generator/datasets/documents_2021_12_28/18pabc_3cols_20211228_164127_8238437210_600_800.png,18pabc_3cols_20211228_164127_8238437210_600_800_mask.png,pelas
77,5,155,10,222,583,377,593,222,583,377,583,377,593,222,593,sub_line_text,list,list_1,courier,regular,9,18pabc_3cols_20211228_164127_8238437210_600_800.png,/scratch/parceirosbr/bigoilict/share/BigOil/document_generator/datasets/documents_2021_12_28/18pabc_3cols_20211228_164127_8238437210_600_800.png,18pabc_3cols_20211228_164127_8238437210_600_800_mask.png,*  A     compatibilidade    dos
68,5,136,10,237,595,373,605,237,595,373,595,373,605,237,605,sub_line_text,list,list_1,courier,regular,9,18pabc_3cols_20211228_164127_8238437210_600_800.png,/scratch/parceirosbr/bigoilict/share/BigOil/document_generator/datasets/documents_2021_12_28/18pabc_3cols_20211228_164127_8238437210_600_800.png,18pabc_3cols_20211228_164127_8238437210_600_800_mask.png,artigos       a       serem
70,5,140,10,237,607,377,617,237,607,377,607,377,617,237,617,sub_line_text,list,list_1,courier,regular,9,18pabc_3cols_20211228_164127_8238437210_600_800.png,/scratch/parceirosbr/bigoilict/share/BigOil/document_generator/datasets/documents_2021_12_28/18pabc_3cols_20211228_164127_8238437210_600_800.png,18pabc_3cols_20211228_164127_8238437210_600_800_mask.png,esterilizados  por  radiação
35,5,70,10,237,619,307,629,237,619,307,619,307,629,237,629,sub_line_text,list,list_1,courier,regular,9,18pabc_3cols_20211228_164127_8238437210_600_800.png,/scratch/parceirosbr/bigoilict/share/BigOil/document_generator/datasets/documents_2021_12_28/18pabc_3cols_20211228_164127_8238437210_600_800.png,18pabc_3cols_20211228_164127_8238437210_600_800_mask.png,é um fator que
77,5,155,10,222,631,377,641,222,631,377,631,377,641,222,641,sub_line_text,list,list_1,courier,regular,9,18pabc_3cols_20211228_164127_8238437210_600_800.png,/scratch/parceirosbr/bigoilict/share/BigOil/document_generator/datasets/documents_2021_12_28/18pabc_3cols_20211228_164127_8238437210_600_800.png,18pabc_3cols_20211228_164127_8238437210_600_800_mask.png,*  Visto  que  cada experimento
54,5,108,11,264,645,372,656,264,645,372,645,372,656,264,656,sub_line_text,text,text_5,courier,regular,10,18pabc_3cols_20211228_164127_8238437210_600_800.png,/scratch/parceirosbr/bigoilict/share/BigOil/document_generator/datasets/documents_2021_12_28/18pabc_3cols_20211228_164127_8238437210_600_800.png,18pabc_3cols_20211228_164127_8238437210_600_800_mask.png,The  electrical r-
72,5,144,11,222,659,366,670,222,659,366,659,366,670,222,670,sub_line_text,text,text_5,courier,regular,10,18pabc_3cols_20211228_164127_8238437210_600_800.png,/scratch/parceirosbr/bigoilict/share/BigOil/document_generator/datasets/documents_2021_12_28/18pabc_3cols_20211228_164127_8238437210_600_800.png,18pabc_3cols_20211228_164127_8238437210_600_800_mask.png,esistivity  reached  the
72,5,144,11,222,673,366,684,222,673,366,673,366,684,222,684,sub_line_text,text,text_5,courier,regular,10,18pabc_3cols_20211228_164127_8238437210_600_800.png,/scratch/parceirosbr/bigoilict/share/BigOil/document_generator/datasets/documents_2021_12_28/18pabc_3cols_20211228_164127_8238437210_600_800.png,18pabc_3cols_20211228_164127_8238437210_600_800_mask.png,"following values: 1,81x."
75,19,150,39,222,645,372,684,222,645,372,645,372,684,222,684,text,text,text_5,courier,regular,10,18pabc_3cols_20211228_164127_8238437210_600_800.png,/scratch/parceirosbr/bigoilict/share/BigOil/document_generator/datasets/documents_2021_12_28/18pabc_3cols_20211228_164127_8238437210_600_800.png,18pabc_3cols_20211228_164127_8238437210_600_800_mask.png,nan
54,5,108,11,441,66,549,77,441,66,549,66,549,77,441,77,sub_line_text,text,text_6,courier,regular,10,18pabc_3cols_20211228_164127_8238437210_600_800.png,/scratch/parceirosbr/bigoilict/share/BigOil/document_generator/datasets/documents_2021_12_28/18pabc_3cols_20211228_164127_8238437210_600_800.png,18pabc_3cols_20211228_164127_8238437210_600_800_mask.png,A  lei estabeleceu
75,5,150,11,399,80,549,91,399,80,549,80,549,91,399,91,sub_line_text,text,text_6,courier,regular,10,18pabc_3cols_20211228_164127_8238437210_600_800.png,/scratch/parceirosbr/bigoilict/share/BigOil/document_generator/datasets/documents_2021_12_28/18pabc_3cols_20211228_164127_8238437210_600_800.png,18pabc_3cols_20211228_164127_8238437210_600_800_mask.png,"ainda  que, no mínimo, 5-"
75,5,150,11,399,94,549,105,399,94,549,94,549,105,399,105,sub_line_text,text,text_6,courier,regular,10,18pabc_3cols_20211228_164127_8238437210_600_800.png,/scratch/parceirosbr/bigoilict/share/BigOil/document_generator/datasets/documents_2021_12_28/18pabc_3cols_20211228_164127_8238437210_600_800.png,18pabc_3cols_20211228_164127_8238437210_600_800_mask.png,0%  do valor dos investi-
75,5,150,11,399,108,549,119,399,108,549,108,549,119,399,119,sub_line_text,text,text_6,courier,regular,10,18pabc_3cols_20211228_164127_8238437210_600_800.png,/scratch/parceirosbr/bigoilict/share/BigOil/document_generator/datasets/documents_2021_12_28/18pabc_3cols_20211228_164127_8238437210_600_800.png,18pabc_3cols_20211228_164127_8238437210_600_800_mask.png,mentos  devem ser aplica-
72,5,144,11,399,122,543,133,399,122,543,122,543,133,399,133,sub_line_text,text,text_6,courier,regular,10,18pabc_3cols_20211228_164127_8238437210_600_800.png,/scratch/parceirosbr/bigoilict/share/BigOil/document_generator/datasets/documents_2021_12_28/18pabc_3cols_20211228_164127_8238437210_600_800.png,18pabc_3cols_20211228_164127_8238437210_600_800_mask.png,-dos  em instituições de
75,5,150,11,399,136,549,147,399,136,549,136,549,147,399,147,sub_line_text,text,text_6,courier,regular,10,18pabc_3cols_20211228_164127_8238437210_600_800.png,/scratch/parceirosbr/bigoilict/share/BigOil/document_generator/datasets/documents_2021_12_28/18pabc_3cols_20211228_164127_8238437210_600_800.png,18pabc_3cols_20211228_164127_8238437210_600_800_mask.png,pesquisa  e desenvol-vim-
72,5,144,11,399,150,543,161,399,150,543,150,543,161,399,161,sub_line_text,text,text_6,courier,regular,10,18pabc_3cols_20211228_164127_8238437210_600_800.png,/scratch/parceirosbr/bigoilict/share/BigOil/document_generator/datasets/documents_2021_12_28/18pabc_3cols_20211228_164127_8238437210_600_800.png,18pabc_3cols_20211228_164127_8238437210_600_800_mask.png,ento (P&D) credenciadas.
75,47,150,95,399,66,549,161,399,66,549,66,549,161,399,161,text,text,text_6,courier,regular,10,18pabc_3cols_20211228_164127_8238437210_600_800.png,/scratch/parceirosbr/bigoilict/share/BigOil/document_generator/datasets/documents_2021_12_28/18pabc_3cols_20211228_164127_8238437210_600_800.png,18pabc_3cols_20211228_164127_8238437210_600_800_mask.png,nan
65,5,131,10,399,165,530,175,399,165,530,165,530,175,399,175,sub_line_text,figure_legend,figure_0,courier,bold,9,18pabc_3cols_20211228_164127_8238437210_600_800.png,/scratch/parceirosbr/bigoilict/share/BigOil/document_generator/datasets/documents_2021_12_28/18pabc_3cols_20211228_164127_8238437210_600_800.png,18pabc_3cols_20211228_164127_8238437210_600_800_mask.png,Fig.  31:   Os modelos com
65,5,130,10,399,177,529,187,399,177,529,177,529,187,399,187,sub_line_text,figure_legend,figure_0,courier,bold,9,18pabc_3cols_20211228_164127_8238437210_600_800.png,/scratch/parceirosbr/bigoilict/share/BigOil/document_generator/datasets/documents_2021_12_28/18pabc_3cols_20211228_164127_8238437210_600_800.png,18pabc_3cols_20211228_164127_8238437210_600_800_mask.png,distribuição    log-Normal
65,5,130,10,399,189,529,199,399,189,529,189,529,199,399,199,sub_line_text,figure_legend,figure_0,courier,bold,9,18pabc_3cols_20211228_164127_8238437210_600_800.png,/scratch/parceirosbr/bigoilict/share/BigOil/document_generator/datasets/documents_2021_12_28/18pabc_3cols_20211228_164127_8238437210_600_800.png,18pabc_3cols_20211228_164127_8238437210_600_800_mask.png,foram   descartados  devi-
65,5,131,10,399,201,530,211,399,201,530,201,530,211,399,211,sub_line_text,figure_legend,figure_0,courier,bold,9,18pabc_3cols_20211228_164127_8238437210_600_800.png,/scratch/parceirosbr/bigoilict/share/BigOil/document_generator/datasets/documents_2021_12_28/18pabc_3cols_20211228_164127_8238437210_600_800.png,18pabc_3cols_20211228_164127_8238437210_600_800_mask.png,do   a   grande  diferença
65,5,130,10,399,213,529,223,399,213,529,213,529,223,399,223,sub_line_text,figure_legend,figure_0,courier,bold,9,18pabc_3cols_20211228_164127_8238437210_600_800.png,/scratch/parceirosbr/bigoilict/share/BigOil/document_generator/datasets/documents_2021_12_28/18pabc_3cols_20211228_164127_8238437210_600_800.png,18pabc_3cols_20211228_164127_8238437210_600_800_mask.png,entre  os  desvios e os g-
65,5,130,10,399,225,529,235,399,225,529,225,529,235,399,235,sub_line_text,figure_legend,figure_0,courier,bold,9,18pabc_3cols_20211228_164127_8238437210_600_800.png,/scratch/parceirosbr/bigoilict/share/BigOil/document_generator/datasets/documents_2021_12_28/18pabc_3cols_20211228_164127_8238437210_600_800.png,18pabc_3cols_20211228_164127_8238437210_600_800_mask.png,raus  de  liberdade  calc-
53,5,106,10,399,237,505,247,399,237,505,237,505,247,399,247,sub_line_text,figure_legend,figure_0,courier,bold,9,18pabc_3cols_20211228_164127_8238437210_600_800.png,/scratch/parceirosbr/bigoilict/share/BigOil/document_generator/datasets/documents_2021_12_28/18pabc_3cols_20211228_164127_8238437210_600_800.png,18pabc_3cols_20211228_164127_8238437210_600_800_mask.png,"ulados, indicando uma"
65,41,131,82,399,165,530,247,399,165,530,165,530,247,399,247,text,figure_legend,figure_0,courier,bold,9,18pabc_3cols_20211228_164127_8238437210_600_800.png,/scratch/parceirosbr/bigoilict/share/BigOil/document_generator/datasets/documents_2021_12_28/18pabc_3cols_20211228_164127_8238437210_600_800.png,18pabc_3cols_20211228_164127_8238437210_600_800_mask.png,nan
77,55,155,110,399,252,554,362,399,252,554,252,554,362,399,362,image,figure_image,figure_0,,,,18pabc_3cols_20211228_164127_8238437210_600_800.png,/scratch/parceirosbr/bigoilict/share/BigOil/document_generator/datasets/documents_2021_12_28/18pabc_3cols_20211228_164127_8238437210_600_800.png,18pabc_3cols_20211228_164127_8238437210_600_800_mask.png,output/gen_img_20211228_164132_6840348728.png
4,1,8,2,537,356,545,358,537,356,545,356,545,358,537,358,text,figure_text,figure_0,,,,18pabc_3cols_20211228_164127_8238437210_600_800.png,/scratch/parceirosbr/bigoilict/share/BigOil/document_generator/datasets/documents_2021_12_28/18pabc_3cols_20211228_164127_8238437210_600_800.png,18pabc_3cols_20211228_164127_8238437210_600_800_mask.png,69.95%
4,1,8,2,537,356,545,358,537,356,545,356,545,358,537,358,sub_line_text,figure_text,figure_0,,,,18pabc_3cols_20211228_164127_8238437210_600_800.png,/scratch/parceirosbr/bigoilict/share/BigOil/document_generator/datasets/documents_2021_12_28/18pabc_3cols_20211228_164127_8238437210_600_800.png,18pabc_3cols_20211228_164127_8238437210_600_800_mask.png,69.95%
5,1,10,3,503,296,513,299,503,297,513,296,513,299,503,299,text,figure_text,figure_0,,,,18pabc_3cols_20211228_164127_8238437210_600_800.png,/scratch/parceirosbr/bigoilict/share/BigOil/document_generator/datasets/documents_2021_12_28/18pabc_3cols_20211228_164127_8238437210_600_800.png,18pabc_3cols_20211228_164127_8238437210_600_800_mask.png,Contents
5,1,10,3,503,296,513,299,503,297,513,296,513,299,503,299,sub_line_text,figure_text,figure_0,,,,18pabc_3cols_20211228_164127_8238437210_600_800.png,/scratch/parceirosbr/bigoilict/share/BigOil/document_generator/datasets/documents_2021_12_28/18pabc_3cols_20211228_164127_8238437210_600_800.png,18pabc_3cols_20211228_164127_8238437210_600_800_mask.png,Contents
5,1,10,2,499,284,509,286,499,283,509,284,509,286,499,286,text,figure_text,figure_0,,,,18pabc_3cols_20211228_164127_8238437210_600_800.png,/scratch/parceirosbr/bigoilict/share/BigOil/document_generator/datasets/documents_2021_12_28/18pabc_3cols_20211228_164127_8238437210_600_800.png,18pabc_3cols_20211228_164127_8238437210_600_800_mask.png,Rotation
5,1,10,2,499,284,509,286,499,283,509,284,509,286,499,286,sub_line_text,figure_text,figure_0,,,,18pabc_3cols_20211228_164127_8238437210_600_800.png,/scratch/parceirosbr/bigoilict/share/BigOil/document_generator/datasets/documents_2021_12_28/18pabc_3cols_20211228_164127_8238437210_600_800.png,18pabc_3cols_20211228_164127_8238437210_600_800_mask.png,Rotation
6,2,12,4,480,286,492,290,480,287,492,286,492,290,480,290,text,figure_text,figure_0,,,,18pabc_3cols_20211228_164127_8238437210_600_800.png,/scratch/parceirosbr/bigoilict/share/BigOil/document_generator/datasets/documents_2021_12_28/18pabc_3cols_20211228_164127_8238437210_600_800.png,18pabc_3cols_20211228_164127_8238437210_600_800_mask.png,Water (ML)
6,2,12,4,480,286,492,290,480,287,492,286,492,290,480,290,sub_line_text,figure_text,figure_0,,,,18pabc_3cols_20211228_164127_8238437210_600_800.png,/scratch/parceirosbr/bigoilict/share/BigOil/document_generator/datasets/documents_2021_12_28/18pabc_3cols_20211228_164127_8238437210_600_800.png,18pabc_3cols_20211228_164127_8238437210_600_800_mask.png,Water (ML)
3,0,7,1,518,316,525,317,518,314,526,316,525,318,517,317,text,figure_text,figure_0,,,,18pabc_3cols_20211228_164127_8238437210_600_800.png,/scratch/parceirosbr/bigoilict/share/BigOil/document_generator/datasets/documents_2021_12_28/18pabc_3cols_20211228_164127_8238437210_600_800.png,18pabc_3cols_20211228_164127_8238437210_600_800_mask.png,-3361.1
3,0,7,1,518,316,525,317,518,314,526,316,525,318,517,317,sub_line_text,figure_text,figure_0,,,,18pabc_3cols_20211228_164127_8238437210_600_800.png,/scratch/parceirosbr/bigoilict/share/BigOil/document_generator/datasets/documents_2021_12_28/18pabc_3cols_20211228_164127_8238437210_600_800.png,18pabc_3cols_20211228_164127_8238437210_600_800_mask.png,-3361.1
10,1,20,3,433,307,453,310,433,307,452,307,453,310,433,310,text,figure_text,figure_0,,,,18pabc_3cols_20211228_164127_8238437210_600_800.png,/scratch/parceirosbr/bigoilict/share/BigOil/document_generator/datasets/documents_2021_12_28/18pabc_3cols_20211228_164127_8238437210_600_800.png,18pabc_3cols_20211228_164127_8238437210_600_800_mask.png,Temperature [ºC]
10,1,20,3,433,307,453,310,433,307,452,307,453,310,433,310,sub_line_text,figure_text,figure_0,,,,18pabc_3cols_20211228_164127_8238437210_600_800.png,/scratch/parceirosbr/bigoilict/share/BigOil/document_generator/datasets/documents_2021_12_28/18pabc_3cols_20211228_164127_8238437210_600_800.png,18pabc_3cols_20211228_164127_8238437210_600_800_mask.png,Temperature [ºC]
4,1,8,3,528,254,536,257,528,254,536,254,536,257,528,257,text,figure_text,figure_0,,,,18pabc_3cols_20211228_164127_8238437210_600_800.png,/scratch/parceirosbr/bigoilict/share/BigOil/document_generator/datasets/documents_2021_12_28/18pabc_3cols_20211228_164127_8238437210_600_800.png,18pabc_3cols_20211228_164127_8238437210_600_800_mask.png,-8537%
4,1,8,3,528,254,536,257,528,254,536,254,536,257,528,257,sub_line_text,figure_text,figure_0,,,,18pabc_3cols_20211228_164127_8238437210_600_800.png,/scratch/parceirosbr/bigoilict/share/BigOil/document_generator/datasets/documents_2021_12_28/18pabc_3cols_20211228_164127_8238437210_600_800.png,18pabc_3cols_20211228_164127_8238437210_600_800_mask.png,-8537%
5,2,10,4,505,329,515,333,505,330,515,329,515,332,505,333,text,figure_text,figure_0,,,,18pabc_3cols_20211228_164127_8238437210_600_800.png,/scratch/parceirosbr/bigoilict/share/BigOil/document_generator/datasets/documents_2021_12_28/18pabc_3cols_20211228_164127_8238437210_600_800.png,18pabc_3cols_20211228_164127_8238437210_600_800_mask.png,Pressure
5,2,10,4,505,329,515,333,505,330,515,329,515,332,505,333,sub_line_text,figure_text,figure_0,,,,18pabc_3cols_20211228_164127_8238437210_600_800.png,/scratch/parceirosbr/bigoilict/share/BigOil/document_generator/datasets/documents_2021_12_28/18pabc_3cols_20211228_164127_8238437210_600_800.png,18pabc_3cols_20211228_164127_8238437210_600_800_mask.png,Pressure
3,2,6,4,458,280,464,284,458,281,464,280,464,283,458,284,text,figure_text,figure_0,,,,18pabc_3cols_20211228_164127_8238437210_600_800.png,/scratch/parceirosbr/bigoilict/share/BigOil/document_generator/datasets/documents_2021_12_28/18pabc_3cols_20211228_164127_8238437210_600_800.png,18pabc_3cols_20211228_164127_8238437210_600_800_mask.png,Unity
3,2,6,4,458,280,464,284,458,281,464,280,464,283,458,284,sub_line_text,figure_text,figure_0,,,,18pabc_3cols_20211228_164127_8238437210_600_800.png,/scratch/parceirosbr/bigoilict/share/BigOil/document_generator/datasets/documents_2021_12_28/18pabc_3cols_20211228_164127_8238437210_600_800.png,18pabc_3cols_20211228_164127_8238437210_600_800_mask.png,Unity
5,2,11,4,531,320,542,324,531,322,542,320,542,323,531,324,text,figure_text,figure_0,,,,18pabc_3cols_20211228_164127_8238437210_600_800.png,/scratch/parceirosbr/bigoilict/share/BigOil/document_generator/datasets/documents_2021_12_28/18pabc_3cols_20211228_164127_8238437210_600_800.png,18pabc_3cols_20211228_164127_8238437210_600_800_mask.png,-3401.22%
5,2,11,4,531,320,542,324,531,322,542,320,542,323,531,324,sub_line_text,figure_text,figure_0,,,,18pabc_3cols_20211228_164127_8238437210_600_800.png,/scratch/parceirosbr/bigoilict/share/BigOil/document_generator/datasets/documents_2021_12_28/18pabc_3cols_20211228_164127_8238437210_600_800.png,18pabc_3cols_20211228_164127_8238437210_600_800_mask.png,-3401.22%
5,2,10,5,496,323,506,328,496,325,505,323,506,326,497,328,text,figure_text,figure_0,,,,18pabc_3cols_20211228_164127_8238437210_600_800.png,/scratch/parceirosbr/bigoilict/share/BigOil/document_generator/datasets/documents_2021_12_28/18pabc_3cols_20211228_164127_8238437210_600_800.png,18pabc_3cols_20211228_164127_8238437210_600_800_mask.png,-4260.55
5,2,10,5,496,323,506,328,496,325,505,323,506,326,497,328,sub_line_text,figure_text,figure_0,,,,18pabc_3cols_20211228_164127_8238437210_600_800.png,/scratch/parceirosbr/bigoilict/share/BigOil/document_generator/datasets/documents_2021_12_28/18pabc_3cols_20211228_164127_8238437210_600_800.png,18pabc_3cols_20211228_164127_8238437210_600_800_mask.png,-4260.55
3,1,7,2,456,305,463,307,456,304,464,305,463,308,455,307,text,figure_text,figure_0,,,,18pabc_3cols_20211228_164127_8238437210_600_800.png,/scratch/parceirosbr/bigoilict/share/BigOil/document_generator/datasets/documents_2021_12_28/18pabc_3cols_20211228_164127_8238437210_600_800.png,18pabc_3cols_20211228_164127_8238437210_600_800_mask.png,-9430.9
3,1,7,2,456,305,463,307,456,304,464,305,463,308,455,307,sub_line_text,figure_text,figure_0,,,,18pabc_3cols_20211228_164127_8238437210_600_800.png,/scratch/parceirosbr/bigoilict/share/BigOil/document_generator/datasets/documents_2021_12_28/18pabc_3cols_20211228_164127_8238437210_600_800.png,18pabc_3cols_20211228_164127_8238437210_600_800_mask.png,-9430.9
6,2,12,4,467,285,479,289,467,286,478,285,479,288,467,289,text,figure_text,figure_0,,,,18pabc_3cols_20211228_164127_8238437210_600_800.png,/scratch/parceirosbr/bigoilict/share/BigOil/document_generator/datasets/documents_2021_12_28/18pabc_3cols_20211228_164127_8238437210_600_800.png,18pabc_3cols_20211228_164127_8238437210_600_800_mask.png,Level [kw]
6,2,12,4,467,285,479,289,467,286,478,285,479,288,467,289,sub_line_text,figure_text,figure_0,,,,18pabc_3cols_20211228_164127_8238437210_600_800.png,/scratch/parceirosbr/bigoilict/share/BigOil/document_generator/datasets/documents_2021_12_28/18pabc_3cols_20211228_164127_8238437210_600_800.png,18pabc_3cols_20211228_164127_8238437210_600_800_mask.png,Level [kw]
4,2,8,4,453,293,461,297,453,294,461,293,461,296,453,297,text,figure_text,figure_0,,,,18pabc_3cols_20211228_164127_8238437210_600_800.png,/scratch/parceirosbr/bigoilict/share/BigOil/document_generator/datasets/documents_2021_12_28/18pabc_3cols_20211228_164127_8238437210_600_800.png,18pabc_3cols_20211228_164127_8238437210_600_800_mask.png,-5766.7
4,2,8,4,453,293,461,297,453,294,461,293,461,296,453,297,sub_line_text,figure_text,figure_0,,,,18pabc_3cols_20211228_164127_8238437210_600_800.png,/scratch/parceirosbr/bigoilict/share/BigOil/document_generator/datasets/documents_2021_12_28/18pabc_3cols_20211228_164127_8238437210_600_800.png,18pabc_3cols_20211228_164127_8238437210_600_800_mask.png,-5766.7
3,1,6,3,439,330,445,333,439,330,445,330,445,332,439,333,text,figure_text,figure_0,,,,18pabc_3cols_20211228_164127_8238437210_600_800.png,/scratch/parceirosbr/bigoilict/share/BigOil/document_generator/datasets/documents_2021_12_28/18pabc_3cols_20211228_164127_8238437210_600_800.png,18pabc_3cols_20211228_164127_8238437210_600_800_mask.png,-5594
3,1,6,3,439,330,445,333,439,330,445,330,445,332,439,333,sub_line_text,figure_text,figure_0,,,,18pabc_3cols_20211228_164127_8238437210_600_800.png,/scratch/parceirosbr/bigoilict/share/BigOil/document_generator/datasets/documents_2021_12_28/18pabc_3cols_20211228_164127_8238437210_600_800.png,18pabc_3cols_20211228_164127_8238437210_600_800_mask.png,-5594
51,5,102,11,441,366,543,377,441,366,543,366,543,377,441,377,sub_line_text,text,text_7,courier,regular,10,18pabc_3cols_20211228_164127_8238437210_600_800.png,/scratch/parceirosbr/bigoilict/share/BigOil/document_generator/datasets/documents_2021_12_28/18pabc_3cols_20211228_164127_8238437210_600_800.png,18pabc_3cols_20211228_164127_8238437210_600_800_mask.png,This  increase in
75,5,150,11,399,380,549,391,399,380,549,380,549,391,399,391,sub_line_text,text,text_7,courier,regular,10,18pabc_3cols_20211228_164127_8238437210_600_800.png,/scratch/parceirosbr/bigoilict/share/BigOil/document_generator/datasets/documents_2021_12_28/18pabc_3cols_20211228_164127_8238437210_600_800.png,18pabc_3cols_20211228_164127_8238437210_600_800_mask.png,vehicle  movement may ge-
75,5,150,11,399,394,549,405,399,394,549,394,549,405,399,405,sub_line_text,text,text_7,courier,regular,10,18pabc_3cols_20211228_164127_8238437210_600_800.png,/scratch/parceirosbr/bigoilict/share/BigOil/document_generator/datasets/documents_2021_12_28/18pabc_3cols_20211228_164127_8238437210_600_800.png,18pabc_3cols_20211228_164127_8238437210_600_800_mask.png,nerate  emissions from v-
72,5,144,11,399,408,543,419,399,408,543,408,543,419,399,419,sub_line_text,text,text_7,courier,regular,10,18pabc_3cols_20211228_164127_8238437210_600_800.png,/scratch/parceirosbr/bigoilict/share/BigOil/document_generator/datasets/documents_2021_12_28/18pabc_3cols_20211228_164127_8238437210_600_800.png,18pabc_3cols_20211228_164127_8238437210_600_800_mask.png,ehicles  alongside local
75,5,150,11,399,422,549,433,399,422,549,422,549,433,399,433,sub_line_text,text,text_7,courier,regular,10,18pabc_3cols_20211228_164127_8238437210_600_800.png,/scratch/parceirosbr/bigoilict/share/BigOil/document_generator/datasets/documents_2021_12_28/18pabc_3cols_20211228_164127_8238437210_600_800.png,18pabc_3cols_20211228_164127_8238437210_600_800_mask.png,transport  networks with-
72,5,144,11,399,436,543,447,399,436,543,436,543,447,399,447,sub_line_text,text,text_7,courier,regular,10,18pabc_3cols_20211228_164127_8238437210_600_800.png,/scratch/parceirosbr/bigoilict/share/BigOil/document_generator/datasets/documents_2021_12_28/18pabc_3cols_20211228_164127_8238437210_600_800.png,18pabc_3cols_20211228_164127_8238437210_600_800_mask.png,"in  rural  areas. Paulo,"
75,5,150,11,399,450,549,461,399,450,549,450,549,461,399,461,sub_line_text,text,text_7,courier,regular,10,18pabc_3cols_20211228_164127_8238437210_600_800.png,/scratch/parceirosbr/bigoilict/share/BigOil/document_generator/datasets/documents_2021_12_28/18pabc_3cols_20211228_164127_8238437210_600_800.png,18pabc_3cols_20211228_164127_8238437210_600_800_mask.png,além  da própria 8 afirm-
72,5,144,11,399,464,543,475,399,464,543,464,543,475,399,475,sub_line_text,text,text_7,courier,regular,10,18pabc_3cols_20211228_164127_8238437210_600_800.png,/scratch/parceirosbr/bigoilict/share/BigOil/document_generator/datasets/documents_2021_12_28/18pabc_3cols_20211228_164127_8238437210_600_800.png,18pabc_3cols_20211228_164127_8238437210_600_800_mask.png,ação  não conflita com a
75,5,150,11,399,478,549,489,399,478,549,478,549,489,399,489,sub_line_text,text,text_7,courier,regular,10,18pabc_3cols_20211228_164127_8238437210_600_800.png,/scratch/parceirosbr/bigoilict/share/BigOil/document_generator/datasets/documents_2021_12_28/18pabc_3cols_20211228_164127_8238437210_600_800.png,18pabc_3cols_20211228_164127_8238437210_600_800_mask.png,necessidade  do órgão re-
72,5,144,11,399,492,543,503,399,492,543,492,543,503,399,503,sub_line_text,text,text_7,courier,regular,10,18pabc_3cols_20211228_164127_8238437210_600_800.png,/scratch/parceirosbr/bigoilict/share/BigOil/document_generator/datasets/documents_2021_12_28/18pabc_3cols_20211228_164127_8238437210_600_800.png,18pabc_3cols_20211228_164127_8238437210_600_800_mask.png,gulador conhecer profun.
75,68,150,137,399,366,549,503,399,366,549,366,549,503,399,503,text,text,text_7,courier,regular,10,18pabc_3cols_20211228_164127_8238437210_600_800.png,/scratch/parceirosbr/bigoilict/share/BigOil/document_generator/datasets/documents_2021_12_28/18pabc_3cols_20211228_164127_8238437210_600_800.png,18pabc_3cols_20211228_164127_8238437210_600_800_mask.png,nan
51,5,102,11,441,507,543,518,441,507,543,507,543,518,441,518,sub_line_text,text,text_8,courier,regular,10,18pabc_3cols_20211228_164127_8238437210_600_800.png,/scratch/parceirosbr/bigoilict/share/BigOil/document_generator/datasets/documents_2021_12_28/18pabc_3cols_20211228_164127_8238437210_600_800.png,18pabc_3cols_20211228_164127_8238437210_600_800_mask.png,Diversos   grupos
75,5,150,11,399,521,549,532,399,521,549,521,549,532,399,532,sub_line_text,text,text_8,courier,regular,10,18pabc_3cols_20211228_164127_8238437210_600_800.png,/scratch/parceirosbr/bigoilict/share/BigOil/document_generator/datasets/documents_2021_12_28/18pabc_3cols_20211228_164127_8238437210_600_800.png,18pabc_3cols_20211228_164127_8238437210_600_800_mask.png,de  microrganismos vêm s-
75,5,150,11,399,535,549,546,399,535,549,535,549,546,399,546,sub_line_text,text,text_8,courier,regular,10,18pabc_3cols_20211228_164127_8238437210_600_800.png,/scratch/parceirosbr/bigoilict/share/BigOil/document_generator/datasets/documents_2021_12_28/18pabc_3cols_20211228_164127_8238437210_600_800.png,18pabc_3cols_20211228_164127_8238437210_600_800_mask.png,endo  estudados nos proc-
72,5,144,11,399,549,543,560,399,549,543,549,543,560,399,560,sub_line_text,text,text_8,courier,regular,10,18pabc_3cols_20211228_164127_8238437210_600_800.png,/scratch/parceirosbr/bigoilict/share/BigOil/document_generator/datasets/documents_2021_12_28/18pabc_3cols_20211228_164127_8238437210_600_800.png,18pabc_3cols_20211228_164127_8238437210_600_800_mask.png,essos  de  biodegradação
75,5,150,11,399,563,549,574,399,563,549,563,549,574,399,574,sub_line_text,text,text_8,courier,regular,10,18pabc_3cols_20211228_164127_8238437210_600_800.png,/scratch/parceirosbr/bigoilict/share/BigOil/document_generator/datasets/documents_2021_12_28/18pabc_3cols_20211228_164127_8238437210_600_800.png,18pabc_3cols_20211228_164127_8238437210_600_800_mask.png,"de  fenol, por conseguir-"
72,5,144,11,399,577,543,588,399,577,543,577,543,588,399,588,sub_line_text,text,text_8,courier,regular,10,18pabc_3cols_20211228_164127_8238437210_600_800.png,/scratch/parceirosbr/bigoilict/share/BigOil/document_generator/datasets/documents_2021_12_28/18pabc_3cols_20211228_164127_8238437210_600_800.png,18pabc_3cols_20211228_164127_8238437210_600_800_mask.png,em  utilizar  uma grande
72,5,144,11,399,591,543,602,399,591,543,591,543,602,399,602,sub_line_text,text,text_8,courier,regular,10,18pabc_3cols_20211228_164127_8238437210_600_800.png,/scratch/parceirosbr/bigoilict/share/BigOil/document_generator/datasets/documents_2021_12_28/18pabc_3cols_20211228_164127_8238437210_600_800.png,18pabc_3cols_20211228_164127_8238437210_600_800_mask.png,variedade  de  compostos
72,5,144,11,399,605,543,616,399,605,543,605,543,616,399,616,sub_line_text,text,text_8,courier,regular,10,18pabc_3cols_20211228_164127_8238437210_600_800.png,/scratch/parceirosbr/bigoilict/share/BigOil/document_generator/datasets/documents_2021_12_28/18pabc_3cols_20211228_164127_8238437210_600_800.png,18pabc_3cols_20211228_164127_8238437210_600_800_mask.png,orgânicos  como fonte de
75,5,150,11,399,619,549,630,399,619,549,619,549,630,399,630,sub_line_text,text,text_8,courier,regular,10,18pabc_3cols_20211228_164127_8238437210_600_800.png,/scratch/parceirosbr/bigoilict/share/BigOil/document_generator/datasets/documents_2021_12_28/18pabc_3cols_20211228_164127_8238437210_600_800.png,18pabc_3cols_20211228_164127_8238437210_600_800_mask.png,carbono  e energia. Um d-
75,5,150,11,399,633,549,644,399,633,549,633,549,644,399,644,sub_line_text,text,text_8,courier,regular,10,18pabc_3cols_20211228_164127_8238437210_600_800.png,/scratch/parceirosbr/bigoilict/share/BigOil/document_generator/datasets/documents_2021_12_28/18pabc_3cols_20211228_164127_8238437210_600_800.png,18pabc_3cols_20211228_164127_8238437210_600_800_mask.png,os  primeiros trabalhos a
75,5,150,11,399,647,549,658,399,647,549,647,549,658,399,658,sub_line_text,text,text_8,courier,regular,10,18pabc_3cols_20211228_164127_8238437210_600_800.png,/scratch/parceirosbr/bigoilict/share/BigOil/document_generator/datasets/documents_2021_12_28/18pabc_3cols_20211228_164127_8238437210_600_800.png,18pabc_3cols_20211228_164127_8238437210_600_800_mask.png,respeito da flambagem de.
75,75,150,151,399,507,549,658,399,507,549,507,549,658,399,658,text,text,text_8,courier,regular,10,18pabc_3cols_20211228_164127_8238437210_600_800.png,/scratch/parceirosbr/bigoilict/share/BigOil/document_generator/datasets/documents_2021_12_28/18pabc_3cols_20211228_164127_8238437210_600_800.png,18pabc_3cols_20211228_164127_8238437210_600_800_mask.png,nan
54,5,108,11,441,662,549,673,441,662,549,662,549,673,441,673,sub_line_text,text,text_9,courier,regular,10,18pabc_3cols_20211228_164127_8238437210_600_800.png,/scratch/parceirosbr/bigoilict/share/BigOil/document_generator/datasets/documents_2021_12_28/18pabc_3cols_20211228_164127_8238437210_600_800.png,18pabc_3cols_20211228_164127_8238437210_600_800_mask.png,Uma  outra hipóte-
72,5,144,11,399,676,543,687,399,676,543,676,543,687,399,687,sub_line_text,text,text_9,courier,regular,10,18pabc_3cols_20211228_164127_8238437210_600_800.png,/scratch/parceirosbr/bigoilict/share/BigOil/document_generator/datasets/documents_2021_12_28/18pabc_3cols_20211228_164127_8238437210_600_800.png,18pabc_3cols_20211228_164127_8238437210_600_800_mask.png,se é a existência de ca.
75,12,150,25,399,662,549,687,399,662,549,662,549,687,399,687,text,text,text_9,courier,regular,10,18pabc_3cols_20211228_164127_8238437210_600_800.png,/scratch/parceirosbr/bigoilict/share/BigOil/document_generator/datasets/documents_2021_12_28/18pabc_3cols_20211228_164127_8238437210_600_800.png,18pabc_3cols_20211228_164127_8238437210_600_800_mask.png,nan
