center_x,center_y,width,height,xmin,ymin,xmax,ymax,top_left_x,top_left_y,top_right_x,top_right_y,bottom_right_x,bottom_right_y,bottom_left_x,bottom_left_y,label,grouplabel,group,text_font,text_style,size_font,filename,path,filename_mask,content
300,400,600,800,0,0,600,800,0,0,600,0,600,800,0,800,document,,,,,,18pabc_3cols_20211228_164127_4674755895_600_800.png,/scratch/parceirosbr/bigoilict/share/BigOil/document_generator/datasets/documents_2021_12_28/18pabc_3cols_20211228_164127_4674755895_600_800.png,18pabc_3cols_20211228_164127_4674755895_600_800_mask.png,
130,3,261,7,66,52,327,59,66,52,327,52,327,59,66,59,sub_line_text,figure_legend,figure_0,raleway,italic,6,18pabc_3cols_20211228_164127_4674755895_600_800.png,/scratch/parceirosbr/bigoilict/share/BigOil/document_generator/datasets/documents_2021_12_28/18pabc_3cols_20211228_164127_4674755895_600_800.png,18pabc_3cols_20211228_164127_4674755895_600_800_mask.png,Figura    58:        Portugal    procurou    desenhar    um   mercado   de   mobilidade   eléctrica
130,3,261,7,66,62,327,69,66,62,327,62,327,69,66,69,sub_line_text,figure_legend,figure_0,raleway,italic,6,18pabc_3cols_20211228_164127_4674755895_600_800.png,/scratch/parceirosbr/bigoilict/share/BigOil/document_generator/datasets/documents_2021_12_28/18pabc_3cols_20211228_164127_4674755895_600_800.png,18pabc_3cols_20211228_164127_4674755895_600_800_mask.png,"estruturado    e    concorrencial,    orientado   para   os   utilizadores   com   base   em   princ-"
130,3,261,7,66,72,327,79,66,72,327,72,327,79,66,79,sub_line_text,figure_legend,figure_0,raleway,italic,6,18pabc_3cols_20211228_164127_4674755895_600_800.png,/scratch/parceirosbr/bigoilict/share/BigOil/document_generator/datasets/documents_2021_12_28/18pabc_3cols_20211228_164127_4674755895_600_800.png,18pabc_3cols_20211228_164127_4674755895_600_800_mask.png,"ípios    de    interoperabilidade    e    livre   acesso,   explorando   a   liberalização   no   ace-"
46,3,93,7,66,82,159,89,66,82,159,82,159,89,66,89,sub_line_text,figure_legend,figure_0,raleway,italic,6,18pabc_3cols_20211228_164127_4674755895_600_800.png,/scratch/parceirosbr/bigoilict/share/BigOil/document_generator/datasets/documents_2021_12_28/18pabc_3cols_20211228_164127_4674755895_600_800.png,18pabc_3cols_20211228_164127_4674755895_600_800_mask.png,sso à energia e a tendência para
130,18,261,37,66,52,327,89,66,52,327,52,327,89,66,89,text,figure_legend,figure_0,raleway,italic,6,18pabc_3cols_20211228_164127_4674755895_600_800.png,/scratch/parceirosbr/bigoilict/share/BigOil/document_generator/datasets/documents_2021_12_28/18pabc_3cols_20211228_164127_4674755895_600_800.png,18pabc_3cols_20211228_164127_4674755895_600_800_mask.png,nan
82,98,164,197,144,94,308,291,144,94,308,94,308,291,144,291,image,figure_image,figure_0,,,,18pabc_3cols_20211228_164127_4674755895_600_800.png,/scratch/parceirosbr/bigoilict/share/BigOil/document_generator/datasets/documents_2021_12_28/18pabc_3cols_20211228_164127_4674755895_600_800.png,18pabc_3cols_20211228_164127_4674755895_600_800_mask.png,output/gen_img_20211228_164127_7502117893.png
15,3,31,7,209,229,240,236,209,228,240,229,240,237,208,236,text,figure_text,figure_0,,,,18pabc_3cols_20211228_164127_4674755895_600_800.png,/scratch/parceirosbr/bigoilict/share/BigOil/document_generator/datasets/documents_2021_12_28/18pabc_3cols_20211228_164127_4674755895_600_800.png,18pabc_3cols_20211228_164127_4674755895_600_800_mask.png,-3208.469
15,3,31,7,209,229,240,236,209,228,240,229,240,237,208,236,sub_line_text,figure_text,figure_0,,,,18pabc_3cols_20211228_164127_4674755895_600_800.png,/scratch/parceirosbr/bigoilict/share/BigOil/document_generator/datasets/documents_2021_12_28/18pabc_3cols_20211228_164127_4674755895_600_800.png,18pabc_3cols_20211228_164127_4674755895_600_800_mask.png,-3208.469
15,4,30,8,238,157,268,165,238,157,268,157,268,164,238,165,text,figure_text,figure_0,,,,18pabc_3cols_20211228_164127_4674755895_600_800.png,/scratch/parceirosbr/bigoilict/share/BigOil/document_generator/datasets/documents_2021_12_28/18pabc_3cols_20211228_164127_4674755895_600_800.png,18pabc_3cols_20211228_164127_4674755895_600_800_mask.png,-8486.452
15,4,30,8,238,157,268,165,238,157,268,157,268,164,238,165,sub_line_text,figure_text,figure_0,,,,18pabc_3cols_20211228_164127_4674755895_600_800.png,/scratch/parceirosbr/bigoilict/share/BigOil/document_generator/datasets/documents_2021_12_28/18pabc_3cols_20211228_164127_4674755895_600_800.png,18pabc_3cols_20211228_164127_4674755895_600_800_mask.png,-8486.452
6,3,12,7,288,103,300,110,288,103,300,103,300,110,288,110,text,figure_text,figure_0,,,,18pabc_3cols_20211228_164127_4674755895_600_800.png,/scratch/parceirosbr/bigoilict/share/BigOil/document_generator/datasets/documents_2021_12_28/18pabc_3cols_20211228_164127_4674755895_600_800.png,18pabc_3cols_20211228_164127_4674755895_600_800_mask.png,42.4
6,3,12,7,288,103,300,110,288,103,300,103,300,110,288,110,sub_line_text,figure_text,figure_0,,,,18pabc_3cols_20211228_164127_4674755895_600_800.png,/scratch/parceirosbr/bigoilict/share/BigOil/document_generator/datasets/documents_2021_12_28/18pabc_3cols_20211228_164127_4674755895_600_800.png,18pabc_3cols_20211228_164127_4674755895_600_800_mask.png,42.4
12,4,24,8,241,167,265,175,241,167,265,167,265,175,241,175,text,figure_text,figure_0,,,,18pabc_3cols_20211228_164127_4674755895_600_800.png,/scratch/parceirosbr/bigoilict/share/BigOil/document_generator/datasets/documents_2021_12_28/18pabc_3cols_20211228_164127_4674755895_600_800.png,18pabc_3cols_20211228_164127_4674755895_600_800_mask.png,-939.5%
12,4,24,8,241,167,265,175,241,167,265,167,265,175,241,175,sub_line_text,figure_text,figure_0,,,,18pabc_3cols_20211228_164127_4674755895_600_800.png,/scratch/parceirosbr/bigoilict/share/BigOil/document_generator/datasets/documents_2021_12_28/18pabc_3cols_20211228_164127_4674755895_600_800.png,18pabc_3cols_20211228_164127_4674755895_600_800_mask.png,-939.5%
29,5,58,11,185,105,243,116,185,108,242,105,243,113,185,116,text,figure_text,figure_0,,,,18pabc_3cols_20211228_164127_4674755895_600_800.png,/scratch/parceirosbr/bigoilict/share/BigOil/document_generator/datasets/documents_2021_12_28/18pabc_3cols_20211228_164127_4674755895_600_800.png,18pabc_3cols_20211228_164127_4674755895_600_800_mask.png,Consumption (KB)
29,5,58,11,185,105,243,116,185,108,242,105,243,113,185,116,sub_line_text,figure_text,figure_0,,,,18pabc_3cols_20211228_164127_4674755895_600_800.png,/scratch/parceirosbr/bigoilict/share/BigOil/document_generator/datasets/documents_2021_12_28/18pabc_3cols_20211228_164127_4674755895_600_800.png,18pabc_3cols_20211228_164127_4674755895_600_800_mask.png,Consumption (KB)
14,3,28,7,202,267,230,274,202,267,230,267,230,274,202,274,text,figure_text,figure_0,,,,18pabc_3cols_20211228_164127_4674755895_600_800.png,/scratch/parceirosbr/bigoilict/share/BigOil/document_generator/datasets/documents_2021_12_28/18pabc_3cols_20211228_164127_4674755895_600_800.png,18pabc_3cols_20211228_164127_4674755895_600_800_mask.png,-6106.4%
14,3,28,7,202,267,230,274,202,267,230,267,230,274,202,274,sub_line_text,figure_text,figure_0,,,,18pabc_3cols_20211228_164127_4674755895_600_800.png,/scratch/parceirosbr/bigoilict/share/BigOil/document_generator/datasets/documents_2021_12_28/18pabc_3cols_20211228_164127_4674755895_600_800.png,18pabc_3cols_20211228_164127_4674755895_600_800_mask.png,-6106.4%
11,3,23,7,258,188,281,195,258,187,281,188,281,196,258,195,text,figure_text,figure_0,,,,18pabc_3cols_20211228_164127_4674755895_600_800.png,/scratch/parceirosbr/bigoilict/share/BigOil/document_generator/datasets/documents_2021_12_28/18pabc_3cols_20211228_164127_4674755895_600_800.png,18pabc_3cols_20211228_164127_4674755895_600_800_mask.png,-5786.4
11,3,23,7,258,188,281,195,258,187,281,188,281,196,258,195,sub_line_text,figure_text,figure_0,,,,18pabc_3cols_20211228_164127_4674755895_600_800.png,/scratch/parceirosbr/bigoilict/share/BigOil/document_generator/datasets/documents_2021_12_28/18pabc_3cols_20211228_164127_4674755895_600_800.png,18pabc_3cols_20211228_164127_4674755895_600_800_mask.png,-5786.4
8,3,17,7,204,246,221,253,204,245,221,246,221,253,203,253,text,figure_text,figure_0,,,,18pabc_3cols_20211228_164127_4674755895_600_800.png,/scratch/parceirosbr/bigoilict/share/BigOil/document_generator/datasets/documents_2021_12_28/18pabc_3cols_20211228_164127_4674755895_600_800.png,18pabc_3cols_20211228_164127_4674755895_600_800_mask.png,65.4%
8,3,17,7,204,246,221,253,204,245,221,246,221,253,203,253,sub_line_text,figure_text,figure_0,,,,18pabc_3cols_20211228_164127_4674755895_600_800.png,/scratch/parceirosbr/bigoilict/share/BigOil/document_generator/datasets/documents_2021_12_28/18pabc_3cols_20211228_164127_4674755895_600_800.png,18pabc_3cols_20211228_164127_4674755895_600_800_mask.png,65.4%
13,4,27,8,252,135,279,143,252,135,279,135,279,143,252,143,text,figure_text,figure_0,,,,18pabc_3cols_20211228_164127_4674755895_600_800.png,/scratch/parceirosbr/bigoilict/share/BigOil/document_generator/datasets/documents_2021_12_28/18pabc_3cols_20211228_164127_4674755895_600_800.png,18pabc_3cols_20211228_164127_4674755895_600_800_mask.png,-5631.68
13,4,27,8,252,135,279,143,252,135,279,135,279,143,252,143,sub_line_text,figure_text,figure_0,,,,18pabc_3cols_20211228_164127_4674755895_600_800.png,/scratch/parceirosbr/bigoilict/share/BigOil/document_generator/datasets/documents_2021_12_28/18pabc_3cols_20211228_164127_4674755895_600_800.png,18pabc_3cols_20211228_164127_4674755895_600_800_mask.png,-5631.68
15,3,31,7,252,115,283,122,252,115,283,115,283,123,252,122,text,figure_text,figure_0,,,,18pabc_3cols_20211228_164127_4674755895_600_800.png,/scratch/parceirosbr/bigoilict/share/BigOil/document_generator/datasets/documents_2021_12_28/18pabc_3cols_20211228_164127_4674755895_600_800.png,18pabc_3cols_20211228_164127_4674755895_600_800_mask.png,-6479.51%
15,3,31,7,252,115,283,122,252,115,283,115,283,123,252,122,sub_line_text,figure_text,figure_0,,,,18pabc_3cols_20211228_164127_4674755895_600_800.png,/scratch/parceirosbr/bigoilict/share/BigOil/document_generator/datasets/documents_2021_12_28/18pabc_3cols_20211228_164127_4674755895_600_800.png,18pabc_3cols_20211228_164127_4674755895_600_800_mask.png,-6479.51%
14,4,28,8,257,218,285,226,257,219,285,218,285,226,257,226,text,figure_text,figure_0,,,,18pabc_3cols_20211228_164127_4674755895_600_800.png,/scratch/parceirosbr/bigoilict/share/BigOil/document_generator/datasets/documents_2021_12_28/18pabc_3cols_20211228_164127_4674755895_600_800.png,18pabc_3cols_20211228_164127_4674755895_600_800_mask.png,-4482.3%
14,4,28,8,257,218,285,226,257,219,285,218,285,226,257,226,sub_line_text,figure_text,figure_0,,,,18pabc_3cols_20211228_164127_4674755895_600_800.png,/scratch/parceirosbr/bigoilict/share/BigOil/document_generator/datasets/documents_2021_12_28/18pabc_3cols_20211228_164127_4674755895_600_800.png,18pabc_3cols_20211228_164127_4674755895_600_800_mask.png,-4482.3%
9,4,18,8,189,214,207,222,189,214,207,214,207,222,189,222,text,figure_text,figure_0,,,,18pabc_3cols_20211228_164127_4674755895_600_800.png,/scratch/parceirosbr/bigoilict/share/BigOil/document_generator/datasets/documents_2021_12_28/18pabc_3cols_20211228_164127_4674755895_600_800.png,18pabc_3cols_20211228_164127_4674755895_600_800_mask.png,-3655
9,4,18,8,189,214,207,222,189,214,207,214,207,222,189,222,sub_line_text,figure_text,figure_0,,,,18pabc_3cols_20211228_164127_4674755895_600_800.png,/scratch/parceirosbr/bigoilict/share/BigOil/document_generator/datasets/documents_2021_12_28/18pabc_3cols_20211228_164127_4674755895_600_800.png,18pabc_3cols_20211228_164127_4674755895_600_800_mask.png,-3655
11,3,23,6,270,165,293,171,270,165,293,165,293,172,269,171,text,figure_text,figure_0,,,,18pabc_3cols_20211228_164127_4674755895_600_800.png,/scratch/parceirosbr/bigoilict/share/BigOil/document_generator/datasets/documents_2021_12_28/18pabc_3cols_20211228_164127_4674755895_600_800.png,18pabc_3cols_20211228_164127_4674755895_600_800_mask.png,-8166%
11,3,23,6,270,165,293,171,270,165,293,165,293,172,269,171,sub_line_text,figure_text,figure_0,,,,18pabc_3cols_20211228_164127_4674755895_600_800.png,/scratch/parceirosbr/bigoilict/share/BigOil/document_generator/datasets/documents_2021_12_28/18pabc_3cols_20211228_164127_4674755895_600_800.png,18pabc_3cols_20211228_164127_4674755895_600_800_mask.png,-8166%
18,3,37,6,252,209,289,215,252,208,289,209,289,217,252,215,text,figure_text,figure_0,,,,18pabc_3cols_20211228_164127_4674755895_600_800.png,/scratch/parceirosbr/bigoilict/share/BigOil/document_generator/datasets/documents_2021_12_28/18pabc_3cols_20211228_164127_4674755895_600_800.png,18pabc_3cols_20211228_164127_4674755895_600_800_mask.png,Services [N]
18,3,37,6,252,209,289,215,252,208,289,209,289,217,252,215,sub_line_text,figure_text,figure_0,,,,18pabc_3cols_20211228_164127_4674755895_600_800.png,/scratch/parceirosbr/bigoilict/share/BigOil/document_generator/datasets/documents_2021_12_28/18pabc_3cols_20211228_164127_4674755895_600_800.png,18pabc_3cols_20211228_164127_4674755895_600_800_mask.png,Services [N]
21,3,42,6,185,195,227,201,185,194,227,195,227,203,185,201,text,figure_text,figure_0,,,,18pabc_3cols_20211228_164127_4674755895_600_800.png,/scratch/parceirosbr/bigoilict/share/BigOil/document_generator/datasets/documents_2021_12_28/18pabc_3cols_20211228_164127_4674755895_600_800.png,18pabc_3cols_20211228_164127_4674755895_600_800_mask.png,Demand [MB]
21,3,42,6,185,195,227,201,185,194,227,195,227,203,185,201,sub_line_text,figure_text,figure_0,,,,18pabc_3cols_20211228_164127_4674755895_600_800.png,/scratch/parceirosbr/bigoilict/share/BigOil/document_generator/datasets/documents_2021_12_28/18pabc_3cols_20211228_164127_4674755895_600_800.png,18pabc_3cols_20211228_164127_4674755895_600_800_mask.png,Demand [MB]
11,3,22,6,201,170,223,176,201,169,223,170,223,177,201,176,text,figure_text,figure_0,,,,18pabc_3cols_20211228_164127_4674755895_600_800.png,/scratch/parceirosbr/bigoilict/share/BigOil/document_generator/datasets/documents_2021_12_28/18pabc_3cols_20211228_164127_4674755895_600_800.png,18pabc_3cols_20211228_164127_4674755895_600_800_mask.png,Detour
11,3,22,6,201,170,223,176,201,169,223,170,223,177,201,176,sub_line_text,figure_text,figure_0,,,,18pabc_3cols_20211228_164127_4674755895_600_800.png,/scratch/parceirosbr/bigoilict/share/BigOil/document_generator/datasets/documents_2021_12_28/18pabc_3cols_20211228_164127_4674755895_600_800.png,18pabc_3cols_20211228_164127_4674755895_600_800_mask.png,Detour
8,3,16,7,255,144,271,151,255,144,271,144,271,152,255,151,text,figure_text,figure_0,,,,18pabc_3cols_20211228_164127_4674755895_600_800.png,/scratch/parceirosbr/bigoilict/share/BigOil/document_generator/datasets/documents_2021_12_28/18pabc_3cols_20211228_164127_4674755895_600_800.png,18pabc_3cols_20211228_164127_4674755895_600_800_mask.png,365.2
8,3,16,7,255,144,271,151,255,144,271,144,271,152,255,151,sub_line_text,figure_text,figure_0,,,,18pabc_3cols_20211228_164127_4674755895_600_800.png,/scratch/parceirosbr/bigoilict/share/BigOil/document_generator/datasets/documents_2021_12_28/18pabc_3cols_20211228_164127_4674755895_600_800.png,18pabc_3cols_20211228_164127_4674755895_600_800_mask.png,365.2
14,3,28,7,275,156,303,163,275,156,303,156,303,163,275,163,text,figure_text,figure_0,,,,18pabc_3cols_20211228_164127_4674755895_600_800.png,/scratch/parceirosbr/bigoilict/share/BigOil/document_generator/datasets/documents_2021_12_28/18pabc_3cols_20211228_164127_4674755895_600_800.png,18pabc_3cols_20211228_164127_4674755895_600_800_mask.png,Level [kl]
14,3,28,7,275,156,303,163,275,156,303,156,303,163,275,163,sub_line_text,figure_text,figure_0,,,,18pabc_3cols_20211228_164127_4674755895_600_800.png,/scratch/parceirosbr/bigoilict/share/BigOil/document_generator/datasets/documents_2021_12_28/18pabc_3cols_20211228_164127_4674755895_600_800.png,18pabc_3cols_20211228_164127_4674755895_600_800_mask.png,Level [kl]
11,3,22,6,235,198,257,204,235,197,257,198,257,206,234,204,text,figure_text,figure_0,,,,18pabc_3cols_20211228_164127_4674755895_600_800.png,/scratch/parceirosbr/bigoilict/share/BigOil/document_generator/datasets/documents_2021_12_28/18pabc_3cols_20211228_164127_4674755895_600_800.png,18pabc_3cols_20211228_164127_4674755895_600_800_mask.png,-3784%
11,3,22,6,235,198,257,204,235,197,257,198,257,206,234,204,sub_line_text,figure_text,figure_0,,,,18pabc_3cols_20211228_164127_4674755895_600_800.png,/scratch/parceirosbr/bigoilict/share/BigOil/document_generator/datasets/documents_2021_12_28/18pabc_3cols_20211228_164127_4674755895_600_800.png,18pabc_3cols_20211228_164127_4674755895_600_800_mask.png,-3784%
11,4,23,8,259,247,282,255,259,248,282,247,282,255,259,255,text,figure_text,figure_0,,,,18pabc_3cols_20211228_164127_4674755895_600_800.png,/scratch/parceirosbr/bigoilict/share/BigOil/document_generator/datasets/documents_2021_12_28/18pabc_3cols_20211228_164127_4674755895_600_800.png,18pabc_3cols_20211228_164127_4674755895_600_800_mask.png,Salinity
11,4,23,8,259,247,282,255,259,248,282,247,282,255,259,255,sub_line_text,figure_text,figure_0,,,,18pabc_3cols_20211228_164127_4674755895_600_800.png,/scratch/parceirosbr/bigoilict/share/BigOil/document_generator/datasets/documents_2021_12_28/18pabc_3cols_20211228_164127_4674755895_600_800.png,18pabc_3cols_20211228_164127_4674755895_600_800_mask.png,Salinity
11,3,22,7,284,262,306,269,284,262,306,262,306,270,284,269,text,figure_text,figure_0,,,,18pabc_3cols_20211228_164127_4674755895_600_800.png,/scratch/parceirosbr/bigoilict/share/BigOil/document_generator/datasets/documents_2021_12_28/18pabc_3cols_20211228_164127_4674755895_600_800.png,18pabc_3cols_20211228_164127_4674755895_600_800_mask.png,302.8%
11,3,22,7,284,262,306,269,284,262,306,262,306,270,284,269,sub_line_text,figure_text,figure_0,,,,18pabc_3cols_20211228_164127_4674755895_600_800.png,/scratch/parceirosbr/bigoilict/share/BigOil/document_generator/datasets/documents_2021_12_28/18pabc_3cols_20211228_164127_4674755895_600_800.png,18pabc_3cols_20211228_164127_4674755895_600_800_mask.png,302.8%
12,4,24,8,155,137,179,145,155,138,179,137,179,144,155,145,text,figure_text,figure_0,,,,18pabc_3cols_20211228_164127_4674755895_600_800.png,/scratch/parceirosbr/bigoilict/share/BigOil/document_generator/datasets/documents_2021_12_28/18pabc_3cols_20211228_164127_4674755895_600_800.png,18pabc_3cols_20211228_164127_4674755895_600_800_mask.png,Particle
12,4,24,8,155,137,179,145,155,138,179,137,179,144,155,145,sub_line_text,figure_text,figure_0,,,,18pabc_3cols_20211228_164127_4674755895_600_800.png,/scratch/parceirosbr/bigoilict/share/BigOil/document_generator/datasets/documents_2021_12_28/18pabc_3cols_20211228_164127_4674755895_600_800.png,18pabc_3cols_20211228_164127_4674755895_600_800_mask.png,Particle
38,7,77,15,103,295,180,310,103,295,180,295,180,310,103,310,sub_line_text,subtitle,subtitle_0,raleway,regular,12,18pabc_3cols_20211228_164127_4674755895_600_800.png,/scratch/parceirosbr/bigoilict/share/BigOil/document_generator/datasets/documents_2021_12_28/18pabc_3cols_20211228_164127_4674755895_600_800.png,18pabc_3cols_20211228_164127_4674755895_600_800_mask.png,Registrou alta
38,7,77,15,103,295,180,310,103,295,180,295,180,310,103,310,title,subtitle,subtitle_0,raleway,regular,12,18pabc_3cols_20211228_164127_4674755895_600_800.png,/scratch/parceirosbr/bigoilict/share/BigOil/document_generator/datasets/documents_2021_12_28/18pabc_3cols_20211228_164127_4674755895_600_800.png,18pabc_3cols_20211228_164127_4674755895_600_800_mask.png,nan
59,4,118,9,96,314,214,323,96,314,214,314,214,323,96,323,sub_line_text,text,text_0,raleway,regular,7,18pabc_3cols_20211228_164127_4674755895_600_800.png,/scratch/parceirosbr/bigoilict/share/BigOil/document_generator/datasets/documents_2021_12_28/18pabc_3cols_20211228_164127_4674755895_600_800.png,18pabc_3cols_20211228_164127_4674755895_600_800_mask.png,Requerer   a   submissão  de  tais  at-
74,4,148,9,66,327,214,336,66,327,214,327,214,336,66,336,sub_line_text,text,text_0,raleway,regular,7,18pabc_3cols_20211228_164127_4674755895_600_800.png,/scratch/parceirosbr/bigoilict/share/BigOil/document_generator/datasets/documents_2021_12_28/18pabc_3cols_20211228_164127_4674755895_600_800.png,18pabc_3cols_20211228_164127_4674755895_600_800_mask.png,"os   de   concentração,   desde  que  ocorridos"
74,4,148,9,66,340,214,349,66,340,214,340,214,349,66,349,sub_line_text,text,text_0,raleway,regular,7,18pabc_3cols_20211228_164127_4674755895_600_800.png,/scratch/parceirosbr/bigoilict/share/BigOil/document_generator/datasets/documents_2021_12_28/18pabc_3cols_20211228_164127_4674755895_600_800.png,18pabc_3cols_20211228_164127_4674755895_600_800_mask.png,nos  últimos  12  (doze)  meses.  representa  um
73,4,147,9,66,353,213,362,66,353,213,353,213,362,66,362,sub_line_text,text,text_0,raleway,regular,7,18pabc_3cols_20211228_164127_4674755895_600_800.png,/scratch/parceirosbr/bigoilict/share/BigOil/document_generator/datasets/documents_2021_12_28/18pabc_3cols_20211228_164127_4674755895_600_800.png,18pabc_3cols_20211228_164127_4674755895_600_800_mask.png,"equilíbrio   trifásico,  com  a  fase  microemul-"
74,4,148,9,66,366,214,375,66,366,214,366,214,375,66,375,sub_line_text,text,text_0,raleway,regular,7,18pabc_3cols_20211228_164127_4674755895_600_800.png,/scratch/parceirosbr/bigoilict/share/BigOil/document_generator/datasets/documents_2021_12_28/18pabc_3cols_20211228_164127_4674755895_600_800.png,18pabc_3cols_20211228_164127_4674755895_600_800_mask.png,são  em  equilíbrio  com  a  fase aquosa e org-
74,4,148,9,66,379,214,388,66,379,214,379,214,388,66,388,sub_line_text,text,text_0,raleway,regular,7,18pabc_3cols_20211228_164127_4674755895_600_800.png,/scratch/parceirosbr/bigoilict/share/BigOil/document_generator/datasets/documents_2021_12_28/18pabc_3cols_20211228_164127_4674755895_600_800.png,18pabc_3cols_20211228_164127_4674755895_600_800_mask.png,ânica  ao  mesmo  tempo.  The  algorithm is d-
74,4,148,9,66,392,214,401,66,392,214,392,214,401,66,401,sub_line_text,text,text_0,raleway,regular,7,18pabc_3cols_20211228_164127_4674755895_600_800.png,/scratch/parceirosbr/bigoilict/share/BigOil/document_generator/datasets/documents_2021_12_28/18pabc_3cols_20211228_164127_4674755895_600_800.png,18pabc_3cols_20211228_164127_4674755895_600_800_mask.png,escribed   and  two  routine  for  correlating  v-
74,4,148,9,66,405,214,414,66,405,214,405,214,414,66,414,sub_line_text,text,text_0,raleway,regular,7,18pabc_3cols_20211228_164127_4674755895_600_800.png,/scratch/parceirosbr/bigoilict/share/BigOil/document_generator/datasets/documents_2021_12_28/18pabc_3cols_20211228_164127_4674755895_600_800.png,18pabc_3cols_20211228_164127_4674755895_600_800_mask.png,apor-liquid   equilibrium   data  for  pure  com-
65,4,130,9,66,418,196,427,66,418,196,418,196,427,66,427,sub_line_text,text,text_0,raleway,regular,7,18pabc_3cols_20211228_164127_4674755895_600_800.png,/scratch/parceirosbr/bigoilict/share/BigOil/document_generator/datasets/documents_2021_12_28/18pabc_3cols_20211228_164127_4674755895_600_800.png,18pabc_3cols_20211228_164127_4674755895_600_800_mask.png,"ponent and mixtures, based on this effici."
74,56,148,113,66,314,214,427,66,314,214,314,214,427,66,427,text,text,text_0,raleway,regular,7,18pabc_3cols_20211228_164127_4674755895_600_800.png,/scratch/parceirosbr/bigoilict/share/BigOil/document_generator/datasets/documents_2021_12_28/18pabc_3cols_20211228_164127_4674755895_600_800.png,18pabc_3cols_20211228_164127_4674755895_600_800_mask.png,nan
33,6,67,12,108,431,175,443,108,431,175,431,175,443,108,443,sub_line_text,subsubtitle,subsubtitle_0,raleway,regular,10,18pabc_3cols_20211228_164127_4674755895_600_800.png,/scratch/parceirosbr/bigoilict/share/BigOil/document_generator/datasets/documents_2021_12_28/18pabc_3cols_20211228_164127_4674755895_600_800.png,18pabc_3cols_20211228_164127_4674755895_600_800_mask.png,Devido avanço
33,6,67,12,108,431,175,443,108,431,175,431,175,443,108,443,title,subsubtitle,subsubtitle_0,raleway,regular,10,18pabc_3cols_20211228_164127_4674755895_600_800.png,/scratch/parceirosbr/bigoilict/share/BigOil/document_generator/datasets/documents_2021_12_28/18pabc_3cols_20211228_164127_4674755895_600_800.png,18pabc_3cols_20211228_164127_4674755895_600_800_mask.png,nan
59,4,118,9,96,447,214,456,96,447,214,447,214,456,96,456,sub_line_text,text,text_1,raleway,regular,7,18pabc_3cols_20211228_164127_4674755895_600_800.png,/scratch/parceirosbr/bigoilict/share/BigOil/document_generator/datasets/documents_2021_12_28/18pabc_3cols_20211228_164127_4674755895_600_800.png,18pabc_3cols_20211228_164127_4674755895_600_800_mask.png,"Pode-se   observar,   também,  no  p-"
73,4,147,9,66,460,213,469,66,460,213,460,213,469,66,469,sub_line_text,text,text_1,raleway,regular,7,18pabc_3cols_20211228_164127_4674755895_600_800.png,/scratch/parceirosbr/bigoilict/share/BigOil/document_generator/datasets/documents_2021_12_28/18pabc_3cols_20211228_164127_4674755895_600_800.png,18pabc_3cols_20211228_164127_4674755895_600_800_mask.png,erfil  que  o  ajuste  aos  dados  na  porção  do
74,4,148,9,66,473,214,482,66,473,214,473,214,482,66,482,sub_line_text,text,text_1,raleway,regular,7,18pabc_3cols_20211228_164127_4674755895_600_800.png,/scratch/parceirosbr/bigoilict/share/BigOil/document_generator/datasets/documents_2021_12_28/18pabc_3cols_20211228_164127_4674755895_600_800.png,18pabc_3cols_20211228_164127_4674755895_600_800_mask.png,perfil   sobre  a  calha  magnética  é  muito  b-
73,4,147,9,66,486,213,495,66,486,213,486,213,495,66,495,sub_line_text,text,text_1,raleway,regular,7,18pabc_3cols_20211228_164127_4674755895_600_800.png,/scratch/parceirosbr/bigoilict/share/BigOil/document_generator/datasets/documents_2021_12_28/18pabc_3cols_20211228_164127_4674755895_600_800.png,18pabc_3cols_20211228_164127_4674755895_600_800_mask.png,"om.  87.  Sobre  este  aspecto,  no  entanto,  n-"
73,4,147,9,66,499,213,508,66,499,213,499,213,508,66,508,sub_line_text,text,text_1,raleway,regular,7,18pabc_3cols_20211228_164127_4674755895_600_800.png,/scratch/parceirosbr/bigoilict/share/BigOil/document_generator/datasets/documents_2021_12_28/18pabc_3cols_20211228_164127_4674755895_600_800.png,18pabc_3cols_20211228_164127_4674755895_600_800_mask.png,ão  será  possível  indicar  as  cláusulas  cont-
74,4,148,9,66,512,214,521,66,512,214,512,214,521,66,521,sub_line_text,text,text_1,raleway,regular,7,18pabc_3cols_20211228_164127_4674755895_600_800.png,/scratch/parceirosbr/bigoilict/share/BigOil/document_generator/datasets/documents_2021_12_28/18pabc_3cols_20211228_164127_4674755895_600_800.png,18pabc_3cols_20211228_164127_4674755895_600_800_mask.png,"ratuais  aplicáveis,  uma  vez  que,  até  a pre-"
74,4,148,9,66,525,214,534,66,525,214,525,214,534,66,534,sub_line_text,text,text_1,raleway,regular,7,18pabc_3cols_20211228_164127_4674755895_600_800.png,/scratch/parceirosbr/bigoilict/share/BigOil/document_generator/datasets/documents_2021_12_28/18pabc_3cols_20211228_164127_4674755895_600_800.png,18pabc_3cols_20211228_164127_4674755895_600_800_mask.png,"sente   data,  os  contratos  de  partilha  de  pr-"
74,4,148,9,66,538,214,547,66,538,214,538,214,547,66,547,sub_line_text,text,text_1,raleway,regular,7,18pabc_3cols_20211228_164127_4674755895_600_800.png,/scratch/parceirosbr/bigoilict/share/BigOil/document_generator/datasets/documents_2021_12_28/18pabc_3cols_20211228_164127_4674755895_600_800.png,18pabc_3cols_20211228_164127_4674755895_600_800_mask.png,odução  ainda  não  foram  objetos  de assina-
14,4,29,9,66,551,95,560,66,551,95,551,95,560,66,560,sub_line_text,text,text_1,raleway,regular,7,18pabc_3cols_20211228_164127_4674755895_600_800.png,/scratch/parceirosbr/bigoilict/share/BigOil/document_generator/datasets/documents_2021_12_28/18pabc_3cols_20211228_164127_4674755895_600_800.png,18pabc_3cols_20211228_164127_4674755895_600_800_mask.png,tura pela.
74,56,148,113,66,447,214,560,66,447,214,447,214,560,66,560,text,text,text_1,raleway,regular,7,18pabc_3cols_20211228_164127_4674755895_600_800.png,/scratch/parceirosbr/bigoilict/share/BigOil/document_generator/datasets/documents_2021_12_28/18pabc_3cols_20211228_164127_4674755895_600_800.png,18pabc_3cols_20211228_164127_4674755895_600_800_mask.png,nan
58,4,117,9,96,564,213,573,96,564,213,564,213,573,96,573,sub_line_text,text,text_2,raleway,regular,7,18pabc_3cols_20211228_164127_4674755895_600_800.png,/scratch/parceirosbr/bigoilict/share/BigOil/document_generator/datasets/documents_2021_12_28/18pabc_3cols_20211228_164127_4674755895_600_800.png,18pabc_3cols_20211228_164127_4674755895_600_800_mask.png,O  tamanho  dos  poros  determina  a
73,4,147,9,66,577,213,586,66,577,213,577,213,586,66,586,sub_line_text,text,text_2,raleway,regular,7,18pabc_3cols_20211228_164127_4674755895_600_800.png,/scratch/parceirosbr/bigoilict/share/BigOil/document_generator/datasets/documents_2021_12_28/18pabc_3cols_20211228_164127_4674755895_600_800.png,18pabc_3cols_20211228_164127_4674755895_600_800_mask.png,acessibilidade   das  moléculas  de  adsorbato
74,4,148,9,66,590,214,599,66,590,214,590,214,599,66,599,sub_line_text,text,text_2,raleway,regular,7,18pabc_3cols_20211228_164127_4674755895_600_800.png,/scratch/parceirosbr/bigoilict/share/BigOil/document_generator/datasets/documents_2021_12_28/18pabc_3cols_20211228_164127_4674755895_600_800.png,18pabc_3cols_20211228_164127_4674755895_600_800_mask.png,ao  interior  do  adsorvente;  logo  a  distribuiç-
73,4,147,9,66,603,213,612,66,603,213,603,213,612,66,612,sub_line_text,text,text_2,raleway,regular,7,18pabc_3cols_20211228_164127_4674755895_600_800.png,/scratch/parceirosbr/bigoilict/share/BigOil/document_generator/datasets/documents_2021_12_28/18pabc_3cols_20211228_164127_4674755895_600_800.png,18pabc_3cols_20211228_164127_4674755895_600_800_mask.png,ão  de  tamanho  dos  poros  é outra importan-
74,4,148,9,66,616,214,625,66,616,214,616,214,625,66,625,sub_line_text,text,text_2,raleway,regular,7,18pabc_3cols_20211228_164127_4674755895_600_800.png,/scratch/parceirosbr/bigoilict/share/BigOil/document_generator/datasets/documents_2021_12_28/18pabc_3cols_20211228_164127_4674755895_600_800.png,18pabc_3cols_20211228_164127_4674755895_600_800_mask.png,te   propriedade   para   caracterizar  a  capac-
73,4,147,9,66,629,213,638,66,629,213,629,213,638,66,638,sub_line_text,text,text_2,raleway,regular,7,18pabc_3cols_20211228_164127_4674755895_600_800.png,/scratch/parceirosbr/bigoilict/share/BigOil/document_generator/datasets/documents_2021_12_28/18pabc_3cols_20211228_164127_4674755895_600_800.png,18pabc_3cols_20211228_164127_4674755895_600_800_mask.png,idade  de  adsorção.  Para  o  condensador  os
69,4,138,9,66,642,204,651,66,642,204,642,204,651,66,651,sub_line_text,text,text_2,raleway,regular,7,18pabc_3cols_20211228_164127_4674755895_600_800.png,/scratch/parceirosbr/bigoilict/share/BigOil/document_generator/datasets/documents_2021_12_28/18pabc_3cols_20211228_164127_4674755895_600_800.png,18pabc_3cols_20211228_164127_4674755895_600_800_mask.png,valores medidos são considerados verdade.
74,43,148,87,66,564,214,651,66,564,214,564,214,651,66,651,text,text,text_2,raleway,regular,7,18pabc_3cols_20211228_164127_4674755895_600_800.png,/scratch/parceirosbr/bigoilict/share/BigOil/document_generator/datasets/documents_2021_12_28/18pabc_3cols_20211228_164127_4674755895_600_800.png,18pabc_3cols_20211228_164127_4674755895_600_800_mask.png,nan
59,4,118,9,96,655,214,664,96,655,214,655,214,664,96,664,sub_line_text,text,text_3,raleway,regular,7,18pabc_3cols_20211228_164127_4674755895_600_800.png,/scratch/parceirosbr/bigoilict/share/BigOil/document_generator/datasets/documents_2021_12_28/18pabc_3cols_20211228_164127_4674755895_600_800.png,18pabc_3cols_20211228_164127_4674755895_600_800_mask.png,A   parte   superior   da   apoiada  em
74,4,148,9,66,668,214,677,66,668,214,668,214,677,66,677,sub_line_text,text,text_3,raleway,regular,7,18pabc_3cols_20211228_164127_4674755895_600_800.png,/scratch/parceirosbr/bigoilict/share/BigOil/document_generator/datasets/documents_2021_12_28/18pabc_3cols_20211228_164127_4674755895_600_800.png,18pabc_3cols_20211228_164127_4674755895_600_800_mask.png,"expressiva     discordância,    é    representada"
73,4,147,9,66,681,213,690,66,681,213,681,213,690,66,690,sub_line_text,text,text_3,raleway,regular,7,18pabc_3cols_20211228_164127_4674755895_600_800.png,/scratch/parceirosbr/bigoilict/share/BigOil/document_generator/datasets/documents_2021_12_28/18pabc_3cols_20211228_164127_4674755895_600_800.png,18pabc_3cols_20211228_164127_4674755895_600_800_mask.png,por  uma  seqüência  de  conglomerados e fo-
73,4,147,9,66,694,213,703,66,694,213,694,213,703,66,703,sub_line_text,text,text_3,raleway,regular,7,18pabc_3cols_20211228_164127_4674755895_600_800.png,/scratch/parceirosbr/bigoilict/share/BigOil/document_generator/datasets/documents_2021_12_28/18pabc_3cols_20211228_164127_4674755895_600_800.png,18pabc_3cols_20211228_164127_4674755895_600_800_mask.png,lhelhos  avermelhados  de  idade  aptiana  re-
66,4,132,9,66,707,198,716,66,707,198,707,198,716,66,716,sub_line_text,text,text_3,raleway,regular,7,18pabc_3cols_20211228_164127_4674755895_600_800.png,/scratch/parceirosbr/bigoilict/share/BigOil/document_generator/datasets/documents_2021_12_28/18pabc_3cols_20211228_164127_4674755895_600_800.png,18pabc_3cols_20211228_164127_4674755895_600_800_mask.png,cobertos por uma seção de evaporitos do.
74,30,148,61,66,655,214,716,66,655,214,655,214,716,66,716,text,text,text_3,raleway,regular,7,18pabc_3cols_20211228_164127_4674755895_600_800.png,/scratch/parceirosbr/bigoilict/share/BigOil/document_generator/datasets/documents_2021_12_28/18pabc_3cols_20211228_164127_4674755895_600_800.png,18pabc_3cols_20211228_164127_4674755895_600_800_mask.png,nan
58,4,117,9,265,295,382,304,265,295,382,295,382,304,265,304,sub_line_text,text,text_4,raleway,regular,7,18pabc_3cols_20211228_164127_4674755895_600_800.png,/scratch/parceirosbr/bigoilict/share/BigOil/document_generator/datasets/documents_2021_12_28/18pabc_3cols_20211228_164127_4674755895_600_800.png,18pabc_3cols_20211228_164127_4674755895_600_800_mask.png,As    referências   utilizadas   para   a
73,4,147,9,235,308,382,317,235,308,382,308,382,317,235,317,sub_line_text,text,text_4,raleway,regular,7,18pabc_3cols_20211228_164127_4674755895_600_800.png,/scratch/parceirosbr/bigoilict/share/BigOil/document_generator/datasets/documents_2021_12_28/18pabc_3cols_20211228_164127_4674755895_600_800.png,18pabc_3cols_20211228_164127_4674755895_600_800_mask.png,modelagem  dos  trechos  de  dutos  foram  as
73,4,147,9,235,321,382,330,235,321,382,321,382,330,235,330,sub_line_text,text,text_4,raleway,regular,7,18pabc_3cols_20211228_164127_4674755895_600_800.png,/scratch/parceirosbr/bigoilict/share/BigOil/document_generator/datasets/documents_2021_12_28/18pabc_3cols_20211228_164127_4674755895_600_800.png,18pabc_3cols_20211228_164127_4674755895_600_800_mask.png,"2.3,  2.4,  2.5,  2.6, 2.7, 2.8, 2.9 e 2.10. ramal . Se"
74,4,148,9,235,334,383,343,235,334,383,334,383,343,235,343,sub_line_text,text,text_4,raleway,regular,7,18pabc_3cols_20211228_164127_4674755895_600_800.png,/scratch/parceirosbr/bigoilict/share/BigOil/document_generator/datasets/documents_2021_12_28/18pabc_3cols_20211228_164127_4674755895_600_800.png,18pabc_3cols_20211228_164127_4674755895_600_800_mask.png,os  aumentos  da  renda  se  concentram  tota-
73,4,147,9,235,347,382,356,235,347,382,347,382,356,235,356,sub_line_text,text,text_4,raleway,regular,7,18pabc_3cols_20211228_164127_4674755895_600_800.png,/scratch/parceirosbr/bigoilict/share/BigOil/document_generator/datasets/documents_2021_12_28/18pabc_3cols_20211228_164127_4674755895_600_800.png,18pabc_3cols_20211228_164127_4674755895_600_800_mask.png,"lmente  em  mão  de  pequena minoria, o pro-"
74,4,148,9,235,360,383,369,235,360,383,360,383,369,235,369,sub_line_text,text,text_4,raleway,regular,7,18pabc_3cols_20211228_164127_4674755895_600_800.png,/scratch/parceirosbr/bigoilict/share/BigOil/document_generator/datasets/documents_2021_12_28/18pabc_3cols_20211228_164127_4674755895_600_800.png,18pabc_3cols_20211228_164127_4674755895_600_800_mask.png,"cesso  de  desenvolvimento,  iniciado  por  pr-"
65,4,131,9,235,373,366,382,235,373,366,373,366,382,235,382,sub_line_text,text,text_4,raleway,regular,7,18pabc_3cols_20211228_164127_4674755895_600_800.png,/scratch/parceirosbr/bigoilict/share/BigOil/document_generator/datasets/documents_2021_12_28/18pabc_3cols_20211228_164127_4674755895_600_800.png,18pabc_3cols_20211228_164127_4674755895_600_800_mask.png,"essão externa, não criará dentro da econ."
74,43,148,87,235,295,383,382,235,295,383,295,383,382,235,382,text,text,text_4,raleway,regular,7,18pabc_3cols_20211228_164127_4674755895_600_800.png,/scratch/parceirosbr/bigoilict/share/BigOil/document_generator/datasets/documents_2021_12_28/18pabc_3cols_20211228_164127_4674755895_600_800.png,18pabc_3cols_20211228_164127_4674755895_600_800_mask.png,nan
75,63,151,126,235,386,386,512,235,386,386,386,386,512,235,512,list,list,list_1,raleway,raleway,7,18pabc_3cols_20211228_164127_4674755895_600_800.png,/scratch/parceirosbr/bigoilict/share/BigOil/document_generator/datasets/documents_2021_12_28/18pabc_3cols_20211228_164127_4674755895_600_800.png,18pabc_3cols_20211228_164127_4674755895_600_800_mask.png,
75,4,151,9,235,386,386,395,235,386,386,386,386,395,235,395,sub_line_text,list,list_1,raleway,regular,7,18pabc_3cols_20211228_164127_4674755895_600_800.png,/scratch/parceirosbr/bigoilict/share/BigOil/document_generator/datasets/documents_2021_12_28/18pabc_3cols_20211228_164127_4674755895_600_800.png,18pabc_3cols_20211228_164127_4674755895_600_800_mask.png,[2]  Com  a  expansão da capacidade instalada
69,4,139,9,247,399,386,408,247,399,386,399,386,408,247,408,sub_line_text,list,list_1,raleway,regular,7,18pabc_3cols_20211228_164127_4674755895_600_800.png,/scratch/parceirosbr/bigoilict/share/BigOil/document_generator/datasets/documents_2021_12_28/18pabc_3cols_20211228_164127_4674755895_600_800.png,18pabc_3cols_20211228_164127_4674755895_600_800_mask.png,"de  geração elétrica a partir de 9MWp, ou é"
21,4,42,9,247,412,289,421,247,412,289,412,289,421,247,421,sub_line_text,list,list_1,raleway,regular,7,18pabc_3cols_20211228_164127_4674755895_600_800.png,/scratch/parceirosbr/bigoilict/share/BigOil/document_generator/datasets/documents_2021_12_28/18pabc_3cols_20211228_164127_4674755895_600_800.png,18pabc_3cols_20211228_164127_4674755895_600_800_mask.png,a unidade de
75,4,150,9,235,425,385,434,235,425,385,425,385,434,235,434,sub_line_text,list,list_1,raleway,regular,7,18pabc_3cols_20211228_164127_4674755895_600_800.png,/scratch/parceirosbr/bigoilict/share/BigOil/document_generator/datasets/documents_2021_12_28/18pabc_3cols_20211228_164127_4674755895_600_800.png,18pabc_3cols_20211228_164127_4674755895_600_800_mask.png,[122]  As  diversas  experiências internacionais
66,4,132,9,254,438,386,447,254,438,386,438,386,447,254,447,sub_line_text,list,list_1,raleway,regular,7,18pabc_3cols_20211228_164127_4674755895_600_800.png,/scratch/parceirosbr/bigoilict/share/BigOil/document_generator/datasets/documents_2021_12_28/18pabc_3cols_20211228_164127_4674755895_600_800.png,18pabc_3cols_20211228_164127_4674755895_600_800_mask.png,"contêm  alguns  pontos  em  comum, que"
65,4,131,9,254,451,385,460,254,451,385,451,385,460,254,460,sub_line_text,list,list_1,raleway,regular,7,18pabc_3cols_20211228_164127_4674755895_600_800.png,/scratch/parceirosbr/bigoilict/share/BigOil/document_generator/datasets/documents_2021_12_28/18pabc_3cols_20211228_164127_4674755895_600_800.png,18pabc_3cols_20211228_164127_4674755895_600_800_mask.png,revelam  a  natureza  econômica  do gás
11,4,23,9,254,464,277,473,254,464,277,464,277,473,254,473,sub_line_text,list,list_1,raleway,regular,7,18pabc_3cols_20211228_164127_4674755895_600_800.png,/scratch/parceirosbr/bigoilict/share/BigOil/document_generator/datasets/documents_2021_12_28/18pabc_3cols_20211228_164127_4674755895_600_800.png,18pabc_3cols_20211228_164127_4674755895_600_800_mask.png,natural.
75,4,151,9,235,477,386,486,235,477,386,477,386,486,235,486,sub_line_text,list,list_1,raleway,regular,7,18pabc_3cols_20211228_164127_4674755895_600_800.png,/scratch/parceirosbr/bigoilict/share/BigOil/document_generator/datasets/documents_2021_12_28/18pabc_3cols_20211228_164127_4674755895_600_800.png,18pabc_3cols_20211228_164127_4674755895_600_800_mask.png,[15] Sistemas   comerciais   de   ondas  guiadas
68,4,137,9,248,490,385,499,248,490,385,490,385,499,248,499,sub_line_text,list,list_1,raleway,regular,7,18pabc_3cols_20211228_164127_4674755895_600_800.png,/scratch/parceirosbr/bigoilict/share/BigOil/document_generator/datasets/documents_2021_12_28/18pabc_3cols_20211228_164127_4674755895_600_800.png,18pabc_3cols_20211228_164127_4674755895_600_800_mask.png,vêm    sendo    largamente    utilizados   na
69,4,138,9,248,503,386,512,248,503,386,503,386,512,248,512,sub_line_text,list,list_1,raleway,regular,7,18pabc_3cols_20211228_164127_4674755895_600_800.png,/scratch/parceirosbr/bigoilict/share/BigOil/document_generator/datasets/documents_2021_12_28/18pabc_3cols_20211228_164127_4674755895_600_800.png,18pabc_3cols_20211228_164127_4674755895_600_800_mask.png,indústria   há   aproximadamente   10  anos.
58,4,117,9,265,516,382,525,265,516,382,516,382,525,265,525,sub_line_text,text,text_5,raleway,regular,7,18pabc_3cols_20211228_164127_4674755895_600_800.png,/scratch/parceirosbr/bigoilict/share/BigOil/document_generator/datasets/documents_2021_12_28/18pabc_3cols_20211228_164127_4674755895_600_800.png,18pabc_3cols_20211228_164127_4674755895_600_800_mask.png,Na  os  principais  termos  e  condiç-
74,4,148,9,235,529,383,538,235,529,383,529,383,538,235,538,sub_line_text,text,text_5,raleway,regular,7,18pabc_3cols_20211228_164127_4674755895_600_800.png,/scratch/parceirosbr/bigoilict/share/BigOil/document_generator/datasets/documents_2021_12_28/18pabc_3cols_20211228_164127_4674755895_600_800.png,18pabc_3cols_20211228_164127_4674755895_600_800_mask.png,ões   da   prestação  do  serviço  de  transporte
73,4,147,9,235,542,382,551,235,542,382,542,382,551,235,551,sub_line_text,text,text_5,raleway,regular,7,18pabc_3cols_20211228_164127_4674755895_600_800.png,/scratch/parceirosbr/bigoilict/share/BigOil/document_generator/datasets/documents_2021_12_28/18pabc_3cols_20211228_164127_4674755895_600_800.png,18pabc_3cols_20211228_164127_4674755895_600_800_mask.png,"e  distribuição  de  gás,  os  quais  dispõem  s-"
73,4,147,9,235,555,382,564,235,555,382,555,382,564,235,564,sub_line_text,text,text_5,raleway,regular,7,18pabc_3cols_20211228_164127_4674755895_600_800.png,/scratch/parceirosbr/bigoilict/share/BigOil/document_generator/datasets/documents_2021_12_28/18pabc_3cols_20211228_164127_4674755895_600_800.png,18pabc_3cols_20211228_164127_4674755895_600_800_mask.png,obre    as    responsabilidades   dos   transport-
74,4,148,9,235,568,383,577,235,568,383,568,383,577,235,577,sub_line_text,text,text_5,raleway,regular,7,18pabc_3cols_20211228_164127_4674755895_600_800.png,/scratch/parceirosbr/bigoilict/share/BigOil/document_generator/datasets/documents_2021_12_28/18pabc_3cols_20211228_164127_4674755895_600_800.png,18pabc_3cols_20211228_164127_4674755895_600_800_mask.png,"adores,    carregadores    e   distribuidores,   na"
64,4,128,9,235,581,363,590,235,581,363,581,363,590,235,590,sub_line_text,text,text_5,raleway,regular,7,18pabc_3cols_20211228_164127_4674755895_600_800.png,/scratch/parceirosbr/bigoilict/share/BigOil/document_generator/datasets/documents_2021_12_28/18pabc_3cols_20211228_164127_4674755895_600_800.png,18pabc_3cols_20211228_164127_4674755895_600_800_mask.png,"operação do sistema, são estabelecidos."
74,37,148,74,235,516,383,590,235,516,383,516,383,590,235,590,text,text,text_5,raleway,regular,7,18pabc_3cols_20211228_164127_4674755895_600_800.png,/scratch/parceirosbr/bigoilict/share/BigOil/document_generator/datasets/documents_2021_12_28/18pabc_3cols_20211228_164127_4674755895_600_800.png,18pabc_3cols_20211228_164127_4674755895_600_800_mask.png,nan
59,4,118,9,265,594,383,603,265,594,383,594,383,603,265,603,sub_line_text,text,text_6,raleway,regular,7,18pabc_3cols_20211228_164127_4674755895_600_800.png,/scratch/parceirosbr/bigoilict/share/BigOil/document_generator/datasets/documents_2021_12_28/18pabc_3cols_20211228_164127_4674755895_600_800.png,18pabc_3cols_20211228_164127_4674755895_600_800_mask.png,"No  início  de  2016,  a  continuidade"
74,4,148,9,235,607,383,616,235,607,383,607,383,616,235,616,sub_line_text,text,text_6,raleway,regular,7,18pabc_3cols_20211228_164127_4674755895_600_800.png,/scratch/parceirosbr/bigoilict/share/BigOil/document_generator/datasets/documents_2021_12_28/18pabc_3cols_20211228_164127_4674755895_600_800.png,18pabc_3cols_20211228_164127_4674755895_600_800_mask.png,do   movimento   de   retração  dos  preços  do
73,4,147,9,235,620,382,629,235,620,382,620,382,629,235,629,sub_line_text,text,text_6,raleway,regular,7,18pabc_3cols_20211228_164127_4674755895_600_800.png,/scratch/parceirosbr/bigoilict/share/BigOil/document_generator/datasets/documents_2021_12_28/18pabc_3cols_20211228_164127_4674755895_600_800.png,18pabc_3cols_20211228_164127_4674755895_600_800_mask.png,"petróleo   decorreria,  assim,  tanto  da  manu-"
73,4,147,9,235,633,382,642,235,633,382,633,382,642,235,642,sub_line_text,text,text_6,raleway,regular,7,18pabc_3cols_20211228_164127_4674755895_600_800.png,/scratch/parceirosbr/bigoilict/share/BigOil/document_generator/datasets/documents_2021_12_28/18pabc_3cols_20211228_164127_4674755895_600_800.png,18pabc_3cols_20211228_164127_4674755895_600_800_mask.png,tenção   do   desbalanceamento   da  oferta  e
73,4,147,9,235,646,382,655,235,646,382,646,382,655,235,655,sub_line_text,text,text_6,raleway,regular,7,18pabc_3cols_20211228_164127_4674755895_600_800.png,/scratch/parceirosbr/bigoilict/share/BigOil/document_generator/datasets/documents_2021_12_28/18pabc_3cols_20211228_164127_4674755895_600_800.png,18pabc_3cols_20211228_164127_4674755895_600_800_mask.png,"demanda,  quanto  dos  níveis  historicamente"
73,4,147,9,235,659,382,668,235,659,382,659,382,668,235,668,sub_line_text,text,text_6,raleway,regular,7,18pabc_3cols_20211228_164127_4674755895_600_800.png,/scratch/parceirosbr/bigoilict/share/BigOil/document_generator/datasets/documents_2021_12_28/18pabc_3cols_20211228_164127_4674755895_600_800.png,18pabc_3cols_20211228_164127_4674755895_600_800_mask.png,elevados  dos  estoques  de  petróleo  e deriv-
74,4,148,9,235,672,383,681,235,672,383,672,383,681,235,681,sub_line_text,text,text_6,raleway,regular,7,18pabc_3cols_20211228_164127_4674755895_600_800.png,/scratch/parceirosbr/bigoilict/share/BigOil/document_generator/datasets/documents_2021_12_28/18pabc_3cols_20211228_164127_4674755895_600_800.png,18pabc_3cols_20211228_164127_4674755895_600_800_mask.png,"ados.   A   função   erro  residual,neste  caso  é"
74,4,148,9,235,685,383,694,235,685,383,685,383,694,235,694,sub_line_text,text,text_6,raleway,regular,7,18pabc_3cols_20211228_164127_4674755895_600_800.png,/scratch/parceirosbr/bigoilict/share/BigOil/document_generator/datasets/documents_2021_12_28/18pabc_3cols_20211228_164127_4674755895_600_800.png,18pabc_3cols_20211228_164127_4674755895_600_800_mask.png,dada  por  (Dos  e 2011):d(ml) dobs dcalc(ml). A
66,4,133,9,235,698,368,707,235,698,368,698,368,707,235,707,sub_line_text,text,text_6,raleway,regular,7,18pabc_3cols_20211228_164127_4674755895_600_800.png,/scratch/parceirosbr/bigoilict/share/BigOil/document_generator/datasets/documents_2021_12_28/18pabc_3cols_20211228_164127_4674755895_600_800.png,18pabc_3cols_20211228_164127_4674755895_600_800_mask.png,maior parte deles pertence à cuja de na s.
74,56,148,113,235,594,383,707,235,594,383,594,383,707,235,707,text,text,text_6,raleway,regular,7,18pabc_3cols_20211228_164127_4674755895_600_800.png,/scratch/parceirosbr/bigoilict/share/BigOil/document_generator/datasets/documents_2021_12_28/18pabc_3cols_20211228_164127_4674755895_600_800.png,18pabc_3cols_20211228_164127_4674755895_600_800_mask.png,nan
54,4,108,9,265,711,373,720,265,711,373,711,373,720,265,720,sub_line_text,text,text_7,raleway,regular,7,18pabc_3cols_20211228_164127_4674755895_600_800.png,/scratch/parceirosbr/bigoilict/share/BigOil/document_generator/datasets/documents_2021_12_28/18pabc_3cols_20211228_164127_4674755895_600_800.png,18pabc_3cols_20211228_164127_4674755895_600_800_mask.png,"Sendo assim, o objetivo foi verifi-."
54,4,108,9,265,711,373,720,265,711,373,711,373,720,265,720,text,text,text_7,raleway,regular,7,18pabc_3cols_20211228_164127_4674755895_600_800.png,/scratch/parceirosbr/bigoilict/share/BigOil/document_generator/datasets/documents_2021_12_28/18pabc_3cols_20211228_164127_4674755895_600_800.png,18pabc_3cols_20211228_164127_4674755895_600_800_mask.png,nan
58,4,117,9,434,52,551,61,434,52,551,52,551,61,434,61,sub_line_text,text,text_8,raleway,regular,7,18pabc_3cols_20211228_164127_4674755895_600_800.png,/scratch/parceirosbr/bigoilict/share/BigOil/document_generator/datasets/documents_2021_12_28/18pabc_3cols_20211228_164127_4674755895_600_800.png,18pabc_3cols_20211228_164127_4674755895_600_800_mask.png,Em   março   foi  empresas  petrolífe-
74,4,148,9,404,65,552,74,404,65,552,65,552,74,404,74,sub_line_text,text,text_8,raleway,regular,7,18pabc_3cols_20211228_164127_4674755895_600_800.png,/scratch/parceirosbr/bigoilict/share/BigOil/document_generator/datasets/documents_2021_12_28/18pabc_3cols_20211228_164127_4674755895_600_800.png,18pabc_3cols_20211228_164127_4674755895_600_800_mask.png,"ras,  a  partir  da  queda  dos  preços  internac-"
73,4,147,9,404,78,551,87,404,78,551,78,551,87,404,87,sub_line_text,text,text_8,raleway,regular,7,18pabc_3cols_20211228_164127_4674755895_600_800.png,/scratch/parceirosbr/bigoilict/share/BigOil/document_generator/datasets/documents_2021_12_28/18pabc_3cols_20211228_164127_4674755895_600_800.png,18pabc_3cols_20211228_164127_4674755895_600_800_mask.png,ionais  registrada  em  1986. exige o exame a-
74,4,148,9,404,91,552,100,404,91,552,91,552,100,404,100,sub_line_text,text,text_8,raleway,regular,7,18pabc_3cols_20211228_164127_4674755895_600_800.png,/scratch/parceirosbr/bigoilict/share/BigOil/document_generator/datasets/documents_2021_12_28/18pabc_3cols_20211228_164127_4674755895_600_800.png,18pabc_3cols_20211228_164127_4674755895_600_800_mask.png,tento  do  estabelecido  um  acordo  de reduç-
73,4,147,9,404,104,551,113,404,104,551,104,551,113,404,113,sub_line_text,text,text_8,raleway,regular,7,18pabc_3cols_20211228_164127_4674755895_600_800.png,/scratch/parceirosbr/bigoilict/share/BigOil/document_generator/datasets/documents_2021_12_28/18pabc_3cols_20211228_164127_4674755895_600_800.png,18pabc_3cols_20211228_164127_4674755895_600_800_mask.png,"ão  de  1,  245  milhões  de barris/diários; esse"
74,4,148,9,404,117,552,126,404,117,552,117,552,126,404,126,sub_line_text,text,text_8,raleway,regular,7,18pabc_3cols_20211228_164127_4674755895_600_800.png,/scratch/parceirosbr/bigoilict/share/BigOil/document_generator/datasets/documents_2021_12_28/18pabc_3cols_20211228_164127_4674755895_600_800.png,18pabc_3cols_20211228_164127_4674755895_600_800_mask.png,novo   acordo   tentou  estabelecer  uma  retir-
74,4,148,9,404,130,552,139,404,130,552,130,552,139,404,139,sub_line_text,text,text_8,raleway,regular,7,18pabc_3cols_20211228_164127_4674755895_600_800.png,/scratch/parceirosbr/bigoilict/share/BigOil/document_generator/datasets/documents_2021_12_28/18pabc_3cols_20211228_164127_4674755895_600_800.png,18pabc_3cols_20211228_164127_4674755895_600_800_mask.png,ada  de  cerca  de  750  mil barris/dia da ofer-
73,4,147,9,404,143,551,152,404,143,551,143,551,152,404,152,sub_line_text,text,text_8,raleway,regular,7,18pabc_3cols_20211228_164127_4674755895_600_800.png,/scratch/parceirosbr/bigoilict/share/BigOil/document_generator/datasets/documents_2021_12_28/18pabc_3cols_20211228_164127_4674755895_600_800.png,18pabc_3cols_20211228_164127_4674755895_600_800_mask.png,ta  comportamento  de  dois  conjuntos  de  a-
63,4,126,9,404,156,530,165,404,156,530,156,530,165,404,165,sub_line_text,text,text_8,raleway,regular,7,18pabc_3cols_20211228_164127_4674755895_600_800.png,/scratch/parceirosbr/bigoilict/share/BigOil/document_generator/datasets/documents_2021_12_28/18pabc_3cols_20211228_164127_4674755895_600_800.png,18pabc_3cols_20211228_164127_4674755895_600_800_mask.png,"tores: por um lado, as empresas estatais."
74,56,148,113,404,52,552,165,404,52,552,52,552,165,404,165,text,text,text_8,raleway,regular,7,18pabc_3cols_20211228_164127_4674755895_600_800.png,/scratch/parceirosbr/bigoilict/share/BigOil/document_generator/datasets/documents_2021_12_28/18pabc_3cols_20211228_164127_4674755895_600_800.png,18pabc_3cols_20211228_164127_4674755895_600_800_mask.png,nan
56,3,112,7,404,169,516,176,404,169,516,169,516,176,404,176,sub_line_text,figure_legend,figure_1,raleway,italic,6,18pabc_3cols_20211228_164127_4674755895_600_800.png,/scratch/parceirosbr/bigoilict/share/BigOil/document_generator/datasets/documents_2021_12_28/18pabc_3cols_20211228_164127_4674755895_600_800.png,18pabc_3cols_20211228_164127_4674755895_600_800_mask.png,Fig.   70:      A   estratégia  de  desenvo-
56,3,113,7,404,179,517,186,404,179,517,179,517,186,404,186,sub_line_text,figure_legend,figure_1,raleway,italic,6,18pabc_3cols_20211228_164127_4674755895_600_800.png,/scratch/parceirosbr/bigoilict/share/BigOil/document_generator/datasets/documents_2021_12_28/18pabc_3cols_20211228_164127_4674755895_600_800.png,18pabc_3cols_20211228_164127_4674755895_600_800_mask.png,lvimento    para    as   células   estacio-
46,3,92,7,404,189,496,196,404,189,496,189,496,196,404,196,sub_line_text,figure_legend,figure_1,raleway,italic,6,18pabc_3cols_20211228_164127_4674755895_600_800.png,/scratch/parceirosbr/bigoilict/share/BigOil/document_generator/datasets/documents_2021_12_28/18pabc_3cols_20211228_164127_4674755895_600_800.png,18pabc_3cols_20211228_164127_4674755895_600_800_mask.png,nárias sofreu uma grande muda-
56,13,113,27,404,169,517,196,404,169,517,169,517,196,404,196,text,figure_legend,figure_1,raleway,italic,6,18pabc_3cols_20211228_164127_4674755895_600_800.png,/scratch/parceirosbr/bigoilict/share/BigOil/document_generator/datasets/documents_2021_12_28/18pabc_3cols_20211228_164127_4674755895_600_800.png,18pabc_3cols_20211228_164127_4674755895_600_800_mask.png,nan
75,44,151,89,404,201,555,290,404,201,555,201,555,290,404,290,image,figure_image,figure_1,,,,18pabc_3cols_20211228_164127_4674755895_600_800.png,/scratch/parceirosbr/bigoilict/share/BigOil/document_generator/datasets/documents_2021_12_28/18pabc_3cols_20211228_164127_4674755895_600_800.png,18pabc_3cols_20211228_164127_4674755895_600_800_mask.png,output/gen_img_20211228_164135_2042816897.png
6,1,13,2,447,245,460,247,447,245,460,245,460,247,447,247,text,figure_text,figure_1,,,,18pabc_3cols_20211228_164127_4674755895_600_800.png,/scratch/parceirosbr/bigoilict/share/BigOil/document_generator/datasets/documents_2021_12_28/18pabc_3cols_20211228_164127_4674755895_600_800.png,18pabc_3cols_20211228_164127_4674755895_600_800_mask.png,-5286.87
6,1,13,2,447,245,460,247,447,245,460,245,460,247,447,247,sub_line_text,figure_text,figure_1,,,,18pabc_3cols_20211228_164127_4674755895_600_800.png,/scratch/parceirosbr/bigoilict/share/BigOil/document_generator/datasets/documents_2021_12_28/18pabc_3cols_20211228_164127_4674755895_600_800.png,18pabc_3cols_20211228_164127_4674755895_600_800_mask.png,-5286.87
5,1,10,2,457,255,467,257,457,255,467,255,467,257,457,257,text,figure_text,figure_1,,,,18pabc_3cols_20211228_164127_4674755895_600_800.png,/scratch/parceirosbr/bigoilict/share/BigOil/document_generator/datasets/documents_2021_12_28/18pabc_3cols_20211228_164127_4674755895_600_800.png,18pabc_3cols_20211228_164127_4674755895_600_800_mask.png,Profit
5,1,10,2,457,255,467,257,457,255,467,255,467,257,457,257,sub_line_text,figure_text,figure_1,,,,18pabc_3cols_20211228_164127_4674755895_600_800.png,/scratch/parceirosbr/bigoilict/share/BigOil/document_generator/datasets/documents_2021_12_28/18pabc_3cols_20211228_164127_4674755895_600_800.png,18pabc_3cols_20211228_164127_4674755895_600_800_mask.png,Profit
13,1,27,3,465,234,492,237,465,234,492,234,492,237,465,237,text,figure_text,figure_1,,,,18pabc_3cols_20211228_164127_4674755895_600_800.png,/scratch/parceirosbr/bigoilict/share/BigOil/document_generator/datasets/documents_2021_12_28/18pabc_3cols_20211228_164127_4674755895_600_800.png,18pabc_3cols_20211228_164127_4674755895_600_800_mask.png,Consumption (TB)
13,1,27,3,465,234,492,237,465,234,492,234,492,237,465,237,sub_line_text,figure_text,figure_1,,,,18pabc_3cols_20211228_164127_4674755895_600_800.png,/scratch/parceirosbr/bigoilict/share/BigOil/document_generator/datasets/documents_2021_12_28/18pabc_3cols_20211228_164127_4674755895_600_800.png,18pabc_3cols_20211228_164127_4674755895_600_800_mask.png,Consumption (TB)
8,1,16,2,537,211,553,213,537,211,553,211,553,213,537,213,text,figure_text,figure_1,,,,18pabc_3cols_20211228_164127_4674755895_600_800.png,/scratch/parceirosbr/bigoilict/share/BigOil/document_generator/datasets/documents_2021_12_28/18pabc_3cols_20211228_164127_4674755895_600_800.png,18pabc_3cols_20211228_164127_4674755895_600_800_mask.png,-6688.52%
8,1,16,2,537,211,553,213,537,211,553,211,553,213,537,213,sub_line_text,figure_text,figure_1,,,,18pabc_3cols_20211228_164127_4674755895_600_800.png,/scratch/parceirosbr/bigoilict/share/BigOil/document_generator/datasets/documents_2021_12_28/18pabc_3cols_20211228_164127_4674755895_600_800.png,18pabc_3cols_20211228_164127_4674755895_600_800_mask.png,-6688.52%
5,1,10,2,420,257,430,259,420,257,430,257,430,259,420,259,text,figure_text,figure_1,,,,18pabc_3cols_20211228_164127_4674755895_600_800.png,/scratch/parceirosbr/bigoilict/share/BigOil/document_generator/datasets/documents_2021_12_28/18pabc_3cols_20211228_164127_4674755895_600_800.png,18pabc_3cols_20211228_164127_4674755895_600_800_mask.png,-6600%
5,1,10,2,420,257,430,259,420,257,430,257,430,259,420,259,sub_line_text,figure_text,figure_1,,,,18pabc_3cols_20211228_164127_4674755895_600_800.png,/scratch/parceirosbr/bigoilict/share/BigOil/document_generator/datasets/documents_2021_12_28/18pabc_3cols_20211228_164127_4674755895_600_800.png,18pabc_3cols_20211228_164127_4674755895_600_800_mask.png,-6600%
8,1,17,3,456,210,473,213,456,210,473,210,473,213,456,213,text,figure_text,figure_1,,,,18pabc_3cols_20211228_164127_4674755895_600_800.png,/scratch/parceirosbr/bigoilict/share/BigOil/document_generator/datasets/documents_2021_12_28/18pabc_3cols_20211228_164127_4674755895_600_800.png,18pabc_3cols_20211228_164127_4674755895_600_800_mask.png,Water (MM)
8,1,17,3,456,210,473,213,456,210,473,210,473,213,456,213,sub_line_text,figure_text,figure_1,,,,18pabc_3cols_20211228_164127_4674755895_600_800.png,/scratch/parceirosbr/bigoilict/share/BigOil/document_generator/datasets/documents_2021_12_28/18pabc_3cols_20211228_164127_4674755895_600_800.png,18pabc_3cols_20211228_164127_4674755895_600_800_mask.png,Water (MM)
9,1,19,3,523,234,542,237,523,234,542,234,542,237,523,237,text,figure_text,figure_1,,,,18pabc_3cols_20211228_164127_4674755895_600_800.png,/scratch/parceirosbr/bigoilict/share/BigOil/document_generator/datasets/documents_2021_12_28/18pabc_3cols_20211228_164127_4674755895_600_800.png,18pabc_3cols_20211228_164127_4674755895_600_800_mask.png,Volume (TB)
9,1,19,3,523,234,542,237,523,234,542,234,542,237,523,237,sub_line_text,figure_text,figure_1,,,,18pabc_3cols_20211228_164127_4674755895_600_800.png,/scratch/parceirosbr/bigoilict/share/BigOil/document_generator/datasets/documents_2021_12_28/18pabc_3cols_20211228_164127_4674755895_600_800.png,18pabc_3cols_20211228_164127_4674755895_600_800_mask.png,Volume (TB)
8,1,16,3,500,252,516,255,500,252,516,252,516,255,500,255,text,figure_text,figure_1,,,,18pabc_3cols_20211228_164127_4674755895_600_800.png,/scratch/parceirosbr/bigoilict/share/BigOil/document_generator/datasets/documents_2021_12_28/18pabc_3cols_20211228_164127_4674755895_600_800.png,18pabc_3cols_20211228_164127_4674755895_600_800_mask.png,Data (TB)
8,1,16,3,500,252,516,255,500,252,516,252,516,255,500,255,sub_line_text,figure_text,figure_1,,,,18pabc_3cols_20211228_164127_4674755895_600_800.png,/scratch/parceirosbr/bigoilict/share/BigOil/document_generator/datasets/documents_2021_12_28/18pabc_3cols_20211228_164127_4674755895_600_800.png,18pabc_3cols_20211228_164127_4674755895_600_800_mask.png,Data (TB)
2,1,5,3,472,270,477,273,472,270,477,270,477,273,472,273,text,figure_text,figure_1,,,,18pabc_3cols_20211228_164127_4674755895_600_800.png,/scratch/parceirosbr/bigoilict/share/BigOil/document_generator/datasets/documents_2021_12_28/18pabc_3cols_20211228_164127_4674755895_600_800.png,18pabc_3cols_20211228_164127_4674755895_600_800_mask.png,556
2,1,5,3,472,270,477,273,472,270,477,270,477,273,472,273,sub_line_text,figure_text,figure_1,,,,18pabc_3cols_20211228_164127_4674755895_600_800.png,/scratch/parceirosbr/bigoilict/share/BigOil/document_generator/datasets/documents_2021_12_28/18pabc_3cols_20211228_164127_4674755895_600_800.png,18pabc_3cols_20211228_164127_4674755895_600_800_mask.png,556
13,1,26,3,421,270,447,273,421,270,447,270,447,273,421,273,text,figure_text,figure_1,,,,18pabc_3cols_20211228_164127_4674755895_600_800.png,/scratch/parceirosbr/bigoilict/share/BigOil/document_generator/datasets/documents_2021_12_28/18pabc_3cols_20211228_164127_4674755895_600_800.png,18pabc_3cols_20211228_164127_4674755895_600_800_mask.png,Processing [GB]
13,1,26,3,421,270,447,273,421,270,447,270,447,273,421,273,sub_line_text,figure_text,figure_1,,,,18pabc_3cols_20211228_164127_4674755895_600_800.png,/scratch/parceirosbr/bigoilict/share/BigOil/document_generator/datasets/documents_2021_12_28/18pabc_3cols_20211228_164127_4674755895_600_800.png,18pabc_3cols_20211228_164127_4674755895_600_800_mask.png,Processing [GB]
4,1,8,2,450,215,458,217,450,215,458,215,458,217,450,217,text,figure_text,figure_1,,,,18pabc_3cols_20211228_164127_4674755895_600_800.png,/scratch/parceirosbr/bigoilict/share/BigOil/document_generator/datasets/documents_2021_12_28/18pabc_3cols_20211228_164127_4674755895_600_800.png,18pabc_3cols_20211228_164127_4674755895_600_800_mask.png,Total
4,1,8,2,450,215,458,217,450,215,458,215,458,217,450,217,sub_line_text,figure_text,figure_1,,,,18pabc_3cols_20211228_164127_4674755895_600_800.png,/scratch/parceirosbr/bigoilict/share/BigOil/document_generator/datasets/documents_2021_12_28/18pabc_3cols_20211228_164127_4674755895_600_800.png,18pabc_3cols_20211228_164127_4674755895_600_800_mask.png,Total
9,1,19,3,440,242,459,245,440,242,459,242,459,245,440,245,text,figure_text,figure_1,,,,18pabc_3cols_20211228_164127_4674755895_600_800.png,/scratch/parceirosbr/bigoilict/share/BigOil/document_generator/datasets/documents_2021_12_28/18pabc_3cols_20211228_164127_4674755895_600_800.png,18pabc_3cols_20211228_164127_4674755895_600_800_mask.png,Demand [GB]
9,1,19,3,440,242,459,245,440,242,459,242,459,245,440,245,sub_line_text,figure_text,figure_1,,,,18pabc_3cols_20211228_164127_4674755895_600_800.png,/scratch/parceirosbr/bigoilict/share/BigOil/document_generator/datasets/documents_2021_12_28/18pabc_3cols_20211228_164127_4674755895_600_800.png,18pabc_3cols_20211228_164127_4674755895_600_800_mask.png,Demand [GB]
9,1,18,3,498,286,516,289,498,286,516,286,516,289,498,289,text,figure_text,figure_1,,,,18pabc_3cols_20211228_164127_4674755895_600_800.png,/scratch/parceirosbr/bigoilict/share/BigOil/document_generator/datasets/documents_2021_12_28/18pabc_3cols_20211228_164127_4674755895_600_800.png,18pabc_3cols_20211228_164127_4674755895_600_800_mask.png,Liters [MM]
9,1,18,3,498,286,516,289,498,286,516,286,516,289,498,289,sub_line_text,figure_text,figure_1,,,,18pabc_3cols_20211228_164127_4674755895_600_800.png,/scratch/parceirosbr/bigoilict/share/BigOil/document_generator/datasets/documents_2021_12_28/18pabc_3cols_20211228_164127_4674755895_600_800.png,18pabc_3cols_20211228_164127_4674755895_600_800_mask.png,Liters [MM]
6,1,12,3,514,244,526,247,514,244,526,244,526,247,514,247,text,figure_text,figure_1,,,,18pabc_3cols_20211228_164127_4674755895_600_800.png,/scratch/parceirosbr/bigoilict/share/BigOil/document_generator/datasets/documents_2021_12_28/18pabc_3cols_20211228_164127_4674755895_600_800.png,18pabc_3cols_20211228_164127_4674755895_600_800_mask.png,-2032.1
6,1,12,3,514,244,526,247,514,244,526,244,526,247,514,247,sub_line_text,figure_text,figure_1,,,,18pabc_3cols_20211228_164127_4674755895_600_800.png,/scratch/parceirosbr/bigoilict/share/BigOil/document_generator/datasets/documents_2021_12_28/18pabc_3cols_20211228_164127_4674755895_600_800.png,18pabc_3cols_20211228_164127_4674755895_600_800_mask.png,-2032.1
6,1,13,3,522,213,535,216,522,213,535,213,535,216,522,216,text,figure_text,figure_1,,,,18pabc_3cols_20211228_164127_4674755895_600_800.png,/scratch/parceirosbr/bigoilict/share/BigOil/document_generator/datasets/documents_2021_12_28/18pabc_3cols_20211228_164127_4674755895_600_800.png,18pabc_3cols_20211228_164127_4674755895_600_800_mask.png,-2013.43
6,1,13,3,522,213,535,216,522,213,535,213,535,216,522,216,sub_line_text,figure_text,figure_1,,,,18pabc_3cols_20211228_164127_4674755895_600_800.png,/scratch/parceirosbr/bigoilict/share/BigOil/document_generator/datasets/documents_2021_12_28/18pabc_3cols_20211228_164127_4674755895_600_800.png,18pabc_3cols_20211228_164127_4674755895_600_800_mask.png,-2013.43
5,1,10,3,506,257,516,260,506,257,516,257,516,260,506,260,text,figure_text,figure_1,,,,18pabc_3cols_20211228_164127_4674755895_600_800.png,/scratch/parceirosbr/bigoilict/share/BigOil/document_generator/datasets/documents_2021_12_28/18pabc_3cols_20211228_164127_4674755895_600_800.png,18pabc_3cols_20211228_164127_4674755895_600_800_mask.png,Weight
5,1,10,3,506,257,516,260,506,257,516,257,516,260,506,260,sub_line_text,figure_text,figure_1,,,,18pabc_3cols_20211228_164127_4674755895_600_800.png,/scratch/parceirosbr/bigoilict/share/BigOil/document_generator/datasets/documents_2021_12_28/18pabc_3cols_20211228_164127_4674755895_600_800.png,18pabc_3cols_20211228_164127_4674755895_600_800_mask.png,Weight
8,1,17,3,522,228,539,231,522,228,539,228,539,231,522,231,text,figure_text,figure_1,,,,18pabc_3cols_20211228_164127_4674755895_600_800.png,/scratch/parceirosbr/bigoilict/share/BigOil/document_generator/datasets/documents_2021_12_28/18pabc_3cols_20211228_164127_4674755895_600_800.png,18pabc_3cols_20211228_164127_4674755895_600_800_mask.png,Water [ML]
8,1,17,3,522,228,539,231,522,228,539,228,539,231,522,231,sub_line_text,figure_text,figure_1,,,,18pabc_3cols_20211228_164127_4674755895_600_800.png,/scratch/parceirosbr/bigoilict/share/BigOil/document_generator/datasets/documents_2021_12_28/18pabc_3cols_20211228_164127_4674755895_600_800.png,18pabc_3cols_20211228_164127_4674755895_600_800_mask.png,Water [ML]
10,1,21,3,463,216,484,219,463,216,484,216,484,219,463,219,text,figure_text,figure_1,,,,18pabc_3cols_20211228_164127_4674755895_600_800.png,/scratch/parceirosbr/bigoilict/share/BigOil/document_generator/datasets/documents_2021_12_28/18pabc_3cols_20211228_164127_4674755895_600_800.png,18pabc_3cols_20211228_164127_4674755895_600_800_mask.png,Services [N]
10,1,21,3,463,216,484,219,463,216,484,216,484,219,463,219,sub_line_text,figure_text,figure_1,,,,18pabc_3cols_20211228_164127_4674755895_600_800.png,/scratch/parceirosbr/bigoilict/share/BigOil/document_generator/datasets/documents_2021_12_28/18pabc_3cols_20211228_164127_4674755895_600_800.png,18pabc_3cols_20211228_164127_4674755895_600_800_mask.png,Services [N]
9,1,18,3,525,203,543,206,525,203,543,203,543,206,525,206,text,figure_text,figure_1,,,,18pabc_3cols_20211228_164127_4674755895_600_800.png,/scratch/parceirosbr/bigoilict/share/BigOil/document_generator/datasets/documents_2021_12_28/18pabc_3cols_20211228_164127_4674755895_600_800.png,18pabc_3cols_20211228_164127_4674755895_600_800_mask.png,Quality[TB]
9,1,18,3,525,203,543,206,525,203,543,203,543,206,525,206,sub_line_text,figure_text,figure_1,,,,18pabc_3cols_20211228_164127_4674755895_600_800.png,/scratch/parceirosbr/bigoilict/share/BigOil/document_generator/datasets/documents_2021_12_28/18pabc_3cols_20211228_164127_4674755895_600_800.png,18pabc_3cols_20211228_164127_4674755895_600_800_mask.png,Quality[TB]
7,1,15,2,423,237,438,239,423,237,438,237,438,239,423,239,text,figure_text,figure_1,,,,18pabc_3cols_20211228_164127_4674755895_600_800.png,/scratch/parceirosbr/bigoilict/share/BigOil/document_generator/datasets/documents_2021_12_28/18pabc_3cols_20211228_164127_4674755895_600_800.png,18pabc_3cols_20211228_164127_4674755895_600_800_mask.png,-7002.927
7,1,15,2,423,237,438,239,423,237,438,237,438,239,423,239,sub_line_text,figure_text,figure_1,,,,18pabc_3cols_20211228_164127_4674755895_600_800.png,/scratch/parceirosbr/bigoilict/share/BigOil/document_generator/datasets/documents_2021_12_28/18pabc_3cols_20211228_164127_4674755895_600_800.png,18pabc_3cols_20211228_164127_4674755895_600_800_mask.png,-7002.927
7,1,14,3,476,210,490,213,476,210,490,210,490,213,476,213,text,figure_text,figure_1,,,,18pabc_3cols_20211228_164127_4674755895_600_800.png,/scratch/parceirosbr/bigoilict/share/BigOil/document_generator/datasets/documents_2021_12_28/18pabc_3cols_20211228_164127_4674755895_600_800.png,18pabc_3cols_20211228_164127_4674755895_600_800_mask.png,Training
7,1,14,3,476,210,490,213,476,210,490,210,490,213,476,213,sub_line_text,figure_text,figure_1,,,,18pabc_3cols_20211228_164127_4674755895_600_800.png,/scratch/parceirosbr/bigoilict/share/BigOil/document_generator/datasets/documents_2021_12_28/18pabc_3cols_20211228_164127_4674755895_600_800.png,18pabc_3cols_20211228_164127_4674755895_600_800_mask.png,Training
6,1,12,3,456,273,468,276,456,273,468,273,468,276,456,276,text,figure_text,figure_1,,,,18pabc_3cols_20211228_164127_4674755895_600_800.png,/scratch/parceirosbr/bigoilict/share/BigOil/document_generator/datasets/documents_2021_12_28/18pabc_3cols_20211228_164127_4674755895_600_800.png,18pabc_3cols_20211228_164127_4674755895_600_800_mask.png,Fluency
6,1,12,3,456,273,468,276,456,273,468,273,468,276,456,276,sub_line_text,figure_text,figure_1,,,,18pabc_3cols_20211228_164127_4674755895_600_800.png,/scratch/parceirosbr/bigoilict/share/BigOil/document_generator/datasets/documents_2021_12_28/18pabc_3cols_20211228_164127_4674755895_600_800.png,18pabc_3cols_20211228_164127_4674755895_600_800_mask.png,Fluency
4,1,8,2,416,260,424,262,416,260,424,260,424,262,416,262,text,figure_text,figure_1,,,,18pabc_3cols_20211228_164127_4674755895_600_800.png,/scratch/parceirosbr/bigoilict/share/BigOil/document_generator/datasets/documents_2021_12_28/18pabc_3cols_20211228_164127_4674755895_600_800.png,18pabc_3cols_20211228_164127_4674755895_600_800_mask.png,-3320
4,1,8,2,416,260,424,262,416,260,424,260,424,262,416,262,sub_line_text,figure_text,figure_1,,,,18pabc_3cols_20211228_164127_4674755895_600_800.png,/scratch/parceirosbr/bigoilict/share/BigOil/document_generator/datasets/documents_2021_12_28/18pabc_3cols_20211228_164127_4674755895_600_800.png,18pabc_3cols_20211228_164127_4674755895_600_800_mask.png,-3320
58,4,117,9,434,294,551,303,434,294,551,294,551,303,434,303,sub_line_text,text,text_9,raleway,regular,7,18pabc_3cols_20211228_164127_4674755895_600_800.png,/scratch/parceirosbr/bigoilict/share/BigOil/document_generator/datasets/documents_2021_12_28/18pabc_3cols_20211228_164127_4674755895_600_800.png,18pabc_3cols_20211228_164127_4674755895_600_800_mask.png,Gráfico  12  de aumento do consumo
74,4,148,9,404,307,552,316,404,307,552,307,552,316,404,316,sub_line_text,text,text_9,raleway,regular,7,18pabc_3cols_20211228_164127_4674755895_600_800.png,/scratch/parceirosbr/bigoilict/share/BigOil/document_generator/datasets/documents_2021_12_28/18pabc_3cols_20211228_164127_4674755895_600_800.png,18pabc_3cols_20211228_164127_4674755895_600_800_mask.png,de  petróleo  por  categoria  de  uso  (em  mto-
73,4,147,9,404,320,551,329,404,320,551,320,551,329,404,329,sub_line_text,text,text_9,raleway,regular,7,18pabc_3cols_20211228_164127_4674755895_600_800.png,/scratch/parceirosbr/bigoilict/share/BigOil/document_generator/datasets/documents_2021_12_28/18pabc_3cols_20211228_164127_4674755895_600_800.png,18pabc_3cols_20211228_164127_4674755895_600_800_mask.png,eperíodo  de  2007  a  2030). Houve ligeira re-
74,4,148,9,404,333,552,342,404,333,552,333,552,342,404,342,sub_line_text,text,text_9,raleway,regular,7,18pabc_3cols_20211228_164127_4674755895_600_800.png,/scratch/parceirosbr/bigoilict/share/BigOil/document_generator/datasets/documents_2021_12_28/18pabc_3cols_20211228_164127_4674755895_600_800.png,18pabc_3cols_20211228_164127_4674755895_600_800_mask.png,dução  da  demanda  de  ga-solina  e  o recuo
73,4,147,9,404,346,551,355,404,346,551,346,551,355,404,355,sub_line_text,text,text_9,raleway,regular,7,18pabc_3cols_20211228_164127_4674755895_600_800.png,/scratch/parceirosbr/bigoilict/share/BigOil/document_generator/datasets/documents_2021_12_28/18pabc_3cols_20211228_164127_4674755895_600_800.png,18pabc_3cols_20211228_164127_4674755895_600_800_mask.png,"de   24%   da  importação  deste  combustível,"
67,4,134,9,404,359,538,368,404,359,538,359,538,368,404,368,sub_line_text,text,text_9,raleway,regular,7,18pabc_3cols_20211228_164127_4674755895_600_800.png,/scratch/parceirosbr/bigoilict/share/BigOil/document_generator/datasets/documents_2021_12_28/18pabc_3cols_20211228_164127_4674755895_600_800.png,18pabc_3cols_20211228_164127_4674755895_600_800_mask.png,explicado em parte pelo aumento da mist.
74,37,148,74,404,294,552,368,404,294,552,294,552,368,404,368,text,text,text_9,raleway,regular,7,18pabc_3cols_20211228_164127_4674755895_600_800.png,/scratch/parceirosbr/bigoilict/share/BigOil/document_generator/datasets/documents_2021_12_28/18pabc_3cols_20211228_164127_4674755895_600_800.png,18pabc_3cols_20211228_164127_4674755895_600_800_mask.png,nan
59,4,118,9,434,372,552,381,434,372,552,372,552,381,434,381,sub_line_text,text,text_10,raleway,regular,7,18pabc_3cols_20211228_164127_4674755895_600_800.png,/scratch/parceirosbr/bigoilict/share/BigOil/document_generator/datasets/documents_2021_12_28/18pabc_3cols_20211228_164127_4674755895_600_800.png,18pabc_3cols_20211228_164127_4674755895_600_800_mask.png,Não   obstante   a  sazonalidade  dos
73,4,147,9,404,385,551,394,404,385,551,385,551,394,404,394,sub_line_text,text,text_10,raleway,regular,7,18pabc_3cols_20211228_164127_4674755895_600_800.png,/scratch/parceirosbr/bigoilict/share/BigOil/document_generator/datasets/documents_2021_12_28/18pabc_3cols_20211228_164127_4674755895_600_800.png,18pabc_3cols_20211228_164127_4674755895_600_800_mask.png,"preços  do  biocombustível,  os  preços  de  p-"
73,4,147,9,404,398,551,407,404,398,551,398,551,407,404,407,sub_line_text,text,text_10,raleway,regular,7,18pabc_3cols_20211228_164127_4674755895_600_800.png,/scratch/parceirosbr/bigoilict/share/BigOil/document_generator/datasets/documents_2021_12_28/18pabc_3cols_20211228_164127_4674755895_600_800.png,18pabc_3cols_20211228_164127_4674755895_600_800_mask.png,rodução  do  etanol  anidro não ascenderam o
74,4,148,9,404,411,552,420,404,411,552,411,552,420,404,420,sub_line_text,text,text_10,raleway,regular,7,18pabc_3cols_20211228_164127_4674755895_600_800.png,/scratch/parceirosbr/bigoilict/share/BigOil/document_generator/datasets/documents_2021_12_28/18pabc_3cols_20211228_164127_4674755895_600_800.png,18pabc_3cols_20211228_164127_4674755895_600_800_mask.png,suciente  ao  longo  de 2012 para ocasionar e-
74,4,148,9,404,424,552,433,404,424,552,424,552,433,404,433,sub_line_text,text,text_10,raleway,regular,7,18pabc_3cols_20211228_164127_4674755895_600_800.png,/scratch/parceirosbr/bigoilict/share/BigOil/document_generator/datasets/documents_2021_12_28/18pabc_3cols_20211228_164127_4674755895_600_800.png,18pabc_3cols_20211228_164127_4674755895_600_800_mask.png,levações   nos   preços   de  distribuição  e  de
74,4,148,9,404,437,552,446,404,437,552,437,552,446,404,446,sub_line_text,text,text_10,raleway,regular,7,18pabc_3cols_20211228_164127_4674755895_600_800.png,/scratch/parceirosbr/bigoilict/share/BigOil/document_generator/datasets/documents_2021_12_28/18pabc_3cols_20211228_164127_4674755895_600_800.png,18pabc_3cols_20211228_164127_4674755895_600_800_mask.png,"revenda  de  gasolina  comum,  como aconte-"
73,4,147,9,404,450,551,459,404,450,551,450,551,459,404,459,sub_line_text,text,text_10,raleway,regular,7,18pabc_3cols_20211228_164127_4674755895_600_800.png,/scratch/parceirosbr/bigoilict/share/BigOil/document_generator/datasets/documents_2021_12_28/18pabc_3cols_20211228_164127_4674755895_600_800.png,18pabc_3cols_20211228_164127_4674755895_600_800_mask.png,ceu  entre  a  se-gunda  quinzena  de março e
73,4,147,9,404,463,551,472,404,463,551,463,551,472,404,472,sub_line_text,text,text_10,raleway,regular,7,18pabc_3cols_20211228_164127_4674755895_600_800.png,/scratch/parceirosbr/bigoilict/share/BigOil/document_generator/datasets/documents_2021_12_28/18pabc_3cols_20211228_164127_4674755895_600_800.png,18pabc_3cols_20211228_164127_4674755895_600_800_mask.png,"a  primeira  semana  de maio de 2011, quando"
73,4,147,9,404,476,551,485,404,476,551,476,551,485,404,485,sub_line_text,text,text_10,raleway,regular,7,18pabc_3cols_20211228_164127_4674755895_600_800.png,/scratch/parceirosbr/bigoilict/share/BigOil/document_generator/datasets/documents_2021_12_28/18pabc_3cols_20211228_164127_4674755895_600_800.png,18pabc_3cols_20211228_164127_4674755895_600_800_mask.png,o  etanol  anidrocou mais caro do que a gaso-
74,4,148,9,404,489,552,498,404,489,552,489,552,498,404,498,sub_line_text,text,text_10,raleway,regular,7,18pabc_3cols_20211228_164127_4674755895_600_800.png,/scratch/parceirosbr/bigoilict/share/BigOil/document_generator/datasets/documents_2021_12_28/18pabc_3cols_20211228_164127_4674755895_600_800.png,18pabc_3cols_20211228_164127_4674755895_600_800_mask.png,"lina.  Deste modo, um modelo de leilão de va-"
73,4,147,9,404,502,551,511,404,502,551,502,551,511,404,511,sub_line_text,text,text_10,raleway,regular,7,18pabc_3cols_20211228_164127_4674755895_600_800.png,/scratch/parceirosbr/bigoilict/share/BigOil/document_generator/datasets/documents_2021_12_28/18pabc_3cols_20211228_164127_4674755895_600_800.png,18pabc_3cols_20211228_164127_4674755895_600_800_mask.png,lor  comum  é  mais adequado que o leilão de
66,4,133,9,404,515,537,524,404,515,537,515,537,524,404,524,sub_line_text,text,text_10,raleway,regular,7,18pabc_3cols_20211228_164127_4674755895_600_800.png,/scratch/parceirosbr/bigoilict/share/BigOil/document_generator/datasets/documents_2021_12_28/18pabc_3cols_20211228_164127_4674755895_600_800.png,18pabc_3cols_20211228_164127_4674755895_600_800_mask.png,"valor privado. Desta forma,vp= f adotando."
74,76,148,152,404,372,552,524,404,372,552,372,552,524,404,524,text,text,text_10,raleway,regular,7,18pabc_3cols_20211228_164127_4674755895_600_800.png,/scratch/parceirosbr/bigoilict/share/BigOil/document_generator/datasets/documents_2021_12_28/18pabc_3cols_20211228_164127_4674755895_600_800.png,18pabc_3cols_20211228_164127_4674755895_600_800_mask.png,nan
58,4,117,9,434,528,551,537,434,528,551,528,551,537,434,537,sub_line_text,text,text_11,raleway,regular,7,18pabc_3cols_20211228_164127_4674755895_600_800.png,/scratch/parceirosbr/bigoilict/share/BigOil/document_generator/datasets/documents_2021_12_28/18pabc_3cols_20211228_164127_4674755895_600_800.png,18pabc_3cols_20211228_164127_4674755895_600_800_mask.png,As   reservas  provadas  de  gás  nat-
73,4,147,9,404,541,551,550,404,541,551,541,551,550,404,550,sub_line_text,text,text_11,raleway,regular,7,18pabc_3cols_20211228_164127_4674755895_600_800.png,/scratch/parceirosbr/bigoilict/share/BigOil/document_generator/datasets/documents_2021_12_28/18pabc_3cols_20211228_164127_4674755895_600_800.png,18pabc_3cols_20211228_164127_4674755895_600_800_mask.png,"ural  no  alcançaram 219,8 bilhões m em 200-"
73,4,147,9,404,554,551,563,404,554,551,554,551,563,404,563,sub_line_text,text,text_11,raleway,regular,7,18pabc_3cols_20211228_164127_4674755895_600_800.png,/scratch/parceirosbr/bigoilict/share/BigOil/document_generator/datasets/documents_2021_12_28/18pabc_3cols_20211228_164127_4674755895_600_800.png,18pabc_3cols_20211228_164127_4674755895_600_800_mask.png,"1,   representando   66,1%  da  estimativa  para"
73,4,147,9,404,567,551,576,404,567,551,567,551,576,404,576,sub_line_text,text,text_11,raleway,regular,7,18pabc_3cols_20211228_164127_4674755895_600_800.png,/scratch/parceirosbr/bigoilict/share/BigOil/document_generator/datasets/documents_2021_12_28/18pabc_3cols_20211228_164127_4674755895_600_800.png,18pabc_3cols_20211228_164127_4674755895_600_800_mask.png,as   reservas  totais  do  país.  A  avaliação  da
74,4,148,9,404,580,552,589,404,580,552,580,552,589,404,589,sub_line_text,text,text_11,raleway,regular,7,18pabc_3cols_20211228_164127_4674755895_600_800.png,/scratch/parceirosbr/bigoilict/share/BigOil/document_generator/datasets/documents_2021_12_28/18pabc_3cols_20211228_164127_4674755895_600_800.png,18pabc_3cols_20211228_164127_4674755895_600_800_mask.png,do  em  função  da  de  tem mostrado a tendê-
74,4,148,9,404,593,552,602,404,593,552,593,552,602,404,602,sub_line_text,text,text_11,raleway,regular,7,18pabc_3cols_20211228_164127_4674755895_600_800.png,/scratch/parceirosbr/bigoilict/share/BigOil/document_generator/datasets/documents_2021_12_28/18pabc_3cols_20211228_164127_4674755895_600_800.png,18pabc_3cols_20211228_164127_4674755895_600_800_mask.png,ncia  de  deslocamento  da condição de pass-
73,4,147,9,404,606,551,615,404,606,551,606,551,615,404,615,sub_line_text,text,text_11,raleway,regular,7,18pabc_3cols_20211228_164127_4674755895_600_800.png,/scratch/parceirosbr/bigoilict/share/BigOil/document_generator/datasets/documents_2021_12_28/18pabc_3cols_20211228_164127_4674755895_600_800.png,18pabc_3cols_20211228_164127_4674755895_600_800_mask.png,ivação  para  a  de  corrosão  generalizada (c-
69,4,138,9,404,619,542,628,404,619,542,619,542,628,404,628,sub_line_text,text,text_11,raleway,regular,7,18pabc_3cols_20211228_164127_4674755895_600_800.png,/scratch/parceirosbr/bigoilict/share/BigOil/document_generator/datasets/documents_2021_12_28/18pabc_3cols_20211228_164127_4674755895_600_800.png,18pabc_3cols_20211228_164127_4674755895_600_800_mask.png,om redução da para elevada ou localizada.
74,50,148,100,404,528,552,628,404,528,552,528,552,628,404,628,text,text,text_11,raleway,regular,7,18pabc_3cols_20211228_164127_4674755895_600_800.png,/scratch/parceirosbr/bigoilict/share/BigOil/document_generator/datasets/documents_2021_12_28/18pabc_3cols_20211228_164127_4674755895_600_800.png,18pabc_3cols_20211228_164127_4674755895_600_800_mask.png,nan
58,4,117,9,434,632,551,641,434,632,551,632,551,641,434,641,sub_line_text,text,text_12,raleway,regular,7,18pabc_3cols_20211228_164127_4674755895_600_800.png,/scratch/parceirosbr/bigoilict/share/BigOil/document_generator/datasets/documents_2021_12_28/18pabc_3cols_20211228_164127_4674755895_600_800.png,18pabc_3cols_20211228_164127_4674755895_600_800_mask.png,O  filtro  de  sinal  inserido  na malha
74,4,148,9,404,645,552,654,404,645,552,645,552,654,404,654,sub_line_text,text,text_12,raleway,regular,7,18pabc_3cols_20211228_164127_4674755895_600_800.png,/scratch/parceirosbr/bigoilict/share/BigOil/document_generator/datasets/documents_2021_12_28/18pabc_3cols_20211228_164127_4674755895_600_800.png,18pabc_3cols_20211228_164127_4674755895_600_800_mask.png,tem  o  objetivo  de  simular  as  mínimas vari-
73,4,147,9,404,658,551,667,404,658,551,658,551,667,404,667,sub_line_text,text,text_12,raleway,regular,7,18pabc_3cols_20211228_164127_4674755895_600_800.png,/scratch/parceirosbr/bigoilict/share/BigOil/document_generator/datasets/documents_2021_12_28/18pabc_3cols_20211228_164127_4674755895_600_800.png,18pabc_3cols_20211228_164127_4674755895_600_800_mask.png,ações  que  são  aplicadas ao sinal de contro-
73,4,147,9,404,671,551,680,404,671,551,671,551,680,404,680,sub_line_text,text,text_12,raleway,regular,7,18pabc_3cols_20211228_164127_4674755895_600_800.png,/scratch/parceirosbr/bigoilict/share/BigOil/document_generator/datasets/documents_2021_12_28/18pabc_3cols_20211228_164127_4674755895_600_800.png,18pabc_3cols_20211228_164127_4674755895_600_800_mask.png,le  antes  que  este  seja  aplicado  aos  termi-
74,4,148,9,404,684,552,693,404,684,552,684,552,693,404,693,sub_line_text,text,text_12,raleway,regular,7,18pabc_3cols_20211228_164127_4674755895_600_800.png,/scratch/parceirosbr/bigoilict/share/BigOil/document_generator/datasets/documents_2021_12_28/18pabc_3cols_20211228_164127_4674755895_600_800.png,18pabc_3cols_20211228_164127_4674755895_600_800_mask.png,nais   elétricos   da   bomba   corrigindo  picos
26,4,53,9,404,697,457,706,404,697,457,697,457,706,404,706,sub_line_text,text,text_12,raleway,regular,7,18pabc_3cols_20211228_164127_4674755895_600_800.png,/scratch/parceirosbr/bigoilict/share/BigOil/document_generator/datasets/documents_2021_12_28/18pabc_3cols_20211228_164127_4674755895_600_800.png,18pabc_3cols_20211228_164127_4674755895_600_800_mask.png,de sinal e ruídos.
74,37,148,74,404,632,552,706,404,632,552,632,552,706,404,706,text,text,text_12,raleway,regular,7,18pabc_3cols_20211228_164127_4674755895_600_800.png,/scratch/parceirosbr/bigoilict/share/BigOil/document_generator/datasets/documents_2021_12_28/18pabc_3cols_20211228_164127_4674755895_600_800.png,18pabc_3cols_20211228_164127_4674755895_600_800_mask.png,nan
54,4,109,9,434,710,543,719,434,710,543,710,543,719,434,719,sub_line_text,text,text_13,raleway,regular,7,18pabc_3cols_20211228_164127_4674755895_600_800.png,/scratch/parceirosbr/bigoilict/share/BigOil/document_generator/datasets/documents_2021_12_28/18pabc_3cols_20211228_164127_4674755895_600_800.png,18pabc_3cols_20211228_164127_4674755895_600_800_mask.png,"Segundo e colaboradores, um au-."
54,4,109,9,434,710,543,719,434,710,543,710,543,719,434,719,text,text,text_13,raleway,regular,7,18pabc_3cols_20211228_164127_4674755895_600_800.png,/scratch/parceirosbr/bigoilict/share/BigOil/document_generator/datasets/documents_2021_12_28/18pabc_3cols_20211228_164127_4674755895_600_800.png,18pabc_3cols_20211228_164127_4674755895_600_800_mask.png,nan
