center_x,center_y,width,height,xmin,ymin,xmax,ymax,top_left_x,top_left_y,top_right_x,top_right_y,bottom_right_x,bottom_right_y,bottom_left_x,bottom_left_y,label,grouplabel,group,text_font,text_style,size_font,filename,path,filename_mask,content
300,400,600,800,0,0,600,800,0,0,600,0,600,800,0,800,document,,,,,,18pabc_3cols_20211228_164138_7795429486_600_800.png,/scratch/parceirosbr/bigoilict/share/BigOil/document_generator/datasets/documents_2021_12_28/18pabc_3cols_20211228_164138_7795429486_600_800.png,18pabc_3cols_20211228_164138_7795429486_600_800_mask.png,
30,3,60,7,51,48,111,55,51,48,111,48,111,55,51,55,sub_line_text,header,header_1,courier,regular,7,18pabc_3cols_20211228_164138_7795429486_600_800.png,/scratch/parceirosbr/bigoilict/share/BigOil/document_generator/datasets/documents_2021_12_28/18pabc_3cols_20211228_164138_7795429486_600_800.png,18pabc_3cols_20211228_164138_7795429486_600_800_mask.png,Italia (Stogit)
30,3,60,7,51,48,111,55,51,48,111,48,111,55,51,55,text,header,header_1,courier,regular,7,18pabc_3cols_20211228_164138_7795429486_600_800.png,/scratch/parceirosbr/bigoilict/share/BigOil/document_generator/datasets/documents_2021_12_28/18pabc_3cols_20211228_164138_7795429486_600_800.png,18pabc_3cols_20211228_164138_7795429486_600_800_mask.png,nan
245,1,491,2,51,54,542,56,51,54,542,54,542,56,51,56,line,line,line,,,,18pabc_3cols_20211228_164138_7795429486_600_800.png,/scratch/parceirosbr/bigoilict/share/BigOil/document_generator/datasets/documents_2021_12_28/18pabc_3cols_20211228_164138_7795429486_600_800.png,18pabc_3cols_20211228_164138_7795429486_600_800_mask.png,nan
245,0,491,1,51,721,542,722,51,721,542,721,542,722,51,722,line,line,line,,,,18pabc_3cols_20211228_164138_7795429486_600_800.png,/scratch/parceirosbr/bigoilict/share/BigOil/document_generator/datasets/documents_2021_12_28/18pabc_3cols_20211228_164138_7795429486_600_800.png,18pabc_3cols_20211228_164138_7795429486_600_800_mask.png,nan
4,3,8,6,533,721,541,727,533,721,541,721,541,727,533,727,sub_line_text,numpag,footer_1,courier,regular,7,18pabc_3cols_20211228_164138_7795429486_600_800.png,/scratch/parceirosbr/bigoilict/share/BigOil/document_generator/datasets/documents_2021_12_28/18pabc_3cols_20211228_164138_7795429486_600_800.png,18pabc_3cols_20211228_164138_7795429486_600_800_mask.png,51
4,3,8,6,533,721,541,727,533,721,541,721,541,727,533,727,text,numpag,footer_1,courier,regular,7,18pabc_3cols_20211228_164138_7795429486_600_800.png,/scratch/parceirosbr/bigoilict/share/BigOil/document_generator/datasets/documents_2021_12_28/18pabc_3cols_20211228_164138_7795429486_600_800.png,18pabc_3cols_20211228_164138_7795429486_600_800_mask.png,nan
2,3,4,6,527,721,531,727,527,721,531,721,531,727,527,727,sub_line_text,footer,footer_1,courier,regular,7,18pabc_3cols_20211228_164138_7795429486_600_800.png,/scratch/parceirosbr/bigoilict/share/BigOil/document_generator/datasets/documents_2021_12_28/18pabc_3cols_20211228_164138_7795429486_600_800.png,18pabc_3cols_20211228_164138_7795429486_600_800_mask.png,|
2,3,4,6,527,721,531,727,527,721,531,721,531,727,527,727,text,footer,footer_1,courier,regular,7,18pabc_3cols_20211228_164138_7795429486_600_800.png,/scratch/parceirosbr/bigoilict/share/BigOil/document_generator/datasets/documents_2021_12_28/18pabc_3cols_20211228_164138_7795429486_600_800.png,18pabc_3cols_20211228_164138_7795429486_600_800_mask.png,nan
20,3,40,6,486,721,526,727,486,721,526,721,526,727,486,727,sub_line_text,footer,footer_1,courier,regular,7,18pabc_3cols_20211228_164138_7795429486_600_800.png,/scratch/parceirosbr/bigoilict/share/BigOil/document_generator/datasets/documents_2021_12_28/18pabc_3cols_20211228_164138_7795429486_600_800.png,18pabc_3cols_20211228_164138_7795429486_600_800_mask.png,A adsorção
20,3,40,6,486,721,526,727,486,721,526,721,526,727,486,727,text,footer,footer_1,courier,regular,7,18pabc_3cols_20211228_164138_7795429486_600_800.png,/scratch/parceirosbr/bigoilict/share/BigOil/document_generator/datasets/documents_2021_12_28/18pabc_3cols_20211228_164138_7795429486_600_800.png,18pabc_3cols_20211228_164138_7795429486_600_800_mask.png,nan
60,4,120,9,174,62,294,71,174,62,294,62,294,71,174,71,sub_line_text,subsubtitle,subsubtitle_0,courier,bolditalic,8,18pabc_3cols_20211228_164138_7795429486_600_800.png,/scratch/parceirosbr/bigoilict/share/BigOil/document_generator/datasets/documents_2021_12_28/18pabc_3cols_20211228_164138_7795429486_600_800.png,18pabc_3cols_20211228_164138_7795429486_600_800_mask.png,Reduce energy costs with
60,4,120,9,174,62,294,71,174,62,294,62,294,71,174,71,title,subsubtitle,subsubtitle_0,courier,bolditalic,8,18pabc_3cols_20211228_164138_7795429486_600_800.png,/scratch/parceirosbr/bigoilict/share/BigOil/document_generator/datasets/documents_2021_12_28/18pabc_3cols_20211228_164138_7795429486_600_800.png,18pabc_3cols_20211228_164138_7795429486_600_800_mask.png,nan
212,3,424,7,111,77,535,84,111,77,535,77,535,84,111,84,sub_line_text,text,text_0,courier,regular,7,18pabc_3cols_20211228_164138_7795429486_600_800.png,/scratch/parceirosbr/bigoilict/share/BigOil/document_generator/datasets/documents_2021_12_28/18pabc_3cols_20211228_164138_7795429486_600_800.png,18pabc_3cols_20211228_164138_7795429486_600_800_mask.png,The  composition  of  the  drilling fluid depends on the particular requirements of each type of drilling.
242,3,484,7,51,88,535,95,51,88,535,88,535,95,51,95,sub_line_text,text,text_0,courier,regular,7,18pabc_3cols_20211228_164138_7795429486_600_800.png,/scratch/parceirosbr/bigoilict/share/BigOil/document_generator/datasets/documents_2021_12_28/18pabc_3cols_20211228_164138_7795429486_600_800.png,18pabc_3cols_20211228_164138_7795429486_600_800_mask.png,"A  etapa  de blocos ex-ploratórios, realizada em outubro de 2015, resultou na concessão de 37 blocos para 17 empresas; na"
242,3,484,7,51,99,535,106,51,99,535,99,535,106,51,106,sub_line_text,text,text_0,courier,regular,7,18pabc_3cols_20211228_164138_7795429486_600_800.png,/scratch/parceirosbr/bigoilict/share/BigOil/document_generator/datasets/documents_2021_12_28/18pabc_3cols_20211228_164138_7795429486_600_800.png,18pabc_3cols_20211228_164138_7795429486_600_800_mask.png,arrecadação  de  121  milhões  em  bônus  de assinatura; e na previsão de 216 milhões em investimentos mínimos. A família
242,3,484,7,51,110,535,117,51,110,535,110,535,117,51,117,sub_line_text,text,text_0,courier,regular,7,18pabc_3cols_20211228_164138_7795429486_600_800.png,/scratch/parceirosbr/bigoilict/share/BigOil/document_generator/datasets/documents_2021_12_28/18pabc_3cols_20211228_164138_7795429486_600_800.png,18pabc_3cols_20211228_164138_7795429486_600_800_mask.png,das  adesinas  oligoméricas  tem sido descrita como subfamília de autotransportadoras oligoméricas de ligação de superfí-
242,3,484,7,51,121,535,128,51,121,535,121,535,128,51,128,sub_line_text,text,text_0,courier,regular,7,18pabc_3cols_20211228_164138_7795429486_600_800.png,/scratch/parceirosbr/bigoilict/share/BigOil/document_generator/datasets/documents_2021_12_28/18pabc_3cols_20211228_164138_7795429486_600_800.png,18pabc_3cols_20211228_164138_7795429486_600_800_mask.png,"cie.  A  então, estabeleceu uma metodologia para a classificação dos referidos contratos, que não se resumem apenas ao g-"
242,3,484,7,51,132,535,139,51,132,535,132,535,139,51,139,sub_line_text,text,text_0,courier,regular,7,18pabc_3cols_20211228_164138_7795429486_600_800.png,/scratch/parceirosbr/bigoilict/share/BigOil/document_generator/datasets/documents_2021_12_28/18pabc_3cols_20211228_164138_7795429486_600_800.png,18pabc_3cols_20211228_164138_7795429486_600_800_mask.png,"ás  natural  vendido  às companhias locais de distribuição de gás canalizado, mas também contempla os volumes comerciali-"
242,3,484,7,51,143,535,150,51,143,535,143,535,150,51,150,sub_line_text,text,text_0,courier,regular,7,18pabc_3cols_20211228_164138_7795429486_600_800.png,/scratch/parceirosbr/bigoilict/share/BigOil/document_generator/datasets/documents_2021_12_28/18pabc_3cols_20211228_164138_7795429486_600_800.png,18pabc_3cols_20211228_164138_7795429486_600_800_mask.png,"zados  na  boca  do  poço, ou seja, assim que produzido e ainda sem especificação para transporte e consumo. O diesel foi"
238,3,476,7,51,154,527,161,51,154,527,154,527,161,51,161,sub_line_text,text,text_0,courier,regular,7,18pabc_3cols_20211228_164138_7795429486_600_800.png,/scratch/parceirosbr/bigoilict/share/BigOil/document_generator/datasets/documents_2021_12_28/18pabc_3cols_20211228_164138_7795429486_600_800.png,18pabc_3cols_20211228_164138_7795429486_600_800_mask.png,comprado em posto de abastecimento de combustível e o óleo de soja foi comprado em estabelecimento comercial. 4.2.2. e.
242,42,484,84,51,77,535,161,51,77,535,77,535,161,51,161,text,text,text_0,courier,regular,7,18pabc_3cols_20211228_164138_7795429486_600_800.png,/scratch/parceirosbr/bigoilict/share/BigOil/document_generator/datasets/documents_2021_12_28/18pabc_3cols_20211228_164138_7795429486_600_800.png,18pabc_3cols_20211228_164138_7795429486_600_800_mask.png,nan
18,5,36,10,107,167,143,177,107,167,143,167,143,177,107,177,sub_line_text,subtitle,subtitle_0,courier,bolditalic,9,18pabc_3cols_20211228_164138_7795429486_600_800.png,/scratch/parceirosbr/bigoilict/share/BigOil/document_generator/datasets/documents_2021_12_28/18pabc_3cols_20211228_164138_7795429486_600_800.png,18pabc_3cols_20211228_164138_7795429486_600_800_mask.png,Segundo
18,5,36,10,107,167,143,177,107,167,143,167,143,177,107,177,title,subtitle,subtitle_0,courier,bolditalic,9,18pabc_3cols_20211228_164138_7795429486_600_800.png,/scratch/parceirosbr/bigoilict/share/BigOil/document_generator/datasets/documents_2021_12_28/18pabc_3cols_20211228_164138_7795429486_600_800.png,18pabc_3cols_20211228_164138_7795429486_600_800_mask.png,nan
42,3,85,7,111,183,196,190,111,183,196,183,196,190,111,190,sub_line_text,text,text_1,courier,regular,7,18pabc_3cols_20211228_164138_7795429486_600_800.png,/scratch/parceirosbr/bigoilict/share/BigOil/document_generator/datasets/documents_2021_12_28/18pabc_3cols_20211228_164138_7795429486_600_800.png,18pabc_3cols_20211228_164138_7795429486_600_800_mask.png,Such   anomaly  could
72,3,144,7,51,194,195,201,51,194,195,194,195,201,51,201,sub_line_text,text,text_1,courier,regular,7,18pabc_3cols_20211228_164138_7795429486_600_800.png,/scratch/parceirosbr/bigoilict/share/BigOil/document_generator/datasets/documents_2021_12_28/18pabc_3cols_20211228_164138_7795429486_600_800.png,18pabc_3cols_20211228_164138_7795429486_600_800_mask.png,be  associated with lithospheric ma-
72,3,144,7,51,205,195,212,51,205,195,205,195,212,51,212,sub_line_text,text,text_1,courier,regular,7,18pabc_3cols_20211228_164138_7795429486_600_800.png,/scratch/parceirosbr/bigoilict/share/BigOil/document_generator/datasets/documents_2021_12_28/18pabc_3cols_20211228_164138_7795429486_600_800.png,18pabc_3cols_20211228_164138_7795429486_600_800_mask.png,ntle  metasomatism  caused during p-
74,3,148,7,51,216,199,223,51,216,199,216,199,223,51,223,sub_line_text,text,text_1,courier,regular,7,18pabc_3cols_20211228_164138_7795429486_600_800.png,/scratch/parceirosbr/bigoilict/share/BigOil/document_generator/datasets/documents_2021_12_28/18pabc_3cols_20211228_164138_7795429486_600_800.png,18pabc_3cols_20211228_164138_7795429486_600_800_mask.png,"rocesses.  Such a situation, in cert-"
72,3,144,7,51,227,195,234,51,227,195,227,195,234,51,234,sub_line_text,text,text_1,courier,regular,7,18pabc_3cols_20211228_164138_7795429486_600_800.png,/scratch/parceirosbr/bigoilict/share/BigOil/document_generator/datasets/documents_2021_12_28/18pabc_3cols_20211228_164138_7795429486_600_800.png,18pabc_3cols_20211228_164138_7795429486_600_800_mask.png,"ain  contexts,  can cause shortages,"
74,3,148,7,51,238,199,245,51,238,199,238,199,245,51,245,sub_line_text,text,text_1,courier,regular,7,18pabc_3cols_20211228_164138_7795429486_600_800.png,/scratch/parceirosbr/bigoilict/share/BigOil/document_generator/datasets/documents_2021_12_28/18pabc_3cols_20211228_164138_7795429486_600_800.png,18pabc_3cols_20211228_164138_7795429486_600_800_mask.png,"even  if occasional, in certain loca-"
74,3,148,7,51,249,199,256,51,249,199,249,199,256,51,256,sub_line_text,text,text_1,courier,regular,7,18pabc_3cols_20211228_164138_7795429486_600_800.png,/scratch/parceirosbr/bigoilict/share/BigOil/document_generator/datasets/documents_2021_12_28/18pabc_3cols_20211228_164138_7795429486_600_800.png,18pabc_3cols_20211228_164138_7795429486_600_800_mask.png,"tions.  Ou seja, junto a estas explo-"
72,3,144,7,51,260,195,267,51,260,195,260,195,267,51,267,sub_line_text,text,text_1,courier,regular,7,18pabc_3cols_20211228_164138_7795429486_600_800.png,/scratch/parceirosbr/bigoilict/share/BigOil/document_generator/datasets/documents_2021_12_28/18pabc_3cols_20211228_164138_7795429486_600_800.png,18pabc_3cols_20211228_164138_7795429486_600_800_mask.png,rações  surgem os problemas ambient-
72,3,144,7,51,271,195,278,51,271,195,271,195,278,51,278,sub_line_text,text,text_1,courier,regular,7,18pabc_3cols_20211228_164138_7795429486_600_800.png,/scratch/parceirosbr/bigoilict/share/BigOil/document_generator/datasets/documents_2021_12_28/18pabc_3cols_20211228_164138_7795429486_600_800.png,18pabc_3cols_20211228_164138_7795429486_600_800_mask.png,ais  de  despejo de resíduos associ-
72,3,144,7,51,282,195,289,51,282,195,282,195,289,51,289,sub_line_text,text,text_1,courier,regular,7,18pabc_3cols_20211228_164138_7795429486_600_800.png,/scratch/parceirosbr/bigoilict/share/BigOil/document_generator/datasets/documents_2021_12_28/18pabc_3cols_20211228_164138_7795429486_600_800.png,18pabc_3cols_20211228_164138_7795429486_600_800_mask.png,ados  à  produção  de óleo e gás. Os
72,3,144,7,51,293,195,300,51,293,195,293,195,300,51,300,sub_line_text,text,text_1,courier,regular,7,18pabc_3cols_20211228_164138_7795429486_600_800.png,/scratch/parceirosbr/bigoilict/share/BigOil/document_generator/datasets/documents_2021_12_28/18pabc_3cols_20211228_164138_7795429486_600_800.png,18pabc_3cols_20211228_164138_7795429486_600_800_mask.png,resultados  estão  de acordo com aq-
72,3,144,7,51,304,195,311,51,304,195,304,195,311,51,311,sub_line_text,text,text_1,courier,regular,7,18pabc_3cols_20211228_164138_7795429486_600_800.png,/scratch/parceirosbr/bigoilict/share/BigOil/document_generator/datasets/documents_2021_12_28/18pabc_3cols_20211228_164138_7795429486_600_800.png,18pabc_3cols_20211228_164138_7795429486_600_800_mask.png,"ueles  encontrados por et al, que e-"
70,3,140,7,51,315,191,322,51,315,191,315,191,322,51,322,sub_line_text,text,text_1,courier,regular,7,18pabc_3cols_20211228_164138_7795429486_600_800.png,/scratch/parceirosbr/bigoilict/share/BigOil/document_generator/datasets/documents_2021_12_28/18pabc_3cols_20211228_164138_7795429486_600_800.png,18pabc_3cols_20211228_164138_7795429486_600_800_mask.png,ncontraram uma redução de 30 nas c.
74,69,148,139,51,183,199,322,51,183,199,183,199,322,51,322,text,text,text_1,courier,regular,7,18pabc_3cols_20211228_164138_7795429486_600_800.png,/scratch/parceirosbr/bigoilict/share/BigOil/document_generator/datasets/documents_2021_12_28/18pabc_3cols_20211228_164138_7795429486_600_800.png,18pabc_3cols_20211228_164138_7795429486_600_800_mask.png,nan
57,4,115,9,68,328,183,337,68,328,183,328,183,337,68,337,sub_line_text,subsubtitle,subsubtitle_1,courier,bolditalic,8,18pabc_3cols_20211228_164138_7795429486_600_800.png,/scratch/parceirosbr/bigoilict/share/BigOil/document_generator/datasets/documents_2021_12_28/18pabc_3cols_20211228_164138_7795429486_600_800.png,18pabc_3cols_20211228_164138_7795429486_600_800_mask.png,Resultados apresentados
57,4,115,9,68,328,183,337,68,328,183,328,183,337,68,337,title,subsubtitle,subsubtitle_1,courier,bolditalic,8,18pabc_3cols_20211228_164138_7795429486_600_800.png,/scratch/parceirosbr/bigoilict/share/BigOil/document_generator/datasets/documents_2021_12_28/18pabc_3cols_20211228_164138_7795429486_600_800.png,18pabc_3cols_20211228_164138_7795429486_600_800_mask.png,nan
42,3,84,7,111,343,195,350,111,343,195,343,195,350,111,350,sub_line_text,text,text_2,courier,regular,7,18pabc_3cols_20211228_164138_7795429486_600_800.png,/scratch/parceirosbr/bigoilict/share/BigOil/document_generator/datasets/documents_2021_12_28/18pabc_3cols_20211228_164138_7795429486_600_800.png,18pabc_3cols_20211228_164138_7795429486_600_800_mask.png,Na  the  standard  is
72,3,144,7,51,354,195,361,51,354,195,354,195,361,51,361,sub_line_text,text,text_2,courier,regular,7,18pabc_3cols_20211228_164138_7795429486_600_800.png,/scratch/parceirosbr/bigoilict/share/BigOil/document_generator/datasets/documents_2021_12_28/18pabc_3cols_20211228_164138_7795429486_600_800.png,18pabc_3cols_20211228_164138_7795429486_600_800_mask.png,established  through the 14214 stan-
72,3,144,7,51,365,195,372,51,365,195,365,195,372,51,372,sub_line_text,text,text_2,courier,regular,7,18pabc_3cols_20211228_164138_7795429486_600_800.png,/scratch/parceirosbr/bigoilict/share/BigOil/document_generator/datasets/documents_2021_12_28/18pabc_3cols_20211228_164138_7795429486_600_800.png,18pabc_3cols_20211228_164138_7795429486_600_800_mask.png,dard  of the. Micro reactors charac-
72,3,144,7,51,376,195,383,51,376,195,376,195,383,51,383,sub_line_text,text,text_2,courier,regular,7,18pabc_3cols_20211228_164138_7795429486_600_800.png,/scratch/parceirosbr/bigoilict/share/BigOil/document_generator/datasets/documents_2021_12_28/18pabc_3cols_20211228_164138_7795429486_600_800.png,18pabc_3cols_20211228_164138_7795429486_600_800_mask.png,terized  unidimensionally  under mi-
72,3,144,7,51,387,195,394,51,387,195,387,195,394,51,394,sub_line_text,text,text_2,courier,regular,7,18pabc_3cols_20211228_164138_7795429486_600_800.png,/scratch/parceirosbr/bigoilict/share/BigOil/document_generator/datasets/documents_2021_12_28/18pabc_3cols_20211228_164138_7795429486_600_800.png,18pabc_3cols_20211228_164138_7795429486_600_800_mask.png,"llimeter  bands, can offer conditio-"
72,3,144,7,51,398,195,405,51,398,195,398,195,405,51,405,sub_line_text,text,text_2,courier,regular,7,18pabc_3cols_20211228_164138_7795429486_600_800.png,/scratch/parceirosbr/bigoilict/share/BigOil/document_generator/datasets/documents_2021_12_28/18pabc_3cols_20211228_164138_7795429486_600_800.png,18pabc_3cols_20211228_164138_7795429486_600_800_mask.png,ns  for the study of chemical react-
72,3,144,7,51,409,195,416,51,409,195,409,195,416,51,416,sub_line_text,text,text_2,courier,regular,7,18pabc_3cols_20211228_164138_7795429486_600_800.png,/scratch/parceirosbr/bigoilict/share/BigOil/document_generator/datasets/documents_2021_12_28/18pabc_3cols_20211228_164138_7795429486_600_800.png,18pabc_3cols_20211228_164138_7795429486_600_800_mask.png,ion  and process operations with ad-
72,3,144,7,51,420,195,427,51,420,195,420,195,427,51,427,sub_line_text,text,text_2,courier,regular,7,18pabc_3cols_20211228_164138_7795429486_600_800.png,/scratch/parceirosbr/bigoilict/share/BigOil/document_generator/datasets/documents_2021_12_28/18pabc_3cols_20211228_164138_7795429486_600_800.png,18pabc_3cols_20211228_164138_7795429486_600_800_mask.png,vantages  over conventional fixed b-
72,3,144,7,51,431,195,438,51,431,195,431,195,438,51,438,sub_line_text,text,text_2,courier,regular,7,18pabc_3cols_20211228_164138_7795429486_600_800.png,/scratch/parceirosbr/bigoilict/share/BigOil/document_generator/datasets/documents_2021_12_28/18pabc_3cols_20211228_164138_7795429486_600_800.png,18pabc_3cols_20211228_164138_7795429486_600_800_mask.png,"ed  systems. Neste contexto, a prod-"
70,3,140,7,51,442,191,449,51,442,191,442,191,449,51,449,sub_line_text,text,text_2,courier,regular,7,18pabc_3cols_20211228_164138_7795429486_600_800.png,/scratch/parceirosbr/bigoilict/share/BigOil/document_generator/datasets/documents_2021_12_28/18pabc_3cols_20211228_164138_7795429486_600_800.png,18pabc_3cols_20211228_164138_7795429486_600_800_mask.png,ução e uso do biodiesel justifica-.
72,53,144,106,51,343,195,449,51,343,195,343,195,449,51,449,text,text,text_2,courier,regular,7,18pabc_3cols_20211228_164138_7795429486_600_800.png,/scratch/parceirosbr/bigoilict/share/BigOil/document_generator/datasets/documents_2021_12_28/18pabc_3cols_20211228_164138_7795429486_600_800.png,18pabc_3cols_20211228_164138_7795429486_600_800_mask.png,nan
42,3,84,7,111,455,195,462,111,455,195,455,195,462,111,462,sub_line_text,text,text_3,courier,regular,7,18pabc_3cols_20211228_164138_7795429486_600_800.png,/scratch/parceirosbr/bigoilict/share/BigOil/document_generator/datasets/documents_2021_12_28/18pabc_3cols_20211228_164138_7795429486_600_800.png,18pabc_3cols_20211228_164138_7795429486_600_800_mask.png,The  glycerin etheri-
72,3,144,7,51,466,195,473,51,466,195,466,195,473,51,473,sub_line_text,text,text_3,courier,regular,7,18pabc_3cols_20211228_164138_7795429486_600_800.png,/scratch/parceirosbr/bigoilict/share/BigOil/document_generator/datasets/documents_2021_12_28/18pabc_3cols_20211228_164138_7795429486_600_800.png,18pabc_3cols_20211228_164138_7795429486_600_800_mask.png,fication  process  is carried out in
72,3,144,7,51,477,195,484,51,477,195,477,195,484,51,484,sub_line_text,text,text_3,courier,regular,7,18pabc_3cols_20211228_164138_7795429486_600_800.png,/scratch/parceirosbr/bigoilict/share/BigOil/document_generator/datasets/documents_2021_12_28/18pabc_3cols_20211228_164138_7795429486_600_800.png,18pabc_3cols_20211228_164138_7795429486_600_800_mask.png,"the  presence of acidic, homogeneous"
72,3,145,7,51,488,196,495,51,488,196,488,196,495,51,495,sub_line_text,text,text_3,courier,regular,7,18pabc_3cols_20211228_164138_7795429486_600_800.png,/scratch/parceirosbr/bigoilict/share/BigOil/document_generator/datasets/documents_2021_12_28/18pabc_3cols_20211228_164138_7795429486_600_800.png,18pabc_3cols_20211228_164138_7795429486_600_800_mask.png,(mainly  p-toluenesulfonic acid) and
72,3,144,7,51,499,195,506,51,499,195,499,195,506,51,506,sub_line_text,text,text_3,courier,regular,7,18pabc_3cols_20211228_164138_7795429486_600_800.png,/scratch/parceirosbr/bigoilict/share/BigOil/document_generator/datasets/documents_2021_12_28/18pabc_3cols_20211228_164138_7795429486_600_800.png,18pabc_3cols_20211228_164138_7795429486_600_800_mask.png,"heterogeneous  catalysts, the latter"
72,3,145,7,51,510,196,517,51,510,196,510,196,517,51,517,sub_line_text,text,text_3,courier,regular,7,18pabc_3cols_20211228_164138_7795429486_600_800.png,/scratch/parceirosbr/bigoilict/share/BigOil/document_generator/datasets/documents_2021_12_28/18pabc_3cols_20211228_164138_7795429486_600_800.png,18pabc_3cols_20211228_164138_7795429486_600_800_mask.png,being  more used due to the recovery
72,3,144,7,51,521,195,528,51,521,195,521,195,528,51,528,sub_line_text,text,text_3,courier,regular,7,18pabc_3cols_20211228_164138_7795429486_600_800.png,/scratch/parceirosbr/bigoilict/share/BigOil/document_generator/datasets/documents_2021_12_28/18pabc_3cols_20211228_164138_7795429486_600_800.png,18pabc_3cols_20211228_164138_7795429486_600_800_mask.png,of  the  catalyst  at the end of the
74,3,148,7,51,532,199,539,51,532,199,532,199,539,51,539,sub_line_text,text,text_3,courier,regular,7,18pabc_3cols_20211228_164138_7795429486_600_800.png,/scratch/parceirosbr/bigoilict/share/BigOil/document_generator/datasets/documents_2021_12_28/18pabc_3cols_20211228_164138_7795429486_600_800.png,18pabc_3cols_20211228_164138_7795429486_600_800_mask.png,"reaction,  such as ion exchange resi-"
72,3,144,7,51,543,195,550,51,543,195,543,195,550,51,550,sub_line_text,text,text_3,courier,regular,7,18pabc_3cols_20211228_164138_7795429486_600_800.png,/scratch/parceirosbr/bigoilict/share/BigOil/document_generator/datasets/documents_2021_12_28/18pabc_3cols_20211228_164138_7795429486_600_800.png,18pabc_3cols_20211228_164138_7795429486_600_800_mask.png,"ns  (Klépacova,  2006)  and zeolites"
36,3,72,7,51,554,123,561,51,554,123,554,123,561,51,561,sub_line_text,text,text_3,courier,regular,7,18pabc_3cols_20211228_164138_7795429486_600_800.png,/scratch/parceirosbr/bigoilict/share/BigOil/document_generator/datasets/documents_2021_12_28/18pabc_3cols_20211228_164138_7795429486_600_800.png,18pabc_3cols_20211228_164138_7795429486_600_800_mask.png,"(Klépacova, 2007)."
74,53,148,106,51,455,199,561,51,455,199,455,199,561,51,561,text,text,text_3,courier,regular,7,18pabc_3cols_20211228_164138_7795429486_600_800.png,/scratch/parceirosbr/bigoilict/share/BigOil/document_generator/datasets/documents_2021_12_28/18pabc_3cols_20211228_164138_7795429486_600_800.png,18pabc_3cols_20211228_164138_7795429486_600_800_mask.png,nan
44,3,88,7,111,567,199,574,111,567,199,567,199,574,111,574,sub_line_text,text,text_4,courier,regular,7,18pabc_3cols_20211228_164138_7795429486_600_800.png,/scratch/parceirosbr/bigoilict/share/BigOil/document_generator/datasets/documents_2021_12_28/18pabc_3cols_20211228_164138_7795429486_600_800.png,18pabc_3cols_20211228_164138_7795429486_600_800_mask.png,Neste  processo foi a-
72,3,144,7,51,578,195,585,51,578,195,578,195,585,51,585,sub_line_text,text,text_4,courier,regular,7,18pabc_3cols_20211228_164138_7795429486_600_800.png,/scratch/parceirosbr/bigoilict/share/BigOil/document_generator/datasets/documents_2021_12_28/18pabc_3cols_20211228_164138_7795429486_600_800.png,18pabc_3cols_20211228_164138_7795429486_600_800_mask.png,"plicado  um  filtro de mediana, onde"
72,3,144,7,51,589,195,596,51,589,195,589,195,596,51,596,sub_line_text,text,text_4,courier,regular,7,18pabc_3cols_20211228_164138_7795429486_600_800.png,/scratch/parceirosbr/bigoilict/share/BigOil/document_generator/datasets/documents_2021_12_28/18pabc_3cols_20211228_164138_7795429486_600_800.png,18pabc_3cols_20211228_164138_7795429486_600_800_mask.png,cada  pixel  da imagem é substituído
72,3,144,7,51,600,195,607,51,600,195,600,195,607,51,607,sub_line_text,text,text_4,courier,regular,7,18pabc_3cols_20211228_164138_7795429486_600_800.png,/scratch/parceirosbr/bigoilict/share/BigOil/document_generator/datasets/documents_2021_12_28/18pabc_3cols_20211228_164138_7795429486_600_800.png,18pabc_3cols_20211228_164138_7795429486_600_800_mask.png,pela  mediana  dos  pixels vizinhos.
72,3,144,7,51,611,195,618,51,611,195,611,195,618,51,618,sub_line_text,text,text_4,courier,regular,7,18pabc_3cols_20211228_164138_7795429486_600_800.png,/scratch/parceirosbr/bigoilict/share/BigOil/document_generator/datasets/documents_2021_12_28/18pabc_3cols_20211228_164138_7795429486_600_800.png,18pabc_3cols_20211228_164138_7795429486_600_800_mask.png,"Neste  tópico, foi constatado que 2-"
72,3,144,7,51,622,195,629,51,622,195,622,195,629,51,629,sub_line_text,text,text_4,courier,regular,7,18pabc_3cols_20211228_164138_7795429486_600_800.png,/scratch/parceirosbr/bigoilict/share/BigOil/document_generator/datasets/documents_2021_12_28/18pabc_3cols_20211228_164138_7795429486_600_800.png,18pabc_3cols_20211228_164138_7795429486_600_800_mask.png,00  partículas é um bom número a ser
72,3,144,7,51,633,195,640,51,633,195,633,195,640,51,640,sub_line_text,text,text_4,courier,regular,7,18pabc_3cols_20211228_164138_7795429486_600_800.png,/scratch/parceirosbr/bigoilict/share/BigOil/document_generator/datasets/documents_2021_12_28/18pabc_3cols_20211228_164138_7795429486_600_800.png,18pabc_3cols_20211228_164138_7795429486_600_800_mask.png,usado  na estimativa da taxa de lib-
72,3,144,7,51,644,195,651,51,644,195,644,195,651,51,651,sub_line_text,text,text_4,courier,regular,7,18pabc_3cols_20211228_164138_7795429486_600_800.png,/scratch/parceirosbr/bigoilict/share/BigOil/document_generator/datasets/documents_2021_12_28/18pabc_3cols_20211228_164138_7795429486_600_800.png,18pabc_3cols_20211228_164138_7795429486_600_800_mask.png,eração  de  calor devido a seus bons
72,3,144,7,51,655,195,662,51,655,195,655,195,662,51,662,sub_line_text,text,text_4,courier,regular,7,18pabc_3cols_20211228_164138_7795429486_600_800.png,/scratch/parceirosbr/bigoilict/share/BigOil/document_generator/datasets/documents_2021_12_28/18pabc_3cols_20211228_164138_7795429486_600_800.png,18pabc_3cols_20211228_164138_7795429486_600_800_mask.png,"resultados  para a pressão, quantif-"
72,3,144,7,51,666,195,673,51,666,195,666,195,673,51,673,sub_line_text,text,text_4,courier,regular,7,18pabc_3cols_20211228_164138_7795429486_600_800.png,/scratch/parceirosbr/bigoilict/share/BigOil/document_generator/datasets/documents_2021_12_28/18pabc_3cols_20211228_164138_7795429486_600_800.png,18pabc_3cols_20211228_164138_7795429486_600_800_mask.png,"icados  na  25  e observados nas 28,"
70,3,140,7,51,677,191,684,51,677,191,677,191,684,51,684,sub_line_text,text,text_4,courier,regular,7,18pabc_3cols_20211228_164138_7795429486_600_800.png,/scratch/parceirosbr/bigoilict/share/BigOil/document_generator/datasets/documents_2021_12_28/18pabc_3cols_20211228_164138_7795429486_600_800.png,18pabc_3cols_20211228_164138_7795429486_600_800_mask.png,"33, 38 e 43. também é reforçado pe."
74,58,148,117,51,567,199,684,51,567,199,567,199,684,51,684,text,text,text_4,courier,regular,7,18pabc_3cols_20211228_164138_7795429486_600_800.png,/scratch/parceirosbr/bigoilict/share/BigOil/document_generator/datasets/documents_2021_12_28/18pabc_3cols_20211228_164138_7795429486_600_800.png,18pabc_3cols_20211228_164138_7795429486_600_800_mask.png,nan
42,3,84,7,111,690,195,697,111,690,195,690,195,697,111,697,sub_line_text,text,text_5,courier,regular,7,18pabc_3cols_20211228_164138_7795429486_600_800.png,/scratch/parceirosbr/bigoilict/share/BigOil/document_generator/datasets/documents_2021_12_28/18pabc_3cols_20211228_164138_7795429486_600_800.png,18pabc_3cols_20211228_164138_7795429486_600_800_mask.png,"A  partir  de  então,"
68,3,136,7,51,701,187,708,51,701,187,701,187,708,51,708,sub_line_text,text,text_5,courier,regular,7,18pabc_3cols_20211228_164138_7795429486_600_800.png,/scratch/parceirosbr/bigoilict/share/BigOil/document_generator/datasets/documents_2021_12_28/18pabc_3cols_20211228_164138_7795429486_600_800.png,18pabc_3cols_20211228_164138_7795429486_600_800_mask.png,"com a nula, este cenário mudou e,."
72,9,144,18,51,690,195,708,51,690,195,690,195,708,51,708,text,text,text_5,courier,regular,7,18pabc_3cols_20211228_164138_7795429486_600_800.png,/scratch/parceirosbr/bigoilict/share/BigOil/document_generator/datasets/documents_2021_12_28/18pabc_3cols_20211228_164138_7795429486_600_800.png,18pabc_3cols_20211228_164138_7795429486_600_800_mask.png,nan
42,3,84,7,281,167,365,174,281,167,365,167,365,174,281,174,sub_line_text,text,text_6,courier,regular,7,18pabc_3cols_20211228_164138_7795429486_600_800.png,/scratch/parceirosbr/bigoilict/share/BigOil/document_generator/datasets/documents_2021_12_28/18pabc_3cols_20211228_164138_7795429486_600_800.png,18pabc_3cols_20211228_164138_7795429486_600_800_mask.png,We  proposed a new s-
72,3,144,7,221,178,365,185,221,178,365,178,365,185,221,185,sub_line_text,text,text_6,courier,regular,7,18pabc_3cols_20211228_164138_7795429486_600_800.png,/scratch/parceirosbr/bigoilict/share/BigOil/document_generator/datasets/documents_2021_12_28/18pabc_3cols_20211228_164138_7795429486_600_800.png,18pabc_3cols_20211228_164138_7795429486_600_800_mask.png,equential  iterative algorithm using
72,3,145,7,221,189,366,196,221,189,366,189,366,196,221,196,sub_line_text,text,text_6,courier,regular,7,18pabc_3cols_20211228_164138_7795429486_600_800.png,/scratch/parceirosbr/bigoilict/share/BigOil/document_generator/datasets/documents_2021_12_28/18pabc_3cols_20211228_164138_7795429486_600_800.png,18pabc_3cols_20211228_164138_7795429486_600_800_mask.png,the  xed  stress split approach (Kim
72,3,144,7,221,200,365,207,221,200,365,200,365,207,221,207,sub_line_text,text,text_6,courier,regular,7,18pabc_3cols_20211228_164138_7795429486_600_800.png,/scratch/parceirosbr/bigoilict/share/BigOil/document_generator/datasets/documents_2021_12_28/18pabc_3cols_20211228_164138_7795429486_600_800.png,18pabc_3cols_20211228_164138_7795429486_600_800_mask.png,"et  al., 2011), unprecedented in the"
72,3,144,7,221,211,365,218,221,211,365,211,365,218,221,218,sub_line_text,text,text_6,courier,regular,7,18pabc_3cols_20211228_164138_7795429486_600_800.png,/scratch/parceirosbr/bigoilict/share/BigOil/document_generator/datasets/documents_2021_12_28/18pabc_3cols_20211228_164138_7795429486_600_800.png,18pabc_3cols_20211228_164138_7795429486_600_800_mask.png,application  in  highly compressible
72,3,144,7,221,222,365,229,221,222,365,222,365,229,221,229,sub_line_text,text,text_6,courier,regular,7,18pabc_3cols_20211228_164138_7795429486_600_800.png,/scratch/parceirosbr/bigoilict/share/BigOil/document_generator/datasets/documents_2021_12_28/18pabc_3cols_20211228_164138_7795429486_600_800.png,18pabc_3cols_20211228_164138_7795429486_600_800_mask.png,gas  tanks.  A classe 3 (edificações
72,3,144,7,221,233,365,240,221,233,365,233,365,240,221,240,sub_line_text,text,text_6,courier,regular,7,18pabc_3cols_20211228_164138_7795429486_600_800.png,/scratch/parceirosbr/bigoilict/share/BigOil/document_generator/datasets/documents_2021_12_28/18pabc_3cols_20211228_164138_7795429486_600_800.png,18pabc_3cols_20211228_164138_7795429486_600_800_mask.png,e  regiões de vegetação inundada) e-
72,3,144,7,221,244,365,251,221,244,365,244,365,251,221,251,sub_line_text,text,text_6,courier,regular,7,18pabc_3cols_20211228_164138_7795429486_600_800.png,/scratch/parceirosbr/bigoilict/share/BigOil/document_generator/datasets/documents_2021_12_28/18pabc_3cols_20211228_164138_7795429486_600_800.png,18pabc_3cols_20211228_164138_7795429486_600_800_mask.png,stá  associada a superfícies que pr-
72,3,144,7,221,255,365,262,221,255,365,255,365,262,221,262,sub_line_text,text,text_6,courier,regular,7,18pabc_3cols_20211228_164138_7795429486_600_800.png,/scratch/parceirosbr/bigoilict/share/BigOil/document_generator/datasets/documents_2021_12_28/18pabc_3cols_20211228_164138_7795429486_600_800.png,18pabc_3cols_20211228_164138_7795429486_600_800_mask.png,"ovocam  a reflexão de canto, com fo-"
72,3,144,7,221,266,365,273,221,266,365,266,365,273,221,273,sub_line_text,text,text_6,courier,regular,7,18pabc_3cols_20211228_164138_7795429486_600_800.png,/scratch/parceirosbr/bigoilict/share/BigOil/document_generator/datasets/documents_2021_12_28/18pabc_3cols_20211228_164138_7795429486_600_800.png,18pabc_3cols_20211228_164138_7795429486_600_800_mask.png,rte  sinal de retorno para o sistema
72,3,144,7,221,277,365,284,221,277,365,277,365,284,221,284,sub_line_text,text,text_6,courier,regular,7,18pabc_3cols_20211228_164138_7795429486_600_800.png,/scratch/parceirosbr/bigoilict/share/BigOil/document_generator/datasets/documents_2021_12_28/18pabc_3cols_20211228_164138_7795429486_600_800.png,18pabc_3cols_20211228_164138_7795429486_600_800_mask.png,"sensor,  o que gera ambigüidades, p-"
72,3,144,7,221,288,365,295,221,288,365,288,365,295,221,295,sub_line_text,text,text_6,courier,regular,7,18pabc_3cols_20211228_164138_7795429486_600_800.png,/scratch/parceirosbr/bigoilict/share/BigOil/document_generator/datasets/documents_2021_12_28/18pabc_3cols_20211228_164138_7795429486_600_800.png,18pabc_3cols_20211228_164138_7795429486_600_800_mask.png,ois  podem corresponder tanto a alv-
56,3,112,7,221,299,333,306,221,299,333,299,333,306,221,306,sub_line_text,text,text_6,courier,regular,7,18pabc_3cols_20211228_164138_7795429486_600_800.png,/scratch/parceirosbr/bigoilict/share/BigOil/document_generator/datasets/documents_2021_12_28/18pabc_3cols_20211228_164138_7795429486_600_800.png,18pabc_3cols_20211228_164138_7795429486_600_800_mask.png,os antrópicos como naturais.
72,69,145,139,221,167,366,306,221,167,366,167,366,306,221,306,text,text,text_6,courier,regular,7,18pabc_3cols_20211228_164138_7795429486_600_800.png,/scratch/parceirosbr/bigoilict/share/BigOil/document_generator/datasets/documents_2021_12_28/18pabc_3cols_20211228_164138_7795429486_600_800.png,18pabc_3cols_20211228_164138_7795429486_600_800_mask.png,nan
62,3,124,7,221,312,345,319,221,312,345,312,345,319,221,319,sub_line_text,table_legend,table_0,courier,bolditalic,6,18pabc_3cols_20211228_164138_7795429486_600_800.png,/scratch/parceirosbr/bigoilict/share/BigOil/document_generator/datasets/documents_2021_12_28/18pabc_3cols_20211228_164138_7795429486_600_800.png,18pabc_3cols_20211228_164138_7795429486_600_800_mask.png,Table  124:  Climatologia e va-
62,3,124,7,221,323,345,330,221,323,345,323,345,330,221,330,sub_line_text,table_legend,table_0,courier,bolditalic,6,18pabc_3cols_20211228_164138_7795429486_600_800.png,/scratch/parceirosbr/bigoilict/share/BigOil/document_generator/datasets/documents_2021_12_28/18pabc_3cols_20211228_164138_7795429486_600_800.png,18pabc_3cols_20211228_164138_7795429486_600_800_mask.png,riabilidade  ambiental  marinha
62,3,124,7,221,334,345,341,221,334,345,334,345,341,221,341,sub_line_text,table_legend,table_0,courier,bolditalic,6,18pabc_3cols_20211228_164138_7795429486_600_800.png,/scratch/parceirosbr/bigoilict/share/BigOil/document_generator/datasets/documents_2021_12_28/18pabc_3cols_20211228_164138_7795429486_600_800.png,18pabc_3cols_20211228_164138_7795429486_600_800_mask.png,na  região  do  dos determinada
62,3,125,7,221,345,346,352,221,345,346,345,346,352,221,352,sub_line_text,table_legend,table_0,courier,bolditalic,6,18pabc_3cols_20211228_164138_7795429486_600_800.png,/scratch/parceirosbr/bigoilict/share/BigOil/document_generator/datasets/documents_2021_12_28/18pabc_3cols_20211228_164138_7795429486_600_800.png,18pabc_3cols_20211228_164138_7795429486_600_800_mask.png,por  satélites: resultados pre-
62,3,124,7,221,356,345,363,221,356,345,356,345,363,221,363,sub_line_text,table_legend,table_0,courier,bolditalic,6,18pabc_3cols_20211228_164138_7795429486_600_800.png,/scratch/parceirosbr/bigoilict/share/BigOil/document_generator/datasets/documents_2021_12_28/18pabc_3cols_20211228_164138_7795429486_600_800.png,18pabc_3cols_20211228_164138_7795429486_600_800_mask.png,liminares  do  projeto.   YCbCr
36,3,72,7,221,367,293,374,221,367,293,367,293,374,221,374,sub_line_text,table_legend,table_0,courier,bolditalic,6,18pabc_3cols_20211228_164138_7795429486_600_800.png,/scratch/parceirosbr/bigoilict/share/BigOil/document_generator/datasets/documents_2021_12_28/18pabc_3cols_20211228_164138_7795429486_600_800.png,18pabc_3cols_20211228_164138_7795429486_600_800_mask.png,is not an absolute
62,31,125,62,221,312,346,374,221,312,346,312,346,374,221,374,text,table_legend,table_0,courier,bolditalic,6,18pabc_3cols_20211228_164138_7795429486_600_800.png,/scratch/parceirosbr/bigoilict/share/BigOil/document_generator/datasets/documents_2021_12_28/18pabc_3cols_20211228_164138_7795429486_600_800.png,18pabc_3cols_20211228_164138_7795429486_600_800_mask.png,nan
72,85,144,170,223,379,367,549,223,379,367,379,367,549,223,549,table,table_image,table_0,,,,18pabc_3cols_20211228_164138_7795429486_600_800.png,/scratch/parceirosbr/bigoilict/share/BigOil/document_generator/datasets/documents_2021_12_28/18pabc_3cols_20211228_164138_7795429486_600_800.png,18pabc_3cols_20211228_164138_7795429486_600_800_mask.png,output/gen_tab_20211228_164142_3447906282.png
9,4,18,8,345,383,363,391,345,383,363,383,363,391,345,391,text,table_text,table_0,raleway,bold,7.0,18pabc_3cols_20211228_164138_7795429486_600_800.png,/scratch/parceirosbr/bigoilict/share/BigOil/document_generator/datasets/documents_2021_12_28/18pabc_3cols_20211228_164138_7795429486_600_800.png,18pabc_3cols_20211228_164138_7795429486_600_800_mask.png,balão
9,4,18,8,345,383,363,391,345,383,363,383,363,391,345,391,sub_line_text,table_text,table_0,raleway,bold,7.0,18pabc_3cols_20211228_164138_7795429486_600_800.png,/scratch/parceirosbr/bigoilict/share/BigOil/document_generator/datasets/documents_2021_12_28/18pabc_3cols_20211228_164138_7795429486_600_800.png,18pabc_3cols_20211228_164138_7795429486_600_800_mask.png,balão
12,3,25,7,251,394,276,401,251,394,276,394,276,401,251,401,text,table_text,table_0,raleway,italic,7.0,18pabc_3cols_20211228_164138_7795429486_600_800.png,/scratch/parceirosbr/bigoilict/share/BigOil/document_generator/datasets/documents_2021_12_28/18pabc_3cols_20211228_164138_7795429486_600_800.png,18pabc_3cols_20211228_164138_7795429486_600_800_mask.png,498.693
12,3,25,7,251,394,276,401,251,394,276,394,276,401,251,401,sub_line_text,table_text,table_0,raleway,italic,7.0,18pabc_3cols_20211228_164138_7795429486_600_800.png,/scratch/parceirosbr/bigoilict/share/BigOil/document_generator/datasets/documents_2021_12_28/18pabc_3cols_20211228_164138_7795429486_600_800.png,18pabc_3cols_20211228_164138_7795429486_600_800_mask.png,498.693
12,3,25,7,251,405,276,412,251,405,276,405,276,412,251,412,text,table_text,table_0,raleway,italic,7.0,18pabc_3cols_20211228_164138_7795429486_600_800.png,/scratch/parceirosbr/bigoilict/share/BigOil/document_generator/datasets/documents_2021_12_28/18pabc_3cols_20211228_164138_7795429486_600_800.png,18pabc_3cols_20211228_164138_7795429486_600_800_mask.png,287.959
12,3,25,7,251,405,276,412,251,405,276,405,276,412,251,412,sub_line_text,table_text,table_0,raleway,italic,7.0,18pabc_3cols_20211228_164138_7795429486_600_800.png,/scratch/parceirosbr/bigoilict/share/BigOil/document_generator/datasets/documents_2021_12_28/18pabc_3cols_20211228_164138_7795429486_600_800.png,18pabc_3cols_20211228_164138_7795429486_600_800_mask.png,287.959
10,3,21,7,254,415,275,422,254,415,275,415,275,422,254,422,text,table_text,table_0,raleway,italic,7.0,18pabc_3cols_20211228_164138_7795429486_600_800.png,/scratch/parceirosbr/bigoilict/share/BigOil/document_generator/datasets/documents_2021_12_28/18pabc_3cols_20211228_164138_7795429486_600_800.png,18pabc_3cols_20211228_164138_7795429486_600_800_mask.png,23.739
10,3,21,7,254,415,275,422,254,415,275,415,275,422,254,422,sub_line_text,table_text,table_0,raleway,italic,7.0,18pabc_3cols_20211228_164138_7795429486_600_800.png,/scratch/parceirosbr/bigoilict/share/BigOil/document_generator/datasets/documents_2021_12_28/18pabc_3cols_20211228_164138_7795429486_600_800.png,18pabc_3cols_20211228_164138_7795429486_600_800_mask.png,23.739
10,3,21,7,254,426,275,433,254,426,275,426,275,433,254,433,text,table_text,table_0,raleway,italic,7.0,18pabc_3cols_20211228_164138_7795429486_600_800.png,/scratch/parceirosbr/bigoilict/share/BigOil/document_generator/datasets/documents_2021_12_28/18pabc_3cols_20211228_164138_7795429486_600_800.png,18pabc_3cols_20211228_164138_7795429486_600_800_mask.png,70.869
10,3,21,7,254,426,275,433,254,426,275,426,275,433,254,433,sub_line_text,table_text,table_0,raleway,italic,7.0,18pabc_3cols_20211228_164138_7795429486_600_800.png,/scratch/parceirosbr/bigoilict/share/BigOil/document_generator/datasets/documents_2021_12_28/18pabc_3cols_20211228_164138_7795429486_600_800.png,18pabc_3cols_20211228_164138_7795429486_600_800_mask.png,70.869
14,3,28,7,247,437,275,444,247,437,275,437,275,444,247,444,text,table_text,table_0,raleway,italic,7.0,18pabc_3cols_20211228_164138_7795429486_600_800.png,/scratch/parceirosbr/bigoilict/share/BigOil/document_generator/datasets/documents_2021_12_28/18pabc_3cols_20211228_164138_7795429486_600_800.png,18pabc_3cols_20211228_164138_7795429486_600_800_mask.png,5747.528
14,3,28,7,247,437,275,444,247,437,275,437,275,444,247,444,sub_line_text,table_text,table_0,raleway,italic,7.0,18pabc_3cols_20211228_164138_7795429486_600_800.png,/scratch/parceirosbr/bigoilict/share/BigOil/document_generator/datasets/documents_2021_12_28/18pabc_3cols_20211228_164138_7795429486_600_800.png,18pabc_3cols_20211228_164138_7795429486_600_800_mask.png,5747.528
12,3,24,7,251,447,275,454,251,447,275,447,275,454,251,454,text,table_text,table_0,raleway,italic,7.0,18pabc_3cols_20211228_164138_7795429486_600_800.png,/scratch/parceirosbr/bigoilict/share/BigOil/document_generator/datasets/documents_2021_12_28/18pabc_3cols_20211228_164138_7795429486_600_800.png,18pabc_3cols_20211228_164138_7795429486_600_800_mask.png,876.479
12,3,24,7,251,447,275,454,251,447,275,447,275,454,251,454,sub_line_text,table_text,table_0,raleway,italic,7.0,18pabc_3cols_20211228_164138_7795429486_600_800.png,/scratch/parceirosbr/bigoilict/share/BigOil/document_generator/datasets/documents_2021_12_28/18pabc_3cols_20211228_164138_7795429486_600_800.png,18pabc_3cols_20211228_164138_7795429486_600_800_mask.png,876.479
10,3,21,7,254,458,275,465,254,458,275,458,275,465,254,465,text,table_text,table_0,raleway,italic,7.0,18pabc_3cols_20211228_164138_7795429486_600_800.png,/scratch/parceirosbr/bigoilict/share/BigOil/document_generator/datasets/documents_2021_12_28/18pabc_3cols_20211228_164138_7795429486_600_800.png,18pabc_3cols_20211228_164138_7795429486_600_800_mask.png,76.642
10,3,21,7,254,458,275,465,254,458,275,458,275,465,254,465,sub_line_text,table_text,table_0,raleway,italic,7.0,18pabc_3cols_20211228_164138_7795429486_600_800.png,/scratch/parceirosbr/bigoilict/share/BigOil/document_generator/datasets/documents_2021_12_28/18pabc_3cols_20211228_164138_7795429486_600_800.png,18pabc_3cols_20211228_164138_7795429486_600_800_mask.png,76.642
10,3,20,7,255,469,275,476,255,469,275,469,275,476,255,476,text,table_text,table_0,raleway,italic,7.0,18pabc_3cols_20211228_164138_7795429486_600_800.png,/scratch/parceirosbr/bigoilict/share/BigOil/document_generator/datasets/documents_2021_12_28/18pabc_3cols_20211228_164138_7795429486_600_800.png,18pabc_3cols_20211228_164138_7795429486_600_800_mask.png,60.932
10,3,20,7,255,469,275,476,255,469,275,469,275,476,255,476,sub_line_text,table_text,table_0,raleway,italic,7.0,18pabc_3cols_20211228_164138_7795429486_600_800.png,/scratch/parceirosbr/bigoilict/share/BigOil/document_generator/datasets/documents_2021_12_28/18pabc_3cols_20211228_164138_7795429486_600_800.png,18pabc_3cols_20211228_164138_7795429486_600_800_mask.png,60.932
12,3,24,7,251,480,275,487,251,480,275,480,275,487,251,487,text,table_text,table_0,raleway,italic,7.0,18pabc_3cols_20211228_164138_7795429486_600_800.png,/scratch/parceirosbr/bigoilict/share/BigOil/document_generator/datasets/documents_2021_12_28/18pabc_3cols_20211228_164138_7795429486_600_800.png,18pabc_3cols_20211228_164138_7795429486_600_800_mask.png,630.799
12,3,24,7,251,480,275,487,251,480,275,480,275,487,251,487,sub_line_text,table_text,table_0,raleway,italic,7.0,18pabc_3cols_20211228_164138_7795429486_600_800.png,/scratch/parceirosbr/bigoilict/share/BigOil/document_generator/datasets/documents_2021_12_28/18pabc_3cols_20211228_164138_7795429486_600_800.png,18pabc_3cols_20211228_164138_7795429486_600_800_mask.png,630.799
12,3,25,7,251,490,276,497,251,490,276,490,276,497,251,497,text,table_text,table_0,raleway,italic,7.0,18pabc_3cols_20211228_164138_7795429486_600_800.png,/scratch/parceirosbr/bigoilict/share/BigOil/document_generator/datasets/documents_2021_12_28/18pabc_3cols_20211228_164138_7795429486_600_800.png,18pabc_3cols_20211228_164138_7795429486_600_800_mask.png,238.690
12,3,25,7,251,490,276,497,251,490,276,490,276,497,251,497,sub_line_text,table_text,table_0,raleway,italic,7.0,18pabc_3cols_20211228_164138_7795429486_600_800.png,/scratch/parceirosbr/bigoilict/share/BigOil/document_generator/datasets/documents_2021_12_28/18pabc_3cols_20211228_164138_7795429486_600_800.png,18pabc_3cols_20211228_164138_7795429486_600_800_mask.png,238.690
12,3,24,7,251,501,275,508,251,501,275,501,275,508,251,508,text,table_text,table_0,raleway,italic,7.0,18pabc_3cols_20211228_164138_7795429486_600_800.png,/scratch/parceirosbr/bigoilict/share/BigOil/document_generator/datasets/documents_2021_12_28/18pabc_3cols_20211228_164138_7795429486_600_800.png,18pabc_3cols_20211228_164138_7795429486_600_800_mask.png,933.869
12,3,24,7,251,501,275,508,251,501,275,501,275,508,251,508,sub_line_text,table_text,table_0,raleway,italic,7.0,18pabc_3cols_20211228_164138_7795429486_600_800.png,/scratch/parceirosbr/bigoilict/share/BigOil/document_generator/datasets/documents_2021_12_28/18pabc_3cols_20211228_164138_7795429486_600_800.png,18pabc_3cols_20211228_164138_7795429486_600_800_mask.png,933.869
12,3,25,7,251,512,276,519,251,512,276,512,276,519,251,519,text,table_text,table_0,raleway,italic,7.0,18pabc_3cols_20211228_164138_7795429486_600_800.png,/scratch/parceirosbr/bigoilict/share/BigOil/document_generator/datasets/documents_2021_12_28/18pabc_3cols_20211228_164138_7795429486_600_800.png,18pabc_3cols_20211228_164138_7795429486_600_800_mask.png,247.759
12,3,25,7,251,512,276,519,251,512,276,512,276,519,251,519,sub_line_text,table_text,table_0,raleway,italic,7.0,18pabc_3cols_20211228_164138_7795429486_600_800.png,/scratch/parceirosbr/bigoilict/share/BigOil/document_generator/datasets/documents_2021_12_28/18pabc_3cols_20211228_164138_7795429486_600_800.png,18pabc_3cols_20211228_164138_7795429486_600_800_mask.png,247.759
12,3,24,7,251,522,275,529,251,522,275,522,275,529,251,529,text,table_text,table_0,raleway,italic,7.0,18pabc_3cols_20211228_164138_7795429486_600_800.png,/scratch/parceirosbr/bigoilict/share/BigOil/document_generator/datasets/documents_2021_12_28/18pabc_3cols_20211228_164138_7795429486_600_800.png,18pabc_3cols_20211228_164138_7795429486_600_800_mask.png,714.035
12,3,24,7,251,522,275,529,251,522,275,522,275,529,251,529,sub_line_text,table_text,table_0,raleway,italic,7.0,18pabc_3cols_20211228_164138_7795429486_600_800.png,/scratch/parceirosbr/bigoilict/share/BigOil/document_generator/datasets/documents_2021_12_28/18pabc_3cols_20211228_164138_7795429486_600_800.png,18pabc_3cols_20211228_164138_7795429486_600_800_mask.png,714.035
14,4,28,8,335,533,363,541,335,533,363,533,363,541,335,541,text,table_text,table_0,raleway,bold,7.0,18pabc_3cols_20211228_164138_7795429486_600_800.png,/scratch/parceirosbr/bigoilict/share/BigOil/document_generator/datasets/documents_2021_12_28/18pabc_3cols_20211228_164138_7795429486_600_800.png,18pabc_3cols_20211228_164138_7795429486_600_800_mask.png,4090.023
14,4,28,8,335,533,363,541,335,533,363,533,363,541,335,541,sub_line_text,table_text,table_0,raleway,bold,7.0,18pabc_3cols_20211228_164138_7795429486_600_800.png,/scratch/parceirosbr/bigoilict/share/BigOil/document_generator/datasets/documents_2021_12_28/18pabc_3cols_20211228_164138_7795429486_600_800.png,18pabc_3cols_20211228_164138_7795429486_600_800_mask.png,4090.023
28,3,56,7,308,394,364,401,308,394,364,394,364,401,308,401,text,table_text,table_0,raleway,italic,7.0,18pabc_3cols_20211228_164138_7795429486_600_800.png,/scratch/parceirosbr/bigoilict/share/BigOil/document_generator/datasets/documents_2021_12_28/18pabc_3cols_20211228_164138_7795429486_600_800.png,18pabc_3cols_20211228_164138_7795429486_600_800_mask.png,427864537048.94
28,3,56,7,308,394,364,401,308,394,364,394,364,401,308,401,sub_line_text,table_text,table_0,raleway,italic,7.0,18pabc_3cols_20211228_164138_7795429486_600_800.png,/scratch/parceirosbr/bigoilict/share/BigOil/document_generator/datasets/documents_2021_12_28/18pabc_3cols_20211228_164138_7795429486_600_800.png,18pabc_3cols_20211228_164138_7795429486_600_800_mask.png,427864537048.94
27,3,54,7,309,405,363,412,309,405,363,405,363,412,309,412,text,table_text,table_0,raleway,italic,7.0,18pabc_3cols_20211228_164138_7795429486_600_800.png,/scratch/parceirosbr/bigoilict/share/BigOil/document_generator/datasets/documents_2021_12_28/18pabc_3cols_20211228_164138_7795429486_600_800.png,18pabc_3cols_20211228_164138_7795429486_600_800_mask.png,665020414526.84
27,3,54,7,309,405,363,412,309,405,363,405,363,412,309,412,sub_line_text,table_text,table_0,raleway,italic,7.0,18pabc_3cols_20211228_164138_7795429486_600_800.png,/scratch/parceirosbr/bigoilict/share/BigOil/document_generator/datasets/documents_2021_12_28/18pabc_3cols_20211228_164138_7795429486_600_800.png,18pabc_3cols_20211228_164138_7795429486_600_800_mask.png,665020414526.84
26,3,53,7,310,415,363,422,310,415,363,415,363,422,310,422,text,table_text,table_0,raleway,italic,7.0,18pabc_3cols_20211228_164138_7795429486_600_800.png,/scratch/parceirosbr/bigoilict/share/BigOil/document_generator/datasets/documents_2021_12_28/18pabc_3cols_20211228_164138_7795429486_600_800.png,18pabc_3cols_20211228_164138_7795429486_600_800_mask.png,935982825510.71
26,3,53,7,310,415,363,422,310,415,363,415,363,422,310,422,sub_line_text,table_text,table_0,raleway,italic,7.0,18pabc_3cols_20211228_164138_7795429486_600_800.png,/scratch/parceirosbr/bigoilict/share/BigOil/document_generator/datasets/documents_2021_12_28/18pabc_3cols_20211228_164138_7795429486_600_800.png,18pabc_3cols_20211228_164138_7795429486_600_800_mask.png,935982825510.71
26,3,53,7,310,426,363,433,310,426,363,426,363,433,310,433,text,table_text,table_0,raleway,italic,7.0,18pabc_3cols_20211228_164138_7795429486_600_800.png,/scratch/parceirosbr/bigoilict/share/BigOil/document_generator/datasets/documents_2021_12_28/18pabc_3cols_20211228_164138_7795429486_600_800.png,18pabc_3cols_20211228_164138_7795429486_600_800_mask.png,346689910026.11
26,3,53,7,310,426,363,433,310,426,363,426,363,433,310,433,sub_line_text,table_text,table_0,raleway,italic,7.0,18pabc_3cols_20211228_164138_7795429486_600_800.png,/scratch/parceirosbr/bigoilict/share/BigOil/document_generator/datasets/documents_2021_12_28/18pabc_3cols_20211228_164138_7795429486_600_800.png,18pabc_3cols_20211228_164138_7795429486_600_800_mask.png,346689910026.11
27,3,54,7,309,437,363,444,309,437,363,437,363,444,309,444,text,table_text,table_0,raleway,italic,7.0,18pabc_3cols_20211228_164138_7795429486_600_800.png,/scratch/parceirosbr/bigoilict/share/BigOil/document_generator/datasets/documents_2021_12_28/18pabc_3cols_20211228_164138_7795429486_600_800.png,18pabc_3cols_20211228_164138_7795429486_600_800_mask.png,519460766410.73
27,3,54,7,309,437,363,444,309,437,363,437,363,444,309,444,sub_line_text,table_text,table_0,raleway,italic,7.0,18pabc_3cols_20211228_164138_7795429486_600_800.png,/scratch/parceirosbr/bigoilict/share/BigOil/document_generator/datasets/documents_2021_12_28/18pabc_3cols_20211228_164138_7795429486_600_800.png,18pabc_3cols_20211228_164138_7795429486_600_800_mask.png,519460766410.73
28,3,56,7,308,447,364,454,308,447,364,447,364,454,308,454,text,table_text,table_0,raleway,italic,7.0,18pabc_3cols_20211228_164138_7795429486_600_800.png,/scratch/parceirosbr/bigoilict/share/BigOil/document_generator/datasets/documents_2021_12_28/18pabc_3cols_20211228_164138_7795429486_600_800.png,18pabc_3cols_20211228_164138_7795429486_600_800_mask.png,207859860047.05
28,3,56,7,308,447,364,454,308,447,364,447,364,454,308,454,sub_line_text,table_text,table_0,raleway,italic,7.0,18pabc_3cols_20211228_164138_7795429486_600_800.png,/scratch/parceirosbr/bigoilict/share/BigOil/document_generator/datasets/documents_2021_12_28/18pabc_3cols_20211228_164138_7795429486_600_800.png,18pabc_3cols_20211228_164138_7795429486_600_800_mask.png,207859860047.05
27,3,54,7,309,458,363,465,309,458,363,458,363,465,309,465,text,table_text,table_0,raleway,italic,7.0,18pabc_3cols_20211228_164138_7795429486_600_800.png,/scratch/parceirosbr/bigoilict/share/BigOil/document_generator/datasets/documents_2021_12_28/18pabc_3cols_20211228_164138_7795429486_600_800.png,18pabc_3cols_20211228_164138_7795429486_600_800_mask.png,795529152710.95
27,3,54,7,309,458,363,465,309,458,363,458,363,465,309,465,sub_line_text,table_text,table_0,raleway,italic,7.0,18pabc_3cols_20211228_164138_7795429486_600_800.png,/scratch/parceirosbr/bigoilict/share/BigOil/document_generator/datasets/documents_2021_12_28/18pabc_3cols_20211228_164138_7795429486_600_800.png,18pabc_3cols_20211228_164138_7795429486_600_800_mask.png,795529152710.95
27,3,54,7,309,469,363,476,309,469,363,469,363,476,309,476,text,table_text,table_0,raleway,italic,7.0,18pabc_3cols_20211228_164138_7795429486_600_800.png,/scratch/parceirosbr/bigoilict/share/BigOil/document_generator/datasets/documents_2021_12_28/18pabc_3cols_20211228_164138_7795429486_600_800.png,18pabc_3cols_20211228_164138_7795429486_600_800_mask.png,888025896703.01
27,3,54,7,309,469,363,476,309,469,363,469,363,476,309,476,sub_line_text,table_text,table_0,raleway,italic,7.0,18pabc_3cols_20211228_164138_7795429486_600_800.png,/scratch/parceirosbr/bigoilict/share/BigOil/document_generator/datasets/documents_2021_12_28/18pabc_3cols_20211228_164138_7795429486_600_800.png,18pabc_3cols_20211228_164138_7795429486_600_800_mask.png,888025896703.01
26,3,53,7,310,480,363,487,310,480,363,480,363,487,310,487,text,table_text,table_0,raleway,italic,7.0,18pabc_3cols_20211228_164138_7795429486_600_800.png,/scratch/parceirosbr/bigoilict/share/BigOil/document_generator/datasets/documents_2021_12_28/18pabc_3cols_20211228_164138_7795429486_600_800.png,18pabc_3cols_20211228_164138_7795429486_600_800_mask.png,186956086995.12
26,3,53,7,310,480,363,487,310,480,363,480,363,487,310,487,sub_line_text,table_text,table_0,raleway,italic,7.0,18pabc_3cols_20211228_164138_7795429486_600_800.png,/scratch/parceirosbr/bigoilict/share/BigOil/document_generator/datasets/documents_2021_12_28/18pabc_3cols_20211228_164138_7795429486_600_800.png,18pabc_3cols_20211228_164138_7795429486_600_800_mask.png,186956086995.12
27,3,54,7,309,490,363,497,309,490,363,490,363,497,309,497,text,table_text,table_0,raleway,italic,7.0,18pabc_3cols_20211228_164138_7795429486_600_800.png,/scratch/parceirosbr/bigoilict/share/BigOil/document_generator/datasets/documents_2021_12_28/18pabc_3cols_20211228_164138_7795429486_600_800.png,18pabc_3cols_20211228_164138_7795429486_600_800_mask.png,333421255325.17
27,3,54,7,309,490,363,497,309,490,363,490,363,497,309,497,sub_line_text,table_text,table_0,raleway,italic,7.0,18pabc_3cols_20211228_164138_7795429486_600_800.png,/scratch/parceirosbr/bigoilict/share/BigOil/document_generator/datasets/documents_2021_12_28/18pabc_3cols_20211228_164138_7795429486_600_800.png,18pabc_3cols_20211228_164138_7795429486_600_800_mask.png,333421255325.17
27,3,54,7,309,501,363,508,309,501,363,501,363,508,309,508,text,table_text,table_0,raleway,italic,7.0,18pabc_3cols_20211228_164138_7795429486_600_800.png,/scratch/parceirosbr/bigoilict/share/BigOil/document_generator/datasets/documents_2021_12_28/18pabc_3cols_20211228_164138_7795429486_600_800.png,18pabc_3cols_20211228_164138_7795429486_600_800_mask.png,333148539714.70
27,3,54,7,309,501,363,508,309,501,363,501,363,508,309,508,sub_line_text,table_text,table_0,raleway,italic,7.0,18pabc_3cols_20211228_164138_7795429486_600_800.png,/scratch/parceirosbr/bigoilict/share/BigOil/document_generator/datasets/documents_2021_12_28/18pabc_3cols_20211228_164138_7795429486_600_800.png,18pabc_3cols_20211228_164138_7795429486_600_800_mask.png,333148539714.70
27,3,54,7,309,512,363,519,309,512,363,512,363,519,309,519,text,table_text,table_0,raleway,italic,7.0,18pabc_3cols_20211228_164138_7795429486_600_800.png,/scratch/parceirosbr/bigoilict/share/BigOil/document_generator/datasets/documents_2021_12_28/18pabc_3cols_20211228_164138_7795429486_600_800.png,18pabc_3cols_20211228_164138_7795429486_600_800_mask.png,227365211733.20
27,3,54,7,309,512,363,519,309,512,363,512,363,519,309,519,sub_line_text,table_text,table_0,raleway,italic,7.0,18pabc_3cols_20211228_164138_7795429486_600_800.png,/scratch/parceirosbr/bigoilict/share/BigOil/document_generator/datasets/documents_2021_12_28/18pabc_3cols_20211228_164138_7795429486_600_800.png,18pabc_3cols_20211228_164138_7795429486_600_800_mask.png,227365211733.20
26,3,53,7,310,522,363,529,310,522,363,522,363,529,310,529,text,table_text,table_0,raleway,italic,7.0,18pabc_3cols_20211228_164138_7795429486_600_800.png,/scratch/parceirosbr/bigoilict/share/BigOil/document_generator/datasets/documents_2021_12_28/18pabc_3cols_20211228_164138_7795429486_600_800.png,18pabc_3cols_20211228_164138_7795429486_600_800_mask.png,784491655119.05
26,3,53,7,310,522,363,529,310,522,363,522,363,529,310,529,sub_line_text,table_text,table_0,raleway,italic,7.0,18pabc_3cols_20211228_164138_7795429486_600_800.png,/scratch/parceirosbr/bigoilict/share/BigOil/document_generator/datasets/documents_2021_12_28/18pabc_3cols_20211228_164138_7795429486_600_800.png,18pabc_3cols_20211228_164138_7795429486_600_800_mask.png,784491655119.05
74,43,149,87,221,555,370,642,221,555,370,555,370,642,221,642,list,list,list_1,courier,courier,6,18pabc_3cols_20211228_164138_7795429486_600_800.png,/scratch/parceirosbr/bigoilict/share/BigOil/document_generator/datasets/documents_2021_12_28/18pabc_3cols_20211228_164138_7795429486_600_800.png,18pabc_3cols_20211228_164138_7795429486_600_800_mask.png,
74,3,148,6,221,555,369,561,221,555,369,555,369,561,221,561,sub_line_text,list,list_1,courier,italic,6,18pabc_3cols_20211228_164138_7795429486_600_800.png,/scratch/parceirosbr/bigoilict/share/BigOil/document_generator/datasets/documents_2021_12_28/18pabc_3cols_20211228_164138_7795429486_600_800.png,18pabc_3cols_20211228_164138_7795429486_600_800_mask.png,•  Agradeço  a  todos  os professores
68,3,136,6,233,564,369,570,233,564,369,564,369,570,233,570,sub_line_text,list,list_1,courier,italic,6,18pabc_3cols_20211228_164138_7795429486_600_800.png,/scratch/parceirosbr/bigoilict/share/BigOil/document_generator/datasets/documents_2021_12_28/18pabc_3cols_20211228_164138_7795429486_600_800.png,18pabc_3cols_20211228_164138_7795429486_600_800_mask.png,da  graduação pelo tempo investido
68,3,136,6,233,573,369,579,233,573,369,573,369,579,233,579,sub_line_text,list,list_1,courier,italic,6,18pabc_3cols_20211228_164138_7795429486_600_800.png,/scratch/parceirosbr/bigoilict/share/BigOil/document_generator/datasets/documents_2021_12_28/18pabc_3cols_20211228_164138_7795429486_600_800.png,18pabc_3cols_20211228_164138_7795429486_600_800_mask.png,e  por compartilhar conhecimento e
68,3,136,6,233,582,369,588,233,582,369,582,369,588,233,588,sub_line_text,list,list_1,courier,italic,6,18pabc_3cols_20211228_164138_7795429486_600_800.png,/scratch/parceirosbr/bigoilict/share/BigOil/document_generator/datasets/documents_2021_12_28/18pabc_3cols_20211228_164138_7795429486_600_800.png,18pabc_3cols_20211228_164138_7795429486_600_800_mask.png,"experiência,   em   especial   ao."
18,3,36,6,233,591,269,597,233,591,269,591,269,597,233,597,sub_line_text,list,list_1,courier,italic,6,18pabc_3cols_20211228_164138_7795429486_600_800.png,/scratch/parceirosbr/bigoilict/share/BigOil/document_generator/datasets/documents_2021_12_28/18pabc_3cols_20211228_164138_7795429486_600_800.png,18pabc_3cols_20211228_164138_7795429486_600_800_mask.png,Abstract1
74,3,148,6,221,600,369,606,221,600,369,600,369,606,221,606,sub_line_text,list,list_1,courier,italic,6,18pabc_3cols_20211228_164138_7795429486_600_800.png,/scratch/parceirosbr/bigoilict/share/BigOil/document_generator/datasets/documents_2021_12_28/18pabc_3cols_20211228_164138_7795429486_600_800.png,18pabc_3cols_20211228_164138_7795429486_600_800_mask.png,"•  Por  último, a apresentou elevação"
68,3,136,6,233,609,369,615,233,609,369,609,369,615,233,615,sub_line_text,list,list_1,courier,italic,6,18pabc_3cols_20211228_164138_7795429486_600_800.png,/scratch/parceirosbr/bigoilict/share/BigOil/document_generator/datasets/documents_2021_12_28/18pabc_3cols_20211228_164138_7795429486_600_800.png,18pabc_3cols_20211228_164138_7795429486_600_800_mask.png,"de  4,9%,  totalizando 3,5 milhões"
68,3,136,6,233,618,369,624,233,618,369,618,369,624,233,624,sub_line_text,list,list_1,courier,italic,6,18pabc_3cols_20211228_164138_7795429486_600_800.png,/scratch/parceirosbr/bigoilict/share/BigOil/document_generator/datasets/documents_2021_12_28/18pabc_3cols_20211228_164138_7795429486_600_800.png,18pabc_3cols_20211228_164138_7795429486_600_800_mask.png,de   barris/dia   no   consumo  de
68,3,137,6,233,627,370,633,233,627,370,627,370,633,233,633,sub_line_text,list,list_1,courier,italic,6,18pabc_3cols_20211228_164138_7795429486_600_800.png,/scratch/parceirosbr/bigoilict/share/BigOil/document_generator/datasets/documents_2021_12_28/18pabc_3cols_20211228_164138_7795429486_600_800.png,18pabc_3cols_20211228_164138_7795429486_600_800_mask.png,"petróleo     (3,9%     do    total"
38,3,76,6,233,636,309,642,233,636,309,636,309,642,233,642,sub_line_text,list,list_1,courier,italic,6,18pabc_3cols_20211228_164138_7795429486_600_800.png,/scratch/parceirosbr/bigoilict/share/BigOil/document_generator/datasets/documents_2021_12_28/18pabc_3cols_20211228_164138_7795429486_600_800.png,18pabc_3cols_20211228_164138_7795429486_600_800_mask.png,"mundial).1.. Porém,"
42,3,84,7,281,648,365,655,281,648,365,648,365,655,281,655,sub_line_text,text,text_7,courier,regular,7,18pabc_3cols_20211228_164138_7795429486_600_800.png,/scratch/parceirosbr/bigoilict/share/BigOil/document_generator/datasets/documents_2021_12_28/18pabc_3cols_20211228_164138_7795429486_600_800.png,18pabc_3cols_20211228_164138_7795429486_600_800_mask.png,"Segundo  et al, a un-"
72,3,144,7,221,659,365,666,221,659,365,659,365,666,221,666,sub_line_text,text,text_7,courier,regular,7,18pabc_3cols_20211228_164138_7795429486_600_800.png,/scratch/parceirosbr/bigoilict/share/BigOil/document_generator/datasets/documents_2021_12_28/18pabc_3cols_20211228_164138_7795429486_600_800.png,18pabc_3cols_20211228_164138_7795429486_600_800_mask.png,idade-piloto  de  tratamento avança-
72,3,144,7,221,670,365,677,221,670,365,670,365,677,221,677,sub_line_text,text,text_7,courier,regular,7,18pabc_3cols_20211228_164138_7795429486_600_800.png,/scratch/parceirosbr/bigoilict/share/BigOil/document_generator/datasets/documents_2021_12_28/18pabc_3cols_20211228_164138_7795429486_600_800.png,18pabc_3cols_20211228_164138_7795429486_600_800_mask.png,"do  da  refinaria,  visa não somente"
72,3,144,7,221,681,365,688,221,681,365,681,365,688,221,688,sub_line_text,text,text_7,courier,regular,7,18pabc_3cols_20211228_164138_7795429486_600_800.png,/scratch/parceirosbr/bigoilict/share/BigOil/document_generator/datasets/documents_2021_12_28/18pabc_3cols_20211228_164138_7795429486_600_800.png,18pabc_3cols_20211228_164138_7795429486_600_800_mask.png,ao  atendimento  aos  requisitos das
70,3,140,7,221,692,361,699,221,692,361,692,361,699,221,699,sub_line_text,text,text_7,courier,regular,7,18pabc_3cols_20211228_164138_7795429486_600_800.png,/scratch/parceirosbr/bigoilict/share/BigOil/document_generator/datasets/documents_2021_12_28/18pabc_3cols_20211228_164138_7795429486_600_800.png,18pabc_3cols_20211228_164138_7795429486_600_800_mask.png,"legislações pertinentes, mas princ."
72,25,144,51,221,648,365,699,221,648,365,648,365,699,221,699,text,text,text_7,courier,regular,7,18pabc_3cols_20211228_164138_7795429486_600_800.png,/scratch/parceirosbr/bigoilict/share/BigOil/document_generator/datasets/documents_2021_12_28/18pabc_3cols_20211228_164138_7795429486_600_800.png,18pabc_3cols_20211228_164138_7795429486_600_800_mask.png,nan
42,3,84,7,451,167,535,174,451,167,535,167,535,174,451,174,sub_line_text,text,text_8,courier,regular,7,18pabc_3cols_20211228_164138_7795429486_600_800.png,/scratch/parceirosbr/bigoilict/share/BigOil/document_generator/datasets/documents_2021_12_28/18pabc_3cols_20211228_164138_7795429486_600_800.png,18pabc_3cols_20211228_164138_7795429486_600_800_mask.png,Ao  final dos eventu-
72,3,144,7,391,178,535,185,391,178,535,178,535,185,391,185,sub_line_text,text,text_8,courier,regular,7,18pabc_3cols_20211228_164138_7795429486_600_800.png,/scratch/parceirosbr/bigoilict/share/BigOil/document_generator/datasets/documents_2021_12_28/18pabc_3cols_20211228_164138_7795429486_600_800.png,18pabc_3cols_20211228_164138_7795429486_600_800_mask.png,ais  deslocamentos das curvas de of-
72,3,144,7,391,189,535,196,391,189,535,189,535,196,391,196,sub_line_text,text,text_8,courier,regular,7,18pabc_3cols_20211228_164138_7795429486_600_800.png,/scratch/parceirosbr/bigoilict/share/BigOil/document_generator/datasets/documents_2021_12_28/18pabc_3cols_20211228_164138_7795429486_600_800.png,18pabc_3cols_20211228_164138_7795429486_600_800_mask.png,"erta  e  demanda,  ter-se-á um ponto"
72,3,144,7,391,200,535,207,391,200,535,200,535,207,391,207,sub_line_text,text,text_8,courier,regular,7,18pabc_3cols_20211228_164138_7795429486_600_800.png,/scratch/parceirosbr/bigoilict/share/BigOil/document_generator/datasets/documents_2021_12_28/18pabc_3cols_20211228_164138_7795429486_600_800.png,18pabc_3cols_20211228_164138_7795429486_600_800_mask.png,"de  equilíbrio, o qual reflete a qu-"
72,3,144,7,391,211,535,218,391,211,535,211,535,218,391,218,sub_line_text,text,text_8,courier,regular,7,18pabc_3cols_20211228_164138_7795429486_600_800.png,/scratch/parceirosbr/bigoilict/share/BigOil/document_generator/datasets/documents_2021_12_28/18pabc_3cols_20211228_164138_7795429486_600_800.png,18pabc_3cols_20211228_164138_7795429486_600_800_mask.png,antidade  (Capacidade  de  que  será
72,3,144,7,391,222,535,229,391,222,535,222,535,229,391,229,sub_line_text,text,text_8,courier,regular,7,18pabc_3cols_20211228_164138_7795429486_600_800.png,/scratch/parceirosbr/bigoilict/share/BigOil/document_generator/datasets/documents_2021_12_28/18pabc_3cols_20211228_164138_7795429486_600_800.png,18pabc_3cols_20211228_164138_7795429486_600_800_mask.png,objeto  da licitação e a de do proc-
72,3,145,7,391,233,536,240,391,233,536,233,536,240,391,240,sub_line_text,text,text_8,courier,regular,7,18pabc_3cols_20211228_164138_7795429486_600_800.png,/scratch/parceirosbr/bigoilict/share/BigOil/document_generator/datasets/documents_2021_12_28/18pabc_3cols_20211228_164138_7795429486_600_800.png,18pabc_3cols_20211228_164138_7795429486_600_800_mask.png,esso  licitatório. t ca sust ta a am
72,3,144,7,391,244,535,251,391,244,535,244,535,251,391,251,sub_line_text,text,text_8,courier,regular,7,18pabc_3cols_20211228_164138_7795429486_600_800.png,/scratch/parceirosbr/bigoilict/share/BigOil/document_generator/datasets/documents_2021_12_28/18pabc_3cols_20211228_164138_7795429486_600_800.png,18pabc_3cols_20211228_164138_7795429486_600_800_mask.png,ta  uma a s c t ca. a e i a ia m e a
72,3,144,7,391,255,535,262,391,255,535,255,535,262,391,262,sub_line_text,text,text_8,courier,regular,7,18pabc_3cols_20211228_164138_7795429486_600_800.png,/scratch/parceirosbr/bigoilict/share/BigOil/document_generator/datasets/documents_2021_12_28/18pabc_3cols_20211228_164138_7795429486_600_800.png,18pabc_3cols_20211228_164138_7795429486_600_800_mask.png,iai  e a im i a i e i a e. plant em-
72,3,144,7,391,266,535,273,391,266,535,266,535,273,391,273,sub_line_text,text,text_8,courier,regular,7,18pabc_3cols_20211228_164138_7795429486_600_800.png,/scratch/parceirosbr/bigoilict/share/BigOil/document_generator/datasets/documents_2021_12_28/18pabc_3cols_20211228_164138_7795429486_600_800.png,18pabc_3cols_20211228_164138_7795429486_600_800_mask.png,"issions,  release of methane, leaka-"
72,3,144,7,391,277,535,284,391,277,535,277,535,284,391,284,sub_line_text,text,text_8,courier,regular,7,18pabc_3cols_20211228_164138_7795429486_600_800.png,/scratch/parceirosbr/bigoilict/share/BigOil/document_generator/datasets/documents_2021_12_28/18pabc_3cols_20211228_164138_7795429486_600_800.png,18pabc_3cols_20211228_164138_7795429486_600_800_mask.png,ges  and dust generation from propp-
26,3,52,7,391,288,443,295,391,288,443,288,443,295,391,295,sub_line_text,text,text_8,courier,regular,7,18pabc_3cols_20211228_164138_7795429486_600_800.png,/scratch/parceirosbr/bigoilict/share/BigOil/document_generator/datasets/documents_2021_12_28/18pabc_3cols_20211228_164138_7795429486_600_800.png,18pabc_3cols_20211228_164138_7795429486_600_800_mask.png,ant handling.
72,64,145,128,391,167,536,295,391,167,536,167,536,295,391,295,text,text,text_8,courier,regular,7,18pabc_3cols_20211228_164138_7795429486_600_800.png,/scratch/parceirosbr/bigoilict/share/BigOil/document_generator/datasets/documents_2021_12_28/18pabc_3cols_20211228_164138_7795429486_600_800.png,18pabc_3cols_20211228_164138_7795429486_600_800_mask.png,nan
58,3,116,7,391,301,507,308,391,301,507,301,507,308,391,308,sub_line_text,figure_legend,figure_0,courier,bolditalic,6,18pabc_3cols_20211228_164138_7795429486_600_800.png,/scratch/parceirosbr/bigoilict/share/BigOil/document_generator/datasets/documents_2021_12_28/18pabc_3cols_20211228_164138_7795429486_600_800.png,18pabc_3cols_20211228_164138_7795429486_600_800_mask.png,Fig.  39:  Cunha used the 11-
58,3,116,7,391,312,507,319,391,312,507,312,507,319,391,319,sub_line_text,figure_legend,figure_0,courier,bolditalic,6,18pabc_3cols_20211228_164138_7795429486_600_800.png,/scratch/parceirosbr/bigoilict/share/BigOil/document_generator/datasets/documents_2021_12_28/18pabc_3cols_20211228_164138_7795429486_600_800.png,18pabc_3cols_20211228_164138_7795429486_600_800_mask.png,.0  software  for  simulation
58,3,116,7,391,323,507,330,391,323,507,323,507,330,391,330,sub_line_text,figure_legend,figure_0,courier,bolditalic,6,18pabc_3cols_20211228_164138_7795429486_600_800.png,/scratch/parceirosbr/bigoilict/share/BigOil/document_generator/datasets/documents_2021_12_28/18pabc_3cols_20211228_164138_7795429486_600_800.png,18pabc_3cols_20211228_164138_7795429486_600_800_mask.png,to  develop  a reservoir mesh
54,3,108,7,391,334,499,341,391,334,499,334,499,341,391,341,sub_line_text,figure_legend,figure_0,courier,bolditalic,6,18pabc_3cols_20211228_164138_7795429486_600_800.png,/scratch/parceirosbr/bigoilict/share/BigOil/document_generator/datasets/documents_2021_12_28/18pabc_3cols_20211228_164138_7795429486_600_800.png,18pabc_3cols_20211228_164138_7795429486_600_800_mask.png,with rectangular dimensions
58,20,116,40,391,301,507,341,391,301,507,301,507,341,391,341,text,figure_legend,figure_0,courier,bolditalic,6,18pabc_3cols_20211228_164138_7795429486_600_800.png,/scratch/parceirosbr/bigoilict/share/BigOil/document_generator/datasets/documents_2021_12_28/18pabc_3cols_20211228_164138_7795429486_600_800.png,18pabc_3cols_20211228_164138_7795429486_600_800_mask.png,nan
74,49,149,99,391,346,540,445,391,346,540,346,540,445,391,445,image,figure_image,figure_0,,,,18pabc_3cols_20211228_164138_7795429486_600_800.png,/scratch/parceirosbr/bigoilict/share/BigOil/document_generator/datasets/documents_2021_12_28/18pabc_3cols_20211228_164138_7795429486_600_800.png,18pabc_3cols_20211228_164138_7795429486_600_800_mask.png,output/gen_img_20211228_164145_1885782026.png
7,2,15,4,441,421,456,425,441,421,456,421,456,425,441,425,text,figure_text,figure_0,,,,18pabc_3cols_20211228_164138_7795429486_600_800.png,/scratch/parceirosbr/bigoilict/share/BigOil/document_generator/datasets/documents_2021_12_28/18pabc_3cols_20211228_164138_7795429486_600_800.png,18pabc_3cols_20211228_164138_7795429486_600_800_mask.png,-3718.33
7,2,15,4,441,421,456,425,441,421,456,421,456,425,441,425,sub_line_text,figure_text,figure_0,,,,18pabc_3cols_20211228_164138_7795429486_600_800.png,/scratch/parceirosbr/bigoilict/share/BigOil/document_generator/datasets/documents_2021_12_28/18pabc_3cols_20211228_164138_7795429486_600_800.png,18pabc_3cols_20211228_164138_7795429486_600_800_mask.png,-3718.33
10,3,20,6,435,364,455,370,435,364,455,364,455,370,435,370,text,figure_text,figure_0,,,,18pabc_3cols_20211228_164138_7795429486_600_800.png,/scratch/parceirosbr/bigoilict/share/BigOil/document_generator/datasets/documents_2021_12_28/18pabc_3cols_20211228_164138_7795429486_600_800.png,18pabc_3cols_20211228_164138_7795429486_600_800_mask.png,Experiment
10,3,20,6,435,364,455,370,435,364,455,364,455,370,435,370,sub_line_text,figure_text,figure_0,,,,18pabc_3cols_20211228_164138_7795429486_600_800.png,/scratch/parceirosbr/bigoilict/share/BigOil/document_generator/datasets/documents_2021_12_28/18pabc_3cols_20211228_164138_7795429486_600_800.png,18pabc_3cols_20211228_164138_7795429486_600_800_mask.png,Experiment
10,2,20,5,492,426,512,431,492,426,512,426,512,431,492,431,text,figure_text,figure_0,,,,18pabc_3cols_20211228_164138_7795429486_600_800.png,/scratch/parceirosbr/bigoilict/share/BigOil/document_generator/datasets/documents_2021_12_28/18pabc_3cols_20211228_164138_7795429486_600_800.png,18pabc_3cols_20211228_164138_7795429486_600_800_mask.png,Water (ML)
10,2,20,5,492,426,512,431,492,426,512,426,512,431,492,431,sub_line_text,figure_text,figure_0,,,,18pabc_3cols_20211228_164138_7795429486_600_800.png,/scratch/parceirosbr/bigoilict/share/BigOil/document_generator/datasets/documents_2021_12_28/18pabc_3cols_20211228_164138_7795429486_600_800.png,18pabc_3cols_20211228_164138_7795429486_600_800_mask.png,Water (ML)
5,2,10,4,481,361,491,365,481,361,491,361,491,365,481,365,text,figure_text,figure_0,,,,18pabc_3cols_20211228_164138_7795429486_600_800.png,/scratch/parceirosbr/bigoilict/share/BigOil/document_generator/datasets/documents_2021_12_28/18pabc_3cols_20211228_164138_7795429486_600_800.png,18pabc_3cols_20211228_164138_7795429486_600_800_mask.png,-8883
5,2,10,4,481,361,491,365,481,361,491,361,491,365,481,365,sub_line_text,figure_text,figure_0,,,,18pabc_3cols_20211228_164138_7795429486_600_800.png,/scratch/parceirosbr/bigoilict/share/BigOil/document_generator/datasets/documents_2021_12_28/18pabc_3cols_20211228_164138_7795429486_600_800.png,18pabc_3cols_20211228_164138_7795429486_600_800_mask.png,-8883
7,2,15,4,470,355,485,359,470,355,485,355,485,359,470,359,text,figure_text,figure_0,,,,18pabc_3cols_20211228_164138_7795429486_600_800.png,/scratch/parceirosbr/bigoilict/share/BigOil/document_generator/datasets/documents_2021_12_28/18pabc_3cols_20211228_164138_7795429486_600_800.png,18pabc_3cols_20211228_164138_7795429486_600_800_mask.png,-436.721
7,2,15,4,470,355,485,359,470,355,485,355,485,359,470,359,sub_line_text,figure_text,figure_0,,,,18pabc_3cols_20211228_164138_7795429486_600_800.png,/scratch/parceirosbr/bigoilict/share/BigOil/document_generator/datasets/documents_2021_12_28/18pabc_3cols_20211228_164138_7795429486_600_800.png,18pabc_3cols_20211228_164138_7795429486_600_800_mask.png,-436.721
6,2,13,4,469,409,482,413,469,409,482,409,482,413,469,413,text,figure_text,figure_0,,,,18pabc_3cols_20211228_164138_7795429486_600_800.png,/scratch/parceirosbr/bigoilict/share/BigOil/document_generator/datasets/documents_2021_12_28/18pabc_3cols_20211228_164138_7795429486_600_800.png,18pabc_3cols_20211228_164138_7795429486_600_800_mask.png,Particle
6,2,13,4,469,409,482,413,469,409,482,409,482,413,469,413,sub_line_text,figure_text,figure_0,,,,18pabc_3cols_20211228_164138_7795429486_600_800.png,/scratch/parceirosbr/bigoilict/share/BigOil/document_generator/datasets/documents_2021_12_28/18pabc_3cols_20211228_164138_7795429486_600_800.png,18pabc_3cols_20211228_164138_7795429486_600_800_mask.png,Particle
5,2,10,4,400,389,410,393,400,389,410,389,410,393,400,393,text,figure_text,figure_0,,,,18pabc_3cols_20211228_164138_7795429486_600_800.png,/scratch/parceirosbr/bigoilict/share/BigOil/document_generator/datasets/documents_2021_12_28/18pabc_3cols_20211228_164138_7795429486_600_800.png,18pabc_3cols_20211228_164138_7795429486_600_800_mask.png,666%
5,2,10,4,400,389,410,393,400,389,410,389,410,393,400,393,sub_line_text,figure_text,figure_0,,,,18pabc_3cols_20211228_164138_7795429486_600_800.png,/scratch/parceirosbr/bigoilict/share/BigOil/document_generator/datasets/documents_2021_12_28/18pabc_3cols_20211228_164138_7795429486_600_800.png,18pabc_3cols_20211228_164138_7795429486_600_800_mask.png,666%
5,2,11,4,517,386,528,390,517,386,528,386,528,390,517,390,text,figure_text,figure_0,,,,18pabc_3cols_20211228_164138_7795429486_600_800.png,/scratch/parceirosbr/bigoilict/share/BigOil/document_generator/datasets/documents_2021_12_28/18pabc_3cols_20211228_164138_7795429486_600_800.png,18pabc_3cols_20211228_164138_7795429486_600_800_mask.png,Scores
5,2,11,4,517,386,528,390,517,386,528,386,528,390,517,390,sub_line_text,figure_text,figure_0,,,,18pabc_3cols_20211228_164138_7795429486_600_800.png,/scratch/parceirosbr/bigoilict/share/BigOil/document_generator/datasets/documents_2021_12_28/18pabc_3cols_20211228_164138_7795429486_600_800.png,18pabc_3cols_20211228_164138_7795429486_600_800_mask.png,Scores
15,2,31,5,440,394,471,399,440,394,471,394,471,399,440,399,text,figure_text,figure_0,,,,18pabc_3cols_20211228_164138_7795429486_600_800.png,/scratch/parceirosbr/bigoilict/share/BigOil/document_generator/datasets/documents_2021_12_28/18pabc_3cols_20211228_164138_7795429486_600_800.png,18pabc_3cols_20211228_164138_7795429486_600_800_mask.png,Temperature (a.c)
15,2,31,5,440,394,471,399,440,394,471,394,471,399,440,399,sub_line_text,figure_text,figure_0,,,,18pabc_3cols_20211228_164138_7795429486_600_800.png,/scratch/parceirosbr/bigoilict/share/BigOil/document_generator/datasets/documents_2021_12_28/18pabc_3cols_20211228_164138_7795429486_600_800.png,18pabc_3cols_20211228_164138_7795429486_600_800_mask.png,Temperature (a.c)
7,2,14,5,434,352,448,357,434,352,448,352,448,357,434,357,text,figure_text,figure_0,,,,18pabc_3cols_20211228_164138_7795429486_600_800.png,/scratch/parceirosbr/bigoilict/share/BigOil/document_generator/datasets/documents_2021_12_28/18pabc_3cols_20211228_164138_7795429486_600_800.png,18pabc_3cols_20211228_164138_7795429486_600_800_mask.png,Average
7,2,14,5,434,352,448,357,434,352,448,352,448,357,434,357,sub_line_text,figure_text,figure_0,,,,18pabc_3cols_20211228_164138_7795429486_600_800.png,/scratch/parceirosbr/bigoilict/share/BigOil/document_generator/datasets/documents_2021_12_28/18pabc_3cols_20211228_164138_7795429486_600_800.png,18pabc_3cols_20211228_164138_7795429486_600_800_mask.png,Average
5,2,11,4,506,420,517,424,506,420,517,420,517,424,506,424,text,figure_text,figure_0,,,,18pabc_3cols_20211228_164138_7795429486_600_800.png,/scratch/parceirosbr/bigoilict/share/BigOil/document_generator/datasets/documents_2021_12_28/18pabc_3cols_20211228_164138_7795429486_600_800.png,18pabc_3cols_20211228_164138_7795429486_600_800_mask.png,Videos
5,2,11,4,506,420,517,424,506,420,517,420,517,424,506,424,sub_line_text,figure_text,figure_0,,,,18pabc_3cols_20211228_164138_7795429486_600_800.png,/scratch/parceirosbr/bigoilict/share/BigOil/document_generator/datasets/documents_2021_12_28/18pabc_3cols_20211228_164138_7795429486_600_800.png,18pabc_3cols_20211228_164138_7795429486_600_800_mask.png,Videos
7,2,15,4,507,376,522,380,507,376,522,376,522,380,507,380,text,figure_text,figure_0,,,,18pabc_3cols_20211228_164138_7795429486_600_800.png,/scratch/parceirosbr/bigoilict/share/BigOil/document_generator/datasets/documents_2021_12_28/18pabc_3cols_20211228_164138_7795429486_600_800.png,18pabc_3cols_20211228_164138_7795429486_600_800_mask.png,-2232.29
7,2,15,4,507,376,522,380,507,376,522,376,522,380,507,380,sub_line_text,figure_text,figure_0,,,,18pabc_3cols_20211228_164138_7795429486_600_800.png,/scratch/parceirosbr/bigoilict/share/BigOil/document_generator/datasets/documents_2021_12_28/18pabc_3cols_20211228_164138_7795429486_600_800.png,18pabc_3cols_20211228_164138_7795429486_600_800_mask.png,-2232.29
9,2,18,4,497,357,515,361,497,357,515,357,515,361,497,361,text,figure_text,figure_0,,,,18pabc_3cols_20211228_164138_7795429486_600_800.png,/scratch/parceirosbr/bigoilict/share/BigOil/document_generator/datasets/documents_2021_12_28/18pabc_3cols_20211228_164138_7795429486_600_800.png,18pabc_3cols_20211228_164138_7795429486_600_800_mask.png,-2739.63%
9,2,18,4,497,357,515,361,497,357,515,357,515,361,497,361,sub_line_text,figure_text,figure_0,,,,18pabc_3cols_20211228_164138_7795429486_600_800.png,/scratch/parceirosbr/bigoilict/share/BigOil/document_generator/datasets/documents_2021_12_28/18pabc_3cols_20211228_164138_7795429486_600_800.png,18pabc_3cols_20211228_164138_7795429486_600_800_mask.png,-2739.63%
7,2,15,5,483,404,498,409,483,404,498,404,498,409,483,409,text,figure_text,figure_0,,,,18pabc_3cols_20211228_164138_7795429486_600_800.png,/scratch/parceirosbr/bigoilict/share/BigOil/document_generator/datasets/documents_2021_12_28/18pabc_3cols_20211228_164138_7795429486_600_800.png,18pabc_3cols_20211228_164138_7795429486_600_800_mask.png,-7060.75
7,2,15,5,483,404,498,409,483,404,498,404,498,409,483,409,sub_line_text,figure_text,figure_0,,,,18pabc_3cols_20211228_164138_7795429486_600_800.png,/scratch/parceirosbr/bigoilict/share/BigOil/document_generator/datasets/documents_2021_12_28/18pabc_3cols_20211228_164138_7795429486_600_800.png,18pabc_3cols_20211228_164138_7795429486_600_800_mask.png,-7060.75
8,2,17,4,421,375,438,379,421,375,438,375,438,379,421,379,text,figure_text,figure_0,,,,18pabc_3cols_20211228_164138_7795429486_600_800.png,/scratch/parceirosbr/bigoilict/share/BigOil/document_generator/datasets/documents_2021_12_28/18pabc_3cols_20211228_164138_7795429486_600_800.png,18pabc_3cols_20211228_164138_7795429486_600_800_mask.png,-9498.902
8,2,17,4,421,375,438,379,421,375,438,375,438,379,421,379,sub_line_text,figure_text,figure_0,,,,18pabc_3cols_20211228_164138_7795429486_600_800.png,/scratch/parceirosbr/bigoilict/share/BigOil/document_generator/datasets/documents_2021_12_28/18pabc_3cols_20211228_164138_7795429486_600_800.png,18pabc_3cols_20211228_164138_7795429486_600_800_mask.png,-9498.902
11,2,23,4,406,360,429,364,406,360,429,360,429,364,406,364,text,figure_text,figure_0,,,,18pabc_3cols_20211228_164138_7795429486_600_800.png,/scratch/parceirosbr/bigoilict/share/BigOil/document_generator/datasets/documents_2021_12_28/18pabc_3cols_20211228_164138_7795429486_600_800.png,18pabc_3cols_20211228_164138_7795429486_600_800_mask.png,Demand (KB)
11,2,23,4,406,360,429,364,406,360,429,360,429,364,406,364,sub_line_text,figure_text,figure_0,,,,18pabc_3cols_20211228_164138_7795429486_600_800.png,/scratch/parceirosbr/bigoilict/share/BigOil/document_generator/datasets/documents_2021_12_28/18pabc_3cols_20211228_164138_7795429486_600_800.png,18pabc_3cols_20211228_164138_7795429486_600_800_mask.png,Demand (KB)
42,3,84,7,451,451,535,458,451,451,535,451,535,458,451,458,sub_line_text,text,text_9,courier,regular,7,18pabc_3cols_20211228_164138_7795429486_600_800.png,/scratch/parceirosbr/bigoilict/share/BigOil/document_generator/datasets/documents_2021_12_28/18pabc_3cols_20211228_164138_7795429486_600_800.png,18pabc_3cols_20211228_164138_7795429486_600_800_mask.png,The  adsorbents -1 a-
72,3,144,7,391,462,535,469,391,462,535,462,535,469,391,469,sub_line_text,text,text_9,courier,regular,7,18pabc_3cols_20211228_164138_7795429486_600_800.png,/scratch/parceirosbr/bigoilict/share/BigOil/document_generator/datasets/documents_2021_12_28/18pabc_3cols_20211228_164138_7795429486_600_800.png,18pabc_3cols_20211228_164138_7795429486_600_800_mask.png,nd  0.092 and had adsorptive capaci-
72,3,144,7,391,473,535,480,391,473,535,473,535,480,391,480,sub_line_text,text,text_9,courier,regular,7,18pabc_3cols_20211228_164138_7795429486_600_800.png,/scratch/parceirosbr/bigoilict/share/BigOil/document_generator/datasets/documents_2021_12_28/18pabc_3cols_20211228_164138_7795429486_600_800.png,18pabc_3cols_20211228_164138_7795429486_600_800_mask.png,ties  of 0.084 mmolS.gads-1 and 0.1-
72,3,144,7,391,484,535,491,391,484,535,484,535,491,391,491,sub_line_text,text,text_9,courier,regular,7,18pabc_3cols_20211228_164138_7795429486_600_800.png,/scratch/parceirosbr/bigoilict/share/BigOil/document_generator/datasets/documents_2021_12_28/18pabc_3cols_20211228_164138_7795429486_600_800.png,18pabc_3cols_20211228_164138_7795429486_600_800_mask.png,95  mmolS.gadsof 0.237 respectively.
72,3,144,7,391,495,535,502,391,495,535,495,535,502,391,502,sub_line_text,text,text_9,courier,regular,7,18pabc_3cols_20211228_164138_7795429486_600_800.png,/scratch/parceirosbr/bigoilict/share/BigOil/document_generator/datasets/documents_2021_12_28/18pabc_3cols_20211228_164138_7795429486_600_800.png,18pabc_3cols_20211228_164138_7795429486_600_800_mask.png,But  since it is dead oil and knowi-
72,3,144,7,391,506,535,513,391,506,535,506,535,513,391,513,sub_line_text,text,text_9,courier,regular,7,18pabc_3cols_20211228_164138_7795429486_600_800.png,/scratch/parceirosbr/bigoilict/share/BigOil/document_generator/datasets/documents_2021_12_28/18pabc_3cols_20211228_164138_7795429486_600_800.png,18pabc_3cols_20211228_164138_7795429486_600_800_mask.png,ng  that  only from 300 C there is a
72,3,144,7,391,517,535,524,391,517,535,517,535,524,391,524,sub_line_text,text,text_9,courier,regular,7,18pabc_3cols_20211228_164138_7795429486_600_800.png,/scratch/parceirosbr/bigoilict/share/BigOil/document_generator/datasets/documents_2021_12_28/18pabc_3cols_20211228_164138_7795429486_600_800.png,18pabc_3cols_20211228_164138_7795429486_600_800_mask.png,"small  vaporization  of the oil, the"
72,3,145,7,391,528,536,535,391,528,536,528,536,535,391,535,sub_line_text,text,text_9,courier,regular,7,18pabc_3cols_20211228_164138_7795429486_600_800.png,/scratch/parceirosbr/bigoilict/share/BigOil/document_generator/datasets/documents_2021_12_28/18pabc_3cols_20211228_164138_7795429486_600_800.png,18pabc_3cols_20211228_164138_7795429486_600_800_mask.png,final  adjustment  resulted  in only
28,3,56,7,391,539,447,546,391,539,447,539,447,546,391,546,sub_line_text,text,text_9,courier,regular,7,18pabc_3cols_20211228_164138_7795429486_600_800.png,/scratch/parceirosbr/bigoilict/share/BigOil/document_generator/datasets/documents_2021_12_28/18pabc_3cols_20211228_164138_7795429486_600_800.png,18pabc_3cols_20211228_164138_7795429486_600_800_mask.png,one component.
72,47,145,95,391,451,536,546,391,451,536,451,536,546,391,546,text,text,text_9,courier,regular,7,18pabc_3cols_20211228_164138_7795429486_600_800.png,/scratch/parceirosbr/bigoilict/share/BigOil/document_generator/datasets/documents_2021_12_28/18pabc_3cols_20211228_164138_7795429486_600_800.png,18pabc_3cols_20211228_164138_7795429486_600_800_mask.png,nan
42,3,84,7,451,552,535,559,451,552,535,552,535,559,451,559,sub_line_text,text,text_10,courier,regular,7,18pabc_3cols_20211228_164138_7795429486_600_800.png,/scratch/parceirosbr/bigoilict/share/BigOil/document_generator/datasets/documents_2021_12_28/18pabc_3cols_20211228_164138_7795429486_600_800.png,18pabc_3cols_20211228_164138_7795429486_600_800_mask.png,The  early life stag-
72,3,144,7,391,563,535,570,391,563,535,563,535,570,391,570,sub_line_text,text,text_10,courier,regular,7,18pabc_3cols_20211228_164138_7795429486_600_800.png,/scratch/parceirosbr/bigoilict/share/BigOil/document_generator/datasets/documents_2021_12_28/18pabc_3cols_20211228_164138_7795429486_600_800.png,18pabc_3cols_20211228_164138_7795429486_600_800_mask.png,es  of fish are particularly sensit-
72,3,144,7,391,574,535,581,391,574,535,574,535,581,391,581,sub_line_text,text,text_10,courier,regular,7,18pabc_3cols_20211228_164138_7795429486_600_800.png,/scratch/parceirosbr/bigoilict/share/BigOil/document_generator/datasets/documents_2021_12_28/18pabc_3cols_20211228_164138_7795429486_600_800.png,18pabc_3cols_20211228_164138_7795429486_600_800_mask.png,ive  to xenobiotics. The host and t-
72,3,144,7,391,585,535,592,391,585,535,585,535,592,391,592,sub_line_text,text,text_10,courier,regular,7,18pabc_3cols_20211228_164138_7795429486_600_800.png,/scratch/parceirosbr/bigoilict/share/BigOil/document_generator/datasets/documents_2021_12_28/18pabc_3cols_20211228_164138_7795429486_600_800.png,18pabc_3cols_20211228_164138_7795429486_600_800_mask.png,arget  device are initialized before
72,3,144,7,391,596,535,603,391,596,535,596,535,603,391,603,sub_line_text,text,text_10,courier,regular,7,18pabc_3cols_20211228_164138_7795429486_600_800.png,/scratch/parceirosbr/bigoilict/share/BigOil/document_generator/datasets/documents_2021_12_28/18pabc_3cols_20211228_164138_7795429486_600_800.png,18pabc_3cols_20211228_164138_7795429486_600_800_mask.png,any  construct  or routine executes.
72,3,144,7,391,607,535,614,391,607,535,607,535,614,391,614,sub_line_text,text,text_10,courier,regular,7,18pabc_3cols_20211228_164138_7795429486_600_800.png,/scratch/parceirosbr/bigoilict/share/BigOil/document_generator/datasets/documents_2021_12_28/18pabc_3cols_20211228_164138_7795429486_600_800.png,18pabc_3cols_20211228_164138_7795429486_600_800_mask.png,Oliveira  explains that the compone-
72,3,144,7,391,618,535,625,391,618,535,618,535,625,391,625,sub_line_text,text,text_10,courier,regular,7,18pabc_3cols_20211228_164138_7795429486_600_800.png,/scratch/parceirosbr/bigoilict/share/BigOil/document_generator/datasets/documents_2021_12_28/18pabc_3cols_20211228_164138_7795429486_600_800.png,18pabc_3cols_20211228_164138_7795429486_600_800_mask.png,nts  of the production water genera-
72,3,144,7,391,629,535,636,391,629,535,629,535,636,391,636,sub_line_text,text,text_10,courier,regular,7,18pabc_3cols_20211228_164138_7795429486_600_800.png,/scratch/parceirosbr/bigoilict/share/BigOil/document_generator/datasets/documents_2021_12_28/18pabc_3cols_20211228_164138_7795429486_600_800.png,18pabc_3cols_20211228_164138_7795429486_600_800_mask.png,lly  include  dissolved minerals fr-
72,3,144,7,391,640,535,647,391,640,535,640,535,647,391,647,sub_line_text,text,text_10,courier,regular,7,18pabc_3cols_20211228_164138_7795429486_600_800.png,/scratch/parceirosbr/bigoilict/share/BigOil/document_generator/datasets/documents_2021_12_28/18pabc_3cols_20211228_164138_7795429486_600_800.png,18pabc_3cols_20211228_164138_7795429486_600_800_mask.png,"om  the production formation, disso-"
70,3,140,7,391,651,531,658,391,651,531,651,531,658,391,658,sub_line_text,text,text_10,courier,regular,7,18pabc_3cols_20211228_164138_7795429486_600_800.png,/scratch/parceirosbr/bigoilict/share/BigOil/document_generator/datasets/documents_2021_12_28/18pabc_3cols_20211228_164138_7795429486_600_800.png,18pabc_3cols_20211228_164138_7795429486_600_800_mask.png,lved and dispersed oil constituent.
72,53,144,106,391,552,535,658,391,552,535,552,535,658,391,658,text,text,text_10,courier,regular,7,18pabc_3cols_20211228_164138_7795429486_600_800.png,/scratch/parceirosbr/bigoilict/share/BigOil/document_generator/datasets/documents_2021_12_28/18pabc_3cols_20211228_164138_7795429486_600_800.png,18pabc_3cols_20211228_164138_7795429486_600_800_mask.png,nan
42,3,84,7,451,664,535,671,451,664,535,664,535,671,451,671,sub_line_text,text,text_11,courier,regular,7,18pabc_3cols_20211228_164138_7795429486_600_800.png,/scratch/parceirosbr/bigoilict/share/BigOil/document_generator/datasets/documents_2021_12_28/18pabc_3cols_20211228_164138_7795429486_600_800.png,18pabc_3cols_20211228_164138_7795429486_600_800_mask.png,"Initially,  the curr-"
72,3,144,7,391,675,535,682,391,675,535,675,535,682,391,682,sub_line_text,text,text_11,courier,regular,7,18pabc_3cols_20211228_164138_7795429486_600_800.png,/scratch/parceirosbr/bigoilict/share/BigOil/document_generator/datasets/documents_2021_12_28/18pabc_3cols_20211228_164138_7795429486_600_800.png,18pabc_3cols_20211228_164138_7795429486_600_800_mask.png,"ent  remains approximately constant,"
74,3,148,7,391,686,539,693,391,686,539,686,539,693,391,693,sub_line_text,text,text_11,courier,regular,7,18pabc_3cols_20211228_164138_7795429486_600_800.png,/scratch/parceirosbr/bigoilict/share/BigOil/document_generator/datasets/documents_2021_12_28/18pabc_3cols_20211228_164138_7795429486_600_800.png,18pabc_3cols_20211228_164138_7795429486_600_800_mask.png,characterizing  the passive interval.
70,3,140,7,391,697,531,704,391,697,531,697,531,704,391,704,sub_line_text,text,text_11,courier,regular,7,18pabc_3cols_20211228_164138_7795429486_600_800.png,/scratch/parceirosbr/bigoilict/share/BigOil/document_generator/datasets/documents_2021_12_28/18pabc_3cols_20211228_164138_7795429486_600_800.png,18pabc_3cols_20211228_164138_7795429486_600_800_mask.png,I declared as exempt from the coll.
74,20,148,40,391,664,539,704,391,664,539,664,539,704,391,704,text,text,text_11,courier,regular,7,18pabc_3cols_20211228_164138_7795429486_600_800.png,/scratch/parceirosbr/bigoilict/share/BigOil/document_generator/datasets/documents_2021_12_28/18pabc_3cols_20211228_164138_7795429486_600_800.png,18pabc_3cols_20211228_164138_7795429486_600_800_mask.png,nan
