center_x,center_y,width,height,xmin,ymin,xmax,ymax,top_left_x,top_left_y,top_right_x,top_right_y,bottom_right_x,bottom_right_y,bottom_left_x,bottom_left_y,label,grouplabel,group,text_font,text_style,size_font,filename,path,filename_mask,content
300,400,600,800,0,0,600,800,0,0,600,0,600,800,0,800,document,,,,,,18pabc_3cols_20211228_164127_6848419692_600_800.png,/scratch/parceirosbr/bigoilict/share/BigOil/document_generator/datasets/documents_2021_12_28/18pabc_3cols_20211228_164127_6848419692_600_800.png,18pabc_3cols_20211228_164127_6848419692_600_800_mask.png,
246,0,493,1,37,735,530,736,37,735,530,735,530,736,37,736,line,line,line,,,,18pabc_3cols_20211228_164127_6848419692_600_800.png,/scratch/parceirosbr/bigoilict/share/BigOil/document_generator/datasets/documents_2021_12_28/18pabc_3cols_20211228_164127_6848419692_600_800.png,18pabc_3cols_20211228_164127_6848419692_600_800_mask.png,nan
6,3,12,7,517,735,529,742,517,735,529,735,529,742,517,742,sub_line_text,numpag,footer_1,roboto,regular,7,18pabc_3cols_20211228_164127_6848419692_600_800.png,/scratch/parceirosbr/bigoilict/share/BigOil/document_generator/datasets/documents_2021_12_28/18pabc_3cols_20211228_164127_6848419692_600_800.png,18pabc_3cols_20211228_164127_6848419692_600_800_mask.png,104
6,3,12,7,517,735,529,742,517,735,529,735,529,742,517,742,text,numpag,footer_1,roboto,regular,7,18pabc_3cols_20211228_164127_6848419692_600_800.png,/scratch/parceirosbr/bigoilict/share/BigOil/document_generator/datasets/documents_2021_12_28/18pabc_3cols_20211228_164127_6848419692_600_800.png,18pabc_3cols_20211228_164127_6848419692_600_800_mask.png,nan
159,8,319,17,123,57,442,74,123,57,442,57,442,74,123,74,sub_line_text,title,title_0,roboto,italic,14,18pabc_3cols_20211228_164127_6848419692_600_800.png,/scratch/parceirosbr/bigoilict/share/BigOil/document_generator/datasets/documents_2021_12_28/18pabc_3cols_20211228_164127_6848419692_600_800.png,18pabc_3cols_20211228_164127_6848419692_600_800_mask.png,"É área seção transversal, comprimento meio poroso,"
159,8,319,17,123,57,442,74,123,57,442,57,442,74,123,74,title,title,title_0,roboto,italic,14,18pabc_3cols_20211228_164127_6848419692_600_800.png,/scratch/parceirosbr/bigoilict/share/BigOil/document_generator/datasets/documents_2021_12_28/18pabc_3cols_20211228_164127_6848419692_600_800.png,18pabc_3cols_20211228_164127_6848419692_600_800_mask.png,nan
35,71,71,143,162,76,233,219,162,76,233,76,233,219,162,219,image,figure_image,figure_0,,,,18pabc_3cols_20211228_164127_6848419692_600_800.png,/scratch/parceirosbr/bigoilict/share/BigOil/document_generator/datasets/documents_2021_12_28/18pabc_3cols_20211228_164127_6848419692_600_800.png,18pabc_3cols_20211228_164127_6848419692_600_800_mask.png,output/gen_img_20211228_164127_4905582783.png
-3,-11,-6,-22,197,203,191,181,197,181,198,203,191,203,190,181,text,figure_text,figure_0,,,,18pabc_3cols_20211228_164127_6848419692_600_800.png,/scratch/parceirosbr/bigoilict/share/BigOil/document_generator/datasets/documents_2021_12_28/18pabc_3cols_20211228_164127_6848419692_600_800.png,18pabc_3cols_20211228_164127_6848419692_600_800_mask.png,-5732.4
-3,-11,-6,-22,197,203,191,181,197,181,198,203,191,203,190,181,sub_line_text,figure_text,figure_0,,,,18pabc_3cols_20211228_164127_6848419692_600_800.png,/scratch/parceirosbr/bigoilict/share/BigOil/document_generator/datasets/documents_2021_12_28/18pabc_3cols_20211228_164127_6848419692_600_800.png,18pabc_3cols_20211228_164127_6848419692_600_800_mask.png,-5732.4
1,-13,3,-26,193,147,196,121,193,119,203,147,196,150,186,121,text,figure_text,figure_0,,,,18pabc_3cols_20211228_164127_6848419692_600_800.png,/scratch/parceirosbr/bigoilict/share/BigOil/document_generator/datasets/documents_2021_12_28/18pabc_3cols_20211228_164127_6848419692_600_800.png,18pabc_3cols_20211228_164127_6848419692_600_800_mask.png,-3799.482
1,-13,3,-26,193,147,196,121,193,119,203,147,196,150,186,121,sub_line_text,figure_text,figure_0,,,,18pabc_3cols_20211228_164127_6848419692_600_800.png,/scratch/parceirosbr/bigoilict/share/BigOil/document_generator/datasets/documents_2021_12_28/18pabc_3cols_20211228_164127_6848419692_600_800.png,18pabc_3cols_20211228_164127_6848419692_600_800_mask.png,-3799.482
-4,-19,-8,-39,178,157,170,118,178,118,178,157,170,157,170,118,text,figure_text,figure_0,,,,18pabc_3cols_20211228_164127_6848419692_600_800.png,/scratch/parceirosbr/bigoilict/share/BigOil/document_generator/datasets/documents_2021_12_28/18pabc_3cols_20211228_164127_6848419692_600_800.png,18pabc_3cols_20211228_164127_6848419692_600_800_mask.png,Vaporization
-4,-19,-8,-39,178,157,170,118,178,118,178,157,170,157,170,118,sub_line_text,figure_text,figure_0,,,,18pabc_3cols_20211228_164127_6848419692_600_800.png,/scratch/parceirosbr/bigoilict/share/BigOil/document_generator/datasets/documents_2021_12_28/18pabc_3cols_20211228_164127_6848419692_600_800.png,18pabc_3cols_20211228_164127_6848419692_600_800_mask.png,Vaporization
0,-19,1,-39,214,131,215,92,214,91,222,131,215,133,207,92,text,figure_text,figure_0,,,,18pabc_3cols_20211228_164127_6848419692_600_800.png,/scratch/parceirosbr/bigoilict/share/BigOil/document_generator/datasets/documents_2021_12_28/18pabc_3cols_20211228_164127_6848419692_600_800.png,18pabc_3cols_20211228_164127_6848419692_600_800_mask.png,Demand [TB]
0,-19,1,-39,214,131,215,92,214,91,222,131,215,133,207,92,sub_line_text,figure_text,figure_0,,,,18pabc_3cols_20211228_164127_6848419692_600_800.png,/scratch/parceirosbr/bigoilict/share/BigOil/document_generator/datasets/documents_2021_12_28/18pabc_3cols_20211228_164127_6848419692_600_800.png,18pabc_3cols_20211228_164127_6848419692_600_800_mask.png,Demand [TB]
0,-8,0,-16,224,214,224,198,224,195,231,214,224,217,217,198,text,figure_text,figure_0,,,,18pabc_3cols_20211228_164127_6848419692_600_800.png,/scratch/parceirosbr/bigoilict/share/BigOil/document_generator/datasets/documents_2021_12_28/18pabc_3cols_20211228_164127_6848419692_600_800.png,18pabc_3cols_20211228_164127_6848419692_600_800_mask.png,Export
0,-8,0,-16,224,214,224,198,224,195,231,214,224,217,217,198,sub_line_text,figure_text,figure_0,,,,18pabc_3cols_20211228_164127_6848419692_600_800.png,/scratch/parceirosbr/bigoilict/share/BigOil/document_generator/datasets/documents_2021_12_28/18pabc_3cols_20211228_164127_6848419692_600_800.png,18pabc_3cols_20211228_164127_6848419692_600_800_mask.png,Export
-3,-14,-6,-28,175,114,169,86,175,86,175,114,169,114,169,86,text,figure_text,figure_0,,,,18pabc_3cols_20211228_164127_6848419692_600_800.png,/scratch/parceirosbr/bigoilict/share/BigOil/document_generator/datasets/documents_2021_12_28/18pabc_3cols_20211228_164127_6848419692_600_800.png,18pabc_3cols_20211228_164127_6848419692_600_800_mask.png,Advance
-3,-14,-6,-28,175,114,169,86,175,86,175,114,169,114,169,86,sub_line_text,figure_text,figure_0,,,,18pabc_3cols_20211228_164127_6848419692_600_800.png,/scratch/parceirosbr/bigoilict/share/BigOil/document_generator/datasets/documents_2021_12_28/18pabc_3cols_20211228_164127_6848419692_600_800.png,18pabc_3cols_20211228_164127_6848419692_600_800_mask.png,Advance
-1,-17,-3,-34,203,118,200,84,203,83,206,118,200,118,197,84,text,figure_text,figure_0,,,,18pabc_3cols_20211228_164127_6848419692_600_800.png,/scratch/parceirosbr/bigoilict/share/BigOil/document_generator/datasets/documents_2021_12_28/18pabc_3cols_20211228_164127_6848419692_600_800.png,18pabc_3cols_20211228_164127_6848419692_600_800_mask.png,Liters (MM)
-1,-17,-3,-34,203,118,200,84,203,83,206,118,200,118,197,84,sub_line_text,figure_text,figure_0,,,,18pabc_3cols_20211228_164127_6848419692_600_800.png,/scratch/parceirosbr/bigoilict/share/BigOil/document_generator/datasets/documents_2021_12_28/18pabc_3cols_20211228_164127_6848419692_600_800.png,18pabc_3cols_20211228_164127_6848419692_600_800_mask.png,Liters (MM)
-2,-13,-5,-27,208,208,203,181,208,181,210,208,203,208,201,181,text,figure_text,figure_0,,,,18pabc_3cols_20211228_164127_6848419692_600_800.png,/scratch/parceirosbr/bigoilict/share/BigOil/document_generator/datasets/documents_2021_12_28/18pabc_3cols_20211228_164127_6848419692_600_800.png,18pabc_3cols_20211228_164127_6848419692_600_800_mask.png,-1355.9%
-2,-13,-5,-27,208,208,203,181,208,181,210,208,203,208,201,181,sub_line_text,figure_text,figure_0,,,,18pabc_3cols_20211228_164127_6848419692_600_800.png,/scratch/parceirosbr/bigoilict/share/BigOil/document_generator/datasets/documents_2021_12_28/18pabc_3cols_20211228_164127_6848419692_600_800.png,18pabc_3cols_20211228_164127_6848419692_600_800_mask.png,-1355.9%
-3,-15,-7,-31,216,173,209,142,216,142,216,173,209,173,209,142,text,figure_text,figure_0,,,,18pabc_3cols_20211228_164127_6848419692_600_800.png,/scratch/parceirosbr/bigoilict/share/BigOil/document_generator/datasets/documents_2021_12_28/18pabc_3cols_20211228_164127_6848419692_600_800.png,18pabc_3cols_20211228_164127_6848419692_600_800_mask.png,Data [MB]
-3,-15,-7,-31,216,173,209,142,216,142,216,173,209,173,209,142,sub_line_text,figure_text,figure_0,,,,18pabc_3cols_20211228_164127_6848419692_600_800.png,/scratch/parceirosbr/bigoilict/share/BigOil/document_generator/datasets/documents_2021_12_28/18pabc_3cols_20211228_164127_6848419692_600_800.png,18pabc_3cols_20211228_164127_6848419692_600_800_mask.png,Data [MB]
-2,-10,-4,-21,178,211,174,190,178,189,182,211,174,212,170,190,text,figure_text,figure_0,,,,18pabc_3cols_20211228_164127_6848419692_600_800.png,/scratch/parceirosbr/bigoilict/share/BigOil/document_generator/datasets/documents_2021_12_28/18pabc_3cols_20211228_164127_6848419692_600_800.png,18pabc_3cols_20211228_164127_6848419692_600_800_mask.png,-9391.5
-2,-10,-4,-21,178,211,174,190,178,189,182,211,174,212,170,190,sub_line_text,figure_text,figure_0,,,,18pabc_3cols_20211228_164127_6848419692_600_800.png,/scratch/parceirosbr/bigoilict/share/BigOil/document_generator/datasets/documents_2021_12_28/18pabc_3cols_20211228_164127_6848419692_600_800.png,18pabc_3cols_20211228_164127_6848419692_600_800_mask.png,-9391.5
-3,-11,-7,-22,197,181,190,159,197,159,197,181,190,181,190,159,text,figure_text,figure_0,,,,18pabc_3cols_20211228_164127_6848419692_600_800.png,/scratch/parceirosbr/bigoilict/share/BigOil/document_generator/datasets/documents_2021_12_28/18pabc_3cols_20211228_164127_6848419692_600_800.png,18pabc_3cols_20211228_164127_6848419692_600_800_mask.png,-9912%
-3,-11,-7,-22,197,181,190,159,197,159,197,181,190,181,190,159,sub_line_text,figure_text,figure_0,,,,18pabc_3cols_20211228_164127_6848419692_600_800.png,/scratch/parceirosbr/bigoilict/share/BigOil/document_generator/datasets/documents_2021_12_28/18pabc_3cols_20211228_164127_6848419692_600_800.png,18pabc_3cols_20211228_164127_6848419692_600_800_mask.png,-9912%
1,-14,2,-28,187,110,189,82,187,80,196,110,189,113,180,82,text,figure_text,figure_0,,,,18pabc_3cols_20211228_164127_6848419692_600_800.png,/scratch/parceirosbr/bigoilict/share/BigOil/document_generator/datasets/documents_2021_12_28/18pabc_3cols_20211228_164127_6848419692_600_800.png,18pabc_3cols_20211228_164127_6848419692_600_800_mask.png,-4529.40%
1,-14,2,-28,187,110,189,82,187,80,196,110,189,113,180,82,sub_line_text,figure_text,figure_0,,,,18pabc_3cols_20211228_164127_6848419692_600_800.png,/scratch/parceirosbr/bigoilict/share/BigOil/document_generator/datasets/documents_2021_12_28/18pabc_3cols_20211228_164127_6848419692_600_800.png,18pabc_3cols_20211228_164127_6848419692_600_800_mask.png,-4529.40%
142,4,285,8,37,224,322,232,37,224,322,224,322,232,37,232,sub_line_text,figure_legend,figure_0,roboto,bold,7,18pabc_3cols_20211228_164127_6848419692_600_800.png,/scratch/parceirosbr/bigoilict/share/BigOil/document_generator/datasets/documents_2021_12_28/18pabc_3cols_20211228_164127_6848419692_600_800.png,18pabc_3cols_20211228_164127_6848419692_600_800_mask.png,"Figure  9:    Migaszewski and 2002. aromatic hydrocarbons, phenols, and trace eleme-"
83,4,167,8,37,234,204,242,37,234,204,234,204,242,37,242,sub_line_text,figure_legend,figure_0,roboto,bold,7,18pabc_3cols_20211228_164127_6848419692_600_800.png,/scratch/parceirosbr/bigoilict/share/BigOil/document_generator/datasets/documents_2021_12_28/18pabc_3cols_20211228_164127_6848419692_600_800.png,18pabc_3cols_20211228_164127_6848419692_600_800_mask.png,nts in selected soil profiles and plant bioindicators
142,9,285,18,37,224,322,242,37,224,322,224,322,242,37,242,text,figure_legend,figure_0,roboto,bold,7,18pabc_3cols_20211228_164127_6848419692_600_800.png,/scratch/parceirosbr/bigoilict/share/BigOil/document_generator/datasets/documents_2021_12_28/18pabc_3cols_20211228_164127_6848419692_600_800.png,18pabc_3cols_20211228_164127_6848419692_600_800_mask.png,nan
35,7,71,15,76,244,147,259,76,244,147,244,147,259,76,259,sub_line_text,subtitle,subtitle_0,roboto,bold,12,18pabc_3cols_20211228_164127_6848419692_600_800.png,/scratch/parceirosbr/bigoilict/share/BigOil/document_generator/datasets/documents_2021_12_28/18pabc_3cols_20211228_164127_6848419692_600_800.png,18pabc_3cols_20211228_164127_6848419692_600_800_mask.png,Developed of
35,7,71,15,76,244,147,259,76,244,147,244,147,259,76,259,title,subtitle,subtitle_0,roboto,bold,12,18pabc_3cols_20211228_164127_6848419692_600_800.png,/scratch/parceirosbr/bigoilict/share/BigOil/document_generator/datasets/documents_2021_12_28/18pabc_3cols_20211228_164127_6848419692_600_800.png,18pabc_3cols_20211228_164127_6848419692_600_800_mask.png,nan
66,4,132,8,51,261,183,269,51,261,183,261,183,269,51,269,sub_line_text,text,text_0,roboto,regular,7,18pabc_3cols_20211228_164127_6848419692_600_800.png,/scratch/parceirosbr/bigoilict/share/BigOil/document_generator/datasets/documents_2021_12_28/18pabc_3cols_20211228_164127_6848419692_600_800.png,18pabc_3cols_20211228_164127_6848419692_600_800_mask.png,"Neste   sentido,   também  o  gás  natural"
73,4,147,8,37,271,184,279,37,271,184,271,184,279,37,279,sub_line_text,text,text_0,roboto,regular,7,18pabc_3cols_20211228_164127_6848419692_600_800.png,/scratch/parceirosbr/bigoilict/share/BigOil/document_generator/datasets/documents_2021_12_28/18pabc_3cols_20211228_164127_6848419692_600_800.png,18pabc_3cols_20211228_164127_6848419692_600_800_mask.png,comercializado  na  boca  do  poço  deve  ser
73,4,146,8,37,281,183,289,37,281,183,281,183,289,37,289,sub_line_text,text,text_0,roboto,regular,7,18pabc_3cols_20211228_164127_6848419692_600_800.png,/scratch/parceirosbr/bigoilict/share/BigOil/document_generator/datasets/documents_2021_12_28/18pabc_3cols_20211228_164127_6848419692_600_800.png,18pabc_3cols_20211228_164127_6848419692_600_800_mask.png,"registrado  pelo.  In  this  case,  the  period of"
73,4,146,8,37,291,183,299,37,291,183,291,183,299,37,299,sub_line_text,text,text_0,roboto,regular,7,18pabc_3cols_20211228_164127_6848419692_600_800.png,/scratch/parceirosbr/bigoilict/share/BigOil/document_generator/datasets/documents_2021_12_28/18pabc_3cols_20211228_164127_6848419692_600_800.png,18pabc_3cols_20211228_164127_6848419692_600_800_mask.png,the   regular   wave   is  varied  to  identify  the
73,4,146,8,37,301,183,309,37,301,183,301,183,309,37,309,sub_line_text,text,text_0,roboto,regular,7,18pabc_3cols_20211228_164127_6848419692_600_800.png,/scratch/parceirosbr/bigoilict/share/BigOil/document_generator/datasets/documents_2021_12_28/18pabc_3cols_20211228_164127_6848419692_600_800.png,18pabc_3cols_20211228_164127_6848419692_600_800_mask.png,most  critical  design  response  value. G gra-
73,4,147,8,37,311,184,319,37,311,184,311,184,319,37,319,sub_line_text,text,text_0,roboto,regular,7,18pabc_3cols_20211228_164127_6848419692_600_800.png,/scratch/parceirosbr/bigoilict/share/BigOil/document_generator/datasets/documents_2021_12_28/18pabc_3cols_20211228_164127_6848419692_600_800.png,18pabc_3cols_20211228_164127_6848419692_600_800_mask.png,vity  acceleration  in  ft2  /  s  specific  weight
73,4,147,8,37,321,184,329,37,321,184,321,184,329,37,329,sub_line_text,text,text_0,roboto,regular,7,18pabc_3cols_20211228_164127_6848419692_600_800.png,/scratch/parceirosbr/bigoilict/share/BigOil/document_generator/datasets/documents_2021_12_28/18pabc_3cols_20211228_164127_6848419692_600_800.png,18pabc_3cols_20211228_164127_6848419692_600_800_mask.png,of  the  gas  phase  in  lbf  / ft3. In view of this
73,4,147,8,37,331,184,339,37,331,184,331,184,339,37,339,sub_line_text,text,text_0,roboto,regular,7,18pabc_3cols_20211228_164127_6848419692_600_800.png,/scratch/parceirosbr/bigoilict/share/BigOil/document_generator/datasets/documents_2021_12_28/18pabc_3cols_20211228_164127_6848419692_600_800.png,18pabc_3cols_20211228_164127_6848419692_600_800_mask.png,"current   form   of  updating,  the  development"
73,4,147,8,37,341,184,349,37,341,184,341,184,349,37,349,sub_line_text,text,text_0,roboto,regular,7,18pabc_3cols_20211228_164127_6848419692_600_800.png,/scratch/parceirosbr/bigoilict/share/BigOil/document_generator/datasets/documents_2021_12_28/18pabc_3cols_20211228_164127_6848419692_600_800.png,18pabc_3cols_20211228_164127_6848419692_600_800_mask.png,of   new   economically  competitive  routes  f-
73,4,146,8,37,351,183,359,37,351,183,351,183,359,37,359,sub_line_text,text,text_0,roboto,regular,7,18pabc_3cols_20211228_164127_6848419692_600_800.png,/scratch/parceirosbr/bigoilict/share/BigOil/document_generator/datasets/documents_2021_12_28/18pabc_3cols_20211228_164127_6848419692_600_800.png,18pabc_3cols_20211228_164127_6848419692_600_800_mask.png,or  obtaining  fuels  and chemicals is essent-
73,4,146,8,37,361,183,369,37,361,183,361,183,369,37,369,sub_line_text,text,text_0,roboto,regular,7,18pabc_3cols_20211228_164127_6848419692_600_800.png,/scratch/parceirosbr/bigoilict/share/BigOil/document_generator/datasets/documents_2021_12_28/18pabc_3cols_20211228_164127_6848419692_600_800.png,18pabc_3cols_20211228_164127_6848419692_600_800_mask.png,ial  to  add  value  to  this  raw material. Many
73,4,147,8,37,371,184,379,37,371,184,371,184,379,37,379,sub_line_text,text,text_0,roboto,regular,7,18pabc_3cols_20211228_164127_6848419692_600_800.png,/scratch/parceirosbr/bigoilict/share/BigOil/document_generator/datasets/documents_2021_12_28/18pabc_3cols_20211228_164127_6848419692_600_800.png,18pabc_3cols_20211228_164127_6848419692_600_800_mask.png,factors   have   influenced   these  fate  of  the
73,4,146,8,37,381,183,389,37,381,183,381,183,389,37,389,sub_line_text,text,text_0,roboto,regular,7,18pabc_3cols_20211228_164127_6848419692_600_800.png,/scratch/parceirosbr/bigoilict/share/BigOil/document_generator/datasets/documents_2021_12_28/18pabc_3cols_20211228_164127_6848419692_600_800.png,18pabc_3cols_20211228_164127_6848419692_600_800_mask.png,spreading  of  oil  in  the absence of supra-in-
67,4,135,8,37,391,172,399,37,391,172,391,172,399,37,399,sub_line_text,text,text_0,roboto,regular,7,18pabc_3cols_20211228_164127_6848419692_600_800.png,/scratch/parceirosbr/bigoilict/share/BigOil/document_generator/datasets/documents_2021_12_28/18pabc_3cols_20211228_164127_6848419692_600_800.png,18pabc_3cols_20211228_164127_6848419692_600_800_mask.png,"ertial processes, such as the location of t."
73,69,147,138,37,261,184,399,37,261,184,261,184,399,37,399,text,text,text_0,roboto,regular,7,18pabc_3cols_20211228_164127_6848419692_600_800.png,/scratch/parceirosbr/bigoilict/share/BigOil/document_generator/datasets/documents_2021_12_28/18pabc_3cols_20211228_164127_6848419692_600_800.png,18pabc_3cols_20211228_164127_6848419692_600_800_mask.png,nan
27,5,54,11,84,401,138,412,84,401,138,401,138,412,84,412,sub_line_text,subsubtitle,subsubtitle_0,roboto,regular,9,18pabc_3cols_20211228_164127_6848419692_600_800.png,/scratch/parceirosbr/bigoilict/share/BigOil/document_generator/datasets/documents_2021_12_28/18pabc_3cols_20211228_164127_6848419692_600_800.png,18pabc_3cols_20211228_164127_6848419692_600_800_mask.png,Rest retained
27,5,54,11,84,401,138,412,84,401,138,401,138,412,84,412,title,subsubtitle,subsubtitle_0,roboto,regular,9,18pabc_3cols_20211228_164127_6848419692_600_800.png,/scratch/parceirosbr/bigoilict/share/BigOil/document_generator/datasets/documents_2021_12_28/18pabc_3cols_20211228_164127_6848419692_600_800.png,18pabc_3cols_20211228_164127_6848419692_600_800_mask.png,nan
66,4,133,8,51,414,184,422,51,414,184,414,184,422,51,422,sub_line_text,text,text_1,roboto,regular,7,18pabc_3cols_20211228_164127_6848419692_600_800.png,/scratch/parceirosbr/bigoilict/share/BigOil/document_generator/datasets/documents_2021_12_28/18pabc_3cols_20211228_164127_6848419692_600_800.png,18pabc_3cols_20211228_164127_6848419692_600_800_mask.png,As  simulações  feitas  com  a  presença
73,4,146,8,37,424,183,432,37,424,183,424,183,432,37,432,sub_line_text,text,text_1,roboto,regular,7,18pabc_3cols_20211228_164127_6848419692_600_800.png,/scratch/parceirosbr/bigoilict/share/BigOil/document_generator/datasets/documents_2021_12_28/18pabc_3cols_20211228_164127_6848419692_600_800.png,18pabc_3cols_20211228_164127_6848419692_600_800_mask.png,da   dorna   volante   mostraram-se  qualitativ-
73,4,147,8,37,434,184,442,37,434,184,434,184,442,37,442,sub_line_text,text,text_1,roboto,regular,7,18pabc_3cols_20211228_164127_6848419692_600_800.png,/scratch/parceirosbr/bigoilict/share/BigOil/document_generator/datasets/documents_2021_12_28/18pabc_3cols_20211228_164127_6848419692_600_800.png,18pabc_3cols_20211228_164127_6848419692_600_800_mask.png,amente   satisfatórias.  As  resistências  à  c-
73,4,147,8,37,444,184,452,37,444,184,444,184,452,37,452,sub_line_text,text,text_1,roboto,regular,7,18pabc_3cols_20211228_164127_6848419692_600_800.png,/scratch/parceirosbr/bigoilict/share/BigOil/document_generator/datasets/documents_2021_12_28/18pabc_3cols_20211228_164127_6848419692_600_800.png,18pabc_3cols_20211228_164127_6848419692_600_800_mask.png,ondução  de  calor  e  a convecção interna na
73,4,146,8,37,454,183,462,37,454,183,454,183,462,37,462,sub_line_text,text,text_1,roboto,regular,7,18pabc_3cols_20211228_164127_6848419692_600_800.png,/scratch/parceirosbr/bigoilict/share/BigOil/document_generator/datasets/documents_2021_12_28/18pabc_3cols_20211228_164127_6848419692_600_800.png,18pabc_3cols_20211228_164127_6848419692_600_800_mask.png,"tubulação,   são:  onde,  rex  é  o  raio  externo"
73,4,147,8,37,464,184,472,37,464,184,464,184,472,37,472,sub_line_text,text,text_1,roboto,regular,7,18pabc_3cols_20211228_164127_6848419692_600_800.png,/scratch/parceirosbr/bigoilict/share/BigOil/document_generator/datasets/documents_2021_12_28/18pabc_3cols_20211228_164127_6848419692_600_800.png,18pabc_3cols_20211228_164127_6848419692_600_800_mask.png,"da  tubulação,  rin  é  o  raio interno da tubula-"
73,4,147,8,37,474,184,482,37,474,184,474,184,482,37,482,sub_line_text,text,text_1,roboto,regular,7,18pabc_3cols_20211228_164127_6848419692_600_800.png,/scratch/parceirosbr/bigoilict/share/BigOil/document_generator/datasets/documents_2021_12_28/18pabc_3cols_20211228_164127_6848419692_600_800.png,18pabc_3cols_20211228_164127_6848419692_600_800_mask.png,"ção,  ri  é  o  raio  interno  da tubulação com o"
73,4,146,8,37,484,183,492,37,484,183,484,183,492,37,492,sub_line_text,text,text_1,roboto,regular,7,18pabc_3cols_20211228_164127_6848419692_600_800.png,/scratch/parceirosbr/bigoilict/share/BigOil/document_generator/datasets/documents_2021_12_28/18pabc_3cols_20211228_164127_6848419692_600_800.png,18pabc_3cols_20211228_164127_6848419692_600_800_mask.png,"depósito  de  parafina,  ks  é  a condutividade"
73,4,147,8,37,494,184,502,37,494,184,494,184,502,37,502,sub_line_text,text,text_1,roboto,regular,7,18pabc_3cols_20211228_164127_6848419692_600_800.png,/scratch/parceirosbr/bigoilict/share/BigOil/document_generator/datasets/documents_2021_12_28/18pabc_3cols_20211228_164127_6848419692_600_800.png,18pabc_3cols_20211228_164127_6848419692_600_800_mask.png,"do  metal,  kw  é  a condutividade da parafina,"
73,4,147,8,37,504,184,512,37,504,184,504,184,512,37,512,sub_line_text,text,text_1,roboto,regular,7,18pabc_3cols_20211228_164127_6848419692_600_800.png,/scratch/parceirosbr/bigoilict/share/BigOil/document_generator/datasets/documents_2021_12_28/18pabc_3cols_20211228_164127_6848419692_600_800.png,18pabc_3cols_20211228_164127_6848419692_600_800_mask.png,hi   é  coeficiente  de  transferência  de  calor
67,4,134,8,37,514,171,522,37,514,171,514,171,522,37,522,sub_line_text,text,text_1,roboto,regular,7,18pabc_3cols_20211228_164127_6848419692_600_800.png,/scratch/parceirosbr/bigoilict/share/BigOil/document_generator/datasets/documents_2021_12_28/18pabc_3cols_20211228_164127_6848419692_600_800.png,18pabc_3cols_20211228_164127_6848419692_600_800_mask.png,do fluído e é a área interna de troca térmi.
73,54,147,108,37,414,184,522,37,414,184,414,184,522,37,522,text,text,text_1,roboto,regular,7,18pabc_3cols_20211228_164127_6848419692_600_800.png,/scratch/parceirosbr/bigoilict/share/BigOil/document_generator/datasets/documents_2021_12_28/18pabc_3cols_20211228_164127_6848419692_600_800.png,18pabc_3cols_20211228_164127_6848419692_600_800_mask.png,nan
66,4,133,8,51,524,184,532,51,524,184,524,184,532,51,532,sub_line_text,text,text_2,roboto,regular,7,18pabc_3cols_20211228_164127_6848419692_600_800.png,/scratch/parceirosbr/bigoilict/share/BigOil/document_generator/datasets/documents_2021_12_28/18pabc_3cols_20211228_164127_6848419692_600_800.png,18pabc_3cols_20211228_164127_6848419692_600_800_mask.png,"Além  disso,  as  reações devem ser real-"
73,4,146,8,37,534,183,542,37,534,183,534,183,542,37,542,sub_line_text,text,text_2,roboto,regular,7,18pabc_3cols_20211228_164127_6848419692_600_800.png,/scratch/parceirosbr/bigoilict/share/BigOil/document_generator/datasets/documents_2021_12_28/18pabc_3cols_20211228_164127_6848419692_600_800.png,18pabc_3cols_20211228_164127_6848419692_600_800_mask.png,izadas   em  temperaturas  próximas  da  tem-
73,4,147,8,37,544,184,552,37,544,184,544,184,552,37,552,sub_line_text,text,text_2,roboto,regular,7,18pabc_3cols_20211228_164127_6848419692_600_800.png,/scratch/parceirosbr/bigoilict/share/BigOil/document_generator/datasets/documents_2021_12_28/18pabc_3cols_20211228_164127_6848419692_600_800.png,18pabc_3cols_20211228_164127_6848419692_600_800_mask.png,peratura  de  ebulição  do  álcool  utilizado  c-
73,4,147,8,37,554,184,562,37,554,184,554,184,562,37,562,sub_line_text,text,text_2,roboto,regular,7,18pabc_3cols_20211228_164127_6848419692_600_800.png,/scratch/parceirosbr/bigoilict/share/BigOil/document_generator/datasets/documents_2021_12_28/18pabc_3cols_20211228_164127_6848419692_600_800.png,18pabc_3cols_20211228_164127_6848419692_600_800_mask.png,"omo   matéria-prima.   Porém,   cabe  observar"
73,4,146,8,37,564,183,572,37,564,183,564,183,572,37,572,sub_line_text,text,text_2,roboto,regular,7,18pabc_3cols_20211228_164127_6848419692_600_800.png,/scratch/parceirosbr/bigoilict/share/BigOil/document_generator/datasets/documents_2021_12_28/18pabc_3cols_20211228_164127_6848419692_600_800.png,18pabc_3cols_20211228_164127_6848419692_600_800_mask.png,"que,  nos  países  em  desenvolvimento,  elas"
73,4,146,8,37,574,183,582,37,574,183,574,183,582,37,582,sub_line_text,text,text_2,roboto,regular,7,18pabc_3cols_20211228_164127_6848419692_600_800.png,/scratch/parceirosbr/bigoilict/share/BigOil/document_generator/datasets/documents_2021_12_28/18pabc_3cols_20211228_164127_6848419692_600_800.png,18pabc_3cols_20211228_164127_6848419692_600_800_mask.png,são  muito  menos marcadas do que nos paí-
73,4,147,8,37,584,184,592,37,584,184,584,184,592,37,592,sub_line_text,text,text_2,roboto,regular,7,18pabc_3cols_20211228_164127_6848419692_600_800.png,/scratch/parceirosbr/bigoilict/share/BigOil/document_generator/datasets/documents_2021_12_28/18pabc_3cols_20211228_164127_6848419692_600_800.png,18pabc_3cols_20211228_164127_6848419692_600_800_mask.png,ses  que  iniciaram  esse  movimento nos an-
73,4,146,8,37,594,183,602,37,594,183,594,183,602,37,602,sub_line_text,text,text_2,roboto,regular,7,18pabc_3cols_20211228_164127_6848419692_600_800.png,/scratch/parceirosbr/bigoilict/share/BigOil/document_generator/datasets/documents_2021_12_28/18pabc_3cols_20211228_164127_6848419692_600_800.png,18pabc_3cols_20211228_164127_6848419692_600_800_mask.png,os  80.  Scholarships  granted  but  not imple-
73,4,146,8,37,604,183,612,37,604,183,604,183,612,37,612,sub_line_text,text,text_2,roboto,regular,7,18pabc_3cols_20211228_164127_6848419692_600_800.png,/scratch/parceirosbr/bigoilict/share/BigOil/document_generator/datasets/documents_2021_12_28/18pabc_3cols_20211228_164127_6848419692_600_800.png,18pabc_3cols_20211228_164127_6848419692_600_800_mask.png,mented   were  excluded.  considering  the  n-
73,4,146,8,37,614,183,622,37,614,183,614,183,622,37,622,sub_line_text,text,text_2,roboto,regular,7,18pabc_3cols_20211228_164127_6848419692_600_800.png,/scratch/parceirosbr/bigoilict/share/BigOil/document_generator/datasets/documents_2021_12_28/18pabc_3cols_20211228_164127_6848419692_600_800.png,18pabc_3cols_20211228_164127_6848419692_600_800_mask.png,umber  of  scholarships  in  force  in Novemb-
68,4,137,8,37,624,174,632,37,624,174,624,174,632,37,632,sub_line_text,text,text_2,roboto,regular,7,18pabc_3cols_20211228_164127_6848419692_600_800.png,/scratch/parceirosbr/bigoilict/share/BigOil/document_generator/datasets/documents_2021_12_28/18pabc_3cols_20211228_164127_6848419692_600_800.png,18pabc_3cols_20211228_164127_6848419692_600_800_mask.png,er 2007 plus the new scholarship grant 07.
73,54,147,108,37,524,184,632,37,524,184,524,184,632,37,632,text,text,text_2,roboto,regular,7,18pabc_3cols_20211228_164127_6848419692_600_800.png,/scratch/parceirosbr/bigoilict/share/BigOil/document_generator/datasets/documents_2021_12_28/18pabc_3cols_20211228_164127_6848419692_600_800.png,18pabc_3cols_20211228_164127_6848419692_600_800_mask.png,nan
66,4,132,8,51,634,183,642,51,634,183,634,183,642,51,642,sub_line_text,text,text_3,roboto,regular,7,18pabc_3cols_20211228_164127_6848419692_600_800.png,/scratch/parceirosbr/bigoilict/share/BigOil/document_generator/datasets/documents_2021_12_28/18pabc_3cols_20211228_164127_6848419692_600_800.png,18pabc_3cols_20211228_164127_6848419692_600_800_mask.png,Seu   objetivo   é   armazenar  produtos  e
73,4,147,8,37,644,184,652,37,644,184,644,184,652,37,652,sub_line_text,text,text_3,roboto,regular,7,18pabc_3cols_20211228_164127_6848419692_600_800.png,/scratch/parceirosbr/bigoilict/share/BigOil/document_generator/datasets/documents_2021_12_28/18pabc_3cols_20211228_164127_6848419692_600_800.png,18pabc_3cols_20211228_164127_6848419692_600_800_mask.png,abastecer  sua  região  de  influência;  o. Seg-
73,4,147,8,37,654,184,662,37,654,184,654,184,662,37,662,sub_line_text,text,text_3,roboto,regular,7,18pabc_3cols_20211228_164127_6848419692_600_800.png,/scratch/parceirosbr/bigoilict/share/BigOil/document_generator/datasets/documents_2021_12_28/18pabc_3cols_20211228_164127_6848419692_600_800.png,18pabc_3cols_20211228_164127_6848419692_600_800_mask.png,undo  et  al  essas  reativações  ao  longo  de
73,4,146,8,37,664,183,672,37,664,183,664,183,672,37,672,sub_line_text,text,text_3,roboto,regular,7,18pabc_3cols_20211228_164127_6848419692_600_800.png,/scratch/parceirosbr/bigoilict/share/BigOil/document_generator/datasets/documents_2021_12_28/18pabc_3cols_20211228_164127_6848419692_600_800.png,18pabc_3cols_20211228_164127_6848419692_600_800_mask.png,zonas  de  cisalhamento  já  existentes estar-
73,4,147,8,37,674,184,682,37,674,184,674,184,682,37,682,sub_line_text,text,text_3,roboto,regular,7,18pabc_3cols_20211228_164127_6848419692_600_800.png,/scratch/parceirosbr/bigoilict/share/BigOil/document_generator/datasets/documents_2021_12_28/18pabc_3cols_20211228_164127_6848419692_600_800.png,18pabc_3cols_20211228_164127_6848419692_600_800_mask.png,iam  associadas  a evolução da margem con-
73,4,146,8,37,684,183,692,37,684,183,684,183,692,37,692,sub_line_text,text,text_3,roboto,regular,7,18pabc_3cols_20211228_164127_6848419692_600_800.png,/scratch/parceirosbr/bigoilict/share/BigOil/document_generator/datasets/documents_2021_12_28/18pabc_3cols_20211228_164127_6848419692_600_800.png,18pabc_3cols_20211228_164127_6848419692_600_800_mask.png,"tinental,  explicadas  por  modelos  de bascu-"
73,4,147,8,37,694,184,702,37,694,184,694,184,702,37,702,sub_line_text,text,text_3,roboto,regular,7,18pabc_3cols_20211228_164127_6848419692_600_800.png,/scratch/parceirosbr/bigoilict/share/BigOil/document_generator/datasets/documents_2021_12_28/18pabc_3cols_20211228_164127_6848419692_600_800.png,18pabc_3cols_20211228_164127_6848419692_600_800_mask.png,"lamento   termomecânico   1989),  compensa-"
69,4,138,8,37,704,175,712,37,704,175,704,175,712,37,712,sub_line_text,text,text_3,roboto,regular,7,18pabc_3cols_20211228_164127_6848419692_600_800.png,/scratch/parceirosbr/bigoilict/share/BigOil/document_generator/datasets/documents_2021_12_28/18pabc_3cols_20211228_164127_6848419692_600_800.png,18pabc_3cols_20211228_164127_6848419692_600_800_mask.png,ção isostática 1978) ou deslizamento grav.
73,39,147,78,37,634,184,712,37,634,184,634,184,712,37,712,text,text,text_3,roboto,regular,7,18pabc_3cols_20211228_164127_6848419692_600_800.png,/scratch/parceirosbr/bigoilict/share/BigOil/document_generator/datasets/documents_2021_12_28/18pabc_3cols_20211228_164127_6848419692_600_800.png,18pabc_3cols_20211228_164127_6848419692_600_800_mask.png,nan
63,4,126,8,51,714,177,722,51,714,177,714,177,722,51,722,sub_line_text,text,text_4,roboto,regular,7,18pabc_3cols_20211228_164127_6848419692_600_800.png,/scratch/parceirosbr/bigoilict/share/BigOil/document_generator/datasets/documents_2021_12_28/18pabc_3cols_20211228_164127_6848419692_600_800.png,18pabc_3cols_20211228_164127_6848419692_600_800_mask.png,Outra desvantagem no uso do backing.
63,4,126,8,51,714,177,722,51,714,177,714,177,722,51,722,text,text,text_4,roboto,regular,7,18pabc_3cols_20211228_164127_6848419692_600_800.png,/scratch/parceirosbr/bigoilict/share/BigOil/document_generator/datasets/documents_2021_12_28/18pabc_3cols_20211228_164127_6848419692_600_800.png,18pabc_3cols_20211228_164127_6848419692_600_800_mask.png,nan
66,4,133,8,223,244,356,252,223,244,356,244,356,252,223,252,sub_line_text,text,text_5,roboto,regular,7,18pabc_3cols_20211228_164127_6848419692_600_800.png,/scratch/parceirosbr/bigoilict/share/BigOil/document_generator/datasets/documents_2021_12_28/18pabc_3cols_20211228_164127_6848419692_600_800.png,18pabc_3cols_20211228_164127_6848419692_600_800_mask.png,"Este  intercâmbio,  que  mantém  a  alinh-"
73,4,147,8,209,254,356,262,209,254,356,254,356,262,209,262,sub_line_text,text,text_5,roboto,regular,7,18pabc_3cols_20211228_164127_6848419692_600_800.png,/scratch/parceirosbr/bigoilict/share/BigOil/document_generator/datasets/documents_2021_12_28/18pabc_3cols_20211228_164127_6848419692_600_800.png,18pabc_3cols_20211228_164127_6848419692_600_800_mask.png,ada   com  a  vanguarda  mundial  em  termos
73,4,146,8,209,264,355,272,209,264,355,264,355,272,209,272,sub_line_text,text,text_5,roboto,regular,7,18pabc_3cols_20211228_164127_6848419692_600_800.png,/scratch/parceirosbr/bigoilict/share/BigOil/document_generator/datasets/documents_2021_12_28/18pabc_3cols_20211228_164127_6848419692_600_800.png,18pabc_3cols_20211228_164127_6848419692_600_800_mask.png,"de  biocombustíveis,  busca  um padrão regu-"
73,4,147,8,209,274,356,282,209,274,356,274,356,282,209,282,sub_line_text,text,text_5,roboto,regular,7,18pabc_3cols_20211228_164127_6848419692_600_800.png,/scratch/parceirosbr/bigoilict/share/BigOil/document_generator/datasets/documents_2021_12_28/18pabc_3cols_20211228_164127_6848419692_600_800.png,18pabc_3cols_20211228_164127_6848419692_600_800_mask.png,latório   internacional.  Depois  de  uma  série
73,4,147,8,209,284,356,292,209,284,356,284,356,292,209,292,sub_line_text,text,text_5,roboto,regular,7,18pabc_3cols_20211228_164127_6848419692_600_800.png,/scratch/parceirosbr/bigoilict/share/BigOil/document_generator/datasets/documents_2021_12_28/18pabc_3cols_20211228_164127_6848419692_600_800.png,18pabc_3cols_20211228_164127_6848419692_600_800_mask.png,"de  audiências  e  consultas  públicas, a refo-"
73,4,146,8,209,294,355,302,209,294,355,294,355,302,209,302,sub_line_text,text,text_5,roboto,regular,7,18pabc_3cols_20211228_164127_6848419692_600_800.png,/scratch/parceirosbr/bigoilict/share/BigOil/document_generator/datasets/documents_2021_12_28/18pabc_3cols_20211228_164127_6848419692_600_800.png,18pabc_3cols_20211228_164127_6848419692_600_800_mask.png,rçou  e  alterou  pontos  regulamentados pela
73,4,147,8,209,304,356,312,209,304,356,304,356,312,209,312,sub_line_text,text,text_5,roboto,regular,7,18pabc_3cols_20211228_164127_6848419692_600_800.png,/scratch/parceirosbr/bigoilict/share/BigOil/document_generator/datasets/documents_2021_12_28/18pabc_3cols_20211228_164127_6848419692_600_800.png,18pabc_3cols_20211228_164127_6848419692_600_800_mask.png,n   116/2000.   revendedores   que   clonavam
73,4,147,8,209,314,356,322,209,314,356,314,356,322,209,322,sub_line_text,text,text_5,roboto,regular,7,18pabc_3cols_20211228_164127_6848419692_600_800.png,/scratch/parceirosbr/bigoilict/share/BigOil/document_generator/datasets/documents_2021_12_28/18pabc_3cols_20211228_164127_6848419692_600_800.png,18pabc_3cols_20211228_164127_6848419692_600_800_mask.png,marcas   alheias   foram   intimados  a  retirar
73,4,146,8,209,324,355,332,209,324,355,324,355,332,209,332,sub_line_text,text,text_5,roboto,regular,7,18pabc_3cols_20211228_164127_6848419692_600_800.png,/scratch/parceirosbr/bigoilict/share/BigOil/document_generator/datasets/documents_2021_12_28/18pabc_3cols_20211228_164127_6848419692_600_800.png,18pabc_3cols_20211228_164127_6848419692_600_800_mask.png,em  curto  prazo  todas  as  referências visua-
73,4,147,8,209,334,356,342,209,334,356,334,356,342,209,342,sub_line_text,text,text_5,roboto,regular,7,18pabc_3cols_20211228_164127_6848419692_600_800.png,/scratch/parceirosbr/bigoilict/share/BigOil/document_generator/datasets/documents_2021_12_28/18pabc_3cols_20211228_164127_6848419692_600_800.png,18pabc_3cols_20211228_164127_6848419692_600_800_mask.png,is  que  pudessem confundir o consumidor. A
73,4,146,8,209,344,355,352,209,344,355,344,355,352,209,352,sub_line_text,text,text_5,roboto,regular,7,18pabc_3cols_20211228_164127_6848419692_600_800.png,/scratch/parceirosbr/bigoilict/share/BigOil/document_generator/datasets/documents_2021_12_28/18pabc_3cols_20211228_164127_6848419692_600_800.png,18pabc_3cols_20211228_164127_6848419692_600_800_mask.png,determinação  dos  parâmetros  foi  feita  a p-
73,4,146,8,209,354,355,362,209,354,355,354,355,362,209,362,sub_line_text,text,text_5,roboto,regular,7,18pabc_3cols_20211228_164127_6848419692_600_800.png,/scratch/parceirosbr/bigoilict/share/BigOil/document_generator/datasets/documents_2021_12_28/18pabc_3cols_20211228_164127_6848419692_600_800.png,18pabc_3cols_20211228_164127_6848419692_600_800_mask.png,artir   de  modelo  matemático  e  também  foi
73,4,147,8,209,364,356,372,209,364,356,364,356,372,209,372,sub_line_text,text,text_5,roboto,regular,7,18pabc_3cols_20211228_164127_6848419692_600_800.png,/scratch/parceirosbr/bigoilict/share/BigOil/document_generator/datasets/documents_2021_12_28/18pabc_3cols_20211228_164127_6848419692_600_800.png,18pabc_3cols_20211228_164127_6848419692_600_800_mask.png,proposta    uma    metodologia   experimental.
68,4,137,8,209,374,346,382,209,374,346,374,346,382,209,382,sub_line_text,text,text_5,roboto,regular,7,18pabc_3cols_20211228_164127_6848419692_600_800.png,/scratch/parceirosbr/bigoilict/share/BigOil/document_generator/datasets/documents_2021_12_28/18pabc_3cols_20211228_164127_6848419692_600_800.png,18pabc_3cols_20211228_164127_6848419692_600_800_mask.png,Para as amostras 430/MnCo oxidadas por.
73,69,147,138,209,244,356,382,209,244,356,244,356,382,209,382,text,text,text_5,roboto,regular,7,18pabc_3cols_20211228_164127_6848419692_600_800.png,/scratch/parceirosbr/bigoilict/share/BigOil/document_generator/datasets/documents_2021_12_28/18pabc_3cols_20211228_164127_6848419692_600_800.png,18pabc_3cols_20211228_164127_6848419692_600_800_mask.png,nan
69,69,139,139,214,384,353,523,214,384,353,384,353,523,214,523,image,figure_image,figure_1,,,,18pabc_3cols_20211228_164127_6848419692_600_800.png,/scratch/parceirosbr/bigoilict/share/BigOil/document_generator/datasets/documents_2021_12_28/18pabc_3cols_20211228_164127_6848419692_600_800.png,18pabc_3cols_20211228_164127_6848419692_600_800_mask.png,output/gen_img_20211228_164131_8935444315.png
4,-1,8,-3,225,476,233,473,225,471,234,476,233,479,223,473,text,figure_text,figure_1,,,,18pabc_3cols_20211228_164127_6848419692_600_800.png,/scratch/parceirosbr/bigoilict/share/BigOil/document_generator/datasets/documents_2021_12_28/18pabc_3cols_20211228_164127_6848419692_600_800.png,18pabc_3cols_20211228_164127_6848419692_600_800_mask.png,-9000
4,-1,8,-3,225,476,233,473,225,471,234,476,233,479,223,473,sub_line_text,figure_text,figure_1,,,,18pabc_3cols_20211228_164127_6848419692_600_800.png,/scratch/parceirosbr/bigoilict/share/BigOil/document_generator/datasets/documents_2021_12_28/18pabc_3cols_20211228_164127_6848419692_600_800.png,18pabc_3cols_20211228_164127_6848419692_600_800_mask.png,-9000
7,-4,15,-8,306,443,321,435,306,432,322,443,321,445,304,435,text,figure_text,figure_1,,,,18pabc_3cols_20211228_164127_6848419692_600_800.png,/scratch/parceirosbr/bigoilict/share/BigOil/document_generator/datasets/documents_2021_12_28/18pabc_3cols_20211228_164127_6848419692_600_800.png,18pabc_3cols_20211228_164127_6848419692_600_800_mask.png,-1860.443
7,-4,15,-8,306,443,321,435,306,432,322,443,321,445,304,435,sub_line_text,figure_text,figure_1,,,,18pabc_3cols_20211228_164127_6848419692_600_800.png,/scratch/parceirosbr/bigoilict/share/BigOil/document_generator/datasets/documents_2021_12_28/18pabc_3cols_20211228_164127_6848419692_600_800.png,18pabc_3cols_20211228_164127_6848419692_600_800_mask.png,-1860.443
5,-2,11,-5,284,464,295,459,284,456,297,464,295,467,282,459,text,figure_text,figure_1,,,,18pabc_3cols_20211228_164127_6848419692_600_800.png,/scratch/parceirosbr/bigoilict/share/BigOil/document_generator/datasets/documents_2021_12_28/18pabc_3cols_20211228_164127_6848419692_600_800.png,18pabc_3cols_20211228_164127_6848419692_600_800_mask.png,-2022.3
5,-2,11,-5,284,464,295,459,284,456,297,464,295,467,282,459,sub_line_text,figure_text,figure_1,,,,18pabc_3cols_20211228_164127_6848419692_600_800.png,/scratch/parceirosbr/bigoilict/share/BigOil/document_generator/datasets/documents_2021_12_28/18pabc_3cols_20211228_164127_6848419692_600_800.png,18pabc_3cols_20211228_164127_6848419692_600_800_mask.png,-2022.3
8,-4,17,-8,273,412,290,404,273,401,292,412,290,415,272,404,text,figure_text,figure_1,,,,18pabc_3cols_20211228_164127_6848419692_600_800.png,/scratch/parceirosbr/bigoilict/share/BigOil/document_generator/datasets/documents_2021_12_28/18pabc_3cols_20211228_164127_6848419692_600_800.png,18pabc_3cols_20211228_164127_6848419692_600_800_mask.png,Volume (l)
8,-4,17,-8,273,412,290,404,273,401,292,412,290,415,272,404,sub_line_text,figure_text,figure_1,,,,18pabc_3cols_20211228_164127_6848419692_600_800.png,/scratch/parceirosbr/bigoilict/share/BigOil/document_generator/datasets/documents_2021_12_28/18pabc_3cols_20211228_164127_6848419692_600_800.png,18pabc_3cols_20211228_164127_6848419692_600_800_mask.png,Volume (l)
9,-5,18,-10,247,429,265,419,247,416,267,429,265,432,245,419,text,figure_text,figure_1,,,,18pabc_3cols_20211228_164127_6848419692_600_800.png,/scratch/parceirosbr/bigoilict/share/BigOil/document_generator/datasets/documents_2021_12_28/18pabc_3cols_20211228_164127_6848419692_600_800.png,18pabc_3cols_20211228_164127_6848419692_600_800_mask.png,Female (km)
9,-5,18,-10,247,429,265,419,247,416,267,429,265,432,245,419,sub_line_text,figure_text,figure_1,,,,18pabc_3cols_20211228_164127_6848419692_600_800.png,/scratch/parceirosbr/bigoilict/share/BigOil/document_generator/datasets/documents_2021_12_28/18pabc_3cols_20211228_164127_6848419692_600_800.png,18pabc_3cols_20211228_164127_6848419692_600_800_mask.png,Female (km)
5,-3,11,-6,333,394,344,388,333,386,345,394,344,397,331,388,text,figure_text,figure_1,,,,18pabc_3cols_20211228_164127_6848419692_600_800.png,/scratch/parceirosbr/bigoilict/share/BigOil/document_generator/datasets/documents_2021_12_28/18pabc_3cols_20211228_164127_6848419692_600_800.png,18pabc_3cols_20211228_164127_6848419692_600_800_mask.png,-1159.8
5,-3,11,-6,333,394,344,388,333,386,345,394,344,397,331,388,sub_line_text,figure_text,figure_1,,,,18pabc_3cols_20211228_164127_6848419692_600_800.png,/scratch/parceirosbr/bigoilict/share/BigOil/document_generator/datasets/documents_2021_12_28/18pabc_3cols_20211228_164127_6848419692_600_800.png,18pabc_3cols_20211228_164127_6848419692_600_800_mask.png,-1159.8
7,-4,15,-8,281,483,296,475,281,472,298,483,296,485,280,475,text,figure_text,figure_1,,,,18pabc_3cols_20211228_164127_6848419692_600_800.png,/scratch/parceirosbr/bigoilict/share/BigOil/document_generator/datasets/documents_2021_12_28/18pabc_3cols_20211228_164127_6848419692_600_800.png,18pabc_3cols_20211228_164127_6848419692_600_800_mask.png,-7607.379
7,-4,15,-8,281,483,296,475,281,472,298,483,296,485,280,475,sub_line_text,figure_text,figure_1,,,,18pabc_3cols_20211228_164127_6848419692_600_800.png,/scratch/parceirosbr/bigoilict/share/BigOil/document_generator/datasets/documents_2021_12_28/18pabc_3cols_20211228_164127_6848419692_600_800.png,18pabc_3cols_20211228_164127_6848419692_600_800_mask.png,-7607.379
4,-3,9,-6,260,513,269,507,260,505,270,513,269,515,258,507,text,figure_text,figure_1,,,,18pabc_3cols_20211228_164127_6848419692_600_800.png,/scratch/parceirosbr/bigoilict/share/BigOil/document_generator/datasets/documents_2021_12_28/18pabc_3cols_20211228_164127_6848419692_600_800.png,18pabc_3cols_20211228_164127_6848419692_600_800_mask.png,-758.0
4,-3,9,-6,260,513,269,507,260,505,270,513,269,515,258,507,sub_line_text,figure_text,figure_1,,,,18pabc_3cols_20211228_164127_6848419692_600_800.png,/scratch/parceirosbr/bigoilict/share/BigOil/document_generator/datasets/documents_2021_12_28/18pabc_3cols_20211228_164127_6848419692_600_800.png,18pabc_3cols_20211228_164127_6848419692_600_800_mask.png,-758.0
6,-4,13,-8,255,487,268,479,255,476,270,487,268,489,254,479,text,figure_text,figure_1,,,,18pabc_3cols_20211228_164127_6848419692_600_800.png,/scratch/parceirosbr/bigoilict/share/BigOil/document_generator/datasets/documents_2021_12_28/18pabc_3cols_20211228_164127_6848419692_600_800.png,18pabc_3cols_20211228_164127_6848419692_600_800_mask.png,-2045.6%
6,-4,13,-8,255,487,268,479,255,476,270,487,268,489,254,479,sub_line_text,figure_text,figure_1,,,,18pabc_3cols_20211228_164127_6848419692_600_800.png,/scratch/parceirosbr/bigoilict/share/BigOil/document_generator/datasets/documents_2021_12_28/18pabc_3cols_20211228_164127_6848419692_600_800.png,18pabc_3cols_20211228_164127_6848419692_600_800_mask.png,-2045.6%
7,-4,14,-9,221,518,235,509,221,507,237,518,235,520,219,509,text,figure_text,figure_1,,,,18pabc_3cols_20211228_164127_6848419692_600_800.png,/scratch/parceirosbr/bigoilict/share/BigOil/document_generator/datasets/documents_2021_12_28/18pabc_3cols_20211228_164127_6848419692_600_800.png,18pabc_3cols_20211228_164127_6848419692_600_800_mask.png,-7549.66%
7,-4,14,-9,221,518,235,509,221,507,237,518,235,520,219,509,sub_line_text,figure_text,figure_1,,,,18pabc_3cols_20211228_164127_6848419692_600_800.png,/scratch/parceirosbr/bigoilict/share/BigOil/document_generator/datasets/documents_2021_12_28/18pabc_3cols_20211228_164127_6848419692_600_800.png,18pabc_3cols_20211228_164127_6848419692_600_800_mask.png,-7549.66%
3,-2,7,-4,326,517,333,513,326,510,335,517,333,519,325,513,text,figure_text,figure_1,,,,18pabc_3cols_20211228_164127_6848419692_600_800.png,/scratch/parceirosbr/bigoilict/share/BigOil/document_generator/datasets/documents_2021_12_28/18pabc_3cols_20211228_164127_6848419692_600_800.png,18pabc_3cols_20211228_164127_6848419692_600_800_mask.png,-2746
3,-2,7,-4,326,517,333,513,326,510,335,517,333,519,325,513,sub_line_text,figure_text,figure_1,,,,18pabc_3cols_20211228_164127_6848419692_600_800.png,/scratch/parceirosbr/bigoilict/share/BigOil/document_generator/datasets/documents_2021_12_28/18pabc_3cols_20211228_164127_6848419692_600_800.png,18pabc_3cols_20211228_164127_6848419692_600_800_mask.png,-2746
5,-3,11,-6,289,514,300,508,289,506,302,514,300,516,287,508,text,figure_text,figure_1,,,,18pabc_3cols_20211228_164127_6848419692_600_800.png,/scratch/parceirosbr/bigoilict/share/BigOil/document_generator/datasets/documents_2021_12_28/18pabc_3cols_20211228_164127_6848419692_600_800.png,18pabc_3cols_20211228_164127_6848419692_600_800_mask.png,-607.77
5,-3,11,-6,289,514,300,508,289,506,302,514,300,516,287,508,sub_line_text,figure_text,figure_1,,,,18pabc_3cols_20211228_164127_6848419692_600_800.png,/scratch/parceirosbr/bigoilict/share/BigOil/document_generator/datasets/documents_2021_12_28/18pabc_3cols_20211228_164127_6848419692_600_800.png,18pabc_3cols_20211228_164127_6848419692_600_800_mask.png,-607.77
4,-2,9,-5,275,444,284,439,275,437,286,444,284,446,273,439,text,figure_text,figure_1,,,,18pabc_3cols_20211228_164127_6848419692_600_800.png,/scratch/parceirosbr/bigoilict/share/BigOil/document_generator/datasets/documents_2021_12_28/18pabc_3cols_20211228_164127_6848419692_600_800.png,18pabc_3cols_20211228_164127_6848419692_600_800_mask.png,-5406%
4,-2,9,-5,275,444,284,439,275,437,286,444,284,446,273,439,sub_line_text,figure_text,figure_1,,,,18pabc_3cols_20211228_164127_6848419692_600_800.png,/scratch/parceirosbr/bigoilict/share/BigOil/document_generator/datasets/documents_2021_12_28/18pabc_3cols_20211228_164127_6848419692_600_800.png,18pabc_3cols_20211228_164127_6848419692_600_800_mask.png,-5406%
7,-4,15,-8,334,409,349,401,334,398,351,409,349,411,332,401,text,figure_text,figure_1,,,,18pabc_3cols_20211228_164127_6848419692_600_800.png,/scratch/parceirosbr/bigoilict/share/BigOil/document_generator/datasets/documents_2021_12_28/18pabc_3cols_20211228_164127_6848419692_600_800.png,18pabc_3cols_20211228_164127_6848419692_600_800_mask.png,-4891.48%
7,-4,15,-8,334,409,349,401,334,398,351,409,349,411,332,401,sub_line_text,figure_text,figure_1,,,,18pabc_3cols_20211228_164127_6848419692_600_800.png,/scratch/parceirosbr/bigoilict/share/BigOil/document_generator/datasets/documents_2021_12_28/18pabc_3cols_20211228_164127_6848419692_600_800.png,18pabc_3cols_20211228_164127_6848419692_600_800_mask.png,-4891.48%
7,-3,15,-7,331,425,346,418,331,415,348,425,346,427,329,418,text,figure_text,figure_1,,,,18pabc_3cols_20211228_164127_6848419692_600_800.png,/scratch/parceirosbr/bigoilict/share/BigOil/document_generator/datasets/documents_2021_12_28/18pabc_3cols_20211228_164127_6848419692_600_800.png,18pabc_3cols_20211228_164127_6848419692_600_800_mask.png,-3362.199
7,-3,15,-7,331,425,346,418,331,415,348,425,346,427,329,418,sub_line_text,figure_text,figure_1,,,,18pabc_3cols_20211228_164127_6848419692_600_800.png,/scratch/parceirosbr/bigoilict/share/BigOil/document_generator/datasets/documents_2021_12_28/18pabc_3cols_20211228_164127_6848419692_600_800.png,18pabc_3cols_20211228_164127_6848419692_600_800_mask.png,-3362.199
3,-2,7,-4,265,397,272,393,265,390,274,397,272,399,264,393,text,figure_text,figure_1,,,,18pabc_3cols_20211228_164127_6848419692_600_800.png,/scratch/parceirosbr/bigoilict/share/BigOil/document_generator/datasets/documents_2021_12_28/18pabc_3cols_20211228_164127_6848419692_600_800.png,18pabc_3cols_20211228_164127_6848419692_600_800_mask.png,140.2
3,-2,7,-4,265,397,272,393,265,390,274,397,272,399,264,393,sub_line_text,figure_text,figure_1,,,,18pabc_3cols_20211228_164127_6848419692_600_800.png,/scratch/parceirosbr/bigoilict/share/BigOil/document_generator/datasets/documents_2021_12_28/18pabc_3cols_20211228_164127_6848419692_600_800.png,18pabc_3cols_20211228_164127_6848419692_600_800_mask.png,140.2
8,-5,16,-10,252,450,268,440,252,438,270,450,268,452,250,440,text,figure_text,figure_1,,,,18pabc_3cols_20211228_164127_6848419692_600_800.png,/scratch/parceirosbr/bigoilict/share/BigOil/document_generator/datasets/documents_2021_12_28/18pabc_3cols_20211228_164127_6848419692_600_800.png,18pabc_3cols_20211228_164127_6848419692_600_800_mask.png,North East
8,-5,16,-10,252,450,268,440,252,438,270,450,268,452,250,440,sub_line_text,figure_text,figure_1,,,,18pabc_3cols_20211228_164127_6848419692_600_800.png,/scratch/parceirosbr/bigoilict/share/BigOil/document_generator/datasets/documents_2021_12_28/18pabc_3cols_20211228_164127_6848419692_600_800.png,18pabc_3cols_20211228_164127_6848419692_600_800_mask.png,North East
7,-4,14,-8,306,410,320,402,306,399,322,410,320,413,304,402,text,figure_text,figure_1,,,,18pabc_3cols_20211228_164127_6848419692_600_800.png,/scratch/parceirosbr/bigoilict/share/BigOil/document_generator/datasets/documents_2021_12_28/18pabc_3cols_20211228_164127_6848419692_600_800.png,18pabc_3cols_20211228_164127_6848419692_600_800_mask.png,-7120.962
7,-4,14,-8,306,410,320,402,306,399,322,410,320,413,304,402,sub_line_text,figure_text,figure_1,,,,18pabc_3cols_20211228_164127_6848419692_600_800.png,/scratch/parceirosbr/bigoilict/share/BigOil/document_generator/datasets/documents_2021_12_28/18pabc_3cols_20211228_164127_6848419692_600_800.png,18pabc_3cols_20211228_164127_6848419692_600_800_mask.png,-7120.962
4,-3,8,-6,308,464,316,458,308,456,318,464,316,466,306,458,text,figure_text,figure_1,,,,18pabc_3cols_20211228_164127_6848419692_600_800.png,/scratch/parceirosbr/bigoilict/share/BigOil/document_generator/datasets/documents_2021_12_28/18pabc_3cols_20211228_164127_6848419692_600_800.png,18pabc_3cols_20211228_164127_6848419692_600_800_mask.png,-1059%
4,-3,8,-6,308,464,316,458,308,456,318,464,316,466,306,458,sub_line_text,figure_text,figure_1,,,,18pabc_3cols_20211228_164127_6848419692_600_800.png,/scratch/parceirosbr/bigoilict/share/BigOil/document_generator/datasets/documents_2021_12_28/18pabc_3cols_20211228_164127_6848419692_600_800.png,18pabc_3cols_20211228_164127_6848419692_600_800_mask.png,-1059%
65,4,130,8,209,528,339,536,209,528,339,528,339,536,209,536,sub_line_text,figure_legend,figure_1,roboto,bold,7,18pabc_3cols_20211228_164127_6848419692_600_800.png,/scratch/parceirosbr/bigoilict/share/BigOil/document_generator/datasets/documents_2021_12_28/18pabc_3cols_20211228_164127_6848419692_600_800.png,18pabc_3cols_20211228_164127_6848419692_600_800_mask.png,Figure  127:   In addition to the compou-
65,4,131,8,209,538,340,546,209,538,340,538,340,546,209,546,sub_line_text,figure_legend,figure_1,roboto,bold,7,18pabc_3cols_20211228_164127_6848419692_600_800.png,/scratch/parceirosbr/bigoilict/share/BigOil/document_generator/datasets/documents_2021_12_28/18pabc_3cols_20211228_164127_6848419692_600_800.png,18pabc_3cols_20211228_164127_6848419692_600_800_mask.png,"nds   mentioned  above,  products  from"
65,4,130,8,209,548,339,556,209,548,339,548,339,556,209,556,sub_line_text,figure_legend,figure_1,roboto,bold,7,18pabc_3cols_20211228_164127_6848419692_600_800.png,/scratch/parceirosbr/bigoilict/share/BigOil/document_generator/datasets/documents_2021_12_28/18pabc_3cols_20211228_164127_6848419692_600_800.png,18pabc_3cols_20211228_164127_6848419692_600_800_mask.png,"the  fermentation  process,  such as et-"
61,4,123,8,209,558,332,566,209,558,332,558,332,566,209,566,sub_line_text,figure_legend,figure_1,roboto,bold,7,18pabc_3cols_20211228_164127_6848419692_600_800.png,/scratch/parceirosbr/bigoilict/share/BigOil/document_generator/datasets/documents_2021_12_28/18pabc_3cols_20211228_164127_6848419692_600_800.png,18pabc_3cols_20211228_164127_6848419692_600_800_mask.png,"hanol, acetic acid, glycerol and lactic"
65,19,131,38,209,528,340,566,209,528,340,528,340,566,209,566,text,figure_legend,figure_1,roboto,bold,7,18pabc_3cols_20211228_164127_6848419692_600_800.png,/scratch/parceirosbr/bigoilict/share/BigOil/document_generator/datasets/documents_2021_12_28/18pabc_3cols_20211228_164127_6848419692_600_800.png,18pabc_3cols_20211228_164127_6848419692_600_800_mask.png,nan
74,59,149,118,209,568,358,686,209,568,358,568,358,686,209,686,list,list,list_1,roboto,roboto,7,18pabc_3cols_20211228_164127_6848419692_600_800.png,/scratch/parceirosbr/bigoilict/share/BigOil/document_generator/datasets/documents_2021_12_28/18pabc_3cols_20211228_164127_6848419692_600_800.png,18pabc_3cols_20211228_164127_6848419692_600_800_mask.png,
74,4,148,8,209,568,357,576,209,568,357,568,357,576,209,576,sub_line_text,list,list_1,roboto,italic,7,18pabc_3cols_20211228_164127_6848419692_600_800.png,/scratch/parceirosbr/bigoilict/share/BigOil/document_generator/datasets/documents_2021_12_28/18pabc_3cols_20211228_164127_6848419692_600_800.png,18pabc_3cols_20211228_164127_6848419692_600_800_mask.png,20.   Determina     para     e    mostra    que    a
66,4,133,8,225,578,358,586,225,578,358,578,358,586,225,586,sub_line_text,list,list_1,roboto,italic,7,18pabc_3cols_20211228_164127_6848419692_600_800.png,/scratch/parceirosbr/bigoilict/share/BigOil/document_generator/datasets/documents_2021_12_28/18pabc_3cols_20211228_164127_6848419692_600_800.png,18pabc_3cols_20211228_164127_6848419692_600_800_mask.png,permeabilidade   média   do  testemunho
66,4,132,8,225,588,357,596,225,588,357,588,357,596,225,596,sub_line_text,list,list_1,roboto,italic,7,18pabc_3cols_20211228_164127_6848419692_600_800.png,/scratch/parceirosbr/bigoilict/share/BigOil/document_generator/datasets/documents_2021_12_28/18pabc_3cols_20211228_164127_6848419692_600_800.png,18pabc_3cols_20211228_164127_6848419692_600_800_mask.png,"permanece   constante,  portanto:.    Este"
39,4,79,8,225,598,304,606,225,598,304,598,304,606,225,606,sub_line_text,list,list_1,roboto,italic,7,18pabc_3cols_20211228_164127_6848419692_600_800.png,/scratch/parceirosbr/bigoilict/share/BigOil/document_generator/datasets/documents_2021_12_28/18pabc_3cols_20211228_164127_6848419692_600_800.png,18pabc_3cols_20211228_164127_6848419692_600_800_mask.png,capítulo tem por objetivo
69,4,138,8,209,608,347,616,209,608,347,608,347,616,209,616,sub_line_text,list,list_1,roboto,italic,7,18pabc_3cols_20211228_164127_6848419692_600_800.png,/scratch/parceirosbr/bigoilict/share/BigOil/document_generator/datasets/documents_2021_12_28/18pabc_3cols_20211228_164127_6848419692_600_800.png,18pabc_3cols_20211228_164127_6848419692_600_800_mask.png,90.  With respect to the volume transport of
74,4,149,8,209,618,358,626,209,618,358,618,358,626,209,626,sub_line_text,list,list_1,roboto,italic,7,18pabc_3cols_20211228_164127_6848419692_600_800.png,/scratch/parceirosbr/bigoilict/share/BigOil/document_generator/datasets/documents_2021_12_28/18pabc_3cols_20211228_164127_6848419692_600_800.png,18pabc_3cols_20211228_164127_6848419692_600_800_mask.png,"36. Neste  estudo,  a  reação  de  foi  realizada"
68,4,136,8,221,628,357,636,221,628,357,628,357,636,221,636,sub_line_text,list,list_1,roboto,italic,7,18pabc_3cols_20211228_164127_6848419692_600_800.png,/scratch/parceirosbr/bigoilict/share/BigOil/document_generator/datasets/documents_2021_12_28/18pabc_3cols_20211228_164127_6848419692_600_800.png,18pabc_3cols_20211228_164127_6848419692_600_800_mask.png,"empregando-se  o  1,3-  butadieno  e o 1,3-"
68,4,136,8,221,638,357,646,221,638,357,638,357,646,221,646,sub_line_text,list,list_1,roboto,italic,7,18pabc_3cols_20211228_164127_6848419692_600_800.png,/scratch/parceirosbr/bigoilict/share/BigOil/document_generator/datasets/documents_2021_12_28/18pabc_3cols_20211228_164127_6848419692_600_800.png,18pabc_3cols_20211228_164127_6848419692_600_800_mask.png,ciclo-pentadieno  (dienos  conjugados).  A
29,4,58,8,221,648,279,656,221,648,279,648,279,656,221,656,sub_line_text,list,list_1,roboto,italic,7,18pabc_3cols_20211228_164127_6848419692_600_800.png,/scratch/parceirosbr/bigoilict/share/BigOil/document_generator/datasets/documents_2021_12_28/18pabc_3cols_20211228_164127_6848419692_600_800.png,18pabc_3cols_20211228_164127_6848419692_600_800_mask.png,multiplicação dos
74,4,148,8,209,658,357,666,209,658,357,658,357,666,209,666,sub_line_text,list,list_1,roboto,italic,7,18pabc_3cols_20211228_164127_6848419692_600_800.png,/scratch/parceirosbr/bigoilict/share/BigOil/document_generator/datasets/documents_2021_12_28/18pabc_3cols_20211228_164127_6848419692_600_800.png,18pabc_3cols_20211228_164127_6848419692_600_800_mask.png,60.  Nordeste  tem  priorizado  a  produção  de
58,4,116,8,223,668,339,676,223,668,339,668,339,676,223,676,sub_line_text,list,list_1,roboto,italic,7,18pabc_3cols_20211228_164127_6848419692_600_800.png,/scratch/parceirosbr/bigoilict/share/BigOil/document_generator/datasets/documents_2021_12_28/18pabc_3cols_20211228_164127_6848419692_600_800.png,18pabc_3cols_20211228_164127_6848419692_600_800_mask.png,açúcar devido à existência de cotas
74,4,149,8,209,678,358,686,209,678,358,678,358,686,209,686,sub_line_text,list,list_1,roboto,italic,7,18pabc_3cols_20211228_164127_6848419692_600_800.png,/scratch/parceirosbr/bigoilict/share/BigOil/document_generator/datasets/documents_2021_12_28/18pabc_3cols_20211228_164127_6848419692_600_800.png,18pabc_3cols_20211228_164127_6848419692_600_800_mask.png,"45.   Observando   a   22,  onde  está  o  trecho"
66,4,133,8,223,688,356,696,223,688,356,688,356,696,223,696,sub_line_text,text,text_6,roboto,regular,7,18pabc_3cols_20211228_164127_6848419692_600_800.png,/scratch/parceirosbr/bigoilict/share/BigOil/document_generator/datasets/documents_2021_12_28/18pabc_3cols_20211228_164127_6848419692_600_800.png,18pabc_3cols_20211228_164127_6848419692_600_800_mask.png,O  fator  mais1  e  a  propriedade  de cert-
73,4,146,8,209,698,355,706,209,698,355,698,355,706,209,706,sub_line_text,text,text_6,roboto,regular,7,18pabc_3cols_20211228_164127_6848419692_600_800.png,/scratch/parceirosbr/bigoilict/share/BigOil/document_generator/datasets/documents_2021_12_28/18pabc_3cols_20211228_164127_6848419692_600_800.png,18pabc_3cols_20211228_164127_6848419692_600_800_mask.png,"os   elementos  de  programacao  agruparem,"
71,4,142,8,209,708,351,716,209,708,351,708,351,716,209,716,sub_line_text,text,text_6,roboto,regular,7,18pabc_3cols_20211228_164127_6848419692_600_800.png,/scratch/parceirosbr/bigoilict/share/BigOil/document_generator/datasets/documents_2021_12_28/18pabc_3cols_20211228_164127_6848419692_600_800.png,18pabc_3cols_20211228_164127_6848419692_600_800_mask.png,"em seuinterior, dados que sejam, em algum."
73,14,147,28,209,688,356,716,209,688,356,688,356,716,209,716,text,text,text_6,roboto,regular,7,18pabc_3cols_20211228_164127_6848419692_600_800.png,/scratch/parceirosbr/bigoilict/share/BigOil/document_generator/datasets/documents_2021_12_28/18pabc_3cols_20211228_164127_6848419692_600_800.png,18pabc_3cols_20211228_164127_6848419692_600_800_mask.png,nan
66,4,132,8,395,76,527,84,395,76,527,76,527,84,395,84,sub_line_text,text,text_7,roboto,regular,7,18pabc_3cols_20211228_164127_6848419692_600_800.png,/scratch/parceirosbr/bigoilict/share/BigOil/document_generator/datasets/documents_2021_12_28/18pabc_3cols_20211228_164127_6848419692_600_800.png,18pabc_3cols_20211228_164127_6848419692_600_800_mask.png,"JornalCana,  2,  n  258.  2015, p. 16. 53 F-"
73,4,147,8,381,86,528,94,381,86,528,86,528,94,381,94,sub_line_text,text,text_7,roboto,regular,7,18pabc_3cols_20211228_164127_6848419692_600_800.png,/scratch/parceirosbr/bigoilict/share/BigOil/document_generator/datasets/documents_2021_12_28/18pabc_3cols_20211228_164127_6848419692_600_800.png,18pabc_3cols_20211228_164127_6848419692_600_800_mask.png,"or   more  information,  see:  ethanol  is  again"
73,4,147,8,381,96,528,104,381,96,528,96,528,104,381,104,sub_line_text,text,text_7,roboto,regular,7,18pabc_3cols_20211228_164127_6848419692_600_800.png,/scratch/parceirosbr/bigoilict/share/BigOil/document_generator/datasets/documents_2021_12_28/18pabc_3cols_20211228_164127_6848419692_600_800.png,18pabc_3cols_20211228_164127_6848419692_600_800_mask.png,attractive  at  the  pumps  and  boosts  the ha-
73,4,147,8,381,106,528,114,381,106,528,106,528,114,381,114,sub_line_text,text,text_7,roboto,regular,7,18pabc_3cols_20211228_164127_6848419692_600_800.png,/scratch/parceirosbr/bigoilict/share/BigOil/document_generator/datasets/documents_2021_12_28/18pabc_3cols_20211228_164127_6848419692_600_800.png,18pabc_3cols_20211228_164127_6848419692_600_800_mask.png,"rvest.  Edali  et  al  also  observed  that,  depe-"
73,4,146,8,381,116,527,124,381,116,527,116,527,124,381,124,sub_line_text,text,text_7,roboto,regular,7,18pabc_3cols_20211228_164127_6848419692_600_800.png,/scratch/parceirosbr/bigoilict/share/BigOil/document_generator/datasets/documents_2021_12_28/18pabc_3cols_20211228_164127_6848419692_600_800.png,18pabc_3cols_20211228_164127_6848419692_600_800_mask.png,nding  on  the  range  of  strain  rate used in t-
73,4,146,8,381,126,527,134,381,126,527,126,527,134,381,134,sub_line_text,text,text_7,roboto,regular,7,18pabc_3cols_20211228_164127_6848419692_600_800.png,/scratch/parceirosbr/bigoilict/share/BigOil/document_generator/datasets/documents_2021_12_28/18pabc_3cols_20211228_164127_6848419692_600_800.png,18pabc_3cols_20211228_164127_6848419692_600_800_mask.png,"he  experiments,  the  increase  in  the conce-"
73,4,147,8,381,136,528,144,381,136,528,136,528,144,381,144,sub_line_text,text,text_7,roboto,regular,7,18pabc_3cols_20211228_164127_6848419692_600_800.png,/scratch/parceirosbr/bigoilict/share/BigOil/document_generator/datasets/documents_2021_12_28/18pabc_3cols_20211228_164127_6848419692_600_800.png,18pabc_3cols_20211228_164127_6848419692_600_800_mask.png,ntration  of  the  polymer  can  lead  to  a decr-
73,4,146,8,381,146,527,154,381,146,527,146,527,154,381,154,sub_line_text,text,text_7,roboto,regular,7,18pabc_3cols_20211228_164127_6848419692_600_800.png,/scratch/parceirosbr/bigoilict/share/BigOil/document_generator/datasets/documents_2021_12_28/18pabc_3cols_20211228_164127_6848419692_600_800.png,18pabc_3cols_20211228_164127_6848419692_600_800_mask.png,ease  in  the  apparent  viscosity  of  the fluid.
73,4,147,8,381,156,528,164,381,156,528,156,528,164,381,164,sub_line_text,text,text_7,roboto,regular,7,18pabc_3cols_20211228_164127_6848419692_600_800.png,/scratch/parceirosbr/bigoilict/share/BigOil/document_generator/datasets/documents_2021_12_28/18pabc_3cols_20211228_164127_6848419692_600_800.png,18pabc_3cols_20211228_164127_6848419692_600_800_mask.png,The  coil  conductor  is  cooled  by  the turbul-
73,4,146,8,381,166,527,174,381,166,527,166,527,174,381,174,sub_line_text,text,text_7,roboto,regular,7,18pabc_3cols_20211228_164127_6848419692_600_800.png,/scratch/parceirosbr/bigoilict/share/BigOil/document_generator/datasets/documents_2021_12_28/18pabc_3cols_20211228_164127_6848419692_600_800.png,18pabc_3cols_20211228_164127_6848419692_600_800_mask.png,ent  water  flow  in  an  internal  cooling chan-
73,4,146,8,381,176,527,184,381,176,527,176,527,184,381,184,sub_line_text,text,text_7,roboto,regular,7,18pabc_3cols_20211228_164127_6848419692_600_800.png,/scratch/parceirosbr/bigoilict/share/BigOil/document_generator/datasets/documents_2021_12_28/18pabc_3cols_20211228_164127_6848419692_600_800.png,18pabc_3cols_20211228_164127_6848419692_600_800_mask.png,nel.  O  de  a  é validado pelas ocorrências d-
73,4,146,8,381,186,527,194,381,186,527,186,527,194,381,194,sub_line_text,text,text_7,roboto,regular,7,18pabc_3cols_20211228_164127_6848419692_600_800.png,/scratch/parceirosbr/bigoilict/share/BigOil/document_generator/datasets/documents_2021_12_28/18pabc_3cols_20211228_164127_6848419692_600_800.png,18pabc_3cols_20211228_164127_6848419692_600_800_mask.png,"as   feições  extraídas,  mais  frequentes  nas"
69,4,139,8,381,196,520,204,381,196,520,196,520,204,381,204,sub_line_text,text,text_7,roboto,regular,7,18pabc_3cols_20211228_164127_6848419692_600_800.png,/scratch/parceirosbr/bigoilict/share/BigOil/document_generator/datasets/documents_2021_12_28/18pabc_3cols_20211228_164127_6848419692_600_800.png,18pabc_3cols_20211228_164127_6848419692_600_800_mask.png,classes média a alta e quase inexistentes.
73,64,147,128,381,76,528,204,381,76,528,76,528,204,381,204,text,text,text_7,roboto,regular,7,18pabc_3cols_20211228_164127_6848419692_600_800.png,/scratch/parceirosbr/bigoilict/share/BigOil/document_generator/datasets/documents_2021_12_28/18pabc_3cols_20211228_164127_6848419692_600_800.png,18pabc_3cols_20211228_164127_6848419692_600_800_mask.png,nan
71,66,143,132,384,206,527,338,384,206,527,206,527,338,384,338,table,table_image,table_0,,,,18pabc_3cols_20211228_164127_6848419692_600_800.png,/scratch/parceirosbr/bigoilict/share/BigOil/document_generator/datasets/documents_2021_12_28/18pabc_3cols_20211228_164127_6848419692_600_800.png,18pabc_3cols_20211228_164127_6848419692_600_800_mask.png,output/gen_tab_20211228_164134_4299000189.png
8,3,16,7,440,208,456,215,440,208,456,208,456,215,440,215,text,table_text,table_0,arial,bold,7.0,18pabc_3cols_20211228_164127_6848419692_600_800.png,/scratch/parceirosbr/bigoilict/share/BigOil/document_generator/datasets/documents_2021_12_28/18pabc_3cols_20211228_164127_6848419692_600_800.png,18pabc_3cols_20211228_164127_6848419692_600_800_mask.png,tanto
8,3,16,7,440,208,456,215,440,208,456,208,456,215,440,215,sub_line_text,table_text,table_0,arial,bold,7.0,18pabc_3cols_20211228_164127_6848419692_600_800.png,/scratch/parceirosbr/bigoilict/share/BigOil/document_generator/datasets/documents_2021_12_28/18pabc_3cols_20211228_164127_6848419692_600_800.png,18pabc_3cols_20211228_164127_6848419692_600_800_mask.png,tanto
15,3,31,7,425,216,456,223,425,216,456,216,456,223,425,223,text,table_text,table_0,arial,bold,7.0,18pabc_3cols_20211228_164127_6848419692_600_800.png,/scratch/parceirosbr/bigoilict/share/BigOil/document_generator/datasets/documents_2021_12_28/18pabc_3cols_20211228_164127_6848419692_600_800.png,18pabc_3cols_20211228_164127_6848419692_600_800_mask.png,partículas
15,3,31,7,425,216,456,223,425,216,456,216,456,223,425,223,sub_line_text,table_text,table_0,arial,bold,7.0,18pabc_3cols_20211228_164127_6848419692_600_800.png,/scratch/parceirosbr/bigoilict/share/BigOil/document_generator/datasets/documents_2021_12_28/18pabc_3cols_20211228_164127_6848419692_600_800.png,18pabc_3cols_20211228_164127_6848419692_600_800_mask.png,partículas
6,3,13,7,443,230,456,237,443,230,456,230,456,237,443,237,text,table_text,table_0,arial,bold,7.0,18pabc_3cols_20211228_164127_6848419692_600_800.png,/scratch/parceirosbr/bigoilict/share/BigOil/document_generator/datasets/documents_2021_12_28/18pabc_3cols_20211228_164127_6848419692_600_800.png,18pabc_3cols_20211228_164127_6848419692_600_800_mask.png,69.0
6,3,13,7,443,230,456,237,443,230,456,230,456,237,443,237,sub_line_text,table_text,table_0,arial,bold,7.0,18pabc_3cols_20211228_164127_6848419692_600_800.png,/scratch/parceirosbr/bigoilict/share/BigOil/document_generator/datasets/documents_2021_12_28/18pabc_3cols_20211228_164127_6848419692_600_800.png,18pabc_3cols_20211228_164127_6848419692_600_800_mask.png,69.0
8,3,17,7,439,240,456,247,439,240,456,240,456,247,439,247,text,table_text,table_0,arial,bold,7.0,18pabc_3cols_20211228_164127_6848419692_600_800.png,/scratch/parceirosbr/bigoilict/share/BigOil/document_generator/datasets/documents_2021_12_28/18pabc_3cols_20211228_164127_6848419692_600_800.png,18pabc_3cols_20211228_164127_6848419692_600_800_mask.png,237.2
8,3,17,7,439,240,456,247,439,240,456,240,456,247,439,247,sub_line_text,table_text,table_0,arial,bold,7.0,18pabc_3cols_20211228_164127_6848419692_600_800.png,/scratch/parceirosbr/bigoilict/share/BigOil/document_generator/datasets/documents_2021_12_28/18pabc_3cols_20211228_164127_6848419692_600_800.png,18pabc_3cols_20211228_164127_6848419692_600_800_mask.png,237.2
16,3,32,7,424,251,456,258,424,251,456,251,456,258,424,258,text,table_text,table_0,arial,bold,7.0,18pabc_3cols_20211228_164127_6848419692_600_800.png,/scratch/parceirosbr/bigoilict/share/BigOil/document_generator/datasets/documents_2021_12_28/18pabc_3cols_20211228_164127_6848419692_600_800.png,18pabc_3cols_20211228_164127_6848419692_600_800_mask.png,3910647.7
16,3,32,7,424,251,456,258,424,251,456,251,456,258,424,258,sub_line_text,table_text,table_0,arial,bold,7.0,18pabc_3cols_20211228_164127_6848419692_600_800.png,/scratch/parceirosbr/bigoilict/share/BigOil/document_generator/datasets/documents_2021_12_28/18pabc_3cols_20211228_164127_6848419692_600_800.png,18pabc_3cols_20211228_164127_6848419692_600_800_mask.png,3910647.7
14,3,28,7,428,261,456,268,428,261,456,261,456,268,428,268,text,table_text,table_0,arial,bold,7.0,18pabc_3cols_20211228_164127_6848419692_600_800.png,/scratch/parceirosbr/bigoilict/share/BigOil/document_generator/datasets/documents_2021_12_28/18pabc_3cols_20211228_164127_6848419692_600_800.png,18pabc_3cols_20211228_164127_6848419692_600_800_mask.png,594915.9
14,3,28,7,428,261,456,268,428,261,456,261,456,268,428,268,sub_line_text,table_text,table_0,arial,bold,7.0,18pabc_3cols_20211228_164127_6848419692_600_800.png,/scratch/parceirosbr/bigoilict/share/BigOil/document_generator/datasets/documents_2021_12_28/18pabc_3cols_20211228_164127_6848419692_600_800.png,18pabc_3cols_20211228_164127_6848419692_600_800_mask.png,594915.9
10,3,21,7,435,272,456,279,435,272,456,272,456,279,435,279,text,table_text,table_0,arial,bold,7.0,18pabc_3cols_20211228_164127_6848419692_600_800.png,/scratch/parceirosbr/bigoilict/share/BigOil/document_generator/datasets/documents_2021_12_28/18pabc_3cols_20211228_164127_6848419692_600_800.png,18pabc_3cols_20211228_164127_6848419692_600_800_mask.png,3028.4
10,3,21,7,435,272,456,279,435,272,456,272,456,279,435,279,sub_line_text,table_text,table_0,arial,bold,7.0,18pabc_3cols_20211228_164127_6848419692_600_800.png,/scratch/parceirosbr/bigoilict/share/BigOil/document_generator/datasets/documents_2021_12_28/18pabc_3cols_20211228_164127_6848419692_600_800.png,18pabc_3cols_20211228_164127_6848419692_600_800_mask.png,3028.4
16,3,32,7,424,283,456,290,424,283,456,283,456,290,424,290,text,table_text,table_0,arial,bold,7.0,18pabc_3cols_20211228_164127_6848419692_600_800.png,/scratch/parceirosbr/bigoilict/share/BigOil/document_generator/datasets/documents_2021_12_28/18pabc_3cols_20211228_164127_6848419692_600_800.png,18pabc_3cols_20211228_164127_6848419692_600_800_mask.png,7721120.1
16,3,32,7,424,283,456,290,424,283,456,283,456,290,424,290,sub_line_text,table_text,table_0,arial,bold,7.0,18pabc_3cols_20211228_164127_6848419692_600_800.png,/scratch/parceirosbr/bigoilict/share/BigOil/document_generator/datasets/documents_2021_12_28/18pabc_3cols_20211228_164127_6848419692_600_800.png,18pabc_3cols_20211228_164127_6848419692_600_800_mask.png,7721120.1
4,3,9,7,447,293,456,300,447,293,456,293,456,300,447,300,text,table_text,table_0,arial,bold,7.0,18pabc_3cols_20211228_164127_6848419692_600_800.png,/scratch/parceirosbr/bigoilict/share/BigOil/document_generator/datasets/documents_2021_12_28/18pabc_3cols_20211228_164127_6848419692_600_800.png,18pabc_3cols_20211228_164127_6848419692_600_800_mask.png,8.3
4,3,9,7,447,293,456,300,447,293,456,293,456,300,447,300,sub_line_text,table_text,table_0,arial,bold,7.0,18pabc_3cols_20211228_164127_6848419692_600_800.png,/scratch/parceirosbr/bigoilict/share/BigOil/document_generator/datasets/documents_2021_12_28/18pabc_3cols_20211228_164127_6848419692_600_800.png,18pabc_3cols_20211228_164127_6848419692_600_800_mask.png,8.3
10,3,21,7,435,304,456,311,435,304,456,304,456,311,435,311,text,table_text,table_0,arial,bold,7.0,18pabc_3cols_20211228_164127_6848419692_600_800.png,/scratch/parceirosbr/bigoilict/share/BigOil/document_generator/datasets/documents_2021_12_28/18pabc_3cols_20211228_164127_6848419692_600_800.png,18pabc_3cols_20211228_164127_6848419692_600_800_mask.png,4681.5
10,3,21,7,435,304,456,311,435,304,456,304,456,311,435,311,sub_line_text,table_text,table_0,arial,bold,7.0,18pabc_3cols_20211228_164127_6848419692_600_800.png,/scratch/parceirosbr/bigoilict/share/BigOil/document_generator/datasets/documents_2021_12_28/18pabc_3cols_20211228_164127_6848419692_600_800.png,18pabc_3cols_20211228_164127_6848419692_600_800_mask.png,4681.5
12,3,24,7,431,314,455,321,431,314,455,314,455,321,431,321,text,table_text,table_0,arial,bold,7.0,18pabc_3cols_20211228_164127_6848419692_600_800.png,/scratch/parceirosbr/bigoilict/share/BigOil/document_generator/datasets/documents_2021_12_28/18pabc_3cols_20211228_164127_6848419692_600_800.png,18pabc_3cols_20211228_164127_6848419692_600_800_mask.png,18481.6
12,3,24,7,431,314,455,321,431,314,455,314,455,321,431,321,sub_line_text,table_text,table_0,arial,bold,7.0,18pabc_3cols_20211228_164127_6848419692_600_800.png,/scratch/parceirosbr/bigoilict/share/BigOil/document_generator/datasets/documents_2021_12_28/18pabc_3cols_20211228_164127_6848419692_600_800.png,18pabc_3cols_20211228_164127_6848419692_600_800_mask.png,18481.6
8,3,17,7,439,325,456,332,439,325,456,325,456,332,439,332,text,table_text,table_0,arial,bold,7.0,18pabc_3cols_20211228_164127_6848419692_600_800.png,/scratch/parceirosbr/bigoilict/share/BigOil/document_generator/datasets/documents_2021_12_28/18pabc_3cols_20211228_164127_6848419692_600_800.png,18pabc_3cols_20211228_164127_6848419692_600_800_mask.png,352.9
8,3,17,7,439,325,456,332,439,325,456,325,456,332,439,332,sub_line_text,table_text,table_0,arial,bold,7.0,18pabc_3cols_20211228_164127_6848419692_600_800.png,/scratch/parceirosbr/bigoilict/share/BigOil/document_generator/datasets/documents_2021_12_28/18pabc_3cols_20211228_164127_6848419692_600_800.png,18pabc_3cols_20211228_164127_6848419692_600_800_mask.png,352.9
12,3,24,7,479,208,503,215,479,208,503,208,503,215,479,215,text,table_text,table_0,arial,bold,7.0,18pabc_3cols_20211228_164127_6848419692_600_800.png,/scratch/parceirosbr/bigoilict/share/BigOil/document_generator/datasets/documents_2021_12_28/18pabc_3cols_20211228_164127_6848419692_600_800.png,18pabc_3cols_20211228_164127_6848419692_600_800_mask.png,também
12,3,24,7,479,208,503,215,479,208,503,208,503,215,479,215,sub_line_text,table_text,table_0,arial,bold,7.0,18pabc_3cols_20211228_164127_6848419692_600_800.png,/scratch/parceirosbr/bigoilict/share/BigOil/document_generator/datasets/documents_2021_12_28/18pabc_3cols_20211228_164127_6848419692_600_800.png,18pabc_3cols_20211228_164127_6848419692_600_800_mask.png,também
12,3,24,7,479,216,503,223,479,216,503,216,503,223,479,223,text,table_text,table_0,arial,bold,7.0,18pabc_3cols_20211228_164127_6848419692_600_800.png,/scratch/parceirosbr/bigoilict/share/BigOil/document_generator/datasets/documents_2021_12_28/18pabc_3cols_20211228_164127_6848419692_600_800.png,18pabc_3cols_20211228_164127_6848419692_600_800_mask.png,reforma
12,3,24,7,479,216,503,223,479,216,503,216,503,223,479,223,sub_line_text,table_text,table_0,arial,bold,7.0,18pabc_3cols_20211228_164127_6848419692_600_800.png,/scratch/parceirosbr/bigoilict/share/BigOil/document_generator/datasets/documents_2021_12_28/18pabc_3cols_20211228_164127_6848419692_600_800.png,18pabc_3cols_20211228_164127_6848419692_600_800_mask.png,reforma
11,3,23,7,479,230,502,237,479,230,502,230,502,237,479,237,text,table_text,table_0,arial,bold,7.0,18pabc_3cols_20211228_164127_6848419692_600_800.png,/scratch/parceirosbr/bigoilict/share/BigOil/document_generator/datasets/documents_2021_12_28/18pabc_3cols_20211228_164127_6848419692_600_800.png,18pabc_3cols_20211228_164127_6848419692_600_800_mask.png,distinto
11,3,23,7,479,230,502,237,479,230,502,230,502,237,479,237,sub_line_text,table_text,table_0,arial,bold,7.0,18pabc_3cols_20211228_164127_6848419692_600_800.png,/scratch/parceirosbr/bigoilict/share/BigOil/document_generator/datasets/documents_2021_12_28/18pabc_3cols_20211228_164127_6848419692_600_800.png,18pabc_3cols_20211228_164127_6848419692_600_800_mask.png,distinto
12,3,24,7,479,240,503,247,479,240,503,240,503,247,479,247,text,table_text,table_0,arial,bold,7.0,18pabc_3cols_20211228_164127_6848419692_600_800.png,/scratch/parceirosbr/bigoilict/share/BigOil/document_generator/datasets/documents_2021_12_28/18pabc_3cols_20211228_164127_6848419692_600_800.png,18pabc_3cols_20211228_164127_6848419692_600_800_mask.png,produto
12,3,24,7,479,240,503,247,479,240,503,240,503,247,479,247,sub_line_text,table_text,table_0,arial,bold,7.0,18pabc_3cols_20211228_164127_6848419692_600_800.png,/scratch/parceirosbr/bigoilict/share/BigOil/document_generator/datasets/documents_2021_12_28/18pabc_3cols_20211228_164127_6848419692_600_800.png,18pabc_3cols_20211228_164127_6848419692_600_800_mask.png,produto
13,3,26,7,478,251,504,258,478,251,504,251,504,258,478,258,text,table_text,table_0,arial,bold,7.0,18pabc_3cols_20211228_164127_6848419692_600_800.png,/scratch/parceirosbr/bigoilict/share/BigOil/document_generator/datasets/documents_2021_12_28/18pabc_3cols_20211228_164127_6848419692_600_800.png,18pabc_3cols_20211228_164127_6848419692_600_800_mask.png,trabalho
13,3,26,7,478,251,504,258,478,251,504,251,504,258,478,258,sub_line_text,table_text,table_0,arial,bold,7.0,18pabc_3cols_20211228_164127_6848419692_600_800.png,/scratch/parceirosbr/bigoilict/share/BigOil/document_generator/datasets/documents_2021_12_28/18pabc_3cols_20211228_164127_6848419692_600_800.png,18pabc_3cols_20211228_164127_6848419692_600_800_mask.png,trabalho
14,3,28,7,478,261,506,268,478,261,506,261,506,268,478,268,text,table_text,table_0,arial,bold,7.0,18pabc_3cols_20211228_164127_6848419692_600_800.png,/scratch/parceirosbr/bigoilict/share/BigOil/document_generator/datasets/documents_2021_12_28/18pabc_3cols_20211228_164127_6848419692_600_800.png,18pabc_3cols_20211228_164127_6848419692_600_800_mask.png,derivado
14,3,28,7,478,261,506,268,478,261,506,261,506,268,478,268,sub_line_text,table_text,table_0,arial,bold,7.0,18pabc_3cols_20211228_164127_6848419692_600_800.png,/scratch/parceirosbr/bigoilict/share/BigOil/document_generator/datasets/documents_2021_12_28/18pabc_3cols_20211228_164127_6848419692_600_800.png,18pabc_3cols_20211228_164127_6848419692_600_800_mask.png,derivado
9,3,19,7,481,272,500,279,481,272,500,272,500,279,481,279,text,table_text,table_0,arial,bold,7.0,18pabc_3cols_20211228_164127_6848419692_600_800.png,/scratch/parceirosbr/bigoilict/share/BigOil/document_generator/datasets/documents_2021_12_28/18pabc_3cols_20211228_164127_6848419692_600_800.png,18pabc_3cols_20211228_164127_6848419692_600_800_mask.png,servir
9,3,19,7,481,272,500,279,481,272,500,272,500,279,481,279,sub_line_text,table_text,table_0,arial,bold,7.0,18pabc_3cols_20211228_164127_6848419692_600_800.png,/scratch/parceirosbr/bigoilict/share/BigOil/document_generator/datasets/documents_2021_12_28/18pabc_3cols_20211228_164127_6848419692_600_800.png,18pabc_3cols_20211228_164127_6848419692_600_800_mask.png,servir
9,3,18,7,482,283,500,290,482,283,500,283,500,290,482,290,text,table_text,table_0,arial,bold,7.0,18pabc_3cols_20211228_164127_6848419692_600_800.png,/scratch/parceirosbr/bigoilict/share/BigOil/document_generator/datasets/documents_2021_12_28/18pabc_3cols_20211228_164127_6848419692_600_800.png,18pabc_3cols_20211228_164127_6848419692_600_800_mask.png,então
9,3,18,7,482,283,500,290,482,283,500,283,500,290,482,290,sub_line_text,table_text,table_0,arial,bold,7.0,18pabc_3cols_20211228_164127_6848419692_600_800.png,/scratch/parceirosbr/bigoilict/share/BigOil/document_generator/datasets/documents_2021_12_28/18pabc_3cols_20211228_164127_6848419692_600_800.png,18pabc_3cols_20211228_164127_6848419692_600_800_mask.png,então
1,3,3,7,489,293,492,300,489,293,492,293,492,300,489,300,text,table_text,table_0,arial,bold,7.0,18pabc_3cols_20211228_164127_6848419692_600_800.png,/scratch/parceirosbr/bigoilict/share/BigOil/document_generator/datasets/documents_2021_12_28/18pabc_3cols_20211228_164127_6848419692_600_800.png,18pabc_3cols_20211228_164127_6848419692_600_800_mask.png,é
1,3,3,7,489,293,492,300,489,293,492,293,492,300,489,300,sub_line_text,table_text,table_0,arial,bold,7.0,18pabc_3cols_20211228_164127_6848419692_600_800.png,/scratch/parceirosbr/bigoilict/share/BigOil/document_generator/datasets/documents_2021_12_28/18pabc_3cols_20211228_164127_6848419692_600_800.png,18pabc_3cols_20211228_164127_6848419692_600_800_mask.png,é
14,3,28,7,478,304,506,311,478,304,506,304,506,311,478,311,text,table_text,table_0,arial,bold,7.0,18pabc_3cols_20211228_164127_6848419692_600_800.png,/scratch/parceirosbr/bigoilict/share/BigOil/document_generator/datasets/documents_2021_12_28/18pabc_3cols_20211228_164127_6848419692_600_800.png,18pabc_3cols_20211228_164127_6848419692_600_800_mask.png,completa
14,3,28,7,478,304,506,311,478,304,506,304,506,311,478,311,sub_line_text,table_text,table_0,arial,bold,7.0,18pabc_3cols_20211228_164127_6848419692_600_800.png,/scratch/parceirosbr/bigoilict/share/BigOil/document_generator/datasets/documents_2021_12_28/18pabc_3cols_20211228_164127_6848419692_600_800.png,18pabc_3cols_20211228_164127_6848419692_600_800_mask.png,completa
12,3,24,7,479,314,503,321,479,314,503,314,503,321,479,321,text,table_text,table_0,arial,bold,7.0,18pabc_3cols_20211228_164127_6848419692_600_800.png,/scratch/parceirosbr/bigoilict/share/BigOil/document_generator/datasets/documents_2021_12_28/18pabc_3cols_20211228_164127_6848419692_600_800.png,18pabc_3cols_20211228_164127_6848419692_600_800_mask.png,outubro
12,3,24,7,479,314,503,321,479,314,503,314,503,321,479,321,sub_line_text,table_text,table_0,arial,bold,7.0,18pabc_3cols_20211228_164127_6848419692_600_800.png,/scratch/parceirosbr/bigoilict/share/BigOil/document_generator/datasets/documents_2021_12_28/18pabc_3cols_20211228_164127_6848419692_600_800.png,18pabc_3cols_20211228_164127_6848419692_600_800_mask.png,outubro
13,3,26,7,478,325,504,332,478,325,504,325,504,332,478,332,text,table_text,table_0,arial,bold,7.0,18pabc_3cols_20211228_164127_6848419692_600_800.png,/scratch/parceirosbr/bigoilict/share/BigOil/document_generator/datasets/documents_2021_12_28/18pabc_3cols_20211228_164127_6848419692_600_800.png,18pabc_3cols_20211228_164127_6848419692_600_800_mask.png,concede
13,3,26,7,478,325,504,332,478,325,504,325,504,332,478,332,sub_line_text,table_text,table_0,arial,bold,7.0,18pabc_3cols_20211228_164127_6848419692_600_800.png,/scratch/parceirosbr/bigoilict/share/BigOil/document_generator/datasets/documents_2021_12_28/18pabc_3cols_20211228_164127_6848419692_600_800.png,18pabc_3cols_20211228_164127_6848419692_600_800_mask.png,concede
59,4,118,8,381,343,499,351,381,343,499,343,499,351,381,351,sub_line_text,table_legend,table_0,roboto,bold,7,18pabc_3cols_20211228_164127_6848419692_600_800.png,/scratch/parceirosbr/bigoilict/share/BigOil/document_generator/datasets/documents_2021_12_28/18pabc_3cols_20211228_164127_6848419692_600_800.png,18pabc_3cols_20211228_164127_6848419692_600_800_mask.png,Tab.  44:    Uma  maneira comum de
59,4,118,8,381,353,499,361,381,353,499,353,499,361,381,361,sub_line_text,table_legend,table_0,roboto,bold,7,18pabc_3cols_20211228_164127_6848419692_600_800.png,/scratch/parceirosbr/bigoilict/share/BigOil/document_generator/datasets/documents_2021_12_28/18pabc_3cols_20211228_164127_6848419692_600_800.png,18pabc_3cols_20211228_164127_6848419692_600_800_mask.png,visualizar  as respostas de um per-
59,4,118,8,381,363,499,371,381,363,499,363,499,371,381,371,sub_line_text,table_legend,table_0,roboto,bold,7,18pabc_3cols_20211228_164127_6848419692_600_800.png,/scratch/parceirosbr/bigoilict/share/BigOil/document_generator/datasets/documents_2021_12_28/18pabc_3cols_20211228_164127_6848419692_600_800.png,18pabc_3cols_20211228_164127_6848419692_600_800_mask.png,"fil  é através de pseudoseções, que"
45,4,90,8,381,373,471,381,381,373,471,373,471,381,381,381,sub_line_text,table_legend,table_0,roboto,bold,7,18pabc_3cols_20211228_164127_6848419692_600_800.png,/scratch/parceirosbr/bigoilict/share/BigOil/document_generator/datasets/documents_2021_12_28/18pabc_3cols_20211228_164127_6848419692_600_800.png,18pabc_3cols_20211228_164127_6848419692_600_800_mask.png,mostram a distribuição das
59,19,118,38,381,343,499,381,381,343,499,343,499,381,381,381,text,table_legend,table_0,roboto,bold,7,18pabc_3cols_20211228_164127_6848419692_600_800.png,/scratch/parceirosbr/bigoilict/share/BigOil/document_generator/datasets/documents_2021_12_28/18pabc_3cols_20211228_164127_6848419692_600_800.png,18pabc_3cols_20211228_164127_6848419692_600_800_mask.png,nan
66,4,133,8,395,383,528,391,395,383,528,383,528,391,395,391,sub_line_text,text,text_8,roboto,regular,7,18pabc_3cols_20211228_164127_6848419692_600_800.png,/scratch/parceirosbr/bigoilict/share/BigOil/document_generator/datasets/documents_2021_12_28/18pabc_3cols_20211228_164127_6848419692_600_800.png,18pabc_3cols_20211228_164127_6848419692_600_800_mask.png,A  pressao  de  colapso  do casco resist-
73,4,147,8,381,393,528,401,381,393,528,393,528,401,381,401,sub_line_text,text,text_8,roboto,regular,7,18pabc_3cols_20211228_164127_6848419692_600_800.png,/scratch/parceirosbr/bigoilict/share/BigOil/document_generator/datasets/documents_2021_12_28/18pabc_3cols_20211228_164127_6848419692_600_800.png,18pabc_3cols_20211228_164127_6848419692_600_800_mask.png,ente  tradicionalmente  tem  sido  avaliada  c-
73,4,146,8,381,403,527,411,381,403,527,403,527,411,381,411,sub_line_text,text,text_8,roboto,regular,7,18pabc_3cols_20211228_164127_6848419692_600_800.png,/scratch/parceirosbr/bigoilict/share/BigOil/document_generator/datasets/documents_2021_12_28/18pabc_3cols_20211228_164127_6848419692_600_800.png,18pabc_3cols_20211228_164127_6848419692_600_800_mask.png,om-binando  teorias  analticas e dados empr-
73,4,146,8,381,413,527,421,381,413,527,413,527,421,381,421,sub_line_text,text,text_8,roboto,regular,7,18pabc_3cols_20211228_164127_6848419692_600_800.png,/scratch/parceirosbr/bigoilict/share/BigOil/document_generator/datasets/documents_2021_12_28/18pabc_3cols_20211228_164127_6848419692_600_800.png,18pabc_3cols_20211228_164127_6848419692_600_800_mask.png,icos.  O  diafragma  sujo  faz com que a bom-
73,4,147,8,381,423,528,431,381,423,528,423,528,431,381,431,sub_line_text,text,text_8,roboto,regular,7,18pabc_3cols_20211228_164127_6848419692_600_800.png,/scratch/parceirosbr/bigoilict/share/BigOil/document_generator/datasets/documents_2021_12_28/18pabc_3cols_20211228_164127_6848419692_600_800.png,18pabc_3cols_20211228_164127_6848419692_600_800_mask.png,ba  de  gasolina  perca  o poder de sucção. O
73,4,146,8,381,433,527,441,381,433,527,433,527,441,381,441,sub_line_text,text,text_8,roboto,regular,7,18pabc_3cols_20211228_164127_6848419692_600_800.png,/scratch/parceirosbr/bigoilict/share/BigOil/document_generator/datasets/documents_2021_12_28/18pabc_3cols_20211228_164127_6848419692_600_800.png,18pabc_3cols_20211228_164127_6848419692_600_800_mask.png,código   abrange  toda  a  infra-estrutura  des-
73,4,146,8,381,443,527,451,381,443,527,443,527,451,381,451,sub_line_text,text,text_8,roboto,regular,7,18pabc_3cols_20211228_164127_6848419692_600_800.png,/scratch/parceirosbr/bigoilict/share/BigOil/document_generator/datasets/documents_2021_12_28/18pabc_3cols_20211228_164127_6848419692_600_800.png,18pabc_3cols_20211228_164127_6848419692_600_800_mask.png,de  a  boca do poço até as unidades de 85 p-
73,4,147,8,381,453,528,461,381,453,528,453,528,461,381,461,sub_line_text,text,text_8,roboto,regular,7,18pabc_3cols_20211228_164127_6848419692_600_800.png,/scratch/parceirosbr/bigoilict/share/BigOil/document_generator/datasets/documents_2021_12_28/18pabc_3cols_20211228_164127_6848419692_600_800.png,18pabc_3cols_20211228_164127_6848419692_600_800_mask.png,"rocessamento  (no  caso  do  gás)31, passan-"
73,4,146,8,381,463,527,471,381,463,527,463,527,471,381,471,sub_line_text,text,text_8,roboto,regular,7,18pabc_3cols_20211228_164127_6848419692_600_800.png,/scratch/parceirosbr/bigoilict/share/BigOil/document_generator/datasets/documents_2021_12_28/18pabc_3cols_20211228_164127_6848419692_600_800.png,18pabc_3cols_20211228_164127_6848419692_600_800_mask.png,do  por  terminais  de recepção e instalações
73,4,146,8,381,473,527,481,381,473,527,473,527,481,381,481,sub_line_text,text,text_8,roboto,regular,7,18pabc_3cols_20211228_164127_6848419692_600_800.png,/scratch/parceirosbr/bigoilict/share/BigOil/document_generator/datasets/documents_2021_12_28/18pabc_3cols_20211228_164127_6848419692_600_800.png,18pabc_3cols_20211228_164127_6848419692_600_800_mask.png,primárias  de  separação  e condicionamento
23,4,46,8,381,483,427,491,381,483,427,483,427,491,381,491,sub_line_text,text,text_8,roboto,regular,7,18pabc_3cols_20211228_164127_6848419692_600_800.png,/scratch/parceirosbr/bigoilict/share/BigOil/document_generator/datasets/documents_2021_12_28/18pabc_3cols_20211228_164127_6848419692_600_800.png,18pabc_3cols_20211228_164127_6848419692_600_800_mask.png,de óleo e gás.
73,54,147,108,381,383,528,491,381,383,528,383,528,491,381,491,text,text,text_8,roboto,regular,7,18pabc_3cols_20211228_164127_6848419692_600_800.png,/scratch/parceirosbr/bigoilict/share/BigOil/document_generator/datasets/documents_2021_12_28/18pabc_3cols_20211228_164127_6848419692_600_800.png,18pabc_3cols_20211228_164127_6848419692_600_800_mask.png,nan
66,4,132,8,395,493,527,501,395,493,527,493,527,501,395,501,sub_line_text,text,text_9,roboto,regular,7,18pabc_3cols_20211228_164127_6848419692_600_800.png,/scratch/parceirosbr/bigoilict/share/BigOil/document_generator/datasets/documents_2021_12_28/18pabc_3cols_20211228_164127_6848419692_600_800.png,18pabc_3cols_20211228_164127_6848419692_600_800_mask.png,In  addition  to  the compression molding
73,4,146,8,381,503,527,511,381,503,527,503,527,511,381,511,sub_line_text,text,text_9,roboto,regular,7,18pabc_3cols_20211228_164127_6848419692_600_800.png,/scratch/parceirosbr/bigoilict/share/BigOil/document_generator/datasets/documents_2021_12_28/18pabc_3cols_20211228_164127_6848419692_600_800.png,18pabc_3cols_20211228_164127_6848419692_600_800_mask.png,"process,   is  also  recommended  for  extrusi-"
73,4,146,8,381,513,527,521,381,513,527,513,527,521,381,521,sub_line_text,text,text_9,roboto,regular,7,18pabc_3cols_20211228_164127_6848419692_600_800.png,/scratch/parceirosbr/bigoilict/share/BigOil/document_generator/datasets/documents_2021_12_28/18pabc_3cols_20211228_164127_6848419692_600_800.png,18pabc_3cols_20211228_164127_6848419692_600_800_mask.png,"on  processing,  with  properties  similar  to  t-"
73,4,146,8,381,523,527,531,381,523,527,523,527,531,381,531,sub_line_text,text,text_9,roboto,regular,7,18pabc_3cols_20211228_164127_6848419692_600_800.png,/scratch/parceirosbr/bigoilict/share/BigOil/document_generator/datasets/documents_2021_12_28/18pabc_3cols_20211228_164127_6848419692_600_800.png,18pabc_3cols_20211228_164127_6848419692_600_800_mask.png,"he  injected  product,  as  informed  by  the m-"
73,4,147,8,381,533,528,541,381,533,528,533,528,541,381,541,sub_line_text,text,text_9,roboto,regular,7,18pabc_3cols_20211228_164127_6848419692_600_800.png,/scratch/parceirosbr/bigoilict/share/BigOil/document_generator/datasets/documents_2021_12_28/18pabc_3cols_20211228_164127_6848419692_600_800.png,18pabc_3cols_20211228_164127_6848419692_600_800_mask.png,anufacturer.   3.3.  The  pure  and  the  system
73,4,147,8,381,543,528,551,381,543,528,543,528,551,381,551,sub_line_text,text,text_9,roboto,regular,7,18pabc_3cols_20211228_164127_6848419692_600_800.png,/scratch/parceirosbr/bigoilict/share/BigOil/document_generator/datasets/documents_2021_12_28/18pabc_3cols_20211228_164127_6848419692_600_800.png,18pabc_3cols_20211228_164127_6848419692_600_800_mask.png,"showed   a   decrease   in  viscosity,  revealed"
73,4,146,8,381,553,527,561,381,553,527,553,527,561,381,561,sub_line_text,text,text_9,roboto,regular,7,18pabc_3cols_20211228_164127_6848419692_600_800.png,/scratch/parceirosbr/bigoilict/share/BigOil/document_generator/datasets/documents_2021_12_28/18pabc_3cols_20211228_164127_6848419692_600_800.png,18pabc_3cols_20211228_164127_6848419692_600_800_mask.png,"through  the  values  of  molar  mass,  reflecti-"
73,4,146,8,381,563,527,571,381,563,527,563,527,571,381,571,sub_line_text,text,text_9,roboto,regular,7,18pabc_3cols_20211228_164127_6848419692_600_800.png,/scratch/parceirosbr/bigoilict/share/BigOil/document_generator/datasets/documents_2021_12_28/18pabc_3cols_20211228_164127_6848419692_600_800.png,18pabc_3cols_20211228_164127_6848419692_600_800_mask.png,ng  random  splits  in  the  chain  as the main
73,4,147,8,381,573,528,581,381,573,528,573,528,581,381,581,sub_line_text,text,text_9,roboto,regular,7,18pabc_3cols_20211228_164127_6848419692_600_800.png,/scratch/parceirosbr/bigoilict/share/BigOil/document_generator/datasets/documents_2021_12_28/18pabc_3cols_20211228_164127_6848419692_600_800.png,18pabc_3cols_20211228_164127_6848419692_600_800_mask.png,effect.  Dependendo  da  fase  e  do tipo de p-
73,4,147,8,381,583,528,591,381,583,528,583,528,591,381,591,sub_line_text,text,text_9,roboto,regular,7,18pabc_3cols_20211228_164127_6848419692_600_800.png,/scratch/parceirosbr/bigoilict/share/BigOil/document_generator/datasets/documents_2021_12_28/18pabc_3cols_20211228_164127_6848419692_600_800.png,18pabc_3cols_20211228_164127_6848419692_600_800_mask.png,"rocesso   de   perfuração,   as   funções  terão"
66,4,133,8,381,593,514,601,381,593,514,593,514,601,381,601,sub_line_text,text,text_9,roboto,regular,7,18pabc_3cols_20211228_164127_6848419692_600_800.png,/scratch/parceirosbr/bigoilict/share/BigOil/document_generator/datasets/documents_2021_12_28/18pabc_3cols_20211228_164127_6848419692_600_800.png,18pabc_3cols_20211228_164127_6848419692_600_800_mask.png,uma maior ou menor importância. Dentre.
73,54,147,108,381,493,528,601,381,493,528,493,528,601,381,601,text,text,text_9,roboto,regular,7,18pabc_3cols_20211228_164127_6848419692_600_800.png,/scratch/parceirosbr/bigoilict/share/BigOil/document_generator/datasets/documents_2021_12_28/18pabc_3cols_20211228_164127_6848419692_600_800.png,18pabc_3cols_20211228_164127_6848419692_600_800_mask.png,nan
66,4,133,8,395,603,528,611,395,603,528,603,528,611,395,611,sub_line_text,text,text_10,roboto,regular,7,18pabc_3cols_20211228_164127_6848419692_600_800.png,/scratch/parceirosbr/bigoilict/share/BigOil/document_generator/datasets/documents_2021_12_28/18pabc_3cols_20211228_164127_6848419692_600_800.png,18pabc_3cols_20211228_164127_6848419692_600_800_mask.png,A  é  uma  bacia  intracratônica  e corres-
73,4,146,8,381,613,527,621,381,613,527,613,527,621,381,621,sub_line_text,text,text_10,roboto,regular,7,18pabc_3cols_20211228_164127_6848419692_600_800.png,/scratch/parceirosbr/bigoilict/share/BigOil/document_generator/datasets/documents_2021_12_28/18pabc_3cols_20211228_164127_6848419692_600_800.png,18pabc_3cols_20211228_164127_6848419692_600_800_mask.png,ponde  ao  registro  fanerozoico  do.  A  trans-
73,4,146,8,381,623,527,631,381,623,527,623,527,631,381,631,sub_line_text,text,text_10,roboto,regular,7,18pabc_3cols_20211228_164127_6848419692_600_800.png,/scratch/parceirosbr/bigoilict/share/BigOil/document_generator/datasets/documents_2021_12_28/18pabc_3cols_20211228_164127_6848419692_600_800.png,18pabc_3cols_20211228_164127_6848419692_600_800_mask.png,formação  da  matéria  orgânica  animal ou q-
73,4,146,8,381,633,527,641,381,633,527,633,527,641,381,641,sub_line_text,text,text_10,roboto,regular,7,18pabc_3cols_20211228_164127_6848419692_600_800.png,/scratch/parceirosbr/bigoilict/share/BigOil/document_generator/datasets/documents_2021_12_28/18pabc_3cols_20211228_164127_6848419692_600_800.png,18pabc_3cols_20211228_164127_6848419692_600_800_mask.png,uerogêneo  gorduroso  não  sofreu  o  proces-
73,4,147,8,381,643,528,651,381,643,528,643,528,651,381,651,sub_line_text,text,text_10,roboto,regular,7,18pabc_3cols_20211228_164127_6848419692_600_800.png,/scratch/parceirosbr/bigoilict/share/BigOil/document_generator/datasets/documents_2021_12_28/18pabc_3cols_20211228_164127_6848419692_600_800.png,18pabc_3cols_20211228_164127_6848419692_600_800_mask.png,so  de  cozimento  e  deu  origem ao petróleo.
73,4,147,8,381,653,528,661,381,653,528,653,528,661,381,661,sub_line_text,text,text_10,roboto,regular,7,18pabc_3cols_20211228_164127_6848419692_600_800.png,/scratch/parceirosbr/bigoilict/share/BigOil/document_generator/datasets/documents_2021_12_28/18pabc_3cols_20211228_164127_6848419692_600_800.png,18pabc_3cols_20211228_164127_6848419692_600_800_mask.png,"Above   this  temperature,  it  undergoes  a  ra-"
73,4,147,8,381,663,528,671,381,663,528,663,528,671,381,671,sub_line_text,text,text_10,roboto,regular,7,18pabc_3cols_20211228_164127_6848419692_600_800.png,/scratch/parceirosbr/bigoilict/share/BigOil/document_generator/datasets/documents_2021_12_28/18pabc_3cols_20211228_164127_6848419692_600_800.png,18pabc_3cols_20211228_164127_6848419692_600_800_mask.png,"pid   degradation  process  by  hydrolysis,  wh-"
73,4,146,8,381,673,527,681,381,673,527,673,527,681,381,681,sub_line_text,text,text_10,roboto,regular,7,18pabc_3cols_20211228_164127_6848419692_600_800.png,/scratch/parceirosbr/bigoilict/share/BigOil/document_generator/datasets/documents_2021_12_28/18pabc_3cols_20211228_164127_6848419692_600_800.png,18pabc_3cols_20211228_164127_6848419692_600_800_mask.png,ich  reduces  the  service  life  of  the line. As
73,4,147,8,381,683,528,691,381,683,528,683,528,691,381,691,sub_line_text,text,text_10,roboto,regular,7,18pabc_3cols_20211228_164127_6848419692_600_800.png,/scratch/parceirosbr/bigoilict/share/BigOil/document_generator/datasets/documents_2021_12_28/18pabc_3cols_20211228_164127_6848419692_600_800.png,18pabc_3cols_20211228_164127_6848419692_600_800_mask.png,companhias    transportadoras    continuavam
73,4,146,8,381,693,527,701,381,693,527,693,527,701,381,701,sub_line_text,text,text_10,roboto,regular,7,18pabc_3cols_20211228_164127_6848419692_600_800.png,/scratch/parceirosbr/bigoilict/share/BigOil/document_generator/datasets/documents_2021_12_28/18pabc_3cols_20211228_164127_6848419692_600_800.png,18pabc_3cols_20211228_164127_6848419692_600_800_mask.png,exercendo  grande  poder  de  mercado  atrav-
69,4,139,8,381,703,520,711,381,703,520,703,520,711,381,711,sub_line_text,text,text_10,roboto,regular,7,18pabc_3cols_20211228_164127_6848419692_600_800.png,/scratch/parceirosbr/bigoilict/share/BigOil/document_generator/datasets/documents_2021_12_28/18pabc_3cols_20211228_164127_6848419692_600_800.png,18pabc_3cols_20211228_164127_6848419692_600_800_mask.png,és do tratamento privilegiado de suas emp.
73,54,147,108,381,603,528,711,381,603,528,603,528,711,381,711,text,text,text_10,roboto,regular,7,18pabc_3cols_20211228_164127_6848419692_600_800.png,/scratch/parceirosbr/bigoilict/share/BigOil/document_generator/datasets/documents_2021_12_28/18pabc_3cols_20211228_164127_6848419692_600_800.png,18pabc_3cols_20211228_164127_6848419692_600_800_mask.png,nan
61,4,123,8,395,713,518,721,395,713,518,713,518,721,395,721,sub_line_text,text,text_11,roboto,regular,7,18pabc_3cols_20211228_164127_6848419692_600_800.png,/scratch/parceirosbr/bigoilict/share/BigOil/document_generator/datasets/documents_2021_12_28/18pabc_3cols_20211228_164127_6848419692_600_800.png,18pabc_3cols_20211228_164127_6848419692_600_800_mask.png,"Law 9.478, of 6/8/1997 and 11.097, of."
61,4,123,8,395,713,518,721,395,713,518,713,518,721,395,721,text,text,text_11,roboto,regular,7,18pabc_3cols_20211228_164127_6848419692_600_800.png,/scratch/parceirosbr/bigoilict/share/BigOil/document_generator/datasets/documents_2021_12_28/18pabc_3cols_20211228_164127_6848419692_600_800.png,18pabc_3cols_20211228_164127_6848419692_600_800_mask.png,nan
