center_x,center_y,width,height,xmin,ymin,xmax,ymax,top_left_x,top_left_y,top_right_x,top_right_y,bottom_right_x,bottom_right_y,bottom_left_x,bottom_left_y,label,grouplabel,group,text_font,text_style,size_font,filename,path,filename_mask,content
300,400,600,800,0,0,600,800,0,0,600,0,600,800,0,800,document,,,,,,18pabc_3cols_20211228_164127_7522268769_600_800.png,/scratch/parceirosbr/bigoilict/share/BigOil/document_generator/datasets/documents_2021_12_28/18pabc_3cols_20211228_164127_7522268769_600_800.png,18pabc_3cols_20211228_164127_7522268769_600_800_mask.png,
191,0,382,1,77,656,459,657,77,656,459,656,459,657,77,657,line,line,line,,,,18pabc_3cols_20211228_164127_7522268769_600_800.png,/scratch/parceirosbr/bigoilict/share/BigOil/document_generator/datasets/documents_2021_12_28/18pabc_3cols_20211228_164127_7522268769_600_800.png,18pabc_3cols_20211228_164127_7522268769_600_800_mask.png,nan
5,4,10,9,448,656,458,665,448,656,458,656,458,665,448,665,sub_line_text,numpag,footer_1,opensans,regular,8,18pabc_3cols_20211228_164127_7522268769_600_800.png,/scratch/parceirosbr/bigoilict/share/BigOil/document_generator/datasets/documents_2021_12_28/18pabc_3cols_20211228_164127_7522268769_600_800.png,18pabc_3cols_20211228_164127_7522268769_600_800_mask.png,47
5,4,10,9,448,656,458,665,448,656,458,656,458,665,448,665,text,numpag,footer_1,opensans,regular,8,18pabc_3cols_20211228_164127_7522268769_600_800.png,/scratch/parceirosbr/bigoilict/share/BigOil/document_generator/datasets/documents_2021_12_28/18pabc_3cols_20211228_164127_7522268769_600_800.png,18pabc_3cols_20211228_164127_7522268769_600_800_mask.png,nan
2,4,4,9,442,656,446,665,442,656,446,656,446,665,442,665,sub_line_text,footer,footer_1,opensans,regular,8,18pabc_3cols_20211228_164127_7522268769_600_800.png,/scratch/parceirosbr/bigoilict/share/BigOil/document_generator/datasets/documents_2021_12_28/18pabc_3cols_20211228_164127_7522268769_600_800.png,18pabc_3cols_20211228_164127_7522268769_600_800_mask.png,|
2,4,4,9,442,656,446,665,442,656,446,656,446,665,442,665,text,footer,footer_1,opensans,regular,8,18pabc_3cols_20211228_164127_7522268769_600_800.png,/scratch/parceirosbr/bigoilict/share/BigOil/document_generator/datasets/documents_2021_12_28/18pabc_3cols_20211228_164127_7522268769_600_800.png,18pabc_3cols_20211228_164127_7522268769_600_800_mask.png,nan
24,4,49,9,392,656,441,665,392,656,441,656,441,665,392,665,sub_line_text,footer,footer_1,opensans,regular,8,18pabc_3cols_20211228_164127_7522268769_600_800.png,/scratch/parceirosbr/bigoilict/share/BigOil/document_generator/datasets/documents_2021_12_28/18pabc_3cols_20211228_164127_7522268769_600_800.png,18pabc_3cols_20211228_164127_7522268769_600_800_mask.png,Obrigada por
24,4,49,9,392,656,441,665,392,656,441,656,441,665,392,665,text,footer,footer_1,opensans,regular,8,18pabc_3cols_20211228_164127_7522268769_600_800.png,/scratch/parceirosbr/bigoilict/share/BigOil/document_generator/datasets/documents_2021_12_28/18pabc_3cols_20211228_164127_7522268769_600_800.png,18pabc_3cols_20211228_164127_7522268769_600_800_mask.png,nan
173,8,347,17,94,91,441,108,94,91,441,91,441,108,94,108,sub_line_text,title,title_0,opensans,bolditalic,13,18pabc_3cols_20211228_164127_7522268769_600_800.png,/scratch/parceirosbr/bigoilict/share/BigOil/document_generator/datasets/documents_2021_12_28/18pabc_3cols_20211228_164127_7522268769_600_800.png,18pabc_3cols_20211228_164127_7522268769_600_800_mask.png,"2014, volume derivados petróleo importado pelo atingiu"
173,8,347,17,94,91,441,108,94,91,441,91,441,108,94,108,title,title,title_0,opensans,bolditalic,13,18pabc_3cols_20211228_164127_7522268769_600_800.png,/scratch/parceirosbr/bigoilict/share/BigOil/document_generator/datasets/documents_2021_12_28/18pabc_3cols_20211228_164127_7522268769_600_800.png,18pabc_3cols_20211228_164127_7522268769_600_800_mask.png,nan
21,4,42,9,258,117,300,126,258,117,300,117,300,126,258,126,sub_line_text,equation,equation_0,opensans,bolditalic,7,18pabc_3cols_20211228_164127_7522268769_600_800.png,/scratch/parceirosbr/bigoilict/share/BigOil/document_generator/datasets/documents_2021_12_28/18pabc_3cols_20211228_164127_7522268769_600_800.png,18pabc_3cols_20211228_164127_7522268769_600_800_mask.png,Equação (30)
108,7,217,14,83,115,300,129,83,115,300,115,300,129,83,129,equation,equation,equation_0,,,,18pabc_3cols_20211228_164127_7522268769_600_800.png,/scratch/parceirosbr/bigoilict/share/BigOil/document_generator/datasets/documents_2021_12_28/18pabc_3cols_20211228_164127_7522268769_600_800.png,18pabc_3cols_20211228_164127_7522268769_600_800_mask.png,
44,7,88,15,92,136,180,151,92,136,180,136,180,151,92,151,sub_line_text,subtitle,subtitle_0,opensans,regular,11,18pabc_3cols_20211228_164127_7522268769_600_800.png,/scratch/parceirosbr/bigoilict/share/BigOil/document_generator/datasets/documents_2021_12_28/18pabc_3cols_20211228_164127_7522268769_600_800.png,18pabc_3cols_20211228_164127_7522268769_600_800_mask.png,Engloba capeada
44,7,88,15,92,136,180,151,92,136,180,136,180,151,92,151,title,subtitle,subtitle_0,opensans,regular,11,18pabc_3cols_20211228_164127_7522268769_600_800.png,/scratch/parceirosbr/bigoilict/share/BigOil/document_generator/datasets/documents_2021_12_28/18pabc_3cols_20211228_164127_7522268769_600_800.png,18pabc_3cols_20211228_164127_7522268769_600_800_mask.png,nan
50,5,101,10,91,158,192,168,91,158,192,158,192,168,91,168,sub_line_text,text,text_0,opensans,regular,8,18pabc_3cols_20211228_164127_7522268769_600_800.png,/scratch/parceirosbr/bigoilict/share/BigOil/document_generator/datasets/documents_2021_12_28/18pabc_3cols_20211228_164127_7522268769_600_800.png,18pabc_3cols_20211228_164127_7522268769_600_800_mask.png,NOTAS:   1.  em  valores  co-
57,5,115,10,77,172,192,182,77,172,192,172,192,182,77,182,sub_line_text,text,text_0,opensans,regular,8,18pabc_3cols_20211228_164127_7522268769_600_800.png,/scratch/parceirosbr/bigoilict/share/BigOil/document_generator/datasets/documents_2021_12_28/18pabc_3cols_20211228_164127_7522268769_600_800.png,18pabc_3cols_20211228_164127_7522268769_600_800_mask.png,rrentes.2.    médios    de   venda
57,5,115,10,77,186,192,196,77,186,192,186,192,196,77,196,sub_line_text,text,text_0,opensans,regular,8,18pabc_3cols_20211228_164127_7522268769_600_800.png,/scratch/parceirosbr/bigoilict/share/BigOil/document_generator/datasets/documents_2021_12_28/18pabc_3cols_20211228_164127_7522268769_600_800.png,18pabc_3cols_20211228_164127_7522268769_600_800_mask.png,dos  botijões  de  13  kg  e  out-
57,5,115,10,77,200,192,210,77,200,192,200,192,210,77,210,sub_line_text,text,text_0,opensans,regular,8,18pabc_3cols_20211228_164127_7522268769_600_800.png,/scratch/parceirosbr/bigoilict/share/BigOil/document_generator/datasets/documents_2021_12_28/18pabc_3cols_20211228_164127_7522268769_600_800.png,18pabc_3cols_20211228_164127_7522268769_600_800_mask.png,"ros.3.   preços   incluem,  quan-"
57,5,115,10,77,214,192,224,77,214,192,214,192,224,77,224,sub_line_text,text,text_0,opensans,regular,8,18pabc_3cols_20211228_164127_7522268769_600_800.png,/scratch/parceirosbr/bigoilict/share/BigOil/document_generator/datasets/documents_2021_12_28/18pabc_3cols_20211228_164127_7522268769_600_800.png,18pabc_3cols_20211228_164127_7522268769_600_800_mask.png,"do   cabíveis,  as  parcelas  de  e"
57,5,115,10,77,228,192,238,77,228,192,228,192,238,77,238,sub_line_text,text,text_0,opensans,regular,8,18pabc_3cols_20211228_164127_7522268769_600_800.png,/scratch/parceirosbr/bigoilict/share/BigOil/document_generator/datasets/documents_2021_12_28/18pabc_3cols_20211228_164127_7522268769_600_800.png,18pabc_3cols_20211228_164127_7522268769_600_800_mask.png,ns.  O  oleoduto  estatal  é  usa-
57,5,114,10,77,242,191,252,77,242,191,242,191,252,77,252,sub_line_text,text,text_0,opensans,regular,8,18pabc_3cols_20211228_164127_7522268769_600_800.png,/scratch/parceirosbr/bigoilict/share/BigOil/document_generator/datasets/documents_2021_12_28/18pabc_3cols_20211228_164127_7522268769_600_800.png,18pabc_3cols_20211228_164127_7522268769_600_800_mask.png,do  para  o  transporte  de  der-
57,5,114,10,77,256,191,266,77,256,191,256,191,266,77,266,sub_line_text,text,text_0,opensans,regular,8,18pabc_3cols_20211228_164127_7522268769_600_800.png,/scratch/parceirosbr/bigoilict/share/BigOil/document_generator/datasets/documents_2021_12_28/18pabc_3cols_20211228_164127_7522268769_600_800.png,18pabc_3cols_20211228_164127_7522268769_600_800_mask.png,ivados   claros   entre  as  regiõ-
57,5,114,10,77,270,191,280,77,270,191,270,191,280,77,280,sub_line_text,text,text_0,opensans,regular,8,18pabc_3cols_20211228_164127_7522268769_600_800.png,/scratch/parceirosbr/bigoilict/share/BigOil/document_generator/datasets/documents_2021_12_28/18pabc_3cols_20211228_164127_7522268769_600_800.png,18pabc_3cols_20211228_164127_7522268769_600_800_mask.png,es  do  país.  O  modelo descre-
54,5,109,10,77,284,186,294,77,284,186,284,186,294,77,294,sub_line_text,text,text_0,opensans,regular,8,18pabc_3cols_20211228_164127_7522268769_600_800.png,/scratch/parceirosbr/bigoilict/share/BigOil/document_generator/datasets/documents_2021_12_28/18pabc_3cols_20211228_164127_7522268769_600_800.png,18pabc_3cols_20211228_164127_7522268769_600_800_mask.png,veu os fenômenos isolados e.
57,68,115,136,77,158,192,294,77,158,192,158,192,294,77,294,text,text,text_0,opensans,regular,8,18pabc_3cols_20211228_164127_7522268769_600_800.png,/scratch/parceirosbr/bigoilict/share/BigOil/document_generator/datasets/documents_2021_12_28/18pabc_3cols_20211228_164127_7522268769_600_800.png,18pabc_3cols_20211228_164127_7522268769_600_800_mask.png,nan
33,6,67,13,102,301,169,314,102,301,169,301,169,314,102,314,sub_line_text,subsubtitle,subsubtitle_0,opensans,italic,10,18pabc_3cols_20211228_164127_7522268769_600_800.png,/scratch/parceirosbr/bigoilict/share/BigOil/document_generator/datasets/documents_2021_12_28/18pabc_3cols_20211228_164127_7522268769_600_800.png,18pabc_3cols_20211228_164127_7522268769_600_800_mask.png,"Contrário, fase"
33,6,67,13,102,301,169,314,102,301,169,301,169,314,102,314,title,subsubtitle,subsubtitle_0,opensans,italic,10,18pabc_3cols_20211228_164127_7522268769_600_800.png,/scratch/parceirosbr/bigoilict/share/BigOil/document_generator/datasets/documents_2021_12_28/18pabc_3cols_20211228_164127_7522268769_600_800.png,18pabc_3cols_20211228_164127_7522268769_600_800_mask.png,nan
50,5,101,10,91,321,192,331,91,321,192,321,192,331,91,331,sub_line_text,text,text_1,opensans,regular,8,18pabc_3cols_20211228_164127_7522268769_600_800.png,/scratch/parceirosbr/bigoilict/share/BigOil/document_generator/datasets/documents_2021_12_28/18pabc_3cols_20211228_164127_7522268769_600_800.png,18pabc_3cols_20211228_164127_7522268769_600_800_mask.png,Vale  ressaltar  que  não  fo-
57,5,114,10,77,335,191,345,77,335,191,335,191,345,77,345,sub_line_text,text,text_1,opensans,regular,8,18pabc_3cols_20211228_164127_7522268769_600_800.png,/scratch/parceirosbr/bigoilict/share/BigOil/document_generator/datasets/documents_2021_12_28/18pabc_3cols_20211228_164127_7522268769_600_800.png,18pabc_3cols_20211228_164127_7522268769_600_800_mask.png,ram   utilizados   sistemas  para
57,5,114,10,77,349,191,359,77,349,191,349,191,359,77,359,sub_line_text,text,text_1,opensans,regular,8,18pabc_3cols_20211228_164127_7522268769_600_800.png,/scratch/parceirosbr/bigoilict/share/BigOil/document_generator/datasets/documents_2021_12_28/18pabc_3cols_20211228_164127_7522268769_600_800.png,18pabc_3cols_20211228_164127_7522268769_600_800_mask.png,correção   automática   da  fica-
57,5,115,10,77,363,192,373,77,363,192,363,192,373,77,373,sub_line_text,text,text_1,opensans,regular,8,18pabc_3cols_20211228_164127_7522268769_600_800.png,/scratch/parceirosbr/bigoilict/share/BigOil/document_generator/datasets/documents_2021_12_28/18pabc_3cols_20211228_164127_7522268769_600_800.png,18pabc_3cols_20211228_164127_7522268769_600_800_mask.png,ndo   esta   apenas   a  cargo  da
57,5,115,10,77,377,192,387,77,377,192,377,192,387,77,387,sub_line_text,text,text_1,opensans,regular,8,18pabc_3cols_20211228_164127_7522268769_600_800.png,/scratch/parceirosbr/bigoilict/share/BigOil/document_generator/datasets/documents_2021_12_28/18pabc_3cols_20211228_164127_7522268769_600_800.png,18pabc_3cols_20211228_164127_7522268769_600_800_mask.png,percepção  do  operador.  Liqu-
57,5,115,10,77,391,192,401,77,391,192,391,192,401,77,401,sub_line_text,text,text_1,opensans,regular,8,18pabc_3cols_20211228_164127_7522268769_600_800.png,/scratch/parceirosbr/bigoilict/share/BigOil/document_generator/datasets/documents_2021_12_28/18pabc_3cols_20211228_164127_7522268769_600_800.png,18pabc_3cols_20211228_164127_7522268769_600_800_mask.png,id  silicon  infiltration: descript-
51,5,102,10,77,405,179,415,77,405,179,405,179,415,77,415,sub_line_text,text,text_1,opensans,regular,8,18pabc_3cols_20211228_164127_7522268769_600_800.png,/scratch/parceirosbr/bigoilict/share/BigOil/document_generator/datasets/documents_2021_12_28/18pabc_3cols_20211228_164127_7522268769_600_800.png,18pabc_3cols_20211228_164127_7522268769_600_800_mask.png,ion of infiltration dynamics.
57,47,115,94,77,321,192,415,77,321,192,321,192,415,77,415,text,text,text_1,opensans,regular,8,18pabc_3cols_20211228_164127_7522268769_600_800.png,/scratch/parceirosbr/bigoilict/share/BigOil/document_generator/datasets/documents_2021_12_28/18pabc_3cols_20211228_164127_7522268769_600_800.png,18pabc_3cols_20211228_164127_7522268769_600_800_mask.png,nan
59,67,118,134,77,422,195,556,77,422,195,422,195,556,77,556,image,figure_image,figure_0,,,,18pabc_3cols_20211228_164127_7522268769_600_800.png,/scratch/parceirosbr/bigoilict/share/BigOil/document_generator/datasets/documents_2021_12_28/18pabc_3cols_20211228_164127_7522268769_600_800.png,18pabc_3cols_20211228_164127_7522268769_600_800_mask.png,output/gen_img_20211228_164128_6711882477.png
12,12,25,24,154,431,179,455,154,450,175,431,179,436,159,455,text,figure_text,figure_0,,,,18pabc_3cols_20211228_164127_7522268769_600_800.png,/scratch/parceirosbr/bigoilict/share/BigOil/document_generator/datasets/documents_2021_12_28/18pabc_3cols_20211228_164127_7522268769_600_800.png,18pabc_3cols_20211228_164127_7522268769_600_800_mask.png,Water (ML)
12,12,25,24,154,431,179,455,154,450,175,431,179,436,159,455,sub_line_text,figure_text,figure_0,,,,18pabc_3cols_20211228_164127_7522268769_600_800.png,/scratch/parceirosbr/bigoilict/share/BigOil/document_generator/datasets/documents_2021_12_28/18pabc_3cols_20211228_164127_7522268769_600_800.png,18pabc_3cols_20211228_164127_7522268769_600_800_mask.png,Water (ML)
6,8,13,17,98,484,111,501,98,498,106,484,111,487,103,501,text,figure_text,figure_0,,,,18pabc_3cols_20211228_164127_7522268769_600_800.png,/scratch/parceirosbr/bigoilict/share/BigOil/document_generator/datasets/documents_2021_12_28/18pabc_3cols_20211228_164127_7522268769_600_800.png,18pabc_3cols_20211228_164127_7522268769_600_800_mask.png,-637.6
6,8,13,17,98,484,111,501,98,498,106,484,111,487,103,501,sub_line_text,figure_text,figure_0,,,,18pabc_3cols_20211228_164127_7522268769_600_800.png,/scratch/parceirosbr/bigoilict/share/BigOil/document_generator/datasets/documents_2021_12_28/18pabc_3cols_20211228_164127_7522268769_600_800.png,18pabc_3cols_20211228_164127_7522268769_600_800_mask.png,-637.6
6,11,13,22,166,526,179,548,166,546,173,526,179,528,173,548,text,figure_text,figure_0,,,,18pabc_3cols_20211228_164127_7522268769_600_800.png,/scratch/parceirosbr/bigoilict/share/BigOil/document_generator/datasets/documents_2021_12_28/18pabc_3cols_20211228_164127_7522268769_600_800.png,18pabc_3cols_20211228_164127_7522268769_600_800_mask.png,Training
6,11,13,22,166,526,179,548,166,546,173,526,179,528,173,548,sub_line_text,figure_text,figure_0,,,,18pabc_3cols_20211228_164127_7522268769_600_800.png,/scratch/parceirosbr/bigoilict/share/BigOil/document_generator/datasets/documents_2021_12_28/18pabc_3cols_20211228_164127_7522268769_600_800.png,18pabc_3cols_20211228_164127_7522268769_600_800_mask.png,Training
12,10,25,21,149,470,174,491,149,485,170,470,174,475,153,491,text,figure_text,figure_0,,,,18pabc_3cols_20211228_164127_7522268769_600_800.png,/scratch/parceirosbr/bigoilict/share/BigOil/document_generator/datasets/documents_2021_12_28/18pabc_3cols_20211228_164127_7522268769_600_800.png,18pabc_3cols_20211228_164127_7522268769_600_800_mask.png,Volume (l)
12,10,25,21,149,470,174,491,149,485,170,470,174,475,153,491,sub_line_text,figure_text,figure_0,,,,18pabc_3cols_20211228_164127_7522268769_600_800.png,/scratch/parceirosbr/bigoilict/share/BigOil/document_generator/datasets/documents_2021_12_28/18pabc_3cols_20211228_164127_7522268769_600_800.png,18pabc_3cols_20211228_164127_7522268769_600_800_mask.png,Volume (l)
8,9,16,19,137,438,153,457,137,454,148,438,153,442,142,457,text,figure_text,figure_0,,,,18pabc_3cols_20211228_164127_7522268769_600_800.png,/scratch/parceirosbr/bigoilict/share/BigOil/document_generator/datasets/documents_2021_12_28/18pabc_3cols_20211228_164127_7522268769_600_800.png,18pabc_3cols_20211228_164127_7522268769_600_800_mask.png,-6047.7
8,9,16,19,137,438,153,457,137,454,148,438,153,442,142,457,sub_line_text,figure_text,figure_0,,,,18pabc_3cols_20211228_164127_7522268769_600_800.png,/scratch/parceirosbr/bigoilict/share/BigOil/document_generator/datasets/documents_2021_12_28/18pabc_3cols_20211228_164127_7522268769_600_800.png,18pabc_3cols_20211228_164127_7522268769_600_800_mask.png,-6047.7
9,13,18,27,127,519,145,546,127,543,140,519,145,522,132,546,text,figure_text,figure_0,,,,18pabc_3cols_20211228_164127_7522268769_600_800.png,/scratch/parceirosbr/bigoilict/share/BigOil/document_generator/datasets/documents_2021_12_28/18pabc_3cols_20211228_164127_7522268769_600_800.png,18pabc_3cols_20211228_164127_7522268769_600_800_mask.png,North East
9,13,18,27,127,519,145,546,127,543,140,519,145,522,132,546,sub_line_text,figure_text,figure_0,,,,18pabc_3cols_20211228_164127_7522268769_600_800.png,/scratch/parceirosbr/bigoilict/share/BigOil/document_generator/datasets/documents_2021_12_28/18pabc_3cols_20211228_164127_7522268769_600_800.png,18pabc_3cols_20211228_164127_7522268769_600_800_mask.png,North East
8,15,17,31,89,523,106,554,89,552,100,523,106,525,95,554,text,figure_text,figure_0,,,,18pabc_3cols_20211228_164127_7522268769_600_800.png,/scratch/parceirosbr/bigoilict/share/BigOil/document_generator/datasets/documents_2021_12_28/18pabc_3cols_20211228_164127_7522268769_600_800.png,18pabc_3cols_20211228_164127_7522268769_600_800_mask.png,Volume (KB)
8,15,17,31,89,523,106,554,89,552,100,523,106,525,95,554,sub_line_text,figure_text,figure_0,,,,18pabc_3cols_20211228_164127_7522268769_600_800.png,/scratch/parceirosbr/bigoilict/share/BigOil/document_generator/datasets/documents_2021_12_28/18pabc_3cols_20211228_164127_7522268769_600_800.png,18pabc_3cols_20211228_164127_7522268769_600_800_mask.png,Volume (KB)
6,7,13,15,179,456,192,471,179,468,186,456,192,459,184,471,text,figure_text,figure_0,,,,18pabc_3cols_20211228_164127_7522268769_600_800.png,/scratch/parceirosbr/bigoilict/share/BigOil/document_generator/datasets/documents_2021_12_28/18pabc_3cols_20211228_164127_7522268769_600_800.png,18pabc_3cols_20211228_164127_7522268769_600_800_mask.png,-9836
6,7,13,15,179,456,192,471,179,468,186,456,192,459,184,471,sub_line_text,figure_text,figure_0,,,,18pabc_3cols_20211228_164127_7522268769_600_800.png,/scratch/parceirosbr/bigoilict/share/BigOil/document_generator/datasets/documents_2021_12_28/18pabc_3cols_20211228_164127_7522268769_600_800.png,18pabc_3cols_20211228_164127_7522268769_600_800_mask.png,-9836
7,7,14,15,145,522,159,537,145,534,155,522,159,525,150,537,text,figure_text,figure_0,,,,18pabc_3cols_20211228_164127_7522268769_600_800.png,/scratch/parceirosbr/bigoilict/share/BigOil/document_generator/datasets/documents_2021_12_28/18pabc_3cols_20211228_164127_7522268769_600_800.png,18pabc_3cols_20211228_164127_7522268769_600_800_mask.png,South
7,7,14,15,145,522,159,537,145,534,155,522,159,525,150,537,sub_line_text,figure_text,figure_0,,,,18pabc_3cols_20211228_164127_7522268769_600_800.png,/scratch/parceirosbr/bigoilict/share/BigOil/document_generator/datasets/documents_2021_12_28/18pabc_3cols_20211228_164127_7522268769_600_800.png,18pabc_3cols_20211228_164127_7522268769_600_800_mask.png,South
6,6,12,12,114,479,126,491,114,487,121,479,126,483,119,491,text,figure_text,figure_0,,,,18pabc_3cols_20211228_164127_7522268769_600_800.png,/scratch/parceirosbr/bigoilict/share/BigOil/document_generator/datasets/documents_2021_12_28/18pabc_3cols_20211228_164127_7522268769_600_800.png,18pabc_3cols_20211228_164127_7522268769_600_800_mask.png,47.7
6,6,12,12,114,479,126,491,114,487,121,479,126,483,119,491,sub_line_text,figure_text,figure_0,,,,18pabc_3cols_20211228_164127_7522268769_600_800.png,/scratch/parceirosbr/bigoilict/share/BigOil/document_generator/datasets/documents_2021_12_28/18pabc_3cols_20211228_164127_7522268769_600_800.png,18pabc_3cols_20211228_164127_7522268769_600_800_mask.png,47.7
8,9,17,18,90,455,107,473,90,470,102,455,107,459,94,473,text,figure_text,figure_0,,,,18pabc_3cols_20211228_164127_7522268769_600_800.png,/scratch/parceirosbr/bigoilict/share/BigOil/document_generator/datasets/documents_2021_12_28/18pabc_3cols_20211228_164127_7522268769_600_800.png,18pabc_3cols_20211228_164127_7522268769_600_800_mask.png,-1529.2
8,9,17,18,90,455,107,473,90,470,102,455,107,459,94,473,sub_line_text,figure_text,figure_0,,,,18pabc_3cols_20211228_164127_7522268769_600_800.png,/scratch/parceirosbr/bigoilict/share/BigOil/document_generator/datasets/documents_2021_12_28/18pabc_3cols_20211228_164127_7522268769_600_800.png,18pabc_3cols_20211228_164127_7522268769_600_800_mask.png,-1529.2
34,4,68,9,77,561,145,570,77,561,145,561,145,570,77,570,sub_line_text,figure_legend,figure_0,opensans,bolditalic,7,18pabc_3cols_20211228_164127_7522268769_600_800.png,/scratch/parceirosbr/bigoilict/share/BigOil/document_generator/datasets/documents_2021_12_28/18pabc_3cols_20211228_164127_7522268769_600_800.png,18pabc_3cols_20211228_164127_7522268769_600_800_mask.png,"Fig. 107:  Com isso, o"
34,4,68,9,77,561,145,570,77,561,145,561,145,570,77,570,text,figure_legend,figure_0,opensans,bolditalic,7,18pabc_3cols_20211228_164127_7522268769_600_800.png,/scratch/parceirosbr/bigoilict/share/BigOil/document_generator/datasets/documents_2021_12_28/18pabc_3cols_20211228_164127_7522268769_600_800.png,18pabc_3cols_20211228_164127_7522268769_600_800_mask.png,nan
50,5,100,10,91,577,191,587,91,577,191,577,191,587,91,587,sub_line_text,text,text_2,opensans,regular,8,18pabc_3cols_20211228_164127_7522268769_600_800.png,/scratch/parceirosbr/bigoilict/share/BigOil/document_generator/datasets/documents_2021_12_28/18pabc_3cols_20211228_164127_7522268769_600_800.png,18pabc_3cols_20211228_164127_7522268769_600_800_mask.png,Substituindo-se  os  comp-
57,5,114,10,77,591,191,601,77,591,191,591,191,601,77,601,sub_line_text,text,text_2,opensans,regular,8,18pabc_3cols_20211228_164127_7522268769_600_800.png,/scratch/parceirosbr/bigoilict/share/BigOil/document_generator/datasets/documents_2021_12_28/18pabc_3cols_20211228_164127_7522268769_600_800.png,18pabc_3cols_20211228_164127_7522268769_600_800_mask.png,onentes   de  tensaono  envolt-
54,5,109,10,77,605,186,615,77,605,186,605,186,615,77,615,sub_line_text,text,text_2,opensans,regular,8,18pabc_3cols_20211228_164127_7522268769_600_800.png,/scratch/parceirosbr/bigoilict/share/BigOil/document_generator/datasets/documents_2021_12_28/18pabc_3cols_20211228_164127_7522268769_600_800.png,18pabc_3cols_20211228_164127_7522268769_600_800_mask.png,orio de falha i por a condicao.
57,19,114,38,77,577,191,615,77,577,191,577,191,615,77,615,text,text,text_2,opensans,regular,8,18pabc_3cols_20211228_164127_7522268769_600_800.png,/scratch/parceirosbr/bigoilict/share/BigOil/document_generator/datasets/documents_2021_12_28/18pabc_3cols_20211228_164127_7522268769_600_800.png,18pabc_3cols_20211228_164127_7522268769_600_800_mask.png,nan
48,5,97,10,91,622,188,632,91,622,188,622,188,632,91,632,sub_line_text,text,text_3,opensans,regular,8,18pabc_3cols_20211228_164127_7522268769_600_800.png,/scratch/parceirosbr/bigoilict/share/BigOil/document_generator/datasets/documents_2021_12_28/18pabc_3cols_20211228_164127_7522268769_600_800.png,18pabc_3cols_20211228_164127_7522268769_600_800_mask.png,Chama-se metal de adição.
48,5,97,10,91,622,188,632,91,622,188,622,188,632,91,632,text,text,text_3,opensans,regular,8,18pabc_3cols_20211228_164127_7522268769_600_800.png,/scratch/parceirosbr/bigoilict/share/BigOil/document_generator/datasets/documents_2021_12_28/18pabc_3cols_20211228_164127_7522268769_600_800.png,18pabc_3cols_20211228_164127_7522268769_600_800_mask.png,nan
50,5,100,10,223,136,323,146,223,136,323,136,323,146,223,146,sub_line_text,text,text_4,opensans,regular,8,18pabc_3cols_20211228_164127_7522268769_600_800.png,/scratch/parceirosbr/bigoilict/share/BigOil/document_generator/datasets/documents_2021_12_28/18pabc_3cols_20211228_164127_7522268769_600_800.png,18pabc_3cols_20211228_164127_7522268769_600_800_mask.png,Parque    de    da   província
57,5,114,10,209,150,323,160,209,150,323,150,323,160,209,160,sub_line_text,text,text_4,opensans,regular,8,18pabc_3cols_20211228_164127_7522268769_600_800.png,/scratch/parceirosbr/bigoilict/share/BigOil/document_generator/datasets/documents_2021_12_28/18pabc_3cols_20211228_164127_7522268769_600_800.png,18pabc_3cols_20211228_164127_7522268769_600_800_mask.png,de  o  projeto  é financiado por
57,5,114,10,209,164,323,174,209,164,323,164,323,174,209,174,sub_line_text,text,text_4,opensans,regular,8,18pabc_3cols_20211228_164127_7522268769_600_800.png,/scratch/parceirosbr/bigoilict/share/BigOil/document_generator/datasets/documents_2021_12_28/18pabc_3cols_20211228_164127_7522268769_600_800.png,18pabc_3cols_20211228_164127_7522268769_600_800_mask.png,três    empresas    estatais:    de.
57,5,115,10,209,178,324,188,209,178,324,178,324,188,209,188,sub_line_text,text,text_4,opensans,regular,8,18pabc_3cols_20211228_164127_7522268769_600_800.png,/scratch/parceirosbr/bigoilict/share/BigOil/document_generator/datasets/documents_2021_12_28/18pabc_3cols_20211228_164127_7522268769_600_800.png,18pabc_3cols_20211228_164127_7522268769_600_800_mask.png,Pode-se   agora   unificar   as  e-
57,5,115,10,209,192,324,202,209,192,324,192,324,202,209,202,sub_line_text,text,text_4,opensans,regular,8,18pabc_3cols_20211228_164127_7522268769_600_800.png,/scratch/parceirosbr/bigoilict/share/BigOil/document_generator/datasets/documents_2021_12_28/18pabc_3cols_20211228_164127_7522268769_600_800.png,18pabc_3cols_20211228_164127_7522268769_600_800_mask.png,quações   de   movimentos  tra-
55,5,110,10,209,206,319,216,209,206,319,206,319,216,209,216,sub_line_text,text,text_4,opensans,regular,8,18pabc_3cols_20211228_164127_7522268769_600_800.png,/scratch/parceirosbr/bigoilict/share/BigOil/document_generator/datasets/documents_2021_12_28/18pabc_3cols_20211228_164127_7522268769_600_800.png,18pabc_3cols_20211228_164127_7522268769_600_800_mask.png,nslacionais e rotacionais com.
57,40,115,80,209,136,324,216,209,136,324,136,324,216,209,216,text,text,text_4,opensans,regular,8,18pabc_3cols_20211228_164127_7522268769_600_800.png,/scratch/parceirosbr/bigoilict/share/BigOil/document_generator/datasets/documents_2021_12_28/18pabc_3cols_20211228_164127_7522268769_600_800.png,18pabc_3cols_20211228_164127_7522268769_600_800_mask.png,nan
59,40,118,80,209,223,327,303,209,223,327,223,327,303,209,303,list,list,list_1,opensans,opensans,8,18pabc_3cols_20211228_164127_7522268769_600_800.png,/scratch/parceirosbr/bigoilict/share/BigOil/document_generator/datasets/documents_2021_12_28/18pabc_3cols_20211228_164127_7522268769_600_800.png,18pabc_3cols_20211228_164127_7522268769_600_800_mask.png,
59,5,118,10,209,223,327,233,209,223,327,223,327,233,209,233,sub_line_text,list,list_1,opensans,regular,8,18pabc_3cols_20211228_164127_7522268769_600_800.png,/scratch/parceirosbr/bigoilict/share/BigOil/document_generator/datasets/documents_2021_12_28/18pabc_3cols_20211228_164127_7522268769_600_800.png,18pabc_3cols_20211228_164127_7522268769_600_800_mask.png,71. Gostaria       de       agradecer
52,5,104,10,223,237,327,247,223,237,327,237,327,247,223,247,sub_line_text,list,list_1,opensans,regular,8,18pabc_3cols_20211228_164127_7522268769_600_800.png,/scratch/parceirosbr/bigoilict/share/BigOil/document_generator/datasets/documents_2021_12_28/18pabc_3cols_20211228_164127_7522268769_600_800.png,18pabc_3cols_20211228_164127_7522268769_600_800_mask.png,primeiramente      a      minha
51,5,103,10,223,251,326,261,223,251,326,251,326,261,223,261,sub_line_text,list,list_1,opensans,regular,8,18pabc_3cols_20211228_164127_7522268769_600_800.png,/scratch/parceirosbr/bigoilict/share/BigOil/document_generator/datasets/documents_2021_12_28/18pabc_3cols_20211228_164127_7522268769_600_800.png,18pabc_3cols_20211228_164127_7522268769_600_800_mask.png,"família,    em    especial    aos"
51,5,103,10,223,265,326,275,223,265,326,265,326,275,223,275,sub_line_text,list,list_1,opensans,regular,8,18pabc_3cols_20211228_164127_7522268769_600_800.png,/scratch/parceirosbr/bigoilict/share/BigOil/document_generator/datasets/documents_2021_12_28/18pabc_3cols_20211228_164127_7522268769_600_800.png,18pabc_3cols_20211228_164127_7522268769_600_800_mask.png,meus pais. Foram realizados
14,5,28,10,223,279,251,289,223,279,251,279,251,289,223,289,sub_line_text,list,list_1,opensans,regular,8,18pabc_3cols_20211228_164127_7522268769_600_800.png,/scratch/parceirosbr/bigoilict/share/BigOil/document_generator/datasets/documents_2021_12_28/18pabc_3cols_20211228_164127_7522268769_600_800.png,18pabc_3cols_20211228_164127_7522268769_600_800_mask.png,ensaios
58,5,117,10,209,293,326,303,209,293,326,293,326,303,209,303,sub_line_text,list,list_1,opensans,regular,8,18pabc_3cols_20211228_164127_7522268769_600_800.png,/scratch/parceirosbr/bigoilict/share/BigOil/document_generator/datasets/documents_2021_12_28/18pabc_3cols_20211228_164127_7522268769_600_800.png,18pabc_3cols_20211228_164127_7522268769_600_800_mask.png,25.  A    interferência    entre   os
50,5,100,10,223,310,323,320,223,310,323,310,323,320,223,320,sub_line_text,text,text_5,opensans,regular,8,18pabc_3cols_20211228_164127_7522268769_600_800.png,/scratch/parceirosbr/bigoilict/share/BigOil/document_generator/datasets/documents_2021_12_28/18pabc_3cols_20211228_164127_7522268769_600_800.png,18pabc_3cols_20211228_164127_7522268769_600_800_mask.png,Distribuidores    e   autoriz-
57,5,114,10,209,324,323,334,209,324,323,324,323,334,209,334,sub_line_text,text,text_5,opensans,regular,8,18pabc_3cols_20211228_164127_7522268769_600_800.png,/scratch/parceirosbr/bigoilict/share/BigOil/document_generator/datasets/documents_2021_12_28/18pabc_3cols_20211228_164127_7522268769_600_800.png,18pabc_3cols_20211228_164127_7522268769_600_800_mask.png,adas  pela  1  os e as autorizad-
57,5,114,10,209,338,323,348,209,338,323,338,323,348,209,348,sub_line_text,text,text_5,opensans,regular,8,18pabc_3cols_20211228_164127_7522268769_600_800.png,/scratch/parceirosbr/bigoilict/share/BigOil/document_generator/datasets/documents_2021_12_28/18pabc_3cols_20211228_164127_7522268769_600_800.png,18pabc_3cols_20211228_164127_7522268769_600_800_mask.png,os  pela  poderão  proceder  m-
57,5,114,10,209,352,323,362,209,352,323,352,323,362,209,362,sub_line_text,text,text_5,opensans,regular,8,18pabc_3cols_20211228_164127_7522268769_600_800.png,/scratch/parceirosbr/bigoilict/share/BigOil/document_generator/datasets/documents_2021_12_28/18pabc_3cols_20211228_164127_7522268769_600_800.png,18pabc_3cols_20211228_164127_7522268769_600_800_mask.png,istura     óleo     diesel/biodiesel
57,5,114,10,209,366,323,376,209,366,323,366,323,376,209,376,sub_line_text,text,text_5,opensans,regular,8,18pabc_3cols_20211228_164127_7522268769_600_800.png,/scratch/parceirosbr/bigoilict/share/BigOil/document_generator/datasets/documents_2021_12_28/18pabc_3cols_20211228_164127_7522268769_600_800.png,18pabc_3cols_20211228_164127_7522268769_600_800_mask.png,para   efetivar   sua   comerciali-
52,5,105,10,209,380,314,390,209,380,314,380,314,390,209,390,sub_line_text,text,text_5,opensans,regular,8,18pabc_3cols_20211228_164127_7522268769_600_800.png,/scratch/parceirosbr/bigoilict/share/BigOil/document_generator/datasets/documents_2021_12_28/18pabc_3cols_20211228_164127_7522268769_600_800.png,18pabc_3cols_20211228_164127_7522268769_600_800_mask.png,zação. 2 vedada a comerciali.
57,40,114,80,209,310,323,390,209,310,323,310,323,390,209,390,text,text,text_5,opensans,regular,8,18pabc_3cols_20211228_164127_7522268769_600_800.png,/scratch/parceirosbr/bigoilict/share/BigOil/document_generator/datasets/documents_2021_12_28/18pabc_3cols_20211228_164127_7522268769_600_800.png,18pabc_3cols_20211228_164127_7522268769_600_800_mask.png,nan
50,5,101,10,223,397,324,407,223,397,324,397,324,407,223,407,sub_line_text,text,text_6,opensans,regular,8,18pabc_3cols_20211228_164127_7522268769_600_800.png,/scratch/parceirosbr/bigoilict/share/BigOil/document_generator/datasets/documents_2021_12_28/18pabc_3cols_20211228_164127_7522268769_600_800.png,18pabc_3cols_20211228_164127_7522268769_600_800_mask.png,"Neste   trabalho,  foi  avalia-"
57,5,114,10,209,411,323,421,209,411,323,411,323,421,209,421,sub_line_text,text,text_6,opensans,regular,8,18pabc_3cols_20211228_164127_7522268769_600_800.png,/scratch/parceirosbr/bigoilict/share/BigOil/document_generator/datasets/documents_2021_12_28/18pabc_3cols_20211228_164127_7522268769_600_800.png,18pabc_3cols_20211228_164127_7522268769_600_800_mask.png,do  o  impacto  do  teor de hid-
57,5,115,10,209,425,324,435,209,425,324,425,324,435,209,435,sub_line_text,text,text_6,opensans,regular,8,18pabc_3cols_20211228_164127_7522268769_600_800.png,/scratch/parceirosbr/bigoilict/share/BigOil/document_generator/datasets/documents_2021_12_28/18pabc_3cols_20211228_164127_7522268769_600_800.png,18pabc_3cols_20211228_164127_7522268769_600_800_mask.png,rocarbonetos    aromáticos   no
57,5,114,10,209,439,323,449,209,439,323,439,323,449,209,449,sub_line_text,text,text_6,opensans,regular,8,18pabc_3cols_20211228_164127_7522268769_600_800.png,/scratch/parceirosbr/bigoilict/share/BigOil/document_generator/datasets/documents_2021_12_28/18pabc_3cols_20211228_164127_7522268769_600_800.png,18pabc_3cols_20211228_164127_7522268769_600_800_mask.png,"combustível,   uma  vez  que  e-"
57,5,114,10,209,453,323,463,209,453,323,453,323,463,209,463,sub_line_text,text,text_6,opensans,regular,8,18pabc_3cols_20211228_164127_7522268769_600_800.png,/scratch/parceirosbr/bigoilict/share/BigOil/document_generator/datasets/documents_2021_12_28/18pabc_3cols_20211228_164127_7522268769_600_800.png,18pabc_3cols_20211228_164127_7522268769_600_800_mask.png,stá    intrinsicamente   relacion-
57,5,114,10,209,467,323,477,209,467,323,467,323,477,209,477,sub_line_text,text,text_6,opensans,regular,8,18pabc_3cols_20211228_164127_7522268769_600_800.png,/scratch/parceirosbr/bigoilict/share/BigOil/document_generator/datasets/documents_2021_12_28/18pabc_3cols_20211228_164127_7522268769_600_800.png,18pabc_3cols_20211228_164127_7522268769_600_800_mask.png,ada à qualidade de combustão.
57,40,115,80,209,397,324,477,209,397,324,397,324,477,209,477,text,text,text_6,opensans,regular,8,18pabc_3cols_20211228_164127_7522268769_600_800.png,/scratch/parceirosbr/bigoilict/share/BigOil/document_generator/datasets/documents_2021_12_28/18pabc_3cols_20211228_164127_7522268769_600_800.png,18pabc_3cols_20211228_164127_7522268769_600_800_mask.png,nan
50,5,101,10,223,484,324,494,223,484,324,484,324,494,223,494,sub_line_text,text,text_7,opensans,regular,8,18pabc_3cols_20211228_164127_7522268769_600_800.png,/scratch/parceirosbr/bigoilict/share/BigOil/document_generator/datasets/documents_2021_12_28/18pabc_3cols_20211228_164127_7522268769_600_800.png,18pabc_3cols_20211228_164127_7522268769_600_800_mask.png,A  adoção  de tais tecnolog-
57,5,115,10,209,498,324,508,209,498,324,498,324,508,209,508,sub_line_text,text,text_7,opensans,regular,8,18pabc_3cols_20211228_164127_7522268769_600_800.png,/scratch/parceirosbr/bigoilict/share/BigOil/document_generator/datasets/documents_2021_12_28/18pabc_3cols_20211228_164127_7522268769_600_800.png,18pabc_3cols_20211228_164127_7522268769_600_800_mask.png,"ias,  combinada  à  expansão da"
57,5,114,10,209,512,323,522,209,512,323,512,323,522,209,522,sub_line_text,text,text_7,opensans,regular,8,18pabc_3cols_20211228_164127_7522268769_600_800.png,/scratch/parceirosbr/bigoilict/share/BigOil/document_generator/datasets/documents_2021_12_28/18pabc_3cols_20211228_164127_7522268769_600_800.png,18pabc_3cols_20211228_164127_7522268769_600_800_mask.png,infraestrutura    de    transport-
57,5,115,10,209,526,324,536,209,526,324,526,324,536,209,536,sub_line_text,text,text_7,opensans,regular,8,18pabc_3cols_20211228_164127_7522268769_600_800.png,/scratch/parceirosbr/bigoilict/share/BigOil/document_generator/datasets/documents_2021_12_28/18pabc_3cols_20211228_164127_7522268769_600_800.png,18pabc_3cols_20211228_164127_7522268769_600_800_mask.png,es  públicos  pode  ser uma op-
57,5,115,10,209,540,324,550,209,540,324,540,324,550,209,550,sub_line_text,text,text_7,opensans,regular,8,18pabc_3cols_20211228_164127_7522268769_600_800.png,/scratch/parceirosbr/bigoilict/share/BigOil/document_generator/datasets/documents_2021_12_28/18pabc_3cols_20211228_164127_7522268769_600_800.png,18pabc_3cols_20211228_164127_7522268769_600_800_mask.png,ção   atrativa  para  o  desenvol-
57,5,115,10,209,554,324,564,209,554,324,554,324,564,209,564,sub_line_text,text,text_7,opensans,regular,8,18pabc_3cols_20211228_164127_7522268769_600_800.png,/scratch/parceirosbr/bigoilict/share/BigOil/document_generator/datasets/documents_2021_12_28/18pabc_3cols_20211228_164127_7522268769_600_800.png,18pabc_3cols_20211228_164127_7522268769_600_800_mask.png,vimento   de   longo   prazo   do
57,5,115,10,209,568,324,578,209,568,324,568,324,578,209,578,sub_line_text,text,text_7,opensans,regular,8,18pabc_3cols_20211228_164127_7522268769_600_800.png,/scratch/parceirosbr/bigoilict/share/BigOil/document_generator/datasets/documents_2021_12_28/18pabc_3cols_20211228_164127_7522268769_600_800.png,18pabc_3cols_20211228_164127_7522268769_600_800_mask.png,setor  de  transportes  em  mui-
50,5,100,10,209,582,309,592,209,582,309,582,309,592,209,592,sub_line_text,text,text_7,opensans,regular,8,18pabc_3cols_20211228_164127_7522268769_600_800.png,/scratch/parceirosbr/bigoilict/share/BigOil/document_generator/datasets/documents_2021_12_28/18pabc_3cols_20211228_164127_7522268769_600_800.png,18pabc_3cols_20211228_164127_7522268769_600_800_mask.png,tos países em desenvolvim.
57,54,115,108,209,484,324,592,209,484,324,484,324,592,209,592,text,text,text_7,opensans,regular,8,18pabc_3cols_20211228_164127_7522268769_600_800.png,/scratch/parceirosbr/bigoilict/share/BigOil/document_generator/datasets/documents_2021_12_28/18pabc_3cols_20211228_164127_7522268769_600_800.png,18pabc_3cols_20211228_164127_7522268769_600_800_mask.png,nan
50,5,100,10,223,599,323,609,223,599,323,599,323,609,223,609,sub_line_text,text,text_8,opensans,regular,8,18pabc_3cols_20211228_164127_7522268769_600_800.png,/scratch/parceirosbr/bigoilict/share/BigOil/document_generator/datasets/documents_2021_12_28/18pabc_3cols_20211228_164127_7522268769_600_800.png,18pabc_3cols_20211228_164127_7522268769_600_800_mask.png,Os  algoritmos  de controle
50,5,100,10,209,613,309,623,209,613,309,613,309,623,209,623,sub_line_text,text,text_8,opensans,regular,8,18pabc_3cols_20211228_164127_7522268769_600_800.png,/scratch/parceirosbr/bigoilict/share/BigOil/document_generator/datasets/documents_2021_12_28/18pabc_3cols_20211228_164127_7522268769_600_800.png,18pabc_3cols_20211228_164127_7522268769_600_800_mask.png,não-linear são ferramentas.
57,12,114,24,209,599,323,623,209,599,323,599,323,623,209,623,text,text,text_8,opensans,regular,8,18pabc_3cols_20211228_164127_7522268769_600_800.png,/scratch/parceirosbr/bigoilict/share/BigOil/document_generator/datasets/documents_2021_12_28/18pabc_3cols_20211228_164127_7522268769_600_800.png,18pabc_3cols_20211228_164127_7522268769_600_800_mask.png,nan
48,5,97,10,223,630,320,640,223,630,320,630,320,640,223,640,sub_line_text,text,text_9,opensans,regular,8,18pabc_3cols_20211228_164127_7522268769_600_800.png,/scratch/parceirosbr/bigoilict/share/BigOil/document_generator/datasets/documents_2021_12_28/18pabc_3cols_20211228_164127_7522268769_600_800.png,18pabc_3cols_20211228_164127_7522268769_600_800_mask.png,De (%)Catalisador inicial f-.
48,5,97,10,223,630,320,640,223,630,320,630,320,640,223,640,text,text,text_9,opensans,regular,8,18pabc_3cols_20211228_164127_7522268769_600_800.png,/scratch/parceirosbr/bigoilict/share/BigOil/document_generator/datasets/documents_2021_12_28/18pabc_3cols_20211228_164127_7522268769_600_800.png,18pabc_3cols_20211228_164127_7522268769_600_800_mask.png,nan
50,5,101,10,355,115,456,125,355,115,456,115,456,125,355,125,sub_line_text,text,text_10,opensans,regular,8,18pabc_3cols_20211228_164127_7522268769_600_800.png,/scratch/parceirosbr/bigoilict/share/BigOil/document_generator/datasets/documents_2021_12_28/18pabc_3cols_20211228_164127_7522268769_600_800.png,18pabc_3cols_20211228_164127_7522268769_600_800_mask.png,Et  al  utilizaram uma mode-
57,5,114,10,341,129,455,139,341,129,455,129,455,139,341,139,sub_line_text,text,text_10,opensans,regular,8,18pabc_3cols_20211228_164127_7522268769_600_800.png,/scratch/parceirosbr/bigoilict/share/BigOil/document_generator/datasets/documents_2021_12_28/18pabc_3cols_20211228_164127_7522268769_600_800.png,18pabc_3cols_20211228_164127_7522268769_600_800_mask.png,lagem   fluidodinâmica  bidime-
57,5,115,10,341,143,456,153,341,143,456,143,456,153,341,153,sub_line_text,text,text_10,opensans,regular,8,18pabc_3cols_20211228_164127_7522268769_600_800.png,/scratch/parceirosbr/bigoilict/share/BigOil/document_generator/datasets/documents_2021_12_28/18pabc_3cols_20211228_164127_7522268769_600_800.png,18pabc_3cols_20211228_164127_7522268769_600_800_mask.png,"nsional,   baseada  na  abordag-"
57,5,115,10,341,157,456,167,341,157,456,157,456,167,341,167,sub_line_text,text,text_10,opensans,regular,8,18pabc_3cols_20211228_164127_7522268769_600_800.png,/scratch/parceirosbr/bigoilict/share/BigOil/document_generator/datasets/documents_2021_12_28/18pabc_3cols_20211228_164127_7522268769_600_800.png,18pabc_3cols_20211228_164127_7522268769_600_800_mask.png,em   para   simular   o  processo
57,5,115,10,341,171,456,181,341,171,456,171,456,181,341,181,sub_line_text,text,text_10,opensans,regular,8,18pabc_3cols_20211228_164127_7522268769_600_800.png,/scratch/parceirosbr/bigoilict/share/BigOil/document_generator/datasets/documents_2021_12_28/18pabc_3cols_20211228_164127_7522268769_600_800.png,18pabc_3cols_20211228_164127_7522268769_600_800_mask.png,da  gaseificação  da  madeira no
57,5,114,10,341,185,455,195,341,185,455,185,455,195,341,195,sub_line_text,text,text_10,opensans,regular,8,18pabc_3cols_20211228_164127_7522268769_600_800.png,/scratch/parceirosbr/bigoilict/share/BigOil/document_generator/datasets/documents_2021_12_28/18pabc_3cols_20211228_164127_7522268769_600_800.png,18pabc_3cols_20211228_164127_7522268769_600_800_mask.png,mesmo   reator   estudado  por
8,5,17,10,341,199,358,209,341,199,358,199,358,209,341,209,sub_line_text,text,text_10,opensans,regular,8,18pabc_3cols_20211228_164127_7522268769_600_800.png,/scratch/parceirosbr/bigoilict/share/BigOil/document_generator/datasets/documents_2021_12_28/18pabc_3cols_20211228_164127_7522268769_600_800.png,18pabc_3cols_20211228_164127_7522268769_600_800_mask.png,et al.
57,47,115,94,341,115,456,209,341,115,456,115,456,209,341,209,text,text,text_10,opensans,regular,8,18pabc_3cols_20211228_164127_7522268769_600_800.png,/scratch/parceirosbr/bigoilict/share/BigOil/document_generator/datasets/documents_2021_12_28/18pabc_3cols_20211228_164127_7522268769_600_800.png,18pabc_3cols_20211228_164127_7522268769_600_800_mask.png,nan
57,116,115,232,342,216,457,448,342,216,457,216,457,448,342,448,table,table_image,table_0,,,,18pabc_3cols_20211228_164127_7522268769_600_800.png,/scratch/parceirosbr/bigoilict/share/BigOil/document_generator/datasets/documents_2021_12_28/18pabc_3cols_20211228_164127_7522268769_600_800.png,18pabc_3cols_20211228_164127_7522268769_600_800_mask.png,output/gen_tab_20211228_164133_8617127878.png
7,4,14,9,370,219,384,228,370,219,384,219,384,228,370,228,text,table_text,table_0,roboto,bold,8.0,18pabc_3cols_20211228_164127_7522268769_600_800.png,/scratch/parceirosbr/bigoilict/share/BigOil/document_generator/datasets/documents_2021_12_28/18pabc_3cols_20211228_164127_7522268769_600_800.png,18pabc_3cols_20211228_164127_7522268769_600_800_mask.png,país
7,4,14,9,370,219,384,228,370,219,384,219,384,228,370,228,sub_line_text,table_text,table_0,roboto,bold,8.0,18pabc_3cols_20211228_164127_7522268769_600_800.png,/scratch/parceirosbr/bigoilict/share/BigOil/document_generator/datasets/documents_2021_12_28/18pabc_3cols_20211228_164127_7522268769_600_800.png,18pabc_3cols_20211228_164127_7522268769_600_800_mask.png,país
17,4,35,9,359,232,394,241,359,232,394,232,394,241,359,241,text,table_text,table_0,roboto,regular,8.0,18pabc_3cols_20211228_164127_7522268769_600_800.png,/scratch/parceirosbr/bigoilict/share/BigOil/document_generator/datasets/documents_2021_12_28/18pabc_3cols_20211228_164127_7522268769_600_800.png,18pabc_3cols_20211228_164127_7522268769_600_800_mask.png,diferentes
17,4,35,9,359,232,394,241,359,232,394,232,394,241,359,241,sub_line_text,table_text,table_0,roboto,regular,8.0,18pabc_3cols_20211228_164127_7522268769_600_800.png,/scratch/parceirosbr/bigoilict/share/BigOil/document_generator/datasets/documents_2021_12_28/18pabc_3cols_20211228_164127_7522268769_600_800.png,18pabc_3cols_20211228_164127_7522268769_600_800_mask.png,diferentes
14,4,28,9,363,245,391,254,363,245,391,245,391,254,363,254,text,table_text,table_0,roboto,regular,8.0,18pabc_3cols_20211228_164127_7522268769_600_800.png,/scratch/parceirosbr/bigoilict/share/BigOil/document_generator/datasets/documents_2021_12_28/18pabc_3cols_20211228_164127_7522268769_600_800.png,18pabc_3cols_20211228_164127_7522268769_600_800_mask.png,também
14,4,28,9,363,245,391,254,363,245,391,245,391,254,363,254,sub_line_text,table_text,table_0,roboto,regular,8.0,18pabc_3cols_20211228_164127_7522268769_600_800.png,/scratch/parceirosbr/bigoilict/share/BigOil/document_generator/datasets/documents_2021_12_28/18pabc_3cols_20211228_164127_7522268769_600_800.png,18pabc_3cols_20211228_164127_7522268769_600_800_mask.png,também
4,4,8,9,373,258,381,267,373,258,381,258,381,267,373,267,text,table_text,table_0,roboto,regular,8.0,18pabc_3cols_20211228_164127_7522268769_600_800.png,/scratch/parceirosbr/bigoilict/share/BigOil/document_generator/datasets/documents_2021_12_28/18pabc_3cols_20211228_164127_7522268769_600_800.png,18pabc_3cols_20211228_164127_7522268769_600_800_mask.png,no
4,4,8,9,373,258,381,267,373,258,381,258,381,267,373,267,sub_line_text,table_text,table_0,roboto,regular,8.0,18pabc_3cols_20211228_164127_7522268769_600_800.png,/scratch/parceirosbr/bigoilict/share/BigOil/document_generator/datasets/documents_2021_12_28/18pabc_3cols_20211228_164127_7522268769_600_800.png,18pabc_3cols_20211228_164127_7522268769_600_800_mask.png,no
1,4,3,9,375,270,378,279,375,270,378,270,378,279,375,279,text,table_text,table_0,roboto,regular,8.0,18pabc_3cols_20211228_164127_7522268769_600_800.png,/scratch/parceirosbr/bigoilict/share/BigOil/document_generator/datasets/documents_2021_12_28/18pabc_3cols_20211228_164127_7522268769_600_800.png,18pabc_3cols_20211228_164127_7522268769_600_800_mask.png,e
1,4,3,9,375,270,378,279,375,270,378,270,378,279,375,279,sub_line_text,table_text,table_0,roboto,regular,8.0,18pabc_3cols_20211228_164127_7522268769_600_800.png,/scratch/parceirosbr/bigoilict/share/BigOil/document_generator/datasets/documents_2021_12_28/18pabc_3cols_20211228_164127_7522268769_600_800.png,18pabc_3cols_20211228_164127_7522268769_600_800_mask.png,e
7,4,14,9,370,283,384,292,370,283,384,283,384,292,370,292,text,table_text,table_0,roboto,regular,8.0,18pabc_3cols_20211228_164127_7522268769_600_800.png,/scratch/parceirosbr/bigoilict/share/BigOil/document_generator/datasets/documents_2021_12_28/18pabc_3cols_20211228_164127_7522268769_600_800.png,18pabc_3cols_20211228_164127_7522268769_600_800_mask.png,pois
7,4,14,9,370,283,384,292,370,283,384,283,384,292,370,292,sub_line_text,table_text,table_0,roboto,regular,8.0,18pabc_3cols_20211228_164127_7522268769_600_800.png,/scratch/parceirosbr/bigoilict/share/BigOil/document_generator/datasets/documents_2021_12_28/18pabc_3cols_20211228_164127_7522268769_600_800.png,18pabc_3cols_20211228_164127_7522268769_600_800_mask.png,pois
9,4,19,9,367,296,386,305,367,296,386,296,386,305,367,305,text,table_text,table_0,roboto,regular,8.0,18pabc_3cols_20211228_164127_7522268769_600_800.png,/scratch/parceirosbr/bigoilict/share/BigOil/document_generator/datasets/documents_2021_12_28/18pabc_3cols_20211228_164127_7522268769_600_800.png,18pabc_3cols_20211228_164127_7522268769_600_800_mask.png,custo
9,4,19,9,367,296,386,305,367,296,386,296,386,305,367,305,sub_line_text,table_text,table_0,roboto,regular,8.0,18pabc_3cols_20211228_164127_7522268769_600_800.png,/scratch/parceirosbr/bigoilict/share/BigOil/document_generator/datasets/documents_2021_12_28/18pabc_3cols_20211228_164127_7522268769_600_800.png,18pabc_3cols_20211228_164127_7522268769_600_800_mask.png,custo
11,4,23,9,365,308,388,317,365,308,388,308,388,317,365,317,text,table_text,table_0,roboto,regular,8.0,18pabc_3cols_20211228_164127_7522268769_600_800.png,/scratch/parceirosbr/bigoilict/share/BigOil/document_generator/datasets/documents_2021_12_28/18pabc_3cols_20211228_164127_7522268769_600_800.png,18pabc_3cols_20211228_164127_7522268769_600_800_mask.png,estaria
11,4,23,9,365,308,388,317,365,308,388,308,388,317,365,317,sub_line_text,table_text,table_0,roboto,regular,8.0,18pabc_3cols_20211228_164127_7522268769_600_800.png,/scratch/parceirosbr/bigoilict/share/BigOil/document_generator/datasets/documents_2021_12_28/18pabc_3cols_20211228_164127_7522268769_600_800.png,18pabc_3cols_20211228_164127_7522268769_600_800_mask.png,estaria
8,4,16,9,369,321,385,330,369,321,385,321,385,330,369,330,text,table_text,table_0,roboto,regular,8.0,18pabc_3cols_20211228_164127_7522268769_600_800.png,/scratch/parceirosbr/bigoilict/share/BigOil/document_generator/datasets/documents_2021_12_28/18pabc_3cols_20211228_164127_7522268769_600_800.png,18pabc_3cols_20211228_164127_7522268769_600_800_mask.png,mais
8,4,16,9,369,321,385,330,369,321,385,321,385,330,369,330,sub_line_text,table_text,table_0,roboto,regular,8.0,18pabc_3cols_20211228_164127_7522268769_600_800.png,/scratch/parceirosbr/bigoilict/share/BigOil/document_generator/datasets/documents_2021_12_28/18pabc_3cols_20211228_164127_7522268769_600_800.png,18pabc_3cols_20211228_164127_7522268769_600_800_mask.png,mais
11,4,23,9,365,334,388,343,365,334,388,334,388,343,365,343,text,table_text,table_0,roboto,regular,8.0,18pabc_3cols_20211228_164127_7522268769_600_800.png,/scratch/parceirosbr/bigoilict/share/BigOil/document_generator/datasets/documents_2021_12_28/18pabc_3cols_20211228_164127_7522268769_600_800.png,18pabc_3cols_20211228_164127_7522268769_600_800_mask.png,tratam
11,4,23,9,365,334,388,343,365,334,388,334,388,343,365,343,sub_line_text,table_text,table_0,roboto,regular,8.0,18pabc_3cols_20211228_164127_7522268769_600_800.png,/scratch/parceirosbr/bigoilict/share/BigOil/document_generator/datasets/documents_2021_12_28/18pabc_3cols_20211228_164127_7522268769_600_800.png,18pabc_3cols_20211228_164127_7522268769_600_800_mask.png,tratam
7,4,15,9,369,347,384,356,369,347,384,347,384,356,369,356,text,table_text,table_0,roboto,regular,8.0,18pabc_3cols_20211228_164127_7522268769_600_800.png,/scratch/parceirosbr/bigoilict/share/BigOil/document_generator/datasets/documents_2021_12_28/18pabc_3cols_20211228_164127_7522268769_600_800.png,18pabc_3cols_20211228_164127_7522268769_600_800_mask.png,base
7,4,15,9,369,347,384,356,369,347,384,347,384,356,369,356,sub_line_text,table_text,table_0,roboto,regular,8.0,18pabc_3cols_20211228_164127_7522268769_600_800.png,/scratch/parceirosbr/bigoilict/share/BigOil/document_generator/datasets/documents_2021_12_28/18pabc_3cols_20211228_164127_7522268769_600_800.png,18pabc_3cols_20211228_164127_7522268769_600_800_mask.png,base
16,4,32,9,361,359,393,368,361,359,393,359,393,368,361,368,text,table_text,table_0,roboto,regular,8.0,18pabc_3cols_20211228_164127_7522268769_600_800.png,/scratch/parceirosbr/bigoilict/share/BigOil/document_generator/datasets/documents_2021_12_28/18pabc_3cols_20211228_164127_7522268769_600_800.png,18pabc_3cols_20211228_164127_7522268769_600_800_mask.png,condutas
16,4,32,9,361,359,393,368,361,359,393,359,393,368,361,368,sub_line_text,table_text,table_0,roboto,regular,8.0,18pabc_3cols_20211228_164127_7522268769_600_800.png,/scratch/parceirosbr/bigoilict/share/BigOil/document_generator/datasets/documents_2021_12_28/18pabc_3cols_20211228_164127_7522268769_600_800.png,18pabc_3cols_20211228_164127_7522268769_600_800_mask.png,condutas
16,4,32,9,361,372,393,381,361,372,393,372,393,381,361,381,text,table_text,table_0,roboto,regular,8.0,18pabc_3cols_20211228_164127_7522268769_600_800.png,/scratch/parceirosbr/bigoilict/share/BigOil/document_generator/datasets/documents_2021_12_28/18pabc_3cols_20211228_164127_7522268769_600_800.png,18pabc_3cols_20211228_164127_7522268769_600_800_mask.png,eficiência
16,4,32,9,361,372,393,381,361,372,393,372,393,381,361,381,sub_line_text,table_text,table_0,roboto,regular,8.0,18pabc_3cols_20211228_164127_7522268769_600_800.png,/scratch/parceirosbr/bigoilict/share/BigOil/document_generator/datasets/documents_2021_12_28/18pabc_3cols_20211228_164127_7522268769_600_800.png,18pabc_3cols_20211228_164127_7522268769_600_800_mask.png,eficiência
14,4,28,9,363,385,391,394,363,385,391,385,391,394,363,394,text,table_text,table_0,roboto,regular,8.0,18pabc_3cols_20211228_164127_7522268769_600_800.png,/scratch/parceirosbr/bigoilict/share/BigOil/document_generator/datasets/documents_2021_12_28/18pabc_3cols_20211228_164127_7522268769_600_800.png,18pabc_3cols_20211228_164127_7522268769_600_800_mask.png,também
14,4,28,9,363,385,391,394,363,385,391,385,391,394,363,394,sub_line_text,table_text,table_0,roboto,regular,8.0,18pabc_3cols_20211228_164127_7522268769_600_800.png,/scratch/parceirosbr/bigoilict/share/BigOil/document_generator/datasets/documents_2021_12_28/18pabc_3cols_20211228_164127_7522268769_600_800.png,18pabc_3cols_20211228_164127_7522268769_600_800_mask.png,também
7,4,14,9,370,398,384,407,370,398,384,398,384,407,370,407,text,table_text,table_0,roboto,regular,8.0,18pabc_3cols_20211228_164127_7522268769_600_800.png,/scratch/parceirosbr/bigoilict/share/BigOil/document_generator/datasets/documents_2021_12_28/18pabc_3cols_20211228_164127_7522268769_600_800.png,18pabc_3cols_20211228_164127_7522268769_600_800_mask.png,sem
7,4,14,9,370,398,384,407,370,398,384,398,384,407,370,407,sub_line_text,table_text,table_0,roboto,regular,8.0,18pabc_3cols_20211228_164127_7522268769_600_800.png,/scratch/parceirosbr/bigoilict/share/BigOil/document_generator/datasets/documents_2021_12_28/18pabc_3cols_20211228_164127_7522268769_600_800.png,18pabc_3cols_20211228_164127_7522268769_600_800_mask.png,sem
12,4,24,9,365,410,389,419,365,410,389,410,389,419,365,419,text,table_text,table_0,roboto,regular,8.0,18pabc_3cols_20211228_164127_7522268769_600_800.png,/scratch/parceirosbr/bigoilict/share/BigOil/document_generator/datasets/documents_2021_12_28/18pabc_3cols_20211228_164127_7522268769_600_800.png,18pabc_3cols_20211228_164127_7522268769_600_800_mask.png,virtude
12,4,24,9,365,410,389,419,365,410,389,410,389,419,365,419,sub_line_text,table_text,table_0,roboto,regular,8.0,18pabc_3cols_20211228_164127_7522268769_600_800.png,/scratch/parceirosbr/bigoilict/share/BigOil/document_generator/datasets/documents_2021_12_28/18pabc_3cols_20211228_164127_7522268769_600_800.png,18pabc_3cols_20211228_164127_7522268769_600_800_mask.png,virtude
13,4,27,9,385,423,412,432,385,423,412,423,412,432,385,432,text,table_text,table_0,roboto,bold,8.0,18pabc_3cols_20211228_164127_7522268769_600_800.png,/scratch/parceirosbr/bigoilict/share/BigOil/document_generator/datasets/documents_2021_12_28/18pabc_3cols_20211228_164127_7522268769_600_800.png,18pabc_3cols_20211228_164127_7522268769_600_800_mask.png,política
13,4,27,9,385,423,412,432,385,423,412,423,412,432,385,432,sub_line_text,table_text,table_0,roboto,bold,8.0,18pabc_3cols_20211228_164127_7522268769_600_800.png,/scratch/parceirosbr/bigoilict/share/BigOil/document_generator/datasets/documents_2021_12_28/18pabc_3cols_20211228_164127_7522268769_600_800.png,18pabc_3cols_20211228_164127_7522268769_600_800_mask.png,política
2,4,4,9,431,219,435,228,431,219,435,219,435,228,431,228,text,table_text,table_0,roboto,bold,8.0,18pabc_3cols_20211228_164127_7522268769_600_800.png,/scratch/parceirosbr/bigoilict/share/BigOil/document_generator/datasets/documents_2021_12_28/18pabc_3cols_20211228_164127_7522268769_600_800.png,18pabc_3cols_20211228_164127_7522268769_600_800_mask.png,é
2,4,4,9,431,219,435,228,431,219,435,219,435,228,431,228,sub_line_text,table_text,table_0,roboto,bold,8.0,18pabc_3cols_20211228_164127_7522268769_600_800.png,/scratch/parceirosbr/bigoilict/share/BigOil/document_generator/datasets/documents_2021_12_28/18pabc_3cols_20211228_164127_7522268769_600_800.png,18pabc_3cols_20211228_164127_7522268769_600_800_mask.png,é
17,4,34,9,417,232,451,241,417,232,451,232,451,241,417,241,text,table_text,table_0,roboto,regular,8.0,18pabc_3cols_20211228_164127_7522268769_600_800.png,/scratch/parceirosbr/bigoilict/share/BigOil/document_generator/datasets/documents_2021_12_28/18pabc_3cols_20211228_164127_7522268769_600_800.png,18pabc_3cols_20211228_164127_7522268769_600_800_mask.png,vantagens
17,4,34,9,417,232,451,241,417,232,451,232,451,241,417,241,sub_line_text,table_text,table_0,roboto,regular,8.0,18pabc_3cols_20211228_164127_7522268769_600_800.png,/scratch/parceirosbr/bigoilict/share/BigOil/document_generator/datasets/documents_2021_12_28/18pabc_3cols_20211228_164127_7522268769_600_800.png,18pabc_3cols_20211228_164127_7522268769_600_800_mask.png,vantagens
7,4,14,9,426,245,440,254,426,245,440,245,440,254,426,254,text,table_text,table_0,roboto,regular,8.0,18pabc_3cols_20211228_164127_7522268769_600_800.png,/scratch/parceirosbr/bigoilict/share/BigOil/document_generator/datasets/documents_2021_12_28/18pabc_3cols_20211228_164127_7522268769_600_800.png,18pabc_3cols_20211228_164127_7522268769_600_800_mask.png,sem
7,4,14,9,426,245,440,254,426,245,440,245,440,254,426,254,sub_line_text,table_text,table_0,roboto,regular,8.0,18pabc_3cols_20211228_164127_7522268769_600_800.png,/scratch/parceirosbr/bigoilict/share/BigOil/document_generator/datasets/documents_2021_12_28/18pabc_3cols_20211228_164127_7522268769_600_800.png,18pabc_3cols_20211228_164127_7522268769_600_800_mask.png,sem
9,4,18,9,424,258,442,267,424,258,442,258,442,267,424,267,text,table_text,table_0,roboto,regular,8.0,18pabc_3cols_20211228_164127_7522268769_600_800.png,/scratch/parceirosbr/bigoilict/share/BigOil/document_generator/datasets/documents_2021_12_28/18pabc_3cols_20211228_164127_7522268769_600_800.png,18pabc_3cols_20211228_164127_7522268769_600_800_mask.png,setor
9,4,18,9,424,258,442,267,424,258,442,258,442,267,424,267,sub_line_text,table_text,table_0,roboto,regular,8.0,18pabc_3cols_20211228_164127_7522268769_600_800.png,/scratch/parceirosbr/bigoilict/share/BigOil/document_generator/datasets/documents_2021_12_28/18pabc_3cols_20211228_164127_7522268769_600_800.png,18pabc_3cols_20211228_164127_7522268769_600_800_mask.png,setor
7,4,14,9,426,270,440,279,426,270,440,270,440,279,426,279,text,table_text,table_0,roboto,regular,8.0,18pabc_3cols_20211228_164127_7522268769_600_800.png,/scratch/parceirosbr/bigoilict/share/BigOil/document_generator/datasets/documents_2021_12_28/18pabc_3cols_20211228_164127_7522268769_600_800.png,18pabc_3cols_20211228_164127_7522268769_600_800_mask.png,fase
7,4,14,9,426,270,440,279,426,270,440,270,440,279,426,279,sub_line_text,table_text,table_0,roboto,regular,8.0,18pabc_3cols_20211228_164127_7522268769_600_800.png,/scratch/parceirosbr/bigoilict/share/BigOil/document_generator/datasets/documents_2021_12_28/18pabc_3cols_20211228_164127_7522268769_600_800.png,18pabc_3cols_20211228_164127_7522268769_600_800_mask.png,fase
14,4,28,9,419,283,447,292,419,283,447,283,447,292,419,292,text,table_text,table_0,roboto,regular,8.0,18pabc_3cols_20211228_164127_7522268769_600_800.png,/scratch/parceirosbr/bigoilict/share/BigOil/document_generator/datasets/documents_2021_12_28/18pabc_3cols_20211228_164127_7522268769_600_800.png,18pabc_3cols_20211228_164127_7522268769_600_800_mask.png,resultou
14,4,28,9,419,283,447,292,419,283,447,283,447,292,419,292,sub_line_text,table_text,table_0,roboto,regular,8.0,18pabc_3cols_20211228_164127_7522268769_600_800.png,/scratch/parceirosbr/bigoilict/share/BigOil/document_generator/datasets/documents_2021_12_28/18pabc_3cols_20211228_164127_7522268769_600_800.png,18pabc_3cols_20211228_164127_7522268769_600_800_mask.png,resultou
11,4,23,9,421,296,444,305,421,296,444,296,444,305,421,305,text,table_text,table_0,roboto,regular,8.0,18pabc_3cols_20211228_164127_7522268769_600_800.png,/scratch/parceirosbr/bigoilict/share/BigOil/document_generator/datasets/documents_2021_12_28/18pabc_3cols_20211228_164127_7522268769_600_800.png,18pabc_3cols_20211228_164127_7522268769_600_800_mask.png,grande
11,4,23,9,421,296,444,305,421,296,444,296,444,305,421,305,sub_line_text,table_text,table_0,roboto,regular,8.0,18pabc_3cols_20211228_164127_7522268769_600_800.png,/scratch/parceirosbr/bigoilict/share/BigOil/document_generator/datasets/documents_2021_12_28/18pabc_3cols_20211228_164127_7522268769_600_800.png,18pabc_3cols_20211228_164127_7522268769_600_800_mask.png,grande
5,4,10,9,428,308,438,317,428,308,438,308,438,317,428,317,text,table_text,table_0,roboto,regular,8.0,18pabc_3cols_20211228_164127_7522268769_600_800.png,/scratch/parceirosbr/bigoilict/share/BigOil/document_generator/datasets/documents_2021_12_28/18pabc_3cols_20211228_164127_7522268769_600_800.png,18pabc_3cols_20211228_164127_7522268769_600_800_mask.png,ser
5,4,10,9,428,308,438,317,428,308,438,308,438,317,428,317,sub_line_text,table_text,table_0,roboto,regular,8.0,18pabc_3cols_20211228_164127_7522268769_600_800.png,/scratch/parceirosbr/bigoilict/share/BigOil/document_generator/datasets/documents_2021_12_28/18pabc_3cols_20211228_164127_7522268769_600_800.png,18pabc_3cols_20211228_164127_7522268769_600_800_mask.png,ser
7,4,15,9,425,321,440,330,425,321,440,321,440,330,425,330,text,table_text,table_0,roboto,regular,8.0,18pabc_3cols_20211228_164127_7522268769_600_800.png,/scratch/parceirosbr/bigoilict/share/BigOil/document_generator/datasets/documents_2021_12_28/18pabc_3cols_20211228_164127_7522268769_600_800.png,18pabc_3cols_20211228_164127_7522268769_600_800_mask.png,data
7,4,15,9,425,321,440,330,425,321,440,321,440,330,425,330,sub_line_text,table_text,table_0,roboto,regular,8.0,18pabc_3cols_20211228_164127_7522268769_600_800.png,/scratch/parceirosbr/bigoilict/share/BigOil/document_generator/datasets/documents_2021_12_28/18pabc_3cols_20211228_164127_7522268769_600_800.png,18pabc_3cols_20211228_164127_7522268769_600_800_mask.png,data
17,4,34,9,417,334,451,343,417,334,451,334,451,343,417,343,text,table_text,table_0,roboto,regular,8.0,18pabc_3cols_20211228_164127_7522268769_600_800.png,/scratch/parceirosbr/bigoilict/share/BigOil/document_generator/datasets/documents_2021_12_28/18pabc_3cols_20211228_164127_7522268769_600_800.png,18pabc_3cols_20211228_164127_7522268769_600_800_mask.png,utilizados
17,4,34,9,417,334,451,343,417,334,451,334,451,343,417,343,sub_line_text,table_text,table_0,roboto,regular,8.0,18pabc_3cols_20211228_164127_7522268769_600_800.png,/scratch/parceirosbr/bigoilict/share/BigOil/document_generator/datasets/documents_2021_12_28/18pabc_3cols_20211228_164127_7522268769_600_800.png,18pabc_3cols_20211228_164127_7522268769_600_800_mask.png,utilizados
3,4,7,9,429,347,436,356,429,347,436,347,436,356,429,356,text,table_text,table_0,roboto,regular,8.0,18pabc_3cols_20211228_164127_7522268769_600_800.png,/scratch/parceirosbr/bigoilict/share/BigOil/document_generator/datasets/documents_2021_12_28/18pabc_3cols_20211228_164127_7522268769_600_800.png,18pabc_3cols_20211228_164127_7522268769_600_800_mask.png,na
3,4,7,9,429,347,436,356,429,347,436,347,436,356,429,356,sub_line_text,table_text,table_0,roboto,regular,8.0,18pabc_3cols_20211228_164127_7522268769_600_800.png,/scratch/parceirosbr/bigoilict/share/BigOil/document_generator/datasets/documents_2021_12_28/18pabc_3cols_20211228_164127_7522268769_600_800.png,18pabc_3cols_20211228_164127_7522268769_600_800_mask.png,na
4,4,8,9,429,359,437,368,429,359,437,359,437,368,429,368,text,table_text,table_0,roboto,regular,8.0,18pabc_3cols_20211228_164127_7522268769_600_800.png,/scratch/parceirosbr/bigoilict/share/BigOil/document_generator/datasets/documents_2021_12_28/18pabc_3cols_20211228_164127_7522268769_600_800.png,18pabc_3cols_20211228_164127_7522268769_600_800_mask.png,os
4,4,8,9,429,359,437,368,429,359,437,359,437,368,429,368,sub_line_text,table_text,table_0,roboto,regular,8.0,18pabc_3cols_20211228_164127_7522268769_600_800.png,/scratch/parceirosbr/bigoilict/share/BigOil/document_generator/datasets/documents_2021_12_28/18pabc_3cols_20211228_164127_7522268769_600_800.png,18pabc_3cols_20211228_164127_7522268769_600_800_mask.png,os
17,4,35,9,416,372,451,381,416,372,451,372,451,381,416,381,text,table_text,table_0,roboto,regular,8.0,18pabc_3cols_20211228_164127_7522268769_600_800.png,/scratch/parceirosbr/bigoilict/share/BigOil/document_generator/datasets/documents_2021_12_28/18pabc_3cols_20211228_164127_7522268769_600_800.png,18pabc_3cols_20211228_164127_7522268769_600_800_mask.png,incertezas
17,4,35,9,416,372,451,381,416,372,451,372,451,381,416,381,sub_line_text,table_text,table_0,roboto,regular,8.0,18pabc_3cols_20211228_164127_7522268769_600_800.png,/scratch/parceirosbr/bigoilict/share/BigOil/document_generator/datasets/documents_2021_12_28/18pabc_3cols_20211228_164127_7522268769_600_800.png,18pabc_3cols_20211228_164127_7522268769_600_800_mask.png,incertezas
11,4,23,9,421,385,444,394,421,385,444,385,444,394,421,394,text,table_text,table_0,roboto,regular,8.0,18pabc_3cols_20211228_164127_7522268769_600_800.png,/scratch/parceirosbr/bigoilict/share/BigOil/document_generator/datasets/documents_2021_12_28/18pabc_3cols_20211228_164127_7522268769_600_800.png,18pabc_3cols_20211228_164127_7522268769_600_800_mask.png,fatode
11,4,23,9,421,385,444,394,421,385,444,385,444,394,421,394,sub_line_text,table_text,table_0,roboto,regular,8.0,18pabc_3cols_20211228_164127_7522268769_600_800.png,/scratch/parceirosbr/bigoilict/share/BigOil/document_generator/datasets/documents_2021_12_28/18pabc_3cols_20211228_164127_7522268769_600_800.png,18pabc_3cols_20211228_164127_7522268769_600_800_mask.png,fatode
14,4,28,9,419,398,447,407,419,398,447,398,447,407,419,407,text,table_text,table_0,roboto,regular,8.0,18pabc_3cols_20211228_164127_7522268769_600_800.png,/scratch/parceirosbr/bigoilict/share/BigOil/document_generator/datasets/documents_2021_12_28/18pabc_3cols_20211228_164127_7522268769_600_800.png,18pabc_3cols_20211228_164127_7522268769_600_800_mask.png,produto
14,4,28,9,419,398,447,407,419,398,447,398,447,407,419,407,sub_line_text,table_text,table_0,roboto,regular,8.0,18pabc_3cols_20211228_164127_7522268769_600_800.png,/scratch/parceirosbr/bigoilict/share/BigOil/document_generator/datasets/documents_2021_12_28/18pabc_3cols_20211228_164127_7522268769_600_800.png,18pabc_3cols_20211228_164127_7522268769_600_800_mask.png,produto
12,4,24,9,421,410,445,419,421,410,445,410,445,419,421,419,text,table_text,table_0,roboto,regular,8.0,18pabc_3cols_20211228_164127_7522268769_600_800.png,/scratch/parceirosbr/bigoilict/share/BigOil/document_generator/datasets/documents_2021_12_28/18pabc_3cols_20211228_164127_7522268769_600_800.png,18pabc_3cols_20211228_164127_7522268769_600_800_mask.png,podem
12,4,24,9,421,410,445,419,421,410,445,410,445,419,421,419,sub_line_text,table_text,table_0,roboto,regular,8.0,18pabc_3cols_20211228_164127_7522268769_600_800.png,/scratch/parceirosbr/bigoilict/share/BigOil/document_generator/datasets/documents_2021_12_28/18pabc_3cols_20211228_164127_7522268769_600_800.png,18pabc_3cols_20211228_164127_7522268769_600_800_mask.png,podem
40,4,81,9,341,453,422,462,341,453,422,453,422,462,341,462,sub_line_text,table_legend,table_0,opensans,bolditalic,7,18pabc_3cols_20211228_164127_7522268769_600_800.png,/scratch/parceirosbr/bigoilict/share/BigOil/document_generator/datasets/documents_2021_12_28/18pabc_3cols_20211228_164127_7522268769_600_800.png,18pabc_3cols_20211228_164127_7522268769_600_800_mask.png,Tab. 19:  Na década pass
40,4,81,9,341,453,422,462,341,453,422,453,422,462,341,462,text,table_legend,table_0,opensans,bolditalic,7,18pabc_3cols_20211228_164127_7522268769_600_800.png,/scratch/parceirosbr/bigoilict/share/BigOil/document_generator/datasets/documents_2021_12_28/18pabc_3cols_20211228_164127_7522268769_600_800.png,18pabc_3cols_20211228_164127_7522268769_600_800_mask.png,nan
50,5,101,10,355,469,456,479,355,469,456,469,456,479,355,479,sub_line_text,text,text_11,opensans,regular,8,18pabc_3cols_20211228_164127_7522268769_600_800.png,/scratch/parceirosbr/bigoilict/share/BigOil/document_generator/datasets/documents_2021_12_28/18pabc_3cols_20211228_164127_7522268769_600_800.png,18pabc_3cols_20211228_164127_7522268769_600_800_mask.png,"Em  ambas  as  publicações,"
57,5,114,10,341,483,455,493,341,483,455,483,455,493,341,493,sub_line_text,text,text_11,opensans,regular,8,18pabc_3cols_20211228_164127_7522268769_600_800.png,/scratch/parceirosbr/bigoilict/share/BigOil/document_generator/datasets/documents_2021_12_28/18pabc_3cols_20211228_164127_7522268769_600_800.png,18pabc_3cols_20211228_164127_7522268769_600_800_mask.png,o  setor  de  transportes  conti-
57,5,114,10,341,497,455,507,341,497,455,497,455,507,341,507,sub_line_text,text,text_11,opensans,regular,8,18pabc_3cols_20211228_164127_7522268769_600_800.png,/scratch/parceirosbr/bigoilict/share/BigOil/document_generator/datasets/documents_2021_12_28/18pabc_3cols_20211228_164127_7522268769_600_800.png,18pabc_3cols_20211228_164127_7522268769_600_800_mask.png,nua  sendo  o  principal  respo-
57,5,115,10,341,511,456,521,341,511,456,511,456,521,341,521,sub_line_text,text,text_11,opensans,regular,8,18pabc_3cols_20211228_164127_7522268769_600_800.png,/scratch/parceirosbr/bigoilict/share/BigOil/document_generator/datasets/documents_2021_12_28/18pabc_3cols_20211228_164127_7522268769_600_800.png,18pabc_3cols_20211228_164127_7522268769_600_800_mask.png,nsável    pelo    crescimento   da
57,5,114,10,341,525,455,535,341,525,455,525,455,535,341,535,sub_line_text,text,text_11,opensans,regular,8,18pabc_3cols_20211228_164127_7522268769_600_800.png,/scratch/parceirosbr/bigoilict/share/BigOil/document_generator/datasets/documents_2021_12_28/18pabc_3cols_20211228_164127_7522268769_600_800.png,18pabc_3cols_20211228_164127_7522268769_600_800_mask.png,"demanda   por   petróleo,   dev-"
57,5,114,10,341,539,455,549,341,539,455,539,455,549,341,549,sub_line_text,text,text_11,opensans,regular,8,18pabc_3cols_20211228_164127_7522268769_600_800.png,/scratch/parceirosbr/bigoilict/share/BigOil/document_generator/datasets/documents_2021_12_28/18pabc_3cols_20211228_164127_7522268769_600_800.png,18pabc_3cols_20211228_164127_7522268769_600_800_mask.png,endo  aumentar  sua  participa-
54,5,109,10,341,553,450,563,341,553,450,553,450,563,341,563,sub_line_text,text,text_11,opensans,regular,8,18pabc_3cols_20211228_164127_7522268769_600_800.png,/scratch/parceirosbr/bigoilict/share/BigOil/document_generator/datasets/documents_2021_12_28/18pabc_3cols_20211228_164127_7522268769_600_800.png,18pabc_3cols_20211228_164127_7522268769_600_800_mask.png,ção nas próximas décadas pa.
57,47,115,94,341,469,456,563,341,469,456,469,456,563,341,563,text,text,text_11,opensans,regular,8,18pabc_3cols_20211228_164127_7522268769_600_800.png,/scratch/parceirosbr/bigoilict/share/BigOil/document_generator/datasets/documents_2021_12_28/18pabc_3cols_20211228_164127_7522268769_600_800.png,18pabc_3cols_20211228_164127_7522268769_600_800_mask.png,nan
50,5,100,10,355,570,455,580,355,570,455,570,455,580,355,580,sub_line_text,text,text_12,opensans,regular,8,18pabc_3cols_20211228_164127_7522268769_600_800.png,/scratch/parceirosbr/bigoilict/share/BigOil/document_generator/datasets/documents_2021_12_28/18pabc_3cols_20211228_164127_7522268769_600_800.png,18pabc_3cols_20211228_164127_7522268769_600_800_mask.png,The   thickness   of   the  fil-
57,5,115,10,341,584,456,594,341,584,456,584,456,594,341,594,sub_line_text,text,text_12,opensans,regular,8,18pabc_3cols_20211228_164127_7522268769_600_800.png,/scratch/parceirosbr/bigoilict/share/BigOil/document_generator/datasets/documents_2021_12_28/18pabc_3cols_20211228_164127_7522268769_600_800.png,18pabc_3cols_20211228_164127_7522268769_600_800_mask.png,"ms   of   and   (Ba,Pb)  varied  fr-"
57,5,115,10,341,598,456,608,341,598,456,598,456,608,341,608,sub_line_text,text,text_12,opensans,regular,8,18pabc_3cols_20211228_164127_7522268769_600_800.png,/scratch/parceirosbr/bigoilict/share/BigOil/document_generator/datasets/documents_2021_12_28/18pabc_3cols_20211228_164127_7522268769_600_800.png,18pabc_3cols_20211228_164127_7522268769_600_800_mask.png,"om  106  to  233 nm, 192 to 3-"
54,5,108,10,341,612,449,622,341,612,449,612,449,622,341,622,sub_line_text,text,text_12,opensans,regular,8,18pabc_3cols_20211228_164127_7522268769_600_800.png,/scratch/parceirosbr/bigoilict/share/BigOil/document_generator/datasets/documents_2021_12_28/18pabc_3cols_20211228_164127_7522268769_600_800.png,18pabc_3cols_20211228_164127_7522268769_600_800_mask.png,10 and 106 to 361 nm respe.
57,26,115,52,341,570,456,622,341,570,456,570,456,622,341,622,text,text,text_12,opensans,regular,8,18pabc_3cols_20211228_164127_7522268769_600_800.png,/scratch/parceirosbr/bigoilict/share/BigOil/document_generator/datasets/documents_2021_12_28/18pabc_3cols_20211228_164127_7522268769_600_800.png,18pabc_3cols_20211228_164127_7522268769_600_800_mask.png,nan
47,5,94,10,355,629,449,639,355,629,449,629,449,639,355,639,sub_line_text,text,text_13,opensans,regular,8,18pabc_3cols_20211228_164127_7522268769_600_800.png,/scratch/parceirosbr/bigoilict/share/BigOil/document_generator/datasets/documents_2021_12_28/18pabc_3cols_20211228_164127_7522268769_600_800.png,18pabc_3cols_20211228_164127_7522268769_600_800_mask.png,Federação 1998-2007 8-.
47,5,94,10,355,629,449,639,355,629,449,629,449,639,355,639,text,text,text_13,opensans,regular,8,18pabc_3cols_20211228_164127_7522268769_600_800.png,/scratch/parceirosbr/bigoilict/share/BigOil/document_generator/datasets/documents_2021_12_28/18pabc_3cols_20211228_164127_7522268769_600_800.png,18pabc_3cols_20211228_164127_7522268769_600_800_mask.png,nan
