center_x,center_y,width,height,xmin,ymin,xmax,ymax,top_left_x,top_left_y,top_right_x,top_right_y,bottom_right_x,bottom_right_y,bottom_left_x,bottom_left_y,label,grouplabel,group,text_font,text_style,size_font,filename,path,filename_mask,content
300,400,600,800,0,0,600,800,0,0,600,0,600,800,0,800,document,,,,,,18pabc_3cols_20211228_164127_3350181970_600_800.png,/scratch/parceirosbr/bigoilict/share/BigOil/document_generator/datasets/documents_2021_12_28/18pabc_3cols_20211228_164127_3350181970_600_800.png,18pabc_3cols_20211228_164127_3350181970_600_800_mask.png,
188,0,377,1,76,647,453,648,76,647,453,647,453,648,76,648,line,line,line,,,,18pabc_3cols_20211228_164127_3350181970_600_800.png,/scratch/parceirosbr/bigoilict/share/BigOil/document_generator/datasets/documents_2021_12_28/18pabc_3cols_20211228_164127_3350181970_600_800.png,18pabc_3cols_20211228_164127_3350181970_600_800_mask.png,nan
4,3,8,7,76,647,84,654,76,647,84,647,84,654,76,654,sub_line_text,numpag,footer_1,arial,regular,7,18pabc_3cols_20211228_164127_3350181970_600_800.png,/scratch/parceirosbr/bigoilict/share/BigOil/document_generator/datasets/documents_2021_12_28/18pabc_3cols_20211228_164127_3350181970_600_800.png,18pabc_3cols_20211228_164127_3350181970_600_800_mask.png,23
4,3,8,7,76,647,84,654,76,647,84,647,84,654,76,654,text,numpag,footer_1,arial,regular,7,18pabc_3cols_20211228_164127_3350181970_600_800.png,/scratch/parceirosbr/bigoilict/share/BigOil/document_generator/datasets/documents_2021_12_28/18pabc_3cols_20211228_164127_3350181970_600_800.png,18pabc_3cols_20211228_164127_3350181970_600_800_mask.png,nan
1,3,2,7,86,647,88,654,86,647,88,647,88,654,86,654,sub_line_text,footer,footer_1,arial,regular,7,18pabc_3cols_20211228_164127_3350181970_600_800.png,/scratch/parceirosbr/bigoilict/share/BigOil/document_generator/datasets/documents_2021_12_28/18pabc_3cols_20211228_164127_3350181970_600_800.png,18pabc_3cols_20211228_164127_3350181970_600_800_mask.png,|
1,3,2,7,86,647,88,654,86,647,88,647,88,654,86,654,text,footer,footer_1,arial,regular,7,18pabc_3cols_20211228_164127_3350181970_600_800.png,/scratch/parceirosbr/bigoilict/share/BigOil/document_generator/datasets/documents_2021_12_28/18pabc_3cols_20211228_164127_3350181970_600_800.png,18pabc_3cols_20211228_164127_3350181970_600_800_mask.png,nan
20,3,40,7,88,647,128,654,88,647,128,647,128,654,88,654,sub_line_text,footer,footer_1,arial,regular,7,18pabc_3cols_20211228_164127_3350181970_600_800.png,/scratch/parceirosbr/bigoilict/share/BigOil/document_generator/datasets/documents_2021_12_28/18pabc_3cols_20211228_164127_3350181970_600_800.png,18pabc_3cols_20211228_164127_3350181970_600_800_mask.png,This uneven
20,3,40,7,88,647,128,654,88,647,128,647,128,654,88,654,text,footer,footer_1,arial,regular,7,18pabc_3cols_20211228_164127_3350181970_600_800.png,/scratch/parceirosbr/bigoilict/share/BigOil/document_generator/datasets/documents_2021_12_28/18pabc_3cols_20211228_164127_3350181970_600_800.png,18pabc_3cols_20211228_164127_3350181970_600_800_mask.png,nan
36,6,72,12,97,98,169,110,97,98,169,98,169,110,97,110,sub_line_text,subtitle,subtitle_0,arial,italic,11,18pabc_3cols_20211228_164127_3350181970_600_800.png,/scratch/parceirosbr/bigoilict/share/BigOil/document_generator/datasets/documents_2021_12_28/18pabc_3cols_20211228_164127_3350181970_600_800.png,18pabc_3cols_20211228_164127_3350181970_600_800_mask.png,Respeito setor
36,6,72,12,97,98,169,110,97,98,169,98,169,110,97,110,title,subtitle,subtitle_0,arial,italic,11,18pabc_3cols_20211228_164127_3350181970_600_800.png,/scratch/parceirosbr/bigoilict/share/BigOil/document_generator/datasets/documents_2021_12_28/18pabc_3cols_20211228_164127_3350181970_600_800.png,18pabc_3cols_20211228_164127_3350181970_600_800_mask.png,nan
48,4,97,8,90,117,187,125,90,117,187,117,187,125,90,125,sub_line_text,text,text_0,arial,regular,7,18pabc_3cols_20211228_164127_3350181970_600_800.png,/scratch/parceirosbr/bigoilict/share/BigOil/document_generator/datasets/documents_2021_12_28/18pabc_3cols_20211228_164127_3350181970_600_800.png,18pabc_3cols_20211228_164127_3350181970_600_800_mask.png,"A  crítica  não é obsoleta, es-"
56,4,112,8,76,130,188,138,76,130,188,130,188,138,76,138,sub_line_text,text,text_0,arial,regular,7,18pabc_3cols_20211228_164127_3350181970_600_800.png,/scratch/parceirosbr/bigoilict/share/BigOil/document_generator/datasets/documents_2021_12_28/18pabc_3cols_20211228_164127_3350181970_600_800.png,18pabc_3cols_20211228_164127_3350181970_600_800_mask.png,pecialmente  se  considerarmos  o
56,4,112,8,76,143,188,151,76,143,188,143,188,151,76,151,sub_line_text,text,text_0,arial,regular,7,18pabc_3cols_20211228_164127_3350181970_600_800.png,/scratch/parceirosbr/bigoilict/share/BigOil/document_generator/datasets/documents_2021_12_28/18pabc_3cols_20211228_164127_3350181970_600_800.png,18pabc_3cols_20211228_164127_3350181970_600_800_mask.png,cenário  político  e  econômico do.
55,4,111,8,76,156,187,164,76,156,187,156,187,164,76,164,sub_line_text,text,text_0,arial,regular,7,18pabc_3cols_20211228_164127_3350181970_600_800.png,/scratch/parceirosbr/bigoilict/share/BigOil/document_generator/datasets/documents_2021_12_28/18pabc_3cols_20211228_164127_3350181970_600_800.png,18pabc_3cols_20211228_164127_3350181970_600_800_mask.png,The  composition  of  gasoline un-
56,4,112,8,76,169,188,177,76,169,188,169,188,177,76,177,sub_line_text,text,text_0,arial,regular,7,18pabc_3cols_20211228_164127_3350181970_600_800.png,/scratch/parceirosbr/bigoilict/share/BigOil/document_generator/datasets/documents_2021_12_28/18pabc_3cols_20211228_164127_3350181970_600_800.png,18pabc_3cols_20211228_164127_3350181970_600_800_mask.png,"derwent  new  changes, since it w-"
56,4,112,8,76,182,188,190,76,182,188,182,188,190,76,190,sub_line_text,text,text_0,arial,regular,7,18pabc_3cols_20211228_164127_3350181970_600_800.png,/scratch/parceirosbr/bigoilict/share/BigOil/document_generator/datasets/documents_2021_12_28/18pabc_3cols_20211228_164127_3350181970_600_800.png,18pabc_3cols_20211228_164127_3350181970_600_800_mask.png,as  necessary  to  keep the octane
56,4,112,8,76,195,188,203,76,195,188,195,188,203,76,203,sub_line_text,text,text_0,arial,regular,7,18pabc_3cols_20211228_164127_3350181970_600_800.png,/scratch/parceirosbr/bigoilict/share/BigOil/document_generator/datasets/documents_2021_12_28/18pabc_3cols_20211228_164127_3350181970_600_800.png,18pabc_3cols_20211228_164127_3350181970_600_800_mask.png,high  without  using or (lead-tetrae-
55,4,111,8,76,208,187,216,76,208,187,208,187,216,76,216,sub_line_text,text,text_0,arial,regular,7,18pabc_3cols_20211228_164127_3350181970_600_800.png,/scratch/parceirosbr/bigoilict/share/BigOil/document_generator/datasets/documents_2021_12_28/18pabc_3cols_20211228_164127_3350181970_600_800.png,18pabc_3cols_20211228_164127_3350181970_600_800_mask.png,thyl  and  lead-tetramethyl). Notes:
55,4,111,8,76,221,187,229,76,221,187,221,187,229,76,229,sub_line_text,text,text_0,arial,regular,7,18pabc_3cols_20211228_164127_3350181970_600_800.png,/scratch/parceirosbr/bigoilict/share/BigOil/document_generator/datasets/documents_2021_12_28/18pabc_3cols_20211228_164127_3350181970_600_800.png,18pabc_3cols_20211228_164127_3350181970_600_800_mask.png,basic  prices are the same as ma-
55,4,111,8,76,234,187,242,76,234,187,234,187,242,76,242,sub_line_text,text,text_0,arial,regular,7,18pabc_3cols_20211228_164127_3350181970_600_800.png,/scratch/parceirosbr/bigoilict/share/BigOil/document_generator/datasets/documents_2021_12_28/18pabc_3cols_20211228_164127_3350181970_600_800.png,18pabc_3cols_20211228_164127_3350181970_600_800_mask.png,"rket  prices  (or,  simply,  less pro-"
47,4,94,8,76,247,170,255,76,247,170,247,170,255,76,255,sub_line_text,text,text_0,arial,regular,7,18pabc_3cols_20211228_164127_3350181970_600_800.png,/scratch/parceirosbr/bigoilict/share/BigOil/document_generator/datasets/documents_2021_12_28/18pabc_3cols_20211228_164127_3350181970_600_800.png,18pabc_3cols_20211228_164127_3350181970_600_800_mask.png,duct taxes (net of subsidies).
56,69,112,138,76,117,188,255,76,117,188,117,188,255,76,255,text,text,text_0,arial,regular,7,18pabc_3cols_20211228_164127_3350181970_600_800.png,/scratch/parceirosbr/bigoilict/share/BigOil/document_generator/datasets/documents_2021_12_28/18pabc_3cols_20211228_164127_3350181970_600_800.png,18pabc_3cols_20211228_164127_3350181970_600_800_mask.png,nan
49,5,98,11,84,262,182,273,84,262,182,262,182,273,84,273,sub_line_text,subsubtitle,subsubtitle_0,arial,bolditalic,9,18pabc_3cols_20211228_164127_3350181970_600_800.png,/scratch/parceirosbr/bigoilict/share/BigOil/document_generator/datasets/documents_2021_12_28/18pabc_3cols_20211228_164127_3350181970_600_800.png,18pabc_3cols_20211228_164127_3350181970_600_800_mask.png,Where: concentration
49,5,98,11,84,262,182,273,84,262,182,262,182,273,84,273,title,subsubtitle,subsubtitle_0,arial,bolditalic,9,18pabc_3cols_20211228_164127_3350181970_600_800.png,/scratch/parceirosbr/bigoilict/share/BigOil/document_generator/datasets/documents_2021_12_28/18pabc_3cols_20211228_164127_3350181970_600_800.png,18pabc_3cols_20211228_164127_3350181970_600_800_mask.png,nan
49,4,98,8,90,280,188,288,90,280,188,280,188,288,90,288,sub_line_text,text,text_1,arial,regular,7,18pabc_3cols_20211228_164127_3350181970_600_800.png,/scratch/parceirosbr/bigoilict/share/BigOil/document_generator/datasets/documents_2021_12_28/18pabc_3cols_20211228_164127_3350181970_600_800.png,18pabc_3cols_20211228_164127_3350181970_600_800_mask.png,Além  deste  derivado  ser um
55,4,111,8,76,293,187,301,76,293,187,293,187,301,76,301,sub_line_text,text,text_1,arial,regular,7,18pabc_3cols_20211228_164127_3350181970_600_800.png,/scratch/parceirosbr/bigoilict/share/BigOil/document_generator/datasets/documents_2021_12_28/18pabc_3cols_20211228_164127_3350181970_600_800.png,18pabc_3cols_20211228_164127_3350181970_600_800_mask.png,solvente  não  tóxico utilizado co-
55,4,111,8,76,306,187,314,76,306,187,306,187,314,76,314,sub_line_text,text,text_1,arial,regular,7,18pabc_3cols_20211228_164127_3350181970_600_800.png,/scratch/parceirosbr/bigoilict/share/BigOil/document_generator/datasets/documents_2021_12_28/18pabc_3cols_20211228_164127_3350181970_600_800.png,18pabc_3cols_20211228_164127_3350181970_600_800_mask.png,mo  emulsificante  para cosmétic-
56,4,112,8,76,319,188,327,76,319,188,319,188,327,76,327,sub_line_text,text,text_1,arial,regular,7,18pabc_3cols_20211228_164127_3350181970_600_800.png,/scratch/parceirosbr/bigoilict/share/BigOil/document_generator/datasets/documents_2021_12_28/18pabc_3cols_20211228_164127_3350181970_600_800.png,18pabc_3cols_20211228_164127_3350181970_600_800_mask.png,"os,   é  um  monômero  no  preparo"
56,4,112,8,76,332,188,340,76,332,188,332,188,340,76,340,sub_line_text,text,text_1,arial,regular,7,18pabc_3cols_20211228_164127_3350181970_600_800.png,/scratch/parceirosbr/bigoilict/share/BigOil/document_generator/datasets/documents_2021_12_28/18pabc_3cols_20211228_164127_3350181970_600_800.png,18pabc_3cols_20211228_164127_3350181970_600_800_mask.png,de  poliésteres  e  intermediário no
51,4,102,8,76,345,178,353,76,345,178,345,178,353,76,353,sub_line_text,text,text_1,arial,regular,7,18pabc_3cols_20211228_164127_3350181970_600_800.png,/scratch/parceirosbr/bigoilict/share/BigOil/document_generator/datasets/documents_2021_12_28/18pabc_3cols_20211228_164127_3350181970_600_800.png,18pabc_3cols_20211228_164127_3350181970_600_800_mask.png,preparo de surfactantes e lubrif.
56,36,112,73,76,280,188,353,76,280,188,280,188,353,76,353,text,text,text_1,arial,regular,7,18pabc_3cols_20211228_164127_3350181970_600_800.png,/scratch/parceirosbr/bigoilict/share/BigOil/document_generator/datasets/documents_2021_12_28/18pabc_3cols_20211228_164127_3350181970_600_800.png,18pabc_3cols_20211228_164127_3350181970_600_800_mask.png,nan
55,60,110,120,78,360,188,480,78,360,188,360,188,480,78,480,table,table_image,table_0,,,,18pabc_3cols_20211228_164127_3350181970_600_800.png,/scratch/parceirosbr/bigoilict/share/BigOil/document_generator/datasets/documents_2021_12_28/18pabc_3cols_20211228_164127_3350181970_600_800.png,18pabc_3cols_20211228_164127_3350181970_600_800_mask.png,output/gen_tab_20211228_164129_7046565250.png
4,4,9,8,175,362,184,370,175,362,184,362,184,370,175,370,text,table_text,table_0,times,italic,7.0,18pabc_3cols_20211228_164127_3350181970_600_800.png,/scratch/parceirosbr/bigoilict/share/BigOil/document_generator/datasets/documents_2021_12_28/18pabc_3cols_20211228_164127_3350181970_600_800.png,18pabc_3cols_20211228_164127_3350181970_600_800_mask.png,ser
4,4,9,8,175,362,184,370,175,362,184,362,184,370,175,370,sub_line_text,table_text,table_0,times,italic,7.0,18pabc_3cols_20211228_164127_3350181970_600_800.png,/scratch/parceirosbr/bigoilict/share/BigOil/document_generator/datasets/documents_2021_12_28/18pabc_3cols_20211228_164127_3350181970_600_800.png,18pabc_3cols_20211228_164127_3350181970_600_800_mask.png,ser
10,4,21,8,164,374,185,382,164,374,185,374,185,382,164,382,text,table_text,table_0,times,italic,7.0,18pabc_3cols_20211228_164127_3350181970_600_800.png,/scratch/parceirosbr/bigoilict/share/BigOil/document_generator/datasets/documents_2021_12_28/18pabc_3cols_20211228_164127_3350181970_600_800.png,18pabc_3cols_20211228_164127_3350181970_600_800_mask.png,42.456
10,4,21,8,164,374,185,382,164,374,185,374,185,382,164,382,sub_line_text,table_text,table_0,times,italic,7.0,18pabc_3cols_20211228_164127_3350181970_600_800.png,/scratch/parceirosbr/bigoilict/share/BigOil/document_generator/datasets/documents_2021_12_28/18pabc_3cols_20211228_164127_3350181970_600_800.png,18pabc_3cols_20211228_164127_3350181970_600_800_mask.png,42.456
10,4,21,8,164,385,185,393,164,385,185,385,185,393,164,393,text,table_text,table_0,times,italic,7.0,18pabc_3cols_20211228_164127_3350181970_600_800.png,/scratch/parceirosbr/bigoilict/share/BigOil/document_generator/datasets/documents_2021_12_28/18pabc_3cols_20211228_164127_3350181970_600_800.png,18pabc_3cols_20211228_164127_3350181970_600_800_mask.png,83.801
10,4,21,8,164,385,185,393,164,385,185,385,185,393,164,393,sub_line_text,table_text,table_0,times,italic,7.0,18pabc_3cols_20211228_164127_3350181970_600_800.png,/scratch/parceirosbr/bigoilict/share/BigOil/document_generator/datasets/documents_2021_12_28/18pabc_3cols_20211228_164127_3350181970_600_800.png,18pabc_3cols_20211228_164127_3350181970_600_800_mask.png,83.801
10,4,21,8,164,397,185,405,164,397,185,397,185,405,164,405,text,table_text,table_0,times,italic,7.0,18pabc_3cols_20211228_164127_3350181970_600_800.png,/scratch/parceirosbr/bigoilict/share/BigOil/document_generator/datasets/documents_2021_12_28/18pabc_3cols_20211228_164127_3350181970_600_800.png,18pabc_3cols_20211228_164127_3350181970_600_800_mask.png,86.563
10,4,21,8,164,397,185,405,164,397,185,397,185,405,164,405,sub_line_text,table_text,table_0,times,italic,7.0,18pabc_3cols_20211228_164127_3350181970_600_800.png,/scratch/parceirosbr/bigoilict/share/BigOil/document_generator/datasets/documents_2021_12_28/18pabc_3cols_20211228_164127_3350181970_600_800.png,18pabc_3cols_20211228_164127_3350181970_600_800_mask.png,86.563
10,4,21,8,164,408,185,416,164,408,185,408,185,416,164,416,text,table_text,table_0,times,italic,7.0,18pabc_3cols_20211228_164127_3350181970_600_800.png,/scratch/parceirosbr/bigoilict/share/BigOil/document_generator/datasets/documents_2021_12_28/18pabc_3cols_20211228_164127_3350181970_600_800.png,18pabc_3cols_20211228_164127_3350181970_600_800_mask.png,70.946
10,4,21,8,164,408,185,416,164,408,185,408,185,416,164,416,sub_line_text,table_text,table_0,times,italic,7.0,18pabc_3cols_20211228_164127_3350181970_600_800.png,/scratch/parceirosbr/bigoilict/share/BigOil/document_generator/datasets/documents_2021_12_28/18pabc_3cols_20211228_164127_3350181970_600_800.png,18pabc_3cols_20211228_164127_3350181970_600_800_mask.png,70.946
8,4,17,8,167,420,184,428,167,420,184,420,184,428,167,428,text,table_text,table_0,times,italic,7.0,18pabc_3cols_20211228_164127_3350181970_600_800.png,/scratch/parceirosbr/bigoilict/share/BigOil/document_generator/datasets/documents_2021_12_28/18pabc_3cols_20211228_164127_3350181970_600_800.png,18pabc_3cols_20211228_164127_3350181970_600_800_mask.png,2.363
8,4,17,8,167,420,184,428,167,420,184,420,184,428,167,428,sub_line_text,table_text,table_0,times,italic,7.0,18pabc_3cols_20211228_164127_3350181970_600_800.png,/scratch/parceirosbr/bigoilict/share/BigOil/document_generator/datasets/documents_2021_12_28/18pabc_3cols_20211228_164127_3350181970_600_800.png,18pabc_3cols_20211228_164127_3350181970_600_800_mask.png,2.363
12,4,24,8,160,432,184,440,160,432,184,432,184,440,160,440,text,table_text,table_0,times,italic,7.0,18pabc_3cols_20211228_164127_3350181970_600_800.png,/scratch/parceirosbr/bigoilict/share/BigOil/document_generator/datasets/documents_2021_12_28/18pabc_3cols_20211228_164127_3350181970_600_800.png,18pabc_3cols_20211228_164127_3350181970_600_800_mask.png,191.398
12,4,24,8,160,432,184,440,160,432,184,432,184,440,160,440,sub_line_text,table_text,table_0,times,italic,7.0,18pabc_3cols_20211228_164127_3350181970_600_800.png,/scratch/parceirosbr/bigoilict/share/BigOil/document_generator/datasets/documents_2021_12_28/18pabc_3cols_20211228_164127_3350181970_600_800.png,18pabc_3cols_20211228_164127_3350181970_600_800_mask.png,191.398
8,4,17,8,167,443,184,451,167,443,184,443,184,451,167,451,text,table_text,table_0,times,italic,7.0,18pabc_3cols_20211228_164127_3350181970_600_800.png,/scratch/parceirosbr/bigoilict/share/BigOil/document_generator/datasets/documents_2021_12_28/18pabc_3cols_20211228_164127_3350181970_600_800.png,18pabc_3cols_20211228_164127_3350181970_600_800_mask.png,4.566
8,4,17,8,167,443,184,451,167,443,184,443,184,451,167,451,sub_line_text,table_text,table_0,times,italic,7.0,18pabc_3cols_20211228_164127_3350181970_600_800.png,/scratch/parceirosbr/bigoilict/share/BigOil/document_generator/datasets/documents_2021_12_28/18pabc_3cols_20211228_164127_3350181970_600_800.png,18pabc_3cols_20211228_164127_3350181970_600_800_mask.png,4.566
10,4,21,8,164,455,185,463,164,455,185,455,185,463,164,463,text,table_text,table_0,times,italic,7.0,18pabc_3cols_20211228_164127_3350181970_600_800.png,/scratch/parceirosbr/bigoilict/share/BigOil/document_generator/datasets/documents_2021_12_28/18pabc_3cols_20211228_164127_3350181970_600_800.png,18pabc_3cols_20211228_164127_3350181970_600_800_mask.png,27.372
10,4,21,8,164,455,185,463,164,455,185,455,185,463,164,463,sub_line_text,table_text,table_0,times,italic,7.0,18pabc_3cols_20211228_164127_3350181970_600_800.png,/scratch/parceirosbr/bigoilict/share/BigOil/document_generator/datasets/documents_2021_12_28/18pabc_3cols_20211228_164127_3350181970_600_800.png,18pabc_3cols_20211228_164127_3350181970_600_800_mask.png,27.372
10,4,21,8,164,466,185,474,164,466,185,466,185,474,164,474,text,table_text,table_0,times,regular,7.0,18pabc_3cols_20211228_164127_3350181970_600_800.png,/scratch/parceirosbr/bigoilict/share/BigOil/document_generator/datasets/documents_2021_12_28/18pabc_3cols_20211228_164127_3350181970_600_800.png,18pabc_3cols_20211228_164127_3350181970_600_800_mask.png,15.442
10,4,21,8,164,466,185,474,164,466,185,466,185,474,164,474,sub_line_text,table_text,table_0,times,regular,7.0,18pabc_3cols_20211228_164127_3350181970_600_800.png,/scratch/parceirosbr/bigoilict/share/BigOil/document_generator/datasets/documents_2021_12_28/18pabc_3cols_20211228_164127_3350181970_600_800.png,18pabc_3cols_20211228_164127_3350181970_600_800_mask.png,15.442
47,3,95,7,76,485,171,492,76,485,171,485,171,492,76,492,sub_line_text,table_legend,table_0,arial,bolditalic,6,18pabc_3cols_20211228_164127_3350181970_600_800.png,/scratch/parceirosbr/bigoilict/share/BigOil/document_generator/datasets/documents_2021_12_28/18pabc_3cols_20211228_164127_3350181970_600_800.png,18pabc_3cols_20211228_164127_3350181970_600_800_mask.png,Table   24:      A   proteína  de  c-
47,3,94,7,76,496,170,503,76,496,170,496,170,503,76,503,sub_line_text,table_legend,table_0,arial,bolditalic,6,18pabc_3cols_20211228_164127_3350181970_600_800.png,/scratch/parceirosbr/bigoilict/share/BigOil/document_generator/datasets/documents_2021_12_28/18pabc_3cols_20211228_164127_3350181970_600_800.png,18pabc_3cols_20211228_164127_3350181970_600_800_mask.png,holerae   pode   formar   um   d-
47,3,95,7,76,507,171,514,76,507,171,507,171,514,76,514,sub_line_text,table_legend,table_0,arial,bolditalic,6,18pabc_3cols_20211228_164127_3350181970_600_800.png,/scratch/parceirosbr/bigoilict/share/BigOil/document_generator/datasets/documents_2021_12_28/18pabc_3cols_20211228_164127_3350181970_600_800.png,18pabc_3cols_20211228_164127_3350181970_600_800_mask.png,ispositivo     similar    a    cauda
29,3,58,7,76,518,134,525,76,518,134,518,134,525,76,525,sub_line_text,table_legend,table_0,arial,bolditalic,6,18pabc_3cols_20211228_164127_3350181970_600_800.png,/scratch/parceirosbr/bigoilict/share/BigOil/document_generator/datasets/documents_2021_12_28/18pabc_3cols_20211228_164127_3350181970_600_800.png,18pabc_3cols_20211228_164127_3350181970_600_800_mask.png,de um bacteriófago.
47,20,95,40,76,485,171,525,76,485,171,485,171,525,76,525,text,table_legend,table_0,arial,bolditalic,6,18pabc_3cols_20211228_164127_3350181970_600_800.png,/scratch/parceirosbr/bigoilict/share/BigOil/document_generator/datasets/documents_2021_12_28/18pabc_3cols_20211228_164127_3350181970_600_800.png,18pabc_3cols_20211228_164127_3350181970_600_800_mask.png,nan
49,4,98,8,90,532,188,540,90,532,188,532,188,540,90,540,sub_line_text,text,text_2,arial,regular,7,18pabc_3cols_20211228_164127_3350181970_600_800.png,/scratch/parceirosbr/bigoilict/share/BigOil/document_generator/datasets/documents_2021_12_28/18pabc_3cols_20211228_164127_3350181970_600_800.png,18pabc_3cols_20211228_164127_3350181970_600_800_mask.png,Although  this  topic  is  being
56,4,112,8,76,545,188,553,76,545,188,545,188,553,76,553,sub_line_text,text,text_2,arial,regular,7,18pabc_3cols_20211228_164127_3350181970_600_800.png,/scratch/parceirosbr/bigoilict/share/BigOil/document_generator/datasets/documents_2021_12_28/18pabc_3cols_20211228_164127_3350181970_600_800.png,18pabc_3cols_20211228_164127_3350181970_600_800_mask.png,"researched,   information   about  it"
56,4,112,8,76,558,188,566,76,558,188,558,188,566,76,566,sub_line_text,text,text_2,arial,regular,7,18pabc_3cols_20211228_164127_3350181970_600_800.png,/scratch/parceirosbr/bigoilict/share/BigOil/document_generator/datasets/documents_2021_12_28/18pabc_3cols_20211228_164127_3350181970_600_800.png,18pabc_3cols_20211228_164127_3350181970_600_800_mask.png,has  not  yet been found. Among t-
56,4,112,8,76,571,188,579,76,571,188,571,188,579,76,579,sub_line_text,text,text_2,arial,regular,7,18pabc_3cols_20211228_164127_3350181970_600_800.png,/scratch/parceirosbr/bigoilict/share/BigOil/document_generator/datasets/documents_2021_12_28/18pabc_3cols_20211228_164127_3350181970_600_800.png,18pabc_3cols_20211228_164127_3350181970_600_800_mask.png,he  aspects  that deserve attention
55,4,111,8,76,584,187,592,76,584,187,584,187,592,76,592,sub_line_text,text,text_2,arial,regular,7,18pabc_3cols_20211228_164127_3350181970_600_800.png,/scratch/parceirosbr/bigoilict/share/BigOil/document_generator/datasets/documents_2021_12_28/18pabc_3cols_20211228_164127_3350181970_600_800.png,18pabc_3cols_20211228_164127_3350181970_600_800_mask.png,are  its  high  volumes and the co-
45,4,90,8,76,597,166,605,76,597,166,597,166,605,76,605,sub_line_text,text,text_2,arial,regular,7,18pabc_3cols_20211228_164127_3350181970_600_800.png,/scratch/parceirosbr/bigoilict/share/BigOil/document_generator/datasets/documents_2021_12_28/18pabc_3cols_20211228_164127_3350181970_600_800.png,18pabc_3cols_20211228_164127_3350181970_600_800_mask.png,mplexity of its composition.
56,36,112,73,76,532,188,605,76,532,188,532,188,605,76,605,text,text,text_2,arial,regular,7,18pabc_3cols_20211228_164127_3350181970_600_800.png,/scratch/parceirosbr/bigoilict/share/BigOil/document_generator/datasets/documents_2021_12_28/18pabc_3cols_20211228_164127_3350181970_600_800.png,18pabc_3cols_20211228_164127_3350181970_600_800_mask.png,nan
46,4,93,8,90,612,183,620,90,612,183,612,183,620,90,620,sub_line_text,text,text_3,arial,regular,7,18pabc_3cols_20211228_164127_3350181970_600_800.png,/scratch/parceirosbr/bigoilict/share/BigOil/document_generator/datasets/documents_2021_12_28/18pabc_3cols_20211228_164127_3350181970_600_800.png,18pabc_3cols_20211228_164127_3350181970_600_800_mask.png,Eylander carried out several.
46,4,93,8,90,612,183,620,90,612,183,612,183,620,90,620,text,text,text_3,arial,regular,7,18pabc_3cols_20211228_164127_3350181970_600_800.png,/scratch/parceirosbr/bigoilict/share/BigOil/document_generator/datasets/documents_2021_12_28/18pabc_3cols_20211228_164127_3350181970_600_800.png,18pabc_3cols_20211228_164127_3350181970_600_800_mask.png,nan
49,4,98,8,220,98,318,106,220,98,318,98,318,106,220,106,sub_line_text,text,text_4,arial,regular,7,18pabc_3cols_20211228_164127_3350181970_600_800.png,/scratch/parceirosbr/bigoilict/share/BigOil/document_generator/datasets/documents_2021_12_28/18pabc_3cols_20211228_164127_3350181970_600_800.png,18pabc_3cols_20211228_164127_3350181970_600_800_mask.png,Segundo  as  razões  mais  c-
56,4,113,8,206,111,319,119,206,111,319,111,319,119,206,119,sub_line_text,text,text_4,arial,regular,7,18pabc_3cols_20211228_164127_3350181970_600_800.png,/scratch/parceirosbr/bigoilict/share/BigOil/document_generator/datasets/documents_2021_12_28/18pabc_3cols_20211228_164127_3350181970_600_800.png,18pabc_3cols_20211228_164127_3350181970_600_800_mask.png,omuns  para a utilização de mode-
55,4,111,8,206,124,317,132,206,124,317,124,317,132,206,132,sub_line_text,text,text_4,arial,regular,7,18pabc_3cols_20211228_164127_3350181970_600_800.png,/scratch/parceirosbr/bigoilict/share/BigOil/document_generator/datasets/documents_2021_12_28/18pabc_3cols_20211228_164127_3350181970_600_800.png,18pabc_3cols_20211228_164127_3350181970_600_800_mask.png,los  computacionais são que o si-
55,4,111,8,206,137,317,145,206,137,317,137,317,145,206,145,sub_line_text,text,text_4,arial,regular,7,18pabc_3cols_20211228_164127_3350181970_600_800.png,/scratch/parceirosbr/bigoilict/share/BigOil/document_generator/datasets/documents_2021_12_28/18pabc_3cols_20211228_164127_3350181970_600_800.png,18pabc_3cols_20211228_164127_3350181970_600_800_mask.png,"stema  real  ainda não existe, a e-"
55,4,111,8,206,150,317,158,206,150,317,150,317,158,206,158,sub_line_text,text,text_4,arial,regular,7,18pabc_3cols_20211228_164127_3350181970_600_800.png,/scratch/parceirosbr/bigoilict/share/BigOil/document_generator/datasets/documents_2021_12_28/18pabc_3cols_20211228_164127_3350181970_600_800.png,18pabc_3cols_20211228_164127_3350181970_600_800_mask.png,xperimentação  com  o  sistema r-
55,4,111,8,206,163,317,171,206,163,317,163,317,171,206,171,sub_line_text,text,text_4,arial,regular,7,18pabc_3cols_20211228_164127_3350181970_600_800.png,/scratch/parceirosbr/bigoilict/share/BigOil/document_generator/datasets/documents_2021_12_28/18pabc_3cols_20211228_164127_3350181970_600_800.png,18pabc_3cols_20211228_164127_3350181970_600_800_mask.png,eal  é dispendiosa e a experimen-
56,4,112,8,206,176,318,184,206,176,318,176,318,184,206,184,sub_line_text,text,text_4,arial,regular,7,18pabc_3cols_20211228_164127_3350181970_600_800.png,/scratch/parceirosbr/bigoilict/share/BigOil/document_generator/datasets/documents_2021_12_28/18pabc_3cols_20211228_164127_3350181970_600_800.png,18pabc_3cols_20211228_164127_3350181970_600_800_mask.png,tação  com  o  sistema  real  não é
55,4,111,8,206,189,317,197,206,189,317,189,317,197,206,197,sub_line_text,text,text_4,arial,regular,7,18pabc_3cols_20211228_164127_3350181970_600_800.png,/scratch/parceirosbr/bigoilict/share/BigOil/document_generator/datasets/documents_2021_12_28/18pabc_3cols_20211228_164127_3350181970_600_800.png,18pabc_3cols_20211228_164127_3350181970_600_800_mask.png,apropriada.  Oil  (in English that a-
56,4,112,8,206,202,318,210,206,202,318,202,318,210,206,210,sub_line_text,text,text_4,arial,regular,7,18pabc_3cols_20211228_164127_3350181970_600_800.png,/scratch/parceirosbr/bigoilict/share/BigOil/document_generator/datasets/documents_2021_12_28/18pabc_3cols_20211228_164127_3350181970_600_800.png,18pabc_3cols_20211228_164127_3350181970_600_800_mask.png,re  characterized  by  the  injection
55,4,111,8,206,215,317,223,206,215,317,215,317,223,206,223,sub_line_text,text,text_4,arial,regular,7,18pabc_3cols_20211228_164127_3350181970_600_800.png,/scratch/parceirosbr/bigoilict/share/BigOil/document_generator/datasets/documents_2021_12_28/18pabc_3cols_20211228_164127_3350181970_600_800.png,18pabc_3cols_20211228_164127_3350181970_600_800_mask.png,of  fluids  that  were  not  originally
38,4,76,8,206,228,282,236,206,228,282,228,282,236,206,236,sub_line_text,text,text_4,arial,regular,7,18pabc_3cols_20211228_164127_3350181970_600_800.png,/scratch/parceirosbr/bigoilict/share/BigOil/document_generator/datasets/documents_2021_12_28/18pabc_3cols_20211228_164127_3350181970_600_800.png,18pabc_3cols_20211228_164127_3350181970_600_800_mask.png,present in the reservoir.
56,69,113,138,206,98,319,236,206,98,319,98,319,236,206,236,text,text,text_4,arial,regular,7,18pabc_3cols_20211228_164127_3350181970_600_800.png,/scratch/parceirosbr/bigoilict/share/BigOil/document_generator/datasets/documents_2021_12_28/18pabc_3cols_20211228_164127_3350181970_600_800.png,18pabc_3cols_20211228_164127_3350181970_600_800_mask.png,nan
54,49,109,99,209,243,318,342,209,243,318,243,318,342,209,342,table,table_image,table_0,,,,18pabc_3cols_20211228_164127_3350181970_600_800.png,/scratch/parceirosbr/bigoilict/share/BigOil/document_generator/datasets/documents_2021_12_28/18pabc_3cols_20211228_164127_3350181970_600_800.png,18pabc_3cols_20211228_164127_3350181970_600_800_mask.png,output/gen_tab_20211228_164131_6684792591.png
15,4,30,8,284,246,314,254,284,246,314,246,314,254,284,254,text,table_text,table_0,opensans,italic,7.0,18pabc_3cols_20211228_164127_3350181970_600_800.png,/scratch/parceirosbr/bigoilict/share/BigOil/document_generator/datasets/documents_2021_12_28/18pabc_3cols_20211228_164127_3350181970_600_800.png,18pabc_3cols_20211228_164127_3350181970_600_800_mask.png,explicação
15,4,30,8,284,246,314,254,284,246,314,246,314,254,284,254,sub_line_text,table_text,table_0,opensans,italic,7.0,18pabc_3cols_20211228_164127_3350181970_600_800.png,/scratch/parceirosbr/bigoilict/share/BigOil/document_generator/datasets/documents_2021_12_28/18pabc_3cols_20211228_164127_3350181970_600_800.png,18pabc_3cols_20211228_164127_3350181970_600_800_mask.png,explicação
13,4,26,8,238,261,264,269,238,261,264,261,264,269,238,269,text,table_text,table_0,opensans,bold,7.0,18pabc_3cols_20211228_164127_3350181970_600_800.png,/scratch/parceirosbr/bigoilict/share/BigOil/document_generator/datasets/documents_2021_12_28/18pabc_3cols_20211228_164127_3350181970_600_800.png,18pabc_3cols_20211228_164127_3350181970_600_800_mask.png,9583108
13,4,26,8,238,261,264,269,238,261,264,261,264,269,238,269,sub_line_text,table_text,table_0,opensans,bold,7.0,18pabc_3cols_20211228_164127_3350181970_600_800.png,/scratch/parceirosbr/bigoilict/share/BigOil/document_generator/datasets/documents_2021_12_28/18pabc_3cols_20211228_164127_3350181970_600_800.png,18pabc_3cols_20211228_164127_3350181970_600_800_mask.png,9583108
13,4,26,8,238,272,264,280,238,272,264,272,264,280,238,280,text,table_text,table_0,opensans,bold,7.0,18pabc_3cols_20211228_164127_3350181970_600_800.png,/scratch/parceirosbr/bigoilict/share/BigOil/document_generator/datasets/documents_2021_12_28/18pabc_3cols_20211228_164127_3350181970_600_800.png,18pabc_3cols_20211228_164127_3350181970_600_800_mask.png,5119294
13,4,26,8,238,272,264,280,238,272,264,272,264,280,238,280,sub_line_text,table_text,table_0,opensans,bold,7.0,18pabc_3cols_20211228_164127_3350181970_600_800.png,/scratch/parceirosbr/bigoilict/share/BigOil/document_generator/datasets/documents_2021_12_28/18pabc_3cols_20211228_164127_3350181970_600_800.png,18pabc_3cols_20211228_164127_3350181970_600_800_mask.png,5119294
13,4,26,8,238,283,264,291,238,283,264,283,264,291,238,291,text,table_text,table_0,opensans,bold,7.0,18pabc_3cols_20211228_164127_3350181970_600_800.png,/scratch/parceirosbr/bigoilict/share/BigOil/document_generator/datasets/documents_2021_12_28/18pabc_3cols_20211228_164127_3350181970_600_800.png,18pabc_3cols_20211228_164127_3350181970_600_800_mask.png,4518015
13,4,26,8,238,283,264,291,238,283,264,283,264,291,238,291,sub_line_text,table_text,table_0,opensans,bold,7.0,18pabc_3cols_20211228_164127_3350181970_600_800.png,/scratch/parceirosbr/bigoilict/share/BigOil/document_generator/datasets/documents_2021_12_28/18pabc_3cols_20211228_164127_3350181970_600_800.png,18pabc_3cols_20211228_164127_3350181970_600_800_mask.png,4518015
13,4,26,8,238,295,264,303,238,295,264,295,264,303,238,303,text,table_text,table_0,opensans,bold,7.0,18pabc_3cols_20211228_164127_3350181970_600_800.png,/scratch/parceirosbr/bigoilict/share/BigOil/document_generator/datasets/documents_2021_12_28/18pabc_3cols_20211228_164127_3350181970_600_800.png,18pabc_3cols_20211228_164127_3350181970_600_800_mask.png,6388087
13,4,26,8,238,295,264,303,238,295,264,295,264,303,238,303,sub_line_text,table_text,table_0,opensans,bold,7.0,18pabc_3cols_20211228_164127_3350181970_600_800.png,/scratch/parceirosbr/bigoilict/share/BigOil/document_generator/datasets/documents_2021_12_28/18pabc_3cols_20211228_164127_3350181970_600_800.png,18pabc_3cols_20211228_164127_3350181970_600_800_mask.png,6388087
15,4,30,8,234,306,264,314,234,306,264,306,264,314,234,314,text,table_text,table_0,opensans,bold,7.0,18pabc_3cols_20211228_164127_3350181970_600_800.png,/scratch/parceirosbr/bigoilict/share/BigOil/document_generator/datasets/documents_2021_12_28/18pabc_3cols_20211228_164127_3350181970_600_800.png,18pabc_3cols_20211228_164127_3350181970_600_800_mask.png,73852908
15,4,30,8,234,306,264,314,234,306,264,306,264,314,234,314,sub_line_text,table_text,table_0,opensans,bold,7.0,18pabc_3cols_20211228_164127_3350181970_600_800.png,/scratch/parceirosbr/bigoilict/share/BigOil/document_generator/datasets/documents_2021_12_28/18pabc_3cols_20211228_164127_3350181970_600_800.png,18pabc_3cols_20211228_164127_3350181970_600_800_mask.png,73852908
17,4,34,8,230,318,264,326,230,318,264,318,264,326,230,326,text,table_text,table_0,opensans,bold,7.0,18pabc_3cols_20211228_164127_3350181970_600_800.png,/scratch/parceirosbr/bigoilict/share/BigOil/document_generator/datasets/documents_2021_12_28/18pabc_3cols_20211228_164127_3350181970_600_800.png,18pabc_3cols_20211228_164127_3350181970_600_800_mask.png,820082748
17,4,34,8,230,318,264,326,230,318,264,318,264,326,230,326,sub_line_text,table_text,table_0,opensans,bold,7.0,18pabc_3cols_20211228_164127_3350181970_600_800.png,/scratch/parceirosbr/bigoilict/share/BigOil/document_generator/datasets/documents_2021_12_28/18pabc_3cols_20211228_164127_3350181970_600_800.png,18pabc_3cols_20211228_164127_3350181970_600_800_mask.png,820082748
9,4,18,8,296,329,314,337,296,329,314,329,314,337,296,337,text,table_text,table_0,opensans,italic,7.0,18pabc_3cols_20211228_164127_3350181970_600_800.png,/scratch/parceirosbr/bigoilict/share/BigOil/document_generator/datasets/documents_2021_12_28/18pabc_3cols_20211228_164127_3350181970_600_800.png,18pabc_3cols_20211228_164127_3350181970_600_800_mask.png,14700
9,4,18,8,296,329,314,337,296,329,314,329,314,337,296,337,sub_line_text,table_text,table_0,opensans,italic,7.0,18pabc_3cols_20211228_164127_3350181970_600_800.png,/scratch/parceirosbr/bigoilict/share/BigOil/document_generator/datasets/documents_2021_12_28/18pabc_3cols_20211228_164127_3350181970_600_800.png,18pabc_3cols_20211228_164127_3350181970_600_800_mask.png,14700
19,4,39,8,275,261,314,269,275,261,314,261,314,269,275,269,text,table_text,table_0,opensans,bold,7.0,18pabc_3cols_20211228_164127_3350181970_600_800.png,/scratch/parceirosbr/bigoilict/share/BigOil/document_generator/datasets/documents_2021_12_28/18pabc_3cols_20211228_164127_3350181970_600_800.png,18pabc_3cols_20211228_164127_3350181970_600_800_mask.png,206999739.3
19,4,39,8,275,261,314,269,275,261,314,261,314,269,275,269,sub_line_text,table_text,table_0,opensans,bold,7.0,18pabc_3cols_20211228_164127_3350181970_600_800.png,/scratch/parceirosbr/bigoilict/share/BigOil/document_generator/datasets/documents_2021_12_28/18pabc_3cols_20211228_164127_3350181970_600_800.png,18pabc_3cols_20211228_164127_3350181970_600_800_mask.png,206999739.3
19,4,39,8,275,272,314,280,275,272,314,272,314,280,275,280,text,table_text,table_0,opensans,bold,7.0,18pabc_3cols_20211228_164127_3350181970_600_800.png,/scratch/parceirosbr/bigoilict/share/BigOil/document_generator/datasets/documents_2021_12_28/18pabc_3cols_20211228_164127_3350181970_600_800.png,18pabc_3cols_20211228_164127_3350181970_600_800_mask.png,395944590.8
19,4,39,8,275,272,314,280,275,272,314,272,314,280,275,280,sub_line_text,table_text,table_0,opensans,bold,7.0,18pabc_3cols_20211228_164127_3350181970_600_800.png,/scratch/parceirosbr/bigoilict/share/BigOil/document_generator/datasets/documents_2021_12_28/18pabc_3cols_20211228_164127_3350181970_600_800.png,18pabc_3cols_20211228_164127_3350181970_600_800_mask.png,395944590.8
19,4,39,8,275,283,314,291,275,283,314,283,314,291,275,291,text,table_text,table_0,opensans,bold,7.0,18pabc_3cols_20211228_164127_3350181970_600_800.png,/scratch/parceirosbr/bigoilict/share/BigOil/document_generator/datasets/documents_2021_12_28/18pabc_3cols_20211228_164127_3350181970_600_800.png,18pabc_3cols_20211228_164127_3350181970_600_800_mask.png,503933722.6
19,4,39,8,275,283,314,291,275,283,314,283,314,291,275,291,sub_line_text,table_text,table_0,opensans,bold,7.0,18pabc_3cols_20211228_164127_3350181970_600_800.png,/scratch/parceirosbr/bigoilict/share/BigOil/document_generator/datasets/documents_2021_12_28/18pabc_3cols_20211228_164127_3350181970_600_800.png,18pabc_3cols_20211228_164127_3350181970_600_800_mask.png,503933722.6
19,4,39,8,275,295,314,303,275,295,314,295,314,303,275,303,text,table_text,table_0,opensans,bold,7.0,18pabc_3cols_20211228_164127_3350181970_600_800.png,/scratch/parceirosbr/bigoilict/share/BigOil/document_generator/datasets/documents_2021_12_28/18pabc_3cols_20211228_164127_3350181970_600_800.png,18pabc_3cols_20211228_164127_3350181970_600_800_mask.png,380066854.0
19,4,39,8,275,295,314,303,275,295,314,295,314,303,275,303,sub_line_text,table_text,table_0,opensans,bold,7.0,18pabc_3cols_20211228_164127_3350181970_600_800.png,/scratch/parceirosbr/bigoilict/share/BigOil/document_generator/datasets/documents_2021_12_28/18pabc_3cols_20211228_164127_3350181970_600_800.png,18pabc_3cols_20211228_164127_3350181970_600_800_mask.png,380066854.0
19,4,39,8,275,306,314,314,275,306,314,306,314,314,275,314,text,table_text,table_0,opensans,bold,7.0,18pabc_3cols_20211228_164127_3350181970_600_800.png,/scratch/parceirosbr/bigoilict/share/BigOil/document_generator/datasets/documents_2021_12_28/18pabc_3cols_20211228_164127_3350181970_600_800.png,18pabc_3cols_20211228_164127_3350181970_600_800_mask.png,891469522.2
19,4,39,8,275,306,314,314,275,306,314,306,314,314,275,314,sub_line_text,table_text,table_0,opensans,bold,7.0,18pabc_3cols_20211228_164127_3350181970_600_800.png,/scratch/parceirosbr/bigoilict/share/BigOil/document_generator/datasets/documents_2021_12_28/18pabc_3cols_20211228_164127_3350181970_600_800.png,18pabc_3cols_20211228_164127_3350181970_600_800_mask.png,891469522.2
19,4,39,8,275,318,314,326,275,318,314,318,314,326,275,326,text,table_text,table_0,opensans,bold,7.0,18pabc_3cols_20211228_164127_3350181970_600_800.png,/scratch/parceirosbr/bigoilict/share/BigOil/document_generator/datasets/documents_2021_12_28/18pabc_3cols_20211228_164127_3350181970_600_800.png,18pabc_3cols_20211228_164127_3350181970_600_800_mask.png,342887492.7
19,4,39,8,275,318,314,326,275,318,314,318,314,326,275,326,sub_line_text,table_text,table_0,opensans,bold,7.0,18pabc_3cols_20211228_164127_3350181970_600_800.png,/scratch/parceirosbr/bigoilict/share/BigOil/document_generator/datasets/documents_2021_12_28/18pabc_3cols_20211228_164127_3350181970_600_800.png,18pabc_3cols_20211228_164127_3350181970_600_800_mask.png,342887492.7
44,3,88,7,206,347,294,354,206,347,294,347,294,354,206,354,sub_line_text,table_legend,table_0,arial,bolditalic,6,18pabc_3cols_20211228_164127_3350181970_600_800.png,/scratch/parceirosbr/bigoilict/share/BigOil/document_generator/datasets/documents_2021_12_28/18pabc_3cols_20211228_164127_3350181970_600_800.png,18pabc_3cols_20211228_164127_3350181970_600_800_mask.png,Tab.   84:      Os  primeiros  d-
43,3,87,7,206,358,293,365,206,358,293,358,293,365,206,365,sub_line_text,table_legend,table_0,arial,bolditalic,6,18pabc_3cols_20211228_164127_3350181970_600_800.png,/scratch/parceirosbr/bigoilict/share/BigOil/document_generator/datasets/documents_2021_12_28/18pabc_3cols_20211228_164127_3350181970_600_800.png,18pabc_3cols_20211228_164127_3350181970_600_800_mask.png,ados    e    registros    sísmic-
43,3,87,7,206,369,293,376,206,369,293,369,293,376,206,376,sub_line_text,table_legend,table_0,arial,bolditalic,6,18pabc_3cols_20211228_164127_3350181970_600_800.png,/scratch/parceirosbr/bigoilict/share/BigOil/document_generator/datasets/documents_2021_12_28/18pabc_3cols_20211228_164127_3350181970_600_800.png,18pabc_3cols_20211228_164127_3350181970_600_800_mask.png,os   no   pertencem  ao  sécu-
43,3,87,7,206,380,293,387,206,380,293,380,293,387,206,387,sub_line_text,table_legend,table_0,arial,bolditalic,6,18pabc_3cols_20211228_164127_3350181970_600_800.png,/scratch/parceirosbr/bigoilict/share/BigOil/document_generator/datasets/documents_2021_12_28/18pabc_3cols_20211228_164127_3350181970_600_800.png,18pabc_3cols_20211228_164127_3350181970_600_800_mask.png,lo     adquiridos     principal-
44,3,88,7,206,391,294,398,206,391,294,391,294,398,206,398,sub_line_text,table_legend,table_0,arial,bolditalic,6,18pabc_3cols_20211228_164127_3350181970_600_800.png,/scratch/parceirosbr/bigoilict/share/BigOil/document_generator/datasets/documents_2021_12_28/18pabc_3cols_20211228_164127_3350181970_600_800.png,18pabc_3cols_20211228_164127_3350181970_600_800_mask.png,mente    por   via   de   relatos
22,3,45,7,206,402,251,409,206,402,251,402,251,409,206,409,sub_line_text,table_legend,table_0,arial,bolditalic,6,18pabc_3cols_20211228_164127_3350181970_600_800.png,/scratch/parceirosbr/bigoilict/share/BigOil/document_generator/datasets/documents_2021_12_28/18pabc_3cols_20211228_164127_3350181970_600_800.png,18pabc_3cols_20211228_164127_3350181970_600_800_mask.png,e descrições de
44,31,88,62,206,347,294,409,206,347,294,347,294,409,206,409,text,table_legend,table_0,arial,bolditalic,6,18pabc_3cols_20211228_164127_3350181970_600_800.png,/scratch/parceirosbr/bigoilict/share/BigOil/document_generator/datasets/documents_2021_12_28/18pabc_3cols_20211228_164127_3350181970_600_800.png,18pabc_3cols_20211228_164127_3350181970_600_800_mask.png,nan
57,31,115,62,206,416,321,478,206,416,321,416,321,478,206,478,list,list,list_1,arial,arial,6,18pabc_3cols_20211228_164127_3350181970_600_800.png,/scratch/parceirosbr/bigoilict/share/BigOil/document_generator/datasets/documents_2021_12_28/18pabc_3cols_20211228_164127_3350181970_600_800.png,18pabc_3cols_20211228_164127_3350181970_600_800_mask.png,
57,3,114,7,206,416,320,423,206,416,320,416,320,423,206,423,sub_line_text,list,list_1,arial,italic,6,18pabc_3cols_20211228_164127_3350181970_600_800.png,/scratch/parceirosbr/bigoilict/share/BigOil/document_generator/datasets/documents_2021_12_28/18pabc_3cols_20211228_164127_3350181970_600_800.png,18pabc_3cols_20211228_164127_3350181970_600_800_mask.png,d Another  positive  point  is the better user
55,3,110,7,211,427,321,434,211,427,321,427,321,434,211,434,sub_line_text,list,list_1,arial,italic,6,18pabc_3cols_20211228_164127_3350181970_600_800.png,/scratch/parceirosbr/bigoilict/share/BigOil/document_generator/datasets/documents_2021_12_28/18pabc_3cols_20211228_164127_3350181970_600_800.png,18pabc_3cols_20211228_164127_3350181970_600_800_mask.png,"experience,   the   development  of  native"
29,3,58,7,211,438,269,445,211,438,269,438,269,445,211,445,sub_line_text,list,list_1,arial,italic,6,18pabc_3cols_20211228_164127_3350181970_600_800.png,/scratch/parceirosbr/bigoilict/share/BigOil/document_generator/datasets/documents_2021_12_28/18pabc_3cols_20211228_164127_3350181970_600_800.png,18pabc_3cols_20211228_164127_3350181970_600_800_mask.png,applications can exploit
57,3,115,7,206,449,321,456,206,449,321,449,321,456,206,456,sub_line_text,list,list_1,arial,italic,6,18pabc_3cols_20211228_164127_3350181970_600_800.png,/scratch/parceirosbr/bigoilict/share/BigOil/document_generator/datasets/documents_2021_12_28/18pabc_3cols_20211228_164127_3350181970_600_800.png,18pabc_3cols_20211228_164127_3350181970_600_800_mask.png,q No    less    important    was    also    the
54,3,109,7,211,460,320,467,211,460,320,460,320,467,211,467,sub_line_text,list,list_1,arial,italic,6,18pabc_3cols_20211228_164127_3350181970_600_800.png,/scratch/parceirosbr/bigoilict/share/BigOil/document_generator/datasets/documents_2021_12_28/18pabc_3cols_20211228_164127_3350181970_600_800.png,18pabc_3cols_20211228_164127_3350181970_600_800_mask.png,development   of   the   turret  of  greater
24,3,48,7,211,471,259,478,211,471,259,471,259,478,211,478,sub_line_text,list,list_1,arial,italic,6,18pabc_3cols_20211228_164127_3350181970_600_800.png,/scratch/parceirosbr/bigoilict/share/BigOil/document_generator/datasets/documents_2021_12_28/18pabc_3cols_20211228_164127_3350181970_600_800.png,18pabc_3cols_20211228_164127_3350181970_600_800_mask.png,capacity for one in
48,4,97,8,220,485,317,493,220,485,317,485,317,493,220,493,sub_line_text,text,text_5,arial,regular,7,18pabc_3cols_20211228_164127_3350181970_600_800.png,/scratch/parceirosbr/bigoilict/share/BigOil/document_generator/datasets/documents_2021_12_28/18pabc_3cols_20211228_164127_3350181970_600_800.png,18pabc_3cols_20211228_164127_3350181970_600_800_mask.png,O   efluente   para  ser  tratado
55,4,111,8,206,498,317,506,206,498,317,498,317,506,206,506,sub_line_text,text,text_5,arial,regular,7,18pabc_3cols_20211228_164127_3350181970_600_800.png,/scratch/parceirosbr/bigoilict/share/BigOil/document_generator/datasets/documents_2021_12_28/18pabc_3cols_20211228_164127_3350181970_600_800.png,18pabc_3cols_20211228_164127_3350181970_600_800_mask.png,por  eletrodiálise  reversa necess-
56,4,112,8,206,511,318,519,206,511,318,511,318,519,206,519,sub_line_text,text,text_5,arial,regular,7,18pabc_3cols_20211228_164127_3350181970_600_800.png,/scratch/parceirosbr/bigoilict/share/BigOil/document_generator/datasets/documents_2021_12_28/18pabc_3cols_20211228_164127_3350181970_600_800.png,18pabc_3cols_20211228_164127_3350181970_600_800_mask.png,ita  da diminuição do tamanho das
56,4,112,8,206,524,318,532,206,524,318,524,318,532,206,532,sub_line_text,text,text_5,arial,regular,7,18pabc_3cols_20211228_164127_3350181970_600_800.png,/scratch/parceirosbr/bigoilict/share/BigOil/document_generator/datasets/documents_2021_12_28/18pabc_3cols_20211228_164127_3350181970_600_800.png,18pabc_3cols_20211228_164127_3350181970_600_800_mask.png,moléculas  na  faixa  de  200  400.
55,4,111,8,206,537,317,545,206,537,317,537,317,545,206,545,sub_line_text,text,text_5,arial,regular,7,18pabc_3cols_20211228_164127_3350181970_600_800.png,/scratch/parceirosbr/bigoilict/share/BigOil/document_generator/datasets/documents_2021_12_28/18pabc_3cols_20211228_164127_3350181970_600_800.png,18pabc_3cols_20211228_164127_3350181970_600_800_mask.png,Os   experimentos  de  otimização
56,4,112,8,206,550,318,558,206,550,318,550,318,558,206,558,sub_line_text,text,text_5,arial,regular,7,18pabc_3cols_20211228_164127_3350181970_600_800.png,/scratch/parceirosbr/bigoilict/share/BigOil/document_generator/datasets/documents_2021_12_28/18pabc_3cols_20211228_164127_3350181970_600_800.png,18pabc_3cols_20211228_164127_3350181970_600_800_mask.png,do  pH  foram conduzidos em bior-
56,4,112,8,206,563,318,571,206,563,318,563,318,571,206,571,sub_line_text,text,text_5,arial,regular,7,18pabc_3cols_20211228_164127_3350181970_600_800.png,/scratch/parceirosbr/bigoilict/share/BigOil/document_generator/datasets/documents_2021_12_28/18pabc_3cols_20211228_164127_3350181970_600_800.png,18pabc_3cols_20211228_164127_3350181970_600_800_mask.png,reator  mecanicamente  agitado de
53,4,106,8,206,576,312,584,206,576,312,576,312,584,206,584,sub_line_text,text,text_5,arial,regular,7,18pabc_3cols_20211228_164127_3350181970_600_800.png,/scratch/parceirosbr/bigoilict/share/BigOil/document_generator/datasets/documents_2021_12_28/18pabc_3cols_20211228_164127_3350181970_600_800.png,18pabc_3cols_20211228_164127_3350181970_600_800_mask.png,volume nominal de 1 e volume r.
56,49,112,99,206,485,318,584,206,485,318,485,318,584,206,584,text,text,text_5,arial,regular,7,18pabc_3cols_20211228_164127_3350181970_600_800.png,/scratch/parceirosbr/bigoilict/share/BigOil/document_generator/datasets/documents_2021_12_28/18pabc_3cols_20211228_164127_3350181970_600_800.png,18pabc_3cols_20211228_164127_3350181970_600_800_mask.png,nan
49,4,98,8,220,591,318,599,220,591,318,591,318,599,220,599,sub_line_text,text,text_6,arial,regular,7,18pabc_3cols_20211228_164127_3350181970_600_800.png,/scratch/parceirosbr/bigoilict/share/BigOil/document_generator/datasets/documents_2021_12_28/18pabc_3cols_20211228_164127_3350181970_600_800.png,18pabc_3cols_20211228_164127_3350181970_600_800_mask.png,Octane  is  a  measure of gas-
56,4,113,8,206,604,319,612,206,604,319,604,319,612,206,612,sub_line_text,text,text_6,arial,regular,7,18pabc_3cols_20211228_164127_3350181970_600_800.png,/scratch/parceirosbr/bigoilict/share/BigOil/document_generator/datasets/documents_2021_12_28/18pabc_3cols_20211228_164127_3350181970_600_800.png,18pabc_3cols_20211228_164127_3350181970_600_800_mask.png,oline's  ability to withstand detona-
54,4,108,8,206,617,314,625,206,617,314,617,314,625,206,625,sub_line_text,text,text_6,arial,regular,7,18pabc_3cols_20211228_164127_3350181970_600_800.png,/scratch/parceirosbr/bigoilict/share/BigOil/document_generator/datasets/documents_2021_12_28/18pabc_3cols_20211228_164127_3350181970_600_800.png,18pabc_3cols_20211228_164127_3350181970_600_800_mask.png,tion which leads to loss of power.
56,17,113,34,206,591,319,625,206,591,319,591,319,625,206,625,text,text,text_6,arial,regular,7,18pabc_3cols_20211228_164127_3350181970_600_800.png,/scratch/parceirosbr/bigoilict/share/BigOil/document_generator/datasets/documents_2021_12_28/18pabc_3cols_20211228_164127_3350181970_600_800.png,18pabc_3cols_20211228_164127_3350181970_600_800_mask.png,nan
48,4,97,8,350,98,447,106,350,98,447,98,447,106,350,106,sub_line_text,text,text_7,arial,regular,7,18pabc_3cols_20211228_164127_3350181970_600_800.png,/scratch/parceirosbr/bigoilict/share/BigOil/document_generator/datasets/documents_2021_12_28/18pabc_3cols_20211228_164127_3350181970_600_800.png,18pabc_3cols_20211228_164127_3350181970_600_800_mask.png,Os   resultados   indicam  que
55,4,111,8,336,111,447,119,336,111,447,111,447,119,336,119,sub_line_text,text,text_7,arial,regular,7,18pabc_3cols_20211228_164127_3350181970_600_800.png,/scratch/parceirosbr/bigoilict/share/BigOil/document_generator/datasets/documents_2021_12_28/18pabc_3cols_20211228_164127_3350181970_600_800.png,18pabc_3cols_20211228_164127_3350181970_600_800_mask.png,os  sedimentos possuem caracte-
56,4,112,8,336,124,448,132,336,124,448,124,448,132,336,132,sub_line_text,text,text_7,arial,regular,7,18pabc_3cols_20211228_164127_3350181970_600_800.png,/scratch/parceirosbr/bigoilict/share/BigOil/document_generator/datasets/documents_2021_12_28/18pabc_3cols_20211228_164127_3350181970_600_800.png,18pabc_3cols_20211228_164127_3350181970_600_800_mask.png,"rísticas  variando  de  neutra,  com"
56,4,112,8,336,137,448,145,336,137,448,137,448,145,336,145,sub_line_text,text,text_7,arial,regular,7,18pabc_3cols_20211228_164127_3350181970_600_800.png,/scratch/parceirosbr/bigoilict/share/BigOil/document_generator/datasets/documents_2021_12_28/18pabc_3cols_20211228_164127_3350181970_600_800.png,18pabc_3cols_20211228_164127_3350181970_600_800_mask.png,"valores  pouco  superiores  a  7,  à"
56,4,112,8,336,150,448,158,336,150,448,150,448,158,336,158,sub_line_text,text,text_7,arial,regular,7,18pabc_3cols_20211228_164127_3350181970_600_800.png,/scratch/parceirosbr/bigoilict/share/BigOil/document_generator/datasets/documents_2021_12_28/18pabc_3cols_20211228_164127_3350181970_600_800.png,18pabc_3cols_20211228_164127_3350181970_600_800_mask.png,"levemente  alcalinas, com valores"
53,4,107,8,336,163,443,171,336,163,443,163,443,171,336,171,sub_line_text,text,text_7,arial,regular,7,18pabc_3cols_20211228_164127_3350181970_600_800.png,/scratch/parceirosbr/bigoilict/share/BigOil/document_generator/datasets/documents_2021_12_28/18pabc_3cols_20211228_164127_3350181970_600_800.png,18pabc_3cols_20211228_164127_3350181970_600_800_mask.png,de pH maiores que 7. diferenças.
56,36,112,73,336,98,448,171,336,98,448,98,448,171,336,171,text,text,text_7,arial,regular,7,18pabc_3cols_20211228_164127_3350181970_600_800.png,/scratch/parceirosbr/bigoilict/share/BigOil/document_generator/datasets/documents_2021_12_28/18pabc_3cols_20211228_164127_3350181970_600_800.png,18pabc_3cols_20211228_164127_3350181970_600_800_mask.png,nan
55,57,110,114,338,178,448,292,338,178,448,178,448,292,338,292,table,table_image,table_0,,,,18pabc_3cols_20211228_164127_3350181970_600_800.png,/scratch/parceirosbr/bigoilict/share/BigOil/document_generator/datasets/documents_2021_12_28/18pabc_3cols_20211228_164127_3350181970_600_800.png,18pabc_3cols_20211228_164127_3350181970_600_800_mask.png,output/gen_tab_20211228_164134_1031411432.png
15,3,31,7,413,181,444,188,413,181,444,181,444,188,413,188,text,table_text,table_0,roboto,regular,7.0,18pabc_3cols_20211228_164127_3350181970_600_800.png,/scratch/parceirosbr/bigoilict/share/BigOil/document_generator/datasets/documents_2021_12_28/18pabc_3cols_20211228_164127_3350181970_600_800.png,18pabc_3cols_20211228_164127_3350181970_600_800_mask.png,incertezas
15,3,31,7,413,181,444,188,413,181,444,181,444,188,413,188,sub_line_text,table_text,table_0,roboto,regular,7.0,18pabc_3cols_20211228_164127_3350181970_600_800.png,/scratch/parceirosbr/bigoilict/share/BigOil/document_generator/datasets/documents_2021_12_28/18pabc_3cols_20211228_164127_3350181970_600_800.png,18pabc_3cols_20211228_164127_3350181970_600_800_mask.png,incertezas
18,3,36,7,408,198,444,205,408,198,444,198,444,205,408,205,text,table_text,table_0,roboto,regular,7.0,18pabc_3cols_20211228_164127_3350181970_600_800.png,/scratch/parceirosbr/bigoilict/share/BigOil/document_generator/datasets/documents_2021_12_28/18pabc_3cols_20211228_164127_3350181970_600_800.png,18pabc_3cols_20211228_164127_3350181970_600_800_mask.png,309670.058
18,3,36,7,408,198,444,205,408,198,444,198,444,205,408,205,sub_line_text,table_text,table_0,roboto,regular,7.0,18pabc_3cols_20211228_164127_3350181970_600_800.png,/scratch/parceirosbr/bigoilict/share/BigOil/document_generator/datasets/documents_2021_12_28/18pabc_3cols_20211228_164127_3350181970_600_800.png,18pabc_3cols_20211228_164127_3350181970_600_800_mask.png,309670.058
14,3,28,7,416,208,444,215,416,208,444,208,444,215,416,215,text,table_text,table_0,roboto,regular,7.0,18pabc_3cols_20211228_164127_3350181970_600_800.png,/scratch/parceirosbr/bigoilict/share/BigOil/document_generator/datasets/documents_2021_12_28/18pabc_3cols_20211228_164127_3350181970_600_800.png,18pabc_3cols_20211228_164127_3350181970_600_800_mask.png,3420.909
14,3,28,7,416,208,444,215,416,208,444,208,444,215,416,215,sub_line_text,table_text,table_0,roboto,regular,7.0,18pabc_3cols_20211228_164127_3350181970_600_800.png,/scratch/parceirosbr/bigoilict/share/BigOil/document_generator/datasets/documents_2021_12_28/18pabc_3cols_20211228_164127_3350181970_600_800.png,18pabc_3cols_20211228_164127_3350181970_600_800_mask.png,3420.909
12,3,24,7,420,219,444,226,420,219,444,219,444,226,420,226,text,table_text,table_0,roboto,regular,7.0,18pabc_3cols_20211228_164127_3350181970_600_800.png,/scratch/parceirosbr/bigoilict/share/BigOil/document_generator/datasets/documents_2021_12_28/18pabc_3cols_20211228_164127_3350181970_600_800.png,18pabc_3cols_20211228_164127_3350181970_600_800_mask.png,502.209
12,3,24,7,420,219,444,226,420,219,444,219,444,226,420,226,sub_line_text,table_text,table_0,roboto,regular,7.0,18pabc_3cols_20211228_164127_3350181970_600_800.png,/scratch/parceirosbr/bigoilict/share/BigOil/document_generator/datasets/documents_2021_12_28/18pabc_3cols_20211228_164127_3350181970_600_800.png,18pabc_3cols_20211228_164127_3350181970_600_800_mask.png,502.209
20,3,40,7,404,229,444,236,404,229,444,229,444,236,404,236,text,table_text,table_0,roboto,regular,7.0,18pabc_3cols_20211228_164127_3350181970_600_800.png,/scratch/parceirosbr/bigoilict/share/BigOil/document_generator/datasets/documents_2021_12_28/18pabc_3cols_20211228_164127_3350181970_600_800.png,18pabc_3cols_20211228_164127_3350181970_600_800_mask.png,5777118.768
20,3,40,7,404,229,444,236,404,229,444,229,444,236,404,236,sub_line_text,table_text,table_0,roboto,regular,7.0,18pabc_3cols_20211228_164127_3350181970_600_800.png,/scratch/parceirosbr/bigoilict/share/BigOil/document_generator/datasets/documents_2021_12_28/18pabc_3cols_20211228_164127_3350181970_600_800.png,18pabc_3cols_20211228_164127_3350181970_600_800_mask.png,5777118.768
14,3,28,7,416,240,444,247,416,240,444,240,444,247,416,247,text,table_text,table_0,roboto,regular,7.0,18pabc_3cols_20211228_164127_3350181970_600_800.png,/scratch/parceirosbr/bigoilict/share/BigOil/document_generator/datasets/documents_2021_12_28/18pabc_3cols_20211228_164127_3350181970_600_800.png,18pabc_3cols_20211228_164127_3350181970_600_800_mask.png,4191.275
14,3,28,7,416,240,444,247,416,240,444,240,444,247,416,247,sub_line_text,table_text,table_0,roboto,regular,7.0,18pabc_3cols_20211228_164127_3350181970_600_800.png,/scratch/parceirosbr/bigoilict/share/BigOil/document_generator/datasets/documents_2021_12_28/18pabc_3cols_20211228_164127_3350181970_600_800.png,18pabc_3cols_20211228_164127_3350181970_600_800_mask.png,4191.275
14,3,28,7,416,250,444,257,416,250,444,250,444,257,416,257,text,table_text,table_0,roboto,regular,7.0,18pabc_3cols_20211228_164127_3350181970_600_800.png,/scratch/parceirosbr/bigoilict/share/BigOil/document_generator/datasets/documents_2021_12_28/18pabc_3cols_20211228_164127_3350181970_600_800.png,18pabc_3cols_20211228_164127_3350181970_600_800_mask.png,1575.540
14,3,28,7,416,250,444,257,416,250,444,250,444,257,416,257,sub_line_text,table_text,table_0,roboto,regular,7.0,18pabc_3cols_20211228_164127_3350181970_600_800.png,/scratch/parceirosbr/bigoilict/share/BigOil/document_generator/datasets/documents_2021_12_28/18pabc_3cols_20211228_164127_3350181970_600_800.png,18pabc_3cols_20211228_164127_3350181970_600_800_mask.png,1575.540
20,3,40,7,404,261,444,268,404,261,444,261,444,268,404,268,text,table_text,table_0,roboto,regular,7.0,18pabc_3cols_20211228_164127_3350181970_600_800.png,/scratch/parceirosbr/bigoilict/share/BigOil/document_generator/datasets/documents_2021_12_28/18pabc_3cols_20211228_164127_3350181970_600_800.png,18pabc_3cols_20211228_164127_3350181970_600_800_mask.png,2708036.704
20,3,40,7,404,261,444,268,404,261,444,261,444,268,404,268,sub_line_text,table_text,table_0,roboto,regular,7.0,18pabc_3cols_20211228_164127_3350181970_600_800.png,/scratch/parceirosbr/bigoilict/share/BigOil/document_generator/datasets/documents_2021_12_28/18pabc_3cols_20211228_164127_3350181970_600_800.png,18pabc_3cols_20211228_164127_3350181970_600_800_mask.png,2708036.704
20,3,40,7,404,271,444,278,404,271,444,271,444,278,404,278,text,table_text,table_0,roboto,regular,7.0,18pabc_3cols_20211228_164127_3350181970_600_800.png,/scratch/parceirosbr/bigoilict/share/BigOil/document_generator/datasets/documents_2021_12_28/18pabc_3cols_20211228_164127_3350181970_600_800.png,18pabc_3cols_20211228_164127_3350181970_600_800_mask.png,5556451.827
20,3,40,7,404,271,444,278,404,271,444,271,444,278,404,278,sub_line_text,table_text,table_0,roboto,regular,7.0,18pabc_3cols_20211228_164127_3350181970_600_800.png,/scratch/parceirosbr/bigoilict/share/BigOil/document_generator/datasets/documents_2021_12_28/18pabc_3cols_20211228_164127_3350181970_600_800.png,18pabc_3cols_20211228_164127_3350181970_600_800_mask.png,5556451.827
20,3,40,7,404,282,444,289,404,282,444,282,444,289,404,289,text,table_text,table_0,roboto,regular,7.0,18pabc_3cols_20211228_164127_3350181970_600_800.png,/scratch/parceirosbr/bigoilict/share/BigOil/document_generator/datasets/documents_2021_12_28/18pabc_3cols_20211228_164127_3350181970_600_800.png,18pabc_3cols_20211228_164127_3350181970_600_800_mask.png,2786876.916
20,3,40,7,404,282,444,289,404,282,444,282,444,289,404,289,sub_line_text,table_text,table_0,roboto,regular,7.0,18pabc_3cols_20211228_164127_3350181970_600_800.png,/scratch/parceirosbr/bigoilict/share/BigOil/document_generator/datasets/documents_2021_12_28/18pabc_3cols_20211228_164127_3350181970_600_800.png,18pabc_3cols_20211228_164127_3350181970_600_800_mask.png,2786876.916
45,3,91,7,336,297,427,304,336,297,427,297,427,304,336,304,sub_line_text,table_legend,table_0,arial,bolditalic,6,18pabc_3cols_20211228_164127_3350181970_600_800.png,/scratch/parceirosbr/bigoilict/share/BigOil/document_generator/datasets/documents_2021_12_28/18pabc_3cols_20211228_164127_3350181970_600_800.png,18pabc_3cols_20211228_164127_3350181970_600_800_mask.png,Table   25:      When  the  molar
46,3,92,7,336,308,428,315,336,308,428,308,428,315,336,315,sub_line_text,table_legend,table_0,arial,bolditalic,6,18pabc_3cols_20211228_164127_3350181970_600_800.png,/scratch/parceirosbr/bigoilict/share/BigOil/document_generator/datasets/documents_2021_12_28/18pabc_3cols_20211228_164127_3350181970_600_800.png,18pabc_3cols_20211228_164127_3350181970_600_800_mask.png,concentration    of    this    gas
45,3,91,7,336,319,427,326,336,319,427,319,427,326,336,326,sub_line_text,table_legend,table_0,arial,bolditalic,6,18pabc_3cols_20211228_164127_3350181970_600_800.png,/scratch/parceirosbr/bigoilict/share/BigOil/document_generator/datasets/documents_2021_12_28/18pabc_3cols_20211228_164127_3350181970_600_800.png,18pabc_3cols_20211228_164127_3350181970_600_800_mask.png,in    the    mixture   was   equal
45,3,91,7,336,330,427,337,336,330,427,330,427,337,336,337,sub_line_text,table_legend,table_0,arial,bolditalic,6,18pabc_3cols_20211228_164127_3350181970_600_800.png,/scratch/parceirosbr/bigoilict/share/BigOil/document_generator/datasets/documents_2021_12_28/18pabc_3cols_20211228_164127_3350181970_600_800.png,18pabc_3cols_20211228_164127_3350181970_600_800_mask.png,"to   41.46,   the   model  calcul-"
45,3,91,7,336,341,427,348,336,341,427,341,427,348,336,348,sub_line_text,table_legend,table_0,arial,bolditalic,6,18pabc_3cols_20211228_164127_3350181970_600_800.png,/scratch/parceirosbr/bigoilict/share/BigOil/document_generator/datasets/documents_2021_12_28/18pabc_3cols_20211228_164127_3350181970_600_800.png,18pabc_3cols_20211228_164127_3350181970_600_800_mask.png,ated    values    closer   to   the
46,3,92,7,336,352,428,359,336,352,428,352,428,359,336,359,sub_line_text,table_legend,table_0,arial,bolditalic,6,18pabc_3cols_20211228_164127_3350181970_600_800.png,/scratch/parceirosbr/bigoilict/share/BigOil/document_generator/datasets/documents_2021_12_28/18pabc_3cols_20211228_164127_3350181970_600_800.png,18pabc_3cols_20211228_164127_3350181970_600_800_mask.png,experimental     data    for    the
24,3,48,7,336,363,384,370,336,363,384,363,384,370,336,370,sub_line_text,table_legend,table_0,arial,bolditalic,6,18pabc_3cols_20211228_164127_3350181970_600_800.png,/scratch/parceirosbr/bigoilict/share/BigOil/document_generator/datasets/documents_2021_12_28/18pabc_3cols_20211228_164127_3350181970_600_800.png,18pabc_3cols_20211228_164127_3350181970_600_800_mask.png,bubble pressure
46,36,92,73,336,297,428,370,336,297,428,297,428,370,336,370,text,table_legend,table_0,arial,bolditalic,6,18pabc_3cols_20211228_164127_3350181970_600_800.png,/scratch/parceirosbr/bigoilict/share/BigOil/document_generator/datasets/documents_2021_12_28/18pabc_3cols_20211228_164127_3350181970_600_800.png,18pabc_3cols_20211228_164127_3350181970_600_800_mask.png,nan
49,4,98,8,350,377,448,385,350,377,448,377,448,385,350,385,sub_line_text,text,text_8,arial,regular,7,18pabc_3cols_20211228_164127_3350181970_600_800.png,/scratch/parceirosbr/bigoilict/share/BigOil/document_generator/datasets/documents_2021_12_28/18pabc_3cols_20211228_164127_3350181970_600_800.png,18pabc_3cols_20211228_164127_3350181970_600_800_mask.png,Comparando  nossos  resulta-
56,4,113,8,336,390,449,398,336,390,449,390,449,398,336,398,sub_line_text,text,text_8,arial,regular,7,18pabc_3cols_20211228_164127_3350181970_600_800.png,/scratch/parceirosbr/bigoilict/share/BigOil/document_generator/datasets/documents_2021_12_28/18pabc_3cols_20211228_164127_3350181970_600_800.png,18pabc_3cols_20211228_164127_3350181970_600_800_mask.png,dos  com os padrões globais de d-
56,4,112,8,336,403,448,411,336,403,448,403,448,411,336,411,sub_line_text,text,text_8,arial,regular,7,18pabc_3cols_20211228_164127_3350181970_600_800.png,/scratch/parceirosbr/bigoilict/share/BigOil/document_generator/datasets/documents_2021_12_28/18pabc_3cols_20211228_164127_3350181970_600_800.png,18pabc_3cols_20211228_164127_3350181970_600_800_mask.png,istribuição  de  hidrocarbonetos de
56,4,112,8,336,416,448,424,336,416,448,416,448,424,336,424,sub_line_text,text,text_8,arial,regular,7,18pabc_3cols_20211228_164127_3350181970_600_800.png,/scratch/parceirosbr/bigoilict/share/BigOil/document_generator/datasets/documents_2021_12_28/18pabc_3cols_20211228_164127_3350181970_600_800.png,18pabc_3cols_20211228_164127_3350181970_600_800_mask.png,"petróleo,   as   concentrações  nos"
55,4,111,8,336,429,447,437,336,429,447,429,447,437,336,437,sub_line_text,text,text_8,arial,regular,7,18pabc_3cols_20211228_164127_3350181970_600_800.png,/scratch/parceirosbr/bigoilict/share/BigOil/document_generator/datasets/documents_2021_12_28/18pabc_3cols_20211228_164127_3350181970_600_800.png,18pabc_3cols_20211228_164127_3350181970_600_800_mask.png,sedimentos  superficiais  e  profu-
55,4,111,8,336,442,447,450,336,442,447,442,447,450,336,450,sub_line_text,text,text_8,arial,regular,7,18pabc_3cols_20211228_164127_3350181970_600_800.png,/scratch/parceirosbr/bigoilict/share/BigOil/document_generator/datasets/documents_2021_12_28/18pabc_3cols_20211228_164127_3350181970_600_800.png,18pabc_3cols_20211228_164127_3350181970_600_800_mask.png,ndos  do  de  podem ser classific-
56,4,112,8,336,455,448,463,336,455,448,455,448,463,336,463,sub_line_text,text,text_8,arial,regular,7,18pabc_3cols_20211228_164127_3350181970_600_800.png,/scratch/parceirosbr/bigoilict/share/BigOil/document_generator/datasets/documents_2021_12_28/18pabc_3cols_20211228_164127_3350181970_600_800.png,18pabc_3cols_20211228_164127_3350181970_600_800_mask.png,"adas  de  moderadas a alta, sendo"
54,4,108,8,336,468,444,476,336,468,444,468,444,476,336,476,sub_line_text,text,text_8,arial,regular,7,18pabc_3cols_20211228_164127_3350181970_600_800.png,/scratch/parceirosbr/bigoilict/share/BigOil/document_generator/datasets/documents_2021_12_28/18pabc_3cols_20211228_164127_3350181970_600_800.png,18pabc_3cols_20211228_164127_3350181970_600_800_mask.png,considerada uma área altamente.
56,49,113,99,336,377,449,476,336,377,449,377,449,476,336,476,text,text,text_8,arial,regular,7,18pabc_3cols_20211228_164127_3350181970_600_800.png,/scratch/parceirosbr/bigoilict/share/BigOil/document_generator/datasets/documents_2021_12_28/18pabc_3cols_20211228_164127_3350181970_600_800.png,18pabc_3cols_20211228_164127_3350181970_600_800_mask.png,nan
49,4,98,8,350,483,448,491,350,483,448,483,448,491,350,491,sub_line_text,text,text_9,arial,regular,7,18pabc_3cols_20211228_164127_3350181970_600_800.png,/scratch/parceirosbr/bigoilict/share/BigOil/document_generator/datasets/documents_2021_12_28/18pabc_3cols_20211228_164127_3350181970_600_800.png,18pabc_3cols_20211228_164127_3350181970_600_800_mask.png,"In  this  way,  the regulator de-"
55,4,111,8,336,496,447,504,336,496,447,496,447,504,336,504,sub_line_text,text,text_9,arial,regular,7,18pabc_3cols_20211228_164127_3350181970_600_800.png,/scratch/parceirosbr/bigoilict/share/BigOil/document_generator/datasets/documents_2021_12_28/18pabc_3cols_20211228_164127_3350181970_600_800.png,18pabc_3cols_20211228_164127_3350181970_600_800_mask.png,veloped  and  implemented  a nor-
55,4,111,8,336,509,447,517,336,509,447,509,447,517,336,517,sub_line_text,text,text_9,arial,regular,7,18pabc_3cols_20211228_164127_3350181970_600_800.png,/scratch/parceirosbr/bigoilict/share/BigOil/document_generator/datasets/documents_2021_12_28/18pabc_3cols_20211228_164127_3350181970_600_800.png,18pabc_3cols_20211228_164127_3350181970_600_800_mask.png,"mative    framework,   permanently"
55,4,111,8,336,522,447,530,336,522,447,522,447,530,336,530,sub_line_text,text,text_9,arial,regular,7,18pabc_3cols_20211228_164127_3350181970_600_800.png,/scratch/parceirosbr/bigoilict/share/BigOil/document_generator/datasets/documents_2021_12_28/18pabc_3cols_20211228_164127_3350181970_600_800.png,18pabc_3cols_20211228_164127_3350181970_600_800_mask.png,"updated,  which  covers  the areas"
55,4,111,8,336,535,447,543,336,535,447,535,447,543,336,543,sub_line_text,text,text_9,arial,regular,7,18pabc_3cols_20211228_164127_3350181970_600_800.png,/scratch/parceirosbr/bigoilict/share/BigOil/document_generator/datasets/documents_2021_12_28/18pabc_3cols_20211228_164127_3350181970_600_800.png,18pabc_3cols_20211228_164127_3350181970_600_800_mask.png,of  quality  and  safety of the syst-
55,4,111,8,336,548,447,556,336,548,447,548,447,556,336,556,sub_line_text,text,text_9,arial,regular,7,18pabc_3cols_20211228_164127_3350181970_600_800.png,/scratch/parceirosbr/bigoilict/share/BigOil/document_generator/datasets/documents_2021_12_28/18pabc_3cols_20211228_164127_3350181970_600_800.png,18pabc_3cols_20211228_164127_3350181970_600_800_mask.png,ems  used  in  the country. It pres-
55,4,111,8,336,561,447,569,336,561,447,561,447,569,336,569,sub_line_text,text,text_9,arial,regular,7,18pabc_3cols_20211228_164127_3350181970_600_800.png,/scratch/parceirosbr/bigoilict/share/BigOil/document_generator/datasets/documents_2021_12_28/18pabc_3cols_20211228_164127_3350181970_600_800.png,18pabc_3cols_20211228_164127_3350181970_600_800_mask.png,ents  details  in a chronological o-
55,4,111,8,336,574,447,582,336,574,447,574,447,582,336,582,sub_line_text,text,text_9,arial,regular,7,18pabc_3cols_20211228_164127_3350181970_600_800.png,/scratch/parceirosbr/bigoilict/share/BigOil/document_generator/datasets/documents_2021_12_28/18pabc_3cols_20211228_164127_3350181970_600_800.png,18pabc_3cols_20211228_164127_3350181970_600_800_mask.png,"rder,  building  up  over time the fr-"
51,4,103,8,336,587,439,595,336,587,439,587,439,595,336,595,sub_line_text,text,text_9,arial,regular,7,18pabc_3cols_20211228_164127_3350181970_600_800.png,/scratch/parceirosbr/bigoilict/share/BigOil/document_generator/datasets/documents_2021_12_28/18pabc_3cols_20211228_164127_3350181970_600_800.png,18pabc_3cols_20211228_164127_3350181970_600_800_mask.png,amework of legislation relevant.
56,56,112,112,336,483,448,595,336,483,448,483,448,595,336,595,text,text,text_9,arial,regular,7,18pabc_3cols_20211228_164127_3350181970_600_800.png,/scratch/parceirosbr/bigoilict/share/BigOil/document_generator/datasets/documents_2021_12_28/18pabc_3cols_20211228_164127_3350181970_600_800.png,18pabc_3cols_20211228_164127_3350181970_600_800_mask.png,nan
48,4,97,8,350,602,447,610,350,602,447,602,447,610,350,610,sub_line_text,text,text_10,arial,regular,7,18pabc_3cols_20211228_164127_3350181970_600_800.png,/scratch/parceirosbr/bigoilict/share/BigOil/document_generator/datasets/documents_2021_12_28/18pabc_3cols_20211228_164127_3350181970_600_800.png,18pabc_3cols_20211228_164127_3350181970_600_800_mask.png,A  produção de óleo diesel a-
54,4,108,8,336,615,444,623,336,615,444,615,444,623,336,623,sub_line_text,text,text_10,arial,regular,7,18pabc_3cols_20211228_164127_3350181970_600_800.png,/scratch/parceirosbr/bigoilict/share/BigOil/document_generator/datasets/documents_2021_12_28/18pabc_3cols_20211228_164127_3350181970_600_800.png,18pabc_3cols_20211228_164127_3350181970_600_800_mask.png,"umentou 2,7% e a de gasolina 5,."
55,10,111,21,336,602,447,623,336,602,447,602,447,623,336,623,text,text,text_10,arial,regular,7,18pabc_3cols_20211228_164127_3350181970_600_800.png,/scratch/parceirosbr/bigoilict/share/BigOil/document_generator/datasets/documents_2021_12_28/18pabc_3cols_20211228_164127_3350181970_600_800.png,18pabc_3cols_20211228_164127_3350181970_600_800_mask.png,nan
