center_x,center_y,width,height,xmin,ymin,xmax,ymax,top_left_x,top_left_y,top_right_x,top_right_y,bottom_right_x,bottom_right_y,bottom_left_x,bottom_left_y,label,grouplabel,group,text_font,text_style,size_font,filename,path,filename_mask,content
300,400,600,800,0,0,600,800,0,0,600,0,600,800,0,800,document,,,,,,18pabc_3cols_20211228_164140_5502766941_600_800.png,/scratch/parceirosbr/bigoilict/share/BigOil/document_generator/datasets/documents_2021_12_28/18pabc_3cols_20211228_164140_5502766941_600_800.png,18pabc_3cols_20211228_164140_5502766941_600_800_mask.png,
185,11,371,22,152,105,523,127,152,105,523,105,523,127,152,127,sub_line_text,title,title_0,opensans,bold,16,18pabc_3cols_20211228_164140_5502766941_600_800.png,/scratch/parceirosbr/bigoilict/share/BigOil/document_generator/datasets/documents_2021_12_28/18pabc_3cols_20211228_164140_5502766941_600_800.png,18pabc_3cols_20211228_164140_5502766941_600_800_mask.png,Sediment    precipitation   strongly   influenced
82,11,164,22,152,136,316,158,152,136,316,136,316,158,152,158,sub_line_text,title,title_0,opensans,bold,16,18pabc_3cols_20211228_164140_5502766941_600_800.png,/scratch/parceirosbr/bigoilict/share/BigOil/document_generator/datasets/documents_2021_12_28/18pabc_3cols_20211228_164140_5502766941_600_800.png,18pabc_3cols_20211228_164140_5502766941_600_800_mask.png,the oceanic currents
185,26,371,53,152,105,523,158,152,105,523,105,523,158,152,158,title,title,title_0,opensans,bold,16,18pabc_3cols_20211228_164140_5502766941_600_800.png,/scratch/parceirosbr/bigoilict/share/BigOil/document_generator/datasets/documents_2021_12_28/18pabc_3cols_20211228_164140_5502766941_600_800.png,18pabc_3cols_20211228_164140_5502766941_600_800_mask.png,nan
40,8,81,17,167,163,248,180,167,163,248,163,248,180,167,180,sub_line_text,subtitle,subtitle_0,opensans,italic,13,18pabc_3cols_20211228_164140_5502766941_600_800.png,/scratch/parceirosbr/bigoilict/share/BigOil/document_generator/datasets/documents_2021_12_28/18pabc_3cols_20211228_164140_5502766941_600_800.png,18pabc_3cols_20211228_164140_5502766941_600_800_mask.png,"Entanto, esses"
40,8,81,17,167,163,248,180,167,163,248,163,248,180,167,180,title,subtitle,subtitle_0,opensans,italic,13,18pabc_3cols_20211228_164140_5502766941_600_800.png,/scratch/parceirosbr/bigoilict/share/BigOil/document_generator/datasets/documents_2021_12_28/18pabc_3cols_20211228_164140_5502766941_600_800.png,18pabc_3cols_20211228_164140_5502766941_600_800_mask.png,nan
47,6,94,12,166,185,260,197,166,185,260,185,260,197,166,197,sub_line_text,text,text_0,opensans,regular,9,18pabc_3cols_20211228_164140_5502766941_600_800.png,/scratch/parceirosbr/bigoilict/share/BigOil/document_generator/datasets/documents_2021_12_28/18pabc_3cols_20211228_164140_5502766941_600_800.png,18pabc_3cols_20211228_164140_5502766941_600_800_mask.png,And  investigations  on
54,6,108,12,152,202,260,214,152,202,260,202,260,214,152,214,sub_line_text,text,text_0,opensans,regular,9,18pabc_3cols_20211228_164140_5502766941_600_800.png,/scratch/parceirosbr/bigoilict/share/BigOil/document_generator/datasets/documents_2021_12_28/18pabc_3cols_20211228_164140_5502766941_600_800.png,18pabc_3cols_20211228_164140_5502766941_600_800_mask.png,two-phase    flow   regimes
53,6,107,12,152,219,259,231,152,219,259,219,259,231,152,231,sub_line_text,text,text_0,opensans,regular,9,18pabc_3cols_20211228_164140_5502766941_600_800.png,/scratch/parceirosbr/bigoilict/share/BigOil/document_generator/datasets/documents_2021_12_28/18pabc_3cols_20211228_164140_5502766941_600_800.png,18pabc_3cols_20211228_164140_5502766941_600_800_mask.png,in  vertical  and horizontal
54,6,108,12,152,236,260,248,152,236,260,236,260,248,152,248,sub_line_text,text,text_0,opensans,regular,9,18pabc_3cols_20211228_164140_5502766941_600_800.png,/scratch/parceirosbr/bigoilict/share/BigOil/document_generator/datasets/documents_2021_12_28/18pabc_3cols_20211228_164140_5502766941_600_800.png,18pabc_3cols_20211228_164140_5502766941_600_800_mask.png,tubes.   Os   polímeros  são
53,6,107,12,152,253,259,265,152,253,259,253,259,265,152,265,sub_line_text,text,text_0,opensans,regular,9,18pabc_3cols_20211228_164140_5502766941_600_800.png,/scratch/parceirosbr/bigoilict/share/BigOil/document_generator/datasets/documents_2021_12_28/18pabc_3cols_20211228_164140_5502766941_600_800.png,18pabc_3cols_20211228_164140_5502766941_600_800_mask.png,substâncias  de  alto  peso
53,6,107,12,152,270,259,282,152,270,259,270,259,282,152,282,sub_line_text,text,text_0,opensans,regular,9,18pabc_3cols_20211228_164140_5502766941_600_800.png,/scratch/parceirosbr/bigoilict/share/BigOil/document_generator/datasets/documents_2021_12_28/18pabc_3cols_20211228_164140_5502766941_600_800.png,18pabc_3cols_20211228_164140_5502766941_600_800_mask.png,molecular   (também  cha-
54,6,108,12,152,287,260,299,152,287,260,287,260,299,152,299,sub_line_text,text,text_0,opensans,regular,9,18pabc_3cols_20211228_164140_5502766941_600_800.png,/scratch/parceirosbr/bigoilict/share/BigOil/document_generator/datasets/documents_2021_12_28/18pabc_3cols_20211228_164140_5502766941_600_800.png,18pabc_3cols_20211228_164140_5502766941_600_800_mask.png,madas  de  macromolécul-
54,6,109,12,152,304,261,316,152,304,261,304,261,316,152,316,sub_line_text,text,text_0,opensans,regular,9,18pabc_3cols_20211228_164140_5502766941_600_800.png,/scratch/parceirosbr/bigoilict/share/BigOil/document_generator/datasets/documents_2021_12_28/18pabc_3cols_20211228_164140_5502766941_600_800.png,18pabc_3cols_20211228_164140_5502766941_600_800_mask.png,"as), que são provenientes."
54,65,109,131,152,185,261,316,152,185,261,185,261,316,152,316,text,text,text_0,opensans,regular,9,18pabc_3cols_20211228_164140_5502766941_600_800.png,/scratch/parceirosbr/bigoilict/share/BigOil/document_generator/datasets/documents_2021_12_28/18pabc_3cols_20211228_164140_5502766941_600_800.png,18pabc_3cols_20211228_164140_5502766941_600_800_mask.png,nan
35,7,70,15,172,321,242,336,172,321,242,321,242,336,172,336,sub_line_text,subsubtitle,subsubtitle_0,opensans,italic,11,18pabc_3cols_20211228_164140_5502766941_600_800.png,/scratch/parceirosbr/bigoilict/share/BigOil/document_generator/datasets/documents_2021_12_28/18pabc_3cols_20211228_164140_5502766941_600_800.png,18pabc_3cols_20211228_164140_5502766941_600_800_mask.png,Representando
23,7,46,15,172,342,218,357,172,342,218,342,218,357,172,357,sub_line_text,subsubtitle,subsubtitle_0,opensans,italic,11,18pabc_3cols_20211228_164140_5502766941_600_800.png,/scratch/parceirosbr/bigoilict/share/BigOil/document_generator/datasets/documents_2021_12_28/18pabc_3cols_20211228_164140_5502766941_600_800.png,18pabc_3cols_20211228_164140_5502766941_600_800_mask.png,substrato
35,18,70,36,172,321,242,357,172,321,242,321,242,357,172,357,title,subsubtitle,subsubtitle_0,opensans,italic,11,18pabc_3cols_20211228_164140_5502766941_600_800.png,/scratch/parceirosbr/bigoilict/share/BigOil/document_generator/datasets/documents_2021_12_28/18pabc_3cols_20211228_164140_5502766941_600_800.png,18pabc_3cols_20211228_164140_5502766941_600_800_mask.png,nan
47,6,95,12,166,362,261,374,166,362,261,362,261,374,166,374,sub_line_text,text,text_1,opensans,regular,9,18pabc_3cols_20211228_164140_5502766941_600_800.png,/scratch/parceirosbr/bigoilict/share/BigOil/document_generator/datasets/documents_2021_12_28/18pabc_3cols_20211228_164140_5502766941_600_800.png,18pabc_3cols_20211228_164140_5502766941_600_800_mask.png,"Consumidor,  além dos"
53,6,107,12,152,379,259,391,152,379,259,379,259,391,152,391,sub_line_text,text,text_1,opensans,regular,9,18pabc_3cols_20211228_164140_5502766941_600_800.png,/scratch/parceirosbr/bigoilict/share/BigOil/document_generator/datasets/documents_2021_12_28/18pabc_3cols_20211228_164140_5502766941_600_800.png,18pabc_3cols_20211228_164140_5502766941_600_800_mask.png,dados  referentes  aos pr-
53,6,107,12,152,396,259,408,152,396,259,396,259,408,152,408,sub_line_text,text,text_1,opensans,regular,9,18pabc_3cols_20211228_164140_5502766941_600_800.png,/scratch/parceirosbr/bigoilict/share/BigOil/document_generator/datasets/documents_2021_12_28/18pabc_3cols_20211228_164140_5502766941_600_800.png,18pabc_3cols_20211228_164140_5502766941_600_800_mask.png,ocessos      administrativos
54,6,108,12,152,413,260,425,152,413,260,413,260,425,152,425,sub_line_text,text,text_1,opensans,regular,9,18pabc_3cols_20211228_164140_5502766941_600_800.png,/scratch/parceirosbr/bigoilict/share/BigOil/document_generator/datasets/documents_2021_12_28/18pabc_3cols_20211228_164140_5502766941_600_800.png,18pabc_3cols_20211228_164140_5502766941_600_800_mask.png,sancionadores  e  à aplica-
54,6,108,12,152,430,260,442,152,430,260,430,260,442,152,442,sub_line_text,text,text_1,opensans,regular,9,18pabc_3cols_20211228_164140_5502766941_600_800.png,/scratch/parceirosbr/bigoilict/share/BigOil/document_generator/datasets/documents_2021_12_28/18pabc_3cols_20211228_164140_5502766941_600_800.png,18pabc_3cols_20211228_164140_5502766941_600_800_mask.png,ção  de  penalidades  mais
54,6,108,12,152,447,260,459,152,447,260,447,260,459,152,459,sub_line_text,text,text_1,opensans,regular,9,18pabc_3cols_20211228_164140_5502766941_600_800.png,/scratch/parceirosbr/bigoilict/share/BigOil/document_generator/datasets/documents_2021_12_28/18pabc_3cols_20211228_164140_5502766941_600_800.png,18pabc_3cols_20211228_164140_5502766941_600_800_mask.png,"contundentes,  a exemplo"
51,6,102,12,152,464,254,476,152,464,254,464,254,476,152,476,sub_line_text,text,text_1,opensans,regular,9,18pabc_3cols_20211228_164140_5502766941_600_800.png,/scratch/parceirosbr/bigoilict/share/BigOil/document_generator/datasets/documents_2021_12_28/18pabc_3cols_20211228_164140_5502766941_600_800.png,18pabc_3cols_20211228_164140_5502766941_600_800_mask.png,de suspensão e revogaç.
54,57,109,114,152,362,261,476,152,362,261,362,261,476,152,476,text,text,text_1,opensans,regular,9,18pabc_3cols_20211228_164140_5502766941_600_800.png,/scratch/parceirosbr/bigoilict/share/BigOil/document_generator/datasets/documents_2021_12_28/18pabc_3cols_20211228_164140_5502766941_600_800.png,18pabc_3cols_20211228_164140_5502766941_600_800_mask.png,nan
33,5,66,10,152,481,218,491,152,481,218,481,218,491,152,491,sub_line_text,figure_legend,figure_0,opensans,italic,8,18pabc_3cols_20211228_164140_5502766941_600_800.png,/scratch/parceirosbr/bigoilict/share/BigOil/document_generator/datasets/documents_2021_12_28/18pabc_3cols_20211228_164140_5502766941_600_800.png,18pabc_3cols_20211228_164140_5502766941_600_800_mask.png,"Fig. 85:  Além disso,"
33,5,66,10,152,481,218,491,152,481,218,481,218,491,152,491,text,figure_legend,figure_0,opensans,italic,8,18pabc_3cols_20211228_164140_5502766941_600_800.png,/scratch/parceirosbr/bigoilict/share/BigOil/document_generator/datasets/documents_2021_12_28/18pabc_3cols_20211228_164140_5502766941_600_800.png,18pabc_3cols_20211228_164140_5502766941_600_800_mask.png,nan
35,53,71,107,172,496,243,603,172,496,243,496,243,603,172,603,image,figure_image,figure_0,,,,18pabc_3cols_20211228_164140_5502766941_600_800.png,/scratch/parceirosbr/bigoilict/share/BigOil/document_generator/datasets/documents_2021_12_28/18pabc_3cols_20211228_164140_5502766941_600_800.png,18pabc_3cols_20211228_164140_5502766941_600_800_mask.png,output/gen_img_20211228_164141_1420977788.png
9,2,19,5,206,510,225,515,206,511,225,510,225,515,206,515,text,figure_text,figure_0,,,,18pabc_3cols_20211228_164140_5502766941_600_800.png,/scratch/parceirosbr/bigoilict/share/BigOil/document_generator/datasets/documents_2021_12_28/18pabc_3cols_20211228_164140_5502766941_600_800.png,18pabc_3cols_20211228_164140_5502766941_600_800_mask.png,Water [ML]
9,2,19,5,206,510,225,515,206,511,225,510,225,515,206,515,sub_line_text,figure_text,figure_0,,,,18pabc_3cols_20211228_164140_5502766941_600_800.png,/scratch/parceirosbr/bigoilict/share/BigOil/document_generator/datasets/documents_2021_12_28/18pabc_3cols_20211228_164140_5502766941_600_800.png,18pabc_3cols_20211228_164140_5502766941_600_800_mask.png,Water [ML]
9,2,18,4,204,581,222,585,204,581,222,581,222,585,204,585,text,figure_text,figure_0,,,,18pabc_3cols_20211228_164140_5502766941_600_800.png,/scratch/parceirosbr/bigoilict/share/BigOil/document_generator/datasets/documents_2021_12_28/18pabc_3cols_20211228_164140_5502766941_600_800.png,18pabc_3cols_20211228_164140_5502766941_600_800_mask.png,-5275.414
9,2,18,4,204,581,222,585,204,581,222,581,222,585,204,585,sub_line_text,figure_text,figure_0,,,,18pabc_3cols_20211228_164140_5502766941_600_800.png,/scratch/parceirosbr/bigoilict/share/BigOil/document_generator/datasets/documents_2021_12_28/18pabc_3cols_20211228_164140_5502766941_600_800.png,18pabc_3cols_20211228_164140_5502766941_600_800_mask.png,-5275.414
3,2,6,4,205,567,211,571,205,567,211,567,211,571,205,571,text,figure_text,figure_0,,,,18pabc_3cols_20211228_164140_5502766941_600_800.png,/scratch/parceirosbr/bigoilict/share/BigOil/document_generator/datasets/documents_2021_12_28/18pabc_3cols_20211228_164140_5502766941_600_800.png,18pabc_3cols_20211228_164140_5502766941_600_800_mask.png,-6%
3,2,6,4,205,567,211,571,205,567,211,567,211,571,205,571,sub_line_text,figure_text,figure_0,,,,18pabc_3cols_20211228_164140_5502766941_600_800.png,/scratch/parceirosbr/bigoilict/share/BigOil/document_generator/datasets/documents_2021_12_28/18pabc_3cols_20211228_164140_5502766941_600_800.png,18pabc_3cols_20211228_164140_5502766941_600_800_mask.png,-6%
4,2,8,4,228,519,236,523,228,519,236,519,236,523,228,523,text,figure_text,figure_0,,,,18pabc_3cols_20211228_164140_5502766941_600_800.png,/scratch/parceirosbr/bigoilict/share/BigOil/document_generator/datasets/documents_2021_12_28/18pabc_3cols_20211228_164140_5502766941_600_800.png,18pabc_3cols_20211228_164140_5502766941_600_800_mask.png,-58%
4,2,8,4,228,519,236,523,228,519,236,519,236,523,228,523,sub_line_text,figure_text,figure_0,,,,18pabc_3cols_20211228_164140_5502766941_600_800.png,/scratch/parceirosbr/bigoilict/share/BigOil/document_generator/datasets/documents_2021_12_28/18pabc_3cols_20211228_164140_5502766941_600_800.png,18pabc_3cols_20211228_164140_5502766941_600_800_mask.png,-58%
6,2,13,4,193,556,206,560,193,556,206,556,206,560,193,560,text,figure_text,figure_0,,,,18pabc_3cols_20211228_164140_5502766941_600_800.png,/scratch/parceirosbr/bigoilict/share/BigOil/document_generator/datasets/documents_2021_12_28/18pabc_3cols_20211228_164140_5502766941_600_800.png,18pabc_3cols_20211228_164140_5502766941_600_800_mask.png,-4975%
6,2,13,4,193,556,206,560,193,556,206,556,206,560,193,560,sub_line_text,figure_text,figure_0,,,,18pabc_3cols_20211228_164140_5502766941_600_800.png,/scratch/parceirosbr/bigoilict/share/BigOil/document_generator/datasets/documents_2021_12_28/18pabc_3cols_20211228_164140_5502766941_600_800.png,18pabc_3cols_20211228_164140_5502766941_600_800_mask.png,-4975%
6,1,13,3,179,525,192,528,179,524,192,525,192,528,179,528,text,figure_text,figure_0,,,,18pabc_3cols_20211228_164140_5502766941_600_800.png,/scratch/parceirosbr/bigoilict/share/BigOil/document_generator/datasets/documents_2021_12_28/18pabc_3cols_20211228_164140_5502766941_600_800.png,18pabc_3cols_20211228_164140_5502766941_600_800_mask.png,-7771%
6,1,13,3,179,525,192,528,179,524,192,525,192,528,179,528,sub_line_text,figure_text,figure_0,,,,18pabc_3cols_20211228_164140_5502766941_600_800.png,/scratch/parceirosbr/bigoilict/share/BigOil/document_generator/datasets/documents_2021_12_28/18pabc_3cols_20211228_164140_5502766941_600_800.png,18pabc_3cols_20211228_164140_5502766941_600_800_mask.png,-7771%
6,1,13,3,223,503,236,506,223,502,236,503,236,507,222,506,text,figure_text,figure_0,,,,18pabc_3cols_20211228_164140_5502766941_600_800.png,/scratch/parceirosbr/bigoilict/share/BigOil/document_generator/datasets/documents_2021_12_28/18pabc_3cols_20211228_164140_5502766941_600_800.png,18pabc_3cols_20211228_164140_5502766941_600_800_mask.png,Mixture
6,1,13,3,223,503,236,506,223,502,236,503,236,507,222,506,sub_line_text,figure_text,figure_0,,,,18pabc_3cols_20211228_164140_5502766941_600_800.png,/scratch/parceirosbr/bigoilict/share/BigOil/document_generator/datasets/documents_2021_12_28/18pabc_3cols_20211228_164140_5502766941_600_800.png,18pabc_3cols_20211228_164140_5502766941_600_800_mask.png,Mixture
8,2,16,5,217,554,233,559,217,555,233,554,233,558,217,559,text,figure_text,figure_0,,,,18pabc_3cols_20211228_164140_5502766941_600_800.png,/scratch/parceirosbr/bigoilict/share/BigOil/document_generator/datasets/documents_2021_12_28/18pabc_3cols_20211228_164140_5502766941_600_800.png,18pabc_3cols_20211228_164140_5502766941_600_800_mask.png,-7032.4%
8,2,16,5,217,554,233,559,217,555,233,554,233,558,217,559,sub_line_text,figure_text,figure_0,,,,18pabc_3cols_20211228_164140_5502766941_600_800.png,/scratch/parceirosbr/bigoilict/share/BigOil/document_generator/datasets/documents_2021_12_28/18pabc_3cols_20211228_164140_5502766941_600_800.png,18pabc_3cols_20211228_164140_5502766941_600_800_mask.png,-7032.4%
47,6,94,12,166,608,260,620,166,608,260,608,260,620,166,620,sub_line_text,text,text_2,opensans,regular,9,18pabc_3cols_20211228_164140_5502766941_600_800.png,/scratch/parceirosbr/bigoilict/share/BigOil/document_generator/datasets/documents_2021_12_28/18pabc_3cols_20211228_164140_5502766941_600_800.png,18pabc_3cols_20211228_164140_5502766941_600_800_mask.png,A  análise  de carbona-
52,6,104,12,152,625,256,637,152,625,256,625,256,637,152,637,sub_line_text,text,text_2,opensans,regular,9,18pabc_3cols_20211228_164140_5502766941_600_800.png,/scratch/parceirosbr/bigoilict/share/BigOil/document_generator/datasets/documents_2021_12_28/18pabc_3cols_20211228_164140_5502766941_600_800.png,18pabc_3cols_20211228_164140_5502766941_600_800_mask.png,tos totais seguiu a metod.
54,14,108,29,152,608,260,637,152,608,260,608,260,637,152,637,text,text,text_2,opensans,regular,9,18pabc_3cols_20211228_164140_5502766941_600_800.png,/scratch/parceirosbr/bigoilict/share/BigOil/document_generator/datasets/documents_2021_12_28/18pabc_3cols_20211228_164140_5502766941_600_800.png,18pabc_3cols_20211228_164140_5502766941_600_800_mask.png,nan
45,6,90,12,166,642,256,654,166,642,256,642,256,654,166,654,sub_line_text,text,text_3,opensans,regular,9,18pabc_3cols_20211228_164140_5502766941_600_800.png,/scratch/parceirosbr/bigoilict/share/BigOil/document_generator/datasets/documents_2021_12_28/18pabc_3cols_20211228_164140_5502766941_600_800.png,18pabc_3cols_20211228_164140_5502766941_600_800_mask.png,A liderou a produção.
45,6,90,12,166,642,256,654,166,642,256,642,256,654,166,654,text,text,text_3,opensans,regular,9,18pabc_3cols_20211228_164140_5502766941_600_800.png,/scratch/parceirosbr/bigoilict/share/BigOil/document_generator/datasets/documents_2021_12_28/18pabc_3cols_20211228_164140_5502766941_600_800.png,18pabc_3cols_20211228_164140_5502766941_600_800_mask.png,nan
47,6,94,12,297,163,391,175,297,163,391,163,391,175,297,175,sub_line_text,text,text_4,opensans,regular,9,18pabc_3cols_20211228_164140_5502766941_600_800.png,/scratch/parceirosbr/bigoilict/share/BigOil/document_generator/datasets/documents_2021_12_28/18pabc_3cols_20211228_164140_5502766941_600_800.png,18pabc_3cols_20211228_164140_5502766941_600_800_mask.png,Ageometria   desse  co-
53,6,107,12,283,180,390,192,283,180,390,180,390,192,283,192,sub_line_text,text,text_4,opensans,regular,9,18pabc_3cols_20211228_164140_5502766941_600_800.png,/scratch/parceirosbr/bigoilict/share/BigOil/document_generator/datasets/documents_2021_12_28/18pabc_3cols_20211228_164140_5502766941_600_800.png,18pabc_3cols_20211228_164140_5502766941_600_800_mask.png,rpo  pode  ser  observada
54,6,108,12,283,197,391,209,283,197,391,197,391,209,283,209,sub_line_text,text,text_4,opensans,regular,9,18pabc_3cols_20211228_164140_5502766941_600_800.png,/scratch/parceirosbr/bigoilict/share/BigOil/document_generator/datasets/documents_2021_12_28/18pabc_3cols_20211228_164140_5502766941_600_800.png,18pabc_3cols_20211228_164140_5502766941_600_800_mask.png,na  figura  3.1.  será empr-
54,6,108,12,283,214,391,226,283,214,391,214,391,226,283,226,sub_line_text,text,text_4,opensans,regular,9,18pabc_3cols_20211228_164140_5502766941_600_800.png,/scratch/parceirosbr/bigoilict/share/BigOil/document_generator/datasets/documents_2021_12_28/18pabc_3cols_20211228_164140_5502766941_600_800.png,18pabc_3cols_20211228_164140_5502766941_600_800_mask.png,egado  umnavio tipo cujos
51,6,103,12,283,231,386,243,283,231,386,231,386,243,283,243,sub_line_text,text,text_4,opensans,regular,9,18pabc_3cols_20211228_164140_5502766941_600_800.png,/scratch/parceirosbr/bigoilict/share/BigOil/document_generator/datasets/documents_2021_12_28/18pabc_3cols_20211228_164140_5502766941_600_800.png,18pabc_3cols_20211228_164140_5502766941_600_800_mask.png,dados podem ser achad.
54,40,108,80,283,163,391,243,283,163,391,163,391,243,283,243,text,text,text_4,opensans,regular,9,18pabc_3cols_20211228_164140_5502766941_600_800.png,/scratch/parceirosbr/bigoilict/share/BigOil/document_generator/datasets/documents_2021_12_28/18pabc_3cols_20211228_164140_5502766941_600_800.png,18pabc_3cols_20211228_164140_5502766941_600_800_mask.png,nan
47,5,95,10,283,248,378,258,283,248,378,248,378,258,283,258,sub_line_text,figure_legend,figure_1,opensans,italic,8,18pabc_3cols_20211228_164140_5502766941_600_800.png,/scratch/parceirosbr/bigoilict/share/BigOil/document_generator/datasets/documents_2021_12_28/18pabc_3cols_20211228_164140_5502766941_600_800.png,18pabc_3cols_20211228_164140_5502766941_600_800_mask.png,Figura    82:      Catalisado-
47,5,95,10,283,262,378,272,283,262,378,262,378,272,283,272,sub_line_text,figure_legend,figure_1,opensans,italic,8,18pabc_3cols_20211228_164140_5502766941_600_800.png,/scratch/parceirosbr/bigoilict/share/BigOil/document_generator/datasets/documents_2021_12_28/18pabc_3cols_20211228_164140_5502766941_600_800.png,18pabc_3cols_20211228_164140_5502766941_600_800_mask.png,res   para  a  produção  de
47,5,95,10,283,276,378,286,283,276,378,276,378,286,283,286,sub_line_text,figure_legend,figure_1,opensans,italic,8,18pabc_3cols_20211228_164140_5502766941_600_800.png,/scratch/parceirosbr/bigoilict/share/BigOil/document_generator/datasets/documents_2021_12_28/18pabc_3cols_20211228_164140_5502766941_600_800.png,18pabc_3cols_20211228_164140_5502766941_600_800_mask.png,ácido    acético    a   partir
47,5,95,10,283,290,378,300,283,290,378,290,378,300,283,300,sub_line_text,figure_legend,figure_1,opensans,italic,8,18pabc_3cols_20211228_164140_5502766941_600_800.png,/scratch/parceirosbr/bigoilict/share/BigOil/document_generator/datasets/documents_2021_12_28/18pabc_3cols_20211228_164140_5502766941_600_800.png,18pabc_3cols_20211228_164140_5502766941_600_800_mask.png,"da    oxidação   de   etano,"
43,5,86,10,283,304,369,314,283,304,369,304,369,314,283,314,sub_line_text,figure_legend,figure_1,opensans,italic,8,18pabc_3cols_20211228_164140_5502766941_600_800.png,/scratch/parceirosbr/bigoilict/share/BigOil/document_generator/datasets/documents_2021_12_28/18pabc_3cols_20211228_164140_5502766941_600_800.png,18pabc_3cols_20211228_164140_5502766941_600_800_mask.png,sua produção e método
47,33,95,66,283,248,378,314,283,248,378,248,378,314,283,314,text,figure_legend,figure_1,opensans,italic,8,18pabc_3cols_20211228_164140_5502766941_600_800.png,/scratch/parceirosbr/bigoilict/share/BigOil/document_generator/datasets/documents_2021_12_28/18pabc_3cols_20211228_164140_5502766941_600_800.png,18pabc_3cols_20211228_164140_5502766941_600_800_mask.png,nan
30,71,60,142,308,319,368,461,308,319,368,319,368,461,308,461,image,figure_image,figure_1,,,,18pabc_3cols_20211228_164140_5502766941_600_800.png,/scratch/parceirosbr/bigoilict/share/BigOil/document_generator/datasets/documents_2021_12_28/18pabc_3cols_20211228_164140_5502766941_600_800.png,18pabc_3cols_20211228_164140_5502766941_600_800_mask.png,output/gen_img_20211228_164142_5720798307.png
22,2,45,5,320,431,365,436,320,431,365,431,365,436,320,436,text,figure_text,figure_1,,,,18pabc_3cols_20211228_164140_5502766941_600_800.png,/scratch/parceirosbr/bigoilict/share/BigOil/document_generator/datasets/documents_2021_12_28/18pabc_3cols_20211228_164140_5502766941_600_800.png,18pabc_3cols_20211228_164140_5502766941_600_800_mask.png,Processing [MB]
22,2,45,5,320,431,365,436,320,431,365,431,365,436,320,436,sub_line_text,figure_text,figure_1,,,,18pabc_3cols_20211228_164140_5502766941_600_800.png,/scratch/parceirosbr/bigoilict/share/BigOil/document_generator/datasets/documents_2021_12_28/18pabc_3cols_20211228_164140_5502766941_600_800.png,18pabc_3cols_20211228_164140_5502766941_600_800_mask.png,Processing [MB]
16,3,33,6,314,349,347,355,314,349,347,349,347,355,314,355,text,figure_text,figure_1,,,,18pabc_3cols_20211228_164140_5502766941_600_800.png,/scratch/parceirosbr/bigoilict/share/BigOil/document_generator/datasets/documents_2021_12_28/18pabc_3cols_20211228_164140_5502766941_600_800.png,18pabc_3cols_20211228_164140_5502766941_600_800_mask.png,Speed ​​[v]
16,3,33,6,314,349,347,355,314,349,347,349,347,355,314,355,sub_line_text,figure_text,figure_1,,,,18pabc_3cols_20211228_164140_5502766941_600_800.png,/scratch/parceirosbr/bigoilict/share/BigOil/document_generator/datasets/documents_2021_12_28/18pabc_3cols_20211228_164140_5502766941_600_800.png,18pabc_3cols_20211228_164140_5502766941_600_800_mask.png,Speed ​​[v]
7,2,15,4,344,417,359,421,344,417,359,417,359,421,344,421,text,figure_text,figure_1,,,,18pabc_3cols_20211228_164140_5502766941_600_800.png,/scratch/parceirosbr/bigoilict/share/BigOil/document_generator/datasets/documents_2021_12_28/18pabc_3cols_20211228_164140_5502766941_600_800.png,18pabc_3cols_20211228_164140_5502766941_600_800_mask.png,-4300
7,2,15,4,344,417,359,421,344,417,359,417,359,421,344,421,sub_line_text,figure_text,figure_1,,,,18pabc_3cols_20211228_164140_5502766941_600_800.png,/scratch/parceirosbr/bigoilict/share/BigOil/document_generator/datasets/documents_2021_12_28/18pabc_3cols_20211228_164140_5502766941_600_800.png,18pabc_3cols_20211228_164140_5502766941_600_800_mask.png,-4300
15,2,30,5,330,392,360,397,330,392,360,392,360,397,330,397,text,figure_text,figure_1,,,,18pabc_3cols_20211228_164140_5502766941_600_800.png,/scratch/parceirosbr/bigoilict/share/BigOil/document_generator/datasets/documents_2021_12_28/18pabc_3cols_20211228_164140_5502766941_600_800.png,18pabc_3cols_20211228_164140_5502766941_600_800_mask.png,Energy (V)
15,2,30,5,330,392,360,397,330,392,360,392,360,397,330,397,sub_line_text,figure_text,figure_1,,,,18pabc_3cols_20211228_164140_5502766941_600_800.png,/scratch/parceirosbr/bigoilict/share/BigOil/document_generator/datasets/documents_2021_12_28/18pabc_3cols_20211228_164140_5502766941_600_800.png,18pabc_3cols_20211228_164140_5502766941_600_800_mask.png,Energy (V)
10,2,21,5,313,379,334,384,313,379,334,379,334,384,313,384,text,figure_text,figure_1,,,,18pabc_3cols_20211228_164140_5502766941_600_800.png,/scratch/parceirosbr/bigoilict/share/BigOil/document_generator/datasets/documents_2021_12_28/18pabc_3cols_20211228_164140_5502766941_600_800.png,18pabc_3cols_20211228_164140_5502766941_600_800_mask.png,Support
10,2,21,5,313,379,334,384,313,379,334,379,334,384,313,384,sub_line_text,figure_text,figure_1,,,,18pabc_3cols_20211228_164140_5502766941_600_800.png,/scratch/parceirosbr/bigoilict/share/BigOil/document_generator/datasets/documents_2021_12_28/18pabc_3cols_20211228_164140_5502766941_600_800.png,18pabc_3cols_20211228_164140_5502766941_600_800_mask.png,Support
12,2,24,5,313,419,337,424,313,419,337,419,337,424,313,424,text,figure_text,figure_1,,,,18pabc_3cols_20211228_164140_5502766941_600_800.png,/scratch/parceirosbr/bigoilict/share/BigOil/document_generator/datasets/documents_2021_12_28/18pabc_3cols_20211228_164140_5502766941_600_800.png,18pabc_3cols_20211228_164140_5502766941_600_800_mask.png,Salinity
12,2,24,5,313,419,337,424,313,419,337,419,337,424,313,424,sub_line_text,figure_text,figure_1,,,,18pabc_3cols_20211228_164140_5502766941_600_800.png,/scratch/parceirosbr/bigoilict/share/BigOil/document_generator/datasets/documents_2021_12_28/18pabc_3cols_20211228_164140_5502766941_600_800.png,18pabc_3cols_20211228_164140_5502766941_600_800_mask.png,Salinity
16,2,33,5,322,365,355,370,322,365,355,365,355,370,322,370,text,figure_text,figure_1,,,,18pabc_3cols_20211228_164140_5502766941_600_800.png,/scratch/parceirosbr/bigoilict/share/BigOil/document_generator/datasets/documents_2021_12_28/18pabc_3cols_20211228_164140_5502766941_600_800.png,18pabc_3cols_20211228_164140_5502766941_600_800_mask.png,Volume [TB]
16,2,33,5,322,365,355,370,322,365,355,365,355,370,322,370,sub_line_text,figure_text,figure_1,,,,18pabc_3cols_20211228_164140_5502766941_600_800.png,/scratch/parceirosbr/bigoilict/share/BigOil/document_generator/datasets/documents_2021_12_28/18pabc_3cols_20211228_164140_5502766941_600_800.png,18pabc_3cols_20211228_164140_5502766941_600_800_mask.png,Volume [TB]
55,33,111,66,283,466,394,532,283,466,394,466,394,532,283,532,list,list,list_1,opensans,opensans,8,18pabc_3cols_20211228_164140_5502766941_600_800.png,/scratch/parceirosbr/bigoilict/share/BigOil/document_generator/datasets/documents_2021_12_28/18pabc_3cols_20211228_164140_5502766941_600_800.png,18pabc_3cols_20211228_164140_5502766941_600_800_mask.png,
55,5,110,10,283,466,393,476,283,466,393,466,393,476,283,476,sub_line_text,list,list_1,opensans,italic,8,18pabc_3cols_20211228_164140_5502766941_600_800.png,/scratch/parceirosbr/bigoilict/share/BigOil/document_generator/datasets/documents_2021_12_28/18pabc_3cols_20211228_164140_5502766941_600_800.png,18pabc_3cols_20211228_164140_5502766941_600_800_mask.png,10.   A   penalidade   pode   ser
47,5,95,10,299,480,394,490,299,480,394,480,394,490,299,490,sub_line_text,list,list_1,opensans,italic,8,18pabc_3cols_20211228_164140_5502766941_600_800.png,/scratch/parceirosbr/bigoilict/share/BigOil/document_generator/datasets/documents_2021_12_28/18pabc_3cols_20211228_164140_5502766941_600_800.png,18pabc_3cols_20211228_164140_5502766941_600_800_mask.png,estendida    às    empresas
47,5,95,10,299,494,394,504,299,494,394,494,394,504,299,504,sub_line_text,list,list_1,opensans,italic,8,18pabc_3cols_20211228_164140_5502766941_600_800.png,/scratch/parceirosbr/bigoilict/share/BigOil/document_generator/datasets/documents_2021_12_28/18pabc_3cols_20211228_164140_5502766941_600_800.png,18pabc_3cols_20211228_164140_5502766941_600_800_mask.png,afiliadas      da     empresa
47,5,94,10,299,508,393,518,299,508,393,508,393,518,299,518,sub_line_text,list,list_1,opensans,italic,8,18pabc_3cols_20211228_164140_5502766941_600_800.png,/scratch/parceirosbr/bigoilict/share/BigOil/document_generator/datasets/documents_2021_12_28/18pabc_3cols_20211228_164140_5502766941_600_800.png,18pabc_3cols_20211228_164140_5502766941_600_800_mask.png,infratora    e    prorrogada
26,5,53,10,299,522,352,532,299,522,352,522,352,532,299,532,sub_line_text,list,list_1,opensans,italic,8,18pabc_3cols_20211228_164140_5502766941_600_800.png,/scratch/parceirosbr/bigoilict/share/BigOil/document_generator/datasets/documents_2021_12_28/18pabc_3cols_20211228_164140_5502766941_600_800.png,18pabc_3cols_20211228_164140_5502766941_600_800_mask.png,caso persista a
47,6,94,12,297,537,391,549,297,537,391,537,391,549,297,549,sub_line_text,text,text_5,opensans,regular,9,18pabc_3cols_20211228_164140_5502766941_600_800.png,/scratch/parceirosbr/bigoilict/share/BigOil/document_generator/datasets/documents_2021_12_28/18pabc_3cols_20211228_164140_5502766941_600_800.png,18pabc_3cols_20211228_164140_5502766941_600_800_mask.png,"Paraíba  do  a  qual, de"
55,6,110,12,283,554,393,566,283,554,393,554,393,566,283,566,sub_line_text,text,text_5,opensans,regular,9,18pabc_3cols_20211228_164140_5502766941_600_800.png,/scratch/parceirosbr/bigoilict/share/BigOil/document_generator/datasets/documents_2021_12_28/18pabc_3cols_20211228_164140_5502766941_600_800.png,18pabc_3cols_20211228_164140_5502766941_600_800_mask.png,acordo  com se mostra ma-
54,6,108,12,283,571,391,583,283,571,391,571,391,583,283,583,sub_line_text,text,text_5,opensans,regular,9,18pabc_3cols_20211228_164140_5502766941_600_800.png,/scratch/parceirosbr/bigoilict/share/BigOil/document_generator/datasets/documents_2021_12_28/18pabc_3cols_20211228_164140_5502766941_600_800.png,18pabc_3cols_20211228_164140_5502766941_600_800_mask.png,is  significativa  a  partir de
54,6,108,12,283,588,391,600,283,588,391,588,391,600,283,600,sub_line_text,text,text_5,opensans,regular,9,18pabc_3cols_20211228_164140_5502766941_600_800.png,/scratch/parceirosbr/bigoilict/share/BigOil/document_generator/datasets/documents_2021_12_28/18pabc_3cols_20211228_164140_5502766941_600_800.png,18pabc_3cols_20211228_164140_5502766941_600_800_mask.png,dezembro  (após  a  satur-
53,6,106,12,283,605,389,617,283,605,389,605,389,617,283,617,sub_line_text,text,text_5,opensans,regular,9,18pabc_3cols_20211228_164140_5502766941_600_800.png,/scratch/parceirosbr/bigoilict/share/BigOil/document_generator/datasets/documents_2021_12_28/18pabc_3cols_20211228_164140_5502766941_600_800.png,18pabc_3cols_20211228_164140_5502766941_600_800_mask.png,ação dos solos) até março.
55,40,110,80,283,537,393,617,283,537,393,537,393,617,283,617,text,text,text_5,opensans,regular,9,18pabc_3cols_20211228_164140_5502766941_600_800.png,/scratch/parceirosbr/bigoilict/share/BigOil/document_generator/datasets/documents_2021_12_28/18pabc_3cols_20211228_164140_5502766941_600_800.png,18pabc_3cols_20211228_164140_5502766941_600_800_mask.png,nan
46,6,93,12,297,622,390,634,297,622,390,622,390,634,297,634,sub_line_text,text,text_6,opensans,regular,9,18pabc_3cols_20211228_164140_5502766941_600_800.png,/scratch/parceirosbr/bigoilict/share/BigOil/document_generator/datasets/documents_2021_12_28/18pabc_3cols_20211228_164140_5502766941_600_800.png,18pabc_3cols_20211228_164140_5502766941_600_800_mask.png,Se  o valor do parâme-
48,6,96,12,283,639,379,651,283,639,379,639,379,651,283,651,sub_line_text,text,text_6,opensans,regular,9,18pabc_3cols_20211228_164140_5502766941_600_800.png,/scratch/parceirosbr/bigoilict/share/BigOil/document_generator/datasets/documents_2021_12_28/18pabc_3cols_20211228_164140_5502766941_600_800.png,18pabc_3cols_20211228_164140_5502766941_600_800_mask.png,tro de pico for igual a 1.
53,14,107,29,283,622,390,651,283,622,390,622,390,651,283,651,text,text,text_6,opensans,regular,9,18pabc_3cols_20211228_164140_5502766941_600_800.png,/scratch/parceirosbr/bigoilict/share/BigOil/document_generator/datasets/documents_2021_12_28/18pabc_3cols_20211228_164140_5502766941_600_800.png,18pabc_3cols_20211228_164140_5502766941_600_800_mask.png,nan
47,6,94,12,428,163,522,175,428,163,522,163,522,175,428,175,sub_line_text,text,text_7,opensans,regular,9,18pabc_3cols_20211228_164140_5502766941_600_800.png,/scratch/parceirosbr/bigoilict/share/BigOil/document_generator/datasets/documents_2021_12_28/18pabc_3cols_20211228_164140_5502766941_600_800.png,18pabc_3cols_20211228_164140_5502766941_600_800_mask.png,A  permanência  de  p-
54,6,108,12,414,180,522,192,414,180,522,180,522,192,414,192,sub_line_text,text,text_7,opensans,regular,9,18pabc_3cols_20211228_164140_5502766941_600_800.png,/scratch/parceirosbr/bigoilict/share/BigOil/document_generator/datasets/documents_2021_12_28/18pabc_3cols_20211228_164140_5502766941_600_800.png,18pabc_3cols_20211228_164140_5502766941_600_800_mask.png,arcela  significativa  do  se-
54,6,108,12,414,197,522,209,414,197,522,197,522,209,414,209,sub_line_text,text,text_7,opensans,regular,9,18pabc_3cols_20211228_164140_5502766941_600_800.png,/scratch/parceirosbr/bigoilict/share/BigOil/document_generator/datasets/documents_2021_12_28/18pabc_3cols_20211228_164140_5502766941_600_800.png,18pabc_3cols_20211228_164140_5502766941_600_800_mask.png,tor  como  monopólio do r-
53,6,107,12,414,214,521,226,414,214,521,214,521,226,414,226,sub_line_text,text,text_7,opensans,regular,9,18pabc_3cols_20211228_164140_5502766941_600_800.png,/scratch/parceirosbr/bigoilict/share/BigOil/document_generator/datasets/documents_2021_12_28/18pabc_3cols_20211228_164140_5502766941_600_800.png,18pabc_3cols_20211228_164140_5502766941_600_800_mask.png,eflete  a  relevância confe-
52,6,104,12,414,231,518,243,414,231,518,231,518,243,414,243,sub_line_text,text,text_7,opensans,regular,9,18pabc_3cols_20211228_164140_5502766941_600_800.png,/scratch/parceirosbr/bigoilict/share/BigOil/document_generator/datasets/documents_2021_12_28/18pabc_3cols_20211228_164140_5502766941_600_800.png,18pabc_3cols_20211228_164140_5502766941_600_800_mask.png,rida pelo legislador ao se.
54,40,108,80,414,163,522,243,414,163,522,163,522,243,414,243,text,text,text_7,opensans,regular,9,18pabc_3cols_20211228_164140_5502766941_600_800.png,/scratch/parceirosbr/bigoilict/share/BigOil/document_generator/datasets/documents_2021_12_28/18pabc_3cols_20211228_164140_5502766941_600_800.png,18pabc_3cols_20211228_164140_5502766941_600_800_mask.png,nan
43,5,86,10,414,248,500,258,414,248,500,248,500,258,414,258,sub_line_text,figure_legend,figure_2,opensans,italic,8,18pabc_3cols_20211228_164140_5502766941_600_800.png,/scratch/parceirosbr/bigoilict/share/BigOil/document_generator/datasets/documents_2021_12_28/18pabc_3cols_20211228_164140_5502766941_600_800.png,18pabc_3cols_20211228_164140_5502766941_600_800_mask.png,Fig.    15:       Desenvolve-
42,5,85,10,414,262,499,272,414,262,499,262,499,272,414,272,sub_line_text,figure_legend,figure_2,opensans,italic,8,18pabc_3cols_20211228_164140_5502766941_600_800.png,/scratch/parceirosbr/bigoilict/share/BigOil/document_generator/datasets/documents_2021_12_28/18pabc_3cols_20211228_164140_5502766941_600_800.png,18pabc_3cols_20211228_164140_5502766941_600_800_mask.png,unovas    unidades    de
43,5,86,10,414,276,500,286,414,276,500,276,500,286,414,286,sub_line_text,figure_legend,figure_2,opensans,italic,8,18pabc_3cols_20211228_164140_5502766941_600_800.png,/scratch/parceirosbr/bigoilict/share/BigOil/document_generator/datasets/documents_2021_12_28/18pabc_3cols_20211228_164140_5502766941_600_800.png,18pabc_3cols_20211228_164140_5502766941_600_800_mask.png,refino    a   fim   deproc-
33,5,66,10,414,290,480,300,414,290,480,290,480,300,414,300,sub_line_text,figure_legend,figure_2,opensans,italic,8,18pabc_3cols_20211228_164140_5502766941_600_800.png,/scratch/parceirosbr/bigoilict/share/BigOil/document_generator/datasets/documents_2021_12_28/18pabc_3cols_20211228_164140_5502766941_600_800.png,18pabc_3cols_20211228_164140_5502766941_600_800_mask.png,essar o máximo de
43,26,86,52,414,248,500,300,414,248,500,248,500,300,414,300,text,figure_legend,figure_2,opensans,italic,8,18pabc_3cols_20211228_164140_5502766941_600_800.png,/scratch/parceirosbr/bigoilict/share/BigOil/document_generator/datasets/documents_2021_12_28/18pabc_3cols_20211228_164140_5502766941_600_800.png,18pabc_3cols_20211228_164140_5502766941_600_800_mask.png,nan
21,42,42,84,448,305,490,389,448,305,490,305,490,389,448,389,image,figure_image,figure_2,,,,18pabc_3cols_20211228_164140_5502766941_600_800.png,/scratch/parceirosbr/bigoilict/share/BigOil/document_generator/datasets/documents_2021_12_28/18pabc_3cols_20211228_164140_5502766941_600_800.png,18pabc_3cols_20211228_164140_5502766941_600_800_mask.png,output/gen_img_20211228_164144_7285913546.png
8,2,17,4,455,310,472,314,455,310,472,310,472,314,455,314,text,figure_text,figure_2,,,,18pabc_3cols_20211228_164140_5502766941_600_800.png,/scratch/parceirosbr/bigoilict/share/BigOil/document_generator/datasets/documents_2021_12_28/18pabc_3cols_20211228_164140_5502766941_600_800.png,18pabc_3cols_20211228_164140_5502766941_600_800_mask.png,-8592.787
8,2,17,4,455,310,472,314,455,310,472,310,472,314,455,314,sub_line_text,figure_text,figure_2,,,,18pabc_3cols_20211228_164140_5502766941_600_800.png,/scratch/parceirosbr/bigoilict/share/BigOil/document_generator/datasets/documents_2021_12_28/18pabc_3cols_20211228_164140_5502766941_600_800.png,18pabc_3cols_20211228_164140_5502766941_600_800_mask.png,-8592.787
4,2,9,4,450,333,459,337,450,333,459,333,459,337,450,337,text,figure_text,figure_2,,,,18pabc_3cols_20211228_164140_5502766941_600_800.png,/scratch/parceirosbr/bigoilict/share/BigOil/document_generator/datasets/documents_2021_12_28/18pabc_3cols_20211228_164140_5502766941_600_800.png,18pabc_3cols_20211228_164140_5502766941_600_800_mask.png,Profit
4,2,9,4,450,333,459,337,450,333,459,333,459,337,450,337,sub_line_text,figure_text,figure_2,,,,18pabc_3cols_20211228_164140_5502766941_600_800.png,/scratch/parceirosbr/bigoilict/share/BigOil/document_generator/datasets/documents_2021_12_28/18pabc_3cols_20211228_164140_5502766941_600_800.png,18pabc_3cols_20211228_164140_5502766941_600_800_mask.png,Profit
8,2,16,5,472,354,488,359,472,354,488,354,488,359,472,359,text,figure_text,figure_2,,,,18pabc_3cols_20211228_164140_5502766941_600_800.png,/scratch/parceirosbr/bigoilict/share/BigOil/document_generator/datasets/documents_2021_12_28/18pabc_3cols_20211228_164140_5502766941_600_800.png,18pabc_3cols_20211228_164140_5502766941_600_800_mask.png,-8549.6%
8,2,16,5,472,354,488,359,472,354,488,354,488,359,472,359,sub_line_text,figure_text,figure_2,,,,18pabc_3cols_20211228_164140_5502766941_600_800.png,/scratch/parceirosbr/bigoilict/share/BigOil/document_generator/datasets/documents_2021_12_28/18pabc_3cols_20211228_164140_5502766941_600_800.png,18pabc_3cols_20211228_164140_5502766941_600_800_mask.png,-8549.6%
9,2,18,4,451,370,469,374,451,370,469,370,469,374,451,374,text,figure_text,figure_2,,,,18pabc_3cols_20211228_164140_5502766941_600_800.png,/scratch/parceirosbr/bigoilict/share/BigOil/document_generator/datasets/documents_2021_12_28/18pabc_3cols_20211228_164140_5502766941_600_800.png,18pabc_3cols_20211228_164140_5502766941_600_800_mask.png,Numbers 
9,2,18,4,451,370,469,374,451,370,469,370,469,374,451,374,sub_line_text,figure_text,figure_2,,,,18pabc_3cols_20211228_164140_5502766941_600_800.png,/scratch/parceirosbr/bigoilict/share/BigOil/document_generator/datasets/documents_2021_12_28/18pabc_3cols_20211228_164140_5502766941_600_800.png,18pabc_3cols_20211228_164140_5502766941_600_800_mask.png,Numbers 
8,2,17,4,450,348,467,352,450,348,467,348,467,352,450,352,text,figure_text,figure_2,,,,18pabc_3cols_20211228_164140_5502766941_600_800.png,/scratch/parceirosbr/bigoilict/share/BigOil/document_generator/datasets/documents_2021_12_28/18pabc_3cols_20211228_164140_5502766941_600_800.png,18pabc_3cols_20211228_164140_5502766941_600_800_mask.png,-3572.814
8,2,17,4,450,348,467,352,450,348,467,348,467,352,450,352,sub_line_text,figure_text,figure_2,,,,18pabc_3cols_20211228_164140_5502766941_600_800.png,/scratch/parceirosbr/bigoilict/share/BigOil/document_generator/datasets/documents_2021_12_28/18pabc_3cols_20211228_164140_5502766941_600_800.png,18pabc_3cols_20211228_164140_5502766941_600_800_mask.png,-3572.814
6,2,12,4,468,329,480,333,468,329,480,329,480,333,468,333,text,figure_text,figure_2,,,,18pabc_3cols_20211228_164140_5502766941_600_800.png,/scratch/parceirosbr/bigoilict/share/BigOil/document_generator/datasets/documents_2021_12_28/18pabc_3cols_20211228_164140_5502766941_600_800.png,18pabc_3cols_20211228_164140_5502766941_600_800_mask.png,-5283%
6,2,12,4,468,329,480,333,468,329,480,329,480,333,468,333,sub_line_text,figure_text,figure_2,,,,18pabc_3cols_20211228_164140_5502766941_600_800.png,/scratch/parceirosbr/bigoilict/share/BigOil/document_generator/datasets/documents_2021_12_28/18pabc_3cols_20211228_164140_5502766941_600_800.png,18pabc_3cols_20211228_164140_5502766941_600_800_mask.png,-5283%
7,2,14,4,465,323,479,327,465,323,479,323,479,327,465,327,text,figure_text,figure_2,,,,18pabc_3cols_20211228_164140_5502766941_600_800.png,/scratch/parceirosbr/bigoilict/share/BigOil/document_generator/datasets/documents_2021_12_28/18pabc_3cols_20211228_164140_5502766941_600_800.png,18pabc_3cols_20211228_164140_5502766941_600_800_mask.png,-444.8%
7,2,14,4,465,323,479,327,465,323,479,323,479,327,465,327,sub_line_text,figure_text,figure_2,,,,18pabc_3cols_20211228_164140_5502766941_600_800.png,/scratch/parceirosbr/bigoilict/share/BigOil/document_generator/datasets/documents_2021_12_28/18pabc_3cols_20211228_164140_5502766941_600_800.png,18pabc_3cols_20211228_164140_5502766941_600_800_mask.png,-444.8%
8,2,16,4,473,381,489,385,473,381,489,381,489,385,473,385,text,figure_text,figure_2,,,,18pabc_3cols_20211228_164140_5502766941_600_800.png,/scratch/parceirosbr/bigoilict/share/BigOil/document_generator/datasets/documents_2021_12_28/18pabc_3cols_20211228_164140_5502766941_600_800.png,18pabc_3cols_20211228_164140_5502766941_600_800_mask.png,-5125.4%
8,2,16,4,473,381,489,385,473,381,489,381,489,385,473,385,sub_line_text,figure_text,figure_2,,,,18pabc_3cols_20211228_164140_5502766941_600_800.png,/scratch/parceirosbr/bigoilict/share/BigOil/document_generator/datasets/documents_2021_12_28/18pabc_3cols_20211228_164140_5502766941_600_800.png,18pabc_3cols_20211228_164140_5502766941_600_800_mask.png,-5125.4%
47,6,94,12,428,394,522,406,428,394,522,394,522,406,428,406,sub_line_text,text,text_8,opensans,regular,9,18pabc_3cols_20211228_164140_5502766941_600_800.png,/scratch/parceirosbr/bigoilict/share/BigOil/document_generator/datasets/documents_2021_12_28/18pabc_3cols_20211228_164140_5502766941_600_800.png,18pabc_3cols_20211228_164140_5502766941_600_800_mask.png,Com  estes  dados será
53,6,107,12,414,411,521,423,414,411,521,411,521,423,414,423,sub_line_text,text,text_8,opensans,regular,9,18pabc_3cols_20211228_164140_5502766941_600_800.png,/scratch/parceirosbr/bigoilict/share/BigOil/document_generator/datasets/documents_2021_12_28/18pabc_3cols_20211228_164140_5502766941_600_800.png,18pabc_3cols_20211228_164140_5502766941_600_800_mask.png,definida  uma  mistura bi-
54,6,108,12,414,428,522,440,414,428,522,428,522,440,414,440,sub_line_text,text,text_8,opensans,regular,9,18pabc_3cols_20211228_164140_5502766941_600_800.png,/scratch/parceirosbr/bigoilict/share/BigOil/document_generator/datasets/documents_2021_12_28/18pabc_3cols_20211228_164140_5502766941_600_800.png,18pabc_3cols_20211228_164140_5502766941_600_800_mask.png,fásica  com  composição gl-
53,6,107,12,414,445,521,457,414,445,521,445,521,457,414,457,sub_line_text,text,text_8,opensans,regular,9,18pabc_3cols_20211228_164140_5502766941_600_800.png,/scratch/parceirosbr/bigoilict/share/BigOil/document_generator/datasets/documents_2021_12_28/18pabc_3cols_20211228_164140_5502766941_600_800.png,18pabc_3cols_20211228_164140_5502766941_600_800_mask.png,obal  conhecida e adicion-
54,6,108,12,414,462,522,474,414,462,522,462,522,474,414,474,sub_line_text,text,text_8,opensans,regular,9,18pabc_3cols_20211228_164140_5502766941_600_800.png,/scratch/parceirosbr/bigoilict/share/BigOil/document_generator/datasets/documents_2021_12_28/18pabc_3cols_20211228_164140_5502766941_600_800.png,18pabc_3cols_20211228_164140_5502766941_600_800_mask.png,"ada à célula de equilíbrio,."
54,40,108,80,414,394,522,474,414,394,522,394,522,474,414,474,text,text,text_8,opensans,regular,9,18pabc_3cols_20211228_164140_5502766941_600_800.png,/scratch/parceirosbr/bigoilict/share/BigOil/document_generator/datasets/documents_2021_12_28/18pabc_3cols_20211228_164140_5502766941_600_800.png,18pabc_3cols_20211228_164140_5502766941_600_800_mask.png,nan
47,6,94,12,428,479,522,491,428,479,522,479,522,491,428,491,sub_line_text,text,text_9,opensans,regular,9,18pabc_3cols_20211228_164140_5502766941_600_800.png,/scratch/parceirosbr/bigoilict/share/BigOil/document_generator/datasets/documents_2021_12_28/18pabc_3cols_20211228_164140_5502766941_600_800.png,18pabc_3cols_20211228_164140_5502766941_600_800_mask.png,"Em   2010,  o  índice  de"
53,6,107,12,414,496,521,508,414,496,521,496,521,508,414,508,sub_line_text,text,text_9,opensans,regular,9,18pabc_3cols_20211228_164140_5502766941_600_800.png,/scratch/parceirosbr/bigoilict/share/BigOil/document_generator/datasets/documents_2021_12_28/18pabc_3cols_20211228_164140_5502766941_600_800.png,18pabc_3cols_20211228_164140_5502766941_600_800_mask.png,não  conformidade  era 2-
53,6,107,12,414,513,521,525,414,513,521,513,521,525,414,525,sub_line_text,text,text_9,opensans,regular,9,18pabc_3cols_20211228_164140_5502766941_600_800.png,/scratch/parceirosbr/bigoilict/share/BigOil/document_generator/datasets/documents_2021_12_28/18pabc_3cols_20211228_164140_5502766941_600_800.png,18pabc_3cols_20211228_164140_5502766941_600_800_mask.png,",2%  quase  cinco vezes m-"
54,6,108,12,414,530,522,542,414,530,522,530,522,542,414,542,sub_line_text,text,text_9,opensans,regular,9,18pabc_3cols_20211228_164140_5502766941_600_800.png,/scratch/parceirosbr/bigoilict/share/BigOil/document_generator/datasets/documents_2021_12_28/18pabc_3cols_20211228_164140_5502766941_600_800.png,18pabc_3cols_20211228_164140_5502766941_600_800_mask.png,enor  que o registrado em
54,6,108,12,414,547,522,559,414,547,522,547,522,559,414,559,sub_line_text,text,text_9,opensans,regular,9,18pabc_3cols_20211228_164140_5502766941_600_800.png,/scratch/parceirosbr/bigoilict/share/BigOil/document_generator/datasets/documents_2021_12_28/18pabc_3cols_20211228_164140_5502766941_600_800.png,18pabc_3cols_20211228_164140_5502766941_600_800_mask.png,"2001  (10,3%  de  amostras"
33,6,67,12,414,564,481,576,414,564,481,564,481,576,414,576,sub_line_text,text,text_9,opensans,regular,9,18pabc_3cols_20211228_164140_5502766941_600_800.png,/scratch/parceirosbr/bigoilict/share/BigOil/document_generator/datasets/documents_2021_12_28/18pabc_3cols_20211228_164140_5502766941_600_800.png,18pabc_3cols_20211228_164140_5502766941_600_800_mask.png,não conformes).
54,48,108,97,414,479,522,576,414,479,522,479,522,576,414,576,text,text,text_9,opensans,regular,9,18pabc_3cols_20211228_164140_5502766941_600_800.png,/scratch/parceirosbr/bigoilict/share/BigOil/document_generator/datasets/documents_2021_12_28/18pabc_3cols_20211228_164140_5502766941_600_800.png,18pabc_3cols_20211228_164140_5502766941_600_800_mask.png,nan
46,6,93,12,428,581,521,593,428,581,521,581,521,593,428,593,sub_line_text,text,text_10,opensans,regular,9,18pabc_3cols_20211228_164140_5502766941_600_800.png,/scratch/parceirosbr/bigoilict/share/BigOil/document_generator/datasets/documents_2021_12_28/18pabc_3cols_20211228_164140_5502766941_600_800.png,18pabc_3cols_20211228_164140_5502766941_600_800_mask.png,As  modificações  no  c-
54,6,108,12,414,598,522,610,414,598,522,598,522,610,414,610,sub_line_text,text,text_10,opensans,regular,9,18pabc_3cols_20211228_164140_5502766941_600_800.png,/scratch/parceirosbr/bigoilict/share/BigOil/document_generator/datasets/documents_2021_12_28/18pabc_3cols_20211228_164140_5502766941_600_800.png,18pabc_3cols_20211228_164140_5502766941_600_800_mask.png,ódigo   fonte   do  software
54,6,108,12,414,615,522,627,414,615,522,615,522,627,414,627,sub_line_text,text,text_10,opensans,regular,9,18pabc_3cols_20211228_164140_5502766941_600_800.png,/scratch/parceirosbr/bigoilict/share/BigOil/document_generator/datasets/documents_2021_12_28/18pabc_3cols_20211228_164140_5502766941_600_800.png,18pabc_3cols_20211228_164140_5502766941_600_800_mask.png,especificadas    anteriorm-
51,6,103,12,414,632,517,644,414,632,517,632,517,644,414,644,sub_line_text,text,text_10,opensans,regular,9,18pabc_3cols_20211228_164140_5502766941_600_800.png,/scratch/parceirosbr/bigoilict/share/BigOil/document_generator/datasets/documents_2021_12_28/18pabc_3cols_20211228_164140_5502766941_600_800.png,18pabc_3cols_20211228_164140_5502766941_600_800_mask.png,"ente, possibilitaram a pa."
54,31,108,63,414,581,522,644,414,581,522,581,522,644,414,644,text,text,text_10,opensans,regular,9,18pabc_3cols_20211228_164140_5502766941_600_800.png,/scratch/parceirosbr/bigoilict/share/BigOil/document_generator/datasets/documents_2021_12_28/18pabc_3cols_20211228_164140_5502766941_600_800.png,18pabc_3cols_20211228_164140_5502766941_600_800_mask.png,nan
44,6,88,12,428,649,516,661,428,649,516,649,516,661,428,661,sub_line_text,text,text_11,opensans,regular,9,18pabc_3cols_20211228_164140_5502766941_600_800.png,/scratch/parceirosbr/bigoilict/share/BigOil/document_generator/datasets/documents_2021_12_28/18pabc_3cols_20211228_164140_5502766941_600_800.png,18pabc_3cols_20211228_164140_5502766941_600_800_mask.png,"Em particular, calcul-."
44,6,88,12,428,649,516,661,428,649,516,649,516,661,428,661,text,text,text_11,opensans,regular,9,18pabc_3cols_20211228_164140_5502766941_600_800.png,/scratch/parceirosbr/bigoilict/share/BigOil/document_generator/datasets/documents_2021_12_28/18pabc_3cols_20211228_164140_5502766941_600_800.png,18pabc_3cols_20211228_164140_5502766941_600_800_mask.png,nan
