center_x,center_y,width,height,xmin,ymin,xmax,ymax,top_left_x,top_left_y,top_right_x,top_right_y,bottom_right_x,bottom_right_y,bottom_left_x,bottom_left_y,label,grouplabel,group,text_font,text_style,size_font,filename,path,filename_mask,content
300,400,600,800,0,0,600,800,0,0,600,0,600,800,0,800,document,,,,,,19co3fig2_20211228_164150_7461617828_600_800.png,/scratch/parceirosbr/bigoilict/share/BigOil/document_generator/datasets/documents_2021_12_28/19co3fig2_20211228_164150_7461617828_600_800.png,19co3fig2_20211228_164150_7461617828_600_800_mask.png,
115,63,230,127,65,552,295,679,65,552,295,552,295,679,65,679,image,figure_image,figure_0,,,,19co3fig2_20211228_164150_7461617828_600_800.png,/scratch/parceirosbr/bigoilict/share/BigOil/document_generator/datasets/documents_2021_12_28/19co3fig2_20211228_164150_7461617828_600_800.png,19co3fig2_20211228_164150_7461617828_600_800_mask.png,output/gen_img_20211228_164150_6435403545.png
1,-9,2,-19,95,605,97,586,95,584,103,605,97,607,89,586,text,figure_text,figure_0,,,,19co3fig2_20211228_164150_7461617828_600_800.png,/scratch/parceirosbr/bigoilict/share/BigOil/document_generator/datasets/documents_2021_12_28/19co3fig2_20211228_164150_7461617828_600_800.png,19co3fig2_20211228_164150_7461617828_600_800_mask.png,Male (km)
1,-9,2,-19,95,605,97,586,95,584,103,605,97,607,89,586,sub_line_text,figure_text,figure_0,,,,19co3fig2_20211228_164150_7461617828_600_800.png,/scratch/parceirosbr/bigoilict/share/BigOil/document_generator/datasets/documents_2021_12_28/19co3fig2_20211228_164150_7461617828_600_800.png,19co3fig2_20211228_164150_7461617828_600_800_mask.png,Male (km)
1,-9,3,-19,108,597,111,578,108,576,116,597,111,599,104,578,text,figure_text,figure_0,,,,19co3fig2_20211228_164150_7461617828_600_800.png,/scratch/parceirosbr/bigoilict/share/BigOil/document_generator/datasets/documents_2021_12_28/19co3fig2_20211228_164150_7461617828_600_800.png,19co3fig2_20211228_164150_7461617828_600_800_mask.png,-6847.881
1,-9,3,-19,108,597,111,578,108,576,116,597,111,599,104,578,sub_line_text,figure_text,figure_0,,,,19co3fig2_20211228_164150_7461617828_600_800.png,/scratch/parceirosbr/bigoilict/share/BigOil/document_generator/datasets/documents_2021_12_28/19co3fig2_20211228_164150_7461617828_600_800.png,19co3fig2_20211228_164150_7461617828_600_800_mask.png,-6847.881
4,-18,8,-37,169,661,177,624,169,622,183,661,177,664,163,624,text,figure_text,figure_0,,,,19co3fig2_20211228_164150_7461617828_600_800.png,/scratch/parceirosbr/bigoilict/share/BigOil/document_generator/datasets/documents_2021_12_28/19co3fig2_20211228_164150_7461617828_600_800.png,19co3fig2_20211228_164150_7461617828_600_800_mask.png,Consumption (MB)
4,-18,8,-37,169,661,177,624,169,622,183,661,177,664,163,624,sub_line_text,figure_text,figure_0,,,,19co3fig2_20211228_164150_7461617828_600_800.png,/scratch/parceirosbr/bigoilict/share/BigOil/document_generator/datasets/documents_2021_12_28/19co3fig2_20211228_164150_7461617828_600_800.png,19co3fig2_20211228_164150_7461617828_600_800_mask.png,Consumption (MB)
3,-14,7,-29,220,615,227,586,220,584,231,615,227,617,216,586,text,figure_text,figure_0,,,,19co3fig2_20211228_164150_7461617828_600_800.png,/scratch/parceirosbr/bigoilict/share/BigOil/document_generator/datasets/documents_2021_12_28/19co3fig2_20211228_164150_7461617828_600_800.png,19co3fig2_20211228_164150_7461617828_600_800_mask.png,Transmittance
3,-14,7,-29,220,615,227,586,220,584,231,615,227,617,216,586,sub_line_text,figure_text,figure_0,,,,19co3fig2_20211228_164150_7461617828_600_800.png,/scratch/parceirosbr/bigoilict/share/BigOil/document_generator/datasets/documents_2021_12_28/19co3fig2_20211228_164150_7461617828_600_800.png,19co3fig2_20211228_164150_7461617828_600_800_mask.png,Transmittance
0,-7,1,-15,157,573,158,558,157,557,162,573,158,574,152,558,text,figure_text,figure_0,,,,19co3fig2_20211228_164150_7461617828_600_800.png,/scratch/parceirosbr/bigoilict/share/BigOil/document_generator/datasets/documents_2021_12_28/19co3fig2_20211228_164150_7461617828_600_800.png,19co3fig2_20211228_164150_7461617828_600_800_mask.png,Reason
0,-7,1,-15,157,573,158,558,157,557,162,573,158,574,152,558,sub_line_text,figure_text,figure_0,,,,19co3fig2_20211228_164150_7461617828_600_800.png,/scratch/parceirosbr/bigoilict/share/BigOil/document_generator/datasets/documents_2021_12_28/19co3fig2_20211228_164150_7461617828_600_800.png,19co3fig2_20211228_164150_7461617828_600_800_mask.png,Reason
1,-10,3,-21,215,660,218,639,215,637,223,660,218,662,210,639,text,figure_text,figure_0,,,,19co3fig2_20211228_164150_7461617828_600_800.png,/scratch/parceirosbr/bigoilict/share/BigOil/document_generator/datasets/documents_2021_12_28/19co3fig2_20211228_164150_7461617828_600_800.png,19co3fig2_20211228_164150_7461617828_600_800_mask.png,Production
1,-10,3,-21,215,660,218,639,215,637,223,660,218,662,210,639,sub_line_text,figure_text,figure_0,,,,19co3fig2_20211228_164150_7461617828_600_800.png,/scratch/parceirosbr/bigoilict/share/BigOil/document_generator/datasets/documents_2021_12_28/19co3fig2_20211228_164150_7461617828_600_800.png,19co3fig2_20211228_164150_7461617828_600_800_mask.png,Production
0,-7,1,-15,149,669,150,654,149,653,154,669,150,670,144,654,text,figure_text,figure_0,,,,19co3fig2_20211228_164150_7461617828_600_800.png,/scratch/parceirosbr/bigoilict/share/BigOil/document_generator/datasets/documents_2021_12_28/19co3fig2_20211228_164150_7461617828_600_800.png,19co3fig2_20211228_164150_7461617828_600_800_mask.png,-3437.9
0,-7,1,-15,149,669,150,654,149,653,154,669,150,670,144,654,sub_line_text,figure_text,figure_0,,,,19co3fig2_20211228_164150_7461617828_600_800.png,/scratch/parceirosbr/bigoilict/share/BigOil/document_generator/datasets/documents_2021_12_28/19co3fig2_20211228_164150_7461617828_600_800.png,19co3fig2_20211228_164150_7461617828_600_800_mask.png,-3437.9
4,-18,8,-36,244,637,252,601,244,598,258,637,252,639,239,601,text,figure_text,figure_0,,,,19co3fig2_20211228_164150_7461617828_600_800.png,/scratch/parceirosbr/bigoilict/share/BigOil/document_generator/datasets/documents_2021_12_28/19co3fig2_20211228_164150_7461617828_600_800.png,19co3fig2_20211228_164150_7461617828_600_800_mask.png,Temperature (a.c)
4,-18,8,-36,244,637,252,601,244,598,258,637,252,639,239,601,sub_line_text,figure_text,figure_0,,,,19co3fig2_20211228_164150_7461617828_600_800.png,/scratch/parceirosbr/bigoilict/share/BigOil/document_generator/datasets/documents_2021_12_28/19co3fig2_20211228_164150_7461617828_600_800.png,19co3fig2_20211228_164150_7461617828_600_800_mask.png,Temperature (a.c)
1,-9,2,-19,144,610,146,591,144,590,152,610,146,612,139,591,text,figure_text,figure_0,,,,19co3fig2_20211228_164150_7461617828_600_800.png,/scratch/parceirosbr/bigoilict/share/BigOil/document_generator/datasets/documents_2021_12_28/19co3fig2_20211228_164150_7461617828_600_800.png,19co3fig2_20211228_164150_7461617828_600_800_mask.png,Male [km]
1,-9,2,-19,144,610,146,591,144,590,152,610,146,612,139,591,sub_line_text,figure_text,figure_0,,,,19co3fig2_20211228_164150_7461617828_600_800.png,/scratch/parceirosbr/bigoilict/share/BigOil/document_generator/datasets/documents_2021_12_28/19co3fig2_20211228_164150_7461617828_600_800.png,19co3fig2_20211228_164150_7461617828_600_800_mask.png,Male [km]
0,-7,1,-15,248,587,249,572,248,570,254,587,249,589,242,572,text,figure_text,figure_0,,,,19co3fig2_20211228_164150_7461617828_600_800.png,/scratch/parceirosbr/bigoilict/share/BigOil/document_generator/datasets/documents_2021_12_28/19co3fig2_20211228_164150_7461617828_600_800.png,19co3fig2_20211228_164150_7461617828_600_800_mask.png,Training
0,-7,1,-15,248,587,249,572,248,570,254,587,249,589,242,572,sub_line_text,figure_text,figure_0,,,,19co3fig2_20211228_164150_7461617828_600_800.png,/scratch/parceirosbr/bigoilict/share/BigOil/document_generator/datasets/documents_2021_12_28/19co3fig2_20211228_164150_7461617828_600_800.png,19co3fig2_20211228_164150_7461617828_600_800_mask.png,Training
0,-7,0,-15,125,648,125,633,125,632,131,648,125,650,119,633,text,figure_text,figure_0,,,,19co3fig2_20211228_164150_7461617828_600_800.png,/scratch/parceirosbr/bigoilict/share/BigOil/document_generator/datasets/documents_2021_12_28/19co3fig2_20211228_164150_7461617828_600_800.png,19co3fig2_20211228_164150_7461617828_600_800_mask.png,Graphic
0,-7,0,-15,125,648,125,633,125,632,131,648,125,650,119,633,sub_line_text,figure_text,figure_0,,,,19co3fig2_20211228_164150_7461617828_600_800.png,/scratch/parceirosbr/bigoilict/share/BigOil/document_generator/datasets/documents_2021_12_28/19co3fig2_20211228_164150_7461617828_600_800.png,19co3fig2_20211228_164150_7461617828_600_800_mask.png,Graphic
1,-8,3,-17,188,637,191,620,188,618,195,637,191,639,184,620,text,figure_text,figure_0,,,,19co3fig2_20211228_164150_7461617828_600_800.png,/scratch/parceirosbr/bigoilict/share/BigOil/document_generator/datasets/documents_2021_12_28/19co3fig2_20211228_164150_7461617828_600_800.png,19co3fig2_20211228_164150_7461617828_600_800_mask.png,-4967.0%
1,-8,3,-17,188,637,191,620,188,618,195,637,191,639,184,620,sub_line_text,figure_text,figure_0,,,,19co3fig2_20211228_164150_7461617828_600_800.png,/scratch/parceirosbr/bigoilict/share/BigOil/document_generator/datasets/documents_2021_12_28/19co3fig2_20211228_164150_7461617828_600_800.png,19co3fig2_20211228_164150_7461617828_600_800_mask.png,-4967.0%
0,-8,1,-17,280,628,281,611,280,609,287,628,281,630,274,611,text,figure_text,figure_0,,,,19co3fig2_20211228_164150_7461617828_600_800.png,/scratch/parceirosbr/bigoilict/share/BigOil/document_generator/datasets/documents_2021_12_28/19co3fig2_20211228_164150_7461617828_600_800.png,19co3fig2_20211228_164150_7461617828_600_800_mask.png,Speed ​​[v]
0,-8,1,-17,280,628,281,611,280,609,287,628,281,630,274,611,sub_line_text,figure_text,figure_0,,,,19co3fig2_20211228_164150_7461617828_600_800.png,/scratch/parceirosbr/bigoilict/share/BigOil/document_generator/datasets/documents_2021_12_28/19co3fig2_20211228_164150_7461617828_600_800.png,19co3fig2_20211228_164150_7461617828_600_800_mask.png,Speed ​​[v]
1,-10,3,-20,189,672,192,652,189,651,196,672,192,673,184,652,text,figure_text,figure_0,,,,19co3fig2_20211228_164150_7461617828_600_800.png,/scratch/parceirosbr/bigoilict/share/BigOil/document_generator/datasets/documents_2021_12_28/19co3fig2_20211228_164150_7461617828_600_800.png,19co3fig2_20211228_164150_7461617828_600_800_mask.png,-2488.169
1,-10,3,-20,189,672,192,652,189,651,196,672,192,673,184,652,sub_line_text,figure_text,figure_0,,,,19co3fig2_20211228_164150_7461617828_600_800.png,/scratch/parceirosbr/bigoilict/share/BigOil/document_generator/datasets/documents_2021_12_28/19co3fig2_20211228_164150_7461617828_600_800.png,19co3fig2_20211228_164150_7461617828_600_800_mask.png,-2488.169
1,-8,2,-17,189,610,191,593,189,591,196,610,191,611,185,593,text,figure_text,figure_0,,,,19co3fig2_20211228_164150_7461617828_600_800.png,/scratch/parceirosbr/bigoilict/share/BigOil/document_generator/datasets/documents_2021_12_28/19co3fig2_20211228_164150_7461617828_600_800.png,19co3fig2_20211228_164150_7461617828_600_800_mask.png,-2933.85
1,-8,2,-17,189,610,191,593,189,591,196,610,191,611,185,593,sub_line_text,figure_text,figure_0,,,,19co3fig2_20211228_164150_7461617828_600_800.png,/scratch/parceirosbr/bigoilict/share/BigOil/document_generator/datasets/documents_2021_12_28/19co3fig2_20211228_164150_7461617828_600_800.png,19co3fig2_20211228_164150_7461617828_600_800_mask.png,-2933.85
0,-7,1,-14,130,578,131,564,130,562,136,578,131,579,126,564,text,figure_text,figure_0,,,,19co3fig2_20211228_164150_7461617828_600_800.png,/scratch/parceirosbr/bigoilict/share/BigOil/document_generator/datasets/documents_2021_12_28/19co3fig2_20211228_164150_7461617828_600_800.png,19co3fig2_20211228_164150_7461617828_600_800_mask.png,-6133%
0,-7,1,-14,130,578,131,564,130,562,136,578,131,579,126,564,sub_line_text,figure_text,figure_0,,,,19co3fig2_20211228_164150_7461617828_600_800.png,/scratch/parceirosbr/bigoilict/share/BigOil/document_generator/datasets/documents_2021_12_28/19co3fig2_20211228_164150_7461617828_600_800.png,19co3fig2_20211228_164150_7461617828_600_800_mask.png,-6133%
2,-12,4,-24,175,610,179,586,175,584,184,610,179,612,169,586,text,figure_text,figure_0,,,,19co3fig2_20211228_164150_7461617828_600_800.png,/scratch/parceirosbr/bigoilict/share/BigOil/document_generator/datasets/documents_2021_12_28/19co3fig2_20211228_164150_7461617828_600_800.png,19co3fig2_20211228_164150_7461617828_600_800_mask.png,Volume [GB]
2,-12,4,-24,175,610,179,586,175,584,184,610,179,612,169,586,sub_line_text,figure_text,figure_0,,,,19co3fig2_20211228_164150_7461617828_600_800.png,/scratch/parceirosbr/bigoilict/share/BigOil/document_generator/datasets/documents_2021_12_28/19co3fig2_20211228_164150_7461617828_600_800.png,19co3fig2_20211228_164150_7461617828_600_800_mask.png,Volume [GB]
88,5,176,11,65,684,241,695,65,684,241,684,241,695,65,695,sub_line_text,figure_legend,figure_0,arial,regular,9,19co3fig2_20211228_164150_7461617828_600_800.png,/scratch/parceirosbr/bigoilict/share/BigOil/document_generator/datasets/documents_2021_12_28/19co3fig2_20211228_164150_7461617828_600_800.png,19co3fig2_20211228_164150_7461617828_600_800_mask.png,Figure  128:    The concentration of the l-
87,5,175,11,65,701,240,712,65,701,240,701,240,712,65,712,sub_line_text,figure_legend,figure_0,arial,regular,9,19co3fig2_20211228_164150_7461617828_600_800.png,/scratch/parceirosbr/bigoilict/share/BigOil/document_generator/datasets/documents_2021_12_28/19co3fig2_20211228_164150_7461617828_600_800.png,19co3fig2_20211228_164150_7461617828_600_800_mask.png,arvae  varied  between  8.5 and 39.2 org /
67,5,135,11,65,718,200,729,65,718,200,718,200,729,65,729,sub_line_text,figure_legend,figure_0,arial,regular,9,19co3fig2_20211228_164150_7461617828_600_800.png,/scratch/parceirosbr/bigoilict/share/BigOil/document_generator/datasets/documents_2021_12_28/19co3fig2_20211228_164150_7461617828_600_800.png,19co3fig2_20211228_164150_7461617828_600_800_mask.png,"100m, and that of eggs between"
88,22,176,45,65,684,241,729,65,684,241,684,241,729,65,729,text,figure_legend,figure_0,arial,regular,9,19co3fig2_20211228_164150_7461617828_600_800.png,/scratch/parceirosbr/bigoilict/share/BigOil/document_generator/datasets/documents_2021_12_28/19co3fig2_20211228_164150_7461617828_600_800.png,19co3fig2_20211228_164150_7461617828_600_800_mask.png,nan
111,92,223,185,317,494,540,679,317,494,540,494,540,679,317,679,table,table_image,table_0,,,,19co3fig2_20211228_164150_7461617828_600_800.png,/scratch/parceirosbr/bigoilict/share/BigOil/document_generator/datasets/documents_2021_12_28/19co3fig2_20211228_164150_7461617828_600_800.png,19co3fig2_20211228_164150_7461617828_600_800_mask.png,output/gen_tab_20211228_164153_8173518668.png
13,5,26,10,414,496,440,506,414,496,440,496,440,506,414,506,text,table_text,table_0,times,regular,10.0,19co3fig2_20211228_164150_7461617828_600_800.png,/scratch/parceirosbr/bigoilict/share/BigOil/document_generator/datasets/documents_2021_12_28/19co3fig2_20211228_164150_7461617828_600_800.png,19co3fig2_20211228_164150_7461617828_600_800_mask.png,possui
13,5,26,10,414,496,440,506,414,496,440,496,440,506,414,506,sub_line_text,table_text,table_0,times,regular,10.0,19co3fig2_20211228_164150_7461617828_600_800.png,/scratch/parceirosbr/bigoilict/share/BigOil/document_generator/datasets/documents_2021_12_28/19co3fig2_20211228_164150_7461617828_600_800.png,19co3fig2_20211228_164150_7461617828_600_800_mask.png,possui
21,5,42,10,340,510,382,520,340,510,382,510,382,520,340,520,text,table_text,table_0,times,bold,10.0,19co3fig2_20211228_164150_7461617828_600_800.png,/scratch/parceirosbr/bigoilict/share/BigOil/document_generator/datasets/documents_2021_12_28/19co3fig2_20211228_164150_7461617828_600_800.png,19co3fig2_20211228_164150_7461617828_600_800_mask.png,ineficiente
21,5,42,10,340,510,382,520,340,510,382,510,382,520,340,520,sub_line_text,table_text,table_0,times,bold,10.0,19co3fig2_20211228_164150_7461617828_600_800.png,/scratch/parceirosbr/bigoilict/share/BigOil/document_generator/datasets/documents_2021_12_28/19co3fig2_20211228_164150_7461617828_600_800.png,19co3fig2_20211228_164150_7461617828_600_800_mask.png,ineficiente
7,5,15,10,353,524,368,534,353,524,368,524,368,534,353,534,text,table_text,table_0,times,bold,10.0,19co3fig2_20211228_164150_7461617828_600_800.png,/scratch/parceirosbr/bigoilict/share/BigOil/document_generator/datasets/documents_2021_12_28/19co3fig2_20211228_164150_7461617828_600_800.png,19co3fig2_20211228_164150_7461617828_600_800_mask.png,tem
7,5,15,10,353,524,368,534,353,524,368,524,368,534,353,534,sub_line_text,table_text,table_0,times,bold,10.0,19co3fig2_20211228_164150_7461617828_600_800.png,/scratch/parceirosbr/bigoilict/share/BigOil/document_generator/datasets/documents_2021_12_28/19co3fig2_20211228_164150_7461617828_600_800.png,19co3fig2_20211228_164150_7461617828_600_800_mask.png,tem
15,5,31,10,346,537,377,547,346,537,377,537,377,547,346,547,text,table_text,table_0,times,bold,10.0,19co3fig2_20211228_164150_7461617828_600_800.png,/scratch/parceirosbr/bigoilict/share/BigOil/document_generator/datasets/documents_2021_12_28/19co3fig2_20211228_164150_7461617828_600_800.png,19co3fig2_20211228_164150_7461617828_600_800_mask.png,queima
15,5,31,10,346,537,377,547,346,537,377,537,377,547,346,547,sub_line_text,table_text,table_0,times,bold,10.0,19co3fig2_20211228_164150_7461617828_600_800.png,/scratch/parceirosbr/bigoilict/share/BigOil/document_generator/datasets/documents_2021_12_28/19co3fig2_20211228_164150_7461617828_600_800.png,19co3fig2_20211228_164150_7461617828_600_800_mask.png,queima
16,5,33,10,344,551,377,561,344,551,377,551,377,561,344,561,text,table_text,table_0,times,bold,10.0,19co3fig2_20211228_164150_7461617828_600_800.png,/scratch/parceirosbr/bigoilict/share/BigOil/document_generator/datasets/documents_2021_12_28/19co3fig2_20211228_164150_7461617828_600_800.png,19co3fig2_20211228_164150_7461617828_600_800_mask.png,outubro
16,5,33,10,344,551,377,561,344,551,377,551,377,561,344,561,sub_line_text,table_text,table_0,times,bold,10.0,19co3fig2_20211228_164150_7461617828_600_800.png,/scratch/parceirosbr/bigoilict/share/BigOil/document_generator/datasets/documents_2021_12_28/19co3fig2_20211228_164150_7461617828_600_800.png,19co3fig2_20211228_164150_7461617828_600_800_mask.png,outubro
10,5,20,10,350,565,370,575,350,565,370,565,370,575,350,575,text,table_text,table_0,times,bold,10.0,19co3fig2_20211228_164150_7461617828_600_800.png,/scratch/parceirosbr/bigoilict/share/BigOil/document_generator/datasets/documents_2021_12_28/19co3fig2_20211228_164150_7461617828_600_800.png,19co3fig2_20211228_164150_7461617828_600_800_mask.png,ideal
10,5,20,10,350,565,370,575,350,565,370,565,370,575,350,575,sub_line_text,table_text,table_0,times,bold,10.0,19co3fig2_20211228_164150_7461617828_600_800.png,/scratch/parceirosbr/bigoilict/share/BigOil/document_generator/datasets/documents_2021_12_28/19co3fig2_20211228_164150_7461617828_600_800.png,19co3fig2_20211228_164150_7461617828_600_800_mask.png,ideal
20,5,40,10,340,578,380,588,340,578,380,578,380,588,340,588,text,table_text,table_0,times,bold,10.0,19co3fig2_20211228_164150_7461617828_600_800.png,/scratch/parceirosbr/bigoilict/share/BigOil/document_generator/datasets/documents_2021_12_28/19co3fig2_20211228_164150_7461617828_600_800.png,19co3fig2_20211228_164150_7461617828_600_800_mask.png,realização
20,5,40,10,340,578,380,588,340,578,380,578,380,588,340,588,sub_line_text,table_text,table_0,times,bold,10.0,19co3fig2_20211228_164150_7461617828_600_800.png,/scratch/parceirosbr/bigoilict/share/BigOil/document_generator/datasets/documents_2021_12_28/19co3fig2_20211228_164150_7461617828_600_800.png,19co3fig2_20211228_164150_7461617828_600_800_mask.png,realização
17,5,34,10,344,592,378,602,344,592,378,592,378,602,344,602,text,table_text,table_0,times,bold,10.0,19co3fig2_20211228_164150_7461617828_600_800.png,/scratch/parceirosbr/bigoilict/share/BigOil/document_generator/datasets/documents_2021_12_28/19co3fig2_20211228_164150_7461617828_600_800.png,19co3fig2_20211228_164150_7461617828_600_800_mask.png,partirde
17,5,34,10,344,592,378,602,344,592,378,592,378,602,344,602,sub_line_text,table_text,table_0,times,bold,10.0,19co3fig2_20211228_164150_7461617828_600_800.png,/scratch/parceirosbr/bigoilict/share/BigOil/document_generator/datasets/documents_2021_12_28/19co3fig2_20211228_164150_7461617828_600_800.png,19co3fig2_20211228_164150_7461617828_600_800_mask.png,partirde
21,5,42,10,340,605,382,615,340,605,382,605,382,615,340,615,text,table_text,table_0,times,bold,10.0,19co3fig2_20211228_164150_7461617828_600_800.png,/scratch/parceirosbr/bigoilict/share/BigOil/document_generator/datasets/documents_2021_12_28/19co3fig2_20211228_164150_7461617828_600_800.png,19co3fig2_20211228_164150_7461617828_600_800_mask.png,indicando
21,5,42,10,340,605,382,615,340,605,382,605,382,615,340,615,sub_line_text,table_text,table_0,times,bold,10.0,19co3fig2_20211228_164150_7461617828_600_800.png,/scratch/parceirosbr/bigoilict/share/BigOil/document_generator/datasets/documents_2021_12_28/19co3fig2_20211228_164150_7461617828_600_800.png,19co3fig2_20211228_164150_7461617828_600_800_mask.png,indicando
5,5,10,10,355,619,365,629,355,619,365,619,365,629,355,629,text,table_text,table_0,times,bold,10.0,19co3fig2_20211228_164150_7461617828_600_800.png,/scratch/parceirosbr/bigoilict/share/BigOil/document_generator/datasets/documents_2021_12_28/19co3fig2_20211228_164150_7461617828_600_800.png,19co3fig2_20211228_164150_7461617828_600_800_mask.png,da
5,5,10,10,355,619,365,629,355,619,365,619,365,629,355,629,sub_line_text,table_text,table_0,times,bold,10.0,19co3fig2_20211228_164150_7461617828_600_800.png,/scratch/parceirosbr/bigoilict/share/BigOil/document_generator/datasets/documents_2021_12_28/19co3fig2_20211228_164150_7461617828_600_800.png,19co3fig2_20211228_164150_7461617828_600_800_mask.png,da
5,5,10,10,355,633,365,643,355,633,365,633,365,643,355,643,text,table_text,table_0,times,bold,10.0,19co3fig2_20211228_164150_7461617828_600_800.png,/scratch/parceirosbr/bigoilict/share/BigOil/document_generator/datasets/documents_2021_12_28/19co3fig2_20211228_164150_7461617828_600_800.png,19co3fig2_20211228_164150_7461617828_600_800_mask.png,da
5,5,10,10,355,633,365,643,355,633,365,633,365,643,355,643,sub_line_text,table_text,table_0,times,bold,10.0,19co3fig2_20211228_164150_7461617828_600_800.png,/scratch/parceirosbr/bigoilict/share/BigOil/document_generator/datasets/documents_2021_12_28/19co3fig2_20211228_164150_7461617828_600_800.png,19co3fig2_20211228_164150_7461617828_600_800_mask.png,da
16,5,33,10,344,646,377,656,344,646,377,646,377,656,344,656,text,table_text,table_0,times,bold,10.0,19co3fig2_20211228_164150_7461617828_600_800.png,/scratch/parceirosbr/bigoilict/share/BigOil/document_generator/datasets/documents_2021_12_28/19co3fig2_20211228_164150_7461617828_600_800.png,19co3fig2_20211228_164150_7461617828_600_800_mask.png,outubro
16,5,33,10,344,646,377,656,344,646,377,646,377,656,344,656,sub_line_text,table_text,table_0,times,bold,10.0,19co3fig2_20211228_164150_7461617828_600_800.png,/scratch/parceirosbr/bigoilict/share/BigOil/document_generator/datasets/documents_2021_12_28/19co3fig2_20211228_164150_7461617828_600_800.png,19co3fig2_20211228_164150_7461617828_600_800_mask.png,outubro
10,5,20,10,417,660,437,670,417,660,437,660,437,670,417,670,text,table_text,table_0,times,regular,10.0,19co3fig2_20211228_164150_7461617828_600_800.png,/scratch/parceirosbr/bigoilict/share/BigOil/document_generator/datasets/documents_2021_12_28/19co3fig2_20211228_164150_7461617828_600_800.png,19co3fig2_20211228_164150_7461617828_600_800_mask.png,apelo
10,5,20,10,417,660,437,670,417,660,437,660,437,670,417,670,sub_line_text,table_text,table_0,times,regular,10.0,19co3fig2_20211228_164150_7461617828_600_800.png,/scratch/parceirosbr/bigoilict/share/BigOil/document_generator/datasets/documents_2021_12_28/19co3fig2_20211228_164150_7461617828_600_800.png,19co3fig2_20211228_164150_7461617828_600_800_mask.png,apelo
11,5,22,10,429,510,451,520,429,510,451,510,451,520,429,520,text,table_text,table_0,times,bold,10.0,19co3fig2_20211228_164150_7461617828_600_800.png,/scratch/parceirosbr/bigoilict/share/BigOil/document_generator/datasets/documents_2021_12_28/19co3fig2_20211228_164150_7461617828_600_800.png,19co3fig2_20211228_164150_7461617828_600_800_mask.png,parte
11,5,22,10,429,510,451,520,429,510,451,510,451,520,429,520,sub_line_text,table_text,table_0,times,bold,10.0,19co3fig2_20211228_164150_7461617828_600_800.png,/scratch/parceirosbr/bigoilict/share/BigOil/document_generator/datasets/documents_2021_12_28/19co3fig2_20211228_164150_7461617828_600_800.png,19co3fig2_20211228_164150_7461617828_600_800_mask.png,parte
8,5,17,10,431,524,448,534,431,524,448,524,448,534,431,534,text,table_text,table_0,times,bold,10.0,19co3fig2_20211228_164150_7461617828_600_800.png,/scratch/parceirosbr/bigoilict/share/BigOil/document_generator/datasets/documents_2021_12_28/19co3fig2_20211228_164150_7461617828_600_800.png,19co3fig2_20211228_164150_7461617828_600_800_mask.png,bico
8,5,17,10,431,524,448,534,431,524,448,524,448,534,431,534,sub_line_text,table_text,table_0,times,bold,10.0,19co3fig2_20211228_164150_7461617828_600_800.png,/scratch/parceirosbr/bigoilict/share/BigOil/document_generator/datasets/documents_2021_12_28/19co3fig2_20211228_164150_7461617828_600_800.png,19co3fig2_20211228_164150_7461617828_600_800_mask.png,bico
10,5,20,10,429,537,449,547,429,537,449,537,449,547,429,547,text,table_text,table_0,times,bold,10.0,19co3fig2_20211228_164150_7461617828_600_800.png,/scratch/parceirosbr/bigoilict/share/BigOil/document_generator/datasets/documents_2021_12_28/19co3fig2_20211228_164150_7461617828_600_800.png,19co3fig2_20211228_164150_7461617828_600_800_mask.png,ideal
10,5,20,10,429,537,449,547,429,537,449,537,449,547,429,547,sub_line_text,table_text,table_0,times,bold,10.0,19co3fig2_20211228_164150_7461617828_600_800.png,/scratch/parceirosbr/bigoilict/share/BigOil/document_generator/datasets/documents_2021_12_28/19co3fig2_20211228_164150_7461617828_600_800.png,19co3fig2_20211228_164150_7461617828_600_800_mask.png,ideal
18,5,36,10,421,551,457,561,421,551,457,551,457,561,421,561,text,table_text,table_0,times,bold,10.0,19co3fig2_20211228_164150_7461617828_600_800.png,/scratch/parceirosbr/bigoilict/share/BigOil/document_generator/datasets/documents_2021_12_28/19co3fig2_20211228_164150_7461617828_600_800.png,19co3fig2_20211228_164150_7461617828_600_800_mask.png,consumo
18,5,36,10,421,551,457,561,421,551,457,551,457,561,421,561,sub_line_text,table_text,table_0,times,bold,10.0,19co3fig2_20211228_164150_7461617828_600_800.png,/scratch/parceirosbr/bigoilict/share/BigOil/document_generator/datasets/documents_2021_12_28/19co3fig2_20211228_164150_7461617828_600_800.png,19co3fig2_20211228_164150_7461617828_600_800_mask.png,consumo
24,5,48,10,415,565,463,575,415,565,463,565,463,575,415,575,text,table_text,table_0,times,bold,10.0,19co3fig2_20211228_164150_7461617828_600_800.png,/scratch/parceirosbr/bigoilict/share/BigOil/document_generator/datasets/documents_2021_12_28/19co3fig2_20211228_164150_7461617828_600_800.png,19co3fig2_20211228_164150_7461617828_600_800_mask.png,viscosidade
24,5,48,10,415,565,463,575,415,565,463,565,463,575,415,575,sub_line_text,table_text,table_0,times,bold,10.0,19co3fig2_20211228_164150_7461617828_600_800.png,/scratch/parceirosbr/bigoilict/share/BigOil/document_generator/datasets/documents_2021_12_28/19co3fig2_20211228_164150_7461617828_600_800.png,19co3fig2_20211228_164150_7461617828_600_800_mask.png,viscosidade
23,5,46,10,416,578,462,588,416,578,462,578,462,588,416,588,text,table_text,table_0,times,bold,10.0,19co3fig2_20211228_164150_7461617828_600_800.png,/scratch/parceirosbr/bigoilict/share/BigOil/document_generator/datasets/documents_2021_12_28/19co3fig2_20211228_164150_7461617828_600_800.png,19co3fig2_20211228_164150_7461617828_600_800_mask.png,escoamento
23,5,46,10,416,578,462,588,416,578,462,578,462,588,416,588,sub_line_text,table_text,table_0,times,bold,10.0,19co3fig2_20211228_164150_7461617828_600_800.png,/scratch/parceirosbr/bigoilict/share/BigOil/document_generator/datasets/documents_2021_12_28/19co3fig2_20211228_164150_7461617828_600_800.png,19co3fig2_20211228_164150_7461617828_600_800_mask.png,escoamento
28,5,57,10,412,592,469,602,412,592,469,592,469,602,412,602,text,table_text,table_0,times,bold,10.0,19co3fig2_20211228_164150_7461617828_600_800.png,/scratch/parceirosbr/bigoilict/share/BigOil/document_generator/datasets/documents_2021_12_28/19co3fig2_20211228_164150_7461617828_600_800.png,19co3fig2_20211228_164150_7461617828_600_800_mask.png,possibilidade
28,5,57,10,412,592,469,602,412,592,469,592,469,602,412,602,sub_line_text,table_text,table_0,times,bold,10.0,19co3fig2_20211228_164150_7461617828_600_800.png,/scratch/parceirosbr/bigoilict/share/BigOil/document_generator/datasets/documents_2021_12_28/19co3fig2_20211228_164150_7461617828_600_800.png,19co3fig2_20211228_164150_7461617828_600_800_mask.png,possibilidade
6,5,12,10,433,605,445,615,433,605,445,605,445,615,433,615,text,table_text,table_0,times,bold,10.0,19co3fig2_20211228_164150_7461617828_600_800.png,/scratch/parceirosbr/bigoilict/share/BigOil/document_generator/datasets/documents_2021_12_28/19co3fig2_20211228_164150_7461617828_600_800.png,19co3fig2_20211228_164150_7461617828_600_800_mask.png,em
6,5,12,10,433,605,445,615,433,605,445,605,445,615,433,615,sub_line_text,table_text,table_0,times,bold,10.0,19co3fig2_20211228_164150_7461617828_600_800.png,/scratch/parceirosbr/bigoilict/share/BigOil/document_generator/datasets/documents_2021_12_28/19co3fig2_20211228_164150_7461617828_600_800.png,19co3fig2_20211228_164150_7461617828_600_800_mask.png,em
2,5,4,10,437,619,441,629,437,619,441,619,441,629,437,629,text,table_text,table_0,times,bold,10.0,19co3fig2_20211228_164150_7461617828_600_800.png,/scratch/parceirosbr/bigoilict/share/BigOil/document_generator/datasets/documents_2021_12_28/19co3fig2_20211228_164150_7461617828_600_800.png,19co3fig2_20211228_164150_7461617828_600_800_mask.png,é
2,5,4,10,437,619,441,629,437,619,441,619,441,629,437,629,sub_line_text,table_text,table_0,times,bold,10.0,19co3fig2_20211228_164150_7461617828_600_800.png,/scratch/parceirosbr/bigoilict/share/BigOil/document_generator/datasets/documents_2021_12_28/19co3fig2_20211228_164150_7461617828_600_800.png,19co3fig2_20211228_164150_7461617828_600_800_mask.png,é
7,5,14,10,433,633,447,643,433,633,447,633,447,643,433,643,text,table_text,table_0,times,bold,10.0,19co3fig2_20211228_164150_7461617828_600_800.png,/scratch/parceirosbr/bigoilict/share/BigOil/document_generator/datasets/documents_2021_12_28/19co3fig2_20211228_164150_7461617828_600_800.png,19co3fig2_20211228_164150_7461617828_600_800_mask.png,nos
7,5,14,10,433,633,447,643,433,633,447,633,447,643,433,643,sub_line_text,table_text,table_0,times,bold,10.0,19co3fig2_20211228_164150_7461617828_600_800.png,/scratch/parceirosbr/bigoilict/share/BigOil/document_generator/datasets/documents_2021_12_28/19co3fig2_20211228_164150_7461617828_600_800.png,19co3fig2_20211228_164150_7461617828_600_800_mask.png,nos
7,5,14,10,433,646,447,656,433,646,447,646,447,656,433,656,text,table_text,table_0,times,bold,10.0,19co3fig2_20211228_164150_7461617828_600_800.png,/scratch/parceirosbr/bigoilict/share/BigOil/document_generator/datasets/documents_2021_12_28/19co3fig2_20211228_164150_7461617828_600_800.png,19co3fig2_20211228_164150_7461617828_600_800_mask.png,uso
7,5,14,10,433,646,447,656,433,646,447,646,447,656,433,656,sub_line_text,table_text,table_0,times,bold,10.0,19co3fig2_20211228_164150_7461617828_600_800.png,/scratch/parceirosbr/bigoilict/share/BigOil/document_generator/datasets/documents_2021_12_28/19co3fig2_20211228_164150_7461617828_600_800.png,19co3fig2_20211228_164150_7461617828_600_800_mask.png,uso
13,5,27,10,493,510,520,520,493,510,520,510,520,520,493,520,text,table_text,table_0,times,bold,10.0,19co3fig2_20211228_164150_7461617828_600_800.png,/scratch/parceirosbr/bigoilict/share/BigOil/document_generator/datasets/documents_2021_12_28/19co3fig2_20211228_164150_7461617828_600_800.png,19co3fig2_20211228_164150_7461617828_600_800_mask.png,termos
13,5,27,10,493,510,520,520,493,510,520,510,520,520,493,520,sub_line_text,table_text,table_0,times,bold,10.0,19co3fig2_20211228_164150_7461617828_600_800.png,/scratch/parceirosbr/bigoilict/share/BigOil/document_generator/datasets/documents_2021_12_28/19co3fig2_20211228_164150_7461617828_600_800.png,19co3fig2_20211228_164150_7461617828_600_800_mask.png,termos
15,5,31,10,491,524,522,534,491,524,522,524,522,534,491,534,text,table_text,table_0,times,bold,10.0,19co3fig2_20211228_164150_7461617828_600_800.png,/scratch/parceirosbr/bigoilict/share/BigOil/document_generator/datasets/documents_2021_12_28/19co3fig2_20211228_164150_7461617828_600_800.png,19co3fig2_20211228_164150_7461617828_600_800_mask.png,distinto
15,5,31,10,491,524,522,534,491,524,522,524,522,534,491,534,sub_line_text,table_text,table_0,times,bold,10.0,19co3fig2_20211228_164150_7461617828_600_800.png,/scratch/parceirosbr/bigoilict/share/BigOil/document_generator/datasets/documents_2021_12_28/19co3fig2_20211228_164150_7461617828_600_800.png,19co3fig2_20211228_164150_7461617828_600_800_mask.png,distinto
21,5,42,10,485,537,527,547,485,537,527,537,527,547,485,547,text,table_text,table_0,times,bold,10.0,19co3fig2_20211228_164150_7461617828_600_800.png,/scratch/parceirosbr/bigoilict/share/BigOil/document_generator/datasets/documents_2021_12_28/19co3fig2_20211228_164150_7461617828_600_800.png,19co3fig2_20211228_164150_7461617828_600_800_mask.png,principais
21,5,42,10,485,537,527,547,485,537,527,537,527,547,485,547,sub_line_text,table_text,table_0,times,bold,10.0,19co3fig2_20211228_164150_7461617828_600_800.png,/scratch/parceirosbr/bigoilict/share/BigOil/document_generator/datasets/documents_2021_12_28/19co3fig2_20211228_164150_7461617828_600_800.png,19co3fig2_20211228_164150_7461617828_600_800_mask.png,principais
9,5,19,10,497,551,516,561,497,551,516,551,516,561,497,561,text,table_text,table_0,times,bold,10.0,19co3fig2_20211228_164150_7461617828_600_800.png,/scratch/parceirosbr/bigoilict/share/BigOil/document_generator/datasets/documents_2021_12_28/19co3fig2_20211228_164150_7461617828_600_800.png,19co3fig2_20211228_164150_7461617828_600_800_mask.png,mais
9,5,19,10,497,551,516,561,497,551,516,551,516,561,497,561,sub_line_text,table_text,table_0,times,bold,10.0,19co3fig2_20211228_164150_7461617828_600_800.png,/scratch/parceirosbr/bigoilict/share/BigOil/document_generator/datasets/documents_2021_12_28/19co3fig2_20211228_164150_7461617828_600_800.png,19co3fig2_20211228_164150_7461617828_600_800_mask.png,mais
24,5,48,10,482,565,530,575,482,565,530,565,530,575,482,575,text,table_text,table_0,times,bold,10.0,19co3fig2_20211228_164150_7461617828_600_800.png,/scratch/parceirosbr/bigoilict/share/BigOil/document_generator/datasets/documents_2021_12_28/19co3fig2_20211228_164150_7461617828_600_800.png,19co3fig2_20211228_164150_7461617828_600_800_mask.png,viscosidade
24,5,48,10,482,565,530,575,482,565,530,565,530,575,482,575,sub_line_text,table_text,table_0,times,bold,10.0,19co3fig2_20211228_164150_7461617828_600_800.png,/scratch/parceirosbr/bigoilict/share/BigOil/document_generator/datasets/documents_2021_12_28/19co3fig2_20211228_164150_7461617828_600_800.png,19co3fig2_20211228_164150_7461617828_600_800_mask.png,viscosidade
8,5,17,10,498,578,515,588,498,578,515,578,515,588,498,588,text,table_text,table_0,times,bold,10.0,19co3fig2_20211228_164150_7461617828_600_800.png,/scratch/parceirosbr/bigoilict/share/BigOil/document_generator/datasets/documents_2021_12_28/19co3fig2_20211228_164150_7461617828_600_800.png,19co3fig2_20211228_164150_7461617828_600_800_mask.png,país
8,5,17,10,498,578,515,588,498,578,515,578,515,588,498,588,sub_line_text,table_text,table_0,times,bold,10.0,19co3fig2_20211228_164150_7461617828_600_800.png,/scratch/parceirosbr/bigoilict/share/BigOil/document_generator/datasets/documents_2021_12_28/19co3fig2_20211228_164150_7461617828_600_800.png,19co3fig2_20211228_164150_7461617828_600_800_mask.png,país
9,5,19,10,497,592,516,602,497,592,516,592,516,602,497,602,text,table_text,table_0,times,bold,10.0,19co3fig2_20211228_164150_7461617828_600_800.png,/scratch/parceirosbr/bigoilict/share/BigOil/document_generator/datasets/documents_2021_12_28/19co3fig2_20211228_164150_7461617828_600_800.png,19co3fig2_20211228_164150_7461617828_600_800_mask.png,vista
9,5,19,10,497,592,516,602,497,592,516,592,516,602,497,602,sub_line_text,table_text,table_0,times,bold,10.0,19co3fig2_20211228_164150_7461617828_600_800.png,/scratch/parceirosbr/bigoilict/share/BigOil/document_generator/datasets/documents_2021_12_28/19co3fig2_20211228_164150_7461617828_600_800.png,19co3fig2_20211228_164150_7461617828_600_800_mask.png,vista
5,5,10,10,501,605,511,615,501,605,511,605,511,615,501,615,text,table_text,table_0,times,bold,10.0,19co3fig2_20211228_164150_7461617828_600_800.png,/scratch/parceirosbr/bigoilict/share/BigOil/document_generator/datasets/documents_2021_12_28/19co3fig2_20211228_164150_7461617828_600_800.png,19co3fig2_20211228_164150_7461617828_600_800_mask.png,do
5,5,10,10,501,605,511,615,501,605,511,605,511,615,501,615,sub_line_text,table_text,table_0,times,bold,10.0,19co3fig2_20211228_164150_7461617828_600_800.png,/scratch/parceirosbr/bigoilict/share/BigOil/document_generator/datasets/documents_2021_12_28/19co3fig2_20211228_164150_7461617828_600_800.png,19co3fig2_20211228_164150_7461617828_600_800_mask.png,do
8,5,17,10,498,619,515,629,498,619,515,619,515,629,498,629,text,table_text,table_0,times,bold,10.0,19co3fig2_20211228_164150_7461617828_600_800.png,/scratch/parceirosbr/bigoilict/share/BigOil/document_generator/datasets/documents_2021_12_28/19co3fig2_20211228_164150_7461617828_600_800.png,19co3fig2_20211228_164150_7461617828_600_800_mask.png,país
8,5,17,10,498,619,515,629,498,619,515,619,515,629,498,629,sub_line_text,table_text,table_0,times,bold,10.0,19co3fig2_20211228_164150_7461617828_600_800.png,/scratch/parceirosbr/bigoilict/share/BigOil/document_generator/datasets/documents_2021_12_28/19co3fig2_20211228_164150_7461617828_600_800.png,19co3fig2_20211228_164150_7461617828_600_800_mask.png,país
18,5,36,10,488,633,524,643,488,633,524,633,524,643,488,643,text,table_text,table_0,times,bold,10.0,19co3fig2_20211228_164150_7461617828_600_800.png,/scratch/parceirosbr/bigoilict/share/BigOil/document_generator/datasets/documents_2021_12_28/19co3fig2_20211228_164150_7461617828_600_800.png,19co3fig2_20211228_164150_7461617828_600_800_mask.png,completa
18,5,36,10,488,633,524,643,488,633,524,633,524,643,488,643,sub_line_text,table_text,table_0,times,bold,10.0,19co3fig2_20211228_164150_7461617828_600_800.png,/scratch/parceirosbr/bigoilict/share/BigOil/document_generator/datasets/documents_2021_12_28/19co3fig2_20211228_164150_7461617828_600_800.png,19co3fig2_20211228_164150_7461617828_600_800_mask.png,completa
4,5,8,10,503,646,511,656,503,646,511,646,511,656,503,656,text,table_text,table_0,times,bold,10.0,19co3fig2_20211228_164150_7461617828_600_800.png,/scratch/parceirosbr/bigoilict/share/BigOil/document_generator/datasets/documents_2021_12_28/19co3fig2_20211228_164150_7461617828_600_800.png,19co3fig2_20211228_164150_7461617828_600_800_mask.png,às
4,5,8,10,503,646,511,656,503,646,511,646,511,656,503,656,sub_line_text,table_text,table_0,times,bold,10.0,19co3fig2_20211228_164150_7461617828_600_800.png,/scratch/parceirosbr/bigoilict/share/BigOil/document_generator/datasets/documents_2021_12_28/19co3fig2_20211228_164150_7461617828_600_800.png,19co3fig2_20211228_164150_7461617828_600_800_mask.png,às
84,5,168,11,314,684,482,695,314,684,482,684,482,695,314,695,sub_line_text,table_legend,table_0,arial,regular,9,19co3fig2_20211228_164150_7461617828_600_800.png,/scratch/parceirosbr/bigoilict/share/BigOil/document_generator/datasets/documents_2021_12_28/19co3fig2_20211228_164150_7461617828_600_800.png,19co3fig2_20211228_164150_7461617828_600_800_mask.png,Table  67:    Uma variedade de combin-
85,5,170,11,314,701,484,712,314,701,484,701,484,712,314,712,sub_line_text,table_legend,table_0,arial,regular,9,19co3fig2_20211228_164150_7461617828_600_800.png,/scratch/parceirosbr/bigoilict/share/BigOil/document_generator/datasets/documents_2021_12_28/19co3fig2_20211228_164150_7461617828_600_800.png,19co3fig2_20211228_164150_7461617828_600_800_mask.png,acoes  de  bras  e  materiais de matriz e
25,5,51,11,314,718,365,729,314,718,365,718,365,729,314,729,sub_line_text,table_legend,table_0,arial,regular,9,19co3fig2_20211228_164150_7461617828_600_800.png,/scratch/parceirosbr/bigoilict/share/BigOil/document_generator/datasets/documents_2021_12_28/19co3fig2_20211228_164150_7461617828_600_800.png,19co3fig2_20211228_164150_7461617828_600_800_mask.png,usada. Uma
85,22,170,45,314,684,484,729,314,684,484,684,484,729,314,729,text,table_legend,table_0,arial,regular,9,19co3fig2_20211228_164150_7461617828_600_800.png,/scratch/parceirosbr/bigoilict/share/BigOil/document_generator/datasets/documents_2021_12_28/19co3fig2_20211228_164150_7461617828_600_800.png,19co3fig2_20211228_164150_7461617828_600_800_mask.png,nan
24,8,49,17,111,78,160,95,111,78,160,78,160,95,111,95,sub_line_text,subtitle,subtitle_0,arial,bolditalic,15,19co3fig2_20211228_164150_7461617828_600_800.png,/scratch/parceirosbr/bigoilict/share/BigOil/document_generator/datasets/documents_2021_12_28/19co3fig2_20211228_164150_7461617828_600_800.png,19co3fig2_20211228_164150_7461617828_600_800_mask.png,Higher
24,8,49,17,111,78,160,95,111,78,160,78,160,95,111,95,title,subtitle,subtitle_0,arial,bolditalic,15,19co3fig2_20211228_164150_7461617828_600_800.png,/scratch/parceirosbr/bigoilict/share/BigOil/document_generator/datasets/documents_2021_12_28/19co3fig2_20211228_164150_7461617828_600_800.png,19co3fig2_20211228_164150_7461617828_600_800_mask.png,nan
57,6,114,12,86,106,200,118,86,106,200,106,200,118,86,118,sub_line_text,text,text_0,arial,regular,10,19co3fig2_20211228_164150_7461617828_600_800.png,/scratch/parceirosbr/bigoilict/share/BigOil/document_generator/datasets/documents_2021_12_28/19co3fig2_20211228_164150_7461617828_600_800.png,19co3fig2_20211228_164150_7461617828_600_800_mask.png,Obrigada  por me confo-
67,6,135,12,65,125,200,137,65,125,200,125,200,137,65,137,sub_line_text,text,text_0,arial,regular,10,19co3fig2_20211228_164150_7461617828_600_800.png,/scratch/parceirosbr/bigoilict/share/BigOil/document_generator/datasets/documents_2021_12_28/19co3fig2_20211228_164150_7461617828_600_800.png,19co3fig2_20211228_164150_7461617828_600_800_mask.png,rtar   e   ajudar  no  momento
68,6,136,12,65,144,201,156,65,144,201,144,201,156,65,156,sub_line_text,text,text_0,arial,regular,10,19co3fig2_20211228_164150_7461617828_600_800.png,/scratch/parceirosbr/bigoilict/share/BigOil/document_generator/datasets/documents_2021_12_28/19co3fig2_20211228_164150_7461617828_600_800.png,19co3fig2_20211228_164150_7461617828_600_800_mask.png,mais  difícil  de  toda esta jor-
67,6,135,12,65,163,200,175,65,163,200,163,200,175,65,175,sub_line_text,text,text_0,arial,regular,10,19co3fig2_20211228_164150_7461617828_600_800.png,/scratch/parceirosbr/bigoilict/share/BigOil/document_generator/datasets/documents_2021_12_28/19co3fig2_20211228_164150_7461617828_600_800.png,19co3fig2_20211228_164150_7461617828_600_800_mask.png,nada.  The  described proce-
67,6,135,12,65,182,200,194,65,182,200,182,200,194,65,194,sub_line_text,text,text_0,arial,regular,10,19co3fig2_20211228_164150_7461617828_600_800.png,/scratch/parceirosbr/bigoilict/share/BigOil/document_generator/datasets/documents_2021_12_28/19co3fig2_20211228_164150_7461617828_600_800.png,19co3fig2_20211228_164150_7461617828_600_800_mask.png,ss  of  recovery  of light oils t-
65,6,130,12,65,201,195,213,65,201,195,201,195,213,65,213,sub_line_text,text,text_0,arial,regular,10,19co3fig2_20211228_164150_7461617828_600_800.png,/scratch/parceirosbr/bigoilict/share/BigOil/document_generator/datasets/documents_2021_12_28/19co3fig2_20211228_164150_7461617828_600_800.png,19co3fig2_20211228_164150_7461617828_600_800_mask.png,ook place with the continuo.
68,53,136,107,65,106,201,213,65,106,201,106,201,213,65,213,text,text,text_0,arial,regular,10,19co3fig2_20211228_164150_7461617828_600_800.png,/scratch/parceirosbr/bigoilict/share/BigOil/document_generator/datasets/documents_2021_12_28/19co3fig2_20211228_164150_7461617828_600_800.png,19co3fig2_20211228_164150_7461617828_600_800_mask.png,nan
21,7,43,15,114,220,157,235,114,220,157,220,157,235,114,235,sub_line_text,subsubtitle,subsubtitle_0,arial,italic,13,19co3fig2_20211228_164150_7461617828_600_800.png,/scratch/parceirosbr/bigoilict/share/BigOil/document_generator/datasets/documents_2021_12_28/19co3fig2_20211228_164150_7461617828_600_800.png,19co3fig2_20211228_164150_7461617828_600_800_mask.png,Figures
21,7,43,15,114,220,157,235,114,220,157,220,157,235,114,235,title,subsubtitle,subsubtitle_0,arial,italic,13,19co3fig2_20211228_164150_7461617828_600_800.png,/scratch/parceirosbr/bigoilict/share/BigOil/document_generator/datasets/documents_2021_12_28/19co3fig2_20211228_164150_7461617828_600_800.png,19co3fig2_20211228_164150_7461617828_600_800_mask.png,nan
58,6,117,12,86,246,203,258,86,246,203,246,203,258,86,258,sub_line_text,text,text_1,arial,regular,10,19co3fig2_20211228_164150_7461617828_600_800.png,/scratch/parceirosbr/bigoilict/share/BigOil/document_generator/datasets/documents_2021_12_28/19co3fig2_20211228_164150_7461617828_600_800.png,19co3fig2_20211228_164150_7461617828_600_800_mask.png,"Assim,  a participação de"
68,6,137,12,65,265,202,277,65,265,202,265,202,277,65,277,sub_line_text,text,text_1,arial,regular,10,19co3fig2_20211228_164150_7461617828_600_800.png,/scratch/parceirosbr/bigoilict/share/BigOil/document_generator/datasets/documents_2021_12_28/19co3fig2_20211228_164150_7461617828_600_800.png,19co3fig2_20211228_164150_7461617828_600_800_mask.png,Extração  de e no do aumen-
68,6,137,12,65,284,202,296,65,284,202,284,202,296,65,296,sub_line_text,text,text_1,arial,regular,10,19co3fig2_20211228_164150_7461617828_600_800.png,/scratch/parceirosbr/bigoilict/share/BigOil/document_generator/datasets/documents_2021_12_28/19co3fig2_20211228_164150_7461617828_600_800.png,19co3fig2_20211228_164150_7461617828_600_800_mask.png,"ta  de  18,2%  em  1997 para"
68,6,136,12,65,303,201,315,65,303,201,303,201,315,65,315,sub_line_text,text,text_1,arial,regular,10,19co3fig2_20211228_164150_7461617828_600_800.png,/scratch/parceirosbr/bigoilict/share/BigOil/document_generator/datasets/documents_2021_12_28/19co3fig2_20211228_164150_7461617828_600_800.png,19co3fig2_20211228_164150_7461617828_600_800_mask.png,"cerca  de 41,0% em 2002, e-"
68,6,137,12,65,322,202,334,65,322,202,322,202,334,65,334,sub_line_text,text,text_1,arial,regular,10,19co3fig2_20211228_164150_7461617828_600_800.png,/scratch/parceirosbr/bigoilict/share/BigOil/document_generator/datasets/documents_2021_12_28/19co3fig2_20211228_164150_7461617828_600_800.png,19co3fig2_20211228_164150_7461617828_600_800_mask.png,nquanto.  Figure  12  illustrat-
68,6,136,12,65,341,201,353,65,341,201,341,201,353,65,353,sub_line_text,text,text_1,arial,regular,10,19co3fig2_20211228_164150_7461617828_600_800.png,/scratch/parceirosbr/bigoilict/share/BigOil/document_generator/datasets/documents_2021_12_28/19co3fig2_20211228_164150_7461617828_600_800.png,19co3fig2_20211228_164150_7461617828_600_800_mask.png,es  a  system  that uses solar
66,6,132,12,65,360,197,372,65,360,197,360,197,372,65,372,sub_line_text,text,text_1,arial,regular,10,19co3fig2_20211228_164150_7461617828_600_800.png,/scratch/parceirosbr/bigoilict/share/BigOil/document_generator/datasets/documents_2021_12_28/19co3fig2_20211228_164150_7461617828_600_800.png,19co3fig2_20211228_164150_7461617828_600_800_mask.png,concentrators to generate e.
69,63,138,126,65,246,203,372,65,246,203,246,203,372,65,372,text,text,text_1,arial,regular,10,19co3fig2_20211228_164150_7461617828_600_800.png,/scratch/parceirosbr/bigoilict/share/BigOil/document_generator/datasets/documents_2021_12_28/19co3fig2_20211228_164150_7461617828_600_800.png,19co3fig2_20211228_164150_7461617828_600_800_mask.png,nan
57,6,115,12,86,379,201,391,86,379,201,379,201,391,86,391,sub_line_text,text,text_2,arial,regular,10,19co3fig2_20211228_164150_7461617828_600_800.png,/scratch/parceirosbr/bigoilict/share/BigOil/document_generator/datasets/documents_2021_12_28/19co3fig2_20211228_164150_7461617828_600_800.png,19co3fig2_20211228_164150_7461617828_600_800_mask.png,A  natureza das ligaçõe-
67,6,135,12,65,398,200,410,65,398,200,398,200,410,65,410,sub_line_text,text,text_2,arial,regular,10,19co3fig2_20211228_164150_7461617828_600_800.png,/scratch/parceirosbr/bigoilict/share/BigOil/document_generator/datasets/documents_2021_12_28/19co3fig2_20211228_164150_7461617828_600_800.png,19co3fig2_20211228_164150_7461617828_600_800_mask.png,"s,  contendo cations orgânic-"
68,6,137,12,65,417,202,429,65,417,202,417,202,429,65,429,sub_line_text,text,text_2,arial,regular,10,19co3fig2_20211228_164150_7461617828_600_800.png,/scratch/parceirosbr/bigoilict/share/BigOil/document_generator/datasets/documents_2021_12_28/19co3fig2_20211228_164150_7461617828_600_800.png,19co3fig2_20211228_164150_7461617828_600_800_mask.png,"os,  restringe  as  temperatur-"
64,6,128,12,65,436,193,448,65,436,193,436,193,448,65,448,sub_line_text,text,text_2,arial,regular,10,19co3fig2_20211228_164150_7461617828_600_800.png,/scratch/parceirosbr/bigoilict/share/BigOil/document_generator/datasets/documents_2021_12_28/19co3fig2_20211228_164150_7461617828_600_800.png,19co3fig2_20211228_164150_7461617828_600_800_mask.png,as de estabilidade superior.
68,34,137,69,65,379,202,448,65,379,202,379,202,448,65,448,text,text,text_2,arial,regular,10,19co3fig2_20211228_164150_7461617828_600_800.png,/scratch/parceirosbr/bigoilict/share/BigOil/document_generator/datasets/documents_2021_12_28/19co3fig2_20211228_164150_7461617828_600_800.png,19co3fig2_20211228_164150_7461617828_600_800_mask.png,nan
54,6,109,12,86,455,195,467,86,455,195,455,195,467,86,467,sub_line_text,text,text_3,arial,regular,10,19co3fig2_20211228_164150_7461617828_600_800.png,/scratch/parceirosbr/bigoilict/share/BigOil/document_generator/datasets/documents_2021_12_28/19co3fig2_20211228_164150_7461617828_600_800.png,19co3fig2_20211228_164150_7461617828_600_800_mask.png,Which accounts for 27-.
54,6,109,12,86,455,195,467,86,455,195,455,195,467,86,467,text,text,text_3,arial,regular,10,19co3fig2_20211228_164150_7461617828_600_800.png,/scratch/parceirosbr/bigoilict/share/BigOil/document_generator/datasets/documents_2021_12_28/19co3fig2_20211228_164150_7461617828_600_800.png,19co3fig2_20211228_164150_7461617828_600_800_mask.png,nan
58,6,116,12,255,78,371,90,255,78,371,78,371,90,255,90,sub_line_text,text,text_4,arial,regular,10,19co3fig2_20211228_164150_7461617828_600_800.png,/scratch/parceirosbr/bigoilict/share/BigOil/document_generator/datasets/documents_2021_12_28/19co3fig2_20211228_164150_7461617828_600_800.png,19co3fig2_20211228_164150_7461617828_600_800_mask.png,"Neste  sentido,  eram  as"
68,6,137,12,234,97,371,109,234,97,371,97,371,109,234,109,sub_line_text,text,text_4,arial,regular,10,19co3fig2_20211228_164150_7461617828_600_800.png,/scratch/parceirosbr/bigoilict/share/BigOil/document_generator/datasets/documents_2021_12_28/19co3fig2_20211228_164150_7461617828_600_800.png,19co3fig2_20211228_164150_7461617828_600_800_mask.png,oportunidades    de   negócio
68,6,137,12,234,116,371,128,234,116,371,116,371,128,234,128,sub_line_text,text,text_4,arial,regular,10,19co3fig2_20211228_164150_7461617828_600_800.png,/scratch/parceirosbr/bigoilict/share/BigOil/document_generator/datasets/documents_2021_12_28/19co3fig2_20211228_164150_7461617828_600_800.png,19co3fig2_20211228_164150_7461617828_600_800_mask.png,para  o  setor  privado as que
68,6,137,12,234,135,371,147,234,135,371,135,371,147,234,147,sub_line_text,text,text_4,arial,regular,10,19co3fig2_20211228_164150_7461617828_600_800.png,/scratch/parceirosbr/bigoilict/share/BigOil/document_generator/datasets/documents_2021_12_28/19co3fig2_20211228_164150_7461617828_600_800.png,19co3fig2_20211228_164150_7461617828_600_800_mask.png,iriam  a  determinar  o avanço
68,6,136,12,234,154,370,166,234,154,370,154,370,166,234,166,sub_line_text,text,text_4,arial,regular,10,19co3fig2_20211228_164150_7461617828_600_800.png,/scratch/parceirosbr/bigoilict/share/BigOil/document_generator/datasets/documents_2021_12_28/19co3fig2_20211228_164150_7461617828_600_800.png,19co3fig2_20211228_164150_7461617828_600_800_mask.png,no  processo  de  integração.
64,6,128,12,234,173,362,185,234,173,362,173,362,185,234,185,sub_line_text,text,text_4,arial,regular,10,19co3fig2_20211228_164150_7461617828_600_800.png,/scratch/parceirosbr/bigoilict/share/BigOil/document_generator/datasets/documents_2021_12_28/19co3fig2_20211228_164150_7461617828_600_800.png,19co3fig2_20211228_164150_7461617828_600_800_mask.png,"Verifica-se, ademais, uma r."
68,53,137,107,234,78,371,185,234,78,371,78,371,185,234,185,text,text,text_4,arial,regular,10,19co3fig2_20211228_164150_7461617828_600_800.png,/scratch/parceirosbr/bigoilict/share/BigOil/document_generator/datasets/documents_2021_12_28/19co3fig2_20211228_164150_7461617828_600_800.png,19co3fig2_20211228_164150_7461617828_600_800_mask.png,nan
29,7,58,15,275,192,333,207,275,192,333,192,333,207,275,207,sub_line_text,subsubtitle,subsubtitle_1,arial,italic,13,19co3fig2_20211228_164150_7461617828_600_800.png,/scratch/parceirosbr/bigoilict/share/BigOil/document_generator/datasets/documents_2021_12_28/19co3fig2_20211228_164150_7461617828_600_800.png,19co3fig2_20211228_164150_7461617828_600_800_mask.png,Variações
29,7,58,15,275,192,333,207,275,192,333,192,333,207,275,207,title,subsubtitle,subsubtitle_1,arial,italic,13,19co3fig2_20211228_164150_7461617828_600_800.png,/scratch/parceirosbr/bigoilict/share/BigOil/document_generator/datasets/documents_2021_12_28/19co3fig2_20211228_164150_7461617828_600_800.png,19co3fig2_20211228_164150_7461617828_600_800_mask.png,nan
61,6,122,12,234,218,356,230,234,218,356,218,356,230,234,230,sub_line_text,subsubsubtitle,subsubsubtitle_0,arial,bolditalic,10,19co3fig2_20211228_164150_7461617828_600_800.png,/scratch/parceirosbr/bigoilict/share/BigOil/document_generator/datasets/documents_2021_12_28/19co3fig2_20211228_164150_7461617828_600_800.png,19co3fig2_20211228_164150_7461617828_600_800_mask.png,General arrangement the
61,6,122,12,234,218,356,230,234,218,356,218,356,230,234,230,title,subsubsubtitle,subsubsubtitle_0,arial,bolditalic,10,19co3fig2_20211228_164150_7461617828_600_800.png,/scratch/parceirosbr/bigoilict/share/BigOil/document_generator/datasets/documents_2021_12_28/19co3fig2_20211228_164150_7461617828_600_800.png,19co3fig2_20211228_164150_7461617828_600_800_mask.png,nan
57,6,114,12,255,241,369,253,255,241,369,241,369,253,255,253,sub_line_text,text,text_5,arial,regular,10,19co3fig2_20211228_164150_7461617828_600_800.png,/scratch/parceirosbr/bigoilict/share/BigOil/document_generator/datasets/documents_2021_12_28/19co3fig2_20211228_164150_7461617828_600_800.png,19co3fig2_20211228_164150_7461617828_600_800_mask.png,In  the 3D representatio-
68,6,136,12,234,260,370,272,234,260,370,260,370,272,234,272,sub_line_text,text,text_5,arial,regular,10,19co3fig2_20211228_164150_7461617828_600_800.png,/scratch/parceirosbr/bigoilict/share/BigOil/document_generator/datasets/documents_2021_12_28/19co3fig2_20211228_164150_7461617828_600_800.png,19co3fig2_20211228_164150_7461617828_600_800_mask.png,"n,  this temperature reduction"
67,6,135,12,234,279,369,291,234,279,369,279,369,291,234,291,sub_line_text,text,text_5,arial,regular,10,19co3fig2_20211228_164150_7461617828_600_800.png,/scratch/parceirosbr/bigoilict/share/BigOil/document_generator/datasets/documents_2021_12_28/19co3fig2_20211228_164150_7461617828_600_800.png,19co3fig2_20211228_164150_7461617828_600_800_mask.png,is  not  noticeable in the axial
67,6,135,12,234,298,369,310,234,298,369,298,369,310,234,310,sub_line_text,text,text_5,arial,regular,10,19co3fig2_20211228_164150_7461617828_600_800.png,/scratch/parceirosbr/bigoilict/share/BigOil/document_generator/datasets/documents_2021_12_28/19co3fig2_20211228_164150_7461617828_600_800.png,19co3fig2_20211228_164150_7461617828_600_800_mask.png,"profiles.    Elasto-plastic,    as"
68,6,137,12,234,317,371,329,234,317,371,317,371,329,234,329,sub_line_text,text,text_5,arial,regular,10,19co3fig2_20211228_164150_7461617828_600_800.png,/scratch/parceirosbr/bigoilict/share/BigOil/document_generator/datasets/documents_2021_12_28/19co3fig2_20211228_164150_7461617828_600_800.png,19co3fig2_20211228_164150_7461617828_600_800_mask.png,mentioned  in topic 3.6.2.4. f-
68,6,136,12,234,336,370,348,234,336,370,336,370,348,234,348,sub_line_text,text,text_5,arial,regular,10,19co3fig2_20211228_164150_7461617828_600_800.png,/scratch/parceirosbr/bigoilict/share/BigOil/document_generator/datasets/documents_2021_12_28/19co3fig2_20211228_164150_7461617828_600_800.png,19co3fig2_20211228_164150_7461617828_600_800_mask.png,rom  6  the apparent dynamic
64,6,128,12,234,355,362,367,234,355,362,355,362,367,234,367,sub_line_text,text,text_5,arial,regular,10,19co3fig2_20211228_164150_7461617828_600_800.png,/scratch/parceirosbr/bigoilict/share/BigOil/document_generator/datasets/documents_2021_12_28/19co3fig2_20211228_164150_7461617828_600_800.png,19co3fig2_20211228_164150_7461617828_600_800_mask.png,elastoplastic fracture tough.
68,63,137,126,234,241,371,367,234,241,371,241,371,367,234,367,text,text,text_5,arial,regular,10,19co3fig2_20211228_164150_7461617828_600_800.png,/scratch/parceirosbr/bigoilict/share/BigOil/document_generator/datasets/documents_2021_12_28/19co3fig2_20211228_164150_7461617828_600_800.png,19co3fig2_20211228_164150_7461617828_600_800_mask.png,nan
57,6,115,12,255,374,370,386,255,374,370,374,370,386,255,386,sub_line_text,text,text_6,arial,regular,10,19co3fig2_20211228_164150_7461617828_600_800.png,/scratch/parceirosbr/bigoilict/share/BigOil/document_generator/datasets/documents_2021_12_28/19co3fig2_20211228_164150_7461617828_600_800.png,19co3fig2_20211228_164150_7461617828_600_800_mask.png,"I  (285.213nm),  referring"
67,6,135,12,234,393,369,405,234,393,369,393,369,405,234,405,sub_line_text,text,text_6,arial,regular,10,19co3fig2_20211228_164150_7461617828_600_800.png,/scratch/parceirosbr/bigoilict/share/BigOil/document_generator/datasets/documents_2021_12_28/19co3fig2_20211228_164150_7461617828_600_800.png,19co3fig2_20211228_164150_7461617828_600_800_mask.png,to  the  atomic  transition and
68,6,136,12,234,412,370,424,234,412,370,412,370,424,234,424,sub_line_text,text,text_6,arial,regular,10,19co3fig2_20211228_164150_7461617828_600_800.png,/scratch/parceirosbr/bigoilict/share/BigOil/document_generator/datasets/documents_2021_12_28/19co3fig2_20211228_164150_7461617828_600_800.png,19co3fig2_20211228_164150_7461617828_600_800_mask.png,(280.271nm)  referring  to the
64,6,128,12,234,431,362,443,234,431,362,431,362,443,234,443,sub_line_text,text,text_6,arial,regular,10,19co3fig2_20211228_164150_7461617828_600_800.png,/scratch/parceirosbr/bigoilict/share/BigOil/document_generator/datasets/documents_2021_12_28/19co3fig2_20211228_164150_7461617828_600_800.png,19co3fig2_20211228_164150_7461617828_600_800_mask.png,"ionic transition (Mermet, 19-"
68,34,136,69,234,374,370,443,234,374,370,374,370,443,234,443,text,text,text_6,arial,regular,10,19co3fig2_20211228_164150_7461617828_600_800.png,/scratch/parceirosbr/bigoilict/share/BigOil/document_generator/datasets/documents_2021_12_28/19co3fig2_20211228_164150_7461617828_600_800.png,19co3fig2_20211228_164150_7461617828_600_800_mask.png,nan
54,6,108,12,255,450,363,462,255,450,363,450,363,462,255,462,sub_line_text,text,text_7,arial,regular,10,19co3fig2_20211228_164150_7461617828_600_800.png,/scratch/parceirosbr/bigoilict/share/BigOil/document_generator/datasets/documents_2021_12_28/19co3fig2_20211228_164150_7461617828_600_800.png,19co3fig2_20211228_164150_7461617828_600_800_mask.png,The of is the current e-.
54,6,108,12,255,450,363,462,255,450,363,450,363,462,255,462,text,text,text_7,arial,regular,10,19co3fig2_20211228_164150_7461617828_600_800.png,/scratch/parceirosbr/bigoilict/share/BigOil/document_generator/datasets/documents_2021_12_28/19co3fig2_20211228_164150_7461617828_600_800.png,19co3fig2_20211228_164150_7461617828_600_800_mask.png,nan
58,6,116,12,424,78,540,90,424,78,540,78,540,90,424,90,sub_line_text,text,text_8,arial,regular,10,19co3fig2_20211228_164150_7461617828_600_800.png,/scratch/parceirosbr/bigoilict/share/BigOil/document_generator/datasets/documents_2021_12_28/19co3fig2_20211228_164150_7461617828_600_800.png,19co3fig2_20211228_164150_7461617828_600_800_mask.png,Chart  40.  of  net gasoli-
68,6,137,12,403,97,540,109,403,97,540,97,540,109,403,109,sub_line_text,text,text_8,arial,regular,10,19co3fig2_20211228_164150_7461617828_600_800.png,/scratch/parceirosbr/bigoilict/share/BigOil/document_generator/datasets/documents_2021_12_28/19co3fig2_20211228_164150_7461617828_600_800.png,19co3fig2_20211228_164150_7461617828_600_800_mask.png,ne  imports  for  between  20-
68,6,136,12,403,116,539,128,403,116,539,116,539,128,403,128,sub_line_text,text,text_8,arial,regular,10,19co3fig2_20211228_164150_7461617828_600_800.png,/scratch/parceirosbr/bigoilict/share/BigOil/document_generator/datasets/documents_2021_12_28/19co3fig2_20211228_164150_7461617828_600_800.png,19co3fig2_20211228_164150_7461617828_600_800_mask.png,00  and 2012 (thousand m3).
67,6,135,12,403,135,538,147,403,135,538,135,538,147,403,147,sub_line_text,text,text_8,arial,regular,10,19co3fig2_20211228_164150_7461617828_600_800.png,/scratch/parceirosbr/bigoilict/share/BigOil/document_generator/datasets/documents_2021_12_28/19co3fig2_20211228_164150_7461617828_600_800.png,19co3fig2_20211228_164150_7461617828_600_800_mask.png,Graph  3.3  of  distributors  in
68,6,137,12,403,154,540,166,403,154,540,154,540,166,403,166,sub_line_text,text,text_8,arial,regular,10,19co3fig2_20211228_164150_7461617828_600_800.png,/scratch/parceirosbr/bigoilict/share/BigOil/document_generator/datasets/documents_2021_12_28/19co3fig2_20211228_164150_7461617828_600_800.png,19co3fig2_20211228_164150_7461617828_600_800_mask.png,national  sales  of gasoline 2-
68,6,137,12,403,173,540,185,403,173,540,173,540,185,403,185,sub_line_text,text,text_8,arial,regular,10,19co3fig2_20211228_164150_7461617828_600_800.png,/scratch/parceirosbr/bigoilict/share/BigOil/document_generator/datasets/documents_2021_12_28/19co3fig2_20211228_164150_7461617828_600_800.png,19co3fig2_20211228_164150_7461617828_600_800_mask.png,008.  Para  o  período de 19-
68,6,136,12,403,192,539,204,403,192,539,192,539,204,403,204,sub_line_text,text,text_8,arial,regular,10,19co3fig2_20211228_164150_7461617828_600_800.png,/scratch/parceirosbr/bigoilict/share/BigOil/document_generator/datasets/documents_2021_12_28/19co3fig2_20211228_164150_7461617828_600_800.png,19co3fig2_20211228_164150_7461617828_600_800_mask.png,98  até  o 3 trimestre de 201-
66,6,132,12,403,211,535,223,403,211,535,211,535,223,403,223,sub_line_text,text,text_8,arial,regular,10,19co3fig2_20211228_164150_7461617828_600_800.png,/scratch/parceirosbr/bigoilict/share/BigOil/document_generator/datasets/documents_2021_12_28/19co3fig2_20211228_164150_7461617828_600_800.png,19co3fig2_20211228_164150_7461617828_600_800_mask.png,"7, o valor total acumulado p."
68,72,137,145,403,78,540,223,403,78,540,78,540,223,403,223,text,text,text_8,arial,regular,10,19co3fig2_20211228_164150_7461617828_600_800.png,/scratch/parceirosbr/bigoilict/share/BigOil/document_generator/datasets/documents_2021_12_28/19co3fig2_20211228_164150_7461617828_600_800.png,19co3fig2_20211228_164150_7461617828_600_800_mask.png,nan
57,6,115,12,424,230,539,242,424,230,539,230,539,242,424,242,sub_line_text,text,text_9,arial,regular,10,19co3fig2_20211228_164150_7461617828_600_800.png,/scratch/parceirosbr/bigoilict/share/BigOil/document_generator/datasets/documents_2021_12_28/19co3fig2_20211228_164150_7461617828_600_800.png,19co3fig2_20211228_164150_7461617828_600_800_mask.png,The  orientation  of the l-
68,6,136,12,403,249,539,261,403,249,539,249,539,261,403,261,sub_line_text,text,text_9,arial,regular,10,19co3fig2_20211228_164150_7461617828_600_800.png,/scratch/parceirosbr/bigoilict/share/BigOil/document_generator/datasets/documents_2021_12_28/19co3fig2_20211228_164150_7461617828_600_800.png,19co3fig2_20211228_164150_7461617828_600_800_mask.png,"ayers,  as  well  as the groov-"
68,6,137,12,403,268,540,280,403,268,540,268,540,280,403,280,sub_line_text,text,text_9,arial,regular,10,19co3fig2_20211228_164150_7461617828_600_800.png,/scratch/parceirosbr/bigoilict/share/BigOil/document_generator/datasets/documents_2021_12_28/19co3fig2_20211228_164150_7461617828_600_800.png,19co3fig2_20211228_164150_7461617828_600_800_mask.png,"es  in the rocks, may indicate,"
67,6,135,12,403,287,538,299,403,287,538,287,538,299,403,299,sub_line_text,text,text_9,arial,regular,10,19co3fig2_20211228_164150_7461617828_600_800.png,/scratch/parceirosbr/bigoilict/share/BigOil/document_generator/datasets/documents_2021_12_28/19co3fig2_20211228_164150_7461617828_600_800.png,19co3fig2_20211228_164150_7461617828_600_800_mask.png,"in  reservoir dynamics, the di-"
68,6,137,12,403,306,540,318,403,306,540,306,540,318,403,318,sub_line_text,text,text_9,arial,regular,10,19co3fig2_20211228_164150_7461617828_600_800.png,/scratch/parceirosbr/bigoilict/share/BigOil/document_generator/datasets/documents_2021_12_28/19co3fig2_20211228_164150_7461617828_600_800.png,19co3fig2_20211228_164150_7461617828_600_800_mask.png,rection  of  ux  of  a hydrocar-
68,6,136,12,403,325,539,337,403,325,539,325,539,337,403,337,sub_line_text,text,text_9,arial,regular,10,19co3fig2_20211228_164150_7461617828_600_800.png,/scratch/parceirosbr/bigoilict/share/BigOil/document_generator/datasets/documents_2021_12_28/19co3fig2_20211228_164150_7461617828_600_800.png,19co3fig2_20211228_164150_7461617828_600_800_mask.png,"bon  fluid.  In  its  article 23, it"
67,6,135,12,403,344,538,356,403,344,538,344,538,356,403,356,sub_line_text,text,text_9,arial,regular,10,19co3fig2_20211228_164150_7461617828_600_800.png,/scratch/parceirosbr/bigoilict/share/BigOil/document_generator/datasets/documents_2021_12_28/19co3fig2_20211228_164150_7461617828_600_800.png,19co3fig2_20211228_164150_7461617828_600_800_mask.png,establishes   that  during  the
65,6,130,12,403,363,533,375,403,363,533,363,533,375,403,375,sub_line_text,text,text_9,arial,regular,10,19co3fig2_20211228_164150_7461617828_600_800.png,/scratch/parceirosbr/bigoilict/share/BigOil/document_generator/datasets/documents_2021_12_28/19co3fig2_20211228_164150_7461617828_600_800.png,19co3fig2_20211228_164150_7461617828_600_800_mask.png,cannoning stages and fract.
68,72,137,145,403,230,540,375,403,230,540,230,540,375,403,375,text,text,text_9,arial,regular,10,19co3fig2_20211228_164150_7461617828_600_800.png,/scratch/parceirosbr/bigoilict/share/BigOil/document_generator/datasets/documents_2021_12_28/19co3fig2_20211228_164150_7461617828_600_800.png,19co3fig2_20211228_164150_7461617828_600_800_mask.png,nan
57,6,115,12,424,382,539,394,424,382,539,382,539,394,424,394,sub_line_text,text,text_10,arial,regular,10,19co3fig2_20211228_164150_7461617828_600_800.png,/scratch/parceirosbr/bigoilict/share/BigOil/document_generator/datasets/documents_2021_12_28/19co3fig2_20211228_164150_7461617828_600_800.png,19co3fig2_20211228_164150_7461617828_600_800_mask.png,"In  1995,  the total refini-"
67,6,135,12,403,401,538,413,403,401,538,401,538,413,403,413,sub_line_text,text,text_10,arial,regular,10,19co3fig2_20211228_164150_7461617828_600_800.png,/scratch/parceirosbr/bigoilict/share/BigOil/document_generator/datasets/documents_2021_12_28/19co3fig2_20211228_164150_7461617828_600_800.png,19co3fig2_20211228_164150_7461617828_600_800_mask.png,ng  capacity was approximat-
64,6,129,12,403,420,532,432,403,420,532,420,532,432,403,432,sub_line_text,text,text_10,arial,regular,10,19co3fig2_20211228_164150_7461617828_600_800.png,/scratch/parceirosbr/bigoilict/share/BigOil/document_generator/datasets/documents_2021_12_28/19co3fig2_20211228_164150_7461617828_600_800.png,19co3fig2_20211228_164150_7461617828_600_800_mask.png,"ely 1,560,000 barrels per d-"
68,25,136,50,403,382,539,432,403,382,539,382,539,432,403,432,text,text,text_10,arial,regular,10,19co3fig2_20211228_164150_7461617828_600_800.png,/scratch/parceirosbr/bigoilict/share/BigOil/document_generator/datasets/documents_2021_12_28/19co3fig2_20211228_164150_7461617828_600_800.png,19co3fig2_20211228_164150_7461617828_600_800_mask.png,nan
57,6,115,12,424,439,539,451,424,439,539,439,539,451,424,451,sub_line_text,text,text_11,arial,regular,10,19co3fig2_20211228_164150_7461617828_600_800.png,/scratch/parceirosbr/bigoilict/share/BigOil/document_generator/datasets/documents_2021_12_28/19co3fig2_20211228_164150_7461617828_600_800.png,19co3fig2_20211228_164150_7461617828_600_800_mask.png,Esta   seção  se  destina
63,6,126,12,403,458,529,470,403,458,529,458,529,470,403,470,sub_line_text,text,text_11,arial,regular,10,19co3fig2_20211228_164150_7461617828_600_800.png,/scratch/parceirosbr/bigoilict/share/BigOil/document_generator/datasets/documents_2021_12_28/19co3fig2_20211228_164150_7461617828_600_800.png,19co3fig2_20211228_164150_7461617828_600_800_mask.png,ao esclarecimento da abor.
68,15,136,31,403,439,539,470,403,439,539,439,539,470,403,470,text,text,text_11,arial,regular,10,19co3fig2_20211228_164150_7461617828_600_800.png,/scratch/parceirosbr/bigoilict/share/BigOil/document_generator/datasets/documents_2021_12_28/19co3fig2_20211228_164150_7461617828_600_800.png,19co3fig2_20211228_164150_7461617828_600_800_mask.png,nan
