center_x,center_y,width,height,xmin,ymin,xmax,ymax,top_left_x,top_left_y,top_right_x,top_right_y,bottom_right_x,bottom_right_y,bottom_left_x,bottom_left_y,label,grouplabel,group,text_font,text_style,size_font,filename,path,filename_mask,content
300,400,600,800,0,0,600,800,0,0,600,0,600,800,0,800,document,,,,,,19co3fig2_20211228_164150_8240706665_600_800.png,/scratch/parceirosbr/bigoilict/share/BigOil/document_generator/datasets/documents_2021_12_28/19co3fig2_20211228_164150_8240706665_600_800.png,19co3fig2_20211228_164150_8240706665_600_800_mask.png,
5,6,10,12,549,56,559,68,549,56,559,56,559,68,549,68,sub_line_text,numpag,header_1,opensans,regular,9,19co3fig2_20211228_164150_8240706665_600_800.png,/scratch/parceirosbr/bigoilict/share/BigOil/document_generator/datasets/documents_2021_12_28/19co3fig2_20211228_164150_8240706665_600_800.png,19co3fig2_20211228_164150_8240706665_600_800_mask.png,94
5,6,10,12,549,56,559,68,549,56,559,56,559,68,549,68,text,numpag,header_1,opensans,regular,9,19co3fig2_20211228_164150_8240706665_600_800.png,/scratch/parceirosbr/bigoilict/share/BigOil/document_generator/datasets/documents_2021_12_28/19co3fig2_20211228_164150_8240706665_600_800.png,19co3fig2_20211228_164150_8240706665_600_800_mask.png,nan
26,6,53,12,61,56,114,68,61,56,114,56,114,68,61,68,sub_line_text,header,header_1,opensans,regular,9,19co3fig2_20211228_164150_8240706665_600_800.png,/scratch/parceirosbr/bigoilict/share/BigOil/document_generator/datasets/documents_2021_12_28/19co3fig2_20211228_164150_8240706665_600_800.png,19co3fig2_20211228_164150_8240706665_600_800_mask.png,"Agilent 6890,"
26,6,53,12,61,56,114,68,61,56,114,56,114,68,61,68,text,header,header_1,opensans,regular,9,19co3fig2_20211228_164150_8240706665_600_800.png,/scratch/parceirosbr/bigoilict/share/BigOil/document_generator/datasets/documents_2021_12_28/19co3fig2_20211228_164150_8240706665_600_800.png,19co3fig2_20211228_164150_8240706665_600_800_mask.png,nan
249,1,499,2,61,67,560,69,61,67,560,67,560,69,61,69,line,line,line,,,,19co3fig2_20211228_164150_8240706665_600_800.png,/scratch/parceirosbr/bigoilict/share/BigOil/document_generator/datasets/documents_2021_12_28/19co3fig2_20211228_164150_8240706665_600_800.png,19co3fig2_20211228_164150_8240706665_600_800_mask.png,nan
97,5,195,10,61,78,256,88,61,78,256,78,256,88,61,88,sub_line_text,table_legend,table_0,opensans,regular,8,19co3fig2_20211228_164150_8240706665_600_800.png,/scratch/parceirosbr/bigoilict/share/BigOil/document_generator/datasets/documents_2021_12_28/19co3fig2_20211228_164150_8240706665_600_800.png,19co3fig2_20211228_164150_8240706665_600_800_mask.png,"Tabela  49:    Em  2016,  o  importou 832,1 mil m3 de"
23,5,46,10,61,92,107,102,61,92,107,92,107,102,61,102,sub_line_text,table_legend,table_0,opensans,regular,8,19co3fig2_20211228_164150_8240706665_600_800.png,/scratch/parceirosbr/bigoilict/share/BigOil/document_generator/datasets/documents_2021_12_28/19co3fig2_20211228_164150_8240706665_600_800.png,19co3fig2_20211228_164150_8240706665_600_800_mask.png,"eta-nol, uma"
97,12,195,24,61,78,256,102,61,78,256,78,256,102,61,102,text,table_legend,table_0,opensans,regular,8,19co3fig2_20211228_164150_8240706665_600_800.png,/scratch/parceirosbr/bigoilict/share/BigOil/document_generator/datasets/documents_2021_12_28/19co3fig2_20211228_164150_8240706665_600_800.png,19co3fig2_20211228_164150_8240706665_600_800_mask.png,nan
113,46,227,92,67,107,294,199,67,107,294,107,294,199,67,199,table,table_image,table_0,,,,19co3fig2_20211228_164150_8240706665_600_800.png,/scratch/parceirosbr/bigoilict/share/BigOil/document_generator/datasets/documents_2021_12_28/19co3fig2_20211228_164150_8240706665_600_800.png,19co3fig2_20211228_164150_8240706665_600_800_mask.png,output/gen_tab_20211228_164150_9157282936.png
14,4,29,9,82,109,111,118,82,109,111,109,111,118,82,118,text,table_text,table_0,courier,bold,9.0,19co3fig2_20211228_164150_8240706665_600_800.png,/scratch/parceirosbr/bigoilict/share/BigOil/document_generator/datasets/documents_2021_12_28/19co3fig2_20211228_164150_8240706665_600_800.png,19co3fig2_20211228_164150_8240706665_600_800_mask.png,muitas
14,4,29,9,82,109,111,118,82,109,111,109,111,118,82,118,sub_line_text,table_text,table_0,courier,bold,9.0,19co3fig2_20211228_164150_8240706665_600_800.png,/scratch/parceirosbr/bigoilict/share/BigOil/document_generator/datasets/documents_2021_12_28/19co3fig2_20211228_164150_8240706665_600_800.png,19co3fig2_20211228_164150_8240706665_600_800_mask.png,muitas
23,4,47,9,73,122,120,131,73,122,120,122,120,131,73,131,text,table_text,table_0,courier,regular,9.0,19co3fig2_20211228_164150_8240706665_600_800.png,/scratch/parceirosbr/bigoilict/share/BigOil/document_generator/datasets/documents_2021_12_28/19co3fig2_20211228_164150_8240706665_600_800.png,19co3fig2_20211228_164150_8240706665_600_800_mask.png,energética
23,4,47,9,73,122,120,131,73,122,120,122,120,131,73,131,sub_line_text,table_text,table_0,courier,regular,9.0,19co3fig2_20211228_164150_8240706665_600_800.png,/scratch/parceirosbr/bigoilict/share/BigOil/document_generator/datasets/documents_2021_12_28/19co3fig2_20211228_164150_8240706665_600_800.png,19co3fig2_20211228_164150_8240706665_600_800_mask.png,energética
18,4,37,9,78,134,115,143,78,134,115,134,115,143,78,143,text,table_text,table_0,courier,regular,9.0,19co3fig2_20211228_164150_8240706665_600_800.png,/scratch/parceirosbr/bigoilict/share/BigOil/document_generator/datasets/documents_2021_12_28/19co3fig2_20211228_164150_8240706665_600_800.png,19co3fig2_20211228_164150_8240706665_600_800_mask.png,controle
18,4,37,9,78,134,115,143,78,134,115,134,115,143,78,143,sub_line_text,table_text,table_0,courier,regular,9.0,19co3fig2_20211228_164150_8240706665_600_800.png,/scratch/parceirosbr/bigoilict/share/BigOil/document_generator/datasets/documents_2021_12_28/19co3fig2_20211228_164150_8240706665_600_800.png,19co3fig2_20211228_164150_8240706665_600_800_mask.png,controle
16,4,33,9,80,146,113,155,80,146,113,146,113,155,80,155,text,table_text,table_0,courier,regular,9.0,19co3fig2_20211228_164150_8240706665_600_800.png,/scratch/parceirosbr/bigoilict/share/BigOil/document_generator/datasets/documents_2021_12_28/19co3fig2_20211228_164150_8240706665_600_800.png,19co3fig2_20211228_164150_8240706665_600_800_mask.png,sentido
16,4,33,9,80,146,113,155,80,146,113,146,113,155,80,155,sub_line_text,table_text,table_0,courier,regular,9.0,19co3fig2_20211228_164150_8240706665_600_800.png,/scratch/parceirosbr/bigoilict/share/BigOil/document_generator/datasets/documents_2021_12_28/19co3fig2_20211228_164150_8240706665_600_800.png,19co3fig2_20211228_164150_8240706665_600_800_mask.png,sentido
18,4,37,9,78,159,115,168,78,159,115,159,115,168,78,168,text,table_text,table_0,courier,regular,9.0,19co3fig2_20211228_164150_8240706665_600_800.png,/scratch/parceirosbr/bigoilict/share/BigOil/document_generator/datasets/documents_2021_12_28/19co3fig2_20211228_164150_8240706665_600_800.png,19co3fig2_20211228_164150_8240706665_600_800_mask.png,completa
18,4,37,9,78,159,115,168,78,159,115,159,115,168,78,168,sub_line_text,table_text,table_0,courier,regular,9.0,19co3fig2_20211228_164150_8240706665_600_800.png,/scratch/parceirosbr/bigoilict/share/BigOil/document_generator/datasets/documents_2021_12_28/19co3fig2_20211228_164150_8240706665_600_800.png,19co3fig2_20211228_164150_8240706665_600_800_mask.png,completa
14,4,28,9,83,171,111,180,83,171,111,171,111,180,83,180,text,table_text,table_0,courier,regular,9.0,19co3fig2_20211228_164150_8240706665_600_800.png,/scratch/parceirosbr/bigoilict/share/BigOil/document_generator/datasets/documents_2021_12_28/19co3fig2_20211228_164150_8240706665_600_800.png,19co3fig2_20211228_164150_8240706665_600_800_mask.png,reação
14,4,28,9,83,171,111,180,83,171,111,171,111,180,83,180,sub_line_text,table_text,table_0,courier,regular,9.0,19co3fig2_20211228_164150_8240706665_600_800.png,/scratch/parceirosbr/bigoilict/share/BigOil/document_generator/datasets/documents_2021_12_28/19co3fig2_20211228_164150_8240706665_600_800.png,19co3fig2_20211228_164150_8240706665_600_800_mask.png,reação
7,4,15,9,274,183,289,192,274,183,289,183,289,192,274,192,text,table_text,table_0,courier,regular,9.0,19co3fig2_20211228_164150_8240706665_600_800.png,/scratch/parceirosbr/bigoilict/share/BigOil/document_generator/datasets/documents_2021_12_28/19co3fig2_20211228_164150_8240706665_600_800.png,19co3fig2_20211228_164150_8240706665_600_800_mask.png,tem
7,4,15,9,274,183,289,192,274,183,289,183,289,192,274,192,sub_line_text,table_text,table_0,courier,regular,9.0,19co3fig2_20211228_164150_8240706665_600_800.png,/scratch/parceirosbr/bigoilict/share/BigOil/document_generator/datasets/documents_2021_12_28/19co3fig2_20211228_164150_8240706665_600_800.png,19co3fig2_20211228_164150_8240706665_600_800_mask.png,tem
12,4,24,9,158,109,182,118,158,109,182,109,182,118,158,118,text,table_text,table_0,courier,bold,9.0,19co3fig2_20211228_164150_8240706665_600_800.png,/scratch/parceirosbr/bigoilict/share/BigOil/document_generator/datasets/documents_2021_12_28/19co3fig2_20211228_164150_8240706665_600_800.png,19co3fig2_20211228_164150_8240706665_600_800_mask.png,tanto
12,4,24,9,158,109,182,118,158,109,182,109,182,118,158,118,sub_line_text,table_text,table_0,courier,bold,9.0,19co3fig2_20211228_164150_8240706665_600_800.png,/scratch/parceirosbr/bigoilict/share/BigOil/document_generator/datasets/documents_2021_12_28/19co3fig2_20211228_164150_8240706665_600_800.png,19co3fig2_20211228_164150_8240706665_600_800_mask.png,tanto
23,4,47,9,136,122,183,131,136,122,183,122,183,131,136,131,text,table_text,table_0,courier,regular,9.0,19co3fig2_20211228_164150_8240706665_600_800.png,/scratch/parceirosbr/bigoilict/share/BigOil/document_generator/datasets/documents_2021_12_28/19co3fig2_20211228_164150_8240706665_600_800.png,19co3fig2_20211228_164150_8240706665_600_800_mask.png,4886307.66
23,4,47,9,136,122,183,131,136,122,183,122,183,131,136,131,sub_line_text,table_text,table_0,courier,regular,9.0,19co3fig2_20211228_164150_8240706665_600_800.png,/scratch/parceirosbr/bigoilict/share/BigOil/document_generator/datasets/documents_2021_12_28/19co3fig2_20211228_164150_8240706665_600_800.png,19co3fig2_20211228_164150_8240706665_600_800_mask.png,4886307.66
23,4,47,9,136,134,183,143,136,134,183,134,183,143,136,143,text,table_text,table_0,courier,regular,9.0,19co3fig2_20211228_164150_8240706665_600_800.png,/scratch/parceirosbr/bigoilict/share/BigOil/document_generator/datasets/documents_2021_12_28/19co3fig2_20211228_164150_8240706665_600_800.png,19co3fig2_20211228_164150_8240706665_600_800_mask.png,3755672.03
23,4,47,9,136,134,183,143,136,134,183,134,183,143,136,143,sub_line_text,table_text,table_0,courier,regular,9.0,19co3fig2_20211228_164150_8240706665_600_800.png,/scratch/parceirosbr/bigoilict/share/BigOil/document_generator/datasets/documents_2021_12_28/19co3fig2_20211228_164150_8240706665_600_800.png,19co3fig2_20211228_164150_8240706665_600_800_mask.png,3755672.03
23,4,47,9,136,146,183,155,136,146,183,146,183,155,136,155,text,table_text,table_0,courier,regular,9.0,19co3fig2_20211228_164150_8240706665_600_800.png,/scratch/parceirosbr/bigoilict/share/BigOil/document_generator/datasets/documents_2021_12_28/19co3fig2_20211228_164150_8240706665_600_800.png,19co3fig2_20211228_164150_8240706665_600_800_mask.png,6958783.80
23,4,47,9,136,146,183,155,136,146,183,146,183,155,136,155,sub_line_text,table_text,table_0,courier,regular,9.0,19co3fig2_20211228_164150_8240706665_600_800.png,/scratch/parceirosbr/bigoilict/share/BigOil/document_generator/datasets/documents_2021_12_28/19co3fig2_20211228_164150_8240706665_600_800.png,19co3fig2_20211228_164150_8240706665_600_800_mask.png,6958783.80
23,4,47,9,136,159,183,168,136,159,183,159,183,168,136,168,text,table_text,table_0,courier,regular,9.0,19co3fig2_20211228_164150_8240706665_600_800.png,/scratch/parceirosbr/bigoilict/share/BigOil/document_generator/datasets/documents_2021_12_28/19co3fig2_20211228_164150_8240706665_600_800.png,19co3fig2_20211228_164150_8240706665_600_800_mask.png,1026475.89
23,4,47,9,136,159,183,168,136,159,183,159,183,168,136,168,sub_line_text,table_text,table_0,courier,regular,9.0,19co3fig2_20211228_164150_8240706665_600_800.png,/scratch/parceirosbr/bigoilict/share/BigOil/document_generator/datasets/documents_2021_12_28/19co3fig2_20211228_164150_8240706665_600_800.png,19co3fig2_20211228_164150_8240706665_600_800_mask.png,1026475.89
23,4,47,9,136,171,183,180,136,171,183,171,183,180,136,180,text,table_text,table_0,courier,regular,9.0,19co3fig2_20211228_164150_8240706665_600_800.png,/scratch/parceirosbr/bigoilict/share/BigOil/document_generator/datasets/documents_2021_12_28/19co3fig2_20211228_164150_8240706665_600_800.png,19co3fig2_20211228_164150_8240706665_600_800_mask.png,1824712.98
23,4,47,9,136,171,183,180,136,171,183,171,183,180,136,180,sub_line_text,table_text,table_0,courier,regular,9.0,19co3fig2_20211228_164150_8240706665_600_800.png,/scratch/parceirosbr/bigoilict/share/BigOil/document_generator/datasets/documents_2021_12_28/19co3fig2_20211228_164150_8240706665_600_800.png,19co3fig2_20211228_164150_8240706665_600_800_mask.png,1824712.98
10,4,20,9,231,109,251,118,231,109,251,109,251,118,231,118,text,table_text,table_0,courier,bold,9.0,19co3fig2_20211228_164150_8240706665_600_800.png,/scratch/parceirosbr/bigoilict/share/BigOil/document_generator/datasets/documents_2021_12_28/19co3fig2_20211228_164150_8240706665_600_800.png,19co3fig2_20211228_164150_8240706665_600_800_mask.png,para
10,4,20,9,231,109,251,118,231,109,251,109,251,118,231,118,sub_line_text,table_text,table_0,courier,bold,9.0,19co3fig2_20211228_164150_8240706665_600_800.png,/scratch/parceirosbr/bigoilict/share/BigOil/document_generator/datasets/documents_2021_12_28/19co3fig2_20211228_164150_8240706665_600_800.png,19co3fig2_20211228_164150_8240706665_600_800_mask.png,para
11,4,23,9,228,122,251,131,228,122,251,122,251,131,228,131,text,table_text,table_0,courier,regular,9.0,19co3fig2_20211228_164150_8240706665_600_800.png,/scratch/parceirosbr/bigoilict/share/BigOil/document_generator/datasets/documents_2021_12_28/19co3fig2_20211228_164150_8240706665_600_800.png,19co3fig2_20211228_164150_8240706665_600_800_mask.png,567.0
11,4,23,9,228,122,251,131,228,122,251,122,251,131,228,131,sub_line_text,table_text,table_0,courier,regular,9.0,19co3fig2_20211228_164150_8240706665_600_800.png,/scratch/parceirosbr/bigoilict/share/BigOil/document_generator/datasets/documents_2021_12_28/19co3fig2_20211228_164150_8240706665_600_800.png,19co3fig2_20211228_164150_8240706665_600_800_mask.png,567.0
18,4,37,9,214,134,251,143,214,134,251,134,251,143,214,143,text,table_text,table_0,courier,regular,9.0,19co3fig2_20211228_164150_8240706665_600_800.png,/scratch/parceirosbr/bigoilict/share/BigOil/document_generator/datasets/documents_2021_12_28/19co3fig2_20211228_164150_8240706665_600_800.png,19co3fig2_20211228_164150_8240706665_600_800_mask.png,804048.2
18,4,37,9,214,134,251,143,214,134,251,134,251,143,214,143,sub_line_text,table_text,table_0,courier,regular,9.0,19co3fig2_20211228_164150_8240706665_600_800.png,/scratch/parceirosbr/bigoilict/share/BigOil/document_generator/datasets/documents_2021_12_28/19co3fig2_20211228_164150_8240706665_600_800.png,19co3fig2_20211228_164150_8240706665_600_800_mask.png,804048.2
14,4,28,9,224,146,252,155,224,146,252,146,252,155,224,155,text,table_text,table_0,courier,regular,9.0,19co3fig2_20211228_164150_8240706665_600_800.png,/scratch/parceirosbr/bigoilict/share/BigOil/document_generator/datasets/documents_2021_12_28/19co3fig2_20211228_164150_8240706665_600_800.png,19co3fig2_20211228_164150_8240706665_600_800_mask.png,1156.4
14,4,28,9,224,146,252,155,224,146,252,146,252,155,224,155,sub_line_text,table_text,table_0,courier,regular,9.0,19co3fig2_20211228_164150_8240706665_600_800.png,/scratch/parceirosbr/bigoilict/share/BigOil/document_generator/datasets/documents_2021_12_28/19co3fig2_20211228_164150_8240706665_600_800.png,19co3fig2_20211228_164150_8240706665_600_800_mask.png,1156.4
11,4,23,9,228,159,251,168,228,159,251,159,251,168,228,168,text,table_text,table_0,courier,regular,9.0,19co3fig2_20211228_164150_8240706665_600_800.png,/scratch/parceirosbr/bigoilict/share/BigOil/document_generator/datasets/documents_2021_12_28/19co3fig2_20211228_164150_8240706665_600_800.png,19co3fig2_20211228_164150_8240706665_600_800_mask.png,744.5
11,4,23,9,228,159,251,168,228,159,251,159,251,168,228,168,sub_line_text,table_text,table_0,courier,regular,9.0,19co3fig2_20211228_164150_8240706665_600_800.png,/scratch/parceirosbr/bigoilict/share/BigOil/document_generator/datasets/documents_2021_12_28/19co3fig2_20211228_164150_8240706665_600_800.png,19co3fig2_20211228_164150_8240706665_600_800_mask.png,744.5
16,4,33,9,219,171,252,180,219,171,252,171,252,180,219,180,text,table_text,table_0,courier,regular,9.0,19co3fig2_20211228_164150_8240706665_600_800.png,/scratch/parceirosbr/bigoilict/share/BigOil/document_generator/datasets/documents_2021_12_28/19co3fig2_20211228_164150_8240706665_600_800.png,19co3fig2_20211228_164150_8240706665_600_800_mask.png,81376.5
16,4,33,9,219,171,252,180,219,171,252,171,252,180,219,180,sub_line_text,table_text,table_0,courier,regular,9.0,19co3fig2_20211228_164150_8240706665_600_800.png,/scratch/parceirosbr/bigoilict/share/BigOil/document_generator/datasets/documents_2021_12_28/19co3fig2_20211228_164150_8240706665_600_800.png,19co3fig2_20211228_164150_8240706665_600_800_mask.png,81376.5
9,4,19,9,269,109,288,118,269,109,288,109,288,118,269,118,text,table_text,table_0,courier,bold,9.0,19co3fig2_20211228_164150_8240706665_600_800.png,/scratch/parceirosbr/bigoilict/share/BigOil/document_generator/datasets/documents_2021_12_28/19co3fig2_20211228_164150_8240706665_600_800.png,19co3fig2_20211228_164150_8240706665_600_800_mask.png,pois
9,4,19,9,269,109,288,118,269,109,288,109,288,118,269,118,sub_line_text,table_text,table_0,courier,bold,9.0,19co3fig2_20211228_164150_8240706665_600_800.png,/scratch/parceirosbr/bigoilict/share/BigOil/document_generator/datasets/documents_2021_12_28/19co3fig2_20211228_164150_8240706665_600_800.png,19co3fig2_20211228_164150_8240706665_600_800_mask.png,pois
7,4,14,9,275,122,289,131,275,122,289,122,289,131,275,131,text,table_text,table_0,courier,regular,9.0,19co3fig2_20211228_164150_8240706665_600_800.png,/scratch/parceirosbr/bigoilict/share/BigOil/document_generator/datasets/documents_2021_12_28/19co3fig2_20211228_164150_8240706665_600_800.png,19co3fig2_20211228_164150_8240706665_600_800_mask.png,292
7,4,14,9,275,122,289,131,275,122,289,122,289,131,275,131,sub_line_text,table_text,table_0,courier,regular,9.0,19co3fig2_20211228_164150_8240706665_600_800.png,/scratch/parceirosbr/bigoilict/share/BigOil/document_generator/datasets/documents_2021_12_28/19co3fig2_20211228_164150_8240706665_600_800.png,19co3fig2_20211228_164150_8240706665_600_800_mask.png,292
9,4,18,9,270,134,288,143,270,134,288,134,288,143,270,143,text,table_text,table_0,courier,regular,9.0,19co3fig2_20211228_164150_8240706665_600_800.png,/scratch/parceirosbr/bigoilict/share/BigOil/document_generator/datasets/documents_2021_12_28/19co3fig2_20211228_164150_8240706665_600_800.png,19co3fig2_20211228_164150_8240706665_600_800_mask.png,4180
9,4,18,9,270,134,288,143,270,134,288,134,288,143,270,143,sub_line_text,table_text,table_0,courier,regular,9.0,19co3fig2_20211228_164150_8240706665_600_800.png,/scratch/parceirosbr/bigoilict/share/BigOil/document_generator/datasets/documents_2021_12_28/19co3fig2_20211228_164150_8240706665_600_800.png,19co3fig2_20211228_164150_8240706665_600_800_mask.png,4180
4,4,9,9,279,146,288,155,279,146,288,146,288,155,279,155,text,table_text,table_0,courier,regular,9.0,19co3fig2_20211228_164150_8240706665_600_800.png,/scratch/parceirosbr/bigoilict/share/BigOil/document_generator/datasets/documents_2021_12_28/19co3fig2_20211228_164150_8240706665_600_800.png,19co3fig2_20211228_164150_8240706665_600_800_mask.png,92
4,4,9,9,279,146,288,155,279,146,288,146,288,155,279,155,sub_line_text,table_text,table_0,courier,regular,9.0,19co3fig2_20211228_164150_8240706665_600_800.png,/scratch/parceirosbr/bigoilict/share/BigOil/document_generator/datasets/documents_2021_12_28/19co3fig2_20211228_164150_8240706665_600_800.png,19co3fig2_20211228_164150_8240706665_600_800_mask.png,92
9,4,18,9,270,159,288,168,270,159,288,159,288,168,270,168,text,table_text,table_0,courier,regular,9.0,19co3fig2_20211228_164150_8240706665_600_800.png,/scratch/parceirosbr/bigoilict/share/BigOil/document_generator/datasets/documents_2021_12_28/19co3fig2_20211228_164150_8240706665_600_800.png,19co3fig2_20211228_164150_8240706665_600_800_mask.png,4017
9,4,18,9,270,159,288,168,270,159,288,159,288,168,270,168,sub_line_text,table_text,table_0,courier,regular,9.0,19co3fig2_20211228_164150_8240706665_600_800.png,/scratch/parceirosbr/bigoilict/share/BigOil/document_generator/datasets/documents_2021_12_28/19co3fig2_20211228_164150_8240706665_600_800.png,19co3fig2_20211228_164150_8240706665_600_800_mask.png,4017
9,4,18,9,270,171,288,180,270,171,288,171,288,180,270,180,text,table_text,table_0,courier,regular,9.0,19co3fig2_20211228_164150_8240706665_600_800.png,/scratch/parceirosbr/bigoilict/share/BigOil/document_generator/datasets/documents_2021_12_28/19co3fig2_20211228_164150_8240706665_600_800.png,19co3fig2_20211228_164150_8240706665_600_800_mask.png,9277
9,4,18,9,270,171,288,180,270,171,288,171,288,180,270,180,sub_line_text,table_text,table_0,courier,regular,9.0,19co3fig2_20211228_164150_8240706665_600_800.png,/scratch/parceirosbr/bigoilict/share/BigOil/document_generator/datasets/documents_2021_12_28/19co3fig2_20211228_164150_8240706665_600_800.png,19co3fig2_20211228_164150_8240706665_600_800_mask.png,9277
96,5,193,10,319,78,512,88,319,78,512,78,512,88,319,88,sub_line_text,table_legend,table_0,opensans,regular,8,19co3fig2_20211228_164150_8240706665_600_800.png,/scratch/parceirosbr/bigoilict/share/BigOil/document_generator/datasets/documents_2021_12_28/19co3fig2_20211228_164150_8240706665_600_800.png,19co3fig2_20211228_164150_8240706665_600_800_mask.png,Tab.  66:    Eloi  y  é  engenheiro  mecânico  pela  e  ta-
96,5,192,10,319,92,511,102,319,92,511,92,511,102,319,102,sub_line_text,table_legend,table_0,opensans,regular,8,19co3fig2_20211228_164150_8240706665_600_800.png,/scratch/parceirosbr/bigoilict/share/BigOil/document_generator/datasets/documents_2021_12_28/19co3fig2_20211228_164150_8240706665_600_800.png,19co3fig2_20211228_164150_8240706665_600_800_mask.png,"mbém   em   engenharia  mecânica,  pela.  Dos  testes"
84,5,169,10,319,106,488,116,319,106,488,106,488,116,319,116,sub_line_text,table_legend,table_0,opensans,regular,8,19co3fig2_20211228_164150_8240706665_600_800.png,/scratch/parceirosbr/bigoilict/share/BigOil/document_generator/datasets/documents_2021_12_28/19co3fig2_20211228_164150_8240706665_600_800.png,19co3fig2_20211228_164150_8240706665_600_800_mask.png,"com dinamômetro realizados, dois foram para"
96,19,193,38,319,78,512,116,319,78,512,78,512,116,319,116,text,table_legend,table_0,opensans,regular,8,19co3fig2_20211228_164150_8240706665_600_800.png,/scratch/parceirosbr/bigoilict/share/BigOil/document_generator/datasets/documents_2021_12_28/19co3fig2_20211228_164150_8240706665_600_800.png,19co3fig2_20211228_164150_8240706665_600_800_mask.png,nan
117,114,234,229,322,121,556,350,322,121,556,121,556,350,322,350,table,table_image,table_0,,,,19co3fig2_20211228_164150_8240706665_600_800.png,/scratch/parceirosbr/bigoilict/share/BigOil/document_generator/datasets/documents_2021_12_28/19co3fig2_20211228_164150_8240706665_600_800.png,19co3fig2_20211228_164150_8240706665_600_800_mask.png,output/gen_tab_20211228_164152_6542960791.png
4,4,9,9,364,124,373,133,364,124,373,124,373,133,364,133,text,table_text,table_0,courier,regular,9.0,19co3fig2_20211228_164150_8240706665_600_800.png,/scratch/parceirosbr/bigoilict/share/BigOil/document_generator/datasets/documents_2021_12_28/19co3fig2_20211228_164150_8240706665_600_800.png,19co3fig2_20211228_164150_8240706665_600_800_mask.png,às
4,4,9,9,364,124,373,133,364,124,373,124,373,133,364,133,sub_line_text,table_text,table_0,courier,regular,9.0,19co3fig2_20211228_164150_8240706665_600_800.png,/scratch/parceirosbr/bigoilict/share/BigOil/document_generator/datasets/documents_2021_12_28/19co3fig2_20211228_164150_8240706665_600_800.png,19co3fig2_20211228_164150_8240706665_600_800_mask.png,às
19,4,39,9,350,137,389,146,350,137,389,137,389,146,350,146,text,table_text,table_0,courier,bold,9.0,19co3fig2_20211228_164150_8240706665_600_800.png,/scratch/parceirosbr/bigoilict/share/BigOil/document_generator/datasets/documents_2021_12_28/19co3fig2_20211228_164150_8240706665_600_800.png,19co3fig2_20211228_164150_8240706665_600_800_mask.png,partirde
19,4,39,9,350,137,389,146,350,137,389,137,389,146,350,146,sub_line_text,table_text,table_0,courier,bold,9.0,19co3fig2_20211228_164150_8240706665_600_800.png,/scratch/parceirosbr/bigoilict/share/BigOil/document_generator/datasets/documents_2021_12_28/19co3fig2_20211228_164150_8240706665_600_800.png,19co3fig2_20211228_164150_8240706665_600_800_mask.png,partirde
24,4,48,9,345,150,393,159,345,150,393,150,393,159,345,159,text,table_text,table_0,courier,bold,9.0,19co3fig2_20211228_164150_8240706665_600_800.png,/scratch/parceirosbr/bigoilict/share/BigOil/document_generator/datasets/documents_2021_12_28/19co3fig2_20211228_164150_8240706665_600_800.png,19co3fig2_20211228_164150_8240706665_600_800_mask.png,calculadas
24,4,48,9,345,150,393,159,345,150,393,150,393,159,345,159,sub_line_text,table_text,table_0,courier,bold,9.0,19co3fig2_20211228_164150_8240706665_600_800.png,/scratch/parceirosbr/bigoilict/share/BigOil/document_generator/datasets/documents_2021_12_28/19co3fig2_20211228_164150_8240706665_600_800.png,19co3fig2_20211228_164150_8240706665_600_800_mask.png,calculadas
18,4,36,9,352,163,388,172,352,163,388,163,388,172,352,172,text,table_text,table_0,courier,bold,9.0,19co3fig2_20211228_164150_8240706665_600_800.png,/scratch/parceirosbr/bigoilict/share/BigOil/document_generator/datasets/documents_2021_12_28/19co3fig2_20211228_164150_8240706665_600_800.png,19co3fig2_20211228_164150_8240706665_600_800_mask.png,prática
18,4,36,9,352,163,388,172,352,163,388,163,388,172,352,172,sub_line_text,table_text,table_0,courier,bold,9.0,19co3fig2_20211228_164150_8240706665_600_800.png,/scratch/parceirosbr/bigoilict/share/BigOil/document_generator/datasets/documents_2021_12_28/19co3fig2_20211228_164150_8240706665_600_800.png,19co3fig2_20211228_164150_8240706665_600_800_mask.png,prática
34,4,69,9,335,175,404,184,335,175,404,175,404,184,335,184,text,table_text,table_0,courier,bold,9.0,19co3fig2_20211228_164150_8240706665_600_800.png,/scratch/parceirosbr/bigoilict/share/BigOil/document_generator/datasets/documents_2021_12_28/19co3fig2_20211228_164150_8240706665_600_800.png,19co3fig2_20211228_164150_8240706665_600_800_mask.png,infraestrutura
34,4,69,9,335,175,404,184,335,175,404,175,404,184,335,184,sub_line_text,table_text,table_0,courier,bold,9.0,19co3fig2_20211228_164150_8240706665_600_800.png,/scratch/parceirosbr/bigoilict/share/BigOil/document_generator/datasets/documents_2021_12_28/19co3fig2_20211228_164150_8240706665_600_800.png,19co3fig2_20211228_164150_8240706665_600_800_mask.png,infraestrutura
24,4,49,9,345,188,394,197,345,188,394,188,394,197,345,197,text,table_text,table_0,courier,bold,9.0,19co3fig2_20211228_164150_8240706665_600_800.png,/scratch/parceirosbr/bigoilict/share/BigOil/document_generator/datasets/documents_2021_12_28/19co3fig2_20211228_164150_8240706665_600_800.png,19co3fig2_20211228_164150_8240706665_600_800_mask.png,explicação
24,4,49,9,345,188,394,197,345,188,394,188,394,197,345,197,sub_line_text,table_text,table_0,courier,bold,9.0,19co3fig2_20211228_164150_8240706665_600_800.png,/scratch/parceirosbr/bigoilict/share/BigOil/document_generator/datasets/documents_2021_12_28/19co3fig2_20211228_164150_8240706665_600_800.png,19co3fig2_20211228_164150_8240706665_600_800_mask.png,explicação
19,4,39,9,350,201,389,210,350,201,389,201,389,210,350,210,text,table_text,table_0,courier,bold,9.0,19co3fig2_20211228_164150_8240706665_600_800.png,/scratch/parceirosbr/bigoilict/share/BigOil/document_generator/datasets/documents_2021_12_28/19co3fig2_20211228_164150_8240706665_600_800.png,19co3fig2_20211228_164150_8240706665_600_800_mask.png,formando
19,4,39,9,350,201,389,210,350,201,389,201,389,210,350,210,sub_line_text,table_text,table_0,courier,bold,9.0,19co3fig2_20211228_164150_8240706665_600_800.png,/scratch/parceirosbr/bigoilict/share/BigOil/document_generator/datasets/documents_2021_12_28/19co3fig2_20211228_164150_8240706665_600_800.png,19co3fig2_20211228_164150_8240706665_600_800_mask.png,formando
10,4,20,9,360,213,380,222,360,213,380,213,380,222,360,222,text,table_text,table_0,courier,bold,9.0,19co3fig2_20211228_164150_8240706665_600_800.png,/scratch/parceirosbr/bigoilict/share/BigOil/document_generator/datasets/documents_2021_12_28/19co3fig2_20211228_164150_8240706665_600_800.png,19co3fig2_20211228_164150_8240706665_600_800_mask.png,grau
10,4,20,9,360,213,380,222,360,213,380,213,380,222,360,222,sub_line_text,table_text,table_0,courier,bold,9.0,19co3fig2_20211228_164150_8240706665_600_800.png,/scratch/parceirosbr/bigoilict/share/BigOil/document_generator/datasets/documents_2021_12_28/19co3fig2_20211228_164150_8240706665_600_800.png,19co3fig2_20211228_164150_8240706665_600_800_mask.png,grau
24,4,49,9,345,226,394,235,345,226,394,226,394,235,345,235,text,table_text,table_0,courier,bold,9.0,19co3fig2_20211228_164150_8240706665_600_800.png,/scratch/parceirosbr/bigoilict/share/BigOil/document_generator/datasets/documents_2021_12_28/19co3fig2_20211228_164150_8240706665_600_800.png,19co3fig2_20211228_164150_8240706665_600_800_mask.png,diminuição
24,4,49,9,345,226,394,235,345,226,394,226,394,235,345,235,sub_line_text,table_text,table_0,courier,bold,9.0,19co3fig2_20211228_164150_8240706665_600_800.png,/scratch/parceirosbr/bigoilict/share/BigOil/document_generator/datasets/documents_2021_12_28/19co3fig2_20211228_164150_8240706665_600_800.png,19co3fig2_20211228_164150_8240706665_600_800_mask.png,diminuição
27,4,54,9,343,239,397,248,343,239,397,239,397,248,343,248,text,table_text,table_0,courier,bold,9.0,19co3fig2_20211228_164150_8240706665_600_800.png,/scratch/parceirosbr/bigoilict/share/BigOil/document_generator/datasets/documents_2021_12_28/19co3fig2_20211228_164150_8240706665_600_800.png,19co3fig2_20211228_164150_8240706665_600_800_mask.png,inadequação
27,4,54,9,343,239,397,248,343,239,397,239,397,248,343,248,sub_line_text,table_text,table_0,courier,bold,9.0,19co3fig2_20211228_164150_8240706665_600_800.png,/scratch/parceirosbr/bigoilict/share/BigOil/document_generator/datasets/documents_2021_12_28/19co3fig2_20211228_164150_8240706665_600_800.png,19co3fig2_20211228_164150_8240706665_600_800_mask.png,inadequação
17,4,35,9,353,252,388,261,353,252,388,252,388,261,353,261,text,table_text,table_0,courier,bold,9.0,19co3fig2_20211228_164150_8240706665_600_800.png,/scratch/parceirosbr/bigoilict/share/BigOil/document_generator/datasets/documents_2021_12_28/19co3fig2_20211228_164150_8240706665_600_800.png,19co3fig2_20211228_164150_8240706665_600_800_mask.png,sentido
17,4,35,9,353,252,388,261,353,252,388,252,388,261,353,261,sub_line_text,table_text,table_0,courier,bold,9.0,19co3fig2_20211228_164150_8240706665_600_800.png,/scratch/parceirosbr/bigoilict/share/BigOil/document_generator/datasets/documents_2021_12_28/19co3fig2_20211228_164150_8240706665_600_800.png,19co3fig2_20211228_164150_8240706665_600_800_mask.png,sentido
19,4,39,9,350,264,389,273,350,264,389,264,389,273,350,273,text,table_text,table_0,courier,bold,9.0,19co3fig2_20211228_164150_8240706665_600_800.png,/scratch/parceirosbr/bigoilict/share/BigOil/document_generator/datasets/documents_2021_12_28/19co3fig2_20211228_164150_8240706665_600_800.png,19co3fig2_20211228_164150_8240706665_600_800_mask.png,formação
19,4,39,9,350,264,389,273,350,264,389,264,389,273,350,273,sub_line_text,table_text,table_0,courier,bold,9.0,19co3fig2_20211228_164150_8240706665_600_800.png,/scratch/parceirosbr/bigoilict/share/BigOil/document_generator/datasets/documents_2021_12_28/19co3fig2_20211228_164150_8240706665_600_800.png,19co3fig2_20211228_164150_8240706665_600_800_mask.png,formação
24,4,49,9,345,277,394,286,345,277,394,277,394,286,345,286,text,table_text,table_0,courier,bold,9.0,19co3fig2_20211228_164150_8240706665_600_800.png,/scratch/parceirosbr/bigoilict/share/BigOil/document_generator/datasets/documents_2021_12_28/19co3fig2_20211228_164150_8240706665_600_800.png,19co3fig2_20211228_164150_8240706665_600_800_mask.png,partículas
24,4,49,9,345,277,394,286,345,277,394,277,394,286,345,286,sub_line_text,table_text,table_0,courier,bold,9.0,19co3fig2_20211228_164150_8240706665_600_800.png,/scratch/parceirosbr/bigoilict/share/BigOil/document_generator/datasets/documents_2021_12_28/19co3fig2_20211228_164150_8240706665_600_800.png,19co3fig2_20211228_164150_8240706665_600_800_mask.png,partículas
17,4,35,9,353,290,388,299,353,290,388,290,388,299,353,299,text,table_text,table_0,courier,bold,9.0,19co3fig2_20211228_164150_8240706665_600_800.png,/scratch/parceirosbr/bigoilict/share/BigOil/document_generator/datasets/documents_2021_12_28/19co3fig2_20211228_164150_8240706665_600_800.png,19co3fig2_20211228_164150_8240706665_600_800_mask.png,sentido
17,4,35,9,353,290,388,299,353,290,388,290,388,299,353,299,sub_line_text,table_text,table_0,courier,bold,9.0,19co3fig2_20211228_164150_8240706665_600_800.png,/scratch/parceirosbr/bigoilict/share/BigOil/document_generator/datasets/documents_2021_12_28/19co3fig2_20211228_164150_8240706665_600_800.png,19co3fig2_20211228_164150_8240706665_600_800_mask.png,sentido
17,4,35,9,353,303,388,312,353,303,388,303,388,312,353,312,text,table_text,table_0,courier,bold,9.0,19co3fig2_20211228_164150_8240706665_600_800.png,/scratch/parceirosbr/bigoilict/share/BigOil/document_generator/datasets/documents_2021_12_28/19co3fig2_20211228_164150_8240706665_600_800.png,19co3fig2_20211228_164150_8240706665_600_800_mask.png,cálculo
17,4,35,9,353,303,388,312,353,303,388,303,388,312,353,312,sub_line_text,table_text,table_0,courier,bold,9.0,19co3fig2_20211228_164150_8240706665_600_800.png,/scratch/parceirosbr/bigoilict/share/BigOil/document_generator/datasets/documents_2021_12_28/19co3fig2_20211228_164150_8240706665_600_800.png,19co3fig2_20211228_164150_8240706665_600_800_mask.png,cálculo
29,4,59,9,340,315,399,324,340,315,399,315,399,324,340,324,text,table_text,table_0,courier,bold,9.0,19co3fig2_20211228_164150_8240706665_600_800.png,/scratch/parceirosbr/bigoilict/share/BigOil/document_generator/datasets/documents_2021_12_28/19co3fig2_20211228_164150_8240706665_600_800.png,19co3fig2_20211228_164150_8240706665_600_800_mask.png,pelasalturas
29,4,59,9,340,315,399,324,340,315,399,315,399,324,340,324,sub_line_text,table_text,table_0,courier,bold,9.0,19co3fig2_20211228_164150_8240706665_600_800.png,/scratch/parceirosbr/bigoilict/share/BigOil/document_generator/datasets/documents_2021_12_28/19co3fig2_20211228_164150_8240706665_600_800.png,19co3fig2_20211228_164150_8240706665_600_800_mask.png,pelasalturas
5,4,10,9,433,328,443,337,433,328,443,328,443,337,433,337,text,table_text,table_0,courier,regular,9.0,19co3fig2_20211228_164150_8240706665_600_800.png,/scratch/parceirosbr/bigoilict/share/BigOil/document_generator/datasets/documents_2021_12_28/19co3fig2_20211228_164150_8240706665_600_800.png,19co3fig2_20211228_164150_8240706665_600_800_mask.png,em
5,4,10,9,433,328,443,337,433,328,443,328,443,337,433,337,sub_line_text,table_text,table_0,courier,regular,9.0,19co3fig2_20211228_164150_8240706665_600_800.png,/scratch/parceirosbr/bigoilict/share/BigOil/document_generator/datasets/documents_2021_12_28/19co3fig2_20211228_164150_8240706665_600_800.png,19co3fig2_20211228_164150_8240706665_600_800_mask.png,em
19,4,39,9,464,124,503,133,464,124,503,124,503,133,464,133,text,table_text,table_0,courier,regular,9.0,19co3fig2_20211228_164150_8240706665_600_800.png,/scratch/parceirosbr/bigoilict/share/BigOil/document_generator/datasets/documents_2021_12_28/19co3fig2_20211228_164150_8240706665_600_800.png,19co3fig2_20211228_164150_8240706665_600_800_mask.png,derivado
19,4,39,9,464,124,503,133,464,124,503,124,503,133,464,133,sub_line_text,table_text,table_0,courier,regular,9.0,19co3fig2_20211228_164150_8240706665_600_800.png,/scratch/parceirosbr/bigoilict/share/BigOil/document_generator/datasets/documents_2021_12_28/19co3fig2_20211228_164150_8240706665_600_800.png,19co3fig2_20211228_164150_8240706665_600_800_mask.png,derivado
10,4,20,9,440,137,460,146,440,137,460,137,460,146,440,146,text,table_text,table_0,courier,bold,9.0,19co3fig2_20211228_164150_8240706665_600_800.png,/scratch/parceirosbr/bigoilict/share/BigOil/document_generator/datasets/documents_2021_12_28/19co3fig2_20211228_164150_8240706665_600_800.png,19co3fig2_20211228_164150_8240706665_600_800_mask.png,óleo
10,4,20,9,440,137,460,146,440,137,460,137,460,146,440,146,sub_line_text,table_text,table_0,courier,bold,9.0,19co3fig2_20211228_164150_8240706665_600_800.png,/scratch/parceirosbr/bigoilict/share/BigOil/document_generator/datasets/documents_2021_12_28/19co3fig2_20211228_164150_8240706665_600_800.png,19co3fig2_20211228_164150_8240706665_600_800_mask.png,óleo
19,4,39,9,432,150,471,159,432,150,471,150,471,159,432,159,text,table_text,table_0,courier,bold,9.0,19co3fig2_20211228_164150_8240706665_600_800.png,/scratch/parceirosbr/bigoilict/share/BigOil/document_generator/datasets/documents_2021_12_28/19co3fig2_20211228_164150_8240706665_600_800.png,19co3fig2_20211228_164150_8240706665_600_800_mask.png,empresas
19,4,39,9,432,150,471,159,432,150,471,150,471,159,432,159,sub_line_text,table_text,table_0,courier,bold,9.0,19co3fig2_20211228_164150_8240706665_600_800.png,/scratch/parceirosbr/bigoilict/share/BigOil/document_generator/datasets/documents_2021_12_28/19co3fig2_20211228_164150_8240706665_600_800.png,19co3fig2_20211228_164150_8240706665_600_800_mask.png,empresas
17,4,35,9,434,163,469,172,434,163,469,163,469,172,434,172,text,table_text,table_0,courier,bold,9.0,19co3fig2_20211228_164150_8240706665_600_800.png,/scratch/parceirosbr/bigoilict/share/BigOil/document_generator/datasets/documents_2021_12_28/19co3fig2_20211228_164150_8240706665_600_800.png,19co3fig2_20211228_164150_8240706665_600_800_mask.png,injetor
17,4,35,9,434,163,469,172,434,163,469,163,469,172,434,172,sub_line_text,table_text,table_0,courier,bold,9.0,19co3fig2_20211228_164150_8240706665_600_800.png,/scratch/parceirosbr/bigoilict/share/BigOil/document_generator/datasets/documents_2021_12_28/19co3fig2_20211228_164150_8240706665_600_800.png,19co3fig2_20211228_164150_8240706665_600_800_mask.png,injetor
12,4,25,9,439,175,464,184,439,175,464,175,464,184,439,184,text,table_text,table_0,courier,bold,9.0,19co3fig2_20211228_164150_8240706665_600_800.png,/scratch/parceirosbr/bigoilict/share/BigOil/document_generator/datasets/documents_2021_12_28/19co3fig2_20211228_164150_8240706665_600_800.png,19co3fig2_20211228_164150_8240706665_600_800_mask.png,óxido
12,4,25,9,439,175,464,184,439,175,464,175,464,184,439,184,sub_line_text,table_text,table_0,courier,bold,9.0,19co3fig2_20211228_164150_8240706665_600_800.png,/scratch/parceirosbr/bigoilict/share/BigOil/document_generator/datasets/documents_2021_12_28/19co3fig2_20211228_164150_8240706665_600_800.png,19co3fig2_20211228_164150_8240706665_600_800_mask.png,óxido
20,4,40,9,431,188,471,197,431,188,471,188,471,197,431,197,text,table_text,table_0,courier,bold,9.0,19co3fig2_20211228_164150_8240706665_600_800.png,/scratch/parceirosbr/bigoilict/share/BigOil/document_generator/datasets/documents_2021_12_28/19co3fig2_20211228_164150_8240706665_600_800.png,19co3fig2_20211228_164150_8240706665_600_800_mask.png,política
20,4,40,9,431,188,471,197,431,188,471,188,471,197,431,197,sub_line_text,table_text,table_0,courier,bold,9.0,19co3fig2_20211228_164150_8240706665_600_800.png,/scratch/parceirosbr/bigoilict/share/BigOil/document_generator/datasets/documents_2021_12_28/19co3fig2_20211228_164150_8240706665_600_800.png,19co3fig2_20211228_164150_8240706665_600_800_mask.png,política
12,4,25,9,439,201,464,210,439,201,464,201,464,210,439,210,text,table_text,table_0,courier,bold,9.0,19co3fig2_20211228_164150_8240706665_600_800.png,/scratch/parceirosbr/bigoilict/share/BigOil/document_generator/datasets/documents_2021_12_28/19co3fig2_20211228_164150_8240706665_600_800.png,19co3fig2_20211228_164150_8240706665_600_800_mask.png,tendo
12,4,25,9,439,201,464,210,439,201,464,201,464,210,439,210,sub_line_text,table_text,table_0,courier,bold,9.0,19co3fig2_20211228_164150_8240706665_600_800.png,/scratch/parceirosbr/bigoilict/share/BigOil/document_generator/datasets/documents_2021_12_28/19co3fig2_20211228_164150_8240706665_600_800.png,19co3fig2_20211228_164150_8240706665_600_800_mask.png,tendo
15,4,30,9,437,213,467,222,437,213,467,213,467,222,437,222,text,table_text,table_0,courier,bold,9.0,19co3fig2_20211228_164150_8240706665_600_800.png,/scratch/parceirosbr/bigoilict/share/BigOil/document_generator/datasets/documents_2021_12_28/19co3fig2_20211228_164150_8240706665_600_800.png,19co3fig2_20211228_164150_8240706665_600_800_mask.png,quanto
15,4,30,9,437,213,467,222,437,213,467,213,467,222,437,222,sub_line_text,table_text,table_0,courier,bold,9.0,19co3fig2_20211228_164150_8240706665_600_800.png,/scratch/parceirosbr/bigoilict/share/BigOil/document_generator/datasets/documents_2021_12_28/19co3fig2_20211228_164150_8240706665_600_800.png,19co3fig2_20211228_164150_8240706665_600_800_mask.png,quanto
22,4,44,9,429,226,473,235,429,226,473,226,473,235,429,235,text,table_text,table_0,courier,bold,9.0,19co3fig2_20211228_164150_8240706665_600_800.png,/scratch/parceirosbr/bigoilict/share/BigOil/document_generator/datasets/documents_2021_12_28/19co3fig2_20211228_164150_8240706665_600_800.png,19co3fig2_20211228_164150_8240706665_600_800_mask.png,reduzindo
22,4,44,9,429,226,473,235,429,226,473,226,473,235,429,235,sub_line_text,table_text,table_0,courier,bold,9.0,19co3fig2_20211228_164150_8240706665_600_800.png,/scratch/parceirosbr/bigoilict/share/BigOil/document_generator/datasets/documents_2021_12_28/19co3fig2_20211228_164150_8240706665_600_800.png,19co3fig2_20211228_164150_8240706665_600_800_mask.png,reduzindo
29,4,59,9,421,239,480,248,421,239,480,239,480,248,421,248,text,table_text,table_0,courier,bold,9.0,19co3fig2_20211228_164150_8240706665_600_800.png,/scratch/parceirosbr/bigoilict/share/BigOil/document_generator/datasets/documents_2021_12_28/19co3fig2_20211228_164150_8240706665_600_800.png,19co3fig2_20211228_164150_8240706665_600_800_mask.png,investimento
29,4,59,9,421,239,480,248,421,239,480,239,480,248,421,248,sub_line_text,table_text,table_0,courier,bold,9.0,19co3fig2_20211228_164150_8240706665_600_800.png,/scratch/parceirosbr/bigoilict/share/BigOil/document_generator/datasets/documents_2021_12_28/19co3fig2_20211228_164150_8240706665_600_800.png,19co3fig2_20211228_164150_8240706665_600_800_mask.png,investimento
7,4,15,9,443,252,458,261,443,252,458,252,458,261,443,261,text,table_text,table_0,courier,bold,9.0,19co3fig2_20211228_164150_8240706665_600_800.png,/scratch/parceirosbr/bigoilict/share/BigOil/document_generator/datasets/documents_2021_12_28/19co3fig2_20211228_164150_8240706665_600_800.png,19co3fig2_20211228_164150_8240706665_600_800_mask.png,são
7,4,15,9,443,252,458,261,443,252,458,252,458,261,443,261,sub_line_text,table_text,table_0,courier,bold,9.0,19co3fig2_20211228_164150_8240706665_600_800.png,/scratch/parceirosbr/bigoilict/share/BigOil/document_generator/datasets/documents_2021_12_28/19co3fig2_20211228_164150_8240706665_600_800.png,19co3fig2_20211228_164150_8240706665_600_800_mask.png,são
17,4,35,9,434,264,469,273,434,264,469,264,469,273,434,273,text,table_text,table_0,courier,bold,9.0,19co3fig2_20211228_164150_8240706665_600_800.png,/scratch/parceirosbr/bigoilict/share/BigOil/document_generator/datasets/documents_2021_12_28/19co3fig2_20211228_164150_8240706665_600_800.png,19co3fig2_20211228_164150_8240706665_600_800_mask.png,outubro
17,4,35,9,434,264,469,273,434,264,469,264,469,273,434,273,sub_line_text,table_text,table_0,courier,bold,9.0,19co3fig2_20211228_164150_8240706665_600_800.png,/scratch/parceirosbr/bigoilict/share/BigOil/document_generator/datasets/documents_2021_12_28/19co3fig2_20211228_164150_8240706665_600_800.png,19co3fig2_20211228_164150_8240706665_600_800_mask.png,outubro
19,4,39,9,431,277,470,286,431,277,470,277,470,286,431,286,text,table_text,table_0,courier,bold,9.0,19co3fig2_20211228_164150_8240706665_600_800.png,/scratch/parceirosbr/bigoilict/share/BigOil/document_generator/datasets/documents_2021_12_28/19co3fig2_20211228_164150_8240706665_600_800.png,19co3fig2_20211228_164150_8240706665_600_800_mask.png,resultou
19,4,39,9,431,277,470,286,431,277,470,277,470,286,431,286,sub_line_text,table_text,table_0,courier,bold,9.0,19co3fig2_20211228_164150_8240706665_600_800.png,/scratch/parceirosbr/bigoilict/share/BigOil/document_generator/datasets/documents_2021_12_28/19co3fig2_20211228_164150_8240706665_600_800.png,19co3fig2_20211228_164150_8240706665_600_800_mask.png,resultou
19,4,39,9,432,290,471,299,432,290,471,290,471,299,432,299,text,table_text,table_0,courier,bold,9.0,19co3fig2_20211228_164150_8240706665_600_800.png,/scratch/parceirosbr/bigoilict/share/BigOil/document_generator/datasets/documents_2021_12_28/19co3fig2_20211228_164150_8240706665_600_800.png,19co3fig2_20211228_164150_8240706665_600_800_mask.png,emissões
19,4,39,9,432,290,471,299,432,290,471,290,471,299,432,299,sub_line_text,table_text,table_0,courier,bold,9.0,19co3fig2_20211228_164150_8240706665_600_800.png,/scratch/parceirosbr/bigoilict/share/BigOil/document_generator/datasets/documents_2021_12_28/19co3fig2_20211228_164150_8240706665_600_800.png,19co3fig2_20211228_164150_8240706665_600_800_mask.png,emissões
12,4,25,9,439,303,464,312,439,303,464,303,464,312,439,312,text,table_text,table_0,courier,bold,9.0,19co3fig2_20211228_164150_8240706665_600_800.png,/scratch/parceirosbr/bigoilict/share/BigOil/document_generator/datasets/documents_2021_12_28/19co3fig2_20211228_164150_8240706665_600_800.png,19co3fig2_20211228_164150_8240706665_600_800_mask.png,ficar
12,4,25,9,439,303,464,312,439,303,464,303,464,312,439,312,sub_line_text,table_text,table_0,courier,bold,9.0,19co3fig2_20211228_164150_8240706665_600_800.png,/scratch/parceirosbr/bigoilict/share/BigOil/document_generator/datasets/documents_2021_12_28/19co3fig2_20211228_164150_8240706665_600_800.png,19co3fig2_20211228_164150_8240706665_600_800_mask.png,ficar
7,4,15,9,443,315,458,324,443,315,458,315,458,324,443,324,text,table_text,table_0,courier,bold,9.0,19co3fig2_20211228_164150_8240706665_600_800.png,/scratch/parceirosbr/bigoilict/share/BigOil/document_generator/datasets/documents_2021_12_28/19co3fig2_20211228_164150_8240706665_600_800.png,19co3fig2_20211228_164150_8240706665_600_800_mask.png,com
7,4,15,9,443,315,458,324,443,315,458,315,458,324,443,324,sub_line_text,table_text,table_0,courier,bold,9.0,19co3fig2_20211228_164150_8240706665_600_800.png,/scratch/parceirosbr/bigoilict/share/BigOil/document_generator/datasets/documents_2021_12_28/19co3fig2_20211228_164150_8240706665_600_800.png,19co3fig2_20211228_164150_8240706665_600_800_mask.png,com
12,4,25,9,507,137,532,146,507,137,532,137,532,146,507,146,text,table_text,table_0,courier,bold,9.0,19co3fig2_20211228_164150_8240706665_600_800.png,/scratch/parceirosbr/bigoilict/share/BigOil/document_generator/datasets/documents_2021_12_28/19co3fig2_20211228_164150_8240706665_600_800.png,19co3fig2_20211228_164150_8240706665_600_800_mask.png,vista
12,4,25,9,507,137,532,146,507,137,532,137,532,146,507,146,sub_line_text,table_text,table_0,courier,bold,9.0,19co3fig2_20211228_164150_8240706665_600_800.png,/scratch/parceirosbr/bigoilict/share/BigOil/document_generator/datasets/documents_2021_12_28/19co3fig2_20211228_164150_8240706665_600_800.png,19co3fig2_20211228_164150_8240706665_600_800_mask.png,vista
7,4,15,9,513,150,528,159,513,150,528,150,528,159,513,159,text,table_text,table_0,courier,bold,9.0,19co3fig2_20211228_164150_8240706665_600_800.png,/scratch/parceirosbr/bigoilict/share/BigOil/document_generator/datasets/documents_2021_12_28/19co3fig2_20211228_164150_8240706665_600_800.png,19co3fig2_20211228_164150_8240706665_600_800_mask.png,ser
7,4,15,9,513,150,528,159,513,150,528,150,528,159,513,159,sub_line_text,table_text,table_0,courier,bold,9.0,19co3fig2_20211228_164150_8240706665_600_800.png,/scratch/parceirosbr/bigoilict/share/BigOil/document_generator/datasets/documents_2021_12_28/19co3fig2_20211228_164150_8240706665_600_800.png,19co3fig2_20211228_164150_8240706665_600_800_mask.png,ser
14,4,29,9,505,163,534,172,505,163,534,163,534,172,505,172,text,table_text,table_0,courier,bold,9.0,19co3fig2_20211228_164150_8240706665_600_800.png,/scratch/parceirosbr/bigoilict/share/BigOil/document_generator/datasets/documents_2021_12_28/19co3fig2_20211228_164150_8240706665_600_800.png,19co3fig2_20211228_164150_8240706665_600_800_mask.png,demais
14,4,29,9,505,163,534,172,505,163,534,163,534,172,505,172,sub_line_text,table_text,table_0,courier,bold,9.0,19co3fig2_20211228_164150_8240706665_600_800.png,/scratch/parceirosbr/bigoilict/share/BigOil/document_generator/datasets/documents_2021_12_28/19co3fig2_20211228_164150_8240706665_600_800.png,19co3fig2_20211228_164150_8240706665_600_800_mask.png,demais
7,4,15,9,513,175,528,184,513,175,528,175,528,184,513,184,text,table_text,table_0,courier,bold,9.0,19co3fig2_20211228_164150_8240706665_600_800.png,/scratch/parceirosbr/bigoilict/share/BigOil/document_generator/datasets/documents_2021_12_28/19co3fig2_20211228_164150_8240706665_600_800.png,19co3fig2_20211228_164150_8240706665_600_800_mask.png,são
7,4,15,9,513,175,528,184,513,175,528,175,528,184,513,184,sub_line_text,table_text,table_0,courier,bold,9.0,19co3fig2_20211228_164150_8240706665_600_800.png,/scratch/parceirosbr/bigoilict/share/BigOil/document_generator/datasets/documents_2021_12_28/19co3fig2_20211228_164150_8240706665_600_800.png,19co3fig2_20211228_164150_8240706665_600_800_mask.png,são
24,4,49,9,495,188,544,197,495,188,544,188,544,197,495,197,text,table_text,table_0,courier,bold,9.0,19co3fig2_20211228_164150_8240706665_600_800.png,/scratch/parceirosbr/bigoilict/share/BigOil/document_generator/datasets/documents_2021_12_28/19co3fig2_20211228_164150_8240706665_600_800.png,19co3fig2_20211228_164150_8240706665_600_800_mask.png,explicação
24,4,49,9,495,188,544,197,495,188,544,188,544,197,495,197,sub_line_text,table_text,table_0,courier,bold,9.0,19co3fig2_20211228_164150_8240706665_600_800.png,/scratch/parceirosbr/bigoilict/share/BigOil/document_generator/datasets/documents_2021_12_28/19co3fig2_20211228_164150_8240706665_600_800.png,19co3fig2_20211228_164150_8240706665_600_800_mask.png,explicação
27,4,54,9,493,201,547,210,493,201,547,201,547,210,493,210,text,table_text,table_0,courier,bold,9.0,19co3fig2_20211228_164150_8240706665_600_800.png,/scratch/parceirosbr/bigoilict/share/BigOil/document_generator/datasets/documents_2021_12_28/19co3fig2_20211228_164150_8240706665_600_800.png,19co3fig2_20211228_164150_8240706665_600_800_mask.png,decorrência
27,4,54,9,493,201,547,210,493,201,547,201,547,210,493,210,sub_line_text,table_text,table_0,courier,bold,9.0,19co3fig2_20211228_164150_8240706665_600_800.png,/scratch/parceirosbr/bigoilict/share/BigOil/document_generator/datasets/documents_2021_12_28/19co3fig2_20211228_164150_8240706665_600_800.png,19co3fig2_20211228_164150_8240706665_600_800_mask.png,decorrência
10,4,20,9,510,213,530,222,510,213,530,213,530,222,510,222,text,table_text,table_0,courier,bold,9.0,19co3fig2_20211228_164150_8240706665_600_800.png,/scratch/parceirosbr/bigoilict/share/BigOil/document_generator/datasets/documents_2021_12_28/19co3fig2_20211228_164150_8240706665_600_800.png,19co3fig2_20211228_164150_8240706665_600_800_mask.png,grau
10,4,20,9,510,213,530,222,510,213,530,213,530,222,510,222,sub_line_text,table_text,table_0,courier,bold,9.0,19co3fig2_20211228_164150_8240706665_600_800.png,/scratch/parceirosbr/bigoilict/share/BigOil/document_generator/datasets/documents_2021_12_28/19co3fig2_20211228_164150_8240706665_600_800.png,19co3fig2_20211228_164150_8240706665_600_800_mask.png,grau
18,4,36,9,502,226,538,235,502,226,538,226,538,235,502,235,text,table_text,table_0,courier,bold,9.0,19co3fig2_20211228_164150_8240706665_600_800.png,/scratch/parceirosbr/bigoilict/share/BigOil/document_generator/datasets/documents_2021_12_28/19co3fig2_20211228_164150_8240706665_600_800.png,19co3fig2_20211228_164150_8240706665_600_800_mask.png,projeto
18,4,36,9,502,226,538,235,502,226,538,226,538,235,502,235,sub_line_text,table_text,table_0,courier,bold,9.0,19co3fig2_20211228_164150_8240706665_600_800.png,/scratch/parceirosbr/bigoilict/share/BigOil/document_generator/datasets/documents_2021_12_28/19co3fig2_20211228_164150_8240706665_600_800.png,19co3fig2_20211228_164150_8240706665_600_800_mask.png,projeto
22,4,44,9,497,239,541,248,497,239,541,239,541,248,497,248,text,table_text,table_0,courier,bold,9.0,19co3fig2_20211228_164150_8240706665_600_800.png,/scratch/parceirosbr/bigoilict/share/BigOil/document_generator/datasets/documents_2021_12_28/19co3fig2_20211228_164150_8240706665_600_800.png,19co3fig2_20211228_164150_8240706665_600_800_mask.png,logística
22,4,44,9,497,239,541,248,497,239,541,239,541,248,497,248,sub_line_text,table_text,table_0,courier,bold,9.0,19co3fig2_20211228_164150_8240706665_600_800.png,/scratch/parceirosbr/bigoilict/share/BigOil/document_generator/datasets/documents_2021_12_28/19co3fig2_20211228_164150_8240706665_600_800.png,19co3fig2_20211228_164150_8240706665_600_800_mask.png,logística
19,4,39,9,500,252,539,261,500,252,539,252,539,261,500,261,text,table_text,table_0,courier,bold,9.0,19co3fig2_20211228_164150_8240706665_600_800.png,/scratch/parceirosbr/bigoilict/share/BigOil/document_generator/datasets/documents_2021_12_28/19co3fig2_20211228_164150_8240706665_600_800.png,19co3fig2_20211228_164150_8240706665_600_800_mask.png,estreita
19,4,39,9,500,252,539,261,500,252,539,252,539,261,500,261,sub_line_text,table_text,table_0,courier,bold,9.0,19co3fig2_20211228_164150_8240706665_600_800.png,/scratch/parceirosbr/bigoilict/share/BigOil/document_generator/datasets/documents_2021_12_28/19co3fig2_20211228_164150_8240706665_600_800.png,19co3fig2_20211228_164150_8240706665_600_800_mask.png,estreita
15,4,30,9,505,264,535,273,505,264,535,264,535,273,505,273,text,table_text,table_0,courier,bold,9.0,19co3fig2_20211228_164150_8240706665_600_800.png,/scratch/parceirosbr/bigoilict/share/BigOil/document_generator/datasets/documents_2021_12_28/19co3fig2_20211228_164150_8240706665_600_800.png,19co3fig2_20211228_164150_8240706665_600_800_mask.png,reação
15,4,30,9,505,264,535,273,505,264,535,264,535,273,505,273,sub_line_text,table_text,table_0,courier,bold,9.0,19co3fig2_20211228_164150_8240706665_600_800.png,/scratch/parceirosbr/bigoilict/share/BigOil/document_generator/datasets/documents_2021_12_28/19co3fig2_20211228_164150_8240706665_600_800.png,19co3fig2_20211228_164150_8240706665_600_800_mask.png,reação
27,4,54,9,493,277,547,286,493,277,547,277,547,286,493,286,text,table_text,table_0,courier,bold,9.0,19co3fig2_20211228_164150_8240706665_600_800.png,/scratch/parceirosbr/bigoilict/share/BigOil/document_generator/datasets/documents_2021_12_28/19co3fig2_20211228_164150_8240706665_600_800.png,19co3fig2_20211228_164150_8240706665_600_800_mask.png,intervenção
27,4,54,9,493,277,547,286,493,277,547,277,547,286,493,286,sub_line_text,table_text,table_0,courier,bold,9.0,19co3fig2_20211228_164150_8240706665_600_800.png,/scratch/parceirosbr/bigoilict/share/BigOil/document_generator/datasets/documents_2021_12_28/19co3fig2_20211228_164150_8240706665_600_800.png,19co3fig2_20211228_164150_8240706665_600_800_mask.png,intervenção
10,4,20,9,510,290,530,299,510,290,530,290,530,299,510,299,text,table_text,table_0,courier,bold,9.0,19co3fig2_20211228_164150_8240706665_600_800.png,/scratch/parceirosbr/bigoilict/share/BigOil/document_generator/datasets/documents_2021_12_28/19co3fig2_20211228_164150_8240706665_600_800.png,19co3fig2_20211228_164150_8240706665_600_800_mask.png,Como
10,4,20,9,510,290,530,299,510,290,530,290,530,299,510,299,sub_line_text,table_text,table_0,courier,bold,9.0,19co3fig2_20211228_164150_8240706665_600_800.png,/scratch/parceirosbr/bigoilict/share/BigOil/document_generator/datasets/documents_2021_12_28/19co3fig2_20211228_164150_8240706665_600_800.png,19co3fig2_20211228_164150_8240706665_600_800_mask.png,Como
10,4,20,9,510,303,530,312,510,303,530,303,530,312,510,312,text,table_text,table_0,courier,bold,9.0,19co3fig2_20211228_164150_8240706665_600_800.png,/scratch/parceirosbr/bigoilict/share/BigOil/document_generator/datasets/documents_2021_12_28/19co3fig2_20211228_164150_8240706665_600_800.png,19co3fig2_20211228_164150_8240706665_600_800_mask.png,grau
10,4,20,9,510,303,530,312,510,303,530,303,530,312,510,312,sub_line_text,table_text,table_0,courier,bold,9.0,19co3fig2_20211228_164150_8240706665_600_800.png,/scratch/parceirosbr/bigoilict/share/BigOil/document_generator/datasets/documents_2021_12_28/19co3fig2_20211228_164150_8240706665_600_800.png,19co3fig2_20211228_164150_8240706665_600_800_mask.png,grau
18,4,36,9,502,315,538,324,502,315,538,315,538,324,502,324,text,table_text,table_0,courier,bold,9.0,19co3fig2_20211228_164150_8240706665_600_800.png,/scratch/parceirosbr/bigoilict/share/BigOil/document_generator/datasets/documents_2021_12_28/19co3fig2_20211228_164150_8240706665_600_800.png,19co3fig2_20211228_164150_8240706665_600_800_mask.png,mercado
18,4,36,9,502,315,538,324,502,315,538,315,538,324,502,324,sub_line_text,table_text,table_0,courier,bold,9.0,19co3fig2_20211228_164150_8240706665_600_800.png,/scratch/parceirosbr/bigoilict/share/BigOil/document_generator/datasets/documents_2021_12_28/19co3fig2_20211228_164150_8240706665_600_800.png,19co3fig2_20211228_164150_8240706665_600_800_mask.png,mercado
26,8,53,17,106,356,159,373,106,356,159,356,159,373,106,373,sub_line_text,subtitle,subtitle_0,opensans,bolditalic,13,19co3fig2_20211228_164150_8240706665_600_800.png,/scratch/parceirosbr/bigoilict/share/BigOil/document_generator/datasets/documents_2021_12_28/19co3fig2_20211228_164150_8240706665_600_800.png,19co3fig2_20211228_164150_8240706665_600_800_mask.png,Empresa
26,8,53,17,106,356,159,373,106,356,159,356,159,373,106,373,title,subtitle,subtitle_0,opensans,bolditalic,13,19co3fig2_20211228_164150_8240706665_600_800.png,/scratch/parceirosbr/bigoilict/share/BigOil/document_generator/datasets/documents_2021_12_28/19co3fig2_20211228_164150_8240706665_600_800.png,19co3fig2_20211228_164150_8240706665_600_800_mask.png,nan
63,6,126,12,75,379,201,391,75,379,201,379,201,391,75,391,sub_line_text,text,text_0,opensans,regular,9,19co3fig2_20211228_164150_8240706665_600_800.png,/scratch/parceirosbr/bigoilict/share/BigOil/document_generator/datasets/documents_2021_12_28/19co3fig2_20211228_164150_8240706665_600_800.png,19co3fig2_20211228_164150_8240706665_600_800_mask.png,O  requerido  para  uma socie-
70,6,141,12,61,396,202,408,61,396,202,396,202,408,61,408,sub_line_text,text,text_0,opensans,regular,9,19co3fig2_20211228_164150_8240706665_600_800.png,/scratch/parceirosbr/bigoilict/share/BigOil/document_generator/datasets/documents_2021_12_28/19co3fig2_20211228_164150_8240706665_600_800.png,19co3fig2_20211228_164150_8240706665_600_800_mask.png,dade  empresária  ser  qualificada
70,6,140,12,61,413,201,425,61,413,201,413,201,425,61,425,sub_line_text,text,text_0,opensans,regular,9,19co3fig2_20211228_164150_8240706665_600_800.png,/scratch/parceirosbr/bigoilict/share/BigOil/document_generator/datasets/documents_2021_12_28/19co3fig2_20211228_164150_8240706665_600_800.png,19co3fig2_20211228_164150_8240706665_600_800_mask.png,"como  é de 1.900.000,00. O restan-"
70,6,140,12,61,430,201,442,61,430,201,430,201,442,61,442,sub_line_text,text,text_0,opensans,regular,9,19co3fig2_20211228_164150_8240706665_600_800.png,/scratch/parceirosbr/bigoilict/share/BigOil/document_generator/datasets/documents_2021_12_28/19co3fig2_20211228_164150_8240706665_600_800.png,19co3fig2_20211228_164150_8240706665_600_800_mask.png,"te  da  amostra, denominada de f-"
69,6,138,12,61,447,199,459,61,447,199,447,199,459,61,459,sub_line_text,text,text_0,opensans,regular,9,19co3fig2_20211228_164150_8240706665_600_800.png,/scratch/parceirosbr/bigoilict/share/BigOil/document_generator/datasets/documents_2021_12_28/19co3fig2_20211228_164150_8240706665_600_800.png,19co3fig2_20211228_164150_8240706665_600_800_mask.png,"ração resultante, foi quarteada e."
70,40,141,80,61,379,202,459,61,379,202,379,202,459,61,459,text,text,text_0,opensans,regular,9,19co3fig2_20211228_164150_8240706665_600_800.png,/scratch/parceirosbr/bigoilict/share/BigOil/document_generator/datasets/documents_2021_12_28/19co3fig2_20211228_164150_8240706665_600_800.png,19co3fig2_20211228_164150_8240706665_600_800_mask.png,nan
14,7,29,15,118,464,147,479,118,464,147,464,147,479,118,479,sub_line_text,subsubtitle,subsubtitle_0,opensans,regular,11,19co3fig2_20211228_164150_8240706665_600_800.png,/scratch/parceirosbr/bigoilict/share/BigOil/document_generator/datasets/documents_2021_12_28/19co3fig2_20211228_164150_8240706665_600_800.png,19co3fig2_20211228_164150_8240706665_600_800_mask.png,Partir
14,7,29,15,118,464,147,479,118,464,147,464,147,479,118,479,title,subsubtitle,subsubtitle_0,opensans,regular,11,19co3fig2_20211228_164150_8240706665_600_800.png,/scratch/parceirosbr/bigoilict/share/BigOil/document_generator/datasets/documents_2021_12_28/19co3fig2_20211228_164150_8240706665_600_800.png,19co3fig2_20211228_164150_8240706665_600_800_mask.png,nan
60,6,121,12,72,485,193,497,72,485,193,485,193,497,72,497,sub_line_text,subsubsubtitle,subsubsubtitle_0,opensans,bold,9,19co3fig2_20211228_164150_8240706665_600_800.png,/scratch/parceirosbr/bigoilict/share/BigOil/document_generator/datasets/documents_2021_12_28/19co3fig2_20211228_164150_8240706665_600_800.png,19co3fig2_20211228_164150_8240706665_600_800_mask.png,"Família fontes suprimento,"
60,6,121,12,72,485,193,497,72,485,193,485,193,497,72,497,title,subsubsubtitle,subsubsubtitle_0,opensans,bold,9,19co3fig2_20211228_164150_8240706665_600_800.png,/scratch/parceirosbr/bigoilict/share/BigOil/document_generator/datasets/documents_2021_12_28/19co3fig2_20211228_164150_8240706665_600_800.png,19co3fig2_20211228_164150_8240706665_600_800_mask.png,nan
63,6,127,12,75,503,202,515,75,503,202,503,202,515,75,515,sub_line_text,text,text_1,opensans,regular,9,19co3fig2_20211228_164150_8240706665_600_800.png,/scratch/parceirosbr/bigoilict/share/BigOil/document_generator/datasets/documents_2021_12_28/19co3fig2_20211228_164150_8240706665_600_800.png,19co3fig2_20211228_164150_8240706665_600_800_mask.png,O  conceito de autonomia inse-
70,6,141,12,61,520,202,532,61,520,202,520,202,532,61,532,sub_line_text,text,text_1,opensans,regular,9,19co3fig2_20211228_164150_8240706665_600_800.png,/scratch/parceirosbr/bigoilict/share/BigOil/document_generator/datasets/documents_2021_12_28/19co3fig2_20211228_164150_8240706665_600_800.png,19co3fig2_20211228_164150_8240706665_600_800_mask.png,"rida,  por exemplo, é aplicável à p-"
70,6,140,12,61,537,201,549,61,537,201,537,201,549,61,549,sub_line_text,text,text_1,opensans,regular,9,19co3fig2_20211228_164150_8240706665_600_800.png,/scratch/parceirosbr/bigoilict/share/BigOil/document_generator/datasets/documents_2021_12_28/19co3fig2_20211228_164150_8240706665_600_800.png,19co3fig2_20211228_164150_8240706665_600_800_mask.png,rópria  atuação do órgão regulad-
70,6,141,12,61,554,202,566,61,554,202,554,202,566,61,566,sub_line_text,text,text_1,opensans,regular,9,19co3fig2_20211228_164150_8240706665_600_800.png,/scratch/parceirosbr/bigoilict/share/BigOil/document_generator/datasets/documents_2021_12_28/19co3fig2_20211228_164150_8240706665_600_800.png,19co3fig2_20211228_164150_8240706665_600_800_mask.png,"or,  do  qual se exige a capacidade"
70,6,141,12,61,571,202,583,61,571,202,571,202,583,61,583,sub_line_text,text,text_1,opensans,regular,9,19co3fig2_20211228_164150_8240706665_600_800.png,/scratch/parceirosbr/bigoilict/share/BigOil/document_generator/datasets/documents_2021_12_28/19co3fig2_20211228_164150_8240706665_600_800.png,19co3fig2_20211228_164150_8240706665_600_800_mask.png,de  adaptação a mudanças decor-
70,6,140,12,61,588,201,600,61,588,201,588,201,600,61,600,sub_line_text,text,text_1,opensans,regular,9,19co3fig2_20211228_164150_8240706665_600_800.png,/scratch/parceirosbr/bigoilict/share/BigOil/document_generator/datasets/documents_2021_12_28/19co3fig2_20211228_164150_8240706665_600_800.png,19co3fig2_20211228_164150_8240706665_600_800_mask.png,rentes  das  políticas públicas e da
70,6,140,12,61,605,201,617,61,605,201,605,201,617,61,617,sub_line_text,text,text_1,opensans,regular,9,19co3fig2_20211228_164150_8240706665_600_800.png,/scratch/parceirosbr/bigoilict/share/BigOil/document_generator/datasets/documents_2021_12_28/19co3fig2_20211228_164150_8240706665_600_800.png,19co3fig2_20211228_164150_8240706665_600_800_mask.png,dinâmica   industrial  de  inovação
38,6,76,12,61,622,137,634,61,622,137,622,137,634,61,634,sub_line_text,text,text_1,opensans,regular,9,19co3fig2_20211228_164150_8240706665_600_800.png,/scratch/parceirosbr/bigoilict/share/BigOil/document_generator/datasets/documents_2021_12_28/19co3fig2_20211228_164150_8240706665_600_800.png,19co3fig2_20211228_164150_8240706665_600_800_mask.png,no setor regulado.
70,65,141,131,61,503,202,634,61,503,202,503,202,634,61,634,text,text,text_1,opensans,regular,9,19co3fig2_20211228_164150_8240706665_600_800.png,/scratch/parceirosbr/bigoilict/share/BigOil/document_generator/datasets/documents_2021_12_28/19co3fig2_20211228_164150_8240706665_600_800.png,19co3fig2_20211228_164150_8240706665_600_800_mask.png,nan
63,6,127,12,75,639,202,651,75,639,202,639,202,651,75,651,sub_line_text,text,text_2,opensans,regular,9,19co3fig2_20211228_164150_8240706665_600_800.png,/scratch/parceirosbr/bigoilict/share/BigOil/document_generator/datasets/documents_2021_12_28/19co3fig2_20211228_164150_8240706665_600_800.png,19co3fig2_20211228_164150_8240706665_600_800_mask.png,Com  o  objetivo  de  verificar  a
70,6,140,12,61,656,201,668,61,656,201,656,201,668,61,668,sub_line_text,text,text_2,opensans,regular,9,19co3fig2_20211228_164150_8240706665_600_800.png,/scratch/parceirosbr/bigoilict/share/BigOil/document_generator/datasets/documents_2021_12_28/19co3fig2_20211228_164150_8240706665_600_800.png,19co3fig2_20211228_164150_8240706665_600_800_mask.png,atuação  da  no mercado de em 2-
70,6,141,12,61,673,202,685,61,673,202,673,202,685,61,685,sub_line_text,text,text_2,opensans,regular,9,19co3fig2_20211228_164150_8240706665_600_800.png,/scratch/parceirosbr/bigoilict/share/BigOil/document_generator/datasets/documents_2021_12_28/19co3fig2_20211228_164150_8240706665_600_800.png,19co3fig2_20211228_164150_8240706665_600_800_mask.png,015  o  de  da  realizou auditoria o-
70,6,140,12,61,690,201,702,61,690,201,690,201,702,61,702,sub_line_text,text,text_2,opensans,regular,9,19co3fig2_20211228_164150_8240706665_600_800.png,/scratch/parceirosbr/bigoilict/share/BigOil/document_generator/datasets/documents_2021_12_28/19co3fig2_20211228_164150_8240706665_600_800.png,19co3fig2_20211228_164150_8240706665_600_800_mask.png,peracional  para  subsidiar avalia-
68,6,136,12,61,707,197,719,61,707,197,707,197,719,61,719,sub_line_text,text,text_2,opensans,regular,9,19co3fig2_20211228_164150_8240706665_600_800.png,/scratch/parceirosbr/bigoilict/share/BigOil/document_generator/datasets/documents_2021_12_28/19co3fig2_20211228_164150_8240706665_600_800.png,19co3fig2_20211228_164150_8240706665_600_800_mask.png,ção acerca da regulação e das fis.
70,40,141,80,61,639,202,719,61,639,202,639,202,719,61,719,text,text,text_2,opensans,regular,9,19co3fig2_20211228_164150_8240706665_600_800.png,/scratch/parceirosbr/bigoilict/share/BigOil/document_generator/datasets/documents_2021_12_28/19co3fig2_20211228_164150_8240706665_600_800.png,19co3fig2_20211228_164150_8240706665_600_800_mask.png,nan
63,6,126,12,252,356,378,368,252,356,378,356,378,368,252,368,sub_line_text,text,text_3,opensans,regular,9,19co3fig2_20211228_164150_8240706665_600_800.png,/scratch/parceirosbr/bigoilict/share/BigOil/document_generator/datasets/documents_2021_12_28/19co3fig2_20211228_164150_8240706665_600_800.png,19co3fig2_20211228_164150_8240706665_600_800_mask.png,A  célula  dispõe  de dois tubos
70,6,140,12,238,373,378,385,238,373,378,373,378,385,238,385,sub_line_text,text,text_3,opensans,regular,9,19co3fig2_20211228_164150_8240706665_600_800.png,/scratch/parceirosbr/bigoilict/share/BigOil/document_generator/datasets/documents_2021_12_28/19co3fig2_20211228_164150_8240706665_600_800.png,19co3fig2_20211228_164150_8240706665_600_800_mask.png,"transversais  de  0,80 cm de diâm-"
70,6,141,12,238,390,379,402,238,390,379,390,379,402,238,402,sub_line_text,text,text_3,opensans,regular,9,19co3fig2_20211228_164150_8240706665_600_800.png,/scratch/parceirosbr/bigoilict/share/BigOil/document_generator/datasets/documents_2021_12_28/19co3fig2_20211228_164150_8240706665_600_800.png,19co3fig2_20211228_164150_8240706665_600_800_mask.png,"etro,  um para o poço produtor lo-"
70,6,140,12,238,407,378,419,238,407,378,407,378,419,238,419,sub_line_text,text,text_3,opensans,regular,9,19co3fig2_20211228_164150_8240706665_600_800.png,/scratch/parceirosbr/bigoilict/share/BigOil/document_generator/datasets/documents_2021_12_28/19co3fig2_20211228_164150_8240706665_600_800.png,19co3fig2_20211228_164150_8240706665_600_800_mask.png,calizado  a  1  cm  da  base  e outro
70,6,141,12,238,424,379,436,238,424,379,424,379,436,238,436,sub_line_text,text,text_3,opensans,regular,9,19co3fig2_20211228_164150_8240706665_600_800.png,/scratch/parceirosbr/bigoilict/share/BigOil/document_generator/datasets/documents_2021_12_28/19co3fig2_20211228_164150_8240706665_600_800.png,19co3fig2_20211228_164150_8240706665_600_800_mask.png,para  o injetor localizado a 5 cm do
70,6,140,12,238,441,378,453,238,441,378,441,378,453,238,453,sub_line_text,text,text_3,opensans,regular,9,19co3fig2_20211228_164150_8240706665_600_800.png,/scratch/parceirosbr/bigoilict/share/BigOil/document_generator/datasets/documents_2021_12_28/19co3fig2_20211228_164150_8240706665_600_800.png,19co3fig2_20211228_164150_8240706665_600_800_mask.png,produtor.   Foram  observadas  as
67,6,134,12,238,458,372,470,238,458,372,458,372,470,238,470,sub_line_text,text,text_3,opensans,regular,9,19co3fig2_20211228_164150_8240706665_600_800.png,/scratch/parceirosbr/bigoilict/share/BigOil/document_generator/datasets/documents_2021_12_28/19co3fig2_20211228_164150_8240706665_600_800.png,19co3fig2_20211228_164150_8240706665_600_800_mask.png,superfícies antes do ensaio de o.
70,57,141,114,238,356,379,470,238,356,379,356,379,470,238,470,text,text,text_3,opensans,regular,9,19co3fig2_20211228_164150_8240706665_600_800.png,/scratch/parceirosbr/bigoilict/share/BigOil/document_generator/datasets/documents_2021_12_28/19co3fig2_20211228_164150_8240706665_600_800.png,19co3fig2_20211228_164150_8240706665_600_800_mask.png,nan
7,7,15,15,302,475,317,490,302,475,317,475,317,490,302,490,sub_line_text,subsubtitle,subsubtitle_1,opensans,regular,11,19co3fig2_20211228_164150_8240706665_600_800.png,/scratch/parceirosbr/bigoilict/share/BigOil/document_generator/datasets/documents_2021_12_28/19co3fig2_20211228_164150_8240706665_600_800.png,19co3fig2_20211228_164150_8240706665_600_800_mask.png,1.3
7,7,15,15,302,475,317,490,302,475,317,475,317,490,302,490,title,subsubtitle,subsubtitle_1,opensans,regular,11,19co3fig2_20211228_164150_8240706665_600_800.png,/scratch/parceirosbr/bigoilict/share/BigOil/document_generator/datasets/documents_2021_12_28/19co3fig2_20211228_164150_8240706665_600_800.png,19co3fig2_20211228_164150_8240706665_600_800_mask.png,nan
63,6,126,12,252,496,378,508,252,496,378,496,378,508,252,508,sub_line_text,text,text_4,opensans,regular,9,19co3fig2_20211228_164150_8240706665_600_800.png,/scratch/parceirosbr/bigoilict/share/BigOil/document_generator/datasets/documents_2021_12_28/19co3fig2_20211228_164150_8240706665_600_800.png,19co3fig2_20211228_164150_8240706665_600_800_mask.png,As  exportações  geraram uma
70,6,140,12,238,513,378,525,238,513,378,513,378,525,238,525,sub_line_text,text,text_4,opensans,regular,9,19co3fig2_20211228_164150_8240706665_600_800.png,/scratch/parceirosbr/bigoilict/share/BigOil/document_generator/datasets/documents_2021_12_28/19co3fig2_20211228_164150_8240706665_600_800.png,19co3fig2_20211228_164150_8240706665_600_800_mask.png,"receita  de 8,9 bilhões, valor 29,2%"
70,6,141,12,238,530,379,542,238,530,379,530,379,542,238,542,sub_line_text,text,text_4,opensans,regular,9,19co3fig2_20211228_164150_8240706665_600_800.png,/scratch/parceirosbr/bigoilict/share/BigOil/document_generator/datasets/documents_2021_12_28/19co3fig2_20211228_164150_8240706665_600_800.png,19co3fig2_20211228_164150_8240706665_600_800_mask.png,maior   do  que  o  arrecadado  em
70,6,140,12,238,547,378,559,238,547,378,547,378,559,238,559,sub_line_text,text,text_4,opensans,regular,9,19co3fig2_20211228_164150_8240706665_600_800.png,/scratch/parceirosbr/bigoilict/share/BigOil/document_generator/datasets/documents_2021_12_28/19co3fig2_20211228_164150_8240706665_600_800.png,19co3fig2_20211228_164150_8240706665_600_800_mask.png,2006.  Uma  reestruturação  patri-
70,6,140,12,238,564,378,576,238,564,378,564,378,576,238,576,sub_line_text,text,text_4,opensans,regular,9,19co3fig2_20211228_164150_8240706665_600_800.png,/scratch/parceirosbr/bigoilict/share/BigOil/document_generator/datasets/documents_2021_12_28/19co3fig2_20211228_164150_8240706665_600_800.png,19co3fig2_20211228_164150_8240706665_600_800_mask.png,monial   das  petrolíferas  também
70,6,141,12,238,581,379,593,238,581,379,581,379,593,238,593,sub_line_text,text,text_4,opensans,regular,9,19co3fig2_20211228_164150_8240706665_600_800.png,/scratch/parceirosbr/bigoilict/share/BigOil/document_generator/datasets/documents_2021_12_28/19co3fig2_20211228_164150_8240706665_600_800.png,19co3fig2_20211228_164150_8240706665_600_800_mask.png,"não  pode  ser descartada, uma v-"
68,6,137,12,238,598,375,610,238,598,375,598,375,610,238,610,sub_line_text,text,text_4,opensans,regular,9,19co3fig2_20211228_164150_8240706665_600_800.png,/scratch/parceirosbr/bigoilict/share/BigOil/document_generator/datasets/documents_2021_12_28/19co3fig2_20211228_164150_8240706665_600_800.png,19co3fig2_20211228_164150_8240706665_600_800_mask.png,ez que elas se endividaram para.
70,57,141,114,238,496,379,610,238,496,379,496,379,610,238,610,text,text,text_4,opensans,regular,9,19co3fig2_20211228_164150_8240706665_600_800.png,/scratch/parceirosbr/bigoilict/share/BigOil/document_generator/datasets/documents_2021_12_28/19co3fig2_20211228_164150_8240706665_600_800.png,19co3fig2_20211228_164150_8240706665_600_800_mask.png,nan
63,6,126,12,252,615,378,627,252,615,378,615,378,627,252,627,sub_line_text,text,text_5,opensans,regular,9,19co3fig2_20211228_164150_8240706665_600_800.png,/scratch/parceirosbr/bigoilict/share/BigOil/document_generator/datasets/documents_2021_12_28/19co3fig2_20211228_164150_8240706665_600_800.png,19co3fig2_20211228_164150_8240706665_600_800_mask.png,A  baixa  diversidade  do pode
70,6,141,12,238,632,379,644,238,632,379,632,379,644,238,644,sub_line_text,text,text_5,opensans,regular,9,19co3fig2_20211228_164150_8240706665_600_800.png,/scratch/parceirosbr/bigoilict/share/BigOil/document_generator/datasets/documents_2021_12_28/19co3fig2_20211228_164150_8240706665_600_800.png,19co3fig2_20211228_164150_8240706665_600_800_mask.png,ser   explicada  devido  ao  tipo  de
70,6,140,12,238,649,378,661,238,649,378,649,378,661,238,661,sub_line_text,text,text_5,opensans,regular,9,19co3fig2_20211228_164150_8240706665_600_800.png,/scratch/parceirosbr/bigoilict/share/BigOil/document_generator/datasets/documents_2021_12_28/19co3fig2_20211228_164150_8240706665_600_800.png,19co3fig2_20211228_164150_8240706665_600_800_mask.png,substrato  e a homogeneidade do
70,6,140,12,238,666,378,678,238,666,378,666,378,678,238,678,sub_line_text,text,text_5,opensans,regular,9,19co3fig2_20211228_164150_8240706665_600_800.png,/scratch/parceirosbr/bigoilict/share/BigOil/document_generator/datasets/documents_2021_12_28/19co3fig2_20211228_164150_8240706665_600_800.png,19co3fig2_20211228_164150_8240706665_600_800_mask.png,mesmo   e   as  principais  espécies
71,6,142,12,238,683,380,695,238,683,380,683,380,695,238,695,sub_line_text,text,text_5,opensans,regular,9,19co3fig2_20211228_164150_8240706665_600_800.png,/scratch/parceirosbr/bigoilict/share/BigOil/document_generator/datasets/documents_2021_12_28/19co3fig2_20211228_164150_8240706665_600_800.png,19co3fig2_20211228_164150_8240706665_600_800_mask.png,para  esta região encontram-se lis-
27,6,55,12,238,700,293,712,238,700,293,700,293,712,238,712,sub_line_text,text,text_5,opensans,regular,9,19co3fig2_20211228_164150_8240706665_600_800.png,/scratch/parceirosbr/bigoilict/share/BigOil/document_generator/datasets/documents_2021_12_28/19co3fig2_20211228_164150_8240706665_600_800.png,19co3fig2_20211228_164150_8240706665_600_800_mask.png,tadas no 123.
71,48,142,97,238,615,380,712,238,615,380,615,380,712,238,712,text,text,text_5,opensans,regular,9,19co3fig2_20211228_164150_8240706665_600_800.png,/scratch/parceirosbr/bigoilict/share/BigOil/document_generator/datasets/documents_2021_12_28/19co3fig2_20211228_164150_8240706665_600_800.png,19co3fig2_20211228_164150_8240706665_600_800_mask.png,nan
63,6,126,12,429,356,555,368,429,356,555,356,555,368,429,368,sub_line_text,text,text_6,opensans,regular,9,19co3fig2_20211228_164150_8240706665_600_800.png,/scratch/parceirosbr/bigoilict/share/BigOil/document_generator/datasets/documents_2021_12_28/19co3fig2_20211228_164150_8240706665_600_800.png,19co3fig2_20211228_164150_8240706665_600_800_mask.png,Investigacao   da  do  nas  e  ao
70,6,141,12,415,373,556,385,415,373,556,373,556,385,415,385,sub_line_text,text,text_6,opensans,regular,9,19co3fig2_20211228_164150_8240706665_600_800.png,/scratch/parceirosbr/bigoilict/share/BigOil/document_generator/datasets/documents_2021_12_28/19co3fig2_20211228_164150_8240706665_600_800.png,19co3fig2_20211228_164150_8240706665_600_800_mask.png,da  673.4.5  do  de  684  734.2 para
70,6,141,12,415,390,556,402,415,390,556,390,556,402,415,402,sub_line_text,text,text_6,opensans,regular,9,19co3fig2_20211228_164150_8240706665_600_800.png,/scratch/parceirosbr/bigoilict/share/BigOil/document_generator/datasets/documents_2021_12_28/19co3fig2_20211228_164150_8240706665_600_800.png,19co3fig2_20211228_164150_8240706665_600_800_mask.png,"745.  Isso  ocorre devido, principa-"
70,6,141,12,415,407,556,419,415,407,556,407,556,419,415,419,sub_line_text,text,text_6,opensans,regular,9,19co3fig2_20211228_164150_8240706665_600_800.png,/scratch/parceirosbr/bigoilict/share/BigOil/document_generator/datasets/documents_2021_12_28/19co3fig2_20211228_164150_8240706665_600_800.png,19co3fig2_20211228_164150_8240706665_600_800_mask.png,"lmente,  à  baixa densidade calóri-"
70,6,140,12,415,424,555,436,415,424,555,424,555,436,415,436,sub_line_text,text,text_6,opensans,regular,9,19co3fig2_20211228_164150_8240706665_600_800.png,/scratch/parceirosbr/bigoilict/share/BigOil/document_generator/datasets/documents_2021_12_28/19co3fig2_20211228_164150_8240706665_600_800.png,19co3fig2_20211228_164150_8240706665_600_800_mask.png,ca  apresentada  pelo  gás natural
66,6,133,12,415,441,548,453,415,441,548,441,548,453,415,453,sub_line_text,text,text_6,opensans,regular,9,19co3fig2_20211228_164150_8240706665_600_800.png,/scratch/parceirosbr/bigoilict/share/BigOil/document_generator/datasets/documents_2021_12_28/19co3fig2_20211228_164150_8240706665_600_800.png,19co3fig2_20211228_164150_8240706665_600_800_mask.png,quando comparado ao óleo cru.
70,48,141,97,415,356,556,453,415,356,556,356,556,453,415,453,text,text,text_6,opensans,regular,9,19co3fig2_20211228_164150_8240706665_600_800.png,/scratch/parceirosbr/bigoilict/share/BigOil/document_generator/datasets/documents_2021_12_28/19co3fig2_20211228_164150_8240706665_600_800.png,19co3fig2_20211228_164150_8240706665_600_800_mask.png,nan
63,6,126,12,429,458,555,470,429,458,555,458,555,470,429,470,sub_line_text,text,text_7,opensans,regular,9,19co3fig2_20211228_164150_8240706665_600_800.png,/scratch/parceirosbr/bigoilict/share/BigOil/document_generator/datasets/documents_2021_12_28/19co3fig2_20211228_164150_8240706665_600_800.png,19co3fig2_20211228_164150_8240706665_600_800_mask.png,"Para   perfuração  de  poços,  a"
70,6,140,12,415,475,555,487,415,475,555,475,555,487,415,487,sub_line_text,text,text_7,opensans,regular,9,19co3fig2_20211228_164150_8240706665_600_800.png,/scratch/parceirosbr/bigoilict/share/BigOil/document_generator/datasets/documents_2021_12_28/19co3fig2_20211228_164150_8240706665_600_800.png,19co3fig2_20211228_164150_8240706665_600_800_mask.png,"tem  uma  demanda  muito alta, s-"
70,6,141,12,415,492,556,504,415,492,556,492,556,504,415,504,sub_line_text,text,text_7,opensans,regular,9,19co3fig2_20211228_164150_8240706665_600_800.png,/scratch/parceirosbr/bigoilict/share/BigOil/document_generator/datasets/documents_2021_12_28/19co3fig2_20211228_164150_8240706665_600_800.png,19co3fig2_20211228_164150_8240706665_600_800_mask.png,"ão  dezenas  por ano, então, na. P-"
70,6,140,12,415,509,555,521,415,509,555,509,555,521,415,521,sub_line_text,text,text_7,opensans,regular,9,19co3fig2_20211228_164150_8240706665_600_800.png,/scratch/parceirosbr/bigoilict/share/BigOil/document_generator/datasets/documents_2021_12_28/19co3fig2_20211228_164150_8240706665_600_800.png,19co3fig2_20211228_164150_8240706665_600_800_mask.png,"ara  realizar a degradação, corpos"
70,6,141,12,415,526,556,538,415,526,556,526,556,538,415,538,sub_line_text,text,text_7,opensans,regular,9,19co3fig2_20211228_164150_8240706665_600_800.png,/scratch/parceirosbr/bigoilict/share/BigOil/document_generator/datasets/documents_2021_12_28/19co3fig2_20211228_164150_8240706665_600_800.png,19co3fig2_20211228_164150_8240706665_600_800_mask.png,de  prova  como  os  utilizados  nos
70,6,140,12,415,543,555,555,415,543,555,543,555,555,415,555,sub_line_text,text,text_7,opensans,regular,9,19co3fig2_20211228_164150_8240706665_600_800.png,/scratch/parceirosbr/bigoilict/share/BigOil/document_generator/datasets/documents_2021_12_28/19co3fig2_20211228_164150_8240706665_600_800.png,19co3fig2_20211228_164150_8240706665_600_800_mask.png,ensaios  de  flexão  foram colocad-
70,6,140,12,415,560,555,572,415,560,555,560,555,572,415,572,sub_line_text,text,text_7,opensans,regular,9,19co3fig2_20211228_164150_8240706665_600_800.png,/scratch/parceirosbr/bigoilict/share/BigOil/document_generator/datasets/documents_2021_12_28/19co3fig2_20211228_164150_8240706665_600_800.png,19co3fig2_20211228_164150_8240706665_600_800_mask.png,os  em  dispositivos  de  flexão  a  3
68,6,136,12,415,577,551,589,415,577,551,577,551,589,415,589,sub_line_text,text,text_7,opensans,regular,9,19co3fig2_20211228_164150_8240706665_600_800.png,/scratch/parceirosbr/bigoilict/share/BigOil/document_generator/datasets/documents_2021_12_28/19co3fig2_20211228_164150_8240706665_600_800.png,19co3fig2_20211228_164150_8240706665_600_800_mask.png,pontos e submetidos a um carre.
70,65,141,131,415,458,556,589,415,458,556,458,556,589,415,589,text,text,text_7,opensans,regular,9,19co3fig2_20211228_164150_8240706665_600_800.png,/scratch/parceirosbr/bigoilict/share/BigOil/document_generator/datasets/documents_2021_12_28/19co3fig2_20211228_164150_8240706665_600_800.png,19co3fig2_20211228_164150_8240706665_600_800_mask.png,nan
64,6,129,12,429,594,558,606,429,594,558,594,558,606,429,606,sub_line_text,text,text_8,opensans,regular,9,19co3fig2_20211228_164150_8240706665_600_800.png,/scratch/parceirosbr/bigoilict/share/BigOil/document_generator/datasets/documents_2021_12_28/19co3fig2_20211228_164150_8240706665_600_800.png,19co3fig2_20211228_164150_8240706665_600_800_mask.png,A  eliminação dessa problemát-
70,6,140,12,415,611,555,623,415,611,555,611,555,623,415,623,sub_line_text,text,text_8,opensans,regular,9,19co3fig2_20211228_164150_8240706665_600_800.png,/scratch/parceirosbr/bigoilict/share/BigOil/document_generator/datasets/documents_2021_12_28/19co3fig2_20211228_164150_8240706665_600_800.png,19co3fig2_20211228_164150_8240706665_600_800_mask.png,ica  acontece quando se diminui a
70,6,141,12,415,628,556,640,415,628,556,628,556,640,415,640,sub_line_text,text,text_8,opensans,regular,9,19co3fig2_20211228_164150_8240706665_600_800.png,/scratch/parceirosbr/bigoilict/share/BigOil/document_generator/datasets/documents_2021_12_28/19co3fig2_20211228_164150_8240706665_600_800.png,19co3fig2_20211228_164150_8240706665_600_800_mask.png,corrente  no instante de contato (-
70,6,141,12,415,645,556,657,415,645,556,645,556,657,415,657,sub_line_text,text,text_8,opensans,regular,9,19co3fig2_20211228_164150_8240706665_600_800.png,/scratch/parceirosbr/bigoilict/share/BigOil/document_generator/datasets/documents_2021_12_28/19co3fig2_20211228_164150_8240706665_600_800.png,19co3fig2_20211228_164150_8240706665_600_800_mask.png,"ic,  o  que  ocorre  nas  versões e. A"
70,6,141,12,415,662,556,674,415,662,556,662,556,674,415,674,sub_line_text,text,text_8,opensans,regular,9,19co3fig2_20211228_164150_8240706665_600_800.png,/scratch/parceirosbr/bigoilict/share/BigOil/document_generator/datasets/documents_2021_12_28/19co3fig2_20211228_164150_8240706665_600_800.png,19co3fig2_20211228_164150_8240706665_600_800_mask.png,exceção  da na do a falta de viabil-
70,6,141,12,415,679,556,691,415,679,556,679,556,691,415,691,sub_line_text,text,text_8,opensans,regular,9,19co3fig2_20211228_164150_8240706665_600_800.png,/scratch/parceirosbr/bigoilict/share/BigOil/document_generator/datasets/documents_2021_12_28/19co3fig2_20211228_164150_8240706665_600_800.png,19co3fig2_20211228_164150_8240706665_600_800_mask.png,idade  econômica  da  síntese.  A c-
67,6,134,12,415,696,549,708,415,696,549,696,549,708,415,708,sub_line_text,text,text_8,opensans,regular,9,19co3fig2_20211228_164150_8240706665_600_800.png,/scratch/parceirosbr/bigoilict/share/BigOil/document_generator/datasets/documents_2021_12_28/19co3fig2_20211228_164150_8240706665_600_800.png,19co3fig2_20211228_164150_8240706665_600_800_mask.png,omposição dos fluxos globais de.
71,57,143,114,415,594,558,708,415,594,558,594,558,708,415,708,text,text,text_8,opensans,regular,9,19co3fig2_20211228_164150_8240706665_600_800.png,/scratch/parceirosbr/bigoilict/share/BigOil/document_generator/datasets/documents_2021_12_28/19co3fig2_20211228_164150_8240706665_600_800.png,19co3fig2_20211228_164150_8240706665_600_800_mask.png,nan
