center_x,center_y,width,height,xmin,ymin,xmax,ymax,top_left_x,top_left_y,top_right_x,top_right_y,bottom_right_x,bottom_right_y,bottom_left_x,bottom_left_y,label,grouplabel,group,text_font,text_style,size_font,filename,path,filename_mask,content
300,400,600,800,0,0,600,800,0,0,600,0,600,800,0,800,document,,,,,,19co3fig2_20211228_164150_9308656314_600_800.png,/scratch/parceirosbr/bigoilict/share/BigOil/document_generator/datasets/documents_2021_12_28/19co3fig2_20211228_164150_9308656314_600_800.png,19co3fig2_20211228_164150_9308656314_600_800_mask.png,
27,54,54,108,208,535,262,643,208,535,262,535,262,643,208,643,image,figure_image,figure_0,,,,19co3fig2_20211228_164150_9308656314_600_800.png,/scratch/parceirosbr/bigoilict/share/BigOil/document_generator/datasets/documents_2021_12_28/19co3fig2_20211228_164150_9308656314_600_800.png,19co3fig2_20211228_164150_9308656314_600_800_mask.png,output/gen_img_20211228_164150_2375128869.png
4,2,9,5,219,574,228,579,219,575,227,574,228,578,219,579,text,figure_text,figure_0,,,,19co3fig2_20211228_164150_9308656314_600_800.png,/scratch/parceirosbr/bigoilict/share/BigOil/document_generator/datasets/documents_2021_12_28/19co3fig2_20211228_164150_9308656314_600_800.png,19co3fig2_20211228_164150_9308656314_600_800_mask.png,-6466
4,2,9,5,219,574,228,579,219,575,227,574,228,578,219,579,sub_line_text,figure_text,figure_0,,,,19co3fig2_20211228_164150_9308656314_600_800.png,/scratch/parceirosbr/bigoilict/share/BigOil/document_generator/datasets/documents_2021_12_28/19co3fig2_20211228_164150_9308656314_600_800.png,19co3fig2_20211228_164150_9308656314_600_800_mask.png,-6466
8,2,17,4,223,599,240,603,223,599,240,599,240,603,222,603,text,figure_text,figure_0,,,,19co3fig2_20211228_164150_9308656314_600_800.png,/scratch/parceirosbr/bigoilict/share/BigOil/document_generator/datasets/documents_2021_12_28/19co3fig2_20211228_164150_9308656314_600_800.png,19co3fig2_20211228_164150_9308656314_600_800_mask.png,Water (MM)
8,2,17,4,223,599,240,603,223,599,240,599,240,603,222,603,sub_line_text,figure_text,figure_0,,,,19co3fig2_20211228_164150_9308656314_600_800.png,/scratch/parceirosbr/bigoilict/share/BigOil/document_generator/datasets/documents_2021_12_28/19co3fig2_20211228_164150_9308656314_600_800.png,19co3fig2_20211228_164150_9308656314_600_800_mask.png,Water (MM)
6,2,13,4,218,563,231,567,218,563,230,563,231,567,218,567,text,figure_text,figure_0,,,,19co3fig2_20211228_164150_9308656314_600_800.png,/scratch/parceirosbr/bigoilict/share/BigOil/document_generator/datasets/documents_2021_12_28/19co3fig2_20211228_164150_9308656314_600_800.png,19co3fig2_20211228_164150_9308656314_600_800_mask.png,Loading
6,2,13,4,218,563,231,567,218,563,230,563,231,567,218,567,sub_line_text,figure_text,figure_0,,,,19co3fig2_20211228_164150_9308656314_600_800.png,/scratch/parceirosbr/bigoilict/share/BigOil/document_generator/datasets/documents_2021_12_28/19co3fig2_20211228_164150_9308656314_600_800.png,19co3fig2_20211228_164150_9308656314_600_800_mask.png,Loading
13,1,27,2,224,547,251,549,224,545,251,547,251,551,223,549,text,figure_text,figure_0,,,,19co3fig2_20211228_164150_9308656314_600_800.png,/scratch/parceirosbr/bigoilict/share/BigOil/document_generator/datasets/documents_2021_12_28/19co3fig2_20211228_164150_9308656314_600_800.png,19co3fig2_20211228_164150_9308656314_600_800_mask.png,Consumption (GB)
13,1,27,2,224,547,251,549,224,545,251,547,251,551,223,549,sub_line_text,figure_text,figure_0,,,,19co3fig2_20211228_164150_9308656314_600_800.png,/scratch/parceirosbr/bigoilict/share/BigOil/document_generator/datasets/documents_2021_12_28/19co3fig2_20211228_164150_9308656314_600_800.png,19co3fig2_20211228_164150_9308656314_600_800_mask.png,Consumption (GB)
8,1,17,3,217,585,234,588,217,584,234,585,234,589,216,588,text,figure_text,figure_0,,,,19co3fig2_20211228_164150_9308656314_600_800.png,/scratch/parceirosbr/bigoilict/share/BigOil/document_generator/datasets/documents_2021_12_28/19co3fig2_20211228_164150_9308656314_600_800.png,19co3fig2_20211228_164150_9308656314_600_800_mask.png,Water (MM)
8,1,17,3,217,585,234,588,217,584,234,585,234,589,216,588,sub_line_text,figure_text,figure_0,,,,19co3fig2_20211228_164150_9308656314_600_800.png,/scratch/parceirosbr/bigoilict/share/BigOil/document_generator/datasets/documents_2021_12_28/19co3fig2_20211228_164150_9308656314_600_800.png,19co3fig2_20211228_164150_9308656314_600_800_mask.png,Water (MM)
7,1,14,3,240,637,254,640,240,637,254,637,254,640,240,640,text,figure_text,figure_0,,,,19co3fig2_20211228_164150_9308656314_600_800.png,/scratch/parceirosbr/bigoilict/share/BigOil/document_generator/datasets/documents_2021_12_28/19co3fig2_20211228_164150_9308656314_600_800.png,19co3fig2_20211228_164150_9308656314_600_800_mask.png,-8945.2%
7,1,14,3,240,637,254,640,240,637,254,637,254,640,240,640,sub_line_text,figure_text,figure_0,,,,19co3fig2_20211228_164150_9308656314_600_800.png,/scratch/parceirosbr/bigoilict/share/BigOil/document_generator/datasets/documents_2021_12_28/19co3fig2_20211228_164150_9308656314_600_800.png,19co3fig2_20211228_164150_9308656314_600_800_mask.png,-8945.2%
5,1,10,3,235,629,245,632,235,628,245,629,245,632,235,632,text,figure_text,figure_0,,,,19co3fig2_20211228_164150_9308656314_600_800.png,/scratch/parceirosbr/bigoilict/share/BigOil/document_generator/datasets/documents_2021_12_28/19co3fig2_20211228_164150_9308656314_600_800.png,19co3fig2_20211228_164150_9308656314_600_800_mask.png,Detour
5,1,10,3,235,629,245,632,235,628,245,629,245,632,235,632,sub_line_text,figure_text,figure_0,,,,19co3fig2_20211228_164150_9308656314_600_800.png,/scratch/parceirosbr/bigoilict/share/BigOil/document_generator/datasets/documents_2021_12_28/19co3fig2_20211228_164150_9308656314_600_800.png,19co3fig2_20211228_164150_9308656314_600_800_mask.png,Detour
5,2,10,4,210,540,220,544,210,540,220,540,220,544,209,544,text,figure_text,figure_0,,,,19co3fig2_20211228_164150_9308656314_600_800.png,/scratch/parceirosbr/bigoilict/share/BigOil/document_generator/datasets/documents_2021_12_28/19co3fig2_20211228_164150_9308656314_600_800.png,19co3fig2_20211228_164150_9308656314_600_800_mask.png,-7537%
5,2,10,4,210,540,220,544,210,540,220,540,220,544,209,544,sub_line_text,figure_text,figure_0,,,,19co3fig2_20211228_164150_9308656314_600_800.png,/scratch/parceirosbr/bigoilict/share/BigOil/document_generator/datasets/documents_2021_12_28/19co3fig2_20211228_164150_9308656314_600_800.png,19co3fig2_20211228_164150_9308656314_600_800_mask.png,-7537%
12,3,24,6,228,589,252,595,228,591,252,589,252,594,228,595,text,figure_text,figure_0,,,,19co3fig2_20211228_164150_9308656314_600_800.png,/scratch/parceirosbr/bigoilict/share/BigOil/document_generator/datasets/documents_2021_12_28/19co3fig2_20211228_164150_9308656314_600_800.png,19co3fig2_20211228_164150_9308656314_600_800_mask.png,Processing [GB]
12,3,24,6,228,589,252,595,228,591,252,589,252,594,228,595,sub_line_text,figure_text,figure_0,,,,19co3fig2_20211228_164150_9308656314_600_800.png,/scratch/parceirosbr/bigoilict/share/BigOil/document_generator/datasets/documents_2021_12_28/19co3fig2_20211228_164150_9308656314_600_800.png,19co3fig2_20211228_164150_9308656314_600_800_mask.png,Processing [GB]
6,2,13,4,220,569,233,573,220,570,233,569,233,573,220,573,text,figure_text,figure_0,,,,19co3fig2_20211228_164150_9308656314_600_800.png,/scratch/parceirosbr/bigoilict/share/BigOil/document_generator/datasets/documents_2021_12_28/19co3fig2_20211228_164150_9308656314_600_800.png,19co3fig2_20211228_164150_9308656314_600_800_mask.png,-9260.61
6,2,13,4,220,569,233,573,220,570,233,569,233,573,220,573,sub_line_text,figure_text,figure_0,,,,19co3fig2_20211228_164150_9308656314_600_800.png,/scratch/parceirosbr/bigoilict/share/BigOil/document_generator/datasets/documents_2021_12_28/19co3fig2_20211228_164150_9308656314_600_800.png,19co3fig2_20211228_164150_9308656314_600_800_mask.png,-9260.61
7,2,14,4,236,569,250,573,236,569,250,569,250,574,236,573,text,figure_text,figure_0,,,,19co3fig2_20211228_164150_9308656314_600_800.png,/scratch/parceirosbr/bigoilict/share/BigOil/document_generator/datasets/documents_2021_12_28/19co3fig2_20211228_164150_9308656314_600_800.png,19co3fig2_20211228_164150_9308656314_600_800_mask.png,Efficiency
7,2,14,4,236,569,250,573,236,569,250,569,250,574,236,573,sub_line_text,figure_text,figure_0,,,,19co3fig2_20211228_164150_9308656314_600_800.png,/scratch/parceirosbr/bigoilict/share/BigOil/document_generator/datasets/documents_2021_12_28/19co3fig2_20211228_164150_9308656314_600_800.png,19co3fig2_20211228_164150_9308656314_600_800_mask.png,Efficiency
4,2,9,4,232,560,241,564,232,560,240,560,241,563,232,564,text,figure_text,figure_0,,,,19co3fig2_20211228_164150_9308656314_600_800.png,/scratch/parceirosbr/bigoilict/share/BigOil/document_generator/datasets/documents_2021_12_28/19co3fig2_20211228_164150_9308656314_600_800.png,19co3fig2_20211228_164150_9308656314_600_800_mask.png,-3555
4,2,9,4,232,560,241,564,232,560,240,560,241,563,232,564,sub_line_text,figure_text,figure_0,,,,19co3fig2_20211228_164150_9308656314_600_800.png,/scratch/parceirosbr/bigoilict/share/BigOil/document_generator/datasets/documents_2021_12_28/19co3fig2_20211228_164150_9308656314_600_800.png,19co3fig2_20211228_164150_9308656314_600_800_mask.png,-3555
5,1,11,3,241,553,252,556,241,553,252,553,252,557,241,556,text,figure_text,figure_0,,,,19co3fig2_20211228_164150_9308656314_600_800.png,/scratch/parceirosbr/bigoilict/share/BigOil/document_generator/datasets/documents_2021_12_28/19co3fig2_20211228_164150_9308656314_600_800.png,19co3fig2_20211228_164150_9308656314_600_800_mask.png,-9052.5
5,1,11,3,241,553,252,556,241,553,252,553,252,557,241,556,sub_line_text,figure_text,figure_0,,,,19co3fig2_20211228_164150_9308656314_600_800.png,/scratch/parceirosbr/bigoilict/share/BigOil/document_generator/datasets/documents_2021_12_28/19co3fig2_20211228_164150_9308656314_600_800.png,19co3fig2_20211228_164150_9308656314_600_800_mask.png,-9052.5
5,2,11,4,248,599,259,603,248,599,259,599,259,603,248,603,text,figure_text,figure_0,,,,19co3fig2_20211228_164150_9308656314_600_800.png,/scratch/parceirosbr/bigoilict/share/BigOil/document_generator/datasets/documents_2021_12_28/19co3fig2_20211228_164150_9308656314_600_800.png,19co3fig2_20211228_164150_9308656314_600_800_mask.png,Activity
5,2,11,4,248,599,259,603,248,599,259,599,259,603,248,603,sub_line_text,figure_text,figure_0,,,,19co3fig2_20211228_164150_9308656314_600_800.png,/scratch/parceirosbr/bigoilict/share/BigOil/document_generator/datasets/documents_2021_12_28/19co3fig2_20211228_164150_9308656314_600_800.png,19co3fig2_20211228_164150_9308656314_600_800_mask.png,Activity
6,2,12,5,222,605,234,610,222,606,233,605,234,610,222,610,text,figure_text,figure_0,,,,19co3fig2_20211228_164150_9308656314_600_800.png,/scratch/parceirosbr/bigoilict/share/BigOil/document_generator/datasets/documents_2021_12_28/19co3fig2_20211228_164150_9308656314_600_800.png,19co3fig2_20211228_164150_9308656314_600_800_mask.png,Salinity
6,2,12,5,222,605,234,610,222,606,233,605,234,610,222,610,sub_line_text,figure_text,figure_0,,,,19co3fig2_20211228_164150_9308656314_600_800.png,/scratch/parceirosbr/bigoilict/share/BigOil/document_generator/datasets/documents_2021_12_28/19co3fig2_20211228_164150_9308656314_600_800.png,19co3fig2_20211228_164150_9308656314_600_800_mask.png,Salinity
9,1,18,2,235,610,253,612,235,608,253,610,253,614,235,612,text,figure_text,figure_0,,,,19co3fig2_20211228_164150_9308656314_600_800.png,/scratch/parceirosbr/bigoilict/share/BigOil/document_generator/datasets/documents_2021_12_28/19co3fig2_20211228_164150_9308656314_600_800.png,19co3fig2_20211228_164150_9308656314_600_800_mask.png,Water [MM]
9,1,18,2,235,610,253,612,235,608,253,610,253,614,235,612,sub_line_text,figure_text,figure_0,,,,19co3fig2_20211228_164150_9308656314_600_800.png,/scratch/parceirosbr/bigoilict/share/BigOil/document_generator/datasets/documents_2021_12_28/19co3fig2_20211228_164150_9308656314_600_800.png,19co3fig2_20211228_164150_9308656314_600_800_mask.png,Water [MM]
4,1,8,3,250,584,258,587,250,584,258,584,258,588,250,587,text,figure_text,figure_0,,,,19co3fig2_20211228_164150_9308656314_600_800.png,/scratch/parceirosbr/bigoilict/share/BigOil/document_generator/datasets/documents_2021_12_28/19co3fig2_20211228_164150_9308656314_600_800.png,19co3fig2_20211228_164150_9308656314_600_800_mask.png,-2261
4,1,8,3,250,584,258,587,250,584,258,584,258,588,250,587,sub_line_text,figure_text,figure_0,,,,19co3fig2_20211228_164150_9308656314_600_800.png,/scratch/parceirosbr/bigoilict/share/BigOil/document_generator/datasets/documents_2021_12_28/19co3fig2_20211228_164150_9308656314_600_800.png,19co3fig2_20211228_164150_9308656314_600_800_mask.png,-2261
11,2,22,5,214,621,236,626,214,622,236,621,236,626,214,626,text,figure_text,figure_0,,,,19co3fig2_20211228_164150_9308656314_600_800.png,/scratch/parceirosbr/bigoilict/share/BigOil/document_generator/datasets/documents_2021_12_28/19co3fig2_20211228_164150_9308656314_600_800.png,19co3fig2_20211228_164150_9308656314_600_800_mask.png,Frequency (Hz)
11,2,22,5,214,621,236,626,214,622,236,621,236,626,214,626,sub_line_text,figure_text,figure_0,,,,19co3fig2_20211228_164150_9308656314_600_800.png,/scratch/parceirosbr/bigoilict/share/BigOil/document_generator/datasets/documents_2021_12_28/19co3fig2_20211228_164150_9308656314_600_800.png,19co3fig2_20211228_164150_9308656314_600_800_mask.png,Frequency (Hz)
5,2,11,4,220,633,231,637,220,634,231,633,231,637,220,637,text,figure_text,figure_0,,,,19co3fig2_20211228_164150_9308656314_600_800.png,/scratch/parceirosbr/bigoilict/share/BigOil/document_generator/datasets/documents_2021_12_28/19co3fig2_20211228_164150_9308656314_600_800.png,19co3fig2_20211228_164150_9308656314_600_800_mask.png,-5855.3
5,2,11,4,220,633,231,637,220,634,231,633,231,637,220,637,sub_line_text,figure_text,figure_0,,,,19co3fig2_20211228_164150_9308656314_600_800.png,/scratch/parceirosbr/bigoilict/share/BigOil/document_generator/datasets/documents_2021_12_28/19co3fig2_20211228_164150_9308656314_600_800.png,19co3fig2_20211228_164150_9308656314_600_800_mask.png,-5855.3
72,4,144,8,143,648,287,656,143,648,287,648,287,656,143,656,sub_line_text,figure_legend,figure_0,opensans,italic,6,19co3fig2_20211228_164150_9308656314_600_800.png,/scratch/parceirosbr/bigoilict/share/BigOil/document_generator/datasets/documents_2021_12_28/19co3fig2_20211228_164150_9308656314_600_800.png,19co3fig2_20211228_164150_9308656314_600_800_mask.png,Figure   11:      It   is   recommended  to  individually
71,4,143,8,143,658,286,666,143,658,286,658,286,666,143,666,sub_line_text,figure_legend,figure_0,opensans,italic,6,19co3fig2_20211228_164150_9308656314_600_800.png,/scratch/parceirosbr/bigoilict/share/BigOil/document_generator/datasets/documents_2021_12_28/19co3fig2_20211228_164150_9308656314_600_800.png,19co3fig2_20211228_164150_9308656314_600_800_mask.png,assess   the   toxicity   of   some   stages   of  the  r-
52,4,105,8,143,668,248,676,143,668,248,668,248,676,143,676,sub_line_text,figure_legend,figure_0,opensans,italic,6,19co3fig2_20211228_164150_9308656314_600_800.png,/scratch/parceirosbr/bigoilict/share/BigOil/document_generator/datasets/documents_2021_12_28/19co3fig2_20211228_164150_9308656314_600_800.png,19co3fig2_20211228_164150_9308656314_600_800_mask.png,efinery refining process to detect which
72,14,144,28,143,648,287,676,143,648,287,648,287,676,143,676,text,figure_legend,figure_0,opensans,italic,6,19co3fig2_20211228_164150_9308656314_600_800.png,/scratch/parceirosbr/bigoilict/share/BigOil/document_generator/datasets/documents_2021_12_28/19co3fig2_20211228_164150_9308656314_600_800.png,19co3fig2_20211228_164150_9308656314_600_800_mask.png,nan
69,46,138,92,365,551,503,643,365,551,503,551,503,643,365,643,image,figure_image,figure_1,,,,19co3fig2_20211228_164150_9308656314_600_800.png,/scratch/parceirosbr/bigoilict/share/BigOil/document_generator/datasets/documents_2021_12_28/19co3fig2_20211228_164150_9308656314_600_800.png,19co3fig2_20211228_164150_9308656314_600_800_mask.png,output/gen_img_20211228_164152_5410379473.png
1,-3,2,-6,407,563,409,557,407,556,411,563,409,564,405,557,text,figure_text,figure_1,,,,19co3fig2_20211228_164150_9308656314_600_800.png,/scratch/parceirosbr/bigoilict/share/BigOil/document_generator/datasets/documents_2021_12_28/19co3fig2_20211228_164150_9308656314_600_800.png,19co3fig2_20211228_164150_9308656314_600_800_mask.png,Strength
1,-3,2,-6,407,563,409,557,407,556,411,563,409,564,405,557,sub_line_text,figure_text,figure_1,,,,19co3fig2_20211228_164150_9308656314_600_800.png,/scratch/parceirosbr/bigoilict/share/BigOil/document_generator/datasets/documents_2021_12_28/19co3fig2_20211228_164150_9308656314_600_800.png,19co3fig2_20211228_164150_9308656314_600_800_mask.png,Strength
1,-4,3,-9,436,574,439,565,436,564,441,574,439,575,434,565,text,figure_text,figure_1,,,,19co3fig2_20211228_164150_9308656314_600_800.png,/scratch/parceirosbr/bigoilict/share/BigOil/document_generator/datasets/documents_2021_12_28/19co3fig2_20211228_164150_9308656314_600_800.png,19co3fig2_20211228_164150_9308656314_600_800_mask.png,Gender (BL)
1,-4,3,-9,436,574,439,565,436,564,441,574,439,575,434,565,sub_line_text,figure_text,figure_1,,,,19co3fig2_20211228_164150_9308656314_600_800.png,/scratch/parceirosbr/bigoilict/share/BigOil/document_generator/datasets/documents_2021_12_28/19co3fig2_20211228_164150_9308656314_600_800.png,19co3fig2_20211228_164150_9308656314_600_800_mask.png,Gender (BL)
1,-3,2,-7,497,592,499,585,497,584,502,592,499,593,495,585,text,figure_text,figure_1,,,,19co3fig2_20211228_164150_9308656314_600_800.png,/scratch/parceirosbr/bigoilict/share/BigOil/document_generator/datasets/documents_2021_12_28/19co3fig2_20211228_164150_9308656314_600_800.png,19co3fig2_20211228_164150_9308656314_600_800_mask.png,-3358.209
1,-3,2,-7,497,592,499,585,497,584,502,592,499,593,495,585,sub_line_text,figure_text,figure_1,,,,19co3fig2_20211228_164150_9308656314_600_800.png,/scratch/parceirosbr/bigoilict/share/BigOil/document_generator/datasets/documents_2021_12_28/19co3fig2_20211228_164150_9308656314_600_800.png,19co3fig2_20211228_164150_9308656314_600_800_mask.png,-3358.209
1,-3,2,-7,415,599,417,592,415,591,419,599,417,600,412,592,text,figure_text,figure_1,,,,19co3fig2_20211228_164150_9308656314_600_800.png,/scratch/parceirosbr/bigoilict/share/BigOil/document_generator/datasets/documents_2021_12_28/19co3fig2_20211228_164150_9308656314_600_800.png,19co3fig2_20211228_164150_9308656314_600_800_mask.png,-6952.8%
1,-3,2,-7,415,599,417,592,415,591,419,599,417,600,412,592,sub_line_text,figure_text,figure_1,,,,19co3fig2_20211228_164150_9308656314_600_800.png,/scratch/parceirosbr/bigoilict/share/BigOil/document_generator/datasets/documents_2021_12_28/19co3fig2_20211228_164150_9308656314_600_800.png,19co3fig2_20211228_164150_9308656314_600_800_mask.png,-6952.8%
1,-4,3,-8,379,613,382,605,379,603,384,613,382,614,377,605,text,figure_text,figure_1,,,,19co3fig2_20211228_164150_9308656314_600_800.png,/scratch/parceirosbr/bigoilict/share/BigOil/document_generator/datasets/documents_2021_12_28/19co3fig2_20211228_164150_9308656314_600_800.png,19co3fig2_20211228_164150_9308656314_600_800_mask.png,Liters (MM)
1,-4,3,-8,379,613,382,605,379,603,384,613,382,614,377,605,sub_line_text,figure_text,figure_1,,,,19co3fig2_20211228_164150_9308656314_600_800.png,/scratch/parceirosbr/bigoilict/share/BigOil/document_generator/datasets/documents_2021_12_28/19co3fig2_20211228_164150_9308656314_600_800.png,19co3fig2_20211228_164150_9308656314_600_800_mask.png,Liters (MM)
1,-2,2,-4,432,589,434,585,432,584,435,589,434,590,430,585,text,figure_text,figure_1,,,,19co3fig2_20211228_164150_9308656314_600_800.png,/scratch/parceirosbr/bigoilict/share/BigOil/document_generator/datasets/documents_2021_12_28/19co3fig2_20211228_164150_9308656314_600_800.png,19co3fig2_20211228_164150_9308656314_600_800_mask.png,882.0%
1,-2,2,-4,432,589,434,585,432,584,435,589,434,590,430,585,sub_line_text,figure_text,figure_1,,,,19co3fig2_20211228_164150_9308656314_600_800.png,/scratch/parceirosbr/bigoilict/share/BigOil/document_generator/datasets/documents_2021_12_28/19co3fig2_20211228_164150_9308656314_600_800.png,19co3fig2_20211228_164150_9308656314_600_800_mask.png,882.0%
1,-3,3,-6,452,607,455,601,452,601,456,607,455,608,451,601,text,figure_text,figure_1,,,,19co3fig2_20211228_164150_9308656314_600_800.png,/scratch/parceirosbr/bigoilict/share/BigOil/document_generator/datasets/documents_2021_12_28/19co3fig2_20211228_164150_9308656314_600_800.png,19co3fig2_20211228_164150_9308656314_600_800_mask.png,Traction
1,-3,3,-6,452,607,455,601,452,601,456,607,455,608,451,601,sub_line_text,figure_text,figure_1,,,,19co3fig2_20211228_164150_9308656314_600_800.png,/scratch/parceirosbr/bigoilict/share/BigOil/document_generator/datasets/documents_2021_12_28/19co3fig2_20211228_164150_9308656314_600_800.png,19co3fig2_20211228_164150_9308656314_600_800_mask.png,Traction
1,-3,3,-7,493,621,496,614,493,613,498,621,496,622,491,614,text,figure_text,figure_1,,,,19co3fig2_20211228_164150_9308656314_600_800.png,/scratch/parceirosbr/bigoilict/share/BigOil/document_generator/datasets/documents_2021_12_28/19co3fig2_20211228_164150_9308656314_600_800.png,19co3fig2_20211228_164150_9308656314_600_800_mask.png,-9902.67%
1,-3,3,-7,493,621,496,614,493,613,498,621,496,622,491,614,sub_line_text,figure_text,figure_1,,,,19co3fig2_20211228_164150_9308656314_600_800.png,/scratch/parceirosbr/bigoilict/share/BigOil/document_generator/datasets/documents_2021_12_28/19co3fig2_20211228_164150_9308656314_600_800.png,19co3fig2_20211228_164150_9308656314_600_800_mask.png,-9902.67%
1,-4,3,-8,483,590,486,582,483,581,488,590,486,591,481,582,text,figure_text,figure_1,,,,19co3fig2_20211228_164150_9308656314_600_800.png,/scratch/parceirosbr/bigoilict/share/BigOil/document_generator/datasets/documents_2021_12_28/19co3fig2_20211228_164150_9308656314_600_800.png,19co3fig2_20211228_164150_9308656314_600_800_mask.png,Female (M)
1,-4,3,-8,483,590,486,582,483,581,488,590,486,591,481,582,sub_line_text,figure_text,figure_1,,,,19co3fig2_20211228_164150_9308656314_600_800.png,/scratch/parceirosbr/bigoilict/share/BigOil/document_generator/datasets/documents_2021_12_28/19co3fig2_20211228_164150_9308656314_600_800.png,19co3fig2_20211228_164150_9308656314_600_800_mask.png,Female (M)
2,-4,4,-9,388,570,392,561,388,559,394,570,392,571,386,561,text,figure_text,figure_1,,,,19co3fig2_20211228_164150_9308656314_600_800.png,/scratch/parceirosbr/bigoilict/share/BigOil/document_generator/datasets/documents_2021_12_28/19co3fig2_20211228_164150_9308656314_600_800.png,19co3fig2_20211228_164150_9308656314_600_800_mask.png,Vaporization
2,-4,4,-9,388,570,392,561,388,559,394,570,392,571,386,561,sub_line_text,figure_text,figure_1,,,,19co3fig2_20211228_164150_9308656314_600_800.png,/scratch/parceirosbr/bigoilict/share/BigOil/document_generator/datasets/documents_2021_12_28/19co3fig2_20211228_164150_9308656314_600_800.png,19co3fig2_20211228_164150_9308656314_600_800_mask.png,Vaporization
80,4,161,8,342,648,503,656,342,648,503,648,503,656,342,656,sub_line_text,figure_legend,figure_1,opensans,italic,6,19co3fig2_20211228_164150_9308656314_600_800.png,/scratch/parceirosbr/bigoilict/share/BigOil/document_generator/datasets/documents_2021_12_28/19co3fig2_20211228_164150_9308656314_600_800.png,19co3fig2_20211228_164150_9308656314_600_800_mask.png,"Figure   37:      Assim,   um   elemento   pode   pertencer   a"
80,4,160,8,342,658,502,666,342,658,502,658,502,666,342,666,sub_line_text,figure_legend,figure_1,opensans,italic,6,19co3fig2_20211228_164150_9308656314_600_800.png,/scratch/parceirosbr/bigoilict/share/BigOil/document_generator/datasets/documents_2021_12_28/19co3fig2_20211228_164150_9308656314_600_800.png,19co3fig2_20211228_164150_9308656314_600_800_mask.png,um    dado    conjunto   com   determinado   grau   de   pert-
54,4,109,8,342,668,451,676,342,668,451,668,451,676,342,676,sub_line_text,figure_legend,figure_1,opensans,italic,6,19co3fig2_20211228_164150_9308656314_600_800.png,/scratch/parceirosbr/bigoilict/share/BigOil/document_generator/datasets/documents_2021_12_28/19co3fig2_20211228_164150_9308656314_600_800.png,19co3fig2_20211228_164150_9308656314_600_800_mask.png,"inência A(x) dentro do intervalo. Assim, o"
80,14,161,28,342,648,503,676,342,648,503,648,503,676,342,676,text,figure_legend,figure_1,opensans,italic,6,19co3fig2_20211228_164150_9308656314_600_800.png,/scratch/parceirosbr/bigoilict/share/BigOil/document_generator/datasets/documents_2021_12_28/19co3fig2_20211228_164150_9308656314_600_800.png,19co3fig2_20211228_164150_9308656314_600_800_mask.png,nan
48,4,96,9,157,88,253,97,157,88,253,88,253,97,157,97,sub_line_text,text,text_0,opensans,regular,7,19co3fig2_20211228_164150_9308656314_600_800.png,/scratch/parceirosbr/bigoilict/share/BigOil/document_generator/datasets/documents_2021_12_28/19co3fig2_20211228_164150_9308656314_600_800.png,19co3fig2_20211228_164150_9308656314_600_800_mask.png,A  variação  do volume do pr-
55,4,111,9,143,99,254,108,143,99,254,99,254,108,143,108,sub_line_text,text,text_0,opensans,regular,7,19co3fig2_20211228_164150_9308656314_600_800.png,/scratch/parceirosbr/bigoilict/share/BigOil/document_generator/datasets/documents_2021_12_28/19co3fig2_20211228_164150_9308656314_600_800.png,19co3fig2_20211228_164150_9308656314_600_800_mask.png,"eço  (+0,2  m3)  é  consistente  (po-"
55,4,111,9,143,110,254,119,143,110,254,110,254,119,143,119,sub_line_text,text,text_0,opensans,regular,7,19co3fig2_20211228_164150_9308656314_600_800.png,/scratch/parceirosbr/bigoilict/share/BigOil/document_generator/datasets/documents_2021_12_28/19co3fig2_20211228_164150_9308656314_600_800.png,19co3fig2_20211228_164150_9308656314_600_800_mask.png,sitiva)   com  a  redução  de  preço
55,4,110,9,143,121,253,130,143,121,253,121,253,130,143,130,sub_line_text,text,text_0,opensans,regular,7,19co3fig2_20211228_164150_9308656314_600_800.png,/scratch/parceirosbr/bigoilict/share/BigOil/document_generator/datasets/documents_2021_12_28/19co3fig2_20211228_164150_9308656314_600_800.png,19co3fig2_20211228_164150_9308656314_600_800_mask.png,real.  A  revised  the  forecast of b-
55,4,111,9,143,132,254,141,143,132,254,132,254,141,143,141,sub_line_text,text,text_0,opensans,regular,7,19co3fig2_20211228_164150_9308656314_600_800.png,/scratch/parceirosbr/bigoilict/share/BigOil/document_generator/datasets/documents_2021_12_28/19co3fig2_20211228_164150_9308656314_600_800.png,19co3fig2_20211228_164150_9308656314_600_800_mask.png,iodiesel   consumption   in  the  co-
55,4,110,9,143,143,253,152,143,143,253,143,253,152,143,152,sub_line_text,text,text_0,opensans,regular,7,19co3fig2_20211228_164150_9308656314_600_800.png,/scratch/parceirosbr/bigoilict/share/BigOil/document_generator/datasets/documents_2021_12_28/19co3fig2_20211228_164150_9308656314_600_800.png,19co3fig2_20211228_164150_9308656314_600_800_mask.png,"untry  in  2008,  with  the authoriz-"
55,4,110,9,143,154,253,163,143,154,253,154,253,163,143,163,sub_line_text,text,text_0,opensans,regular,7,19co3fig2_20211228_164150_9308656314_600_800.png,/scratch/parceirosbr/bigoilict/share/BigOil/document_generator/datasets/documents_2021_12_28/19co3fig2_20211228_164150_9308656314_600_800.png,19co3fig2_20211228_164150_9308656314_600_800_mask.png,ation  to  raise  the  mixture  of bi-
55,4,110,9,143,165,253,174,143,165,253,165,253,174,143,174,sub_line_text,text,text_0,opensans,regular,7,19co3fig2_20211228_164150_9308656314_600_800.png,/scratch/parceirosbr/bigoilict/share/BigOil/document_generator/datasets/documents_2021_12_28/19co3fig2_20211228_164150_9308656314_600_800.png,19co3fig2_20211228_164150_9308656314_600_800_mask.png,"odiesel  to  diesel  from 2% to 3%,"
55,4,110,9,143,176,253,185,143,176,253,176,253,185,143,185,sub_line_text,text,text_0,opensans,regular,7,19co3fig2_20211228_164150_9308656314_600_800.png,/scratch/parceirosbr/bigoilict/share/BigOil/document_generator/datasets/documents_2021_12_28/19co3fig2_20211228_164150_9308656314_600_800.png,19co3fig2_20211228_164150_9308656314_600_800_mask.png,as  of  July  1.  A  fase imóvel corr-
55,4,110,9,143,187,253,196,143,187,253,187,253,196,143,196,sub_line_text,text,text_0,opensans,regular,7,19co3fig2_20211228_164150_9308656314_600_800.png,/scratch/parceirosbr/bigoilict/share/BigOil/document_generator/datasets/documents_2021_12_28/19co3fig2_20211228_164150_9308656314_600_800.png,19co3fig2_20211228_164150_9308656314_600_800_mask.png,esponde   aos   cistos  fossilizáveis
55,4,111,9,143,198,254,207,143,198,254,198,254,207,143,207,sub_line_text,text,text_0,opensans,regular,7,19co3fig2_20211228_164150_9308656314_600_800.png,/scratch/parceirosbr/bigoilict/share/BigOil/document_generator/datasets/documents_2021_12_28/19co3fig2_20211228_164150_9308656314_600_800.png,19co3fig2_20211228_164150_9308656314_600_800_mask.png,"dormentes  e  a  fase  móvel, à fo-"
52,4,105,9,143,209,248,218,143,209,248,209,248,218,143,218,sub_line_text,text,text_0,opensans,regular,7,19co3fig2_20211228_164150_9308656314_600_800.png,/scratch/parceirosbr/bigoilict/share/BigOil/document_generator/datasets/documents_2021_12_28/19co3fig2_20211228_164150_9308656314_600_800.png,19co3fig2_20211228_164150_9308656314_600_800_mask.png,rma vivente dotada de motilida.
55,65,111,130,143,88,254,218,143,88,254,88,254,218,143,218,text,text,text_0,opensans,regular,7,19co3fig2_20211228_164150_9308656314_600_800.png,/scratch/parceirosbr/bigoilict/share/BigOil/document_generator/datasets/documents_2021_12_28/19co3fig2_20211228_164150_9308656314_600_800.png,19co3fig2_20211228_164150_9308656314_600_800_mask.png,nan
12,5,25,10,187,220,212,230,187,220,212,220,212,230,187,230,sub_line_text,subsubtitle,subsubtitle_0,opensans,italic,8,19co3fig2_20211228_164150_9308656314_600_800.png,/scratch/parceirosbr/bigoilict/share/BigOil/document_generator/datasets/documents_2021_12_28/19co3fig2_20211228_164150_9308656314_600_800.png,19co3fig2_20211228_164150_9308656314_600_800_mask.png,Where:
12,5,25,10,187,220,212,230,187,220,212,220,212,230,187,230,title,subsubtitle,subsubtitle_0,opensans,italic,8,19co3fig2_20211228_164150_9308656314_600_800.png,/scratch/parceirosbr/bigoilict/share/BigOil/document_generator/datasets/documents_2021_12_28/19co3fig2_20211228_164150_9308656314_600_800.png,19co3fig2_20211228_164150_9308656314_600_800_mask.png,nan
41,4,82,9,158,233,240,242,158,233,240,233,240,242,158,242,sub_line_text,subsubsubtitle,subsubsubtitle_0,opensans,bolditalic,7,19co3fig2_20211228_164150_9308656314_600_800.png,/scratch/parceirosbr/bigoilict/share/BigOil/document_generator/datasets/documents_2021_12_28/19co3fig2_20211228_164150_9308656314_600_800.png,19co3fig2_20211228_164150_9308656314_600_800_mask.png,"Assim, ficou 31 colocação"
41,4,82,9,158,233,240,242,158,233,240,233,240,242,158,242,title,subsubsubtitle,subsubsubtitle_0,opensans,bolditalic,7,19co3fig2_20211228_164150_9308656314_600_800.png,/scratch/parceirosbr/bigoilict/share/BigOil/document_generator/datasets/documents_2021_12_28/19co3fig2_20211228_164150_9308656314_600_800.png,19co3fig2_20211228_164150_9308656314_600_800_mask.png,nan
48,4,96,9,157,245,253,254,157,245,253,245,253,254,157,254,sub_line_text,text,text_1,opensans,regular,7,19co3fig2_20211228_164150_9308656314_600_800.png,/scratch/parceirosbr/bigoilict/share/BigOil/document_generator/datasets/documents_2021_12_28/19co3fig2_20211228_164150_9308656314_600_800.png,19co3fig2_20211228_164150_9308656314_600_800_mask.png,"In  1,  in  which  it  was consid-"
55,4,111,9,143,256,254,265,143,256,254,256,254,265,143,265,sub_line_text,text,text_1,opensans,regular,7,19co3fig2_20211228_164150_9308656314_600_800.png,/scratch/parceirosbr/bigoilict/share/BigOil/document_generator/datasets/documents_2021_12_28/19co3fig2_20211228_164150_9308656314_600_800.png,19co3fig2_20211228_164150_9308656314_600_800_mask.png,ered  that  the  entire  body  of wa-
55,4,111,9,143,267,254,276,143,267,254,267,254,276,143,276,sub_line_text,text,text_1,opensans,regular,7,19co3fig2_20211228_164150_9308656314_600_800.png,/scratch/parceirosbr/bigoilict/share/BigOil/document_generator/datasets/documents_2021_12_28/19co3fig2_20211228_164150_9308656314_600_800.png,19co3fig2_20211228_164150_9308656314_600_800_mask.png,ter  to  be  heated  by  the concent-
55,4,110,9,143,278,253,287,143,278,253,278,253,287,143,287,sub_line_text,text,text_1,opensans,regular,7,19co3fig2_20211228_164150_9308656314_600_800.png,/scratch/parceirosbr/bigoilict/share/BigOil/document_generator/datasets/documents_2021_12_28/19co3fig2_20211228_164150_9308656314_600_800.png,19co3fig2_20211228_164150_9308656314_600_800_mask.png,"rator  is  28,000  kg,  the  solar co-"
55,4,110,9,143,289,253,298,143,289,253,289,253,298,143,298,sub_line_text,text,text_1,opensans,regular,7,19co3fig2_20211228_164150_9308656314_600_800.png,/scratch/parceirosbr/bigoilict/share/BigOil/document_generator/datasets/documents_2021_12_28/19co3fig2_20211228_164150_9308656314_600_800.png,19co3fig2_20211228_164150_9308656314_600_800_mask.png,ncentrator   is   inserted  in  series
55,4,111,9,143,300,254,309,143,300,254,300,254,309,143,309,sub_line_text,text,text_1,opensans,regular,7,19co3fig2_20211228_164150_9308656314_600_800.png,/scratch/parceirosbr/bigoilict/share/BigOil/document_generator/datasets/documents_2021_12_28/19co3fig2_20211228_164150_9308656314_600_800.png,19co3fig2_20211228_164150_9308656314_600_800_mask.png,"in   the  usual  system,  between  t-"
55,4,111,9,143,311,254,320,143,311,254,311,254,320,143,320,sub_line_text,text,text_1,opensans,regular,7,19co3fig2_20211228_164150_9308656314_600_800.png,/scratch/parceirosbr/bigoilict/share/BigOil/document_generator/datasets/documents_2021_12_28/19co3fig2_20211228_164150_9308656314_600_800.png,19co3fig2_20211228_164150_9308656314_600_800_mask.png,he  pre-heater  and  the  boiler.  O
55,4,110,9,143,322,253,331,143,322,253,322,253,331,143,331,sub_line_text,text,text_1,opensans,regular,7,19co3fig2_20211228_164150_9308656314_600_800.png,/scratch/parceirosbr/bigoilict/share/BigOil/document_generator/datasets/documents_2021_12_28/19co3fig2_20211228_164150_9308656314_600_800.png,19co3fig2_20211228_164150_9308656314_600_800_mask.png,grande   interesse  na  determina-
55,4,110,9,143,333,253,342,143,333,253,333,253,342,143,342,sub_line_text,text,text_1,opensans,regular,7,19co3fig2_20211228_164150_9308656314_600_800.png,/scratch/parceirosbr/bigoilict/share/BigOil/document_generator/datasets/documents_2021_12_28/19co3fig2_20211228_164150_9308656314_600_800.png,19co3fig2_20211228_164150_9308656314_600_800_mask.png,"ção  de  muitas  vezes,  se concen-"
55,4,111,9,143,344,254,353,143,344,254,344,254,353,143,353,sub_line_text,text,text_1,opensans,regular,7,19co3fig2_20211228_164150_9308656314_600_800.png,/scratch/parceirosbr/bigoilict/share/BigOil/document_generator/datasets/documents_2021_12_28/19co3fig2_20211228_164150_9308656314_600_800.png,19co3fig2_20211228_164150_9308656314_600_800_mask.png,"tra   nos   compostos  de  benzeno,"
55,4,111,9,143,355,254,364,143,355,254,355,254,364,143,364,sub_line_text,text,text_1,opensans,regular,7,19co3fig2_20211228_164150_9308656314_600_800.png,/scratch/parceirosbr/bigoilict/share/BigOil/document_generator/datasets/documents_2021_12_28/19co3fig2_20211228_164150_9308656314_600_800.png,19co3fig2_20211228_164150_9308656314_600_800_mask.png,"tolueno,   etilbenzeno  e  xileno,  t-"
51,4,102,9,143,366,245,375,143,366,245,366,245,375,143,375,sub_line_text,text,text_1,opensans,regular,7,19co3fig2_20211228_164150_9308656314_600_800.png,/scratch/parceirosbr/bigoilict/share/BigOil/document_generator/datasets/documents_2021_12_28/19co3fig2_20211228_164150_9308656314_600_800.png,19co3fig2_20211228_164150_9308656314_600_800_mask.png,ambém conhecidos por devido.
55,65,111,130,143,245,254,375,143,245,254,245,254,375,143,375,text,text,text_1,opensans,regular,7,19co3fig2_20211228_164150_9308656314_600_800.png,/scratch/parceirosbr/bigoilict/share/BigOil/document_generator/datasets/documents_2021_12_28/19co3fig2_20211228_164150_9308656314_600_800.png,19co3fig2_20211228_164150_9308656314_600_800_mask.png,nan
48,4,97,9,157,377,254,386,157,377,254,377,254,386,157,386,sub_line_text,text,text_2,opensans,regular,7,19co3fig2_20211228_164150_9308656314_600_800.png,/scratch/parceirosbr/bigoilict/share/BigOil/document_generator/datasets/documents_2021_12_28/19co3fig2_20211228_164150_9308656314_600_800.png,19co3fig2_20211228_164150_9308656314_600_800_mask.png,Notes:  level  50  rating  in the
55,4,111,9,143,388,254,397,143,388,254,388,254,397,143,397,sub_line_text,text,text_2,opensans,regular,7,19co3fig2_20211228_164150_9308656314_600_800.png,/scratch/parceirosbr/bigoilict/share/BigOil/document_generator/datasets/documents_2021_12_28/19co3fig2_20211228_164150_9308656314_600_800.png,19co3fig2_20211228_164150_9308656314_600_800_mask.png,vo;   Extraction   is  the  concept  u-
55,4,111,9,143,399,254,408,143,399,254,399,254,408,143,408,sub_line_text,text,text_2,opensans,regular,7,19co3fig2_20211228_164150_9308656314_600_800.png,/scratch/parceirosbr/bigoilict/share/BigOil/document_generator/datasets/documents_2021_12_28/19co3fig2_20211228_164150_9308656314_600_800.png,19co3fig2_20211228_164150_9308656314_600_800_mask.png,sed  by  to  name  the  activities of
55,4,111,9,143,410,254,419,143,410,254,410,254,419,143,419,sub_line_text,text,text_2,opensans,regular,7,19co3fig2_20211228_164150_9308656314_600_800.png,/scratch/parceirosbr/bigoilict/share/BigOil/document_generator/datasets/documents_2021_12_28/19co3fig2_20211228_164150_9308656314_600_800.png,19co3fig2_20211228_164150_9308656314_600_800_mask.png,exploration  and  production  of oil
55,4,111,9,143,421,254,430,143,421,254,421,254,430,143,430,sub_line_text,text,text_2,opensans,regular,7,19co3fig2_20211228_164150_9308656314_600_800.png,/scratch/parceirosbr/bigoilict/share/BigOil/document_generator/datasets/documents_2021_12_28/19co3fig2_20211228_164150_9308656314_600_800.png,19co3fig2_20211228_164150_9308656314_600_800_mask.png,and  natural  gas;  only  the produ-
55,4,110,9,143,432,253,441,143,432,253,432,253,441,143,441,sub_line_text,text,text_2,opensans,regular,7,19co3fig2_20211228_164150_9308656314_600_800.png,/scratch/parceirosbr/bigoilict/share/BigOil/document_generator/datasets/documents_2021_12_28/19co3fig2_20211228_164150_9308656314_600_800.png,19co3fig2_20211228_164150_9308656314_600_800_mask.png,ction   of  gas  associated  with  the
55,4,110,9,143,443,253,452,143,443,253,443,253,452,143,452,sub_line_text,text,text_2,opensans,regular,7,19co3fig2_20211228_164150_9308656314_600_800.png,/scratch/parceirosbr/bigoilict/share/BigOil/document_generator/datasets/documents_2021_12_28/19co3fig2_20211228_164150_9308656314_600_800.png,19co3fig2_20211228_164150_9308656314_600_800_mask.png,distribution   of   gaseous  fuels  w-
50,4,101,9,143,454,244,463,143,454,244,454,244,463,143,463,sub_line_text,text,text_2,opensans,regular,7,19co3fig2_20211228_164150_9308656314_600_800.png,/scratch/parceirosbr/bigoilict/share/BigOil/document_generator/datasets/documents_2021_12_28/19co3fig2_20211228_164150_9308656314_600_800.png,19co3fig2_20211228_164150_9308656314_600_800_mask.png,hich is carried out by the same.
55,43,111,86,143,377,254,463,143,377,254,377,254,463,143,463,text,text,text_2,opensans,regular,7,19co3fig2_20211228_164150_9308656314_600_800.png,/scratch/parceirosbr/bigoilict/share/BigOil/document_generator/datasets/documents_2021_12_28/19co3fig2_20211228_164150_9308656314_600_800.png,19co3fig2_20211228_164150_9308656314_600_800_mask.png,nan
48,4,97,9,157,465,254,474,157,465,254,465,254,474,157,474,sub_line_text,text,text_3,opensans,regular,7,19co3fig2_20211228_164150_9308656314_600_800.png,/scratch/parceirosbr/bigoilict/share/BigOil/document_generator/datasets/documents_2021_12_28/19co3fig2_20211228_164150_9308656314_600_800.png,19co3fig2_20211228_164150_9308656314_600_800_mask.png,Os    resultados    encontrados
55,4,111,9,143,476,254,485,143,476,254,476,254,485,143,485,sub_line_text,text,text_3,opensans,regular,7,19co3fig2_20211228_164150_9308656314_600_800.png,/scratch/parceirosbr/bigoilict/share/BigOil/document_generator/datasets/documents_2021_12_28/19co3fig2_20211228_164150_9308656314_600_800.png,19co3fig2_20211228_164150_9308656314_600_800_mask.png,para   os   metais   estudados   são
55,4,111,9,143,487,254,496,143,487,254,487,254,496,143,496,sub_line_text,text,text_3,opensans,regular,7,19co3fig2_20211228_164150_9308656314_600_800.png,/scratch/parceirosbr/bigoilict/share/BigOil/document_generator/datasets/documents_2021_12_28/19co3fig2_20211228_164150_9308656314_600_800.png,19co3fig2_20211228_164150_9308656314_600_800_mask.png,apresentados  na  tabela  7  por  r-
51,4,103,9,143,498,246,507,143,498,246,498,246,507,143,507,sub_line_text,text,text_3,opensans,regular,7,19co3fig2_20211228_164150_9308656314_600_800.png,/scratch/parceirosbr/bigoilict/share/BigOil/document_generator/datasets/documents_2021_12_28/19co3fig2_20211228_164150_9308656314_600_800.png,19co3fig2_20211228_164150_9308656314_600_800_mask.png,"egião na bacia, com suas respe."
55,21,111,42,143,465,254,507,143,465,254,465,254,507,143,507,text,text,text_3,opensans,regular,7,19co3fig2_20211228_164150_9308656314_600_800.png,/scratch/parceirosbr/bigoilict/share/BigOil/document_generator/datasets/documents_2021_12_28/19co3fig2_20211228_164150_9308656314_600_800.png,19co3fig2_20211228_164150_9308656314_600_800_mask.png,nan
48,4,97,9,292,88,389,97,292,88,389,88,389,97,292,97,sub_line_text,text,text_4,opensans,regular,7,19co3fig2_20211228_164150_9308656314_600_800.png,/scratch/parceirosbr/bigoilict/share/BigOil/document_generator/datasets/documents_2021_12_28/19co3fig2_20211228_164150_9308656314_600_800.png,19co3fig2_20211228_164150_9308656314_600_800_mask.png,As    consultas    e   audiências
55,4,110,9,278,99,388,108,278,99,388,99,388,108,278,108,sub_line_text,text,text_4,opensans,regular,7,19co3fig2_20211228_164150_9308656314_600_800.png,/scratch/parceirosbr/bigoilict/share/BigOil/document_generator/datasets/documents_2021_12_28/19co3fig2_20211228_164150_9308656314_600_800.png,19co3fig2_20211228_164150_9308656314_600_800_mask.png,públicas   estão   previstas   no  da
55,4,111,9,278,110,389,119,278,110,389,110,389,119,278,119,sub_line_text,text,text_4,opensans,regular,7,19co3fig2_20211228_164150_9308656314_600_800.png,/scratch/parceirosbr/bigoilict/share/BigOil/document_generator/datasets/documents_2021_12_28/19co3fig2_20211228_164150_9308656314_600_800.png,19co3fig2_20211228_164150_9308656314_600_800_mask.png,"publicado  na n 69, de 06/04/2009"
55,4,110,9,278,121,388,130,278,121,388,121,388,130,278,130,sub_line_text,text,text_4,opensans,regular,7,19co3fig2_20211228_164150_9308656314_600_800.png,/scratch/parceirosbr/bigoilict/share/BigOil/document_generator/datasets/documents_2021_12_28/19co3fig2_20211228_164150_9308656314_600_800.png,19co3fig2_20211228_164150_9308656314_600_800_mask.png,"(Art.  56).  et  al.,  1989. mechanic-"
55,4,111,9,278,132,389,141,278,132,389,132,389,141,278,141,sub_line_text,text,text_4,opensans,regular,7,19co3fig2_20211228_164150_9308656314_600_800.png,/scratch/parceirosbr/bigoilict/share/BigOil/document_generator/datasets/documents_2021_12_28/19co3fig2_20211228_164150_9308656314_600_800.png,19co3fig2_20211228_164150_9308656314_600_800_mask.png,al  behaviour  of  multilayered fle-
55,4,111,9,278,143,389,152,278,143,389,143,389,152,278,152,sub_line_text,text,text_4,opensans,regular,7,19co3fig2_20211228_164150_9308656314_600_800.png,/scratch/parceirosbr/bigoilict/share/BigOil/document_generator/datasets/documents_2021_12_28/19co3fig2_20211228_164150_9308656314_600_800.png,19co3fig2_20211228_164150_9308656314_600_800_mask.png,xible   risers.  [A.  do  livro]  of  de.
55,4,111,9,278,154,389,163,278,154,389,154,389,163,278,163,sub_line_text,text,text_4,opensans,regular,7,19co3fig2_20211228_164150_9308656314_600_800.png,/scratch/parceirosbr/bigoilict/share/BigOil/document_generator/datasets/documents_2021_12_28/19co3fig2_20211228_164150_9308656314_600_800.png,19co3fig2_20211228_164150_9308656314_600_800_mask.png,Santander   et   al  showed  results
55,4,111,9,278,165,389,174,278,165,389,165,389,174,278,174,sub_line_text,text,text_4,opensans,regular,7,19co3fig2_20211228_164150_9308656314_600_800.png,/scratch/parceirosbr/bigoilict/share/BigOil/document_generator/datasets/documents_2021_12_28/19co3fig2_20211228_164150_9308656314_600_800.png,19co3fig2_20211228_164150_9308656314_600_800_mask.png,of  rapid  oil  removal  with  maxi-
55,4,110,9,278,176,388,185,278,176,388,176,388,185,278,185,sub_line_text,text,text_4,opensans,regular,7,19co3fig2_20211228_164150_9308656314_600_800.png,/scratch/parceirosbr/bigoilict/share/BigOil/document_generator/datasets/documents_2021_12_28/19co3fig2_20211228_164150_9308656314_600_800.png,19co3fig2_20211228_164150_9308656314_600_800_mask.png,mum  efficiency  of  85% in the oil
52,4,105,9,278,187,383,196,278,187,383,187,383,196,278,196,sub_line_text,text,text_4,opensans,regular,7,19co3fig2_20211228_164150_9308656314_600_800.png,/scratch/parceirosbr/bigoilict/share/BigOil/document_generator/datasets/documents_2021_12_28/19co3fig2_20211228_164150_9308656314_600_800.png,19co3fig2_20211228_164150_9308656314_600_800_mask.png,/ water emulsion by flocculation.
55,54,111,108,278,88,389,196,278,88,389,88,389,196,278,196,text,text,text_4,opensans,regular,7,19co3fig2_20211228_164150_9308656314_600_800.png,/scratch/parceirosbr/bigoilict/share/BigOil/document_generator/datasets/documents_2021_12_28/19co3fig2_20211228_164150_9308656314_600_800.png,19co3fig2_20211228_164150_9308656314_600_800_mask.png,nan
7,5,15,10,327,198,342,208,327,198,342,198,342,208,327,208,sub_line_text,subsubtitle,subsubtitle_1,opensans,italic,8,19co3fig2_20211228_164150_9308656314_600_800.png,/scratch/parceirosbr/bigoilict/share/BigOil/document_generator/datasets/documents_2021_12_28/19co3fig2_20211228_164150_9308656314_600_800.png,19co3fig2_20211228_164150_9308656314_600_800_mask.png,This
7,5,15,10,327,198,342,208,327,198,342,198,342,208,327,208,title,subsubtitle,subsubtitle_1,opensans,italic,8,19co3fig2_20211228_164150_9308656314_600_800.png,/scratch/parceirosbr/bigoilict/share/BigOil/document_generator/datasets/documents_2021_12_28/19co3fig2_20211228_164150_9308656314_600_800.png,19co3fig2_20211228_164150_9308656314_600_800_mask.png,nan
48,4,97,9,292,211,389,220,292,211,389,211,389,220,292,220,sub_line_text,text,text_5,opensans,regular,7,19co3fig2_20211228_164150_9308656314_600_800.png,/scratch/parceirosbr/bigoilict/share/BigOil/document_generator/datasets/documents_2021_12_28/19co3fig2_20211228_164150_9308656314_600_800.png,19co3fig2_20211228_164150_9308656314_600_800_mask.png,"However,   these   markets  a-"
55,4,110,9,278,222,388,231,278,222,388,222,388,231,278,231,sub_line_text,text,text_5,opensans,regular,7,19co3fig2_20211228_164150_9308656314_600_800.png,/scratch/parceirosbr/bigoilict/share/BigOil/document_generator/datasets/documents_2021_12_28/19co3fig2_20211228_164150_9308656314_600_800.png,19co3fig2_20211228_164150_9308656314_600_800_mask.png,re  proving  incapable  of consum-
55,4,111,9,278,233,389,242,278,233,389,233,389,242,278,242,sub_line_text,text,text_5,opensans,regular,7,19co3fig2_20211228_164150_9308656314_600_800.png,/scratch/parceirosbr/bigoilict/share/BigOil/document_generator/datasets/documents_2021_12_28/19co3fig2_20211228_164150_9308656314_600_800.png,19co3fig2_20211228_164150_9308656314_600_800_mask.png,ing  all  the  glycerol generated by
55,4,111,9,278,244,389,253,278,244,389,244,389,253,278,253,sub_line_text,text,text_5,opensans,regular,7,19co3fig2_20211228_164150_9308656314_600_800.png,/scratch/parceirosbr/bigoilict/share/BigOil/document_generator/datasets/documents_2021_12_28/19co3fig2_20211228_164150_9308656314_600_800.png,19co3fig2_20211228_164150_9308656314_600_800_mask.png,the   biodiesel   industry  (Gonçalv-
55,4,111,9,278,255,389,264,278,255,389,255,389,264,278,264,sub_line_text,text,text_5,opensans,regular,7,19co3fig2_20211228_164150_9308656314_600_800.png,/scratch/parceirosbr/bigoilict/share/BigOil/document_generator/datasets/documents_2021_12_28/19co3fig2_20211228_164150_9308656314_600_800.png,19co3fig2_20211228_164150_9308656314_600_800_mask.png,"es,   2012).   Observa-se   nos  test-"
55,4,110,9,278,266,388,275,278,266,388,266,388,275,278,275,sub_line_text,text,text_5,opensans,regular,7,19co3fig2_20211228_164150_9308656314_600_800.png,/scratch/parceirosbr/bigoilict/share/BigOil/document_generator/datasets/documents_2021_12_28/19co3fig2_20211228_164150_9308656314_600_800.png,19co3fig2_20211228_164150_9308656314_600_800_mask.png,emunhos   as  intercalações  entre
55,4,110,9,278,277,388,286,278,277,388,277,388,286,278,286,sub_line_text,text,text_5,opensans,regular,7,19co3fig2_20211228_164150_9308656314_600_800.png,/scratch/parceirosbr/bigoilict/share/BigOil/document_generator/datasets/documents_2021_12_28/19co3fig2_20211228_164150_9308656314_600_800.png,19co3fig2_20211228_164150_9308656314_600_800_mask.png,"fácies   lamosas,   indicadoras   de"
55,4,110,9,278,288,388,297,278,288,388,288,388,297,278,297,sub_line_text,text,text_5,opensans,regular,7,19co3fig2_20211228_164150_9308656314_600_800.png,/scratch/parceirosbr/bigoilict/share/BigOil/document_generator/datasets/documents_2021_12_28/19co3fig2_20211228_164150_9308656314_600_800.png,19co3fig2_20211228_164150_9308656314_600_800_mask.png,"(Intertidal   com   fácies  arenosas,"
55,4,110,9,278,299,388,308,278,299,388,299,388,308,278,308,sub_line_text,text,text_5,opensans,regular,7,19co3fig2_20211228_164150_9308656314_600_800.png,/scratch/parceirosbr/bigoilict/share/BigOil/document_generator/datasets/documents_2021_12_28/19co3fig2_20211228_164150_9308656314_600_800.png,19co3fig2_20211228_164150_9308656314_600_800_mask.png,que  definem  os  de  (Tidal  o que
55,4,111,9,278,310,389,319,278,310,389,310,389,319,278,319,sub_line_text,text,text_5,opensans,regular,7,19co3fig2_20211228_164150_9308656314_600_800.png,/scratch/parceirosbr/bigoilict/share/BigOil/document_generator/datasets/documents_2021_12_28/19co3fig2_20211228_164150_9308656314_600_800.png,19co3fig2_20211228_164150_9308656314_600_800_mask.png,comprova  a  intensa  dinâmica  c-
55,4,111,9,278,321,389,330,278,321,389,321,389,330,278,330,sub_line_text,text,text_5,opensans,regular,7,19co3fig2_20211228_164150_9308656314_600_800.png,/scratch/parceirosbr/bigoilict/share/BigOil/document_generator/datasets/documents_2021_12_28/19co3fig2_20211228_164150_9308656314_600_800.png,19co3fig2_20211228_164150_9308656314_600_800_mask.png,osteira  a  qual  a  região  está  su-
55,4,111,9,278,332,389,341,278,332,389,332,389,341,278,341,sub_line_text,text,text_5,opensans,regular,7,19co3fig2_20211228_164150_9308656314_600_800.png,/scratch/parceirosbr/bigoilict/share/BigOil/document_generator/datasets/documents_2021_12_28/19co3fig2_20211228_164150_9308656314_600_800.png,19co3fig2_20211228_164150_9308656314_600_800_mask.png,bmetida.   If  that  were  not  enou-
55,4,110,9,278,343,388,352,278,343,388,343,388,352,278,352,sub_line_text,text,text_5,opensans,regular,7,19co3fig2_20211228_164150_9308656314_600_800.png,/scratch/parceirosbr/bigoilict/share/BigOil/document_generator/datasets/documents_2021_12_28/19co3fig2_20211228_164150_9308656314_600_800.png,19co3fig2_20211228_164150_9308656314_600_800_mask.png,"gh,  the  demand for oil as well as"
52,4,104,9,278,354,382,363,278,354,382,354,382,363,278,363,sub_line_text,text,text_5,opensans,regular,7,19co3fig2_20211228_164150_9308656314_600_800.png,/scratch/parceirosbr/bigoilict/share/BigOil/document_generator/datasets/documents_2021_12_28/19co3fig2_20211228_164150_9308656314_600_800.png,19co3fig2_20211228_164150_9308656314_600_800_mask.png,in other countries of the country.
55,76,111,152,278,211,389,363,278,211,389,211,389,363,278,363,text,text,text_5,opensans,regular,7,19co3fig2_20211228_164150_9308656314_600_800.png,/scratch/parceirosbr/bigoilict/share/BigOil/document_generator/datasets/documents_2021_12_28/19co3fig2_20211228_164150_9308656314_600_800.png,19co3fig2_20211228_164150_9308656314_600_800_mask.png,nan
48,4,96,9,292,365,388,374,292,365,388,365,388,374,292,374,sub_line_text,text,text_6,opensans,regular,7,19co3fig2_20211228_164150_9308656314_600_800.png,/scratch/parceirosbr/bigoilict/share/BigOil/document_generator/datasets/documents_2021_12_28/19co3fig2_20211228_164150_9308656314_600_800.png,19co3fig2_20211228_164150_9308656314_600_800_mask.png,"January,  it  will  have a prod-"
55,4,110,9,278,376,388,385,278,376,388,376,388,385,278,385,sub_line_text,text,text_6,opensans,regular,7,19co3fig2_20211228_164150_9308656314_600_800.png,/scratch/parceirosbr/bigoilict/share/BigOil/document_generator/datasets/documents_2021_12_28/19co3fig2_20211228_164150_9308656314_600_800.png,19co3fig2_20211228_164150_9308656314_600_800_mask.png,uction   capacity  of  380  thousand
55,4,110,9,278,387,388,396,278,387,388,387,388,396,278,396,sub_line_text,text,text_6,opensans,regular,7,19co3fig2_20211228_164150_9308656314_600_800.png,/scratch/parceirosbr/bigoilict/share/BigOil/document_generator/datasets/documents_2021_12_28/19co3fig2_20211228_164150_9308656314_600_800.png,19co3fig2_20211228_164150_9308656314_600_800_mask.png,tons  per  year  and  start  of prod-
55,4,111,9,278,398,389,407,278,398,389,398,389,407,278,407,sub_line_text,text,text_6,opensans,regular,7,19co3fig2_20211228_164150_9308656314_600_800.png,/scratch/parceirosbr/bigoilict/share/BigOil/document_generator/datasets/documents_2021_12_28/19co3fig2_20211228_164150_9308656314_600_800.png,19co3fig2_20211228_164150_9308656314_600_800_mask.png,uction  planned  for  2018.  consor-
55,4,111,9,278,409,389,418,278,409,389,409,389,418,278,418,sub_line_text,text,text_6,opensans,regular,7,19co3fig2_20211228_164150_9308656314_600_800.png,/scratch/parceirosbr/bigoilict/share/BigOil/document_generator/datasets/documents_2021_12_28/19co3fig2_20211228_164150_9308656314_600_800.png,19co3fig2_20211228_164150_9308656314_600_800_mask.png,tium   that   operates   is  operated
55,4,110,9,278,420,388,429,278,420,388,420,388,429,278,429,sub_line_text,text,text_6,opensans,regular,7,19co3fig2_20211228_164150_9308656314_600_800.png,/scratch/parceirosbr/bigoilict/share/BigOil/document_generator/datasets/documents_2021_12_28/19co3fig2_20211228_164150_9308656314_600_800.png,19co3fig2_20211228_164150_9308656314_600_800_mask.png,"by.  Therefore,  it  must  be  consi-"
55,4,110,9,278,431,388,440,278,431,388,431,388,440,278,440,sub_line_text,text,text_6,opensans,regular,7,19co3fig2_20211228_164150_9308656314_600_800.png,/scratch/parceirosbr/bigoilict/share/BigOil/document_generator/datasets/documents_2021_12_28/19co3fig2_20211228_164150_9308656314_600_800.png,19co3fig2_20211228_164150_9308656314_600_800_mask.png,dered   for  the  functions  that  de-
55,4,110,9,278,442,388,451,278,442,388,442,388,451,278,451,sub_line_text,text,text_6,opensans,regular,7,19co3fig2_20211228_164150_9308656314_600_800.png,/scratch/parceirosbr/bigoilict/share/BigOil/document_generator/datasets/documents_2021_12_28/19co3fig2_20211228_164150_9308656314_600_800.png,19co3fig2_20211228_164150_9308656314_600_800_mask.png,"scribe    the   physical   properties,"
49,4,99,9,278,453,377,462,278,453,377,453,377,462,278,462,sub_line_text,text,text_6,opensans,regular,7,19co3fig2_20211228_164150_9308656314_600_800.png,/scratch/parceirosbr/bigoilict/share/BigOil/document_generator/datasets/documents_2021_12_28/19co3fig2_20211228_164150_9308656314_600_800.png,19co3fig2_20211228_164150_9308656314_600_800_mask.png,"that is, for the free energy or f."
55,48,111,97,278,365,389,462,278,365,389,365,389,462,278,462,text,text,text_6,opensans,regular,7,19co3fig2_20211228_164150_9308656314_600_800.png,/scratch/parceirosbr/bigoilict/share/BigOil/document_generator/datasets/documents_2021_12_28/19co3fig2_20211228_164150_9308656314_600_800.png,19co3fig2_20211228_164150_9308656314_600_800_mask.png,nan
48,4,96,9,292,464,388,473,292,464,388,464,388,473,292,473,sub_line_text,text,text_7,opensans,regular,7,19co3fig2_20211228_164150_9308656314_600_800.png,/scratch/parceirosbr/bigoilict/share/BigOil/document_generator/datasets/documents_2021_12_28/19co3fig2_20211228_164150_9308656314_600_800.png,19co3fig2_20211228_164150_9308656314_600_800_mask.png,Heterogeneous    catalysis   o-
55,4,110,9,278,475,388,484,278,475,388,475,388,484,278,484,sub_line_text,text,text_7,opensans,regular,7,19co3fig2_20211228_164150_9308656314_600_800.png,/scratch/parceirosbr/bigoilict/share/BigOil/document_generator/datasets/documents_2021_12_28/19co3fig2_20211228_164150_9308656314_600_800.png,19co3fig2_20211228_164150_9308656314_600_800_mask.png,ccurs   when   the  catalyst  is  in  a
55,4,110,9,278,486,388,495,278,486,388,486,388,495,278,495,sub_line_text,text,text_7,opensans,regular,7,19co3fig2_20211228_164150_9308656314_600_800.png,/scratch/parceirosbr/bigoilict/share/BigOil/document_generator/datasets/documents_2021_12_28/19co3fig2_20211228_164150_9308656314_600_800.png,19co3fig2_20211228_164150_9308656314_600_800_mask.png,phase  different  from  that  of  the
29,4,58,9,278,497,336,506,278,497,336,497,336,506,278,506,sub_line_text,text,text_7,opensans,regular,7,19co3fig2_20211228_164150_9308656314_600_800.png,/scratch/parceirosbr/bigoilict/share/BigOil/document_generator/datasets/documents_2021_12_28/19co3fig2_20211228_164150_9308656314_600_800.png,19co3fig2_20211228_164150_9308656314_600_800_mask.png,reaction medium.
55,21,110,42,278,464,388,506,278,464,388,464,388,506,278,506,text,text,text_7,opensans,regular,7,19co3fig2_20211228_164150_9308656314_600_800.png,/scratch/parceirosbr/bigoilict/share/BigOil/document_generator/datasets/documents_2021_12_28/19co3fig2_20211228_164150_9308656314_600_800.png,19co3fig2_20211228_164150_9308656314_600_800_mask.png,nan
42,4,85,9,292,508,377,517,292,508,377,508,377,517,292,517,sub_line_text,text,text_8,opensans,regular,7,19co3fig2_20211228_164150_9308656314_600_800.png,/scratch/parceirosbr/bigoilict/share/BigOil/document_generator/datasets/documents_2021_12_28/19co3fig2_20211228_164150_9308656314_600_800.png,19co3fig2_20211228_164150_9308656314_600_800_mask.png,A partir de 1 de agosto de.
42,4,85,9,292,508,377,517,292,508,377,508,377,517,292,517,text,text,text_8,opensans,regular,7,19co3fig2_20211228_164150_9308656314_600_800.png,/scratch/parceirosbr/bigoilict/share/BigOil/document_generator/datasets/documents_2021_12_28/19co3fig2_20211228_164150_9308656314_600_800.png,19co3fig2_20211228_164150_9308656314_600_800_mask.png,nan
48,4,97,9,427,88,524,97,427,88,524,88,524,97,427,97,sub_line_text,text,text_9,opensans,regular,7,19co3fig2_20211228_164150_9308656314_600_800.png,/scratch/parceirosbr/bigoilict/share/BigOil/document_generator/datasets/documents_2021_12_28/19co3fig2_20211228_164150_9308656314_600_800.png,19co3fig2_20211228_164150_9308656314_600_800_mask.png,Similar   technical   and  econ-
55,4,111,9,413,99,524,108,413,99,524,99,524,108,413,108,sub_line_text,text,text_9,opensans,regular,7,19co3fig2_20211228_164150_9308656314_600_800.png,/scratch/parceirosbr/bigoilict/share/BigOil/document_generator/datasets/documents_2021_12_28/19co3fig2_20211228_164150_9308656314_600_800.png,19co3fig2_20211228_164150_9308656314_600_800_mask.png,omic   parameters   are   used  for
55,4,110,9,413,110,523,119,413,110,523,110,523,119,413,119,sub_line_text,text,text_9,opensans,regular,7,19co3fig2_20211228_164150_9308656314_600_800.png,/scratch/parceirosbr/bigoilict/share/BigOil/document_generator/datasets/documents_2021_12_28/19co3fig2_20211228_164150_9308656314_600_800.png,19co3fig2_20211228_164150_9308656314_600_800_mask.png,soybeans  and  oil palm to allow a
55,4,110,9,413,121,523,130,413,121,523,121,523,130,413,130,sub_line_text,text,text_9,opensans,regular,7,19co3fig2_20211228_164150_9308656314_600_800.png,/scratch/parceirosbr/bigoilict/share/BigOil/document_generator/datasets/documents_2021_12_28/19co3fig2_20211228_164150_9308656314_600_800.png,19co3fig2_20211228_164150_9308656314_600_800_mask.png,real  comparison.  Capillary  pres-
55,4,111,9,413,132,524,141,413,132,524,132,524,141,413,141,sub_line_text,text,text_9,opensans,regular,7,19co3fig2_20211228_164150_9308656314_600_800.png,/scratch/parceirosbr/bigoilict/share/BigOil/document_generator/datasets/documents_2021_12_28/19co3fig2_20211228_164150_9308656314_600_800.png,19co3fig2_20211228_164150_9308656314_600_800_mask.png,sure  can  be  interpreted  as  a m-
55,4,110,9,413,143,523,152,413,143,523,143,523,152,413,152,sub_line_text,text,text_9,opensans,regular,7,19co3fig2_20211228_164150_9308656314_600_800.png,/scratch/parceirosbr/bigoilict/share/BigOil/document_generator/datasets/documents_2021_12_28/19co3fig2_20211228_164150_9308656314_600_800.png,19co3fig2_20211228_164150_9308656314_600_800_mask.png,easure  of  the  tendency  of a por-
55,4,110,9,413,154,523,163,413,154,523,154,523,163,413,163,sub_line_text,text,text_9,opensans,regular,7,19co3fig2_20211228_164150_9308656314_600_800.png,/scratch/parceirosbr/bigoilict/share/BigOil/document_generator/datasets/documents_2021_12_28/19co3fig2_20211228_164150_9308656314_600_800.png,19co3fig2_20211228_164150_9308656314_600_800_mask.png,ous  medium  to  absorb a wetting
55,4,111,9,413,165,524,174,413,165,524,165,524,174,413,174,sub_line_text,text,text_9,opensans,regular,7,19co3fig2_20211228_164150_9308656314_600_800.png,/scratch/parceirosbr/bigoilict/share/BigOil/document_generator/datasets/documents_2021_12_28/19co3fig2_20211228_164150_9308656314_600_800.png,19co3fig2_20211228_164150_9308656314_600_800_mask.png,fluid  or  to  repel  a  non-wetting f-
18,4,36,9,413,176,449,185,413,176,449,176,449,185,413,185,sub_line_text,text,text_9,opensans,regular,7,19co3fig2_20211228_164150_9308656314_600_800.png,/scratch/parceirosbr/bigoilict/share/BigOil/document_generator/datasets/documents_2021_12_28/19co3fig2_20211228_164150_9308656314_600_800.png,19co3fig2_20211228_164150_9308656314_600_800_mask.png,luid (1972).
55,48,111,97,413,88,524,185,413,88,524,88,524,185,413,185,text,text,text_9,opensans,regular,7,19co3fig2_20211228_164150_9308656314_600_800.png,/scratch/parceirosbr/bigoilict/share/BigOil/document_generator/datasets/documents_2021_12_28/19co3fig2_20211228_164150_9308656314_600_800.png,19co3fig2_20211228_164150_9308656314_600_800_mask.png,nan
48,4,97,9,427,187,524,196,427,187,524,187,524,196,427,196,sub_line_text,text,text_10,opensans,regular,7,19co3fig2_20211228_164150_9308656314_600_800.png,/scratch/parceirosbr/bigoilict/share/BigOil/document_generator/datasets/documents_2021_12_28/19co3fig2_20211228_164150_9308656314_600_800.png,19co3fig2_20211228_164150_9308656314_600_800_mask.png,"As   seen  in  the  20,  between"
55,4,111,9,413,198,524,207,413,198,524,198,524,207,413,207,sub_line_text,text,text_10,opensans,regular,7,19co3fig2_20211228_164150_9308656314_600_800.png,/scratch/parceirosbr/bigoilict/share/BigOil/document_generator/datasets/documents_2021_12_28/19co3fig2_20211228_164150_9308656314_600_800.png,19co3fig2_20211228_164150_9308656314_600_800_mask.png,the  end  of  July  and mid-Novem-
55,4,110,9,413,209,523,218,413,209,523,209,523,218,413,218,sub_line_text,text,text_10,opensans,regular,7,19co3fig2_20211228_164150_9308656314_600_800.png,/scratch/parceirosbr/bigoilict/share/BigOil/document_generator/datasets/documents_2021_12_28/19co3fig2_20211228_164150_9308656314_600_800.png,19co3fig2_20211228_164150_9308656314_600_800_mask.png,"ber,  however,  the  prices  of  eth-"
55,4,110,9,413,220,523,229,413,220,523,220,523,229,413,229,sub_line_text,text,text_10,opensans,regular,7,19co3fig2_20211228_164150_9308656314_600_800.png,/scratch/parceirosbr/bigoilict/share/BigOil/document_generator/datasets/documents_2021_12_28/19co3fig2_20211228_164150_9308656314_600_800.png,19co3fig2_20211228_164150_9308656314_600_800_mask.png,"anol   credits  cooled,  reflecting  t-"
55,4,111,9,413,231,524,240,413,231,524,231,524,240,413,240,sub_line_text,text,text_10,opensans,regular,7,19co3fig2_20211228_164150_9308656314_600_800.png,/scratch/parceirosbr/bigoilict/share/BigOil/document_generator/datasets/documents_2021_12_28/19co3fig2_20211228_164150_9308656314_600_800.png,19co3fig2_20211228_164150_9308656314_600_800_mask.png,he    accommodation   of   market
55,4,111,9,413,242,524,251,413,242,524,242,524,251,413,251,sub_line_text,text,text_10,opensans,regular,7,19co3fig2_20211228_164150_9308656314_600_800.png,/scratch/parceirosbr/bigoilict/share/BigOil/document_generator/datasets/documents_2021_12_28/19co3fig2_20211228_164150_9308656314_600_800.png,19co3fig2_20211228_164150_9308656314_600_800_mask.png,expectations   in   relation  to  futu-
55,4,110,9,413,253,523,262,413,253,523,253,523,262,413,262,sub_line_text,text,text_10,opensans,regular,7,19co3fig2_20211228_164150_9308656314_600_800.png,/scratch/parceirosbr/bigoilict/share/BigOil/document_generator/datasets/documents_2021_12_28/19co3fig2_20211228_164150_9308656314_600_800.png,19co3fig2_20211228_164150_9308656314_600_800_mask.png,"re  prices,  promoted  by speculat-"
55,4,110,9,413,264,523,273,413,264,523,264,523,273,413,273,sub_line_text,text,text_10,opensans,regular,7,19co3fig2_20211228_164150_9308656314_600_800.png,/scratch/parceirosbr/bigoilict/share/BigOil/document_generator/datasets/documents_2021_12_28/19co3fig2_20211228_164150_9308656314_600_800.png,19co3fig2_20211228_164150_9308656314_600_800_mask.png,ion  about  the  proposal to reduce
55,4,110,9,413,275,523,284,413,275,523,275,523,284,413,284,sub_line_text,text,text_10,opensans,regular,7,19co3fig2_20211228_164150_9308656314_600_800.png,/scratch/parceirosbr/bigoilict/share/BigOil/document_generator/datasets/documents_2021_12_28/19co3fig2_20211228_164150_9308656314_600_800.png,19co3fig2_20211228_164150_9308656314_600_800_mask.png,volumetric   targets  for  2014  un-
55,4,110,9,413,286,523,295,413,286,523,286,523,295,413,295,sub_line_text,text,text_10,opensans,regular,7,19co3fig2_20211228_164150_9308656314_600_800.png,/scratch/parceirosbr/bigoilict/share/BigOil/document_generator/datasets/documents_2021_12_28/19co3fig2_20211228_164150_9308656314_600_800.png,19co3fig2_20211228_164150_9308656314_600_800_mask.png,der  the.  Source: e 3 can be found
55,4,110,9,413,297,523,306,413,297,523,297,523,306,413,306,sub_line_text,text,text_10,opensans,regular,7,19co3fig2_20211228_164150_9308656314_600_800.png,/scratch/parceirosbr/bigoilict/share/BigOil/document_generator/datasets/documents_2021_12_28/19co3fig2_20211228_164150_9308656314_600_800.png,19co3fig2_20211228_164150_9308656314_600_800_mask.png,in  the  document  Mercado  de do
54,4,109,9,413,308,522,317,413,308,522,308,522,317,413,317,sub_line_text,text,text_10,opensans,regular,7,19co3fig2_20211228_164150_9308656314_600_800.png,/scratch/parceirosbr/bigoilict/share/BigOil/document_generator/datasets/documents_2021_12_28/19co3fig2_20211228_164150_9308656314_600_800.png,19co3fig2_20211228_164150_9308656314_600_800_mask.png,"and 4 com da on 10/04/2012, for."
55,65,111,130,413,187,524,317,413,187,524,187,524,317,413,317,text,text,text_10,opensans,regular,7,19co3fig2_20211228_164150_9308656314_600_800.png,/scratch/parceirosbr/bigoilict/share/BigOil/document_generator/datasets/documents_2021_12_28/19co3fig2_20211228_164150_9308656314_600_800.png,19co3fig2_20211228_164150_9308656314_600_800_mask.png,nan
48,4,96,9,427,319,523,328,427,319,523,319,523,328,427,328,sub_line_text,text,text_11,opensans,regular,7,19co3fig2_20211228_164150_9308656314_600_800.png,/scratch/parceirosbr/bigoilict/share/BigOil/document_generator/datasets/documents_2021_12_28/19co3fig2_20211228_164150_9308656314_600_800.png,19co3fig2_20211228_164150_9308656314_600_800_mask.png,The   cascade   process  will  t-
55,4,111,9,413,330,524,339,413,330,524,330,524,339,413,339,sub_line_text,text,text_11,opensans,regular,7,19co3fig2_20211228_164150_9308656314_600_800.png,/scratch/parceirosbr/bigoilict/share/BigOil/document_generator/datasets/documents_2021_12_28/19co3fig2_20211228_164150_9308656314_600_800.png,19co3fig2_20211228_164150_9308656314_600_800_mask.png,herefore   have   to  redistribute  t-
55,4,111,9,413,341,524,350,413,341,524,341,524,350,413,350,sub_line_text,text,text_11,opensans,regular,7,19co3fig2_20211228_164150_9308656314_600_800.png,/scratch/parceirosbr/bigoilict/share/BigOil/document_generator/datasets/documents_2021_12_28/19co3fig2_20211228_164150_9308656314_600_800.png,19co3fig2_20211228_164150_9308656314_600_800_mask.png,he  energy  from  the  frequencies
55,4,110,9,413,352,523,361,413,352,523,352,523,361,413,361,sub_line_text,text,text_11,opensans,regular,7,19co3fig2_20211228_164150_9308656314_600_800.png,/scratch/parceirosbr/bigoilict/share/BigOil/document_generator/datasets/documents_2021_12_28/19co3fig2_20211228_164150_9308656314_600_800.png,19co3fig2_20211228_164150_9308656314_600_800_mask.png,considered   lower   to  the  higher
55,4,111,9,413,363,524,372,413,363,524,363,524,372,413,372,sub_line_text,text,text_11,opensans,regular,7,19co3fig2_20211228_164150_9308656314_600_800.png,/scratch/parceirosbr/bigoilict/share/BigOil/document_generator/datasets/documents_2021_12_28/19co3fig2_20211228_164150_9308656314_600_800.png,19co3fig2_20211228_164150_9308656314_600_800_mask.png,"frequencies,   in  such  a  way  that"
55,4,110,9,413,374,523,383,413,374,523,374,523,383,413,383,sub_line_text,text,text_11,opensans,regular,7,19co3fig2_20211228_164150_9308656314_600_800.png,/scratch/parceirosbr/bigoilict/share/BigOil/document_generator/datasets/documents_2021_12_28/19co3fig2_20211228_164150_9308656314_600_800.png,19co3fig2_20211228_164150_9308656314_600_800_mask.png,at  a  critical  moment  t  the mag-
55,4,111,9,413,385,524,394,413,385,524,385,524,394,413,394,sub_line_text,text,text_11,opensans,regular,7,19co3fig2_20211228_164150_9308656314_600_800.png,/scratch/parceirosbr/bigoilict/share/BigOil/document_generator/datasets/documents_2021_12_28/19co3fig2_20211228_164150_9308656314_600_800.png,19co3fig2_20211228_164150_9308656314_600_800_mask.png,nitude  of  the  u  transform  acqui-
51,4,102,9,413,396,515,405,413,396,515,396,515,405,413,405,sub_line_text,text,text_11,opensans,regular,7,19co3fig2_20211228_164150_9308656314_600_800.png,/scratch/parceirosbr/bigoilict/share/BigOil/document_generator/datasets/documents_2021_12_28/19co3fig2_20211228_164150_9308656314_600_800.png,19co3fig2_20211228_164150_9308656314_600_800_mask.png,res a tail of power where this is.
55,43,111,86,413,319,524,405,413,319,524,319,524,405,413,405,text,text,text_11,opensans,regular,7,19co3fig2_20211228_164150_9308656314_600_800.png,/scratch/parceirosbr/bigoilict/share/BigOil/document_generator/datasets/documents_2021_12_28/19co3fig2_20211228_164150_9308656314_600_800.png,19co3fig2_20211228_164150_9308656314_600_800_mask.png,nan
48,4,97,9,427,407,524,416,427,407,524,407,524,416,427,416,sub_line_text,text,text_12,opensans,regular,7,19co3fig2_20211228_164150_9308656314_600_800.png,/scratch/parceirosbr/bigoilict/share/BigOil/document_generator/datasets/documents_2021_12_28/19co3fig2_20211228_164150_9308656314_600_800.png,19co3fig2_20211228_164150_9308656314_600_800_mask.png,"For  specimens  12  and  13, t-"
55,4,111,9,413,418,524,427,413,418,524,418,524,427,413,427,sub_line_text,text,text_12,opensans,regular,7,19co3fig2_20211228_164150_9308656314_600_800.png,/scratch/parceirosbr/bigoilict/share/BigOil/document_generator/datasets/documents_2021_12_28/19co3fig2_20211228_164150_9308656314_600_800.png,19co3fig2_20211228_164150_9308656314_600_800_mask.png,he  same  variables  used  in the t-
55,4,111,9,413,429,524,438,413,429,524,429,524,438,413,438,sub_line_text,text,text_12,opensans,regular,7,19co3fig2_20211228_164150_9308656314_600_800.png,/scratch/parceirosbr/bigoilict/share/BigOil/document_generator/datasets/documents_2021_12_28/19co3fig2_20211228_164150_9308656314_600_800.png,19co3fig2_20211228_164150_9308656314_600_800_mask.png,ests   with  tubes  of  18  were  per-
55,4,111,9,413,440,524,449,413,440,524,440,524,449,413,449,sub_line_text,text,text_12,opensans,regular,7,19co3fig2_20211228_164150_9308656314_600_800.png,/scratch/parceirosbr/bigoilict/share/BigOil/document_generator/datasets/documents_2021_12_28/19co3fig2_20211228_164150_9308656314_600_800.png,19co3fig2_20211228_164150_9308656314_600_800_mask.png,formed   with   expressive  results.
55,4,111,9,413,451,524,460,413,451,524,451,524,460,413,460,sub_line_text,text,text_12,opensans,regular,7,19co3fig2_20211228_164150_9308656314_600_800.png,/scratch/parceirosbr/bigoilict/share/BigOil/document_generator/datasets/documents_2021_12_28/19co3fig2_20211228_164150_9308656314_600_800.png,19co3fig2_20211228_164150_9308656314_600_800_mask.png,"In  general,  these  technology  de-"
55,4,111,9,413,462,524,471,413,462,524,462,524,471,413,471,sub_line_text,text,text_12,opensans,regular,7,19co3fig2_20211228_164150_9308656314_600_800.png,/scratch/parceirosbr/bigoilict/share/BigOil/document_generator/datasets/documents_2021_12_28/19co3fig2_20211228_164150_9308656314_600_800.png,19co3fig2_20211228_164150_9308656314_600_800_mask.png,velopers    establish   partnerships
55,4,111,9,413,473,524,482,413,473,524,473,524,482,413,482,sub_line_text,text,text_12,opensans,regular,7,19co3fig2_20211228_164150_9308656314_600_800.png,/scratch/parceirosbr/bigoilict/share/BigOil/document_generator/datasets/documents_2021_12_28/19co3fig2_20211228_164150_9308656314_600_800.png,19co3fig2_20211228_164150_9308656314_600_800_mask.png,"with   national   groups,  transferri-"
52,4,105,9,413,484,518,493,413,484,518,484,518,493,413,493,sub_line_text,text,text_12,opensans,regular,7,19co3fig2_20211228_164150_9308656314_600_800.png,/scratch/parceirosbr/bigoilict/share/BigOil/document_generator/datasets/documents_2021_12_28/19co3fig2_20211228_164150_9308656314_600_800.png,19co3fig2_20211228_164150_9308656314_600_800_mask.png,ng knowledge of processing and.
55,43,111,86,413,407,524,493,413,407,524,407,524,493,413,493,text,text,text_12,opensans,regular,7,19co3fig2_20211228_164150_9308656314_600_800.png,/scratch/parceirosbr/bigoilict/share/BigOil/document_generator/datasets/documents_2021_12_28/19co3fig2_20211228_164150_9308656314_600_800.png,19co3fig2_20211228_164150_9308656314_600_800_mask.png,nan
48,4,96,9,427,495,523,504,427,495,523,495,523,504,427,504,sub_line_text,text,text_13,opensans,regular,7,19co3fig2_20211228_164150_9308656314_600_800.png,/scratch/parceirosbr/bigoilict/share/BigOil/document_generator/datasets/documents_2021_12_28/19co3fig2_20211228_164150_9308656314_600_800.png,19co3fig2_20211228_164150_9308656314_600_800_mask.png,Different   studies  have  been
50,4,101,9,413,506,514,515,413,506,514,506,514,515,413,515,sub_line_text,text,text_13,opensans,regular,7,19co3fig2_20211228_164150_9308656314_600_800.png,/scratch/parceirosbr/bigoilict/share/BigOil/document_generator/datasets/documents_2021_12_28/19co3fig2_20211228_164150_9308656314_600_800.png,19co3fig2_20211228_164150_9308656314_600_800_mask.png,using individual ratios in order.
55,10,110,20,413,495,523,515,413,495,523,495,523,515,413,515,text,text,text_13,opensans,regular,7,19co3fig2_20211228_164150_9308656314_600_800.png,/scratch/parceirosbr/bigoilict/share/BigOil/document_generator/datasets/documents_2021_12_28/19co3fig2_20211228_164150_9308656314_600_800.png,19co3fig2_20211228_164150_9308656314_600_800_mask.png,nan
