center_x,center_y,width,height,xmin,ymin,xmax,ymax,top_left_x,top_left_y,top_right_x,top_right_y,bottom_right_x,bottom_right_y,bottom_left_x,bottom_left_y,label,grouplabel,group,text_font,text_style,size_font,filename,path,filename_mask,content
300,400,600,800,0,0,600,800,0,0,600,0,600,800,0,800,document,,,,,,19co3fig2_20211228_164200_6541215905_600_800.png,/scratch/parceirosbr/bigoilict/share/BigOil/document_generator/datasets/documents_2021_12_28/19co3fig2_20211228_164200_6541215905_600_800.png,19co3fig2_20211228_164200_6541215905_600_800_mask.png,
3,5,6,11,64,44,70,55,64,44,70,44,70,55,64,55,sub_line_text,numpag,header_1,courier,regular,10,19co3fig2_20211228_164200_6541215905_600_800.png,/scratch/parceirosbr/bigoilict/share/BigOil/document_generator/datasets/documents_2021_12_28/19co3fig2_20211228_164200_6541215905_600_800.png,19co3fig2_20211228_164200_6541215905_600_800_mask.png,9
3,5,6,11,64,44,70,55,64,44,70,44,70,55,64,55,text,numpag,header_1,courier,regular,10,19co3fig2_20211228_164200_6541215905_600_800.png,/scratch/parceirosbr/bigoilict/share/BigOil/document_generator/datasets/documents_2021_12_28/19co3fig2_20211228_164200_6541215905_600_800.png,19co3fig2_20211228_164200_6541215905_600_800_mask.png,nan
33,5,66,11,472,44,538,55,472,44,538,44,538,55,472,55,sub_line_text,header,header_1,courier,regular,10,19co3fig2_20211228_164200_6541215905_600_800.png,/scratch/parceirosbr/bigoilict/share/BigOil/document_generator/datasets/documents_2021_12_28/19co3fig2_20211228_164200_6541215905_600_800.png,19co3fig2_20211228_164200_6541215905_600_800_mask.png,Panorama da
33,5,66,11,472,44,538,55,472,44,538,44,538,55,472,55,text,header,header_1,courier,regular,10,19co3fig2_20211228_164200_6541215905_600_800.png,/scratch/parceirosbr/bigoilict/share/BigOil/document_generator/datasets/documents_2021_12_28/19co3fig2_20211228_164200_6541215905_600_800.png,19co3fig2_20211228_164200_6541215905_600_800_mask.png,nan
237,1,475,2,64,54,539,56,64,54,539,54,539,56,64,56,line,line,line,,,,19co3fig2_20211228_164200_6541215905_600_800.png,/scratch/parceirosbr/bigoilict/share/BigOil/document_generator/datasets/documents_2021_12_28/19co3fig2_20211228_164200_6541215905_600_800.png,19co3fig2_20211228_164200_6541215905_600_800_mask.png,nan
82,4,165,9,64,58,229,67,64,58,229,58,229,67,64,67,sub_line_text,figure_legend,figure_0,courier,bolditalic,8,19co3fig2_20211228_164200_6541215905_600_800.png,/scratch/parceirosbr/bigoilict/share/BigOil/document_generator/datasets/documents_2021_12_28/19co3fig2_20211228_164200_6541215905_600_800.png,19co3fig2_20211228_164200_6541215905_600_800_mask.png,Figure  28:  Spatial distribution
82,4,165,9,64,69,229,78,64,69,229,69,229,78,64,78,sub_line_text,figure_legend,figure_0,courier,bolditalic,8,19co3fig2_20211228_164200_6541215905_600_800.png,/scratch/parceirosbr/bigoilict/share/BigOil/document_generator/datasets/documents_2021_12_28/19co3fig2_20211228_164200_6541215905_600_800.png,19co3fig2_20211228_164200_6541215905_600_800_mask.png,of   polycyclic  aromatic  hydro-
82,4,165,9,64,80,229,89,64,80,229,80,229,89,64,89,sub_line_text,figure_legend,figure_0,courier,bolditalic,8,19co3fig2_20211228_164200_6541215905_600_800.png,/scratch/parceirosbr/bigoilict/share/BigOil/document_generator/datasets/documents_2021_12_28/19co3fig2_20211228_164200_6541215905_600_800.png,19co3fig2_20211228_164200_6541215905_600_800_mask.png,carbons  in  catappa (Combretace-
83,4,166,9,64,91,230,100,64,91,230,91,230,100,64,100,sub_line_text,figure_legend,figure_0,courier,bolditalic,8,19co3fig2_20211228_164200_6541215905_600_800.png,/scratch/parceirosbr/bigoilict/share/BigOil/document_generator/datasets/documents_2021_12_28/19co3fig2_20211228_164200_6541215905_600_800.png,19co3fig2_20211228_164200_6541215905_600_800_mask.png,ae)  bark  from  a selected heavy
82,4,165,9,64,102,229,111,64,102,229,102,229,111,64,111,sub_line_text,figure_legend,figure_0,courier,bolditalic,8,19co3fig2_20211228_164200_6541215905_600_800.png,/scratch/parceirosbr/bigoilict/share/BigOil/document_generator/datasets/documents_2021_12_28/19co3fig2_20211228_164200_6541215905_600_800.png,19co3fig2_20211228_164200_6541215905_600_800_mask.png,road  traffic  area of de.  Notw-
40,4,80,9,64,113,144,122,64,113,144,113,144,122,64,122,sub_line_text,figure_legend,figure_0,courier,bolditalic,8,19co3fig2_20211228_164200_6541215905_600_800.png,/scratch/parceirosbr/bigoilict/share/BigOil/document_generator/datasets/documents_2021_12_28/19co3fig2_20211228_164200_6541215905_600_800.png,19co3fig2_20211228_164200_6541215905_600_800_mask.png,"ithstanding, the"
83,32,166,64,64,58,230,122,64,58,230,58,230,122,64,122,text,figure_legend,figure_0,courier,bolditalic,8,19co3fig2_20211228_164200_6541215905_600_800.png,/scratch/parceirosbr/bigoilict/share/BigOil/document_generator/datasets/documents_2021_12_28/19co3fig2_20211228_164200_6541215905_600_800.png,19co3fig2_20211228_164200_6541215905_600_800_mask.png,nan
63,71,126,142,113,127,239,269,113,127,239,127,239,269,113,269,image,figure_image,figure_0,,,,19co3fig2_20211228_164200_6541215905_600_800.png,/scratch/parceirosbr/bigoilict/share/BigOil/document_generator/datasets/documents_2021_12_28/19co3fig2_20211228_164200_6541215905_600_800.png,19co3fig2_20211228_164200_6541215905_600_800_mask.png,output/gen_img_20211228_164200_7769729400.png
12,-5,24,-10,138,207,162,197,138,192,165,207,162,212,136,197,text,figure_text,figure_0,,,,19co3fig2_20211228_164200_6541215905_600_800.png,/scratch/parceirosbr/bigoilict/share/BigOil/document_generator/datasets/documents_2021_12_28/19co3fig2_20211228_164200_6541215905_600_800.png,19co3fig2_20211228_164200_6541215905_600_800_mask.png,Power [F]
12,-5,24,-10,138,207,162,197,138,192,165,207,162,212,136,197,sub_line_text,figure_text,figure_0,,,,19co3fig2_20211228_164200_6541215905_600_800.png,/scratch/parceirosbr/bigoilict/share/BigOil/document_generator/datasets/documents_2021_12_28/19co3fig2_20211228_164200_6541215905_600_800.png,19co3fig2_20211228_164200_6541215905_600_800_mask.png,Power [F]
8,-3,16,-6,131,171,147,165,131,160,149,171,147,175,129,165,text,figure_text,figure_0,,,,19co3fig2_20211228_164200_6541215905_600_800.png,/scratch/parceirosbr/bigoilict/share/BigOil/document_generator/datasets/documents_2021_12_28/19co3fig2_20211228_164200_6541215905_600_800.png,19co3fig2_20211228_164200_6541215905_600_800_mask.png,-6857%
8,-3,16,-6,131,171,147,165,131,160,149,171,147,175,129,165,sub_line_text,figure_text,figure_0,,,,19co3fig2_20211228_164200_6541215905_600_800.png,/scratch/parceirosbr/bigoilict/share/BigOil/document_generator/datasets/documents_2021_12_28/19co3fig2_20211228_164200_6541215905_600_800.png,19co3fig2_20211228_164200_6541215905_600_800_mask.png,-6857%
6,-2,12,-5,161,229,173,224,161,220,176,229,173,233,158,224,text,figure_text,figure_0,,,,19co3fig2_20211228_164200_6541215905_600_800.png,/scratch/parceirosbr/bigoilict/share/BigOil/document_generator/datasets/documents_2021_12_28/19co3fig2_20211228_164200_6541215905_600_800.png,19co3fig2_20211228_164200_6541215905_600_800_mask.png,-4539
6,-2,12,-5,161,229,173,224,161,220,176,229,173,233,158,224,sub_line_text,figure_text,figure_0,,,,19co3fig2_20211228_164200_6541215905_600_800.png,/scratch/parceirosbr/bigoilict/share/BigOil/document_generator/datasets/documents_2021_12_28/19co3fig2_20211228_164200_6541215905_600_800.png,19co3fig2_20211228_164200_6541215905_600_800_mask.png,-4539
15,-7,30,-14,183,156,213,142,183,138,216,156,213,160,181,142,text,figure_text,figure_0,,,,19co3fig2_20211228_164200_6541215905_600_800.png,/scratch/parceirosbr/bigoilict/share/BigOil/document_generator/datasets/documents_2021_12_28/19co3fig2_20211228_164200_6541215905_600_800.png,19co3fig2_20211228_164200_6541215905_600_800_mask.png,Centimeters
15,-7,30,-14,183,156,213,142,183,138,216,156,213,160,181,142,sub_line_text,figure_text,figure_0,,,,19co3fig2_20211228_164200_6541215905_600_800.png,/scratch/parceirosbr/bigoilict/share/BigOil/document_generator/datasets/documents_2021_12_28/19co3fig2_20211228_164200_6541215905_600_800.png,19co3fig2_20211228_164200_6541215905_600_800_mask.png,Centimeters
9,-3,18,-7,183,204,201,197,183,192,203,204,201,209,180,197,text,figure_text,figure_0,,,,19co3fig2_20211228_164200_6541215905_600_800.png,/scratch/parceirosbr/bigoilict/share/BigOil/document_generator/datasets/documents_2021_12_28/19co3fig2_20211228_164200_6541215905_600_800.png,19co3fig2_20211228_164200_6541215905_600_800_mask.png,Voltage
9,-3,18,-7,183,204,201,197,183,192,203,204,201,209,180,197,sub_line_text,figure_text,figure_0,,,,19co3fig2_20211228_164200_6541215905_600_800.png,/scratch/parceirosbr/bigoilict/share/BigOil/document_generator/datasets/documents_2021_12_28/19co3fig2_20211228_164200_6541215905_600_800.png,19co3fig2_20211228_164200_6541215905_600_800_mask.png,Voltage
10,-4,21,-9,213,210,234,201,213,197,237,210,234,214,210,201,text,figure_text,figure_0,,,,19co3fig2_20211228_164200_6541215905_600_800.png,/scratch/parceirosbr/bigoilict/share/BigOil/document_generator/datasets/documents_2021_12_28/19co3fig2_20211228_164200_6541215905_600_800.png,19co3fig2_20211228_164200_6541215905_600_800_mask.png,-1719.88
10,-4,21,-9,213,210,234,201,213,197,237,210,234,214,210,201,sub_line_text,figure_text,figure_0,,,,19co3fig2_20211228_164200_6541215905_600_800.png,/scratch/parceirosbr/bigoilict/share/BigOil/document_generator/datasets/documents_2021_12_28/19co3fig2_20211228_164200_6541215905_600_800.png,19co3fig2_20211228_164200_6541215905_600_800_mask.png,-1719.88
12,-5,24,-11,194,250,218,239,194,235,221,250,218,254,191,239,text,figure_text,figure_0,,,,19co3fig2_20211228_164200_6541215905_600_800.png,/scratch/parceirosbr/bigoilict/share/BigOil/document_generator/datasets/documents_2021_12_28/19co3fig2_20211228_164200_6541215905_600_800.png,19co3fig2_20211228_164200_6541215905_600_800_mask.png,-7291.12%
12,-5,24,-11,194,250,218,239,194,235,221,250,218,254,191,239,sub_line_text,figure_text,figure_0,,,,19co3fig2_20211228_164200_6541215905_600_800.png,/scratch/parceirosbr/bigoilict/share/BigOil/document_generator/datasets/documents_2021_12_28/19co3fig2_20211228_164200_6541215905_600_800.png,19co3fig2_20211228_164200_6541215905_600_800_mask.png,-7291.12%
11,-4,22,-9,130,145,152,136,130,132,154,145,152,149,128,136,text,figure_text,figure_0,,,,19co3fig2_20211228_164200_6541215905_600_800.png,/scratch/parceirosbr/bigoilict/share/BigOil/document_generator/datasets/documents_2021_12_28/19co3fig2_20211228_164200_6541215905_600_800.png,19co3fig2_20211228_164200_6541215905_600_800_mask.png,-6793.3%
11,-4,22,-9,130,145,152,136,130,132,154,145,152,149,128,136,sub_line_text,figure_text,figure_0,,,,19co3fig2_20211228_164200_6541215905_600_800.png,/scratch/parceirosbr/bigoilict/share/BigOil/document_generator/datasets/documents_2021_12_28/19co3fig2_20211228_164200_6541215905_600_800.png,19co3fig2_20211228_164200_6541215905_600_800_mask.png,-6793.3%
11,-4,22,-9,160,176,182,167,160,163,184,176,182,181,158,167,text,figure_text,figure_0,,,,19co3fig2_20211228_164200_6541215905_600_800.png,/scratch/parceirosbr/bigoilict/share/BigOil/document_generator/datasets/documents_2021_12_28/19co3fig2_20211228_164200_6541215905_600_800.png,19co3fig2_20211228_164200_6541215905_600_800_mask.png,-4306.1%
11,-4,22,-9,160,176,182,167,160,163,184,176,182,181,158,167,sub_line_text,figure_text,figure_0,,,,19co3fig2_20211228_164200_6541215905_600_800.png,/scratch/parceirosbr/bigoilict/share/BigOil/document_generator/datasets/documents_2021_12_28/19co3fig2_20211228_164200_6541215905_600_800.png,19co3fig2_20211228_164200_6541215905_600_800_mask.png,-4306.1%
11,-5,22,-10,121,238,143,228,121,224,145,238,143,242,119,228,text,figure_text,figure_0,,,,19co3fig2_20211228_164200_6541215905_600_800.png,/scratch/parceirosbr/bigoilict/share/BigOil/document_generator/datasets/documents_2021_12_28/19co3fig2_20211228_164200_6541215905_600_800.png,19co3fig2_20211228_164200_6541215905_600_800_mask.png,-6086.4%
11,-5,22,-10,121,238,143,228,121,224,145,238,143,242,119,228,sub_line_text,figure_text,figure_0,,,,19co3fig2_20211228_164200_6541215905_600_800.png,/scratch/parceirosbr/bigoilict/share/BigOil/document_generator/datasets/documents_2021_12_28/19co3fig2_20211228_164200_6541215905_600_800.png,19co3fig2_20211228_164200_6541215905_600_800_mask.png,-6086.4%
5,-1,10,-2,163,258,173,256,163,252,175,258,173,262,161,256,text,figure_text,figure_0,,,,19co3fig2_20211228_164200_6541215905_600_800.png,/scratch/parceirosbr/bigoilict/share/BigOil/document_generator/datasets/documents_2021_12_28/19co3fig2_20211228_164200_6541215905_600_800.png,19co3fig2_20211228_164200_6541215905_600_800_mask.png,Time
5,-1,10,-2,163,258,173,256,163,252,175,258,173,262,161,256,sub_line_text,figure_text,figure_0,,,,19co3fig2_20211228_164200_6541215905_600_800.png,/scratch/parceirosbr/bigoilict/share/BigOil/document_generator/datasets/documents_2021_12_28/19co3fig2_20211228_164200_6541215905_600_800.png,19co3fig2_20211228_164200_6541215905_600_800_mask.png,Time
13,-5,27,-11,124,259,151,248,124,243,154,259,151,264,121,248,text,figure_text,figure_0,,,,19co3fig2_20211228_164200_6541215905_600_800.png,/scratch/parceirosbr/bigoilict/share/BigOil/document_generator/datasets/documents_2021_12_28/19co3fig2_20211228_164200_6541215905_600_800.png,19co3fig2_20211228_164200_6541215905_600_800_mask.png,Proportion
13,-5,27,-11,124,259,151,248,124,243,154,259,151,264,121,248,sub_line_text,figure_text,figure_0,,,,19co3fig2_20211228_164200_6541215905_600_800.png,/scratch/parceirosbr/bigoilict/share/BigOil/document_generator/datasets/documents_2021_12_28/19co3fig2_20211228_164200_6541215905_600_800.png,19co3fig2_20211228_164200_6541215905_600_800_mask.png,Proportion
6,-2,12,-4,117,201,129,197,117,193,132,201,129,205,114,197,text,figure_text,figure_0,,,,19co3fig2_20211228_164200_6541215905_600_800.png,/scratch/parceirosbr/bigoilict/share/BigOil/document_generator/datasets/documents_2021_12_28/19co3fig2_20211228_164200_6541215905_600_800.png,19co3fig2_20211228_164200_6541215905_600_800_mask.png,-3695
6,-2,12,-4,117,201,129,197,117,193,132,201,129,205,114,197,sub_line_text,figure_text,figure_0,,,,19co3fig2_20211228_164200_6541215905_600_800.png,/scratch/parceirosbr/bigoilict/share/BigOil/document_generator/datasets/documents_2021_12_28/19co3fig2_20211228_164200_6541215905_600_800.png,19co3fig2_20211228_164200_6541215905_600_800_mask.png,-3695
7,-3,15,-6,220,143,235,137,220,133,237,143,235,147,217,137,text,figure_text,figure_0,,,,19co3fig2_20211228_164200_6541215905_600_800.png,/scratch/parceirosbr/bigoilict/share/BigOil/document_generator/datasets/documents_2021_12_28/19co3fig2_20211228_164200_6541215905_600_800.png,19co3fig2_20211228_164200_6541215905_600_800_mask.png,-8632%
7,-3,15,-6,220,143,235,137,220,133,237,143,235,147,217,137,sub_line_text,figure_text,figure_0,,,,19co3fig2_20211228_164200_6541215905_600_800.png,/scratch/parceirosbr/bigoilict/share/BigOil/document_generator/datasets/documents_2021_12_28/19co3fig2_20211228_164200_6541215905_600_800.png,19co3fig2_20211228_164200_6541215905_600_800_mask.png,-8632%
9,-3,18,-7,196,178,214,171,196,166,217,178,214,183,193,171,text,figure_text,figure_0,,,,19co3fig2_20211228_164200_6541215905_600_800.png,/scratch/parceirosbr/bigoilict/share/BigOil/document_generator/datasets/documents_2021_12_28/19co3fig2_20211228_164200_6541215905_600_800.png,19co3fig2_20211228_164200_6541215905_600_800_mask.png,Loading
9,-3,18,-7,196,178,214,171,196,166,217,178,214,183,193,171,sub_line_text,figure_text,figure_0,,,,19co3fig2_20211228_164200_6541215905_600_800.png,/scratch/parceirosbr/bigoilict/share/BigOil/document_generator/datasets/documents_2021_12_28/19co3fig2_20211228_164200_6541215905_600_800.png,19co3fig2_20211228_164200_6541215905_600_800_mask.png,Loading
7,-3,15,-7,162,149,177,142,162,138,179,149,177,153,159,142,text,figure_text,figure_0,,,,19co3fig2_20211228_164200_6541215905_600_800.png,/scratch/parceirosbr/bigoilict/share/BigOil/document_generator/datasets/documents_2021_12_28/19co3fig2_20211228_164200_6541215905_600_800.png,19co3fig2_20211228_164200_6541215905_600_800_mask.png,-1171%
7,-3,15,-7,162,149,177,142,162,138,179,149,177,153,159,142,sub_line_text,figure_text,figure_0,,,,19co3fig2_20211228_164200_6541215905_600_800.png,/scratch/parceirosbr/bigoilict/share/BigOil/document_generator/datasets/documents_2021_12_28/19co3fig2_20211228_164200_6541215905_600_800.png,19co3fig2_20211228_164200_6541215905_600_800_mask.png,-1171%
9,-3,18,-7,169,246,187,239,169,235,189,246,187,251,166,239,text,figure_text,figure_0,,,,19co3fig2_20211228_164200_6541215905_600_800.png,/scratch/parceirosbr/bigoilict/share/BigOil/document_generator/datasets/documents_2021_12_28/19co3fig2_20211228_164200_6541215905_600_800.png,19co3fig2_20211228_164200_6541215905_600_800_mask.png,-1959.6
9,-3,18,-7,169,246,187,239,169,235,189,246,187,251,166,239,sub_line_text,figure_text,figure_0,,,,19co3fig2_20211228_164200_6541215905_600_800.png,/scratch/parceirosbr/bigoilict/share/BigOil/document_generator/datasets/documents_2021_12_28/19co3fig2_20211228_164200_6541215905_600_800.png,19co3fig2_20211228_164200_6541215905_600_800_mask.png,-1959.6
8,-3,16,-6,133,186,149,180,133,176,151,186,149,190,131,180,text,figure_text,figure_0,,,,19co3fig2_20211228_164200_6541215905_600_800.png,/scratch/parceirosbr/bigoilict/share/BigOil/document_generator/datasets/documents_2021_12_28/19co3fig2_20211228_164200_6541215905_600_800.png,19co3fig2_20211228_164200_6541215905_600_800_mask.png,-8645%
8,-3,16,-6,133,186,149,180,133,176,151,186,149,190,131,180,sub_line_text,figure_text,figure_0,,,,19co3fig2_20211228_164200_6541215905_600_800.png,/scratch/parceirosbr/bigoilict/share/BigOil/document_generator/datasets/documents_2021_12_28/19co3fig2_20211228_164200_6541215905_600_800.png,19co3fig2_20211228_164200_6541215905_600_800_mask.png,-8645%
0,1,0,2,129,212,129,214,129,210,131,212,129,216,126,214,text,figure_text,figure_0,,,,19co3fig2_20211228_164200_6541215905_600_800.png,/scratch/parceirosbr/bigoilict/share/BigOil/document_generator/datasets/documents_2021_12_28/19co3fig2_20211228_164200_6541215905_600_800.png,19co3fig2_20211228_164200_6541215905_600_800_mask.png,1
0,1,0,2,129,212,129,214,129,210,131,212,129,216,126,214,sub_line_text,figure_text,figure_0,,,,19co3fig2_20211228_164200_6541215905_600_800.png,/scratch/parceirosbr/bigoilict/share/BigOil/document_generator/datasets/documents_2021_12_28/19co3fig2_20211228_164200_6541215905_600_800.png,19co3fig2_20211228_164200_6541215905_600_800_mask.png,1
90,4,180,9,313,58,493,67,313,58,493,58,493,67,313,67,sub_line_text,table_legend,table_0,courier,bolditalic,8,19co3fig2_20211228_164200_6541215905_600_800.png,/scratch/parceirosbr/bigoilict/share/BigOil/document_generator/datasets/documents_2021_12_28/19co3fig2_20211228_164200_6541215905_600_800.png,19co3fig2_20211228_164200_6541215905_600_800_mask.png,Tab.  81:  et al estudou a em catal-
90,4,180,9,313,69,493,78,313,69,493,69,493,78,313,78,sub_line_text,table_legend,table_0,courier,bolditalic,8,19co3fig2_20211228_164200_6541215905_600_800.png,/scratch/parceirosbr/bigoilict/share/BigOil/document_generator/datasets/documents_2021_12_28/19co3fig2_20211228_164200_6541215905_600_800.png,19co3fig2_20211228_164200_6541215905_600_800_mask.png,isadores  a  base de cobalto suport-
90,4,180,9,313,80,493,89,313,80,493,80,493,89,313,89,sub_line_text,table_legend,table_0,courier,bolditalic,8,19co3fig2_20211228_164200_6541215905_600_800.png,/scratch/parceirosbr/bigoilict/share/BigOil/document_generator/datasets/documents_2021_12_28/19co3fig2_20211228_164200_6541215905_600_800.png,19co3fig2_20211228_164200_6541215905_600_800_mask.png,ado  em  diversos  óxidos metálicos.
67,4,135,9,313,91,448,100,313,91,448,91,448,100,313,100,sub_line_text,table_legend,table_0,courier,bolditalic,8,19co3fig2_20211228_164200_6541215905_600_800.png,/scratch/parceirosbr/bigoilict/share/BigOil/document_generator/datasets/documents_2021_12_28/19co3fig2_20211228_164200_6541215905_600_800.png,19co3fig2_20211228_164200_6541215905_600_800_mask.png,While the industry seeks to
90,21,180,42,313,58,493,100,313,58,493,58,493,100,313,100,text,table_legend,table_0,courier,bolditalic,8,19co3fig2_20211228_164200_6541215905_600_800.png,/scratch/parceirosbr/bigoilict/share/BigOil/document_generator/datasets/documents_2021_12_28/19co3fig2_20211228_164200_6541215905_600_800.png,19co3fig2_20211228_164200_6541215905_600_800_mask.png,nan
108,89,217,179,316,105,533,284,316,105,533,105,533,284,316,284,table,table_image,table_0,,,,19co3fig2_20211228_164200_6541215905_600_800.png,/scratch/parceirosbr/bigoilict/share/BigOil/document_generator/datasets/documents_2021_12_28/19co3fig2_20211228_164200_6541215905_600_800.png,19co3fig2_20211228_164200_6541215905_600_800_mask.png,output/gen_tab_20211228_164203_7610661837.png
14,5,28,10,411,110,439,120,411,110,439,110,439,120,411,120,text,table_text,table_0,times,bold,10.0,19co3fig2_20211228_164200_6541215905_600_800.png,/scratch/parceirosbr/bigoilict/share/BigOil/document_generator/datasets/documents_2021_12_28/19co3fig2_20211228_164200_6541215905_600_800.png,19co3fig2_20211228_164200_6541215905_600_800_mask.png,injetor
14,5,28,10,411,110,439,120,411,110,439,110,439,120,411,120,sub_line_text,table_text,table_0,times,bold,10.0,19co3fig2_20211228_164200_6541215905_600_800.png,/scratch/parceirosbr/bigoilict/share/BigOil/document_generator/datasets/documents_2021_12_28/19co3fig2_20211228_164200_6541215905_600_800.png,19co3fig2_20211228_164200_6541215905_600_800_mask.png,injetor
20,5,41,10,398,135,439,145,398,135,439,135,439,145,398,145,text,table_text,table_0,times,regular,10.0,19co3fig2_20211228_164200_6541215905_600_800.png,/scratch/parceirosbr/bigoilict/share/BigOil/document_generator/datasets/documents_2021_12_28/19co3fig2_20211228_164200_6541215905_600_800.png,19co3fig2_20211228_164200_6541215905_600_800_mask.png,54375.762
20,5,41,10,398,135,439,145,398,135,439,135,439,145,398,145,sub_line_text,table_text,table_0,times,regular,10.0,19co3fig2_20211228_164200_6541215905_600_800.png,/scratch/parceirosbr/bigoilict/share/BigOil/document_generator/datasets/documents_2021_12_28/19co3fig2_20211228_164200_6541215905_600_800.png,19co3fig2_20211228_164200_6541215905_600_800_mask.png,54375.762
20,5,41,10,398,148,439,158,398,148,439,148,439,158,398,158,text,table_text,table_0,times,regular,10.0,19co3fig2_20211228_164200_6541215905_600_800.png,/scratch/parceirosbr/bigoilict/share/BigOil/document_generator/datasets/documents_2021_12_28/19co3fig2_20211228_164200_6541215905_600_800.png,19co3fig2_20211228_164200_6541215905_600_800_mask.png,78446.584
20,5,41,10,398,148,439,158,398,148,439,148,439,158,398,158,sub_line_text,table_text,table_0,times,regular,10.0,19co3fig2_20211228_164200_6541215905_600_800.png,/scratch/parceirosbr/bigoilict/share/BigOil/document_generator/datasets/documents_2021_12_28/19co3fig2_20211228_164200_6541215905_600_800.png,19co3fig2_20211228_164200_6541215905_600_800_mask.png,78446.584
23,5,46,10,393,162,439,172,393,162,439,162,439,172,393,172,text,table_text,table_0,times,regular,10.0,19co3fig2_20211228_164200_6541215905_600_800.png,/scratch/parceirosbr/bigoilict/share/BigOil/document_generator/datasets/documents_2021_12_28/19co3fig2_20211228_164200_6541215905_600_800.png,19co3fig2_20211228_164200_6541215905_600_800_mask.png,804719.642
23,5,46,10,393,162,439,172,393,162,439,162,439,172,393,172,sub_line_text,table_text,table_0,times,regular,10.0,19co3fig2_20211228_164200_6541215905_600_800.png,/scratch/parceirosbr/bigoilict/share/BigOil/document_generator/datasets/documents_2021_12_28/19co3fig2_20211228_164200_6541215905_600_800.png,19co3fig2_20211228_164200_6541215905_600_800_mask.png,804719.642
25,5,51,10,388,176,439,186,388,176,439,176,439,186,388,186,text,table_text,table_0,times,regular,10.0,19co3fig2_20211228_164200_6541215905_600_800.png,/scratch/parceirosbr/bigoilict/share/BigOil/document_generator/datasets/documents_2021_12_28/19co3fig2_20211228_164200_6541215905_600_800.png,19co3fig2_20211228_164200_6541215905_600_800_mask.png,7304507.846
25,5,51,10,388,176,439,186,388,176,439,176,439,186,388,186,sub_line_text,table_text,table_0,times,regular,10.0,19co3fig2_20211228_164200_6541215905_600_800.png,/scratch/parceirosbr/bigoilict/share/BigOil/document_generator/datasets/documents_2021_12_28/19co3fig2_20211228_164200_6541215905_600_800.png,19co3fig2_20211228_164200_6541215905_600_800_mask.png,7304507.846
25,5,51,10,388,189,439,199,388,189,439,189,439,199,388,199,text,table_text,table_0,times,regular,10.0,19co3fig2_20211228_164200_6541215905_600_800.png,/scratch/parceirosbr/bigoilict/share/BigOil/document_generator/datasets/documents_2021_12_28/19co3fig2_20211228_164200_6541215905_600_800.png,19co3fig2_20211228_164200_6541215905_600_800_mask.png,1761760.507
25,5,51,10,388,189,439,199,388,189,439,189,439,199,388,199,sub_line_text,table_text,table_0,times,regular,10.0,19co3fig2_20211228_164200_6541215905_600_800.png,/scratch/parceirosbr/bigoilict/share/BigOil/document_generator/datasets/documents_2021_12_28/19co3fig2_20211228_164200_6541215905_600_800.png,19co3fig2_20211228_164200_6541215905_600_800_mask.png,1761760.507
25,5,51,10,388,203,439,213,388,203,439,203,439,213,388,213,text,table_text,table_0,times,regular,10.0,19co3fig2_20211228_164200_6541215905_600_800.png,/scratch/parceirosbr/bigoilict/share/BigOil/document_generator/datasets/documents_2021_12_28/19co3fig2_20211228_164200_6541215905_600_800.png,19co3fig2_20211228_164200_6541215905_600_800_mask.png,8709102.053
25,5,51,10,388,203,439,213,388,203,439,203,439,213,388,213,sub_line_text,table_text,table_0,times,regular,10.0,19co3fig2_20211228_164200_6541215905_600_800.png,/scratch/parceirosbr/bigoilict/share/BigOil/document_generator/datasets/documents_2021_12_28/19co3fig2_20211228_164200_6541215905_600_800.png,19co3fig2_20211228_164200_6541215905_600_800_mask.png,8709102.053
20,5,41,10,398,216,439,226,398,216,439,216,439,226,398,226,text,table_text,table_0,times,regular,10.0,19co3fig2_20211228_164200_6541215905_600_800.png,/scratch/parceirosbr/bigoilict/share/BigOil/document_generator/datasets/documents_2021_12_28/19co3fig2_20211228_164200_6541215905_600_800.png,19co3fig2_20211228_164200_6541215905_600_800_mask.png,19767.695
20,5,41,10,398,216,439,226,398,216,439,216,439,226,398,226,sub_line_text,table_text,table_0,times,regular,10.0,19co3fig2_20211228_164200_6541215905_600_800.png,/scratch/parceirosbr/bigoilict/share/BigOil/document_generator/datasets/documents_2021_12_28/19co3fig2_20211228_164200_6541215905_600_800.png,19co3fig2_20211228_164200_6541215905_600_800_mask.png,19767.695
18,5,36,10,403,230,439,240,403,230,439,230,439,240,403,240,text,table_text,table_0,times,regular,10.0,19co3fig2_20211228_164200_6541215905_600_800.png,/scratch/parceirosbr/bigoilict/share/BigOil/document_generator/datasets/documents_2021_12_28/19co3fig2_20211228_164200_6541215905_600_800.png,19co3fig2_20211228_164200_6541215905_600_800_mask.png,9404.739
18,5,36,10,403,230,439,240,403,230,439,230,439,240,403,240,sub_line_text,table_text,table_0,times,regular,10.0,19co3fig2_20211228_164200_6541215905_600_800.png,/scratch/parceirosbr/bigoilict/share/BigOil/document_generator/datasets/documents_2021_12_28/19co3fig2_20211228_164200_6541215905_600_800.png,19co3fig2_20211228_164200_6541215905_600_800_mask.png,9404.739
23,5,46,10,393,244,439,254,393,244,439,244,439,254,393,254,text,table_text,table_0,times,regular,10.0,19co3fig2_20211228_164200_6541215905_600_800.png,/scratch/parceirosbr/bigoilict/share/BigOil/document_generator/datasets/documents_2021_12_28/19co3fig2_20211228_164200_6541215905_600_800.png,19co3fig2_20211228_164200_6541215905_600_800_mask.png,831734.627
23,5,46,10,393,244,439,254,393,244,439,244,439,254,393,254,sub_line_text,table_text,table_0,times,regular,10.0,19co3fig2_20211228_164200_6541215905_600_800.png,/scratch/parceirosbr/bigoilict/share/BigOil/document_generator/datasets/documents_2021_12_28/19co3fig2_20211228_164200_6541215905_600_800.png,19co3fig2_20211228_164200_6541215905_600_800_mask.png,831734.627
20,5,41,10,398,257,439,267,398,257,439,257,439,267,398,267,text,table_text,table_0,times,regular,10.0,19co3fig2_20211228_164200_6541215905_600_800.png,/scratch/parceirosbr/bigoilict/share/BigOil/document_generator/datasets/documents_2021_12_28/19co3fig2_20211228_164200_6541215905_600_800.png,19co3fig2_20211228_164200_6541215905_600_800_mask.png,68372.938
20,5,41,10,398,257,439,267,398,257,439,257,439,267,398,267,sub_line_text,table_text,table_0,times,regular,10.0,19co3fig2_20211228_164200_6541215905_600_800.png,/scratch/parceirosbr/bigoilict/share/BigOil/document_generator/datasets/documents_2021_12_28/19co3fig2_20211228_164200_6541215905_600_800.png,19co3fig2_20211228_164200_6541215905_600_800_mask.png,68372.938
18,5,36,10,403,271,439,281,403,271,439,271,439,281,403,281,text,table_text,table_0,times,regular,10.0,19co3fig2_20211228_164200_6541215905_600_800.png,/scratch/parceirosbr/bigoilict/share/BigOil/document_generator/datasets/documents_2021_12_28/19co3fig2_20211228_164200_6541215905_600_800.png,19co3fig2_20211228_164200_6541215905_600_800_mask.png,9226.561
18,5,36,10,403,271,439,281,403,271,439,271,439,281,403,281,sub_line_text,table_text,table_0,times,regular,10.0,19co3fig2_20211228_164200_6541215905_600_800.png,/scratch/parceirosbr/bigoilict/share/BigOil/document_generator/datasets/documents_2021_12_28/19co3fig2_20211228_164200_6541215905_600_800.png,19co3fig2_20211228_164200_6541215905_600_800_mask.png,9226.561
14,5,28,10,500,110,528,120,500,110,528,110,528,120,500,120,text,table_text,table_0,times,bold,10.0,19co3fig2_20211228_164200_6541215905_600_800.png,/scratch/parceirosbr/bigoilict/share/BigOil/document_generator/datasets/documents_2021_12_28/19co3fig2_20211228_164200_6541215905_600_800.png,19co3fig2_20211228_164200_6541215905_600_800_mask.png,apesar
14,5,28,10,500,110,528,120,500,110,528,110,528,120,500,120,sub_line_text,table_text,table_0,times,bold,10.0,19co3fig2_20211228_164200_6541215905_600_800.png,/scratch/parceirosbr/bigoilict/share/BigOil/document_generator/datasets/documents_2021_12_28/19co3fig2_20211228_164200_6541215905_600_800.png,19co3fig2_20211228_164200_6541215905_600_800_mask.png,apesar
25,5,51,10,476,135,527,145,476,135,527,135,527,145,476,145,text,table_text,table_0,times,regular,10.0,19co3fig2_20211228_164200_6541215905_600_800.png,/scratch/parceirosbr/bigoilict/share/BigOil/document_generator/datasets/documents_2021_12_28/19co3fig2_20211228_164200_6541215905_600_800.png,19co3fig2_20211228_164200_6541215905_600_800_mask.png,768157.6903
25,5,51,10,476,135,527,145,476,135,527,135,527,145,476,145,sub_line_text,table_text,table_0,times,regular,10.0,19co3fig2_20211228_164200_6541215905_600_800.png,/scratch/parceirosbr/bigoilict/share/BigOil/document_generator/datasets/documents_2021_12_28/19co3fig2_20211228_164200_6541215905_600_800.png,19co3fig2_20211228_164200_6541215905_600_800_mask.png,768157.6903
25,5,51,10,476,148,527,158,476,148,527,148,527,158,476,158,text,table_text,table_0,times,regular,10.0,19co3fig2_20211228_164200_6541215905_600_800.png,/scratch/parceirosbr/bigoilict/share/BigOil/document_generator/datasets/documents_2021_12_28/19co3fig2_20211228_164200_6541215905_600_800.png,19co3fig2_20211228_164200_6541215905_600_800_mask.png,223832.3504
25,5,51,10,476,148,527,158,476,148,527,148,527,158,476,158,sub_line_text,table_text,table_0,times,regular,10.0,19co3fig2_20211228_164200_6541215905_600_800.png,/scratch/parceirosbr/bigoilict/share/BigOil/document_generator/datasets/documents_2021_12_28/19co3fig2_20211228_164200_6541215905_600_800.png,19co3fig2_20211228_164200_6541215905_600_800_mask.png,223832.3504
25,5,51,10,476,162,527,172,476,162,527,162,527,172,476,172,text,table_text,table_0,times,regular,10.0,19co3fig2_20211228_164200_6541215905_600_800.png,/scratch/parceirosbr/bigoilict/share/BigOil/document_generator/datasets/documents_2021_12_28/19co3fig2_20211228_164200_6541215905_600_800.png,19co3fig2_20211228_164200_6541215905_600_800_mask.png,558092.8002
25,5,51,10,476,162,527,172,476,162,527,162,527,172,476,172,sub_line_text,table_text,table_0,times,regular,10.0,19co3fig2_20211228_164200_6541215905_600_800.png,/scratch/parceirosbr/bigoilict/share/BigOil/document_generator/datasets/documents_2021_12_28/19co3fig2_20211228_164200_6541215905_600_800.png,19co3fig2_20211228_164200_6541215905_600_800_mask.png,558092.8002
25,5,51,10,476,176,527,186,476,176,527,176,527,186,476,186,text,table_text,table_0,times,regular,10.0,19co3fig2_20211228_164200_6541215905_600_800.png,/scratch/parceirosbr/bigoilict/share/BigOil/document_generator/datasets/documents_2021_12_28/19co3fig2_20211228_164200_6541215905_600_800.png,19co3fig2_20211228_164200_6541215905_600_800_mask.png,259713.3325
25,5,51,10,476,176,527,186,476,176,527,176,527,186,476,186,sub_line_text,table_text,table_0,times,regular,10.0,19co3fig2_20211228_164200_6541215905_600_800.png,/scratch/parceirosbr/bigoilict/share/BigOil/document_generator/datasets/documents_2021_12_28/19co3fig2_20211228_164200_6541215905_600_800.png,19co3fig2_20211228_164200_6541215905_600_800_mask.png,259713.3325
25,5,51,10,476,189,527,199,476,189,527,189,527,199,476,199,text,table_text,table_0,times,regular,10.0,19co3fig2_20211228_164200_6541215905_600_800.png,/scratch/parceirosbr/bigoilict/share/BigOil/document_generator/datasets/documents_2021_12_28/19co3fig2_20211228_164200_6541215905_600_800.png,19co3fig2_20211228_164200_6541215905_600_800_mask.png,503740.5461
25,5,51,10,476,189,527,199,476,189,527,189,527,199,476,199,sub_line_text,table_text,table_0,times,regular,10.0,19co3fig2_20211228_164200_6541215905_600_800.png,/scratch/parceirosbr/bigoilict/share/BigOil/document_generator/datasets/documents_2021_12_28/19co3fig2_20211228_164200_6541215905_600_800.png,19co3fig2_20211228_164200_6541215905_600_800_mask.png,503740.5461
25,5,51,10,476,203,527,213,476,203,527,203,527,213,476,213,text,table_text,table_0,times,regular,10.0,19co3fig2_20211228_164200_6541215905_600_800.png,/scratch/parceirosbr/bigoilict/share/BigOil/document_generator/datasets/documents_2021_12_28/19co3fig2_20211228_164200_6541215905_600_800.png,19co3fig2_20211228_164200_6541215905_600_800_mask.png,967252.6093
25,5,51,10,476,203,527,213,476,203,527,203,527,213,476,213,sub_line_text,table_text,table_0,times,regular,10.0,19co3fig2_20211228_164200_6541215905_600_800.png,/scratch/parceirosbr/bigoilict/share/BigOil/document_generator/datasets/documents_2021_12_28/19co3fig2_20211228_164200_6541215905_600_800.png,19co3fig2_20211228_164200_6541215905_600_800_mask.png,967252.6093
25,5,51,10,476,216,527,226,476,216,527,216,527,226,476,226,text,table_text,table_0,times,regular,10.0,19co3fig2_20211228_164200_6541215905_600_800.png,/scratch/parceirosbr/bigoilict/share/BigOil/document_generator/datasets/documents_2021_12_28/19co3fig2_20211228_164200_6541215905_600_800.png,19co3fig2_20211228_164200_6541215905_600_800_mask.png,915655.5151
25,5,51,10,476,216,527,226,476,216,527,216,527,226,476,226,sub_line_text,table_text,table_0,times,regular,10.0,19co3fig2_20211228_164200_6541215905_600_800.png,/scratch/parceirosbr/bigoilict/share/BigOil/document_generator/datasets/documents_2021_12_28/19co3fig2_20211228_164200_6541215905_600_800.png,19co3fig2_20211228_164200_6541215905_600_800_mask.png,915655.5151
25,5,51,10,476,230,527,240,476,230,527,230,527,240,476,240,text,table_text,table_0,times,regular,10.0,19co3fig2_20211228_164200_6541215905_600_800.png,/scratch/parceirosbr/bigoilict/share/BigOil/document_generator/datasets/documents_2021_12_28/19co3fig2_20211228_164200_6541215905_600_800.png,19co3fig2_20211228_164200_6541215905_600_800_mask.png,203426.0097
25,5,51,10,476,230,527,240,476,230,527,230,527,240,476,240,sub_line_text,table_text,table_0,times,regular,10.0,19co3fig2_20211228_164200_6541215905_600_800.png,/scratch/parceirosbr/bigoilict/share/BigOil/document_generator/datasets/documents_2021_12_28/19co3fig2_20211228_164200_6541215905_600_800.png,19co3fig2_20211228_164200_6541215905_600_800_mask.png,203426.0097
25,5,51,10,476,244,527,254,476,244,527,244,527,254,476,254,text,table_text,table_0,times,regular,10.0,19co3fig2_20211228_164200_6541215905_600_800.png,/scratch/parceirosbr/bigoilict/share/BigOil/document_generator/datasets/documents_2021_12_28/19co3fig2_20211228_164200_6541215905_600_800.png,19co3fig2_20211228_164200_6541215905_600_800_mask.png,408356.9292
25,5,51,10,476,244,527,254,476,244,527,244,527,254,476,254,sub_line_text,table_text,table_0,times,regular,10.0,19co3fig2_20211228_164200_6541215905_600_800.png,/scratch/parceirosbr/bigoilict/share/BigOil/document_generator/datasets/documents_2021_12_28/19co3fig2_20211228_164200_6541215905_600_800.png,19co3fig2_20211228_164200_6541215905_600_800_mask.png,408356.9292
25,5,51,10,476,257,527,267,476,257,527,257,527,267,476,267,text,table_text,table_0,times,regular,10.0,19co3fig2_20211228_164200_6541215905_600_800.png,/scratch/parceirosbr/bigoilict/share/BigOil/document_generator/datasets/documents_2021_12_28/19co3fig2_20211228_164200_6541215905_600_800.png,19co3fig2_20211228_164200_6541215905_600_800_mask.png,955131.3478
25,5,51,10,476,257,527,267,476,257,527,257,527,267,476,267,sub_line_text,table_text,table_0,times,regular,10.0,19co3fig2_20211228_164200_6541215905_600_800.png,/scratch/parceirosbr/bigoilict/share/BigOil/document_generator/datasets/documents_2021_12_28/19co3fig2_20211228_164200_6541215905_600_800.png,19co3fig2_20211228_164200_6541215905_600_800_mask.png,955131.3478
25,5,51,10,476,271,527,281,476,271,527,271,527,281,476,281,text,table_text,table_0,times,regular,10.0,19co3fig2_20211228_164200_6541215905_600_800.png,/scratch/parceirosbr/bigoilict/share/BigOil/document_generator/datasets/documents_2021_12_28/19co3fig2_20211228_164200_6541215905_600_800.png,19co3fig2_20211228_164200_6541215905_600_800_mask.png,884413.6001
25,5,51,10,476,271,527,281,476,271,527,271,527,281,476,281,sub_line_text,table_text,table_0,times,regular,10.0,19co3fig2_20211228_164200_6541215905_600_800.png,/scratch/parceirosbr/bigoilict/share/BigOil/document_generator/datasets/documents_2021_12_28/19co3fig2_20211228_164200_6541215905_600_800.png,19co3fig2_20211228_164200_6541215905_600_800_mask.png,884413.6001
48,5,96,11,106,287,202,298,106,287,202,287,202,298,106,298,sub_line_text,text,text_0,courier,regular,10,19co3fig2_20211228_164200_6541215905_600_800.png,/scratch/parceirosbr/bigoilict/share/BigOil/document_generator/datasets/documents_2021_12_28/19co3fig2_20211228_164200_6541215905_600_800.png,19co3fig2_20211228_164200_6541215905_600_800_mask.png,Mont  (main pri-
66,5,132,11,64,300,196,311,64,300,196,300,196,311,64,311,sub_line_text,text,text_0,courier,regular,10,19co3fig2_20211228_164200_6541215905_600_800.png,/scratch/parceirosbr/bigoilict/share/BigOil/document_generator/datasets/documents_2021_12_28/19co3fig2_20211228_164200_6541215905_600_800.png,19co3fig2_20211228_164200_6541215905_600_800_mask.png,ce  reference point in
69,5,138,11,64,313,202,324,64,313,202,313,202,324,64,324,sub_line_text,text,text_0,courier,regular,10,19co3fig2_20211228_164200_6541215905_600_800.png,/scratch/parceirosbr/bigoilict/share/BigOil/document_generator/datasets/documents_2021_12_28/19co3fig2_20211228_164200_6541215905_600_800.png,19co3fig2_20211228_164200_6541215905_600_800_mask.png,the  North American ma-
69,5,138,11,64,326,202,337,64,326,202,326,202,337,64,337,sub_line_text,text,text_0,courier,regular,10,19co3fig2_20211228_164200_6541215905_600_800.png,/scratch/parceirosbr/bigoilict/share/BigOil/document_generator/datasets/documents_2021_12_28/19co3fig2_20211228_164200_6541215905_600_800.png,19co3fig2_20211228_164200_6541215905_600_800_mask.png,rket)  135. There is no
69,5,138,11,64,339,202,350,64,339,202,339,202,350,64,350,sub_line_text,text,text_0,courier,regular,10,19co3fig2_20211228_164200_6541215905_600_800.png,/scratch/parceirosbr/bigoilict/share/BigOil/document_generator/datasets/documents_2021_12_28/19co3fig2_20211228_164200_6541215905_600_800.png,19co3fig2_20211228_164200_6541215905_600_800_mask.png,advantage  in calculat-
69,5,138,11,64,352,202,363,64,352,202,352,202,363,64,363,sub_line_text,text,text_0,courier,regular,10,19co3fig2_20211228_164200_6541215905_600_800.png,/scratch/parceirosbr/bigoilict/share/BigOil/document_generator/datasets/documents_2021_12_28/19co3fig2_20211228_164200_6541215905_600_800.png,19co3fig2_20211228_164200_6541215905_600_800_mask.png,ing  the collapse pres-
69,5,138,11,64,365,202,376,64,365,202,365,202,376,64,376,sub_line_text,text,text_0,courier,regular,10,19co3fig2_20211228_164200_6541215905_600_800.png,/scratch/parceirosbr/bigoilict/share/BigOil/document_generator/datasets/documents_2021_12_28/19co3fig2_20211228_164200_6541215905_600_800.png,19co3fig2_20211228_164200_6541215905_600_800_mask.png,sure  with measured in-
69,5,138,11,64,378,202,389,64,378,202,378,202,389,64,389,sub_line_text,text,text_0,courier,regular,10,19co3fig2_20211228_164200_6541215905_600_800.png,/scratch/parceirosbr/bigoilict/share/BigOil/document_generator/datasets/documents_2021_12_28/19co3fig2_20211228_164200_6541215905_600_800.png,19co3fig2_20211228_164200_6541215905_600_800_mask.png,itial  imperfections c-
69,5,138,11,64,391,202,402,64,391,202,391,202,402,64,402,sub_line_text,text,text_0,courier,regular,10,19co3fig2_20211228_164200_6541215905_600_800.png,/scratch/parceirosbr/bigoilict/share/BigOil/document_generator/datasets/documents_2021_12_28/19co3fig2_20211228_164200_6541215905_600_800.png,19co3fig2_20211228_164200_6541215905_600_800_mask.png,ompared  to the assumed
66,5,132,11,64,404,196,415,64,404,196,404,196,415,64,415,sub_line_text,text,text_0,courier,regular,10,19co3fig2_20211228_164200_6541215905_600_800.png,/scratch/parceirosbr/bigoilict/share/BigOil/document_generator/datasets/documents_2021_12_28/19co3fig2_20211228_164200_6541215905_600_800.png,19co3fig2_20211228_164200_6541215905_600_800_mask.png,"imperfections,  due to"
63,5,126,11,64,417,190,428,64,417,190,417,190,428,64,428,sub_line_text,text,text_0,courier,regular,10,19co3fig2_20211228_164200_6541215905_600_800.png,/scratch/parceirosbr/bigoilict/share/BigOil/document_generator/datasets/documents_2021_12_28/19co3fig2_20211228_164200_6541215905_600_800.png,19co3fig2_20211228_164200_6541215905_600_800_mask.png,the small amplitudes.
69,70,138,141,64,287,202,428,64,287,202,287,202,428,64,428,text,text,text_0,courier,regular,10,19co3fig2_20211228_164200_6541215905_600_800.png,/scratch/parceirosbr/bigoilict/share/BigOil/document_generator/datasets/documents_2021_12_28/19co3fig2_20211228_164200_6541215905_600_800.png,19co3fig2_20211228_164200_6541215905_600_800_mask.png,nan
40,6,80,13,95,430,175,443,95,430,175,430,175,443,95,443,sub_line_text,subsubtitle,subsubtitle_0,courier,regular,13,19co3fig2_20211228_164200_6541215905_600_800.png,/scratch/parceirosbr/bigoilict/share/BigOil/document_generator/datasets/documents_2021_12_28/19co3fig2_20211228_164200_6541215905_600_800.png,19co3fig2_20211228_164200_6541215905_600_800_mask.png,Volumetric
40,6,80,13,95,430,175,443,95,430,175,430,175,443,95,443,title,subsubtitle,subsubtitle_0,courier,regular,13,19co3fig2_20211228_164200_6541215905_600_800.png,/scratch/parceirosbr/bigoilict/share/BigOil/document_generator/datasets/documents_2021_12_28/19co3fig2_20211228_164200_6541215905_600_800.png,19co3fig2_20211228_164200_6541215905_600_800_mask.png,nan
54,5,109,11,64,446,173,457,64,446,173,446,173,457,64,457,sub_line_text,subsubsubtitle,subsubsubtitle_0,courier,bolditalic,10,19co3fig2_20211228_164200_6541215905_600_800.png,/scratch/parceirosbr/bigoilict/share/BigOil/document_generator/datasets/documents_2021_12_28/19co3fig2_20211228_164200_6541215905_600_800.png,19co3fig2_20211228_164200_6541215905_600_800_mask.png,Organizada momento
63,5,126,11,64,459,190,470,64,459,190,459,190,470,64,470,sub_line_text,subsubsubtitle,subsubsubtitle_0,courier,bolditalic,10,19co3fig2_20211228_164200_6541215905_600_800.png,/scratch/parceirosbr/bigoilict/share/BigOil/document_generator/datasets/documents_2021_12_28/19co3fig2_20211228_164200_6541215905_600_800.png,19co3fig2_20211228_164200_6541215905_600_800_mask.png,intensa radicalização
27,5,55,11,64,472,119,483,64,472,119,472,119,483,64,483,sub_line_text,subsubsubtitle,subsubsubtitle_0,courier,bolditalic,10,19co3fig2_20211228_164200_6541215905_600_800.png,/scratch/parceirosbr/bigoilict/share/BigOil/document_generator/datasets/documents_2021_12_28/19co3fig2_20211228_164200_6541215905_600_800.png,19co3fig2_20211228_164200_6541215905_600_800_mask.png,"política,"
63,18,126,37,64,446,190,483,64,446,190,446,190,483,64,483,title,subsubsubtitle,subsubsubtitle_0,courier,bolditalic,10,19co3fig2_20211228_164200_6541215905_600_800.png,/scratch/parceirosbr/bigoilict/share/BigOil/document_generator/datasets/documents_2021_12_28/19co3fig2_20211228_164200_6541215905_600_800.png,19co3fig2_20211228_164200_6541215905_600_800_mask.png,nan
48,5,96,11,106,486,202,497,106,486,202,486,202,497,106,497,sub_line_text,text,text_1,courier,regular,10,19co3fig2_20211228_164200_6541215905_600_800.png,/scratch/parceirosbr/bigoilict/share/BigOil/document_generator/datasets/documents_2021_12_28/19co3fig2_20211228_164200_6541215905_600_800.png,19co3fig2_20211228_164200_6541215905_600_800_mask.png,A  divulgação d-
66,5,132,11,64,499,196,510,64,499,196,499,196,510,64,510,sub_line_text,text,text_1,courier,regular,10,19co3fig2_20211228_164200_6541215905_600_800.png,/scratch/parceirosbr/bigoilict/share/BigOil/document_generator/datasets/documents_2021_12_28/19co3fig2_20211228_164200_6541215905_600_800.png,19co3fig2_20211228_164200_6541215905_600_800_mask.png,este  projeto provocou
69,5,138,11,64,512,202,523,64,512,202,512,202,523,64,523,sub_line_text,text,text_1,courier,regular,10,19co3fig2_20211228_164200_6541215905_600_800.png,/scratch/parceirosbr/bigoilict/share/BigOil/document_generator/datasets/documents_2021_12_28/19co3fig2_20211228_164200_6541215905_600_800.png,19co3fig2_20211228_164200_6541215905_600_800_mask.png,"grande  reação, não ap-"
69,5,138,11,64,525,202,536,64,525,202,525,202,536,64,536,sub_line_text,text,text_1,courier,regular,10,19co3fig2_20211228_164200_6541215905_600_800.png,/scratch/parceirosbr/bigoilict/share/BigOil/document_generator/datasets/documents_2021_12_28/19co3fig2_20211228_164200_6541215905_600_800.png,19co3fig2_20211228_164200_6541215905_600_800_mask.png,enas  por parte das em-
69,5,138,11,64,538,202,549,64,538,202,538,202,549,64,549,sub_line_text,text,text_1,courier,regular,10,19co3fig2_20211228_164200_6541215905_600_800.png,/scratch/parceirosbr/bigoilict/share/BigOil/document_generator/datasets/documents_2021_12_28/19co3fig2_20211228_164200_6541215905_600_800.png,19co3fig2_20211228_164200_6541215905_600_800_mask.png,presas  estrangeiras q-
66,5,132,11,64,551,196,562,64,551,196,551,196,562,64,562,sub_line_text,text,text_1,courier,regular,10,19co3fig2_20211228_164200_6541215905_600_800.png,/scratch/parceirosbr/bigoilict/share/BigOil/document_generator/datasets/documents_2021_12_28/19co3fig2_20211228_164200_6541215905_600_800.png,19co3fig2_20211228_164200_6541215905_600_800_mask.png,"ue  atuavam  no setor,"
69,5,138,11,64,564,202,575,64,564,202,564,202,575,64,575,sub_line_text,text,text_1,courier,regular,10,19co3fig2_20211228_164200_6541215905_600_800.png,/scratch/parceirosbr/bigoilict/share/BigOil/document_generator/datasets/documents_2021_12_28/19co3fig2_20211228_164200_6541215905_600_800.png,19co3fig2_20211228_164200_6541215905_600_800_mask.png,mas  também de segment-
69,5,138,11,64,577,202,588,64,577,202,577,202,588,64,588,sub_line_text,text,text_1,courier,regular,10,19co3fig2_20211228_164200_6541215905_600_800.png,/scratch/parceirosbr/bigoilict/share/BigOil/document_generator/datasets/documents_2021_12_28/19co3fig2_20211228_164200_6541215905_600_800.png,19co3fig2_20211228_164200_6541215905_600_800_mask.png,os  da burocracia esta-
66,5,132,11,64,590,196,601,64,590,196,590,196,601,64,601,sub_line_text,text,text_1,courier,regular,10,19co3fig2_20211228_164200_6541215905_600_800.png,/scratch/parceirosbr/bigoilict/share/BigOil/document_generator/datasets/documents_2021_12_28/19co3fig2_20211228_164200_6541215905_600_800.png,19co3fig2_20211228_164200_6541215905_600_800_mask.png,tal.  O tamanho máximo
66,5,132,11,64,603,196,614,64,603,196,603,196,614,64,614,sub_line_text,text,text_1,courier,regular,10,19co3fig2_20211228_164200_6541215905_600_800.png,/scratch/parceirosbr/bigoilict/share/BigOil/document_generator/datasets/documents_2021_12_28/19co3fig2_20211228_164200_6541215905_600_800.png,19co3fig2_20211228_164200_6541215905_600_800_mask.png,de partícula está rel.
69,64,138,128,64,486,202,614,64,486,202,486,202,614,64,614,text,text,text_1,courier,regular,10,19co3fig2_20211228_164200_6541215905_600_800.png,/scratch/parceirosbr/bigoilict/share/BigOil/document_generator/datasets/documents_2021_12_28/19co3fig2_20211228_164200_6541215905_600_800.png,19co3fig2_20211228_164200_6541215905_600_800_mask.png,nan
48,5,96,11,106,616,202,627,106,616,202,616,202,627,106,627,sub_line_text,text,text_2,courier,regular,10,19co3fig2_20211228_164200_6541215905_600_800.png,/scratch/parceirosbr/bigoilict/share/BigOil/document_generator/datasets/documents_2021_12_28/19co3fig2_20211228_164200_6541215905_600_800.png,19co3fig2_20211228_164200_6541215905_600_800_mask.png,The  role of the
66,5,132,11,64,629,196,640,64,629,196,629,196,640,64,640,sub_line_text,text,text_2,courier,regular,10,19co3fig2_20211228_164200_6541215905_600_800.png,/scratch/parceirosbr/bigoilict/share/BigOil/document_generator/datasets/documents_2021_12_28/19co3fig2_20211228_164200_6541215905_600_800.png,19co3fig2_20211228_164200_6541215905_600_800_mask.png,should  include one or
66,5,132,11,64,642,196,653,64,642,196,642,196,653,64,653,sub_line_text,text,text_2,courier,regular,10,19co3fig2_20211228_164200_6541215905_600_800.png,/scratch/parceirosbr/bigoilict/share/BigOil/document_generator/datasets/documents_2021_12_28/19co3fig2_20211228_164200_6541215905_600_800.png,19co3fig2_20211228_164200_6541215905_600_800_mask.png,more  of the following
69,5,138,11,64,655,202,666,64,655,202,655,202,666,64,666,sub_line_text,text,text_2,courier,regular,10,19co3fig2_20211228_164200_6541215905_600_800.png,/scratch/parceirosbr/bigoilict/share/BigOil/document_generator/datasets/documents_2021_12_28/19co3fig2_20211228_164200_6541215905_600_800.png,19co3fig2_20211228_164200_6541215905_600_800_mask.png,aspects:  collecting a-
69,5,138,11,64,668,202,679,64,668,202,668,202,679,64,679,sub_line_text,text,text_2,courier,regular,10,19co3fig2_20211228_164200_6541215905_600_800.png,/scratch/parceirosbr/bigoilict/share/BigOil/document_generator/datasets/documents_2021_12_28/19co3fig2_20211228_164200_6541215905_600_800.png,19co3fig2_20211228_164200_6541215905_600_800_mask.png,nd  analyzing informat-
69,5,138,11,64,681,202,692,64,681,202,681,202,692,64,692,sub_line_text,text,text_2,courier,regular,10,19co3fig2_20211228_164200_6541215905_600_800.png,/scratch/parceirosbr/bigoilict/share/BigOil/document_generator/datasets/documents_2021_12_28/19co3fig2_20211228_164200_6541215905_600_800.png,19co3fig2_20211228_164200_6541215905_600_800_mask.png,"ion,  advising governm-"
66,5,132,11,64,694,196,705,64,694,196,694,196,705,64,705,sub_line_text,text,text_2,courier,regular,10,19co3fig2_20211228_164200_6541215905_600_800.png,/scratch/parceirosbr/bigoilict/share/BigOil/document_generator/datasets/documents_2021_12_28/19co3fig2_20211228_164200_6541215905_600_800.png,19co3fig2_20211228_164200_6541215905_600_800_mask.png,ents during emergenci.
69,44,138,89,64,616,202,705,64,616,202,616,202,705,64,705,text,text,text_2,courier,regular,10,19co3fig2_20211228_164200_6541215905_600_800.png,/scratch/parceirosbr/bigoilict/share/BigOil/document_generator/datasets/documents_2021_12_28/19co3fig2_20211228_164200_6541215905_600_800.png,19co3fig2_20211228_164200_6541215905_600_800_mask.png,nan
48,5,96,11,106,707,202,718,106,707,202,707,202,718,106,718,sub_line_text,text,text_3,courier,regular,10,19co3fig2_20211228_164200_6541215905_600_800.png,/scratch/parceirosbr/bigoilict/share/BigOil/document_generator/datasets/documents_2021_12_28/19co3fig2_20211228_164200_6541215905_600_800.png,19co3fig2_20211228_164200_6541215905_600_800_mask.png,SOURCE:  propane
66,5,132,11,64,720,196,731,64,720,196,720,196,731,64,731,sub_line_text,text,text_3,courier,regular,10,19co3fig2_20211228_164200_6541215905_600_800.png,/scratch/parceirosbr/bigoilict/share/BigOil/document_generator/datasets/documents_2021_12_28/19co3fig2_20211228_164200_6541215905_600_800.png,19co3fig2_20211228_164200_6541215905_600_800_mask.png,and butane. 2 naphtha.
69,12,138,24,64,707,202,731,64,707,202,707,202,731,64,731,text,text,text_3,courier,regular,10,19co3fig2_20211228_164200_6541215905_600_800.png,/scratch/parceirosbr/bigoilict/share/BigOil/document_generator/datasets/documents_2021_12_28/19co3fig2_20211228_164200_6541215905_600_800.png,19co3fig2_20211228_164200_6541215905_600_800_mask.png,nan
48,5,96,11,272,287,368,298,272,287,368,287,368,298,272,298,sub_line_text,text,text_4,courier,regular,10,19co3fig2_20211228_164200_6541215905_600_800.png,/scratch/parceirosbr/bigoilict/share/BigOil/document_generator/datasets/documents_2021_12_28/19co3fig2_20211228_164200_6541215905_600_800.png,19co3fig2_20211228_164200_6541215905_600_800_mask.png,O  óleo de dendê
66,5,132,11,230,300,362,311,230,300,362,300,362,311,230,311,sub_line_text,text,text_4,courier,regular,10,19co3fig2_20211228_164200_6541215905_600_800.png,/scratch/parceirosbr/bigoilict/share/BigOil/document_generator/datasets/documents_2021_12_28/19co3fig2_20211228_164200_6541215905_600_800.png,19co3fig2_20211228_164200_6541215905_600_800_mask.png,é  o óleo vegetal mais
69,5,138,11,230,313,368,324,230,313,368,313,368,324,230,324,sub_line_text,text,text_4,courier,regular,10,19co3fig2_20211228_164200_6541215905_600_800.png,/scratch/parceirosbr/bigoilict/share/BigOil/document_generator/datasets/documents_2021_12_28/19co3fig2_20211228_164200_6541215905_600_800.png,19co3fig2_20211228_164200_6541215905_600_800_mask.png,"consumido  no mundo, s-"
66,5,132,11,230,326,362,337,230,326,362,326,362,337,230,337,sub_line_text,text,text_4,courier,regular,10,19co3fig2_20211228_164200_6541215905_600_800.png,/scratch/parceirosbr/bigoilict/share/BigOil/document_generator/datasets/documents_2021_12_28/19co3fig2_20211228_164200_6541215905_600_800.png,19co3fig2_20211228_164200_6541215905_600_800_mask.png,uperando  até  mesmo o
69,5,138,11,230,339,368,350,230,339,368,339,368,350,230,350,sub_line_text,text,text_4,courier,regular,10,19co3fig2_20211228_164200_6541215905_600_800.png,/scratch/parceirosbr/bigoilict/share/BigOil/document_generator/datasets/documents_2021_12_28/19co3fig2_20211228_164200_6541215905_600_800.png,19co3fig2_20211228_164200_6541215905_600_800_mask.png,de  soja. O óleo de li-
63,5,126,11,230,352,356,363,230,352,356,352,356,363,230,363,sub_line_text,text,text_4,courier,regular,10,19co3fig2_20211228_164200_6541215905_600_800.png,/scratch/parceirosbr/bigoilict/share/BigOil/document_generator/datasets/documents_2021_12_28/19co3fig2_20211228_164200_6541215905_600_800.png,19co3fig2_20211228_164200_6541215905_600_800_mask.png,nhaça é originado da.
69,38,138,76,230,287,368,363,230,287,368,287,368,363,230,363,text,text,text_4,courier,regular,10,19co3fig2_20211228_164200_6541215905_600_800.png,/scratch/parceirosbr/bigoilict/share/BigOil/document_generator/datasets/documents_2021_12_28/19co3fig2_20211228_164200_6541215905_600_800.png,19co3fig2_20211228_164200_6541215905_600_800_mask.png,nan
24,6,48,13,277,365,325,378,277,365,325,365,325,378,277,378,sub_line_text,subsubtitle,subsubtitle_1,courier,regular,13,19co3fig2_20211228_164200_6541215905_600_800.png,/scratch/parceirosbr/bigoilict/share/BigOil/document_generator/datasets/documents_2021_12_28/19co3fig2_20211228_164200_6541215905_600_800.png,19co3fig2_20211228_164200_6541215905_600_800_mask.png,Início
24,6,48,13,277,365,325,378,277,365,325,365,325,378,277,378,title,subsubtitle,subsubtitle_1,courier,regular,13,19co3fig2_20211228_164200_6541215905_600_800.png,/scratch/parceirosbr/bigoilict/share/BigOil/document_generator/datasets/documents_2021_12_28/19co3fig2_20211228_164200_6541215905_600_800.png,19co3fig2_20211228_164200_6541215905_600_800_mask.png,nan
51,5,103,11,249,381,352,392,249,381,352,381,352,392,249,392,sub_line_text,subsubsubtitle,subsubsubtitle_1,courier,bolditalic,10,19co3fig2_20211228_164200_6541215905_600_800.png,/scratch/parceirosbr/bigoilict/share/BigOil/document_generator/datasets/documents_2021_12_28/19co3fig2_20211228_164200_6541215905_600_800.png,19co3fig2_20211228_164200_6541215905_600_800_mask.png,"Assim, sabendo 10"
69,5,138,11,232,394,370,405,232,394,370,394,370,405,232,405,sub_line_text,subsubsubtitle,subsubsubtitle_1,courier,bolditalic,10,19co3fig2_20211228_164200_6541215905_600_800.png,/scratch/parceirosbr/bigoilict/share/BigOil/document_generator/datasets/documents_2021_12_28/19co3fig2_20211228_164200_6541215905_600_800.png,19co3fig2_20211228_164200_6541215905_600_800_mask.png,constante extensômetros
69,12,138,24,232,381,370,405,232,381,370,381,370,405,232,405,title,subsubsubtitle,subsubsubtitle_1,courier,bolditalic,10,19co3fig2_20211228_164200_6541215905_600_800.png,/scratch/parceirosbr/bigoilict/share/BigOil/document_generator/datasets/documents_2021_12_28/19co3fig2_20211228_164200_6541215905_600_800.png,19co3fig2_20211228_164200_6541215905_600_800_mask.png,nan
48,5,96,11,272,408,368,419,272,408,368,408,368,419,272,419,sub_line_text,text,text_5,courier,regular,10,19co3fig2_20211228_164200_6541215905_600_800.png,/scratch/parceirosbr/bigoilict/share/BigOil/document_generator/datasets/documents_2021_12_28/19co3fig2_20211228_164200_6541215905_600_800.png,19co3fig2_20211228_164200_6541215905_600_800_mask.png,As  vantagens l-
69,5,138,11,230,421,368,432,230,421,368,421,368,432,230,432,sub_line_text,text,text_5,courier,regular,10,19co3fig2_20211228_164200_6541215905_600_800.png,/scratch/parceirosbr/bigoilict/share/BigOil/document_generator/datasets/documents_2021_12_28/19co3fig2_20211228_164200_6541215905_600_800.png,19co3fig2_20211228_164200_6541215905_600_800_mask.png,evantada  são o monito-
69,5,138,11,230,434,368,445,230,434,368,434,368,445,230,445,sub_line_text,text,text_5,courier,regular,10,19co3fig2_20211228_164200_6541215905_600_800.png,/scratch/parceirosbr/bigoilict/share/BigOil/document_generator/datasets/documents_2021_12_28/19co3fig2_20211228_164200_6541215905_600_800.png,19co3fig2_20211228_164200_6541215905_600_800_mask.png,"ramento  contínuo, a e-"
69,5,138,11,230,447,368,458,230,447,368,447,368,458,230,458,sub_line_text,text,text_5,courier,regular,10,19co3fig2_20211228_164200_6541215905_600_800.png,/scratch/parceirosbr/bigoilict/share/BigOil/document_generator/datasets/documents_2021_12_28/19co3fig2_20211228_164200_6541215905_600_800.png,19co3fig2_20211228_164200_6541215905_600_800_mask.png,missão  de recomendaçõ-
69,5,138,11,230,460,368,471,230,460,368,460,368,471,230,471,sub_line_text,text,text_5,courier,regular,10,19co3fig2_20211228_164200_6541215905_600_800.png,/scratch/parceirosbr/bigoilict/share/BigOil/document_generator/datasets/documents_2021_12_28/19co3fig2_20211228_164200_6541215905_600_800.png,19co3fig2_20211228_164200_6541215905_600_800_mask.png,es  e o trabalho de fo-
69,5,138,11,230,473,368,484,230,473,368,473,368,484,230,484,sub_line_text,text,text_5,courier,regular,10,19co3fig2_20211228_164200_6541215905_600_800.png,/scratch/parceirosbr/bigoilict/share/BigOil/document_generator/datasets/documents_2021_12_28/19co3fig2_20211228_164200_6541215905_600_800.png,19co3fig2_20211228_164200_6541215905_600_800_mask.png,rma  integrada com o s-
63,5,126,11,230,486,356,497,230,486,356,486,356,497,230,497,sub_line_text,text,text_5,courier,regular,10,19co3fig2_20211228_164200_6541215905_600_800.png,/scratch/parceirosbr/bigoilict/share/BigOil/document_generator/datasets/documents_2021_12_28/19co3fig2_20211228_164200_6541215905_600_800.png,19co3fig2_20211228_164200_6541215905_600_800_mask.png,istema em observação.
69,44,138,89,230,408,368,497,230,408,368,408,368,497,230,497,text,text,text_5,courier,regular,10,19co3fig2_20211228_164200_6541215905_600_800.png,/scratch/parceirosbr/bigoilict/share/BigOil/document_generator/datasets/documents_2021_12_28/19co3fig2_20211228_164200_6541215905_600_800.png,19co3fig2_20211228_164200_6541215905_600_800_mask.png,nan
48,5,96,11,272,499,368,510,272,499,368,499,368,510,272,510,sub_line_text,text,text_6,courier,regular,10,19co3fig2_20211228_164200_6541215905_600_800.png,/scratch/parceirosbr/bigoilict/share/BigOil/document_generator/datasets/documents_2021_12_28/19co3fig2_20211228_164200_6541215905_600_800.png,19co3fig2_20211228_164200_6541215905_600_800_mask.png,The  general fo-
66,5,132,11,230,512,362,523,230,512,362,512,362,523,230,523,sub_line_text,text,text_6,courier,regular,10,19co3fig2_20211228_164200_6541215905_600_800.png,/scratch/parceirosbr/bigoilict/share/BigOil/document_generator/datasets/documents_2021_12_28/19co3fig2_20211228_164200_6541215905_600_800.png,19co3fig2_20211228_164200_6541215905_600_800_mask.png,rmulation  of this law
66,5,132,11,230,525,362,536,230,525,362,525,362,536,230,536,sub_line_text,text,text_6,courier,regular,10,19co3fig2_20211228_164200_6541215905_600_800.png,/scratch/parceirosbr/bigoilict/share/BigOil/document_generator/datasets/documents_2021_12_28/19co3fig2_20211228_164200_6541215905_600_800.png,19co3fig2_20211228_164200_6541215905_600_800_mask.png,is  usually  done in a
69,5,138,11,230,538,368,549,230,538,368,538,368,549,230,549,sub_line_text,text,text_6,courier,regular,10,19co3fig2_20211228_164200_6541215905_600_800.png,/scratch/parceirosbr/bigoilict/share/BigOil/document_generator/datasets/documents_2021_12_28/19co3fig2_20211228_164200_6541215905_600_800.png,19co3fig2_20211228_164200_6541215905_600_800_mask.png,"differential  form, th-"
69,5,138,11,230,551,368,562,230,551,368,551,368,562,230,562,sub_line_text,text,text_6,courier,regular,10,19co3fig2_20211228_164200_6541215905_600_800.png,/scratch/parceirosbr/bigoilict/share/BigOil/document_generator/datasets/documents_2021_12_28/19co3fig2_20211228_164200_6541215905_600_800.png,19co3fig2_20211228_164200_6541215905_600_800_mask.png,us  :. A melhor linhag-
66,5,132,11,230,564,362,575,230,564,362,564,362,575,230,575,sub_line_text,text,text_6,courier,regular,10,19co3fig2_20211228_164200_6541215905_600_800.png,/scratch/parceirosbr/bigoilict/share/BigOil/document_generator/datasets/documents_2021_12_28/19co3fig2_20211228_164200_6541215905_600_800.png,19co3fig2_20211228_164200_6541215905_600_800_mask.png,em para produção de 1.
69,38,138,76,230,499,368,575,230,499,368,499,368,575,230,575,text,text,text_6,courier,regular,10,19co3fig2_20211228_164200_6541215905_600_800.png,/scratch/parceirosbr/bigoilict/share/BigOil/document_generator/datasets/documents_2021_12_28/19co3fig2_20211228_164200_6541215905_600_800.png,19co3fig2_20211228_164200_6541215905_600_800_mask.png,nan
48,5,96,11,272,577,368,588,272,577,368,577,368,588,272,588,sub_line_text,text,text_7,courier,regular,10,19co3fig2_20211228_164200_6541215905_600_800.png,/scratch/parceirosbr/bigoilict/share/BigOil/document_generator/datasets/documents_2021_12_28/19co3fig2_20211228_164200_6541215905_600_800.png,19co3fig2_20211228_164200_6541215905_600_800_mask.png,No  estado endu-
66,5,132,11,230,590,362,601,230,590,362,590,362,601,230,601,sub_line_text,text,text_7,courier,regular,10,19co3fig2_20211228_164200_6541215905_600_800.png,/scratch/parceirosbr/bigoilict/share/BigOil/document_generator/datasets/documents_2021_12_28/19co3fig2_20211228_164200_6541215905_600_800.png,19co3fig2_20211228_164200_6541215905_600_800_mask.png,"recido,  as  pastas de"
69,5,138,11,230,603,368,614,230,603,368,603,368,614,230,614,sub_line_text,text,text_7,courier,regular,10,19co3fig2_20211228_164200_6541215905_600_800.png,/scratch/parceirosbr/bigoilict/share/BigOil/document_generator/datasets/documents_2021_12_28/19co3fig2_20211228_164200_6541215905_600_800.png,19co3fig2_20211228_164200_6541215905_600_800_mask.png,cimento  devem ser res-
69,5,138,11,230,616,368,627,230,616,368,616,368,627,230,627,sub_line_text,text,text_7,courier,regular,10,19co3fig2_20211228_164200_6541215905_600_800.png,/scratch/parceirosbr/bigoilict/share/BigOil/document_generator/datasets/documents_2021_12_28/19co3fig2_20211228_164200_6541215905_600_800.png,19co3fig2_20211228_164200_6541215905_600_800_mask.png,istentes  à migração de
69,5,138,11,230,629,368,640,230,629,368,629,368,640,230,640,sub_line_text,text,text_7,courier,regular,10,19co3fig2_20211228_164200_6541215905_600_800.png,/scratch/parceirosbr/bigoilict/share/BigOil/document_generator/datasets/documents_2021_12_28/19co3fig2_20211228_164200_6541215905_600_800.png,19co3fig2_20211228_164200_6541215905_600_800_mask.png,"fluidos,  tais como ág-"
69,5,138,11,230,642,368,653,230,642,368,642,368,653,230,653,sub_line_text,text,text_7,courier,regular,10,19co3fig2_20211228_164200_6541215905_600_800.png,/scratch/parceirosbr/bigoilict/share/BigOil/document_generator/datasets/documents_2021_12_28/19co3fig2_20211228_164200_6541215905_600_800.png,19co3fig2_20211228_164200_6541215905_600_800_mask.png,"ua  e gás, ter uma bai-"
69,5,138,11,230,655,368,666,230,655,368,655,368,666,230,666,sub_line_text,text,text_7,courier,regular,10,19co3fig2_20211228_164200_6541215905_600_800.png,/scratch/parceirosbr/bigoilict/share/BigOil/document_generator/datasets/documents_2021_12_28/19co3fig2_20211228_164200_6541215905_600_800.png,19co3fig2_20211228_164200_6541215905_600_800_mask.png,xa  permeabilidade e a-
66,5,132,11,230,668,362,679,230,668,362,668,362,679,230,679,sub_line_text,text,text_7,courier,regular,10,19co3fig2_20211228_164200_6541215905_600_800.png,/scratch/parceirosbr/bigoilict/share/BigOil/document_generator/datasets/documents_2021_12_28/19co3fig2_20211228_164200_6541215905_600_800.png,19co3fig2_20211228_164200_6541215905_600_800_mask.png,lta resistência nas c.
69,51,138,102,230,577,368,679,230,577,368,577,368,679,230,679,text,text,text_7,courier,regular,10,19co3fig2_20211228_164200_6541215905_600_800.png,/scratch/parceirosbr/bigoilict/share/BigOil/document_generator/datasets/documents_2021_12_28/19co3fig2_20211228_164200_6541215905_600_800.png,19co3fig2_20211228_164200_6541215905_600_800_mask.png,nan
48,5,96,11,272,681,368,692,272,681,368,681,368,692,272,692,sub_line_text,text,text_8,courier,regular,10,19co3fig2_20211228_164200_6541215905_600_800.png,/scratch/parceirosbr/bigoilict/share/BigOil/document_generator/datasets/documents_2021_12_28/19co3fig2_20211228_164200_6541215905_600_800.png,19co3fig2_20211228_164200_6541215905_600_800_mask.png,The  model of a-
69,5,138,11,230,694,368,705,230,694,368,694,368,705,230,705,sub_line_text,text,text_8,courier,regular,10,19co3fig2_20211228_164200_6541215905_600_800.png,/scratch/parceirosbr/bigoilict/share/BigOil/document_generator/datasets/documents_2021_12_28/19co3fig2_20211228_164200_6541215905_600_800.png,19co3fig2_20211228_164200_6541215905_600_800_mask.png,nd  of will be explain-
69,5,138,11,230,707,368,718,230,707,368,707,368,718,230,718,sub_line_text,text,text_8,courier,regular,10,19co3fig2_20211228_164200_6541215905_600_800.png,/scratch/parceirosbr/bigoilict/share/BigOil/document_generator/datasets/documents_2021_12_28/19co3fig2_20211228_164200_6541215905_600_800.png,19co3fig2_20211228_164200_6541215905_600_800_mask.png,ed  in more detail bel-
66,5,132,11,230,720,362,731,230,720,362,720,362,731,230,731,sub_line_text,text,text_8,courier,regular,10,19co3fig2_20211228_164200_6541215905_600_800.png,/scratch/parceirosbr/bigoilict/share/BigOil/document_generator/datasets/documents_2021_12_28/19co3fig2_20211228_164200_6541215905_600_800.png,19co3fig2_20211228_164200_6541215905_600_800_mask.png,ow. Abaixo é apresent.
69,25,138,50,230,681,368,731,230,681,368,681,368,731,230,731,text,text,text_8,courier,regular,10,19co3fig2_20211228_164200_6541215905_600_800.png,/scratch/parceirosbr/bigoilict/share/BigOil/document_generator/datasets/documents_2021_12_28/19co3fig2_20211228_164200_6541215905_600_800.png,19co3fig2_20211228_164200_6541215905_600_800_mask.png,nan
45,5,90,11,438,287,528,298,438,287,528,287,528,298,438,298,sub_line_text,text,text_9,courier,regular,10,19co3fig2_20211228_164200_6541215905_600_800.png,/scratch/parceirosbr/bigoilict/share/BigOil/document_generator/datasets/documents_2021_12_28/19co3fig2_20211228_164200_6541215905_600_800.png,19co3fig2_20211228_164200_6541215905_600_800_mask.png,Auctions   have
69,5,138,11,396,300,534,311,396,300,534,300,534,311,396,311,sub_line_text,text,text_9,courier,regular,10,19co3fig2_20211228_164200_6541215905_600_800.png,/scratch/parceirosbr/bigoilict/share/BigOil/document_generator/datasets/documents_2021_12_28/19co3fig2_20211228_164200_6541215905_600_800.png,19co3fig2_20211228_164200_6541215905_600_800_mask.png,traditionally  been po-
69,5,138,11,396,313,534,324,396,313,534,313,534,324,396,324,sub_line_text,text,text_9,courier,regular,10,19co3fig2_20211228_164200_6541215905_600_800.png,/scratch/parceirosbr/bigoilict/share/BigOil/document_generator/datasets/documents_2021_12_28/19co3fig2_20211228_164200_6541215905_600_800.png,19co3fig2_20211228_164200_6541215905_600_800_mask.png,pular  instruments amo-
69,5,138,11,396,326,534,337,396,326,534,326,534,337,396,337,sub_line_text,text,text_9,courier,regular,10,19co3fig2_20211228_164200_6541215905_600_800.png,/scratch/parceirosbr/bigoilict/share/BigOil/document_generator/datasets/documents_2021_12_28/19co3fig2_20211228_164200_6541215905_600_800.png,19co3fig2_20211228_164200_6541215905_600_800_mask.png,ng  governments both f-
69,5,138,11,396,339,534,350,396,339,534,339,534,350,396,350,sub_line_text,text,text_9,courier,regular,10,19co3fig2_20211228_164200_6541215905_600_800.png,/scratch/parceirosbr/bigoilict/share/BigOil/document_generator/datasets/documents_2021_12_28/19co3fig2_20211228_164200_6541215905_600_800.png,19co3fig2_20211228_164200_6541215905_600_800_mask.png,or  the sale of licens-
69,5,138,11,396,352,534,363,396,352,534,352,534,363,396,363,sub_line_text,text,text_9,courier,regular,10,19co3fig2_20211228_164200_6541215905_600_800.png,/scratch/parceirosbr/bigoilict/share/BigOil/document_generator/datasets/documents_2021_12_28/19co3fig2_20211228_164200_6541215905_600_800.png,19co3fig2_20211228_164200_6541215905_600_800_mask.png,es  or public concessi-
69,5,138,11,396,365,534,376,396,365,534,365,534,376,396,376,sub_line_text,text,text_9,courier,regular,10,19co3fig2_20211228_164200_6541215905_600_800.png,/scratch/parceirosbr/bigoilict/share/BigOil/document_generator/datasets/documents_2021_12_28/19co3fig2_20211228_164200_6541215905_600_800.png,19co3fig2_20211228_164200_6541215905_600_800_mask.png,ons  and for the opera-
66,5,132,11,396,378,528,389,396,378,528,378,528,389,396,389,sub_line_text,text,text_9,courier,regular,10,19co3fig2_20211228_164200_6541215905_600_800.png,/scratch/parceirosbr/bigoilict/share/BigOil/document_generator/datasets/documents_2021_12_28/19co3fig2_20211228_164200_6541215905_600_800.png,19co3fig2_20211228_164200_6541215905_600_800_mask.png,tion  of decentralized
69,5,138,11,396,391,534,402,396,391,534,391,534,402,396,402,sub_line_text,text,text_9,courier,regular,10,19co3fig2_20211228_164200_6541215905_600_800.png,/scratch/parceirosbr/bigoilict/share/BigOil/document_generator/datasets/documents_2021_12_28/19co3fig2_20211228_164200_6541215905_600_800.png,19co3fig2_20211228_164200_6541215905_600_800_mask.png,"markets,  going through"
69,5,138,11,396,404,534,415,396,404,534,404,534,415,396,415,sub_line_text,text,text_9,courier,regular,10,19co3fig2_20211228_164200_6541215905_600_800.png,/scratch/parceirosbr/bigoilict/share/BigOil/document_generator/datasets/documents_2021_12_28/19co3fig2_20211228_164200_6541215905_600_800.png,19co3fig2_20211228_164200_6541215905_600_800_mask.png,the  process of privat-
63,5,126,11,396,417,522,428,396,417,522,417,522,428,396,428,sub_line_text,text,text_9,courier,regular,10,19co3fig2_20211228_164200_6541215905_600_800.png,/scratch/parceirosbr/bigoilict/share/BigOil/document_generator/datasets/documents_2021_12_28/19co3fig2_20211228_164200_6541215905_600_800.png,19co3fig2_20211228_164200_6541215905_600_800_mask.png,ization of companies.
69,70,138,141,396,287,534,428,396,287,534,287,534,428,396,428,text,text,text_9,courier,regular,10,19co3fig2_20211228_164200_6541215905_600_800.png,/scratch/parceirosbr/bigoilict/share/BigOil/document_generator/datasets/documents_2021_12_28/19co3fig2_20211228_164200_6541215905_600_800.png,19co3fig2_20211228_164200_6541215905_600_800_mask.png,nan
48,5,96,11,438,430,534,441,438,430,534,430,534,441,438,441,sub_line_text,text,text_10,courier,regular,10,19co3fig2_20211228_164200_6541215905_600_800.png,/scratch/parceirosbr/bigoilict/share/BigOil/document_generator/datasets/documents_2021_12_28/19co3fig2_20211228_164200_6541215905_600_800.png,19co3fig2_20211228_164200_6541215905_600_800_mask.png,As  e se referem
69,5,138,11,396,443,534,454,396,443,534,443,534,454,396,454,sub_line_text,text,text_10,courier,regular,10,19co3fig2_20211228_164200_6541215905_600_800.png,/scratch/parceirosbr/bigoilict/share/BigOil/document_generator/datasets/documents_2021_12_28/19co3fig2_20211228_164200_6541215905_600_800.png,19co3fig2_20211228_164200_6541215905_600_800_mask.png,ao  respectivamente pa-
69,5,138,11,396,456,534,467,396,456,534,456,534,467,396,467,sub_line_text,text,text_10,courier,regular,10,19co3fig2_20211228_164200_6541215905_600_800.png,/scratch/parceirosbr/bigoilict/share/BigOil/document_generator/datasets/documents_2021_12_28/19co3fig2_20211228_164200_6541215905_600_800.png,19co3fig2_20211228_164200_6541215905_600_800_mask.png,ra  carbonilação de me-
69,5,138,11,396,469,534,480,396,469,534,469,534,480,396,480,sub_line_text,text,text_10,courier,regular,10,19co3fig2_20211228_164200_6541215905_600_800.png,/scratch/parceirosbr/bigoilict/share/BigOil/document_generator/datasets/documents_2021_12_28/19co3fig2_20211228_164200_6541215905_600_800.png,19co3fig2_20211228_164200_6541215905_600_800_mask.png,tanol  e oxidação de e-
69,5,138,11,396,482,534,493,396,482,534,482,534,493,396,493,sub_line_text,text,text_10,courier,regular,10,19co3fig2_20211228_164200_6541215905_600_800.png,/scratch/parceirosbr/bigoilict/share/BigOil/document_generator/datasets/documents_2021_12_28/19co3fig2_20211228_164200_6541215905_600_800.png,19co3fig2_20211228_164200_6541215905_600_800_mask.png,tanol.  As figuras 4-17
66,5,132,11,396,495,528,506,396,495,528,495,528,506,396,506,sub_line_text,text,text_10,courier,regular,10,19co3fig2_20211228_164200_6541215905_600_800.png,/scratch/parceirosbr/bigoilict/share/BigOil/document_generator/datasets/documents_2021_12_28/19co3fig2_20211228_164200_6541215905_600_800.png,19co3fig2_20211228_164200_6541215905_600_800_mask.png,e  4-18  mostra que na
66,5,132,11,396,508,528,519,396,508,528,508,528,519,396,519,sub_line_text,text,text_10,courier,regular,10,19co3fig2_20211228_164200_6541215905_600_800.png,/scratch/parceirosbr/bigoilict/share/BigOil/document_generator/datasets/documents_2021_12_28/19co3fig2_20211228_164200_6541215905_600_800.png,19co3fig2_20211228_164200_6541215905_600_800_mask.png,temperatura  média  do
66,5,132,11,396,521,528,532,396,521,528,521,528,532,396,532,sub_line_text,text,text_10,courier,regular,10,19co3fig2_20211228_164200_6541215905_600_800.png,/scratch/parceirosbr/bigoilict/share/BigOil/document_generator/datasets/documents_2021_12_28/19co3fig2_20211228_164200_6541215905_600_800.png,19co3fig2_20211228_164200_6541215905_600_800_mask.png,campo  d  o aumento da
69,5,138,11,396,534,534,545,396,534,534,534,534,545,396,545,sub_line_text,text,text_10,courier,regular,10,19co3fig2_20211228_164200_6541215905_600_800.png,/scratch/parceirosbr/bigoilict/share/BigOil/document_generator/datasets/documents_2021_12_28/19co3fig2_20211228_164200_6541215905_600_800.png,19co3fig2_20211228_164200_6541215905_600_800_mask.png,vazão  faz com que oco-
66,5,132,11,396,547,528,558,396,547,528,547,528,558,396,558,sub_line_text,text,text_10,courier,regular,10,19co3fig2_20211228_164200_6541215905_600_800.png,/scratch/parceirosbr/bigoilict/share/BigOil/document_generator/datasets/documents_2021_12_28/19co3fig2_20211228_164200_6541215905_600_800.png,19co3fig2_20211228_164200_6541215905_600_800_mask.png,rra um aumento da tem.
69,64,138,128,396,430,534,558,396,430,534,430,534,558,396,558,text,text,text_10,courier,regular,10,19co3fig2_20211228_164200_6541215905_600_800.png,/scratch/parceirosbr/bigoilict/share/BigOil/document_generator/datasets/documents_2021_12_28/19co3fig2_20211228_164200_6541215905_600_800.png,19co3fig2_20211228_164200_6541215905_600_800_mask.png,nan
48,5,96,11,438,560,534,571,438,560,534,560,534,571,438,571,sub_line_text,text,text_11,courier,regular,10,19co3fig2_20211228_164200_6541215905_600_800.png,/scratch/parceirosbr/bigoilict/share/BigOil/document_generator/datasets/documents_2021_12_28/19co3fig2_20211228_164200_6541215905_600_800.png,19co3fig2_20211228_164200_6541215905_600_800_mask.png,Federation  200-
69,5,138,11,396,573,534,584,396,573,534,573,534,584,396,584,sub_line_text,text,text_11,courier,regular,10,19co3fig2_20211228_164200_6541215905_600_800.png,/scratch/parceirosbr/bigoilict/share/BigOil/document_generator/datasets/documents_2021_12_28/19co3fig2_20211228_164200_6541215905_600_800.png,19co3fig2_20211228_164200_6541215905_600_800_mask.png,6-2015  1613.21. diesel
66,5,132,11,396,586,528,597,396,586,528,586,528,597,396,597,sub_line_text,text,text_11,courier,regular,10,19co3fig2_20211228_164200_6541215905_600_800.png,/scratch/parceirosbr/bigoilict/share/BigOil/document_generator/datasets/documents_2021_12_28/19co3fig2_20211228_164200_6541215905_600_800.png,19co3fig2_20211228_164200_6541215905_600_800_mask.png,"oil  to  the consumer,"
69,5,138,11,396,599,534,610,396,599,534,599,534,610,396,610,sub_line_text,text,text_11,courier,regular,10,19co3fig2_20211228_164200_6541215905_600_800.png,/scratch/parceirosbr/bigoilict/share/BigOil/document_generator/datasets/documents_2021_12_28/19co3fig2_20211228_164200_6541215905_600_800.png,19co3fig2_20211228_164200_6541215905_600_800_mask.png,according  to large re-
69,5,138,11,396,612,534,623,396,612,534,612,534,623,396,623,sub_line_text,text,text_11,courier,regular,10,19co3fig2_20211228_164200_6541215905_600_800.png,/scratch/parceirosbr/bigoilict/share/BigOil/document_generator/datasets/documents_2021_12_28/19co3fig2_20211228_164200_6541215905_600_800.png,19co3fig2_20211228_164200_6541215905_600_800_mask.png,gions  and units of th-
69,5,138,11,396,625,534,636,396,625,534,625,534,636,396,636,sub_line_text,text,text_11,courier,regular,10,19co3fig2_20211228_164200_6541215905_600_800.png,/scratch/parceirosbr/bigoilict/share/BigOil/document_generator/datasets/documents_2021_12_28/19co3fig2_20211228_164200_6541215905_600_800.png,19co3fig2_20211228_164200_6541215905_600_800_mask.png,e.  The greater the gr-
69,5,138,11,396,638,534,649,396,638,534,638,534,649,396,649,sub_line_text,text,text_11,courier,regular,10,19co3fig2_20211228_164200_6541215905_600_800.png,/scratch/parceirosbr/bigoilict/share/BigOil/document_generator/datasets/documents_2021_12_28/19co3fig2_20211228_164200_6541215905_600_800.png,19co3fig2_20211228_164200_6541215905_600_800_mask.png,eater  the porosity (it
69,5,138,11,396,651,534,662,396,651,534,651,534,662,396,662,sub_line_text,text,text_11,courier,regular,10,19co3fig2_20211228_164200_6541215905_600_800.png,/scratch/parceirosbr/bigoilict/share/BigOil/document_generator/datasets/documents_2021_12_28/19co3fig2_20211228_164200_6541215905_600_800.png,19co3fig2_20211228_164200_6541215905_600_800_mask.png,is  understood that the
66,5,132,11,396,664,528,675,396,664,528,664,528,675,396,675,sub_line_text,text,text_11,courier,regular,10,19co3fig2_20211228_164200_6541215905_600_800.png,/scratch/parceirosbr/bigoilict/share/BigOil/document_generator/datasets/documents_2021_12_28/19co3fig2_20211228_164200_6541215905_600_800.png,19co3fig2_20211228_164200_6541215905_600_800_mask.png,greater  the amount of
66,5,132,11,396,677,528,688,396,677,528,677,528,688,396,688,sub_line_text,text,text_11,courier,regular,10,19co3fig2_20211228_164200_6541215905_600_800.png,/scratch/parceirosbr/bigoilict/share/BigOil/document_generator/datasets/documents_2021_12_28/19co3fig2_20211228_164200_6541215905_600_800.png,19co3fig2_20211228_164200_6541215905_600_800_mask.png,"fluids).  No  entanto,"
69,5,138,11,396,690,534,701,396,690,534,690,534,701,396,701,sub_line_text,text,text_11,courier,regular,10,19co3fig2_20211228_164200_6541215905_600_800.png,/scratch/parceirosbr/bigoilict/share/BigOil/document_generator/datasets/documents_2021_12_28/19co3fig2_20211228_164200_6541215905_600_800.png,19co3fig2_20211228_164200_6541215905_600_800_mask.png,com a redução do preço.
69,70,138,141,396,560,534,701,396,560,534,560,534,701,396,701,text,text,text_11,courier,regular,10,19co3fig2_20211228_164200_6541215905_600_800.png,/scratch/parceirosbr/bigoilict/share/BigOil/document_generator/datasets/documents_2021_12_28/19co3fig2_20211228_164200_6541215905_600_800.png,19co3fig2_20211228_164200_6541215905_600_800_mask.png,nan
48,5,96,11,438,703,534,714,438,703,534,703,534,714,438,714,sub_line_text,text,text_12,courier,regular,10,19co3fig2_20211228_164200_6541215905_600_800.png,/scratch/parceirosbr/bigoilict/share/BigOil/document_generator/datasets/documents_2021_12_28/19co3fig2_20211228_164200_6541215905_600_800.png,19co3fig2_20211228_164200_6541215905_600_800_mask.png,No  7 é possível
66,5,132,11,396,716,528,727,396,716,528,716,528,727,396,727,sub_line_text,text,text_12,courier,regular,10,19co3fig2_20211228_164200_6541215905_600_800.png,/scratch/parceirosbr/bigoilict/share/BigOil/document_generator/datasets/documents_2021_12_28/19co3fig2_20211228_164200_6541215905_600_800.png,19co3fig2_20211228_164200_6541215905_600_800_mask.png,comparar  o  número de
69,5,138,11,396,729,534,740,396,729,534,729,534,740,396,740,sub_line_text,text,text_12,courier,regular,10,19co3fig2_20211228_164200_6541215905_600_800.png,/scratch/parceirosbr/bigoilict/share/BigOil/document_generator/datasets/documents_2021_12_28/19co3fig2_20211228_164200_6541215905_600_800.png,19co3fig2_20211228_164200_6541215905_600_800_mask.png,amostras não conformes.
69,18,138,37,396,703,534,740,396,703,534,703,534,740,396,740,text,text,text_12,courier,regular,10,19co3fig2_20211228_164200_6541215905_600_800.png,/scratch/parceirosbr/bigoilict/share/BigOil/document_generator/datasets/documents_2021_12_28/19co3fig2_20211228_164200_6541215905_600_800.png,19co3fig2_20211228_164200_6541215905_600_800_mask.png,nan
