center_x,center_y,width,height,xmin,ymin,xmax,ymax,top_left_x,top_left_y,top_right_x,top_right_y,bottom_right_x,bottom_right_y,bottom_left_x,bottom_left_y,label,grouplabel,group,text_font,text_style,size_font,filename,path,filename_mask,content
300,400,600,800,0,0,600,800,0,0,600,0,600,800,0,800,document,,,,,,19co3fig2_20211228_164150_2671090571_600_800.png,/scratch/parceirosbr/bigoilict/share/BigOil/document_generator/datasets/documents_2021_12_28/19co3fig2_20211228_164150_2671090571_600_800.png,19co3fig2_20211228_164150_2671090571_600_800_mask.png,
104,59,208,118,69,522,277,640,69,522,277,522,277,640,69,640,table,table_image,table_0,,,,19co3fig2_20211228_164150_2671090571_600_800.png,/scratch/parceirosbr/bigoilict/share/BigOil/document_generator/datasets/documents_2021_12_28/19co3fig2_20211228_164150_2671090571_600_800.png,19co3fig2_20211228_164150_2671090571_600_800_mask.png,output/gen_tab_20211228_164150_3742120947.png
24,6,49,12,81,525,130,537,81,525,130,525,130,537,81,537,text,table_text,table_0,opensans,italic,10.0,19co3fig2_20211228_164150_2671090571_600_800.png,/scratch/parceirosbr/bigoilict/share/BigOil/document_generator/datasets/documents_2021_12_28/19co3fig2_20211228_164150_2671090571_600_800.png,19co3fig2_20211228_164150_2671090571_600_800_mask.png,indefinição
24,6,49,12,81,525,130,537,81,525,130,525,130,537,81,537,sub_line_text,table_text,table_0,opensans,italic,10.0,19co3fig2_20211228_164150_2671090571_600_800.png,/scratch/parceirosbr/bigoilict/share/BigOil/document_generator/datasets/documents_2021_12_28/19co3fig2_20211228_164150_2671090571_600_800.png,19co3fig2_20211228_164150_2671090571_600_800_mask.png,indefinição
8,6,16,12,115,539,131,551,115,539,131,539,131,551,115,551,text,table_text,table_0,opensans,italic,10.0,19co3fig2_20211228_164150_2671090571_600_800.png,/scratch/parceirosbr/bigoilict/share/BigOil/document_generator/datasets/documents_2021_12_28/19co3fig2_20211228_164150_2671090571_600_800.png,19co3fig2_20211228_164150_2671090571_600_800_mask.png,das
8,6,16,12,115,539,131,551,115,539,131,539,131,551,115,551,sub_line_text,table_text,table_0,opensans,italic,10.0,19co3fig2_20211228_164150_2671090571_600_800.png,/scratch/parceirosbr/bigoilict/share/BigOil/document_generator/datasets/documents_2021_12_28/19co3fig2_20211228_164150_2671090571_600_800.png,19co3fig2_20211228_164150_2671090571_600_800_mask.png,das
20,6,40,12,91,557,131,569,91,557,131,557,131,569,91,569,text,table_text,table_0,opensans,italic,10.0,19co3fig2_20211228_164150_2671090571_600_800.png,/scratch/parceirosbr/bigoilict/share/BigOil/document_generator/datasets/documents_2021_12_28/19co3fig2_20211228_164150_2671090571_600_800.png,19co3fig2_20211228_164150_2671090571_600_800_mask.png,5194496
20,6,40,12,91,557,131,569,91,557,131,557,131,569,91,569,sub_line_text,table_text,table_0,opensans,italic,10.0,19co3fig2_20211228_164150_2671090571_600_800.png,/scratch/parceirosbr/bigoilict/share/BigOil/document_generator/datasets/documents_2021_12_28/19co3fig2_20211228_164150_2671090571_600_800.png,19co3fig2_20211228_164150_2671090571_600_800_mask.png,5194496
20,6,40,12,91,572,131,584,91,572,131,572,131,584,91,584,text,table_text,table_0,opensans,italic,10.0,19co3fig2_20211228_164150_2671090571_600_800.png,/scratch/parceirosbr/bigoilict/share/BigOil/document_generator/datasets/documents_2021_12_28/19co3fig2_20211228_164150_2671090571_600_800.png,19co3fig2_20211228_164150_2671090571_600_800_mask.png,6258558
20,6,40,12,91,572,131,584,91,572,131,572,131,584,91,584,sub_line_text,table_text,table_0,opensans,italic,10.0,19co3fig2_20211228_164150_2671090571_600_800.png,/scratch/parceirosbr/bigoilict/share/BigOil/document_generator/datasets/documents_2021_12_28/19co3fig2_20211228_164150_2671090571_600_800.png,19co3fig2_20211228_164150_2671090571_600_800_mask.png,6258558
20,6,40,12,91,588,131,600,91,588,131,588,131,600,91,600,text,table_text,table_0,opensans,italic,10.0,19co3fig2_20211228_164150_2671090571_600_800.png,/scratch/parceirosbr/bigoilict/share/BigOil/document_generator/datasets/documents_2021_12_28/19co3fig2_20211228_164150_2671090571_600_800.png,19co3fig2_20211228_164150_2671090571_600_800_mask.png,3474719
20,6,40,12,91,588,131,600,91,588,131,588,131,600,91,600,sub_line_text,table_text,table_0,opensans,italic,10.0,19co3fig2_20211228_164150_2671090571_600_800.png,/scratch/parceirosbr/bigoilict/share/BigOil/document_generator/datasets/documents_2021_12_28/19co3fig2_20211228_164150_2671090571_600_800.png,19co3fig2_20211228_164150_2671090571_600_800_mask.png,3474719
20,6,40,12,91,603,131,615,91,603,131,603,131,615,91,615,text,table_text,table_0,opensans,italic,10.0,19co3fig2_20211228_164150_2671090571_600_800.png,/scratch/parceirosbr/bigoilict/share/BigOil/document_generator/datasets/documents_2021_12_28/19co3fig2_20211228_164150_2671090571_600_800.png,19co3fig2_20211228_164150_2671090571_600_800_mask.png,6111830
20,6,40,12,91,603,131,615,91,603,131,603,131,615,91,615,sub_line_text,table_text,table_0,opensans,italic,10.0,19co3fig2_20211228_164150_2671090571_600_800.png,/scratch/parceirosbr/bigoilict/share/BigOil/document_generator/datasets/documents_2021_12_28/19co3fig2_20211228_164150_2671090571_600_800.png,19co3fig2_20211228_164150_2671090571_600_800_mask.png,6111830
20,6,40,12,91,618,131,630,91,618,131,618,131,630,91,630,text,table_text,table_0,opensans,regular,10.0,19co3fig2_20211228_164150_2671090571_600_800.png,/scratch/parceirosbr/bigoilict/share/BigOil/document_generator/datasets/documents_2021_12_28/19co3fig2_20211228_164150_2671090571_600_800.png,19co3fig2_20211228_164150_2671090571_600_800_mask.png,6909553
20,6,40,12,91,618,131,630,91,618,131,618,131,630,91,630,sub_line_text,table_text,table_0,opensans,regular,10.0,19co3fig2_20211228_164150_2671090571_600_800.png,/scratch/parceirosbr/bigoilict/share/BigOil/document_generator/datasets/documents_2021_12_28/19co3fig2_20211228_164150_2671090571_600_800.png,19co3fig2_20211228_164150_2671090571_600_800_mask.png,6909553
18,6,36,12,235,525,271,537,235,525,271,525,271,537,235,537,text,table_text,table_0,opensans,italic,10.0,19co3fig2_20211228_164150_2671090571_600_800.png,/scratch/parceirosbr/bigoilict/share/BigOil/document_generator/datasets/documents_2021_12_28/19co3fig2_20211228_164150_2671090571_600_800.png,19co3fig2_20211228_164150_2671090571_600_800_mask.png,também
18,6,36,12,235,525,271,537,235,525,271,525,271,537,235,537,sub_line_text,table_text,table_0,opensans,italic,10.0,19co3fig2_20211228_164150_2671090571_600_800.png,/scratch/parceirosbr/bigoilict/share/BigOil/document_generator/datasets/documents_2021_12_28/19co3fig2_20211228_164150_2671090571_600_800.png,19co3fig2_20211228_164150_2671090571_600_800_mask.png,também
32,6,64,12,207,539,271,551,207,539,271,539,271,551,207,551,text,table_text,table_0,opensans,italic,10.0,19co3fig2_20211228_164150_2671090571_600_800.png,/scratch/parceirosbr/bigoilict/share/BigOil/document_generator/datasets/documents_2021_12_28/19co3fig2_20211228_164150_2671090571_600_800.png,19co3fig2_20211228_164150_2671090571_600_800_mask.png,características
32,6,64,12,207,539,271,551,207,539,271,539,271,551,207,551,sub_line_text,table_text,table_0,opensans,italic,10.0,19co3fig2_20211228_164150_2671090571_600_800.png,/scratch/parceirosbr/bigoilict/share/BigOil/document_generator/datasets/documents_2021_12_28/19co3fig2_20211228_164150_2671090571_600_800.png,19co3fig2_20211228_164150_2671090571_600_800_mask.png,características
24,6,48,12,223,557,271,569,223,557,271,557,271,569,223,569,text,table_text,table_0,opensans,italic,10.0,19co3fig2_20211228_164150_2671090571_600_800.png,/scratch/parceirosbr/bigoilict/share/BigOil/document_generator/datasets/documents_2021_12_28/19co3fig2_20211228_164150_2671090571_600_800.png,19co3fig2_20211228_164150_2671090571_600_800_mask.png,3483.7511
24,6,48,12,223,557,271,569,223,557,271,557,271,569,223,569,sub_line_text,table_text,table_0,opensans,italic,10.0,19co3fig2_20211228_164150_2671090571_600_800.png,/scratch/parceirosbr/bigoilict/share/BigOil/document_generator/datasets/documents_2021_12_28/19co3fig2_20211228_164150_2671090571_600_800.png,19co3fig2_20211228_164150_2671090571_600_800_mask.png,3483.7511
35,6,71,12,200,572,271,584,200,572,271,572,271,584,200,584,text,table_text,table_0,opensans,italic,10.0,19co3fig2_20211228_164150_2671090571_600_800.png,/scratch/parceirosbr/bigoilict/share/BigOil/document_generator/datasets/documents_2021_12_28/19co3fig2_20211228_164150_2671090571_600_800.png,19co3fig2_20211228_164150_2671090571_600_800_mask.png,52294500.8213
35,6,71,12,200,572,271,584,200,572,271,572,271,584,200,584,sub_line_text,table_text,table_0,opensans,italic,10.0,19co3fig2_20211228_164150_2671090571_600_800.png,/scratch/parceirosbr/bigoilict/share/BigOil/document_generator/datasets/documents_2021_12_28/19co3fig2_20211228_164150_2671090571_600_800.png,19co3fig2_20211228_164150_2671090571_600_800_mask.png,52294500.8213
33,6,66,12,206,588,272,600,206,588,272,588,272,600,206,600,text,table_text,table_0,opensans,italic,10.0,19co3fig2_20211228_164150_2671090571_600_800.png,/scratch/parceirosbr/bigoilict/share/BigOil/document_generator/datasets/documents_2021_12_28/19co3fig2_20211228_164150_2671090571_600_800.png,19co3fig2_20211228_164150_2671090571_600_800_mask.png,8702283.3089
33,6,66,12,206,588,272,600,206,588,272,588,272,600,206,600,sub_line_text,table_text,table_0,opensans,italic,10.0,19co3fig2_20211228_164150_2671090571_600_800.png,/scratch/parceirosbr/bigoilict/share/BigOil/document_generator/datasets/documents_2021_12_28/19co3fig2_20211228_164150_2671090571_600_800.png,19co3fig2_20211228_164150_2671090571_600_800_mask.png,8702283.3089
30,6,60,12,211,603,271,615,211,603,271,603,271,615,211,615,text,table_text,table_0,opensans,italic,10.0,19co3fig2_20211228_164150_2671090571_600_800.png,/scratch/parceirosbr/bigoilict/share/BigOil/document_generator/datasets/documents_2021_12_28/19co3fig2_20211228_164150_2671090571_600_800.png,19co3fig2_20211228_164150_2671090571_600_800_mask.png,857157.5156
30,6,60,12,211,603,271,615,211,603,271,603,271,615,211,615,sub_line_text,table_text,table_0,opensans,italic,10.0,19co3fig2_20211228_164150_2671090571_600_800.png,/scratch/parceirosbr/bigoilict/share/BigOil/document_generator/datasets/documents_2021_12_28/19co3fig2_20211228_164150_2671090571_600_800.png,19co3fig2_20211228_164150_2671090571_600_800_mask.png,857157.5156
33,6,66,12,206,618,272,630,206,618,272,618,272,630,206,630,text,table_text,table_0,opensans,regular,10.0,19co3fig2_20211228_164150_2671090571_600_800.png,/scratch/parceirosbr/bigoilict/share/BigOil/document_generator/datasets/documents_2021_12_28/19co3fig2_20211228_164150_2671090571_600_800.png,19co3fig2_20211228_164150_2671090571_600_800_mask.png,9721488.5948
33,6,66,12,206,618,272,630,206,618,272,618,272,630,206,630,sub_line_text,table_text,table_0,opensans,regular,10.0,19co3fig2_20211228_164150_2671090571_600_800.png,/scratch/parceirosbr/bigoilict/share/BigOil/document_generator/datasets/documents_2021_12_28/19co3fig2_20211228_164150_2671090571_600_800.png,19co3fig2_20211228_164150_2671090571_600_800_mask.png,9721488.5948
81,5,163,11,65,645,228,656,65,645,228,645,228,656,65,656,sub_line_text,table_legend,table_0,raleway,bolditalic,9,19co3fig2_20211228_164150_2671090571_600_800.png,/scratch/parceirosbr/bigoilict/share/BigOil/document_generator/datasets/documents_2021_12_28/19co3fig2_20211228_164150_2671090571_600_800.png,19co3fig2_20211228_164150_2671090571_600_800_mask.png,Tabela    130:      Tal   ocorre   na   região
81,5,163,11,65,662,228,673,65,662,228,662,228,673,65,673,sub_line_text,table_legend,table_0,raleway,bolditalic,9,19co3fig2_20211228_164150_2671090571_600_800.png,/scratch/parceirosbr/bigoilict/share/BigOil/document_generator/datasets/documents_2021_12_28/19co3fig2_20211228_164150_2671090571_600_800.png,19co3fig2_20211228_164150_2671090571_600_800_mask.png,"adotada,    que   tem   como   caracterí-"
81,5,163,11,65,679,228,690,65,679,228,679,228,690,65,690,sub_line_text,table_legend,table_0,raleway,bolditalic,9,19co3fig2_20211228_164150_2671090571_600_800.png,/scratch/parceirosbr/bigoilict/share/BigOil/document_generator/datasets/documents_2021_12_28/19co3fig2_20211228_164150_2671090571_600_800.png,19co3fig2_20211228_164150_2671090571_600_800_mask.png,stica    marcante    os    períodos   de   c-
67,5,134,11,65,696,199,707,65,696,199,696,199,707,65,707,sub_line_text,table_legend,table_0,raleway,bolditalic,9,19co3fig2_20211228_164150_2671090571_600_800.png,/scratch/parceirosbr/bigoilict/share/BigOil/document_generator/datasets/documents_2021_12_28/19co3fig2_20211228_164150_2671090571_600_800.png,19co3fig2_20211228_164150_2671090571_600_800_mask.png,"heias e estiagem bem definidos,"
81,31,163,62,65,645,228,707,65,645,228,645,228,707,65,707,text,table_legend,table_0,raleway,bolditalic,9,19co3fig2_20211228_164150_2671090571_600_800.png,/scratch/parceirosbr/bigoilict/share/BigOil/document_generator/datasets/documents_2021_12_28/19co3fig2_20211228_164150_2671090571_600_800.png,19co3fig2_20211228_164150_2671090571_600_800_mask.png,nan
108,64,217,129,312,562,529,691,312,562,529,562,529,691,312,691,image,figure_image,figure_0,,,,19co3fig2_20211228_164150_2671090571_600_800.png,/scratch/parceirosbr/bigoilict/share/BigOil/document_generator/datasets/documents_2021_12_28/19co3fig2_20211228_164150_2671090571_600_800.png,19co3fig2_20211228_164150_2671090571_600_800_mask.png,output/gen_img_20211228_164151_9751684315.png
4,-3,8,-7,454,631,462,624,454,622,464,631,462,634,452,624,text,figure_text,figure_0,,,,19co3fig2_20211228_164150_2671090571_600_800.png,/scratch/parceirosbr/bigoilict/share/BigOil/document_generator/datasets/documents_2021_12_28/19co3fig2_20211228_164150_2671090571_600_800.png,19co3fig2_20211228_164150_2671090571_600_800_mask.png,-1938.12%
4,-3,8,-7,454,631,462,624,454,622,464,631,462,634,452,624,sub_line_text,figure_text,figure_0,,,,19co3fig2_20211228_164150_2671090571_600_800.png,/scratch/parceirosbr/bigoilict/share/BigOil/document_generator/datasets/documents_2021_12_28/19co3fig2_20211228_164150_2671090571_600_800.png,19co3fig2_20211228_164150_2671090571_600_800_mask.png,-1938.12%
0,-2,1,-4,523,570,524,566,523,564,527,570,524,572,520,566,text,figure_text,figure_0,,,,19co3fig2_20211228_164150_2671090571_600_800.png,/scratch/parceirosbr/bigoilict/share/BigOil/document_generator/datasets/documents_2021_12_28/19co3fig2_20211228_164150_2671090571_600_800.png,19co3fig2_20211228_164150_2671090571_600_800_mask.png,139.5
0,-2,1,-4,523,570,524,566,523,564,527,570,524,572,520,566,sub_line_text,figure_text,figure_0,,,,19co3fig2_20211228_164150_2671090571_600_800.png,/scratch/parceirosbr/bigoilict/share/BigOil/document_generator/datasets/documents_2021_12_28/19co3fig2_20211228_164150_2671090571_600_800.png,19co3fig2_20211228_164150_2671090571_600_800_mask.png,139.5
2,-1,5,-3,512,679,517,676,512,673,519,679,517,681,510,676,text,figure_text,figure_0,,,,19co3fig2_20211228_164150_2671090571_600_800.png,/scratch/parceirosbr/bigoilict/share/BigOil/document_generator/datasets/documents_2021_12_28/19co3fig2_20211228_164150_2671090571_600_800.png,19co3fig2_20211228_164150_2671090571_600_800_mask.png,-4612%
2,-1,5,-3,512,679,517,676,512,673,519,679,517,681,510,676,sub_line_text,figure_text,figure_0,,,,19co3fig2_20211228_164150_2671090571_600_800.png,/scratch/parceirosbr/bigoilict/share/BigOil/document_generator/datasets/documents_2021_12_28/19co3fig2_20211228_164150_2671090571_600_800.png,19co3fig2_20211228_164150_2671090571_600_800_mask.png,-4612%
2,-4,5,-8,449,663,454,655,449,654,457,663,454,665,447,655,text,figure_text,figure_0,,,,19co3fig2_20211228_164150_2671090571_600_800.png,/scratch/parceirosbr/bigoilict/share/BigOil/document_generator/datasets/documents_2021_12_28/19co3fig2_20211228_164150_2671090571_600_800.png,19co3fig2_20211228_164150_2671090571_600_800_mask.png,-1973.3%
2,-4,5,-8,449,663,454,655,449,654,457,663,454,665,447,655,sub_line_text,figure_text,figure_0,,,,19co3fig2_20211228_164150_2671090571_600_800.png,/scratch/parceirosbr/bigoilict/share/BigOil/document_generator/datasets/documents_2021_12_28/19co3fig2_20211228_164150_2671090571_600_800.png,19co3fig2_20211228_164150_2671090571_600_800_mask.png,-1973.3%
5,-5,11,-10,472,634,483,624,472,621,486,634,483,637,470,624,text,figure_text,figure_0,,,,19co3fig2_20211228_164150_2671090571_600_800.png,/scratch/parceirosbr/bigoilict/share/BigOil/document_generator/datasets/documents_2021_12_28/19co3fig2_20211228_164150_2671090571_600_800.png,19co3fig2_20211228_164150_2671090571_600_800_mask.png,Frequency [Hz]
5,-5,11,-10,472,634,483,624,472,621,486,634,483,637,470,624,sub_line_text,figure_text,figure_0,,,,19co3fig2_20211228_164150_2671090571_600_800.png,/scratch/parceirosbr/bigoilict/share/BigOil/document_generator/datasets/documents_2021_12_28/19co3fig2_20211228_164150_2671090571_600_800.png,19co3fig2_20211228_164150_2671090571_600_800_mask.png,Frequency [Hz]
1,-3,2,-6,343,592,345,586,343,584,348,592,345,593,340,586,text,figure_text,figure_0,,,,19co3fig2_20211228_164150_2671090571_600_800.png,/scratch/parceirosbr/bigoilict/share/BigOil/document_generator/datasets/documents_2021_12_28/19co3fig2_20211228_164150_2671090571_600_800.png,19co3fig2_20211228_164150_2671090571_600_800_mask.png,-9905%
1,-3,2,-6,343,592,345,586,343,584,348,592,345,593,340,586,sub_line_text,figure_text,figure_0,,,,19co3fig2_20211228_164150_2671090571_600_800.png,/scratch/parceirosbr/bigoilict/share/BigOil/document_generator/datasets/documents_2021_12_28/19co3fig2_20211228_164150_2671090571_600_800.png,19co3fig2_20211228_164150_2671090571_600_800_mask.png,-9905%
74,5,148,11,312,696,460,707,312,696,460,696,460,707,312,707,sub_line_text,figure_legend,figure_0,raleway,bolditalic,9,19co3fig2_20211228_164150_2671090571_600_800.png,/scratch/parceirosbr/bigoilict/share/BigOil/document_generator/datasets/documents_2021_12_28/19co3fig2_20211228_164150_2671090571_600_800.png,19co3fig2_20211228_164150_2671090571_600_800_mask.png,Figura 55:  Sendo que: mAG i é a ma
74,5,148,11,312,696,460,707,312,696,460,696,460,707,312,707,text,figure_legend,figure_0,raleway,bolditalic,9,19co3fig2_20211228_164150_2671090571_600_800.png,/scratch/parceirosbr/bigoilict/share/BigOil/document_generator/datasets/documents_2021_12_28/19co3fig2_20211228_164150_2671090571_600_800.png,19co3fig2_20211228_164150_2671090571_600_800_mask.png,nan
35,10,70,20,99,57,169,77,99,57,169,57,169,77,99,77,sub_line_text,subtitle,subtitle_0,raleway,italic,17,19co3fig2_20211228_164150_2671090571_600_800.png,/scratch/parceirosbr/bigoilict/share/BigOil/document_generator/datasets/documents_2021_12_28/19co3fig2_20211228_164150_2671090571_600_800.png,19co3fig2_20211228_164150_2671090571_600_800_mask.png,Variáveis
35,10,70,20,99,57,169,77,99,57,169,57,169,77,99,77,title,subtitle,subtitle_0,raleway,italic,17,19co3fig2_20211228_164150_2671090571_600_800.png,/scratch/parceirosbr/bigoilict/share/BigOil/document_generator/datasets/documents_2021_12_28/19co3fig2_20211228_164150_2671090571_600_800.png,19co3fig2_20211228_164150_2671090571_600_800_mask.png,nan
56,6,112,12,86,88,198,100,86,88,198,88,198,100,86,100,sub_line_text,text,text_0,raleway,regular,10,19co3fig2_20211228_164150_2671090571_600_800.png,/scratch/parceirosbr/bigoilict/share/BigOil/document_generator/datasets/documents_2021_12_28/19co3fig2_20211228_164150_2671090571_600_800.png,19co3fig2_20211228_164150_2671090571_600_800_mask.png,Será  ainda  analisado  o
67,6,135,12,65,106,200,118,65,106,200,106,200,118,65,118,sub_line_text,text,text_0,raleway,regular,10,19co3fig2_20211228_164150_2671090571_600_800.png,/scratch/parceirosbr/bigoilict/share/BigOil/document_generator/datasets/documents_2021_12_28/19co3fig2_20211228_164150_2671090571_600_800.png,19co3fig2_20211228_164150_2671090571_600_800_mask.png,comportamento   das   linhas
66,6,133,12,65,124,198,136,65,124,198,124,198,136,65,136,sub_line_text,text,text_0,raleway,regular,10,19co3fig2_20211228_164150_2671090571_600_800.png,/scratch/parceirosbr/bigoilict/share/BigOil/document_generator/datasets/documents_2021_12_28/19co3fig2_20211228_164150_2671090571_600_800.png,19co3fig2_20211228_164150_2671090571_600_800_mask.png,de  corrente do escoamento
67,6,134,12,65,142,199,154,65,142,199,142,199,154,65,154,sub_line_text,text,text_0,raleway,regular,10,19co3fig2_20211228_164150_2671090571_600_800.png,/scratch/parceirosbr/bigoilict/share/BigOil/document_generator/datasets/documents_2021_12_28/19co3fig2_20211228_164150_2671090571_600_800.png,19co3fig2_20211228_164150_2671090571_600_800_mask.png,no  interior  do  rotor  da bo-
66,6,133,12,65,160,198,172,65,160,198,160,198,172,65,172,sub_line_text,text,text_0,raleway,regular,10,19co3fig2_20211228_164150_2671090571_600_800.png,/scratch/parceirosbr/bigoilict/share/BigOil/document_generator/datasets/documents_2021_12_28/19co3fig2_20211228_164150_2671090571_600_800.png,19co3fig2_20211228_164150_2671090571_600_800_mask.png,mba   para   diferentes  tipos
28,6,57,12,65,178,122,190,65,178,122,178,122,190,65,190,sub_line_text,text,text_0,raleway,regular,10,19co3fig2_20211228_164150_2671090571_600_800.png,/scratch/parceirosbr/bigoilict/share/BigOil/document_generator/datasets/documents_2021_12_28/19co3fig2_20211228_164150_2671090571_600_800.png,19co3fig2_20211228_164150_2671090571_600_800_mask.png,de petróleo.
67,51,135,102,65,88,200,190,65,88,200,88,200,190,65,190,text,text,text_0,raleway,regular,10,19co3fig2_20211228_164150_2671090571_600_800.png,/scratch/parceirosbr/bigoilict/share/BigOil/document_generator/datasets/documents_2021_12_28/19co3fig2_20211228_164150_2671090571_600_800.png,19co3fig2_20211228_164150_2671090571_600_800_mask.png,nan
20,8,40,16,114,196,154,212,114,196,154,196,154,212,114,212,sub_line_text,subsubtitle,subsubtitle_0,raleway,regular,13,19co3fig2_20211228_164150_2671090571_600_800.png,/scratch/parceirosbr/bigoilict/share/BigOil/document_generator/datasets/documents_2021_12_28/19co3fig2_20211228_164150_2671090571_600_800.png,19co3fig2_20211228_164150_2671090571_600_800_mask.png,Tendo
20,8,40,16,114,196,154,212,114,196,154,196,154,212,114,212,title,subsubtitle,subsubtitle_0,raleway,regular,13,19co3fig2_20211228_164150_2671090571_600_800.png,/scratch/parceirosbr/bigoilict/share/BigOil/document_generator/datasets/documents_2021_12_28/19co3fig2_20211228_164150_2671090571_600_800.png,19co3fig2_20211228_164150_2671090571_600_800_mask.png,nan
56,6,112,12,86,223,198,235,86,223,198,223,198,235,86,235,sub_line_text,text,text_1,raleway,regular,10,19co3fig2_20211228_164150_2671090571_600_800.png,/scratch/parceirosbr/bigoilict/share/BigOil/document_generator/datasets/documents_2021_12_28/19co3fig2_20211228_164150_2671090571_600_800.png,19co3fig2_20211228_164150_2671090571_600_800_mask.png,Para  garantir  o assenti-
67,6,134,12,65,241,199,253,65,241,199,241,199,253,65,253,sub_line_text,text,text_1,raleway,regular,10,19co3fig2_20211228_164150_2671090571_600_800.png,/scratch/parceirosbr/bigoilict/share/BigOil/document_generator/datasets/documents_2021_12_28/19co3fig2_20211228_164150_2671090571_600_800.png,19co3fig2_20211228_164150_2671090571_600_800_mask.png,mento  do público mais dire-
67,6,135,12,65,259,200,271,65,259,200,259,200,271,65,271,sub_line_text,text,text_1,raleway,regular,10,19co3fig2_20211228_164150_2671090571_600_800.png,/scratch/parceirosbr/bigoilict/share/BigOil/document_generator/datasets/documents_2021_12_28/19co3fig2_20211228_164150_2671090571_600_800.png,19co3fig2_20211228_164150_2671090571_600_800_mask.png,"tamente    envolvido,    serão"
67,6,134,12,65,277,199,289,65,277,199,277,199,289,65,289,sub_line_text,text,text_1,raleway,regular,10,19co3fig2_20211228_164150_2671090571_600_800.png,/scratch/parceirosbr/bigoilict/share/BigOil/document_generator/datasets/documents_2021_12_28/19co3fig2_20211228_164150_2671090571_600_800.png,19co3fig2_20211228_164150_2671090571_600_800_mask.png,necessárias  pesquisas mult-
66,6,133,12,65,295,198,307,65,295,198,295,198,307,65,307,sub_line_text,text,text_1,raleway,regular,10,19co3fig2_20211228_164150_2671090571_600_800.png,/scratch/parceirosbr/bigoilict/share/BigOil/document_generator/datasets/documents_2021_12_28/19co3fig2_20211228_164150_2671090571_600_800.png,19co3fig2_20211228_164150_2671090571_600_800_mask.png,idisciplinares  confiáveis  e  a
66,6,133,12,65,313,198,325,65,313,198,313,198,325,65,325,sub_line_text,text,text_1,raleway,regular,10,19co3fig2_20211228_164150_2671090571_600_800.png,/scratch/parceirosbr/bigoilict/share/BigOil/document_generator/datasets/documents_2021_12_28/19co3fig2_20211228_164150_2671090571_600_800.png,19co3fig2_20211228_164150_2671090571_600_800_mask.png,"compreensão,   tanto  dos  i-"
67,6,135,12,65,331,200,343,65,331,200,331,200,343,65,343,sub_line_text,text,text_1,raleway,regular,10,19co3fig2_20211228_164150_2671090571_600_800.png,/scratch/parceirosbr/bigoilict/share/BigOil/document_generator/datasets/documents_2021_12_28/19co3fig2_20211228_164150_2671090571_600_800.png,19co3fig2_20211228_164150_2671090571_600_800_mask.png,"mpactos   existentes,  quanto"
61,6,123,12,65,349,188,361,65,349,188,349,188,361,65,361,sub_line_text,text,text_1,raleway,regular,10,19co3fig2_20211228_164150_2671090571_600_800.png,/scratch/parceirosbr/bigoilict/share/BigOil/document_generator/datasets/documents_2021_12_28/19co3fig2_20211228_164150_2671090571_600_800.png,19co3fig2_20211228_164150_2671090571_600_800_mask.png,a previsão de impactos fut.
67,69,135,138,65,223,200,361,65,223,200,223,200,361,65,361,text,text,text_1,raleway,regular,10,19co3fig2_20211228_164150_2671090571_600_800.png,/scratch/parceirosbr/bigoilict/share/BigOil/document_generator/datasets/documents_2021_12_28/19co3fig2_20211228_164150_2671090571_600_800.png,19co3fig2_20211228_164150_2671090571_600_800_mask.png,nan
56,6,112,12,86,367,198,379,86,367,198,367,198,379,86,379,sub_line_text,text,text_2,raleway,regular,10,19co3fig2_20211228_164150_2671090571_600_800.png,/scratch/parceirosbr/bigoilict/share/BigOil/document_generator/datasets/documents_2021_12_28/19co3fig2_20211228_164150_2671090571_600_800.png,19co3fig2_20211228_164150_2671090571_600_800_mask.png,"Primeiramente,  vale re-"
66,6,133,12,65,385,198,397,65,385,198,385,198,397,65,397,sub_line_text,text,text_2,raleway,regular,10,19co3fig2_20211228_164150_2671090571_600_800.png,/scratch/parceirosbr/bigoilict/share/BigOil/document_generator/datasets/documents_2021_12_28/19co3fig2_20211228_164150_2671090571_600_800.png,19co3fig2_20211228_164150_2671090571_600_800_mask.png,ssaltar  que  esse  tipo de b-
66,6,133,12,65,403,198,415,65,403,198,403,198,415,65,415,sub_line_text,text,text_2,raleway,regular,10,19co3fig2_20211228_164150_2671090571_600_800.png,/scratch/parceirosbr/bigoilict/share/BigOil/document_generator/datasets/documents_2021_12_28/19co3fig2_20211228_164150_2671090571_600_800.png,19co3fig2_20211228_164150_2671090571_600_800_mask.png,omba  precisa ser previame-
66,6,133,12,65,421,198,433,65,421,198,421,198,433,65,433,sub_line_text,text,text_2,raleway,regular,10,19co3fig2_20211228_164150_2671090571_600_800.png,/scratch/parceirosbr/bigoilict/share/BigOil/document_generator/datasets/documents_2021_12_28/19co3fig2_20211228_164150_2671090571_600_800.png,19co3fig2_20211228_164150_2671090571_600_800_mask.png,nte  preenchida  com líquido
66,6,133,12,65,439,198,451,65,439,198,439,198,451,65,451,sub_line_text,text,text_2,raleway,regular,10,19co3fig2_20211228_164150_2671090571_600_800.png,/scratch/parceirosbr/bigoilict/share/BigOil/document_generator/datasets/documents_2021_12_28/19co3fig2_20211228_164150_2671090571_600_800.png,19co3fig2_20211228_164150_2671090571_600_800_mask.png,antes  de  entrar  em funcio-
62,6,125,12,65,457,190,469,65,457,190,457,190,469,65,469,sub_line_text,text,text_2,raleway,regular,10,19co3fig2_20211228_164150_2671090571_600_800.png,/scratch/parceirosbr/bigoilict/share/BigOil/document_generator/datasets/documents_2021_12_28/19co3fig2_20211228_164150_2671090571_600_800.png,19co3fig2_20211228_164150_2671090571_600_800_mask.png,"namento (escorvação), isto."
66,51,133,102,65,367,198,469,65,367,198,367,198,469,65,469,text,text,text_2,raleway,regular,10,19co3fig2_20211228_164150_2671090571_600_800.png,/scratch/parceirosbr/bigoilict/share/BigOil/document_generator/datasets/documents_2021_12_28/19co3fig2_20211228_164150_2671090571_600_800.png,19co3fig2_20211228_164150_2671090571_600_800_mask.png,nan
51,6,102,12,86,475,188,487,86,475,188,475,188,487,86,487,sub_line_text,text,text_3,raleway,regular,10,19co3fig2_20211228_164150_2671090571_600_800.png,/scratch/parceirosbr/bigoilict/share/BigOil/document_generator/datasets/documents_2021_12_28/19co3fig2_20211228_164150_2671090571_600_800.png,19co3fig2_20211228_164150_2671090571_600_800_mask.png,"Geralmente, a injeção."
51,6,102,12,86,475,188,487,86,475,188,475,188,487,86,487,text,text,text_3,raleway,regular,10,19co3fig2_20211228_164150_2671090571_600_800.png,/scratch/parceirosbr/bigoilict/share/BigOil/document_generator/datasets/documents_2021_12_28/19co3fig2_20211228_164150_2671090571_600_800.png,19co3fig2_20211228_164150_2671090571_600_800_mask.png,nan
57,6,114,12,248,57,362,69,248,57,362,57,362,69,248,69,sub_line_text,text,text_4,raleway,regular,10,19co3fig2_20211228_164150_2671090571_600_800.png,/scratch/parceirosbr/bigoilict/share/BigOil/document_generator/datasets/documents_2021_12_28/19co3fig2_20211228_164150_2671090571_600_800.png,19co3fig2_20211228_164150_2671090571_600_800_mask.png,Including:      production;
66,6,133,12,227,75,360,87,227,75,360,75,360,87,227,87,sub_line_text,text,text_4,raleway,regular,10,19co3fig2_20211228_164150_2671090571_600_800.png,/scratch/parceirosbr/bigoilict/share/BigOil/document_generator/datasets/documents_2021_12_28/19co3fig2_20211228_164150_2671090571_600_800.png,19co3fig2_20211228_164150_2671090571_600_800_mask.png,and  disposal of wastes/em-
67,6,134,12,227,93,361,105,227,93,361,93,361,105,227,105,sub_line_text,text,text_4,raleway,regular,10,19co3fig2_20211228_164150_2671090571_600_800.png,/scratch/parceirosbr/bigoilict/share/BigOil/document_generator/datasets/documents_2021_12_28/19co3fig2_20211228_164150_2671090571_600_800.png,19co3fig2_20211228_164150_2671090571_600_800_mask.png,"issions;  generation,  chemic-"
67,6,135,12,227,111,362,123,227,111,362,111,362,123,227,123,sub_line_text,text,text_4,raleway,regular,10,19co3fig2_20211228_164150_2671090571_600_800.png,/scratch/parceirosbr/bigoilict/share/BigOil/document_generator/datasets/documents_2021_12_28/19co3fig2_20211228_164150_2671090571_600_800.png,19co3fig2_20211228_164150_2671090571_600_800_mask.png,al  use and reservoir monito-
64,6,129,12,227,129,356,141,227,129,356,129,356,141,227,141,sub_line_text,text,text_4,raleway,regular,10,19co3fig2_20211228_164150_2671090571_600_800.png,/scratch/parceirosbr/bigoilict/share/BigOil/document_generator/datasets/documents_2021_12_28/19co3fig2_20211228_164150_2671090571_600_800.png,19co3fig2_20211228_164150_2671090571_600_800_mask.png,ring; monitoring and well in.
67,42,135,84,227,57,362,141,227,57,362,57,362,141,227,141,text,text,text_4,raleway,regular,10,19co3fig2_20211228_164150_2671090571_600_800.png,/scratch/parceirosbr/bigoilict/share/BigOil/document_generator/datasets/documents_2021_12_28/19co3fig2_20211228_164150_2671090571_600_800.png,19co3fig2_20211228_164150_2671090571_600_800_mask.png,nan
44,8,89,16,252,147,341,163,252,147,341,147,341,163,252,163,sub_line_text,subsubtitle,subsubtitle_1,raleway,regular,13,19co3fig2_20211228_164150_2671090571_600_800.png,/scratch/parceirosbr/bigoilict/share/BigOil/document_generator/datasets/documents_2021_12_28/19co3fig2_20211228_164150_2671090571_600_800.png,19co3fig2_20211228_164150_2671090571_600_800_mask.png,Levantamento
44,8,89,16,252,147,341,163,252,147,341,147,341,163,252,163,title,subsubtitle,subsubtitle_1,raleway,regular,13,19co3fig2_20211228_164150_2671090571_600_800.png,/scratch/parceirosbr/bigoilict/share/BigOil/document_generator/datasets/documents_2021_12_28/19co3fig2_20211228_164150_2671090571_600_800.png,19co3fig2_20211228_164150_2671090571_600_800_mask.png,nan
56,6,112,12,248,174,360,186,248,174,360,174,360,186,248,186,sub_line_text,text,text_5,raleway,regular,10,19co3fig2_20211228_164150_2671090571_600_800.png,/scratch/parceirosbr/bigoilict/share/BigOil/document_generator/datasets/documents_2021_12_28/19co3fig2_20211228_164150_2671090571_600_800.png,19co3fig2_20211228_164150_2671090571_600_800_mask.png,Os  poços  utilizados fo-
67,6,135,12,227,192,362,204,227,192,362,192,362,204,227,204,sub_line_text,text,text_5,raleway,regular,10,19co3fig2_20211228_164150_2671090571_600_800.png,/scratch/parceirosbr/bigoilict/share/BigOil/document_generator/datasets/documents_2021_12_28/19co3fig2_20211228_164150_2671090571_600_800.png,19co3fig2_20211228_164150_2671090571_600_800_mask.png,"ram:  5,  6A, 900/000 e 61. a-"
67,6,134,12,227,210,361,222,227,210,361,210,361,222,227,222,sub_line_text,text,text_5,raleway,regular,10,19co3fig2_20211228_164150_2671090571_600_800.png,/scratch/parceirosbr/bigoilict/share/BigOil/document_generator/datasets/documents_2021_12_28/19co3fig2_20211228_164150_2671090571_600_800.png,19co3fig2_20211228_164150_2671090571_600_800_mask.png,"nalisar  a  seção, nota-se cla-"
67,6,134,12,227,228,361,240,227,228,361,228,361,240,227,240,sub_line_text,text,text_5,raleway,regular,10,19co3fig2_20211228_164150_2671090571_600_800.png,/scratch/parceirosbr/bigoilict/share/BigOil/document_generator/datasets/documents_2021_12_28/19co3fig2_20211228_164150_2671090571_600_800.png,19co3fig2_20211228_164150_2671090571_600_800_mask.png,ramente  que  a  base  da no
66,6,133,12,227,246,360,258,227,246,360,246,360,258,227,258,sub_line_text,text,text_5,raleway,regular,10,19co3fig2_20211228_164150_2671090571_600_800.png,/scratch/parceirosbr/bigoilict/share/BigOil/document_generator/datasets/documents_2021_12_28/19co3fig2_20211228_164150_2671090571_600_800.png,19co3fig2_20211228_164150_2671090571_600_800_mask.png,poço  6A  se  encontra  mais
63,6,127,12,227,264,354,276,227,264,354,264,354,276,227,276,sub_line_text,text,text_5,raleway,regular,10,19co3fig2_20211228_164150_2671090571_600_800.png,/scratch/parceirosbr/bigoilict/share/BigOil/document_generator/datasets/documents_2021_12_28/19co3fig2_20211228_164150_2671090571_600_800.png,19co3fig2_20211228_164150_2671090571_600_800_mask.png,elevada em relação aos po.
67,51,135,102,227,174,362,276,227,174,362,174,362,276,227,276,text,text,text_5,raleway,regular,10,19co3fig2_20211228_164150_2671090571_600_800.png,/scratch/parceirosbr/bigoilict/share/BigOil/document_generator/datasets/documents_2021_12_28/19co3fig2_20211228_164150_2671090571_600_800.png,19co3fig2_20211228_164150_2671090571_600_800_mask.png,nan
57,6,114,12,248,282,362,294,248,282,362,282,362,294,248,294,sub_line_text,text,text_6,raleway,regular,10,19co3fig2_20211228_164150_2671090571_600_800.png,/scratch/parceirosbr/bigoilict/share/BigOil/document_generator/datasets/documents_2021_12_28/19co3fig2_20211228_164150_2671090571_600_800.png,19co3fig2_20211228_164150_2671090571_600_800_mask.png,GRÁFICO   3  percentual
67,6,134,12,227,300,361,312,227,300,361,300,361,312,227,312,sub_line_text,text,text_6,raleway,regular,10,19co3fig2_20211228_164150_2671090571_600_800.png,/scratch/parceirosbr/bigoilict/share/BigOil/document_generator/datasets/documents_2021_12_28/19co3fig2_20211228_164150_2671090571_600_800.png,19co3fig2_20211228_164150_2671090571_600_800_mask.png,das  irregularidades  verifica-
67,6,135,12,227,318,362,330,227,318,362,318,362,330,227,330,sub_line_text,text,text_6,raleway,regular,10,19co3fig2_20211228_164150_2671090571_600_800.png,/scratch/parceirosbr/bigoilict/share/BigOil/document_generator/datasets/documents_2021_12_28/19co3fig2_20211228_164150_2671090571_600_800.png,19co3fig2_20211228_164150_2671090571_600_800_mask.png,das  nas  amostras de gasoli-
67,6,134,12,227,336,361,348,227,336,361,336,361,348,227,348,sub_line_text,text,text_6,raleway,regular,10,19co3fig2_20211228_164150_2671090571_600_800.png,/scratch/parceirosbr/bigoilict/share/BigOil/document_generator/datasets/documents_2021_12_28/19co3fig2_20211228_164150_2671090571_600_800.png,19co3fig2_20211228_164150_2671090571_600_800_mask.png,na  não  conformes com a e-
28,6,57,12,227,354,284,366,227,354,284,354,284,366,227,366,sub_line_text,text,text_6,raleway,regular,10,19co3fig2_20211228_164150_2671090571_600_800.png,/scratch/parceirosbr/bigoilict/share/BigOil/document_generator/datasets/documents_2021_12_28/19co3fig2_20211228_164150_2671090571_600_800.png,19co3fig2_20211228_164150_2671090571_600_800_mask.png,specificação.
67,42,135,84,227,282,362,366,227,282,362,282,362,366,227,366,text,text,text_6,raleway,regular,10,19co3fig2_20211228_164150_2671090571_600_800.png,/scratch/parceirosbr/bigoilict/share/BigOil/document_generator/datasets/documents_2021_12_28/19co3fig2_20211228_164150_2671090571_600_800.png,19co3fig2_20211228_164150_2671090571_600_800_mask.png,nan
57,6,114,12,248,372,362,384,248,372,362,372,362,384,248,384,sub_line_text,text,text_7,raleway,regular,10,19co3fig2_20211228_164150_2671090571_600_800.png,/scratch/parceirosbr/bigoilict/share/BigOil/document_generator/datasets/documents_2021_12_28/19co3fig2_20211228_164150_2671090571_600_800.png,19co3fig2_20211228_164150_2671090571_600_800_mask.png,Inércia    química   diante
67,6,135,12,227,390,362,402,227,390,362,390,362,402,227,402,sub_line_text,text,text_7,raleway,regular,10,19co3fig2_20211228_164150_2671090571_600_800.png,/scratch/parceirosbr/bigoilict/share/BigOil/document_generator/datasets/documents_2021_12_28/19co3fig2_20211228_164150_2671090571_600_800.png,19co3fig2_20211228_164150_2671090571_600_800_mask.png,do  cisalhamento  imposto n-
67,6,135,12,227,408,362,420,227,408,362,408,362,420,227,420,sub_line_text,text,text_7,raleway,regular,10,19co3fig2_20211228_164150_2671090571_600_800.png,/scratch/parceirosbr/bigoilict/share/BigOil/document_generator/datasets/documents_2021_12_28/19co3fig2_20211228_164150_2671090571_600_800.png,19co3fig2_20211228_164150_2671090571_600_800_mask.png,os  processos  de  mistura  e
45,6,91,12,227,426,318,438,227,426,318,426,318,438,227,438,sub_line_text,text,text_7,raleway,regular,10,19co3fig2_20211228_164150_2671090571_600_800.png,/scratch/parceirosbr/bigoilict/share/BigOil/document_generator/datasets/documents_2021_12_28/19co3fig2_20211228_164150_2671090571_600_800.png,19co3fig2_20211228_164150_2671090571_600_800_mask.png,de processamento;.
67,33,135,66,227,372,362,438,227,372,362,372,362,438,227,438,text,text,text_7,raleway,regular,10,19co3fig2_20211228_164150_2671090571_600_800.png,/scratch/parceirosbr/bigoilict/share/BigOil/document_generator/datasets/documents_2021_12_28/19co3fig2_20211228_164150_2671090571_600_800.png,19co3fig2_20211228_164150_2671090571_600_800_mask.png,nan
56,6,112,12,248,444,360,456,248,444,360,444,360,456,248,456,sub_line_text,text,text_8,raleway,regular,10,19co3fig2_20211228_164150_2671090571_600_800.png,/scratch/parceirosbr/bigoilict/share/BigOil/document_generator/datasets/documents_2021_12_28/19co3fig2_20211228_164150_2671090571_600_800.png,19co3fig2_20211228_164150_2671090571_600_800_mask.png,An   output  is  provided
66,6,133,12,227,462,360,474,227,462,360,462,360,474,227,474,sub_line_text,text,text_8,raleway,regular,10,19co3fig2_20211228_164150_2671090571_600_800.png,/scratch/parceirosbr/bigoilict/share/BigOil/document_generator/datasets/documents_2021_12_28/19co3fig2_20211228_164150_2671090571_600_800.png,19co3fig2_20211228_164150_2671090571_600_800_mask.png,where  information  about  t-
65,6,131,12,227,480,358,492,227,480,358,480,358,492,227,492,sub_line_text,text,text_8,raleway,regular,10,19co3fig2_20211228_164150_2671090571_600_800.png,/scratch/parceirosbr/bigoilict/share/BigOil/document_generator/datasets/documents_2021_12_28/19co3fig2_20211228_164150_2671090571_600_800.png,19co3fig2_20211228_164150_2671090571_600_800_mask.png,he iterations performed dur.
66,24,133,48,227,444,360,492,227,444,360,444,360,492,227,492,text,text,text_8,raleway,regular,10,19co3fig2_20211228_164150_2671090571_600_800.png,/scratch/parceirosbr/bigoilict/share/BigOil/document_generator/datasets/documents_2021_12_28/19co3fig2_20211228_164150_2671090571_600_800.png,19co3fig2_20211228_164150_2671090571_600_800_mask.png,nan
56,6,112,12,410,57,522,69,410,57,522,57,522,69,410,69,sub_line_text,text,text_9,raleway,regular,10,19co3fig2_20211228_164150_2671090571_600_800.png,/scratch/parceirosbr/bigoilict/share/BigOil/document_generator/datasets/documents_2021_12_28/19co3fig2_20211228_164150_2671090571_600_800.png,19co3fig2_20211228_164150_2671090571_600_800_mask.png,Caso  se  confirme esse
67,6,134,12,389,75,523,87,389,75,523,75,523,87,389,87,sub_line_text,text,text_9,raleway,regular,10,19co3fig2_20211228_164150_2671090571_600_800.png,/scratch/parceirosbr/bigoilict/share/BigOil/document_generator/datasets/documents_2021_12_28/19co3fig2_20211228_164150_2671090571_600_800.png,19co3fig2_20211228_164150_2671090571_600_800_mask.png,"cenário,  o  excesso exportá-"
67,6,134,12,389,93,523,105,389,93,523,93,523,105,389,105,sub_line_text,text,text_9,raleway,regular,10,19co3fig2_20211228_164150_2671090571_600_800.png,/scratch/parceirosbr/bigoilict/share/BigOil/document_generator/datasets/documents_2021_12_28/19co3fig2_20211228_164150_2671090571_600_800.png,19co3fig2_20211228_164150_2671090571_600_800_mask.png,vel  de  etanol  ficaria mais r-
67,6,135,12,389,111,524,123,389,111,524,111,524,123,389,123,sub_line_text,text,text_9,raleway,regular,10,19co3fig2_20211228_164150_2671090571_600_800.png,/scratch/parceirosbr/bigoilict/share/BigOil/document_generator/datasets/documents_2021_12_28/19co3fig2_20211228_164150_2671090571_600_800.png,19co3fig2_20211228_164150_2671090571_600_800_mask.png,estrito.   56  seus  preços  de
67,6,135,12,389,129,524,141,389,129,524,129,524,141,389,141,sub_line_text,text,text_9,raleway,regular,10,19co3fig2_20211228_164150_2671090571_600_800.png,/scratch/parceirosbr/bigoilict/share/BigOil/document_generator/datasets/documents_2021_12_28/19co3fig2_20211228_164150_2671090571_600_800.png,19co3fig2_20211228_164150_2671090571_600_800_mask.png,ajuste  da  sessão  de  11/05-
67,6,134,12,389,147,523,159,389,147,523,147,523,159,389,159,sub_line_text,text,text_9,raleway,regular,10,19co3fig2_20211228_164150_2671090571_600_800.png,/scratch/parceirosbr/bigoilict/share/BigOil/document_generator/datasets/documents_2021_12_28/19co3fig2_20211228_164150_2671090571_600_800.png,19co3fig2_20211228_164150_2671090571_600_800_mask.png,/2016.  57  de no. Constatou-
60,6,121,12,389,165,510,177,389,165,510,165,510,177,389,177,sub_line_text,text,text_9,raleway,regular,10,19co3fig2_20211228_164150_2671090571_600_800.png,/scratch/parceirosbr/bigoilict/share/BigOil/document_generator/datasets/documents_2021_12_28/19co3fig2_20211228_164150_2671090571_600_800.png,19co3fig2_20211228_164150_2671090571_600_800_mask.png,-se a importância de ter u.
67,60,135,120,389,57,524,177,389,57,524,57,524,177,389,177,text,text,text_9,raleway,regular,10,19co3fig2_20211228_164150_2671090571_600_800.png,/scratch/parceirosbr/bigoilict/share/BigOil/document_generator/datasets/documents_2021_12_28/19co3fig2_20211228_164150_2671090571_600_800.png,19co3fig2_20211228_164150_2671090571_600_800_mask.png,nan
57,6,114,12,410,183,524,195,410,183,524,183,524,195,410,195,sub_line_text,text,text_10,raleway,regular,10,19co3fig2_20211228_164150_2671090571_600_800.png,/scratch/parceirosbr/bigoilict/share/BigOil/document_generator/datasets/documents_2021_12_28/19co3fig2_20211228_164150_2671090571_600_800.png,19co3fig2_20211228_164150_2671090571_600_800_mask.png,Seismic  imaging:  a revi-
66,6,133,12,389,201,522,213,389,201,522,201,522,213,389,213,sub_line_text,text,text_10,raleway,regular,10,19co3fig2_20211228_164150_2671090571_600_800.png,/scratch/parceirosbr/bigoilict/share/BigOil/document_generator/datasets/documents_2021_12_28/19co3fig2_20211228_164150_2671090571_600_800.png,19co3fig2_20211228_164150_2671090571_600_800_mask.png,"ew  of  the  techniques, their"
66,6,133,12,389,219,522,231,389,219,522,219,522,231,389,231,sub_line_text,text,text_10,raleway,regular,10,19co3fig2_20211228_164150_2671090571_600_800.png,/scratch/parceirosbr/bigoilict/share/BigOil/document_generator/datasets/documents_2021_12_28/19co3fig2_20211228_164150_2671090571_600_800.png,19co3fig2_20211228_164150_2671090571_600_800_mask.png,"principles,merits  and limitat-"
66,6,133,12,389,237,522,249,389,237,522,237,522,249,389,249,sub_line_text,text,text_10,raleway,regular,10,19co3fig2_20211228_164150_2671090571_600_800.png,/scratch/parceirosbr/bigoilict/share/BigOil/document_generator/datasets/documents_2021_12_28/19co3fig2_20211228_164150_2671090571_600_800.png,19co3fig2_20211228_164150_2671090571_600_800_mask.png,"ions,.  Depósitos  transicional"
68,6,137,12,389,255,526,267,389,255,526,255,526,267,389,267,sub_line_text,text,text_10,raleway,regular,10,19co3fig2_20211228_164150_2671090571_600_800.png,/scratch/parceirosbr/bigoilict/share/BigOil/document_generator/datasets/documents_2021_12_28/19co3fig2_20211228_164150_2671090571_600_800.png,19co3fig2_20211228_164150_2671090571_600_800_mask.png,"a  marinho raso, devido a var-"
63,6,127,12,389,273,516,285,389,273,516,273,516,285,389,285,sub_line_text,text,text_10,raleway,regular,10,19co3fig2_20211228_164150_2671090571_600_800.png,/scratch/parceirosbr/bigoilict/share/BigOil/document_generator/datasets/documents_2021_12_28/19co3fig2_20211228_164150_2671090571_600_800.png,19co3fig2_20211228_164150_2671090571_600_800_mask.png,iações climáticas e/ou glác.
68,51,137,102,389,183,526,285,389,183,526,183,526,285,389,285,text,text,text_10,raleway,regular,10,19co3fig2_20211228_164150_2671090571_600_800.png,/scratch/parceirosbr/bigoilict/share/BigOil/document_generator/datasets/documents_2021_12_28/19co3fig2_20211228_164150_2671090571_600_800.png,19co3fig2_20211228_164150_2671090571_600_800_mask.png,nan
57,6,114,12,410,291,524,303,410,291,524,291,524,303,410,303,sub_line_text,text,text_11,raleway,regular,10,19co3fig2_20211228_164150_2671090571_600_800.png,/scratch/parceirosbr/bigoilict/share/BigOil/document_generator/datasets/documents_2021_12_28/19co3fig2_20211228_164150_2671090571_600_800.png,19co3fig2_20211228_164150_2671090571_600_800_mask.png,Neste  captulo  sao  feit-
67,6,135,12,389,309,524,321,389,309,524,309,524,321,389,321,sub_line_text,text,text_11,raleway,regular,10,19co3fig2_20211228_164150_2671090571_600_800.png,/scratch/parceirosbr/bigoilict/share/BigOil/document_generator/datasets/documents_2021_12_28/19co3fig2_20211228_164150_2671090571_600_800.png,19co3fig2_20211228_164150_2671090571_600_800_mask.png,as  as  consideracoes  nais s-
67,6,134,12,389,327,523,339,389,327,523,327,523,339,389,339,sub_line_text,text,text_11,raleway,regular,10,19co3fig2_20211228_164150_2671090571_600_800.png,/scratch/parceirosbr/bigoilict/share/BigOil/document_generator/datasets/documents_2021_12_28/19co3fig2_20211228_164150_2671090571_600_800.png,19co3fig2_20211228_164150_2671090571_600_800_mask.png,obre  todo o trabalho que foi
68,6,136,12,389,345,525,357,389,345,525,345,525,357,389,357,sub_line_text,text,text_11,raleway,regular,10,19co3fig2_20211228_164150_2671090571_600_800.png,/scratch/parceirosbr/bigoilict/share/BigOil/document_generator/datasets/documents_2021_12_28/19co3fig2_20211228_164150_2671090571_600_800.png,19co3fig2_20211228_164150_2671090571_600_800_mask.png,ne-cessario  para o desenvo-
67,6,135,12,389,363,524,375,389,363,524,363,524,375,389,375,sub_line_text,text,text_11,raleway,regular,10,19co3fig2_20211228_164150_2671090571_600_800.png,/scratch/parceirosbr/bigoilict/share/BigOil/document_generator/datasets/documents_2021_12_28/19co3fig2_20211228_164150_2671090571_600_800.png,19co3fig2_20211228_164150_2671090571_600_800_mask.png,lvimento  e  conclusao  do s-
67,6,135,12,389,381,524,393,389,381,524,381,524,393,389,393,sub_line_text,text,text_11,raleway,regular,10,19co3fig2_20211228_164150_2671090571_600_800.png,/scratch/parceirosbr/bigoilict/share/BigOil/document_generator/datasets/documents_2021_12_28/19co3fig2_20211228_164150_2671090571_600_800.png,19co3fig2_20211228_164150_2671090571_600_800_mask.png,"oftware   de   controle,  alem"
65,6,131,12,389,399,520,411,389,399,520,399,520,411,389,411,sub_line_text,text,text_11,raleway,regular,10,19co3fig2_20211228_164150_2671090571_600_800.png,/scratch/parceirosbr/bigoilict/share/BigOil/document_generator/datasets/documents_2021_12_28/19co3fig2_20211228_164150_2671090571_600_800.png,19co3fig2_20211228_164150_2671090571_600_800_mask.png,de sugestoespara trabalhos.
68,60,136,120,389,291,525,411,389,291,525,291,525,411,389,411,text,text,text_11,raleway,regular,10,19co3fig2_20211228_164150_2671090571_600_800.png,/scratch/parceirosbr/bigoilict/share/BigOil/document_generator/datasets/documents_2021_12_28/19co3fig2_20211228_164150_2671090571_600_800.png,19co3fig2_20211228_164150_2671090571_600_800_mask.png,nan
57,6,114,12,410,417,524,429,410,417,524,417,524,429,410,429,sub_line_text,text,text_12,raleway,regular,10,19co3fig2_20211228_164150_2671090571_600_800.png,/scratch/parceirosbr/bigoilict/share/BigOil/document_generator/datasets/documents_2021_12_28/19co3fig2_20211228_164150_2671090571_600_800.png,19co3fig2_20211228_164150_2671090571_600_800_mask.png,Ao   mesmo  tempo  em
66,6,133,12,389,435,522,447,389,435,522,435,522,447,389,447,sub_line_text,text,text_12,raleway,regular,10,19co3fig2_20211228_164150_2671090571_600_800.png,/scratch/parceirosbr/bigoilict/share/BigOil/document_generator/datasets/documents_2021_12_28/19co3fig2_20211228_164150_2671090571_600_800.png,19co3fig2_20211228_164150_2671090571_600_800_mask.png,que  pode  determinar de o-
67,6,134,12,389,453,523,465,389,453,523,453,523,465,389,465,sub_line_text,text,text_12,raleway,regular,10,19co3fig2_20211228_164150_2671090571_600_800.png,/scratch/parceirosbr/bigoilict/share/BigOil/document_generator/datasets/documents_2021_12_28/19co3fig2_20211228_164150_2671090571_600_800.png,19co3fig2_20211228_164150_2671090571_600_800_mask.png,nde  veio uma amostra de ó-
65,6,131,12,389,471,520,483,389,471,520,471,520,483,389,483,sub_line_text,text,text_12,raleway,regular,10,19co3fig2_20211228_164150_2671090571_600_800.png,/scratch/parceirosbr/bigoilict/share/BigOil/document_generator/datasets/documents_2021_12_28/19co3fig2_20211228_164150_2671090571_600_800.png,19co3fig2_20211228_164150_2671090571_600_800_mask.png,"leo, aanálise do seu perl qu."
67,33,135,66,389,417,524,483,389,417,524,417,524,483,389,483,text,text,text_12,raleway,regular,10,19co3fig2_20211228_164150_2671090571_600_800.png,/scratch/parceirosbr/bigoilict/share/BigOil/document_generator/datasets/documents_2021_12_28/19co3fig2_20211228_164150_2671090571_600_800.png,19co3fig2_20211228_164150_2671090571_600_800_mask.png,nan
