center_x,center_y,width,height,xmin,ymin,xmax,ymax,top_left_x,top_left_y,top_right_x,top_right_y,bottom_right_x,bottom_right_y,bottom_left_x,bottom_left_y,label,grouplabel,group,text_font,text_style,size_font,filename,path,filename_mask,content
300,400,600,800,0,0,600,800,0,0,600,0,600,800,0,800,document,,,,,,20bol3c_20211228_164211_6380266910_600_800.png,/scratch/parceirosbr/bigoilict/share/BigOil/document_generator/datasets/documents_2021_12_28/20bol3c_20211228_164211_6380266910_600_800.png,20bol3c_20211228_164211_6380266910_600_800_mask.png,
237,0,474,1,54,700,528,701,54,700,528,700,528,701,54,701,line,line,line,,,,20bol3c_20211228_164211_6380266910_600_800.png,/scratch/parceirosbr/bigoilict/share/BigOil/document_generator/datasets/documents_2021_12_28/20bol3c_20211228_164211_6380266910_600_800.png,20bol3c_20211228_164211_6380266910_600_800_mask.png,nan
5,4,10,8,54,700,64,708,54,700,64,700,64,708,54,708,sub_line_text,numpag,footer_1,courier,regular,8,20bol3c_20211228_164211_6380266910_600_800.png,/scratch/parceirosbr/bigoilict/share/BigOil/document_generator/datasets/documents_2021_12_28/20bol3c_20211228_164211_6380266910_600_800.png,20bol3c_20211228_164211_6380266910_600_800_mask.png,25
5,4,10,8,54,700,64,708,54,700,64,700,64,708,54,708,text,numpag,footer_1,courier,regular,8,20bol3c_20211228_164211_6380266910_600_800.png,/scratch/parceirosbr/bigoilict/share/BigOil/document_generator/datasets/documents_2021_12_28/20bol3c_20211228_164211_6380266910_600_800.png,20bol3c_20211228_164211_6380266910_600_800_mask.png,nan
15,4,30,8,497,700,527,708,497,700,527,700,527,708,497,708,sub_line_text,footer,footer_1,courier,regular,8,20bol3c_20211228_164211_6380266910_600_800.png,/scratch/parceirosbr/bigoilict/share/BigOil/document_generator/datasets/documents_2021_12_28/20bol3c_20211228_164211_6380266910_600_800.png,20bol3c_20211228_164211_6380266910_600_800_mask.png,A 5.10
15,4,30,8,497,700,527,708,497,700,527,700,527,708,497,708,text,footer,footer_1,courier,regular,8,20bol3c_20211228_164211_6380266910_600_800.png,/scratch/parceirosbr/bigoilict/share/BigOil/document_generator/datasets/documents_2021_12_28/20bol3c_20211228_164211_6380266910_600_800.png,20bol3c_20211228_164211_6380266910_600_800_mask.png,nan
127,4,255,9,54,73,309,82,54,73,309,73,309,82,54,82,sub_line_text,table_legend,table_0,courier,italic,8,20bol3c_20211228_164211_6380266910_600_800.png,/scratch/parceirosbr/bigoilict/share/BigOil/document_generator/datasets/documents_2021_12_28/20bol3c_20211228_164211_6380266910_600_800.png,20bol3c_20211228_164211_6380266910_600_800_mask.png,"Table  38:  Nesse sentido, tem-se considerado em j-"
127,4,255,9,54,86,309,95,54,86,309,86,309,95,54,95,sub_line_text,table_legend,table_0,courier,italic,8,20bol3c_20211228_164211_6380266910_600_800.png,/scratch/parceirosbr/bigoilict/share/BigOil/document_generator/datasets/documents_2021_12_28/20bol3c_20211228_164211_6380266910_600_800.png,20bol3c_20211228_164211_6380266910_600_800_mask.png,ulgados  que  a  capacidade da exercer abusivamente
127,4,255,9,54,99,309,108,54,99,309,99,309,108,54,108,sub_line_text,table_legend,table_0,courier,italic,8,20bol3c_20211228_164211_6380266910_600_800.png,/scratch/parceirosbr/bigoilict/share/BigOil/document_generator/datasets/documents_2021_12_28/20bol3c_20211228_164211_6380266910_600_800.png,20bol3c_20211228_164211_6380266910_600_800_mask.png,seu  poder  de mercado é limitada pela possibilida-
47,4,95,9,54,112,149,121,54,112,149,112,149,121,54,121,sub_line_text,table_legend,table_0,courier,italic,8,20bol3c_20211228_164211_6380266910_600_800.png,/scratch/parceirosbr/bigoilict/share/BigOil/document_generator/datasets/documents_2021_12_28/20bol3c_20211228_164211_6380266910_600_800.png,20bol3c_20211228_164211_6380266910_600_800_mask.png,de de importação de
127,24,255,48,54,73,309,121,54,73,309,73,309,121,54,121,text,table_legend,table_0,courier,italic,8,20bol3c_20211228_164211_6380266910_600_800.png,/scratch/parceirosbr/bigoilict/share/BigOil/document_generator/datasets/documents_2021_12_28/20bol3c_20211228_164211_6380266910_600_800.png,20bol3c_20211228_164211_6380266910_600_800_mask.png,nan
149,69,299,139,59,126,358,265,59,126,358,126,358,265,59,265,table,table_image,table_0,,,,20bol3c_20211228_164211_6380266910_600_800.png,/scratch/parceirosbr/bigoilict/share/BigOil/document_generator/datasets/documents_2021_12_28/20bol3c_20211228_164211_6380266910_600_800.png,20bol3c_20211228_164211_6380266910_600_800_mask.png,output/gen_tab_20211228_164212_2135922122.png
1,4,3,9,101,129,104,138,101,129,104,129,104,138,101,138,text,table_text,table_0,times,italic,8.0,20bol3c_20211228_164211_6380266910_600_800.png,/scratch/parceirosbr/bigoilict/share/BigOil/document_generator/datasets/documents_2021_12_28/20bol3c_20211228_164211_6380266910_600_800.png,20bol3c_20211228_164211_6380266910_600_800_mask.png,é
1,4,3,9,101,129,104,138,101,129,104,129,104,138,101,138,sub_line_text,table_text,table_0,times,italic,8.0,20bol3c_20211228_164211_6380266910_600_800.png,/scratch/parceirosbr/bigoilict/share/BigOil/document_generator/datasets/documents_2021_12_28/20bol3c_20211228_164211_6380266910_600_800.png,20bol3c_20211228_164211_6380266910_600_800_mask.png,é
13,4,27,9,89,142,116,151,89,142,116,142,116,151,89,151,text,table_text,table_0,times,italic,8.0,20bol3c_20211228_164211_6380266910_600_800.png,/scratch/parceirosbr/bigoilict/share/BigOil/document_generator/datasets/documents_2021_12_28/20bol3c_20211228_164211_6380266910_600_800.png,20bol3c_20211228_164211_6380266910_600_800_mask.png,superior
13,4,27,9,89,142,116,151,89,142,116,142,116,151,89,151,sub_line_text,table_text,table_0,times,italic,8.0,20bol3c_20211228_164211_6380266910_600_800.png,/scratch/parceirosbr/bigoilict/share/BigOil/document_generator/datasets/documents_2021_12_28/20bol3c_20211228_164211_6380266910_600_800.png,20bol3c_20211228_164211_6380266910_600_800_mask.png,superior
9,4,18,9,93,154,111,163,93,154,111,154,111,163,93,163,text,table_text,table_0,times,italic,8.0,20bol3c_20211228_164211_6380266910_600_800.png,/scratch/parceirosbr/bigoilict/share/BigOil/document_generator/datasets/documents_2021_12_28/20bol3c_20211228_164211_6380266910_600_800.png,20bol3c_20211228_164211_6380266910_600_800_mask.png,sobre
9,4,18,9,93,154,111,163,93,154,111,154,111,163,93,163,sub_line_text,table_text,table_0,times,italic,8.0,20bol3c_20211228_164211_6380266910_600_800.png,/scratch/parceirosbr/bigoilict/share/BigOil/document_generator/datasets/documents_2021_12_28/20bol3c_20211228_164211_6380266910_600_800.png,20bol3c_20211228_164211_6380266910_600_800_mask.png,sobre
13,4,27,9,89,167,116,176,89,167,116,167,116,176,89,176,text,table_text,table_0,times,italic,8.0,20bol3c_20211228_164211_6380266910_600_800.png,/scratch/parceirosbr/bigoilict/share/BigOil/document_generator/datasets/documents_2021_12_28/20bol3c_20211228_164211_6380266910_600_800.png,20bol3c_20211228_164211_6380266910_600_800_mask.png,recursos
13,4,27,9,89,167,116,176,89,167,116,167,116,176,89,176,sub_line_text,table_text,table_0,times,italic,8.0,20bol3c_20211228_164211_6380266910_600_800.png,/scratch/parceirosbr/bigoilict/share/BigOil/document_generator/datasets/documents_2021_12_28/20bol3c_20211228_164211_6380266910_600_800.png,20bol3c_20211228_164211_6380266910_600_800_mask.png,recursos
10,4,20,9,93,180,113,189,93,180,113,180,113,189,93,189,text,table_text,table_0,times,italic,8.0,20bol3c_20211228_164211_6380266910_600_800.png,/scratch/parceirosbr/bigoilict/share/BigOil/document_generator/datasets/documents_2021_12_28/20bol3c_20211228_164211_6380266910_600_800.png,20bol3c_20211228_164211_6380266910_600_800_mask.png,níquel
10,4,20,9,93,180,113,189,93,180,113,180,113,189,93,189,sub_line_text,table_text,table_0,times,italic,8.0,20bol3c_20211228_164211_6380266910_600_800.png,/scratch/parceirosbr/bigoilict/share/BigOil/document_generator/datasets/documents_2021_12_28/20bol3c_20211228_164211_6380266910_600_800.png,20bol3c_20211228_164211_6380266910_600_800_mask.png,níquel
16,4,33,9,86,192,119,201,86,192,119,192,119,201,86,201,text,table_text,table_0,times,italic,8.0,20bol3c_20211228_164211_6380266910_600_800.png,/scratch/parceirosbr/bigoilict/share/BigOil/document_generator/datasets/documents_2021_12_28/20bol3c_20211228_164211_6380266910_600_800.png,20bol3c_20211228_164211_6380266910_600_800_mask.png,combustão
16,4,33,9,86,192,119,201,86,192,119,192,119,201,86,201,sub_line_text,table_text,table_0,times,italic,8.0,20bol3c_20211228_164211_6380266910_600_800.png,/scratch/parceirosbr/bigoilict/share/BigOil/document_generator/datasets/documents_2021_12_28/20bol3c_20211228_164211_6380266910_600_800.png,20bol3c_20211228_164211_6380266910_600_800_mask.png,combustão
10,4,20,9,93,205,113,214,93,205,113,205,113,214,93,214,text,table_text,table_0,times,italic,8.0,20bol3c_20211228_164211_6380266910_600_800.png,/scratch/parceirosbr/bigoilict/share/BigOil/document_generator/datasets/documents_2021_12_28/20bol3c_20211228_164211_6380266910_600_800.png,20bol3c_20211228_164211_6380266910_600_800_mask.png,tratam
10,4,20,9,93,205,113,214,93,205,113,205,113,214,93,214,sub_line_text,table_text,table_0,times,italic,8.0,20bol3c_20211228_164211_6380266910_600_800.png,/scratch/parceirosbr/bigoilict/share/BigOil/document_generator/datasets/documents_2021_12_28/20bol3c_20211228_164211_6380266910_600_800.png,20bol3c_20211228_164211_6380266910_600_800_mask.png,tratam
6,4,13,9,96,217,109,226,96,217,109,217,109,226,96,226,text,table_text,table_0,times,italic,8.0,20bol3c_20211228_164211_6380266910_600_800.png,/scratch/parceirosbr/bigoilict/share/BigOil/document_generator/datasets/documents_2021_12_28/20bol3c_20211228_164211_6380266910_600_800.png,20bol3c_20211228_164211_6380266910_600_800_mask.png,uma
6,4,13,9,96,217,109,226,96,217,109,217,109,226,96,226,sub_line_text,table_text,table_0,times,italic,8.0,20bol3c_20211228_164211_6380266910_600_800.png,/scratch/parceirosbr/bigoilict/share/BigOil/document_generator/datasets/documents_2021_12_28/20bol3c_20211228_164211_6380266910_600_800.png,20bol3c_20211228_164211_6380266910_600_800_mask.png,uma
7,4,15,9,95,230,110,239,95,230,110,230,110,239,95,239,text,table_text,table_0,times,italic,8.0,20bol3c_20211228_164211_6380266910_600_800.png,/scratch/parceirosbr/bigoilict/share/BigOil/document_generator/datasets/documents_2021_12_28/20bol3c_20211228_164211_6380266910_600_800.png,20bol3c_20211228_164211_6380266910_600_800_mask.png,tanto
7,4,15,9,95,230,110,239,95,230,110,230,110,239,95,239,sub_line_text,table_text,table_0,times,italic,8.0,20bol3c_20211228_164211_6380266910_600_800.png,/scratch/parceirosbr/bigoilict/share/BigOil/document_generator/datasets/documents_2021_12_28/20bol3c_20211228_164211_6380266910_600_800.png,20bol3c_20211228_164211_6380266910_600_800_mask.png,tanto
11,4,23,9,197,242,220,251,197,242,220,242,220,251,197,251,text,table_text,table_0,times,regular,8.0,20bol3c_20211228_164211_6380266910_600_800.png,/scratch/parceirosbr/bigoilict/share/BigOil/document_generator/datasets/documents_2021_12_28/20bol3c_20211228_164211_6380266910_600_800.png,20bol3c_20211228_164211_6380266910_600_800_mask.png,prática
11,4,23,9,197,242,220,251,197,242,220,242,220,251,197,251,sub_line_text,table_text,table_0,times,regular,8.0,20bol3c_20211228_164211_6380266910_600_800.png,/scratch/parceirosbr/bigoilict/share/BigOil/document_generator/datasets/documents_2021_12_28/20bol3c_20211228_164211_6380266910_600_800.png,20bol3c_20211228_164211_6380266910_600_800_mask.png,prática
13,4,27,9,159,129,186,138,159,129,186,129,186,138,159,138,text,table_text,table_0,times,italic,8.0,20bol3c_20211228_164211_6380266910_600_800.png,/scratch/parceirosbr/bigoilict/share/BigOil/document_generator/datasets/documents_2021_12_28/20bol3c_20211228_164211_6380266910_600_800.png,20bol3c_20211228_164211_6380266910_600_800_mask.png,mercado
13,4,27,9,159,129,186,138,159,129,186,129,186,138,159,138,sub_line_text,table_text,table_0,times,italic,8.0,20bol3c_20211228_164211_6380266910_600_800.png,/scratch/parceirosbr/bigoilict/share/BigOil/document_generator/datasets/documents_2021_12_28/20bol3c_20211228_164211_6380266910_600_800.png,20bol3c_20211228_164211_6380266910_600_800_mask.png,mercado
6,4,13,9,173,142,186,151,173,142,186,142,186,151,173,151,text,table_text,table_0,times,italic,8.0,20bol3c_20211228_164211_6380266910_600_800.png,/scratch/parceirosbr/bigoilict/share/BigOil/document_generator/datasets/documents_2021_12_28/20bol3c_20211228_164211_6380266910_600_800.png,20bol3c_20211228_164211_6380266910_600_800_mask.png,79.2
6,4,13,9,173,142,186,151,173,142,186,142,186,151,173,151,sub_line_text,table_text,table_0,times,italic,8.0,20bol3c_20211228_164211_6380266910_600_800.png,/scratch/parceirosbr/bigoilict/share/BigOil/document_generator/datasets/documents_2021_12_28/20bol3c_20211228_164211_6380266910_600_800.png,20bol3c_20211228_164211_6380266910_600_800_mask.png,79.2
7,4,14,9,172,154,186,163,172,154,186,154,186,163,172,163,text,table_text,table_0,times,italic,8.0,20bol3c_20211228_164211_6380266910_600_800.png,/scratch/parceirosbr/bigoilict/share/BigOil/document_generator/datasets/documents_2021_12_28/20bol3c_20211228_164211_6380266910_600_800.png,20bol3c_20211228_164211_6380266910_600_800_mask.png,59.7
7,4,14,9,172,154,186,163,172,154,186,154,186,163,172,163,sub_line_text,table_text,table_0,times,italic,8.0,20bol3c_20211228_164211_6380266910_600_800.png,/scratch/parceirosbr/bigoilict/share/BigOil/document_generator/datasets/documents_2021_12_28/20bol3c_20211228_164211_6380266910_600_800.png,20bol3c_20211228_164211_6380266910_600_800_mask.png,59.7
9,4,18,9,168,167,186,176,168,167,186,167,186,176,168,176,text,table_text,table_0,times,italic,8.0,20bol3c_20211228_164211_6380266910_600_800.png,/scratch/parceirosbr/bigoilict/share/BigOil/document_generator/datasets/documents_2021_12_28/20bol3c_20211228_164211_6380266910_600_800.png,20bol3c_20211228_164211_6380266910_600_800_mask.png,334.6
9,4,18,9,168,167,186,176,168,167,186,167,186,176,168,176,sub_line_text,table_text,table_0,times,italic,8.0,20bol3c_20211228_164211_6380266910_600_800.png,/scratch/parceirosbr/bigoilict/share/BigOil/document_generator/datasets/documents_2021_12_28/20bol3c_20211228_164211_6380266910_600_800.png,20bol3c_20211228_164211_6380266910_600_800_mask.png,334.6
6,4,13,9,173,180,186,189,173,180,186,180,186,189,173,189,text,table_text,table_0,times,italic,8.0,20bol3c_20211228_164211_6380266910_600_800.png,/scratch/parceirosbr/bigoilict/share/BigOil/document_generator/datasets/documents_2021_12_28/20bol3c_20211228_164211_6380266910_600_800.png,20bol3c_20211228_164211_6380266910_600_800_mask.png,80.4
6,4,13,9,173,180,186,189,173,180,186,180,186,189,173,189,sub_line_text,table_text,table_0,times,italic,8.0,20bol3c_20211228_164211_6380266910_600_800.png,/scratch/parceirosbr/bigoilict/share/BigOil/document_generator/datasets/documents_2021_12_28/20bol3c_20211228_164211_6380266910_600_800.png,20bol3c_20211228_164211_6380266910_600_800_mask.png,80.4
8,4,17,9,169,192,186,201,169,192,186,192,186,201,169,201,text,table_text,table_0,times,italic,8.0,20bol3c_20211228_164211_6380266910_600_800.png,/scratch/parceirosbr/bigoilict/share/BigOil/document_generator/datasets/documents_2021_12_28/20bol3c_20211228_164211_6380266910_600_800.png,20bol3c_20211228_164211_6380266910_600_800_mask.png,226.3
8,4,17,9,169,192,186,201,169,192,186,192,186,201,169,201,sub_line_text,table_text,table_0,times,italic,8.0,20bol3c_20211228_164211_6380266910_600_800.png,/scratch/parceirosbr/bigoilict/share/BigOil/document_generator/datasets/documents_2021_12_28/20bol3c_20211228_164211_6380266910_600_800.png,20bol3c_20211228_164211_6380266910_600_800_mask.png,226.3
8,4,17,9,169,205,186,214,169,205,186,205,186,214,169,214,text,table_text,table_0,times,italic,8.0,20bol3c_20211228_164211_6380266910_600_800.png,/scratch/parceirosbr/bigoilict/share/BigOil/document_generator/datasets/documents_2021_12_28/20bol3c_20211228_164211_6380266910_600_800.png,20bol3c_20211228_164211_6380266910_600_800_mask.png,829.3
8,4,17,9,169,205,186,214,169,205,186,205,186,214,169,214,sub_line_text,table_text,table_0,times,italic,8.0,20bol3c_20211228_164211_6380266910_600_800.png,/scratch/parceirosbr/bigoilict/share/BigOil/document_generator/datasets/documents_2021_12_28/20bol3c_20211228_164211_6380266910_600_800.png,20bol3c_20211228_164211_6380266910_600_800_mask.png,829.3
6,4,13,9,173,217,186,226,173,217,186,217,186,226,173,226,text,table_text,table_0,times,italic,8.0,20bol3c_20211228_164211_6380266910_600_800.png,/scratch/parceirosbr/bigoilict/share/BigOil/document_generator/datasets/documents_2021_12_28/20bol3c_20211228_164211_6380266910_600_800.png,20bol3c_20211228_164211_6380266910_600_800_mask.png,33.3
6,4,13,9,173,217,186,226,173,217,186,217,186,226,173,226,sub_line_text,table_text,table_0,times,italic,8.0,20bol3c_20211228_164211_6380266910_600_800.png,/scratch/parceirosbr/bigoilict/share/BigOil/document_generator/datasets/documents_2021_12_28/20bol3c_20211228_164211_6380266910_600_800.png,20bol3c_20211228_164211_6380266910_600_800_mask.png,33.3
8,4,17,9,169,230,186,239,169,230,186,230,186,239,169,239,text,table_text,table_0,times,italic,8.0,20bol3c_20211228_164211_6380266910_600_800.png,/scratch/parceirosbr/bigoilict/share/BigOil/document_generator/datasets/documents_2021_12_28/20bol3c_20211228_164211_6380266910_600_800.png,20bol3c_20211228_164211_6380266910_600_800_mask.png,793.2
8,4,17,9,169,230,186,239,169,230,186,230,186,239,169,239,sub_line_text,table_text,table_0,times,italic,8.0,20bol3c_20211228_164211_6380266910_600_800.png,/scratch/parceirosbr/bigoilict/share/BigOil/document_generator/datasets/documents_2021_12_28/20bol3c_20211228_164211_6380266910_600_800.png,20bol3c_20211228_164211_6380266910_600_800_mask.png,793.2
8,4,17,9,208,129,225,138,208,129,225,129,225,138,208,138,text,table_text,table_0,times,italic,8.0,20bol3c_20211228_164211_6380266910_600_800.png,/scratch/parceirosbr/bigoilict/share/BigOil/document_generator/datasets/documents_2021_12_28/20bol3c_20211228_164211_6380266910_600_800.png,20bol3c_20211228_164211_6380266910_600_800_mask.png,nesse
8,4,17,9,208,129,225,138,208,129,225,129,225,138,208,138,sub_line_text,table_text,table_0,times,italic,8.0,20bol3c_20211228_164211_6380266910_600_800.png,/scratch/parceirosbr/bigoilict/share/BigOil/document_generator/datasets/documents_2021_12_28/20bol3c_20211228_164211_6380266910_600_800.png,20bol3c_20211228_164211_6380266910_600_800_mask.png,nesse
16,4,33,9,199,142,232,151,199,142,232,142,232,151,199,151,text,table_text,table_0,times,italic,8.0,20bol3c_20211228_164211_6380266910_600_800.png,/scratch/parceirosbr/bigoilict/share/BigOil/document_generator/datasets/documents_2021_12_28/20bol3c_20211228_164211_6380266910_600_800.png,20bol3c_20211228_164211_6380266910_600_800_mask.png,floculadas
16,4,33,9,199,142,232,151,199,142,232,142,232,151,199,151,sub_line_text,table_text,table_0,times,italic,8.0,20bol3c_20211228_164211_6380266910_600_800.png,/scratch/parceirosbr/bigoilict/share/BigOil/document_generator/datasets/documents_2021_12_28/20bol3c_20211228_164211_6380266910_600_800.png,20bol3c_20211228_164211_6380266910_600_800_mask.png,floculadas
7,4,14,9,209,154,223,163,209,154,223,154,223,163,209,163,text,table_text,table_0,times,italic,8.0,20bol3c_20211228_164211_6380266910_600_800.png,/scratch/parceirosbr/bigoilict/share/BigOil/document_generator/datasets/documents_2021_12_28/20bol3c_20211228_164211_6380266910_600_800.png,20bol3c_20211228_164211_6380266910_600_800_mask.png,fase
7,4,14,9,209,154,223,163,209,154,223,154,223,163,209,163,sub_line_text,table_text,table_0,times,italic,8.0,20bol3c_20211228_164211_6380266910_600_800.png,/scratch/parceirosbr/bigoilict/share/BigOil/document_generator/datasets/documents_2021_12_28/20bol3c_20211228_164211_6380266910_600_800.png,20bol3c_20211228_164211_6380266910_600_800_mask.png,fase
11,4,23,9,205,167,228,176,205,167,228,167,228,176,205,176,text,table_text,table_0,times,italic,8.0,20bol3c_20211228_164211_6380266910_600_800.png,/scratch/parceirosbr/bigoilict/share/BigOil/document_generator/datasets/documents_2021_12_28/20bol3c_20211228_164211_6380266910_600_800.png,20bol3c_20211228_164211_6380266910_600_800_mask.png,comum
11,4,23,9,205,167,228,176,205,167,228,167,228,176,205,176,sub_line_text,table_text,table_0,times,italic,8.0,20bol3c_20211228_164211_6380266910_600_800.png,/scratch/parceirosbr/bigoilict/share/BigOil/document_generator/datasets/documents_2021_12_28/20bol3c_20211228_164211_6380266910_600_800.png,20bol3c_20211228_164211_6380266910_600_800_mask.png,comum
13,4,26,9,203,180,229,189,203,180,229,180,229,189,203,189,text,table_text,table_0,times,italic,8.0,20bol3c_20211228_164211_6380266910_600_800.png,/scratch/parceirosbr/bigoilict/share/BigOil/document_generator/datasets/documents_2021_12_28/20bol3c_20211228_164211_6380266910_600_800.png,20bol3c_20211228_164211_6380266910_600_800_mask.png,grandes
13,4,26,9,203,180,229,189,203,180,229,180,229,189,203,189,sub_line_text,table_text,table_0,times,italic,8.0,20bol3c_20211228_164211_6380266910_600_800.png,/scratch/parceirosbr/bigoilict/share/BigOil/document_generator/datasets/documents_2021_12_28/20bol3c_20211228_164211_6380266910_600_800.png,20bol3c_20211228_164211_6380266910_600_800_mask.png,grandes
22,4,44,9,194,192,238,201,194,192,238,192,238,201,194,201,text,table_text,table_0,times,italic,8.0,20bol3c_20211228_164211_6380266910_600_800.png,/scratch/parceirosbr/bigoilict/share/BigOil/document_generator/datasets/documents_2021_12_28/20bol3c_20211228_164211_6380266910_600_800.png,20bol3c_20211228_164211_6380266910_600_800_mask.png,complexidade
22,4,44,9,194,192,238,201,194,192,238,192,238,201,194,201,sub_line_text,table_text,table_0,times,italic,8.0,20bol3c_20211228_164211_6380266910_600_800.png,/scratch/parceirosbr/bigoilict/share/BigOil/document_generator/datasets/documents_2021_12_28/20bol3c_20211228_164211_6380266910_600_800.png,20bol3c_20211228_164211_6380266910_600_800_mask.png,complexidade
1,4,3,9,215,205,218,214,215,205,218,205,218,214,215,214,text,table_text,table_0,times,italic,8.0,20bol3c_20211228_164211_6380266910_600_800.png,/scratch/parceirosbr/bigoilict/share/BigOil/document_generator/datasets/documents_2021_12_28/20bol3c_20211228_164211_6380266910_600_800.png,20bol3c_20211228_164211_6380266910_600_800_mask.png,é
1,4,3,9,215,205,218,214,215,205,218,205,218,214,215,214,sub_line_text,table_text,table_0,times,italic,8.0,20bol3c_20211228_164211_6380266910_600_800.png,/scratch/parceirosbr/bigoilict/share/BigOil/document_generator/datasets/documents_2021_12_28/20bol3c_20211228_164211_6380266910_600_800.png,20bol3c_20211228_164211_6380266910_600_800_mask.png,é
6,4,13,9,210,217,223,226,210,217,223,217,223,226,210,226,text,table_text,table_0,times,italic,8.0,20bol3c_20211228_164211_6380266910_600_800.png,/scratch/parceirosbr/bigoilict/share/BigOil/document_generator/datasets/documents_2021_12_28/20bol3c_20211228_164211_6380266910_600_800.png,20bol3c_20211228_164211_6380266910_600_800_mask.png,bico
6,4,13,9,210,217,223,226,210,217,223,217,223,226,210,226,sub_line_text,table_text,table_0,times,italic,8.0,20bol3c_20211228_164211_6380266910_600_800.png,/scratch/parceirosbr/bigoilict/share/BigOil/document_generator/datasets/documents_2021_12_28/20bol3c_20211228_164211_6380266910_600_800.png,20bol3c_20211228_164211_6380266910_600_800_mask.png,bico
17,4,34,9,199,230,233,239,199,230,233,230,233,239,199,239,text,table_text,table_0,times,italic,8.0,20bol3c_20211228_164211_6380266910_600_800.png,/scratch/parceirosbr/bigoilict/share/BigOil/document_generator/datasets/documents_2021_12_28/20bol3c_20211228_164211_6380266910_600_800.png,20bol3c_20211228_164211_6380266910_600_800_mask.png,indefinição
17,4,34,9,199,230,233,239,199,230,233,230,233,239,199,239,sub_line_text,table_text,table_0,times,italic,8.0,20bol3c_20211228_164211_6380266910_600_800.png,/scratch/parceirosbr/bigoilict/share/BigOil/document_generator/datasets/documents_2021_12_28/20bol3c_20211228_164211_6380266910_600_800.png,20bol3c_20211228_164211_6380266910_600_800_mask.png,indefinição
13,4,27,9,286,129,313,138,286,129,313,129,313,138,286,138,text,table_text,table_0,times,italic,8.0,20bol3c_20211228_164211_6380266910_600_800.png,/scratch/parceirosbr/bigoilict/share/BigOil/document_generator/datasets/documents_2021_12_28/20bol3c_20211228_164211_6380266910_600_800.png,20bol3c_20211228_164211_6380266910_600_800_mask.png,discutido
13,4,27,9,286,129,313,138,286,129,313,129,313,138,286,138,sub_line_text,table_text,table_0,times,italic,8.0,20bol3c_20211228_164211_6380266910_600_800.png,/scratch/parceirosbr/bigoilict/share/BigOil/document_generator/datasets/documents_2021_12_28/20bol3c_20211228_164211_6380266910_600_800.png,20bol3c_20211228_164211_6380266910_600_800_mask.png,discutido
21,4,43,9,278,142,321,151,278,142,321,142,321,151,278,151,text,table_text,table_0,times,italic,8.0,20bol3c_20211228_164211_6380266910_600_800.png,/scratch/parceirosbr/bigoilict/share/BigOil/document_generator/datasets/documents_2021_12_28/20bol3c_20211228_164211_6380266910_600_800.png,20bol3c_20211228_164211_6380266910_600_800_mask.png,consumidores
21,4,43,9,278,142,321,151,278,142,321,142,321,151,278,151,sub_line_text,table_text,table_0,times,italic,8.0,20bol3c_20211228_164211_6380266910_600_800.png,/scratch/parceirosbr/bigoilict/share/BigOil/document_generator/datasets/documents_2021_12_28/20bol3c_20211228_164211_6380266910_600_800.png,20bol3c_20211228_164211_6380266910_600_800_mask.png,consumidores
17,4,34,9,282,154,316,163,282,154,316,154,316,163,282,163,text,table_text,table_0,times,italic,8.0,20bol3c_20211228_164211_6380266910_600_800.png,/scratch/parceirosbr/bigoilict/share/BigOil/document_generator/datasets/documents_2021_12_28/20bol3c_20211228_164211_6380266910_600_800.png,20bol3c_20211228_164211_6380266910_600_800_mask.png,indefinição
17,4,34,9,282,154,316,163,282,154,316,154,316,163,282,163,sub_line_text,table_text,table_0,times,italic,8.0,20bol3c_20211228_164211_6380266910_600_800.png,/scratch/parceirosbr/bigoilict/share/BigOil/document_generator/datasets/documents_2021_12_28/20bol3c_20211228_164211_6380266910_600_800.png,20bol3c_20211228_164211_6380266910_600_800_mask.png,indefinição
11,4,23,9,288,167,311,176,288,167,311,167,311,176,288,176,text,table_text,table_0,times,italic,8.0,20bol3c_20211228_164211_6380266910_600_800.png,/scratch/parceirosbr/bigoilict/share/BigOil/document_generator/datasets/documents_2021_12_28/20bol3c_20211228_164211_6380266910_600_800.png,20bol3c_20211228_164211_6380266910_600_800_mask.png,comum
11,4,23,9,288,167,311,176,288,167,311,167,311,176,288,176,sub_line_text,table_text,table_0,times,italic,8.0,20bol3c_20211228_164211_6380266910_600_800.png,/scratch/parceirosbr/bigoilict/share/BigOil/document_generator/datasets/documents_2021_12_28/20bol3c_20211228_164211_6380266910_600_800.png,20bol3c_20211228_164211_6380266910_600_800_mask.png,comum
13,4,27,9,286,180,313,189,286,180,313,180,313,189,286,189,text,table_text,table_0,times,italic,8.0,20bol3c_20211228_164211_6380266910_600_800.png,/scratch/parceirosbr/bigoilict/share/BigOil/document_generator/datasets/documents_2021_12_28/20bol3c_20211228_164211_6380266910_600_800.png,20bol3c_20211228_164211_6380266910_600_800_mask.png,discutido
13,4,27,9,286,180,313,189,286,180,313,180,313,189,286,189,sub_line_text,table_text,table_0,times,italic,8.0,20bol3c_20211228_164211_6380266910_600_800.png,/scratch/parceirosbr/bigoilict/share/BigOil/document_generator/datasets/documents_2021_12_28/20bol3c_20211228_164211_6380266910_600_800.png,20bol3c_20211228_164211_6380266910_600_800_mask.png,discutido
13,4,27,9,286,192,313,201,286,192,313,192,313,201,286,201,text,table_text,table_0,times,italic,8.0,20bol3c_20211228_164211_6380266910_600_800.png,/scratch/parceirosbr/bigoilict/share/BigOil/document_generator/datasets/documents_2021_12_28/20bol3c_20211228_164211_6380266910_600_800.png,20bol3c_20211228_164211_6380266910_600_800_mask.png,condutas
13,4,27,9,286,192,313,201,286,192,313,192,313,201,286,201,sub_line_text,table_text,table_0,times,italic,8.0,20bol3c_20211228_164211_6380266910_600_800.png,/scratch/parceirosbr/bigoilict/share/BigOil/document_generator/datasets/documents_2021_12_28/20bol3c_20211228_164211_6380266910_600_800.png,20bol3c_20211228_164211_6380266910_600_800_mask.png,condutas
11,4,22,9,288,205,310,214,288,205,310,205,310,214,288,214,text,table_text,table_0,times,italic,8.0,20bol3c_20211228_164211_6380266910_600_800.png,/scratch/parceirosbr/bigoilict/share/BigOil/document_generator/datasets/documents_2021_12_28/20bol3c_20211228_164211_6380266910_600_800.png,20bol3c_20211228_164211_6380266910_600_800_mask.png,apesar
11,4,22,9,288,205,310,214,288,205,310,205,310,214,288,214,sub_line_text,table_text,table_0,times,italic,8.0,20bol3c_20211228_164211_6380266910_600_800.png,/scratch/parceirosbr/bigoilict/share/BigOil/document_generator/datasets/documents_2021_12_28/20bol3c_20211228_164211_6380266910_600_800.png,20bol3c_20211228_164211_6380266910_600_800_mask.png,apesar
8,4,16,9,292,217,308,226,292,217,308,217,308,226,292,226,text,table_text,table_0,times,italic,8.0,20bol3c_20211228_164211_6380266910_600_800.png,/scratch/parceirosbr/bigoilict/share/BigOil/document_generator/datasets/documents_2021_12_28/20bol3c_20211228_164211_6380266910_600_800.png,20bol3c_20211228_164211_6380266910_600_800_mask.png,entre
8,4,16,9,292,217,308,226,292,217,308,217,308,226,292,226,sub_line_text,table_text,table_0,times,italic,8.0,20bol3c_20211228_164211_6380266910_600_800.png,/scratch/parceirosbr/bigoilict/share/BigOil/document_generator/datasets/documents_2021_12_28/20bol3c_20211228_164211_6380266910_600_800.png,20bol3c_20211228_164211_6380266910_600_800_mask.png,entre
8,4,16,9,292,230,308,239,292,230,308,230,308,239,292,239,text,table_text,table_0,times,italic,8.0,20bol3c_20211228_164211_6380266910_600_800.png,/scratch/parceirosbr/bigoilict/share/BigOil/document_generator/datasets/documents_2021_12_28/20bol3c_20211228_164211_6380266910_600_800.png,20bol3c_20211228_164211_6380266910_600_800_mask.png,pode
8,4,16,9,292,230,308,239,292,230,308,230,308,239,292,239,sub_line_text,table_text,table_0,times,italic,8.0,20bol3c_20211228_164211_6380266910_600_800.png,/scratch/parceirosbr/bigoilict/share/BigOil/document_generator/datasets/documents_2021_12_28/20bol3c_20211228_164211_6380266910_600_800.png,20bol3c_20211228_164211_6380266910_600_800_mask.png,pode
55,4,110,9,89,271,199,280,89,271,199,271,199,280,89,280,sub_line_text,text,text_0,courier,regular,8,20bol3c_20211228_164211_6380266910_600_800.png,/scratch/parceirosbr/bigoilict/share/BigOil/document_generator/datasets/documents_2021_12_28/20bol3c_20211228_164211_6380266910_600_800.png,20bol3c_20211228_164211_6380266910_600_800_mask.png,"Mecânica,  e outras v-"
70,4,140,9,54,284,194,293,54,284,194,284,194,293,54,293,sub_line_text,text,text_0,courier,regular,8,20bol3c_20211228_164211_6380266910_600_800.png,/scratch/parceirosbr/bigoilict/share/BigOil/document_generator/datasets/documents_2021_12_28/20bol3c_20211228_164211_6380266910_600_800.png,20bol3c_20211228_164211_6380266910_600_800_mask.png,antagens  relacionadas com o
72,4,145,9,54,297,199,306,54,297,199,297,199,306,54,306,sub_line_text,text,text_0,courier,regular,8,20bol3c_20211228_164211_6380266910_600_800.png,/scratch/parceirosbr/bigoilict/share/BigOil/document_generator/datasets/documents_2021_12_28/20bol3c_20211228_164211_6380266910_600_800.png,20bol3c_20211228_164211_6380266910_600_800_mask.png,comportamento  próprio de du-
70,4,140,9,54,310,194,319,54,310,194,310,194,319,54,319,sub_line_text,text,text_0,courier,regular,8,20bol3c_20211228_164211_6380266910_600_800.png,/scratch/parceirosbr/bigoilict/share/BigOil/document_generator/datasets/documents_2021_12_28/20bol3c_20211228_164211_6380266910_600_800.png,20bol3c_20211228_164211_6380266910_600_800_mask.png,tos  de  aço. de transporte:
72,4,145,9,54,323,199,332,54,323,199,323,199,332,54,332,sub_line_text,text,text_0,courier,regular,8,20bol3c_20211228_164211_6380266910_600_800.png,/scratch/parceirosbr/bigoilict/share/BigOil/document_generator/datasets/documents_2021_12_28/20bol3c_20211228_164211_6380266910_600_800.png,20bol3c_20211228_164211_6380266910_600_800_mask.png,sistema  formado por gasodut-
70,4,140,9,54,336,194,345,54,336,194,336,194,345,54,345,sub_line_text,text,text_0,courier,regular,8,20bol3c_20211228_164211_6380266910_600_800.png,/scratch/parceirosbr/bigoilict/share/BigOil/document_generator/datasets/documents_2021_12_28/20bol3c_20211228_164211_6380266910_600_800.png,20bol3c_20211228_164211_6380266910_600_800_mask.png,os  interconectados. Art. 3o
70,4,140,9,54,349,194,358,54,349,194,349,194,358,54,358,sub_line_text,text,text_0,courier,regular,8,20bol3c_20211228_164211_6380266910_600_800.png,/scratch/parceirosbr/bigoilict/share/BigOil/document_generator/datasets/documents_2021_12_28/20bol3c_20211228_164211_6380266910_600_800.png,20bol3c_20211228_164211_6380266910_600_800_mask.png,1o  regime de autorização de
70,4,140,9,54,362,194,371,54,362,194,362,194,371,54,371,sub_line_text,text,text_0,courier,regular,8,20bol3c_20211228_164211_6380266910_600_800.png,/scratch/parceirosbr/bigoilict/share/BigOil/document_generator/datasets/documents_2021_12_28/20bol3c_20211228_164211_6380266910_600_800.png,20bol3c_20211228_164211_6380266910_600_800_mask.png,que trata o inciso do caput.
72,50,145,100,54,271,199,371,54,271,199,271,199,371,54,371,text,text,text_0,courier,regular,8,20bol3c_20211228_164211_6380266910_600_800.png,/scratch/parceirosbr/bigoilict/share/BigOil/document_generator/datasets/documents_2021_12_28/20bol3c_20211228_164211_6380266910_600_800.png,20bol3c_20211228_164211_6380266910_600_800_mask.png,nan
22,5,45,10,105,376,150,386,105,376,150,376,150,386,105,386,sub_line_text,subsubtitle,subsubtitle_0,courier,regular,9,20bol3c_20211228_164211_6380266910_600_800.png,/scratch/parceirosbr/bigoilict/share/BigOil/document_generator/datasets/documents_2021_12_28/20bol3c_20211228_164211_6380266910_600_800.png,20bol3c_20211228_164211_6380266910_600_800_mask.png,Irmãos me
22,5,45,10,105,376,150,386,105,376,150,376,150,386,105,386,title,subsubtitle,subsubtitle_0,courier,regular,9,20bol3c_20211228_164211_6380266910_600_800.png,/scratch/parceirosbr/bigoilict/share/BigOil/document_generator/datasets/documents_2021_12_28/20bol3c_20211228_164211_6380266910_600_800.png,20bol3c_20211228_164211_6380266910_600_800_mask.png,nan
55,4,110,9,89,391,199,400,89,391,199,391,199,400,89,400,sub_line_text,text,text_1,courier,regular,8,20bol3c_20211228_164211_6380266910_600_800.png,/scratch/parceirosbr/bigoilict/share/BigOil/document_generator/datasets/documents_2021_12_28/20bol3c_20211228_164211_6380266910_600_800.png,20bol3c_20211228_164211_6380266910_600_800_mask.png,Percentage  of automo-
72,4,145,9,54,404,199,413,54,404,199,404,199,413,54,413,sub_line_text,text,text_1,courier,regular,8,20bol3c_20211228_164211_6380266910_600_800.png,/scratch/parceirosbr/bigoilict/share/BigOil/document_generator/datasets/documents_2021_12_28/20bol3c_20211228_164211_6380266910_600_800.png,20bol3c_20211228_164211_6380266910_600_800_mask.png,tive  fuel dealerships accor-
72,4,145,9,54,417,199,426,54,417,199,417,199,426,54,426,sub_line_text,text,text_1,courier,regular,8,20bol3c_20211228_164211_6380266910_600_800.png,/scratch/parceirosbr/bigoilict/share/BigOil/document_generator/datasets/documents_2021_12_28/20bol3c_20211228_164211_6380266910_600_800.png,20bol3c_20211228_164211_6380266910_600_800_mask.png,"ding  to the flag, in decrea-"
72,4,145,9,54,430,199,439,54,430,199,430,199,439,54,439,sub_line_text,text,text_1,courier,regular,8,20bol3c_20211228_164211_6380266910_600_800.png,/scratch/parceirosbr/bigoilict/share/BigOil/document_generator/datasets/documents_2021_12_28/20bol3c_20211228_164211_6380266910_600_800.png,20bol3c_20211228_164211_6380266910_600_800_mask.png,sing  order 12/31/2011 of (T-
70,4,140,9,54,443,194,452,54,443,194,443,194,452,54,452,sub_line_text,text,text_1,courier,regular,8,20bol3c_20211228_164211_6380266910_600_800.png,/scratch/parceirosbr/bigoilict/share/BigOil/document_generator/datasets/documents_2021_12_28/20bol3c_20211228_164211_6380266910_600_800.png,20bol3c_20211228_164211_6380266910_600_800_mask.png,"RRs)  of fuels, according to"
67,4,135,9,54,456,189,465,54,456,189,456,189,465,54,465,sub_line_text,text,text_1,courier,regular,8,20bol3c_20211228_164211_6380266910_600_800.png,/scratch/parceirosbr/bigoilict/share/BigOil/document_generator/datasets/documents_2021_12_28/20bol3c_20211228_164211_6380266910_600_800.png,20bol3c_20211228_164211_6380266910_600_800_mask.png,large regions and units of.
72,37,145,74,54,391,199,465,54,391,199,391,199,465,54,465,text,text,text_1,courier,regular,8,20bol3c_20211228_164211_6380266910_600_800.png,/scratch/parceirosbr/bigoilict/share/BigOil/document_generator/datasets/documents_2021_12_28/20bol3c_20211228_164211_6380266910_600_800.png,20bol3c_20211228_164211_6380266910_600_800_mask.png,nan
52,4,105,9,89,470,194,479,89,470,194,470,194,479,89,479,sub_line_text,text,text_2,courier,regular,8,20bol3c_20211228_164211_6380266910_600_800.png,/scratch/parceirosbr/bigoilict/share/BigOil/document_generator/datasets/documents_2021_12_28/20bol3c_20211228_164211_6380266910_600_800.png,20bol3c_20211228_164211_6380266910_600_800_mask.png,"I  does  not hold, in"
72,4,145,9,54,483,199,492,54,483,199,483,199,492,54,492,sub_line_text,text,text_2,courier,regular,8,20bol3c_20211228_164211_6380266910_600_800.png,/scratch/parceirosbr/bigoilict/share/BigOil/document_generator/datasets/documents_2021_12_28/20bol3c_20211228_164211_6380266910_600_800.png,20bol3c_20211228_164211_6380266910_600_800_mask.png,"any  capacity, an area great-"
72,4,145,9,54,496,199,505,54,496,199,496,199,505,54,505,sub_line_text,text,text_2,courier,regular,8,20bol3c_20211228_164211_6380266910_600_800.png,/scratch/parceirosbr/bigoilict/share/BigOil/document_generator/datasets/documents_2021_12_28/20bol3c_20211228_164211_6380266910_600_800.png,20bol3c_20211228_164211_6380266910_600_800_mask.png,er  than 4 (four) fiscal mod-
72,4,145,9,54,509,199,518,54,509,199,509,199,518,54,518,sub_line_text,text,text_2,courier,regular,8,20bol3c_20211228_164211_6380266910_600_800.png,/scratch/parceirosbr/bigoilict/share/BigOil/document_generator/datasets/documents_2021_12_28/20bol3c_20211228_164211_6380266910_600_800.png,20bol3c_20211228_164211_6380266910_600_800_mask.png,"ules;  January, the state wi-"
72,4,145,9,54,522,199,531,54,522,199,522,199,531,54,531,sub_line_text,text,text_2,courier,regular,8,20bol3c_20211228_164211_6380266910_600_800.png,/scratch/parceirosbr/bigoilict/share/BigOil/document_generator/datasets/documents_2021_12_28/20bol3c_20211228_164211_6380266910_600_800.png,20bol3c_20211228_164211_6380266910_600_800_mask.png,th  the highest participation
72,4,145,9,54,535,199,544,54,535,199,535,199,544,54,544,sub_line_text,text,text_2,courier,regular,8,20bol3c_20211228_164211_6380266910_600_800.png,/scratch/parceirosbr/bigoilict/share/BigOil/document_generator/datasets/documents_2021_12_28/20bol3c_20211228_164211_6380266910_600_800.png,20bol3c_20211228_164211_6380266910_600_800_mask.png,in  these reserves (250 bill-
70,4,140,9,54,548,194,557,54,548,194,548,194,557,54,557,sub_line_text,text,text_2,courier,regular,8,20bol3c_20211228_164211_6380266910_600_800.png,/scratch/parceirosbr/bigoilict/share/BigOil/document_generator/datasets/documents_2021_12_28/20bol3c_20211228_164211_6380266910_600_800.png,20bol3c_20211228_164211_6380266910_600_800_mask.png,ion m in offshore reservoir.
72,43,145,87,54,470,199,557,54,470,199,470,199,557,54,557,text,text,text_2,courier,regular,8,20bol3c_20211228_164211_6380266910_600_800.png,/scratch/parceirosbr/bigoilict/share/BigOil/document_generator/datasets/documents_2021_12_28/20bol3c_20211228_164211_6380266910_600_800.png,20bol3c_20211228_164211_6380266910_600_800_mask.png,nan
52,6,105,12,75,562,180,574,75,562,180,562,180,574,75,574,sub_line_text,subtitle,subtitle_0,courier,italic,11,20bol3c_20211228_164211_6380266910_600_800.png,/scratch/parceirosbr/bigoilict/share/BigOil/document_generator/datasets/documents_2021_12_28/20bol3c_20211228_164211_6380266910_600_800.png,20bol3c_20211228_164211_6380266910_600_800_mask.png,Aqui importante
52,6,105,12,75,562,180,574,75,562,180,562,180,574,75,574,title,subtitle,subtitle_0,courier,italic,11,20bol3c_20211228_164211_6380266910_600_800.png,/scratch/parceirosbr/bigoilict/share/BigOil/document_generator/datasets/documents_2021_12_28/20bol3c_20211228_164211_6380266910_600_800.png,20bol3c_20211228_164211_6380266910_600_800_mask.png,nan
52,5,105,10,75,579,180,589,75,579,180,579,180,589,75,589,sub_line_text,subsubtitle,subsubtitle_1,courier,regular,9,20bol3c_20211228_164211_6380266910_600_800.png,/scratch/parceirosbr/bigoilict/share/BigOil/document_generator/datasets/documents_2021_12_28/20bol3c_20211228_164211_6380266910_600_800.png,20bol3c_20211228_164211_6380266910_600_800_mask.png,Solution sonicated an
52,5,105,10,75,579,180,589,75,579,180,579,180,589,75,589,title,subsubtitle,subsubtitle_1,courier,regular,9,20bol3c_20211228_164211_6380266910_600_800.png,/scratch/parceirosbr/bigoilict/share/BigOil/document_generator/datasets/documents_2021_12_28/20bol3c_20211228_164211_6380266910_600_800.png,20bol3c_20211228_164211_6380266910_600_800_mask.png,nan
52,4,105,9,89,594,194,603,89,594,194,594,194,603,89,603,sub_line_text,text,text_3,courier,regular,8,20bol3c_20211228_164211_6380266910_600_800.png,/scratch/parceirosbr/bigoilict/share/BigOil/document_generator/datasets/documents_2021_12_28/20bol3c_20211228_164211_6380266910_600_800.png,20bol3c_20211228_164211_6380266910_600_800_mask.png,"Posteriormente,  para"
72,4,145,9,54,607,199,616,54,607,199,607,199,616,54,616,sub_line_text,text,text_3,courier,regular,8,20bol3c_20211228_164211_6380266910_600_800.png,/scratch/parceirosbr/bigoilict/share/BigOil/document_generator/datasets/documents_2021_12_28/20bol3c_20211228_164211_6380266910_600_800.png,20bol3c_20211228_164211_6380266910_600_800_mask.png,melhor  representar a comple-
72,4,145,9,54,620,199,629,54,620,199,620,199,629,54,629,sub_line_text,text,text_3,courier,regular,8,20bol3c_20211228_164211_6380266910_600_800.png,/scratch/parceirosbr/bigoilict/share/BigOil/document_generator/datasets/documents_2021_12_28/20bol3c_20211228_164211_6380266910_600_800.png,20bol3c_20211228_164211_6380266910_600_800_mask.png,"xidade  da situação real, in-"
70,4,140,9,54,633,194,642,54,633,194,633,194,642,54,642,sub_line_text,text,text_3,courier,regular,8,20bol3c_20211228_164211_6380266910_600_800.png,/scratch/parceirosbr/bigoilict/share/BigOil/document_generator/datasets/documents_2021_12_28/20bol3c_20211228_164211_6380266910_600_800.png,20bol3c_20211228_164211_6380266910_600_800_mask.png,seriu-se  no modelo de bomba
72,4,145,9,54,646,199,655,54,646,199,646,199,655,54,655,sub_line_text,text,text_3,courier,regular,8,20bol3c_20211228_164211_6380266910_600_800.png,/scratch/parceirosbr/bigoilict/share/BigOil/document_generator/datasets/documents_2021_12_28/20bol3c_20211228_164211_6380266910_600_800.png,20bol3c_20211228_164211_6380266910_600_800_mask.png,"centrífuga  e tubulação, int-"
72,4,145,9,54,659,199,668,54,659,199,659,199,668,54,668,sub_line_text,text,text_3,courier,regular,8,20bol3c_20211228_164211_6380266910_600_800.png,/scratch/parceirosbr/bigoilict/share/BigOil/document_generator/datasets/documents_2021_12_28/20bol3c_20211228_164211_6380266910_600_800.png,20bol3c_20211228_164211_6380266910_600_800_mask.png,"erligando a dorna volante, o."
72,37,145,74,54,594,199,668,54,594,199,594,199,668,54,668,text,text,text_3,courier,regular,8,20bol3c_20211228_164211_6380266910_600_800.png,/scratch/parceirosbr/bigoilict/share/BigOil/document_generator/datasets/documents_2021_12_28/20bol3c_20211228_164211_6380266910_600_800.png,20bol3c_20211228_164211_6380266910_600_800_mask.png,nan
72,44,145,88,216,271,361,359,216,271,361,271,361,359,216,359,list,list,list_1,courier,courier,8,20bol3c_20211228_164211_6380266910_600_800.png,/scratch/parceirosbr/bigoilict/share/BigOil/document_generator/datasets/documents_2021_12_28/20bol3c_20211228_164211_6380266910_600_800.png,20bol3c_20211228_164211_6380266910_600_800_mask.png,
42,4,85,9,216,271,301,280,216,271,301,271,301,280,216,280,sub_line_text,list,list_1,courier,regular,8,20bol3c_20211228_164211_6380266910_600_800.png,/scratch/parceirosbr/bigoilict/share/BigOil/document_generator/datasets/documents_2021_12_28/20bol3c_20211228_164211_6380266910_600_800.png,20bol3c_20211228_164211_6380266910_600_800_mask.png,*  In exceptional
72,4,145,9,216,284,361,293,216,284,361,284,361,293,216,293,sub_line_text,list,list_1,courier,regular,8,20bol3c_20211228_164211_6380266910_600_800.png,/scratch/parceirosbr/bigoilict/share/BigOil/document_generator/datasets/documents_2021_12_28/20bol3c_20211228_164211_6380266910_600_800.png,20bol3c_20211228_164211_6380266910_600_800_mask.png,*  At the temperature of 1023
47,4,95,9,216,297,311,306,216,297,311,297,311,306,216,306,sub_line_text,list,list_1,courier,regular,8,20bol3c_20211228_164211_6380266910_600_800.png,/scratch/parceirosbr/bigoilict/share/BigOil/document_generator/datasets/documents_2021_12_28/20bol3c_20211228_164211_6380266910_600_800.png,20bol3c_20211228_164211_6380266910_600_800_mask.png,"*  Thus, during the"
52,4,105,9,216,310,321,319,216,310,321,310,321,319,216,319,sub_line_text,list,list_1,courier,regular,8,20bol3c_20211228_164211_6380266910_600_800.png,/scratch/parceirosbr/bigoilict/share/BigOil/document_generator/datasets/documents_2021_12_28/20bol3c_20211228_164211_6380266910_600_800.png,20bol3c_20211228_164211_6380266910_600_800_mask.png,"*  On the other hand,"
57,4,115,9,216,323,331,332,216,323,331,323,331,332,216,332,sub_line_text,list,list_1,courier,regular,8,20bol3c_20211228_164211_6380266910_600_800.png,/scratch/parceirosbr/bigoilict/share/BigOil/document_generator/datasets/documents_2021_12_28/20bol3c_20211228_164211_6380266910_600_800.png,20bol3c_20211228_164211_6380266910_600_800_mask.png,*  Processes in oil and
67,4,135,9,216,336,351,345,216,336,351,336,351,345,216,345,sub_line_text,list,list_1,courier,regular,8,20bol3c_20211228_164211_6380266910_600_800.png,/scratch/parceirosbr/bigoilict/share/BigOil/document_generator/datasets/documents_2021_12_28/20bol3c_20211228_164211_6380266910_600_800.png,20bol3c_20211228_164211_6380266910_600_800_mask.png,"*  A piocianina (Figura 9),"
40,4,80,9,216,350,296,359,216,350,296,350,296,359,216,359,sub_line_text,list,list_1,courier,regular,8,20bol3c_20211228_164211_6380266910_600_800.png,/scratch/parceirosbr/bigoilict/share/BigOil/document_generator/datasets/documents_2021_12_28/20bol3c_20211228_164211_6380266910_600_800.png,20bol3c_20211228_164211_6380266910_600_800_mask.png,"*  No entanto, a"
52,4,105,9,251,364,356,373,251,364,356,364,356,373,251,373,sub_line_text,text,text_4,courier,regular,8,20bol3c_20211228_164211_6380266910_600_800.png,/scratch/parceirosbr/bigoilict/share/BigOil/document_generator/datasets/documents_2021_12_28/20bol3c_20211228_164211_6380266910_600_800.png,20bol3c_20211228_164211_6380266910_600_800_mask.png,VI.3  envio e análise
72,4,145,9,216,377,361,386,216,377,361,377,361,386,216,386,sub_line_text,text,text_4,courier,regular,8,20bol3c_20211228_164211_6380266910_600_800.png,/scratch/parceirosbr/bigoilict/share/BigOil/document_generator/datasets/documents_2021_12_28/20bol3c_20211228_164211_6380266910_600_800.png,20bol3c_20211228_164211_6380266910_600_800_mask.png,dos  resultados e a comunica-
70,4,140,9,216,390,356,399,216,390,356,390,356,399,216,399,sub_line_text,text,text_4,courier,regular,8,20bol3c_20211228_164211_6380266910_600_800.png,/scratch/parceirosbr/bigoilict/share/BigOil/document_generator/datasets/documents_2021_12_28/20bol3c_20211228_164211_6380266910_600_800.png,20bol3c_20211228_164211_6380266910_600_800_mask.png,ção  de não conformidades à.
72,4,145,9,216,403,361,412,216,403,361,403,361,412,216,412,sub_line_text,text,text_4,courier,regular,8,20bol3c_20211228_164211_6380266910_600_800.png,/scratch/parceirosbr/bigoilict/share/BigOil/document_generator/datasets/documents_2021_12_28/20bol3c_20211228_164211_6380266910_600_800.png,20bol3c_20211228_164211_6380266910_600_800_mask.png,An  example of the use of th-
70,4,140,9,216,416,356,425,216,416,356,416,356,425,216,425,sub_line_text,text,text_4,courier,regular,8,20bol3c_20211228_164211_6380266910_600_800.png,/scratch/parceirosbr/bigoilict/share/BigOil/document_generator/datasets/documents_2021_12_28/20bol3c_20211228_164211_6380266910_600_800.png,20bol3c_20211228_164211_6380266910_600_800_mask.png,is  type  of methodology was
72,4,145,9,216,429,361,438,216,429,361,429,361,438,216,438,sub_line_text,text,text_4,courier,regular,8,20bol3c_20211228_164211_6380266910_600_800.png,/scratch/parceirosbr/bigoilict/share/BigOil/document_generator/datasets/documents_2021_12_28/20bol3c_20211228_164211_6380266910_600_800.png,20bol3c_20211228_164211_6380266910_600_800_mask.png,carried  out by. laminated b-
72,4,145,9,216,442,361,451,216,442,361,442,361,451,216,451,sub_line_text,text,text_4,courier,regular,8,20bol3c_20211228_164211_6380266910_600_800.png,/scratch/parceirosbr/bigoilict/share/BigOil/document_generator/datasets/documents_2021_12_28/20bol3c_20211228_164211_6380266910_600_800.png,20bol3c_20211228_164211_6380266910_600_800_mask.png,lack  containing limestone c-
70,4,140,9,216,455,356,464,216,455,356,455,356,464,216,464,sub_line_text,text,text_4,courier,regular,8,20bol3c_20211228_164211_6380266910_600_800.png,/scratch/parceirosbr/bigoilict/share/BigOil/document_generator/datasets/documents_2021_12_28/20bol3c_20211228_164211_6380266910_600_800.png,20bol3c_20211228_164211_6380266910_600_800_mask.png,oncretions; of carbonate co.
72,50,145,100,216,364,361,464,216,364,361,364,361,464,216,464,text,text,text_4,courier,regular,8,20bol3c_20211228_164211_6380266910_600_800.png,/scratch/parceirosbr/bigoilict/share/BigOil/document_generator/datasets/documents_2021_12_28/20bol3c_20211228_164211_6380266910_600_800.png,20bol3c_20211228_164211_6380266910_600_800_mask.png,nan
55,4,110,9,251,469,361,478,251,469,361,469,361,478,251,478,sub_line_text,text,text_5,courier,regular,8,20bol3c_20211228_164211_6380266910_600_800.png,/scratch/parceirosbr/bigoilict/share/BigOil/document_generator/datasets/documents_2021_12_28/20bol3c_20211228_164211_6380266910_600_800.png,20bol3c_20211228_164211_6380266910_600_800_mask.png,Reuse  of and in a 60-
72,4,145,9,216,482,361,491,216,482,361,482,361,491,216,491,sub_line_text,text,text_5,courier,regular,8,20bol3c_20211228_164211_6380266910_600_800.png,/scratch/parceirosbr/bigoilict/share/BigOil/document_generator/datasets/documents_2021_12_28/20bol3c_20211228_164211_6380266910_600_800.png,20bol3c_20211228_164211_6380266910_600_800_mask.png,"00,  at a voltage of 30 kV, a"
70,4,140,9,216,495,356,504,216,495,356,495,356,504,216,504,sub_line_text,text,text_5,courier,regular,8,20bol3c_20211228_164211_6380266910_600_800.png,/scratch/parceirosbr/bigoilict/share/BigOil/document_generator/datasets/documents_2021_12_28/20bol3c_20211228_164211_6380266910_600_800.png,20bol3c_20211228_164211_6380266910_600_800_mask.png,current  of 30 mA and copper
72,4,145,9,216,508,361,517,216,508,361,508,361,517,216,517,sub_line_text,text,text_5,courier,regular,8,20bol3c_20211228_164211_6380266910_600_800.png,/scratch/parceirosbr/bigoilict/share/BigOil/document_generator/datasets/documents_2021_12_28/20bol3c_20211228_164211_6380266910_600_800.png,20bol3c_20211228_164211_6380266910_600_800_mask.png,radiation  (K-). 3.5.4. Title
70,4,140,9,216,521,356,530,216,521,356,521,356,530,216,530,sub_line_text,text,text_5,courier,regular,8,20bol3c_20211228_164211_6380266910_600_800.png,/scratch/parceirosbr/bigoilict/share/BigOil/document_generator/datasets/documents_2021_12_28/20bol3c_20211228_164211_6380266910_600_800.png,20bol3c_20211228_164211_6380266910_600_800_mask.png,property  that can be freely
72,4,145,9,216,534,361,543,216,534,361,534,361,543,216,543,sub_line_text,text,text_5,courier,regular,8,20bol3c_20211228_164211_6380266910_600_800.png,/scratch/parceirosbr/bigoilict/share/BigOil/document_generator/datasets/documents_2021_12_28/20bol3c_20211228_164211_6380266910_600_800.png,20bol3c_20211228_164211_6380266910_600_800_mask.png,transferred  between buyer a-
70,4,140,9,216,547,356,556,216,547,356,547,356,556,216,556,sub_line_text,text,text_5,courier,regular,8,20bol3c_20211228_164211_6380266910_600_800.png,/scratch/parceirosbr/bigoilict/share/BigOil/document_generator/datasets/documents_2021_12_28/20bol3c_20211228_164211_6380266910_600_800.png,20bol3c_20211228_164211_6380266910_600_800_mask.png,nd  seller.  O suprimento de
70,4,140,9,216,560,356,569,216,560,356,560,356,569,216,569,sub_line_text,text,text_5,courier,regular,8,20bol3c_20211228_164211_6380266910_600_800.png,/scratch/parceirosbr/bigoilict/share/BigOil/document_generator/datasets/documents_2021_12_28/20bol3c_20211228_164211_6380266910_600_800.png,20bol3c_20211228_164211_6380266910_600_800_mask.png,combustíveis  é  viabilizado
70,4,140,9,216,573,356,582,216,573,356,573,356,582,216,582,sub_line_text,text,text_5,courier,regular,8,20bol3c_20211228_164211_6380266910_600_800.png,/scratch/parceirosbr/bigoilict/share/BigOil/document_generator/datasets/documents_2021_12_28/20bol3c_20211228_164211_6380266910_600_800.png,20bol3c_20211228_164211_6380266910_600_800_mask.png,por meio de produção nacion.
72,56,145,113,216,469,361,582,216,469,361,469,361,582,216,582,text,text,text_5,courier,regular,8,20bol3c_20211228_164211_6380266910_600_800.png,/scratch/parceirosbr/bigoilict/share/BigOil/document_generator/datasets/documents_2021_12_28/20bol3c_20211228_164211_6380266910_600_800.png,20bol3c_20211228_164211_6380266910_600_800_mask.png,nan
55,4,110,9,251,587,361,596,251,587,361,587,361,596,251,596,sub_line_text,text,text_6,courier,regular,8,20bol3c_20211228_164211_6380266910_600_800.png,/scratch/parceirosbr/bigoilict/share/BigOil/document_generator/datasets/documents_2021_12_28/20bol3c_20211228_164211_6380266910_600_800.png,20bol3c_20211228_164211_6380266910_600_800_mask.png,Para  melhorar o proc-
72,4,145,9,216,600,361,609,216,600,361,600,361,609,216,609,sub_line_text,text,text_6,courier,regular,8,20bol3c_20211228_164211_6380266910_600_800.png,/scratch/parceirosbr/bigoilict/share/BigOil/document_generator/datasets/documents_2021_12_28/20bol3c_20211228_164211_6380266910_600_800.png,20bol3c_20211228_164211_6380266910_600_800_mask.png,esso  e reduzir a formação de
72,4,145,9,216,613,361,622,216,613,361,613,361,622,216,622,sub_line_text,text,text_6,courier,regular,8,20bol3c_20211228_164211_6380266910_600_800.png,/scratch/parceirosbr/bigoilict/share/BigOil/document_generator/datasets/documents_2021_12_28/20bol3c_20211228_164211_6380266910_600_800.png,20bol3c_20211228_164211_6380266910_600_800_mask.png,"coque,  oxigênio foi adicion-"
72,4,145,9,216,626,361,635,216,626,361,626,361,635,216,635,sub_line_text,text,text_6,courier,regular,8,20bol3c_20211228_164211_6380266910_600_800.png,/scratch/parceirosbr/bigoilict/share/BigOil/document_generator/datasets/documents_2021_12_28/20bol3c_20211228_164211_6380266910_600_800.png,20bol3c_20211228_164211_6380266910_600_800_mask.png,ado  como ar sintético à cor-
72,4,145,9,216,639,361,648,216,639,361,639,361,648,216,648,sub_line_text,text,text_6,courier,regular,8,20bol3c_20211228_164211_6380266910_600_800.png,/scratch/parceirosbr/bigoilict/share/BigOil/document_generator/datasets/documents_2021_12_28/20bol3c_20211228_164211_6380266910_600_800.png,20bol3c_20211228_164211_6380266910_600_800_mask.png,"rente  dos reagentes, numa r-"
72,4,145,9,216,652,361,661,216,652,361,652,361,661,216,661,sub_line_text,text,text_6,courier,regular,8,20bol3c_20211228_164211_6380266910_600_800.png,/scratch/parceirosbr/bigoilict/share/BigOil/document_generator/datasets/documents_2021_12_28/20bol3c_20211228_164211_6380266910_600_800.png,20bol3c_20211228_164211_6380266910_600_800_mask.png,eação  conhecida como do. Tr-
70,4,140,9,216,665,356,674,216,665,356,665,356,674,216,674,sub_line_text,text,text_6,courier,regular,8,20bol3c_20211228_164211_6380266910_600_800.png,/scratch/parceirosbr/bigoilict/share/BigOil/document_generator/datasets/documents_2021_12_28/20bol3c_20211228_164211_6380266910_600_800.png,20bol3c_20211228_164211_6380266910_600_800_mask.png,atando-se do custo de venda.
72,43,145,87,216,587,361,674,216,587,361,587,361,674,216,674,text,text,text_6,courier,regular,8,20bol3c_20211228_164211_6380266910_600_800.png,/scratch/parceirosbr/bigoilict/share/BigOil/document_generator/datasets/documents_2021_12_28/20bol3c_20211228_164211_6380266910_600_800.png,20bol3c_20211228_164211_6380266910_600_800_mask.png,nan
55,4,110,9,251,679,361,688,251,679,361,679,361,688,251,688,sub_line_text,text,text_7,courier,regular,8,20bol3c_20211228_164211_6380266910_600_800.png,/scratch/parceirosbr/bigoilict/share/BigOil/document_generator/datasets/documents_2021_12_28/20bol3c_20211228_164211_6380266910_600_800.png,20bol3c_20211228_164211_6380266910_600_800_mask.png,A 30 apresenta a efi-.
72,37,145,74,378,73,523,147,378,73,523,73,523,147,378,147,list,list,list_2,courier,courier,8,20bol3c_20211228_164211_6380266910_600_800.png,/scratch/parceirosbr/bigoilict/share/BigOil/document_generator/datasets/documents_2021_12_28/20bol3c_20211228_164211_6380266910_600_800.png,20bol3c_20211228_164211_6380266910_600_800_mask.png,
55,4,110,9,251,679,361,688,251,679,361,679,361,688,251,688,text,text,text_7,courier,regular,8,20bol3c_20211228_164211_6380266910_600_800.png,/scratch/parceirosbr/bigoilict/share/BigOil/document_generator/datasets/documents_2021_12_28/20bol3c_20211228_164211_6380266910_600_800.png,20bol3c_20211228_164211_6380266910_600_800_mask.png,nan
67,4,135,9,378,73,513,82,378,73,513,73,513,82,378,82,sub_line_text,list,list_2,courier,regular,8,20bol3c_20211228_164211_6380266910_600_800.png,/scratch/parceirosbr/bigoilict/share/BigOil/document_generator/datasets/documents_2021_12_28/20bol3c_20211228_164211_6380266910_600_800.png,20bol3c_20211228_164211_6380266910_600_800_mask.png,"*  Assim, a regulação surge"
72,4,145,9,378,86,523,95,378,86,523,86,523,95,378,95,sub_line_text,list,list_2,courier,regular,8,20bol3c_20211228_164211_6380266910_600_800.png,/scratch/parceirosbr/bigoilict/share/BigOil/document_generator/datasets/documents_2021_12_28/20bol3c_20211228_164211_6380266910_600_800.png,20bol3c_20211228_164211_6380266910_600_800_mask.png,*  Mature   and   employed  a
17,4,35,9,393,99,428,108,393,99,428,99,428,108,393,108,sub_line_text,list,list_2,courier,regular,8,20bol3c_20211228_164211_6380266910_600_800.png,/scratch/parceirosbr/bigoilict/share/BigOil/document_generator/datasets/documents_2021_12_28/20bol3c_20211228_164211_6380266910_600_800.png,20bol3c_20211228_164211_6380266910_600_800_mask.png,similar
72,4,145,9,378,112,523,121,378,112,523,112,523,121,378,121,sub_line_text,list,list_2,courier,regular,8,20bol3c_20211228_164211_6380266910_600_800.png,/scratch/parceirosbr/bigoilict/share/BigOil/document_generator/datasets/documents_2021_12_28/20bol3c_20211228_164211_6380266910_600_800.png,20bol3c_20211228_164211_6380266910_600_800_mask.png,"*  For   example,   when  the"
20,4,40,9,393,125,433,134,393,125,433,125,433,134,393,134,sub_line_text,list,list_2,courier,regular,8,20bol3c_20211228_164211_6380266910_600_800.png,/scratch/parceirosbr/bigoilict/share/BigOil/document_generator/datasets/documents_2021_12_28/20bol3c_20211228_164211_6380266910_600_800.png,20bol3c_20211228_164211_6380266910_600_800_mask.png,fracture
55,4,110,9,378,138,488,147,378,138,488,138,488,147,378,147,sub_line_text,list,list_2,courier,regular,8,20bol3c_20211228_164211_6380266910_600_800.png,/scratch/parceirosbr/bigoilict/share/BigOil/document_generator/datasets/documents_2021_12_28/20bol3c_20211228_164211_6380266910_600_800.png,20bol3c_20211228_164211_6380266910_600_800_mask.png,"*  In 2016, it reduced"
52,4,105,9,413,152,518,161,413,152,518,152,518,161,413,161,sub_line_text,text,text_8,courier,regular,8,20bol3c_20211228_164211_6380266910_600_800.png,/scratch/parceirosbr/bigoilict/share/BigOil/document_generator/datasets/documents_2021_12_28/20bol3c_20211228_164211_6380266910_600_800.png,20bol3c_20211228_164211_6380266910_600_800_mask.png,High   concentrations
70,4,140,9,378,165,518,174,378,165,518,165,518,174,378,174,sub_line_text,text,text_8,courier,regular,8,20bol3c_20211228_164211_6380266910_600_800.png,/scratch/parceirosbr/bigoilict/share/BigOil/document_generator/datasets/documents_2021_12_28/20bol3c_20211228_164211_6380266910_600_800.png,20bol3c_20211228_164211_6380266910_600_800_mask.png,of  are  desired for the use
72,4,145,9,378,178,523,187,378,178,523,178,523,187,378,187,sub_line_text,text,text_8,courier,regular,8,20bol3c_20211228_164211_6380266910_600_800.png,/scratch/parceirosbr/bigoilict/share/BigOil/document_generator/datasets/documents_2021_12_28/20bol3c_20211228_164211_6380266910_600_800.png,20bol3c_20211228_164211_6380266910_600_800_mask.png,of  gas in the chemical indu-
70,4,140,9,378,191,518,200,378,191,518,191,518,200,378,200,sub_line_text,text,text_8,courier,regular,8,20bol3c_20211228_164211_6380266910_600_800.png,/scratch/parceirosbr/bigoilict/share/BigOil/document_generator/datasets/documents_2021_12_28/20bol3c_20211228_164211_6380266910_600_800.png,20bol3c_20211228_164211_6380266910_600_800_mask.png,stry  and for the production
72,4,145,9,378,204,523,213,378,204,523,204,523,213,378,213,sub_line_text,text,text_8,courier,regular,8,20bol3c_20211228_164211_6380266910_600_800.png,/scratch/parceirosbr/bigoilict/share/BigOil/document_generator/datasets/documents_2021_12_28/20bol3c_20211228_164211_6380266910_600_800.png,20bol3c_20211228_164211_6380266910_600_800_mask.png,of  liquid fuels (van der and
72,4,145,9,378,217,523,226,378,217,523,217,523,226,378,226,sub_line_text,text,text_8,courier,regular,8,20bol3c_20211228_164211_6380266910_600_800.png,/scratch/parceirosbr/bigoilict/share/BigOil/document_generator/datasets/documents_2021_12_28/20bol3c_20211228_164211_6380266910_600_800.png,20bol3c_20211228_164211_6380266910_600_800_mask.png,"2006).  O dead reckoning, pa-"
72,4,145,9,378,230,523,239,378,230,523,230,523,239,378,239,sub_line_text,text,text_8,courier,regular,8,20bol3c_20211228_164211_6380266910_600_800.png,/scratch/parceirosbr/bigoilict/share/BigOil/document_generator/datasets/documents_2021_12_28/20bol3c_20211228_164211_6380266910_600_800.png,20bol3c_20211228_164211_6380266910_600_800_mask.png,"rans  de validação do método,"
70,4,140,9,378,243,518,252,378,243,518,243,518,252,378,252,sub_line_text,text,text_8,courier,regular,8,20bol3c_20211228_164211_6380266910_600_800.png,/scratch/parceirosbr/bigoilict/share/BigOil/document_generator/datasets/documents_2021_12_28/20bol3c_20211228_164211_6380266910_600_800.png,20bol3c_20211228_164211_6380266910_600_800_mask.png,será calculado pela soma de.
72,50,145,100,378,152,523,252,378,152,523,152,523,252,378,252,text,text,text_8,courier,regular,8,20bol3c_20211228_164211_6380266910_600_800.png,/scratch/parceirosbr/bigoilict/share/BigOil/document_generator/datasets/documents_2021_12_28/20bol3c_20211228_164211_6380266910_600_800.png,20bol3c_20211228_164211_6380266910_600_800_mask.png,nan
55,4,110,9,413,257,523,266,413,257,523,257,523,266,413,266,sub_line_text,text,text_9,courier,regular,8,20bol3c_20211228_164211_6380266910_600_800.png,/scratch/parceirosbr/bigoilict/share/BigOil/document_generator/datasets/documents_2021_12_28/20bol3c_20211228_164211_6380266910_600_800.png,20bol3c_20211228_164211_6380266910_600_800_mask.png,In  view of the stable
72,4,145,9,378,270,523,279,378,270,523,270,523,279,378,279,sub_line_text,text,text_9,courier,regular,8,20bol3c_20211228_164211_6380266910_600_800.png,/scratch/parceirosbr/bigoilict/share/BigOil/document_generator/datasets/documents_2021_12_28/20bol3c_20211228_164211_6380266910_600_800.png,20bol3c_20211228_164211_6380266910_600_800_mask.png,"levels  of production, the 1-"
72,4,145,9,378,283,523,292,378,283,523,283,523,292,378,292,sub_line_text,text,text_9,courier,regular,8,20bol3c_20211228_164211_6380266910_600_800.png,/scratch/parceirosbr/bigoilict/share/BigOil/document_generator/datasets/documents_2021_12_28/20bol3c_20211228_164211_6380266910_600_800.png,20bol3c_20211228_164211_6380266910_600_800_mask.png,2.6  aa increase in the added
72,4,145,9,378,296,523,305,378,296,523,296,523,305,378,305,sub_line_text,text,text_9,courier,regular,8,20bol3c_20211228_164211_6380266910_600_800.png,/scratch/parceirosbr/bigoilict/share/BigOil/document_generator/datasets/documents_2021_12_28/20bol3c_20211228_164211_6380266910_600_800.png,20bol3c_20211228_164211_6380266910_600_800_mask.png,value  of the oil sector occ-
72,4,145,9,378,309,523,318,378,309,523,309,523,318,378,318,sub_line_text,text,text_9,courier,regular,8,20bol3c_20211228_164211_6380266910_600_800.png,/scratch/parceirosbr/bigoilict/share/BigOil/document_generator/datasets/documents_2021_12_28/20bol3c_20211228_164211_6380266910_600_800.png,20bol3c_20211228_164211_6380266910_600_800_mask.png,urs  mainly due to the incre-
72,4,145,9,378,322,523,331,378,322,523,322,523,331,378,331,sub_line_text,text,text_9,courier,regular,8,20bol3c_20211228_164211_6380266910_600_800.png,/scratch/parceirosbr/bigoilict/share/BigOil/document_generator/datasets/documents_2021_12_28/20bol3c_20211228_164211_6380266910_600_800.png,20bol3c_20211228_164211_6380266910_600_800_mask.png,"ase  in refining capacity, w-"
70,4,140,9,378,335,518,344,378,335,518,335,518,344,378,344,sub_line_text,text,text_9,courier,regular,8,20bol3c_20211228_164211_6380266910_600_800.png,/scratch/parceirosbr/bigoilict/share/BigOil/document_generator/datasets/documents_2021_12_28/20bol3c_20211228_164211_6380266910_600_800.png,20bol3c_20211228_164211_6380266910_600_800_mask.png,hich  goes from 525 thousand
72,4,145,9,378,348,523,357,378,348,523,348,523,357,378,357,sub_line_text,text,text_9,courier,regular,8,20bol3c_20211228_164211_6380266910_600_800.png,/scratch/parceirosbr/bigoilict/share/BigOil/document_generator/datasets/documents_2021_12_28/20bol3c_20211228_164211_6380266910_600_800.png,20bol3c_20211228_164211_6380266910_600_800_mask.png,"b  / d in 1970 to 1,202 thou-"
72,4,145,9,378,361,523,370,378,361,523,361,523,370,378,370,sub_line_text,text,text_9,courier,regular,8,20bol3c_20211228_164211_6380266910_600_800.png,/scratch/parceirosbr/bigoilict/share/BigOil/document_generator/datasets/documents_2021_12_28/20bol3c_20211228_164211_6380266910_600_800.png,20bol3c_20211228_164211_6380266910_600_800_mask.png,"sand  b / d d, in 1979 2004)."
70,4,140,9,378,374,518,383,378,374,518,374,518,383,378,383,sub_line_text,text,text_9,courier,regular,8,20bol3c_20211228_164211_6380266910_600_800.png,/scratch/parceirosbr/bigoilict/share/BigOil/document_generator/datasets/documents_2021_12_28/20bol3c_20211228_164211_6380266910_600_800.png,20bol3c_20211228_164211_6380266910_600_800_mask.png,A  identificação da presença
70,4,140,9,378,387,518,396,378,387,518,387,518,396,378,396,sub_line_text,text,text_9,courier,regular,8,20bol3c_20211228_164211_6380266910_600_800.png,/scratch/parceirosbr/bigoilict/share/BigOil/document_generator/datasets/documents_2021_12_28/20bol3c_20211228_164211_6380266910_600_800.png,20bol3c_20211228_164211_6380266910_600_800_mask.png,de biomarcadores no óleo su.
72,69,145,139,378,257,523,396,378,257,523,257,523,396,378,396,text,text,text_9,courier,regular,8,20bol3c_20211228_164211_6380266910_600_800.png,/scratch/parceirosbr/bigoilict/share/BigOil/document_generator/datasets/documents_2021_12_28/20bol3c_20211228_164211_6380266910_600_800.png,20bol3c_20211228_164211_6380266910_600_800_mask.png,nan
52,4,105,9,413,401,518,410,413,401,518,401,518,410,413,410,sub_line_text,text,text_10,courier,regular,8,20bol3c_20211228_164211_6380266910_600_800.png,/scratch/parceirosbr/bigoilict/share/BigOil/document_generator/datasets/documents_2021_12_28/20bol3c_20211228_164211_6380266910_600_800.png,20bol3c_20211228_164211_6380266910_600_800_mask.png,China  to send to the
72,4,145,9,378,414,523,423,378,414,523,414,523,423,378,423,sub_line_text,text,text_10,courier,regular,8,20bol3c_20211228_164211_6380266910_600_800.png,/scratch/parceirosbr/bigoilict/share/BigOil/document_generator/datasets/documents_2021_12_28/20bol3c_20211228_164211_6380266910_600_800.png,20bol3c_20211228_164211_6380266910_600_800_mask.png,in  reference to the tenth in
70,4,140,9,378,427,518,436,378,427,518,427,518,436,378,436,sub_line_text,text,text_10,courier,regular,8,20bol3c_20211228_164211_6380266910_600_800.png,/scratch/parceirosbr/bigoilict/share/BigOil/document_generator/datasets/documents_2021_12_28/20bol3c_20211228_164211_6380266910_600_800.png,20bol3c_20211228_164211_6380266910_600_800_mask.png,current  transactions  to be
72,4,145,9,378,440,523,449,378,440,523,440,523,449,378,449,sub_line_text,text,text_10,courier,regular,8,20bol3c_20211228_164211_6380266910_600_800.png,/scratch/parceirosbr/bigoilict/share/BigOil/document_generator/datasets/documents_2021_12_28/20bol3c_20211228_164211_6380266910_600_800.png,20bol3c_20211228_164211_6380266910_600_800_mask.png,financed  largely by the pur-
72,4,145,9,378,453,523,462,378,453,523,453,523,462,378,462,sub_line_text,text,text_10,courier,regular,8,20bol3c_20211228_164211_6380266910_600_800.png,/scratch/parceirosbr/bigoilict/share/BigOil/document_generator/datasets/documents_2021_12_28/20bol3c_20211228_164211_6380266910_600_800.png,20bol3c_20211228_164211_6380266910_600_800_mask.png,chase  of US government bonds
70,4,140,9,378,466,518,475,378,466,518,466,518,475,378,475,sub_line_text,text,text_10,courier,regular,8,20bol3c_20211228_164211_6380266910_600_800.png,/scratch/parceirosbr/bigoilict/share/BigOil/document_generator/datasets/documents_2021_12_28/20bol3c_20211228_164211_6380266910_600_800.png,20bol3c_20211228_164211_6380266910_600_800_mask.png,by the Chinese 2008) 75. In.
72,37,145,74,378,401,523,475,378,401,523,401,523,475,378,475,text,text,text_10,courier,regular,8,20bol3c_20211228_164211_6380266910_600_800.png,/scratch/parceirosbr/bigoilict/share/BigOil/document_generator/datasets/documents_2021_12_28/20bol3c_20211228_164211_6380266910_600_800.png,20bol3c_20211228_164211_6380266910_600_800_mask.png,nan
55,4,110,9,413,480,523,489,413,480,523,480,523,489,413,489,sub_line_text,text,text_11,courier,regular,8,20bol3c_20211228_164211_6380266910_600_800.png,/scratch/parceirosbr/bigoilict/share/BigOil/document_generator/datasets/documents_2021_12_28/20bol3c_20211228_164211_6380266910_600_800.png,20bol3c_20211228_164211_6380266910_600_800_mask.png,Estas  correntes geram
72,4,145,9,378,493,523,502,378,493,523,493,523,502,378,502,sub_line_text,text,text_11,courier,regular,8,20bol3c_20211228_164211_6380266910_600_800.png,/scratch/parceirosbr/bigoilict/share/BigOil/document_generator/datasets/documents_2021_12_28/20bol3c_20211228_164211_6380266910_600_800.png,20bol3c_20211228_164211_6380266910_600_800_mask.png,um  campo magnético secundár-
72,4,145,9,378,506,523,515,378,506,523,506,523,515,378,515,sub_line_text,text,text_11,courier,regular,8,20bol3c_20211228_164211_6380266910_600_800.png,/scratch/parceirosbr/bigoilict/share/BigOil/document_generator/datasets/documents_2021_12_28/20bol3c_20211228_164211_6380266910_600_800.png,20bol3c_20211228_164211_6380266910_600_800_mask.png,io  que é analisado relativa-
72,4,145,9,378,519,523,528,378,519,523,519,523,528,378,528,sub_line_text,text,text_11,courier,regular,8,20bol3c_20211228_164211_6380266910_600_800.png,/scratch/parceirosbr/bigoilict/share/BigOil/document_generator/datasets/documents_2021_12_28/20bol3c_20211228_164211_6380266910_600_800.png,20bol3c_20211228_164211_6380266910_600_800_mask.png,mente  ao campo primário. Es-
72,4,145,9,378,532,523,541,378,532,523,532,523,541,378,541,sub_line_text,text,text_11,courier,regular,8,20bol3c_20211228_164211_6380266910_600_800.png,/scratch/parceirosbr/bigoilict/share/BigOil/document_generator/datasets/documents_2021_12_28/20bol3c_20211228_164211_6380266910_600_800.png,20bol3c_20211228_164211_6380266910_600_800_mask.png,te  trabalho apresenta a sín-
70,4,140,9,378,545,518,554,378,545,518,545,518,554,378,554,sub_line_text,text,text_11,courier,regular,8,20bol3c_20211228_164211_6380266910_600_800.png,/scratch/parceirosbr/bigoilict/share/BigOil/document_generator/datasets/documents_2021_12_28/20bol3c_20211228_164211_6380266910_600_800.png,20bol3c_20211228_164211_6380266910_600_800_mask.png,tese dos plumbatos de estru.
72,37,145,74,378,480,523,554,378,480,523,480,523,554,378,554,text,text,text_11,courier,regular,8,20bol3c_20211228_164211_6380266910_600_800.png,/scratch/parceirosbr/bigoilict/share/BigOil/document_generator/datasets/documents_2021_12_28/20bol3c_20211228_164211_6380266910_600_800.png,20bol3c_20211228_164211_6380266910_600_800_mask.png,nan
55,4,110,9,413,559,523,568,413,559,523,559,523,568,413,568,sub_line_text,text,text_12,courier,regular,8,20bol3c_20211228_164211_6380266910_600_800.png,/scratch/parceirosbr/bigoilict/share/BigOil/document_generator/datasets/documents_2021_12_28/20bol3c_20211228_164211_6380266910_600_800.png,20bol3c_20211228_164211_6380266910_600_800_mask.png,It  was established t-
72,4,145,9,378,572,523,581,378,572,523,572,523,581,378,581,sub_line_text,text,text_12,courier,regular,8,20bol3c_20211228_164211_6380266910_600_800.png,/scratch/parceirosbr/bigoilict/share/BigOil/document_generator/datasets/documents_2021_12_28/20bol3c_20211228_164211_6380266910_600_800.png,20bol3c_20211228_164211_6380266910_600_800_mask.png,hat  the ex-refinery price p-
72,4,145,9,378,585,523,594,378,585,523,585,523,594,378,594,sub_line_text,text,text_12,courier,regular,8,20bol3c_20211228_164211_6380266910_600_800.png,/scratch/parceirosbr/bigoilict/share/BigOil/document_generator/datasets/documents_2021_12_28/20bol3c_20211228_164211_6380266910_600_800.png,20bol3c_20211228_164211_6380266910_600_800_mask.png,"er  unit, excluding single t-"
70,4,140,9,378,598,518,607,378,598,518,598,518,607,378,607,sub_line_text,text,text_12,courier,regular,8,20bol3c_20211228_164211_6380266910_600_800.png,/scratch/parceirosbr/bigoilict/share/BigOil/document_generator/datasets/documents_2021_12_28/20bol3c_20211228_164211_6380266910_600_800.png,20bol3c_20211228_164211_6380266910_600_800_mask.png,"ax,  of  tabulated petroleum"
72,4,145,9,378,611,523,620,378,611,523,611,523,620,378,620,sub_line_text,text,text_12,courier,regular,8,20bol3c_20211228_164211_6380266910_600_800.png,/scratch/parceirosbr/bigoilict/share/BigOil/document_generator/datasets/documents_2021_12_28/20bol3c_20211228_164211_6380266910_600_800.png,20bol3c_20211228_164211_6380266910_600_800_mask.png,products  produced in the co-
72,4,145,9,378,624,523,633,378,624,523,624,523,633,378,633,sub_line_text,text,text_12,courier,regular,8,20bol3c_20211228_164211_6380266910_600_800.png,/scratch/parceirosbr/bigoilict/share/BigOil/document_generator/datasets/documents_2021_12_28/20bol3c_20211228_164211_6380266910_600_800.png,20bol3c_20211228_164211_6380266910_600_800_mask.png,untry  will be set periodica-
72,4,145,9,378,637,523,646,378,637,523,637,523,646,378,646,sub_line_text,text,text_12,courier,regular,8,20bol3c_20211228_164211_6380266910_600_800.png,/scratch/parceirosbr/bigoilict/share/BigOil/document_generator/datasets/documents_2021_12_28/20bol3c_20211228_164211_6380266910_600_800.png,20bol3c_20211228_164211_6380266910_600_800_mask.png,lly  by multiplying the coef-
72,4,145,9,378,650,523,659,378,650,523,650,523,659,378,659,sub_line_text,text,text_12,courier,regular,8,20bol3c_20211228_164211_6380266910_600_800.png,/scratch/parceirosbr/bigoilict/share/BigOil/document_generator/datasets/documents_2021_12_28/20bol3c_20211228_164211_6380266910_600_800.png,20bol3c_20211228_164211_6380266910_600_800_mask.png,ficients by the average cost.
72,50,145,100,378,559,523,659,378,559,523,559,523,659,378,659,text,text,text_12,courier,regular,8,20bol3c_20211228_164211_6380266910_600_800.png,/scratch/parceirosbr/bigoilict/share/BigOil/document_generator/datasets/documents_2021_12_28/20bol3c_20211228_164211_6380266910_600_800.png,20bol3c_20211228_164211_6380266910_600_800_mask.png,nan
