center_x,center_y,width,height,xmin,ymin,xmax,ymax,top_left_x,top_left_y,top_right_x,top_right_y,bottom_right_x,bottom_right_y,bottom_left_x,bottom_left_y,label,grouplabel,group,text_font,text_style,size_font,filename,path,filename_mask,content
300,400,600,800,0,0,600,800,0,0,600,0,600,800,0,800,document,,,,,,20bol3c_20211228_164211_3035193700_600_800.png,/scratch/parceirosbr/bigoilict/share/BigOil/document_generator/datasets/documents_2021_12_28/20bol3c_20211228_164211_3035193700_600_800.png,20bol3c_20211228_164211_3035193700_600_800_mask.png,
242,4,484,8,53,709,537,717,53,709,537,715,537,717,53,711,line,line,line,,,,20bol3c_20211228_164211_3035193700_600_800.png,/scratch/parceirosbr/bigoilict/share/BigOil/document_generator/datasets/documents_2021_12_28/20bol3c_20211228_164211_3035193700_600_800.png,20bol3c_20211228_164211_3035193700_600_800_mask.png,nan
7,5,15,10,53,709,68,719,53,709,68,709,68,719,53,719,sub_line_text,numpag,footer_1,courier,regular,9,20bol3c_20211228_164211_3035193700_600_800.png,/scratch/parceirosbr/bigoilict/share/BigOil/document_generator/datasets/documents_2021_12_28/20bol3c_20211228_164211_3035193700_600_800.png,20bol3c_20211228_164211_3035193700_600_800_mask.png,145
7,5,15,10,53,709,68,719,53,709,68,709,68,719,53,719,text,numpag,footer_1,courier,regular,9,20bol3c_20211228_164211_3035193700_600_800.png,/scratch/parceirosbr/bigoilict/share/BigOil/document_generator/datasets/documents_2021_12_28/20bol3c_20211228_164211_3035193700_600_800.png,20bol3c_20211228_164211_3035193700_600_800_mask.png,nan
47,5,95,11,441,714,536,725,441,714,536,715,536,725,441,724,sub_line_text,footer,footer_1,courier,regular,9,20bol3c_20211228_164211_3035193700_600_800.png,/scratch/parceirosbr/bigoilict/share/BigOil/document_generator/datasets/documents_2021_12_28/20bol3c_20211228_164211_3035193700_600_800.png,20bol3c_20211228_164211_3035193700_600_800_mask.png,Foram solubilizadas
47,5,95,11,441,714,536,725,441,714,536,715,536,725,441,724,text,footer,footer_1,courier,regular,9,20bol3c_20211228_164211_3035193700_600_800.png,/scratch/parceirosbr/bigoilict/share/BigOil/document_generator/datasets/documents_2021_12_28/20bol3c_20211228_164211_3035193700_600_800.png,20bol3c_20211228_164211_3035193700_600_800_mask.png,nan
81,157,162,314,205,62,367,376,209,62,367,64,363,376,205,374,table,table_image,table_0,,,,20bol3c_20211228_164211_3035193700_600_800.png,/scratch/parceirosbr/bigoilict/share/BigOil/document_generator/datasets/documents_2021_12_28/20bol3c_20211228_164211_3035193700_600_800.png,20bol3c_20211228_164211_3035193700_600_800_mask.png,output/gen_tab_20211228_164212_3622340215.png
26,6,52,13,218,67,270,80,218,67,270,68,270,80,218,79,text,table_text,table_0,opensans,bold,9.0,20bol3c_20211228_164211_3035193700_600_800.png,/scratch/parceirosbr/bigoilict/share/BigOil/document_generator/datasets/documents_2021_12_28/20bol3c_20211228_164211_3035193700_600_800.png,20bol3c_20211228_164211_3035193700_600_800_mask.png,publicações
26,6,52,13,218,67,270,80,218,67,270,68,270,80,218,79,sub_line_text,table_text,table_0,opensans,bold,9.0,20bol3c_20211228_164211_3035193700_600_800.png,/scratch/parceirosbr/bigoilict/share/BigOil/document_generator/datasets/documents_2021_12_28/20bol3c_20211228_164211_3035193700_600_800.png,20bol3c_20211228_164211_3035193700_600_800_mask.png,publicações
16,6,33,13,236,82,269,95,236,82,269,83,269,95,236,94,text,table_text,table_0,opensans,bold,9.0,20bol3c_20211228_164211_3035193700_600_800.png,/scratch/parceirosbr/bigoilict/share/BigOil/document_generator/datasets/documents_2021_12_28/20bol3c_20211228_164211_3035193700_600_800.png,20bol3c_20211228_164211_3035193700_600_800_mask.png,2454152
16,6,33,13,236,82,269,95,236,82,269,83,269,95,236,94,sub_line_text,table_text,table_0,opensans,bold,9.0,20bol3c_20211228_164211_3035193700_600_800.png,/scratch/parceirosbr/bigoilict/share/BigOil/document_generator/datasets/documents_2021_12_28/20bol3c_20211228_164211_3035193700_600_800.png,20bol3c_20211228_164211_3035193700_600_800_mask.png,2454152
12,6,24,12,246,97,270,109,246,97,270,97,270,109,246,109,text,table_text,table_0,opensans,bold,9.0,20bol3c_20211228_164211_3035193700_600_800.png,/scratch/parceirosbr/bigoilict/share/BigOil/document_generator/datasets/documents_2021_12_28/20bol3c_20211228_164211_3035193700_600_800.png,20bol3c_20211228_164211_3035193700_600_800_mask.png,47640
12,6,24,12,246,97,270,109,246,97,270,97,270,109,246,109,sub_line_text,table_text,table_0,opensans,bold,9.0,20bol3c_20211228_164211_3035193700_600_800.png,/scratch/parceirosbr/bigoilict/share/BigOil/document_generator/datasets/documents_2021_12_28/20bol3c_20211228_164211_3035193700_600_800.png,20bol3c_20211228_164211_3035193700_600_800_mask.png,47640
9,6,19,12,251,112,270,124,251,112,270,112,270,124,251,124,text,table_text,table_0,opensans,bold,9.0,20bol3c_20211228_164211_3035193700_600_800.png,/scratch/parceirosbr/bigoilict/share/BigOil/document_generator/datasets/documents_2021_12_28/20bol3c_20211228_164211_3035193700_600_800.png,20bol3c_20211228_164211_3035193700_600_800_mask.png,9007
9,6,19,12,251,112,270,124,251,112,270,112,270,124,251,124,sub_line_text,table_text,table_0,opensans,bold,9.0,20bol3c_20211228_164211_3035193700_600_800.png,/scratch/parceirosbr/bigoilict/share/BigOil/document_generator/datasets/documents_2021_12_28/20bol3c_20211228_164211_3035193700_600_800.png,20bol3c_20211228_164211_3035193700_600_800_mask.png,9007
12,6,24,12,246,126,270,138,246,126,270,126,270,138,246,138,text,table_text,table_0,opensans,bold,9.0,20bol3c_20211228_164211_3035193700_600_800.png,/scratch/parceirosbr/bigoilict/share/BigOil/document_generator/datasets/documents_2021_12_28/20bol3c_20211228_164211_3035193700_600_800.png,20bol3c_20211228_164211_3035193700_600_800_mask.png,89911
12,6,24,12,246,126,270,138,246,126,270,126,270,138,246,138,sub_line_text,table_text,table_0,opensans,bold,9.0,20bol3c_20211228_164211_3035193700_600_800.png,/scratch/parceirosbr/bigoilict/share/BigOil/document_generator/datasets/documents_2021_12_28/20bol3c_20211228_164211_3035193700_600_800.png,20bol3c_20211228_164211_3035193700_600_800_mask.png,89911
16,6,33,13,236,140,269,153,236,140,269,141,269,153,236,152,text,table_text,table_0,opensans,bold,9.0,20bol3c_20211228_164211_3035193700_600_800.png,/scratch/parceirosbr/bigoilict/share/BigOil/document_generator/datasets/documents_2021_12_28/20bol3c_20211228_164211_3035193700_600_800.png,20bol3c_20211228_164211_3035193700_600_800_mask.png,7304824
16,6,33,13,236,140,269,153,236,140,269,141,269,153,236,152,sub_line_text,table_text,table_0,opensans,bold,9.0,20bol3c_20211228_164211_3035193700_600_800.png,/scratch/parceirosbr/bigoilict/share/BigOil/document_generator/datasets/documents_2021_12_28/20bol3c_20211228_164211_3035193700_600_800.png,20bol3c_20211228_164211_3035193700_600_800_mask.png,7304824
12,6,25,12,245,156,270,168,246,156,270,156,269,168,245,168,text,table_text,table_0,opensans,bold,9.0,20bol3c_20211228_164211_3035193700_600_800.png,/scratch/parceirosbr/bigoilict/share/BigOil/document_generator/datasets/documents_2021_12_28/20bol3c_20211228_164211_3035193700_600_800.png,20bol3c_20211228_164211_3035193700_600_800_mask.png,63335
12,6,25,12,245,156,270,168,246,156,270,156,269,168,245,168,sub_line_text,table_text,table_0,opensans,bold,9.0,20bol3c_20211228_164211_3035193700_600_800.png,/scratch/parceirosbr/bigoilict/share/BigOil/document_generator/datasets/documents_2021_12_28/20bol3c_20211228_164211_3035193700_600_800.png,20bol3c_20211228_164211_3035193700_600_800_mask.png,63335
12,6,24,12,245,170,269,182,245,170,269,170,269,182,245,182,text,table_text,table_0,opensans,bold,9.0,20bol3c_20211228_164211_3035193700_600_800.png,/scratch/parceirosbr/bigoilict/share/BigOil/document_generator/datasets/documents_2021_12_28/20bol3c_20211228_164211_3035193700_600_800.png,20bol3c_20211228_164211_3035193700_600_800_mask.png,19130
12,6,24,12,245,170,269,182,245,170,269,170,269,182,245,182,sub_line_text,table_text,table_0,opensans,bold,9.0,20bol3c_20211228_164211_3035193700_600_800.png,/scratch/parceirosbr/bigoilict/share/BigOil/document_generator/datasets/documents_2021_12_28/20bol3c_20211228_164211_3035193700_600_800.png,20bol3c_20211228_164211_3035193700_600_800_mask.png,19130
16,6,33,13,235,184,268,197,235,184,268,185,268,197,235,196,text,table_text,table_0,opensans,bold,9.0,20bol3c_20211228_164211_3035193700_600_800.png,/scratch/parceirosbr/bigoilict/share/BigOil/document_generator/datasets/documents_2021_12_28/20bol3c_20211228_164211_3035193700_600_800.png,20bol3c_20211228_164211_3035193700_600_800_mask.png,5445614
16,6,33,13,235,184,268,197,235,184,268,185,268,197,235,196,sub_line_text,table_text,table_0,opensans,bold,9.0,20bol3c_20211228_164211_3035193700_600_800.png,/scratch/parceirosbr/bigoilict/share/BigOil/document_generator/datasets/documents_2021_12_28/20bol3c_20211228_164211_3035193700_600_800.png,20bol3c_20211228_164211_3035193700_600_800_mask.png,5445614
16,6,33,13,235,198,268,211,235,198,268,199,268,211,235,210,text,table_text,table_0,opensans,bold,9.0,20bol3c_20211228_164211_3035193700_600_800.png,/scratch/parceirosbr/bigoilict/share/BigOil/document_generator/datasets/documents_2021_12_28/20bol3c_20211228_164211_3035193700_600_800.png,20bol3c_20211228_164211_3035193700_600_800_mask.png,4958268
16,6,33,13,235,198,268,211,235,198,268,199,268,211,235,210,sub_line_text,table_text,table_0,opensans,bold,9.0,20bol3c_20211228_164211_3035193700_600_800.png,/scratch/parceirosbr/bigoilict/share/BigOil/document_generator/datasets/documents_2021_12_28/20bol3c_20211228_164211_3035193700_600_800.png,20bol3c_20211228_164211_3035193700_600_800_mask.png,4958268
12,6,24,12,245,214,269,226,245,214,269,214,269,226,245,226,text,table_text,table_0,opensans,bold,9.0,20bol3c_20211228_164211_3035193700_600_800.png,/scratch/parceirosbr/bigoilict/share/BigOil/document_generator/datasets/documents_2021_12_28/20bol3c_20211228_164211_3035193700_600_800.png,20bol3c_20211228_164211_3035193700_600_800_mask.png,60472
12,6,24,12,245,214,269,226,245,214,269,214,269,226,245,226,sub_line_text,table_text,table_0,opensans,bold,9.0,20bol3c_20211228_164211_3035193700_600_800.png,/scratch/parceirosbr/bigoilict/share/BigOil/document_generator/datasets/documents_2021_12_28/20bol3c_20211228_164211_3035193700_600_800.png,20bol3c_20211228_164211_3035193700_600_800_mask.png,60472
14,6,29,13,239,227,268,240,240,227,268,228,267,240,239,239,text,table_text,table_0,opensans,bold,9.0,20bol3c_20211228_164211_3035193700_600_800.png,/scratch/parceirosbr/bigoilict/share/BigOil/document_generator/datasets/documents_2021_12_28/20bol3c_20211228_164211_3035193700_600_800.png,20bol3c_20211228_164211_3035193700_600_800_mask.png,604077
14,6,29,13,239,227,268,240,240,227,268,228,267,240,239,239,sub_line_text,table_text,table_0,opensans,bold,9.0,20bol3c_20211228_164211_3035193700_600_800.png,/scratch/parceirosbr/bigoilict/share/BigOil/document_generator/datasets/documents_2021_12_28/20bol3c_20211228_164211_3035193700_600_800.png,20bol3c_20211228_164211_3035193700_600_800_mask.png,604077
16,6,33,13,234,242,267,255,234,242,267,243,267,255,234,254,text,table_text,table_0,opensans,bold,9.0,20bol3c_20211228_164211_3035193700_600_800.png,/scratch/parceirosbr/bigoilict/share/BigOil/document_generator/datasets/documents_2021_12_28/20bol3c_20211228_164211_3035193700_600_800.png,20bol3c_20211228_164211_3035193700_600_800_mask.png,7915500
16,6,33,13,234,242,267,255,234,242,267,243,267,255,234,254,sub_line_text,table_text,table_0,opensans,bold,9.0,20bol3c_20211228_164211_3035193700_600_800.png,/scratch/parceirosbr/bigoilict/share/BigOil/document_generator/datasets/documents_2021_12_28/20bol3c_20211228_164211_3035193700_600_800.png,20bol3c_20211228_164211_3035193700_600_800_mask.png,7915500
16,6,33,13,234,256,267,269,234,256,267,257,267,269,234,268,text,table_text,table_0,opensans,bold,9.0,20bol3c_20211228_164211_3035193700_600_800.png,/scratch/parceirosbr/bigoilict/share/BigOil/document_generator/datasets/documents_2021_12_28/20bol3c_20211228_164211_3035193700_600_800.png,20bol3c_20211228_164211_3035193700_600_800_mask.png,3898124
16,6,33,13,234,256,267,269,234,256,267,257,267,269,234,268,sub_line_text,table_text,table_0,opensans,bold,9.0,20bol3c_20211228_164211_3035193700_600_800.png,/scratch/parceirosbr/bigoilict/share/BigOil/document_generator/datasets/documents_2021_12_28/20bol3c_20211228_164211_3035193700_600_800.png,20bol3c_20211228_164211_3035193700_600_800_mask.png,3898124
16,6,33,13,234,271,267,284,234,271,267,272,267,284,234,283,text,table_text,table_0,opensans,bold,9.0,20bol3c_20211228_164211_3035193700_600_800.png,/scratch/parceirosbr/bigoilict/share/BigOil/document_generator/datasets/documents_2021_12_28/20bol3c_20211228_164211_3035193700_600_800.png,20bol3c_20211228_164211_3035193700_600_800_mask.png,4464268
16,6,33,13,234,271,267,284,234,271,267,272,267,284,234,283,sub_line_text,table_text,table_0,opensans,bold,9.0,20bol3c_20211228_164211_3035193700_600_800.png,/scratch/parceirosbr/bigoilict/share/BigOil/document_generator/datasets/documents_2021_12_28/20bol3c_20211228_164211_3035193700_600_800.png,20bol3c_20211228_164211_3035193700_600_800_mask.png,4464268
9,6,19,12,249,286,268,298,249,286,268,286,268,298,249,298,text,table_text,table_0,opensans,bold,9.0,20bol3c_20211228_164211_3035193700_600_800.png,/scratch/parceirosbr/bigoilict/share/BigOil/document_generator/datasets/documents_2021_12_28/20bol3c_20211228_164211_3035193700_600_800.png,20bol3c_20211228_164211_3035193700_600_800_mask.png,9581
9,6,19,12,249,286,268,298,249,286,268,286,268,298,249,298,sub_line_text,table_text,table_0,opensans,bold,9.0,20bol3c_20211228_164211_3035193700_600_800.png,/scratch/parceirosbr/bigoilict/share/BigOil/document_generator/datasets/documents_2021_12_28/20bol3c_20211228_164211_3035193700_600_800.png,20bol3c_20211228_164211_3035193700_600_800_mask.png,9581
12,6,25,12,243,301,268,313,244,301,268,301,267,313,243,313,text,table_text,table_0,opensans,bold,9.0,20bol3c_20211228_164211_3035193700_600_800.png,/scratch/parceirosbr/bigoilict/share/BigOil/document_generator/datasets/documents_2021_12_28/20bol3c_20211228_164211_3035193700_600_800.png,20bol3c_20211228_164211_3035193700_600_800_mask.png,85373
12,6,25,12,243,301,268,313,244,301,268,301,267,313,243,313,sub_line_text,table_text,table_0,opensans,bold,9.0,20bol3c_20211228_164211_3035193700_600_800.png,/scratch/parceirosbr/bigoilict/share/BigOil/document_generator/datasets/documents_2021_12_28/20bol3c_20211228_164211_3035193700_600_800.png,20bol3c_20211228_164211_3035193700_600_800_mask.png,85373
9,6,19,12,248,315,267,327,248,315,267,315,267,327,248,327,text,table_text,table_0,opensans,bold,9.0,20bol3c_20211228_164211_3035193700_600_800.png,/scratch/parceirosbr/bigoilict/share/BigOil/document_generator/datasets/documents_2021_12_28/20bol3c_20211228_164211_3035193700_600_800.png,20bol3c_20211228_164211_3035193700_600_800_mask.png,4841
9,6,19,12,248,315,267,327,248,315,267,315,267,327,248,327,sub_line_text,table_text,table_0,opensans,bold,9.0,20bol3c_20211228_164211_3035193700_600_800.png,/scratch/parceirosbr/bigoilict/share/BigOil/document_generator/datasets/documents_2021_12_28/20bol3c_20211228_164211_3035193700_600_800.png,20bol3c_20211228_164211_3035193700_600_800_mask.png,4841
16,6,33,13,233,329,266,342,233,329,266,330,266,342,233,341,text,table_text,table_0,opensans,bold,9.0,20bol3c_20211228_164211_3035193700_600_800.png,/scratch/parceirosbr/bigoilict/share/BigOil/document_generator/datasets/documents_2021_12_28/20bol3c_20211228_164211_3035193700_600_800.png,20bol3c_20211228_164211_3035193700_600_800_mask.png,2643925
16,6,33,13,233,329,266,342,233,329,266,330,266,342,233,341,sub_line_text,table_text,table_0,opensans,bold,9.0,20bol3c_20211228_164211_3035193700_600_800.png,/scratch/parceirosbr/bigoilict/share/BigOil/document_generator/datasets/documents_2021_12_28/20bol3c_20211228_164211_3035193700_600_800.png,20bol3c_20211228_164211_3035193700_600_800_mask.png,2643925
9,6,19,12,248,344,267,356,248,344,267,344,267,356,248,356,text,table_text,table_0,opensans,bold,9.0,20bol3c_20211228_164211_3035193700_600_800.png,/scratch/parceirosbr/bigoilict/share/BigOil/document_generator/datasets/documents_2021_12_28/20bol3c_20211228_164211_3035193700_600_800.png,20bol3c_20211228_164211_3035193700_600_800_mask.png,7825
9,6,19,12,248,344,267,356,248,344,267,344,267,356,248,356,sub_line_text,table_text,table_0,opensans,bold,9.0,20bol3c_20211228_164211_3035193700_600_800.png,/scratch/parceirosbr/bigoilict/share/BigOil/document_generator/datasets/documents_2021_12_28/20bol3c_20211228_164211_3035193700_600_800.png,20bol3c_20211228_164211_3035193700_600_800_mask.png,7825
12,6,24,12,243,359,267,371,243,359,267,359,267,371,243,371,text,table_text,table_0,opensans,regular,9.0,20bol3c_20211228_164211_3035193700_600_800.png,/scratch/parceirosbr/bigoilict/share/BigOil/document_generator/datasets/documents_2021_12_28/20bol3c_20211228_164211_3035193700_600_800.png,20bol3c_20211228_164211_3035193700_600_800_mask.png,53533
12,6,24,12,243,359,267,371,243,359,267,359,267,371,243,371,sub_line_text,table_text,table_0,opensans,regular,9.0,20bol3c_20211228_164211_3035193700_600_800.png,/scratch/parceirosbr/bigoilict/share/BigOil/document_generator/datasets/documents_2021_12_28/20bol3c_20211228_164211_3035193700_600_800.png,20bol3c_20211228_164211_3035193700_600_800_mask.png,53533
9,6,18,12,342,69,360,81,342,69,360,69,360,81,342,81,text,table_text,table_0,opensans,bold,9.0,20bol3c_20211228_164211_3035193700_600_800.png,/scratch/parceirosbr/bigoilict/share/BigOil/document_generator/datasets/documents_2021_12_28/20bol3c_20211228_164211_3035193700_600_800.png,20bol3c_20211228_164211_3035193700_600_800_mask.png,vem
9,6,18,12,342,69,360,81,342,69,360,69,360,81,342,81,sub_line_text,table_text,table_0,opensans,bold,9.0,20bol3c_20211228_164211_3035193700_600_800.png,/scratch/parceirosbr/bigoilict/share/BigOil/document_generator/datasets/documents_2021_12_28/20bol3c_20211228_164211_3035193700_600_800.png,20bol3c_20211228_164211_3035193700_600_800_mask.png,vem
35,6,70,13,289,83,359,96,289,83,359,84,359,96,289,95,text,table_text,table_0,opensans,bold,9.0,20bol3c_20211228_164211_3035193700_600_800.png,/scratch/parceirosbr/bigoilict/share/BigOil/document_generator/datasets/documents_2021_12_28/20bol3c_20211228_164211_3035193700_600_800.png,20bol3c_20211228_164211_3035193700_600_800_mask.png,9173779240.0090
35,6,70,13,289,83,359,96,289,83,359,84,359,96,289,95,sub_line_text,table_text,table_0,opensans,bold,9.0,20bol3c_20211228_164211_3035193700_600_800.png,/scratch/parceirosbr/bigoilict/share/BigOil/document_generator/datasets/documents_2021_12_28/20bol3c_20211228_164211_3035193700_600_800.png,20bol3c_20211228_164211_3035193700_600_800_mask.png,9173779240.0090
35,6,70,13,289,97,359,110,289,97,359,98,359,110,289,109,text,table_text,table_0,opensans,bold,9.0,20bol3c_20211228_164211_3035193700_600_800.png,/scratch/parceirosbr/bigoilict/share/BigOil/document_generator/datasets/documents_2021_12_28/20bol3c_20211228_164211_3035193700_600_800.png,20bol3c_20211228_164211_3035193700_600_800_mask.png,2259240171.2438
35,6,70,13,289,97,359,110,289,97,359,98,359,110,289,109,sub_line_text,table_text,table_0,opensans,bold,9.0,20bol3c_20211228_164211_3035193700_600_800.png,/scratch/parceirosbr/bigoilict/share/BigOil/document_generator/datasets/documents_2021_12_28/20bol3c_20211228_164211_3035193700_600_800.png,20bol3c_20211228_164211_3035193700_600_800_mask.png,2259240171.2438
35,6,70,13,289,112,359,125,289,112,359,113,359,125,289,124,text,table_text,table_0,opensans,bold,9.0,20bol3c_20211228_164211_3035193700_600_800.png,/scratch/parceirosbr/bigoilict/share/BigOil/document_generator/datasets/documents_2021_12_28/20bol3c_20211228_164211_3035193700_600_800.png,20bol3c_20211228_164211_3035193700_600_800_mask.png,6055243745.8455
35,6,70,13,289,112,359,125,289,112,359,113,359,125,289,124,sub_line_text,table_text,table_0,opensans,bold,9.0,20bol3c_20211228_164211_3035193700_600_800.png,/scratch/parceirosbr/bigoilict/share/BigOil/document_generator/datasets/documents_2021_12_28/20bol3c_20211228_164211_3035193700_600_800.png,20bol3c_20211228_164211_3035193700_600_800_mask.png,6055243745.8455
35,6,70,13,289,126,359,139,289,126,359,127,359,139,289,138,text,table_text,table_0,opensans,bold,9.0,20bol3c_20211228_164211_3035193700_600_800.png,/scratch/parceirosbr/bigoilict/share/BigOil/document_generator/datasets/documents_2021_12_28/20bol3c_20211228_164211_3035193700_600_800.png,20bol3c_20211228_164211_3035193700_600_800_mask.png,4583343863.4856
35,6,70,13,289,126,359,139,289,126,359,127,359,139,289,138,sub_line_text,table_text,table_0,opensans,bold,9.0,20bol3c_20211228_164211_3035193700_600_800.png,/scratch/parceirosbr/bigoilict/share/BigOil/document_generator/datasets/documents_2021_12_28/20bol3c_20211228_164211_3035193700_600_800.png,20bol3c_20211228_164211_3035193700_600_800_mask.png,4583343863.4856
35,6,70,13,289,141,359,154,289,141,359,142,359,154,289,153,text,table_text,table_0,opensans,bold,9.0,20bol3c_20211228_164211_3035193700_600_800.png,/scratch/parceirosbr/bigoilict/share/BigOil/document_generator/datasets/documents_2021_12_28/20bol3c_20211228_164211_3035193700_600_800.png,20bol3c_20211228_164211_3035193700_600_800_mask.png,9219972113.0029
35,6,70,13,289,141,359,154,289,141,359,142,359,154,289,153,sub_line_text,table_text,table_0,opensans,bold,9.0,20bol3c_20211228_164211_3035193700_600_800.png,/scratch/parceirosbr/bigoilict/share/BigOil/document_generator/datasets/documents_2021_12_28/20bol3c_20211228_164211_3035193700_600_800.png,20bol3c_20211228_164211_3035193700_600_800_mask.png,9219972113.0029
35,6,71,13,288,156,359,169,289,156,359,157,358,169,288,168,text,table_text,table_0,opensans,bold,9.0,20bol3c_20211228_164211_3035193700_600_800.png,/scratch/parceirosbr/bigoilict/share/BigOil/document_generator/datasets/documents_2021_12_28/20bol3c_20211228_164211_3035193700_600_800.png,20bol3c_20211228_164211_3035193700_600_800_mask.png,4063169123.6830
35,6,71,13,288,156,359,169,289,156,359,157,358,169,288,168,sub_line_text,table_text,table_0,opensans,bold,9.0,20bol3c_20211228_164211_3035193700_600_800.png,/scratch/parceirosbr/bigoilict/share/BigOil/document_generator/datasets/documents_2021_12_28/20bol3c_20211228_164211_3035193700_600_800.png,20bol3c_20211228_164211_3035193700_600_800_mask.png,4063169123.6830
35,6,70,13,288,170,358,183,288,170,358,171,358,183,288,182,text,table_text,table_0,opensans,bold,9.0,20bol3c_20211228_164211_3035193700_600_800.png,/scratch/parceirosbr/bigoilict/share/BigOil/document_generator/datasets/documents_2021_12_28/20bol3c_20211228_164211_3035193700_600_800.png,20bol3c_20211228_164211_3035193700_600_800_mask.png,8101042905.8900
35,6,70,13,288,170,358,183,288,170,358,171,358,183,288,182,sub_line_text,table_text,table_0,opensans,bold,9.0,20bol3c_20211228_164211_3035193700_600_800.png,/scratch/parceirosbr/bigoilict/share/BigOil/document_generator/datasets/documents_2021_12_28/20bol3c_20211228_164211_3035193700_600_800.png,20bol3c_20211228_164211_3035193700_600_800_mask.png,8101042905.8900
35,6,70,13,288,185,358,198,288,185,358,186,358,198,288,197,text,table_text,table_0,opensans,bold,9.0,20bol3c_20211228_164211_3035193700_600_800.png,/scratch/parceirosbr/bigoilict/share/BigOil/document_generator/datasets/documents_2021_12_28/20bol3c_20211228_164211_3035193700_600_800.png,20bol3c_20211228_164211_3035193700_600_800_mask.png,2165542423.8931
35,6,70,13,288,185,358,198,288,185,358,186,358,198,288,197,sub_line_text,table_text,table_0,opensans,bold,9.0,20bol3c_20211228_164211_3035193700_600_800.png,/scratch/parceirosbr/bigoilict/share/BigOil/document_generator/datasets/documents_2021_12_28/20bol3c_20211228_164211_3035193700_600_800.png,20bol3c_20211228_164211_3035193700_600_800_mask.png,2165542423.8931
35,6,70,13,288,199,358,212,288,199,358,200,358,212,288,211,text,table_text,table_0,opensans,bold,9.0,20bol3c_20211228_164211_3035193700_600_800.png,/scratch/parceirosbr/bigoilict/share/BigOil/document_generator/datasets/documents_2021_12_28/20bol3c_20211228_164211_3035193700_600_800.png,20bol3c_20211228_164211_3035193700_600_800_mask.png,9924430244.1364
35,6,70,13,288,199,358,212,288,199,358,200,358,212,288,211,sub_line_text,table_text,table_0,opensans,bold,9.0,20bol3c_20211228_164211_3035193700_600_800.png,/scratch/parceirosbr/bigoilict/share/BigOil/document_generator/datasets/documents_2021_12_28/20bol3c_20211228_164211_3035193700_600_800.png,20bol3c_20211228_164211_3035193700_600_800_mask.png,9924430244.1364
35,6,70,13,288,214,358,227,288,214,358,215,358,227,288,226,text,table_text,table_0,opensans,bold,9.0,20bol3c_20211228_164211_3035193700_600_800.png,/scratch/parceirosbr/bigoilict/share/BigOil/document_generator/datasets/documents_2021_12_28/20bol3c_20211228_164211_3035193700_600_800.png,20bol3c_20211228_164211_3035193700_600_800_mask.png,2327413658.1041
35,6,70,13,288,214,358,227,288,214,358,215,358,227,288,226,sub_line_text,table_text,table_0,opensans,bold,9.0,20bol3c_20211228_164211_3035193700_600_800.png,/scratch/parceirosbr/bigoilict/share/BigOil/document_generator/datasets/documents_2021_12_28/20bol3c_20211228_164211_3035193700_600_800.png,20bol3c_20211228_164211_3035193700_600_800_mask.png,2327413658.1041
35,6,71,13,287,228,358,241,288,228,358,229,357,241,287,240,text,table_text,table_0,opensans,bold,9.0,20bol3c_20211228_164211_3035193700_600_800.png,/scratch/parceirosbr/bigoilict/share/BigOil/document_generator/datasets/documents_2021_12_28/20bol3c_20211228_164211_3035193700_600_800.png,20bol3c_20211228_164211_3035193700_600_800_mask.png,5150100720.4435
35,6,71,13,287,228,358,241,288,228,358,229,357,241,287,240,sub_line_text,table_text,table_0,opensans,bold,9.0,20bol3c_20211228_164211_3035193700_600_800.png,/scratch/parceirosbr/bigoilict/share/BigOil/document_generator/datasets/documents_2021_12_28/20bol3c_20211228_164211_3035193700_600_800.png,20bol3c_20211228_164211_3035193700_600_800_mask.png,5150100720.4435
35,6,70,13,287,243,357,256,287,243,357,244,357,256,287,255,text,table_text,table_0,opensans,bold,9.0,20bol3c_20211228_164211_3035193700_600_800.png,/scratch/parceirosbr/bigoilict/share/BigOil/document_generator/datasets/documents_2021_12_28/20bol3c_20211228_164211_3035193700_600_800.png,20bol3c_20211228_164211_3035193700_600_800_mask.png,5644784473.1995
35,6,70,13,287,243,357,256,287,243,357,244,357,256,287,255,sub_line_text,table_text,table_0,opensans,bold,9.0,20bol3c_20211228_164211_3035193700_600_800.png,/scratch/parceirosbr/bigoilict/share/BigOil/document_generator/datasets/documents_2021_12_28/20bol3c_20211228_164211_3035193700_600_800.png,20bol3c_20211228_164211_3035193700_600_800_mask.png,5644784473.1995
35,6,70,13,287,257,357,270,287,257,357,258,357,270,287,269,text,table_text,table_0,opensans,bold,9.0,20bol3c_20211228_164211_3035193700_600_800.png,/scratch/parceirosbr/bigoilict/share/BigOil/document_generator/datasets/documents_2021_12_28/20bol3c_20211228_164211_3035193700_600_800.png,20bol3c_20211228_164211_3035193700_600_800_mask.png,9015259087.7094
35,6,70,13,287,257,357,270,287,257,357,258,357,270,287,269,sub_line_text,table_text,table_0,opensans,bold,9.0,20bol3c_20211228_164211_3035193700_600_800.png,/scratch/parceirosbr/bigoilict/share/BigOil/document_generator/datasets/documents_2021_12_28/20bol3c_20211228_164211_3035193700_600_800.png,20bol3c_20211228_164211_3035193700_600_800_mask.png,9015259087.7094
35,6,70,13,287,272,357,285,287,272,357,273,357,285,287,284,text,table_text,table_0,opensans,bold,9.0,20bol3c_20211228_164211_3035193700_600_800.png,/scratch/parceirosbr/bigoilict/share/BigOil/document_generator/datasets/documents_2021_12_28/20bol3c_20211228_164211_3035193700_600_800.png,20bol3c_20211228_164211_3035193700_600_800_mask.png,9126227129.5618
35,6,70,13,287,272,357,285,287,272,357,273,357,285,287,284,sub_line_text,table_text,table_0,opensans,bold,9.0,20bol3c_20211228_164211_3035193700_600_800.png,/scratch/parceirosbr/bigoilict/share/BigOil/document_generator/datasets/documents_2021_12_28/20bol3c_20211228_164211_3035193700_600_800.png,20bol3c_20211228_164211_3035193700_600_800_mask.png,9126227129.5618
35,6,70,13,287,286,357,299,287,286,357,287,357,299,287,298,text,table_text,table_0,opensans,bold,9.0,20bol3c_20211228_164211_3035193700_600_800.png,/scratch/parceirosbr/bigoilict/share/BigOil/document_generator/datasets/documents_2021_12_28/20bol3c_20211228_164211_3035193700_600_800.png,20bol3c_20211228_164211_3035193700_600_800_mask.png,4526613781.5430
35,6,70,13,287,286,357,299,287,286,357,287,357,299,287,298,sub_line_text,table_text,table_0,opensans,bold,9.0,20bol3c_20211228_164211_3035193700_600_800.png,/scratch/parceirosbr/bigoilict/share/BigOil/document_generator/datasets/documents_2021_12_28/20bol3c_20211228_164211_3035193700_600_800.png,20bol3c_20211228_164211_3035193700_600_800_mask.png,4526613781.5430
35,6,71,13,286,301,357,314,287,301,357,302,356,314,286,313,text,table_text,table_0,opensans,bold,9.0,20bol3c_20211228_164211_3035193700_600_800.png,/scratch/parceirosbr/bigoilict/share/BigOil/document_generator/datasets/documents_2021_12_28/20bol3c_20211228_164211_3035193700_600_800.png,20bol3c_20211228_164211_3035193700_600_800_mask.png,7150270551.2888
35,6,71,13,286,301,357,314,287,301,357,302,356,314,286,313,sub_line_text,table_text,table_0,opensans,bold,9.0,20bol3c_20211228_164211_3035193700_600_800.png,/scratch/parceirosbr/bigoilict/share/BigOil/document_generator/datasets/documents_2021_12_28/20bol3c_20211228_164211_3035193700_600_800.png,20bol3c_20211228_164211_3035193700_600_800_mask.png,7150270551.2888
35,6,70,13,286,315,356,328,286,315,356,316,356,328,286,327,text,table_text,table_0,opensans,bold,9.0,20bol3c_20211228_164211_3035193700_600_800.png,/scratch/parceirosbr/bigoilict/share/BigOil/document_generator/datasets/documents_2021_12_28/20bol3c_20211228_164211_3035193700_600_800.png,20bol3c_20211228_164211_3035193700_600_800_mask.png,6397574766.4041
35,6,70,13,286,315,356,328,286,315,356,316,356,328,286,327,sub_line_text,table_text,table_0,opensans,bold,9.0,20bol3c_20211228_164211_3035193700_600_800.png,/scratch/parceirosbr/bigoilict/share/BigOil/document_generator/datasets/documents_2021_12_28/20bol3c_20211228_164211_3035193700_600_800.png,20bol3c_20211228_164211_3035193700_600_800_mask.png,6397574766.4041
35,6,70,13,286,330,356,343,286,330,356,331,356,343,286,342,text,table_text,table_0,opensans,bold,9.0,20bol3c_20211228_164211_3035193700_600_800.png,/scratch/parceirosbr/bigoilict/share/BigOil/document_generator/datasets/documents_2021_12_28/20bol3c_20211228_164211_3035193700_600_800.png,20bol3c_20211228_164211_3035193700_600_800_mask.png,3653417468.9211
35,6,70,13,286,330,356,343,286,330,356,331,356,343,286,342,sub_line_text,table_text,table_0,opensans,bold,9.0,20bol3c_20211228_164211_3035193700_600_800.png,/scratch/parceirosbr/bigoilict/share/BigOil/document_generator/datasets/documents_2021_12_28/20bol3c_20211228_164211_3035193700_600_800.png,20bol3c_20211228_164211_3035193700_600_800_mask.png,3653417468.9211
35,6,70,13,286,344,356,357,286,344,356,345,356,357,286,356,text,table_text,table_0,opensans,bold,9.0,20bol3c_20211228_164211_3035193700_600_800.png,/scratch/parceirosbr/bigoilict/share/BigOil/document_generator/datasets/documents_2021_12_28/20bol3c_20211228_164211_3035193700_600_800.png,20bol3c_20211228_164211_3035193700_600_800_mask.png,3975819177.4625
35,6,70,13,286,344,356,357,286,344,356,345,356,357,286,356,sub_line_text,table_text,table_0,opensans,bold,9.0,20bol3c_20211228_164211_3035193700_600_800.png,/scratch/parceirosbr/bigoilict/share/BigOil/document_generator/datasets/documents_2021_12_28/20bol3c_20211228_164211_3035193700_600_800.png,20bol3c_20211228_164211_3035193700_600_800_mask.png,3975819177.4625
34,6,69,13,287,359,356,372,287,359,356,360,356,372,287,371,text,table_text,table_0,opensans,regular,9.0,20bol3c_20211228_164211_3035193700_600_800.png,/scratch/parceirosbr/bigoilict/share/BigOil/document_generator/datasets/documents_2021_12_28/20bol3c_20211228_164211_3035193700_600_800.png,20bol3c_20211228_164211_3035193700_600_800_mask.png,6415337603.6784
34,6,69,13,287,359,356,372,287,359,356,360,356,372,287,371,sub_line_text,table_text,table_0,opensans,regular,9.0,20bol3c_20211228_164211_3035193700_600_800.png,/scratch/parceirosbr/bigoilict/share/BigOil/document_generator/datasets/documents_2021_12_28/20bol3c_20211228_164211_3035193700_600_800.png,20bol3c_20211228_164211_3035193700_600_800_mask.png,6415337603.6784
57,5,115,11,62,61,177,72,62,61,177,62,177,72,62,71,sub_line_text,table_legend,table_0,courier,regular,8,20bol3c_20211228_164211_3035193700_600_800.png,/scratch/parceirosbr/bigoilict/share/BigOil/document_generator/datasets/documents_2021_12_28/20bol3c_20211228_164211_3035193700_600_800.png,20bol3c_20211228_164211_3035193700_600_800_mask.png,Tabela  23:   ChemSep é
58,5,116,11,61,73,177,84,62,73,177,74,176,84,61,83,sub_line_text,table_legend,table_0,courier,regular,8,20bol3c_20211228_164211_3035193700_600_800.png,/scratch/parceirosbr/bigoilict/share/BigOil/document_generator/datasets/documents_2021_12_28/20bol3c_20211228_164211_3035193700_600_800.png,20bol3c_20211228_164211_3035193700_600_800_mask.png,um  software para mode-
57,5,115,11,61,85,176,96,61,85,176,86,176,96,61,95,sub_line_text,table_legend,table_0,courier,regular,8,20bol3c_20211228_164211_3035193700_600_800.png,/scratch/parceirosbr/bigoilict/share/BigOil/document_generator/datasets/documents_2021_12_28/20bol3c_20211228_164211_3035193700_600_800.png,20bol3c_20211228_164211_3035193700_600_800_mask.png,lagem  de colunas de d-
57,5,115,11,61,97,176,108,61,97,176,98,176,108,61,107,sub_line_text,table_legend,table_0,courier,regular,8,20bol3c_20211228_164211_3035193700_600_800.png,/scratch/parceirosbr/bigoilict/share/BigOil/document_generator/datasets/documents_2021_12_28/20bol3c_20211228_164211_3035193700_600_800.png,20bol3c_20211228_164211_3035193700_600_800_mask.png,"estilação,  absorção  e"
57,5,115,11,61,109,176,120,61,109,176,110,176,120,61,119,sub_line_text,table_legend,table_0,courier,regular,8,20bol3c_20211228_164211_3035193700_600_800.png,/scratch/parceirosbr/bigoilict/share/BigOil/document_generator/datasets/documents_2021_12_28/20bol3c_20211228_164211_3035193700_600_800.png,20bol3c_20211228_164211_3035193700_600_800_mask.png,extrativas.  Cola pode-
45,5,90,11,61,121,151,132,61,121,151,122,151,132,61,131,sub_line_text,table_legend,table_0,courier,regular,8,20bol3c_20211228_164211_3035193700_600_800.png,/scratch/parceirosbr/bigoilict/share/BigOil/document_generator/datasets/documents_2021_12_28/20bol3c_20211228_164211_3035193700_600_800.png,20bol3c_20211228_164211_3035193700_600_800_mask.png,rá agregar o valor
58,35,116,71,61,61,177,132,62,61,177,62,176,132,61,131,text,table_legend,table_0,courier,regular,8,20bol3c_20211228_164211_3035193700_600_800.png,/scratch/parceirosbr/bigoilict/share/BigOil/document_generator/datasets/documents_2021_12_28/20bol3c_20211228_164211_3035193700_600_800.png,20bol3c_20211228_164211_3035193700_600_800_mask.png,nan
73,48,146,97,57,377,203,474,58,377,203,379,202,474,57,472,list,list,list_1,courier,courier,9,20bol3c_20211228_164211_3035193700_600_800.png,/scratch/parceirosbr/bigoilict/share/BigOil/document_generator/datasets/documents_2021_12_28/20bol3c_20211228_164211_3035193700_600_800.png,20bol3c_20211228_164211_3035193700_600_800_mask.png,
73,6,146,13,57,377,203,390,58,377,203,379,202,390,57,388,sub_line_text,list,list_1,courier,regular,9,20bol3c_20211228_164211_3035193700_600_800.png,/scratch/parceirosbr/bigoilict/share/BigOil/document_generator/datasets/documents_2021_12_28/20bol3c_20211228_164211_3035193700_600_800.png,20bol3c_20211228_164211_3035193700_600_800_mask.png,*  Postos   revendedores   de
60,6,120,12,72,391,192,403,72,391,192,392,192,403,72,402,sub_line_text,list,list_1,courier,regular,9,20bol3c_20211228_164211_3035193700_600_800.png,/scratch/parceirosbr/bigoilict/share/BigOil/document_generator/datasets/documents_2021_12_28/20bol3c_20211228_164211_3035193700_600_800.png,20bol3c_20211228_164211_3035193700_600_800_mask.png,combustíveis automotivos
55,6,110,12,57,405,167,417,57,405,167,406,167,417,57,416,sub_line_text,list,list_1,courier,regular,9,20bol3c_20211228_164211_3035193700_600_800.png,/scratch/parceirosbr/bigoilict/share/BigOil/document_generator/datasets/documents_2021_12_28/20bol3c_20211228_164211_3035193700_600_800.png,20bol3c_20211228_164211_3035193700_600_800_mask.png,*  O mais que duplicou
65,6,130,13,57,419,187,432,57,419,187,421,187,432,57,430,sub_line_text,list,list_1,courier,regular,9,20bol3c_20211228_164211_3035193700_600_800.png,/scratch/parceirosbr/bigoilict/share/BigOil/document_generator/datasets/documents_2021_12_28/20bol3c_20211228_164211_3035193700_600_800.png,20bol3c_20211228_164211_3035193700_600_800_mask.png,"*  Neste trabalho, o termo"
72,6,145,13,57,433,202,446,57,433,202,435,202,446,57,444,sub_line_text,list,list_1,courier,regular,9,20bol3c_20211228_164211_3035193700_600_800.png,/scratch/parceirosbr/bigoilict/share/BigOil/document_generator/datasets/documents_2021_12_28/20bol3c_20211228_164211_3035193700_600_800.png,20bol3c_20211228_164211_3035193700_600_800_mask.png,*  Organossolve causou poucos
17,6,35,12,72,447,107,459,72,447,107,448,107,459,72,458,sub_line_text,list,list_1,courier,regular,9,20bol3c_20211228_164211_3035193700_600_800.png,/scratch/parceirosbr/bigoilict/share/BigOil/document_generator/datasets/documents_2021_12_28/20bol3c_20211228_164211_3035193700_600_800.png,20bol3c_20211228_164211_3035193700_600_800_mask.png,danos à
72,6,145,13,56,461,201,474,56,461,201,463,201,474,56,472,sub_line_text,list,list_1,courier,regular,9,20bol3c_20211228_164211_3035193700_600_800.png,/scratch/parceirosbr/bigoilict/share/BigOil/document_generator/datasets/documents_2021_12_28/20bol3c_20211228_164211_3035193700_600_800.png,20bol3c_20211228_164211_3035193700_600_800_mask.png,"*  Neste      capítulo,     o"
52,7,105,14,56,476,161,490,56,476,161,477,161,490,56,489,sub_line_text,subsubtitle,subsubtitle_0,courier,regular,11,20bol3c_20211228_164211_3035193700_600_800.png,/scratch/parceirosbr/bigoilict/share/BigOil/document_generator/datasets/documents_2021_12_28/20bol3c_20211228_164211_3035193700_600_800.png,20bol3c_20211228_164211_3035193700_600_800_mask.png,Domingos também
73,63,147,127,55,493,202,620,57,493,202,495,200,620,55,618,list,list,list_2,courier,courier,11,20bol3c_20211228_164211_3035193700_600_800.png,/scratch/parceirosbr/bigoilict/share/BigOil/document_generator/datasets/documents_2021_12_28/20bol3c_20211228_164211_3035193700_600_800.png,20bol3c_20211228_164211_3035193700_600_800_mask.png,
52,7,105,14,56,476,161,490,56,476,161,477,161,490,56,489,title,subsubtitle,subsubtitle_0,courier,regular,11,20bol3c_20211228_164211_3035193700_600_800.png,/scratch/parceirosbr/bigoilict/share/BigOil/document_generator/datasets/documents_2021_12_28/20bol3c_20211228_164211_3035193700_600_800.png,20bol3c_20211228_164211_3035193700_600_800_mask.png,nan
72,6,145,13,56,493,201,506,56,493,201,495,201,506,56,504,sub_line_text,list,list_2,courier,regular,9,20bol3c_20211228_164211_3035193700_600_800.png,/scratch/parceirosbr/bigoilict/share/BigOil/document_generator/datasets/documents_2021_12_28/20bol3c_20211228_164211_3035193700_600_800.png,20bol3c_20211228_164211_3035193700_600_800_mask.png,*  Existem    dois    grandes
40,6,80,12,71,507,151,519,71,507,151,508,151,519,71,518,sub_line_text,list,list_2,courier,regular,9,20bol3c_20211228_164211_3035193700_600_800.png,/scratch/parceirosbr/bigoilict/share/BigOil/document_generator/datasets/documents_2021_12_28/20bol3c_20211228_164211_3035193700_600_800.png,20bol3c_20211228_164211_3035193700_600_800_mask.png,grupos nos quais
72,6,145,13,56,522,201,535,56,522,201,524,201,535,56,533,sub_line_text,list,list_2,courier,regular,9,20bol3c_20211228_164211_3035193700_600_800.png,/scratch/parceirosbr/bigoilict/share/BigOil/document_generator/datasets/documents_2021_12_28/20bol3c_20211228_164211_3035193700_600_800.png,20bol3c_20211228_164211_3035193700_600_800_mask.png,*  Onde:           velocidade
27,6,55,12,70,536,125,548,70,536,125,537,125,548,70,547,sub_line_text,list,list_2,courier,regular,9,20bol3c_20211228_164211_3035193700_600_800.png,/scratch/parceirosbr/bigoilict/share/BigOil/document_generator/datasets/documents_2021_12_28/20bol3c_20211228_164211_3035193700_600_800.png,20bol3c_20211228_164211_3035193700_600_800_mask.png,superficial
72,6,145,13,55,550,200,563,55,550,200,552,200,563,55,561,sub_line_text,list,list_2,courier,regular,9,20bol3c_20211228_164211_3035193700_600_800.png,/scratch/parceirosbr/bigoilict/share/BigOil/document_generator/datasets/documents_2021_12_28/20bol3c_20211228_164211_3035193700_600_800.png,20bol3c_20211228_164211_3035193700_600_800_mask.png,"*  Ainda   nesta   etapa,  os"
27,6,55,12,70,564,125,576,70,564,125,565,125,576,70,575,sub_line_text,list,list_2,courier,regular,9,20bol3c_20211228_164211_3035193700_600_800.png,/scratch/parceirosbr/bigoilict/share/BigOil/document_generator/datasets/documents_2021_12_28/20bol3c_20211228_164211_3035193700_600_800.png,20bol3c_20211228_164211_3035193700_600_800_mask.png,testemunhos
72,6,145,13,55,578,200,591,55,578,200,580,200,591,55,589,sub_line_text,list,list_2,courier,regular,9,20bol3c_20211228_164211_3035193700_600_800.png,/scratch/parceirosbr/bigoilict/share/BigOil/document_generator/datasets/documents_2021_12_28/20bol3c_20211228_164211_3035193700_600_800.png,20bol3c_20211228_164211_3035193700_600_800_mask.png,*  A avaliação catalítica nas
72,6,145,13,55,592,200,605,55,592,200,594,200,605,55,603,sub_line_text,list,list_2,courier,regular,9,20bol3c_20211228_164211_3035193700_600_800.png,/scratch/parceirosbr/bigoilict/share/BigOil/document_generator/datasets/documents_2021_12_28/20bol3c_20211228_164211_3035193700_600_800.png,20bol3c_20211228_164211_3035193700_600_800_mask.png,"*  Pacífico   importou  554,4"
68,6,136,13,54,607,190,620,55,607,190,609,189,620,54,618,sub_line_text,list,list_2,courier,regular,9,20bol3c_20211228_164211_3035193700_600_800.png,/scratch/parceirosbr/bigoilict/share/BigOil/document_generator/datasets/documents_2021_12_28/20bol3c_20211228_164211_3035193700_600_800.png,20bol3c_20211228_164211_3035193700_600_800_mask.png,*  Não foi possível estimar
55,6,110,12,89,622,199,634,89,622,199,623,199,634,89,633,sub_line_text,text,text_0,courier,regular,9,20bol3c_20211228_164211_3035193700_600_800.png,/scratch/parceirosbr/bigoilict/share/BigOil/document_generator/datasets/documents_2021_12_28/20bol3c_20211228_164211_3035193700_600_800.png,20bol3c_20211228_164211_3035193700_600_800_mask.png,Em  relação ao do exi-
70,6,140,13,54,636,194,649,54,636,194,638,194,649,54,647,sub_line_text,text,text_0,courier,regular,9,20bol3c_20211228_164211_3035193700_600_800.png,/scratch/parceirosbr/bigoilict/share/BigOil/document_generator/datasets/documents_2021_12_28/20bol3c_20211228_164211_3035193700_600_800.png,20bol3c_20211228_164211_3035193700_600_800_mask.png,stem  alguns estudos segreg-
70,6,141,13,54,650,195,663,54,650,195,652,195,663,54,661,sub_line_text,text,text_0,courier,regular,9,20bol3c_20211228_164211_3035193700_600_800.png,/scratch/parceirosbr/bigoilict/share/BigOil/document_generator/datasets/documents_2021_12_28/20bol3c_20211228_164211_3035193700_600_800.png,20bol3c_20211228_164211_3035193700_600_800_mask.png,"ados  da região, baseados em"
72,6,145,13,54,664,199,677,54,664,199,666,199,677,54,675,sub_line_text,text,text_0,courier,regular,9,20bol3c_20211228_164211_3035193700_600_800.png,/scratch/parceirosbr/bigoilict/share/BigOil/document_generator/datasets/documents_2021_12_28/20bol3c_20211228_164211_3035193700_600_800.png,20bol3c_20211228_164211_3035193700_600_800_mask.png,suas  características geológ-
74,119,148,239,223,379,371,618,226,379,371,380,368,618,223,617,list,list,list_3,courier,courier,9,20bol3c_20211228_164211_3035193700_600_800.png,/scratch/parceirosbr/bigoilict/share/BigOil/document_generator/datasets/documents_2021_12_28/20bol3c_20211228_164211_3035193700_600_800.png,20bol3c_20211228_164211_3035193700_600_800_mask.png,
68,6,136,13,53,678,189,691,54,678,189,680,188,691,53,689,sub_line_text,text,text_0,courier,regular,9,20bol3c_20211228_164211_3035193700_600_800.png,/scratch/parceirosbr/bigoilict/share/BigOil/document_generator/datasets/documents_2021_12_28/20bol3c_20211228_164211_3035193700_600_800.png,20bol3c_20211228_164211_3035193700_600_800_mask.png,"icas e estruturais, porém,."
73,34,146,69,54,622,200,691,55,622,200,624,199,691,54,689,text,text,text_0,courier,regular,9,20bol3c_20211228_164211_3035193700_600_800.png,/scratch/parceirosbr/bigoilict/share/BigOil/document_generator/datasets/documents_2021_12_28/20bol3c_20211228_164211_3035193700_600_800.png,20bol3c_20211228_164211_3035193700_600_800_mask.png,nan
70,6,141,12,224,379,365,391,225,379,365,380,364,391,224,390,sub_line_text,list,list_3,courier,regular,9,20bol3c_20211228_164211_3035193700_600_800.png,/scratch/parceirosbr/bigoilict/share/BigOil/document_generator/datasets/documents_2021_12_28/20bol3c_20211228_164211_3035193700_600_800.png,20bol3c_20211228_164211_3035193700_600_800_mask.png,*  Controle da localizado no
57,6,115,12,224,393,339,405,224,393,339,394,339,405,224,404,sub_line_text,list,list_3,courier,regular,9,20bol3c_20211228_164211_3035193700_600_800.png,/scratch/parceirosbr/bigoilict/share/BigOil/document_generator/datasets/documents_2021_12_28/20bol3c_20211228_164211_3035193700_600_800.png,20bol3c_20211228_164211_3035193700_600_800_mask.png,"*  A minha mãe, por ser"
72,6,145,12,224,407,369,419,224,407,369,408,369,419,224,418,sub_line_text,list,list_3,courier,regular,9,20bol3c_20211228_164211_3035193700_600_800.png,/scratch/parceirosbr/bigoilict/share/BigOil/document_generator/datasets/documents_2021_12_28/20bol3c_20211228_164211_3035193700_600_800.png,20bol3c_20211228_164211_3035193700_600_800_mask.png,"*  Duo    et    al.,    2015,"
25,6,50,12,239,421,289,433,239,421,289,422,289,433,239,432,sub_line_text,list,list_3,courier,regular,9,20bol3c_20211228_164211_3035193700_600_800.png,/scratch/parceirosbr/bigoilict/share/BigOil/document_generator/datasets/documents_2021_12_28/20bol3c_20211228_164211_3035193700_600_800.png,20bol3c_20211228_164211_3035193700_600_800_mask.png,utilizando
55,6,110,12,224,435,334,447,224,435,334,436,334,447,224,446,sub_line_text,list,list_3,courier,regular,9,20bol3c_20211228_164211_3035193700_600_800.png,/scratch/parceirosbr/bigoilict/share/BigOil/document_generator/datasets/documents_2021_12_28/20bol3c_20211228_164211_3035193700_600_800.png,20bol3c_20211228_164211_3035193700_600_800_mask.png,*  No centro escoa uma
62,6,125,12,224,449,349,461,224,449,349,450,349,461,224,460,sub_line_text,list,list_3,courier,regular,9,20bol3c_20211228_164211_3035193700_600_800.png,/scratch/parceirosbr/bigoilict/share/BigOil/document_generator/datasets/documents_2021_12_28/20bol3c_20211228_164211_3035193700_600_800.png,20bol3c_20211228_164211_3035193700_600_800_mask.png,*  Como visto no capítulo
42,6,85,12,223,463,308,475,223,463,308,464,308,475,223,474,sub_line_text,list,list_3,courier,regular,9,20bol3c_20211228_164211_3035193700_600_800.png,/scratch/parceirosbr/bigoilict/share/BigOil/document_generator/datasets/documents_2021_12_28/20bol3c_20211228_164211_3035193700_600_800.png,20bol3c_20211228_164211_3035193700_600_800_mask.png,*  Para a análise
40,6,80,12,223,478,303,490,223,478,303,479,303,490,223,489,sub_line_text,list,list_3,courier,regular,9,20bol3c_20211228_164211_3035193700_600_800.png,/scratch/parceirosbr/bigoilict/share/BigOil/document_generator/datasets/documents_2021_12_28/20bol3c_20211228_164211_3035193700_600_800.png,20bol3c_20211228_164211_3035193700_600_800_mask.png,*  O processo de
72,6,145,12,223,493,368,505,223,493,368,494,368,505,223,504,sub_line_text,list,list_3,courier,regular,9,20bol3c_20211228_164211_3035193700_600_800.png,/scratch/parceirosbr/bigoilict/share/BigOil/document_generator/datasets/documents_2021_12_28/20bol3c_20211228_164211_3035193700_600_800.png,20bol3c_20211228_164211_3035193700_600_800_mask.png,*  Nesse     trabalho     foi
22,6,45,12,238,507,283,519,238,507,283,508,283,519,238,518,sub_line_text,list,list_3,courier,regular,9,20bol3c_20211228_164211_3035193700_600_800.png,/scratch/parceirosbr/bigoilict/share/BigOil/document_generator/datasets/documents_2021_12_28/20bol3c_20211228_164211_3035193700_600_800.png,20bol3c_20211228_164211_3035193700_600_800_mask.png,utilizada
72,6,145,12,223,521,368,533,223,521,368,522,368,533,223,532,sub_line_text,list,list_3,courier,regular,9,20bol3c_20211228_164211_3035193700_600_800.png,/scratch/parceirosbr/bigoilict/share/BigOil/document_generator/datasets/documents_2021_12_28/20bol3c_20211228_164211_3035193700_600_800.png,20bol3c_20211228_164211_3035193700_600_800_mask.png,*  Concentração  10 2.2.4. de
58,6,116,12,237,535,353,547,238,535,353,536,352,547,237,546,sub_line_text,list,list_3,courier,regular,9,20bol3c_20211228_164211_3035193700_600_800.png,/scratch/parceirosbr/bigoilict/share/BigOil/document_generator/datasets/documents_2021_12_28/20bol3c_20211228_164211_3035193700_600_800.png,20bol3c_20211228_164211_3035193700_600_800_mask.png,dodecilamônio 11 2.2.5.
25,6,50,12,222,549,272,561,222,549,272,550,272,561,222,560,sub_line_text,list,list_3,courier,regular,9,20bol3c_20211228_164211_3035193700_600_800.png,/scratch/parceirosbr/bigoilict/share/BigOil/document_generator/datasets/documents_2021_12_28/20bol3c_20211228_164211_3035193700_600_800.png,20bol3c_20211228_164211_3035193700_600_800_mask.png,*  Uma das
62,6,125,12,222,563,347,575,222,563,347,564,347,575,222,574,sub_line_text,list,list_3,courier,regular,9,20bol3c_20211228_164211_3035193700_600_800.png,/scratch/parceirosbr/bigoilict/share/BigOil/document_generator/datasets/documents_2021_12_28/20bol3c_20211228_164211_3035193700_600_800.png,20bol3c_20211228_164211_3035193700_600_800_mask.png,*  Não houve precipitação
65,6,130,12,222,577,352,589,222,577,352,578,352,589,222,588,sub_line_text,list,list_3,courier,regular,9,20bol3c_20211228_164211_3035193700_600_800.png,/scratch/parceirosbr/bigoilict/share/BigOil/document_generator/datasets/documents_2021_12_28/20bol3c_20211228_164211_3035193700_600_800.png,20bol3c_20211228_164211_3035193700_600_800_mask.png,"*  O objetivo do estudo é,"
74,105,148,210,394,65,542,275,397,65,542,67,539,275,394,273,list,list,list_4,courier,courier,9,20bol3c_20211228_164211_3035193700_600_800.png,/scratch/parceirosbr/bigoilict/share/BigOil/document_generator/datasets/documents_2021_12_28/20bol3c_20211228_164211_3035193700_600_800.png,20bol3c_20211228_164211_3035193700_600_800_mask.png,
72,6,145,12,222,592,367,604,222,592,367,593,367,604,222,603,sub_line_text,list,list_3,courier,regular,9,20bol3c_20211228_164211_3035193700_600_800.png,/scratch/parceirosbr/bigoilict/share/BigOil/document_generator/datasets/documents_2021_12_28/20bol3c_20211228_164211_3035193700_600_800.png,20bol3c_20211228_164211_3035193700_600_800_mask.png,*  Evolving            factor
53,6,107,12,236,606,343,618,237,606,343,607,342,618,236,617,sub_line_text,list,list_3,courier,regular,9,20bol3c_20211228_164211_3035193700_600_800.png,/scratch/parceirosbr/bigoilict/share/BigOil/document_generator/datasets/documents_2021_12_28/20bol3c_20211228_164211_3035193700_600_800.png,20bol3c_20211228_164211_3035193700_600_800_mask.png,analysis-based method
72,6,145,13,396,65,541,78,396,65,541,67,541,78,396,76,sub_line_text,list,list_4,courier,regular,9,20bol3c_20211228_164211_3035193700_600_800.png,/scratch/parceirosbr/bigoilict/share/BigOil/document_generator/datasets/documents_2021_12_28/20bol3c_20211228_164211_3035193700_600_800.png,20bol3c_20211228_164211_3035193700_600_800_mask.png,*  Usualmente    obtido   por
43,6,86,12,410,79,496,91,411,79,496,80,495,91,410,90,sub_line_text,list,list_4,courier,regular,9,20bol3c_20211228_164211_3035193700_600_800.png,/scratch/parceirosbr/bigoilict/share/BigOil/document_generator/datasets/documents_2021_12_28/20bol3c_20211228_164211_3035193700_600_800.png,20bol3c_20211228_164211_3035193700_600_800_mask.png,vários produtores
67,6,135,13,395,93,530,106,395,93,530,95,530,106,395,104,sub_line_text,list,list_4,courier,regular,9,20bol3c_20211228_164211_3035193700_600_800.png,/scratch/parceirosbr/bigoilict/share/BigOil/document_generator/datasets/documents_2021_12_28/20bol3c_20211228_164211_3035193700_600_800.png,20bol3c_20211228_164211_3035193700_600_800_mask.png,"*  No entanto, são raros os"
47,6,95,12,395,107,490,119,395,107,490,108,490,119,395,118,sub_line_text,list,list_4,courier,regular,9,20bol3c_20211228_164211_3035193700_600_800.png,/scratch/parceirosbr/bigoilict/share/BigOil/document_generator/datasets/documents_2021_12_28/20bol3c_20211228_164211_3035193700_600_800.png,20bol3c_20211228_164211_3035193700_600_800_mask.png,*  A bruta é obtida
25,6,50,12,395,121,445,133,395,121,445,122,445,133,395,132,sub_line_text,list,list_4,courier,regular,9,20bol3c_20211228_164211_3035193700_600_800.png,/scratch/parceirosbr/bigoilict/share/BigOil/document_generator/datasets/documents_2021_12_28/20bol3c_20211228_164211_3035193700_600_800.png,20bol3c_20211228_164211_3035193700_600_800_mask.png,*  A linha
62,6,125,13,395,135,520,148,395,135,520,137,520,148,395,146,sub_line_text,list,list_4,courier,regular,9,20bol3c_20211228_164211_3035193700_600_800.png,/scratch/parceirosbr/bigoilict/share/BigOil/document_generator/datasets/documents_2021_12_28/20bol3c_20211228_164211_3035193700_600_800.png,20bol3c_20211228_164211_3035193700_600_800_mask.png,*  The response of the to
53,6,106,12,394,149,500,161,395,149,500,150,499,161,394,160,sub_line_text,list,list_4,courier,regular,9,20bol3c_20211228_164211_3035193700_600_800.png,/scratch/parceirosbr/bigoilict/share/BigOil/document_generator/datasets/documents_2021_12_28/20bol3c_20211228_164211_3035193700_600_800.png,20bol3c_20211228_164211_3035193700_600_800_mask.png,*  O setor chileno de
40,6,80,12,394,163,474,175,394,163,474,164,474,175,394,174,sub_line_text,list,list_4,courier,regular,9,20bol3c_20211228_164211_3035193700_600_800.png,/scratch/parceirosbr/bigoilict/share/BigOil/document_generator/datasets/documents_2021_12_28/20bol3c_20211228_164211_3035193700_600_800.png,20bol3c_20211228_164211_3035193700_600_800_mask.png,*  A 4 ilustra a
52,6,105,12,394,178,499,190,394,178,499,179,499,190,394,189,sub_line_text,list,list_4,courier,regular,9,20bol3c_20211228_164211_3035193700_600_800.png,/scratch/parceirosbr/bigoilict/share/BigOil/document_generator/datasets/documents_2021_12_28/20bol3c_20211228_164211_3035193700_600_800.png,20bol3c_20211228_164211_3035193700_600_800_mask.png,*  O ajuste realizado
72,6,145,13,394,192,539,205,394,192,539,194,539,205,394,203,sub_line_text,list,list_4,courier,regular,9,20bol3c_20211228_164211_3035193700_600_800.png,/scratch/parceirosbr/bigoilict/share/BigOil/document_generator/datasets/documents_2021_12_28/20bol3c_20211228_164211_3035193700_600_800.png,20bol3c_20211228_164211_3035193700_600_800_mask.png,*  Forma  típica  da evolução
20,5,40,11,409,207,449,218,409,207,449,207,449,218,409,218,sub_line_text,list,list_4,courier,regular,9,20bol3c_20211228_164211_3035193700_600_800.png,/scratch/parceirosbr/bigoilict/share/BigOil/document_generator/datasets/documents_2021_12_28/20bol3c_20211228_164211_3035193700_600_800.png,20bol3c_20211228_164211_3035193700_600_800_mask.png,temporal
55,6,110,12,394,220,504,232,394,220,504,221,504,232,394,231,sub_line_text,list,list_4,courier,regular,9,20bol3c_20211228_164211_3035193700_600_800.png,/scratch/parceirosbr/bigoilict/share/BigOil/document_generator/datasets/documents_2021_12_28/20bol3c_20211228_164211_3035193700_600_800.png,20bol3c_20211228_164211_3035193700_600_800_mask.png,*  A equação é a forma
50,6,100,12,393,234,493,246,394,234,493,235,493,246,393,245,sub_line_text,list,list_4,courier,regular,9,20bol3c_20211228_164211_3035193700_600_800.png,/scratch/parceirosbr/bigoilict/share/BigOil/document_generator/datasets/documents_2021_12_28/20bol3c_20211228_164211_3035193700_600_800.png,20bol3c_20211228_164211_3035193700_600_800_mask.png,*  Em relação à cabe
65,6,131,13,393,248,524,261,393,248,524,250,524,261,393,259,sub_line_text,list,list_4,courier,regular,9,20bol3c_20211228_164211_3035193700_600_800.png,/scratch/parceirosbr/bigoilict/share/BigOil/document_generator/datasets/documents_2021_12_28/20bol3c_20211228_164211_3035193700_600_800.png,20bol3c_20211228_164211_3035193700_600_800_mask.png,"*  Rússia (-1,3 mb/d), com"
55,6,110,12,393,262,503,274,393,262,503,263,503,274,393,273,sub_line_text,list,list_4,courier,regular,9,20bol3c_20211228_164211_3035193700_600_800.png,/scratch/parceirosbr/bigoilict/share/BigOil/document_generator/datasets/documents_2021_12_28/20bol3c_20211228_164211_3035193700_600_800.png,20bol3c_20211228_164211_3035193700_600_800_mask.png,*  A oxidação de etano
55,6,110,13,428,277,538,290,428,277,538,279,538,290,428,288,sub_line_text,text,text_1,courier,regular,9,20bol3c_20211228_164211_3035193700_600_800.png,/scratch/parceirosbr/bigoilict/share/BigOil/document_generator/datasets/documents_2021_12_28/20bol3c_20211228_164211_3035193700_600_800.png,20bol3c_20211228_164211_3035193700_600_800_mask.png,Para  determinar se as
70,6,141,13,393,291,534,304,393,291,534,293,534,304,393,302,sub_line_text,text,text_1,courier,regular,9,20bol3c_20211228_164211_3035193700_600_800.png,/scratch/parceirosbr/bigoilict/share/BigOil/document_generator/datasets/documents_2021_12_28/20bol3c_20211228_164211_3035193700_600_800.png,20bol3c_20211228_164211_3035193700_600_800_mask.png,ondas  refletidas interferem
70,6,141,13,392,305,533,318,393,305,533,307,532,318,392,316,sub_line_text,text,text_1,courier,regular,9,20bol3c_20211228_164211_3035193700_600_800.png,/scratch/parceirosbr/bigoilict/share/BigOil/document_generator/datasets/documents_2021_12_28/20bol3c_20211228_164211_3035193700_600_800.png,20bol3c_20211228_164211_3035193700_600_800_mask.png,de  forma construtiva ou de-
70,6,140,13,392,319,532,332,392,319,532,321,532,332,392,330,sub_line_text,text,text_1,courier,regular,9,20bol3c_20211228_164211_3035193700_600_800.png,/scratch/parceirosbr/bigoilict/share/BigOil/document_generator/datasets/documents_2021_12_28/20bol3c_20211228_164211_3035193700_600_800.png,20bol3c_20211228_164211_3035193700_600_800_mask.png,"strutivamente,  assume-se q-"
74,84,148,168,390,376,538,544,393,376,538,378,535,544,390,542,list,list,list_5,courier,courier,9,20bol3c_20211228_164211_3035193700_600_800.png,/scratch/parceirosbr/bigoilict/share/BigOil/document_generator/datasets/documents_2021_12_28/20bol3c_20211228_164211_3035193700_600_800.png,20bol3c_20211228_164211_3035193700_600_800_mask.png,
70,6,140,13,392,333,532,346,392,333,532,335,532,346,392,344,sub_line_text,text,text_1,courier,regular,9,20bol3c_20211228_164211_3035193700_600_800.png,/scratch/parceirosbr/bigoilict/share/BigOil/document_generator/datasets/documents_2021_12_28/20bol3c_20211228_164211_3035193700_600_800.png,20bol3c_20211228_164211_3035193700_600_800_mask.png,ue:  . Devido ao fato de ser
70,6,140,13,392,347,532,360,392,347,532,349,532,360,392,358,sub_line_text,text,text_1,courier,regular,9,20bol3c_20211228_164211_3035193700_600_800.png,/scratch/parceirosbr/bigoilict/share/BigOil/document_generator/datasets/documents_2021_12_28/20bol3c_20211228_164211_3035193700_600_800.png,20bol3c_20211228_164211_3035193700_600_800_mask.png,"deionizada,  a condutividade"
70,6,140,13,392,361,532,374,392,361,532,363,532,374,392,372,sub_line_text,text,text_1,courier,regular,9,20bol3c_20211228_164211_3035193700_600_800.png,/scratch/parceirosbr/bigoilict/share/BigOil/document_generator/datasets/documents_2021_12_28/20bol3c_20211228_164211_3035193700_600_800.png,20bol3c_20211228_164211_3035193700_600_800_mask.png,da água é inicialmente extr.
73,48,146,97,392,277,538,374,393,277,538,279,537,374,392,372,text,text,text_1,courier,regular,9,20bol3c_20211228_164211_3035193700_600_800.png,/scratch/parceirosbr/bigoilict/share/BigOil/document_generator/datasets/documents_2021_12_28/20bol3c_20211228_164211_3035193700_600_800.png,20bol3c_20211228_164211_3035193700_600_800_mask.png,nan
68,6,136,13,391,376,527,389,392,376,527,378,526,389,391,387,sub_line_text,list,list_5,courier,regular,9,20bol3c_20211228_164211_3035193700_600_800.png,/scratch/parceirosbr/bigoilict/share/BigOil/document_generator/datasets/documents_2021_12_28/20bol3c_20211228_164211_3035193700_600_800.png,20bol3c_20211228_164211_3035193700_600_800_mask.png,*  Parte do calor de reação
72,6,145,13,391,390,536,403,391,390,536,392,536,403,391,401,sub_line_text,list,list_5,courier,regular,9,20bol3c_20211228_164211_3035193700_600_800.png,/scratch/parceirosbr/bigoilict/share/BigOil/document_generator/datasets/documents_2021_12_28/20bol3c_20211228_164211_3035193700_600_800.png,20bol3c_20211228_164211_3035193700_600_800_mask.png,*  Na   amostra   de  óleo  o
25,5,50,11,406,405,456,416,406,405,456,405,456,416,406,416,sub_line_text,list,list_5,courier,regular,9,20bol3c_20211228_164211_3035193700_600_800.png,/scratch/parceirosbr/bigoilict/share/BigOil/document_generator/datasets/documents_2021_12_28/20bol3c_20211228_164211_3035193700_600_800.png,20bol3c_20211228_164211_3035193700_600_800_mask.png,decréscimo
32,6,65,12,391,418,456,430,391,418,456,419,456,430,391,429,sub_line_text,list,list_5,courier,regular,9,20bol3c_20211228_164211_3035193700_600_800.png,/scratch/parceirosbr/bigoilict/share/BigOil/document_generator/datasets/documents_2021_12_28/20bol3c_20211228_164211_3035193700_600_800.png,20bol3c_20211228_164211_3035193700_600_800_mask.png,*  M x ( onde
65,6,130,13,391,432,521,445,391,432,521,434,521,445,391,443,sub_line_text,list,list_5,courier,regular,9,20bol3c_20211228_164211_3035193700_600_800.png,/scratch/parceirosbr/bigoilict/share/BigOil/document_generator/datasets/documents_2021_12_28/20bol3c_20211228_164211_3035193700_600_800.png,20bol3c_20211228_164211_3035193700_600_800_mask.png,"*  Nesta hora, o fluido do"
42,6,85,12,391,447,476,459,391,447,476,448,476,459,391,458,sub_line_text,list,list_5,courier,regular,9,20bol3c_20211228_164211_3035193700_600_800.png,/scratch/parceirosbr/bigoilict/share/BigOil/document_generator/datasets/documents_2021_12_28/20bol3c_20211228_164211_3035193700_600_800.png,20bol3c_20211228_164211_3035193700_600_800_mask.png,*  Edição n 20 de
50,6,101,12,390,461,491,473,391,461,491,462,490,473,390,472,sub_line_text,list,list_5,courier,regular,9,20bol3c_20211228_164211_3035193700_600_800.png,/scratch/parceirosbr/bigoilict/share/BigOil/document_generator/datasets/documents_2021_12_28/20bol3c_20211228_164211_3035193700_600_800.png,20bol3c_20211228_164211_3035193700_600_800_mask.png,*  Innovation in the
57,6,115,12,390,475,505,487,390,475,505,476,505,487,390,486,sub_line_text,list,list_5,courier,regular,9,20bol3c_20211228_164211_3035193700_600_800.png,/scratch/parceirosbr/bigoilict/share/BigOil/document_generator/datasets/documents_2021_12_28/20bol3c_20211228_164211_3035193700_600_800.png,20bol3c_20211228_164211_3035193700_600_800_mask.png,*  Performance tests of
72,6,145,13,390,489,535,502,390,489,535,491,535,502,390,500,sub_line_text,list,list_5,courier,regular,9,20bol3c_20211228_164211_3035193700_600_800.png,/scratch/parceirosbr/bigoilict/share/BigOil/document_generator/datasets/documents_2021_12_28/20bol3c_20211228_164211_3035193700_600_800.png,20bol3c_20211228_164211_3035193700_600_800_mask.png,*  Parafina:     fração    do
30,6,60,12,405,503,465,515,405,503,465,504,465,515,405,514,sub_line_text,list,list_5,courier,regular,9,20bol3c_20211228_164211_3035193700_600_800.png,/scratch/parceirosbr/bigoilict/share/BigOil/document_generator/datasets/documents_2021_12_28/20bol3c_20211228_164211_3035193700_600_800.png,20bol3c_20211228_164211_3035193700_600_800_mask.png,petróleo que
72,6,145,13,390,517,535,530,390,517,535,519,535,530,390,528,sub_line_text,list,list_5,courier,regular,9,20bol3c_20211228_164211_3035193700_600_800.png,/scratch/parceirosbr/bigoilict/share/BigOil/document_generator/datasets/documents_2021_12_28/20bol3c_20211228_164211_3035193700_600_800.png,20bol3c_20211228_164211_3035193700_600_800_mask.png,*  Ssmico.(b)          ssmico
55,6,111,13,404,531,515,544,405,531,515,533,514,544,404,542,sub_line_text,list,list_5,courier,regular,9,20bol3c_20211228_164211_3035193700_600_800.png,/scratch/parceirosbr/bigoilict/share/BigOil/document_generator/datasets/documents_2021_12_28/20bol3c_20211228_164211_3035193700_600_800.png,20bol3c_20211228_164211_3035193700_600_800_mask.png,"terrestre. 1 vibrador,"
52,6,105,13,424,546,529,559,424,546,529,548,529,559,424,557,sub_line_text,text,text_2,courier,regular,9,20bol3c_20211228_164211_3035193700_600_800.png,/scratch/parceirosbr/bigoilict/share/BigOil/document_generator/datasets/documents_2021_12_28/20bol3c_20211228_164211_3035193700_600_800.png,20bol3c_20211228_164211_3035193700_600_800_mask.png,Enfocando  a  questão
70,6,140,13,389,560,529,573,389,560,529,562,529,573,389,571,sub_line_text,text,text_2,courier,regular,9,20bol3c_20211228_164211_3035193700_600_800.png,/scratch/parceirosbr/bigoilict/share/BigOil/document_generator/datasets/documents_2021_12_28/20bol3c_20211228_164211_3035193700_600_800.png,20bol3c_20211228_164211_3035193700_600_800_mask.png,da  segurança  e da garantia
70,6,140,13,389,574,529,587,389,574,529,576,529,587,389,585,sub_line_text,text,text_2,courier,regular,9,20bol3c_20211228_164211_3035193700_600_800.png,/scratch/parceirosbr/bigoilict/share/BigOil/document_generator/datasets/documents_2021_12_28/20bol3c_20211228_164211_3035193700_600_800.png,20bol3c_20211228_164211_3035193700_600_800_mask.png,da  qualidade  dos  sistemas
70,6,141,13,389,588,530,601,389,588,530,590,530,601,389,599,sub_line_text,text,text_2,courier,regular,9,20bol3c_20211228_164211_3035193700_600_800.png,/scratch/parceirosbr/bigoilict/share/BigOil/document_generator/datasets/documents_2021_12_28/20bol3c_20211228_164211_3035193700_600_800.png,20bol3c_20211228_164211_3035193700_600_800_mask.png,"de.  Entretanto, dado que em"
72,20,145,41,388,659,533,700,388,659,533,661,533,700,388,698,list,list,list_6,courier,courier,9,20bol3c_20211228_164211_3035193700_600_800.png,/scratch/parceirosbr/bigoilict/share/BigOil/document_generator/datasets/documents_2021_12_28/20bol3c_20211228_164211_3035193700_600_800.png,20bol3c_20211228_164211_3035193700_600_800_mask.png,
72,6,145,13,389,602,534,615,389,602,534,604,534,615,389,613,sub_line_text,text,text_2,courier,regular,9,20bol3c_20211228_164211_3035193700_600_800.png,/scratch/parceirosbr/bigoilict/share/BigOil/document_generator/datasets/documents_2021_12_28/20bol3c_20211228_164211_3035193700_600_800.png,20bol3c_20211228_164211_3035193700_600_800_mask.png,um  de puro as informações a-
70,6,140,13,388,616,528,629,388,616,528,618,528,629,388,627,sub_line_text,text,text_2,courier,regular,9,20bol3c_20211228_164211_3035193700_600_800.png,/scratch/parceirosbr/bigoilict/share/BigOil/document_generator/datasets/documents_2021_12_28/20bol3c_20211228_164211_3035193700_600_800.png,20bol3c_20211228_164211_3035193700_600_800_mask.png,ssimiladas  afetam  a  regra
70,6,140,13,388,630,528,643,388,630,528,632,528,643,388,641,sub_line_text,text,text_2,courier,regular,9,20bol3c_20211228_164211_3035193700_600_800.png,/scratch/parceirosbr/bigoilict/share/BigOil/document_generator/datasets/documents_2021_12_28/20bol3c_20211228_164211_3035193700_600_800.png,20bol3c_20211228_164211_3035193700_600_800_mask.png,"de  decisão  dos agentes, os"
65,6,130,13,388,644,518,657,388,644,518,646,518,657,388,655,sub_line_text,text,text_2,courier,regular,9,20bol3c_20211228_164211_3035193700_600_800.png,/scratch/parceirosbr/bigoilict/share/BigOil/document_generator/datasets/documents_2021_12_28/20bol3c_20211228_164211_3035193700_600_800.png,20bol3c_20211228_164211_3035193700_600_800_mask.png,quais modificam seu valor.
73,55,146,111,389,546,535,657,390,546,535,548,534,657,389,655,text,text,text_2,courier,regular,9,20bol3c_20211228_164211_3035193700_600_800.png,/scratch/parceirosbr/bigoilict/share/BigOil/document_generator/datasets/documents_2021_12_28/20bol3c_20211228_164211_3035193700_600_800.png,20bol3c_20211228_164211_3035193700_600_800_mask.png,nan
65,6,130,13,388,659,518,672,388,659,518,661,518,672,388,670,sub_line_text,list,list_6,courier,regular,9,20bol3c_20211228_164211_3035193700_600_800.png,/scratch/parceirosbr/bigoilict/share/BigOil/document_generator/datasets/documents_2021_12_28/20bol3c_20211228_164211_3035193700_600_800.png,20bol3c_20211228_164211_3035193700_600_800_mask.png,*  Sugere-se ainda a busca
72,6,145,13,388,673,533,686,388,673,533,675,533,686,388,684,sub_line_text,list,list_6,courier,regular,9,20bol3c_20211228_164211_3035193700_600_800.png,/scratch/parceirosbr/bigoilict/share/BigOil/document_generator/datasets/documents_2021_12_28/20bol3c_20211228_164211_3035193700_600_800.png,20bol3c_20211228_164211_3035193700_600_800_mask.png,"*  Sugere-se,    também,    o"
15,5,31,11,402,688,433,699,403,688,433,688,432,699,402,699,sub_line_text,list,list_6,courier,regular,9,20bol3c_20211228_164211_3035193700_600_800.png,/scratch/parceirosbr/bigoilict/share/BigOil/document_generator/datasets/documents_2021_12_28/20bol3c_20211228_164211_3035193700_600_800.png,20bol3c_20211228_164211_3035193700_600_800_mask.png,estudo
