center_x,center_y,width,height,xmin,ymin,xmax,ymax,top_left_x,top_left_y,top_right_x,top_right_y,bottom_right_x,bottom_right_y,bottom_left_x,bottom_left_y,label,grouplabel,group,text_font,text_style,size_font,filename,path,filename_mask,content
300,400,600,800,0,0,600,800,0,0,600,0,600,800,0,800,document,,,,,,20bol3c_20211228_164211_2498594533_600_800.png,/scratch/parceirosbr/bigoilict/share/BigOil/document_generator/datasets/documents_2021_12_28/20bol3c_20211228_164211_2498594533_600_800.png,20bol3c_20211228_164211_2498594533_600_800_mask.png,
256,0,512,1,36,717,548,718,36,717,548,717,548,718,36,718,line,line,line,,,,20bol3c_20211228_164211_2498594533_600_800.png,/scratch/parceirosbr/bigoilict/share/BigOil/document_generator/datasets/documents_2021_12_28/20bol3c_20211228_164211_2498594533_600_800.png,20bol3c_20211228_164211_2498594533_600_800_mask.png,nan
3,3,7,7,36,717,43,724,36,717,43,717,43,724,36,724,sub_line_text,numpag,footer_1,opensans,regular,6,20bol3c_20211228_164211_2498594533_600_800.png,/scratch/parceirosbr/bigoilict/share/BigOil/document_generator/datasets/documents_2021_12_28/20bol3c_20211228_164211_2498594533_600_800.png,20bol3c_20211228_164211_2498594533_600_800_mask.png,15
3,3,7,7,36,717,43,724,36,717,43,717,43,724,36,724,text,numpag,footer_1,opensans,regular,6,20bol3c_20211228_164211_2498594533_600_800.png,/scratch/parceirosbr/bigoilict/share/BigOil/document_generator/datasets/documents_2021_12_28/20bol3c_20211228_164211_2498594533_600_800.png,20bol3c_20211228_164211_2498594533_600_800_mask.png,nan
2,3,4,7,543,717,547,724,543,717,547,717,547,724,543,724,sub_line_text,footer,footer_1,opensans,regular,6,20bol3c_20211228_164211_2498594533_600_800.png,/scratch/parceirosbr/bigoilict/share/BigOil/document_generator/datasets/documents_2021_12_28/20bol3c_20211228_164211_2498594533_600_800.png,20bol3c_20211228_164211_2498594533_600_800_mask.png,A
2,3,4,7,543,717,547,724,543,717,547,717,547,724,543,724,text,footer,footer_1,opensans,regular,6,20bol3c_20211228_164211_2498594533_600_800.png,/scratch/parceirosbr/bigoilict/share/BigOil/document_generator/datasets/documents_2021_12_28/20bol3c_20211228_164211_2498594533_600_800.png,20bol3c_20211228_164211_2498594533_600_800_mask.png,nan
81,55,162,110,121,85,283,195,121,85,283,85,283,195,121,195,image,figure_image,figure_0,,,,20bol3c_20211228_164211_2498594533_600_800.png,/scratch/parceirosbr/bigoilict/share/BigOil/document_generator/datasets/documents_2021_12_28/20bol3c_20211228_164211_2498594533_600_800.png,20bol3c_20211228_164211_2498594533_600_800_mask.png,output/gen_img_20211228_164212_6512029802.png
7,2,15,5,189,180,204,185,189,180,204,180,204,185,189,185,text,figure_text,figure_0,,,,20bol3c_20211228_164211_2498594533_600_800.png,/scratch/parceirosbr/bigoilict/share/BigOil/document_generator/datasets/documents_2021_12_28/20bol3c_20211228_164211_2498594533_600_800.png,20bol3c_20211228_164211_2498594533_600_800_mask.png,-1270
7,2,15,5,189,180,204,185,189,180,204,180,204,185,189,185,sub_line_text,figure_text,figure_0,,,,20bol3c_20211228_164211_2498594533_600_800.png,/scratch/parceirosbr/bigoilict/share/BigOil/document_generator/datasets/documents_2021_12_28/20bol3c_20211228_164211_2498594533_600_800.png,20bol3c_20211228_164211_2498594533_600_800_mask.png,-1270
15,2,31,5,145,162,176,167,145,162,176,162,176,167,145,167,text,figure_text,figure_0,,,,20bol3c_20211228_164211_2498594533_600_800.png,/scratch/parceirosbr/bigoilict/share/BigOil/document_generator/datasets/documents_2021_12_28/20bol3c_20211228_164211_2498594533_600_800.png,20bol3c_20211228_164211_2498594533_600_800_mask.png,Female [M]
15,2,31,5,145,162,176,167,145,162,176,162,176,167,145,167,sub_line_text,figure_text,figure_0,,,,20bol3c_20211228_164211_2498594533_600_800.png,/scratch/parceirosbr/bigoilict/share/BigOil/document_generator/datasets/documents_2021_12_28/20bol3c_20211228_164211_2498594533_600_800.png,20bol3c_20211228_164211_2498594533_600_800_mask.png,Female [M]
16,2,33,5,135,120,168,125,135,120,168,120,168,125,135,125,text,figure_text,figure_0,,,,20bol3c_20211228_164211_2498594533_600_800.png,/scratch/parceirosbr/bigoilict/share/BigOil/document_generator/datasets/documents_2021_12_28/20bol3c_20211228_164211_2498594533_600_800.png,20bol3c_20211228_164211_2498594533_600_800_mask.png,Demand [KB]
16,2,33,5,135,120,168,125,135,120,168,120,168,125,135,125,sub_line_text,figure_text,figure_0,,,,20bol3c_20211228_164211_2498594533_600_800.png,/scratch/parceirosbr/bigoilict/share/BigOil/document_generator/datasets/documents_2021_12_28/20bol3c_20211228_164211_2498594533_600_800.png,20bol3c_20211228_164211_2498594533_600_800_mask.png,Demand [KB]
9,2,18,4,149,149,167,153,149,149,167,149,167,153,149,153,text,figure_text,figure_0,,,,20bol3c_20211228_164211_2498594533_600_800.png,/scratch/parceirosbr/bigoilict/share/BigOil/document_generator/datasets/documents_2021_12_28/20bol3c_20211228_164211_2498594533_600_800.png,20bol3c_20211228_164211_2498594533_600_800_mask.png,341.95
9,2,18,4,149,149,167,153,149,149,167,149,167,153,149,153,sub_line_text,figure_text,figure_0,,,,20bol3c_20211228_164211_2498594533_600_800.png,/scratch/parceirosbr/bigoilict/share/BigOil/document_generator/datasets/documents_2021_12_28/20bol3c_20211228_164211_2498594533_600_800.png,20bol3c_20211228_164211_2498594533_600_800_mask.png,341.95
12,2,25,5,136,185,161,190,136,185,161,185,161,190,136,190,text,figure_text,figure_0,,,,20bol3c_20211228_164211_2498594533_600_800.png,/scratch/parceirosbr/bigoilict/share/BigOil/document_generator/datasets/documents_2021_12_28/20bol3c_20211228_164211_2498594533_600_800.png,20bol3c_20211228_164211_2498594533_600_800_mask.png,-6872.5%
12,2,25,5,136,185,161,190,136,185,161,185,161,190,136,190,sub_line_text,figure_text,figure_0,,,,20bol3c_20211228_164211_2498594533_600_800.png,/scratch/parceirosbr/bigoilict/share/BigOil/document_generator/datasets/documents_2021_12_28/20bol3c_20211228_164211_2498594533_600_800.png,20bol3c_20211228_164211_2498594533_600_800_mask.png,-6872.5%
17,2,34,5,243,187,277,192,243,187,277,187,277,192,243,192,text,figure_text,figure_0,,,,20bol3c_20211228_164211_2498594533_600_800.png,/scratch/parceirosbr/bigoilict/share/BigOil/document_generator/datasets/documents_2021_12_28/20bol3c_20211228_164211_2498594533_600_800.png,20bol3c_20211228_164211_2498594533_600_800_mask.png,Quality(TB)
17,2,34,5,243,187,277,192,243,187,277,187,277,192,243,192,sub_line_text,figure_text,figure_0,,,,20bol3c_20211228_164211_2498594533_600_800.png,/scratch/parceirosbr/bigoilict/share/BigOil/document_generator/datasets/documents_2021_12_28/20bol3c_20211228_164211_2498594533_600_800.png,20bol3c_20211228_164211_2498594533_600_800_mask.png,Quality(TB)
12,2,24,5,233,145,257,150,233,145,257,145,257,150,233,150,text,figure_text,figure_0,,,,20bol3c_20211228_164211_2498594533_600_800.png,/scratch/parceirosbr/bigoilict/share/BigOil/document_generator/datasets/documents_2021_12_28/20bol3c_20211228_164211_2498594533_600_800.png,20bol3c_20211228_164211_2498594533_600_800_mask.png,Male (M)
12,2,24,5,233,145,257,150,233,145,257,145,257,150,233,150,sub_line_text,figure_text,figure_0,,,,20bol3c_20211228_164211_2498594533_600_800.png,/scratch/parceirosbr/bigoilict/share/BigOil/document_generator/datasets/documents_2021_12_28/20bol3c_20211228_164211_2498594533_600_800.png,20bol3c_20211228_164211_2498594533_600_800_mask.png,Male (M)
12,2,24,5,138,172,162,177,138,172,162,172,162,177,138,177,text,figure_text,figure_0,,,,20bol3c_20211228_164211_2498594533_600_800.png,/scratch/parceirosbr/bigoilict/share/BigOil/document_generator/datasets/documents_2021_12_28/20bol3c_20211228_164211_2498594533_600_800.png,20bol3c_20211228_164211_2498594533_600_800_mask.png,Male (M)
12,2,24,5,138,172,162,177,138,172,162,172,162,177,138,177,sub_line_text,figure_text,figure_0,,,,20bol3c_20211228_164211_2498594533_600_800.png,/scratch/parceirosbr/bigoilict/share/BigOil/document_generator/datasets/documents_2021_12_28/20bol3c_20211228_164211_2498594533_600_800.png,20bol3c_20211228_164211_2498594533_600_800_mask.png,Male (M)
12,2,24,4,208,134,232,138,208,134,232,134,232,138,208,138,text,figure_text,figure_0,,,,20bol3c_20211228_164211_2498594533_600_800.png,/scratch/parceirosbr/bigoilict/share/BigOil/document_generator/datasets/documents_2021_12_28/20bol3c_20211228_164211_2498594533_600_800.png,20bol3c_20211228_164211_2498594533_600_800_mask.png,Reaction
12,2,24,4,208,134,232,138,208,134,232,134,232,138,208,138,sub_line_text,figure_text,figure_0,,,,20bol3c_20211228_164211_2498594533_600_800.png,/scratch/parceirosbr/bigoilict/share/BigOil/document_generator/datasets/documents_2021_12_28/20bol3c_20211228_164211_2498594533_600_800.png,20bol3c_20211228_164211_2498594533_600_800_mask.png,Reaction
13,2,27,5,217,94,244,99,217,94,244,94,244,99,217,99,text,figure_text,figure_0,,,,20bol3c_20211228_164211_2498594533_600_800.png,/scratch/parceirosbr/bigoilict/share/BigOil/document_generator/datasets/documents_2021_12_28/20bol3c_20211228_164211_2498594533_600_800.png,20bol3c_20211228_164211_2498594533_600_800_mask.png,-6667.95%
13,2,27,5,217,94,244,99,217,94,244,94,244,99,217,99,sub_line_text,figure_text,figure_0,,,,20bol3c_20211228_164211_2498594533_600_800.png,/scratch/parceirosbr/bigoilict/share/BigOil/document_generator/datasets/documents_2021_12_28/20bol3c_20211228_164211_2498594533_600_800.png,20bol3c_20211228_164211_2498594533_600_800_mask.png,-6667.95%
12,2,25,5,182,131,207,136,182,131,207,131,207,136,182,136,text,figure_text,figure_0,,,,20bol3c_20211228_164211_2498594533_600_800.png,/scratch/parceirosbr/bigoilict/share/BigOil/document_generator/datasets/documents_2021_12_28/20bol3c_20211228_164211_2498594533_600_800.png,20bol3c_20211228_164211_2498594533_600_800_mask.png,Salinity
12,2,25,5,182,131,207,136,182,131,207,131,207,136,182,136,sub_line_text,figure_text,figure_0,,,,20bol3c_20211228_164211_2498594533_600_800.png,/scratch/parceirosbr/bigoilict/share/BigOil/document_generator/datasets/documents_2021_12_28/20bol3c_20211228_164211_2498594533_600_800.png,20bol3c_20211228_164211_2498594533_600_800_mask.png,Salinity
24,2,49,5,216,126,265,131,216,126,265,126,265,131,216,131,text,figure_text,figure_0,,,,20bol3c_20211228_164211_2498594533_600_800.png,/scratch/parceirosbr/bigoilict/share/BigOil/document_generator/datasets/documents_2021_12_28/20bol3c_20211228_164211_2498594533_600_800.png,20bol3c_20211228_164211_2498594533_600_800_mask.png,Consumption [TB]
24,2,49,5,216,126,265,131,216,126,265,126,265,131,216,131,sub_line_text,figure_text,figure_0,,,,20bol3c_20211228_164211_2498594533_600_800.png,/scratch/parceirosbr/bigoilict/share/BigOil/document_generator/datasets/documents_2021_12_28/20bol3c_20211228_164211_2498594533_600_800.png,20bol3c_20211228_164211_2498594533_600_800_mask.png,Consumption [TB]
9,2,18,5,127,105,145,110,127,105,145,105,145,110,127,110,text,figure_text,figure_0,,,,20bol3c_20211228_164211_2498594533_600_800.png,/scratch/parceirosbr/bigoilict/share/BigOil/document_generator/datasets/documents_2021_12_28/20bol3c_20211228_164211_2498594533_600_800.png,20bol3c_20211228_164211_2498594533_600_800_mask.png,Export
9,2,18,5,127,105,145,110,127,105,145,105,145,110,127,110,sub_line_text,figure_text,figure_0,,,,20bol3c_20211228_164211_2498594533_600_800.png,/scratch/parceirosbr/bigoilict/share/BigOil/document_generator/datasets/documents_2021_12_28/20bol3c_20211228_164211_2498594533_600_800.png,20bol3c_20211228_164211_2498594533_600_800_mask.png,Export
14,2,28,5,197,87,225,92,197,87,225,87,225,92,197,92,text,figure_text,figure_0,,,,20bol3c_20211228_164211_2498594533_600_800.png,/scratch/parceirosbr/bigoilict/share/BigOil/document_generator/datasets/documents_2021_12_28/20bol3c_20211228_164211_2498594533_600_800.png,20bol3c_20211228_164211_2498594533_600_800_mask.png,Data [TB]
14,2,28,5,197,87,225,92,197,87,225,87,225,92,197,92,sub_line_text,figure_text,figure_0,,,,20bol3c_20211228_164211_2498594533_600_800.png,/scratch/parceirosbr/bigoilict/share/BigOil/document_generator/datasets/documents_2021_12_28/20bol3c_20211228_164211_2498594533_600_800.png,20bol3c_20211228_164211_2498594533_600_800_mask.png,Data [TB]
16,2,33,5,233,139,266,144,233,139,266,139,266,144,233,144,text,figure_text,figure_0,,,,20bol3c_20211228_164211_2498594533_600_800.png,/scratch/parceirosbr/bigoilict/share/BigOil/document_generator/datasets/documents_2021_12_28/20bol3c_20211228_164211_2498594533_600_800.png,20bol3c_20211228_164211_2498594533_600_800_mask.png,Volume (KB)
16,2,33,5,233,139,266,144,233,139,266,139,266,144,233,144,sub_line_text,figure_text,figure_0,,,,20bol3c_20211228_164211_2498594533_600_800.png,/scratch/parceirosbr/bigoilict/share/BigOil/document_generator/datasets/documents_2021_12_28/20bol3c_20211228_164211_2498594533_600_800.png,20bol3c_20211228_164211_2498594533_600_800_mask.png,Volume (KB)
16,2,33,5,137,93,170,98,137,93,170,93,170,98,137,98,text,figure_text,figure_0,,,,20bol3c_20211228_164211_2498594533_600_800.png,/scratch/parceirosbr/bigoilict/share/BigOil/document_generator/datasets/documents_2021_12_28/20bol3c_20211228_164211_2498594533_600_800.png,20bol3c_20211228_164211_2498594533_600_800_mask.png,Energy [kw]
16,2,33,5,137,93,170,98,137,93,170,93,170,98,137,98,sub_line_text,figure_text,figure_0,,,,20bol3c_20211228_164211_2498594533_600_800.png,/scratch/parceirosbr/bigoilict/share/BigOil/document_generator/datasets/documents_2021_12_28/20bol3c_20211228_164211_2498594533_600_800.png,20bol3c_20211228_164211_2498594533_600_800_mask.png,Energy [kw]
12,2,24,5,194,142,218,147,194,142,218,142,218,147,194,147,text,figure_text,figure_0,,,,20bol3c_20211228_164211_2498594533_600_800.png,/scratch/parceirosbr/bigoilict/share/BigOil/document_generator/datasets/documents_2021_12_28/20bol3c_20211228_164211_2498594533_600_800.png,20bol3c_20211228_164211_2498594533_600_800_mask.png,Movement
12,2,24,5,194,142,218,147,194,142,218,142,218,147,194,147,sub_line_text,figure_text,figure_0,,,,20bol3c_20211228_164211_2498594533_600_800.png,/scratch/parceirosbr/bigoilict/share/BigOil/document_generator/datasets/documents_2021_12_28/20bol3c_20211228_164211_2498594533_600_800.png,20bol3c_20211228_164211_2498594533_600_800_mask.png,Movement
7,2,15,5,194,106,209,111,194,106,209,106,209,111,194,111,text,figure_text,figure_0,,,,20bol3c_20211228_164211_2498594533_600_800.png,/scratch/parceirosbr/bigoilict/share/BigOil/document_generator/datasets/documents_2021_12_28/20bol3c_20211228_164211_2498594533_600_800.png,20bol3c_20211228_164211_2498594533_600_800_mask.png,-9393
7,2,15,5,194,106,209,111,194,106,209,106,209,111,194,111,sub_line_text,figure_text,figure_0,,,,20bol3c_20211228_164211_2498594533_600_800.png,/scratch/parceirosbr/bigoilict/share/BigOil/document_generator/datasets/documents_2021_12_28/20bol3c_20211228_164211_2498594533_600_800.png,20bol3c_20211228_164211_2498594533_600_800_mask.png,-9393
7,2,15,4,266,90,281,94,266,90,281,90,281,94,266,94,text,figure_text,figure_0,,,,20bol3c_20211228_164211_2498594533_600_800.png,/scratch/parceirosbr/bigoilict/share/BigOil/document_generator/datasets/documents_2021_12_28/20bol3c_20211228_164211_2498594533_600_800.png,20bol3c_20211228_164211_2498594533_600_800_mask.png,-78.6
7,2,15,4,266,90,281,94,266,90,281,90,281,94,266,94,sub_line_text,figure_text,figure_0,,,,20bol3c_20211228_164211_2498594533_600_800.png,/scratch/parceirosbr/bigoilict/share/BigOil/document_generator/datasets/documents_2021_12_28/20bol3c_20211228_164211_2498594533_600_800.png,20bol3c_20211228_164211_2498594533_600_800_mask.png,-78.6
7,2,15,4,260,148,275,152,260,148,275,148,275,152,260,152,text,figure_text,figure_0,,,,20bol3c_20211228_164211_2498594533_600_800.png,/scratch/parceirosbr/bigoilict/share/BigOil/document_generator/datasets/documents_2021_12_28/20bol3c_20211228_164211_2498594533_600_800.png,20bol3c_20211228_164211_2498594533_600_800_mask.png,Texts
7,2,15,4,260,148,275,152,260,148,275,148,275,152,260,152,sub_line_text,figure_text,figure_0,,,,20bol3c_20211228_164211_2498594533_600_800.png,/scratch/parceirosbr/bigoilict/share/BigOil/document_generator/datasets/documents_2021_12_28/20bol3c_20211228_164211_2498594533_600_800.png,20bol3c_20211228_164211_2498594533_600_800_mask.png,Texts
12,2,24,5,134,179,158,184,134,179,158,179,158,184,134,184,text,figure_text,figure_0,,,,20bol3c_20211228_164211_2498594533_600_800.png,/scratch/parceirosbr/bigoilict/share/BigOil/document_generator/datasets/documents_2021_12_28/20bol3c_20211228_164211_2498594533_600_800.png,20bol3c_20211228_164211_2498594533_600_800_mask.png,-6908.80
12,2,24,5,134,179,158,184,134,179,158,179,158,184,134,184,sub_line_text,figure_text,figure_0,,,,20bol3c_20211228_164211_2498594533_600_800.png,/scratch/parceirosbr/bigoilict/share/BigOil/document_generator/datasets/documents_2021_12_28/20bol3c_20211228_164211_2498594533_600_800.png,20bol3c_20211228_164211_2498594533_600_800_mask.png,-6908.80
130,4,260,8,36,200,296,208,36,200,296,200,296,208,36,208,sub_line_text,figure_legend,figure_0,opensans,regular,6,20bol3c_20211228_164211_2498594533_600_800.png,/scratch/parceirosbr/bigoilict/share/BigOil/document_generator/datasets/documents_2021_12_28/20bol3c_20211228_164211_2498594533_600_800.png,20bol3c_20211228_164211_2498594533_600_800_mask.png,Figure  116:    SECTION  4  BIOFUELS  1694.1.  percentage  of  anhydrous  and  hydrated  et-
130,4,261,8,36,210,297,218,36,210,297,210,297,218,36,218,sub_line_text,figure_legend,figure_0,opensans,regular,6,20bol3c_20211228_164211_2498594533_600_800.png,/scratch/parceirosbr/bigoilict/share/BigOil/document_generator/datasets/documents_2021_12_28/20bol3c_20211228_164211_2498594533_600_800.png,20bol3c_20211228_164211_2498594533_600_800_mask.png,"hanol  production,  according  to  major  regions  2013  4.2.  national  production  of  an-"
58,4,117,8,36,220,153,228,36,220,153,220,153,228,36,228,sub_line_text,figure_legend,figure_0,opensans,regular,6,20bol3c_20211228_164211_2498594533_600_800.png,/scratch/parceirosbr/bigoilict/share/BigOil/document_generator/datasets/documents_2021_12_28/20bol3c_20211228_164211_2498594533_600_800.png,20bol3c_20211228_164211_2498594533_600_800_mask.png,hydrous and hydrated ethanol 2004-2013
130,14,261,28,36,200,297,228,36,200,297,200,297,228,36,228,text,figure_legend,figure_0,opensans,regular,6,20bol3c_20211228_164211_2498594533_600_800.png,/scratch/parceirosbr/bigoilict/share/BigOil/document_generator/datasets/documents_2021_12_28/20bol3c_20211228_164211_2498594533_600_800.png,20bol3c_20211228_164211_2498594533_600_800_mask.png,nan
64,110,128,220,36,230,164,450,36,230,164,230,164,450,36,450,list,list,list_1,opensans,opensans,6,20bol3c_20211228_164211_2498594533_600_800.png,/scratch/parceirosbr/bigoilict/share/BigOil/document_generator/datasets/documents_2021_12_28/20bol3c_20211228_164211_2498594533_600_800.png,20bol3c_20211228_164211_2498594533_600_800_mask.png,
29,4,58,8,36,230,94,238,36,230,94,230,94,238,36,238,sub_line_text,list,list_1,opensans,regular,6,20bol3c_20211228_164211_2498594533_600_800.png,/scratch/parceirosbr/bigoilict/share/BigOil/document_generator/datasets/documents_2021_12_28/20bol3c_20211228_164211_2498594533_600_800.png,20bol3c_20211228_164211_2498594533_600_800_mask.png,-  O dispêndio com
40,4,81,8,36,240,117,248,36,240,117,240,117,248,36,248,sub_line_text,list,list_1,opensans,regular,6,20bol3c_20211228_164211_2498594533_600_800.png,/scratch/parceirosbr/bigoilict/share/BigOil/document_generator/datasets/documents_2021_12_28/20bol3c_20211228_164211_2498594533_600_800.png,20bol3c_20211228_164211_2498594533_600_800_mask.png,-  Lipase in the lipid bodies
16,4,32,8,36,250,68,258,36,250,68,250,68,258,36,258,sub_line_text,list,list_1,opensans,regular,6,20bol3c_20211228_164211_2498594533_600_800.png,/scratch/parceirosbr/bigoilict/share/BigOil/document_generator/datasets/documents_2021_12_28/20bol3c_20211228_164211_2498594533_600_800.png,20bol3c_20211228_164211_2498594533_600_800_mask.png,-  A calcula
25,4,51,8,36,260,87,268,36,260,87,260,87,268,36,268,sub_line_text,list,list_1,opensans,regular,6,20bol3c_20211228_164211_2498594533_600_800.png,/scratch/parceirosbr/bigoilict/share/BigOil/document_generator/datasets/documents_2021_12_28/20bol3c_20211228_164211_2498594533_600_800.png,20bol3c_20211228_164211_2498594533_600_800_mask.png,-  Table 3.1 of the
23,4,47,8,36,270,83,278,36,270,83,270,83,278,36,278,sub_line_text,list,list_1,opensans,regular,6,20bol3c_20211228_164211_2498594533_600_800.png,/scratch/parceirosbr/bigoilict/share/BigOil/document_generator/datasets/documents_2021_12_28/20bol3c_20211228_164211_2498594533_600_800.png,20bol3c_20211228_164211_2498594533_600_800_mask.png,-  Esta mistura é
42,4,85,8,36,280,121,288,36,280,121,280,121,288,36,288,sub_line_text,list,list_1,opensans,regular,6,20bol3c_20211228_164211_2498594533_600_800.png,/scratch/parceirosbr/bigoilict/share/BigOil/document_generator/datasets/documents_2021_12_28/20bol3c_20211228_164211_2498594533_600_800.png,20bol3c_20211228_164211_2498594533_600_800_mask.png,-  Graph 4.10: 3 filtration with
26,4,52,8,36,290,88,298,36,290,88,290,88,298,36,298,sub_line_text,list,list_1,opensans,regular,6,20bol3c_20211228_164211_2498594533_600_800.png,/scratch/parceirosbr/bigoilict/share/BigOil/document_generator/datasets/documents_2021_12_28/20bol3c_20211228_164211_2498594533_600_800.png,20bol3c_20211228_164211_2498594533_600_800_mask.png,-  The new natural
39,4,78,8,36,300,114,308,36,300,114,300,114,308,36,308,sub_line_text,list,list_1,opensans,regular,6,20bol3c_20211228_164211_2498594533_600_800.png,/scratch/parceirosbr/bigoilict/share/BigOil/document_generator/datasets/documents_2021_12_28/20bol3c_20211228_164211_2498594533_600_800.png,20bol3c_20211228_164211_2498594533_600_800_mask.png,-  During the entire process
42,4,85,8,36,310,121,318,36,310,121,310,121,318,36,318,sub_line_text,list,list_1,opensans,regular,6,20bol3c_20211228_164211_2498594533_600_800.png,/scratch/parceirosbr/bigoilict/share/BigOil/document_generator/datasets/documents_2021_12_28/20bol3c_20211228_164211_2498594533_600_800.png,20bol3c_20211228_164211_2498594533_600_800_mask.png,-  Require the submission of
26,4,52,8,36,321,88,329,36,321,88,321,88,329,36,329,sub_line_text,list,list_1,opensans,regular,6,20bol3c_20211228_164211_2498594533_600_800.png,/scratch/parceirosbr/bigoilict/share/BigOil/document_generator/datasets/documents_2021_12_28/20bol3c_20211228_164211_2498594533_600_800.png,20bol3c_20211228_164211_2498594533_600_800_mask.png,-  Dennis também
60,4,121,8,36,332,157,340,36,332,157,332,157,340,36,340,sub_line_text,list,list_1,opensans,regular,6,20bol3c_20211228_164211_2498594533_600_800.png,/scratch/parceirosbr/bigoilict/share/BigOil/document_generator/datasets/documents_2021_12_28/20bol3c_20211228_164211_2498594533_600_800.png,20bol3c_20211228_164211_2498594533_600_800_mask.png,"-  Segundo os princípios acima expostos,"
43,4,87,8,36,342,123,350,36,342,123,342,123,350,36,350,sub_line_text,list,list_1,opensans,regular,6,20bol3c_20211228_164211_2498594533_600_800.png,/scratch/parceirosbr/bigoilict/share/BigOil/document_generator/datasets/documents_2021_12_28/20bol3c_20211228_164211_2498594533_600_800.png,20bol3c_20211228_164211_2498594533_600_800_mask.png,-  Its main characteristic when
33,4,66,8,36,352,102,360,36,352,102,352,102,360,36,360,sub_line_text,list,list_1,opensans,regular,6,20bol3c_20211228_164211_2498594533_600_800.png,/scratch/parceirosbr/bigoilict/share/BigOil/document_generator/datasets/documents_2021_12_28/20bol3c_20211228_164211_2498594533_600_800.png,20bol3c_20211228_164211_2498594533_600_800_mask.png,-  Amount of sensitive
42,4,85,8,36,362,121,370,36,362,121,362,121,370,36,370,sub_line_text,list,list_1,opensans,regular,6,20bol3c_20211228_164211_2498594533_600_800.png,/scratch/parceirosbr/bigoilict/share/BigOil/document_generator/datasets/documents_2021_12_28/20bol3c_20211228_164211_2498594533_600_800.png,20bol3c_20211228_164211_2498594533_600_800_mask.png,-  Dissertation of ethanol and
31,4,62,8,36,372,98,380,36,372,98,372,98,380,36,380,sub_line_text,list,list_1,opensans,regular,6,20bol3c_20211228_164211_2498594533_600_800.png,/scratch/parceirosbr/bigoilict/share/BigOil/document_generator/datasets/documents_2021_12_28/20bol3c_20211228_164211_2498594533_600_800.png,20bol3c_20211228_164211_2498594533_600_800_mask.png,-  O interesse do para
64,4,128,8,36,382,164,390,36,382,164,382,164,390,36,390,sub_line_text,list,list_1,opensans,regular,6,20bol3c_20211228_164211_2498594533_600_800.png,/scratch/parceirosbr/bigoilict/share/BigOil/document_generator/datasets/documents_2021_12_28/20bol3c_20211228_164211_2498594533_600_800.png,20bol3c_20211228_164211_2498594533_600_800_mask.png,-  This poorly selected sample was collected
39,4,79,8,36,392,115,400,36,392,115,392,115,400,36,400,sub_line_text,list,list_1,opensans,regular,6,20bol3c_20211228_164211_2498594533_600_800.png,/scratch/parceirosbr/bigoilict/share/BigOil/document_generator/datasets/documents_2021_12_28/20bol3c_20211228_164211_2498594533_600_800.png,20bol3c_20211228_164211_2498594533_600_800_mask.png,"-  Dentre as propostas, uma"
44,4,89,8,36,402,125,410,36,402,125,402,125,410,36,410,sub_line_text,list,list_1,opensans,regular,6,20bol3c_20211228_164211_2498594533_600_800.png,/scratch/parceirosbr/bigoilict/share/BigOil/document_generator/datasets/documents_2021_12_28/20bol3c_20211228_164211_2498594533_600_800.png,20bol3c_20211228_164211_2498594533_600_800_mask.png,"-  In European countries, since"
31,4,63,8,36,412,99,420,36,412,99,412,99,420,36,420,sub_line_text,list,list_1,opensans,regular,6,20bol3c_20211228_164211_2498594533_600_800.png,/scratch/parceirosbr/bigoilict/share/BigOil/document_generator/datasets/documents_2021_12_28/20bol3c_20211228_164211_2498594533_600_800.png,20bol3c_20211228_164211_2498594533_600_800_mask.png,-  As these last figures
6,4,12,8,36,422,48,430,36,422,48,422,48,430,36,430,sub_line_text,list,list_1,opensans,regular,6,20bol3c_20211228_164211_2498594533_600_800.png,/scratch/parceirosbr/bigoilict/share/BigOil/document_generator/datasets/documents_2021_12_28/20bol3c_20211228_164211_2498594533_600_800.png,20bol3c_20211228_164211_2498594533_600_800_mask.png,-  In
43,4,87,8,36,432,123,440,36,432,123,432,123,440,36,440,sub_line_text,list,list_1,opensans,regular,6,20bol3c_20211228_164211_2498594533_600_800.png,/scratch/parceirosbr/bigoilict/share/BigOil/document_generator/datasets/documents_2021_12_28/20bol3c_20211228_164211_2498594533_600_800.png,20bol3c_20211228_164211_2498594533_600_800_mask.png,-  As fibras foram calcinadas a
56,4,113,8,36,442,149,450,36,442,149,442,149,450,36,450,sub_line_text,list,list_1,opensans,regular,6,20bol3c_20211228_164211_2498594533_600_800.png,/scratch/parceirosbr/bigoilict/share/BigOil/document_generator/datasets/documents_2021_12_28/20bol3c_20211228_164211_2498594533_600_800.png,20bol3c_20211228_164211_2498594533_600_800_mask.png,"-  Com a transgressão holocênica, todo"
46,7,92,15,68,453,160,468,68,453,160,453,160,468,68,468,sub_line_text,subtitle,subtitle_0,opensans,bold,11,20bol3c_20211228_164211_2498594533_600_800.png,/scratch/parceirosbr/bigoilict/share/BigOil/document_generator/datasets/documents_2021_12_28/20bol3c_20211228_164211_2498594533_600_800.png,20bol3c_20211228_164211_2498594533_600_800_mask.png,"Modelo,as ações"
70,116,141,233,36,471,177,704,36,471,177,471,177,704,36,704,list,list,list_2,opensans,opensans,11,20bol3c_20211228_164211_2498594533_600_800.png,/scratch/parceirosbr/bigoilict/share/BigOil/document_generator/datasets/documents_2021_12_28/20bol3c_20211228_164211_2498594533_600_800.png,20bol3c_20211228_164211_2498594533_600_800_mask.png,
46,7,92,15,68,453,160,468,68,453,160,453,160,468,68,468,title,subtitle,subtitle_0,opensans,bold,11,20bol3c_20211228_164211_2498594533_600_800.png,/scratch/parceirosbr/bigoilict/share/BigOil/document_generator/datasets/documents_2021_12_28/20bol3c_20211228_164211_2498594533_600_800.png,20bol3c_20211228_164211_2498594533_600_800_mask.png,nan
38,4,77,8,36,471,113,479,36,471,113,471,113,479,36,479,sub_line_text,list,list_2,opensans,regular,6,20bol3c_20211228_164211_2498594533_600_800.png,/scratch/parceirosbr/bigoilict/share/BigOil/document_generator/datasets/documents_2021_12_28/20bol3c_20211228_164211_2498594533_600_800.png,20bol3c_20211228_164211_2498594533_600_800_mask.png,-  China jumped from less
34,4,68,8,36,482,104,490,36,482,104,482,104,490,36,490,sub_line_text,list,list_2,opensans,regular,6,20bol3c_20211228_164211_2498594533_600_800.png,/scratch/parceirosbr/bigoilict/share/BigOil/document_generator/datasets/documents_2021_12_28/20bol3c_20211228_164211_2498594533_600_800.png,20bol3c_20211228_164211_2498594533_600_800_mask.png,"-  Due to this difficulty,"
27,4,54,8,36,492,90,500,36,492,90,492,90,500,36,500,sub_line_text,list,list_2,opensans,regular,6,20bol3c_20211228_164211_2498594533_600_800.png,/scratch/parceirosbr/bigoilict/share/BigOil/document_generator/datasets/documents_2021_12_28/20bol3c_20211228_164211_2498594533_600_800.png,20bol3c_20211228_164211_2498594533_600_800_mask.png,-  And it shows all
61,4,123,8,36,502,159,510,36,502,159,502,159,510,36,510,sub_line_text,list,list_2,opensans,regular,6,20bol3c_20211228_164211_2498594533_600_800.png,/scratch/parceirosbr/bigoilict/share/BigOil/document_generator/datasets/documents_2021_12_28/20bol3c_20211228_164211_2498594533_600_800.png,20bol3c_20211228_164211_2498594533_600_800_mask.png,-  Recently revealed that oil contains more
32,4,65,8,36,512,101,520,36,512,101,512,101,520,36,520,sub_line_text,list,list_2,opensans,regular,6,20bol3c_20211228_164211_2498594533_600_800.png,/scratch/parceirosbr/bigoilict/share/BigOil/document_generator/datasets/documents_2021_12_28/20bol3c_20211228_164211_2498594533_600_800.png,20bol3c_20211228_164211_2498594533_600_800_mask.png,-  Os veículos flex fuel
41,4,83,8,36,522,119,530,36,522,119,522,119,530,36,530,sub_line_text,list,list_2,opensans,regular,6,20bol3c_20211228_164211_2498594533_600_800.png,/scratch/parceirosbr/bigoilict/share/BigOil/document_generator/datasets/documents_2021_12_28/20bol3c_20211228_164211_2498594533_600_800.png,20bol3c_20211228_164211_2498594533_600_800_mask.png,-  Stefan apud states that the
54,4,109,8,36,532,145,540,36,532,145,532,145,540,36,540,sub_line_text,list,list_2,opensans,regular,6,20bol3c_20211228_164211_2498594533_600_800.png,/scratch/parceirosbr/bigoilict/share/BigOil/document_generator/datasets/documents_2021_12_28/20bol3c_20211228_164211_2498594533_600_800.png,20bol3c_20211228_164211_2498594533_600_800_mask.png,-  The high acceptance value for these
28,4,56,8,36,542,92,550,36,542,92,542,92,550,36,550,sub_line_text,list,list_2,opensans,regular,6,20bol3c_20211228_164211_2498594533_600_800.png,/scratch/parceirosbr/bigoilict/share/BigOil/document_generator/datasets/documents_2021_12_28/20bol3c_20211228_164211_2498594533_600_800.png,20bol3c_20211228_164211_2498594533_600_800_mask.png,-  O se manteve em
17,4,34,8,36,553,70,561,36,553,70,553,70,561,36,561,sub_line_text,list,list_2,opensans,regular,6,20bol3c_20211228_164211_2498594533_600_800.png,/scratch/parceirosbr/bigoilict/share/BigOil/document_generator/datasets/documents_2021_12_28/20bol3c_20211228_164211_2498594533_600_800.png,20bol3c_20211228_164211_2498594533_600_800_mask.png,-  There was
41,4,82,8,36,564,118,572,36,564,118,564,118,572,36,572,sub_line_text,list,list_2,opensans,regular,6,20bol3c_20211228_164211_2498594533_600_800.png,/scratch/parceirosbr/bigoilict/share/BigOil/document_generator/datasets/documents_2021_12_28/20bol3c_20211228_164211_2498594533_600_800.png,20bol3c_20211228_164211_2498594533_600_800_mask.png,-  Os resultados obtidos em
43,4,87,8,36,574,123,582,36,574,123,574,123,582,36,582,sub_line_text,list,list_2,opensans,regular,6,20bol3c_20211228_164211_2498594533_600_800.png,/scratch/parceirosbr/bigoilict/share/BigOil/document_generator/datasets/documents_2021_12_28/20bol3c_20211228_164211_2498594533_600_800.png,20bol3c_20211228_164211_2498594533_600_800_mask.png,-  A aplicação dos solventes é
43,4,86,8,36,584,122,592,36,584,122,584,122,592,36,592,sub_line_text,list,list_2,opensans,regular,6,20bol3c_20211228_164211_2498594533_600_800.png,/scratch/parceirosbr/bigoilict/share/BigOil/document_generator/datasets/documents_2021_12_28/20bol3c_20211228_164211_2498594533_600_800.png,20bol3c_20211228_164211_2498594533_600_800_mask.png,-  Um trabalho de aplicação é
56,4,112,8,36,594,148,602,36,594,148,594,148,602,36,602,sub_line_text,list,list_2,opensans,regular,6,20bol3c_20211228_164211_2498594533_600_800.png,/scratch/parceirosbr/bigoilict/share/BigOil/document_generator/datasets/documents_2021_12_28/20bol3c_20211228_164211_2498594533_600_800.png,20bol3c_20211228_164211_2498594533_600_800_mask.png,-  Os principais equipamentos da são:
23,4,47,8,36,604,83,612,36,604,83,604,83,612,36,612,sub_line_text,list,list_2,opensans,regular,6,20bol3c_20211228_164211_2498594533_600_800.png,/scratch/parceirosbr/bigoilict/share/BigOil/document_generator/datasets/documents_2021_12_28/20bol3c_20211228_164211_2498594533_600_800.png,20bol3c_20211228_164211_2498594533_600_800_mask.png,-  O da de e tem
48,4,97,8,36,614,133,622,36,614,133,614,133,622,36,622,sub_line_text,list,list_2,opensans,regular,6,20bol3c_20211228_164211_2498594533_600_800.png,/scratch/parceirosbr/bigoilict/share/BigOil/document_generator/datasets/documents_2021_12_28/20bol3c_20211228_164211_2498594533_600_800.png,20bol3c_20211228_164211_2498594533_600_800_mask.png,"-  De fato, a biodisponibilidade é"
26,4,53,8,36,624,89,632,36,624,89,624,89,632,36,632,sub_line_text,list,list_2,opensans,regular,6,20bol3c_20211228_164211_2498594533_600_800.png,/scratch/parceirosbr/bigoilict/share/BigOil/document_generator/datasets/documents_2021_12_28/20bol3c_20211228_164211_2498594533_600_800.png,20bol3c_20211228_164211_2498594533_600_800_mask.png,-  Summary of the
31,4,62,8,36,634,98,642,36,634,98,634,98,642,36,642,sub_line_text,list,list_2,opensans,regular,6,20bol3c_20211228_164211_2498594533_600_800.png,/scratch/parceirosbr/bigoilict/share/BigOil/document_generator/datasets/documents_2021_12_28/20bol3c_20211228_164211_2498594533_600_800.png,20bol3c_20211228_164211_2498594533_600_800_mask.png,-  A não apresentação
34,4,68,8,36,644,104,652,36,644,104,644,104,652,36,652,sub_line_text,list,list_2,opensans,regular,6,20bol3c_20211228_164211_2498594533_600_800.png,/scratch/parceirosbr/bigoilict/share/BigOil/document_generator/datasets/documents_2021_12_28/20bol3c_20211228_164211_2498594533_600_800.png,20bol3c_20211228_164211_2498594533_600_800_mask.png,-  This is because when
41,4,82,8,36,655,118,663,36,655,118,655,118,663,36,663,sub_line_text,list,list_2,opensans,regular,6,20bol3c_20211228_164211_2498594533_600_800.png,/scratch/parceirosbr/bigoilict/share/BigOil/document_generator/datasets/documents_2021_12_28/20bol3c_20211228_164211_2498594533_600_800.png,20bol3c_20211228_164211_2498594533_600_800_mask.png,"-  Therefore, despite the high"
70,4,141,8,36,666,177,674,36,666,177,666,177,674,36,674,sub_line_text,list,list_2,opensans,regular,6,20bol3c_20211228_164211_2498594533_600_800.png,/scratch/parceirosbr/bigoilict/share/BigOil/document_generator/datasets/documents_2021_12_28/20bol3c_20211228_164211_2498594533_600_800.png,20bol3c_20211228_164211_2498594533_600_800_mask.png,"-  Porém, em escoamentos acelerados em dutos,"
46,4,93,8,36,676,129,684,36,676,129,676,129,684,36,684,sub_line_text,list,list_2,opensans,regular,6,20bol3c_20211228_164211_2498594533_600_800.png,/scratch/parceirosbr/bigoilict/share/BigOil/document_generator/datasets/documents_2021_12_28/20bol3c_20211228_164211_2498594533_600_800.png,20bol3c_20211228_164211_2498594533_600_800_mask.png,-  It must be removed due to its
51,4,103,8,36,686,139,694,36,686,139,686,139,694,36,694,sub_line_text,list,list_2,opensans,regular,6,20bol3c_20211228_164211_2498594533_600_800.png,/scratch/parceirosbr/bigoilict/share/BigOil/document_generator/datasets/documents_2021_12_28/20bol3c_20211228_164211_2498594533_600_800.png,20bol3c_20211228_164211_2498594533_600_800_mask.png,-  Servidor 55 informações passadas
71,34,143,68,213,230,356,298,213,230,356,230,356,298,213,298,list,list,list_3,opensans,opensans,6,20bol3c_20211228_164211_2498594533_600_800.png,/scratch/parceirosbr/bigoilict/share/BigOil/document_generator/datasets/documents_2021_12_28/20bol3c_20211228_164211_2498594533_600_800.png,20bol3c_20211228_164211_2498594533_600_800_mask.png,
45,4,91,8,36,696,127,704,36,696,127,696,127,704,36,704,sub_line_text,list,list_2,opensans,regular,6,20bol3c_20211228_164211_2498594533_600_800.png,/scratch/parceirosbr/bigoilict/share/BigOil/document_generator/datasets/documents_2021_12_28/20bol3c_20211228_164211_2498594533_600_800.png,20bol3c_20211228_164211_2498594533_600_800_mask.png,-  As considerações desta de da
36,4,72,8,213,230,285,238,213,230,285,230,285,238,213,238,sub_line_text,list,list_3,opensans,regular,6,20bol3c_20211228_164211_2498594533_600_800.png,/scratch/parceirosbr/bigoilict/share/BigOil/document_generator/datasets/documents_2021_12_28/20bol3c_20211228_164211_2498594533_600_800.png,20bol3c_20211228_164211_2498594533_600_800_mask.png,-  Para determinar kn+1 k
28,4,56,8,213,240,269,248,213,240,269,240,269,248,213,248,sub_line_text,list,list_3,opensans,regular,6,20bol3c_20211228_164211_2498594533_600_800.png,/scratch/parceirosbr/bigoilict/share/BigOil/document_generator/datasets/documents_2021_12_28/20bol3c_20211228_164211_2498594533_600_800.png,20bol3c_20211228_164211_2498594533_600_800_mask.png,-  The formation of
32,4,64,8,213,250,277,258,213,250,277,250,277,258,213,258,sub_line_text,list,list_3,opensans,regular,6,20bol3c_20211228_164211_2498594533_600_800.png,/scratch/parceirosbr/bigoilict/share/BigOil/document_generator/datasets/documents_2021_12_28/20bol3c_20211228_164211_2498594533_600_800.png,20bol3c_20211228_164211_2498594533_600_800_mask.png,-  The regime includes
43,4,87,8,213,260,300,268,213,260,300,260,300,268,213,268,sub_line_text,list,list_3,opensans,regular,6,20bol3c_20211228_164211_2498594533_600_800.png,/scratch/parceirosbr/bigoilict/share/BigOil/document_generator/datasets/documents_2021_12_28/20bol3c_20211228_164211_2498594533_600_800.png,20bol3c_20211228_164211_2498594533_600_800_mask.png,-  Universal são representantes
42,4,84,8,213,270,297,278,213,270,297,270,297,278,213,278,sub_line_text,list,list_3,opensans,regular,6,20bol3c_20211228_164211_2498594533_600_800.png,/scratch/parceirosbr/bigoilict/share/BigOil/document_generator/datasets/documents_2021_12_28/20bol3c_20211228_164211_2498594533_600_800.png,20bol3c_20211228_164211_2498594533_600_800_mask.png,-  The present work proposes
41,4,82,8,213,280,295,288,213,280,295,280,295,288,213,288,sub_line_text,list,list_3,opensans,regular,6,20bol3c_20211228_164211_2498594533_600_800.png,/scratch/parceirosbr/bigoilict/share/BigOil/document_generator/datasets/documents_2021_12_28/20bol3c_20211228_164211_2498594533_600_800.png,20bol3c_20211228_164211_2498594533_600_800_mask.png,-  Depending on the ratio of
71,4,143,8,213,290,356,298,213,290,356,290,356,298,213,298,sub_line_text,list,list_3,opensans,regular,6,20bol3c_20211228_164211_2498594533_600_800.png,/scratch/parceirosbr/bigoilict/share/BigOil/document_generator/datasets/documents_2021_12_28/20bol3c_20211228_164211_2498594533_600_800.png,20bol3c_20211228_164211_2498594533_600_800_mask.png,-  Condição de contorno mista: quando algumas
47,7,94,15,244,301,338,316,244,301,338,301,338,316,244,316,sub_line_text,subtitle,subtitle_1,opensans,bold,11,20bol3c_20211228_164211_2498594533_600_800.png,/scratch/parceirosbr/bigoilict/share/BigOil/document_generator/datasets/documents_2021_12_28/20bol3c_20211228_164211_2498594533_600_800.png,20bol3c_20211228_164211_2498594533_600_800_mask.png,Para distribuição
47,7,94,15,244,301,338,316,244,301,338,301,338,316,244,316,title,subtitle,subtitle_1,opensans,bold,11,20bol3c_20211228_164211_2498594533_600_800.png,/scratch/parceirosbr/bigoilict/share/BigOil/document_generator/datasets/documents_2021_12_28/20bol3c_20211228_164211_2498594533_600_800.png,20bol3c_20211228_164211_2498594533_600_800_mask.png,nan
68,105,136,211,213,344,349,555,213,344,349,344,349,555,213,555,list,list,list_4,opensans,opensans,8,20bol3c_20211228_164211_2498594533_600_800.png,/scratch/parceirosbr/bigoilict/share/BigOil/document_generator/datasets/documents_2021_12_28/20bol3c_20211228_164211_2498594533_600_800.png,20bol3c_20211228_164211_2498594533_600_800_mask.png,
76,5,153,10,213,319,366,329,213,319,366,319,366,329,213,329,sub_line_text,subsubtitle,subsubtitle_0,opensans,regular,8,20bol3c_20211228_164211_2498594533_600_800.png,/scratch/parceirosbr/bigoilict/share/BigOil/document_generator/datasets/documents_2021_12_28/20bol3c_20211228_164211_2498594533_600_800.png,20bol3c_20211228_164211_2498594533_600_800_mask.png,Several    factors    influence   degree   ads-
14,5,28,10,213,331,241,341,213,331,241,331,241,341,213,341,sub_line_text,subsubtitle,subsubtitle_0,opensans,regular,8,20bol3c_20211228_164211_2498594533_600_800.png,/scratch/parceirosbr/bigoilict/share/BigOil/document_generator/datasets/documents_2021_12_28/20bol3c_20211228_164211_2498594533_600_800.png,20bol3c_20211228_164211_2498594533_600_800_mask.png,orption
76,11,153,22,213,319,366,341,213,319,366,319,366,341,213,341,title,subsubtitle,subsubtitle_0,opensans,regular,8,20bol3c_20211228_164211_2498594533_600_800.png,/scratch/parceirosbr/bigoilict/share/BigOil/document_generator/datasets/documents_2021_12_28/20bol3c_20211228_164211_2498594533_600_800.png,20bol3c_20211228_164211_2498594533_600_800_mask.png,nan
47,4,95,8,213,344,308,352,213,344,308,344,308,352,213,352,sub_line_text,list,list_4,opensans,regular,6,20bol3c_20211228_164211_2498594533_600_800.png,/scratch/parceirosbr/bigoilict/share/BigOil/document_generator/datasets/documents_2021_12_28/20bol3c_20211228_164211_2498594533_600_800.png,20bol3c_20211228_164211_2498594533_600_800_mask.png,"-  Initially, a positive control was"
26,4,53,8,213,355,266,363,213,355,266,355,266,363,213,363,sub_line_text,list,list_4,opensans,regular,6,20bol3c_20211228_164211_2498594533_600_800.png,/scratch/parceirosbr/bigoilict/share/BigOil/document_generator/datasets/documents_2021_12_28/20bol3c_20211228_164211_2498594533_600_800.png,20bol3c_20211228_164211_2498594533_600_800_mask.png,"-  Porém, devido a"
44,4,89,8,213,365,302,373,213,365,302,365,302,373,213,373,sub_line_text,list,list_4,opensans,regular,6,20bol3c_20211228_164211_2498594533_600_800.png,/scratch/parceirosbr/bigoilict/share/BigOil/document_generator/datasets/documents_2021_12_28/20bol3c_20211228_164211_2498594533_600_800.png,20bol3c_20211228_164211_2498594533_600_800_mask.png,-  Os tipos de petróleo podem
17,4,35,8,213,375,248,383,213,375,248,375,248,383,213,383,sub_line_text,list,list_4,opensans,regular,6,20bol3c_20211228_164211_2498594533_600_800.png,/scratch/parceirosbr/bigoilict/share/BigOil/document_generator/datasets/documents_2021_12_28/20bol3c_20211228_164211_2498594533_600_800.png,20bol3c_20211228_164211_2498594533_600_800_mask.png,-  A amostra
21,4,42,8,213,385,255,393,213,385,255,385,255,393,213,393,sub_line_text,list,list_4,opensans,regular,6,20bol3c_20211228_164211_2498594533_600_800.png,/scratch/parceirosbr/bigoilict/share/BigOil/document_generator/datasets/documents_2021_12_28/20bol3c_20211228_164211_2498594533_600_800.png,20bol3c_20211228_164211_2498594533_600_800_mask.png,-  Resale: retail
45,4,90,8,213,395,303,403,213,395,303,395,303,403,213,403,sub_line_text,list,list_4,opensans,regular,6,20bol3c_20211228_164211_2498594533_600_800.png,/scratch/parceirosbr/bigoilict/share/BigOil/document_generator/datasets/documents_2021_12_28/20bol3c_20211228_164211_2498594533_600_800.png,20bol3c_20211228_164211_2498594533_600_800_mask.png,-  If an estimated pressure field
30,4,60,8,213,405,273,413,213,405,273,405,273,413,213,413,sub_line_text,list,list_4,opensans,regular,6,20bol3c_20211228_164211_2498594533_600_800.png,/scratch/parceirosbr/bigoilict/share/BigOil/document_generator/datasets/documents_2021_12_28/20bol3c_20211228_164211_2498594533_600_800.png,20bol3c_20211228_164211_2498594533_600_800_mask.png,"-  De maneira geral, o"
68,4,136,8,213,415,349,423,213,415,349,415,349,423,213,423,sub_line_text,list,list_4,opensans,regular,6,20bol3c_20211228_164211_2498594533_600_800.png,/scratch/parceirosbr/bigoilict/share/BigOil/document_generator/datasets/documents_2021_12_28/20bol3c_20211228_164211_2498594533_600_800.png,20bol3c_20211228_164211_2498594533_600_800_mask.png,-  To verify the possibility of using absorbance
26,4,53,8,213,426,266,434,213,426,266,426,266,434,213,434,sub_line_text,list,list_4,opensans,regular,6,20bol3c_20211228_164211_2498594533_600_800.png,/scratch/parceirosbr/bigoilict/share/BigOil/document_generator/datasets/documents_2021_12_28/20bol3c_20211228_164211_2498594533_600_800.png,20bol3c_20211228_164211_2498594533_600_800_mask.png,-  Este mecanismo
36,4,73,8,213,437,286,445,213,437,286,437,286,445,213,445,sub_line_text,list,list_4,opensans,regular,6,20bol3c_20211228_164211_2498594533_600_800.png,/scratch/parceirosbr/bigoilict/share/BigOil/document_generator/datasets/documents_2021_12_28/20bol3c_20211228_164211_2498594533_600_800.png,20bol3c_20211228_164211_2498594533_600_800_mask.png,-  O efeito da variação do
67,4,134,8,213,447,347,455,213,447,347,447,347,455,213,455,sub_line_text,list,list_4,opensans,regular,6,20bol3c_20211228_164211_2498594533_600_800.png,/scratch/parceirosbr/bigoilict/share/BigOil/document_generator/datasets/documents_2021_12_28/20bol3c_20211228_164211_2498594533_600_800.png,20bol3c_20211228_164211_2498594533_600_800_mask.png,"-  IV.34, below, show the mechanical behavior"
38,4,77,8,213,457,290,465,213,457,290,457,290,465,213,465,sub_line_text,list,list_4,opensans,regular,6,20bol3c_20211228_164211_2498594533_600_800.png,/scratch/parceirosbr/bigoilict/share/BigOil/document_generator/datasets/documents_2021_12_28/20bol3c_20211228_164211_2498594533_600_800.png,20bol3c_20211228_164211_2498594533_600_800_mask.png,-  Pinguelli: the world will
28,4,57,8,213,467,270,475,213,467,270,467,270,475,213,475,sub_line_text,list,list_4,opensans,regular,6,20bol3c_20211228_164211_2498594533_600_800.png,/scratch/parceirosbr/bigoilict/share/BigOil/document_generator/datasets/documents_2021_12_28/20bol3c_20211228_164211_2498594533_600_800.png,20bol3c_20211228_164211_2498594533_600_800_mask.png,"-  Ou seja, em 200 C"
38,4,76,8,213,477,289,485,213,477,289,477,289,485,213,485,sub_line_text,list,list_4,opensans,regular,6,20bol3c_20211228_164211_2498594533_600_800.png,/scratch/parceirosbr/bigoilict/share/BigOil/document_generator/datasets/documents_2021_12_28/20bol3c_20211228_164211_2498594533_600_800.png,20bol3c_20211228_164211_2498594533_600_800_mask.png,"-  It should be noted that,"
61,4,123,8,213,487,336,495,213,487,336,487,336,495,213,495,sub_line_text,list,list_4,opensans,regular,6,20bol3c_20211228_164211_2498594533_600_800.png,/scratch/parceirosbr/bigoilict/share/BigOil/document_generator/datasets/documents_2021_12_28/20bol3c_20211228_164211_2498594533_600_800.png,20bol3c_20211228_164211_2498594533_600_800_mask.png,"-  Finally, through these three guidelines, it"
44,4,89,8,213,497,302,505,213,497,302,497,302,505,213,505,sub_line_text,list,list_4,opensans,regular,6,20bol3c_20211228_164211_2498594533_600_800.png,/scratch/parceirosbr/bigoilict/share/BigOil/document_generator/datasets/documents_2021_12_28/20bol3c_20211228_164211_2498594533_600_800.png,20bol3c_20211228_164211_2498594533_600_800_mask.png,-  Regardless of the quenching
52,4,105,8,213,507,318,515,213,507,318,507,318,515,213,515,sub_line_text,list,list_4,opensans,regular,6,20bol3c_20211228_164211_2498594533_600_800.png,/scratch/parceirosbr/bigoilict/share/BigOil/document_generator/datasets/documents_2021_12_28/20bol3c_20211228_164211_2498594533_600_800.png,20bol3c_20211228_164211_2498594533_600_800_mask.png,-  A review of current technology for
28,4,56,8,213,517,269,525,213,517,269,517,269,525,213,525,sub_line_text,list,list_4,opensans,regular,6,20bol3c_20211228_164211_2498594533_600_800.png,/scratch/parceirosbr/bigoilict/share/BigOil/document_generator/datasets/documents_2021_12_28/20bol3c_20211228_164211_2498594533_600_800.png,20bol3c_20211228_164211_2498594533_600_800_mask.png,-  If this test gives a
65,4,130,8,213,527,343,535,213,527,343,527,343,535,213,535,sub_line_text,list,list_4,opensans,regular,6,20bol3c_20211228_164211_2498594533_600_800.png,/scratch/parceirosbr/bigoilict/share/BigOil/document_generator/datasets/documents_2021_12_28/20bol3c_20211228_164211_2498594533_600_800.png,20bol3c_20211228_164211_2498594533_600_800_mask.png,-  Other specimens were registered but could
65,4,131,8,213,537,344,545,213,537,344,537,344,545,213,545,sub_line_text,list,list_4,opensans,regular,6,20bol3c_20211228_164211_2498594533_600_800.png,/scratch/parceirosbr/bigoilict/share/BigOil/document_generator/datasets/documents_2021_12_28/20bol3c_20211228_164211_2498594533_600_800.png,20bol3c_20211228_164211_2498594533_600_800_mask.png,-  Improvements in writing and changing the
42,4,85,8,213,576,298,584,213,576,298,576,298,584,213,584,list,list,list_5,opensans,opensans,6,20bol3c_20211228_164211_2498594533_600_800.png,/scratch/parceirosbr/bigoilict/share/BigOil/document_generator/datasets/documents_2021_12_28/20bol3c_20211228_164211_2498594533_600_800.png,20bol3c_20211228_164211_2498594533_600_800_mask.png,
40,4,81,8,213,547,294,555,213,547,294,547,294,555,213,555,sub_line_text,list,list_4,opensans,regular,6,20bol3c_20211228_164211_2498594533_600_800.png,/scratch/parceirosbr/bigoilict/share/BigOil/document_generator/datasets/documents_2021_12_28/20bol3c_20211228_164211_2498594533_600_800.png,20bol3c_20211228_164211_2498594533_600_800_mask.png,"-  Além deles, foi incluído 1"
45,7,90,15,246,558,336,573,246,558,336,558,336,573,246,573,sub_line_text,subtitle,subtitle_2,opensans,bold,11,20bol3c_20211228_164211_2498594533_600_800.png,/scratch/parceirosbr/bigoilict/share/BigOil/document_generator/datasets/documents_2021_12_28/20bol3c_20211228_164211_2498594533_600_800.png,20bol3c_20211228_164211_2498594533_600_800_mask.png,Model considers
45,7,90,15,246,558,336,573,246,558,336,558,336,573,246,573,title,subtitle,subtitle_2,opensans,bold,11,20bol3c_20211228_164211_2498594533_600_800.png,/scratch/parceirosbr/bigoilict/share/BigOil/document_generator/datasets/documents_2021_12_28/20bol3c_20211228_164211_2498594533_600_800.png,20bol3c_20211228_164211_2498594533_600_800_mask.png,nan
42,4,85,8,213,576,298,584,213,576,298,576,298,584,213,584,sub_line_text,list,list_5,opensans,regular,6,20bol3c_20211228_164211_2498594533_600_800.png,/scratch/parceirosbr/bigoilict/share/BigOil/document_generator/datasets/documents_2021_12_28/20bol3c_20211228_164211_2498594533_600_800.png,20bol3c_20211228_164211_2498594533_600_800_mask.png,-  The low content of ethanol
62,4,124,8,243,587,367,595,243,587,367,587,367,595,243,595,sub_line_text,text,text_0,opensans,regular,6,20bol3c_20211228_164211_2498594533_600_800.png,/scratch/parceirosbr/bigoilict/share/BigOil/document_generator/datasets/documents_2021_12_28/20bol3c_20211228_164211_2498594533_600_800.png,20bol3c_20211228_164211_2498594533_600_800_mask.png,Relationship   between  the  values  of  oil
77,4,154,8,213,597,367,605,213,597,367,597,367,605,213,605,sub_line_text,text,text_0,opensans,regular,6,20bol3c_20211228_164211_2498594533_600_800.png,/scratch/parceirosbr/bigoilict/share/BigOil/document_generator/datasets/documents_2021_12_28/20bol3c_20211228_164211_2498594533_600_800.png,20bol3c_20211228_164211_2498594533_600_800_mask.png,and  natural  gas  in  the  period  2000-2013.  Catalytic
77,4,154,8,213,607,367,615,213,607,367,607,367,615,213,615,sub_line_text,text,text_0,opensans,regular,6,20bol3c_20211228_164211_2498594533_600_800.png,/scratch/parceirosbr/bigoilict/share/BigOil/document_generator/datasets/documents_2021_12_28/20bol3c_20211228_164211_2498594533_600_800.png,20bol3c_20211228_164211_2498594533_600_800_mask.png,reform  aiming  to  transform  a  naphtha  rich in pa-
77,4,154,8,213,617,367,625,213,617,367,617,367,625,213,625,sub_line_text,text,text_0,opensans,regular,6,20bol3c_20211228_164211_2498594533_600_800.png,/scratch/parceirosbr/bigoilict/share/BigOil/document_generator/datasets/documents_2021_12_28/20bol3c_20211228_164211_2498594533_600_800.png,20bol3c_20211228_164211_2498594533_600_800_mask.png,raffinic  or  naphthenic  hydrocarbons  into  another
76,4,153,8,213,627,366,635,213,627,366,627,366,635,213,635,sub_line_text,text,text_0,opensans,regular,6,20bol3c_20211228_164211_2498594533_600_800.png,/scratch/parceirosbr/bigoilict/share/BigOil/document_generator/datasets/documents_2021_12_28/20bol3c_20211228_164211_2498594533_600_800.png,20bol3c_20211228_164211_2498594533_600_800_mask.png,"one,  rich  in  aromatic  hydrocarbons.  Other  needs"
77,4,154,8,213,637,367,645,213,637,367,637,367,645,213,645,sub_line_text,text,text_0,opensans,regular,6,20bol3c_20211228_164211_2498594533_600_800.png,/scratch/parceirosbr/bigoilict/share/BigOil/document_generator/datasets/documents_2021_12_28/20bol3c_20211228_164211_2498594533_600_800.png,20bol3c_20211228_164211_2498594533_600_800_mask.png,could   be  identified  in  order  to  generate  the  ap-
76,4,153,8,213,647,366,655,213,647,366,647,366,655,213,655,sub_line_text,text,text_0,opensans,regular,6,20bol3c_20211228_164211_2498594533_600_800.png,/scratch/parceirosbr/bigoilict/share/BigOil/document_generator/datasets/documents_2021_12_28/20bol3c_20211228_164211_2498594533_600_800.png,20bol3c_20211228_164211_2498594533_600_800_mask.png,propriate  rules  to  deal  with  the  problem.  Para o
76,4,153,8,213,657,366,665,213,657,366,657,366,665,213,665,sub_line_text,text,text_0,opensans,regular,6,20bol3c_20211228_164211_2498594533_600_800.png,/scratch/parceirosbr/bigoilict/share/BigOil/document_generator/datasets/documents_2021_12_28/20bol3c_20211228_164211_2498594533_600_800.png,20bol3c_20211228_164211_2498594533_600_800_mask.png,"óxido  composto  (Ba,Pb)TiO3,  é  possível  observar"
76,4,153,8,213,667,366,675,213,667,366,667,366,675,213,675,sub_line_text,text,text_0,opensans,regular,6,20bol3c_20211228_164211_2498594533_600_800.png,/scratch/parceirosbr/bigoilict/share/BigOil/document_generator/datasets/documents_2021_12_28/20bol3c_20211228_164211_2498594533_600_800.png,20bol3c_20211228_164211_2498594533_600_800_mask.png,a  presença  de  uma  estrutura  composta  por porç-
77,4,154,8,213,677,367,685,213,677,367,677,367,685,213,685,sub_line_text,text,text_0,opensans,regular,6,20bol3c_20211228_164211_2498594533_600_800.png,/scratch/parceirosbr/bigoilict/share/BigOil/document_generator/datasets/documents_2021_12_28/20bol3c_20211228_164211_2498594533_600_800.png,20bol3c_20211228_164211_2498594533_600_800_mask.png,ões   cristalinas   inseridas  numa  estrutura  aparent-
68,4,137,8,213,687,350,695,213,687,350,687,350,695,213,695,sub_line_text,text,text_0,opensans,regular,6,20bol3c_20211228_164211_2498594533_600_800.png,/scratch/parceirosbr/bigoilict/share/BigOil/document_generator/datasets/documents_2021_12_28/20bol3c_20211228_164211_2498594533_600_800.png,20bol3c_20211228_164211_2498594533_600_800_mask.png,"emente amorfa, ou seja, parcialmente cristalina."
77,54,154,108,213,587,367,695,213,587,367,587,367,695,213,695,text,text,text_0,opensans,regular,6,20bol3c_20211228_164211_2498594533_600_800.png,/scratch/parceirosbr/bigoilict/share/BigOil/document_generator/datasets/documents_2021_12_28/20bol3c_20211228_164211_2498594533_600_800.png,20bol3c_20211228_164211_2498594533_600_800_mask.png,nan
55,4,110,8,243,698,353,706,243,698,353,698,353,706,243,706,sub_line_text,text,text_1,opensans,regular,6,20bol3c_20211228_164211_2498594533_600_800.png,/scratch/parceirosbr/bigoilict/share/BigOil/document_generator/datasets/documents_2021_12_28/20bol3c_20211228_164211_2498594533_600_800.png,20bol3c_20211228_164211_2498594533_600_800_mask.png,A diferenciação das regiões 23 espect-.
55,4,110,8,243,698,353,706,243,698,353,698,353,706,243,706,text,text,text_1,opensans,regular,6,20bol3c_20211228_164211_2498594533_600_800.png,/scratch/parceirosbr/bigoilict/share/BigOil/document_generator/datasets/documents_2021_12_28/20bol3c_20211228_164211_2498594533_600_800.png,20bol3c_20211228_164211_2498594533_600_800_mask.png,nan
62,4,124,8,420,85,544,93,420,85,544,85,544,93,420,93,sub_line_text,text,text_2,opensans,regular,6,20bol3c_20211228_164211_2498594533_600_800.png,/scratch/parceirosbr/bigoilict/share/BigOil/document_generator/datasets/documents_2021_12_28/20bol3c_20211228_164211_2498594533_600_800.png,20bol3c_20211228_164211_2498594533_600_800_mask.png,A   fácie   se  restringiu  á  uma  ocorrência
76,4,153,8,390,95,543,103,390,95,543,95,543,103,390,103,sub_line_text,text,text_2,opensans,regular,6,20bol3c_20211228_164211_2498594533_600_800.png,/scratch/parceirosbr/bigoilict/share/BigOil/document_generator/datasets/documents_2021_12_28/20bol3c_20211228_164211_2498594533_600_800.png,20bol3c_20211228_164211_2498594533_600_800_mask.png,"pontual,  ao  sul  da  bacia  em profundidades men-"
76,4,153,8,390,105,543,113,390,105,543,105,543,113,390,113,sub_line_text,text,text_2,opensans,regular,6,20bol3c_20211228_164211_2498594533_600_800.png,/scratch/parceirosbr/bigoilict/share/BigOil/document_generator/datasets/documents_2021_12_28/20bol3c_20211228_164211_2498594533_600_800.png,20bol3c_20211228_164211_2498594533_600_800_mask.png,"ores  que  25  metros,  em  maior  quantidade  e ent-"
77,4,154,8,390,115,544,123,390,115,544,115,544,123,390,123,sub_line_text,text,text_2,opensans,regular,6,20bol3c_20211228_164211_2498594533_600_800.png,/scratch/parceirosbr/bigoilict/share/BigOil/document_generator/datasets/documents_2021_12_28/20bol3c_20211228_164211_2498594533_600_800.png,20bol3c_20211228_164211_2498594533_600_800_mask.png,re  25  e  50  metros.  A  interface  se  tornou  cada  v-
76,4,153,8,390,125,543,133,390,125,543,125,543,133,390,133,sub_line_text,text,text_2,opensans,regular,6,20bol3c_20211228_164211_2498594533_600_800.png,/scratch/parceirosbr/bigoilict/share/BigOil/document_generator/datasets/documents_2021_12_28/20bol3c_20211228_164211_2498594533_600_800.png,20bol3c_20211228_164211_2498594533_600_800_mask.png,ez  28  mais  tênue  à medida que o ponto crítico se
77,4,154,8,390,135,544,143,390,135,544,135,544,143,390,143,sub_line_text,text,text_2,opensans,regular,6,20bol3c_20211228_164211_2498594533_600_800.png,/scratch/parceirosbr/bigoilict/share/BigOil/document_generator/datasets/documents_2021_12_28/20bol3c_20211228_164211_2498594533_600_800.png,20bol3c_20211228_164211_2498594533_600_800_mask.png,aproximava.   As   reservas  de  gás  natural  francesas
76,4,153,8,390,145,543,153,390,145,543,145,543,153,390,153,sub_line_text,text,text_2,opensans,regular,6,20bol3c_20211228_164211_2498594533_600_800.png,/scratch/parceirosbr/bigoilict/share/BigOil/document_generator/datasets/documents_2021_12_28/20bol3c_20211228_164211_2498594533_600_800.png,20bol3c_20211228_164211_2498594533_600_800_mask.png,"não  suprem  a  demanda doméstica, levando o país"
77,4,154,8,390,155,544,163,390,155,544,155,544,163,390,163,sub_line_text,text,text_2,opensans,regular,6,20bol3c_20211228_164211_2498594533_600_800.png,/scratch/parceirosbr/bigoilict/share/BigOil/document_generator/datasets/documents_2021_12_28/20bol3c_20211228_164211_2498594533_600_800.png,20bol3c_20211228_164211_2498594533_600_800_mask.png,"a   importar  aproximadamente  97,6%  do  gás  cons-"
77,4,154,8,390,165,544,173,390,165,544,165,544,173,390,173,sub_line_text,text,text_2,opensans,regular,6,20bol3c_20211228_164211_2498594533_600_800.png,/scratch/parceirosbr/bigoilict/share/BigOil/document_generator/datasets/documents_2021_12_28/20bol3c_20211228_164211_2498594533_600_800.png,20bol3c_20211228_164211_2498594533_600_800_mask.png,umido.  As  trapas  para  a sequência estão associad-
76,4,153,8,390,175,543,183,390,175,543,175,543,183,390,183,sub_line_text,text,text_2,opensans,regular,6,20bol3c_20211228_164211_2498594533_600_800.png,/scratch/parceirosbr/bigoilict/share/BigOil/document_generator/datasets/documents_2021_12_28/20bol3c_20211228_164211_2498594533_600_800.png,20bol3c_20211228_164211_2498594533_600_800_mask.png,as  principalmente  a  blocos  basculados contra fal-
76,4,153,8,390,185,543,193,390,185,543,185,543,193,390,193,sub_line_text,text,text_2,opensans,regular,6,20bol3c_20211228_164211_2498594533_600_800.png,/scratch/parceirosbr/bigoilict/share/BigOil/document_generator/datasets/documents_2021_12_28/20bol3c_20211228_164211_2498594533_600_800.png,20bol3c_20211228_164211_2498594533_600_800_mask.png,"has   selantes   e   de  caráter  estratigráfico,  relacion-"
77,170,155,341,390,236,545,577,390,236,545,236,545,577,390,577,list,list,list_6,opensans,opensans,6,20bol3c_20211228_164211_2498594533_600_800.png,/scratch/parceirosbr/bigoilict/share/BigOil/document_generator/datasets/documents_2021_12_28/20bol3c_20211228_164211_2498594533_600_800.png,20bol3c_20211228_164211_2498594533_600_800_mask.png,
77,4,154,8,390,195,544,203,390,195,544,195,544,203,390,203,sub_line_text,text,text_2,opensans,regular,6,20bol3c_20211228_164211_2498594533_600_800.png,/scratch/parceirosbr/bigoilict/share/BigOil/document_generator/datasets/documents_2021_12_28/20bol3c_20211228_164211_2498594533_600_800.png,20bol3c_20211228_164211_2498594533_600_800_mask.png,adas  a  discordâncias.  A  tarifa  aplicável  ao serviço
77,4,154,8,390,205,544,213,390,205,544,205,544,213,390,213,sub_line_text,text,text_2,opensans,regular,6,20bol3c_20211228_164211_2498594533_600_800.png,/scratch/parceirosbr/bigoilict/share/BigOil/document_generator/datasets/documents_2021_12_28/20bol3c_20211228_164211_2498594533_600_800.png,20bol3c_20211228_164211_2498594533_600_800_mask.png,de  swap  não  pode  ser  inferior  àquela  paga pelo-
77,4,154,8,390,215,544,223,390,215,544,215,544,223,390,223,sub_line_text,text,text_2,opensans,regular,6,20bol3c_20211228_164211_2498594533_600_800.png,/scratch/parceirosbr/bigoilict/share/BigOil/document_generator/datasets/documents_2021_12_28/20bol3c_20211228_164211_2498594533_600_800.png,20bol3c_20211228_164211_2498594533_600_800_mask.png,s.  The  oil  reserve  /  production  (R  /  P) ratio went
63,4,127,8,390,225,517,233,390,225,517,225,517,233,390,233,sub_line_text,text,text_2,opensans,regular,6,20bol3c_20211228_164211_2498594533_600_800.png,/scratch/parceirosbr/bigoilict/share/BigOil/document_generator/datasets/documents_2021_12_28/20bol3c_20211228_164211_2498594533_600_800.png,20bol3c_20211228_164211_2498594533_600_800_mask.png,"from 20.8 years in 2004 to 21.1 years in 2013,."
77,74,154,148,390,85,544,233,390,85,544,85,544,233,390,233,text,text,text_2,opensans,regular,6,20bol3c_20211228_164211_2498594533_600_800.png,/scratch/parceirosbr/bigoilict/share/BigOil/document_generator/datasets/documents_2021_12_28/20bol3c_20211228_164211_2498594533_600_800.png,20bol3c_20211228_164211_2498594533_600_800_mask.png,nan
44,4,89,8,390,236,479,244,390,236,479,236,479,244,390,244,sub_line_text,list,list_6,opensans,regular,6,20bol3c_20211228_164211_2498594533_600_800.png,/scratch/parceirosbr/bigoilict/share/BigOil/document_generator/datasets/documents_2021_12_28/20bol3c_20211228_164211_2498594533_600_800.png,20bol3c_20211228_164211_2498594533_600_800_mask.png,-  As can be deduced from the
36,4,72,8,390,246,462,254,390,246,462,246,462,254,390,254,sub_line_text,list,list_6,opensans,regular,6,20bol3c_20211228_164211_2498594533_600_800.png,/scratch/parceirosbr/bigoilict/share/BigOil/document_generator/datasets/documents_2021_12_28/20bol3c_20211228_164211_2498594533_600_800.png,20bol3c_20211228_164211_2498594533_600_800_mask.png,-  Training and six others
10,4,21,8,390,256,411,264,390,256,411,256,411,264,390,264,sub_line_text,list,list_6,opensans,regular,6,20bol3c_20211228_164211_2498594533_600_800.png,/scratch/parceirosbr/bigoilict/share/BigOil/document_generator/datasets/documents_2021_12_28/20bol3c_20211228_164211_2498594533_600_800.png,20bol3c_20211228_164211_2498594533_600_800_mask.png,-  Além
24,4,48,8,390,266,438,274,390,266,438,266,438,274,390,274,sub_line_text,list,list_6,opensans,regular,6,20bol3c_20211228_164211_2498594533_600_800.png,/scratch/parceirosbr/bigoilict/share/BigOil/document_generator/datasets/documents_2021_12_28/20bol3c_20211228_164211_2498594533_600_800.png,20bol3c_20211228_164211_2498594533_600_800_mask.png,"-  A n 9.478, de 6"
60,4,120,8,390,276,510,284,390,276,510,276,510,284,390,284,sub_line_text,list,list_6,opensans,regular,6,20bol3c_20211228_164211_2498594533_600_800.png,/scratch/parceirosbr/bigoilict/share/BigOil/document_generator/datasets/documents_2021_12_28/20bol3c_20211228_164211_2498594533_600_800.png,20bol3c_20211228_164211_2498594533_600_800_mask.png,"-  Assim, obter informacoes da geologia a"
48,4,97,8,390,286,487,294,390,286,487,286,487,294,390,294,sub_line_text,list,list_6,opensans,regular,6,20bol3c_20211228_164211_2498594533_600_800.png,/scratch/parceirosbr/bigoilict/share/BigOil/document_generator/datasets/documents_2021_12_28/20bol3c_20211228_164211_2498594533_600_800.png,20bol3c_20211228_164211_2498594533_600_800_mask.png,-  The typical composition 361 (%
23,4,46,8,390,296,436,304,390,296,436,296,436,304,390,304,sub_line_text,list,list_6,opensans,regular,6,20bol3c_20211228_164211_2498594533_600_800.png,/scratch/parceirosbr/bigoilict/share/BigOil/document_generator/datasets/documents_2021_12_28/20bol3c_20211228_164211_2498594533_600_800.png,20bol3c_20211228_164211_2498594533_600_800_mask.png,-  In the case of
54,4,108,8,390,307,498,315,390,307,498,307,498,315,390,315,sub_line_text,list,list_6,opensans,regular,6,20bol3c_20211228_164211_2498594533_600_800.png,/scratch/parceirosbr/bigoilict/share/BigOil/document_generator/datasets/documents_2021_12_28/20bol3c_20211228_164211_2498594533_600_800.png,20bol3c_20211228_164211_2498594533_600_800_mask.png,-  Alterando-se o valor do coeficiente
42,4,85,8,390,317,475,325,390,317,475,317,475,325,390,325,sub_line_text,list,list_6,opensans,regular,6,20bol3c_20211228_164211_2498594533_600_800.png,/scratch/parceirosbr/bigoilict/share/BigOil/document_generator/datasets/documents_2021_12_28/20bol3c_20211228_164211_2498594533_600_800.png,20bol3c_20211228_164211_2498594533_600_800_mask.png,-  This allowed the following
34,4,69,8,390,327,459,335,390,327,459,327,459,335,390,335,sub_line_text,list,list_6,opensans,regular,6,20bol3c_20211228_164211_2498594533_600_800.png,/scratch/parceirosbr/bigoilict/share/BigOil/document_generator/datasets/documents_2021_12_28/20bol3c_20211228_164211_2498594533_600_800.png,20bol3c_20211228_164211_2498594533_600_800_mask.png,"-  Antes de cada ensaio,"
43,4,87,8,390,337,477,345,390,337,477,337,477,345,390,345,sub_line_text,list,list_6,opensans,regular,6,20bol3c_20211228_164211_2498594533_600_800.png,/scratch/parceirosbr/bigoilict/share/BigOil/document_generator/datasets/documents_2021_12_28/20bol3c_20211228_164211_2498594533_600_800.png,20bol3c_20211228_164211_2498594533_600_800_mask.png,"-  Assim, a equação expressa à"
52,4,104,8,390,347,494,355,390,347,494,347,494,355,390,355,sub_line_text,list,list_6,opensans,regular,6,20bol3c_20211228_164211_2498594533_600_800.png,/scratch/parceirosbr/bigoilict/share/BigOil/document_generator/datasets/documents_2021_12_28/20bol3c_20211228_164211_2498594533_600_800.png,20bol3c_20211228_164211_2498594533_600_800_mask.png,"-  In aqueous solutions, depending"
38,4,77,8,390,357,467,365,390,357,467,357,467,365,390,365,sub_line_text,list,list_6,opensans,regular,6,20bol3c_20211228_164211_2498594533_600_800.png,/scratch/parceirosbr/bigoilict/share/BigOil/document_generator/datasets/documents_2021_12_28/20bol3c_20211228_164211_2498594533_600_800.png,20bol3c_20211228_164211_2498594533_600_800_mask.png,-  A variação do ângulo do
31,4,63,8,390,367,453,375,390,367,453,367,453,375,390,375,sub_line_text,list,list_6,opensans,regular,6,20bol3c_20211228_164211_2498594533_600_800.png,/scratch/parceirosbr/bigoilict/share/BigOil/document_generator/datasets/documents_2021_12_28/20bol3c_20211228_164211_2498594533_600_800.png,20bol3c_20211228_164211_2498594533_600_800_mask.png,-  Apesar do processo
22,4,44,8,390,377,434,385,390,377,434,377,434,385,390,385,sub_line_text,list,list_6,opensans,regular,6,20bol3c_20211228_164211_2498594533_600_800.png,/scratch/parceirosbr/bigoilict/share/BigOil/document_generator/datasets/documents_2021_12_28/20bol3c_20211228_164211_2498594533_600_800.png,20bol3c_20211228_164211_2498594533_600_800_mask.png,-  In relation to
21,4,43,8,390,387,433,395,390,387,433,387,433,395,390,395,sub_line_text,list,list_6,opensans,regular,6,20bol3c_20211228_164211_2498594533_600_800.png,/scratch/parceirosbr/bigoilict/share/BigOil/document_generator/datasets/documents_2021_12_28/20bol3c_20211228_164211_2498594533_600_800.png,20bol3c_20211228_164211_2498594533_600_800_mask.png,-  The directive
61,4,122,8,390,397,512,405,390,397,512,397,512,405,390,405,sub_line_text,list,list_6,opensans,regular,6,20bol3c_20211228_164211_2498594533_600_800.png,/scratch/parceirosbr/bigoilict/share/BigOil/document_generator/datasets/documents_2021_12_28/20bol3c_20211228_164211_2498594533_600_800.png,20bol3c_20211228_164211_2498594533_600_800_mask.png,-  Calculated errors regarding the deviation
51,4,103,8,390,407,493,415,390,407,493,407,493,415,390,415,sub_line_text,list,list_6,opensans,regular,6,20bol3c_20211228_164211_2498594533_600_800.png,/scratch/parceirosbr/bigoilict/share/BigOil/document_generator/datasets/documents_2021_12_28/20bol3c_20211228_164211_2498594533_600_800.png,20bol3c_20211228_164211_2498594533_600_800_mask.png,-  The tempering at 500oC produced
51,4,103,8,390,418,493,426,390,418,493,418,493,426,390,426,sub_line_text,list,list_6,opensans,regular,6,20bol3c_20211228_164211_2498594533_600_800.png,/scratch/parceirosbr/bigoilict/share/BigOil/document_generator/datasets/documents_2021_12_28/20bol3c_20211228_164211_2498594533_600_800.png,20bol3c_20211228_164211_2498594533_600_800_mask.png,-  The main objective of simulating
21,4,42,8,390,428,432,436,390,428,432,428,432,436,390,436,sub_line_text,list,list_6,opensans,regular,6,20bol3c_20211228_164211_2498594533_600_800.png,/scratch/parceirosbr/bigoilict/share/BigOil/document_generator/datasets/documents_2021_12_28/20bol3c_20211228_164211_2498594533_600_800.png,20bol3c_20211228_164211_2498594533_600_800_mask.png,-  Graph 51. of
40,4,81,8,390,438,471,446,390,438,471,438,471,446,390,446,sub_line_text,list,list_6,opensans,regular,6,20bol3c_20211228_164211_2498594533_600_800.png,/scratch/parceirosbr/bigoilict/share/BigOil/document_generator/datasets/documents_2021_12_28/20bol3c_20211228_164211_2498594533_600_800.png,20bol3c_20211228_164211_2498594533_600_800_mask.png,-  In the implementation of
77,4,155,8,390,448,545,456,390,448,545,448,545,456,390,456,sub_line_text,list,list_6,opensans,regular,6,20bol3c_20211228_164211_2498594533_600_800.png,/scratch/parceirosbr/bigoilict/share/BigOil/document_generator/datasets/documents_2021_12_28/20bol3c_20211228_164211_2498594533_600_800.png,20bol3c_20211228_164211_2498594533_600_800_mask.png,-  Dano devido ao fluxo convergente: causado devido
35,4,70,8,390,458,460,466,390,458,460,458,460,466,390,466,sub_line_text,list,list_6,opensans,regular,6,20bol3c_20211228_164211_2498594533_600_800.png,/scratch/parceirosbr/bigoilict/share/BigOil/document_generator/datasets/documents_2021_12_28/20bol3c_20211228_164211_2498594533_600_800.png,20bol3c_20211228_164211_2498594533_600_800_mask.png,-  Como a mão invisível
48,4,97,8,390,468,487,476,390,468,487,468,487,476,390,476,sub_line_text,list,list_6,opensans,regular,6,20bol3c_20211228_164211_2498594533_600_800.png,/scratch/parceirosbr/bigoilict/share/BigOil/document_generator/datasets/documents_2021_12_28/20bol3c_20211228_164211_2498594533_600_800.png,20bol3c_20211228_164211_2498594533_600_800_mask.png,"-  Para cada seção do tubo, foram"
37,4,75,8,390,478,465,486,390,478,465,478,465,486,390,486,sub_line_text,list,list_6,opensans,regular,6,20bol3c_20211228_164211_2498594533_600_800.png,/scratch/parceirosbr/bigoilict/share/BigOil/document_generator/datasets/documents_2021_12_28/20bol3c_20211228_164211_2498594533_600_800.png,20bol3c_20211228_164211_2498594533_600_800_mask.png,"-  However, there were two"
34,4,68,8,390,488,458,496,390,488,458,488,458,496,390,496,sub_line_text,list,list_6,opensans,regular,6,20bol3c_20211228_164211_2498594533_600_800.png,/scratch/parceirosbr/bigoilict/share/BigOil/document_generator/datasets/documents_2021_12_28/20bol3c_20211228_164211_2498594533_600_800.png,20bol3c_20211228_164211_2498594533_600_800_mask.png,-  Aomesmo tempo em
60,4,121,8,390,498,511,506,390,498,511,498,511,506,390,506,sub_line_text,list,list_6,opensans,regular,6,20bol3c_20211228_164211_2498594533_600_800.png,/scratch/parceirosbr/bigoilict/share/BigOil/document_generator/datasets/documents_2021_12_28/20bol3c_20211228_164211_2498594533_600_800.png,20bol3c_20211228_164211_2498594533_600_800_mask.png,-  Observa-se que houve apenas uma para
33,4,66,8,390,509,456,517,390,509,456,509,456,517,390,517,sub_line_text,list,list_6,opensans,regular,6,20bol3c_20211228_164211_2498594533_600_800.png,/scratch/parceirosbr/bigoilict/share/BigOil/document_generator/datasets/documents_2021_12_28/20bol3c_20211228_164211_2498594533_600_800.png,20bol3c_20211228_164211_2498594533_600_800_mask.png,-  The last curve shows
37,4,74,8,390,519,464,527,390,519,464,519,464,527,390,527,sub_line_text,list,list_6,opensans,regular,6,20bol3c_20211228_164211_2498594533_600_800.png,/scratch/parceirosbr/bigoilict/share/BigOil/document_generator/datasets/documents_2021_12_28/20bol3c_20211228_164211_2498594533_600_800.png,20bol3c_20211228_164211_2498594533_600_800_mask.png,"-  An event with a 0.5, at a"
28,4,56,8,390,529,446,537,390,529,446,529,446,537,390,537,sub_line_text,list,list_6,opensans,regular,6,20bol3c_20211228_164211_2498594533_600_800.png,/scratch/parceirosbr/bigoilict/share/BigOil/document_generator/datasets/documents_2021_12_28/20bol3c_20211228_164211_2498594533_600_800.png,20bol3c_20211228_164211_2498594533_600_800_mask.png,-  Petroleum gas or
52,4,105,8,390,539,495,547,390,539,495,539,495,547,390,547,sub_line_text,list,list_6,opensans,regular,6,20bol3c_20211228_164211_2498594533_600_800.png,/scratch/parceirosbr/bigoilict/share/BigOil/document_generator/datasets/documents_2021_12_28/20bol3c_20211228_164211_2498594533_600_800.png,20bol3c_20211228_164211_2498594533_600_800_mask.png,-  A localização geográfica do pré-sal
30,4,61,8,390,549,451,557,390,549,451,549,451,557,390,557,sub_line_text,list,list_6,opensans,regular,6,20bol3c_20211228_164211_2498594533_600_800.png,/scratch/parceirosbr/bigoilict/share/BigOil/document_generator/datasets/documents_2021_12_28/20bol3c_20211228_164211_2498594533_600_800.png,20bol3c_20211228_164211_2498594533_600_800_mask.png,-  The resumption of
53,4,107,8,390,559,497,567,390,559,497,559,497,567,390,567,sub_line_text,list,list_6,opensans,regular,6,20bol3c_20211228_164211_2498594533_600_800.png,/scratch/parceirosbr/bigoilict/share/BigOil/document_generator/datasets/documents_2021_12_28/20bol3c_20211228_164211_2498594533_600_800.png,20bol3c_20211228_164211_2498594533_600_800_mask.png,"-  Conforme, a atração entre os pólos"
42,4,84,8,390,569,474,577,390,569,474,569,474,577,390,577,sub_line_text,list,list_6,opensans,regular,6,20bol3c_20211228_164211_2498594533_600_800.png,/scratch/parceirosbr/bigoilict/share/BigOil/document_generator/datasets/documents_2021_12_28/20bol3c_20211228_164211_2498594533_600_800.png,20bol3c_20211228_164211_2498594533_600_800_mask.png,-  O ensaio será realizado em
62,4,124,8,420,580,544,588,420,580,544,580,544,588,420,588,sub_line_text,text,text_3,opensans,regular,6,20bol3c_20211228_164211_2498594533_600_800.png,/scratch/parceirosbr/bigoilict/share/BigOil/document_generator/datasets/documents_2021_12_28/20bol3c_20211228_164211_2498594533_600_800.png,20bol3c_20211228_164211_2498594533_600_800_mask.png,"The   reconciliation   model,  in  turn,  will"
76,4,153,8,390,590,543,598,390,590,543,590,543,598,390,598,sub_line_text,text,text_3,opensans,regular,6,20bol3c_20211228_164211_2498594533_600_800.png,/scratch/parceirosbr/bigoilict/share/BigOil/document_generator/datasets/documents_2021_12_28/20bol3c_20211228_164211_2498594533_600_800.png,20bol3c_20211228_164211_2498594533_600_800_mask.png,be  developed  without  using  linearizations  and a-
76,4,153,8,390,600,543,608,390,600,543,600,543,608,390,608,sub_line_text,text,text_3,opensans,regular,6,20bol3c_20211228_164211_2498594533_600_800.png,/scratch/parceirosbr/bigoilict/share/BigOil/document_generator/datasets/documents_2021_12_28/20bol3c_20211228_164211_2498594533_600_800.png,20bol3c_20211228_164211_2498594533_600_800_mask.png,"nalytical  or  semi-analytical  solutions,  minimizing"
77,4,154,8,390,610,544,618,390,610,544,610,544,618,390,618,sub_line_text,text,text_3,opensans,regular,6,20bol3c_20211228_164211_2498594533_600_800.png,/scratch/parceirosbr/bigoilict/share/BigOil/document_generator/datasets/documents_2021_12_28/20bol3c_20211228_164211_2498594533_600_800.png,20bol3c_20211228_164211_2498594533_600_800_mask.png,an   objective   function   that  represents  the  math-
77,4,154,8,390,620,544,628,390,620,544,620,544,628,390,628,sub_line_text,text,text_3,opensans,regular,6,20bol3c_20211228_164211_2498594533_600_800.png,/scratch/parceirosbr/bigoilict/share/BigOil/document_generator/datasets/documents_2021_12_28/20bol3c_20211228_164211_2498594533_600_800.png,20bol3c_20211228_164211_2498594533_600_800_mask.png,ematical  problem  to  obtain  these  results.  The fo-
76,4,153,8,390,630,543,638,390,630,543,630,543,638,390,638,sub_line_text,text,text_3,opensans,regular,6,20bol3c_20211228_164211_2498594533_600_800.png,/scratch/parceirosbr/bigoilict/share/BigOil/document_generator/datasets/documents_2021_12_28/20bol3c_20211228_164211_2498594533_600_800.png,20bol3c_20211228_164211_2498594533_600_800_mask.png,llowing   enzymes   were   prospected:  endoamylas-
76,4,153,8,390,640,543,648,390,640,543,640,543,648,390,648,sub_line_text,text,text_3,opensans,regular,6,20bol3c_20211228_164211_2498594533_600_800.png,/scratch/parceirosbr/bigoilict/share/BigOil/document_generator/datasets/documents_2021_12_28/20bol3c_20211228_164211_2498594533_600_800.png,20bol3c_20211228_164211_2498594533_600_800_mask.png,"e,   exoamylase,   pectinase,   endoglucanase  (CMase-"
77,4,154,8,390,650,544,658,390,650,544,650,544,658,390,658,sub_line_text,text,text_3,opensans,regular,6,20bol3c_20211228_164211_2498594533_600_800.png,/scratch/parceirosbr/bigoilict/share/BigOil/document_generator/datasets/documents_2021_12_28/20bol3c_20211228_164211_2498594533_600_800.png,20bol3c_20211228_164211_2498594533_600_800_mask.png,"),   exoglucanase  (CMCase)  and  xylanase,  assays  w-"
77,4,154,8,390,660,544,668,390,660,544,660,544,668,390,668,sub_line_text,text,text_3,opensans,regular,6,20bol3c_20211228_164211_2498594533_600_800.png,/scratch/parceirosbr/bigoilict/share/BigOil/document_generator/datasets/documents_2021_12_28/20bol3c_20211228_164211_2498594533_600_800.png,20bol3c_20211228_164211_2498594533_600_800_mask.png,ere   performed  in  quintuplicate  and  from  the  re-
77,4,154,8,390,670,544,678,390,670,544,670,544,678,390,678,sub_line_text,text,text_3,opensans,regular,6,20bol3c_20211228_164211_2498594533_600_800.png,/scratch/parceirosbr/bigoilict/share/BigOil/document_generator/datasets/documents_2021_12_28/20bol3c_20211228_164211_2498594533_600_800.png,20bol3c_20211228_164211_2498594533_600_800_mask.png,sults  found  the  mean  and  standard deviation we-
77,4,154,8,390,680,544,688,390,680,544,680,544,688,390,688,sub_line_text,text,text_3,opensans,regular,6,20bol3c_20211228_164211_2498594533_600_800.png,/scratch/parceirosbr/bigoilict/share/BigOil/document_generator/datasets/documents_2021_12_28/20bol3c_20211228_164211_2498594533_600_800.png,20bol3c_20211228_164211_2498594533_600_800_mask.png,re   calculated.  3.5.1  and  exoamylase.  Such  hydro-
72,4,144,8,390,690,534,698,390,690,534,690,534,698,390,698,sub_line_text,text,text_3,opensans,regular,6,20bol3c_20211228_164211_2498594533_600_800.png,/scratch/parceirosbr/bigoilict/share/BigOil/document_generator/datasets/documents_2021_12_28/20bol3c_20211228_164211_2498594533_600_800.png,20bol3c_20211228_164211_2498594533_600_800_mask.png,logical information consists in the measurement.
77,59,154,118,390,580,544,698,390,580,544,580,544,698,390,698,text,text,text_3,opensans,regular,6,20bol3c_20211228_164211_2498594533_600_800.png,/scratch/parceirosbr/bigoilict/share/BigOil/document_generator/datasets/documents_2021_12_28/20bol3c_20211228_164211_2498594533_600_800.png,20bol3c_20211228_164211_2498594533_600_800_mask.png,nan
