center_x,center_y,width,height,xmin,ymin,xmax,ymax,top_left_x,top_left_y,top_right_x,top_right_y,bottom_right_x,bottom_right_y,bottom_left_x,bottom_left_y,label,grouplabel,group,text_font,text_style,size_font,filename,path,filename_mask,content
300,400,600,800,0,0,600,800,0,0,600,0,600,800,0,800,document,,,,,,20bol3c_20211228_164226_7775277579_600_800.png,/scratch/parceirosbr/bigoilict/share/BigOil/document_generator/datasets/documents_2021_12_28/20bol3c_20211228_164226_7775277579_600_800.png,20bol3c_20211228_164226_7775277579_600_800_mask.png,
241,0,483,1,66,731,549,732,66,731,549,731,549,732,66,732,line,line,line,,,,20bol3c_20211228_164226_7775277579_600_800.png,/scratch/parceirosbr/bigoilict/share/BigOil/document_generator/datasets/documents_2021_12_28/20bol3c_20211228_164226_7775277579_600_800.png,20bol3c_20211228_164226_7775277579_600_800_mask.png,nan
4,3,8,6,540,731,548,737,540,731,548,731,548,737,540,737,sub_line_text,numpag,footer_1,courier,regular,7,20bol3c_20211228_164226_7775277579_600_800.png,/scratch/parceirosbr/bigoilict/share/BigOil/document_generator/datasets/documents_2021_12_28/20bol3c_20211228_164226_7775277579_600_800.png,20bol3c_20211228_164226_7775277579_600_800_mask.png,81
4,3,8,6,540,731,548,737,540,731,548,731,548,737,540,737,text,numpag,footer_1,courier,regular,7,20bol3c_20211228_164226_7775277579_600_800.png,/scratch/parceirosbr/bigoilict/share/BigOil/document_generator/datasets/documents_2021_12_28/20bol3c_20211228_164226_7775277579_600_800.png,20bol3c_20211228_164226_7775277579_600_800_mask.png,nan
18,3,37,6,66,731,103,737,66,731,103,731,103,737,66,737,sub_line_text,footer,footer_1,courier,regular,7,20bol3c_20211228_164226_7775277579_600_800.png,/scratch/parceirosbr/bigoilict/share/BigOil/document_generator/datasets/documents_2021_12_28/20bol3c_20211228_164226_7775277579_600_800.png,20bol3c_20211228_164226_7775277579_600_800_mask.png,There may
18,3,37,6,66,731,103,737,66,731,103,731,103,737,66,737,text,footer,footer_1,courier,regular,7,20bol3c_20211228_164226_7775277579_600_800.png,/scratch/parceirosbr/bigoilict/share/BigOil/document_generator/datasets/documents_2021_12_28/20bol3c_20211228_164226_7775277579_600_800.png,20bol3c_20211228_164226_7775277579_600_800_mask.png,nan
21,49,42,99,203,66,245,165,203,66,245,66,245,165,203,165,image,figure_image,figure_0,,,,20bol3c_20211228_164226_7775277579_600_800.png,/scratch/parceirosbr/bigoilict/share/BigOil/document_generator/datasets/documents_2021_12_28/20bol3c_20211228_164226_7775277579_600_800.png,20bol3c_20211228_164226_7775277579_600_800_mask.png,output/gen_img_20211228_164227_5812396405.png
8,4,17,8,209,111,226,119,209,116,225,111,226,113,210,119,text,figure_text,figure_0,,,,20bol3c_20211228_164226_7775277579_600_800.png,/scratch/parceirosbr/bigoilict/share/BigOil/document_generator/datasets/documents_2021_12_28/20bol3c_20211228_164226_7775277579_600_800.png,20bol3c_20211228_164226_7775277579_600_800_mask.png,Energy [V]
8,4,17,8,209,111,226,119,209,116,225,111,226,113,210,119,sub_line_text,figure_text,figure_0,,,,20bol3c_20211228_164226_7775277579_600_800.png,/scratch/parceirosbr/bigoilict/share/BigOil/document_generator/datasets/documents_2021_12_28/20bol3c_20211228_164226_7775277579_600_800.png,20bol3c_20211228_164226_7775277579_600_800_mask.png,Energy [V]
3,0,7,-1,220,82,227,81,220,79,228,82,227,84,219,81,text,figure_text,figure_0,,,,20bol3c_20211228_164226_7775277579_600_800.png,/scratch/parceirosbr/bigoilict/share/BigOil/document_generator/datasets/documents_2021_12_28/20bol3c_20211228_164226_7775277579_600_800.png,20bol3c_20211228_164226_7775277579_600_800_mask.png,Tests
3,0,7,-1,220,82,227,81,220,79,228,82,227,84,219,81,sub_line_text,figure_text,figure_0,,,,20bol3c_20211228_164226_7775277579_600_800.png,/scratch/parceirosbr/bigoilict/share/BigOil/document_generator/datasets/documents_2021_12_28/20bol3c_20211228_164226_7775277579_600_800.png,20bol3c_20211228_164226_7775277579_600_800_mask.png,Tests
7,3,15,7,212,96,227,103,212,100,226,96,227,99,212,103,text,figure_text,figure_0,,,,20bol3c_20211228_164226_7775277579_600_800.png,/scratch/parceirosbr/bigoilict/share/BigOil/document_generator/datasets/documents_2021_12_28/20bol3c_20211228_164226_7775277579_600_800.png,20bol3c_20211228_164226_7775277579_600_800_mask.png,Power [F]
7,3,15,7,212,96,227,103,212,100,226,96,227,99,212,103,sub_line_text,figure_text,figure_0,,,,20bol3c_20211228_164226_7775277579_600_800.png,/scratch/parceirosbr/bigoilict/share/BigOil/document_generator/datasets/documents_2021_12_28/20bol3c_20211228_164226_7775277579_600_800.png,20bol3c_20211228_164226_7775277579_600_800_mask.png,Power [F]
5,0,10,0,207,82,217,82,207,80,217,82,217,84,207,82,text,figure_text,figure_0,,,,20bol3c_20211228_164226_7775277579_600_800.png,/scratch/parceirosbr/bigoilict/share/BigOil/document_generator/datasets/documents_2021_12_28/20bol3c_20211228_164226_7775277579_600_800.png,20bol3c_20211228_164226_7775277579_600_800_mask.png,Detour
5,0,10,0,207,82,217,82,207,80,217,82,217,84,207,82,sub_line_text,figure_text,figure_0,,,,20bol3c_20211228_164226_7775277579_600_800.png,/scratch/parceirosbr/bigoilict/share/BigOil/document_generator/datasets/documents_2021_12_28/20bol3c_20211228_164226_7775277579_600_800.png,20bol3c_20211228_164226_7775277579_600_800_mask.png,Detour
8,3,16,7,207,67,223,74,207,71,222,67,223,70,208,74,text,figure_text,figure_0,,,,20bol3c_20211228_164226_7775277579_600_800.png,/scratch/parceirosbr/bigoilict/share/BigOil/document_generator/datasets/documents_2021_12_28/20bol3c_20211228_164226_7775277579_600_800.png,20bol3c_20211228_164226_7775277579_600_800_mask.png,-9454.854
8,3,16,7,207,67,223,74,207,71,222,67,223,70,208,74,sub_line_text,figure_text,figure_0,,,,20bol3c_20211228_164226_7775277579_600_800.png,/scratch/parceirosbr/bigoilict/share/BigOil/document_generator/datasets/documents_2021_12_28/20bol3c_20211228_164226_7775277579_600_800.png,20bol3c_20211228_164226_7775277579_600_800_mask.png,-9454.854
9,1,18,3,206,122,224,125,206,122,224,122,224,124,206,125,text,figure_text,figure_0,,,,20bol3c_20211228_164226_7775277579_600_800.png,/scratch/parceirosbr/bigoilict/share/BigOil/document_generator/datasets/documents_2021_12_28/20bol3c_20211228_164226_7775277579_600_800.png,20bol3c_20211228_164226_7775277579_600_800_mask.png,Quality[KB]
9,1,18,3,206,122,224,125,206,122,224,122,224,124,206,125,sub_line_text,figure_text,figure_0,,,,20bol3c_20211228_164226_7775277579_600_800.png,/scratch/parceirosbr/bigoilict/share/BigOil/document_generator/datasets/documents_2021_12_28/20bol3c_20211228_164226_7775277579_600_800.png,20bol3c_20211228_164226_7775277579_600_800_mask.png,Quality[KB]
4,0,9,-1,234,91,243,90,234,88,243,91,243,93,233,90,text,figure_text,figure_0,,,,20bol3c_20211228_164226_7775277579_600_800.png,/scratch/parceirosbr/bigoilict/share/BigOil/document_generator/datasets/documents_2021_12_28/20bol3c_20211228_164226_7775277579_600_800.png,20bol3c_20211228_164226_7775277579_600_800_mask.png,-3150%
4,0,9,-1,234,91,243,90,234,88,243,91,243,93,233,90,sub_line_text,figure_text,figure_0,,,,20bol3c_20211228_164226_7775277579_600_800.png,/scratch/parceirosbr/bigoilict/share/BigOil/document_generator/datasets/documents_2021_12_28/20bol3c_20211228_164226_7775277579_600_800.png,20bol3c_20211228_164226_7775277579_600_800_mask.png,-3150%
7,0,15,1,219,150,234,151,219,149,234,150,234,152,219,151,text,figure_text,figure_0,,,,20bol3c_20211228_164226_7775277579_600_800.png,/scratch/parceirosbr/bigoilict/share/BigOil/document_generator/datasets/documents_2021_12_28/20bol3c_20211228_164226_7775277579_600_800.png,20bol3c_20211228_164226_7775277579_600_800_mask.png,-4635.203
7,0,15,1,219,150,234,151,219,149,234,150,234,152,219,151,sub_line_text,figure_text,figure_0,,,,20bol3c_20211228_164226_7775277579_600_800.png,/scratch/parceirosbr/bigoilict/share/BigOil/document_generator/datasets/documents_2021_12_28/20bol3c_20211228_164226_7775277579_600_800.png,20bol3c_20211228_164226_7775277579_600_800_mask.png,-4635.203
7,1,15,3,223,130,238,133,223,130,238,130,238,132,223,133,text,figure_text,figure_0,,,,20bol3c_20211228_164226_7775277579_600_800.png,/scratch/parceirosbr/bigoilict/share/BigOil/document_generator/datasets/documents_2021_12_28/20bol3c_20211228_164226_7775277579_600_800.png,20bol3c_20211228_164226_7775277579_600_800_mask.png,-7698.73%
7,1,15,3,223,130,238,133,223,130,238,130,238,132,223,133,sub_line_text,figure_text,figure_0,,,,20bol3c_20211228_164226_7775277579_600_800.png,/scratch/parceirosbr/bigoilict/share/BigOil/document_generator/datasets/documents_2021_12_28/20bol3c_20211228_164226_7775277579_600_800.png,20bol3c_20211228_164226_7775277579_600_800_mask.png,-7698.73%
5,-1,10,-2,231,114,241,112,231,109,241,114,241,116,230,112,text,figure_text,figure_0,,,,20bol3c_20211228_164226_7775277579_600_800.png,/scratch/parceirosbr/bigoilict/share/BigOil/document_generator/datasets/documents_2021_12_28/20bol3c_20211228_164226_7775277579_600_800.png,20bol3c_20211228_164226_7775277579_600_800_mask.png,-9057.6
5,-1,10,-2,231,114,241,112,231,109,241,114,241,116,230,112,sub_line_text,figure_text,figure_0,,,,20bol3c_20211228_164226_7775277579_600_800.png,/scratch/parceirosbr/bigoilict/share/BigOil/document_generator/datasets/documents_2021_12_28/20bol3c_20211228_164226_7775277579_600_800.png,20bol3c_20211228_164226_7775277579_600_800_mask.png,-9057.6
8,3,17,6,216,154,233,160,216,158,232,154,233,157,216,160,text,figure_text,figure_0,,,,20bol3c_20211228_164226_7775277579_600_800.png,/scratch/parceirosbr/bigoilict/share/BigOil/document_generator/datasets/documents_2021_12_28/20bol3c_20211228_164226_7775277579_600_800.png,20bol3c_20211228_164226_7775277579_600_800_mask.png,Water (MM)
8,3,17,6,216,154,233,160,216,158,232,154,233,157,216,160,sub_line_text,figure_text,figure_0,,,,20bol3c_20211228_164226_7775277579_600_800.png,/scratch/parceirosbr/bigoilict/share/BigOil/document_generator/datasets/documents_2021_12_28/20bol3c_20211228_164226_7775277579_600_800.png,20bol3c_20211228_164226_7775277579_600_800_mask.png,Water (MM)
5,-1,10,-2,215,89,225,87,215,85,226,89,225,91,214,87,text,figure_text,figure_0,,,,20bol3c_20211228_164226_7775277579_600_800.png,/scratch/parceirosbr/bigoilict/share/BigOil/document_generator/datasets/documents_2021_12_28/20bol3c_20211228_164226_7775277579_600_800.png,20bol3c_20211228_164226_7775277579_600_800_mask.png,-5203.5
5,-1,10,-2,215,89,225,87,215,85,226,89,225,91,214,87,sub_line_text,figure_text,figure_0,,,,20bol3c_20211228_164226_7775277579_600_800.png,/scratch/parceirosbr/bigoilict/share/BigOil/document_generator/datasets/documents_2021_12_28/20bol3c_20211228_164226_7775277579_600_800.png,20bol3c_20211228_164226_7775277579_600_800_mask.png,-5203.5
4,0,9,-1,220,139,229,138,220,136,230,139,229,141,219,138,text,figure_text,figure_0,,,,20bol3c_20211228_164226_7775277579_600_800.png,/scratch/parceirosbr/bigoilict/share/BigOil/document_generator/datasets/documents_2021_12_28/20bol3c_20211228_164226_7775277579_600_800.png,20bol3c_20211228_164226_7775277579_600_800_mask.png,-8020%
4,0,9,-1,220,139,229,138,220,136,230,139,229,141,219,138,sub_line_text,figure_text,figure_0,,,,20bol3c_20211228_164226_7775277579_600_800.png,/scratch/parceirosbr/bigoilict/share/BigOil/document_generator/datasets/documents_2021_12_28/20bol3c_20211228_164226_7775277579_600_800.png,20bol3c_20211228_164226_7775277579_600_800_mask.png,-8020%
7,3,14,7,209,128,223,135,209,133,222,128,223,130,210,135,text,figure_text,figure_0,,,,20bol3c_20211228_164226_7775277579_600_800.png,/scratch/parceirosbr/bigoilict/share/BigOil/document_generator/datasets/documents_2021_12_28/20bol3c_20211228_164226_7775277579_600_800.png,20bol3c_20211228_164226_7775277579_600_800_mask.png,Movement
7,3,14,7,209,128,223,135,209,133,222,128,223,130,210,135,sub_line_text,figure_text,figure_0,,,,20bol3c_20211228_164226_7775277579_600_800.png,/scratch/parceirosbr/bigoilict/share/BigOil/document_generator/datasets/documents_2021_12_28/20bol3c_20211228_164226_7775277579_600_800.png,20bol3c_20211228_164226_7775277579_600_800_mask.png,Movement
3,0,7,-1,233,82,240,81,233,79,241,82,240,84,232,81,text,figure_text,figure_0,,,,20bol3c_20211228_164226_7775277579_600_800.png,/scratch/parceirosbr/bigoilict/share/BigOil/document_generator/datasets/documents_2021_12_28/20bol3c_20211228_164226_7775277579_600_800.png,20bol3c_20211228_164226_7775277579_600_800_mask.png,-952%
3,0,7,-1,233,82,240,81,233,79,241,82,240,84,232,81,sub_line_text,figure_text,figure_0,,,,20bol3c_20211228_164226_7775277579_600_800.png,/scratch/parceirosbr/bigoilict/share/BigOil/document_generator/datasets/documents_2021_12_28/20bol3c_20211228_164226_7775277579_600_800.png,20bol3c_20211228_164226_7775277579_600_800_mask.png,-952%
3,0,7,0,223,146,230,146,223,144,231,146,230,149,222,146,text,figure_text,figure_0,,,,20bol3c_20211228_164226_7775277579_600_800.png,/scratch/parceirosbr/bigoilict/share/BigOil/document_generator/datasets/documents_2021_12_28/20bol3c_20211228_164226_7775277579_600_800.png,20bol3c_20211228_164226_7775277579_600_800_mask.png,Texts
3,0,7,0,223,146,230,146,223,144,231,146,230,149,222,146,sub_line_text,figure_text,figure_0,,,,20bol3c_20211228_164226_7775277579_600_800.png,/scratch/parceirosbr/bigoilict/share/BigOil/document_generator/datasets/documents_2021_12_28/20bol3c_20211228_164226_7775277579_600_800.png,20bol3c_20211228_164226_7775277579_600_800_mask.png,Texts
6,-1,12,-3,227,73,239,70,227,68,240,73,239,76,226,70,text,figure_text,figure_0,,,,20bol3c_20211228_164226_7775277579_600_800.png,/scratch/parceirosbr/bigoilict/share/BigOil/document_generator/datasets/documents_2021_12_28/20bol3c_20211228_164226_7775277579_600_800.png,20bol3c_20211228_164226_7775277579_600_800_mask.png,Strength
6,-1,12,-3,227,73,239,70,227,68,240,73,239,76,226,70,sub_line_text,figure_text,figure_0,,,,20bol3c_20211228_164226_7775277579_600_800.png,/scratch/parceirosbr/bigoilict/share/BigOil/document_generator/datasets/documents_2021_12_28/20bol3c_20211228_164226_7775277579_600_800.png,20bol3c_20211228_164226_7775277579_600_800_mask.png,Strength
6,1,13,2,209,106,222,108,209,105,222,106,222,108,209,108,text,figure_text,figure_0,,,,20bol3c_20211228_164226_7775277579_600_800.png,/scratch/parceirosbr/bigoilict/share/BigOil/document_generator/datasets/documents_2021_12_28/20bol3c_20211228_164226_7775277579_600_800.png,20bol3c_20211228_164226_7775277579_600_800_mask.png,-945.53%
6,1,13,2,209,106,222,108,209,105,222,106,222,108,209,108,sub_line_text,figure_text,figure_0,,,,20bol3c_20211228_164226_7775277579_600_800.png,/scratch/parceirosbr/bigoilict/share/BigOil/document_generator/datasets/documents_2021_12_28/20bol3c_20211228_164226_7775277579_600_800.png,20bol3c_20211228_164226_7775277579_600_800_mask.png,-945.53%
6,2,12,5,232,123,244,128,232,126,243,123,244,126,232,128,text,figure_text,figure_0,,,,20bol3c_20211228_164226_7775277579_600_800.png,/scratch/parceirosbr/bigoilict/share/BigOil/document_generator/datasets/documents_2021_12_28/20bol3c_20211228_164226_7775277579_600_800.png,20bol3c_20211228_164226_7775277579_600_800_mask.png,-5258.2
6,2,12,5,232,123,244,128,232,126,243,123,244,126,232,128,sub_line_text,figure_text,figure_0,,,,20bol3c_20211228_164226_7775277579_600_800.png,/scratch/parceirosbr/bigoilict/share/BigOil/document_generator/datasets/documents_2021_12_28/20bol3c_20211228_164226_7775277579_600_800.png,20bol3c_20211228_164226_7775277579_600_800_mask.png,-5258.2
5,0,10,-1,232,97,242,96,232,94,243,97,242,99,231,96,text,figure_text,figure_0,,,,20bol3c_20211228_164226_7775277579_600_800.png,/scratch/parceirosbr/bigoilict/share/BigOil/document_generator/datasets/documents_2021_12_28/20bol3c_20211228_164226_7775277579_600_800.png,20bol3c_20211228_164226_7775277579_600_800_mask.png,-2534.6
5,0,10,-1,232,97,242,96,232,94,243,97,242,99,231,96,sub_line_text,figure_text,figure_0,,,,20bol3c_20211228_164226_7775277579_600_800.png,/scratch/parceirosbr/bigoilict/share/BigOil/document_generator/datasets/documents_2021_12_28/20bol3c_20211228_164226_7775277579_600_800.png,20bol3c_20211228_164226_7775277579_600_800_mask.png,-2534.6
3,0,7,1,205,143,212,144,205,141,213,143,212,145,204,144,text,figure_text,figure_0,,,,20bol3c_20211228_164226_7775277579_600_800.png,/scratch/parceirosbr/bigoilict/share/BigOil/document_generator/datasets/documents_2021_12_28/20bol3c_20211228_164226_7775277579_600_800.png,20bol3c_20211228_164226_7775277579_600_800_mask.png,-6241
3,0,7,1,205,143,212,144,205,141,213,143,212,145,204,144,sub_line_text,figure_text,figure_0,,,,20bol3c_20211228_164226_7775277579_600_800.png,/scratch/parceirosbr/bigoilict/share/BigOil/document_generator/datasets/documents_2021_12_28/20bol3c_20211228_164226_7775277579_600_800.png,20bol3c_20211228_164226_7775277579_600_800_mask.png,-6241
4,2,9,5,204,156,213,161,204,159,212,156,213,158,205,161,text,figure_text,figure_0,,,,20bol3c_20211228_164226_7775277579_600_800.png,/scratch/parceirosbr/bigoilict/share/BigOil/document_generator/datasets/documents_2021_12_28/20bol3c_20211228_164226_7775277579_600_800.png,20bol3c_20211228_164226_7775277579_600_800_mask.png,-1735
4,2,9,5,204,156,213,161,204,159,212,156,213,158,205,161,sub_line_text,figure_text,figure_0,,,,20bol3c_20211228_164226_7775277579_600_800.png,/scratch/parceirosbr/bigoilict/share/BigOil/document_generator/datasets/documents_2021_12_28/20bol3c_20211228_164226_7775277579_600_800.png,20bol3c_20211228_164226_7775277579_600_800_mask.png,-1735
3,2,7,4,236,140,243,144,236,141,243,140,243,143,236,144,text,figure_text,figure_0,,,,20bol3c_20211228_164226_7775277579_600_800.png,/scratch/parceirosbr/bigoilict/share/BigOil/document_generator/datasets/documents_2021_12_28/20bol3c_20211228_164226_7775277579_600_800.png,20bol3c_20211228_164226_7775277579_600_800_mask.png,Leak
3,2,7,4,236,140,243,144,236,141,243,140,243,143,236,144,sub_line_text,figure_text,figure_0,,,,20bol3c_20211228_164226_7775277579_600_800.png,/scratch/parceirosbr/bigoilict/share/BigOil/document_generator/datasets/documents_2021_12_28/20bol3c_20211228_164226_7775277579_600_800.png,20bol3c_20211228_164226_7775277579_600_800_mask.png,Leak
2,2,4,4,208,146,212,150,208,148,211,146,212,149,209,150,text,figure_text,figure_0,,,,20bol3c_20211228_164226_7775277579_600_800.png,/scratch/parceirosbr/bigoilict/share/BigOil/document_generator/datasets/documents_2021_12_28/20bol3c_20211228_164226_7775277579_600_800.png,20bol3c_20211228_164226_7775277579_600_800_mask.png,-4
2,2,4,4,208,146,212,150,208,148,211,146,212,149,209,150,sub_line_text,figure_text,figure_0,,,,20bol3c_20211228_164226_7775277579_600_800.png,/scratch/parceirosbr/bigoilict/share/BigOil/document_generator/datasets/documents_2021_12_28/20bol3c_20211228_164226_7775277579_600_800.png,20bol3c_20211228_164226_7775277579_600_800_mask.png,-4
138,3,277,7,66,170,343,177,66,170,343,170,343,177,66,177,sub_line_text,figure_legend,figure_0,courier,bolditalic,7,20bol3c_20211228_164226_7775277579_600_800.png,/scratch/parceirosbr/bigoilict/share/BigOil/document_generator/datasets/documents_2021_12_28/20bol3c_20211228_164226_7775277579_600_800.png,20bol3c_20211228_164226_7775277579_600_800_mask.png,Figure   30:      A   bomba  é  formada  por  um  impelidor  rotativo
138,3,277,7,66,178,343,185,66,178,343,178,343,185,66,185,sub_line_text,figure_legend,figure_0,courier,bolditalic,7,20bol3c_20211228_164226_7775277579_600_800.png,/scratch/parceirosbr/bigoilict/share/BigOil/document_generator/datasets/documents_2021_12_28/20bol3c_20211228_164226_7775277579_600_800.png,20bol3c_20211228_164226_7775277579_600_800_mask.png,(rotor)   que  transmite  a  energia  cinética  sob  a  forma  de  v-
42,3,85,7,66,186,151,193,66,186,151,186,151,193,66,193,sub_line_text,figure_legend,figure_0,courier,bolditalic,7,20bol3c_20211228_164226_7775277579_600_800.png,/scratch/parceirosbr/bigoilict/share/BigOil/document_generator/datasets/documents_2021_12_28/20bol3c_20211228_164226_7775277579_600_800.png,20bol3c_20211228_164226_7775277579_600_800_mask.png,elocidade ao fluido e
138,11,277,23,66,170,343,193,66,170,343,170,343,193,66,193,text,figure_legend,figure_0,courier,bolditalic,7,20bol3c_20211228_164226_7775277579_600_800.png,/scratch/parceirosbr/bigoilict/share/BigOil/document_generator/datasets/documents_2021_12_28/20bol3c_20211228_164226_7775277579_600_800.png,20bol3c_20211228_164226_7775277579_600_800_mask.png,nan
44,3,89,7,126,194,215,201,126,194,215,194,215,201,126,201,sub_line_text,text,text_0,courier,regular,7,20bol3c_20211228_164226_7775277579_600_800.png,/scratch/parceirosbr/bigoilict/share/BigOil/document_generator/datasets/documents_2021_12_28/20bol3c_20211228_164226_7775277579_600_800.png,20bol3c_20211228_164226_7775277579_600_800_mask.png,"Ou  seja, se existirem"
72,3,144,7,66,202,210,209,66,202,210,202,210,209,66,209,sub_line_text,text,text_0,courier,regular,7,20bol3c_20211228_164226_7775277579_600_800.png,/scratch/parceirosbr/bigoilict/share/BigOil/document_generator/datasets/documents_2021_12_28/20bol3c_20211228_164226_7775277579_600_800.png,20bol3c_20211228_164226_7775277579_600_800_mask.png,"árvores  e construções, a superfície"
72,3,144,7,66,210,210,217,66,210,210,210,210,217,66,217,sub_line_text,text,text_0,courier,regular,7,20bol3c_20211228_164226_7775277579_600_800.png,/scratch/parceirosbr/bigoilict/share/BigOil/document_generator/datasets/documents_2021_12_28/20bol3c_20211228_164226_7775277579_600_800.png,20bol3c_20211228_164226_7775277579_600_800_mask.png,representada  refere-se  ao topo das
72,3,145,7,66,218,211,225,66,218,211,218,211,225,66,225,sub_line_text,text,text_0,courier,regular,7,20bol3c_20211228_164226_7775277579_600_800.png,/scratch/parceirosbr/bigoilict/share/BigOil/document_generator/datasets/documents_2021_12_28/20bol3c_20211228_164226_7775277579_600_800.png,20bol3c_20211228_164226_7775277579_600_800_mask.png,mesmas.  Os projetos inscritos devem
72,3,144,7,66,226,210,233,66,226,210,226,210,233,66,233,sub_line_text,text,text_0,courier,regular,7,20bol3c_20211228_164226_7775277579_600_800.png,/scratch/parceirosbr/bigoilict/share/BigOil/document_generator/datasets/documents_2021_12_28/20bol3c_20211228_164226_7775277579_600_800.png,20bol3c_20211228_164226_7775277579_600_800_mask.png,ter  sido financiados com pelo menos
72,3,144,7,66,234,210,241,66,234,210,234,210,241,66,241,sub_line_text,text,text_0,courier,regular,7,20bol3c_20211228_164226_7775277579_600_800.png,/scratch/parceirosbr/bigoilict/share/BigOil/document_generator/datasets/documents_2021_12_28/20bol3c_20211228_164226_7775277579_600_800.png,20bol3c_20211228_164226_7775277579_600_800_mask.png,20%  de recursos da de da e contrib-
72,3,144,7,66,242,210,249,66,242,210,242,210,249,66,249,sub_line_text,text,text_0,courier,regular,7,20bol3c_20211228_164226_7775277579_600_800.png,/scratch/parceirosbr/bigoilict/share/BigOil/document_generator/datasets/documents_2021_12_28/20bol3c_20211228_164226_7775277579_600_800.png,20bol3c_20211228_164226_7775277579_600_800_mask.png,uído  para o aumento do conteúdo lo-
72,3,144,7,66,250,210,257,66,250,210,250,210,257,66,257,sub_line_text,text,text_0,courier,regular,7,20bol3c_20211228_164226_7775277579_600_800.png,/scratch/parceirosbr/bigoilict/share/BigOil/document_generator/datasets/documents_2021_12_28/20bol3c_20211228_164226_7775277579_600_800.png,20bol3c_20211228_164226_7775277579_600_800_mask.png,cal  em bens e serviços. At this st-
72,3,144,7,66,258,210,265,66,258,210,258,210,265,66,265,sub_line_text,text,text_0,courier,regular,7,20bol3c_20211228_164226_7775277579_600_800.png,/scratch/parceirosbr/bigoilict/share/BigOil/document_generator/datasets/documents_2021_12_28/20bol3c_20211228_164226_7775277579_600_800.png,20bol3c_20211228_164226_7775277579_600_800_mask.png,"age,  the gate must be moved at a h-"
74,3,148,7,66,266,214,273,66,266,214,266,214,273,66,273,sub_line_text,text,text_0,courier,regular,7,20bol3c_20211228_164226_7775277579_600_800.png,/scratch/parceirosbr/bigoilict/share/BigOil/document_generator/datasets/documents_2021_12_28/20bol3c_20211228_164226_7775277579_600_800.png,20bol3c_20211228_164226_7775277579_600_800_mask.png,igh  speed so as not to interfere wi-
72,3,144,7,66,274,210,281,66,274,210,274,210,281,66,281,sub_line_text,text,text_0,courier,regular,7,20bol3c_20211228_164226_7775277579_600_800.png,/scratch/parceirosbr/bigoilict/share/BigOil/document_generator/datasets/documents_2021_12_28/20bol3c_20211228_164226_7775277579_600_800.png,20bol3c_20211228_164226_7775277579_600_800_mask.png,th  the  result; d) when the spheres
74,3,148,7,66,282,214,289,66,282,214,282,214,289,66,289,sub_line_text,text,text_0,courier,regular,7,20bol3c_20211228_164226_7775277579_600_800.png,/scratch/parceirosbr/bigoilict/share/BigOil/document_generator/datasets/documents_2021_12_28/20bol3c_20211228_164226_7775277579_600_800.png,20bol3c_20211228_164226_7775277579_600_800_mask.png,"reach  rest, images of the height pr-"
74,3,148,7,66,290,214,297,66,290,214,290,214,297,66,297,sub_line_text,text,text_0,courier,regular,7,20bol3c_20211228_164226_7775277579_600_800.png,/scratch/parceirosbr/bigoilict/share/BigOil/document_generator/datasets/documents_2021_12_28/20bol3c_20211228_164226_7775277579_600_800.png,20bol3c_20211228_164226_7775277579_600_800_mask.png,ofile  of their deposition are obtai-
72,3,144,7,66,298,210,305,66,298,210,298,210,305,66,305,sub_line_text,text,text_0,courier,regular,7,20bol3c_20211228_164226_7775277579_600_800.png,/scratch/parceirosbr/bigoilict/share/BigOil/document_generator/datasets/documents_2021_12_28/20bol3c_20211228_164226_7775277579_600_800.png,20bol3c_20211228_164226_7775277579_600_800_mask.png,ned.  production in order to mitiga-
72,3,144,7,66,306,210,313,66,306,210,306,210,313,66,313,sub_line_text,text,text_0,courier,regular,7,20bol3c_20211228_164226_7775277579_600_800.png,/scratch/parceirosbr/bigoilict/share/BigOil/document_generator/datasets/documents_2021_12_28/20bol3c_20211228_164226_7775277579_600_800.png,20bol3c_20211228_164226_7775277579_600_800_mask.png,te the effects of these interruptio.
74,59,149,119,66,194,215,313,66,194,215,194,215,313,66,313,text,text,text_0,courier,regular,7,20bol3c_20211228_164226_7775277579_600_800.png,/scratch/parceirosbr/bigoilict/share/BigOil/document_generator/datasets/documents_2021_12_28/20bol3c_20211228_164226_7775277579_600_800.png,20bol3c_20211228_164226_7775277579_600_800_mask.png,nan
59,6,119,12,81,314,200,326,81,314,200,314,200,326,81,326,sub_line_text,subtitle,subtitle_0,courier,bold,12,20bol3c_20211228_164226_7775277579_600_800.png,/scratch/parceirosbr/bigoilict/share/BigOil/document_generator/datasets/documents_2021_12_28/20bol3c_20211228_164226_7775277579_600_800.png,20bol3c_20211228_164226_7775277579_600_800_mask.png,Enzyme production
59,6,119,12,81,314,200,326,81,314,200,314,200,326,81,326,title,subtitle,subtitle_0,courier,bold,12,20bol3c_20211228_164226_7775277579_600_800.png,/scratch/parceirosbr/bigoilict/share/BigOil/document_generator/datasets/documents_2021_12_28/20bol3c_20211228_164226_7775277579_600_800.png,20bol3c_20211228_164226_7775277579_600_800_mask.png,nan
36,5,72,11,105,327,177,338,105,327,177,327,177,338,105,338,sub_line_text,subsubtitle,subsubtitle_0,courier,italic,10,20bol3c_20211228_164226_7775277579_600_800.png,/scratch/parceirosbr/bigoilict/share/BigOil/document_generator/datasets/documents_2021_12_28/20bol3c_20211228_164226_7775277579_600_800.png,20bol3c_20211228_164226_7775277579_600_800_mask.png,"Mesmo tempo,"
36,5,72,11,105,327,177,338,105,327,177,327,177,338,105,338,title,subsubtitle,subsubtitle_0,courier,italic,10,20bol3c_20211228_164226_7775277579_600_800.png,/scratch/parceirosbr/bigoilict/share/BigOil/document_generator/datasets/documents_2021_12_28/20bol3c_20211228_164226_7775277579_600_800.png,20bol3c_20211228_164226_7775277579_600_800_mask.png,nan
42,3,84,7,126,339,210,346,126,339,210,339,210,346,126,346,sub_line_text,text,text_1,courier,regular,7,20bol3c_20211228_164226_7775277579_600_800.png,/scratch/parceirosbr/bigoilict/share/BigOil/document_generator/datasets/documents_2021_12_28/20bol3c_20211228_164226_7775277579_600_800.png,20bol3c_20211228_164226_7775277579_600_800_mask.png,Serviço   responsável
74,3,148,7,66,347,214,354,66,347,214,347,214,354,66,354,sub_line_text,text,text_1,courier,regular,7,20bol3c_20211228_164226_7775277579_600_800.png,/scratch/parceirosbr/bigoilict/share/BigOil/document_generator/datasets/documents_2021_12_28/20bol3c_20211228_164226_7775277579_600_800.png,20bol3c_20211228_164226_7775277579_600_800_mask.png,pela  padronização no serviço públic-
72,3,144,7,66,355,210,362,66,355,210,355,210,362,66,362,sub_line_text,text,text_1,courier,regular,7,20bol3c_20211228_164226_7775277579_600_800.png,/scratch/parceirosbr/bigoilict/share/BigOil/document_generator/datasets/documents_2021_12_28/20bol3c_20211228_164226_7775277579_600_800.png,20bol3c_20211228_164226_7775277579_600_800_mask.png,"o,  pelos  concursos para seleção de"
74,3,148,7,66,363,214,370,66,363,214,363,214,370,66,370,sub_line_text,text,text_1,courier,regular,7,20bol3c_20211228_164226_7775277579_600_800.png,/scratch/parceirosbr/bigoilict/share/BigOil/document_generator/datasets/documents_2021_12_28/20bol3c_20211228_164226_7775277579_600_800.png,20bol3c_20211228_164226_7775277579_600_800_mask.png,funcionários  e (a partir de 1939) p-
72,3,144,7,66,371,210,378,66,371,210,371,210,378,66,378,sub_line_text,text,text_1,courier,regular,7,20bol3c_20211228_164226_7775277579_600_800.png,/scratch/parceirosbr/bigoilict/share/BigOil/document_generator/datasets/documents_2021_12_28/20bol3c_20211228_164226_7775277579_600_800.png,20bol3c_20211228_164226_7775277579_600_800_mask.png,ela  elaboração do orçamento do 93..
72,3,144,7,66,379,210,386,66,379,210,379,210,386,66,386,sub_line_text,text,text_1,courier,regular,7,20bol3c_20211228_164226_7775277579_600_800.png,/scratch/parceirosbr/bigoilict/share/BigOil/document_generator/datasets/documents_2021_12_28/20bol3c_20211228_164226_7775277579_600_800.png,20bol3c_20211228_164226_7775277579_600_800_mask.png,The  facies analysis used the quali-
72,3,144,7,66,387,210,394,66,387,210,387,210,394,66,394,sub_line_text,text,text_1,courier,regular,7,20bol3c_20211228_164226_7775277579_600_800.png,/scratch/parceirosbr/bigoilict/share/BigOil/document_generator/datasets/documents_2021_12_28/20bol3c_20211228_164226_7775277579_600_800.png,20bol3c_20211228_164226_7775277579_600_800_mask.png,"tative  method, based on the descri-"
72,3,145,7,66,395,211,402,66,395,211,395,211,402,66,402,sub_line_text,text,text_1,courier,regular,7,20bol3c_20211228_164226_7775277579_600_800.png,/scratch/parceirosbr/bigoilict/share/BigOil/document_generator/datasets/documents_2021_12_28/20bol3c_20211228_164226_7775277579_600_800.png,20bol3c_20211228_164226_7775277579_600_800_mask.png,ption  of  29  lithofacies described
72,3,144,7,66,403,210,410,66,403,210,403,210,410,66,410,sub_line_text,text,text_1,courier,regular,7,20bol3c_20211228_164226_7775277579_600_800.png,/scratch/parceirosbr/bigoilict/share/BigOil/document_generator/datasets/documents_2021_12_28/20bol3c_20211228_164226_7775277579_600_800.png,20bol3c_20211228_164226_7775277579_600_800_mask.png,"in  the colors, and the quantitative"
72,3,144,7,66,411,210,418,66,411,210,411,210,418,66,418,sub_line_text,text,text_1,courier,regular,7,20bol3c_20211228_164226_7775277579_600_800.png,/scratch/parceirosbr/bigoilict/share/BigOil/document_generator/datasets/documents_2021_12_28/20bol3c_20211228_164226_7775277579_600_800.png,20bol3c_20211228_164226_7775277579_600_800_mask.png,"method,  supported  by  the well log"
72,3,144,7,66,419,210,426,66,419,210,419,210,426,66,426,sub_line_text,text,text_1,courier,regular,7,20bol3c_20211228_164226_7775277579_600_800.png,/scratch/parceirosbr/bigoilict/share/BigOil/document_generator/datasets/documents_2021_12_28/20bol3c_20211228_164226_7775277579_600_800.png,20bol3c_20211228_164226_7775277579_600_800_mask.png,"analysis  of 54 wells. Abaixo, as 2-"
72,3,144,7,66,427,210,434,66,427,210,427,210,434,66,434,sub_line_text,text,text_1,courier,regular,7,20bol3c_20211228_164226_7775277579_600_800.png,/scratch/parceirosbr/bigoilict/share/BigOil/document_generator/datasets/documents_2021_12_28/20bol3c_20211228_164226_7775277579_600_800.png,20bol3c_20211228_164226_7775277579_600_800_mask.png,"5-27  ilustram,  respectivamente,  a"
72,3,144,7,66,435,210,442,66,435,210,435,210,442,66,442,sub_line_text,text,text_1,courier,regular,7,20bol3c_20211228_164226_7775277579_600_800.png,/scratch/parceirosbr/bigoilict/share/BigOil/document_generator/datasets/documents_2021_12_28/20bol3c_20211228_164226_7775277579_600_800.png,20bol3c_20211228_164226_7775277579_600_800_mask.png,média  e  o desvio padrão do erro q-
72,3,144,7,66,443,210,450,66,443,210,443,210,450,66,450,sub_line_text,text,text_1,courier,regular,7,20bol3c_20211228_164226_7775277579_600_800.png,/scratch/parceirosbr/bigoilict/share/BigOil/document_generator/datasets/documents_2021_12_28/20bol3c_20211228_164226_7775277579_600_800.png,20bol3c_20211228_164226_7775277579_600_800_mask.png,uadrático  médio  da pressão e a mé-
72,3,144,7,66,451,210,458,66,451,210,451,210,458,66,458,sub_line_text,text,text_1,courier,regular,7,20bol3c_20211228_164226_7775277579_600_800.png,/scratch/parceirosbr/bigoilict/share/BigOil/document_generator/datasets/documents_2021_12_28/20bol3c_20211228_164226_7775277579_600_800.png,20bol3c_20211228_164226_7775277579_600_800_mask.png,dia  do  tempo computacional das 500
72,3,144,7,66,459,210,466,66,459,210,459,210,466,66,466,sub_line_text,text,text_1,courier,regular,7,20bol3c_20211228_164226_7775277579_600_800.png,/scratch/parceirosbr/bigoilict/share/BigOil/document_generator/datasets/documents_2021_12_28/20bol3c_20211228_164226_7775277579_600_800.png,20bol3c_20211228_164226_7775277579_600_800_mask.png,repetições  para as quatro cargas do
72,3,145,7,66,467,211,474,66,467,211,467,211,474,66,474,sub_line_text,text,text_1,courier,regular,7,20bol3c_20211228_164226_7775277579_600_800.png,/scratch/parceirosbr/bigoilict/share/BigOil/document_generator/datasets/documents_2021_12_28/20bol3c_20211228_164226_7775277579_600_800.png,20bol3c_20211228_164226_7775277579_600_800_mask.png,motor  marítimo  diesel. 64. Tam and
70,3,140,7,66,475,206,482,66,475,206,475,206,482,66,482,sub_line_text,text,text_1,courier,regular,7,20bol3c_20211228_164226_7775277579_600_800.png,/scratch/parceirosbr/bigoilict/share/BigOil/document_generator/datasets/documents_2021_12_28/20bol3c_20211228_164226_7775277579_600_800.png,20bol3c_20211228_164226_7775277579_600_800_mask.png,2001. of polycyclic aromatic hydro.
74,71,148,143,66,339,214,482,66,339,214,339,214,482,66,482,text,text,text_1,courier,regular,7,20bol3c_20211228_164226_7775277579_600_800.png,/scratch/parceirosbr/bigoilict/share/BigOil/document_generator/datasets/documents_2021_12_28/20bol3c_20211228_164226_7775277579_600_800.png,20bol3c_20211228_164226_7775277579_600_800_mask.png,nan
42,3,84,7,126,483,210,490,126,483,210,483,210,490,126,490,sub_line_text,text,text_2,courier,regular,7,20bol3c_20211228_164226_7775277579_600_800.png,/scratch/parceirosbr/bigoilict/share/BigOil/document_generator/datasets/documents_2021_12_28/20bol3c_20211228_164226_7775277579_600_800.png,20bol3c_20211228_164226_7775277579_600_800_mask.png,Dentre  estes podemos
72,3,145,7,66,491,211,498,66,491,211,491,211,498,66,498,sub_line_text,text,text_2,courier,regular,7,20bol3c_20211228_164226_7775277579_600_800.png,/scratch/parceirosbr/bigoilict/share/BigOil/document_generator/datasets/documents_2021_12_28/20bol3c_20211228_164226_7775277579_600_800.png,20bol3c_20211228_164226_7775277579_600_800_mask.png,citar:  de  deformacoes e tensoes em
72,3,144,7,66,499,210,506,66,499,210,499,210,506,66,506,sub_line_text,text,text_2,courier,regular,7,20bol3c_20211228_164226_7775277579_600_800.png,/scratch/parceirosbr/bigoilict/share/BigOil/document_generator/datasets/documents_2021_12_28/20bol3c_20211228_164226_7775277579_600_800.png,20bol3c_20211228_164226_7775277579_600_800_mask.png,pecas  mecanicas; de calor (conduca-
72,3,144,7,66,507,210,514,66,507,210,507,210,514,66,514,sub_line_text,text,text_2,courier,regular,7,20bol3c_20211228_164226_7775277579_600_800.png,/scratch/parceirosbr/bigoilict/share/BigOil/document_generator/datasets/documents_2021_12_28/20bol3c_20211228_164226_7775277579_600_800.png,20bol3c_20211228_164226_7775277579_600_800_mask.png,"o,  conveccao e radiacao); de mecan-"
72,3,144,7,66,515,210,522,66,515,210,515,210,522,66,522,sub_line_text,text,text_2,courier,regular,7,20bol3c_20211228_164226_7775277579_600_800.png,/scratch/parceirosbr/bigoilict/share/BigOil/document_generator/datasets/documents_2021_12_28/20bol3c_20211228_164226_7775277579_600_800.png,20bol3c_20211228_164226_7775277579_600_800_mask.png,"ica  dos uidos; eletricos, acustico-"
72,3,144,7,66,523,210,530,66,523,210,523,210,530,66,530,sub_line_text,text,text_2,courier,regular,7,20bol3c_20211228_164226_7775277579_600_800.png,/scratch/parceirosbr/bigoilict/share/BigOil/document_generator/datasets/documents_2021_12_28/20bol3c_20211228_164226_7775277579_600_800.png,20bol3c_20211228_164226_7775277579_600_800_mask.png,"s,  etc. utilizando matriz de diant-"
72,3,144,7,66,531,210,538,66,531,210,531,210,538,66,538,sub_line_text,text,text_2,courier,regular,7,20bol3c_20211228_164226_7775277579_600_800.png,/scratch/parceirosbr/bigoilict/share/BigOil/document_generator/datasets/documents_2021_12_28/20bol3c_20211228_164226_7775277579_600_800.png,20bol3c_20211228_164226_7775277579_600_800_mask.png,rol  não foram claros devido à inte-
72,3,144,7,66,539,210,546,66,539,210,539,210,546,66,546,sub_line_text,text,text_2,courier,regular,7,20bol3c_20211228_164226_7775277579_600_800.png,/scratch/parceirosbr/bigoilict/share/BigOil/document_generator/datasets/documents_2021_12_28/20bol3c_20211228_164226_7775277579_600_800.png,20bol3c_20211228_164226_7775277579_600_800_mask.png,rferência  da matriz. predictions of
72,3,144,7,66,547,210,554,66,547,210,547,210,554,66,554,sub_line_text,text,text_2,courier,regular,7,20bol3c_20211228_164226_7775277579_600_800.png,/scratch/parceirosbr/bigoilict/share/BigOil/document_generator/datasets/documents_2021_12_28/20bol3c_20211228_164226_7775277579_600_800.png,20bol3c_20211228_164226_7775277579_600_800_mask.png,the  off-design performance of comb-
72,3,144,7,66,555,210,562,66,555,210,555,210,562,66,562,sub_line_text,text,text_2,courier,regular,7,20bol3c_20211228_164226_7775277579_600_800.png,/scratch/parceirosbr/bigoilict/share/BigOil/document_generator/datasets/documents_2021_12_28/20bol3c_20211228_164226_7775277579_600_800.png,20bol3c_20211228_164226_7775277579_600_800_mask.png,"ined-cycle  power  plants, at the of"
74,3,148,7,66,563,214,570,66,563,214,563,214,570,66,570,sub_line_text,text,text_2,courier,regular,7,20bol3c_20211228_164226_7775277579_600_800.png,/scratch/parceirosbr/bigoilict/share/BigOil/document_generator/datasets/documents_2021_12_28/20bol3c_20211228_164226_7775277579_600_800.png,20bol3c_20211228_164226_7775277579_600_800_mask.png,the.  The increase in diesel fuel co-
72,3,144,7,66,571,210,578,66,571,210,571,210,578,66,578,sub_line_text,text,text_2,courier,regular,7,20bol3c_20211228_164226_7775277579_600_800.png,/scratch/parceirosbr/bigoilict/share/BigOil/document_generator/datasets/documents_2021_12_28/20bol3c_20211228_164226_7775277579_600_800.png,20bol3c_20211228_164226_7775277579_600_800_mask.png,nsumption  was driven by the excell-
72,3,144,7,66,579,210,586,66,579,210,579,210,586,66,586,sub_line_text,text,text_2,courier,regular,7,20bol3c_20211228_164226_7775277579_600_800.png,/scratch/parceirosbr/bigoilict/share/BigOil/document_generator/datasets/documents_2021_12_28/20bol3c_20211228_164226_7775277579_600_800.png,20bol3c_20211228_164226_7775277579_600_800_mask.png,ent  performance  of  the industrial
72,3,144,7,66,587,210,594,66,587,210,587,210,594,66,594,sub_line_text,text,text_2,courier,regular,7,20bol3c_20211228_164226_7775277579_600_800.png,/scratch/parceirosbr/bigoilict/share/BigOil/document_generator/datasets/documents_2021_12_28/20bol3c_20211228_164226_7775277579_600_800.png,20bol3c_20211228_164226_7775277579_600_800_mask.png,sector  and by the infrastructure w-
72,3,144,7,66,595,210,602,66,595,210,595,210,602,66,602,sub_line_text,text,text_2,courier,regular,7,20bol3c_20211228_164226_7775277579_600_800.png,/scratch/parceirosbr/bigoilict/share/BigOil/document_generator/datasets/documents_2021_12_28/20bol3c_20211228_164226_7775277579_600_800.png,20bol3c_20211228_164226_7775277579_600_800_mask.png,orks  linked to the. O é identifica-
72,3,144,7,66,603,210,610,66,603,210,603,210,610,66,610,sub_line_text,text,text_2,courier,regular,7,20bol3c_20211228_164226_7775277579_600_800.png,/scratch/parceirosbr/bigoilict/share/BigOil/document_generator/datasets/documents_2021_12_28/20bol3c_20211228_164226_7775277579_600_800.png,20bol3c_20211228_164226_7775277579_600_800_mask.png,"do  por  um número de 38 dígitos, c-"
72,3,145,7,66,611,211,618,66,611,211,611,211,618,66,618,sub_line_text,text,text_2,courier,regular,7,20bol3c_20211228_164226_7775277579_600_800.png,/scratch/parceirosbr/bigoilict/share/BigOil/document_generator/datasets/documents_2021_12_28/20bol3c_20211228_164226_7775277579_600_800.png,20bol3c_20211228_164226_7775277579_600_800_mask.png,om  cada  grupo  de dígitos tendo um
72,3,144,7,66,619,210,626,66,619,210,619,210,626,66,626,sub_line_text,text,text_2,courier,regular,7,20bol3c_20211228_164226_7775277579_600_800.png,/scratch/parceirosbr/bigoilict/share/BigOil/document_generator/datasets/documents_2021_12_28/20bol3c_20211228_164226_7775277579_600_800.png,20bol3c_20211228_164226_7775277579_600_800_mask.png,"significado, incluindo o ano em que."
74,71,148,143,66,483,214,626,66,483,214,483,214,626,66,626,text,text,text_2,courier,regular,7,20bol3c_20211228_164226_7775277579_600_800.png,/scratch/parceirosbr/bigoilict/share/BigOil/document_generator/datasets/documents_2021_12_28/20bol3c_20211228_164226_7775277579_600_800.png,20bol3c_20211228_164226_7775277579_600_800_mask.png,nan
30,5,60,11,66,627,126,638,66,627,126,627,126,638,66,638,sub_line_text,subsubtitle,subsubtitle_1,courier,italic,10,20bol3c_20211228_164226_7775277579_600_800.png,/scratch/parceirosbr/bigoilict/share/BigOil/document_generator/datasets/documents_2021_12_28/20bol3c_20211228_164226_7775277579_600_800.png,20bol3c_20211228_164226_7775277579_600_800_mask.png,Abril 2013
30,5,60,11,66,627,126,638,66,627,126,627,126,638,66,638,title,subsubtitle,subsubtitle_1,courier,italic,10,20bol3c_20211228_164226_7775277579_600_800.png,/scratch/parceirosbr/bigoilict/share/BigOil/document_generator/datasets/documents_2021_12_28/20bol3c_20211228_164226_7775277579_600_800.png,20bol3c_20211228_164226_7775277579_600_800_mask.png,nan
42,3,84,7,126,639,210,646,126,639,210,639,210,646,126,646,sub_line_text,text,text_3,courier,regular,7,20bol3c_20211228_164226_7775277579_600_800.png,/scratch/parceirosbr/bigoilict/share/BigOil/document_generator/datasets/documents_2021_12_28/20bol3c_20211228_164226_7775277579_600_800.png,20bol3c_20211228_164226_7775277579_600_800_mask.png,O  magmatismo alcali-
74,3,148,7,66,647,214,654,66,647,214,647,214,654,66,654,sub_line_text,text,text_3,courier,regular,7,20bol3c_20211228_164226_7775277579_600_800.png,/scratch/parceirosbr/bigoilict/share/BigOil/document_generator/datasets/documents_2021_12_28/20bol3c_20211228_164226_7775277579_600_800.png,20bol3c_20211228_164226_7775277579_600_800_mask.png,"no,  característico do está represen-"
72,3,144,7,66,655,210,662,66,655,210,655,210,662,66,662,sub_line_text,text,text_3,courier,regular,7,20bol3c_20211228_164226_7775277579_600_800.png,/scratch/parceirosbr/bigoilict/share/BigOil/document_generator/datasets/documents_2021_12_28/20bol3c_20211228_164226_7775277579_600_800.png,20bol3c_20211228_164226_7775277579_600_800_mask.png,tado  por uma série de corpos intru-
72,3,144,7,66,663,210,670,66,663,210,663,210,670,66,670,sub_line_text,text,text_3,courier,regular,7,20bol3c_20211228_164226_7775277579_600_800.png,/scratch/parceirosbr/bigoilict/share/BigOil/document_generator/datasets/documents_2021_12_28/20bol3c_20211228_164226_7775277579_600_800.png,20bol3c_20211228_164226_7775277579_600_800_mask.png,"sivos  incluindo stocks, diques, pl-"
72,3,144,7,66,671,210,678,66,671,210,671,210,678,66,678,sub_line_text,text,text_3,courier,regular,7,20bol3c_20211228_164226_7775277579_600_800.png,/scratch/parceirosbr/bigoilict/share/BigOil/document_generator/datasets/documents_2021_12_28/20bol3c_20211228_164226_7775277579_600_800.png,20bol3c_20211228_164226_7775277579_600_800_mask.png,ugs  e outros que funcionam como ve-
72,3,144,7,66,679,210,686,66,679,210,679,210,686,66,686,sub_line_text,text,text_3,courier,regular,7,20bol3c_20211228_164226_7775277579_600_800.png,/scratch/parceirosbr/bigoilict/share/BigOil/document_generator/datasets/documents_2021_12_28/20bol3c_20211228_164226_7775277579_600_800.png,20bol3c_20211228_164226_7775277579_600_800_mask.png,rdadeiros  marcos para os eventos a-
72,3,144,7,66,687,210,694,66,687,210,687,210,694,66,694,sub_line_text,text,text_3,courier,regular,7,20bol3c_20211228_164226_7775277579_600_800.png,/scratch/parceirosbr/bigoilict/share/BigOil/document_generator/datasets/documents_2021_12_28/20bol3c_20211228_164226_7775277579_600_800.png,20bol3c_20211228_164226_7775277579_600_800_mask.png,ssociados  à  evolução  tectônica do
72,3,144,7,66,695,210,702,66,695,210,695,210,702,66,702,sub_line_text,text,text_3,courier,regular,7,20bol3c_20211228_164226_7775277579_600_800.png,/scratch/parceirosbr/bigoilict/share/BigOil/document_generator/datasets/documents_2021_12_28/20bol3c_20211228_164226_7775277579_600_800.png,20bol3c_20211228_164226_7775277579_600_800_mask.png,referido  sistema de riftes. Contra-
72,3,144,7,66,703,210,710,66,703,210,703,210,710,66,710,sub_line_text,text,text_3,courier,regular,7,20bol3c_20211228_164226_7775277579_600_800.png,/scratch/parceirosbr/bigoilict/share/BigOil/document_generator/datasets/documents_2021_12_28/20bol3c_20211228_164226_7775277579_600_800.png,20bol3c_20211228_164226_7775277579_600_800_mask.png,tos de celebrados entre a e o sendo.
74,35,148,71,66,639,214,710,66,639,214,639,214,710,66,710,text,text,text_3,courier,regular,7,20bol3c_20211228_164226_7775277579_600_800.png,/scratch/parceirosbr/bigoilict/share/BigOil/document_generator/datasets/documents_2021_12_28/20bol3c_20211228_164226_7775277579_600_800.png,20bol3c_20211228_164226_7775277579_600_800_mask.png,nan
42,3,84,7,292,194,376,201,292,194,376,194,376,201,292,201,sub_line_text,text,text_4,courier,regular,7,20bol3c_20211228_164226_7775277579_600_800.png,/scratch/parceirosbr/bigoilict/share/BigOil/document_generator/datasets/documents_2021_12_28/20bol3c_20211228_164226_7775277579_600_800.png,20bol3c_20211228_164226_7775277579_600_800_mask.png,NOTE:  only available
72,3,144,7,232,202,376,209,232,202,376,202,376,209,232,209,sub_line_text,text,text_4,courier,regular,7,20bol3c_20211228_164226_7775277579_600_800.png,/scratch/parceirosbr/bigoilict/share/BigOil/document_generator/datasets/documents_2021_12_28/20bol3c_20211228_164226_7775277579_600_800.png,20bol3c_20211228_164226_7775277579_600_800_mask.png,for  monitored states. including the
72,3,144,7,232,210,376,217,232,210,376,210,376,217,232,217,sub_line_text,text,text_4,courier,regular,7,20bol3c_20211228_164226_7775277579_600_800.png,/scratch/parceirosbr/bigoilict/share/BigOil/document_generator/datasets/documents_2021_12_28/20bol3c_20211228_164226_7775277579_600_800.png,20bol3c_20211228_164226_7775277579_600_800_mask.png,"month  of December 2017, can be fou-"
72,3,144,7,232,218,376,225,232,218,376,218,376,225,232,225,sub_line_text,text,text_4,courier,regular,7,20bol3c_20211228_164226_7775277579_600_800.png,/scratch/parceirosbr/bigoilict/share/BigOil/document_generator/datasets/documents_2021_12_28/20bol3c_20211228_164226_7775277579_600_800.png,20bol3c_20211228_164226_7775277579_600_800_mask.png,"nd  in 2.2.1. 1,397 compliant sampl-"
72,3,144,7,232,226,376,233,232,226,376,226,376,233,232,233,sub_line_text,text,text_4,courier,regular,7,20bol3c_20211228_164226_7775277579_600_800.png,/scratch/parceirosbr/bigoilict/share/BigOil/document_generator/datasets/documents_2021_12_28/20bol3c_20211228_164226_7775277579_600_800.png,20bol3c_20211228_164226_7775277579_600_800_mask.png,"es  were found, which represents 99%"
72,3,144,7,232,234,376,241,232,234,376,234,376,241,232,241,sub_line_text,text,text_4,courier,regular,7,20bol3c_20211228_164226_7775277579_600_800.png,/scratch/parceirosbr/bigoilict/share/BigOil/document_generator/datasets/documents_2021_12_28/20bol3c_20211228_164226_7775277579_600_800.png,20bol3c_20211228_164226_7775277579_600_800_mask.png,"compliance.  gasoline  and  ethanol,"
72,3,144,7,232,242,376,249,232,242,376,242,376,249,232,249,sub_line_text,text,text_4,courier,regular,7,20bol3c_20211228_164226_7775277579_600_800.png,/scratch/parceirosbr/bigoilict/share/BigOil/document_generator/datasets/documents_2021_12_28/20bol3c_20211228_164226_7775277579_600_800.png,20bol3c_20211228_164226_7775277579_600_800_mask.png,which  showed compliance greater th-
74,3,148,7,232,250,380,257,232,250,380,250,380,257,232,257,sub_line_text,text,text_4,courier,regular,7,20bol3c_20211228_164226_7775277579_600_800.png,/scratch/parceirosbr/bigoilict/share/BigOil/document_generator/datasets/documents_2021_12_28/20bol3c_20211228_164226_7775277579_600_800.png,20bol3c_20211228_164226_7775277579_600_800_mask.png,an  99%. 2.2.2 .. Notes: 1. in curre-
72,3,144,7,232,258,376,265,232,258,376,258,376,265,232,265,sub_line_text,text,text_4,courier,regular,7,20bol3c_20211228_164226_7775277579_600_800.png,/scratch/parceirosbr/bigoilict/share/BigOil/document_generator/datasets/documents_2021_12_28/20bol3c_20211228_164226_7775277579_600_800.png,20bol3c_20211228_164226_7775277579_600_800_mask.png,nt  values. During the period consi-
72,3,144,7,232,266,376,273,232,266,376,266,376,273,232,273,sub_line_text,text,text_4,courier,regular,7,20bol3c_20211228_164226_7775277579_600_800.png,/scratch/parceirosbr/bigoilict/share/BigOil/document_generator/datasets/documents_2021_12_28/20bol3c_20211228_164226_7775277579_600_800.png,20bol3c_20211228_164226_7775277579_600_800_mask.png,"dered,  diesel  oil was produced on-"
72,3,144,7,232,274,376,281,232,274,376,274,376,281,232,281,sub_line_text,text,text_4,courier,regular,7,20bol3c_20211228_164226_7775277579_600_800.png,/scratch/parceirosbr/bigoilict/share/BigOil/document_generator/datasets/documents_2021_12_28/20bol3c_20211228_164226_7775277579_600_800.png,20bol3c_20211228_164226_7775277579_600_800_mask.png,ly  at refineries. 2. prices includ-
72,3,144,7,232,282,376,289,232,282,376,282,376,289,232,289,sub_line_text,text,text_4,courier,regular,7,20bol3c_20211228_164226_7775277579_600_800.png,/scratch/parceirosbr/bigoilict/share/BigOil/document_generator/datasets/documents_2021_12_28/20bol3c_20211228_164226_7775277579_600_800.png,20bol3c_20211228_164226_7775277579_600_800_mask.png,"e,  when  applicable, portions of e."
72,3,144,7,232,290,376,297,232,290,376,290,376,297,232,297,sub_line_text,text,text_4,courier,regular,7,20bol3c_20211228_164226_7775277579_600_800.png,/scratch/parceirosbr/bigoilict/share/BigOil/document_generator/datasets/documents_2021_12_28/20bol3c_20211228_164226_7775277579_600_800.png,20bol3c_20211228_164226_7775277579_600_800_mask.png,The  petroleum presented a median l-
74,3,148,7,232,298,380,305,232,298,380,298,380,305,232,305,sub_line_text,text,text_4,courier,regular,7,20bol3c_20211228_164226_7775277579_600_800.png,/scratch/parceirosbr/bigoilict/share/BigOil/document_generator/datasets/documents_2021_12_28/20bol3c_20211228_164226_7775277579_600_800.png,20bol3c_20211228_164226_7775277579_600_800_mask.png,ethal concentration (LC50-96h) equal.
74,55,148,111,232,194,380,305,232,194,380,194,380,305,232,305,text,text,text_4,courier,regular,7,20bol3c_20211228_164226_7775277579_600_800.png,/scratch/parceirosbr/bigoilict/share/BigOil/document_generator/datasets/documents_2021_12_28/20bol3c_20211228_164226_7775277579_600_800.png,20bol3c_20211228_164226_7775277579_600_800_mask.png,nan
42,3,84,7,292,306,376,313,292,306,376,306,376,313,292,313,sub_line_text,text,text_5,courier,regular,7,20bol3c_20211228_164226_7775277579_600_800.png,/scratch/parceirosbr/bigoilict/share/BigOil/document_generator/datasets/documents_2021_12_28/20bol3c_20211228_164226_7775277579_600_800.png,20bol3c_20211228_164226_7775277579_600_800_mask.png,A  análise  da argila
72,3,144,7,232,314,376,321,232,314,376,314,376,321,232,321,sub_line_text,text,text_5,courier,regular,7,20bol3c_20211228_164226_7775277579_600_800.png,/scratch/parceirosbr/bigoilict/share/BigOil/document_generator/datasets/documents_2021_12_28/20bol3c_20211228_164226_7775277579_600_800.png,20bol3c_20211228_164226_7775277579_600_800_mask.png,"apresentou  também, baixa concentra-"
72,3,144,7,232,322,376,329,232,322,376,322,376,329,232,329,sub_line_text,text,text_5,courier,regular,7,20bol3c_20211228_164226_7775277579_600_800.png,/scratch/parceirosbr/bigoilict/share/BigOil/document_generator/datasets/documents_2021_12_28/20bol3c_20211228_164226_7775277579_600_800.png,20bol3c_20211228_164226_7775277579_600_800_mask.png,"ção  de  oxido de sódio 0,1 %p/p), e"
72,3,144,7,232,330,376,337,232,330,376,330,376,337,232,337,sub_line_text,text,text_5,courier,regular,7,20bol3c_20211228_164226_7775277579_600_800.png,/scratch/parceirosbr/bigoilict/share/BigOil/document_generator/datasets/documents_2021_12_28/20bol3c_20211228_164226_7775277579_600_800.png,20bol3c_20211228_164226_7775277579_600_800_mask.png,uma  razoável  concentração de óxido
72,3,144,7,232,338,376,345,232,338,376,338,376,345,232,345,sub_line_text,text,text_5,courier,regular,7,20bol3c_20211228_164226_7775277579_600_800.png,/scratch/parceirosbr/bigoilict/share/BigOil/document_generator/datasets/documents_2021_12_28/20bol3c_20211228_164226_7775277579_600_800.png,20bol3c_20211228_164226_7775277579_600_800_mask.png,"de  potássio (1,7 %p/p). For exampl-"
72,3,145,7,232,346,377,353,232,346,377,346,377,353,232,353,sub_line_text,text,text_5,courier,regular,7,20bol3c_20211228_164226_7775277579_600_800.png,/scratch/parceirosbr/bigoilict/share/BigOil/document_generator/datasets/documents_2021_12_28/20bol3c_20211228_164226_7775277579_600_800.png,20bol3c_20211228_164226_7775277579_600_800_mask.png,"e,  in  the  rainy and high humidity"
74,3,148,7,232,354,380,361,232,354,380,354,380,361,232,361,sub_line_text,text,text_5,courier,regular,7,20bol3c_20211228_164226_7775277579_600_800.png,/scratch/parceirosbr/bigoilict/share/BigOil/document_generator/datasets/documents_2021_12_28/20bol3c_20211228_164226_7775277579_600_800.png,20bol3c_20211228_164226_7775277579_600_800_mask.png,"seasons,  when the sucrose concentra-"
74,3,148,7,232,362,380,369,232,362,380,362,380,369,232,369,sub_line_text,text,text_5,courier,regular,7,20bol3c_20211228_164226_7775277579_600_800.png,/scratch/parceirosbr/bigoilict/share/BigOil/document_generator/datasets/documents_2021_12_28/20bol3c_20211228_164226_7775277579_600_800.png,20bol3c_20211228_164226_7775277579_600_800_mask.png,"tion  is at low levels, it is prefer-"
72,3,144,7,232,370,376,377,232,370,376,370,376,377,232,377,sub_line_text,text,text_5,courier,regular,7,20bol3c_20211228_164226_7775277579_600_800.png,/scratch/parceirosbr/bigoilict/share/BigOil/document_generator/datasets/documents_2021_12_28/20bol3c_20211228_164226_7775277579_600_800.png,20bol3c_20211228_164226_7775277579_600_800_mask.png,able  to  reach the maximum limit of
72,3,144,7,232,378,376,385,232,378,376,378,376,385,232,385,sub_line_text,text,text_5,courier,regular,7,20bol3c_20211228_164226_7775277579_600_800.png,/scratch/parceirosbr/bigoilict/share/BigOil/document_generator/datasets/documents_2021_12_28/20bol3c_20211228_164226_7775277579_600_800.png,20bol3c_20211228_164226_7775277579_600_800_mask.png,ethanol  production  and  reduce the
72,3,145,7,232,386,377,393,232,386,377,386,377,393,232,393,sub_line_text,text,text_5,courier,regular,7,20bol3c_20211228_164226_7775277579_600_800.png,/scratch/parceirosbr/bigoilict/share/BigOil/document_generator/datasets/documents_2021_12_28/20bol3c_20211228_164226_7775277579_600_800.png,20bol3c_20211228_164226_7775277579_600_800_mask.png,production  of  sugar to the minimum
72,3,144,7,232,394,376,401,232,394,376,394,376,401,232,401,sub_line_text,text,text_5,courier,regular,7,20bol3c_20211228_164226_7775277579_600_800.png,/scratch/parceirosbr/bigoilict/share/BigOil/document_generator/datasets/documents_2021_12_28/20bol3c_20211228_164226_7775277579_600_800.png,20bol3c_20211228_164226_7775277579_600_800_mask.png,necessary.  sujeito a (y 0py 0)p 2/-
70,3,140,7,232,402,372,409,232,402,372,402,372,409,232,409,sub_line_text,text,text_5,courier,regular,7,20bol3c_20211228_164226_7775277579_600_800.png,/scratch/parceirosbr/bigoilict/share/BigOil/document_generator/datasets/documents_2021_12_28/20bol3c_20211228_164226_7775277579_600_800.png,20bol3c_20211228_164226_7775277579_600_800_mask.png,1pW p cujo j-ésimo 2/1pode-se cons.
74,51,148,103,232,306,380,409,232,306,380,306,380,409,232,409,text,text,text_5,courier,regular,7,20bol3c_20211228_164226_7775277579_600_800.png,/scratch/parceirosbr/bigoilict/share/BigOil/document_generator/datasets/documents_2021_12_28/20bol3c_20211228_164226_7775277579_600_800.png,20bol3c_20211228_164226_7775277579_600_800_mask.png,nan
74,119,149,239,232,410,381,649,232,410,381,410,381,649,232,649,list,list,list_1,courier,courier,7,20bol3c_20211228_164226_7775277579_600_800.png,/scratch/parceirosbr/bigoilict/share/BigOil/document_generator/datasets/documents_2021_12_28/20bol3c_20211228_164226_7775277579_600_800.png,20bol3c_20211228_164226_7775277579_600_800_mask.png,
74,3,148,7,232,410,380,417,232,410,380,410,380,417,232,417,sub_line_text,list,list_1,courier,regular,7,20bol3c_20211228_164226_7775277579_600_800.png,/scratch/parceirosbr/bigoilict/share/BigOil/document_generator/datasets/documents_2021_12_28/20bol3c_20211228_164226_7775277579_600_800.png,20bol3c_20211228_164226_7775277579_600_800_mask.png,*  The  minimum concentration for eye
28,3,56,7,244,418,300,425,244,418,300,418,300,425,244,425,sub_line_text,list,list_1,courier,regular,7,20bol3c_20211228_164226_7775277579_600_800.png,/scratch/parceirosbr/bigoilict/share/BigOil/document_generator/datasets/documents_2021_12_28/20bol3c_20211228_164226_7775277579_600_800.png,20bol3c_20211228_164226_7775277579_600_800_mask.png,irritation due
66,3,132,7,232,426,364,433,232,426,364,426,364,433,232,433,sub_line_text,list,list_1,courier,regular,7,20bol3c_20211228_164226_7775277579_600_800.png,/scratch/parceirosbr/bigoilict/share/BigOil/document_generator/datasets/documents_2021_12_28/20bol3c_20211228_164226_7775277579_600_800.png,20bol3c_20211228_164226_7775277579_600_800_mask.png,*  Do rifte (Sequência restaurado
74,3,148,7,232,434,380,441,232,434,380,434,380,441,232,441,sub_line_text,list,list_1,courier,regular,7,20bol3c_20211228_164226_7775277579_600_800.png,/scratch/parceirosbr/bigoilict/share/BigOil/document_generator/datasets/documents_2021_12_28/20bol3c_20211228_164226_7775277579_600_800.png,20bol3c_20211228_164226_7775277579_600_800_mask.png,*  O tratamento térmico foi realizado
10,3,21,7,244,442,265,449,244,442,265,442,265,449,244,449,sub_line_text,list,list_1,courier,regular,7,20bol3c_20211228_164226_7775277579_600_800.png,/scratch/parceirosbr/bigoilict/share/BigOil/document_generator/datasets/documents_2021_12_28/20bol3c_20211228_164226_7775277579_600_800.png,20bol3c_20211228_164226_7775277579_600_800_mask.png,em um
34,3,68,7,232,450,300,457,232,450,300,450,300,457,232,457,sub_line_text,list,list_1,courier,regular,7,20bol3c_20211228_164226_7775277579_600_800.png,/scratch/parceirosbr/bigoilict/share/BigOil/document_generator/datasets/documents_2021_12_28/20bol3c_20211228_164226_7775277579_600_800.png,20bol3c_20211228_164226_7775277579_600_800_mask.png,*  Organic matter
52,3,104,7,232,458,336,465,232,458,336,458,336,465,232,465,sub_line_text,list,list_1,courier,regular,7,20bol3c_20211228_164226_7775277579_600_800.png,/scratch/parceirosbr/bigoilict/share/BigOil/document_generator/datasets/documents_2021_12_28/20bol3c_20211228_164226_7775277579_600_800.png,20bol3c_20211228_164226_7775277579_600_800_mask.png,*  If we consider programs
24,3,48,7,232,466,280,473,232,466,280,466,280,473,232,473,sub_line_text,list,list_1,courier,regular,7,20bol3c_20211228_164226_7775277579_600_800.png,/scratch/parceirosbr/bigoilict/share/BigOil/document_generator/datasets/documents_2021_12_28/20bol3c_20211228_164226_7775277579_600_800.png,20bol3c_20211228_164226_7775277579_600_800_mask.png,*  Por outro
74,3,148,7,232,474,380,481,232,474,380,474,380,481,232,481,sub_line_text,list,list_1,courier,regular,7,20bol3c_20211228_164226_7775277579_600_800.png,/scratch/parceirosbr/bigoilict/share/BigOil/document_generator/datasets/documents_2021_12_28/20bol3c_20211228_164226_7775277579_600_800.png,20bol3c_20211228_164226_7775277579_600_800_mask.png,"*  Além   disso,  foi  realizada  uma"
18,3,37,7,244,482,281,489,244,482,281,482,281,489,244,489,sub_line_text,list,list_1,courier,regular,7,20bol3c_20211228_164226_7775277579_600_800.png,/scratch/parceirosbr/bigoilict/share/BigOil/document_generator/datasets/documents_2021_12_28/20bol3c_20211228_164226_7775277579_600_800.png,20bol3c_20211228_164226_7775277579_600_800_mask.png,abordagem
74,3,148,7,232,490,380,497,232,490,380,490,380,497,232,497,sub_line_text,list,list_1,courier,regular,7,20bol3c_20211228_164226_7775277579_600_800.png,/scratch/parceirosbr/bigoilict/share/BigOil/document_generator/datasets/documents_2021_12_28/20bol3c_20211228_164226_7775277579_600_800.png,20bol3c_20211228_164226_7775277579_600_800_mask.png,*  The  short-circuit  versions  with
14,3,28,7,244,498,272,505,244,498,272,498,272,505,244,505,sub_line_text,list,list_1,courier,regular,7,20bol3c_20211228_164226_7775277579_600_800.png,/scratch/parceirosbr/bigoilict/share/BigOil/document_generator/datasets/documents_2021_12_28/20bol3c_20211228_164226_7775277579_600_800.png,20bol3c_20211228_164226_7775277579_600_800_mask.png,current
66,3,132,7,232,506,364,513,232,506,364,506,364,513,232,513,sub_line_text,list,list_1,courier,regular,7,20bol3c_20211228_164226_7775277579_600_800.png,/scratch/parceirosbr/bigoilict/share/BigOil/document_generator/datasets/documents_2021_12_28/20bol3c_20211228_164226_7775277579_600_800.png,20bol3c_20211228_164226_7775277579_600_800_mask.png,"*  No regime laminar, a estrutura"
60,3,120,7,232,514,352,521,232,514,352,514,352,521,232,521,sub_line_text,list,list_1,courier,regular,7,20bol3c_20211228_164226_7775277579_600_800.png,/scratch/parceirosbr/bigoilict/share/BigOil/document_generator/datasets/documents_2021_12_28/20bol3c_20211228_164226_7775277579_600_800.png,20bol3c_20211228_164226_7775277579_600_800_mask.png,*  The hemicellulosic fraction
60,3,120,7,232,522,352,529,232,522,352,522,352,529,232,529,sub_line_text,list,list_1,courier,regular,7,20bol3c_20211228_164226_7775277579_600_800.png,/scratch/parceirosbr/bigoilict/share/BigOil/document_generator/datasets/documents_2021_12_28/20bol3c_20211228_164226_7775277579_600_800.png,20bol3c_20211228_164226_7775277579_600_800_mask.png,*  As soon as the samples were
10,3,20,7,232,530,252,537,232,530,252,530,252,537,232,537,sub_line_text,list,list_1,courier,regular,7,20bol3c_20211228_164226_7775277579_600_800.png,/scratch/parceirosbr/bigoilict/share/BigOil/document_generator/datasets/documents_2021_12_28/20bol3c_20211228_164226_7775277579_600_800.png,20bol3c_20211228_164226_7775277579_600_800_mask.png,*  Le
72,3,144,7,232,538,376,545,232,538,376,538,376,545,232,545,sub_line_text,list,list_1,courier,regular,7,20bol3c_20211228_164226_7775277579_600_800.png,/scratch/parceirosbr/bigoilict/share/BigOil/document_generator/datasets/documents_2021_12_28/20bol3c_20211228_164226_7775277579_600_800.png,20bol3c_20211228_164226_7775277579_600_800_mask.png,"*  Moreover, the law established the"
46,3,92,7,232,546,324,553,232,546,324,546,324,553,232,553,sub_line_text,list,list_1,courier,regular,7,20bol3c_20211228_164226_7775277579_600_800.png,/scratch/parceirosbr/bigoilict/share/BigOil/document_generator/datasets/documents_2021_12_28/20bol3c_20211228_164226_7775277579_600_800.png,20bol3c_20211228_164226_7775277579_600_800_mask.png,"*  Among its functions,"
30,3,60,7,232,554,292,561,232,554,292,554,292,561,232,561,sub_line_text,list,list_1,courier,regular,7,20bol3c_20211228_164226_7775277579_600_800.png,/scratch/parceirosbr/bigoilict/share/BigOil/document_generator/datasets/documents_2021_12_28/20bol3c_20211228_164226_7775277579_600_800.png,20bol3c_20211228_164226_7775277579_600_800_mask.png,*  A solução de
72,3,144,7,232,562,376,569,232,562,376,562,376,569,232,569,sub_line_text,list,list_1,courier,regular,7,20bol3c_20211228_164226_7775277579_600_800.png,/scratch/parceirosbr/bigoilict/share/BigOil/document_generator/datasets/documents_2021_12_28/20bol3c_20211228_164226_7775277579_600_800.png,20bol3c_20211228_164226_7775277579_600_800_mask.png,*  These oil reservoirs that are not
66,3,132,7,232,570,364,577,232,570,364,570,364,577,232,577,sub_line_text,list,list_1,courier,regular,7,20bol3c_20211228_164226_7775277579_600_800.png,/scratch/parceirosbr/bigoilict/share/BigOil/document_generator/datasets/documents_2021_12_28/20bol3c_20211228_164226_7775277579_600_800.png,20bol3c_20211228_164226_7775277579_600_800_mask.png,*  Apesar dos esforços realizados
56,3,112,7,232,578,344,585,232,578,344,578,344,585,232,585,sub_line_text,list,list_1,courier,regular,7,20bol3c_20211228_164226_7775277579_600_800.png,/scratch/parceirosbr/bigoilict/share/BigOil/document_generator/datasets/documents_2021_12_28/20bol3c_20211228_164226_7775277579_600_800.png,20bol3c_20211228_164226_7775277579_600_800_mask.png,*  De acordo com a resolução
50,3,100,7,232,586,332,593,232,586,332,586,332,593,232,593,sub_line_text,list,list_1,courier,regular,7,20bol3c_20211228_164226_7775277579_600_800.png,/scratch/parceirosbr/bigoilict/share/BigOil/document_generator/datasets/documents_2021_12_28/20bol3c_20211228_164226_7775277579_600_800.png,20bol3c_20211228_164226_7775277579_600_800_mask.png,*  Landmark and overlying
74,3,149,7,232,594,381,601,232,594,381,594,381,601,232,601,sub_line_text,list,list_1,courier,regular,7,20bol3c_20211228_164226_7775277579_600_800.png,/scratch/parceirosbr/bigoilict/share/BigOil/document_generator/datasets/documents_2021_12_28/20bol3c_20211228_164226_7775277579_600_800.png,20bol3c_20211228_164226_7775277579_600_800_mask.png,*  Ceramic     at     a    controlled
22,3,44,7,244,602,288,609,244,602,288,602,288,609,244,609,sub_line_text,list,list_1,courier,regular,7,20bol3c_20211228_164226_7775277579_600_800.png,/scratch/parceirosbr/bigoilict/share/BigOil/document_generator/datasets/documents_2021_12_28/20bol3c_20211228_164226_7775277579_600_800.png,20bol3c_20211228_164226_7775277579_600_800_mask.png,temperature
66,3,132,7,232,610,364,617,232,610,364,610,364,617,232,617,sub_line_text,list,list_1,courier,regular,7,20bol3c_20211228_164226_7775277579_600_800.png,/scratch/parceirosbr/bigoilict/share/BigOil/document_generator/datasets/documents_2021_12_28/20bol3c_20211228_164226_7775277579_600_800.png,20bol3c_20211228_164226_7775277579_600_800_mask.png,"*  Para as demais grandezas, isto"
64,3,128,7,232,618,360,625,232,618,360,618,360,625,232,625,sub_line_text,list,list_1,courier,regular,7,20bol3c_20211228_164226_7775277579_600_800.png,/scratch/parceirosbr/bigoilict/share/BigOil/document_generator/datasets/documents_2021_12_28/20bol3c_20211228_164226_7775277579_600_800.png,20bol3c_20211228_164226_7775277579_600_800_mask.png,*  Microscopic analysis suggests
54,3,108,7,232,626,340,633,232,626,340,626,340,633,232,633,sub_line_text,list,list_1,courier,regular,7,20bol3c_20211228_164226_7775277579_600_800.png,/scratch/parceirosbr/bigoilict/share/BigOil/document_generator/datasets/documents_2021_12_28/20bol3c_20211228_164226_7775277579_600_800.png,20bol3c_20211228_164226_7775277579_600_800_mask.png,*  To produce diesel oil or
74,3,148,7,232,634,380,641,232,634,380,634,380,641,232,641,sub_line_text,list,list_1,courier,regular,7,20bol3c_20211228_164226_7775277579_600_800.png,/scratch/parceirosbr/bigoilict/share/BigOil/document_generator/datasets/documents_2021_12_28/20bol3c_20211228_164226_7775277579_600_800.png,20bol3c_20211228_164226_7775277579_600_800_mask.png,*  Todo  inventário  de  é denominado
24,3,48,7,244,642,292,649,244,642,292,642,292,649,244,649,sub_line_text,list,list_1,courier,regular,7,20bol3c_20211228_164226_7775277579_600_800.png,/scratch/parceirosbr/bigoilict/share/BigOil/document_generator/datasets/documents_2021_12_28/20bol3c_20211228_164226_7775277579_600_800.png,20bol3c_20211228_164226_7775277579_600_800_mask.png,reservatório
42,3,84,7,292,650,376,657,292,650,376,650,376,657,292,657,sub_line_text,text,text_6,courier,regular,7,20bol3c_20211228_164226_7775277579_600_800.png,/scratch/parceirosbr/bigoilict/share/BigOil/document_generator/datasets/documents_2021_12_28/20bol3c_20211228_164226_7775277579_600_800.png,20bol3c_20211228_164226_7775277579_600_800_mask.png,"In  this chapter, the"
72,3,144,7,232,658,376,665,232,658,376,658,376,665,232,665,sub_line_text,text,text_6,courier,regular,7,20bol3c_20211228_164226_7775277579_600_800.png,/scratch/parceirosbr/bigoilict/share/BigOil/document_generator/datasets/documents_2021_12_28/20bol3c_20211228_164226_7775277579_600_800.png,20bol3c_20211228_164226_7775277579_600_800_mask.png,interviewees'  satisfaction with the
72,3,144,7,232,666,376,673,232,666,376,666,376,673,232,673,sub_line_text,text,text_6,courier,regular,7,20bol3c_20211228_164226_7775277579_600_800.png,/scratch/parceirosbr/bigoilict/share/BigOil/document_generator/datasets/documents_2021_12_28/20bol3c_20211228_164226_7775277579_600_800.png,20bol3c_20211228_164226_7775277579_600_800_mask.png,questionnaire  will be analyzed. Ne-
72,3,144,7,232,674,376,681,232,674,376,674,376,681,232,681,sub_line_text,text,text_6,courier,regular,7,20bol3c_20211228_164226_7775277579_600_800.png,/scratch/parceirosbr/bigoilict/share/BigOil/document_generator/datasets/documents_2021_12_28/20bol3c_20211228_164226_7775277579_600_800.png,20bol3c_20211228_164226_7775277579_600_800_mask.png,stas  novas  condições é evidenciado
72,3,144,7,232,682,376,689,232,682,376,682,376,689,232,689,sub_line_text,text,text_6,courier,regular,7,20bol3c_20211228_164226_7775277579_600_800.png,/scratch/parceirosbr/bigoilict/share/BigOil/document_generator/datasets/documents_2021_12_28/20bol3c_20211228_164226_7775277579_600_800.png,20bol3c_20211228_164226_7775277579_600_800_mask.png,que  os  espectros trazem informação
72,3,144,7,232,690,376,697,232,690,376,690,376,697,232,697,sub_line_text,text,text_6,courier,regular,7,20bol3c_20211228_164226_7775277579_600_800.png,/scratch/parceirosbr/bigoilict/share/BigOil/document_generator/datasets/documents_2021_12_28/20bol3c_20211228_164226_7775277579_600_800.png,20bol3c_20211228_164226_7775277579_600_800_mask.png,sobre  a evolução da reação. This is
72,3,144,7,232,698,376,705,232,698,376,698,376,705,232,705,sub_line_text,text,text_6,courier,regular,7,20bol3c_20211228_164226_7775277579_600_800.png,/scratch/parceirosbr/bigoilict/share/BigOil/document_generator/datasets/documents_2021_12_28/20bol3c_20211228_164226_7775277579_600_800.png,20bol3c_20211228_164226_7775277579_600_800_mask.png,"because,  until the end of the first"
70,3,140,7,232,706,372,713,232,706,372,706,372,713,232,713,sub_line_text,text,text_6,courier,regular,7,20bol3c_20211228_164226_7775277579_600_800.png,/scratch/parceirosbr/bigoilict/share/BigOil/document_generator/datasets/documents_2021_12_28/20bol3c_20211228_164226_7775277579_600_800.png,20bol3c_20211228_164226_7775277579_600_800_mask.png,"decade of the century, the develop."
72,31,144,63,232,650,376,713,232,650,376,650,376,713,232,713,text,text,text_6,courier,regular,7,20bol3c_20211228_164226_7775277579_600_800.png,/scratch/parceirosbr/bigoilict/share/BigOil/document_generator/datasets/documents_2021_12_28/20bol3c_20211228_164226_7775277579_600_800.png,20bol3c_20211228_164226_7775277579_600_800_mask.png,nan
44,3,88,7,292,714,380,721,292,714,380,714,380,721,292,721,sub_line_text,text,text_7,courier,regular,7,20bol3c_20211228_164226_7775277579_600_800.png,/scratch/parceirosbr/bigoilict/share/BigOil/document_generator/datasets/documents_2021_12_28/20bol3c_20211228_164226_7775277579_600_800.png,20bol3c_20211228_164226_7775277579_600_800_mask.png,"As a result, the wat-."
44,3,88,7,292,714,380,721,292,714,380,714,380,721,292,721,text,text,text_7,courier,regular,7,20bol3c_20211228_164226_7775277579_600_800.png,/scratch/parceirosbr/bigoilict/share/BigOil/document_generator/datasets/documents_2021_12_28/20bol3c_20211228_164226_7775277579_600_800.png,20bol3c_20211228_164226_7775277579_600_800_mask.png,nan
44,3,88,7,458,66,546,73,458,66,546,66,546,73,458,73,sub_line_text,text,text_8,courier,regular,7,20bol3c_20211228_164226_7775277579_600_800.png,/scratch/parceirosbr/bigoilict/share/BigOil/document_generator/datasets/documents_2021_12_28/20bol3c_20211228_164226_7775277579_600_800.png,20bol3c_20211228_164226_7775277579_600_800_mask.png,"Para  2016, a consult-"
72,3,144,7,398,74,542,81,398,74,542,74,542,81,398,81,sub_line_text,text,text_8,courier,regular,7,20bol3c_20211228_164226_7775277579_600_800.png,/scratch/parceirosbr/bigoilict/share/BigOil/document_generator/datasets/documents_2021_12_28/20bol3c_20211228_164226_7775277579_600_800.png,20bol3c_20211228_164226_7775277579_600_800_mask.png,oria  projeta uma queda adicional de
72,3,144,7,398,82,542,89,398,82,542,82,542,89,398,89,sub_line_text,text,text_8,courier,regular,7,20bol3c_20211228_164226_7775277579_600_800.png,/scratch/parceirosbr/bigoilict/share/BigOil/document_generator/datasets/documents_2021_12_28/20bol3c_20211228_164226_7775277579_600_800.png,20bol3c_20211228_164226_7775277579_600_800_mask.png,"35%,  com investimentos totais esti-"
72,3,144,7,398,90,542,97,398,90,542,90,542,97,398,97,sub_line_text,text,text_8,courier,regular,7,20bol3c_20211228_164226_7775277579_600_800.png,/scratch/parceirosbr/bigoilict/share/BigOil/document_generator/datasets/documents_2021_12_28/20bol3c_20211228_164226_7775277579_600_800.png,20bol3c_20211228_164226_7775277579_600_800_mask.png,"mados  na  ordem de 60 bilhões, red-"
72,3,144,7,398,98,542,105,398,98,542,98,542,105,398,105,sub_line_text,text,text_8,courier,regular,7,20bol3c_20211228_164226_7775277579_600_800.png,/scratch/parceirosbr/bigoilict/share/BigOil/document_generator/datasets/documents_2021_12_28/20bol3c_20211228_164226_7775277579_600_800.png,20bol3c_20211228_164226_7775277579_600_800_mask.png,ução  de 110 bilhões em relação a 2-
72,3,144,7,398,106,542,113,398,106,542,106,542,113,398,113,sub_line_text,text,text_8,courier,regular,7,20bol3c_20211228_164226_7775277579_600_800.png,/scratch/parceirosbr/bigoilict/share/BigOil/document_generator/datasets/documents_2021_12_28/20bol3c_20211228_164226_7775277579_600_800.png,20bol3c_20211228_164226_7775277579_600_800_mask.png,014.  de acordo com a somente a par-
72,3,144,7,398,114,542,121,398,114,542,114,542,121,398,121,sub_line_text,text,text_8,courier,regular,7,20bol3c_20211228_164226_7775277579_600_800.png,/scratch/parceirosbr/bigoilict/share/BigOil/document_generator/datasets/documents_2021_12_28/20bol3c_20211228_164226_7775277579_600_800.png,20bol3c_20211228_164226_7775277579_600_800_mask.png,tir  de 2017 haverá um novo ciclo de
72,3,144,7,398,122,542,129,398,122,542,122,542,129,398,129,sub_line_text,text,text_8,courier,regular,7,20bol3c_20211228_164226_7775277579_600_800.png,/scratch/parceirosbr/bigoilict/share/BigOil/document_generator/datasets/documents_2021_12_28/20bol3c_20211228_164226_7775277579_600_800.png,20bol3c_20211228_164226_7775277579_600_800_mask.png,crescimento  anual dos investimento-
72,3,144,7,398,130,542,137,398,130,542,130,542,137,398,137,sub_line_text,text,text_8,courier,regular,7,20bol3c_20211228_164226_7775277579_600_800.png,/scratch/parceirosbr/bigoilict/share/BigOil/document_generator/datasets/documents_2021_12_28/20bol3c_20211228_164226_7775277579_600_800.png,20bol3c_20211228_164226_7775277579_600_800_mask.png,"s,  com  aumento  de 30% por ano até"
74,3,148,7,398,138,546,145,398,138,546,138,546,145,398,145,sub_line_text,text,text_8,courier,regular,7,20bol3c_20211228_164226_7775277579_600_800.png,/scratch/parceirosbr/bigoilict/share/BigOil/document_generator/datasets/documents_2021_12_28/20bol3c_20211228_164226_7775277579_600_800.png,20bol3c_20211228_164226_7775277579_600_800_mask.png,2020  2016). In the absence of gravi-
72,3,144,7,398,146,542,153,398,146,542,146,542,153,398,153,sub_line_text,text,text_8,courier,regular,7,20bol3c_20211228_164226_7775277579_600_800.png,/scratch/parceirosbr/bigoilict/share/BigOil/document_generator/datasets/documents_2021_12_28/20bol3c_20211228_164226_7775277579_600_800.png,20bol3c_20211228_164226_7775277579_600_800_mask.png,"tational  effects, the rate at which"
72,3,144,7,398,154,542,161,398,154,542,154,542,161,398,161,sub_line_text,text,text_8,courier,regular,7,20bol3c_20211228_164226_7775277579_600_800.png,/scratch/parceirosbr/bigoilict/share/BigOil/document_generator/datasets/documents_2021_12_28/20bol3c_20211228_164226_7775277579_600_800.png,20bol3c_20211228_164226_7775277579_600_800_mask.png,water  percolates is described by t-
74,3,148,7,398,162,546,169,398,162,546,162,546,169,398,169,sub_line_text,text,text_8,courier,regular,7,20bol3c_20211228_164226_7775277579_600_800.png,/scratch/parceirosbr/bigoilict/share/BigOil/document_generator/datasets/documents_2021_12_28/20bol3c_20211228_164226_7775277579_600_800.png,20bol3c_20211228_164226_7775277579_600_800_mask.png,he  law of (Bear and 1990) of the fo-
72,3,144,7,398,170,542,177,398,170,542,170,542,177,398,177,sub_line_text,text,text_8,courier,regular,7,20bol3c_20211228_164226_7775277579_600_800.png,/scratch/parceirosbr/bigoilict/share/BigOil/document_generator/datasets/documents_2021_12_28/20bol3c_20211228_164226_7775277579_600_800.png,20bol3c_20211228_164226_7775277579_600_800_mask.png,"rm.  In  06, the results obtained in"
72,3,144,7,398,178,542,185,398,178,542,178,542,185,398,185,sub_line_text,text,text_8,courier,regular,7,20bol3c_20211228_164226_7775277579_600_800.png,/scratch/parceirosbr/bigoilict/share/BigOil/document_generator/datasets/documents_2021_12_28/20bol3c_20211228_164226_7775277579_600_800.png,20bol3c_20211228_164226_7775277579_600_800_mask.png,the  solid phase extraction experim-
74,3,148,7,398,186,546,193,398,186,546,186,546,193,398,193,sub_line_text,text,text_8,courier,regular,7,20bol3c_20211228_164226_7775277579_600_800.png,/scratch/parceirosbr/bigoilict/share/BigOil/document_generator/datasets/documents_2021_12_28/20bol3c_20211228_164226_7775277579_600_800.png,20bol3c_20211228_164226_7775277579_600_800_mask.png,ent  are presented to evaluate the r-
58,3,116,7,398,194,514,201,398,194,514,194,514,201,398,201,sub_line_text,text,text_8,courier,regular,7,20bol3c_20211228_164226_7775277579_600_800.png,/scratch/parceirosbr/bigoilict/share/BigOil/document_generator/datasets/documents_2021_12_28/20bol3c_20211228_164226_7775277579_600_800.png,20bol3c_20211228_164226_7775277579_600_800_mask.png,etention of the in the discs.
68,35,136,71,398,202,534,273,398,202,534,202,534,273,398,273,list,list,list_2,courier,courier,7,20bol3c_20211228_164226_7775277579_600_800.png,/scratch/parceirosbr/bigoilict/share/BigOil/document_generator/datasets/documents_2021_12_28/20bol3c_20211228_164226_7775277579_600_800.png,20bol3c_20211228_164226_7775277579_600_800_mask.png,
74,67,148,135,398,66,546,201,398,66,546,66,546,201,398,201,text,text,text_8,courier,regular,7,20bol3c_20211228_164226_7775277579_600_800.png,/scratch/parceirosbr/bigoilict/share/BigOil/document_generator/datasets/documents_2021_12_28/20bol3c_20211228_164226_7775277579_600_800.png,20bol3c_20211228_164226_7775277579_600_800_mask.png,nan
48,3,96,7,398,202,494,209,398,202,494,202,494,209,398,209,sub_line_text,list,list_2,courier,regular,7,20bol3c_20211228_164226_7775277579_600_800.png,/scratch/parceirosbr/bigoilict/share/BigOil/document_generator/datasets/documents_2021_12_28/20bol3c_20211228_164226_7775277579_600_800.png,20bol3c_20211228_164226_7775277579_600_800_mask.png,*  Organic matter exists
38,3,77,7,398,210,475,217,398,210,475,210,475,217,398,217,sub_line_text,list,list_2,courier,regular,7,20bol3c_20211228_164226_7775277579_600_800.png,/scratch/parceirosbr/bigoilict/share/BigOil/document_generator/datasets/documents_2021_12_28/20bol3c_20211228_164226_7775277579_600_800.png,20bol3c_20211228_164226_7775277579_600_800_mask.png,*  North and of and
42,3,84,7,398,218,482,225,398,218,482,218,482,225,398,225,sub_line_text,list,list_2,courier,regular,7,20bol3c_20211228_164226_7775277579_600_800.png,/scratch/parceirosbr/bigoilict/share/BigOil/document_generator/datasets/documents_2021_12_28/20bol3c_20211228_164226_7775277579_600_800.png,20bol3c_20211228_164226_7775277579_600_800_mask.png,*  In (2006b) another
38,3,76,7,398,226,474,233,398,226,474,226,474,233,398,233,sub_line_text,list,list_2,courier,regular,7,20bol3c_20211228_164226_7775277579_600_800.png,/scratch/parceirosbr/bigoilict/share/BigOil/document_generator/datasets/documents_2021_12_28/20bol3c_20211228_164226_7775277579_600_800.png,20bol3c_20211228_164226_7775277579_600_800_mask.png,*  Where: number of
54,3,108,7,398,234,506,241,398,234,506,234,506,241,398,241,sub_line_text,list,list_2,courier,regular,7,20bol3c_20211228_164226_7775277579_600_800.png,/scratch/parceirosbr/bigoilict/share/BigOil/document_generator/datasets/documents_2021_12_28/20bol3c_20211228_164226_7775277579_600_800.png,20bol3c_20211228_164226_7775277579_600_800_mask.png,"*  However, despite being a"
30,3,60,7,398,242,458,249,398,242,458,242,458,249,398,249,sub_line_text,list,list_2,courier,regular,7,20bol3c_20211228_164226_7775277579_600_800.png,/scratch/parceirosbr/bigoilict/share/BigOil/document_generator/datasets/documents_2021_12_28/20bol3c_20211228_164226_7775277579_600_800.png,20bol3c_20211228_164226_7775277579_600_800_mask.png,*  Gas: name of
44,3,88,7,398,250,486,257,398,250,486,250,486,257,398,257,sub_line_text,list,list_2,courier,regular,7,20bol3c_20211228_164226_7775277579_600_800.png,/scratch/parceirosbr/bigoilict/share/BigOil/document_generator/datasets/documents_2021_12_28/20bol3c_20211228_164226_7775277579_600_800.png,20bol3c_20211228_164226_7775277579_600_800_mask.png,*  Figure 11 shows the
68,3,136,7,398,258,534,265,398,258,534,258,534,265,398,265,sub_line_text,list,list_2,courier,regular,7,20bol3c_20211228_164226_7775277579_600_800.png,/scratch/parceirosbr/bigoilict/share/BigOil/document_generator/datasets/documents_2021_12_28/20bol3c_20211228_164226_7775277579_600_800.png,20bol3c_20211228_164226_7775277579_600_800_mask.png,"*  ISO / IEC 17025, which contains"
52,3,104,7,398,266,502,273,398,266,502,266,502,273,398,273,sub_line_text,list,list_2,courier,regular,7,20bol3c_20211228_164226_7775277579_600_800.png,/scratch/parceirosbr/bigoilict/share/BigOil/document_generator/datasets/documents_2021_12_28/20bol3c_20211228_164226_7775277579_600_800.png,20bol3c_20211228_164226_7775277579_600_800_mask.png,*  Nestas existe uma série
44,3,88,7,458,274,546,281,458,274,546,274,546,281,458,281,sub_line_text,text,text_9,courier,regular,7,20bol3c_20211228_164226_7775277579_600_800.png,/scratch/parceirosbr/bigoilict/share/BigOil/document_generator/datasets/documents_2021_12_28/20bol3c_20211228_164226_7775277579_600_800.png,20bol3c_20211228_164226_7775277579_600_800_mask.png,"Graph  12, which shows"
72,3,144,7,398,282,542,289,398,282,542,282,542,289,398,289,sub_line_text,text,text_9,courier,regular,7,20bol3c_20211228_164226_7775277579_600_800.png,/scratch/parceirosbr/bigoilict/share/BigOil/document_generator/datasets/documents_2021_12_28/20bol3c_20211228_164226_7775277579_600_800.png,20bol3c_20211228_164226_7775277579_600_800_mask.png,the  total investments in oil and n-
72,3,144,7,398,290,542,297,398,290,542,290,542,297,398,297,sub_line_text,text,text_9,courier,regular,7,20bol3c_20211228_164226_7775277579_600_800.png,/scratch/parceirosbr/bigoilict/share/BigOil/document_generator/datasets/documents_2021_12_28/20bol3c_20211228_164226_7775277579_600_800.png,20bol3c_20211228_164226_7775277579_600_800_mask.png,atural  gas extraction and producti-
72,3,144,7,398,298,542,305,398,298,542,298,542,305,398,305,sub_line_text,text,text_9,courier,regular,7,20bol3c_20211228_164226_7775277579_600_800.png,/scratch/parceirosbr/bigoilict/share/BigOil/document_generator/datasets/documents_2021_12_28/20bol3c_20211228_164226_7775277579_600_800.png,20bol3c_20211228_164226_7775277579_600_800_mask.png,on.  Humans  from  to to and from in
72,3,144,7,398,306,542,313,398,306,542,306,542,313,398,313,sub_line_text,text,text_9,courier,regular,7,20bol3c_20211228_164226_7775277579_600_800.png,/scratch/parceirosbr/bigoilict/share/BigOil/document_generator/datasets/documents_2021_12_28/20bol3c_20211228_164226_7775277579_600_800.png,20bol3c_20211228_164226_7775277579_600_800_mask.png,"particular  to 28, from and from for"
72,3,144,7,398,314,542,321,398,314,542,314,542,321,398,321,sub_line_text,text,text_9,courier,regular,7,20bol3c_20211228_164226_7775277579_600_800.png,/scratch/parceirosbr/bigoilict/share/BigOil/document_generator/datasets/documents_2021_12_28/20bol3c_20211228_164226_7775277579_600_800.png,20bol3c_20211228_164226_7775277579_600_800_mask.png,"financial  support. 5. A figura 2, a"
72,3,144,7,398,322,542,329,398,322,542,322,542,329,398,329,sub_line_text,text,text_9,courier,regular,7,20bol3c_20211228_164226_7775277579_600_800.png,/scratch/parceirosbr/bigoilict/share/BigOil/document_generator/datasets/documents_2021_12_28/20bol3c_20211228_164226_7775277579_600_800.png,20bol3c_20211228_164226_7775277579_600_800_mask.png,"seguir,  sintetiza  as etapas para a"
72,3,144,7,398,330,542,337,398,330,542,330,542,337,398,337,sub_line_text,text,text_9,courier,regular,7,20bol3c_20211228_164226_7775277579_600_800.png,/scratch/parceirosbr/bigoilict/share/BigOil/document_generator/datasets/documents_2021_12_28/20bol3c_20211228_164226_7775277579_600_800.png,20bol3c_20211228_164226_7775277579_600_800_mask.png,construção  de novos gasodutos de t-
72,3,144,7,398,338,542,345,398,338,542,338,542,345,398,345,sub_line_text,text,text_9,courier,regular,7,20bol3c_20211228_164226_7775277579_600_800.png,/scratch/parceirosbr/bigoilict/share/BigOil/document_generator/datasets/documents_2021_12_28/20bol3c_20211228_164226_7775277579_600_800.png,20bol3c_20211228_164226_7775277579_600_800_mask.png,"ransporte,  ou ampliação de gasodut-"
72,3,144,7,398,346,542,353,398,346,542,346,542,353,398,353,sub_line_text,text,text_9,courier,regular,7,20bol3c_20211228_164226_7775277579_600_800.png,/scratch/parceirosbr/bigoilict/share/BigOil/document_generator/datasets/documents_2021_12_28/20bol3c_20211228_164226_7775277579_600_800.png,20bol3c_20211228_164226_7775277579_600_800_mask.png,"os  existentes, sob o regime de out-"
68,3,136,7,398,354,534,361,398,354,534,354,534,361,398,361,sub_line_text,text,text_9,courier,regular,7,20bol3c_20211228_164226_7775277579_600_800.png,/scratch/parceirosbr/bigoilict/share/BigOil/document_generator/datasets/documents_2021_12_28/20bol3c_20211228_164226_7775277579_600_800.png,20bol3c_20211228_164226_7775277579_600_800_mask.png,"orga de concessão, apresentando o."
74,43,148,87,398,274,546,361,398,274,546,274,546,361,398,361,text,text,text_9,courier,regular,7,20bol3c_20211228_164226_7775277579_600_800.png,/scratch/parceirosbr/bigoilict/share/BigOil/document_generator/datasets/documents_2021_12_28/20bol3c_20211228_164226_7775277579_600_800.png,20bol3c_20211228_164226_7775277579_600_800_mask.png,nan
42,3,84,7,458,362,542,369,458,362,542,362,542,369,458,369,sub_line_text,text,text_10,courier,regular,7,20bol3c_20211228_164226_7775277579_600_800.png,/scratch/parceirosbr/bigoilict/share/BigOil/document_generator/datasets/documents_2021_12_28/20bol3c_20211228_164226_7775277579_600_800.png,20bol3c_20211228_164226_7775277579_600_800_mask.png,The  larger  profiles
72,3,144,7,398,370,542,377,398,370,542,370,542,377,398,377,sub_line_text,text,text_10,courier,regular,7,20bol3c_20211228_164226_7775277579_600_800.png,/scratch/parceirosbr/bigoilict/share/BigOil/document_generator/datasets/documents_2021_12_28/20bol3c_20211228_164226_7775277579_600_800.png,20bol3c_20211228_164226_7775277579_600_800_mask.png,were  divided  into sectors in order
74,3,148,7,398,378,546,385,398,378,546,378,546,385,398,385,sub_line_text,text,text_10,courier,regular,7,20bol3c_20211228_164226_7775277579_600_800.png,/scratch/parceirosbr/bigoilict/share/BigOil/document_generator/datasets/documents_2021_12_28/20bol3c_20211228_164226_7775277579_600_800.png,20bol3c_20211228_164226_7775277579_600_800_mask.png,to  allow the observation of irregul-
72,3,144,7,398,386,542,393,398,386,542,386,542,393,398,393,sub_line_text,text,text_10,courier,regular,7,20bol3c_20211228_164226_7775277579_600_800.png,/scratch/parceirosbr/bigoilict/share/BigOil/document_generator/datasets/documents_2021_12_28/20bol3c_20211228_164226_7775277579_600_800.png,20bol3c_20211228_164226_7775277579_600_800_mask.png,arities  from the differentiation of
72,3,145,7,398,394,543,401,398,394,543,394,543,401,398,401,sub_line_text,text,text_10,courier,regular,7,20bol3c_20211228_164226_7775277579_600_800.png,/scratch/parceirosbr/bigoilict/share/BigOil/document_generator/datasets/documents_2021_12_28/20bol3c_20211228_164226_7775277579_600_800.png,20bol3c_20211228_164226_7775277579_600_800_mask.png,scale.  The  movements  produce load
74,3,148,7,398,402,546,409,398,402,546,402,546,409,398,409,sub_line_text,text,text_10,courier,regular,7,20bol3c_20211228_164226_7775277579_600_800.png,/scratch/parceirosbr/bigoilict/share/BigOil/document_generator/datasets/documents_2021_12_28/20bol3c_20211228_164226_7775277579_600_800.png,20bol3c_20211228_164226_7775277579_600_800_mask.png,components  that generate inertial f-
74,3,148,7,398,410,546,417,398,410,546,410,546,417,398,417,sub_line_text,text,text_10,courier,regular,7,20bol3c_20211228_164226_7775277579_600_800.png,/scratch/parceirosbr/bigoilict/share/BigOil/document_generator/datasets/documents_2021_12_28/20bol3c_20211228_164226_7775277579_600_800.png,20bol3c_20211228_164226_7775277579_600_800_mask.png,"orces  by accelerating the structure,"
72,3,144,7,398,418,542,425,398,418,542,418,542,425,398,425,sub_line_text,text,text_10,courier,regular,7,20bol3c_20211228_164226_7775277579_600_800.png,/scratch/parceirosbr/bigoilict/share/BigOil/document_generator/datasets/documents_2021_12_28/20bol3c_20211228_164226_7775277579_600_800.png,20bol3c_20211228_164226_7775277579_600_800_mask.png,equipment  and  tank loads. Minas a-
72,3,144,7,398,426,542,433,398,426,542,426,542,433,398,433,sub_line_text,text,text_10,courier,regular,7,20bol3c_20211228_164226_7775277579_600_800.png,/scratch/parceirosbr/bigoilict/share/BigOil/document_generator/datasets/documents_2021_12_28/20bol3c_20211228_164226_7775277579_600_800.png,20bol3c_20211228_164226_7775277579_600_800_mask.png,nd  started to work on the developm-
74,3,148,7,398,434,546,441,398,434,546,434,546,441,398,441,sub_line_text,text,text_10,courier,regular,7,20bol3c_20211228_164226_7775277579_600_800.png,/scratch/parceirosbr/bigoilict/share/BigOil/document_generator/datasets/documents_2021_12_28/20bol3c_20211228_164226_7775277579_600_800.png,20bol3c_20211228_164226_7775277579_600_800_mask.png,ent  of a new regulation for gas sal-
74,3,148,7,398,442,546,449,398,442,546,442,546,449,398,449,sub_line_text,text,text_10,courier,regular,7,20bol3c_20211228_164226_7775277579_600_800.png,/scratch/parceirosbr/bigoilict/share/BigOil/document_generator/datasets/documents_2021_12_28/20bol3c_20211228_164226_7775277579_600_800.png,20bol3c_20211228_164226_7775277579_600_800_mask.png,"es  prices to distributors, which re-"
74,3,148,7,398,450,546,457,398,450,546,450,546,457,398,457,sub_line_text,text,text_10,courier,regular,7,20bol3c_20211228_164226_7775277579_600_800.png,/scratch/parceirosbr/bigoilict/share/BigOil/document_generator/datasets/documents_2021_12_28/20bol3c_20211228_164226_7775277579_600_800.png,20bol3c_20211228_164226_7775277579_600_800_mask.png,sulted  in the publication of 145. In
72,3,144,7,398,458,542,465,398,458,542,458,542,465,398,465,sub_line_text,text,text_10,courier,regular,7,20bol3c_20211228_164226_7775277579_600_800.png,/scratch/parceirosbr/bigoilict/share/BigOil/document_generator/datasets/documents_2021_12_28/20bol3c_20211228_164226_7775277579_600_800.png,20bol3c_20211228_164226_7775277579_600_800_mask.png,"the  region,  productivity  was 2.45"
70,3,140,7,398,466,538,473,398,466,538,466,538,473,398,473,sub_line_text,text,text_10,courier,regular,7,20bol3c_20211228_164226_7775277579_600_800.png,/scratch/parceirosbr/bigoilict/share/BigOil/document_generator/datasets/documents_2021_12_28/20bol3c_20211228_164226_7775277579_600_800.png,20bol3c_20211228_164226_7775277579_600_800_mask.png,"per hectare in proportional terms,."
74,55,148,111,398,362,546,473,398,362,546,362,546,473,398,473,text,text,text_10,courier,regular,7,20bol3c_20211228_164226_7775277579_600_800.png,/scratch/parceirosbr/bigoilict/share/BigOil/document_generator/datasets/documents_2021_12_28/20bol3c_20211228_164226_7775277579_600_800.png,20bol3c_20211228_164226_7775277579_600_800_mask.png,nan
42,3,84,7,458,474,542,481,458,474,542,474,542,481,458,481,sub_line_text,text,text_11,courier,regular,7,20bol3c_20211228_164226_7775277579_600_800.png,/scratch/parceirosbr/bigoilict/share/BigOil/document_generator/datasets/documents_2021_12_28/20bol3c_20211228_164226_7775277579_600_800.png,20bol3c_20211228_164226_7775277579_600_800_mask.png,Comércio  de derivad-
72,3,144,7,398,482,542,489,398,482,542,482,542,489,398,489,sub_line_text,text,text_11,courier,regular,7,20bol3c_20211228_164226_7775277579_600_800.png,/scratch/parceirosbr/bigoilict/share/BigOil/document_generator/datasets/documents_2021_12_28/20bol3c_20211228_164226_7775277579_600_800.png,20bol3c_20211228_164226_7775277579_600_800_mask.png,os  de petróleo por produto 2005- (-
72,3,144,7,398,490,542,497,398,490,542,490,542,497,398,497,sub_line_text,text,text_11,courier,regular,7,20bol3c_20211228_164226_7775277579_600_800.png,/scratch/parceirosbr/bigoilict/share/BigOil/document_generator/datasets/documents_2021_12_28/20bol3c_20211228_164226_7775277579_600_800.png,20bol3c_20211228_164226_7775277579_600_800_mask.png,mil  m) com a exportação com a impo-
72,3,144,7,398,498,542,505,398,498,542,498,542,505,398,505,sub_line_text,text,text_11,courier,regular,7,20bol3c_20211228_164226_7775277579_600_800.png,/scratch/parceirosbr/bigoilict/share/BigOil/document_generator/datasets/documents_2021_12_28/20bol3c_20211228_164226_7775277579_600_800.png,20bol3c_20211228_164226_7775277579_600_800_mask.png,rtação  de derivados de petróleo por
72,3,144,7,398,506,542,513,398,506,542,506,542,513,398,513,sub_line_text,text,text_11,courier,regular,7,20bol3c_20211228_164226_7775277579_600_800.png,/scratch/parceirosbr/bigoilict/share/BigOil/document_generator/datasets/documents_2021_12_28/20bol3c_20211228_164226_7775277579_600_800.png,20bol3c_20211228_164226_7775277579_600_800_mask.png,produto  2011-free on board): denom-
74,3,148,7,398,514,546,521,398,514,546,514,546,521,398,521,sub_line_text,text,text_11,courier,regular,7,20bol3c_20211228_164226_7775277579_600_800.png,/scratch/parceirosbr/bigoilict/share/BigOil/document_generator/datasets/documents_2021_12_28/20bol3c_20211228_164226_7775277579_600_800.png,20bol3c_20211228_164226_7775277579_600_800_mask.png,ina  contrato no qual o frete não es-
72,3,144,7,398,522,542,529,398,522,542,522,542,529,398,529,sub_line_text,text,text_11,courier,regular,7,20bol3c_20211228_164226_7775277579_600_800.png,/scratch/parceirosbr/bigoilict/share/BigOil/document_generator/datasets/documents_2021_12_28/20bol3c_20211228_164226_7775277579_600_800.png,20bol3c_20211228_164226_7775277579_600_800_mask.png,tá  incluído  no custo da mercadoria
72,3,144,7,398,530,542,537,398,530,542,530,542,537,398,537,sub_line_text,text,text_11,courier,regular,7,20bol3c_20211228_164226_7775277579_600_800.png,/scratch/parceirosbr/bigoilict/share/BigOil/document_generator/datasets/documents_2021_12_28/20bol3c_20211228_164226_7775277579_600_800.png,20bol3c_20211228_164226_7775277579_600_800_mask.png,em  valor corrente volume exportação
72,3,144,7,398,538,542,545,398,538,542,538,542,545,398,545,sub_line_text,text,text_11,courier,regular,7,20bol3c_20211228_164226_7775277579_600_800.png,/scratch/parceirosbr/bigoilict/share/BigOil/document_generator/datasets/documents_2021_12_28/20bol3c_20211228_164226_7775277579_600_800.png,20bol3c_20211228_164226_7775277579_600_800_mask.png,importação  (mil m) volume importaç-
72,3,144,7,398,546,542,553,398,546,542,546,542,553,398,553,sub_line_text,text,text_11,courier,regular,7,20bol3c_20211228_164226_7775277579_600_800.png,/scratch/parceirosbr/bigoilict/share/BigOil/document_generator/datasets/documents_2021_12_28/20bol3c_20211228_164226_7775277579_600_800.png,20bol3c_20211228_164226_7775277579_600_800_mask.png,ão  exportação (mil m) volume de ve-
72,3,144,7,398,554,542,561,398,554,542,554,542,561,398,561,sub_line_text,text,text_11,courier,regular,7,20bol3c_20211228_164226_7775277579_600_800.png,/scratch/parceirosbr/bigoilict/share/BigOil/document_generator/datasets/documents_2021_12_28/20bol3c_20211228_164226_7775277579_600_800.png,20bol3c_20211228_164226_7775277579_600_800_mask.png,ndas  das  distribuidoras  (mil  m).
72,3,144,7,398,562,542,569,398,562,542,562,542,569,398,569,sub_line_text,text,text_11,courier,regular,7,20bol3c_20211228_164226_7775277579_600_800.png,/scratch/parceirosbr/bigoilict/share/BigOil/document_generator/datasets/documents_2021_12_28/20bol3c_20211228_164226_7775277579_600_800.png,20bol3c_20211228_164226_7775277579_600_800_mask.png,This  limit  represents  the highest
72,3,144,7,398,570,542,577,398,570,542,570,542,577,398,577,sub_line_text,text,text_11,courier,regular,7,20bol3c_20211228_164226_7775277579_600_800.png,/scratch/parceirosbr/bigoilict/share/BigOil/document_generator/datasets/documents_2021_12_28/20bol3c_20211228_164226_7775277579_600_800.png,20bol3c_20211228_164226_7775277579_600_800_mask.png,amplitude  value  of the alternating
74,3,148,7,398,578,546,585,398,578,546,578,546,585,398,585,sub_line_text,text,text_11,courier,regular,7,20bol3c_20211228_164226_7775277579_600_800.png,/scratch/parceirosbr/bigoilict/share/BigOil/document_generator/datasets/documents_2021_12_28/20bol3c_20211228_164226_7775277579_600_800.png,20bol3c_20211228_164226_7775277579_600_800_mask.png,stress  that will not cause the mate-
72,3,144,7,398,586,542,593,398,586,542,586,542,593,398,593,sub_line_text,text,text_11,courier,regular,7,20bol3c_20211228_164226_7775277579_600_800.png,/scratch/parceirosbr/bigoilict/share/BigOil/document_generator/datasets/documents_2021_12_28/20bol3c_20211228_164226_7775277579_600_800.png,20bol3c_20211228_164226_7775277579_600_800_mask.png,"rial  to  fail, even for an infinite"
72,3,144,7,398,594,542,601,398,594,542,594,542,601,398,601,sub_line_text,text,text_11,courier,regular,7,20bol3c_20211228_164226_7775277579_600_800.png,/scratch/parceirosbr/bigoilict/share/BigOil/document_generator/datasets/documents_2021_12_28/20bol3c_20211228_164226_7775277579_600_800.png,20bol3c_20211228_164226_7775277579_600_800_mask.png,number  of cycles. O desenvolvimento
72,3,144,7,398,602,542,609,398,602,542,602,542,609,398,609,sub_line_text,text,text_11,courier,regular,7,20bol3c_20211228_164226_7775277579_600_800.png,/scratch/parceirosbr/bigoilict/share/BigOil/document_generator/datasets/documents_2021_12_28/20bol3c_20211228_164226_7775277579_600_800.png,20bol3c_20211228_164226_7775277579_600_800_mask.png,da  solucao paralela produziuuma al-
72,3,144,7,398,610,542,617,398,610,542,610,542,617,398,617,sub_line_text,text,text_11,courier,regular,7,20bol3c_20211228_164226_7775277579_600_800.png,/scratch/parceirosbr/bigoilict/share/BigOil/document_generator/datasets/documents_2021_12_28/20bol3c_20211228_164226_7775277579_600_800.png,20bol3c_20211228_164226_7775277579_600_800_mask.png,teracao  na  alocacao  do sistema de
70,3,140,7,398,618,538,625,398,618,538,618,538,625,398,625,sub_line_text,text,text_11,courier,regular,7,20bol3c_20211228_164226_7775277579_600_800.png,/scratch/parceirosbr/bigoilict/share/BigOil/document_generator/datasets/documents_2021_12_28/20bol3c_20211228_164226_7775277579_600_800.png,20bol3c_20211228_164226_7775277579_600_800_mask.png,"equacoes do bloco, o qual deixa de."
74,75,148,151,398,474,546,625,398,474,546,474,546,625,398,625,text,text,text_11,courier,regular,7,20bol3c_20211228_164226_7775277579_600_800.png,/scratch/parceirosbr/bigoilict/share/BigOil/document_generator/datasets/documents_2021_12_28/20bol3c_20211228_164226_7775277579_600_800.png,20bol3c_20211228_164226_7775277579_600_800_mask.png,nan
42,3,84,7,458,626,542,633,458,626,542,626,542,633,458,633,sub_line_text,text,text_12,courier,regular,7,20bol3c_20211228_164226_7775277579_600_800.png,/scratch/parceirosbr/bigoilict/share/BigOil/document_generator/datasets/documents_2021_12_28/20bol3c_20211228_164226_7775277579_600_800.png,20bol3c_20211228_164226_7775277579_600_800_mask.png,In  crystalline mate-
72,3,144,7,398,634,542,641,398,634,542,634,542,641,398,641,sub_line_text,text,text_12,courier,regular,7,20bol3c_20211228_164226_7775277579_600_800.png,/scratch/parceirosbr/bigoilict/share/BigOil/document_generator/datasets/documents_2021_12_28/20bol3c_20211228_164226_7775277579_600_800.png,20bol3c_20211228_164226_7775277579_600_800_mask.png,"rials,  plastic  deformations  occur"
72,3,144,7,398,642,542,649,398,642,542,642,542,649,398,649,sub_line_text,text,text_12,courier,regular,7,20bol3c_20211228_164226_7775277579_600_800.png,/scratch/parceirosbr/bigoilict/share/BigOil/document_generator/datasets/documents_2021_12_28/20bol3c_20211228_164226_7775277579_600_800.png,20bol3c_20211228_164226_7775277579_600_800_mask.png,in  preferential directions along c-
72,3,144,7,398,650,542,657,398,650,542,650,542,657,398,657,sub_line_text,text,text_12,courier,regular,7,20bol3c_20211228_164226_7775277579_600_800.png,/scratch/parceirosbr/bigoilict/share/BigOil/document_generator/datasets/documents_2021_12_28/20bol3c_20211228_164226_7775277579_600_800.png,20bol3c_20211228_164226_7775277579_600_800_mask.png,"rystallographic  planes, causing de-"
72,3,144,7,398,658,542,665,398,658,542,658,542,665,398,665,sub_line_text,text,text_12,courier,regular,7,20bol3c_20211228_164226_7775277579_600_800.png,/scratch/parceirosbr/bigoilict/share/BigOil/document_generator/datasets/documents_2021_12_28/20bol3c_20211228_164226_7775277579_600_800.png,20bol3c_20211228_164226_7775277579_600_800_mask.png,fects  in the mineral structure that
72,3,144,7,398,666,542,673,398,666,542,666,542,673,398,673,sub_line_text,text,text_12,courier,regular,7,20bol3c_20211228_164226_7775277579_600_800.png,/scratch/parceirosbr/bigoilict/share/BigOil/document_generator/datasets/documents_2021_12_28/20bol3c_20211228_164226_7775277579_600_800.png,20bol3c_20211228_164226_7775277579_600_800_mask.png,accumulate  leading  to  progressive
72,3,144,7,398,674,542,681,398,674,542,674,542,681,398,681,sub_line_text,text,text_12,courier,regular,7,20bol3c_20211228_164226_7775277579_600_800.png,/scratch/parceirosbr/bigoilict/share/BigOil/document_generator/datasets/documents_2021_12_28/20bol3c_20211228_164226_7775277579_600_800.png,20bol3c_20211228_164226_7775277579_600_800_mask.png,"damage.  Interestingly,  the  strain"
72,3,144,7,398,682,542,689,398,682,542,682,542,689,398,689,sub_line_text,text,text_12,courier,regular,7,20bol3c_20211228_164226_7775277579_600_800.png,/scratch/parceirosbr/bigoilict/share/BigOil/document_generator/datasets/documents_2021_12_28/20bol3c_20211228_164226_7775277579_600_800.png,20bol3c_20211228_164226_7775277579_600_800_mask.png,was  the one that showed the highest
74,3,148,7,398,690,546,697,398,690,546,690,546,697,398,697,sub_line_text,text,text_12,courier,regular,7,20bol3c_20211228_164226_7775277579_600_800.png,/scratch/parceirosbr/bigoilict/share/BigOil/document_generator/datasets/documents_2021_12_28/20bol3c_20211228_164226_7775277579_600_800.png,20bol3c_20211228_164226_7775277579_600_800_mask.png,production  of pectinase in this sub-
72,3,144,7,398,698,542,705,398,698,542,698,542,705,398,705,sub_line_text,text,text_12,courier,regular,7,20bol3c_20211228_164226_7775277579_600_800.png,/scratch/parceirosbr/bigoilict/share/BigOil/document_generator/datasets/documents_2021_12_28/20bol3c_20211228_164226_7775277579_600_800.png,20bol3c_20211228_164226_7775277579_600_800_mask.png,strate  and the relationship between
72,3,144,7,398,706,542,713,398,706,542,706,542,713,398,713,sub_line_text,text,text_12,courier,regular,7,20bol3c_20211228_164226_7775277579_600_800.png,/scratch/parceirosbr/bigoilict/share/BigOil/document_generator/datasets/documents_2021_12_28/20bol3c_20211228_164226_7775277579_600_800.png,20bol3c_20211228_164226_7775277579_600_800_mask.png,this and the production of reducing.
74,43,148,87,398,626,546,713,398,626,546,626,546,713,398,713,text,text,text_12,courier,regular,7,20bol3c_20211228_164226_7775277579_600_800.png,/scratch/parceirosbr/bigoilict/share/BigOil/document_generator/datasets/documents_2021_12_28/20bol3c_20211228_164226_7775277579_600_800.png,20bol3c_20211228_164226_7775277579_600_800_mask.png,nan
