center_x,center_y,width,height,xmin,ymin,xmax,ymax,top_left_x,top_left_y,top_right_x,top_right_y,bottom_right_x,bottom_right_y,bottom_left_x,bottom_left_y,label,grouplabel,group,text_font,text_style,size_font,filename,path,filename_mask,content
300,400,600,800,0,0,600,800,0,0,600,0,600,800,0,800,document,,,,,,20bol3c_20211228_164225_4716201810_600_800.png,/scratch/parceirosbr/bigoilict/share/BigOil/document_generator/datasets/documents_2021_12_28/20bol3c_20211228_164225_4716201810_600_800.png,20bol3c_20211228_164225_4716201810_600_800_mask.png,
246,0,492,1,55,726,547,727,55,726,547,726,547,727,55,727,line,line,line,,,,20bol3c_20211228_164225_4716201810_600_800.png,/scratch/parceirosbr/bigoilict/share/BigOil/document_generator/datasets/documents_2021_12_28/20bol3c_20211228_164225_4716201810_600_800.png,20bol3c_20211228_164225_4716201810_600_800_mask.png,nan
6,5,12,11,534,726,546,737,534,726,546,726,546,737,534,737,sub_line_text,numpag,footer_1,roboto,regular,10,20bol3c_20211228_164225_4716201810_600_800.png,/scratch/parceirosbr/bigoilict/share/BigOil/document_generator/datasets/documents_2021_12_28/20bol3c_20211228_164225_4716201810_600_800.png,20bol3c_20211228_164225_4716201810_600_800_mask.png,48
6,5,12,11,534,726,546,737,534,726,546,726,546,737,534,737,text,numpag,footer_1,roboto,regular,10,20bol3c_20211228_164225_4716201810_600_800.png,/scratch/parceirosbr/bigoilict/share/BigOil/document_generator/datasets/documents_2021_12_28/20bol3c_20211228_164225_4716201810_600_800.png,20bol3c_20211228_164225_4716201810_600_800_mask.png,nan
31,5,63,11,55,726,118,737,55,726,118,726,118,737,55,737,sub_line_text,footer,footer_1,roboto,regular,10,20bol3c_20211228_164225_4716201810_600_800.png,/scratch/parceirosbr/bigoilict/share/BigOil/document_generator/datasets/documents_2021_12_28/20bol3c_20211228_164225_4716201810_600_800.png,20bol3c_20211228_164225_4716201810_600_800_mask.png,O crescimento
31,5,63,11,55,726,118,737,55,726,118,726,118,737,55,737,text,footer,footer_1,roboto,regular,10,20bol3c_20211228_164225_4716201810_600_800.png,/scratch/parceirosbr/bigoilict/share/BigOil/document_generator/datasets/documents_2021_12_28/20bol3c_20211228_164225_4716201810_600_800.png,20bol3c_20211228_164225_4716201810_600_800_mask.png,nan
121,5,242,11,55,62,297,73,55,62,297,62,297,73,55,73,sub_line_text,figure_legend,figure_0,roboto,bold,9,20bol3c_20211228_164225_4716201810_600_800.png,/scratch/parceirosbr/bigoilict/share/BigOil/document_generator/datasets/documents_2021_12_28/20bol3c_20211228_164225_4716201810_600_800.png,20bol3c_20211228_164225_4716201810_600_800_mask.png,"Fig.  96:    utilizado),  observadas as irregularidades e volum-"
120,5,241,11,55,78,296,89,55,78,296,78,296,89,55,89,sub_line_text,figure_legend,figure_0,roboto,bold,9,20bol3c_20211228_164225_4716201810_600_800.png,/scratch/parceirosbr/bigoilict/share/BigOil/document_generator/datasets/documents_2021_12_28/20bol3c_20211228_164225_4716201810_600_800.png,20bol3c_20211228_164225_4716201810_600_800_mask.png,es  apontados  no  de c) caso seja comprovada a inviabilida-
118,5,236,11,55,94,291,105,55,94,291,94,291,105,55,105,sub_line_text,figure_legend,figure_0,roboto,bold,9,20bol3c_20211228_164225_4716201810_600_800.png,/scratch/parceirosbr/bigoilict/share/BigOil/document_generator/datasets/documents_2021_12_28/20bol3c_20211228_164225_4716201810_600_800.png,20bol3c_20211228_164225_4716201810_600_800_mask.png,"de de reprocessamento, o agente econômico poderá optar"
121,21,242,43,55,62,297,105,55,62,297,62,297,105,55,105,text,figure_legend,figure_0,roboto,bold,9,20bol3c_20211228_164225_4716201810_600_800.png,/scratch/parceirosbr/bigoilict/share/BigOil/document_generator/datasets/documents_2021_12_28/20bol3c_20211228_164225_4716201810_600_800.png,20bol3c_20211228_164225_4716201810_600_800_mask.png,nan
117,78,234,156,99,110,333,266,99,110,333,110,333,266,99,266,image,figure_image,figure_0,,,,20bol3c_20211228_164225_4716201810_600_800.png,/scratch/parceirosbr/bigoilict/share/BigOil/document_generator/datasets/documents_2021_12_28/20bol3c_20211228_164225_4716201810_600_800.png,20bol3c_20211228_164225_4716201810_600_800_mask.png,output/gen_img_20211228_164225_7158958258.png
13,3,27,7,281,225,308,232,281,227,308,225,308,230,281,232,text,figure_text,figure_0,,,,20bol3c_20211228_164225_4716201810_600_800.png,/scratch/parceirosbr/bigoilict/share/BigOil/document_generator/datasets/documents_2021_12_28/20bol3c_20211228_164225_4716201810_600_800.png,20bol3c_20211228_164225_4716201810_600_800_mask.png,-3920.1
13,3,27,7,281,225,308,232,281,227,308,225,308,230,281,232,sub_line_text,figure_text,figure_0,,,,20bol3c_20211228_164225_4716201810_600_800.png,/scratch/parceirosbr/bigoilict/share/BigOil/document_generator/datasets/documents_2021_12_28/20bol3c_20211228_164225_4716201810_600_800.png,20bol3c_20211228_164225_4716201810_600_800_mask.png,-3920.1
12,0,25,-1,167,163,192,162,167,157,193,163,192,168,165,162,text,figure_text,figure_0,,,,20bol3c_20211228_164225_4716201810_600_800.png,/scratch/parceirosbr/bigoilict/share/BigOil/document_generator/datasets/documents_2021_12_28/20bol3c_20211228_164225_4716201810_600_800.png,20bol3c_20211228_164225_4716201810_600_800_mask.png,-7683.1
12,0,25,-1,167,163,192,162,167,157,193,163,192,168,165,162,sub_line_text,figure_text,figure_0,,,,20bol3c_20211228_164225_4716201810_600_800.png,/scratch/parceirosbr/bigoilict/share/BigOil/document_generator/datasets/documents_2021_12_28/20bol3c_20211228_164225_4716201810_600_800.png,20bol3c_20211228_164225_4716201810_600_800_mask.png,-7683.1
16,0,33,-1,242,161,275,160,242,154,276,161,275,167,240,160,text,figure_text,figure_0,,,,20bol3c_20211228_164225_4716201810_600_800.png,/scratch/parceirosbr/bigoilict/share/BigOil/document_generator/datasets/documents_2021_12_28/20bol3c_20211228_164225_4716201810_600_800.png,20bol3c_20211228_164225_4716201810_600_800_mask.png,Data [KB]
16,0,33,-1,242,161,275,160,242,154,276,161,275,167,240,160,sub_line_text,figure_text,figure_0,,,,20bol3c_20211228_164225_4716201810_600_800.png,/scratch/parceirosbr/bigoilict/share/BigOil/document_generator/datasets/documents_2021_12_28/20bol3c_20211228_164225_4716201810_600_800.png,20bol3c_20211228_164225_4716201810_600_800_mask.png,Data [KB]
14,-4,29,-9,211,141,240,132,211,127,243,141,240,146,208,132,text,figure_text,figure_0,,,,20bol3c_20211228_164225_4716201810_600_800.png,/scratch/parceirosbr/bigoilict/share/BigOil/document_generator/datasets/documents_2021_12_28/20bol3c_20211228_164225_4716201810_600_800.png,20bol3c_20211228_164225_4716201810_600_800_mask.png,-4289.468
14,-4,29,-9,211,141,240,132,211,127,243,141,240,146,208,132,sub_line_text,figure_text,figure_0,,,,20bol3c_20211228_164225_4716201810_600_800.png,/scratch/parceirosbr/bigoilict/share/BigOil/document_generator/datasets/documents_2021_12_28/20bol3c_20211228_164225_4716201810_600_800.png,20bol3c_20211228_164225_4716201810_600_800_mask.png,-4289.468
7,-1,15,-3,247,250,262,247,247,242,264,250,262,255,244,247,text,figure_text,figure_0,,,,20bol3c_20211228_164225_4716201810_600_800.png,/scratch/parceirosbr/bigoilict/share/BigOil/document_generator/datasets/documents_2021_12_28/20bol3c_20211228_164225_4716201810_600_800.png,20bol3c_20211228_164225_4716201810_600_800_mask.png,-9139
7,-1,15,-3,247,250,262,247,247,242,264,250,262,255,244,247,sub_line_text,figure_text,figure_0,,,,20bol3c_20211228_164225_4716201810_600_800.png,/scratch/parceirosbr/bigoilict/share/BigOil/document_generator/datasets/documents_2021_12_28/20bol3c_20211228_164225_4716201810_600_800.png,20bol3c_20211228_164225_4716201810_600_800_mask.png,-9139
12,6,24,12,207,249,231,261,207,256,230,249,231,254,209,261,text,figure_text,figure_0,,,,20bol3c_20211228_164225_4716201810_600_800.png,/scratch/parceirosbr/bigoilict/share/BigOil/document_generator/datasets/documents_2021_12_28/20bol3c_20211228_164225_4716201810_600_800.png,20bol3c_20211228_164225_4716201810_600_800_mask.png,-2178%
12,6,24,12,207,249,231,261,207,256,230,249,231,254,209,261,sub_line_text,figure_text,figure_0,,,,20bol3c_20211228_164225_4716201810_600_800.png,/scratch/parceirosbr/bigoilict/share/BigOil/document_generator/datasets/documents_2021_12_28/20bol3c_20211228_164225_4716201810_600_800.png,20bol3c_20211228_164225_4716201810_600_800_mask.png,-2178%
76,40,152,80,55,273,207,353,55,273,207,273,207,353,55,353,list,list,list_1,roboto,roboto,10,20bol3c_20211228_164225_4716201810_600_800.png,/scratch/parceirosbr/bigoilict/share/BigOil/document_generator/datasets/documents_2021_12_28/20bol3c_20211228_164225_4716201810_600_800.png,20bol3c_20211228_164225_4716201810_600_800_mask.png,
34,6,68,12,55,273,123,285,55,273,123,273,123,285,55,285,sub_line_text,list,list_1,roboto,regular,10,20bol3c_20211228_164225_4716201810_600_800.png,/scratch/parceirosbr/bigoilict/share/BigOil/document_generator/datasets/documents_2021_12_28/20bol3c_20211228_164225_4716201810_600_800.png,20bol3c_20211228_164225_4716201810_600_800_mask.png,-  Outro fator é a
76,6,152,12,55,290,207,302,55,290,207,290,207,302,55,302,sub_line_text,list,list_1,roboto,regular,10,20bol3c_20211228_164225_4716201810_600_800.png,/scratch/parceirosbr/bigoilict/share/BigOil/document_generator/datasets/documents_2021_12_28/20bol3c_20211228_164225_4716201810_600_800.png,20bol3c_20211228_164225_4716201810_600_800_mask.png,-  Yemis         selecionaram         cinco
17,6,34,12,62,307,96,319,62,307,96,307,96,319,62,319,sub_line_text,list,list_1,roboto,regular,10,20bol3c_20211228_164225_4716201810_600_800.png,/scratch/parceirosbr/bigoilict/share/BigOil/document_generator/datasets/documents_2021_12_28/20bol3c_20211228_164225_4716201810_600_800.png,20bol3c_20211228_164225_4716201810_600_800_mask.png,tempos
73,6,147,12,55,324,202,336,55,324,202,324,202,336,55,336,sub_line_text,list,list_1,roboto,regular,10,20bol3c_20211228_164225_4716201810_600_800.png,/scratch/parceirosbr/bigoilict/share/BigOil/document_generator/datasets/documents_2021_12_28/20bol3c_20211228_164225_4716201810_600_800.png,20bol3c_20211228_164225_4716201810_600_800_mask.png,-  Esta exposição dos organismos
72,6,145,12,55,341,200,353,55,341,200,341,200,353,55,353,sub_line_text,list,list_1,roboto,regular,10,20bol3c_20211228_164225_4716201810_600_800.png,/scratch/parceirosbr/bigoilict/share/BigOil/document_generator/datasets/documents_2021_12_28/20bol3c_20211228_164225_4716201810_600_800.png,20bol3c_20211228_164225_4716201810_600_800_mask.png,"-  Para, gradualmente, aumentar o"
72,8,144,16,55,359,199,375,55,359,199,359,199,375,55,375,sub_line_text,subsubtitle,subsubtitle_0,roboto,bold,13,20bol3c_20211228_164225_4716201810_600_800.png,/scratch/parceirosbr/bigoilict/share/BigOil/document_generator/datasets/documents_2021_12_28/20bol3c_20211228_164225_4716201810_600_800.png,20bol3c_20211228_164225_4716201810_600_800_mask.png,Orientação geral adotada
52,6,105,12,55,381,160,393,55,381,160,381,160,393,55,393,list,list,list_2,roboto,roboto,13,20bol3c_20211228_164225_4716201810_600_800.png,/scratch/parceirosbr/bigoilict/share/BigOil/document_generator/datasets/documents_2021_12_28/20bol3c_20211228_164225_4716201810_600_800.png,20bol3c_20211228_164225_4716201810_600_800_mask.png,
72,8,144,16,55,359,199,375,55,359,199,359,199,375,55,375,title,subsubtitle,subsubtitle_0,roboto,bold,13,20bol3c_20211228_164225_4716201810_600_800.png,/scratch/parceirosbr/bigoilict/share/BigOil/document_generator/datasets/documents_2021_12_28/20bol3c_20211228_164225_4716201810_600_800.png,20bol3c_20211228_164225_4716201810_600_800_mask.png,nan
52,6,105,12,55,381,160,393,55,381,160,381,160,393,55,393,sub_line_text,list,list_2,roboto,regular,10,20bol3c_20211228_164225_4716201810_600_800.png,/scratch/parceirosbr/bigoilict/share/BigOil/document_generator/datasets/documents_2021_12_28/20bol3c_20211228_164225_4716201810_600_800.png,20bol3c_20211228_164225_4716201810_600_800_mask.png,-  Segundo o os critérios
68,6,136,12,69,399,205,411,69,399,205,399,205,411,69,411,sub_line_text,text,text_0,roboto,regular,10,20bol3c_20211228_164225_4716201810_600_800.png,/scratch/parceirosbr/bigoilict/share/BigOil/document_generator/datasets/documents_2021_12_28/20bol3c_20211228_164225_4716201810_600_800.png,20bol3c_20211228_164225_4716201810_600_800_mask.png,"A  seguir,  são apresentadas ca-"
75,6,150,12,55,416,205,428,55,416,205,416,205,428,55,428,sub_line_text,text,text_0,roboto,regular,10,20bol3c_20211228_164225_4716201810_600_800.png,/scratch/parceirosbr/bigoilict/share/BigOil/document_generator/datasets/documents_2021_12_28/20bol3c_20211228_164225_4716201810_600_800.png,20bol3c_20211228_164225_4716201810_600_800_mask.png,racterísticas   dos  limites  da  sequ-
75,6,150,12,55,433,205,445,55,433,205,433,205,445,55,445,sub_line_text,text,text_0,roboto,regular,10,20bol3c_20211228_164225_4716201810_600_800.png,/scratch/parceirosbr/bigoilict/share/BigOil/document_generator/datasets/documents_2021_12_28/20bol3c_20211228_164225_4716201810_600_800.png,20bol3c_20211228_164225_4716201810_600_800_mask.png,"ência    deposicional,    a   superfície"
74,6,149,12,55,450,204,462,55,450,204,450,204,462,55,462,sub_line_text,text,text_0,roboto,regular,10,20bol3c_20211228_164225_4716201810_600_800.png,/scratch/parceirosbr/bigoilict/share/BigOil/document_generator/datasets/documents_2021_12_28/20bol3c_20211228_164225_4716201810_600_800.png,20bol3c_20211228_164225_4716201810_600_800_mask.png,"de   inundação  máxima,  os  tratos"
75,6,150,12,55,467,205,479,55,467,205,467,205,479,55,479,sub_line_text,text,text_0,roboto,regular,10,20bol3c_20211228_164225_4716201810_600_800.png,/scratch/parceirosbr/bigoilict/share/BigOil/document_generator/datasets/documents_2021_12_28/20bol3c_20211228_164225_4716201810_600_800.png,20bol3c_20211228_164225_4716201810_600_800_mask.png,de sistemas e uma discussão dos.
75,40,150,80,55,399,205,479,55,399,205,399,205,479,55,479,text,text,text_0,roboto,regular,10,20bol3c_20211228_164225_4716201810_600_800.png,/scratch/parceirosbr/bigoilict/share/BigOil/document_generator/datasets/documents_2021_12_28/20bol3c_20211228_164225_4716201810_600_800.png,20bol3c_20211228_164225_4716201810_600_800_mask.png,nan
67,6,135,12,69,485,204,497,69,485,204,485,204,497,69,497,sub_line_text,text,text_1,roboto,regular,10,20bol3c_20211228_164225_4716201810_600_800.png,/scratch/parceirosbr/bigoilict/share/BigOil/document_generator/datasets/documents_2021_12_28/20bol3c_20211228_164225_4716201810_600_800.png,20bol3c_20211228_164225_4716201810_600_800_mask.png,O  além  de  gerar  valiosos dad-
74,6,149,12,55,502,204,514,55,502,204,502,204,514,55,514,sub_line_text,text,text_1,roboto,regular,10,20bol3c_20211228_164225_4716201810_600_800.png,/scratch/parceirosbr/bigoilict/share/BigOil/document_generator/datasets/documents_2021_12_28/20bol3c_20211228_164225_4716201810_600_800.png,20bol3c_20211228_164225_4716201810_600_800_mask.png,os  acerca  da qualidade dos princ-
74,6,149,12,55,519,204,531,55,519,204,519,204,531,55,531,sub_line_text,text,text_1,roboto,regular,10,20bol3c_20211228_164225_4716201810_600_800.png,/scratch/parceirosbr/bigoilict/share/BigOil/document_generator/datasets/documents_2021_12_28/20bol3c_20211228_164225_4716201810_600_800.png,20bol3c_20211228_164225_4716201810_600_800_mask.png,ipais   combustíveis   líquidos   aut-
75,6,150,12,55,536,205,548,55,536,205,536,205,548,55,548,sub_line_text,text,text_1,roboto,regular,10,20bol3c_20211228_164225_4716201810_600_800.png,/scratch/parceirosbr/bigoilict/share/BigOil/document_generator/datasets/documents_2021_12_28/20bol3c_20211228_164225_4716201810_600_800.png,20bol3c_20211228_164225_4716201810_600_800_mask.png,omotivos    comercializados   no   é
75,6,150,12,55,553,205,565,55,553,205,553,205,565,55,565,sub_line_text,text,text_1,roboto,regular,10,20bol3c_20211228_164225_4716201810_600_800.png,/scratch/parceirosbr/bigoilict/share/BigOil/document_generator/datasets/documents_2021_12_28/20bol3c_20211228_164225_4716201810_600_800.png,20bol3c_20211228_164225_4716201810_600_800_mask.png,um  importante  vetor  de  direcion-
74,6,148,12,55,570,203,582,55,570,203,570,203,582,55,582,sub_line_text,text,text_1,roboto,regular,10,20bol3c_20211228_164225_4716201810_600_800.png,/scratch/parceirosbr/bigoilict/share/BigOil/document_generator/datasets/documents_2021_12_28/20bol3c_20211228_164225_4716201810_600_800.png,20bol3c_20211228_164225_4716201810_600_800_mask.png,amento das ações de fiscalização.
75,48,150,97,55,485,205,582,55,485,205,485,205,582,55,582,text,text,text_1,roboto,regular,10,20bol3c_20211228_164225_4716201810_600_800.png,/scratch/parceirosbr/bigoilict/share/BigOil/document_generator/datasets/documents_2021_12_28/20bol3c_20211228_164225_4716201810_600_800.png,20bol3c_20211228_164225_4716201810_600_800_mask.png,nan
68,6,136,12,238,273,374,285,238,273,374,273,374,285,238,285,sub_line_text,text,text_2,roboto,regular,10,20bol3c_20211228_164225_4716201810_600_800.png,/scratch/parceirosbr/bigoilict/share/BigOil/document_generator/datasets/documents_2021_12_28/20bol3c_20211228_164225_4716201810_600_800.png,20bol3c_20211228_164225_4716201810_600_800_mask.png,"Dessa  forma,  passou-se  à  int-"
74,6,149,12,224,290,373,302,224,290,373,290,373,302,224,302,sub_line_text,text,text_2,roboto,regular,10,20bol3c_20211228_164225_4716201810_600_800.png,/scratch/parceirosbr/bigoilict/share/BigOil/document_generator/datasets/documents_2021_12_28/20bol3c_20211228_164225_4716201810_600_800.png,20bol3c_20211228_164225_4716201810_600_800_mask.png,ensificação    do    estabelecimento
74,6,149,12,224,307,373,319,224,307,373,307,373,319,224,319,sub_line_text,text,text_2,roboto,regular,10,20bol3c_20211228_164225_4716201810_600_800.png,/scratch/parceirosbr/bigoilict/share/BigOil/document_generator/datasets/documents_2021_12_28/20bol3c_20211228_164225_4716201810_600_800.png,20bol3c_20211228_164225_4716201810_600_800_mask.png,de   normas   obedecidas  não  por
74,6,149,12,224,324,373,336,224,324,373,324,373,336,224,336,sub_line_text,text,text_2,roboto,regular,10,20bol3c_20211228_164225_4716201810_600_800.png,/scratch/parceirosbr/bigoilict/share/BigOil/document_generator/datasets/documents_2021_12_28/20bol3c_20211228_164225_4716201810_600_800.png,20bol3c_20211228_164225_4716201810_600_800_mask.png,ação   coercitiva   de   um   governo
74,6,149,12,224,341,373,353,224,341,373,341,373,353,224,353,sub_line_text,text,text_2,roboto,regular,10,20bol3c_20211228_164225_4716201810_600_800.png,/scratch/parceirosbr/bigoilict/share/BigOil/document_generator/datasets/documents_2021_12_28/20bol3c_20211228_164225_4716201810_600_800.png,20bol3c_20211228_164225_4716201810_600_800_mask.png,"mundial,  mas aceitas por se cons-"
70,6,141,12,224,358,365,370,224,358,365,358,365,370,224,370,sub_line_text,text,text_2,roboto,regular,10,20bol3c_20211228_164225_4716201810_600_800.png,/scratch/parceirosbr/bigoilict/share/BigOil/document_generator/datasets/documents_2021_12_28/20bol3c_20211228_164225_4716201810_600_800.png,20bol3c_20211228_164225_4716201810_600_800_mask.png,tituírem em regras que surgiram.
75,48,150,97,224,273,374,370,224,273,374,273,374,370,224,370,text,text,text_2,roboto,regular,10,20bol3c_20211228_164225_4716201810_600_800.png,/scratch/parceirosbr/bigoilict/share/BigOil/document_generator/datasets/documents_2021_12_28/20bol3c_20211228_164225_4716201810_600_800.png,20bol3c_20211228_164225_4716201810_600_800_mask.png,nan
68,6,136,12,238,376,374,388,238,376,374,376,374,388,238,388,sub_line_text,text,text_3,roboto,regular,10,20bol3c_20211228_164225_4716201810_600_800.png,/scratch/parceirosbr/bigoilict/share/BigOil/document_generator/datasets/documents_2021_12_28/20bol3c_20211228_164225_4716201810_600_800.png,20bol3c_20211228_164225_4716201810_600_800_mask.png,A  mesma  metodologia  aplica-
74,6,149,12,224,393,373,405,224,393,373,393,373,405,224,405,sub_line_text,text,text_3,roboto,regular,10,20bol3c_20211228_164225_4716201810_600_800.png,/scratch/parceirosbr/bigoilict/share/BigOil/document_generator/datasets/documents_2021_12_28/20bol3c_20211228_164225_4716201810_600_800.png,20bol3c_20211228_164225_4716201810_600_800_mask.png,da  anteriormente  foi  utilizada  pa-
75,6,150,12,224,410,374,422,224,410,374,410,374,422,224,422,sub_line_text,text,text_3,roboto,regular,10,20bol3c_20211228_164225_4716201810_600_800.png,/scratch/parceirosbr/bigoilict/share/BigOil/document_generator/datasets/documents_2021_12_28/20bol3c_20211228_164225_4716201810_600_800.png,20bol3c_20211228_164225_4716201810_600_800_mask.png,ra  o  caso  de  uma distância de 20
75,6,150,12,224,427,374,439,224,427,374,427,374,439,224,439,sub_line_text,text,text_3,roboto,regular,10,20bol3c_20211228_164225_4716201810_600_800.png,/scratch/parceirosbr/bigoilict/share/BigOil/document_generator/datasets/documents_2021_12_28/20bol3c_20211228_164225_4716201810_600_800.png,20bol3c_20211228_164225_4716201810_600_800_mask.png,metros  entre  a  plataforma  e  a ca-
74,6,149,12,224,444,373,456,224,444,373,444,373,456,224,456,sub_line_text,text,text_3,roboto,regular,10,20bol3c_20211228_164225_4716201810_600_800.png,/scratch/parceirosbr/bigoilict/share/BigOil/document_generator/datasets/documents_2021_12_28/20bol3c_20211228_164225_4716201810_600_800.png,20bol3c_20211228_164225_4716201810_600_800_mask.png,"beça   do  poço,  na  direção  sway."
74,6,149,12,224,461,373,473,224,461,373,461,373,473,224,473,sub_line_text,text,text_3,roboto,regular,10,20bol3c_20211228_164225_4716201810_600_800.png,/scratch/parceirosbr/bigoilict/share/BigOil/document_generator/datasets/documents_2021_12_28/20bol3c_20211228_164225_4716201810_600_800.png,20bol3c_20211228_164225_4716201810_600_800_mask.png,Pode  se  dizer  que  a aplicação do
76,101,152,202,224,496,376,698,224,496,376,496,376,698,224,698,list,list,list_3,roboto,roboto,10,20bol3c_20211228_164225_4716201810_600_800.png,/scratch/parceirosbr/bigoilict/share/BigOil/document_generator/datasets/documents_2021_12_28/20bol3c_20211228_164225_4716201810_600_800.png,20bol3c_20211228_164225_4716201810_600_800_mask.png,
72,6,145,12,224,478,369,490,224,478,369,478,369,490,224,490,sub_line_text,text,text_3,roboto,regular,10,20bol3c_20211228_164225_4716201810_600_800.png,/scratch/parceirosbr/bigoilict/share/BigOil/document_generator/datasets/documents_2021_12_28/20bol3c_20211228_164225_4716201810_600_800.png,20bol3c_20211228_164225_4716201810_600_800_mask.png,método do recomenda uma qua.
75,57,150,114,224,376,374,490,224,376,374,376,374,490,224,490,text,text,text_3,roboto,regular,10,20bol3c_20211228_164225_4716201810_600_800.png,/scratch/parceirosbr/bigoilict/share/BigOil/document_generator/datasets/documents_2021_12_28/20bol3c_20211228_164225_4716201810_600_800.png,20bol3c_20211228_164225_4716201810_600_800_mask.png,nan
38,6,76,12,224,496,300,508,224,496,300,496,300,508,224,508,sub_line_text,list,list_3,roboto,regular,10,20bol3c_20211228_164225_4716201810_600_800.png,/scratch/parceirosbr/bigoilict/share/BigOil/document_generator/datasets/documents_2021_12_28/20bol3c_20211228_164225_4716201810_600_800.png,20bol3c_20211228_164225_4716201810_600_800_mask.png,"-  De acordo com,"
72,6,144,12,224,513,368,525,224,513,368,513,368,525,224,525,sub_line_text,list,list_3,roboto,regular,10,20bol3c_20211228_164225_4716201810_600_800.png,/scratch/parceirosbr/bigoilict/share/BigOil/document_generator/datasets/documents_2021_12_28/20bol3c_20211228_164225_4716201810_600_800.png,20bol3c_20211228_164225_4716201810_600_800_mask.png,"-  Estes estudos visam, em última"
52,6,105,12,224,530,329,542,224,530,329,530,329,542,224,542,sub_line_text,list,list_3,roboto,regular,10,20bol3c_20211228_164225_4716201810_600_800.png,/scratch/parceirosbr/bigoilict/share/BigOil/document_generator/datasets/documents_2021_12_28/20bol3c_20211228_164225_4716201810_600_800.png,20bol3c_20211228_164225_4716201810_600_800_mask.png,-  Os principais métodos
64,6,129,12,224,547,353,559,224,547,353,547,353,559,224,559,sub_line_text,list,list_3,roboto,regular,10,20bol3c_20211228_164225_4716201810_600_800.png,/scratch/parceirosbr/bigoilict/share/BigOil/document_generator/datasets/documents_2021_12_28/20bol3c_20211228_164225_4716201810_600_800.png,20bol3c_20211228_164225_4716201810_600_800_mask.png,-  A gasolina tem apresentado
51,6,102,12,224,564,326,576,224,564,326,564,326,576,224,576,sub_line_text,list,list_3,roboto,regular,10,20bol3c_20211228_164225_4716201810_600_800.png,/scratch/parceirosbr/bigoilict/share/BigOil/document_generator/datasets/documents_2021_12_28/20bol3c_20211228_164225_4716201810_600_800.png,20bol3c_20211228_164225_4716201810_600_800_mask.png,-  A crescente demanda
72,6,144,12,224,582,368,594,224,582,368,582,368,594,224,594,sub_line_text,list,list_3,roboto,regular,10,20bol3c_20211228_164225_4716201810_600_800.png,/scratch/parceirosbr/bigoilict/share/BigOil/document_generator/datasets/documents_2021_12_28/20bol3c_20211228_164225_4716201810_600_800.png,20bol3c_20211228_164225_4716201810_600_800_mask.png,"-  Sendo assim, toda política deve"
45,6,90,12,224,600,314,612,224,600,314,600,314,612,224,612,sub_line_text,list,list_3,roboto,regular,10,20bol3c_20211228_164225_4716201810_600_800.png,/scratch/parceirosbr/bigoilict/share/BigOil/document_generator/datasets/documents_2021_12_28/20bol3c_20211228_164225_4716201810_600_800.png,20bol3c_20211228_164225_4716201810_600_800_mask.png,-  Possui a vantagem
75,6,150,12,224,617,374,629,224,617,374,617,374,629,224,629,sub_line_text,list,list_3,roboto,regular,10,20bol3c_20211228_164225_4716201810_600_800.png,/scratch/parceirosbr/bigoilict/share/BigOil/document_generator/datasets/documents_2021_12_28/20bol3c_20211228_164225_4716201810_600_800.png,20bol3c_20211228_164225_4716201810_600_800_mask.png,-  Proteínas da soja foram extraídas
76,6,152,12,224,634,376,646,224,634,376,634,376,646,224,646,sub_line_text,list,list_3,roboto,regular,10,20bol3c_20211228_164225_4716201810_600_800.png,/scratch/parceirosbr/bigoilict/share/BigOil/document_generator/datasets/documents_2021_12_28/20bol3c_20211228_164225_4716201810_600_800.png,20bol3c_20211228_164225_4716201810_600_800_mask.png,"-  O     também    merece    destaque,"
20,6,40,12,231,651,271,663,231,651,271,651,271,663,231,663,sub_line_text,list,list_3,roboto,regular,10,20bol3c_20211228_164225_4716201810_600_800.png,/scratch/parceirosbr/bigoilict/share/BigOil/document_generator/datasets/documents_2021_12_28/20bol3c_20211228_164225_4716201810_600_800.png,20bol3c_20211228_164225_4716201810_600_800_mask.png,com taxa
54,6,108,12,224,668,332,680,224,668,332,668,332,680,224,680,sub_line_text,list,list_3,roboto,regular,10,20bol3c_20211228_164225_4716201810_600_800.png,/scratch/parceirosbr/bigoilict/share/BigOil/document_generator/datasets/documents_2021_12_28/20bol3c_20211228_164225_4716201810_600_800.png,20bol3c_20211228_164225_4716201810_600_800_mask.png,-  A iniciativa abre espaço
44,6,89,12,224,686,313,698,224,686,313,686,313,698,224,698,sub_line_text,list,list_3,roboto,regular,10,20bol3c_20211228_164225_4716201810_600_800.png,/scratch/parceirosbr/bigoilict/share/BigOil/document_generator/datasets/documents_2021_12_28/20bol3c_20211228_164225_4716201810_600_800.png,20bol3c_20211228_164225_4716201810_600_800_mask.png,-  Para avaliar o efeito
67,6,135,12,407,62,542,74,407,62,542,62,542,74,407,74,sub_line_text,text,text_4,roboto,regular,10,20bol3c_20211228_164225_4716201810_600_800.png,/scratch/parceirosbr/bigoilict/share/BigOil/document_generator/datasets/documents_2021_12_28/20bol3c_20211228_164225_4716201810_600_800.png,20bol3c_20211228_164225_4716201810_600_800_mask.png,Como    podemos   ver   através
75,6,150,12,393,79,543,91,393,79,543,79,543,91,393,91,sub_line_text,text,text_4,roboto,regular,10,20bol3c_20211228_164225_4716201810_600_800.png,/scratch/parceirosbr/bigoilict/share/BigOil/document_generator/datasets/documents_2021_12_28/20bol3c_20211228_164225_4716201810_600_800.png,20bol3c_20211228_164225_4716201810_600_800_mask.png,da  microscopia as dimensões rea-
74,6,149,12,393,96,542,108,393,96,542,96,542,108,393,108,sub_line_text,text,text_4,roboto,regular,10,20bol3c_20211228_164225_4716201810_600_800.png,/scratch/parceirosbr/bigoilict/share/BigOil/document_generator/datasets/documents_2021_12_28/20bol3c_20211228_164225_4716201810_600_800.png,20bol3c_20211228_164225_4716201810_600_800_mask.png,is  são  um pouco menores que as
75,6,150,12,393,113,543,125,393,113,543,113,543,125,393,125,sub_line_text,text,text_4,roboto,regular,10,20bol3c_20211228_164225_4716201810_600_800.png,/scratch/parceirosbr/bigoilict/share/BigOil/document_generator/datasets/documents_2021_12_28/20bol3c_20211228_164225_4716201810_600_800.png,20bol3c_20211228_164225_4716201810_600_800_mask.png,da  máscara.  Comparando  as  cu-
75,6,150,12,393,130,543,142,393,130,543,130,543,142,393,142,sub_line_text,text,text_4,roboto,regular,10,20bol3c_20211228_164225_4716201810_600_800.png,/scratch/parceirosbr/bigoilict/share/BigOil/document_generator/datasets/documents_2021_12_28/20bol3c_20211228_164225_4716201810_600_800.png,20bol3c_20211228_164225_4716201810_600_800_mask.png,"rvas,   nota-se   amesma  tendência"
75,6,151,12,393,147,544,159,393,147,544,147,544,159,393,159,sub_line_text,text,text_4,roboto,regular,10,20bol3c_20211228_164225_4716201810_600_800.png,/scratch/parceirosbr/bigoilict/share/BigOil/document_generator/datasets/documents_2021_12_28/20bol3c_20211228_164225_4716201810_600_800.png,20bol3c_20211228_164225_4716201810_600_800_mask.png,em  ambas com uma boa aderênc-
75,6,150,12,393,164,543,176,393,164,543,164,543,176,393,176,sub_line_text,text,text_4,roboto,regular,10,20bol3c_20211228_164225_4716201810_600_800.png,/scratch/parceirosbr/bigoilict/share/BigOil/document_generator/datasets/documents_2021_12_28/20bol3c_20211228_164225_4716201810_600_800.png,20bol3c_20211228_164225_4716201810_600_800_mask.png,ia.  A  pagaria  uma  única taxa para
75,6,150,12,393,181,543,193,393,181,543,181,543,193,393,193,sub_line_text,text,text_4,roboto,regular,10,20bol3c_20211228_164225_4716201810_600_800.png,/scratch/parceirosbr/bigoilict/share/BigOil/document_generator/datasets/documents_2021_12_28/20bol3c_20211228_164225_4716201810_600_800.png,20bol3c_20211228_164225_4716201810_600_800_mask.png,a   cobertura   dos  lucros  e  custos
73,6,147,12,393,198,540,210,393,198,540,198,540,210,393,210,sub_line_text,text,text_4,roboto,regular,10,20bol3c_20211228_164225_4716201810_600_800.png,/scratch/parceirosbr/bigoilict/share/BigOil/document_generator/datasets/documents_2021_12_28/20bol3c_20211228_164225_4716201810_600_800.png,20bol3c_20211228_164225_4716201810_600_800_mask.png,"de operação e capital, para um vo."
75,74,151,148,393,62,544,210,393,62,544,62,544,210,393,210,text,text,text_4,roboto,regular,10,20bol3c_20211228_164225_4716201810_600_800.png,/scratch/parceirosbr/bigoilict/share/BigOil/document_generator/datasets/documents_2021_12_28/20bol3c_20211228_164225_4716201810_600_800.png,20bol3c_20211228_164225_4716201810_600_800_mask.png,nan
68,6,136,12,407,216,543,228,407,216,543,216,543,228,407,228,sub_line_text,text,text_5,roboto,regular,10,20bol3c_20211228_164225_4716201810_600_800.png,/scratch/parceirosbr/bigoilict/share/BigOil/document_generator/datasets/documents_2021_12_28/20bol3c_20211228_164225_4716201810_600_800.png,20bol3c_20211228_164225_4716201810_600_800_mask.png,Para   o   cálculo  da  fugacidade
75,6,150,12,393,233,543,245,393,233,543,233,543,245,393,245,sub_line_text,text,text_5,roboto,regular,10,20bol3c_20211228_164225_4716201810_600_800.png,/scratch/parceirosbr/bigoilict/share/BigOil/document_generator/datasets/documents_2021_12_28/20bol3c_20211228_164225_4716201810_600_800.png,20bol3c_20211228_164225_4716201810_600_800_mask.png,"da  fase  líquida,  existem duas alte-"
74,6,149,12,393,250,542,262,393,250,542,250,542,262,393,262,sub_line_text,text,text_5,roboto,regular,10,20bol3c_20211228_164225_4716201810_600_800.png,/scratch/parceirosbr/bigoilict/share/BigOil/document_generator/datasets/documents_2021_12_28/20bol3c_20211228_164225_4716201810_600_800.png,20bol3c_20211228_164225_4716201810_600_800_mask.png,rnativas:  uma  baseada no concei-
76,150,153,300,393,302,546,602,393,302,546,302,546,602,393,602,list,list,list_4,roboto,roboto,10,20bol3c_20211228_164225_4716201810_600_800.png,/scratch/parceirosbr/bigoilict/share/BigOil/document_generator/datasets/documents_2021_12_28/20bol3c_20211228_164225_4716201810_600_800.png,20bol3c_20211228_164225_4716201810_600_800_mask.png,
74,6,149,12,393,267,542,279,393,267,542,267,542,279,393,279,sub_line_text,text,text_5,roboto,regular,10,20bol3c_20211228_164225_4716201810_600_800.png,/scratch/parceirosbr/bigoilict/share/BigOil/document_generator/datasets/documents_2021_12_28/20bol3c_20211228_164225_4716201810_600_800.png,20bol3c_20211228_164225_4716201810_600_800_mask.png,"to  de  atividade, mostrado na equ-"
71,6,143,12,393,284,536,296,393,284,536,284,536,296,393,296,sub_line_text,text,text_5,roboto,regular,10,20bol3c_20211228_164225_4716201810_600_800.png,/scratch/parceirosbr/bigoilict/share/BigOil/document_generator/datasets/documents_2021_12_28/20bol3c_20211228_164225_4716201810_600_800.png,20bol3c_20211228_164225_4716201810_600_800_mask.png,"ação (5a), e outra baseada no fat."
75,40,150,80,393,216,543,296,393,216,543,216,543,296,393,296,text,text,text_5,roboto,regular,10,20bol3c_20211228_164225_4716201810_600_800.png,/scratch/parceirosbr/bigoilict/share/BigOil/document_generator/datasets/documents_2021_12_28/20bol3c_20211228_164225_4716201810_600_800.png,20bol3c_20211228_164225_4716201810_600_800_mask.png,nan
76,6,152,12,393,302,545,314,393,302,545,302,545,314,393,314,sub_line_text,list,list_4,roboto,regular,10,20bol3c_20211228_164225_4716201810_600_800.png,/scratch/parceirosbr/bigoilict/share/BigOil/document_generator/datasets/documents_2021_12_28/20bol3c_20211228_164225_4716201810_600_800.png,20bol3c_20211228_164225_4716201810_600_800_mask.png,-  Com      esses     parâmetros     são
20,6,41,12,400,319,441,331,400,319,441,319,441,331,400,331,sub_line_text,list,list_4,roboto,regular,10,20bol3c_20211228_164225_4716201810_600_800.png,/scratch/parceirosbr/bigoilict/share/BigOil/document_generator/datasets/documents_2021_12_28/20bol3c_20211228_164225_4716201810_600_800.png,20bol3c_20211228_164225_4716201810_600_800_mask.png,definidos
57,6,115,12,393,335,508,347,393,335,508,335,508,347,393,347,sub_line_text,list,list_4,roboto,regular,10,20bol3c_20211228_164225_4716201810_600_800.png,/scratch/parceirosbr/bigoilict/share/BigOil/document_generator/datasets/documents_2021_12_28/20bol3c_20211228_164225_4716201810_600_800.png,20bol3c_20211228_164225_4716201810_600_800_mask.png,"-  Possui magua 0, 198 e o"
64,6,129,12,393,351,522,363,393,351,522,351,522,363,393,363,sub_line_text,list,list_4,roboto,regular,10,20bol3c_20211228_164225_4716201810_600_800.png,/scratch/parceirosbr/bigoilict/share/BigOil/document_generator/datasets/documents_2021_12_28/20bol3c_20211228_164225_4716201810_600_800.png,20bol3c_20211228_164225_4716201810_600_800_mask.png,-  Combustíveis não oriundos
76,6,153,12,393,369,546,381,393,369,546,369,546,381,393,381,sub_line_text,list,list_4,roboto,regular,10,20bol3c_20211228_164225_4716201810_600_800.png,/scratch/parceirosbr/bigoilict/share/BigOil/document_generator/datasets/documents_2021_12_28/20bol3c_20211228_164225_4716201810_600_800.png,20bol3c_20211228_164225_4716201810_600_800_mask.png,"-  Das    denúncias   recebidas,   88%"
20,6,40,12,400,386,440,398,400,386,440,386,440,398,400,398,sub_line_text,list,list_4,roboto,regular,10,20bol3c_20211228_164225_4716201810_600_800.png,/scratch/parceirosbr/bigoilict/share/BigOil/document_generator/datasets/documents_2021_12_28/20bol3c_20211228_164225_4716201810_600_800.png,20bol3c_20211228_164225_4716201810_600_800_mask.png,disseram
42,6,84,12,393,402,477,414,393,402,477,402,477,414,393,414,sub_line_text,list,list_4,roboto,regular,10,20bol3c_20211228_164225_4716201810_600_800.png,/scratch/parceirosbr/bigoilict/share/BigOil/document_generator/datasets/documents_2021_12_28/20bol3c_20211228_164225_4716201810_600_800.png,20bol3c_20211228_164225_4716201810_600_800_mask.png,-  O ataque químico
55,6,110,12,393,418,503,430,393,418,503,418,503,430,393,430,sub_line_text,list,list_4,roboto,regular,10,20bol3c_20211228_164225_4716201810_600_800.png,/scratch/parceirosbr/bigoilict/share/BigOil/document_generator/datasets/documents_2021_12_28/20bol3c_20211228_164225_4716201810_600_800.png,20bol3c_20211228_164225_4716201810_600_800_mask.png,-  Os critérios de avaliação
43,6,86,12,393,436,479,448,393,436,479,436,479,448,393,448,sub_line_text,list,list_4,roboto,regular,10,20bol3c_20211228_164225_4716201810_600_800.png,/scratch/parceirosbr/bigoilict/share/BigOil/document_generator/datasets/documents_2021_12_28/20bol3c_20211228_164225_4716201810_600_800.png,20bol3c_20211228_164225_4716201810_600_800_mask.png,-  A 1.6 mostra uma
68,6,136,12,393,453,529,465,393,453,529,453,529,465,393,465,sub_line_text,list,list_4,roboto,regular,10,20bol3c_20211228_164225_4716201810_600_800.png,/scratch/parceirosbr/bigoilict/share/BigOil/document_generator/datasets/documents_2021_12_28/20bol3c_20211228_164225_4716201810_600_800.png,20bol3c_20211228_164225_4716201810_600_800_mask.png,-  As medidas tomadas durante
73,6,147,12,393,470,540,482,393,470,540,470,540,482,393,482,sub_line_text,list,list_4,roboto,regular,10,20bol3c_20211228_164225_4716201810_600_800.png,/scratch/parceirosbr/bigoilict/share/BigOil/document_generator/datasets/documents_2021_12_28/20bol3c_20211228_164225_4716201810_600_800.png,20bol3c_20211228_164225_4716201810_600_800_mask.png,-  Devido a intensa erosão costeira
67,6,134,12,393,487,527,499,393,487,527,487,527,499,393,499,sub_line_text,list,list_4,roboto,regular,10,20bol3c_20211228_164225_4716201810_600_800.png,/scratch/parceirosbr/bigoilict/share/BigOil/document_generator/datasets/documents_2021_12_28/20bol3c_20211228_164225_4716201810_600_800.png,20bol3c_20211228_164225_4716201810_600_800_mask.png,"-  Por outro lado, o conjunto de"
25,6,51,12,393,504,444,516,393,504,444,504,444,516,393,516,sub_line_text,list,list_4,roboto,regular,10,20bol3c_20211228_164225_4716201810_600_800.png,/scratch/parceirosbr/bigoilict/share/BigOil/document_generator/datasets/documents_2021_12_28/20bol3c_20211228_164225_4716201810_600_800.png,20bol3c_20211228_164225_4716201810_600_800_mask.png,-  No que se
55,6,111,12,393,522,504,534,393,522,504,522,504,534,393,534,sub_line_text,list,list_4,roboto,regular,10,20bol3c_20211228_164225_4716201810_600_800.png,/scratch/parceirosbr/bigoilict/share/BigOil/document_generator/datasets/documents_2021_12_28/20bol3c_20211228_164225_4716201810_600_800.png,20bol3c_20211228_164225_4716201810_600_800_mask.png,"-  However, the limitations"
65,6,130,12,393,539,523,551,393,539,523,539,523,551,393,551,sub_line_text,list,list_4,roboto,regular,10,20bol3c_20211228_164225_4716201810_600_800.png,/scratch/parceirosbr/bigoilict/share/BigOil/document_generator/datasets/documents_2021_12_28/20bol3c_20211228_164225_4716201810_600_800.png,20bol3c_20211228_164225_4716201810_600_800_mask.png,-  P60C18 está relacionado ao
30,6,61,12,393,556,454,568,393,556,454,556,454,568,393,568,sub_line_text,list,list_4,roboto,regular,10,20bol3c_20211228_164225_4716201810_600_800.png,/scratch/parceirosbr/bigoilict/share/BigOil/document_generator/datasets/documents_2021_12_28/20bol3c_20211228_164225_4716201810_600_800.png,20bol3c_20211228_164225_4716201810_600_800_mask.png,-  A 33 taxa de
67,6,135,12,393,573,528,585,393,573,528,573,528,585,393,585,sub_line_text,list,list_4,roboto,regular,10,20bol3c_20211228_164225_4716201810_600_800.png,/scratch/parceirosbr/bigoilict/share/BigOil/document_generator/datasets/documents_2021_12_28/20bol3c_20211228_164225_4716201810_600_800.png,20bol3c_20211228_164225_4716201810_600_800_mask.png,-  Esse valor é conhecido como
25,6,51,12,393,590,444,602,393,590,444,590,444,602,393,602,sub_line_text,list,list_4,roboto,regular,10,20bol3c_20211228_164225_4716201810_600_800.png,/scratch/parceirosbr/bigoilict/share/BigOil/document_generator/datasets/documents_2021_12_28/20bol3c_20211228_164225_4716201810_600_800.png,20bol3c_20211228_164225_4716201810_600_800_mask.png,-  O objetivo
68,6,136,12,407,608,543,620,407,608,543,608,543,620,407,620,sub_line_text,text,text_6,roboto,regular,10,20bol3c_20211228_164225_4716201810_600_800.png,/scratch/parceirosbr/bigoilict/share/BigOil/document_generator/datasets/documents_2021_12_28/20bol3c_20211228_164225_4716201810_600_800.png,20bol3c_20211228_164225_4716201810_600_800_mask.png,"A1,  sem  antibiótico,  seriam ig-"
74,6,149,12,393,625,542,637,393,625,542,625,542,637,393,637,sub_line_text,text,text_6,roboto,regular,10,20bol3c_20211228_164225_4716201810_600_800.png,/scratch/parceirosbr/bigoilict/share/BigOil/document_generator/datasets/documents_2021_12_28/20bol3c_20211228_164225_4716201810_600_800.png,20bol3c_20211228_164225_4716201810_600_800_mask.png,uais  aos  obtidos  com  beijerinckii
74,6,149,12,393,642,542,654,393,642,542,642,542,654,393,654,sub_line_text,text,text_6,roboto,regular,10,20bol3c_20211228_164225_4716201810_600_800.png,/scratch/parceirosbr/bigoilict/share/BigOil/document_generator/datasets/documents_2021_12_28/20bol3c_20211228_164225_4716201810_600_800.png,20bol3c_20211228_164225_4716201810_600_800_mask.png,791.  144.  A renovação dos cont-
74,6,149,12,393,659,542,671,393,659,542,659,542,671,393,671,sub_line_text,text,text_6,roboto,regular,10,20bol3c_20211228_164225_4716201810_600_800.png,/scratch/parceirosbr/bigoilict/share/BigOil/document_generator/datasets/documents_2021_12_28/20bol3c_20211228_164225_4716201810_600_800.png,20bol3c_20211228_164225_4716201810_600_800_mask.png,ratos  por  um  período adicional v-
71,6,142,12,393,676,535,688,393,676,535,676,535,688,393,688,sub_line_text,text,text_6,roboto,regular,10,20bol3c_20211228_164225_4716201810_600_800.png,/scratch/parceirosbr/bigoilict/share/BigOil/document_generator/datasets/documents_2021_12_28/20bol3c_20211228_164225_4716201810_600_800.png,20bol3c_20211228_164225_4716201810_600_800_mask.png,iabiliza a realização de novos inv.
75,40,150,80,393,608,543,688,393,608,543,608,543,688,393,688,text,text,text_6,roboto,regular,10,20bol3c_20211228_164225_4716201810_600_800.png,/scratch/parceirosbr/bigoilict/share/BigOil/document_generator/datasets/documents_2021_12_28/20bol3c_20211228_164225_4716201810_600_800.png,20bol3c_20211228_164225_4716201810_600_800_mask.png,nan
