center_x,center_y,width,height,xmin,ymin,xmax,ymax,top_left_x,top_left_y,top_right_x,top_right_y,bottom_right_x,bottom_right_y,bottom_left_x,bottom_left_y,label,grouplabel,group,text_font,text_style,size_font,filename,path,filename_mask,content
300,400,600,800,0,0,600,800,0,0,600,0,600,800,0,800,document,,,,,,20bol3c_20211228_164221_7630354880_600_800.png,/scratch/parceirosbr/bigoilict/share/BigOil/document_generator/datasets/documents_2021_12_28/20bol3c_20211228_164221_7630354880_600_800.png,20bol3c_20211228_164221_7630354880_600_800_mask.png,
247,0,495,1,72,747,567,748,72,747,567,747,567,748,72,748,line,line,line,,,,20bol3c_20211228_164221_7630354880_600_800.png,/scratch/parceirosbr/bigoilict/share/BigOil/document_generator/datasets/documents_2021_12_28/20bol3c_20211228_164221_7630354880_600_800.png,20bol3c_20211228_164221_7630354880_600_800_mask.png,nan
5,5,10,10,72,747,82,757,72,747,82,747,82,757,72,757,sub_line_text,numpag,footer_1,roboto,regular,9,20bol3c_20211228_164221_7630354880_600_800.png,/scratch/parceirosbr/bigoilict/share/BigOil/document_generator/datasets/documents_2021_12_28/20bol3c_20211228_164221_7630354880_600_800.png,20bol3c_20211228_164221_7630354880_600_800_mask.png,32
5,5,10,10,72,747,82,757,72,747,82,747,82,757,72,757,text,numpag,footer_1,roboto,regular,9,20bol3c_20211228_164221_7630354880_600_800.png,/scratch/parceirosbr/bigoilict/share/BigOil/document_generator/datasets/documents_2021_12_28/20bol3c_20211228_164221_7630354880_600_800.png,20bol3c_20211228_164221_7630354880_600_800_mask.png,nan
48,5,96,10,470,747,566,757,470,747,566,747,566,757,470,757,sub_line_text,footer,footer_1,roboto,regular,9,20bol3c_20211228_164221_7630354880_600_800.png,/scratch/parceirosbr/bigoilict/share/BigOil/document_generator/datasets/documents_2021_12_28/20bol3c_20211228_164221_7630354880_600_800.png,20bol3c_20211228_164221_7630354880_600_800_mask.png,Page 12√çNdiCeeditorial1
48,5,96,10,470,747,566,757,470,747,566,747,566,757,470,757,text,footer,footer_1,roboto,regular,9,20bol3c_20211228_164221_7630354880_600_800.png,/scratch/parceirosbr/bigoilict/share/BigOil/document_generator/datasets/documents_2021_12_28/20bol3c_20211228_164221_7630354880_600_800.png,20bol3c_20211228_164221_7630354880_600_800_mask.png,nan
116,77,232,154,72,88,304,242,72,88,304,88,304,242,72,242,image,figure_image,figure_0,,,,20bol3c_20211228_164221_7630354880_600_800.png,/scratch/parceirosbr/bigoilict/share/BigOil/document_generator/datasets/documents_2021_12_28/20bol3c_20211228_164221_7630354880_600_800.png,20bol3c_20211228_164221_7630354880_600_800_mask.png,output/gen_img_20211228_164221_2528393261.png
2,15,4,31,110,146,114,177,110,177,110,146,114,146,114,177,text,figure_text,figure_0,,,,20bol3c_20211228_164221_7630354880_600_800.png,/scratch/parceirosbr/bigoilict/share/BigOil/document_generator/datasets/documents_2021_12_28/20bol3c_20211228_164221_7630354880_600_800.png,20bol3c_20211228_164221_7630354880_600_800_mask.png,Production
2,15,4,31,110,146,114,177,110,177,110,146,114,146,114,177,sub_line_text,figure_text,figure_0,,,,20bol3c_20211228_164221_7630354880_600_800.png,/scratch/parceirosbr/bigoilict/share/BigOil/document_generator/datasets/documents_2021_12_28/20bol3c_20211228_164221_7630354880_600_800.png,20bol3c_20211228_164221_7630354880_600_800_mask.png,Production
6,17,12,34,73,119,85,153,73,152,80,119,85,119,78,153,text,figure_text,figure_0,,,,20bol3c_20211228_164221_7630354880_600_800.png,/scratch/parceirosbr/bigoilict/share/BigOil/document_generator/datasets/documents_2021_12_28/20bol3c_20211228_164221_7630354880_600_800.png,20bol3c_20211228_164221_7630354880_600_800_mask.png,Volume (KB)
6,17,12,34,73,119,85,153,73,152,80,119,85,119,78,153,sub_line_text,figure_text,figure_0,,,,20bol3c_20211228_164221_7630354880_600_800.png,/scratch/parceirosbr/bigoilict/share/BigOil/document_generator/datasets/documents_2021_12_28/20bol3c_20211228_164221_7630354880_600_800.png,20bol3c_20211228_164221_7630354880_600_800_mask.png,Volume (KB)
7,15,15,31,172,131,187,162,172,160,182,131,187,133,177,162,text,figure_text,figure_0,,,,20bol3c_20211228_164221_7630354880_600_800.png,/scratch/parceirosbr/bigoilict/share/BigOil/document_generator/datasets/documents_2021_12_28/20bol3c_20211228_164221_7630354880_600_800.png,20bol3c_20211228_164221_7630354880_600_800_mask.png,Level [kw]
7,15,15,31,172,131,187,162,172,160,182,131,187,133,177,162,sub_line_text,figure_text,figure_0,,,,20bol3c_20211228_164221_7630354880_600_800.png,/scratch/parceirosbr/bigoilict/share/BigOil/document_generator/datasets/documents_2021_12_28/20bol3c_20211228_164221_7630354880_600_800.png,20bol3c_20211228_164221_7630354880_600_800_mask.png,Level [kw]
2,14,4,28,202,196,206,224,202,224,202,196,206,196,206,224,text,figure_text,figure_0,,,,20bol3c_20211228_164221_7630354880_600_800.png,/scratch/parceirosbr/bigoilict/share/BigOil/document_generator/datasets/documents_2021_12_28/20bol3c_20211228_164221_7630354880_600_800.png,20bol3c_20211228_164221_7630354880_600_800_mask.png,-6338.459
2,14,4,28,202,196,206,224,202,224,202,196,206,196,206,224,sub_line_text,figure_text,figure_0,,,,20bol3c_20211228_164221_7630354880_600_800.png,/scratch/parceirosbr/bigoilict/share/BigOil/document_generator/datasets/documents_2021_12_28/20bol3c_20211228_164221_7630354880_600_800.png,20bol3c_20211228_164221_7630354880_600_800_mask.png,-6338.459
2,9,5,18,189,191,194,209,189,209,190,191,194,191,193,209,text,figure_text,figure_0,,,,20bol3c_20211228_164221_7630354880_600_800.png,/scratch/parceirosbr/bigoilict/share/BigOil/document_generator/datasets/documents_2021_12_28/20bol3c_20211228_164221_7630354880_600_800.png,20bol3c_20211228_164221_7630354880_600_800_mask.png,Profit
2,9,5,18,189,191,194,209,189,209,190,191,194,191,193,209,sub_line_text,figure_text,figure_0,,,,20bol3c_20211228_164221_7630354880_600_800.png,/scratch/parceirosbr/bigoilict/share/BigOil/document_generator/datasets/documents_2021_12_28/20bol3c_20211228_164221_7630354880_600_800.png,20bol3c_20211228_164221_7630354880_600_800_mask.png,Profit
2,14,4,28,86,101,90,129,86,129,86,101,90,101,90,129,text,figure_text,figure_0,,,,20bol3c_20211228_164221_7630354880_600_800.png,/scratch/parceirosbr/bigoilict/share/BigOil/document_generator/datasets/documents_2021_12_28/20bol3c_20211228_164221_7630354880_600_800.png,20bol3c_20211228_164221_7630354880_600_800_mask.png,-2135.643
2,14,4,28,86,101,90,129,86,129,86,101,90,101,90,129,sub_line_text,figure_text,figure_0,,,,20bol3c_20211228_164221_7630354880_600_800.png,/scratch/parceirosbr/bigoilict/share/BigOil/document_generator/datasets/documents_2021_12_28/20bol3c_20211228_164221_7630354880_600_800.png,20bol3c_20211228_164221_7630354880_600_800_mask.png,-2135.643
2,12,4,25,150,163,154,188,150,188,150,163,154,163,154,188,text,figure_text,figure_0,,,,20bol3c_20211228_164221_7630354880_600_800.png,/scratch/parceirosbr/bigoilict/share/BigOil/document_generator/datasets/documents_2021_12_28/20bol3c_20211228_164221_7630354880_600_800.png,20bol3c_20211228_164221_7630354880_600_800_mask.png,-4723.7%
2,12,4,25,150,163,154,188,150,188,150,163,154,163,154,188,sub_line_text,figure_text,figure_0,,,,20bol3c_20211228_164221_7630354880_600_800.png,/scratch/parceirosbr/bigoilict/share/BigOil/document_generator/datasets/documents_2021_12_28/20bol3c_20211228_164221_7630354880_600_800.png,20bol3c_20211228_164221_7630354880_600_800_mask.png,-4723.7%
4,6,8,13,284,92,292,105,284,104,288,92,292,93,288,105,text,figure_text,figure_0,,,,20bol3c_20211228_164221_7630354880_600_800.png,/scratch/parceirosbr/bigoilict/share/BigOil/document_generator/datasets/documents_2021_12_28/20bol3c_20211228_164221_7630354880_600_800.png,20bol3c_20211228_164221_7630354880_600_800_mask.png,636%
4,6,8,13,284,92,292,105,284,104,288,92,292,93,288,105,sub_line_text,figure_text,figure_0,,,,20bol3c_20211228_164221_7630354880_600_800.png,/scratch/parceirosbr/bigoilict/share/BigOil/document_generator/datasets/documents_2021_12_28/20bol3c_20211228_164221_7630354880_600_800.png,20bol3c_20211228_164221_7630354880_600_800_mask.png,636%
5,15,11,31,200,110,211,141,200,140,208,110,211,111,204,141,text,figure_text,figure_0,,,,20bol3c_20211228_164221_7630354880_600_800.png,/scratch/parceirosbr/bigoilict/share/BigOil/document_generator/datasets/documents_2021_12_28/20bol3c_20211228_164221_7630354880_600_800.png,20bol3c_20211228_164221_7630354880_600_800_mask.png,Conversion
5,15,11,31,200,110,211,141,200,140,208,110,211,111,204,141,sub_line_text,figure_text,figure_0,,,,20bol3c_20211228_164221_7630354880_600_800.png,/scratch/parceirosbr/bigoilict/share/BigOil/document_generator/datasets/documents_2021_12_28/20bol3c_20211228_164221_7630354880_600_800.png,20bol3c_20211228_164221_7630354880_600_800_mask.png,Conversion
5,14,10,28,289,153,299,181,289,180,295,153,299,154,293,181,text,figure_text,figure_0,,,,20bol3c_20211228_164221_7630354880_600_800.png,/scratch/parceirosbr/bigoilict/share/BigOil/document_generator/datasets/documents_2021_12_28/20bol3c_20211228_164221_7630354880_600_800.png,20bol3c_20211228_164221_7630354880_600_800_mask.png,-3404.979
5,14,10,28,289,153,299,181,289,180,295,153,299,154,293,181,sub_line_text,figure_text,figure_0,,,,20bol3c_20211228_164221_7630354880_600_800.png,/scratch/parceirosbr/bigoilict/share/BigOil/document_generator/datasets/documents_2021_12_28/20bol3c_20211228_164221_7630354880_600_800.png,20bol3c_20211228_164221_7630354880_600_800_mask.png,-3404.979
2,4,4,9,113,109,117,118,113,118,113,109,117,109,117,118,text,figure_text,figure_0,,,,20bol3c_20211228_164221_7630354880_600_800.png,/scratch/parceirosbr/bigoilict/share/BigOil/document_generator/datasets/documents_2021_12_28/20bol3c_20211228_164221_7630354880_600_800.png,20bol3c_20211228_164221_7630354880_600_800_mask.png,987
2,4,4,9,113,109,117,118,113,118,113,109,117,109,117,118,sub_line_text,figure_text,figure_0,,,,20bol3c_20211228_164221_7630354880_600_800.png,/scratch/parceirosbr/bigoilict/share/BigOil/document_generator/datasets/documents_2021_12_28/20bol3c_20211228_164221_7630354880_600_800.png,20bol3c_20211228_164221_7630354880_600_800_mask.png,987
2,7,4,15,114,196,118,211,114,211,114,196,118,196,118,211,text,figure_text,figure_0,,,,20bol3c_20211228_164221_7630354880_600_800.png,/scratch/parceirosbr/bigoilict/share/BigOil/document_generator/datasets/documents_2021_12_28/20bol3c_20211228_164221_7630354880_600_800.png,20bol3c_20211228_164221_7630354880_600_800_mask.png,-2355
2,7,4,15,114,196,118,211,114,211,114,196,118,196,118,211,sub_line_text,figure_text,figure_0,,,,20bol3c_20211228_164221_7630354880_600_800.png,/scratch/parceirosbr/bigoilict/share/BigOil/document_generator/datasets/documents_2021_12_28/20bol3c_20211228_164221_7630354880_600_800.png,20bol3c_20211228_164221_7630354880_600_800_mask.png,-2355
2,12,5,25,191,124,196,149,191,149,191,124,196,124,196,149,text,figure_text,figure_0,,,,20bol3c_20211228_164221_7630354880_600_800.png,/scratch/parceirosbr/bigoilict/share/BigOil/document_generator/datasets/documents_2021_12_28/20bol3c_20211228_164221_7630354880_600_800.png,20bol3c_20211228_164221_7630354880_600_800_mask.png,Activity
2,12,5,25,191,124,196,149,191,149,191,124,196,124,196,149,sub_line_text,figure_text,figure_0,,,,20bol3c_20211228_164221_7630354880_600_800.png,/scratch/parceirosbr/bigoilict/share/BigOil/document_generator/datasets/documents_2021_12_28/20bol3c_20211228_164221_7630354880_600_800.png,20bol3c_20211228_164221_7630354880_600_800_mask.png,Activity
5,11,10,22,265,182,275,204,265,203,270,182,275,183,269,204,text,figure_text,figure_0,,,,20bol3c_20211228_164221_7630354880_600_800.png,/scratch/parceirosbr/bigoilict/share/BigOil/document_generator/datasets/documents_2021_12_28/20bol3c_20211228_164221_7630354880_600_800.png,20bol3c_20211228_164221_7630354880_600_800_mask.png,-925.3%
5,11,10,22,265,182,275,204,265,203,270,182,275,183,269,204,sub_line_text,figure_text,figure_0,,,,20bol3c_20211228_164221_7630354880_600_800.png,/scratch/parceirosbr/bigoilict/share/BigOil/document_generator/datasets/documents_2021_12_28/20bol3c_20211228_164221_7630354880_600_800.png,20bol3c_20211228_164221_7630354880_600_800_mask.png,-925.3%
2,12,4,25,88,153,92,178,88,178,88,153,92,153,92,178,text,figure_text,figure_0,,,,20bol3c_20211228_164221_7630354880_600_800.png,/scratch/parceirosbr/bigoilict/share/BigOil/document_generator/datasets/documents_2021_12_28/20bol3c_20211228_164221_7630354880_600_800.png,20bol3c_20211228_164221_7630354880_600_800_mask.png,-3847.9%
2,12,4,25,88,153,92,178,88,178,88,153,92,153,92,178,sub_line_text,figure_text,figure_0,,,,20bol3c_20211228_164221_7630354880_600_800.png,/scratch/parceirosbr/bigoilict/share/BigOil/document_generator/datasets/documents_2021_12_28/20bol3c_20211228_164221_7630354880_600_800.png,20bol3c_20211228_164221_7630354880_600_800_mask.png,-3847.9%
2,12,5,25,242,183,247,208,242,208,242,183,247,183,247,208,text,figure_text,figure_0,,,,20bol3c_20211228_164221_7630354880_600_800.png,/scratch/parceirosbr/bigoilict/share/BigOil/document_generator/datasets/documents_2021_12_28/20bol3c_20211228_164221_7630354880_600_800.png,20bol3c_20211228_164221_7630354880_600_800_mask.png,-3740.42
2,12,5,25,242,183,247,208,242,208,242,183,247,183,247,208,sub_line_text,figure_text,figure_0,,,,20bol3c_20211228_164221_7630354880_600_800.png,/scratch/parceirosbr/bigoilict/share/BigOil/document_generator/datasets/documents_2021_12_28/20bol3c_20211228_164221_7630354880_600_800.png,20bol3c_20211228_164221_7630354880_600_800_mask.png,-3740.42
4,8,8,17,223,218,231,235,223,234,227,218,231,220,227,235,text,figure_text,figure_0,,,,20bol3c_20211228_164221_7630354880_600_800.png,/scratch/parceirosbr/bigoilict/share/BigOil/document_generator/datasets/documents_2021_12_28/20bol3c_20211228_164221_7630354880_600_800.png,20bol3c_20211228_164221_7630354880_600_800_mask.png,-6825
4,8,8,17,223,218,231,235,223,234,227,218,231,220,227,235,sub_line_text,figure_text,figure_0,,,,20bol3c_20211228_164221_7630354880_600_800.png,/scratch/parceirosbr/bigoilict/share/BigOil/document_generator/datasets/documents_2021_12_28/20bol3c_20211228_164221_7630354880_600_800.png,20bol3c_20211228_164221_7630354880_600_800_mask.png,-6825
5,15,11,31,157,185,168,216,157,215,163,185,168,186,162,216,text,figure_text,figure_0,,,,20bol3c_20211228_164221_7630354880_600_800.png,/scratch/parceirosbr/bigoilict/share/BigOil/document_generator/datasets/documents_2021_12_28/20bol3c_20211228_164221_7630354880_600_800.png,20bol3c_20211228_164221_7630354880_600_800_mask.png,Female (M)
5,15,11,31,157,185,168,216,157,215,163,185,168,186,162,216,sub_line_text,figure_text,figure_0,,,,20bol3c_20211228_164221_7630354880_600_800.png,/scratch/parceirosbr/bigoilict/share/BigOil/document_generator/datasets/documents_2021_12_28/20bol3c_20211228_164221_7630354880_600_800.png,20bol3c_20211228_164221_7630354880_600_800_mask.png,Female (M)
2,26,5,53,247,113,252,166,247,166,247,113,252,113,252,166,text,figure_text,figure_0,,,,20bol3c_20211228_164221_7630354880_600_800.png,/scratch/parceirosbr/bigoilict/share/BigOil/document_generator/datasets/documents_2021_12_28/20bol3c_20211228_164221_7630354880_600_800.png,20bol3c_20211228_164221_7630354880_600_800_mask.png,Temperature (a.c)
2,26,5,53,247,113,252,166,247,166,247,113,252,113,252,166,sub_line_text,figure_text,figure_0,,,,20bol3c_20211228_164221_7630354880_600_800.png,/scratch/parceirosbr/bigoilict/share/BigOil/document_generator/datasets/documents_2021_12_28/20bol3c_20211228_164221_7630354880_600_800.png,20bol3c_20211228_164221_7630354880_600_800_mask.png,Temperature (a.c)
5,11,11,22,228,99,239,121,228,120,235,99,239,101,232,121,text,figure_text,figure_0,,,,20bol3c_20211228_164221_7630354880_600_800.png,/scratch/parceirosbr/bigoilict/share/BigOil/document_generator/datasets/documents_2021_12_28/20bol3c_20211228_164221_7630354880_600_800.png,20bol3c_20211228_164221_7630354880_600_800_mask.png,-559.84
5,11,11,22,228,99,239,121,228,120,235,99,239,101,232,121,sub_line_text,figure_text,figure_0,,,,20bol3c_20211228_164221_7630354880_600_800.png,/scratch/parceirosbr/bigoilict/share/BigOil/document_generator/datasets/documents_2021_12_28/20bol3c_20211228_164221_7630354880_600_800.png,20bol3c_20211228_164221_7630354880_600_800_mask.png,-559.84
4,15,8,31,273,128,281,159,273,158,276,128,281,128,277,159,text,figure_text,figure_0,,,,20bol3c_20211228_164221_7630354880_600_800.png,/scratch/parceirosbr/bigoilict/share/BigOil/document_generator/datasets/documents_2021_12_28/20bol3c_20211228_164221_7630354880_600_800.png,20bol3c_20211228_164221_7630354880_600_800_mask.png,Water [ML]
4,15,8,31,273,128,281,159,273,158,276,128,281,128,277,159,sub_line_text,figure_text,figure_0,,,,20bol3c_20211228_164221_7630354880_600_800.png,/scratch/parceirosbr/bigoilict/share/BigOil/document_generator/datasets/documents_2021_12_28/20bol3c_20211228_164221_7630354880_600_800.png,20bol3c_20211228_164221_7630354880_600_800_mask.png,Water [ML]
27,5,54,10,337,88,391,98,337,88,391,88,391,98,337,98,sub_line_text,figure_legend,figure_0,roboto,regular,8,20bol3c_20211228_164221_7630354880_600_800.png,/scratch/parceirosbr/bigoilict/share/BigOil/document_generator/datasets/documents_2021_12_28/20bol3c_20211228_164221_7630354880_600_800.png,20bol3c_20211228_164221_7630354880_600_800_mask.png,Figure        116:
27,5,55,10,337,103,392,113,337,103,392,103,392,113,337,113,sub_line_text,figure_legend,figure_0,roboto,regular,8,20bol3c_20211228_164221_7630354880_600_800.png,/scratch/parceirosbr/bigoilict/share/BigOil/document_generator/datasets/documents_2021_12_28/20bol3c_20211228_164221_7630354880_600_800.png,20bol3c_20211228_164221_7630354880_600_800_mask.png,"Thus,  until  this"
27,5,54,10,337,118,391,128,337,118,391,118,391,128,337,128,sub_line_text,figure_legend,figure_0,roboto,regular,8,20bol3c_20211228_164221_7630354880_600_800.png,/scratch/parceirosbr/bigoilict/share/BigOil/document_generator/datasets/documents_2021_12_28/20bol3c_20211228_164221_7630354880_600_800.png,20bol3c_20211228_164221_7630354880_600_800_mask.png,"month,  185  r-"
27,5,54,10,337,133,391,143,337,133,391,133,391,143,337,143,sub_line_text,figure_legend,figure_0,roboto,regular,8,20bol3c_20211228_164221_7630354880_600_800.png,/scratch/parceirosbr/bigoilict/share/BigOil/document_generator/datasets/documents_2021_12_28/20bol3c_20211228_164221_7630354880_600_800.png,20bol3c_20211228_164221_7630354880_600_800_mask.png,esearch units f-
27,5,54,10,337,148,391,158,337,148,391,148,391,158,337,158,sub_line_text,figure_legend,figure_0,roboto,regular,8,20bol3c_20211228_164221_7630354880_600_800.png,/scratch/parceirosbr/bigoilict/share/BigOil/document_generator/datasets/documents_2021_12_28/20bol3c_20211228_164221_7630354880_600_800.png,20bol3c_20211228_164221_7630354880_600_800_mask.png,rom 56 institu-
27,5,54,10,337,163,391,173,337,163,391,163,391,173,337,173,sub_line_text,figure_legend,figure_0,roboto,regular,8,20bol3c_20211228_164221_7630354880_600_800.png,/scratch/parceirosbr/bigoilict/share/BigOil/document_generator/datasets/documents_2021_12_28/20bol3c_20211228_164221_7630354880_600_800.png,20bol3c_20211228_164221_7630354880_600_800_mask.png,tions were acc-
27,5,55,10,337,178,392,188,337,178,392,178,392,188,337,188,sub_line_text,figure_legend,figure_0,roboto,regular,8,20bol3c_20211228_164221_7630354880_600_800.png,/scratch/parceirosbr/bigoilict/share/BigOil/document_generator/datasets/documents_2021_12_28/20bol3c_20211228_164221_7630354880_600_800.png,20bol3c_20211228_164221_7630354880_600_800_mask.png,redited.       The
27,5,54,10,337,193,391,203,337,193,391,193,391,203,337,203,sub_line_text,figure_legend,figure_0,roboto,regular,8,20bol3c_20211228_164221_7630354880_600_800.png,/scratch/parceirosbr/bigoilict/share/BigOil/document_generator/datasets/documents_2021_12_28/20bol3c_20211228_164221_7630354880_600_800.png,20bol3c_20211228_164221_7630354880_600_800_mask.png,anode    is   fed
27,5,55,10,337,208,392,218,337,208,392,208,392,218,337,218,sub_line_text,figure_legend,figure_0,roboto,regular,8,20bol3c_20211228_164221_7630354880_600_800.png,/scratch/parceirosbr/bigoilict/share/BigOil/document_generator/datasets/documents_2021_12_28/20bol3c_20211228_164221_7630354880_600_800.png,20bol3c_20211228_164221_7630354880_600_800_mask.png,by  the  fuel and
25,5,51,10,337,223,388,233,337,223,388,223,388,233,337,233,sub_line_text,figure_legend,figure_0,roboto,regular,8,20bol3c_20211228_164221_7630354880_600_800.png,/scratch/parceirosbr/bigoilict/share/BigOil/document_generator/datasets/documents_2021_12_28/20bol3c_20211228_164221_7630354880_600_800.png,20bol3c_20211228_164221_7630354880_600_800_mask.png,used as a nega
27,72,55,145,337,88,392,233,337,88,392,88,392,233,337,233,text,figure_legend,figure_0,roboto,regular,8,20bol3c_20211228_164221_7630354880_600_800.png,/scratch/parceirosbr/bigoilict/share/BigOil/document_generator/datasets/documents_2021_12_28/20bol3c_20211228_164221_7630354880_600_800.png,20bol3c_20211228_164221_7630354880_600_800_mask.png,nan
68,5,137,11,86,249,223,260,86,249,223,249,223,260,86,260,sub_line_text,text,text_0,roboto,regular,9,20bol3c_20211228_164221_7630354880_600_800.png,/scratch/parceirosbr/bigoilict/share/BigOil/document_generator/datasets/documents_2021_12_28/20bol3c_20211228_164221_7630354880_600_800.png,20bol3c_20211228_164221_7630354880_600_800_mask.png,A  5.3 mostra o diagrama para o p-
75,5,150,11,72,265,222,276,72,265,222,265,222,276,72,276,sub_line_text,text,text_0,roboto,regular,9,20bol3c_20211228_164221_7630354880_600_800.png,/scratch/parceirosbr/bigoilict/share/BigOil/document_generator/datasets/documents_2021_12_28/20bol3c_20211228_164221_7630354880_600_800.png,20bol3c_20211228_164221_7630354880_600_800_mask.png,rimeiro   ano  de  projeto.  A  aplica√ß√£o
75,5,150,11,72,281,222,292,72,281,222,281,222,292,72,292,sub_line_text,text,text_0,roboto,regular,9,20bol3c_20211228_164221_7630354880_600_800.png,/scratch/parceirosbr/bigoilict/share/BigOil/document_generator/datasets/documents_2021_12_28/20bol3c_20211228_164221_7630354880_600_800.png,20bol3c_20211228_164221_7630354880_600_800_mask.png,de  conhecimentos  cient√≠ficos  e tec-
74,5,149,11,72,297,221,308,72,297,221,297,221,308,72,308,sub_line_text,text,text_0,roboto,regular,9,20bol3c_20211228_164221_7630354880_600_800.png,/scratch/parceirosbr/bigoilict/share/BigOil/document_generator/datasets/documents_2021_12_28/20bol3c_20211228_164221_7630354880_600_800.png,20bol3c_20211228_164221_7630354880_600_800_mask.png,nologias  j√°  consolidados  nessas in-
72,5,144,11,72,313,216,324,72,313,216,313,216,324,72,324,sub_line_text,text,text_0,roboto,regular,9,20bol3c_20211228_164221_7630354880_600_800.png,/scratch/parceirosbr/bigoilict/share/BigOil/document_generator/datasets/documents_2021_12_28/20bol3c_20211228_164221_7630354880_600_800.png,20bol3c_20211228_164221_7630354880_600_800_mask.png,"d√∫strias, apesar de exigir desenvolv."
75,37,151,75,72,249,223,324,72,249,223,249,223,324,72,324,text,text,text_0,roboto,regular,9,20bol3c_20211228_164221_7630354880_600_800.png,/scratch/parceirosbr/bigoilict/share/BigOil/document_generator/datasets/documents_2021_12_28/20bol3c_20211228_164221_7630354880_600_800.png,20bol3c_20211228_164221_7630354880_600_800_mask.png,nan
68,5,136,11,86,332,222,343,86,332,222,332,222,343,86,343,sub_line_text,text,text_1,roboto,regular,9,20bol3c_20211228_164221_7630354880_600_800.png,/scratch/parceirosbr/bigoilict/share/BigOil/document_generator/datasets/documents_2021_12_28/20bol3c_20211228_164221_7630354880_600_800.png,20bol3c_20211228_164221_7630354880_600_800_mask.png,This  is due to the large amount of
75,5,150,11,72,348,222,359,72,348,222,348,222,359,72,359,sub_line_text,text,text_1,roboto,regular,9,20bol3c_20211228_164221_7630354880_600_800.png,/scratch/parceirosbr/bigoilict/share/BigOil/document_generator/datasets/documents_2021_12_28/20bol3c_20211228_164221_7630354880_600_800.png,20bol3c_20211228_164221_7630354880_600_800_mask.png,by-products  generated  and  the  con-
75,5,150,11,72,364,222,375,72,364,222,364,222,375,72,375,sub_line_text,text,text_1,roboto,regular,9,20bol3c_20211228_164221_7630354880_600_800.png,/scratch/parceirosbr/bigoilict/share/BigOil/document_generator/datasets/documents_2021_12_28/20bol3c_20211228_164221_7630354880_600_800.png,20bol3c_20211228_164221_7630354880_600_800_mask.png,"sequent  need to remove them, which"
74,5,149,11,72,380,221,391,72,380,221,380,221,391,72,391,sub_line_text,text,text_1,roboto,regular,9,20bol3c_20211228_164221_7630354880_600_800.png,/scratch/parceirosbr/bigoilict/share/BigOil/document_generator/datasets/documents_2021_12_28/20bol3c_20211228_164221_7630354880_600_800.png,20bol3c_20211228_164221_7630354880_600_800_mask.png,requires  a greater number of separa-
27,5,54,11,72,396,126,407,72,396,126,396,126,407,72,407,sub_line_text,text,text_1,roboto,regular,9,20bol3c_20211228_164221_7630354880_600_800.png,/scratch/parceirosbr/bigoilict/share/BigOil/document_generator/datasets/documents_2021_12_28/20bol3c_20211228_164221_7630354880_600_800.png,20bol3c_20211228_164221_7630354880_600_800_mask.png,tion columns.
75,37,150,75,72,332,222,407,72,332,222,332,222,407,72,407,text,text,text_1,roboto,regular,9,20bol3c_20211228_164221_7630354880_600_800.png,/scratch/parceirosbr/bigoilict/share/BigOil/document_generator/datasets/documents_2021_12_28/20bol3c_20211228_164221_7630354880_600_800.png,20bol3c_20211228_164221_7630354880_600_800_mask.png,nan
76,146,153,292,72,415,225,707,72,415,225,415,225,707,72,707,list,list,list_1,roboto,roboto,9,20bol3c_20211228_164221_7630354880_600_800.png,/scratch/parceirosbr/bigoilict/share/BigOil/document_generator/datasets/documents_2021_12_28/20bol3c_20211228_164221_7630354880_600_800.png,20bol3c_20211228_164221_7630354880_600_800_mask.png,
67,5,135,11,72,415,207,426,72,415,207,415,207,426,72,426,sub_line_text,list,list_1,roboto,regular,9,20bol3c_20211228_164221_7630354880_600_800.png,/scratch/parceirosbr/bigoilict/share/BigOil/document_generator/datasets/documents_2021_12_28/20bol3c_20211228_164221_7630354880_600_800.png,20bol3c_20211228_164221_7630354880_600_800_mask.png,-  Ostermos mnuc e ser√£o obtidos
60,5,120,11,72,431,192,442,72,431,192,431,192,442,72,442,sub_line_text,list,list_1,roboto,regular,9,20bol3c_20211228_164221_7630354880_600_800.png,/scratch/parceirosbr/bigoilict/share/BigOil/document_generator/datasets/documents_2021_12_28/20bol3c_20211228_164221_7630354880_600_800.png,20bol3c_20211228_164221_7630354880_600_800_mask.png,-  A diferen√ßa na probabilidade
40,5,80,11,72,447,152,458,72,447,152,447,152,458,72,458,sub_line_text,list,list_1,roboto,regular,9,20bol3c_20211228_164221_7630354880_600_800.png,/scratch/parceirosbr/bigoilict/share/BigOil/document_generator/datasets/documents_2021_12_28/20bol3c_20211228_164221_7630354880_600_800.png,20bol3c_20211228_164221_7630354880_600_800_mask.png,-  Nesta etapa ser√£o
47,5,95,11,72,463,167,474,72,463,167,463,167,474,72,474,sub_line_text,list,list_1,roboto,regular,9,20bol3c_20211228_164221_7630354880_600_800.png,/scratch/parceirosbr/bigoilict/share/BigOil/document_generator/datasets/documents_2021_12_28/20bol3c_20211228_164221_7630354880_600_800.png,20bol3c_20211228_164221_7630354880_600_800_mask.png,-  No contexto geol√≥gico
43,5,86,11,72,479,158,490,72,479,158,479,158,490,72,490,sub_line_text,list,list_1,roboto,regular,9,20bol3c_20211228_164221_7630354880_600_800.png,/scratch/parceirosbr/bigoilict/share/BigOil/document_generator/datasets/documents_2021_12_28/20bol3c_20211228_164221_7630354880_600_800.png,20bol3c_20211228_164221_7630354880_600_800_mask.png,"-  Furthermore, the for"
56,5,113,11,72,495,185,506,72,495,185,495,185,506,72,506,sub_line_text,list,list_1,roboto,regular,9,20bol3c_20211228_164221_7630354880_600_800.png,/scratch/parceirosbr/bigoilict/share/BigOil/document_generator/datasets/documents_2021_12_28/20bol3c_20211228_164221_7630354880_600_800.png,20bol3c_20211228_164221_7630354880_600_800_mask.png,-  Between October 27th and
53,5,106,11,72,511,178,522,72,511,178,511,178,522,72,522,sub_line_text,list,list_1,roboto,regular,9,20bol3c_20211228_164221_7630354880_600_800.png,/scratch/parceirosbr/bigoilict/share/BigOil/document_generator/datasets/documents_2021_12_28/20bol3c_20211228_164221_7630354880_600_800.png,20bol3c_20211228_164221_7630354880_600_800_mask.png,-  Companies like aea have
76,5,153,11,72,530,225,541,72,530,225,530,225,541,72,541,sub_line_text,list,list_1,roboto,regular,9,20bol3c_20211228_164221_7630354880_600_800.png,/scratch/parceirosbr/bigoilict/share/BigOil/document_generator/datasets/documents_2021_12_28/20bol3c_20211228_164221_7630354880_600_800.png,20bol3c_20211228_164221_7630354880_600_800_mask.png,-  The        calculation        of        residual
30,5,61,11,78,546,139,557,78,546,139,546,139,557,78,557,sub_line_text,list,list_1,roboto,regular,9,20bol3c_20211228_164221_7630354880_600_800.png,/scratch/parceirosbr/bigoilict/share/BigOil/document_generator/datasets/documents_2021_12_28/20bol3c_20211228_164221_7630354880_600_800.png,20bol3c_20211228_164221_7630354880_600_800_mask.png,circumferential
62,5,124,11,72,565,196,576,72,565,196,565,196,576,72,576,sub_line_text,list,list_1,roboto,regular,9,20bol3c_20211228_164221_7630354880_600_800.png,/scratch/parceirosbr/bigoilict/share/BigOil/document_generator/datasets/documents_2021_12_28/20bol3c_20211228_164221_7630354880_600_800.png,20bol3c_20211228_164221_7630354880_600_800_mask.png,-  Esta observa√ß√£o mostrou um
62,5,124,11,72,581,196,592,72,581,196,581,196,592,72,592,sub_line_text,list,list_1,roboto,regular,9,20bol3c_20211228_164221_7630354880_600_800.png,/scratch/parceirosbr/bigoilict/share/BigOil/document_generator/datasets/documents_2021_12_28/20bol3c_20211228_164221_7630354880_600_800.png,20bol3c_20211228_164221_7630354880_600_800_mask.png,-  Roskilly et al carried out tests
72,5,145,11,72,597,217,608,72,597,217,597,217,608,72,608,sub_line_text,list,list_1,roboto,regular,9,20bol3c_20211228_164221_7630354880_600_800.png,/scratch/parceirosbr/bigoilict/share/BigOil/document_generator/datasets/documents_2021_12_28/20bol3c_20211228_164221_7630354880_600_800.png,20bol3c_20211228_164221_7630354880_600_800_mask.png,-  I diesel fuel produced by petroleum
35,5,70,11,72,613,142,624,72,613,142,613,142,624,72,624,sub_line_text,list,list_1,roboto,regular,9,20bol3c_20211228_164221_7630354880_600_800.png,/scratch/parceirosbr/bigoilict/share/BigOil/document_generator/datasets/documents_2021_12_28/20bol3c_20211228_164221_7630354880_600_800.png,20bol3c_20211228_164221_7630354880_600_800_mask.png,-  A caracter√≠stica
67,5,134,11,72,629,206,640,72,629,206,629,206,640,72,640,sub_line_text,list,list_1,roboto,regular,9,20bol3c_20211228_164221_7630354880_600_800.png,/scratch/parceirosbr/bigoilict/share/BigOil/document_generator/datasets/documents_2021_12_28/20bol3c_20211228_164221_7630354880_600_800.png,20bol3c_20211228_164221_7630354880_600_800_mask.png,"-  The logical order of the analysis,"
68,5,137,11,72,645,209,656,72,645,209,645,209,656,72,656,sub_line_text,list,list_1,roboto,regular,9,20bol3c_20211228_164221_7630354880_600_800.png,/scratch/parceirosbr/bigoilict/share/BigOil/document_generator/datasets/documents_2021_12_28/20bol3c_20211228_164221_7630354880_600_800.png,20bol3c_20211228_164221_7630354880_600_800_mask.png,"-  In this conjuncture, the continent"
39,5,78,11,72,661,150,672,72,661,150,661,150,672,72,672,sub_line_text,list,list_1,roboto,regular,9,20bol3c_20211228_164221_7630354880_600_800.png,/scratch/parceirosbr/bigoilict/share/BigOil/document_generator/datasets/documents_2021_12_28/20bol3c_20211228_164221_7630354880_600_800.png,20bol3c_20211228_164221_7630354880_600_800_mask.png,-  Figure 2 (page 23)
66,5,132,11,72,677,204,688,72,677,204,677,204,688,72,688,sub_line_text,list,list_1,roboto,regular,9,20bol3c_20211228_164221_7630354880_600_800.png,/scratch/parceirosbr/bigoilict/share/BigOil/document_generator/datasets/documents_2021_12_28/20bol3c_20211228_164221_7630354880_600_800.png,20bol3c_20211228_164221_7630354880_600_800_mask.png,"-  Kim and, when impregnating an"
43,5,86,11,72,696,158,707,72,696,158,696,158,707,72,707,sub_line_text,list,list_1,roboto,regular,9,20bol3c_20211228_164221_7630354880_600_800.png,/scratch/parceirosbr/bigoilict/share/BigOil/document_generator/datasets/documents_2021_12_28/20bol3c_20211228_164221_7630354880_600_800.png,20bol3c_20211228_164221_7630354880_600_800_mask.png,-  Vale ressaltar que o
67,5,135,11,256,249,391,260,256,249,391,249,391,260,256,260,sub_line_text,text,text_2,roboto,regular,9,20bol3c_20211228_164221_7630354880_600_800.png,/scratch/parceirosbr/bigoilict/share/BigOil/document_generator/datasets/documents_2021_12_28/20bol3c_20211228_164221_7630354880_600_800.png,20bol3c_20211228_164221_7630354880_600_800_mask.png,Source:  by  the  author herself ba-
75,5,150,11,242,265,392,276,242,265,392,265,392,276,242,276,sub_line_text,text,text_2,roboto,regular,9,20bol3c_20211228_164221_7630354880_600_800.png,/scratch/parceirosbr/bigoilict/share/BigOil/document_generator/datasets/documents_2021_12_28/20bol3c_20211228_164221_7630354880_600_800.png,20bol3c_20211228_164221_7630354880_600_800_mask.png,"sed   on  2006,  114.  Fortaleza  (FEQ  /"
75,5,150,11,242,281,392,292,242,281,392,281,392,292,242,292,sub_line_text,text,text_2,roboto,regular,9,20bol3c_20211228_164221_7630354880_600_800.png,/scratch/parceirosbr/bigoilict/share/BigOil/document_generator/datasets/documents_2021_12_28/20bol3c_20211228_164221_7630354880_600_800.png,20bol3c_20211228_164221_7630354880_600_800_mask.png,Unifor)  will  provide  13 more undergr-
74,5,149,11,242,297,391,308,242,297,391,297,391,308,242,308,sub_line_text,text,text_2,roboto,regular,9,20bol3c_20211228_164221_7630354880_600_800.png,/scratch/parceirosbr/bigoilict/share/BigOil/document_generator/datasets/documents_2021_12_28/20bol3c_20211228_164221_7630354880_600_800.png,20bol3c_20211228_164221_7630354880_600_800_mask.png,aduate  scholarships  in  the  same a-
74,5,149,11,242,313,391,324,242,313,391,313,391,324,242,324,sub_line_text,text,text_2,roboto,regular,9,20bol3c_20211228_164221_7630354880_600_800.png,/scratch/parceirosbr/bigoilict/share/BigOil/document_generator/datasets/documents_2021_12_28/20bol3c_20211228_164221_7630354880_600_800.png,20bol3c_20211228_164221_7630354880_600_800_mask.png,"mount  as.  Finally, it is worth noting t-"
75,5,150,11,242,329,392,340,242,329,392,329,392,340,242,340,sub_line_text,text,text_2,roboto,regular,9,20bol3c_20211228_164221_7630354880_600_800.png,/scratch/parceirosbr/bigoilict/share/BigOil/document_generator/datasets/documents_2021_12_28/20bol3c_20211228_164221_7630354880_600_800.png,20bol3c_20211228_164221_7630354880_600_800_mask.png,"hat,  among  the clauses of the origin-"
75,5,150,11,242,345,392,356,242,345,392,345,392,356,242,356,sub_line_text,text,text_2,roboto,regular,9,20bol3c_20211228_164221_7630354880_600_800.png,/scratch/parceirosbr/bigoilict/share/BigOil/document_generator/datasets/documents_2021_12_28/20bol3c_20211228_164221_7630354880_600_800.png,20bol3c_20211228_164221_7630354880_600_800_mask.png,al  contracts  that  conflict  with the c-
71,5,142,11,242,361,384,372,242,361,384,361,384,372,242,372,sub_line_text,text,text_2,roboto,regular,9,20bol3c_20211228_164221_7630354880_600_800.png,/scratch/parceirosbr/bigoilict/share/BigOil/document_generator/datasets/documents_2021_12_28/20bol3c_20211228_164221_7630354880_600_800.png,20bol3c_20211228_164221_7630354880_600_800_mask.png,ontract under negotiation for the ex.
75,61,150,123,242,249,392,372,242,249,392,249,392,372,242,372,text,text,text_2,roboto,regular,9,20bol3c_20211228_164221_7630354880_600_800.png,/scratch/parceirosbr/bigoilict/share/BigOil/document_generator/datasets/documents_2021_12_28/20bol3c_20211228_164221_7630354880_600_800.png,20bol3c_20211228_164221_7630354880_600_800_mask.png,nan
67,5,135,11,256,380,391,391,256,380,391,380,391,391,256,391,sub_line_text,text,text_3,roboto,regular,9,20bol3c_20211228_164221_7630354880_600_800.png,/scratch/parceirosbr/bigoilict/share/BigOil/document_generator/datasets/documents_2021_12_28/20bol3c_20211228_164221_7630354880_600_800.png,20bol3c_20211228_164221_7630354880_600_800_mask.png,"Velocidade  espacial  (v1=  0,3,  v2"
74,5,149,11,242,396,391,407,242,396,391,396,391,407,242,407,sub_line_text,text,text_3,roboto,regular,9,20bol3c_20211228_164221_7630354880_600_800.png,/scratch/parceirosbr/bigoilict/share/BigOil/document_generator/datasets/documents_2021_12_28/20bol3c_20211228_164221_7630354880_600_800.png,20bol3c_20211228_164221_7630354880_600_800_mask.png,"0,4,  v3=  0,6  e  v4  1,2  mol.gcat-1.h-1)"
75,5,150,11,242,412,392,423,242,412,392,412,392,423,242,423,sub_line_text,text,text_3,roboto,regular,9,20bol3c_20211228_164221_7630354880_600_800.png,/scratch/parceirosbr/bigoilict/share/BigOil/document_generator/datasets/documents_2021_12_28/20bol3c_20211228_164221_7630354880_600_800.png,20bol3c_20211228_164221_7630354880_600_800_mask.png,"com  os  catalisadores s√≥lidos, e veri-"
75,5,150,11,242,428,392,439,242,428,392,428,392,439,242,439,sub_line_text,text,text_3,roboto,regular,9,20bol3c_20211228_164221_7630354880_600_800.png,/scratch/parceirosbr/bigoilict/share/BigOil/document_generator/datasets/documents_2021_12_28/20bol3c_20211228_164221_7630354880_600_800.png,20bol3c_20211228_164221_7630354880_600_800_mask.png,ficar  o  efeito  da varia√ß√£o de temper-
74,5,149,11,242,444,391,455,242,444,391,444,391,455,242,455,sub_line_text,text,text_3,roboto,regular,9,20bol3c_20211228_164221_7630354880_600_800.png,/scratch/parceirosbr/bigoilict/share/BigOil/document_generator/datasets/documents_2021_12_28/20bol3c_20211228_164221_7630354880_600_800.png,20bol3c_20211228_164221_7630354880_600_800_mask.png,"atura  (185, 200, 215 e 230C) nos cat-"
75,5,150,11,242,460,392,471,242,460,392,460,392,471,242,471,sub_line_text,text,text_3,roboto,regular,9,20bol3c_20211228_164221_7630354880_600_800.png,/scratch/parceirosbr/bigoilict/share/BigOil/document_generator/datasets/documents_2021_12_28/20bol3c_20211228_164221_7630354880_600_800.png,20bol3c_20211228_164221_7630354880_600_800_mask.png,alisadores  s√≥lidos e estruturado; o e-
75,5,150,11,242,476,392,487,242,476,392,476,392,487,242,487,sub_line_text,text,text_3,roboto,regular,9,20bol3c_20211228_164221_7630354880_600_800.png,/scratch/parceirosbr/bigoilict/share/BigOil/document_generator/datasets/documents_2021_12_28/20bol3c_20211228_164221_7630354880_600_800.png,20bol3c_20211228_164221_7630354880_600_800_mask.png,feito  do  promotor  (Pt)  e  do sistema
74,5,149,11,242,492,391,503,242,492,391,492,391,503,242,503,sub_line_text,text,text_3,roboto,regular,9,20bol3c_20211228_164221_7630354880_600_800.png,/scratch/parceirosbr/bigoilict/share/BigOil/document_generator/datasets/documents_2021_12_28/20bol3c_20211228_164221_7630354880_600_800.png,20bol3c_20211228_164221_7630354880_600_800_mask.png,estruturado  em  um  catalisador s√≥li-
12,5,24,11,242,508,266,519,242,508,266,508,266,519,242,519,sub_line_text,text,text_3,roboto,regular,9,20bol3c_20211228_164221_7630354880_600_800.png,/scratch/parceirosbr/bigoilict/share/BigOil/document_generator/datasets/documents_2021_12_28/20bol3c_20211228_164221_7630354880_600_800.png,20bol3c_20211228_164221_7630354880_600_800_mask.png,do na.
76,96,153,193,242,527,395,720,242,527,395,527,395,720,242,720,list,list,list_2,roboto,roboto,9,20bol3c_20211228_164221_7630354880_600_800.png,/scratch/parceirosbr/bigoilict/share/BigOil/document_generator/datasets/documents_2021_12_28/20bol3c_20211228_164221_7630354880_600_800.png,20bol3c_20211228_164221_7630354880_600_800_mask.png,
75,69,150,139,242,380,392,519,242,380,392,380,392,519,242,519,text,text,text_3,roboto,regular,9,20bol3c_20211228_164221_7630354880_600_800.png,/scratch/parceirosbr/bigoilict/share/BigOil/document_generator/datasets/documents_2021_12_28/20bol3c_20211228_164221_7630354880_600_800.png,20bol3c_20211228_164221_7630354880_600_800_mask.png,nan
59,5,118,11,242,527,360,538,242,527,360,527,360,538,242,538,sub_line_text,list,list_2,roboto,regular,9,20bol3c_20211228_164221_7630354880_600_800.png,/scratch/parceirosbr/bigoilict/share/BigOil/document_generator/datasets/documents_2021_12_28/20bol3c_20211228_164221_7630354880_600_800.png,20bol3c_20211228_164221_7630354880_600_800_mask.png,"-  These results are displayed,"
66,5,132,11,242,543,374,554,242,543,374,543,374,554,242,554,sub_line_text,list,list_2,roboto,regular,9,20bol3c_20211228_164221_7630354880_600_800.png,/scratch/parceirosbr/bigoilict/share/BigOil/document_generator/datasets/documents_2021_12_28/20bol3c_20211228_164221_7630354880_600_800.png,20bol3c_20211228_164221_7630354880_600_800_mask.png,-  O v√≥rtice pode succionar algum
54,5,109,11,242,559,351,570,242,559,351,559,351,570,242,570,sub_line_text,list,list_2,roboto,regular,9,20bol3c_20211228_164221_7630354880_600_800.png,/scratch/parceirosbr/bigoilict/share/BigOil/document_generator/datasets/documents_2021_12_28/20bol3c_20211228_164221_7630354880_600_800.png,20bol3c_20211228_164221_7630354880_600_800_mask.png,-  Text): inStream vectorsfor
42,5,85,11,242,575,327,586,242,575,327,575,327,586,242,586,sub_line_text,list,list_2,roboto,regular,9,20bol3c_20211228_164221_7630354880_600_800.png,/scratch/parceirosbr/bigoilict/share/BigOil/document_generator/datasets/documents_2021_12_28/20bol3c_20211228_164221_7630354880_600_800.png,20bol3c_20211228_164221_7630354880_600_800_mask.png,-  The share of fossils
36,5,72,11,242,591,314,602,242,591,314,591,314,602,242,602,sub_line_text,list,list_2,roboto,regular,9,20bol3c_20211228_164221_7630354880_600_800.png,/scratch/parceirosbr/bigoilict/share/BigOil/document_generator/datasets/documents_2021_12_28/20bol3c_20211228_164221_7630354880_600_800.png,20bol3c_20211228_164221_7630354880_600_800_mask.png,-  In 4.8 (a) there is
76,5,152,11,242,607,394,618,242,607,394,607,394,618,242,618,sub_line_text,list,list_2,roboto,regular,9,20bol3c_20211228_164221_7630354880_600_800.png,/scratch/parceirosbr/bigoilict/share/BigOil/document_generator/datasets/documents_2021_12_28/20bol3c_20211228_164221_7630354880_600_800.png,20bol3c_20211228_164221_7630354880_600_800_mask.png,-  Uma     vers√£o     simplificada    deste
25,5,50,11,248,623,298,634,248,623,298,623,298,634,248,634,sub_line_text,list,list_2,roboto,regular,9,20bol3c_20211228_164221_7630354880_600_800.png,/scratch/parceirosbr/bigoilict/share/BigOil/document_generator/datasets/documents_2021_12_28/20bol3c_20211228_164221_7630354880_600_800.png,20bol3c_20211228_164221_7630354880_600_800_mask.png,algoritmo foi
38,5,77,11,242,639,319,650,242,639,319,639,319,650,242,650,sub_line_text,list,list_2,roboto,regular,9,20bol3c_20211228_164221_7630354880_600_800.png,/scratch/parceirosbr/bigoilict/share/BigOil/document_generator/datasets/documents_2021_12_28/20bol3c_20211228_164221_7630354880_600_800.png,20bol3c_20211228_164221_7630354880_600_800_mask.png,-  It should be noted
76,5,153,11,242,658,395,669,242,658,395,658,395,669,242,669,sub_line_text,list,list_2,roboto,regular,9,20bol3c_20211228_164221_7630354880_600_800.png,/scratch/parceirosbr/bigoilict/share/BigOil/document_generator/datasets/documents_2021_12_28/20bol3c_20211228_164221_7630354880_600_800.png,20bol3c_20211228_164221_7630354880_600_800_mask.png,-  Prepayment   by  the  former  pipeline
24,5,49,11,248,674,297,685,248,674,297,674,297,685,248,685,sub_line_text,list,list_2,roboto,regular,9,20bol3c_20211228_164221_7630354880_600_800.png,/scratch/parceirosbr/bigoilict/share/BigOil/document_generator/datasets/documents_2021_12_28/20bol3c_20211228_164221_7630354880_600_800.png,20bol3c_20211228_164221_7630354880_600_800_mask.png,holder when
76,5,153,11,242,693,395,704,242,693,395,693,395,704,242,704,sub_line_text,list,list_2,roboto,regular,9,20bol3c_20211228_164221_7630354880_600_800.png,/scratch/parceirosbr/bigoilict/share/BigOil/document_generator/datasets/documents_2021_12_28/20bol3c_20211228_164221_7630354880_600_800.png,20bol3c_20211228_164221_7630354880_600_800_mask.png,"-  As   an   alternative   to  flaring,  green"
22,5,45,11,248,709,293,720,248,709,293,709,293,720,248,720,sub_line_text,list,list_2,roboto,regular,9,20bol3c_20211228_164221_7630354880_600_800.png,/scratch/parceirosbr/bigoilict/share/BigOil/document_generator/datasets/documents_2021_12_28/20bol3c_20211228_164221_7630354880_600_800.png,20bol3c_20211228_164221_7630354880_600_800_mask.png,completion
68,5,136,11,426,88,562,99,426,88,562,88,562,99,426,99,sub_line_text,text,text_4,roboto,regular,9,20bol3c_20211228_164221_7630354880_600_800.png,/scratch/parceirosbr/bigoilict/share/BigOil/document_generator/datasets/documents_2021_12_28/20bol3c_20211228_164221_7630354880_600_800.png,20bol3c_20211228_164221_7630354880_600_800_mask.png,"Por  sua  vez,  a  capacidade  de a-"
74,5,149,11,412,104,561,115,412,104,561,104,561,115,412,115,sub_line_text,text,text_4,roboto,regular,9,20bol3c_20211228_164221_7630354880_600_800.png,/scratch/parceirosbr/bigoilict/share/BigOil/document_generator/datasets/documents_2021_12_28/20bol3c_20211228_164221_7630354880_600_800.png,20bol3c_20211228_164221_7630354880_600_800_mask.png,"rmazenamen-to  de  147,7  mil m3 (3,-"
75,5,150,11,412,120,562,131,412,120,562,120,562,131,412,131,sub_line_text,text,text_4,roboto,regular,9,20bol3c_20211228_164221_7630354880_600_800.png,/scratch/parceirosbr/bigoilict/share/BigOil/document_generator/datasets/documents_2021_12_28/20bol3c_20211228_164221_7630354880_600_800.png,20bol3c_20211228_164221_7630354880_600_800_mask.png,"9%  do  total),  distribu√≠a-se da seguin-"
75,5,150,11,412,136,562,147,412,136,562,136,562,147,412,147,sub_line_text,text,text_4,roboto,regular,9,20bol3c_20211228_164221_7630354880_600_800.png,/scratch/parceirosbr/bigoilict/share/BigOil/document_generator/datasets/documents_2021_12_28/20bol3c_20211228_164221_7630354880_600_800.png,20bol3c_20211228_164221_7630354880_600_800_mask.png,"te  forma:  (11,7%),.  This could also s-"
74,5,149,11,412,152,561,163,412,152,561,152,561,163,412,163,sub_line_text,text,text_4,roboto,regular,9,20bol3c_20211228_164221_7630354880_600_800.png,/scratch/parceirosbr/bigoilict/share/BigOil/document_generator/datasets/documents_2021_12_28/20bol3c_20211228_164221_7630354880_600_800.png,20bol3c_20211228_164221_7630354880_600_800_mask.png,uggest  that  this  sample was also s-
74,5,149,11,412,168,561,179,412,168,561,168,561,179,412,179,sub_line_text,text,text_4,roboto,regular,9,20bol3c_20211228_164221_7630354880_600_800.png,/scratch/parceirosbr/bigoilict/share/BigOil/document_generator/datasets/documents_2021_12_28/20bol3c_20211228_164221_7630354880_600_800.png,20bol3c_20211228_164221_7630354880_600_800_mask.png,ubject  to  oxidation.  July  2000)  valu-
74,5,149,11,412,184,561,195,412,184,561,184,561,195,412,195,sub_line_text,text,text_4,roboto,regular,9,20bol3c_20211228_164221_7630354880_600_800.png,/scratch/parceirosbr/bigoilict/share/BigOil/document_generator/datasets/documents_2021_12_28/20bol3c_20211228_164221_7630354880_600_800.png,20bol3c_20211228_164221_7630354880_600_800_mask.png,es  of  10  mg.cm-2.day-1  were  found
45,5,90,11,412,200,502,211,412,200,502,200,502,211,412,211,sub_line_text,text,text_4,roboto,regular,9,20bol3c_20211228_164221_7630354880_600_800.png,/scratch/parceirosbr/bigoilict/share/BigOil/document_generator/datasets/documents_2021_12_28/20bol3c_20211228_164221_7630354880_600_800.png,20bol3c_20211228_164221_7630354880_600_800_mask.png,(Figure 2.7a and 2.7b)..
75,61,150,123,412,88,562,211,412,88,562,88,562,211,412,211,text,text,text_4,roboto,regular,9,20bol3c_20211228_164221_7630354880_600_800.png,/scratch/parceirosbr/bigoilict/share/BigOil/document_generator/datasets/documents_2021_12_28/20bol3c_20211228_164221_7630354880_600_800.png,20bol3c_20211228_164221_7630354880_600_800_mask.png,nan
68,5,136,11,426,219,562,230,426,219,562,219,562,230,426,230,sub_line_text,text,text_5,roboto,regular,9,20bol3c_20211228_164221_7630354880_600_800.png,/scratch/parceirosbr/bigoilict/share/BigOil/document_generator/datasets/documents_2021_12_28/20bol3c_20211228_164221_7630354880_600_800.png,20bol3c_20211228_164221_7630354880_600_800_mask.png,"If  not,  the  gravel  must be remov-"
75,5,150,11,412,235,562,246,412,235,562,235,562,246,412,246,sub_line_text,text,text_5,roboto,regular,9,20bol3c_20211228_164221_7630354880_600_800.png,/scratch/parceirosbr/bigoilict/share/BigOil/document_generator/datasets/documents_2021_12_28/20bol3c_20211228_164221_7630354880_600_800.png,20bol3c_20211228_164221_7630354880_600_800_mask.png,ed  from  the  tank  and  set  to dry. 40.
75,5,150,11,412,251,562,262,412,251,562,251,562,262,412,262,sub_line_text,text,text_5,roboto,regular,9,20bol3c_20211228_164221_7630354880_600_800.png,/scratch/parceirosbr/bigoilict/share/BigOil/document_generator/datasets/documents_2021_12_28/20bol3c_20211228_164221_7630354880_600_800.png,20bol3c_20211228_164221_7630354880_600_800_mask.png,Caxias  with  an  approximate extensi-
74,5,149,11,412,267,561,278,412,267,561,267,561,278,412,278,sub_line_text,text,text_5,roboto,regular,9,20bol3c_20211228_164221_7630354880_600_800.png,/scratch/parceirosbr/bigoilict/share/BigOil/document_generator/datasets/documents_2021_12_28/20bol3c_20211228_164221_7630354880_600_800.png,20bol3c_20211228_164221_7630354880_600_800_mask.png,on  of  5  km  and an area of 565 thou-
75,5,150,11,412,283,562,294,412,283,562,283,562,294,412,294,sub_line_text,text,text_5,roboto,regular,9,20bol3c_20211228_164221_7630354880_600_800.png,/scratch/parceirosbr/bigoilict/share/BigOil/document_generator/datasets/documents_2021_12_28/20bol3c_20211228_164221_7630354880_600_800.png,20bol3c_20211228_164221_7630354880_600_800_mask.png,"sand  square  meters. At this stage, t-"
71,61,143,123,412,318,555,441,412,318,555,318,555,441,412,441,list,list,list_3,roboto,roboto,9,20bol3c_20211228_164221_7630354880_600_800.png,/scratch/parceirosbr/bigoilict/share/BigOil/document_generator/datasets/documents_2021_12_28/20bol3c_20211228_164221_7630354880_600_800.png,20bol3c_20211228_164221_7630354880_600_800_mask.png,
72,5,145,11,412,299,557,310,412,299,557,299,557,310,412,310,sub_line_text,text,text_5,roboto,regular,9,20bol3c_20211228_164221_7630354880_600_800.png,/scratch/parceirosbr/bigoilict/share/BigOil/document_generator/datasets/documents_2021_12_28/20bol3c_20211228_164221_7630354880_600_800.png,20bol3c_20211228_164221_7630354880_600_800_mask.png,he oil is forced to the surface due to.
75,45,150,91,412,219,562,310,412,219,562,219,562,310,412,310,text,text,text_5,roboto,regular,9,20bol3c_20211228_164221_7630354880_600_800.png,/scratch/parceirosbr/bigoilict/share/BigOil/document_generator/datasets/documents_2021_12_28/20bol3c_20211228_164221_7630354880_600_800.png,20bol3c_20211228_164221_7630354880_600_800_mask.png,nan
68,5,137,11,412,318,549,329,412,318,549,318,549,329,412,329,sub_line_text,list,list_3,roboto,regular,9,20bol3c_20211228_164221_7630354880_600_800.png,/scratch/parceirosbr/bigoilict/share/BigOil/document_generator/datasets/documents_2021_12_28/20bol3c_20211228_164221_7630354880_600_800.png,20bol3c_20211228_164221_7630354880_600_800_mask.png,-  When chitosan was added at the
60,5,121,11,412,334,533,345,412,334,533,334,533,345,412,345,sub_line_text,list,list_3,roboto,regular,9,20bol3c_20211228_164221_7630354880_600_800.png,/scratch/parceirosbr/bigoilict/share/BigOil/document_generator/datasets/documents_2021_12_28/20bol3c_20211228_164221_7630354880_600_800.png,20bol3c_20211228_164221_7630354880_600_800_mask.png,-  The formation of larger chain
53,5,106,11,412,350,518,361,412,350,518,350,518,361,412,361,sub_line_text,list,list_3,roboto,regular,9,20bol3c_20211228_164221_7630354880_600_800.png,/scratch/parceirosbr/bigoilict/share/BigOil/document_generator/datasets/documents_2021_12_28/20bol3c_20211228_164221_7630354880_600_800.png,20bol3c_20211228_164221_7630354880_600_800_mask.png,-  3.16 simplifies a unit that
50,5,100,11,412,366,512,377,412,366,512,366,512,377,412,377,sub_line_text,list,list_3,roboto,regular,9,20bol3c_20211228_164221_7630354880_600_800.png,/scratch/parceirosbr/bigoilict/share/BigOil/document_generator/datasets/documents_2021_12_28/20bol3c_20211228_164221_7630354880_600_800.png,20bol3c_20211228_164221_7630354880_600_800_mask.png,-  A an√°lise de frequ√™ncia
23,5,47,11,412,382,459,393,412,382,459,382,459,393,412,393,sub_line_text,list,list_3,roboto,regular,9,20bol3c_20211228_164221_7630354880_600_800.png,/scratch/parceirosbr/bigoilict/share/BigOil/document_generator/datasets/documents_2021_12_28/20bol3c_20211228_164221_7630354880_600_800.png,20bol3c_20211228_164221_7630354880_600_800_mask.png,-  The set of
71,5,143,11,412,398,555,409,412,398,555,398,555,409,412,409,sub_line_text,list,list_3,roboto,regular,9,20bol3c_20211228_164221_7630354880_600_800.png,/scratch/parceirosbr/bigoilict/share/BigOil/document_generator/datasets/documents_2021_12_28/20bol3c_20211228_164221_7630354880_600_800.png,20bol3c_20211228_164221_7630354880_600_800_mask.png,-  V√°rios modelos matem√°ticos t√™m
59,5,119,11,412,414,531,425,412,414,531,414,531,425,412,425,sub_line_text,list,list_3,roboto,regular,9,20bol3c_20211228_164221_7630354880_600_800.png,/scratch/parceirosbr/bigoilict/share/BigOil/document_generator/datasets/documents_2021_12_28/20bol3c_20211228_164221_7630354880_600_800.png,20bol3c_20211228_164221_7630354880_600_800_mask.png,-  Since the implementation of
46,5,93,11,412,430,505,441,412,430,505,430,505,441,412,441,sub_line_text,list,list_3,roboto,regular,9,20bol3c_20211228_164221_7630354880_600_800.png,/scratch/parceirosbr/bigoilict/share/BigOil/document_generator/datasets/documents_2021_12_28/20bol3c_20211228_164221_7630354880_600_800.png,20bol3c_20211228_164221_7630354880_600_800_mask.png,-  Review articles would
68,5,136,11,426,449,562,460,426,449,562,449,562,460,426,460,sub_line_text,text,text_6,roboto,regular,9,20bol3c_20211228_164221_7630354880_600_800.png,/scratch/parceirosbr/bigoilict/share/BigOil/document_generator/datasets/documents_2021_12_28/20bol3c_20211228_164221_7630354880_600_800.png,20bol3c_20211228_164221_7630354880_600_800_mask.png,"In  2010,  387  fuels  were register-"
75,5,150,11,412,465,562,476,412,465,562,465,562,476,412,476,sub_line_text,text,text_6,roboto,regular,9,20bol3c_20211228_164221_7630354880_600_800.png,/scratch/parceirosbr/bigoilict/share/BigOil/document_generator/datasets/documents_2021_12_28/20bol3c_20211228_164221_7630354880_600_800.png,20bol3c_20211228_164221_7630354880_600_800_mask.png,ed  in  the number 10.8% lower than in
75,5,150,11,412,481,562,492,412,481,562,481,562,492,412,492,sub_line_text,text,text_6,roboto,regular,9,20bol3c_20211228_164221_7630354880_600_800.png,/scratch/parceirosbr/bigoilict/share/BigOil/document_generator/datasets/documents_2021_12_28/20bol3c_20211228_164221_7630354880_600_800.png,20bol3c_20211228_164221_7630354880_600_800_mask.png,"2009,  when  there  were 434 register-"
75,5,150,11,412,497,562,508,412,497,562,497,562,508,412,508,sub_line_text,text,text_6,roboto,regular,9,20bol3c_20211228_164221_7630354880_600_800.png,/scratch/parceirosbr/bigoilict/share/BigOil/document_generator/datasets/documents_2021_12_28/20bol3c_20211228_164221_7630354880_600_800.png,20bol3c_20211228_164221_7630354880_600_800_mask.png,"ed.  National  of e, the production of b-"
74,5,149,11,412,513,561,524,412,513,561,513,561,524,412,524,sub_line_text,text,text_6,roboto,regular,9,20bol3c_20211228_164221_7630354880_600_800.png,/scratch/parceirosbr/bigoilict/share/BigOil/document_generator/datasets/documents_2021_12_28/20bol3c_20211228_164221_7630354880_600_800.png,20bol3c_20211228_164221_7630354880_600_800_mask.png,ioethanol  using  cellulose does not y-
75,5,150,11,412,529,562,540,412,529,562,529,562,540,412,540,sub_line_text,text,text_6,roboto,regular,9,20bol3c_20211228_164221_7630354880_600_800.png,/scratch/parceirosbr/bigoilict/share/BigOil/document_generator/datasets/documents_2021_12_28/20bol3c_20211228_164221_7630354880_600_800.png,20bol3c_20211228_164221_7630354880_600_800_mask.png,et  have  a  real  impact  in  the current
75,5,150,11,412,545,562,556,412,545,562,545,562,556,412,556,sub_line_text,text,text_6,roboto,regular,9,20bol3c_20211228_164221_7630354880_600_800.png,/scratch/parceirosbr/bigoilict/share/BigOil/document_generator/datasets/documents_2021_12_28/20bol3c_20211228_164221_7630354880_600_800.png,20bol3c_20211228_164221_7630354880_600_800_mask.png,"energy   context,  still  having  technol-"
76,29,153,59,412,596,565,655,412,596,565,596,565,655,412,655,list,list,list_4,roboto,roboto,9,20bol3c_20211228_164221_7630354880_600_800.png,/scratch/parceirosbr/bigoilict/share/BigOil/document_generator/datasets/documents_2021_12_28/20bol3c_20211228_164221_7630354880_600_800.png,20bol3c_20211228_164221_7630354880_600_800_mask.png,
74,5,149,11,412,561,561,572,412,561,561,561,561,572,412,572,sub_line_text,text,text_6,roboto,regular,9,20bol3c_20211228_164221_7630354880_600_800.png,/scratch/parceirosbr/bigoilict/share/BigOil/document_generator/datasets/documents_2021_12_28/20bol3c_20211228_164221_7630354880_600_800.png,20bol3c_20211228_164221_7630354880_600_800_mask.png,ogical  and  economic obstacles to o-
26,5,53,11,412,577,465,588,412,577,465,577,465,588,412,588,sub_line_text,text,text_6,roboto,regular,9,20bol3c_20211228_164221_7630354880_600_800.png,/scratch/parceirosbr/bigoilict/share/BigOil/document_generator/datasets/documents_2021_12_28/20bol3c_20211228_164221_7630354880_600_800.png,20bol3c_20211228_164221_7630354880_600_800_mask.png,vercome. 24..
75,69,150,139,412,449,562,588,412,449,562,449,562,588,412,588,text,text,text_6,roboto,regular,9,20bol3c_20211228_164221_7630354880_600_800.png,/scratch/parceirosbr/bigoilict/share/BigOil/document_generator/datasets/documents_2021_12_28/20bol3c_20211228_164221_7630354880_600_800.png,20bol3c_20211228_164221_7630354880_600_800_mask.png,nan
53,5,106,11,412,596,518,607,412,596,518,596,518,607,412,607,sub_line_text,list,list_4,roboto,regular,9,20bol3c_20211228_164221_7630354880_600_800.png,/scratch/parceirosbr/bigoilict/share/BigOil/document_generator/datasets/documents_2021_12_28/20bol3c_20211228_164221_7630354880_600_800.png,20bol3c_20211228_164221_7630354880_600_800_mask.png,-  And which have not been
56,5,112,11,412,612,524,623,412,612,524,612,524,623,412,623,sub_line_text,list,list_4,roboto,regular,9,20bol3c_20211228_164221_7630354880_600_800.png,/scratch/parceirosbr/bigoilict/share/BigOil/document_generator/datasets/documents_2021_12_28/20bol3c_20211228_164221_7630354880_600_800.png,20bol3c_20211228_164221_7630354880_600_800_mask.png,-  Os valores de faturamento
58,5,116,11,412,628,528,639,412,628,528,628,528,639,412,639,sub_line_text,list,list_4,roboto,regular,9,20bol3c_20211228_164221_7630354880_600_800.png,/scratch/parceirosbr/bigoilict/share/BigOil/document_generator/datasets/documents_2021_12_28/20bol3c_20211228_164221_7630354880_600_800.png,20bol3c_20211228_164221_7630354880_600_800_mask.png,-  Device designed to perform
76,5,153,11,412,644,565,655,412,644,565,644,565,655,412,655,sub_line_text,list,list_4,roboto,regular,9,20bol3c_20211228_164221_7630354880_600_800.png,/scratch/parceirosbr/bigoilict/share/BigOil/document_generator/datasets/documents_2021_12_28/20bol3c_20211228_164221_7630354880_600_800.png,20bol3c_20211228_164221_7630354880_600_800_mask.png,"-  Segundo,  existem duas maneiras de"
68,5,136,11,426,663,562,674,426,663,562,663,562,674,426,674,sub_line_text,text,text_7,roboto,regular,9,20bol3c_20211228_164221_7630354880_600_800.png,/scratch/parceirosbr/bigoilict/share/BigOil/document_generator/datasets/documents_2021_12_28/20bol3c_20211228_164221_7630354880_600_800.png,20bol3c_20211228_164221_7630354880_600_800_mask.png,Selecionando       cuidadosamente
74,5,149,11,412,679,561,690,412,679,561,679,561,690,412,690,sub_line_text,text,text_7,roboto,regular,9,20bol3c_20211228_164221_7630354880_600_800.png,/scratch/parceirosbr/bigoilict/share/BigOil/document_generator/datasets/documents_2021_12_28/20bol3c_20211228_164221_7630354880_600_800.png,20bol3c_20211228_164221_7630354880_600_800_mask.png,"essa   rela√ß√£o,   resultaram   em  uma"
74,5,149,11,412,695,561,706,412,695,561,695,561,706,412,706,sub_line_text,text,text_7,roboto,regular,9,20bol3c_20211228_164221_7630354880_600_800.png,/scratch/parceirosbr/bigoilict/share/BigOil/document_generator/datasets/documents_2021_12_28/20bol3c_20211228_164221_7630354880_600_800.png,20bol3c_20211228_164221_7630354880_600_800_mask.png,melhor  distribui√ß√£o  de soluto no sis-
36,5,72,11,412,711,484,722,412,711,484,711,484,722,412,722,sub_line_text,text,text_7,roboto,regular,9,20bol3c_20211228_164221_7630354880_600_800.png,/scratch/parceirosbr/bigoilict/share/BigOil/document_generator/datasets/documents_2021_12_28/20bol3c_20211228_164221_7630354880_600_800.png,20bol3c_20211228_164221_7630354880_600_800_mask.png,tema de extra√ß√£o.
75,29,150,59,412,663,562,722,412,663,562,663,562,722,412,722,text,text,text_7,roboto,regular,9,20bol3c_20211228_164221_7630354880_600_800.png,/scratch/parceirosbr/bigoilict/share/BigOil/document_generator/datasets/documents_2021_12_28/20bol3c_20211228_164221_7630354880_600_800.png,20bol3c_20211228_164221_7630354880_600_800_mask.png,nan
