center_x,center_y,width,height,xmin,ymin,xmax,ymax,top_left_x,top_left_y,top_right_x,top_right_y,bottom_right_x,bottom_right_y,bottom_left_x,bottom_left_y,label,grouplabel,group,text_font,text_style,size_font,filename,path,filename_mask,content
300,400,600,800,0,0,600,800,0,0,600,0,600,800,0,800,document,,,,,,20bol3c_20211228_164211_4547935842_600_800.png,/scratch/parceirosbr/bigoilict/share/BigOil/document_generator/datasets/documents_2021_12_28/20bol3c_20211228_164211_4547935842_600_800.png,20bol3c_20211228_164211_4547935842_600_800_mask.png,
241,0,483,1,76,734,559,735,76,734,559,734,559,735,76,735,line,line,line,,,,20bol3c_20211228_164211_4547935842_600_800.png,/scratch/parceirosbr/bigoilict/share/BigOil/document_generator/datasets/documents_2021_12_28/20bol3c_20211228_164211_4547935842_600_800.png,20bol3c_20211228_164211_4547935842_600_800_mask.png,nan
5,5,10,10,76,734,86,744,76,734,86,734,86,744,76,744,sub_line_text,numpag,footer_1,roboto,regular,9,20bol3c_20211228_164211_4547935842_600_800.png,/scratch/parceirosbr/bigoilict/share/BigOil/document_generator/datasets/documents_2021_12_28/20bol3c_20211228_164211_4547935842_600_800.png,20bol3c_20211228_164211_4547935842_600_800_mask.png,67
5,5,10,10,76,734,86,744,76,734,86,734,86,744,76,744,text,numpag,footer_1,roboto,regular,9,20bol3c_20211228_164211_4547935842_600_800.png,/scratch/parceirosbr/bigoilict/share/BigOil/document_generator/datasets/documents_2021_12_28/20bol3c_20211228_164211_4547935842_600_800.png,20bol3c_20211228_164211_4547935842_600_800_mask.png,nan
15,5,31,10,527,734,558,744,527,734,558,734,558,744,527,744,sub_line_text,footer,footer_1,roboto,regular,9,20bol3c_20211228_164211_4547935842_600_800.png,/scratch/parceirosbr/bigoilict/share/BigOil/document_generator/datasets/documents_2021_12_28/20bol3c_20211228_164211_4547935842_600_800.png,20bol3c_20211228_164211_4547935842_600_800_mask.png,And the
15,5,31,10,527,734,558,744,527,734,558,734,558,744,527,744,text,footer,footer_1,roboto,regular,9,20bol3c_20211228_164211_4547935842_600_800.png,/scratch/parceirosbr/bigoilict/share/BigOil/document_generator/datasets/documents_2021_12_28/20bol3c_20211228_164211_4547935842_600_800.png,20bol3c_20211228_164211_4547935842_600_800_mask.png,nan
29,88,59,177,205,47,264,224,205,47,264,47,264,224,205,224,image,figure_image,figure_0,,,,20bol3c_20211228_164211_4547935842_600_800.png,/scratch/parceirosbr/bigoilict/share/BigOil/document_generator/datasets/documents_2021_12_28/20bol3c_20211228_164211_4547935842_600_800.png,20bol3c_20211228_164211_4547935842_600_800_mask.png,output/gen_img_20211228_164212_3030679287.png
15,0,30,-1,218,210,248,209,218,204,249,210,248,215,217,209,text,figure_text,figure_0,,,,20bol3c_20211228_164211_4547935842_600_800.png,/scratch/parceirosbr/bigoilict/share/BigOil/document_generator/datasets/documents_2021_12_28/20bol3c_20211228_164211_4547935842_600_800.png,20bol3c_20211228_164211_4547935842_600_800_mask.png,Frequency (Hz)
15,0,30,-1,218,210,248,209,218,204,249,210,248,215,217,209,sub_line_text,figure_text,figure_0,,,,20bol3c_20211228_164211_4547935842_600_800.png,/scratch/parceirosbr/bigoilict/share/BigOil/document_generator/datasets/documents_2021_12_28/20bol3c_20211228_164211_4547935842_600_800.png,20bol3c_20211228_164211_4547935842_600_800_mask.png,Frequency (Hz)
5,-2,11,-5,224,119,235,114,224,110,237,119,235,123,221,114,text,figure_text,figure_0,,,,20bol3c_20211228_164211_4547935842_600_800.png,/scratch/parceirosbr/bigoilict/share/BigOil/document_generator/datasets/documents_2021_12_28/20bol3c_20211228_164211_4547935842_600_800.png,20bol3c_20211228_164211_4547935842_600_800_mask.png,Projects
5,-2,11,-5,224,119,235,114,224,110,237,119,235,123,221,114,sub_line_text,figure_text,figure_0,,,,20bol3c_20211228_164211_4547935842_600_800.png,/scratch/parceirosbr/bigoilict/share/BigOil/document_generator/datasets/documents_2021_12_28/20bol3c_20211228_164211_4547935842_600_800.png,20bol3c_20211228_164211_4547935842_600_800_mask.png,Projects
17,-1,35,-2,213,157,248,155,213,151,249,157,248,162,212,155,text,figure_text,figure_0,,,,20bol3c_20211228_164211_4547935842_600_800.png,/scratch/parceirosbr/bigoilict/share/BigOil/document_generator/datasets/documents_2021_12_28/20bol3c_20211228_164211_4547935842_600_800.png,20bol3c_20211228_164211_4547935842_600_800_mask.png,Consumption (TB)
17,-1,35,-2,213,157,248,155,213,151,249,157,248,162,212,155,sub_line_text,figure_text,figure_0,,,,20bol3c_20211228_164211_4547935842_600_800.png,/scratch/parceirosbr/bigoilict/share/BigOil/document_generator/datasets/documents_2021_12_28/20bol3c_20211228_164211_4547935842_600_800.png,20bol3c_20211228_164211_4547935842_600_800_mask.png,Consumption (TB)
6,-8,13,-16,216,101,229,85,216,82,232,101,229,103,213,85,text,figure_text,figure_0,,,,20bol3c_20211228_164211_4547935842_600_800.png,/scratch/parceirosbr/bigoilict/share/BigOil/document_generator/datasets/documents_2021_12_28/20bol3c_20211228_164211_4547935842_600_800.png,20bol3c_20211228_164211_4547935842_600_800_mask.png,Centimeters
6,-8,13,-16,216,101,229,85,216,82,232,101,229,103,213,85,sub_line_text,figure_text,figure_0,,,,20bol3c_20211228_164211_4547935842_600_800.png,/scratch/parceirosbr/bigoilict/share/BigOil/document_generator/datasets/documents_2021_12_28/20bol3c_20211228_164211_4547935842_600_800.png,20bol3c_20211228_164211_4547935842_600_800_mask.png,Centimeters
4,-6,9,-12,250,190,259,178,250,176,262,190,259,193,246,178,text,figure_text,figure_0,,,,20bol3c_20211228_164211_4547935842_600_800.png,/scratch/parceirosbr/bigoilict/share/BigOil/document_generator/datasets/documents_2021_12_28/20bol3c_20211228_164211_4547935842_600_800.png,20bol3c_20211228_164211_4547935842_600_800_mask.png,-1862.9%
4,-6,9,-12,250,190,259,178,250,176,262,190,259,193,246,178,sub_line_text,figure_text,figure_0,,,,20bol3c_20211228_164211_4547935842_600_800.png,/scratch/parceirosbr/bigoilict/share/BigOil/document_generator/datasets/documents_2021_12_28/20bol3c_20211228_164211_4547935842_600_800.png,20bol3c_20211228_164211_4547935842_600_800_mask.png,-1862.9%
1,-3,3,-7,216,179,219,172,216,170,223,179,219,182,212,172,text,figure_text,figure_0,,,,20bol3c_20211228_164211_4547935842_600_800.png,/scratch/parceirosbr/bigoilict/share/BigOil/document_generator/datasets/documents_2021_12_28/20bol3c_20211228_164211_4547935842_600_800.png,20bol3c_20211228_164211_4547935842_600_800_mask.png,-8750
1,-3,3,-7,216,179,219,172,216,170,223,179,219,182,212,172,sub_line_text,figure_text,figure_0,,,,20bol3c_20211228_164211_4547935842_600_800.png,/scratch/parceirosbr/bigoilict/share/BigOil/document_generator/datasets/documents_2021_12_28/20bol3c_20211228_164211_4547935842_600_800.png,20bol3c_20211228_164211_4547935842_600_800_mask.png,-8750
6,0,13,-1,218,70,231,69,218,65,233,70,231,74,216,69,text,figure_text,figure_0,,,,20bol3c_20211228_164211_4547935842_600_800.png,/scratch/parceirosbr/bigoilict/share/BigOil/document_generator/datasets/documents_2021_12_28/20bol3c_20211228_164211_4547935842_600_800.png,20bol3c_20211228_164211_4547935842_600_800_mask.png,-7152%
6,0,13,-1,218,70,231,69,218,65,233,70,231,74,216,69,sub_line_text,figure_text,figure_0,,,,20bol3c_20211228_164211_4547935842_600_800.png,/scratch/parceirosbr/bigoilict/share/BigOil/document_generator/datasets/documents_2021_12_28/20bol3c_20211228_164211_4547935842_600_800.png,20bol3c_20211228_164211_4547935842_600_800_mask.png,-7152%
6,0,12,-1,224,194,236,193,224,189,238,194,236,198,222,193,text,figure_text,figure_0,,,,20bol3c_20211228_164211_4547935842_600_800.png,/scratch/parceirosbr/bigoilict/share/BigOil/document_generator/datasets/documents_2021_12_28/20bol3c_20211228_164211_4547935842_600_800.png,20bol3c_20211228_164211_4547935842_600_800_mask.png,600.2%
6,0,12,-1,224,194,236,193,224,189,238,194,236,198,222,193,sub_line_text,figure_text,figure_0,,,,20bol3c_20211228_164211_4547935842_600_800.png,/scratch/parceirosbr/bigoilict/share/BigOil/document_generator/datasets/documents_2021_12_28/20bol3c_20211228_164211_4547935842_600_800.png,20bol3c_20211228_164211_4547935842_600_800_mask.png,600.2%
9,0,19,0,221,130,240,130,221,126,241,130,240,134,220,130,text,figure_text,figure_0,,,,20bol3c_20211228_164211_4547935842_600_800.png,/scratch/parceirosbr/bigoilict/share/BigOil/document_generator/datasets/documents_2021_12_28/20bol3c_20211228_164211_4547935842_600_800.png,20bol3c_20211228_164211_4547935842_600_800_mask.png,-4033.131
9,0,19,0,221,130,240,130,221,126,241,130,240,134,220,130,sub_line_text,figure_text,figure_0,,,,20bol3c_20211228_164211_4547935842_600_800.png,/scratch/parceirosbr/bigoilict/share/BigOil/document_generator/datasets/documents_2021_12_28/20bol3c_20211228_164211_4547935842_600_800.png,20bol3c_20211228_164211_4547935842_600_800_mask.png,-4033.131
3,-4,7,-9,248,104,255,95,248,93,258,104,255,107,244,95,text,figure_text,figure_0,,,,20bol3c_20211228_164211_4547935842_600_800.png,/scratch/parceirosbr/bigoilict/share/BigOil/document_generator/datasets/documents_2021_12_28/20bol3c_20211228_164211_4547935842_600_800.png,20bol3c_20211228_164211_4547935842_600_800_mask.png,-3518%
3,-4,7,-9,248,104,255,95,248,93,258,104,255,107,244,95,sub_line_text,figure_text,figure_0,,,,20bol3c_20211228_164211_4547935842_600_800.png,/scratch/parceirosbr/bigoilict/share/BigOil/document_generator/datasets/documents_2021_12_28/20bol3c_20211228_164211_4547935842_600_800.png,20bol3c_20211228_164211_4547935842_600_800_mask.png,-3518%
6,-1,13,-3,237,143,250,140,237,137,251,143,250,147,236,140,text,figure_text,figure_0,,,,20bol3c_20211228_164211_4547935842_600_800.png,/scratch/parceirosbr/bigoilict/share/BigOil/document_generator/datasets/documents_2021_12_28/20bol3c_20211228_164211_4547935842_600_800.png,20bol3c_20211228_164211_4547935842_600_800_mask.png,-5193.4
6,-1,13,-3,237,143,250,140,237,137,251,143,250,147,236,140,sub_line_text,figure_text,figure_0,,,,20bol3c_20211228_164211_4547935842_600_800.png,/scratch/parceirosbr/bigoilict/share/BigOil/document_generator/datasets/documents_2021_12_28/20bol3c_20211228_164211_4547935842_600_800.png,20bol3c_20211228_164211_4547935842_600_800_mask.png,-5193.4
2,-3,5,-6,209,196,214,190,209,188,217,196,214,199,206,190,text,figure_text,figure_0,,,,20bol3c_20211228_164211_4547935842_600_800.png,/scratch/parceirosbr/bigoilict/share/BigOil/document_generator/datasets/documents_2021_12_28/20bol3c_20211228_164211_4547935842_600_800.png,20bol3c_20211228_164211_4547935842_600_800_mask.png,267%
2,-3,5,-6,209,196,214,190,209,188,217,196,214,199,206,190,sub_line_text,figure_text,figure_0,,,,20bol3c_20211228_164211_4547935842_600_800.png,/scratch/parceirosbr/bigoilict/share/BigOil/document_generator/datasets/documents_2021_12_28/20bol3c_20211228_164211_4547935842_600_800.png,20bol3c_20211228_164211_4547935842_600_800_mask.png,267%
5,-2,11,-5,238,81,249,76,238,73,251,81,249,84,236,76,text,figure_text,figure_0,,,,20bol3c_20211228_164211_4547935842_600_800.png,/scratch/parceirosbr/bigoilict/share/BigOil/document_generator/datasets/documents_2021_12_28/20bol3c_20211228_164211_4547935842_600_800.png,20bol3c_20211228_164211_4547935842_600_800_mask.png,Particle
5,-2,11,-5,238,81,249,76,238,73,251,81,249,84,236,76,sub_line_text,figure_text,figure_0,,,,20bol3c_20211228_164211_4547935842_600_800.png,/scratch/parceirosbr/bigoilict/share/BigOil/document_generator/datasets/documents_2021_12_28/20bol3c_20211228_164211_4547935842_600_800.png,20bol3c_20211228_164211_4547935842_600_800_mask.png,Particle
138,6,277,12,76,229,353,241,76,229,353,229,353,241,76,241,sub_line_text,figure_legend,figure_0,roboto,bolditalic,9,20bol3c_20211228_164211_4547935842_600_800.png,/scratch/parceirosbr/bigoilict/share/BigOil/document_generator/datasets/documents_2021_12_28/20bol3c_20211228_164211_4547935842_600_800.png,20bol3c_20211228_164211_4547935842_600_800_mask.png,Fig.   68:     Reaction  3.9  of  methanol  from  synthesis  gas  16  2CH3-
139,6,278,12,76,245,354,257,76,245,354,245,354,257,76,257,sub_line_text,figure_legend,figure_0,roboto,bolditalic,9,20bol3c_20211228_164211_4547935842_600_800.png,/scratch/parceirosbr/bigoilict/share/BigOil/document_generator/datasets/documents_2021_12_28/20bol3c_20211228_164211_4547935842_600_800.png,20bol3c_20211228_164211_4547935842_600_800_mask.png,"OH.   Chemistry   of   and   with   two   solutions,   the   first  being  (Figu-"
53,6,106,12,76,261,182,273,76,261,182,261,182,273,76,273,sub_line_text,figure_legend,figure_0,roboto,bolditalic,9,20bol3c_20211228_164211_4547935842_600_800.png,/scratch/parceirosbr/bigoilict/share/BigOil/document_generator/datasets/documents_2021_12_28/20bol3c_20211228_164211_4547935842_600_800.png,20bol3c_20211228_164211_4547935842_600_800_mask.png,"re 19.A), composed of 10g"
139,22,278,44,76,229,354,273,76,229,354,229,354,273,76,273,text,figure_legend,figure_0,roboto,bolditalic,9,20bol3c_20211228_164211_4547935842_600_800.png,/scratch/parceirosbr/bigoilict/share/BigOil/document_generator/datasets/documents_2021_12_28/20bol3c_20211228_164211_4547935842_600_800.png,20bol3c_20211228_164211_4547935842_600_800_mask.png,nan
67,5,134,11,90,279,224,290,90,279,224,279,224,290,90,290,sub_line_text,text,text_0,roboto,regular,9,20bol3c_20211228_164211_4547935842_600_800.png,/scratch/parceirosbr/bigoilict/share/BigOil/document_generator/datasets/documents_2021_12_28/20bol3c_20211228_164211_4547935842_600_800.png,20bol3c_20211228_164211_4547935842_600_800_mask.png,Os  principais  modais de transfe-
73,5,147,11,76,294,223,305,76,294,223,294,223,305,76,305,sub_line_text,text,text_0,roboto,regular,9,20bol3c_20211228_164211_4547935842_600_800.png,/scratch/parceirosbr/bigoilict/share/BigOil/document_generator/datasets/documents_2021_12_28/20bol3c_20211228_164211_4547935842_600_800.png,20bol3c_20211228_164211_4547935842_600_800_mask.png,rência  para  bases de distribuição s-
73,5,147,11,76,309,223,320,76,309,223,309,223,320,76,320,sub_line_text,text,text_0,roboto,regular,9,20bol3c_20211228_164211_4547935842_600_800.png,/scratch/parceirosbr/bigoilict/share/BigOil/document_generator/datasets/documents_2021_12_28/20bol3c_20211228_164211_4547935842_600_800.png,20bol3c_20211228_164211_4547935842_600_800_mask.png,"ão  o  ferroviário  e o rodoviário, enqu-"
74,5,148,11,76,324,224,335,76,324,224,324,224,335,76,335,sub_line_text,text,text_0,roboto,regular,9,20bol3c_20211228_164211_4547935842_600_800.png,/scratch/parceirosbr/bigoilict/share/BigOil/document_generator/datasets/documents_2021_12_28/20bol3c_20211228_164211_4547935842_600_800.png,20bol3c_20211228_164211_4547935842_600_800_mask.png,anto  as  entregas  para  postos reve-
74,5,148,11,76,339,224,350,76,339,224,339,224,350,76,350,sub_line_text,text,text_0,roboto,regular,9,20bol3c_20211228_164211_4547935842_600_800.png,/scratch/parceirosbr/bigoilict/share/BigOil/document_generator/datasets/documents_2021_12_28/20bol3c_20211228_164211_4547935842_600_800.png,20bol3c_20211228_164211_4547935842_600_800_mask.png,ndedores  são  100%  rodoviárias e q-
73,5,147,11,76,354,223,365,76,354,223,354,223,365,76,365,sub_line_text,text,text_0,roboto,regular,9,20bol3c_20211228_164211_4547935842_600_800.png,/scratch/parceirosbr/bigoilict/share/BigOil/document_generator/datasets/documents_2021_12_28/20bol3c_20211228_164211_4547935842_600_800.png,20bol3c_20211228_164211_4547935842_600_800_mask.png,uase  sempre  de  curta distância.É i-
73,5,147,11,76,369,223,380,76,369,223,369,223,380,76,380,sub_line_text,text,text_0,roboto,regular,9,20bol3c_20211228_164211_4547935842_600_800.png,/scratch/parceirosbr/bigoilict/share/BigOil/document_generator/datasets/documents_2021_12_28/20bol3c_20211228_164211_4547935842_600_800.png,20bol3c_20211228_164211_4547935842_600_800_mask.png,"mportante  sublinhar que, entre os d-"
72,5,144,11,76,384,220,395,76,384,220,384,220,395,76,395,sub_line_text,text,text_0,roboto,regular,9,20bol3c_20211228_164211_4547935842_600_800.png,/scratch/parceirosbr/bigoilict/share/BigOil/document_generator/datasets/documents_2021_12_28/20bol3c_20211228_164211_4547935842_600_800.png,20bol3c_20211228_164211_4547935842_600_800_mask.png,iversos custos incorridos pelas dist.
74,58,148,116,76,279,224,395,76,279,224,279,224,395,76,395,text,text,text_0,roboto,regular,9,20bol3c_20211228_164211_4547935842_600_800.png,/scratch/parceirosbr/bigoilict/share/BigOil/document_generator/datasets/documents_2021_12_28/20bol3c_20211228_164211_4547935842_600_800.png,20bol3c_20211228_164211_4547935842_600_800_mask.png,nan
54,9,108,18,97,399,205,417,97,399,205,399,205,417,97,417,sub_line_text,subtitle,subtitle_0,roboto,regular,16,20bol3c_20211228_164211_4547935842_600_800.png,/scratch/parceirosbr/bigoilict/share/BigOil/document_generator/datasets/documents_2021_12_28/20bol3c_20211228_164211_4547935842_600_800.png,20bol3c_20211228_164211_4547935842_600_800_mask.png,"Most countries,"
54,9,108,18,97,399,205,417,97,399,205,399,205,417,97,417,title,subtitle,subtitle_0,roboto,regular,16,20bol3c_20211228_164211_4547935842_600_800.png,/scratch/parceirosbr/bigoilict/share/BigOil/document_generator/datasets/documents_2021_12_28/20bol3c_20211228_164211_4547935842_600_800.png,20bol3c_20211228_164211_4547935842_600_800_mask.png,nan
53,7,106,15,76,421,182,436,76,421,182,421,182,436,76,436,sub_line_text,subsubtitle,subsubtitle_0,roboto,bolditalic,12,20bol3c_20211228_164211_4547935842_600_800.png,/scratch/parceirosbr/bigoilict/share/BigOil/document_generator/datasets/documents_2021_12_28/20bol3c_20211228_164211_4547935842_600_800.png,20bol3c_20211228_164211_4547935842_600_800_mask.png,Amortecimento nos
53,7,106,15,76,421,182,436,76,421,182,421,182,436,76,436,title,subsubtitle,subsubtitle_0,roboto,bolditalic,12,20bol3c_20211228_164211_4547935842_600_800.png,/scratch/parceirosbr/bigoilict/share/BigOil/document_generator/datasets/documents_2021_12_28/20bol3c_20211228_164211_4547935842_600_800.png,20bol3c_20211228_164211_4547935842_600_800_mask.png,nan
67,5,134,11,90,440,224,451,90,440,224,440,224,451,90,451,sub_line_text,text,text_1,roboto,regular,9,20bol3c_20211228_164211_4547935842_600_800.png,/scratch/parceirosbr/bigoilict/share/BigOil/document_generator/datasets/documents_2021_12_28/20bol3c_20211228_164211_4547935842_600_800.png,20bol3c_20211228_164211_4547935842_600_800_mask.png,Com  o  intuito de aumentar a hid-
74,5,148,11,76,455,224,466,76,455,224,455,224,466,76,466,sub_line_text,text,text_1,roboto,regular,9,20bol3c_20211228_164211_4547935842_600_800.png,/scratch/parceirosbr/bigoilict/share/BigOil/document_generator/datasets/documents_2021_12_28/20bol3c_20211228_164211_4547935842_600_800.png,20bol3c_20211228_164211_4547935842_600_800_mask.png,"rofobicidade   da   superfície,  a  sílica"
73,5,147,11,76,470,223,481,76,470,223,470,223,481,76,481,sub_line_text,text,text_1,roboto,regular,9,20bol3c_20211228_164211_4547935842_600_800.png,/scratch/parceirosbr/bigoilict/share/BigOil/document_generator/datasets/documents_2021_12_28/20bol3c_20211228_164211_4547935842_600_800.png,20bol3c_20211228_164211_4547935842_600_800_mask.png,foi  derivatizada  com  grupos  octil c-
73,5,147,11,76,485,223,496,76,485,223,485,223,496,76,496,sub_line_text,text,text_1,roboto,regular,9,20bol3c_20211228_164211_4547935842_600_800.png,/scratch/parceirosbr/bigoilict/share/BigOil/document_generator/datasets/documents_2021_12_28/20bol3c_20211228_164211_4547935842_600_800.png,20bol3c_20211228_164211_4547935842_600_800_mask.png,onforme  metodologia descrita por e.
71,5,142,11,76,500,218,511,76,500,218,500,218,511,76,511,sub_line_text,text,text_1,roboto,regular,9,20bol3c_20211228_164211_4547935842_600_800.png,/scratch/parceirosbr/bigoilict/share/BigOil/document_generator/datasets/documents_2021_12_28/20bol3c_20211228_164211_4547935842_600_800.png,20bol3c_20211228_164211_4547935842_600_800_mask.png,Algumas medidas estatísticas bás.
74,35,148,71,76,440,224,511,76,440,224,440,224,511,76,511,text,text,text_1,roboto,regular,9,20bol3c_20211228_164211_4547935842_600_800.png,/scratch/parceirosbr/bigoilict/share/BigOil/document_generator/datasets/documents_2021_12_28/20bol3c_20211228_164211_4547935842_600_800.png,20bol3c_20211228_164211_4547935842_600_800_mask.png,nan
75,65,151,131,76,515,227,646,76,515,227,515,227,646,76,646,list,list,list_1,roboto,roboto,9,20bol3c_20211228_164211_4547935842_600_800.png,/scratch/parceirosbr/bigoilict/share/BigOil/document_generator/datasets/documents_2021_12_28/20bol3c_20211228_164211_4547935842_600_800.png,20bol3c_20211228_164211_4547935842_600_800_mask.png,
61,5,123,11,76,515,199,526,76,515,199,515,199,526,76,526,sub_line_text,list,list_1,roboto,regular,9,20bol3c_20211228_164211_4547935842_600_800.png,/scratch/parceirosbr/bigoilict/share/BigOil/document_generator/datasets/documents_2021_12_28/20bol3c_20211228_164211_4547935842_600_800.png,20bol3c_20211228_164211_4547935842_600_800_mask.png,-  No estudo clássico de navios
42,5,84,11,76,530,160,541,76,530,160,530,160,541,76,541,sub_line_text,list,list_1,roboto,regular,9,20bol3c_20211228_164211_4547935842_600_800.png,/scratch/parceirosbr/bigoilict/share/BigOil/document_generator/datasets/documents_2021_12_28/20bol3c_20211228_164211_4547935842_600_800.png,20bol3c_20211228_164211_4547935842_600_800_mask.png,"-  This way, the rolling"
75,5,151,11,76,545,227,556,76,545,227,545,227,556,76,556,sub_line_text,list,list_1,roboto,regular,9,20bol3c_20211228_164211_4547935842_600_800.png,/scratch/parceirosbr/bigoilict/share/BigOil/document_generator/datasets/documents_2021_12_28/20bol3c_20211228_164211_4547935842_600_800.png,20bol3c_20211228_164211_4547935842_600_800_mask.png,-  Direct     methanol     cells    (DMFCs)
18,5,37,11,82,560,119,571,82,560,119,560,119,571,82,571,sub_line_text,list,list_1,roboto,regular,9,20bol3c_20211228_164211_4547935842_600_800.png,/scratch/parceirosbr/bigoilict/share/BigOil/document_generator/datasets/documents_2021_12_28/20bol3c_20211228_164211_4547935842_600_800.png,20bol3c_20211228_164211_4547935842_600_800_mask.png,based on
61,5,123,11,76,575,199,586,76,575,199,575,199,586,76,586,sub_line_text,list,list_1,roboto,regular,9,20bol3c_20211228_164211_4547935842_600_800.png,/scratch/parceirosbr/bigoilict/share/BigOil/document_generator/datasets/documents_2021_12_28/20bol3c_20211228_164211_4547935842_600_800.png,20bol3c_20211228_164211_4547935842_600_800_mask.png,"-  Et al, foi executada de acordo"
73,5,146,11,76,590,222,601,76,590,222,590,222,601,76,601,sub_line_text,list,list_1,roboto,regular,9,20bol3c_20211228_164211_4547935842_600_800.png,/scratch/parceirosbr/bigoilict/share/BigOil/document_generator/datasets/documents_2021_12_28/20bol3c_20211228_164211_4547935842_600_800.png,20bol3c_20211228_164211_4547935842_600_800_mask.png,-  Este comportamento confirma que
54,5,108,11,76,605,184,616,76,605,184,605,184,616,76,616,sub_line_text,list,list_1,roboto,regular,9,20bol3c_20211228_164211_4547935842_600_800.png,/scratch/parceirosbr/bigoilict/share/BigOil/document_generator/datasets/documents_2021_12_28/20bol3c_20211228_164211_4547935842_600_800.png,20bol3c_20211228_164211_4547935842_600_800_mask.png,-  Para conseguir este feixe
33,5,67,11,76,620,143,631,76,620,143,620,143,631,76,631,sub_line_text,list,list_1,roboto,regular,9,20bol3c_20211228_164211_4547935842_600_800.png,/scratch/parceirosbr/bigoilict/share/BigOil/document_generator/datasets/documents_2021_12_28/20bol3c_20211228_164211_4547935842_600_800.png,20bol3c_20211228_164211_4547935842_600_800_mask.png,-  Para a garantia
32,5,64,11,76,635,140,646,76,635,140,635,140,646,76,646,sub_line_text,list,list_1,roboto,regular,9,20bol3c_20211228_164211_4547935842_600_800.png,/scratch/parceirosbr/bigoilict/share/BigOil/document_generator/datasets/documents_2021_12_28/20bol3c_20211228_164211_4547935842_600_800.png,20bol3c_20211228_164211_4547935842_600_800_mask.png,-  Arthur: de a da
66,5,133,11,90,650,223,661,90,650,223,650,223,661,90,661,sub_line_text,text,text_2,roboto,regular,9,20bol3c_20211228_164211_4547935842_600_800.png,/scratch/parceirosbr/bigoilict/share/BigOil/document_generator/datasets/documents_2021_12_28/20bol3c_20211228_164211_4547935842_600_800.png,20bol3c_20211228_164211_4547935842_600_800_mask.png,The   equipment   itself  evaluated
74,5,148,11,76,665,224,676,76,665,224,665,224,676,76,676,sub_line_text,text,text_2,roboto,regular,9,20bol3c_20211228_164211_4547935842_600_800.png,/scratch/parceirosbr/bigoilict/share/BigOil/document_generator/datasets/documents_2021_12_28/20bol3c_20211228_164211_4547935842_600_800.png,20bol3c_20211228_164211_4547935842_600_800_mask.png,the  result  as  a  low  quality analysis.
73,5,147,11,76,680,223,691,76,680,223,680,223,691,76,691,sub_line_text,text,text_2,roboto,regular,9,20bol3c_20211228_164211_4547935842_600_800.png,/scratch/parceirosbr/bigoilict/share/BigOil/document_generator/datasets/documents_2021_12_28/20bol3c_20211228_164211_4547935842_600_800.png,20bol3c_20211228_164211_4547935842_600_800_mask.png,O  sistema  inclusive  incentiva agen-
70,5,141,11,76,695,217,706,76,695,217,695,217,706,76,706,sub_line_text,text,text_2,roboto,regular,9,20bol3c_20211228_164211_4547935842_600_800.png,/scratch/parceirosbr/bigoilict/share/BigOil/document_generator/datasets/documents_2021_12_28/20bol3c_20211228_164211_4547935842_600_800.png,20bol3c_20211228_164211_4547935842_600_800_mask.png,tes não sujeitos às metas (um usu.
74,28,148,56,76,650,224,706,76,650,224,650,224,706,76,706,text,text,text_2,roboto,regular,9,20bol3c_20211228_164211_4547935842_600_800.png,/scratch/parceirosbr/bigoilict/share/BigOil/document_generator/datasets/documents_2021_12_28/20bol3c_20211228_164211_4547935842_600_800.png,20bol3c_20211228_164211_4547935842_600_800_mask.png,nan
64,5,129,11,90,710,219,721,90,710,219,710,219,721,90,721,sub_line_text,text,text_3,roboto,regular,9,20bol3c_20211228_164211_4547935842_600_800.png,/scratch/parceirosbr/bigoilict/share/BigOil/document_generator/datasets/documents_2021_12_28/20bol3c_20211228_164211_4547935842_600_800.png,20bol3c_20211228_164211_4547935842_600_800_mask.png,"For example, surface casing sh-."
64,5,129,11,90,710,219,721,90,710,219,710,219,721,90,721,text,text,text_3,roboto,regular,9,20bol3c_20211228_164211_4547935842_600_800.png,/scratch/parceirosbr/bigoilict/share/BigOil/document_generator/datasets/documents_2021_12_28/20bol3c_20211228_164211_4547935842_600_800.png,20bol3c_20211228_164211_4547935842_600_800_mask.png,nan
67,5,134,11,256,279,390,290,256,279,390,279,390,290,256,290,sub_line_text,text,text_4,roboto,regular,9,20bol3c_20211228_164211_4547935842_600_800.png,/scratch/parceirosbr/bigoilict/share/BigOil/document_generator/datasets/documents_2021_12_28/20bol3c_20211228_164211_4547935842_600_800.png,20bol3c_20211228_164211_4547935842_600_800_mask.png,"For  such  determinations,  the X--"
73,5,147,11,242,294,389,305,242,294,389,294,389,305,242,305,sub_line_text,text,text_4,roboto,regular,9,20bol3c_20211228_164211_4547935842_600_800.png,/scratch/parceirosbr/bigoilict/share/BigOil/document_generator/datasets/documents_2021_12_28/20bol3c_20211228_164211_4547935842_600_800.png,20bol3c_20211228_164211_4547935842_600_800_mask.png,ray  fluorescence  spectrometer is u-
74,5,148,11,242,309,390,320,242,309,390,309,390,320,242,320,sub_line_text,text,text_4,roboto,regular,9,20bol3c_20211228_164211_4547935842_600_800.png,/scratch/parceirosbr/bigoilict/share/BigOil/document_generator/datasets/documents_2021_12_28/20bol3c_20211228_164211_4547935842_600_800.png,20bol3c_20211228_164211_4547935842_600_800_mask.png,"sed,  which  uses primary radiation to"
74,5,148,11,242,324,390,335,242,324,390,324,390,335,242,335,sub_line_text,text,text_4,roboto,regular,9,20bol3c_20211228_164211_4547935842_600_800.png,/scratch/parceirosbr/bigoilict/share/BigOil/document_generator/datasets/documents_2021_12_28/20bol3c_20211228_164211_4547935842_600_800.png,20bol3c_20211228_164211_4547935842_600_800_mask.png,cause   fluorescent   emission  in  the
74,5,148,11,242,339,390,350,242,339,390,339,390,350,242,350,sub_line_text,text,text_4,roboto,regular,9,20bol3c_20211228_164211_4547935842_600_800.png,/scratch/parceirosbr/bigoilict/share/BigOil/document_generator/datasets/documents_2021_12_28/20bol3c_20211228_164211_4547935842_600_800.png,20bol3c_20211228_164211_4547935842_600_800_mask.png,sample.  The culture medium used d-
69,5,139,11,242,354,381,365,242,354,381,354,381,365,242,365,sub_line_text,text,text_4,roboto,regular,9,20bol3c_20211228_164211_4547935842_600_800.png,/scratch/parceirosbr/bigoilict/share/BigOil/document_generator/datasets/documents_2021_12_28/20bol3c_20211228_164211_4547935842_600_800.png,20bol3c_20211228_164211_4547935842_600_800_mask.png,id not show lipase activity for the a.
74,43,148,86,242,279,390,365,242,279,390,279,390,365,242,365,text,text,text_4,roboto,regular,9,20bol3c_20211228_164211_4547935842_600_800.png,/scratch/parceirosbr/bigoilict/share/BigOil/document_generator/datasets/documents_2021_12_28/20bol3c_20211228_164211_4547935842_600_800.png,20bol3c_20211228_164211_4547935842_600_800_mask.png,nan
67,5,134,11,256,369,390,380,256,369,390,369,390,380,256,380,sub_line_text,text,text_5,roboto,regular,9,20bol3c_20211228_164211_4547935842_600_800.png,/scratch/parceirosbr/bigoilict/share/BigOil/document_generator/datasets/documents_2021_12_28/20bol3c_20211228_164211_4547935842_600_800.png,20bol3c_20211228_164211_4547935842_600_800_mask.png,This  operator  was  built  from  an
74,5,148,11,242,384,390,395,242,384,390,384,390,395,242,395,sub_line_text,text,text_5,roboto,regular,9,20bol3c_20211228_164211_4547935842_600_800.png,/scratch/parceirosbr/bigoilict/share/BigOil/document_generator/datasets/documents_2021_12_28/20bol3c_20211228_164211_4547935842_600_800.png,20bol3c_20211228_164211_4547935842_600_800_mask.png,inverse  transformation  of the opera-
73,5,147,11,242,399,389,410,242,399,389,399,389,410,242,410,sub_line_text,text,text_5,roboto,regular,9,20bol3c_20211228_164211_4547935842_600_800.png,/scratch/parceirosbr/bigoilict/share/BigOil/document_generator/datasets/documents_2021_12_28/20bol3c_20211228_164211_4547935842_600_800.png,20bol3c_20211228_164211_4547935842_600_800_mask.png,tor  originally  given  in entropy variab-
74,5,148,11,242,414,390,425,242,414,390,414,390,425,242,425,sub_line_text,text,text_5,roboto,regular,9,20bol3c_20211228_164211_4547935842_600_800.png,/scratch/parceirosbr/bigoilict/share/BigOil/document_generator/datasets/documents_2021_12_28/20bol3c_20211228_164211_4547935842_600_800.png,20bol3c_20211228_164211_4547935842_600_800_mask.png,les  in and. consumiram integralmen-
74,5,148,11,242,429,390,440,242,429,390,429,390,440,242,440,sub_line_text,text,text_5,roboto,regular,9,20bol3c_20211228_164211_4547935842_600_800.png,/scratch/parceirosbr/bigoilict/share/BigOil/document_generator/datasets/documents_2021_12_28/20bol3c_20211228_164211_4547935842_600_800.png,20bol3c_20211228_164211_4547935842_600_800_mask.png,"te  o  glicerol presente no meio 100%,"
74,5,148,11,242,444,390,455,242,444,390,444,390,455,242,455,sub_line_text,text,text_5,roboto,regular,9,20bol3c_20211228_164211_4547935842_600_800.png,/scratch/parceirosbr/bigoilict/share/BigOil/document_generator/datasets/documents_2021_12_28/20bol3c_20211228_164211_4547935842_600_800.png,20bol3c_20211228_164211_4547935842_600_800_mask.png,nas  condições  estudadas). o proce-
72,5,144,11,242,459,386,470,242,459,386,459,386,470,242,470,sub_line_text,text,text_5,roboto,regular,9,20bol3c_20211228_164211_4547935842_600_800.png,/scratch/parceirosbr/bigoilict/share/BigOil/document_generator/datasets/documents_2021_12_28/20bol3c_20211228_164211_4547935842_600_800.png,20bol3c_20211228_164211_4547935842_600_800_mask.png,dimento será o mesmo que para as.
75,50,150,101,242,474,392,575,242,474,392,474,392,575,242,575,list,list,list_2,roboto,roboto,9,20bol3c_20211228_164211_4547935842_600_800.png,/scratch/parceirosbr/bigoilict/share/BigOil/document_generator/datasets/documents_2021_12_28/20bol3c_20211228_164211_4547935842_600_800.png,20bol3c_20211228_164211_4547935842_600_800_mask.png,
74,50,148,101,242,369,390,470,242,369,390,369,390,470,242,470,text,text,text_5,roboto,regular,9,20bol3c_20211228_164211_4547935842_600_800.png,/scratch/parceirosbr/bigoilict/share/BigOil/document_generator/datasets/documents_2021_12_28/20bol3c_20211228_164211_4547935842_600_800.png,20bol3c_20211228_164211_4547935842_600_800_mask.png,nan
75,5,150,11,242,474,392,485,242,474,392,474,392,485,242,485,sub_line_text,list,list_2,roboto,regular,9,20bol3c_20211228_164211_4547935842_600_800.png,/scratch/parceirosbr/bigoilict/share/BigOil/document_generator/datasets/documents_2021_12_28/20bol3c_20211228_164211_4547935842_600_800.png,20bol3c_20211228_164211_4547935842_600_800_mask.png,-  The        modelingof       the       ductile
45,5,90,11,248,489,338,500,248,489,338,489,338,500,248,500,sub_line_text,list,list_2,roboto,regular,9,20bol3c_20211228_164211_4547935842_600_800.png,/scratch/parceirosbr/bigoilict/share/BigOil/document_generator/datasets/documents_2021_12_28/20bol3c_20211228_164211_4547935842_600_800.png,20bol3c_20211228_164211_4547935842_600_800_mask.png,response (primary and
67,5,135,11,242,504,377,515,242,504,377,504,377,515,242,515,sub_line_text,list,list_2,roboto,regular,9,20bol3c_20211228_164211_4547935842_600_800.png,/scratch/parceirosbr/bigoilict/share/BigOil/document_generator/datasets/documents_2021_12_28/20bol3c_20211228_164211_4547935842_600_800.png,20bol3c_20211228_164211_4547935842_600_800_mask.png,-  High-efficiency MEPs for current
21,5,43,11,242,519,285,530,242,519,285,519,285,530,242,530,sub_line_text,list,list_2,roboto,regular,9,20bol3c_20211228_164211_4547935842_600_800.png,/scratch/parceirosbr/bigoilict/share/BigOil/document_generator/datasets/documents_2021_12_28/20bol3c_20211228_164211_4547935842_600_800.png,20bol3c_20211228_164211_4547935842_600_800_mask.png,-  De forma
17,5,34,11,242,534,276,545,242,534,276,534,276,545,242,545,sub_line_text,list,list_2,roboto,regular,9,20bol3c_20211228_164211_4547935842_600_800.png,/scratch/parceirosbr/bigoilict/share/BigOil/document_generator/datasets/documents_2021_12_28/20bol3c_20211228_164211_4547935842_600_800.png,20bol3c_20211228_164211_4547935842_600_800_mask.png,-  Can be
63,5,127,11,242,549,369,560,242,549,369,549,369,560,242,560,sub_line_text,list,list_2,roboto,regular,9,20bol3c_20211228_164211_4547935842_600_800.png,/scratch/parceirosbr/bigoilict/share/BigOil/document_generator/datasets/documents_2021_12_28/20bol3c_20211228_164211_4547935842_600_800.png,20bol3c_20211228_164211_4547935842_600_800_mask.png,-  De recursos humanos da para
43,5,86,11,242,564,328,575,242,564,328,564,328,575,242,575,sub_line_text,list,list_2,roboto,regular,9,20bol3c_20211228_164211_4547935842_600_800.png,/scratch/parceirosbr/bigoilict/share/BigOil/document_generator/datasets/documents_2021_12_28/20bol3c_20211228_164211_4547935842_600_800.png,20bol3c_20211228_164211_4547935842_600_800_mask.png,"-  For a given medium,"
66,5,133,11,256,579,389,590,256,579,389,579,389,590,256,590,sub_line_text,text,text_6,roboto,regular,9,20bol3c_20211228_164211_4547935842_600_800.png,/scratch/parceirosbr/bigoilict/share/BigOil/document_generator/datasets/documents_2021_12_28/20bol3c_20211228_164211_4547935842_600_800.png,20bol3c_20211228_164211_4547935842_600_800_mask.png,O  setor  de óleo e gás está pass-
73,5,147,11,242,594,389,605,242,594,389,594,389,605,242,605,sub_line_text,text,text_6,roboto,regular,9,20bol3c_20211228_164211_4547935842_600_800.png,/scratch/parceirosbr/bigoilict/share/BigOil/document_generator/datasets/documents_2021_12_28/20bol3c_20211228_164211_4547935842_600_800.png,20bol3c_20211228_164211_4547935842_600_800_mask.png,"ando  pela sua maior transformação,"
74,5,149,11,242,609,391,620,242,609,391,609,391,620,242,620,sub_line_text,text,text_6,roboto,regular,9,20bol3c_20211228_164211_4547935842_600_800.png,/scratch/parceirosbr/bigoilict/share/BigOil/document_generator/datasets/documents_2021_12_28/20bol3c_20211228_164211_4547935842_600_800.png,20bol3c_20211228_164211_4547935842_600_800_mask.png,complementando  a abertura iniciada
74,5,148,11,242,624,390,635,242,624,390,624,390,635,242,635,sub_line_text,text,text_6,roboto,regular,9,20bol3c_20211228_164211_4547935842_600_800.png,/scratch/parceirosbr/bigoilict/share/BigOil/document_generator/datasets/documents_2021_12_28/20bol3c_20211228_164211_4547935842_600_800.png,20bol3c_20211228_164211_4547935842_600_800_mask.png,em  1997.  oportunidades  para todos
73,5,147,11,242,639,389,650,242,639,389,639,389,650,242,650,sub_line_text,text,text_6,roboto,regular,9,20bol3c_20211228_164211_4547935842_600_800.png,/scratch/parceirosbr/bigoilict/share/BigOil/document_generator/datasets/documents_2021_12_28/20bol3c_20211228_164211_4547935842_600_800.png,20bol3c_20211228_164211_4547935842_600_800_mask.png,os  tipos  e  perfis de empresas de e-
74,5,148,11,242,654,390,665,242,654,390,654,390,665,242,665,sub_line_text,text,text_6,roboto,regular,9,20bol3c_20211228_164211_4547935842_600_800.png,/scratch/parceirosbr/bigoilict/share/BigOil/document_generator/datasets/documents_2021_12_28/20bol3c_20211228_164211_4547935842_600_800.png,20bol3c_20211228_164211_4547935842_600_800_mask.png,"xploração   e   produção.   No  inverno,"
73,5,147,11,242,669,389,680,242,669,389,669,389,680,242,680,sub_line_text,text,text_6,roboto,regular,9,20bol3c_20211228_164211_4547935842_600_800.png,/scratch/parceirosbr/bigoilict/share/BigOil/document_generator/datasets/documents_2021_12_28/20bol3c_20211228_164211_4547935842_600_800.png,20bol3c_20211228_164211_4547935842_600_800_mask.png,as  simulações  com óleo leve e inte-
69,5,139,11,242,684,381,695,242,684,381,684,381,695,242,695,sub_line_text,text,text_6,roboto,regular,9,20bol3c_20211228_164211_4547935842_600_800.png,/scratch/parceirosbr/bigoilict/share/BigOil/document_generator/datasets/documents_2021_12_28/20bol3c_20211228_164211_4547935842_600_800.png,20bol3c_20211228_164211_4547935842_600_800_mask.png,rmediário apresentaram o mesmo.
74,58,149,116,242,579,391,695,242,579,391,579,391,695,242,695,text,text,text_6,roboto,regular,9,20bol3c_20211228_164211_4547935842_600_800.png,/scratch/parceirosbr/bigoilict/share/BigOil/document_generator/datasets/documents_2021_12_28/20bol3c_20211228_164211_4547935842_600_800.png,20bol3c_20211228_164211_4547935842_600_800_mask.png,nan
62,5,125,11,256,699,381,710,256,699,381,699,381,710,256,710,sub_line_text,text,text_7,roboto,regular,9,20bol3c_20211228_164211_4547935842_600_800.png,/scratch/parceirosbr/bigoilict/share/BigOil/document_generator/datasets/documents_2021_12_28/20bol3c_20211228_164211_4547935842_600_800.png,20bol3c_20211228_164211_4547935842_600_800_mask.png,The formulation that describes.
62,5,125,11,256,699,381,710,256,699,381,699,381,710,256,710,text,text,text_7,roboto,regular,9,20bol3c_20211228_164211_4547935842_600_800.png,/scratch/parceirosbr/bigoilict/share/BigOil/document_generator/datasets/documents_2021_12_28/20bol3c_20211228_164211_4547935842_600_800.png,20bol3c_20211228_164211_4547935842_600_800_mask.png,nan
66,5,133,11,422,47,555,58,422,47,555,47,555,58,422,58,sub_line_text,text,text_8,roboto,regular,9,20bol3c_20211228_164211_4547935842_600_800.png,/scratch/parceirosbr/bigoilict/share/BigOil/document_generator/datasets/documents_2021_12_28/20bol3c_20211228_164211_4547935842_600_800.png,20bol3c_20211228_164211_4547935842_600_800_mask.png,A  existência  de formas de preci-
74,5,148,11,408,62,556,73,408,62,556,62,556,73,408,73,sub_line_text,text,text_8,roboto,regular,9,20bol3c_20211228_164211_4547935842_600_800.png,/scratch/parceirosbr/bigoilict/share/BigOil/document_generator/datasets/documents_2021_12_28/20bol3c_20211228_164211_4547935842_600_800.png,20bol3c_20211228_164211_4547935842_600_800_mask.png,"cação,  modelos  (e  prazos)  contrat-"
74,5,148,11,408,77,556,88,408,77,556,77,556,88,408,88,sub_line_text,text,text_8,roboto,regular,9,20bol3c_20211228_164211_4547935842_600_800.png,/scratch/parceirosbr/bigoilict/share/BigOil/document_generator/datasets/documents_2021_12_28/20bol3c_20211228_164211_4547935842_600_800.png,20bol3c_20211228_164211_4547935842_600_800_mask.png,uais  e infraestrutura de escoamento
74,5,148,11,408,92,556,103,408,92,556,92,556,103,408,103,sub_line_text,text,text_8,roboto,regular,9,20bol3c_20211228_164211_4547935842_600_800.png,/scratch/parceirosbr/bigoilict/share/BigOil/document_generator/datasets/documents_2021_12_28/20bol3c_20211228_164211_4547935842_600_800.png,20bol3c_20211228_164211_4547935842_600_800_mask.png,"distintos,  somados  a  fatores conju-"
74,5,148,11,408,107,556,118,408,107,556,107,556,118,408,118,sub_line_text,text,text_8,roboto,regular,9,20bol3c_20211228_164211_4547935842_600_800.png,/scratch/parceirosbr/bigoilict/share/BigOil/document_generator/datasets/documents_2021_12_28/20bol3c_20211228_164211_4547935842_600_800.png,20bol3c_20211228_164211_4547935842_600_800_mask.png,"nturais,   como  o  excesso  de  oferta"
67,65,134,131,408,137,542,268,408,137,542,137,542,268,408,268,list,list,list_3,roboto,roboto,9,20bol3c_20211228_164211_4547935842_600_800.png,/scratch/parceirosbr/bigoilict/share/BigOil/document_generator/datasets/documents_2021_12_28/20bol3c_20211228_164211_4547935842_600_800.png,20bol3c_20211228_164211_4547935842_600_800_mask.png,
70,5,141,11,408,122,549,133,408,122,549,122,549,133,408,133,sub_line_text,text,text_8,roboto,regular,9,20bol3c_20211228_164211_4547935842_600_800.png,/scratch/parceirosbr/bigoilict/share/BigOil/document_generator/datasets/documents_2021_12_28/20bol3c_20211228_164211_4547935842_600_800.png,20bol3c_20211228_164211_4547935842_600_800_mask.png,no mercado norte--americano e a d.
74,43,148,86,408,47,556,133,408,47,556,47,556,133,408,133,text,text,text_8,roboto,regular,9,20bol3c_20211228_164211_4547935842_600_800.png,/scratch/parceirosbr/bigoilict/share/BigOil/document_generator/datasets/documents_2021_12_28/20bol3c_20211228_164211_4547935842_600_800.png,20bol3c_20211228_164211_4547935842_600_800_mask.png,nan
67,5,134,11,408,137,542,148,408,137,542,137,542,148,408,148,sub_line_text,list,list_3,roboto,regular,9,20bol3c_20211228_164211_4547935842_600_800.png,/scratch/parceirosbr/bigoilict/share/BigOil/document_generator/datasets/documents_2021_12_28/20bol3c_20211228_164211_4547935842_600_800.png,20bol3c_20211228_164211_4547935842_600_800_mask.png,"-  Neste trabalho, um dos critérios"
56,5,112,11,408,152,520,163,408,152,520,152,520,163,408,163,sub_line_text,list,list_3,roboto,regular,9,20bol3c_20211228_164211_4547935842_600_800.png,/scratch/parceirosbr/bigoilict/share/BigOil/document_generator/datasets/documents_2021_12_28/20bol3c_20211228_164211_4547935842_600_800.png,20bol3c_20211228_164211_4547935842_600_800_mask.png,-  Outra forte motivação foi o
52,5,105,11,408,167,513,178,408,167,513,167,513,178,408,178,sub_line_text,list,list_3,roboto,regular,9,20bol3c_20211228_164211_4547935842_600_800.png,/scratch/parceirosbr/bigoilict/share/BigOil/document_generator/datasets/documents_2021_12_28/20bol3c_20211228_164211_4547935842_600_800.png,20bol3c_20211228_164211_4547935842_600_800_mask.png,"-  Although the 9,433/1997"
32,5,65,11,408,182,473,193,408,182,473,182,473,193,408,193,sub_line_text,list,list_3,roboto,regular,9,20bol3c_20211228_164211_4547935842_600_800.png,/scratch/parceirosbr/bigoilict/share/BigOil/document_generator/datasets/documents_2021_12_28/20bol3c_20211228_164211_4547935842_600_800.png,20bol3c_20211228_164211_4547935842_600_800_mask.png,"-  In addition, it is"
44,5,89,11,408,197,497,208,408,197,497,197,497,208,408,208,sub_line_text,list,list_3,roboto,regular,9,20bol3c_20211228_164211_4547935842_600_800.png,/scratch/parceirosbr/bigoilict/share/BigOil/document_generator/datasets/documents_2021_12_28/20bol3c_20211228_164211_4547935842_600_800.png,20bol3c_20211228_164211_4547935842_600_800_mask.png,-  A também autoriza a
47,5,94,11,408,212,502,223,408,212,502,212,502,223,408,223,sub_line_text,list,list_3,roboto,regular,9,20bol3c_20211228_164211_4547935842_600_800.png,/scratch/parceirosbr/bigoilict/share/BigOil/document_generator/datasets/documents_2021_12_28/20bol3c_20211228_164211_4547935842_600_800.png,20bol3c_20211228_164211_4547935842_600_800_mask.png,"-  Porém, para os filmes"
62,5,125,11,408,227,533,238,408,227,533,227,533,238,408,238,sub_line_text,list,list_3,roboto,regular,9,20bol3c_20211228_164211_4547935842_600_800.png,/scratch/parceirosbr/bigoilict/share/BigOil/document_generator/datasets/documents_2021_12_28/20bol3c_20211228_164211_4547935842_600_800.png,20bol3c_20211228_164211_4547935842_600_800_mask.png,-  A natureza química do agente
45,5,91,11,408,242,499,253,408,242,499,242,499,253,408,253,sub_line_text,list,list_3,roboto,regular,9,20bol3c_20211228_164211_4547935842_600_800.png,/scratch/parceirosbr/bigoilict/share/BigOil/document_generator/datasets/documents_2021_12_28/20bol3c_20211228_164211_4547935842_600_800.png,20bol3c_20211228_164211_4547935842_600_800_mask.png,-  Este dispositivo pode
27,5,55,11,408,257,463,268,408,257,463,257,463,268,408,268,sub_line_text,list,list_3,roboto,regular,9,20bol3c_20211228_164211_4547935842_600_800.png,/scratch/parceirosbr/bigoilict/share/BigOil/document_generator/datasets/documents_2021_12_28/20bol3c_20211228_164211_4547935842_600_800.png,20bol3c_20211228_164211_4547935842_600_800_mask.png,-  Graph 4.7 of
67,5,135,11,422,272,557,283,422,272,557,272,557,283,422,283,sub_line_text,text,text_9,roboto,regular,9,20bol3c_20211228_164211_4547935842_600_800.png,/scratch/parceirosbr/bigoilict/share/BigOil/document_generator/datasets/documents_2021_12_28/20bol3c_20211228_164211_4547935842_600_800.png,20bol3c_20211228_164211_4547935842_600_800_mask.png,São  da ordem de nanômetros pa-
74,5,148,11,408,287,556,298,408,287,556,287,556,298,408,298,sub_line_text,text,text_9,roboto,regular,9,20bol3c_20211228_164211_4547935842_600_800.png,/scratch/parceirosbr/bigoilict/share/BigOil/document_generator/datasets/documents_2021_12_28/20bol3c_20211228_164211_4547935842_600_800.png,20bol3c_20211228_164211_4547935842_600_800_mask.png,"ra  o  óxido  de cério, e/ou a interação"
74,5,148,11,408,302,556,313,408,302,556,302,556,313,408,313,sub_line_text,text,text_9,roboto,regular,9,20bol3c_20211228_164211_4547935842_600_800.png,/scratch/parceirosbr/bigoilict/share/BigOil/document_generator/datasets/documents_2021_12_28/20bol3c_20211228_164211_4547935842_600_800.png,20bol3c_20211228_164211_4547935842_600_800_mask.png,"metal-suporte.  é,  o mercado não po-"
73,5,147,11,408,317,555,328,408,317,555,317,555,328,408,328,sub_line_text,text,text_9,roboto,regular,9,20bol3c_20211228_164211_4547935842_600_800.png,/scratch/parceirosbr/bigoilict/share/BigOil/document_generator/datasets/documents_2021_12_28/20bol3c_20211228_164211_4547935842_600_800.png,20bol3c_20211228_164211_4547935842_600_800_mask.png,ssui  capacidade  de disciplinar a aç-
73,5,147,11,408,332,555,343,408,332,555,332,555,343,408,343,sub_line_text,text,text_9,roboto,regular,9,20bol3c_20211228_164211_4547935842_600_800.png,/scratch/parceirosbr/bigoilict/share/BigOil/document_generator/datasets/documents_2021_12_28/20bol3c_20211228_164211_4547935842_600_800.png,20bol3c_20211228_164211_4547935842_600_800_mask.png,ão  dos  fornecedores  em termos de
74,5,148,11,408,347,556,358,408,347,556,347,556,358,408,358,sub_line_text,text,text_9,roboto,regular,9,20bol3c_20211228_164211_4547935842_600_800.png,/scratch/parceirosbr/bigoilict/share/BigOil/document_generator/datasets/documents_2021_12_28/20bol3c_20211228_164211_4547935842_600_800.png,20bol3c_20211228_164211_4547935842_600_800_mask.png,quantidades   e   preços.  Esta  seção
74,5,148,11,408,362,556,373,408,362,556,362,556,373,408,373,sub_line_text,text,text_9,roboto,regular,9,20bol3c_20211228_164211_4547935842_600_800.png,/scratch/parceirosbr/bigoilict/share/BigOil/document_generator/datasets/documents_2021_12_28/20bol3c_20211228_164211_4547935842_600_800.png,20bol3c_20211228_164211_4547935842_600_800_mask.png,está  reservada  para  descrever todo
70,5,140,11,408,377,548,388,408,377,548,377,548,388,408,388,sub_line_text,text,text_9,roboto,regular,9,20bol3c_20211228_164211_4547935842_600_800.png,/scratch/parceirosbr/bigoilict/share/BigOil/document_generator/datasets/documents_2021_12_28/20bol3c_20211228_164211_4547935842_600_800.png,20bol3c_20211228_164211_4547935842_600_800_mask.png,aparato teórico utilizado na produç.
74,58,149,116,408,272,557,388,408,272,557,272,557,388,408,388,text,text,text_9,roboto,regular,9,20bol3c_20211228_164211_4547935842_600_800.png,/scratch/parceirosbr/bigoilict/share/BigOil/document_generator/datasets/documents_2021_12_28/20bol3c_20211228_164211_4547935842_600_800.png,20bol3c_20211228_164211_4547935842_600_800_mask.png,nan
66,5,133,11,422,392,555,403,422,392,555,392,555,403,422,403,sub_line_text,text,text_10,roboto,regular,9,20bol3c_20211228_164211_4547935842_600_800.png,/scratch/parceirosbr/bigoilict/share/BigOil/document_generator/datasets/documents_2021_12_28/20bol3c_20211228_164211_4547935842_600_800.png,20bol3c_20211228_164211_4547935842_600_800_mask.png,"Visto  por  outro  ângulo, notou-se"
74,5,148,11,408,407,556,418,408,407,556,407,556,418,408,418,sub_line_text,text,text_10,roboto,regular,9,20bol3c_20211228_164211_4547935842_600_800.png,/scratch/parceirosbr/bigoilict/share/BigOil/document_generator/datasets/documents_2021_12_28/20bol3c_20211228_164211_4547935842_600_800.png,20bol3c_20211228_164211_4547935842_600_800_mask.png,uma  relação  positiva entre a propor-
73,5,147,11,408,422,555,433,408,422,555,422,555,433,408,433,sub_line_text,text,text_10,roboto,regular,9,20bol3c_20211228_164211_4547935842_600_800.png,/scratch/parceirosbr/bigoilict/share/BigOil/document_generator/datasets/documents_2021_12_28/20bol3c_20211228_164211_4547935842_600_800.png,20bol3c_20211228_164211_4547935842_600_800_mask.png,ção   de   postos  associados  a  uma
74,5,148,11,408,437,556,448,408,437,556,437,556,448,408,448,sub_line_text,text,text_10,roboto,regular,9,20bol3c_20211228_164211_4547935842_600_800.png,/scratch/parceirosbr/bigoilict/share/BigOil/document_generator/datasets/documents_2021_12_28/20bol3c_20211228_164211_4547935842_600_800.png,20bol3c_20211228_164211_4547935842_600_800_mask.png,marca  comercial de distribuidora e o
73,5,147,11,408,452,555,463,408,452,555,452,555,463,408,463,sub_line_text,text,text_10,roboto,regular,9,20bol3c_20211228_164211_4547935842_600_800.png,/scratch/parceirosbr/bigoilict/share/BigOil/document_generator/datasets/documents_2021_12_28/20bol3c_20211228_164211_4547935842_600_800.png,20bol3c_20211228_164211_4547935842_600_800_mask.png,número   de  habitantes  nas  regiões
73,5,147,11,408,467,555,478,408,467,555,467,555,478,408,478,sub_line_text,text,text_10,roboto,regular,9,20bol3c_20211228_164211_4547935842_600_800.png,/scratch/parceirosbr/bigoilict/share/BigOil/document_generator/datasets/documents_2021_12_28/20bol3c_20211228_164211_4547935842_600_800.png,20bol3c_20211228_164211_4547935842_600_800_mask.png,mais  desenvolvidas  do. Due to the i-
73,5,147,11,408,482,555,493,408,482,555,482,555,493,408,493,sub_line_text,text,text_10,roboto,regular,9,20bol3c_20211228_164211_4547935842_600_800.png,/scratch/parceirosbr/bigoilict/share/BigOil/document_generator/datasets/documents_2021_12_28/20bol3c_20211228_164211_4547935842_600_800.png,20bol3c_20211228_164211_4547935842_600_800_mask.png,"ncrease  in the price of oil, the refine-"
72,5,144,11,408,497,552,508,408,497,552,497,552,508,408,508,sub_line_text,text,text_10,roboto,regular,9,20bol3c_20211228_164211_4547935842_600_800.png,/scratch/parceirosbr/bigoilict/share/BigOil/document_generator/datasets/documents_2021_12_28/20bol3c_20211228_164211_4547935842_600_800.png,20bol3c_20211228_164211_4547935842_600_800_mask.png,ries began to demand flexibility in re.
74,58,148,116,408,392,556,508,408,392,556,392,556,508,408,508,text,text,text_10,roboto,regular,9,20bol3c_20211228_164211_4547935842_600_800.png,/scratch/parceirosbr/bigoilict/share/BigOil/document_generator/datasets/documents_2021_12_28/20bol3c_20211228_164211_4547935842_600_800.png,20bol3c_20211228_164211_4547935842_600_800_mask.png,nan
66,5,133,11,422,512,555,523,422,512,555,512,555,523,422,523,sub_line_text,text,text_11,roboto,regular,9,20bol3c_20211228_164211_4547935842_600_800.png,/scratch/parceirosbr/bigoilict/share/BigOil/document_generator/datasets/documents_2021_12_28/20bol3c_20211228_164211_4547935842_600_800.png,20bol3c_20211228_164211_4547935842_600_800_mask.png,Os  valores  que  se encontram n-
73,5,147,11,408,527,555,538,408,527,555,527,555,538,408,538,sub_line_text,text,text_11,roboto,regular,9,20bol3c_20211228_164211_4547935842_600_800.png,/scratch/parceirosbr/bigoilict/share/BigOil/document_generator/datasets/documents_2021_12_28/20bol3c_20211228_164211_4547935842_600_800.png,20bol3c_20211228_164211_4547935842_600_800_mask.png,as  faces  desses volumes são dete-
74,5,148,11,408,542,556,553,408,542,556,542,556,553,408,553,sub_line_text,text,text_11,roboto,regular,9,20bol3c_20211228_164211_4547935842_600_800.png,/scratch/parceirosbr/bigoilict/share/BigOil/document_generator/datasets/documents_2021_12_28/20bol3c_20211228_164211_4547935842_600_800.png,20bol3c_20211228_164211_4547935842_600_800_mask.png,rminados  por  interpolação. The eng-
73,5,147,11,408,557,555,568,408,557,555,557,555,568,408,568,sub_line_text,text,text_11,roboto,regular,9,20bol3c_20211228_164211_4547935842_600_800.png,/scratch/parceirosbr/bigoilict/share/BigOil/document_generator/datasets/documents_2021_12_28/20bol3c_20211228_164211_4547935842_600_800.png,20bol3c_20211228_164211_4547935842_600_800_mask.png,ines  do  not suffer much from variat-
74,5,148,11,408,572,556,583,408,572,556,572,556,583,408,583,sub_line_text,text,text_11,roboto,regular,9,20bol3c_20211228_164211_4547935842_600_800.png,/scratch/parceirosbr/bigoilict/share/BigOil/document_generator/datasets/documents_2021_12_28/20bol3c_20211228_164211_4547935842_600_800.png,20bol3c_20211228_164211_4547935842_600_800_mask.png,"ions  in  the environment, so their sel-"
73,5,147,11,408,587,555,598,408,587,555,587,555,598,408,598,sub_line_text,text,text_11,roboto,regular,9,20bol3c_20211228_164211_4547935842_600_800.png,/scratch/parceirosbr/bigoilict/share/BigOil/document_generator/datasets/documents_2021_12_28/20bol3c_20211228_164211_4547935842_600_800.png,20bol3c_20211228_164211_4547935842_600_800_mask.png,ection  depends  only  on  the maxim-
73,5,147,11,408,602,555,613,408,602,555,602,555,613,408,613,sub_line_text,text,text_11,roboto,regular,9,20bol3c_20211228_164211_4547935842_600_800.png,/scratch/parceirosbr/bigoilict/share/BigOil/document_generator/datasets/documents_2021_12_28/20bol3c_20211228_164211_4547935842_600_800.png,20bol3c_20211228_164211_4547935842_600_800_mask.png,um  and  typical demands of the plat-
73,5,147,11,408,617,555,628,408,617,555,617,555,628,408,628,sub_line_text,text,text_11,roboto,regular,9,20bol3c_20211228_164211_4547935842_600_800.png,/scratch/parceirosbr/bigoilict/share/BigOil/document_generator/datasets/documents_2021_12_28/20bol3c_20211228_164211_4547935842_600_800.png,20bol3c_20211228_164211_4547935842_600_800_mask.png,"form.  In addition, the reduction in the"
70,5,141,11,408,632,549,643,408,632,549,632,549,643,408,643,sub_line_text,text,text_11,roboto,regular,9,20bol3c_20211228_164211_4547935842_600_800.png,/scratch/parceirosbr/bigoilict/share/BigOil/document_generator/datasets/documents_2021_12_28/20bol3c_20211228_164211_4547935842_600_800.png,20bol3c_20211228_164211_4547935842_600_800_mask.png,international price of oil (brent) has.
74,65,148,131,408,512,556,643,408,512,556,512,556,643,408,643,text,text,text_11,roboto,regular,9,20bol3c_20211228_164211_4547935842_600_800.png,/scratch/parceirosbr/bigoilict/share/BigOil/document_generator/datasets/documents_2021_12_28/20bol3c_20211228_164211_4547935842_600_800.png,20bol3c_20211228_164211_4547935842_600_800_mask.png,nan
66,5,133,11,422,647,555,658,422,647,555,647,555,658,422,658,sub_line_text,text,text_12,roboto,regular,9,20bol3c_20211228_164211_4547935842_600_800.png,/scratch/parceirosbr/bigoilict/share/BigOil/document_generator/datasets/documents_2021_12_28/20bol3c_20211228_164211_4547935842_600_800.png,20bol3c_20211228_164211_4547935842_600_800_mask.png,Group  in 2009. 4.2.1 gasoline dis-
73,5,147,11,408,662,555,673,408,662,555,662,555,673,408,673,sub_line_text,text,text_12,roboto,regular,9,20bol3c_20211228_164211_4547935842_600_800.png,/scratch/parceirosbr/bigoilict/share/BigOil/document_generator/datasets/documents_2021_12_28/20bol3c_20211228_164211_4547935842_600_800.png,20bol3c_20211228_164211_4547935842_600_800_mask.png,tribution   from  2009  to  2013.  Hinge
74,5,148,11,408,677,556,688,408,677,556,677,556,688,408,688,sub_line_text,text,text_12,roboto,regular,9,20bol3c_20211228_164211_4547935842_600_800.png,/scratch/parceirosbr/bigoilict/share/BigOil/document_generator/datasets/documents_2021_12_28/20bol3c_20211228_164211_4547935842_600_800.png,20bol3c_20211228_164211_4547935842_600_800_mask.png,zone  data  (2003) were integrated in-
36,5,73,11,408,692,481,703,408,692,481,692,481,703,408,703,sub_line_text,text,text_12,roboto,regular,9,20bol3c_20211228_164211_4547935842_600_800.png,/scratch/parceirosbr/bigoilict/share/BigOil/document_generator/datasets/documents_2021_12_28/20bol3c_20211228_164211_4547935842_600_800.png,20bol3c_20211228_164211_4547935842_600_800_mask.png,to the maps (Esri).
74,28,148,56,408,647,556,703,408,647,556,647,556,703,408,703,text,text,text_12,roboto,regular,9,20bol3c_20211228_164211_4547935842_600_800.png,/scratch/parceirosbr/bigoilict/share/BigOil/document_generator/datasets/documents_2021_12_28/20bol3c_20211228_164211_4547935842_600_800.png,20bol3c_20211228_164211_4547935842_600_800_mask.png,nan
