center_x,center_y,width,height,xmin,ymin,xmax,ymax,top_left_x,top_left_y,top_right_x,top_right_y,bottom_right_x,bottom_right_y,bottom_left_x,bottom_left_y,label,grouplabel,group,text_font,text_style,size_font,filename,path,filename_mask,content
300,400,600,800,0,0,600,800,0,0,600,0,600,800,0,800,document,,,,,,21bol1_20211228_164249_7524673631_600_800.png,/scratch/parceirosbr/bigoilict/share/BigOil/document_generator/datasets/documents_2021_12_28/21bol1_20211228_164249_7524673631_600_800.png,21bol1_20211228_164249_7524673631_600_800_mask.png,
233,0,467,1,52,740,519,741,52,740,519,740,519,741,52,741,line,line,line,,,,21bol1_20211228_164249_7524673631_600_800.png,/scratch/parceirosbr/bigoilict/share/BigOil/document_generator/datasets/documents_2021_12_28/21bol1_20211228_164249_7524673631_600_800.png,21bol1_20211228_164249_7524673631_600_800_mask.png,nan
7,5,14,11,504,740,518,751,504,740,518,740,518,751,504,751,sub_line_text,numpag,footer_1,raleway,regular,10,21bol1_20211228_164249_7524673631_600_800.png,/scratch/parceirosbr/bigoilict/share/BigOil/document_generator/datasets/documents_2021_12_28/21bol1_20211228_164249_7524673631_600_800.png,21bol1_20211228_164249_7524673631_600_800_mask.png,123
7,5,14,11,504,740,518,751,504,740,518,740,518,751,504,751,text,numpag,footer_1,raleway,regular,10,21bol1_20211228_164249_7524673631_600_800.png,/scratch/parceirosbr/bigoilict/share/BigOil/document_generator/datasets/documents_2021_12_28/21bol1_20211228_164249_7524673631_600_800.png,21bol1_20211228_164249_7524673631_600_800_mask.png,nan
1,5,2,11,499,740,501,751,499,740,501,740,501,751,499,751,sub_line_text,footer,footer_1,raleway,regular,10,21bol1_20211228_164249_7524673631_600_800.png,/scratch/parceirosbr/bigoilict/share/BigOil/document_generator/datasets/documents_2021_12_28/21bol1_20211228_164249_7524673631_600_800.png,21bol1_20211228_164249_7524673631_600_800_mask.png,|
1,5,2,11,499,740,501,751,499,740,501,740,501,751,499,751,text,footer,footer_1,raleway,regular,10,21bol1_20211228_164249_7524673631_600_800.png,/scratch/parceirosbr/bigoilict/share/BigOil/document_generator/datasets/documents_2021_12_28/21bol1_20211228_164249_7524673631_600_800.png,21bol1_20211228_164249_7524673631_600_800_mask.png,nan
35,5,70,11,428,740,498,751,428,740,498,740,498,751,428,751,sub_line_text,footer,footer_1,raleway,regular,10,21bol1_20211228_164249_7524673631_600_800.png,/scratch/parceirosbr/bigoilict/share/BigOil/document_generator/datasets/documents_2021_12_28/21bol1_20211228_164249_7524673631_600_800.png,21bol1_20211228_164249_7524673631_600_800_mask.png,Diminuindo um
35,5,70,11,428,740,498,751,428,740,498,740,498,751,428,751,text,footer,footer_1,raleway,regular,10,21bol1_20211228_164249_7524673631_600_800.png,/scratch/parceirosbr/bigoilict/share/BigOil/document_generator/datasets/documents_2021_12_28/21bol1_20211228_164249_7524673631_600_800.png,21bol1_20211228_164249_7524673631_600_800_mask.png,nan
22,5,45,11,52,82,97,93,52,82,97,82,97,93,52,93,sub_line_text,figure_legend,figure_0,raleway,italic,9,21bol1_20211228_164249_7524673631_600_800.png,/scratch/parceirosbr/bigoilict/share/BigOil/document_generator/datasets/documents_2021_12_28/21bol1_20211228_164249_7524673631_600_800.png,21bol1_20211228_164249_7524673631_600_800_mask.png,Figura 19:
91,5,183,11,52,99,235,110,52,99,235,99,235,110,52,110,sub_line_text,figure_legend,figure_0,raleway,italic,9,21bol1_20211228_164249_7524673631_600_800.png,/scratch/parceirosbr/bigoilict/share/BigOil/document_generator/datasets/documents_2021_12_28/21bol1_20211228_164249_7524673631_600_800.png,21bol1_20211228_164249_7524673631_600_800_mask.png,Os    perfis    levantados    foram    baseado    n-
76,5,152,11,52,116,204,127,52,116,204,116,204,127,52,127,sub_line_text,figure_legend,figure_0,raleway,italic,9,21bol1_20211228_164249_7524673631_600_800.png,/scratch/parceirosbr/bigoilict/share/BigOil/document_generator/datasets/documents_2021_12_28/21bol1_20211228_164249_7524673631_600_800.png,21bol1_20211228_164249_7524673631_600_800_mask.png,"as referências 2.4, 2.5, 2.6, 2.7, 2.8, 2.9,"
91,22,183,45,52,82,235,127,52,82,235,82,235,127,52,127,text,figure_legend,figure_0,raleway,italic,9,21bol1_20211228_164249_7524673631_600_800.png,/scratch/parceirosbr/bigoilict/share/BigOil/document_generator/datasets/documents_2021_12_28/21bol1_20211228_164249_7524673631_600_800.png,21bol1_20211228_164249_7524673631_600_800_mask.png,nan
23,5,47,11,283,82,330,93,283,82,330,82,330,93,283,93,sub_line_text,figure_legend,figure_0,raleway,italic,9,21bol1_20211228_164249_7524673631_600_800.png,/scratch/parceirosbr/bigoilict/share/BigOil/document_generator/datasets/documents_2021_12_28/21bol1_20211228_164249_7524673631_600_800.png,21bol1_20211228_164249_7524673631_600_800_mask.png,Figura 40:
91,5,183,11,283,99,466,110,283,99,466,99,466,110,283,110,sub_line_text,figure_legend,figure_0,raleway,italic,9,21bol1_20211228_164249_7524673631_600_800.png,/scratch/parceirosbr/bigoilict/share/BigOil/document_generator/datasets/documents_2021_12_28/21bol1_20211228_164249_7524673631_600_800.png,21bol1_20211228_164249_7524673631_600_800_mask.png,"Desta    forma,   moléculas   pequenas   de   pr-"
78,5,157,11,283,116,440,127,283,116,440,116,440,127,283,127,sub_line_text,figure_legend,figure_0,raleway,italic,9,21bol1_20211228_164249_7524673631_600_800.png,/scratch/parceirosbr/bigoilict/share/BigOil/document_generator/datasets/documents_2021_12_28/21bol1_20211228_164249_7524673631_600_800.png,21bol1_20211228_164249_7524673631_600_800_mask.png,ecisam de maior energia (menores com
91,22,183,45,283,82,466,127,283,82,466,82,466,127,283,127,text,figure_legend,figure_0,raleway,italic,9,21bol1_20211228_164249_7524673631_600_800.png,/scratch/parceirosbr/bigoilict/share/BigOil/document_generator/datasets/documents_2021_12_28/21bol1_20211228_164249_7524673631_600_800.png,21bol1_20211228_164249_7524673631_600_800_mask.png,nan
144,86,289,172,140,132,429,304,140,132,429,132,429,304,140,304,image,figure_image,figure_0,,,,21bol1_20211228_164249_7524673631_600_800.png,/scratch/parceirosbr/bigoilict/share/BigOil/document_generator/datasets/documents_2021_12_28/21bol1_20211228_164249_7524673631_600_800.png,21bol1_20211228_164249_7524673631_600_800_mask.png,output/gen_img_20211228_164250_9819391990.png
17,11,34,23,359,172,393,195,359,189,390,172,393,179,362,195,text,figure_text,figure_0,,,,21bol1_20211228_164249_7524673631_600_800.png,/scratch/parceirosbr/bigoilict/share/BigOil/document_generator/datasets/documents_2021_12_28/21bol1_20211228_164249_7524673631_600_800.png,21bol1_20211228_164249_7524673631_600_800_mask.png,Volume [TB]
17,11,34,23,359,172,393,195,359,189,390,172,393,179,362,195,sub_line_text,figure_text,figure_0,,,,21bol1_20211228_164249_7524673631_600_800.png,/scratch/parceirosbr/bigoilict/share/BigOil/document_generator/datasets/documents_2021_12_28/21bol1_20211228_164249_7524673631_600_800.png,21bol1_20211228_164249_7524673631_600_800_mask.png,Volume [TB]
18,14,36,28,199,200,235,228,199,222,231,200,235,207,203,228,text,figure_text,figure_0,,,,21bol1_20211228_164249_7524673631_600_800.png,/scratch/parceirosbr/bigoilict/share/BigOil/document_generator/datasets/documents_2021_12_28/21bol1_20211228_164249_7524673631_600_800.png,21bol1_20211228_164249_7524673631_600_800_mask.png,Consumption
18,14,36,28,199,200,235,228,199,222,231,200,235,207,203,228,sub_line_text,figure_text,figure_0,,,,21bol1_20211228_164249_7524673631_600_800.png,/scratch/parceirosbr/bigoilict/share/BigOil/document_generator/datasets/documents_2021_12_28/21bol1_20211228_164249_7524673631_600_800.png,21bol1_20211228_164249_7524673631_600_800_mask.png,Consumption
14,10,29,20,214,259,243,279,214,274,240,259,243,265,217,279,text,figure_text,figure_0,,,,21bol1_20211228_164249_7524673631_600_800.png,/scratch/parceirosbr/bigoilict/share/BigOil/document_generator/datasets/documents_2021_12_28/21bol1_20211228_164249_7524673631_600_800.png,21bol1_20211228_164249_7524673631_600_800_mask.png,-5772.82%
14,10,29,20,214,259,243,279,214,274,240,259,243,265,217,279,sub_line_text,figure_text,figure_0,,,,21bol1_20211228_164249_7524673631_600_800.png,/scratch/parceirosbr/bigoilict/share/BigOil/document_generator/datasets/documents_2021_12_28/21bol1_20211228_164249_7524673631_600_800.png,21bol1_20211228_164249_7524673631_600_800_mask.png,-5772.82%
21,15,42,31,223,134,265,165,223,159,261,134,265,140,227,165,text,figure_text,figure_0,,,,21bol1_20211228_164249_7524673631_600_800.png,/scratch/parceirosbr/bigoilict/share/BigOil/document_generator/datasets/documents_2021_12_28/21bol1_20211228_164249_7524673631_600_800.png,21bol1_20211228_164249_7524673631_600_800_mask.png,Processing (KB)
21,15,42,31,223,134,265,165,223,159,261,134,265,140,227,165,sub_line_text,figure_text,figure_0,,,,21bol1_20211228_164249_7524673631_600_800.png,/scratch/parceirosbr/bigoilict/share/BigOil/document_generator/datasets/documents_2021_12_28/21bol1_20211228_164249_7524673631_600_800.png,21bol1_20211228_164249_7524673631_600_800_mask.png,Processing (KB)
23,18,46,36,158,261,204,297,158,292,199,261,204,267,163,297,text,figure_text,figure_0,,,,21bol1_20211228_164249_7524673631_600_800.png,/scratch/parceirosbr/bigoilict/share/BigOil/document_generator/datasets/documents_2021_12_28/21bol1_20211228_164249_7524673631_600_800.png,21bol1_20211228_164249_7524673631_600_800_mask.png,Temperature (ºC)
23,18,46,36,158,261,204,297,158,292,199,261,204,267,163,297,sub_line_text,figure_text,figure_0,,,,21bol1_20211228_164249_7524673631_600_800.png,/scratch/parceirosbr/bigoilict/share/BigOil/document_generator/datasets/documents_2021_12_28/21bol1_20211228_164249_7524673631_600_800.png,21bol1_20211228_164249_7524673631_600_800_mask.png,Temperature (ºC)
12,8,25,17,282,144,307,161,282,156,304,144,307,149,285,161,text,figure_text,figure_0,,,,21bol1_20211228_164249_7524673631_600_800.png,/scratch/parceirosbr/bigoilict/share/BigOil/document_generator/datasets/documents_2021_12_28/21bol1_20211228_164249_7524673631_600_800.png,21bol1_20211228_164249_7524673631_600_800_mask.png,-8690.70
12,8,25,17,282,144,307,161,282,156,304,144,307,149,285,161,sub_line_text,figure_text,figure_0,,,,21bol1_20211228_164249_7524673631_600_800.png,/scratch/parceirosbr/bigoilict/share/BigOil/document_generator/datasets/documents_2021_12_28/21bol1_20211228_164249_7524673631_600_800.png,21bol1_20211228_164249_7524673631_600_800_mask.png,-8690.70
11,11,22,22,275,212,297,234,275,230,293,212,297,216,279,234,text,figure_text,figure_0,,,,21bol1_20211228_164249_7524673631_600_800.png,/scratch/parceirosbr/bigoilict/share/BigOil/document_generator/datasets/documents_2021_12_28/21bol1_20211228_164249_7524673631_600_800.png,21bol1_20211228_164249_7524673631_600_800_mask.png,-4064.28
11,11,22,22,275,212,297,234,275,230,293,212,297,216,279,234,sub_line_text,figure_text,figure_0,,,,21bol1_20211228_164249_7524673631_600_800.png,/scratch/parceirosbr/bigoilict/share/BigOil/document_generator/datasets/documents_2021_12_28/21bol1_20211228_164249_7524673631_600_800.png,21bol1_20211228_164249_7524673631_600_800_mask.png,-4064.28
19,18,38,36,354,201,392,237,354,232,387,201,392,206,359,237,text,figure_text,figure_0,,,,21bol1_20211228_164249_7524673631_600_800.png,/scratch/parceirosbr/bigoilict/share/BigOil/document_generator/datasets/documents_2021_12_28/21bol1_20211228_164249_7524673631_600_800.png,21bol1_20211228_164249_7524673631_600_800_mask.png,Processing (KB)
19,18,38,36,354,201,392,237,354,232,387,201,392,206,359,237,sub_line_text,figure_text,figure_0,,,,21bol1_20211228_164249_7524673631_600_800.png,/scratch/parceirosbr/bigoilict/share/BigOil/document_generator/datasets/documents_2021_12_28/21bol1_20211228_164249_7524673631_600_800.png,21bol1_20211228_164249_7524673631_600_800_mask.png,Processing (KB)
10,8,21,17,308,244,329,261,308,255,326,244,329,249,311,261,text,figure_text,figure_0,,,,21bol1_20211228_164249_7524673631_600_800.png,/scratch/parceirosbr/bigoilict/share/BigOil/document_generator/datasets/documents_2021_12_28/21bol1_20211228_164249_7524673631_600_800.png,21bol1_20211228_164249_7524673631_600_800_mask.png,-6489%
10,8,21,17,308,244,329,261,308,255,326,244,329,249,311,261,sub_line_text,figure_text,figure_0,,,,21bol1_20211228_164249_7524673631_600_800.png,/scratch/parceirosbr/bigoilict/share/BigOil/document_generator/datasets/documents_2021_12_28/21bol1_20211228_164249_7524673631_600_800.png,21bol1_20211228_164249_7524673631_600_800_mask.png,-6489%
10,8,20,17,142,168,162,185,142,181,158,168,162,173,146,185,text,figure_text,figure_0,,,,21bol1_20211228_164249_7524673631_600_800.png,/scratch/parceirosbr/bigoilict/share/BigOil/document_generator/datasets/documents_2021_12_28/21bol1_20211228_164249_7524673631_600_800.png,21bol1_20211228_164249_7524673631_600_800_mask.png,-6936%
10,8,20,17,142,168,162,185,142,181,158,168,162,173,146,185,sub_line_text,figure_text,figure_0,,,,21bol1_20211228_164249_7524673631_600_800.png,/scratch/parceirosbr/bigoilict/share/BigOil/document_generator/datasets/documents_2021_12_28/21bol1_20211228_164249_7524673631_600_800.png,21bol1_20211228_164249_7524673631_600_800_mask.png,-6936%
8,7,17,14,339,166,356,180,339,175,353,166,356,172,342,180,text,figure_text,figure_0,,,,21bol1_20211228_164249_7524673631_600_800.png,/scratch/parceirosbr/bigoilict/share/BigOil/document_generator/datasets/documents_2021_12_28/21bol1_20211228_164249_7524673631_600_800.png,21bol1_20211228_164249_7524673631_600_800_mask.png,-8422
8,7,17,14,339,166,356,180,339,175,353,166,356,172,342,180,sub_line_text,figure_text,figure_0,,,,21bol1_20211228_164249_7524673631_600_800.png,/scratch/parceirosbr/bigoilict/share/BigOil/document_generator/datasets/documents_2021_12_28/21bol1_20211228_164249_7524673631_600_800.png,21bol1_20211228_164249_7524673631_600_800_mask.png,-8422
11,8,22,16,172,163,194,179,172,174,191,163,194,169,175,179,text,figure_text,figure_0,,,,21bol1_20211228_164249_7524673631_600_800.png,/scratch/parceirosbr/bigoilict/share/BigOil/document_generator/datasets/documents_2021_12_28/21bol1_20211228_164249_7524673631_600_800.png,21bol1_20211228_164249_7524673631_600_800_mask.png,-5825.0
11,8,22,16,172,163,194,179,172,174,191,163,194,169,175,179,sub_line_text,figure_text,figure_0,,,,21bol1_20211228_164249_7524673631_600_800.png,/scratch/parceirosbr/bigoilict/share/BigOil/document_generator/datasets/documents_2021_12_28/21bol1_20211228_164249_7524673631_600_800.png,21bol1_20211228_164249_7524673631_600_800_mask.png,-5825.0
10,9,20,19,277,179,297,198,277,194,293,179,297,184,281,198,text,figure_text,figure_0,,,,21bol1_20211228_164249_7524673631_600_800.png,/scratch/parceirosbr/bigoilict/share/BigOil/document_generator/datasets/documents_2021_12_28/21bol1_20211228_164249_7524673631_600_800.png,21bol1_20211228_164249_7524673631_600_800_mask.png,-6471%
10,9,20,19,277,179,297,198,277,194,293,179,297,184,281,198,sub_line_text,figure_text,figure_0,,,,21bol1_20211228_164249_7524673631_600_800.png,/scratch/parceirosbr/bigoilict/share/BigOil/document_generator/datasets/documents_2021_12_28/21bol1_20211228_164249_7524673631_600_800.png,21bol1_20211228_164249_7524673631_600_800_mask.png,-6471%
10,9,20,18,396,161,416,179,396,174,412,161,416,166,400,179,text,figure_text,figure_0,,,,21bol1_20211228_164249_7524673631_600_800.png,/scratch/parceirosbr/bigoilict/share/BigOil/document_generator/datasets/documents_2021_12_28/21bol1_20211228_164249_7524673631_600_800.png,21bol1_20211228_164249_7524673631_600_800_mask.png,-1164%
10,9,20,18,396,161,416,179,396,174,412,161,416,166,400,179,sub_line_text,figure_text,figure_0,,,,21bol1_20211228_164249_7524673631_600_800.png,/scratch/parceirosbr/bigoilict/share/BigOil/document_generator/datasets/documents_2021_12_28/21bol1_20211228_164249_7524673631_600_800.png,21bol1_20211228_164249_7524673631_600_800_mask.png,-1164%
11,9,22,18,209,176,231,194,209,189,227,176,231,181,212,194,text,figure_text,figure_0,,,,21bol1_20211228_164249_7524673631_600_800.png,/scratch/parceirosbr/bigoilict/share/BigOil/document_generator/datasets/documents_2021_12_28/21bol1_20211228_164249_7524673631_600_800.png,21bol1_20211228_164249_7524673631_600_800_mask.png,-382.6%
11,9,22,18,209,176,231,194,209,189,227,176,231,181,212,194,sub_line_text,figure_text,figure_0,,,,21bol1_20211228_164249_7524673631_600_800.png,/scratch/parceirosbr/bigoilict/share/BigOil/document_generator/datasets/documents_2021_12_28/21bol1_20211228_164249_7524673631_600_800.png,21bol1_20211228_164249_7524673631_600_800_mask.png,-382.6%
9,8,18,16,328,264,346,280,328,275,343,264,346,269,332,280,text,figure_text,figure_0,,,,21bol1_20211228_164249_7524673631_600_800.png,/scratch/parceirosbr/bigoilict/share/BigOil/document_generator/datasets/documents_2021_12_28/21bol1_20211228_164249_7524673631_600_800.png,21bol1_20211228_164249_7524673631_600_800_mask.png,-775.9
9,8,18,16,328,264,346,280,328,275,343,264,346,269,332,280,sub_line_text,figure_text,figure_0,,,,21bol1_20211228_164249_7524673631_600_800.png,/scratch/parceirosbr/bigoilict/share/BigOil/document_generator/datasets/documents_2021_12_28/21bol1_20211228_164249_7524673631_600_800.png,21bol1_20211228_164249_7524673631_600_800_mask.png,-775.9
11,11,23,22,373,248,396,270,373,266,391,248,396,253,377,270,text,figure_text,figure_0,,,,21bol1_20211228_164249_7524673631_600_800.png,/scratch/parceirosbr/bigoilict/share/BigOil/document_generator/datasets/documents_2021_12_28/21bol1_20211228_164249_7524673631_600_800.png,21bol1_20211228_164249_7524673631_600_800_mask.png,-4517.75
11,11,23,22,373,248,396,270,373,266,391,248,396,253,377,270,sub_line_text,figure_text,figure_0,,,,21bol1_20211228_164249_7524673631_600_800.png,/scratch/parceirosbr/bigoilict/share/BigOil/document_generator/datasets/documents_2021_12_28/21bol1_20211228_164249_7524673631_600_800.png,21bol1_20211228_164249_7524673631_600_800_mask.png,-4517.75
12,12,25,25,166,200,191,225,166,220,186,200,191,206,171,225,text,figure_text,figure_0,,,,21bol1_20211228_164249_7524673631_600_800.png,/scratch/parceirosbr/bigoilict/share/BigOil/document_generator/datasets/documents_2021_12_28/21bol1_20211228_164249_7524673631_600_800.png,21bol1_20211228_164249_7524673631_600_800_mask.png,Efficiency
12,12,25,25,166,200,191,225,166,220,186,200,191,206,171,225,sub_line_text,figure_text,figure_0,,,,21bol1_20211228_164249_7524673631_600_800.png,/scratch/parceirosbr/bigoilict/share/BigOil/document_generator/datasets/documents_2021_12_28/21bol1_20211228_164249_7524673631_600_800.png,21bol1_20211228_164249_7524673631_600_800_mask.png,Efficiency
8,7,17,14,279,241,296,255,279,250,292,241,296,246,282,255,text,figure_text,figure_0,,,,21bol1_20211228_164249_7524673631_600_800.png,/scratch/parceirosbr/bigoilict/share/BigOil/document_generator/datasets/documents_2021_12_28/21bol1_20211228_164249_7524673631_600_800.png,21bol1_20211228_164249_7524673631_600_800_mask.png,-4005
8,7,17,14,279,241,296,255,279,250,292,241,296,246,282,255,sub_line_text,figure_text,figure_0,,,,21bol1_20211228_164249_7524673631_600_800.png,/scratch/parceirosbr/bigoilict/share/BigOil/document_generator/datasets/documents_2021_12_28/21bol1_20211228_164249_7524673631_600_800.png,21bol1_20211228_164249_7524673631_600_800_mask.png,-4005
13,12,27,25,321,199,348,224,321,219,343,199,348,204,326,224,text,figure_text,figure_0,,,,21bol1_20211228_164249_7524673631_600_800.png,/scratch/parceirosbr/bigoilict/share/BigOil/document_generator/datasets/documents_2021_12_28/21bol1_20211228_164249_7524673631_600_800.png,21bol1_20211228_164249_7524673631_600_800_mask.png,Energy (V)
13,12,27,25,321,199,348,224,321,219,343,199,348,204,326,224,sub_line_text,figure_text,figure_0,,,,21bol1_20211228_164249_7524673631_600_800.png,/scratch/parceirosbr/bigoilict/share/BigOil/document_generator/datasets/documents_2021_12_28/21bol1_20211228_164249_7524673631_600_800.png,21bol1_20211228_164249_7524673631_600_800_mask.png,Energy (V)
11,10,23,21,246,277,269,298,246,294,265,277,269,282,250,298,text,figure_text,figure_0,,,,21bol1_20211228_164249_7524673631_600_800.png,/scratch/parceirosbr/bigoilict/share/BigOil/document_generator/datasets/documents_2021_12_28/21bol1_20211228_164249_7524673631_600_800.png,21bol1_20211228_164249_7524673631_600_800_mask.png,-6249.28
11,10,23,21,246,277,269,298,246,294,265,277,269,282,250,298,sub_line_text,figure_text,figure_0,,,,21bol1_20211228_164249_7524673631_600_800.png,/scratch/parceirosbr/bigoilict/share/BigOil/document_generator/datasets/documents_2021_12_28/21bol1_20211228_164249_7524673631_600_800.png,21bol1_20211228_164249_7524673631_600_800_mask.png,-6249.28
8,7,16,15,253,200,269,215,253,211,265,200,269,204,257,215,text,figure_text,figure_0,,,,21bol1_20211228_164249_7524673631_600_800.png,/scratch/parceirosbr/bigoilict/share/BigOil/document_generator/datasets/documents_2021_12_28/21bol1_20211228_164249_7524673631_600_800.png,21bol1_20211228_164249_7524673631_600_800_mask.png,-1616
8,7,16,15,253,200,269,215,253,211,265,200,269,204,257,215,sub_line_text,figure_text,figure_0,,,,21bol1_20211228_164249_7524673631_600_800.png,/scratch/parceirosbr/bigoilict/share/BigOil/document_generator/datasets/documents_2021_12_28/21bol1_20211228_164249_7524673631_600_800.png,21bol1_20211228_164249_7524673631_600_800_mask.png,-1616
12,10,24,21,241,172,265,193,241,187,261,172,265,178,245,193,text,figure_text,figure_0,,,,21bol1_20211228_164249_7524673631_600_800.png,/scratch/parceirosbr/bigoilict/share/BigOil/document_generator/datasets/documents_2021_12_28/21bol1_20211228_164249_7524673631_600_800.png,21bol1_20211228_164249_7524673631_600_800_mask.png,Liters [L]
12,10,24,21,241,172,265,193,241,187,261,172,265,178,245,193,sub_line_text,figure_text,figure_0,,,,21bol1_20211228_164249_7524673631_600_800.png,/scratch/parceirosbr/bigoilict/share/BigOil/document_generator/datasets/documents_2021_12_28/21bol1_20211228_164249_7524673631_600_800.png,21bol1_20211228_164249_7524673631_600_800_mask.png,Liters [L]
8,7,17,14,393,209,410,223,393,217,408,209,410,215,396,223,text,figure_text,figure_0,,,,21bol1_20211228_164249_7524673631_600_800.png,/scratch/parceirosbr/bigoilict/share/BigOil/document_generator/datasets/documents_2021_12_28/21bol1_20211228_164249_7524673631_600_800.png,21bol1_20211228_164249_7524673631_600_800_mask.png,-4585
8,7,17,14,393,209,410,223,393,217,408,209,410,215,396,223,sub_line_text,figure_text,figure_0,,,,21bol1_20211228_164249_7524673631_600_800.png,/scratch/parceirosbr/bigoilict/share/BigOil/document_generator/datasets/documents_2021_12_28/21bol1_20211228_164249_7524673631_600_800.png,21bol1_20211228_164249_7524673631_600_800_mask.png,-4585
13,12,27,24,330,238,357,262,330,258,353,238,357,243,334,262,text,figure_text,figure_0,,,,21bol1_20211228_164249_7524673631_600_800.png,/scratch/parceirosbr/bigoilict/share/BigOil/document_generator/datasets/documents_2021_12_28/21bol1_20211228_164249_7524673631_600_800.png,21bol1_20211228_164249_7524673631_600_800_mask.png,-8026.17%
13,12,27,24,330,238,357,262,330,258,353,238,357,243,334,262,sub_line_text,figure_text,figure_0,,,,21bol1_20211228_164249_7524673631_600_800.png,/scratch/parceirosbr/bigoilict/share/BigOil/document_generator/datasets/documents_2021_12_28/21bol1_20211228_164249_7524673631_600_800.png,21bol1_20211228_164249_7524673631_600_800_mask.png,-8026.17%
9,9,19,18,174,229,193,247,174,243,189,229,193,234,178,247,text,figure_text,figure_0,,,,21bol1_20211228_164249_7524673631_600_800.png,/scratch/parceirosbr/bigoilict/share/BigOil/document_generator/datasets/documents_2021_12_28/21bol1_20211228_164249_7524673631_600_800.png,21bol1_20211228_164249_7524673631_600_800_mask.png,-9216%
9,9,19,18,174,229,193,247,174,243,189,229,193,234,178,247,sub_line_text,figure_text,figure_0,,,,21bol1_20211228_164249_7524673631_600_800.png,/scratch/parceirosbr/bigoilict/share/BigOil/document_generator/datasets/documents_2021_12_28/21bol1_20211228_164249_7524673631_600_800.png,21bol1_20211228_164249_7524673631_600_800_mask.png,-9216%
8,6,17,13,300,221,317,234,300,229,314,221,317,227,302,234,text,figure_text,figure_0,,,,21bol1_20211228_164249_7524673631_600_800.png,/scratch/parceirosbr/bigoilict/share/BigOil/document_generator/datasets/documents_2021_12_28/21bol1_20211228_164249_7524673631_600_800.png,21bol1_20211228_164249_7524673631_600_800_mask.png,-1825
8,6,17,13,300,221,317,234,300,229,314,221,317,227,302,234,sub_line_text,figure_text,figure_0,,,,21bol1_20211228_164249_7524673631_600_800.png,/scratch/parceirosbr/bigoilict/share/BigOil/document_generator/datasets/documents_2021_12_28/21bol1_20211228_164249_7524673631_600_800.png,21bol1_20211228_164249_7524673631_600_800_mask.png,-1825
8,6,16,13,304,270,320,283,304,278,317,270,320,275,306,283,text,figure_text,figure_0,,,,21bol1_20211228_164249_7524673631_600_800.png,/scratch/parceirosbr/bigoilict/share/BigOil/document_generator/datasets/documents_2021_12_28/21bol1_20211228_164249_7524673631_600_800.png,21bol1_20211228_164249_7524673631_600_800_mask.png,-3530
8,6,16,13,304,270,320,283,304,278,317,270,320,275,306,283,sub_line_text,figure_text,figure_0,,,,21bol1_20211228_164249_7524673631_600_800.png,/scratch/parceirosbr/bigoilict/share/BigOil/document_generator/datasets/documents_2021_12_28/21bol1_20211228_164249_7524673631_600_800.png,21bol1_20211228_164249_7524673631_600_800_mask.png,-3530
12,9,24,19,302,171,326,190,302,186,322,171,326,175,306,190,text,figure_text,figure_0,,,,21bol1_20211228_164249_7524673631_600_800.png,/scratch/parceirosbr/bigoilict/share/BigOil/document_generator/datasets/documents_2021_12_28/21bol1_20211228_164249_7524673631_600_800.png,21bol1_20211228_164249_7524673631_600_800_mask.png,-7088.87
12,9,24,19,302,171,326,190,302,186,322,171,326,175,306,190,sub_line_text,figure_text,figure_0,,,,21bol1_20211228_164249_7524673631_600_800.png,/scratch/parceirosbr/bigoilict/share/BigOil/document_generator/datasets/documents_2021_12_28/21bol1_20211228_164249_7524673631_600_800.png,21bol1_20211228_164249_7524673631_600_800_mask.png,-7088.87
25,5,51,11,52,321,103,332,52,321,103,321,103,332,52,332,sub_line_text,table_legend,table_0,raleway,italic,9,21bol1_20211228_164249_7524673631_600_800.png,/scratch/parceirosbr/bigoilict/share/BigOil/document_generator/datasets/documents_2021_12_28/21bol1_20211228_164249_7524673631_600_800.png,21bol1_20211228_164249_7524673631_600_800_mask.png,Tabela 150:
88,5,177,11,52,338,229,349,52,338,229,338,229,349,52,349,sub_line_text,table_legend,table_0,raleway,italic,9,21bol1_20211228_164249_7524673631_600_800.png,/scratch/parceirosbr/bigoilict/share/BigOil/document_generator/datasets/documents_2021_12_28/21bol1_20211228_164249_7524673631_600_800.png,21bol1_20211228_164249_7524673631_600_800_mask.png,Há    vários    sistemas   de   tratamento   para
89,5,178,11,52,355,230,366,52,355,230,355,230,366,52,366,sub_line_text,table_legend,table_0,raleway,italic,9,21bol1_20211228_164249_7524673631_600_800.png,/scratch/parceirosbr/bigoilict/share/BigOil/document_generator/datasets/documents_2021_12_28/21bol1_20211228_164249_7524673631_600_800.png,21bol1_20211228_164249_7524673631_600_800_mask.png,a    remoção    e/ou   separação   dos   fluidos
48,5,96,11,52,372,148,383,52,372,148,372,148,383,52,383,sub_line_text,table_legend,table_0,raleway,italic,9,21bol1_20211228_164249_7524673631_600_800.png,/scratch/parceirosbr/bigoilict/share/BigOil/document_generator/datasets/documents_2021_12_28/21bol1_20211228_164249_7524673631_600_800.png,21bol1_20211228_164249_7524673631_600_800_mask.png,utilizados nos processos
89,31,178,62,52,321,230,383,52,321,230,321,230,383,52,383,text,table_legend,table_0,raleway,italic,9,21bol1_20211228_164249_7524673631_600_800.png,/scratch/parceirosbr/bigoilict/share/BigOil/document_generator/datasets/documents_2021_12_28/21bol1_20211228_164249_7524673631_600_800.png,21bol1_20211228_164249_7524673631_600_800_mask.png,nan
24,5,48,11,275,321,323,332,275,321,323,321,323,332,275,332,sub_line_text,table_legend,table_0,raleway,italic,9,21bol1_20211228_164249_7524673631_600_800.png,/scratch/parceirosbr/bigoilict/share/BigOil/document_generator/datasets/documents_2021_12_28/21bol1_20211228_164249_7524673631_600_800.png,21bol1_20211228_164249_7524673631_600_800_mask.png,Tabela 26:
89,5,178,11,275,338,453,349,275,338,453,338,453,349,275,349,sub_line_text,table_legend,table_0,raleway,italic,9,21bol1_20211228_164249_7524673631_600_800.png,/scratch/parceirosbr/bigoilict/share/BigOil/document_generator/datasets/documents_2021_12_28/21bol1_20211228_164249_7524673631_600_800.png,21bol1_20211228_164249_7524673631_600_800_mask.png,"Porém,    mudam-se   os   tempos,   mudam--"
89,5,178,11,275,355,453,366,275,355,453,355,453,366,275,366,sub_line_text,table_legend,table_0,raleway,italic,9,21bol1_20211228_164249_7524673631_600_800.png,/scratch/parceirosbr/bigoilict/share/BigOil/document_generator/datasets/documents_2021_12_28/21bol1_20211228_164249_7524673631_600_800.png,21bol1_20211228_164249_7524673631_600_800_mask.png,se    as    vontades97.    recentes    investigaç-
74,5,149,11,275,372,424,383,275,372,424,372,424,383,275,383,sub_line_text,table_legend,table_0,raleway,italic,9,21bol1_20211228_164249_7524673631_600_800.png,/scratch/parceirosbr/bigoilict/share/BigOil/document_generator/datasets/documents_2021_12_28/21bol1_20211228_164249_7524673631_600_800.png,21bol1_20211228_164249_7524673631_600_800_mask.png,ões levadas a cabo pelo conhecidas c
89,31,178,62,275,321,453,383,275,321,453,321,453,383,275,383,text,table_legend,table_0,raleway,italic,9,21bol1_20211228_164249_7524673631_600_800.png,/scratch/parceirosbr/bigoilict/share/BigOil/document_generator/datasets/documents_2021_12_28/21bol1_20211228_164249_7524673631_600_800.png,21bol1_20211228_164249_7524673631_600_800_mask.png,nan
217,74,435,149,59,388,494,537,59,388,494,388,494,537,59,537,table,table_image,table_0,,,,21bol1_20211228_164249_7524673631_600_800.png,/scratch/parceirosbr/bigoilict/share/BigOil/document_generator/datasets/documents_2021_12_28/21bol1_20211228_164249_7524673631_600_800.png,21bol1_20211228_164249_7524673631_600_800_mask.png,output/gen_tab_20211228_164253_2611059874.png
8,5,17,10,76,392,93,402,76,392,93,392,93,402,76,402,text,table_text,table_0,courier,bold,10.0,21bol1_20211228_164249_7524673631_600_800.png,/scratch/parceirosbr/bigoilict/share/BigOil/document_generator/datasets/documents_2021_12_28/21bol1_20211228_164249_7524673631_600_800.png,21bol1_20211228_164249_7524673631_600_800_mask.png,não
8,5,17,10,76,392,93,402,76,392,93,392,93,402,76,402,sub_line_text,table_text,table_0,courier,bold,10.0,21bol1_20211228_164249_7524673631_600_800.png,/scratch/parceirosbr/bigoilict/share/BigOil/document_generator/datasets/documents_2021_12_28/21bol1_20211228_164249_7524673631_600_800.png,21bol1_20211228_164249_7524673631_600_800_mask.png,não
14,5,29,10,70,414,99,424,70,414,99,414,99,424,70,424,text,table_text,table_0,courier,regular,10.0,21bol1_20211228_164249_7524673631_600_800.png,/scratch/parceirosbr/bigoilict/share/BigOil/document_generator/datasets/documents_2021_12_28/21bol1_20211228_164249_7524673631_600_800.png,21bol1_20211228_164249_7524673631_600_800_mask.png,neste
14,5,29,10,70,414,99,424,70,414,99,414,99,424,70,424,sub_line_text,table_text,table_0,courier,regular,10.0,21bol1_20211228_164249_7524673631_600_800.png,/scratch/parceirosbr/bigoilict/share/BigOil/document_generator/datasets/documents_2021_12_28/21bol1_20211228_164249_7524673631_600_800.png,21bol1_20211228_164249_7524673631_600_800_mask.png,neste
5,5,11,10,79,427,90,437,79,427,90,427,90,437,79,437,text,table_text,table_0,courier,regular,10.0,21bol1_20211228_164249_7524673631_600_800.png,/scratch/parceirosbr/bigoilict/share/BigOil/document_generator/datasets/documents_2021_12_28/21bol1_20211228_164249_7524673631_600_800.png,21bol1_20211228_164249_7524673631_600_800_mask.png,já
5,5,11,10,79,427,90,437,79,427,90,427,90,437,79,437,sub_line_text,table_text,table_0,courier,regular,10.0,21bol1_20211228_164249_7524673631_600_800.png,/scratch/parceirosbr/bigoilict/share/BigOil/document_generator/datasets/documents_2021_12_28/21bol1_20211228_164249_7524673631_600_800.png,21bol1_20211228_164249_7524673631_600_800_mask.png,já
5,5,11,10,79,441,90,451,79,441,90,441,90,451,79,451,text,table_text,table_0,courier,regular,10.0,21bol1_20211228_164249_7524673631_600_800.png,/scratch/parceirosbr/bigoilict/share/BigOil/document_generator/datasets/documents_2021_12_28/21bol1_20211228_164249_7524673631_600_800.png,21bol1_20211228_164249_7524673631_600_800_mask.png,ar
5,5,11,10,79,441,90,451,79,441,90,441,90,451,79,451,sub_line_text,table_text,table_0,courier,regular,10.0,21bol1_20211228_164249_7524673631_600_800.png,/scratch/parceirosbr/bigoilict/share/BigOil/document_generator/datasets/documents_2021_12_28/21bol1_20211228_164249_7524673631_600_800.png,21bol1_20211228_164249_7524673631_600_800_mask.png,ar
11,5,23,10,73,454,96,464,73,454,96,454,96,464,73,464,text,table_text,table_0,courier,regular,10.0,21bol1_20211228_164249_7524673631_600_800.png,/scratch/parceirosbr/bigoilict/share/BigOil/document_generator/datasets/documents_2021_12_28/21bol1_20211228_164249_7524673631_600_800.png,21bol1_20211228_164249_7524673631_600_800_mask.png,pode
11,5,23,10,73,454,96,464,73,454,96,454,96,464,73,464,sub_line_text,table_text,table_0,courier,regular,10.0,21bol1_20211228_164249_7524673631_600_800.png,/scratch/parceirosbr/bigoilict/share/BigOil/document_generator/datasets/documents_2021_12_28/21bol1_20211228_164249_7524673631_600_800.png,21bol1_20211228_164249_7524673631_600_800_mask.png,pode
2,5,5,10,82,468,87,478,82,468,87,468,87,478,82,478,text,table_text,table_0,courier,regular,10.0,21bol1_20211228_164249_7524673631_600_800.png,/scratch/parceirosbr/bigoilict/share/BigOil/document_generator/datasets/documents_2021_12_28/21bol1_20211228_164249_7524673631_600_800.png,21bol1_20211228_164249_7524673631_600_800_mask.png,e
2,5,5,10,82,468,87,478,82,468,87,468,87,478,82,478,sub_line_text,table_text,table_0,courier,regular,10.0,21bol1_20211228_164249_7524673631_600_800.png,/scratch/parceirosbr/bigoilict/share/BigOil/document_generator/datasets/documents_2021_12_28/21bol1_20211228_164249_7524673631_600_800.png,21bol1_20211228_164249_7524673631_600_800_mask.png,e
5,5,11,10,79,481,90,491,79,481,90,481,90,491,79,491,text,table_text,table_0,courier,regular,10.0,21bol1_20211228_164249_7524673631_600_800.png,/scratch/parceirosbr/bigoilict/share/BigOil/document_generator/datasets/documents_2021_12_28/21bol1_20211228_164249_7524673631_600_800.png,21bol1_20211228_164249_7524673631_600_800_mask.png,do
5,5,11,10,79,481,90,491,79,481,90,481,90,491,79,491,sub_line_text,table_text,table_0,courier,regular,10.0,21bol1_20211228_164249_7524673631_600_800.png,/scratch/parceirosbr/bigoilict/share/BigOil/document_generator/datasets/documents_2021_12_28/21bol1_20211228_164249_7524673631_600_800.png,21bol1_20211228_164249_7524673631_600_800_mask.png,do
14,5,29,10,70,495,99,505,70,495,99,495,99,505,70,505,text,table_text,table_0,courier,regular,10.0,21bol1_20211228_164249_7524673631_600_800.png,/scratch/parceirosbr/bigoilict/share/BigOil/document_generator/datasets/documents_2021_12_28/21bol1_20211228_164249_7524673631_600_800.png,21bol1_20211228_164249_7524673631_600_800_mask.png,tanto
14,5,29,10,70,495,99,505,70,495,99,495,99,505,70,505,sub_line_text,table_text,table_0,courier,regular,10.0,21bol1_20211228_164249_7524673631_600_800.png,/scratch/parceirosbr/bigoilict/share/BigOil/document_generator/datasets/documents_2021_12_28/21bol1_20211228_164249_7524673631_600_800.png,21bol1_20211228_164249_7524673631_600_800_mask.png,tanto
5,5,11,10,79,508,90,518,79,508,90,508,90,518,79,518,text,table_text,table_0,courier,regular,10.0,21bol1_20211228_164249_7524673631_600_800.png,/scratch/parceirosbr/bigoilict/share/BigOil/document_generator/datasets/documents_2021_12_28/21bol1_20211228_164249_7524673631_600_800.png,21bol1_20211228_164249_7524673631_600_800_mask.png,os
5,5,11,10,79,508,90,518,79,508,90,508,90,518,79,518,sub_line_text,table_text,table_0,courier,regular,10.0,21bol1_20211228_164249_7524673631_600_800.png,/scratch/parceirosbr/bigoilict/share/BigOil/document_generator/datasets/documents_2021_12_28/21bol1_20211228_164249_7524673631_600_800.png,21bol1_20211228_164249_7524673631_600_800_mask.png,os
29,5,58,10,246,522,304,532,246,522,304,522,304,532,246,532,text,table_text,table_0,courier,regular,10.0,21bol1_20211228_164249_7524673631_600_800.png,/scratch/parceirosbr/bigoilict/share/BigOil/document_generator/datasets/documents_2021_12_28/21bol1_20211228_164249_7524673631_600_800.png,21bol1_20211228_164249_7524673631_600_800_mask.png,principais
29,5,58,10,246,522,304,532,246,522,304,522,304,532,246,532,sub_line_text,table_text,table_0,courier,regular,10.0,21bol1_20211228_164249_7524673631_600_800.png,/scratch/parceirosbr/bigoilict/share/BigOil/document_generator/datasets/documents_2021_12_28/21bol1_20211228_164249_7524673631_600_800.png,21bol1_20211228_164249_7524673631_600_800_mask.png,principais
20,5,40,10,128,392,168,402,128,392,168,392,168,402,128,402,text,table_text,table_0,courier,bold,10.0,21bol1_20211228_164249_7524673631_600_800.png,/scratch/parceirosbr/bigoilict/share/BigOil/document_generator/datasets/documents_2021_12_28/21bol1_20211228_164249_7524673631_600_800.png,21bol1_20211228_164249_7524673631_600_800_mask.png,grandes
20,5,40,10,128,392,168,402,128,392,168,392,168,402,128,402,sub_line_text,table_text,table_0,courier,bold,10.0,21bol1_20211228_164249_7524673631_600_800.png,/scratch/parceirosbr/bigoilict/share/BigOil/document_generator/datasets/documents_2021_12_28/21bol1_20211228_164249_7524673631_600_800.png,21bol1_20211228_164249_7524673631_600_800_mask.png,grandes
29,5,58,10,120,414,178,424,120,414,178,414,178,424,120,424,text,table_text,table_0,courier,regular,10.0,21bol1_20211228_164249_7524673631_600_800.png,/scratch/parceirosbr/bigoilict/share/BigOil/document_generator/datasets/documents_2021_12_28/21bol1_20211228_164249_7524673631_600_800.png,21bol1_20211228_164249_7524673631_600_800_mask.png,realizando
29,5,58,10,120,414,178,424,120,414,178,414,178,424,120,424,sub_line_text,table_text,table_0,courier,regular,10.0,21bol1_20211228_164249_7524673631_600_800.png,/scratch/parceirosbr/bigoilict/share/BigOil/document_generator/datasets/documents_2021_12_28/21bol1_20211228_164249_7524673631_600_800.png,21bol1_20211228_164249_7524673631_600_800_mask.png,realizando
29,5,58,10,120,427,178,437,120,427,178,427,178,437,120,437,text,table_text,table_0,courier,regular,10.0,21bol1_20211228_164249_7524673631_600_800.png,/scratch/parceirosbr/bigoilict/share/BigOil/document_generator/datasets/documents_2021_12_28/21bol1_20211228_164249_7524673631_600_800.png,21bol1_20211228_164249_7524673631_600_800_mask.png,cinéticade
29,5,58,10,120,427,178,437,120,427,178,427,178,437,120,437,sub_line_text,table_text,table_0,courier,regular,10.0,21bol1_20211228_164249_7524673631_600_800.png,/scratch/parceirosbr/bigoilict/share/BigOil/document_generator/datasets/documents_2021_12_28/21bol1_20211228_164249_7524673631_600_800.png,21bol1_20211228_164249_7524673631_600_800_mask.png,cinéticade
17,5,34,10,132,441,166,451,132,441,166,441,166,451,132,451,text,table_text,table_0,courier,regular,10.0,21bol1_20211228_164249_7524673631_600_800.png,/scratch/parceirosbr/bigoilict/share/BigOil/document_generator/datasets/documents_2021_12_28/21bol1_20211228_164249_7524673631_600_800.png,21bol1_20211228_164249_7524673631_600_800_mask.png,reação
17,5,34,10,132,441,166,451,132,441,166,441,166,451,132,451,sub_line_text,table_text,table_0,courier,regular,10.0,21bol1_20211228_164249_7524673631_600_800.png,/scratch/parceirosbr/bigoilict/share/BigOil/document_generator/datasets/documents_2021_12_28/21bol1_20211228_164249_7524673631_600_800.png,21bol1_20211228_164249_7524673631_600_800_mask.png,reação
29,5,58,10,120,454,178,464,120,454,178,454,178,464,120,464,text,table_text,table_0,courier,regular,10.0,21bol1_20211228_164249_7524673631_600_800.png,/scratch/parceirosbr/bigoilict/share/BigOil/document_generator/datasets/documents_2021_12_28/21bol1_20211228_164249_7524673631_600_800.png,21bol1_20211228_164249_7524673631_600_800_mask.png,envolverem
29,5,58,10,120,454,178,464,120,454,178,454,178,464,120,464,sub_line_text,table_text,table_0,courier,regular,10.0,21bol1_20211228_164249_7524673631_600_800.png,/scratch/parceirosbr/bigoilict/share/BigOil/document_generator/datasets/documents_2021_12_28/21bol1_20211228_164249_7524673631_600_800.png,21bol1_20211228_164249_7524673631_600_800_mask.png,envolverem
2,5,5,10,146,468,151,478,146,468,151,468,151,478,146,478,text,table_text,table_0,courier,regular,10.0,21bol1_20211228_164249_7524673631_600_800.png,/scratch/parceirosbr/bigoilict/share/BigOil/document_generator/datasets/documents_2021_12_28/21bol1_20211228_164249_7524673631_600_800.png,21bol1_20211228_164249_7524673631_600_800_mask.png,e
2,5,5,10,146,468,151,478,146,468,151,468,151,478,146,478,sub_line_text,table_text,table_0,courier,regular,10.0,21bol1_20211228_164249_7524673631_600_800.png,/scratch/parceirosbr/bigoilict/share/BigOil/document_generator/datasets/documents_2021_12_28/21bol1_20211228_164249_7524673631_600_800.png,21bol1_20211228_164249_7524673631_600_800_mask.png,e
29,5,58,10,120,481,178,491,120,481,178,481,178,491,120,491,text,table_text,table_0,courier,regular,10.0,21bol1_20211228_164249_7524673631_600_800.png,/scratch/parceirosbr/bigoilict/share/BigOil/document_generator/datasets/documents_2021_12_28/21bol1_20211228_164249_7524673631_600_800.png,21bol1_20211228_164249_7524673631_600_800_mask.png,incertezas
29,5,58,10,120,481,178,491,120,481,178,481,178,491,120,491,sub_line_text,table_text,table_0,courier,regular,10.0,21bol1_20211228_164249_7524673631_600_800.png,/scratch/parceirosbr/bigoilict/share/BigOil/document_generator/datasets/documents_2021_12_28/21bol1_20211228_164249_7524673631_600_800.png,21bol1_20211228_164249_7524673631_600_800_mask.png,incertezas
14,5,29,10,134,495,163,505,134,495,163,495,163,505,134,505,text,table_text,table_0,courier,regular,10.0,21bol1_20211228_164249_7524673631_600_800.png,/scratch/parceirosbr/bigoilict/share/BigOil/document_generator/datasets/documents_2021_12_28/21bol1_20211228_164249_7524673631_600_800.png,21bol1_20211228_164249_7524673631_600_800_mask.png,tendo
14,5,29,10,134,495,163,505,134,495,163,495,163,505,134,505,sub_line_text,table_text,table_0,courier,regular,10.0,21bol1_20211228_164249_7524673631_600_800.png,/scratch/parceirosbr/bigoilict/share/BigOil/document_generator/datasets/documents_2021_12_28/21bol1_20211228_164249_7524673631_600_800.png,21bol1_20211228_164249_7524673631_600_800_mask.png,tendo
17,5,34,10,132,508,166,518,132,508,166,508,166,518,132,518,text,table_text,table_0,courier,regular,10.0,21bol1_20211228_164249_7524673631_600_800.png,/scratch/parceirosbr/bigoilict/share/BigOil/document_generator/datasets/documents_2021_12_28/21bol1_20211228_164249_7524673631_600_800.png,21bol1_20211228_164249_7524673631_600_800_mask.png,reação
17,5,34,10,132,508,166,518,132,508,166,508,166,518,132,518,sub_line_text,table_text,table_0,courier,regular,10.0,21bol1_20211228_164249_7524673631_600_800.png,/scratch/parceirosbr/bigoilict/share/BigOil/document_generator/datasets/documents_2021_12_28/21bol1_20211228_164249_7524673631_600_800.png,21bol1_20211228_164249_7524673631_600_800_mask.png,reação
5,5,11,10,204,392,215,402,204,392,215,392,215,402,204,402,text,table_text,table_0,courier,bold,10.0,21bol1_20211228_164249_7524673631_600_800.png,/scratch/parceirosbr/bigoilict/share/BigOil/document_generator/datasets/documents_2021_12_28/21bol1_20211228_164249_7524673631_600_800.png,21bol1_20211228_164249_7524673631_600_800_mask.png,ao
5,5,11,10,204,392,215,402,204,392,215,392,215,402,204,402,sub_line_text,table_text,table_0,courier,bold,10.0,21bol1_20211228_164249_7524673631_600_800.png,/scratch/parceirosbr/bigoilict/share/BigOil/document_generator/datasets/documents_2021_12_28/21bol1_20211228_164249_7524673631_600_800.png,21bol1_20211228_164249_7524673631_600_800_mask.png,ao
5,5,11,10,204,414,215,424,204,414,215,414,215,424,204,424,text,table_text,table_0,courier,regular,10.0,21bol1_20211228_164249_7524673631_600_800.png,/scratch/parceirosbr/bigoilict/share/BigOil/document_generator/datasets/documents_2021_12_28/21bol1_20211228_164249_7524673631_600_800.png,21bol1_20211228_164249_7524673631_600_800_mask.png,30
5,5,11,10,204,414,215,424,204,414,215,414,215,424,204,424,sub_line_text,table_text,table_0,courier,regular,10.0,21bol1_20211228_164249_7524673631_600_800.png,/scratch/parceirosbr/bigoilict/share/BigOil/document_generator/datasets/documents_2021_12_28/21bol1_20211228_164249_7524673631_600_800.png,21bol1_20211228_164249_7524673631_600_800_mask.png,30
11,5,23,10,192,427,215,437,192,427,215,427,215,437,192,437,text,table_text,table_0,courier,regular,10.0,21bol1_20211228_164249_7524673631_600_800.png,/scratch/parceirosbr/bigoilict/share/BigOil/document_generator/datasets/documents_2021_12_28/21bol1_20211228_164249_7524673631_600_800.png,21bol1_20211228_164249_7524673631_600_800_mask.png,1570
11,5,23,10,192,427,215,437,192,427,215,427,215,437,192,437,sub_line_text,table_text,table_0,courier,regular,10.0,21bol1_20211228_164249_7524673631_600_800.png,/scratch/parceirosbr/bigoilict/share/BigOil/document_generator/datasets/documents_2021_12_28/21bol1_20211228_164249_7524673631_600_800.png,21bol1_20211228_164249_7524673631_600_800_mask.png,1570
5,5,11,10,204,441,215,451,204,441,215,441,215,451,204,451,text,table_text,table_0,courier,regular,10.0,21bol1_20211228_164249_7524673631_600_800.png,/scratch/parceirosbr/bigoilict/share/BigOil/document_generator/datasets/documents_2021_12_28/21bol1_20211228_164249_7524673631_600_800.png,21bol1_20211228_164249_7524673631_600_800_mask.png,93
5,5,11,10,204,441,215,451,204,441,215,441,215,451,204,451,sub_line_text,table_text,table_0,courier,regular,10.0,21bol1_20211228_164249_7524673631_600_800.png,/scratch/parceirosbr/bigoilict/share/BigOil/document_generator/datasets/documents_2021_12_28/21bol1_20211228_164249_7524673631_600_800.png,21bol1_20211228_164249_7524673631_600_800_mask.png,93
5,5,11,10,204,454,215,464,204,454,215,454,215,464,204,464,text,table_text,table_0,courier,regular,10.0,21bol1_20211228_164249_7524673631_600_800.png,/scratch/parceirosbr/bigoilict/share/BigOil/document_generator/datasets/documents_2021_12_28/21bol1_20211228_164249_7524673631_600_800.png,21bol1_20211228_164249_7524673631_600_800_mask.png,85
5,5,11,10,204,454,215,464,204,454,215,454,215,464,204,464,sub_line_text,table_text,table_0,courier,regular,10.0,21bol1_20211228_164249_7524673631_600_800.png,/scratch/parceirosbr/bigoilict/share/BigOil/document_generator/datasets/documents_2021_12_28/21bol1_20211228_164249_7524673631_600_800.png,21bol1_20211228_164249_7524673631_600_800_mask.png,85
11,5,23,10,192,468,215,478,192,468,215,468,215,478,192,478,text,table_text,table_0,courier,regular,10.0,21bol1_20211228_164249_7524673631_600_800.png,/scratch/parceirosbr/bigoilict/share/BigOil/document_generator/datasets/documents_2021_12_28/21bol1_20211228_164249_7524673631_600_800.png,21bol1_20211228_164249_7524673631_600_800_mask.png,9062
11,5,23,10,192,468,215,478,192,468,215,468,215,478,192,478,sub_line_text,table_text,table_0,courier,regular,10.0,21bol1_20211228_164249_7524673631_600_800.png,/scratch/parceirosbr/bigoilict/share/BigOil/document_generator/datasets/documents_2021_12_28/21bol1_20211228_164249_7524673631_600_800.png,21bol1_20211228_164249_7524673631_600_800_mask.png,9062
5,5,11,10,204,481,215,491,204,481,215,481,215,491,204,491,text,table_text,table_0,courier,regular,10.0,21bol1_20211228_164249_7524673631_600_800.png,/scratch/parceirosbr/bigoilict/share/BigOil/document_generator/datasets/documents_2021_12_28/21bol1_20211228_164249_7524673631_600_800.png,21bol1_20211228_164249_7524673631_600_800_mask.png,87
5,5,11,10,204,481,215,491,204,481,215,481,215,491,204,491,sub_line_text,table_text,table_0,courier,regular,10.0,21bol1_20211228_164249_7524673631_600_800.png,/scratch/parceirosbr/bigoilict/share/BigOil/document_generator/datasets/documents_2021_12_28/21bol1_20211228_164249_7524673631_600_800.png,21bol1_20211228_164249_7524673631_600_800_mask.png,87
11,5,23,10,192,495,215,505,192,495,215,495,215,505,192,505,text,table_text,table_0,courier,regular,10.0,21bol1_20211228_164249_7524673631_600_800.png,/scratch/parceirosbr/bigoilict/share/BigOil/document_generator/datasets/documents_2021_12_28/21bol1_20211228_164249_7524673631_600_800.png,21bol1_20211228_164249_7524673631_600_800_mask.png,4121
11,5,23,10,192,495,215,505,192,495,215,495,215,505,192,505,sub_line_text,table_text,table_0,courier,regular,10.0,21bol1_20211228_164249_7524673631_600_800.png,/scratch/parceirosbr/bigoilict/share/BigOil/document_generator/datasets/documents_2021_12_28/21bol1_20211228_164249_7524673631_600_800.png,21bol1_20211228_164249_7524673631_600_800_mask.png,4121
11,5,23,10,192,508,215,518,192,508,215,508,215,518,192,518,text,table_text,table_0,courier,regular,10.0,21bol1_20211228_164249_7524673631_600_800.png,/scratch/parceirosbr/bigoilict/share/BigOil/document_generator/datasets/documents_2021_12_28/21bol1_20211228_164249_7524673631_600_800.png,21bol1_20211228_164249_7524673631_600_800_mask.png,2082
11,5,23,10,192,508,215,518,192,508,215,508,215,518,192,518,sub_line_text,table_text,table_0,courier,regular,10.0,21bol1_20211228_164249_7524673631_600_800.png,/scratch/parceirosbr/bigoilict/share/BigOil/document_generator/datasets/documents_2021_12_28/21bol1_20211228_164249_7524673631_600_800.png,21bol1_20211228_164249_7524673631_600_800_mask.png,2082
40,5,81,10,240,392,321,402,240,392,321,392,321,402,240,402,text,table_text,table_0,courier,bold,10.0,21bol1_20211228_164249_7524673631_600_800.png,/scratch/parceirosbr/bigoilict/share/BigOil/document_generator/datasets/documents_2021_12_28/21bol1_20211228_164249_7524673631_600_800.png,21bol1_20211228_164249_7524673631_600_800_mask.png,comportamentos
40,5,81,10,240,392,321,402,240,392,321,392,321,402,240,402,sub_line_text,table_text,table_0,courier,bold,10.0,21bol1_20211228_164249_7524673631_600_800.png,/scratch/parceirosbr/bigoilict/share/BigOil/document_generator/datasets/documents_2021_12_28/21bol1_20211228_164249_7524673631_600_800.png,21bol1_20211228_164249_7524673631_600_800_mask.png,comportamentos
11,5,23,10,223,414,246,424,223,414,246,414,246,424,223,424,text,table_text,table_0,courier,regular,10.0,21bol1_20211228_164249_7524673631_600_800.png,/scratch/parceirosbr/bigoilict/share/BigOil/document_generator/datasets/documents_2021_12_28/21bol1_20211228_164249_7524673631_600_800.png,21bol1_20211228_164249_7524673631_600_800_mask.png,8035
11,5,23,10,223,414,246,424,223,414,246,414,246,424,223,424,sub_line_text,table_text,table_0,courier,regular,10.0,21bol1_20211228_164249_7524673631_600_800.png,/scratch/parceirosbr/bigoilict/share/BigOil/document_generator/datasets/documents_2021_12_28/21bol1_20211228_164249_7524673631_600_800.png,21bol1_20211228_164249_7524673631_600_800_mask.png,8035
11,5,23,10,223,427,246,437,223,427,246,427,246,437,223,437,text,table_text,table_0,courier,regular,10.0,21bol1_20211228_164249_7524673631_600_800.png,/scratch/parceirosbr/bigoilict/share/BigOil/document_generator/datasets/documents_2021_12_28/21bol1_20211228_164249_7524673631_600_800.png,21bol1_20211228_164249_7524673631_600_800_mask.png,1525
11,5,23,10,223,427,246,437,223,427,246,427,246,437,223,437,sub_line_text,table_text,table_0,courier,regular,10.0,21bol1_20211228_164249_7524673631_600_800.png,/scratch/parceirosbr/bigoilict/share/BigOil/document_generator/datasets/documents_2021_12_28/21bol1_20211228_164249_7524673631_600_800.png,21bol1_20211228_164249_7524673631_600_800_mask.png,1525
11,5,23,10,223,441,246,451,223,441,246,441,246,451,223,451,text,table_text,table_0,courier,regular,10.0,21bol1_20211228_164249_7524673631_600_800.png,/scratch/parceirosbr/bigoilict/share/BigOil/document_generator/datasets/documents_2021_12_28/21bol1_20211228_164249_7524673631_600_800.png,21bol1_20211228_164249_7524673631_600_800_mask.png,3676
11,5,23,10,223,441,246,451,223,441,246,441,246,451,223,451,sub_line_text,table_text,table_0,courier,regular,10.0,21bol1_20211228_164249_7524673631_600_800.png,/scratch/parceirosbr/bigoilict/share/BigOil/document_generator/datasets/documents_2021_12_28/21bol1_20211228_164249_7524673631_600_800.png,21bol1_20211228_164249_7524673631_600_800_mask.png,3676
11,5,23,10,223,454,246,464,223,454,246,454,246,464,223,464,text,table_text,table_0,courier,regular,10.0,21bol1_20211228_164249_7524673631_600_800.png,/scratch/parceirosbr/bigoilict/share/BigOil/document_generator/datasets/documents_2021_12_28/21bol1_20211228_164249_7524673631_600_800.png,21bol1_20211228_164249_7524673631_600_800_mask.png,3030
11,5,23,10,223,454,246,464,223,454,246,454,246,464,223,464,sub_line_text,table_text,table_0,courier,regular,10.0,21bol1_20211228_164249_7524673631_600_800.png,/scratch/parceirosbr/bigoilict/share/BigOil/document_generator/datasets/documents_2021_12_28/21bol1_20211228_164249_7524673631_600_800.png,21bol1_20211228_164249_7524673631_600_800_mask.png,3030
8,5,17,10,229,468,246,478,229,468,246,468,246,478,229,478,text,table_text,table_0,courier,regular,10.0,21bol1_20211228_164249_7524673631_600_800.png,/scratch/parceirosbr/bigoilict/share/BigOil/document_generator/datasets/documents_2021_12_28/21bol1_20211228_164249_7524673631_600_800.png,21bol1_20211228_164249_7524673631_600_800_mask.png,164
8,5,17,10,229,468,246,478,229,468,246,468,246,478,229,478,sub_line_text,table_text,table_0,courier,regular,10.0,21bol1_20211228_164249_7524673631_600_800.png,/scratch/parceirosbr/bigoilict/share/BigOil/document_generator/datasets/documents_2021_12_28/21bol1_20211228_164249_7524673631_600_800.png,21bol1_20211228_164249_7524673631_600_800_mask.png,164
11,5,23,10,223,481,246,491,223,481,246,481,246,491,223,491,text,table_text,table_0,courier,regular,10.0,21bol1_20211228_164249_7524673631_600_800.png,/scratch/parceirosbr/bigoilict/share/BigOil/document_generator/datasets/documents_2021_12_28/21bol1_20211228_164249_7524673631_600_800.png,21bol1_20211228_164249_7524673631_600_800_mask.png,1876
11,5,23,10,223,481,246,491,223,481,246,481,246,491,223,491,sub_line_text,table_text,table_0,courier,regular,10.0,21bol1_20211228_164249_7524673631_600_800.png,/scratch/parceirosbr/bigoilict/share/BigOil/document_generator/datasets/documents_2021_12_28/21bol1_20211228_164249_7524673631_600_800.png,21bol1_20211228_164249_7524673631_600_800_mask.png,1876
11,5,23,10,223,495,246,505,223,495,246,495,246,505,223,505,text,table_text,table_0,courier,regular,10.0,21bol1_20211228_164249_7524673631_600_800.png,/scratch/parceirosbr/bigoilict/share/BigOil/document_generator/datasets/documents_2021_12_28/21bol1_20211228_164249_7524673631_600_800.png,21bol1_20211228_164249_7524673631_600_800_mask.png,3975
11,5,23,10,223,495,246,505,223,495,246,495,246,505,223,505,sub_line_text,table_text,table_0,courier,regular,10.0,21bol1_20211228_164249_7524673631_600_800.png,/scratch/parceirosbr/bigoilict/share/BigOil/document_generator/datasets/documents_2021_12_28/21bol1_20211228_164249_7524673631_600_800.png,21bol1_20211228_164249_7524673631_600_800_mask.png,3975
11,5,23,10,223,508,246,518,223,508,246,508,246,518,223,518,text,table_text,table_0,courier,regular,10.0,21bol1_20211228_164249_7524673631_600_800.png,/scratch/parceirosbr/bigoilict/share/BigOil/document_generator/datasets/documents_2021_12_28/21bol1_20211228_164249_7524673631_600_800.png,21bol1_20211228_164249_7524673631_600_800_mask.png,1205
11,5,23,10,223,508,246,518,223,508,246,508,246,518,223,518,sub_line_text,table_text,table_0,courier,regular,10.0,21bol1_20211228_164249_7524673631_600_800.png,/scratch/parceirosbr/bigoilict/share/BigOil/document_generator/datasets/documents_2021_12_28/21bol1_20211228_164249_7524673631_600_800.png,21bol1_20211228_164249_7524673631_600_800_mask.png,1205
34,5,69,10,252,414,321,424,252,414,321,414,321,424,252,424,text,table_text,table_0,courier,regular,10.0,21bol1_20211228_164249_7524673631_600_800.png,/scratch/parceirosbr/bigoilict/share/BigOil/document_generator/datasets/documents_2021_12_28/21bol1_20211228_164249_7524673631_600_800.png,21bol1_20211228_164249_7524673631_600_800_mask.png,26344723.606
34,5,69,10,252,414,321,424,252,414,321,414,321,424,252,424,sub_line_text,table_text,table_0,courier,regular,10.0,21bol1_20211228_164249_7524673631_600_800.png,/scratch/parceirosbr/bigoilict/share/BigOil/document_generator/datasets/documents_2021_12_28/21bol1_20211228_164249_7524673631_600_800.png,21bol1_20211228_164249_7524673631_600_800_mask.png,26344723.606
34,5,69,10,252,427,321,437,252,427,321,427,321,437,252,437,text,table_text,table_0,courier,regular,10.0,21bol1_20211228_164249_7524673631_600_800.png,/scratch/parceirosbr/bigoilict/share/BigOil/document_generator/datasets/documents_2021_12_28/21bol1_20211228_164249_7524673631_600_800.png,21bol1_20211228_164249_7524673631_600_800_mask.png,11023865.138
34,5,69,10,252,427,321,437,252,427,321,427,321,437,252,437,sub_line_text,table_text,table_0,courier,regular,10.0,21bol1_20211228_164249_7524673631_600_800.png,/scratch/parceirosbr/bigoilict/share/BigOil/document_generator/datasets/documents_2021_12_28/21bol1_20211228_164249_7524673631_600_800.png,21bol1_20211228_164249_7524673631_600_800_mask.png,11023865.138
34,5,69,10,252,441,321,451,252,441,321,441,321,451,252,451,text,table_text,table_0,courier,regular,10.0,21bol1_20211228_164249_7524673631_600_800.png,/scratch/parceirosbr/bigoilict/share/BigOil/document_generator/datasets/documents_2021_12_28/21bol1_20211228_164249_7524673631_600_800.png,21bol1_20211228_164249_7524673631_600_800_mask.png,66762686.363
34,5,69,10,252,441,321,451,252,441,321,441,321,451,252,451,sub_line_text,table_text,table_0,courier,regular,10.0,21bol1_20211228_164249_7524673631_600_800.png,/scratch/parceirosbr/bigoilict/share/BigOil/document_generator/datasets/documents_2021_12_28/21bol1_20211228_164249_7524673631_600_800.png,21bol1_20211228_164249_7524673631_600_800_mask.png,66762686.363
34,5,69,10,252,454,321,464,252,454,321,454,321,464,252,464,text,table_text,table_0,courier,regular,10.0,21bol1_20211228_164249_7524673631_600_800.png,/scratch/parceirosbr/bigoilict/share/BigOil/document_generator/datasets/documents_2021_12_28/21bol1_20211228_164249_7524673631_600_800.png,21bol1_20211228_164249_7524673631_600_800_mask.png,32330542.694
34,5,69,10,252,454,321,464,252,454,321,454,321,464,252,464,sub_line_text,table_text,table_0,courier,regular,10.0,21bol1_20211228_164249_7524673631_600_800.png,/scratch/parceirosbr/bigoilict/share/BigOil/document_generator/datasets/documents_2021_12_28/21bol1_20211228_164249_7524673631_600_800.png,21bol1_20211228_164249_7524673631_600_800_mask.png,32330542.694
34,5,69,10,252,468,321,478,252,468,321,468,321,478,252,478,text,table_text,table_0,courier,regular,10.0,21bol1_20211228_164249_7524673631_600_800.png,/scratch/parceirosbr/bigoilict/share/BigOil/document_generator/datasets/documents_2021_12_28/21bol1_20211228_164249_7524673631_600_800.png,21bol1_20211228_164249_7524673631_600_800_mask.png,12891231.340
34,5,69,10,252,468,321,478,252,468,321,468,321,478,252,478,sub_line_text,table_text,table_0,courier,regular,10.0,21bol1_20211228_164249_7524673631_600_800.png,/scratch/parceirosbr/bigoilict/share/BigOil/document_generator/datasets/documents_2021_12_28/21bol1_20211228_164249_7524673631_600_800.png,21bol1_20211228_164249_7524673631_600_800_mask.png,12891231.340
34,5,69,10,252,481,321,491,252,481,321,481,321,491,252,491,text,table_text,table_0,courier,regular,10.0,21bol1_20211228_164249_7524673631_600_800.png,/scratch/parceirosbr/bigoilict/share/BigOil/document_generator/datasets/documents_2021_12_28/21bol1_20211228_164249_7524673631_600_800.png,21bol1_20211228_164249_7524673631_600_800_mask.png,36890043.873
34,5,69,10,252,481,321,491,252,481,321,481,321,491,252,491,sub_line_text,table_text,table_0,courier,regular,10.0,21bol1_20211228_164249_7524673631_600_800.png,/scratch/parceirosbr/bigoilict/share/BigOil/document_generator/datasets/documents_2021_12_28/21bol1_20211228_164249_7524673631_600_800.png,21bol1_20211228_164249_7524673631_600_800_mask.png,36890043.873
34,5,69,10,252,495,321,505,252,495,321,495,321,505,252,505,text,table_text,table_0,courier,regular,10.0,21bol1_20211228_164249_7524673631_600_800.png,/scratch/parceirosbr/bigoilict/share/BigOil/document_generator/datasets/documents_2021_12_28/21bol1_20211228_164249_7524673631_600_800.png,21bol1_20211228_164249_7524673631_600_800_mask.png,38402266.161
34,5,69,10,252,495,321,505,252,495,321,495,321,505,252,505,sub_line_text,table_text,table_0,courier,regular,10.0,21bol1_20211228_164249_7524673631_600_800.png,/scratch/parceirosbr/bigoilict/share/BigOil/document_generator/datasets/documents_2021_12_28/21bol1_20211228_164249_7524673631_600_800.png,21bol1_20211228_164249_7524673631_600_800_mask.png,38402266.161
34,5,69,10,252,508,321,518,252,508,321,508,321,518,252,518,text,table_text,table_0,courier,regular,10.0,21bol1_20211228_164249_7524673631_600_800.png,/scratch/parceirosbr/bigoilict/share/BigOil/document_generator/datasets/documents_2021_12_28/21bol1_20211228_164249_7524673631_600_800.png,21bol1_20211228_164249_7524673631_600_800_mask.png,91724028.193
34,5,69,10,252,508,321,518,252,508,321,508,321,518,252,518,sub_line_text,table_text,table_0,courier,regular,10.0,21bol1_20211228_164249_7524673631_600_800.png,/scratch/parceirosbr/bigoilict/share/BigOil/document_generator/datasets/documents_2021_12_28/21bol1_20211228_164249_7524673631_600_800.png,21bol1_20211228_164249_7524673631_600_800_mask.png,91724028.193
14,5,29,10,364,392,393,402,364,392,393,392,393,402,364,402,text,table_text,table_0,courier,bold,10.0,21bol1_20211228_164249_7524673631_600_800.png,/scratch/parceirosbr/bigoilict/share/BigOil/document_generator/datasets/documents_2021_12_28/21bol1_20211228_164249_7524673631_600_800.png,21bol1_20211228_164249_7524673631_600_800_mask.png,balão
14,5,29,10,364,392,393,402,364,392,393,392,393,402,364,402,sub_line_text,table_text,table_0,courier,bold,10.0,21bol1_20211228_164249_7524673631_600_800.png,/scratch/parceirosbr/bigoilict/share/BigOil/document_generator/datasets/documents_2021_12_28/21bol1_20211228_164249_7524673631_600_800.png,21bol1_20211228_164249_7524673631_600_800_mask.png,balão
29,5,58,10,336,414,394,424,336,414,394,414,394,424,336,424,text,table_text,table_0,courier,regular,10.0,21bol1_20211228_164249_7524673631_600_800.png,/scratch/parceirosbr/bigoilict/share/BigOil/document_generator/datasets/documents_2021_12_28/21bol1_20211228_164249_7524673631_600_800.png,21bol1_20211228_164249_7524673631_600_800_mask.png,2910385.34
29,5,58,10,336,414,394,424,336,414,394,414,394,424,336,424,sub_line_text,table_text,table_0,courier,regular,10.0,21bol1_20211228_164249_7524673631_600_800.png,/scratch/parceirosbr/bigoilict/share/BigOil/document_generator/datasets/documents_2021_12_28/21bol1_20211228_164249_7524673631_600_800.png,21bol1_20211228_164249_7524673631_600_800_mask.png,2910385.34
31,5,63,10,330,427,393,437,330,427,393,427,393,437,330,437,text,table_text,table_0,courier,regular,10.0,21bol1_20211228_164249_7524673631_600_800.png,/scratch/parceirosbr/bigoilict/share/BigOil/document_generator/datasets/documents_2021_12_28/21bol1_20211228_164249_7524673631_600_800.png,21bol1_20211228_164249_7524673631_600_800_mask.png,59367967.68
31,5,63,10,330,427,393,437,330,427,393,427,393,437,330,437,sub_line_text,table_text,table_0,courier,regular,10.0,21bol1_20211228_164249_7524673631_600_800.png,/scratch/parceirosbr/bigoilict/share/BigOil/document_generator/datasets/documents_2021_12_28/21bol1_20211228_164249_7524673631_600_800.png,21bol1_20211228_164249_7524673631_600_800_mask.png,59367967.68
31,5,63,10,330,441,393,451,330,441,393,441,393,451,330,451,text,table_text,table_0,courier,regular,10.0,21bol1_20211228_164249_7524673631_600_800.png,/scratch/parceirosbr/bigoilict/share/BigOil/document_generator/datasets/documents_2021_12_28/21bol1_20211228_164249_7524673631_600_800.png,21bol1_20211228_164249_7524673631_600_800_mask.png,80759606.57
31,5,63,10,330,441,393,451,330,441,393,441,393,451,330,451,sub_line_text,table_text,table_0,courier,regular,10.0,21bol1_20211228_164249_7524673631_600_800.png,/scratch/parceirosbr/bigoilict/share/BigOil/document_generator/datasets/documents_2021_12_28/21bol1_20211228_164249_7524673631_600_800.png,21bol1_20211228_164249_7524673631_600_800_mask.png,80759606.57
31,5,63,10,330,454,393,464,330,454,393,454,393,464,330,464,text,table_text,table_0,courier,regular,10.0,21bol1_20211228_164249_7524673631_600_800.png,/scratch/parceirosbr/bigoilict/share/BigOil/document_generator/datasets/documents_2021_12_28/21bol1_20211228_164249_7524673631_600_800.png,21bol1_20211228_164249_7524673631_600_800_mask.png,63723431.56
31,5,63,10,330,454,393,464,330,454,393,454,393,464,330,464,sub_line_text,table_text,table_0,courier,regular,10.0,21bol1_20211228_164249_7524673631_600_800.png,/scratch/parceirosbr/bigoilict/share/BigOil/document_generator/datasets/documents_2021_12_28/21bol1_20211228_164249_7524673631_600_800.png,21bol1_20211228_164249_7524673631_600_800_mask.png,63723431.56
26,5,52,10,342,468,394,478,342,468,394,468,394,478,342,478,text,table_text,table_0,courier,regular,10.0,21bol1_20211228_164249_7524673631_600_800.png,/scratch/parceirosbr/bigoilict/share/BigOil/document_generator/datasets/documents_2021_12_28/21bol1_20211228_164249_7524673631_600_800.png,21bol1_20211228_164249_7524673631_600_800_mask.png,447734.44
26,5,52,10,342,468,394,478,342,468,394,468,394,478,342,478,sub_line_text,table_text,table_0,courier,regular,10.0,21bol1_20211228_164249_7524673631_600_800.png,/scratch/parceirosbr/bigoilict/share/BigOil/document_generator/datasets/documents_2021_12_28/21bol1_20211228_164249_7524673631_600_800.png,21bol1_20211228_164249_7524673631_600_800_mask.png,447734.44
29,5,58,10,336,481,394,491,336,481,394,481,394,491,336,491,text,table_text,table_0,courier,regular,10.0,21bol1_20211228_164249_7524673631_600_800.png,/scratch/parceirosbr/bigoilict/share/BigOil/document_generator/datasets/documents_2021_12_28/21bol1_20211228_164249_7524673631_600_800.png,21bol1_20211228_164249_7524673631_600_800_mask.png,4997495.29
29,5,58,10,336,481,394,491,336,481,394,481,394,491,336,491,sub_line_text,table_text,table_0,courier,regular,10.0,21bol1_20211228_164249_7524673631_600_800.png,/scratch/parceirosbr/bigoilict/share/BigOil/document_generator/datasets/documents_2021_12_28/21bol1_20211228_164249_7524673631_600_800.png,21bol1_20211228_164249_7524673631_600_800_mask.png,4997495.29
26,5,52,10,342,495,394,505,342,495,394,495,394,505,342,505,text,table_text,table_0,courier,regular,10.0,21bol1_20211228_164249_7524673631_600_800.png,/scratch/parceirosbr/bigoilict/share/BigOil/document_generator/datasets/documents_2021_12_28/21bol1_20211228_164249_7524673631_600_800.png,21bol1_20211228_164249_7524673631_600_800_mask.png,733195.59
26,5,52,10,342,495,394,505,342,495,394,495,394,505,342,505,sub_line_text,table_text,table_0,courier,regular,10.0,21bol1_20211228_164249_7524673631_600_800.png,/scratch/parceirosbr/bigoilict/share/BigOil/document_generator/datasets/documents_2021_12_28/21bol1_20211228_164249_7524673631_600_800.png,21bol1_20211228_164249_7524673631_600_800_mask.png,733195.59
29,5,58,10,336,508,394,518,336,508,394,508,394,518,336,518,text,table_text,table_0,courier,regular,10.0,21bol1_20211228_164249_7524673631_600_800.png,/scratch/parceirosbr/bigoilict/share/BigOil/document_generator/datasets/documents_2021_12_28/21bol1_20211228_164249_7524673631_600_800.png,21bol1_20211228_164249_7524673631_600_800_mask.png,7932903.72
29,5,58,10,336,508,394,518,336,508,394,508,394,518,336,518,sub_line_text,table_text,table_0,courier,regular,10.0,21bol1_20211228_164249_7524673631_600_800.png,/scratch/parceirosbr/bigoilict/share/BigOil/document_generator/datasets/documents_2021_12_28/21bol1_20211228_164249_7524673631_600_800.png,21bol1_20211228_164249_7524673631_600_800_mask.png,7932903.72
17,5,35,10,406,392,441,402,406,392,441,392,441,402,406,402,text,table_text,table_0,courier,bold,10.0,21bol1_20211228_164249_7524673631_600_800.png,/scratch/parceirosbr/bigoilict/share/BigOil/document_generator/datasets/documents_2021_12_28/21bol1_20211228_164249_7524673631_600_800.png,21bol1_20211228_164249_7524673631_600_800_mask.png,máxima
17,5,35,10,406,392,441,402,406,392,441,392,441,402,406,402,sub_line_text,table_text,table_0,courier,bold,10.0,21bol1_20211228_164249_7524673631_600_800.png,/scratch/parceirosbr/bigoilict/share/BigOil/document_generator/datasets/documents_2021_12_28/21bol1_20211228_164249_7524673631_600_800.png,21bol1_20211228_164249_7524673631_600_800_mask.png,máxima
20,5,40,10,401,414,441,424,401,414,441,414,441,424,401,424,text,table_text,table_0,courier,regular,10.0,21bol1_20211228_164249_7524673631_600_800.png,/scratch/parceirosbr/bigoilict/share/BigOil/document_generator/datasets/documents_2021_12_28/21bol1_20211228_164249_7524673631_600_800.png,21bol1_20211228_164249_7524673631_600_800_mask.png,818.922
20,5,40,10,401,414,441,424,401,414,441,414,441,424,401,424,sub_line_text,table_text,table_0,courier,regular,10.0,21bol1_20211228_164249_7524673631_600_800.png,/scratch/parceirosbr/bigoilict/share/BigOil/document_generator/datasets/documents_2021_12_28/21bol1_20211228_164249_7524673631_600_800.png,21bol1_20211228_164249_7524673631_600_800_mask.png,818.922
20,5,40,10,401,427,441,437,401,427,441,427,441,437,401,437,text,table_text,table_0,courier,regular,10.0,21bol1_20211228_164249_7524673631_600_800.png,/scratch/parceirosbr/bigoilict/share/BigOil/document_generator/datasets/documents_2021_12_28/21bol1_20211228_164249_7524673631_600_800.png,21bol1_20211228_164249_7524673631_600_800_mask.png,646.744
20,5,40,10,401,427,441,437,401,427,441,427,441,437,401,437,sub_line_text,table_text,table_0,courier,regular,10.0,21bol1_20211228_164249_7524673631_600_800.png,/scratch/parceirosbr/bigoilict/share/BigOil/document_generator/datasets/documents_2021_12_28/21bol1_20211228_164249_7524673631_600_800.png,21bol1_20211228_164249_7524673631_600_800_mask.png,646.744
20,5,40,10,401,441,441,451,401,441,441,441,441,451,401,451,text,table_text,table_0,courier,regular,10.0,21bol1_20211228_164249_7524673631_600_800.png,/scratch/parceirosbr/bigoilict/share/BigOil/document_generator/datasets/documents_2021_12_28/21bol1_20211228_164249_7524673631_600_800.png,21bol1_20211228_164249_7524673631_600_800_mask.png,331.096
20,5,40,10,401,441,441,451,401,441,441,441,441,451,401,451,sub_line_text,table_text,table_0,courier,regular,10.0,21bol1_20211228_164249_7524673631_600_800.png,/scratch/parceirosbr/bigoilict/share/BigOil/document_generator/datasets/documents_2021_12_28/21bol1_20211228_164249_7524673631_600_800.png,21bol1_20211228_164249_7524673631_600_800_mask.png,331.096
20,5,40,10,401,454,441,464,401,454,441,454,441,464,401,464,text,table_text,table_0,courier,regular,10.0,21bol1_20211228_164249_7524673631_600_800.png,/scratch/parceirosbr/bigoilict/share/BigOil/document_generator/datasets/documents_2021_12_28/21bol1_20211228_164249_7524673631_600_800.png,21bol1_20211228_164249_7524673631_600_800_mask.png,718.917
20,5,40,10,401,454,441,464,401,454,441,454,441,464,401,464,sub_line_text,table_text,table_0,courier,regular,10.0,21bol1_20211228_164249_7524673631_600_800.png,/scratch/parceirosbr/bigoilict/share/BigOil/document_generator/datasets/documents_2021_12_28/21bol1_20211228_164249_7524673631_600_800.png,21bol1_20211228_164249_7524673631_600_800_mask.png,718.917
20,5,40,10,401,468,441,478,401,468,441,468,441,478,401,478,text,table_text,table_0,courier,regular,10.0,21bol1_20211228_164249_7524673631_600_800.png,/scratch/parceirosbr/bigoilict/share/BigOil/document_generator/datasets/documents_2021_12_28/21bol1_20211228_164249_7524673631_600_800.png,21bol1_20211228_164249_7524673631_600_800_mask.png,925.441
20,5,40,10,401,468,441,478,401,468,441,468,441,478,401,478,sub_line_text,table_text,table_0,courier,regular,10.0,21bol1_20211228_164249_7524673631_600_800.png,/scratch/parceirosbr/bigoilict/share/BigOil/document_generator/datasets/documents_2021_12_28/21bol1_20211228_164249_7524673631_600_800.png,21bol1_20211228_164249_7524673631_600_800_mask.png,925.441
20,5,40,10,401,481,441,491,401,481,441,481,441,491,401,491,text,table_text,table_0,courier,regular,10.0,21bol1_20211228_164249_7524673631_600_800.png,/scratch/parceirosbr/bigoilict/share/BigOil/document_generator/datasets/documents_2021_12_28/21bol1_20211228_164249_7524673631_600_800.png,21bol1_20211228_164249_7524673631_600_800_mask.png,671.326
20,5,40,10,401,481,441,491,401,481,441,481,441,491,401,491,sub_line_text,table_text,table_0,courier,regular,10.0,21bol1_20211228_164249_7524673631_600_800.png,/scratch/parceirosbr/bigoilict/share/BigOil/document_generator/datasets/documents_2021_12_28/21bol1_20211228_164249_7524673631_600_800.png,21bol1_20211228_164249_7524673631_600_800_mask.png,671.326
20,5,40,10,401,495,441,505,401,495,441,495,441,505,401,505,text,table_text,table_0,courier,regular,10.0,21bol1_20211228_164249_7524673631_600_800.png,/scratch/parceirosbr/bigoilict/share/BigOil/document_generator/datasets/documents_2021_12_28/21bol1_20211228_164249_7524673631_600_800.png,21bol1_20211228_164249_7524673631_600_800_mask.png,420.702
20,5,40,10,401,495,441,505,401,495,441,495,441,505,401,505,sub_line_text,table_text,table_0,courier,regular,10.0,21bol1_20211228_164249_7524673631_600_800.png,/scratch/parceirosbr/bigoilict/share/BigOil/document_generator/datasets/documents_2021_12_28/21bol1_20211228_164249_7524673631_600_800.png,21bol1_20211228_164249_7524673631_600_800_mask.png,420.702
20,5,40,10,401,508,441,518,401,508,441,508,441,518,401,518,text,table_text,table_0,courier,regular,10.0,21bol1_20211228_164249_7524673631_600_800.png,/scratch/parceirosbr/bigoilict/share/BigOil/document_generator/datasets/documents_2021_12_28/21bol1_20211228_164249_7524673631_600_800.png,21bol1_20211228_164249_7524673631_600_800_mask.png,334.304
20,5,40,10,401,508,441,518,401,508,441,508,441,518,401,518,sub_line_text,table_text,table_0,courier,regular,10.0,21bol1_20211228_164249_7524673631_600_800.png,/scratch/parceirosbr/bigoilict/share/BigOil/document_generator/datasets/documents_2021_12_28/21bol1_20211228_164249_7524673631_600_800.png,21bol1_20211228_164249_7524673631_600_800_mask.png,334.304
14,5,29,10,457,392,486,402,457,392,486,392,486,402,457,402,text,table_text,table_0,courier,bold,10.0,21bol1_20211228_164249_7524673631_600_800.png,/scratch/parceirosbr/bigoilict/share/BigOil/document_generator/datasets/documents_2021_12_28/21bol1_20211228_164249_7524673631_600_800.png,21bol1_20211228_164249_7524673631_600_800_mask.png,comum
14,5,29,10,457,392,486,402,457,392,486,392,486,402,457,402,sub_line_text,table_text,table_0,courier,bold,10.0,21bol1_20211228_164249_7524673631_600_800.png,/scratch/parceirosbr/bigoilict/share/BigOil/document_generator/datasets/documents_2021_12_28/21bol1_20211228_164249_7524673631_600_800.png,21bol1_20211228_164249_7524673631_600_800_mask.png,comum
11,5,23,10,464,414,487,424,464,414,487,414,487,424,464,424,text,table_text,table_0,courier,regular,10.0,21bol1_20211228_164249_7524673631_600_800.png,/scratch/parceirosbr/bigoilict/share/BigOil/document_generator/datasets/documents_2021_12_28/21bol1_20211228_164249_7524673631_600_800.png,21bol1_20211228_164249_7524673631_600_800_mask.png,9.29
11,5,23,10,464,414,487,424,464,414,487,414,487,424,464,424,sub_line_text,table_text,table_0,courier,regular,10.0,21bol1_20211228_164249_7524673631_600_800.png,/scratch/parceirosbr/bigoilict/share/BigOil/document_generator/datasets/documents_2021_12_28/21bol1_20211228_164249_7524673631_600_800.png,21bol1_20211228_164249_7524673631_600_800_mask.png,9.29
11,5,23,10,464,427,487,437,464,427,487,427,487,437,464,437,text,table_text,table_0,courier,regular,10.0,21bol1_20211228_164249_7524673631_600_800.png,/scratch/parceirosbr/bigoilict/share/BigOil/document_generator/datasets/documents_2021_12_28/21bol1_20211228_164249_7524673631_600_800.png,21bol1_20211228_164249_7524673631_600_800_mask.png,2.80
11,5,23,10,464,427,487,437,464,427,487,427,487,437,464,437,sub_line_text,table_text,table_0,courier,regular,10.0,21bol1_20211228_164249_7524673631_600_800.png,/scratch/parceirosbr/bigoilict/share/BigOil/document_generator/datasets/documents_2021_12_28/21bol1_20211228_164249_7524673631_600_800.png,21bol1_20211228_164249_7524673631_600_800_mask.png,2.80
11,5,23,10,464,441,487,451,464,441,487,441,487,451,464,451,text,table_text,table_0,courier,regular,10.0,21bol1_20211228_164249_7524673631_600_800.png,/scratch/parceirosbr/bigoilict/share/BigOil/document_generator/datasets/documents_2021_12_28/21bol1_20211228_164249_7524673631_600_800.png,21bol1_20211228_164249_7524673631_600_800_mask.png,3.23
11,5,23,10,464,441,487,451,464,441,487,441,487,451,464,451,sub_line_text,table_text,table_0,courier,regular,10.0,21bol1_20211228_164249_7524673631_600_800.png,/scratch/parceirosbr/bigoilict/share/BigOil/document_generator/datasets/documents_2021_12_28/21bol1_20211228_164249_7524673631_600_800.png,21bol1_20211228_164249_7524673631_600_800_mask.png,3.23
11,5,23,10,464,454,487,464,464,454,487,454,487,464,464,464,text,table_text,table_0,courier,regular,10.0,21bol1_20211228_164249_7524673631_600_800.png,/scratch/parceirosbr/bigoilict/share/BigOil/document_generator/datasets/documents_2021_12_28/21bol1_20211228_164249_7524673631_600_800.png,21bol1_20211228_164249_7524673631_600_800_mask.png,4.26
11,5,23,10,464,454,487,464,464,454,487,454,487,464,464,464,sub_line_text,table_text,table_0,courier,regular,10.0,21bol1_20211228_164249_7524673631_600_800.png,/scratch/parceirosbr/bigoilict/share/BigOil/document_generator/datasets/documents_2021_12_28/21bol1_20211228_164249_7524673631_600_800.png,21bol1_20211228_164249_7524673631_600_800_mask.png,4.26
11,5,23,10,464,468,487,478,464,468,487,468,487,478,464,478,text,table_text,table_0,courier,regular,10.0,21bol1_20211228_164249_7524673631_600_800.png,/scratch/parceirosbr/bigoilict/share/BigOil/document_generator/datasets/documents_2021_12_28/21bol1_20211228_164249_7524673631_600_800.png,21bol1_20211228_164249_7524673631_600_800_mask.png,6.33
11,5,23,10,464,468,487,478,464,468,487,468,487,478,464,478,sub_line_text,table_text,table_0,courier,regular,10.0,21bol1_20211228_164249_7524673631_600_800.png,/scratch/parceirosbr/bigoilict/share/BigOil/document_generator/datasets/documents_2021_12_28/21bol1_20211228_164249_7524673631_600_800.png,21bol1_20211228_164249_7524673631_600_800_mask.png,6.33
11,5,23,10,464,481,487,491,464,481,487,481,487,491,464,491,text,table_text,table_0,courier,regular,10.0,21bol1_20211228_164249_7524673631_600_800.png,/scratch/parceirosbr/bigoilict/share/BigOil/document_generator/datasets/documents_2021_12_28/21bol1_20211228_164249_7524673631_600_800.png,21bol1_20211228_164249_7524673631_600_800_mask.png,1.41
11,5,23,10,464,481,487,491,464,481,487,481,487,491,464,491,sub_line_text,table_text,table_0,courier,regular,10.0,21bol1_20211228_164249_7524673631_600_800.png,/scratch/parceirosbr/bigoilict/share/BigOil/document_generator/datasets/documents_2021_12_28/21bol1_20211228_164249_7524673631_600_800.png,21bol1_20211228_164249_7524673631_600_800_mask.png,1.41
11,5,23,10,464,495,487,505,464,495,487,495,487,505,464,505,text,table_text,table_0,courier,regular,10.0,21bol1_20211228_164249_7524673631_600_800.png,/scratch/parceirosbr/bigoilict/share/BigOil/document_generator/datasets/documents_2021_12_28/21bol1_20211228_164249_7524673631_600_800.png,21bol1_20211228_164249_7524673631_600_800_mask.png,1.13
11,5,23,10,464,495,487,505,464,495,487,495,487,505,464,505,sub_line_text,table_text,table_0,courier,regular,10.0,21bol1_20211228_164249_7524673631_600_800.png,/scratch/parceirosbr/bigoilict/share/BigOil/document_generator/datasets/documents_2021_12_28/21bol1_20211228_164249_7524673631_600_800.png,21bol1_20211228_164249_7524673631_600_800_mask.png,1.13
11,5,23,10,464,508,487,518,464,508,487,508,487,518,464,518,text,table_text,table_0,courier,regular,10.0,21bol1_20211228_164249_7524673631_600_800.png,/scratch/parceirosbr/bigoilict/share/BigOil/document_generator/datasets/documents_2021_12_28/21bol1_20211228_164249_7524673631_600_800.png,21bol1_20211228_164249_7524673631_600_800_mask.png,1.36
11,5,23,10,464,508,487,518,464,508,487,508,487,518,464,518,sub_line_text,table_text,table_0,courier,regular,10.0,21bol1_20211228_164249_7524673631_600_800.png,/scratch/parceirosbr/bigoilict/share/BigOil/document_generator/datasets/documents_2021_12_28/21bol1_20211228_164249_7524673631_600_800.png,21bol1_20211228_164249_7524673631_600_800_mask.png,1.36
88,69,177,138,52,554,229,692,52,554,229,554,229,692,52,692,list,list,list_1,raleway,raleway,10,21bol1_20211228_164249_7524673631_600_800.png,/scratch/parceirosbr/bigoilict/share/BigOil/document_generator/datasets/documents_2021_12_28/21bol1_20211228_164249_7524673631_600_800.png,21bol1_20211228_164249_7524673631_600_800_mask.png,
87,6,175,12,52,554,227,566,52,554,227,554,227,566,52,566,sub_line_text,list,list_1,raleway,regular,10,21bol1_20211228_164249_7524673631_600_800.png,/scratch/parceirosbr/bigoilict/share/BigOil/document_generator/datasets/documents_2021_12_28/21bol1_20211228_164249_7524673631_600_800.png,21bol1_20211228_164249_7524673631_600_800_mask.png,-  Os  demais  fatores  são:  na coluna
65,6,131,12,62,572,193,584,62,572,193,572,193,584,62,584,sub_line_text,list,list_1,raleway,regular,10,21bol1_20211228_164249_7524673631_600_800.png,/scratch/parceirosbr/bigoilict/share/BigOil/document_generator/datasets/documents_2021_12_28/21bol1_20211228_164249_7524673631_600_800.png,21bol1_20211228_164249_7524673631_600_800_mask.png,de perfuração; no anular; de
88,6,176,12,52,590,228,602,52,590,228,590,228,602,52,602,sub_line_text,list,list_1,raleway,regular,10,21bol1_20211228_164249_7524673631_600_800.png,/scratch/parceirosbr/bigoilict/share/BigOil/document_generator/datasets/documents_2021_12_28/21bol1_20211228_164249_7524673631_600_800.png,21bol1_20211228_164249_7524673631_600_800_mask.png,-  Nã o a pre s enta r i nforma çõe s à.
87,6,175,12,52,608,227,620,52,608,227,608,227,620,52,620,sub_line_text,list,list_1,raleway,regular,10,21bol1_20211228_164249_7524673631_600_800.png,/scratch/parceirosbr/bigoilict/share/BigOil/document_generator/datasets/documents_2021_12_28/21bol1_20211228_164249_7524673631_600_800.png,21bol1_20211228_164249_7524673631_600_800_mask.png,"-  Com   isso,   é   possível   atribuir  a"
82,6,165,12,62,626,227,638,62,626,227,626,227,638,62,638,sub_line_text,list,list_1,raleway,regular,10,21bol1_20211228_164249_7524673631_600_800.png,/scratch/parceirosbr/bigoilict/share/BigOil/document_generator/datasets/documents_2021_12_28/21bol1_20211228_164249_7524673631_600_800.png,21bol1_20211228_164249_7524673631_600_800_mask.png,"cristalização         do         biodiesel,"
58,6,117,12,62,644,179,656,62,644,179,644,179,656,62,656,sub_line_text,list,list_1,raleway,regular,10,21bol1_20211228_164249_7524673631_600_800.png,/scratch/parceirosbr/bigoilict/share/BigOil/document_generator/datasets/documents_2021_12_28/21bol1_20211228_164249_7524673631_600_800.png,21bol1_20211228_164249_7524673631_600_800_mask.png,sobretudo à presença de
88,6,177,12,52,662,229,674,52,662,229,662,229,674,52,674,sub_line_text,list,list_1,raleway,regular,10,21bol1_20211228_164249_7524673631_600_800.png,/scratch/parceirosbr/bigoilict/share/BigOil/document_generator/datasets/documents_2021_12_28/21bol1_20211228_164249_7524673631_600_800.png,21bol1_20211228_164249_7524673631_600_800_mask.png,"-  Importante   notar,  nesse  contexto,"
82,6,165,12,62,680,227,692,62,680,227,680,227,692,62,692,sub_line_text,list,list_1,raleway,regular,10,21bol1_20211228_164249_7524673631_600_800.png,/scratch/parceirosbr/bigoilict/share/BigOil/document_generator/datasets/documents_2021_12_28/21bol1_20211228_164249_7524673631_600_800.png,21bol1_20211228_164249_7524673631_600_800_mask.png,que  o  monitoramento esteve ativo
75,6,151,12,265,554,416,566,265,554,416,554,416,566,265,566,sub_line_text,text,text_0,raleway,regular,10,21bol1_20211228_164249_7524673631_600_800.png,/scratch/parceirosbr/bigoilict/share/BigOil/document_generator/datasets/documents_2021_12_28/21bol1_20211228_164249_7524673631_600_800.png,21bol1_20211228_164249_7524673631_600_800_mask.png,Convém  destacar  que  os esta-
86,6,172,12,244,572,416,584,244,572,416,572,416,584,244,584,sub_line_text,text,text_0,raleway,regular,10,21bol1_20211228_164249_7524673631_600_800.png,/scratch/parceirosbr/bigoilict/share/BigOil/document_generator/datasets/documents_2021_12_28/21bol1_20211228_164249_7524673631_600_800.png,21bol1_20211228_164249_7524673631_600_800_mask.png,"dos  do e apresentaram, em 2013, ra-"
85,6,171,12,244,590,415,602,244,590,415,590,415,602,244,602,sub_line_text,text,text_0,raleway,regular,10,21bol1_20211228_164249_7524673631_600_800.png,/scratch/parceirosbr/bigoilict/share/BigOil/document_generator/datasets/documents_2021_12_28/21bol1_20211228_164249_7524673631_600_800.png,21bol1_20211228_164249_7524673631_600_800_mask.png,zão  de  concentração  econômica e-
86,6,172,12,244,608,416,620,244,608,416,608,416,620,244,620,sub_line_text,text,text_0,raleway,regular,10,21bol1_20211228_164249_7524673631_600_800.png,/scratch/parceirosbr/bigoilict/share/BigOil/document_generator/datasets/documents_2021_12_28/21bol1_20211228_164249_7524673631_600_800.png,21bol1_20211228_164249_7524673631_600_800_mask.png,"quivalente  a  100%154,  ao passo que"
86,6,173,12,244,626,417,638,244,626,417,626,417,638,244,638,sub_line_text,text,text_0,raleway,regular,10,21bol1_20211228_164249_7524673631_600_800.png,/scratch/parceirosbr/bigoilict/share/BigOil/document_generator/datasets/documents_2021_12_28/21bol1_20211228_164249_7524673631_600_800.png,21bol1_20211228_164249_7524673631_600_800_mask.png,no  e essa razão foi superior a 92%. A
80,6,160,12,244,644,404,656,244,644,404,644,404,656,244,656,sub_line_text,text,text_0,raleway,regular,10,21bol1_20211228_164249_7524673631_600_800.png,/scratch/parceirosbr/bigoilict/share/BigOil/document_generator/datasets/documents_2021_12_28/21bol1_20211228_164249_7524673631_600_800.png,21bol1_20211228_164249_7524673631_600_800_mask.png,classe de muito baixa suscetibilida.
87,15,175,30,244,662,419,692,244,662,419,662,419,692,244,692,list,list,list_2,raleway,raleway,10,21bol1_20211228_164249_7524673631_600_800.png,/scratch/parceirosbr/bigoilict/share/BigOil/document_generator/datasets/documents_2021_12_28/21bol1_20211228_164249_7524673631_600_800.png,21bol1_20211228_164249_7524673631_600_800_mask.png,
86,51,173,102,244,554,417,656,244,554,417,554,417,656,244,656,text,text,text_0,raleway,regular,10,21bol1_20211228_164249_7524673631_600_800.png,/scratch/parceirosbr/bigoilict/share/BigOil/document_generator/datasets/documents_2021_12_28/21bol1_20211228_164249_7524673631_600_800.png,21bol1_20211228_164249_7524673631_600_800_mask.png,nan
87,6,175,12,244,662,419,674,244,662,419,662,419,674,244,674,sub_line_text,list,list_2,raleway,regular,10,21bol1_20211228_164249_7524673631_600_800.png,/scratch/parceirosbr/bigoilict/share/BigOil/document_generator/datasets/documents_2021_12_28/21bol1_20211228_164249_7524673631_600_800.png,21bol1_20211228_164249_7524673631_600_800_mask.png,-  Isso  significa dizer que as soluções
45,6,91,12,254,680,345,692,254,680,345,680,345,692,254,692,sub_line_text,list,list_2,raleway,regular,10,21bol1_20211228_164249_7524673631_600_800.png,/scratch/parceirosbr/bigoilict/share/BigOil/document_generator/datasets/documents_2021_12_28/21bol1_20211228_164249_7524673631_600_800.png,21bol1_20211228_164249_7524673631_600_800_mask.png,que irão apresentar
