center_x,center_y,width,height,xmin,ymin,xmax,ymax,top_left_x,top_left_y,top_right_x,top_right_y,bottom_right_x,bottom_right_y,bottom_left_x,bottom_left_y,label,grouplabel,group,text_font,text_style,size_font,filename,path,filename_mask,content
300,400,600,800,0,0,600,800,0,0,600,0,600,800,0,800,document,,,,,,21bol1_20211228_164238_3854283520_600_800.png,/scratch/parceirosbr/bigoilict/share/BigOil/document_generator/datasets/documents_2021_12_28/21bol1_20211228_164238_3854283520_600_800.png,21bol1_20211228_164238_3854283520_600_800_mask.png,
189,0,379,1,147,662,526,663,147,662,526,662,526,663,147,663,line,line,line,,,,21bol1_20211228_164238_3854283520_600_800.png,/scratch/parceirosbr/bigoilict/share/BigOil/document_generator/datasets/documents_2021_12_28/21bol1_20211228_164238_3854283520_600_800.png,21bol1_20211228_164238_3854283520_600_800_mask.png,nan
4,4,8,8,517,662,525,670,517,662,525,662,525,670,517,670,sub_line_text,numpag,footer_1,times,regular,7,21bol1_20211228_164238_3854283520_600_800.png,/scratch/parceirosbr/bigoilict/share/BigOil/document_generator/datasets/documents_2021_12_28/21bol1_20211228_164238_3854283520_600_800.png,21bol1_20211228_164238_3854283520_600_800_mask.png,92
4,4,8,8,517,662,525,670,517,662,525,662,525,670,517,670,text,numpag,footer_1,times,regular,7,21bol1_20211228_164238_3854283520_600_800.png,/scratch/parceirosbr/bigoilict/share/BigOil/document_generator/datasets/documents_2021_12_28/21bol1_20211228_164238_3854283520_600_800.png,21bol1_20211228_164238_3854283520_600_800_mask.png,nan
0,4,1,8,514,662,515,670,514,662,515,662,515,670,514,670,sub_line_text,footer,footer_1,times,regular,7,21bol1_20211228_164238_3854283520_600_800.png,/scratch/parceirosbr/bigoilict/share/BigOil/document_generator/datasets/documents_2021_12_28/21bol1_20211228_164238_3854283520_600_800.png,21bol1_20211228_164238_3854283520_600_800_mask.png,|
0,4,1,8,514,662,515,670,514,662,515,662,515,670,514,670,text,footer,footer_1,times,regular,7,21bol1_20211228_164238_3854283520_600_800.png,/scratch/parceirosbr/bigoilict/share/BigOil/document_generator/datasets/documents_2021_12_28/21bol1_20211228_164238_3854283520_600_800.png,21bol1_20211228_164238_3854283520_600_800_mask.png,nan
20,4,40,8,474,662,514,670,474,662,514,662,514,670,474,670,sub_line_text,footer,footer_1,times,regular,7,21bol1_20211228_164238_3854283520_600_800.png,/scratch/parceirosbr/bigoilict/share/BigOil/document_generator/datasets/documents_2021_12_28/21bol1_20211228_164238_3854283520_600_800.png,21bol1_20211228_164238_3854283520_600_800_mask.png,No método o
20,4,40,8,474,662,514,670,474,662,514,662,514,670,474,670,text,footer,footer_1,times,regular,7,21bol1_20211228_164238_3854283520_600_800.png,/scratch/parceirosbr/bigoilict/share/BigOil/document_generator/datasets/documents_2021_12_28/21bol1_20211228_164238_3854283520_600_800.png,21bol1_20211228_164238_3854283520_600_800_mask.png,nan
75,4,150,9,147,468,297,477,147,468,297,468,297,477,147,477,sub_line_text,figure_legend,figure_0,times,bold,7,21bol1_20211228_164238_3854283520_600_800.png,/scratch/parceirosbr/bigoilict/share/BigOil/document_generator/datasets/documents_2021_12_28/21bol1_20211228_164238_3854283520_600_800.png,21bol1_20211228_164238_3854283520_600_800_mask.png,Figura  53:    The  method consists of placing the
35,4,71,9,147,481,218,490,147,481,218,481,218,490,147,490,sub_line_text,figure_legend,figure_0,times,bold,7,21bol1_20211228_164238_3854283520_600_800.png,/scratch/parceirosbr/bigoilict/share/BigOil/document_generator/datasets/documents_2021_12_28/21bol1_20211228_164238_3854283520_600_800.png,21bol1_20211228_164238_3854283520_600_800_mask.png,coal sample (100 g) on
75,11,150,22,147,468,297,490,147,468,297,468,297,490,147,490,text,figure_legend,figure_0,times,bold,7,21bol1_20211228_164238_3854283520_600_800.png,/scratch/parceirosbr/bigoilict/share/BigOil/document_generator/datasets/documents_2021_12_28/21bol1_20211228_164238_3854283520_600_800.png,21bol1_20211228_164238_3854283520_600_800_mask.png,nan
74,4,149,9,334,468,483,477,334,468,483,468,483,477,334,477,sub_line_text,figure_legend,figure_0,times,bold,7,21bol1_20211228_164238_3854283520_600_800.png,/scratch/parceirosbr/bigoilict/share/BigOil/document_generator/datasets/documents_2021_12_28/21bol1_20211228_164238_3854283520_600_800.png,21bol1_20211228_164238_3854283520_600_800_mask.png,Figura  56:    process  and  also  for direct use in
74,4,149,9,334,481,483,490,334,481,483,481,483,490,334,490,sub_line_text,figure_legend,figure_0,times,bold,7,21bol1_20211228_164238_3854283520_600_800.png,/scratch/parceirosbr/bigoilict/share/BigOil/document_generator/datasets/documents_2021_12_28/21bol1_20211228_164238_3854283520_600_800.png,21bol1_20211228_164238_3854283520_600_800_mask.png,cooling  towers  to  obtain  treated  effluent  with
72,4,145,9,334,494,479,503,334,494,479,494,479,503,334,503,sub_line_text,figure_legend,figure_0,times,bold,7,21bol1_20211228_164238_3854283520_600_800.png,/scratch/parceirosbr/bigoilict/share/BigOil/document_generator/datasets/documents_2021_12_28/21bol1_20211228_164238_3854283520_600_800.png,21bol1_20211228_164238_3854283520_600_800_mask.png,<20mg / L of <10mg / L of and absorbance at
74,17,149,35,334,468,483,503,334,468,483,468,483,503,334,503,text,figure_legend,figure_0,times,bold,7,21bol1_20211228_164238_3854283520_600_800.png,/scratch/parceirosbr/bigoilict/share/BigOil/document_generator/datasets/documents_2021_12_28/21bol1_20211228_164238_3854283520_600_800.png,21bol1_20211228_164238_3854283520_600_800_mask.png,nan
69,69,138,138,267,508,405,646,267,508,405,508,405,646,267,646,image,figure_image,figure_0,,,,21bol1_20211228_164238_3854283520_600_800.png,/scratch/parceirosbr/bigoilict/share/BigOil/document_generator/datasets/documents_2021_12_28/21bol1_20211228_164238_3854283520_600_800.png,21bol1_20211228_164238_3854283520_600_800_mask.png,output/gen_img_20211228_164238_5942541628.png
13,3,26,6,275,632,301,638,275,632,301,632,301,638,275,638,text,figure_text,figure_0,,,,21bol1_20211228_164238_3854283520_600_800.png,/scratch/parceirosbr/bigoilict/share/BigOil/document_generator/datasets/documents_2021_12_28/21bol1_20211228_164238_3854283520_600_800.png,21bol1_20211228_164238_3854283520_600_800_mask.png,-8018.8%
13,3,26,6,275,632,301,638,275,632,301,632,301,638,275,638,sub_line_text,figure_text,figure_0,,,,21bol1_20211228_164238_3854283520_600_800.png,/scratch/parceirosbr/bigoilict/share/BigOil/document_generator/datasets/documents_2021_12_28/21bol1_20211228_164238_3854283520_600_800.png,21bol1_20211228_164238_3854283520_600_800_mask.png,-8018.8%
18,3,37,7,350,555,387,562,350,555,387,555,387,562,350,562,text,figure_text,figure_0,,,,21bol1_20211228_164238_3854283520_600_800.png,/scratch/parceirosbr/bigoilict/share/BigOil/document_generator/datasets/documents_2021_12_28/21bol1_20211228_164238_3854283520_600_800.png,21bol1_20211228_164238_3854283520_600_800_mask.png,Consumption
18,3,37,7,350,555,387,562,350,555,387,555,387,562,350,562,sub_line_text,figure_text,figure_0,,,,21bol1_20211228_164238_3854283520_600_800.png,/scratch/parceirosbr/bigoilict/share/BigOil/document_generator/datasets/documents_2021_12_28/21bol1_20211228_164238_3854283520_600_800.png,21bol1_20211228_164238_3854283520_600_800_mask.png,Consumption
12,3,24,7,325,559,349,566,325,559,349,559,349,566,325,566,text,figure_text,figure_0,,,,21bol1_20211228_164238_3854283520_600_800.png,/scratch/parceirosbr/bigoilict/share/BigOil/document_generator/datasets/documents_2021_12_28/21bol1_20211228_164238_3854283520_600_800.png,21bol1_20211228_164238_3854283520_600_800_mask.png,Average
12,3,24,7,325,559,349,566,325,559,349,559,349,566,325,566,sub_line_text,figure_text,figure_0,,,,21bol1_20211228_164238_3854283520_600_800.png,/scratch/parceirosbr/bigoilict/share/BigOil/document_generator/datasets/documents_2021_12_28/21bol1_20211228_164238_3854283520_600_800.png,21bol1_20211228_164238_3854283520_600_800_mask.png,Average
10,3,21,6,276,555,297,561,276,555,297,555,297,561,276,561,text,figure_text,figure_0,,,,21bol1_20211228_164238_3854283520_600_800.png,/scratch/parceirosbr/bigoilict/share/BigOil/document_generator/datasets/documents_2021_12_28/21bol1_20211228_164238_3854283520_600_800.png,21bol1_20211228_164238_3854283520_600_800_mask.png,-1897.7
10,3,21,6,276,555,297,561,276,555,297,555,297,561,276,561,sub_line_text,figure_text,figure_0,,,,21bol1_20211228_164238_3854283520_600_800.png,/scratch/parceirosbr/bigoilict/share/BigOil/document_generator/datasets/documents_2021_12_28/21bol1_20211228_164238_3854283520_600_800.png,21bol1_20211228_164238_3854283520_600_800_mask.png,-1897.7
10,3,21,6,290,514,311,520,290,514,311,514,311,520,290,520,text,figure_text,figure_0,,,,21bol1_20211228_164238_3854283520_600_800.png,/scratch/parceirosbr/bigoilict/share/BigOil/document_generator/datasets/documents_2021_12_28/21bol1_20211228_164238_3854283520_600_800.png,21bol1_20211228_164238_3854283520_600_800_mask.png,-6759.1
10,3,21,6,290,514,311,520,290,514,311,514,311,520,290,520,sub_line_text,figure_text,figure_0,,,,21bol1_20211228_164238_3854283520_600_800.png,/scratch/parceirosbr/bigoilict/share/BigOil/document_generator/datasets/documents_2021_12_28/21bol1_20211228_164238_3854283520_600_800.png,21bol1_20211228_164238_3854283520_600_800_mask.png,-6759.1
13,3,26,7,307,578,333,585,307,578,333,578,333,585,307,585,text,figure_text,figure_0,,,,21bol1_20211228_164238_3854283520_600_800.png,/scratch/parceirosbr/bigoilict/share/BigOil/document_generator/datasets/documents_2021_12_28/21bol1_20211228_164238_3854283520_600_800.png,21bol1_20211228_164238_3854283520_600_800_mask.png,Speed ​​[v]
13,3,26,7,307,578,333,585,307,578,333,578,333,585,307,585,sub_line_text,figure_text,figure_0,,,,21bol1_20211228_164238_3854283520_600_800.png,/scratch/parceirosbr/bigoilict/share/BigOil/document_generator/datasets/documents_2021_12_28/21bol1_20211228_164238_3854283520_600_800.png,21bol1_20211228_164238_3854283520_600_800_mask.png,Speed ​​[v]
10,3,20,6,346,536,366,542,346,536,366,536,366,542,346,542,text,figure_text,figure_0,,,,21bol1_20211228_164238_3854283520_600_800.png,/scratch/parceirosbr/bigoilict/share/BigOil/document_generator/datasets/documents_2021_12_28/21bol1_20211228_164238_3854283520_600_800.png,21bol1_20211228_164238_3854283520_600_800_mask.png,-7677.0
10,3,20,6,346,536,366,542,346,536,366,536,366,542,346,542,sub_line_text,figure_text,figure_0,,,,21bol1_20211228_164238_3854283520_600_800.png,/scratch/parceirosbr/bigoilict/share/BigOil/document_generator/datasets/documents_2021_12_28/21bol1_20211228_164238_3854283520_600_800.png,21bol1_20211228_164238_3854283520_600_800_mask.png,-7677.0
16,4,32,8,367,634,399,642,367,634,399,634,399,642,367,642,text,figure_text,figure_0,,,,21bol1_20211228_164238_3854283520_600_800.png,/scratch/parceirosbr/bigoilict/share/BigOil/document_generator/datasets/documents_2021_12_28/21bol1_20211228_164238_3854283520_600_800.png,21bol1_20211228_164238_3854283520_600_800_mask.png,Energy [kw]
16,4,32,8,367,634,399,642,367,634,399,634,399,642,367,642,sub_line_text,figure_text,figure_0,,,,21bol1_20211228_164238_3854283520_600_800.png,/scratch/parceirosbr/bigoilict/share/BigOil/document_generator/datasets/documents_2021_12_28/21bol1_20211228_164238_3854283520_600_800.png,21bol1_20211228_164238_3854283520_600_800_mask.png,Energy [kw]
16,3,33,7,325,618,358,625,325,618,358,618,358,625,325,625,text,figure_text,figure_0,,,,21bol1_20211228_164238_3854283520_600_800.png,/scratch/parceirosbr/bigoilict/share/BigOil/document_generator/datasets/documents_2021_12_28/21bol1_20211228_164238_3854283520_600_800.png,21bol1_20211228_164238_3854283520_600_800_mask.png,Gender (BL)
16,3,33,7,325,618,358,625,325,618,358,618,358,625,325,625,sub_line_text,figure_text,figure_0,,,,21bol1_20211228_164238_3854283520_600_800.png,/scratch/parceirosbr/bigoilict/share/BigOil/document_generator/datasets/documents_2021_12_28/21bol1_20211228_164238_3854283520_600_800.png,21bol1_20211228_164238_3854283520_600_800_mask.png,Gender (BL)
10,3,20,6,310,521,330,527,310,521,330,521,330,527,310,527,text,figure_text,figure_0,,,,21bol1_20211228_164238_3854283520_600_800.png,/scratch/parceirosbr/bigoilict/share/BigOil/document_generator/datasets/documents_2021_12_28/21bol1_20211228_164238_3854283520_600_800.png,21bol1_20211228_164238_3854283520_600_800_mask.png,-1880%
10,3,20,6,310,521,330,527,310,521,330,521,330,527,310,527,sub_line_text,figure_text,figure_0,,,,21bol1_20211228_164238_3854283520_600_800.png,/scratch/parceirosbr/bigoilict/share/BigOil/document_generator/datasets/documents_2021_12_28/21bol1_20211228_164238_3854283520_600_800.png,21bol1_20211228_164238_3854283520_600_800_mask.png,-1880%
10,3,20,6,307,601,327,607,307,601,327,601,327,607,307,607,text,figure_text,figure_0,,,,21bol1_20211228_164238_3854283520_600_800.png,/scratch/parceirosbr/bigoilict/share/BigOil/document_generator/datasets/documents_2021_12_28/21bol1_20211228_164238_3854283520_600_800.png,21bol1_20211228_164238_3854283520_600_800_mask.png,840.9%
10,3,20,6,307,601,327,607,307,601,327,601,327,607,307,607,sub_line_text,figure_text,figure_0,,,,21bol1_20211228_164238_3854283520_600_800.png,/scratch/parceirosbr/bigoilict/share/BigOil/document_generator/datasets/documents_2021_12_28/21bol1_20211228_164238_3854283520_600_800.png,21bol1_20211228_164238_3854283520_600_800_mask.png,840.9%
13,3,27,7,321,630,348,637,321,630,348,630,348,637,321,637,text,figure_text,figure_0,,,,21bol1_20211228_164238_3854283520_600_800.png,/scratch/parceirosbr/bigoilict/share/BigOil/document_generator/datasets/documents_2021_12_28/21bol1_20211228_164238_3854283520_600_800.png,21bol1_20211228_164238_3854283520_600_800_mask.png,Male [km]
13,3,27,7,321,630,348,637,321,630,348,630,348,637,321,637,sub_line_text,figure_text,figure_0,,,,21bol1_20211228_164238_3854283520_600_800.png,/scratch/parceirosbr/bigoilict/share/BigOil/document_generator/datasets/documents_2021_12_28/21bol1_20211228_164238_3854283520_600_800.png,21bol1_20211228_164238_3854283520_600_800_mask.png,Male [km]
12,2,24,5,318,589,342,594,318,589,342,589,342,594,318,594,text,figure_text,figure_0,,,,21bol1_20211228_164238_3854283520_600_800.png,/scratch/parceirosbr/bigoilict/share/BigOil/document_generator/datasets/documents_2021_12_28/21bol1_20211228_164238_3854283520_600_800.png,21bol1_20211228_164238_3854283520_600_800_mask.png,-9729.12
12,2,24,5,318,589,342,594,318,589,342,589,342,594,318,594,sub_line_text,figure_text,figure_0,,,,21bol1_20211228_164238_3854283520_600_800.png,/scratch/parceirosbr/bigoilict/share/BigOil/document_generator/datasets/documents_2021_12_28/21bol1_20211228_164238_3854283520_600_800.png,21bol1_20211228_164238_3854283520_600_800_mask.png,-9729.12
17,3,34,7,350,528,384,535,350,528,384,528,384,535,350,535,text,figure_text,figure_0,,,,21bol1_20211228_164238_3854283520_600_800.png,/scratch/parceirosbr/bigoilict/share/BigOil/document_generator/datasets/documents_2021_12_28/21bol1_20211228_164238_3854283520_600_800.png,21bol1_20211228_164238_3854283520_600_800_mask.png,Permeability
17,3,34,7,350,528,384,535,350,528,384,528,384,535,350,535,sub_line_text,figure_text,figure_0,,,,21bol1_20211228_164238_3854283520_600_800.png,/scratch/parceirosbr/bigoilict/share/BigOil/document_generator/datasets/documents_2021_12_28/21bol1_20211228_164238_3854283520_600_800.png,21bol1_20211228_164238_3854283520_600_800_mask.png,Permeability
14,3,28,6,362,565,390,571,362,565,390,565,390,571,362,571,text,figure_text,figure_0,,,,21bol1_20211228_164238_3854283520_600_800.png,/scratch/parceirosbr/bigoilict/share/BigOil/document_generator/datasets/documents_2021_12_28/21bol1_20211228_164238_3854283520_600_800.png,21bol1_20211228_164238_3854283520_600_800_mask.png,-6424.53%
14,3,28,6,362,565,390,571,362,565,390,565,390,571,362,571,sub_line_text,figure_text,figure_0,,,,21bol1_20211228_164238_3854283520_600_800.png,/scratch/parceirosbr/bigoilict/share/BigOil/document_generator/datasets/documents_2021_12_28/21bol1_20211228_164238_3854283520_600_800.png,21bol1_20211228_164238_3854283520_600_800_mask.png,-6424.53%
10,2,20,5,311,609,331,614,311,609,331,609,331,614,311,614,text,figure_text,figure_0,,,,21bol1_20211228_164238_3854283520_600_800.png,/scratch/parceirosbr/bigoilict/share/BigOil/document_generator/datasets/documents_2021_12_28/21bol1_20211228_164238_3854283520_600_800.png,21bol1_20211228_164238_3854283520_600_800_mask.png,-7756%
10,2,20,5,311,609,331,614,311,609,331,609,331,614,311,614,sub_line_text,figure_text,figure_0,,,,21bol1_20211228_164238_3854283520_600_800.png,/scratch/parceirosbr/bigoilict/share/BigOil/document_generator/datasets/documents_2021_12_28/21bol1_20211228_164238_3854283520_600_800.png,21bol1_20211228_164238_3854283520_600_800_mask.png,-7756%
10,3,20,6,275,541,295,547,275,541,295,541,295,547,275,547,text,figure_text,figure_0,,,,21bol1_20211228_164238_3854283520_600_800.png,/scratch/parceirosbr/bigoilict/share/BigOil/document_generator/datasets/documents_2021_12_28/21bol1_20211228_164238_3854283520_600_800.png,21bol1_20211228_164238_3854283520_600_800_mask.png,-4420.3
10,3,20,6,275,541,295,547,275,541,295,541,295,547,275,547,sub_line_text,figure_text,figure_0,,,,21bol1_20211228_164238_3854283520_600_800.png,/scratch/parceirosbr/bigoilict/share/BigOil/document_generator/datasets/documents_2021_12_28/21bol1_20211228_164238_3854283520_600_800.png,21bol1_20211228_164238_3854283520_600_800_mask.png,-4420.3
14,3,28,6,310,551,338,557,310,551,338,551,338,557,310,557,text,figure_text,figure_0,,,,21bol1_20211228_164238_3854283520_600_800.png,/scratch/parceirosbr/bigoilict/share/BigOil/document_generator/datasets/documents_2021_12_28/21bol1_20211228_164238_3854283520_600_800.png,21bol1_20211228_164238_3854283520_600_800_mask.png,-3010.927
14,3,28,6,310,551,338,557,310,551,338,551,338,557,310,557,sub_line_text,figure_text,figure_0,,,,21bol1_20211228_164238_3854283520_600_800.png,/scratch/parceirosbr/bigoilict/share/BigOil/document_generator/datasets/documents_2021_12_28/21bol1_20211228_164238_3854283520_600_800.png,21bol1_20211228_164238_3854283520_600_800_mask.png,-3010.927
11,4,22,8,374,510,396,518,374,510,396,510,396,518,374,518,text,figure_text,figure_0,,,,21bol1_20211228_164238_3854283520_600_800.png,/scratch/parceirosbr/bigoilict/share/BigOil/document_generator/datasets/documents_2021_12_28/21bol1_20211228_164238_3854283520_600_800.png,21bol1_20211228_164238_3854283520_600_800_mask.png,Loading
11,4,22,8,374,510,396,518,374,510,396,510,396,518,374,518,sub_line_text,figure_text,figure_0,,,,21bol1_20211228_164238_3854283520_600_800.png,/scratch/parceirosbr/bigoilict/share/BigOil/document_generator/datasets/documents_2021_12_28/21bol1_20211228_164238_3854283520_600_800.png,21bol1_20211228_164238_3854283520_600_800_mask.png,Loading
16,3,32,7,364,617,396,624,364,617,396,617,396,624,364,624,text,figure_text,figure_0,,,,21bol1_20211228_164238_3854283520_600_800.png,/scratch/parceirosbr/bigoilict/share/BigOil/document_generator/datasets/documents_2021_12_28/21bol1_20211228_164238_3854283520_600_800.png,21bol1_20211228_164238_3854283520_600_800_mask.png,Quality[MB]
16,3,32,7,364,617,396,624,364,617,396,617,396,624,364,624,sub_line_text,figure_text,figure_0,,,,21bol1_20211228_164238_3854283520_600_800.png,/scratch/parceirosbr/bigoilict/share/BigOil/document_generator/datasets/documents_2021_12_28/21bol1_20211228_164238_3854283520_600_800.png,21bol1_20211228_164238_3854283520_600_800_mask.png,Quality[MB]
13,3,26,7,282,569,308,576,282,569,308,569,308,576,282,576,text,figure_text,figure_0,,,,21bol1_20211228_164238_3854283520_600_800.png,/scratch/parceirosbr/bigoilict/share/BigOil/document_generator/datasets/documents_2021_12_28/21bol1_20211228_164238_3854283520_600_800.png,21bol1_20211228_164238_3854283520_600_800_mask.png,Data (TB)
13,3,26,7,282,569,308,576,282,569,308,569,308,576,282,576,sub_line_text,figure_text,figure_0,,,,21bol1_20211228_164238_3854283520_600_800.png,/scratch/parceirosbr/bigoilict/share/BigOil/document_generator/datasets/documents_2021_12_28/21bol1_20211228_164238_3854283520_600_800.png,21bol1_20211228_164238_3854283520_600_800_mask.png,Data (TB)
11,2,22,5,288,589,310,594,288,589,310,589,310,594,288,594,text,figure_text,figure_0,,,,21bol1_20211228_164238_3854283520_600_800.png,/scratch/parceirosbr/bigoilict/share/BigOil/document_generator/datasets/documents_2021_12_28/21bol1_20211228_164238_3854283520_600_800.png,21bol1_20211228_164238_3854283520_600_800_mask.png,582.360
11,2,22,5,288,589,310,594,288,589,310,589,310,594,288,594,sub_line_text,figure_text,figure_0,,,,21bol1_20211228_164238_3854283520_600_800.png,/scratch/parceirosbr/bigoilict/share/BigOil/document_generator/datasets/documents_2021_12_28/21bol1_20211228_164238_3854283520_600_800.png,21bol1_20211228_164238_3854283520_600_800_mask.png,582.360
13,4,26,9,184,434,210,443,184,434,210,434,210,443,184,443,sub_line_text,equation,equation_0,times,bold,7,21bol1_20211228_164238_3854283520_600_800.png,/scratch/parceirosbr/bigoilict/share/BigOil/document_generator/datasets/documents_2021_12_28/21bol1_20211228_164238_3854283520_600_800.png,21bol1_20211228_164238_3854283520_600_800_mask.png,Eq. (10)
88,11,176,23,184,427,360,450,184,427,360,427,360,450,184,450,equation,equation,equation_0,,,,21bol1_20211228_164238_3854283520_600_800.png,/scratch/parceirosbr/bigoilict/share/BigOil/document_generator/datasets/documents_2021_12_28/21bol1_20211228_164238_3854283520_600_800.png,21bol1_20211228_164238_3854283520_600_800_mask.png,
62,4,124,9,240,98,364,107,240,98,364,98,364,107,240,107,sub_line_text,text,text_0,times,regular,7,21bol1_20211228_164238_3854283520_600_800.png,/scratch/parceirosbr/bigoilict/share/BigOil/document_generator/datasets/documents_2021_12_28/21bol1_20211228_164238_3854283520_600_800.png,21bol1_20211228_164238_3854283520_600_800_mask.png,After  assembling  the  electrode  /  memb-
69,4,138,9,226,111,364,120,226,111,364,111,364,120,226,120,sub_line_text,text,text_0,times,regular,7,21bol1_20211228_164238_3854283520_600_800.png,/scratch/parceirosbr/bigoilict/share/BigOil/document_generator/datasets/documents_2021_12_28/21bol1_20211228_164238_3854283520_600_800.png,21bol1_20211228_164238_3854283520_600_800_mask.png,"rane   unit,   the  polymeric  organic  binder  is"
69,4,138,9,226,124,364,133,226,124,364,124,364,133,226,133,sub_line_text,text,text_0,times,regular,7,21bol1_20211228_164238_3854283520_600_800.png,/scratch/parceirosbr/bigoilict/share/BigOil/document_generator/datasets/documents_2021_12_28/21bol1_20211228_164238_3854283520_600_800.png,21bol1_20211228_164238_3854283520_600_800_mask.png,removed   from   the   membrane   by   heating.
69,4,138,9,226,137,364,146,226,137,364,137,364,146,226,146,sub_line_text,text,text_0,times,regular,7,21bol1_20211228_164238_3854283520_600_800.png,/scratch/parceirosbr/bigoilict/share/BigOil/document_generator/datasets/documents_2021_12_28/21bol1_20211228_164238_3854283520_600_800.png,21bol1_20211228_164238_3854283520_600_800_mask.png,Light-duty   vehicles  such  as  cars  and  vans
69,4,138,9,226,150,364,159,226,150,364,150,364,159,226,159,sub_line_text,text,text_0,times,regular,7,21bol1_20211228_164238_3854283520_600_800.png,/scratch/parceirosbr/bigoilict/share/BigOil/document_generator/datasets/documents_2021_12_28/21bol1_20211228_164238_3854283520_600_800.png,21bol1_20211228_164238_3854283520_600_800_mask.png,are   currently   restricted  in  particulate  matter
63,4,127,9,226,163,353,172,226,163,353,163,353,172,226,172,sub_line_text,text,text_0,times,regular,7,21bol1_20211228_164238_3854283520_600_800.png,/scratch/parceirosbr/bigoilict/share/BigOil/document_generator/datasets/documents_2021_12_28/21bol1_20211228_164238_3854283520_600_800.png,21bol1_20211228_164238_3854283520_600_800_mask.png,"and emissions from diesel under 6, while l."
69,37,138,74,226,98,364,172,226,98,364,98,364,172,226,172,text,text,text_0,times,regular,7,21bol1_20211228_164238_3854283520_600_800.png,/scratch/parceirosbr/bigoilict/share/BigOil/document_generator/datasets/documents_2021_12_28/21bol1_20211228_164238_3854283520_600_800.png,21bol1_20211228_164238_3854283520_600_800_mask.png,nan
62,4,124,9,240,176,364,185,240,176,364,176,364,185,240,185,sub_line_text,text,text_1,times,regular,7,21bol1_20211228_164238_3854283520_600_800.png,/scratch/parceirosbr/bigoilict/share/BigOil/document_generator/datasets/documents_2021_12_28/21bol1_20211228_164238_3854283520_600_800.png,21bol1_20211228_164238_3854283520_600_800_mask.png,The  method  to  be  used  for the treatme-
69,4,138,9,226,189,364,198,226,189,364,189,364,198,226,198,sub_line_text,text,text_1,times,regular,7,21bol1_20211228_164238_3854283520_600_800.png,/scratch/parceirosbr/bigoilict/share/BigOil/document_generator/datasets/documents_2021_12_28/21bol1_20211228_164238_3854283520_600_800.png,21bol1_20211228_164238_3854283520_600_800_mask.png,nt  and  destination  of  production  water  de-
69,4,138,9,226,202,364,211,226,202,364,202,364,211,226,211,sub_line_text,text,text_1,times,regular,7,21bol1_20211228_164238_3854283520_600_800.png,/scratch/parceirosbr/bigoilict/share/BigOil/document_generator/datasets/documents_2021_12_28/21bol1_20211228_164238_3854283520_600_800.png,21bol1_20211228_164238_3854283520_600_800_mask.png,"pends  on  several  factors,  such  as: where p-"
69,4,138,9,226,215,364,224,226,215,364,215,364,224,226,224,sub_line_text,text,text_1,times,regular,7,21bol1_20211228_164238_3854283520_600_800.png,/scratch/parceirosbr/bigoilict/share/BigOil/document_generator/datasets/documents_2021_12_28/21bol1_20211228_164238_3854283520_600_800.png,21bol1_20211228_164238_3854283520_600_800_mask.png,"roduction  is  being  carried out, legislation, t-"
69,4,138,9,226,228,364,237,226,228,364,228,364,237,226,237,sub_line_text,text,text_1,times,regular,7,21bol1_20211228_164238_3854283520_600_800.png,/scratch/parceirosbr/bigoilict/share/BigOil/document_generator/datasets/documents_2021_12_28/21bol1_20211228_164238_3854283520_600_800.png,21bol1_20211228_164238_3854283520_600_800_mask.png,"echnical   feasibility,   costs   and   availability"
69,4,139,9,226,241,365,250,226,241,365,241,365,250,226,250,sub_line_text,text,text_1,times,regular,7,21bol1_20211228_164238_3854283520_600_800.png,/scratch/parceirosbr/bigoilict/share/BigOil/document_generator/datasets/documents_2021_12_28/21bol1_20211228_164238_3854283520_600_800.png,21bol1_20211228_164238_3854283520_600_800_mask.png,of   equipment   and   infrastructure  2013).  T-
69,4,139,9,226,254,365,263,226,254,365,254,365,263,226,263,sub_line_text,text,text_1,times,regular,7,21bol1_20211228_164238_3854283520_600_800.png,/scratch/parceirosbr/bigoilict/share/BigOil/document_generator/datasets/documents_2021_12_28/21bol1_20211228_164238_3854283520_600_800.png,21bol1_20211228_164238_3854283520_600_800_mask.png,he  numerical  models  are  based  on  the finite
69,4,138,9,226,267,364,276,226,267,364,267,364,276,226,276,sub_line_text,text,text_1,times,regular,7,21bol1_20211228_164238_3854283520_600_800.png,/scratch/parceirosbr/bigoilict/share/BigOil/document_generator/datasets/documents_2021_12_28/21bol1_20211228_164238_3854283520_600_800.png,21bol1_20211228_164238_3854283520_600_800_mask.png,element  method  and  were  developed  in  the
62,4,125,9,226,280,351,289,226,280,351,280,351,289,226,289,sub_line_text,text,text_1,times,regular,7,21bol1_20211228_164238_3854283520_600_800.png,/scratch/parceirosbr/bigoilict/share/BigOil/document_generator/datasets/documents_2021_12_28/21bol1_20211228_164238_3854283520_600_800.png,21bol1_20211228_164238_3854283520_600_800_mask.png,6.10 program. Outra consideração é que c.
69,56,139,113,226,176,365,289,226,176,365,176,365,289,226,289,text,text,text_1,times,regular,7,21bol1_20211228_164238_3854283520_600_800.png,/scratch/parceirosbr/bigoilict/share/BigOil/document_generator/datasets/documents_2021_12_28/21bol1_20211228_164238_3854283520_600_800.png,21bol1_20211228_164238_3854283520_600_800_mask.png,nan
62,4,124,9,240,293,364,302,240,293,364,293,364,302,240,302,sub_line_text,text,text_2,times,regular,7,21bol1_20211228_164238_3854283520_600_800.png,/scratch/parceirosbr/bigoilict/share/BigOil/document_generator/datasets/documents_2021_12_28/21bol1_20211228_164238_3854283520_600_800.png,21bol1_20211228_164238_3854283520_600_800_mask.png,A   literatura  relata  que  o  band  gap  do
69,4,138,9,226,306,364,315,226,306,364,306,364,315,226,315,sub_line_text,text,text_2,times,regular,7,21bol1_20211228_164238_3854283520_600_800.png,/scratch/parceirosbr/bigoilict/share/BigOil/document_generator/datasets/documents_2021_12_28/21bol1_20211228_164238_3854283520_600_800.png,21bol1_20211228_164238_3854283520_600_800_mask.png,"está  em  torno  de  3,0  a 4,0 eV. A maneira c-"
69,4,139,9,226,319,365,328,226,319,365,319,365,328,226,328,sub_line_text,text,text_2,times,regular,7,21bol1_20211228_164238_3854283520_600_800.png,/scratch/parceirosbr/bigoilict/share/BigOil/document_generator/datasets/documents_2021_12_28/21bol1_20211228_164238_3854283520_600_800.png,21bol1_20211228_164238_3854283520_600_800_mask.png,"omo  evoluem  as  tecnologias,  segundo  a  a-"
69,4,138,9,226,332,364,341,226,332,364,332,364,341,226,341,sub_line_text,text,text_2,times,regular,7,21bol1_20211228_164238_3854283520_600_800.png,/scratch/parceirosbr/bigoilict/share/BigOil/document_generator/datasets/documents_2021_12_28/21bol1_20211228_164238_3854283520_600_800.png,21bol1_20211228_164238_3854283520_600_800_mask.png,"bordagem  do  ciclo  de  vida,  está  de certa f-"
69,4,139,9,226,345,365,354,226,345,365,345,365,354,226,354,sub_line_text,text,text_2,times,regular,7,21bol1_20211228_164238_3854283520_600_800.png,/scratch/parceirosbr/bigoilict/share/BigOil/document_generator/datasets/documents_2021_12_28/21bol1_20211228_164238_3854283520_600_800.png,21bol1_20211228_164238_3854283520_600_800_mask.png,orma   associada  à  noção  de  que  o  mercado
69,4,138,9,226,358,364,367,226,358,364,358,364,367,226,367,sub_line_text,text,text_2,times,regular,7,21bol1_20211228_164238_3854283520_600_800.png,/scratch/parceirosbr/bigoilict/share/BigOil/document_generator/datasets/documents_2021_12_28/21bol1_20211228_164238_3854283520_600_800.png,21bol1_20211228_164238_3854283520_600_800_mask.png,é  principal  determinante  de  seleção. A poss-
64,4,128,9,226,371,354,380,226,371,354,371,354,380,226,380,sub_line_text,text,text_2,times,regular,7,21bol1_20211228_164238_3854283520_600_800.png,/scratch/parceirosbr/bigoilict/share/BigOil/document_generator/datasets/documents_2021_12_28/21bol1_20211228_164238_3854283520_600_800.png,21bol1_20211228_164238_3854283520_600_800_mask.png,ibilidade de negligenciar a onda cisalhante.
69,43,139,87,226,293,365,380,226,293,365,293,365,380,226,380,text,text,text_2,times,regular,7,21bol1_20211228_164238_3854283520_600_800.png,/scratch/parceirosbr/bigoilict/share/BigOil/document_generator/datasets/documents_2021_12_28/21bol1_20211228_164238_3854283520_600_800.png,21bol1_20211228_164238_3854283520_600_800_mask.png,nan
71,69,142,139,384,98,526,237,384,98,526,98,526,237,384,237,list,list,list_1,times,times,7,21bol1_20211228_164238_3854283520_600_800.png,/scratch/parceirosbr/bigoilict/share/BigOil/document_generator/datasets/documents_2021_12_28/21bol1_20211228_164238_3854283520_600_800.png,21bol1_20211228_164238_3854283520_600_800_mask.png,
71,4,142,9,384,98,526,107,384,98,526,98,526,107,384,107,sub_line_text,list,list_1,times,regular,7,21bol1_20211228_164238_3854283520_600_800.png,/scratch/parceirosbr/bigoilict/share/BigOil/document_generator/datasets/documents_2021_12_28/21bol1_20211228_164238_3854283520_600_800.png,21bol1_20211228_164238_3854283520_600_800_mask.png,-  Os    três    processos   mais   utilizados   para
26,4,52,9,390,111,442,120,390,111,442,111,442,120,390,120,sub_line_text,list,list_1,times,regular,7,21bol1_20211228_164238_3854283520_600_800.png,/scratch/parceirosbr/bigoilict/share/BigOil/document_generator/datasets/documents_2021_12_28/21bol1_20211228_164238_3854283520_600_800.png,21bol1_20211228_164238_3854283520_600_800_mask.png,soldagem de aços
71,4,142,9,384,124,526,133,384,124,526,124,526,133,384,133,sub_line_text,list,list_1,times,regular,7,21bol1_20211228_164238_3854283520_600_800.png,/scratch/parceirosbr/bigoilict/share/BigOil/document_generator/datasets/documents_2021_12_28/21bol1_20211228_164238_3854283520_600_800.png,21bol1_20211228_164238_3854283520_600_800_mask.png,"-  Todavia,   o   número   de  divisões  radiais  é"
45,4,91,9,390,137,481,146,390,137,481,137,481,146,390,146,sub_line_text,list,list_1,times,regular,7,21bol1_20211228_164238_3854283520_600_800.png,/scratch/parceirosbr/bigoilict/share/BigOil/document_generator/datasets/documents_2021_12_28/21bol1_20211228_164238_3854283520_600_800.png,21bol1_20211228_164238_3854283520_600_800_mask.png,escolhido de maneira diferente.
70,4,141,9,384,150,525,159,384,150,525,150,525,159,384,159,sub_line_text,list,list_1,times,regular,7,21bol1_20211228_164238_3854283520_600_800.png,/scratch/parceirosbr/bigoilict/share/BigOil/document_generator/datasets/documents_2021_12_28/21bol1_20211228_164238_3854283520_600_800.png,21bol1_20211228_164238_3854283520_600_800_mask.png,-  The  data  were  received  in  a  longer  period
21,4,43,9,390,163,433,172,390,163,433,163,433,172,390,172,sub_line_text,list,list_1,times,regular,7,21bol1_20211228_164238_3854283520_600_800.png,/scratch/parceirosbr/bigoilict/share/BigOil/document_generator/datasets/documents_2021_12_28/21bol1_20211228_164238_3854283520_600_800.png,21bol1_20211228_164238_3854283520_600_800_mask.png,"than expected,"
71,4,142,9,384,176,526,185,384,176,526,176,526,185,384,185,sub_line_text,list,list_1,times,regular,7,21bol1_20211228_164238_3854283520_600_800.png,/scratch/parceirosbr/bigoilict/share/BigOil/document_generator/datasets/documents_2021_12_28/21bol1_20211228_164238_3854283520_600_800.png,21bol1_20211228_164238_3854283520_600_800_mask.png,-  This  stage  has  a  very intimate interface with
56,4,112,9,384,189,496,198,384,189,496,189,496,198,384,198,sub_line_text,list,list_1,times,regular,7,21bol1_20211228_164238_3854283520_600_800.png,/scratch/parceirosbr/bigoilict/share/BigOil/document_generator/datasets/documents_2021_12_28/21bol1_20211228_164238_3854283520_600_800.png,21bol1_20211228_164238_3854283520_600_800_mask.png,"-  Segundo e, para um estudo conciso"
71,4,142,9,384,202,526,211,384,202,526,202,526,211,384,211,sub_line_text,list,list_1,times,regular,7,21bol1_20211228_164238_3854283520_600_800.png,/scratch/parceirosbr/bigoilict/share/BigOil/document_generator/datasets/documents_2021_12_28/21bol1_20211228_164238_3854283520_600_800.png,21bol1_20211228_164238_3854283520_600_800_mask.png,-  Os    sistemas    magnéticos   disponíveis   no
31,4,62,9,390,215,452,224,390,215,452,215,452,224,390,224,sub_line_text,list,list_1,times,regular,7,21bol1_20211228_164238_3854283520_600_800.png,/scratch/parceirosbr/bigoilict/share/BigOil/document_generator/datasets/documents_2021_12_28/21bol1_20211228_164238_3854283520_600_800.png,21bol1_20211228_164238_3854283520_600_800_mask.png,mercado são bastante
70,4,141,9,384,228,525,237,384,228,525,228,525,237,384,237,sub_line_text,list,list_1,times,regular,7,21bol1_20211228_164238_3854283520_600_800.png,/scratch/parceirosbr/bigoilict/share/BigOil/document_generator/datasets/documents_2021_12_28/21bol1_20211228_164238_3854283520_600_800.png,21bol1_20211228_164238_3854283520_600_800_mask.png,-  The  material  to  be used as an adsorbent was
62,4,124,9,398,241,522,250,398,241,522,241,522,250,398,250,sub_line_text,text,text_3,times,regular,7,21bol1_20211228_164238_3854283520_600_800.png,/scratch/parceirosbr/bigoilict/share/BigOil/document_generator/datasets/documents_2021_12_28/21bol1_20211228_164238_3854283520_600_800.png,21bol1_20211228_164238_3854283520_600_800_mask.png,"It   was  planned  to  start  on  January  1,"
69,4,139,9,384,254,523,263,384,254,523,254,523,263,384,263,sub_line_text,text,text_3,times,regular,7,21bol1_20211228_164238_3854283520_600_800.png,/scratch/parceirosbr/bigoilict/share/BigOil/document_generator/datasets/documents_2021_12_28/21bol1_20211228_164238_3854283520_600_800.png,21bol1_20211228_164238_3854283520_600_800_mask.png,"2000,  but  the  supply  of  gas via the contra-"
69,4,139,9,384,267,523,276,384,267,523,267,523,276,384,276,sub_line_text,text,text_3,times,regular,7,21bol1_20211228_164238_3854283520_600_800.png,/scratch/parceirosbr/bigoilict/share/BigOil/document_generator/datasets/documents_2021_12_28/21bol1_20211228_164238_3854283520_600_800.png,21bol1_20211228_164238_3854283520_600_800_mask.png,ct  only  started  to  work in 2003. The contra-
69,4,139,9,384,280,523,289,384,280,523,280,523,289,384,289,sub_line_text,text,text_3,times,regular,7,21bol1_20211228_164238_3854283520_600_800.png,/scratch/parceirosbr/bigoilict/share/BigOil/document_generator/datasets/documents_2021_12_28/21bol1_20211228_164238_3854283520_600_800.png,21bol1_20211228_164238_3854283520_600_800_mask.png,"ct  will  end  in 2040, the initial date expected."
69,4,138,9,384,293,522,302,384,293,522,293,522,302,384,302,sub_line_text,text,text_3,times,regular,7,21bol1_20211228_164238_3854283520_600_800.png,/scratch/parceirosbr/bigoilict/share/BigOil/document_generator/datasets/documents_2021_12_28/21bol1_20211228_164238_3854283520_600_800.png,21bol1_20211228_164238_3854283520_600_800_mask.png,Os    complexos   apresentaram   também   uma
63,4,127,9,384,306,511,315,384,306,511,306,511,315,384,315,sub_line_text,text,text_3,times,regular,7,21bol1_20211228_164238_3854283520_600_800.png,/scratch/parceirosbr/bigoilict/share/BigOil/document_generator/datasets/documents_2021_12_28/21bol1_20211228_164238_3854283520_600_800.png,21bol1_20211228_164238_3854283520_600_800_mask.png,excelente atividade antifúngica e não most.
71,56,142,113,384,319,526,432,384,319,526,319,526,432,384,432,list,list,list_2,times,times,7,21bol1_20211228_164238_3854283520_600_800.png,/scratch/parceirosbr/bigoilict/share/BigOil/document_generator/datasets/documents_2021_12_28/21bol1_20211228_164238_3854283520_600_800.png,21bol1_20211228_164238_3854283520_600_800_mask.png,
69,37,139,74,384,241,523,315,384,241,523,241,523,315,384,315,text,text,text_3,times,regular,7,21bol1_20211228_164238_3854283520_600_800.png,/scratch/parceirosbr/bigoilict/share/BigOil/document_generator/datasets/documents_2021_12_28/21bol1_20211228_164238_3854283520_600_800.png,21bol1_20211228_164238_3854283520_600_800_mask.png,nan
70,4,141,9,384,319,525,328,384,319,525,319,525,328,384,328,sub_line_text,list,list_2,times,regular,7,21bol1_20211228_164238_3854283520_600_800.png,/scratch/parceirosbr/bigoilict/share/BigOil/document_generator/datasets/documents_2021_12_28/21bol1_20211228_164238_3854283520_600_800.png,21bol1_20211228_164238_3854283520_600_800_mask.png,"-  Nesta seção, encontram-se listadas as emitidas"
14,4,28,9,390,332,418,341,390,332,418,332,418,341,390,341,sub_line_text,list,list_2,times,regular,7,21bol1_20211228_164238_3854283520_600_800.png,/scratch/parceirosbr/bigoilict/share/BigOil/document_generator/datasets/documents_2021_12_28/21bol1_20211228_164238_3854283520_600_800.png,21bol1_20211228_164238_3854283520_600_800_mask.png,"em 2014,"
71,4,142,9,384,345,526,354,384,345,526,345,526,354,384,354,sub_line_text,list,list_2,times,regular,7,21bol1_20211228_164238_3854283520_600_800.png,/scratch/parceirosbr/bigoilict/share/BigOil/document_generator/datasets/documents_2021_12_28/21bol1_20211228_164238_3854283520_600_800.png,21bol1_20211228_164238_3854283520_600_800_mask.png,-  O  sistema  contendo  biodiesel  produzido  a
13,4,26,9,390,358,416,367,390,358,416,358,416,367,390,367,sub_line_text,list,list_2,times,regular,7,21bol1_20211228_164238_3854283520_600_800.png,/scratch/parceirosbr/bigoilict/share/BigOil/document_generator/datasets/documents_2021_12_28/21bol1_20211228_164238_3854283520_600_800.png,21bol1_20211228_164238_3854283520_600_800_mask.png,partir do
71,4,142,9,384,371,526,380,384,371,526,371,526,380,384,380,sub_line_text,list,list_2,times,regular,7,21bol1_20211228_164238_3854283520_600_800.png,/scratch/parceirosbr/bigoilict/share/BigOil/document_generator/datasets/documents_2021_12_28/21bol1_20211228_164238_3854283520_600_800.png,21bol1_20211228_164238_3854283520_600_800_mask.png,-  On  the  subject  the  reader  is  referred  to the
24,4,49,9,390,384,439,393,390,384,439,384,439,393,390,393,sub_line_text,list,list_2,times,regular,7,21bol1_20211228_164238_3854283520_600_800.png,/scratch/parceirosbr/bigoilict/share/BigOil/document_generator/datasets/documents_2021_12_28/21bol1_20211228_164238_3854283520_600_800.png,21bol1_20211228_164238_3854283520_600_800_mask.png,intriguing article
56,4,112,9,384,397,496,406,384,397,496,397,496,406,384,406,sub_line_text,list,list_2,times,regular,7,21bol1_20211228_164238_3854283520_600_800.png,/scratch/parceirosbr/bigoilict/share/BigOil/document_generator/datasets/documents_2021_12_28/21bol1_20211228_164238_3854283520_600_800.png,21bol1_20211228_164238_3854283520_600_800_mask.png,-  Discounting these values and those
71,4,142,9,384,410,526,419,384,410,526,410,526,419,384,419,sub_line_text,list,list_2,times,regular,7,21bol1_20211228_164238_3854283520_600_800.png,/scratch/parceirosbr/bigoilict/share/BigOil/document_generator/datasets/documents_2021_12_28/21bol1_20211228_164238_3854283520_600_800.png,21bol1_20211228_164238_3854283520_600_800_mask.png,"-  Conforme  recentemente divulgado, a possuía"
57,4,115,9,390,423,505,432,390,423,505,423,505,432,390,432,sub_line_text,list,list_2,times,regular,7,21bol1_20211228_164238_3854283520_600_800.png,/scratch/parceirosbr/bigoilict/share/BigOil/document_generator/datasets/documents_2021_12_28/21bol1_20211228_164238_3854283520_600_800.png,21bol1_20211228_164238_3854283520_600_800_mask.png,estoques estratégicos de 91 milhões de
