center_x,center_y,width,height,xmin,ymin,xmax,ymax,top_left_x,top_left_y,top_right_x,top_right_y,bottom_right_x,bottom_right_y,bottom_left_x,bottom_left_y,label,grouplabel,group,text_font,text_style,size_font,filename,path,filename_mask,content
300,400,600,800,0,0,600,800,0,0,600,0,600,800,0,800,document,,,,,,21bol1_20211228_164237_2711264495_600_800.png,/scratch/parceirosbr/bigoilict/share/BigOil/document_generator/datasets/documents_2021_12_28/21bol1_20211228_164237_2711264495_600_800.png,21bol1_20211228_164237_2711264495_600_800_mask.png,
191,0,383,1,142,665,525,666,142,665,525,665,525,666,142,666,line,line,line,,,,21bol1_20211228_164237_2711264495_600_800.png,/scratch/parceirosbr/bigoilict/share/BigOil/document_generator/datasets/documents_2021_12_28/21bol1_20211228_164237_2711264495_600_800.png,21bol1_20211228_164237_2711264495_600_800_mask.png,nan
5,5,10,10,142,665,152,675,142,665,152,665,152,675,142,675,sub_line_text,numpag,footer_1,arial,regular,9,21bol1_20211228_164237_2711264495_600_800.png,/scratch/parceirosbr/bigoilict/share/BigOil/document_generator/datasets/documents_2021_12_28/21bol1_20211228_164237_2711264495_600_800.png,21bol1_20211228_164237_2711264495_600_800_mask.png,78
5,5,10,10,142,665,152,675,142,665,152,665,152,675,142,675,text,numpag,footer_1,arial,regular,9,21bol1_20211228_164237_2711264495_600_800.png,/scratch/parceirosbr/bigoilict/share/BigOil/document_generator/datasets/documents_2021_12_28/21bol1_20211228_164237_2711264495_600_800.png,21bol1_20211228_164237_2711264495_600_800_mask.png,nan
1,5,2,10,154,665,156,675,154,665,156,665,156,675,154,675,sub_line_text,footer,footer_1,arial,regular,9,21bol1_20211228_164237_2711264495_600_800.png,/scratch/parceirosbr/bigoilict/share/BigOil/document_generator/datasets/documents_2021_12_28/21bol1_20211228_164237_2711264495_600_800.png,21bol1_20211228_164237_2711264495_600_800_mask.png,|
1,5,2,10,154,665,156,675,154,665,156,665,156,675,154,675,text,footer,footer_1,arial,regular,9,21bol1_20211228_164237_2711264495_600_800.png,/scratch/parceirosbr/bigoilict/share/BigOil/document_generator/datasets/documents_2021_12_28/21bol1_20211228_164237_2711264495_600_800.png,21bol1_20211228_164237_2711264495_600_800_mask.png,nan
25,5,51,10,157,665,208,675,157,665,208,665,208,675,157,675,sub_line_text,footer,footer_1,arial,regular,9,21bol1_20211228_164237_2711264495_600_800.png,/scratch/parceirosbr/bigoilict/share/BigOil/document_generator/datasets/documents_2021_12_28/21bol1_20211228_164237_2711264495_600_800.png,21bol1_20211228_164237_2711264495_600_800_mask.png,The growing
25,5,51,10,157,665,208,675,157,665,208,665,208,675,157,675,text,footer,footer_1,arial,regular,9,21bol1_20211228_164237_2711264495_600_800.png,/scratch/parceirosbr/bigoilict/share/BigOil/document_generator/datasets/documents_2021_12_28/21bol1_20211228_164237_2711264495_600_800.png,21bol1_20211228_164237_2711264495_600_800_mask.png,nan
106,71,213,142,301,114,514,256,301,114,514,114,514,256,301,256,image,figure_image,figure_0,,,,21bol1_20211228_164237_2711264495_600_800.png,/scratch/parceirosbr/bigoilict/share/BigOil/document_generator/datasets/documents_2021_12_28/21bol1_20211228_164237_2711264495_600_800.png,21bol1_20211228_164237_2711264495_600_800_mask.png,output/gen_img_20211228_164238_8478725253.png
3,10,7,20,432,207,439,227,432,227,434,207,439,208,437,227,text,figure_text,figure_0,,,,21bol1_20211228_164237_2711264495_600_800.png,/scratch/parceirosbr/bigoilict/share/BigOil/document_generator/datasets/documents_2021_12_28/21bol1_20211228_164237_2711264495_600_800.png,21bol1_20211228_164237_2711264495_600_800_mask.png,Data (GB)
3,10,7,20,432,207,439,227,432,227,434,207,439,208,437,227,sub_line_text,figure_text,figure_0,,,,21bol1_20211228_164237_2711264495_600_800.png,/scratch/parceirosbr/bigoilict/share/BigOil/document_generator/datasets/documents_2021_12_28/21bol1_20211228_164237_2711264495_600_800.png,21bol1_20211228_164237_2711264495_600_800_mask.png,Data (GB)
4,10,8,21,429,169,437,190,429,190,431,169,437,170,435,190,text,figure_text,figure_0,,,,21bol1_20211228_164237_2711264495_600_800.png,/scratch/parceirosbr/bigoilict/share/BigOil/document_generator/datasets/documents_2021_12_28/21bol1_20211228_164237_2711264495_600_800.png,21bol1_20211228_164237_2711264495_600_800_mask.png,Volume (l)
4,10,8,21,429,169,437,190,429,190,431,169,437,170,435,190,sub_line_text,figure_text,figure_0,,,,21bol1_20211228_164237_2711264495_600_800.png,/scratch/parceirosbr/bigoilict/share/BigOil/document_generator/datasets/documents_2021_12_28/21bol1_20211228_164237_2711264495_600_800.png,21bol1_20211228_164237_2711264495_600_800_mask.png,Volume (l)
3,8,6,16,468,236,474,252,468,251,469,236,474,237,473,252,text,figure_text,figure_0,,,,21bol1_20211228_164237_2711264495_600_800.png,/scratch/parceirosbr/bigoilict/share/BigOil/document_generator/datasets/documents_2021_12_28/21bol1_20211228_164237_2711264495_600_800.png,21bol1_20211228_164237_2711264495_600_800_mask.png,-5446%
3,8,6,16,468,236,474,252,468,251,469,236,474,237,473,252,sub_line_text,figure_text,figure_0,,,,21bol1_20211228_164237_2711264495_600_800.png,/scratch/parceirosbr/bigoilict/share/BigOil/document_generator/datasets/documents_2021_12_28/21bol1_20211228_164237_2711264495_600_800.png,21bol1_20211228_164237_2711264495_600_800_mask.png,-5446%
3,9,6,19,407,220,413,239,407,238,409,220,413,220,412,239,text,figure_text,figure_0,,,,21bol1_20211228_164237_2711264495_600_800.png,/scratch/parceirosbr/bigoilict/share/BigOil/document_generator/datasets/documents_2021_12_28/21bol1_20211228_164237_2711264495_600_800.png,21bol1_20211228_164237_2711264495_600_800_mask.png,-4385.8%
3,9,6,19,407,220,413,239,407,238,409,220,413,220,412,239,sub_line_text,figure_text,figure_0,,,,21bol1_20211228_164237_2711264495_600_800.png,/scratch/parceirosbr/bigoilict/share/BigOil/document_generator/datasets/documents_2021_12_28/21bol1_20211228_164237_2711264495_600_800.png,21bol1_20211228_164237_2711264495_600_800_mask.png,-4385.8%
3,9,7,19,454,131,461,150,454,150,455,131,461,131,459,150,text,figure_text,figure_0,,,,21bol1_20211228_164237_2711264495_600_800.png,/scratch/parceirosbr/bigoilict/share/BigOil/document_generator/datasets/documents_2021_12_28/21bol1_20211228_164237_2711264495_600_800.png,21bol1_20211228_164237_2711264495_600_800_mask.png,Speed ​​(v)
3,9,7,19,454,131,461,150,454,150,455,131,461,131,459,150,sub_line_text,figure_text,figure_0,,,,21bol1_20211228_164237_2711264495_600_800.png,/scratch/parceirosbr/bigoilict/share/BigOil/document_generator/datasets/documents_2021_12_28/21bol1_20211228_164237_2711264495_600_800.png,21bol1_20211228_164237_2711264495_600_800_mask.png,Speed ​​(v)
4,18,9,37,354,207,363,244,354,244,358,207,363,208,360,244,text,figure_text,figure_0,,,,21bol1_20211228_164237_2711264495_600_800.png,/scratch/parceirosbr/bigoilict/share/BigOil/document_generator/datasets/documents_2021_12_28/21bol1_20211228_164237_2711264495_600_800.png,21bol1_20211228_164237_2711264495_600_800_mask.png,Consumption (GB)
4,18,9,37,354,207,363,244,354,244,358,207,363,208,360,244,sub_line_text,figure_text,figure_0,,,,21bol1_20211228_164237_2711264495_600_800.png,/scratch/parceirosbr/bigoilict/share/BigOil/document_generator/datasets/documents_2021_12_28/21bol1_20211228_164237_2711264495_600_800.png,21bol1_20211228_164237_2711264495_600_800_mask.png,Consumption (GB)
3,14,7,28,383,211,390,239,383,239,385,211,390,211,387,239,text,figure_text,figure_0,,,,21bol1_20211228_164237_2711264495_600_800.png,/scratch/parceirosbr/bigoilict/share/BigOil/document_generator/datasets/documents_2021_12_28/21bol1_20211228_164237_2711264495_600_800.png,21bol1_20211228_164237_2711264495_600_800_mask.png,Concentration
3,14,7,28,383,211,390,239,383,239,385,211,390,211,387,239,sub_line_text,figure_text,figure_0,,,,21bol1_20211228_164237_2711264495_600_800.png,/scratch/parceirosbr/bigoilict/share/BigOil/document_generator/datasets/documents_2021_12_28/21bol1_20211228_164237_2711264495_600_800.png,21bol1_20211228_164237_2711264495_600_800_mask.png,Concentration
3,8,6,17,420,235,426,252,420,252,422,235,426,235,424,252,text,figure_text,figure_0,,,,21bol1_20211228_164237_2711264495_600_800.png,/scratch/parceirosbr/bigoilict/share/BigOil/document_generator/datasets/documents_2021_12_28/21bol1_20211228_164237_2711264495_600_800.png,21bol1_20211228_164237_2711264495_600_800_mask.png,Advance
3,8,6,17,420,235,426,252,420,252,422,235,426,235,424,252,sub_line_text,figure_text,figure_0,,,,21bol1_20211228_164237_2711264495_600_800.png,/scratch/parceirosbr/bigoilict/share/BigOil/document_generator/datasets/documents_2021_12_28/21bol1_20211228_164237_2711264495_600_800.png,21bol1_20211228_164237_2711264495_600_800_mask.png,Advance
3,8,6,16,443,224,449,240,443,239,444,224,449,225,447,240,text,figure_text,figure_0,,,,21bol1_20211228_164237_2711264495_600_800.png,/scratch/parceirosbr/bigoilict/share/BigOil/document_generator/datasets/documents_2021_12_28/21bol1_20211228_164237_2711264495_600_800.png,21bol1_20211228_164237_2711264495_600_800_mask.png,-9493%
3,8,6,16,443,224,449,240,443,239,444,224,449,225,447,240,sub_line_text,figure_text,figure_0,,,,21bol1_20211228_164237_2711264495_600_800.png,/scratch/parceirosbr/bigoilict/share/BigOil/document_generator/datasets/documents_2021_12_28/21bol1_20211228_164237_2711264495_600_800.png,21bol1_20211228_164237_2711264495_600_800_mask.png,-9493%
3,9,6,19,417,176,423,195,417,194,419,176,423,176,422,195,text,figure_text,figure_0,,,,21bol1_20211228_164237_2711264495_600_800.png,/scratch/parceirosbr/bigoilict/share/BigOil/document_generator/datasets/documents_2021_12_28/21bol1_20211228_164237_2711264495_600_800.png,21bol1_20211228_164237_2711264495_600_800_mask.png,-6007.8%
3,9,6,19,417,176,423,195,417,194,419,176,423,176,422,195,sub_line_text,figure_text,figure_0,,,,21bol1_20211228_164237_2711264495_600_800.png,/scratch/parceirosbr/bigoilict/share/BigOil/document_generator/datasets/documents_2021_12_28/21bol1_20211228_164237_2711264495_600_800.png,21bol1_20211228_164237_2711264495_600_800_mask.png,-6007.8%
24,5,48,10,148,114,196,124,148,114,196,114,196,124,148,124,sub_line_text,figure_legend,figure_0,arial,italic,8,21bol1_20211228_164237_2711264495_600_800.png,/scratch/parceirosbr/bigoilict/share/BigOil/document_generator/datasets/documents_2021_12_28/21bol1_20211228_164237_2711264495_600_800.png,21bol1_20211228_164237_2711264495_600_800_mask.png,Figura 144:
56,5,112,10,148,129,260,139,148,129,260,129,260,139,148,139,sub_line_text,figure_legend,figure_0,arial,italic,8,21bol1_20211228_164237_2711264495_600_800.png,/scratch/parceirosbr/bigoilict/share/BigOil/document_generator/datasets/documents_2021_12_28/21bol1_20211228_164237_2711264495_600_800.png,21bol1_20211228_164237_2711264495_600_800_mask.png,"Ou    seja,    é   de   extrema   im-"
56,5,112,10,148,144,260,154,148,144,260,144,260,154,148,154,sub_line_text,figure_legend,figure_0,arial,italic,8,21bol1_20211228_164237_2711264495_600_800.png,/scratch/parceirosbr/bigoilict/share/BigOil/document_generator/datasets/documents_2021_12_28/21bol1_20211228_164237_2711264495_600_800.png,21bol1_20211228_164237_2711264495_600_800_mask.png,portância        estabelecer        os
45,5,91,10,148,159,239,169,148,159,239,159,239,169,148,169,sub_line_text,figure_legend,figure_0,arial,italic,8,21bol1_20211228_164237_2711264495_600_800.png,/scratch/parceirosbr/bigoilict/share/BigOil/document_generator/datasets/documents_2021_12_28/21bol1_20211228_164237_2711264495_600_800.png,21bol1_20211228_164237_2711264495_600_800_mask.png,"limites, a área ocupada, os"
56,27,112,55,148,114,260,169,148,114,260,114,260,169,148,169,text,figure_legend,figure_0,arial,italic,8,21bol1_20211228_164237_2711264495_600_800.png,/scratch/parceirosbr/bigoilict/share/BigOil/document_generator/datasets/documents_2021_12_28/21bol1_20211228_164237_2711264495_600_800.png,21bol1_20211228_164237_2711264495_600_800_mask.png,nan
21,5,43,10,148,183,191,193,148,183,191,183,191,193,148,193,sub_line_text,figure_legend,figure_0,arial,italic,8,21bol1_20211228_164237_2711264495_600_800.png,/scratch/parceirosbr/bigoilict/share/BigOil/document_generator/datasets/documents_2021_12_28/21bol1_20211228_164237_2711264495_600_800.png,21bol1_20211228_164237_2711264495_600_800_mask.png,Figura 89:
56,5,113,10,148,198,261,208,148,198,261,198,261,208,148,208,sub_line_text,figure_legend,figure_0,arial,italic,8,21bol1_20211228_164237_2711264495_600_800.png,/scratch/parceirosbr/bigoilict/share/BigOil/document_generator/datasets/documents_2021_12_28/21bol1_20211228_164237_2711264495_600_800.png,21bol1_20211228_164237_2711264495_600_800_mask.png,Os      ácidos     graxos     liberad-
56,5,113,10,148,213,261,223,148,213,261,213,261,223,148,223,sub_line_text,figure_legend,figure_0,arial,italic,8,21bol1_20211228_164237_2711264495_600_800.png,/scratch/parceirosbr/bigoilict/share/BigOil/document_generator/datasets/documents_2021_12_28/21bol1_20211228_164237_2711264495_600_800.png,21bol1_20211228_164237_2711264495_600_800_mask.png,os    são    levados    às   vias   de
41,5,83,10,148,228,231,238,148,228,231,228,231,238,148,238,sub_line_text,figure_legend,figure_0,arial,italic,8,21bol1_20211228_164237_2711264495_600_800.png,/scratch/parceirosbr/bigoilict/share/BigOil/document_generator/datasets/documents_2021_12_28/21bol1_20211228_164237_2711264495_600_800.png,21bol1_20211228_164237_2711264495_600_800_mask.png,"produção de energia, for"
56,27,113,55,148,183,261,238,148,183,261,183,261,238,148,238,text,figure_legend,figure_0,arial,italic,8,21bol1_20211228_164237_2711264495_600_800.png,/scratch/parceirosbr/bigoilict/share/BigOil/document_generator/datasets/documents_2021_12_28/21bol1_20211228_164237_2711264495_600_800.png,21bol1_20211228_164237_2711264495_600_800_mask.png,nan
25,5,50,10,277,294,327,304,277,294,327,294,327,304,277,304,sub_line_text,equation,equation_0,arial,bolditalic,8,21bol1_20211228_164237_2711264495_600_800.png,/scratch/parceirosbr/bigoilict/share/BigOil/document_generator/datasets/documents_2021_12_28/21bol1_20211228_164237_2711264495_600_800.png,21bol1_20211228_164237_2711264495_600_800_mask.png,Equation (81)
88,16,176,33,151,283,327,316,151,283,327,283,327,316,151,316,equation,equation,equation_0,,,,21bol1_20211228_164237_2711264495_600_800.png,/scratch/parceirosbr/bigoilict/share/BigOil/document_generator/datasets/documents_2021_12_28/21bol1_20211228_164237_2711264495_600_800.png,21bol1_20211228_164237_2711264495_600_800_mask.png,
57,5,115,11,243,325,358,336,243,325,358,325,358,336,243,336,sub_line_text,text,text_0,arial,regular,9,21bol1_20211228_164237_2711264495_600_800.png,/scratch/parceirosbr/bigoilict/share/BigOil/document_generator/datasets/documents_2021_12_28/21bol1_20211228_164237_2711264495_600_800.png,21bol1_20211228_164237_2711264495_600_800_mask.png,Pinto  and evaluate that the
68,5,137,11,222,342,359,353,222,342,359,342,359,353,222,353,sub_line_text,text,text_0,arial,regular,9,21bol1_20211228_164237_2711264495_600_800.png,/scratch/parceirosbr/bigoilict/share/BigOil/document_generator/datasets/documents_2021_12_28/21bol1_20211228_164237_2711264495_600_800.png,21bol1_20211228_164237_2711264495_600_800_mask.png,transition   from  monopoly  to  a
69,5,138,11,222,359,360,370,222,359,360,359,360,370,222,370,sub_line_text,text,text_0,arial,regular,9,21bol1_20211228_164237_2711264495_600_800.png,/scratch/parceirosbr/bigoilict/share/BigOil/document_generator/datasets/documents_2021_12_28/21bol1_20211228_164237_2711264495_600_800.png,21bol1_20211228_164237_2711264495_600_800_mask.png,market  structure  is still incomp-
69,5,139,11,222,376,361,387,222,376,361,376,361,387,222,387,sub_line_text,text,text_0,arial,regular,9,21bol1_20211228_164237_2711264495_600_800.png,/scratch/parceirosbr/bigoilict/share/BigOil/document_generator/datasets/documents_2021_12_28/21bol1_20211228_164237_2711264495_600_800.png,21bol1_20211228_164237_2711264495_600_800_mask.png,lete  due to the existence of barr-
63,5,127,11,222,393,349,404,222,393,349,393,349,404,222,404,sub_line_text,text,text_0,arial,regular,9,21bol1_20211228_164237_2711264495_600_800.png,/scratch/parceirosbr/bigoilict/share/BigOil/document_generator/datasets/documents_2021_12_28/21bol1_20211228_164237_2711264495_600_800.png,21bol1_20211228_164237_2711264495_600_800_mask.png,"iers to entry, which is reinforc."
69,39,139,79,222,325,361,404,222,325,361,325,361,404,222,404,text,text,text_0,arial,regular,9,21bol1_20211228_164237_2711264495_600_800.png,/scratch/parceirosbr/bigoilict/share/BigOil/document_generator/datasets/documents_2021_12_28/21bol1_20211228_164237_2711264495_600_800.png,21bol1_20211228_164237_2711264495_600_800_mask.png,nan
59,5,118,11,243,410,361,421,243,410,361,410,361,421,243,421,sub_line_text,text,text_1,arial,regular,9,21bol1_20211228_164237_2711264495_600_800.png,/scratch/parceirosbr/bigoilict/share/BigOil/document_generator/datasets/documents_2021_12_28/21bol1_20211228_164237_2711264495_600_800.png,21bol1_20211228_164237_2711264495_600_800_mask.png,"Com  efeito, a existência 90"
69,5,139,11,222,427,361,438,222,427,361,427,361,438,222,438,sub_line_text,text,text_1,arial,regular,9,21bol1_20211228_164237_2711264495_600_800.png,/scratch/parceirosbr/bigoilict/share/BigOil/document_generator/datasets/documents_2021_12_28/21bol1_20211228_164237_2711264495_600_800.png,21bol1_20211228_164237_2711264495_600_800_mask.png,de  processos que exigem testes
68,5,136,11,222,444,358,455,222,444,358,444,358,455,222,455,sub_line_text,text,text_1,arial,regular,9,21bol1_20211228_164237_2711264495_600_800.png,/scratch/parceirosbr/bigoilict/share/BigOil/document_generator/datasets/documents_2021_12_28/21bol1_20211228_164237_2711264495_600_800.png,21bol1_20211228_164237_2711264495_600_800_mask.png,e  que devem se sujeitar à opini-
68,5,137,11,222,461,359,472,222,461,359,461,359,472,222,472,sub_line_text,text,text_1,arial,regular,9,21bol1_20211228_164237_2711264495_600_800.png,/scratch/parceirosbr/bigoilict/share/BigOil/document_generator/datasets/documents_2021_12_28/21bol1_20211228_164237_2711264495_600_800.png,21bol1_20211228_164237_2711264495_600_800_mask.png,ão  de um público externo duran-
68,5,136,11,222,478,358,489,222,478,358,478,358,489,222,489,sub_line_text,text,text_1,arial,regular,9,21bol1_20211228_164237_2711264495_600_800.png,/scratch/parceirosbr/bigoilict/share/BigOil/document_generator/datasets/documents_2021_12_28/21bol1_20211228_164237_2711264495_600_800.png,21bol1_20211228_164237_2711264495_600_800_mask.png,te  determinado período pode at-
68,5,137,11,222,495,359,506,222,495,359,495,359,506,222,506,sub_line_text,text,text_1,arial,regular,9,21bol1_20211228_164237_2711264495_600_800.png,/scratch/parceirosbr/bigoilict/share/BigOil/document_generator/datasets/documents_2021_12_28/21bol1_20211228_164237_2711264495_600_800.png,21bol1_20211228_164237_2711264495_600_800_mask.png,rasar  alguns  projetos  de inova-
66,5,133,11,222,512,355,523,222,512,355,512,355,523,222,523,sub_line_text,text,text_1,arial,regular,9,21bol1_20211228_164237_2711264495_600_800.png,/scratch/parceirosbr/bigoilict/share/BigOil/document_generator/datasets/documents_2021_12_28/21bol1_20211228_164237_2711264495_600_800.png,21bol1_20211228_164237_2711264495_600_800_mask.png,"ção, porém são a garantia de q."
69,56,139,113,222,410,361,523,222,410,361,410,361,523,222,523,text,text,text_1,arial,regular,9,21bol1_20211228_164237_2711264495_600_800.png,/scratch/parceirosbr/bigoilict/share/BigOil/document_generator/datasets/documents_2021_12_28/21bol1_20211228_164237_2711264495_600_800.png,21bol1_20211228_164237_2711264495_600_800_mask.png,nan
70,48,141,96,222,529,363,625,222,529,363,529,363,625,222,625,list,list,list_1,arial,arial,9,21bol1_20211228_164237_2711264495_600_800.png,/scratch/parceirosbr/bigoilict/share/BigOil/document_generator/datasets/documents_2021_12_28/21bol1_20211228_164237_2711264495_600_800.png,21bol1_20211228_164237_2711264495_600_800_mask.png,
70,5,141,11,222,529,363,540,222,529,363,529,363,540,222,540,sub_line_text,list,list_1,arial,regular,9,21bol1_20211228_164237_2711264495_600_800.png,/scratch/parceirosbr/bigoilict/share/BigOil/document_generator/datasets/documents_2021_12_28/21bol1_20211228_164237_2711264495_600_800.png,21bol1_20211228_164237_2711264495_600_800_mask.png,"-  De  fato,  em  meio  a  notícias"
43,5,87,11,231,546,318,557,231,546,318,546,318,557,231,557,sub_line_text,list,list_1,arial,regular,9,21bol1_20211228_164237_2711264495_600_800.png,/scratch/parceirosbr/bigoilict/share/BigOil/document_generator/datasets/documents_2021_12_28/21bol1_20211228_164237_2711264495_600_800.png,21bol1_20211228_164237_2711264495_600_800_mask.png,sobre a possibilidade
70,5,140,11,222,563,362,574,222,563,362,563,362,574,222,574,sub_line_text,list,list_1,arial,regular,9,21bol1_20211228_164237_2711264495_600_800.png,/scratch/parceirosbr/bigoilict/share/BigOil/document_generator/datasets/documents_2021_12_28/21bol1_20211228_164237_2711264495_600_800.png,21bol1_20211228_164237_2711264495_600_800_mask.png,-  Uma     alternativa     para     a
65,5,131,11,231,580,362,591,231,580,362,580,362,591,231,591,sub_line_text,list,list_1,arial,regular,9,21bol1_20211228_164237_2711264495_600_800.png,/scratch/parceirosbr/bigoilict/share/BigOil/document_generator/datasets/documents_2021_12_28/21bol1_20211228_164237_2711264495_600_800.png,21bol1_20211228_164237_2711264495_600_800_mask.png,minimização das problemáticas
20,5,41,11,231,597,272,608,231,597,272,597,272,608,231,608,sub_line_text,list,list_1,arial,regular,9,21bol1_20211228_164237_2711264495_600_800.png,/scratch/parceirosbr/bigoilict/share/BigOil/document_generator/datasets/documents_2021_12_28/21bol1_20211228_164237_2711264495_600_800.png,21bol1_20211228_164237_2711264495_600_800_mask.png,da versão
69,5,139,11,222,614,361,625,222,614,361,614,361,625,222,625,sub_line_text,list,list_1,arial,regular,9,21bol1_20211228_164237_2711264495_600_800.png,/scratch/parceirosbr/bigoilict/share/BigOil/document_generator/datasets/documents_2021_12_28/21bol1_20211228_164237_2711264495_600_800.png,21bol1_20211228_164237_2711264495_600_800_mask.png,"-  Moore       103,      meanwhile,"
70,48,141,96,382,274,523,370,382,274,523,274,523,370,382,370,list,list,list_2,arial,arial,9,21bol1_20211228_164237_2711264495_600_800.png,/scratch/parceirosbr/bigoilict/share/BigOil/document_generator/datasets/documents_2021_12_28/21bol1_20211228_164237_2711264495_600_800.png,21bol1_20211228_164237_2711264495_600_800_mask.png,
70,5,140,11,382,274,522,285,382,274,522,274,522,285,382,285,sub_line_text,list,list_2,arial,regular,9,21bol1_20211228_164237_2711264495_600_800.png,/scratch/parceirosbr/bigoilict/share/BigOil/document_generator/datasets/documents_2021_12_28/21bol1_20211228_164237_2711264495_600_800.png,21bol1_20211228_164237_2711264495_600_800_mask.png,-  As  interseções  destas  zonas
47,5,95,11,391,291,486,302,391,291,486,291,486,302,391,302,sub_line_text,list,list_2,arial,regular,9,21bol1_20211228_164237_2711264495_600_800.png,/scratch/parceirosbr/bigoilict/share/BigOil/document_generator/datasets/documents_2021_12_28/21bol1_20211228_164237_2711264495_600_800.png,21bol1_20211228_164237_2711264495_600_800_mask.png,de falha com as falhas
70,5,140,11,382,308,522,319,382,308,522,308,522,319,382,319,sub_line_text,list,list_2,arial,regular,9,21bol1_20211228_164237_2711264495_600_800.png,/scratch/parceirosbr/bigoilict/share/BigOil/document_generator/datasets/documents_2021_12_28/21bol1_20211228_164237_2711264495_600_800.png,21bol1_20211228_164237_2711264495_600_800_mask.png,"-  Assim,  em  outubro  de  2008,"
27,5,54,11,391,325,445,336,391,325,445,325,445,336,391,336,sub_line_text,list,list_2,arial,regular,9,21bol1_20211228_164237_2711264495_600_800.png,/scratch/parceirosbr/bigoilict/share/BigOil/document_generator/datasets/documents_2021_12_28/21bol1_20211228_164237_2711264495_600_800.png,21bol1_20211228_164237_2711264495_600_800_mask.png,no âmbito de
70,5,141,11,382,342,523,353,382,342,523,342,523,353,382,353,sub_line_text,list,list_2,arial,regular,9,21bol1_20211228_164237_2711264495_600_800.png,/scratch/parceirosbr/bigoilict/share/BigOil/document_generator/datasets/documents_2021_12_28/21bol1_20211228_164237_2711264495_600_800.png,21bol1_20211228_164237_2711264495_600_800_mask.png,"-  Nesta    etapa,    uma   seringa"
63,5,126,11,391,359,517,370,391,359,517,359,517,370,391,370,sub_line_text,list,list_2,arial,regular,9,21bol1_20211228_164237_2711264495_600_800.png,/scratch/parceirosbr/bigoilict/share/BigOil/document_generator/datasets/documents_2021_12_28/21bol1_20211228_164237_2711264495_600_800.png,21bol1_20211228_164237_2711264495_600_800_mask.png,"plástica de 5 mL, conectada a"
57,5,115,11,403,376,518,387,403,376,518,376,518,387,403,387,sub_line_text,text,text_2,arial,regular,9,21bol1_20211228_164237_2711264495_600_800.png,/scratch/parceirosbr/bigoilict/share/BigOil/document_generator/datasets/documents_2021_12_28/21bol1_20211228_164237_2711264495_600_800.png,21bol1_20211228_164237_2711264495_600_800_mask.png,"However,  the limitations a-"
69,5,138,11,382,393,520,404,382,393,520,393,520,404,382,404,sub_line_text,text,text_2,arial,regular,9,21bol1_20211228_164237_2711264495_600_800.png,/scratch/parceirosbr/bigoilict/share/BigOil/document_generator/datasets/documents_2021_12_28/21bol1_20211228_164237_2711264495_600_800.png,21bol1_20211228_164237_2711264495_600_800_mask.png,"re  greater,  since  it  is not reco-"
69,5,138,11,382,410,520,421,382,410,520,410,520,421,382,421,sub_line_text,text,text_2,arial,regular,9,21bol1_20211228_164237_2711264495_600_800.png,/scratch/parceirosbr/bigoilict/share/BigOil/document_generator/datasets/documents_2021_12_28/21bol1_20211228_164237_2711264495_600_800.png,21bol1_20211228_164237_2711264495_600_800_mask.png,mmended  to  use  derivatives of
68,5,136,11,382,427,518,438,382,427,518,427,518,438,382,438,sub_line_text,text,text_2,arial,regular,9,21bol1_20211228_164237_2711264495_600_800.png,/scratch/parceirosbr/bigoilict/share/BigOil/document_generator/datasets/documents_2021_12_28/21bol1_20211228_164237_2711264495_600_800.png,21bol1_20211228_164237_2711264495_600_800_mask.png,"orders  greater  than  two,  while"
70,5,140,11,382,444,522,455,382,444,522,444,522,455,382,455,sub_line_text,text,text_2,arial,regular,9,21bol1_20211228_164237_2711264495_600_800.png,/scratch/parceirosbr/bigoilict/share/BigOil/document_generator/datasets/documents_2021_12_28/21bol1_20211228_164237_2711264495_600_800.png,21bol1_20211228_164237_2711264495_600_800_mask.png,"in  the analytical case, we use, in"
68,5,136,11,382,461,518,472,382,461,518,461,518,472,382,472,sub_line_text,text,text_2,arial,regular,9,21bol1_20211228_164237_2711264495_600_800.png,/scratch/parceirosbr/bigoilict/share/BigOil/document_generator/datasets/documents_2021_12_28/21bol1_20211228_164237_2711264495_600_800.png,21bol1_20211228_164237_2711264495_600_800_mask.png,"this  work, vertical derivatives of"
68,5,137,11,382,478,519,489,382,478,519,478,519,489,382,489,sub_line_text,text,text_2,arial,regular,9,21bol1_20211228_164237_2711264495_600_800.png,/scratch/parceirosbr/bigoilict/share/BigOil/document_generator/datasets/documents_2021_12_28/21bol1_20211228_164237_2711264495_600_800.png,21bol1_20211228_164237_2711264495_600_800_mask.png,"1,  2,  3  and  4 orders. Digital of"
70,48,141,96,382,512,523,608,382,512,523,512,523,608,382,608,list,list,list_3,arial,arial,9,21bol1_20211228_164237_2711264495_600_800.png,/scratch/parceirosbr/bigoilict/share/BigOil/document_generator/datasets/documents_2021_12_28/21bol1_20211228_164237_2711264495_600_800.png,21bol1_20211228_164237_2711264495_600_800_mask.png,
69,5,138,11,382,495,520,506,382,495,520,495,520,506,382,506,sub_line_text,text,text_2,arial,regular,9,21bol1_20211228_164237_2711264495_600_800.png,/scratch/parceirosbr/bigoilict/share/BigOil/document_generator/datasets/documents_2021_12_28/21bol1_20211228_164237_2711264495_600_800.png,21bol1_20211228_164237_2711264495_600_800_mask.png,the mission in order to focus the.
70,65,140,130,382,376,522,506,382,376,522,376,522,506,382,506,text,text,text_2,arial,regular,9,21bol1_20211228_164237_2711264495_600_800.png,/scratch/parceirosbr/bigoilict/share/BigOil/document_generator/datasets/documents_2021_12_28/21bol1_20211228_164237_2711264495_600_800.png,21bol1_20211228_164237_2711264495_600_800_mask.png,nan
69,5,139,11,382,512,521,523,382,512,521,512,521,523,382,523,sub_line_text,list,list_3,arial,regular,9,21bol1_20211228_164237_2711264495_600_800.png,/scratch/parceirosbr/bigoilict/share/BigOil/document_generator/datasets/documents_2021_12_28/21bol1_20211228_164237_2711264495_600_800.png,21bol1_20211228_164237_2711264495_600_800_mask.png,-  So    he   made   a   series   of
60,5,121,11,391,529,512,540,391,529,512,529,512,540,391,540,sub_line_text,list,list_3,arial,regular,9,21bol1_20211228_164237_2711264495_600_800.png,/scratch/parceirosbr/bigoilict/share/BigOil/document_generator/datasets/documents_2021_12_28/21bol1_20211228_164237_2711264495_600_800.png,21bol1_20211228_164237_2711264495_600_800_mask.png,recommendations and one of
70,5,141,11,382,546,523,557,382,546,523,546,523,557,382,557,sub_line_text,list,list_3,arial,regular,9,21bol1_20211228_164237_2711264495_600_800.png,/scratch/parceirosbr/bigoilict/share/BigOil/document_generator/datasets/documents_2021_12_28/21bol1_20211228_164237_2711264495_600_800.png,21bol1_20211228_164237_2711264495_600_800_mask.png,-  Aos   amigos  que  fiz  na  pelo
58,5,117,11,391,563,508,574,391,563,508,563,508,574,391,574,sub_line_text,list,list_3,arial,regular,9,21bol1_20211228_164237_2711264495_600_800.png,/scratch/parceirosbr/bigoilict/share/BigOil/document_generator/datasets/documents_2021_12_28/21bol1_20211228_164237_2711264495_600_800.png,21bol1_20211228_164237_2711264495_600_800_mask.png,"companheirismo, amizade e"
70,5,140,11,382,580,522,591,382,580,522,580,522,591,382,591,sub_line_text,list,list_3,arial,regular,9,21bol1_20211228_164237_2711264495_600_800.png,/scratch/parceirosbr/bigoilict/share/BigOil/document_generator/datasets/documents_2021_12_28/21bol1_20211228_164237_2711264495_600_800.png,21bol1_20211228_164237_2711264495_600_800_mask.png,-  A   reação   foi   realizada   em
61,5,123,11,391,597,514,608,391,597,514,597,514,608,391,608,sub_line_text,list,list_3,arial,regular,9,21bol1_20211228_164237_2711264495_600_800.png,/scratch/parceirosbr/bigoilict/share/BigOil/document_generator/datasets/documents_2021_12_28/21bol1_20211228_164237_2711264495_600_800.png,21bol1_20211228_164237_2711264495_600_800_mask.png,reator batelada equipado com
