center_x,center_y,width,height,xmin,ymin,xmax,ymax,top_left_x,top_left_y,top_right_x,top_right_y,bottom_right_x,bottom_right_y,bottom_left_x,bottom_left_y,label,grouplabel,group,text_font,text_style,size_font,filename,path,filename_mask,content
300,400,600,800,0,0,600,800,0,0,600,0,600,800,0,800,document,,,,,,21bol1_20211228_164238_1477393095_600_800.png,/scratch/parceirosbr/bigoilict/share/BigOil/document_generator/datasets/documents_2021_12_28/21bol1_20211228_164238_1477393095_600_800.png,21bol1_20211228_164238_1477393095_600_800_mask.png,
184,0,368,1,150,674,518,675,150,674,518,674,518,675,150,675,line,line,line,,,,21bol1_20211228_164238_1477393095_600_800.png,/scratch/parceirosbr/bigoilict/share/BigOil/document_generator/datasets/documents_2021_12_28/21bol1_20211228_164238_1477393095_600_800.png,21bol1_20211228_164238_1477393095_600_800_mask.png,nan
6,4,12,8,505,674,517,682,505,674,517,674,517,682,505,682,sub_line_text,numpag,footer_1,times,regular,7,21bol1_20211228_164238_1477393095_600_800.png,/scratch/parceirosbr/bigoilict/share/BigOil/document_generator/datasets/documents_2021_12_28/21bol1_20211228_164238_1477393095_600_800.png,21bol1_20211228_164238_1477393095_600_800_mask.png,101
6,4,12,8,505,674,517,682,505,674,517,674,517,682,505,682,text,numpag,footer_1,times,regular,7,21bol1_20211228_164238_1477393095_600_800.png,/scratch/parceirosbr/bigoilict/share/BigOil/document_generator/datasets/documents_2021_12_28/21bol1_20211228_164238_1477393095_600_800.png,21bol1_20211228_164238_1477393095_600_800_mask.png,nan
0,4,1,8,501,674,502,682,501,674,502,674,502,682,501,682,sub_line_text,footer,footer_1,times,regular,7,21bol1_20211228_164238_1477393095_600_800.png,/scratch/parceirosbr/bigoilict/share/BigOil/document_generator/datasets/documents_2021_12_28/21bol1_20211228_164238_1477393095_600_800.png,21bol1_20211228_164238_1477393095_600_800_mask.png,|
0,4,1,8,501,674,502,682,501,674,502,674,502,682,501,682,text,footer,footer_1,times,regular,7,21bol1_20211228_164238_1477393095_600_800.png,/scratch/parceirosbr/bigoilict/share/BigOil/document_generator/datasets/documents_2021_12_28/21bol1_20211228_164238_1477393095_600_800.png,21bol1_20211228_164238_1477393095_600_800_mask.png,nan
22,4,45,8,456,674,501,682,456,674,501,674,501,682,456,682,sub_line_text,footer,footer_1,times,regular,7,21bol1_20211228_164238_1477393095_600_800.png,/scratch/parceirosbr/bigoilict/share/BigOil/document_generator/datasets/documents_2021_12_28/21bol1_20211228_164238_1477393095_600_800.png,21bol1_20211228_164238_1477393095_600_800_mask.png,Como visto na
22,4,45,8,456,674,501,682,456,674,501,674,501,682,456,682,text,footer,footer_1,times,regular,7,21bol1_20211228_164238_1477393095_600_800.png,/scratch/parceirosbr/bigoilict/share/BigOil/document_generator/datasets/documents_2021_12_28/21bol1_20211228_164238_1477393095_600_800.png,21bol1_20211228_164238_1477393095_600_800_mask.png,nan
113,88,227,177,220,435,447,612,220,435,447,435,447,612,220,612,image,figure_image,figure_0,,,,21bol1_20211228_164238_1477393095_600_800.png,/scratch/parceirosbr/bigoilict/share/BigOil/document_generator/datasets/documents_2021_12_28/21bol1_20211228_164238_1477393095_600_800.png,21bol1_20211228_164238_1477393095_600_800_mask.png,output/gen_img_20211228_164238_7374347332.png
-2,-17,-5,-34,388,492,383,458,388,457,393,492,383,493,378,458,text,figure_text,figure_0,,,,21bol1_20211228_164238_1477393095_600_800.png,/scratch/parceirosbr/bigoilict/share/BigOil/document_generator/datasets/documents_2021_12_28/21bol1_20211228_164238_1477393095_600_800.png,21bol1_20211228_164238_1477393095_600_800_mask.png,Energy [V]
-2,-17,-5,-34,388,492,383,458,388,457,393,492,383,493,378,458,sub_line_text,figure_text,figure_0,,,,21bol1_20211228_164238_1477393095_600_800.png,/scratch/parceirosbr/bigoilict/share/BigOil/document_generator/datasets/documents_2021_12_28/21bol1_20211228_164238_1477393095_600_800.png,21bol1_20211228_164238_1477393095_600_800_mask.png,Energy [V]
-2,-12,-4,-25,313,571,309,546,313,545,317,571,309,572,305,546,text,figure_text,figure_0,,,,21bol1_20211228_164238_1477393095_600_800.png,/scratch/parceirosbr/bigoilict/share/BigOil/document_generator/datasets/documents_2021_12_28/21bol1_20211228_164238_1477393095_600_800.png,21bol1_20211228_164238_1477393095_600_800_mask.png,-5229%
-2,-12,-4,-25,313,571,309,546,313,545,317,571,309,572,305,546,sub_line_text,figure_text,figure_0,,,,21bol1_20211228_164238_1477393095_600_800.png,/scratch/parceirosbr/bigoilict/share/BigOil/document_generator/datasets/documents_2021_12_28/21bol1_20211228_164238_1477393095_600_800.png,21bol1_20211228_164238_1477393095_600_800_mask.png,-5229%
-1,-24,-2,-48,271,517,269,469,271,468,278,517,269,518,262,469,text,figure_text,figure_0,,,,21bol1_20211228_164238_1477393095_600_800.png,/scratch/parceirosbr/bigoilict/share/BigOil/document_generator/datasets/documents_2021_12_28/21bol1_20211228_164238_1477393095_600_800.png,21bol1_20211228_164238_1477393095_600_800_mask.png,Concentration
-1,-24,-2,-48,271,517,269,469,271,468,278,517,269,518,262,469,sub_line_text,figure_text,figure_0,,,,21bol1_20211228_164238_1477393095_600_800.png,/scratch/parceirosbr/bigoilict/share/BigOil/document_generator/datasets/documents_2021_12_28/21bol1_20211228_164238_1477393095_600_800.png,21bol1_20211228_164238_1477393095_600_800_mask.png,Concentration
-2,-14,-4,-29,359,483,355,454,359,453,364,483,355,484,351,454,text,figure_text,figure_0,,,,21bol1_20211228_164238_1477393095_600_800.png,/scratch/parceirosbr/bigoilict/share/BigOil/document_generator/datasets/documents_2021_12_28/21bol1_20211228_164238_1477393095_600_800.png,21bol1_20211228_164238_1477393095_600_800_mask.png,-5182.77
-2,-14,-4,-29,359,483,355,454,359,453,364,483,355,484,351,454,sub_line_text,figure_text,figure_0,,,,21bol1_20211228_164238_1477393095_600_800.png,/scratch/parceirosbr/bigoilict/share/BigOil/document_generator/datasets/documents_2021_12_28/21bol1_20211228_164238_1477393095_600_800.png,21bol1_20211228_164238_1477393095_600_800_mask.png,-5182.77
-2,-14,-5,-28,428,510,423,482,428,481,432,510,423,511,419,482,text,figure_text,figure_0,,,,21bol1_20211228_164238_1477393095_600_800.png,/scratch/parceirosbr/bigoilict/share/BigOil/document_generator/datasets/documents_2021_12_28/21bol1_20211228_164238_1477393095_600_800.png,21bol1_20211228_164238_1477393095_600_800_mask.png,773.98%
-2,-14,-5,-28,428,510,423,482,428,481,432,510,423,511,419,482,sub_line_text,figure_text,figure_0,,,,21bol1_20211228_164238_1477393095_600_800.png,/scratch/parceirosbr/bigoilict/share/BigOil/document_generator/datasets/documents_2021_12_28/21bol1_20211228_164238_1477393095_600_800.png,21bol1_20211228_164238_1477393095_600_800_mask.png,773.98%
-2,-15,-5,-30,381,602,376,572,381,570,385,602,376,604,371,572,text,figure_text,figure_0,,,,21bol1_20211228_164238_1477393095_600_800.png,/scratch/parceirosbr/bigoilict/share/BigOil/document_generator/datasets/documents_2021_12_28/21bol1_20211228_164238_1477393095_600_800.png,21bol1_20211228_164238_1477393095_600_800_mask.png,Speed ​​[v]
-2,-15,-5,-30,381,602,376,572,381,570,385,602,376,604,371,572,sub_line_text,figure_text,figure_0,,,,21bol1_20211228_164238_1477393095_600_800.png,/scratch/parceirosbr/bigoilict/share/BigOil/document_generator/datasets/documents_2021_12_28/21bol1_20211228_164238_1477393095_600_800.png,21bol1_20211228_164238_1477393095_600_800_mask.png,Speed ​​[v]
-2,-15,-4,-31,232,587,228,556,232,555,236,587,228,588,224,556,text,figure_text,figure_0,,,,21bol1_20211228_164238_1477393095_600_800.png,/scratch/parceirosbr/bigoilict/share/BigOil/document_generator/datasets/documents_2021_12_28/21bol1_20211228_164238_1477393095_600_800.png,21bol1_20211228_164238_1477393095_600_800_mask.png,-2721.9%
-2,-15,-4,-31,232,587,228,556,232,555,236,587,228,588,224,556,sub_line_text,figure_text,figure_0,,,,21bol1_20211228_164238_1477393095_600_800.png,/scratch/parceirosbr/bigoilict/share/BigOil/document_generator/datasets/documents_2021_12_28/21bol1_20211228_164238_1477393095_600_800.png,21bol1_20211228_164238_1477393095_600_800_mask.png,-2721.9%
-2,-14,-4,-28,293,509,289,481,293,480,297,509,289,511,285,481,text,figure_text,figure_0,,,,21bol1_20211228_164238_1477393095_600_800.png,/scratch/parceirosbr/bigoilict/share/BigOil/document_generator/datasets/documents_2021_12_28/21bol1_20211228_164238_1477393095_600_800.png,21bol1_20211228_164238_1477393095_600_800_mask.png,-2710.73
-2,-14,-4,-28,293,509,289,481,293,480,297,509,289,511,285,481,sub_line_text,figure_text,figure_0,,,,21bol1_20211228_164238_1477393095_600_800.png,/scratch/parceirosbr/bigoilict/share/BigOil/document_generator/datasets/documents_2021_12_28/21bol1_20211228_164238_1477393095_600_800.png,21bol1_20211228_164238_1477393095_600_800_mask.png,-2710.73
-3,-15,-6,-31,357,528,351,497,357,496,361,528,351,529,347,497,text,figure_text,figure_0,,,,21bol1_20211228_164238_1477393095_600_800.png,/scratch/parceirosbr/bigoilict/share/BigOil/document_generator/datasets/documents_2021_12_28/21bol1_20211228_164238_1477393095_600_800.png,21bol1_20211228_164238_1477393095_600_800_mask.png,Speed ​​(v)
-3,-15,-6,-31,357,528,351,497,357,496,361,528,351,529,347,497,sub_line_text,figure_text,figure_0,,,,21bol1_20211228_164238_1477393095_600_800.png,/scratch/parceirosbr/bigoilict/share/BigOil/document_generator/datasets/documents_2021_12_28/21bol1_20211228_164238_1477393095_600_800.png,21bol1_20211228_164238_1477393095_600_800_mask.png,Speed ​​(v)
-2,-12,-5,-25,407,570,402,545,407,544,410,570,402,571,399,545,text,figure_text,figure_0,,,,21bol1_20211228_164238_1477393095_600_800.png,/scratch/parceirosbr/bigoilict/share/BigOil/document_generator/datasets/documents_2021_12_28/21bol1_20211228_164238_1477393095_600_800.png,21bol1_20211228_164238_1477393095_600_800_mask.png,-8391%
-2,-12,-5,-25,407,570,402,545,407,544,410,570,402,571,399,545,sub_line_text,figure_text,figure_0,,,,21bol1_20211228_164238_1477393095_600_800.png,/scratch/parceirosbr/bigoilict/share/BigOil/document_generator/datasets/documents_2021_12_28/21bol1_20211228_164238_1477393095_600_800.png,21bol1_20211228_164238_1477393095_600_800_mask.png,-8391%
-2,-12,-4,-25,358,561,354,536,358,535,362,561,354,562,350,536,text,figure_text,figure_0,,,,21bol1_20211228_164238_1477393095_600_800.png,/scratch/parceirosbr/bigoilict/share/BigOil/document_generator/datasets/documents_2021_12_28/21bol1_20211228_164238_1477393095_600_800.png,21bol1_20211228_164238_1477393095_600_800_mask.png,-5463.2
-2,-12,-4,-25,358,561,354,536,358,535,362,561,354,562,350,536,sub_line_text,figure_text,figure_0,,,,21bol1_20211228_164238_1477393095_600_800.png,/scratch/parceirosbr/bigoilict/share/BigOil/document_generator/datasets/documents_2021_12_28/21bol1_20211228_164238_1477393095_600_800.png,21bol1_20211228_164238_1477393095_600_800_mask.png,-5463.2
-1,-22,-3,-44,336,603,333,559,336,558,342,603,333,605,327,559,text,figure_text,figure_0,,,,21bol1_20211228_164238_1477393095_600_800.png,/scratch/parceirosbr/bigoilict/share/BigOil/document_generator/datasets/documents_2021_12_28/21bol1_20211228_164238_1477393095_600_800.png,21bol1_20211228_164238_1477393095_600_800_mask.png,Volume [MB]
-1,-22,-3,-44,336,603,333,559,336,558,342,603,333,605,327,559,sub_line_text,figure_text,figure_0,,,,21bol1_20211228_164238_1477393095_600_800.png,/scratch/parceirosbr/bigoilict/share/BigOil/document_generator/datasets/documents_2021_12_28/21bol1_20211228_164238_1477393095_600_800.png,21bol1_20211228_164238_1477393095_600_800_mask.png,Volume [MB]
-2,-15,-4,-31,252,556,248,525,252,524,256,556,248,557,244,525,text,figure_text,figure_0,,,,21bol1_20211228_164238_1477393095_600_800.png,/scratch/parceirosbr/bigoilict/share/BigOil/document_generator/datasets/documents_2021_12_28/21bol1_20211228_164238_1477393095_600_800.png,21bol1_20211228_164238_1477393095_600_800_mask.png,-1434.9%
-2,-15,-4,-31,252,556,248,525,252,524,256,556,248,557,244,525,sub_line_text,figure_text,figure_0,,,,21bol1_20211228_164238_1477393095_600_800.png,/scratch/parceirosbr/bigoilict/share/BigOil/document_generator/datasets/documents_2021_12_28/21bol1_20211228_164238_1477393095_600_800.png,21bol1_20211228_164238_1477393095_600_800_mask.png,-1434.9%
-2,-10,-5,-21,373,548,368,527,373,526,376,548,368,549,365,527,text,figure_text,figure_0,,,,21bol1_20211228_164238_1477393095_600_800.png,/scratch/parceirosbr/bigoilict/share/BigOil/document_generator/datasets/documents_2021_12_28/21bol1_20211228_164238_1477393095_600_800.png,21bol1_20211228_164238_1477393095_600_800_mask.png,-454.8
-2,-10,-5,-21,373,548,368,527,373,526,376,548,368,549,365,527,sub_line_text,figure_text,figure_0,,,,21bol1_20211228_164238_1477393095_600_800.png,/scratch/parceirosbr/bigoilict/share/BigOil/document_generator/datasets/documents_2021_12_28/21bol1_20211228_164238_1477393095_600_800.png,21bol1_20211228_164238_1477393095_600_800_mask.png,-454.8
-2,-16,-5,-33,312,481,307,448,312,446,317,481,307,482,302,448,text,figure_text,figure_0,,,,21bol1_20211228_164238_1477393095_600_800.png,/scratch/parceirosbr/bigoilict/share/BigOil/document_generator/datasets/documents_2021_12_28/21bol1_20211228_164238_1477393095_600_800.png,21bol1_20211228_164238_1477393095_600_800_mask.png,Data (MB)
-2,-16,-5,-33,312,481,307,448,312,446,317,481,307,482,302,448,sub_line_text,figure_text,figure_0,,,,21bol1_20211228_164238_1477393095_600_800.png,/scratch/parceirosbr/bigoilict/share/BigOil/document_generator/datasets/documents_2021_12_28/21bol1_20211228_164238_1477393095_600_800.png,21bol1_20211228_164238_1477393095_600_800_mask.png,Data (MB)
-2,-21,-4,-42,232,509,228,467,232,466,238,509,228,511,222,467,text,figure_text,figure_0,,,,21bol1_20211228_164238_1477393095_600_800.png,/scratch/parceirosbr/bigoilict/share/BigOil/document_generator/datasets/documents_2021_12_28/21bol1_20211228_164238_1477393095_600_800.png,21bol1_20211228_164238_1477393095_600_800_mask.png,Female [km]
-2,-21,-4,-42,232,509,228,467,232,466,238,509,228,511,222,467,sub_line_text,figure_text,figure_0,,,,21bol1_20211228_164238_1477393095_600_800.png,/scratch/parceirosbr/bigoilict/share/BigOil/document_generator/datasets/documents_2021_12_28/21bol1_20211228_164238_1477393095_600_800.png,21bol1_20211228_164238_1477393095_600_800_mask.png,Female [km]
-4,-6,-9,-12,393,544,384,532,393,531,394,544,384,545,382,532,text,figure_text,figure_0,,,,21bol1_20211228_164238_1477393095_600_800.png,/scratch/parceirosbr/bigoilict/share/BigOil/document_generator/datasets/documents_2021_12_28/21bol1_20211228_164238_1477393095_600_800.png,21bol1_20211228_164238_1477393095_600_800_mask.png,Age
-4,-6,-9,-12,393,544,384,532,393,531,394,544,384,545,382,532,sub_line_text,figure_text,figure_0,,,,21bol1_20211228_164238_1477393095_600_800.png,/scratch/parceirosbr/bigoilict/share/BigOil/document_generator/datasets/documents_2021_12_28/21bol1_20211228_164238_1477393095_600_800.png,21bol1_20211228_164238_1477393095_600_800_mask.png,Age
-2,-15,-4,-31,279,556,275,525,279,524,284,556,275,557,271,525,text,figure_text,figure_0,,,,21bol1_20211228_164238_1477393095_600_800.png,/scratch/parceirosbr/bigoilict/share/BigOil/document_generator/datasets/documents_2021_12_28/21bol1_20211228_164238_1477393095_600_800.png,21bol1_20211228_164238_1477393095_600_800_mask.png,-2720.0%
-2,-15,-4,-31,279,556,275,525,279,524,284,556,275,557,271,525,sub_line_text,figure_text,figure_0,,,,21bol1_20211228_164238_1477393095_600_800.png,/scratch/parceirosbr/bigoilict/share/BigOil/document_generator/datasets/documents_2021_12_28/21bol1_20211228_164238_1477393095_600_800.png,21bol1_20211228_164238_1477393095_600_800_mask.png,-2720.0%
-2,-9,-5,-19,235,458,230,439,235,438,238,458,230,459,227,439,text,figure_text,figure_0,,,,21bol1_20211228_164238_1477393095_600_800.png,/scratch/parceirosbr/bigoilict/share/BigOil/document_generator/datasets/documents_2021_12_28/21bol1_20211228_164238_1477393095_600_800.png,21bol1_20211228_164238_1477393095_600_800_mask.png,-8687
-2,-9,-5,-19,235,458,230,439,235,438,238,458,230,459,227,439,sub_line_text,figure_text,figure_0,,,,21bol1_20211228_164238_1477393095_600_800.png,/scratch/parceirosbr/bigoilict/share/BigOil/document_generator/datasets/documents_2021_12_28/21bol1_20211228_164238_1477393095_600_800.png,21bol1_20211228_164238_1477393095_600_800_mask.png,-8687
-3,-14,-6,-29,249,475,243,446,249,445,253,475,243,477,239,446,text,figure_text,figure_0,,,,21bol1_20211228_164238_1477393095_600_800.png,/scratch/parceirosbr/bigoilict/share/BigOil/document_generator/datasets/documents_2021_12_28/21bol1_20211228_164238_1477393095_600_800.png,21bol1_20211228_164238_1477393095_600_800_mask.png,Liters [L]
-3,-14,-6,-29,249,475,243,446,249,445,253,475,243,477,239,446,sub_line_text,figure_text,figure_0,,,,21bol1_20211228_164238_1477393095_600_800.png,/scratch/parceirosbr/bigoilict/share/BigOil/document_generator/datasets/documents_2021_12_28/21bol1_20211228_164238_1477393095_600_800.png,21bol1_20211228_164238_1477393095_600_800_mask.png,Liters [L]
72,3,145,7,150,617,295,624,150,617,295,617,295,624,150,624,sub_line_text,figure_legend,figure_0,times,regular,6,21bol1_20211228_164238_1477393095_600_800.png,/scratch/parceirosbr/bigoilict/share/BigOil/document_generator/datasets/documents_2021_12_28/21bol1_20211228_164238_1477393095_600_800.png,21bol1_20211228_164238_1477393095_600_800_mask.png,"Figure   46:      Todavia,   as  propriedades  mecânicas"
72,3,145,7,150,627,295,634,150,627,295,627,295,634,150,634,sub_line_text,figure_legend,figure_0,times,regular,6,21bol1_20211228_164238_1477393095_600_800.png,/scratch/parceirosbr/bigoilict/share/BigOil/document_generator/datasets/documents_2021_12_28/21bol1_20211228_164238_1477393095_600_800.png,21bol1_20211228_164238_1477393095_600_800_mask.png,"são   altamente   dependentes  destes  fatores,  pois  são"
54,3,108,7,150,637,258,644,150,637,258,637,258,644,150,644,sub_line_text,figure_legend,figure_0,times,regular,6,21bol1_20211228_164238_1477393095_600_800.png,/scratch/parceirosbr/bigoilict/share/BigOil/document_generator/datasets/documents_2021_12_28/21bol1_20211228_164238_1477393095_600_800.png,21bol1_20211228_164238_1477393095_600_800_mask.png,ligados à estrutura molecular do inclusive
72,13,145,27,150,617,295,644,150,617,295,617,295,644,150,644,text,figure_legend,figure_0,times,regular,6,21bol1_20211228_164238_1477393095_600_800.png,/scratch/parceirosbr/bigoilict/share/BigOil/document_generator/datasets/documents_2021_12_28/21bol1_20211228_164238_1477393095_600_800.png,21bol1_20211228_164238_1477393095_600_800_mask.png,nan
72,3,145,7,332,617,477,624,332,617,477,617,477,624,332,624,sub_line_text,figure_legend,figure_0,times,regular,6,21bol1_20211228_164238_1477393095_600_800.png,/scratch/parceirosbr/bigoilict/share/BigOil/document_generator/datasets/documents_2021_12_28/21bol1_20211228_164238_1477393095_600_800.png,21bol1_20211228_164238_1477393095_600_800_mask.png,Figure   121:    O  ensaio  de  adesividade  foi  realiza-
72,3,145,7,332,627,477,634,332,627,477,627,477,634,332,634,sub_line_text,figure_legend,figure_0,times,regular,6,21bol1_20211228_164238_1477393095_600_800.png,/scratch/parceirosbr/bigoilict/share/BigOil/document_generator/datasets/documents_2021_12_28/21bol1_20211228_164238_1477393095_600_800.png,21bol1_20211228_164238_1477393095_600_800_mask.png,do  de  acordo  com  a.  O  fato mais marcante é a mu-
73,3,146,7,332,637,478,644,332,637,478,637,478,644,332,644,sub_line_text,figure_legend,figure_0,times,regular,6,21bol1_20211228_164238_1477393095_600_800.png,/scratch/parceirosbr/bigoilict/share/BigOil/document_generator/datasets/documents_2021_12_28/21bol1_20211228_164238_1477393095_600_800.png,21bol1_20211228_164238_1477393095_600_800_mask.png,dança  na  matriz  energética  desses  países.    water b-
42,3,84,7,332,647,416,654,332,647,416,647,416,654,332,654,sub_line_text,figure_legend,figure_0,times,regular,6,21bol1_20211228_164238_1477393095_600_800.png,/scratch/parceirosbr/bigoilict/share/BigOil/document_generator/datasets/documents_2021_12_28/21bol1_20211228_164238_1477393095_600_800.png,21bol1_20211228_164238_1477393095_600_800_mask.png,ill; and make it easier for water
73,18,146,37,332,617,478,654,332,617,478,617,478,654,332,654,text,figure_legend,figure_0,times,regular,6,21bol1_20211228_164238_1477393095_600_800.png,/scratch/parceirosbr/bigoilict/share/BigOil/document_generator/datasets/documents_2021_12_28/21bol1_20211228_164238_1477393095_600_800.png,21bol1_20211228_164238_1477393095_600_800_mask.png,nan
179,101,358,203,154,190,512,393,154,190,512,190,512,393,154,393,table,table_image,table_0,,,,21bol1_20211228_164238_1477393095_600_800.png,/scratch/parceirosbr/bigoilict/share/BigOil/document_generator/datasets/documents_2021_12_28/21bol1_20211228_164238_1477393095_600_800.png,21bol1_20211228_164238_1477393095_600_800_mask.png,output/gen_tab_20211228_164241_3687267648.png
5,3,10,7,197,194,207,201,197,194,207,194,207,201,197,201,text,table_text,table_0,roboto,regular,7.0,21bol1_20211228_164238_1477393095_600_800.png,/scratch/parceirosbr/bigoilict/share/BigOil/document_generator/datasets/documents_2021_12_28/21bol1_20211228_164238_1477393095_600_800.png,21bol1_20211228_164238_1477393095_600_800_mask.png,ser
5,3,10,7,197,194,207,201,197,194,207,194,207,201,197,201,sub_line_text,table_text,table_0,roboto,regular,7.0,21bol1_20211228_164238_1477393095_600_800.png,/scratch/parceirosbr/bigoilict/share/BigOil/document_generator/datasets/documents_2021_12_28/21bol1_20211228_164238_1477393095_600_800.png,21bol1_20211228_164238_1477393095_600_800_mask.png,ser
18,3,37,7,171,205,208,212,171,205,208,205,208,212,171,212,text,table_text,table_0,roboto,italic,7.0,21bol1_20211228_164238_1477393095_600_800.png,/scratch/parceirosbr/bigoilict/share/BigOil/document_generator/datasets/documents_2021_12_28/21bol1_20211228_164238_1477393095_600_800.png,21bol1_20211228_164238_1477393095_600_800_mask.png,779724.333
18,3,37,7,171,205,208,212,171,205,208,205,208,212,171,212,sub_line_text,table_text,table_0,roboto,italic,7.0,21bol1_20211228_164238_1477393095_600_800.png,/scratch/parceirosbr/bigoilict/share/BigOil/document_generator/datasets/documents_2021_12_28/21bol1_20211228_164238_1477393095_600_800.png,21bol1_20211228_164238_1477393095_600_800_mask.png,779724.333
18,3,37,7,171,216,208,223,171,216,208,216,208,223,171,223,text,table_text,table_0,roboto,italic,7.0,21bol1_20211228_164238_1477393095_600_800.png,/scratch/parceirosbr/bigoilict/share/BigOil/document_generator/datasets/documents_2021_12_28/21bol1_20211228_164238_1477393095_600_800.png,21bol1_20211228_164238_1477393095_600_800_mask.png,874190.831
18,3,37,7,171,216,208,223,171,216,208,216,208,223,171,223,sub_line_text,table_text,table_0,roboto,italic,7.0,21bol1_20211228_164238_1477393095_600_800.png,/scratch/parceirosbr/bigoilict/share/BigOil/document_generator/datasets/documents_2021_12_28/21bol1_20211228_164238_1477393095_600_800.png,21bol1_20211228_164238_1477393095_600_800_mask.png,874190.831
18,3,37,7,171,227,208,234,171,227,208,227,208,234,171,234,text,table_text,table_0,roboto,italic,7.0,21bol1_20211228_164238_1477393095_600_800.png,/scratch/parceirosbr/bigoilict/share/BigOil/document_generator/datasets/documents_2021_12_28/21bol1_20211228_164238_1477393095_600_800.png,21bol1_20211228_164238_1477393095_600_800_mask.png,534016.395
18,3,37,7,171,227,208,234,171,227,208,227,208,234,171,234,sub_line_text,table_text,table_0,roboto,italic,7.0,21bol1_20211228_164238_1477393095_600_800.png,/scratch/parceirosbr/bigoilict/share/BigOil/document_generator/datasets/documents_2021_12_28/21bol1_20211228_164238_1477393095_600_800.png,21bol1_20211228_164238_1477393095_600_800_mask.png,534016.395
18,3,37,7,171,237,208,244,171,237,208,237,208,244,171,244,text,table_text,table_0,roboto,italic,7.0,21bol1_20211228_164238_1477393095_600_800.png,/scratch/parceirosbr/bigoilict/share/BigOil/document_generator/datasets/documents_2021_12_28/21bol1_20211228_164238_1477393095_600_800.png,21bol1_20211228_164238_1477393095_600_800_mask.png,423785.300
18,3,37,7,171,237,208,244,171,237,208,237,208,244,171,244,sub_line_text,table_text,table_0,roboto,italic,7.0,21bol1_20211228_164238_1477393095_600_800.png,/scratch/parceirosbr/bigoilict/share/BigOil/document_generator/datasets/documents_2021_12_28/21bol1_20211228_164238_1477393095_600_800.png,21bol1_20211228_164238_1477393095_600_800_mask.png,423785.300
18,3,37,7,171,248,208,255,171,248,208,248,208,255,171,255,text,table_text,table_0,roboto,italic,7.0,21bol1_20211228_164238_1477393095_600_800.png,/scratch/parceirosbr/bigoilict/share/BigOil/document_generator/datasets/documents_2021_12_28/21bol1_20211228_164238_1477393095_600_800.png,21bol1_20211228_164238_1477393095_600_800_mask.png,432036.980
18,3,37,7,171,248,208,255,171,248,208,248,208,255,171,255,sub_line_text,table_text,table_0,roboto,italic,7.0,21bol1_20211228_164238_1477393095_600_800.png,/scratch/parceirosbr/bigoilict/share/BigOil/document_generator/datasets/documents_2021_12_28/21bol1_20211228_164238_1477393095_600_800.png,21bol1_20211228_164238_1477393095_600_800_mask.png,432036.980
18,3,37,7,171,259,208,266,171,259,208,259,208,266,171,266,text,table_text,table_0,roboto,italic,7.0,21bol1_20211228_164238_1477393095_600_800.png,/scratch/parceirosbr/bigoilict/share/BigOil/document_generator/datasets/documents_2021_12_28/21bol1_20211228_164238_1477393095_600_800.png,21bol1_20211228_164238_1477393095_600_800_mask.png,960171.147
18,3,37,7,171,259,208,266,171,259,208,259,208,266,171,266,sub_line_text,table_text,table_0,roboto,italic,7.0,21bol1_20211228_164238_1477393095_600_800.png,/scratch/parceirosbr/bigoilict/share/BigOil/document_generator/datasets/documents_2021_12_28/21bol1_20211228_164238_1477393095_600_800.png,21bol1_20211228_164238_1477393095_600_800_mask.png,960171.147
18,3,37,7,171,270,208,277,171,270,208,270,208,277,171,277,text,table_text,table_0,roboto,italic,7.0,21bol1_20211228_164238_1477393095_600_800.png,/scratch/parceirosbr/bigoilict/share/BigOil/document_generator/datasets/documents_2021_12_28/21bol1_20211228_164238_1477393095_600_800.png,21bol1_20211228_164238_1477393095_600_800_mask.png,881762.459
18,3,37,7,171,270,208,277,171,270,208,270,208,277,171,277,sub_line_text,table_text,table_0,roboto,italic,7.0,21bol1_20211228_164238_1477393095_600_800.png,/scratch/parceirosbr/bigoilict/share/BigOil/document_generator/datasets/documents_2021_12_28/21bol1_20211228_164238_1477393095_600_800.png,21bol1_20211228_164238_1477393095_600_800_mask.png,881762.459
18,3,37,7,171,280,208,287,171,280,208,280,208,287,171,287,text,table_text,table_0,roboto,italic,7.0,21bol1_20211228_164238_1477393095_600_800.png,/scratch/parceirosbr/bigoilict/share/BigOil/document_generator/datasets/documents_2021_12_28/21bol1_20211228_164238_1477393095_600_800.png,21bol1_20211228_164238_1477393095_600_800_mask.png,379079.179
18,3,37,7,171,280,208,287,171,280,208,280,208,287,171,287,sub_line_text,table_text,table_0,roboto,italic,7.0,21bol1_20211228_164238_1477393095_600_800.png,/scratch/parceirosbr/bigoilict/share/BigOil/document_generator/datasets/documents_2021_12_28/21bol1_20211228_164238_1477393095_600_800.png,21bol1_20211228_164238_1477393095_600_800_mask.png,379079.179
18,3,37,7,171,291,208,298,171,291,208,291,208,298,171,298,text,table_text,table_0,roboto,italic,7.0,21bol1_20211228_164238_1477393095_600_800.png,/scratch/parceirosbr/bigoilict/share/BigOil/document_generator/datasets/documents_2021_12_28/21bol1_20211228_164238_1477393095_600_800.png,21bol1_20211228_164238_1477393095_600_800_mask.png,409485.064
18,3,37,7,171,291,208,298,171,291,208,291,208,298,171,298,sub_line_text,table_text,table_0,roboto,italic,7.0,21bol1_20211228_164238_1477393095_600_800.png,/scratch/parceirosbr/bigoilict/share/BigOil/document_generator/datasets/documents_2021_12_28/21bol1_20211228_164238_1477393095_600_800.png,21bol1_20211228_164238_1477393095_600_800_mask.png,409485.064
18,3,37,7,171,302,208,309,171,302,208,302,208,309,171,309,text,table_text,table_0,roboto,italic,7.0,21bol1_20211228_164238_1477393095_600_800.png,/scratch/parceirosbr/bigoilict/share/BigOil/document_generator/datasets/documents_2021_12_28/21bol1_20211228_164238_1477393095_600_800.png,21bol1_20211228_164238_1477393095_600_800_mask.png,881691.828
18,3,37,7,171,302,208,309,171,302,208,302,208,309,171,309,sub_line_text,table_text,table_0,roboto,italic,7.0,21bol1_20211228_164238_1477393095_600_800.png,/scratch/parceirosbr/bigoilict/share/BigOil/document_generator/datasets/documents_2021_12_28/21bol1_20211228_164238_1477393095_600_800.png,21bol1_20211228_164238_1477393095_600_800_mask.png,881691.828
18,3,37,7,171,312,208,319,171,312,208,312,208,319,171,319,text,table_text,table_0,roboto,italic,7.0,21bol1_20211228_164238_1477393095_600_800.png,/scratch/parceirosbr/bigoilict/share/BigOil/document_generator/datasets/documents_2021_12_28/21bol1_20211228_164238_1477393095_600_800.png,21bol1_20211228_164238_1477393095_600_800_mask.png,917081.911
18,3,37,7,171,312,208,319,171,312,208,312,208,319,171,319,sub_line_text,table_text,table_0,roboto,italic,7.0,21bol1_20211228_164238_1477393095_600_800.png,/scratch/parceirosbr/bigoilict/share/BigOil/document_generator/datasets/documents_2021_12_28/21bol1_20211228_164238_1477393095_600_800.png,21bol1_20211228_164238_1477393095_600_800_mask.png,917081.911
18,3,37,7,171,323,208,330,171,323,208,323,208,330,171,330,text,table_text,table_0,roboto,italic,7.0,21bol1_20211228_164238_1477393095_600_800.png,/scratch/parceirosbr/bigoilict/share/BigOil/document_generator/datasets/documents_2021_12_28/21bol1_20211228_164238_1477393095_600_800.png,21bol1_20211228_164238_1477393095_600_800_mask.png,762747.753
18,3,37,7,171,323,208,330,171,323,208,323,208,330,171,330,sub_line_text,table_text,table_0,roboto,italic,7.0,21bol1_20211228_164238_1477393095_600_800.png,/scratch/parceirosbr/bigoilict/share/BigOil/document_generator/datasets/documents_2021_12_28/21bol1_20211228_164238_1477393095_600_800.png,21bol1_20211228_164238_1477393095_600_800_mask.png,762747.753
18,3,37,7,171,334,208,341,171,334,208,334,208,341,171,341,text,table_text,table_0,roboto,italic,7.0,21bol1_20211228_164238_1477393095_600_800.png,/scratch/parceirosbr/bigoilict/share/BigOil/document_generator/datasets/documents_2021_12_28/21bol1_20211228_164238_1477393095_600_800.png,21bol1_20211228_164238_1477393095_600_800_mask.png,142555.208
18,3,37,7,171,334,208,341,171,334,208,334,208,341,171,341,sub_line_text,table_text,table_0,roboto,italic,7.0,21bol1_20211228_164238_1477393095_600_800.png,/scratch/parceirosbr/bigoilict/share/BigOil/document_generator/datasets/documents_2021_12_28/21bol1_20211228_164238_1477393095_600_800.png,21bol1_20211228_164238_1477393095_600_800_mask.png,142555.208
18,3,37,7,171,345,208,352,171,345,208,345,208,352,171,352,text,table_text,table_0,roboto,italic,7.0,21bol1_20211228_164238_1477393095_600_800.png,/scratch/parceirosbr/bigoilict/share/BigOil/document_generator/datasets/documents_2021_12_28/21bol1_20211228_164238_1477393095_600_800.png,21bol1_20211228_164238_1477393095_600_800_mask.png,594777.432
18,3,37,7,171,345,208,352,171,345,208,345,208,352,171,352,sub_line_text,table_text,table_0,roboto,italic,7.0,21bol1_20211228_164238_1477393095_600_800.png,/scratch/parceirosbr/bigoilict/share/BigOil/document_generator/datasets/documents_2021_12_28/21bol1_20211228_164238_1477393095_600_800.png,21bol1_20211228_164238_1477393095_600_800_mask.png,594777.432
18,3,37,7,171,355,208,362,171,355,208,355,208,362,171,362,text,table_text,table_0,roboto,italic,7.0,21bol1_20211228_164238_1477393095_600_800.png,/scratch/parceirosbr/bigoilict/share/BigOil/document_generator/datasets/documents_2021_12_28/21bol1_20211228_164238_1477393095_600_800.png,21bol1_20211228_164238_1477393095_600_800_mask.png,528550.894
18,3,37,7,171,355,208,362,171,355,208,355,208,362,171,362,sub_line_text,table_text,table_0,roboto,italic,7.0,21bol1_20211228_164238_1477393095_600_800.png,/scratch/parceirosbr/bigoilict/share/BigOil/document_generator/datasets/documents_2021_12_28/21bol1_20211228_164238_1477393095_600_800.png,21bol1_20211228_164238_1477393095_600_800_mask.png,528550.894
18,3,37,7,171,366,208,373,171,366,208,366,208,373,171,373,text,table_text,table_0,roboto,italic,7.0,21bol1_20211228_164238_1477393095_600_800.png,/scratch/parceirosbr/bigoilict/share/BigOil/document_generator/datasets/documents_2021_12_28/21bol1_20211228_164238_1477393095_600_800.png,21bol1_20211228_164238_1477393095_600_800_mask.png,869314.355
18,3,37,7,171,366,208,373,171,366,208,366,208,373,171,373,sub_line_text,table_text,table_0,roboto,italic,7.0,21bol1_20211228_164238_1477393095_600_800.png,/scratch/parceirosbr/bigoilict/share/BigOil/document_generator/datasets/documents_2021_12_28/21bol1_20211228_164238_1477393095_600_800.png,21bol1_20211228_164238_1477393095_600_800_mask.png,869314.355
18,3,37,7,171,377,208,384,171,377,208,377,208,384,171,384,text,table_text,table_0,roboto,bold,7.0,21bol1_20211228_164238_1477393095_600_800.png,/scratch/parceirosbr/bigoilict/share/BigOil/document_generator/datasets/documents_2021_12_28/21bol1_20211228_164238_1477393095_600_800.png,21bol1_20211228_164238_1477393095_600_800_mask.png,333423.709
18,3,37,7,171,377,208,384,171,377,208,377,208,384,171,384,sub_line_text,table_text,table_0,roboto,bold,7.0,21bol1_20211228_164238_1477393095_600_800.png,/scratch/parceirosbr/bigoilict/share/BigOil/document_generator/datasets/documents_2021_12_28/21bol1_20211228_164238_1477393095_600_800.png,21bol1_20211228_164238_1477393095_600_800_mask.png,333423.709
10,3,20,7,254,194,274,201,254,194,274,194,274,201,254,201,text,table_text,table_0,roboto,regular,7.0,21bol1_20211228_164238_1477393095_600_800.png,/scratch/parceirosbr/bigoilict/share/BigOil/document_generator/datasets/documents_2021_12_28/21bol1_20211228_164238_1477393095_600_800.png,21bol1_20211228_164238_1477393095_600_800_mask.png,virtude
10,3,20,7,254,194,274,201,254,194,274,194,274,201,254,201,sub_line_text,table_text,table_0,roboto,regular,7.0,21bol1_20211228_164238_1477393095_600_800.png,/scratch/parceirosbr/bigoilict/share/BigOil/document_generator/datasets/documents_2021_12_28/21bol1_20211228_164238_1477393095_600_800.png,21bol1_20211228_164238_1477393095_600_800_mask.png,virtude
22,3,44,7,230,205,274,212,230,205,274,205,274,212,230,212,text,table_text,table_0,roboto,italic,7.0,21bol1_20211228_164238_1477393095_600_800.png,/scratch/parceirosbr/bigoilict/share/BigOil/document_generator/datasets/documents_2021_12_28/21bol1_20211228_164238_1477393095_600_800.png,21bol1_20211228_164238_1477393095_600_800_mask.png,92949662.660
22,3,44,7,230,205,274,212,230,205,274,205,274,212,230,212,sub_line_text,table_text,table_0,roboto,italic,7.0,21bol1_20211228_164238_1477393095_600_800.png,/scratch/parceirosbr/bigoilict/share/BigOil/document_generator/datasets/documents_2021_12_28/21bol1_20211228_164238_1477393095_600_800.png,21bol1_20211228_164238_1477393095_600_800_mask.png,92949662.660
22,3,44,7,230,216,274,223,230,216,274,216,274,223,230,223,text,table_text,table_0,roboto,italic,7.0,21bol1_20211228_164238_1477393095_600_800.png,/scratch/parceirosbr/bigoilict/share/BigOil/document_generator/datasets/documents_2021_12_28/21bol1_20211228_164238_1477393095_600_800.png,21bol1_20211228_164238_1477393095_600_800_mask.png,30194167.802
22,3,44,7,230,216,274,223,230,216,274,216,274,223,230,223,sub_line_text,table_text,table_0,roboto,italic,7.0,21bol1_20211228_164238_1477393095_600_800.png,/scratch/parceirosbr/bigoilict/share/BigOil/document_generator/datasets/documents_2021_12_28/21bol1_20211228_164238_1477393095_600_800.png,21bol1_20211228_164238_1477393095_600_800_mask.png,30194167.802
22,3,44,7,230,227,274,234,230,227,274,227,274,234,230,234,text,table_text,table_0,roboto,italic,7.0,21bol1_20211228_164238_1477393095_600_800.png,/scratch/parceirosbr/bigoilict/share/BigOil/document_generator/datasets/documents_2021_12_28/21bol1_20211228_164238_1477393095_600_800.png,21bol1_20211228_164238_1477393095_600_800_mask.png,61290328.307
22,3,44,7,230,227,274,234,230,227,274,227,274,234,230,234,sub_line_text,table_text,table_0,roboto,italic,7.0,21bol1_20211228_164238_1477393095_600_800.png,/scratch/parceirosbr/bigoilict/share/BigOil/document_generator/datasets/documents_2021_12_28/21bol1_20211228_164238_1477393095_600_800.png,21bol1_20211228_164238_1477393095_600_800_mask.png,61290328.307
22,3,44,7,230,237,274,244,230,237,274,237,274,244,230,244,text,table_text,table_0,roboto,italic,7.0,21bol1_20211228_164238_1477393095_600_800.png,/scratch/parceirosbr/bigoilict/share/BigOil/document_generator/datasets/documents_2021_12_28/21bol1_20211228_164238_1477393095_600_800.png,21bol1_20211228_164238_1477393095_600_800_mask.png,90740839.099
22,3,44,7,230,237,274,244,230,237,274,237,274,244,230,244,sub_line_text,table_text,table_0,roboto,italic,7.0,21bol1_20211228_164238_1477393095_600_800.png,/scratch/parceirosbr/bigoilict/share/BigOil/document_generator/datasets/documents_2021_12_28/21bol1_20211228_164238_1477393095_600_800.png,21bol1_20211228_164238_1477393095_600_800_mask.png,90740839.099
22,3,44,7,230,248,274,255,230,248,274,248,274,255,230,255,text,table_text,table_0,roboto,italic,7.0,21bol1_20211228_164238_1477393095_600_800.png,/scratch/parceirosbr/bigoilict/share/BigOil/document_generator/datasets/documents_2021_12_28/21bol1_20211228_164238_1477393095_600_800.png,21bol1_20211228_164238_1477393095_600_800_mask.png,45085974.356
22,3,44,7,230,248,274,255,230,248,274,248,274,255,230,255,sub_line_text,table_text,table_0,roboto,italic,7.0,21bol1_20211228_164238_1477393095_600_800.png,/scratch/parceirosbr/bigoilict/share/BigOil/document_generator/datasets/documents_2021_12_28/21bol1_20211228_164238_1477393095_600_800.png,21bol1_20211228_164238_1477393095_600_800_mask.png,45085974.356
22,3,44,7,230,259,274,266,230,259,274,259,274,266,230,266,text,table_text,table_0,roboto,italic,7.0,21bol1_20211228_164238_1477393095_600_800.png,/scratch/parceirosbr/bigoilict/share/BigOil/document_generator/datasets/documents_2021_12_28/21bol1_20211228_164238_1477393095_600_800.png,21bol1_20211228_164238_1477393095_600_800_mask.png,58825283.334
22,3,44,7,230,259,274,266,230,259,274,259,274,266,230,266,sub_line_text,table_text,table_0,roboto,italic,7.0,21bol1_20211228_164238_1477393095_600_800.png,/scratch/parceirosbr/bigoilict/share/BigOil/document_generator/datasets/documents_2021_12_28/21bol1_20211228_164238_1477393095_600_800.png,21bol1_20211228_164238_1477393095_600_800_mask.png,58825283.334
22,3,44,7,230,270,274,277,230,270,274,270,274,277,230,277,text,table_text,table_0,roboto,italic,7.0,21bol1_20211228_164238_1477393095_600_800.png,/scratch/parceirosbr/bigoilict/share/BigOil/document_generator/datasets/documents_2021_12_28/21bol1_20211228_164238_1477393095_600_800.png,21bol1_20211228_164238_1477393095_600_800_mask.png,61504332.789
22,3,44,7,230,270,274,277,230,270,274,270,274,277,230,277,sub_line_text,table_text,table_0,roboto,italic,7.0,21bol1_20211228_164238_1477393095_600_800.png,/scratch/parceirosbr/bigoilict/share/BigOil/document_generator/datasets/documents_2021_12_28/21bol1_20211228_164238_1477393095_600_800.png,21bol1_20211228_164238_1477393095_600_800_mask.png,61504332.789
22,3,44,7,230,280,274,287,230,280,274,280,274,287,230,287,text,table_text,table_0,roboto,italic,7.0,21bol1_20211228_164238_1477393095_600_800.png,/scratch/parceirosbr/bigoilict/share/BigOil/document_generator/datasets/documents_2021_12_28/21bol1_20211228_164238_1477393095_600_800.png,21bol1_20211228_164238_1477393095_600_800_mask.png,20263980.177
22,3,44,7,230,280,274,287,230,280,274,280,274,287,230,287,sub_line_text,table_text,table_0,roboto,italic,7.0,21bol1_20211228_164238_1477393095_600_800.png,/scratch/parceirosbr/bigoilict/share/BigOil/document_generator/datasets/documents_2021_12_28/21bol1_20211228_164238_1477393095_600_800.png,21bol1_20211228_164238_1477393095_600_800_mask.png,20263980.177
22,3,44,7,230,291,274,298,230,291,274,291,274,298,230,298,text,table_text,table_0,roboto,italic,7.0,21bol1_20211228_164238_1477393095_600_800.png,/scratch/parceirosbr/bigoilict/share/BigOil/document_generator/datasets/documents_2021_12_28/21bol1_20211228_164238_1477393095_600_800.png,21bol1_20211228_164238_1477393095_600_800_mask.png,43222456.552
22,3,44,7,230,291,274,298,230,291,274,291,274,298,230,298,sub_line_text,table_text,table_0,roboto,italic,7.0,21bol1_20211228_164238_1477393095_600_800.png,/scratch/parceirosbr/bigoilict/share/BigOil/document_generator/datasets/documents_2021_12_28/21bol1_20211228_164238_1477393095_600_800.png,21bol1_20211228_164238_1477393095_600_800_mask.png,43222456.552
22,3,44,7,230,302,274,309,230,302,274,302,274,309,230,309,text,table_text,table_0,roboto,italic,7.0,21bol1_20211228_164238_1477393095_600_800.png,/scratch/parceirosbr/bigoilict/share/BigOil/document_generator/datasets/documents_2021_12_28/21bol1_20211228_164238_1477393095_600_800.png,21bol1_20211228_164238_1477393095_600_800_mask.png,98276867.781
22,3,44,7,230,302,274,309,230,302,274,302,274,309,230,309,sub_line_text,table_text,table_0,roboto,italic,7.0,21bol1_20211228_164238_1477393095_600_800.png,/scratch/parceirosbr/bigoilict/share/BigOil/document_generator/datasets/documents_2021_12_28/21bol1_20211228_164238_1477393095_600_800.png,21bol1_20211228_164238_1477393095_600_800_mask.png,98276867.781
22,3,44,7,230,312,274,319,230,312,274,312,274,319,230,319,text,table_text,table_0,roboto,italic,7.0,21bol1_20211228_164238_1477393095_600_800.png,/scratch/parceirosbr/bigoilict/share/BigOil/document_generator/datasets/documents_2021_12_28/21bol1_20211228_164238_1477393095_600_800.png,21bol1_20211228_164238_1477393095_600_800_mask.png,65749705.692
22,3,44,7,230,312,274,319,230,312,274,312,274,319,230,319,sub_line_text,table_text,table_0,roboto,italic,7.0,21bol1_20211228_164238_1477393095_600_800.png,/scratch/parceirosbr/bigoilict/share/BigOil/document_generator/datasets/documents_2021_12_28/21bol1_20211228_164238_1477393095_600_800.png,21bol1_20211228_164238_1477393095_600_800_mask.png,65749705.692
22,3,44,7,230,323,274,330,230,323,274,323,274,330,230,330,text,table_text,table_0,roboto,italic,7.0,21bol1_20211228_164238_1477393095_600_800.png,/scratch/parceirosbr/bigoilict/share/BigOil/document_generator/datasets/documents_2021_12_28/21bol1_20211228_164238_1477393095_600_800.png,21bol1_20211228_164238_1477393095_600_800_mask.png,88645426.824
22,3,44,7,230,323,274,330,230,323,274,323,274,330,230,330,sub_line_text,table_text,table_0,roboto,italic,7.0,21bol1_20211228_164238_1477393095_600_800.png,/scratch/parceirosbr/bigoilict/share/BigOil/document_generator/datasets/documents_2021_12_28/21bol1_20211228_164238_1477393095_600_800.png,21bol1_20211228_164238_1477393095_600_800_mask.png,88645426.824
22,3,44,7,230,334,274,341,230,334,274,334,274,341,230,341,text,table_text,table_0,roboto,italic,7.0,21bol1_20211228_164238_1477393095_600_800.png,/scratch/parceirosbr/bigoilict/share/BigOil/document_generator/datasets/documents_2021_12_28/21bol1_20211228_164238_1477393095_600_800.png,21bol1_20211228_164238_1477393095_600_800_mask.png,29997891.997
22,3,44,7,230,334,274,341,230,334,274,334,274,341,230,341,sub_line_text,table_text,table_0,roboto,italic,7.0,21bol1_20211228_164238_1477393095_600_800.png,/scratch/parceirosbr/bigoilict/share/BigOil/document_generator/datasets/documents_2021_12_28/21bol1_20211228_164238_1477393095_600_800.png,21bol1_20211228_164238_1477393095_600_800_mask.png,29997891.997
22,3,44,7,230,345,274,352,230,345,274,345,274,352,230,352,text,table_text,table_0,roboto,italic,7.0,21bol1_20211228_164238_1477393095_600_800.png,/scratch/parceirosbr/bigoilict/share/BigOil/document_generator/datasets/documents_2021_12_28/21bol1_20211228_164238_1477393095_600_800.png,21bol1_20211228_164238_1477393095_600_800_mask.png,70670568.611
22,3,44,7,230,345,274,352,230,345,274,345,274,352,230,352,sub_line_text,table_text,table_0,roboto,italic,7.0,21bol1_20211228_164238_1477393095_600_800.png,/scratch/parceirosbr/bigoilict/share/BigOil/document_generator/datasets/documents_2021_12_28/21bol1_20211228_164238_1477393095_600_800.png,21bol1_20211228_164238_1477393095_600_800_mask.png,70670568.611
22,3,44,7,230,355,274,362,230,355,274,355,274,362,230,362,text,table_text,table_0,roboto,italic,7.0,21bol1_20211228_164238_1477393095_600_800.png,/scratch/parceirosbr/bigoilict/share/BigOil/document_generator/datasets/documents_2021_12_28/21bol1_20211228_164238_1477393095_600_800.png,21bol1_20211228_164238_1477393095_600_800_mask.png,65592115.726
22,3,44,7,230,355,274,362,230,355,274,355,274,362,230,362,sub_line_text,table_text,table_0,roboto,italic,7.0,21bol1_20211228_164238_1477393095_600_800.png,/scratch/parceirosbr/bigoilict/share/BigOil/document_generator/datasets/documents_2021_12_28/21bol1_20211228_164238_1477393095_600_800.png,21bol1_20211228_164238_1477393095_600_800_mask.png,65592115.726
22,3,44,7,230,366,274,373,230,366,274,366,274,373,230,373,text,table_text,table_0,roboto,italic,7.0,21bol1_20211228_164238_1477393095_600_800.png,/scratch/parceirosbr/bigoilict/share/BigOil/document_generator/datasets/documents_2021_12_28/21bol1_20211228_164238_1477393095_600_800.png,21bol1_20211228_164238_1477393095_600_800_mask.png,57721629.703
22,3,44,7,230,366,274,373,230,366,274,366,274,373,230,373,sub_line_text,table_text,table_0,roboto,italic,7.0,21bol1_20211228_164238_1477393095_600_800.png,/scratch/parceirosbr/bigoilict/share/BigOil/document_generator/datasets/documents_2021_12_28/21bol1_20211228_164238_1477393095_600_800.png,21bol1_20211228_164238_1477393095_600_800_mask.png,57721629.703
22,3,44,7,230,377,274,384,230,377,274,377,274,384,230,384,text,table_text,table_0,roboto,bold,7.0,21bol1_20211228_164238_1477393095_600_800.png,/scratch/parceirosbr/bigoilict/share/BigOil/document_generator/datasets/documents_2021_12_28/21bol1_20211228_164238_1477393095_600_800.png,21bol1_20211228_164238_1477393095_600_800_mask.png,30599879.047
22,3,44,7,230,377,274,384,230,377,274,377,274,384,230,384,sub_line_text,table_text,table_0,roboto,bold,7.0,21bol1_20211228_164238_1477393095_600_800.png,/scratch/parceirosbr/bigoilict/share/BigOil/document_generator/datasets/documents_2021_12_28/21bol1_20211228_164238_1477393095_600_800.png,21bol1_20211228_164238_1477393095_600_800_mask.png,30599879.047
12,3,25,7,281,194,306,201,281,194,306,194,306,201,281,201,text,table_text,table_0,roboto,regular,7.0,21bol1_20211228_164238_1477393095_600_800.png,/scratch/parceirosbr/bigoilict/share/BigOil/document_generator/datasets/documents_2021_12_28/21bol1_20211228_164238_1477393095_600_800.png,21bol1_20211228_164238_1477393095_600_800_mask.png,descrito
12,3,25,7,281,194,306,201,281,194,306,194,306,201,281,201,sub_line_text,table_text,table_0,roboto,regular,7.0,21bol1_20211228_164238_1477393095_600_800.png,/scratch/parceirosbr/bigoilict/share/BigOil/document_generator/datasets/documents_2021_12_28/21bol1_20211228_164238_1477393095_600_800.png,21bol1_20211228_164238_1477393095_600_800_mask.png,descrito
8,3,16,7,286,205,302,212,286,205,302,205,302,212,286,212,text,table_text,table_0,roboto,italic,7.0,21bol1_20211228_164238_1477393095_600_800.png,/scratch/parceirosbr/bigoilict/share/BigOil/document_generator/datasets/documents_2021_12_28/21bol1_20211228_164238_1477393095_600_800.png,21bol1_20211228_164238_1477393095_600_800_mask.png,óxido
8,3,16,7,286,205,302,212,286,205,302,205,302,212,286,212,sub_line_text,table_text,table_0,roboto,italic,7.0,21bol1_20211228_164238_1477393095_600_800.png,/scratch/parceirosbr/bigoilict/share/BigOil/document_generator/datasets/documents_2021_12_28/21bol1_20211228_164238_1477393095_600_800.png,21bol1_20211228_164238_1477393095_600_800_mask.png,óxido
7,3,15,7,286,216,301,223,286,216,301,216,301,223,286,223,text,table_text,table_0,roboto,italic,7.0,21bol1_20211228_164238_1477393095_600_800.png,/scratch/parceirosbr/bigoilict/share/BigOil/document_generator/datasets/documents_2021_12_28/21bol1_20211228_164238_1477393095_600_800.png,21bol1_20211228_164238_1477393095_600_800_mask.png,tanto
7,3,15,7,286,216,301,223,286,216,301,216,301,223,286,223,sub_line_text,table_text,table_0,roboto,italic,7.0,21bol1_20211228_164238_1477393095_600_800.png,/scratch/parceirosbr/bigoilict/share/BigOil/document_generator/datasets/documents_2021_12_28/21bol1_20211228_164238_1477393095_600_800.png,21bol1_20211228_164238_1477393095_600_800_mask.png,tanto
7,3,15,7,286,227,301,234,286,227,301,227,301,234,286,234,text,table_text,table_0,roboto,italic,7.0,21bol1_20211228_164238_1477393095_600_800.png,/scratch/parceirosbr/bigoilict/share/BigOil/document_generator/datasets/documents_2021_12_28/21bol1_20211228_164238_1477393095_600_800.png,21bol1_20211228_164238_1477393095_600_800_mask.png,mais
7,3,15,7,286,227,301,234,286,227,301,227,301,234,286,234,sub_line_text,table_text,table_0,roboto,italic,7.0,21bol1_20211228_164238_1477393095_600_800.png,/scratch/parceirosbr/bigoilict/share/BigOil/document_generator/datasets/documents_2021_12_28/21bol1_20211228_164238_1477393095_600_800.png,21bol1_20211228_164238_1477393095_600_800_mask.png,mais
12,3,24,7,282,237,306,244,282,237,306,237,306,244,282,244,text,table_text,table_0,roboto,italic,7.0,21bol1_20211228_164238_1477393095_600_800.png,/scratch/parceirosbr/bigoilict/share/BigOil/document_generator/datasets/documents_2021_12_28/21bol1_20211228_164238_1477393095_600_800.png,21bol1_20211228_164238_1477393095_600_800_mask.png,máxima
12,3,24,7,282,237,306,244,282,237,306,237,306,244,282,244,sub_line_text,table_text,table_0,roboto,italic,7.0,21bol1_20211228_164238_1477393095_600_800.png,/scratch/parceirosbr/bigoilict/share/BigOil/document_generator/datasets/documents_2021_12_28/21bol1_20211228_164238_1477393095_600_800.png,21bol1_20211228_164238_1477393095_600_800_mask.png,máxima
8,3,16,7,286,248,302,255,286,248,302,248,302,255,286,255,text,table_text,table_0,roboto,italic,7.0,21bol1_20211228_164238_1477393095_600_800.png,/scratch/parceirosbr/bigoilict/share/BigOil/document_generator/datasets/documents_2021_12_28/21bol1_20211228_164238_1477393095_600_800.png,21bol1_20211228_164238_1477393095_600_800_mask.png,setor
8,3,16,7,286,248,302,255,286,248,302,248,302,255,286,255,sub_line_text,table_text,table_0,roboto,italic,7.0,21bol1_20211228_164238_1477393095_600_800.png,/scratch/parceirosbr/bigoilict/share/BigOil/document_generator/datasets/documents_2021_12_28/21bol1_20211228_164238_1477393095_600_800.png,21bol1_20211228_164238_1477393095_600_800_mask.png,setor
3,3,7,7,290,259,297,266,290,259,297,259,297,266,290,266,text,table_text,table_0,roboto,italic,7.0,21bol1_20211228_164238_1477393095_600_800.png,/scratch/parceirosbr/bigoilict/share/BigOil/document_generator/datasets/documents_2021_12_28/21bol1_20211228_164238_1477393095_600_800.png,21bol1_20211228_164238_1477393095_600_800_mask.png,as
3,3,7,7,290,259,297,266,290,259,297,259,297,266,290,266,sub_line_text,table_text,table_0,roboto,italic,7.0,21bol1_20211228_164238_1477393095_600_800.png,/scratch/parceirosbr/bigoilict/share/BigOil/document_generator/datasets/documents_2021_12_28/21bol1_20211228_164238_1477393095_600_800.png,21bol1_20211228_164238_1477393095_600_800_mask.png,as
11,3,22,7,282,270,304,277,282,270,304,270,304,277,282,277,text,table_text,table_0,roboto,italic,7.0,21bol1_20211228_164238_1477393095_600_800.png,/scratch/parceirosbr/bigoilict/share/BigOil/document_generator/datasets/documents_2021_12_28/21bol1_20211228_164238_1477393095_600_800.png,21bol1_20211228_164238_1477393095_600_800_mask.png,projeto
11,3,22,7,282,270,304,277,282,270,304,270,304,277,282,277,sub_line_text,table_text,table_0,roboto,italic,7.0,21bol1_20211228_164238_1477393095_600_800.png,/scratch/parceirosbr/bigoilict/share/BigOil/document_generator/datasets/documents_2021_12_28/21bol1_20211228_164238_1477393095_600_800.png,21bol1_20211228_164238_1477393095_600_800_mask.png,projeto
13,3,27,7,280,280,307,287,280,280,307,280,307,287,280,287,text,table_text,table_0,roboto,italic,7.0,21bol1_20211228_164238_1477393095_600_800.png,/scratch/parceirosbr/bigoilict/share/BigOil/document_generator/datasets/documents_2021_12_28/21bol1_20211228_164238_1477393095_600_800.png,21bol1_20211228_164238_1477393095_600_800_mask.png,medidas
13,3,27,7,280,280,307,287,280,280,307,280,307,287,280,287,sub_line_text,table_text,table_0,roboto,italic,7.0,21bol1_20211228_164238_1477393095_600_800.png,/scratch/parceirosbr/bigoilict/share/BigOil/document_generator/datasets/documents_2021_12_28/21bol1_20211228_164238_1477393095_600_800.png,21bol1_20211228_164238_1477393095_600_800_mask.png,medidas
11,3,22,7,282,291,304,298,282,291,304,291,304,298,282,298,text,table_text,table_0,roboto,italic,7.0,21bol1_20211228_164238_1477393095_600_800.png,/scratch/parceirosbr/bigoilict/share/BigOil/document_generator/datasets/documents_2021_12_28/21bol1_20211228_164238_1477393095_600_800.png,21bol1_20211228_164238_1477393095_600_800_mask.png,podem
11,3,22,7,282,291,304,298,282,291,304,291,304,298,282,298,sub_line_text,table_text,table_0,roboto,italic,7.0,21bol1_20211228_164238_1477393095_600_800.png,/scratch/parceirosbr/bigoilict/share/BigOil/document_generator/datasets/documents_2021_12_28/21bol1_20211228_164238_1477393095_600_800.png,21bol1_20211228_164238_1477393095_600_800_mask.png,podem
10,3,20,7,284,302,304,309,284,302,304,302,304,309,284,309,text,table_text,table_0,roboto,italic,7.0,21bol1_20211228_164238_1477393095_600_800.png,/scratch/parceirosbr/bigoilict/share/BigOil/document_generator/datasets/documents_2021_12_28/21bol1_20211228_164238_1477393095_600_800.png,21bol1_20211228_164238_1477393095_600_800_mask.png,virtude
10,3,20,7,284,302,304,309,284,302,304,302,304,309,284,309,sub_line_text,table_text,table_0,roboto,italic,7.0,21bol1_20211228_164238_1477393095_600_800.png,/scratch/parceirosbr/bigoilict/share/BigOil/document_generator/datasets/documents_2021_12_28/21bol1_20211228_164238_1477393095_600_800.png,21bol1_20211228_164238_1477393095_600_800_mask.png,virtude
5,3,10,7,288,312,298,319,288,312,298,312,298,319,288,319,text,table_text,table_0,roboto,italic,7.0,21bol1_20211228_164238_1477393095_600_800.png,/scratch/parceirosbr/bigoilict/share/BigOil/document_generator/datasets/documents_2021_12_28/21bol1_20211228_164238_1477393095_600_800.png,21bol1_20211228_164238_1477393095_600_800_mask.png,ser
5,3,10,7,288,312,298,319,288,312,298,312,298,319,288,319,sub_line_text,table_text,table_0,roboto,italic,7.0,21bol1_20211228_164238_1477393095_600_800.png,/scratch/parceirosbr/bigoilict/share/BigOil/document_generator/datasets/documents_2021_12_28/21bol1_20211228_164238_1477393095_600_800.png,21bol1_20211228_164238_1477393095_600_800_mask.png,ser
11,3,23,7,282,323,305,330,282,323,305,323,305,330,282,330,text,table_text,table_0,roboto,italic,7.0,21bol1_20211228_164238_1477393095_600_800.png,/scratch/parceirosbr/bigoilict/share/BigOil/document_generator/datasets/documents_2021_12_28/21bol1_20211228_164238_1477393095_600_800.png,21bol1_20211228_164238_1477393095_600_800_mask.png,comum
11,3,23,7,282,323,305,330,282,323,305,323,305,330,282,330,sub_line_text,table_text,table_0,roboto,italic,7.0,21bol1_20211228_164238_1477393095_600_800.png,/scratch/parceirosbr/bigoilict/share/BigOil/document_generator/datasets/documents_2021_12_28/21bol1_20211228_164238_1477393095_600_800.png,21bol1_20211228_164238_1477393095_600_800_mask.png,comum
3,3,7,7,290,334,297,341,290,334,297,334,297,341,290,341,text,table_text,table_0,roboto,italic,7.0,21bol1_20211228_164238_1477393095_600_800.png,/scratch/parceirosbr/bigoilict/share/BigOil/document_generator/datasets/documents_2021_12_28/21bol1_20211228_164238_1477393095_600_800.png,21bol1_20211228_164238_1477393095_600_800_mask.png,na
3,3,7,7,290,334,297,341,290,334,297,334,297,341,290,341,sub_line_text,table_text,table_0,roboto,italic,7.0,21bol1_20211228_164238_1477393095_600_800.png,/scratch/parceirosbr/bigoilict/share/BigOil/document_generator/datasets/documents_2021_12_28/21bol1_20211228_164238_1477393095_600_800.png,21bol1_20211228_164238_1477393095_600_800_mask.png,na
6,3,13,7,287,345,300,352,287,345,300,345,300,352,287,352,text,table_text,table_0,roboto,italic,7.0,21bol1_20211228_164238_1477393095_600_800.png,/scratch/parceirosbr/bigoilict/share/BigOil/document_generator/datasets/documents_2021_12_28/21bol1_20211228_164238_1477393095_600_800.png,21bol1_20211228_164238_1477393095_600_800_mask.png,óleo
6,3,13,7,287,345,300,352,287,345,300,345,300,352,287,352,sub_line_text,table_text,table_0,roboto,italic,7.0,21bol1_20211228_164238_1477393095_600_800.png,/scratch/parceirosbr/bigoilict/share/BigOil/document_generator/datasets/documents_2021_12_28/21bol1_20211228_164238_1477393095_600_800.png,21bol1_20211228_164238_1477393095_600_800_mask.png,óleo
8,3,16,7,286,355,302,362,286,355,302,355,302,362,286,362,text,table_text,table_0,roboto,italic,7.0,21bol1_20211228_164238_1477393095_600_800.png,/scratch/parceirosbr/bigoilict/share/BigOil/document_generator/datasets/documents_2021_12_28/21bol1_20211228_164238_1477393095_600_800.png,21bol1_20211228_164238_1477393095_600_800_mask.png,julho
8,3,16,7,286,355,302,362,286,355,302,355,302,362,286,362,sub_line_text,table_text,table_0,roboto,italic,7.0,21bol1_20211228_164238_1477393095_600_800.png,/scratch/parceirosbr/bigoilict/share/BigOil/document_generator/datasets/documents_2021_12_28/21bol1_20211228_164238_1477393095_600_800.png,21bol1_20211228_164238_1477393095_600_800_mask.png,julho
8,3,17,7,285,366,302,373,285,366,302,366,302,373,285,373,text,table_text,table_0,roboto,italic,7.0,21bol1_20211228_164238_1477393095_600_800.png,/scratch/parceirosbr/bigoilict/share/BigOil/document_generator/datasets/documents_2021_12_28/21bol1_20211228_164238_1477393095_600_800.png,21bol1_20211228_164238_1477393095_600_800_mask.png,então
8,3,17,7,285,366,302,373,285,366,302,366,302,373,285,373,sub_line_text,table_text,table_0,roboto,italic,7.0,21bol1_20211228_164238_1477393095_600_800.png,/scratch/parceirosbr/bigoilict/share/BigOil/document_generator/datasets/documents_2021_12_28/21bol1_20211228_164238_1477393095_600_800.png,21bol1_20211228_164238_1477393095_600_800_mask.png,então
8,3,17,7,285,377,302,384,285,377,302,377,302,384,285,384,text,table_text,table_0,roboto,bold,7.0,21bol1_20211228_164238_1477393095_600_800.png,/scratch/parceirosbr/bigoilict/share/BigOil/document_generator/datasets/documents_2021_12_28/21bol1_20211228_164238_1477393095_600_800.png,21bol1_20211228_164238_1477393095_600_800_mask.png,picos
8,3,17,7,285,377,302,384,285,377,302,377,302,384,285,384,sub_line_text,table_text,table_0,roboto,bold,7.0,21bol1_20211228_164238_1477393095_600_800.png,/scratch/parceirosbr/bigoilict/share/BigOil/document_generator/datasets/documents_2021_12_28/21bol1_20211228_164238_1477393095_600_800.png,21bol1_20211228_164238_1477393095_600_800_mask.png,picos
13,3,26,7,388,194,414,201,388,194,414,194,414,201,388,201,text,table_text,table_0,roboto,regular,7.0,21bol1_20211228_164238_1477393095_600_800.png,/scratch/parceirosbr/bigoilict/share/BigOil/document_generator/datasets/documents_2021_12_28/21bol1_20211228_164238_1477393095_600_800.png,21bol1_20211228_164238_1477393095_600_800_mask.png,superior
13,3,26,7,388,194,414,201,388,194,414,194,414,201,388,201,sub_line_text,table_text,table_0,roboto,regular,7.0,21bol1_20211228_164238_1477393095_600_800.png,/scratch/parceirosbr/bigoilict/share/BigOil/document_generator/datasets/documents_2021_12_28/21bol1_20211228_164238_1477393095_600_800.png,21bol1_20211228_164238_1477393095_600_800_mask.png,superior
3,3,7,7,406,205,413,212,406,205,413,205,413,212,406,212,text,table_text,table_0,roboto,italic,7.0,21bol1_20211228_164238_1477393095_600_800.png,/scratch/parceirosbr/bigoilict/share/BigOil/document_generator/datasets/documents_2021_12_28/21bol1_20211228_164238_1477393095_600_800.png,21bol1_20211228_164238_1477393095_600_800_mask.png,67
3,3,7,7,406,205,413,212,406,205,413,205,413,212,406,212,sub_line_text,table_text,table_0,roboto,italic,7.0,21bol1_20211228_164238_1477393095_600_800.png,/scratch/parceirosbr/bigoilict/share/BigOil/document_generator/datasets/documents_2021_12_28/21bol1_20211228_164238_1477393095_600_800.png,21bol1_20211228_164238_1477393095_600_800_mask.png,67
3,3,7,7,406,216,413,223,406,216,413,216,413,223,406,223,text,table_text,table_0,roboto,italic,7.0,21bol1_20211228_164238_1477393095_600_800.png,/scratch/parceirosbr/bigoilict/share/BigOil/document_generator/datasets/documents_2021_12_28/21bol1_20211228_164238_1477393095_600_800.png,21bol1_20211228_164238_1477393095_600_800_mask.png,36
3,3,7,7,406,216,413,223,406,216,413,216,413,223,406,223,sub_line_text,table_text,table_0,roboto,italic,7.0,21bol1_20211228_164238_1477393095_600_800.png,/scratch/parceirosbr/bigoilict/share/BigOil/document_generator/datasets/documents_2021_12_28/21bol1_20211228_164238_1477393095_600_800.png,21bol1_20211228_164238_1477393095_600_800_mask.png,36
3,3,7,7,406,227,413,234,406,227,413,227,413,234,406,234,text,table_text,table_0,roboto,italic,7.0,21bol1_20211228_164238_1477393095_600_800.png,/scratch/parceirosbr/bigoilict/share/BigOil/document_generator/datasets/documents_2021_12_28/21bol1_20211228_164238_1477393095_600_800.png,21bol1_20211228_164238_1477393095_600_800_mask.png,61
3,3,7,7,406,227,413,234,406,227,413,227,413,234,406,234,sub_line_text,table_text,table_0,roboto,italic,7.0,21bol1_20211228_164238_1477393095_600_800.png,/scratch/parceirosbr/bigoilict/share/BigOil/document_generator/datasets/documents_2021_12_28/21bol1_20211228_164238_1477393095_600_800.png,21bol1_20211228_164238_1477393095_600_800_mask.png,61
5,3,11,7,402,237,413,244,402,237,413,237,413,244,402,244,text,table_text,table_0,roboto,italic,7.0,21bol1_20211228_164238_1477393095_600_800.png,/scratch/parceirosbr/bigoilict/share/BigOil/document_generator/datasets/documents_2021_12_28/21bol1_20211228_164238_1477393095_600_800.png,21bol1_20211228_164238_1477393095_600_800_mask.png,773
5,3,11,7,402,237,413,244,402,237,413,237,413,244,402,244,sub_line_text,table_text,table_0,roboto,italic,7.0,21bol1_20211228_164238_1477393095_600_800.png,/scratch/parceirosbr/bigoilict/share/BigOil/document_generator/datasets/documents_2021_12_28/21bol1_20211228_164238_1477393095_600_800.png,21bol1_20211228_164238_1477393095_600_800_mask.png,773
5,3,11,7,402,248,413,255,402,248,413,248,413,255,402,255,text,table_text,table_0,roboto,italic,7.0,21bol1_20211228_164238_1477393095_600_800.png,/scratch/parceirosbr/bigoilict/share/BigOil/document_generator/datasets/documents_2021_12_28/21bol1_20211228_164238_1477393095_600_800.png,21bol1_20211228_164238_1477393095_600_800_mask.png,229
5,3,11,7,402,248,413,255,402,248,413,248,413,255,402,255,sub_line_text,table_text,table_0,roboto,italic,7.0,21bol1_20211228_164238_1477393095_600_800.png,/scratch/parceirosbr/bigoilict/share/BigOil/document_generator/datasets/documents_2021_12_28/21bol1_20211228_164238_1477393095_600_800.png,21bol1_20211228_164238_1477393095_600_800_mask.png,229
5,3,11,7,402,259,413,266,402,259,413,259,413,266,402,266,text,table_text,table_0,roboto,italic,7.0,21bol1_20211228_164238_1477393095_600_800.png,/scratch/parceirosbr/bigoilict/share/BigOil/document_generator/datasets/documents_2021_12_28/21bol1_20211228_164238_1477393095_600_800.png,21bol1_20211228_164238_1477393095_600_800_mask.png,451
5,3,11,7,402,259,413,266,402,259,413,259,413,266,402,266,sub_line_text,table_text,table_0,roboto,italic,7.0,21bol1_20211228_164238_1477393095_600_800.png,/scratch/parceirosbr/bigoilict/share/BigOil/document_generator/datasets/documents_2021_12_28/21bol1_20211228_164238_1477393095_600_800.png,21bol1_20211228_164238_1477393095_600_800_mask.png,451
3,3,7,7,406,270,413,277,406,270,413,270,413,277,406,277,text,table_text,table_0,roboto,italic,7.0,21bol1_20211228_164238_1477393095_600_800.png,/scratch/parceirosbr/bigoilict/share/BigOil/document_generator/datasets/documents_2021_12_28/21bol1_20211228_164238_1477393095_600_800.png,21bol1_20211228_164238_1477393095_600_800_mask.png,38
3,3,7,7,406,270,413,277,406,270,413,270,413,277,406,277,sub_line_text,table_text,table_0,roboto,italic,7.0,21bol1_20211228_164238_1477393095_600_800.png,/scratch/parceirosbr/bigoilict/share/BigOil/document_generator/datasets/documents_2021_12_28/21bol1_20211228_164238_1477393095_600_800.png,21bol1_20211228_164238_1477393095_600_800_mask.png,38
3,3,7,7,406,280,413,287,406,280,413,280,413,287,406,287,text,table_text,table_0,roboto,italic,7.0,21bol1_20211228_164238_1477393095_600_800.png,/scratch/parceirosbr/bigoilict/share/BigOil/document_generator/datasets/documents_2021_12_28/21bol1_20211228_164238_1477393095_600_800.png,21bol1_20211228_164238_1477393095_600_800_mask.png,14
3,3,7,7,406,280,413,287,406,280,413,280,413,287,406,287,sub_line_text,table_text,table_0,roboto,italic,7.0,21bol1_20211228_164238_1477393095_600_800.png,/scratch/parceirosbr/bigoilict/share/BigOil/document_generator/datasets/documents_2021_12_28/21bol1_20211228_164238_1477393095_600_800.png,21bol1_20211228_164238_1477393095_600_800_mask.png,14
5,3,11,7,402,291,413,298,402,291,413,291,413,298,402,298,text,table_text,table_0,roboto,italic,7.0,21bol1_20211228_164238_1477393095_600_800.png,/scratch/parceirosbr/bigoilict/share/BigOil/document_generator/datasets/documents_2021_12_28/21bol1_20211228_164238_1477393095_600_800.png,21bol1_20211228_164238_1477393095_600_800_mask.png,302
5,3,11,7,402,291,413,298,402,291,413,291,413,298,402,298,sub_line_text,table_text,table_0,roboto,italic,7.0,21bol1_20211228_164238_1477393095_600_800.png,/scratch/parceirosbr/bigoilict/share/BigOil/document_generator/datasets/documents_2021_12_28/21bol1_20211228_164238_1477393095_600_800.png,21bol1_20211228_164238_1477393095_600_800_mask.png,302
1,3,3,7,410,302,413,309,410,302,413,302,413,309,410,309,text,table_text,table_0,roboto,italic,7.0,21bol1_20211228_164238_1477393095_600_800.png,/scratch/parceirosbr/bigoilict/share/BigOil/document_generator/datasets/documents_2021_12_28/21bol1_20211228_164238_1477393095_600_800.png,21bol1_20211228_164238_1477393095_600_800_mask.png,2
1,3,3,7,410,302,413,309,410,302,413,302,413,309,410,309,sub_line_text,table_text,table_0,roboto,italic,7.0,21bol1_20211228_164238_1477393095_600_800.png,/scratch/parceirosbr/bigoilict/share/BigOil/document_generator/datasets/documents_2021_12_28/21bol1_20211228_164238_1477393095_600_800.png,21bol1_20211228_164238_1477393095_600_800_mask.png,2
5,3,11,7,402,312,413,319,402,312,413,312,413,319,402,319,text,table_text,table_0,roboto,italic,7.0,21bol1_20211228_164238_1477393095_600_800.png,/scratch/parceirosbr/bigoilict/share/BigOil/document_generator/datasets/documents_2021_12_28/21bol1_20211228_164238_1477393095_600_800.png,21bol1_20211228_164238_1477393095_600_800_mask.png,484
5,3,11,7,402,312,413,319,402,312,413,312,413,319,402,319,sub_line_text,table_text,table_0,roboto,italic,7.0,21bol1_20211228_164238_1477393095_600_800.png,/scratch/parceirosbr/bigoilict/share/BigOil/document_generator/datasets/documents_2021_12_28/21bol1_20211228_164238_1477393095_600_800.png,21bol1_20211228_164238_1477393095_600_800_mask.png,484
5,3,11,7,402,323,413,330,402,323,413,323,413,330,402,330,text,table_text,table_0,roboto,italic,7.0,21bol1_20211228_164238_1477393095_600_800.png,/scratch/parceirosbr/bigoilict/share/BigOil/document_generator/datasets/documents_2021_12_28/21bol1_20211228_164238_1477393095_600_800.png,21bol1_20211228_164238_1477393095_600_800_mask.png,287
5,3,11,7,402,323,413,330,402,323,413,323,413,330,402,330,sub_line_text,table_text,table_0,roboto,italic,7.0,21bol1_20211228_164238_1477393095_600_800.png,/scratch/parceirosbr/bigoilict/share/BigOil/document_generator/datasets/documents_2021_12_28/21bol1_20211228_164238_1477393095_600_800.png,21bol1_20211228_164238_1477393095_600_800_mask.png,287
5,3,11,7,402,334,413,341,402,334,413,334,413,341,402,341,text,table_text,table_0,roboto,italic,7.0,21bol1_20211228_164238_1477393095_600_800.png,/scratch/parceirosbr/bigoilict/share/BigOil/document_generator/datasets/documents_2021_12_28/21bol1_20211228_164238_1477393095_600_800.png,21bol1_20211228_164238_1477393095_600_800_mask.png,216
5,3,11,7,402,334,413,341,402,334,413,334,413,341,402,341,sub_line_text,table_text,table_0,roboto,italic,7.0,21bol1_20211228_164238_1477393095_600_800.png,/scratch/parceirosbr/bigoilict/share/BigOil/document_generator/datasets/documents_2021_12_28/21bol1_20211228_164238_1477393095_600_800.png,21bol1_20211228_164238_1477393095_600_800_mask.png,216
5,3,11,7,402,345,413,352,402,345,413,345,413,352,402,352,text,table_text,table_0,roboto,italic,7.0,21bol1_20211228_164238_1477393095_600_800.png,/scratch/parceirosbr/bigoilict/share/BigOil/document_generator/datasets/documents_2021_12_28/21bol1_20211228_164238_1477393095_600_800.png,21bol1_20211228_164238_1477393095_600_800_mask.png,506
5,3,11,7,402,345,413,352,402,345,413,345,413,352,402,352,sub_line_text,table_text,table_0,roboto,italic,7.0,21bol1_20211228_164238_1477393095_600_800.png,/scratch/parceirosbr/bigoilict/share/BigOil/document_generator/datasets/documents_2021_12_28/21bol1_20211228_164238_1477393095_600_800.png,21bol1_20211228_164238_1477393095_600_800_mask.png,506
5,3,11,7,402,355,413,362,402,355,413,355,413,362,402,362,text,table_text,table_0,roboto,italic,7.0,21bol1_20211228_164238_1477393095_600_800.png,/scratch/parceirosbr/bigoilict/share/BigOil/document_generator/datasets/documents_2021_12_28/21bol1_20211228_164238_1477393095_600_800.png,21bol1_20211228_164238_1477393095_600_800_mask.png,590
5,3,11,7,402,355,413,362,402,355,413,355,413,362,402,362,sub_line_text,table_text,table_0,roboto,italic,7.0,21bol1_20211228_164238_1477393095_600_800.png,/scratch/parceirosbr/bigoilict/share/BigOil/document_generator/datasets/documents_2021_12_28/21bol1_20211228_164238_1477393095_600_800.png,21bol1_20211228_164238_1477393095_600_800_mask.png,590
3,3,7,7,406,366,413,373,406,366,413,366,413,373,406,373,text,table_text,table_0,roboto,italic,7.0,21bol1_20211228_164238_1477393095_600_800.png,/scratch/parceirosbr/bigoilict/share/BigOil/document_generator/datasets/documents_2021_12_28/21bol1_20211228_164238_1477393095_600_800.png,21bol1_20211228_164238_1477393095_600_800_mask.png,95
3,3,7,7,406,366,413,373,406,366,413,366,413,373,406,373,sub_line_text,table_text,table_0,roboto,italic,7.0,21bol1_20211228_164238_1477393095_600_800.png,/scratch/parceirosbr/bigoilict/share/BigOil/document_generator/datasets/documents_2021_12_28/21bol1_20211228_164238_1477393095_600_800.png,21bol1_20211228_164238_1477393095_600_800_mask.png,95
3,3,7,7,406,377,413,384,406,377,413,377,413,384,406,384,text,table_text,table_0,roboto,bold,7.0,21bol1_20211228_164238_1477393095_600_800.png,/scratch/parceirosbr/bigoilict/share/BigOil/document_generator/datasets/documents_2021_12_28/21bol1_20211228_164238_1477393095_600_800.png,21bol1_20211228_164238_1477393095_600_800_mask.png,35
3,3,7,7,406,377,413,384,406,377,413,377,413,384,406,384,sub_line_text,table_text,table_0,roboto,bold,7.0,21bol1_20211228_164238_1477393095_600_800.png,/scratch/parceirosbr/bigoilict/share/BigOil/document_generator/datasets/documents_2021_12_28/21bol1_20211228_164238_1477393095_600_800.png,21bol1_20211228_164238_1477393095_600_800_mask.png,35
7,3,15,7,490,194,505,201,490,194,505,194,505,201,490,201,text,table_text,table_0,roboto,regular,7.0,21bol1_20211228_164238_1477393095_600_800.png,/scratch/parceirosbr/bigoilict/share/BigOil/document_generator/datasets/documents_2021_12_28/21bol1_20211228_164238_1477393095_600_800.png,21bol1_20211228_164238_1477393095_600_800_mask.png,parte
7,3,15,7,490,194,505,201,490,194,505,194,505,201,490,201,sub_line_text,table_text,table_0,roboto,regular,7.0,21bol1_20211228_164238_1477393095_600_800.png,/scratch/parceirosbr/bigoilict/share/BigOil/document_generator/datasets/documents_2021_12_28/21bol1_20211228_164238_1477393095_600_800.png,21bol1_20211228_164238_1477393095_600_800_mask.png,parte
4,3,9,7,496,205,505,212,496,205,505,205,505,212,496,212,text,table_text,table_0,roboto,italic,7.0,21bol1_20211228_164238_1477393095_600_800.png,/scratch/parceirosbr/bigoilict/share/BigOil/document_generator/datasets/documents_2021_12_28/21bol1_20211228_164238_1477393095_600_800.png,21bol1_20211228_164238_1477393095_600_800_mask.png,4.9
4,3,9,7,496,205,505,212,496,205,505,205,505,212,496,212,sub_line_text,table_text,table_0,roboto,italic,7.0,21bol1_20211228_164238_1477393095_600_800.png,/scratch/parceirosbr/bigoilict/share/BigOil/document_generator/datasets/documents_2021_12_28/21bol1_20211228_164238_1477393095_600_800.png,21bol1_20211228_164238_1477393095_600_800_mask.png,4.9
4,3,9,7,496,216,505,223,496,216,505,216,505,223,496,223,text,table_text,table_0,roboto,italic,7.0,21bol1_20211228_164238_1477393095_600_800.png,/scratch/parceirosbr/bigoilict/share/BigOil/document_generator/datasets/documents_2021_12_28/21bol1_20211228_164238_1477393095_600_800.png,21bol1_20211228_164238_1477393095_600_800_mask.png,8.7
4,3,9,7,496,216,505,223,496,216,505,216,505,223,496,223,sub_line_text,table_text,table_0,roboto,italic,7.0,21bol1_20211228_164238_1477393095_600_800.png,/scratch/parceirosbr/bigoilict/share/BigOil/document_generator/datasets/documents_2021_12_28/21bol1_20211228_164238_1477393095_600_800.png,21bol1_20211228_164238_1477393095_600_800_mask.png,8.7
4,3,9,7,496,227,505,234,496,227,505,227,505,234,496,234,text,table_text,table_0,roboto,italic,7.0,21bol1_20211228_164238_1477393095_600_800.png,/scratch/parceirosbr/bigoilict/share/BigOil/document_generator/datasets/documents_2021_12_28/21bol1_20211228_164238_1477393095_600_800.png,21bol1_20211228_164238_1477393095_600_800_mask.png,4.9
4,3,9,7,496,227,505,234,496,227,505,227,505,234,496,234,sub_line_text,table_text,table_0,roboto,italic,7.0,21bol1_20211228_164238_1477393095_600_800.png,/scratch/parceirosbr/bigoilict/share/BigOil/document_generator/datasets/documents_2021_12_28/21bol1_20211228_164238_1477393095_600_800.png,21bol1_20211228_164238_1477393095_600_800_mask.png,4.9
4,3,9,7,496,237,505,244,496,237,505,237,505,244,496,244,text,table_text,table_0,roboto,italic,7.0,21bol1_20211228_164238_1477393095_600_800.png,/scratch/parceirosbr/bigoilict/share/BigOil/document_generator/datasets/documents_2021_12_28/21bol1_20211228_164238_1477393095_600_800.png,21bol1_20211228_164238_1477393095_600_800_mask.png,7.1
4,3,9,7,496,237,505,244,496,237,505,237,505,244,496,244,sub_line_text,table_text,table_0,roboto,italic,7.0,21bol1_20211228_164238_1477393095_600_800.png,/scratch/parceirosbr/bigoilict/share/BigOil/document_generator/datasets/documents_2021_12_28/21bol1_20211228_164238_1477393095_600_800.png,21bol1_20211228_164238_1477393095_600_800_mask.png,7.1
4,3,9,7,496,248,505,255,496,248,505,248,505,255,496,255,text,table_text,table_0,roboto,italic,7.0,21bol1_20211228_164238_1477393095_600_800.png,/scratch/parceirosbr/bigoilict/share/BigOil/document_generator/datasets/documents_2021_12_28/21bol1_20211228_164238_1477393095_600_800.png,21bol1_20211228_164238_1477393095_600_800_mask.png,3.6
4,3,9,7,496,248,505,255,496,248,505,248,505,255,496,255,sub_line_text,table_text,table_0,roboto,italic,7.0,21bol1_20211228_164238_1477393095_600_800.png,/scratch/parceirosbr/bigoilict/share/BigOil/document_generator/datasets/documents_2021_12_28/21bol1_20211228_164238_1477393095_600_800.png,21bol1_20211228_164238_1477393095_600_800_mask.png,3.6
4,3,9,7,496,259,505,266,496,259,505,259,505,266,496,266,text,table_text,table_0,roboto,italic,7.0,21bol1_20211228_164238_1477393095_600_800.png,/scratch/parceirosbr/bigoilict/share/BigOil/document_generator/datasets/documents_2021_12_28/21bol1_20211228_164238_1477393095_600_800.png,21bol1_20211228_164238_1477393095_600_800_mask.png,6.8
4,3,9,7,496,259,505,266,496,259,505,259,505,266,496,266,sub_line_text,table_text,table_0,roboto,italic,7.0,21bol1_20211228_164238_1477393095_600_800.png,/scratch/parceirosbr/bigoilict/share/BigOil/document_generator/datasets/documents_2021_12_28/21bol1_20211228_164238_1477393095_600_800.png,21bol1_20211228_164238_1477393095_600_800_mask.png,6.8
4,3,9,7,496,270,505,277,496,270,505,270,505,277,496,277,text,table_text,table_0,roboto,italic,7.0,21bol1_20211228_164238_1477393095_600_800.png,/scratch/parceirosbr/bigoilict/share/BigOil/document_generator/datasets/documents_2021_12_28/21bol1_20211228_164238_1477393095_600_800.png,21bol1_20211228_164238_1477393095_600_800_mask.png,4.9
4,3,9,7,496,270,505,277,496,270,505,270,505,277,496,277,sub_line_text,table_text,table_0,roboto,italic,7.0,21bol1_20211228_164238_1477393095_600_800.png,/scratch/parceirosbr/bigoilict/share/BigOil/document_generator/datasets/documents_2021_12_28/21bol1_20211228_164238_1477393095_600_800.png,21bol1_20211228_164238_1477393095_600_800_mask.png,4.9
4,3,9,7,496,280,505,287,496,280,505,280,505,287,496,287,text,table_text,table_0,roboto,italic,7.0,21bol1_20211228_164238_1477393095_600_800.png,/scratch/parceirosbr/bigoilict/share/BigOil/document_generator/datasets/documents_2021_12_28/21bol1_20211228_164238_1477393095_600_800.png,21bol1_20211228_164238_1477393095_600_800_mask.png,3.8
4,3,9,7,496,280,505,287,496,280,505,280,505,287,496,287,sub_line_text,table_text,table_0,roboto,italic,7.0,21bol1_20211228_164238_1477393095_600_800.png,/scratch/parceirosbr/bigoilict/share/BigOil/document_generator/datasets/documents_2021_12_28/21bol1_20211228_164238_1477393095_600_800.png,21bol1_20211228_164238_1477393095_600_800_mask.png,3.8
4,3,9,7,496,291,505,298,496,291,505,291,505,298,496,298,text,table_text,table_0,roboto,italic,7.0,21bol1_20211228_164238_1477393095_600_800.png,/scratch/parceirosbr/bigoilict/share/BigOil/document_generator/datasets/documents_2021_12_28/21bol1_20211228_164238_1477393095_600_800.png,21bol1_20211228_164238_1477393095_600_800_mask.png,8.6
4,3,9,7,496,291,505,298,496,291,505,291,505,298,496,298,sub_line_text,table_text,table_0,roboto,italic,7.0,21bol1_20211228_164238_1477393095_600_800.png,/scratch/parceirosbr/bigoilict/share/BigOil/document_generator/datasets/documents_2021_12_28/21bol1_20211228_164238_1477393095_600_800.png,21bol1_20211228_164238_1477393095_600_800_mask.png,8.6
4,3,9,7,496,302,505,309,496,302,505,302,505,309,496,309,text,table_text,table_0,roboto,italic,7.0,21bol1_20211228_164238_1477393095_600_800.png,/scratch/parceirosbr/bigoilict/share/BigOil/document_generator/datasets/documents_2021_12_28/21bol1_20211228_164238_1477393095_600_800.png,21bol1_20211228_164238_1477393095_600_800_mask.png,6.4
4,3,9,7,496,302,505,309,496,302,505,302,505,309,496,309,sub_line_text,table_text,table_0,roboto,italic,7.0,21bol1_20211228_164238_1477393095_600_800.png,/scratch/parceirosbr/bigoilict/share/BigOil/document_generator/datasets/documents_2021_12_28/21bol1_20211228_164238_1477393095_600_800.png,21bol1_20211228_164238_1477393095_600_800_mask.png,6.4
4,3,9,7,496,312,505,319,496,312,505,312,505,319,496,319,text,table_text,table_0,roboto,italic,7.0,21bol1_20211228_164238_1477393095_600_800.png,/scratch/parceirosbr/bigoilict/share/BigOil/document_generator/datasets/documents_2021_12_28/21bol1_20211228_164238_1477393095_600_800.png,21bol1_20211228_164238_1477393095_600_800_mask.png,8.8
4,3,9,7,496,312,505,319,496,312,505,312,505,319,496,319,sub_line_text,table_text,table_0,roboto,italic,7.0,21bol1_20211228_164238_1477393095_600_800.png,/scratch/parceirosbr/bigoilict/share/BigOil/document_generator/datasets/documents_2021_12_28/21bol1_20211228_164238_1477393095_600_800.png,21bol1_20211228_164238_1477393095_600_800_mask.png,8.8
4,3,9,7,496,323,505,330,496,323,505,323,505,330,496,330,text,table_text,table_0,roboto,italic,7.0,21bol1_20211228_164238_1477393095_600_800.png,/scratch/parceirosbr/bigoilict/share/BigOil/document_generator/datasets/documents_2021_12_28/21bol1_20211228_164238_1477393095_600_800.png,21bol1_20211228_164238_1477393095_600_800_mask.png,2.2
4,3,9,7,496,323,505,330,496,323,505,323,505,330,496,330,sub_line_text,table_text,table_0,roboto,italic,7.0,21bol1_20211228_164238_1477393095_600_800.png,/scratch/parceirosbr/bigoilict/share/BigOil/document_generator/datasets/documents_2021_12_28/21bol1_20211228_164238_1477393095_600_800.png,21bol1_20211228_164238_1477393095_600_800_mask.png,2.2
4,3,9,7,496,334,505,341,496,334,505,334,505,341,496,341,text,table_text,table_0,roboto,italic,7.0,21bol1_20211228_164238_1477393095_600_800.png,/scratch/parceirosbr/bigoilict/share/BigOil/document_generator/datasets/documents_2021_12_28/21bol1_20211228_164238_1477393095_600_800.png,21bol1_20211228_164238_1477393095_600_800_mask.png,5.2
4,3,9,7,496,334,505,341,496,334,505,334,505,341,496,341,sub_line_text,table_text,table_0,roboto,italic,7.0,21bol1_20211228_164238_1477393095_600_800.png,/scratch/parceirosbr/bigoilict/share/BigOil/document_generator/datasets/documents_2021_12_28/21bol1_20211228_164238_1477393095_600_800.png,21bol1_20211228_164238_1477393095_600_800_mask.png,5.2
4,3,9,7,496,345,505,352,496,345,505,345,505,352,496,352,text,table_text,table_0,roboto,italic,7.0,21bol1_20211228_164238_1477393095_600_800.png,/scratch/parceirosbr/bigoilict/share/BigOil/document_generator/datasets/documents_2021_12_28/21bol1_20211228_164238_1477393095_600_800.png,21bol1_20211228_164238_1477393095_600_800_mask.png,9.0
4,3,9,7,496,345,505,352,496,345,505,345,505,352,496,352,sub_line_text,table_text,table_0,roboto,italic,7.0,21bol1_20211228_164238_1477393095_600_800.png,/scratch/parceirosbr/bigoilict/share/BigOil/document_generator/datasets/documents_2021_12_28/21bol1_20211228_164238_1477393095_600_800.png,21bol1_20211228_164238_1477393095_600_800_mask.png,9.0
4,3,9,7,496,355,505,362,496,355,505,355,505,362,496,362,text,table_text,table_0,roboto,italic,7.0,21bol1_20211228_164238_1477393095_600_800.png,/scratch/parceirosbr/bigoilict/share/BigOil/document_generator/datasets/documents_2021_12_28/21bol1_20211228_164238_1477393095_600_800.png,21bol1_20211228_164238_1477393095_600_800_mask.png,9.4
4,3,9,7,496,355,505,362,496,355,505,355,505,362,496,362,sub_line_text,table_text,table_0,roboto,italic,7.0,21bol1_20211228_164238_1477393095_600_800.png,/scratch/parceirosbr/bigoilict/share/BigOil/document_generator/datasets/documents_2021_12_28/21bol1_20211228_164238_1477393095_600_800.png,21bol1_20211228_164238_1477393095_600_800_mask.png,9.4
4,3,9,7,496,366,505,373,496,366,505,366,505,373,496,373,text,table_text,table_0,roboto,italic,7.0,21bol1_20211228_164238_1477393095_600_800.png,/scratch/parceirosbr/bigoilict/share/BigOil/document_generator/datasets/documents_2021_12_28/21bol1_20211228_164238_1477393095_600_800.png,21bol1_20211228_164238_1477393095_600_800_mask.png,7.3
4,3,9,7,496,366,505,373,496,366,505,366,505,373,496,373,sub_line_text,table_text,table_0,roboto,italic,7.0,21bol1_20211228_164238_1477393095_600_800.png,/scratch/parceirosbr/bigoilict/share/BigOil/document_generator/datasets/documents_2021_12_28/21bol1_20211228_164238_1477393095_600_800.png,21bol1_20211228_164238_1477393095_600_800_mask.png,7.3
4,3,9,7,496,377,505,384,496,377,505,377,505,384,496,384,text,table_text,table_0,roboto,bold,7.0,21bol1_20211228_164238_1477393095_600_800.png,/scratch/parceirosbr/bigoilict/share/BigOil/document_generator/datasets/documents_2021_12_28/21bol1_20211228_164238_1477393095_600_800.png,21bol1_20211228_164238_1477393095_600_800_mask.png,7.8
4,3,9,7,496,377,505,384,496,377,505,377,505,384,496,384,sub_line_text,table_text,table_0,roboto,bold,7.0,21bol1_20211228_164238_1477393095_600_800.png,/scratch/parceirosbr/bigoilict/share/BigOil/document_generator/datasets/documents_2021_12_28/21bol1_20211228_164238_1477393095_600_800.png,21bol1_20211228_164238_1477393095_600_800_mask.png,7.8
73,3,146,7,150,398,296,405,150,398,296,398,296,405,150,405,sub_line_text,table_legend,table_0,times,regular,6,21bol1_20211228_164238_1477393095_600_800.png,/scratch/parceirosbr/bigoilict/share/BigOil/document_generator/datasets/documents_2021_12_28/21bol1_20211228_164238_1477393095_600_800.png,21bol1_20211228_164238_1477393095_600_800_mask.png,Tab.  30:    Outro  ponto  importante  foi  o aprimoram-
72,3,145,7,150,408,295,415,150,408,295,408,295,415,150,415,sub_line_text,table_legend,table_0,times,regular,6,21bol1_20211228_164238_1477393095_600_800.png,/scratch/parceirosbr/bigoilict/share/BigOil/document_generator/datasets/documents_2021_12_28/21bol1_20211228_164238_1477393095_600_800.png,21bol1_20211228_164238_1477393095_600_800_mask.png,ento  do  intercâmbio  de  informações  entre  os agent-
55,3,110,7,150,418,260,425,150,418,260,418,260,425,150,425,sub_line_text,table_legend,table_0,times,regular,6,21bol1_20211228_164238_1477393095_600_800.png,/scratch/parceirosbr/bigoilict/share/BigOil/document_generator/datasets/documents_2021_12_28/21bol1_20211228_164238_1477393095_600_800.png,21bol1_20211228_164238_1477393095_600_800_mask.png,es atuantes no mercado gasífero brasileiro.
73,13,146,27,150,398,296,425,150,398,296,398,296,425,150,425,text,table_legend,table_0,times,regular,6,21bol1_20211228_164238_1477393095_600_800.png,/scratch/parceirosbr/bigoilict/share/BigOil/document_generator/datasets/documents_2021_12_28/21bol1_20211228_164238_1477393095_600_800.png,21bol1_20211228_164238_1477393095_600_800_mask.png,nan
73,3,146,7,332,398,478,405,332,398,478,398,478,405,332,405,sub_line_text,table_legend,table_0,times,regular,6,21bol1_20211228_164238_1477393095_600_800.png,/scratch/parceirosbr/bigoilict/share/BigOil/document_generator/datasets/documents_2021_12_28/21bol1_20211228_164238_1477393095_600_800.png,21bol1_20211228_164238_1477393095_600_800_mask.png,Tab.   110:    Na  produção  de  vitrocerâmica  também
73,3,146,7,332,408,478,415,332,408,478,408,478,415,332,415,sub_line_text,table_legend,table_0,times,regular,6,21bol1_20211228_164238_1477393095_600_800.png,/scratch/parceirosbr/bigoilict/share/BigOil/document_generator/datasets/documents_2021_12_28/21bol1_20211228_164238_1477393095_600_800.png,21bol1_20211228_164238_1477393095_600_800_mask.png,"tem  se  usado  resíduos,  como  cinzas  volantes  gerad-"
64,3,128,7,332,418,460,425,332,418,460,418,460,425,332,425,sub_line_text,table_legend,table_0,times,regular,6,21bol1_20211228_164238_1477393095_600_800.png,/scratch/parceirosbr/bigoilict/share/BigOil/document_generator/datasets/documents_2021_12_28/21bol1_20211228_164238_1477393095_600_800.png,21bol1_20211228_164238_1477393095_600_800_mask.png,"as a partir do carvão e petróleo, resíduos de incin"
73,13,146,27,332,398,478,425,332,398,478,398,478,425,332,425,text,table_legend,table_0,times,regular,6,21bol1_20211228_164238_1477393095_600_800.png,/scratch/parceirosbr/bigoilict/share/BigOil/document_generator/datasets/documents_2021_12_28/21bol1_20211228_164238_1477393095_600_800.png,21bol1_20211228_164238_1477393095_600_800_mask.png,nan
60,4,120,9,164,100,284,109,164,100,284,100,284,109,164,109,sub_line_text,text,text_0,times,regular,7,21bol1_20211228_164238_1477393095_600_800.png,/scratch/parceirosbr/bigoilict/share/BigOil/document_generator/datasets/documents_2021_12_28/21bol1_20211228_164238_1477393095_600_800.png,21bol1_20211228_164238_1477393095_600_800_mask.png,Works  are  likely  to  require  further cl-
67,4,134,9,150,113,284,122,150,113,284,113,284,122,150,122,sub_line_text,text,text_0,times,regular,7,21bol1_20211228_164238_1477393095_600_800.png,/scratch/parceirosbr/bigoilict/share/BigOil/document_generator/datasets/documents_2021_12_28/21bol1_20211228_164238_1477393095_600_800.png,21bol1_20211228_164238_1477393095_600_800_mask.png,earance  of  vegetation  and  loss  of soil lay-
67,4,134,9,150,126,284,135,150,126,284,126,284,135,150,135,sub_line_text,text,text_0,times,regular,7,21bol1_20211228_164238_1477393095_600_800.png,/scratch/parceirosbr/bigoilict/share/BigOil/document_generator/datasets/documents_2021_12_28/21bol1_20211228_164238_1477393095_600_800.png,21bol1_20211228_164238_1477393095_600_800_mask.png,ers  and  compaction  which  may  have a ne-
61,4,123,9,150,139,273,148,150,139,273,139,273,148,150,148,sub_line_text,text,text_0,times,regular,7,21bol1_20211228_164238_1477393095_600_800.png,/scratch/parceirosbr/bigoilict/share/BigOil/document_generator/datasets/documents_2021_12_28/21bol1_20211228_164238_1477393095_600_800.png,21bol1_20211228_164238_1477393095_600_800_mask.png,gative effect in terms of soil function and.
67,24,134,48,150,100,284,148,150,100,284,100,284,148,150,148,text,text,text_0,times,regular,7,21bol1_20211228_164238_1477393095_600_800.png,/scratch/parceirosbr/bigoilict/share/BigOil/document_generator/datasets/documents_2021_12_28/21bol1_20211228_164238_1477393095_600_800.png,21bol1_20211228_164238_1477393095_600_800_mask.png,nan
69,24,138,48,302,100,440,148,302,100,440,100,440,148,302,148,list,list,list_1,times,times,7,21bol1_20211228_164238_1477393095_600_800.png,/scratch/parceirosbr/bigoilict/share/BigOil/document_generator/datasets/documents_2021_12_28/21bol1_20211228_164238_1477393095_600_800.png,21bol1_20211228_164238_1477393095_600_800_mask.png,
68,4,137,9,302,100,439,109,302,100,439,100,439,109,302,109,sub_line_text,list,list_1,times,regular,7,21bol1_20211228_164238_1477393095_600_800.png,/scratch/parceirosbr/bigoilict/share/BigOil/document_generator/datasets/documents_2021_12_28/21bol1_20211228_164238_1477393095_600_800.png,21bol1_20211228_164238_1477393095_600_800_mask.png,"-  Nocaso das amostras floculadas, um volume"
41,4,83,9,308,113,391,122,308,113,391,113,391,122,308,122,sub_line_text,list,list_1,times,regular,7,21bol1_20211228_164238_1477393095_600_800.png,/scratch/parceirosbr/bigoilict/share/BigOil/document_generator/datasets/documents_2021_12_28/21bol1_20211228_164238_1477393095_600_800.png,21bol1_20211228_164238_1477393095_600_800_mask.png,de 50 mL do sobrenandante
69,4,138,9,302,126,440,135,302,126,440,126,440,135,302,135,sub_line_text,list,list_1,times,regular,7,21bol1_20211228_164238_1477393095_600_800.png,/scratch/parceirosbr/bigoilict/share/BigOil/document_generator/datasets/documents_2021_12_28/21bol1_20211228_164238_1477393095_600_800.png,21bol1_20211228_164238_1477393095_600_800_mask.png,-  O   fenômeno   perda   de   injetividade  está
31,4,62,9,308,139,370,148,308,139,370,139,370,148,308,148,sub_line_text,list,list_1,times,regular,7,21bol1_20211228_164238_1477393095_600_800.png,/scratch/parceirosbr/bigoilict/share/BigOil/document_generator/datasets/documents_2021_12_28/21bol1_20211228_164238_1477393095_600_800.png,21bol1_20211228_164238_1477393095_600_800_mask.png,associado à presença
