center_x,center_y,width,height,xmin,ymin,xmax,ymax,top_left_x,top_left_y,top_right_x,top_right_y,bottom_right_x,bottom_right_y,bottom_left_x,bottom_left_y,label,grouplabel,group,text_font,text_style,size_font,filename,path,filename_mask,content
300,400,600,800,0,0,600,800,0,0,600,0,600,800,0,800,document,,,,,,21bol1_20211228_164238_7780752501_600_800.png,/scratch/parceirosbr/bigoilict/share/BigOil/document_generator/datasets/documents_2021_12_28/21bol1_20211228_164238_7780752501_600_800.png,21bol1_20211228_164238_7780752501_600_800_mask.png,
240,0,480,1,57,719,537,720,57,719,537,719,537,720,57,720,line,line,line,,,,21bol1_20211228_164238_7780752501_600_800.png,/scratch/parceirosbr/bigoilict/share/BigOil/document_generator/datasets/documents_2021_12_28/21bol1_20211228_164238_7780752501_600_800.png,21bol1_20211228_164238_7780752501_600_800_mask.png,nan
6,6,12,12,524,719,536,731,524,719,536,719,536,731,524,731,sub_line_text,numpag,footer_1,opensans,regular,10,21bol1_20211228_164238_7780752501_600_800.png,/scratch/parceirosbr/bigoilict/share/BigOil/document_generator/datasets/documents_2021_12_28/21bol1_20211228_164238_7780752501_600_800.png,21bol1_20211228_164238_7780752501_600_800_mask.png,85
6,6,12,12,524,719,536,731,524,719,536,719,536,731,524,731,text,numpag,footer_1,opensans,regular,10,21bol1_20211228_164238_7780752501_600_800.png,/scratch/parceirosbr/bigoilict/share/BigOil/document_generator/datasets/documents_2021_12_28/21bol1_20211228_164238_7780752501_600_800.png,21bol1_20211228_164238_7780752501_600_800_mask.png,nan
3,6,6,12,515,719,521,731,515,719,521,719,521,731,515,731,sub_line_text,footer,footer_1,opensans,regular,10,21bol1_20211228_164238_7780752501_600_800.png,/scratch/parceirosbr/bigoilict/share/BigOil/document_generator/datasets/documents_2021_12_28/21bol1_20211228_164238_7780752501_600_800.png,21bol1_20211228_164238_7780752501_600_800_mask.png,|
3,6,6,12,515,719,521,731,515,719,521,719,521,731,515,731,text,footer,footer_1,opensans,regular,10,21bol1_20211228_164238_7780752501_600_800.png,/scratch/parceirosbr/bigoilict/share/BigOil/document_generator/datasets/documents_2021_12_28/21bol1_20211228_164238_7780752501_600_800.png,21bol1_20211228_164238_7780752501_600_800_mask.png,nan
14,6,28,12,486,719,514,731,486,719,514,719,514,731,486,731,sub_line_text,footer,footer_1,opensans,regular,10,21bol1_20211228_164238_7780752501_600_800.png,/scratch/parceirosbr/bigoilict/share/BigOil/document_generator/datasets/documents_2021_12_28/21bol1_20211228_164238_7780752501_600_800.png,21bol1_20211228_164238_7780752501_600_800_mask.png,In the
14,6,28,12,486,719,514,731,486,719,514,719,514,731,486,731,text,footer,footer_1,opensans,regular,10,21bol1_20211228_164238_7780752501_600_800.png,/scratch/parceirosbr/bigoilict/share/BigOil/document_generator/datasets/documents_2021_12_28/21bol1_20211228_164238_7780752501_600_800.png,21bol1_20211228_164238_7780752501_600_800_mask.png,nan
146,86,292,173,234,517,526,690,234,517,526,517,526,690,234,690,image,figure_image,figure_0,,,,21bol1_20211228_164238_7780752501_600_800.png,/scratch/parceirosbr/bigoilict/share/BigOil/document_generator/datasets/documents_2021_12_28/21bol1_20211228_164238_7780752501_600_800.png,21bol1_20211228_164238_7780752501_600_800_mask.png,output/gen_img_20211228_164238_2328543656.png
13,2,26,5,487,541,513,546,487,541,513,541,513,546,486,546,text,figure_text,figure_0,,,,21bol1_20211228_164238_7780752501_600_800.png,/scratch/parceirosbr/bigoilict/share/BigOil/document_generator/datasets/documents_2021_12_28/21bol1_20211228_164238_7780752501_600_800.png,21bol1_20211228_164238_7780752501_600_800_mask.png,-9437.41
13,2,26,5,487,541,513,546,487,541,513,541,513,546,486,546,sub_line_text,figure_text,figure_0,,,,21bol1_20211228_164238_7780752501_600_800.png,/scratch/parceirosbr/bigoilict/share/BigOil/document_generator/datasets/documents_2021_12_28/21bol1_20211228_164238_7780752501_600_800.png,21bol1_20211228_164238_7780752501_600_800_mask.png,-9437.41
16,2,33,5,237,662,270,667,237,662,269,662,270,667,237,667,text,figure_text,figure_0,,,,21bol1_20211228_164238_7780752501_600_800.png,/scratch/parceirosbr/bigoilict/share/BigOil/document_generator/datasets/documents_2021_12_28/21bol1_20211228_164238_7780752501_600_800.png,21bol1_20211228_164238_7780752501_600_800_mask.png,North East
16,2,33,5,237,662,270,667,237,662,269,662,270,667,237,667,sub_line_text,figure_text,figure_0,,,,21bol1_20211228_164238_7780752501_600_800.png,/scratch/parceirosbr/bigoilict/share/BigOil/document_generator/datasets/documents_2021_12_28/21bol1_20211228_164238_7780752501_600_800.png,21bol1_20211228_164238_7780752501_600_800_mask.png,North East
19,4,39,8,363,652,402,660,363,655,402,652,402,658,363,660,text,figure_text,figure_0,,,,21bol1_20211228_164238_7780752501_600_800.png,/scratch/parceirosbr/bigoilict/share/BigOil/document_generator/datasets/documents_2021_12_28/21bol1_20211228_164238_7780752501_600_800.png,21bol1_20211228_164238_7780752501_600_800_mask.png,Services [N]
19,4,39,8,363,652,402,660,363,655,402,652,402,658,363,660,sub_line_text,figure_text,figure_0,,,,21bol1_20211228_164238_7780752501_600_800.png,/scratch/parceirosbr/bigoilict/share/BigOil/document_generator/datasets/documents_2021_12_28/21bol1_20211228_164238_7780752501_600_800.png,21bol1_20211228_164238_7780752501_600_800_mask.png,Services [N]
11,1,23,3,382,601,405,604,382,600,405,601,405,606,382,604,text,figure_text,figure_0,,,,21bol1_20211228_164238_7780752501_600_800.png,/scratch/parceirosbr/bigoilict/share/BigOil/document_generator/datasets/documents_2021_12_28/21bol1_20211228_164238_7780752501_600_800.png,21bol1_20211228_164238_7780752501_600_800_mask.png,-3717.1
11,1,23,3,382,601,405,604,382,600,405,601,405,606,382,604,sub_line_text,figure_text,figure_0,,,,21bol1_20211228_164238_7780752501_600_800.png,/scratch/parceirosbr/bigoilict/share/BigOil/document_generator/datasets/documents_2021_12_28/21bol1_20211228_164238_7780752501_600_800.png,21bol1_20211228_164238_7780752501_600_800_mask.png,-3717.1
11,2,23,5,405,607,428,612,405,607,428,607,428,612,405,612,text,figure_text,figure_0,,,,21bol1_20211228_164238_7780752501_600_800.png,/scratch/parceirosbr/bigoilict/share/BigOil/document_generator/datasets/documents_2021_12_28/21bol1_20211228_164238_7780752501_600_800.png,21bol1_20211228_164238_7780752501_600_800_mask.png,-2249.3
11,2,23,5,405,607,428,612,405,607,428,607,428,612,405,612,sub_line_text,figure_text,figure_0,,,,21bol1_20211228_164238_7780752501_600_800.png,/scratch/parceirosbr/bigoilict/share/BigOil/document_generator/datasets/documents_2021_12_28/21bol1_20211228_164238_7780752501_600_800.png,21bol1_20211228_164238_7780752501_600_800_mask.png,-2249.3
11,1,23,3,388,581,411,584,388,580,411,581,411,586,388,584,text,figure_text,figure_0,,,,21bol1_20211228_164238_7780752501_600_800.png,/scratch/parceirosbr/bigoilict/share/BigOil/document_generator/datasets/documents_2021_12_28/21bol1_20211228_164238_7780752501_600_800.png,21bol1_20211228_164238_7780752501_600_800_mask.png,-8778.5
11,1,23,3,388,581,411,584,388,580,411,581,411,586,388,584,sub_line_text,figure_text,figure_0,,,,21bol1_20211228_164238_7780752501_600_800.png,/scratch/parceirosbr/bigoilict/share/BigOil/document_generator/datasets/documents_2021_12_28/21bol1_20211228_164238_7780752501_600_800.png,21bol1_20211228_164238_7780752501_600_800_mask.png,-8778.5
13,2,27,5,494,617,521,622,494,617,520,617,521,622,494,622,text,figure_text,figure_0,,,,21bol1_20211228_164238_7780752501_600_800.png,/scratch/parceirosbr/bigoilict/share/BigOil/document_generator/datasets/documents_2021_12_28/21bol1_20211228_164238_7780752501_600_800.png,21bol1_20211228_164238_7780752501_600_800_mask.png,-4619.85
13,2,27,5,494,617,521,622,494,617,520,617,521,622,494,622,sub_line_text,figure_text,figure_0,,,,21bol1_20211228_164238_7780752501_600_800.png,/scratch/parceirosbr/bigoilict/share/BigOil/document_generator/datasets/documents_2021_12_28/21bol1_20211228_164238_7780752501_600_800.png,21bol1_20211228_164238_7780752501_600_800_mask.png,-4619.85
15,2,30,4,375,587,405,591,375,586,405,587,405,592,375,591,text,figure_text,figure_0,,,,21bol1_20211228_164238_7780752501_600_800.png,/scratch/parceirosbr/bigoilict/share/BigOil/document_generator/datasets/documents_2021_12_28/21bol1_20211228_164238_7780752501_600_800.png,21bol1_20211228_164238_7780752501_600_800_mask.png,-3175.940
15,2,30,4,375,587,405,591,375,586,405,587,405,592,375,591,sub_line_text,figure_text,figure_0,,,,21bol1_20211228_164238_7780752501_600_800.png,/scratch/parceirosbr/bigoilict/share/BigOil/document_generator/datasets/documents_2021_12_28/21bol1_20211228_164238_7780752501_600_800.png,21bol1_20211228_164238_7780752501_600_800_mask.png,-3175.940
10,2,20,5,359,626,379,631,359,627,379,626,379,631,359,631,text,figure_text,figure_0,,,,21bol1_20211228_164238_7780752501_600_800.png,/scratch/parceirosbr/bigoilict/share/BigOil/document_generator/datasets/documents_2021_12_28/21bol1_20211228_164238_7780752501_600_800.png,21bol1_20211228_164238_7780752501_600_800_mask.png,-6238%
10,2,20,5,359,626,379,631,359,627,379,626,379,631,359,631,sub_line_text,figure_text,figure_0,,,,21bol1_20211228_164238_7780752501_600_800.png,/scratch/parceirosbr/bigoilict/share/BigOil/document_generator/datasets/documents_2021_12_28/21bol1_20211228_164238_7780752501_600_800.png,21bol1_20211228_164238_7780752501_600_800_mask.png,-6238%
13,3,27,6,427,531,454,537,427,533,453,531,454,536,427,537,text,figure_text,figure_0,,,,21bol1_20211228_164238_7780752501_600_800.png,/scratch/parceirosbr/bigoilict/share/BigOil/document_generator/datasets/documents_2021_12_28/21bol1_20211228_164238_7780752501_600_800.png,21bol1_20211228_164238_7780752501_600_800_mask.png,-4832.9%
13,3,27,6,427,531,454,537,427,533,453,531,454,536,427,537,sub_line_text,figure_text,figure_0,,,,21bol1_20211228_164238_7780752501_600_800.png,/scratch/parceirosbr/bigoilict/share/BigOil/document_generator/datasets/documents_2021_12_28/21bol1_20211228_164238_7780752501_600_800.png,21bol1_20211228_164238_7780752501_600_800_mask.png,-4832.9%
6,2,13,5,377,552,390,557,377,552,390,552,390,557,377,557,text,figure_text,figure_0,,,,21bol1_20211228_164238_7780752501_600_800.png,/scratch/parceirosbr/bigoilict/share/BigOil/document_generator/datasets/documents_2021_12_28/21bol1_20211228_164238_7780752501_600_800.png,21bol1_20211228_164238_7780752501_600_800_mask.png,Rate
6,2,13,5,377,552,390,557,377,552,390,552,390,557,377,557,sub_line_text,figure_text,figure_0,,,,21bol1_20211228_164238_7780752501_600_800.png,/scratch/parceirosbr/bigoilict/share/BigOil/document_generator/datasets/documents_2021_12_28/21bol1_20211228_164238_7780752501_600_800.png,21bol1_20211228_164238_7780752501_600_800_mask.png,Rate
10,2,20,4,469,610,489,614,469,609,489,610,489,614,469,614,text,figure_text,figure_0,,,,21bol1_20211228_164238_7780752501_600_800.png,/scratch/parceirosbr/bigoilict/share/BigOil/document_generator/datasets/documents_2021_12_28/21bol1_20211228_164238_7780752501_600_800.png,21bol1_20211228_164238_7780752501_600_800_mask.png,-9555%
10,2,20,4,469,610,489,614,469,609,489,610,489,614,469,614,sub_line_text,figure_text,figure_0,,,,21bol1_20211228_164238_7780752501_600_800.png,/scratch/parceirosbr/bigoilict/share/BigOil/document_generator/datasets/documents_2021_12_28/21bol1_20211228_164238_7780752501_600_800.png,21bol1_20211228_164238_7780752501_600_800_mask.png,-9555%
9,2,19,5,480,635,499,640,480,636,499,635,499,639,480,640,text,figure_text,figure_0,,,,21bol1_20211228_164238_7780752501_600_800.png,/scratch/parceirosbr/bigoilict/share/BigOil/document_generator/datasets/documents_2021_12_28/21bol1_20211228_164238_7780752501_600_800.png,21bol1_20211228_164238_7780752501_600_800_mask.png,-4490%
9,2,19,5,480,635,499,640,480,636,499,635,499,639,480,640,sub_line_text,figure_text,figure_0,,,,21bol1_20211228_164238_7780752501_600_800.png,/scratch/parceirosbr/bigoilict/share/BigOil/document_generator/datasets/documents_2021_12_28/21bol1_20211228_164238_7780752501_600_800.png,21bol1_20211228_164238_7780752501_600_800_mask.png,-4490%
11,3,23,6,464,530,487,536,464,531,486,530,487,535,464,536,text,figure_text,figure_0,,,,21bol1_20211228_164238_7780752501_600_800.png,/scratch/parceirosbr/bigoilict/share/BigOil/document_generator/datasets/documents_2021_12_28/21bol1_20211228_164238_7780752501_600_800.png,21bol1_20211228_164238_7780752501_600_800_mask.png,-9690.6
11,3,23,6,464,530,487,536,464,531,486,530,487,535,464,536,sub_line_text,figure_text,figure_0,,,,21bol1_20211228_164238_7780752501_600_800.png,/scratch/parceirosbr/bigoilict/share/BigOil/document_generator/datasets/documents_2021_12_28/21bol1_20211228_164238_7780752501_600_800.png,21bol1_20211228_164238_7780752501_600_800_mask.png,-9690.6
14,3,29,6,257,608,286,614,257,608,286,608,286,614,256,614,text,figure_text,figure_0,,,,21bol1_20211228_164238_7780752501_600_800.png,/scratch/parceirosbr/bigoilict/share/BigOil/document_generator/datasets/documents_2021_12_28/21bol1_20211228_164238_7780752501_600_800.png,21bol1_20211228_164238_7780752501_600_800_mask.png,Water [L]
14,3,29,6,257,608,286,614,257,608,286,608,286,614,256,614,sub_line_text,figure_text,figure_0,,,,21bol1_20211228_164238_7780752501_600_800.png,/scratch/parceirosbr/bigoilict/share/BigOil/document_generator/datasets/documents_2021_12_28/21bol1_20211228_164238_7780752501_600_800.png,21bol1_20211228_164238_7780752501_600_800_mask.png,Water [L]
16,2,32,5,319,591,351,596,319,591,351,591,351,597,318,596,text,figure_text,figure_0,,,,21bol1_20211228_164238_7780752501_600_800.png,/scratch/parceirosbr/bigoilict/share/BigOil/document_generator/datasets/documents_2021_12_28/21bol1_20211228_164238_7780752501_600_800.png,21bol1_20211228_164238_7780752501_600_800_mask.png,Volume [l]
16,2,32,5,319,591,351,596,319,591,351,591,351,597,318,596,sub_line_text,figure_text,figure_0,,,,21bol1_20211228_164238_7780752501_600_800.png,/scratch/parceirosbr/bigoilict/share/BigOil/document_generator/datasets/documents_2021_12_28/21bol1_20211228_164238_7780752501_600_800.png,21bol1_20211228_164238_7780752501_600_800_mask.png,Volume [l]
8,2,16,4,273,570,289,574,273,570,289,570,289,574,273,574,text,figure_text,figure_0,,,,21bol1_20211228_164238_7780752501_600_800.png,/scratch/parceirosbr/bigoilict/share/BigOil/document_generator/datasets/documents_2021_12_28/21bol1_20211228_164238_7780752501_600_800.png,21bol1_20211228_164238_7780752501_600_800_mask.png,Start
8,2,16,4,273,570,289,574,273,570,289,570,289,574,273,574,sub_line_text,figure_text,figure_0,,,,21bol1_20211228_164238_7780752501_600_800.png,/scratch/parceirosbr/bigoilict/share/BigOil/document_generator/datasets/documents_2021_12_28/21bol1_20211228_164238_7780752501_600_800.png,21bol1_20211228_164238_7780752501_600_800_mask.png,Start
26,2,52,4,444,561,496,565,444,560,496,561,496,567,444,565,text,figure_text,figure_0,,,,21bol1_20211228_164238_7780752501_600_800.png,/scratch/parceirosbr/bigoilict/share/BigOil/document_generator/datasets/documents_2021_12_28/21bol1_20211228_164238_7780752501_600_800.png,21bol1_20211228_164238_7780752501_600_800_mask.png,Consumption (TB)
26,2,52,4,444,561,496,565,444,560,496,561,496,567,444,565,sub_line_text,figure_text,figure_0,,,,21bol1_20211228_164238_7780752501_600_800.png,/scratch/parceirosbr/bigoilict/share/BigOil/document_generator/datasets/documents_2021_12_28/21bol1_20211228_164238_7780752501_600_800.png,21bol1_20211228_164238_7780752501_600_800_mask.png,Consumption (TB)
14,2,29,4,469,658,498,662,469,657,498,658,498,663,469,662,text,figure_text,figure_0,,,,21bol1_20211228_164238_7780752501_600_800.png,/scratch/parceirosbr/bigoilict/share/BigOil/document_generator/datasets/documents_2021_12_28/21bol1_20211228_164238_7780752501_600_800.png,21bol1_20211228_164238_7780752501_600_800_mask.png,Power (F)
14,2,29,4,469,658,498,662,469,657,498,658,498,663,469,662,sub_line_text,figure_text,figure_0,,,,21bol1_20211228_164238_7780752501_600_800.png,/scratch/parceirosbr/bigoilict/share/BigOil/document_generator/datasets/documents_2021_12_28/21bol1_20211228_164238_7780752501_600_800.png,21bol1_20211228_164238_7780752501_600_800_mask.png,Power (F)
18,3,36,6,410,636,446,642,410,637,446,636,446,642,410,642,text,figure_text,figure_0,,,,21bol1_20211228_164238_7780752501_600_800.png,/scratch/parceirosbr/bigoilict/share/BigOil/document_generator/datasets/documents_2021_12_28/21bol1_20211228_164238_7780752501_600_800.png,21bol1_20211228_164238_7780752501_600_800_mask.png,Probability
18,3,36,6,410,636,446,642,410,637,446,636,446,642,410,642,sub_line_text,figure_text,figure_0,,,,21bol1_20211228_164238_7780752501_600_800.png,/scratch/parceirosbr/bigoilict/share/BigOil/document_generator/datasets/documents_2021_12_28/21bol1_20211228_164238_7780752501_600_800.png,21bol1_20211228_164238_7780752501_600_800_mask.png,Probability
15,3,30,6,389,660,419,666,389,661,419,660,419,666,389,666,text,figure_text,figure_0,,,,21bol1_20211228_164238_7780752501_600_800.png,/scratch/parceirosbr/bigoilict/share/BigOil/document_generator/datasets/documents_2021_12_28/21bol1_20211228_164238_7780752501_600_800.png,21bol1_20211228_164238_7780752501_600_800_mask.png,Water (L)
15,3,30,6,389,660,419,666,389,661,419,660,419,666,389,666,sub_line_text,figure_text,figure_0,,,,21bol1_20211228_164238_7780752501_600_800.png,/scratch/parceirosbr/bigoilict/share/BigOil/document_generator/datasets/documents_2021_12_28/21bol1_20211228_164238_7780752501_600_800.png,21bol1_20211228_164238_7780752501_600_800_mask.png,Water (L)
13,3,27,6,359,638,386,644,359,639,385,638,386,643,359,644,text,figure_text,figure_0,,,,21bol1_20211228_164238_7780752501_600_800.png,/scratch/parceirosbr/bigoilict/share/BigOil/document_generator/datasets/documents_2021_12_28/21bol1_20211228_164238_7780752501_600_800.png,21bol1_20211228_164238_7780752501_600_800_mask.png,-4123.37
13,3,27,6,359,638,386,644,359,639,385,638,386,643,359,644,sub_line_text,figure_text,figure_0,,,,21bol1_20211228_164238_7780752501_600_800.png,/scratch/parceirosbr/bigoilict/share/BigOil/document_generator/datasets/documents_2021_12_28/21bol1_20211228_164238_7780752501_600_800.png,21bol1_20211228_164238_7780752501_600_800_mask.png,-4123.37
11,2,22,4,237,599,259,603,237,599,259,599,259,604,236,603,text,figure_text,figure_0,,,,21bol1_20211228_164238_7780752501_600_800.png,/scratch/parceirosbr/bigoilict/share/BigOil/document_generator/datasets/documents_2021_12_28/21bol1_20211228_164238_7780752501_600_800.png,21bol1_20211228_164238_7780752501_600_800_mask.png,-7355.6
11,2,22,4,237,599,259,603,237,599,259,599,259,604,236,603,sub_line_text,figure_text,figure_0,,,,21bol1_20211228_164238_7780752501_600_800.png,/scratch/parceirosbr/bigoilict/share/BigOil/document_generator/datasets/documents_2021_12_28/21bol1_20211228_164238_7780752501_600_800.png,21bol1_20211228_164238_7780752501_600_800_mask.png,-7355.6
10,2,20,5,315,575,335,580,315,576,334,575,335,580,315,580,text,figure_text,figure_0,,,,21bol1_20211228_164238_7780752501_600_800.png,/scratch/parceirosbr/bigoilict/share/BigOil/document_generator/datasets/documents_2021_12_28/21bol1_20211228_164238_7780752501_600_800.png,21bol1_20211228_164238_7780752501_600_800_mask.png,808.6%
10,2,20,5,315,575,335,580,315,576,334,575,335,580,315,580,sub_line_text,figure_text,figure_0,,,,21bol1_20211228_164238_7780752501_600_800.png,/scratch/parceirosbr/bigoilict/share/BigOil/document_generator/datasets/documents_2021_12_28/21bol1_20211228_164238_7780752501_600_800.png,21bol1_20211228_164238_7780752501_600_800_mask.png,808.6%
60,6,120,12,64,517,184,529,64,517,184,517,184,529,64,529,sub_line_text,figure_legend,figure_0,opensans,italic,9,21bol1_20211228_164238_7780752501_600_800.png,/scratch/parceirosbr/bigoilict/share/BigOil/document_generator/datasets/documents_2021_12_28/21bol1_20211228_164238_7780752501_600_800.png,21bol1_20211228_164238_7780752501_600_800_mask.png,"Figure   10:     Finally,  thanks  to"
60,6,120,12,64,536,184,548,64,536,184,536,184,548,64,548,sub_line_text,figure_legend,figure_0,opensans,italic,9,21bol1_20211228_164238_7780752501_600_800.png,/scratch/parceirosbr/bigoilict/share/BigOil/document_generator/datasets/documents_2021_12_28/21bol1_20211228_164238_7780752501_600_800.png,21bol1_20211228_164238_7780752501_600_800_mask.png,all   those  who  somehow  were
52,6,104,12,64,555,168,567,64,555,168,555,168,567,64,567,sub_line_text,figure_legend,figure_0,opensans,italic,9,21bol1_20211228_164238_7780752501_600_800.png,/scratch/parceirosbr/bigoilict/share/BigOil/document_generator/datasets/documents_2021_12_28/21bol1_20211228_164238_7780752501_600_800.png,21bol1_20211228_164238_7780752501_600_800_mask.png,on my side and cheered for
60,25,120,50,64,517,184,567,64,517,184,517,184,567,64,567,text,figure_legend,figure_0,opensans,italic,9,21bol1_20211228_164238_7780752501_600_800.png,/scratch/parceirosbr/bigoilict/share/BigOil/document_generator/datasets/documents_2021_12_28/21bol1_20211228_164238_7780752501_600_800.png,21bol1_20211228_164238_7780752501_600_800_mask.png,nan
60,6,121,12,64,584,185,596,64,584,185,584,185,596,64,596,sub_line_text,figure_legend,figure_0,opensans,italic,9,21bol1_20211228_164238_7780752501_600_800.png,/scratch/parceirosbr/bigoilict/share/BigOil/document_generator/datasets/documents_2021_12_28/21bol1_20211228_164238_7780752501_600_800.png,21bol1_20211228_164238_7780752501_600_800_mask.png,Figure   72:      simulation   of  g-
60,6,121,12,64,603,185,615,64,603,185,603,185,615,64,615,sub_line_text,figure_legend,figure_0,opensans,italic,9,21bol1_20211228_164238_7780752501_600_800.png,/scratch/parceirosbr/bigoilict/share/BigOil/document_generator/datasets/documents_2021_12_28/21bol1_20211228_164238_7780752501_600_800.png,21bol1_20211228_164238_7780752501_600_800_mask.png,round    heat    exchanger    with
53,6,106,12,64,622,170,634,64,622,170,622,170,634,64,634,sub_line_text,figure_legend,figure_0,opensans,italic,9,21bol1_20211228_164238_7780752501_600_800.png,/scratch/parceirosbr/bigoilict/share/BigOil/document_generator/datasets/documents_2021_12_28/21bol1_20211228_164238_7780752501_600_800.png,21bol1_20211228_164238_7780752501_600_800_mask.png,"an improved v46, 92-99, 20"
60,25,121,50,64,584,185,634,64,584,185,584,185,634,64,634,text,figure_legend,figure_0,opensans,italic,9,21bol1_20211228_164238_7780752501_600_800.png,/scratch/parceirosbr/bigoilict/share/BigOil/document_generator/datasets/documents_2021_12_28/21bol1_20211228_164238_7780752501_600_800.png,21bol1_20211228_164238_7780752501_600_800_mask.png,nan
140,127,280,254,240,238,520,492,240,238,520,238,520,492,240,492,table,table_image,table_0,,,,21bol1_20211228_164238_7780752501_600_800.png,/scratch/parceirosbr/bigoilict/share/BigOil/document_generator/datasets/documents_2021_12_28/21bol1_20211228_164238_7780752501_600_800.png,21bol1_20211228_164238_7780752501_600_800_mask.png,output/gen_tab_20211228_164242_7719615147.png
23,5,46,10,300,241,346,251,300,241,346,241,346,251,300,251,text,table_text,table_0,courier,italic,10.0,21bol1_20211228_164238_7780752501_600_800.png,/scratch/parceirosbr/bigoilict/share/BigOil/document_generator/datasets/documents_2021_12_28/21bol1_20211228_164238_7780752501_600_800.png,21bol1_20211228_164238_7780752501_600_800_mask.png,distinto
23,5,46,10,300,241,346,251,300,241,346,241,346,251,300,251,sub_line_text,table_text,table_0,courier,italic,10.0,21bol1_20211228_164238_7780752501_600_800.png,/scratch/parceirosbr/bigoilict/share/BigOil/document_generator/datasets/documents_2021_12_28/21bol1_20211228_164238_7780752501_600_800.png,21bol1_20211228_164238_7780752501_600_800_mask.png,distinto
48,5,97,10,248,255,345,265,248,255,345,255,345,265,248,265,text,table_text,table_0,courier,bold,10.0,21bol1_20211228_164238_7780752501_600_800.png,/scratch/parceirosbr/bigoilict/share/BigOil/document_generator/datasets/documents_2021_12_28/21bol1_20211228_164238_7780752501_600_800.png,21bol1_20211228_164238_7780752501_600_800_mask.png,80558772756341.74
48,5,97,10,248,255,345,265,248,255,345,255,345,265,248,265,sub_line_text,table_text,table_0,courier,bold,10.0,21bol1_20211228_164238_7780752501_600_800.png,/scratch/parceirosbr/bigoilict/share/BigOil/document_generator/datasets/documents_2021_12_28/21bol1_20211228_164238_7780752501_600_800.png,21bol1_20211228_164238_7780752501_600_800_mask.png,80558772756341.74
48,5,97,10,248,268,345,278,248,268,345,268,345,278,248,278,text,table_text,table_0,courier,bold,10.0,21bol1_20211228_164238_7780752501_600_800.png,/scratch/parceirosbr/bigoilict/share/BigOil/document_generator/datasets/documents_2021_12_28/21bol1_20211228_164238_7780752501_600_800.png,21bol1_20211228_164238_7780752501_600_800_mask.png,73093430639357.46
48,5,97,10,248,268,345,278,248,268,345,268,345,278,248,278,sub_line_text,table_text,table_0,courier,bold,10.0,21bol1_20211228_164238_7780752501_600_800.png,/scratch/parceirosbr/bigoilict/share/BigOil/document_generator/datasets/documents_2021_12_28/21bol1_20211228_164238_7780752501_600_800.png,21bol1_20211228_164238_7780752501_600_800_mask.png,73093430639357.46
48,5,97,10,248,282,345,292,248,282,345,282,345,292,248,292,text,table_text,table_0,courier,bold,10.0,21bol1_20211228_164238_7780752501_600_800.png,/scratch/parceirosbr/bigoilict/share/BigOil/document_generator/datasets/documents_2021_12_28/21bol1_20211228_164238_7780752501_600_800.png,21bol1_20211228_164238_7780752501_600_800_mask.png,46680382197176.27
48,5,97,10,248,282,345,292,248,282,345,282,345,292,248,292,sub_line_text,table_text,table_0,courier,bold,10.0,21bol1_20211228_164238_7780752501_600_800.png,/scratch/parceirosbr/bigoilict/share/BigOil/document_generator/datasets/documents_2021_12_28/21bol1_20211228_164238_7780752501_600_800.png,21bol1_20211228_164238_7780752501_600_800_mask.png,46680382197176.27
48,5,97,10,248,295,345,305,248,295,345,295,345,305,248,305,text,table_text,table_0,courier,bold,10.0,21bol1_20211228_164238_7780752501_600_800.png,/scratch/parceirosbr/bigoilict/share/BigOil/document_generator/datasets/documents_2021_12_28/21bol1_20211228_164238_7780752501_600_800.png,21bol1_20211228_164238_7780752501_600_800_mask.png,63734013657516.65
48,5,97,10,248,295,345,305,248,295,345,295,345,305,248,305,sub_line_text,table_text,table_0,courier,bold,10.0,21bol1_20211228_164238_7780752501_600_800.png,/scratch/parceirosbr/bigoilict/share/BigOil/document_generator/datasets/documents_2021_12_28/21bol1_20211228_164238_7780752501_600_800.png,21bol1_20211228_164238_7780752501_600_800_mask.png,63734013657516.65
48,5,97,10,248,309,345,319,248,309,345,309,345,319,248,319,text,table_text,table_0,courier,bold,10.0,21bol1_20211228_164238_7780752501_600_800.png,/scratch/parceirosbr/bigoilict/share/BigOil/document_generator/datasets/documents_2021_12_28/21bol1_20211228_164238_7780752501_600_800.png,21bol1_20211228_164238_7780752501_600_800_mask.png,70562967244368.05
48,5,97,10,248,309,345,319,248,309,345,309,345,319,248,319,sub_line_text,table_text,table_0,courier,bold,10.0,21bol1_20211228_164238_7780752501_600_800.png,/scratch/parceirosbr/bigoilict/share/BigOil/document_generator/datasets/documents_2021_12_28/21bol1_20211228_164238_7780752501_600_800.png,21bol1_20211228_164238_7780752501_600_800_mask.png,70562967244368.05
48,5,97,10,248,322,345,332,248,322,345,322,345,332,248,332,text,table_text,table_0,courier,bold,10.0,21bol1_20211228_164238_7780752501_600_800.png,/scratch/parceirosbr/bigoilict/share/BigOil/document_generator/datasets/documents_2021_12_28/21bol1_20211228_164238_7780752501_600_800.png,21bol1_20211228_164238_7780752501_600_800_mask.png,67190925814749.18
48,5,97,10,248,322,345,332,248,322,345,322,345,332,248,332,sub_line_text,table_text,table_0,courier,bold,10.0,21bol1_20211228_164238_7780752501_600_800.png,/scratch/parceirosbr/bigoilict/share/BigOil/document_generator/datasets/documents_2021_12_28/21bol1_20211228_164238_7780752501_600_800.png,21bol1_20211228_164238_7780752501_600_800_mask.png,67190925814749.18
48,5,97,10,248,336,345,346,248,336,345,336,345,346,248,346,text,table_text,table_0,courier,bold,10.0,21bol1_20211228_164238_7780752501_600_800.png,/scratch/parceirosbr/bigoilict/share/BigOil/document_generator/datasets/documents_2021_12_28/21bol1_20211228_164238_7780752501_600_800.png,21bol1_20211228_164238_7780752501_600_800_mask.png,64948807811552.40
48,5,97,10,248,336,345,346,248,336,345,336,345,346,248,346,sub_line_text,table_text,table_0,courier,bold,10.0,21bol1_20211228_164238_7780752501_600_800.png,/scratch/parceirosbr/bigoilict/share/BigOil/document_generator/datasets/documents_2021_12_28/21bol1_20211228_164238_7780752501_600_800.png,21bol1_20211228_164238_7780752501_600_800_mask.png,64948807811552.40
48,5,97,10,248,349,345,359,248,349,345,349,345,359,248,359,text,table_text,table_0,courier,bold,10.0,21bol1_20211228_164238_7780752501_600_800.png,/scratch/parceirosbr/bigoilict/share/BigOil/document_generator/datasets/documents_2021_12_28/21bol1_20211228_164238_7780752501_600_800.png,21bol1_20211228_164238_7780752501_600_800_mask.png,10562731031783.21
48,5,97,10,248,349,345,359,248,349,345,349,345,359,248,359,sub_line_text,table_text,table_0,courier,bold,10.0,21bol1_20211228_164238_7780752501_600_800.png,/scratch/parceirosbr/bigoilict/share/BigOil/document_generator/datasets/documents_2021_12_28/21bol1_20211228_164238_7780752501_600_800.png,21bol1_20211228_164238_7780752501_600_800_mask.png,10562731031783.21
48,5,97,10,248,363,345,373,248,363,345,363,345,373,248,373,text,table_text,table_0,courier,bold,10.0,21bol1_20211228_164238_7780752501_600_800.png,/scratch/parceirosbr/bigoilict/share/BigOil/document_generator/datasets/documents_2021_12_28/21bol1_20211228_164238_7780752501_600_800.png,21bol1_20211228_164238_7780752501_600_800_mask.png,37594443528408.78
48,5,97,10,248,363,345,373,248,363,345,363,345,373,248,373,sub_line_text,table_text,table_0,courier,bold,10.0,21bol1_20211228_164238_7780752501_600_800.png,/scratch/parceirosbr/bigoilict/share/BigOil/document_generator/datasets/documents_2021_12_28/21bol1_20211228_164238_7780752501_600_800.png,21bol1_20211228_164238_7780752501_600_800_mask.png,37594443528408.78
48,5,97,10,248,376,345,386,248,376,345,376,345,386,248,386,text,table_text,table_0,courier,bold,10.0,21bol1_20211228_164238_7780752501_600_800.png,/scratch/parceirosbr/bigoilict/share/BigOil/document_generator/datasets/documents_2021_12_28/21bol1_20211228_164238_7780752501_600_800.png,21bol1_20211228_164238_7780752501_600_800_mask.png,43593528716385.54
48,5,97,10,248,376,345,386,248,376,345,376,345,386,248,386,sub_line_text,table_text,table_0,courier,bold,10.0,21bol1_20211228_164238_7780752501_600_800.png,/scratch/parceirosbr/bigoilict/share/BigOil/document_generator/datasets/documents_2021_12_28/21bol1_20211228_164238_7780752501_600_800.png,21bol1_20211228_164238_7780752501_600_800_mask.png,43593528716385.54
48,5,97,10,248,390,345,400,248,390,345,390,345,400,248,400,text,table_text,table_0,courier,bold,10.0,21bol1_20211228_164238_7780752501_600_800.png,/scratch/parceirosbr/bigoilict/share/BigOil/document_generator/datasets/documents_2021_12_28/21bol1_20211228_164238_7780752501_600_800.png,21bol1_20211228_164238_7780752501_600_800_mask.png,39569016341325.02
48,5,97,10,248,390,345,400,248,390,345,390,345,400,248,400,sub_line_text,table_text,table_0,courier,bold,10.0,21bol1_20211228_164238_7780752501_600_800.png,/scratch/parceirosbr/bigoilict/share/BigOil/document_generator/datasets/documents_2021_12_28/21bol1_20211228_164238_7780752501_600_800.png,21bol1_20211228_164238_7780752501_600_800_mask.png,39569016341325.02
48,5,97,10,248,403,345,413,248,403,345,403,345,413,248,413,text,table_text,table_0,courier,bold,10.0,21bol1_20211228_164238_7780752501_600_800.png,/scratch/parceirosbr/bigoilict/share/BigOil/document_generator/datasets/documents_2021_12_28/21bol1_20211228_164238_7780752501_600_800.png,21bol1_20211228_164238_7780752501_600_800_mask.png,62576944441065.32
48,5,97,10,248,403,345,413,248,403,345,403,345,413,248,413,sub_line_text,table_text,table_0,courier,bold,10.0,21bol1_20211228_164238_7780752501_600_800.png,/scratch/parceirosbr/bigoilict/share/BigOil/document_generator/datasets/documents_2021_12_28/21bol1_20211228_164238_7780752501_600_800.png,21bol1_20211228_164238_7780752501_600_800_mask.png,62576944441065.32
48,5,97,10,248,416,345,426,248,416,345,416,345,426,248,426,text,table_text,table_0,courier,bold,10.0,21bol1_20211228_164238_7780752501_600_800.png,/scratch/parceirosbr/bigoilict/share/BigOil/document_generator/datasets/documents_2021_12_28/21bol1_20211228_164238_7780752501_600_800.png,21bol1_20211228_164238_7780752501_600_800_mask.png,34037818087707.80
48,5,97,10,248,416,345,426,248,416,345,416,345,426,248,426,sub_line_text,table_text,table_0,courier,bold,10.0,21bol1_20211228_164238_7780752501_600_800.png,/scratch/parceirosbr/bigoilict/share/BigOil/document_generator/datasets/documents_2021_12_28/21bol1_20211228_164238_7780752501_600_800.png,21bol1_20211228_164238_7780752501_600_800_mask.png,34037818087707.80
48,5,97,10,248,430,345,440,248,430,345,430,345,440,248,440,text,table_text,table_0,courier,bold,10.0,21bol1_20211228_164238_7780752501_600_800.png,/scratch/parceirosbr/bigoilict/share/BigOil/document_generator/datasets/documents_2021_12_28/21bol1_20211228_164238_7780752501_600_800.png,21bol1_20211228_164238_7780752501_600_800_mask.png,43294717416577.71
48,5,97,10,248,430,345,440,248,430,345,430,345,440,248,440,sub_line_text,table_text,table_0,courier,bold,10.0,21bol1_20211228_164238_7780752501_600_800.png,/scratch/parceirosbr/bigoilict/share/BigOil/document_generator/datasets/documents_2021_12_28/21bol1_20211228_164238_7780752501_600_800.png,21bol1_20211228_164238_7780752501_600_800_mask.png,43294717416577.71
48,5,97,10,248,443,345,453,248,443,345,443,345,453,248,453,text,table_text,table_0,courier,bold,10.0,21bol1_20211228_164238_7780752501_600_800.png,/scratch/parceirosbr/bigoilict/share/BigOil/document_generator/datasets/documents_2021_12_28/21bol1_20211228_164238_7780752501_600_800.png,21bol1_20211228_164238_7780752501_600_800_mask.png,32738777221848.37
48,5,97,10,248,443,345,453,248,443,345,443,345,453,248,453,sub_line_text,table_text,table_0,courier,bold,10.0,21bol1_20211228_164238_7780752501_600_800.png,/scratch/parceirosbr/bigoilict/share/BigOil/document_generator/datasets/documents_2021_12_28/21bol1_20211228_164238_7780752501_600_800.png,21bol1_20211228_164238_7780752501_600_800_mask.png,32738777221848.37
48,5,97,10,248,457,345,467,248,457,345,457,345,467,248,467,text,table_text,table_0,courier,bold,10.0,21bol1_20211228_164238_7780752501_600_800.png,/scratch/parceirosbr/bigoilict/share/BigOil/document_generator/datasets/documents_2021_12_28/21bol1_20211228_164238_7780752501_600_800.png,21bol1_20211228_164238_7780752501_600_800_mask.png,91142909009577.10
48,5,97,10,248,457,345,467,248,457,345,457,345,467,248,467,sub_line_text,table_text,table_0,courier,bold,10.0,21bol1_20211228_164238_7780752501_600_800.png,/scratch/parceirosbr/bigoilict/share/BigOil/document_generator/datasets/documents_2021_12_28/21bol1_20211228_164238_7780752501_600_800.png,21bol1_20211228_164238_7780752501_600_800_mask.png,91142909009577.10
54,5,109,10,404,470,513,480,404,470,513,470,513,480,404,480,text,table_text,table_0,courier,regular,10.0,21bol1_20211228_164238_7780752501_600_800.png,/scratch/parceirosbr/bigoilict/share/BigOil/document_generator/datasets/documents_2021_12_28/21bol1_20211228_164238_7780752501_600_800.png,21bol1_20211228_164238_7780752501_600_800_mask.png,31258769649612.5311
54,5,109,10,404,470,513,480,404,470,513,470,513,480,404,480,sub_line_text,table_text,table_0,courier,regular,10.0,21bol1_20211228_164238_7780752501_600_800.png,/scratch/parceirosbr/bigoilict/share/BigOil/document_generator/datasets/documents_2021_12_28/21bol1_20211228_164238_7780752501_600_800.png,21bol1_20211228_164238_7780752501_600_800_mask.png,31258769649612.5311
31,5,63,10,450,241,513,251,450,241,513,241,513,251,450,251,text,table_text,table_0,courier,italic,10.0,21bol1_20211228_164238_7780752501_600_800.png,/scratch/parceirosbr/bigoilict/share/BigOil/document_generator/datasets/documents_2021_12_28/21bol1_20211228_164238_7780752501_600_800.png,21bol1_20211228_164238_7780752501_600_800_mask.png,intervenção
31,5,63,10,450,241,513,251,450,241,513,241,513,251,450,251,sub_line_text,table_text,table_0,courier,italic,10.0,21bol1_20211228_164238_7780752501_600_800.png,/scratch/parceirosbr/bigoilict/share/BigOil/document_generator/datasets/documents_2021_12_28/21bol1_20211228_164238_7780752501_600_800.png,21bol1_20211228_164238_7780752501_600_800_mask.png,intervenção
25,5,51,10,350,255,401,265,350,255,401,255,401,265,350,265,text,table_text,table_0,courier,bold,10.0,21bol1_20211228_164238_7780752501_600_800.png,/scratch/parceirosbr/bigoilict/share/BigOil/document_generator/datasets/documents_2021_12_28/21bol1_20211228_164238_7780752501_600_800.png,21bol1_20211228_164238_7780752501_600_800_mask.png,9626005.3
25,5,51,10,350,255,401,265,350,255,401,255,401,265,350,265,sub_line_text,table_text,table_0,courier,bold,10.0,21bol1_20211228_164238_7780752501_600_800.png,/scratch/parceirosbr/bigoilict/share/BigOil/document_generator/datasets/documents_2021_12_28/21bol1_20211228_164238_7780752501_600_800.png,21bol1_20211228_164238_7780752501_600_800_mask.png,9626005.3
25,5,51,10,350,268,401,278,350,268,401,268,401,278,350,278,text,table_text,table_0,courier,bold,10.0,21bol1_20211228_164238_7780752501_600_800.png,/scratch/parceirosbr/bigoilict/share/BigOil/document_generator/datasets/documents_2021_12_28/21bol1_20211228_164238_7780752501_600_800.png,21bol1_20211228_164238_7780752501_600_800_mask.png,5876082.2
25,5,51,10,350,268,401,278,350,268,401,268,401,278,350,278,sub_line_text,table_text,table_0,courier,bold,10.0,21bol1_20211228_164238_7780752501_600_800.png,/scratch/parceirosbr/bigoilict/share/BigOil/document_generator/datasets/documents_2021_12_28/21bol1_20211228_164238_7780752501_600_800.png,21bol1_20211228_164238_7780752501_600_800_mask.png,5876082.2
25,5,51,10,350,282,401,292,350,282,401,282,401,292,350,292,text,table_text,table_0,courier,bold,10.0,21bol1_20211228_164238_7780752501_600_800.png,/scratch/parceirosbr/bigoilict/share/BigOil/document_generator/datasets/documents_2021_12_28/21bol1_20211228_164238_7780752501_600_800.png,21bol1_20211228_164238_7780752501_600_800_mask.png,7954172.5
25,5,51,10,350,282,401,292,350,282,401,282,401,292,350,292,sub_line_text,table_text,table_0,courier,bold,10.0,21bol1_20211228_164238_7780752501_600_800.png,/scratch/parceirosbr/bigoilict/share/BigOil/document_generator/datasets/documents_2021_12_28/21bol1_20211228_164238_7780752501_600_800.png,21bol1_20211228_164238_7780752501_600_800_mask.png,7954172.5
25,5,51,10,350,295,401,305,350,295,401,295,401,305,350,305,text,table_text,table_0,courier,bold,10.0,21bol1_20211228_164238_7780752501_600_800.png,/scratch/parceirosbr/bigoilict/share/BigOil/document_generator/datasets/documents_2021_12_28/21bol1_20211228_164238_7780752501_600_800.png,21bol1_20211228_164238_7780752501_600_800_mask.png,9867363.4
25,5,51,10,350,295,401,305,350,295,401,295,401,305,350,305,sub_line_text,table_text,table_0,courier,bold,10.0,21bol1_20211228_164238_7780752501_600_800.png,/scratch/parceirosbr/bigoilict/share/BigOil/document_generator/datasets/documents_2021_12_28/21bol1_20211228_164238_7780752501_600_800.png,21bol1_20211228_164238_7780752501_600_800_mask.png,9867363.4
25,5,51,10,350,309,401,319,350,309,401,309,401,319,350,319,text,table_text,table_0,courier,bold,10.0,21bol1_20211228_164238_7780752501_600_800.png,/scratch/parceirosbr/bigoilict/share/BigOil/document_generator/datasets/documents_2021_12_28/21bol1_20211228_164238_7780752501_600_800.png,21bol1_20211228_164238_7780752501_600_800_mask.png,3898191.6
25,5,51,10,350,309,401,319,350,309,401,309,401,319,350,319,sub_line_text,table_text,table_0,courier,bold,10.0,21bol1_20211228_164238_7780752501_600_800.png,/scratch/parceirosbr/bigoilict/share/BigOil/document_generator/datasets/documents_2021_12_28/21bol1_20211228_164238_7780752501_600_800.png,21bol1_20211228_164238_7780752501_600_800_mask.png,3898191.6
25,5,51,10,350,322,401,332,350,322,401,322,401,332,350,332,text,table_text,table_0,courier,bold,10.0,21bol1_20211228_164238_7780752501_600_800.png,/scratch/parceirosbr/bigoilict/share/BigOil/document_generator/datasets/documents_2021_12_28/21bol1_20211228_164238_7780752501_600_800.png,21bol1_20211228_164238_7780752501_600_800_mask.png,6594588.0
25,5,51,10,350,322,401,332,350,322,401,322,401,332,350,332,sub_line_text,table_text,table_0,courier,bold,10.0,21bol1_20211228_164238_7780752501_600_800.png,/scratch/parceirosbr/bigoilict/share/BigOil/document_generator/datasets/documents_2021_12_28/21bol1_20211228_164238_7780752501_600_800.png,21bol1_20211228_164238_7780752501_600_800_mask.png,6594588.0
25,5,51,10,350,336,401,346,350,336,401,336,401,346,350,346,text,table_text,table_0,courier,bold,10.0,21bol1_20211228_164238_7780752501_600_800.png,/scratch/parceirosbr/bigoilict/share/BigOil/document_generator/datasets/documents_2021_12_28/21bol1_20211228_164238_7780752501_600_800.png,21bol1_20211228_164238_7780752501_600_800_mask.png,6256082.4
25,5,51,10,350,336,401,346,350,336,401,336,401,346,350,346,sub_line_text,table_text,table_0,courier,bold,10.0,21bol1_20211228_164238_7780752501_600_800.png,/scratch/parceirosbr/bigoilict/share/BigOil/document_generator/datasets/documents_2021_12_28/21bol1_20211228_164238_7780752501_600_800.png,21bol1_20211228_164238_7780752501_600_800_mask.png,6256082.4
25,5,51,10,350,349,401,359,350,349,401,349,401,359,350,359,text,table_text,table_0,courier,bold,10.0,21bol1_20211228_164238_7780752501_600_800.png,/scratch/parceirosbr/bigoilict/share/BigOil/document_generator/datasets/documents_2021_12_28/21bol1_20211228_164238_7780752501_600_800.png,21bol1_20211228_164238_7780752501_600_800_mask.png,3429242.3
25,5,51,10,350,349,401,359,350,349,401,349,401,359,350,359,sub_line_text,table_text,table_0,courier,bold,10.0,21bol1_20211228_164238_7780752501_600_800.png,/scratch/parceirosbr/bigoilict/share/BigOil/document_generator/datasets/documents_2021_12_28/21bol1_20211228_164238_7780752501_600_800.png,21bol1_20211228_164238_7780752501_600_800_mask.png,3429242.3
25,5,51,10,350,363,401,373,350,363,401,363,401,373,350,373,text,table_text,table_0,courier,bold,10.0,21bol1_20211228_164238_7780752501_600_800.png,/scratch/parceirosbr/bigoilict/share/BigOil/document_generator/datasets/documents_2021_12_28/21bol1_20211228_164238_7780752501_600_800.png,21bol1_20211228_164238_7780752501_600_800_mask.png,1808672.9
25,5,51,10,350,363,401,373,350,363,401,363,401,373,350,373,sub_line_text,table_text,table_0,courier,bold,10.0,21bol1_20211228_164238_7780752501_600_800.png,/scratch/parceirosbr/bigoilict/share/BigOil/document_generator/datasets/documents_2021_12_28/21bol1_20211228_164238_7780752501_600_800.png,21bol1_20211228_164238_7780752501_600_800_mask.png,1808672.9
25,5,51,10,350,376,401,386,350,376,401,376,401,386,350,386,text,table_text,table_0,courier,bold,10.0,21bol1_20211228_164238_7780752501_600_800.png,/scratch/parceirosbr/bigoilict/share/BigOil/document_generator/datasets/documents_2021_12_28/21bol1_20211228_164238_7780752501_600_800.png,21bol1_20211228_164238_7780752501_600_800_mask.png,2560162.3
25,5,51,10,350,376,401,386,350,376,401,376,401,386,350,386,sub_line_text,table_text,table_0,courier,bold,10.0,21bol1_20211228_164238_7780752501_600_800.png,/scratch/parceirosbr/bigoilict/share/BigOil/document_generator/datasets/documents_2021_12_28/21bol1_20211228_164238_7780752501_600_800.png,21bol1_20211228_164238_7780752501_600_800_mask.png,2560162.3
25,5,51,10,350,390,401,400,350,390,401,390,401,400,350,400,text,table_text,table_0,courier,bold,10.0,21bol1_20211228_164238_7780752501_600_800.png,/scratch/parceirosbr/bigoilict/share/BigOil/document_generator/datasets/documents_2021_12_28/21bol1_20211228_164238_7780752501_600_800.png,21bol1_20211228_164238_7780752501_600_800_mask.png,8540276.1
25,5,51,10,350,390,401,400,350,390,401,390,401,400,350,400,sub_line_text,table_text,table_0,courier,bold,10.0,21bol1_20211228_164238_7780752501_600_800.png,/scratch/parceirosbr/bigoilict/share/BigOil/document_generator/datasets/documents_2021_12_28/21bol1_20211228_164238_7780752501_600_800.png,21bol1_20211228_164238_7780752501_600_800_mask.png,8540276.1
25,5,51,10,350,403,401,413,350,403,401,403,401,413,350,413,text,table_text,table_0,courier,bold,10.0,21bol1_20211228_164238_7780752501_600_800.png,/scratch/parceirosbr/bigoilict/share/BigOil/document_generator/datasets/documents_2021_12_28/21bol1_20211228_164238_7780752501_600_800.png,21bol1_20211228_164238_7780752501_600_800_mask.png,6521943.4
25,5,51,10,350,403,401,413,350,403,401,403,401,413,350,413,sub_line_text,table_text,table_0,courier,bold,10.0,21bol1_20211228_164238_7780752501_600_800.png,/scratch/parceirosbr/bigoilict/share/BigOil/document_generator/datasets/documents_2021_12_28/21bol1_20211228_164238_7780752501_600_800.png,21bol1_20211228_164238_7780752501_600_800_mask.png,6521943.4
25,5,51,10,350,416,401,426,350,416,401,416,401,426,350,426,text,table_text,table_0,courier,bold,10.0,21bol1_20211228_164238_7780752501_600_800.png,/scratch/parceirosbr/bigoilict/share/BigOil/document_generator/datasets/documents_2021_12_28/21bol1_20211228_164238_7780752501_600_800.png,21bol1_20211228_164238_7780752501_600_800_mask.png,3459739.8
25,5,51,10,350,416,401,426,350,416,401,416,401,426,350,426,sub_line_text,table_text,table_0,courier,bold,10.0,21bol1_20211228_164238_7780752501_600_800.png,/scratch/parceirosbr/bigoilict/share/BigOil/document_generator/datasets/documents_2021_12_28/21bol1_20211228_164238_7780752501_600_800.png,21bol1_20211228_164238_7780752501_600_800_mask.png,3459739.8
25,5,51,10,350,430,401,440,350,430,401,430,401,440,350,440,text,table_text,table_0,courier,bold,10.0,21bol1_20211228_164238_7780752501_600_800.png,/scratch/parceirosbr/bigoilict/share/BigOil/document_generator/datasets/documents_2021_12_28/21bol1_20211228_164238_7780752501_600_800.png,21bol1_20211228_164238_7780752501_600_800_mask.png,7072167.9
25,5,51,10,350,430,401,440,350,430,401,430,401,440,350,440,sub_line_text,table_text,table_0,courier,bold,10.0,21bol1_20211228_164238_7780752501_600_800.png,/scratch/parceirosbr/bigoilict/share/BigOil/document_generator/datasets/documents_2021_12_28/21bol1_20211228_164238_7780752501_600_800.png,21bol1_20211228_164238_7780752501_600_800_mask.png,7072167.9
25,5,51,10,350,443,401,453,350,443,401,443,401,453,350,453,text,table_text,table_0,courier,bold,10.0,21bol1_20211228_164238_7780752501_600_800.png,/scratch/parceirosbr/bigoilict/share/BigOil/document_generator/datasets/documents_2021_12_28/21bol1_20211228_164238_7780752501_600_800.png,21bol1_20211228_164238_7780752501_600_800_mask.png,9720473.1
25,5,51,10,350,443,401,453,350,443,401,443,401,453,350,453,sub_line_text,table_text,table_0,courier,bold,10.0,21bol1_20211228_164238_7780752501_600_800.png,/scratch/parceirosbr/bigoilict/share/BigOil/document_generator/datasets/documents_2021_12_28/21bol1_20211228_164238_7780752501_600_800.png,21bol1_20211228_164238_7780752501_600_800_mask.png,9720473.1
25,5,51,10,350,457,401,467,350,457,401,457,401,467,350,467,text,table_text,table_0,courier,bold,10.0,21bol1_20211228_164238_7780752501_600_800.png,/scratch/parceirosbr/bigoilict/share/BigOil/document_generator/datasets/documents_2021_12_28/21bol1_20211228_164238_7780752501_600_800.png,21bol1_20211228_164238_7780752501_600_800_mask.png,6822031.9
25,5,51,10,350,457,401,467,350,457,401,457,401,467,350,467,sub_line_text,table_text,table_0,courier,bold,10.0,21bol1_20211228_164238_7780752501_600_800.png,/scratch/parceirosbr/bigoilict/share/BigOil/document_generator/datasets/documents_2021_12_28/21bol1_20211228_164238_7780752501_600_800.png,21bol1_20211228_164238_7780752501_600_800_mask.png,6822031.9
51,5,103,10,410,255,513,265,410,255,513,255,513,265,410,265,text,table_text,table_0,courier,bold,10.0,21bol1_20211228_164238_7780752501_600_800.png,/scratch/parceirosbr/bigoilict/share/BigOil/document_generator/datasets/documents_2021_12_28/21bol1_20211228_164238_7780752501_600_800.png,21bol1_20211228_164238_7780752501_600_800_mask.png,5010339758756.4780
51,5,103,10,410,255,513,265,410,255,513,255,513,265,410,265,sub_line_text,table_text,table_0,courier,bold,10.0,21bol1_20211228_164238_7780752501_600_800.png,/scratch/parceirosbr/bigoilict/share/BigOil/document_generator/datasets/documents_2021_12_28/21bol1_20211228_164238_7780752501_600_800.png,21bol1_20211228_164238_7780752501_600_800_mask.png,5010339758756.4780
48,5,97,10,416,268,513,278,416,268,513,268,513,278,416,278,text,table_text,table_0,courier,bold,10.0,21bol1_20211228_164238_7780752501_600_800.png,/scratch/parceirosbr/bigoilict/share/BigOil/document_generator/datasets/documents_2021_12_28/21bol1_20211228_164238_7780752501_600_800.png,21bol1_20211228_164238_7780752501_600_800_mask.png,621797327933.1393
48,5,97,10,416,268,513,278,416,268,513,268,513,278,416,278,sub_line_text,table_text,table_0,courier,bold,10.0,21bol1_20211228_164238_7780752501_600_800.png,/scratch/parceirosbr/bigoilict/share/BigOil/document_generator/datasets/documents_2021_12_28/21bol1_20211228_164238_7780752501_600_800.png,21bol1_20211228_164238_7780752501_600_800_mask.png,621797327933.1393
46,5,92,10,422,282,514,292,422,282,514,282,514,292,422,292,text,table_text,table_0,courier,bold,10.0,21bol1_20211228_164238_7780752501_600_800.png,/scratch/parceirosbr/bigoilict/share/BigOil/document_generator/datasets/documents_2021_12_28/21bol1_20211228_164238_7780752501_600_800.png,21bol1_20211228_164238_7780752501_600_800_mask.png,45728416506.2202
46,5,92,10,422,282,514,292,422,282,514,282,514,292,422,292,sub_line_text,table_text,table_0,courier,bold,10.0,21bol1_20211228_164238_7780752501_600_800.png,/scratch/parceirosbr/bigoilict/share/BigOil/document_generator/datasets/documents_2021_12_28/21bol1_20211228_164238_7780752501_600_800.png,21bol1_20211228_164238_7780752501_600_800_mask.png,45728416506.2202
46,5,92,10,422,295,514,305,422,295,514,295,514,305,422,305,text,table_text,table_0,courier,bold,10.0,21bol1_20211228_164238_7780752501_600_800.png,/scratch/parceirosbr/bigoilict/share/BigOil/document_generator/datasets/documents_2021_12_28/21bol1_20211228_164238_7780752501_600_800.png,21bol1_20211228_164238_7780752501_600_800_mask.png,37341515425.8858
46,5,92,10,422,295,514,305,422,295,514,295,514,305,422,305,sub_line_text,table_text,table_0,courier,bold,10.0,21bol1_20211228_164238_7780752501_600_800.png,/scratch/parceirosbr/bigoilict/share/BigOil/document_generator/datasets/documents_2021_12_28/21bol1_20211228_164238_7780752501_600_800.png,21bol1_20211228_164238_7780752501_600_800_mask.png,37341515425.8858
48,5,97,10,416,309,513,319,416,309,513,309,513,319,416,319,text,table_text,table_0,courier,bold,10.0,21bol1_20211228_164238_7780752501_600_800.png,/scratch/parceirosbr/bigoilict/share/BigOil/document_generator/datasets/documents_2021_12_28/21bol1_20211228_164238_7780752501_600_800.png,21bol1_20211228_164238_7780752501_600_800_mask.png,953209634575.2567
48,5,97,10,416,309,513,319,416,309,513,309,513,319,416,319,sub_line_text,table_text,table_0,courier,bold,10.0,21bol1_20211228_164238_7780752501_600_800.png,/scratch/parceirosbr/bigoilict/share/BigOil/document_generator/datasets/documents_2021_12_28/21bol1_20211228_164238_7780752501_600_800.png,21bol1_20211228_164238_7780752501_600_800_mask.png,953209634575.2567
51,5,103,10,410,322,513,332,410,322,513,322,513,332,410,332,text,table_text,table_0,courier,bold,10.0,21bol1_20211228_164238_7780752501_600_800.png,/scratch/parceirosbr/bigoilict/share/BigOil/document_generator/datasets/documents_2021_12_28/21bol1_20211228_164238_7780752501_600_800.png,21bol1_20211228_164238_7780752501_600_800_mask.png,5501552311159.4764
51,5,103,10,410,322,513,332,410,322,513,322,513,332,410,332,sub_line_text,table_text,table_0,courier,bold,10.0,21bol1_20211228_164238_7780752501_600_800.png,/scratch/parceirosbr/bigoilict/share/BigOil/document_generator/datasets/documents_2021_12_28/21bol1_20211228_164238_7780752501_600_800.png,21bol1_20211228_164238_7780752501_600_800_mask.png,5501552311159.4764
46,5,92,10,422,336,514,346,422,336,514,336,514,346,422,346,text,table_text,table_0,courier,bold,10.0,21bol1_20211228_164238_7780752501_600_800.png,/scratch/parceirosbr/bigoilict/share/BigOil/document_generator/datasets/documents_2021_12_28/21bol1_20211228_164238_7780752501_600_800.png,21bol1_20211228_164238_7780752501_600_800_mask.png,93098446890.0435
46,5,92,10,422,336,514,346,422,336,514,336,514,346,422,346,sub_line_text,table_text,table_0,courier,bold,10.0,21bol1_20211228_164238_7780752501_600_800.png,/scratch/parceirosbr/bigoilict/share/BigOil/document_generator/datasets/documents_2021_12_28/21bol1_20211228_164238_7780752501_600_800.png,21bol1_20211228_164238_7780752501_600_800_mask.png,93098446890.0435
48,5,97,10,416,349,513,359,416,349,513,349,513,359,416,359,text,table_text,table_0,courier,bold,10.0,21bol1_20211228_164238_7780752501_600_800.png,/scratch/parceirosbr/bigoilict/share/BigOil/document_generator/datasets/documents_2021_12_28/21bol1_20211228_164238_7780752501_600_800.png,21bol1_20211228_164238_7780752501_600_800_mask.png,916711537946.9012
48,5,97,10,416,349,513,359,416,349,513,349,513,359,416,359,sub_line_text,table_text,table_0,courier,bold,10.0,21bol1_20211228_164238_7780752501_600_800.png,/scratch/parceirosbr/bigoilict/share/BigOil/document_generator/datasets/documents_2021_12_28/21bol1_20211228_164238_7780752501_600_800.png,21bol1_20211228_164238_7780752501_600_800_mask.png,916711537946.9012
46,5,92,10,422,363,514,373,422,363,514,363,514,373,422,373,text,table_text,table_0,courier,bold,10.0,21bol1_20211228_164238_7780752501_600_800.png,/scratch/parceirosbr/bigoilict/share/BigOil/document_generator/datasets/documents_2021_12_28/21bol1_20211228_164238_7780752501_600_800.png,21bol1_20211228_164238_7780752501_600_800_mask.png,31740116090.6551
46,5,92,10,422,363,514,373,422,363,514,363,514,373,422,373,sub_line_text,table_text,table_0,courier,bold,10.0,21bol1_20211228_164238_7780752501_600_800.png,/scratch/parceirosbr/bigoilict/share/BigOil/document_generator/datasets/documents_2021_12_28/21bol1_20211228_164238_7780752501_600_800.png,21bol1_20211228_164238_7780752501_600_800_mask.png,31740116090.6551
46,5,92,10,422,376,514,386,422,376,514,376,514,386,422,386,text,table_text,table_0,courier,bold,10.0,21bol1_20211228_164238_7780752501_600_800.png,/scratch/parceirosbr/bigoilict/share/BigOil/document_generator/datasets/documents_2021_12_28/21bol1_20211228_164238_7780752501_600_800.png,21bol1_20211228_164238_7780752501_600_800_mask.png,88020808510.4592
46,5,92,10,422,376,514,386,422,376,514,376,514,386,422,386,sub_line_text,table_text,table_0,courier,bold,10.0,21bol1_20211228_164238_7780752501_600_800.png,/scratch/parceirosbr/bigoilict/share/BigOil/document_generator/datasets/documents_2021_12_28/21bol1_20211228_164238_7780752501_600_800.png,21bol1_20211228_164238_7780752501_600_800_mask.png,88020808510.4592
51,5,103,10,410,390,513,400,410,390,513,390,513,400,410,400,text,table_text,table_0,courier,bold,10.0,21bol1_20211228_164238_7780752501_600_800.png,/scratch/parceirosbr/bigoilict/share/BigOil/document_generator/datasets/documents_2021_12_28/21bol1_20211228_164238_7780752501_600_800.png,21bol1_20211228_164238_7780752501_600_800_mask.png,8626668980383.3074
51,5,103,10,410,390,513,400,410,390,513,390,513,400,410,400,sub_line_text,table_text,table_0,courier,bold,10.0,21bol1_20211228_164238_7780752501_600_800.png,/scratch/parceirosbr/bigoilict/share/BigOil/document_generator/datasets/documents_2021_12_28/21bol1_20211228_164238_7780752501_600_800.png,21bol1_20211228_164238_7780752501_600_800_mask.png,8626668980383.3074
51,5,103,10,410,403,513,413,410,403,513,403,513,413,410,413,text,table_text,table_0,courier,bold,10.0,21bol1_20211228_164238_7780752501_600_800.png,/scratch/parceirosbr/bigoilict/share/BigOil/document_generator/datasets/documents_2021_12_28/21bol1_20211228_164238_7780752501_600_800.png,21bol1_20211228_164238_7780752501_600_800_mask.png,5999519058803.9422
51,5,103,10,410,403,513,413,410,403,513,403,513,413,410,413,sub_line_text,table_text,table_0,courier,bold,10.0,21bol1_20211228_164238_7780752501_600_800.png,/scratch/parceirosbr/bigoilict/share/BigOil/document_generator/datasets/documents_2021_12_28/21bol1_20211228_164238_7780752501_600_800.png,21bol1_20211228_164238_7780752501_600_800_mask.png,5999519058803.9422
48,5,97,10,416,416,513,426,416,416,513,416,513,426,416,426,text,table_text,table_0,courier,bold,10.0,21bol1_20211228_164238_7780752501_600_800.png,/scratch/parceirosbr/bigoilict/share/BigOil/document_generator/datasets/documents_2021_12_28/21bol1_20211228_164238_7780752501_600_800.png,21bol1_20211228_164238_7780752501_600_800_mask.png,161205625239.2715
48,5,97,10,416,416,513,426,416,416,513,416,513,426,416,426,sub_line_text,table_text,table_0,courier,bold,10.0,21bol1_20211228_164238_7780752501_600_800.png,/scratch/parceirosbr/bigoilict/share/BigOil/document_generator/datasets/documents_2021_12_28/21bol1_20211228_164238_7780752501_600_800.png,21bol1_20211228_164238_7780752501_600_800_mask.png,161205625239.2715
46,5,92,10,422,430,514,440,422,430,514,430,514,440,422,440,text,table_text,table_0,courier,bold,10.0,21bol1_20211228_164238_7780752501_600_800.png,/scratch/parceirosbr/bigoilict/share/BigOil/document_generator/datasets/documents_2021_12_28/21bol1_20211228_164238_7780752501_600_800.png,21bol1_20211228_164238_7780752501_600_800_mask.png,59402556186.0384
46,5,92,10,422,430,514,440,422,430,514,430,514,440,422,440,sub_line_text,table_text,table_0,courier,bold,10.0,21bol1_20211228_164238_7780752501_600_800.png,/scratch/parceirosbr/bigoilict/share/BigOil/document_generator/datasets/documents_2021_12_28/21bol1_20211228_164238_7780752501_600_800.png,21bol1_20211228_164238_7780752501_600_800_mask.png,59402556186.0384
46,5,92,10,422,443,514,453,422,443,514,443,514,453,422,453,text,table_text,table_0,courier,bold,10.0,21bol1_20211228_164238_7780752501_600_800.png,/scratch/parceirosbr/bigoilict/share/BigOil/document_generator/datasets/documents_2021_12_28/21bol1_20211228_164238_7780752501_600_800.png,21bol1_20211228_164238_7780752501_600_800_mask.png,46529917149.9161
46,5,92,10,422,443,514,453,422,443,514,443,514,453,422,453,sub_line_text,table_text,table_0,courier,bold,10.0,21bol1_20211228_164238_7780752501_600_800.png,/scratch/parceirosbr/bigoilict/share/BigOil/document_generator/datasets/documents_2021_12_28/21bol1_20211228_164238_7780752501_600_800.png,21bol1_20211228_164238_7780752501_600_800_mask.png,46529917149.9161
48,5,97,10,416,457,513,467,416,457,513,457,513,467,416,467,text,table_text,table_0,courier,bold,10.0,21bol1_20211228_164238_7780752501_600_800.png,/scratch/parceirosbr/bigoilict/share/BigOil/document_generator/datasets/documents_2021_12_28/21bol1_20211228_164238_7780752501_600_800.png,21bol1_20211228_164238_7780752501_600_800_mask.png,629669984127.2698
48,5,97,10,416,457,513,467,416,457,513,457,513,467,416,467,sub_line_text,table_text,table_0,courier,bold,10.0,21bol1_20211228_164238_7780752501_600_800.png,/scratch/parceirosbr/bigoilict/share/BigOil/document_generator/datasets/documents_2021_12_28/21bol1_20211228_164238_7780752501_600_800.png,21bol1_20211228_164238_7780752501_600_800_mask.png,629669984127.2698
60,6,121,12,64,238,185,250,64,238,185,238,185,250,64,250,sub_line_text,table_legend,table_0,opensans,italic,9,21bol1_20211228_164238_7780752501_600_800.png,/scratch/parceirosbr/bigoilict/share/BigOil/document_generator/datasets/documents_2021_12_28/21bol1_20211228_164238_7780752501_600_800.png,21bol1_20211228_164238_7780752501_600_800_mask.png,"Tab.   33:     Source  :,  apud.  3.2"
60,6,121,12,64,257,185,269,64,257,185,257,185,269,64,269,sub_line_text,table_legend,table_0,opensans,italic,9,21bol1_20211228_164238_7780752501_600_800.png,/scratch/parceirosbr/bigoilict/share/BigOil/document_generator/datasets/documents_2021_12_28/21bol1_20211228_164238_7780752501_600_800.png,21bol1_20211228_164238_7780752501_600_800_mask.png,of  oil  23  it  is  common  to use
60,6,121,12,64,276,185,288,64,276,185,276,185,288,64,288,sub_line_text,table_legend,table_0,opensans,italic,9,21bol1_20211228_164238_7780752501_600_800.png,/scratch/parceirosbr/bigoilict/share/BigOil/document_generator/datasets/documents_2021_12_28/21bol1_20211228_164238_7780752501_600_800.png,21bol1_20211228_164238_7780752501_600_800_mask.png,known      oil     chromatograms
60,6,121,12,64,295,185,307,64,295,185,295,185,307,64,307,sub_line_text,table_legend,table_0,opensans,italic,9,21bol1_20211228_164238_7780752501_600_800.png,/scratch/parceirosbr/bigoilict/share/BigOil/document_generator/datasets/documents_2021_12_28/21bol1_20211228_164238_7780752501_600_800.png,21bol1_20211228_164238_7780752501_600_800_mask.png,to    identify    compounds   that
28,6,57,12,64,314,121,326,64,314,121,314,121,326,64,326,sub_line_text,table_legend,table_0,opensans,italic,9,21bol1_20211228_164238_7780752501_600_800.png,/scratch/parceirosbr/bigoilict/share/BigOil/document_generator/datasets/documents_2021_12_28/21bol1_20211228_164238_7780752501_600_800.png,21bol1_20211228_164238_7780752501_600_800_mask.png,do not have an
60,44,121,88,64,238,185,326,64,238,185,238,185,326,64,326,text,table_legend,table_0,opensans,italic,9,21bol1_20211228_164238_7780752501_600_800.png,/scratch/parceirosbr/bigoilict/share/BigOil/document_generator/datasets/documents_2021_12_28/21bol1_20211228_164238_7780752501_600_800.png,21bol1_20211228_164238_7780752501_600_800_mask.png,nan
60,6,121,12,64,351,185,363,64,351,185,351,185,363,64,363,sub_line_text,table_legend,table_0,opensans,italic,9,21bol1_20211228_164238_7780752501_600_800.png,/scratch/parceirosbr/bigoilict/share/BigOil/document_generator/datasets/documents_2021_12_28/21bol1_20211228_164238_7780752501_600_800.png,21bol1_20211228_164238_7780752501_600_800_mask.png,Tab.  110:    Figure  19  shows  t-
60,6,120,12,64,370,184,382,64,370,184,370,184,382,64,382,sub_line_text,table_legend,table_0,opensans,italic,9,21bol1_20211228_164238_7780752501_600_800.png,/scratch/parceirosbr/bigoilict/share/BigOil/document_generator/datasets/documents_2021_12_28/21bol1_20211228_164238_7780752501_600_800.png,21bol1_20211228_164238_7780752501_600_800_mask.png,he   13C   and   135   spectra  of
60,6,121,12,64,389,185,401,64,389,185,389,185,401,64,401,sub_line_text,table_legend,table_0,opensans,italic,9,21bol1_20211228_164238_7780752501_600_800.png,/scratch/parceirosbr/bigoilict/share/BigOil/document_generator/datasets/documents_2021_12_28/21bol1_20211228_164238_7780752501_600_800.png,21bol1_20211228_164238_7780752501_600_800_mask.png,the    products    of   the   glycer-
60,6,120,12,64,408,184,420,64,408,184,408,184,420,64,420,sub_line_text,table_legend,table_0,opensans,italic,9,21bol1_20211228_164238_7780752501_600_800.png,/scratch/parceirosbr/bigoilict/share/BigOil/document_generator/datasets/documents_2021_12_28/21bol1_20211228_164238_7780752501_600_800.png,21bol1_20211228_164238_7780752501_600_800_mask.png,ol        etherification       reaction
27,6,55,12,64,427,119,439,64,427,119,427,119,439,64,439,sub_line_text,table_legend,table_0,opensans,italic,9,21bol1_20211228_164238_7780752501_600_800.png,/scratch/parceirosbr/bigoilict/share/BigOil/document_generator/datasets/documents_2021_12_28/21bol1_20211228_164238_7780752501_600_800.png,21bol1_20211228_164238_7780752501_600_800_mask.png,with tert-butyl
60,44,121,88,64,351,185,439,64,351,185,351,185,439,64,439,text,table_legend,table_0,opensans,italic,9,21bol1_20211228_164238_7780752501_600_800.png,/scratch/parceirosbr/bigoilict/share/BigOil/document_generator/datasets/documents_2021_12_28/21bol1_20211228_164238_7780752501_600_800.png,21bol1_20211228_164238_7780752501_600_800_mask.png,nan
66,6,133,13,102,79,235,92,102,79,235,79,235,92,102,92,sub_line_text,text,text_0,opensans,regular,10,21bol1_20211228_164238_7780752501_600_800.png,/scratch/parceirosbr/bigoilict/share/BigOil/document_generator/datasets/documents_2021_12_28/21bol1_20211228_164238_7780752501_600_800.png,21bol1_20211228_164238_7780752501_600_800_mask.png,Whipping.   phenomenon  c-
89,6,178,13,57,100,235,113,57,100,235,100,235,113,57,113,sub_line_text,text,text_0,opensans,regular,10,21bol1_20211228_164238_7780752501_600_800.png,/scratch/parceirosbr/bigoilict/share/BigOil/document_generator/datasets/documents_2021_12_28/21bol1_20211228_164238_7780752501_600_800.png,21bol1_20211228_164238_7780752501_600_800_mask.png,aused  by  the internal flow moment-
88,6,177,13,57,121,234,134,57,121,234,121,234,134,57,134,sub_line_text,text,text_0,opensans,regular,10,21bol1_20211228_164238_7780752501_600_800.png,/scratch/parceirosbr/bigoilict/share/BigOil/document_generator/datasets/documents_2021_12_28/21bol1_20211228_164238_7780752501_600_800.png,21bol1_20211228_164238_7780752501_600_800_mask.png,um  on  the catenary risers of offsho-
89,6,178,13,57,142,235,155,57,142,235,142,235,155,57,155,sub_line_text,text,text_0,opensans,regular,10,21bol1_20211228_164238_7780752501_600_800.png,/scratch/parceirosbr/bigoilict/share/BigOil/document_generator/datasets/documents_2021_12_28/21bol1_20211228_164238_7780752501_600_800.png,21bol1_20211228_164238_7780752501_600_800_mask.png,re  petroleum  fields.  effect  of  ther-
88,6,176,13,57,163,233,176,57,163,233,163,233,176,57,176,sub_line_text,text,text_0,opensans,regular,10,21bol1_20211228_164238_7780752501_600_800.png,/scratch/parceirosbr/bigoilict/share/BigOil/document_generator/datasets/documents_2021_12_28/21bol1_20211228_164238_7780752501_600_800.png,21bol1_20211228_164238_7780752501_600_800_mask.png,moelastic stresses on injection well.
89,48,178,97,57,79,235,176,57,79,235,79,235,176,57,176,text,text,text_0,opensans,regular,10,21bol1_20211228_164238_7780752501_600_800.png,/scratch/parceirosbr/bigoilict/share/BigOil/document_generator/datasets/documents_2021_12_28/21bol1_20211228_164238_7780752501_600_800.png,21bol1_20211228_164238_7780752501_600_800_mask.png,nan
90,38,180,76,255,79,435,155,255,79,435,79,435,155,255,155,list,list,list_1,opensans,opensans,10,21bol1_20211228_164238_7780752501_600_800.png,/scratch/parceirosbr/bigoilict/share/BigOil/document_generator/datasets/documents_2021_12_28/21bol1_20211228_164238_7780752501_600_800.png,21bol1_20211228_164238_7780752501_600_800_mask.png,
90,6,180,13,255,79,435,92,255,79,435,79,435,92,255,92,sub_line_text,list,list_1,opensans,regular,10,21bol1_20211228_164238_7780752501_600_800.png,/scratch/parceirosbr/bigoilict/share/BigOil/document_generator/datasets/documents_2021_12_28/21bol1_20211228_164238_7780752501_600_800.png,21bol1_20211228_164238_7780752501_600_800_mask.png,-  Use   of   branched-chain  esters  to
85,6,171,13,264,100,435,113,264,100,435,100,435,113,264,113,sub_line_text,list,list_1,opensans,regular,10,21bol1_20211228_164238_7780752501_600_800.png,/scratch/parceirosbr/bigoilict/share/BigOil/document_generator/datasets/documents_2021_12_28/21bol1_20211228_164238_7780752501_600_800.png,21bol1_20211228_164238_7780752501_600_800_mask.png,reduce         the         crystallization
30,6,61,13,264,121,325,134,264,121,325,121,325,134,264,134,sub_line_text,list,list_1,opensans,regular,10,21bol1_20211228_164238_7780752501_600_800.png,/scratch/parceirosbr/bigoilict/share/BigOil/document_generator/datasets/documents_2021_12_28/21bol1_20211228_164238_7780752501_600_800.png,21bol1_20211228_164238_7780752501_600_800_mask.png,temperature
90,6,180,13,255,142,435,155,255,142,435,142,435,155,255,155,sub_line_text,list,list_1,opensans,regular,10,21bol1_20211228_164238_7780752501_600_800.png,/scratch/parceirosbr/bigoilict/share/BigOil/document_generator/datasets/documents_2021_12_28/21bol1_20211228_164238_7780752501_600_800.png,21bol1_20211228_164238_7780752501_600_800_mask.png,"-  By 5.39b and 5.40b, it is possible to"
66,6,133,13,300,163,433,176,300,163,433,163,433,176,300,176,sub_line_text,text,text_1,opensans,regular,10,21bol1_20211228_164238_7780752501_600_800.png,/scratch/parceirosbr/bigoilict/share/BigOil/document_generator/datasets/documents_2021_12_28/21bol1_20211228_164238_7780752501_600_800.png,21bol1_20211228_164238_7780752501_600_800_mask.png,O  segundo  efeito se dá at-
84,6,168,13,255,184,423,197,255,184,423,184,423,197,255,197,sub_line_text,text,text_1,opensans,regular,10,21bol1_20211228_164238_7780752501_600_800.png,/scratch/parceirosbr/bigoilict/share/BigOil/document_generator/datasets/documents_2021_12_28/21bol1_20211228_164238_7780752501_600_800.png,21bol1_20211228_164238_7780752501_600_800_mask.png,ravés do investimento em infraest.
89,17,178,34,255,163,433,197,255,163,433,163,433,197,255,197,text,text,text_1,opensans,regular,10,21bol1_20211228_164238_7780752501_600_800.png,/scratch/parceirosbr/bigoilict/share/BigOil/document_generator/datasets/documents_2021_12_28/21bol1_20211228_164238_7780752501_600_800.png,21bol1_20211228_164238_7780752501_600_800_mask.png,nan
