center_x,center_y,width,height,xmin,ymin,xmax,ymax,top_left_x,top_left_y,top_right_x,top_right_y,bottom_right_x,bottom_right_y,bottom_left_x,bottom_left_y,label,grouplabel,group,text_font,text_style,size_font,filename,path,filename_mask,content
300,400,600,800,0,0,600,800,0,0,600,0,600,800,0,800,document,,,,,,22bol2_20211228_164301_4036440081_600_800.png,/scratch/parceirosbr/bigoilict/share/BigOil/document_generator/datasets/documents_2021_12_28/22bol2_20211228_164301_4036440081_600_800.png,22bol2_20211228_164301_4036440081_600_800_mask.png,
241,0,482,1,65,715,547,716,65,715,547,715,547,716,65,716,line,line,line,,,,22bol2_20211228_164301_4036440081_600_800.png,/scratch/parceirosbr/bigoilict/share/BigOil/document_generator/datasets/documents_2021_12_28/22bol2_20211228_164301_4036440081_600_800.png,22bol2_20211228_164301_4036440081_600_800_mask.png,nan
6,3,12,6,65,715,77,721,65,715,77,715,77,721,65,721,sub_line_text,numpag,footer_1,courier,regular,7,22bol2_20211228_164301_4036440081_600_800.png,/scratch/parceirosbr/bigoilict/share/BigOil/document_generator/datasets/documents_2021_12_28/22bol2_20211228_164301_4036440081_600_800.png,22bol2_20211228_164301_4036440081_600_800_mask.png,149
6,3,12,6,65,715,77,721,65,715,77,715,77,721,65,721,text,numpag,footer_1,courier,regular,7,22bol2_20211228_164301_4036440081_600_800.png,/scratch/parceirosbr/bigoilict/share/BigOil/document_generator/datasets/documents_2021_12_28/22bol2_20211228_164301_4036440081_600_800.png,22bol2_20211228_164301_4036440081_600_800_mask.png,nan
2,3,4,6,80,715,84,721,80,715,84,715,84,721,80,721,sub_line_text,footer,footer_1,courier,regular,7,22bol2_20211228_164301_4036440081_600_800.png,/scratch/parceirosbr/bigoilict/share/BigOil/document_generator/datasets/documents_2021_12_28/22bol2_20211228_164301_4036440081_600_800.png,22bol2_20211228_164301_4036440081_600_800_mask.png,|
2,3,4,6,80,715,84,721,80,715,84,715,84,721,80,721,text,footer,footer_1,courier,regular,7,22bol2_20211228_164301_4036440081_600_800.png,/scratch/parceirosbr/bigoilict/share/BigOil/document_generator/datasets/documents_2021_12_28/22bol2_20211228_164301_4036440081_600_800.png,22bol2_20211228_164301_4036440081_600_800_mask.png,nan
24,3,48,6,85,715,133,721,85,715,133,715,133,721,85,721,sub_line_text,footer,footer_1,courier,regular,7,22bol2_20211228_164301_4036440081_600_800.png,/scratch/parceirosbr/bigoilict/share/BigOil/document_generator/datasets/documents_2021_12_28/22bol2_20211228_164301_4036440081_600_800.png,22bol2_20211228_164301_4036440081_600_800_mask.png,Vigil√¢ncia a
24,3,48,6,85,715,133,721,85,715,133,715,133,721,85,721,text,footer,footer_1,courier,regular,7,22bol2_20211228_164301_4036440081_600_800.png,/scratch/parceirosbr/bigoilict/share/BigOil/document_generator/datasets/documents_2021_12_28/22bol2_20211228_164301_4036440081_600_800.png,22bol2_20211228_164301_4036440081_600_800_mask.png,nan
78,46,156,93,227,89,383,182,227,89,383,89,383,182,227,182,image,figure_image,figure_0,,,,22bol2_20211228_164301_4036440081_600_800.png,/scratch/parceirosbr/bigoilict/share/BigOil/document_generator/datasets/documents_2021_12_28/22bol2_20211228_164301_4036440081_600_800.png,22bol2_20211228_164301_4036440081_600_800_mask.png,output/gen_img_20211228_164301_4181653718.png
5,1,11,3,328,134,339,137,328,134,339,134,339,137,328,137,text,figure_text,figure_0,,,,22bol2_20211228_164301_4036440081_600_800.png,/scratch/parceirosbr/bigoilict/share/BigOil/document_generator/datasets/documents_2021_12_28/22bol2_20211228_164301_4036440081_600_800.png,22bol2_20211228_164301_4036440081_600_800_mask.png,Efficiency
5,1,11,3,328,134,339,137,328,134,339,134,339,137,328,137,sub_line_text,figure_text,figure_0,,,,22bol2_20211228_164301_4036440081_600_800.png,/scratch/parceirosbr/bigoilict/share/BigOil/document_generator/datasets/documents_2021_12_28/22bol2_20211228_164301_4036440081_600_800.png,22bol2_20211228_164301_4036440081_600_800_mask.png,Efficiency
8,1,16,3,364,94,380,97,364,94,380,94,380,97,364,97,text,figure_text,figure_0,,,,22bol2_20211228_164301_4036440081_600_800.png,/scratch/parceirosbr/bigoilict/share/BigOil/document_generator/datasets/documents_2021_12_28/22bol2_20211228_164301_4036440081_600_800.png,22bol2_20211228_164301_4036440081_600_800_mask.png,Frequency [Hz]
8,1,16,3,364,94,380,97,364,94,380,94,380,97,364,97,sub_line_text,figure_text,figure_0,,,,22bol2_20211228_164301_4036440081_600_800.png,/scratch/parceirosbr/bigoilict/share/BigOil/document_generator/datasets/documents_2021_12_28/22bol2_20211228_164301_4036440081_600_800.png,22bol2_20211228_164301_4036440081_600_800_mask.png,Frequency [Hz]
5,1,11,3,247,132,258,135,247,132,258,132,258,135,247,135,text,figure_text,figure_0,,,,22bol2_20211228_164301_4036440081_600_800.png,/scratch/parceirosbr/bigoilict/share/BigOil/document_generator/datasets/documents_2021_12_28/22bol2_20211228_164301_4036440081_600_800.png,22bol2_20211228_164301_4036440081_600_800_mask.png,-2633.17%
5,1,11,3,247,132,258,135,247,132,258,132,258,135,247,135,sub_line_text,figure_text,figure_0,,,,22bol2_20211228_164301_4036440081_600_800.png,/scratch/parceirosbr/bigoilict/share/BigOil/document_generator/datasets/documents_2021_12_28/22bol2_20211228_164301_4036440081_600_800.png,22bol2_20211228_164301_4036440081_600_800_mask.png,-2633.17%
7,1,15,3,331,127,346,130,331,127,346,127,346,130,331,130,text,figure_text,figure_0,,,,22bol2_20211228_164301_4036440081_600_800.png,/scratch/parceirosbr/bigoilict/share/BigOil/document_generator/datasets/documents_2021_12_28/22bol2_20211228_164301_4036440081_600_800.png,22bol2_20211228_164301_4036440081_600_800_mask.png,Concentration
7,1,15,3,331,127,346,130,331,127,346,127,346,130,331,130,sub_line_text,figure_text,figure_0,,,,22bol2_20211228_164301_4036440081_600_800.png,/scratch/parceirosbr/bigoilict/share/BigOil/document_generator/datasets/documents_2021_12_28/22bol2_20211228_164301_4036440081_600_800.png,22bol2_20211228_164301_4036440081_600_800_mask.png,Concentration
5,1,11,2,272,122,283,124,272,122,283,122,283,124,272,124,text,figure_text,figure_0,,,,22bol2_20211228_164301_4036440081_600_800.png,/scratch/parceirosbr/bigoilict/share/BigOil/document_generator/datasets/documents_2021_12_28/22bol2_20211228_164301_4036440081_600_800.png,22bol2_20211228_164301_4036440081_600_800_mask.png,Liters [ML]
5,1,11,2,272,122,283,124,272,122,283,122,283,124,272,124,sub_line_text,figure_text,figure_0,,,,22bol2_20211228_164301_4036440081_600_800.png,/scratch/parceirosbr/bigoilict/share/BigOil/document_generator/datasets/documents_2021_12_28/22bol2_20211228_164301_4036440081_600_800.png,22bol2_20211228_164301_4036440081_600_800_mask.png,Liters [ML]
4,1,8,3,248,162,256,165,248,162,256,162,256,165,248,165,text,figure_text,figure_0,,,,22bol2_20211228_164301_4036440081_600_800.png,/scratch/parceirosbr/bigoilict/share/BigOil/document_generator/datasets/documents_2021_12_28/22bol2_20211228_164301_4036440081_600_800.png,22bol2_20211228_164301_4036440081_600_800_mask.png,Control
4,1,8,3,248,162,256,165,248,162,256,162,256,165,248,165,sub_line_text,figure_text,figure_0,,,,22bol2_20211228_164301_4036440081_600_800.png,/scratch/parceirosbr/bigoilict/share/BigOil/document_generator/datasets/documents_2021_12_28/22bol2_20211228_164301_4036440081_600_800.png,22bol2_20211228_164301_4036440081_600_800_mask.png,Control
5,1,10,2,344,147,354,149,344,147,354,147,354,149,344,149,text,figure_text,figure_0,,,,22bol2_20211228_164301_4036440081_600_800.png,/scratch/parceirosbr/bigoilict/share/BigOil/document_generator/datasets/documents_2021_12_28/22bol2_20211228_164301_4036440081_600_800.png,22bol2_20211228_164301_4036440081_600_800_mask.png,-9710.932
5,1,10,2,344,147,354,149,344,147,354,147,354,149,344,149,sub_line_text,figure_text,figure_0,,,,22bol2_20211228_164301_4036440081_600_800.png,/scratch/parceirosbr/bigoilict/share/BigOil/document_generator/datasets/documents_2021_12_28/22bol2_20211228_164301_4036440081_600_800.png,22bol2_20211228_164301_4036440081_600_800_mask.png,-9710.932
4,1,8,3,297,158,305,161,297,158,305,158,305,161,297,161,text,figure_text,figure_0,,,,22bol2_20211228_164301_4036440081_600_800.png,/scratch/parceirosbr/bigoilict/share/BigOil/document_generator/datasets/documents_2021_12_28/22bol2_20211228_164301_4036440081_600_800.png,22bol2_20211228_164301_4036440081_600_800_mask.png,-4910.4
4,1,8,3,297,158,305,161,297,158,305,158,305,161,297,161,sub_line_text,figure_text,figure_0,,,,22bol2_20211228_164301_4036440081_600_800.png,/scratch/parceirosbr/bigoilict/share/BigOil/document_generator/datasets/documents_2021_12_28/22bol2_20211228_164301_4036440081_600_800.png,22bol2_20211228_164301_4036440081_600_800_mask.png,-4910.4
4,1,9,3,356,155,365,158,356,155,365,155,365,158,356,158,text,figure_text,figure_0,,,,22bol2_20211228_164301_4036440081_600_800.png,/scratch/parceirosbr/bigoilict/share/BigOil/document_generator/datasets/documents_2021_12_28/22bol2_20211228_164301_4036440081_600_800.png,22bol2_20211228_164301_4036440081_600_800_mask.png,-584.6%
4,1,9,3,356,155,365,158,356,155,365,155,365,158,356,158,sub_line_text,figure_text,figure_0,,,,22bol2_20211228_164301_4036440081_600_800.png,/scratch/parceirosbr/bigoilict/share/BigOil/document_generator/datasets/documents_2021_12_28/22bol2_20211228_164301_4036440081_600_800.png,22bol2_20211228_164301_4036440081_600_800_mask.png,-584.6%
6,1,13,2,230,153,243,155,230,153,243,153,243,155,230,155,text,figure_text,figure_0,,,,22bol2_20211228_164301_4036440081_600_800.png,/scratch/parceirosbr/bigoilict/share/BigOil/document_generator/datasets/documents_2021_12_28/22bol2_20211228_164301_4036440081_600_800.png,22bol2_20211228_164301_4036440081_600_800_mask.png,Volume [MB]
6,1,13,2,230,153,243,155,230,153,243,153,243,155,230,155,sub_line_text,figure_text,figure_0,,,,22bol2_20211228_164301_4036440081_600_800.png,/scratch/parceirosbr/bigoilict/share/BigOil/document_generator/datasets/documents_2021_12_28/22bol2_20211228_164301_4036440081_600_800.png,22bol2_20211228_164301_4036440081_600_800_mask.png,Volume [MB]
5,1,10,3,321,120,331,123,321,120,331,120,331,123,321,123,text,figure_text,figure_0,,,,22bol2_20211228_164301_4036440081_600_800.png,/scratch/parceirosbr/bigoilict/share/BigOil/document_generator/datasets/documents_2021_12_28/22bol2_20211228_164301_4036440081_600_800.png,22bol2_20211228_164301_4036440081_600_800_mask.png,-2931.41%
5,1,10,3,321,120,331,123,321,120,331,120,331,123,321,123,sub_line_text,figure_text,figure_0,,,,22bol2_20211228_164301_4036440081_600_800.png,/scratch/parceirosbr/bigoilict/share/BigOil/document_generator/datasets/documents_2021_12_28/22bol2_20211228_164301_4036440081_600_800.png,22bol2_20211228_164301_4036440081_600_800_mask.png,-2931.41%
3,1,6,3,345,113,351,116,345,113,351,113,351,116,345,116,text,figure_text,figure_0,,,,22bol2_20211228_164301_4036440081_600_800.png,/scratch/parceirosbr/bigoilict/share/BigOil/document_generator/datasets/documents_2021_12_28/22bol2_20211228_164301_4036440081_600_800.png,22bol2_20211228_164301_4036440081_600_800_mask.png,402%
3,1,6,3,345,113,351,116,345,113,351,113,351,116,345,116,sub_line_text,figure_text,figure_0,,,,22bol2_20211228_164301_4036440081_600_800.png,/scratch/parceirosbr/bigoilict/share/BigOil/document_generator/datasets/documents_2021_12_28/22bol2_20211228_164301_4036440081_600_800.png,22bol2_20211228_164301_4036440081_600_800_mask.png,402%
21,3,42,7,65,187,107,194,65,187,107,187,107,194,65,194,sub_line_text,figure_legend,figure_0,courier,bolditalic,6,22bol2_20211228_164301_4036440081_600_800.png,/scratch/parceirosbr/bigoilict/share/BigOil/document_generator/datasets/documents_2021_12_28/22bol2_20211228_164301_4036440081_600_800.png,22bol2_20211228_164301_4036440081_600_800_mask.png,Figure 14:
94,3,188,7,65,199,253,206,65,199,253,199,253,206,65,206,sub_line_text,figure_legend,figure_0,courier,bolditalic,6,22bol2_20211228_164301_4036440081_600_800.png,/scratch/parceirosbr/bigoilict/share/BigOil/document_generator/datasets/documents_2021_12_28/22bol2_20211228_164301_4036440081_600_800.png,22bol2_20211228_164301_4036440081_600_800_mask.png,What  I mean is that there is weightlessness t-
94,3,188,7,65,211,253,218,65,211,253,211,253,218,65,218,sub_line_text,figure_legend,figure_0,courier,bolditalic,6,22bol2_20211228_164301_4036440081_600_800.png,/scratch/parceirosbr/bigoilict/share/BigOil/document_generator/datasets/documents_2021_12_28/22bol2_20211228_164301_4036440081_600_800.png,22bol2_20211228_164301_4036440081_600_800_mask.png,hat  is  difficult to quantify. O uso de mat√©r-
94,3,188,7,65,223,253,230,65,223,253,223,253,230,65,230,sub_line_text,figure_legend,figure_0,courier,bolditalic,6,22bol2_20211228_164301_4036440081_600_800.png,/scratch/parceirosbr/bigoilict/share/BigOil/document_generator/datasets/documents_2021_12_28/22bol2_20211228_164301_4036440081_600_800.png,22bol2_20211228_164301_4036440081_600_800_mask.png,ia-prima  com tamanho de part√≠cula t√£o reduzido
90,3,180,7,65,235,245,242,65,235,245,235,245,242,65,242,sub_line_text,figure_legend,figure_0,courier,bolditalic,6,22bol2_20211228_164301_4036440081_600_800.png,/scratch/parceirosbr/bigoilict/share/BigOil/document_generator/datasets/documents_2021_12_28/22bol2_20211228_164301_4036440081_600_800.png,22bol2_20211228_164301_4036440081_600_800_mask.png,como as utilizadas aqui n√£o √© comum na litera
94,27,188,55,65,187,253,242,65,187,253,187,253,242,65,242,text,figure_legend,figure_0,courier,bolditalic,6,22bol2_20211228_164301_4036440081_600_800.png,/scratch/parceirosbr/bigoilict/share/BigOil/document_generator/datasets/documents_2021_12_28/22bol2_20211228_164301_4036440081_600_800.png,22bol2_20211228_164301_4036440081_600_800_mask.png,nan
21,3,42,7,303,187,345,194,303,187,345,187,345,194,303,194,sub_line_text,figure_legend,figure_0,courier,bolditalic,6,22bol2_20211228_164301_4036440081_600_800.png,/scratch/parceirosbr/bigoilict/share/BigOil/document_generator/datasets/documents_2021_12_28/22bol2_20211228_164301_4036440081_600_800.png,22bol2_20211228_164301_4036440081_600_800_mask.png,Figure 22:
94,3,188,7,303,199,491,206,303,199,491,199,491,206,303,206,sub_line_text,figure_legend,figure_0,courier,bolditalic,6,22bol2_20211228_164301_4036440081_600_800.png,/scratch/parceirosbr/bigoilict/share/BigOil/document_generator/datasets/documents_2021_12_28/22bol2_20211228_164301_4036440081_600_800.png,22bol2_20211228_164301_4036440081_600_800_mask.png,28  presents  the modeling done in 2015) of the
76,3,152,7,303,211,455,218,303,211,455,211,455,218,303,218,sub_line_text,figure_legend,figure_0,courier,bolditalic,6,22bol2_20211228_164301_4036440081_600_800.png,/scratch/parceirosbr/bigoilict/share/BigOil/document_generator/datasets/documents_2021_12_28/22bol2_20211228_164301_4036440081_600_800.png,22bol2_20211228_164301_4036440081_600_800_mask.png,6500 structure that extends throughout
94,15,188,31,303,187,491,218,303,187,491,187,491,218,303,218,text,figure_legend,figure_0,courier,bolditalic,6,22bol2_20211228_164301_4036440081_600_800.png,/scratch/parceirosbr/bigoilict/share/BigOil/document_generator/datasets/documents_2021_12_28/22bol2_20211228_164301_4036440081_600_800.png,22bol2_20211228_164301_4036440081_600_800_mask.png,nan
92,127,184,255,65,249,249,504,65,249,249,249,249,504,65,504,list,list,list_1,courier,courier,7,22bol2_20211228_164301_4036440081_600_800.png,/scratch/parceirosbr/bigoilict/share/BigOil/document_generator/datasets/documents_2021_12_28/22bol2_20211228_164301_4036440081_600_800.png,22bol2_20211228_164301_4036440081_600_800_mask.png,
76,3,152,7,65,249,217,256,65,249,217,249,217,256,65,256,sub_line_text,list,list_1,courier,regular,7,22bol2_20211228_164301_4036440081_600_800.png,/scratch/parceirosbr/bigoilict/share/BigOil/document_generator/datasets/documents_2021_12_28/22bol2_20211228_164301_4036440081_600_800.png,22bol2_20211228_164301_4036440081_600_800_mask.png,-  The hazard identification technique
74,3,148,7,65,260,213,267,65,260,213,260,213,267,65,267,sub_line_text,list,list_1,courier,regular,7,22bol2_20211228_164301_4036440081_600_800.png,/scratch/parceirosbr/bigoilict/share/BigOil/document_generator/datasets/documents_2021_12_28/22bol2_20211228_164301_4036440081_600_800.png,22bol2_20211228_164301_4036440081_600_800_mask.png,-  Para a an√°lise da considera-se que
36,3,72,7,65,271,137,278,65,271,137,271,137,278,65,278,sub_line_text,list,list_1,courier,regular,7,22bol2_20211228_164301_4036440081_600_800.png,/scratch/parceirosbr/bigoilict/share/BigOil/document_generator/datasets/documents_2021_12_28/22bol2_20211228_164301_4036440081_600_800.png,22bol2_20211228_164301_4036440081_600_800_mask.png,-  Para a produ√ß√£o
44,3,88,7,65,282,153,289,65,282,153,282,153,289,65,289,sub_line_text,list,list_1,courier,regular,7,22bol2_20211228_164301_4036440081_600_800.png,/scratch/parceirosbr/bigoilict/share/BigOil/document_generator/datasets/documents_2021_12_28/22bol2_20211228_164301_4036440081_600_800.png,22bol2_20211228_164301_4036440081_600_800_mask.png,-  The source rock for
40,3,80,7,65,293,145,300,65,293,145,293,145,300,65,300,sub_line_text,list,list_1,courier,regular,7,22bol2_20211228_164301_4036440081_600_800.png,/scratch/parceirosbr/bigoilict/share/BigOil/document_generator/datasets/documents_2021_12_28/22bol2_20211228_164301_4036440081_600_800.png,22bol2_20211228_164301_4036440081_600_800_mask.png,-  A an√°lise de cada
66,3,132,7,65,304,197,311,65,304,197,304,197,311,65,311,sub_line_text,list,list_1,courier,regular,7,22bol2_20211228_164301_4036440081_600_800.png,/scratch/parceirosbr/bigoilict/share/BigOil/document_generator/datasets/documents_2021_12_28/22bol2_20211228_164301_4036440081_600_800.png,22bol2_20211228_164301_4036440081_600_800_mask.png,-  Linear scale; b) logarithmic 0
80,3,160,7,65,315,225,322,65,315,225,315,225,322,65,322,sub_line_text,list,list_1,courier,regular,7,22bol2_20211228_164301_4036440081_600_800.png,/scratch/parceirosbr/bigoilict/share/BigOil/document_generator/datasets/documents_2021_12_28/22bol2_20211228_164301_4036440081_600_800.png,22bol2_20211228_164301_4036440081_600_800_mask.png,-  A efici√™ncia desta t√©cnica resulta de
70,3,141,7,65,326,206,333,65,326,206,326,206,333,65,333,sub_line_text,list,list_1,courier,regular,7,22bol2_20211228_164301_4036440081_600_800.png,/scratch/parceirosbr/bigoilict/share/BigOil/document_generator/datasets/documents_2021_12_28/22bol2_20211228_164301_4036440081_600_800.png,22bol2_20211228_164301_4036440081_600_800_mask.png,-  Except for the one that recorded
92,3,184,7,65,337,249,344,65,337,249,337,249,344,65,344,sub_line_text,list,list_1,courier,regular,7,22bol2_20211228_164301_4036440081_600_800.png,/scratch/parceirosbr/bigoilict/share/BigOil/document_generator/datasets/documents_2021_12_28/22bol2_20211228_164301_4036440081_600_800.png,22bol2_20211228_164301_4036440081_600_800_mask.png,-  These concession contracts must provide for
62,3,124,7,65,348,189,355,65,348,189,348,189,355,65,355,sub_line_text,list,list_1,courier,regular,7,22bol2_20211228_164301_4036440081_600_800.png,/scratch/parceirosbr/bigoilict/share/BigOil/document_generator/datasets/documents_2021_12_28/22bol2_20211228_164301_4036440081_600_800.png,22bol2_20211228_164301_4036440081_600_800_mask.png,-  Nutrientes dissolvidos neste
78,3,156,7,65,359,221,366,65,359,221,359,221,366,65,366,sub_line_text,list,list_1,courier,regular,7,22bol2_20211228_164301_4036440081_600_800.png,/scratch/parceirosbr/bigoilict/share/BigOil/document_generator/datasets/documents_2021_12_28/22bol2_20211228_164301_4036440081_600_800.png,22bol2_20211228_164301_4036440081_600_800_mask.png,"-  Afeta(i, 25) afeta apenas efici√™ncia"
48,3,96,7,65,373,161,380,65,373,161,373,161,380,65,380,sub_line_text,list,list_1,courier,regular,7,22bol2_20211228_164301_4036440081_600_800.png,/scratch/parceirosbr/bigoilict/share/BigOil/document_generator/datasets/documents_2021_12_28/22bol2_20211228_164301_4036440081_600_800.png,22bol2_20211228_164301_4036440081_600_800_mask.png,-  Due to the low lignin
54,3,108,7,65,387,173,394,65,387,173,387,173,394,65,394,sub_line_text,list,list_1,courier,regular,7,22bol2_20211228_164301_4036440081_600_800.png,/scratch/parceirosbr/bigoilict/share/BigOil/document_generator/datasets/documents_2021_12_28/22bol2_20211228_164301_4036440081_600_800.png,22bol2_20211228_164301_4036440081_600_800_mask.png,-  As amostras com o √≠ndice
58,3,117,7,65,399,182,406,65,399,182,399,182,406,65,406,sub_line_text,list,list_1,courier,regular,7,22bol2_20211228_164301_4036440081_600_800.png,/scratch/parceirosbr/bigoilict/share/BigOil/document_generator/datasets/documents_2021_12_28/22bol2_20211228_164301_4036440081_600_800.png,22bol2_20211228_164301_4036440081_600_800_mask.png,-  We note that the transform
74,3,148,7,65,411,213,418,65,411,213,411,213,418,65,418,sub_line_text,list,list_1,courier,regular,7,22bol2_20211228_164301_4036440081_600_800.png,/scratch/parceirosbr/bigoilict/share/BigOil/document_generator/datasets/documents_2021_12_28/22bol2_20211228_164301_4036440081_600_800.png,22bol2_20211228_164301_4036440081_600_800_mask.png,-  Al√©m dos √≥leos vegetais e gorduras
32,3,64,7,65,423,129,430,65,423,129,423,129,430,65,430,sub_line_text,list,list_1,courier,regular,7,22bol2_20211228_164301_4036440081_600_800.png,/scratch/parceirosbr/bigoilict/share/BigOil/document_generator/datasets/documents_2021_12_28/22bol2_20211228_164301_4036440081_600_800.png,22bol2_20211228_164301_4036440081_600_800_mask.png,-  As principais
26,3,52,7,65,435,117,442,65,435,117,435,117,442,65,442,sub_line_text,list,list_1,courier,regular,7,22bol2_20211228_164301_4036440081_600_800.png,/scratch/parceirosbr/bigoilict/share/BigOil/document_generator/datasets/documents_2021_12_28/22bol2_20211228_164301_4036440081_600_800.png,22bol2_20211228_164301_4036440081_600_800_mask.png,-  Seu padr√£o
50,3,100,7,65,447,165,454,65,447,165,447,165,454,65,454,sub_line_text,list,list_1,courier,regular,7,22bol2_20211228_164301_4036440081_600_800.png,/scratch/parceirosbr/bigoilict/share/BigOil/document_generator/datasets/documents_2021_12_28/22bol2_20211228_164301_4036440081_600_800.png,22bol2_20211228_164301_4036440081_600_800_mask.png,-  5 rounds of resolution
92,3,184,7,65,459,249,466,65,459,249,459,249,466,65,466,sub_line_text,list,list_1,courier,regular,7,22bol2_20211228_164301_4036440081_600_800.png,/scratch/parceirosbr/bigoilict/share/BigOil/document_generator/datasets/documents_2021_12_28/22bol2_20211228_164301_4036440081_600_800.png,22bol2_20211228_164301_4036440081_600_800_mask.png,"-  Finally,    from    the    perspective   of"
32,3,64,7,77,471,141,478,77,471,141,471,141,478,77,478,sub_line_text,list,list_1,courier,regular,7,22bol2_20211228_164301_4036440081_600_800.png,/scratch/parceirosbr/bigoilict/share/BigOil/document_generator/datasets/documents_2021_12_28/22bol2_20211228_164301_4036440081_600_800.png,22bol2_20211228_164301_4036440081_600_800_mask.png,"expenditure, the"
92,3,184,7,65,485,249,492,65,485,249,485,249,492,65,492,sub_line_text,list,list_1,courier,regular,7,22bol2_20211228_164301_4036440081_600_800.png,/scratch/parceirosbr/bigoilict/share/BigOil/document_generator/datasets/documents_2021_12_28/22bol2_20211228_164301_4036440081_600_800.png,22bol2_20211228_164301_4036440081_600_800_mask.png,-  Automaticamente   a   interface   de   tais
22,3,44,7,77,497,121,504,77,497,121,497,121,504,77,504,sub_line_text,list,list_1,courier,regular,7,22bol2_20211228_164301_4036440081_600_800.png,/scratch/parceirosbr/bigoilict/share/BigOil/document_generator/datasets/documents_2021_12_28/22bol2_20211228_164301_4036440081_600_800.png,22bol2_20211228_164301_4036440081_600_800_mask.png,sub-rotinas
60,3,121,7,125,511,246,518,125,511,246,511,246,518,125,518,sub_line_text,text,text_0,courier,regular,7,22bol2_20211228_164301_4036440081_600_800.png,/scratch/parceirosbr/bigoilict/share/BigOil/document_generator/datasets/documents_2021_12_28/22bol2_20211228_164301_4036440081_600_800.png,22bol2_20211228_164301_4036440081_600_800_mask.png,Feasibility  and  multiplicity
90,3,180,7,65,523,245,530,65,523,245,523,245,530,65,530,sub_line_text,text,text_0,courier,regular,7,22bol2_20211228_164301_4036440081_600_800.png,/scratch/parceirosbr/bigoilict/share/BigOil/document_generator/datasets/documents_2021_12_28/22bol2_20211228_164301_4036440081_600_800.png,22bol2_20211228_164301_4036440081_600_800_mask.png,in  processes for systems with competing irr-
92,3,184,7,65,535,249,542,65,535,249,535,249,542,65,542,sub_line_text,text,text_0,courier,regular,7,22bol2_20211228_164301_4036440081_600_800.png,/scratch/parceirosbr/bigoilict/share/BigOil/document_generator/datasets/documents_2021_12_28/22bol2_20211228_164301_4036440081_600_800.png,22bol2_20211228_164301_4036440081_600_800_mask.png,eversible  reactions. There are several expla-
90,3,180,7,65,547,245,554,65,547,245,547,245,554,65,554,sub_line_text,text,text_0,courier,regular,7,22bol2_20211228_164301_4036440081_600_800.png,/scratch/parceirosbr/bigoilict/share/BigOil/document_generator/datasets/documents_2021_12_28/22bol2_20211228_164301_4036440081_600_800.png,22bol2_20211228_164301_4036440081_600_800_mask.png,nations  for the tendency to increase select-
90,3,180,7,65,559,245,566,65,559,245,559,245,566,65,566,sub_line_text,text,text_0,courier,regular,7,22bol2_20211228_164301_4036440081_600_800.png,/scratch/parceirosbr/bigoilict/share/BigOil/document_generator/datasets/documents_2021_12_28/22bol2_20211228_164301_4036440081_600_800.png,22bol2_20211228_164301_4036440081_600_800_mask.png,ivity  to methane with decreasing spatial sp-
90,3,180,7,65,571,245,578,65,571,245,571,245,578,65,578,sub_line_text,text,text_0,courier,regular,7,22bol2_20211228_164301_4036440081_600_800.png,/scratch/parceirosbr/bigoilict/share/BigOil/document_generator/datasets/documents_2021_12_28/22bol2_20211228_164301_4036440081_600_800.png,22bol2_20211228_164301_4036440081_600_800_mask.png,eed.  Letters and derivative of error D in d-
90,3,180,7,65,583,245,590,65,583,245,583,245,590,65,590,sub_line_text,text,text_0,courier,regular,7,22bol2_20211228_164301_4036440081_600_800.png,/scratch/parceirosbr/bigoilict/share/BigOil/document_generator/datasets/documents_2021_12_28/22bol2_20211228_164301_4036440081_600_800.png,22bol2_20211228_164301_4036440081_600_800_mask.png,erivative  constant  I in integral constant P
90,3,180,7,65,595,245,602,65,595,245,595,245,602,65,602,sub_line_text,text,text_0,courier,regular,7,22bol2_20211228_164301_4036440081_600_800.png,/scratch/parceirosbr/bigoilict/share/BigOil/document_generator/datasets/documents_2021_12_28/22bol2_20211228_164301_4036440081_600_800.png,22bol2_20211228_164301_4036440081_600_800_mask.png,in  proportional constant PBCS of pressure a-
90,3,180,7,65,607,245,614,65,607,245,607,245,614,65,614,sub_line_text,text,text_0,courier,regular,7,22bol2_20211228_164301_4036440081_600_800.png,/scratch/parceirosbr/bigoilict/share/BigOil/document_generator/datasets/documents_2021_12_28/22bol2_20211228_164301_4036440081_600_800.png,22bol2_20211228_164301_4036440081_600_800_mask.png,dded  by  the pump to the pumped fluid (t) p-
90,3,180,7,65,619,245,626,65,619,245,619,245,626,65,626,sub_line_text,text,text_0,courier,regular,7,22bol2_20211228_164301_4036440081_600_800.png,/scratch/parceirosbr/bigoilict/share/BigOil/document_generator/datasets/documents_2021_12_28/22bol2_20211228_164301_4036440081_600_800.png,22bol2_20211228_164301_4036440081_600_800_mask.png,ertinence  signal assigned to the error as o-
90,3,180,7,65,631,245,638,65,631,245,631,245,638,65,638,sub_line_text,text,text_0,courier,regular,7,22bol2_20211228_164301_4036440081_600_800.png,/scratch/parceirosbr/bigoilict/share/BigOil/document_generator/datasets/documents_2021_12_28/22bol2_20211228_164301_4036440081_600_800.png,22bol2_20211228_164301_4036440081_600_800_mask.png,utput  from)  t (medium relevance signal A (-
90,3,180,7,65,643,245,650,65,643,245,643,245,650,65,650,sub_line_text,text,text_0,courier,regular,7,22bol2_20211228_164301_4036440081_600_800.png,/scratch/parceirosbr/bigoilict/share/BigOil/document_generator/datasets/documents_2021_12_28/22bol2_20211228_164301_4036440081_600_800.png,22bol2_20211228_164301_4036440081_600_800_mask.png,x) fuzzy set pertinence function in variable.
92,69,184,139,65,511,249,650,65,511,249,511,249,650,65,650,text,text,text_0,courier,regular,7,22bol2_20211228_164301_4036440081_600_800.png,/scratch/parceirosbr/bigoilict/share/BigOil/document_generator/datasets/documents_2021_12_28/22bol2_20211228_164301_4036440081_600_800.png,22bol2_20211228_164301_4036440081_600_800_mask.png,nan
60,3,120,7,125,657,245,664,125,657,245,657,245,664,125,664,sub_line_text,text,text_1,courier,regular,7,22bol2_20211228_164301_4036440081_600_800.png,/scratch/parceirosbr/bigoilict/share/BigOil/document_generator/datasets/documents_2021_12_28/22bol2_20211228_164301_4036440081_600_800.png,22bol2_20211228_164301_4036440081_600_800_mask.png,"In  short, this system was co-"
90,3,180,7,65,669,245,676,65,669,245,669,245,676,65,676,sub_line_text,text,text_1,courier,regular,7,22bol2_20211228_164301_4036440081_600_800.png,/scratch/parceirosbr/bigoilict/share/BigOil/document_generator/datasets/documents_2021_12_28/22bol2_20211228_164301_4036440081_600_800.png,22bol2_20211228_164301_4036440081_600_800_mask.png,"nceived  in the 1970s, in response to the fo-"
88,3,176,7,65,681,241,688,65,681,241,681,241,688,65,688,sub_line_text,text,text_1,courier,regular,7,22bol2_20211228_164301_4036440081_600_800.png,/scratch/parceirosbr/bigoilict/share/BigOil/document_generator/datasets/documents_2021_12_28/22bol2_20211228_164301_4036440081_600_800.png,22bol2_20211228_164301_4036440081_600_800_mask.png,rest fires in order to adjust issues of com.
90,15,180,31,65,657,245,688,65,657,245,657,245,688,65,688,text,text,text_1,courier,regular,7,22bol2_20211228_164301_4036440081_600_800.png,/scratch/parceirosbr/bigoilict/share/BigOil/document_generator/datasets/documents_2021_12_28/22bol2_20211228_164301_4036440081_600_800.png,22bol2_20211228_164301_4036440081_600_800_mask.png,nan
119,74,238,149,286,509,524,658,286,509,524,509,524,658,286,658,image,figure_image,figure_1,,,,22bol2_20211228_164301_4036440081_600_800.png,/scratch/parceirosbr/bigoilict/share/BigOil/document_generator/datasets/documents_2021_12_28/22bol2_20211228_164301_4036440081_600_800.png,22bol2_20211228_164301_4036440081_600_800_mask.png,output/gen_img_20211228_164306_4386349073.png
13,2,27,4,447,606,474,610,447,606,474,606,474,610,447,610,text,figure_text,figure_1,,,,22bol2_20211228_164301_4036440081_600_800.png,/scratch/parceirosbr/bigoilict/share/BigOil/document_generator/datasets/documents_2021_12_28/22bol2_20211228_164301_4036440081_600_800.png,22bol2_20211228_164301_4036440081_600_800_mask.png,Level (kl)
13,2,27,4,447,606,474,610,447,606,474,606,474,610,447,610,sub_line_text,figure_text,figure_1,,,,22bol2_20211228_164301_4036440081_600_800.png,/scratch/parceirosbr/bigoilict/share/BigOil/document_generator/datasets/documents_2021_12_28/22bol2_20211228_164301_4036440081_600_800.png,22bol2_20211228_164301_4036440081_600_800_mask.png,Level (kl)
12,2,24,4,404,531,428,535,404,531,428,531,428,535,404,535,text,figure_text,figure_1,,,,22bol2_20211228_164301_4036440081_600_800.png,/scratch/parceirosbr/bigoilict/share/BigOil/document_generator/datasets/documents_2021_12_28/22bol2_20211228_164301_4036440081_600_800.png,22bol2_20211228_164301_4036440081_600_800_mask.png,-1625.654
12,2,24,4,404,531,428,535,404,531,428,531,428,535,404,535,sub_line_text,figure_text,figure_1,,,,22bol2_20211228_164301_4036440081_600_800.png,/scratch/parceirosbr/bigoilict/share/BigOil/document_generator/datasets/documents_2021_12_28/22bol2_20211228_164301_4036440081_600_800.png,22bol2_20211228_164301_4036440081_600_800_mask.png,-1625.654
15,2,30,5,364,534,394,539,364,534,394,534,394,539,364,539,text,figure_text,figure_1,,,,22bol2_20211228_164301_4036440081_600_800.png,/scratch/parceirosbr/bigoilict/share/BigOil/document_generator/datasets/documents_2021_12_28/22bol2_20211228_164301_4036440081_600_800.png,22bol2_20211228_164301_4036440081_600_800_mask.png,Demand [KB]
15,2,30,5,364,534,394,539,364,534,394,534,394,539,364,539,sub_line_text,figure_text,figure_1,,,,22bol2_20211228_164301_4036440081_600_800.png,/scratch/parceirosbr/bigoilict/share/BigOil/document_generator/datasets/documents_2021_12_28/22bol2_20211228_164301_4036440081_600_800.png,22bol2_20211228_164301_4036440081_600_800_mask.png,Demand [KB]
9,2,18,4,436,526,454,530,436,526,454,526,454,530,436,530,text,figure_text,figure_1,,,,22bol2_20211228_164301_4036440081_600_800.png,/scratch/parceirosbr/bigoilict/share/BigOil/document_generator/datasets/documents_2021_12_28/22bol2_20211228_164301_4036440081_600_800.png,22bol2_20211228_164301_4036440081_600_800_mask.png,-4085.9
9,2,18,4,436,526,454,530,436,526,454,526,454,530,436,530,sub_line_text,figure_text,figure_1,,,,22bol2_20211228_164301_4036440081_600_800.png,/scratch/parceirosbr/bigoilict/share/BigOil/document_generator/datasets/documents_2021_12_28/22bol2_20211228_164301_4036440081_600_800.png,22bol2_20211228_164301_4036440081_600_800_mask.png,-4085.9
9,2,19,4,431,568,450,572,431,568,450,568,450,572,431,572,text,figure_text,figure_1,,,,22bol2_20211228_164301_4036440081_600_800.png,/scratch/parceirosbr/bigoilict/share/BigOil/document_generator/datasets/documents_2021_12_28/22bol2_20211228_164301_4036440081_600_800.png,22bol2_20211228_164301_4036440081_600_800_mask.png,-1788.0
9,2,19,4,431,568,450,572,431,568,450,568,450,572,431,572,sub_line_text,figure_text,figure_1,,,,22bol2_20211228_164301_4036440081_600_800.png,/scratch/parceirosbr/bigoilict/share/BigOil/document_generator/datasets/documents_2021_12_28/22bol2_20211228_164301_4036440081_600_800.png,22bol2_20211228_164301_4036440081_600_800_mask.png,-1788.0
15,2,30,4,288,631,318,635,288,631,318,631,318,635,288,635,text,figure_text,figure_1,,,,22bol2_20211228_164301_4036440081_600_800.png,/scratch/parceirosbr/bigoilict/share/BigOil/document_generator/datasets/documents_2021_12_28/22bol2_20211228_164301_4036440081_600_800.png,22bol2_20211228_164301_4036440081_600_800_mask.png,Liters [MM]
15,2,30,4,288,631,318,635,288,631,318,631,318,635,288,635,sub_line_text,figure_text,figure_1,,,,22bol2_20211228_164301_4036440081_600_800.png,/scratch/parceirosbr/bigoilict/share/BigOil/document_generator/datasets/documents_2021_12_28/22bol2_20211228_164301_4036440081_600_800.png,22bol2_20211228_164301_4036440081_600_800_mask.png,Liters [MM]
9,2,19,4,300,588,319,592,300,588,319,588,319,592,300,592,text,figure_text,figure_1,,,,22bol2_20211228_164301_4036440081_600_800.png,/scratch/parceirosbr/bigoilict/share/BigOil/document_generator/datasets/documents_2021_12_28/22bol2_20211228_164301_4036440081_600_800.png,22bol2_20211228_164301_4036440081_600_800_mask.png,-5519.6
9,2,19,4,300,588,319,592,300,588,319,588,319,592,300,592,sub_line_text,figure_text,figure_1,,,,22bol2_20211228_164301_4036440081_600_800.png,/scratch/parceirosbr/bigoilict/share/BigOil/document_generator/datasets/documents_2021_12_28/22bol2_20211228_164301_4036440081_600_800.png,22bol2_20211228_164301_4036440081_600_800_mask.png,-5519.6
14,2,29,4,416,640,445,644,416,640,445,640,445,644,416,644,text,figure_text,figure_1,,,,22bol2_20211228_164301_4036440081_600_800.png,/scratch/parceirosbr/bigoilict/share/BigOil/document_generator/datasets/documents_2021_12_28/22bol2_20211228_164301_4036440081_600_800.png,22bol2_20211228_164301_4036440081_600_800_mask.png,Liters (ML)
14,2,29,4,416,640,445,644,416,640,445,640,445,644,416,644,sub_line_text,figure_text,figure_1,,,,22bol2_20211228_164301_4036440081_600_800.png,/scratch/parceirosbr/bigoilict/share/BigOil/document_generator/datasets/documents_2021_12_28/22bol2_20211228_164301_4036440081_600_800.png,22bol2_20211228_164301_4036440081_600_800_mask.png,Liters (ML)
12,2,24,4,318,540,342,544,318,540,342,540,342,544,318,544,text,figure_text,figure_1,,,,22bol2_20211228_164301_4036440081_600_800.png,/scratch/parceirosbr/bigoilict/share/BigOil/document_generator/datasets/documents_2021_12_28/22bol2_20211228_164301_4036440081_600_800.png,22bol2_20211228_164301_4036440081_600_800_mask.png,-9153.303
12,2,24,4,318,540,342,544,318,540,342,540,342,544,318,544,sub_line_text,figure_text,figure_1,,,,22bol2_20211228_164301_4036440081_600_800.png,/scratch/parceirosbr/bigoilict/share/BigOil/document_generator/datasets/documents_2021_12_28/22bol2_20211228_164301_4036440081_600_800.png,22bol2_20211228_164301_4036440081_600_800_mask.png,-9153.303
10,2,21,4,403,585,424,589,403,585,424,585,424,589,403,589,text,figure_text,figure_1,,,,22bol2_20211228_164301_4036440081_600_800.png,/scratch/parceirosbr/bigoilict/share/BigOil/document_generator/datasets/documents_2021_12_28/22bol2_20211228_164301_4036440081_600_800.png,22bol2_20211228_164301_4036440081_600_800_mask.png,Movement
10,2,21,4,403,585,424,589,403,585,424,585,424,589,403,589,sub_line_text,figure_text,figure_1,,,,22bol2_20211228_164301_4036440081_600_800.png,/scratch/parceirosbr/bigoilict/share/BigOil/document_generator/datasets/documents_2021_12_28/22bol2_20211228_164301_4036440081_600_800.png,22bol2_20211228_164301_4036440081_600_800_mask.png,Movement
10,2,21,5,352,628,373,633,352,628,373,628,373,633,352,633,text,figure_text,figure_1,,,,22bol2_20211228_164301_4036440081_600_800.png,/scratch/parceirosbr/bigoilict/share/BigOil/document_generator/datasets/documents_2021_12_28/22bol2_20211228_164301_4036440081_600_800.png,22bol2_20211228_164301_4036440081_600_800_mask.png,Activity
10,2,21,5,352,628,373,633,352,628,373,628,373,633,352,633,sub_line_text,figure_text,figure_1,,,,22bol2_20211228_164301_4036440081_600_800.png,/scratch/parceirosbr/bigoilict/share/BigOil/document_generator/datasets/documents_2021_12_28/22bol2_20211228_164301_4036440081_600_800.png,22bol2_20211228_164301_4036440081_600_800_mask.png,Activity
11,2,22,4,349,576,371,580,349,576,371,576,371,580,349,580,text,figure_text,figure_1,,,,22bol2_20211228_164301_4036440081_600_800.png,/scratch/parceirosbr/bigoilict/share/BigOil/document_generator/datasets/documents_2021_12_28/22bol2_20211228_164301_4036440081_600_800.png,22bol2_20211228_164301_4036440081_600_800_mask.png,-9559.35
11,2,22,4,349,576,371,580,349,576,371,576,371,580,349,580,sub_line_text,figure_text,figure_1,,,,22bol2_20211228_164301_4036440081_600_800.png,/scratch/parceirosbr/bigoilict/share/BigOil/document_generator/datasets/documents_2021_12_28/22bol2_20211228_164301_4036440081_600_800.png,22bol2_20211228_164301_4036440081_600_800_mask.png,-9559.35
12,2,24,5,348,610,372,615,348,610,372,610,372,615,348,615,text,figure_text,figure_1,,,,22bol2_20211228_164301_4036440081_600_800.png,/scratch/parceirosbr/bigoilict/share/BigOil/document_generator/datasets/documents_2021_12_28/22bol2_20211228_164301_4036440081_600_800.png,22bol2_20211228_164301_4036440081_600_800_mask.png,Intensity
12,2,24,5,348,610,372,615,348,610,372,610,372,615,348,615,sub_line_text,figure_text,figure_1,,,,22bol2_20211228_164301_4036440081_600_800.png,/scratch/parceirosbr/bigoilict/share/BigOil/document_generator/datasets/documents_2021_12_28/22bol2_20211228_164301_4036440081_600_800.png,22bol2_20211228_164301_4036440081_600_800_mask.png,Intensity
13,2,27,4,293,551,320,555,293,551,320,551,320,555,293,555,text,figure_text,figure_1,,,,22bol2_20211228_164301_4036440081_600_800.png,/scratch/parceirosbr/bigoilict/share/BigOil/document_generator/datasets/documents_2021_12_28/22bol2_20211228_164301_4036440081_600_800.png,22bol2_20211228_164301_4036440081_600_800_mask.png,Volume [l]
13,2,27,4,293,551,320,555,293,551,320,551,320,555,293,555,sub_line_text,figure_text,figure_1,,,,22bol2_20211228_164301_4036440081_600_800.png,/scratch/parceirosbr/bigoilict/share/BigOil/document_generator/datasets/documents_2021_12_28/22bol2_20211228_164301_4036440081_600_800.png,22bol2_20211228_164301_4036440081_600_800_mask.png,Volume [l]
9,2,18,4,473,615,491,619,473,615,491,615,491,619,473,619,text,figure_text,figure_1,,,,22bol2_20211228_164301_4036440081_600_800.png,/scratch/parceirosbr/bigoilict/share/BigOil/document_generator/datasets/documents_2021_12_28/22bol2_20211228_164301_4036440081_600_800.png,22bol2_20211228_164301_4036440081_600_800_mask.png,-3774.9
9,2,18,4,473,615,491,619,473,615,491,615,491,619,473,619,sub_line_text,figure_text,figure_1,,,,22bol2_20211228_164301_4036440081_600_800.png,/scratch/parceirosbr/bigoilict/share/BigOil/document_generator/datasets/documents_2021_12_28/22bol2_20211228_164301_4036440081_600_800.png,22bol2_20211228_164301_4036440081_600_800_mask.png,-3774.9
10,2,21,4,294,600,315,604,294,600,315,600,315,604,294,604,text,figure_text,figure_1,,,,22bol2_20211228_164301_4036440081_600_800.png,/scratch/parceirosbr/bigoilict/share/BigOil/document_generator/datasets/documents_2021_12_28/22bol2_20211228_164301_4036440081_600_800.png,22bol2_20211228_164301_4036440081_600_800_mask.png,-366.71%
10,2,21,4,294,600,315,604,294,600,315,600,315,604,294,604,sub_line_text,figure_text,figure_1,,,,22bol2_20211228_164301_4036440081_600_800.png,/scratch/parceirosbr/bigoilict/share/BigOil/document_generator/datasets/documents_2021_12_28/22bol2_20211228_164301_4036440081_600_800.png,22bol2_20211228_164301_4036440081_600_800_mask.png,-366.71%
10,2,21,4,318,533,339,537,318,533,339,533,339,537,318,537,text,figure_text,figure_1,,,,22bol2_20211228_164301_4036440081_600_800.png,/scratch/parceirosbr/bigoilict/share/BigOil/document_generator/datasets/documents_2021_12_28/22bol2_20211228_164301_4036440081_600_800.png,22bol2_20211228_164301_4036440081_600_800_mask.png,-2402.94
10,2,21,4,318,533,339,537,318,533,339,533,339,537,318,537,sub_line_text,figure_text,figure_1,,,,22bol2_20211228_164301_4036440081_600_800.png,/scratch/parceirosbr/bigoilict/share/BigOil/document_generator/datasets/documents_2021_12_28/22bol2_20211228_164301_4036440081_600_800.png,22bol2_20211228_164301_4036440081_600_800_mask.png,-2402.94
8,2,16,4,372,571,388,575,372,571,388,571,388,575,372,575,text,figure_text,figure_1,,,,22bol2_20211228_164301_4036440081_600_800.png,/scratch/parceirosbr/bigoilict/share/BigOil/document_generator/datasets/documents_2021_12_28/22bol2_20211228_164301_4036440081_600_800.png,22bol2_20211228_164301_4036440081_600_800_mask.png,-7035%
8,2,16,4,372,571,388,575,372,571,388,571,388,575,372,575,sub_line_text,figure_text,figure_1,,,,22bol2_20211228_164301_4036440081_600_800.png,/scratch/parceirosbr/bigoilict/share/BigOil/document_generator/datasets/documents_2021_12_28/22bol2_20211228_164301_4036440081_600_800.png,22bol2_20211228_164301_4036440081_600_800_mask.png,-7035%
15,2,30,5,492,525,522,530,492,525,522,525,522,530,492,530,text,figure_text,figure_1,,,,22bol2_20211228_164301_4036440081_600_800.png,/scratch/parceirosbr/bigoilict/share/BigOil/document_generator/datasets/documents_2021_12_28/22bol2_20211228_164301_4036440081_600_800.png,22bol2_20211228_164301_4036440081_600_800_mask.png,Quality(KB)
15,2,30,5,492,525,522,530,492,525,522,525,522,530,492,530,sub_line_text,figure_text,figure_1,,,,22bol2_20211228_164301_4036440081_600_800.png,/scratch/parceirosbr/bigoilict/share/BigOil/document_generator/datasets/documents_2021_12_28/22bol2_20211228_164301_4036440081_600_800.png,22bol2_20211228_164301_4036440081_600_800_mask.png,Quality(KB)
13,2,27,5,459,544,486,549,459,544,486,544,486,549,459,549,text,figure_text,figure_1,,,,22bol2_20211228_164301_4036440081_600_800.png,/scratch/parceirosbr/bigoilict/share/BigOil/document_generator/datasets/documents_2021_12_28/22bol2_20211228_164301_4036440081_600_800.png,22bol2_20211228_164301_4036440081_600_800_mask.png,Level (kl)
13,2,27,5,459,544,486,549,459,544,486,544,486,549,459,549,sub_line_text,figure_text,figure_1,,,,22bol2_20211228_164301_4036440081_600_800.png,/scratch/parceirosbr/bigoilict/share/BigOil/document_generator/datasets/documents_2021_12_28/22bol2_20211228_164301_4036440081_600_800.png,22bol2_20211228_164301_4036440081_600_800_mask.png,Level (kl)
9,2,19,5,363,511,382,516,363,511,382,511,382,516,363,516,text,figure_text,figure_1,,,,22bol2_20211228_164301_4036440081_600_800.png,/scratch/parceirosbr/bigoilict/share/BigOil/document_generator/datasets/documents_2021_12_28/22bol2_20211228_164301_4036440081_600_800.png,22bol2_20211228_164301_4036440081_600_800_mask.png,Loading
9,2,19,5,363,511,382,516,363,511,382,511,382,516,363,516,sub_line_text,figure_text,figure_1,,,,22bol2_20211228_164301_4036440081_600_800.png,/scratch/parceirosbr/bigoilict/share/BigOil/document_generator/datasets/documents_2021_12_28/22bol2_20211228_164301_4036440081_600_800.png,22bol2_20211228_164301_4036440081_600_800_mask.png,Loading
7,2,14,4,393,522,407,526,393,522,407,522,407,526,393,526,text,figure_text,figure_1,,,,22bol2_20211228_164301_4036440081_600_800.png,/scratch/parceirosbr/bigoilict/share/BigOil/document_generator/datasets/documents_2021_12_28/22bol2_20211228_164301_4036440081_600_800.png,22bol2_20211228_164301_4036440081_600_800_mask.png,-1702
7,2,14,4,393,522,407,526,393,522,407,522,407,526,393,526,sub_line_text,figure_text,figure_1,,,,22bol2_20211228_164301_4036440081_600_800.png,/scratch/parceirosbr/bigoilict/share/BigOil/document_generator/datasets/documents_2021_12_28/22bol2_20211228_164301_4036440081_600_800.png,22bol2_20211228_164301_4036440081_600_800_mask.png,-1702
21,3,42,7,263,663,305,670,263,663,305,663,305,670,263,670,sub_line_text,figure_legend,figure_1,courier,bolditalic,6,22bol2_20211228_164301_4036440081_600_800.png,/scratch/parceirosbr/bigoilict/share/BigOil/document_generator/datasets/documents_2021_12_28/22bol2_20211228_164301_4036440081_600_800.png,22bol2_20211228_164301_4036440081_600_800_mask.png,Figura 28:
54,3,109,7,263,675,372,682,263,675,372,675,372,682,263,682,sub_line_text,figure_legend,figure_1,courier,bolditalic,6,22bol2_20211228_164301_4036440081_600_800.png,/scratch/parceirosbr/bigoilict/share/BigOil/document_generator/datasets/documents_2021_12_28/22bol2_20211228_164301_4036440081_600_800.png,22bol2_20211228_164301_4036440081_600_800_mask.png,As  san√ß√µes referentes a q-
54,3,108,7,263,687,371,694,263,687,371,687,371,694,263,694,sub_line_text,figure_legend,figure_1,courier,bolditalic,6,22bol2_20211228_164301_4036440081_600_800.png,/scratch/parceirosbr/bigoilict/share/BigOil/document_generator/datasets/documents_2021_12_28/22bol2_20211228_164301_4036440081_600_800.png,22bol2_20211228_164301_4036440081_600_800_mask.png,ualquer   n√£o  conformidade
50,3,100,7,263,699,363,706,263,699,363,699,363,706,263,706,sub_line_text,figure_legend,figure_1,courier,bolditalic,6,22bol2_20211228_164301_4036440081_600_800.png,/scratch/parceirosbr/bigoilict/share/BigOil/document_generator/datasets/documents_2021_12_28/22bol2_20211228_164301_4036440081_600_800.png,22bol2_20211228_164301_4036440081_600_800_mask.png,verificada s√£o cab√≠veis a
54,21,109,43,263,663,372,706,263,663,372,663,372,706,263,706,text,figure_legend,figure_1,courier,bolditalic,6,22bol2_20211228_164301_4036440081_600_800.png,/scratch/parceirosbr/bigoilict/share/BigOil/document_generator/datasets/documents_2021_12_28/22bol2_20211228_164301_4036440081_600_800.png,22bol2_20211228_164301_4036440081_600_800_mask.png,nan
21,3,42,7,404,663,446,670,404,663,446,663,446,670,404,670,sub_line_text,figure_legend,figure_1,courier,bolditalic,6,22bol2_20211228_164301_4036440081_600_800.png,/scratch/parceirosbr/bigoilict/share/BigOil/document_generator/datasets/documents_2021_12_28/22bol2_20211228_164301_4036440081_600_800.png,22bol2_20211228_164301_4036440081_600_800_mask.png,Figura 34:
54,3,108,7,404,675,512,682,404,675,512,675,512,682,404,682,sub_line_text,figure_legend,figure_1,courier,bolditalic,6,22bol2_20211228_164301_4036440081_600_800.png,/scratch/parceirosbr/bigoilict/share/BigOil/document_generator/datasets/documents_2021_12_28/22bol2_20211228_164301_4036440081_600_800.png,22bol2_20211228_164301_4036440081_600_800_mask.png,Neste  cap√≠tulo s√£o aprese-
54,3,108,7,404,687,512,694,404,687,512,687,512,694,404,694,sub_line_text,figure_legend,figure_1,courier,bolditalic,6,22bol2_20211228_164301_4036440081_600_800.png,/scratch/parceirosbr/bigoilict/share/BigOil/document_generator/datasets/documents_2021_12_28/22bol2_20211228_164301_4036440081_600_800.png,22bol2_20211228_164301_4036440081_600_800_mask.png,ntadas  as  conclus√µes mais
50,3,100,7,404,699,504,706,404,699,504,699,504,706,404,706,sub_line_text,figure_legend,figure_1,courier,bolditalic,6,22bol2_20211228_164301_4036440081_600_800.png,/scratch/parceirosbr/bigoilict/share/BigOil/document_generator/datasets/documents_2021_12_28/22bol2_20211228_164301_4036440081_600_800.png,22bol2_20211228_164301_4036440081_600_800_mask.png,importantes deste trabalh
54,21,108,43,404,663,512,706,404,663,512,663,512,706,404,706,text,figure_legend,figure_1,courier,bolditalic,6,22bol2_20211228_164301_4036440081_600_800.png,/scratch/parceirosbr/bigoilict/share/BigOil/document_generator/datasets/documents_2021_12_28/22bol2_20211228_164301_4036440081_600_800.png,22bol2_20211228_164301_4036440081_600_800_mask.png,nan
60,3,120,7,323,249,443,256,323,249,443,249,443,256,323,256,sub_line_text,text,text_2,courier,regular,7,22bol2_20211228_164301_4036440081_600_800.png,/scratch/parceirosbr/bigoilict/share/BigOil/document_generator/datasets/documents_2021_12_28/22bol2_20211228_164301_4036440081_600_800.png,22bol2_20211228_164301_4036440081_600_800_mask.png,This  theory  resulted  in the
90,3,180,7,263,261,443,268,263,261,443,261,443,268,263,268,sub_line_text,text,text_2,courier,regular,7,22bol2_20211228_164301_4036440081_600_800.png,/scratch/parceirosbr/bigoilict/share/BigOil/document_generator/datasets/documents_2021_12_28/22bol2_20211228_164301_4036440081_600_800.png,22bol2_20211228_164301_4036440081_600_800_mask.png,equation  shown  below.  = 2.44. where is the
90,3,180,7,263,273,443,280,263,273,443,273,443,280,263,280,sub_line_text,text,text_2,courier,regular,7,22bol2_20211228_164301_4036440081_600_800.png,/scratch/parceirosbr/bigoilict/share/BigOil/document_generator/datasets/documents_2021_12_28/22bol2_20211228_164301_4036440081_600_800.png,22bol2_20211228_164301_4036440081_600_800_mask.png,"area  containing  defects,  or cracks, and is"
90,3,180,7,263,285,443,292,263,285,443,285,443,292,263,292,sub_line_text,text,text_2,courier,regular,7,22bol2_20211228_164301_4036440081_600_800.png,/scratch/parceirosbr/bigoilict/share/BigOil/document_generator/datasets/documents_2021_12_28/22bol2_20211228_164301_4036440081_600_800.png,22bol2_20211228_164301_4036440081_600_800_mask.png,the  total area of the cross section as shown
90,3,180,7,263,297,443,304,263,297,443,297,443,304,263,304,sub_line_text,text,text_2,courier,regular,7,22bol2_20211228_164301_4036440081_600_800.png,/scratch/parceirosbr/bigoilict/share/BigOil/document_generator/datasets/documents_2021_12_28/22bol2_20211228_164301_4036440081_600_800.png,22bol2_20211228_164301_4036440081_600_800_mask.png,in  35.  43.  These data serve as a reference
90,3,180,7,263,309,443,316,263,309,443,309,443,316,263,316,sub_line_text,text,text_2,courier,regular,7,22bol2_20211228_164301_4036440081_600_800.png,/scratch/parceirosbr/bigoilict/share/BigOil/document_generator/datasets/documents_2021_12_28/22bol2_20211228_164301_4036440081_600_800.png,22bol2_20211228_164301_4036440081_600_800_mask.png,to  the contextualization of the national in-
90,3,180,7,263,321,443,328,263,321,443,321,443,328,263,328,sub_line_text,text,text_2,courier,regular,7,22bol2_20211228_164301_4036440081_600_800.png,/scratch/parceirosbr/bigoilict/share/BigOil/document_generator/datasets/documents_2021_12_28/22bol2_20211228_164301_4036440081_600_800.png,22bol2_20211228_164301_4036440081_600_800_mask.png,dustry  in the international scenario. In ad-
90,3,180,7,263,333,443,340,263,333,443,333,443,340,263,340,sub_line_text,text,text_2,courier,regular,7,22bol2_20211228_164301_4036440081_600_800.png,/scratch/parceirosbr/bigoilict/share/BigOil/document_generator/datasets/documents_2021_12_28/22bol2_20211228_164301_4036440081_600_800.png,22bol2_20211228_164301_4036440081_600_800_mask.png,"dition,  it  is  also possible to observe the"
90,3,180,7,263,345,443,352,263,345,443,345,443,352,263,352,sub_line_text,text,text_2,courier,regular,7,22bol2_20211228_164301_4036440081_600_800.png,/scratch/parceirosbr/bigoilict/share/BigOil/document_generator/datasets/documents_2021_12_28/22bol2_20211228_164301_4036440081_600_800.png,22bol2_20211228_164301_4036440081_600_800_mask.png,thermocouple  installed to measure the cooli-
90,3,180,7,263,357,443,364,263,357,443,357,443,364,263,364,sub_line_text,text,text_2,courier,regular,7,22bol2_20211228_164301_4036440081_600_800.png,/scratch/parceirosbr/bigoilict/share/BigOil/document_generator/datasets/documents_2021_12_28/22bol2_20211228_164301_4036440081_600_800.png,22bol2_20211228_164301_4036440081_600_800_mask.png,"ng  water inlet temperature, which must be m-"
86,3,172,7,263,369,435,376,263,369,435,369,435,376,263,376,sub_line_text,text,text_2,courier,regular,7,22bol2_20211228_164301_4036440081_600_800.png,/scratch/parceirosbr/bigoilict/share/BigOil/document_generator/datasets/documents_2021_12_28/22bol2_20211228_164301_4036440081_600_800.png,22bol2_20211228_164301_4036440081_600_800_mask.png,aintained at levels specified by the dynam.
90,63,180,127,263,249,443,376,263,249,443,249,443,376,263,376,text,text,text_2,courier,regular,7,22bol2_20211228_164301_4036440081_600_800.png,/scratch/parceirosbr/bigoilict/share/BigOil/document_generator/datasets/documents_2021_12_28/22bol2_20211228_164301_4036440081_600_800.png,22bol2_20211228_164301_4036440081_600_800_mask.png,nan
