center_x,center_y,width,height,xmin,ymin,xmax,ymax,top_left_x,top_left_y,top_right_x,top_right_y,bottom_right_x,bottom_right_y,bottom_left_x,bottom_left_y,label,grouplabel,group,text_font,text_style,size_font,filename,path,filename_mask,content
300,400,600,800,0,0,600,800,0,0,600,0,600,800,0,800,document,,,,,,22bol2_20211228_164301_3092581649_600_800.png,/scratch/parceirosbr/bigoilict/share/BigOil/document_generator/datasets/documents_2021_12_28/22bol2_20211228_164301_3092581649_600_800.png,22bol2_20211228_164301_3092581649_600_800_mask.png,
233,0,466,1,63,721,529,722,63,721,529,721,529,722,63,722,line,line,line,,,,22bol2_20211228_164301_3092581649_600_800.png,/scratch/parceirosbr/bigoilict/share/BigOil/document_generator/datasets/documents_2021_12_28/22bol2_20211228_164301_3092581649_600_800.png,22bol2_20211228_164301_3092581649_600_800_mask.png,nan
5,5,10,11,518,721,528,732,518,721,528,721,528,732,518,732,sub_line_text,numpag,footer_1,opensans,regular,9,22bol2_20211228_164301_3092581649_600_800.png,/scratch/parceirosbr/bigoilict/share/BigOil/document_generator/datasets/documents_2021_12_28/22bol2_20211228_164301_3092581649_600_800.png,22bol2_20211228_164301_3092581649_600_800_mask.png,50
5,5,10,11,518,721,528,732,518,721,528,721,528,732,518,732,text,numpag,footer_1,opensans,regular,9,22bol2_20211228_164301_3092581649_600_800.png,/scratch/parceirosbr/bigoilict/share/BigOil/document_generator/datasets/documents_2021_12_28/22bol2_20211228_164301_3092581649_600_800.png,22bol2_20211228_164301_3092581649_600_800_mask.png,nan
2,5,5,11,511,721,516,732,511,721,516,721,516,732,511,732,sub_line_text,footer,footer_1,opensans,regular,9,22bol2_20211228_164301_3092581649_600_800.png,/scratch/parceirosbr/bigoilict/share/BigOil/document_generator/datasets/documents_2021_12_28/22bol2_20211228_164301_3092581649_600_800.png,22bol2_20211228_164301_3092581649_600_800_mask.png,|
2,5,5,11,511,721,516,732,511,721,516,721,516,732,511,732,text,footer,footer_1,opensans,regular,9,22bol2_20211228_164301_3092581649_600_800.png,/scratch/parceirosbr/bigoilict/share/BigOil/document_generator/datasets/documents_2021_12_28/22bol2_20211228_164301_3092581649_600_800.png,22bol2_20211228_164301_3092581649_600_800_mask.png,nan
34,5,69,11,441,721,510,732,441,721,510,721,510,732,441,732,sub_line_text,footer,footer_1,opensans,regular,9,22bol2_20211228_164301_3092581649_600_800.png,/scratch/parceirosbr/bigoilict/share/BigOil/document_generator/datasets/documents_2021_12_28/22bol2_20211228_164301_3092581649_600_800.png,22bol2_20211228_164301_3092581649_600_800_mask.png,A morfologia dos
34,5,69,11,441,721,510,732,441,721,510,721,510,732,441,732,text,footer,footer_1,opensans,regular,9,22bol2_20211228_164301_3092581649_600_800.png,/scratch/parceirosbr/bigoilict/share/BigOil/document_generator/datasets/documents_2021_12_28/22bol2_20211228_164301_3092581649_600_800.png,22bol2_20211228_164301_3092581649_600_800_mask.png,nan
92,5,184,10,63,74,247,84,63,74,247,74,247,84,63,84,sub_line_text,figure_legend,figure_0,opensans,bold,8,22bol2_20211228_164301_3092581649_600_800.png,/scratch/parceirosbr/bigoilict/share/BigOil/document_generator/datasets/documents_2021_12_28/22bol2_20211228_164301_3092581649_600_800.png,22bol2_20211228_164301_3092581649_600_800_mask.png,Figura  79:    As  propriedades estudadas foram
92,5,185,10,63,89,248,99,63,89,248,89,248,99,63,99,sub_line_text,figure_legend,figure_0,opensans,bold,8,22bol2_20211228_164301_3092581649_600_800.png,/scratch/parceirosbr/bigoilict/share/BigOil/document_generator/datasets/documents_2021_12_28/22bol2_20211228_164301_3092581649_600_800.png,22bol2_20211228_164301_3092581649_600_800_mask.png,"limite  de  resistência  a  tração, deformação e-"
92,5,184,10,63,104,247,114,63,104,247,104,247,114,63,114,sub_line_text,figure_legend,figure_0,opensans,bold,8,22bol2_20211228_164301_3092581649_600_800.png,/scratch/parceirosbr/bigoilict/share/BigOil/document_generator/datasets/documents_2021_12_28/22bol2_20211228_164301_3092581649_600_800.png,22bol2_20211228_164301_3092581649_600_800_mask.png,specífica  e  módulo  de elasticidade. 3.5.4. Ass-
92,5,184,10,63,119,247,129,63,119,247,119,247,129,63,129,sub_line_text,figure_legend,figure_0,opensans,bold,8,22bol2_20211228_164301_3092581649_600_800.png,/scratch/parceirosbr/bigoilict/share/BigOil/document_generator/datasets/documents_2021_12_28/22bol2_20211228_164301_3092581649_600_800.png,22bol2_20211228_164301_3092581649_600_800_mask.png,"im,  o  processo  de expansão das empresas o-"
44,5,88,10,63,134,151,144,63,134,151,134,151,144,63,144,sub_line_text,figure_legend,figure_0,opensans,bold,8,22bol2_20211228_164301_3092581649_600_800.png,/scratch/parceirosbr/bigoilict/share/BigOil/document_generator/datasets/documents_2021_12_28/22bol2_20211228_164301_3092581649_600_800.png,22bol2_20211228_164301_3092581649_600_800_mask.png,peradoras no início do
92,35,185,70,63,74,248,144,63,74,248,74,248,144,63,144,text,figure_legend,figure_0,opensans,bold,8,22bol2_20211228_164301_3092581649_600_800.png,/scratch/parceirosbr/bigoilict/share/BigOil/document_generator/datasets/documents_2021_12_28/22bol2_20211228_164301_3092581649_600_800.png,22bol2_20211228_164301_3092581649_600_800_mask.png,nan
92,5,184,10,293,74,477,84,293,74,477,74,477,84,293,84,sub_line_text,figure_legend,figure_0,opensans,bold,8,22bol2_20211228_164301_3092581649_600_800.png,/scratch/parceirosbr/bigoilict/share/BigOil/document_generator/datasets/documents_2021_12_28/22bol2_20211228_164301_3092581649_600_800.png,22bol2_20211228_164301_3092581649_600_800_mask.png,"Figura  47:    A adoção do unbundling contábil, t-"
92,5,184,10,293,89,477,99,293,89,477,89,477,99,293,99,sub_line_text,figure_legend,figure_0,opensans,bold,8,22bol2_20211228_164301_3092581649_600_800.png,/scratch/parceirosbr/bigoilict/share/BigOil/document_generator/datasets/documents_2021_12_28/22bol2_20211228_164301_3092581649_600_800.png,22bol2_20211228_164301_3092581649_600_800_mask.png,"odavia,  requer  do regulador um processo co-"
92,5,185,10,293,104,478,114,293,104,478,104,478,114,293,114,sub_line_text,figure_legend,figure_0,opensans,bold,8,22bol2_20211228_164301_3092581649_600_800.png,/scratch/parceirosbr/bigoilict/share/BigOil/document_generator/datasets/documents_2021_12_28/22bol2_20211228_164301_3092581649_600_800.png,22bol2_20211228_164301_3092581649_600_800_mask.png,"ntínuo   de  identificar  práticas  anti-regulados,"
92,5,185,10,293,119,478,129,293,119,478,119,478,129,293,129,sub_line_text,figure_legend,figure_0,opensans,bold,8,22bol2_20211228_164301_3092581649_600_800.png,/scratch/parceirosbr/bigoilict/share/BigOil/document_generator/datasets/documents_2021_12_28/22bol2_20211228_164301_3092581649_600_800.png,22bol2_20211228_164301_3092581649_600_800_mask.png,a  monitoramento  e  auditoria  nas  contas dos
74,5,148,10,293,134,441,144,293,134,441,134,441,144,293,144,sub_line_text,figure_legend,figure_0,opensans,bold,8,22bol2_20211228_164301_3092581649_600_800.png,/scratch/parceirosbr/bigoilict/share/BigOil/document_generator/datasets/documents_2021_12_28/22bol2_20211228_164301_3092581649_600_800.png,22bol2_20211228_164301_3092581649_600_800_mask.png,"concorrenciais. fim de.  Segundo et al,"
92,35,185,70,293,74,478,144,293,74,478,74,478,144,293,144,text,figure_legend,figure_0,opensans,bold,8,22bol2_20211228_164301_3092581649_600_800.png,/scratch/parceirosbr/bigoilict/share/BigOil/document_generator/datasets/documents_2021_12_28/22bol2_20211228_164301_3092581649_600_800.png,22bol2_20211228_164301_3092581649_600_800_mask.png,nan
33,67,67,135,262,149,329,284,262,149,329,149,329,284,262,284,image,figure_image,figure_0,,,,22bol2_20211228_164301_3092581649_600_800.png,/scratch/parceirosbr/bigoilict/share/BigOil/document_generator/datasets/documents_2021_12_28/22bol2_20211228_164301_3092581649_600_800.png,22bol2_20211228_164301_3092581649_600_800_mask.png,output/gen_img_20211228_164301_7675694992.png
1,3,3,7,263,249,266,256,263,256,263,249,266,249,266,256,text,figure_text,figure_0,,,,22bol2_20211228_164301_3092581649_600_800.png,/scratch/parceirosbr/bigoilict/share/BigOil/document_generator/datasets/documents_2021_12_28/22bol2_20211228_164301_3092581649_600_800.png,22bol2_20211228_164301_3092581649_600_800_mask.png,-178
1,3,3,7,263,249,266,256,263,256,263,249,266,249,266,256,sub_line_text,figure_text,figure_0,,,,22bol2_20211228_164301_3092581649_600_800.png,/scratch/parceirosbr/bigoilict/share/BigOil/document_generator/datasets/documents_2021_12_28/22bol2_20211228_164301_3092581649_600_800.png,22bol2_20211228_164301_3092581649_600_800_mask.png,-178
1,5,3,10,284,245,287,255,284,255,284,245,287,246,287,255,text,figure_text,figure_0,,,,22bol2_20211228_164301_3092581649_600_800.png,/scratch/parceirosbr/bigoilict/share/BigOil/document_generator/datasets/documents_2021_12_28/22bol2_20211228_164301_3092581649_600_800.png,22bol2_20211228_164301_3092581649_600_800_mask.png,-8860
1,5,3,10,284,245,287,255,284,255,284,245,287,246,287,255,sub_line_text,figure_text,figure_0,,,,22bol2_20211228_164301_3092581649_600_800.png,/scratch/parceirosbr/bigoilict/share/BigOil/document_generator/datasets/documents_2021_12_28/22bol2_20211228_164301_3092581649_600_800.png,22bol2_20211228_164301_3092581649_600_800_mask.png,-8860
2,10,5,20,308,185,313,205,308,205,309,185,313,185,312,205,text,figure_text,figure_0,,,,22bol2_20211228_164301_3092581649_600_800.png,/scratch/parceirosbr/bigoilict/share/BigOil/document_generator/datasets/documents_2021_12_28/22bol2_20211228_164301_3092581649_600_800.png,22bol2_20211228_164301_3092581649_600_800_mask.png,Services (N)
2,10,5,20,308,185,313,205,308,205,309,185,313,185,312,205,sub_line_text,figure_text,figure_0,,,,22bol2_20211228_164301_3092581649_600_800.png,/scratch/parceirosbr/bigoilict/share/BigOil/document_generator/datasets/documents_2021_12_28/22bol2_20211228_164301_3092581649_600_800.png,22bol2_20211228_164301_3092581649_600_800_mask.png,Services (N)
3,10,6,20,283,257,289,277,283,277,285,257,289,257,287,277,text,figure_text,figure_0,,,,22bol2_20211228_164301_3092581649_600_800.png,/scratch/parceirosbr/bigoilict/share/BigOil/document_generator/datasets/documents_2021_12_28/22bol2_20211228_164301_3092581649_600_800.png,22bol2_20211228_164301_3092581649_600_800_mask.png,Services [N]
3,10,6,20,283,257,289,277,283,277,285,257,289,257,287,277,sub_line_text,figure_text,figure_0,,,,22bol2_20211228_164301_3092581649_600_800.png,/scratch/parceirosbr/bigoilict/share/BigOil/document_generator/datasets/documents_2021_12_28/22bol2_20211228_164301_3092581649_600_800.png,22bol2_20211228_164301_3092581649_600_800_mask.png,Services [N]
2,4,4,9,269,270,273,279,269,279,270,270,273,270,272,279,text,figure_text,figure_0,,,,22bol2_20211228_164301_3092581649_600_800.png,/scratch/parceirosbr/bigoilict/share/BigOil/document_generator/datasets/documents_2021_12_28/22bol2_20211228_164301_3092581649_600_800.png,22bol2_20211228_164301_3092581649_600_800_mask.png,-6279
2,4,4,9,269,270,273,279,269,279,270,270,273,270,272,279,sub_line_text,figure_text,figure_0,,,,22bol2_20211228_164301_3092581649_600_800.png,/scratch/parceirosbr/bigoilict/share/BigOil/document_generator/datasets/documents_2021_12_28/22bol2_20211228_164301_3092581649_600_800.png,22bol2_20211228_164301_3092581649_600_800_mask.png,-6279
2,7,4,15,311,237,315,252,311,252,312,237,315,238,314,252,text,figure_text,figure_0,,,,22bol2_20211228_164301_3092581649_600_800.png,/scratch/parceirosbr/bigoilict/share/BigOil/document_generator/datasets/documents_2021_12_28/22bol2_20211228_164301_3092581649_600_800.png,22bol2_20211228_164301_3092581649_600_800_mask.png,-5963.65
2,7,4,15,311,237,315,252,311,252,312,237,315,238,314,252,sub_line_text,figure_text,figure_0,,,,22bol2_20211228_164301_3092581649_600_800.png,/scratch/parceirosbr/bigoilict/share/BigOil/document_generator/datasets/documents_2021_12_28/22bol2_20211228_164301_3092581649_600_800.png,22bol2_20211228_164301_3092581649_600_800_mask.png,-5963.65
2,6,4,13,322,249,326,262,322,262,322,249,326,249,325,262,text,figure_text,figure_0,,,,22bol2_20211228_164301_3092581649_600_800.png,/scratch/parceirosbr/bigoilict/share/BigOil/document_generator/datasets/documents_2021_12_28/22bol2_20211228_164301_3092581649_600_800.png,22bol2_20211228_164301_3092581649_600_800_mask.png,-965.6%
2,6,4,13,322,249,326,262,322,262,322,249,326,249,325,262,sub_line_text,figure_text,figure_0,,,,22bol2_20211228_164301_3092581649_600_800.png,/scratch/parceirosbr/bigoilict/share/BigOil/document_generator/datasets/documents_2021_12_28/22bol2_20211228_164301_3092581649_600_800.png,22bol2_20211228_164301_3092581649_600_800_mask.png,-965.6%
2,6,4,12,274,181,278,193,274,193,275,181,278,181,277,193,text,figure_text,figure_0,,,,22bol2_20211228_164301_3092581649_600_800.png,/scratch/parceirosbr/bigoilict/share/BigOil/document_generator/datasets/documents_2021_12_28/22bol2_20211228_164301_3092581649_600_800.png,22bol2_20211228_164301_3092581649_600_800_mask.png,Particle
2,6,4,12,274,181,278,193,274,193,275,181,278,181,277,193,sub_line_text,figure_text,figure_0,,,,22bol2_20211228_164301_3092581649_600_800.png,/scratch/parceirosbr/bigoilict/share/BigOil/document_generator/datasets/documents_2021_12_28/22bol2_20211228_164301_3092581649_600_800.png,22bol2_20211228_164301_3092581649_600_800_mask.png,Particle
2,5,4,11,264,265,268,276,264,276,265,265,268,265,267,276,text,figure_text,figure_0,,,,22bol2_20211228_164301_3092581649_600_800.png,/scratch/parceirosbr/bigoilict/share/BigOil/document_generator/datasets/documents_2021_12_28/22bol2_20211228_164301_3092581649_600_800.png,22bol2_20211228_164301_3092581649_600_800_mask.png,901.72
2,5,4,11,264,265,268,276,264,276,265,265,268,265,267,276,sub_line_text,figure_text,figure_0,,,,22bol2_20211228_164301_3092581649_600_800.png,/scratch/parceirosbr/bigoilict/share/BigOil/document_generator/datasets/documents_2021_12_28/22bol2_20211228_164301_3092581649_600_800.png,22bol2_20211228_164301_3092581649_600_800_mask.png,901.72
1,3,3,7,279,272,282,279,279,279,279,272,282,272,282,279,text,figure_text,figure_0,,,,22bol2_20211228_164301_3092581649_600_800.png,/scratch/parceirosbr/bigoilict/share/BigOil/document_generator/datasets/documents_2021_12_28/22bol2_20211228_164301_3092581649_600_800.png,22bol2_20211228_164301_3092581649_600_800_mask.png,Unit
1,3,3,7,279,272,282,279,279,279,279,272,282,272,282,279,sub_line_text,figure_text,figure_0,,,,22bol2_20211228_164301_3092581649_600_800.png,/scratch/parceirosbr/bigoilict/share/BigOil/document_generator/datasets/documents_2021_12_28/22bol2_20211228_164301_3092581649_600_800.png,22bol2_20211228_164301_3092581649_600_800_mask.png,Unit
2,7,4,15,277,220,281,235,277,235,278,220,281,220,280,235,text,figure_text,figure_0,,,,22bol2_20211228_164301_3092581649_600_800.png,/scratch/parceirosbr/bigoilict/share/BigOil/document_generator/datasets/documents_2021_12_28/22bol2_20211228_164301_3092581649_600_800.png,22bol2_20211228_164301_3092581649_600_800_mask.png,-3766.2%
2,7,4,15,277,220,281,235,277,235,278,220,281,220,280,235,sub_line_text,figure_text,figure_0,,,,22bol2_20211228_164301_3092581649_600_800.png,/scratch/parceirosbr/bigoilict/share/BigOil/document_generator/datasets/documents_2021_12_28/22bol2_20211228_164301_3092581649_600_800.png,22bol2_20211228_164301_3092581649_600_800_mask.png,-3766.2%
2,6,4,12,275,254,279,266,275,266,276,254,279,254,278,266,text,figure_text,figure_0,,,,22bol2_20211228_164301_3092581649_600_800.png,/scratch/parceirosbr/bigoilict/share/BigOil/document_generator/datasets/documents_2021_12_28/22bol2_20211228_164301_3092581649_600_800.png,22bol2_20211228_164301_3092581649_600_800_mask.png,-54.422
2,6,4,12,275,254,279,266,275,266,276,254,279,254,278,266,sub_line_text,figure_text,figure_0,,,,22bol2_20211228_164301_3092581649_600_800.png,/scratch/parceirosbr/bigoilict/share/BigOil/document_generator/datasets/documents_2021_12_28/22bol2_20211228_164301_3092581649_600_800.png,22bol2_20211228_164301_3092581649_600_800_mask.png,-54.422
3,13,6,26,292,222,298,248,292,248,294,222,298,222,296,248,text,figure_text,figure_0,,,,22bol2_20211228_164301_3092581649_600_800.png,/scratch/parceirosbr/bigoilict/share/BigOil/document_generator/datasets/documents_2021_12_28/22bol2_20211228_164301_3092581649_600_800.png,22bol2_20211228_164301_3092581649_600_800_mask.png,Processing [KB]
3,13,6,26,292,222,298,248,292,248,294,222,298,222,296,248,sub_line_text,figure_text,figure_0,,,,22bol2_20211228_164301_3092581649_600_800.png,/scratch/parceirosbr/bigoilict/share/BigOil/document_generator/datasets/documents_2021_12_28/22bol2_20211228_164301_3092581649_600_800.png,22bol2_20211228_164301_3092581649_600_800_mask.png,Processing [KB]
2,7,5,14,307,263,312,277,307,277,308,263,312,263,311,277,text,figure_text,figure_0,,,,22bol2_20211228_164301_3092581649_600_800.png,/scratch/parceirosbr/bigoilict/share/BigOil/document_generator/datasets/documents_2021_12_28/22bol2_20211228_164301_3092581649_600_800.png,22bol2_20211228_164301_3092581649_600_800_mask.png,Strength
2,7,5,14,307,263,312,277,307,277,308,263,312,263,311,277,sub_line_text,figure_text,figure_0,,,,22bol2_20211228_164301_3092581649_600_800.png,/scratch/parceirosbr/bigoilict/share/BigOil/document_generator/datasets/documents_2021_12_28/22bol2_20211228_164301_3092581649_600_800.png,22bol2_20211228_164301_3092581649_600_800_mask.png,Strength
2,5,4,11,307,238,311,249,307,249,308,238,311,238,310,249,text,figure_text,figure_0,,,,22bol2_20211228_164301_3092581649_600_800.png,/scratch/parceirosbr/bigoilict/share/BigOil/document_generator/datasets/documents_2021_12_28/22bol2_20211228_164301_3092581649_600_800.png,22bol2_20211228_164301_3092581649_600_800_mask.png,703.32
2,5,4,11,307,238,311,249,307,249,308,238,311,238,310,249,sub_line_text,figure_text,figure_0,,,,22bol2_20211228_164301_3092581649_600_800.png,/scratch/parceirosbr/bigoilict/share/BigOil/document_generator/datasets/documents_2021_12_28/22bol2_20211228_164301_3092581649_600_800.png,22bol2_20211228_164301_3092581649_600_800_mask.png,703.32
2,10,5,20,321,197,326,217,321,217,322,197,326,197,325,217,text,figure_text,figure_0,,,,22bol2_20211228_164301_3092581649_600_800.png,/scratch/parceirosbr/bigoilict/share/BigOil/document_generator/datasets/documents_2021_12_28/22bol2_20211228_164301_3092581649_600_800.png,22bol2_20211228_164301_3092581649_600_800_mask.png,Vaporization
2,10,5,20,321,197,326,217,321,217,322,197,326,197,325,217,sub_line_text,figure_text,figure_0,,,,22bol2_20211228_164301_3092581649_600_800.png,/scratch/parceirosbr/bigoilict/share/BigOil/document_generator/datasets/documents_2021_12_28/22bol2_20211228_164301_3092581649_600_800.png,22bol2_20211228_164301_3092581649_600_800_mask.png,Vaporization
2,4,4,8,290,186,294,194,290,194,291,186,294,186,293,194,text,figure_text,figure_0,,,,22bol2_20211228_164301_3092581649_600_800.png,/scratch/parceirosbr/bigoilict/share/BigOil/document_generator/datasets/documents_2021_12_28/22bol2_20211228_164301_3092581649_600_800.png,22bol2_20211228_164301_3092581649_600_800_mask.png,Total
2,4,4,8,290,186,294,194,290,194,291,186,294,186,293,194,sub_line_text,figure_text,figure_0,,,,22bol2_20211228_164301_3092581649_600_800.png,/scratch/parceirosbr/bigoilict/share/BigOil/document_generator/datasets/documents_2021_12_28/22bol2_20211228_164301_3092581649_600_800.png,22bol2_20211228_164301_3092581649_600_800_mask.png,Total
2,7,4,14,317,242,321,256,317,256,318,242,321,242,320,256,text,figure_text,figure_0,,,,22bol2_20211228_164301_3092581649_600_800.png,/scratch/parceirosbr/bigoilict/share/BigOil/document_generator/datasets/documents_2021_12_28/22bol2_20211228_164301_3092581649_600_800.png,22bol2_20211228_164301_3092581649_600_800_mask.png,-5281.16
2,7,4,14,317,242,321,256,317,256,318,242,321,242,320,256,sub_line_text,figure_text,figure_0,,,,22bol2_20211228_164301_3092581649_600_800.png,/scratch/parceirosbr/bigoilict/share/BigOil/document_generator/datasets/documents_2021_12_28/22bol2_20211228_164301_3092581649_600_800.png,22bol2_20211228_164301_3092581649_600_800_mask.png,-5281.16
2,6,4,12,270,237,274,249,270,249,271,237,274,237,273,249,text,figure_text,figure_0,,,,22bol2_20211228_164301_3092581649_600_800.png,/scratch/parceirosbr/bigoilict/share/BigOil/document_generator/datasets/documents_2021_12_28/22bol2_20211228_164301_3092581649_600_800.png,22bol2_20211228_164301_3092581649_600_800_mask.png,-9692.0
2,6,4,12,270,237,274,249,270,249,271,237,274,237,273,249,sub_line_text,figure_text,figure_0,,,,22bol2_20211228_164301_3092581649_600_800.png,/scratch/parceirosbr/bigoilict/share/BigOil/document_generator/datasets/documents_2021_12_28/22bol2_20211228_164301_3092581649_600_800.png,22bol2_20211228_164301_3092581649_600_800_mask.png,-9692.0
2,6,4,12,307,206,311,218,307,218,308,206,311,207,310,218,text,figure_text,figure_0,,,,22bol2_20211228_164301_3092581649_600_800.png,/scratch/parceirosbr/bigoilict/share/BigOil/document_generator/datasets/documents_2021_12_28/22bol2_20211228_164301_3092581649_600_800.png,22bol2_20211228_164301_3092581649_600_800_mask.png,-8774.6
2,6,4,12,307,206,311,218,307,218,308,206,311,207,310,218,sub_line_text,figure_text,figure_0,,,,22bol2_20211228_164301_3092581649_600_800.png,/scratch/parceirosbr/bigoilict/share/BigOil/document_generator/datasets/documents_2021_12_28/22bol2_20211228_164301_3092581649_600_800.png,22bol2_20211228_164301_3092581649_600_800_mask.png,-8774.6
2,7,4,14,295,249,299,263,295,263,296,249,299,249,298,263,text,figure_text,figure_0,,,,22bol2_20211228_164301_3092581649_600_800.png,/scratch/parceirosbr/bigoilict/share/BigOil/document_generator/datasets/documents_2021_12_28/22bol2_20211228_164301_3092581649_600_800.png,22bol2_20211228_164301_3092581649_600_800_mask.png,-2654.27
2,7,4,14,295,249,299,263,295,263,296,249,299,249,298,263,sub_line_text,figure_text,figure_0,,,,22bol2_20211228_164301_3092581649_600_800.png,/scratch/parceirosbr/bigoilict/share/BigOil/document_generator/datasets/documents_2021_12_28/22bol2_20211228_164301_3092581649_600_800.png,22bol2_20211228_164301_3092581649_600_800_mask.png,-2654.27
2,7,5,15,305,153,310,168,305,168,306,153,310,153,309,168,text,figure_text,figure_0,,,,22bol2_20211228_164301_3092581649_600_800.png,/scratch/parceirosbr/bigoilict/share/BigOil/document_generator/datasets/documents_2021_12_28/22bol2_20211228_164301_3092581649_600_800.png,22bol2_20211228_164301_3092581649_600_800_mask.png,Data [KB]
2,7,5,15,305,153,310,168,305,168,306,153,310,153,309,168,sub_line_text,figure_text,figure_0,,,,22bol2_20211228_164301_3092581649_600_800.png,/scratch/parceirosbr/bigoilict/share/BigOil/document_generator/datasets/documents_2021_12_28/22bol2_20211228_164301_3092581649_600_800.png,22bol2_20211228_164301_3092581649_600_800_mask.png,Data [KB]
2,9,5,19,287,222,292,241,287,241,288,222,292,222,291,241,text,figure_text,figure_0,,,,22bol2_20211228_164301_3092581649_600_800.png,/scratch/parceirosbr/bigoilict/share/BigOil/document_generator/datasets/documents_2021_12_28/22bol2_20211228_164301_3092581649_600_800.png,22bol2_20211228_164301_3092581649_600_800_mask.png,Gender [BL]
2,9,5,19,287,222,292,241,287,241,288,222,292,222,291,241,sub_line_text,figure_text,figure_0,,,,22bol2_20211228_164301_3092581649_600_800.png,/scratch/parceirosbr/bigoilict/share/BigOil/document_generator/datasets/documents_2021_12_28/22bol2_20211228_164301_3092581649_600_800.png,22bol2_20211228_164301_3092581649_600_800_mask.png,Gender [BL]
2,6,4,13,296,163,300,176,296,176,296,163,300,163,299,176,text,figure_text,figure_0,,,,22bol2_20211228_164301_3092581649_600_800.png,/scratch/parceirosbr/bigoilict/share/BigOil/document_generator/datasets/documents_2021_12_28/22bol2_20211228_164301_3092581649_600_800.png,22bol2_20211228_164301_3092581649_600_800_mask.png,Graphic
2,6,4,13,296,163,300,176,296,176,296,163,300,163,299,176,sub_line_text,figure_text,figure_0,,,,22bol2_20211228_164301_3092581649_600_800.png,/scratch/parceirosbr/bigoilict/share/BigOil/document_generator/datasets/documents_2021_12_28/22bol2_20211228_164301_3092581649_600_800.png,22bol2_20211228_164301_3092581649_600_800_mask.png,Graphic
2,7,4,14,276,151,280,165,276,165,276,151,280,151,279,165,text,figure_text,figure_0,,,,22bol2_20211228_164301_3092581649_600_800.png,/scratch/parceirosbr/bigoilict/share/BigOil/document_generator/datasets/documents_2021_12_28/22bol2_20211228_164301_3092581649_600_800.png,22bol2_20211228_164301_3092581649_600_800_mask.png,-1135.73
2,7,4,14,276,151,280,165,276,165,276,151,280,151,279,165,sub_line_text,figure_text,figure_0,,,,22bol2_20211228_164301_3092581649_600_800.png,/scratch/parceirosbr/bigoilict/share/BigOil/document_generator/datasets/documents_2021_12_28/22bol2_20211228_164301_3092581649_600_800.png,22bol2_20211228_164301_3092581649_600_800_mask.png,-1135.73
88,81,176,162,63,293,239,455,63,293,239,293,239,455,63,455,list,list,list_1,opensans,opensans,9,22bol2_20211228_164301_3092581649_600_800.png,/scratch/parceirosbr/bigoilict/share/BigOil/document_generator/datasets/documents_2021_12_28/22bol2_20211228_164301_3092581649_600_800.png,22bol2_20211228_164301_3092581649_600_800_mask.png,
63,6,127,12,63,293,190,305,63,293,190,293,190,305,63,305,sub_line_text,list,list_1,opensans,regular,9,22bol2_20211228_164301_3092581649_600_800.png,/scratch/parceirosbr/bigoilict/share/BigOil/document_generator/datasets/documents_2021_12_28/22bol2_20211228_164301_3092581649_600_800.png,22bol2_20211228_164301_3092581649_600_800_mask.png,"*  Assim, os fatores de alocação"
76,6,152,12,63,311,215,323,63,311,215,311,215,323,63,323,sub_line_text,list,list_1,opensans,regular,9,22bol2_20211228_164301_3092581649_600_800.png,/scratch/parceirosbr/bigoilict/share/BigOil/document_generator/datasets/documents_2021_12_28/22bol2_20211228_164301_3092581649_600_800.png,22bol2_20211228_164301_3092581649_600_800_mask.png,*  Tem vantagens frente a potenciais
71,6,142,12,63,329,205,341,63,329,205,329,205,341,63,341,sub_line_text,list,list_1,opensans,regular,9,22bol2_20211228_164301_3092581649_600_800.png,/scratch/parceirosbr/bigoilict/share/BigOil/document_generator/datasets/documents_2021_12_28/22bol2_20211228_164301_3092581649_600_800.png,22bol2_20211228_164301_3092581649_600_800_mask.png,*  Esse capítulo dará continuidade
41,6,82,12,63,350,145,362,63,350,145,350,145,362,63,362,sub_line_text,list,list_1,opensans,regular,9,22bol2_20211228_164301_3092581649_600_800.png,/scratch/parceirosbr/bigoilict/share/BigOil/document_generator/datasets/documents_2021_12_28/22bol2_20211228_164301_3092581649_600_800.png,22bol2_20211228_164301_3092581649_600_800_mask.png,*  A tensão aplicada
88,6,176,12,63,371,239,383,63,371,239,371,239,383,63,383,sub_line_text,list,list_1,opensans,regular,9,22bol2_20211228_164301_3092581649_600_800.png,/scratch/parceirosbr/bigoilict/share/BigOil/document_generator/datasets/documents_2021_12_28/22bol2_20211228_164301_3092581649_600_800.png,22bol2_20211228_164301_3092581649_600_800_mask.png,*  Al2O3.       autores       observaram      que
36,6,73,12,72,389,145,401,72,389,145,389,145,401,72,401,sub_line_text,list,list_1,opensans,regular,9,22bol2_20211228_164301_3092581649_600_800.png,/scratch/parceirosbr/bigoilict/share/BigOil/document_generator/datasets/documents_2021_12_28/22bol2_20211228_164301_3092581649_600_800.png,22bol2_20211228_164301_3092581649_600_800_mask.png,catalisadores com
41,6,83,12,63,407,146,419,63,407,146,407,146,419,63,419,sub_line_text,list,list_1,opensans,regular,9,22bol2_20211228_164301_3092581649_600_800.png,/scratch/parceirosbr/bigoilict/share/BigOil/document_generator/datasets/documents_2021_12_28/22bol2_20211228_164301_3092581649_600_800.png,22bol2_20211228_164301_3092581649_600_800_mask.png,*  As minhas amigas
69,6,139,12,63,425,202,437,63,425,202,425,202,437,63,437,sub_line_text,list,list_1,opensans,regular,9,22bol2_20211228_164301_3092581649_600_800.png,/scratch/parceirosbr/bigoilict/share/BigOil/document_generator/datasets/documents_2021_12_28/22bol2_20211228_164301_3092581649_600_800.png,22bol2_20211228_164301_3092581649_600_800_mask.png,*  As bolsas serão oferecidas para
87,6,175,12,63,443,238,455,63,443,238,443,238,455,63,455,sub_line_text,list,list_1,opensans,regular,9,22bol2_20211228_164301_3092581649_600_800.png,/scratch/parceirosbr/bigoilict/share/BigOil/document_generator/datasets/documents_2021_12_28/22bol2_20211228_164301_3092581649_600_800.png,22bol2_20211228_164301_3092581649_600_800_mask.png,"*  Assim,    comparando-se    as   tarifas   de"
81,8,162,16,63,464,225,480,63,464,225,464,225,480,63,480,sub_line_text,subsubtitle,subsubtitle_0,opensans,regular,12,22bol2_20211228_164301_3092581649_600_800.png,/scratch/parceirosbr/bigoilict/share/BigOil/document_generator/datasets/documents_2021_12_28/22bol2_20211228_164301_3092581649_600_800.png,22bol2_20211228_164301_3092581649_600_800_mask.png,"Entanto, estes equipamentos"
42,8,84,16,102,489,186,505,102,489,186,489,186,505,102,505,sub_line_text,subsubtitle,subsubtitle_0,opensans,regular,12,22bol2_20211228_164301_3092581649_600_800.png,/scratch/parceirosbr/bigoilict/share/BigOil/document_generator/datasets/documents_2021_12_28/22bol2_20211228_164301_3092581649_600_800.png,22bol2_20211228_164301_3092581649_600_800_mask.png,possuem custo
88,90,176,180,63,514,239,694,63,514,239,514,239,694,63,694,list,list,list_2,opensans,opensans,12,22bol2_20211228_164301_3092581649_600_800.png,/scratch/parceirosbr/bigoilict/share/BigOil/document_generator/datasets/documents_2021_12_28/22bol2_20211228_164301_3092581649_600_800.png,22bol2_20211228_164301_3092581649_600_800_mask.png,
81,20,162,41,63,464,225,505,63,464,225,464,225,505,63,505,title,subsubtitle,subsubtitle_0,opensans,regular,12,22bol2_20211228_164301_3092581649_600_800.png,/scratch/parceirosbr/bigoilict/share/BigOil/document_generator/datasets/documents_2021_12_28/22bol2_20211228_164301_3092581649_600_800.png,22bol2_20211228_164301_3092581649_600_800_mask.png,nan
88,6,176,12,63,514,239,526,63,514,239,514,239,526,63,526,sub_line_text,list,list_2,opensans,regular,9,22bol2_20211228_164301_3092581649_600_800.png,/scratch/parceirosbr/bigoilict/share/BigOil/document_generator/datasets/documents_2021_12_28/22bol2_20211228_164301_3092581649_600_800.png,22bol2_20211228_164301_3092581649_600_800_mask.png,*  Electron  microscopy  of  nanoemulsions:
26,6,53,12,72,532,125,544,72,532,125,532,125,544,72,544,sub_line_text,list,list_2,opensans,regular,9,22bol2_20211228_164301_3092581649_600_800.png,/scratch/parceirosbr/bigoilict/share/BigOil/document_generator/datasets/documents_2021_12_28/22bol2_20211228_164301_3092581649_600_800.png,22bol2_20211228_164301_3092581649_600_800_mask.png,essential tool
80,6,161,12,63,553,224,565,63,553,224,553,224,565,63,565,sub_line_text,list,list_2,opensans,regular,9,22bol2_20211228_164301_3092581649_600_800.png,/scratch/parceirosbr/bigoilict/share/BigOil/document_generator/datasets/documents_2021_12_28/22bol2_20211228_164301_3092581649_600_800.png,22bol2_20211228_164301_3092581649_600_800_mask.png,*  Como conseqüências ambientais são
55,6,110,12,63,571,173,583,63,571,173,571,173,583,63,583,sub_line_text,list,list_2,opensans,regular,9,22bol2_20211228_164301_3092581649_600_800.png,/scratch/parceirosbr/bigoilict/share/BigOil/document_generator/datasets/documents_2021_12_28/22bol2_20211228_164301_3092581649_600_800.png,22bol2_20211228_164301_3092581649_600_800_mask.png,*  Eis portanto uma ordem
87,6,175,12,63,589,238,601,63,589,238,589,238,601,63,601,sub_line_text,list,list_2,opensans,regular,9,22bol2_20211228_164301_3092581649_600_800.png,/scratch/parceirosbr/bigoilict/share/BigOil/document_generator/datasets/documents_2021_12_28/22bol2_20211228_164301_3092581649_600_800.png,22bol2_20211228_164301_3092581649_600_800_mask.png,*  Esta     modificação     visa     estimular     a
19,6,39,12,72,607,111,619,72,607,111,607,111,619,72,619,sub_line_text,list,list_2,opensans,regular,9,22bol2_20211228_164301_3092581649_600_800.png,/scratch/parceirosbr/bigoilict/share/BigOil/document_generator/datasets/documents_2021_12_28/22bol2_20211228_164301_3092581649_600_800.png,22bol2_20211228_164301_3092581649_600_800_mask.png,atividade
35,6,70,12,63,625,133,637,63,625,133,625,133,637,63,637,sub_line_text,list,list_2,opensans,regular,9,22bol2_20211228_164301_3092581649_600_800.png,/scratch/parceirosbr/bigoilict/share/BigOil/document_generator/datasets/documents_2021_12_28/22bol2_20211228_164301_3092581649_600_800.png,22bol2_20211228_164301_3092581649_600_800_mask.png,*  Para ser válida
36,6,73,12,63,643,136,655,63,643,136,643,136,655,63,655,sub_line_text,list,list_2,opensans,regular,9,22bol2_20211228_164301_3092581649_600_800.png,/scratch/parceirosbr/bigoilict/share/BigOil/document_generator/datasets/documents_2021_12_28/22bol2_20211228_164301_3092581649_600_800.png,22bol2_20211228_164301_3092581649_600_800_mask.png,*  A concentração
54,6,108,12,63,661,171,673,63,661,171,661,171,673,63,673,sub_line_text,list,list_2,opensans,regular,9,22bol2_20211228_164301_3092581649_600_800.png,/scratch/parceirosbr/bigoilict/share/BigOil/document_generator/datasets/documents_2021_12_28/22bol2_20211228_164301_3092581649_600_800.png,22bol2_20211228_164301_3092581649_600_800_mask.png,*  Como grande parte das
26,6,53,12,63,682,116,694,63,682,116,682,116,694,63,694,sub_line_text,list,list_2,opensans,regular,9,22bol2_20211228_164301_3092581649_600_800.png,/scratch/parceirosbr/bigoilict/share/BigOil/document_generator/datasets/documents_2021_12_28/22bol2_20211228_164301_3092581649_600_800.png,22bol2_20211228_164301_3092581649_600_800_mask.png,*  Em termos
53,5,106,10,255,485,361,495,255,485,361,485,361,495,255,495,sub_line_text,figure_legend,figure_1,opensans,bold,8,22bol2_20211228_164301_3092581649_600_800.png,/scratch/parceirosbr/bigoilict/share/BigOil/document_generator/datasets/documents_2021_12_28/22bol2_20211228_164301_3092581649_600_800.png,22bol2_20211228_164301_3092581649_600_800_mask.png,Figura  87:    O  presente es-
52,5,105,10,255,500,360,510,255,500,360,500,360,510,255,510,sub_line_text,figure_legend,figure_1,opensans,bold,8,22bol2_20211228_164301_3092581649_600_800.png,/scratch/parceirosbr/bigoilict/share/BigOil/document_generator/datasets/documents_2021_12_28/22bol2_20211228_164301_3092581649_600_800.png,22bol2_20211228_164301_3092581649_600_800_mask.png,tudo  lança luz sobre a dia-
52,5,105,10,255,515,360,525,255,515,360,515,360,525,255,525,sub_line_text,figure_legend,figure_1,opensans,bold,8,22bol2_20211228_164301_3092581649_600_800.png,/scratch/parceirosbr/bigoilict/share/BigOil/document_generator/datasets/documents_2021_12_28/22bol2_20211228_164301_3092581649_600_800.png,22bol2_20211228_164301_3092581649_600_800_mask.png,lética   entre   a   crescente
52,5,105,10,255,530,360,540,255,530,360,530,360,540,255,540,sub_line_text,figure_legend,figure_1,opensans,bold,8,22bol2_20211228_164301_3092581649_600_800.png,/scratch/parceirosbr/bigoilict/share/BigOil/document_generator/datasets/documents_2021_12_28/22bol2_20211228_164301_3092581649_600_800.png,22bol2_20211228_164301_3092581649_600_800_mask.png,complexidade  do comérc-
53,5,106,10,255,545,361,555,255,545,361,545,361,555,255,555,sub_line_text,figure_legend,figure_1,opensans,bold,8,22bol2_20211228_164301_3092581649_600_800.png,/scratch/parceirosbr/bigoilict/share/BigOil/document_generator/datasets/documents_2021_12_28/22bol2_20211228_164301_3092581649_600_800.png,22bol2_20211228_164301_3092581649_600_800_mask.png,io  exterior  de  combustív-
48,5,97,10,255,560,352,570,255,560,352,560,352,570,255,570,sub_line_text,figure_legend,figure_1,opensans,bold,8,22bol2_20211228_164301_3092581649_600_800.png,/scratch/parceirosbr/bigoilict/share/BigOil/document_generator/datasets/documents_2021_12_28/22bol2_20211228_164301_3092581649_600_800.png,22bol2_20211228_164301_3092581649_600_800_mask.png,"eis, o aumento da depen"
53,42,106,85,255,485,361,570,255,485,361,485,361,570,255,570,text,figure_legend,figure_1,opensans,bold,8,22bol2_20211228_164301_3092581649_600_800.png,/scratch/parceirosbr/bigoilict/share/BigOil/document_generator/datasets/documents_2021_12_28/22bol2_20211228_164301_3092581649_600_800.png,22bol2_20211228_164301_3092581649_600_800_mask.png,nan
52,5,105,10,390,485,495,495,390,485,495,485,495,495,390,495,sub_line_text,figure_legend,figure_1,opensans,bold,8,22bol2_20211228_164301_3092581649_600_800.png,/scratch/parceirosbr/bigoilict/share/BigOil/document_generator/datasets/documents_2021_12_28/22bol2_20211228_164301_3092581649_600_800.png,22bol2_20211228_164301_3092581649_600_800_mask.png,Figura  121:   Em relação ao
52,5,105,10,390,500,495,510,390,500,495,500,495,510,390,510,sub_line_text,figure_legend,figure_1,opensans,bold,8,22bol2_20211228_164301_3092581649_600_800.png,/scratch/parceirosbr/bigoilict/share/BigOil/document_generator/datasets/documents_2021_12_28/22bol2_20211228_164301_3092581649_600_800.png,22bol2_20211228_164301_3092581649_600_800_mask.png,óleo  combustível  o  preço
52,5,105,10,390,515,495,525,390,515,495,515,495,525,390,525,sub_line_text,figure_legend,figure_1,opensans,bold,8,22bol2_20211228_164301_3092581649_600_800.png,/scratch/parceirosbr/bigoilict/share/BigOil/document_generator/datasets/documents_2021_12_28/22bol2_20211228_164301_3092581649_600_800.png,22bol2_20211228_164301_3092581649_600_800_mask.png,médio   nacional  em  2016
53,5,106,10,390,530,496,540,390,530,496,530,496,540,390,540,sub_line_text,figure_legend,figure_1,opensans,bold,8,22bol2_20211228_164301_3092581649_600_800.png,/scratch/parceirosbr/bigoilict/share/BigOil/document_generator/datasets/documents_2021_12_28/22bol2_20211228_164301_3092581649_600_800.png,22bol2_20211228_164301_3092581649_600_800_mask.png,"foi    equivalente   a   1,363."
52,5,105,10,390,545,495,555,390,545,495,545,495,555,390,555,sub_line_text,figure_legend,figure_1,opensans,bold,8,22bol2_20211228_164301_3092581649_600_800.png,/scratch/parceirosbr/bigoilict/share/BigOil/document_generator/datasets/documents_2021_12_28/22bol2_20211228_164301_3092581649_600_800.png,22bol2_20211228_164301_3092581649_600_800_mask.png,apresentou  o  menor pre-
50,5,100,10,390,560,490,570,390,560,490,560,490,570,390,570,sub_line_text,figure_legend,figure_1,opensans,bold,8,22bol2_20211228_164301_3092581649_600_800.png,/scratch/parceirosbr/bigoilict/share/BigOil/document_generator/datasets/documents_2021_12_28/22bol2_20211228_164301_3092581649_600_800.png,22bol2_20211228_164301_3092581649_600_800_mask.png,ço deste derivado e o ma
53,42,106,85,390,485,496,570,390,485,496,485,496,570,390,570,text,figure_legend,figure_1,opensans,bold,8,22bol2_20211228_164301_3092581649_600_800.png,/scratch/parceirosbr/bigoilict/share/BigOil/document_generator/datasets/documents_2021_12_28/22bol2_20211228_164301_3092581649_600_800.png,22bol2_20211228_164301_3092581649_600_800_mask.png,nan
66,66,133,133,324,575,457,708,324,575,457,575,457,708,324,708,image,figure_image,figure_1,,,,22bol2_20211228_164301_3092581649_600_800.png,/scratch/parceirosbr/bigoilict/share/BigOil/document_generator/datasets/documents_2021_12_28/22bol2_20211228_164301_3092581649_600_800.png,22bol2_20211228_164301_3092581649_600_800_mask.png,output/gen_img_20211228_164306_4950479377.png
19,2,38,5,412,634,450,639,412,634,450,634,450,639,412,639,text,figure_text,figure_1,,,,22bol2_20211228_164301_3092581649_600_800.png,/scratch/parceirosbr/bigoilict/share/BigOil/document_generator/datasets/documents_2021_12_28/22bol2_20211228_164301_3092581649_600_800.png,22bol2_20211228_164301_3092581649_600_800_mask.png,Consumption [TB]
19,2,38,5,412,634,450,639,412,634,450,634,450,639,412,639,sub_line_text,figure_text,figure_1,,,,22bol2_20211228_164301_3092581649_600_800.png,/scratch/parceirosbr/bigoilict/share/BigOil/document_generator/datasets/documents_2021_12_28/22bol2_20211228_164301_3092581649_600_800.png,22bol2_20211228_164301_3092581649_600_800_mask.png,Consumption [TB]
20,2,40,5,402,654,442,659,402,654,442,654,442,659,402,659,text,figure_text,figure_1,,,,22bol2_20211228_164301_3092581649_600_800.png,/scratch/parceirosbr/bigoilict/share/BigOil/document_generator/datasets/documents_2021_12_28/22bol2_20211228_164301_3092581649_600_800.png,22bol2_20211228_164301_3092581649_600_800_mask.png,Consumption (GB)
20,2,40,5,402,654,442,659,402,654,442,654,442,659,402,659,sub_line_text,figure_text,figure_1,,,,22bol2_20211228_164301_3092581649_600_800.png,/scratch/parceirosbr/bigoilict/share/BigOil/document_generator/datasets/documents_2021_12_28/22bol2_20211228_164301_3092581649_600_800.png,22bol2_20211228_164301_3092581649_600_800_mask.png,Consumption (GB)
9,2,18,5,334,698,352,703,334,698,352,698,352,703,334,703,text,figure_text,figure_1,,,,22bol2_20211228_164301_3092581649_600_800.png,/scratch/parceirosbr/bigoilict/share/BigOil/document_generator/datasets/documents_2021_12_28/22bol2_20211228_164301_3092581649_600_800.png,22bol2_20211228_164301_3092581649_600_800_mask.png,Capacity
9,2,18,5,334,698,352,703,334,698,352,698,352,703,334,703,sub_line_text,figure_text,figure_1,,,,22bol2_20211228_164301_3092581649_600_800.png,/scratch/parceirosbr/bigoilict/share/BigOil/document_generator/datasets/documents_2021_12_28/22bol2_20211228_164301_3092581649_600_800.png,22bol2_20211228_164301_3092581649_600_800_mask.png,Capacity
11,2,22,5,334,621,356,626,334,621,356,621,356,626,334,626,text,figure_text,figure_1,,,,22bol2_20211228_164301_3092581649_600_800.png,/scratch/parceirosbr/bigoilict/share/BigOil/document_generator/datasets/documents_2021_12_28/22bol2_20211228_164301_3092581649_600_800.png,22bol2_20211228_164301_3092581649_600_800_mask.png,Data (MB)
11,2,22,5,334,621,356,626,334,621,356,621,356,626,334,626,sub_line_text,figure_text,figure_1,,,,22bol2_20211228_164301_3092581649_600_800.png,/scratch/parceirosbr/bigoilict/share/BigOil/document_generator/datasets/documents_2021_12_28/22bol2_20211228_164301_3092581649_600_800.png,22bol2_20211228_164301_3092581649_600_800_mask.png,Data (MB)
11,2,22,5,422,581,444,586,422,581,444,581,444,586,422,586,text,figure_text,figure_1,,,,22bol2_20211228_164301_3092581649_600_800.png,/scratch/parceirosbr/bigoilict/share/BigOil/document_generator/datasets/documents_2021_12_28/22bol2_20211228_164301_3092581649_600_800.png,22bol2_20211228_164301_3092581649_600_800_mask.png,Proportion
11,2,22,5,422,581,444,586,422,581,444,581,444,586,422,586,sub_line_text,figure_text,figure_1,,,,22bol2_20211228_164301_3092581649_600_800.png,/scratch/parceirosbr/bigoilict/share/BigOil/document_generator/datasets/documents_2021_12_28/22bol2_20211228_164301_3092581649_600_800.png,22bol2_20211228_164301_3092581649_600_800_mask.png,Proportion
11,3,22,6,370,651,392,657,370,651,392,651,392,657,370,657,text,figure_text,figure_1,,,,22bol2_20211228_164301_3092581649_600_800.png,/scratch/parceirosbr/bigoilict/share/BigOil/document_generator/datasets/documents_2021_12_28/22bol2_20211228_164301_3092581649_600_800.png,22bol2_20211228_164301_3092581649_600_800_mask.png,Data (MB)
11,3,22,6,370,651,392,657,370,651,392,651,392,657,370,657,sub_line_text,figure_text,figure_1,,,,22bol2_20211228_164301_3092581649_600_800.png,/scratch/parceirosbr/bigoilict/share/BigOil/document_generator/datasets/documents_2021_12_28/22bol2_20211228_164301_3092581649_600_800.png,22bol2_20211228_164301_3092581649_600_800_mask.png,Data (MB)
15,2,30,4,379,666,409,670,379,666,409,666,409,670,379,670,text,figure_text,figure_1,,,,22bol2_20211228_164301_3092581649_600_800.png,/scratch/parceirosbr/bigoilict/share/BigOil/document_generator/datasets/documents_2021_12_28/22bol2_20211228_164301_3092581649_600_800.png,22bol2_20211228_164301_3092581649_600_800_mask.png,Transmittance
15,2,30,4,379,666,409,670,379,666,409,666,409,670,379,670,sub_line_text,figure_text,figure_1,,,,22bol2_20211228_164301_3092581649_600_800.png,/scratch/parceirosbr/bigoilict/share/BigOil/document_generator/datasets/documents_2021_12_28/22bol2_20211228_164301_3092581649_600_800.png,22bol2_20211228_164301_3092581649_600_800_mask.png,Transmittance
11,2,22,5,408,697,430,702,408,697,430,697,430,702,408,702,text,figure_text,figure_1,,,,22bol2_20211228_164301_3092581649_600_800.png,/scratch/parceirosbr/bigoilict/share/BigOil/document_generator/datasets/documents_2021_12_28/22bol2_20211228_164301_3092581649_600_800.png,22bol2_20211228_164301_3092581649_600_800_mask.png,-8893.227
11,2,22,5,408,697,430,702,408,697,430,697,430,702,408,702,sub_line_text,figure_text,figure_1,,,,22bol2_20211228_164301_3092581649_600_800.png,/scratch/parceirosbr/bigoilict/share/BigOil/document_generator/datasets/documents_2021_12_28/22bol2_20211228_164301_3092581649_600_800.png,22bol2_20211228_164301_3092581649_600_800_mask.png,-8893.227
11,2,22,5,353,645,375,650,353,645,375,645,375,650,353,650,text,figure_text,figure_1,,,,22bol2_20211228_164301_3092581649_600_800.png,/scratch/parceirosbr/bigoilict/share/BigOil/document_generator/datasets/documents_2021_12_28/22bol2_20211228_164301_3092581649_600_800.png,22bol2_20211228_164301_3092581649_600_800_mask.png,-7210.987
11,2,22,5,353,645,375,650,353,645,375,645,375,650,353,650,sub_line_text,figure_text,figure_1,,,,22bol2_20211228_164301_3092581649_600_800.png,/scratch/parceirosbr/bigoilict/share/BigOil/document_generator/datasets/documents_2021_12_28/22bol2_20211228_164301_3092581649_600_800.png,22bol2_20211228_164301_3092581649_600_800_mask.png,-7210.987
8,2,16,5,383,697,399,702,383,697,399,697,399,702,383,702,text,figure_text,figure_1,,,,22bol2_20211228_164301_3092581649_600_800.png,/scratch/parceirosbr/bigoilict/share/BigOil/document_generator/datasets/documents_2021_12_28/22bol2_20211228_164301_3092581649_600_800.png,22bol2_20211228_164301_3092581649_600_800_mask.png,-1216%
8,2,16,5,383,697,399,702,383,697,399,697,399,702,383,702,sub_line_text,figure_text,figure_1,,,,22bol2_20211228_164301_3092581649_600_800.png,/scratch/parceirosbr/bigoilict/share/BigOil/document_generator/datasets/documents_2021_12_28/22bol2_20211228_164301_3092581649_600_800.png,22bol2_20211228_164301_3092581649_600_800_mask.png,-1216%
11,2,22,4,362,690,384,694,362,690,384,690,384,694,362,694,text,figure_text,figure_1,,,,22bol2_20211228_164301_3092581649_600_800.png,/scratch/parceirosbr/bigoilict/share/BigOil/document_generator/datasets/documents_2021_12_28/22bol2_20211228_164301_3092581649_600_800.png,22bol2_20211228_164301_3092581649_600_800_mask.png,-9443.845
11,2,22,4,362,690,384,694,362,690,384,690,384,694,362,694,sub_line_text,figure_text,figure_1,,,,22bol2_20211228_164301_3092581649_600_800.png,/scratch/parceirosbr/bigoilict/share/BigOil/document_generator/datasets/documents_2021_12_28/22bol2_20211228_164301_3092581649_600_800.png,22bol2_20211228_164301_3092581649_600_800_mask.png,-9443.845
7,2,14,5,433,604,447,609,433,604,447,604,447,609,433,609,text,figure_text,figure_1,,,,22bol2_20211228_164301_3092581649_600_800.png,/scratch/parceirosbr/bigoilict/share/BigOil/document_generator/datasets/documents_2021_12_28/22bol2_20211228_164301_3092581649_600_800.png,22bol2_20211228_164301_3092581649_600_800_mask.png,Export
7,2,14,5,433,604,447,609,433,604,447,604,447,609,433,609,sub_line_text,figure_text,figure_1,,,,22bol2_20211228_164301_3092581649_600_800.png,/scratch/parceirosbr/bigoilict/share/BigOil/document_generator/datasets/documents_2021_12_28/22bol2_20211228_164301_3092581649_600_800.png,22bol2_20211228_164301_3092581649_600_800_mask.png,Export
8,2,16,4,409,624,425,628,409,624,425,624,425,628,409,628,text,figure_text,figure_1,,,,22bol2_20211228_164301_3092581649_600_800.png,/scratch/parceirosbr/bigoilict/share/BigOil/document_generator/datasets/documents_2021_12_28/22bol2_20211228_164301_3092581649_600_800.png,22bol2_20211228_164301_3092581649_600_800_mask.png,-6058%
8,2,16,4,409,624,425,628,409,624,425,624,425,628,409,628,sub_line_text,figure_text,figure_1,,,,22bol2_20211228_164301_3092581649_600_800.png,/scratch/parceirosbr/bigoilict/share/BigOil/document_generator/datasets/documents_2021_12_28/22bol2_20211228_164301_3092581649_600_800.png,22bol2_20211228_164301_3092581649_600_800_mask.png,-6058%
9,2,19,4,391,684,410,688,391,684,410,684,410,688,391,688,text,figure_text,figure_1,,,,22bol2_20211228_164301_3092581649_600_800.png,/scratch/parceirosbr/bigoilict/share/BigOil/document_generator/datasets/documents_2021_12_28/22bol2_20211228_164301_3092581649_600_800.png,22bol2_20211228_164301_3092581649_600_800_mask.png,-3548.59
9,2,19,4,391,684,410,688,391,684,410,684,410,688,391,688,sub_line_text,figure_text,figure_1,,,,22bol2_20211228_164301_3092581649_600_800.png,/scratch/parceirosbr/bigoilict/share/BigOil/document_generator/datasets/documents_2021_12_28/22bol2_20211228_164301_3092581649_600_800.png,22bol2_20211228_164301_3092581649_600_800_mask.png,-3548.59
11,2,23,4,380,609,403,613,380,609,403,609,403,613,380,613,text,figure_text,figure_1,,,,22bol2_20211228_164301_3092581649_600_800.png,/scratch/parceirosbr/bigoilict/share/BigOil/document_generator/datasets/documents_2021_12_28/22bol2_20211228_164301_3092581649_600_800.png,22bol2_20211228_164301_3092581649_600_800_mask.png,-6270.83%
11,2,23,4,380,609,403,613,380,609,403,609,403,613,380,613,sub_line_text,figure_text,figure_1,,,,22bol2_20211228_164301_3092581649_600_800.png,/scratch/parceirosbr/bigoilict/share/BigOil/document_generator/datasets/documents_2021_12_28/22bol2_20211228_164301_3092581649_600_800.png,22bol2_20211228_164301_3092581649_600_800_mask.png,-6270.83%
16,2,33,5,370,580,403,585,370,580,403,580,403,585,370,585,text,figure_text,figure_1,,,,22bol2_20211228_164301_3092581649_600_800.png,/scratch/parceirosbr/bigoilict/share/BigOil/document_generator/datasets/documents_2021_12_28/22bol2_20211228_164301_3092581649_600_800.png,22bol2_20211228_164301_3092581649_600_800_mask.png,Frequency (Hz)
16,2,33,5,370,580,403,585,370,580,403,580,403,585,370,585,sub_line_text,figure_text,figure_1,,,,22bol2_20211228_164301_3092581649_600_800.png,/scratch/parceirosbr/bigoilict/share/BigOil/document_generator/datasets/documents_2021_12_28/22bol2_20211228_164301_3092581649_600_800.png,22bol2_20211228_164301_3092581649_600_800_mask.png,Frequency (Hz)
8,2,17,5,436,682,453,687,436,682,453,682,453,687,436,687,text,figure_text,figure_1,,,,22bol2_20211228_164301_3092581649_600_800.png,/scratch/parceirosbr/bigoilict/share/BigOil/document_generator/datasets/documents_2021_12_28/22bol2_20211228_164301_3092581649_600_800.png,22bol2_20211228_164301_3092581649_600_800_mask.png,Support
8,2,17,5,436,682,453,687,436,682,453,682,453,687,436,687,sub_line_text,figure_text,figure_1,,,,22bol2_20211228_164301_3092581649_600_800.png,/scratch/parceirosbr/bigoilict/share/BigOil/document_generator/datasets/documents_2021_12_28/22bol2_20211228_164301_3092581649_600_800.png,22bol2_20211228_164301_3092581649_600_800_mask.png,Support
80,6,160,12,269,293,429,305,269,293,429,293,429,305,269,305,sub_line_text,text,text_0,opensans,regular,9,22bol2_20211228_164301_3092581649_600_800.png,/scratch/parceirosbr/bigoilict/share/BigOil/document_generator/datasets/documents_2021_12_28/22bol2_20211228_164301_3092581649_600_800.png,22bol2_20211228_164301_3092581649_600_800_mask.png,O  deslocamento das imagens das par-
86,6,173,12,255,311,428,323,255,311,428,311,428,323,255,323,sub_line_text,text,text_0,opensans,regular,9,22bol2_20211228_164301_3092581649_600_800.png,/scratch/parceirosbr/bigoilict/share/BigOil/document_generator/datasets/documents_2021_12_28/22bol2_20211228_164301_3092581649_600_800.png,22bol2_20211228_164301_3092581649_600_800_mask.png,tículas  é  medido e utilizado para determ-
86,6,173,12,255,329,428,341,255,329,428,329,428,341,255,341,sub_line_text,text,text_0,opensans,regular,9,22bol2_20211228_164301_3092581649_600_800.png,/scratch/parceirosbr/bigoilict/share/BigOil/document_generator/datasets/documents_2021_12_28/22bol2_20211228_164301_3092581649_600_800.png,22bol2_20211228_164301_3092581649_600_800_mask.png,inar  o  deslocamento  das partículas no e-
86,6,172,12,255,347,427,359,255,347,427,347,427,359,255,359,sub_line_text,text,text_0,opensans,regular,9,22bol2_20211228_164301_3092581649_600_800.png,/scratch/parceirosbr/bigoilict/share/BigOil/document_generator/datasets/documents_2021_12_28/22bol2_20211228_164301_3092581649_600_800.png,22bol2_20211228_164301_3092581649_600_800_mask.png,scoamento.  Tudo isso se fez com recursos
86,6,173,12,255,365,428,377,255,365,428,365,428,377,255,377,sub_line_text,text,text_0,opensans,regular,9,22bol2_20211228_164301_3092581649_600_800.png,/scratch/parceirosbr/bigoilict/share/BigOil/document_generator/datasets/documents_2021_12_28/22bol2_20211228_164301_3092581649_600_800.png,22bol2_20211228_164301_3092581649_600_800_mask.png,"nossos,  com  técnicos  nossos e também c-"
86,6,172,12,255,383,427,395,255,383,427,383,427,395,255,395,sub_line_text,text,text_0,opensans,regular,9,22bol2_20211228_164301_3092581649_600_800.png,/scratch/parceirosbr/bigoilict/share/BigOil/document_generator/datasets/documents_2021_12_28/22bol2_20211228_164301_3092581649_600_800.png,22bol2_20211228_164301_3092581649_600_800_mask.png,"ontratados,  e máquinas que adquirimos."
86,6,173,12,255,401,428,413,255,401,428,401,428,413,255,413,sub_line_text,text,text_0,opensans,regular,9,22bol2_20211228_164301_3092581649_600_800.png,/scratch/parceirosbr/bigoilict/share/BigOil/document_generator/datasets/documents_2021_12_28/22bol2_20211228_164301_3092581649_600_800.png,22bol2_20211228_164301_3092581649_600_800_mask.png,To  evaluate  the  cell  growth  of oculata in
84,6,169,12,255,419,424,431,255,419,424,419,424,431,255,431,sub_line_text,text,text_0,opensans,regular,9,22bol2_20211228_164301_3092581649_600_800.png,/scratch/parceirosbr/bigoilict/share/BigOil/document_generator/datasets/documents_2021_12_28/22bol2_20211228_164301_3092581649_600_800.png,22bol2_20211228_164301_3092581649_600_800_mask.png,"produced water, samples were collected."
87,69,174,138,255,293,429,431,255,293,429,293,429,431,255,431,text,text,text_0,opensans,regular,9,22bol2_20211228_164301_3092581649_600_800.png,/scratch/parceirosbr/bigoilict/share/BigOil/document_generator/datasets/documents_2021_12_28/22bol2_20211228_164301_3092581649_600_800.png,22bol2_20211228_164301_3092581649_600_800_mask.png,nan
