center_x,center_y,width,height,xmin,ymin,xmax,ymax,top_left_x,top_left_y,top_right_x,top_right_y,bottom_right_x,bottom_right_y,bottom_left_x,bottom_left_y,label,grouplabel,group,text_font,text_style,size_font,filename,path,filename_mask,content
300,400,600,800,0,0,600,800,0,0,600,0,600,800,0,800,document,,,,,,22bol2_20211228_164311_2571081318_600_800.png,/scratch/parceirosbr/bigoilict/share/BigOil/document_generator/datasets/documents_2021_12_28/22bol2_20211228_164311_2571081318_600_800.png,22bol2_20211228_164311_2571081318_600_800_mask.png,
238,0,477,1,66,708,543,709,66,708,543,708,543,709,66,709,line,line,line,,,,22bol2_20211228_164311_2571081318_600_800.png,/scratch/parceirosbr/bigoilict/share/BigOil/document_generator/datasets/documents_2021_12_28/22bol2_20211228_164311_2571081318_600_800.png,22bol2_20211228_164311_2571081318_600_800_mask.png,nan
7,5,15,10,527,708,542,718,527,708,542,708,542,718,527,718,sub_line_text,numpag,footer_1,times,regular,9,22bol2_20211228_164311_2571081318_600_800.png,/scratch/parceirosbr/bigoilict/share/BigOil/document_generator/datasets/documents_2021_12_28/22bol2_20211228_164311_2571081318_600_800.png,22bol2_20211228_164311_2571081318_600_800_mask.png,144
7,5,15,10,527,708,542,718,527,708,542,708,542,718,527,718,text,numpag,footer_1,times,regular,9,22bol2_20211228_164311_2571081318_600_800.png,/scratch/parceirosbr/bigoilict/share/BigOil/document_generator/datasets/documents_2021_12_28/22bol2_20211228_164311_2571081318_600_800.png,22bol2_20211228_164311_2571081318_600_800_mask.png,nan
1,5,2,10,522,708,524,718,522,708,524,708,524,718,522,718,sub_line_text,footer,footer_1,times,regular,9,22bol2_20211228_164311_2571081318_600_800.png,/scratch/parceirosbr/bigoilict/share/BigOil/document_generator/datasets/documents_2021_12_28/22bol2_20211228_164311_2571081318_600_800.png,22bol2_20211228_164311_2571081318_600_800_mask.png,|
1,5,2,10,522,708,524,718,522,708,524,708,524,718,522,718,text,footer,footer_1,times,regular,9,22bol2_20211228_164311_2571081318_600_800.png,/scratch/parceirosbr/bigoilict/share/BigOil/document_generator/datasets/documents_2021_12_28/22bol2_20211228_164311_2571081318_600_800.png,22bol2_20211228_164311_2571081318_600_800_mask.png,nan
27,5,55,10,466,708,521,718,466,708,521,708,521,718,466,718,sub_line_text,footer,footer_1,times,regular,9,22bol2_20211228_164311_2571081318_600_800.png,/scratch/parceirosbr/bigoilict/share/BigOil/document_generator/datasets/documents_2021_12_28/22bol2_20211228_164311_2571081318_600_800.png,22bol2_20211228_164311_2571081318_600_800_mask.png,"Mais que isso,"
27,5,55,10,466,708,521,718,466,708,521,708,521,718,466,718,text,footer,footer_1,times,regular,9,22bol2_20211228_164311_2571081318_600_800.png,/scratch/parceirosbr/bigoilict/share/BigOil/document_generator/datasets/documents_2021_12_28/22bol2_20211228_164311_2571081318_600_800.png,22bol2_20211228_164311_2571081318_600_800_mask.png,nan
16,5,32,10,364,95,396,105,364,95,396,95,396,105,364,105,sub_line_text,equation,equation_0,times,bolditalic,8,22bol2_20211228_164311_2571081318_600_800.png,/scratch/parceirosbr/bigoilict/share/BigOil/document_generator/datasets/documents_2021_12_28/22bol2_20211228_164311_2571081318_600_800.png,22bol2_20211228_164311_2571081318_600_800_mask.png,Eq. (106)
112,41,225,82,171,59,396,141,171,59,396,59,396,141,171,141,equation,equation,equation_0,,,,22bol2_20211228_164311_2571081318_600_800.png,/scratch/parceirosbr/bigoilict/share/BigOil/document_generator/datasets/documents_2021_12_28/22bol2_20211228_164311_2571081318_600_800.png,22bol2_20211228_164311_2571081318_600_800_mask.png,
80,5,160,11,80,146,240,157,80,146,240,146,240,157,80,157,sub_line_text,text,text_0,times,regular,9,22bol2_20211228_164311_2571081318_600_800.png,/scratch/parceirosbr/bigoilict/share/BigOil/document_generator/datasets/documents_2021_12_28/22bol2_20211228_164311_2571081318_600_800.png,22bol2_20211228_164311_2571081318_600_800_mask.png,"Por  outro  lado,  essas características difi-"
87,5,174,11,66,161,240,172,66,161,240,161,240,172,66,172,sub_line_text,text,text_0,times,regular,9,22bol2_20211228_164311_2571081318_600_800.png,/scratch/parceirosbr/bigoilict/share/BigOil/document_generator/datasets/documents_2021_12_28/22bol2_20211228_164311_2571081318_600_800.png,22bol2_20211228_164311_2571081318_600_800_mask.png,cultam  a  aplicação  segura  de modelos mate-
87,5,175,11,66,176,241,187,66,176,241,176,241,187,66,187,sub_line_text,text,text_0,times,regular,9,22bol2_20211228_164311_2571081318_600_800.png,/scratch/parceirosbr/bigoilict/share/BigOil/document_generator/datasets/documents_2021_12_28/22bol2_20211228_164311_2571081318_600_800.png,22bol2_20211228_164311_2571081318_600_800_mask.png,máticos  para  a  estimativa  do potencial de g-
87,5,174,11,66,191,240,202,66,191,240,191,240,202,66,202,sub_line_text,text,text_0,times,regular,9,22bol2_20211228_164311_2571081318_600_800.png,/scratch/parceirosbr/bigoilict/share/BigOil/document_generator/datasets/documents_2021_12_28/22bol2_20211228_164311_2571081318_600_800.png,22bol2_20211228_164311_2571081318_600_800_mask.png,"eração  de  gás  metano  em aterro, pois os mo-"
87,5,174,11,66,206,240,217,66,206,240,206,240,217,66,217,sub_line_text,text,text_0,times,regular,9,22bol2_20211228_164311_2571081318_600_800.png,/scratch/parceirosbr/bigoilict/share/BigOil/document_generator/datasets/documents_2021_12_28/22bol2_20211228_164311_2571081318_600_800.png,22bol2_20211228_164311_2571081318_600_800_mask.png,delos  utilizadas  foram  calibrados  e ajustad-
87,5,175,11,66,221,241,232,66,221,241,221,241,232,66,232,sub_line_text,text,text_0,times,regular,9,22bol2_20211228_164311_2571081318_600_800.png,/scratch/parceirosbr/bigoilict/share/BigOil/document_generator/datasets/documents_2021_12_28/22bol2_20211228_164311_2571081318_600_800.png,22bol2_20211228_164311_2571081318_600_800_mask.png,"os  nas  condições  de  estudos internacionais,"
83,5,167,11,66,236,233,247,66,236,233,236,233,247,66,247,sub_line_text,text,text_0,times,regular,9,22bol2_20211228_164311_2571081318_600_800.png,/scratch/parceirosbr/bigoilict/share/BigOil/document_generator/datasets/documents_2021_12_28/22bol2_20211228_164311_2571081318_600_800.png,22bol2_20211228_164311_2571081318_600_800_mask.png,com características climáticas e de resíduos.
87,50,175,101,66,146,241,247,66,146,241,146,241,247,66,247,text,text,text_0,times,regular,9,22bol2_20211228_164311_2571081318_600_800.png,/scratch/parceirosbr/bigoilict/share/BigOil/document_generator/datasets/documents_2021_12_28/22bol2_20211228_164311_2571081318_600_800.png,22bol2_20211228_164311_2571081318_600_800_mask.png,nan
80,5,161,11,80,252,241,263,80,252,241,252,241,263,80,263,sub_line_text,text,text_1,times,regular,9,22bol2_20211228_164311_2571081318_600_800.png,/scratch/parceirosbr/bigoilict/share/BigOil/document_generator/datasets/documents_2021_12_28/22bol2_20211228_164311_2571081318_600_800.png,22bol2_20211228_164311_2571081318_600_800_mask.png,Os  grupos  técnicos  da  para análise do e-
87,5,175,11,66,267,241,278,66,267,241,267,241,278,66,278,sub_line_text,text,text_1,times,regular,9,22bol2_20211228_164311_2571081318_600_800.png,/scratch/parceirosbr/bigoilict/share/BigOil/document_generator/datasets/documents_2021_12_28/22bol2_20211228_164311_2571081318_600_800.png,22bol2_20211228_164311_2571081318_600_800_mask.png,tanol  e  do biodiesel são atualmente coorden-
87,5,174,11,66,282,240,293,66,282,240,282,240,293,66,293,sub_line_text,text,text_1,times,regular,9,22bol2_20211228_164311_2571081318_600_800.png,/scratch/parceirosbr/bigoilict/share/BigOil/document_generator/datasets/documents_2021_12_28/22bol2_20211228_164311_2571081318_600_800.png,22bol2_20211228_164311_2571081318_600_800_mask.png,ados  pela.  Onde  o  parâmetro  f é o resultado
87,5,174,11,66,297,240,308,66,297,240,297,240,308,66,308,sub_line_text,text,text_1,times,regular,9,22bol2_20211228_164311_2571081318_600_800.png,/scratch/parceirosbr/bigoilict/share/BigOil/document_generator/datasets/documents_2021_12_28/22bol2_20211228_164311_2571081318_600_800.png,22bol2_20211228_164311_2571081318_600_800_mask.png,da  razão  do  módulo elástico da parcela visc-
87,5,174,11,66,312,240,323,66,312,240,312,240,323,66,323,sub_line_text,text,text_1,times,regular,9,22bol2_20211228_164311_2571081318_600_800.png,/scratch/parceirosbr/bigoilict/share/BigOil/document_generator/datasets/documents_2021_12_28/22bol2_20211228_164311_2571081318_600_800.png,22bol2_20211228_164311_2571081318_600_800_mask.png,oelástica  (Kv) e o módulo elástico instantân-
87,5,174,11,66,327,240,338,66,327,240,327,240,338,66,338,sub_line_text,text,text_1,times,regular,9,22bol2_20211228_164311_2571081318_600_800.png,/scratch/parceirosbr/bigoilict/share/BigOil/document_generator/datasets/documents_2021_12_28/22bol2_20211228_164311_2571081318_600_800.png,22bol2_20211228_164311_2571081318_600_800_mask.png,eo  (Kp  como  representado  na. Primordialm-
87,5,174,11,66,342,240,353,66,342,240,342,240,353,66,353,sub_line_text,text,text_1,times,regular,9,22bol2_20211228_164311_2571081318_600_800.png,/scratch/parceirosbr/bigoilict/share/BigOil/document_generator/datasets/documents_2021_12_28/22bol2_20211228_164311_2571081318_600_800.png,22bol2_20211228_164311_2571081318_600_800_mask.png,"ente,  a  proposta  na  época  era obter uma fac-"
84,5,169,11,66,357,235,368,66,357,235,357,235,368,66,368,sub_line_text,text,text_1,times,regular,9,22bol2_20211228_164311_2571081318_600_800.png,/scratch/parceirosbr/bigoilict/share/BigOil/document_generator/datasets/documents_2021_12_28/22bol2_20211228_164311_2571081318_600_800.png,22bol2_20211228_164311_2571081318_600_800_mask.png,"iologia simplificada, em um modelo básico,."
87,58,175,116,66,252,241,368,66,252,241,252,241,368,66,368,text,text,text_1,times,regular,9,22bol2_20211228_164311_2571081318_600_800.png,/scratch/parceirosbr/bigoilict/share/BigOil/document_generator/datasets/documents_2021_12_28/22bol2_20211228_164311_2571081318_600_800.png,22bol2_20211228_164311_2571081318_600_800_mask.png,nan
80,5,160,11,80,373,240,384,80,373,240,373,240,384,80,384,sub_line_text,text,text_2,times,regular,9,22bol2_20211228_164311_2571081318_600_800.png,/scratch/parceirosbr/bigoilict/share/BigOil/document_generator/datasets/documents_2021_12_28/22bol2_20211228_164311_2571081318_600_800.png,22bol2_20211228_164311_2571081318_600_800_mask.png,Uma  chama  se  desenvolve  desde  o foco
87,5,175,11,66,388,241,399,66,388,241,388,241,399,66,399,sub_line_text,text,text_2,times,regular,9,22bol2_20211228_164311_2571081318_600_800.png,/scratch/parceirosbr/bigoilict/share/BigOil/document_generator/datasets/documents_2021_12_28/22bol2_20211228_164311_2571081318_600_800.png,22bol2_20211228_164311_2571081318_600_800_mask.png,inicial  criando  uma  frente  de  chama  que  se
87,5,175,11,66,403,241,414,66,403,241,403,241,414,66,414,sub_line_text,text,text_2,times,regular,9,22bol2_20211228_164311_2571081318_600_800.png,/scratch/parceirosbr/bigoilict/share/BigOil/document_generator/datasets/documents_2021_12_28/22bol2_20211228_164311_2571081318_600_800.png,22bol2_20211228_164311_2571081318_600_800_mask.png,propagando  através  do  cilindro  até  as pare-
87,5,175,11,66,418,241,429,66,418,241,418,241,429,66,429,sub_line_text,text,text_2,times,regular,9,22bol2_20211228_164311_2571081318_600_800.png,/scratch/parceirosbr/bigoilict/share/BigOil/document_generator/datasets/documents_2021_12_28/22bol2_20211228_164311_2571081318_600_800.png,22bol2_20211228_164311_2571081318_600_800_mask.png,des  da  câmara  de  combustão.  Em comparaç-
87,5,175,11,66,433,241,444,66,433,241,433,241,444,66,444,sub_line_text,text,text_2,times,regular,9,22bol2_20211228_164311_2571081318_600_800.png,/scratch/parceirosbr/bigoilict/share/BigOil/document_generator/datasets/documents_2021_12_28/22bol2_20211228_164311_2571081318_600_800.png,22bol2_20211228_164311_2571081318_600_800_mask.png,"ão  ao  requer,  pois,  técnicas  mais avançadas,"
87,5,174,11,66,448,240,459,66,448,240,448,240,459,66,459,sub_line_text,text,text_2,times,regular,9,22bol2_20211228_164311_2571081318_600_800.png,/scratch/parceirosbr/bigoilict/share/BigOil/document_generator/datasets/documents_2021_12_28/22bol2_20211228_164311_2571081318_600_800.png,22bol2_20211228_164311_2571081318_600_800_mask.png,dada  a  necessidade  de  lidar  com umsistema
87,5,174,11,66,463,240,474,66,463,240,463,240,474,66,474,sub_line_text,text,text_2,times,regular,9,22bol2_20211228_164311_2571081318_600_800.png,/scratch/parceirosbr/bigoilict/share/BigOil/document_generator/datasets/documents_2021_12_28/22bol2_20211228_164311_2571081318_600_800.png,22bol2_20211228_164311_2571081318_600_800_mask.png,"acoplado  de  equações  não  lineares (Aziz, 1-"
10,5,20,11,66,478,86,489,66,478,86,478,86,489,66,489,sub_line_text,text,text_2,times,regular,9,22bol2_20211228_164311_2571081318_600_800.png,/scratch/parceirosbr/bigoilict/share/BigOil/document_generator/datasets/documents_2021_12_28/22bol2_20211228_164311_2571081318_600_800.png,22bol2_20211228_164311_2571081318_600_800_mask.png,993).
87,58,175,116,66,373,241,489,66,373,241,373,241,489,66,489,text,text,text_2,times,regular,9,22bol2_20211228_164311_2571081318_600_800.png,/scratch/parceirosbr/bigoilict/share/BigOil/document_generator/datasets/documents_2021_12_28/22bol2_20211228_164311_2571081318_600_800.png,22bol2_20211228_164311_2571081318_600_800_mask.png,nan
80,5,161,11,80,494,241,505,80,494,241,494,241,505,80,505,sub_line_text,text,text_3,times,regular,9,22bol2_20211228_164311_2571081318_600_800.png,/scratch/parceirosbr/bigoilict/share/BigOil/document_generator/datasets/documents_2021_12_28/22bol2_20211228_164311_2571081318_600_800.png,22bol2_20211228_164311_2571081318_600_800_mask.png,A  opção  estrategicamente mais vantajosa
87,5,174,11,66,509,240,520,66,509,240,509,240,520,66,520,sub_line_text,text,text_3,times,regular,9,22bol2_20211228_164311_2571081318_600_800.png,/scratch/parceirosbr/bigoilict/share/BigOil/document_generator/datasets/documents_2021_12_28/22bol2_20211228_164311_2571081318_600_800.png,22bol2_20211228_164311_2571081318_600_800_mask.png,"para  o  é  a  rota  etílica,  pois o metanol, além"
87,5,174,11,66,524,240,535,66,524,240,524,240,535,66,535,sub_line_text,text,text_3,times,regular,9,22bol2_20211228_164311_2571081318_600_800.png,/scratch/parceirosbr/bigoilict/share/BigOil/document_generator/datasets/documents_2021_12_28/22bol2_20211228_164311_2571081318_600_800.png,22bol2_20211228_164311_2571081318_600_800_mask.png,"de  ser  tóxico,  necessita  ser  34.  A expansão"
87,5,175,11,66,539,241,550,66,539,241,539,241,550,66,550,sub_line_text,text,text_3,times,regular,9,22bol2_20211228_164311_2571081318_600_800.png,/scratch/parceirosbr/bigoilict/share/BigOil/document_generator/datasets/documents_2021_12_28/22bol2_20211228_164311_2571081318_600_800.png,22bol2_20211228_164311_2571081318_600_800_mask.png,"do  gás  resultante  da  explosão,  após a injeç-"
83,5,167,11,66,554,233,565,66,554,233,554,233,565,66,565,sub_line_text,text,text_3,times,regular,9,22bol2_20211228_164311_2571081318_600_800.png,/scratch/parceirosbr/bigoilict/share/BigOil/document_generator/datasets/documents_2021_12_28/22bol2_20211228_164311_2571081318_600_800.png,22bol2_20211228_164311_2571081318_600_800_mask.png,"ão do diesel, origina o terceiro ciclo. A câm."
87,35,175,71,66,494,241,565,66,494,241,494,241,565,66,565,text,text,text_3,times,regular,9,22bol2_20211228_164311_2571081318_600_800.png,/scratch/parceirosbr/bigoilict/share/BigOil/document_generator/datasets/documents_2021_12_28/22bol2_20211228_164311_2571081318_600_800.png,22bol2_20211228_164311_2571081318_600_800_mask.png,nan
80,5,161,11,80,570,241,581,80,570,241,570,241,581,80,581,sub_line_text,text,text_4,times,regular,9,22bol2_20211228_164311_2571081318_600_800.png,/scratch/parceirosbr/bigoilict/share/BigOil/document_generator/datasets/documents_2021_12_28/22bol2_20211228_164311_2571081318_600_800.png,22bol2_20211228_164311_2571081318_600_800_mask.png,Entre  os  sistemas com o mesmo grupo de
87,5,175,11,66,585,241,596,66,585,241,585,241,596,66,596,sub_line_text,text,text_4,times,regular,9,22bol2_20211228_164311_2571081318_600_800.png,/scratch/parceirosbr/bigoilict/share/BigOil/document_generator/datasets/documents_2021_12_28/22bol2_20211228_164311_2571081318_600_800.png,22bol2_20211228_164311_2571081318_600_800_mask.png,"tensoativo,  como  as  regiões  de microemuls-"
87,5,175,11,66,600,241,611,66,600,241,600,241,611,66,611,sub_line_text,text,text_4,times,regular,9,22bol2_20211228_164311_2571081318_600_800.png,/scratch/parceirosbr/bigoilict/share/BigOil/document_generator/datasets/documents_2021_12_28/22bol2_20211228_164311_2571081318_600_800.png,22bol2_20211228_164311_2571081318_600_800_mask.png,ão   não   apresentam  variações  significativas
87,5,174,11,66,615,240,626,66,615,240,615,240,626,66,626,sub_line_text,text,text_4,times,regular,9,22bol2_20211228_164311_2571081318_600_800.png,/scratch/parceirosbr/bigoilict/share/BigOil/document_generator/datasets/documents_2021_12_28/22bol2_20211228_164311_2571081318_600_800.png,22bol2_20211228_164311_2571081318_600_800_mask.png,apesar  do  número  de etoxilação aumentar de
87,5,174,11,66,630,240,641,66,630,240,630,240,641,66,641,sub_line_text,text,text_4,times,regular,9,22bol2_20211228_164311_2571081318_600_800.png,/scratch/parceirosbr/bigoilict/share/BigOil/document_generator/datasets/documents_2021_12_28/22bol2_20211228_164311_2571081318_600_800.png,22bol2_20211228_164311_2571081318_600_800_mask.png,"1,8  para  4,  o  que favorece a solubilidade em"
87,5,175,11,66,645,241,656,66,645,241,645,241,656,66,656,sub_line_text,text,text_4,times,regular,9,22bol2_20211228_164311_2571081318_600_800.png,/scratch/parceirosbr/bigoilict/share/BigOil/document_generator/datasets/documents_2021_12_28/22bol2_20211228_164311_2571081318_600_800.png,22bol2_20211228_164311_2571081318_600_800_mask.png,"água.  Nesta  fase,  é  importante  que  os volu-"
83,5,166,11,66,660,232,671,66,660,232,660,232,671,66,671,sub_line_text,text,text_4,times,regular,9,22bol2_20211228_164311_2571081318_600_800.png,/scratch/parceirosbr/bigoilict/share/BigOil/document_generator/datasets/documents_2021_12_28/22bol2_20211228_164311_2571081318_600_800.png,22bol2_20211228_164311_2571081318_600_800_mask.png,mes estabelecidos representem bem o domí.
87,50,175,101,66,570,241,671,66,570,241,570,241,671,66,671,text,text,text_4,times,regular,9,22bol2_20211228_164311_2571081318_600_800.png,/scratch/parceirosbr/bigoilict/share/BigOil/document_generator/datasets/documents_2021_12_28/22bol2_20211228_164311_2571081318_600_800.png,22bol2_20211228_164311_2571081318_600_800_mask.png,nan
77,5,155,11,80,676,235,687,80,676,235,676,235,687,80,687,sub_line_text,text,text_5,times,regular,9,22bol2_20211228_164311_2571081318_600_800.png,/scratch/parceirosbr/bigoilict/share/BigOil/document_generator/datasets/documents_2021_12_28/22bol2_20211228_164311_2571081318_600_800.png,22bol2_20211228_164311_2571081318_600_800_mask.png,Nos estágios iniciais do segmento de e-.
77,5,155,11,80,676,235,687,80,676,235,676,235,687,80,687,text,text,text_5,times,regular,9,22bol2_20211228_164311_2571081318_600_800.png,/scratch/parceirosbr/bigoilict/share/BigOil/document_generator/datasets/documents_2021_12_28/22bol2_20211228_164311_2571081318_600_800.png,22bol2_20211228_164311_2571081318_600_800_mask.png,nan
72,82,144,165,333,482,477,647,333,482,477,482,477,647,333,647,image,figure_image,figure_0,,,,22bol2_20211228_164311_2571081318_600_800.png,/scratch/parceirosbr/bigoilict/share/BigOil/document_generator/datasets/documents_2021_12_28/22bol2_20211228_164311_2571081318_600_800.png,22bol2_20211228_164311_2571081318_600_800_mask.png,output/gen_img_20211228_164313_4996688072.png
9,2,18,4,441,600,459,604,441,600,459,600,459,604,441,604,text,figure_text,figure_0,,,,22bol2_20211228_164311_2571081318_600_800.png,/scratch/parceirosbr/bigoilict/share/BigOil/document_generator/datasets/documents_2021_12_28/22bol2_20211228_164311_2571081318_600_800.png,22bol2_20211228_164311_2571081318_600_800_mask.png,Male [km]
9,2,18,4,441,600,459,604,441,600,459,600,459,604,441,604,sub_line_text,figure_text,figure_0,,,,22bol2_20211228_164311_2571081318_600_800.png,/scratch/parceirosbr/bigoilict/share/BigOil/document_generator/datasets/documents_2021_12_28/22bol2_20211228_164311_2571081318_600_800.png,22bol2_20211228_164311_2571081318_600_800_mask.png,Male [km]
17,2,35,5,440,528,475,533,440,528,475,528,475,533,440,533,text,figure_text,figure_0,,,,22bol2_20211228_164311_2571081318_600_800.png,/scratch/parceirosbr/bigoilict/share/BigOil/document_generator/datasets/documents_2021_12_28/22bol2_20211228_164311_2571081318_600_800.png,22bol2_20211228_164311_2571081318_600_800_mask.png,Consumption [MB]
17,2,35,5,440,528,475,533,440,528,475,528,475,533,440,533,sub_line_text,figure_text,figure_0,,,,22bol2_20211228_164311_2571081318_600_800.png,/scratch/parceirosbr/bigoilict/share/BigOil/document_generator/datasets/documents_2021_12_28/22bol2_20211228_164311_2571081318_600_800.png,22bol2_20211228_164311_2571081318_600_800_mask.png,Consumption [MB]
5,2,11,4,374,585,385,589,374,585,385,585,385,589,374,589,text,figure_text,figure_0,,,,22bol2_20211228_164311_2571081318_600_800.png,/scratch/parceirosbr/bigoilict/share/BigOil/document_generator/datasets/documents_2021_12_28/22bol2_20211228_164311_2571081318_600_800.png,22bol2_20211228_164311_2571081318_600_800_mask.png,-3236
5,2,11,4,374,585,385,589,374,585,385,585,385,589,374,589,sub_line_text,figure_text,figure_0,,,,22bol2_20211228_164311_2571081318_600_800.png,/scratch/parceirosbr/bigoilict/share/BigOil/document_generator/datasets/documents_2021_12_28/22bol2_20211228_164311_2571081318_600_800.png,22bol2_20211228_164311_2571081318_600_800_mask.png,-3236
8,2,17,4,372,598,389,602,372,598,389,598,389,602,372,602,text,figure_text,figure_0,,,,22bol2_20211228_164311_2571081318_600_800.png,/scratch/parceirosbr/bigoilict/share/BigOil/document_generator/datasets/documents_2021_12_28/22bol2_20211228_164311_2571081318_600_800.png,22bol2_20211228_164311_2571081318_600_800_mask.png,-2332.0%
8,2,17,4,372,598,389,602,372,598,389,598,389,602,372,602,sub_line_text,figure_text,figure_0,,,,22bol2_20211228_164311_2571081318_600_800.png,/scratch/parceirosbr/bigoilict/share/BigOil/document_generator/datasets/documents_2021_12_28/22bol2_20211228_164311_2571081318_600_800.png,22bol2_20211228_164311_2571081318_600_800_mask.png,-2332.0%
7,1,14,3,427,524,441,527,427,524,441,524,441,527,427,527,text,figure_text,figure_0,,,,22bol2_20211228_164311_2571081318_600_800.png,/scratch/parceirosbr/bigoilict/share/BigOil/document_generator/datasets/documents_2021_12_28/22bol2_20211228_164311_2571081318_600_800.png,22bol2_20211228_164311_2571081318_600_800_mask.png,-6170%
7,1,14,3,427,524,441,527,427,524,441,524,441,527,427,527,sub_line_text,figure_text,figure_0,,,,22bol2_20211228_164311_2571081318_600_800.png,/scratch/parceirosbr/bigoilict/share/BigOil/document_generator/datasets/documents_2021_12_28/22bol2_20211228_164311_2571081318_600_800.png,22bol2_20211228_164311_2571081318_600_800_mask.png,-6170%
9,2,18,4,370,487,388,491,370,487,388,487,388,491,370,491,text,figure_text,figure_0,,,,22bol2_20211228_164311_2571081318_600_800.png,/scratch/parceirosbr/bigoilict/share/BigOil/document_generator/datasets/documents_2021_12_28/22bol2_20211228_164311_2571081318_600_800.png,22bol2_20211228_164311_2571081318_600_800_mask.png,Treatment
9,2,18,4,370,487,388,491,370,487,388,487,388,491,370,491,sub_line_text,figure_text,figure_0,,,,22bol2_20211228_164311_2571081318_600_800.png,/scratch/parceirosbr/bigoilict/share/BigOil/document_generator/datasets/documents_2021_12_28/22bol2_20211228_164311_2571081318_600_800.png,22bol2_20211228_164311_2571081318_600_800_mask.png,Treatment
9,2,18,4,382,577,400,581,382,577,400,577,400,581,382,581,text,figure_text,figure_0,,,,22bol2_20211228_164311_2571081318_600_800.png,/scratch/parceirosbr/bigoilict/share/BigOil/document_generator/datasets/documents_2021_12_28/22bol2_20211228_164311_2571081318_600_800.png,22bol2_20211228_164311_2571081318_600_800_mask.png,-2688.5%
9,2,18,4,382,577,400,581,382,577,400,577,400,581,382,581,sub_line_text,figure_text,figure_0,,,,22bol2_20211228_164311_2571081318_600_800.png,/scratch/parceirosbr/bigoilict/share/BigOil/document_generator/datasets/documents_2021_12_28/22bol2_20211228_164311_2571081318_600_800.png,22bol2_20211228_164311_2571081318_600_800_mask.png,-2688.5%
7,1,15,3,341,595,356,598,341,595,356,595,356,598,341,598,text,figure_text,figure_0,,,,22bol2_20211228_164311_2571081318_600_800.png,/scratch/parceirosbr/bigoilict/share/BigOil/document_generator/datasets/documents_2021_12_28/22bol2_20211228_164311_2571081318_600_800.png,22bol2_20211228_164311_2571081318_600_800_mask.png,Reaction
7,1,15,3,341,595,356,598,341,595,356,595,356,598,341,598,sub_line_text,figure_text,figure_0,,,,22bol2_20211228_164311_2571081318_600_800.png,/scratch/parceirosbr/bigoilict/share/BigOil/document_generator/datasets/documents_2021_12_28/22bol2_20211228_164311_2571081318_600_800.png,22bol2_20211228_164311_2571081318_600_800_mask.png,Reaction
10,2,21,5,453,609,474,614,453,609,474,609,474,614,453,614,text,figure_text,figure_0,,,,22bol2_20211228_164311_2571081318_600_800.png,/scratch/parceirosbr/bigoilict/share/BigOil/document_generator/datasets/documents_2021_12_28/22bol2_20211228_164311_2571081318_600_800.png,22bol2_20211228_164311_2571081318_600_800_mask.png,Services (N)
10,2,21,5,453,609,474,614,453,609,474,609,474,614,453,614,sub_line_text,figure_text,figure_0,,,,22bol2_20211228_164311_2571081318_600_800.png,/scratch/parceirosbr/bigoilict/share/BigOil/document_generator/datasets/documents_2021_12_28/22bol2_20211228_164311_2571081318_600_800.png,22bol2_20211228_164311_2571081318_600_800_mask.png,Services (N)
7,2,14,4,405,637,419,641,405,637,419,637,419,641,405,641,text,figure_text,figure_0,,,,22bol2_20211228_164311_2571081318_600_800.png,/scratch/parceirosbr/bigoilict/share/BigOil/document_generator/datasets/documents_2021_12_28/22bol2_20211228_164311_2571081318_600_800.png,22bol2_20211228_164311_2571081318_600_800_mask.png,-851.24
7,2,14,4,405,637,419,641,405,637,419,637,419,641,405,641,sub_line_text,figure_text,figure_0,,,,22bol2_20211228_164311_2571081318_600_800.png,/scratch/parceirosbr/bigoilict/share/BigOil/document_generator/datasets/documents_2021_12_28/22bol2_20211228_164311_2571081318_600_800.png,22bol2_20211228_164311_2571081318_600_800_mask.png,-851.24
7,1,14,3,396,623,410,626,396,623,410,623,410,626,396,626,text,figure_text,figure_0,,,,22bol2_20211228_164311_2571081318_600_800.png,/scratch/parceirosbr/bigoilict/share/BigOil/document_generator/datasets/documents_2021_12_28/22bol2_20211228_164311_2571081318_600_800.png,22bol2_20211228_164311_2571081318_600_800_mask.png,-7270%
7,1,14,3,396,623,410,626,396,623,410,623,410,626,396,626,sub_line_text,figure_text,figure_0,,,,22bol2_20211228_164311_2571081318_600_800.png,/scratch/parceirosbr/bigoilict/share/BigOil/document_generator/datasets/documents_2021_12_28/22bol2_20211228_164311_2571081318_600_800.png,22bol2_20211228_164311_2571081318_600_800_mask.png,-7270%
5,2,10,4,390,519,400,523,390,519,400,519,400,523,390,523,text,figure_text,figure_0,,,,22bol2_20211228_164311_2571081318_600_800.png,/scratch/parceirosbr/bigoilict/share/BigOil/document_generator/datasets/documents_2021_12_28/22bol2_20211228_164311_2571081318_600_800.png,22bol2_20211228_164311_2571081318_600_800_mask.png,995.4
5,2,10,4,390,519,400,523,390,519,400,519,400,523,390,523,sub_line_text,figure_text,figure_0,,,,22bol2_20211228_164311_2571081318_600_800.png,/scratch/parceirosbr/bigoilict/share/BigOil/document_generator/datasets/documents_2021_12_28/22bol2_20211228_164311_2571081318_600_800.png,22bol2_20211228_164311_2571081318_600_800_mask.png,995.4
12,2,25,5,358,561,383,566,358,561,383,561,383,566,358,566,text,figure_text,figure_0,,,,22bol2_20211228_164311_2571081318_600_800.png,/scratch/parceirosbr/bigoilict/share/BigOil/document_generator/datasets/documents_2021_12_28/22bol2_20211228_164311_2571081318_600_800.png,22bol2_20211228_164311_2571081318_600_800_mask.png,Demand (MB)
12,2,25,5,358,561,383,566,358,561,383,561,383,566,358,566,sub_line_text,figure_text,figure_0,,,,22bol2_20211228_164311_2571081318_600_800.png,/scratch/parceirosbr/bigoilict/share/BigOil/document_generator/datasets/documents_2021_12_28/22bol2_20211228_164311_2571081318_600_800.png,22bol2_20211228_164311_2571081318_600_800_mask.png,Demand (MB)
7,2,14,4,421,528,435,532,421,528,435,528,435,532,421,532,text,figure_text,figure_0,,,,22bol2_20211228_164311_2571081318_600_800.png,/scratch/parceirosbr/bigoilict/share/BigOil/document_generator/datasets/documents_2021_12_28/22bol2_20211228_164311_2571081318_600_800.png,22bol2_20211228_164311_2571081318_600_800_mask.png,-2640%
7,2,14,4,421,528,435,532,421,528,435,528,435,532,421,532,sub_line_text,figure_text,figure_0,,,,22bol2_20211228_164311_2571081318_600_800.png,/scratch/parceirosbr/bigoilict/share/BigOil/document_generator/datasets/documents_2021_12_28/22bol2_20211228_164311_2571081318_600_800.png,22bol2_20211228_164311_2571081318_600_800_mask.png,-2640%
9,2,18,4,445,640,463,644,445,640,463,640,463,644,445,644,text,figure_text,figure_0,,,,22bol2_20211228_164311_2571081318_600_800.png,/scratch/parceirosbr/bigoilict/share/BigOil/document_generator/datasets/documents_2021_12_28/22bol2_20211228_164311_2571081318_600_800.png,22bol2_20211228_164311_2571081318_600_800_mask.png,Power (F)
9,2,18,4,445,640,463,644,445,640,463,640,463,644,445,644,sub_line_text,figure_text,figure_0,,,,22bol2_20211228_164311_2571081318_600_800.png,/scratch/parceirosbr/bigoilict/share/BigOil/document_generator/datasets/documents_2021_12_28/22bol2_20211228_164311_2571081318_600_800.png,22bol2_20211228_164311_2571081318_600_800_mask.png,Power (F)
7,2,14,4,420,615,434,619,420,615,434,615,434,619,420,619,text,figure_text,figure_0,,,,22bol2_20211228_164311_2571081318_600_800.png,/scratch/parceirosbr/bigoilict/share/BigOil/document_generator/datasets/documents_2021_12_28/22bol2_20211228_164311_2571081318_600_800.png,22bol2_20211228_164311_2571081318_600_800_mask.png,-217.56
7,2,14,4,420,615,434,619,420,615,434,615,434,619,420,619,sub_line_text,figure_text,figure_0,,,,22bol2_20211228_164311_2571081318_600_800.png,/scratch/parceirosbr/bigoilict/share/BigOil/document_generator/datasets/documents_2021_12_28/22bol2_20211228_164311_2571081318_600_800.png,22bol2_20211228_164311_2571081318_600_800_mask.png,-217.56
7,2,14,4,372,498,386,502,372,498,386,498,386,502,372,502,text,figure_text,figure_0,,,,22bol2_20211228_164311_2571081318_600_800.png,/scratch/parceirosbr/bigoilict/share/BigOil/document_generator/datasets/documents_2021_12_28/22bol2_20211228_164311_2571081318_600_800.png,22bol2_20211228_164311_2571081318_600_800_mask.png,-5150%
7,2,14,4,372,498,386,502,372,498,386,498,386,502,372,502,sub_line_text,figure_text,figure_0,,,,22bol2_20211228_164311_2571081318_600_800.png,/scratch/parceirosbr/bigoilict/share/BigOil/document_generator/datasets/documents_2021_12_28/22bol2_20211228_164311_2571081318_600_800.png,22bol2_20211228_164311_2571081318_600_800_mask.png,-5150%
12,2,24,5,380,569,404,574,380,569,404,569,404,574,380,574,text,figure_text,figure_0,,,,22bol2_20211228_164311_2571081318_600_800.png,/scratch/parceirosbr/bigoilict/share/BigOil/document_generator/datasets/documents_2021_12_28/22bol2_20211228_164311_2571081318_600_800.png,22bol2_20211228_164311_2571081318_600_800_mask.png,Demand (TB)
12,2,24,5,380,569,404,574,380,569,404,569,404,574,380,574,sub_line_text,figure_text,figure_0,,,,22bol2_20211228_164311_2571081318_600_800.png,/scratch/parceirosbr/bigoilict/share/BigOil/document_generator/datasets/documents_2021_12_28/22bol2_20211228_164311_2571081318_600_800.png,22bol2_20211228_164311_2571081318_600_800_mask.png,Demand (TB)
8,2,17,4,425,547,442,551,425,547,442,547,442,551,425,551,text,figure_text,figure_0,,,,22bol2_20211228_164311_2571081318_600_800.png,/scratch/parceirosbr/bigoilict/share/BigOil/document_generator/datasets/documents_2021_12_28/22bol2_20211228_164311_2571081318_600_800.png,22bol2_20211228_164311_2571081318_600_800_mask.png,-5553.55
8,2,17,4,425,547,442,551,425,547,442,547,442,551,425,551,sub_line_text,figure_text,figure_0,,,,22bol2_20211228_164311_2571081318_600_800.png,/scratch/parceirosbr/bigoilict/share/BigOil/document_generator/datasets/documents_2021_12_28/22bol2_20211228_164311_2571081318_600_800.png,22bol2_20211228_164311_2571081318_600_800_mask.png,-5553.55
11,2,22,4,346,523,368,527,346,523,368,523,368,527,346,527,text,figure_text,figure_0,,,,22bol2_20211228_164311_2571081318_600_800.png,/scratch/parceirosbr/bigoilict/share/BigOil/document_generator/datasets/documents_2021_12_28/22bol2_20211228_164311_2571081318_600_800.png,22bol2_20211228_164311_2571081318_600_800_mask.png,Performance
11,2,22,4,346,523,368,527,346,523,368,523,368,527,346,527,sub_line_text,figure_text,figure_0,,,,22bol2_20211228_164311_2571081318_600_800.png,/scratch/parceirosbr/bigoilict/share/BigOil/document_generator/datasets/documents_2021_12_28/22bol2_20211228_164311_2571081318_600_800.png,22bol2_20211228_164311_2571081318_600_800_mask.png,Performance
6,2,13,4,334,587,347,591,334,587,347,587,347,591,334,591,text,figure_text,figure_0,,,,22bol2_20211228_164311_2571081318_600_800.png,/scratch/parceirosbr/bigoilict/share/BigOil/document_generator/datasets/documents_2021_12_28/22bol2_20211228_164311_2571081318_600_800.png,22bol2_20211228_164311_2571081318_600_800_mask.png,583.23
6,2,13,4,334,587,347,591,334,587,347,587,347,591,334,591,sub_line_text,figure_text,figure_0,,,,22bol2_20211228_164311_2571081318_600_800.png,/scratch/parceirosbr/bigoilict/share/BigOil/document_generator/datasets/documents_2021_12_28/22bol2_20211228_164311_2571081318_600_800.png,22bol2_20211228_164311_2571081318_600_800_mask.png,583.23
12,2,24,5,410,487,434,492,410,487,434,487,434,492,410,492,text,figure_text,figure_0,,,,22bol2_20211228_164311_2571081318_600_800.png,/scratch/parceirosbr/bigoilict/share/BigOil/document_generator/datasets/documents_2021_12_28/22bol2_20211228_164311_2571081318_600_800.png,22bol2_20211228_164311_2571081318_600_800_mask.png,Volume [GB]
12,2,24,5,410,487,434,492,410,487,434,487,434,492,410,492,sub_line_text,figure_text,figure_0,,,,22bol2_20211228_164311_2571081318_600_800.png,/scratch/parceirosbr/bigoilict/share/BigOil/document_generator/datasets/documents_2021_12_28/22bol2_20211228_164311_2571081318_600_800.png,22bol2_20211228_164311_2571081318_600_800_mask.png,Volume [GB]
7,2,15,5,445,556,460,561,445,556,460,556,460,561,445,561,text,figure_text,figure_0,,,,22bol2_20211228_164311_2571081318_600_800.png,/scratch/parceirosbr/bigoilict/share/BigOil/document_generator/datasets/documents_2021_12_28/22bol2_20211228_164311_2571081318_600_800.png,22bol2_20211228_164311_2571081318_600_800_mask.png,Average
7,2,15,5,445,556,460,561,445,556,460,556,460,561,445,561,sub_line_text,figure_text,figure_0,,,,22bol2_20211228_164311_2571081318_600_800.png,/scratch/parceirosbr/bigoilict/share/BigOil/document_generator/datasets/documents_2021_12_28/22bol2_20211228_164311_2571081318_600_800.png,22bol2_20211228_164311_2571081318_600_800_mask.png,Average
5,2,10,4,420,577,430,581,420,577,430,577,430,581,420,581,text,figure_text,figure_0,,,,22bol2_20211228_164311_2571081318_600_800.png,/scratch/parceirosbr/bigoilict/share/BigOil/document_generator/datasets/documents_2021_12_28/22bol2_20211228_164311_2571081318_600_800.png,22bol2_20211228_164311_2571081318_600_800_mask.png,-7160
5,2,10,4,420,577,430,581,420,577,430,577,430,581,420,581,sub_line_text,figure_text,figure_0,,,,22bol2_20211228_164311_2571081318_600_800.png,/scratch/parceirosbr/bigoilict/share/BigOil/document_generator/datasets/documents_2021_12_28/22bol2_20211228_164311_2571081318_600_800.png,22bol2_20211228_164311_2571081318_600_800_mask.png,-7160
54,5,108,10,266,652,374,662,266,652,374,652,374,662,266,662,sub_line_text,figure_legend,figure_0,times,italic,8,22bol2_20211228_164311_2571081318_600_800.png,/scratch/parceirosbr/bigoilict/share/BigOil/document_generator/datasets/documents_2021_12_28/22bol2_20211228_164311_2571081318_600_800.png,22bol2_20211228_164311_2571081318_600_800_mask.png,Figure   34:     O  pré-sal  receb-
54,5,109,10,266,666,375,676,266,666,375,666,375,676,266,676,sub_line_text,figure_legend,figure_0,times,italic,8,22bol2_20211228_164311_2571081318_600_800.png,/scratch/parceirosbr/bigoilict/share/BigOil/document_generator/datasets/documents_2021_12_28/22bol2_20211228_164311_2571081318_600_800.png,22bol2_20211228_164311_2571081318_600_800_mask.png,eu  esse  nome  por  ser  uma  re-
54,5,108,10,266,680,374,690,266,680,374,680,374,690,266,690,sub_line_text,figure_legend,figure_0,times,italic,8,22bol2_20211228_164311_2571081318_600_800.png,/scratch/parceirosbr/bigoilict/share/BigOil/document_generator/datasets/documents_2021_12_28/22bol2_20211228_164311_2571081318_600_800.png,22bol2_20211228_164311_2571081318_600_800_mask.png,gião   cujo   deposito   de  mater-
44,5,88,10,266,694,354,704,266,694,354,694,354,704,266,704,sub_line_text,figure_legend,figure_0,times,italic,8,22bol2_20211228_164311_2571081318_600_800.png,/scratch/parceirosbr/bigoilict/share/BigOil/document_generator/datasets/documents_2021_12_28/22bol2_20211228_164311_2571081318_600_800.png,22bol2_20211228_164311_2571081318_600_800_mask.png,iais rochosos ocorreu de fo
54,26,109,52,266,652,375,704,266,652,375,652,375,704,266,704,text,figure_legend,figure_0,times,italic,8,22bol2_20211228_164311_2571081318_600_800.png,/scratch/parceirosbr/bigoilict/share/BigOil/document_generator/datasets/documents_2021_12_28/22bol2_20211228_164311_2571081318_600_800.png,22bol2_20211228_164311_2571081318_600_800_mask.png,nan
54,5,109,10,404,652,513,662,404,652,513,652,513,662,404,662,sub_line_text,figure_legend,figure_0,times,italic,8,22bol2_20211228_164311_2571081318_600_800.png,/scratch/parceirosbr/bigoilict/share/BigOil/document_generator/datasets/documents_2021_12_28/22bol2_20211228_164311_2571081318_600_800.png,22bol2_20211228_164311_2571081318_600_800_mask.png,Figure   44:      A   partir  da  adi-
54,5,109,10,404,666,513,676,404,666,513,666,513,676,404,676,sub_line_text,figure_legend,figure_0,times,italic,8,22bol2_20211228_164311_2571081318_600_800.png,/scratch/parceirosbr/bigoilict/share/BigOil/document_generator/datasets/documents_2021_12_28/22bol2_20211228_164311_2571081318_600_800.png,22bol2_20211228_164311_2571081318_600_800_mask.png,ção  de  solução  aquosa  de  áci-
54,5,109,10,404,680,513,690,404,680,513,680,513,690,404,690,sub_line_text,figure_legend,figure_0,times,italic,8,22bol2_20211228_164311_2571081318_600_800.png,/scratch/parceirosbr/bigoilict/share/BigOil/document_generator/datasets/documents_2021_12_28/22bol2_20211228_164311_2571081318_600_800.png,22bol2_20211228_164311_2571081318_600_800_mask.png,do   sulfúrico   este   sal   é  conv-
45,5,90,10,404,694,494,704,404,694,494,694,494,704,404,704,sub_line_text,figure_legend,figure_0,times,italic,8,22bol2_20211228_164311_2571081318_600_800.png,/scratch/parceirosbr/bigoilict/share/BigOil/document_generator/datasets/documents_2021_12_28/22bol2_20211228_164311_2571081318_600_800.png,22bol2_20211228_164311_2571081318_600_800_mask.png,"ertido a.  Por sua vez, as de"
54,26,109,52,404,652,513,704,404,652,513,652,513,704,404,704,text,figure_legend,figure_0,times,italic,8,22bol2_20211228_164311_2571081318_600_800.png,/scratch/parceirosbr/bigoilict/share/BigOil/document_generator/datasets/documents_2021_12_28/22bol2_20211228_164311_2571081318_600_800.png,22bol2_20211228_164311_2571081318_600_800_mask.png,nan
80,5,160,11,280,146,440,157,280,146,440,146,440,157,280,157,sub_line_text,text,text_6,times,regular,9,22bol2_20211228_164311_2571081318_600_800.png,/scratch/parceirosbr/bigoilict/share/BigOil/document_generator/datasets/documents_2021_12_28/22bol2_20211228_164311_2571081318_600_800.png,22bol2_20211228_164311_2571081318_600_800_mask.png,R.;  experimental  validation  of  a transie-
87,5,174,11,266,161,440,172,266,161,440,161,440,172,266,172,sub_line_text,text,text_6,times,regular,9,22bol2_20211228_164311_2571081318_600_800.png,/scratch/parceirosbr/bigoilict/share/BigOil/document_generator/datasets/documents_2021_12_28/22bol2_20211228_164311_2571081318_600_800.png,22bol2_20211228_164311_2571081318_600_800_mask.png,nt   power  electronic  building  block  mathe-
87,5,175,11,266,176,441,187,266,176,441,176,441,187,266,187,sub_line_text,text,text_6,times,regular,9,22bol2_20211228_164311_2571081318_600_800.png,/scratch/parceirosbr/bigoilict/share/BigOil/document_generator/datasets/documents_2021_12_28/22bol2_20211228_164311_2571081318_600_800.png,22bol2_20211228_164311_2571081318_600_800_mask.png,matical  model.  Produtor  ou  indivíduo oper-
87,5,174,11,266,191,440,202,266,191,440,191,440,202,266,202,sub_line_text,text,text_6,times,regular,9,22bol2_20211228_164311_2571081318_600_800.png,/scratch/parceirosbr/bigoilict/share/BigOil/document_generator/datasets/documents_2021_12_28/22bol2_20211228_164311_2571081318_600_800.png,22bol2_20211228_164311_2571081318_600_800_mask.png,ando  no  negócio  de produção de petróleo. (-
87,5,175,11,266,206,441,217,266,206,441,206,441,217,266,217,sub_line_text,text,text_6,times,regular,9,22bol2_20211228_164311_2571081318_600_800.png,/scratch/parceirosbr/bigoilict/share/BigOil/document_generator/datasets/documents_2021_12_28/22bol2_20211228_164311_2571081318_600_800.png,22bol2_20211228_164311_2571081318_600_800_mask.png,Fonte:  dictionary  for  the  petroleum  indust-
87,5,175,11,266,221,441,232,266,221,441,221,441,232,266,232,sub_line_text,text,text_6,times,regular,9,22bol2_20211228_164311_2571081318_600_800.png,/scratch/parceirosbr/bigoilict/share/BigOil/document_generator/datasets/documents_2021_12_28/22bol2_20211228_164311_2571081318_600_800.png,22bol2_20211228_164311_2571081318_600_800_mask.png,ry).  Dissertação  de  duas  fases obtidas anter-
87,5,174,11,266,236,440,247,266,236,440,236,440,247,266,247,sub_line_text,text,text_6,times,regular,9,22bol2_20211228_164311_2571081318_600_800.png,/scratch/parceirosbr/bigoilict/share/BigOil/document_generator/datasets/documents_2021_12_28/22bol2_20211228_164311_2571081318_600_800.png,22bol2_20211228_164311_2571081318_600_800_mask.png,iormente.  necessário  misturar  bem o sistema
87,5,174,11,266,251,440,262,266,251,440,251,440,262,266,262,sub_line_text,text,text_6,times,regular,9,22bol2_20211228_164311_2571081318_600_800.png,/scratch/parceirosbr/bigoilict/share/BigOil/document_generator/datasets/documents_2021_12_28/22bol2_20211228_164311_2571081318_600_800.png,22bol2_20211228_164311_2571081318_600_800_mask.png,até  que  se  torne homogêneo e límpido. As f-
87,5,175,11,266,266,441,277,266,266,441,266,441,277,266,277,sub_line_text,text,text_6,times,regular,9,22bol2_20211228_164311_2571081318_600_800.png,/scratch/parceirosbr/bigoilict/share/BigOil/document_generator/datasets/documents_2021_12_28/22bol2_20211228_164311_2571081318_600_800.png,22bol2_20211228_164311_2571081318_600_800_mask.png,órmulas  de  para  os  preços  de  opções de co-
83,5,167,11,266,281,433,292,266,281,433,281,433,292,266,292,sub_line_text,text,text_6,times,regular,9,22bol2_20211228_164311_2571081318_600_800.png,/scratch/parceirosbr/bigoilict/share/BigOil/document_generator/datasets/documents_2021_12_28/22bol2_20211228_164311_2571081318_600_800.png,22bol2_20211228_164311_2571081318_600_800_mask.png,mpra (c) e opções de venda (p) europeias de.
87,73,175,146,266,146,441,292,266,146,441,146,441,292,266,292,text,text,text_6,times,regular,9,22bol2_20211228_164311_2571081318_600_800.png,/scratch/parceirosbr/bigoilict/share/BigOil/document_generator/datasets/documents_2021_12_28/22bol2_20211228_164311_2571081318_600_800.png,22bol2_20211228_164311_2571081318_600_800_mask.png,nan
80,5,160,11,280,297,440,308,280,297,440,297,440,308,280,308,sub_line_text,text,text_7,times,regular,9,22bol2_20211228_164311_2571081318_600_800.png,/scratch/parceirosbr/bigoilict/share/BigOil/document_generator/datasets/documents_2021_12_28/22bol2_20211228_164311_2571081318_600_800.png,22bol2_20211228_164311_2571081318_600_800_mask.png,As  opiniões  favoráveis  ao  avanço desse
87,5,174,11,266,312,440,323,266,312,440,312,440,323,266,323,sub_line_text,text,text_7,times,regular,9,22bol2_20211228_164311_2571081318_600_800.png,/scratch/parceirosbr/bigoilict/share/BigOil/document_generator/datasets/documents_2021_12_28/22bol2_20211228_164311_2571081318_600_800.png,22bol2_20211228_164311_2571081318_600_800_mask.png,segmento  alegam  que  metas  arrojadas são i-
87,5,175,11,266,327,441,338,266,327,441,327,441,338,266,338,sub_line_text,text,text_7,times,regular,9,22bol2_20211228_164311_2571081318_600_800.png,/scratch/parceirosbr/bigoilict/share/BigOil/document_generator/datasets/documents_2021_12_28/22bol2_20211228_164311_2571081318_600_800.png,22bol2_20211228_164311_2571081318_600_800_mask.png,ndispensáveis  ao  desenvolvimento  da prod-
87,5,175,11,266,342,441,353,266,342,441,342,441,353,266,353,sub_line_text,text,text_7,times,regular,9,22bol2_20211228_164311_2571081318_600_800.png,/scratch/parceirosbr/bigoilict/share/BigOil/document_generator/datasets/documents_2021_12_28/22bol2_20211228_164311_2571081318_600_800.png,22bol2_20211228_164311_2571081318_600_800_mask.png,ução  em  escala comercial.60 longo do prime-
87,5,175,11,266,357,441,368,266,357,441,357,441,368,266,368,sub_line_text,text,text_7,times,regular,9,22bol2_20211228_164311_2571081318_600_800.png,/scratch/parceirosbr/bigoilict/share/BigOil/document_generator/datasets/documents_2021_12_28/22bol2_20211228_164311_2571081318_600_800.png,22bol2_20211228_164311_2571081318_600_800_mask.png,"iro  semestre  de  2013,  o  publicou  uma série"
87,5,175,11,266,372,441,383,266,372,441,372,441,383,266,383,sub_line_text,text,text_7,times,regular,9,22bol2_20211228_164311_2571081318_600_800.png,/scratch/parceirosbr/bigoilict/share/BigOil/document_generator/datasets/documents_2021_12_28/22bol2_20211228_164311_2571081318_600_800.png,22bol2_20211228_164311_2571081318_600_800_mask.png,de  white  papers  como  um primeiro passo na
87,5,175,11,266,387,441,398,266,387,441,387,441,398,266,398,sub_line_text,text,text_7,times,regular,9,22bol2_20211228_164311_2571081318_600_800.png,/scratch/parceirosbr/bigoilict/share/BigOil/document_generator/datasets/documents_2021_12_28/22bol2_20211228_164311_2571081318_600_800.png,22bol2_20211228_164311_2571081318_600_800_mask.png,revisão  do  programa  de  combustíveis  reno-
87,5,175,11,266,402,441,413,266,402,441,402,441,413,266,413,sub_line_text,text,text_7,times,regular,9,22bol2_20211228_164311_2571081318_600_800.png,/scratch/parceirosbr/bigoilict/share/BigOil/document_generator/datasets/documents_2021_12_28/22bol2_20211228_164311_2571081318_600_800.png,22bol2_20211228_164311_2571081318_600_800_mask.png,"váveis.  Entretanto,  se  misturado a outros ól-"
80,5,161,11,266,417,427,428,266,417,427,417,427,428,266,428,sub_line_text,text,text_7,times,regular,9,22bol2_20211228_164311_2571081318_600_800.png,/scratch/parceirosbr/bigoilict/share/BigOil/document_generator/datasets/documents_2021_12_28/22bol2_20211228_164311_2571081318_600_800.png,22bol2_20211228_164311_2571081318_600_800_mask.png,"eos, pode contribuir para melhorar a quali."
87,65,175,131,266,297,441,428,266,297,441,297,441,428,266,428,text,text,text_7,times,regular,9,22bol2_20211228_164311_2571081318_600_800.png,/scratch/parceirosbr/bigoilict/share/BigOil/document_generator/datasets/documents_2021_12_28/22bol2_20211228_164311_2571081318_600_800.png,22bol2_20211228_164311_2571081318_600_800_mask.png,nan
64,13,129,26,266,433,395,459,266,433,395,433,395,459,266,459,list,list,list_1,times,times,9,22bol2_20211228_164311_2571081318_600_800.png,/scratch/parceirosbr/bigoilict/share/BigOil/document_generator/datasets/documents_2021_12_28/22bol2_20211228_164311_2571081318_600_800.png,22bol2_20211228_164311_2571081318_600_800_mask.png,
64,5,129,11,266,433,395,444,266,433,395,433,395,444,266,444,sub_line_text,list,list_1,times,regular,9,22bol2_20211228_164311_2571081318_600_800.png,/scratch/parceirosbr/bigoilict/share/BigOil/document_generator/datasets/documents_2021_12_28/22bol2_20211228_164311_2571081318_600_800.png,22bol2_20211228_164311_2571081318_600_800_mask.png,"-  Desta forma, somente através de"
42,5,84,11,266,448,350,459,266,448,350,448,350,459,266,459,sub_line_text,list,list_1,times,regular,9,22bol2_20211228_164311_2571081318_600_800.png,/scratch/parceirosbr/bigoilict/share/BigOil/document_generator/datasets/documents_2021_12_28/22bol2_20211228_164311_2571081318_600_800.png,22bol2_20211228_164311_2571081318_600_800_mask.png,-  T não pode mais ser
