center_x,center_y,width,height,xmin,ymin,xmax,ymax,top_left_x,top_left_y,top_right_x,top_right_y,bottom_right_x,bottom_right_y,bottom_left_x,bottom_left_y,label,grouplabel,group,text_font,text_style,size_font,filename,path,filename_mask,content
300,400,600,800,0,0,600,800,0,0,600,0,600,800,0,800,document,,,,,,22bol2_20211228_164301_1578202649_600_800.png,/scratch/parceirosbr/bigoilict/share/BigOil/document_generator/datasets/documents_2021_12_28/22bol2_20211228_164301_1578202649_600_800.png,22bol2_20211228_164301_1578202649_600_800_mask.png,
245,0,491,1,54,726,545,727,54,726,545,726,545,727,54,727,line,line,line,,,,22bol2_20211228_164301_1578202649_600_800.png,/scratch/parceirosbr/bigoilict/share/BigOil/document_generator/datasets/documents_2021_12_28/22bol2_20211228_164301_1578202649_600_800.png,22bol2_20211228_164301_1578202649_600_800_mask.png,nan
7,4,15,9,54,726,69,735,54,726,69,726,69,735,54,735,sub_line_text,numpag,footer_1,courier,regular,9,22bol2_20211228_164301_1578202649_600_800.png,/scratch/parceirosbr/bigoilict/share/BigOil/document_generator/datasets/documents_2021_12_28/22bol2_20211228_164301_1578202649_600_800.png,22bol2_20211228_164301_1578202649_600_800_mask.png,134
7,4,15,9,54,726,69,735,54,726,69,726,69,735,54,735,text,numpag,footer_1,courier,regular,9,22bol2_20211228_164301_1578202649_600_800.png,/scratch/parceirosbr/bigoilict/share/BigOil/document_generator/datasets/documents_2021_12_28/22bol2_20211228_164301_1578202649_600_800.png,22bol2_20211228_164301_1578202649_600_800_mask.png,nan
2,4,5,9,72,726,77,735,72,726,77,726,77,735,72,735,sub_line_text,footer,footer_1,courier,regular,9,22bol2_20211228_164301_1578202649_600_800.png,/scratch/parceirosbr/bigoilict/share/BigOil/document_generator/datasets/documents_2021_12_28/22bol2_20211228_164301_1578202649_600_800.png,22bol2_20211228_164301_1578202649_600_800_mask.png,|
2,4,5,9,72,726,77,735,72,726,77,726,77,735,72,735,text,footer,footer_1,courier,regular,9,22bol2_20211228_164301_1578202649_600_800.png,/scratch/parceirosbr/bigoilict/share/BigOil/document_generator/datasets/documents_2021_12_28/22bol2_20211228_164301_1578202649_600_800.png,22bol2_20211228_164301_1578202649_600_800_mask.png,nan
32,4,65,9,79,726,144,735,79,726,144,726,144,735,79,735,sub_line_text,footer,footer_1,courier,regular,9,22bol2_20211228_164301_1578202649_600_800.png,/scratch/parceirosbr/bigoilict/share/BigOil/document_generator/datasets/documents_2021_12_28/22bol2_20211228_164301_1578202649_600_800.png,22bol2_20211228_164301_1578202649_600_800_mask.png,Of carboxylic
32,4,65,9,79,726,144,735,79,726,144,726,144,735,79,735,text,footer,footer_1,courier,regular,9,22bol2_20211228_164301_1578202649_600_800.png,/scratch/parceirosbr/bigoilict/share/BigOil/document_generator/datasets/documents_2021_12_28/22bol2_20211228_164301_1578202649_600_800.png,22bol2_20211228_164301_1578202649_600_800_mask.png,nan
245,105,490,210,54,55,544,265,54,55,544,55,544,265,54,265,image,figure_image,figure_0,,,,22bol2_20211228_164301_1578202649_600_800.png,/scratch/parceirosbr/bigoilict/share/BigOil/document_generator/datasets/documents_2021_12_28/22bol2_20211228_164301_1578202649_600_800.png,22bol2_20211228_164301_1578202649_600_800_mask.png,output/gen_img_20211228_164301_4377440214.png
14,9,28,18,111,128,139,146,111,139,135,128,139,136,114,146,text,figure_text,figure_0,,,,22bol2_20211228_164301_1578202649_600_800.png,/scratch/parceirosbr/bigoilict/share/BigOil/document_generator/datasets/documents_2021_12_28/22bol2_20211228_164301_1578202649_600_800.png,22bol2_20211228_164301_1578202649_600_800_mask.png,271.45
14,9,28,18,111,128,139,146,111,139,135,128,139,136,114,146,sub_line_text,figure_text,figure_0,,,,22bol2_20211228_164301_1578202649_600_800.png,/scratch/parceirosbr/bigoilict/share/BigOil/document_generator/datasets/documents_2021_12_28/22bol2_20211228_164301_1578202649_600_800.png,22bol2_20211228_164301_1578202649_600_800_mask.png,271.45
20,12,40,25,175,195,215,220,175,213,210,195,215,204,178,220,text,figure_text,figure_0,,,,22bol2_20211228_164301_1578202649_600_800.png,/scratch/parceirosbr/bigoilict/share/BigOil/document_generator/datasets/documents_2021_12_28/22bol2_20211228_164301_1578202649_600_800.png,22bol2_20211228_164301_1578202649_600_800_mask.png,-3266.114
20,12,40,25,175,195,215,220,175,213,210,195,215,204,178,220,sub_line_text,figure_text,figure_0,,,,22bol2_20211228_164301_1578202649_600_800.png,/scratch/parceirosbr/bigoilict/share/BigOil/document_generator/datasets/documents_2021_12_28/22bol2_20211228_164301_1578202649_600_800.png,22bol2_20211228_164301_1578202649_600_800_mask.png,-3266.114
15,8,30,17,394,107,424,124,394,115,422,107,424,115,396,124,text,figure_text,figure_0,,,,22bol2_20211228_164301_1578202649_600_800.png,/scratch/parceirosbr/bigoilict/share/BigOil/document_generator/datasets/documents_2021_12_28/22bol2_20211228_164301_1578202649_600_800.png,22bol2_20211228_164301_1578202649_600_800_mask.png,-9149.3
15,8,30,17,394,107,424,124,394,115,422,107,424,115,396,124,sub_line_text,figure_text,figure_0,,,,22bol2_20211228_164301_1578202649_600_800.png,/scratch/parceirosbr/bigoilict/share/BigOil/document_generator/datasets/documents_2021_12_28/22bol2_20211228_164301_1578202649_600_800.png,22bol2_20211228_164301_1578202649_600_800_mask.png,-9149.3
24,13,48,27,430,222,478,249,430,239,474,222,478,232,434,249,text,figure_text,figure_0,,,,22bol2_20211228_164301_1578202649_600_800.png,/scratch/parceirosbr/bigoilict/share/BigOil/document_generator/datasets/documents_2021_12_28/22bol2_20211228_164301_1578202649_600_800.png,22bol2_20211228_164301_1578202649_600_800_mask.png,Energy (kw)
24,13,48,27,430,222,478,249,430,239,474,222,478,232,434,249,sub_line_text,figure_text,figure_0,,,,22bol2_20211228_164301_1578202649_600_800.png,/scratch/parceirosbr/bigoilict/share/BigOil/document_generator/datasets/documents_2021_12_28/22bol2_20211228_164301_1578202649_600_800.png,22bol2_20211228_164301_1578202649_600_800_mask.png,Energy (kw)
9,7,19,15,418,159,437,174,418,167,433,159,437,167,421,174,text,figure_text,figure_0,,,,22bol2_20211228_164301_1578202649_600_800.png,/scratch/parceirosbr/bigoilict/share/BigOil/document_generator/datasets/documents_2021_12_28/22bol2_20211228_164301_1578202649_600_800.png,22bol2_20211228_164301_1578202649_600_800_mask.png,-993
9,7,19,15,418,159,437,174,418,167,433,159,437,167,421,174,sub_line_text,figure_text,figure_0,,,,22bol2_20211228_164301_1578202649_600_800.png,/scratch/parceirosbr/bigoilict/share/BigOil/document_generator/datasets/documents_2021_12_28/22bol2_20211228_164301_1578202649_600_800.png,22bol2_20211228_164301_1578202649_600_800_mask.png,-993
21,9,42,18,282,156,324,174,282,166,322,156,324,164,284,174,text,figure_text,figure_0,,,,22bol2_20211228_164301_1578202649_600_800.png,/scratch/parceirosbr/bigoilict/share/BigOil/document_generator/datasets/documents_2021_12_28/22bol2_20211228_164301_1578202649_600_800.png,22bol2_20211228_164301_1578202649_600_800_mask.png,-4879.77%
21,9,42,18,282,156,324,174,282,166,322,156,324,164,284,174,sub_line_text,figure_text,figure_0,,,,22bol2_20211228_164301_1578202649_600_800.png,/scratch/parceirosbr/bigoilict/share/BigOil/document_generator/datasets/documents_2021_12_28/22bol2_20211228_164301_1578202649_600_800.png,22bol2_20211228_164301_1578202649_600_800_mask.png,-4879.77%
15,11,30,22,184,225,214,247,184,239,210,225,214,233,188,247,text,figure_text,figure_0,,,,22bol2_20211228_164301_1578202649_600_800.png,/scratch/parceirosbr/bigoilict/share/BigOil/document_generator/datasets/documents_2021_12_28/22bol2_20211228_164301_1578202649_600_800.png,22bol2_20211228_164301_1578202649_600_800_mask.png,-3842.3
15,11,30,22,184,225,214,247,184,239,210,225,214,233,188,247,sub_line_text,figure_text,figure_0,,,,22bol2_20211228_164301_1578202649_600_800.png,/scratch/parceirosbr/bigoilict/share/BigOil/document_generator/datasets/documents_2021_12_28/22bol2_20211228_164301_1578202649_600_800.png,22bol2_20211228_164301_1578202649_600_800_mask.png,-3842.3
14,3,29,7,443,197,472,204,443,196,472,197,472,206,443,204,text,figure_text,figure_0,,,,22bol2_20211228_164301_1578202649_600_800.png,/scratch/parceirosbr/bigoilict/share/BigOil/document_generator/datasets/documents_2021_12_28/22bol2_20211228_164301_1578202649_600_800.png,22bol2_20211228_164301_1578202649_600_800_mask.png,-511.40
14,3,29,7,443,197,472,204,443,196,472,197,472,206,443,204,sub_line_text,figure_text,figure_0,,,,22bol2_20211228_164301_1578202649_600_800.png,/scratch/parceirosbr/bigoilict/share/BigOil/document_generator/datasets/documents_2021_12_28/22bol2_20211228_164301_1578202649_600_800.png,22bol2_20211228_164301_1578202649_600_800_mask.png,-511.40
15,8,30,16,451,152,481,168,451,160,478,152,481,160,453,168,text,figure_text,figure_0,,,,22bol2_20211228_164301_1578202649_600_800.png,/scratch/parceirosbr/bigoilict/share/BigOil/document_generator/datasets/documents_2021_12_28/22bol2_20211228_164301_1578202649_600_800.png,22bol2_20211228_164301_1578202649_600_800_mask.png,445.2%
15,8,30,16,451,152,481,168,451,160,478,152,481,160,453,168,sub_line_text,figure_text,figure_0,,,,22bol2_20211228_164301_1578202649_600_800.png,/scratch/parceirosbr/bigoilict/share/BigOil/document_generator/datasets/documents_2021_12_28/22bol2_20211228_164301_1578202649_600_800.png,22bol2_20211228_164301_1578202649_600_800_mask.png,445.2%
14,2,29,5,131,95,160,100,131,90,162,95,160,106,128,100,text,figure_text,figure_0,,,,22bol2_20211228_164301_1578202649_600_800.png,/scratch/parceirosbr/bigoilict/share/BigOil/document_generator/datasets/documents_2021_12_28/22bol2_20211228_164301_1578202649_600_800.png,22bol2_20211228_164301_1578202649_600_800_mask.png,Average
14,2,29,5,131,95,160,100,131,90,162,95,160,106,128,100,sub_line_text,figure_text,figure_0,,,,22bol2_20211228_164301_1578202649_600_800.png,/scratch/parceirosbr/bigoilict/share/BigOil/document_generator/datasets/documents_2021_12_28/22bol2_20211228_164301_1578202649_600_800.png,22bol2_20211228_164301_1578202649_600_800_mask.png,Average
14,-2,28,-4,298,224,326,220,298,210,330,224,326,234,293,220,text,figure_text,figure_0,,,,22bol2_20211228_164301_1578202649_600_800.png,/scratch/parceirosbr/bigoilict/share/BigOil/document_generator/datasets/documents_2021_12_28/22bol2_20211228_164301_1578202649_600_800.png,22bol2_20211228_164301_1578202649_600_800_mask.png,Male (M)
14,-2,28,-4,298,224,326,220,298,210,330,224,326,234,293,220,sub_line_text,figure_text,figure_0,,,,22bol2_20211228_164301_1578202649_600_800.png,/scratch/parceirosbr/bigoilict/share/BigOil/document_generator/datasets/documents_2021_12_28/22bol2_20211228_164301_1578202649_600_800.png,22bol2_20211228_164301_1578202649_600_800_mask.png,Male (M)
18,11,37,22,352,148,389,170,352,162,385,148,389,156,355,170,text,figure_text,figure_0,,,,22bol2_20211228_164301_1578202649_600_800.png,/scratch/parceirosbr/bigoilict/share/BigOil/document_generator/datasets/documents_2021_12_28/22bol2_20211228_164301_1578202649_600_800.png,22bol2_20211228_164301_1578202649_600_800_mask.png,-6984.1%
18,11,37,22,352,148,389,170,352,162,385,148,389,156,355,170,sub_line_text,figure_text,figure_0,,,,22bol2_20211228_164301_1578202649_600_800.png,/scratch/parceirosbr/bigoilict/share/BigOil/document_generator/datasets/documents_2021_12_28/22bol2_20211228_164301_1578202649_600_800.png,22bol2_20211228_164301_1578202649_600_800_mask.png,-6984.1%
18,0,36,-1,231,177,267,176,231,168,269,177,267,185,229,176,text,figure_text,figure_0,,,,22bol2_20211228_164301_1578202649_600_800.png,/scratch/parceirosbr/bigoilict/share/BigOil/document_generator/datasets/documents_2021_12_28/22bol2_20211228_164301_1578202649_600_800.png,22bol2_20211228_164301_1578202649_600_800_mask.png,-3244.855
18,0,36,-1,231,177,267,176,231,168,269,177,267,185,229,176,sub_line_text,figure_text,figure_0,,,,22bol2_20211228_164301_1578202649_600_800.png,/scratch/parceirosbr/bigoilict/share/BigOil/document_generator/datasets/documents_2021_12_28/22bol2_20211228_164301_1578202649_600_800.png,22bol2_20211228_164301_1578202649_600_800_mask.png,-3244.855
19,6,38,13,222,205,260,218,222,209,259,205,260,214,222,218,text,figure_text,figure_0,,,,22bol2_20211228_164301_1578202649_600_800.png,/scratch/parceirosbr/bigoilict/share/BigOil/document_generator/datasets/documents_2021_12_28/22bol2_20211228_164301_1578202649_600_800.png,22bol2_20211228_164301_1578202649_600_800_mask.png,Statistics
19,6,38,13,222,205,260,218,222,209,259,205,260,214,222,218,sub_line_text,figure_text,figure_0,,,,22bol2_20211228_164301_1578202649_600_800.png,/scratch/parceirosbr/bigoilict/share/BigOil/document_generator/datasets/documents_2021_12_28/22bol2_20211228_164301_1578202649_600_800.png,22bol2_20211228_164301_1578202649_600_800_mask.png,Statistics
12,0,25,1,497,244,522,245,497,237,525,244,522,252,494,245,text,figure_text,figure_0,,,,22bol2_20211228_164301_1578202649_600_800.png,/scratch/parceirosbr/bigoilict/share/BigOil/document_generator/datasets/documents_2021_12_28/22bol2_20211228_164301_1578202649_600_800.png,22bol2_20211228_164301_1578202649_600_800_mask.png,-6759%
12,0,25,1,497,244,522,245,497,237,525,244,522,252,494,245,sub_line_text,figure_text,figure_0,,,,22bol2_20211228_164301_1578202649_600_800.png,/scratch/parceirosbr/bigoilict/share/BigOil/document_generator/datasets/documents_2021_12_28/22bol2_20211228_164301_1578202649_600_800.png,22bol2_20211228_164301_1578202649_600_800_mask.png,-6759%
30,2,61,5,311,104,372,109,311,99,373,104,372,115,310,109,text,figure_text,figure_0,,,,22bol2_20211228_164301_1578202649_600_800.png,/scratch/parceirosbr/bigoilict/share/BigOil/document_generator/datasets/documents_2021_12_28/22bol2_20211228_164301_1578202649_600_800.png,22bol2_20211228_164301_1578202649_600_800_mask.png,Processing [KB]
30,2,61,5,311,104,372,109,311,99,373,104,372,115,310,109,sub_line_text,figure_text,figure_0,,,,22bol2_20211228_164301_1578202649_600_800.png,/scratch/parceirosbr/bigoilict/share/BigOil/document_generator/datasets/documents_2021_12_28/22bol2_20211228_164301_1578202649_600_800.png,22bol2_20211228_164301_1578202649_600_800_mask.png,Processing [KB]
12,9,24,19,226,241,250,260,226,252,245,241,250,249,230,260,text,figure_text,figure_0,,,,22bol2_20211228_164301_1578202649_600_800.png,/scratch/parceirosbr/bigoilict/share/BigOil/document_generator/datasets/documents_2021_12_28/22bol2_20211228_164301_1578202649_600_800.png,22bol2_20211228_164301_1578202649_600_800_mask.png,-7608
12,9,24,19,226,241,250,260,226,252,245,241,250,249,230,260,sub_line_text,figure_text,figure_0,,,,22bol2_20211228_164301_1578202649_600_800.png,/scratch/parceirosbr/bigoilict/share/BigOil/document_generator/datasets/documents_2021_12_28/22bol2_20211228_164301_1578202649_600_800.png,22bol2_20211228_164301_1578202649_600_800_mask.png,-7608
9,0,18,-1,65,123,83,122,65,114,86,123,83,132,61,122,text,figure_text,figure_0,,,,22bol2_20211228_164301_1578202649_600_800.png,/scratch/parceirosbr/bigoilict/share/BigOil/document_generator/datasets/documents_2021_12_28/22bol2_20211228_164301_1578202649_600_800.png,22bol2_20211228_164301_1578202649_600_800_mask.png,Tests
9,0,18,-1,65,123,83,122,65,114,86,123,83,132,61,122,sub_line_text,figure_text,figure_0,,,,22bol2_20211228_164301_1578202649_600_800.png,/scratch/parceirosbr/bigoilict/share/BigOil/document_generator/datasets/documents_2021_12_28/22bol2_20211228_164301_1578202649_600_800.png,22bol2_20211228_164301_1578202649_600_800_mask.png,Tests
13,1,26,2,235,194,261,196,235,188,262,194,261,202,233,196,text,figure_text,figure_0,,,,22bol2_20211228_164301_1578202649_600_800.png,/scratch/parceirosbr/bigoilict/share/BigOil/document_generator/datasets/documents_2021_12_28/22bol2_20211228_164301_1578202649_600_800.png,22bol2_20211228_164301_1578202649_600_800_mask.png,836.2%
13,1,26,2,235,194,261,196,235,188,262,194,261,202,233,196,sub_line_text,figure_text,figure_0,,,,22bol2_20211228_164301_1578202649_600_800.png,/scratch/parceirosbr/bigoilict/share/BigOil/document_generator/datasets/documents_2021_12_28/22bol2_20211228_164301_1578202649_600_800.png,22bol2_20211228_164301_1578202649_600_800_mask.png,836.2%
18,12,36,25,453,58,489,83,453,76,485,58,489,66,457,83,text,figure_text,figure_0,,,,22bol2_20211228_164301_1578202649_600_800.png,/scratch/parceirosbr/bigoilict/share/BigOil/document_generator/datasets/documents_2021_12_28/22bol2_20211228_164301_1578202649_600_800.png,22bol2_20211228_164301_1578202649_600_800_mask.png,-2742.2%
18,12,36,25,453,58,489,83,453,76,485,58,489,66,457,83,sub_line_text,figure_text,figure_0,,,,22bol2_20211228_164301_1578202649_600_800.png,/scratch/parceirosbr/bigoilict/share/BigOil/document_generator/datasets/documents_2021_12_28/22bol2_20211228_164301_1578202649_600_800.png,22bol2_20211228_164301_1578202649_600_800_mask.png,-2742.2%
17,4,34,9,406,201,440,210,406,202,439,201,440,210,406,210,text,figure_text,figure_0,,,,22bol2_20211228_164301_1578202649_600_800.png,/scratch/parceirosbr/bigoilict/share/BigOil/document_generator/datasets/documents_2021_12_28/22bol2_20211228_164301_1578202649_600_800.png,22bol2_20211228_164301_1578202649_600_800_mask.png,-3392.67
17,4,34,9,406,201,440,210,406,202,439,201,440,210,406,210,sub_line_text,figure_text,figure_0,,,,22bol2_20211228_164301_1578202649_600_800.png,/scratch/parceirosbr/bigoilict/share/BigOil/document_generator/datasets/documents_2021_12_28/22bol2_20211228_164301_1578202649_600_800.png,22bol2_20211228_164301_1578202649_600_800_mask.png,-3392.67
30,-1,61,-2,336,186,397,184,336,173,399,186,397,197,333,184,text,figure_text,figure_0,,,,22bol2_20211228_164301_1578202649_600_800.png,/scratch/parceirosbr/bigoilict/share/BigOil/document_generator/datasets/documents_2021_12_28/22bol2_20211228_164301_1578202649_600_800.png,22bol2_20211228_164301_1578202649_600_800_mask.png,Processing (KB)
30,-1,61,-2,336,186,397,184,336,173,399,186,397,197,333,184,sub_line_text,figure_text,figure_0,,,,22bol2_20211228_164301_1578202649_600_800.png,/scratch/parceirosbr/bigoilict/share/BigOil/document_generator/datasets/documents_2021_12_28/22bol2_20211228_164301_1578202649_600_800.png,22bol2_20211228_164301_1578202649_600_800_mask.png,Processing (KB)
16,1,32,2,492,181,524,183,492,174,525,181,524,190,490,183,text,figure_text,figure_0,,,,22bol2_20211228_164301_1578202649_600_800.png,/scratch/parceirosbr/bigoilict/share/BigOil/document_generator/datasets/documents_2021_12_28/22bol2_20211228_164301_1578202649_600_800.png,22bol2_20211228_164301_1578202649_600_800_mask.png,-1458.10
16,1,32,2,492,181,524,183,492,174,525,181,524,190,490,183,sub_line_text,figure_text,figure_0,,,,22bol2_20211228_164301_1578202649_600_800.png,/scratch/parceirosbr/bigoilict/share/BigOil/document_generator/datasets/documents_2021_12_28/22bol2_20211228_164301_1578202649_600_800.png,22bol2_20211228_164301_1578202649_600_800_mask.png,-1458.10
17,3,35,7,378,90,413,97,378,88,413,90,413,99,377,97,text,figure_text,figure_0,,,,22bol2_20211228_164301_1578202649_600_800.png,/scratch/parceirosbr/bigoilict/share/BigOil/document_generator/datasets/documents_2021_12_28/22bol2_20211228_164301_1578202649_600_800.png,22bol2_20211228_164301_1578202649_600_800_mask.png,-5321.1%
17,3,35,7,378,90,413,97,378,88,413,90,413,99,377,97,sub_line_text,figure_text,figure_0,,,,22bol2_20211228_164301_1578202649_600_800.png,/scratch/parceirosbr/bigoilict/share/BigOil/document_generator/datasets/documents_2021_12_28/22bol2_20211228_164301_1578202649_600_800.png,22bol2_20211228_164301_1578202649_600_800_mask.png,-5321.1%
18,3,37,6,259,134,296,140,259,132,297,134,296,143,258,140,text,figure_text,figure_0,,,,22bol2_20211228_164301_1578202649_600_800.png,/scratch/parceirosbr/bigoilict/share/BigOil/document_generator/datasets/documents_2021_12_28/22bol2_20211228_164301_1578202649_600_800.png,22bol2_20211228_164301_1578202649_600_800_mask.png,-4041.186
18,3,37,6,259,134,296,140,259,132,297,134,296,143,258,140,sub_line_text,figure_text,figure_0,,,,22bol2_20211228_164301_1578202649_600_800.png,/scratch/parceirosbr/bigoilict/share/BigOil/document_generator/datasets/documents_2021_12_28/22bol2_20211228_164301_1578202649_600_800.png,22bol2_20211228_164301_1578202649_600_800_mask.png,-4041.186
17,1,34,2,388,134,422,136,388,128,423,134,422,143,386,136,text,figure_text,figure_0,,,,22bol2_20211228_164301_1578202649_600_800.png,/scratch/parceirosbr/bigoilict/share/BigOil/document_generator/datasets/documents_2021_12_28/22bol2_20211228_164301_1578202649_600_800.png,22bol2_20211228_164301_1578202649_600_800_mask.png,Pressure
17,1,34,2,388,134,422,136,388,128,423,134,422,143,386,136,sub_line_text,figure_text,figure_0,,,,22bol2_20211228_164301_1578202649_600_800.png,/scratch/parceirosbr/bigoilict/share/BigOil/document_generator/datasets/documents_2021_12_28/22bol2_20211228_164301_1578202649_600_800.png,22bol2_20211228_164301_1578202649_600_800_mask.png,Pressure
18,-4,37,-9,341,250,378,241,341,232,382,250,378,259,336,241,text,figure_text,figure_0,,,,22bol2_20211228_164301_1578202649_600_800.png,/scratch/parceirosbr/bigoilict/share/BigOil/document_generator/datasets/documents_2021_12_28/22bol2_20211228_164301_1578202649_600_800.png,22bol2_20211228_164301_1578202649_600_800_mask.png,Water [MM]
18,-4,37,-9,341,250,378,241,341,232,382,250,378,259,336,241,sub_line_text,figure_text,figure_0,,,,22bol2_20211228_164301_1578202649_600_800.png,/scratch/parceirosbr/bigoilict/share/BigOil/document_generator/datasets/documents_2021_12_28/22bol2_20211228_164301_1578202649_600_800.png,22bol2_20211228_164301_1578202649_600_800_mask.png,Water [MM]
95,4,190,9,54,270,244,279,54,270,244,270,244,279,54,279,sub_line_text,figure_legend,figure_0,courier,regular,8,22bol2_20211228_164301_1578202649_600_800.png,/scratch/parceirosbr/bigoilict/share/BigOil/document_generator/datasets/documents_2021_12_28/22bol2_20211228_164301_1578202649_600_800.png,22bol2_20211228_164301_1578202649_600_800_mask.png,Figure  64:    Uma feição presente nas
92,4,185,9,54,282,239,291,54,282,239,282,239,291,54,291,sub_line_text,figure_legend,figure_0,courier,regular,8,22bol2_20211228_164301_1578202649_600_800.png,/scratch/parceirosbr/bigoilict/share/BigOil/document_generator/datasets/documents_2021_12_28/22bol2_20211228_164301_1578202649_600_800.png,22bol2_20211228_164301_1578202649_600_800_mask.png,linhas 0231-1328 e 0231-1331 fica bas
95,10,190,21,54,270,244,291,54,270,244,270,244,291,54,291,text,figure_legend,figure_0,courier,regular,8,22bol2_20211228_164301_1578202649_600_800.png,/scratch/parceirosbr/bigoilict/share/BigOil/document_generator/datasets/documents_2021_12_28/22bol2_20211228_164301_1578202649_600_800.png,22bol2_20211228_164301_1578202649_600_800_mask.png,nan
95,4,190,9,297,270,487,279,297,270,487,270,487,279,297,279,sub_line_text,figure_legend,figure_0,courier,regular,8,22bol2_20211228_164301_1578202649_600_800.png,/scratch/parceirosbr/bigoilict/share/BigOil/document_generator/datasets/documents_2021_12_28/22bol2_20211228_164301_1578202649_600_800.png,22bol2_20211228_164301_1578202649_600_800_mask.png,Figure  74:    O de da dos da tem como
90,4,180,9,297,282,477,291,297,282,477,282,477,291,297,291,sub_line_text,figure_legend,figure_0,courier,regular,8,22bol2_20211228_164301_1578202649_600_800.png,/scratch/parceirosbr/bigoilict/share/BigOil/document_generator/datasets/documents_2021_12_28/22bol2_20211228_164301_1578202649_600_800.png,22bol2_20211228_164301_1578202649_600_800_mask.png,eixo central a coleta de amostras de
95,10,190,21,297,270,487,291,297,270,487,270,487,291,297,291,text,figure_legend,figure_0,courier,regular,8,22bol2_20211228_164301_1578202649_600_800.png,/scratch/parceirosbr/bigoilict/share/BigOil/document_generator/datasets/documents_2021_12_28/22bol2_20211228_164301_1578202649_600_800.png,22bol2_20211228_164301_1578202649_600_800_mask.png,nan
90,38,180,76,54,295,234,371,54,295,234,295,234,371,54,371,list,list,list_1,courier,courier,9,22bol2_20211228_164301_1578202649_600_800.png,/scratch/parceirosbr/bigoilict/share/BigOil/document_generator/datasets/documents_2021_12_28/22bol2_20211228_164301_1578202649_600_800.png,22bol2_20211228_164301_1578202649_600_800_mask.png,
90,5,180,10,54,295,234,305,54,295,234,295,234,305,54,305,sub_line_text,list,list_1,courier,regular,9,22bol2_20211228_164301_1578202649_600_800.png,/scratch/parceirosbr/bigoilict/share/BigOil/document_generator/datasets/documents_2021_12_28/22bol2_20211228_164301_1578202649_600_800.png,22bol2_20211228_164301_1578202649_600_800_mask.png,"-  Vtubo=10219,cm3  1216.  saturação"
17,5,35,10,69,308,104,318,69,308,104,308,104,318,69,318,sub_line_text,list,list_1,courier,regular,9,22bol2_20211228_164301_1578202649_600_800.png,/scratch/parceirosbr/bigoilict/share/BigOil/document_generator/datasets/documents_2021_12_28/22bol2_20211228_164301_1578202649_600_800.png,22bol2_20211228_164301_1578202649_600_800_mask.png,de óleo
70,5,140,10,54,321,194,331,54,321,194,321,194,331,54,331,sub_line_text,list,list_1,courier,regular,9,22bol2_20211228_164301_1578202649_600_800.png,/scratch/parceirosbr/bigoilict/share/BigOil/document_generator/datasets/documents_2021_12_28/22bol2_20211228_164301_1578202649_600_800.png,22bol2_20211228_164301_1578202649_600_800_mask.png,-  As condições operacionais
32,5,65,10,54,334,119,344,54,334,119,334,119,344,54,344,sub_line_text,list,list_1,courier,regular,9,22bol2_20211228_164301_1578202649_600_800.png,/scratch/parceirosbr/bigoilict/share/BigOil/document_generator/datasets/documents_2021_12_28/22bol2_20211228_164301_1578202649_600_800.png,22bol2_20211228_164301_1578202649_600_800_mask.png,"-  Segundo, o"
80,5,161,10,54,347,215,357,54,347,215,347,215,357,54,357,sub_line_text,list,list_1,courier,regular,9,22bol2_20211228_164301_1578202649_600_800.png,/scratch/parceirosbr/bigoilict/share/BigOil/document_generator/datasets/documents_2021_12_28/22bol2_20211228_164301_1578202649_600_800.png,22bol2_20211228_164301_1578202649_600_800_mask.png,-  This scenario may change from
70,5,140,10,54,361,194,371,54,361,194,361,194,371,54,371,sub_line_text,list,list_1,courier,regular,9,22bol2_20211228_164301_1578202649_600_800.png,/scratch/parceirosbr/bigoilict/share/BigOil/document_generator/datasets/documents_2021_12_28/22bol2_20211228_164301_1578202649_600_800.png,22bol2_20211228_164301_1578202649_600_800_mask.png,"-  No entanto, podem existir"
50,5,100,10,129,375,229,385,129,375,229,375,229,385,129,385,sub_line_text,text,text_0,courier,regular,9,22bol2_20211228_164301_1578202649_600_800.png,/scratch/parceirosbr/bigoilict/share/BigOil/document_generator/datasets/documents_2021_12_28/22bol2_20211228_164301_1578202649_600_800.png,22bol2_20211228_164301_1578202649_600_800_mask.png,Round  in  the 2013)
87,5,175,10,54,388,229,398,54,388,229,388,229,398,54,398,sub_line_text,text,text_0,courier,regular,9,22bol2_20211228_164301_1578202649_600_800.png,/scratch/parceirosbr/bigoilict/share/BigOil/document_generator/datasets/documents_2021_12_28/22bol2_20211228_164301_1578202649_600_800.png,22bol2_20211228_164301_1578202649_600_800_mask.png,"35  assumed that between 10,000 cu-"
87,5,175,10,54,401,229,411,54,401,229,401,229,411,54,411,sub_line_text,text,text_0,courier,regular,9,22bol2_20211228_164301_1578202649_600_800.png,/scratch/parceirosbr/bigoilict/share/BigOil/document_generator/datasets/documents_2021_12_28/22bol2_20211228_164301_1578202649_600_800.png,22bol2_20211228_164301_1578202649_600_800_mask.png,"bic  meters and 25,000 cubic meters"
87,5,175,10,54,414,229,424,54,414,229,414,229,424,54,424,sub_line_text,text,text_0,courier,regular,9,22bol2_20211228_164301_1578202649_600_800.png,/scratch/parceirosbr/bigoilict/share/BigOil/document_generator/datasets/documents_2021_12_28/22bol2_20211228_164301_1578202649_600_800.png,22bol2_20211228_164301_1578202649_600_800_mask.png,of  33 (undated) and shales. Secon-
88,5,176,10,54,427,230,437,54,427,230,427,230,437,54,437,sub_line_text,text,text_0,courier,regular,9,22bol2_20211228_164301_1578202649_600_800.png,/scratch/parceirosbr/bigoilict/share/BigOil/document_generator/datasets/documents_2021_12_28/22bol2_20211228_164301_1578202649_600_800.png,22bol2_20211228_164301_1578202649_600_800_mask.png,dary  lamellae  are  constituted by
90,5,180,10,54,440,234,450,54,440,234,440,234,450,54,450,sub_line_text,text,text_0,courier,regular,9,22bol2_20211228_164301_1578202649_600_800.png,/scratch/parceirosbr/bigoilict/share/BigOil/document_generator/datasets/documents_2021_12_28/22bol2_20211228_164301_1578202649_600_800.png,22bol2_20211228_164301_1578202649_600_800_mask.png,"capillars,  pillar cells and respir-"
87,5,175,10,54,453,229,463,54,453,229,453,229,463,54,463,sub_line_text,text,text_0,courier,regular,9,22bol2_20211228_164301_1578202649_600_800.png,/scratch/parceirosbr/bigoilict/share/BigOil/document_generator/datasets/documents_2021_12_28/22bol2_20211228_164301_1578202649_600_800.png,22bol2_20211228_164301_1578202649_600_800_mask.png,atory  epithelium. As concentrações
87,5,175,10,54,466,229,476,54,466,229,466,229,476,54,476,sub_line_text,text,text_0,courier,regular,9,22bol2_20211228_164301_1578202649_600_800.png,/scratch/parceirosbr/bigoilict/share/BigOil/document_generator/datasets/documents_2021_12_28/22bol2_20211228_164301_1578202649_600_800.png,22bol2_20211228_164301_1578202649_600_800_mask.png,"de  variaram de 261,21 ppm a 1967,-"
87,5,175,10,54,479,229,489,54,479,229,479,229,489,54,489,sub_line_text,text,text_0,courier,regular,9,22bol2_20211228_164301_1578202649_600_800.png,/scratch/parceirosbr/bigoilict/share/BigOil/document_generator/datasets/documents_2021_12_28/22bol2_20211228_164301_1578202649_600_800.png,22bol2_20211228_164301_1578202649_600_800_mask.png,"95  ppm,  com média de 731,08 ppm e"
85,5,170,10,54,492,224,502,54,492,224,492,224,502,54,502,sub_line_text,text,text_0,courier,regular,9,22bol2_20211228_164301_1578202649_600_800.png,/scratch/parceirosbr/bigoilict/share/BigOil/document_generator/datasets/documents_2021_12_28/22bol2_20211228_164301_1578202649_600_800.png,22bol2_20211228_164301_1578202649_600_800_mask.png,"desvio padrão de 363,21 ppm nas a."
90,63,180,127,54,375,234,502,54,375,234,375,234,502,54,502,text,text,text_0,courier,regular,9,22bol2_20211228_164301_1578202649_600_800.png,/scratch/parceirosbr/bigoilict/share/BigOil/document_generator/datasets/documents_2021_12_28/22bol2_20211228_164301_1578202649_600_800.png,22bol2_20211228_164301_1578202649_600_800_mask.png,nan
63,6,127,12,81,506,208,518,81,506,208,506,208,518,81,518,sub_line_text,subtitle,subtitle_0,courier,regular,12,22bol2_20211228_164301_1578202649_600_800.png,/scratch/parceirosbr/bigoilict/share/BigOil/document_generator/datasets/documents_2021_12_28/22bol2_20211228_164301_1578202649_600_800.png,22bol2_20211228_164301_1578202649_600_800_mask.png,Autores observaram
63,6,127,12,81,506,208,518,81,506,208,506,208,518,81,518,title,subtitle,subtitle_0,courier,regular,12,22bol2_20211228_164301_1578202649_600_800.png,/scratch/parceirosbr/bigoilict/share/BigOil/document_generator/datasets/documents_2021_12_28/22bol2_20211228_164301_1578202649_600_800.png,22bol2_20211228_164301_1578202649_600_800_mask.png,nan
50,5,100,10,129,522,229,532,129,522,229,522,229,532,129,532,sub_line_text,text,text_1,courier,regular,9,22bol2_20211228_164301_1578202649_600_800.png,/scratch/parceirosbr/bigoilict/share/BigOil/document_generator/datasets/documents_2021_12_28/22bol2_20211228_164301_1578202649_600_800.png,22bol2_20211228_164301_1578202649_600_800_mask.png,Os  trabalhos em que
87,5,175,10,54,535,229,545,54,535,229,535,229,545,54,545,sub_line_text,text,text_1,courier,regular,9,22bol2_20211228_164301_1578202649_600_800.png,/scratch/parceirosbr/bigoilict/share/BigOil/document_generator/datasets/documents_2021_12_28/22bol2_20211228_164301_1578202649_600_800.png,22bol2_20211228_164301_1578202649_600_800_mask.png,se  procede  a  redução via química
87,5,175,10,54,548,229,558,54,548,229,548,229,558,54,558,sub_line_text,text,text_1,courier,regular,9,22bol2_20211228_164301_1578202649_600_800.png,/scratch/parceirosbr/bigoilict/share/BigOil/document_generator/datasets/documents_2021_12_28/22bol2_20211228_164301_1578202649_600_800.png,22bol2_20211228_164301_1578202649_600_800_mask.png,para  obter partículas com dimensõ-
88,5,176,10,54,561,230,571,54,561,230,561,230,571,54,571,sub_line_text,text,text_1,courier,regular,9,22bol2_20211228_164301_1578202649_600_800.png,/scratch/parceirosbr/bigoilict/share/BigOil/document_generator/datasets/documents_2021_12_28/22bol2_20211228_164301_1578202649_600_800.png,22bol2_20211228_164301_1578202649_600_800_mask.png,"es  variando de 2 a 7 nm, mencionam"
87,5,175,10,54,574,229,584,54,574,229,574,229,584,54,584,sub_line_text,text,text_1,courier,regular,9,22bol2_20211228_164301_1578202649_600_800.png,/scratch/parceirosbr/bigoilict/share/BigOil/document_generator/datasets/documents_2021_12_28/22bol2_20211228_164301_1578202649_600_800.png,22bol2_20211228_164301_1578202649_600_800_mask.png,a  não formação da liga e a necess-
87,5,175,10,54,587,229,597,54,587,229,587,229,597,54,597,sub_line_text,text,text_1,courier,regular,9,22bol2_20211228_164301_1578202649_600_800.png,/scratch/parceirosbr/bigoilict/share/BigOil/document_generator/datasets/documents_2021_12_28/22bol2_20211228_164301_1578202649_600_800.png,22bol2_20211228_164301_1578202649_600_800_mask.png,idade  de aquecimento a altas temp-
87,5,175,10,54,600,229,610,54,600,229,600,229,610,54,610,sub_line_text,text,text_1,courier,regular,9,22bol2_20211228_164301_1578202649_600_800.png,/scratch/parceirosbr/bigoilict/share/BigOil/document_generator/datasets/documents_2021_12_28/22bol2_20211228_164301_1578202649_600_800.png,22bol2_20211228_164301_1578202649_600_800_mask.png,"eraturas  para obtê-la, com um cus-"
87,5,175,10,54,613,229,623,54,613,229,613,229,623,54,623,sub_line_text,text,text_1,courier,regular,9,22bol2_20211228_164301_1578202649_600_800.png,/scratch/parceirosbr/bigoilict/share/BigOil/document_generator/datasets/documents_2021_12_28/22bol2_20211228_164301_1578202649_600_800.png,22bol2_20211228_164301_1578202649_600_800_mask.png,to  adicional do aumento do tamanho
87,5,175,10,54,626,229,636,54,626,229,626,229,636,54,636,sub_line_text,text,text_1,courier,regular,9,22bol2_20211228_164301_1578202649_600_800.png,/scratch/parceirosbr/bigoilict/share/BigOil/document_generator/datasets/documents_2021_12_28/22bol2_20211228_164301_1578202649_600_800.png,22bol2_20211228_164301_1578202649_600_800_mask.png,de  partícula médio. Exploded suga-
87,5,175,10,54,639,229,649,54,639,229,639,229,649,54,649,sub_line_text,text,text_1,courier,regular,9,22bol2_20211228_164301_1578202649_600_800.png,/scratch/parceirosbr/bigoilict/share/BigOil/document_generator/datasets/documents_2021_12_28/22bol2_20211228_164301_1578202649_600_800.png,22bol2_20211228_164301_1578202649_600_800_mask.png,rcane  bagasse L-1 (particle diame-
87,5,175,10,54,652,229,662,54,652,229,652,229,662,54,662,sub_line_text,text,text_1,courier,regular,9,22bol2_20211228_164301_1578202649_600_800.png,/scratch/parceirosbr/bigoilict/share/BigOil/document_generator/datasets/documents_2021_12_28/22bol2_20211228_164301_1578202649_600_800.png,22bol2_20211228_164301_1578202649_600_800_mask.png,ter less than 1.0 mm) were used as.
88,70,176,140,54,522,230,662,54,522,230,522,230,662,54,662,text,text,text_1,courier,regular,9,22bol2_20211228_164301_1578202649_600_800.png,/scratch/parceirosbr/bigoilict/share/BigOil/document_generator/datasets/documents_2021_12_28/22bol2_20211228_164301_1578202649_600_800.png,22bol2_20211228_164301_1578202649_600_800_mask.png,nan
50,5,100,10,129,666,229,676,129,666,229,666,229,676,129,676,sub_line_text,text,text_2,courier,regular,9,22bol2_20211228_164301_1578202649_600_800.png,/scratch/parceirosbr/bigoilict/share/BigOil/document_generator/datasets/documents_2021_12_28/22bol2_20211228_164301_1578202649_600_800.png,22bol2_20211228_164301_1578202649_600_800_mask.png,As  vendas de etanol
87,5,175,10,54,679,229,689,54,679,229,679,229,689,54,689,sub_line_text,text,text_2,courier,regular,9,22bol2_20211228_164301_1578202649_600_800.png,/scratch/parceirosbr/bigoilict/share/BigOil/document_generator/datasets/documents_2021_12_28/22bol2_20211228_164301_1578202649_600_800.png,22bol2_20211228_164301_1578202649_600_800_mask.png,"hidratado   pelas  distribui-doras,"
85,5,170,10,54,692,224,702,54,692,224,692,224,702,54,702,sub_line_text,text,text_2,courier,regular,9,22bol2_20211228_164301_1578202649_600_800.png,/scratch/parceirosbr/bigoilict/share/BigOil/document_generator/datasets/documents_2021_12_28/22bol2_20211228_164301_1578202649_600_800.png,22bol2_20211228_164301_1578202649_600_800_mask.png,"por sua vez, totalizaram 14,6 mil."
87,18,175,36,54,666,229,702,54,666,229,666,229,702,54,702,text,text,text_2,courier,regular,9,22bol2_20211228_164301_1578202649_600_800.png,/scratch/parceirosbr/bigoilict/share/BigOil/document_generator/datasets/documents_2021_12_28/22bol2_20211228_164301_1578202649_600_800.png,22bol2_20211228_164301_1578202649_600_800_mask.png,nan
52,5,105,10,129,706,234,716,129,706,234,706,234,716,129,716,sub_line_text,text,text_3,courier,regular,9,22bol2_20211228_164301_1578202649_600_800.png,/scratch/parceirosbr/bigoilict/share/BigOil/document_generator/datasets/documents_2021_12_28/22bol2_20211228_164301_1578202649_600_800.png,22bol2_20211228_164301_1578202649_600_800_mask.png,"In 2012, the type o-."
52,5,105,10,129,706,234,716,129,706,234,706,234,716,129,716,text,text,text_3,courier,regular,9,22bol2_20211228_164301_1578202649_600_800.png,/scratch/parceirosbr/bigoilict/share/BigOil/document_generator/datasets/documents_2021_12_28/22bol2_20211228_164301_1578202649_600_800.png,22bol2_20211228_164301_1578202649_600_800_mask.png,nan
139,107,278,214,263,421,541,635,263,421,541,421,541,635,263,635,table,table_image,table_0,,,,22bol2_20211228_164301_1578202649_600_800.png,/scratch/parceirosbr/bigoilict/share/BigOil/document_generator/datasets/documents_2021_12_28/22bol2_20211228_164301_1578202649_600_800.png,22bol2_20211228_164301_1578202649_600_800_mask.png,output/gen_tab_20211228_164305_6775117693.png
12,5,25,11,320,426,345,437,320,426,345,426,345,437,320,437,text,table_text,table_0,roboto,italic,9.0,22bol2_20211228_164301_1578202649_600_800.png,/scratch/parceirosbr/bigoilict/share/BigOil/document_generator/datasets/documents_2021_12_28/22bol2_20211228_164301_1578202649_600_800.png,22bol2_20211228_164301_1578202649_600_800_mask.png,fatode
12,5,25,11,320,426,345,437,320,426,345,426,345,437,320,437,sub_line_text,table_text,table_0,roboto,italic,9.0,22bol2_20211228_164301_1578202649_600_800.png,/scratch/parceirosbr/bigoilict/share/BigOil/document_generator/datasets/documents_2021_12_28/22bol2_20211228_164301_1578202649_600_800.png,22bol2_20211228_164301_1578202649_600_800_mask.png,fatode
25,5,50,11,295,447,345,458,295,447,345,447,345,458,295,458,text,table_text,table_0,roboto,italic,9.0,22bol2_20211228_164301_1578202649_600_800.png,/scratch/parceirosbr/bigoilict/share/BigOil/document_generator/datasets/documents_2021_12_28/22bol2_20211228_164301_1578202649_600_800.png,22bol2_20211228_164301_1578202649_600_800_mask.png,703654810.6
25,5,50,11,295,447,345,458,295,447,345,447,345,458,295,458,sub_line_text,table_text,table_0,roboto,italic,9.0,22bol2_20211228_164301_1578202649_600_800.png,/scratch/parceirosbr/bigoilict/share/BigOil/document_generator/datasets/documents_2021_12_28/22bol2_20211228_164301_1578202649_600_800.png,22bol2_20211228_164301_1578202649_600_800_mask.png,703654810.6
25,5,50,11,295,462,345,473,295,462,345,462,345,473,295,473,text,table_text,table_0,roboto,italic,9.0,22bol2_20211228_164301_1578202649_600_800.png,/scratch/parceirosbr/bigoilict/share/BigOil/document_generator/datasets/documents_2021_12_28/22bol2_20211228_164301_1578202649_600_800.png,22bol2_20211228_164301_1578202649_600_800_mask.png,120996763.8
25,5,50,11,295,462,345,473,295,462,345,462,345,473,295,473,sub_line_text,table_text,table_0,roboto,italic,9.0,22bol2_20211228_164301_1578202649_600_800.png,/scratch/parceirosbr/bigoilict/share/BigOil/document_generator/datasets/documents_2021_12_28/22bol2_20211228_164301_1578202649_600_800.png,22bol2_20211228_164301_1578202649_600_800_mask.png,120996763.8
22,5,45,11,300,476,345,487,300,476,345,476,345,487,300,487,text,table_text,table_0,roboto,italic,9.0,22bol2_20211228_164301_1578202649_600_800.png,/scratch/parceirosbr/bigoilict/share/BigOil/document_generator/datasets/documents_2021_12_28/22bol2_20211228_164301_1578202649_600_800.png,22bol2_20211228_164301_1578202649_600_800_mask.png,97800854.5
22,5,45,11,300,476,345,487,300,476,345,476,345,487,300,487,sub_line_text,table_text,table_0,roboto,italic,9.0,22bol2_20211228_164301_1578202649_600_800.png,/scratch/parceirosbr/bigoilict/share/BigOil/document_generator/datasets/documents_2021_12_28/22bol2_20211228_164301_1578202649_600_800.png,22bol2_20211228_164301_1578202649_600_800_mask.png,97800854.5
20,5,41,11,303,491,344,502,303,491,344,491,344,502,303,502,text,table_text,table_0,roboto,italic,9.0,22bol2_20211228_164301_1578202649_600_800.png,/scratch/parceirosbr/bigoilict/share/BigOil/document_generator/datasets/documents_2021_12_28/22bol2_20211228_164301_1578202649_600_800.png,22bol2_20211228_164301_1578202649_600_800_mask.png,3371237.7
20,5,41,11,303,491,344,502,303,491,344,491,344,502,303,502,sub_line_text,table_text,table_0,roboto,italic,9.0,22bol2_20211228_164301_1578202649_600_800.png,/scratch/parceirosbr/bigoilict/share/BigOil/document_generator/datasets/documents_2021_12_28/22bol2_20211228_164301_1578202649_600_800.png,22bol2_20211228_164301_1578202649_600_800_mask.png,3371237.7
25,5,50,11,295,506,345,517,295,506,345,506,345,517,295,517,text,table_text,table_0,roboto,italic,9.0,22bol2_20211228_164301_1578202649_600_800.png,/scratch/parceirosbr/bigoilict/share/BigOil/document_generator/datasets/documents_2021_12_28/22bol2_20211228_164301_1578202649_600_800.png,22bol2_20211228_164301_1578202649_600_800_mask.png,309158937.2
25,5,50,11,295,506,345,517,295,506,345,506,345,517,295,517,sub_line_text,table_text,table_0,roboto,italic,9.0,22bol2_20211228_164301_1578202649_600_800.png,/scratch/parceirosbr/bigoilict/share/BigOil/document_generator/datasets/documents_2021_12_28/22bol2_20211228_164301_1578202649_600_800.png,22bol2_20211228_164301_1578202649_600_800_mask.png,309158937.2
15,5,31,11,314,520,345,531,314,520,345,520,345,531,314,531,text,table_text,table_0,roboto,italic,9.0,22bol2_20211228_164301_1578202649_600_800.png,/scratch/parceirosbr/bigoilict/share/BigOil/document_generator/datasets/documents_2021_12_28/22bol2_20211228_164301_1578202649_600_800.png,22bol2_20211228_164301_1578202649_600_800_mask.png,12841.3
15,5,31,11,314,520,345,531,314,520,345,520,345,531,314,531,sub_line_text,table_text,table_0,roboto,italic,9.0,22bol2_20211228_164301_1578202649_600_800.png,/scratch/parceirosbr/bigoilict/share/BigOil/document_generator/datasets/documents_2021_12_28/22bol2_20211228_164301_1578202649_600_800.png,22bol2_20211228_164301_1578202649_600_800_mask.png,12841.3
15,5,31,11,314,535,345,546,314,535,345,535,345,546,314,546,text,table_text,table_0,roboto,italic,9.0,22bol2_20211228_164301_1578202649_600_800.png,/scratch/parceirosbr/bigoilict/share/BigOil/document_generator/datasets/documents_2021_12_28/22bol2_20211228_164301_1578202649_600_800.png,22bol2_20211228_164301_1578202649_600_800_mask.png,20556.0
15,5,31,11,314,535,345,546,314,535,345,535,345,546,314,546,sub_line_text,table_text,table_0,roboto,italic,9.0,22bol2_20211228_164301_1578202649_600_800.png,/scratch/parceirosbr/bigoilict/share/BigOil/document_generator/datasets/documents_2021_12_28/22bol2_20211228_164301_1578202649_600_800.png,22bol2_20211228_164301_1578202649_600_800_mask.png,20556.0
20,5,40,11,304,549,344,560,304,549,344,549,344,560,304,560,text,table_text,table_0,roboto,italic,9.0,22bol2_20211228_164301_1578202649_600_800.png,/scratch/parceirosbr/bigoilict/share/BigOil/document_generator/datasets/documents_2021_12_28/22bol2_20211228_164301_1578202649_600_800.png,22bol2_20211228_164301_1578202649_600_800_mask.png,9894688.4
20,5,40,11,304,549,344,560,304,549,344,549,344,560,304,560,sub_line_text,table_text,table_0,roboto,italic,9.0,22bol2_20211228_164301_1578202649_600_800.png,/scratch/parceirosbr/bigoilict/share/BigOil/document_generator/datasets/documents_2021_12_28/22bol2_20211228_164301_1578202649_600_800.png,22bol2_20211228_164301_1578202649_600_800_mask.png,9894688.4
18,5,36,11,309,564,345,575,309,564,345,564,345,575,309,575,text,table_text,table_0,roboto,italic,9.0,22bol2_20211228_164301_1578202649_600_800.png,/scratch/parceirosbr/bigoilict/share/BigOil/document_generator/datasets/documents_2021_12_28/22bol2_20211228_164301_1578202649_600_800.png,22bol2_20211228_164301_1578202649_600_800_mask.png,426145.6
18,5,36,11,309,564,345,575,309,564,345,564,345,575,309,575,sub_line_text,table_text,table_0,roboto,italic,9.0,22bol2_20211228_164301_1578202649_600_800.png,/scratch/parceirosbr/bigoilict/share/BigOil/document_generator/datasets/documents_2021_12_28/22bol2_20211228_164301_1578202649_600_800.png,22bol2_20211228_164301_1578202649_600_800_mask.png,426145.6
22,5,45,11,300,579,345,590,300,579,345,579,345,590,300,590,text,table_text,table_0,roboto,italic,9.0,22bol2_20211228_164301_1578202649_600_800.png,/scratch/parceirosbr/bigoilict/share/BigOil/document_generator/datasets/documents_2021_12_28/22bol2_20211228_164301_1578202649_600_800.png,22bol2_20211228_164301_1578202649_600_800_mask.png,63386197.4
22,5,45,11,300,579,345,590,300,579,345,579,345,590,300,590,sub_line_text,table_text,table_0,roboto,italic,9.0,22bol2_20211228_164301_1578202649_600_800.png,/scratch/parceirosbr/bigoilict/share/BigOil/document_generator/datasets/documents_2021_12_28/22bol2_20211228_164301_1578202649_600_800.png,22bol2_20211228_164301_1578202649_600_800_mask.png,63386197.4
20,5,40,11,304,593,344,604,304,593,344,593,344,604,304,604,text,table_text,table_0,roboto,italic,9.0,22bol2_20211228_164301_1578202649_600_800.png,/scratch/parceirosbr/bigoilict/share/BigOil/document_generator/datasets/documents_2021_12_28/22bol2_20211228_164301_1578202649_600_800.png,22bol2_20211228_164301_1578202649_600_800_mask.png,4761071.1
20,5,40,11,304,593,344,604,304,593,344,593,344,604,304,604,sub_line_text,table_text,table_0,roboto,italic,9.0,22bol2_20211228_164301_1578202649_600_800.png,/scratch/parceirosbr/bigoilict/share/BigOil/document_generator/datasets/documents_2021_12_28/22bol2_20211228_164301_1578202649_600_800.png,22bol2_20211228_164301_1578202649_600_800_mask.png,4761071.1
18,5,37,11,499,608,536,619,499,608,536,608,536,619,499,619,text,table_text,table_0,roboto,italic,9.0,22bol2_20211228_164301_1578202649_600_800.png,/scratch/parceirosbr/bigoilict/share/BigOil/document_generator/datasets/documents_2021_12_28/22bol2_20211228_164301_1578202649_600_800.png,22bol2_20211228_164301_1578202649_600_800_mask.png,765210.7
18,5,37,11,499,608,536,619,499,608,536,608,536,619,499,619,sub_line_text,table_text,table_0,roboto,italic,9.0,22bol2_20211228_164301_1578202649_600_800.png,/scratch/parceirosbr/bigoilict/share/BigOil/document_generator/datasets/documents_2021_12_28/22bol2_20211228_164301_1578202649_600_800.png,22bol2_20211228_164301_1578202649_600_800_mask.png,765210.7
12,5,25,11,400,426,425,437,400,426,425,426,425,437,400,437,text,table_text,table_0,roboto,italic,9.0,22bol2_20211228_164301_1578202649_600_800.png,/scratch/parceirosbr/bigoilict/share/BigOil/document_generator/datasets/documents_2021_12_28/22bol2_20211228_164301_1578202649_600_800.png,22bol2_20211228_164301_1578202649_600_800_mask.png,etanol
12,5,25,11,400,426,425,437,400,426,425,426,425,437,400,437,sub_line_text,table_text,table_0,roboto,italic,9.0,22bol2_20211228_164301_1578202649_600_800.png,/scratch/parceirosbr/bigoilict/share/BigOil/document_generator/datasets/documents_2021_12_28/22bol2_20211228_164301_1578202649_600_800.png,22bol2_20211228_164301_1578202649_600_800_mask.png,etanol
13,5,26,11,399,447,425,458,399,447,425,447,425,458,399,458,text,table_text,table_0,roboto,italic,9.0,22bol2_20211228_164301_1578202649_600_800.png,/scratch/parceirosbr/bigoilict/share/BigOil/document_generator/datasets/documents_2021_12_28/22bol2_20211228_164301_1578202649_600_800.png,22bol2_20211228_164301_1578202649_600_800_mask.png,943.23
13,5,26,11,399,447,425,458,399,447,425,447,425,458,399,458,sub_line_text,table_text,table_0,roboto,italic,9.0,22bol2_20211228_164301_1578202649_600_800.png,/scratch/parceirosbr/bigoilict/share/BigOil/document_generator/datasets/documents_2021_12_28/22bol2_20211228_164301_1578202649_600_800.png,22bol2_20211228_164301_1578202649_600_800_mask.png,943.23
15,5,31,11,394,462,425,473,394,462,425,462,425,473,394,473,text,table_text,table_0,roboto,italic,9.0,22bol2_20211228_164301_1578202649_600_800.png,/scratch/parceirosbr/bigoilict/share/BigOil/document_generator/datasets/documents_2021_12_28/22bol2_20211228_164301_1578202649_600_800.png,22bol2_20211228_164301_1578202649_600_800_mask.png,3138.65
15,5,31,11,394,462,425,473,394,462,425,462,425,473,394,473,sub_line_text,table_text,table_0,roboto,italic,9.0,22bol2_20211228_164301_1578202649_600_800.png,/scratch/parceirosbr/bigoilict/share/BigOil/document_generator/datasets/documents_2021_12_28/22bol2_20211228_164301_1578202649_600_800.png,22bol2_20211228_164301_1578202649_600_800_mask.png,3138.65
18,5,36,11,389,476,425,487,389,476,425,476,425,487,389,487,text,table_text,table_0,roboto,italic,9.0,22bol2_20211228_164301_1578202649_600_800.png,/scratch/parceirosbr/bigoilict/share/BigOil/document_generator/datasets/documents_2021_12_28/22bol2_20211228_164301_1578202649_600_800.png,22bol2_20211228_164301_1578202649_600_800_mask.png,29241.15
18,5,36,11,389,476,425,487,389,476,425,476,425,487,389,487,sub_line_text,table_text,table_0,roboto,italic,9.0,22bol2_20211228_164301_1578202649_600_800.png,/scratch/parceirosbr/bigoilict/share/BigOil/document_generator/datasets/documents_2021_12_28/22bol2_20211228_164301_1578202649_600_800.png,22bol2_20211228_164301_1578202649_600_800_mask.png,29241.15
10,5,21,11,404,491,425,502,404,491,425,491,425,502,404,502,text,table_text,table_0,roboto,italic,9.0,22bol2_20211228_164301_1578202649_600_800.png,/scratch/parceirosbr/bigoilict/share/BigOil/document_generator/datasets/documents_2021_12_28/22bol2_20211228_164301_1578202649_600_800.png,22bol2_20211228_164301_1578202649_600_800_mask.png,26.52
10,5,21,11,404,491,425,502,404,491,425,491,425,502,404,502,sub_line_text,table_text,table_0,roboto,italic,9.0,22bol2_20211228_164301_1578202649_600_800.png,/scratch/parceirosbr/bigoilict/share/BigOil/document_generator/datasets/documents_2021_12_28/22bol2_20211228_164301_1578202649_600_800.png,22bol2_20211228_164301_1578202649_600_800_mask.png,26.52
18,5,36,11,389,506,425,517,389,506,425,506,425,517,389,517,text,table_text,table_0,roboto,italic,9.0,22bol2_20211228_164301_1578202649_600_800.png,/scratch/parceirosbr/bigoilict/share/BigOil/document_generator/datasets/documents_2021_12_28/22bol2_20211228_164301_1578202649_600_800.png,22bol2_20211228_164301_1578202649_600_800_mask.png,50563.64
18,5,36,11,389,506,425,517,389,506,425,506,425,517,389,517,sub_line_text,table_text,table_0,roboto,italic,9.0,22bol2_20211228_164301_1578202649_600_800.png,/scratch/parceirosbr/bigoilict/share/BigOil/document_generator/datasets/documents_2021_12_28/22bol2_20211228_164301_1578202649_600_800.png,22bol2_20211228_164301_1578202649_600_800_mask.png,50563.64
15,5,31,11,394,520,425,531,394,520,425,520,425,531,394,531,text,table_text,table_0,roboto,italic,9.0,22bol2_20211228_164301_1578202649_600_800.png,/scratch/parceirosbr/bigoilict/share/BigOil/document_generator/datasets/documents_2021_12_28/22bol2_20211228_164301_1578202649_600_800.png,22bol2_20211228_164301_1578202649_600_800_mask.png,5054.35
15,5,31,11,394,520,425,531,394,520,425,520,425,531,394,531,sub_line_text,table_text,table_0,roboto,italic,9.0,22bol2_20211228_164301_1578202649_600_800.png,/scratch/parceirosbr/bigoilict/share/BigOil/document_generator/datasets/documents_2021_12_28/22bol2_20211228_164301_1578202649_600_800.png,22bol2_20211228_164301_1578202649_600_800_mask.png,5054.35
15,5,31,11,394,535,425,546,394,535,425,535,425,546,394,546,text,table_text,table_0,roboto,italic,9.0,22bol2_20211228_164301_1578202649_600_800.png,/scratch/parceirosbr/bigoilict/share/BigOil/document_generator/datasets/documents_2021_12_28/22bol2_20211228_164301_1578202649_600_800.png,22bol2_20211228_164301_1578202649_600_800_mask.png,2319.09
15,5,31,11,394,535,425,546,394,535,425,535,425,546,394,546,sub_line_text,table_text,table_0,roboto,italic,9.0,22bol2_20211228_164301_1578202649_600_800.png,/scratch/parceirosbr/bigoilict/share/BigOil/document_generator/datasets/documents_2021_12_28/22bol2_20211228_164301_1578202649_600_800.png,22bol2_20211228_164301_1578202649_600_800_mask.png,2319.09
13,5,27,11,398,549,425,560,398,549,425,549,425,560,398,560,text,table_text,table_0,roboto,italic,9.0,22bol2_20211228_164301_1578202649_600_800.png,/scratch/parceirosbr/bigoilict/share/BigOil/document_generator/datasets/documents_2021_12_28/22bol2_20211228_164301_1578202649_600_800.png,22bol2_20211228_164301_1578202649_600_800_mask.png,602.47
13,5,27,11,398,549,425,560,398,549,425,549,425,560,398,560,sub_line_text,table_text,table_0,roboto,italic,9.0,22bol2_20211228_164301_1578202649_600_800.png,/scratch/parceirosbr/bigoilict/share/BigOil/document_generator/datasets/documents_2021_12_28/22bol2_20211228_164301_1578202649_600_800.png,22bol2_20211228_164301_1578202649_600_800_mask.png,602.47
13,5,26,11,399,564,425,575,399,564,425,564,425,575,399,575,text,table_text,table_0,roboto,italic,9.0,22bol2_20211228_164301_1578202649_600_800.png,/scratch/parceirosbr/bigoilict/share/BigOil/document_generator/datasets/documents_2021_12_28/22bol2_20211228_164301_1578202649_600_800.png,22bol2_20211228_164301_1578202649_600_800_mask.png,853.19
13,5,26,11,399,564,425,575,399,564,425,564,425,575,399,575,sub_line_text,table_text,table_0,roboto,italic,9.0,22bol2_20211228_164301_1578202649_600_800.png,/scratch/parceirosbr/bigoilict/share/BigOil/document_generator/datasets/documents_2021_12_28/22bol2_20211228_164301_1578202649_600_800.png,22bol2_20211228_164301_1578202649_600_800_mask.png,853.19
15,5,31,11,394,579,425,590,394,579,425,579,425,590,394,590,text,table_text,table_0,roboto,italic,9.0,22bol2_20211228_164301_1578202649_600_800.png,/scratch/parceirosbr/bigoilict/share/BigOil/document_generator/datasets/documents_2021_12_28/22bol2_20211228_164301_1578202649_600_800.png,22bol2_20211228_164301_1578202649_600_800_mask.png,1932.00
15,5,31,11,394,579,425,590,394,579,425,579,425,590,394,590,sub_line_text,table_text,table_0,roboto,italic,9.0,22bol2_20211228_164301_1578202649_600_800.png,/scratch/parceirosbr/bigoilict/share/BigOil/document_generator/datasets/documents_2021_12_28/22bol2_20211228_164301_1578202649_600_800.png,22bol2_20211228_164301_1578202649_600_800_mask.png,1932.00
10,5,21,11,404,593,425,604,404,593,425,593,425,604,404,604,text,table_text,table_0,roboto,italic,9.0,22bol2_20211228_164301_1578202649_600_800.png,/scratch/parceirosbr/bigoilict/share/BigOil/document_generator/datasets/documents_2021_12_28/22bol2_20211228_164301_1578202649_600_800.png,22bol2_20211228_164301_1578202649_600_800_mask.png,82.48
10,5,21,11,404,593,425,604,404,593,425,593,425,604,404,604,sub_line_text,table_text,table_0,roboto,italic,9.0,22bol2_20211228_164301_1578202649_600_800.png,/scratch/parceirosbr/bigoilict/share/BigOil/document_generator/datasets/documents_2021_12_28/22bol2_20211228_164301_1578202649_600_800.png,22bol2_20211228_164301_1578202649_600_800_mask.png,82.48
4,5,9,11,437,426,446,437,437,426,446,426,446,437,437,437,text,table_text,table_0,roboto,italic,9.0,22bol2_20211228_164301_1578202649_600_800.png,/scratch/parceirosbr/bigoilict/share/BigOil/document_generator/datasets/documents_2021_12_28/22bol2_20211228_164301_1578202649_600_800.png,22bol2_20211228_164301_1578202649_600_800_mask.png,no
4,5,9,11,437,426,446,437,437,426,446,426,446,437,437,437,sub_line_text,table_text,table_0,roboto,italic,9.0,22bol2_20211228_164301_1578202649_600_800.png,/scratch/parceirosbr/bigoilict/share/BigOil/document_generator/datasets/documents_2021_12_28/22bol2_20211228_164301_1578202649_600_800.png,22bol2_20211228_164301_1578202649_600_800_mask.png,no
8,5,16,11,430,447,446,458,430,447,446,447,446,458,430,458,text,table_text,table_0,roboto,italic,9.0,22bol2_20211228_164301_1578202649_600_800.png,/scratch/parceirosbr/bigoilict/share/BigOil/document_generator/datasets/documents_2021_12_28/22bol2_20211228_164301_1578202649_600_800.png,22bol2_20211228_164301_1578202649_600_800_mask.png,43.3
8,5,16,11,430,447,446,458,430,447,446,447,446,458,430,458,sub_line_text,table_text,table_0,roboto,italic,9.0,22bol2_20211228_164301_1578202649_600_800.png,/scratch/parceirosbr/bigoilict/share/BigOil/document_generator/datasets/documents_2021_12_28/22bol2_20211228_164301_1578202649_600_800.png,22bol2_20211228_164301_1578202649_600_800_mask.png,43.3
8,5,16,11,430,462,446,473,430,462,446,462,446,473,430,473,text,table_text,table_0,roboto,italic,9.0,22bol2_20211228_164301_1578202649_600_800.png,/scratch/parceirosbr/bigoilict/share/BigOil/document_generator/datasets/documents_2021_12_28/22bol2_20211228_164301_1578202649_600_800.png,22bol2_20211228_164301_1578202649_600_800_mask.png,47.0
8,5,16,11,430,462,446,473,430,462,446,462,446,473,430,473,sub_line_text,table_text,table_0,roboto,italic,9.0,22bol2_20211228_164301_1578202649_600_800.png,/scratch/parceirosbr/bigoilict/share/BigOil/document_generator/datasets/documents_2021_12_28/22bol2_20211228_164301_1578202649_600_800.png,22bol2_20211228_164301_1578202649_600_800_mask.png,47.0
5,5,11,11,435,476,446,487,435,476,446,476,446,487,435,487,text,table_text,table_0,roboto,italic,9.0,22bol2_20211228_164301_1578202649_600_800.png,/scratch/parceirosbr/bigoilict/share/BigOil/document_generator/datasets/documents_2021_12_28/22bol2_20211228_164301_1578202649_600_800.png,22bol2_20211228_164301_1578202649_600_800_mask.png,4.5
5,5,11,11,435,476,446,487,435,476,446,476,446,487,435,487,sub_line_text,table_text,table_0,roboto,italic,9.0,22bol2_20211228_164301_1578202649_600_800.png,/scratch/parceirosbr/bigoilict/share/BigOil/document_generator/datasets/documents_2021_12_28/22bol2_20211228_164301_1578202649_600_800.png,22bol2_20211228_164301_1578202649_600_800_mask.png,4.5
5,5,11,11,435,491,446,502,435,491,446,491,446,502,435,502,text,table_text,table_0,roboto,italic,9.0,22bol2_20211228_164301_1578202649_600_800.png,/scratch/parceirosbr/bigoilict/share/BigOil/document_generator/datasets/documents_2021_12_28/22bol2_20211228_164301_1578202649_600_800.png,22bol2_20211228_164301_1578202649_600_800_mask.png,3.9
5,5,11,11,435,491,446,502,435,491,446,491,446,502,435,502,sub_line_text,table_text,table_0,roboto,italic,9.0,22bol2_20211228_164301_1578202649_600_800.png,/scratch/parceirosbr/bigoilict/share/BigOil/document_generator/datasets/documents_2021_12_28/22bol2_20211228_164301_1578202649_600_800.png,22bol2_20211228_164301_1578202649_600_800_mask.png,3.9
5,5,11,11,435,506,446,517,435,506,446,506,446,517,435,517,text,table_text,table_0,roboto,italic,9.0,22bol2_20211228_164301_1578202649_600_800.png,/scratch/parceirosbr/bigoilict/share/BigOil/document_generator/datasets/documents_2021_12_28/22bol2_20211228_164301_1578202649_600_800.png,22bol2_20211228_164301_1578202649_600_800_mask.png,6.1
5,5,11,11,435,506,446,517,435,506,446,506,446,517,435,517,sub_line_text,table_text,table_0,roboto,italic,9.0,22bol2_20211228_164301_1578202649_600_800.png,/scratch/parceirosbr/bigoilict/share/BigOil/document_generator/datasets/documents_2021_12_28/22bol2_20211228_164301_1578202649_600_800.png,22bol2_20211228_164301_1578202649_600_800_mask.png,6.1
5,5,11,11,435,520,446,531,435,520,446,520,446,531,435,531,text,table_text,table_0,roboto,italic,9.0,22bol2_20211228_164301_1578202649_600_800.png,/scratch/parceirosbr/bigoilict/share/BigOil/document_generator/datasets/documents_2021_12_28/22bol2_20211228_164301_1578202649_600_800.png,22bol2_20211228_164301_1578202649_600_800_mask.png,9.5
5,5,11,11,435,520,446,531,435,520,446,520,446,531,435,531,sub_line_text,table_text,table_0,roboto,italic,9.0,22bol2_20211228_164301_1578202649_600_800.png,/scratch/parceirosbr/bigoilict/share/BigOil/document_generator/datasets/documents_2021_12_28/22bol2_20211228_164301_1578202649_600_800.png,22bol2_20211228_164301_1578202649_600_800_mask.png,9.5
5,5,11,11,435,535,446,546,435,535,446,535,446,546,435,546,text,table_text,table_0,roboto,italic,9.0,22bol2_20211228_164301_1578202649_600_800.png,/scratch/parceirosbr/bigoilict/share/BigOil/document_generator/datasets/documents_2021_12_28/22bol2_20211228_164301_1578202649_600_800.png,22bol2_20211228_164301_1578202649_600_800_mask.png,4.0
5,5,11,11,435,535,446,546,435,535,446,535,446,546,435,546,sub_line_text,table_text,table_0,roboto,italic,9.0,22bol2_20211228_164301_1578202649_600_800.png,/scratch/parceirosbr/bigoilict/share/BigOil/document_generator/datasets/documents_2021_12_28/22bol2_20211228_164301_1578202649_600_800.png,22bol2_20211228_164301_1578202649_600_800_mask.png,4.0
5,5,11,11,435,549,446,560,435,549,446,549,446,560,435,560,text,table_text,table_0,roboto,italic,9.0,22bol2_20211228_164301_1578202649_600_800.png,/scratch/parceirosbr/bigoilict/share/BigOil/document_generator/datasets/documents_2021_12_28/22bol2_20211228_164301_1578202649_600_800.png,22bol2_20211228_164301_1578202649_600_800_mask.png,9.5
5,5,11,11,435,549,446,560,435,549,446,549,446,560,435,560,sub_line_text,table_text,table_0,roboto,italic,9.0,22bol2_20211228_164301_1578202649_600_800.png,/scratch/parceirosbr/bigoilict/share/BigOil/document_generator/datasets/documents_2021_12_28/22bol2_20211228_164301_1578202649_600_800.png,22bol2_20211228_164301_1578202649_600_800_mask.png,9.5
5,5,11,11,435,564,446,575,435,564,446,564,446,575,435,575,text,table_text,table_0,roboto,italic,9.0,22bol2_20211228_164301_1578202649_600_800.png,/scratch/parceirosbr/bigoilict/share/BigOil/document_generator/datasets/documents_2021_12_28/22bol2_20211228_164301_1578202649_600_800.png,22bol2_20211228_164301_1578202649_600_800_mask.png,5.4
5,5,11,11,435,564,446,575,435,564,446,564,446,575,435,575,sub_line_text,table_text,table_0,roboto,italic,9.0,22bol2_20211228_164301_1578202649_600_800.png,/scratch/parceirosbr/bigoilict/share/BigOil/document_generator/datasets/documents_2021_12_28/22bol2_20211228_164301_1578202649_600_800.png,22bol2_20211228_164301_1578202649_600_800_mask.png,5.4
8,5,16,11,430,579,446,590,430,579,446,579,446,590,430,590,text,table_text,table_0,roboto,italic,9.0,22bol2_20211228_164301_1578202649_600_800.png,/scratch/parceirosbr/bigoilict/share/BigOil/document_generator/datasets/documents_2021_12_28/22bol2_20211228_164301_1578202649_600_800.png,22bol2_20211228_164301_1578202649_600_800_mask.png,12.4
8,5,16,11,430,579,446,590,430,579,446,579,446,590,430,590,sub_line_text,table_text,table_0,roboto,italic,9.0,22bol2_20211228_164301_1578202649_600_800.png,/scratch/parceirosbr/bigoilict/share/BigOil/document_generator/datasets/documents_2021_12_28/22bol2_20211228_164301_1578202649_600_800.png,22bol2_20211228_164301_1578202649_600_800_mask.png,12.4
8,5,16,11,430,593,446,604,430,593,446,593,446,604,430,604,text,table_text,table_0,roboto,italic,9.0,22bol2_20211228_164301_1578202649_600_800.png,/scratch/parceirosbr/bigoilict/share/BigOil/document_generator/datasets/documents_2021_12_28/22bol2_20211228_164301_1578202649_600_800.png,22bol2_20211228_164301_1578202649_600_800_mask.png,78.0
8,5,16,11,430,593,446,604,430,593,446,593,446,604,430,604,sub_line_text,table_text,table_0,roboto,italic,9.0,22bol2_20211228_164301_1578202649_600_800.png,/scratch/parceirosbr/bigoilict/share/BigOil/document_generator/datasets/documents_2021_12_28/22bol2_20211228_164301_1578202649_600_800.png,22bol2_20211228_164301_1578202649_600_800_mask.png,78.0
14,5,28,11,507,426,535,437,507,426,535,426,535,437,507,437,text,table_text,table_0,roboto,italic,9.0,22bol2_20211228_164301_1578202649_600_800.png,/scratch/parceirosbr/bigoilict/share/BigOil/document_generator/datasets/documents_2021_12_28/22bol2_20211228_164301_1578202649_600_800.png,22bol2_20211228_164301_1578202649_600_800_mask.png,apesar
14,5,28,11,507,426,535,437,507,426,535,426,535,437,507,437,sub_line_text,table_text,table_0,roboto,italic,9.0,22bol2_20211228_164301_1578202649_600_800.png,/scratch/parceirosbr/bigoilict/share/BigOil/document_generator/datasets/documents_2021_12_28/22bol2_20211228_164301_1578202649_600_800.png,22bol2_20211228_164301_1578202649_600_800_mask.png,apesar
30,5,60,11,475,447,535,458,475,447,535,447,535,458,475,458,text,table_text,table_0,roboto,italic,9.0,22bol2_20211228_164301_1578202649_600_800.png,/scratch/parceirosbr/bigoilict/share/BigOil/document_generator/datasets/documents_2021_12_28/22bol2_20211228_164301_1578202649_600_800.png,22bol2_20211228_164301_1578202649_600_800_mask.png,271458589.826
30,5,60,11,475,447,535,458,475,447,535,447,535,458,475,458,sub_line_text,table_text,table_0,roboto,italic,9.0,22bol2_20211228_164301_1578202649_600_800.png,/scratch/parceirosbr/bigoilict/share/BigOil/document_generator/datasets/documents_2021_12_28/22bol2_20211228_164301_1578202649_600_800.png,22bol2_20211228_164301_1578202649_600_800_mask.png,271458589.826
27,5,55,11,480,462,535,473,480,462,535,462,535,473,480,473,text,table_text,table_0,roboto,italic,9.0,22bol2_20211228_164301_1578202649_600_800.png,/scratch/parceirosbr/bigoilict/share/BigOil/document_generator/datasets/documents_2021_12_28/22bol2_20211228_164301_1578202649_600_800.png,22bol2_20211228_164301_1578202649_600_800_mask.png,97077556.373
27,5,55,11,480,462,535,473,480,462,535,462,535,473,480,473,sub_line_text,table_text,table_0,roboto,italic,9.0,22bol2_20211228_164301_1578202649_600_800.png,/scratch/parceirosbr/bigoilict/share/BigOil/document_generator/datasets/documents_2021_12_28/22bol2_20211228_164301_1578202649_600_800.png,22bol2_20211228_164301_1578202649_600_800_mask.png,97077556.373
30,5,60,11,475,476,535,487,475,476,535,476,535,487,475,487,text,table_text,table_0,roboto,italic,9.0,22bol2_20211228_164301_1578202649_600_800.png,/scratch/parceirosbr/bigoilict/share/BigOil/document_generator/datasets/documents_2021_12_28/22bol2_20211228_164301_1578202649_600_800.png,22bol2_20211228_164301_1578202649_600_800_mask.png,552712852.079
30,5,60,11,475,476,535,487,475,476,535,476,535,487,475,487,sub_line_text,table_text,table_0,roboto,italic,9.0,22bol2_20211228_164301_1578202649_600_800.png,/scratch/parceirosbr/bigoilict/share/BigOil/document_generator/datasets/documents_2021_12_28/22bol2_20211228_164301_1578202649_600_800.png,22bol2_20211228_164301_1578202649_600_800_mask.png,552712852.079
27,5,55,11,480,491,535,502,480,491,535,491,535,502,480,502,text,table_text,table_0,roboto,italic,9.0,22bol2_20211228_164301_1578202649_600_800.png,/scratch/parceirosbr/bigoilict/share/BigOil/document_generator/datasets/documents_2021_12_28/22bol2_20211228_164301_1578202649_600_800.png,22bol2_20211228_164301_1578202649_600_800_mask.png,98588511.368
27,5,55,11,480,491,535,502,480,491,535,491,535,502,480,502,sub_line_text,table_text,table_0,roboto,italic,9.0,22bol2_20211228_164301_1578202649_600_800.png,/scratch/parceirosbr/bigoilict/share/BigOil/document_generator/datasets/documents_2021_12_28/22bol2_20211228_164301_1578202649_600_800.png,22bol2_20211228_164301_1578202649_600_800_mask.png,98588511.368
27,5,55,11,480,506,535,517,480,506,535,506,535,517,480,517,text,table_text,table_0,roboto,italic,9.0,22bol2_20211228_164301_1578202649_600_800.png,/scratch/parceirosbr/bigoilict/share/BigOil/document_generator/datasets/documents_2021_12_28/22bol2_20211228_164301_1578202649_600_800.png,22bol2_20211228_164301_1578202649_600_800_mask.png,78485134.583
27,5,55,11,480,506,535,517,480,506,535,506,535,517,480,517,sub_line_text,table_text,table_0,roboto,italic,9.0,22bol2_20211228_164301_1578202649_600_800.png,/scratch/parceirosbr/bigoilict/share/BigOil/document_generator/datasets/documents_2021_12_28/22bol2_20211228_164301_1578202649_600_800.png,22bol2_20211228_164301_1578202649_600_800_mask.png,78485134.583
27,5,55,11,480,520,535,531,480,520,535,520,535,531,480,531,text,table_text,table_0,roboto,italic,9.0,22bol2_20211228_164301_1578202649_600_800.png,/scratch/parceirosbr/bigoilict/share/BigOil/document_generator/datasets/documents_2021_12_28/22bol2_20211228_164301_1578202649_600_800.png,22bol2_20211228_164301_1578202649_600_800_mask.png,11738843.615
27,5,55,11,480,520,535,531,480,520,535,520,535,531,480,531,sub_line_text,table_text,table_0,roboto,italic,9.0,22bol2_20211228_164301_1578202649_600_800.png,/scratch/parceirosbr/bigoilict/share/BigOil/document_generator/datasets/documents_2021_12_28/22bol2_20211228_164301_1578202649_600_800.png,22bol2_20211228_164301_1578202649_600_800_mask.png,11738843.615
27,5,55,11,480,535,535,546,480,535,535,535,535,546,480,546,text,table_text,table_0,roboto,italic,9.0,22bol2_20211228_164301_1578202649_600_800.png,/scratch/parceirosbr/bigoilict/share/BigOil/document_generator/datasets/documents_2021_12_28/22bol2_20211228_164301_1578202649_600_800.png,22bol2_20211228_164301_1578202649_600_800_mask.png,98302892.440
27,5,55,11,480,535,535,546,480,535,535,535,535,546,480,546,sub_line_text,table_text,table_0,roboto,italic,9.0,22bol2_20211228_164301_1578202649_600_800.png,/scratch/parceirosbr/bigoilict/share/BigOil/document_generator/datasets/documents_2021_12_28/22bol2_20211228_164301_1578202649_600_800.png,22bol2_20211228_164301_1578202649_600_800_mask.png,98302892.440
27,5,55,11,480,549,535,560,480,549,535,549,535,560,480,560,text,table_text,table_0,roboto,italic,9.0,22bol2_20211228_164301_1578202649_600_800.png,/scratch/parceirosbr/bigoilict/share/BigOil/document_generator/datasets/documents_2021_12_28/22bol2_20211228_164301_1578202649_600_800.png,22bol2_20211228_164301_1578202649_600_800_mask.png,34543765.774
27,5,55,11,480,549,535,560,480,549,535,549,535,560,480,560,sub_line_text,table_text,table_0,roboto,italic,9.0,22bol2_20211228_164301_1578202649_600_800.png,/scratch/parceirosbr/bigoilict/share/BigOil/document_generator/datasets/documents_2021_12_28/22bol2_20211228_164301_1578202649_600_800.png,22bol2_20211228_164301_1578202649_600_800_mask.png,34543765.774
25,5,50,11,485,564,535,575,485,564,535,564,535,575,485,575,text,table_text,table_0,roboto,italic,9.0,22bol2_20211228_164301_1578202649_600_800.png,/scratch/parceirosbr/bigoilict/share/BigOil/document_generator/datasets/documents_2021_12_28/22bol2_20211228_164301_1578202649_600_800.png,22bol2_20211228_164301_1578202649_600_800_mask.png,4434353.133
25,5,50,11,485,564,535,575,485,564,535,564,535,575,485,575,sub_line_text,table_text,table_0,roboto,italic,9.0,22bol2_20211228_164301_1578202649_600_800.png,/scratch/parceirosbr/bigoilict/share/BigOil/document_generator/datasets/documents_2021_12_28/22bol2_20211228_164301_1578202649_600_800.png,22bol2_20211228_164301_1578202649_600_800_mask.png,4434353.133
30,5,60,11,475,579,535,590,475,579,535,579,535,590,475,590,text,table_text,table_0,roboto,italic,9.0,22bol2_20211228_164301_1578202649_600_800.png,/scratch/parceirosbr/bigoilict/share/BigOil/document_generator/datasets/documents_2021_12_28/22bol2_20211228_164301_1578202649_600_800.png,22bol2_20211228_164301_1578202649_600_800_mask.png,729575110.622
30,5,60,11,475,579,535,590,475,579,535,579,535,590,475,590,sub_line_text,table_text,table_0,roboto,italic,9.0,22bol2_20211228_164301_1578202649_600_800.png,/scratch/parceirosbr/bigoilict/share/BigOil/document_generator/datasets/documents_2021_12_28/22bol2_20211228_164301_1578202649_600_800.png,22bol2_20211228_164301_1578202649_600_800_mask.png,729575110.622
25,5,50,11,485,593,535,604,485,593,535,593,535,604,485,604,text,table_text,table_0,roboto,italic,9.0,22bol2_20211228_164301_1578202649_600_800.png,/scratch/parceirosbr/bigoilict/share/BigOil/document_generator/datasets/documents_2021_12_28/22bol2_20211228_164301_1578202649_600_800.png,22bol2_20211228_164301_1578202649_600_800_mask.png,8448639.941
25,5,50,11,485,593,535,604,485,593,535,593,535,604,485,604,sub_line_text,table_text,table_0,roboto,italic,9.0,22bol2_20211228_164301_1578202649_600_800.png,/scratch/parceirosbr/bigoilict/share/BigOil/document_generator/datasets/documents_2021_12_28/22bol2_20211228_164301_1578202649_600_800.png,22bol2_20211228_164301_1578202649_600_800_mask.png,8448639.941
55,4,110,9,260,640,370,649,260,640,370,640,370,649,260,649,sub_line_text,table_legend,table_0,courier,regular,8,22bol2_20211228_164301_1578202649_600_800.png,/scratch/parceirosbr/bigoilict/share/BigOil/document_generator/datasets/documents_2021_12_28/22bol2_20211228_164301_1578202649_600_800.png,22bol2_20211228_164301_1578202649_600_800_mask.png,Tab.  147:  Seção 2 do
55,4,110,9,260,652,370,661,260,652,370,652,370,661,260,661,sub_line_text,table_legend,table_0,courier,regular,8,22bol2_20211228_164301_1578202649_600_800.png,/scratch/parceirosbr/bigoilict/share/BigOil/document_generator/datasets/documents_2021_12_28/22bol2_20211228_164301_1578202649_600_800.png,22bol2_20211228_164301_1578202649_600_800_mask.png,e  de refi no e proce-
55,4,110,9,260,664,370,673,260,664,370,664,370,673,260,673,sub_line_text,table_legend,table_0,courier,regular,8,22bol2_20211228_164301_1578202649_600_800.png,/scratch/parceirosbr/bigoilict/share/BigOil/document_generator/datasets/documents_2021_12_28/22bol2_20211228_164301_1578202649_600_800.png,22bol2_20211228_164301_1578202649_600_800_mask.png,ssamento  2009  1022.2
55,4,110,9,260,676,370,685,260,676,370,676,370,685,260,685,sub_line_text,table_legend,table_0,courier,regular,8,22bol2_20211228_164301_1578202649_600_800.png,/scratch/parceirosbr/bigoilict/share/BigOil/document_generator/datasets/documents_2021_12_28/22bol2_20211228_164301_1578202649_600_800.png,22bol2_20211228_164301_1578202649_600_800_mask.png,de  produção e movime-
55,4,110,9,260,688,370,697,260,688,370,688,370,697,260,697,sub_line_text,table_legend,table_0,courier,regular,8,22bol2_20211228_164301_1578202649_600_800.png,/scratch/parceirosbr/bigoilict/share/BigOil/document_generator/datasets/documents_2021_12_28/22bol2_20211228_164301_1578202649_600_800.png,22bol2_20211228_164301_1578202649_600_800_mask.png,ntação  de  petróleo e
55,4,110,9,260,700,370,709,260,700,370,700,370,709,260,709,sub_line_text,table_legend,table_0,courier,regular,8,22bol2_20211228_164301_1578202649_600_800.png,/scratch/parceirosbr/bigoilict/share/BigOil/document_generator/datasets/documents_2021_12_28/22bol2_20211228_164301_1578202649_600_800.png,22bol2_20211228_164301_1578202649_600_800_mask.png,derivados  2009 1142.3
27,4,55,9,260,712,315,721,260,712,315,712,315,721,260,721,sub_line_text,table_legend,table_0,courier,regular,8,22bol2_20211228_164301_1578202649_600_800.png,/scratch/parceirosbr/bigoilict/share/BigOil/document_generator/datasets/documents_2021_12_28/22bol2_20211228_164301_1578202649_600_800.png,22bol2_20211228_164301_1578202649_600_800_mask.png,de produção
55,40,110,81,260,640,370,721,260,640,370,640,370,721,260,721,text,table_legend,table_0,courier,regular,8,22bol2_20211228_164301_1578202649_600_800.png,/scratch/parceirosbr/bigoilict/share/BigOil/document_generator/datasets/documents_2021_12_28/22bol2_20211228_164301_1578202649_600_800.png,22bol2_20211228_164301_1578202649_600_800_mask.png,nan
55,4,110,9,401,640,511,649,401,640,511,640,511,649,401,649,sub_line_text,table_legend,table_0,courier,regular,8,22bol2_20211228_164301_1578202649_600_800.png,/scratch/parceirosbr/bigoilict/share/BigOil/document_generator/datasets/documents_2021_12_28/22bol2_20211228_164301_1578202649_600_800.png,22bol2_20211228_164301_1578202649_600_800_mask.png,Tab.  146:   Por outro
55,4,110,9,401,652,511,661,401,652,511,652,511,661,401,661,sub_line_text,table_legend,table_0,courier,regular,8,22bol2_20211228_164301_1578202649_600_800.png,/scratch/parceirosbr/bigoilict/share/BigOil/document_generator/datasets/documents_2021_12_28/22bol2_20211228_164301_1578202649_600_800.png,22bol2_20211228_164301_1578202649_600_800_mask.png,"lado,  as  exportações"
55,4,110,9,401,664,511,673,401,664,511,664,511,673,401,673,sub_line_text,table_legend,table_0,courier,regular,8,22bol2_20211228_164301_1578202649_600_800.png,/scratch/parceirosbr/bigoilict/share/BigOil/document_generator/datasets/documents_2021_12_28/22bol2_20211228_164301_1578202649_600_800.png,22bol2_20211228_164301_1578202649_600_800_mask.png,de  etanol  atin-giram
55,4,110,9,401,676,511,685,401,676,511,676,511,685,401,685,sub_line_text,table_legend,table_0,courier,regular,8,22bol2_20211228_164301_1578202649_600_800.png,/scratch/parceirosbr/bigoilict/share/BigOil/document_generator/datasets/documents_2021_12_28/22bol2_20211228_164301_1578202649_600_800.png,22bol2_20211228_164301_1578202649_600_800_mask.png,"1,9  milhões  m3,  uma"
55,4,110,9,401,688,511,697,401,688,511,688,511,697,401,697,sub_line_text,table_legend,table_0,courier,regular,8,22bol2_20211228_164301_1578202649_600_800.png,/scratch/parceirosbr/bigoilict/share/BigOil/document_generator/datasets/documents_2021_12_28/22bol2_20211228_164301_1578202649_600_800.png,22bol2_20211228_164301_1578202649_600_800_mask.png,"elevação  de  33,6% em"
55,4,110,9,401,700,511,709,401,700,511,700,511,709,401,709,sub_line_text,table_legend,table_0,courier,regular,8,22bol2_20211228_164301_1578202649_600_800.png,/scratch/parceirosbr/bigoilict/share/BigOil/document_generator/datasets/documents_2021_12_28/22bol2_20211228_164301_1578202649_600_800.png,22bol2_20211228_164301_1578202649_600_800_mask.png,relação  a 2014. prin-
12,4,25,9,401,712,426,721,401,712,426,712,426,721,401,721,sub_line_text,table_legend,table_0,courier,regular,8,22bol2_20211228_164301_1578202649_600_800.png,/scratch/parceirosbr/bigoilict/share/BigOil/document_generator/datasets/documents_2021_12_28/22bol2_20211228_164301_1578202649_600_800.png,22bol2_20211228_164301_1578202649_600_800_mask.png,cipal
55,40,110,81,401,640,511,721,401,640,511,640,511,721,401,721,text,table_legend,table_0,courier,regular,8,22bol2_20211228_164301_1578202649_600_800.png,/scratch/parceirosbr/bigoilict/share/BigOil/document_generator/datasets/documents_2021_12_28/22bol2_20211228_164301_1578202649_600_800.png,22bol2_20211228_164301_1578202649_600_800_mask.png,nan
52,5,105,10,335,295,440,305,335,295,440,295,440,305,335,305,sub_line_text,text,text_4,courier,regular,9,22bol2_20211228_164301_1578202649_600_800.png,/scratch/parceirosbr/bigoilict/share/BigOil/document_generator/datasets/documents_2021_12_28/22bol2_20211228_164301_1578202649_600_800.png,22bol2_20211228_164301_1578202649_600_800_mask.png,As  can be seen in 4-
88,5,176,10,260,308,436,318,260,308,436,308,436,318,260,318,sub_line_text,text,text_4,courier,regular,9,22bol2_20211228_164301_1578202649_600_800.png,/scratch/parceirosbr/bigoilict/share/BigOil/document_generator/datasets/documents_2021_12_28/22bol2_20211228_164301_1578202649_600_800.png,22bol2_20211228_164301_1578202649_600_800_mask.png,"-3  to  4-6,  the increase in steam"
87,5,175,10,260,321,435,331,260,321,435,321,435,331,260,331,sub_line_text,text,text_4,courier,regular,9,22bol2_20211228_164301_1578202649_600_800.png,/scratch/parceirosbr/bigoilict/share/BigOil/document_generator/datasets/documents_2021_12_28/22bol2_20211228_164301_1578202649_600_800.png,22bol2_20211228_164301_1578202649_600_800_mask.png,quality  caused  an increase in the
87,5,175,10,260,334,435,344,260,334,435,334,435,344,260,344,sub_line_text,text,text_4,courier,regular,9,22bol2_20211228_164301_1578202649_600_800.png,/scratch/parceirosbr/bigoilict/share/BigOil/document_generator/datasets/documents_2021_12_28/22bol2_20211228_164301_1578202649_600_800.png,22bol2_20211228_164301_1578202649_600_800_mask.png,oil  production speed in the reser-
87,5,175,10,260,347,435,357,260,347,435,347,435,357,260,357,sub_line_text,text,text_4,courier,regular,9,22bol2_20211228_164301_1578202649_600_800.png,/scratch/parceirosbr/bigoilict/share/BigOil/document_generator/datasets/documents_2021_12_28/22bol2_20211228_164301_1578202649_600_800.png,22bol2_20211228_164301_1578202649_600_800_mask.png,voir  (this can be seen by decreas-
90,5,180,10,260,360,440,370,260,360,440,360,440,370,260,370,sub_line_text,text,text_4,courier,regular,9,22bol2_20211228_164301_1578202649_600_800.png,/scratch/parceirosbr/bigoilict/share/BigOil/document_generator/datasets/documents_2021_12_28/22bol2_20211228_164301_1578202649_600_800.png,22bol2_20211228_164301_1578202649_600_800_mask.png,ing  the oil saturation in the cent-
87,5,175,10,260,373,435,383,260,373,435,373,435,383,260,383,sub_line_text,text,text_4,courier,regular,9,22bol2_20211228_164301_1578202649_600_800.png,/scratch/parceirosbr/bigoilict/share/BigOil/document_generator/datasets/documents_2021_12_28/22bol2_20211228_164301_1578202649_600_800.png,22bol2_20211228_164301_1578202649_600_800_mask.png,er  of the reservoir happening fas-
85,5,170,10,260,386,430,396,260,386,430,386,430,396,260,396,sub_line_text,text,text_4,courier,regular,9,22bol2_20211228_164301_1578202649_600_800.png,/scratch/parceirosbr/bigoilict/share/BigOil/document_generator/datasets/documents_2021_12_28/22bol2_20211228_164301_1578202649_600_800.png,22bol2_20211228_164301_1578202649_600_800_mask.png,ter in the reservoir. 90% in year.
90,50,180,101,260,295,440,396,260,295,440,295,440,396,260,396,text,text,text_4,courier,regular,9,22bol2_20211228_164301_1578202649_600_800.png,/scratch/parceirosbr/bigoilict/share/BigOil/document_generator/datasets/documents_2021_12_28/22bol2_20211228_164301_1578202649_600_800.png,22bol2_20211228_164301_1578202649_600_800_mask.png,nan
