center_x,center_y,width,height,xmin,ymin,xmax,ymax,top_left_x,top_left_y,top_right_x,top_right_y,bottom_right_x,bottom_right_y,bottom_left_x,bottom_left_y,label,grouplabel,group,text_font,text_style,size_font,filename,path,filename_mask,content
300,400,600,800,0,0,600,800,0,0,600,0,600,800,0,800,document,,,,,,23bol3_20211228_164327_7492115014_600_800.png,/scratch/parceirosbr/bigoilict/share/BigOil/document_generator/datasets/documents_2021_12_28/23bol3_20211228_164327_7492115014_600_800.png,23bol3_20211228_164327_7492115014_600_800_mask.png,
21,5,42,11,49,71,91,82,49,71,91,71,91,82,49,82,sub_line_text,header,header_1,arial,regular,8,23bol3_20211228_164327_7492115014_600_800.png,/scratch/parceirosbr/bigoilict/share/BigOil/document_generator/datasets/documents_2021_12_28/23bol3_20211228_164327_7492115014_600_800.png,23bol3_20211228_164327_7492115014_600_800_mask.png,The seismic
21,5,42,11,49,71,91,82,49,71,91,71,91,82,49,82,text,header,header_1,arial,regular,8,23bol3_20211228_164327_7492115014_600_800.png,/scratch/parceirosbr/bigoilict/share/BigOil/document_generator/datasets/documents_2021_12_28/23bol3_20211228_164327_7492115014_600_800.png,23bol3_20211228_164327_7492115014_600_800_mask.png,nan
239,4,478,9,49,80,527,89,49,80,527,86,527,89,49,83,line,line,line,,,,23bol3_20211228_164327_7492115014_600_800.png,/scratch/parceirosbr/bigoilict/share/BigOil/document_generator/datasets/documents_2021_12_28/23bol3_20211228_164327_7492115014_600_800.png,23bol3_20211228_164327_7492115014_600_800_mask.png,nan
239,4,478,8,42,705,520,713,42,705,520,711,520,713,42,707,line,line,line,,,,23bol3_20211228_164327_7492115014_600_800.png,/scratch/parceirosbr/bigoilict/share/BigOil/document_generator/datasets/documents_2021_12_28/23bol3_20211228_164327_7492115014_600_800.png,23bol3_20211228_164327_7492115014_600_800_mask.png,nan
4,5,9,10,276,708,285,718,276,708,285,708,285,718,276,718,sub_line_text,numpag,footer_1,arial,regular,8,23bol3_20211228_164327_7492115014_600_800.png,/scratch/parceirosbr/bigoilict/share/BigOil/document_generator/datasets/documents_2021_12_28/23bol3_20211228_164327_7492115014_600_800.png,23bol3_20211228_164327_7492115014_600_800_mask.png,60
4,5,9,10,276,708,285,718,276,708,285,708,285,718,276,718,text,numpag,footer_1,arial,regular,8,23bol3_20211228_164327_7492115014_600_800.png,/scratch/parceirosbr/bigoilict/share/BigOil/document_generator/datasets/documents_2021_12_28/23bol3_20211228_164327_7492115014_600_800.png,23bol3_20211228_164327_7492115014_600_800_mask.png,nan
163,137,326,274,64,115,390,389,67,115,390,119,387,389,64,385,table,table_image,table_0,,,,23bol3_20211228_164327_7492115014_600_800.png,/scratch/parceirosbr/bigoilict/share/BigOil/document_generator/datasets/documents_2021_12_28/23bol3_20211228_164327_7492115014_600_800.png,23bol3_20211228_164327_7492115014_600_800_mask.png,output/gen_tab_20211228_164328_7259754680.png
7,5,15,10,97,122,112,132,97,122,112,122,112,132,97,132,text,table_text,table_0,raleway,regular,8.0,23bol3_20211228_164327_7492115014_600_800.png,/scratch/parceirosbr/bigoilict/share/BigOil/document_generator/datasets/documents_2021_12_28/23bol3_20211228_164327_7492115014_600_800.png,23bol3_20211228_164327_7492115014_600_800_mask.png,caso
7,5,15,10,97,122,112,132,97,122,112,122,112,132,97,132,sub_line_text,table_text,table_0,raleway,regular,8.0,23bol3_20211228_164327_7492115014_600_800.png,/scratch/parceirosbr/bigoilict/share/BigOil/document_generator/datasets/documents_2021_12_28/23bol3_20211228_164327_7492115014_600_800.png,23bol3_20211228_164327_7492115014_600_800_mask.png,caso
6,5,12,10,99,134,111,144,99,134,111,134,111,144,99,144,text,table_text,table_0,raleway,bold,8.0,23bol3_20211228_164327_7492115014_600_800.png,/scratch/parceirosbr/bigoilict/share/BigOil/document_generator/datasets/documents_2021_12_28/23bol3_20211228_164327_7492115014_600_800.png,23bol3_20211228_164327_7492115014_600_800_mask.png,dos
6,5,12,10,99,134,111,144,99,134,111,134,111,144,99,144,sub_line_text,table_text,table_0,raleway,bold,8.0,23bol3_20211228_164327_7492115014_600_800.png,/scratch/parceirosbr/bigoilict/share/BigOil/document_generator/datasets/documents_2021_12_28/23bol3_20211228_164327_7492115014_600_800.png,23bol3_20211228_164327_7492115014_600_800_mask.png,dos
11,5,23,11,93,144,116,155,93,144,116,145,116,155,93,154,text,table_text,table_0,raleway,bold,8.0,23bol3_20211228_164327_7492115014_600_800.png,/scratch/parceirosbr/bigoilict/share/BigOil/document_generator/datasets/documents_2021_12_28/23bol3_20211228_164327_7492115014_600_800.png,23bol3_20211228_164327_7492115014_600_800_mask.png,devido
11,5,23,11,93,144,116,155,93,144,116,145,116,155,93,154,sub_line_text,table_text,table_0,raleway,bold,8.0,23bol3_20211228_164327_7492115014_600_800.png,/scratch/parceirosbr/bigoilict/share/BigOil/document_generator/datasets/documents_2021_12_28/23bol3_20211228_164327_7492115014_600_800.png,23bol3_20211228_164327_7492115014_600_800_mask.png,devido
13,5,26,11,92,156,118,167,92,156,118,157,118,167,92,166,text,table_text,table_0,raleway,bold,8.0,23bol3_20211228_164327_7492115014_600_800.png,/scratch/parceirosbr/bigoilict/share/BigOil/document_generator/datasets/documents_2021_12_28/23bol3_20211228_164327_7492115014_600_800.png,23bol3_20211228_164327_7492115014_600_800_mask.png,sugeriu
13,5,26,11,92,156,118,167,92,156,118,157,118,167,92,166,sub_line_text,table_text,table_0,raleway,bold,8.0,23bol3_20211228_164327_7492115014_600_800.png,/scratch/parceirosbr/bigoilict/share/BigOil/document_generator/datasets/documents_2021_12_28/23bol3_20211228_164327_7492115014_600_800.png,23bol3_20211228_164327_7492115014_600_800_mask.png,sugeriu
3,5,7,10,101,169,108,179,101,169,108,169,108,179,101,179,text,table_text,table_0,raleway,bold,8.0,23bol3_20211228_164327_7492115014_600_800.png,/scratch/parceirosbr/bigoilict/share/BigOil/document_generator/datasets/documents_2021_12_28/23bol3_20211228_164327_7492115014_600_800.png,23bol3_20211228_164327_7492115014_600_800_mask.png,ar
3,5,7,10,101,169,108,179,101,169,108,169,108,179,101,179,sub_line_text,table_text,table_0,raleway,bold,8.0,23bol3_20211228_164327_7492115014_600_800.png,/scratch/parceirosbr/bigoilict/share/BigOil/document_generator/datasets/documents_2021_12_28/23bol3_20211228_164327_7492115014_600_800.png,23bol3_20211228_164327_7492115014_600_800_mask.png,ar
12,5,24,11,92,180,116,191,93,180,116,181,115,191,92,190,text,table_text,table_0,raleway,bold,8.0,23bol3_20211228_164327_7492115014_600_800.png,/scratch/parceirosbr/bigoilict/share/BigOil/document_generator/datasets/documents_2021_12_28/23bol3_20211228_164327_7492115014_600_800.png,23bol3_20211228_164327_7492115014_600_800_mask.png,tratam
12,5,24,11,92,180,116,191,93,180,116,181,115,191,92,190,sub_line_text,table_text,table_0,raleway,bold,8.0,23bol3_20211228_164327_7492115014_600_800.png,/scratch/parceirosbr/bigoilict/share/BigOil/document_generator/datasets/documents_2021_12_28/23bol3_20211228_164327_7492115014_600_800.png,23bol3_20211228_164327_7492115014_600_800_mask.png,tratam
21,5,42,11,83,191,125,202,83,191,125,192,125,202,83,201,text,table_text,table_0,raleway,bold,8.0,23bol3_20211228_164327_7492115014_600_800.png,/scratch/parceirosbr/bigoilict/share/BigOil/document_generator/datasets/documents_2021_12_28/23bol3_20211228_164327_7492115014_600_800.png,23bol3_20211228_164327_7492115014_600_800_mask.png,quantitativa
21,5,42,11,83,191,125,202,83,191,125,192,125,202,83,201,sub_line_text,table_text,table_0,raleway,bold,8.0,23bol3_20211228_164327_7492115014_600_800.png,/scratch/parceirosbr/bigoilict/share/BigOil/document_generator/datasets/documents_2021_12_28/23bol3_20211228_164327_7492115014_600_800.png,23bol3_20211228_164327_7492115014_600_800_mask.png,quantitativa
14,5,28,11,89,203,117,214,89,203,117,204,117,214,89,213,text,table_text,table_0,raleway,bold,8.0,23bol3_20211228_164327_7492115014_600_800.png,/scratch/parceirosbr/bigoilict/share/BigOil/document_generator/datasets/documents_2021_12_28/23bol3_20211228_164327_7492115014_600_800.png,23bol3_20211228_164327_7492115014_600_800_mask.png,descrito
14,5,28,11,89,203,117,214,89,203,117,204,117,214,89,213,sub_line_text,table_text,table_0,raleway,bold,8.0,23bol3_20211228_164327_7492115014_600_800.png,/scratch/parceirosbr/bigoilict/share/BigOil/document_generator/datasets/documents_2021_12_28/23bol3_20211228_164327_7492115014_600_800.png,23bol3_20211228_164327_7492115014_600_800_mask.png,descrito
13,5,26,11,91,215,117,226,91,215,117,216,117,226,91,225,text,table_text,table_0,raleway,bold,8.0,23bol3_20211228_164327_7492115014_600_800.png,/scratch/parceirosbr/bigoilict/share/BigOil/document_generator/datasets/documents_2021_12_28/23bol3_20211228_164327_7492115014_600_800.png,23bol3_20211228_164327_7492115014_600_800_mask.png,sugeriu
13,5,26,11,91,215,117,226,91,215,117,216,117,226,91,225,sub_line_text,table_text,table_0,raleway,bold,8.0,23bol3_20211228_164327_7492115014_600_800.png,/scratch/parceirosbr/bigoilict/share/BigOil/document_generator/datasets/documents_2021_12_28/23bol3_20211228_164327_7492115014_600_800.png,23bol3_20211228_164327_7492115014_600_800_mask.png,sugeriu
15,5,31,11,88,227,119,238,88,227,119,228,119,238,88,237,text,table_text,table_0,raleway,bold,8.0,23bol3_20211228_164327_7492115014_600_800.png,/scratch/parceirosbr/bigoilict/share/BigOil/document_generator/datasets/documents_2021_12_28/23bol3_20211228_164327_7492115014_600_800.png,23bol3_20211228_164327_7492115014_600_800_mask.png,mercado
15,5,31,11,88,227,119,238,88,227,119,228,119,238,88,237,sub_line_text,table_text,table_0,raleway,bold,8.0,23bol3_20211228_164327_7492115014_600_800.png,/scratch/parceirosbr/bigoilict/share/BigOil/document_generator/datasets/documents_2021_12_28/23bol3_20211228_164327_7492115014_600_800.png,23bol3_20211228_164327_7492115014_600_800_mask.png,mercado
18,5,36,11,85,239,121,250,85,239,121,240,121,250,85,249,text,table_text,table_0,raleway,bold,8.0,23bol3_20211228_164327_7492115014_600_800.png,/scratch/parceirosbr/bigoilict/share/BigOil/document_generator/datasets/documents_2021_12_28/23bol3_20211228_164327_7492115014_600_800.png,23bol3_20211228_164327_7492115014_600_800_mask.png,comercial
18,5,36,11,85,239,121,250,85,239,121,240,121,250,85,249,sub_line_text,table_text,table_0,raleway,bold,8.0,23bol3_20211228_164327_7492115014_600_800.png,/scratch/parceirosbr/bigoilict/share/BigOil/document_generator/datasets/documents_2021_12_28/23bol3_20211228_164327_7492115014_600_800.png,23bol3_20211228_164327_7492115014_600_800_mask.png,comercial
6,5,13,10,97,251,110,261,97,251,110,251,110,261,97,261,text,table_text,table_0,raleway,bold,8.0,23bol3_20211228_164327_7492115014_600_800.png,/scratch/parceirosbr/bigoilict/share/BigOil/document_generator/datasets/documents_2021_12_28/23bol3_20211228_164327_7492115014_600_800.png,23bol3_20211228_164327_7492115014_600_800_mask.png,dito
6,5,13,10,97,251,110,261,97,251,110,251,110,261,97,261,sub_line_text,table_text,table_0,raleway,bold,8.0,23bol3_20211228_164327_7492115014_600_800.png,/scratch/parceirosbr/bigoilict/share/BigOil/document_generator/datasets/documents_2021_12_28/23bol3_20211228_164327_7492115014_600_800.png,23bol3_20211228_164327_7492115014_600_800_mask.png,dito
20,5,40,11,83,262,123,273,83,262,123,263,123,273,83,272,text,table_text,table_0,raleway,bold,8.0,23bol3_20211228_164327_7492115014_600_800.png,/scratch/parceirosbr/bigoilict/share/BigOil/document_generator/datasets/documents_2021_12_28/23bol3_20211228_164327_7492115014_600_800.png,23bol3_20211228_164327_7492115014_600_800_mask.png,comentado
20,5,40,11,83,262,123,273,83,262,123,263,123,273,83,272,sub_line_text,table_text,table_0,raleway,bold,8.0,23bol3_20211228_164327_7492115014_600_800.png,/scratch/parceirosbr/bigoilict/share/BigOil/document_generator/datasets/documents_2021_12_28/23bol3_20211228_164327_7492115014_600_800.png,23bol3_20211228_164327_7492115014_600_800_mask.png,comentado
25,5,50,11,77,274,127,285,77,274,127,275,127,285,77,284,text,table_text,table_0,raleway,bold,8.0,23bol3_20211228_164327_7492115014_600_800.png,/scratch/parceirosbr/bigoilict/share/BigOil/document_generator/datasets/documents_2021_12_28/23bol3_20211228_164327_7492115014_600_800.png,23bol3_20211228_164327_7492115014_600_800_mask.png,concentração
25,5,50,11,77,274,127,285,77,274,127,275,127,285,77,284,sub_line_text,table_text,table_0,raleway,bold,8.0,23bol3_20211228_164327_7492115014_600_800.png,/scratch/parceirosbr/bigoilict/share/BigOil/document_generator/datasets/documents_2021_12_28/23bol3_20211228_164327_7492115014_600_800.png,23bol3_20211228_164327_7492115014_600_800_mask.png,concentração
12,5,24,11,91,286,115,297,91,286,115,287,115,297,91,296,text,table_text,table_0,raleway,bold,8.0,23bol3_20211228_164327_7492115014_600_800.png,/scratch/parceirosbr/bigoilict/share/BigOil/document_generator/datasets/documents_2021_12_28/23bol3_20211228_164327_7492115014_600_800.png,23bol3_20211228_164327_7492115014_600_800_mask.png,preços
12,5,24,11,91,286,115,297,91,286,115,287,115,297,91,296,sub_line_text,table_text,table_0,raleway,bold,8.0,23bol3_20211228_164327_7492115014_600_800.png,/scratch/parceirosbr/bigoilict/share/BigOil/document_generator/datasets/documents_2021_12_28/23bol3_20211228_164327_7492115014_600_800.png,23bol3_20211228_164327_7492115014_600_800_mask.png,preços
9,5,19,11,93,297,112,308,93,297,112,298,112,308,93,307,text,table_text,table_0,raleway,bold,8.0,23bol3_20211228_164327_7492115014_600_800.png,/scratch/parceirosbr/bigoilict/share/BigOil/document_generator/datasets/documents_2021_12_28/23bol3_20211228_164327_7492115014_600_800.png,23bol3_20211228_164327_7492115014_600_800_mask.png,neste
9,5,19,11,93,297,112,308,93,297,112,298,112,308,93,307,sub_line_text,table_text,table_0,raleway,bold,8.0,23bol3_20211228_164327_7492115014_600_800.png,/scratch/parceirosbr/bigoilict/share/BigOil/document_generator/datasets/documents_2021_12_28/23bol3_20211228_164327_7492115014_600_800.png,23bol3_20211228_164327_7492115014_600_800_mask.png,neste
5,5,10,10,97,310,107,320,97,310,107,310,107,320,97,320,text,table_text,table_0,raleway,bold,8.0,23bol3_20211228_164327_7492115014_600_800.png,/scratch/parceirosbr/bigoilict/share/BigOil/document_generator/datasets/documents_2021_12_28/23bol3_20211228_164327_7492115014_600_800.png,23bol3_20211228_164327_7492115014_600_800_mask.png,um
5,5,10,10,97,310,107,320,97,310,107,310,107,320,97,320,sub_line_text,table_text,table_0,raleway,bold,8.0,23bol3_20211228_164327_7492115014_600_800.png,/scratch/parceirosbr/bigoilict/share/BigOil/document_generator/datasets/documents_2021_12_28/23bol3_20211228_164327_7492115014_600_800.png,23bol3_20211228_164327_7492115014_600_800_mask.png,um
19,5,38,11,84,321,122,332,84,321,122,322,122,332,84,331,text,table_text,table_0,raleway,bold,8.0,23bol3_20211228_164327_7492115014_600_800.png,/scratch/parceirosbr/bigoilict/share/BigOil/document_generator/datasets/documents_2021_12_28/23bol3_20211228_164327_7492115014_600_800.png,23bol3_20211228_164327_7492115014_600_800_mask.png,realização
19,5,38,11,84,321,122,332,84,321,122,322,122,332,84,331,sub_line_text,table_text,table_0,raleway,bold,8.0,23bol3_20211228_164327_7492115014_600_800.png,/scratch/parceirosbr/bigoilict/share/BigOil/document_generator/datasets/documents_2021_12_28/23bol3_20211228_164327_7492115014_600_800.png,23bol3_20211228_164327_7492115014_600_800_mask.png,realização
7,5,14,11,95,333,109,344,95,333,109,334,109,344,95,343,text,table_text,table_0,raleway,bold,8.0,23bol3_20211228_164327_7492115014_600_800.png,/scratch/parceirosbr/bigoilict/share/BigOil/document_generator/datasets/documents_2021_12_28/23bol3_20211228_164327_7492115014_600_800.png,23bol3_20211228_164327_7492115014_600_800_mask.png,vem
7,5,14,11,95,333,109,344,95,333,109,334,109,344,95,343,sub_line_text,table_text,table_0,raleway,bold,8.0,23bol3_20211228_164327_7492115014_600_800.png,/scratch/parceirosbr/bigoilict/share/BigOil/document_generator/datasets/documents_2021_12_28/23bol3_20211228_164327_7492115014_600_800.png,23bol3_20211228_164327_7492115014_600_800_mask.png,vem
4,5,9,10,99,346,108,356,99,346,108,346,108,356,99,356,text,table_text,table_0,raleway,bold,8.0,23bol3_20211228_164327_7492115014_600_800.png,/scratch/parceirosbr/bigoilict/share/BigOil/document_generator/datasets/documents_2021_12_28/23bol3_20211228_164327_7492115014_600_800.png,23bol3_20211228_164327_7492115014_600_800_mask.png,do
4,5,9,10,99,346,108,356,99,346,108,346,108,356,99,356,sub_line_text,table_text,table_0,raleway,bold,8.0,23bol3_20211228_164327_7492115014_600_800.png,/scratch/parceirosbr/bigoilict/share/BigOil/document_generator/datasets/documents_2021_12_28/23bol3_20211228_164327_7492115014_600_800.png,23bol3_20211228_164327_7492115014_600_800_mask.png,do
29,5,58,11,73,356,131,367,74,356,131,357,130,367,73,366,text,table_text,table_0,raleway,bold,8.0,23bol3_20211228_164327_7492115014_600_800.png,/scratch/parceirosbr/bigoilict/share/BigOil/document_generator/datasets/documents_2021_12_28/23bol3_20211228_164327_7492115014_600_800.png,23bol3_20211228_164327_7492115014_600_800_mask.png,irreversibilidade
29,5,58,11,73,356,131,367,74,356,131,357,130,367,73,366,sub_line_text,table_text,table_0,raleway,bold,8.0,23bol3_20211228_164327_7492115014_600_800.png,/scratch/parceirosbr/bigoilict/share/BigOil/document_generator/datasets/documents_2021_12_28/23bol3_20211228_164327_7492115014_600_800.png,23bol3_20211228_164327_7492115014_600_800_mask.png,irreversibilidade
7,5,14,10,214,370,228,380,214,370,228,370,228,380,214,380,text,table_text,table_0,raleway,regular,8.0,23bol3_20211228_164327_7492115014_600_800.png,/scratch/parceirosbr/bigoilict/share/BigOil/document_generator/datasets/documents_2021_12_28/23bol3_20211228_164327_7492115014_600_800.png,23bol3_20211228_164327_7492115014_600_800_mask.png,uma
7,5,14,10,214,370,228,380,214,370,228,370,228,380,214,380,sub_line_text,table_text,table_0,raleway,regular,8.0,23bol3_20211228_164327_7492115014_600_800.png,/scratch/parceirosbr/bigoilict/share/BigOil/document_generator/datasets/documents_2021_12_28/23bol3_20211228_164327_7492115014_600_800.png,23bol3_20211228_164327_7492115014_600_800_mask.png,uma
16,5,32,11,182,122,214,133,182,122,214,123,214,133,182,132,text,table_text,table_0,raleway,regular,8.0,23bol3_20211228_164327_7492115014_600_800.png,/scratch/parceirosbr/bigoilict/share/BigOil/document_generator/datasets/documents_2021_12_28/23bol3_20211228_164327_7492115014_600_800.png,23bol3_20211228_164327_7492115014_600_800_mask.png,principais
16,5,32,11,182,122,214,133,182,122,214,123,214,133,182,132,sub_line_text,table_text,table_0,raleway,regular,8.0,23bol3_20211228_164327_7492115014_600_800.png,/scratch/parceirosbr/bigoilict/share/BigOil/document_generator/datasets/documents_2021_12_28/23bol3_20211228_164327_7492115014_600_800.png,23bol3_20211228_164327_7492115014_600_800_mask.png,principais
19,5,38,11,177,134,215,145,177,134,215,135,215,145,177,144,text,table_text,table_0,raleway,bold,8.0,23bol3_20211228_164327_7492115014_600_800.png,/scratch/parceirosbr/bigoilict/share/BigOil/document_generator/datasets/documents_2021_12_28/23bol3_20211228_164327_7492115014_600_800.png,23bol3_20211228_164327_7492115014_600_800_mask.png,8667733.39
19,5,38,11,177,134,215,145,177,134,215,135,215,145,177,144,sub_line_text,table_text,table_0,raleway,bold,8.0,23bol3_20211228_164327_7492115014_600_800.png,/scratch/parceirosbr/bigoilict/share/BigOil/document_generator/datasets/documents_2021_12_28/23bol3_20211228_164327_7492115014_600_800.png,23bol3_20211228_164327_7492115014_600_800_mask.png,8667733.39
14,5,28,11,186,145,214,156,186,145,214,146,214,156,186,155,text,table_text,table_0,raleway,bold,8.0,23bol3_20211228_164327_7492115014_600_800.png,/scratch/parceirosbr/bigoilict/share/BigOil/document_generator/datasets/documents_2021_12_28/23bol3_20211228_164327_7492115014_600_800.png,23bol3_20211228_164327_7492115014_600_800_mask.png,85171.18
14,5,28,11,186,145,214,156,186,145,214,146,214,156,186,155,sub_line_text,table_text,table_0,raleway,bold,8.0,23bol3_20211228_164327_7492115014_600_800.png,/scratch/parceirosbr/bigoilict/share/BigOil/document_generator/datasets/documents_2021_12_28/23bol3_20211228_164327_7492115014_600_800.png,23bol3_20211228_164327_7492115014_600_800_mask.png,85171.18
19,5,38,11,177,157,215,168,177,157,215,158,215,168,177,167,text,table_text,table_0,raleway,bold,8.0,23bol3_20211228_164327_7492115014_600_800.png,/scratch/parceirosbr/bigoilict/share/BigOil/document_generator/datasets/documents_2021_12_28/23bol3_20211228_164327_7492115014_600_800.png,23bol3_20211228_164327_7492115014_600_800_mask.png,7130766.76
19,5,38,11,177,157,215,168,177,157,215,158,215,168,177,167,sub_line_text,table_text,table_0,raleway,bold,8.0,23bol3_20211228_164327_7492115014_600_800.png,/scratch/parceirosbr/bigoilict/share/BigOil/document_generator/datasets/documents_2021_12_28/23bol3_20211228_164327_7492115014_600_800.png,23bol3_20211228_164327_7492115014_600_800_mask.png,7130766.76
20,5,41,11,173,169,214,180,173,169,214,170,214,180,173,179,text,table_text,table_0,raleway,bold,8.0,23bol3_20211228_164327_7492115014_600_800.png,/scratch/parceirosbr/bigoilict/share/BigOil/document_generator/datasets/documents_2021_12_28/23bol3_20211228_164327_7492115014_600_800.png,23bol3_20211228_164327_7492115014_600_800_mask.png,5940489.89
20,5,41,11,173,169,214,180,173,169,214,170,214,180,173,179,sub_line_text,table_text,table_0,raleway,bold,8.0,23bol3_20211228_164327_7492115014_600_800.png,/scratch/parceirosbr/bigoilict/share/BigOil/document_generator/datasets/documents_2021_12_28/23bol3_20211228_164327_7492115014_600_800.png,23bol3_20211228_164327_7492115014_600_800_mask.png,5940489.89
20,5,41,11,173,181,214,192,174,181,214,182,213,192,173,191,text,table_text,table_0,raleway,bold,8.0,23bol3_20211228_164327_7492115014_600_800.png,/scratch/parceirosbr/bigoilict/share/BigOil/document_generator/datasets/documents_2021_12_28/23bol3_20211228_164327_7492115014_600_800.png,23bol3_20211228_164327_7492115014_600_800_mask.png,5624803.97
20,5,41,11,173,181,214,192,174,181,214,182,213,192,173,191,sub_line_text,table_text,table_0,raleway,bold,8.0,23bol3_20211228_164327_7492115014_600_800.png,/scratch/parceirosbr/bigoilict/share/BigOil/document_generator/datasets/documents_2021_12_28/23bol3_20211228_164327_7492115014_600_800.png,23bol3_20211228_164327_7492115014_600_800_mask.png,5624803.97
19,5,38,11,176,192,214,203,176,192,214,193,214,203,176,202,text,table_text,table_0,raleway,bold,8.0,23bol3_20211228_164327_7492115014_600_800.png,/scratch/parceirosbr/bigoilict/share/BigOil/document_generator/datasets/documents_2021_12_28/23bol3_20211228_164327_7492115014_600_800.png,23bol3_20211228_164327_7492115014_600_800_mask.png,4055343.30
19,5,38,11,176,192,214,203,176,192,214,193,214,203,176,202,sub_line_text,table_text,table_0,raleway,bold,8.0,23bol3_20211228_164327_7492115014_600_800.png,/scratch/parceirosbr/bigoilict/share/BigOil/document_generator/datasets/documents_2021_12_28/23bol3_20211228_164327_7492115014_600_800.png,23bol3_20211228_164327_7492115014_600_800_mask.png,4055343.30
19,5,38,11,175,204,213,215,175,204,213,205,213,215,175,214,text,table_text,table_0,raleway,bold,8.0,23bol3_20211228_164327_7492115014_600_800.png,/scratch/parceirosbr/bigoilict/share/BigOil/document_generator/datasets/documents_2021_12_28/23bol3_20211228_164327_7492115014_600_800.png,23bol3_20211228_164327_7492115014_600_800_mask.png,1196439.39
19,5,38,11,175,204,213,215,175,204,213,205,213,215,175,214,sub_line_text,table_text,table_0,raleway,bold,8.0,23bol3_20211228_164327_7492115014_600_800.png,/scratch/parceirosbr/bigoilict/share/BigOil/document_generator/datasets/documents_2021_12_28/23bol3_20211228_164327_7492115014_600_800.png,23bol3_20211228_164327_7492115014_600_800_mask.png,1196439.39
15,5,31,11,182,216,213,227,182,216,213,217,213,227,182,226,text,table_text,table_0,raleway,bold,8.0,23bol3_20211228_164327_7492115014_600_800.png,/scratch/parceirosbr/bigoilict/share/BigOil/document_generator/datasets/documents_2021_12_28/23bol3_20211228_164327_7492115014_600_800.png,23bol3_20211228_164327_7492115014_600_800_mask.png,90129.70
15,5,31,11,182,216,213,227,182,216,213,217,213,227,182,226,sub_line_text,table_text,table_0,raleway,bold,8.0,23bol3_20211228_164327_7492115014_600_800.png,/scratch/parceirosbr/bigoilict/share/BigOil/document_generator/datasets/documents_2021_12_28/23bol3_20211228_164327_7492115014_600_800.png,23bol3_20211228_164327_7492115014_600_800_mask.png,90129.70
18,5,36,11,178,228,214,239,178,228,214,229,214,239,178,238,text,table_text,table_0,raleway,bold,8.0,23bol3_20211228_164327_7492115014_600_800.png,/scratch/parceirosbr/bigoilict/share/BigOil/document_generator/datasets/documents_2021_12_28/23bol3_20211228_164327_7492115014_600_800.png,23bol3_20211228_164327_7492115014_600_800_mask.png,800930.01
18,5,36,11,178,228,214,239,178,228,214,229,214,239,178,238,sub_line_text,table_text,table_0,raleway,bold,8.0,23bol3_20211228_164327_7492115014_600_800.png,/scratch/parceirosbr/bigoilict/share/BigOil/document_generator/datasets/documents_2021_12_28/23bol3_20211228_164327_7492115014_600_800.png,23bol3_20211228_164327_7492115014_600_800_mask.png,800930.01
19,5,38,11,176,240,214,251,176,240,214,241,214,251,176,250,text,table_text,table_0,raleway,bold,8.0,23bol3_20211228_164327_7492115014_600_800.png,/scratch/parceirosbr/bigoilict/share/BigOil/document_generator/datasets/documents_2021_12_28/23bol3_20211228_164327_7492115014_600_800.png,23bol3_20211228_164327_7492115014_600_800_mask.png,420926.86
19,5,38,11,176,240,214,251,176,240,214,241,214,251,176,250,sub_line_text,table_text,table_0,raleway,bold,8.0,23bol3_20211228_164327_7492115014_600_800.png,/scratch/parceirosbr/bigoilict/share/BigOil/document_generator/datasets/documents_2021_12_28/23bol3_20211228_164327_7492115014_600_800.png,23bol3_20211228_164327_7492115014_600_800_mask.png,420926.86
16,5,33,11,180,251,213,262,180,251,213,252,213,262,180,261,text,table_text,table_0,raleway,bold,8.0,23bol3_20211228_164327_7492115014_600_800.png,/scratch/parceirosbr/bigoilict/share/BigOil/document_generator/datasets/documents_2021_12_28/23bol3_20211228_164327_7492115014_600_800.png,23bol3_20211228_164327_7492115014_600_800_mask.png,583776.41
16,5,33,11,180,251,213,262,180,251,213,252,213,262,180,261,sub_line_text,table_text,table_0,raleway,bold,8.0,23bol3_20211228_164327_7492115014_600_800.png,/scratch/parceirosbr/bigoilict/share/BigOil/document_generator/datasets/documents_2021_12_28/23bol3_20211228_164327_7492115014_600_800.png,23bol3_20211228_164327_7492115014_600_800_mask.png,583776.41
18,5,37,11,177,263,214,274,177,263,214,264,214,274,177,273,text,table_text,table_0,raleway,bold,8.0,23bol3_20211228_164327_7492115014_600_800.png,/scratch/parceirosbr/bigoilict/share/BigOil/document_generator/datasets/documents_2021_12_28/23bol3_20211228_164327_7492115014_600_800.png,23bol3_20211228_164327_7492115014_600_800_mask.png,841244.88
18,5,37,11,177,263,214,274,177,263,214,264,214,274,177,273,sub_line_text,table_text,table_0,raleway,bold,8.0,23bol3_20211228_164327_7492115014_600_800.png,/scratch/parceirosbr/bigoilict/share/BigOil/document_generator/datasets/documents_2021_12_28/23bol3_20211228_164327_7492115014_600_800.png,23bol3_20211228_164327_7492115014_600_800_mask.png,841244.88
15,5,31,11,181,275,212,286,181,275,212,276,212,286,181,285,text,table_text,table_0,raleway,bold,8.0,23bol3_20211228_164327_7492115014_600_800.png,/scratch/parceirosbr/bigoilict/share/BigOil/document_generator/datasets/documents_2021_12_28/23bol3_20211228_164327_7492115014_600_800.png,23bol3_20211228_164327_7492115014_600_800_mask.png,69347.25
15,5,31,11,181,275,212,286,181,275,212,276,212,286,181,285,sub_line_text,table_text,table_0,raleway,bold,8.0,23bol3_20211228_164327_7492115014_600_800.png,/scratch/parceirosbr/bigoilict/share/BigOil/document_generator/datasets/documents_2021_12_28/23bol3_20211228_164327_7492115014_600_800.png,23bol3_20211228_164327_7492115014_600_800_mask.png,69347.25
20,5,40,11,172,287,212,298,172,287,212,288,212,298,172,297,text,table_text,table_0,raleway,bold,8.0,23bol3_20211228_164327_7492115014_600_800.png,/scratch/parceirosbr/bigoilict/share/BigOil/document_generator/datasets/documents_2021_12_28/23bol3_20211228_164327_7492115014_600_800.png,23bol3_20211228_164327_7492115014_600_800_mask.png,8656462.78
20,5,40,11,172,287,212,298,172,287,212,288,212,298,172,297,sub_line_text,table_text,table_0,raleway,bold,8.0,23bol3_20211228_164327_7492115014_600_800.png,/scratch/parceirosbr/bigoilict/share/BigOil/document_generator/datasets/documents_2021_12_28/23bol3_20211228_164327_7492115014_600_800.png,23bol3_20211228_164327_7492115014_600_800_mask.png,8656462.78
16,5,33,11,179,298,212,309,179,298,212,299,212,309,179,308,text,table_text,table_0,raleway,bold,8.0,23bol3_20211228_164327_7492115014_600_800.png,/scratch/parceirosbr/bigoilict/share/BigOil/document_generator/datasets/documents_2021_12_28/23bol3_20211228_164327_7492115014_600_800.png,23bol3_20211228_164327_7492115014_600_800_mask.png,732185.74
16,5,33,11,179,298,212,309,179,298,212,299,212,309,179,308,sub_line_text,table_text,table_0,raleway,bold,8.0,23bol3_20211228_164327_7492115014_600_800.png,/scratch/parceirosbr/bigoilict/share/BigOil/document_generator/datasets/documents_2021_12_28/23bol3_20211228_164327_7492115014_600_800.png,23bol3_20211228_164327_7492115014_600_800_mask.png,732185.74
19,5,39,11,173,310,212,321,173,310,212,311,212,321,173,320,text,table_text,table_0,raleway,bold,8.0,23bol3_20211228_164327_7492115014_600_800.png,/scratch/parceirosbr/bigoilict/share/BigOil/document_generator/datasets/documents_2021_12_28/23bol3_20211228_164327_7492115014_600_800.png,23bol3_20211228_164327_7492115014_600_800_mask.png,2179198.62
19,5,39,11,173,310,212,321,173,310,212,311,212,321,173,320,sub_line_text,table_text,table_0,raleway,bold,8.0,23bol3_20211228_164327_7492115014_600_800.png,/scratch/parceirosbr/bigoilict/share/BigOil/document_generator/datasets/documents_2021_12_28/23bol3_20211228_164327_7492115014_600_800.png,23bol3_20211228_164327_7492115014_600_800_mask.png,2179198.62
18,5,37,11,176,322,213,333,176,322,213,323,213,333,176,332,text,table_text,table_0,raleway,bold,8.0,23bol3_20211228_164327_7492115014_600_800.png,/scratch/parceirosbr/bigoilict/share/BigOil/document_generator/datasets/documents_2021_12_28/23bol3_20211228_164327_7492115014_600_800.png,23bol3_20211228_164327_7492115014_600_800_mask.png,807094.85
18,5,37,11,176,322,213,333,176,322,213,323,213,333,176,332,sub_line_text,table_text,table_0,raleway,bold,8.0,23bol3_20211228_164327_7492115014_600_800.png,/scratch/parceirosbr/bigoilict/share/BigOil/document_generator/datasets/documents_2021_12_28/23bol3_20211228_164327_7492115014_600_800.png,23bol3_20211228_164327_7492115014_600_800_mask.png,807094.85
19,5,39,11,173,334,212,345,173,334,212,335,212,345,173,344,text,table_text,table_0,raleway,bold,8.0,23bol3_20211228_164327_7492115014_600_800.png,/scratch/parceirosbr/bigoilict/share/BigOil/document_generator/datasets/documents_2021_12_28/23bol3_20211228_164327_7492115014_600_800.png,23bol3_20211228_164327_7492115014_600_800_mask.png,5488556.86
19,5,39,11,173,334,212,345,173,334,212,335,212,345,173,344,sub_line_text,table_text,table_0,raleway,bold,8.0,23bol3_20211228_164327_7492115014_600_800.png,/scratch/parceirosbr/bigoilict/share/BigOil/document_generator/datasets/documents_2021_12_28/23bol3_20211228_164327_7492115014_600_800.png,23bol3_20211228_164327_7492115014_600_800_mask.png,5488556.86
19,5,39,11,173,346,212,357,173,346,212,347,212,357,173,356,text,table_text,table_0,raleway,bold,8.0,23bol3_20211228_164327_7492115014_600_800.png,/scratch/parceirosbr/bigoilict/share/BigOil/document_generator/datasets/documents_2021_12_28/23bol3_20211228_164327_7492115014_600_800.png,23bol3_20211228_164327_7492115014_600_800_mask.png,4967338.22
19,5,39,11,173,346,212,357,173,346,212,347,212,357,173,356,sub_line_text,table_text,table_0,raleway,bold,8.0,23bol3_20211228_164327_7492115014_600_800.png,/scratch/parceirosbr/bigoilict/share/BigOil/document_generator/datasets/documents_2021_12_28/23bol3_20211228_164327_7492115014_600_800.png,23bol3_20211228_164327_7492115014_600_800_mask.png,4967338.22
16,5,33,11,179,357,212,368,180,357,212,358,211,368,179,367,text,table_text,table_0,raleway,bold,8.0,23bol3_20211228_164327_7492115014_600_800.png,/scratch/parceirosbr/bigoilict/share/BigOil/document_generator/datasets/documents_2021_12_28/23bol3_20211228_164327_7492115014_600_800.png,23bol3_20211228_164327_7492115014_600_800_mask.png,18490.06
16,5,33,11,179,357,212,368,180,357,212,358,211,368,179,367,sub_line_text,table_text,table_0,raleway,bold,8.0,23bol3_20211228_164327_7492115014_600_800.png,/scratch/parceirosbr/bigoilict/share/BigOil/document_generator/datasets/documents_2021_12_28/23bol3_20211228_164327_7492115014_600_800.png,23bol3_20211228_164327_7492115014_600_800_mask.png,18490.06
28,5,56,10,325,124,381,134,325,124,381,124,381,134,325,134,text,table_text,table_0,raleway,regular,8.0,23bol3_20211228_164327_7492115014_600_800.png,/scratch/parceirosbr/bigoilict/share/BigOil/document_generator/datasets/documents_2021_12_28/23bol3_20211228_164327_7492115014_600_800.png,23bol3_20211228_164327_7492115014_600_800_mask.png,norte-americana
28,5,56,10,325,124,381,134,325,124,381,124,381,134,325,134,sub_line_text,table_text,table_0,raleway,regular,8.0,23bol3_20211228_164327_7492115014_600_800.png,/scratch/parceirosbr/bigoilict/share/BigOil/document_generator/datasets/documents_2021_12_28/23bol3_20211228_164327_7492115014_600_800.png,23bol3_20211228_164327_7492115014_600_800_mask.png,norte-americana
36,5,72,11,253,135,325,146,253,135,325,136,325,146,253,145,text,table_text,table_0,raleway,bold,8.0,23bol3_20211228_164327_7492115014_600_800.png,/scratch/parceirosbr/bigoilict/share/BigOil/document_generator/datasets/documents_2021_12_28/23bol3_20211228_164327_7492115014_600_800.png,23bol3_20211228_164327_7492115014_600_800_mask.png,9468561137849.6831
36,5,72,11,253,135,325,146,253,135,325,136,325,146,253,145,sub_line_text,table_text,table_0,raleway,bold,8.0,23bol3_20211228_164327_7492115014_600_800.png,/scratch/parceirosbr/bigoilict/share/BigOil/document_generator/datasets/documents_2021_12_28/23bol3_20211228_164327_7492115014_600_800.png,23bol3_20211228_164327_7492115014_600_800_mask.png,9468561137849.6831
36,5,72,11,253,146,325,157,253,146,325,147,325,157,253,156,text,table_text,table_0,raleway,bold,8.0,23bol3_20211228_164327_7492115014_600_800.png,/scratch/parceirosbr/bigoilict/share/BigOil/document_generator/datasets/documents_2021_12_28/23bol3_20211228_164327_7492115014_600_800.png,23bol3_20211228_164327_7492115014_600_800_mask.png,4072100707031.6239
36,5,72,11,253,146,325,157,253,146,325,147,325,157,253,156,sub_line_text,table_text,table_0,raleway,bold,8.0,23bol3_20211228_164327_7492115014_600_800.png,/scratch/parceirosbr/bigoilict/share/BigOil/document_generator/datasets/documents_2021_12_28/23bol3_20211228_164327_7492115014_600_800.png,23bol3_20211228_164327_7492115014_600_800_mask.png,4072100707031.6239
36,5,73,11,252,158,325,169,252,158,325,159,325,169,252,168,text,table_text,table_0,raleway,bold,8.0,23bol3_20211228_164327_7492115014_600_800.png,/scratch/parceirosbr/bigoilict/share/BigOil/document_generator/datasets/documents_2021_12_28/23bol3_20211228_164327_7492115014_600_800.png,23bol3_20211228_164327_7492115014_600_800_mask.png,6397070058560.2148
36,5,73,11,252,158,325,169,252,158,325,159,325,169,252,168,sub_line_text,table_text,table_0,raleway,bold,8.0,23bol3_20211228_164327_7492115014_600_800.png,/scratch/parceirosbr/bigoilict/share/BigOil/document_generator/datasets/documents_2021_12_28/23bol3_20211228_164327_7492115014_600_800.png,23bol3_20211228_164327_7492115014_600_800_mask.png,6397070058560.2148
35,5,71,11,254,170,325,181,254,170,325,171,325,181,254,180,text,table_text,table_0,raleway,bold,8.0,23bol3_20211228_164327_7492115014_600_800.png,/scratch/parceirosbr/bigoilict/share/BigOil/document_generator/datasets/documents_2021_12_28/23bol3_20211228_164327_7492115014_600_800.png,23bol3_20211228_164327_7492115014_600_800_mask.png,6707208321193.3613
35,5,71,11,254,170,325,181,254,170,325,171,325,181,254,180,sub_line_text,table_text,table_0,raleway,bold,8.0,23bol3_20211228_164327_7492115014_600_800.png,/scratch/parceirosbr/bigoilict/share/BigOil/document_generator/datasets/documents_2021_12_28/23bol3_20211228_164327_7492115014_600_800.png,23bol3_20211228_164327_7492115014_600_800_mask.png,6707208321193.3613
36,5,73,11,252,182,325,193,253,182,325,183,324,193,252,192,text,table_text,table_0,raleway,bold,8.0,23bol3_20211228_164327_7492115014_600_800.png,/scratch/parceirosbr/bigoilict/share/BigOil/document_generator/datasets/documents_2021_12_28/23bol3_20211228_164327_7492115014_600_800.png,23bol3_20211228_164327_7492115014_600_800_mask.png,9405504398343.3169
36,5,73,11,252,182,325,193,253,182,325,183,324,193,252,192,sub_line_text,table_text,table_0,raleway,bold,8.0,23bol3_20211228_164327_7492115014_600_800.png,/scratch/parceirosbr/bigoilict/share/BigOil/document_generator/datasets/documents_2021_12_28/23bol3_20211228_164327_7492115014_600_800.png,23bol3_20211228_164327_7492115014_600_800_mask.png,9405504398343.3169
36,5,73,11,251,193,324,204,251,193,324,194,324,204,251,203,text,table_text,table_0,raleway,bold,8.0,23bol3_20211228_164327_7492115014_600_800.png,/scratch/parceirosbr/bigoilict/share/BigOil/document_generator/datasets/documents_2021_12_28/23bol3_20211228_164327_7492115014_600_800.png,23bol3_20211228_164327_7492115014_600_800_mask.png,3199582048033.2835
36,5,73,11,251,193,324,204,251,193,324,194,324,204,251,203,sub_line_text,table_text,table_0,raleway,bold,8.0,23bol3_20211228_164327_7492115014_600_800.png,/scratch/parceirosbr/bigoilict/share/BigOil/document_generator/datasets/documents_2021_12_28/23bol3_20211228_164327_7492115014_600_800.png,23bol3_20211228_164327_7492115014_600_800_mask.png,3199582048033.2835
35,5,71,11,253,205,324,216,253,205,324,206,324,216,253,215,text,table_text,table_0,raleway,bold,8.0,23bol3_20211228_164327_7492115014_600_800.png,/scratch/parceirosbr/bigoilict/share/BigOil/document_generator/datasets/documents_2021_12_28/23bol3_20211228_164327_7492115014_600_800.png,23bol3_20211228_164327_7492115014_600_800_mask.png,7688060190153.3175
35,5,71,11,253,205,324,216,253,205,324,206,324,216,253,215,sub_line_text,table_text,table_0,raleway,bold,8.0,23bol3_20211228_164327_7492115014_600_800.png,/scratch/parceirosbr/bigoilict/share/BigOil/document_generator/datasets/documents_2021_12_28/23bol3_20211228_164327_7492115014_600_800.png,23bol3_20211228_164327_7492115014_600_800_mask.png,7688060190153.3175
37,5,74,11,250,217,324,228,250,217,324,218,324,228,250,227,text,table_text,table_0,raleway,bold,8.0,23bol3_20211228_164327_7492115014_600_800.png,/scratch/parceirosbr/bigoilict/share/BigOil/document_generator/datasets/documents_2021_12_28/23bol3_20211228_164327_7492115014_600_800.png,23bol3_20211228_164327_7492115014_600_800_mask.png,5213940089447.5806
37,5,74,11,250,217,324,228,250,217,324,218,324,228,250,227,sub_line_text,table_text,table_0,raleway,bold,8.0,23bol3_20211228_164327_7492115014_600_800.png,/scratch/parceirosbr/bigoilict/share/BigOil/document_generator/datasets/documents_2021_12_28/23bol3_20211228_164327_7492115014_600_800.png,23bol3_20211228_164327_7492115014_600_800_mask.png,5213940089447.5806
36,5,72,11,252,229,324,240,252,229,324,230,324,240,252,239,text,table_text,table_0,raleway,bold,8.0,23bol3_20211228_164327_7492115014_600_800.png,/scratch/parceirosbr/bigoilict/share/BigOil/document_generator/datasets/documents_2021_12_28/23bol3_20211228_164327_7492115014_600_800.png,23bol3_20211228_164327_7492115014_600_800_mask.png,7017277073424.2996
36,5,72,11,252,229,324,240,252,229,324,230,324,240,252,239,sub_line_text,table_text,table_0,raleway,bold,8.0,23bol3_20211228_164327_7492115014_600_800.png,/scratch/parceirosbr/bigoilict/share/BigOil/document_generator/datasets/documents_2021_12_28/23bol3_20211228_164327_7492115014_600_800.png,23bol3_20211228_164327_7492115014_600_800_mask.png,7017277073424.2996
35,5,70,11,254,241,324,252,254,241,324,242,324,252,254,251,text,table_text,table_0,raleway,bold,8.0,23bol3_20211228_164327_7492115014_600_800.png,/scratch/parceirosbr/bigoilict/share/BigOil/document_generator/datasets/documents_2021_12_28/23bol3_20211228_164327_7492115014_600_800.png,23bol3_20211228_164327_7492115014_600_800_mask.png,5550738687500.6451
35,5,70,11,254,241,324,252,254,241,324,242,324,252,254,251,sub_line_text,table_text,table_0,raleway,bold,8.0,23bol3_20211228_164327_7492115014_600_800.png,/scratch/parceirosbr/bigoilict/share/BigOil/document_generator/datasets/documents_2021_12_28/23bol3_20211228_164327_7492115014_600_800.png,23bol3_20211228_164327_7492115014_600_800_mask.png,5550738687500.6451
36,5,73,11,251,252,324,263,251,252,324,253,324,263,251,262,text,table_text,table_0,raleway,bold,8.0,23bol3_20211228_164327_7492115014_600_800.png,/scratch/parceirosbr/bigoilict/share/BigOil/document_generator/datasets/documents_2021_12_28/23bol3_20211228_164327_7492115014_600_800.png,23bol3_20211228_164327_7492115014_600_800_mask.png,6534898672337.8480
36,5,73,11,251,252,324,263,251,252,324,253,324,263,251,262,sub_line_text,table_text,table_0,raleway,bold,8.0,23bol3_20211228_164327_7492115014_600_800.png,/scratch/parceirosbr/bigoilict/share/BigOil/document_generator/datasets/documents_2021_12_28/23bol3_20211228_164327_7492115014_600_800.png,23bol3_20211228_164327_7492115014_600_800_mask.png,6534898672337.8480
36,5,72,11,252,264,324,275,252,264,324,265,324,275,252,274,text,table_text,table_0,raleway,bold,8.0,23bol3_20211228_164327_7492115014_600_800.png,/scratch/parceirosbr/bigoilict/share/BigOil/document_generator/datasets/documents_2021_12_28/23bol3_20211228_164327_7492115014_600_800.png,23bol3_20211228_164327_7492115014_600_800_mask.png,5472702370444.1392
36,5,72,11,252,264,324,275,252,264,324,265,324,275,252,274,sub_line_text,table_text,table_0,raleway,bold,8.0,23bol3_20211228_164327_7492115014_600_800.png,/scratch/parceirosbr/bigoilict/share/BigOil/document_generator/datasets/documents_2021_12_28/23bol3_20211228_164327_7492115014_600_800.png,23bol3_20211228_164327_7492115014_600_800_mask.png,5472702370444.1392
37,5,74,11,249,276,323,287,249,276,323,277,323,287,249,286,text,table_text,table_0,raleway,bold,8.0,23bol3_20211228_164327_7492115014_600_800.png,/scratch/parceirosbr/bigoilict/share/BigOil/document_generator/datasets/documents_2021_12_28/23bol3_20211228_164327_7492115014_600_800.png,23bol3_20211228_164327_7492115014_600_800_mask.png,4218287407439.3888
37,5,74,11,249,276,323,287,249,276,323,277,323,287,249,286,sub_line_text,table_text,table_0,raleway,bold,8.0,23bol3_20211228_164327_7492115014_600_800.png,/scratch/parceirosbr/bigoilict/share/BigOil/document_generator/datasets/documents_2021_12_28/23bol3_20211228_164327_7492115014_600_800.png,23bol3_20211228_164327_7492115014_600_800_mask.png,4218287407439.3888
37,5,75,11,248,288,323,299,248,288,323,289,323,299,248,298,text,table_text,table_0,raleway,bold,8.0,23bol3_20211228_164327_7492115014_600_800.png,/scratch/parceirosbr/bigoilict/share/BigOil/document_generator/datasets/documents_2021_12_28/23bol3_20211228_164327_7492115014_600_800.png,23bol3_20211228_164327_7492115014_600_800_mask.png,3949265647234.2990
37,5,75,11,248,288,323,299,248,288,323,289,323,299,248,298,sub_line_text,table_text,table_0,raleway,bold,8.0,23bol3_20211228_164327_7492115014_600_800.png,/scratch/parceirosbr/bigoilict/share/BigOil/document_generator/datasets/documents_2021_12_28/23bol3_20211228_164327_7492115014_600_800.png,23bol3_20211228_164327_7492115014_600_800_mask.png,3949265647234.2990
37,5,75,11,248,299,323,310,248,299,323,300,323,310,248,309,text,table_text,table_0,raleway,bold,8.0,23bol3_20211228_164327_7492115014_600_800.png,/scratch/parceirosbr/bigoilict/share/BigOil/document_generator/datasets/documents_2021_12_28/23bol3_20211228_164327_7492115014_600_800.png,23bol3_20211228_164327_7492115014_600_800_mask.png,4488809176043.5848
37,5,75,11,248,299,323,310,248,299,323,300,323,310,248,309,sub_line_text,table_text,table_0,raleway,bold,8.0,23bol3_20211228_164327_7492115014_600_800.png,/scratch/parceirosbr/bigoilict/share/BigOil/document_generator/datasets/documents_2021_12_28/23bol3_20211228_164327_7492115014_600_800.png,23bol3_20211228_164327_7492115014_600_800_mask.png,4488809176043.5848
36,5,72,11,251,311,323,322,251,311,323,312,323,322,251,321,text,table_text,table_0,raleway,bold,8.0,23bol3_20211228_164327_7492115014_600_800.png,/scratch/parceirosbr/bigoilict/share/BigOil/document_generator/datasets/documents_2021_12_28/23bol3_20211228_164327_7492115014_600_800.png,23bol3_20211228_164327_7492115014_600_800_mask.png,3197742078888.1726
36,5,72,11,251,311,323,322,251,311,323,312,323,322,251,321,sub_line_text,table_text,table_0,raleway,bold,8.0,23bol3_20211228_164327_7492115014_600_800.png,/scratch/parceirosbr/bigoilict/share/BigOil/document_generator/datasets/documents_2021_12_28/23bol3_20211228_164327_7492115014_600_800.png,23bol3_20211228_164327_7492115014_600_800_mask.png,3197742078888.1726
34,5,68,11,254,323,322,334,254,323,322,324,322,334,254,333,text,table_text,table_0,raleway,bold,8.0,23bol3_20211228_164327_7492115014_600_800.png,/scratch/parceirosbr/bigoilict/share/BigOil/document_generator/datasets/documents_2021_12_28/23bol3_20211228_164327_7492115014_600_800.png,23bol3_20211228_164327_7492115014_600_800_mask.png,1737851892141.3931
34,5,68,11,254,323,322,334,254,323,322,324,322,334,254,333,sub_line_text,table_text,table_0,raleway,bold,8.0,23bol3_20211228_164327_7492115014_600_800.png,/scratch/parceirosbr/bigoilict/share/BigOil/document_generator/datasets/documents_2021_12_28/23bol3_20211228_164327_7492115014_600_800.png,23bol3_20211228_164327_7492115014_600_800_mask.png,1737851892141.3931
36,5,72,11,251,335,323,346,251,335,323,336,323,346,251,345,text,table_text,table_0,raleway,bold,8.0,23bol3_20211228_164327_7492115014_600_800.png,/scratch/parceirosbr/bigoilict/share/BigOil/document_generator/datasets/documents_2021_12_28/23bol3_20211228_164327_7492115014_600_800.png,23bol3_20211228_164327_7492115014_600_800_mask.png,5697524444526.7710
36,5,72,11,251,335,323,346,251,335,323,336,323,346,251,345,sub_line_text,table_text,table_0,raleway,bold,8.0,23bol3_20211228_164327_7492115014_600_800.png,/scratch/parceirosbr/bigoilict/share/BigOil/document_generator/datasets/documents_2021_12_28/23bol3_20211228_164327_7492115014_600_800.png,23bol3_20211228_164327_7492115014_600_800_mask.png,5697524444526.7710
35,5,70,11,253,347,323,358,253,347,323,348,323,358,253,357,text,table_text,table_0,raleway,bold,8.0,23bol3_20211228_164327_7492115014_600_800.png,/scratch/parceirosbr/bigoilict/share/BigOil/document_generator/datasets/documents_2021_12_28/23bol3_20211228_164327_7492115014_600_800.png,23bol3_20211228_164327_7492115014_600_800_mask.png,3523351394848.0353
35,5,70,11,253,347,323,358,253,347,323,348,323,358,253,357,sub_line_text,table_text,table_0,raleway,bold,8.0,23bol3_20211228_164327_7492115014_600_800.png,/scratch/parceirosbr/bigoilict/share/BigOil/document_generator/datasets/documents_2021_12_28/23bol3_20211228_164327_7492115014_600_800.png,23bol3_20211228_164327_7492115014_600_800_mask.png,3523351394848.0353
36,5,72,11,251,358,323,369,252,358,323,359,322,369,251,368,text,table_text,table_0,raleway,bold,8.0,23bol3_20211228_164327_7492115014_600_800.png,/scratch/parceirosbr/bigoilict/share/BigOil/document_generator/datasets/documents_2021_12_28/23bol3_20211228_164327_7492115014_600_800.png,23bol3_20211228_164327_7492115014_600_800_mask.png,2856573635932.1240
36,5,72,11,251,358,323,369,252,358,323,359,322,369,251,368,sub_line_text,table_text,table_0,raleway,bold,8.0,23bol3_20211228_164327_7492115014_600_800.png,/scratch/parceirosbr/bigoilict/share/BigOil/document_generator/datasets/documents_2021_12_28/23bol3_20211228_164327_7492115014_600_800.png,23bol3_20211228_164327_7492115014_600_800_mask.png,2856573635932.1240
17,5,34,11,347,136,381,147,347,136,381,137,381,147,347,146,text,table_text,table_0,raleway,bold,8.0,23bol3_20211228_164327_7492115014_600_800.png,/scratch/parceirosbr/bigoilict/share/BigOil/document_generator/datasets/documents_2021_12_28/23bol3_20211228_164327_7492115014_600_800.png,23bol3_20211228_164327_7492115014_600_800_mask.png,662535.17
17,5,34,11,347,136,381,147,347,136,381,137,381,147,347,146,sub_line_text,table_text,table_0,raleway,bold,8.0,23bol3_20211228_164327_7492115014_600_800.png,/scratch/parceirosbr/bigoilict/share/BigOil/document_generator/datasets/documents_2021_12_28/23bol3_20211228_164327_7492115014_600_800.png,23bol3_20211228_164327_7492115014_600_800_mask.png,662535.17
17,5,35,11,346,147,381,158,346,147,381,148,381,158,346,157,text,table_text,table_0,raleway,bold,8.0,23bol3_20211228_164327_7492115014_600_800.png,/scratch/parceirosbr/bigoilict/share/BigOil/document_generator/datasets/documents_2021_12_28/23bol3_20211228_164327_7492115014_600_800.png,23bol3_20211228_164327_7492115014_600_800_mask.png,301870.27
17,5,35,11,346,147,381,158,346,147,381,148,381,158,346,157,sub_line_text,table_text,table_0,raleway,bold,8.0,23bol3_20211228_164327_7492115014_600_800.png,/scratch/parceirosbr/bigoilict/share/BigOil/document_generator/datasets/documents_2021_12_28/23bol3_20211228_164327_7492115014_600_800.png,23bol3_20211228_164327_7492115014_600_800_mask.png,301870.27
17,5,35,11,346,159,381,170,346,159,381,160,381,170,346,169,text,table_text,table_0,raleway,bold,8.0,23bol3_20211228_164327_7492115014_600_800.png,/scratch/parceirosbr/bigoilict/share/BigOil/document_generator/datasets/documents_2021_12_28/23bol3_20211228_164327_7492115014_600_800.png,23bol3_20211228_164327_7492115014_600_800_mask.png,611007.86
17,5,35,11,346,159,381,170,346,159,381,160,381,170,346,169,sub_line_text,table_text,table_0,raleway,bold,8.0,23bol3_20211228_164327_7492115014_600_800.png,/scratch/parceirosbr/bigoilict/share/BigOil/document_generator/datasets/documents_2021_12_28/23bol3_20211228_164327_7492115014_600_800.png,23bol3_20211228_164327_7492115014_600_800_mask.png,611007.86
17,5,35,11,346,171,381,182,346,171,381,172,381,182,346,181,text,table_text,table_0,raleway,bold,8.0,23bol3_20211228_164327_7492115014_600_800.png,/scratch/parceirosbr/bigoilict/share/BigOil/document_generator/datasets/documents_2021_12_28/23bol3_20211228_164327_7492115014_600_800.png,23bol3_20211228_164327_7492115014_600_800_mask.png,623323.63
17,5,35,11,346,171,381,182,346,171,381,172,381,182,346,181,sub_line_text,table_text,table_0,raleway,bold,8.0,23bol3_20211228_164327_7492115014_600_800.png,/scratch/parceirosbr/bigoilict/share/BigOil/document_generator/datasets/documents_2021_12_28/23bol3_20211228_164327_7492115014_600_800.png,23bol3_20211228_164327_7492115014_600_800_mask.png,623323.63
18,5,36,11,345,183,381,194,346,183,381,184,380,194,345,193,text,table_text,table_0,raleway,bold,8.0,23bol3_20211228_164327_7492115014_600_800.png,/scratch/parceirosbr/bigoilict/share/BigOil/document_generator/datasets/documents_2021_12_28/23bol3_20211228_164327_7492115014_600_800.png,23bol3_20211228_164327_7492115014_600_800_mask.png,694580.51
18,5,36,11,345,183,381,194,346,183,381,184,380,194,345,193,sub_line_text,table_text,table_0,raleway,bold,8.0,23bol3_20211228_164327_7492115014_600_800.png,/scratch/parceirosbr/bigoilict/share/BigOil/document_generator/datasets/documents_2021_12_28/23bol3_20211228_164327_7492115014_600_800.png,23bol3_20211228_164327_7492115014_600_800_mask.png,694580.51
19,5,38,11,342,194,380,205,342,194,380,195,380,205,342,204,text,table_text,table_0,raleway,bold,8.0,23bol3_20211228_164327_7492115014_600_800.png,/scratch/parceirosbr/bigoilict/share/BigOil/document_generator/datasets/documents_2021_12_28/23bol3_20211228_164327_7492115014_600_800.png,23bol3_20211228_164327_7492115014_600_800_mask.png,862084.20
19,5,38,11,342,194,380,205,342,194,380,195,380,205,342,204,sub_line_text,table_text,table_0,raleway,bold,8.0,23bol3_20211228_164327_7492115014_600_800.png,/scratch/parceirosbr/bigoilict/share/BigOil/document_generator/datasets/documents_2021_12_28/23bol3_20211228_164327_7492115014_600_800.png,23bol3_20211228_164327_7492115014_600_800_mask.png,862084.20
17,5,35,11,345,206,380,217,345,206,380,207,380,217,345,216,text,table_text,table_0,raleway,bold,8.0,23bol3_20211228_164327_7492115014_600_800.png,/scratch/parceirosbr/bigoilict/share/BigOil/document_generator/datasets/documents_2021_12_28/23bol3_20211228_164327_7492115014_600_800.png,23bol3_20211228_164327_7492115014_600_800_mask.png,582778.92
17,5,35,11,345,206,380,217,345,206,380,207,380,217,345,216,sub_line_text,table_text,table_0,raleway,bold,8.0,23bol3_20211228_164327_7492115014_600_800.png,/scratch/parceirosbr/bigoilict/share/BigOil/document_generator/datasets/documents_2021_12_28/23bol3_20211228_164327_7492115014_600_800.png,23bol3_20211228_164327_7492115014_600_800_mask.png,582778.92
18,5,36,11,344,218,380,229,344,218,380,219,380,229,344,228,text,table_text,table_0,raleway,bold,8.0,23bol3_20211228_164327_7492115014_600_800.png,/scratch/parceirosbr/bigoilict/share/BigOil/document_generator/datasets/documents_2021_12_28/23bol3_20211228_164327_7492115014_600_800.png,23bol3_20211228_164327_7492115014_600_800_mask.png,328544.28
18,5,36,11,344,218,380,229,344,218,380,219,380,229,344,228,sub_line_text,table_text,table_0,raleway,bold,8.0,23bol3_20211228_164327_7492115014_600_800.png,/scratch/parceirosbr/bigoilict/share/BigOil/document_generator/datasets/documents_2021_12_28/23bol3_20211228_164327_7492115014_600_800.png,23bol3_20211228_164327_7492115014_600_800_mask.png,328544.28
17,5,35,11,345,230,380,241,345,230,380,231,380,241,345,240,text,table_text,table_0,raleway,bold,8.0,23bol3_20211228_164327_7492115014_600_800.png,/scratch/parceirosbr/bigoilict/share/BigOil/document_generator/datasets/documents_2021_12_28/23bol3_20211228_164327_7492115014_600_800.png,23bol3_20211228_164327_7492115014_600_800_mask.png,140510.48
17,5,35,11,345,230,380,241,345,230,380,231,380,241,345,240,sub_line_text,table_text,table_0,raleway,bold,8.0,23bol3_20211228_164327_7492115014_600_800.png,/scratch/parceirosbr/bigoilict/share/BigOil/document_generator/datasets/documents_2021_12_28/23bol3_20211228_164327_7492115014_600_800.png,23bol3_20211228_164327_7492115014_600_800_mask.png,140510.48
17,5,34,11,346,242,380,253,346,242,380,243,380,253,346,252,text,table_text,table_0,raleway,bold,8.0,23bol3_20211228_164327_7492115014_600_800.png,/scratch/parceirosbr/bigoilict/share/BigOil/document_generator/datasets/documents_2021_12_28/23bol3_20211228_164327_7492115014_600_800.png,23bol3_20211228_164327_7492115014_600_800_mask.png,950340.31
17,5,34,11,346,242,380,253,346,242,380,243,380,253,346,252,sub_line_text,table_text,table_0,raleway,bold,8.0,23bol3_20211228_164327_7492115014_600_800.png,/scratch/parceirosbr/bigoilict/share/BigOil/document_generator/datasets/documents_2021_12_28/23bol3_20211228_164327_7492115014_600_800.png,23bol3_20211228_164327_7492115014_600_800_mask.png,950340.31
18,5,36,11,344,253,380,264,344,253,380,254,380,264,344,263,text,table_text,table_0,raleway,bold,8.0,23bol3_20211228_164327_7492115014_600_800.png,/scratch/parceirosbr/bigoilict/share/BigOil/document_generator/datasets/documents_2021_12_28/23bol3_20211228_164327_7492115014_600_800.png,23bol3_20211228_164327_7492115014_600_800_mask.png,671400.96
18,5,36,11,344,253,380,264,344,253,380,254,380,264,344,263,sub_line_text,table_text,table_0,raleway,bold,8.0,23bol3_20211228_164327_7492115014_600_800.png,/scratch/parceirosbr/bigoilict/share/BigOil/document_generator/datasets/documents_2021_12_28/23bol3_20211228_164327_7492115014_600_800.png,23bol3_20211228_164327_7492115014_600_800_mask.png,671400.96
17,5,35,11,345,265,380,276,345,265,380,266,380,276,345,275,text,table_text,table_0,raleway,bold,8.0,23bol3_20211228_164327_7492115014_600_800.png,/scratch/parceirosbr/bigoilict/share/BigOil/document_generator/datasets/documents_2021_12_28/23bol3_20211228_164327_7492115014_600_800.png,23bol3_20211228_164327_7492115014_600_800_mask.png,745214.48
17,5,35,11,345,265,380,276,345,265,380,266,380,276,345,275,sub_line_text,table_text,table_0,raleway,bold,8.0,23bol3_20211228_164327_7492115014_600_800.png,/scratch/parceirosbr/bigoilict/share/BigOil/document_generator/datasets/documents_2021_12_28/23bol3_20211228_164327_7492115014_600_800.png,23bol3_20211228_164327_7492115014_600_800_mask.png,745214.48
17,5,35,11,344,277,379,288,344,277,379,278,379,288,344,287,text,table_text,table_0,raleway,bold,8.0,23bol3_20211228_164327_7492115014_600_800.png,/scratch/parceirosbr/bigoilict/share/BigOil/document_generator/datasets/documents_2021_12_28/23bol3_20211228_164327_7492115014_600_800.png,23bol3_20211228_164327_7492115014_600_800_mask.png,896512.15
17,5,35,11,344,277,379,288,344,277,379,278,379,288,344,287,sub_line_text,table_text,table_0,raleway,bold,8.0,23bol3_20211228_164327_7492115014_600_800.png,/scratch/parceirosbr/bigoilict/share/BigOil/document_generator/datasets/documents_2021_12_28/23bol3_20211228_164327_7492115014_600_800.png,23bol3_20211228_164327_7492115014_600_800_mask.png,896512.15
17,5,35,11,344,289,379,300,344,289,379,290,379,300,344,299,text,table_text,table_0,raleway,bold,8.0,23bol3_20211228_164327_7492115014_600_800.png,/scratch/parceirosbr/bigoilict/share/BigOil/document_generator/datasets/documents_2021_12_28/23bol3_20211228_164327_7492115014_600_800.png,23bol3_20211228_164327_7492115014_600_800_mask.png,819625.39
17,5,35,11,344,289,379,300,344,289,379,290,379,300,344,299,sub_line_text,table_text,table_0,raleway,bold,8.0,23bol3_20211228_164327_7492115014_600_800.png,/scratch/parceirosbr/bigoilict/share/BigOil/document_generator/datasets/documents_2021_12_28/23bol3_20211228_164327_7492115014_600_800.png,23bol3_20211228_164327_7492115014_600_800_mask.png,819625.39
17,5,34,11,345,300,379,311,345,300,379,301,379,311,345,310,text,table_text,table_0,raleway,bold,8.0,23bol3_20211228_164327_7492115014_600_800.png,/scratch/parceirosbr/bigoilict/share/BigOil/document_generator/datasets/documents_2021_12_28/23bol3_20211228_164327_7492115014_600_800.png,23bol3_20211228_164327_7492115014_600_800_mask.png,175801.94
17,5,34,11,345,300,379,311,345,300,379,301,379,311,345,310,sub_line_text,table_text,table_0,raleway,bold,8.0,23bol3_20211228_164327_7492115014_600_800.png,/scratch/parceirosbr/bigoilict/share/BigOil/document_generator/datasets/documents_2021_12_28/23bol3_20211228_164327_7492115014_600_800.png,23bol3_20211228_164327_7492115014_600_800_mask.png,175801.94
17,5,35,11,344,312,379,323,344,312,379,313,379,323,344,322,text,table_text,table_0,raleway,bold,8.0,23bol3_20211228_164327_7492115014_600_800.png,/scratch/parceirosbr/bigoilict/share/BigOil/document_generator/datasets/documents_2021_12_28/23bol3_20211228_164327_7492115014_600_800.png,23bol3_20211228_164327_7492115014_600_800_mask.png,563300.68
17,5,35,11,344,312,379,323,344,312,379,313,379,323,344,322,sub_line_text,table_text,table_0,raleway,bold,8.0,23bol3_20211228_164327_7492115014_600_800.png,/scratch/parceirosbr/bigoilict/share/BigOil/document_generator/datasets/documents_2021_12_28/23bol3_20211228_164327_7492115014_600_800.png,23bol3_20211228_164327_7492115014_600_800_mask.png,563300.68
17,5,34,11,345,324,379,335,345,324,379,325,379,335,345,334,text,table_text,table_0,raleway,bold,8.0,23bol3_20211228_164327_7492115014_600_800.png,/scratch/parceirosbr/bigoilict/share/BigOil/document_generator/datasets/documents_2021_12_28/23bol3_20211228_164327_7492115014_600_800.png,23bol3_20211228_164327_7492115014_600_800_mask.png,505012.56
17,5,34,11,345,324,379,335,345,324,379,325,379,335,345,334,sub_line_text,table_text,table_0,raleway,bold,8.0,23bol3_20211228_164327_7492115014_600_800.png,/scratch/parceirosbr/bigoilict/share/BigOil/document_generator/datasets/documents_2021_12_28/23bol3_20211228_164327_7492115014_600_800.png,23bol3_20211228_164327_7492115014_600_800_mask.png,505012.56
18,5,36,11,343,336,379,347,343,336,379,337,379,347,343,346,text,table_text,table_0,raleway,bold,8.0,23bol3_20211228_164327_7492115014_600_800.png,/scratch/parceirosbr/bigoilict/share/BigOil/document_generator/datasets/documents_2021_12_28/23bol3_20211228_164327_7492115014_600_800.png,23bol3_20211228_164327_7492115014_600_800_mask.png,989865.76
18,5,36,11,343,336,379,347,343,336,379,337,379,347,343,346,sub_line_text,table_text,table_0,raleway,bold,8.0,23bol3_20211228_164327_7492115014_600_800.png,/scratch/parceirosbr/bigoilict/share/BigOil/document_generator/datasets/documents_2021_12_28/23bol3_20211228_164327_7492115014_600_800.png,23bol3_20211228_164327_7492115014_600_800_mask.png,989865.76
18,5,36,11,343,348,379,359,343,348,379,349,379,359,343,358,text,table_text,table_0,raleway,bold,8.0,23bol3_20211228_164327_7492115014_600_800.png,/scratch/parceirosbr/bigoilict/share/BigOil/document_generator/datasets/documents_2021_12_28/23bol3_20211228_164327_7492115014_600_800.png,23bol3_20211228_164327_7492115014_600_800_mask.png,225293.25
18,5,36,11,343,348,379,359,343,348,379,349,379,359,343,358,sub_line_text,table_text,table_0,raleway,bold,8.0,23bol3_20211228_164327_7492115014_600_800.png,/scratch/parceirosbr/bigoilict/share/BigOil/document_generator/datasets/documents_2021_12_28/23bol3_20211228_164327_7492115014_600_800.png,23bol3_20211228_164327_7492115014_600_800_mask.png,225293.25
19,5,38,11,341,359,379,370,342,359,379,360,378,370,341,369,text,table_text,table_0,raleway,bold,8.0,23bol3_20211228_164327_7492115014_600_800.png,/scratch/parceirosbr/bigoilict/share/BigOil/document_generator/datasets/documents_2021_12_28/23bol3_20211228_164327_7492115014_600_800.png,23bol3_20211228_164327_7492115014_600_800_mask.png,404164.48
19,5,38,11,341,359,379,370,342,359,379,360,378,370,341,369,sub_line_text,table_text,table_0,raleway,bold,8.0,23bol3_20211228_164327_7492115014_600_800.png,/scratch/parceirosbr/bigoilict/share/BigOil/document_generator/datasets/documents_2021_12_28/23bol3_20211228_164327_7492115014_600_800.png,23bol3_20211228_164327_7492115014_600_800_mask.png,404164.48
24,5,48,10,471,110,519,120,471,110,519,111,519,120,471,119,sub_line_text,table_legend,table_0,arial,regular,7,23bol3_20211228_164327_7492115014_600_800.png,/scratch/parceirosbr/bigoilict/share/BigOil/document_generator/datasets/documents_2021_12_28/23bol3_20211228_164327_7492115014_600_800.png,23bol3_20211228_164327_7492115014_600_800_mask.png,Tabela  27:   In
24,5,48,10,471,121,519,131,471,121,519,122,519,131,471,130,sub_line_text,table_legend,table_0,arial,regular,7,23bol3_20211228_164327_7492115014_600_800.png,/scratch/parceirosbr/bigoilict/share/BigOil/document_generator/datasets/documents_2021_12_28/23bol3_20211228_164327_7492115014_600_800.png,23bol3_20211228_164327_7492115014_600_800_mask.png,view  of  the  f-
23,5,47,10,471,132,518,142,471,132,518,133,518,142,471,141,sub_line_text,table_legend,table_0,arial,regular,7,23bol3_20211228_164327_7492115014_600_800.png,/scratch/parceirosbr/bigoilict/share/BigOil/document_generator/datasets/documents_2021_12_28/23bol3_20211228_164327_7492115014_600_800.png,23bol3_20211228_164327_7492115014_600_800_mask.png,act  that  the i-
24,5,48,10,471,143,519,153,471,143,519,144,519,153,471,152,sub_line_text,table_legend,table_0,arial,regular,7,23bol3_20211228_164327_7492115014_600_800.png,/scratch/parceirosbr/bigoilict/share/BigOil/document_generator/datasets/documents_2021_12_28/23bol3_20211228_164327_7492115014_600_800.png,23bol3_20211228_164327_7492115014_600_800_mask.png,ncrease  in tax
24,5,48,10,471,154,519,164,471,154,519,155,519,164,471,163,sub_line_text,table_legend,table_0,arial,regular,7,23bol3_20211228_164327_7492115014_600_800.png,/scratch/parceirosbr/bigoilict/share/BigOil/document_generator/datasets/documents_2021_12_28/23bol3_20211228_164327_7492115014_600_800.png,23bol3_20211228_164327_7492115014_600_800_mask.png,would  only ta-
19,4,38,9,471,166,509,175,471,166,509,166,509,175,471,175,sub_line_text,table_legend,table_0,arial,regular,7,23bol3_20211228_164327_7492115014_600_800.png,/scratch/parceirosbr/bigoilict/share/BigOil/document_generator/datasets/documents_2021_12_28/23bol3_20211228_164327_7492115014_600_800.png,23bol3_20211228_164327_7492115014_600_800_mask.png,ke effect as
24,32,49,65,471,110,520,175,472,110,520,111,519,175,471,174,text,table_legend,table_0,arial,regular,7,23bol3_20211228_164327_7492115014_600_800.png,/scratch/parceirosbr/bigoilict/share/BigOil/document_generator/datasets/documents_2021_12_28/23bol3_20211228_164327_7492115014_600_800.png,23bol3_20211228_164327_7492115014_600_800_mask.png,nan
24,5,48,10,470,202,518,212,470,202,518,203,518,212,470,211,sub_line_text,table_legend,table_0,arial,regular,7,23bol3_20211228_164327_7492115014_600_800.png,/scratch/parceirosbr/bigoilict/share/BigOil/document_generator/datasets/documents_2021_12_28/23bol3_20211228_164327_7492115014_600_800.png,23bol3_20211228_164327_7492115014_600_800_mask.png,Tabela        78:
23,5,47,10,470,213,517,223,470,213,517,214,517,223,470,222,sub_line_text,table_legend,table_0,arial,regular,7,23bol3_20211228_164327_7492115014_600_800.png,/scratch/parceirosbr/bigoilict/share/BigOil/document_generator/datasets/documents_2021_12_28/23bol3_20211228_164327_7492115014_600_800.png,23bol3_20211228_164327_7492115014_600_800_mask.png,Com o aumen-
23,5,47,10,470,224,517,234,470,224,517,225,517,234,470,233,sub_line_text,table_legend,table_0,arial,regular,7,23bol3_20211228_164327_7492115014_600_800.png,/scratch/parceirosbr/bigoilict/share/BigOil/document_generator/datasets/documents_2021_12_28/23bol3_20211228_164327_7492115014_600_800.png,23bol3_20211228_164327_7492115014_600_800_mask.png,to  da  deman-
23,5,47,10,470,235,517,245,470,235,517,236,517,245,470,244,sub_line_text,table_legend,table_0,arial,regular,7,23bol3_20211228_164327_7492115014_600_800.png,/scratch/parceirosbr/bigoilict/share/BigOil/document_generator/datasets/documents_2021_12_28/23bol3_20211228_164327_7492115014_600_800.png,23bol3_20211228_164327_7492115014_600_800_mask.png,da  por  petról-
23,5,47,10,470,246,517,256,470,246,517,247,517,256,470,255,sub_line_text,table_legend,table_0,arial,regular,7,23bol3_20211228_164327_7492115014_600_800.png,/scratch/parceirosbr/bigoilict/share/BigOil/document_generator/datasets/documents_2021_12_28/23bol3_20211228_164327_7492115014_600_800.png,23bol3_20211228_164327_7492115014_600_800_mask.png,"eo,   as  reser-"
23,5,47,10,470,257,517,267,470,257,517,258,517,267,470,266,sub_line_text,table_legend,table_0,arial,regular,7,23bol3_20211228_164327_7492115014_600_800.png,/scratch/parceirosbr/bigoilict/share/BigOil/document_generator/datasets/documents_2021_12_28/23bol3_20211228_164327_7492115014_600_800.png,23bol3_20211228_164327_7492115014_600_800_mask.png,vas  de óleo l-
24,5,49,10,469,268,518,278,470,268,518,269,517,278,469,277,sub_line_text,table_legend,table_0,arial,regular,7,23bol3_20211228_164327_7492115014_600_800.png,/scratch/parceirosbr/bigoilict/share/BigOil/document_generator/datasets/documents_2021_12_28/23bol3_20211228_164327_7492115014_600_800.png,23bol3_20211228_164327_7492115014_600_800_mask.png,eve  tendem  a
23,5,47,10,469,279,516,289,469,279,516,280,516,289,469,288,sub_line_text,table_legend,table_0,arial,regular,7,23bol3_20211228_164327_7492115014_600_800.png,/scratch/parceirosbr/bigoilict/share/BigOil/document_generator/datasets/documents_2021_12_28/23bol3_20211228_164327_7492115014_600_800.png,23bol3_20211228_164327_7492115014_600_800_mask.png,"diminuir,    tor-"
23,5,47,10,469,290,516,300,469,290,516,291,516,300,469,299,sub_line_text,table_legend,table_0,arial,regular,7,23bol3_20211228_164327_7492115014_600_800.png,/scratch/parceirosbr/bigoilict/share/BigOil/document_generator/datasets/documents_2021_12_28/23bol3_20211228_164327_7492115014_600_800.png,23bol3_20211228_164327_7492115014_600_800_mask.png,nando   impre-
21,4,42,9,469,302,511,311,469,302,511,302,511,311,469,311,sub_line_text,table_legend,table_0,arial,regular,7,23bol3_20211228_164327_7492115014_600_800.png,/scratch/parceirosbr/bigoilict/share/BigOil/document_generator/datasets/documents_2021_12_28/23bol3_20211228_164327_7492115014_600_800.png,23bol3_20211228_164327_7492115014_600_800_mask.png,scindível a e
24,54,49,109,470,202,519,311,471,202,519,203,518,311,470,310,text,table_legend,table_0,arial,regular,7,23bol3_20211228_164327_7492115014_600_800.png,/scratch/parceirosbr/bigoilict/share/BigOil/document_generator/datasets/documents_2021_12_28/23bol3_20211228_164327_7492115014_600_800.png,23bol3_20211228_164327_7492115014_600_800_mask.png,nan
98,6,196,13,75,410,271,423,75,410,271,412,271,423,75,421,sub_line_text,text,text_0,arial,regular,8,23bol3_20211228_164327_7492115014_600_800.png,/scratch/parceirosbr/bigoilict/share/BigOil/document_generator/datasets/documents_2021_12_28/23bol3_20211228_164327_7492115014_600_800.png,23bol3_20211228_164327_7492115014_600_800_mask.png,The   period   that  tends  to  show  a  more  intense  anti-c-
113,6,226,13,45,424,271,437,45,424,271,426,271,437,45,435,sub_line_text,text,text_0,arial,regular,8,23bol3_20211228_164327_7492115014_600_800.png,/scratch/parceirosbr/bigoilict/share/BigOil/document_generator/datasets/documents_2021_12_28/23bol3_20211228_164327_7492115014_600_800.png,23bol3_20211228_164327_7492115014_600_800_mask.png,yclonic   movement   in  the  region  close  to  is  the  summer.  The
113,6,227,13,45,438,272,451,45,438,272,440,272,451,45,449,sub_line_text,text,text_0,arial,regular,8,23bol3_20211228_164327_7492115014_600_800.png,/scratch/parceirosbr/bigoilict/share/BigOil/document_generator/datasets/documents_2021_12_28/23bol3_20211228_164327_7492115014_600_800.png,23bol3_20211228_164327_7492115014_600_800_mask.png,objective   of   this   work   is   to  develop  a  method  that  assists  t-
113,6,227,13,44,452,271,465,45,452,271,454,270,465,44,463,sub_line_text,text,text_0,arial,regular,8,23bol3_20211228_164327_7492115014_600_800.png,/scratch/parceirosbr/bigoilict/share/BigOil/document_generator/datasets/documents_2021_12_28/23bol3_20211228_164327_7492115014_600_800.png,23bol3_20211228_164327_7492115014_600_800_mask.png,he   interpreter  in  detecting  flaws  in  seismic  data  using  support
113,6,226,13,44,466,270,479,44,466,270,468,270,479,44,477,sub_line_text,text,text_0,arial,regular,8,23bol3_20211228_164327_7492115014_600_800.png,/scratch/parceirosbr/bigoilict/share/BigOil/document_generator/datasets/documents_2021_12_28/23bol3_20211228_164327_7492115014_600_800.png,23bol3_20211228_164327_7492115014_600_800_mask.png,vector   machines.   D5045   for   the   flat   state   of  deformation  u-
99,6,198,13,44,480,242,493,44,480,242,482,242,493,44,491,sub_line_text,text,text_0,arial,regular,8,23bol3_20211228_164327_7492115014_600_800.png,/scratch/parceirosbr/bigoilict/share/BigOil/document_generator/datasets/documents_2021_12_28/23bol3_20211228_164327_7492115014_600_800.png,23bol3_20211228_164327_7492115014_600_800_mask.png,nder conditions of linear elastic fracture) were machined fr.
114,41,228,83,44,410,272,493,45,410,272,412,271,493,44,491,text,text,text_0,arial,regular,8,23bol3_20211228_164327_7492115014_600_800.png,/scratch/parceirosbr/bigoilict/share/BigOil/document_generator/datasets/documents_2021_12_28/23bol3_20211228_164327_7492115014_600_800.png,23bol3_20211228_164327_7492115014_600_800_mask.png,nan
95,7,190,15,64,495,254,510,64,495,254,497,254,510,64,508,sub_line_text,subsubtitle,subsubtitle_0,arial,bolditalic,11,23bol3_20211228_164327_7492115014_600_800.png,/scratch/parceirosbr/bigoilict/share/BigOil/document_generator/datasets/documents_2021_12_28/23bol3_20211228_164327_7492115014_600_800.png,23bol3_20211228_164327_7492115014_600_800_mask.png,"Area oil refining natural processing,"
95,7,190,15,64,495,254,510,64,495,254,497,254,510,64,508,title,subsubtitle,subsubtitle_0,arial,bolditalic,11,23bol3_20211228_164327_7492115014_600_800.png,/scratch/parceirosbr/bigoilict/share/BigOil/document_generator/datasets/documents_2021_12_28/23bol3_20211228_164327_7492115014_600_800.png,23bol3_20211228_164327_7492115014_600_800_mask.png,nan
98,6,196,13,74,512,270,525,74,512,270,514,270,525,74,523,sub_line_text,text,text_1,arial,regular,8,23bol3_20211228_164327_7492115014_600_800.png,/scratch/parceirosbr/bigoilict/share/BigOil/document_generator/datasets/documents_2021_12_28/23bol3_20211228_164327_7492115014_600_800.png,23bol3_20211228_164327_7492115014_600_800_mask.png,Uma    possível    justificativa   para   o   fato   do   material
113,6,227,13,44,526,271,539,44,526,271,528,271,539,44,537,sub_line_text,text,text_1,arial,regular,8,23bol3_20211228_164327_7492115014_600_800.png,/scratch/parceirosbr/bigoilict/share/BigOil/document_generator/datasets/documents_2021_12_28/23bol3_20211228_164327_7492115014_600_800.png,23bol3_20211228_164327_7492115014_600_800_mask.png,oxidado   (/C-AN)   ter   apresentado   maior   eficiência   que   o   c-
113,6,227,13,43,540,270,553,44,540,270,542,269,553,43,551,sub_line_text,text,text_1,arial,regular,8,23bol3_20211228_164327_7492115014_600_800.png,/scratch/parceirosbr/bigoilict/share/BigOil/document_generator/datasets/documents_2021_12_28/23bol3_20211228_164327_7492115014_600_800.png,23bol3_20211228_164327_7492115014_600_800_mask.png,"om   ligante   suportado   (/C-TCBN),  é  que  a  funcionalização  do"
113,6,226,13,43,554,269,567,43,554,269,556,269,567,43,565,sub_line_text,text,text_1,arial,regular,8,23bol3_20211228_164327_7492115014_600_800.png,/scratch/parceirosbr/bigoilict/share/BigOil/document_generator/datasets/documents_2021_12_28/23bol3_20211228_164327_7492115014_600_800.png,23bol3_20211228_164327_7492115014_600_800_mask.png,ligante    deve   ter   acontecido   por   ocupação   dos   sítios   ativos
113,6,227,13,43,568,270,581,43,568,270,570,270,581,43,579,sub_line_text,text,text_1,arial,regular,8,23bol3_20211228_164327_7492115014_600_800.png,/scratch/parceirosbr/bigoilict/share/BigOil/document_generator/datasets/documents_2021_12_28/23bol3_20211228_164327_7492115014_600_800.png,23bol3_20211228_164327_7492115014_600_800_mask.png,do   suporte.   The   thermally   sterilized  chitosan  group  is  on  the
113,6,226,13,43,582,269,595,43,582,269,584,269,595,43,593,sub_line_text,text,text_1,arial,regular,8,23bol3_20211228_164327_7492115014_600_800.png,/scratch/parceirosbr/bigoilict/share/BigOil/document_generator/datasets/documents_2021_12_28/23bol3_20211228_164327_7492115014_600_800.png,23bol3_20211228_164327_7492115014_600_800_mask.png,left   side   of   the  graph  and  the  chitosan  without  sterilization  on
113,6,227,13,43,596,270,609,43,596,270,598,270,609,43,607,sub_line_text,text,text_1,arial,regular,8,23bol3_20211228_164327_7492115014_600_800.png,/scratch/parceirosbr/bigoilict/share/BigOil/document_generator/datasets/documents_2021_12_28/23bol3_20211228_164327_7492115014_600_800.png,23bol3_20211228_164327_7492115014_600_800_mask.png,"the   right   side.   If,   and  which  commonly  uses  tetraborohydrate"
113,6,227,13,43,610,270,623,43,610,270,612,270,623,43,621,sub_line_text,text,text_1,arial,regular,8,23bol3_20211228_164327_7492115014_600_800.png,/scratch/parceirosbr/bigoilict/share/BigOil/document_generator/datasets/documents_2021_12_28/23bol3_20211228_164327_7492115014_600_800.png,23bol3_20211228_164327_7492115014_600_800_mask.png,"for   reaction,  which  is  quick,  however,  some  studies  indicate  t-"
113,6,227,13,43,624,270,637,43,624,270,626,269,637,43,635,sub_line_text,text,text_1,arial,regular,8,23bol3_20211228_164327_7492115014_600_800.png,/scratch/parceirosbr/bigoilict/share/BigOil/document_generator/datasets/documents_2021_12_28/23bol3_20211228_164327_7492115014_600_800.png,23bol3_20211228_164327_7492115014_600_800_mask.png,"hat   it   would   bring   inevitable   problems,  for  example,  relative-"
101,6,202,13,42,638,244,651,42,638,244,640,244,651,42,649,sub_line_text,text,text_1,arial,regular,8,23bol3_20211228_164327_7492115014_600_800.png,/scratch/parceirosbr/bigoilict/share/BigOil/document_generator/datasets/documents_2021_12_28/23bol3_20211228_164327_7492115014_600_800.png,23bol3_20211228_164327_7492115014_600_800_mask.png,"ly expensive and unstable reagents, interference from transi."
114,69,229,139,43,512,272,651,45,512,272,514,270,651,43,649,text,text,text_1,arial,regular,8,23bol3_20211228_164327_7492115014_600_800.png,/scratch/parceirosbr/bigoilict/share/BigOil/document_generator/datasets/documents_2021_12_28/23bol3_20211228_164327_7492115014_600_800.png,23bol3_20211228_164327_7492115014_600_800_mask.png,nan
72,13,145,27,42,653,187,680,42,653,187,655,187,680,42,678,list,list,list_1,arial,arial,8,23bol3_20211228_164327_7492115014_600_800.png,/scratch/parceirosbr/bigoilict/share/BigOil/document_generator/datasets/documents_2021_12_28/23bol3_20211228_164327_7492115014_600_800.png,23bol3_20211228_164327_7492115014_600_800_mask.png,
72,6,145,13,42,653,187,666,42,653,187,655,187,666,42,664,sub_line_text,list,list_1,arial,regular,8,23bol3_20211228_164327_7492115014_600_800.png,/scratch/parceirosbr/bigoilict/share/BigOil/document_generator/datasets/documents_2021_12_28/23bol3_20211228_164327_7492115014_600_800.png,23bol3_20211228_164327_7492115014_600_800_mask.png,"-  In the electric power generation segment,"
43,5,86,11,42,667,128,678,42,667,128,667,128,678,42,678,sub_line_text,list,list_1,arial,regular,8,23bol3_20211228_164327_7492115014_600_800.png,/scratch/parceirosbr/bigoilict/share/BigOil/document_generator/datasets/documents_2021_12_28/23bol3_20211228_164327_7492115014_600_800.png,23bol3_20211228_164327_7492115014_600_800_mask.png,-  Os íons adsorvidos nas
79,98,159,196,291,412,450,608,293,412,450,414,448,608,291,606,list,list,list_2,arial,arial,8,23bol3_20211228_164327_7492115014_600_800.png,/scratch/parceirosbr/bigoilict/share/BigOil/document_generator/datasets/documents_2021_12_28/23bol3_20211228_164327_7492115014_600_800.png,23bol3_20211228_164327_7492115014_600_800_mask.png,
61,6,122,12,292,412,414,424,292,412,414,413,414,424,292,423,sub_line_text,list,list_2,arial,regular,8,23bol3_20211228_164327_7492115014_600_800.png,/scratch/parceirosbr/bigoilict/share/BigOil/document_generator/datasets/documents_2021_12_28/23bol3_20211228_164327_7492115014_600_800.png,23bol3_20211228_164327_7492115014_600_800_mask.png,-  De manifesta a concordância com
42,6,84,12,292,426,376,438,292,426,376,427,376,438,292,437,sub_line_text,list,list_2,arial,regular,8,23bol3_20211228_164327_7492115014_600_800.png,/scratch/parceirosbr/bigoilict/share/BigOil/document_generator/datasets/documents_2021_12_28/23bol3_20211228_164327_7492115014_600_800.png,23bol3_20211228_164327_7492115014_600_800_mask.png,"-  In addition, it will be up"
47,6,94,12,292,440,386,452,292,440,386,441,386,452,292,451,sub_line_text,list,list_2,arial,regular,8,23bol3_20211228_164327_7492115014_600_800.png,/scratch/parceirosbr/bigoilict/share/BigOil/document_generator/datasets/documents_2021_12_28/23bol3_20211228_164327_7492115014_600_800.png,23bol3_20211228_164327_7492115014_600_800_mask.png,-  Scolecodonts and alga sp.
33,6,67,12,291,454,358,466,292,454,358,455,357,466,291,465,sub_line_text,list,list_2,arial,regular,8,23bol3_20211228_164327_7492115014_600_800.png,/scratch/parceirosbr/bigoilict/share/BigOil/document_generator/datasets/documents_2021_12_28/23bol3_20211228_164327_7492115014_600_800.png,23bol3_20211228_164327_7492115014_600_800_mask.png,"-  Por outro lado, os"
41,6,83,12,291,468,374,480,291,468,374,469,374,480,291,479,sub_line_text,list,list_2,arial,regular,8,23bol3_20211228_164327_7492115014_600_800.png,/scratch/parceirosbr/bigoilict/share/BigOil/document_generator/datasets/documents_2021_12_28/23bol3_20211228_164327_7492115014_600_800.png,23bol3_20211228_164327_7492115014_600_800_mask.png,-  The author argues that
49,6,98,12,291,482,389,494,291,482,389,483,389,494,291,493,sub_line_text,list,list_2,arial,regular,8,23bol3_20211228_164327_7492115014_600_800.png,/scratch/parceirosbr/bigoilict/share/BigOil/document_generator/datasets/documents_2021_12_28/23bol3_20211228_164327_7492115014_600_800.png,23bol3_20211228_164327_7492115014_600_800_mask.png,-  There are several methods
37,6,74,12,291,497,365,509,291,497,365,498,365,509,291,508,sub_line_text,list,list_2,arial,regular,8,23bol3_20211228_164327_7492115014_600_800.png,/scratch/parceirosbr/bigoilict/share/BigOil/document_generator/datasets/documents_2021_12_28/23bol3_20211228_164327_7492115014_600_800.png,23bol3_20211228_164327_7492115014_600_800_mask.png,-  Como ainda sugere
59,6,118,12,291,511,409,523,291,511,409,512,409,523,291,522,sub_line_text,list,list_2,arial,regular,8,23bol3_20211228_164327_7492115014_600_800.png,/scratch/parceirosbr/bigoilict/share/BigOil/document_generator/datasets/documents_2021_12_28/23bol3_20211228_164327_7492115014_600_800.png,23bol3_20211228_164327_7492115014_600_800_mask.png,"-  Highlighted in black, we have the"
70,6,140,13,291,525,431,538,291,525,431,527,431,538,291,536,sub_line_text,list,list_2,arial,regular,8,23bol3_20211228_164327_7492115014_600_800.png,/scratch/parceirosbr/bigoilict/share/BigOil/document_generator/datasets/documents_2021_12_28/23bol3_20211228_164327_7492115014_600_800.png,23bol3_20211228_164327_7492115014_600_800_mask.png,-  Ao amigo pela imensa contribuição nos
79,6,158,13,290,539,448,552,291,539,448,541,447,552,290,550,sub_line_text,list,list_2,arial,regular,8,23bol3_20211228_164327_7492115014_600_800.png,/scratch/parceirosbr/bigoilict/share/BigOil/document_generator/datasets/documents_2021_12_28/23bol3_20211228_164327_7492115014_600_800.png,23bol3_20211228_164327_7492115014_600_800_mask.png,-  As vazões volumétricas apresentadas neste
35,6,71,12,290,553,361,565,290,553,361,554,361,565,290,564,sub_line_text,list,list_2,arial,regular,8,23bol3_20211228_164327_7492115014_600_800.png,/scratch/parceirosbr/bigoilict/share/BigOil/document_generator/datasets/documents_2021_12_28/23bol3_20211228_164327_7492115014_600_800.png,23bol3_20211228_164327_7492115014_600_800_mask.png,-  Adqui ri r/come rci
46,6,92,12,290,567,382,579,290,567,382,568,382,579,290,578,sub_line_text,list,list_2,arial,regular,8,23bol3_20211228_164327_7492115014_600_800.png,/scratch/parceirosbr/bigoilict/share/BigOil/document_generator/datasets/documents_2021_12_28/23bol3_20211228_164327_7492115014_600_800.png,23bol3_20211228_164327_7492115014_600_800_mask.png,-  Tuttle et al menciona que
29,6,58,12,290,581,348,593,290,581,348,582,348,593,290,592,sub_line_text,list,list_2,arial,regular,8,23bol3_20211228_164327_7492115014_600_800.png,/scratch/parceirosbr/bigoilict/share/BigOil/document_generator/datasets/documents_2021_12_28/23bol3_20211228_164327_7492115014_600_800.png,23bol3_20211228_164327_7492115014_600_800_mask.png,-  A adoção deve
31,6,63,12,290,595,353,607,290,595,353,596,353,607,290,606,sub_line_text,list,list_2,arial,regular,8,23bol3_20211228_164327_7492115014_600_800.png,/scratch/parceirosbr/bigoilict/share/BigOil/document_generator/datasets/documents_2021_12_28/23bol3_20211228_164327_7492115014_600_800.png,23bol3_20211228_164327_7492115014_600_800_mask.png,-  A metodologia a
