center_x,center_y,width,height,xmin,ymin,xmax,ymax,top_left_x,top_left_y,top_right_x,top_right_y,bottom_right_x,bottom_right_y,bottom_left_x,bottom_left_y,label,grouplabel,group,text_font,text_style,size_font,filename,path,filename_mask,content
300,400,600,800,0,0,600,800,0,0,600,0,600,800,0,800,document,,,,,,23bol3_20211228_164327_7236679146_600_800.png,/scratch/parceirosbr/bigoilict/share/BigOil/document_generator/datasets/documents_2021_12_28/23bol3_20211228_164327_7236679146_600_800.png,23bol3_20211228_164327_7236679146_600_800_mask.png,
20,6,41,12,81,105,122,117,81,105,122,105,122,117,81,117,sub_line_text,header,header_1,times,regular,9,23bol3_20211228_164327_7236679146_600_800.png,/scratch/parceirosbr/bigoilict/share/BigOil/document_generator/datasets/documents_2021_12_28/23bol3_20211228_164327_7236679146_600_800.png,23bol3_20211228_164327_7236679146_600_800_mask.png,An√°lise da
20,6,41,12,81,105,122,117,81,105,122,105,122,117,81,117,text,header,header_1,times,regular,9,23bol3_20211228_164327_7236679146_600_800.png,/scratch/parceirosbr/bigoilict/share/BigOil/document_generator/datasets/documents_2021_12_28/23bol3_20211228_164327_7236679146_600_800.png,23bol3_20211228_164327_7236679146_600_800_mask.png,nan
190,2,381,4,81,114,462,118,81,115,462,114,462,117,81,118,line,line,line,,,,23bol3_20211228_164327_7236679146_600_800.png,/scratch/parceirosbr/bigoilict/share/BigOil/document_generator/datasets/documents_2021_12_28/23bol3_20211228_164327_7236679146_600_800.png,23bol3_20211228_164327_7236679146_600_800_mask.png,nan
190,1,381,3,83,653,464,656,83,654,464,653,464,655,83,656,line,line,line,,,,23bol3_20211228_164327_7236679146_600_800.png,/scratch/parceirosbr/bigoilict/share/BigOil/document_generator/datasets/documents_2021_12_28/23bol3_20211228_164327_7236679146_600_800.png,23bol3_20211228_164327_7236679146_600_800_mask.png,nan
7,5,15,11,265,654,280,665,265,654,280,654,280,665,265,665,sub_line_text,numpag,footer_1,times,regular,9,23bol3_20211228_164327_7236679146_600_800.png,/scratch/parceirosbr/bigoilict/share/BigOil/document_generator/datasets/documents_2021_12_28/23bol3_20211228_164327_7236679146_600_800.png,23bol3_20211228_164327_7236679146_600_800_mask.png,127
7,5,15,11,265,654,280,665,265,654,280,654,280,665,265,665,text,numpag,footer_1,times,regular,9,23bol3_20211228_164327_7236679146_600_800.png,/scratch/parceirosbr/bigoilict/share/BigOil/document_generator/datasets/documents_2021_12_28/23bol3_20211228_164327_7236679146_600_800.png,23bol3_20211228_164327_7236679146_600_800_mask.png,nan
91,53,183,106,257,131,440,237,257,132,440,131,440,236,257,237,image,figure_image,figure_0,,,,23bol3_20211228_164327_7236679146_600_800.png,/scratch/parceirosbr/bigoilict/share/BigOil/document_generator/datasets/documents_2021_12_28/23bol3_20211228_164327_7236679146_600_800.png,23bol3_20211228_164327_7236679146_600_800_mask.png,output/gen_img_20211228_164327_4089293501.png
7,3,15,6,309,186,324,192,309,189,324,186,324,189,310,192,text,figure_text,figure_0,,,,23bol3_20211228_164327_7236679146_600_800.png,/scratch/parceirosbr/bigoilict/share/BigOil/document_generator/datasets/documents_2021_12_28/23bol3_20211228_164327_7236679146_600_800.png,23bol3_20211228_164327_7236679146_600_800_mask.png,-4850.63%
7,3,15,6,309,186,324,192,309,189,324,186,324,189,310,192,sub_line_text,figure_text,figure_0,,,,23bol3_20211228_164327_7236679146_600_800.png,/scratch/parceirosbr/bigoilict/share/BigOil/document_generator/datasets/documents_2021_12_28/23bol3_20211228_164327_7236679146_600_800.png,23bol3_20211228_164327_7236679146_600_800_mask.png,-4850.63%
4,2,9,5,395,228,404,233,395,229,403,228,404,232,395,233,text,figure_text,figure_0,,,,23bol3_20211228_164327_7236679146_600_800.png,/scratch/parceirosbr/bigoilict/share/BigOil/document_generator/datasets/documents_2021_12_28/23bol3_20211228_164327_7236679146_600_800.png,23bol3_20211228_164327_7236679146_600_800_mask.png,-3559
4,2,9,5,395,228,404,233,395,229,403,228,404,232,395,233,sub_line_text,figure_text,figure_0,,,,23bol3_20211228_164327_7236679146_600_800.png,/scratch/parceirosbr/bigoilict/share/BigOil/document_generator/datasets/documents_2021_12_28/23bol3_20211228_164327_7236679146_600_800.png,23bol3_20211228_164327_7236679146_600_800_mask.png,-3559
7,2,14,4,294,204,308,208,294,205,308,204,308,207,293,208,text,figure_text,figure_0,,,,23bol3_20211228_164327_7236679146_600_800.png,/scratch/parceirosbr/bigoilict/share/BigOil/document_generator/datasets/documents_2021_12_28/23bol3_20211228_164327_7236679146_600_800.png,23bol3_20211228_164327_7236679146_600_800_mask.png,Production
7,2,14,4,294,204,308,208,294,205,308,204,308,207,293,208,sub_line_text,figure_text,figure_0,,,,23bol3_20211228_164327_7236679146_600_800.png,/scratch/parceirosbr/bigoilict/share/BigOil/document_generator/datasets/documents_2021_12_28/23bol3_20211228_164327_7236679146_600_800.png,23bol3_20211228_164327_7236679146_600_800_mask.png,Production
6,2,13,5,416,177,429,182,416,179,429,177,429,180,417,182,text,figure_text,figure_0,,,,23bol3_20211228_164327_7236679146_600_800.png,/scratch/parceirosbr/bigoilict/share/BigOil/document_generator/datasets/documents_2021_12_28/23bol3_20211228_164327_7236679146_600_800.png,23bol3_20211228_164327_7236679146_600_800_mask.png,Statistics
6,2,13,5,416,177,429,182,416,179,429,177,429,180,417,182,sub_line_text,figure_text,figure_0,,,,23bol3_20211228_164327_7236679146_600_800.png,/scratch/parceirosbr/bigoilict/share/BigOil/document_generator/datasets/documents_2021_12_28/23bol3_20211228_164327_7236679146_600_800.png,23bol3_20211228_164327_7236679146_600_800_mask.png,Statistics
6,2,13,5,340,186,353,191,340,187,353,186,353,190,340,191,text,figure_text,figure_0,,,,23bol3_20211228_164327_7236679146_600_800.png,/scratch/parceirosbr/bigoilict/share/BigOil/document_generator/datasets/documents_2021_12_28/23bol3_20211228_164327_7236679146_600_800.png,23bol3_20211228_164327_7236679146_600_800_mask.png,-6855.0%
6,2,13,5,340,186,353,191,340,187,353,186,353,190,340,191,sub_line_text,figure_text,figure_0,,,,23bol3_20211228_164327_7236679146_600_800.png,/scratch/parceirosbr/bigoilict/share/BigOil/document_generator/datasets/documents_2021_12_28/23bol3_20211228_164327_7236679146_600_800.png,23bol3_20211228_164327_7236679146_600_800_mask.png,-6855.0%
6,0,13,0,417,154,430,154,417,151,431,154,430,158,416,154,text,figure_text,figure_0,,,,23bol3_20211228_164327_7236679146_600_800.png,/scratch/parceirosbr/bigoilict/share/BigOil/document_generator/datasets/documents_2021_12_28/23bol3_20211228_164327_7236679146_600_800.png,23bol3_20211228_164327_7236679146_600_800_mask.png,Production
6,0,13,0,417,154,430,154,417,151,431,154,430,158,416,154,sub_line_text,figure_text,figure_0,,,,23bol3_20211228_164327_7236679146_600_800.png,/scratch/parceirosbr/bigoilict/share/BigOil/document_generator/datasets/documents_2021_12_28/23bol3_20211228_164327_7236679146_600_800.png,23bol3_20211228_164327_7236679146_600_800_mask.png,Production
9,1,18,2,374,140,392,142,374,139,392,140,392,145,374,142,text,figure_text,figure_0,,,,23bol3_20211228_164327_7236679146_600_800.png,/scratch/parceirosbr/bigoilict/share/BigOil/document_generator/datasets/documents_2021_12_28/23bol3_20211228_164327_7236679146_600_800.png,23bol3_20211228_164327_7236679146_600_800_mask.png,Demand [MB]
9,1,18,2,374,140,392,142,374,139,392,140,392,145,374,142,sub_line_text,figure_text,figure_0,,,,23bol3_20211228_164327_7236679146_600_800.png,/scratch/parceirosbr/bigoilict/share/BigOil/document_generator/datasets/documents_2021_12_28/23bol3_20211228_164327_7236679146_600_800.png,23bol3_20211228_164327_7236679146_600_800_mask.png,Demand [MB]
11,4,22,9,393,166,415,175,393,171,414,166,415,170,394,175,text,figure_text,figure_0,,,,23bol3_20211228_164327_7236679146_600_800.png,/scratch/parceirosbr/bigoilict/share/BigOil/document_generator/datasets/documents_2021_12_28/23bol3_20211228_164327_7236679146_600_800.png,23bol3_20211228_164327_7236679146_600_800_mask.png,Processing [TB]
11,4,22,9,393,166,415,175,393,171,414,166,415,170,394,175,sub_line_text,figure_text,figure_0,,,,23bol3_20211228_164327_7236679146_600_800.png,/scratch/parceirosbr/bigoilict/share/BigOil/document_generator/datasets/documents_2021_12_28/23bol3_20211228_164327_7236679146_600_800.png,23bol3_20211228_164327_7236679146_600_800_mask.png,Processing [TB]
4,2,8,4,264,176,272,180,264,176,272,176,272,179,264,180,text,figure_text,figure_0,,,,23bol3_20211228_164327_7236679146_600_800.png,/scratch/parceirosbr/bigoilict/share/BigOil/document_generator/datasets/documents_2021_12_28/23bol3_20211228_164327_7236679146_600_800.png,23bol3_20211228_164327_7236679146_600_800_mask.png,-7007
4,2,8,4,264,176,272,180,264,176,272,176,272,179,264,180,sub_line_text,figure_text,figure_0,,,,23bol3_20211228_164327_7236679146_600_800.png,/scratch/parceirosbr/bigoilict/share/BigOil/document_generator/datasets/documents_2021_12_28/23bol3_20211228_164327_7236679146_600_800.png,23bol3_20211228_164327_7236679146_600_800_mask.png,-7007
6,2,13,4,393,133,406,137,393,134,405,133,406,136,393,137,text,figure_text,figure_0,,,,23bol3_20211228_164327_7236679146_600_800.png,/scratch/parceirosbr/bigoilict/share/BigOil/document_generator/datasets/documents_2021_12_28/23bol3_20211228_164327_7236679146_600_800.png,23bol3_20211228_164327_7236679146_600_800_mask.png,-431.905
6,2,13,4,393,133,406,137,393,134,405,133,406,136,393,137,sub_line_text,figure_text,figure_0,,,,23bol3_20211228_164327_7236679146_600_800.png,/scratch/parceirosbr/bigoilict/share/BigOil/document_generator/datasets/documents_2021_12_28/23bol3_20211228_164327_7236679146_600_800.png,23bol3_20211228_164327_7236679146_600_800_mask.png,-431.905
6,1,13,2,365,231,378,233,365,230,378,231,378,234,365,233,text,figure_text,figure_0,,,,23bol3_20211228_164327_7236679146_600_800.png,/scratch/parceirosbr/bigoilict/share/BigOil/document_generator/datasets/documents_2021_12_28/23bol3_20211228_164327_7236679146_600_800.png,23bol3_20211228_164327_7236679146_600_800_mask.png,-5209.117
6,1,13,2,365,231,378,233,365,230,378,231,378,234,365,233,sub_line_text,figure_text,figure_0,,,,23bol3_20211228_164327_7236679146_600_800.png,/scratch/parceirosbr/bigoilict/share/BigOil/document_generator/datasets/documents_2021_12_28/23bol3_20211228_164327_7236679146_600_800.png,23bol3_20211228_164327_7236679146_600_800_mask.png,-5209.117
7,2,14,4,404,144,418,148,404,145,417,144,418,147,404,148,text,figure_text,figure_0,,,,23bol3_20211228_164327_7236679146_600_800.png,/scratch/parceirosbr/bigoilict/share/BigOil/document_generator/datasets/documents_2021_12_28/23bol3_20211228_164327_7236679146_600_800.png,23bol3_20211228_164327_7236679146_600_800_mask.png,-237.31%
7,2,14,4,404,144,418,148,404,145,417,144,418,147,404,148,sub_line_text,figure_text,figure_0,,,,23bol3_20211228_164327_7236679146_600_800.png,/scratch/parceirosbr/bigoilict/share/BigOil/document_generator/datasets/documents_2021_12_28/23bol3_20211228_164327_7236679146_600_800.png,23bol3_20211228_164327_7236679146_600_800_mask.png,-237.31%
5,1,11,3,367,133,378,136,367,132,378,133,378,137,367,136,text,figure_text,figure_0,,,,23bol3_20211228_164327_7236679146_600_800.png,/scratch/parceirosbr/bigoilict/share/BigOil/document_generator/datasets/documents_2021_12_28/23bol3_20211228_164327_7236679146_600_800.png,23bol3_20211228_164327_7236679146_600_800_mask.png,Density
5,1,11,3,367,133,378,136,367,132,378,133,378,137,367,136,sub_line_text,figure_text,figure_0,,,,23bol3_20211228_164327_7236679146_600_800.png,/scratch/parceirosbr/bigoilict/share/BigOil/document_generator/datasets/documents_2021_12_28/23bol3_20211228_164327_7236679146_600_800.png,23bol3_20211228_164327_7236679146_600_800_mask.png,Density
6,2,13,5,299,180,312,185,299,181,312,180,312,184,299,185,text,figure_text,figure_0,,,,23bol3_20211228_164327_7236679146_600_800.png,/scratch/parceirosbr/bigoilict/share/BigOil/document_generator/datasets/documents_2021_12_28/23bol3_20211228_164327_7236679146_600_800.png,23bol3_20211228_164327_7236679146_600_800_mask.png,Male [km]
6,2,13,5,299,180,312,185,299,181,312,180,312,184,299,185,sub_line_text,figure_text,figure_0,,,,23bol3_20211228_164327_7236679146_600_800.png,/scratch/parceirosbr/bigoilict/share/BigOil/document_generator/datasets/documents_2021_12_28/23bol3_20211228_164327_7236679146_600_800.png,23bol3_20211228_164327_7236679146_600_800_mask.png,Male [km]
5,1,10,2,397,196,407,198,397,194,407,196,407,200,396,198,text,figure_text,figure_0,,,,23bol3_20211228_164327_7236679146_600_800.png,/scratch/parceirosbr/bigoilict/share/BigOil/document_generator/datasets/documents_2021_12_28/23bol3_20211228_164327_7236679146_600_800.png,23bol3_20211228_164327_7236679146_600_800_mask.png,-5785.2
5,1,10,2,397,196,407,198,397,194,407,196,407,200,396,198,sub_line_text,figure_text,figure_0,,,,23bol3_20211228_164327_7236679146_600_800.png,/scratch/parceirosbr/bigoilict/share/BigOil/document_generator/datasets/documents_2021_12_28/23bol3_20211228_164327_7236679146_600_800.png,23bol3_20211228_164327_7236679146_600_800_mask.png,-5785.2
6,0,12,1,325,149,337,150,325,147,338,149,337,153,324,150,text,figure_text,figure_0,,,,23bol3_20211228_164327_7236679146_600_800.png,/scratch/parceirosbr/bigoilict/share/BigOil/document_generator/datasets/documents_2021_12_28/23bol3_20211228_164327_7236679146_600_800.png,23bol3_20211228_164327_7236679146_600_800_mask.png,-4617.5%
6,0,12,1,325,149,337,150,325,147,338,149,337,153,324,150,sub_line_text,figure_text,figure_0,,,,23bol3_20211228_164327_7236679146_600_800.png,/scratch/parceirosbr/bigoilict/share/BigOil/document_generator/datasets/documents_2021_12_28/23bol3_20211228_164327_7236679146_600_800.png,23bol3_20211228_164327_7236679146_600_800_mask.png,-4617.5%
4,1,9,3,335,223,344,226,335,223,343,223,344,226,335,226,text,figure_text,figure_0,,,,23bol3_20211228_164327_7236679146_600_800.png,/scratch/parceirosbr/bigoilict/share/BigOil/document_generator/datasets/documents_2021_12_28/23bol3_20211228_164327_7236679146_600_800.png,23bol3_20211228_164327_7236679146_600_800_mask.png,-5402
4,1,9,3,335,223,344,226,335,223,343,223,344,226,335,226,sub_line_text,figure_text,figure_0,,,,23bol3_20211228_164327_7236679146_600_800.png,/scratch/parceirosbr/bigoilict/share/BigOil/document_generator/datasets/documents_2021_12_28/23bol3_20211228_164327_7236679146_600_800.png,23bol3_20211228_164327_7236679146_600_800_mask.png,-5402
6,1,13,2,393,183,406,185,393,182,406,183,406,187,392,185,text,figure_text,figure_0,,,,23bol3_20211228_164327_7236679146_600_800.png,/scratch/parceirosbr/bigoilict/share/BigOil/document_generator/datasets/documents_2021_12_28/23bol3_20211228_164327_7236679146_600_800.png,23bol3_20211228_164327_7236679146_600_800_mask.png,-6930.7%
6,1,13,2,393,183,406,185,393,182,406,183,406,187,392,185,sub_line_text,figure_text,figure_0,,,,23bol3_20211228_164327_7236679146_600_800.png,/scratch/parceirosbr/bigoilict/share/BigOil/document_generator/datasets/documents_2021_12_28/23bol3_20211228_164327_7236679146_600_800.png,23bol3_20211228_164327_7236679146_600_800_mask.png,-6930.7%
52,5,105,11,87,123,192,134,87,123,192,123,192,134,87,134,sub_line_text,figure_legend,figure_0,times,regular,8,23bol3_20211228_164327_7236679146_600_800.png,/scratch/parceirosbr/bigoilict/share/BigOil/document_generator/datasets/documents_2021_12_28/23bol3_20211228_164327_7236679146_600_800.png,23bol3_20211228_164327_7236679146_600_800_mask.png,Figure   139:    comparou  os  r-
52,5,105,11,87,134,192,145,87,134,192,134,192,145,87,145,sub_line_text,figure_legend,figure_0,times,regular,8,23bol3_20211228_164327_7236679146_600_800.png,/scratch/parceirosbr/bigoilict/share/BigOil/document_generator/datasets/documents_2021_12_28/23bol3_20211228_164327_7236679146_600_800.png,23bol3_20211228_164327_7236679146_600_800_mask.png,esultados  e  a  aplica√ß√£o  de  c-
52,5,105,11,87,145,192,156,87,145,192,145,192,156,87,156,sub_line_text,figure_legend,figure_0,times,regular,8,23bol3_20211228_164327_7236679146_600_800.png,/scratch/parceirosbr/bigoilict/share/BigOil/document_generator/datasets/documents_2021_12_28/23bol3_20211228_164327_7236679146_600_800.png,23bol3_20211228_164327_7236679146_600_800_mask.png,ada   crit√©rio   e   constatou  que
52,5,105,11,87,156,192,167,87,156,192,156,192,167,87,167,sub_line_text,figure_legend,figure_0,times,regular,8,23bol3_20211228_164327_7236679146_600_800.png,/scratch/parceirosbr/bigoilict/share/BigOil/document_generator/datasets/documents_2021_12_28/23bol3_20211228_164327_7236679146_600_800.png,23bol3_20211228_164327_7236679146_600_800_mask.png,aqueles   que   utilizam   o  ciclo
44,5,89,11,87,167,176,178,87,167,176,167,176,178,87,178,sub_line_text,figure_legend,figure_0,times,regular,8,23bol3_20211228_164327_7236679146_600_800.png,/scratch/parceirosbr/bigoilict/share/BigOil/document_generator/datasets/documents_2021_12_28/23bol3_20211228_164327_7236679146_600_800.png,23bol3_20211228_164327_7236679146_600_800_mask.png,motor como refer√™ncia s√£o
52,27,105,55,87,123,192,178,87,123,192,123,192,178,87,178,text,figure_legend,figure_0,times,regular,8,23bol3_20211228_164327_7236679146_600_800.png,/scratch/parceirosbr/bigoilict/share/BigOil/document_generator/datasets/documents_2021_12_28/23bol3_20211228_164327_7236679146_600_800.png,23bol3_20211228_164327_7236679146_600_800_mask.png,nan
52,5,105,11,87,191,192,202,87,191,192,191,192,202,87,202,sub_line_text,figure_legend,figure_0,times,regular,8,23bol3_20211228_164327_7236679146_600_800.png,/scratch/parceirosbr/bigoilict/share/BigOil/document_generator/datasets/documents_2021_12_28/23bol3_20211228_164327_7236679146_600_800.png,23bol3_20211228_164327_7236679146_600_800_mask.png,Figure   8:     realizado  no  inv-
52,5,105,11,87,202,192,213,87,202,192,202,192,213,87,213,sub_line_text,figure_legend,figure_0,times,regular,8,23bol3_20211228_164327_7236679146_600_800.png,/scratch/parceirosbr/bigoilict/share/BigOil/document_generator/datasets/documents_2021_12_28/23bol3_20211228_164327_7236679146_600_800.png,23bol3_20211228_164327_7236679146_600_800_mask.png,"erno,  foram  observadas  √°guas"
52,5,104,11,87,213,191,224,87,213,191,213,191,224,87,224,sub_line_text,figure_legend,figure_0,times,regular,8,23bol3_20211228_164327_7236679146_600_800.png,/scratch/parceirosbr/bigoilict/share/BigOil/document_generator/datasets/documents_2021_12_28/23bol3_20211228_164327_7236679146_600_800.png,23bol3_20211228_164327_7236679146_600_800_mask.png,com   √≠ndices  termohalinos  co-
52,5,104,11,87,224,191,235,87,224,191,224,191,235,87,235,sub_line_text,figure_legend,figure_0,times,regular,8,23bol3_20211228_164327_7236679146_600_800.png,/scratch/parceirosbr/bigoilict/share/BigOil/document_generator/datasets/documents_2021_12_28/23bol3_20211228_164327_7236679146_600_800.png,23bol3_20211228_164327_7236679146_600_800_mask.png,rrespondentes    a   essa   massa
49,5,99,11,87,235,186,246,87,235,186,235,186,246,87,246,sub_line_text,figure_legend,figure_0,times,regular,8,23bol3_20211228_164327_7236679146_600_800.png,/scratch/parceirosbr/bigoilict/share/BigOil/document_generator/datasets/documents_2021_12_28/23bol3_20211228_164327_7236679146_600_800.png,23bol3_20211228_164327_7236679146_600_800_mask.png,d√°gua no setor ao norte do de.
52,27,105,55,87,191,192,246,87,191,192,191,192,246,87,246,text,figure_legend,figure_0,times,regular,8,23bol3_20211228_164327_7236679146_600_800.png,/scratch/parceirosbr/bigoilict/share/BigOil/document_generator/datasets/documents_2021_12_28/23bol3_20211228_164327_7236679146_600_800.png,23bol3_20211228_164327_7236679146_600_800_mask.png,nan
88,66,176,133,267,261,443,394,267,262,442,261,443,393,268,394,image,figure_image,figure_1,,,,23bol3_20211228_164327_7236679146_600_800.png,/scratch/parceirosbr/bigoilict/share/BigOil/document_generator/datasets/documents_2021_12_28/23bol3_20211228_164327_7236679146_600_800.png,23bol3_20211228_164327_7236679146_600_800_mask.png,output/gen_img_20211228_164329_4245658647.png
15,5,31,10,288,266,319,276,288,269,319,266,319,272,288,276,text,figure_text,figure_1,,,,23bol3_20211228_164327_7236679146_600_800.png,/scratch/parceirosbr/bigoilict/share/BigOil/document_generator/datasets/documents_2021_12_28/23bol3_20211228_164327_7236679146_600_800.png,23bol3_20211228_164327_7236679146_600_800_mask.png,-4610.63%
15,5,31,10,288,266,319,276,288,269,319,266,319,272,288,276,sub_line_text,figure_text,figure_1,,,,23bol3_20211228_164327_7236679146_600_800.png,/scratch/parceirosbr/bigoilict/share/BigOil/document_generator/datasets/documents_2021_12_28/23bol3_20211228_164327_7236679146_600_800.png,23bol3_20211228_164327_7236679146_600_800_mask.png,-4610.63%
8,4,17,8,386,327,403,335,386,329,403,327,403,334,386,335,text,figure_text,figure_1,,,,23bol3_20211228_164327_7236679146_600_800.png,/scratch/parceirosbr/bigoilict/share/BigOil/document_generator/datasets/documents_2021_12_28/23bol3_20211228_164327_7236679146_600_800.png,23bol3_20211228_164327_7236679146_600_800_mask.png,-2255
8,4,17,8,386,327,403,335,386,329,403,327,403,334,386,335,sub_line_text,figure_text,figure_1,,,,23bol3_20211228_164327_7236679146_600_800.png,/scratch/parceirosbr/bigoilict/share/BigOil/document_generator/datasets/documents_2021_12_28/23bol3_20211228_164327_7236679146_600_800.png,23bol3_20211228_164327_7236679146_600_800_mask.png,-2255
25,6,51,13,280,289,331,302,280,295,331,289,331,297,281,302,text,figure_text,figure_1,,,,23bol3_20211228_164327_7236679146_600_800.png,/scratch/parceirosbr/bigoilict/share/BigOil/document_generator/datasets/documents_2021_12_28/23bol3_20211228_164327_7236679146_600_800.png,23bol3_20211228_164327_7236679146_600_800_mask.png,Temperature (a.c)
25,6,51,13,280,289,331,302,280,295,331,289,331,297,281,302,sub_line_text,figure_text,figure_1,,,,23bol3_20211228_164327_7236679146_600_800.png,/scratch/parceirosbr/bigoilict/share/BigOil/document_generator/datasets/documents_2021_12_28/23bol3_20211228_164327_7236679146_600_800.png,23bol3_20211228_164327_7236679146_600_800_mask.png,Temperature (a.c)
11,4,22,9,291,362,313,371,291,365,313,362,313,368,291,371,text,figure_text,figure_1,,,,23bol3_20211228_164327_7236679146_600_800.png,/scratch/parceirosbr/bigoilict/share/BigOil/document_generator/datasets/documents_2021_12_28/23bol3_20211228_164327_7236679146_600_800.png,23bol3_20211228_164327_7236679146_600_800_mask.png,-3996.2
11,4,22,9,291,362,313,371,291,365,313,362,313,368,291,371,sub_line_text,figure_text,figure_1,,,,23bol3_20211228_164327_7236679146_600_800.png,/scratch/parceirosbr/bigoilict/share/BigOil/document_generator/datasets/documents_2021_12_28/23bol3_20211228_164327_7236679146_600_800.png,23bol3_20211228_164327_7236679146_600_800_mask.png,-3996.2
6,4,13,9,360,323,373,332,360,324,372,323,373,331,361,332,text,figure_text,figure_1,,,,23bol3_20211228_164327_7236679146_600_800.png,/scratch/parceirosbr/bigoilict/share/BigOil/document_generator/datasets/documents_2021_12_28/23bol3_20211228_164327_7236679146_600_800.png,23bol3_20211228_164327_7236679146_600_800_mask.png,Age
6,4,13,9,360,323,373,332,360,324,372,323,373,331,361,332,sub_line_text,figure_text,figure_1,,,,23bol3_20211228_164327_7236679146_600_800.png,/scratch/parceirosbr/bigoilict/share/BigOil/document_generator/datasets/documents_2021_12_28/23bol3_20211228_164327_7236679146_600_800.png,23bol3_20211228_164327_7236679146_600_800_mask.png,Age
20,4,40,9,350,381,390,390,350,384,390,381,390,387,351,390,text,figure_text,figure_1,,,,23bol3_20211228_164327_7236679146_600_800.png,/scratch/parceirosbr/bigoilict/share/BigOil/document_generator/datasets/documents_2021_12_28/23bol3_20211228_164327_7236679146_600_800.png,23bol3_20211228_164327_7236679146_600_800_mask.png,Concentration
20,4,40,9,350,381,390,390,350,384,390,381,390,387,351,390,sub_line_text,figure_text,figure_1,,,,23bol3_20211228_164327_7236679146_600_800.png,/scratch/parceirosbr/bigoilict/share/BigOil/document_generator/datasets/documents_2021_12_28/23bol3_20211228_164327_7236679146_600_800.png,23bol3_20211228_164327_7236679146_600_800_mask.png,Concentration
16,5,32,11,306,351,338,362,306,355,338,351,338,359,306,362,text,figure_text,figure_1,,,,23bol3_20211228_164327_7236679146_600_800.png,/scratch/parceirosbr/bigoilict/share/BigOil/document_generator/datasets/documents_2021_12_28/23bol3_20211228_164327_7236679146_600_800.png,23bol3_20211228_164327_7236679146_600_800_mask.png,Liters [MM]
16,5,32,11,306,351,338,362,306,355,338,351,338,359,306,362,sub_line_text,figure_text,figure_1,,,,23bol3_20211228_164327_7236679146_600_800.png,/scratch/parceirosbr/bigoilict/share/BigOil/document_generator/datasets/documents_2021_12_28/23bol3_20211228_164327_7236679146_600_800.png,23bol3_20211228_164327_7236679146_600_800_mask.png,Liters [MM]
13,4,26,9,331,319,357,328,331,322,356,319,357,326,331,328,text,figure_text,figure_1,,,,23bol3_20211228_164327_7236679146_600_800.png,/scratch/parceirosbr/bigoilict/share/BigOil/document_generator/datasets/documents_2021_12_28/23bol3_20211228_164327_7236679146_600_800.png,23bol3_20211228_164327_7236679146_600_800_mask.png,-7595.46
13,4,26,9,331,319,357,328,331,322,356,319,357,326,331,328,sub_line_text,figure_text,figure_1,,,,23bol3_20211228_164327_7236679146_600_800.png,/scratch/parceirosbr/bigoilict/share/BigOil/document_generator/datasets/documents_2021_12_28/23bol3_20211228_164327_7236679146_600_800.png,23bol3_20211228_164327_7236679146_600_800_mask.png,-7595.46
11,4,22,8,279,312,301,320,279,314,301,312,301,319,279,320,text,figure_text,figure_1,,,,23bol3_20211228_164327_7236679146_600_800.png,/scratch/parceirosbr/bigoilict/share/BigOil/document_generator/datasets/documents_2021_12_28/23bol3_20211228_164327_7236679146_600_800.png,23bol3_20211228_164327_7236679146_600_800_mask.png,-4128%
11,4,22,8,279,312,301,320,279,314,301,312,301,319,279,320,sub_line_text,figure_text,figure_1,,,,23bol3_20211228_164327_7236679146_600_800.png,/scratch/parceirosbr/bigoilict/share/BigOil/document_generator/datasets/documents_2021_12_28/23bol3_20211228_164327_7236679146_600_800.png,23bol3_20211228_164327_7236679146_600_800_mask.png,-4128%
26,6,52,13,272,332,324,345,272,337,324,332,324,340,273,345,text,figure_text,figure_1,,,,23bol3_20211228_164327_7236679146_600_800.png,/scratch/parceirosbr/bigoilict/share/BigOil/document_generator/datasets/documents_2021_12_28/23bol3_20211228_164327_7236679146_600_800.png,23bol3_20211228_164327_7236679146_600_800_mask.png,Consumption [GB]
26,6,52,13,272,332,324,345,272,337,324,332,324,340,273,345,sub_line_text,figure_text,figure_1,,,,23bol3_20211228_164327_7236679146_600_800.png,/scratch/parceirosbr/bigoilict/share/BigOil/document_generator/datasets/documents_2021_12_28/23bol3_20211228_164327_7236679146_600_800.png,23bol3_20211228_164327_7236679146_600_800_mask.png,Consumption [GB]
11,4,23,8,395,341,418,349,395,343,417,341,418,348,396,349,text,figure_text,figure_1,,,,23bol3_20211228_164327_7236679146_600_800.png,/scratch/parceirosbr/bigoilict/share/BigOil/document_generator/datasets/documents_2021_12_28/23bol3_20211228_164327_7236679146_600_800.png,23bol3_20211228_164327_7236679146_600_800_mask.png,-4202%
11,4,23,8,395,341,418,349,395,343,417,341,418,348,396,349,sub_line_text,figure_text,figure_1,,,,23bol3_20211228_164327_7236679146_600_800.png,/scratch/parceirosbr/bigoilict/share/BigOil/document_generator/datasets/documents_2021_12_28/23bol3_20211228_164327_7236679146_600_800.png,23bol3_20211228_164327_7236679146_600_800_mask.png,-4202%
11,4,23,8,307,324,330,332,307,326,329,324,330,331,308,332,text,figure_text,figure_1,,,,23bol3_20211228_164327_7236679146_600_800.png,/scratch/parceirosbr/bigoilict/share/BigOil/document_generator/datasets/documents_2021_12_28/23bol3_20211228_164327_7236679146_600_800.png,23bol3_20211228_164327_7236679146_600_800_mask.png,-5579.4
11,4,23,8,307,324,330,332,307,326,329,324,330,331,308,332,sub_line_text,figure_text,figure_1,,,,23bol3_20211228_164327_7236679146_600_800.png,/scratch/parceirosbr/bigoilict/share/BigOil/document_generator/datasets/documents_2021_12_28/23bol3_20211228_164327_7236679146_600_800.png,23bol3_20211228_164327_7236679146_600_800_mask.png,-5579.4
23,5,46,11,392,291,438,302,392,295,436,291,438,299,393,302,text,figure_text,figure_1,,,,23bol3_20211228_164327_7236679146_600_800.png,/scratch/parceirosbr/bigoilict/share/BigOil/document_generator/datasets/documents_2021_12_28/23bol3_20211228_164327_7236679146_600_800.png,23bol3_20211228_164327_7236679146_600_800_mask.png,Production (TB)
23,5,46,11,392,291,438,302,392,295,436,291,438,299,393,302,sub_line_text,figure_text,figure_1,,,,23bol3_20211228_164327_7236679146_600_800.png,/scratch/parceirosbr/bigoilict/share/BigOil/document_generator/datasets/documents_2021_12_28/23bol3_20211228_164327_7236679146_600_800.png,23bol3_20211228_164327_7236679146_600_800_mask.png,Production (TB)
14,4,28,8,340,305,368,313,340,307,367,305,368,311,340,313,text,figure_text,figure_1,,,,23bol3_20211228_164327_7236679146_600_800.png,/scratch/parceirosbr/bigoilict/share/BigOil/document_generator/datasets/documents_2021_12_28/23bol3_20211228_164327_7236679146_600_800.png,23bol3_20211228_164327_7236679146_600_800_mask.png,-1277.3%
14,4,28,8,340,305,368,313,340,307,367,305,368,311,340,313,sub_line_text,figure_text,figure_1,,,,23bol3_20211228_164327_7236679146_600_800.png,/scratch/parceirosbr/bigoilict/share/BigOil/document_generator/datasets/documents_2021_12_28/23bol3_20211228_164327_7236679146_600_800.png,23bol3_20211228_164327_7236679146_600_800_mask.png,-1277.3%
18,6,36,12,285,379,321,391,285,383,320,379,321,387,286,391,text,figure_text,figure_1,,,,23bol3_20211228_164327_7236679146_600_800.png,/scratch/parceirosbr/bigoilict/share/BigOil/document_generator/datasets/documents_2021_12_28/23bol3_20211228_164327_7236679146_600_800.png,23bol3_20211228_164327_7236679146_600_800_mask.png,Volume [TB]
18,6,36,12,285,379,321,391,285,383,320,379,321,387,286,391,sub_line_text,figure_text,figure_1,,,,23bol3_20211228_164327_7236679146_600_800.png,/scratch/parceirosbr/bigoilict/share/BigOil/document_generator/datasets/documents_2021_12_28/23bol3_20211228_164327_7236679146_600_800.png,23bol3_20211228_164327_7236679146_600_800_mask.png,Volume [TB]
15,4,30,9,358,356,388,365,358,359,387,356,388,363,359,365,text,figure_text,figure_1,,,,23bol3_20211228_164327_7236679146_600_800.png,/scratch/parceirosbr/bigoilict/share/BigOil/document_generator/datasets/documents_2021_12_28/23bol3_20211228_164327_7236679146_600_800.png,23bol3_20211228_164327_7236679146_600_800_mask.png,-3874.639
15,4,30,9,358,356,388,365,358,359,387,356,388,363,359,365,sub_line_text,figure_text,figure_1,,,,23bol3_20211228_164327_7236679146_600_800.png,/scratch/parceirosbr/bigoilict/share/BigOil/document_generator/datasets/documents_2021_12_28/23bol3_20211228_164327_7236679146_600_800.png,23bol3_20211228_164327_7236679146_600_800_mask.png,-3874.639
14,4,28,9,389,268,417,277,389,271,417,268,417,275,390,277,text,figure_text,figure_1,,,,23bol3_20211228_164327_7236679146_600_800.png,/scratch/parceirosbr/bigoilict/share/BigOil/document_generator/datasets/documents_2021_12_28/23bol3_20211228_164327_7236679146_600_800.png,23bol3_20211228_164327_7236679146_600_800_mask.png,-2210.5%
14,4,28,9,389,268,417,277,389,271,417,268,417,275,390,277,sub_line_text,figure_text,figure_1,,,,23bol3_20211228_164327_7236679146_600_800.png,/scratch/parceirosbr/bigoilict/share/BigOil/document_generator/datasets/documents_2021_12_28/23bol3_20211228_164327_7236679146_600_800.png,23bol3_20211228_164327_7236679146_600_800_mask.png,-2210.5%
14,5,29,10,353,332,382,342,353,334,381,332,382,340,353,342,text,figure_text,figure_1,,,,23bol3_20211228_164327_7236679146_600_800.png,/scratch/parceirosbr/bigoilict/share/BigOil/document_generator/datasets/documents_2021_12_28/23bol3_20211228_164327_7236679146_600_800.png,23bol3_20211228_164327_7236679146_600_800_mask.png,Data (GB)
14,5,29,10,353,332,382,342,353,334,381,332,382,340,353,342,sub_line_text,figure_text,figure_1,,,,23bol3_20211228_164327_7236679146_600_800.png,/scratch/parceirosbr/bigoilict/share/BigOil/document_generator/datasets/documents_2021_12_28/23bol3_20211228_164327_7236679146_600_800.png,23bol3_20211228_164327_7236679146_600_800_mask.png,Data (GB)
9,4,19,8,357,277,376,285,357,279,376,277,376,284,358,285,text,figure_text,figure_1,,,,23bol3_20211228_164327_7236679146_600_800.png,/scratch/parceirosbr/bigoilict/share/BigOil/document_generator/datasets/documents_2021_12_28/23bol3_20211228_164327_7236679146_600_800.png,23bol3_20211228_164327_7236679146_600_800_mask.png,-866.9
9,4,19,8,357,277,376,285,357,279,376,277,376,284,358,285,sub_line_text,figure_text,figure_1,,,,23bol3_20211228_164327_7236679146_600_800.png,/scratch/parceirosbr/bigoilict/share/BigOil/document_generator/datasets/documents_2021_12_28/23bol3_20211228_164327_7236679146_600_800.png,23bol3_20211228_164327_7236679146_600_800_mask.png,-866.9
12,5,25,10,413,326,438,336,413,328,437,326,438,334,413,336,text,figure_text,figure_1,,,,23bol3_20211228_164327_7236679146_600_800.png,/scratch/parceirosbr/bigoilict/share/BigOil/document_generator/datasets/documents_2021_12_28/23bol3_20211228_164327_7236679146_600_800.png,23bol3_20211228_164327_7236679146_600_800_mask.png,Capacity
12,5,25,10,413,326,438,336,413,328,437,326,438,334,413,336,sub_line_text,figure_text,figure_1,,,,23bol3_20211228_164327_7236679146_600_800.png,/scratch/parceirosbr/bigoilict/share/BigOil/document_generator/datasets/documents_2021_12_28/23bol3_20211228_164327_7236679146_600_800.png,23bol3_20211228_164327_7236679146_600_800_mask.png,Capacity
8,4,17,8,385,317,402,325,385,319,402,317,402,324,386,325,text,figure_text,figure_1,,,,23bol3_20211228_164327_7236679146_600_800.png,/scratch/parceirosbr/bigoilict/share/BigOil/document_generator/datasets/documents_2021_12_28/23bol3_20211228_164327_7236679146_600_800.png,23bol3_20211228_164327_7236679146_600_800_mask.png,-3908
8,4,17,8,385,317,402,325,385,319,402,317,402,324,386,325,sub_line_text,figure_text,figure_1,,,,23bol3_20211228_164327_7236679146_600_800.png,/scratch/parceirosbr/bigoilict/share/BigOil/document_generator/datasets/documents_2021_12_28/23bol3_20211228_164327_7236679146_600_800.png,23bol3_20211228_164327_7236679146_600_800_mask.png,-3908
59,5,118,11,88,254,206,265,88,254,206,254,206,265,88,265,sub_line_text,figure_legend,figure_1,times,regular,8,23bol3_20211228_164327_7236679146_600_800.png,/scratch/parceirosbr/bigoilict/share/BigOil/document_generator/datasets/documents_2021_12_28/23bol3_20211228_164327_7236679146_600_800.png,23bol3_20211228_164327_7236679146_600_800_mask.png,Figura   99:    A  matriz  de  decis√£-
59,5,118,11,88,265,206,276,88,265,206,265,206,276,88,276,sub_line_text,figure_legend,figure_1,times,regular,8,23bol3_20211228_164327_7236679146_600_800.png,/scratch/parceirosbr/bigoilict/share/BigOil/document_generator/datasets/documents_2021_12_28/23bol3_20211228_164327_7236679146_600_800.png,23bol3_20211228_164327_7236679146_600_800_mask.png,"o,   indica   as  vari√°veis  associadas"
59,5,118,11,88,276,206,287,88,276,206,276,206,287,88,287,sub_line_text,figure_legend,figure_1,times,regular,8,23bol3_20211228_164327_7236679146_600_800.png,/scratch/parceirosbr/bigoilict/share/BigOil/document_generator/datasets/documents_2021_12_28/23bol3_20211228_164327_7236679146_600_800.png,23bol3_20211228_164327_7236679146_600_800_mask.png,aos   componentes  principais  e  se-
59,5,119,11,88,287,207,298,88,287,207,287,207,298,88,298,sub_line_text,figure_legend,figure_1,times,regular,8,23bol3_20211228_164327_7236679146_600_800.png,/scratch/parceirosbr/bigoilict/share/BigOil/document_generator/datasets/documents_2021_12_28/23bol3_20211228_164327_7236679146_600_800.png,23bol3_20211228_164327_7236679146_600_800_mask.png,cund√°rios  (ordenados  no  que  ser√°
52,5,105,11,88,298,193,309,88,298,192,298,193,309,89,309,sub_line_text,figure_legend,figure_1,times,regular,8,23bol3_20211228_164327_7236679146_600_800.png,/scratch/parceirosbr/bigoilict/share/BigOil/document_generator/datasets/documents_2021_12_28/23bol3_20211228_164327_7236679146_600_800.png,23bol3_20211228_164327_7236679146_600_800_mask.png,descrito posteriormente) que de
59,27,119,55,88,254,207,309,88,254,207,254,207,309,88,309,text,figure_legend,figure_1,times,regular,8,23bol3_20211228_164327_7236679146_600_800.png,/scratch/parceirosbr/bigoilict/share/BigOil/document_generator/datasets/documents_2021_12_28/23bol3_20211228_164327_7236679146_600_800.png,23bol3_20211228_164327_7236679146_600_800_mask.png,nan
59,5,119,11,89,324,208,335,89,324,208,324,208,335,89,335,sub_line_text,figure_legend,figure_1,times,regular,8,23bol3_20211228_164327_7236679146_600_800.png,/scratch/parceirosbr/bigoilict/share/BigOil/document_generator/datasets/documents_2021_12_28/23bol3_20211228_164327_7236679146_600_800.png,23bol3_20211228_164327_7236679146_600_800_mask.png,Figura   76:      Os  resultados  apre-
59,5,119,11,89,335,208,346,89,335,208,335,208,346,89,346,sub_line_text,figure_legend,figure_1,times,regular,8,23bol3_20211228_164327_7236679146_600_800.png,/scratch/parceirosbr/bigoilict/share/BigOil/document_generator/datasets/documents_2021_12_28/23bol3_20211228_164327_7236679146_600_800.png,23bol3_20211228_164327_7236679146_600_800_mask.png,"sentados   na   09,   obtidos   a  partir"
59,5,118,11,89,346,207,357,89,346,207,346,207,357,89,357,sub_line_text,figure_legend,figure_1,times,regular,8,23bol3_20211228_164327_7236679146_600_800.png,/scratch/parceirosbr/bigoilict/share/BigOil/document_generator/datasets/documents_2021_12_28/23bol3_20211228_164327_7236679146_600_800.png,23bol3_20211228_164327_7236679146_600_800_mask.png,do  teste  de  especia√ß√£o  de  e  pela
59,5,118,11,89,357,207,368,89,357,207,357,207,368,89,368,sub_line_text,figure_legend,figure_1,times,regular,8,23bol3_20211228_164327_7236679146_600_800.png,/scratch/parceirosbr/bigoilict/share/BigOil/document_generator/datasets/documents_2021_12_28/23bol3_20211228_164327_7236679146_600_800.png,23bol3_20211228_164327_7236679146_600_800_mask.png,demostram   que   o   agente  ligante
50,5,101,11,89,368,190,379,89,368,190,368,190,379,89,379,sub_line_text,figure_legend,figure_1,times,regular,8,23bol3_20211228_164327_7236679146_600_800.png,/scratch/parceirosbr/bigoilict/share/BigOil/document_generator/datasets/documents_2021_12_28/23bol3_20211228_164327_7236679146_600_800.png,23bol3_20211228_164327_7236679146_600_800_mask.png,cerevisiae ret√©m quantitativa e
59,27,119,55,89,324,208,379,89,324,208,324,208,379,89,379,text,figure_legend,figure_1,times,regular,8,23bol3_20211228_164327_7236679146_600_800.png,/scratch/parceirosbr/bigoilict/share/BigOil/document_generator/datasets/documents_2021_12_28/23bol3_20211228_164327_7236679146_600_800.png,23bol3_20211228_164327_7236679146_600_800_mask.png,nan
83,6,167,12,96,409,263,421,96,409,263,409,263,421,96,421,sub_line_text,text,text_0,times,regular,9,23bol3_20211228_164327_7236679146_600_800.png,/scratch/parceirosbr/bigoilict/share/BigOil/document_generator/datasets/documents_2021_12_28/23bol3_20211228_164327_7236679146_600_800.png,23bol3_20211228_164327_7236679146_600_800_mask.png,"Ou  seja,  uma  dist√¢ncia  de  valor n√∫mero 5"
91,6,182,13,82,420,264,433,82,421,264,420,264,432,82,433,sub_line_text,text,text_0,times,regular,9,23bol3_20211228_164327_7236679146_600_800.png,/scratch/parceirosbr/bigoilict/share/BigOil/document_generator/datasets/documents_2021_12_28/23bol3_20211228_164327_7236679146_600_800.png,23bol3_20211228_164327_7236679146_600_800_mask.png,para  o  pode  ser  para alguns casosuma sa√≠da c-
90,6,181,13,82,432,263,445,82,433,263,432,263,444,82,445,sub_line_text,text,text_0,times,regular,9,23bol3_20211228_164327_7236679146_600_800.png,/scratch/parceirosbr/bigoilict/share/BigOil/document_generator/datasets/documents_2021_12_28/23bol3_20211228_164327_7236679146_600_800.png,23bol3_20211228_164327_7236679146_600_800_mask.png,"onfi√°vel,   para   outros  n√£o.  necess√°rio  treinar"
90,6,181,13,82,444,263,457,82,445,263,444,263,456,82,457,sub_line_text,text,text_0,times,regular,9,23bol3_20211228_164327_7236679146_600_800.png,/scratch/parceirosbr/bigoilict/share/BigOil/document_generator/datasets/documents_2021_12_28/23bol3_20211228_164327_7236679146_600_800.png,23bol3_20211228_164327_7236679146_600_800_mask.png,para  quais  dist√¢ncias existe uma52. Acredita--
91,6,182,13,82,456,264,469,82,457,264,456,264,468,82,469,sub_line_text,text,text_0,times,regular,9,23bol3_20211228_164327_7236679146_600_800.png,/scratch/parceirosbr/bigoilict/share/BigOil/document_generator/datasets/documents_2021_12_28/23bol3_20211228_164327_7236679146_600_800.png,23bol3_20211228_164327_7236679146_600_800_mask.png,se  que  o  tempo  de emulsifica√ß√£o n√£o tenha si-
91,6,182,13,82,468,264,481,82,469,264,468,264,480,82,481,sub_line_text,text,text_0,times,regular,9,23bol3_20211228_164327_7236679146_600_800.png,/scratch/parceirosbr/bigoilict/share/BigOil/document_generator/datasets/documents_2021_12_28/23bol3_20211228_164327_7236679146_600_800.png,23bol3_20211228_164327_7236679146_600_800_mask.png,do  o  bastante  para  homogeneizar  a mistura 1-
91,6,182,13,82,480,264,493,82,481,264,480,264,492,82,493,sub_line_text,text,text_0,times,regular,9,23bol3_20211228_164327_7236679146_600_800.png,/scratch/parceirosbr/bigoilict/share/BigOil/document_generator/datasets/documents_2021_12_28/23bol3_20211228_164327_7236679146_600_800.png,23bol3_20211228_164327_7236679146_600_800_mask.png,"00%,  fazendo  com que a sedimenta√ß√£o tenha s-"
90,6,181,13,82,492,263,505,82,493,263,492,263,504,82,505,sub_line_text,text,text_0,times,regular,9,23bol3_20211228_164327_7236679146_600_800.png,/scratch/parceirosbr/bigoilict/share/BigOil/document_generator/datasets/documents_2021_12_28/23bol3_20211228_164327_7236679146_600_800.png,23bol3_20211228_164327_7236679146_600_800_mask.png,ido  fora  do  padr√£o.  Uma  pequena  fase de im-
84,6,168,13,82,504,250,517,82,505,250,504,250,516,82,517,sub_line_text,text,text_0,times,regular,9,23bol3_20211228_164327_7236679146_600_800.png,/scratch/parceirosbr/bigoilict/share/BigOil/document_generator/datasets/documents_2021_12_28/23bol3_20211228_164327_7236679146_600_800.png,23bol3_20211228_164327_7236679146_600_800_mask.png,purezas foi observada para a amostra prepar.
91,54,182,109,82,408,264,517,82,409,264,408,264,516,82,517,text,text,text_0,times,regular,9,23bol3_20211228_164327_7236679146_600_800.png,/scratch/parceirosbr/bigoilict/share/BigOil/document_generator/datasets/documents_2021_12_28/23bol3_20211228_164327_7236679146_600_800.png,23bol3_20211228_164327_7236679146_600_800_mask.png,nan
89,7,179,14,82,516,261,530,82,517,261,516,261,529,82,530,sub_line_text,subsubtitle,subsubtitle_0,times,bolditalic,11,23bol3_20211228_164327_7236679146_600_800.png,/scratch/parceirosbr/bigoilict/share/BigOil/document_generator/datasets/documents_2021_12_28/23bol3_20211228_164327_7236679146_600_800.png,23bol3_20211228_164327_7236679146_600_800_mask.png,Uso    condi√ß√µes    supercr√≠ticas    uma
35,6,70,13,82,530,152,543,82,530,152,530,152,543,82,543,sub_line_text,subsubtitle,subsubtitle_0,times,bolditalic,11,23bol3_20211228_164327_7236679146_600_800.png,/scratch/parceirosbr/bigoilict/share/BigOil/document_generator/datasets/documents_2021_12_28/23bol3_20211228_164327_7236679146_600_800.png,23bol3_20211228_164327_7236679146_600_800_mask.png,alternativa tem
89,13,179,27,82,516,261,543,82,517,261,516,261,542,82,543,title,subsubtitle,subsubtitle_0,times,bolditalic,11,23bol3_20211228_164327_7236679146_600_800.png,/scratch/parceirosbr/bigoilict/share/BigOil/document_generator/datasets/documents_2021_12_28/23bol3_20211228_164327_7236679146_600_800.png,23bol3_20211228_164327_7236679146_600_800_mask.png,nan
83,6,167,12,96,543,263,555,96,543,263,543,263,555,96,555,sub_line_text,text,text_1,times,regular,9,23bol3_20211228_164327_7236679146_600_800.png,/scratch/parceirosbr/bigoilict/share/BigOil/document_generator/datasets/documents_2021_12_28/23bol3_20211228_164327_7236679146_600_800.png,23bol3_20211228_164327_7236679146_600_800_mask.png,"Beijerinckii   791  produced  1,3-PDO  from"
90,6,181,13,82,554,263,567,82,555,263,554,263,566,82,567,sub_line_text,text,text_1,times,regular,9,23bol3_20211228_164327_7236679146_600_800.png,/scratch/parceirosbr/bigoilict/share/BigOil/document_generator/datasets/documents_2021_12_28/23bol3_20211228_164327_7236679146_600_800.png,23bol3_20211228_164327_7236679146_600_800_mask.png,glycerol  as  themain  product at a high yield of
91,6,182,13,82,566,264,579,82,567,264,566,264,578,82,579,sub_line_text,text,text_1,times,regular,9,23bol3_20211228_164327_7236679146_600_800.png,/scratch/parceirosbr/bigoilict/share/BigOil/document_generator/datasets/documents_2021_12_28/23bol3_20211228_164327_7236679146_600_800.png,23bol3_20211228_164327_7236679146_600_800_mask.png,0.55  g/g.  de  de novos adsorventes para aplica-
90,6,181,13,82,578,263,591,82,579,263,578,263,590,82,591,sub_line_text,text,text_1,times,regular,9,23bol3_20211228_164327_7236679146_600_800.png,/scratch/parceirosbr/bigoilict/share/BigOil/document_generator/datasets/documents_2021_12_28/23bol3_20211228_164327_7236679146_600_800.png,23bol3_20211228_164327_7236679146_600_800_mask.png,√ß√£o  na  separa√ß√£o  dos is√¥meros do xileno. Por-
91,6,182,13,82,590,264,603,82,591,263,590,264,602,83,603,sub_line_text,text,text_1,times,regular,9,23bol3_20211228_164327_7236679146_600_800.png,/scratch/parceirosbr/bigoilict/share/BigOil/document_generator/datasets/documents_2021_12_28/23bol3_20211228_164327_7236679146_600_800.png,23bol3_20211228_164327_7236679146_600_800_mask.png,"√©m,  num  cen√°rio  econ√¥mico  recessivo,  o  ano"
85,6,170,13,83,602,253,615,83,603,253,602,253,614,83,615,sub_line_text,text,text_1,times,regular,9,23bol3_20211228_164327_7236679146_600_800.png,/scratch/parceirosbr/bigoilict/share/BigOil/document_generator/datasets/documents_2021_12_28/23bol3_20211228_164327_7236679146_600_800.png,23bol3_20211228_164327_7236679146_600_800_mask.png,"de 2016 representou, para o setor de lubrific."
91,36,182,73,82,542,264,615,82,543,264,542,264,614,82,615,text,text,text_1,times,regular,9,23bol3_20211228_164327_7236679146_600_800.png,/scratch/parceirosbr/bigoilict/share/BigOil/document_generator/datasets/documents_2021_12_28/23bol3_20211228_164327_7236679146_600_800.png,23bol3_20211228_164327_7236679146_600_800_mask.png,nan
76,36,152,73,277,408,429,481,277,409,429,408,429,480,277,481,list,list,list_1,times,times,9,23bol3_20211228_164327_7236679146_600_800.png,/scratch/parceirosbr/bigoilict/share/BigOil/document_generator/datasets/documents_2021_12_28/23bol3_20211228_164327_7236679146_600_800.png,23bol3_20211228_164327_7236679146_600_800_mask.png,
32,6,65,13,277,408,342,421,277,409,342,408,342,420,277,421,sub_line_text,list,list_1,times,regular,9,23bol3_20211228_164327_7236679146_600_800.png,/scratch/parceirosbr/bigoilict/share/BigOil/document_generator/datasets/documents_2021_12_28/23bol3_20211228_164327_7236679146_600_800.png,23bol3_20211228_164327_7236679146_600_800_mask.png,*  Entre janeiro e
42,6,84,13,277,420,361,433,277,421,361,420,361,432,277,433,sub_line_text,list,list_1,times,regular,9,23bol3_20211228_164327_7236679146_600_800.png,/scratch/parceirosbr/bigoilict/share/BigOil/document_generator/datasets/documents_2021_12_28/23bol3_20211228_164327_7236679146_600_800.png,23bol3_20211228_164327_7236679146_600_800_mask.png,*  Com a utiliza√ß√£o da
63,6,126,13,277,432,403,445,277,433,403,432,403,444,277,445,sub_line_text,list,list_1,times,regular,9,23bol3_20211228_164327_7236679146_600_800.png,/scratch/parceirosbr/bigoilict/share/BigOil/document_generator/datasets/documents_2021_12_28/23bol3_20211228_164327_7236679146_600_800.png,23bol3_20211228_164327_7236679146_600_800_mask.png,*  Em outro recipiente devem ser
58,6,116,13,277,444,393,457,277,445,393,444,393,456,277,457,sub_line_text,list,list_1,times,regular,9,23bol3_20211228_164327_7236679146_600_800.png,/scratch/parceirosbr/bigoilict/share/BigOil/document_generator/datasets/documents_2021_12_28/23bol3_20211228_164327_7236679146_600_800.png,23bol3_20211228_164327_7236679146_600_800_mask.png,*  Os catalisadores preparados
53,6,106,13,277,456,383,469,277,457,383,456,383,468,277,469,sub_line_text,list,list_1,times,regular,9,23bol3_20211228_164327_7236679146_600_800.png,/scratch/parceirosbr/bigoilict/share/BigOil/document_generator/datasets/documents_2021_12_28/23bol3_20211228_164327_7236679146_600_800.png,23bol3_20211228_164327_7236679146_600_800_mask.png,"*  Nesta teoria, o objetivo √©"
76,6,152,13,277,468,429,481,277,469,429,468,429,480,277,481,sub_line_text,list,list_1,times,regular,9,23bol3_20211228_164327_7236679146_600_800.png,/scratch/parceirosbr/bigoilict/share/BigOil/document_generator/datasets/documents_2021_12_28/23bol3_20211228_164327_7236679146_600_800.png,23bol3_20211228_164327_7236679146_600_800_mask.png,*  Sugere-se para interpreta√ß√£o de dados
83,6,167,13,291,480,458,493,291,481,458,480,458,492,291,493,sub_line_text,text,text_2,times,regular,9,23bol3_20211228_164327_7236679146_600_800.png,/scratch/parceirosbr/bigoilict/share/BigOil/document_generator/datasets/documents_2021_12_28/23bol3_20211228_164327_7236679146_600_800.png,23bol3_20211228_164327_7236679146_600_800_mask.png,"Hoje,  o  de  √©  de  longe  o  maior produtor e"
91,6,182,13,277,492,459,505,277,493,459,492,459,504,277,505,sub_line_text,text,text_2,times,regular,9,23bol3_20211228_164327_7236679146_600_800.png,/scratch/parceirosbr/bigoilict/share/BigOil/document_generator/datasets/documents_2021_12_28/23bol3_20211228_164327_7236679146_600_800.png,23bol3_20211228_164327_7236679146_600_800_mask.png,maior  consumidor  de  etanol do pa√≠s. Historic-
90,6,181,13,277,504,458,517,277,505,458,504,458,516,277,517,sub_line_text,text,text_2,times,regular,9,23bol3_20211228_164327_7236679146_600_800.png,/scratch/parceirosbr/bigoilict/share/BigOil/document_generator/datasets/documents_2021_12_28/23bol3_20211228_164327_7236679146_600_800.png,23bol3_20211228_164327_7236679146_600_800_mask.png,"amente,  produziu-se  butanol  por  meio do m√©-"
91,6,182,13,277,516,459,529,277,517,459,516,459,528,277,529,sub_line_text,text,text_2,times,regular,9,23bol3_20211228_164327_7236679146_600_800.png,/scratch/parceirosbr/bigoilict/share/BigOil/document_generator/datasets/documents_2021_12_28/23bol3_20211228_164327_7236679146_600_800.png,23bol3_20211228_164327_7236679146_600_800_mask.png,todo   que  utiliza  uma  linhagem  espec√≠fica  de
91,6,182,13,277,528,459,541,277,529,459,528,459,540,277,541,sub_line_text,text,text_2,times,regular,9,23bol3_20211228_164327_7236679146_600_800.png,/scratch/parceirosbr/bigoilict/share/BigOil/document_generator/datasets/documents_2021_12_28/23bol3_20211228_164327_7236679146_600_800.png,23bol3_20211228_164327_7236679146_600_800_mask.png,bact√©ria   como  biocatalisador  no  processo  de
90,6,181,13,277,540,458,553,277,541,458,540,458,552,277,553,sub_line_text,text,text_2,times,regular,9,23bol3_20211228_164327_7236679146_600_800.png,/scratch/parceirosbr/bigoilict/share/BigOil/document_generator/datasets/documents_2021_12_28/23bol3_20211228_164327_7236679146_600_800.png,23bol3_20211228_164327_7236679146_600_800_mask.png,"fermenta√ß√£o   do   amido,   produzindo  butanol,"
91,6,182,13,277,552,459,565,277,553,459,552,459,564,277,565,sub_line_text,text,text_2,times,regular,9,23bol3_20211228_164327_7236679146_600_800.png,/scratch/parceirosbr/bigoilict/share/BigOil/document_generator/datasets/documents_2021_12_28/23bol3_20211228_164327_7236679146_600_800.png,23bol3_20211228_164327_7236679146_600_800_mask.png,acetona  e  etanol  na  propor√ß√£o  6:3:1 (por pes-
91,6,182,13,277,564,459,577,277,565,459,564,459,576,277,577,sub_line_text,text,text_2,times,regular,9,23bol3_20211228_164327_7236679146_600_800.png,/scratch/parceirosbr/bigoilict/share/BigOil/document_generator/datasets/documents_2021_12_28/23bol3_20211228_164327_7236679146_600_800.png,23bol3_20211228_164327_7236679146_600_800_mask.png,"o),   respectivamente.   Gretas  de  contra√ß√£o  s√£o"
86,6,173,13,277,576,450,589,277,577,450,576,450,588,277,589,sub_line_text,text,text_2,times,regular,9,23bol3_20211228_164327_7236679146_600_800.png,/scratch/parceirosbr/bigoilict/share/BigOil/document_generator/datasets/documents_2021_12_28/23bol3_20211228_164327_7236679146_600_800.png,23bol3_20211228_164327_7236679146_600_800_mask.png,muito abundantes e podem ocorrer em camad.
91,54,182,109,277,480,459,589,277,481,459,480,459,588,277,589,text,text,text_2,times,regular,9,23bol3_20211228_164327_7236679146_600_800.png,/scratch/parceirosbr/bigoilict/share/BigOil/document_generator/datasets/documents_2021_12_28/23bol3_20211228_164327_7236679146_600_800.png,23bol3_20211228_164327_7236679146_600_800_mask.png,nan
84,6,168,13,291,588,459,601,291,589,458,588,459,600,292,601,sub_line_text,text,text_3,times,regular,9,23bol3_20211228_164327_7236679146_600_800.png,/scratch/parceirosbr/bigoilict/share/BigOil/document_generator/datasets/documents_2021_12_28/23bol3_20211228_164327_7236679146_600_800.png,23bol3_20211228_164327_7236679146_600_800_mask.png,"Contudo,  existem artigos que citam sua ap-"
91,6,182,13,278,600,460,613,278,601,460,600,460,612,278,613,sub_line_text,text,text_3,times,regular,9,23bol3_20211228_164327_7236679146_600_800.png,/scratch/parceirosbr/bigoilict/share/BigOil/document_generator/datasets/documents_2021_12_28/23bol3_20211228_164327_7236679146_600_800.png,23bol3_20211228_164327_7236679146_600_800_mask.png,lica√ß√£o  para  a  soldagem  de  raiz em tubos. Co-
86,6,173,13,278,612,451,625,278,613,451,612,451,624,278,625,sub_line_text,text,text_3,times,regular,9,23bol3_20211228_164327_7236679146_600_800.png,/scratch/parceirosbr/bigoilict/share/BigOil/document_generator/datasets/documents_2021_12_28/23bol3_20211228_164327_7236679146_600_800.png,23bol3_20211228_164327_7236679146_600_800_mask.png,"mo √∫ltimo caso de avalia√ß√£o, consideramos a."
91,18,183,37,277,588,460,625,277,589,459,588,460,624,278,625,text,text,text_3,times,regular,9,23bol3_20211228_164327_7236679146_600_800.png,/scratch/parceirosbr/bigoilict/share/BigOil/document_generator/datasets/documents_2021_12_28/23bol3_20211228_164327_7236679146_600_800.png,23bol3_20211228_164327_7236679146_600_800_mask.png,nan
