center_x,center_y,width,height,xmin,ymin,xmax,ymax,top_left_x,top_left_y,top_right_x,top_right_y,bottom_right_x,bottom_right_y,bottom_left_x,bottom_left_y,label,grouplabel,group,text_font,text_style,size_font,filename,path,filename_mask,content
300,400,600,800,0,0,600,800,0,0,600,0,600,800,0,800,document,,,,,,23bol3_20211228_164327_8682451266_600_800.png,/scratch/parceirosbr/bigoilict/share/BigOil/document_generator/datasets/documents_2021_12_28/23bol3_20211228_164327_8682451266_600_800.png,23bol3_20211228_164327_8682451266_600_800_mask.png,
9,6,18,13,515,109,533,122,515,109,533,109,533,122,515,122,sub_line_text,header,header_1,opensans,regular,10,23bol3_20211228_164327_8682451266_600_800.png,/scratch/parceirosbr/bigoilict/share/BigOil/document_generator/datasets/documents_2021_12_28/23bol3_20211228_164327_8682451266_600_800.png,23bol3_20211228_164327_8682451266_600_800_mask.png,A j√°
9,6,18,13,515,109,533,122,515,109,533,109,533,122,515,122,text,header,header_1,opensans,regular,10,23bol3_20211228_164327_8682451266_600_800.png,/scratch/parceirosbr/bigoilict/share/BigOil/document_generator/datasets/documents_2021_12_28/23bol3_20211228_164327_8682451266_600_800.png,23bol3_20211228_164327_8682451266_600_800_mask.png,nan
190,1,380,2,154,121,534,123,154,121,534,121,534,123,154,123,line,line,line,,,,23bol3_20211228_164327_8682451266_600_800.png,/scratch/parceirosbr/bigoilict/share/BigOil/document_generator/datasets/documents_2021_12_28/23bol3_20211228_164327_8682451266_600_800.png,23bol3_20211228_164327_8682451266_600_800_mask.png,nan
190,0,380,1,154,670,534,671,154,670,534,670,534,671,154,671,line,line,line,,,,23bol3_20211228_164327_8682451266_600_800.png,/scratch/parceirosbr/bigoilict/share/BigOil/document_generator/datasets/documents_2021_12_28/23bol3_20211228_164327_8682451266_600_800.png,23bol3_20211228_164327_8682451266_600_800_mask.png,nan
6,6,12,12,521,670,533,682,521,670,533,670,533,682,521,682,sub_line_text,numpag,footer_1,opensans,regular,10,23bol3_20211228_164327_8682451266_600_800.png,/scratch/parceirosbr/bigoilict/share/BigOil/document_generator/datasets/documents_2021_12_28/23bol3_20211228_164327_8682451266_600_800.png,23bol3_20211228_164327_8682451266_600_800_mask.png,15
6,6,12,12,521,670,533,682,521,670,533,670,533,682,521,682,text,numpag,footer_1,opensans,regular,10,23bol3_20211228_164327_8682451266_600_800.png,/scratch/parceirosbr/bigoilict/share/BigOil/document_generator/datasets/documents_2021_12_28/23bol3_20211228_164327_8682451266_600_800.png,23bol3_20211228_164327_8682451266_600_800_mask.png,nan
105,63,211,126,164,173,375,299,164,173,375,173,375,299,164,299,image,figure_image,figure_0,,,,23bol3_20211228_164327_8682451266_600_800.png,/scratch/parceirosbr/bigoilict/share/BigOil/document_generator/datasets/documents_2021_12_28/23bol3_20211228_164327_8682451266_600_800.png,23bol3_20211228_164327_8682451266_600_800_mask.png,output/gen_img_20211228_164327_5639298298.png
7,6,14,12,234,176,248,188,234,184,245,176,248,180,236,188,text,figure_text,figure_0,,,,23bol3_20211228_164327_8682451266_600_800.png,/scratch/parceirosbr/bigoilict/share/BigOil/document_generator/datasets/documents_2021_12_28/23bol3_20211228_164327_8682451266_600_800.png,23bol3_20211228_164327_8682451266_600_800_mask.png,-2938.9
7,6,14,12,234,176,248,188,234,184,245,176,248,180,236,188,sub_line_text,figure_text,figure_0,,,,23bol3_20211228_164327_8682451266_600_800.png,/scratch/parceirosbr/bigoilict/share/BigOil/document_generator/datasets/documents_2021_12_28/23bol3_20211228_164327_8682451266_600_800.png,23bol3_20211228_164327_8682451266_600_800_mask.png,-2938.9
9,7,19,15,303,177,322,192,303,188,320,177,322,181,306,192,text,figure_text,figure_0,,,,23bol3_20211228_164327_8682451266_600_800.png,/scratch/parceirosbr/bigoilict/share/BigOil/document_generator/datasets/documents_2021_12_28/23bol3_20211228_164327_8682451266_600_800.png,23bol3_20211228_164327_8682451266_600_800_mask.png,Probability
9,7,19,15,303,177,322,192,303,188,320,177,322,181,306,192,sub_line_text,figure_text,figure_0,,,,23bol3_20211228_164327_8682451266_600_800.png,/scratch/parceirosbr/bigoilict/share/BigOil/document_generator/datasets/documents_2021_12_28/23bol3_20211228_164327_8682451266_600_800.png,23bol3_20211228_164327_8682451266_600_800_mask.png,Probability
8,6,17,13,341,196,358,209,341,206,355,196,358,200,343,209,text,figure_text,figure_0,,,,23bol3_20211228_164327_8682451266_600_800.png,/scratch/parceirosbr/bigoilict/share/BigOil/document_generator/datasets/documents_2021_12_28/23bol3_20211228_164327_8682451266_600_800.png,23bol3_20211228_164327_8682451266_600_800_mask.png,-564.67%
8,6,17,13,341,196,358,209,341,206,355,196,358,200,343,209,sub_line_text,figure_text,figure_0,,,,23bol3_20211228_164327_8682451266_600_800.png,/scratch/parceirosbr/bigoilict/share/BigOil/document_generator/datasets/documents_2021_12_28/23bol3_20211228_164327_8682451266_600_800.png,23bol3_20211228_164327_8682451266_600_800_mask.png,-564.67%
15,11,31,23,288,268,319,291,288,287,316,268,319,272,290,291,text,figure_text,figure_0,,,,23bol3_20211228_164327_8682451266_600_800.png,/scratch/parceirosbr/bigoilict/share/BigOil/document_generator/datasets/documents_2021_12_28/23bol3_20211228_164327_8682451266_600_800.png,23bol3_20211228_164327_8682451266_600_800_mask.png,Consumption (KB)
15,11,31,23,288,268,319,291,288,287,316,268,319,272,290,291,sub_line_text,figure_text,figure_0,,,,23bol3_20211228_164327_8682451266_600_800.png,/scratch/parceirosbr/bigoilict/share/BigOil/document_generator/datasets/documents_2021_12_28/23bol3_20211228_164327_8682451266_600_800.png,23bol3_20211228_164327_8682451266_600_800_mask.png,Consumption (KB)
6,5,12,10,295,253,307,263,295,259,305,253,307,257,298,263,text,figure_text,figure_0,,,,23bol3_20211228_164327_8682451266_600_800.png,/scratch/parceirosbr/bigoilict/share/BigOil/document_generator/datasets/documents_2021_12_28/23bol3_20211228_164327_8682451266_600_800.png,23bol3_20211228_164327_8682451266_600_800_mask.png,-167.5
6,5,12,10,295,253,307,263,295,259,305,253,307,257,298,263,sub_line_text,figure_text,figure_0,,,,23bol3_20211228_164327_8682451266_600_800.png,/scratch/parceirosbr/bigoilict/share/BigOil/document_generator/datasets/documents_2021_12_28/23bol3_20211228_164327_8682451266_600_800.png,23bol3_20211228_164327_8682451266_600_800_mask.png,-167.5
5,5,11,10,235,286,246,296,235,292,243,286,246,290,238,296,text,figure_text,figure_0,,,,23bol3_20211228_164327_8682451266_600_800.png,/scratch/parceirosbr/bigoilict/share/BigOil/document_generator/datasets/documents_2021_12_28/23bol3_20211228_164327_8682451266_600_800.png,23bol3_20211228_164327_8682451266_600_800_mask.png,-78.8
5,5,11,10,235,286,246,296,235,292,243,286,246,290,238,296,sub_line_text,figure_text,figure_0,,,,23bol3_20211228_164327_8682451266_600_800.png,/scratch/parceirosbr/bigoilict/share/BigOil/document_generator/datasets/documents_2021_12_28/23bol3_20211228_164327_8682451266_600_800.png,23bol3_20211228_164327_8682451266_600_800_mask.png,-78.8
8,7,17,14,246,240,263,254,246,250,260,240,263,244,248,254,text,figure_text,figure_0,,,,23bol3_20211228_164327_8682451266_600_800.png,/scratch/parceirosbr/bigoilict/share/BigOil/document_generator/datasets/documents_2021_12_28/23bol3_20211228_164327_8682451266_600_800.png,23bol3_20211228_164327_8682451266_600_800_mask.png,Data [GB]
8,7,17,14,246,240,263,254,246,250,260,240,263,244,248,254,sub_line_text,figure_text,figure_0,,,,23bol3_20211228_164327_8682451266_600_800.png,/scratch/parceirosbr/bigoilict/share/BigOil/document_generator/datasets/documents_2021_12_28/23bol3_20211228_164327_8682451266_600_800.png,23bol3_20211228_164327_8682451266_600_800_mask.png,Data [GB]
8,6,16,13,206,242,222,255,206,251,220,242,222,245,209,255,text,figure_text,figure_0,,,,23bol3_20211228_164327_8682451266_600_800.png,/scratch/parceirosbr/bigoilict/share/BigOil/document_generator/datasets/documents_2021_12_28/23bol3_20211228_164327_8682451266_600_800.png,23bol3_20211228_164327_8682451266_600_800_mask.png,-4493.86
8,6,16,13,206,242,222,255,206,251,220,242,222,245,209,255,sub_line_text,figure_text,figure_0,,,,23bol3_20211228_164327_8682451266_600_800.png,/scratch/parceirosbr/bigoilict/share/BigOil/document_generator/datasets/documents_2021_12_28/23bol3_20211228_164327_8682451266_600_800.png,23bol3_20211228_164327_8682451266_600_800_mask.png,-4493.86
15,11,31,23,211,262,242,285,211,282,239,262,242,266,213,285,text,figure_text,figure_0,,,,23bol3_20211228_164327_8682451266_600_800.png,/scratch/parceirosbr/bigoilict/share/BigOil/document_generator/datasets/documents_2021_12_28/23bol3_20211228_164327_8682451266_600_800.png,23bol3_20211228_164327_8682451266_600_800_mask.png,Consumption [GB]
15,11,31,23,211,262,242,285,211,282,239,262,242,266,213,285,sub_line_text,figure_text,figure_0,,,,23bol3_20211228_164327_8682451266_600_800.png,/scratch/parceirosbr/bigoilict/share/BigOil/document_generator/datasets/documents_2021_12_28/23bol3_20211228_164327_8682451266_600_800.png,23bol3_20211228_164327_8682451266_600_800_mask.png,Consumption [GB]
4,3,8,7,319,245,327,252,319,248,324,245,327,248,321,252,text,figure_text,figure_0,,,,23bol3_20211228_164327_8682451266_600_800.png,/scratch/parceirosbr/bigoilict/share/BigOil/document_generator/datasets/documents_2021_12_28/23bol3_20211228_164327_8682451266_600_800.png,23bol3_20211228_164327_8682451266_600_800_mask.png,184
4,3,8,7,319,245,327,252,319,248,324,245,327,248,321,252,sub_line_text,figure_text,figure_0,,,,23bol3_20211228_164327_8682451266_600_800.png,/scratch/parceirosbr/bigoilict/share/BigOil/document_generator/datasets/documents_2021_12_28/23bol3_20211228_164327_8682451266_600_800.png,23bol3_20211228_164327_8682451266_600_800_mask.png,184
15,11,31,22,202,209,233,231,202,228,230,209,233,213,205,231,text,figure_text,figure_0,,,,23bol3_20211228_164327_8682451266_600_800.png,/scratch/parceirosbr/bigoilict/share/BigOil/document_generator/datasets/documents_2021_12_28/23bol3_20211228_164327_8682451266_600_800.png,23bol3_20211228_164327_8682451266_600_800_mask.png,Temperature (a.c)
15,11,31,22,202,209,233,231,202,228,230,209,233,213,205,231,sub_line_text,figure_text,figure_0,,,,23bol3_20211228_164327_8682451266_600_800.png,/scratch/parceirosbr/bigoilict/share/BigOil/document_generator/datasets/documents_2021_12_28/23bol3_20211228_164327_8682451266_600_800.png,23bol3_20211228_164327_8682451266_600_800_mask.png,Temperature (a.c)
11,8,23,17,283,227,306,244,283,240,303,227,306,230,285,244,text,figure_text,figure_0,,,,23bol3_20211228_164327_8682451266_600_800.png,/scratch/parceirosbr/bigoilict/share/BigOil/document_generator/datasets/documents_2021_12_28/23bol3_20211228_164327_8682451266_600_800.png,23bol3_20211228_164327_8682451266_600_800_mask.png,Volume [MB]
11,8,23,17,283,227,306,244,283,240,303,227,306,230,285,244,sub_line_text,figure_text,figure_0,,,,23bol3_20211228_164327_8682451266_600_800.png,/scratch/parceirosbr/bigoilict/share/BigOil/document_generator/datasets/documents_2021_12_28/23bol3_20211228_164327_8682451266_600_800.png,23bol3_20211228_164327_8682451266_600_800_mask.png,Volume [MB]
9,7,18,14,254,175,272,189,254,185,269,175,272,179,256,189,text,figure_text,figure_0,,,,23bol3_20211228_164327_8682451266_600_800.png,/scratch/parceirosbr/bigoilict/share/BigOil/document_generator/datasets/documents_2021_12_28/23bol3_20211228_164327_8682451266_600_800.png,23bol3_20211228_164327_8682451266_600_800_mask.png,-6593.136
9,7,18,14,254,175,272,189,254,185,269,175,272,179,256,189,sub_line_text,figure_text,figure_0,,,,23bol3_20211228_164327_8682451266_600_800.png,/scratch/parceirosbr/bigoilict/share/BigOil/document_generator/datasets/documents_2021_12_28/23bol3_20211228_164327_8682451266_600_800.png,23bol3_20211228_164327_8682451266_600_800_mask.png,-6593.136
10,8,21,16,267,195,288,211,267,208,286,195,288,198,269,211,text,figure_text,figure_0,,,,23bol3_20211228_164327_8682451266_600_800.png,/scratch/parceirosbr/bigoilict/share/BigOil/document_generator/datasets/documents_2021_12_28/23bol3_20211228_164327_8682451266_600_800.png,23bol3_20211228_164327_8682451266_600_800_mask.png,Female [km]
10,8,21,16,267,195,288,211,267,208,286,195,288,198,269,211,sub_line_text,figure_text,figure_0,,,,23bol3_20211228_164327_8682451266_600_800.png,/scratch/parceirosbr/bigoilict/share/BigOil/document_generator/datasets/documents_2021_12_28/23bol3_20211228_164327_8682451266_600_800.png,23bol3_20211228_164327_8682451266_600_800_mask.png,Female [km]
13,10,27,20,168,203,195,223,168,219,192,203,195,207,171,223,text,figure_text,figure_0,,,,23bol3_20211228_164327_8682451266_600_800.png,/scratch/parceirosbr/bigoilict/share/BigOil/document_generator/datasets/documents_2021_12_28/23bol3_20211228_164327_8682451266_600_800.png,23bol3_20211228_164327_8682451266_600_800_mask.png,Processing [GB]
13,10,27,20,168,203,195,223,168,219,192,203,195,207,171,223,sub_line_text,figure_text,figure_0,,,,23bol3_20211228_164327_8682451266_600_800.png,/scratch/parceirosbr/bigoilict/share/BigOil/document_generator/datasets/documents_2021_12_28/23bol3_20211228_164327_8682451266_600_800.png,23bol3_20211228_164327_8682451266_600_800_mask.png,Processing [GB]
8,6,16,13,199,188,215,201,199,197,213,188,215,192,202,201,text,figure_text,figure_0,,,,23bol3_20211228_164327_8682451266_600_800.png,/scratch/parceirosbr/bigoilict/share/BigOil/document_generator/datasets/documents_2021_12_28/23bol3_20211228_164327_8682451266_600_800.png,23bol3_20211228_164327_8682451266_600_800_mask.png,Capacity
8,6,16,13,199,188,215,201,199,197,213,188,215,192,202,201,sub_line_text,figure_text,figure_0,,,,23bol3_20211228_164327_8682451266_600_800.png,/scratch/parceirosbr/bigoilict/share/BigOil/document_generator/datasets/documents_2021_12_28/23bol3_20211228_164327_8682451266_600_800.png,23bol3_20211228_164327_8682451266_600_800_mask.png,Capacity
7,6,15,12,176,225,191,237,176,233,188,225,191,229,179,237,text,figure_text,figure_0,,,,23bol3_20211228_164327_8682451266_600_800.png,/scratch/parceirosbr/bigoilict/share/BigOil/document_generator/datasets/documents_2021_12_28/23bol3_20211228_164327_8682451266_600_800.png,23bol3_20211228_164327_8682451266_600_800_mask.png,-990.4%
7,6,15,12,176,225,191,237,176,233,188,225,191,229,179,237,sub_line_text,figure_text,figure_0,,,,23bol3_20211228_164327_8682451266_600_800.png,/scratch/parceirosbr/bigoilict/share/BigOil/document_generator/datasets/documents_2021_12_28/23bol3_20211228_164327_8682451266_600_800.png,23bol3_20211228_164327_8682451266_600_800_mask.png,-990.4%
7,5,14,11,312,197,326,208,312,205,323,197,326,201,315,208,text,figure_text,figure_0,,,,23bol3_20211228_164327_8682451266_600_800.png,/scratch/parceirosbr/bigoilict/share/BigOil/document_generator/datasets/documents_2021_12_28/23bol3_20211228_164327_8682451266_600_800.png,23bol3_20211228_164327_8682451266_600_800_mask.png,-4113.5
7,5,14,11,312,197,326,208,312,205,323,197,326,201,315,208,sub_line_text,figure_text,figure_0,,,,23bol3_20211228_164327_8682451266_600_800.png,/scratch/parceirosbr/bigoilict/share/BigOil/document_generator/datasets/documents_2021_12_28/23bol3_20211228_164327_8682451266_600_800.png,23bol3_20211228_164327_8682451266_600_800_mask.png,-4113.5
8,6,16,13,238,193,254,206,238,202,251,193,254,196,240,206,text,figure_text,figure_0,,,,23bol3_20211228_164327_8682451266_600_800.png,/scratch/parceirosbr/bigoilict/share/BigOil/document_generator/datasets/documents_2021_12_28/23bol3_20211228_164327_8682451266_600_800.png,23bol3_20211228_164327_8682451266_600_800_mask.png,-2415.6%
8,6,16,13,238,193,254,206,238,202,251,193,254,196,240,206,sub_line_text,figure_text,figure_0,,,,23bol3_20211228_164327_8682451266_600_800.png,/scratch/parceirosbr/bigoilict/share/BigOil/document_generator/datasets/documents_2021_12_28/23bol3_20211228_164327_8682451266_600_800.png,23bol3_20211228_164327_8682451266_600_800_mask.png,-2415.6%
15,11,31,23,173,269,204,292,173,288,201,269,204,273,176,292,text,figure_text,figure_0,,,,23bol3_20211228_164327_8682451266_600_800.png,/scratch/parceirosbr/bigoilict/share/BigOil/document_generator/datasets/documents_2021_12_28/23bol3_20211228_164327_8682451266_600_800.png,23bol3_20211228_164327_8682451266_600_800_mask.png,Temperature [a.c]
15,11,31,23,173,269,204,292,173,288,201,269,204,273,176,292,sub_line_text,figure_text,figure_0,,,,23bol3_20211228_164327_8682451266_600_800.png,/scratch/parceirosbr/bigoilict/share/BigOil/document_generator/datasets/documents_2021_12_28/23bol3_20211228_164327_8682451266_600_800.png,23bol3_20211228_164327_8682451266_600_800_mask.png,Temperature [a.c]
7,6,14,12,235,216,249,228,235,224,246,216,249,220,238,228,text,figure_text,figure_0,,,,23bol3_20211228_164327_8682451266_600_800.png,/scratch/parceirosbr/bigoilict/share/BigOil/document_generator/datasets/documents_2021_12_28/23bol3_20211228_164327_8682451266_600_800.png,23bol3_20211228_164327_8682451266_600_800_mask.png,-9645.4
7,6,14,12,235,216,249,228,235,224,246,216,249,220,238,228,sub_line_text,figure_text,figure_0,,,,23bol3_20211228_164327_8682451266_600_800.png,/scratch/parceirosbr/bigoilict/share/BigOil/document_generator/datasets/documents_2021_12_28/23bol3_20211228_164327_8682451266_600_800.png,23bol3_20211228_164327_8682451266_600_800_mask.png,-9645.4
8,6,16,12,267,252,283,264,267,261,281,252,283,255,269,264,text,figure_text,figure_0,,,,23bol3_20211228_164327_8682451266_600_800.png,/scratch/parceirosbr/bigoilict/share/BigOil/document_generator/datasets/documents_2021_12_28/23bol3_20211228_164327_8682451266_600_800.png,23bol3_20211228_164327_8682451266_600_800_mask.png,Advance
8,6,16,12,267,252,283,264,267,261,281,252,283,255,269,264,sub_line_text,figure_text,figure_0,,,,23bol3_20211228_164327_8682451266_600_800.png,/scratch/parceirosbr/bigoilict/share/BigOil/document_generator/datasets/documents_2021_12_28/23bol3_20211228_164327_8682451266_600_800.png,23bol3_20211228_164327_8682451266_600_800_mask.png,Advance
7,6,15,12,266,220,281,232,266,229,278,220,281,224,269,232,text,figure_text,figure_0,,,,23bol3_20211228_164327_8682451266_600_800.png,/scratch/parceirosbr/bigoilict/share/BigOil/document_generator/datasets/documents_2021_12_28/23bol3_20211228_164327_8682451266_600_800.png,23bol3_20211228_164327_8682451266_600_800_mask.png,-6307%
7,6,15,12,266,220,281,232,266,229,278,220,281,224,269,232,sub_line_text,figure_text,figure_0,,,,23bol3_20211228_164327_8682451266_600_800.png,/scratch/parceirosbr/bigoilict/share/BigOil/document_generator/datasets/documents_2021_12_28/23bol3_20211228_164327_8682451266_600_800.png,23bol3_20211228_164327_8682451266_600_800_mask.png,-6307%
5,4,11,9,326,214,337,223,326,219,334,214,337,218,329,223,text,figure_text,figure_0,,,,23bol3_20211228_164327_8682451266_600_800.png,/scratch/parceirosbr/bigoilict/share/BigOil/document_generator/datasets/documents_2021_12_28/23bol3_20211228_164327_8682451266_600_800.png,23bol3_20211228_164327_8682451266_600_800_mask.png,-867
5,4,11,9,326,214,337,223,326,219,334,214,337,218,329,223,sub_line_text,figure_text,figure_0,,,,23bol3_20211228_164327_8682451266_600_800.png,/scratch/parceirosbr/bigoilict/share/BigOil/document_generator/datasets/documents_2021_12_28/23bol3_20211228_164327_8682451266_600_800.png,23bol3_20211228_164327_8682451266_600_800_mask.png,-867
9,7,18,14,343,250,361,264,343,260,359,250,361,254,346,264,text,figure_text,figure_0,,,,23bol3_20211228_164327_8682451266_600_800.png,/scratch/parceirosbr/bigoilict/share/BigOil/document_generator/datasets/documents_2021_12_28/23bol3_20211228_164327_8682451266_600_800.png,23bol3_20211228_164327_8682451266_600_800_mask.png,-5118.862
9,7,18,14,343,250,361,264,343,260,359,250,361,254,346,264,sub_line_text,figure_text,figure_0,,,,23bol3_20211228_164327_8682451266_600_800.png,/scratch/parceirosbr/bigoilict/share/BigOil/document_generator/datasets/documents_2021_12_28/23bol3_20211228_164327_8682451266_600_800.png,23bol3_20211228_164327_8682451266_600_800_mask.png,-5118.862
10,7,21,15,352,224,373,239,352,236,370,224,373,227,355,239,text,figure_text,figure_0,,,,23bol3_20211228_164327_8682451266_600_800.png,/scratch/parceirosbr/bigoilict/share/BigOil/document_generator/datasets/documents_2021_12_28/23bol3_20211228_164327_8682451266_600_800.png,23bol3_20211228_164327_8682451266_600_800_mask.png,Gender [BL]
10,7,21,15,352,224,373,239,352,236,370,224,373,227,355,239,sub_line_text,figure_text,figure_0,,,,23bol3_20211228_164327_8682451266_600_800.png,/scratch/parceirosbr/bigoilict/share/BigOil/document_generator/datasets/documents_2021_12_28/23bol3_20211228_164327_8682451266_600_800.png,23bol3_20211228_164327_8682451266_600_800_mask.png,Gender [BL]
40,6,81,12,444,165,525,177,444,165,525,165,525,177,444,177,sub_line_text,figure_legend,figure_0,opensans,regular,9,23bol3_20211228_164327_8682451266_600_800.png,/scratch/parceirosbr/bigoilict/share/BigOil/document_generator/datasets/documents_2021_12_28/23bol3_20211228_164327_8682451266_600_800.png,23bol3_20211228_164327_8682451266_600_800_mask.png,Figura   127:     Ano-
40,6,81,12,444,183,525,195,444,183,525,183,525,195,444,195,sub_line_text,figure_legend,figure_0,opensans,regular,9,23bol3_20211228_164327_8682451266_600_800.png,/scratch/parceirosbr/bigoilict/share/BigOil/document_generator/datasets/documents_2021_12_28/23bol3_20211228_164327_8682451266_600_800.png,23bol3_20211228_164327_8682451266_600_800_mask.png,tavam-se   os  valor-
36,6,73,12,444,201,517,213,444,201,517,201,517,213,444,213,sub_line_text,figure_legend,figure_0,opensans,regular,9,23bol3_20211228_164327_8682451266_600_800.png,/scratch/parceirosbr/bigoilict/share/BigOil/document_generator/datasets/documents_2021_12_28/23bol3_20211228_164327_8682451266_600_800.png,23bol3_20211228_164327_8682451266_600_800_mask.png,"es da press√£o, vol"
40,24,81,48,444,165,525,213,444,165,525,165,525,213,444,213,text,figure_legend,figure_0,opensans,regular,9,23bol3_20211228_164327_8682451266_600_800.png,/scratch/parceirosbr/bigoilict/share/BigOil/document_generator/datasets/documents_2021_12_28/23bol3_20211228_164327_8682451266_600_800.png,23bol3_20211228_164327_8682451266_600_800_mask.png,nan
40,6,80,12,444,228,524,240,444,228,524,228,524,240,444,240,sub_line_text,figure_legend,figure_0,opensans,regular,9,23bol3_20211228_164327_8682451266_600_800.png,/scratch/parceirosbr/bigoilict/share/BigOil/document_generator/datasets/documents_2021_12_28/23bol3_20211228_164327_8682451266_600_800.png,23bol3_20211228_164327_8682451266_600_800_mask.png,Figura   30:    A  me-
40,6,80,12,444,246,524,258,444,246,524,246,524,258,444,258,sub_line_text,figure_legend,figure_0,opensans,regular,9,23bol3_20211228_164327_8682451266_600_800.png,/scratch/parceirosbr/bigoilict/share/BigOil/document_generator/datasets/documents_2021_12_28/23bol3_20211228_164327_8682451266_600_800.png,23bol3_20211228_164327_8682451266_600_800_mask.png,di√ß√£o  de  tempera-
38,6,76,12,444,264,520,276,444,264,520,264,520,276,444,276,sub_line_text,figure_legend,figure_0,opensans,regular,9,23bol3_20211228_164327_8682451266_600_800.png,/scratch/parceirosbr/bigoilict/share/BigOil/document_generator/datasets/documents_2021_12_28/23bol3_20211228_164327_8682451266_600_800.png,23bol3_20211228_164327_8682451266_600_800_mask.png,tura experimental
40,24,80,48,444,228,524,276,444,228,524,228,524,276,444,276,text,figure_legend,figure_0,opensans,regular,9,23bol3_20211228_164327_8682451266_600_800.png,/scratch/parceirosbr/bigoilict/share/BigOil/document_generator/datasets/documents_2021_12_28/23bol3_20211228_164327_8682451266_600_800.png,23bol3_20211228_164327_8682451266_600_800_mask.png,nan
101,62,203,124,175,351,378,475,175,351,378,351,378,475,175,475,table,table_image,table_0,,,,23bol3_20211228_164327_8682451266_600_800.png,/scratch/parceirosbr/bigoilict/share/BigOil/document_generator/datasets/documents_2021_12_28/23bol3_20211228_164327_8682451266_600_800.png,23bol3_20211228_164327_8682451266_600_800_mask.png,output/gen_tab_20211228_164330_7085424892.png
18,4,37,9,205,354,242,363,205,354,242,354,242,363,205,363,text,table_text,table_0,arial,regular,10.0,23bol3_20211228_164327_8682451266_600_800.png,/scratch/parceirosbr/bigoilict/share/BigOil/document_generator/datasets/documents_2021_12_28/23bol3_20211228_164327_8682451266_600_800.png,23bol3_20211228_164327_8682451266_600_800_mask.png,tamanhos
18,4,37,9,205,354,242,363,205,354,242,354,242,363,205,363,sub_line_text,table_text,table_0,arial,regular,10.0,23bol3_20211228_164327_8682451266_600_800.png,/scratch/parceirosbr/bigoilict/share/BigOil/document_generator/datasets/documents_2021_12_28/23bol3_20211228_164327_8682451266_600_800.png,23bol3_20211228_164327_8682451266_600_800_mask.png,tamanhos
25,4,51,9,192,365,243,374,192,365,243,365,243,374,192,374,text,table_text,table_0,arial,regular,10.0,23bol3_20211228_164327_8682451266_600_800.png,/scratch/parceirosbr/bigoilict/share/BigOil/document_generator/datasets/documents_2021_12_28/23bol3_20211228_164327_8682451266_600_800.png,23bol3_20211228_164327_8682451266_600_800_mask.png,relativamente
25,4,51,9,192,365,243,374,192,365,243,365,243,374,192,374,sub_line_text,table_text,table_0,arial,regular,10.0,23bol3_20211228_164327_8682451266_600_800.png,/scratch/parceirosbr/bigoilict/share/BigOil/document_generator/datasets/documents_2021_12_28/23bol3_20211228_164327_8682451266_600_800.png,23bol3_20211228_164327_8682451266_600_800_mask.png,relativamente
11,4,22,9,221,383,243,392,221,383,243,383,243,392,221,392,text,table_text,table_0,arial,italic,10.0,23bol3_20211228_164327_8682451266_600_800.png,/scratch/parceirosbr/bigoilict/share/BigOil/document_generator/datasets/documents_2021_12_28/23bol3_20211228_164327_8682451266_600_800.png,23bol3_20211228_164327_8682451266_600_800_mask.png,79.11
11,4,22,9,221,383,243,392,221,383,243,383,243,392,221,392,sub_line_text,table_text,table_0,arial,italic,10.0,23bol3_20211228_164327_8682451266_600_800.png,/scratch/parceirosbr/bigoilict/share/BigOil/document_generator/datasets/documents_2021_12_28/23bol3_20211228_164327_8682451266_600_800.png,23bol3_20211228_164327_8682451266_600_800_mask.png,79.11
16,4,32,9,211,395,243,404,211,395,243,395,243,404,211,404,text,table_text,table_0,arial,italic,10.0,23bol3_20211228_164327_8682451266_600_800.png,/scratch/parceirosbr/bigoilict/share/BigOil/document_generator/datasets/documents_2021_12_28/23bol3_20211228_164327_8682451266_600_800.png,23bol3_20211228_164327_8682451266_600_800_mask.png,2320.46
16,4,32,9,211,395,243,404,211,395,243,395,243,404,211,404,sub_line_text,table_text,table_0,arial,italic,10.0,23bol3_20211228_164327_8682451266_600_800.png,/scratch/parceirosbr/bigoilict/share/BigOil/document_generator/datasets/documents_2021_12_28/23bol3_20211228_164327_8682451266_600_800.png,23bol3_20211228_164327_8682451266_600_800_mask.png,2320.46
11,4,22,9,221,408,243,417,221,408,243,408,243,417,221,417,text,table_text,table_0,arial,italic,10.0,23bol3_20211228_164327_8682451266_600_800.png,/scratch/parceirosbr/bigoilict/share/BigOil/document_generator/datasets/documents_2021_12_28/23bol3_20211228_164327_8682451266_600_800.png,23bol3_20211228_164327_8682451266_600_800_mask.png,47.00
11,4,22,9,221,408,243,417,221,408,243,408,243,417,221,417,sub_line_text,table_text,table_0,arial,italic,10.0,23bol3_20211228_164327_8682451266_600_800.png,/scratch/parceirosbr/bigoilict/share/BigOil/document_generator/datasets/documents_2021_12_28/23bol3_20211228_164327_8682451266_600_800.png,23bol3_20211228_164327_8682451266_600_800_mask.png,47.00
13,4,27,9,216,420,243,429,216,420,243,420,243,429,216,429,text,table_text,table_0,arial,italic,10.0,23bol3_20211228_164327_8682451266_600_800.png,/scratch/parceirosbr/bigoilict/share/BigOil/document_generator/datasets/documents_2021_12_28/23bol3_20211228_164327_8682451266_600_800.png,23bol3_20211228_164327_8682451266_600_800_mask.png,783.44
13,4,27,9,216,420,243,429,216,420,243,420,243,429,216,429,sub_line_text,table_text,table_0,arial,italic,10.0,23bol3_20211228_164327_8682451266_600_800.png,/scratch/parceirosbr/bigoilict/share/BigOil/document_generator/datasets/documents_2021_12_28/23bol3_20211228_164327_8682451266_600_800.png,23bol3_20211228_164327_8682451266_600_800_mask.png,783.44
18,4,37,9,206,432,243,441,206,432,243,432,243,441,206,441,text,table_text,table_0,arial,italic,10.0,23bol3_20211228_164327_8682451266_600_800.png,/scratch/parceirosbr/bigoilict/share/BigOil/document_generator/datasets/documents_2021_12_28/23bol3_20211228_164327_8682451266_600_800.png,23bol3_20211228_164327_8682451266_600_800_mask.png,49731.44
18,4,37,9,206,432,243,441,206,432,243,432,243,441,206,441,sub_line_text,table_text,table_0,arial,italic,10.0,23bol3_20211228_164327_8682451266_600_800.png,/scratch/parceirosbr/bigoilict/share/BigOil/document_generator/datasets/documents_2021_12_28/23bol3_20211228_164327_8682451266_600_800.png,23bol3_20211228_164327_8682451266_600_800_mask.png,49731.44
11,4,22,9,221,445,243,454,221,445,243,445,243,454,221,454,text,table_text,table_0,arial,italic,10.0,23bol3_20211228_164327_8682451266_600_800.png,/scratch/parceirosbr/bigoilict/share/BigOil/document_generator/datasets/documents_2021_12_28/23bol3_20211228_164327_8682451266_600_800.png,23bol3_20211228_164327_8682451266_600_800_mask.png,42.85
11,4,22,9,221,445,243,454,221,445,243,445,243,454,221,454,sub_line_text,table_text,table_0,arial,italic,10.0,23bol3_20211228_164327_8682451266_600_800.png,/scratch/parceirosbr/bigoilict/share/BigOil/document_generator/datasets/documents_2021_12_28/23bol3_20211228_164327_8682451266_600_800.png,23bol3_20211228_164327_8682451266_600_800_mask.png,42.85
13,4,27,9,216,457,243,466,216,457,243,457,243,466,216,466,text,table_text,table_0,arial,italic,10.0,23bol3_20211228_164327_8682451266_600_800.png,/scratch/parceirosbr/bigoilict/share/BigOil/document_generator/datasets/documents_2021_12_28/23bol3_20211228_164327_8682451266_600_800.png,23bol3_20211228_164327_8682451266_600_800_mask.png,809.32
13,4,27,9,216,457,243,466,216,457,243,457,243,466,216,466,sub_line_text,table_text,table_0,arial,italic,10.0,23bol3_20211228_164327_8682451266_600_800.png,/scratch/parceirosbr/bigoilict/share/BigOil/document_generator/datasets/documents_2021_12_28/23bol3_20211228_164327_8682451266_600_800.png,23bol3_20211228_164327_8682451266_600_800_mask.png,809.32
11,4,23,9,350,354,373,363,350,354,373,354,373,363,350,363,text,table_text,table_0,arial,regular,10.0,23bol3_20211228_164327_8682451266_600_800.png,/scratch/parceirosbr/bigoilict/share/BigOil/document_generator/datasets/documents_2021_12_28/23bol3_20211228_164327_8682451266_600_800.png,23bol3_20211228_164327_8682451266_600_800_mask.png,geram
11,4,23,9,350,354,373,363,350,354,373,354,373,363,350,363,sub_line_text,table_text,table_0,arial,regular,10.0,23bol3_20211228_164327_8682451266_600_800.png,/scratch/parceirosbr/bigoilict/share/BigOil/document_generator/datasets/documents_2021_12_28/23bol3_20211228_164327_8682451266_600_800.png,23bol3_20211228_164327_8682451266_600_800_mask.png,geram
16,4,32,9,342,365,374,374,342,365,374,365,374,374,342,374,text,table_text,table_0,arial,regular,10.0,23bol3_20211228_164327_8682451266_600_800.png,/scratch/parceirosbr/bigoilict/share/BigOil/document_generator/datasets/documents_2021_12_28/23bol3_20211228_164327_8682451266_600_800.png,23bol3_20211228_164327_8682451266_600_800_mask.png,medidas
16,4,32,9,342,365,374,374,342,365,374,365,374,374,342,374,sub_line_text,table_text,table_0,arial,regular,10.0,23bol3_20211228_164327_8682451266_600_800.png,/scratch/parceirosbr/bigoilict/share/BigOil/document_generator/datasets/documents_2021_12_28/23bol3_20211228_164327_8682451266_600_800.png,23bol3_20211228_164327_8682451266_600_800_mask.png,medidas
4,4,9,9,364,383,373,392,364,383,373,383,373,392,364,392,text,table_text,table_0,arial,italic,10.0,23bol3_20211228_164327_8682451266_600_800.png,/scratch/parceirosbr/bigoilict/share/BigOil/document_generator/datasets/documents_2021_12_28/23bol3_20211228_164327_8682451266_600_800.png,23bol3_20211228_164327_8682451266_600_800_mask.png,62
4,4,9,9,364,383,373,392,364,383,373,383,373,392,364,392,sub_line_text,table_text,table_0,arial,italic,10.0,23bol3_20211228_164327_8682451266_600_800.png,/scratch/parceirosbr/bigoilict/share/BigOil/document_generator/datasets/documents_2021_12_28/23bol3_20211228_164327_8682451266_600_800.png,23bol3_20211228_164327_8682451266_600_800_mask.png,62
4,4,9,9,364,395,373,404,364,395,373,395,373,404,364,404,text,table_text,table_0,arial,italic,10.0,23bol3_20211228_164327_8682451266_600_800.png,/scratch/parceirosbr/bigoilict/share/BigOil/document_generator/datasets/documents_2021_12_28/23bol3_20211228_164327_8682451266_600_800.png,23bol3_20211228_164327_8682451266_600_800_mask.png,42
4,4,9,9,364,395,373,404,364,395,373,395,373,404,364,404,sub_line_text,table_text,table_0,arial,italic,10.0,23bol3_20211228_164327_8682451266_600_800.png,/scratch/parceirosbr/bigoilict/share/BigOil/document_generator/datasets/documents_2021_12_28/23bol3_20211228_164327_8682451266_600_800.png,23bol3_20211228_164327_8682451266_600_800_mask.png,42
4,4,9,9,364,408,373,417,364,408,373,408,373,417,364,417,text,table_text,table_0,arial,italic,10.0,23bol3_20211228_164327_8682451266_600_800.png,/scratch/parceirosbr/bigoilict/share/BigOil/document_generator/datasets/documents_2021_12_28/23bol3_20211228_164327_8682451266_600_800.png,23bol3_20211228_164327_8682451266_600_800_mask.png,51
4,4,9,9,364,408,373,417,364,408,373,408,373,417,364,417,sub_line_text,table_text,table_0,arial,italic,10.0,23bol3_20211228_164327_8682451266_600_800.png,/scratch/parceirosbr/bigoilict/share/BigOil/document_generator/datasets/documents_2021_12_28/23bol3_20211228_164327_8682451266_600_800.png,23bol3_20211228_164327_8682451266_600_800_mask.png,51
2,4,4,9,369,420,373,429,369,420,373,420,373,429,369,429,text,table_text,table_0,arial,italic,10.0,23bol3_20211228_164327_8682451266_600_800.png,/scratch/parceirosbr/bigoilict/share/BigOil/document_generator/datasets/documents_2021_12_28/23bol3_20211228_164327_8682451266_600_800.png,23bol3_20211228_164327_8682451266_600_800_mask.png,3
2,4,4,9,369,420,373,429,369,420,373,420,373,429,369,429,sub_line_text,table_text,table_0,arial,italic,10.0,23bol3_20211228_164327_8682451266_600_800.png,/scratch/parceirosbr/bigoilict/share/BigOil/document_generator/datasets/documents_2021_12_28/23bol3_20211228_164327_8682451266_600_800.png,23bol3_20211228_164327_8682451266_600_800_mask.png,3
2,4,4,9,369,432,373,441,369,432,373,432,373,441,369,441,text,table_text,table_0,arial,italic,10.0,23bol3_20211228_164327_8682451266_600_800.png,/scratch/parceirosbr/bigoilict/share/BigOil/document_generator/datasets/documents_2021_12_28/23bol3_20211228_164327_8682451266_600_800.png,23bol3_20211228_164327_8682451266_600_800_mask.png,9
2,4,4,9,369,432,373,441,369,432,373,432,373,441,369,441,sub_line_text,table_text,table_0,arial,italic,10.0,23bol3_20211228_164327_8682451266_600_800.png,/scratch/parceirosbr/bigoilict/share/BigOil/document_generator/datasets/documents_2021_12_28/23bol3_20211228_164327_8682451266_600_800.png,23bol3_20211228_164327_8682451266_600_800_mask.png,9
4,4,9,9,364,445,373,454,364,445,373,445,373,454,364,454,text,table_text,table_0,arial,italic,10.0,23bol3_20211228_164327_8682451266_600_800.png,/scratch/parceirosbr/bigoilict/share/BigOil/document_generator/datasets/documents_2021_12_28/23bol3_20211228_164327_8682451266_600_800.png,23bol3_20211228_164327_8682451266_600_800_mask.png,78
4,4,9,9,364,445,373,454,364,445,373,445,373,454,364,454,sub_line_text,table_text,table_0,arial,italic,10.0,23bol3_20211228_164327_8682451266_600_800.png,/scratch/parceirosbr/bigoilict/share/BigOil/document_generator/datasets/documents_2021_12_28/23bol3_20211228_164327_8682451266_600_800.png,23bol3_20211228_164327_8682451266_600_800_mask.png,78
7,4,14,9,359,457,373,466,359,457,373,457,373,466,359,466,text,table_text,table_0,arial,italic,10.0,23bol3_20211228_164327_8682451266_600_800.png,/scratch/parceirosbr/bigoilict/share/BigOil/document_generator/datasets/documents_2021_12_28/23bol3_20211228_164327_8682451266_600_800.png,23bol3_20211228_164327_8682451266_600_800_mask.png,608
7,4,14,9,359,457,373,466,359,457,373,457,373,466,359,466,sub_line_text,table_text,table_0,arial,italic,10.0,23bol3_20211228_164327_8682451266_600_800.png,/scratch/parceirosbr/bigoilict/share/BigOil/document_generator/datasets/documents_2021_12_28/23bol3_20211228_164327_8682451266_600_800.png,23bol3_20211228_164327_8682451266_600_800_mask.png,608
32,6,64,12,462,343,526,355,462,343,526,343,526,355,462,355,sub_line_text,table_legend,table_0,opensans,regular,9,23bol3_20211228_164327_8682451266_600_800.png,/scratch/parceirosbr/bigoilict/share/BigOil/document_generator/datasets/documents_2021_12_28/23bol3_20211228_164327_8682451266_600_800.png,23bol3_20211228_164327_8682451266_600_800_mask.png,Table    46:       A
32,6,64,12,462,361,526,373,462,361,526,361,526,373,462,373,sub_line_text,table_legend,table_0,opensans,regular,9,23bol3_20211228_164327_8682451266_600_800.png,/scratch/parceirosbr/bigoilict/share/BigOil/document_generator/datasets/documents_2021_12_28/23bol3_20211228_164327_8682451266_600_800.png,23bol3_20211228_164327_8682451266_600_800_mask.png,√°gua   √©   usada
31,6,62,12,462,379,524,391,462,379,524,379,524,391,462,391,sub_line_text,table_legend,table_0,opensans,regular,9,23bol3_20211228_164327_8682451266_600_800.png,/scratch/parceirosbr/bigoilict/share/BigOil/document_generator/datasets/documents_2021_12_28/23bol3_20211228_164327_8682451266_600_800.png,23bol3_20211228_164327_8682451266_600_800_mask.png,nos trocadores
32,24,64,48,462,343,526,391,462,343,526,343,526,391,462,391,text,table_legend,table_0,opensans,regular,9,23bol3_20211228_164327_8682451266_600_800.png,/scratch/parceirosbr/bigoilict/share/BigOil/document_generator/datasets/documents_2021_12_28/23bol3_20211228_164327_8682451266_600_800.png,23bol3_20211228_164327_8682451266_600_800_mask.png,nan
32,6,64,12,462,406,526,418,462,406,526,406,526,418,462,418,sub_line_text,table_legend,table_0,opensans,regular,9,23bol3_20211228_164327_8682451266_600_800.png,/scratch/parceirosbr/bigoilict/share/BigOil/document_generator/datasets/documents_2021_12_28/23bol3_20211228_164327_8682451266_600_800.png,23bol3_20211228_164327_8682451266_600_800_mask.png,Table  90:    D  0
32,6,64,12,462,424,526,436,462,424,526,424,526,436,462,436,sub_line_text,table_legend,table_0,opensans,regular,9,23bol3_20211228_164327_8682451266_600_800.png,/scratch/parceirosbr/bigoilict/share/BigOil/document_generator/datasets/documents_2021_12_28/23bol3_20211228_164327_8682451266_600_800.png,23bol3_20211228_164327_8682451266_600_800_mask.png,uI   2   (u4.7)on-
29,6,58,12,462,442,520,454,462,442,520,442,520,454,462,454,sub_line_text,table_legend,table_0,opensans,regular,9,23bol3_20211228_164327_8682451266_600_800.png,/scratch/parceirosbr/bigoilict/share/BigOil/document_generator/datasets/documents_2021_12_28/23bol3_20211228_164327_8682451266_600_800.png,23bol3_20211228_164327_8682451266_600_800_mask.png,de tt denota a
32,24,64,48,462,406,526,454,462,406,526,406,526,454,462,454,text,table_legend,table_0,opensans,regular,9,23bol3_20211228_164327_8682451266_600_800.png,/scratch/parceirosbr/bigoilict/share/BigOil/document_generator/datasets/documents_2021_12_28/23bol3_20211228_164327_8682451266_600_800.png,23bol3_20211228_164327_8682451266_600_800_mask.png,nan
67,6,135,13,199,509,334,522,199,509,334,509,334,522,199,522,sub_line_text,text,text_0,opensans,regular,10,23bol3_20211228_164327_8682451266_600_800.png,/scratch/parceirosbr/bigoilict/share/BigOil/document_generator/datasets/documents_2021_12_28/23bol3_20211228_164327_8682451266_600_800.png,23bol3_20211228_164327_8682451266_600_800_mask.png,J√°  no  caso das tarifas de r-
91,6,182,13,154,529,336,542,154,529,336,529,336,542,154,542,sub_line_text,text,text_0,opensans,regular,10,23bol3_20211228_164327_8682451266_600_800.png,/scratch/parceirosbr/bigoilict/share/BigOil/document_generator/datasets/documents_2021_12_28/23bol3_20211228_164327_8682451266_600_800.png,23bol3_20211228_164327_8682451266_600_800_mask.png,"efer√™ncia,  estas  variam proporciona-"
92,6,184,13,154,549,338,562,154,549,338,549,338,562,154,562,sub_line_text,text,text_0,opensans,regular,10,23bol3_20211228_164327_8682451266_600_800.png,/scratch/parceirosbr/bigoilict/share/BigOil/document_generator/datasets/documents_2021_12_28/23bol3_20211228_164327_8682451266_600_800.png,23bol3_20211228_164327_8682451266_600_800_mask.png,"lmente  com a dist√¢ncia, de modo que"
91,6,182,13,154,569,336,582,154,569,336,569,336,582,154,582,sub_line_text,text,text_0,opensans,regular,10,23bol3_20211228_164327_8682451266_600_800.png,/scratch/parceirosbr/bigoilict/share/BigOil/document_generator/datasets/documents_2021_12_28/23bol3_20211228_164327_8682451266_600_800.png,23bol3_20211228_164327_8682451266_600_800_mask.png,varia√ß√µes  na dist√¢ncia percorrida pe-
88,6,176,13,154,589,330,602,154,589,330,589,330,602,154,602,sub_line_text,text,text_0,opensans,regular,10,23bol3_20211228_164327_8682451266_600_800.png,/scratch/parceirosbr/bigoilict/share/BigOil/document_generator/datasets/documents_2021_12_28/23bol3_20211228_164327_8682451266_600_800.png,23bol3_20211228_164327_8682451266_600_800_mask.png,lo g√°s geram impacto proporcional (.
92,46,184,93,154,509,338,602,154,509,338,509,338,602,154,602,text,text,text_0,opensans,regular,10,23bol3_20211228_164327_8682451266_600_800.png,/scratch/parceirosbr/bigoilict/share/BigOil/document_generator/datasets/documents_2021_12_28/23bol3_20211228_164327_8682451266_600_800.png,23bol3_20211228_164327_8682451266_600_800_mask.png,nan
66,6,132,13,199,612,331,625,199,612,331,612,331,625,199,625,sub_line_text,text,text_1,opensans,regular,10,23bol3_20211228_164327_8682451266_600_800.png,/scratch/parceirosbr/bigoilict/share/BigOil/document_generator/datasets/documents_2021_12_28/23bol3_20211228_164327_8682451266_600_800.png,23bol3_20211228_164327_8682451266_600_800_mask.png,Os teores de (tabela 4) en-.
66,6,132,13,199,612,331,625,199,612,331,612,331,625,199,625,text,text,text_1,opensans,regular,10,23bol3_20211228_164327_8682451266_600_800.png,/scratch/parceirosbr/bigoilict/share/BigOil/document_generator/datasets/documents_2021_12_28/23bol3_20211228_164327_8682451266_600_800.png,23bol3_20211228_164327_8682451266_600_800_mask.png,nan
92,26,184,53,348,509,532,562,348,509,532,509,532,562,348,562,list,list,list_1,opensans,opensans,10,23bol3_20211228_164327_8682451266_600_800.png,/scratch/parceirosbr/bigoilict/share/BigOil/document_generator/datasets/documents_2021_12_28/23bol3_20211228_164327_8682451266_600_800.png,23bol3_20211228_164327_8682451266_600_800_mask.png,
76,6,152,13,348,509,500,522,348,509,500,509,500,522,348,522,sub_line_text,list,list_1,opensans,regular,10,23bol3_20211228_164327_8682451266_600_800.png,/scratch/parceirosbr/bigoilict/share/BigOil/document_generator/datasets/documents_2021_12_28/23bol3_20211228_164327_8682451266_600_800.png,23bol3_20211228_164327_8682451266_600_800_mask.png,-  O n√∫mero de descobertas em
92,6,184,13,348,529,532,542,348,529,532,529,532,542,348,542,sub_line_text,list,list_1,opensans,regular,10,23bol3_20211228_164327_8682451266_600_800.png,/scratch/parceirosbr/bigoilict/share/BigOil/document_generator/datasets/documents_2021_12_28/23bol3_20211228_164327_8682451266_600_800.png,23bol3_20211228_164327_8682451266_600_800_mask.png,"-  Engenharia,  derivada  de  engenhar,"
30,6,60,13,357,549,417,562,357,549,417,549,417,562,357,562,sub_line_text,list,list_1,opensans,regular,10,23bol3_20211228_164327_8682451266_600_800.png,/scratch/parceirosbr/bigoilict/share/BigOil/document_generator/datasets/documents_2021_12_28/23bol3_20211228_164327_8682451266_600_800.png,23bol3_20211228_164327_8682451266_600_800_mask.png,que significa
68,6,137,13,393,572,530,585,393,572,530,572,530,585,393,585,sub_line_text,text,text_2,opensans,regular,10,23bol3_20211228_164327_8682451266_600_800.png,/scratch/parceirosbr/bigoilict/share/BigOil/document_generator/datasets/documents_2021_12_28/23bol3_20211228_164327_8682451266_600_800.png,23bol3_20211228_164327_8682451266_600_800_mask.png,Como  n√£o  foi  poss√≠vel obs-
90,6,180,13,348,592,528,605,348,592,528,592,528,605,348,605,sub_line_text,text,text_2,opensans,regular,10,23bol3_20211228_164327_8682451266_600_800.png,/scratch/parceirosbr/bigoilict/share/BigOil/document_generator/datasets/documents_2021_12_28/23bol3_20211228_164327_8682451266_600_800.png,23bol3_20211228_164327_8682451266_600_800_mask.png,ervar  influ√™ncia  da  ciclagem nos re-
88,6,177,13,348,612,525,625,348,612,525,612,525,625,348,625,sub_line_text,text,text_2,opensans,regular,10,23bol3_20211228_164327_8682451266_600_800.png,/scratch/parceirosbr/bigoilict/share/BigOil/document_generator/datasets/documents_2021_12_28/23bol3_20211228_164327_8682451266_600_800.png,23bol3_20211228_164327_8682451266_600_800_mask.png,"sultados de relaxa√ß√£o, pode-se prop."
91,26,182,53,348,572,530,625,348,572,530,572,530,625,348,625,text,text,text_2,opensans,regular,10,23bol3_20211228_164327_8682451266_600_800.png,/scratch/parceirosbr/bigoilict/share/BigOil/document_generator/datasets/documents_2021_12_28/23bol3_20211228_164327_8682451266_600_800.png,23bol3_20211228_164327_8682451266_600_800_mask.png,nan
