center_x,center_y,width,height,xmin,ymin,xmax,ymax,top_left_x,top_left_y,top_right_x,top_right_y,bottom_right_x,bottom_right_y,bottom_left_x,bottom_left_y,label,grouplabel,group,text_font,text_style,size_font,filename,path,filename_mask,content
300,400,600,800,0,0,600,800,0,0,600,0,600,800,0,800,document,,,,,,23bol3_20211228_164327_9294041989_600_800.png,/scratch/parceirosbr/bigoilict/share/BigOil/document_generator/datasets/documents_2021_12_28/23bol3_20211228_164327_9294041989_600_800.png,23bol3_20211228_164327_9294041989_600_800_mask.png,
11,5,23,10,500,98,523,108,500,98,523,98,523,108,500,108,sub_line_text,header,header_1,roboto,regular,8,23bol3_20211228_164327_9294041989_600_800.png,/scratch/parceirosbr/bigoilict/share/BigOil/document_generator/datasets/documents_2021_12_28/23bol3_20211228_164327_9294041989_600_800.png,23bol3_20211228_164327_9294041989_600_800_mask.png,Para o
11,5,23,10,500,98,523,108,500,98,523,98,523,108,500,108,text,header,header_1,roboto,regular,8,23bol3_20211228_164327_9294041989_600_800.png,/scratch/parceirosbr/bigoilict/share/BigOil/document_generator/datasets/documents_2021_12_28/23bol3_20211228_164327_9294041989_600_800.png,23bol3_20211228_164327_9294041989_600_800_mask.png,nan
189,1,378,2,146,107,524,109,146,107,524,107,524,109,146,109,line,line,line,,,,23bol3_20211228_164327_9294041989_600_800.png,/scratch/parceirosbr/bigoilict/share/BigOil/document_generator/datasets/documents_2021_12_28/23bol3_20211228_164327_9294041989_600_800.png,23bol3_20211228_164327_9294041989_600_800_mask.png,nan
189,0,378,1,146,658,524,659,146,658,524,658,524,659,146,659,line,line,line,,,,23bol3_20211228_164327_9294041989_600_800.png,/scratch/parceirosbr/bigoilict/share/BigOil/document_generator/datasets/documents_2021_12_28/23bol3_20211228_164327_9294041989_600_800.png,23bol3_20211228_164327_9294041989_600_800_mask.png,nan
7,4,15,9,327,658,342,667,327,658,342,658,342,667,327,667,sub_line_text,numpag,footer_1,roboto,regular,8,23bol3_20211228_164327_9294041989_600_800.png,/scratch/parceirosbr/bigoilict/share/BigOil/document_generator/datasets/documents_2021_12_28/23bol3_20211228_164327_9294041989_600_800.png,23bol3_20211228_164327_9294041989_600_800_mask.png,136
7,4,15,9,327,658,342,667,327,658,342,658,342,667,327,667,text,numpag,footer_1,roboto,regular,8,23bol3_20211228_164327_9294041989_600_800.png,/scratch/parceirosbr/bigoilict/share/BigOil/document_generator/datasets/documents_2021_12_28/23bol3_20211228_164327_9294041989_600_800.png,23bol3_20211228_164327_9294041989_600_800_mask.png,nan
139,5,279,10,146,145,425,155,146,145,425,145,425,155,146,155,sub_line_text,table_legend,table_0,roboto,bolditalic,8,23bol3_20211228_164327_9294041989_600_800.png,/scratch/parceirosbr/bigoilict/share/BigOil/document_generator/datasets/documents_2021_12_28/23bol3_20211228_164327_9294041989_600_800.png,23bol3_20211228_164327_9294041989_600_800_mask.png,"Tab. 132:  Foram listados 20 tipos de estrutura e de acordo com os autores, as p"
139,5,279,10,146,145,425,155,146,145,425,145,425,155,146,155,text,table_legend,table_0,roboto,bolditalic,8,23bol3_20211228_164327_9294041989_600_800.png,/scratch/parceirosbr/bigoilict/share/BigOil/document_generator/datasets/documents_2021_12_28/23bol3_20211228_164327_9294041989_600_800.png,23bol3_20211228_164327_9294041989_600_800_mask.png,nan
130,5,260,10,146,157,406,167,146,157,406,157,406,167,146,167,sub_line_text,table_legend,table_0,roboto,bolditalic,8,23bol3_20211228_164327_9294041989_600_800.png,/scratch/parceirosbr/bigoilict/share/BigOil/document_generator/datasets/documents_2021_12_28/23bol3_20211228_164327_9294041989_600_800.png,23bol3_20211228_164327_9294041989_600_800_mask.png,"Tab. 99:  Rasmussen, Extended model for correlation and prediction of equil"
130,5,260,10,146,157,406,167,146,157,406,157,406,167,146,167,text,table_legend,table_0,roboto,bolditalic,8,23bol3_20211228_164327_9294041989_600_800.png,/scratch/parceirosbr/bigoilict/share/BigOil/document_generator/datasets/documents_2021_12_28/23bol3_20211228_164327_9294041989_600_800.png,23bol3_20211228_164327_9294041989_600_800_mask.png,nan
152,40,304,80,182,179,486,259,182,179,486,179,486,259,182,259,table,table_image,table_0,,,,23bol3_20211228_164327_9294041989_600_800.png,/scratch/parceirosbr/bigoilict/share/BigOil/document_generator/datasets/documents_2021_12_28/23bol3_20211228_164327_9294041989_600_800.png,23bol3_20211228_164327_9294041989_600_800_mask.png,output/gen_tab_20211228_164327_6400793573.png
6,3,12,7,196,180,208,187,196,180,208,180,208,187,196,187,text,table_text,table_0,courier,italic,8.0,23bol3_20211228_164327_9294041989_600_800.png,/scratch/parceirosbr/bigoilict/share/BigOil/document_generator/datasets/documents_2021_12_28/23bol3_20211228_164327_9294041989_600_800.png,23bol3_20211228_164327_9294041989_600_800_mask.png,com
6,3,12,7,196,180,208,187,196,180,208,180,208,187,196,187,sub_line_text,table_text,table_0,courier,italic,8.0,23bol3_20211228_164327_9294041989_600_800.png,/scratch/parceirosbr/bigoilict/share/BigOil/document_generator/datasets/documents_2021_12_28/23bol3_20211228_164327_9294041989_600_800.png,23bol3_20211228_164327_9294041989_600_800_mask.png,com
10,3,20,7,192,190,212,197,192,190,212,190,212,197,192,197,text,table_text,table_0,courier,regular,8.0,23bol3_20211228_164327_9294041989_600_800.png,/scratch/parceirosbr/bigoilict/share/BigOil/document_generator/datasets/documents_2021_12_28/23bol3_20211228_164327_9294041989_600_800.png,23bol3_20211228_164327_9294041989_600_800_mask.png,apelo
10,3,20,7,192,190,212,197,192,190,212,190,212,197,192,197,sub_line_text,table_text,table_0,courier,regular,8.0,23bol3_20211228_164327_9294041989_600_800.png,/scratch/parceirosbr/bigoilict/share/BigOil/document_generator/datasets/documents_2021_12_28/23bol3_20211228_164327_9294041989_600_800.png,23bol3_20211228_164327_9294041989_600_800_mask.png,apelo
12,3,24,7,190,200,214,207,190,200,214,200,214,207,190,207,text,table_text,table_0,courier,regular,8.0,23bol3_20211228_164327_9294041989_600_800.png,/scratch/parceirosbr/bigoilict/share/BigOil/document_generator/datasets/documents_2021_12_28/23bol3_20211228_164327_9294041989_600_800.png,23bol3_20211228_164327_9294041989_600_800_mask.png,também
12,3,24,7,190,200,214,207,190,200,214,200,214,207,190,207,sub_line_text,table_text,table_0,courier,regular,8.0,23bol3_20211228_164327_9294041989_600_800.png,/scratch/parceirosbr/bigoilict/share/BigOil/document_generator/datasets/documents_2021_12_28/23bol3_20211228_164327_9294041989_600_800.png,23bol3_20211228_164327_9294041989_600_800_mask.png,também
10,3,20,7,192,209,212,216,192,209,212,209,212,216,192,216,text,table_text,table_0,courier,regular,8.0,23bol3_20211228_164327_9294041989_600_800.png,/scratch/parceirosbr/bigoilict/share/BigOil/document_generator/datasets/documents_2021_12_28/23bol3_20211228_164327_9294041989_600_800.png,23bol3_20211228_164327_9294041989_600_800_mask.png,podem
10,3,20,7,192,209,212,216,192,209,212,209,212,216,192,216,sub_line_text,table_text,table_0,courier,regular,8.0,23bol3_20211228_164327_9294041989_600_800.png,/scratch/parceirosbr/bigoilict/share/BigOil/document_generator/datasets/documents_2021_12_28/23bol3_20211228_164327_9294041989_600_800.png,23bol3_20211228_164327_9294041989_600_800_mask.png,podem
10,3,20,7,192,219,212,226,192,219,212,219,212,226,192,226,text,table_text,table_0,courier,regular,8.0,23bol3_20211228_164327_9294041989_600_800.png,/scratch/parceirosbr/bigoilict/share/BigOil/document_generator/datasets/documents_2021_12_28/23bol3_20211228_164327_9294041989_600_800.png,23bol3_20211228_164327_9294041989_600_800_mask.png,julho
10,3,20,7,192,219,212,226,192,219,212,219,212,226,192,226,sub_line_text,table_text,table_0,courier,regular,8.0,23bol3_20211228_164327_9294041989_600_800.png,/scratch/parceirosbr/bigoilict/share/BigOil/document_generator/datasets/documents_2021_12_28/23bol3_20211228_164327_9294041989_600_800.png,23bol3_20211228_164327_9294041989_600_800_mask.png,julho
12,3,24,7,190,229,214,236,190,229,214,229,214,236,190,236,text,table_text,table_0,courier,regular,8.0,23bol3_20211228_164327_9294041989_600_800.png,/scratch/parceirosbr/bigoilict/share/BigOil/document_generator/datasets/documents_2021_12_28/23bol3_20211228_164327_9294041989_600_800.png,23bol3_20211228_164327_9294041989_600_800_mask.png,termos
12,3,24,7,190,229,214,236,190,229,214,229,214,236,190,236,sub_line_text,table_text,table_0,courier,regular,8.0,23bol3_20211228_164327_9294041989_600_800.png,/scratch/parceirosbr/bigoilict/share/BigOil/document_generator/datasets/documents_2021_12_28/23bol3_20211228_164327_9294041989_600_800.png,23bol3_20211228_164327_9294041989_600_800_mask.png,termos
6,3,12,7,196,238,208,245,196,238,208,238,208,245,196,245,text,table_text,table_0,courier,regular,8.0,23bol3_20211228_164327_9294041989_600_800.png,/scratch/parceirosbr/bigoilict/share/BigOil/document_generator/datasets/documents_2021_12_28/23bol3_20211228_164327_9294041989_600_800.png,23bol3_20211228_164327_9294041989_600_800_mask.png,nos
6,3,12,7,196,238,208,245,196,238,208,238,208,245,196,245,sub_line_text,table_text,table_0,courier,regular,8.0,23bol3_20211228_164327_9294041989_600_800.png,/scratch/parceirosbr/bigoilict/share/BigOil/document_generator/datasets/documents_2021_12_28/23bol3_20211228_164327_9294041989_600_800.png,23bol3_20211228_164327_9294041989_600_800_mask.png,nos
4,3,8,7,331,248,339,255,331,248,339,248,339,255,331,255,text,table_text,table_0,courier,regular,8.0,23bol3_20211228_164327_9294041989_600_800.png,/scratch/parceirosbr/bigoilict/share/BigOil/document_generator/datasets/documents_2021_12_28/23bol3_20211228_164327_9294041989_600_800.png,23bol3_20211228_164327_9294041989_600_800_mask.png,da
4,3,8,7,331,248,339,255,331,248,339,248,339,255,331,255,sub_line_text,table_text,table_0,courier,regular,8.0,23bol3_20211228_164327_9294041989_600_800.png,/scratch/parceirosbr/bigoilict/share/BigOil/document_generator/datasets/documents_2021_12_28/23bol3_20211228_164327_9294041989_600_800.png,23bol3_20211228_164327_9294041989_600_800_mask.png,da
14,3,28,7,231,180,259,187,231,180,259,180,259,187,231,187,text,table_text,table_0,courier,italic,8.0,23bol3_20211228_164327_9294041989_600_800.png,/scratch/parceirosbr/bigoilict/share/BigOil/document_generator/datasets/documents_2021_12_28/23bol3_20211228_164327_9294041989_600_800.png,23bol3_20211228_164327_9294041989_600_800_mask.png,cálculo
14,3,28,7,231,180,259,187,231,180,259,180,259,187,231,187,sub_line_text,table_text,table_0,courier,italic,8.0,23bol3_20211228_164327_9294041989_600_800.png,/scratch/parceirosbr/bigoilict/share/BigOil/document_generator/datasets/documents_2021_12_28/23bol3_20211228_164327_9294041989_600_800.png,23bol3_20211228_164327_9294041989_600_800_mask.png,cálculo
18,3,36,7,223,190,259,197,223,190,259,190,259,197,223,197,text,table_text,table_0,courier,regular,8.0,23bol3_20211228_164327_9294041989_600_800.png,/scratch/parceirosbr/bigoilict/share/BigOil/document_generator/datasets/documents_2021_12_28/23bol3_20211228_164327_9294041989_600_800.png,23bol3_20211228_164327_9294041989_600_800_mask.png,864068724
18,3,36,7,223,190,259,197,223,190,259,190,259,197,223,197,sub_line_text,table_text,table_0,courier,regular,8.0,23bol3_20211228_164327_9294041989_600_800.png,/scratch/parceirosbr/bigoilict/share/BigOil/document_generator/datasets/documents_2021_12_28/23bol3_20211228_164327_9294041989_600_800.png,23bol3_20211228_164327_9294041989_600_800_mask.png,864068724
18,3,36,7,223,200,259,207,223,200,259,200,259,207,223,207,text,table_text,table_0,courier,regular,8.0,23bol3_20211228_164327_9294041989_600_800.png,/scratch/parceirosbr/bigoilict/share/BigOil/document_generator/datasets/documents_2021_12_28/23bol3_20211228_164327_9294041989_600_800.png,23bol3_20211228_164327_9294041989_600_800_mask.png,353345634
18,3,36,7,223,200,259,207,223,200,259,200,259,207,223,207,sub_line_text,table_text,table_0,courier,regular,8.0,23bol3_20211228_164327_9294041989_600_800.png,/scratch/parceirosbr/bigoilict/share/BigOil/document_generator/datasets/documents_2021_12_28/23bol3_20211228_164327_9294041989_600_800.png,23bol3_20211228_164327_9294041989_600_800_mask.png,353345634
18,3,36,7,223,209,259,216,223,209,259,209,259,216,223,216,text,table_text,table_0,courier,regular,8.0,23bol3_20211228_164327_9294041989_600_800.png,/scratch/parceirosbr/bigoilict/share/BigOil/document_generator/datasets/documents_2021_12_28/23bol3_20211228_164327_9294041989_600_800.png,23bol3_20211228_164327_9294041989_600_800_mask.png,753213985
18,3,36,7,223,209,259,216,223,209,259,209,259,216,223,216,sub_line_text,table_text,table_0,courier,regular,8.0,23bol3_20211228_164327_9294041989_600_800.png,/scratch/parceirosbr/bigoilict/share/BigOil/document_generator/datasets/documents_2021_12_28/23bol3_20211228_164327_9294041989_600_800.png,23bol3_20211228_164327_9294041989_600_800_mask.png,753213985
18,3,36,7,223,219,259,226,223,219,259,219,259,226,223,226,text,table_text,table_0,courier,regular,8.0,23bol3_20211228_164327_9294041989_600_800.png,/scratch/parceirosbr/bigoilict/share/BigOil/document_generator/datasets/documents_2021_12_28/23bol3_20211228_164327_9294041989_600_800.png,23bol3_20211228_164327_9294041989_600_800_mask.png,296806976
18,3,36,7,223,219,259,226,223,219,259,219,259,226,223,226,sub_line_text,table_text,table_0,courier,regular,8.0,23bol3_20211228_164327_9294041989_600_800.png,/scratch/parceirosbr/bigoilict/share/BigOil/document_generator/datasets/documents_2021_12_28/23bol3_20211228_164327_9294041989_600_800.png,23bol3_20211228_164327_9294041989_600_800_mask.png,296806976
18,3,36,7,223,229,259,236,223,229,259,229,259,236,223,236,text,table_text,table_0,courier,regular,8.0,23bol3_20211228_164327_9294041989_600_800.png,/scratch/parceirosbr/bigoilict/share/BigOil/document_generator/datasets/documents_2021_12_28/23bol3_20211228_164327_9294041989_600_800.png,23bol3_20211228_164327_9294041989_600_800_mask.png,608295127
18,3,36,7,223,229,259,236,223,229,259,229,259,236,223,236,sub_line_text,table_text,table_0,courier,regular,8.0,23bol3_20211228_164327_9294041989_600_800.png,/scratch/parceirosbr/bigoilict/share/BigOil/document_generator/datasets/documents_2021_12_28/23bol3_20211228_164327_9294041989_600_800.png,23bol3_20211228_164327_9294041989_600_800_mask.png,608295127
18,3,36,7,223,238,259,245,223,238,259,238,259,245,223,245,text,table_text,table_0,courier,regular,8.0,23bol3_20211228_164327_9294041989_600_800.png,/scratch/parceirosbr/bigoilict/share/BigOil/document_generator/datasets/documents_2021_12_28/23bol3_20211228_164327_9294041989_600_800.png,23bol3_20211228_164327_9294041989_600_800_mask.png,980682291
18,3,36,7,223,238,259,245,223,238,259,238,259,245,223,245,sub_line_text,table_text,table_0,courier,regular,8.0,23bol3_20211228_164327_9294041989_600_800.png,/scratch/parceirosbr/bigoilict/share/BigOil/document_generator/datasets/documents_2021_12_28/23bol3_20211228_164327_9294041989_600_800.png,23bol3_20211228_164327_9294041989_600_800_mask.png,980682291
8,3,16,7,319,180,335,187,319,180,335,180,335,187,319,187,text,table_text,table_0,courier,italic,8.0,23bol3_20211228_164327_9294041989_600_800.png,/scratch/parceirosbr/bigoilict/share/BigOil/document_generator/datasets/documents_2021_12_28/23bol3_20211228_164327_9294041989_600_800.png,23bol3_20211228_164327_9294041989_600_800_mask.png,este
8,3,16,7,319,180,335,187,319,180,335,180,335,187,319,187,sub_line_text,table_text,table_0,courier,italic,8.0,23bol3_20211228_164327_9294041989_600_800.png,/scratch/parceirosbr/bigoilict/share/BigOil/document_generator/datasets/documents_2021_12_28/23bol3_20211228_164327_9294041989_600_800.png,23bol3_20211228_164327_9294041989_600_800_mask.png,este
14,3,28,7,307,190,335,197,307,190,335,190,335,197,307,197,text,table_text,table_0,courier,regular,8.0,23bol3_20211228_164327_9294041989_600_800.png,/scratch/parceirosbr/bigoilict/share/BigOil/document_generator/datasets/documents_2021_12_28/23bol3_20211228_164327_9294041989_600_800.png,23bol3_20211228_164327_9294041989_600_800_mask.png,57204.7
14,3,28,7,307,190,335,197,307,190,335,190,335,197,307,197,sub_line_text,table_text,table_0,courier,regular,8.0,23bol3_20211228_164327_9294041989_600_800.png,/scratch/parceirosbr/bigoilict/share/BigOil/document_generator/datasets/documents_2021_12_28/23bol3_20211228_164327_9294041989_600_800.png,23bol3_20211228_164327_9294041989_600_800_mask.png,57204.7
14,3,28,7,307,200,335,207,307,200,335,200,335,207,307,207,text,table_text,table_0,courier,regular,8.0,23bol3_20211228_164327_9294041989_600_800.png,/scratch/parceirosbr/bigoilict/share/BigOil/document_generator/datasets/documents_2021_12_28/23bol3_20211228_164327_9294041989_600_800.png,23bol3_20211228_164327_9294041989_600_800_mask.png,13865.9
14,3,28,7,307,200,335,207,307,200,335,200,335,207,307,207,sub_line_text,table_text,table_0,courier,regular,8.0,23bol3_20211228_164327_9294041989_600_800.png,/scratch/parceirosbr/bigoilict/share/BigOil/document_generator/datasets/documents_2021_12_28/23bol3_20211228_164327_9294041989_600_800.png,23bol3_20211228_164327_9294041989_600_800_mask.png,13865.9
14,3,28,7,307,209,335,216,307,209,335,209,335,216,307,216,text,table_text,table_0,courier,regular,8.0,23bol3_20211228_164327_9294041989_600_800.png,/scratch/parceirosbr/bigoilict/share/BigOil/document_generator/datasets/documents_2021_12_28/23bol3_20211228_164327_9294041989_600_800.png,23bol3_20211228_164327_9294041989_600_800_mask.png,61069.2
14,3,28,7,307,209,335,216,307,209,335,209,335,216,307,216,sub_line_text,table_text,table_0,courier,regular,8.0,23bol3_20211228_164327_9294041989_600_800.png,/scratch/parceirosbr/bigoilict/share/BigOil/document_generator/datasets/documents_2021_12_28/23bol3_20211228_164327_9294041989_600_800.png,23bol3_20211228_164327_9294041989_600_800_mask.png,61069.2
16,3,32,7,303,219,335,226,303,219,335,219,335,226,303,226,text,table_text,table_0,courier,regular,8.0,23bol3_20211228_164327_9294041989_600_800.png,/scratch/parceirosbr/bigoilict/share/BigOil/document_generator/datasets/documents_2021_12_28/23bol3_20211228_164327_9294041989_600_800.png,23bol3_20211228_164327_9294041989_600_800_mask.png,932923.3
16,3,32,7,303,219,335,226,303,219,335,219,335,226,303,226,sub_line_text,table_text,table_0,courier,regular,8.0,23bol3_20211228_164327_9294041989_600_800.png,/scratch/parceirosbr/bigoilict/share/BigOil/document_generator/datasets/documents_2021_12_28/23bol3_20211228_164327_9294041989_600_800.png,23bol3_20211228_164327_9294041989_600_800_mask.png,932923.3
16,3,32,7,303,229,335,236,303,229,335,229,335,236,303,236,text,table_text,table_0,courier,regular,8.0,23bol3_20211228_164327_9294041989_600_800.png,/scratch/parceirosbr/bigoilict/share/BigOil/document_generator/datasets/documents_2021_12_28/23bol3_20211228_164327_9294041989_600_800.png,23bol3_20211228_164327_9294041989_600_800_mask.png,666892.5
16,3,32,7,303,229,335,236,303,229,335,229,335,236,303,236,sub_line_text,table_text,table_0,courier,regular,8.0,23bol3_20211228_164327_9294041989_600_800.png,/scratch/parceirosbr/bigoilict/share/BigOil/document_generator/datasets/documents_2021_12_28/23bol3_20211228_164327_9294041989_600_800.png,23bol3_20211228_164327_9294041989_600_800_mask.png,666892.5
14,3,28,7,307,238,335,245,307,238,335,238,335,245,307,245,text,table_text,table_0,courier,regular,8.0,23bol3_20211228_164327_9294041989_600_800.png,/scratch/parceirosbr/bigoilict/share/BigOil/document_generator/datasets/documents_2021_12_28/23bol3_20211228_164327_9294041989_600_800.png,23bol3_20211228_164327_9294041989_600_800_mask.png,95643.3
14,3,28,7,307,238,335,245,307,238,335,238,335,245,307,245,sub_line_text,table_text,table_0,courier,regular,8.0,23bol3_20211228_164327_9294041989_600_800.png,/scratch/parceirosbr/bigoilict/share/BigOil/document_generator/datasets/documents_2021_12_28/23bol3_20211228_164327_9294041989_600_800.png,23bol3_20211228_164327_9294041989_600_800_mask.png,95643.3
10,3,20,7,360,180,380,187,360,180,380,180,380,187,360,187,text,table_text,table_0,courier,italic,8.0,23bol3_20211228_164327_9294041989_600_800.png,/scratch/parceirosbr/bigoilict/share/BigOil/document_generator/datasets/documents_2021_12_28/23bol3_20211228_164327_9294041989_600_800.png,23bol3_20211228_164327_9294041989_600_800_mask.png,tendo
10,3,20,7,360,180,380,187,360,180,380,180,380,187,360,187,sub_line_text,table_text,table_0,courier,italic,8.0,23bol3_20211228_164327_9294041989_600_800.png,/scratch/parceirosbr/bigoilict/share/BigOil/document_generator/datasets/documents_2021_12_28/23bol3_20211228_164327_9294041989_600_800.png,23bol3_20211228_164327_9294041989_600_800_mask.png,tendo
12,3,24,7,356,190,380,197,356,190,380,190,380,197,356,197,text,table_text,table_0,courier,regular,8.0,23bol3_20211228_164327_9294041989_600_800.png,/scratch/parceirosbr/bigoilict/share/BigOil/document_generator/datasets/documents_2021_12_28/23bol3_20211228_164327_9294041989_600_800.png,23bol3_20211228_164327_9294041989_600_800_mask.png,1.5028
12,3,24,7,356,190,380,197,356,190,380,190,380,197,356,197,sub_line_text,table_text,table_0,courier,regular,8.0,23bol3_20211228_164327_9294041989_600_800.png,/scratch/parceirosbr/bigoilict/share/BigOil/document_generator/datasets/documents_2021_12_28/23bol3_20211228_164327_9294041989_600_800.png,23bol3_20211228_164327_9294041989_600_800_mask.png,1.5028
12,3,24,7,356,200,380,207,356,200,380,200,380,207,356,207,text,table_text,table_0,courier,regular,8.0,23bol3_20211228_164327_9294041989_600_800.png,/scratch/parceirosbr/bigoilict/share/BigOil/document_generator/datasets/documents_2021_12_28/23bol3_20211228_164327_9294041989_600_800.png,23bol3_20211228_164327_9294041989_600_800_mask.png,1.8107
12,3,24,7,356,200,380,207,356,200,380,200,380,207,356,207,sub_line_text,table_text,table_0,courier,regular,8.0,23bol3_20211228_164327_9294041989_600_800.png,/scratch/parceirosbr/bigoilict/share/BigOil/document_generator/datasets/documents_2021_12_28/23bol3_20211228_164327_9294041989_600_800.png,23bol3_20211228_164327_9294041989_600_800_mask.png,1.8107
12,3,24,7,356,209,380,216,356,209,380,209,380,216,356,216,text,table_text,table_0,courier,regular,8.0,23bol3_20211228_164327_9294041989_600_800.png,/scratch/parceirosbr/bigoilict/share/BigOil/document_generator/datasets/documents_2021_12_28/23bol3_20211228_164327_9294041989_600_800.png,23bol3_20211228_164327_9294041989_600_800_mask.png,8.9344
12,3,24,7,356,209,380,216,356,209,380,209,380,216,356,216,sub_line_text,table_text,table_0,courier,regular,8.0,23bol3_20211228_164327_9294041989_600_800.png,/scratch/parceirosbr/bigoilict/share/BigOil/document_generator/datasets/documents_2021_12_28/23bol3_20211228_164327_9294041989_600_800.png,23bol3_20211228_164327_9294041989_600_800_mask.png,8.9344
12,3,24,7,356,219,380,226,356,219,380,219,380,226,356,226,text,table_text,table_0,courier,regular,8.0,23bol3_20211228_164327_9294041989_600_800.png,/scratch/parceirosbr/bigoilict/share/BigOil/document_generator/datasets/documents_2021_12_28/23bol3_20211228_164327_9294041989_600_800.png,23bol3_20211228_164327_9294041989_600_800_mask.png,8.7145
12,3,24,7,356,219,380,226,356,219,380,219,380,226,356,226,sub_line_text,table_text,table_0,courier,regular,8.0,23bol3_20211228_164327_9294041989_600_800.png,/scratch/parceirosbr/bigoilict/share/BigOil/document_generator/datasets/documents_2021_12_28/23bol3_20211228_164327_9294041989_600_800.png,23bol3_20211228_164327_9294041989_600_800_mask.png,8.7145
12,3,24,7,356,229,380,236,356,229,380,229,380,236,356,236,text,table_text,table_0,courier,regular,8.0,23bol3_20211228_164327_9294041989_600_800.png,/scratch/parceirosbr/bigoilict/share/BigOil/document_generator/datasets/documents_2021_12_28/23bol3_20211228_164327_9294041989_600_800.png,23bol3_20211228_164327_9294041989_600_800_mask.png,3.1439
12,3,24,7,356,229,380,236,356,229,380,229,380,236,356,236,sub_line_text,table_text,table_0,courier,regular,8.0,23bol3_20211228_164327_9294041989_600_800.png,/scratch/parceirosbr/bigoilict/share/BigOil/document_generator/datasets/documents_2021_12_28/23bol3_20211228_164327_9294041989_600_800.png,23bol3_20211228_164327_9294041989_600_800_mask.png,3.1439
12,3,24,7,356,238,380,245,356,238,380,238,380,245,356,245,text,table_text,table_0,courier,regular,8.0,23bol3_20211228_164327_9294041989_600_800.png,/scratch/parceirosbr/bigoilict/share/BigOil/document_generator/datasets/documents_2021_12_28/23bol3_20211228_164327_9294041989_600_800.png,23bol3_20211228_164327_9294041989_600_800_mask.png,4.0965
12,3,24,7,356,238,380,245,356,238,380,238,380,245,356,245,sub_line_text,table_text,table_0,courier,regular,8.0,23bol3_20211228_164327_9294041989_600_800.png,/scratch/parceirosbr/bigoilict/share/BigOil/document_generator/datasets/documents_2021_12_28/23bol3_20211228_164327_9294041989_600_800.png,23bol3_20211228_164327_9294041989_600_800_mask.png,4.0965
8,3,16,7,399,180,415,187,399,180,415,180,415,187,399,187,text,table_text,table_0,courier,italic,8.0,23bol3_20211228_164327_9294041989_600_800.png,/scratch/parceirosbr/bigoilict/share/BigOil/document_generator/datasets/documents_2021_12_28/23bol3_20211228_164327_9294041989_600_800.png,23bol3_20211228_164327_9294041989_600_800_mask.png,mais
8,3,16,7,399,180,415,187,399,180,415,180,415,187,399,187,sub_line_text,table_text,table_0,courier,italic,8.0,23bol3_20211228_164327_9294041989_600_800.png,/scratch/parceirosbr/bigoilict/share/BigOil/document_generator/datasets/documents_2021_12_28/23bol3_20211228_164327_9294041989_600_800.png,23bol3_20211228_164327_9294041989_600_800_mask.png,mais
10,3,20,7,398,190,418,197,398,190,418,190,418,197,398,197,text,table_text,table_0,courier,regular,8.0,23bol3_20211228_164327_9294041989_600_800.png,/scratch/parceirosbr/bigoilict/share/BigOil/document_generator/datasets/documents_2021_12_28/23bol3_20211228_164327_9294041989_600_800.png,23bol3_20211228_164327_9294041989_600_800_mask.png,sobre
10,3,20,7,398,190,418,197,398,190,418,190,418,197,398,197,sub_line_text,table_text,table_0,courier,regular,8.0,23bol3_20211228_164327_9294041989_600_800.png,/scratch/parceirosbr/bigoilict/share/BigOil/document_generator/datasets/documents_2021_12_28/23bol3_20211228_164327_9294041989_600_800.png,23bol3_20211228_164327_9294041989_600_800_mask.png,sobre
20,3,40,7,387,200,427,207,387,200,427,200,427,207,387,207,text,table_text,table_0,courier,regular,8.0,23bol3_20211228_164327_9294041989_600_800.png,/scratch/parceirosbr/bigoilict/share/BigOil/document_generator/datasets/documents_2021_12_28/23bol3_20211228_164327_9294041989_600_800.png,23bol3_20211228_164327_9294041989_600_800_mask.png,eficiência
20,3,40,7,387,200,427,207,387,200,427,200,427,207,387,207,sub_line_text,table_text,table_0,courier,regular,8.0,23bol3_20211228_164327_9294041989_600_800.png,/scratch/parceirosbr/bigoilict/share/BigOil/document_generator/datasets/documents_2021_12_28/23bol3_20211228_164327_9294041989_600_800.png,23bol3_20211228_164327_9294041989_600_800_mask.png,eficiência
20,3,40,7,387,209,427,216,387,209,427,209,427,216,387,216,text,table_text,table_0,courier,regular,8.0,23bol3_20211228_164327_9294041989_600_800.png,/scratch/parceirosbr/bigoilict/share/BigOil/document_generator/datasets/documents_2021_12_28/23bol3_20211228_164327_9294041989_600_800.png,23bol3_20211228_164327_9294041989_600_800_mask.png,calculadas
20,3,40,7,387,209,427,216,387,209,427,209,427,216,387,216,sub_line_text,table_text,table_0,courier,regular,8.0,23bol3_20211228_164327_9294041989_600_800.png,/scratch/parceirosbr/bigoilict/share/BigOil/document_generator/datasets/documents_2021_12_28/23bol3_20211228_164327_9294041989_600_800.png,23bol3_20211228_164327_9294041989_600_800_mask.png,calculadas
12,3,24,7,395,219,419,226,395,219,419,219,419,226,395,226,text,table_text,table_0,courier,regular,8.0,23bol3_20211228_164327_9294041989_600_800.png,/scratch/parceirosbr/bigoilict/share/BigOil/document_generator/datasets/documents_2021_12_28/23bol3_20211228_164327_9294041989_600_800.png,23bol3_20211228_164327_9294041989_600_800_mask.png,grande
12,3,24,7,395,219,419,226,395,219,419,219,419,226,395,226,sub_line_text,table_text,table_0,courier,regular,8.0,23bol3_20211228_164327_9294041989_600_800.png,/scratch/parceirosbr/bigoilict/share/BigOil/document_generator/datasets/documents_2021_12_28/23bol3_20211228_164327_9294041989_600_800.png,23bol3_20211228_164327_9294041989_600_800_mask.png,grande
14,3,28,7,393,229,421,236,393,229,421,229,421,236,393,236,text,table_text,table_0,courier,regular,8.0,23bol3_20211228_164327_9294041989_600_800.png,/scratch/parceirosbr/bigoilict/share/BigOil/document_generator/datasets/documents_2021_12_28/23bol3_20211228_164327_9294041989_600_800.png,23bol3_20211228_164327_9294041989_600_800_mask.png,virtude
14,3,28,7,393,229,421,236,393,229,421,229,421,236,393,236,sub_line_text,table_text,table_0,courier,regular,8.0,23bol3_20211228_164327_9294041989_600_800.png,/scratch/parceirosbr/bigoilict/share/BigOil/document_generator/datasets/documents_2021_12_28/23bol3_20211228_164327_9294041989_600_800.png,23bol3_20211228_164327_9294041989_600_800_mask.png,virtude
4,3,8,7,403,238,411,245,403,238,411,238,411,245,403,245,text,table_text,table_0,courier,regular,8.0,23bol3_20211228_164327_9294041989_600_800.png,/scratch/parceirosbr/bigoilict/share/BigOil/document_generator/datasets/documents_2021_12_28/23bol3_20211228_164327_9294041989_600_800.png,23bol3_20211228_164327_9294041989_600_800_mask.png,de
4,3,8,7,403,238,411,245,403,238,411,238,411,245,403,245,sub_line_text,table_text,table_0,courier,regular,8.0,23bol3_20211228_164327_9294041989_600_800.png,/scratch/parceirosbr/bigoilict/share/BigOil/document_generator/datasets/documents_2021_12_28/23bol3_20211228_164327_9294041989_600_800.png,23bol3_20211228_164327_9294041989_600_800_mask.png,de
16,3,32,7,443,180,475,187,443,180,475,180,475,187,443,187,text,table_text,table_0,courier,italic,8.0,23bol3_20211228_164327_9294041989_600_800.png,/scratch/parceirosbr/bigoilict/share/BigOil/document_generator/datasets/documents_2021_12_28/23bol3_20211228_164327_9294041989_600_800.png,23bol3_20211228_164327_9294041989_600_800_mask.png,diversas
16,3,32,7,443,180,475,187,443,180,475,180,475,187,443,187,sub_line_text,table_text,table_0,courier,italic,8.0,23bol3_20211228_164327_9294041989_600_800.png,/scratch/parceirosbr/bigoilict/share/BigOil/document_generator/datasets/documents_2021_12_28/23bol3_20211228_164327_9294041989_600_800.png,23bol3_20211228_164327_9294041989_600_800_mask.png,diversas
18,3,36,7,440,190,476,197,440,190,476,190,476,197,440,197,text,table_text,table_0,courier,regular,8.0,23bol3_20211228_164327_9294041989_600_800.png,/scratch/parceirosbr/bigoilict/share/BigOil/document_generator/datasets/documents_2021_12_28/23bol3_20211228_164327_9294041989_600_800.png,23bol3_20211228_164327_9294041989_600_800_mask.png,combustão
18,3,36,7,440,190,476,197,440,190,476,190,476,197,440,197,sub_line_text,table_text,table_0,courier,regular,8.0,23bol3_20211228_164327_9294041989_600_800.png,/scratch/parceirosbr/bigoilict/share/BigOil/document_generator/datasets/documents_2021_12_28/23bol3_20211228_164327_9294041989_600_800.png,23bol3_20211228_164327_9294041989_600_800_mask.png,combustão
20,3,40,7,438,200,478,207,438,200,478,200,478,207,438,207,text,table_text,table_0,courier,regular,8.0,23bol3_20211228_164327_9294041989_600_800.png,/scratch/parceirosbr/bigoilict/share/BigOil/document_generator/datasets/documents_2021_12_28/23bol3_20211228_164327_9294041989_600_800.png,23bol3_20211228_164327_9294041989_600_800_mask.png,cinéticade
20,3,40,7,438,200,478,207,438,200,478,200,478,207,438,207,sub_line_text,table_text,table_0,courier,regular,8.0,23bol3_20211228_164327_9294041989_600_800.png,/scratch/parceirosbr/bigoilict/share/BigOil/document_generator/datasets/documents_2021_12_28/23bol3_20211228_164327_9294041989_600_800.png,23bol3_20211228_164327_9294041989_600_800_mask.png,cinéticade
16,3,32,7,443,209,475,216,443,209,475,209,475,216,443,216,text,table_text,table_0,courier,regular,8.0,23bol3_20211228_164327_9294041989_600_800.png,/scratch/parceirosbr/bigoilict/share/BigOil/document_generator/datasets/documents_2021_12_28/23bol3_20211228_164327_9294041989_600_800.png,23bol3_20211228_164327_9294041989_600_800_mask.png,diversas
16,3,32,7,443,209,475,216,443,209,475,209,475,216,443,216,sub_line_text,table_text,table_0,courier,regular,8.0,23bol3_20211228_164327_9294041989_600_800.png,/scratch/parceirosbr/bigoilict/share/BigOil/document_generator/datasets/documents_2021_12_28/23bol3_20211228_164327_9294041989_600_800.png,23bol3_20211228_164327_9294041989_600_800_mask.png,diversas
18,3,36,7,440,219,476,226,440,219,476,219,476,226,440,226,text,table_text,table_0,courier,regular,8.0,23bol3_20211228_164327_9294041989_600_800.png,/scratch/parceirosbr/bigoilict/share/BigOil/document_generator/datasets/documents_2021_12_28/23bol3_20211228_164327_9294041989_600_800.png,23bol3_20211228_164327_9294041989_600_800_mask.png,indicando
18,3,36,7,440,219,476,226,440,219,476,219,476,226,440,226,sub_line_text,table_text,table_0,courier,regular,8.0,23bol3_20211228_164327_9294041989_600_800.png,/scratch/parceirosbr/bigoilict/share/BigOil/document_generator/datasets/documents_2021_12_28/23bol3_20211228_164327_9294041989_600_800.png,23bol3_20211228_164327_9294041989_600_800_mask.png,indicando
14,3,28,7,444,229,472,236,444,229,472,229,472,236,444,236,text,table_text,table_0,courier,regular,8.0,23bol3_20211228_164327_9294041989_600_800.png,/scratch/parceirosbr/bigoilict/share/BigOil/document_generator/datasets/documents_2021_12_28/23bol3_20211228_164327_9294041989_600_800.png,23bol3_20211228_164327_9294041989_600_800_mask.png,reunião
14,3,28,7,444,229,472,236,444,229,472,229,472,236,444,236,sub_line_text,table_text,table_0,courier,regular,8.0,23bol3_20211228_164327_9294041989_600_800.png,/scratch/parceirosbr/bigoilict/share/BigOil/document_generator/datasets/documents_2021_12_28/23bol3_20211228_164327_9294041989_600_800.png,23bol3_20211228_164327_9294041989_600_800_mask.png,reunião
12,3,24,7,446,238,470,245,446,238,470,238,470,245,446,245,text,table_text,table_0,courier,regular,8.0,23bol3_20211228_164327_9294041989_600_800.png,/scratch/parceirosbr/bigoilict/share/BigOil/document_generator/datasets/documents_2021_12_28/23bol3_20211228_164327_9294041989_600_800.png,23bol3_20211228_164327_9294041989_600_800_mask.png,grande
12,3,24,7,446,238,470,245,446,238,470,238,470,245,446,245,sub_line_text,table_text,table_0,courier,regular,8.0,23bol3_20211228_164327_9294041989_600_800.png,/scratch/parceirosbr/bigoilict/share/BigOil/document_generator/datasets/documents_2021_12_28/23bol3_20211228_164327_9294041989_600_800.png,23bol3_20211228_164327_9294041989_600_800_mask.png,grande
152,5,304,10,146,303,450,313,146,303,450,303,450,313,146,313,sub_line_text,table_legend,table_0,roboto,bolditalic,8,23bol3_20211228_164327_9294041989_600_800.png,/scratch/parceirosbr/bigoilict/share/BigOil/document_generator/datasets/documents_2021_12_28/23bol3_20211228_164327_9294041989_600_800.png,23bol3_20211228_164327_9294041989_600_800_mask.png,"Tab.    71:        No    entanto,    no    essas    contribuições   estãointrinsecamente   defini-"
126,5,253,10,146,319,399,329,146,319,399,319,399,329,146,329,sub_line_text,table_legend,table_0,roboto,bolditalic,8,23bol3_20211228_164327_9294041989_600_800.png,/scratch/parceirosbr/bigoilict/share/BigOil/document_generator/datasets/documents_2021_12_28/23bol3_20211228_164327_9294041989_600_800.png,23bol3_20211228_164327_9294041989_600_800_mask.png,"das em seu algoritmo, devido ao cômputo das pressões até asuperfície liv"
152,13,304,26,146,303,450,329,146,303,450,303,450,329,146,329,text,table_legend,table_0,roboto,bolditalic,8,23bol3_20211228_164327_9294041989_600_800.png,/scratch/parceirosbr/bigoilict/share/BigOil/document_generator/datasets/documents_2021_12_28/23bol3_20211228_164327_9294041989_600_800.png,23bol3_20211228_164327_9294041989_600_800_mask.png,nan
159,5,318,10,146,332,464,342,146,332,464,332,464,342,146,342,sub_line_text,table_legend,table_0,roboto,bolditalic,8,23bol3_20211228_164327_9294041989_600_800.png,/scratch/parceirosbr/bigoilict/share/BigOil/document_generator/datasets/documents_2021_12_28/23bol3_20211228_164327_9294041989_600_800.png,23bol3_20211228_164327_9294041989_600_800_mask.png,Tab.   83:      Isso   mostra   que   o   comportamento   do  a  temperatura  ambiente  e  baixas
36,5,73,10,146,348,219,358,146,348,219,348,219,358,146,358,sub_line_text,table_legend,table_0,roboto,bolditalic,8,23bol3_20211228_164327_9294041989_600_800.png,/scratch/parceirosbr/bigoilict/share/BigOil/document_generator/datasets/documents_2021_12_28/23bol3_20211228_164327_9294041989_600_800.png,23bol3_20211228_164327_9294041989_600_800_mask.png,taxas de deformação
159,13,318,26,146,332,464,358,146,332,464,332,464,358,146,358,text,table_legend,table_0,roboto,bolditalic,8,23bol3_20211228_164327_9294041989_600_800.png,/scratch/parceirosbr/bigoilict/share/BigOil/document_generator/datasets/documents_2021_12_28/23bol3_20211228_164327_9294041989_600_800.png,23bol3_20211228_164327_9294041989_600_800_mask.png,nan
161,68,322,136,173,372,495,508,173,372,495,372,495,508,173,508,table,table_image,table_0,,,,23bol3_20211228_164327_9294041989_600_800.png,/scratch/parceirosbr/bigoilict/share/BigOil/document_generator/datasets/documents_2021_12_28/23bol3_20211228_164327_9294041989_600_800.png,23bol3_20211228_164327_9294041989_600_800_mask.png,output/gen_tab_20211228_164329_4557071530.png
8,4,17,8,202,376,219,384,202,376,219,376,219,384,202,384,text,table_text,table_0,raleway,italic,8.0,23bol3_20211228_164327_9294041989_600_800.png,/scratch/parceirosbr/bigoilict/share/BigOil/document_generator/datasets/documents_2021_12_28/23bol3_20211228_164327_9294041989_600_800.png,23bol3_20211228_164327_9294041989_600_800_mask.png,então
8,4,17,8,202,376,219,384,202,376,219,376,219,384,202,384,sub_line_text,table_text,table_0,raleway,italic,8.0,23bol3_20211228_164327_9294041989_600_800.png,/scratch/parceirosbr/bigoilict/share/BigOil/document_generator/datasets/documents_2021_12_28/23bol3_20211228_164327_9294041989_600_800.png,23bol3_20211228_164327_9294041989_600_800_mask.png,então
12,4,25,8,194,394,219,402,194,394,219,394,219,402,194,402,text,table_text,table_0,raleway,regular,8.0,23bol3_20211228_164327_9294041989_600_800.png,/scratch/parceirosbr/bigoilict/share/BigOil/document_generator/datasets/documents_2021_12_28/23bol3_20211228_164327_9294041989_600_800.png,23bol3_20211228_164327_9294041989_600_800_mask.png,5355930
12,4,25,8,194,394,219,402,194,394,219,394,219,402,194,402,sub_line_text,table_text,table_0,raleway,regular,8.0,23bol3_20211228_164327_9294041989_600_800.png,/scratch/parceirosbr/bigoilict/share/BigOil/document_generator/datasets/documents_2021_12_28/23bol3_20211228_164327_9294041989_600_800.png,23bol3_20211228_164327_9294041989_600_800_mask.png,5355930
12,4,25,8,194,405,219,413,194,405,219,405,219,413,194,413,text,table_text,table_0,raleway,regular,8.0,23bol3_20211228_164327_9294041989_600_800.png,/scratch/parceirosbr/bigoilict/share/BigOil/document_generator/datasets/documents_2021_12_28/23bol3_20211228_164327_9294041989_600_800.png,23bol3_20211228_164327_9294041989_600_800_mask.png,2547585
12,4,25,8,194,405,219,413,194,405,219,405,219,413,194,413,sub_line_text,table_text,table_0,raleway,regular,8.0,23bol3_20211228_164327_9294041989_600_800.png,/scratch/parceirosbr/bigoilict/share/BigOil/document_generator/datasets/documents_2021_12_28/23bol3_20211228_164327_9294041989_600_800.png,23bol3_20211228_164327_9294041989_600_800_mask.png,2547585
11,4,23,8,196,416,219,424,196,416,219,416,219,424,196,424,text,table_text,table_0,raleway,regular,8.0,23bol3_20211228_164327_9294041989_600_800.png,/scratch/parceirosbr/bigoilict/share/BigOil/document_generator/datasets/documents_2021_12_28/23bol3_20211228_164327_9294041989_600_800.png,23bol3_20211228_164327_9294041989_600_800_mask.png,1572574
11,4,23,8,196,416,219,424,196,416,219,416,219,424,196,424,sub_line_text,table_text,table_0,raleway,regular,8.0,23bol3_20211228_164327_9294041989_600_800.png,/scratch/parceirosbr/bigoilict/share/BigOil/document_generator/datasets/documents_2021_12_28/23bol3_20211228_164327_9294041989_600_800.png,23bol3_20211228_164327_9294041989_600_800_mask.png,1572574
14,4,28,8,191,427,219,435,191,427,219,427,219,435,191,435,text,table_text,table_0,raleway,regular,8.0,23bol3_20211228_164327_9294041989_600_800.png,/scratch/parceirosbr/bigoilict/share/BigOil/document_generator/datasets/documents_2021_12_28/23bol3_20211228_164327_9294041989_600_800.png,23bol3_20211228_164327_9294041989_600_800_mask.png,2904608
14,4,28,8,191,427,219,435,191,427,219,427,219,435,191,435,sub_line_text,table_text,table_0,raleway,regular,8.0,23bol3_20211228_164327_9294041989_600_800.png,/scratch/parceirosbr/bigoilict/share/BigOil/document_generator/datasets/documents_2021_12_28/23bol3_20211228_164327_9294041989_600_800.png,23bol3_20211228_164327_9294041989_600_800_mask.png,2904608
14,4,29,8,190,438,219,446,190,438,219,438,219,446,190,446,text,table_text,table_0,raleway,regular,8.0,23bol3_20211228_164327_9294041989_600_800.png,/scratch/parceirosbr/bigoilict/share/BigOil/document_generator/datasets/documents_2021_12_28/23bol3_20211228_164327_9294041989_600_800.png,23bol3_20211228_164327_9294041989_600_800_mask.png,9606765
14,4,29,8,190,438,219,446,190,438,219,438,219,446,190,446,sub_line_text,table_text,table_0,raleway,regular,8.0,23bol3_20211228_164327_9294041989_600_800.png,/scratch/parceirosbr/bigoilict/share/BigOil/document_generator/datasets/documents_2021_12_28/23bol3_20211228_164327_9294041989_600_800.png,23bol3_20211228_164327_9294041989_600_800_mask.png,9606765
13,4,26,8,193,449,219,457,193,449,219,449,219,457,193,457,text,table_text,table_0,raleway,regular,8.0,23bol3_20211228_164327_9294041989_600_800.png,/scratch/parceirosbr/bigoilict/share/BigOil/document_generator/datasets/documents_2021_12_28/23bol3_20211228_164327_9294041989_600_800.png,23bol3_20211228_164327_9294041989_600_800_mask.png,2994234
13,4,26,8,193,449,219,457,193,449,219,449,219,457,193,457,sub_line_text,table_text,table_0,raleway,regular,8.0,23bol3_20211228_164327_9294041989_600_800.png,/scratch/parceirosbr/bigoilict/share/BigOil/document_generator/datasets/documents_2021_12_28/23bol3_20211228_164327_9294041989_600_800.png,23bol3_20211228_164327_9294041989_600_800_mask.png,2994234
11,4,23,8,196,460,219,468,196,460,219,460,219,468,196,468,text,table_text,table_0,raleway,regular,8.0,23bol3_20211228_164327_9294041989_600_800.png,/scratch/parceirosbr/bigoilict/share/BigOil/document_generator/datasets/documents_2021_12_28/23bol3_20211228_164327_9294041989_600_800.png,23bol3_20211228_164327_9294041989_600_800_mask.png,5344210
11,4,23,8,196,460,219,468,196,460,219,460,219,468,196,468,sub_line_text,table_text,table_0,raleway,regular,8.0,23bol3_20211228_164327_9294041989_600_800.png,/scratch/parceirosbr/bigoilict/share/BigOil/document_generator/datasets/documents_2021_12_28/23bol3_20211228_164327_9294041989_600_800.png,23bol3_20211228_164327_9294041989_600_800_mask.png,5344210
13,4,26,8,193,472,219,480,193,472,219,472,219,480,193,480,text,table_text,table_0,raleway,regular,8.0,23bol3_20211228_164327_9294041989_600_800.png,/scratch/parceirosbr/bigoilict/share/BigOil/document_generator/datasets/documents_2021_12_28/23bol3_20211228_164327_9294041989_600_800.png,23bol3_20211228_164327_9294041989_600_800_mask.png,2460540
13,4,26,8,193,472,219,480,193,472,219,472,219,480,193,480,sub_line_text,table_text,table_0,raleway,regular,8.0,23bol3_20211228_164327_9294041989_600_800.png,/scratch/parceirosbr/bigoilict/share/BigOil/document_generator/datasets/documents_2021_12_28/23bol3_20211228_164327_9294041989_600_800.png,23bol3_20211228_164327_9294041989_600_800_mask.png,2460540
13,4,27,8,192,483,219,491,192,483,219,483,219,491,192,491,text,table_text,table_0,raleway,regular,8.0,23bol3_20211228_164327_9294041989_600_800.png,/scratch/parceirosbr/bigoilict/share/BigOil/document_generator/datasets/documents_2021_12_28/23bol3_20211228_164327_9294041989_600_800.png,23bol3_20211228_164327_9294041989_600_800_mask.png,9335808
13,4,27,8,192,483,219,491,192,483,219,483,219,491,192,491,sub_line_text,table_text,table_0,raleway,regular,8.0,23bol3_20211228_164327_9294041989_600_800.png,/scratch/parceirosbr/bigoilict/share/BigOil/document_generator/datasets/documents_2021_12_28/23bol3_20211228_164327_9294041989_600_800.png,23bol3_20211228_164327_9294041989_600_800_mask.png,9335808
13,4,26,8,462,494,488,502,462,494,488,494,488,502,462,502,text,table_text,table_0,raleway,regular,8.0,23bol3_20211228_164327_9294041989_600_800.png,/scratch/parceirosbr/bigoilict/share/BigOil/document_generator/datasets/documents_2021_12_28/23bol3_20211228_164327_9294041989_600_800.png,23bol3_20211228_164327_9294041989_600_800_mask.png,3942034
13,4,26,8,462,494,488,502,462,494,488,494,488,502,462,502,sub_line_text,table_text,table_0,raleway,regular,8.0,23bol3_20211228_164327_9294041989_600_800.png,/scratch/parceirosbr/bigoilict/share/BigOil/document_generator/datasets/documents_2021_12_28/23bol3_20211228_164327_9294041989_600_800.png,23bol3_20211228_164327_9294041989_600_800_mask.png,3942034
8,4,17,8,276,376,293,384,276,376,293,376,293,384,276,384,text,table_text,table_0,raleway,italic,8.0,23bol3_20211228_164327_9294041989_600_800.png,/scratch/parceirosbr/bigoilict/share/BigOil/document_generator/datasets/documents_2021_12_28/23bol3_20211228_164327_9294041989_600_800.png,23bol3_20211228_164327_9294041989_600_800_mask.png,servir
8,4,17,8,276,376,293,384,276,376,293,376,293,384,276,384,sub_line_text,table_text,table_0,raleway,italic,8.0,23bol3_20211228_164327_9294041989_600_800.png,/scratch/parceirosbr/bigoilict/share/BigOil/document_generator/datasets/documents_2021_12_28/23bol3_20211228_164327_9294041989_600_800.png,23bol3_20211228_164327_9294041989_600_800_mask.png,servir
15,4,31,8,262,394,293,402,262,394,293,394,293,402,262,402,text,table_text,table_0,raleway,regular,8.0,23bol3_20211228_164327_9294041989_600_800.png,/scratch/parceirosbr/bigoilict/share/BigOil/document_generator/datasets/documents_2021_12_28/23bol3_20211228_164327_9294041989_600_800.png,23bol3_20211228_164327_9294041989_600_800_mask.png,1772815.31
15,4,31,8,262,394,293,402,262,394,293,394,293,402,262,402,sub_line_text,table_text,table_0,raleway,regular,8.0,23bol3_20211228_164327_9294041989_600_800.png,/scratch/parceirosbr/bigoilict/share/BigOil/document_generator/datasets/documents_2021_12_28/23bol3_20211228_164327_9294041989_600_800.png,23bol3_20211228_164327_9294041989_600_800_mask.png,1772815.31
17,4,35,8,259,405,294,413,259,405,294,405,294,413,259,413,text,table_text,table_0,raleway,regular,8.0,23bol3_20211228_164327_9294041989_600_800.png,/scratch/parceirosbr/bigoilict/share/BigOil/document_generator/datasets/documents_2021_12_28/23bol3_20211228_164327_9294041989_600_800.png,23bol3_20211228_164327_9294041989_600_800_mask.png,7094412.05
17,4,35,8,259,405,294,413,259,405,294,405,294,413,259,413,sub_line_text,table_text,table_0,raleway,regular,8.0,23bol3_20211228_164327_9294041989_600_800.png,/scratch/parceirosbr/bigoilict/share/BigOil/document_generator/datasets/documents_2021_12_28/23bol3_20211228_164327_9294041989_600_800.png,23bol3_20211228_164327_9294041989_600_800_mask.png,7094412.05
17,4,34,8,260,416,294,424,260,416,294,416,294,424,260,424,text,table_text,table_0,raleway,regular,8.0,23bol3_20211228_164327_9294041989_600_800.png,/scratch/parceirosbr/bigoilict/share/BigOil/document_generator/datasets/documents_2021_12_28/23bol3_20211228_164327_9294041989_600_800.png,23bol3_20211228_164327_9294041989_600_800_mask.png,3715790.01
17,4,34,8,260,416,294,424,260,416,294,416,294,424,260,424,sub_line_text,table_text,table_0,raleway,regular,8.0,23bol3_20211228_164327_9294041989_600_800.png,/scratch/parceirosbr/bigoilict/share/BigOil/document_generator/datasets/documents_2021_12_28/23bol3_20211228_164327_9294041989_600_800.png,23bol3_20211228_164327_9294041989_600_800_mask.png,3715790.01
18,4,36,8,257,427,293,435,257,427,293,427,293,435,257,435,text,table_text,table_0,raleway,regular,8.0,23bol3_20211228_164327_9294041989_600_800.png,/scratch/parceirosbr/bigoilict/share/BigOil/document_generator/datasets/documents_2021_12_28/23bol3_20211228_164327_9294041989_600_800.png,23bol3_20211228_164327_9294041989_600_800_mask.png,9745709.99
18,4,36,8,257,427,293,435,257,427,293,427,293,435,257,435,sub_line_text,table_text,table_0,raleway,regular,8.0,23bol3_20211228_164327_9294041989_600_800.png,/scratch/parceirosbr/bigoilict/share/BigOil/document_generator/datasets/documents_2021_12_28/23bol3_20211228_164327_9294041989_600_800.png,23bol3_20211228_164327_9294041989_600_800_mask.png,9745709.99
17,4,34,8,260,438,294,446,260,438,294,438,294,446,260,446,text,table_text,table_0,raleway,regular,8.0,23bol3_20211228_164327_9294041989_600_800.png,/scratch/parceirosbr/bigoilict/share/BigOil/document_generator/datasets/documents_2021_12_28/23bol3_20211228_164327_9294041989_600_800.png,23bol3_20211228_164327_9294041989_600_800_mask.png,5733282.54
17,4,34,8,260,438,294,446,260,438,294,438,294,446,260,446,sub_line_text,table_text,table_0,raleway,regular,8.0,23bol3_20211228_164327_9294041989_600_800.png,/scratch/parceirosbr/bigoilict/share/BigOil/document_generator/datasets/documents_2021_12_28/23bol3_20211228_164327_9294041989_600_800.png,23bol3_20211228_164327_9294041989_600_800_mask.png,5733282.54
13,4,26,8,267,449,293,457,267,449,293,449,293,457,267,457,text,table_text,table_0,raleway,regular,8.0,23bol3_20211228_164327_9294041989_600_800.png,/scratch/parceirosbr/bigoilict/share/BigOil/document_generator/datasets/documents_2021_12_28/23bol3_20211228_164327_9294041989_600_800.png,23bol3_20211228_164327_9294041989_600_800_mask.png,57147.89
13,4,26,8,267,449,293,457,267,449,293,449,293,457,267,457,sub_line_text,table_text,table_0,raleway,regular,8.0,23bol3_20211228_164327_9294041989_600_800.png,/scratch/parceirosbr/bigoilict/share/BigOil/document_generator/datasets/documents_2021_12_28/23bol3_20211228_164327_9294041989_600_800.png,23bol3_20211228_164327_9294041989_600_800_mask.png,57147.89
17,4,35,8,259,460,294,468,259,460,294,460,294,468,259,468,text,table_text,table_0,raleway,regular,8.0,23bol3_20211228_164327_9294041989_600_800.png,/scratch/parceirosbr/bigoilict/share/BigOil/document_generator/datasets/documents_2021_12_28/23bol3_20211228_164327_9294041989_600_800.png,23bol3_20211228_164327_9294041989_600_800_mask.png,6623035.72
17,4,35,8,259,460,294,468,259,460,294,460,294,468,259,468,sub_line_text,table_text,table_0,raleway,regular,8.0,23bol3_20211228_164327_9294041989_600_800.png,/scratch/parceirosbr/bigoilict/share/BigOil/document_generator/datasets/documents_2021_12_28/23bol3_20211228_164327_9294041989_600_800.png,23bol3_20211228_164327_9294041989_600_800_mask.png,6623035.72
18,4,37,8,256,472,293,480,256,472,293,472,293,480,256,480,text,table_text,table_0,raleway,regular,8.0,23bol3_20211228_164327_9294041989_600_800.png,/scratch/parceirosbr/bigoilict/share/BigOil/document_generator/datasets/documents_2021_12_28/23bol3_20211228_164327_9294041989_600_800.png,23bol3_20211228_164327_9294041989_600_800_mask.png,2783688.97
18,4,37,8,256,472,293,480,256,472,293,472,293,480,256,480,sub_line_text,table_text,table_0,raleway,regular,8.0,23bol3_20211228_164327_9294041989_600_800.png,/scratch/parceirosbr/bigoilict/share/BigOil/document_generator/datasets/documents_2021_12_28/23bol3_20211228_164327_9294041989_600_800.png,23bol3_20211228_164327_9294041989_600_800_mask.png,2783688.97
14,4,29,8,264,483,293,491,264,483,293,483,293,491,264,491,text,table_text,table_0,raleway,regular,8.0,23bol3_20211228_164327_9294041989_600_800.png,/scratch/parceirosbr/bigoilict/share/BigOil/document_generator/datasets/documents_2021_12_28/23bol3_20211228_164327_9294041989_600_800.png,23bol3_20211228_164327_9294041989_600_800_mask.png,96020.37
14,4,29,8,264,483,293,491,264,483,293,483,293,491,264,491,sub_line_text,table_text,table_0,raleway,regular,8.0,23bol3_20211228_164327_9294041989_600_800.png,/scratch/parceirosbr/bigoilict/share/BigOil/document_generator/datasets/documents_2021_12_28/23bol3_20211228_164327_9294041989_600_800.png,23bol3_20211228_164327_9294041989_600_800_mask.png,96020.37
10,4,21,8,331,376,352,384,331,376,352,376,352,384,331,384,text,table_text,table_0,raleway,italic,8.0,23bol3_20211228_164327_9294041989_600_800.png,/scratch/parceirosbr/bigoilict/share/BigOil/document_generator/datasets/documents_2021_12_28/23bol3_20211228_164327_9294041989_600_800.png,23bol3_20211228_164327_9294041989_600_800_mask.png,geram
10,4,21,8,331,376,352,384,331,376,352,376,352,384,331,384,sub_line_text,table_text,table_0,raleway,italic,8.0,23bol3_20211228_164327_9294041989_600_800.png,/scratch/parceirosbr/bigoilict/share/BigOil/document_generator/datasets/documents_2021_12_28/23bol3_20211228_164327_9294041989_600_800.png,23bol3_20211228_164327_9294041989_600_800_mask.png,geram
5,4,11,8,342,394,353,402,342,394,353,394,353,402,342,402,text,table_text,table_0,raleway,regular,8.0,23bol3_20211228_164327_9294041989_600_800.png,/scratch/parceirosbr/bigoilict/share/BigOil/document_generator/datasets/documents_2021_12_28/23bol3_20211228_164327_9294041989_600_800.png,23bol3_20211228_164327_9294041989_600_800_mask.png,107
5,4,11,8,342,394,353,402,342,394,353,394,353,402,342,402,sub_line_text,table_text,table_0,raleway,regular,8.0,23bol3_20211228_164327_9294041989_600_800.png,/scratch/parceirosbr/bigoilict/share/BigOil/document_generator/datasets/documents_2021_12_28/23bol3_20211228_164327_9294041989_600_800.png,23bol3_20211228_164327_9294041989_600_800_mask.png,107
7,4,15,8,337,405,352,413,337,405,352,405,352,413,337,413,text,table_text,table_0,raleway,regular,8.0,23bol3_20211228_164327_9294041989_600_800.png,/scratch/parceirosbr/bigoilict/share/BigOil/document_generator/datasets/documents_2021_12_28/23bol3_20211228_164327_9294041989_600_800.png,23bol3_20211228_164327_9294041989_600_800_mask.png,4637
7,4,15,8,337,405,352,413,337,405,352,405,352,413,337,413,sub_line_text,table_text,table_0,raleway,regular,8.0,23bol3_20211228_164327_9294041989_600_800.png,/scratch/parceirosbr/bigoilict/share/BigOil/document_generator/datasets/documents_2021_12_28/23bol3_20211228_164327_9294041989_600_800.png,23bol3_20211228_164327_9294041989_600_800_mask.png,4637
8,4,16,8,336,416,352,424,336,416,352,416,352,424,336,424,text,table_text,table_0,raleway,regular,8.0,23bol3_20211228_164327_9294041989_600_800.png,/scratch/parceirosbr/bigoilict/share/BigOil/document_generator/datasets/documents_2021_12_28/23bol3_20211228_164327_9294041989_600_800.png,23bol3_20211228_164327_9294041989_600_800_mask.png,3888
8,4,16,8,336,416,352,424,336,416,352,416,352,424,336,424,sub_line_text,table_text,table_0,raleway,regular,8.0,23bol3_20211228_164327_9294041989_600_800.png,/scratch/parceirosbr/bigoilict/share/BigOil/document_generator/datasets/documents_2021_12_28/23bol3_20211228_164327_9294041989_600_800.png,23bol3_20211228_164327_9294041989_600_800_mask.png,3888
5,4,11,8,342,427,353,435,342,427,353,427,353,435,342,435,text,table_text,table_0,raleway,regular,8.0,23bol3_20211228_164327_9294041989_600_800.png,/scratch/parceirosbr/bigoilict/share/BigOil/document_generator/datasets/documents_2021_12_28/23bol3_20211228_164327_9294041989_600_800.png,23bol3_20211228_164327_9294041989_600_800_mask.png,281
5,4,11,8,342,427,353,435,342,427,353,427,353,435,342,435,sub_line_text,table_text,table_0,raleway,regular,8.0,23bol3_20211228_164327_9294041989_600_800.png,/scratch/parceirosbr/bigoilict/share/BigOil/document_generator/datasets/documents_2021_12_28/23bol3_20211228_164327_9294041989_600_800.png,23bol3_20211228_164327_9294041989_600_800_mask.png,281
5,4,11,8,341,438,352,446,341,438,352,438,352,446,341,446,text,table_text,table_0,raleway,regular,8.0,23bol3_20211228_164327_9294041989_600_800.png,/scratch/parceirosbr/bigoilict/share/BigOil/document_generator/datasets/documents_2021_12_28/23bol3_20211228_164327_9294041989_600_800.png,23bol3_20211228_164327_9294041989_600_800_mask.png,940
5,4,11,8,341,438,352,446,341,438,352,438,352,446,341,446,sub_line_text,table_text,table_0,raleway,regular,8.0,23bol3_20211228_164327_9294041989_600_800.png,/scratch/parceirosbr/bigoilict/share/BigOil/document_generator/datasets/documents_2021_12_28/23bol3_20211228_164327_9294041989_600_800.png,23bol3_20211228_164327_9294041989_600_800_mask.png,940
5,4,11,8,341,449,352,457,341,449,352,449,352,457,341,457,text,table_text,table_0,raleway,regular,8.0,23bol3_20211228_164327_9294041989_600_800.png,/scratch/parceirosbr/bigoilict/share/BigOil/document_generator/datasets/documents_2021_12_28/23bol3_20211228_164327_9294041989_600_800.png,23bol3_20211228_164327_9294041989_600_800_mask.png,925
5,4,11,8,341,449,352,457,341,449,352,449,352,457,341,457,sub_line_text,table_text,table_0,raleway,regular,8.0,23bol3_20211228_164327_9294041989_600_800.png,/scratch/parceirosbr/bigoilict/share/BigOil/document_generator/datasets/documents_2021_12_28/23bol3_20211228_164327_9294041989_600_800.png,23bol3_20211228_164327_9294041989_600_800_mask.png,925
5,4,11,8,342,460,353,468,342,460,353,460,353,468,342,468,text,table_text,table_0,raleway,regular,8.0,23bol3_20211228_164327_9294041989_600_800.png,/scratch/parceirosbr/bigoilict/share/BigOil/document_generator/datasets/documents_2021_12_28/23bol3_20211228_164327_9294041989_600_800.png,23bol3_20211228_164327_9294041989_600_800_mask.png,247
5,4,11,8,342,460,353,468,342,460,353,460,353,468,342,468,sub_line_text,table_text,table_0,raleway,regular,8.0,23bol3_20211228_164327_9294041989_600_800.png,/scratch/parceirosbr/bigoilict/share/BigOil/document_generator/datasets/documents_2021_12_28/23bol3_20211228_164327_9294041989_600_800.png,23bol3_20211228_164327_9294041989_600_800_mask.png,247
6,4,13,8,339,472,352,480,339,472,352,472,352,480,339,480,text,table_text,table_0,raleway,regular,8.0,23bol3_20211228_164327_9294041989_600_800.png,/scratch/parceirosbr/bigoilict/share/BigOil/document_generator/datasets/documents_2021_12_28/23bol3_20211228_164327_9294041989_600_800.png,23bol3_20211228_164327_9294041989_600_800_mask.png,7273
6,4,13,8,339,472,352,480,339,472,352,472,352,480,339,480,sub_line_text,table_text,table_0,raleway,regular,8.0,23bol3_20211228_164327_9294041989_600_800.png,/scratch/parceirosbr/bigoilict/share/BigOil/document_generator/datasets/documents_2021_12_28/23bol3_20211228_164327_9294041989_600_800.png,23bol3_20211228_164327_9294041989_600_800_mask.png,7273
7,4,15,8,337,483,352,491,337,483,352,483,352,491,337,491,text,table_text,table_0,raleway,regular,8.0,23bol3_20211228_164327_9294041989_600_800.png,/scratch/parceirosbr/bigoilict/share/BigOil/document_generator/datasets/documents_2021_12_28/23bol3_20211228_164327_9294041989_600_800.png,23bol3_20211228_164327_9294041989_600_800_mask.png,3298
7,4,15,8,337,483,352,491,337,483,352,483,352,491,337,491,sub_line_text,table_text,table_0,raleway,regular,8.0,23bol3_20211228_164327_9294041989_600_800.png,/scratch/parceirosbr/bigoilict/share/BigOil/document_generator/datasets/documents_2021_12_28/23bol3_20211228_164327_9294041989_600_800.png,23bol3_20211228_164327_9294041989_600_800_mask.png,3298
17,4,35,8,363,376,398,384,363,376,398,376,398,384,363,384,text,table_text,table_0,raleway,italic,8.0,23bol3_20211228_164327_9294041989_600_800.png,/scratch/parceirosbr/bigoilict/share/BigOil/document_generator/datasets/documents_2021_12_28/23bol3_20211228_164327_9294041989_600_800.png,23bol3_20211228_164327_9294041989_600_800_mask.png,floculação
17,4,35,8,363,376,398,384,363,376,398,376,398,384,363,384,sub_line_text,table_text,table_0,raleway,italic,8.0,23bol3_20211228_164327_9294041989_600_800.png,/scratch/parceirosbr/bigoilict/share/BigOil/document_generator/datasets/documents_2021_12_28/23bol3_20211228_164327_9294041989_600_800.png,23bol3_20211228_164327_9294041989_600_800_mask.png,floculação
4,4,9,8,389,394,398,402,389,394,398,394,398,402,389,402,text,table_text,table_0,raleway,regular,8.0,23bol3_20211228_164327_9294041989_600_800.png,/scratch/parceirosbr/bigoilict/share/BigOil/document_generator/datasets/documents_2021_12_28/23bol3_20211228_164327_9294041989_600_800.png,23bol3_20211228_164327_9294041989_600_800_mask.png,4.8
4,4,9,8,389,394,398,402,389,394,398,394,398,402,389,402,sub_line_text,table_text,table_0,raleway,regular,8.0,23bol3_20211228_164327_9294041989_600_800.png,/scratch/parceirosbr/bigoilict/share/BigOil/document_generator/datasets/documents_2021_12_28/23bol3_20211228_164327_9294041989_600_800.png,23bol3_20211228_164327_9294041989_600_800_mask.png,4.8
4,4,8,8,389,405,397,413,389,405,397,405,397,413,389,413,text,table_text,table_0,raleway,regular,8.0,23bol3_20211228_164327_9294041989_600_800.png,/scratch/parceirosbr/bigoilict/share/BigOil/document_generator/datasets/documents_2021_12_28/23bol3_20211228_164327_9294041989_600_800.png,23bol3_20211228_164327_9294041989_600_800_mask.png,5.2
4,4,8,8,389,405,397,413,389,405,397,405,397,413,389,413,sub_line_text,table_text,table_0,raleway,regular,8.0,23bol3_20211228_164327_9294041989_600_800.png,/scratch/parceirosbr/bigoilict/share/BigOil/document_generator/datasets/documents_2021_12_28/23bol3_20211228_164327_9294041989_600_800.png,23bol3_20211228_164327_9294041989_600_800_mask.png,5.2
4,4,9,8,389,416,398,424,389,416,398,416,398,424,389,424,text,table_text,table_0,raleway,regular,8.0,23bol3_20211228_164327_9294041989_600_800.png,/scratch/parceirosbr/bigoilict/share/BigOil/document_generator/datasets/documents_2021_12_28/23bol3_20211228_164327_9294041989_600_800.png,23bol3_20211228_164327_9294041989_600_800_mask.png,2.7
4,4,9,8,389,416,398,424,389,416,398,416,398,424,389,424,sub_line_text,table_text,table_0,raleway,regular,8.0,23bol3_20211228_164327_9294041989_600_800.png,/scratch/parceirosbr/bigoilict/share/BigOil/document_generator/datasets/documents_2021_12_28/23bol3_20211228_164327_9294041989_600_800.png,23bol3_20211228_164327_9294041989_600_800_mask.png,2.7
5,4,10,8,388,427,398,435,388,427,398,427,398,435,388,435,text,table_text,table_0,raleway,regular,8.0,23bol3_20211228_164327_9294041989_600_800.png,/scratch/parceirosbr/bigoilict/share/BigOil/document_generator/datasets/documents_2021_12_28/23bol3_20211228_164327_9294041989_600_800.png,23bol3_20211228_164327_9294041989_600_800_mask.png,9.5
5,4,10,8,388,427,398,435,388,427,398,427,398,435,388,435,sub_line_text,table_text,table_0,raleway,regular,8.0,23bol3_20211228_164327_9294041989_600_800.png,/scratch/parceirosbr/bigoilict/share/BigOil/document_generator/datasets/documents_2021_12_28/23bol3_20211228_164327_9294041989_600_800.png,23bol3_20211228_164327_9294041989_600_800_mask.png,9.5
5,4,10,8,388,438,398,446,388,438,398,438,398,446,388,446,text,table_text,table_0,raleway,regular,8.0,23bol3_20211228_164327_9294041989_600_800.png,/scratch/parceirosbr/bigoilict/share/BigOil/document_generator/datasets/documents_2021_12_28/23bol3_20211228_164327_9294041989_600_800.png,23bol3_20211228_164327_9294041989_600_800_mask.png,8.4
5,4,10,8,388,438,398,446,388,438,398,438,398,446,388,446,sub_line_text,table_text,table_0,raleway,regular,8.0,23bol3_20211228_164327_9294041989_600_800.png,/scratch/parceirosbr/bigoilict/share/BigOil/document_generator/datasets/documents_2021_12_28/23bol3_20211228_164327_9294041989_600_800.png,23bol3_20211228_164327_9294041989_600_800_mask.png,8.4
5,4,10,8,388,449,398,457,388,449,398,449,398,457,388,457,text,table_text,table_0,raleway,regular,8.0,23bol3_20211228_164327_9294041989_600_800.png,/scratch/parceirosbr/bigoilict/share/BigOil/document_generator/datasets/documents_2021_12_28/23bol3_20211228_164327_9294041989_600_800.png,23bol3_20211228_164327_9294041989_600_800_mask.png,8.5
5,4,10,8,388,449,398,457,388,449,398,449,398,457,388,457,sub_line_text,table_text,table_0,raleway,regular,8.0,23bol3_20211228_164327_9294041989_600_800.png,/scratch/parceirosbr/bigoilict/share/BigOil/document_generator/datasets/documents_2021_12_28/23bol3_20211228_164327_9294041989_600_800.png,23bol3_20211228_164327_9294041989_600_800_mask.png,8.5
4,4,9,8,389,460,398,468,389,460,398,460,398,468,389,468,text,table_text,table_0,raleway,regular,8.0,23bol3_20211228_164327_9294041989_600_800.png,/scratch/parceirosbr/bigoilict/share/BigOil/document_generator/datasets/documents_2021_12_28/23bol3_20211228_164327_9294041989_600_800.png,23bol3_20211228_164327_9294041989_600_800_mask.png,9.1
4,4,9,8,389,460,398,468,389,460,398,460,398,468,389,468,sub_line_text,table_text,table_0,raleway,regular,8.0,23bol3_20211228_164327_9294041989_600_800.png,/scratch/parceirosbr/bigoilict/share/BigOil/document_generator/datasets/documents_2021_12_28/23bol3_20211228_164327_9294041989_600_800.png,23bol3_20211228_164327_9294041989_600_800_mask.png,9.1
4,4,9,8,389,472,398,480,389,472,398,472,398,480,389,480,text,table_text,table_0,raleway,regular,8.0,23bol3_20211228_164327_9294041989_600_800.png,/scratch/parceirosbr/bigoilict/share/BigOil/document_generator/datasets/documents_2021_12_28/23bol3_20211228_164327_9294041989_600_800.png,23bol3_20211228_164327_9294041989_600_800_mask.png,7.6
4,4,9,8,389,472,398,480,389,472,398,472,398,480,389,480,sub_line_text,table_text,table_0,raleway,regular,8.0,23bol3_20211228_164327_9294041989_600_800.png,/scratch/parceirosbr/bigoilict/share/BigOil/document_generator/datasets/documents_2021_12_28/23bol3_20211228_164327_9294041989_600_800.png,23bol3_20211228_164327_9294041989_600_800_mask.png,7.6
4,4,9,8,389,483,398,491,389,483,398,483,398,491,389,491,text,table_text,table_0,raleway,regular,8.0,23bol3_20211228_164327_9294041989_600_800.png,/scratch/parceirosbr/bigoilict/share/BigOil/document_generator/datasets/documents_2021_12_28/23bol3_20211228_164327_9294041989_600_800.png,23bol3_20211228_164327_9294041989_600_800_mask.png,2.7
4,4,9,8,389,483,398,491,389,483,398,483,398,491,389,491,sub_line_text,table_text,table_0,raleway,regular,8.0,23bol3_20211228_164327_9294041989_600_800.png,/scratch/parceirosbr/bigoilict/share/BigOil/document_generator/datasets/documents_2021_12_28/23bol3_20211228_164327_9294041989_600_800.png,23bol3_20211228_164327_9294041989_600_800_mask.png,2.7
18,4,36,8,427,376,463,384,427,376,463,376,463,384,427,384,text,table_text,table_0,raleway,italic,8.0,23bol3_20211228_164327_9294041989_600_800.png,/scratch/parceirosbr/bigoilict/share/BigOil/document_generator/datasets/documents_2021_12_28/23bol3_20211228_164327_9294041989_600_800.png,23bol3_20211228_164327_9294041989_600_800_mask.png,deslocando
18,4,36,8,427,376,463,384,427,376,463,376,463,384,427,384,sub_line_text,table_text,table_0,raleway,italic,8.0,23bol3_20211228_164327_9294041989_600_800.png,/scratch/parceirosbr/bigoilict/share/BigOil/document_generator/datasets/documents_2021_12_28/23bol3_20211228_164327_9294041989_600_800.png,23bol3_20211228_164327_9294041989_600_800_mask.png,deslocando
4,4,8,8,441,394,449,402,441,394,449,394,449,402,441,402,text,table_text,table_0,raleway,regular,8.0,23bol3_20211228_164327_9294041989_600_800.png,/scratch/parceirosbr/bigoilict/share/BigOil/document_generator/datasets/documents_2021_12_28/23bol3_20211228_164327_9294041989_600_800.png,23bol3_20211228_164327_9294041989_600_800_mask.png,de
4,4,8,8,441,394,449,402,441,394,449,394,449,402,441,402,sub_line_text,table_text,table_0,raleway,regular,8.0,23bol3_20211228_164327_9294041989_600_800.png,/scratch/parceirosbr/bigoilict/share/BigOil/document_generator/datasets/documents_2021_12_28/23bol3_20211228_164327_9294041989_600_800.png,23bol3_20211228_164327_9294041989_600_800_mask.png,de
7,4,14,8,437,405,451,413,437,405,451,405,451,413,437,413,text,table_text,table_0,raleway,regular,8.0,23bol3_20211228_164327_9294041989_600_800.png,/scratch/parceirosbr/bigoilict/share/BigOil/document_generator/datasets/documents_2021_12_28/23bol3_20211228_164327_9294041989_600_800.png,23bol3_20211228_164327_9294041989_600_800_mask.png,mais
7,4,14,8,437,405,451,413,437,405,451,405,451,413,437,413,sub_line_text,table_text,table_0,raleway,regular,8.0,23bol3_20211228_164327_9294041989_600_800.png,/scratch/parceirosbr/bigoilict/share/BigOil/document_generator/datasets/documents_2021_12_28/23bol3_20211228_164327_9294041989_600_800.png,23bol3_20211228_164327_9294041989_600_800_mask.png,mais
7,4,14,8,437,416,451,424,437,416,451,416,451,424,437,424,text,table_text,table_0,raleway,regular,8.0,23bol3_20211228_164327_9294041989_600_800.png,/scratch/parceirosbr/bigoilict/share/BigOil/document_generator/datasets/documents_2021_12_28/23bol3_20211228_164327_9294041989_600_800.png,23bol3_20211228_164327_9294041989_600_800_mask.png,caso
7,4,14,8,437,416,451,424,437,416,451,416,451,424,437,424,sub_line_text,table_text,table_0,raleway,regular,8.0,23bol3_20211228_164327_9294041989_600_800.png,/scratch/parceirosbr/bigoilict/share/BigOil/document_generator/datasets/documents_2021_12_28/23bol3_20211228_164327_9294041989_600_800.png,23bol3_20211228_164327_9294041989_600_800_mask.png,caso
22,4,45,8,422,427,467,435,422,427,467,427,467,435,422,435,text,table_text,table_0,raleway,regular,8.0,23bol3_20211228_164327_9294041989_600_800.png,/scratch/parceirosbr/bigoilict/share/BigOil/document_generator/datasets/documents_2021_12_28/23bol3_20211228_164327_9294041989_600_800.png,23bol3_20211228_164327_9294041989_600_800_mask.png,características
22,4,45,8,422,427,467,435,422,427,467,427,467,435,422,435,sub_line_text,table_text,table_0,raleway,regular,8.0,23bol3_20211228_164327_9294041989_600_800.png,/scratch/parceirosbr/bigoilict/share/BigOil/document_generator/datasets/documents_2021_12_28/23bol3_20211228_164327_9294041989_600_800.png,23bol3_20211228_164327_9294041989_600_800_mask.png,características
5,4,11,8,439,438,450,446,439,438,450,438,450,446,439,446,text,table_text,table_0,raleway,regular,8.0,23bol3_20211228_164327_9294041989_600_800.png,/scratch/parceirosbr/bigoilict/share/BigOil/document_generator/datasets/documents_2021_12_28/23bol3_20211228_164327_9294041989_600_800.png,23bol3_20211228_164327_9294041989_600_800_mask.png,por
5,4,11,8,439,438,450,446,439,438,450,438,450,446,439,446,sub_line_text,table_text,table_0,raleway,regular,8.0,23bol3_20211228_164327_9294041989_600_800.png,/scratch/parceirosbr/bigoilict/share/BigOil/document_generator/datasets/documents_2021_12_28/23bol3_20211228_164327_9294041989_600_800.png,23bol3_20211228_164327_9294041989_600_800_mask.png,por
8,4,17,8,436,449,453,457,436,449,453,449,453,457,436,457,text,table_text,table_0,raleway,regular,8.0,23bol3_20211228_164327_9294041989_600_800.png,/scratch/parceirosbr/bigoilict/share/BigOil/document_generator/datasets/documents_2021_12_28/23bol3_20211228_164327_9294041989_600_800.png,23bol3_20211228_164327_9294041989_600_800_mask.png,apelo
8,4,17,8,436,449,453,457,436,449,453,449,453,457,436,457,sub_line_text,table_text,table_0,raleway,regular,8.0,23bol3_20211228_164327_9294041989_600_800.png,/scratch/parceirosbr/bigoilict/share/BigOil/document_generator/datasets/documents_2021_12_28/23bol3_20211228_164327_9294041989_600_800.png,23bol3_20211228_164327_9294041989_600_800_mask.png,apelo
11,4,23,8,433,460,456,468,433,460,456,460,456,468,433,468,text,table_text,table_0,raleway,regular,8.0,23bol3_20211228_164327_9294041989_600_800.png,/scratch/parceirosbr/bigoilict/share/BigOil/document_generator/datasets/documents_2021_12_28/23bol3_20211228_164327_9294041989_600_800.png,23bol3_20211228_164327_9294041989_600_800_mask.png,tomada
11,4,23,8,433,460,456,468,433,460,456,460,456,468,433,468,sub_line_text,table_text,table_0,raleway,regular,8.0,23bol3_20211228_164327_9294041989_600_800.png,/scratch/parceirosbr/bigoilict/share/BigOil/document_generator/datasets/documents_2021_12_28/23bol3_20211228_164327_9294041989_600_800.png,23bol3_20211228_164327_9294041989_600_800_mask.png,tomada
8,4,16,8,437,472,453,480,437,472,453,472,453,480,437,480,text,table_text,table_0,raleway,regular,8.0,23bol3_20211228_164327_9294041989_600_800.png,/scratch/parceirosbr/bigoilict/share/BigOil/document_generator/datasets/documents_2021_12_28/23bol3_20211228_164327_9294041989_600_800.png,23bol3_20211228_164327_9294041989_600_800_mask.png,atual
8,4,16,8,437,472,453,480,437,472,453,472,453,480,437,480,sub_line_text,table_text,table_0,raleway,regular,8.0,23bol3_20211228_164327_9294041989_600_800.png,/scratch/parceirosbr/bigoilict/share/BigOil/document_generator/datasets/documents_2021_12_28/23bol3_20211228_164327_9294041989_600_800.png,23bol3_20211228_164327_9294041989_600_800_mask.png,atual
11,4,22,8,434,483,456,491,434,483,456,483,456,491,434,491,text,table_text,table_0,raleway,regular,8.0,23bol3_20211228_164327_9294041989_600_800.png,/scratch/parceirosbr/bigoilict/share/BigOil/document_generator/datasets/documents_2021_12_28/23bol3_20211228_164327_9294041989_600_800.png,23bol3_20211228_164327_9294041989_600_800_mask.png,sujeito
11,4,22,8,434,483,456,491,434,483,456,483,456,491,434,491,sub_line_text,table_text,table_0,raleway,regular,8.0,23bol3_20211228_164327_9294041989_600_800.png,/scratch/parceirosbr/bigoilict/share/BigOil/document_generator/datasets/documents_2021_12_28/23bol3_20211228_164327_9294041989_600_800.png,23bol3_20211228_164327_9294041989_600_800_mask.png,sujeito
