center_x,center_y,width,height,xmin,ymin,xmax,ymax,top_left_x,top_left_y,top_right_x,top_right_y,bottom_right_x,bottom_right_y,bottom_left_x,bottom_left_y,label,grouplabel,group,text_font,text_style,size_font,filename,path,filename_mask,content
300,400,600,800,0,0,600,800,0,0,600,0,600,800,0,800,document,,,,,,23bol3_20211228_164327_2623926294_600_800.png,/scratch/parceirosbr/bigoilict/share/BigOil/document_generator/datasets/documents_2021_12_28/23bol3_20211228_164327_2623926294_600_800.png,23bol3_20211228_164327_2623926294_600_800_mask.png,
10,5,21,10,296,63,317,73,296,63,317,63,317,73,296,73,sub_line_text,header,header_1,roboto,regular,8,23bol3_20211228_164327_2623926294_600_800.png,/scratch/parceirosbr/bigoilict/share/BigOil/document_generator/datasets/documents_2021_12_28/23bol3_20211228_164327_2623926294_600_800.png,23bol3_20211228_164327_2623926294_600_800_mask.png,Da do
10,5,21,10,296,63,317,73,296,63,317,63,317,73,296,73,text,header,header_1,roboto,regular,8,23bol3_20211228_164327_2623926294_600_800.png,/scratch/parceirosbr/bigoilict/share/BigOil/document_generator/datasets/documents_2021_12_28/23bol3_20211228_164327_2623926294_600_800.png,23bol3_20211228_164327_2623926294_600_800_mask.png,nan
245,1,490,2,62,72,552,74,62,72,552,72,552,74,62,74,line,line,line,,,,23bol3_20211228_164327_2623926294_600_800.png,/scratch/parceirosbr/bigoilict/share/BigOil/document_generator/datasets/documents_2021_12_28/23bol3_20211228_164327_2623926294_600_800.png,23bol3_20211228_164327_2623926294_600_800_mask.png,nan
245,0,490,1,62,727,552,728,62,727,552,727,552,728,62,728,line,line,line,,,,23bol3_20211228_164327_2623926294_600_800.png,/scratch/parceirosbr/bigoilict/share/BigOil/document_generator/datasets/documents_2021_12_28/23bol3_20211228_164327_2623926294_600_800.png,23bol3_20211228_164327_2623926294_600_800_mask.png,nan
5,4,10,9,541,727,551,736,541,727,551,727,551,736,541,736,sub_line_text,numpag,footer_1,roboto,regular,8,23bol3_20211228_164327_2623926294_600_800.png,/scratch/parceirosbr/bigoilict/share/BigOil/document_generator/datasets/documents_2021_12_28/23bol3_20211228_164327_2623926294_600_800.png,23bol3_20211228_164327_2623926294_600_800_mask.png,87
5,4,10,9,541,727,551,736,541,727,551,727,551,736,541,736,text,numpag,footer_1,roboto,regular,8,23bol3_20211228_164327_2623926294_600_800.png,/scratch/parceirosbr/bigoilict/share/BigOil/document_generator/datasets/documents_2021_12_28/23bol3_20211228_164327_2623926294_600_800.png,23bol3_20211228_164327_2623926294_600_800_mask.png,nan
137,45,274,91,74,594,348,685,74,594,348,594,348,685,74,685,image,figure_image,figure_0,,,,23bol3_20211228_164327_2623926294_600_800.png,/scratch/parceirosbr/bigoilict/share/BigOil/document_generator/datasets/documents_2021_12_28/23bol3_20211228_164327_2623926294_600_800.png,23bol3_20211228_164327_2623926294_600_800_mask.png,output/gen_img_20211228_164327_6862983266.png
8,2,17,5,229,659,246,664,229,659,246,659,246,664,229,664,text,figure_text,figure_0,,,,23bol3_20211228_164327_2623926294_600_800.png,/scratch/parceirosbr/bigoilict/share/BigOil/document_generator/datasets/documents_2021_12_28/23bol3_20211228_164327_2623926294_600_800.png,23bol3_20211228_164327_2623926294_600_800_mask.png,Efficiency
8,2,17,5,229,659,246,664,229,659,246,659,246,664,229,664,sub_line_text,figure_text,figure_0,,,,23bol3_20211228_164327_2623926294_600_800.png,/scratch/parceirosbr/bigoilict/share/BigOil/document_generator/datasets/documents_2021_12_28/23bol3_20211228_164327_2623926294_600_800.png,23bol3_20211228_164327_2623926294_600_800_mask.png,Efficiency
10,2,21,5,93,622,114,627,93,622,114,622,114,627,93,627,text,figure_text,figure_0,,,,23bol3_20211228_164327_2623926294_600_800.png,/scratch/parceirosbr/bigoilict/share/BigOil/document_generator/datasets/documents_2021_12_28/23bol3_20211228_164327_2623926294_600_800.png,23bol3_20211228_164327_2623926294_600_800_mask.png,Volume [TB]
10,2,21,5,93,622,114,627,93,622,114,622,114,627,93,627,sub_line_text,figure_text,figure_0,,,,23bol3_20211228_164327_2623926294_600_800.png,/scratch/parceirosbr/bigoilict/share/BigOil/document_generator/datasets/documents_2021_12_28/23bol3_20211228_164327_2623926294_600_800.png,23bol3_20211228_164327_2623926294_600_800_mask.png,Volume [TB]
5,2,10,4,132,637,142,641,132,637,142,637,142,641,132,641,text,figure_text,figure_0,,,,23bol3_20211228_164327_2623926294_600_800.png,/scratch/parceirosbr/bigoilict/share/BigOil/document_generator/datasets/documents_2021_12_28/23bol3_20211228_164327_2623926294_600_800.png,23bol3_20211228_164327_2623926294_600_800_mask.png,-9450
5,2,10,4,132,637,142,641,132,637,142,637,142,641,132,641,sub_line_text,figure_text,figure_0,,,,23bol3_20211228_164327_2623926294_600_800.png,/scratch/parceirosbr/bigoilict/share/BigOil/document_generator/datasets/documents_2021_12_28/23bol3_20211228_164327_2623926294_600_800.png,23bol3_20211228_164327_2623926294_600_800_mask.png,-9450
8,2,16,4,179,670,195,674,179,670,195,670,195,674,179,674,text,figure_text,figure_0,,,,23bol3_20211228_164327_2623926294_600_800.png,/scratch/parceirosbr/bigoilict/share/BigOil/document_generator/datasets/documents_2021_12_28/23bol3_20211228_164327_2623926294_600_800.png,23bol3_20211228_164327_2623926294_600_800_mask.png,Male (M)
8,2,16,4,179,670,195,674,179,670,195,670,195,674,179,674,sub_line_text,figure_text,figure_0,,,,23bol3_20211228_164327_2623926294_600_800.png,/scratch/parceirosbr/bigoilict/share/BigOil/document_generator/datasets/documents_2021_12_28/23bol3_20211228_164327_2623926294_600_800.png,23bol3_20211228_164327_2623926294_600_800_mask.png,Male (M)
10,2,20,4,247,667,267,671,247,667,267,667,267,671,247,671,text,figure_text,figure_0,,,,23bol3_20211228_164327_2623926294_600_800.png,/scratch/parceirosbr/bigoilict/share/BigOil/document_generator/datasets/documents_2021_12_28/23bol3_20211228_164327_2623926294_600_800.png,23bol3_20211228_164327_2623926294_600_800_mask.png,Quality[MB]
10,2,20,4,247,667,267,671,247,667,267,667,267,671,247,671,sub_line_text,figure_text,figure_0,,,,23bol3_20211228_164327_2623926294_600_800.png,/scratch/parceirosbr/bigoilict/share/BigOil/document_generator/datasets/documents_2021_12_28/23bol3_20211228_164327_2623926294_600_800.png,23bol3_20211228_164327_2623926294_600_800_mask.png,Quality[MB]
6,2,12,4,327,664,339,668,327,664,339,664,339,668,327,668,text,figure_text,figure_0,,,,23bol3_20211228_164327_2623926294_600_800.png,/scratch/parceirosbr/bigoilict/share/BigOil/document_generator/datasets/documents_2021_12_28/23bol3_20211228_164327_2623926294_600_800.png,23bol3_20211228_164327_2623926294_600_800_mask.png,914.55
6,2,12,4,327,664,339,668,327,664,339,664,339,668,327,668,sub_line_text,figure_text,figure_0,,,,23bol3_20211228_164327_2623926294_600_800.png,/scratch/parceirosbr/bigoilict/share/BigOil/document_generator/datasets/documents_2021_12_28/23bol3_20211228_164327_2623926294_600_800.png,23bol3_20211228_164327_2623926294_600_800_mask.png,914.55
6,2,13,4,272,635,285,639,272,635,285,635,285,639,272,639,text,figure_text,figure_0,,,,23bol3_20211228_164327_2623926294_600_800.png,/scratch/parceirosbr/bigoilict/share/BigOil/document_generator/datasets/documents_2021_12_28/23bol3_20211228_164327_2623926294_600_800.png,23bol3_20211228_164327_2623926294_600_800_mask.png,-2999.6
6,2,13,4,272,635,285,639,272,635,285,635,285,639,272,639,sub_line_text,figure_text,figure_0,,,,23bol3_20211228_164327_2623926294_600_800.png,/scratch/parceirosbr/bigoilict/share/BigOil/document_generator/datasets/documents_2021_12_28/23bol3_20211228_164327_2623926294_600_800.png,23bol3_20211228_164327_2623926294_600_800_mask.png,-2999.6
4,2,9,4,251,657,260,661,251,657,260,657,260,661,251,661,text,figure_text,figure_0,,,,23bol3_20211228_164327_2623926294_600_800.png,/scratch/parceirosbr/bigoilict/share/BigOil/document_generator/datasets/documents_2021_12_28/23bol3_20211228_164327_2623926294_600_800.png,23bol3_20211228_164327_2623926294_600_800_mask.png,Unity
4,2,9,4,251,657,260,661,251,657,260,657,260,661,251,661,sub_line_text,figure_text,figure_0,,,,23bol3_20211228_164327_2623926294_600_800.png,/scratch/parceirosbr/bigoilict/share/BigOil/document_generator/datasets/documents_2021_12_28/23bol3_20211228_164327_2623926294_600_800.png,23bol3_20211228_164327_2623926294_600_800_mask.png,Unity
7,2,15,4,130,628,145,632,130,628,145,628,145,632,130,632,text,figure_text,figure_0,,,,23bol3_20211228_164327_2623926294_600_800.png,/scratch/parceirosbr/bigoilict/share/BigOil/document_generator/datasets/documents_2021_12_28/23bol3_20211228_164327_2623926294_600_800.png,23bol3_20211228_164327_2623926294_600_800_mask.png,-6455.13
7,2,15,4,130,628,145,632,130,628,145,628,145,632,130,632,sub_line_text,figure_text,figure_0,,,,23bol3_20211228_164327_2623926294_600_800.png,/scratch/parceirosbr/bigoilict/share/BigOil/document_generator/datasets/documents_2021_12_28/23bol3_20211228_164327_2623926294_600_800.png,23bol3_20211228_164327_2623926294_600_800_mask.png,-6455.13
9,2,18,4,241,625,259,629,241,625,259,625,259,629,241,629,text,figure_text,figure_0,,,,23bol3_20211228_164327_2623926294_600_800.png,/scratch/parceirosbr/bigoilict/share/BigOil/document_generator/datasets/documents_2021_12_28/23bol3_20211228_164327_2623926294_600_800.png,23bol3_20211228_164327_2623926294_600_800_mask.png,-4094.46%
9,2,18,4,241,625,259,629,241,625,259,625,259,629,241,629,sub_line_text,figure_text,figure_0,,,,23bol3_20211228_164327_2623926294_600_800.png,/scratch/parceirosbr/bigoilict/share/BigOil/document_generator/datasets/documents_2021_12_28/23bol3_20211228_164327_2623926294_600_800.png,23bol3_20211228_164327_2623926294_600_800_mask.png,-4094.46%
8,2,17,5,206,631,223,636,206,631,223,631,223,636,206,636,text,figure_text,figure_0,,,,23bol3_20211228_164327_2623926294_600_800.png,/scratch/parceirosbr/bigoilict/share/BigOil/document_generator/datasets/documents_2021_12_28/23bol3_20211228_164327_2623926294_600_800.png,23bol3_20211228_164327_2623926294_600_800_mask.png,Efficiency
8,2,17,5,206,631,223,636,206,631,223,631,223,636,206,636,sub_line_text,figure_text,figure_0,,,,23bol3_20211228_164327_2623926294_600_800.png,/scratch/parceirosbr/bigoilict/share/BigOil/document_generator/datasets/documents_2021_12_28/23bol3_20211228_164327_2623926294_600_800.png,23bol3_20211228_164327_2623926294_600_800_mask.png,Efficiency
8,2,17,4,109,630,126,634,109,630,126,630,126,634,109,634,text,figure_text,figure_0,,,,23bol3_20211228_164327_2623926294_600_800.png,/scratch/parceirosbr/bigoilict/share/BigOil/document_generator/datasets/documents_2021_12_28/23bol3_20211228_164327_2623926294_600_800.png,23bol3_20211228_164327_2623926294_600_800_mask.png,-1027.247
8,2,17,4,109,630,126,634,109,630,126,630,126,634,109,634,sub_line_text,figure_text,figure_0,,,,23bol3_20211228_164327_2623926294_600_800.png,/scratch/parceirosbr/bigoilict/share/BigOil/document_generator/datasets/documents_2021_12_28/23bol3_20211228_164327_2623926294_600_800.png,23bol3_20211228_164327_2623926294_600_800_mask.png,-1027.247
6,2,13,4,299,651,312,655,299,651,312,651,312,655,299,655,text,figure_text,figure_0,,,,23bol3_20211228_164327_2623926294_600_800.png,/scratch/parceirosbr/bigoilict/share/BigOil/document_generator/datasets/documents_2021_12_28/23bol3_20211228_164327_2623926294_600_800.png,23bol3_20211228_164327_2623926294_600_800_mask.png,-9018%
6,2,13,4,299,651,312,655,299,651,312,651,312,655,299,655,sub_line_text,figure_text,figure_0,,,,23bol3_20211228_164327_2623926294_600_800.png,/scratch/parceirosbr/bigoilict/share/BigOil/document_generator/datasets/documents_2021_12_28/23bol3_20211228_164327_2623926294_600_800.png,23bol3_20211228_164327_2623926294_600_800_mask.png,-9018%
11,2,23,5,103,614,126,619,103,614,126,614,126,619,103,619,text,figure_text,figure_0,,,,23bol3_20211228_164327_2623926294_600_800.png,/scratch/parceirosbr/bigoilict/share/BigOil/document_generator/datasets/documents_2021_12_28/23bol3_20211228_164327_2623926294_600_800.png,23bol3_20211228_164327_2623926294_600_800_mask.png,Consumption
11,2,23,5,103,614,126,619,103,614,126,614,126,619,103,619,sub_line_text,figure_text,figure_0,,,,23bol3_20211228_164327_2623926294_600_800.png,/scratch/parceirosbr/bigoilict/share/BigOil/document_generator/datasets/documents_2021_12_28/23bol3_20211228_164327_2623926294_600_800.png,23bol3_20211228_164327_2623926294_600_800_mask.png,Consumption
12,2,24,4,100,671,124,675,100,671,124,671,124,675,100,675,text,figure_text,figure_0,,,,23bol3_20211228_164327_2623926294_600_800.png,/scratch/parceirosbr/bigoilict/share/BigOil/document_generator/datasets/documents_2021_12_28/23bol3_20211228_164327_2623926294_600_800.png,23bol3_20211228_164327_2623926294_600_800_mask.png,Concentration
12,2,24,4,100,671,124,675,100,671,124,671,124,675,100,675,sub_line_text,figure_text,figure_0,,,,23bol3_20211228_164327_2623926294_600_800.png,/scratch/parceirosbr/bigoilict/share/BigOil/document_generator/datasets/documents_2021_12_28/23bol3_20211228_164327_2623926294_600_800.png,23bol3_20211228_164327_2623926294_600_800_mask.png,Concentration
53,4,106,8,435,584,541,592,435,584,541,584,541,592,435,592,sub_line_text,figure_legend,figure_0,roboto,bolditalic,7,23bol3_20211228_164327_2623926294_600_800.png,/scratch/parceirosbr/bigoilict/share/BigOil/document_generator/datasets/documents_2021_12_28/23bol3_20211228_164327_2623926294_600_800.png,23bol3_20211228_164327_2623926294_600_800_mask.png,Figura  125:    Ainda  no  que co-
52,4,105,8,435,597,540,605,435,597,540,597,540,605,435,605,sub_line_text,figure_legend,figure_0,roboto,bolditalic,7,23bol3_20211228_164327_2623926294_600_800.png,/scratch/parceirosbr/bigoilict/share/BigOil/document_generator/datasets/documents_2021_12_28/23bol3_20211228_164327_2623926294_600_800.png,23bol3_20211228_164327_2623926294_600_800_mask.png,ncerne   aos  riscos  de  prejuí-
53,4,106,8,435,610,541,618,435,610,541,610,541,618,435,618,sub_line_text,figure_legend,figure_0,roboto,bolditalic,7,23bol3_20211228_164327_2623926294_600_800.png,/scratch/parceirosbr/bigoilict/share/BigOil/document_generator/datasets/documents_2021_12_28/23bol3_20211228_164327_2623926294_600_800.png,23bol3_20211228_164327_2623926294_600_800_mask.png,zos   à  garantia  do  abastecim-
45,4,91,8,435,623,526,631,435,623,526,623,526,631,435,631,sub_line_text,figure_legend,figure_0,roboto,bolditalic,7,23bol3_20211228_164327_2623926294_600_800.png,/scratch/parceirosbr/bigoilict/share/BigOil/document_generator/datasets/documents_2021_12_28/23bol3_20211228_164327_2623926294_600_800.png,23bol3_20211228_164327_2623926294_600_800_mask.png,"ento, na avaliação da4, o ga"
53,23,106,47,435,584,541,631,435,584,541,584,541,631,435,631,text,figure_legend,figure_0,roboto,bolditalic,7,23bol3_20211228_164327_2623926294_600_800.png,/scratch/parceirosbr/bigoilict/share/BigOil/document_generator/datasets/documents_2021_12_28/23bol3_20211228_164327_2623926294_600_800.png,23bol3_20211228_164327_2623926294_600_800_mask.png,nan
52,4,105,8,435,644,540,652,435,644,540,644,540,652,435,652,sub_line_text,figure_legend,figure_0,roboto,bolditalic,7,23bol3_20211228_164327_2623926294_600_800.png,/scratch/parceirosbr/bigoilict/share/BigOil/document_generator/datasets/documents_2021_12_28/23bol3_20211228_164327_2623926294_600_800.png,23bol3_20211228_164327_2623926294_600_800_mask.png,Figura  115:    Rm4.  externa  pa-
52,4,105,8,435,657,540,665,435,657,540,657,540,665,435,665,sub_line_text,figure_legend,figure_0,roboto,bolditalic,7,23bol3_20211228_164327_2623926294_600_800.png,/scratch/parceirosbr/bigoilict/share/BigOil/document_generator/datasets/documents_2021_12_28/23bol3_20211228_164327_2623926294_600_800.png,23bol3_20211228_164327_2623926294_600_800_mask.png,ra   o  qual  a  tensao  media  na
52,4,105,8,435,670,540,678,435,670,540,670,540,678,435,678,sub_line_text,figure_legend,figure_0,roboto,bolditalic,7,23bol3_20211228_164327_2623926294_600_800.png,/scratch/parceirosbr/bigoilict/share/BigOil/document_generator/datasets/documents_2021_12_28/23bol3_20211228_164327_2623926294_600_800.png,23bol3_20211228_164327_2623926294_600_800_mask.png,chapa  atinje  o  criterio  deesc-
30,4,61,8,435,683,496,691,435,683,496,683,496,691,435,691,sub_line_text,figure_legend,figure_0,roboto,bolditalic,7,23bol3_20211228_164327_2623926294_600_800.png,/scratch/parceirosbr/bigoilict/share/BigOil/document_generator/datasets/documents_2021_12_28/23bol3_20211228_164327_2623926294_600_800.png,23bol3_20211228_164327_2623926294_600_800_mask.png,oamento de von no
52,23,105,47,435,644,540,691,435,644,540,644,540,691,435,691,text,figure_legend,figure_0,roboto,bolditalic,7,23bol3_20211228_164327_2623926294_600_800.png,/scratch/parceirosbr/bigoilict/share/BigOil/document_generator/datasets/documents_2021_12_28/23bol3_20211228_164327_2623926294_600_800.png,23bol3_20211228_164327_2623926294_600_800_mask.png,nan
99,5,199,10,92,92,291,102,92,92,291,92,291,102,92,102,sub_line_text,text,text_0,roboto,regular,8,23bol3_20211228_164327_2623926294_600_800.png,/scratch/parceirosbr/bigoilict/share/BigOil/document_generator/datasets/documents_2021_12_28/23bol3_20211228_164327_2623926294_600_800.png,23bol3_20211228_164327_2623926294_600_800_mask.png,Após  serem  definidos  os três diferentes cenários e di-
114,5,229,10,62,108,291,118,62,108,291,108,291,118,62,118,sub_line_text,text,text_0,roboto,regular,8,23bol3_20211228_164327_2623926294_600_800.png,/scratch/parceirosbr/bigoilict/share/BigOil/document_generator/datasets/documents_2021_12_28/23bol3_20211228_164327_2623926294_600_800.png,23bol3_20211228_164327_2623926294_600_800_mask.png,vulgados  as  particularidades inerentes às amostras as quais se-
114,5,229,10,62,124,291,134,62,124,291,124,291,134,62,134,sub_line_text,text,text_0,roboto,regular,8,23bol3_20211228_164327_2623926294_600_800.png,/scratch/parceirosbr/bigoilict/share/BigOil/document_generator/datasets/documents_2021_12_28/23bol3_20211228_164327_2623926294_600_800.png,23bol3_20211228_164327_2623926294_600_800_mask.png,"rão  analisadas,  foram  criados os alicerces necessários para, fi-"
114,5,228,10,62,140,290,150,62,140,290,140,290,150,62,150,sub_line_text,text,text_0,roboto,regular,8,23bol3_20211228_164327_2623926294_600_800.png,/scratch/parceirosbr/bigoilict/share/BigOil/document_generator/datasets/documents_2021_12_28/23bol3_20211228_164327_2623926294_600_800.png,23bol3_20211228_164327_2623926294_600_800_mask.png,"nalmente,  dar início a simulação de injeção de água nos respect-"
114,5,228,10,62,156,290,166,62,156,290,156,290,166,62,166,sub_line_text,text,text_0,roboto,regular,8,23bol3_20211228_164327_2623926294_600_800.png,/scratch/parceirosbr/bigoilict/share/BigOil/document_generator/datasets/documents_2021_12_28/23bol3_20211228_164327_2623926294_600_800.png,23bol3_20211228_164327_2623926294_600_800_mask.png,ivos  meios  porosos.  Adicionalmente  às  participações govern-
114,5,229,10,62,172,291,182,62,172,291,172,291,182,62,182,sub_line_text,text,text_0,roboto,regular,8,23bol3_20211228_164327_2623926294_600_800.png,/scratch/parceirosbr/bigoilict/share/BigOil/document_generator/datasets/documents_2021_12_28/23bol3_20211228_164327_2623926294_600_800.png,23bol3_20211228_164327_2623926294_600_800_mask.png,"amen-tais,  a  do  estabelece o pagamento, pelos concessionário-"
114,5,228,10,62,188,290,198,62,188,290,188,290,198,62,198,sub_line_text,text,text_0,roboto,regular,8,23bol3_20211228_164327_2623926294_600_800.png,/scratch/parceirosbr/bigoilict/share/BigOil/document_generator/datasets/documents_2021_12_28/23bol3_20211228_164327_2623926294_600_800.png,23bol3_20211228_164327_2623926294_600_800_mask.png,"s,  de  uma  participação so-bre o valor do petróleo e do gás nat-"
109,5,219,10,62,204,281,214,62,204,281,204,281,214,62,214,sub_line_text,text,text_0,roboto,regular,8,23bol3_20211228_164327_2623926294_600_800.png,/scratch/parceirosbr/bigoilict/share/BigOil/document_generator/datasets/documents_2021_12_28/23bol3_20211228_164327_2623926294_600_800.png,23bol3_20211228_164327_2623926294_600_800_mask.png,ural produ-zido aos proprietários das terras onde são rea-liza.
114,61,229,122,62,92,291,214,62,92,291,92,291,214,62,214,text,text,text_0,roboto,regular,8,23bol3_20211228_164327_2623926294_600_800.png,/scratch/parceirosbr/bigoilict/share/BigOil/document_generator/datasets/documents_2021_12_28/23bol3_20211228_164327_2623926294_600_800.png,23bol3_20211228_164327_2623926294_600_800_mask.png,nan
99,5,199,10,92,222,291,232,92,222,291,222,291,232,92,232,sub_line_text,text,text_1,roboto,regular,8,23bol3_20211228_164327_2623926294_600_800.png,/scratch/parceirosbr/bigoilict/share/BigOil/document_generator/datasets/documents_2021_12_28/23bol3_20211228_164327_2623926294_600_800.png,23bol3_20211228_164327_2623926294_600_800_mask.png,As  condições  uti-lizadas  no  modelo  para  a formação
115,5,230,10,62,238,292,248,62,238,292,238,292,248,62,248,sub_line_text,text,text_1,roboto,regular,8,23bol3_20211228_164327_2623926294_600_800.png,/scratch/parceirosbr/bigoilict/share/BigOil/document_generator/datasets/documents_2021_12_28/23bol3_20211228_164327_2623926294_600_800.png,23bol3_20211228_164327_2623926294_600_800_mask.png,"do  hidrato foram e visto que, como asanálises foram realizadas"
114,5,229,10,62,254,291,264,62,254,291,254,291,264,62,264,sub_line_text,text,text_1,roboto,regular,8,23bol3_20211228_164327_2623926294_600_800.png,/scratch/parceirosbr/bigoilict/share/BigOil/document_generator/datasets/documents_2021_12_28/23bol3_20211228_164327_2623926294_600_800.png,23bol3_20211228_164327_2623926294_600_800_mask.png,"com  partículas  de água atomizadas em meio rico em gás, aresi-"
114,5,229,10,62,270,291,280,62,270,291,270,291,280,62,280,sub_line_text,text,text_1,roboto,regular,8,23bol3_20211228_164327_2623926294_600_800.png,/scratch/parceirosbr/bigoilict/share/BigOil/document_generator/datasets/documents_2021_12_28/23bol3_20211228_164327_2623926294_600_800.png,23bol3_20211228_164327_2623926294_600_800_mask.png,"stência  a  transferência de calor e de massa, ao redor destas (p-"
114,5,228,10,62,286,290,296,62,286,290,286,290,296,62,296,sub_line_text,text,text_1,roboto,regular,8,23bol3_20211228_164327_2623926294_600_800.png,/scratch/parceirosbr/bigoilict/share/BigOil/document_generator/datasets/documents_2021_12_28/23bol3_20211228_164327_2623926294_600_800.png,23bol3_20211228_164327_2623926294_600_800_mask.png,"artículas  de  água),é  muito baixa. Deste modo, a posição dos p-"
109,5,218,10,62,302,280,312,62,302,280,302,280,312,62,312,sub_line_text,text,text_1,roboto,regular,8,23bol3_20211228_164327_2623926294_600_800.png,/scratch/parceirosbr/bigoilict/share/BigOil/document_generator/datasets/documents_2021_12_28/23bol3_20211228_164327_2623926294_600_800.png,23bol3_20211228_164327_2623926294_600_800_mask.png,"istões em relação ao ponto morto superior, no momento em."
115,45,230,90,62,222,292,312,62,222,292,222,292,312,62,312,text,text,text_1,roboto,regular,8,23bol3_20211228_164327_2623926294_600_800.png,/scratch/parceirosbr/bigoilict/share/BigOil/document_generator/datasets/documents_2021_12_28/23bol3_20211228_164327_2623926294_600_800.png,23bol3_20211228_164327_2623926294_600_800_mask.png,nan
98,111,197,222,62,320,259,542,62,320,259,320,259,542,62,542,list,list,list_1,roboto,roboto,8,23bol3_20211228_164327_2623926294_600_800.png,/scratch/parceirosbr/bigoilict/share/BigOil/document_generator/datasets/documents_2021_12_28/23bol3_20211228_164327_2623926294_600_800.png,23bol3_20211228_164327_2623926294_600_800_mask.png,
56,5,113,10,62,320,175,330,62,320,175,320,175,330,62,330,sub_line_text,list,list_1,roboto,regular,8,23bol3_20211228_164327_2623926294_600_800.png,/scratch/parceirosbr/bigoilict/share/BigOil/document_generator/datasets/documents_2021_12_28/23bol3_20211228_164327_2623926294_600_800.png,23bol3_20211228_164327_2623926294_600_800_mask.png,•  A simples combinação dessas
98,5,197,10,62,336,259,346,62,336,259,336,259,346,62,346,sub_line_text,list,list_1,roboto,regular,8,23bol3_20211228_164327_2623926294_600_800.png,/scratch/parceirosbr/bigoilict/share/BigOil/document_generator/datasets/documents_2021_12_28/23bol3_20211228_164327_2623926294_600_800.png,23bol3_20211228_164327_2623926294_600_800_mask.png,•  Problemas no equipamento impossibilitaram a análise
45,5,90,10,62,352,152,362,62,352,152,352,152,362,62,362,sub_line_text,list,list_1,roboto,regular,8,23bol3_20211228_164327_2623926294_600_800.png,/scratch/parceirosbr/bigoilict/share/BigOil/document_generator/datasets/documents_2021_12_28/23bol3_20211228_164327_2623926294_600_800.png,23bol3_20211228_164327_2623926294_600_800_mask.png,•  Observa-se na 3.18 que
54,5,109,10,62,368,171,378,62,368,171,368,171,378,62,378,sub_line_text,list,list_1,roboto,regular,8,23bol3_20211228_164327_2623926294_600_800.png,/scratch/parceirosbr/bigoilict/share/BigOil/document_generator/datasets/documents_2021_12_28/23bol3_20211228_164327_2623926294_600_800.png,23bol3_20211228_164327_2623926294_600_800_mask.png,•  Produção e aumentar preços
40,5,81,10,62,384,143,394,62,384,143,384,143,394,62,394,sub_line_text,list,list_1,roboto,regular,8,23bol3_20211228_164327_2623926294_600_800.png,/scratch/parceirosbr/bigoilict/share/BigOil/document_generator/datasets/documents_2021_12_28/23bol3_20211228_164327_2623926294_600_800.png,23bol3_20211228_164327_2623926294_600_800_mask.png,•  O intercepto indica o
66,5,133,10,62,400,195,410,62,400,195,400,195,410,62,410,sub_line_text,list,list_1,roboto,regular,8,23bol3_20211228_164327_2623926294_600_800.png,/scratch/parceirosbr/bigoilict/share/BigOil/document_generator/datasets/documents_2021_12_28/23bol3_20211228_164327_2623926294_600_800.png,23bol3_20211228_164327_2623926294_600_800_mask.png,•  Pode-se observar que os corpos de
59,5,118,10,62,416,180,426,62,416,180,416,180,426,62,426,sub_line_text,list,list_1,roboto,regular,8,23bol3_20211228_164327_2623926294_600_800.png,/scratch/parceirosbr/bigoilict/share/BigOil/document_generator/datasets/documents_2021_12_28/23bol3_20211228_164327_2623926294_600_800.png,23bol3_20211228_164327_2623926294_600_800_mask.png,•  Com a finalidade de construir e
46,5,92,10,62,434,154,444,62,434,154,434,154,444,62,444,sub_line_text,list,list_1,roboto,regular,8,23bol3_20211228_164327_2623926294_600_800.png,/scratch/parceirosbr/bigoilict/share/BigOil/document_generator/datasets/documents_2021_12_28/23bol3_20211228_164327_2623926294_600_800.png,23bol3_20211228_164327_2623926294_600_800_mask.png,"•  Ao meu namorado, pelo"
36,5,72,10,62,452,134,462,62,452,134,452,134,462,62,462,sub_line_text,list,list_1,roboto,regular,8,23bol3_20211228_164327_2623926294_600_800.png,/scratch/parceirosbr/bigoilict/share/BigOil/document_generator/datasets/documents_2021_12_28/23bol3_20211228_164327_2623926294_600_800.png,23bol3_20211228_164327_2623926294_600_800_mask.png,•  Se tudo estiver de
57,5,114,10,62,468,176,478,62,468,176,468,176,478,62,478,sub_line_text,list,list_1,roboto,regular,8,23bol3_20211228_164327_2623926294_600_800.png,/scratch/parceirosbr/bigoilict/share/BigOil/document_generator/datasets/documents_2021_12_28/23bol3_20211228_164327_2623926294_600_800.png,23bol3_20211228_164327_2623926294_600_800_mask.png,•  Os metais e sob encontram-se
44,5,88,10,62,484,150,494,62,484,150,484,150,494,62,494,sub_line_text,list,list_1,roboto,regular,8,23bol3_20211228_164327_2623926294_600_800.png,/scratch/parceirosbr/bigoilict/share/BigOil/document_generator/datasets/documents_2021_12_28/23bol3_20211228_164327_2623926294_600_800.png,23bol3_20211228_164327_2623926294_600_800_mask.png,•  O gráfico gerado pelos
68,5,136,10,62,500,198,510,62,500,198,500,198,510,62,510,sub_line_text,list,list_1,roboto,regular,8,23bol3_20211228_164327_2623926294_600_800.png,/scratch/parceirosbr/bigoilict/share/BigOil/document_generator/datasets/documents_2021_12_28/23bol3_20211228_164327_2623926294_600_800.png,23bol3_20211228_164327_2623926294_600_800_mask.png,•  Nas malhas não estruturadas (Figura
61,5,122,10,62,516,184,526,62,516,184,516,184,526,62,526,sub_line_text,list,list_1,roboto,regular,8,23bol3_20211228_164327_2623926294_600_800.png,/scratch/parceirosbr/bigoilict/share/BigOil/document_generator/datasets/documents_2021_12_28/23bol3_20211228_164327_2623926294_600_800.png,23bol3_20211228_164327_2623926294_600_800_mask.png,•  Visto que este modelo reproduz
45,5,90,10,62,532,152,542,62,532,152,532,152,542,62,542,sub_line_text,list,list_1,roboto,regular,8,23bol3_20211228_164327_2623926294_600_800.png,/scratch/parceirosbr/bigoilict/share/BigOil/document_generator/datasets/documents_2021_12_28/23bol3_20211228_164327_2623926294_600_800.png,23bol3_20211228_164327_2623926294_600_800_mask.png,•  Quanto mais positivo o
98,102,196,204,318,92,514,296,318,92,514,92,514,296,318,296,list,list,list_2,roboto,roboto,8,23bol3_20211228_164327_2623926294_600_800.png,/scratch/parceirosbr/bigoilict/share/BigOil/document_generator/datasets/documents_2021_12_28/23bol3_20211228_164327_2623926294_600_800.png,23bol3_20211228_164327_2623926294_600_800_mask.png,
48,5,96,10,318,92,414,102,318,92,414,92,414,102,318,102,sub_line_text,list,list_2,roboto,regular,8,23bol3_20211228_164327_2623926294_600_800.png,/scratch/parceirosbr/bigoilict/share/BigOil/document_generator/datasets/documents_2021_12_28/23bol3_20211228_164327_2623926294_600_800.png,23bol3_20211228_164327_2623926294_600_800_mask.png,•  A 44 compara os valores
47,5,94,10,318,108,412,118,318,108,412,108,412,118,318,118,sub_line_text,list,list_2,roboto,regular,8,23bol3_20211228_164327_2623926294_600_800.png,/scratch/parceirosbr/bigoilict/share/BigOil/document_generator/datasets/documents_2021_12_28/23bol3_20211228_164327_2623926294_600_800.png,23bol3_20211228_164327_2623926294_600_800_mask.png,•  A montagem do sistema
52,5,104,10,318,124,422,134,318,124,422,124,422,134,318,134,sub_line_text,list,list_2,roboto,regular,8,23bol3_20211228_164327_2623926294_600_800.png,/scratch/parceirosbr/bigoilict/share/BigOil/document_generator/datasets/documents_2021_12_28/23bol3_20211228_164327_2623926294_600_800.png,23bol3_20211228_164327_2623926294_600_800_mask.png,•  Marcos pelas orientações e
48,5,97,10,318,140,415,150,318,140,415,140,415,150,318,150,sub_line_text,list,list_2,roboto,regular,8,23bol3_20211228_164327_2623926294_600_800.png,/scratch/parceirosbr/bigoilict/share/BigOil/document_generator/datasets/documents_2021_12_28/23bol3_20211228_164327_2623926294_600_800.png,23bol3_20211228_164327_2623926294_600_800_mask.png,•  Em paralelo à construção
73,5,146,10,318,156,464,166,318,156,464,156,464,166,318,166,sub_line_text,list,list_2,roboto,regular,8,23bol3_20211228_164327_2623926294_600_800.png,/scratch/parceirosbr/bigoilict/share/BigOil/document_generator/datasets/documents_2021_12_28/23bol3_20211228_164327_2623926294_600_800.png,23bol3_20211228_164327_2623926294_600_800_mask.png,"•  O monitoramento sísmico permanente,"
75,5,150,10,318,172,468,182,318,172,468,172,468,182,318,182,sub_line_text,list,list_2,roboto,regular,8,23bol3_20211228_164327_2623926294_600_800.png,/scratch/parceirosbr/bigoilict/share/BigOil/document_generator/datasets/documents_2021_12_28/23bol3_20211228_164327_2623926294_600_800.png,23bol3_20211228_164327_2623926294_600_800_mask.png,•  O horizonte apresenta uma sequência de
80,5,161,10,318,188,479,198,318,188,479,188,479,198,318,198,sub_line_text,list,list_2,roboto,regular,8,23bol3_20211228_164327_2623926294_600_800.png,/scratch/parceirosbr/bigoilict/share/BigOil/document_generator/datasets/documents_2021_12_28/23bol3_20211228_164327_2623926294_600_800.png,23bol3_20211228_164327_2623926294_600_800_mask.png,•  Wieckowski e colaboradores49 prepararam
44,5,88,10,318,204,406,214,318,204,406,204,406,214,318,214,sub_line_text,list,list_2,roboto,regular,8,23bol3_20211228_164327_2623926294_600_800.png,/scratch/parceirosbr/bigoilict/share/BigOil/document_generator/datasets/documents_2021_12_28/23bol3_20211228_164327_2623926294_600_800.png,23bol3_20211228_164327_2623926294_600_800_mask.png,•  A potência instalada na
60,5,121,10,318,222,439,232,318,222,439,222,439,232,318,232,sub_line_text,list,list_2,roboto,regular,8,23bol3_20211228_164327_2623926294_600_800.png,/scratch/parceirosbr/bigoilict/share/BigOil/document_generator/datasets/documents_2021_12_28/23bol3_20211228_164327_2623926294_600_800.png,23bol3_20211228_164327_2623926294_600_800_mask.png,•  O processo envolve a exposição
60,5,120,10,318,238,438,248,318,238,438,238,438,248,318,248,sub_line_text,list,list_2,roboto,regular,8,23bol3_20211228_164327_2623926294_600_800.png,/scratch/parceirosbr/bigoilict/share/BigOil/document_generator/datasets/documents_2021_12_28/23bol3_20211228_164327_2623926294_600_800.png,23bol3_20211228_164327_2623926294_600_800_mask.png,•  RESUMO: argilominerais são os
31,5,62,10,318,254,380,264,318,254,380,254,380,264,318,264,sub_line_text,list,list_2,roboto,regular,8,23bol3_20211228_164327_2623926294_600_800.png,/scratch/parceirosbr/bigoilict/share/BigOil/document_generator/datasets/documents_2021_12_28/23bol3_20211228_164327_2623926294_600_800.png,23bol3_20211228_164327_2623926294_600_800_mask.png,•  Para escolher o
98,5,196,10,318,270,514,280,318,270,514,270,514,280,318,280,sub_line_text,list,list_2,roboto,regular,8,23bol3_20211228_164327_2623926294_600_800.png,/scratch/parceirosbr/bigoilict/share/BigOil/document_generator/datasets/documents_2021_12_28/23bol3_20211228_164327_2623926294_600_800.png,23bol3_20211228_164327_2623926294_600_800_mask.png,•  Estados sua participação no período analisado quase
46,5,92,10,318,286,410,296,318,286,410,286,410,296,318,296,sub_line_text,list,list_2,roboto,regular,8,23bol3_20211228_164327_2623926294_600_800.png,/scratch/parceirosbr/bigoilict/share/BigOil/document_generator/datasets/documents_2021_12_28/23bol3_20211228_164327_2623926294_600_800.png,23bol3_20211228_164327_2623926294_600_800_mask.png,•  A fração volumétrica de
99,5,198,10,348,304,546,314,348,304,546,304,546,314,348,314,sub_line_text,text,text_2,roboto,regular,8,23bol3_20211228_164327_2623926294_600_800.png,/scratch/parceirosbr/bigoilict/share/BigOil/document_generator/datasets/documents_2021_12_28/23bol3_20211228_164327_2623926294_600_800.png,23bol3_20211228_164327_2623926294_600_800_mask.png,"Dessa  forma, diversas alternativas têm sido considera-"
114,5,228,10,318,320,546,330,318,320,546,320,546,330,318,330,sub_line_text,text,text_2,roboto,regular,8,23bol3_20211228_164327_2623926294_600_800.png,/scratch/parceirosbr/bigoilict/share/BigOil/document_generator/datasets/documents_2021_12_28/23bol3_20211228_164327_2623926294_600_800.png,23bol3_20211228_164327_2623926294_600_800_mask.png,"das  com  o objetivo de reduzir a viscosidade desses óleos, tais"
114,5,228,10,318,336,546,346,318,336,546,336,546,346,318,346,sub_line_text,text,text_2,roboto,regular,8,23bol3_20211228_164327_2623926294_600_800.png,/scratch/parceirosbr/bigoilict/share/BigOil/document_generator/datasets/documents_2021_12_28/23bol3_20211228_164327_2623926294_600_800.png,23bol3_20211228_164327_2623926294_600_800_mask.png,"como  diluição,  microemulsão e reação de transesterificação c-"
114,5,228,10,318,352,546,362,318,352,546,352,546,362,318,362,sub_line_text,text,text_2,roboto,regular,8,23bol3_20211228_164327_2623926294_600_800.png,/scratch/parceirosbr/bigoilict/share/BigOil/document_generator/datasets/documents_2021_12_28/23bol3_20211228_164327_2623926294_600_800.png,23bol3_20211228_164327_2623926294_600_800_mask.png,om  etanol  ou  metanol  e mesmo o craqueamento catalítico. C-
72,61,144,122,318,386,462,508,318,386,462,386,462,508,318,508,list,list,list_3,roboto,roboto,8,23bol3_20211228_164327_2623926294_600_800.png,/scratch/parceirosbr/bigoilict/share/BigOil/document_generator/datasets/documents_2021_12_28/23bol3_20211228_164327_2623926294_600_800.png,23bol3_20211228_164327_2623926294_600_800_mask.png,
111,5,222,10,318,368,540,378,318,368,540,368,540,378,318,378,sub_line_text,text,text_2,roboto,regular,8,23bol3_20211228_164327_2623926294_600_800.png,/scratch/parceirosbr/bigoilict/share/BigOil/document_generator/datasets/documents_2021_12_28/23bol3_20211228_164327_2623926294_600_800.png,23bol3_20211228_164327_2623926294_600_800_mask.png,om o intuito de avaliar a questão especíca dos preços relativo.
114,37,228,74,318,304,546,378,318,304,546,304,546,378,318,378,text,text,text_2,roboto,regular,8,23bol3_20211228_164327_2623926294_600_800.png,/scratch/parceirosbr/bigoilict/share/BigOil/document_generator/datasets/documents_2021_12_28/23bol3_20211228_164327_2623926294_600_800.png,23bol3_20211228_164327_2623926294_600_800_mask.png,nan
55,5,111,10,318,386,429,396,318,386,429,386,429,396,318,396,sub_line_text,list,list_3,roboto,regular,8,23bol3_20211228_164327_2623926294_600_800.png,/scratch/parceirosbr/bigoilict/share/BigOil/document_generator/datasets/documents_2021_12_28/23bol3_20211228_164327_2623926294_600_800.png,23bol3_20211228_164327_2623926294_600_800_mask.png,•  As pesquisas na de revelaram
54,5,108,10,318,402,426,412,318,402,426,402,426,412,318,412,sub_line_text,list,list_3,roboto,regular,8,23bol3_20211228_164327_2623926294_600_800.png,/scratch/parceirosbr/bigoilict/share/BigOil/document_generator/datasets/documents_2021_12_28/23bol3_20211228_164327_2623926294_600_800.png,23bol3_20211228_164327_2623926294_600_800_mask.png,•  Possível observar que todas
52,5,105,10,318,418,423,428,318,418,423,418,423,428,318,428,sub_line_text,list,list_3,roboto,regular,8,23bol3_20211228_164327_2623926294_600_800.png,/scratch/parceirosbr/bigoilict/share/BigOil/document_generator/datasets/documents_2021_12_28/23bol3_20211228_164327_2623926294_600_800.png,23bol3_20211228_164327_2623926294_600_800_mask.png,•  Landscaping around the site
35,5,71,10,318,434,389,444,318,434,389,434,389,444,318,444,sub_line_text,list,list_3,roboto,regular,8,23bol3_20211228_164327_2623926294_600_800.png,/scratch/parceirosbr/bigoilict/share/BigOil/document_generator/datasets/documents_2021_12_28/23bol3_20211228_164327_2623926294_600_800.png,23bol3_20211228_164327_2623926294_600_800_mask.png,•  Após isso faz-se a
72,5,144,10,318,450,462,460,318,450,462,450,462,460,318,460,sub_line_text,list,list_3,roboto,regular,8,23bol3_20211228_164327_2623926294_600_800.png,/scratch/parceirosbr/bigoilict/share/BigOil/document_generator/datasets/documents_2021_12_28/23bol3_20211228_164327_2623926294_600_800.png,23bol3_20211228_164327_2623926294_600_800_mask.png,•  Para o desenvolvimento das equações
66,5,132,10,318,466,450,476,318,466,450,466,450,476,318,476,sub_line_text,list,list_3,roboto,regular,8,23bol3_20211228_164327_2623926294_600_800.png,/scratch/parceirosbr/bigoilict/share/BigOil/document_generator/datasets/documents_2021_12_28/23bol3_20211228_164327_2623926294_600_800.png,23bol3_20211228_164327_2623926294_600_800_mask.png,•  Este comportamento foi similar ao
38,5,76,10,318,482,394,492,318,482,394,482,394,492,318,492,sub_line_text,list,list_3,roboto,regular,8,23bol3_20211228_164327_2623926294_600_800.png,/scratch/parceirosbr/bigoilict/share/BigOil/document_generator/datasets/documents_2021_12_28/23bol3_20211228_164327_2623926294_600_800.png,23bol3_20211228_164327_2623926294_600_800_mask.png,•  Apesar do aumento
46,5,92,10,318,498,410,508,318,498,410,498,410,508,318,508,sub_line_text,list,list_3,roboto,regular,8,23bol3_20211228_164327_2623926294_600_800.png,/scratch/parceirosbr/bigoilict/share/BigOil/document_generator/datasets/documents_2021_12_28/23bol3_20211228_164327_2623926294_600_800.png,23bol3_20211228_164327_2623926294_600_800_mask.png,•  O método mais comum
99,5,199,10,348,516,547,526,348,516,547,516,547,526,348,526,sub_line_text,text,text_3,roboto,regular,8,23bol3_20211228_164327_2623926294_600_800.png,/scratch/parceirosbr/bigoilict/share/BigOil/document_generator/datasets/documents_2021_12_28/23bol3_20211228_164327_2623926294_600_800.png,23bol3_20211228_164327_2623926294_600_800_mask.png,"Na  seção  anterior, identificaram-se várias limitações e-"
111,5,223,10,318,532,541,542,318,532,541,532,541,542,318,542,sub_line_text,text,text_3,roboto,regular,8,23bol3_20211228_164327_2623926294_600_800.png,/scratch/parceirosbr/bigoilict/share/BigOil/document_generator/datasets/documents_2021_12_28/23bol3_20211228_164327_2623926294_600_800.png,23bol3_20211228_164327_2623926294_600_800_mask.png,ncontradas em uma aplicação real de soldagem orbital. Na out.
114,13,229,26,318,516,547,542,318,516,547,516,547,542,318,542,text,text,text_3,roboto,regular,8,23bol3_20211228_164327_2623926294_600_800.png,/scratch/parceirosbr/bigoilict/share/BigOil/document_generator/datasets/documents_2021_12_28/23bol3_20211228_164327_2623926294_600_800.png,23bol3_20211228_164327_2623926294_600_800_mask.png,nan
