center_x,center_y,width,height,xmin,ymin,xmax,ymax,top_left_x,top_left_y,top_right_x,top_right_y,bottom_right_x,bottom_right_y,bottom_left_x,bottom_left_y,label,grouplabel,group,text_font,text_style,size_font,filename,path,filename_mask,content
300,400,600,800,0,0,600,800,0,0,600,0,600,800,0,800,document,,,,,,23bol3_20211228_164327_7908870733_600_800.png,/scratch/parceirosbr/bigoilict/share/BigOil/document_generator/datasets/documents_2021_12_28/23bol3_20211228_164327_7908870733_600_800.png,23bol3_20211228_164327_7908870733_600_800_mask.png,
21,5,42,11,316,110,358,121,316,110,358,110,358,121,316,121,sub_line_text,header,header_1,times,regular,9,23bol3_20211228_164327_7908870733_600_800.png,/scratch/parceirosbr/bigoilict/share/BigOil/document_generator/datasets/documents_2021_12_28/23bol3_20211228_164327_7908870733_600_800.png,23bol3_20211228_164327_7908870733_600_800_mask.png,Parque dos
21,5,42,11,316,110,358,121,316,110,358,110,358,121,316,121,text,header,header_1,times,regular,9,23bol3_20211228_164327_7908870733_600_800.png,/scratch/parceirosbr/bigoilict/share/BigOil/document_generator/datasets/documents_2021_12_28/23bol3_20211228_164327_7908870733_600_800.png,23bol3_20211228_164327_7908870733_600_800_mask.png,nan
188,1,377,2,149,120,526,122,149,120,526,120,526,122,149,122,line,line,line,,,,23bol3_20211228_164327_7908870733_600_800.png,/scratch/parceirosbr/bigoilict/share/BigOil/document_generator/datasets/documents_2021_12_28/23bol3_20211228_164327_7908870733_600_800.png,23bol3_20211228_164327_7908870733_600_800_mask.png,nan
188,0,377,1,149,682,526,683,149,682,526,682,526,683,149,683,line,line,line,,,,23bol3_20211228_164327_7908870733_600_800.png,/scratch/parceirosbr/bigoilict/share/BigOil/document_generator/datasets/documents_2021_12_28/23bol3_20211228_164327_7908870733_600_800.png,23bol3_20211228_164327_7908870733_600_800_mask.png,nan
5,5,10,10,515,682,525,692,515,682,525,682,525,692,515,692,sub_line_text,numpag,footer_1,times,regular,9,23bol3_20211228_164327_7908870733_600_800.png,/scratch/parceirosbr/bigoilict/share/BigOil/document_generator/datasets/documents_2021_12_28/23bol3_20211228_164327_7908870733_600_800.png,23bol3_20211228_164327_7908870733_600_800_mask.png,50
5,5,10,10,515,682,525,692,515,682,525,682,525,692,515,692,text,numpag,footer_1,times,regular,9,23bol3_20211228_164327_7908870733_600_800.png,/scratch/parceirosbr/bigoilict/share/BigOil/document_generator/datasets/documents_2021_12_28/23bol3_20211228_164327_7908870733_600_800.png,23bol3_20211228_164327_7908870733_600_800_mask.png,nan
113,70,226,141,158,511,384,652,158,511,384,511,384,652,158,652,image,figure_image,figure_0,,,,23bol3_20211228_164327_7908870733_600_800.png,/scratch/parceirosbr/bigoilict/share/BigOil/document_generator/datasets/documents_2021_12_28/23bol3_20211228_164327_7908870733_600_800.png,23bol3_20211228_164327_7908870733_600_800_mask.png,output/gen_img_20211228_164327_7931838506.png
5,0,10,0,221,617,231,617,221,615,232,617,231,619,220,617,text,figure_text,figure_0,,,,23bol3_20211228_164327_7908870733_600_800.png,/scratch/parceirosbr/bigoilict/share/BigOil/document_generator/datasets/documents_2021_12_28/23bol3_20211228_164327_7908870733_600_800.png,23bol3_20211228_164327_7908870733_600_800_mask.png,-766.77
5,0,10,0,221,617,231,617,221,615,232,617,231,619,220,617,sub_line_text,figure_text,figure_0,,,,23bol3_20211228_164327_7908870733_600_800.png,/scratch/parceirosbr/bigoilict/share/BigOil/document_generator/datasets/documents_2021_12_28/23bol3_20211228_164327_7908870733_600_800.png,23bol3_20211228_164327_7908870733_600_800_mask.png,-766.77
3,0,6,1,332,542,338,543,332,540,338,542,338,544,331,543,text,figure_text,figure_0,,,,23bol3_20211228_164327_7908870733_600_800.png,/scratch/parceirosbr/bigoilict/share/BigOil/document_generator/datasets/documents_2021_12_28/23bol3_20211228_164327_7908870733_600_800.png,23bol3_20211228_164327_7908870733_600_800_mask.png,Start
3,0,6,1,332,542,338,543,332,540,338,542,338,544,331,543,sub_line_text,figure_text,figure_0,,,,23bol3_20211228_164327_7908870733_600_800.png,/scratch/parceirosbr/bigoilict/share/BigOil/document_generator/datasets/documents_2021_12_28/23bol3_20211228_164327_7908870733_600_800.png,23bol3_20211228_164327_7908870733_600_800_mask.png,Start
6,0,13,1,294,642,307,643,294,641,307,642,307,645,293,643,text,figure_text,figure_0,,,,23bol3_20211228_164327_7908870733_600_800.png,/scratch/parceirosbr/bigoilict/share/BigOil/document_generator/datasets/documents_2021_12_28/23bol3_20211228_164327_7908870733_600_800.png,23bol3_20211228_164327_7908870733_600_800_mask.png,-2108.944
6,0,13,1,294,642,307,643,294,641,307,642,307,645,293,643,sub_line_text,figure_text,figure_0,,,,23bol3_20211228_164327_7908870733_600_800.png,/scratch/parceirosbr/bigoilict/share/BigOil/document_generator/datasets/documents_2021_12_28/23bol3_20211228_164327_7908870733_600_800.png,23bol3_20211228_164327_7908870733_600_800_mask.png,-2108.944
7,0,14,0,236,612,250,612,236,609,251,612,250,615,235,612,text,figure_text,figure_0,,,,23bol3_20211228_164327_7908870733_600_800.png,/scratch/parceirosbr/bigoilict/share/BigOil/document_generator/datasets/documents_2021_12_28/23bol3_20211228_164327_7908870733_600_800.png,23bol3_20211228_164327_7908870733_600_800_mask.png,Female (M)
7,0,14,0,236,612,250,612,236,609,251,612,250,615,235,612,sub_line_text,figure_text,figure_0,,,,23bol3_20211228_164327_7908870733_600_800.png,/scratch/parceirosbr/bigoilict/share/BigOil/document_generator/datasets/documents_2021_12_28/23bol3_20211228_164327_7908870733_600_800.png,23bol3_20211228_164327_7908870733_600_800_mask.png,Female (M)
6,1,13,3,338,562,351,565,338,563,351,562,351,565,338,565,text,figure_text,figure_0,,,,23bol3_20211228_164327_7908870733_600_800.png,/scratch/parceirosbr/bigoilict/share/BigOil/document_generator/datasets/documents_2021_12_28/23bol3_20211228_164327_7908870733_600_800.png,23bol3_20211228_164327_7908870733_600_800_mask.png,Pressure
6,1,13,3,338,562,351,565,338,563,351,562,351,565,338,565,sub_line_text,figure_text,figure_0,,,,23bol3_20211228_164327_7908870733_600_800.png,/scratch/parceirosbr/bigoilict/share/BigOil/document_generator/datasets/documents_2021_12_28/23bol3_20211228_164327_7908870733_600_800.png,23bol3_20211228_164327_7908870733_600_800_mask.png,Pressure
5,1,10,3,269,636,279,639,269,637,279,636,279,639,269,639,text,figure_text,figure_0,,,,23bol3_20211228_164327_7908870733_600_800.png,/scratch/parceirosbr/bigoilict/share/BigOil/document_generator/datasets/documents_2021_12_28/23bol3_20211228_164327_7908870733_600_800.png,23bol3_20211228_164327_7908870733_600_800_mask.png,-3770.0
5,1,10,3,269,636,279,639,269,637,279,636,279,639,269,639,sub_line_text,figure_text,figure_0,,,,23bol3_20211228_164327_7908870733_600_800.png,/scratch/parceirosbr/bigoilict/share/BigOil/document_generator/datasets/documents_2021_12_28/23bol3_20211228_164327_7908870733_600_800.png,23bol3_20211228_164327_7908870733_600_800_mask.png,-3770.0
5,2,11,4,239,534,250,538,239,536,249,534,250,536,240,538,text,figure_text,figure_0,,,,23bol3_20211228_164327_7908870733_600_800.png,/scratch/parceirosbr/bigoilict/share/BigOil/document_generator/datasets/documents_2021_12_28/23bol3_20211228_164327_7908870733_600_800.png,23bol3_20211228_164327_7908870733_600_800_mask.png,-1842.8
5,2,11,4,239,534,250,538,239,536,249,534,250,536,240,538,sub_line_text,figure_text,figure_0,,,,23bol3_20211228_164327_7908870733_600_800.png,/scratch/parceirosbr/bigoilict/share/BigOil/document_generator/datasets/documents_2021_12_28/23bol3_20211228_164327_7908870733_600_800.png,23bol3_20211228_164327_7908870733_600_800_mask.png,-1842.8
7,0,14,-1,363,598,377,597,363,595,378,598,377,601,362,597,text,figure_text,figure_0,,,,23bol3_20211228_164327_7908870733_600_800.png,/scratch/parceirosbr/bigoilict/share/BigOil/document_generator/datasets/documents_2021_12_28/23bol3_20211228_164327_7908870733_600_800.png,23bol3_20211228_164327_7908870733_600_800_mask.png,Resistance
7,0,14,-1,363,598,377,597,363,595,378,598,377,601,362,597,sub_line_text,figure_text,figure_0,,,,23bol3_20211228_164327_7908870733_600_800.png,/scratch/parceirosbr/bigoilict/share/BigOil/document_generator/datasets/documents_2021_12_28/23bol3_20211228_164327_7908870733_600_800.png,23bol3_20211228_164327_7908870733_600_800_mask.png,Resistance
7,2,15,4,208,554,223,558,208,556,222,554,223,557,208,558,text,figure_text,figure_0,,,,23bol3_20211228_164327_7908870733_600_800.png,/scratch/parceirosbr/bigoilict/share/BigOil/document_generator/datasets/documents_2021_12_28/23bol3_20211228_164327_7908870733_600_800.png,23bol3_20211228_164327_7908870733_600_800_mask.png,-2367.65%
7,2,15,4,208,554,223,558,208,556,222,554,223,557,208,558,sub_line_text,figure_text,figure_0,,,,23bol3_20211228_164327_7908870733_600_800.png,/scratch/parceirosbr/bigoilict/share/BigOil/document_generator/datasets/documents_2021_12_28/23bol3_20211228_164327_7908870733_600_800.png,23bol3_20211228_164327_7908870733_600_800_mask.png,-2367.65%
12,3,25,6,341,523,366,529,341,525,366,523,366,526,341,529,text,figure_text,figure_0,,,,23bol3_20211228_164327_7908870733_600_800.png,/scratch/parceirosbr/bigoilict/share/BigOil/document_generator/datasets/documents_2021_12_28/23bol3_20211228_164327_7908870733_600_800.png,23bol3_20211228_164327_7908870733_600_800_mask.png,Consumption [GB]
12,3,25,6,341,523,366,529,341,525,366,523,366,526,341,529,sub_line_text,figure_text,figure_0,,,,23bol3_20211228_164327_7908870733_600_800.png,/scratch/parceirosbr/bigoilict/share/BigOil/document_generator/datasets/documents_2021_12_28/23bol3_20211228_164327_7908870733_600_800.png,23bol3_20211228_164327_7908870733_600_800_mask.png,Consumption [GB]
5,2,10,4,266,613,276,617,266,614,276,613,276,615,266,617,text,figure_text,figure_0,,,,23bol3_20211228_164327_7908870733_600_800.png,/scratch/parceirosbr/bigoilict/share/BigOil/document_generator/datasets/documents_2021_12_28/23bol3_20211228_164327_7908870733_600_800.png,23bol3_20211228_164327_7908870733_600_800_mask.png,-2036.0
5,2,10,4,266,613,276,617,266,614,276,613,276,615,266,617,sub_line_text,figure_text,figure_0,,,,23bol3_20211228_164327_7908870733_600_800.png,/scratch/parceirosbr/bigoilict/share/BigOil/document_generator/datasets/documents_2021_12_28/23bol3_20211228_164327_7908870733_600_800.png,23bol3_20211228_164327_7908870733_600_800_mask.png,-2036.0
6,1,13,3,228,515,241,518,228,515,240,515,241,518,228,518,text,figure_text,figure_0,,,,23bol3_20211228_164327_7908870733_600_800.png,/scratch/parceirosbr/bigoilict/share/BigOil/document_generator/datasets/documents_2021_12_28/23bol3_20211228_164327_7908870733_600_800.png,23bol3_20211228_164327_7908870733_600_800_mask.png,Data [TB]
6,1,13,3,228,515,241,518,228,515,240,515,241,518,228,518,sub_line_text,figure_text,figure_0,,,,23bol3_20211228_164327_7908870733_600_800.png,/scratch/parceirosbr/bigoilict/share/BigOil/document_generator/datasets/documents_2021_12_28/23bol3_20211228_164327_7908870733_600_800.png,23bol3_20211228_164327_7908870733_600_800_mask.png,Data [TB]
8,1,17,3,163,614,180,617,163,614,180,614,180,618,163,617,text,figure_text,figure_0,,,,23bol3_20211228_164327_7908870733_600_800.png,/scratch/parceirosbr/bigoilict/share/BigOil/document_generator/datasets/documents_2021_12_28/23bol3_20211228_164327_7908870733_600_800.png,23bol3_20211228_164327_7908870733_600_800_mask.png,Energy (kw)
8,1,17,3,163,614,180,617,163,614,180,614,180,618,163,617,sub_line_text,figure_text,figure_0,,,,23bol3_20211228_164327_7908870733_600_800.png,/scratch/parceirosbr/bigoilict/share/BigOil/document_generator/datasets/documents_2021_12_28/23bol3_20211228_164327_7908870733_600_800.png,23bol3_20211228_164327_7908870733_600_800_mask.png,Energy (kw)
6,2,13,5,340,571,353,576,340,573,352,571,353,573,341,576,text,figure_text,figure_0,,,,23bol3_20211228_164327_7908870733_600_800.png,/scratch/parceirosbr/bigoilict/share/BigOil/document_generator/datasets/documents_2021_12_28/23bol3_20211228_164327_7908870733_600_800.png,23bol3_20211228_164327_7908870733_600_800_mask.png,Evolution
6,2,13,5,340,571,353,576,340,573,352,571,353,573,341,576,sub_line_text,figure_text,figure_0,,,,23bol3_20211228_164327_7908870733_600_800.png,/scratch/parceirosbr/bigoilict/share/BigOil/document_generator/datasets/documents_2021_12_28/23bol3_20211228_164327_7908870733_600_800.png,23bol3_20211228_164327_7908870733_600_800_mask.png,Evolution
11,1,23,3,184,619,207,622,184,619,206,619,207,622,184,622,text,figure_text,figure_0,,,,23bol3_20211228_164327_7908870733_600_800.png,/scratch/parceirosbr/bigoilict/share/BigOil/document_generator/datasets/documents_2021_12_28/23bol3_20211228_164327_7908870733_600_800.png,23bol3_20211228_164327_7908870733_600_800_mask.png,Processing [GB]
11,1,23,3,184,619,207,622,184,619,206,619,207,622,184,622,sub_line_text,figure_text,figure_0,,,,23bol3_20211228_164327_7908870733_600_800.png,/scratch/parceirosbr/bigoilict/share/BigOil/document_generator/datasets/documents_2021_12_28/23bol3_20211228_164327_7908870733_600_800.png,23bol3_20211228_164327_7908870733_600_800_mask.png,Processing [GB]
34,5,69,11,447,504,516,515,447,504,516,504,516,515,447,515,sub_line_text,figure_legend,figure_0,times,italic,9,23bol3_20211228_164327_7908870733_600_800.png,/scratch/parceirosbr/bigoilict/share/BigOil/document_generator/datasets/documents_2021_12_28/23bol3_20211228_164327_7908870733_600_800.png,23bol3_20211228_164327_7908870733_600_800_mask.png,Fig.  22:    O troc-
34,5,69,11,447,520,516,531,447,520,516,520,516,531,447,531,sub_line_text,figure_legend,figure_0,times,italic,9,23bol3_20211228_164327_7908870733_600_800.png,/scratch/parceirosbr/bigoilict/share/BigOil/document_generator/datasets/documents_2021_12_28/23bol3_20211228_164327_7908870733_600_800.png,23bol3_20211228_164327_7908870733_600_800_mask.png,ador   de  calor  f-
35,5,70,11,447,536,517,547,447,536,517,536,517,547,447,547,sub_line_text,figure_legend,figure_0,times,italic,9,23bol3_20211228_164327_7908870733_600_800.png,/scratch/parceirosbr/bigoilict/share/BigOil/document_generator/datasets/documents_2021_12_28/23bol3_20211228_164327_7908870733_600_800.png,23bol3_20211228_164327_7908870733_600_800_mask.png,oi    modelado   de
30,5,61,11,447,552,508,563,447,552,508,552,508,563,447,563,sub_line_text,figure_legend,figure_0,times,italic,9,23bol3_20211228_164327_7908870733_600_800.png,/scratch/parceirosbr/bigoilict/share/BigOil/document_generator/datasets/documents_2021_12_28/23bol3_20211228_164327_7908870733_600_800.png,23bol3_20211228_164327_7908870733_600_800_mask.png,forma que recu
35,29,70,59,447,504,517,563,447,504,517,504,517,563,447,563,text,figure_legend,figure_0,times,italic,9,23bol3_20211228_164327_7908870733_600_800.png,/scratch/parceirosbr/bigoilict/share/BigOil/document_generator/datasets/documents_2021_12_28/23bol3_20211228_164327_7908870733_600_800.png,23bol3_20211228_164327_7908870733_600_800_mask.png,nan
35,5,70,11,447,579,517,590,447,579,517,579,517,590,447,590,sub_line_text,figure_legend,figure_0,times,italic,9,23bol3_20211228_164327_7908870733_600_800.png,/scratch/parceirosbr/bigoilict/share/BigOil/document_generator/datasets/documents_2021_12_28/23bol3_20211228_164327_7908870733_600_800.png,23bol3_20211228_164327_7908870733_600_800_mask.png,Fig.  18:    The  hi-
34,5,69,11,447,595,516,606,447,595,516,595,516,606,447,606,sub_line_text,figure_legend,figure_0,times,italic,9,23bol3_20211228_164327_7908870733_600_800.png,/scratch/parceirosbr/bigoilict/share/BigOil/document_generator/datasets/documents_2021_12_28/23bol3_20211228_164327_7908870733_600_800.png,23bol3_20211228_164327_7908870733_600_800_mask.png,gher   the  carbon
34,5,69,11,447,611,516,622,447,611,516,611,516,622,447,622,sub_line_text,figure_legend,figure_0,times,italic,9,23bol3_20211228_164327_7908870733_600_800.png,/scratch/parceirosbr/bigoilict/share/BigOil/document_generator/datasets/documents_2021_12_28/23bol3_20211228_164327_7908870733_600_800.png,23bol3_20211228_164327_7908870733_600_800_mask.png,equivalent  of  the
30,5,60,11,447,627,507,638,447,627,507,627,507,638,447,638,sub_line_text,figure_legend,figure_0,times,italic,9,23bol3_20211228_164327_7908870733_600_800.png,/scratch/parceirosbr/bigoilict/share/BigOil/document_generator/datasets/documents_2021_12_28/23bol3_20211228_164327_7908870733_600_800.png,23bol3_20211228_164327_7908870733_600_800_mask.png,"material, the lo"
35,29,70,59,447,579,517,638,447,579,517,579,517,638,447,638,text,figure_legend,figure_0,times,italic,9,23bol3_20211228_164327_7908870733_600_800.png,/scratch/parceirosbr/bigoilict/share/BigOil/document_generator/datasets/documents_2021_12_28/23bol3_20211228_164327_7908870733_600_800.png,23bol3_20211228_164327_7908870733_600_800_mask.png,nan
85,45,170,91,149,137,319,228,149,137,319,137,319,228,149,228,list,list,list_1,times,times,9,23bol3_20211228_164327_7908870733_600_800.png,/scratch/parceirosbr/bigoilict/share/BigOil/document_generator/datasets/documents_2021_12_28/23bol3_20211228_164327_7908870733_600_800.png,23bol3_20211228_164327_7908870733_600_800_mask.png,
50,5,100,11,149,137,249,148,149,137,249,137,249,148,149,148,sub_line_text,list,list_1,times,regular,9,23bol3_20211228_164327_7908870733_600_800.png,/scratch/parceirosbr/bigoilict/share/BigOil/document_generator/datasets/documents_2021_12_28/23bol3_20211228_164327_7908870733_600_800.png,23bol3_20211228_164327_7908870733_600_800_mask.png,-  A taxa de metabolização
46,5,93,11,149,153,242,164,149,153,242,153,242,164,149,164,sub_line_text,list,list_1,times,regular,9,23bol3_20211228_164327_7908870733_600_800.png,/scratch/parceirosbr/bigoilict/share/BigOil/document_generator/datasets/documents_2021_12_28/23bol3_20211228_164327_7908870733_600_800.png,23bol3_20211228_164327_7908870733_600_800_mask.png,-  Graph 36. between the
55,5,111,11,149,169,260,180,149,169,260,169,260,180,149,180,sub_line_text,list,list_1,times,regular,9,23bol3_20211228_164327_7908870733_600_800.png,/scratch/parceirosbr/bigoilict/share/BigOil/document_generator/datasets/documents_2021_12_28/23bol3_20211228_164327_7908870733_600_800.png,23bol3_20211228_164327_7908870733_600_800_mask.png,-  As 4 e 5 mostram o número
85,5,170,11,149,185,319,196,149,185,319,185,319,196,149,196,sub_line_text,list,list_1,times,regular,9,23bol3_20211228_164327_7908870733_600_800.png,/scratch/parceirosbr/bigoilict/share/BigOil/document_generator/datasets/documents_2021_12_28/23bol3_20211228_164327_7908870733_600_800.png,23bol3_20211228_164327_7908870733_600_800_mask.png,-  Com o intuito de melhorar as propriedades
14,5,29,11,149,201,178,212,149,201,178,201,178,212,149,212,sub_line_text,list,list_1,times,regular,9,23bol3_20211228_164327_7908870733_600_800.png,/scratch/parceirosbr/bigoilict/share/BigOil/document_generator/datasets/documents_2021_12_28/23bol3_20211228_164327_7908870733_600_800.png,23bol3_20211228_164327_7908870733_600_800_mask.png,-  Aos e
56,5,113,11,149,217,262,228,149,217,262,217,262,228,149,228,sub_line_text,list,list_1,times,regular,9,23bol3_20211228_164327_7908870733_600_800.png,/scratch/parceirosbr/bigoilict/share/BigOil/document_generator/datasets/documents_2021_12_28/23bol3_20211228_164327_7908870733_600_800.png,23bol3_20211228_164327_7908870733_600_800_mask.png,-  Este gasoduto está inserido
32,7,64,15,207,234,271,249,207,234,271,234,271,249,207,249,sub_line_text,subtitle,subtitle_0,times,italic,13,23bol3_20211228_164327_7908870733_600_800.png,/scratch/parceirosbr/bigoilict/share/BigOil/document_generator/datasets/documents_2021_12_28/23bol3_20211228_164327_7908870733_600_800.png,23bol3_20211228_164327_7908870733_600_800_mask.png,Base nesses
32,7,64,15,207,234,271,249,207,234,271,234,271,249,207,249,title,subtitle,subtitle_0,times,italic,13,23bol3_20211228_164327_7908870733_600_800.png,/scratch/parceirosbr/bigoilict/share/BigOil/document_generator/datasets/documents_2021_12_28/23bol3_20211228_164327_7908870733_600_800.png,23bol3_20211228_164327_7908870733_600_800_mask.png,nan
90,6,180,12,149,255,329,267,149,255,329,255,329,267,149,267,sub_line_text,subsubtitle,subsubtitle_0,times,regular,11,23bol3_20211228_164327_7908870733_600_800.png,/scratch/parceirosbr/bigoilict/share/BigOil/document_generator/datasets/documents_2021_12_28/23bol3_20211228_164327_7908870733_600_800.png,23bol3_20211228_164327_7908870733_600_800_mask.png,"American  options  exercised any time,"
25,6,51,12,149,273,200,285,149,273,200,273,200,285,149,285,sub_line_text,subsubtitle,subsubtitle_0,times,regular,11,23bol3_20211228_164327_7908870733_600_800.png,/scratch/parceirosbr/bigoilict/share/BigOil/document_generator/datasets/documents_2021_12_28/23bol3_20211228_164327_7908870733_600_800.png,23bol3_20211228_164327_7908870733_600_800_mask.png,to maturity
41,38,82,76,149,291,231,367,149,291,231,291,231,367,149,367,list,list,list_2,times,times,11,23bol3_20211228_164327_7908870733_600_800.png,/scratch/parceirosbr/bigoilict/share/BigOil/document_generator/datasets/documents_2021_12_28/23bol3_20211228_164327_7908870733_600_800.png,23bol3_20211228_164327_7908870733_600_800_mask.png,
90,15,180,30,149,255,329,285,149,255,329,255,329,285,149,285,title,subsubtitle,subsubtitle_0,times,regular,11,23bol3_20211228_164327_7908870733_600_800.png,/scratch/parceirosbr/bigoilict/share/BigOil/document_generator/datasets/documents_2021_12_28/23bol3_20211228_164327_7908870733_600_800.png,23bol3_20211228_164327_7908870733_600_800_mask.png,nan
34,5,69,11,149,291,218,302,149,291,218,291,218,302,149,302,sub_line_text,list,list_2,times,regular,9,23bol3_20211228_164327_7908870733_600_800.png,/scratch/parceirosbr/bigoilict/share/BigOil/document_generator/datasets/documents_2021_12_28/23bol3_20211228_164327_7908870733_600_800.png,23bol3_20211228_164327_7908870733_600_800_mask.png,"-  Neste sentido, a"
25,5,50,11,149,308,199,319,149,308,199,308,199,319,149,319,sub_line_text,list,list_2,times,regular,9,23bol3_20211228_164327_7908870733_600_800.png,/scratch/parceirosbr/bigoilict/share/BigOil/document_generator/datasets/documents_2021_12_28/23bol3_20211228_164327_7908870733_600_800.png,23bol3_20211228_164327_7908870733_600_800_mask.png,-  This is due
29,5,58,11,149,324,207,335,149,324,207,324,207,335,149,335,sub_line_text,list,list_2,times,regular,9,23bol3_20211228_164327_7908870733_600_800.png,/scratch/parceirosbr/bigoilict/share/BigOil/document_generator/datasets/documents_2021_12_28/23bol3_20211228_164327_7908870733_600_800.png,23bol3_20211228_164327_7908870733_600_800_mask.png,-  Note that the
41,5,82,11,149,340,231,351,149,340,231,340,231,351,149,351,sub_line_text,list,list_2,times,regular,9,23bol3_20211228_164327_7908870733_600_800.png,/scratch/parceirosbr/bigoilict/share/BigOil/document_generator/datasets/documents_2021_12_28/23bol3_20211228_164327_7908870733_600_800.png,23bol3_20211228_164327_7908870733_600_800_mask.png,-  Valores menores de
31,5,62,11,149,356,211,367,149,356,211,356,211,367,149,367,sub_line_text,list,list_2,times,regular,9,23bol3_20211228_164327_7908870733_600_800.png,/scratch/parceirosbr/bigoilict/share/BigOil/document_generator/datasets/documents_2021_12_28/23bol3_20211228_164327_7908870733_600_800.png,23bol3_20211228_164327_7908870733_600_800_mask.png,-  In 3.3 we have
88,6,176,12,149,373,325,385,149,373,325,373,325,385,149,385,sub_line_text,subsubtitle,subsubtitle_1,times,regular,11,23bol3_20211228_164327_7908870733_600_800.png,/scratch/parceirosbr/bigoilict/share/BigOil/document_generator/datasets/documents_2021_12_28/23bol3_20211228_164327_7908870733_600_800.png,23bol3_20211228_164327_7908870733_600_800_mask.png,Atos  concentração  verticais levam d-
68,30,137,61,149,409,286,470,149,409,286,409,286,470,149,470,list,list,list_3,times,times,11,23bol3_20211228_164327_7908870733_600_800.png,/scratch/parceirosbr/bigoilict/share/BigOil/document_generator/datasets/documents_2021_12_28/23bol3_20211228_164327_7908870733_600_800.png,23bol3_20211228_164327_7908870733_600_800_mask.png,
44,6,88,12,149,391,237,403,149,391,237,391,237,403,149,403,sub_line_text,subsubtitle,subsubtitle_1,times,regular,11,23bol3_20211228_164327_7908870733_600_800.png,/scratch/parceirosbr/bigoilict/share/BigOil/document_generator/datasets/documents_2021_12_28/23bol3_20211228_164327_7908870733_600_800.png,23bol3_20211228_164327_7908870733_600_800_mask.png,"ois riscos, primeiro"
88,15,176,30,149,373,325,403,149,373,325,373,325,403,149,403,title,subsubtitle,subsubtitle_1,times,regular,11,23bol3_20211228_164327_7908870733_600_800.png,/scratch/parceirosbr/bigoilict/share/BigOil/document_generator/datasets/documents_2021_12_28/23bol3_20211228_164327_7908870733_600_800.png,23bol3_20211228_164327_7908870733_600_800_mask.png,nan
57,5,115,11,149,409,264,420,149,409,264,409,264,420,149,420,sub_line_text,list,list_3,times,regular,9,23bol3_20211228_164327_7908870733_600_800.png,/scratch/parceirosbr/bigoilict/share/BigOil/document_generator/datasets/documents_2021_12_28/23bol3_20211228_164327_7908870733_600_800.png,23bol3_20211228_164327_7908870733_600_800_mask.png,-  As e do foram responsá-veis
49,5,99,11,149,426,248,437,149,426,248,426,248,437,149,437,sub_line_text,list,list_3,times,regular,9,23bol3_20211228_164327_7908870733_600_800.png,/scratch/parceirosbr/bigoilict/share/BigOil/document_generator/datasets/documents_2021_12_28/23bol3_20211228_164327_7908870733_600_800.png,23bol3_20211228_164327_7908870733_600_800_mask.png,"-  Todavia, a promulgação"
68,5,137,11,149,442,286,453,149,442,286,442,286,453,149,453,sub_line_text,list,list_3,times,regular,9,23bol3_20211228_164327_7908870733_600_800.png,/scratch/parceirosbr/bigoilict/share/BigOil/document_generator/datasets/documents_2021_12_28/23bol3_20211228_164327_7908870733_600_800.png,23bol3_20211228_164327_7908870733_600_800_mask.png,-  Through a contracted company or
30,5,61,11,149,459,210,470,149,459,210,459,210,470,149,470,sub_line_text,list,list_3,times,regular,9,23bol3_20211228_164327_7908870733_600_800.png,/scratch/parceirosbr/bigoilict/share/BigOil/document_generator/datasets/documents_2021_12_28/23bol3_20211228_164327_7908870733_600_800.png,23bol3_20211228_164327_7908870733_600_800_mask.png,-  The anaerobic
81,5,162,11,358,137,520,148,358,137,520,137,520,148,358,148,sub_line_text,text,text_0,times,regular,9,23bol3_20211228_164327_7908870733_600_800.png,/scratch/parceirosbr/bigoilict/share/BigOil/document_generator/datasets/documents_2021_12_28/23bol3_20211228_164327_7908870733_600_800.png,23bol3_20211228_164327_7908870733_600_800_mask.png,Comparando  com  os testes toxicológicos
88,5,176,11,344,153,520,164,344,153,520,153,520,164,344,164,sub_line_text,text,text_0,times,regular,9,23bol3_20211228_164327_7908870733_600_800.png,/scratch/parceirosbr/bigoilict/share/BigOil/document_generator/datasets/documents_2021_12_28/23bol3_20211228_164327_7908870733_600_800.png,23bol3_20211228_164327_7908870733_600_800_mask.png,"clássicos,  a  sensitividade  do monitoramento"
88,5,176,11,344,169,520,180,344,169,520,169,520,180,344,180,sub_line_text,text,text_0,times,regular,9,23bol3_20211228_164327_7908870733_600_800.png,/scratch/parceirosbr/bigoilict/share/BigOil/document_generator/datasets/documents_2021_12_28/23bol3_20211228_164327_7908870733_600_800.png,23bol3_20211228_164327_7908870733_600_800_mask.png,"histológico  é  melhorada, visto que os efeitos"
84,37,168,75,344,218,512,293,344,218,512,218,512,293,344,293,list,list,list_4,times,times,9,23bol3_20211228_164327_7908870733_600_800.png,/scratch/parceirosbr/bigoilict/share/BigOil/document_generator/datasets/documents_2021_12_28/23bol3_20211228_164327_7908870733_600_800.png,23bol3_20211228_164327_7908870733_600_800_mask.png,
88,5,177,11,344,185,521,196,344,185,521,185,521,196,344,196,sub_line_text,text,text_0,times,regular,9,23bol3_20211228_164327_7908870733_600_800.png,/scratch/parceirosbr/bigoilict/share/BigOil/document_generator/datasets/documents_2021_12_28/23bol3_20211228_164327_7908870733_600_800.png,23bol3_20211228_164327_7908870733_600_800_mask.png,no  nível  histológico  serão visíveis em doses
84,5,168,11,344,201,512,212,344,201,512,201,512,212,344,212,sub_line_text,text,text_0,times,regular,9,23bol3_20211228_164327_7908870733_600_800.png,/scratch/parceirosbr/bigoilict/share/BigOil/document_generator/datasets/documents_2021_12_28/23bol3_20211228_164327_7908870733_600_800.png,23bol3_20211228_164327_7908870733_600_800_mask.png,mais baixas que no nível de mortalidade ou.
88,37,177,75,344,137,521,212,344,137,521,137,521,212,344,212,text,text,text_0,times,regular,9,23bol3_20211228_164327_7908870733_600_800.png,/scratch/parceirosbr/bigoilict/share/BigOil/document_generator/datasets/documents_2021_12_28/23bol3_20211228_164327_7908870733_600_800.png,23bol3_20211228_164327_7908870733_600_800_mask.png,nan
45,5,90,11,344,218,434,229,344,218,434,218,434,229,344,229,sub_line_text,list,list_4,times,regular,9,23bol3_20211228_164327_7908870733_600_800.png,/scratch/parceirosbr/bigoilict/share/BigOil/document_generator/datasets/documents_2021_12_28/23bol3_20211228_164327_7908870733_600_800.png,23bol3_20211228_164327_7908870733_600_800_mask.png,-  Mercury can be found
38,5,76,11,344,234,420,245,344,234,420,234,420,245,344,245,sub_line_text,list,list_4,times,regular,9,23bol3_20211228_164327_7908870733_600_800.png,/scratch/parceirosbr/bigoilict/share/BigOil/document_generator/datasets/documents_2021_12_28/23bol3_20211228_164327_7908870733_600_800.png,23bol3_20211228_164327_7908870733_600_800_mask.png,"-  From the above, it"
84,5,168,11,344,250,512,261,344,250,512,250,512,261,344,261,sub_line_text,list,list_4,times,regular,9,23bol3_20211228_164327_7908870733_600_800.png,/scratch/parceirosbr/bigoilict/share/BigOil/document_generator/datasets/documents_2021_12_28/23bol3_20211228_164327_7908870733_600_800.png,23bol3_20211228_164327_7908870733_600_800_mask.png,"-  Neste caso, é possível reduzir as equações"
83,5,167,11,344,266,511,277,344,266,511,266,511,277,344,277,sub_line_text,list,list_4,times,regular,9,23bol3_20211228_164327_7908870733_600_800.png,/scratch/parceirosbr/bigoilict/share/BigOil/document_generator/datasets/documents_2021_12_28/23bol3_20211228_164327_7908870733_600_800.png,23bol3_20211228_164327_7908870733_600_800_mask.png,-  Especially to colleagues who contributed
80,5,161,11,344,282,505,293,344,282,505,282,505,293,344,293,sub_line_text,list,list_4,times,regular,9,23bol3_20211228_164327_7908870733_600_800.png,/scratch/parceirosbr/bigoilict/share/BigOil/document_generator/datasets/documents_2021_12_28/23bol3_20211228_164327_7908870733_600_800.png,23bol3_20211228_164327_7908870733_600_800_mask.png,-  Where a coordinate system moves along
81,5,162,11,358,299,520,310,358,299,520,299,520,310,358,310,sub_line_text,text,text_1,times,regular,9,23bol3_20211228_164327_7908870733_600_800.png,/scratch/parceirosbr/bigoilict/share/BigOil/document_generator/datasets/documents_2021_12_28/23bol3_20211228_164327_7908870733_600_800.png,23bol3_20211228_164327_7908870733_600_800_mask.png,Member  should  ensure  that a survey is c-
88,5,176,11,344,315,520,326,344,315,520,315,520,326,344,326,sub_line_text,text,text_1,times,regular,9,23bol3_20211228_164327_7908870733_600_800.png,/scratch/parceirosbr/bigoilict/share/BigOil/document_generator/datasets/documents_2021_12_28/23bol3_20211228_164327_7908870733_600_800.png,23bol3_20211228_164327_7908870733_600_800_mask.png,arried  out  after  each  installations  closure to
88,5,176,11,344,331,520,342,344,331,520,331,520,342,344,342,sub_line_text,text,text_1,times,regular,9,23bol3_20211228_164327_7908870733_600_800.png,/scratch/parceirosbr/bigoilict/share/BigOil/document_generator/datasets/documents_2021_12_28/23bol3_20211228_164327_7908870733_600_800.png,23bol3_20211228_164327_7908870733_600_800_mask.png,compare  the  environmental  status of the ins-
88,5,176,11,344,347,520,358,344,347,520,347,520,358,344,358,sub_line_text,text,text_1,times,regular,9,23bol3_20211228_164327_7908870733_600_800.png,/scratch/parceirosbr/bigoilict/share/BigOil/document_generator/datasets/documents_2021_12_28/23bol3_20211228_164327_7908870733_600_800.png,23bol3_20211228_164327_7908870733_600_800_mask.png,tallation  and  its  surrounding  surface  and u-
88,5,177,11,344,363,521,374,344,363,521,363,521,374,344,374,sub_line_text,text,text_1,times,regular,9,23bol3_20211228_164327_7908870733_600_800.png,/scratch/parceirosbr/bigoilict/share/BigOil/document_generator/datasets/documents_2021_12_28/23bol3_20211228_164327_7908870733_600_800.png,23bol3_20211228_164327_7908870733_600_800_mask.png,nderground   area  potentially  affected  by  the
69,13,139,27,344,428,483,455,344,428,483,428,483,455,344,455,list,list,list_5,times,times,9,23bol3_20211228_164327_7908870733_600_800.png,/scratch/parceirosbr/bigoilict/share/BigOil/document_generator/datasets/documents_2021_12_28/23bol3_20211228_164327_7908870733_600_800.png,23bol3_20211228_164327_7908870733_600_800_mask.png,
88,5,176,11,344,379,520,390,344,379,520,379,520,390,344,390,sub_line_text,text,text_1,times,regular,9,23bol3_20211228_164327_7908870733_600_800.png,/scratch/parceirosbr/bigoilict/share/BigOil/document_generator/datasets/documents_2021_12_28/23bol3_20211228_164327_7908870733_600_800.png,23bol3_20211228_164327_7908870733_600_800_mask.png,activities  with  the  status prior to the start of
88,5,176,11,344,395,520,406,344,395,520,395,520,406,344,406,sub_line_text,text,text_1,times,regular,9,23bol3_20211228_164327_7908870733_600_800.png,/scratch/parceirosbr/bigoilict/share/BigOil/document_generator/datasets/documents_2021_12_28/23bol3_20211228_164327_7908870733_600_800.png,23bol3_20211228_164327_7908870733_600_800_mask.png,operations  as  defined  in  the  baseline study.
84,5,168,11,344,411,512,422,344,411,512,411,512,422,344,422,sub_line_text,text,text_1,times,regular,9,23bol3_20211228_164327_7908870733_600_800.png,/scratch/parceirosbr/bigoilict/share/BigOil/document_generator/datasets/documents_2021_12_28/23bol3_20211228_164327_7908870733_600_800.png,23bol3_20211228_164327_7908870733_600_800_mask.png,"Apesar dessa hipótese, sabe-se que o fenôm."
88,61,177,123,344,299,521,422,344,299,521,299,521,422,344,422,text,text,text_1,times,regular,9,23bol3_20211228_164327_7908870733_600_800.png,/scratch/parceirosbr/bigoilict/share/BigOil/document_generator/datasets/documents_2021_12_28/23bol3_20211228_164327_7908870733_600_800.png,23bol3_20211228_164327_7908870733_600_800_mask.png,nan
24,5,48,11,344,428,392,439,344,428,392,428,392,439,344,439,sub_line_text,list,list_5,times,regular,9,23bol3_20211228_164327_7908870733_600_800.png,/scratch/parceirosbr/bigoilict/share/BigOil/document_generator/datasets/documents_2021_12_28/23bol3_20211228_164327_7908870733_600_800.png,23bol3_20211228_164327_7908870733_600_800_mask.png,"-  De fato, os"
69,5,139,11,344,444,483,455,344,444,483,444,483,455,344,455,sub_line_text,list,list_5,times,regular,9,23bol3_20211228_164327_7908870733_600_800.png,/scratch/parceirosbr/bigoilict/share/BigOil/document_generator/datasets/documents_2021_12_28/23bol3_20211228_164327_7908870733_600_800.png,23bol3_20211228_164327_7908870733_600_800_mask.png,"-  Fornece para navios, um algoritmo"
