center_x,center_y,width,height,xmin,ymin,xmax,ymax,top_left_x,top_left_y,top_right_x,top_right_y,bottom_right_x,bottom_right_y,bottom_left_x,bottom_left_y,label,grouplabel,group,text_font,text_style,size_font,filename,path,filename_mask,content
300,400,600,800,0,0,600,800,0,0,600,0,600,800,0,800,document,,,,,,24poi_20211228_164359_6961892356_600_800.png,/scratch/parceirosbr/bigoilict/share/BigOil/document_generator/datasets/documents_2021_12_28/24poi_20211228_164359_6961892356_600_800.png,24poi_20211228_164359_6961892356_600_800_mask.png,
21,4,43,8,57,72,100,80,57,72,100,72,100,80,57,80,sub_line_text,header,header_1,arial,regular,7,24poi_20211228_164359_6961892356_600_800.png,/scratch/parceirosbr/bigoilict/share/BigOil/document_generator/datasets/documents_2021_12_28/24poi_20211228_164359_6961892356_600_800.png,24poi_20211228_164359_6961892356_600_800_mask.png,"Agência, por"
21,4,43,8,57,72,100,80,57,72,100,72,100,80,57,80,text,header,header_1,arial,regular,7,24poi_20211228_164359_6961892356_600_800.png,/scratch/parceirosbr/bigoilict/share/BigOil/document_generator/datasets/documents_2021_12_28/24poi_20211228_164359_6961892356_600_800.png,24poi_20211228_164359_6961892356_600_800_mask.png,nan
251,1,502,2,57,79,559,81,57,79,559,79,559,81,57,81,line,line,line,,,,24poi_20211228_164359_6961892356_600_800.png,/scratch/parceirosbr/bigoilict/share/BigOil/document_generator/datasets/documents_2021_12_28/24poi_20211228_164359_6961892356_600_800.png,24poi_20211228_164359_6961892356_600_800_mask.png,nan
251,0,502,1,57,738,559,739,57,738,559,738,559,739,57,739,line,line,line,,,,24poi_20211228_164359_6961892356_600_800.png,/scratch/parceirosbr/bigoilict/share/BigOil/document_generator/datasets/documents_2021_12_28/24poi_20211228_164359_6961892356_600_800.png,24poi_20211228_164359_6961892356_600_800_mask.png,nan
4,3,8,7,57,738,65,745,57,738,65,738,65,745,57,745,sub_line_text,numpag,footer_1,arial,regular,7,24poi_20211228_164359_6961892356_600_800.png,/scratch/parceirosbr/bigoilict/share/BigOil/document_generator/datasets/documents_2021_12_28/24poi_20211228_164359_6961892356_600_800.png,24poi_20211228_164359_6961892356_600_800_mask.png,20
4,3,8,7,57,738,65,745,57,738,65,738,65,745,57,745,text,numpag,footer_1,arial,regular,7,24poi_20211228_164359_6961892356_600_800.png,/scratch/parceirosbr/bigoilict/share/BigOil/document_generator/datasets/documents_2021_12_28/24poi_20211228_164359_6961892356_600_800.png,24poi_20211228_164359_6961892356_600_800_mask.png,nan
1,3,2,7,67,738,69,745,67,738,69,738,69,745,67,745,sub_line_text,footer,footer_1,arial,regular,7,24poi_20211228_164359_6961892356_600_800.png,/scratch/parceirosbr/bigoilict/share/BigOil/document_generator/datasets/documents_2021_12_28/24poi_20211228_164359_6961892356_600_800.png,24poi_20211228_164359_6961892356_600_800_mask.png,|
1,3,2,7,67,738,69,745,67,738,69,738,69,745,67,745,text,footer,footer_1,arial,regular,7,24poi_20211228_164359_6961892356_600_800.png,/scratch/parceirosbr/bigoilict/share/BigOil/document_generator/datasets/documents_2021_12_28/24poi_20211228_164359_6961892356_600_800.png,24poi_20211228_164359_6961892356_600_800_mask.png,nan
16,3,33,7,69,738,102,745,69,738,102,738,102,745,69,745,sub_line_text,footer,footer_1,arial,regular,7,24poi_20211228_164359_6961892356_600_800.png,/scratch/parceirosbr/bigoilict/share/BigOil/document_generator/datasets/documents_2021_12_28/24poi_20211228_164359_6961892356_600_800.png,24poi_20211228_164359_6961892356_600_800_mask.png,Os roletes
16,3,33,7,69,738,102,745,69,738,102,738,102,745,69,745,text,footer,footer_1,arial,regular,7,24poi_20211228_164359_6961892356_600_800.png,/scratch/parceirosbr/bigoilict/share/BigOil/document_generator/datasets/documents_2021_12_28/24poi_20211228_164359_6961892356_600_800.png,24poi_20211228_164359_6961892356_600_800_mask.png,nan
111,81,223,163,60,87,283,250,60,87,283,87,283,250,60,250,table,table_image,table_0,,,,24poi_20211228_164359_6961892356_600_800.png,/scratch/parceirosbr/bigoilict/share/BigOil/document_generator/datasets/documents_2021_12_28/24poi_20211228_164359_6961892356_600_800.png,24poi_20211228_164359_6961892356_600_800_mask.png,output/gen_tab_20211228_164400_8353696506.png
19,3,38,6,151,89,189,95,151,89,189,89,189,95,151,95,text,table_text,table_0,courier,bold,7.0,24poi_20211228_164359_6961892356_600_800.png,/scratch/parceirosbr/bigoilict/share/BigOil/document_generator/datasets/documents_2021_12_28/24poi_20211228_164359_6961892356_600_800.png,24poi_20211228_164359_6961892356_600_800_mask.png,realizando
19,3,38,6,151,89,189,95,151,89,189,89,189,95,151,95,sub_line_text,table_text,table_0,courier,bold,7.0,24poi_20211228_164359_6961892356_600_800.png,/scratch/parceirosbr/bigoilict/share/BigOil/document_generator/datasets/documents_2021_12_28/24poi_20211228_164359_6961892356_600_800.png,24poi_20211228_164359_6961892356_600_800_mask.png,realizando
7,3,15,6,74,107,89,113,74,107,89,107,89,113,74,113,text,table_text,table_0,courier,regular,7.0,24poi_20211228_164359_6961892356_600_800.png,/scratch/parceirosbr/bigoilict/share/BigOil/document_generator/datasets/documents_2021_12_28/24poi_20211228_164359_6961892356_600_800.png,24poi_20211228_164359_6961892356_600_800_mask.png,tipo
7,3,15,6,74,107,89,113,74,107,89,107,89,113,74,113,sub_line_text,table_text,table_0,courier,regular,7.0,24poi_20211228_164359_6961892356_600_800.png,/scratch/parceirosbr/bigoilict/share/BigOil/document_generator/datasets/documents_2021_12_28/24poi_20211228_164359_6961892356_600_800.png,24poi_20211228_164359_6961892356_600_800_mask.png,tipo
9,3,19,6,72,117,91,123,72,117,91,117,91,123,72,123,text,table_text,table_0,courier,regular,7.0,24poi_20211228_164359_6961892356_600_800.png,/scratch/parceirosbr/bigoilict/share/BigOil/document_generator/datasets/documents_2021_12_28/24poi_20211228_164359_6961892356_600_800.png,24poi_20211228_164359_6961892356_600_800_mask.png,ficar
9,3,19,6,72,117,91,123,72,117,91,117,91,123,72,123,sub_line_text,table_text,table_0,courier,regular,7.0,24poi_20211228_164359_6961892356_600_800.png,/scratch/parceirosbr/bigoilict/share/BigOil/document_generator/datasets/documents_2021_12_28/24poi_20211228_164359_6961892356_600_800.png,24poi_20211228_164359_6961892356_600_800_mask.png,ficar
7,3,15,6,74,126,89,132,74,126,89,126,89,132,74,132,text,table_text,table_0,courier,regular,7.0,24poi_20211228_164359_6961892356_600_800.png,/scratch/parceirosbr/bigoilict/share/BigOil/document_generator/datasets/documents_2021_12_28/24poi_20211228_164359_6961892356_600_800.png,24poi_20211228_164359_6961892356_600_800_mask.png,óleo
7,3,15,6,74,126,89,132,74,126,89,126,89,132,74,132,sub_line_text,table_text,table_0,courier,regular,7.0,24poi_20211228_164359_6961892356_600_800.png,/scratch/parceirosbr/bigoilict/share/BigOil/document_generator/datasets/documents_2021_12_28/24poi_20211228_164359_6961892356_600_800.png,24poi_20211228_164359_6961892356_600_800_mask.png,óleo
13,3,27,6,68,136,95,142,68,136,95,136,95,142,68,142,text,table_text,table_0,courier,regular,7.0,24poi_20211228_164359_6961892356_600_800.png,/scratch/parceirosbr/bigoilict/share/BigOil/document_generator/datasets/documents_2021_12_28/24poi_20211228_164359_6961892356_600_800.png,24poi_20211228_164359_6961892356_600_800_mask.png,consumo
13,3,27,6,68,136,95,142,68,136,95,136,95,142,68,142,sub_line_text,table_text,table_0,courier,regular,7.0,24poi_20211228_164359_6961892356_600_800.png,/scratch/parceirosbr/bigoilict/share/BigOil/document_generator/datasets/documents_2021_12_28/24poi_20211228_164359_6961892356_600_800.png,24poi_20211228_164359_6961892356_600_800_mask.png,consumo
9,3,19,6,72,146,91,152,72,146,91,146,91,152,72,152,text,table_text,table_0,courier,regular,7.0,24poi_20211228_164359_6961892356_600_800.png,/scratch/parceirosbr/bigoilict/share/BigOil/document_generator/datasets/documents_2021_12_28/24poi_20211228_164359_6961892356_600_800.png,24poi_20211228_164359_6961892356_600_800_mask.png,nesse
9,3,19,6,72,146,91,152,72,146,91,146,91,152,72,152,sub_line_text,table_text,table_0,courier,regular,7.0,24poi_20211228_164359_6961892356_600_800.png,/scratch/parceirosbr/bigoilict/share/BigOil/document_generator/datasets/documents_2021_12_28/24poi_20211228_164359_6961892356_600_800.png,24poi_20211228_164359_6961892356_600_800_mask.png,nesse
11,3,23,6,70,155,93,161,70,155,93,155,93,161,70,161,text,table_text,table_0,courier,regular,7.0,24poi_20211228_164359_6961892356_600_800.png,/scratch/parceirosbr/bigoilict/share/BigOil/document_generator/datasets/documents_2021_12_28/24poi_20211228_164359_6961892356_600_800.png,24poi_20211228_164359_6961892356_600_800_mask.png,medida
11,3,23,6,70,155,93,161,70,155,93,155,93,161,70,161,sub_line_text,table_text,table_0,courier,regular,7.0,24poi_20211228_164359_6961892356_600_800.png,/scratch/parceirosbr/bigoilict/share/BigOil/document_generator/datasets/documents_2021_12_28/24poi_20211228_164359_6961892356_600_800.png,24poi_20211228_164359_6961892356_600_800_mask.png,medida
9,3,19,6,72,165,91,171,72,165,91,165,91,171,72,171,text,table_text,table_0,courier,regular,7.0,24poi_20211228_164359_6961892356_600_800.png,/scratch/parceirosbr/bigoilict/share/BigOil/document_generator/datasets/documents_2021_12_28/24poi_20211228_164359_6961892356_600_800.png,24poi_20211228_164359_6961892356_600_800_mask.png,forma
9,3,19,6,72,165,91,171,72,165,91,165,91,171,72,171,sub_line_text,table_text,table_0,courier,regular,7.0,24poi_20211228_164359_6961892356_600_800.png,/scratch/parceirosbr/bigoilict/share/BigOil/document_generator/datasets/documents_2021_12_28/24poi_20211228_164359_6961892356_600_800.png,24poi_20211228_164359_6961892356_600_800_mask.png,forma
13,3,27,6,68,175,95,181,68,175,95,175,95,181,68,181,text,table_text,table_0,courier,regular,7.0,24poi_20211228_164359_6961892356_600_800.png,/scratch/parceirosbr/bigoilict/share/BigOil/document_generator/datasets/documents_2021_12_28/24poi_20211228_164359_6961892356_600_800.png,24poi_20211228_164359_6961892356_600_800_mask.png,mercado
13,3,27,6,68,175,95,181,68,175,95,175,95,181,68,181,sub_line_text,table_text,table_0,courier,regular,7.0,24poi_20211228_164359_6961892356_600_800.png,/scratch/parceirosbr/bigoilict/share/BigOil/document_generator/datasets/documents_2021_12_28/24poi_20211228_164359_6961892356_600_800.png,24poi_20211228_164359_6961892356_600_800_mask.png,mercado
3,3,7,6,78,184,85,190,78,184,85,184,85,190,78,190,text,table_text,table_0,courier,regular,7.0,24poi_20211228_164359_6961892356_600_800.png,/scratch/parceirosbr/bigoilict/share/BigOil/document_generator/datasets/documents_2021_12_28/24poi_20211228_164359_6961892356_600_800.png,24poi_20211228_164359_6961892356_600_800_mask.png,de
3,3,7,6,78,184,85,190,78,184,85,184,85,190,78,190,sub_line_text,table_text,table_0,courier,regular,7.0,24poi_20211228_164359_6961892356_600_800.png,/scratch/parceirosbr/bigoilict/share/BigOil/document_generator/datasets/documents_2021_12_28/24poi_20211228_164359_6961892356_600_800.png,24poi_20211228_164359_6961892356_600_800_mask.png,de
11,3,23,6,70,194,93,200,70,194,93,194,93,200,70,200,text,table_text,table_0,courier,regular,7.0,24poi_20211228_164359_6961892356_600_800.png,/scratch/parceirosbr/bigoilict/share/BigOil/document_generator/datasets/documents_2021_12_28/24poi_20211228_164359_6961892356_600_800.png,24poi_20211228_164359_6961892356_600_800_mask.png,medida
11,3,23,6,70,194,93,200,70,194,93,194,93,200,70,200,sub_line_text,table_text,table_0,courier,regular,7.0,24poi_20211228_164359_6961892356_600_800.png,/scratch/parceirosbr/bigoilict/share/BigOil/document_generator/datasets/documents_2021_12_28/24poi_20211228_164359_6961892356_600_800.png,24poi_20211228_164359_6961892356_600_800_mask.png,medida
15,3,31,6,66,204,97,210,66,204,97,204,97,210,66,210,text,table_text,table_0,courier,regular,7.0,24poi_20211228_164359_6961892356_600_800.png,/scratch/parceirosbr/bigoilict/share/BigOil/document_generator/datasets/documents_2021_12_28/24poi_20211228_164359_6961892356_600_800.png,24poi_20211228_164359_6961892356_600_800_mask.png,condutas
15,3,31,6,66,204,97,210,66,204,97,204,97,210,66,210,sub_line_text,table_text,table_0,courier,regular,7.0,24poi_20211228_164359_6961892356_600_800.png,/scratch/parceirosbr/bigoilict/share/BigOil/document_generator/datasets/documents_2021_12_28/24poi_20211228_164359_6961892356_600_800.png,24poi_20211228_164359_6961892356_600_800_mask.png,condutas
15,3,31,6,66,214,97,220,66,214,97,214,97,220,66,220,text,table_text,table_0,courier,regular,7.0,24poi_20211228_164359_6961892356_600_800.png,/scratch/parceirosbr/bigoilict/share/BigOil/document_generator/datasets/documents_2021_12_28/24poi_20211228_164359_6961892356_600_800.png,24poi_20211228_164359_6961892356_600_800_mask.png,tamanhos
15,3,31,6,66,214,97,220,66,214,97,214,97,220,66,220,sub_line_text,table_text,table_0,courier,regular,7.0,24poi_20211228_164359_6961892356_600_800.png,/scratch/parceirosbr/bigoilict/share/BigOil/document_generator/datasets/documents_2021_12_28/24poi_20211228_164359_6961892356_600_800.png,24poi_20211228_164359_6961892356_600_800_mask.png,tamanhos
11,3,23,6,70,223,93,229,70,223,93,223,93,229,70,229,text,table_text,table_0,courier,regular,7.0,24poi_20211228_164359_6961892356_600_800.png,/scratch/parceirosbr/bigoilict/share/BigOil/document_generator/datasets/documents_2021_12_28/24poi_20211228_164359_6961892356_600_800.png,24poi_20211228_164359_6961892356_600_800_mask.png,muitas
11,3,23,6,70,223,93,229,70,223,93,223,93,229,70,229,sub_line_text,table_text,table_0,courier,regular,7.0,24poi_20211228_164359_6961892356_600_800.png,/scratch/parceirosbr/bigoilict/share/BigOil/document_generator/datasets/documents_2021_12_28/24poi_20211228_164359_6961892356_600_800.png,24poi_20211228_164359_6961892356_600_800_mask.png,muitas
10,3,20,6,160,233,180,239,160,233,180,233,180,239,160,239,text,table_text,table_0,courier,bold,7.0,24poi_20211228_164359_6961892356_600_800.png,/scratch/parceirosbr/bigoilict/share/BigOil/document_generator/datasets/documents_2021_12_28/24poi_20211228_164359_6961892356_600_800.png,24poi_20211228_164359_6961892356_600_800_mask.png,forma
10,3,20,6,160,233,180,239,160,233,180,233,180,239,160,239,sub_line_text,table_text,table_0,courier,bold,7.0,24poi_20211228_164359_6961892356_600_800.png,/scratch/parceirosbr/bigoilict/share/BigOil/document_generator/datasets/documents_2021_12_28/24poi_20211228_164359_6961892356_600_800.png,24poi_20211228_164359_6961892356_600_800_mask.png,forma
25,3,50,6,118,107,168,113,118,107,168,107,168,113,118,113,text,table_text,table_0,courier,regular,7.0,24poi_20211228_164359_6961892356_600_800.png,/scratch/parceirosbr/bigoilict/share/BigOil/document_generator/datasets/documents_2021_12_28/24poi_20211228_164359_6961892356_600_800.png,24poi_20211228_164359_6961892356_600_800_mask.png,9750412339.71
25,3,50,6,118,107,168,113,118,107,168,107,168,113,118,113,sub_line_text,table_text,table_0,courier,regular,7.0,24poi_20211228_164359_6961892356_600_800.png,/scratch/parceirosbr/bigoilict/share/BigOil/document_generator/datasets/documents_2021_12_28/24poi_20211228_164359_6961892356_600_800.png,24poi_20211228_164359_6961892356_600_800_mask.png,9750412339.71
23,3,46,6,122,117,168,123,122,117,168,117,168,123,122,123,text,table_text,table_0,courier,regular,7.0,24poi_20211228_164359_6961892356_600_800.png,/scratch/parceirosbr/bigoilict/share/BigOil/document_generator/datasets/documents_2021_12_28/24poi_20211228_164359_6961892356_600_800.png,24poi_20211228_164359_6961892356_600_800_mask.png,583768847.82
23,3,46,6,122,117,168,123,122,117,168,117,168,123,122,123,sub_line_text,table_text,table_0,courier,regular,7.0,24poi_20211228_164359_6961892356_600_800.png,/scratch/parceirosbr/bigoilict/share/BigOil/document_generator/datasets/documents_2021_12_28/24poi_20211228_164359_6961892356_600_800.png,24poi_20211228_164359_6961892356_600_800_mask.png,583768847.82
23,3,46,6,122,126,168,132,122,126,168,126,168,132,122,132,text,table_text,table_0,courier,regular,7.0,24poi_20211228_164359_6961892356_600_800.png,/scratch/parceirosbr/bigoilict/share/BigOil/document_generator/datasets/documents_2021_12_28/24poi_20211228_164359_6961892356_600_800.png,24poi_20211228_164359_6961892356_600_800_mask.png,975721713.83
23,3,46,6,122,126,168,132,122,126,168,126,168,132,122,132,sub_line_text,table_text,table_0,courier,regular,7.0,24poi_20211228_164359_6961892356_600_800.png,/scratch/parceirosbr/bigoilict/share/BigOil/document_generator/datasets/documents_2021_12_28/24poi_20211228_164359_6961892356_600_800.png,24poi_20211228_164359_6961892356_600_800_mask.png,975721713.83
23,3,46,6,122,136,168,142,122,136,168,136,168,142,122,142,text,table_text,table_0,courier,regular,7.0,24poi_20211228_164359_6961892356_600_800.png,/scratch/parceirosbr/bigoilict/share/BigOil/document_generator/datasets/documents_2021_12_28/24poi_20211228_164359_6961892356_600_800.png,24poi_20211228_164359_6961892356_600_800_mask.png,285988667.35
23,3,46,6,122,136,168,142,122,136,168,136,168,142,122,142,sub_line_text,table_text,table_0,courier,regular,7.0,24poi_20211228_164359_6961892356_600_800.png,/scratch/parceirosbr/bigoilict/share/BigOil/document_generator/datasets/documents_2021_12_28/24poi_20211228_164359_6961892356_600_800.png,24poi_20211228_164359_6961892356_600_800_mask.png,285988667.35
21,3,42,6,125,146,167,152,125,146,167,146,167,152,125,152,text,table_text,table_0,courier,regular,7.0,24poi_20211228_164359_6961892356_600_800.png,/scratch/parceirosbr/bigoilict/share/BigOil/document_generator/datasets/documents_2021_12_28/24poi_20211228_164359_6961892356_600_800.png,24poi_20211228_164359_6961892356_600_800_mask.png,56247486.43
21,3,42,6,125,146,167,152,125,146,167,146,167,152,125,152,sub_line_text,table_text,table_0,courier,regular,7.0,24poi_20211228_164359_6961892356_600_800.png,/scratch/parceirosbr/bigoilict/share/BigOil/document_generator/datasets/documents_2021_12_28/24poi_20211228_164359_6961892356_600_800.png,24poi_20211228_164359_6961892356_600_800_mask.png,56247486.43
23,3,46,6,122,155,168,161,122,155,168,155,168,161,122,161,text,table_text,table_0,courier,regular,7.0,24poi_20211228_164359_6961892356_600_800.png,/scratch/parceirosbr/bigoilict/share/BigOil/document_generator/datasets/documents_2021_12_28/24poi_20211228_164359_6961892356_600_800.png,24poi_20211228_164359_6961892356_600_800_mask.png,973382468.14
23,3,46,6,122,155,168,161,122,155,168,155,168,161,122,161,sub_line_text,table_text,table_0,courier,regular,7.0,24poi_20211228_164359_6961892356_600_800.png,/scratch/parceirosbr/bigoilict/share/BigOil/document_generator/datasets/documents_2021_12_28/24poi_20211228_164359_6961892356_600_800.png,24poi_20211228_164359_6961892356_600_800_mask.png,973382468.14
21,3,42,6,125,165,167,171,125,165,167,165,167,171,125,171,text,table_text,table_0,courier,regular,7.0,24poi_20211228_164359_6961892356_600_800.png,/scratch/parceirosbr/bigoilict/share/BigOil/document_generator/datasets/documents_2021_12_28/24poi_20211228_164359_6961892356_600_800.png,24poi_20211228_164359_6961892356_600_800_mask.png,65099879.81
21,3,42,6,125,165,167,171,125,165,167,165,167,171,125,171,sub_line_text,table_text,table_0,courier,regular,7.0,24poi_20211228_164359_6961892356_600_800.png,/scratch/parceirosbr/bigoilict/share/BigOil/document_generator/datasets/documents_2021_12_28/24poi_20211228_164359_6961892356_600_800.png,24poi_20211228_164359_6961892356_600_800_mask.png,65099879.81
25,3,50,6,118,175,168,181,118,175,168,175,168,181,118,181,text,table_text,table_0,courier,regular,7.0,24poi_20211228_164359_6961892356_600_800.png,/scratch/parceirosbr/bigoilict/share/BigOil/document_generator/datasets/documents_2021_12_28/24poi_20211228_164359_6961892356_600_800.png,24poi_20211228_164359_6961892356_600_800_mask.png,4572305534.84
25,3,50,6,118,175,168,181,118,175,168,175,168,181,118,181,sub_line_text,table_text,table_0,courier,regular,7.0,24poi_20211228_164359_6961892356_600_800.png,/scratch/parceirosbr/bigoilict/share/BigOil/document_generator/datasets/documents_2021_12_28/24poi_20211228_164359_6961892356_600_800.png,24poi_20211228_164359_6961892356_600_800_mask.png,4572305534.84
23,3,46,6,122,184,168,190,122,184,168,184,168,190,122,190,text,table_text,table_0,courier,regular,7.0,24poi_20211228_164359_6961892356_600_800.png,/scratch/parceirosbr/bigoilict/share/BigOil/document_generator/datasets/documents_2021_12_28/24poi_20211228_164359_6961892356_600_800.png,24poi_20211228_164359_6961892356_600_800_mask.png,609082042.12
23,3,46,6,122,184,168,190,122,184,168,184,168,190,122,190,sub_line_text,table_text,table_0,courier,regular,7.0,24poi_20211228_164359_6961892356_600_800.png,/scratch/parceirosbr/bigoilict/share/BigOil/document_generator/datasets/documents_2021_12_28/24poi_20211228_164359_6961892356_600_800.png,24poi_20211228_164359_6961892356_600_800_mask.png,609082042.12
25,3,50,6,118,194,168,200,118,194,168,194,168,200,118,200,text,table_text,table_0,courier,regular,7.0,24poi_20211228_164359_6961892356_600_800.png,/scratch/parceirosbr/bigoilict/share/BigOil/document_generator/datasets/documents_2021_12_28/24poi_20211228_164359_6961892356_600_800.png,24poi_20211228_164359_6961892356_600_800_mask.png,9150570724.69
25,3,50,6,118,194,168,200,118,194,168,194,168,200,118,200,sub_line_text,table_text,table_0,courier,regular,7.0,24poi_20211228_164359_6961892356_600_800.png,/scratch/parceirosbr/bigoilict/share/BigOil/document_generator/datasets/documents_2021_12_28/24poi_20211228_164359_6961892356_600_800.png,24poi_20211228_164359_6961892356_600_800_mask.png,9150570724.69
23,3,46,6,122,204,168,210,122,204,168,204,168,210,122,210,text,table_text,table_0,courier,regular,7.0,24poi_20211228_164359_6961892356_600_800.png,/scratch/parceirosbr/bigoilict/share/BigOil/document_generator/datasets/documents_2021_12_28/24poi_20211228_164359_6961892356_600_800.png,24poi_20211228_164359_6961892356_600_800_mask.png,141050126.39
23,3,46,6,122,204,168,210,122,204,168,204,168,210,122,210,sub_line_text,table_text,table_0,courier,regular,7.0,24poi_20211228_164359_6961892356_600_800.png,/scratch/parceirosbr/bigoilict/share/BigOil/document_generator/datasets/documents_2021_12_28/24poi_20211228_164359_6961892356_600_800.png,24poi_20211228_164359_6961892356_600_800_mask.png,141050126.39
23,3,46,6,122,214,168,220,122,214,168,214,168,220,122,220,text,table_text,table_0,courier,regular,7.0,24poi_20211228_164359_6961892356_600_800.png,/scratch/parceirosbr/bigoilict/share/BigOil/document_generator/datasets/documents_2021_12_28/24poi_20211228_164359_6961892356_600_800.png,24poi_20211228_164359_6961892356_600_800_mask.png,467565449.05
23,3,46,6,122,214,168,220,122,214,168,214,168,220,122,220,sub_line_text,table_text,table_0,courier,regular,7.0,24poi_20211228_164359_6961892356_600_800.png,/scratch/parceirosbr/bigoilict/share/BigOil/document_generator/datasets/documents_2021_12_28/24poi_20211228_164359_6961892356_600_800.png,24poi_20211228_164359_6961892356_600_800_mask.png,467565449.05
23,3,46,6,122,223,168,229,122,223,168,223,168,229,122,229,text,table_text,table_0,courier,regular,7.0,24poi_20211228_164359_6961892356_600_800.png,/scratch/parceirosbr/bigoilict/share/BigOil/document_generator/datasets/documents_2021_12_28/24poi_20211228_164359_6961892356_600_800.png,24poi_20211228_164359_6961892356_600_800_mask.png,433283987.22
23,3,46,6,122,223,168,229,122,223,168,223,168,229,122,229,sub_line_text,table_text,table_0,courier,regular,7.0,24poi_20211228_164359_6961892356_600_800.png,/scratch/parceirosbr/bigoilict/share/BigOil/document_generator/datasets/documents_2021_12_28/24poi_20211228_164359_6961892356_600_800.png,24poi_20211228_164359_6961892356_600_800_mask.png,433283987.22
5,3,11,6,189,107,200,113,189,107,200,107,200,113,189,113,text,table_text,table_0,courier,regular,7.0,24poi_20211228_164359_6961892356_600_800.png,/scratch/parceirosbr/bigoilict/share/BigOil/document_generator/datasets/documents_2021_12_28/24poi_20211228_164359_6961892356_600_800.png,24poi_20211228_164359_6961892356_600_800_mask.png,8.9
5,3,11,6,189,107,200,113,189,107,200,107,200,113,189,113,sub_line_text,table_text,table_0,courier,regular,7.0,24poi_20211228_164359_6961892356_600_800.png,/scratch/parceirosbr/bigoilict/share/BigOil/document_generator/datasets/documents_2021_12_28/24poi_20211228_164359_6961892356_600_800.png,24poi_20211228_164359_6961892356_600_800_mask.png,8.9
5,3,11,6,189,117,200,123,189,117,200,117,200,123,189,123,text,table_text,table_0,courier,regular,7.0,24poi_20211228_164359_6961892356_600_800.png,/scratch/parceirosbr/bigoilict/share/BigOil/document_generator/datasets/documents_2021_12_28/24poi_20211228_164359_6961892356_600_800.png,24poi_20211228_164359_6961892356_600_800_mask.png,5.4
5,3,11,6,189,117,200,123,189,117,200,117,200,123,189,123,sub_line_text,table_text,table_0,courier,regular,7.0,24poi_20211228_164359_6961892356_600_800.png,/scratch/parceirosbr/bigoilict/share/BigOil/document_generator/datasets/documents_2021_12_28/24poi_20211228_164359_6961892356_600_800.png,24poi_20211228_164359_6961892356_600_800_mask.png,5.4
7,3,15,6,186,126,201,132,186,126,201,126,201,132,186,132,text,table_text,table_0,courier,regular,7.0,24poi_20211228_164359_6961892356_600_800.png,/scratch/parceirosbr/bigoilict/share/BigOil/document_generator/datasets/documents_2021_12_28/24poi_20211228_164359_6961892356_600_800.png,24poi_20211228_164359_6961892356_600_800_mask.png,67.5
7,3,15,6,186,126,201,132,186,126,201,126,201,132,186,132,sub_line_text,table_text,table_0,courier,regular,7.0,24poi_20211228_164359_6961892356_600_800.png,/scratch/parceirosbr/bigoilict/share/BigOil/document_generator/datasets/documents_2021_12_28/24poi_20211228_164359_6961892356_600_800.png,24poi_20211228_164359_6961892356_600_800_mask.png,67.5
7,3,15,6,186,136,201,142,186,136,201,136,201,142,186,142,text,table_text,table_0,courier,regular,7.0,24poi_20211228_164359_6961892356_600_800.png,/scratch/parceirosbr/bigoilict/share/BigOil/document_generator/datasets/documents_2021_12_28/24poi_20211228_164359_6961892356_600_800.png,24poi_20211228_164359_6961892356_600_800_mask.png,68.5
7,3,15,6,186,136,201,142,186,136,201,136,201,142,186,142,sub_line_text,table_text,table_0,courier,regular,7.0,24poi_20211228_164359_6961892356_600_800.png,/scratch/parceirosbr/bigoilict/share/BigOil/document_generator/datasets/documents_2021_12_28/24poi_20211228_164359_6961892356_600_800.png,24poi_20211228_164359_6961892356_600_800_mask.png,68.5
7,3,15,6,186,146,201,152,186,146,201,146,201,152,186,152,text,table_text,table_0,courier,regular,7.0,24poi_20211228_164359_6961892356_600_800.png,/scratch/parceirosbr/bigoilict/share/BigOil/document_generator/datasets/documents_2021_12_28/24poi_20211228_164359_6961892356_600_800.png,24poi_20211228_164359_6961892356_600_800_mask.png,30.9
7,3,15,6,186,146,201,152,186,146,201,146,201,152,186,152,sub_line_text,table_text,table_0,courier,regular,7.0,24poi_20211228_164359_6961892356_600_800.png,/scratch/parceirosbr/bigoilict/share/BigOil/document_generator/datasets/documents_2021_12_28/24poi_20211228_164359_6961892356_600_800.png,24poi_20211228_164359_6961892356_600_800_mask.png,30.9
9,3,19,6,182,155,201,161,182,155,201,155,201,161,182,161,text,table_text,table_0,courier,regular,7.0,24poi_20211228_164359_6961892356_600_800.png,/scratch/parceirosbr/bigoilict/share/BigOil/document_generator/datasets/documents_2021_12_28/24poi_20211228_164359_6961892356_600_800.png,24poi_20211228_164359_6961892356_600_800_mask.png,865.1
9,3,19,6,182,155,201,161,182,155,201,155,201,161,182,161,sub_line_text,table_text,table_0,courier,regular,7.0,24poi_20211228_164359_6961892356_600_800.png,/scratch/parceirosbr/bigoilict/share/BigOil/document_generator/datasets/documents_2021_12_28/24poi_20211228_164359_6961892356_600_800.png,24poi_20211228_164359_6961892356_600_800_mask.png,865.1
5,3,11,6,189,165,200,171,189,165,200,165,200,171,189,171,text,table_text,table_0,courier,regular,7.0,24poi_20211228_164359_6961892356_600_800.png,/scratch/parceirosbr/bigoilict/share/BigOil/document_generator/datasets/documents_2021_12_28/24poi_20211228_164359_6961892356_600_800.png,24poi_20211228_164359_6961892356_600_800_mask.png,7.2
5,3,11,6,189,165,200,171,189,165,200,165,200,171,189,171,sub_line_text,table_text,table_0,courier,regular,7.0,24poi_20211228_164359_6961892356_600_800.png,/scratch/parceirosbr/bigoilict/share/BigOil/document_generator/datasets/documents_2021_12_28/24poi_20211228_164359_6961892356_600_800.png,24poi_20211228_164359_6961892356_600_800_mask.png,7.2
5,3,11,6,189,175,200,181,189,175,200,175,200,181,189,181,text,table_text,table_0,courier,regular,7.0,24poi_20211228_164359_6961892356_600_800.png,/scratch/parceirosbr/bigoilict/share/BigOil/document_generator/datasets/documents_2021_12_28/24poi_20211228_164359_6961892356_600_800.png,24poi_20211228_164359_6961892356_600_800_mask.png,7.1
5,3,11,6,189,175,200,181,189,175,200,175,200,181,189,181,sub_line_text,table_text,table_0,courier,regular,7.0,24poi_20211228_164359_6961892356_600_800.png,/scratch/parceirosbr/bigoilict/share/BigOil/document_generator/datasets/documents_2021_12_28/24poi_20211228_164359_6961892356_600_800.png,24poi_20211228_164359_6961892356_600_800_mask.png,7.1
7,3,15,6,186,184,201,190,186,184,201,184,201,190,186,190,text,table_text,table_0,courier,regular,7.0,24poi_20211228_164359_6961892356_600_800.png,/scratch/parceirosbr/bigoilict/share/BigOil/document_generator/datasets/documents_2021_12_28/24poi_20211228_164359_6961892356_600_800.png,24poi_20211228_164359_6961892356_600_800_mask.png,84.4
7,3,15,6,186,184,201,190,186,184,201,184,201,190,186,190,sub_line_text,table_text,table_0,courier,regular,7.0,24poi_20211228_164359_6961892356_600_800.png,/scratch/parceirosbr/bigoilict/share/BigOil/document_generator/datasets/documents_2021_12_28/24poi_20211228_164359_6961892356_600_800.png,24poi_20211228_164359_6961892356_600_800_mask.png,84.4
9,3,19,6,182,194,201,200,182,194,201,194,201,200,182,200,text,table_text,table_0,courier,regular,7.0,24poi_20211228_164359_6961892356_600_800.png,/scratch/parceirosbr/bigoilict/share/BigOil/document_generator/datasets/documents_2021_12_28/24poi_20211228_164359_6961892356_600_800.png,24poi_20211228_164359_6961892356_600_800_mask.png,114.4
9,3,19,6,182,194,201,200,182,194,201,194,201,200,182,200,sub_line_text,table_text,table_0,courier,regular,7.0,24poi_20211228_164359_6961892356_600_800.png,/scratch/parceirosbr/bigoilict/share/BigOil/document_generator/datasets/documents_2021_12_28/24poi_20211228_164359_6961892356_600_800.png,24poi_20211228_164359_6961892356_600_800_mask.png,114.4
5,3,11,6,189,204,200,210,189,204,200,204,200,210,189,210,text,table_text,table_0,courier,regular,7.0,24poi_20211228_164359_6961892356_600_800.png,/scratch/parceirosbr/bigoilict/share/BigOil/document_generator/datasets/documents_2021_12_28/24poi_20211228_164359_6961892356_600_800.png,24poi_20211228_164359_6961892356_600_800_mask.png,6.2
5,3,11,6,189,204,200,210,189,204,200,204,200,210,189,210,sub_line_text,table_text,table_0,courier,regular,7.0,24poi_20211228_164359_6961892356_600_800.png,/scratch/parceirosbr/bigoilict/share/BigOil/document_generator/datasets/documents_2021_12_28/24poi_20211228_164359_6961892356_600_800.png,24poi_20211228_164359_6961892356_600_800_mask.png,6.2
7,3,15,6,186,214,201,220,186,214,201,214,201,220,186,220,text,table_text,table_0,courier,regular,7.0,24poi_20211228_164359_6961892356_600_800.png,/scratch/parceirosbr/bigoilict/share/BigOil/document_generator/datasets/documents_2021_12_28/24poi_20211228_164359_6961892356_600_800.png,24poi_20211228_164359_6961892356_600_800_mask.png,82.8
7,3,15,6,186,214,201,220,186,214,201,214,201,220,186,220,sub_line_text,table_text,table_0,courier,regular,7.0,24poi_20211228_164359_6961892356_600_800.png,/scratch/parceirosbr/bigoilict/share/BigOil/document_generator/datasets/documents_2021_12_28/24poi_20211228_164359_6961892356_600_800.png,24poi_20211228_164359_6961892356_600_800_mask.png,82.8
7,3,15,6,186,223,201,229,186,223,201,223,201,229,186,229,text,table_text,table_0,courier,regular,7.0,24poi_20211228_164359_6961892356_600_800.png,/scratch/parceirosbr/bigoilict/share/BigOil/document_generator/datasets/documents_2021_12_28/24poi_20211228_164359_6961892356_600_800.png,24poi_20211228_164359_6961892356_600_800_mask.png,55.7
7,3,15,6,186,223,201,229,186,223,201,223,201,229,186,229,sub_line_text,table_text,table_0,courier,regular,7.0,24poi_20211228_164359_6961892356_600_800.png,/scratch/parceirosbr/bigoilict/share/BigOil/document_generator/datasets/documents_2021_12_28/24poi_20211228_164359_6961892356_600_800.png,24poi_20211228_164359_6961892356_600_800_mask.png,55.7
19,3,38,6,208,107,246,113,208,107,246,107,246,113,208,113,text,table_text,table_0,courier,regular,7.0,24poi_20211228_164359_6961892356_600_800.png,/scratch/parceirosbr/bigoilict/share/BigOil/document_generator/datasets/documents_2021_12_28/24poi_20211228_164359_6961892356_600_800.png,24poi_20211228_164359_6961892356_600_800_mask.png,principais
19,3,38,6,208,107,246,113,208,107,246,107,246,113,208,113,sub_line_text,table_text,table_0,courier,regular,7.0,24poi_20211228_164359_6961892356_600_800.png,/scratch/parceirosbr/bigoilict/share/BigOil/document_generator/datasets/documents_2021_12_28/24poi_20211228_164359_6961892356_600_800.png,24poi_20211228_164359_6961892356_600_800_mask.png,principais
9,3,19,6,218,117,237,123,218,117,237,117,237,123,218,123,text,table_text,table_0,courier,regular,7.0,24poi_20211228_164359_6961892356_600_800.png,/scratch/parceirosbr/bigoilict/share/BigOil/document_generator/datasets/documents_2021_12_28/24poi_20211228_164359_6961892356_600_800.png,24poi_20211228_164359_6961892356_600_800_mask.png,sobre
9,3,19,6,218,117,237,123,218,117,237,117,237,123,218,123,sub_line_text,table_text,table_0,courier,regular,7.0,24poi_20211228_164359_6961892356_600_800.png,/scratch/parceirosbr/bigoilict/share/BigOil/document_generator/datasets/documents_2021_12_28/24poi_20211228_164359_6961892356_600_800.png,24poi_20211228_164359_6961892356_600_800_mask.png,sobre
9,3,19,6,218,126,237,132,218,126,237,126,237,132,218,132,text,table_text,table_0,courier,regular,7.0,24poi_20211228_164359_6961892356_600_800.png,/scratch/parceirosbr/bigoilict/share/BigOil/document_generator/datasets/documents_2021_12_28/24poi_20211228_164359_6961892356_600_800.png,24poi_20211228_164359_6961892356_600_800_mask.png,setor
9,3,19,6,218,126,237,132,218,126,237,126,237,132,218,132,sub_line_text,table_text,table_0,courier,regular,7.0,24poi_20211228_164359_6961892356_600_800.png,/scratch/parceirosbr/bigoilict/share/BigOil/document_generator/datasets/documents_2021_12_28/24poi_20211228_164359_6961892356_600_800.png,24poi_20211228_164359_6961892356_600_800_mask.png,setor
3,3,7,6,223,136,230,142,223,136,230,136,230,142,223,142,text,table_text,table_0,courier,regular,7.0,24poi_20211228_164359_6961892356_600_800.png,/scratch/parceirosbr/bigoilict/share/BigOil/document_generator/datasets/documents_2021_12_28/24poi_20211228_164359_6961892356_600_800.png,24poi_20211228_164359_6961892356_600_800_mask.png,já
3,3,7,6,223,136,230,142,223,136,230,136,230,142,223,142,sub_line_text,table_text,table_0,courier,regular,7.0,24poi_20211228_164359_6961892356_600_800.png,/scratch/parceirosbr/bigoilict/share/BigOil/document_generator/datasets/documents_2021_12_28/24poi_20211228_164359_6961892356_600_800.png,24poi_20211228_164359_6961892356_600_800_mask.png,já
13,3,27,6,214,146,241,152,214,146,241,146,241,152,214,152,text,table_text,table_0,courier,regular,7.0,24poi_20211228_164359_6961892356_600_800.png,/scratch/parceirosbr/bigoilict/share/BigOil/document_generator/datasets/documents_2021_12_28/24poi_20211228_164359_6961892356_600_800.png,24poi_20211228_164359_6961892356_600_800_mask.png,análise
13,3,27,6,214,146,241,152,214,146,241,146,241,152,214,152,sub_line_text,table_text,table_0,courier,regular,7.0,24poi_20211228_164359_6961892356_600_800.png,/scratch/parceirosbr/bigoilict/share/BigOil/document_generator/datasets/documents_2021_12_28/24poi_20211228_164359_6961892356_600_800.png,24poi_20211228_164359_6961892356_600_800_mask.png,análise
12,3,24,6,215,155,239,161,215,155,239,155,239,161,215,161,text,table_text,table_0,courier,regular,7.0,24poi_20211228_164359_6961892356_600_800.png,/scratch/parceirosbr/bigoilict/share/BigOil/document_generator/datasets/documents_2021_12_28/24poi_20211228_164359_6961892356_600_800.png,24poi_20211228_164359_6961892356_600_800_mask.png,tratam
12,3,24,6,215,155,239,161,215,155,239,155,239,161,215,161,sub_line_text,table_text,table_0,courier,regular,7.0,24poi_20211228_164359_6961892356_600_800.png,/scratch/parceirosbr/bigoilict/share/BigOil/document_generator/datasets/documents_2021_12_28/24poi_20211228_164359_6961892356_600_800.png,24poi_20211228_164359_6961892356_600_800_mask.png,tratam
15,3,31,6,212,165,243,171,212,165,243,165,243,171,212,171,text,table_text,table_0,courier,regular,7.0,24poi_20211228_164359_6961892356_600_800.png,/scratch/parceirosbr/bigoilict/share/BigOil/document_generator/datasets/documents_2021_12_28/24poi_20211228_164359_6961892356_600_800.png,24poi_20211228_164359_6961892356_600_800_mask.png,hidratos
15,3,31,6,212,165,243,171,212,165,243,165,243,171,212,171,sub_line_text,table_text,table_0,courier,regular,7.0,24poi_20211228_164359_6961892356_600_800.png,/scratch/parceirosbr/bigoilict/share/BigOil/document_generator/datasets/documents_2021_12_28/24poi_20211228_164359_6961892356_600_800.png,24poi_20211228_164359_6961892356_600_800_mask.png,hidratos
15,3,31,6,212,175,243,181,212,175,243,175,243,181,212,181,text,table_text,table_0,courier,regular,7.0,24poi_20211228_164359_6961892356_600_800.png,/scratch/parceirosbr/bigoilict/share/BigOil/document_generator/datasets/documents_2021_12_28/24poi_20211228_164359_6961892356_600_800.png,24poi_20211228_164359_6961892356_600_800_mask.png,trabalho
15,3,31,6,212,175,243,181,212,175,243,175,243,181,212,181,sub_line_text,table_text,table_0,courier,regular,7.0,24poi_20211228_164359_6961892356_600_800.png,/scratch/parceirosbr/bigoilict/share/BigOil/document_generator/datasets/documents_2021_12_28/24poi_20211228_164359_6961892356_600_800.png,24poi_20211228_164359_6961892356_600_800_mask.png,trabalho
17,3,34,6,210,184,244,190,210,184,244,184,244,190,210,190,text,table_text,table_0,courier,regular,7.0,24poi_20211228_164359_6961892356_600_800.png,/scratch/parceirosbr/bigoilict/share/BigOil/document_generator/datasets/documents_2021_12_28/24poi_20211228_164359_6961892356_600_800.png,24poi_20211228_164359_6961892356_600_800_mask.png,vantagens
17,3,34,6,210,184,244,190,210,184,244,184,244,190,210,190,sub_line_text,table_text,table_0,courier,regular,7.0,24poi_20211228_164359_6961892356_600_800.png,/scratch/parceirosbr/bigoilict/share/BigOil/document_generator/datasets/documents_2021_12_28/24poi_20211228_164359_6961892356_600_800.png,24poi_20211228_164359_6961892356_600_800_mask.png,vantagens
11,3,23,6,216,194,239,200,216,194,239,194,239,200,216,200,text,table_text,table_0,courier,regular,7.0,24poi_20211228_164359_6961892356_600_800.png,/scratch/parceirosbr/bigoilict/share/BigOil/document_generator/datasets/documents_2021_12_28/24poi_20211228_164359_6961892356_600_800.png,24poi_20211228_164359_6961892356_600_800_mask.png,dessas
11,3,23,6,216,194,239,200,216,194,239,194,239,200,216,200,sub_line_text,table_text,table_0,courier,regular,7.0,24poi_20211228_164359_6961892356_600_800.png,/scratch/parceirosbr/bigoilict/share/BigOil/document_generator/datasets/documents_2021_12_28/24poi_20211228_164359_6961892356_600_800.png,24poi_20211228_164359_6961892356_600_800_mask.png,dessas
15,3,31,6,212,204,243,210,212,204,243,204,243,210,212,210,text,table_text,table_0,courier,regular,7.0,24poi_20211228_164359_6961892356_600_800.png,/scratch/parceirosbr/bigoilict/share/BigOil/document_generator/datasets/documents_2021_12_28/24poi_20211228_164359_6961892356_600_800.png,24poi_20211228_164359_6961892356_600_800_mask.png,hidratos
15,3,31,6,212,204,243,210,212,204,243,204,243,210,212,210,sub_line_text,table_text,table_0,courier,regular,7.0,24poi_20211228_164359_6961892356_600_800.png,/scratch/parceirosbr/bigoilict/share/BigOil/document_generator/datasets/documents_2021_12_28/24poi_20211228_164359_6961892356_600_800.png,24poi_20211228_164359_6961892356_600_800_mask.png,hidratos
13,3,27,6,214,214,241,220,214,214,241,214,241,220,214,220,text,table_text,table_0,courier,regular,7.0,24poi_20211228_164359_6961892356_600_800.png,/scratch/parceirosbr/bigoilict/share/BigOil/document_generator/datasets/documents_2021_12_28/24poi_20211228_164359_6961892356_600_800.png,24poi_20211228_164359_6961892356_600_800_mask.png,produto
13,3,27,6,214,214,241,220,214,214,241,214,241,220,214,220,sub_line_text,table_text,table_0,courier,regular,7.0,24poi_20211228_164359_6961892356_600_800.png,/scratch/parceirosbr/bigoilict/share/BigOil/document_generator/datasets/documents_2021_12_28/24poi_20211228_164359_6961892356_600_800.png,24poi_20211228_164359_6961892356_600_800_mask.png,produto
9,3,19,6,218,223,237,229,218,223,237,223,237,229,218,229,text,table_text,table_0,courier,regular,7.0,24poi_20211228_164359_6961892356_600_800.png,/scratch/parceirosbr/bigoilict/share/BigOil/document_generator/datasets/documents_2021_12_28/24poi_20211228_164359_6961892356_600_800.png,24poi_20211228_164359_6961892356_600_800_mask.png,entre
9,3,19,6,218,223,237,229,218,223,237,223,237,229,218,229,sub_line_text,table_text,table_0,courier,regular,7.0,24poi_20211228_164359_6961892356_600_800.png,/scratch/parceirosbr/bigoilict/share/BigOil/document_generator/datasets/documents_2021_12_28/24poi_20211228_164359_6961892356_600_800.png,24poi_20211228_164359_6961892356_600_800_mask.png,entre
5,3,11,6,259,107,270,113,259,107,270,107,270,113,259,113,text,table_text,table_0,courier,regular,7.0,24poi_20211228_164359_6961892356_600_800.png,/scratch/parceirosbr/bigoilict/share/BigOil/document_generator/datasets/documents_2021_12_28/24poi_20211228_164359_6961892356_600_800.png,24poi_20211228_164359_6961892356_600_800_mask.png,são
5,3,11,6,259,107,270,113,259,107,270,107,270,113,259,113,sub_line_text,table_text,table_0,courier,regular,7.0,24poi_20211228_164359_6961892356_600_800.png,/scratch/parceirosbr/bigoilict/share/BigOil/document_generator/datasets/documents_2021_12_28/24poi_20211228_164359_6961892356_600_800.png,24poi_20211228_164359_6961892356_600_800_mask.png,são
5,3,11,6,259,117,270,123,259,117,270,117,270,123,259,123,text,table_text,table_0,courier,regular,7.0,24poi_20211228_164359_6961892356_600_800.png,/scratch/parceirosbr/bigoilict/share/BigOil/document_generator/datasets/documents_2021_12_28/24poi_20211228_164359_6961892356_600_800.png,24poi_20211228_164359_6961892356_600_800_mask.png,são
5,3,11,6,259,117,270,123,259,117,270,117,270,123,259,123,sub_line_text,table_text,table_0,courier,regular,7.0,24poi_20211228_164359_6961892356_600_800.png,/scratch/parceirosbr/bigoilict/share/BigOil/document_generator/datasets/documents_2021_12_28/24poi_20211228_164359_6961892356_600_800.png,24poi_20211228_164359_6961892356_600_800_mask.png,são
5,3,11,6,259,126,270,132,259,126,270,126,270,132,259,132,text,table_text,table_0,courier,regular,7.0,24poi_20211228_164359_6961892356_600_800.png,/scratch/parceirosbr/bigoilict/share/BigOil/document_generator/datasets/documents_2021_12_28/24poi_20211228_164359_6961892356_600_800.png,24poi_20211228_164359_6961892356_600_800_mask.png,ser
5,3,11,6,259,126,270,132,259,126,270,126,270,132,259,132,sub_line_text,table_text,table_0,courier,regular,7.0,24poi_20211228_164359_6961892356_600_800.png,/scratch/parceirosbr/bigoilict/share/BigOil/document_generator/datasets/documents_2021_12_28/24poi_20211228_164359_6961892356_600_800.png,24poi_20211228_164359_6961892356_600_800_mask.png,ser
3,3,7,6,261,136,268,142,261,136,268,136,268,142,261,142,text,table_text,table_0,courier,regular,7.0,24poi_20211228_164359_6961892356_600_800.png,/scratch/parceirosbr/bigoilict/share/BigOil/document_generator/datasets/documents_2021_12_28/24poi_20211228_164359_6961892356_600_800.png,24poi_20211228_164359_6961892356_600_800_mask.png,ou
3,3,7,6,261,136,268,142,261,136,268,136,268,142,261,142,sub_line_text,table_text,table_0,courier,regular,7.0,24poi_20211228_164359_6961892356_600_800.png,/scratch/parceirosbr/bigoilict/share/BigOil/document_generator/datasets/documents_2021_12_28/24poi_20211228_164359_6961892356_600_800.png,24poi_20211228_164359_6961892356_600_800_mask.png,ou
9,3,19,6,255,146,274,152,255,146,274,146,274,152,255,152,text,table_text,table_0,courier,regular,7.0,24poi_20211228_164359_6961892356_600_800.png,/scratch/parceirosbr/bigoilict/share/BigOil/document_generator/datasets/documents_2021_12_28/24poi_20211228_164359_6961892356_600_800.png,24poi_20211228_164359_6961892356_600_800_mask.png,vista
9,3,19,6,255,146,274,152,255,146,274,146,274,152,255,152,sub_line_text,table_text,table_0,courier,regular,7.0,24poi_20211228_164359_6961892356_600_800.png,/scratch/parceirosbr/bigoilict/share/BigOil/document_generator/datasets/documents_2021_12_28/24poi_20211228_164359_6961892356_600_800.png,24poi_20211228_164359_6961892356_600_800_mask.png,vista
6,3,12,6,259,155,271,161,259,155,271,155,271,161,259,161,text,table_text,table_0,courier,regular,7.0,24poi_20211228_164359_6961892356_600_800.png,/scratch/parceirosbr/bigoilict/share/BigOil/document_generator/datasets/documents_2021_12_28/24poi_20211228_164359_6961892356_600_800.png,24poi_20211228_164359_6961892356_600_800_mask.png,com
6,3,12,6,259,155,271,161,259,155,271,155,271,161,259,161,sub_line_text,table_text,table_0,courier,regular,7.0,24poi_20211228_164359_6961892356_600_800.png,/scratch/parceirosbr/bigoilict/share/BigOil/document_generator/datasets/documents_2021_12_28/24poi_20211228_164359_6961892356_600_800.png,24poi_20211228_164359_6961892356_600_800_mask.png,com
10,3,20,6,255,165,275,171,255,165,275,165,275,171,255,171,text,table_text,table_0,courier,regular,7.0,24poi_20211228_164359_6961892356_600_800.png,/scratch/parceirosbr/bigoilict/share/BigOil/document_generator/datasets/documents_2021_12_28/24poi_20211228_164359_6961892356_600_800.png,24poi_20211228_164359_6961892356_600_800_mask.png,podem
10,3,20,6,255,165,275,171,255,165,275,165,275,171,255,171,sub_line_text,table_text,table_0,courier,regular,7.0,24poi_20211228_164359_6961892356_600_800.png,/scratch/parceirosbr/bigoilict/share/BigOil/document_generator/datasets/documents_2021_12_28/24poi_20211228_164359_6961892356_600_800.png,24poi_20211228_164359_6961892356_600_800_mask.png,podem
5,3,11,6,259,175,270,181,259,175,270,175,270,181,259,181,text,table_text,table_0,courier,regular,7.0,24poi_20211228_164359_6961892356_600_800.png,/scratch/parceirosbr/bigoilict/share/BigOil/document_generator/datasets/documents_2021_12_28/24poi_20211228_164359_6961892356_600_800.png,24poi_20211228_164359_6961892356_600_800_mask.png,não
5,3,11,6,259,175,270,181,259,175,270,175,270,181,259,181,sub_line_text,table_text,table_0,courier,regular,7.0,24poi_20211228_164359_6961892356_600_800.png,/scratch/parceirosbr/bigoilict/share/BigOil/document_generator/datasets/documents_2021_12_28/24poi_20211228_164359_6961892356_600_800.png,24poi_20211228_164359_6961892356_600_800_mask.png,não
9,3,19,6,255,184,274,190,255,184,274,184,274,190,255,190,text,table_text,table_0,courier,regular,7.0,24poi_20211228_164359_6961892356_600_800.png,/scratch/parceirosbr/bigoilict/share/BigOil/document_generator/datasets/documents_2021_12_28/24poi_20211228_164359_6961892356_600_800.png,24poi_20211228_164359_6961892356_600_800_mask.png,épela
9,3,19,6,255,184,274,190,255,184,274,184,274,190,255,190,sub_line_text,table_text,table_0,courier,regular,7.0,24poi_20211228_164359_6961892356_600_800.png,/scratch/parceirosbr/bigoilict/share/BigOil/document_generator/datasets/documents_2021_12_28/24poi_20211228_164359_6961892356_600_800.png,24poi_20211228_164359_6961892356_600_800_mask.png,épela
9,3,19,6,255,194,274,200,255,194,274,194,274,200,255,200,text,table_text,table_0,courier,regular,7.0,24poi_20211228_164359_6961892356_600_800.png,/scratch/parceirosbr/bigoilict/share/BigOil/document_generator/datasets/documents_2021_12_28/24poi_20211228_164359_6961892356_600_800.png,24poi_20211228_164359_6961892356_600_800_mask.png,vezes
9,3,19,6,255,194,274,200,255,194,274,194,274,200,255,200,sub_line_text,table_text,table_0,courier,regular,7.0,24poi_20211228_164359_6961892356_600_800.png,/scratch/parceirosbr/bigoilict/share/BigOil/document_generator/datasets/documents_2021_12_28/24poi_20211228_164359_6961892356_600_800.png,24poi_20211228_164359_6961892356_600_800_mask.png,vezes
5,3,11,6,259,204,270,210,259,204,270,204,270,210,259,210,text,table_text,table_0,courier,regular,7.0,24poi_20211228_164359_6961892356_600_800.png,/scratch/parceirosbr/bigoilict/share/BigOil/document_generator/datasets/documents_2021_12_28/24poi_20211228_164359_6961892356_600_800.png,24poi_20211228_164359_6961892356_600_800_mask.png,ser
5,3,11,6,259,204,270,210,259,204,270,204,270,210,259,210,sub_line_text,table_text,table_0,courier,regular,7.0,24poi_20211228_164359_6961892356_600_800.png,/scratch/parceirosbr/bigoilict/share/BigOil/document_generator/datasets/documents_2021_12_28/24poi_20211228_164359_6961892356_600_800.png,24poi_20211228_164359_6961892356_600_800_mask.png,ser
3,3,7,6,261,214,268,220,261,214,268,214,268,220,261,220,text,table_text,table_0,courier,regular,7.0,24poi_20211228_164359_6961892356_600_800.png,/scratch/parceirosbr/bigoilict/share/BigOil/document_generator/datasets/documents_2021_12_28/24poi_20211228_164359_6961892356_600_800.png,24poi_20211228_164359_6961892356_600_800_mask.png,no
3,3,7,6,261,214,268,220,261,214,268,214,268,220,261,220,sub_line_text,table_text,table_0,courier,regular,7.0,24poi_20211228_164359_6961892356_600_800.png,/scratch/parceirosbr/bigoilict/share/BigOil/document_generator/datasets/documents_2021_12_28/24poi_20211228_164359_6961892356_600_800.png,24poi_20211228_164359_6961892356_600_800_mask.png,no
3,3,7,6,261,223,268,229,261,223,268,223,268,229,261,229,text,table_text,table_0,courier,regular,7.0,24poi_20211228_164359_6961892356_600_800.png,/scratch/parceirosbr/bigoilict/share/BigOil/document_generator/datasets/documents_2021_12_28/24poi_20211228_164359_6961892356_600_800.png,24poi_20211228_164359_6961892356_600_800_mask.png,de
3,3,7,6,261,223,268,229,261,223,268,223,268,229,261,229,sub_line_text,table_text,table_0,courier,regular,7.0,24poi_20211228_164359_6961892356_600_800.png,/scratch/parceirosbr/bigoilict/share/BigOil/document_generator/datasets/documents_2021_12_28/24poi_20211228_164359_6961892356_600_800.png,24poi_20211228_164359_6961892356_600_800_mask.png,de
95,3,191,7,57,255,248,262,57,255,248,255,248,262,57,262,sub_line_text,table_legend,table_0,arial,regular,6,24poi_20211228_164359_6961892356_600_800.png,/scratch/parceirosbr/bigoilict/share/BigOil/document_generator/datasets/documents_2021_12_28/24poi_20211228_164359_6961892356_600_800.png,24poi_20211228_164359_6961892356_600_800_mask.png,"Table 76: Even  so,  it  is  estimated  that  the  solar  energy  incident on"
24,3,49,7,85,264,134,271,85,264,134,264,134,271,85,271,sub_line_text,table_legend,table_0,arial,regular,6,24poi_20211228_164359_6961892356_600_800.png,/scratch/parceirosbr/bigoilict/share/BigOil/document_generator/datasets/documents_2021_12_28/24poi_20211228_164359_6961892356_600_800.png,24poi_20211228_164359_6961892356_600_800_mask.png,the earth's surface
95,8,191,16,57,255,248,271,57,255,248,255,248,271,57,271,text,table_legend,table_0,arial,regular,6,24poi_20211228_164359_6961892356_600_800.png,/scratch/parceirosbr/bigoilict/share/BigOil/document_generator/datasets/documents_2021_12_28/24poi_20211228_164359_6961892356_600_800.png,24poi_20211228_164359_6961892356_600_800_mask.png,nan
87,3,175,7,57,274,232,281,57,274,232,274,232,281,57,281,sub_line_text,table_legend,table_0,arial,regular,6,24poi_20211228_164359_6961892356_600_800.png,/scratch/parceirosbr/bigoilict/share/BigOil/document_generator/datasets/documents_2021_12_28/24poi_20211228_164359_6961892356_600_800.png,24poi_20211228_164359_6961892356_600_800_mask.png,"Table 112: In   addition,   the   steam   consumption   for  regener-"
74,3,149,7,88,283,237,290,88,283,237,283,237,290,88,290,sub_line_text,table_legend,table_0,arial,regular,6,24poi_20211228_164359_6961892356_600_800.png,/scratch/parceirosbr/bigoilict/share/BigOil/document_generator/datasets/documents_2021_12_28/24poi_20211228_164359_6961892356_600_800.png,24poi_20211228_164359_6961892356_600_800_mask.png,"ation  is  reduced,  since  it  is  not  necessary  to  regen-"
37,3,75,7,88,292,163,299,88,292,163,292,163,299,88,299,sub_line_text,table_legend,table_0,arial,regular,6,24poi_20211228_164359_6961892356_600_800.png,/scratch/parceirosbr/bigoilict/share/BigOil/document_generator/datasets/documents_2021_12_28/24poi_20211228_164359_6961892356_600_800.png,24poi_20211228_164359_6961892356_600_800_mask.png,"erate the reactor. In addition,"
90,12,180,25,57,274,237,299,57,274,237,274,237,299,57,299,text,table_legend,table_0,arial,regular,6,24poi_20211228_164359_6961892356_600_800.png,/scratch/parceirosbr/bigoilict/share/BigOil/document_generator/datasets/documents_2021_12_28/24poi_20211228_164359_6961892356_600_800.png,24poi_20211228_164359_6961892356_600_800_mask.png,nan
111,89,223,179,60,314,283,493,60,314,283,314,283,493,60,493,table,table_image,table_0,,,,24poi_20211228_164359_6961892356_600_800.png,/scratch/parceirosbr/bigoilict/share/BigOil/document_generator/datasets/documents_2021_12_28/24poi_20211228_164359_6961892356_600_800.png,24poi_20211228_164359_6961892356_600_800_mask.png,output/gen_tab_20211228_164403_8462619308.png
8,3,16,6,67,317,83,323,67,317,83,317,83,323,67,323,text,table_text,table_0,courier,bold,7.0,24poi_20211228_164359_6961892356_600_800.png,/scratch/parceirosbr/bigoilict/share/BigOil/document_generator/datasets/documents_2021_12_28/24poi_20211228_164359_6961892356_600_800.png,24poi_20211228_164359_6961892356_600_800_mask.png,pode
8,3,16,6,67,317,83,323,67,317,83,317,83,323,67,323,sub_line_text,table_text,table_0,courier,bold,7.0,24poi_20211228_164359_6961892356_600_800.png,/scratch/parceirosbr/bigoilict/share/BigOil/document_generator/datasets/documents_2021_12_28/24poi_20211228_164359_6961892356_600_800.png,24poi_20211228_164359_6961892356_600_800_mask.png,pode
7,3,15,6,68,327,83,333,68,327,83,327,83,333,68,333,text,table_text,table_0,courier,regular,7.0,24poi_20211228_164359_6961892356_600_800.png,/scratch/parceirosbr/bigoilict/share/BigOil/document_generator/datasets/documents_2021_12_28/24poi_20211228_164359_6961892356_600_800.png,24poi_20211228_164359_6961892356_600_800_mask.png,6783
7,3,15,6,68,327,83,333,68,327,83,327,83,333,68,333,sub_line_text,table_text,table_0,courier,regular,7.0,24poi_20211228_164359_6961892356_600_800.png,/scratch/parceirosbr/bigoilict/share/BigOil/document_generator/datasets/documents_2021_12_28/24poi_20211228_164359_6961892356_600_800.png,24poi_20211228_164359_6961892356_600_800_mask.png,6783
7,3,15,6,68,337,83,343,68,337,83,337,83,343,68,343,text,table_text,table_0,courier,regular,7.0,24poi_20211228_164359_6961892356_600_800.png,/scratch/parceirosbr/bigoilict/share/BigOil/document_generator/datasets/documents_2021_12_28/24poi_20211228_164359_6961892356_600_800.png,24poi_20211228_164359_6961892356_600_800_mask.png,5037
7,3,15,6,68,337,83,343,68,337,83,337,83,343,68,343,sub_line_text,table_text,table_0,courier,regular,7.0,24poi_20211228_164359_6961892356_600_800.png,/scratch/parceirosbr/bigoilict/share/BigOil/document_generator/datasets/documents_2021_12_28/24poi_20211228_164359_6961892356_600_800.png,24poi_20211228_164359_6961892356_600_800_mask.png,5037
5,3,11,6,72,347,83,353,72,347,83,347,83,353,72,353,text,table_text,table_0,courier,regular,7.0,24poi_20211228_164359_6961892356_600_800.png,/scratch/parceirosbr/bigoilict/share/BigOil/document_generator/datasets/documents_2021_12_28/24poi_20211228_164359_6961892356_600_800.png,24poi_20211228_164359_6961892356_600_800_mask.png,316
5,3,11,6,72,347,83,353,72,347,83,347,83,353,72,353,sub_line_text,table_text,table_0,courier,regular,7.0,24poi_20211228_164359_6961892356_600_800.png,/scratch/parceirosbr/bigoilict/share/BigOil/document_generator/datasets/documents_2021_12_28/24poi_20211228_164359_6961892356_600_800.png,24poi_20211228_164359_6961892356_600_800_mask.png,316
3,3,7,6,76,356,83,362,76,356,83,356,83,362,76,362,text,table_text,table_0,courier,regular,7.0,24poi_20211228_164359_6961892356_600_800.png,/scratch/parceirosbr/bigoilict/share/BigOil/document_generator/datasets/documents_2021_12_28/24poi_20211228_164359_6961892356_600_800.png,24poi_20211228_164359_6961892356_600_800_mask.png,24
3,3,7,6,76,356,83,362,76,356,83,356,83,362,76,362,sub_line_text,table_text,table_0,courier,regular,7.0,24poi_20211228_164359_6961892356_600_800.png,/scratch/parceirosbr/bigoilict/share/BigOil/document_generator/datasets/documents_2021_12_28/24poi_20211228_164359_6961892356_600_800.png,24poi_20211228_164359_6961892356_600_800_mask.png,24
3,3,7,6,76,366,83,372,76,366,83,366,83,372,76,372,text,table_text,table_0,courier,regular,7.0,24poi_20211228_164359_6961892356_600_800.png,/scratch/parceirosbr/bigoilict/share/BigOil/document_generator/datasets/documents_2021_12_28/24poi_20211228_164359_6961892356_600_800.png,24poi_20211228_164359_6961892356_600_800_mask.png,59
3,3,7,6,76,366,83,372,76,366,83,366,83,372,76,372,sub_line_text,table_text,table_0,courier,regular,7.0,24poi_20211228_164359_6961892356_600_800.png,/scratch/parceirosbr/bigoilict/share/BigOil/document_generator/datasets/documents_2021_12_28/24poi_20211228_164359_6961892356_600_800.png,24poi_20211228_164359_6961892356_600_800_mask.png,59
5,3,11,6,72,376,83,382,72,376,83,376,83,382,72,382,text,table_text,table_0,courier,regular,7.0,24poi_20211228_164359_6961892356_600_800.png,/scratch/parceirosbr/bigoilict/share/BigOil/document_generator/datasets/documents_2021_12_28/24poi_20211228_164359_6961892356_600_800.png,24poi_20211228_164359_6961892356_600_800_mask.png,694
5,3,11,6,72,376,83,382,72,376,83,376,83,382,72,382,sub_line_text,table_text,table_0,courier,regular,7.0,24poi_20211228_164359_6961892356_600_800.png,/scratch/parceirosbr/bigoilict/share/BigOil/document_generator/datasets/documents_2021_12_28/24poi_20211228_164359_6961892356_600_800.png,24poi_20211228_164359_6961892356_600_800_mask.png,694
3,3,7,6,76,385,83,391,76,385,83,385,83,391,76,391,text,table_text,table_0,courier,regular,7.0,24poi_20211228_164359_6961892356_600_800.png,/scratch/parceirosbr/bigoilict/share/BigOil/document_generator/datasets/documents_2021_12_28/24poi_20211228_164359_6961892356_600_800.png,24poi_20211228_164359_6961892356_600_800_mask.png,95
3,3,7,6,76,385,83,391,76,385,83,385,83,391,76,391,sub_line_text,table_text,table_0,courier,regular,7.0,24poi_20211228_164359_6961892356_600_800.png,/scratch/parceirosbr/bigoilict/share/BigOil/document_generator/datasets/documents_2021_12_28/24poi_20211228_164359_6961892356_600_800.png,24poi_20211228_164359_6961892356_600_800_mask.png,95
5,3,11,6,72,395,83,401,72,395,83,395,83,401,72,401,text,table_text,table_0,courier,regular,7.0,24poi_20211228_164359_6961892356_600_800.png,/scratch/parceirosbr/bigoilict/share/BigOil/document_generator/datasets/documents_2021_12_28/24poi_20211228_164359_6961892356_600_800.png,24poi_20211228_164359_6961892356_600_800_mask.png,922
5,3,11,6,72,395,83,401,72,395,83,395,83,401,72,401,sub_line_text,table_text,table_0,courier,regular,7.0,24poi_20211228_164359_6961892356_600_800.png,/scratch/parceirosbr/bigoilict/share/BigOil/document_generator/datasets/documents_2021_12_28/24poi_20211228_164359_6961892356_600_800.png,24poi_20211228_164359_6961892356_600_800_mask.png,922
3,3,7,6,76,405,83,411,76,405,83,405,83,411,76,411,text,table_text,table_0,courier,regular,7.0,24poi_20211228_164359_6961892356_600_800.png,/scratch/parceirosbr/bigoilict/share/BigOil/document_generator/datasets/documents_2021_12_28/24poi_20211228_164359_6961892356_600_800.png,24poi_20211228_164359_6961892356_600_800_mask.png,74
3,3,7,6,76,405,83,411,76,405,83,405,83,411,76,411,sub_line_text,table_text,table_0,courier,regular,7.0,24poi_20211228_164359_6961892356_600_800.png,/scratch/parceirosbr/bigoilict/share/BigOil/document_generator/datasets/documents_2021_12_28/24poi_20211228_164359_6961892356_600_800.png,24poi_20211228_164359_6961892356_600_800_mask.png,74
5,3,11,6,72,415,83,421,72,415,83,415,83,421,72,421,text,table_text,table_0,courier,regular,7.0,24poi_20211228_164359_6961892356_600_800.png,/scratch/parceirosbr/bigoilict/share/BigOil/document_generator/datasets/documents_2021_12_28/24poi_20211228_164359_6961892356_600_800.png,24poi_20211228_164359_6961892356_600_800_mask.png,494
5,3,11,6,72,415,83,421,72,415,83,415,83,421,72,421,sub_line_text,table_text,table_0,courier,regular,7.0,24poi_20211228_164359_6961892356_600_800.png,/scratch/parceirosbr/bigoilict/share/BigOil/document_generator/datasets/documents_2021_12_28/24poi_20211228_164359_6961892356_600_800.png,24poi_20211228_164359_6961892356_600_800_mask.png,494
7,3,15,6,68,424,83,430,68,424,83,424,83,430,68,430,text,table_text,table_0,courier,regular,7.0,24poi_20211228_164359_6961892356_600_800.png,/scratch/parceirosbr/bigoilict/share/BigOil/document_generator/datasets/documents_2021_12_28/24poi_20211228_164359_6961892356_600_800.png,24poi_20211228_164359_6961892356_600_800_mask.png,6947
7,3,15,6,68,424,83,430,68,424,83,424,83,430,68,430,sub_line_text,table_text,table_0,courier,regular,7.0,24poi_20211228_164359_6961892356_600_800.png,/scratch/parceirosbr/bigoilict/share/BigOil/document_generator/datasets/documents_2021_12_28/24poi_20211228_164359_6961892356_600_800.png,24poi_20211228_164359_6961892356_600_800_mask.png,6947
3,3,7,6,76,434,83,440,76,434,83,434,83,440,76,440,text,table_text,table_0,courier,regular,7.0,24poi_20211228_164359_6961892356_600_800.png,/scratch/parceirosbr/bigoilict/share/BigOil/document_generator/datasets/documents_2021_12_28/24poi_20211228_164359_6961892356_600_800.png,24poi_20211228_164359_6961892356_600_800_mask.png,19
3,3,7,6,76,434,83,440,76,434,83,434,83,440,76,440,sub_line_text,table_text,table_0,courier,regular,7.0,24poi_20211228_164359_6961892356_600_800.png,/scratch/parceirosbr/bigoilict/share/BigOil/document_generator/datasets/documents_2021_12_28/24poi_20211228_164359_6961892356_600_800.png,24poi_20211228_164359_6961892356_600_800_mask.png,19
3,3,7,6,76,444,83,450,76,444,83,444,83,450,76,450,text,table_text,table_0,courier,regular,7.0,24poi_20211228_164359_6961892356_600_800.png,/scratch/parceirosbr/bigoilict/share/BigOil/document_generator/datasets/documents_2021_12_28/24poi_20211228_164359_6961892356_600_800.png,24poi_20211228_164359_6961892356_600_800_mask.png,67
3,3,7,6,76,444,83,450,76,444,83,444,83,450,76,450,sub_line_text,table_text,table_0,courier,regular,7.0,24poi_20211228_164359_6961892356_600_800.png,/scratch/parceirosbr/bigoilict/share/BigOil/document_generator/datasets/documents_2021_12_28/24poi_20211228_164359_6961892356_600_800.png,24poi_20211228_164359_6961892356_600_800_mask.png,67
3,3,7,6,76,454,83,460,76,454,83,454,83,460,76,460,text,table_text,table_0,courier,regular,7.0,24poi_20211228_164359_6961892356_600_800.png,/scratch/parceirosbr/bigoilict/share/BigOil/document_generator/datasets/documents_2021_12_28/24poi_20211228_164359_6961892356_600_800.png,24poi_20211228_164359_6961892356_600_800_mask.png,83
3,3,7,6,76,454,83,460,76,454,83,454,83,460,76,460,sub_line_text,table_text,table_0,courier,regular,7.0,24poi_20211228_164359_6961892356_600_800.png,/scratch/parceirosbr/bigoilict/share/BigOil/document_generator/datasets/documents_2021_12_28/24poi_20211228_164359_6961892356_600_800.png,24poi_20211228_164359_6961892356_600_800_mask.png,83
7,3,15,6,68,463,83,469,68,463,83,463,83,469,68,469,text,table_text,table_0,courier,regular,7.0,24poi_20211228_164359_6961892356_600_800.png,/scratch/parceirosbr/bigoilict/share/BigOil/document_generator/datasets/documents_2021_12_28/24poi_20211228_164359_6961892356_600_800.png,24poi_20211228_164359_6961892356_600_800_mask.png,9044
7,3,15,6,68,463,83,469,68,463,83,463,83,469,68,469,sub_line_text,table_text,table_0,courier,regular,7.0,24poi_20211228_164359_6961892356_600_800.png,/scratch/parceirosbr/bigoilict/share/BigOil/document_generator/datasets/documents_2021_12_28/24poi_20211228_164359_6961892356_600_800.png,24poi_20211228_164359_6961892356_600_800_mask.png,9044
5,3,11,6,72,473,83,479,72,473,83,473,83,479,72,479,text,table_text,table_0,courier,regular,7.0,24poi_20211228_164359_6961892356_600_800.png,/scratch/parceirosbr/bigoilict/share/BigOil/document_generator/datasets/documents_2021_12_28/24poi_20211228_164359_6961892356_600_800.png,24poi_20211228_164359_6961892356_600_800_mask.png,661
5,3,11,6,72,473,83,479,72,473,83,473,83,479,72,479,sub_line_text,table_text,table_0,courier,regular,7.0,24poi_20211228_164359_6961892356_600_800.png,/scratch/parceirosbr/bigoilict/share/BigOil/document_generator/datasets/documents_2021_12_28/24poi_20211228_164359_6961892356_600_800.png,24poi_20211228_164359_6961892356_600_800_mask.png,661
3,3,7,6,76,483,83,489,76,483,83,483,83,489,76,489,text,table_text,table_0,courier,italic,7.0,24poi_20211228_164359_6961892356_600_800.png,/scratch/parceirosbr/bigoilict/share/BigOil/document_generator/datasets/documents_2021_12_28/24poi_20211228_164359_6961892356_600_800.png,24poi_20211228_164359_6961892356_600_800_mask.png,24
3,3,7,6,76,483,83,489,76,483,83,483,83,489,76,489,sub_line_text,table_text,table_0,courier,italic,7.0,24poi_20211228_164359_6961892356_600_800.png,/scratch/parceirosbr/bigoilict/share/BigOil/document_generator/datasets/documents_2021_12_28/24poi_20211228_164359_6961892356_600_800.png,24poi_20211228_164359_6961892356_600_800_mask.png,24
15,3,31,6,98,317,129,323,98,317,129,317,129,323,98,323,text,table_text,table_0,courier,bold,7.0,24poi_20211228_164359_6961892356_600_800.png,/scratch/parceirosbr/bigoilict/share/BigOil/document_generator/datasets/documents_2021_12_28/24poi_20211228_164359_6961892356_600_800.png,24poi_20211228_164359_6961892356_600_800_mask.png,descrito
15,3,31,6,98,317,129,323,98,317,129,317,129,323,98,323,sub_line_text,table_text,table_0,courier,bold,7.0,24poi_20211228_164359_6961892356_600_800.png,/scratch/parceirosbr/bigoilict/share/BigOil/document_generator/datasets/documents_2021_12_28/24poi_20211228_164359_6961892356_600_800.png,24poi_20211228_164359_6961892356_600_800_mask.png,descrito
19,3,38,6,94,327,132,333,94,327,132,327,132,333,94,333,text,table_text,table_0,courier,regular,7.0,24poi_20211228_164359_6961892356_600_800.png,/scratch/parceirosbr/bigoilict/share/BigOil/document_generator/datasets/documents_2021_12_28/24poi_20211228_164359_6961892356_600_800.png,24poi_20211228_164359_6961892356_600_800_mask.png,desempenho
19,3,38,6,94,327,132,333,94,327,132,327,132,333,94,333,sub_line_text,table_text,table_0,courier,regular,7.0,24poi_20211228_164359_6961892356_600_800.png,/scratch/parceirosbr/bigoilict/share/BigOil/document_generator/datasets/documents_2021_12_28/24poi_20211228_164359_6961892356_600_800.png,24poi_20211228_164359_6961892356_600_800_mask.png,desempenho
19,3,38,6,94,337,132,343,94,337,132,337,132,343,94,343,text,table_text,table_0,courier,regular,7.0,24poi_20211228_164359_6961892356_600_800.png,/scratch/parceirosbr/bigoilict/share/BigOil/document_generator/datasets/documents_2021_12_28/24poi_20211228_164359_6961892356_600_800.png,24poi_20211228_164359_6961892356_600_800_mask.png,desempenho
19,3,38,6,94,337,132,343,94,337,132,337,132,343,94,343,sub_line_text,table_text,table_0,courier,regular,7.0,24poi_20211228_164359_6961892356_600_800.png,/scratch/parceirosbr/bigoilict/share/BigOil/document_generator/datasets/documents_2021_12_28/24poi_20211228_164359_6961892356_600_800.png,24poi_20211228_164359_6961892356_600_800_mask.png,desempenho
7,3,15,6,106,347,121,353,106,347,121,347,121,353,106,353,text,table_text,table_0,courier,regular,7.0,24poi_20211228_164359_6961892356_600_800.png,/scratch/parceirosbr/bigoilict/share/BigOil/document_generator/datasets/documents_2021_12_28/24poi_20211228_164359_6961892356_600_800.png,24poi_20211228_164359_6961892356_600_800_mask.png,fase
7,3,15,6,106,347,121,353,106,347,121,347,121,353,106,353,sub_line_text,table_text,table_0,courier,regular,7.0,24poi_20211228_164359_6961892356_600_800.png,/scratch/parceirosbr/bigoilict/share/BigOil/document_generator/datasets/documents_2021_12_28/24poi_20211228_164359_6961892356_600_800.png,24poi_20211228_164359_6961892356_600_800_mask.png,fase
9,3,19,6,104,356,123,362,104,356,123,356,123,362,104,362,text,table_text,table_0,courier,regular,7.0,24poi_20211228_164359_6961892356_600_800.png,/scratch/parceirosbr/bigoilict/share/BigOil/document_generator/datasets/documents_2021_12_28/24poi_20211228_164359_6961892356_600_800.png,24poi_20211228_164359_6961892356_600_800_mask.png,balão
9,3,19,6,104,356,123,362,104,356,123,356,123,362,104,362,sub_line_text,table_text,table_0,courier,regular,7.0,24poi_20211228_164359_6961892356_600_800.png,/scratch/parceirosbr/bigoilict/share/BigOil/document_generator/datasets/documents_2021_12_28/24poi_20211228_164359_6961892356_600_800.png,24poi_20211228_164359_6961892356_600_800_mask.png,balão
11,3,23,6,102,366,125,372,102,366,125,366,125,372,102,372,text,table_text,table_0,courier,regular,7.0,24poi_20211228_164359_6961892356_600_800.png,/scratch/parceirosbr/bigoilict/share/BigOil/document_generator/datasets/documents_2021_12_28/24poi_20211228_164359_6961892356_600_800.png,24poi_20211228_164359_6961892356_600_800_mask.png,grande
11,3,23,6,102,366,125,372,102,366,125,366,125,372,102,372,sub_line_text,table_text,table_0,courier,regular,7.0,24poi_20211228_164359_6961892356_600_800.png,/scratch/parceirosbr/bigoilict/share/BigOil/document_generator/datasets/documents_2021_12_28/24poi_20211228_164359_6961892356_600_800.png,24poi_20211228_164359_6961892356_600_800_mask.png,grande
9,3,19,6,104,376,123,382,104,376,123,376,123,382,104,382,text,table_text,table_0,courier,regular,7.0,24poi_20211228_164359_6961892356_600_800.png,/scratch/parceirosbr/bigoilict/share/BigOil/document_generator/datasets/documents_2021_12_28/24poi_20211228_164359_6961892356_600_800.png,24poi_20211228_164359_6961892356_600_800_mask.png,berço
9,3,19,6,104,376,123,382,104,376,123,376,123,382,104,382,sub_line_text,table_text,table_0,courier,regular,7.0,24poi_20211228_164359_6961892356_600_800.png,/scratch/parceirosbr/bigoilict/share/BigOil/document_generator/datasets/documents_2021_12_28/24poi_20211228_164359_6961892356_600_800.png,24poi_20211228_164359_6961892356_600_800_mask.png,berço
19,3,38,6,94,385,132,391,94,385,132,385,132,391,94,391,text,table_text,table_0,courier,regular,7.0,24poi_20211228_164359_6961892356_600_800.png,/scratch/parceirosbr/bigoilict/share/BigOil/document_generator/datasets/documents_2021_12_28/24poi_20211228_164359_6961892356_600_800.png,24poi_20211228_164359_6961892356_600_800_mask.png,realizando
19,3,38,6,94,385,132,391,94,385,132,385,132,391,94,391,sub_line_text,table_text,table_0,courier,regular,7.0,24poi_20211228_164359_6961892356_600_800.png,/scratch/parceirosbr/bigoilict/share/BigOil/document_generator/datasets/documents_2021_12_28/24poi_20211228_164359_6961892356_600_800.png,24poi_20211228_164359_6961892356_600_800_mask.png,realizando
23,3,46,6,91,395,137,401,91,395,137,395,137,401,91,401,text,table_text,table_0,courier,regular,7.0,24poi_20211228_164359_6961892356_600_800.png,/scratch/parceirosbr/bigoilict/share/BigOil/document_generator/datasets/documents_2021_12_28/24poi_20211228_164359_6961892356_600_800.png,24poi_20211228_164359_6961892356_600_800_mask.png,investidores
23,3,46,6,91,395,137,401,91,395,137,395,137,401,91,401,sub_line_text,table_text,table_0,courier,regular,7.0,24poi_20211228_164359_6961892356_600_800.png,/scratch/parceirosbr/bigoilict/share/BigOil/document_generator/datasets/documents_2021_12_28/24poi_20211228_164359_6961892356_600_800.png,24poi_20211228_164359_6961892356_600_800_mask.png,investidores
4,3,8,6,110,405,118,411,110,405,118,405,118,411,110,411,text,table_text,table_0,courier,regular,7.0,24poi_20211228_164359_6961892356_600_800.png,/scratch/parceirosbr/bigoilict/share/BigOil/document_generator/datasets/documents_2021_12_28/24poi_20211228_164359_6961892356_600_800.png,24poi_20211228_164359_6961892356_600_800_mask.png,um
4,3,8,6,110,405,118,411,110,405,118,405,118,411,110,411,sub_line_text,table_text,table_0,courier,regular,7.0,24poi_20211228_164359_6961892356_600_800.png,/scratch/parceirosbr/bigoilict/share/BigOil/document_generator/datasets/documents_2021_12_28/24poi_20211228_164359_6961892356_600_800.png,24poi_20211228_164359_6961892356_600_800_mask.png,um
13,3,27,6,100,415,127,421,100,415,127,415,127,421,100,421,text,table_text,table_0,courier,regular,7.0,24poi_20211228_164359_6961892356_600_800.png,/scratch/parceirosbr/bigoilict/share/BigOil/document_generator/datasets/documents_2021_12_28/24poi_20211228_164359_6961892356_600_800.png,24poi_20211228_164359_6961892356_600_800_mask.png,virtude
13,3,27,6,100,415,127,421,100,415,127,415,127,421,100,421,sub_line_text,table_text,table_0,courier,regular,7.0,24poi_20211228_164359_6961892356_600_800.png,/scratch/parceirosbr/bigoilict/share/BigOil/document_generator/datasets/documents_2021_12_28/24poi_20211228_164359_6961892356_600_800.png,24poi_20211228_164359_6961892356_600_800_mask.png,virtude
19,3,38,6,94,424,132,430,94,424,132,424,132,430,94,430,text,table_text,table_0,courier,regular,7.0,24poi_20211228_164359_6961892356_600_800.png,/scratch/parceirosbr/bigoilict/share/BigOil/document_generator/datasets/documents_2021_12_28/24poi_20211228_164359_6961892356_600_800.png,24poi_20211228_164359_6961892356_600_800_mask.png,diminuição
19,3,38,6,94,424,132,430,94,424,132,424,132,430,94,430,sub_line_text,table_text,table_0,courier,regular,7.0,24poi_20211228_164359_6961892356_600_800.png,/scratch/parceirosbr/bigoilict/share/BigOil/document_generator/datasets/documents_2021_12_28/24poi_20211228_164359_6961892356_600_800.png,24poi_20211228_164359_6961892356_600_800_mask.png,diminuição
15,3,31,6,98,434,129,440,98,434,129,434,129,440,98,440,text,table_text,table_0,courier,regular,7.0,24poi_20211228_164359_6961892356_600_800.png,/scratch/parceirosbr/bigoilict/share/BigOil/document_generator/datasets/documents_2021_12_28/24poi_20211228_164359_6961892356_600_800.png,24poi_20211228_164359_6961892356_600_800_mask.png,alocação
15,3,31,6,98,434,129,440,98,434,129,434,129,440,98,440,sub_line_text,table_text,table_0,courier,regular,7.0,24poi_20211228_164359_6961892356_600_800.png,/scratch/parceirosbr/bigoilict/share/BigOil/document_generator/datasets/documents_2021_12_28/24poi_20211228_164359_6961892356_600_800.png,24poi_20211228_164359_6961892356_600_800_mask.png,alocação
13,3,27,6,100,444,127,450,100,444,127,444,127,450,100,450,text,table_text,table_0,courier,regular,7.0,24poi_20211228_164359_6961892356_600_800.png,/scratch/parceirosbr/bigoilict/share/BigOil/document_generator/datasets/documents_2021_12_28/24poi_20211228_164359_6961892356_600_800.png,24poi_20211228_164359_6961892356_600_800_mask.png,relação
13,3,27,6,100,444,127,450,100,444,127,444,127,450,100,450,sub_line_text,table_text,table_0,courier,regular,7.0,24poi_20211228_164359_6961892356_600_800.png,/scratch/parceirosbr/bigoilict/share/BigOil/document_generator/datasets/documents_2021_12_28/24poi_20211228_164359_6961892356_600_800.png,24poi_20211228_164359_6961892356_600_800_mask.png,relação
19,3,38,6,94,454,132,460,94,454,132,454,132,460,94,460,text,table_text,table_0,courier,regular,7.0,24poi_20211228_164359_6961892356_600_800.png,/scratch/parceirosbr/bigoilict/share/BigOil/document_generator/datasets/documents_2021_12_28/24poi_20211228_164359_6961892356_600_800.png,24poi_20211228_164359_6961892356_600_800_mask.png,provocando
19,3,38,6,94,454,132,460,94,454,132,454,132,460,94,460,sub_line_text,table_text,table_0,courier,regular,7.0,24poi_20211228_164359_6961892356_600_800.png,/scratch/parceirosbr/bigoilict/share/BigOil/document_generator/datasets/documents_2021_12_28/24poi_20211228_164359_6961892356_600_800.png,24poi_20211228_164359_6961892356_600_800_mask.png,provocando
17,3,34,6,96,463,130,469,96,463,130,463,130,469,96,469,text,table_text,table_0,courier,regular,7.0,24poi_20211228_164359_6961892356_600_800.png,/scratch/parceirosbr/bigoilict/share/BigOil/document_generator/datasets/documents_2021_12_28/24poi_20211228_164359_6961892356_600_800.png,24poi_20211228_164359_6961892356_600_800_mask.png,distintos
17,3,34,6,96,463,130,469,96,463,130,463,130,469,96,469,sub_line_text,table_text,table_0,courier,regular,7.0,24poi_20211228_164359_6961892356_600_800.png,/scratch/parceirosbr/bigoilict/share/BigOil/document_generator/datasets/documents_2021_12_28/24poi_20211228_164359_6961892356_600_800.png,24poi_20211228_164359_6961892356_600_800_mask.png,distintos
23,3,46,6,91,473,137,479,91,473,137,473,137,479,91,479,text,table_text,table_0,courier,regular,7.0,24poi_20211228_164359_6961892356_600_800.png,/scratch/parceirosbr/bigoilict/share/BigOil/document_generator/datasets/documents_2021_12_28/24poi_20211228_164359_6961892356_600_800.png,24poi_20211228_164359_6961892356_600_800_mask.png,pelasalturas
23,3,46,6,91,473,137,479,91,473,137,473,137,479,91,479,sub_line_text,table_text,table_0,courier,regular,7.0,24poi_20211228_164359_6961892356_600_800.png,/scratch/parceirosbr/bigoilict/share/BigOil/document_generator/datasets/documents_2021_12_28/24poi_20211228_164359_6961892356_600_800.png,24poi_20211228_164359_6961892356_600_800_mask.png,pelasalturas
14,3,28,6,100,483,128,489,100,483,128,483,128,489,100,489,text,table_text,table_0,courier,italic,7.0,24poi_20211228_164359_6961892356_600_800.png,/scratch/parceirosbr/bigoilict/share/BigOil/document_generator/datasets/documents_2021_12_28/24poi_20211228_164359_6961892356_600_800.png,24poi_20211228_164359_6961892356_600_800_mask.png,cálculo
14,3,28,6,100,483,128,489,100,483,128,483,128,489,100,489,sub_line_text,table_text,table_0,courier,italic,7.0,24poi_20211228_164359_6961892356_600_800.png,/scratch/parceirosbr/bigoilict/share/BigOil/document_generator/datasets/documents_2021_12_28/24poi_20211228_164359_6961892356_600_800.png,24poi_20211228_164359_6961892356_600_800_mask.png,cálculo
9,3,19,6,150,317,169,323,150,317,169,317,169,323,150,323,text,table_text,table_0,courier,bold,7.0,24poi_20211228_164359_6961892356_600_800.png,/scratch/parceirosbr/bigoilict/share/BigOil/document_generator/datasets/documents_2021_12_28/24poi_20211228_164359_6961892356_600_800.png,24poi_20211228_164359_6961892356_600_800_mask.png,sobre
9,3,19,6,150,317,169,323,150,317,169,317,169,323,150,323,sub_line_text,table_text,table_0,courier,bold,7.0,24poi_20211228_164359_6961892356_600_800.png,/scratch/parceirosbr/bigoilict/share/BigOil/document_generator/datasets/documents_2021_12_28/24poi_20211228_164359_6961892356_600_800.png,24poi_20211228_164359_6961892356_600_800_mask.png,sobre
11,3,23,6,146,327,169,333,146,327,169,327,169,333,146,333,text,table_text,table_0,courier,regular,7.0,24poi_20211228_164359_6961892356_600_800.png,/scratch/parceirosbr/bigoilict/share/BigOil/document_generator/datasets/documents_2021_12_28/24poi_20211228_164359_6961892356_600_800.png,24poi_20211228_164359_6961892356_600_800_mask.png,270.72
11,3,23,6,146,327,169,333,146,327,169,327,169,333,146,333,sub_line_text,table_text,table_0,courier,regular,7.0,24poi_20211228_164359_6961892356_600_800.png,/scratch/parceirosbr/bigoilict/share/BigOil/document_generator/datasets/documents_2021_12_28/24poi_20211228_164359_6961892356_600_800.png,24poi_20211228_164359_6961892356_600_800_mask.png,270.72
11,3,23,6,146,337,169,343,146,337,169,337,169,343,146,343,text,table_text,table_0,courier,regular,7.0,24poi_20211228_164359_6961892356_600_800.png,/scratch/parceirosbr/bigoilict/share/BigOil/document_generator/datasets/documents_2021_12_28/24poi_20211228_164359_6961892356_600_800.png,24poi_20211228_164359_6961892356_600_800_mask.png,139.51
11,3,23,6,146,337,169,343,146,337,169,337,169,343,146,343,sub_line_text,table_text,table_0,courier,regular,7.0,24poi_20211228_164359_6961892356_600_800.png,/scratch/parceirosbr/bigoilict/share/BigOil/document_generator/datasets/documents_2021_12_28/24poi_20211228_164359_6961892356_600_800.png,24poi_20211228_164359_6961892356_600_800_mask.png,139.51
11,3,23,6,146,347,169,353,146,347,169,347,169,353,146,353,text,table_text,table_0,courier,regular,7.0,24poi_20211228_164359_6961892356_600_800.png,/scratch/parceirosbr/bigoilict/share/BigOil/document_generator/datasets/documents_2021_12_28/24poi_20211228_164359_6961892356_600_800.png,24poi_20211228_164359_6961892356_600_800_mask.png,677.32
11,3,23,6,146,347,169,353,146,347,169,347,169,353,146,353,sub_line_text,table_text,table_0,courier,regular,7.0,24poi_20211228_164359_6961892356_600_800.png,/scratch/parceirosbr/bigoilict/share/BigOil/document_generator/datasets/documents_2021_12_28/24poi_20211228_164359_6961892356_600_800.png,24poi_20211228_164359_6961892356_600_800_mask.png,677.32
11,3,23,6,146,356,169,362,146,356,169,356,169,362,146,362,text,table_text,table_0,courier,regular,7.0,24poi_20211228_164359_6961892356_600_800.png,/scratch/parceirosbr/bigoilict/share/BigOil/document_generator/datasets/documents_2021_12_28/24poi_20211228_164359_6961892356_600_800.png,24poi_20211228_164359_6961892356_600_800_mask.png,139.71
11,3,23,6,146,356,169,362,146,356,169,356,169,362,146,362,sub_line_text,table_text,table_0,courier,regular,7.0,24poi_20211228_164359_6961892356_600_800.png,/scratch/parceirosbr/bigoilict/share/BigOil/document_generator/datasets/documents_2021_12_28/24poi_20211228_164359_6961892356_600_800.png,24poi_20211228_164359_6961892356_600_800_mask.png,139.71
11,3,23,6,146,366,169,372,146,366,169,366,169,372,146,372,text,table_text,table_0,courier,regular,7.0,24poi_20211228_164359_6961892356_600_800.png,/scratch/parceirosbr/bigoilict/share/BigOil/document_generator/datasets/documents_2021_12_28/24poi_20211228_164359_6961892356_600_800.png,24poi_20211228_164359_6961892356_600_800_mask.png,930.97
11,3,23,6,146,366,169,372,146,366,169,366,169,372,146,372,sub_line_text,table_text,table_0,courier,regular,7.0,24poi_20211228_164359_6961892356_600_800.png,/scratch/parceirosbr/bigoilict/share/BigOil/document_generator/datasets/documents_2021_12_28/24poi_20211228_164359_6961892356_600_800.png,24poi_20211228_164359_6961892356_600_800_mask.png,930.97
11,3,23,6,146,376,169,382,146,376,169,376,169,382,146,382,text,table_text,table_0,courier,regular,7.0,24poi_20211228_164359_6961892356_600_800.png,/scratch/parceirosbr/bigoilict/share/BigOil/document_generator/datasets/documents_2021_12_28/24poi_20211228_164359_6961892356_600_800.png,24poi_20211228_164359_6961892356_600_800_mask.png,341.72
11,3,23,6,146,376,169,382,146,376,169,376,169,382,146,382,sub_line_text,table_text,table_0,courier,regular,7.0,24poi_20211228_164359_6961892356_600_800.png,/scratch/parceirosbr/bigoilict/share/BigOil/document_generator/datasets/documents_2021_12_28/24poi_20211228_164359_6961892356_600_800.png,24poi_20211228_164359_6961892356_600_800_mask.png,341.72
11,3,23,6,146,385,169,391,146,385,169,385,169,391,146,391,text,table_text,table_0,courier,regular,7.0,24poi_20211228_164359_6961892356_600_800.png,/scratch/parceirosbr/bigoilict/share/BigOil/document_generator/datasets/documents_2021_12_28/24poi_20211228_164359_6961892356_600_800.png,24poi_20211228_164359_6961892356_600_800_mask.png,848.84
11,3,23,6,146,385,169,391,146,385,169,385,169,391,146,391,sub_line_text,table_text,table_0,courier,regular,7.0,24poi_20211228_164359_6961892356_600_800.png,/scratch/parceirosbr/bigoilict/share/BigOil/document_generator/datasets/documents_2021_12_28/24poi_20211228_164359_6961892356_600_800.png,24poi_20211228_164359_6961892356_600_800_mask.png,848.84
11,3,23,6,146,395,169,401,146,395,169,395,169,401,146,401,text,table_text,table_0,courier,regular,7.0,24poi_20211228_164359_6961892356_600_800.png,/scratch/parceirosbr/bigoilict/share/BigOil/document_generator/datasets/documents_2021_12_28/24poi_20211228_164359_6961892356_600_800.png,24poi_20211228_164359_6961892356_600_800_mask.png,920.95
11,3,23,6,146,395,169,401,146,395,169,395,169,401,146,401,sub_line_text,table_text,table_0,courier,regular,7.0,24poi_20211228_164359_6961892356_600_800.png,/scratch/parceirosbr/bigoilict/share/BigOil/document_generator/datasets/documents_2021_12_28/24poi_20211228_164359_6961892356_600_800.png,24poi_20211228_164359_6961892356_600_800_mask.png,920.95
11,3,23,6,146,405,169,411,146,405,169,405,169,411,146,411,text,table_text,table_0,courier,regular,7.0,24poi_20211228_164359_6961892356_600_800.png,/scratch/parceirosbr/bigoilict/share/BigOil/document_generator/datasets/documents_2021_12_28/24poi_20211228_164359_6961892356_600_800.png,24poi_20211228_164359_6961892356_600_800_mask.png,588.84
11,3,23,6,146,405,169,411,146,405,169,405,169,411,146,411,sub_line_text,table_text,table_0,courier,regular,7.0,24poi_20211228_164359_6961892356_600_800.png,/scratch/parceirosbr/bigoilict/share/BigOil/document_generator/datasets/documents_2021_12_28/24poi_20211228_164359_6961892356_600_800.png,24poi_20211228_164359_6961892356_600_800_mask.png,588.84
11,3,23,6,146,415,169,421,146,415,169,415,169,421,146,421,text,table_text,table_0,courier,regular,7.0,24poi_20211228_164359_6961892356_600_800.png,/scratch/parceirosbr/bigoilict/share/BigOil/document_generator/datasets/documents_2021_12_28/24poi_20211228_164359_6961892356_600_800.png,24poi_20211228_164359_6961892356_600_800_mask.png,562.03
11,3,23,6,146,415,169,421,146,415,169,415,169,421,146,421,sub_line_text,table_text,table_0,courier,regular,7.0,24poi_20211228_164359_6961892356_600_800.png,/scratch/parceirosbr/bigoilict/share/BigOil/document_generator/datasets/documents_2021_12_28/24poi_20211228_164359_6961892356_600_800.png,24poi_20211228_164359_6961892356_600_800_mask.png,562.03
11,3,23,6,146,424,169,430,146,424,169,424,169,430,146,430,text,table_text,table_0,courier,regular,7.0,24poi_20211228_164359_6961892356_600_800.png,/scratch/parceirosbr/bigoilict/share/BigOil/document_generator/datasets/documents_2021_12_28/24poi_20211228_164359_6961892356_600_800.png,24poi_20211228_164359_6961892356_600_800_mask.png,352.88
11,3,23,6,146,424,169,430,146,424,169,424,169,430,146,430,sub_line_text,table_text,table_0,courier,regular,7.0,24poi_20211228_164359_6961892356_600_800.png,/scratch/parceirosbr/bigoilict/share/BigOil/document_generator/datasets/documents_2021_12_28/24poi_20211228_164359_6961892356_600_800.png,24poi_20211228_164359_6961892356_600_800_mask.png,352.88
11,3,23,6,146,434,169,440,146,434,169,434,169,440,146,440,text,table_text,table_0,courier,regular,7.0,24poi_20211228_164359_6961892356_600_800.png,/scratch/parceirosbr/bigoilict/share/BigOil/document_generator/datasets/documents_2021_12_28/24poi_20211228_164359_6961892356_600_800.png,24poi_20211228_164359_6961892356_600_800_mask.png,182.78
11,3,23,6,146,434,169,440,146,434,169,434,169,440,146,440,sub_line_text,table_text,table_0,courier,regular,7.0,24poi_20211228_164359_6961892356_600_800.png,/scratch/parceirosbr/bigoilict/share/BigOil/document_generator/datasets/documents_2021_12_28/24poi_20211228_164359_6961892356_600_800.png,24poi_20211228_164359_6961892356_600_800_mask.png,182.78
11,3,23,6,146,444,169,450,146,444,169,444,169,450,146,450,text,table_text,table_0,courier,regular,7.0,24poi_20211228_164359_6961892356_600_800.png,/scratch/parceirosbr/bigoilict/share/BigOil/document_generator/datasets/documents_2021_12_28/24poi_20211228_164359_6961892356_600_800.png,24poi_20211228_164359_6961892356_600_800_mask.png,436.29
11,3,23,6,146,444,169,450,146,444,169,444,169,450,146,450,sub_line_text,table_text,table_0,courier,regular,7.0,24poi_20211228_164359_6961892356_600_800.png,/scratch/parceirosbr/bigoilict/share/BigOil/document_generator/datasets/documents_2021_12_28/24poi_20211228_164359_6961892356_600_800.png,24poi_20211228_164359_6961892356_600_800_mask.png,436.29
11,3,23,6,146,454,169,460,146,454,169,454,169,460,146,460,text,table_text,table_0,courier,regular,7.0,24poi_20211228_164359_6961892356_600_800.png,/scratch/parceirosbr/bigoilict/share/BigOil/document_generator/datasets/documents_2021_12_28/24poi_20211228_164359_6961892356_600_800.png,24poi_20211228_164359_6961892356_600_800_mask.png,972.20
11,3,23,6,146,454,169,460,146,454,169,454,169,460,146,460,sub_line_text,table_text,table_0,courier,regular,7.0,24poi_20211228_164359_6961892356_600_800.png,/scratch/parceirosbr/bigoilict/share/BigOil/document_generator/datasets/documents_2021_12_28/24poi_20211228_164359_6961892356_600_800.png,24poi_20211228_164359_6961892356_600_800_mask.png,972.20
11,3,23,6,146,463,169,469,146,463,169,463,169,469,146,469,text,table_text,table_0,courier,regular,7.0,24poi_20211228_164359_6961892356_600_800.png,/scratch/parceirosbr/bigoilict/share/BigOil/document_generator/datasets/documents_2021_12_28/24poi_20211228_164359_6961892356_600_800.png,24poi_20211228_164359_6961892356_600_800_mask.png,427.61
11,3,23,6,146,463,169,469,146,463,169,463,169,469,146,469,sub_line_text,table_text,table_0,courier,regular,7.0,24poi_20211228_164359_6961892356_600_800.png,/scratch/parceirosbr/bigoilict/share/BigOil/document_generator/datasets/documents_2021_12_28/24poi_20211228_164359_6961892356_600_800.png,24poi_20211228_164359_6961892356_600_800_mask.png,427.61
11,3,23,6,146,473,169,479,146,473,169,473,169,479,146,479,text,table_text,table_0,courier,regular,7.0,24poi_20211228_164359_6961892356_600_800.png,/scratch/parceirosbr/bigoilict/share/BigOil/document_generator/datasets/documents_2021_12_28/24poi_20211228_164359_6961892356_600_800.png,24poi_20211228_164359_6961892356_600_800_mask.png,214.27
11,3,23,6,146,473,169,479,146,473,169,473,169,479,146,479,sub_line_text,table_text,table_0,courier,regular,7.0,24poi_20211228_164359_6961892356_600_800.png,/scratch/parceirosbr/bigoilict/share/BigOil/document_generator/datasets/documents_2021_12_28/24poi_20211228_164359_6961892356_600_800.png,24poi_20211228_164359_6961892356_600_800_mask.png,214.27
12,3,24,6,145,483,169,489,145,483,169,483,169,489,145,489,text,table_text,table_0,courier,italic,7.0,24poi_20211228_164359_6961892356_600_800.png,/scratch/parceirosbr/bigoilict/share/BigOil/document_generator/datasets/documents_2021_12_28/24poi_20211228_164359_6961892356_600_800.png,24poi_20211228_164359_6961892356_600_800_mask.png,336.15
12,3,24,6,145,483,169,489,145,483,169,483,169,489,145,489,sub_line_text,table_text,table_0,courier,italic,7.0,24poi_20211228_164359_6961892356_600_800.png,/scratch/parceirosbr/bigoilict/share/BigOil/document_generator/datasets/documents_2021_12_28/24poi_20211228_164359_6961892356_600_800.png,24poi_20211228_164359_6961892356_600_800_mask.png,336.15
10,3,20,6,187,317,207,323,187,317,207,317,207,323,187,323,text,table_text,table_0,courier,bold,7.0,24poi_20211228_164359_6961892356_600_800.png,/scratch/parceirosbr/bigoilict/share/BigOil/document_generator/datasets/documents_2021_12_28/24poi_20211228_164359_6961892356_600_800.png,24poi_20211228_164359_6961892356_600_800_mask.png,berço
10,3,20,6,187,317,207,323,187,317,207,317,207,323,187,323,sub_line_text,table_text,table_0,courier,bold,7.0,24poi_20211228_164359_6961892356_600_800.png,/scratch/parceirosbr/bigoilict/share/BigOil/document_generator/datasets/documents_2021_12_28/24poi_20211228_164359_6961892356_600_800.png,24poi_20211228_164359_6961892356_600_800_mask.png,berço
9,3,19,6,187,327,206,333,187,327,206,327,206,333,187,333,text,table_text,table_0,courier,regular,7.0,24poi_20211228_164359_6961892356_600_800.png,/scratch/parceirosbr/bigoilict/share/BigOil/document_generator/datasets/documents_2021_12_28/24poi_20211228_164359_6961892356_600_800.png,24poi_20211228_164359_6961892356_600_800_mask.png,berço
9,3,19,6,187,327,206,333,187,327,206,327,206,333,187,333,sub_line_text,table_text,table_0,courier,regular,7.0,24poi_20211228_164359_6961892356_600_800.png,/scratch/parceirosbr/bigoilict/share/BigOil/document_generator/datasets/documents_2021_12_28/24poi_20211228_164359_6961892356_600_800.png,24poi_20211228_164359_6961892356_600_800_mask.png,berço
19,3,38,6,178,337,216,343,178,337,216,337,216,343,178,343,text,table_text,table_0,courier,regular,7.0,24poi_20211228_164359_6961892356_600_800.png,/scratch/parceirosbr/bigoilict/share/BigOil/document_generator/datasets/documents_2021_12_28/24poi_20211228_164359_6961892356_600_800.png,24poi_20211228_164359_6961892356_600_800_mask.png,utilizados
19,3,38,6,178,337,216,343,178,337,216,337,216,343,178,343,sub_line_text,table_text,table_0,courier,regular,7.0,24poi_20211228_164359_6961892356_600_800.png,/scratch/parceirosbr/bigoilict/share/BigOil/document_generator/datasets/documents_2021_12_28/24poi_20211228_164359_6961892356_600_800.png,24poi_20211228_164359_6961892356_600_800_mask.png,utilizados
17,3,34,6,180,347,214,353,180,347,214,347,214,353,180,353,text,table_text,table_0,courier,regular,7.0,24poi_20211228_164359_6961892356_600_800.png,/scratch/parceirosbr/bigoilict/share/BigOil/document_generator/datasets/documents_2021_12_28/24poi_20211228_164359_6961892356_600_800.png,24poi_20211228_164359_6961892356_600_800_mask.png,realizado
17,3,34,6,180,347,214,353,180,347,214,347,214,353,180,353,sub_line_text,table_text,table_0,courier,regular,7.0,24poi_20211228_164359_6961892356_600_800.png,/scratch/parceirosbr/bigoilict/share/BigOil/document_generator/datasets/documents_2021_12_28/24poi_20211228_164359_6961892356_600_800.png,24poi_20211228_164359_6961892356_600_800_mask.png,realizado
5,3,11,6,191,356,202,362,191,356,202,356,202,362,191,362,text,table_text,table_0,courier,regular,7.0,24poi_20211228_164359_6961892356_600_800.png,/scratch/parceirosbr/bigoilict/share/BigOil/document_generator/datasets/documents_2021_12_28/24poi_20211228_164359_6961892356_600_800.png,24poi_20211228_164359_6961892356_600_800_mask.png,uso
5,3,11,6,191,356,202,362,191,356,202,356,202,362,191,362,sub_line_text,table_text,table_0,courier,regular,7.0,24poi_20211228_164359_6961892356_600_800.png,/scratch/parceirosbr/bigoilict/share/BigOil/document_generator/datasets/documents_2021_12_28/24poi_20211228_164359_6961892356_600_800.png,24poi_20211228_164359_6961892356_600_800_mask.png,uso
19,3,38,6,178,366,216,372,178,366,216,366,216,372,178,372,text,table_text,table_0,courier,regular,7.0,24poi_20211228_164359_6961892356_600_800.png,/scratch/parceirosbr/bigoilict/share/BigOil/document_generator/datasets/documents_2021_12_28/24poi_20211228_164359_6961892356_600_800.png,24poi_20211228_164359_6961892356_600_800_mask.png,partículas
19,3,38,6,178,366,216,372,178,366,216,366,216,372,178,372,sub_line_text,table_text,table_0,courier,regular,7.0,24poi_20211228_164359_6961892356_600_800.png,/scratch/parceirosbr/bigoilict/share/BigOil/document_generator/datasets/documents_2021_12_28/24poi_20211228_164359_6961892356_600_800.png,24poi_20211228_164359_6961892356_600_800_mask.png,partículas
15,3,31,6,182,376,213,382,182,376,213,376,213,382,182,382,text,table_text,table_0,courier,regular,7.0,24poi_20211228_164359_6961892356_600_800.png,/scratch/parceirosbr/bigoilict/share/BigOil/document_generator/datasets/documents_2021_12_28/24poi_20211228_164359_6961892356_600_800.png,24poi_20211228_164359_6961892356_600_800_mask.png,decisões
15,3,31,6,182,376,213,382,182,376,213,376,213,382,182,382,sub_line_text,table_text,table_0,courier,regular,7.0,24poi_20211228_164359_6961892356_600_800.png,/scratch/parceirosbr/bigoilict/share/BigOil/document_generator/datasets/documents_2021_12_28/24poi_20211228_164359_6961892356_600_800.png,24poi_20211228_164359_6961892356_600_800_mask.png,decisões
9,3,19,6,187,385,206,391,187,385,206,385,206,391,187,391,text,table_text,table_0,courier,regular,7.0,24poi_20211228_164359_6961892356_600_800.png,/scratch/parceirosbr/bigoilict/share/BigOil/document_generator/datasets/documents_2021_12_28/24poi_20211228_164359_6961892356_600_800.png,24poi_20211228_164359_6961892356_600_800_mask.png,ideal
9,3,19,6,187,385,206,391,187,385,206,385,206,391,187,391,sub_line_text,table_text,table_0,courier,regular,7.0,24poi_20211228_164359_6961892356_600_800.png,/scratch/parceirosbr/bigoilict/share/BigOil/document_generator/datasets/documents_2021_12_28/24poi_20211228_164359_6961892356_600_800.png,24poi_20211228_164359_6961892356_600_800_mask.png,ideal
11,3,23,6,186,395,209,401,186,395,209,395,209,401,186,401,text,table_text,table_0,courier,regular,7.0,24poi_20211228_164359_6961892356_600_800.png,/scratch/parceirosbr/bigoilict/share/BigOil/document_generator/datasets/documents_2021_12_28/24poi_20211228_164359_6961892356_600_800.png,24poi_20211228_164359_6961892356_600_800_mask.png,muitas
11,3,23,6,186,395,209,401,186,395,209,395,209,401,186,401,sub_line_text,table_text,table_0,courier,regular,7.0,24poi_20211228_164359_6961892356_600_800.png,/scratch/parceirosbr/bigoilict/share/BigOil/document_generator/datasets/documents_2021_12_28/24poi_20211228_164359_6961892356_600_800.png,24poi_20211228_164359_6961892356_600_800_mask.png,muitas
17,3,34,6,180,405,214,411,180,405,214,405,214,411,180,411,text,table_text,table_0,courier,regular,7.0,24poi_20211228_164359_6961892356_600_800.png,/scratch/parceirosbr/bigoilict/share/BigOil/document_generator/datasets/documents_2021_12_28/24poi_20211228_164359_6961892356_600_800.png,24poi_20211228_164359_6961892356_600_800_mask.png,adiamento
17,3,34,6,180,405,214,411,180,405,214,405,214,411,180,411,sub_line_text,table_text,table_0,courier,regular,7.0,24poi_20211228_164359_6961892356_600_800.png,/scratch/parceirosbr/bigoilict/share/BigOil/document_generator/datasets/documents_2021_12_28/24poi_20211228_164359_6961892356_600_800.png,24poi_20211228_164359_6961892356_600_800_mask.png,adiamento
6,3,12,6,191,415,203,421,191,415,203,415,203,421,191,421,text,table_text,table_0,courier,regular,7.0,24poi_20211228_164359_6961892356_600_800.png,/scratch/parceirosbr/bigoilict/share/BigOil/document_generator/datasets/documents_2021_12_28/24poi_20211228_164359_6961892356_600_800.png,24poi_20211228_164359_6961892356_600_800_mask.png,com
6,3,12,6,191,415,203,421,191,415,203,415,203,421,191,421,sub_line_text,table_text,table_0,courier,regular,7.0,24poi_20211228_164359_6961892356_600_800.png,/scratch/parceirosbr/bigoilict/share/BigOil/document_generator/datasets/documents_2021_12_28/24poi_20211228_164359_6961892356_600_800.png,24poi_20211228_164359_6961892356_600_800_mask.png,com
7,3,15,6,189,424,204,430,189,424,204,424,204,430,189,430,text,table_text,table_0,courier,regular,7.0,24poi_20211228_164359_6961892356_600_800.png,/scratch/parceirosbr/bigoilict/share/BigOil/document_generator/datasets/documents_2021_12_28/24poi_20211228_164359_6961892356_600_800.png,24poi_20211228_164359_6961892356_600_800_mask.png,país
7,3,15,6,189,424,204,430,189,424,204,424,204,430,189,430,sub_line_text,table_text,table_0,courier,regular,7.0,24poi_20211228_164359_6961892356_600_800.png,/scratch/parceirosbr/bigoilict/share/BigOil/document_generator/datasets/documents_2021_12_28/24poi_20211228_164359_6961892356_600_800.png,24poi_20211228_164359_6961892356_600_800_mask.png,país
11,3,23,6,186,434,209,440,186,434,209,434,209,440,186,440,text,table_text,table_0,courier,regular,7.0,24poi_20211228_164359_6961892356_600_800.png,/scratch/parceirosbr/bigoilict/share/BigOil/document_generator/datasets/documents_2021_12_28/24poi_20211228_164359_6961892356_600_800.png,24poi_20211228_164359_6961892356_600_800_mask.png,apesar
11,3,23,6,186,434,209,440,186,434,209,434,209,440,186,440,sub_line_text,table_text,table_0,courier,regular,7.0,24poi_20211228_164359_6961892356_600_800.png,/scratch/parceirosbr/bigoilict/share/BigOil/document_generator/datasets/documents_2021_12_28/24poi_20211228_164359_6961892356_600_800.png,24poi_20211228_164359_6961892356_600_800_mask.png,apesar
9,3,19,6,187,444,206,450,187,444,206,444,206,450,187,450,text,table_text,table_0,courier,regular,7.0,24poi_20211228_164359_6961892356_600_800.png,/scratch/parceirosbr/bigoilict/share/BigOil/document_generator/datasets/documents_2021_12_28/24poi_20211228_164359_6961892356_600_800.png,24poi_20211228_164359_6961892356_600_800_mask.png,parte
9,3,19,6,187,444,206,450,187,444,206,444,206,450,187,450,sub_line_text,table_text,table_0,courier,regular,7.0,24poi_20211228_164359_6961892356_600_800.png,/scratch/parceirosbr/bigoilict/share/BigOil/document_generator/datasets/documents_2021_12_28/24poi_20211228_164359_6961892356_600_800.png,24poi_20211228_164359_6961892356_600_800_mask.png,parte
9,3,19,6,187,454,206,460,187,454,206,454,206,460,187,460,text,table_text,table_0,courier,regular,7.0,24poi_20211228_164359_6961892356_600_800.png,/scratch/parceirosbr/bigoilict/share/BigOil/document_generator/datasets/documents_2021_12_28/24poi_20211228_164359_6961892356_600_800.png,24poi_20211228_164359_6961892356_600_800_mask.png,setor
9,3,19,6,187,454,206,460,187,454,206,454,206,460,187,460,sub_line_text,table_text,table_0,courier,regular,7.0,24poi_20211228_164359_6961892356_600_800.png,/scratch/parceirosbr/bigoilict/share/BigOil/document_generator/datasets/documents_2021_12_28/24poi_20211228_164359_6961892356_600_800.png,24poi_20211228_164359_6961892356_600_800_mask.png,setor
13,3,27,6,184,463,211,469,184,463,211,463,211,469,184,469,text,table_text,table_0,courier,regular,7.0,24poi_20211228_164359_6961892356_600_800.png,/scratch/parceirosbr/bigoilict/share/BigOil/document_generator/datasets/documents_2021_12_28/24poi_20211228_164359_6961892356_600_800.png,24poi_20211228_164359_6961892356_600_800_mask.png,injetor
13,3,27,6,184,463,211,469,184,463,211,463,211,469,184,469,sub_line_text,table_text,table_0,courier,regular,7.0,24poi_20211228_164359_6961892356_600_800.png,/scratch/parceirosbr/bigoilict/share/BigOil/document_generator/datasets/documents_2021_12_28/24poi_20211228_164359_6961892356_600_800.png,24poi_20211228_164359_6961892356_600_800_mask.png,injetor
6,3,12,6,191,473,203,479,191,473,203,473,203,479,191,479,text,table_text,table_0,courier,regular,7.0,24poi_20211228_164359_6961892356_600_800.png,/scratch/parceirosbr/bigoilict/share/BigOil/document_generator/datasets/documents_2021_12_28/24poi_20211228_164359_6961892356_600_800.png,24poi_20211228_164359_6961892356_600_800_mask.png,com
6,3,12,6,191,473,203,479,191,473,203,473,203,479,191,479,sub_line_text,table_text,table_0,courier,regular,7.0,24poi_20211228_164359_6961892356_600_800.png,/scratch/parceirosbr/bigoilict/share/BigOil/document_generator/datasets/documents_2021_12_28/24poi_20211228_164359_6961892356_600_800.png,24poi_20211228_164359_6961892356_600_800_mask.png,com
11,3,23,6,186,483,209,489,186,483,209,483,209,489,186,489,text,table_text,table_0,courier,italic,7.0,24poi_20211228_164359_6961892356_600_800.png,/scratch/parceirosbr/bigoilict/share/BigOil/document_generator/datasets/documents_2021_12_28/24poi_20211228_164359_6961892356_600_800.png,24poi_20211228_164359_6961892356_600_800_mask.png,etanol
11,3,23,6,186,483,209,489,186,483,209,483,209,489,186,489,sub_line_text,table_text,table_0,courier,italic,7.0,24poi_20211228_164359_6961892356_600_800.png,/scratch/parceirosbr/bigoilict/share/BigOil/document_generator/datasets/documents_2021_12_28/24poi_20211228_164359_6961892356_600_800.png,24poi_20211228_164359_6961892356_600_800_mask.png,etanol
11,3,23,6,240,317,263,323,240,317,263,317,263,323,240,323,text,table_text,table_0,courier,bold,7.0,24poi_20211228_164359_6961892356_600_800.png,/scratch/parceirosbr/bigoilict/share/BigOil/document_generator/datasets/documents_2021_12_28/24poi_20211228_164359_6961892356_600_800.png,24poi_20211228_164359_6961892356_600_800_mask.png,quanto
11,3,23,6,240,317,263,323,240,317,263,317,263,323,240,323,sub_line_text,table_text,table_0,courier,bold,7.0,24poi_20211228_164359_6961892356_600_800.png,/scratch/parceirosbr/bigoilict/share/BigOil/document_generator/datasets/documents_2021_12_28/24poi_20211228_164359_6961892356_600_800.png,24poi_20211228_164359_6961892356_600_800_mask.png,quanto
11,3,23,6,240,327,263,333,240,327,263,327,263,333,240,333,text,table_text,table_0,courier,regular,7.0,24poi_20211228_164359_6961892356_600_800.png,/scratch/parceirosbr/bigoilict/share/BigOil/document_generator/datasets/documents_2021_12_28/24poi_20211228_164359_6961892356_600_800.png,24poi_20211228_164359_6961892356_600_800_mask.png,possui
11,3,23,6,240,327,263,333,240,327,263,327,263,333,240,333,sub_line_text,table_text,table_0,courier,regular,7.0,24poi_20211228_164359_6961892356_600_800.png,/scratch/parceirosbr/bigoilict/share/BigOil/document_generator/datasets/documents_2021_12_28/24poi_20211228_164359_6961892356_600_800.png,24poi_20211228_164359_6961892356_600_800_mask.png,possui
21,3,42,6,230,337,272,343,230,337,272,337,272,343,230,343,text,table_text,table_0,courier,regular,7.0,24poi_20211228_164359_6961892356_600_800.png,/scratch/parceirosbr/bigoilict/share/BigOil/document_generator/datasets/documents_2021_12_28/24poi_20211228_164359_6961892356_600_800.png,24poi_20211228_164359_6961892356_600_800_mask.png,absorvância
21,3,42,6,230,337,272,343,230,337,272,337,272,343,230,343,sub_line_text,table_text,table_0,courier,regular,7.0,24poi_20211228_164359_6961892356_600_800.png,/scratch/parceirosbr/bigoilict/share/BigOil/document_generator/datasets/documents_2021_12_28/24poi_20211228_164359_6961892356_600_800.png,24poi_20211228_164359_6961892356_600_800_mask.png,absorvância
15,3,31,6,236,347,267,353,236,347,267,347,267,353,236,353,text,table_text,table_0,courier,regular,7.0,24poi_20211228_164359_6961892356_600_800.png,/scratch/parceirosbr/bigoilict/share/BigOil/document_generator/datasets/documents_2021_12_28/24poi_20211228_164359_6961892356_600_800.png,24poi_20211228_164359_6961892356_600_800_mask.png,política
15,3,31,6,236,347,267,353,236,347,267,347,267,353,236,353,sub_line_text,table_text,table_0,courier,regular,7.0,24poi_20211228_164359_6961892356_600_800.png,/scratch/parceirosbr/bigoilict/share/BigOil/document_generator/datasets/documents_2021_12_28/24poi_20211228_164359_6961892356_600_800.png,24poi_20211228_164359_6961892356_600_800_mask.png,política
5,3,11,6,246,356,257,362,246,356,257,356,257,362,246,362,text,table_text,table_0,courier,regular,7.0,24poi_20211228_164359_6961892356_600_800.png,/scratch/parceirosbr/bigoilict/share/BigOil/document_generator/datasets/documents_2021_12_28/24poi_20211228_164359_6961892356_600_800.png,24poi_20211228_164359_6961892356_600_800_mask.png,nos
5,3,11,6,246,356,257,362,246,356,257,356,257,362,246,362,sub_line_text,table_text,table_0,courier,regular,7.0,24poi_20211228_164359_6961892356_600_800.png,/scratch/parceirosbr/bigoilict/share/BigOil/document_generator/datasets/documents_2021_12_28/24poi_20211228_164359_6961892356_600_800.png,24poi_20211228_164359_6961892356_600_800_mask.png,nos
10,3,20,6,242,366,262,372,242,366,262,366,262,372,242,372,text,table_text,table_0,courier,regular,7.0,24poi_20211228_164359_6961892356_600_800.png,/scratch/parceirosbr/bigoilict/share/BigOil/document_generator/datasets/documents_2021_12_28/24poi_20211228_164359_6961892356_600_800.png,24poi_20211228_164359_6961892356_600_800_mask.png,comum
10,3,20,6,242,366,262,372,242,366,262,366,262,372,242,372,sub_line_text,table_text,table_0,courier,regular,7.0,24poi_20211228_164359_6961892356_600_800.png,/scratch/parceirosbr/bigoilict/share/BigOil/document_generator/datasets/documents_2021_12_28/24poi_20211228_164359_6961892356_600_800.png,24poi_20211228_164359_6961892356_600_800_mask.png,comum
11,3,23,6,240,376,263,382,240,376,263,376,263,382,240,382,text,table_text,table_0,courier,regular,7.0,24poi_20211228_164359_6961892356_600_800.png,/scratch/parceirosbr/bigoilict/share/BigOil/document_generator/datasets/documents_2021_12_28/24poi_20211228_164359_6961892356_600_800.png,24poi_20211228_164359_6961892356_600_800_mask.png,apesar
11,3,23,6,240,376,263,382,240,376,263,376,263,382,240,382,sub_line_text,table_text,table_0,courier,regular,7.0,24poi_20211228_164359_6961892356_600_800.png,/scratch/parceirosbr/bigoilict/share/BigOil/document_generator/datasets/documents_2021_12_28/24poi_20211228_164359_6961892356_600_800.png,24poi_20211228_164359_6961892356_600_800_mask.png,apesar
19,3,38,6,232,385,270,391,232,385,270,385,270,391,232,391,text,table_text,table_0,courier,regular,7.0,24poi_20211228_164359_6961892356_600_800.png,/scratch/parceirosbr/bigoilict/share/BigOil/document_generator/datasets/documents_2021_12_28/24poi_20211228_164359_6961892356_600_800.png,24poi_20211228_164359_6961892356_600_800_mask.png,cinéticade
19,3,38,6,232,385,270,391,232,385,270,385,270,391,232,391,sub_line_text,table_text,table_0,courier,regular,7.0,24poi_20211228_164359_6961892356_600_800.png,/scratch/parceirosbr/bigoilict/share/BigOil/document_generator/datasets/documents_2021_12_28/24poi_20211228_164359_6961892356_600_800.png,24poi_20211228_164359_6961892356_600_800_mask.png,cinéticade
4,3,8,6,248,395,256,401,248,395,256,395,256,401,248,401,text,table_text,table_0,courier,regular,7.0,24poi_20211228_164359_6961892356_600_800.png,/scratch/parceirosbr/bigoilict/share/BigOil/document_generator/datasets/documents_2021_12_28/24poi_20211228_164359_6961892356_600_800.png,24poi_20211228_164359_6961892356_600_800_mask.png,em
4,3,8,6,248,395,256,401,248,395,256,395,256,401,248,401,sub_line_text,table_text,table_0,courier,regular,7.0,24poi_20211228_164359_6961892356_600_800.png,/scratch/parceirosbr/bigoilict/share/BigOil/document_generator/datasets/documents_2021_12_28/24poi_20211228_164359_6961892356_600_800.png,24poi_20211228_164359_6961892356_600_800_mask.png,em
19,3,38,6,232,405,270,411,232,405,270,405,270,411,232,411,text,table_text,table_0,courier,regular,7.0,24poi_20211228_164359_6961892356_600_800.png,/scratch/parceirosbr/bigoilict/share/BigOil/document_generator/datasets/documents_2021_12_28/24poi_20211228_164359_6961892356_600_800.png,24poi_20211228_164359_6961892356_600_800_mask.png,diferentes
19,3,38,6,232,405,270,411,232,405,270,405,270,411,232,411,sub_line_text,table_text,table_0,courier,regular,7.0,24poi_20211228_164359_6961892356_600_800.png,/scratch/parceirosbr/bigoilict/share/BigOil/document_generator/datasets/documents_2021_12_28/24poi_20211228_164359_6961892356_600_800.png,24poi_20211228_164359_6961892356_600_800_mask.png,diferentes
9,3,19,6,242,415,261,421,242,415,261,415,261,421,242,421,text,table_text,table_0,courier,regular,7.0,24poi_20211228_164359_6961892356_600_800.png,/scratch/parceirosbr/bigoilict/share/BigOil/document_generator/datasets/documents_2021_12_28/24poi_20211228_164359_6961892356_600_800.png,24poi_20211228_164359_6961892356_600_800_mask.png,atual
9,3,19,6,242,415,261,421,242,415,261,415,261,421,242,421,sub_line_text,table_text,table_0,courier,regular,7.0,24poi_20211228_164359_6961892356_600_800.png,/scratch/parceirosbr/bigoilict/share/BigOil/document_generator/datasets/documents_2021_12_28/24poi_20211228_164359_6961892356_600_800.png,24poi_20211228_164359_6961892356_600_800_mask.png,atual
11,3,23,6,240,424,263,430,240,424,263,424,263,430,240,430,text,table_text,table_0,courier,regular,7.0,24poi_20211228_164359_6961892356_600_800.png,/scratch/parceirosbr/bigoilict/share/BigOil/document_generator/datasets/documents_2021_12_28/24poi_20211228_164359_6961892356_600_800.png,24poi_20211228_164359_6961892356_600_800_mask.png,preços
11,3,23,6,240,424,263,430,240,424,263,424,263,430,240,430,sub_line_text,table_text,table_0,courier,regular,7.0,24poi_20211228_164359_6961892356_600_800.png,/scratch/parceirosbr/bigoilict/share/BigOil/document_generator/datasets/documents_2021_12_28/24poi_20211228_164359_6961892356_600_800.png,24poi_20211228_164359_6961892356_600_800_mask.png,preços
7,3,15,6,244,434,259,440,244,434,259,434,259,440,244,440,text,table_text,table_0,courier,regular,7.0,24poi_20211228_164359_6961892356_600_800.png,/scratch/parceirosbr/bigoilict/share/BigOil/document_generator/datasets/documents_2021_12_28/24poi_20211228_164359_6961892356_600_800.png,24poi_20211228_164359_6961892356_600_800_mask.png,bico
7,3,15,6,244,434,259,440,244,434,259,434,259,440,244,440,sub_line_text,table_text,table_0,courier,regular,7.0,24poi_20211228_164359_6961892356_600_800.png,/scratch/parceirosbr/bigoilict/share/BigOil/document_generator/datasets/documents_2021_12_28/24poi_20211228_164359_6961892356_600_800.png,24poi_20211228_164359_6961892356_600_800_mask.png,bico
13,3,27,6,238,444,265,450,238,444,265,444,265,450,238,450,text,table_text,table_0,courier,regular,7.0,24poi_20211228_164359_6961892356_600_800.png,/scratch/parceirosbr/bigoilict/share/BigOil/document_generator/datasets/documents_2021_12_28/24poi_20211228_164359_6961892356_600_800.png,24poi_20211228_164359_6961892356_600_800_mask.png,elevada
13,3,27,6,238,444,265,450,238,444,265,444,265,450,238,450,sub_line_text,table_text,table_0,courier,regular,7.0,24poi_20211228_164359_6961892356_600_800.png,/scratch/parceirosbr/bigoilict/share/BigOil/document_generator/datasets/documents_2021_12_28/24poi_20211228_164359_6961892356_600_800.png,24poi_20211228_164359_6961892356_600_800_mask.png,elevada
15,3,31,6,236,454,267,460,236,454,267,454,267,460,236,460,text,table_text,table_0,courier,regular,7.0,24poi_20211228_164359_6961892356_600_800.png,/scratch/parceirosbr/bigoilict/share/BigOil/document_generator/datasets/documents_2021_12_28/24poi_20211228_164359_6961892356_600_800.png,24poi_20211228_164359_6961892356_600_800_mask.png,completa
15,3,31,6,236,454,267,460,236,454,267,454,267,460,236,460,sub_line_text,table_text,table_0,courier,regular,7.0,24poi_20211228_164359_6961892356_600_800.png,/scratch/parceirosbr/bigoilict/share/BigOil/document_generator/datasets/documents_2021_12_28/24poi_20211228_164359_6961892356_600_800.png,24poi_20211228_164359_6961892356_600_800_mask.png,completa
11,3,23,6,240,463,263,469,240,463,263,463,263,469,240,469,text,table_text,table_0,courier,regular,7.0,24poi_20211228_164359_6961892356_600_800.png,/scratch/parceirosbr/bigoilict/share/BigOil/document_generator/datasets/documents_2021_12_28/24poi_20211228_164359_6961892356_600_800.png,24poi_20211228_164359_6961892356_600_800_mask.png,demais
11,3,23,6,240,463,263,469,240,463,263,463,263,469,240,469,sub_line_text,table_text,table_0,courier,regular,7.0,24poi_20211228_164359_6961892356_600_800.png,/scratch/parceirosbr/bigoilict/share/BigOil/document_generator/datasets/documents_2021_12_28/24poi_20211228_164359_6961892356_600_800.png,24poi_20211228_164359_6961892356_600_800_mask.png,demais
17,3,34,6,234,473,268,479,234,473,268,473,268,479,234,479,text,table_text,table_0,courier,regular,7.0,24poi_20211228_164359_6961892356_600_800.png,/scratch/parceirosbr/bigoilict/share/BigOil/document_generator/datasets/documents_2021_12_28/24poi_20211228_164359_6961892356_600_800.png,24poi_20211228_164359_6961892356_600_800_mask.png,problemas
17,3,34,6,234,473,268,479,234,473,268,473,268,479,234,479,sub_line_text,table_text,table_0,courier,regular,7.0,24poi_20211228_164359_6961892356_600_800.png,/scratch/parceirosbr/bigoilict/share/BigOil/document_generator/datasets/documents_2021_12_28/24poi_20211228_164359_6961892356_600_800.png,24poi_20211228_164359_6961892356_600_800_mask.png,problemas
14,3,28,6,238,483,266,489,238,483,266,483,266,489,238,489,text,table_text,table_0,courier,italic,7.0,24poi_20211228_164359_6961892356_600_800.png,/scratch/parceirosbr/bigoilict/share/BigOil/document_generator/datasets/documents_2021_12_28/24poi_20211228_164359_6961892356_600_800.png,24poi_20211228_164359_6961892356_600_800_mask.png,relação
14,3,28,6,238,483,266,489,238,483,266,483,266,489,238,489,sub_line_text,table_text,table_0,courier,italic,7.0,24poi_20211228_164359_6961892356_600_800.png,/scratch/parceirosbr/bigoilict/share/BigOil/document_generator/datasets/documents_2021_12_28/24poi_20211228_164359_6961892356_600_800.png,24poi_20211228_164359_6961892356_600_800_mask.png,relação
82,3,164,7,57,498,221,505,57,498,221,498,221,505,57,505,sub_line_text,table_legend,table_0,arial,regular,6,24poi_20211228_164359_6961892356_600_800.png,/scratch/parceirosbr/bigoilict/share/BigOil/document_generator/datasets/documents_2021_12_28/24poi_20211228_164359_6961892356_600_800.png,24poi_20211228_164359_6961892356_600_800_mask.png,Tab. 92: In evidenced that the quantity of tungsten oxide alter t
82,3,164,7,57,498,221,505,57,498,221,498,221,505,57,505,text,table_legend,table_0,arial,regular,6,24poi_20211228_164359_6961892356_600_800.png,/scratch/parceirosbr/bigoilict/share/BigOil/document_generator/datasets/documents_2021_12_28/24poi_20211228_164359_6961892356_600_800.png,24poi_20211228_164359_6961892356_600_800_mask.png,nan
77,3,154,7,57,506,211,513,57,506,211,506,211,513,57,513,sub_line_text,table_legend,table_0,arial,regular,6,24poi_20211228_164359_6961892356_600_800.png,/scratch/parceirosbr/bigoilict/share/BigOil/document_generator/datasets/documents_2021_12_28/24poi_20211228_164359_6961892356_600_800.png,24poi_20211228_164359_6961892356_600_800_mask.png,Tab. 126: Os mecanismos de associação iniciam-se à medi
77,3,154,7,57,506,211,513,57,506,211,506,211,513,57,513,text,table_legend,table_0,arial,regular,6,24poi_20211228_164359_6961892356_600_800.png,/scratch/parceirosbr/bigoilict/share/BigOil/document_generator/datasets/documents_2021_12_28/24poi_20211228_164359_6961892356_600_800.png,24poi_20211228_164359_6961892356_600_800_mask.png,nan
61,61,122,122,111,528,233,650,111,528,233,528,233,650,111,650,image,figure_image,figure_1,,,,24poi_20211228_164359_6961892356_600_800.png,/scratch/parceirosbr/bigoilict/share/BigOil/document_generator/datasets/documents_2021_12_28/24poi_20211228_164359_6961892356_600_800.png,24poi_20211228_164359_6961892356_600_800_mask.png,output/gen_img_20211228_164407_3134755890.png
4,-6,8,-13,197,636,205,623,197,621,209,636,205,639,193,623,text,figure_text,figure_1,,,,24poi_20211228_164359_6961892356_600_800.png,/scratch/parceirosbr/bigoilict/share/BigOil/document_generator/datasets/documents_2021_12_28/24poi_20211228_164359_6961892356_600_800.png,24poi_20211228_164359_6961892356_600_800_mask.png,-9253.320
4,-6,8,-13,197,636,205,623,197,621,209,636,205,639,193,623,sub_line_text,figure_text,figure_1,,,,24poi_20211228_164359_6961892356_600_800.png,/scratch/parceirosbr/bigoilict/share/BigOil/document_generator/datasets/documents_2021_12_28/24poi_20211228_164359_6961892356_600_800.png,24poi_20211228_164359_6961892356_600_800_mask.png,-9253.320
9,-12,19,-25,121,567,140,542,121,539,144,567,140,570,117,542,text,figure_text,figure_1,,,,24poi_20211228_164359_6961892356_600_800.png,/scratch/parceirosbr/bigoilict/share/BigOil/document_generator/datasets/documents_2021_12_28/24poi_20211228_164359_6961892356_600_800.png,24poi_20211228_164359_6961892356_600_800_mask.png,Consumption (TB)
9,-12,19,-25,121,567,140,542,121,539,144,567,140,570,117,542,sub_line_text,figure_text,figure_1,,,,24poi_20211228_164359_6961892356_600_800.png,/scratch/parceirosbr/bigoilict/share/BigOil/document_generator/datasets/documents_2021_12_28/24poi_20211228_164359_6961892356_600_800.png,24poi_20211228_164359_6961892356_600_800_mask.png,Consumption (TB)
1,-3,3,-6,154,640,157,634,154,631,161,640,157,643,150,634,text,figure_text,figure_1,,,,24poi_20211228_164359_6961892356_600_800.png,/scratch/parceirosbr/bigoilict/share/BigOil/document_generator/datasets/documents_2021_12_28/24poi_20211228_164359_6961892356_600_800.png,24poi_20211228_164359_6961892356_600_800_mask.png,-7488
1,-3,3,-6,154,640,157,634,154,631,161,640,157,643,150,634,sub_line_text,figure_text,figure_1,,,,24poi_20211228_164359_6961892356_600_800.png,/scratch/parceirosbr/bigoilict/share/BigOil/document_generator/datasets/documents_2021_12_28/24poi_20211228_164359_6961892356_600_800.png,24poi_20211228_164359_6961892356_600_800_mask.png,-7488
3,-5,7,-11,163,597,170,586,163,583,174,597,170,600,159,586,text,figure_text,figure_1,,,,24poi_20211228_164359_6961892356_600_800.png,/scratch/parceirosbr/bigoilict/share/BigOil/document_generator/datasets/documents_2021_12_28/24poi_20211228_164359_6961892356_600_800.png,24poi_20211228_164359_6961892356_600_800_mask.png,-7903.2%
3,-5,7,-11,163,597,170,586,163,583,174,597,170,600,159,586,sub_line_text,figure_text,figure_1,,,,24poi_20211228_164359_6961892356_600_800.png,/scratch/parceirosbr/bigoilict/share/BigOil/document_generator/datasets/documents_2021_12_28/24poi_20211228_164359_6961892356_600_800.png,24poi_20211228_164359_6961892356_600_800_mask.png,-7903.2%
2,-3,4,-7,118,635,122,628,118,625,126,635,122,638,114,628,text,figure_text,figure_1,,,,24poi_20211228_164359_6961892356_600_800.png,/scratch/parceirosbr/bigoilict/share/BigOil/document_generator/datasets/documents_2021_12_28/24poi_20211228_164359_6961892356_600_800.png,24poi_20211228_164359_6961892356_600_800_mask.png,Export
2,-3,4,-7,118,635,122,628,118,625,126,635,122,638,114,628,sub_line_text,figure_text,figure_1,,,,24poi_20211228_164359_6961892356_600_800.png,/scratch/parceirosbr/bigoilict/share/BigOil/document_generator/datasets/documents_2021_12_28/24poi_20211228_164359_6961892356_600_800.png,24poi_20211228_164359_6961892356_600_800_mask.png,Export
2,-4,5,-9,218,640,223,631,218,628,228,640,223,644,214,631,text,figure_text,figure_1,,,,24poi_20211228_164359_6961892356_600_800.png,/scratch/parceirosbr/bigoilict/share/BigOil/document_generator/datasets/documents_2021_12_28/24poi_20211228_164359_6961892356_600_800.png,24poi_20211228_164359_6961892356_600_800_mask.png,Voltage
2,-4,5,-9,218,640,223,631,218,628,228,640,223,644,214,631,sub_line_text,figure_text,figure_1,,,,24poi_20211228_164359_6961892356_600_800.png,/scratch/parceirosbr/bigoilict/share/BigOil/document_generator/datasets/documents_2021_12_28/24poi_20211228_164359_6961892356_600_800.png,24poi_20211228_164359_6961892356_600_800_mask.png,Voltage
2,-4,5,-8,220,567,225,559,220,556,229,567,225,570,216,559,text,figure_text,figure_1,,,,24poi_20211228_164359_6961892356_600_800.png,/scratch/parceirosbr/bigoilict/share/BigOil/document_generator/datasets/documents_2021_12_28/24poi_20211228_164359_6961892356_600_800.png,24poi_20211228_164359_6961892356_600_800_mask.png,-5618%
2,-4,5,-8,220,567,225,559,220,556,229,567,225,570,216,559,sub_line_text,figure_text,figure_1,,,,24poi_20211228_164359_6961892356_600_800.png,/scratch/parceirosbr/bigoilict/share/BigOil/document_generator/datasets/documents_2021_12_28/24poi_20211228_164359_6961892356_600_800.png,24poi_20211228_164359_6961892356_600_800_mask.png,-5618%
5,-8,10,-16,211,609,221,593,211,590,225,609,221,612,207,593,text,figure_text,figure_1,,,,24poi_20211228_164359_6961892356_600_800.png,/scratch/parceirosbr/bigoilict/share/BigOil/document_generator/datasets/documents_2021_12_28/24poi_20211228_164359_6961892356_600_800.png,24poi_20211228_164359_6961892356_600_800_mask.png,Gender [BL]
5,-8,10,-16,211,609,221,593,211,590,225,609,221,612,207,593,sub_line_text,figure_text,figure_1,,,,24poi_20211228_164359_6961892356_600_800.png,/scratch/parceirosbr/bigoilict/share/BigOil/document_generator/datasets/documents_2021_12_28/24poi_20211228_164359_6961892356_600_800.png,24poi_20211228_164359_6961892356_600_800_mask.png,Gender [BL]
2,-4,5,-8,209,545,214,537,209,534,218,545,214,548,205,537,text,figure_text,figure_1,,,,24poi_20211228_164359_6961892356_600_800.png,/scratch/parceirosbr/bigoilict/share/BigOil/document_generator/datasets/documents_2021_12_28/24poi_20211228_164359_6961892356_600_800.png,24poi_20211228_164359_6961892356_600_800_mask.png,-9212%
2,-4,5,-8,209,545,214,537,209,534,218,545,214,548,205,537,sub_line_text,figure_text,figure_1,,,,24poi_20211228_164359_6961892356_600_800.png,/scratch/parceirosbr/bigoilict/share/BigOil/document_generator/datasets/documents_2021_12_28/24poi_20211228_164359_6961892356_600_800.png,24poi_20211228_164359_6961892356_600_800_mask.png,-9212%
2,-4,5,-8,167,577,172,569,167,566,175,577,172,580,163,569,text,figure_text,figure_1,,,,24poi_20211228_164359_6961892356_600_800.png,/scratch/parceirosbr/bigoilict/share/BigOil/document_generator/datasets/documents_2021_12_28/24poi_20211228_164359_6961892356_600_800.png,24poi_20211228_164359_6961892356_600_800_mask.png,-7224%
2,-4,5,-8,167,577,172,569,167,566,175,577,172,580,163,569,sub_line_text,figure_text,figure_1,,,,24poi_20211228_164359_6961892356_600_800.png,/scratch/parceirosbr/bigoilict/share/BigOil/document_generator/datasets/documents_2021_12_28/24poi_20211228_164359_6961892356_600_800.png,24poi_20211228_164359_6961892356_600_800_mask.png,-7224%
5,-8,11,-16,167,549,178,533,167,530,182,549,178,552,163,533,text,figure_text,figure_1,,,,24poi_20211228_164359_6961892356_600_800.png,/scratch/parceirosbr/bigoilict/share/BigOil/document_generator/datasets/documents_2021_12_28/24poi_20211228_164359_6961892356_600_800.png,24poi_20211228_164359_6961892356_600_800_mask.png,Volume [TB]
5,-8,11,-16,167,549,178,533,167,530,182,549,178,552,163,533,sub_line_text,figure_text,figure_1,,,,24poi_20211228_164359_6961892356_600_800.png,/scratch/parceirosbr/bigoilict/share/BigOil/document_generator/datasets/documents_2021_12_28/24poi_20211228_164359_6961892356_600_800.png,24poi_20211228_164359_6961892356_600_800_mask.png,Volume [TB]
2,-4,5,-8,133,597,138,589,133,586,142,597,138,600,129,589,text,figure_text,figure_1,,,,24poi_20211228_164359_6961892356_600_800.png,/scratch/parceirosbr/bigoilict/share/BigOil/document_generator/datasets/documents_2021_12_28/24poi_20211228_164359_6961892356_600_800.png,24poi_20211228_164359_6961892356_600_800_mask.png,-6903.1
2,-4,5,-8,133,597,138,589,133,586,142,597,138,600,129,589,sub_line_text,figure_text,figure_1,,,,24poi_20211228_164359_6961892356_600_800.png,/scratch/parceirosbr/bigoilict/share/BigOil/document_generator/datasets/documents_2021_12_28/24poi_20211228_164359_6961892356_600_800.png,24poi_20211228_164359_6961892356_600_800_mask.png,-6903.1
95,3,190,7,57,655,247,662,57,655,247,655,247,662,57,662,sub_line_text,figure_legend,figure_1,arial,regular,6,24poi_20211228_164359_6961892356_600_800.png,/scratch/parceirosbr/bigoilict/share/BigOil/document_generator/datasets/documents_2021_12_28/24poi_20211228_164359_6961892356_600_800.png,24poi_20211228_164359_6961892356_600_800_mask.png,"Figura 88: General  of  on  474  /  GABIN  /  SEAE  /  MF,  of  August"
59,3,118,7,88,664,206,671,88,664,206,664,206,671,88,671,sub_line_text,figure_legend,figure_1,arial,regular,6,24poi_20211228_164359_6961892356_600_800.png,/scratch/parceirosbr/bigoilict/share/BigOil/document_generator/datasets/documents_2021_12_28/24poi_20211228_164359_6961892356_600_800.png,24poi_20211228_164359_6961892356_600_800_mask.png,"23, 2013, which forwarded on 212 / COGEN /"
95,8,190,16,57,655,247,671,57,655,247,655,247,671,57,671,text,figure_legend,figure_1,arial,regular,6,24poi_20211228_164359_6961892356_600_800.png,/scratch/parceirosbr/bigoilict/share/BigOil/document_generator/datasets/documents_2021_12_28/24poi_20211228_164359_6961892356_600_800.png,24poi_20211228_164359_6961892356_600_800_mask.png,nan
83,3,167,7,57,672,224,679,57,672,224,672,224,679,57,679,sub_line_text,figure_legend,figure_1,arial,regular,6,24poi_20211228_164359_6961892356_600_800.png,/scratch/parceirosbr/bigoilict/share/BigOil/document_generator/datasets/documents_2021_12_28/24poi_20211228_164359_6961892356_600_800.png,24poi_20211228_164359_6961892356_600_800_mask.png,Figura 119: Controlador    que   é   um   computador   industrial
57,3,114,7,91,681,205,688,91,681,205,681,205,688,91,688,sub_line_text,figure_legend,figure_1,arial,regular,6,24poi_20211228_164359_6961892356_600_800.png,/scratch/parceirosbr/bigoilict/share/BigOil/document_generator/datasets/documents_2021_12_28/24poi_20211228_164359_6961892356_600_800.png,24poi_20211228_164359_6961892356_600_800_mask.png,responsável pelo controle de todo o sistema.
83,8,167,16,57,672,224,688,57,672,224,672,224,688,57,688,text,figure_legend,figure_1,arial,regular,6,24poi_20211228_164359_6961892356_600_800.png,/scratch/parceirosbr/bigoilict/share/BigOil/document_generator/datasets/documents_2021_12_28/24poi_20211228_164359_6961892356_600_800.png,24poi_20211228_164359_6961892356_600_800_mask.png,nan
112,128,225,257,329,87,554,344,329,87,554,87,554,344,329,344,table,table_image,table_0,,,,24poi_20211228_164359_6961892356_600_800.png,/scratch/parceirosbr/bigoilict/share/BigOil/document_generator/datasets/documents_2021_12_28/24poi_20211228_164359_6961892356_600_800.png,24poi_20211228_164359_6961892356_600_800_mask.png,output/gen_tab_20211228_164409_3198610256.png
6,4,13,8,338,93,351,101,338,93,351,93,351,101,338,101,text,table_text,table_0,opensans,regular,7.0,24poi_20211228_164359_6961892356_600_800.png,/scratch/parceirosbr/bigoilict/share/BigOil/document_generator/datasets/documents_2021_12_28/24poi_20211228_164359_6961892356_600_800.png,24poi_20211228_164359_6961892356_600_800_mask.png,caso
6,4,13,8,338,93,351,101,338,93,351,93,351,101,338,101,sub_line_text,table_text,table_0,opensans,regular,7.0,24poi_20211228_164359_6961892356_600_800.png,/scratch/parceirosbr/bigoilict/share/BigOil/document_generator/datasets/documents_2021_12_28/24poi_20211228_164359_6961892356_600_800.png,24poi_20211228_164359_6961892356_600_800_mask.png,caso
8,4,17,8,334,112,351,120,334,112,351,112,351,120,334,120,text,table_text,table_0,opensans,regular,7.0,24poi_20211228_164359_6961892356_600_800.png,/scratch/parceirosbr/bigoilict/share/BigOil/document_generator/datasets/documents_2021_12_28/24poi_20211228_164359_6961892356_600_800.png,24poi_20211228_164359_6961892356_600_800_mask.png,119.7
8,4,17,8,334,112,351,120,334,112,351,112,351,120,334,120,sub_line_text,table_text,table_0,opensans,regular,7.0,24poi_20211228_164359_6961892356_600_800.png,/scratch/parceirosbr/bigoilict/share/BigOil/document_generator/datasets/documents_2021_12_28/24poi_20211228_164359_6961892356_600_800.png,24poi_20211228_164359_6961892356_600_800_mask.png,119.7
6,4,13,8,338,124,351,132,338,124,351,124,351,132,338,132,text,table_text,table_0,opensans,regular,7.0,24poi_20211228_164359_6961892356_600_800.png,/scratch/parceirosbr/bigoilict/share/BigOil/document_generator/datasets/documents_2021_12_28/24poi_20211228_164359_6961892356_600_800.png,24poi_20211228_164359_6961892356_600_800_mask.png,55.6
6,4,13,8,338,124,351,132,338,124,351,124,351,132,338,132,sub_line_text,table_text,table_0,opensans,regular,7.0,24poi_20211228_164359_6961892356_600_800.png,/scratch/parceirosbr/bigoilict/share/BigOil/document_generator/datasets/documents_2021_12_28/24poi_20211228_164359_6961892356_600_800.png,24poi_20211228_164359_6961892356_600_800_mask.png,55.6
6,4,13,8,338,136,351,144,338,136,351,136,351,144,338,144,text,table_text,table_0,opensans,regular,7.0,24poi_20211228_164359_6961892356_600_800.png,/scratch/parceirosbr/bigoilict/share/BigOil/document_generator/datasets/documents_2021_12_28/24poi_20211228_164359_6961892356_600_800.png,24poi_20211228_164359_6961892356_600_800_mask.png,13.7
6,4,13,8,338,136,351,144,338,136,351,136,351,144,338,144,sub_line_text,table_text,table_0,opensans,regular,7.0,24poi_20211228_164359_6961892356_600_800.png,/scratch/parceirosbr/bigoilict/share/BigOil/document_generator/datasets/documents_2021_12_28/24poi_20211228_164359_6961892356_600_800.png,24poi_20211228_164359_6961892356_600_800_mask.png,13.7
6,4,13,8,338,147,351,155,338,147,351,147,351,155,338,155,text,table_text,table_0,opensans,regular,7.0,24poi_20211228_164359_6961892356_600_800.png,/scratch/parceirosbr/bigoilict/share/BigOil/document_generator/datasets/documents_2021_12_28/24poi_20211228_164359_6961892356_600_800.png,24poi_20211228_164359_6961892356_600_800_mask.png,33.1
6,4,13,8,338,147,351,155,338,147,351,147,351,155,338,155,sub_line_text,table_text,table_0,opensans,regular,7.0,24poi_20211228_164359_6961892356_600_800.png,/scratch/parceirosbr/bigoilict/share/BigOil/document_generator/datasets/documents_2021_12_28/24poi_20211228_164359_6961892356_600_800.png,24poi_20211228_164359_6961892356_600_800_mask.png,33.1
6,4,13,8,338,159,351,167,338,159,351,159,351,167,338,167,text,table_text,table_0,opensans,regular,7.0,24poi_20211228_164359_6961892356_600_800.png,/scratch/parceirosbr/bigoilict/share/BigOil/document_generator/datasets/documents_2021_12_28/24poi_20211228_164359_6961892356_600_800.png,24poi_20211228_164359_6961892356_600_800_mask.png,93.2
6,4,13,8,338,159,351,167,338,159,351,159,351,167,338,167,sub_line_text,table_text,table_0,opensans,regular,7.0,24poi_20211228_164359_6961892356_600_800.png,/scratch/parceirosbr/bigoilict/share/BigOil/document_generator/datasets/documents_2021_12_28/24poi_20211228_164359_6961892356_600_800.png,24poi_20211228_164359_6961892356_600_800_mask.png,93.2
6,4,13,8,338,171,351,179,338,171,351,171,351,179,338,179,text,table_text,table_0,opensans,regular,7.0,24poi_20211228_164359_6961892356_600_800.png,/scratch/parceirosbr/bigoilict/share/BigOil/document_generator/datasets/documents_2021_12_28/24poi_20211228_164359_6961892356_600_800.png,24poi_20211228_164359_6961892356_600_800_mask.png,47.7
6,4,13,8,338,171,351,179,338,171,351,171,351,179,338,179,sub_line_text,table_text,table_0,opensans,regular,7.0,24poi_20211228_164359_6961892356_600_800.png,/scratch/parceirosbr/bigoilict/share/BigOil/document_generator/datasets/documents_2021_12_28/24poi_20211228_164359_6961892356_600_800.png,24poi_20211228_164359_6961892356_600_800_mask.png,47.7
8,4,17,8,334,183,351,191,334,183,351,183,351,191,334,191,text,table_text,table_0,opensans,regular,7.0,24poi_20211228_164359_6961892356_600_800.png,/scratch/parceirosbr/bigoilict/share/BigOil/document_generator/datasets/documents_2021_12_28/24poi_20211228_164359_6961892356_600_800.png,24poi_20211228_164359_6961892356_600_800_mask.png,202.8
8,4,17,8,334,183,351,191,334,183,351,183,351,191,334,191,sub_line_text,table_text,table_0,opensans,regular,7.0,24poi_20211228_164359_6961892356_600_800.png,/scratch/parceirosbr/bigoilict/share/BigOil/document_generator/datasets/documents_2021_12_28/24poi_20211228_164359_6961892356_600_800.png,24poi_20211228_164359_6961892356_600_800_mask.png,202.8
6,4,13,8,338,194,351,202,338,194,351,194,351,202,338,202,text,table_text,table_0,opensans,regular,7.0,24poi_20211228_164359_6961892356_600_800.png,/scratch/parceirosbr/bigoilict/share/BigOil/document_generator/datasets/documents_2021_12_28/24poi_20211228_164359_6961892356_600_800.png,24poi_20211228_164359_6961892356_600_800_mask.png,83.9
6,4,13,8,338,194,351,202,338,194,351,194,351,202,338,202,sub_line_text,table_text,table_0,opensans,regular,7.0,24poi_20211228_164359_6961892356_600_800.png,/scratch/parceirosbr/bigoilict/share/BigOil/document_generator/datasets/documents_2021_12_28/24poi_20211228_164359_6961892356_600_800.png,24poi_20211228_164359_6961892356_600_800_mask.png,83.9
6,4,13,8,338,206,351,214,338,206,351,206,351,214,338,214,text,table_text,table_0,opensans,regular,7.0,24poi_20211228_164359_6961892356_600_800.png,/scratch/parceirosbr/bigoilict/share/BigOil/document_generator/datasets/documents_2021_12_28/24poi_20211228_164359_6961892356_600_800.png,24poi_20211228_164359_6961892356_600_800_mask.png,63.9
6,4,13,8,338,206,351,214,338,206,351,206,351,214,338,214,sub_line_text,table_text,table_0,opensans,regular,7.0,24poi_20211228_164359_6961892356_600_800.png,/scratch/parceirosbr/bigoilict/share/BigOil/document_generator/datasets/documents_2021_12_28/24poi_20211228_164359_6961892356_600_800.png,24poi_20211228_164359_6961892356_600_800_mask.png,63.9
6,4,13,8,338,218,351,226,338,218,351,218,351,226,338,226,text,table_text,table_0,opensans,regular,7.0,24poi_20211228_164359_6961892356_600_800.png,/scratch/parceirosbr/bigoilict/share/BigOil/document_generator/datasets/documents_2021_12_28/24poi_20211228_164359_6961892356_600_800.png,24poi_20211228_164359_6961892356_600_800_mask.png,69.7
6,4,13,8,338,218,351,226,338,218,351,218,351,226,338,226,sub_line_text,table_text,table_0,opensans,regular,7.0,24poi_20211228_164359_6961892356_600_800.png,/scratch/parceirosbr/bigoilict/share/BigOil/document_generator/datasets/documents_2021_12_28/24poi_20211228_164359_6961892356_600_800.png,24poi_20211228_164359_6961892356_600_800_mask.png,69.7
6,4,13,8,338,230,351,238,338,230,351,230,351,238,338,238,text,table_text,table_0,opensans,regular,7.0,24poi_20211228_164359_6961892356_600_800.png,/scratch/parceirosbr/bigoilict/share/BigOil/document_generator/datasets/documents_2021_12_28/24poi_20211228_164359_6961892356_600_800.png,24poi_20211228_164359_6961892356_600_800_mask.png,67.3
6,4,13,8,338,230,351,238,338,230,351,230,351,238,338,238,sub_line_text,table_text,table_0,opensans,regular,7.0,24poi_20211228_164359_6961892356_600_800.png,/scratch/parceirosbr/bigoilict/share/BigOil/document_generator/datasets/documents_2021_12_28/24poi_20211228_164359_6961892356_600_800.png,24poi_20211228_164359_6961892356_600_800_mask.png,67.3
6,4,13,8,338,241,351,249,338,241,351,241,351,249,338,249,text,table_text,table_0,opensans,regular,7.0,24poi_20211228_164359_6961892356_600_800.png,/scratch/parceirosbr/bigoilict/share/BigOil/document_generator/datasets/documents_2021_12_28/24poi_20211228_164359_6961892356_600_800.png,24poi_20211228_164359_6961892356_600_800_mask.png,99.5
6,4,13,8,338,241,351,249,338,241,351,241,351,249,338,249,sub_line_text,table_text,table_0,opensans,regular,7.0,24poi_20211228_164359_6961892356_600_800.png,/scratch/parceirosbr/bigoilict/share/BigOil/document_generator/datasets/documents_2021_12_28/24poi_20211228_164359_6961892356_600_800.png,24poi_20211228_164359_6961892356_600_800_mask.png,99.5
8,4,17,8,334,253,351,261,334,253,351,253,351,261,334,261,text,table_text,table_0,opensans,regular,7.0,24poi_20211228_164359_6961892356_600_800.png,/scratch/parceirosbr/bigoilict/share/BigOil/document_generator/datasets/documents_2021_12_28/24poi_20211228_164359_6961892356_600_800.png,24poi_20211228_164359_6961892356_600_800_mask.png,372.9
8,4,17,8,334,253,351,261,334,253,351,253,351,261,334,261,sub_line_text,table_text,table_0,opensans,regular,7.0,24poi_20211228_164359_6961892356_600_800.png,/scratch/parceirosbr/bigoilict/share/BigOil/document_generator/datasets/documents_2021_12_28/24poi_20211228_164359_6961892356_600_800.png,24poi_20211228_164359_6961892356_600_800_mask.png,372.9
6,4,13,8,338,265,351,273,338,265,351,265,351,273,338,273,text,table_text,table_0,opensans,regular,7.0,24poi_20211228_164359_6961892356_600_800.png,/scratch/parceirosbr/bigoilict/share/BigOil/document_generator/datasets/documents_2021_12_28/24poi_20211228_164359_6961892356_600_800.png,24poi_20211228_164359_6961892356_600_800_mask.png,62.4
6,4,13,8,338,265,351,273,338,265,351,265,351,273,338,273,sub_line_text,table_text,table_0,opensans,regular,7.0,24poi_20211228_164359_6961892356_600_800.png,/scratch/parceirosbr/bigoilict/share/BigOil/document_generator/datasets/documents_2021_12_28/24poi_20211228_164359_6961892356_600_800.png,24poi_20211228_164359_6961892356_600_800_mask.png,62.4
6,4,13,8,338,277,351,285,338,277,351,277,351,285,338,285,text,table_text,table_0,opensans,regular,7.0,24poi_20211228_164359_6961892356_600_800.png,/scratch/parceirosbr/bigoilict/share/BigOil/document_generator/datasets/documents_2021_12_28/24poi_20211228_164359_6961892356_600_800.png,24poi_20211228_164359_6961892356_600_800_mask.png,90.1
6,4,13,8,338,277,351,285,338,277,351,277,351,285,338,285,sub_line_text,table_text,table_0,opensans,regular,7.0,24poi_20211228_164359_6961892356_600_800.png,/scratch/parceirosbr/bigoilict/share/BigOil/document_generator/datasets/documents_2021_12_28/24poi_20211228_164359_6961892356_600_800.png,24poi_20211228_164359_6961892356_600_800_mask.png,90.1
8,4,17,8,334,289,351,297,334,289,351,289,351,297,334,297,text,table_text,table_0,opensans,regular,7.0,24poi_20211228_164359_6961892356_600_800.png,/scratch/parceirosbr/bigoilict/share/BigOil/document_generator/datasets/documents_2021_12_28/24poi_20211228_164359_6961892356_600_800.png,24poi_20211228_164359_6961892356_600_800_mask.png,956.6
8,4,17,8,334,289,351,297,334,289,351,289,351,297,334,297,sub_line_text,table_text,table_0,opensans,regular,7.0,24poi_20211228_164359_6961892356_600_800.png,/scratch/parceirosbr/bigoilict/share/BigOil/document_generator/datasets/documents_2021_12_28/24poi_20211228_164359_6961892356_600_800.png,24poi_20211228_164359_6961892356_600_800_mask.png,956.6
8,4,17,8,334,300,351,308,334,300,351,300,351,308,334,308,text,table_text,table_0,opensans,regular,7.0,24poi_20211228_164359_6961892356_600_800.png,/scratch/parceirosbr/bigoilict/share/BigOil/document_generator/datasets/documents_2021_12_28/24poi_20211228_164359_6961892356_600_800.png,24poi_20211228_164359_6961892356_600_800_mask.png,673.7
8,4,17,8,334,300,351,308,334,300,351,300,351,308,334,308,sub_line_text,table_text,table_0,opensans,regular,7.0,24poi_20211228_164359_6961892356_600_800.png,/scratch/parceirosbr/bigoilict/share/BigOil/document_generator/datasets/documents_2021_12_28/24poi_20211228_164359_6961892356_600_800.png,24poi_20211228_164359_6961892356_600_800_mask.png,673.7
6,4,13,8,338,312,351,320,338,312,351,312,351,320,338,320,text,table_text,table_0,opensans,regular,7.0,24poi_20211228_164359_6961892356_600_800.png,/scratch/parceirosbr/bigoilict/share/BigOil/document_generator/datasets/documents_2021_12_28/24poi_20211228_164359_6961892356_600_800.png,24poi_20211228_164359_6961892356_600_800_mask.png,93.0
6,4,13,8,338,312,351,320,338,312,351,312,351,320,338,320,sub_line_text,table_text,table_0,opensans,regular,7.0,24poi_20211228_164359_6961892356_600_800.png,/scratch/parceirosbr/bigoilict/share/BigOil/document_generator/datasets/documents_2021_12_28/24poi_20211228_164359_6961892356_600_800.png,24poi_20211228_164359_6961892356_600_800_mask.png,93.0
6,4,13,8,338,324,351,332,338,324,351,324,351,332,338,332,text,table_text,table_0,opensans,regular,7.0,24poi_20211228_164359_6961892356_600_800.png,/scratch/parceirosbr/bigoilict/share/BigOil/document_generator/datasets/documents_2021_12_28/24poi_20211228_164359_6961892356_600_800.png,24poi_20211228_164359_6961892356_600_800_mask.png,99.8
6,4,13,8,338,324,351,332,338,324,351,324,351,332,338,332,sub_line_text,table_text,table_0,opensans,regular,7.0,24poi_20211228_164359_6961892356_600_800.png,/scratch/parceirosbr/bigoilict/share/BigOil/document_generator/datasets/documents_2021_12_28/24poi_20211228_164359_6961892356_600_800.png,24poi_20211228_164359_6961892356_600_800_mask.png,99.8
19,4,38,8,429,93,467,101,429,93,467,93,467,101,429,101,text,table_text,table_0,opensans,regular,7.0,24poi_20211228_164359_6961892356_600_800.png,/scratch/parceirosbr/bigoilict/share/BigOil/document_generator/datasets/documents_2021_12_28/24poi_20211228_164359_6961892356_600_800.png,24poi_20211228_164359_6961892356_600_800_mask.png,absorvância
19,4,38,8,429,93,467,101,429,93,467,93,467,101,429,101,sub_line_text,table_text,table_0,opensans,regular,7.0,24poi_20211228_164359_6961892356_600_800.png,/scratch/parceirosbr/bigoilict/share/BigOil/document_generator/datasets/documents_2021_12_28/24poi_20211228_164359_6961892356_600_800.png,24poi_20211228_164359_6961892356_600_800_mask.png,absorvância
7,4,15,8,386,112,401,120,386,112,401,112,401,120,386,120,text,table_text,table_0,opensans,regular,7.0,24poi_20211228_164359_6961892356_600_800.png,/scratch/parceirosbr/bigoilict/share/BigOil/document_generator/datasets/documents_2021_12_28/24poi_20211228_164359_6961892356_600_800.png,24poi_20211228_164359_6961892356_600_800_mask.png,2542
7,4,15,8,386,112,401,120,386,112,401,112,401,120,386,120,sub_line_text,table_text,table_0,opensans,regular,7.0,24poi_20211228_164359_6961892356_600_800.png,/scratch/parceirosbr/bigoilict/share/BigOil/document_generator/datasets/documents_2021_12_28/24poi_20211228_164359_6961892356_600_800.png,24poi_20211228_164359_6961892356_600_800_mask.png,2542
11,4,23,8,378,124,401,132,378,124,401,124,401,132,378,132,text,table_text,table_0,opensans,regular,7.0,24poi_20211228_164359_6961892356_600_800.png,/scratch/parceirosbr/bigoilict/share/BigOil/document_generator/datasets/documents_2021_12_28/24poi_20211228_164359_6961892356_600_800.png,24poi_20211228_164359_6961892356_600_800_mask.png,135362
11,4,23,8,378,124,401,132,378,124,401,124,401,132,378,132,sub_line_text,table_text,table_0,opensans,regular,7.0,24poi_20211228_164359_6961892356_600_800.png,/scratch/parceirosbr/bigoilict/share/BigOil/document_generator/datasets/documents_2021_12_28/24poi_20211228_164359_6961892356_600_800.png,24poi_20211228_164359_6961892356_600_800_mask.png,135362
13,4,27,8,374,136,401,144,374,136,401,136,401,144,374,144,text,table_text,table_0,opensans,regular,7.0,24poi_20211228_164359_6961892356_600_800.png,/scratch/parceirosbr/bigoilict/share/BigOil/document_generator/datasets/documents_2021_12_28/24poi_20211228_164359_6961892356_600_800.png,24poi_20211228_164359_6961892356_600_800_mask.png,4952684
13,4,27,8,374,136,401,144,374,136,401,136,401,144,374,144,sub_line_text,table_text,table_0,opensans,regular,7.0,24poi_20211228_164359_6961892356_600_800.png,/scratch/parceirosbr/bigoilict/share/BigOil/document_generator/datasets/documents_2021_12_28/24poi_20211228_164359_6961892356_600_800.png,24poi_20211228_164359_6961892356_600_800_mask.png,4952684
9,4,19,8,382,147,401,155,382,147,401,147,401,155,382,155,text,table_text,table_0,opensans,regular,7.0,24poi_20211228_164359_6961892356_600_800.png,/scratch/parceirosbr/bigoilict/share/BigOil/document_generator/datasets/documents_2021_12_28/24poi_20211228_164359_6961892356_600_800.png,24poi_20211228_164359_6961892356_600_800_mask.png,69528
9,4,19,8,382,147,401,155,382,147,401,147,401,155,382,155,sub_line_text,table_text,table_0,opensans,regular,7.0,24poi_20211228_164359_6961892356_600_800.png,/scratch/parceirosbr/bigoilict/share/BigOil/document_generator/datasets/documents_2021_12_28/24poi_20211228_164359_6961892356_600_800.png,24poi_20211228_164359_6961892356_600_800_mask.png,69528
5,4,11,8,390,159,401,167,390,159,401,159,401,167,390,167,text,table_text,table_0,opensans,regular,7.0,24poi_20211228_164359_6961892356_600_800.png,/scratch/parceirosbr/bigoilict/share/BigOil/document_generator/datasets/documents_2021_12_28/24poi_20211228_164359_6961892356_600_800.png,24poi_20211228_164359_6961892356_600_800_mask.png,606
5,4,11,8,390,159,401,167,390,159,401,159,401,167,390,167,sub_line_text,table_text,table_0,opensans,regular,7.0,24poi_20211228_164359_6961892356_600_800.png,/scratch/parceirosbr/bigoilict/share/BigOil/document_generator/datasets/documents_2021_12_28/24poi_20211228_164359_6961892356_600_800.png,24poi_20211228_164359_6961892356_600_800_mask.png,606
9,4,19,8,382,171,401,179,382,171,401,171,401,179,382,179,text,table_text,table_0,opensans,regular,7.0,24poi_20211228_164359_6961892356_600_800.png,/scratch/parceirosbr/bigoilict/share/BigOil/document_generator/datasets/documents_2021_12_28/24poi_20211228_164359_6961892356_600_800.png,24poi_20211228_164359_6961892356_600_800_mask.png,95748
9,4,19,8,382,171,401,179,382,171,401,171,401,179,382,179,sub_line_text,table_text,table_0,opensans,regular,7.0,24poi_20211228_164359_6961892356_600_800.png,/scratch/parceirosbr/bigoilict/share/BigOil/document_generator/datasets/documents_2021_12_28/24poi_20211228_164359_6961892356_600_800.png,24poi_20211228_164359_6961892356_600_800_mask.png,95748
9,4,19,8,382,183,401,191,382,183,401,183,401,191,382,191,text,table_text,table_0,opensans,regular,7.0,24poi_20211228_164359_6961892356_600_800.png,/scratch/parceirosbr/bigoilict/share/BigOil/document_generator/datasets/documents_2021_12_28/24poi_20211228_164359_6961892356_600_800.png,24poi_20211228_164359_6961892356_600_800_mask.png,94460
9,4,19,8,382,183,401,191,382,183,401,183,401,191,382,191,sub_line_text,table_text,table_0,opensans,regular,7.0,24poi_20211228_164359_6961892356_600_800.png,/scratch/parceirosbr/bigoilict/share/BigOil/document_generator/datasets/documents_2021_12_28/24poi_20211228_164359_6961892356_600_800.png,24poi_20211228_164359_6961892356_600_800_mask.png,94460
11,4,23,8,378,194,401,202,378,194,401,194,401,202,378,202,text,table_text,table_0,opensans,regular,7.0,24poi_20211228_164359_6961892356_600_800.png,/scratch/parceirosbr/bigoilict/share/BigOil/document_generator/datasets/documents_2021_12_28/24poi_20211228_164359_6961892356_600_800.png,24poi_20211228_164359_6961892356_600_800_mask.png,757982
11,4,23,8,378,194,401,202,378,194,401,194,401,202,378,202,sub_line_text,table_text,table_0,opensans,regular,7.0,24poi_20211228_164359_6961892356_600_800.png,/scratch/parceirosbr/bigoilict/share/BigOil/document_generator/datasets/documents_2021_12_28/24poi_20211228_164359_6961892356_600_800.png,24poi_20211228_164359_6961892356_600_800_mask.png,757982
11,4,23,8,378,206,401,214,378,206,401,206,401,214,378,214,text,table_text,table_0,opensans,regular,7.0,24poi_20211228_164359_6961892356_600_800.png,/scratch/parceirosbr/bigoilict/share/BigOil/document_generator/datasets/documents_2021_12_28/24poi_20211228_164359_6961892356_600_800.png,24poi_20211228_164359_6961892356_600_800_mask.png,583897
11,4,23,8,378,206,401,214,378,206,401,206,401,214,378,214,sub_line_text,table_text,table_0,opensans,regular,7.0,24poi_20211228_164359_6961892356_600_800.png,/scratch/parceirosbr/bigoilict/share/BigOil/document_generator/datasets/documents_2021_12_28/24poi_20211228_164359_6961892356_600_800.png,24poi_20211228_164359_6961892356_600_800_mask.png,583897
11,4,23,8,378,218,401,226,378,218,401,218,401,226,378,226,text,table_text,table_0,opensans,regular,7.0,24poi_20211228_164359_6961892356_600_800.png,/scratch/parceirosbr/bigoilict/share/BigOil/document_generator/datasets/documents_2021_12_28/24poi_20211228_164359_6961892356_600_800.png,24poi_20211228_164359_6961892356_600_800_mask.png,159737
11,4,23,8,378,218,401,226,378,218,401,218,401,226,378,226,sub_line_text,table_text,table_0,opensans,regular,7.0,24poi_20211228_164359_6961892356_600_800.png,/scratch/parceirosbr/bigoilict/share/BigOil/document_generator/datasets/documents_2021_12_28/24poi_20211228_164359_6961892356_600_800.png,24poi_20211228_164359_6961892356_600_800_mask.png,159737
9,4,19,8,382,230,401,238,382,230,401,230,401,238,382,238,text,table_text,table_0,opensans,regular,7.0,24poi_20211228_164359_6961892356_600_800.png,/scratch/parceirosbr/bigoilict/share/BigOil/document_generator/datasets/documents_2021_12_28/24poi_20211228_164359_6961892356_600_800.png,24poi_20211228_164359_6961892356_600_800_mask.png,16088
9,4,19,8,382,230,401,238,382,230,401,230,401,238,382,238,sub_line_text,table_text,table_0,opensans,regular,7.0,24poi_20211228_164359_6961892356_600_800.png,/scratch/parceirosbr/bigoilict/share/BigOil/document_generator/datasets/documents_2021_12_28/24poi_20211228_164359_6961892356_600_800.png,24poi_20211228_164359_6961892356_600_800_mask.png,16088
11,4,23,8,378,241,401,249,378,241,401,241,401,249,378,249,text,table_text,table_0,opensans,regular,7.0,24poi_20211228_164359_6961892356_600_800.png,/scratch/parceirosbr/bigoilict/share/BigOil/document_generator/datasets/documents_2021_12_28/24poi_20211228_164359_6961892356_600_800.png,24poi_20211228_164359_6961892356_600_800_mask.png,420125
11,4,23,8,378,241,401,249,378,241,401,241,401,249,378,249,sub_line_text,table_text,table_0,opensans,regular,7.0,24poi_20211228_164359_6961892356_600_800.png,/scratch/parceirosbr/bigoilict/share/BigOil/document_generator/datasets/documents_2021_12_28/24poi_20211228_164359_6961892356_600_800.png,24poi_20211228_164359_6961892356_600_800_mask.png,420125
13,4,27,8,374,253,401,261,374,253,401,253,401,261,374,261,text,table_text,table_0,opensans,regular,7.0,24poi_20211228_164359_6961892356_600_800.png,/scratch/parceirosbr/bigoilict/share/BigOil/document_generator/datasets/documents_2021_12_28/24poi_20211228_164359_6961892356_600_800.png,24poi_20211228_164359_6961892356_600_800_mask.png,2046534
13,4,27,8,374,253,401,261,374,253,401,253,401,261,374,261,sub_line_text,table_text,table_0,opensans,regular,7.0,24poi_20211228_164359_6961892356_600_800.png,/scratch/parceirosbr/bigoilict/share/BigOil/document_generator/datasets/documents_2021_12_28/24poi_20211228_164359_6961892356_600_800.png,24poi_20211228_164359_6961892356_600_800_mask.png,2046534
9,4,19,8,382,265,401,273,382,265,401,265,401,273,382,273,text,table_text,table_0,opensans,regular,7.0,24poi_20211228_164359_6961892356_600_800.png,/scratch/parceirosbr/bigoilict/share/BigOil/document_generator/datasets/documents_2021_12_28/24poi_20211228_164359_6961892356_600_800.png,24poi_20211228_164359_6961892356_600_800_mask.png,50483
9,4,19,8,382,265,401,273,382,265,401,265,401,273,382,273,sub_line_text,table_text,table_0,opensans,regular,7.0,24poi_20211228_164359_6961892356_600_800.png,/scratch/parceirosbr/bigoilict/share/BigOil/document_generator/datasets/documents_2021_12_28/24poi_20211228_164359_6961892356_600_800.png,24poi_20211228_164359_6961892356_600_800_mask.png,50483
13,4,27,8,374,277,401,285,374,277,401,277,401,285,374,285,text,table_text,table_0,opensans,regular,7.0,24poi_20211228_164359_6961892356_600_800.png,/scratch/parceirosbr/bigoilict/share/BigOil/document_generator/datasets/documents_2021_12_28/24poi_20211228_164359_6961892356_600_800.png,24poi_20211228_164359_6961892356_600_800_mask.png,5221710
13,4,27,8,374,277,401,285,374,277,401,277,401,285,374,285,sub_line_text,table_text,table_0,opensans,regular,7.0,24poi_20211228_164359_6961892356_600_800.png,/scratch/parceirosbr/bigoilict/share/BigOil/document_generator/datasets/documents_2021_12_28/24poi_20211228_164359_6961892356_600_800.png,24poi_20211228_164359_6961892356_600_800_mask.png,5221710
5,4,11,8,390,289,401,297,390,289,401,289,401,297,390,297,text,table_text,table_0,opensans,regular,7.0,24poi_20211228_164359_6961892356_600_800.png,/scratch/parceirosbr/bigoilict/share/BigOil/document_generator/datasets/documents_2021_12_28/24poi_20211228_164359_6961892356_600_800.png,24poi_20211228_164359_6961892356_600_800_mask.png,769
5,4,11,8,390,289,401,297,390,289,401,289,401,297,390,297,sub_line_text,table_text,table_0,opensans,regular,7.0,24poi_20211228_164359_6961892356_600_800.png,/scratch/parceirosbr/bigoilict/share/BigOil/document_generator/datasets/documents_2021_12_28/24poi_20211228_164359_6961892356_600_800.png,24poi_20211228_164359_6961892356_600_800_mask.png,769
5,4,11,8,390,300,401,308,390,300,401,300,401,308,390,308,text,table_text,table_0,opensans,regular,7.0,24poi_20211228_164359_6961892356_600_800.png,/scratch/parceirosbr/bigoilict/share/BigOil/document_generator/datasets/documents_2021_12_28/24poi_20211228_164359_6961892356_600_800.png,24poi_20211228_164359_6961892356_600_800_mask.png,909
5,4,11,8,390,300,401,308,390,300,401,300,401,308,390,308,sub_line_text,table_text,table_0,opensans,regular,7.0,24poi_20211228_164359_6961892356_600_800.png,/scratch/parceirosbr/bigoilict/share/BigOil/document_generator/datasets/documents_2021_12_28/24poi_20211228_164359_6961892356_600_800.png,24poi_20211228_164359_6961892356_600_800_mask.png,909
11,4,23,8,378,312,401,320,378,312,401,312,401,320,378,320,text,table_text,table_0,opensans,regular,7.0,24poi_20211228_164359_6961892356_600_800.png,/scratch/parceirosbr/bigoilict/share/BigOil/document_generator/datasets/documents_2021_12_28/24poi_20211228_164359_6961892356_600_800.png,24poi_20211228_164359_6961892356_600_800_mask.png,377972
11,4,23,8,378,312,401,320,378,312,401,312,401,320,378,320,sub_line_text,table_text,table_0,opensans,regular,7.0,24poi_20211228_164359_6961892356_600_800.png,/scratch/parceirosbr/bigoilict/share/BigOil/document_generator/datasets/documents_2021_12_28/24poi_20211228_164359_6961892356_600_800.png,24poi_20211228_164359_6961892356_600_800_mask.png,377972
9,4,19,8,382,324,401,332,382,324,401,324,401,332,382,332,text,table_text,table_0,opensans,regular,7.0,24poi_20211228_164359_6961892356_600_800.png,/scratch/parceirosbr/bigoilict/share/BigOil/document_generator/datasets/documents_2021_12_28/24poi_20211228_164359_6961892356_600_800.png,24poi_20211228_164359_6961892356_600_800_mask.png,49409
9,4,19,8,382,324,401,332,382,324,401,324,401,332,382,332,sub_line_text,table_text,table_0,opensans,regular,7.0,24poi_20211228_164359_6961892356_600_800.png,/scratch/parceirosbr/bigoilict/share/BigOil/document_generator/datasets/documents_2021_12_28/24poi_20211228_164359_6961892356_600_800.png,24poi_20211228_164359_6961892356_600_800_mask.png,49409
23,4,46,8,420,112,466,120,420,112,466,112,466,120,420,120,text,table_text,table_0,opensans,regular,7.0,24poi_20211228_164359_6961892356_600_800.png,/scratch/parceirosbr/bigoilict/share/BigOil/document_generator/datasets/documents_2021_12_28/24poi_20211228_164359_6961892356_600_800.png,24poi_20211228_164359_6961892356_600_800_mask.png,137493479119
23,4,46,8,420,112,466,120,420,112,466,112,466,120,420,120,sub_line_text,table_text,table_0,opensans,regular,7.0,24poi_20211228_164359_6961892356_600_800.png,/scratch/parceirosbr/bigoilict/share/BigOil/document_generator/datasets/documents_2021_12_28/24poi_20211228_164359_6961892356_600_800.png,24poi_20211228_164359_6961892356_600_800_mask.png,137493479119
23,4,46,8,420,124,466,132,420,124,466,124,466,132,420,132,text,table_text,table_0,opensans,regular,7.0,24poi_20211228_164359_6961892356_600_800.png,/scratch/parceirosbr/bigoilict/share/BigOil/document_generator/datasets/documents_2021_12_28/24poi_20211228_164359_6961892356_600_800.png,24poi_20211228_164359_6961892356_600_800_mask.png,822713957264
23,4,46,8,420,124,466,132,420,124,466,124,466,132,420,132,sub_line_text,table_text,table_0,opensans,regular,7.0,24poi_20211228_164359_6961892356_600_800.png,/scratch/parceirosbr/bigoilict/share/BigOil/document_generator/datasets/documents_2021_12_28/24poi_20211228_164359_6961892356_600_800.png,24poi_20211228_164359_6961892356_600_800_mask.png,822713957264
19,4,39,8,428,136,467,144,428,136,467,136,467,144,428,144,text,table_text,table_0,opensans,regular,7.0,24poi_20211228_164359_6961892356_600_800.png,/scratch/parceirosbr/bigoilict/share/BigOil/document_generator/datasets/documents_2021_12_28/24poi_20211228_164359_6961892356_600_800.png,24poi_20211228_164359_6961892356_600_800_mask.png,6837236585
19,4,39,8,428,136,467,144,428,136,467,136,467,144,428,144,sub_line_text,table_text,table_0,opensans,regular,7.0,24poi_20211228_164359_6961892356_600_800.png,/scratch/parceirosbr/bigoilict/share/BigOil/document_generator/datasets/documents_2021_12_28/24poi_20211228_164359_6961892356_600_800.png,24poi_20211228_164359_6961892356_600_800_mask.png,6837236585
23,4,46,8,420,147,466,155,420,147,466,147,466,155,420,155,text,table_text,table_0,opensans,regular,7.0,24poi_20211228_164359_6961892356_600_800.png,/scratch/parceirosbr/bigoilict/share/BigOil/document_generator/datasets/documents_2021_12_28/24poi_20211228_164359_6961892356_600_800.png,24poi_20211228_164359_6961892356_600_800_mask.png,158312650943
23,4,46,8,420,147,466,155,420,147,466,147,466,155,420,155,sub_line_text,table_text,table_0,opensans,regular,7.0,24poi_20211228_164359_6961892356_600_800.png,/scratch/parceirosbr/bigoilict/share/BigOil/document_generator/datasets/documents_2021_12_28/24poi_20211228_164359_6961892356_600_800.png,24poi_20211228_164359_6961892356_600_800_mask.png,158312650943
19,4,39,8,428,159,467,167,428,159,467,159,467,167,428,167,text,table_text,table_0,opensans,regular,7.0,24poi_20211228_164359_6961892356_600_800.png,/scratch/parceirosbr/bigoilict/share/BigOil/document_generator/datasets/documents_2021_12_28/24poi_20211228_164359_6961892356_600_800.png,24poi_20211228_164359_6961892356_600_800_mask.png,9465875474
19,4,39,8,428,159,467,167,428,159,467,159,467,167,428,167,sub_line_text,table_text,table_0,opensans,regular,7.0,24poi_20211228_164359_6961892356_600_800.png,/scratch/parceirosbr/bigoilict/share/BigOil/document_generator/datasets/documents_2021_12_28/24poi_20211228_164359_6961892356_600_800.png,24poi_20211228_164359_6961892356_600_800_mask.png,9465875474
23,4,46,8,420,171,466,179,420,171,466,171,466,179,420,179,text,table_text,table_0,opensans,regular,7.0,24poi_20211228_164359_6961892356_600_800.png,/scratch/parceirosbr/bigoilict/share/BigOil/document_generator/datasets/documents_2021_12_28/24poi_20211228_164359_6961892356_600_800.png,24poi_20211228_164359_6961892356_600_800_mask.png,812117860368
23,4,46,8,420,171,466,179,420,171,466,171,466,179,420,179,sub_line_text,table_text,table_0,opensans,regular,7.0,24poi_20211228_164359_6961892356_600_800.png,/scratch/parceirosbr/bigoilict/share/BigOil/document_generator/datasets/documents_2021_12_28/24poi_20211228_164359_6961892356_600_800.png,24poi_20211228_164359_6961892356_600_800_mask.png,812117860368
23,4,46,8,420,183,466,191,420,183,466,183,466,191,420,191,text,table_text,table_0,opensans,regular,7.0,24poi_20211228_164359_6961892356_600_800.png,/scratch/parceirosbr/bigoilict/share/BigOil/document_generator/datasets/documents_2021_12_28/24poi_20211228_164359_6961892356_600_800.png,24poi_20211228_164359_6961892356_600_800_mask.png,874694578075
23,4,46,8,420,183,466,191,420,183,466,183,466,191,420,191,sub_line_text,table_text,table_0,opensans,regular,7.0,24poi_20211228_164359_6961892356_600_800.png,/scratch/parceirosbr/bigoilict/share/BigOil/document_generator/datasets/documents_2021_12_28/24poi_20211228_164359_6961892356_600_800.png,24poi_20211228_164359_6961892356_600_800_mask.png,874694578075
23,4,46,8,420,194,466,202,420,194,466,194,466,202,420,202,text,table_text,table_0,opensans,regular,7.0,24poi_20211228_164359_6961892356_600_800.png,/scratch/parceirosbr/bigoilict/share/BigOil/document_generator/datasets/documents_2021_12_28/24poi_20211228_164359_6961892356_600_800.png,24poi_20211228_164359_6961892356_600_800_mask.png,211016528016
23,4,46,8,420,194,466,202,420,194,466,194,466,202,420,202,sub_line_text,table_text,table_0,opensans,regular,7.0,24poi_20211228_164359_6961892356_600_800.png,/scratch/parceirosbr/bigoilict/share/BigOil/document_generator/datasets/documents_2021_12_28/24poi_20211228_164359_6961892356_600_800.png,24poi_20211228_164359_6961892356_600_800_mask.png,211016528016
21,4,43,8,424,206,467,214,424,206,467,206,467,214,424,214,text,table_text,table_0,opensans,regular,7.0,24poi_20211228_164359_6961892356_600_800.png,/scratch/parceirosbr/bigoilict/share/BigOil/document_generator/datasets/documents_2021_12_28/24poi_20211228_164359_6961892356_600_800.png,24poi_20211228_164359_6961892356_600_800_mask.png,72707226188
21,4,43,8,424,206,467,214,424,206,467,206,467,214,424,214,sub_line_text,table_text,table_0,opensans,regular,7.0,24poi_20211228_164359_6961892356_600_800.png,/scratch/parceirosbr/bigoilict/share/BigOil/document_generator/datasets/documents_2021_12_28/24poi_20211228_164359_6961892356_600_800.png,24poi_20211228_164359_6961892356_600_800_mask.png,72707226188
23,4,46,8,420,218,466,226,420,218,466,218,466,226,420,226,text,table_text,table_0,opensans,regular,7.0,24poi_20211228_164359_6961892356_600_800.png,/scratch/parceirosbr/bigoilict/share/BigOil/document_generator/datasets/documents_2021_12_28/24poi_20211228_164359_6961892356_600_800.png,24poi_20211228_164359_6961892356_600_800_mask.png,772370900379
23,4,46,8,420,218,466,226,420,218,466,218,466,226,420,226,sub_line_text,table_text,table_0,opensans,regular,7.0,24poi_20211228_164359_6961892356_600_800.png,/scratch/parceirosbr/bigoilict/share/BigOil/document_generator/datasets/documents_2021_12_28/24poi_20211228_164359_6961892356_600_800.png,24poi_20211228_164359_6961892356_600_800_mask.png,772370900379
23,4,46,8,420,230,466,238,420,230,466,230,466,238,420,238,text,table_text,table_0,opensans,regular,7.0,24poi_20211228_164359_6961892356_600_800.png,/scratch/parceirosbr/bigoilict/share/BigOil/document_generator/datasets/documents_2021_12_28/24poi_20211228_164359_6961892356_600_800.png,24poi_20211228_164359_6961892356_600_800_mask.png,700791233729
23,4,46,8,420,230,466,238,420,230,466,230,466,238,420,238,sub_line_text,table_text,table_0,opensans,regular,7.0,24poi_20211228_164359_6961892356_600_800.png,/scratch/parceirosbr/bigoilict/share/BigOil/document_generator/datasets/documents_2021_12_28/24poi_20211228_164359_6961892356_600_800.png,24poi_20211228_164359_6961892356_600_800_mask.png,700791233729
19,4,39,8,428,241,467,249,428,241,467,241,467,249,428,249,text,table_text,table_0,opensans,regular,7.0,24poi_20211228_164359_6961892356_600_800.png,/scratch/parceirosbr/bigoilict/share/BigOil/document_generator/datasets/documents_2021_12_28/24poi_20211228_164359_6961892356_600_800.png,24poi_20211228_164359_6961892356_600_800_mask.png,4015310664
19,4,39,8,428,241,467,249,428,241,467,241,467,249,428,249,sub_line_text,table_text,table_0,opensans,regular,7.0,24poi_20211228_164359_6961892356_600_800.png,/scratch/parceirosbr/bigoilict/share/BigOil/document_generator/datasets/documents_2021_12_28/24poi_20211228_164359_6961892356_600_800.png,24poi_20211228_164359_6961892356_600_800_mask.png,4015310664
19,4,39,8,428,253,467,261,428,253,467,253,467,261,428,261,text,table_text,table_0,opensans,regular,7.0,24poi_20211228_164359_6961892356_600_800.png,/scratch/parceirosbr/bigoilict/share/BigOil/document_generator/datasets/documents_2021_12_28/24poi_20211228_164359_6961892356_600_800.png,24poi_20211228_164359_6961892356_600_800_mask.png,3002835790
19,4,39,8,428,253,467,261,428,253,467,253,467,261,428,261,sub_line_text,table_text,table_0,opensans,regular,7.0,24poi_20211228_164359_6961892356_600_800.png,/scratch/parceirosbr/bigoilict/share/BigOil/document_generator/datasets/documents_2021_12_28/24poi_20211228_164359_6961892356_600_800.png,24poi_20211228_164359_6961892356_600_800_mask.png,3002835790
21,4,43,8,424,265,467,273,424,265,467,265,467,273,424,273,text,table_text,table_0,opensans,regular,7.0,24poi_20211228_164359_6961892356_600_800.png,/scratch/parceirosbr/bigoilict/share/BigOil/document_generator/datasets/documents_2021_12_28/24poi_20211228_164359_6961892356_600_800.png,24poi_20211228_164359_6961892356_600_800_mask.png,72144393376
21,4,43,8,424,265,467,273,424,265,467,265,467,273,424,273,sub_line_text,table_text,table_0,opensans,regular,7.0,24poi_20211228_164359_6961892356_600_800.png,/scratch/parceirosbr/bigoilict/share/BigOil/document_generator/datasets/documents_2021_12_28/24poi_20211228_164359_6961892356_600_800.png,24poi_20211228_164359_6961892356_600_800_mask.png,72144393376
19,4,39,8,428,277,467,285,428,277,467,277,467,285,428,285,text,table_text,table_0,opensans,regular,7.0,24poi_20211228_164359_6961892356_600_800.png,/scratch/parceirosbr/bigoilict/share/BigOil/document_generator/datasets/documents_2021_12_28/24poi_20211228_164359_6961892356_600_800.png,24poi_20211228_164359_6961892356_600_800_mask.png,8994878098
19,4,39,8,428,277,467,285,428,277,467,277,467,285,428,285,sub_line_text,table_text,table_0,opensans,regular,7.0,24poi_20211228_164359_6961892356_600_800.png,/scratch/parceirosbr/bigoilict/share/BigOil/document_generator/datasets/documents_2021_12_28/24poi_20211228_164359_6961892356_600_800.png,24poi_20211228_164359_6961892356_600_800_mask.png,8994878098
19,4,39,8,428,289,467,297,428,289,467,289,467,297,428,297,text,table_text,table_0,opensans,regular,7.0,24poi_20211228_164359_6961892356_600_800.png,/scratch/parceirosbr/bigoilict/share/BigOil/document_generator/datasets/documents_2021_12_28/24poi_20211228_164359_6961892356_600_800.png,24poi_20211228_164359_6961892356_600_800_mask.png,7079189444
19,4,39,8,428,289,467,297,428,289,467,289,467,297,428,297,sub_line_text,table_text,table_0,opensans,regular,7.0,24poi_20211228_164359_6961892356_600_800.png,/scratch/parceirosbr/bigoilict/share/BigOil/document_generator/datasets/documents_2021_12_28/24poi_20211228_164359_6961892356_600_800.png,24poi_20211228_164359_6961892356_600_800_mask.png,7079189444
21,4,43,8,424,300,467,308,424,300,467,300,467,308,424,308,text,table_text,table_0,opensans,regular,7.0,24poi_20211228_164359_6961892356_600_800.png,/scratch/parceirosbr/bigoilict/share/BigOil/document_generator/datasets/documents_2021_12_28/24poi_20211228_164359_6961892356_600_800.png,24poi_20211228_164359_6961892356_600_800_mask.png,76539691800
21,4,43,8,424,300,467,308,424,300,467,300,467,308,424,308,sub_line_text,table_text,table_0,opensans,regular,7.0,24poi_20211228_164359_6961892356_600_800.png,/scratch/parceirosbr/bigoilict/share/BigOil/document_generator/datasets/documents_2021_12_28/24poi_20211228_164359_6961892356_600_800.png,24poi_20211228_164359_6961892356_600_800_mask.png,76539691800
19,4,39,8,428,312,467,320,428,312,467,312,467,320,428,320,text,table_text,table_0,opensans,regular,7.0,24poi_20211228_164359_6961892356_600_800.png,/scratch/parceirosbr/bigoilict/share/BigOil/document_generator/datasets/documents_2021_12_28/24poi_20211228_164359_6961892356_600_800.png,24poi_20211228_164359_6961892356_600_800_mask.png,2779901162
19,4,39,8,428,312,467,320,428,312,467,312,467,320,428,320,sub_line_text,table_text,table_0,opensans,regular,7.0,24poi_20211228_164359_6961892356_600_800.png,/scratch/parceirosbr/bigoilict/share/BigOil/document_generator/datasets/documents_2021_12_28/24poi_20211228_164359_6961892356_600_800.png,24poi_20211228_164359_6961892356_600_800_mask.png,2779901162
21,4,43,8,424,324,467,332,424,324,467,324,467,332,424,332,text,table_text,table_0,opensans,regular,7.0,24poi_20211228_164359_6961892356_600_800.png,/scratch/parceirosbr/bigoilict/share/BigOil/document_generator/datasets/documents_2021_12_28/24poi_20211228_164359_6961892356_600_800.png,24poi_20211228_164359_6961892356_600_800_mask.png,92833321811
21,4,43,8,424,324,467,332,424,324,467,324,467,332,424,332,sub_line_text,table_text,table_0,opensans,regular,7.0,24poi_20211228_164359_6961892356_600_800.png,/scratch/parceirosbr/bigoilict/share/BigOil/document_generator/datasets/documents_2021_12_28/24poi_20211228_164359_6961892356_600_800.png,24poi_20211228_164359_6961892356_600_800_mask.png,92833321811
14,4,29,8,519,93,548,101,519,93,548,93,548,101,519,101,text,table_text,table_0,opensans,regular,7.0,24poi_20211228_164359_6961892356_600_800.png,/scratch/parceirosbr/bigoilict/share/BigOil/document_generator/datasets/documents_2021_12_28/24poi_20211228_164359_6961892356_600_800.png,24poi_20211228_164359_6961892356_600_800_mask.png,eficiência
14,4,29,8,519,93,548,101,519,93,548,93,548,101,519,101,sub_line_text,table_text,table_0,opensans,regular,7.0,24poi_20211228_164359_6961892356_600_800.png,/scratch/parceirosbr/bigoilict/share/BigOil/document_generator/datasets/documents_2021_12_28/24poi_20211228_164359_6961892356_600_800.png,24poi_20211228_164359_6961892356_600_800_mask.png,eficiência
26,4,52,8,496,112,548,120,496,112,548,112,548,120,496,120,text,table_text,table_0,opensans,regular,7.0,24poi_20211228_164359_6961892356_600_800.png,/scratch/parceirosbr/bigoilict/share/BigOil/document_generator/datasets/documents_2021_12_28/24poi_20211228_164359_6961892356_600_800.png,24poi_20211228_164359_6961892356_600_800_mask.png,3582308870.707
26,4,52,8,496,112,548,120,496,112,548,112,548,120,496,120,sub_line_text,table_text,table_0,opensans,regular,7.0,24poi_20211228_164359_6961892356_600_800.png,/scratch/parceirosbr/bigoilict/share/BigOil/document_generator/datasets/documents_2021_12_28/24poi_20211228_164359_6961892356_600_800.png,24poi_20211228_164359_6961892356_600_800_mask.png,3582308870.707
28,4,56,8,492,124,548,132,492,124,548,124,548,132,492,132,text,table_text,table_0,opensans,regular,7.0,24poi_20211228_164359_6961892356_600_800.png,/scratch/parceirosbr/bigoilict/share/BigOil/document_generator/datasets/documents_2021_12_28/24poi_20211228_164359_6961892356_600_800.png,24poi_20211228_164359_6961892356_600_800_mask.png,52875113305.746
28,4,56,8,492,124,548,132,492,124,548,124,548,132,492,132,sub_line_text,table_text,table_0,opensans,regular,7.0,24poi_20211228_164359_6961892356_600_800.png,/scratch/parceirosbr/bigoilict/share/BigOil/document_generator/datasets/documents_2021_12_28/24poi_20211228_164359_6961892356_600_800.png,24poi_20211228_164359_6961892356_600_800_mask.png,52875113305.746
26,4,52,8,496,136,548,144,496,136,548,136,548,144,496,144,text,table_text,table_0,opensans,regular,7.0,24poi_20211228_164359_6961892356_600_800.png,/scratch/parceirosbr/bigoilict/share/BigOil/document_generator/datasets/documents_2021_12_28/24poi_20211228_164359_6961892356_600_800.png,24poi_20211228_164359_6961892356_600_800_mask.png,2339029034.354
26,4,52,8,496,136,548,144,496,136,548,136,548,144,496,144,sub_line_text,table_text,table_0,opensans,regular,7.0,24poi_20211228_164359_6961892356_600_800.png,/scratch/parceirosbr/bigoilict/share/BigOil/document_generator/datasets/documents_2021_12_28/24poi_20211228_164359_6961892356_600_800.png,24poi_20211228_164359_6961892356_600_800_mask.png,2339029034.354
24,4,48,8,500,147,548,155,500,147,548,147,548,155,500,155,text,table_text,table_0,opensans,regular,7.0,24poi_20211228_164359_6961892356_600_800.png,/scratch/parceirosbr/bigoilict/share/BigOil/document_generator/datasets/documents_2021_12_28/24poi_20211228_164359_6961892356_600_800.png,24poi_20211228_164359_6961892356_600_800_mask.png,107345518.085
24,4,48,8,500,147,548,155,500,147,548,147,548,155,500,155,sub_line_text,table_text,table_0,opensans,regular,7.0,24poi_20211228_164359_6961892356_600_800.png,/scratch/parceirosbr/bigoilict/share/BigOil/document_generator/datasets/documents_2021_12_28/24poi_20211228_164359_6961892356_600_800.png,24poi_20211228_164359_6961892356_600_800_mask.png,107345518.085
24,4,48,8,500,159,548,167,500,159,548,159,548,167,500,167,text,table_text,table_0,opensans,regular,7.0,24poi_20211228_164359_6961892356_600_800.png,/scratch/parceirosbr/bigoilict/share/BigOil/document_generator/datasets/documents_2021_12_28/24poi_20211228_164359_6961892356_600_800.png,24poi_20211228_164359_6961892356_600_800_mask.png,703637403.527
24,4,48,8,500,159,548,167,500,159,548,159,548,167,500,167,sub_line_text,table_text,table_0,opensans,regular,7.0,24poi_20211228_164359_6961892356_600_800.png,/scratch/parceirosbr/bigoilict/share/BigOil/document_generator/datasets/documents_2021_12_28/24poi_20211228_164359_6961892356_600_800.png,24poi_20211228_164359_6961892356_600_800_mask.png,703637403.527
28,4,56,8,492,171,548,179,492,171,548,171,548,179,492,179,text,table_text,table_0,opensans,regular,7.0,24poi_20211228_164359_6961892356_600_800.png,/scratch/parceirosbr/bigoilict/share/BigOil/document_generator/datasets/documents_2021_12_28/24poi_20211228_164359_6961892356_600_800.png,24poi_20211228_164359_6961892356_600_800_mask.png,13596694614.329
28,4,56,8,492,171,548,179,492,171,548,171,548,179,492,179,sub_line_text,table_text,table_0,opensans,regular,7.0,24poi_20211228_164359_6961892356_600_800.png,/scratch/parceirosbr/bigoilict/share/BigOil/document_generator/datasets/documents_2021_12_28/24poi_20211228_164359_6961892356_600_800.png,24poi_20211228_164359_6961892356_600_800_mask.png,13596694614.329
26,4,52,8,496,183,548,191,496,183,548,183,548,191,496,191,text,table_text,table_0,opensans,regular,7.0,24poi_20211228_164359_6961892356_600_800.png,/scratch/parceirosbr/bigoilict/share/BigOil/document_generator/datasets/documents_2021_12_28/24poi_20211228_164359_6961892356_600_800.png,24poi_20211228_164359_6961892356_600_800_mask.png,1272257832.203
26,4,52,8,496,183,548,191,496,183,548,183,548,191,496,191,sub_line_text,table_text,table_0,opensans,regular,7.0,24poi_20211228_164359_6961892356_600_800.png,/scratch/parceirosbr/bigoilict/share/BigOil/document_generator/datasets/documents_2021_12_28/24poi_20211228_164359_6961892356_600_800.png,24poi_20211228_164359_6961892356_600_800_mask.png,1272257832.203
26,4,52,8,496,194,548,202,496,194,548,194,548,202,496,202,text,table_text,table_0,opensans,regular,7.0,24poi_20211228_164359_6961892356_600_800.png,/scratch/parceirosbr/bigoilict/share/BigOil/document_generator/datasets/documents_2021_12_28/24poi_20211228_164359_6961892356_600_800.png,24poi_20211228_164359_6961892356_600_800_mask.png,8712940819.525
26,4,52,8,496,194,548,202,496,194,548,194,548,202,496,202,sub_line_text,table_text,table_0,opensans,regular,7.0,24poi_20211228_164359_6961892356_600_800.png,/scratch/parceirosbr/bigoilict/share/BigOil/document_generator/datasets/documents_2021_12_28/24poi_20211228_164359_6961892356_600_800.png,24poi_20211228_164359_6961892356_600_800_mask.png,8712940819.525
24,4,48,8,500,206,548,214,500,206,548,206,548,214,500,214,text,table_text,table_0,opensans,regular,7.0,24poi_20211228_164359_6961892356_600_800.png,/scratch/parceirosbr/bigoilict/share/BigOil/document_generator/datasets/documents_2021_12_28/24poi_20211228_164359_6961892356_600_800.png,24poi_20211228_164359_6961892356_600_800_mask.png,915946311.271
24,4,48,8,500,206,548,214,500,206,548,206,548,214,500,214,sub_line_text,table_text,table_0,opensans,regular,7.0,24poi_20211228_164359_6961892356_600_800.png,/scratch/parceirosbr/bigoilict/share/BigOil/document_generator/datasets/documents_2021_12_28/24poi_20211228_164359_6961892356_600_800.png,24poi_20211228_164359_6961892356_600_800_mask.png,915946311.271
26,4,52,8,496,218,548,226,496,218,548,218,548,226,496,226,text,table_text,table_0,opensans,regular,7.0,24poi_20211228_164359_6961892356_600_800.png,/scratch/parceirosbr/bigoilict/share/BigOil/document_generator/datasets/documents_2021_12_28/24poi_20211228_164359_6961892356_600_800.png,24poi_20211228_164359_6961892356_600_800_mask.png,3227680580.254
26,4,52,8,496,218,548,226,496,218,548,218,548,226,496,226,sub_line_text,table_text,table_0,opensans,regular,7.0,24poi_20211228_164359_6961892356_600_800.png,/scratch/parceirosbr/bigoilict/share/BigOil/document_generator/datasets/documents_2021_12_28/24poi_20211228_164359_6961892356_600_800.png,24poi_20211228_164359_6961892356_600_800_mask.png,3227680580.254
24,4,48,8,500,230,548,238,500,230,548,230,548,238,500,238,text,table_text,table_0,opensans,regular,7.0,24poi_20211228_164359_6961892356_600_800.png,/scratch/parceirosbr/bigoilict/share/BigOil/document_generator/datasets/documents_2021_12_28/24poi_20211228_164359_6961892356_600_800.png,24poi_20211228_164359_6961892356_600_800_mask.png,245653108.327
24,4,48,8,500,230,548,238,500,230,548,230,548,238,500,238,sub_line_text,table_text,table_0,opensans,regular,7.0,24poi_20211228_164359_6961892356_600_800.png,/scratch/parceirosbr/bigoilict/share/BigOil/document_generator/datasets/documents_2021_12_28/24poi_20211228_164359_6961892356_600_800.png,24poi_20211228_164359_6961892356_600_800_mask.png,245653108.327
26,4,52,8,496,241,548,249,496,241,548,241,548,249,496,249,text,table_text,table_0,opensans,regular,7.0,24poi_20211228_164359_6961892356_600_800.png,/scratch/parceirosbr/bigoilict/share/BigOil/document_generator/datasets/documents_2021_12_28/24poi_20211228_164359_6961892356_600_800.png,24poi_20211228_164359_6961892356_600_800_mask.png,6740100203.147
26,4,52,8,496,241,548,249,496,241,548,241,548,249,496,249,sub_line_text,table_text,table_0,opensans,regular,7.0,24poi_20211228_164359_6961892356_600_800.png,/scratch/parceirosbr/bigoilict/share/BigOil/document_generator/datasets/documents_2021_12_28/24poi_20211228_164359_6961892356_600_800.png,24poi_20211228_164359_6961892356_600_800_mask.png,6740100203.147
24,4,48,8,500,253,548,261,500,253,548,253,548,261,500,261,text,table_text,table_0,opensans,regular,7.0,24poi_20211228_164359_6961892356_600_800.png,/scratch/parceirosbr/bigoilict/share/BigOil/document_generator/datasets/documents_2021_12_28/24poi_20211228_164359_6961892356_600_800.png,24poi_20211228_164359_6961892356_600_800_mask.png,931811408.562
24,4,48,8,500,253,548,261,500,253,548,253,548,261,500,261,sub_line_text,table_text,table_0,opensans,regular,7.0,24poi_20211228_164359_6961892356_600_800.png,/scratch/parceirosbr/bigoilict/share/BigOil/document_generator/datasets/documents_2021_12_28/24poi_20211228_164359_6961892356_600_800.png,24poi_20211228_164359_6961892356_600_800_mask.png,931811408.562
24,4,48,8,500,265,548,273,500,265,548,265,548,273,500,273,text,table_text,table_0,opensans,regular,7.0,24poi_20211228_164359_6961892356_600_800.png,/scratch/parceirosbr/bigoilict/share/BigOil/document_generator/datasets/documents_2021_12_28/24poi_20211228_164359_6961892356_600_800.png,24poi_20211228_164359_6961892356_600_800_mask.png,287164204.873
24,4,48,8,500,265,548,273,500,265,548,265,548,273,500,273,sub_line_text,table_text,table_0,opensans,regular,7.0,24poi_20211228_164359_6961892356_600_800.png,/scratch/parceirosbr/bigoilict/share/BigOil/document_generator/datasets/documents_2021_12_28/24poi_20211228_164359_6961892356_600_800.png,24poi_20211228_164359_6961892356_600_800_mask.png,287164204.873
28,4,56,8,492,277,548,285,492,277,548,277,548,285,492,285,text,table_text,table_0,opensans,regular,7.0,24poi_20211228_164359_6961892356_600_800.png,/scratch/parceirosbr/bigoilict/share/BigOil/document_generator/datasets/documents_2021_12_28/24poi_20211228_164359_6961892356_600_800.png,24poi_20211228_164359_6961892356_600_800_mask.png,16985042415.940
28,4,56,8,492,277,548,285,492,277,548,277,548,285,492,285,sub_line_text,table_text,table_0,opensans,regular,7.0,24poi_20211228_164359_6961892356_600_800.png,/scratch/parceirosbr/bigoilict/share/BigOil/document_generator/datasets/documents_2021_12_28/24poi_20211228_164359_6961892356_600_800.png,24poi_20211228_164359_6961892356_600_800_mask.png,16985042415.940
28,4,56,8,492,289,548,297,492,289,548,289,548,297,492,297,text,table_text,table_0,opensans,regular,7.0,24poi_20211228_164359_6961892356_600_800.png,/scratch/parceirosbr/bigoilict/share/BigOil/document_generator/datasets/documents_2021_12_28/24poi_20211228_164359_6961892356_600_800.png,24poi_20211228_164359_6961892356_600_800_mask.png,46966192942.701
28,4,56,8,492,289,548,297,492,289,548,289,548,297,492,297,sub_line_text,table_text,table_0,opensans,regular,7.0,24poi_20211228_164359_6961892356_600_800.png,/scratch/parceirosbr/bigoilict/share/BigOil/document_generator/datasets/documents_2021_12_28/24poi_20211228_164359_6961892356_600_800.png,24poi_20211228_164359_6961892356_600_800_mask.png,46966192942.701
28,4,56,8,492,300,548,308,492,300,548,300,548,308,492,308,text,table_text,table_0,opensans,regular,7.0,24poi_20211228_164359_6961892356_600_800.png,/scratch/parceirosbr/bigoilict/share/BigOil/document_generator/datasets/documents_2021_12_28/24poi_20211228_164359_6961892356_600_800.png,24poi_20211228_164359_6961892356_600_800_mask.png,83243424970.526
28,4,56,8,492,300,548,308,492,300,548,300,548,308,492,308,sub_line_text,table_text,table_0,opensans,regular,7.0,24poi_20211228_164359_6961892356_600_800.png,/scratch/parceirosbr/bigoilict/share/BigOil/document_generator/datasets/documents_2021_12_28/24poi_20211228_164359_6961892356_600_800.png,24poi_20211228_164359_6961892356_600_800_mask.png,83243424970.526
28,4,56,8,492,312,548,320,492,312,548,312,548,320,492,320,text,table_text,table_0,opensans,regular,7.0,24poi_20211228_164359_6961892356_600_800.png,/scratch/parceirosbr/bigoilict/share/BigOil/document_generator/datasets/documents_2021_12_28/24poi_20211228_164359_6961892356_600_800.png,24poi_20211228_164359_6961892356_600_800_mask.png,24849137037.887
28,4,56,8,492,312,548,320,492,312,548,312,548,320,492,320,sub_line_text,table_text,table_0,opensans,regular,7.0,24poi_20211228_164359_6961892356_600_800.png,/scratch/parceirosbr/bigoilict/share/BigOil/document_generator/datasets/documents_2021_12_28/24poi_20211228_164359_6961892356_600_800.png,24poi_20211228_164359_6961892356_600_800_mask.png,24849137037.887
26,4,52,8,496,324,548,332,496,324,548,324,548,332,496,332,text,table_text,table_0,opensans,regular,7.0,24poi_20211228_164359_6961892356_600_800.png,/scratch/parceirosbr/bigoilict/share/BigOil/document_generator/datasets/documents_2021_12_28/24poi_20211228_164359_6961892356_600_800.png,24poi_20211228_164359_6961892356_600_800_mask.png,9216898318.167
26,4,52,8,496,324,548,332,496,324,548,324,548,332,496,332,sub_line_text,table_text,table_0,opensans,regular,7.0,24poi_20211228_164359_6961892356_600_800.png,/scratch/parceirosbr/bigoilict/share/BigOil/document_generator/datasets/documents_2021_12_28/24poi_20211228_164359_6961892356_600_800.png,24poi_20211228_164359_6961892356_600_800_mask.png,9216898318.167
95,3,190,7,327,349,517,356,327,349,517,349,517,356,327,356,sub_line_text,table_legend,table_0,arial,regular,6,24poi_20211228_164359_6961892356_600_800.png,/scratch/parceirosbr/bigoilict/share/BigOil/document_generator/datasets/documents_2021_12_28/24poi_20211228_164359_6961892356_600_800.png,24poi_20211228_164359_6961892356_600_800_mask.png,Table 95: Com   conversões   médias   entre   19%  e  22%  de  clorom-
11,3,22,7,355,358,377,365,355,358,377,358,377,365,355,365,sub_line_text,table_legend,table_0,arial,regular,6,24poi_20211228_164359_6961892356_600_800.png,/scratch/parceirosbr/bigoilict/share/BigOil/document_generator/datasets/documents_2021_12_28/24poi_20211228_164359_6961892356_600_800.png,24poi_20211228_164359_6961892356_600_800_mask.png,"etano, o"
95,8,190,16,327,349,517,365,327,349,517,349,517,365,327,365,text,table_legend,table_0,arial,regular,6,24poi_20211228_164359_6961892356_600_800.png,/scratch/parceirosbr/bigoilict/share/BigOil/document_generator/datasets/documents_2021_12_28/24poi_20211228_164359_6961892356_600_800.png,24poi_20211228_164359_6961892356_600_800_mask.png,nan
94,3,189,7,327,368,516,375,327,368,516,368,516,375,327,375,sub_line_text,table_legend,table_0,arial,regular,6,24poi_20211228_164359_6961892356_600_800.png,/scratch/parceirosbr/bigoilict/share/BigOil/document_generator/datasets/documents_2021_12_28/24poi_20211228_164359_6961892356_600_800.png,24poi_20211228_164359_6961892356_600_800_mask.png,Table 143: A   bolha   com   diâmetro   maior  sobe  com  maior  veloci-
81,3,163,7,358,377,521,384,358,377,521,377,521,384,358,384,sub_line_text,table_legend,table_0,arial,regular,6,24poi_20211228_164359_6961892356_600_800.png,/scratch/parceirosbr/bigoilict/share/BigOil/document_generator/datasets/documents_2021_12_28/24poi_20211228_164359_6961892356_600_800.png,24poi_20211228_164359_6961892356_600_800_mask.png,dade   em   relação   a   de  diâmetro  menor.  3.5.2  de  uma.
26,3,53,7,358,386,411,393,358,386,411,386,411,393,358,393,sub_line_text,table_legend,table_0,arial,regular,6,24poi_20211228_164359_6961892356_600_800.png,/scratch/parceirosbr/bigoilict/share/BigOil/document_generator/datasets/documents_2021_12_28/24poi_20211228_164359_6961892356_600_800.png,24poi_20211228_164359_6961892356_600_800_mask.png,Figure 19 shows the
97,12,194,25,327,368,521,393,327,368,521,368,521,393,327,393,text,table_legend,table_0,arial,regular,6,24poi_20211228_164359_6961892356_600_800.png,/scratch/parceirosbr/bigoilict/share/BigOil/document_generator/datasets/documents_2021_12_28/24poi_20211228_164359_6961892356_600_800.png,24poi_20211228_164359_6961892356_600_800_mask.png,nan
112,106,224,213,330,408,554,621,330,408,554,408,554,621,330,621,table,table_image,table_0,,,,24poi_20211228_164359_6961892356_600_800.png,/scratch/parceirosbr/bigoilict/share/BigOil/document_generator/datasets/documents_2021_12_28/24poi_20211228_164359_6961892356_600_800.png,24poi_20211228_164359_6961892356_600_800_mask.png,output/gen_tab_20211228_164412_2162042426.png
12,3,24,6,338,413,362,419,338,413,362,413,362,419,338,419,text,table_text,table_0,courier,italic,7.0,24poi_20211228_164359_6961892356_600_800.png,/scratch/parceirosbr/bigoilict/share/BigOil/document_generator/datasets/documents_2021_12_28/24poi_20211228_164359_6961892356_600_800.png,24poi_20211228_164359_6961892356_600_800_mask.png,grande
12,3,24,6,338,413,362,419,338,413,362,413,362,419,338,419,sub_line_text,table_text,table_0,courier,italic,7.0,24poi_20211228_164359_6961892356_600_800.png,/scratch/parceirosbr/bigoilict/share/BigOil/document_generator/datasets/documents_2021_12_28/24poi_20211228_164359_6961892356_600_800.png,24poi_20211228_164359_6961892356_600_800_mask.png,grande
11,3,23,6,339,423,362,429,339,423,362,423,362,429,339,429,text,table_text,table_0,courier,regular,7.0,24poi_20211228_164359_6961892356_600_800.png,/scratch/parceirosbr/bigoilict/share/BigOil/document_generator/datasets/documents_2021_12_28/24poi_20211228_164359_6961892356_600_800.png,24poi_20211228_164359_6961892356_600_800_mask.png,reação
11,3,23,6,339,423,362,429,339,423,362,423,362,429,339,429,sub_line_text,table_text,table_0,courier,regular,7.0,24poi_20211228_164359_6961892356_600_800.png,/scratch/parceirosbr/bigoilict/share/BigOil/document_generator/datasets/documents_2021_12_28/24poi_20211228_164359_6961892356_600_800.png,24poi_20211228_164359_6961892356_600_800_mask.png,reação
7,3,15,6,343,433,358,439,343,433,358,433,358,439,343,439,text,table_text,table_0,courier,regular,7.0,24poi_20211228_164359_6961892356_600_800.png,/scratch/parceirosbr/bigoilict/share/BigOil/document_generator/datasets/documents_2021_12_28/24poi_20211228_164359_6961892356_600_800.png,24poi_20211228_164359_6961892356_600_800_mask.png,país
7,3,15,6,343,433,358,439,343,433,358,433,358,439,343,439,sub_line_text,table_text,table_0,courier,regular,7.0,24poi_20211228_164359_6961892356_600_800.png,/scratch/parceirosbr/bigoilict/share/BigOil/document_generator/datasets/documents_2021_12_28/24poi_20211228_164359_6961892356_600_800.png,24poi_20211228_164359_6961892356_600_800_mask.png,país
13,3,27,6,337,443,364,449,337,443,364,443,364,449,337,449,text,table_text,table_0,courier,regular,7.0,24poi_20211228_164359_6961892356_600_800.png,/scratch/parceirosbr/bigoilict/share/BigOil/document_generator/datasets/documents_2021_12_28/24poi_20211228_164359_6961892356_600_800.png,24poi_20211228_164359_6961892356_600_800_mask.png,injetor
13,3,27,6,337,443,364,449,337,443,364,443,364,449,337,449,sub_line_text,table_text,table_0,courier,regular,7.0,24poi_20211228_164359_6961892356_600_800.png,/scratch/parceirosbr/bigoilict/share/BigOil/document_generator/datasets/documents_2021_12_28/24poi_20211228_164359_6961892356_600_800.png,24poi_20211228_164359_6961892356_600_800_mask.png,injetor
13,3,27,6,337,452,364,458,337,452,364,452,364,458,337,458,text,table_text,table_0,courier,regular,7.0,24poi_20211228_164359_6961892356_600_800.png,/scratch/parceirosbr/bigoilict/share/BigOil/document_generator/datasets/documents_2021_12_28/24poi_20211228_164359_6961892356_600_800.png,24poi_20211228_164359_6961892356_600_800_mask.png,produto
13,3,27,6,337,452,364,458,337,452,364,452,364,458,337,458,sub_line_text,table_text,table_0,courier,regular,7.0,24poi_20211228_164359_6961892356_600_800.png,/scratch/parceirosbr/bigoilict/share/BigOil/document_generator/datasets/documents_2021_12_28/24poi_20211228_164359_6961892356_600_800.png,24poi_20211228_164359_6961892356_600_800_mask.png,produto
11,3,23,6,339,462,362,468,339,462,362,462,362,468,339,468,text,table_text,table_0,courier,regular,7.0,24poi_20211228_164359_6961892356_600_800.png,/scratch/parceirosbr/bigoilict/share/BigOil/document_generator/datasets/documents_2021_12_28/24poi_20211228_164359_6961892356_600_800.png,24poi_20211228_164359_6961892356_600_800_mask.png,muitas
11,3,23,6,339,462,362,468,339,462,362,462,362,468,339,468,sub_line_text,table_text,table_0,courier,regular,7.0,24poi_20211228_164359_6961892356_600_800.png,/scratch/parceirosbr/bigoilict/share/BigOil/document_generator/datasets/documents_2021_12_28/24poi_20211228_164359_6961892356_600_800.png,24poi_20211228_164359_6961892356_600_800_mask.png,muitas
3,3,7,6,347,472,354,478,347,472,354,472,354,478,347,478,text,table_text,table_0,courier,regular,7.0,24poi_20211228_164359_6961892356_600_800.png,/scratch/parceirosbr/bigoilict/share/BigOil/document_generator/datasets/documents_2021_12_28/24poi_20211228_164359_6961892356_600_800.png,24poi_20211228_164359_6961892356_600_800_mask.png,na
3,3,7,6,347,472,354,478,347,472,354,472,354,478,347,478,sub_line_text,table_text,table_0,courier,regular,7.0,24poi_20211228_164359_6961892356_600_800.png,/scratch/parceirosbr/bigoilict/share/BigOil/document_generator/datasets/documents_2021_12_28/24poi_20211228_164359_6961892356_600_800.png,24poi_20211228_164359_6961892356_600_800_mask.png,na
11,3,23,6,339,482,362,488,339,482,362,482,362,488,339,488,text,table_text,table_0,courier,regular,7.0,24poi_20211228_164359_6961892356_600_800.png,/scratch/parceirosbr/bigoilict/share/BigOil/document_generator/datasets/documents_2021_12_28/24poi_20211228_164359_6961892356_600_800.png,24poi_20211228_164359_6961892356_600_800_mask.png,custos
11,3,23,6,339,482,362,488,339,482,362,482,362,488,339,488,sub_line_text,table_text,table_0,courier,regular,7.0,24poi_20211228_164359_6961892356_600_800.png,/scratch/parceirosbr/bigoilict/share/BigOil/document_generator/datasets/documents_2021_12_28/24poi_20211228_164359_6961892356_600_800.png,24poi_20211228_164359_6961892356_600_800_mask.png,custos
13,3,27,6,337,492,364,498,337,492,364,492,364,498,337,498,text,table_text,table_0,courier,regular,7.0,24poi_20211228_164359_6961892356_600_800.png,/scratch/parceirosbr/bigoilict/share/BigOil/document_generator/datasets/documents_2021_12_28/24poi_20211228_164359_6961892356_600_800.png,24poi_20211228_164359_6961892356_600_800_mask.png,concede
13,3,27,6,337,492,364,498,337,492,364,492,364,498,337,498,sub_line_text,table_text,table_0,courier,regular,7.0,24poi_20211228_164359_6961892356_600_800.png,/scratch/parceirosbr/bigoilict/share/BigOil/document_generator/datasets/documents_2021_12_28/24poi_20211228_164359_6961892356_600_800.png,24poi_20211228_164359_6961892356_600_800_mask.png,concede
13,3,27,6,337,501,364,507,337,501,364,501,364,507,337,507,text,table_text,table_0,courier,regular,7.0,24poi_20211228_164359_6961892356_600_800.png,/scratch/parceirosbr/bigoilict/share/BigOil/document_generator/datasets/documents_2021_12_28/24poi_20211228_164359_6961892356_600_800.png,24poi_20211228_164359_6961892356_600_800_mask.png,elevada
13,3,27,6,337,501,364,507,337,501,364,501,364,507,337,507,sub_line_text,table_text,table_0,courier,regular,7.0,24poi_20211228_164359_6961892356_600_800.png,/scratch/parceirosbr/bigoilict/share/BigOil/document_generator/datasets/documents_2021_12_28/24poi_20211228_164359_6961892356_600_800.png,24poi_20211228_164359_6961892356_600_800_mask.png,elevada
11,3,23,6,339,511,362,517,339,511,362,511,362,517,339,517,text,table_text,table_0,courier,regular,7.0,24poi_20211228_164359_6961892356_600_800.png,/scratch/parceirosbr/bigoilict/share/BigOil/document_generator/datasets/documents_2021_12_28/24poi_20211228_164359_6961892356_600_800.png,24poi_20211228_164359_6961892356_600_800_mask.png,reação
11,3,23,6,339,511,362,517,339,511,362,511,362,517,339,517,sub_line_text,table_text,table_0,courier,regular,7.0,24poi_20211228_164359_6961892356_600_800.png,/scratch/parceirosbr/bigoilict/share/BigOil/document_generator/datasets/documents_2021_12_28/24poi_20211228_164359_6961892356_600_800.png,24poi_20211228_164359_6961892356_600_800_mask.png,reação
5,3,11,6,345,521,356,527,345,521,356,521,356,527,345,527,text,table_text,table_0,courier,regular,7.0,24poi_20211228_164359_6961892356_600_800.png,/scratch/parceirosbr/bigoilict/share/BigOil/document_generator/datasets/documents_2021_12_28/24poi_20211228_164359_6961892356_600_800.png,24poi_20211228_164359_6961892356_600_800_mask.png,que
5,3,11,6,345,521,356,527,345,521,356,521,356,527,345,527,sub_line_text,table_text,table_0,courier,regular,7.0,24poi_20211228_164359_6961892356_600_800.png,/scratch/parceirosbr/bigoilict/share/BigOil/document_generator/datasets/documents_2021_12_28/24poi_20211228_164359_6961892356_600_800.png,24poi_20211228_164359_6961892356_600_800_mask.png,que
7,3,15,6,343,531,358,537,343,531,358,531,358,537,343,537,text,table_text,table_0,courier,regular,7.0,24poi_20211228_164359_6961892356_600_800.png,/scratch/parceirosbr/bigoilict/share/BigOil/document_generator/datasets/documents_2021_12_28/24poi_20211228_164359_6961892356_600_800.png,24poi_20211228_164359_6961892356_600_800_mask.png,Como
7,3,15,6,343,531,358,537,343,531,358,531,358,537,343,537,sub_line_text,table_text,table_0,courier,regular,7.0,24poi_20211228_164359_6961892356_600_800.png,/scratch/parceirosbr/bigoilict/share/BigOil/document_generator/datasets/documents_2021_12_28/24poi_20211228_164359_6961892356_600_800.png,24poi_20211228_164359_6961892356_600_800_mask.png,Como
11,3,23,6,339,540,362,546,339,540,362,540,362,546,339,546,text,table_text,table_0,courier,regular,7.0,24poi_20211228_164359_6961892356_600_800.png,/scratch/parceirosbr/bigoilict/share/BigOil/document_generator/datasets/documents_2021_12_28/24poi_20211228_164359_6961892356_600_800.png,24poi_20211228_164359_6961892356_600_800_mask.png,reação
11,3,23,6,339,540,362,546,339,540,362,540,362,546,339,546,sub_line_text,table_text,table_0,courier,regular,7.0,24poi_20211228_164359_6961892356_600_800.png,/scratch/parceirosbr/bigoilict/share/BigOil/document_generator/datasets/documents_2021_12_28/24poi_20211228_164359_6961892356_600_800.png,24poi_20211228_164359_6961892356_600_800_mask.png,reação
9,3,19,6,341,550,360,556,341,550,360,550,360,556,341,556,text,table_text,table_0,courier,regular,7.0,24poi_20211228_164359_6961892356_600_800.png,/scratch/parceirosbr/bigoilict/share/BigOil/document_generator/datasets/documents_2021_12_28/24poi_20211228_164359_6961892356_600_800.png,24poi_20211228_164359_6961892356_600_800_mask.png,custo
9,3,19,6,341,550,360,556,341,550,360,550,360,556,341,556,sub_line_text,table_text,table_0,courier,regular,7.0,24poi_20211228_164359_6961892356_600_800.png,/scratch/parceirosbr/bigoilict/share/BigOil/document_generator/datasets/documents_2021_12_28/24poi_20211228_164359_6961892356_600_800.png,24poi_20211228_164359_6961892356_600_800_mask.png,custo
11,3,23,6,339,560,362,566,339,560,362,560,362,566,339,566,text,table_text,table_0,courier,regular,7.0,24poi_20211228_164359_6961892356_600_800.png,/scratch/parceirosbr/bigoilict/share/BigOil/document_generator/datasets/documents_2021_12_28/24poi_20211228_164359_6961892356_600_800.png,24poi_20211228_164359_6961892356_600_800_mask.png,devido
11,3,23,6,339,560,362,566,339,560,362,560,362,566,339,566,sub_line_text,table_text,table_0,courier,regular,7.0,24poi_20211228_164359_6961892356_600_800.png,/scratch/parceirosbr/bigoilict/share/BigOil/document_generator/datasets/documents_2021_12_28/24poi_20211228_164359_6961892356_600_800.png,24poi_20211228_164359_6961892356_600_800_mask.png,devido
11,3,23,6,339,570,362,576,339,570,362,570,362,576,339,576,text,table_text,table_0,courier,regular,7.0,24poi_20211228_164359_6961892356_600_800.png,/scratch/parceirosbr/bigoilict/share/BigOil/document_generator/datasets/documents_2021_12_28/24poi_20211228_164359_6961892356_600_800.png,24poi_20211228_164359_6961892356_600_800_mask.png,refino
11,3,23,6,339,570,362,576,339,570,362,570,362,576,339,576,sub_line_text,table_text,table_0,courier,regular,7.0,24poi_20211228_164359_6961892356_600_800.png,/scratch/parceirosbr/bigoilict/share/BigOil/document_generator/datasets/documents_2021_12_28/24poi_20211228_164359_6961892356_600_800.png,24poi_20211228_164359_6961892356_600_800_mask.png,refino
13,3,27,6,337,579,364,585,337,579,364,579,364,585,337,585,text,table_text,table_0,courier,regular,7.0,24poi_20211228_164359_6961892356_600_800.png,/scratch/parceirosbr/bigoilict/share/BigOil/document_generator/datasets/documents_2021_12_28/24poi_20211228_164359_6961892356_600_800.png,24poi_20211228_164359_6961892356_600_800_mask.png,virtude
13,3,27,6,337,579,364,585,337,579,364,579,364,585,337,585,sub_line_text,table_text,table_0,courier,regular,7.0,24poi_20211228_164359_6961892356_600_800.png,/scratch/parceirosbr/bigoilict/share/BigOil/document_generator/datasets/documents_2021_12_28/24poi_20211228_164359_6961892356_600_800.png,24poi_20211228_164359_6961892356_600_800_mask.png,virtude
13,3,27,6,337,589,364,595,337,589,364,589,364,595,337,595,text,table_text,table_0,courier,regular,7.0,24poi_20211228_164359_6961892356_600_800.png,/scratch/parceirosbr/bigoilict/share/BigOil/document_generator/datasets/documents_2021_12_28/24poi_20211228_164359_6961892356_600_800.png,24poi_20211228_164359_6961892356_600_800_mask.png,direção
13,3,27,6,337,589,364,595,337,589,364,589,364,595,337,595,sub_line_text,table_text,table_0,courier,regular,7.0,24poi_20211228_164359_6961892356_600_800.png,/scratch/parceirosbr/bigoilict/share/BigOil/document_generator/datasets/documents_2021_12_28/24poi_20211228_164359_6961892356_600_800.png,24poi_20211228_164359_6961892356_600_800_mask.png,direção
7,3,15,6,343,599,358,605,343,599,358,599,358,605,343,605,text,table_text,table_0,courier,regular,7.0,24poi_20211228_164359_6961892356_600_800.png,/scratch/parceirosbr/bigoilict/share/BigOil/document_generator/datasets/documents_2021_12_28/24poi_20211228_164359_6961892356_600_800.png,24poi_20211228_164359_6961892356_600_800_mask.png,dito
7,3,15,6,343,599,358,605,343,599,358,599,358,605,343,605,sub_line_text,table_text,table_0,courier,regular,7.0,24poi_20211228_164359_6961892356_600_800.png,/scratch/parceirosbr/bigoilict/share/BigOil/document_generator/datasets/documents_2021_12_28/24poi_20211228_164359_6961892356_600_800.png,24poi_20211228_164359_6961892356_600_800_mask.png,dito
13,3,27,6,429,609,456,615,429,609,456,609,456,615,429,615,text,table_text,table_0,courier,regular,7.0,24poi_20211228_164359_6961892356_600_800.png,/scratch/parceirosbr/bigoilict/share/BigOil/document_generator/datasets/documents_2021_12_28/24poi_20211228_164359_6961892356_600_800.png,24poi_20211228_164359_6961892356_600_800_mask.png,decisão
13,3,27,6,429,609,456,615,429,609,456,609,456,615,429,615,sub_line_text,table_text,table_0,courier,regular,7.0,24poi_20211228_164359_6961892356_600_800.png,/scratch/parceirosbr/bigoilict/share/BigOil/document_generator/datasets/documents_2021_12_28/24poi_20211228_164359_6961892356_600_800.png,24poi_20211228_164359_6961892356_600_800_mask.png,decisão
8,3,16,6,374,413,390,419,374,413,390,413,390,419,374,419,text,table_text,table_0,courier,italic,7.0,24poi_20211228_164359_6961892356_600_800.png,/scratch/parceirosbr/bigoilict/share/BigOil/document_generator/datasets/documents_2021_12_28/24poi_20211228_164359_6961892356_600_800.png,24poi_20211228_164359_6961892356_600_800_mask.png,para
8,3,16,6,374,413,390,419,374,413,390,413,390,419,374,419,sub_line_text,table_text,table_0,courier,italic,7.0,24poi_20211228_164359_6961892356_600_800.png,/scratch/parceirosbr/bigoilict/share/BigOil/document_generator/datasets/documents_2021_12_28/24poi_20211228_164359_6961892356_600_800.png,24poi_20211228_164359_6961892356_600_800_mask.png,para
3,3,7,6,383,423,390,429,383,423,390,423,390,429,383,429,text,table_text,table_0,courier,regular,7.0,24poi_20211228_164359_6961892356_600_800.png,/scratch/parceirosbr/bigoilict/share/BigOil/document_generator/datasets/documents_2021_12_28/24poi_20211228_164359_6961892356_600_800.png,24poi_20211228_164359_6961892356_600_800_mask.png,30
3,3,7,6,383,423,390,429,383,423,390,423,390,429,383,429,sub_line_text,table_text,table_0,courier,regular,7.0,24poi_20211228_164359_6961892356_600_800.png,/scratch/parceirosbr/bigoilict/share/BigOil/document_generator/datasets/documents_2021_12_28/24poi_20211228_164359_6961892356_600_800.png,24poi_20211228_164359_6961892356_600_800_mask.png,30
7,3,15,6,375,433,390,439,375,433,390,433,390,439,375,439,text,table_text,table_0,courier,regular,7.0,24poi_20211228_164359_6961892356_600_800.png,/scratch/parceirosbr/bigoilict/share/BigOil/document_generator/datasets/documents_2021_12_28/24poi_20211228_164359_6961892356_600_800.png,24poi_20211228_164359_6961892356_600_800_mask.png,3066
7,3,15,6,375,433,390,439,375,433,390,433,390,439,375,439,sub_line_text,table_text,table_0,courier,regular,7.0,24poi_20211228_164359_6961892356_600_800.png,/scratch/parceirosbr/bigoilict/share/BigOil/document_generator/datasets/documents_2021_12_28/24poi_20211228_164359_6961892356_600_800.png,24poi_20211228_164359_6961892356_600_800_mask.png,3066
7,3,15,6,375,443,390,449,375,443,390,443,390,449,375,449,text,table_text,table_0,courier,regular,7.0,24poi_20211228_164359_6961892356_600_800.png,/scratch/parceirosbr/bigoilict/share/BigOil/document_generator/datasets/documents_2021_12_28/24poi_20211228_164359_6961892356_600_800.png,24poi_20211228_164359_6961892356_600_800_mask.png,8268
7,3,15,6,375,443,390,449,375,443,390,443,390,449,375,449,sub_line_text,table_text,table_0,courier,regular,7.0,24poi_20211228_164359_6961892356_600_800.png,/scratch/parceirosbr/bigoilict/share/BigOil/document_generator/datasets/documents_2021_12_28/24poi_20211228_164359_6961892356_600_800.png,24poi_20211228_164359_6961892356_600_800_mask.png,8268
7,3,15,6,375,452,390,458,375,452,390,452,390,458,375,458,text,table_text,table_0,courier,regular,7.0,24poi_20211228_164359_6961892356_600_800.png,/scratch/parceirosbr/bigoilict/share/BigOil/document_generator/datasets/documents_2021_12_28/24poi_20211228_164359_6961892356_600_800.png,24poi_20211228_164359_6961892356_600_800_mask.png,5463
7,3,15,6,375,452,390,458,375,452,390,452,390,458,375,458,sub_line_text,table_text,table_0,courier,regular,7.0,24poi_20211228_164359_6961892356_600_800.png,/scratch/parceirosbr/bigoilict/share/BigOil/document_generator/datasets/documents_2021_12_28/24poi_20211228_164359_6961892356_600_800.png,24poi_20211228_164359_6961892356_600_800_mask.png,5463
7,3,15,6,375,462,390,468,375,462,390,462,390,468,375,468,text,table_text,table_0,courier,regular,7.0,24poi_20211228_164359_6961892356_600_800.png,/scratch/parceirosbr/bigoilict/share/BigOil/document_generator/datasets/documents_2021_12_28/24poi_20211228_164359_6961892356_600_800.png,24poi_20211228_164359_6961892356_600_800_mask.png,4159
7,3,15,6,375,462,390,468,375,462,390,462,390,468,375,468,sub_line_text,table_text,table_0,courier,regular,7.0,24poi_20211228_164359_6961892356_600_800.png,/scratch/parceirosbr/bigoilict/share/BigOil/document_generator/datasets/documents_2021_12_28/24poi_20211228_164359_6961892356_600_800.png,24poi_20211228_164359_6961892356_600_800_mask.png,4159
3,3,7,6,383,472,390,478,383,472,390,472,390,478,383,478,text,table_text,table_0,courier,regular,7.0,24poi_20211228_164359_6961892356_600_800.png,/scratch/parceirosbr/bigoilict/share/BigOil/document_generator/datasets/documents_2021_12_28/24poi_20211228_164359_6961892356_600_800.png,24poi_20211228_164359_6961892356_600_800_mask.png,29
3,3,7,6,383,472,390,478,383,472,390,472,390,478,383,478,sub_line_text,table_text,table_0,courier,regular,7.0,24poi_20211228_164359_6961892356_600_800.png,/scratch/parceirosbr/bigoilict/share/BigOil/document_generator/datasets/documents_2021_12_28/24poi_20211228_164359_6961892356_600_800.png,24poi_20211228_164359_6961892356_600_800_mask.png,29
7,3,15,6,375,482,390,488,375,482,390,482,390,488,375,488,text,table_text,table_0,courier,regular,7.0,24poi_20211228_164359_6961892356_600_800.png,/scratch/parceirosbr/bigoilict/share/BigOil/document_generator/datasets/documents_2021_12_28/24poi_20211228_164359_6961892356_600_800.png,24poi_20211228_164359_6961892356_600_800_mask.png,2028
7,3,15,6,375,482,390,488,375,482,390,482,390,488,375,488,sub_line_text,table_text,table_0,courier,regular,7.0,24poi_20211228_164359_6961892356_600_800.png,/scratch/parceirosbr/bigoilict/share/BigOil/document_generator/datasets/documents_2021_12_28/24poi_20211228_164359_6961892356_600_800.png,24poi_20211228_164359_6961892356_600_800_mask.png,2028
3,3,7,6,383,492,390,498,383,492,390,492,390,498,383,498,text,table_text,table_0,courier,regular,7.0,24poi_20211228_164359_6961892356_600_800.png,/scratch/parceirosbr/bigoilict/share/BigOil/document_generator/datasets/documents_2021_12_28/24poi_20211228_164359_6961892356_600_800.png,24poi_20211228_164359_6961892356_600_800_mask.png,73
3,3,7,6,383,492,390,498,383,492,390,492,390,498,383,498,sub_line_text,table_text,table_0,courier,regular,7.0,24poi_20211228_164359_6961892356_600_800.png,/scratch/parceirosbr/bigoilict/share/BigOil/document_generator/datasets/documents_2021_12_28/24poi_20211228_164359_6961892356_600_800.png,24poi_20211228_164359_6961892356_600_800_mask.png,73
5,3,11,6,379,501,390,507,379,501,390,501,390,507,379,507,text,table_text,table_0,courier,regular,7.0,24poi_20211228_164359_6961892356_600_800.png,/scratch/parceirosbr/bigoilict/share/BigOil/document_generator/datasets/documents_2021_12_28/24poi_20211228_164359_6961892356_600_800.png,24poi_20211228_164359_6961892356_600_800_mask.png,455
5,3,11,6,379,501,390,507,379,501,390,501,390,507,379,507,sub_line_text,table_text,table_0,courier,regular,7.0,24poi_20211228_164359_6961892356_600_800.png,/scratch/parceirosbr/bigoilict/share/BigOil/document_generator/datasets/documents_2021_12_28/24poi_20211228_164359_6961892356_600_800.png,24poi_20211228_164359_6961892356_600_800_mask.png,455
3,3,7,6,383,511,390,517,383,511,390,511,390,517,383,517,text,table_text,table_0,courier,regular,7.0,24poi_20211228_164359_6961892356_600_800.png,/scratch/parceirosbr/bigoilict/share/BigOil/document_generator/datasets/documents_2021_12_28/24poi_20211228_164359_6961892356_600_800.png,24poi_20211228_164359_6961892356_600_800_mask.png,30
3,3,7,6,383,511,390,517,383,511,390,511,390,517,383,517,sub_line_text,table_text,table_0,courier,regular,7.0,24poi_20211228_164359_6961892356_600_800.png,/scratch/parceirosbr/bigoilict/share/BigOil/document_generator/datasets/documents_2021_12_28/24poi_20211228_164359_6961892356_600_800.png,24poi_20211228_164359_6961892356_600_800_mask.png,30
5,3,11,6,379,521,390,527,379,521,390,521,390,527,379,527,text,table_text,table_0,courier,regular,7.0,24poi_20211228_164359_6961892356_600_800.png,/scratch/parceirosbr/bigoilict/share/BigOil/document_generator/datasets/documents_2021_12_28/24poi_20211228_164359_6961892356_600_800.png,24poi_20211228_164359_6961892356_600_800_mask.png,437
5,3,11,6,379,521,390,527,379,521,390,521,390,527,379,527,sub_line_text,table_text,table_0,courier,regular,7.0,24poi_20211228_164359_6961892356_600_800.png,/scratch/parceirosbr/bigoilict/share/BigOil/document_generator/datasets/documents_2021_12_28/24poi_20211228_164359_6961892356_600_800.png,24poi_20211228_164359_6961892356_600_800_mask.png,437
3,3,7,6,383,531,390,537,383,531,390,531,390,537,383,537,text,table_text,table_0,courier,regular,7.0,24poi_20211228_164359_6961892356_600_800.png,/scratch/parceirosbr/bigoilict/share/BigOil/document_generator/datasets/documents_2021_12_28/24poi_20211228_164359_6961892356_600_800.png,24poi_20211228_164359_6961892356_600_800_mask.png,13
3,3,7,6,383,531,390,537,383,531,390,531,390,537,383,537,sub_line_text,table_text,table_0,courier,regular,7.0,24poi_20211228_164359_6961892356_600_800.png,/scratch/parceirosbr/bigoilict/share/BigOil/document_generator/datasets/documents_2021_12_28/24poi_20211228_164359_6961892356_600_800.png,24poi_20211228_164359_6961892356_600_800_mask.png,13
7,3,15,6,375,540,390,546,375,540,390,540,390,546,375,546,text,table_text,table_0,courier,regular,7.0,24poi_20211228_164359_6961892356_600_800.png,/scratch/parceirosbr/bigoilict/share/BigOil/document_generator/datasets/documents_2021_12_28/24poi_20211228_164359_6961892356_600_800.png,24poi_20211228_164359_6961892356_600_800_mask.png,2338
7,3,15,6,375,540,390,546,375,540,390,540,390,546,375,546,sub_line_text,table_text,table_0,courier,regular,7.0,24poi_20211228_164359_6961892356_600_800.png,/scratch/parceirosbr/bigoilict/share/BigOil/document_generator/datasets/documents_2021_12_28/24poi_20211228_164359_6961892356_600_800.png,24poi_20211228_164359_6961892356_600_800_mask.png,2338
5,3,11,6,379,550,390,556,379,550,390,550,390,556,379,556,text,table_text,table_0,courier,regular,7.0,24poi_20211228_164359_6961892356_600_800.png,/scratch/parceirosbr/bigoilict/share/BigOil/document_generator/datasets/documents_2021_12_28/24poi_20211228_164359_6961892356_600_800.png,24poi_20211228_164359_6961892356_600_800_mask.png,959
5,3,11,6,379,550,390,556,379,550,390,550,390,556,379,556,sub_line_text,table_text,table_0,courier,regular,7.0,24poi_20211228_164359_6961892356_600_800.png,/scratch/parceirosbr/bigoilict/share/BigOil/document_generator/datasets/documents_2021_12_28/24poi_20211228_164359_6961892356_600_800.png,24poi_20211228_164359_6961892356_600_800_mask.png,959
7,3,15,6,375,560,390,566,375,560,390,560,390,566,375,566,text,table_text,table_0,courier,regular,7.0,24poi_20211228_164359_6961892356_600_800.png,/scratch/parceirosbr/bigoilict/share/BigOil/document_generator/datasets/documents_2021_12_28/24poi_20211228_164359_6961892356_600_800.png,24poi_20211228_164359_6961892356_600_800_mask.png,3748
7,3,15,6,375,560,390,566,375,560,390,560,390,566,375,566,sub_line_text,table_text,table_0,courier,regular,7.0,24poi_20211228_164359_6961892356_600_800.png,/scratch/parceirosbr/bigoilict/share/BigOil/document_generator/datasets/documents_2021_12_28/24poi_20211228_164359_6961892356_600_800.png,24poi_20211228_164359_6961892356_600_800_mask.png,3748
7,3,15,6,375,570,390,576,375,570,390,570,390,576,375,576,text,table_text,table_0,courier,regular,7.0,24poi_20211228_164359_6961892356_600_800.png,/scratch/parceirosbr/bigoilict/share/BigOil/document_generator/datasets/documents_2021_12_28/24poi_20211228_164359_6961892356_600_800.png,24poi_20211228_164359_6961892356_600_800_mask.png,6775
7,3,15,6,375,570,390,576,375,570,390,570,390,576,375,576,sub_line_text,table_text,table_0,courier,regular,7.0,24poi_20211228_164359_6961892356_600_800.png,/scratch/parceirosbr/bigoilict/share/BigOil/document_generator/datasets/documents_2021_12_28/24poi_20211228_164359_6961892356_600_800.png,24poi_20211228_164359_6961892356_600_800_mask.png,6775
5,3,11,6,379,579,390,585,379,579,390,579,390,585,379,585,text,table_text,table_0,courier,regular,7.0,24poi_20211228_164359_6961892356_600_800.png,/scratch/parceirosbr/bigoilict/share/BigOil/document_generator/datasets/documents_2021_12_28/24poi_20211228_164359_6961892356_600_800.png,24poi_20211228_164359_6961892356_600_800_mask.png,635
5,3,11,6,379,579,390,585,379,579,390,579,390,585,379,585,sub_line_text,table_text,table_0,courier,regular,7.0,24poi_20211228_164359_6961892356_600_800.png,/scratch/parceirosbr/bigoilict/share/BigOil/document_generator/datasets/documents_2021_12_28/24poi_20211228_164359_6961892356_600_800.png,24poi_20211228_164359_6961892356_600_800_mask.png,635
5,3,11,6,379,589,390,595,379,589,390,589,390,595,379,595,text,table_text,table_0,courier,regular,7.0,24poi_20211228_164359_6961892356_600_800.png,/scratch/parceirosbr/bigoilict/share/BigOil/document_generator/datasets/documents_2021_12_28/24poi_20211228_164359_6961892356_600_800.png,24poi_20211228_164359_6961892356_600_800_mask.png,927
5,3,11,6,379,589,390,595,379,589,390,589,390,595,379,595,sub_line_text,table_text,table_0,courier,regular,7.0,24poi_20211228_164359_6961892356_600_800.png,/scratch/parceirosbr/bigoilict/share/BigOil/document_generator/datasets/documents_2021_12_28/24poi_20211228_164359_6961892356_600_800.png,24poi_20211228_164359_6961892356_600_800_mask.png,927
3,3,7,6,383,599,390,605,383,599,390,599,390,605,383,605,text,table_text,table_0,courier,regular,7.0,24poi_20211228_164359_6961892356_600_800.png,/scratch/parceirosbr/bigoilict/share/BigOil/document_generator/datasets/documents_2021_12_28/24poi_20211228_164359_6961892356_600_800.png,24poi_20211228_164359_6961892356_600_800_mask.png,79
3,3,7,6,383,599,390,605,383,599,390,599,390,605,383,605,sub_line_text,table_text,table_0,courier,regular,7.0,24poi_20211228_164359_6961892356_600_800.png,/scratch/parceirosbr/bigoilict/share/BigOil/document_generator/datasets/documents_2021_12_28/24poi_20211228_164359_6961892356_600_800.png,24poi_20211228_164359_6961892356_600_800_mask.png,79
8,3,16,6,407,413,423,419,407,413,423,413,423,419,407,419,text,table_text,table_0,courier,italic,7.0,24poi_20211228_164359_6961892356_600_800.png,/scratch/parceirosbr/bigoilict/share/BigOil/document_generator/datasets/documents_2021_12_28/24poi_20211228_164359_6961892356_600_800.png,24poi_20211228_164359_6961892356_600_800_mask.png,tipo
8,3,16,6,407,413,423,419,407,413,423,413,423,419,407,419,sub_line_text,table_text,table_0,courier,italic,7.0,24poi_20211228_164359_6961892356_600_800.png,/scratch/parceirosbr/bigoilict/share/BigOil/document_generator/datasets/documents_2021_12_28/24poi_20211228_164359_6961892356_600_800.png,24poi_20211228_164359_6961892356_600_800_mask.png,tipo
13,3,27,6,402,423,429,429,402,423,429,423,429,429,402,429,text,table_text,table_0,courier,regular,7.0,24poi_20211228_164359_6961892356_600_800.png,/scratch/parceirosbr/bigoilict/share/BigOil/document_generator/datasets/documents_2021_12_28/24poi_20211228_164359_6961892356_600_800.png,24poi_20211228_164359_6961892356_600_800_mask.png,prática
13,3,27,6,402,423,429,429,402,423,429,423,429,429,402,429,sub_line_text,table_text,table_0,courier,regular,7.0,24poi_20211228_164359_6961892356_600_800.png,/scratch/parceirosbr/bigoilict/share/BigOil/document_generator/datasets/documents_2021_12_28/24poi_20211228_164359_6961892356_600_800.png,24poi_20211228_164359_6961892356_600_800_mask.png,prática
13,3,27,6,402,433,429,439,402,433,429,433,429,439,402,439,text,table_text,table_0,courier,regular,7.0,24poi_20211228_164359_6961892356_600_800.png,/scratch/parceirosbr/bigoilict/share/BigOil/document_generator/datasets/documents_2021_12_28/24poi_20211228_164359_6961892356_600_800.png,24poi_20211228_164359_6961892356_600_800_mask.png,projeto
13,3,27,6,402,433,429,439,402,433,429,433,429,439,402,439,sub_line_text,table_text,table_0,courier,regular,7.0,24poi_20211228_164359_6961892356_600_800.png,/scratch/parceirosbr/bigoilict/share/BigOil/document_generator/datasets/documents_2021_12_28/24poi_20211228_164359_6961892356_600_800.png,24poi_20211228_164359_6961892356_600_800_mask.png,projeto
5,3,11,6,409,443,420,449,409,443,420,443,420,449,409,449,text,table_text,table_0,courier,regular,7.0,24poi_20211228_164359_6961892356_600_800.png,/scratch/parceirosbr/bigoilict/share/BigOil/document_generator/datasets/documents_2021_12_28/24poi_20211228_164359_6961892356_600_800.png,24poi_20211228_164359_6961892356_600_800_mask.png,uma
5,3,11,6,409,443,420,449,409,443,420,443,420,449,409,449,sub_line_text,table_text,table_0,courier,regular,7.0,24poi_20211228_164359_6961892356_600_800.png,/scratch/parceirosbr/bigoilict/share/BigOil/document_generator/datasets/documents_2021_12_28/24poi_20211228_164359_6961892356_600_800.png,24poi_20211228_164359_6961892356_600_800_mask.png,uma
11,3,23,6,404,452,427,458,404,452,427,452,427,458,404,458,text,table_text,table_0,courier,regular,7.0,24poi_20211228_164359_6961892356_600_800.png,/scratch/parceirosbr/bigoilict/share/BigOil/document_generator/datasets/documents_2021_12_28/24poi_20211228_164359_6961892356_600_800.png,24poi_20211228_164359_6961892356_600_800_mask.png,medida
11,3,23,6,404,452,427,458,404,452,427,452,427,458,404,458,sub_line_text,table_text,table_0,courier,regular,7.0,24poi_20211228_164359_6961892356_600_800.png,/scratch/parceirosbr/bigoilict/share/BigOil/document_generator/datasets/documents_2021_12_28/24poi_20211228_164359_6961892356_600_800.png,24poi_20211228_164359_6961892356_600_800_mask.png,medida
6,3,12,6,409,462,421,468,409,462,421,462,421,468,409,468,text,table_text,table_0,courier,regular,7.0,24poi_20211228_164359_6961892356_600_800.png,/scratch/parceirosbr/bigoilict/share/BigOil/document_generator/datasets/documents_2021_12_28/24poi_20211228_164359_6961892356_600_800.png,24poi_20211228_164359_6961892356_600_800_mask.png,tem
6,3,12,6,409,462,421,468,409,462,421,462,421,468,409,468,sub_line_text,table_text,table_0,courier,regular,7.0,24poi_20211228_164359_6961892356_600_800.png,/scratch/parceirosbr/bigoilict/share/BigOil/document_generator/datasets/documents_2021_12_28/24poi_20211228_164359_6961892356_600_800.png,24poi_20211228_164359_6961892356_600_800_mask.png,tem
11,3,23,6,404,472,427,478,404,472,427,472,427,478,404,478,text,table_text,table_0,courier,regular,7.0,24poi_20211228_164359_6961892356_600_800.png,/scratch/parceirosbr/bigoilict/share/BigOil/document_generator/datasets/documents_2021_12_28/24poi_20211228_164359_6961892356_600_800.png,24poi_20211228_164359_6961892356_600_800_mask.png,testes
11,3,23,6,404,472,427,478,404,472,427,472,427,478,404,478,sub_line_text,table_text,table_0,courier,regular,7.0,24poi_20211228_164359_6961892356_600_800.png,/scratch/parceirosbr/bigoilict/share/BigOil/document_generator/datasets/documents_2021_12_28/24poi_20211228_164359_6961892356_600_800.png,24poi_20211228_164359_6961892356_600_800_mask.png,testes
15,3,31,6,400,482,431,488,400,482,431,482,431,488,400,488,text,table_text,table_0,courier,regular,7.0,24poi_20211228_164359_6961892356_600_800.png,/scratch/parceirosbr/bigoilict/share/BigOil/document_generator/datasets/documents_2021_12_28/24poi_20211228_164359_6961892356_600_800.png,24poi_20211228_164359_6961892356_600_800_mask.png,amostras
15,3,31,6,400,482,431,488,400,482,431,482,431,488,400,488,sub_line_text,table_text,table_0,courier,regular,7.0,24poi_20211228_164359_6961892356_600_800.png,/scratch/parceirosbr/bigoilict/share/BigOil/document_generator/datasets/documents_2021_12_28/24poi_20211228_164359_6961892356_600_800.png,24poi_20211228_164359_6961892356_600_800_mask.png,amostras
5,3,11,6,409,492,420,498,409,492,420,492,420,498,409,498,text,table_text,table_0,courier,regular,7.0,24poi_20211228_164359_6961892356_600_800.png,/scratch/parceirosbr/bigoilict/share/BigOil/document_generator/datasets/documents_2021_12_28/24poi_20211228_164359_6961892356_600_800.png,24poi_20211228_164359_6961892356_600_800_mask.png,por
5,3,11,6,409,492,420,498,409,492,420,492,420,498,409,498,sub_line_text,table_text,table_0,courier,regular,7.0,24poi_20211228_164359_6961892356_600_800.png,/scratch/parceirosbr/bigoilict/share/BigOil/document_generator/datasets/documents_2021_12_28/24poi_20211228_164359_6961892356_600_800.png,24poi_20211228_164359_6961892356_600_800_mask.png,por
3,3,7,6,411,501,418,507,411,501,418,501,418,507,411,507,text,table_text,table_0,courier,regular,7.0,24poi_20211228_164359_6961892356_600_800.png,/scratch/parceirosbr/bigoilict/share/BigOil/document_generator/datasets/documents_2021_12_28/24poi_20211228_164359_6961892356_600_800.png,24poi_20211228_164359_6961892356_600_800_mask.png,do
3,3,7,6,411,501,418,507,411,501,418,501,418,507,411,507,sub_line_text,table_text,table_0,courier,regular,7.0,24poi_20211228_164359_6961892356_600_800.png,/scratch/parceirosbr/bigoilict/share/BigOil/document_generator/datasets/documents_2021_12_28/24poi_20211228_164359_6961892356_600_800.png,24poi_20211228_164359_6961892356_600_800_mask.png,do
11,3,23,6,404,511,427,517,404,511,427,511,427,517,404,517,text,table_text,table_0,courier,regular,7.0,24poi_20211228_164359_6961892356_600_800.png,/scratch/parceirosbr/bigoilict/share/BigOil/document_generator/datasets/documents_2021_12_28/24poi_20211228_164359_6961892356_600_800.png,24poi_20211228_164359_6961892356_600_800_mask.png,servir
11,3,23,6,404,511,427,517,404,511,427,511,427,517,404,517,sub_line_text,table_text,table_0,courier,regular,7.0,24poi_20211228_164359_6961892356_600_800.png,/scratch/parceirosbr/bigoilict/share/BigOil/document_generator/datasets/documents_2021_12_28/24poi_20211228_164359_6961892356_600_800.png,24poi_20211228_164359_6961892356_600_800_mask.png,servir
5,3,11,6,409,521,420,527,409,521,420,521,420,527,409,527,text,table_text,table_0,courier,regular,7.0,24poi_20211228_164359_6961892356_600_800.png,/scratch/parceirosbr/bigoilict/share/BigOil/document_generator/datasets/documents_2021_12_28/24poi_20211228_164359_6961892356_600_800.png,24poi_20211228_164359_6961892356_600_800_mask.png,nos
5,3,11,6,409,521,420,527,409,521,420,521,420,527,409,527,sub_line_text,table_text,table_0,courier,regular,7.0,24poi_20211228_164359_6961892356_600_800.png,/scratch/parceirosbr/bigoilict/share/BigOil/document_generator/datasets/documents_2021_12_28/24poi_20211228_164359_6961892356_600_800.png,24poi_20211228_164359_6961892356_600_800_mask.png,nos
17,3,35,6,398,531,433,537,398,531,433,531,433,537,398,537,text,table_text,table_0,courier,regular,7.0,24poi_20211228_164359_6961892356_600_800.png,/scratch/parceirosbr/bigoilict/share/BigOil/document_generator/datasets/documents_2021_12_28/24poi_20211228_164359_6961892356_600_800.png,24poi_20211228_164359_6961892356_600_800_mask.png,comercial
17,3,35,6,398,531,433,537,398,531,433,531,433,537,398,537,sub_line_text,table_text,table_0,courier,regular,7.0,24poi_20211228_164359_6961892356_600_800.png,/scratch/parceirosbr/bigoilict/share/BigOil/document_generator/datasets/documents_2021_12_28/24poi_20211228_164359_6961892356_600_800.png,24poi_20211228_164359_6961892356_600_800_mask.png,comercial
11,3,23,6,404,540,427,546,404,540,427,540,427,546,404,546,text,table_text,table_0,courier,regular,7.0,24poi_20211228_164359_6961892356_600_800.png,/scratch/parceirosbr/bigoilict/share/BigOil/document_generator/datasets/documents_2021_12_28/24poi_20211228_164359_6961892356_600_800.png,24poi_20211228_164359_6961892356_600_800_mask.png,dessas
11,3,23,6,404,540,427,546,404,540,427,540,427,546,404,546,sub_line_text,table_text,table_0,courier,regular,7.0,24poi_20211228_164359_6961892356_600_800.png,/scratch/parceirosbr/bigoilict/share/BigOil/document_generator/datasets/documents_2021_12_28/24poi_20211228_164359_6961892356_600_800.png,24poi_20211228_164359_6961892356_600_800_mask.png,dessas
5,3,11,6,409,550,420,556,409,550,420,550,420,556,409,556,text,table_text,table_0,courier,regular,7.0,24poi_20211228_164359_6961892356_600_800.png,/scratch/parceirosbr/bigoilict/share/BigOil/document_generator/datasets/documents_2021_12_28/24poi_20211228_164359_6961892356_600_800.png,24poi_20211228_164359_6961892356_600_800_mask.png,uma
5,3,11,6,409,550,420,556,409,550,420,550,420,556,409,556,sub_line_text,table_text,table_0,courier,regular,7.0,24poi_20211228_164359_6961892356_600_800.png,/scratch/parceirosbr/bigoilict/share/BigOil/document_generator/datasets/documents_2021_12_28/24poi_20211228_164359_6961892356_600_800.png,24poi_20211228_164359_6961892356_600_800_mask.png,uma
17,3,35,6,398,560,433,566,398,560,433,560,433,566,398,566,text,table_text,table_0,courier,regular,7.0,24poi_20211228_164359_6961892356_600_800.png,/scratch/parceirosbr/bigoilict/share/BigOil/document_generator/datasets/documents_2021_12_28/24poi_20211228_164359_6961892356_600_800.png,24poi_20211228_164359_6961892356_600_800_mask.png,comentado
17,3,35,6,398,560,433,566,398,560,433,560,433,566,398,566,sub_line_text,table_text,table_0,courier,regular,7.0,24poi_20211228_164359_6961892356_600_800.png,/scratch/parceirosbr/bigoilict/share/BigOil/document_generator/datasets/documents_2021_12_28/24poi_20211228_164359_6961892356_600_800.png,24poi_20211228_164359_6961892356_600_800_mask.png,comentado
13,3,27,6,402,570,429,576,402,570,429,570,429,576,402,576,text,table_text,table_0,courier,regular,7.0,24poi_20211228_164359_6961892356_600_800.png,/scratch/parceirosbr/bigoilict/share/BigOil/document_generator/datasets/documents_2021_12_28/24poi_20211228_164359_6961892356_600_800.png,24poi_20211228_164359_6961892356_600_800_mask.png,elevada
13,3,27,6,402,570,429,576,402,570,429,570,429,576,402,576,sub_line_text,table_text,table_0,courier,regular,7.0,24poi_20211228_164359_6961892356_600_800.png,/scratch/parceirosbr/bigoilict/share/BigOil/document_generator/datasets/documents_2021_12_28/24poi_20211228_164359_6961892356_600_800.png,24poi_20211228_164359_6961892356_600_800_mask.png,elevada
9,3,19,6,405,579,424,585,405,579,424,579,424,585,405,585,text,table_text,table_0,courier,regular,7.0,24poi_20211228_164359_6961892356_600_800.png,/scratch/parceirosbr/bigoilict/share/BigOil/document_generator/datasets/documents_2021_12_28/24poi_20211228_164359_6961892356_600_800.png,24poi_20211228_164359_6961892356_600_800_mask.png,ideal
9,3,19,6,405,579,424,585,405,579,424,579,424,585,405,585,sub_line_text,table_text,table_0,courier,regular,7.0,24poi_20211228_164359_6961892356_600_800.png,/scratch/parceirosbr/bigoilict/share/BigOil/document_generator/datasets/documents_2021_12_28/24poi_20211228_164359_6961892356_600_800.png,24poi_20211228_164359_6961892356_600_800_mask.png,ideal
11,3,23,6,404,589,427,595,404,589,427,589,427,595,404,595,text,table_text,table_0,courier,regular,7.0,24poi_20211228_164359_6961892356_600_800.png,/scratch/parceirosbr/bigoilict/share/BigOil/document_generator/datasets/documents_2021_12_28/24poi_20211228_164359_6961892356_600_800.png,24poi_20211228_164359_6961892356_600_800_mask.png,muitas
11,3,23,6,404,589,427,595,404,589,427,589,427,595,404,595,sub_line_text,table_text,table_0,courier,regular,7.0,24poi_20211228_164359_6961892356_600_800.png,/scratch/parceirosbr/bigoilict/share/BigOil/document_generator/datasets/documents_2021_12_28/24poi_20211228_164359_6961892356_600_800.png,24poi_20211228_164359_6961892356_600_800_mask.png,muitas
7,3,15,6,407,599,422,605,407,599,422,599,422,605,407,605,text,table_text,table_0,courier,regular,7.0,24poi_20211228_164359_6961892356_600_800.png,/scratch/parceirosbr/bigoilict/share/BigOil/document_generator/datasets/documents_2021_12_28/24poi_20211228_164359_6961892356_600_800.png,24poi_20211228_164359_6961892356_600_800_mask.png,grau
7,3,15,6,407,599,422,605,407,599,422,599,422,605,407,605,sub_line_text,table_text,table_0,courier,regular,7.0,24poi_20211228_164359_6961892356_600_800.png,/scratch/parceirosbr/bigoilict/share/BigOil/document_generator/datasets/documents_2021_12_28/24poi_20211228_164359_6961892356_600_800.png,24poi_20211228_164359_6961892356_600_800_mask.png,grau
10,3,20,6,450,413,470,419,450,413,470,413,470,419,450,419,text,table_text,table_0,courier,italic,7.0,24poi_20211228_164359_6961892356_600_800.png,/scratch/parceirosbr/bigoilict/share/BigOil/document_generator/datasets/documents_2021_12_28/24poi_20211228_164359_6961892356_600_800.png,24poi_20211228_164359_6961892356_600_800_mask.png,ficar
10,3,20,6,450,413,470,419,450,413,470,413,470,419,450,419,sub_line_text,table_text,table_0,courier,italic,7.0,24poi_20211228_164359_6961892356_600_800.png,/scratch/parceirosbr/bigoilict/share/BigOil/document_generator/datasets/documents_2021_12_28/24poi_20211228_164359_6961892356_600_800.png,24poi_20211228_164359_6961892356_600_800_mask.png,ficar
15,3,31,6,444,423,475,429,444,423,475,423,475,429,444,429,text,table_text,table_0,courier,regular,7.0,24poi_20211228_164359_6961892356_600_800.png,/scratch/parceirosbr/bigoilict/share/BigOil/document_generator/datasets/documents_2021_12_28/24poi_20211228_164359_6961892356_600_800.png,24poi_20211228_164359_6961892356_600_800_mask.png,formação
15,3,31,6,444,423,475,429,444,423,475,423,475,429,444,429,sub_line_text,table_text,table_0,courier,regular,7.0,24poi_20211228_164359_6961892356_600_800.png,/scratch/parceirosbr/bigoilict/share/BigOil/document_generator/datasets/documents_2021_12_28/24poi_20211228_164359_6961892356_600_800.png,24poi_20211228_164359_6961892356_600_800_mask.png,formação
13,3,27,6,446,433,473,439,446,433,473,433,473,439,446,439,text,table_text,table_0,courier,regular,7.0,24poi_20211228_164359_6961892356_600_800.png,/scratch/parceirosbr/bigoilict/share/BigOil/document_generator/datasets/documents_2021_12_28/24poi_20211228_164359_6961892356_600_800.png,24poi_20211228_164359_6961892356_600_800_mask.png,prática
13,3,27,6,446,433,473,439,446,433,473,433,473,439,446,439,sub_line_text,table_text,table_0,courier,regular,7.0,24poi_20211228_164359_6961892356_600_800.png,/scratch/parceirosbr/bigoilict/share/BigOil/document_generator/datasets/documents_2021_12_28/24poi_20211228_164359_6961892356_600_800.png,24poi_20211228_164359_6961892356_600_800_mask.png,prática
13,3,27,6,446,443,473,449,446,443,473,443,473,449,446,449,text,table_text,table_0,courier,regular,7.0,24poi_20211228_164359_6961892356_600_800.png,/scratch/parceirosbr/bigoilict/share/BigOil/document_generator/datasets/documents_2021_12_28/24poi_20211228_164359_6961892356_600_800.png,24poi_20211228_164359_6961892356_600_800_mask.png,sugeriu
13,3,27,6,446,443,473,449,446,443,473,443,473,449,446,449,sub_line_text,table_text,table_0,courier,regular,7.0,24poi_20211228_164359_6961892356_600_800.png,/scratch/parceirosbr/bigoilict/share/BigOil/document_generator/datasets/documents_2021_12_28/24poi_20211228_164359_6961892356_600_800.png,24poi_20211228_164359_6961892356_600_800_mask.png,sugeriu
4,3,8,6,456,452,464,458,456,452,464,452,464,458,456,458,text,table_text,table_0,courier,regular,7.0,24poi_20211228_164359_6961892356_600_800.png,/scratch/parceirosbr/bigoilict/share/BigOil/document_generator/datasets/documents_2021_12_28/24poi_20211228_164359_6961892356_600_800.png,24poi_20211228_164359_6961892356_600_800_mask.png,em
4,3,8,6,456,452,464,458,456,452,464,452,464,458,456,458,sub_line_text,table_text,table_0,courier,regular,7.0,24poi_20211228_164359_6961892356_600_800.png,/scratch/parceirosbr/bigoilict/share/BigOil/document_generator/datasets/documents_2021_12_28/24poi_20211228_164359_6961892356_600_800.png,24poi_20211228_164359_6961892356_600_800_mask.png,em
9,3,19,6,450,462,469,468,450,462,469,462,469,468,450,468,text,table_text,table_0,courier,regular,7.0,24poi_20211228_164359_6961892356_600_800.png,/scratch/parceirosbr/bigoilict/share/BigOil/document_generator/datasets/documents_2021_12_28/24poi_20211228_164359_6961892356_600_800.png,24poi_20211228_164359_6961892356_600_800_mask.png,áreas
9,3,19,6,450,462,469,468,450,462,469,462,469,468,450,468,sub_line_text,table_text,table_0,courier,regular,7.0,24poi_20211228_164359_6961892356_600_800.png,/scratch/parceirosbr/bigoilict/share/BigOil/document_generator/datasets/documents_2021_12_28/24poi_20211228_164359_6961892356_600_800.png,24poi_20211228_164359_6961892356_600_800_mask.png,áreas
6,3,12,6,454,472,466,478,454,472,466,472,466,478,454,478,text,table_text,table_0,courier,regular,7.0,24poi_20211228_164359_6961892356_600_800.png,/scratch/parceirosbr/bigoilict/share/BigOil/document_generator/datasets/documents_2021_12_28/24poi_20211228_164359_6961892356_600_800.png,24poi_20211228_164359_6961892356_600_800_mask.png,com
6,3,12,6,454,472,466,478,454,472,466,472,466,478,454,478,sub_line_text,table_text,table_0,courier,regular,7.0,24poi_20211228_164359_6961892356_600_800.png,/scratch/parceirosbr/bigoilict/share/BigOil/document_generator/datasets/documents_2021_12_28/24poi_20211228_164359_6961892356_600_800.png,24poi_20211228_164359_6961892356_600_800_mask.png,com
15,3,31,6,444,482,475,488,444,482,475,482,475,488,444,488,text,table_text,table_0,courier,regular,7.0,24poi_20211228_164359_6961892356_600_800.png,/scratch/parceirosbr/bigoilict/share/BigOil/document_generator/datasets/documents_2021_12_28/24poi_20211228_164359_6961892356_600_800.png,24poi_20211228_164359_6961892356_600_800_mask.png,gasolina
15,3,31,6,444,482,475,488,444,482,475,482,475,488,444,488,sub_line_text,table_text,table_0,courier,regular,7.0,24poi_20211228_164359_6961892356_600_800.png,/scratch/parceirosbr/bigoilict/share/BigOil/document_generator/datasets/documents_2021_12_28/24poi_20211228_164359_6961892356_600_800.png,24poi_20211228_164359_6961892356_600_800_mask.png,gasolina
1,3,3,6,458,492,461,498,458,492,461,492,461,498,458,498,text,table_text,table_0,courier,regular,7.0,24poi_20211228_164359_6961892356_600_800.png,/scratch/parceirosbr/bigoilict/share/BigOil/document_generator/datasets/documents_2021_12_28/24poi_20211228_164359_6961892356_600_800.png,24poi_20211228_164359_6961892356_600_800_mask.png,é
1,3,3,6,458,492,461,498,458,492,461,492,461,498,458,498,sub_line_text,table_text,table_0,courier,regular,7.0,24poi_20211228_164359_6961892356_600_800.png,/scratch/parceirosbr/bigoilict/share/BigOil/document_generator/datasets/documents_2021_12_28/24poi_20211228_164359_6961892356_600_800.png,24poi_20211228_164359_6961892356_600_800_mask.png,é
13,3,27,6,446,501,473,507,446,501,473,501,473,507,446,507,text,table_text,table_0,courier,regular,7.0,24poi_20211228_164359_6961892356_600_800.png,/scratch/parceirosbr/bigoilict/share/BigOil/document_generator/datasets/documents_2021_12_28/24poi_20211228_164359_6961892356_600_800.png,24poi_20211228_164359_6961892356_600_800_mask.png,métodos
13,3,27,6,446,501,473,507,446,501,473,501,473,507,446,507,sub_line_text,table_text,table_0,courier,regular,7.0,24poi_20211228_164359_6961892356_600_800.png,/scratch/parceirosbr/bigoilict/share/BigOil/document_generator/datasets/documents_2021_12_28/24poi_20211228_164359_6961892356_600_800.png,24poi_20211228_164359_6961892356_600_800_mask.png,métodos
12,3,24,6,448,511,472,517,448,511,472,511,472,517,448,517,text,table_text,table_0,courier,regular,7.0,24poi_20211228_164359_6961892356_600_800.png,/scratch/parceirosbr/bigoilict/share/BigOil/document_generator/datasets/documents_2021_12_28/24poi_20211228_164359_6961892356_600_800.png,24poi_20211228_164359_6961892356_600_800_mask.png,tratam
12,3,24,6,448,511,472,517,448,511,472,511,472,517,448,517,sub_line_text,table_text,table_0,courier,regular,7.0,24poi_20211228_164359_6961892356_600_800.png,/scratch/parceirosbr/bigoilict/share/BigOil/document_generator/datasets/documents_2021_12_28/24poi_20211228_164359_6961892356_600_800.png,24poi_20211228_164359_6961892356_600_800_mask.png,tratam
15,3,31,6,444,521,475,527,444,521,475,521,475,527,444,527,text,table_text,table_0,courier,regular,7.0,24poi_20211228_164359_6961892356_600_800.png,/scratch/parceirosbr/bigoilict/share/BigOil/document_generator/datasets/documents_2021_12_28/24poi_20211228_164359_6961892356_600_800.png,24poi_20211228_164359_6961892356_600_800_mask.png,emissões
15,3,31,6,444,521,475,527,444,521,475,521,475,527,444,527,sub_line_text,table_text,table_0,courier,regular,7.0,24poi_20211228_164359_6961892356_600_800.png,/scratch/parceirosbr/bigoilict/share/BigOil/document_generator/datasets/documents_2021_12_28/24poi_20211228_164359_6961892356_600_800.png,24poi_20211228_164359_6961892356_600_800_mask.png,emissões
13,3,27,6,446,531,473,537,446,531,473,531,473,537,446,537,text,table_text,table_0,courier,regular,7.0,24poi_20211228_164359_6961892356_600_800.png,/scratch/parceirosbr/bigoilict/share/BigOil/document_generator/datasets/documents_2021_12_28/24poi_20211228_164359_6961892356_600_800.png,24poi_20211228_164359_6961892356_600_800_mask.png,sujeito
13,3,27,6,446,531,473,537,446,531,473,531,473,537,446,537,sub_line_text,table_text,table_0,courier,regular,7.0,24poi_20211228_164359_6961892356_600_800.png,/scratch/parceirosbr/bigoilict/share/BigOil/document_generator/datasets/documents_2021_12_28/24poi_20211228_164359_6961892356_600_800.png,24poi_20211228_164359_6961892356_600_800_mask.png,sujeito
15,3,31,6,444,540,475,546,444,540,475,540,475,546,444,546,text,table_text,table_0,courier,regular,7.0,24poi_20211228_164359_6961892356_600_800.png,/scratch/parceirosbr/bigoilict/share/BigOil/document_generator/datasets/documents_2021_12_28/24poi_20211228_164359_6961892356_600_800.png,24poi_20211228_164359_6961892356_600_800_mask.png,decisões
15,3,31,6,444,540,475,546,444,540,475,540,475,546,444,546,sub_line_text,table_text,table_0,courier,regular,7.0,24poi_20211228_164359_6961892356_600_800.png,/scratch/parceirosbr/bigoilict/share/BigOil/document_generator/datasets/documents_2021_12_28/24poi_20211228_164359_6961892356_600_800.png,24poi_20211228_164359_6961892356_600_800_mask.png,decisões
15,3,31,6,444,550,475,556,444,550,475,550,475,556,444,556,text,table_text,table_0,courier,regular,7.0,24poi_20211228_164359_6961892356_600_800.png,/scratch/parceirosbr/bigoilict/share/BigOil/document_generator/datasets/documents_2021_12_28/24poi_20211228_164359_6961892356_600_800.png,24poi_20211228_164359_6961892356_600_800_mask.png,superior
15,3,31,6,444,550,475,556,444,550,475,550,475,556,444,556,sub_line_text,table_text,table_0,courier,regular,7.0,24poi_20211228_164359_6961892356_600_800.png,/scratch/parceirosbr/bigoilict/share/BigOil/document_generator/datasets/documents_2021_12_28/24poi_20211228_164359_6961892356_600_800.png,24poi_20211228_164359_6961892356_600_800_mask.png,superior
10,3,20,6,450,560,470,566,450,560,470,560,470,566,450,566,text,table_text,table_0,courier,regular,7.0,24poi_20211228_164359_6961892356_600_800.png,/scratch/parceirosbr/bigoilict/share/BigOil/document_generator/datasets/documents_2021_12_28/24poi_20211228_164359_6961892356_600_800.png,24poi_20211228_164359_6961892356_600_800_mask.png,podem
10,3,20,6,450,560,470,566,450,560,470,560,470,566,450,566,sub_line_text,table_text,table_0,courier,regular,7.0,24poi_20211228_164359_6961892356_600_800.png,/scratch/parceirosbr/bigoilict/share/BigOil/document_generator/datasets/documents_2021_12_28/24poi_20211228_164359_6961892356_600_800.png,24poi_20211228_164359_6961892356_600_800_mask.png,podem
1,3,3,6,458,570,461,576,458,570,461,570,461,576,458,576,text,table_text,table_0,courier,regular,7.0,24poi_20211228_164359_6961892356_600_800.png,/scratch/parceirosbr/bigoilict/share/BigOil/document_generator/datasets/documents_2021_12_28/24poi_20211228_164359_6961892356_600_800.png,24poi_20211228_164359_6961892356_600_800_mask.png,o
1,3,3,6,458,570,461,576,458,570,461,570,461,576,458,576,sub_line_text,table_text,table_0,courier,regular,7.0,24poi_20211228_164359_6961892356_600_800.png,/scratch/parceirosbr/bigoilict/share/BigOil/document_generator/datasets/documents_2021_12_28/24poi_20211228_164359_6961892356_600_800.png,24poi_20211228_164359_6961892356_600_800_mask.png,o
11,3,23,6,448,579,471,585,448,579,471,579,471,585,448,585,text,table_text,table_0,courier,regular,7.0,24poi_20211228_164359_6961892356_600_800.png,/scratch/parceirosbr/bigoilict/share/BigOil/document_generator/datasets/documents_2021_12_28/24poi_20211228_164359_6961892356_600_800.png,24poi_20211228_164359_6961892356_600_800_mask.png,dessas
11,3,23,6,448,579,471,585,448,579,471,579,471,585,448,585,sub_line_text,table_text,table_0,courier,regular,7.0,24poi_20211228_164359_6961892356_600_800.png,/scratch/parceirosbr/bigoilict/share/BigOil/document_generator/datasets/documents_2021_12_28/24poi_20211228_164359_6961892356_600_800.png,24poi_20211228_164359_6961892356_600_800_mask.png,dessas
15,3,31,6,444,589,475,595,444,589,475,589,475,595,444,595,text,table_text,table_0,courier,regular,7.0,24poi_20211228_164359_6961892356_600_800.png,/scratch/parceirosbr/bigoilict/share/BigOil/document_generator/datasets/documents_2021_12_28/24poi_20211228_164359_6961892356_600_800.png,24poi_20211228_164359_6961892356_600_800_mask.png,controle
15,3,31,6,444,589,475,595,444,589,475,589,475,595,444,595,sub_line_text,table_text,table_0,courier,regular,7.0,24poi_20211228_164359_6961892356_600_800.png,/scratch/parceirosbr/bigoilict/share/BigOil/document_generator/datasets/documents_2021_12_28/24poi_20211228_164359_6961892356_600_800.png,24poi_20211228_164359_6961892356_600_800_mask.png,controle
15,3,31,6,444,599,475,605,444,599,475,599,475,605,444,605,text,table_text,table_0,courier,regular,7.0,24poi_20211228_164359_6961892356_600_800.png,/scratch/parceirosbr/bigoilict/share/BigOil/document_generator/datasets/documents_2021_12_28/24poi_20211228_164359_6961892356_600_800.png,24poi_20211228_164359_6961892356_600_800_mask.png,estreita
15,3,31,6,444,599,475,605,444,599,475,599,475,605,444,605,sub_line_text,table_text,table_0,courier,regular,7.0,24poi_20211228_164359_6961892356_600_800.png,/scratch/parceirosbr/bigoilict/share/BigOil/document_generator/datasets/documents_2021_12_28/24poi_20211228_164359_6961892356_600_800.png,24poi_20211228_164359_6961892356_600_800_mask.png,estreita
6,3,13,6,507,413,520,419,507,413,520,413,520,419,507,419,text,table_text,table_0,courier,italic,7.0,24poi_20211228_164359_6961892356_600_800.png,/scratch/parceirosbr/bigoilict/share/BigOil/document_generator/datasets/documents_2021_12_28/24poi_20211228_164359_6961892356_600_800.png,24poi_20211228_164359_6961892356_600_800_mask.png,por
6,3,13,6,507,413,520,419,507,413,520,413,520,419,507,419,sub_line_text,table_text,table_0,courier,italic,7.0,24poi_20211228_164359_6961892356_600_800.png,/scratch/parceirosbr/bigoilict/share/BigOil/document_generator/datasets/documents_2021_12_28/24poi_20211228_164359_6961892356_600_800.png,24poi_20211228_164359_6961892356_600_800_mask.png,por
17,3,35,6,485,423,520,429,485,423,520,423,520,429,485,429,text,table_text,table_0,courier,regular,7.0,24poi_20211228_164359_6961892356_600_800.png,/scratch/parceirosbr/bigoilict/share/BigOil/document_generator/datasets/documents_2021_12_28/24poi_20211228_164359_6961892356_600_800.png,24poi_20211228_164359_6961892356_600_800_mask.png,602697.73
17,3,35,6,485,423,520,429,485,423,520,423,520,429,485,429,sub_line_text,table_text,table_0,courier,regular,7.0,24poi_20211228_164359_6961892356_600_800.png,/scratch/parceirosbr/bigoilict/share/BigOil/document_generator/datasets/documents_2021_12_28/24poi_20211228_164359_6961892356_600_800.png,24poi_20211228_164359_6961892356_600_800_mask.png,602697.73
17,3,35,6,485,433,520,439,485,433,520,433,520,439,485,439,text,table_text,table_0,courier,regular,7.0,24poi_20211228_164359_6961892356_600_800.png,/scratch/parceirosbr/bigoilict/share/BigOil/document_generator/datasets/documents_2021_12_28/24poi_20211228_164359_6961892356_600_800.png,24poi_20211228_164359_6961892356_600_800_mask.png,456452.20
17,3,35,6,485,433,520,439,485,433,520,433,520,439,485,439,sub_line_text,table_text,table_0,courier,regular,7.0,24poi_20211228_164359_6961892356_600_800.png,/scratch/parceirosbr/bigoilict/share/BigOil/document_generator/datasets/documents_2021_12_28/24poi_20211228_164359_6961892356_600_800.png,24poi_20211228_164359_6961892356_600_800_mask.png,456452.20
17,3,35,6,485,443,520,449,485,443,520,443,520,449,485,449,text,table_text,table_0,courier,regular,7.0,24poi_20211228_164359_6961892356_600_800.png,/scratch/parceirosbr/bigoilict/share/BigOil/document_generator/datasets/documents_2021_12_28/24poi_20211228_164359_6961892356_600_800.png,24poi_20211228_164359_6961892356_600_800_mask.png,328906.25
17,3,35,6,485,443,520,449,485,443,520,443,520,449,485,449,sub_line_text,table_text,table_0,courier,regular,7.0,24poi_20211228_164359_6961892356_600_800.png,/scratch/parceirosbr/bigoilict/share/BigOil/document_generator/datasets/documents_2021_12_28/24poi_20211228_164359_6961892356_600_800.png,24poi_20211228_164359_6961892356_600_800_mask.png,328906.25
17,3,35,6,485,452,520,458,485,452,520,452,520,458,485,458,text,table_text,table_0,courier,regular,7.0,24poi_20211228_164359_6961892356_600_800.png,/scratch/parceirosbr/bigoilict/share/BigOil/document_generator/datasets/documents_2021_12_28/24poi_20211228_164359_6961892356_600_800.png,24poi_20211228_164359_6961892356_600_800_mask.png,597115.47
17,3,35,6,485,452,520,458,485,452,520,452,520,458,485,458,sub_line_text,table_text,table_0,courier,regular,7.0,24poi_20211228_164359_6961892356_600_800.png,/scratch/parceirosbr/bigoilict/share/BigOil/document_generator/datasets/documents_2021_12_28/24poi_20211228_164359_6961892356_600_800.png,24poi_20211228_164359_6961892356_600_800_mask.png,597115.47
17,3,35,6,485,462,520,468,485,462,520,462,520,468,485,468,text,table_text,table_0,courier,regular,7.0,24poi_20211228_164359_6961892356_600_800.png,/scratch/parceirosbr/bigoilict/share/BigOil/document_generator/datasets/documents_2021_12_28/24poi_20211228_164359_6961892356_600_800.png,24poi_20211228_164359_6961892356_600_800_mask.png,514480.08
17,3,35,6,485,462,520,468,485,462,520,462,520,468,485,468,sub_line_text,table_text,table_0,courier,regular,7.0,24poi_20211228_164359_6961892356_600_800.png,/scratch/parceirosbr/bigoilict/share/BigOil/document_generator/datasets/documents_2021_12_28/24poi_20211228_164359_6961892356_600_800.png,24poi_20211228_164359_6961892356_600_800_mask.png,514480.08
17,3,35,6,485,472,520,478,485,472,520,472,520,478,485,478,text,table_text,table_0,courier,regular,7.0,24poi_20211228_164359_6961892356_600_800.png,/scratch/parceirosbr/bigoilict/share/BigOil/document_generator/datasets/documents_2021_12_28/24poi_20211228_164359_6961892356_600_800.png,24poi_20211228_164359_6961892356_600_800_mask.png,897860.14
17,3,35,6,485,472,520,478,485,472,520,472,520,478,485,478,sub_line_text,table_text,table_0,courier,regular,7.0,24poi_20211228_164359_6961892356_600_800.png,/scratch/parceirosbr/bigoilict/share/BigOil/document_generator/datasets/documents_2021_12_28/24poi_20211228_164359_6961892356_600_800.png,24poi_20211228_164359_6961892356_600_800_mask.png,897860.14
17,3,35,6,485,482,520,488,485,482,520,482,520,488,485,488,text,table_text,table_0,courier,regular,7.0,24poi_20211228_164359_6961892356_600_800.png,/scratch/parceirosbr/bigoilict/share/BigOil/document_generator/datasets/documents_2021_12_28/24poi_20211228_164359_6961892356_600_800.png,24poi_20211228_164359_6961892356_600_800_mask.png,478772.86
17,3,35,6,485,482,520,488,485,482,520,482,520,488,485,488,sub_line_text,table_text,table_0,courier,regular,7.0,24poi_20211228_164359_6961892356_600_800.png,/scratch/parceirosbr/bigoilict/share/BigOil/document_generator/datasets/documents_2021_12_28/24poi_20211228_164359_6961892356_600_800.png,24poi_20211228_164359_6961892356_600_800_mask.png,478772.86
17,3,35,6,485,492,520,498,485,492,520,492,520,498,485,498,text,table_text,table_0,courier,regular,7.0,24poi_20211228_164359_6961892356_600_800.png,/scratch/parceirosbr/bigoilict/share/BigOil/document_generator/datasets/documents_2021_12_28/24poi_20211228_164359_6961892356_600_800.png,24poi_20211228_164359_6961892356_600_800_mask.png,937021.17
17,3,35,6,485,492,520,498,485,492,520,492,520,498,485,498,sub_line_text,table_text,table_0,courier,regular,7.0,24poi_20211228_164359_6961892356_600_800.png,/scratch/parceirosbr/bigoilict/share/BigOil/document_generator/datasets/documents_2021_12_28/24poi_20211228_164359_6961892356_600_800.png,24poi_20211228_164359_6961892356_600_800_mask.png,937021.17
17,3,35,6,485,501,520,507,485,501,520,501,520,507,485,507,text,table_text,table_0,courier,regular,7.0,24poi_20211228_164359_6961892356_600_800.png,/scratch/parceirosbr/bigoilict/share/BigOil/document_generator/datasets/documents_2021_12_28/24poi_20211228_164359_6961892356_600_800.png,24poi_20211228_164359_6961892356_600_800_mask.png,614969.82
17,3,35,6,485,501,520,507,485,501,520,501,520,507,485,507,sub_line_text,table_text,table_0,courier,regular,7.0,24poi_20211228_164359_6961892356_600_800.png,/scratch/parceirosbr/bigoilict/share/BigOil/document_generator/datasets/documents_2021_12_28/24poi_20211228_164359_6961892356_600_800.png,24poi_20211228_164359_6961892356_600_800_mask.png,614969.82
17,3,35,6,485,511,520,517,485,511,520,511,520,517,485,517,text,table_text,table_0,courier,regular,7.0,24poi_20211228_164359_6961892356_600_800.png,/scratch/parceirosbr/bigoilict/share/BigOil/document_generator/datasets/documents_2021_12_28/24poi_20211228_164359_6961892356_600_800.png,24poi_20211228_164359_6961892356_600_800_mask.png,453911.67
17,3,35,6,485,511,520,517,485,511,520,511,520,517,485,517,sub_line_text,table_text,table_0,courier,regular,7.0,24poi_20211228_164359_6961892356_600_800.png,/scratch/parceirosbr/bigoilict/share/BigOil/document_generator/datasets/documents_2021_12_28/24poi_20211228_164359_6961892356_600_800.png,24poi_20211228_164359_6961892356_600_800_mask.png,453911.67
17,3,35,6,485,521,520,527,485,521,520,521,520,527,485,527,text,table_text,table_0,courier,regular,7.0,24poi_20211228_164359_6961892356_600_800.png,/scratch/parceirosbr/bigoilict/share/BigOil/document_generator/datasets/documents_2021_12_28/24poi_20211228_164359_6961892356_600_800.png,24poi_20211228_164359_6961892356_600_800_mask.png,266486.44
17,3,35,6,485,521,520,527,485,521,520,521,520,527,485,527,sub_line_text,table_text,table_0,courier,regular,7.0,24poi_20211228_164359_6961892356_600_800.png,/scratch/parceirosbr/bigoilict/share/BigOil/document_generator/datasets/documents_2021_12_28/24poi_20211228_164359_6961892356_600_800.png,24poi_20211228_164359_6961892356_600_800_mask.png,266486.44
17,3,35,6,485,531,520,537,485,531,520,531,520,537,485,537,text,table_text,table_0,courier,regular,7.0,24poi_20211228_164359_6961892356_600_800.png,/scratch/parceirosbr/bigoilict/share/BigOil/document_generator/datasets/documents_2021_12_28/24poi_20211228_164359_6961892356_600_800.png,24poi_20211228_164359_6961892356_600_800_mask.png,181970.96
17,3,35,6,485,531,520,537,485,531,520,531,520,537,485,537,sub_line_text,table_text,table_0,courier,regular,7.0,24poi_20211228_164359_6961892356_600_800.png,/scratch/parceirosbr/bigoilict/share/BigOil/document_generator/datasets/documents_2021_12_28/24poi_20211228_164359_6961892356_600_800.png,24poi_20211228_164359_6961892356_600_800_mask.png,181970.96
17,3,35,6,485,540,520,546,485,540,520,540,520,546,485,546,text,table_text,table_0,courier,regular,7.0,24poi_20211228_164359_6961892356_600_800.png,/scratch/parceirosbr/bigoilict/share/BigOil/document_generator/datasets/documents_2021_12_28/24poi_20211228_164359_6961892356_600_800.png,24poi_20211228_164359_6961892356_600_800_mask.png,684175.39
17,3,35,6,485,540,520,546,485,540,520,540,520,546,485,546,sub_line_text,table_text,table_0,courier,regular,7.0,24poi_20211228_164359_6961892356_600_800.png,/scratch/parceirosbr/bigoilict/share/BigOil/document_generator/datasets/documents_2021_12_28/24poi_20211228_164359_6961892356_600_800.png,24poi_20211228_164359_6961892356_600_800_mask.png,684175.39
17,3,35,6,485,550,520,556,485,550,520,550,520,556,485,556,text,table_text,table_0,courier,regular,7.0,24poi_20211228_164359_6961892356_600_800.png,/scratch/parceirosbr/bigoilict/share/BigOil/document_generator/datasets/documents_2021_12_28/24poi_20211228_164359_6961892356_600_800.png,24poi_20211228_164359_6961892356_600_800_mask.png,260867.09
17,3,35,6,485,550,520,556,485,550,520,550,520,556,485,556,sub_line_text,table_text,table_0,courier,regular,7.0,24poi_20211228_164359_6961892356_600_800.png,/scratch/parceirosbr/bigoilict/share/BigOil/document_generator/datasets/documents_2021_12_28/24poi_20211228_164359_6961892356_600_800.png,24poi_20211228_164359_6961892356_600_800_mask.png,260867.09
17,3,35,6,485,560,520,566,485,560,520,560,520,566,485,566,text,table_text,table_0,courier,regular,7.0,24poi_20211228_164359_6961892356_600_800.png,/scratch/parceirosbr/bigoilict/share/BigOil/document_generator/datasets/documents_2021_12_28/24poi_20211228_164359_6961892356_600_800.png,24poi_20211228_164359_6961892356_600_800_mask.png,840198.62
17,3,35,6,485,560,520,566,485,560,520,560,520,566,485,566,sub_line_text,table_text,table_0,courier,regular,7.0,24poi_20211228_164359_6961892356_600_800.png,/scratch/parceirosbr/bigoilict/share/BigOil/document_generator/datasets/documents_2021_12_28/24poi_20211228_164359_6961892356_600_800.png,24poi_20211228_164359_6961892356_600_800_mask.png,840198.62
17,3,35,6,485,570,520,576,485,570,520,570,520,576,485,576,text,table_text,table_0,courier,regular,7.0,24poi_20211228_164359_6961892356_600_800.png,/scratch/parceirosbr/bigoilict/share/BigOil/document_generator/datasets/documents_2021_12_28/24poi_20211228_164359_6961892356_600_800.png,24poi_20211228_164359_6961892356_600_800_mask.png,680961.73
17,3,35,6,485,570,520,576,485,570,520,570,520,576,485,576,sub_line_text,table_text,table_0,courier,regular,7.0,24poi_20211228_164359_6961892356_600_800.png,/scratch/parceirosbr/bigoilict/share/BigOil/document_generator/datasets/documents_2021_12_28/24poi_20211228_164359_6961892356_600_800.png,24poi_20211228_164359_6961892356_600_800_mask.png,680961.73
17,3,35,6,485,579,520,585,485,579,520,579,520,585,485,585,text,table_text,table_0,courier,regular,7.0,24poi_20211228_164359_6961892356_600_800.png,/scratch/parceirosbr/bigoilict/share/BigOil/document_generator/datasets/documents_2021_12_28/24poi_20211228_164359_6961892356_600_800.png,24poi_20211228_164359_6961892356_600_800_mask.png,139630.58
17,3,35,6,485,579,520,585,485,579,520,579,520,585,485,585,sub_line_text,table_text,table_0,courier,regular,7.0,24poi_20211228_164359_6961892356_600_800.png,/scratch/parceirosbr/bigoilict/share/BigOil/document_generator/datasets/documents_2021_12_28/24poi_20211228_164359_6961892356_600_800.png,24poi_20211228_164359_6961892356_600_800_mask.png,139630.58
17,3,35,6,485,589,520,595,485,589,520,589,520,595,485,595,text,table_text,table_0,courier,regular,7.0,24poi_20211228_164359_6961892356_600_800.png,/scratch/parceirosbr/bigoilict/share/BigOil/document_generator/datasets/documents_2021_12_28/24poi_20211228_164359_6961892356_600_800.png,24poi_20211228_164359_6961892356_600_800_mask.png,343106.56
17,3,35,6,485,589,520,595,485,589,520,589,520,595,485,595,sub_line_text,table_text,table_0,courier,regular,7.0,24poi_20211228_164359_6961892356_600_800.png,/scratch/parceirosbr/bigoilict/share/BigOil/document_generator/datasets/documents_2021_12_28/24poi_20211228_164359_6961892356_600_800.png,24poi_20211228_164359_6961892356_600_800_mask.png,343106.56
17,3,35,6,485,599,520,605,485,599,520,599,520,605,485,605,text,table_text,table_0,courier,regular,7.0,24poi_20211228_164359_6961892356_600_800.png,/scratch/parceirosbr/bigoilict/share/BigOil/document_generator/datasets/documents_2021_12_28/24poi_20211228_164359_6961892356_600_800.png,24poi_20211228_164359_6961892356_600_800_mask.png,748305.70
17,3,35,6,485,599,520,605,485,599,520,599,520,605,485,605,sub_line_text,table_text,table_0,courier,regular,7.0,24poi_20211228_164359_6961892356_600_800.png,/scratch/parceirosbr/bigoilict/share/BigOil/document_generator/datasets/documents_2021_12_28/24poi_20211228_164359_6961892356_600_800.png,24poi_20211228_164359_6961892356_600_800_mask.png,748305.70
3,3,7,6,542,413,549,419,542,413,549,413,549,419,542,419,text,table_text,table_0,courier,italic,7.0,24poi_20211228_164359_6961892356_600_800.png,/scratch/parceirosbr/bigoilict/share/BigOil/document_generator/datasets/documents_2021_12_28/24poi_20211228_164359_6961892356_600_800.png,24poi_20211228_164359_6961892356_600_800_mask.png,as
3,3,7,6,542,413,549,419,542,413,549,413,549,419,542,419,sub_line_text,table_text,table_0,courier,italic,7.0,24poi_20211228_164359_6961892356_600_800.png,/scratch/parceirosbr/bigoilict/share/BigOil/document_generator/datasets/documents_2021_12_28/24poi_20211228_164359_6961892356_600_800.png,24poi_20211228_164359_6961892356_600_800_mask.png,as
11,3,23,6,526,423,549,429,526,423,549,423,549,429,526,429,text,table_text,table_0,courier,regular,7.0,24poi_20211228_164359_6961892356_600_800.png,/scratch/parceirosbr/bigoilict/share/BigOil/document_generator/datasets/documents_2021_12_28/24poi_20211228_164359_6961892356_600_800.png,24poi_20211228_164359_6961892356_600_800_mask.png,4402.9
11,3,23,6,526,423,549,429,526,423,549,423,549,429,526,429,sub_line_text,table_text,table_0,courier,regular,7.0,24poi_20211228_164359_6961892356_600_800.png,/scratch/parceirosbr/bigoilict/share/BigOil/document_generator/datasets/documents_2021_12_28/24poi_20211228_164359_6961892356_600_800.png,24poi_20211228_164359_6961892356_600_800_mask.png,4402.9
11,3,23,6,526,433,549,439,526,433,549,433,549,439,526,439,text,table_text,table_0,courier,regular,7.0,24poi_20211228_164359_6961892356_600_800.png,/scratch/parceirosbr/bigoilict/share/BigOil/document_generator/datasets/documents_2021_12_28/24poi_20211228_164359_6961892356_600_800.png,24poi_20211228_164359_6961892356_600_800_mask.png,5959.1
11,3,23,6,526,433,549,439,526,433,549,433,549,439,526,439,sub_line_text,table_text,table_0,courier,regular,7.0,24poi_20211228_164359_6961892356_600_800.png,/scratch/parceirosbr/bigoilict/share/BigOil/document_generator/datasets/documents_2021_12_28/24poi_20211228_164359_6961892356_600_800.png,24poi_20211228_164359_6961892356_600_800_mask.png,5959.1
11,3,23,6,526,443,549,449,526,443,549,443,549,449,526,449,text,table_text,table_0,courier,regular,7.0,24poi_20211228_164359_6961892356_600_800.png,/scratch/parceirosbr/bigoilict/share/BigOil/document_generator/datasets/documents_2021_12_28/24poi_20211228_164359_6961892356_600_800.png,24poi_20211228_164359_6961892356_600_800_mask.png,4946.0
11,3,23,6,526,443,549,449,526,443,549,443,549,449,526,449,sub_line_text,table_text,table_0,courier,regular,7.0,24poi_20211228_164359_6961892356_600_800.png,/scratch/parceirosbr/bigoilict/share/BigOil/document_generator/datasets/documents_2021_12_28/24poi_20211228_164359_6961892356_600_800.png,24poi_20211228_164359_6961892356_600_800_mask.png,4946.0
11,3,23,6,526,452,549,458,526,452,549,452,549,458,526,458,text,table_text,table_0,courier,regular,7.0,24poi_20211228_164359_6961892356_600_800.png,/scratch/parceirosbr/bigoilict/share/BigOil/document_generator/datasets/documents_2021_12_28/24poi_20211228_164359_6961892356_600_800.png,24poi_20211228_164359_6961892356_600_800_mask.png,7615.9
11,3,23,6,526,452,549,458,526,452,549,452,549,458,526,458,sub_line_text,table_text,table_0,courier,regular,7.0,24poi_20211228_164359_6961892356_600_800.png,/scratch/parceirosbr/bigoilict/share/BigOil/document_generator/datasets/documents_2021_12_28/24poi_20211228_164359_6961892356_600_800.png,24poi_20211228_164359_6961892356_600_800_mask.png,7615.9
11,3,23,6,526,462,549,468,526,462,549,462,549,468,526,468,text,table_text,table_0,courier,regular,7.0,24poi_20211228_164359_6961892356_600_800.png,/scratch/parceirosbr/bigoilict/share/BigOil/document_generator/datasets/documents_2021_12_28/24poi_20211228_164359_6961892356_600_800.png,24poi_20211228_164359_6961892356_600_800_mask.png,8863.9
11,3,23,6,526,462,549,468,526,462,549,462,549,468,526,468,sub_line_text,table_text,table_0,courier,regular,7.0,24poi_20211228_164359_6961892356_600_800.png,/scratch/parceirosbr/bigoilict/share/BigOil/document_generator/datasets/documents_2021_12_28/24poi_20211228_164359_6961892356_600_800.png,24poi_20211228_164359_6961892356_600_800_mask.png,8863.9
11,3,23,6,526,472,549,478,526,472,549,472,549,478,526,478,text,table_text,table_0,courier,regular,7.0,24poi_20211228_164359_6961892356_600_800.png,/scratch/parceirosbr/bigoilict/share/BigOil/document_generator/datasets/documents_2021_12_28/24poi_20211228_164359_6961892356_600_800.png,24poi_20211228_164359_6961892356_600_800_mask.png,3800.5
11,3,23,6,526,472,549,478,526,472,549,472,549,478,526,478,sub_line_text,table_text,table_0,courier,regular,7.0,24poi_20211228_164359_6961892356_600_800.png,/scratch/parceirosbr/bigoilict/share/BigOil/document_generator/datasets/documents_2021_12_28/24poi_20211228_164359_6961892356_600_800.png,24poi_20211228_164359_6961892356_600_800_mask.png,3800.5
11,3,23,6,526,482,549,488,526,482,549,482,549,488,526,488,text,table_text,table_0,courier,regular,7.0,24poi_20211228_164359_6961892356_600_800.png,/scratch/parceirosbr/bigoilict/share/BigOil/document_generator/datasets/documents_2021_12_28/24poi_20211228_164359_6961892356_600_800.png,24poi_20211228_164359_6961892356_600_800_mask.png,5013.6
11,3,23,6,526,482,549,488,526,482,549,482,549,488,526,488,sub_line_text,table_text,table_0,courier,regular,7.0,24poi_20211228_164359_6961892356_600_800.png,/scratch/parceirosbr/bigoilict/share/BigOil/document_generator/datasets/documents_2021_12_28/24poi_20211228_164359_6961892356_600_800.png,24poi_20211228_164359_6961892356_600_800_mask.png,5013.6
11,3,23,6,526,492,549,498,526,492,549,492,549,498,526,498,text,table_text,table_0,courier,regular,7.0,24poi_20211228_164359_6961892356_600_800.png,/scratch/parceirosbr/bigoilict/share/BigOil/document_generator/datasets/documents_2021_12_28/24poi_20211228_164359_6961892356_600_800.png,24poi_20211228_164359_6961892356_600_800_mask.png,4976.9
11,3,23,6,526,492,549,498,526,492,549,492,549,498,526,498,sub_line_text,table_text,table_0,courier,regular,7.0,24poi_20211228_164359_6961892356_600_800.png,/scratch/parceirosbr/bigoilict/share/BigOil/document_generator/datasets/documents_2021_12_28/24poi_20211228_164359_6961892356_600_800.png,24poi_20211228_164359_6961892356_600_800_mask.png,4976.9
11,3,23,6,526,501,549,507,526,501,549,501,549,507,526,507,text,table_text,table_0,courier,regular,7.0,24poi_20211228_164359_6961892356_600_800.png,/scratch/parceirosbr/bigoilict/share/BigOil/document_generator/datasets/documents_2021_12_28/24poi_20211228_164359_6961892356_600_800.png,24poi_20211228_164359_6961892356_600_800_mask.png,7590.3
11,3,23,6,526,501,549,507,526,501,549,501,549,507,526,507,sub_line_text,table_text,table_0,courier,regular,7.0,24poi_20211228_164359_6961892356_600_800.png,/scratch/parceirosbr/bigoilict/share/BigOil/document_generator/datasets/documents_2021_12_28/24poi_20211228_164359_6961892356_600_800.png,24poi_20211228_164359_6961892356_600_800_mask.png,7590.3
11,3,23,6,526,511,549,517,526,511,549,511,549,517,526,517,text,table_text,table_0,courier,regular,7.0,24poi_20211228_164359_6961892356_600_800.png,/scratch/parceirosbr/bigoilict/share/BigOil/document_generator/datasets/documents_2021_12_28/24poi_20211228_164359_6961892356_600_800.png,24poi_20211228_164359_6961892356_600_800_mask.png,3973.1
11,3,23,6,526,511,549,517,526,511,549,511,549,517,526,517,sub_line_text,table_text,table_0,courier,regular,7.0,24poi_20211228_164359_6961892356_600_800.png,/scratch/parceirosbr/bigoilict/share/BigOil/document_generator/datasets/documents_2021_12_28/24poi_20211228_164359_6961892356_600_800.png,24poi_20211228_164359_6961892356_600_800_mask.png,3973.1
11,3,23,6,526,521,549,527,526,521,549,521,549,527,526,527,text,table_text,table_0,courier,regular,7.0,24poi_20211228_164359_6961892356_600_800.png,/scratch/parceirosbr/bigoilict/share/BigOil/document_generator/datasets/documents_2021_12_28/24poi_20211228_164359_6961892356_600_800.png,24poi_20211228_164359_6961892356_600_800_mask.png,8468.5
11,3,23,6,526,521,549,527,526,521,549,521,549,527,526,527,sub_line_text,table_text,table_0,courier,regular,7.0,24poi_20211228_164359_6961892356_600_800.png,/scratch/parceirosbr/bigoilict/share/BigOil/document_generator/datasets/documents_2021_12_28/24poi_20211228_164359_6961892356_600_800.png,24poi_20211228_164359_6961892356_600_800_mask.png,8468.5
11,3,23,6,526,531,549,537,526,531,549,531,549,537,526,537,text,table_text,table_0,courier,regular,7.0,24poi_20211228_164359_6961892356_600_800.png,/scratch/parceirosbr/bigoilict/share/BigOil/document_generator/datasets/documents_2021_12_28/24poi_20211228_164359_6961892356_600_800.png,24poi_20211228_164359_6961892356_600_800_mask.png,2275.3
11,3,23,6,526,531,549,537,526,531,549,531,549,537,526,537,sub_line_text,table_text,table_0,courier,regular,7.0,24poi_20211228_164359_6961892356_600_800.png,/scratch/parceirosbr/bigoilict/share/BigOil/document_generator/datasets/documents_2021_12_28/24poi_20211228_164359_6961892356_600_800.png,24poi_20211228_164359_6961892356_600_800_mask.png,2275.3
11,3,23,6,526,540,549,546,526,540,549,540,549,546,526,546,text,table_text,table_0,courier,regular,7.0,24poi_20211228_164359_6961892356_600_800.png,/scratch/parceirosbr/bigoilict/share/BigOil/document_generator/datasets/documents_2021_12_28/24poi_20211228_164359_6961892356_600_800.png,24poi_20211228_164359_6961892356_600_800_mask.png,6336.7
11,3,23,6,526,540,549,546,526,540,549,540,549,546,526,546,sub_line_text,table_text,table_0,courier,regular,7.0,24poi_20211228_164359_6961892356_600_800.png,/scratch/parceirosbr/bigoilict/share/BigOil/document_generator/datasets/documents_2021_12_28/24poi_20211228_164359_6961892356_600_800.png,24poi_20211228_164359_6961892356_600_800_mask.png,6336.7
11,3,23,6,526,550,549,556,526,550,549,550,549,556,526,556,text,table_text,table_0,courier,regular,7.0,24poi_20211228_164359_6961892356_600_800.png,/scratch/parceirosbr/bigoilict/share/BigOil/document_generator/datasets/documents_2021_12_28/24poi_20211228_164359_6961892356_600_800.png,24poi_20211228_164359_6961892356_600_800_mask.png,2822.9
11,3,23,6,526,550,549,556,526,550,549,550,549,556,526,556,sub_line_text,table_text,table_0,courier,regular,7.0,24poi_20211228_164359_6961892356_600_800.png,/scratch/parceirosbr/bigoilict/share/BigOil/document_generator/datasets/documents_2021_12_28/24poi_20211228_164359_6961892356_600_800.png,24poi_20211228_164359_6961892356_600_800_mask.png,2822.9
11,3,23,6,526,560,549,566,526,560,549,560,549,566,526,566,text,table_text,table_0,courier,regular,7.0,24poi_20211228_164359_6961892356_600_800.png,/scratch/parceirosbr/bigoilict/share/BigOil/document_generator/datasets/documents_2021_12_28/24poi_20211228_164359_6961892356_600_800.png,24poi_20211228_164359_6961892356_600_800_mask.png,3154.0
11,3,23,6,526,560,549,566,526,560,549,560,549,566,526,566,sub_line_text,table_text,table_0,courier,regular,7.0,24poi_20211228_164359_6961892356_600_800.png,/scratch/parceirosbr/bigoilict/share/BigOil/document_generator/datasets/documents_2021_12_28/24poi_20211228_164359_6961892356_600_800.png,24poi_20211228_164359_6961892356_600_800_mask.png,3154.0
11,3,23,6,526,570,549,576,526,570,549,570,549,576,526,576,text,table_text,table_0,courier,regular,7.0,24poi_20211228_164359_6961892356_600_800.png,/scratch/parceirosbr/bigoilict/share/BigOil/document_generator/datasets/documents_2021_12_28/24poi_20211228_164359_6961892356_600_800.png,24poi_20211228_164359_6961892356_600_800_mask.png,8994.1
11,3,23,6,526,570,549,576,526,570,549,570,549,576,526,576,sub_line_text,table_text,table_0,courier,regular,7.0,24poi_20211228_164359_6961892356_600_800.png,/scratch/parceirosbr/bigoilict/share/BigOil/document_generator/datasets/documents_2021_12_28/24poi_20211228_164359_6961892356_600_800.png,24poi_20211228_164359_6961892356_600_800_mask.png,8994.1
11,3,23,6,526,579,549,585,526,579,549,579,549,585,526,585,text,table_text,table_0,courier,regular,7.0,24poi_20211228_164359_6961892356_600_800.png,/scratch/parceirosbr/bigoilict/share/BigOil/document_generator/datasets/documents_2021_12_28/24poi_20211228_164359_6961892356_600_800.png,24poi_20211228_164359_6961892356_600_800_mask.png,6628.8
11,3,23,6,526,579,549,585,526,579,549,579,549,585,526,585,sub_line_text,table_text,table_0,courier,regular,7.0,24poi_20211228_164359_6961892356_600_800.png,/scratch/parceirosbr/bigoilict/share/BigOil/document_generator/datasets/documents_2021_12_28/24poi_20211228_164359_6961892356_600_800.png,24poi_20211228_164359_6961892356_600_800_mask.png,6628.8
11,3,23,6,526,589,549,595,526,589,549,589,549,595,526,595,text,table_text,table_0,courier,regular,7.0,24poi_20211228_164359_6961892356_600_800.png,/scratch/parceirosbr/bigoilict/share/BigOil/document_generator/datasets/documents_2021_12_28/24poi_20211228_164359_6961892356_600_800.png,24poi_20211228_164359_6961892356_600_800_mask.png,3758.4
11,3,23,6,526,589,549,595,526,589,549,589,549,595,526,595,sub_line_text,table_text,table_0,courier,regular,7.0,24poi_20211228_164359_6961892356_600_800.png,/scratch/parceirosbr/bigoilict/share/BigOil/document_generator/datasets/documents_2021_12_28/24poi_20211228_164359_6961892356_600_800.png,24poi_20211228_164359_6961892356_600_800_mask.png,3758.4
11,3,23,6,526,599,549,605,526,599,549,599,549,605,526,605,text,table_text,table_0,courier,regular,7.0,24poi_20211228_164359_6961892356_600_800.png,/scratch/parceirosbr/bigoilict/share/BigOil/document_generator/datasets/documents_2021_12_28/24poi_20211228_164359_6961892356_600_800.png,24poi_20211228_164359_6961892356_600_800_mask.png,3025.7
11,3,23,6,526,599,549,605,526,599,549,599,549,605,526,605,sub_line_text,table_text,table_0,courier,regular,7.0,24poi_20211228_164359_6961892356_600_800.png,/scratch/parceirosbr/bigoilict/share/BigOil/document_generator/datasets/documents_2021_12_28/24poi_20211228_164359_6961892356_600_800.png,24poi_20211228_164359_6961892356_600_800_mask.png,3025.7
93,3,186,7,327,626,513,633,327,626,513,626,513,633,327,633,sub_line_text,table_legend,table_0,arial,regular,6,24poi_20211228_164359_6961892356_600_800.png,/scratch/parceirosbr/bigoilict/share/BigOil/document_generator/datasets/documents_2021_12_28/24poi_20211228_164359_6961892356_600_800.png,24poi_20211228_164359_6961892356_600_800_mask.png,Tab. 127: Distributor:   agent   whose   activity  is  characterized  by  t-
70,3,140,7,355,635,495,642,355,635,495,635,495,642,355,642,sub_line_text,table_legend,table_0,arial,regular,6,24poi_20211228_164359_6961892356_600_800.png,/scratch/parceirosbr/bigoilict/share/BigOil/document_generator/datasets/documents_2021_12_28/24poi_20211228_164359_6961892356_600_800.png,24poi_20211228_164359_6961892356_600_800_mask.png,"he purchase of products in bulk, and its resale in bulk ("
93,8,186,16,327,626,513,642,327,626,513,626,513,642,327,642,text,table_legend,table_0,arial,regular,6,24poi_20211228_164359_6961892356_600_800.png,/scratch/parceirosbr/bigoilict/share/BigOil/document_generator/datasets/documents_2021_12_28/24poi_20211228_164359_6961892356_600_800.png,24poi_20211228_164359_6961892356_600_800_mask.png,nan
96,3,192,7,327,644,519,651,327,644,519,644,519,651,327,651,sub_line_text,table_legend,table_0,arial,regular,6,24poi_20211228_164359_6961892356_600_800.png,/scratch/parceirosbr/bigoilict/share/BigOil/document_generator/datasets/documents_2021_12_28/24poi_20211228_164359_6961892356_600_800.png,24poi_20211228_164359_6961892356_600_800_mask.png,Tab. 61: Summary   of   the   presented   to  as  part  of  the  necessary
74,3,148,7,352,653,500,660,352,653,500,653,500,660,352,660,sub_line_text,table_legend,table_0,arial,regular,6,24poi_20211228_164359_6961892356_600_800.png,/scratch/parceirosbr/bigoilict/share/BigOil/document_generator/datasets/documents_2021_12_28/24poi_20211228_164359_6961892356_600_800.png,24poi_20211228_164359_6961892356_600_800_mask.png,requirements to obtain the degree of with emphasis in the
96,8,192,16,327,644,519,660,327,644,519,644,519,660,327,660,text,table_legend,table_0,arial,regular,6,24poi_20211228_164359_6961892356_600_800.png,/scratch/parceirosbr/bigoilict/share/BigOil/document_generator/datasets/documents_2021_12_28/24poi_20211228_164359_6961892356_600_800.png,24poi_20211228_164359_6961892356_600_800_mask.png,nan
