center_x,center_y,width,height,xmin,ymin,xmax,ymax,top_left_x,top_left_y,top_right_x,top_right_y,bottom_right_x,bottom_right_y,bottom_left_x,bottom_left_y,label,grouplabel,group,text_font,text_style,size_font,filename,path,filename_mask,content
300,400,600,800,0,0,600,800,0,0,600,0,600,800,0,800,document,,,,,,24poi_20211228_164400_6509160707_600_800.png,/scratch/parceirosbr/bigoilict/share/BigOil/document_generator/datasets/documents_2021_12_28/24poi_20211228_164400_6509160707_600_800.png,24poi_20211228_164400_6509160707_600_800_mask.png,
94,4,188,9,90,62,278,71,90,62,278,62,278,71,90,71,sub_line_text,figure_legend,figure_0,times,bold,7,24poi_20211228_164400_6509160707_600_800.png,/scratch/parceirosbr/bigoilict/share/BigOil/document_generator/datasets/documents_2021_12_28/24poi_20211228_164400_6509160707_600_800.png,24poi_20211228_164400_6509160707_600_800_mask.png,Fig.  40:    The model requires the application of a minimum
94,4,189,9,90,78,279,87,90,78,279,78,279,87,90,87,sub_line_text,figure_legend,figure_0,times,bold,7,24poi_20211228_164400_6509160707_600_800.png,/scratch/parceirosbr/bigoilict/share/BigOil/document_generator/datasets/documents_2021_12_28/24poi_20211228_164400_6509160707_600_800.png,24poi_20211228_164400_6509160707_600_800_mask.png,"stress,  called  the  yield  limit, so that there is some shear de-"
94,4,188,9,90,94,278,103,90,94,278,94,278,103,90,103,sub_line_text,figure_legend,figure_0,times,bold,7,24poi_20211228_164400_6509160707_600_800.png,/scratch/parceirosbr/bigoilict/share/BigOil/document_generator/datasets/documents_2021_12_28/24poi_20211228_164400_6509160707_600_800.png,24poi_20211228_164400_6509160707_600_800_mask.png,"formation.  The  methane  enrichment  method, unlike differ-"
21,4,42,9,90,110,132,119,90,110,132,110,132,119,90,119,sub_line_text,figure_legend,figure_0,times,bold,7,24poi_20211228_164400_6509160707_600_800.png,/scratch/parceirosbr/bigoilict/share/BigOil/document_generator/datasets/documents_2021_12_28/24poi_20211228_164400_6509160707_600_800.png,24poi_20211228_164400_6509160707_600_800_mask.png,"ential release,"
94,28,189,57,90,62,279,119,90,62,279,62,279,119,90,119,text,figure_legend,figure_0,times,bold,7,24poi_20211228_164400_6509160707_600_800.png,/scratch/parceirosbr/bigoilict/share/BigOil/document_generator/datasets/documents_2021_12_28/24poi_20211228_164400_6509160707_600_800.png,24poi_20211228_164400_6509160707_600_800_mask.png,nan
101,76,202,152,79,124,281,276,79,124,281,124,281,276,79,276,image,figure_image,figure_0,,,,24poi_20211228_164400_6509160707_600_800.png,/scratch/parceirosbr/bigoilict/share/BigOil/document_generator/datasets/documents_2021_12_28/24poi_20211228_164400_6509160707_600_800.png,24poi_20211228_164400_6509160707_600_800_mask.png,output/gen_img_20211228_164400_2545669777.png
8,2,16,4,240,214,256,218,240,215,255,214,256,217,240,218,text,figure_text,figure_0,,,,24poi_20211228_164400_6509160707_600_800.png,/scratch/parceirosbr/bigoilict/share/BigOil/document_generator/datasets/documents_2021_12_28/24poi_20211228_164400_6509160707_600_800.png,24poi_20211228_164400_6509160707_600_800_mask.png,-803.774
8,2,16,4,240,214,256,218,240,215,255,214,256,217,240,218,sub_line_text,figure_text,figure_0,,,,24poi_20211228_164400_6509160707_600_800.png,/scratch/parceirosbr/bigoilict/share/BigOil/document_generator/datasets/documents_2021_12_28/24poi_20211228_164400_6509160707_600_800.png,24poi_20211228_164400_6509160707_600_800_mask.png,-803.774
5,-4,11,-9,99,198,110,189,99,187,112,198,110,201,97,189,text,figure_text,figure_0,,,,24poi_20211228_164400_6509160707_600_800.png,/scratch/parceirosbr/bigoilict/share/BigOil/document_generator/datasets/documents_2021_12_28/24poi_20211228_164400_6509160707_600_800.png,24poi_20211228_164400_6509160707_600_800_mask.png,-8587.888
5,-4,11,-9,99,198,110,189,99,187,112,198,110,201,97,189,sub_line_text,figure_text,figure_0,,,,24poi_20211228_164400_6509160707_600_800.png,/scratch/parceirosbr/bigoilict/share/BigOil/document_generator/datasets/documents_2021_12_28/24poi_20211228_164400_6509160707_600_800.png,24poi_20211228_164400_6509160707_600_800_mask.png,-8587.888
11,2,22,4,132,227,154,231,132,228,153,227,154,230,132,231,text,figure_text,figure_0,,,,24poi_20211228_164400_6509160707_600_800.png,/scratch/parceirosbr/bigoilict/share/BigOil/document_generator/datasets/documents_2021_12_28/24poi_20211228_164400_6509160707_600_800.png,24poi_20211228_164400_6509160707_600_800_mask.png,Liters [ML]
11,2,22,4,132,227,154,231,132,228,153,227,154,230,132,231,sub_line_text,figure_text,figure_0,,,,24poi_20211228_164400_6509160707_600_800.png,/scratch/parceirosbr/bigoilict/share/BigOil/document_generator/datasets/documents_2021_12_28/24poi_20211228_164400_6509160707_600_800.png,24poi_20211228_164400_6509160707_600_800_mask.png,Liters [ML]
5,1,10,2,229,140,239,142,229,140,239,140,239,143,228,142,text,figure_text,figure_0,,,,24poi_20211228_164400_6509160707_600_800.png,/scratch/parceirosbr/bigoilict/share/BigOil/document_generator/datasets/documents_2021_12_28/24poi_20211228_164400_6509160707_600_800.png,24poi_20211228_164400_6509160707_600_800_mask.png,-936%
5,1,10,2,229,140,239,142,229,140,239,140,239,143,228,142,sub_line_text,figure_text,figure_0,,,,24poi_20211228_164400_6509160707_600_800.png,/scratch/parceirosbr/bigoilict/share/BigOil/document_generator/datasets/documents_2021_12_28/24poi_20211228_164400_6509160707_600_800.png,24poi_20211228_164400_6509160707_600_800_mask.png,-936%
7,-6,14,-12,98,157,112,145,98,143,115,157,112,160,96,145,text,figure_text,figure_0,,,,24poi_20211228_164400_6509160707_600_800.png,/scratch/parceirosbr/bigoilict/share/BigOil/document_generator/datasets/documents_2021_12_28/24poi_20211228_164400_6509160707_600_800.png,24poi_20211228_164400_6509160707_600_800_mask.png,Quality(MB)
7,-6,14,-12,98,157,112,145,98,143,115,157,112,160,96,145,sub_line_text,figure_text,figure_0,,,,24poi_20211228_164400_6509160707_600_800.png,/scratch/parceirosbr/bigoilict/share/BigOil/document_generator/datasets/documents_2021_12_28/24poi_20211228_164400_6509160707_600_800.png,24poi_20211228_164400_6509160707_600_800_mask.png,Quality(MB)
5,2,10,4,204,137,214,141,204,139,214,137,214,140,204,141,text,figure_text,figure_0,,,,24poi_20211228_164400_6509160707_600_800.png,/scratch/parceirosbr/bigoilict/share/BigOil/document_generator/datasets/documents_2021_12_28/24poi_20211228_164400_6509160707_600_800.png,24poi_20211228_164400_6509160707_600_800_mask.png,414.3
5,2,10,4,204,137,214,141,204,139,214,137,214,140,204,141,sub_line_text,figure_text,figure_0,,,,24poi_20211228_164400_6509160707_600_800.png,/scratch/parceirosbr/bigoilict/share/BigOil/document_generator/datasets/documents_2021_12_28/24poi_20211228_164400_6509160707_600_800.png,24poi_20211228_164400_6509160707_600_800_mask.png,414.3
7,2,15,4,219,153,234,157,219,155,233,153,234,156,219,157,text,figure_text,figure_0,,,,24poi_20211228_164400_6509160707_600_800.png,/scratch/parceirosbr/bigoilict/share/BigOil/document_generator/datasets/documents_2021_12_28/24poi_20211228_164400_6509160707_600_800.png,24poi_20211228_164400_6509160707_600_800_mask.png,-365.1%
7,2,15,4,219,153,234,157,219,155,233,153,234,156,219,157,sub_line_text,figure_text,figure_0,,,,24poi_20211228_164400_6509160707_600_800.png,/scratch/parceirosbr/bigoilict/share/BigOil/document_generator/datasets/documents_2021_12_28/24poi_20211228_164400_6509160707_600_800.png,24poi_20211228_164400_6509160707_600_800_mask.png,-365.1%
16,1,32,2,170,159,202,161,170,158,202,159,202,163,170,161,text,figure_text,figure_0,,,,24poi_20211228_164400_6509160707_600_800.png,/scratch/parceirosbr/bigoilict/share/BigOil/document_generator/datasets/documents_2021_12_28/24poi_20211228_164400_6509160707_600_800.png,24poi_20211228_164400_6509160707_600_800_mask.png,Consumption (KB)
16,1,32,2,170,159,202,161,170,158,202,159,202,163,170,161,sub_line_text,figure_text,figure_0,,,,24poi_20211228_164400_6509160707_600_800.png,/scratch/parceirosbr/bigoilict/share/BigOil/document_generator/datasets/documents_2021_12_28/24poi_20211228_164400_6509160707_600_800.png,24poi_20211228_164400_6509160707_600_800_mask.png,Consumption (KB)
10,-1,20,-3,120,220,140,217,120,214,141,220,140,223,119,217,text,figure_text,figure_0,,,,24poi_20211228_164400_6509160707_600_800.png,/scratch/parceirosbr/bigoilict/share/BigOil/document_generator/datasets/documents_2021_12_28/24poi_20211228_164400_6509160707_600_800.png,24poi_20211228_164400_6509160707_600_800_mask.png,Speed ​​[v]
10,-1,20,-3,120,220,140,217,120,214,141,220,140,223,119,217,sub_line_text,figure_text,figure_0,,,,24poi_20211228_164400_6509160707_600_800.png,/scratch/parceirosbr/bigoilict/share/BigOil/document_generator/datasets/documents_2021_12_28/24poi_20211228_164400_6509160707_600_800.png,24poi_20211228_164400_6509160707_600_800_mask.png,Speed ​​[v]
6,-2,12,-5,109,260,121,255,109,252,123,260,121,263,107,255,text,figure_text,figure_0,,,,24poi_20211228_164400_6509160707_600_800.png,/scratch/parceirosbr/bigoilict/share/BigOil/document_generator/datasets/documents_2021_12_28/24poi_20211228_164400_6509160707_600_800.png,24poi_20211228_164400_6509160707_600_800_mask.png,-4230.41
6,-2,12,-5,109,260,121,255,109,252,123,260,121,263,107,255,sub_line_text,figure_text,figure_0,,,,24poi_20211228_164400_6509160707_600_800.png,/scratch/parceirosbr/bigoilict/share/BigOil/document_generator/datasets/documents_2021_12_28/24poi_20211228_164400_6509160707_600_800.png,24poi_20211228_164400_6509160707_600_800_mask.png,-4230.41
4,-3,8,-6,127,141,135,135,127,132,137,141,135,144,124,135,text,figure_text,figure_0,,,,24poi_20211228_164400_6509160707_600_800.png,/scratch/parceirosbr/bigoilict/share/BigOil/document_generator/datasets/documents_2021_12_28/24poi_20211228_164400_6509160707_600_800.png,24poi_20211228_164400_6509160707_600_800_mask.png,Average
4,-3,8,-6,127,141,135,135,127,132,137,141,135,144,124,135,sub_line_text,figure_text,figure_0,,,,24poi_20211228_164400_6509160707_600_800.png,/scratch/parceirosbr/bigoilict/share/BigOil/document_generator/datasets/documents_2021_12_28/24poi_20211228_164400_6509160707_600_800.png,24poi_20211228_164400_6509160707_600_800_mask.png,Average
3,-1,6,-3,228,270,234,267,228,265,236,270,234,273,226,267,text,figure_text,figure_0,,,,24poi_20211228_164400_6509160707_600_800.png,/scratch/parceirosbr/bigoilict/share/BigOil/document_generator/datasets/documents_2021_12_28/24poi_20211228_164400_6509160707_600_800.png,24poi_20211228_164400_6509160707_600_800_mask.png,-9405
3,-1,6,-3,228,270,234,267,228,265,236,270,234,273,226,267,sub_line_text,figure_text,figure_0,,,,24poi_20211228_164400_6509160707_600_800.png,/scratch/parceirosbr/bigoilict/share/BigOil/document_generator/datasets/documents_2021_12_28/24poi_20211228_164400_6509160707_600_800.png,24poi_20211228_164400_6509160707_600_800_mask.png,-9405
2,-2,5,-4,263,177,268,173,263,171,270,177,268,180,261,173,text,figure_text,figure_0,,,,24poi_20211228_164400_6509160707_600_800.png,/scratch/parceirosbr/bigoilict/share/BigOil/document_generator/datasets/documents_2021_12_28/24poi_20211228_164400_6509160707_600_800.png,24poi_20211228_164400_6509160707_600_800_mask.png,Total
2,-2,5,-4,263,177,268,173,263,171,270,177,268,180,261,173,sub_line_text,figure_text,figure_0,,,,24poi_20211228_164400_6509160707_600_800.png,/scratch/parceirosbr/bigoilict/share/BigOil/document_generator/datasets/documents_2021_12_28/24poi_20211228_164400_6509160707_600_800.png,24poi_20211228_164400_6509160707_600_800_mask.png,Total
4,-1,9,-3,138,172,147,169,138,167,149,172,147,174,137,169,text,figure_text,figure_0,,,,24poi_20211228_164400_6509160707_600_800.png,/scratch/parceirosbr/bigoilict/share/BigOil/document_generator/datasets/documents_2021_12_28/24poi_20211228_164400_6509160707_600_800.png,24poi_20211228_164400_6509160707_600_800_mask.png,312.8%
4,-1,9,-3,138,172,147,169,138,167,149,172,147,174,137,169,sub_line_text,figure_text,figure_0,,,,24poi_20211228_164400_6509160707_600_800.png,/scratch/parceirosbr/bigoilict/share/BigOil/document_generator/datasets/documents_2021_12_28/24poi_20211228_164400_6509160707_600_800.png,24poi_20211228_164400_6509160707_600_800_mask.png,312.8%
6,1,13,2,195,151,208,153,195,150,208,151,208,154,194,153,text,figure_text,figure_0,,,,24poi_20211228_164400_6509160707_600_800.png,/scratch/parceirosbr/bigoilict/share/BigOil/document_generator/datasets/documents_2021_12_28/24poi_20211228_164400_6509160707_600_800.png,24poi_20211228_164400_6509160707_600_800_mask.png,-615.8%
6,1,13,2,195,151,208,153,195,150,208,151,208,154,194,153,sub_line_text,figure_text,figure_0,,,,24poi_20211228_164400_6509160707_600_800.png,/scratch/parceirosbr/bigoilict/share/BigOil/document_generator/datasets/documents_2021_12_28/24poi_20211228_164400_6509160707_600_800.png,24poi_20211228_164400_6509160707_600_800_mask.png,-615.8%
100,4,200,9,90,315,290,324,90,315,290,315,290,324,90,324,sub_line_text,figure_legend,figure_1,times,bold,7,24poi_20211228_164400_6509160707_600_800.png,/scratch/parceirosbr/bigoilict/share/BigOil/document_generator/datasets/documents_2021_12_28/24poi_20211228_164400_6509160707_600_800.png,24poi_20211228_164400_6509160707_600_800_mask.png,Figure  105:    A falta de umavisão de longo prazo exposta de f-
100,4,201,9,90,331,291,340,90,331,291,331,291,340,90,340,sub_line_text,figure_legend,figure_1,times,bold,7,24poi_20211228_164400_6509160707_600_800.png,/scratch/parceirosbr/bigoilict/share/BigOil/document_generator/datasets/documents_2021_12_28/24poi_20211228_164400_6509160707_600_800.png,24poi_20211228_164400_6509160707_600_800_mask.png,ormatransparente  e  confiável  e desestimula a presençade difer-
100,4,201,9,90,347,291,356,90,347,291,347,291,356,90,356,sub_line_text,figure_legend,figure_1,times,bold,7,24poi_20211228_164400_6509160707_600_800.png,/scratch/parceirosbr/bigoilict/share/BigOil/document_generator/datasets/documents_2021_12_28/24poi_20211228_164400_6509160707_600_800.png,24poi_20211228_164400_6509160707_600_800_mask.png,"entes  agentes  econômicos,limitando  no  tempo o efeito dosince-"
47,4,94,9,90,363,184,372,90,363,184,363,184,372,90,372,sub_line_text,figure_legend,figure_1,times,bold,7,24poi_20211228_164400_6509160707_600_800.png,/scratch/parceirosbr/bigoilict/share/BigOil/document_generator/datasets/documents_2021_12_28/24poi_20211228_164400_6509160707_600_800.png,24poi_20211228_164400_6509160707_600_800_mask.png,ntivos fiscais.  Comparison of
100,28,201,57,90,315,291,372,90,315,291,315,291,372,90,372,text,figure_legend,figure_1,times,bold,7,24poi_20211228_164400_6509160707_600_800.png,/scratch/parceirosbr/bigoilict/share/BigOil/document_generator/datasets/documents_2021_12_28/24poi_20211228_164400_6509160707_600_800.png,24poi_20211228_164400_6509160707_600_800_mask.png,nan
113,67,227,135,67,377,294,512,67,377,294,377,294,512,67,512,image,figure_image,figure_1,,,,24poi_20211228_164400_6509160707_600_800.png,/scratch/parceirosbr/bigoilict/share/BigOil/document_generator/datasets/documents_2021_12_28/24poi_20211228_164400_6509160707_600_800.png,24poi_20211228_164400_6509160707_600_800_mask.png,output/gen_img_20211228_164401_4608926300.png
4,-2,8,-4,198,506,206,502,198,499,208,506,206,508,196,502,text,figure_text,figure_1,,,,24poi_20211228_164400_6509160707_600_800.png,/scratch/parceirosbr/bigoilict/share/BigOil/document_generator/datasets/documents_2021_12_28/24poi_20211228_164400_6509160707_600_800.png,24poi_20211228_164400_6509160707_600_800_mask.png,-6787.6
4,-2,8,-4,198,506,206,502,198,499,208,506,206,508,196,502,sub_line_text,figure_text,figure_1,,,,24poi_20211228_164400_6509160707_600_800.png,/scratch/parceirosbr/bigoilict/share/BigOil/document_generator/datasets/documents_2021_12_28/24poi_20211228_164400_6509160707_600_800.png,24poi_20211228_164400_6509160707_600_800_mask.png,-6787.6
4,-2,9,-4,142,501,151,497,142,494,152,501,151,504,140,497,text,figure_text,figure_1,,,,24poi_20211228_164400_6509160707_600_800.png,/scratch/parceirosbr/bigoilict/share/BigOil/document_generator/datasets/documents_2021_12_28/24poi_20211228_164400_6509160707_600_800.png,24poi_20211228_164400_6509160707_600_800_mask.png,Traction
4,-2,9,-4,142,501,151,497,142,494,152,501,151,504,140,497,sub_line_text,figure_text,figure_1,,,,24poi_20211228_164400_6509160707_600_800.png,/scratch/parceirosbr/bigoilict/share/BigOil/document_generator/datasets/documents_2021_12_28/24poi_20211228_164400_6509160707_600_800.png,24poi_20211228_164400_6509160707_600_800_mask.png,Traction
2,-1,5,-2,145,468,150,466,145,463,152,468,150,470,143,466,text,figure_text,figure_1,,,,24poi_20211228_164400_6509160707_600_800.png,/scratch/parceirosbr/bigoilict/share/BigOil/document_generator/datasets/documents_2021_12_28/24poi_20211228_164400_6509160707_600_800.png,24poi_20211228_164400_6509160707_600_800_mask.png,-9403
2,-1,5,-2,145,468,150,466,145,463,152,468,150,470,143,466,sub_line_text,figure_text,figure_1,,,,24poi_20211228_164400_6509160707_600_800.png,/scratch/parceirosbr/bigoilict/share/BigOil/document_generator/datasets/documents_2021_12_28/24poi_20211228_164400_6509160707_600_800.png,24poi_20211228_164400_6509160707_600_800_mask.png,-9403
7,-4,14,-8,87,407,101,399,87,396,103,407,101,409,85,399,text,figure_text,figure_1,,,,24poi_20211228_164400_6509160707_600_800.png,/scratch/parceirosbr/bigoilict/share/BigOil/document_generator/datasets/documents_2021_12_28/24poi_20211228_164400_6509160707_600_800.png,24poi_20211228_164400_6509160707_600_800_mask.png,Performance
7,-4,14,-8,87,407,101,399,87,396,103,407,101,409,85,399,sub_line_text,figure_text,figure_1,,,,24poi_20211228_164400_6509160707_600_800.png,/scratch/parceirosbr/bigoilict/share/BigOil/document_generator/datasets/documents_2021_12_28/24poi_20211228_164400_6509160707_600_800.png,24poi_20211228_164400_6509160707_600_800_mask.png,Performance
5,-2,10,-5,234,450,244,445,234,443,246,450,244,453,232,445,text,figure_text,figure_1,,,,24poi_20211228_164400_6509160707_600_800.png,/scratch/parceirosbr/bigoilict/share/BigOil/document_generator/datasets/documents_2021_12_28/24poi_20211228_164400_6509160707_600_800.png,24poi_20211228_164400_6509160707_600_800_mask.png,-1065.11
5,-2,10,-5,234,450,244,445,234,443,246,450,244,453,232,445,sub_line_text,figure_text,figure_1,,,,24poi_20211228_164400_6509160707_600_800.png,/scratch/parceirosbr/bigoilict/share/BigOil/document_generator/datasets/documents_2021_12_28/24poi_20211228_164400_6509160707_600_800.png,24poi_20211228_164400_6509160707_600_800_mask.png,-1065.11
5,-2,11,-5,218,477,229,472,218,469,232,477,229,481,215,472,text,figure_text,figure_1,,,,24poi_20211228_164400_6509160707_600_800.png,/scratch/parceirosbr/bigoilict/share/BigOil/document_generator/datasets/documents_2021_12_28/24poi_20211228_164400_6509160707_600_800.png,24poi_20211228_164400_6509160707_600_800_mask.png,Level (kw)
5,-2,11,-5,218,477,229,472,218,469,232,477,229,481,215,472,sub_line_text,figure_text,figure_1,,,,24poi_20211228_164400_6509160707_600_800.png,/scratch/parceirosbr/bigoilict/share/BigOil/document_generator/datasets/documents_2021_12_28/24poi_20211228_164400_6509160707_600_800.png,24poi_20211228_164400_6509160707_600_800_mask.png,Level (kw)
7,-3,14,-7,258,412,272,405,258,402,274,412,272,415,256,405,text,figure_text,figure_1,,,,24poi_20211228_164400_6509160707_600_800.png,/scratch/parceirosbr/bigoilict/share/BigOil/document_generator/datasets/documents_2021_12_28/24poi_20211228_164400_6509160707_600_800.png,24poi_20211228_164400_6509160707_600_800_mask.png,Performance
7,-3,14,-7,258,412,272,405,258,402,274,412,272,415,256,405,sub_line_text,figure_text,figure_1,,,,24poi_20211228_164400_6509160707_600_800.png,/scratch/parceirosbr/bigoilict/share/BigOil/document_generator/datasets/documents_2021_12_28/24poi_20211228_164400_6509160707_600_800.png,24poi_20211228_164400_6509160707_600_800_mask.png,Performance
6,-3,13,-6,170,485,183,479,170,476,185,485,183,488,168,479,text,figure_text,figure_1,,,,24poi_20211228_164400_6509160707_600_800.png,/scratch/parceirosbr/bigoilict/share/BigOil/document_generator/datasets/documents_2021_12_28/24poi_20211228_164400_6509160707_600_800.png,24poi_20211228_164400_6509160707_600_800_mask.png,-4200.50%
6,-3,13,-6,170,485,183,479,170,476,185,485,183,488,168,479,sub_line_text,figure_text,figure_1,,,,24poi_20211228_164400_6509160707_600_800.png,/scratch/parceirosbr/bigoilict/share/BigOil/document_generator/datasets/documents_2021_12_28/24poi_20211228_164400_6509160707_600_800.png,24poi_20211228_164400_6509160707_600_800_mask.png,-4200.50%
5,-2,10,-5,264,457,274,452,264,449,276,457,274,460,262,452,text,figure_text,figure_1,,,,24poi_20211228_164400_6509160707_600_800.png,/scratch/parceirosbr/bigoilict/share/BigOil/document_generator/datasets/documents_2021_12_28/24poi_20211228_164400_6509160707_600_800.png,24poi_20211228_164400_6509160707_600_800_mask.png,-7004.2%
5,-2,10,-5,264,457,274,452,264,449,276,457,274,460,262,452,sub_line_text,figure_text,figure_1,,,,24poi_20211228_164400_6509160707_600_800.png,/scratch/parceirosbr/bigoilict/share/BigOil/document_generator/datasets/documents_2021_12_28/24poi_20211228_164400_6509160707_600_800.png,24poi_20211228_164400_6509160707_600_800_mask.png,-7004.2%
7,-4,15,-8,190,481,205,473,190,470,207,481,205,485,188,473,text,figure_text,figure_1,,,,24poi_20211228_164400_6509160707_600_800.png,/scratch/parceirosbr/bigoilict/share/BigOil/document_generator/datasets/documents_2021_12_28/24poi_20211228_164400_6509160707_600_800.png,24poi_20211228_164400_6509160707_600_800_mask.png,Volume [TB]
7,-4,15,-8,190,481,205,473,190,470,207,481,205,485,188,473,sub_line_text,figure_text,figure_1,,,,24poi_20211228_164400_6509160707_600_800.png,/scratch/parceirosbr/bigoilict/share/BigOil/document_generator/datasets/documents_2021_12_28/24poi_20211228_164400_6509160707_600_800.png,24poi_20211228_164400_6509160707_600_800_mask.png,Volume [TB]
5,-2,11,-5,248,391,259,386,248,382,261,391,259,395,245,386,text,figure_text,figure_1,,,,24poi_20211228_164400_6509160707_600_800.png,/scratch/parceirosbr/bigoilict/share/BigOil/document_generator/datasets/documents_2021_12_28/24poi_20211228_164400_6509160707_600_800.png,24poi_20211228_164400_6509160707_600_800_mask.png,Male [km]
5,-2,11,-5,248,391,259,386,248,382,261,391,259,395,245,386,sub_line_text,figure_text,figure_1,,,,24poi_20211228_164400_6509160707_600_800.png,/scratch/parceirosbr/bigoilict/share/BigOil/document_generator/datasets/documents_2021_12_28/24poi_20211228_164400_6509160707_600_800.png,24poi_20211228_164400_6509160707_600_800_mask.png,Male [km]
85,4,170,9,90,551,260,560,90,551,260,551,260,560,90,560,sub_line_text,figure_legend,figure_2,times,bold,7,24poi_20211228_164400_6509160707_600_800.png,/scratch/parceirosbr/bigoilict/share/BigOil/document_generator/datasets/documents_2021_12_28/24poi_20211228_164400_6509160707_600_800.png,24poi_20211228_164400_6509160707_600_800_mask.png,Figure 128:  Accelerated changes would be triggered in
85,4,170,9,90,551,260,560,90,551,260,551,260,560,90,560,text,figure_legend,figure_2,times,bold,7,24poi_20211228_164400_6509160707_600_800.png,/scratch/parceirosbr/bigoilict/share/BigOil/document_generator/datasets/documents_2021_12_28/24poi_20211228_164400_6509160707_600_800.png,24poi_20211228_164400_6509160707_600_800_mask.png,nan
93,55,186,111,87,565,273,676,87,565,273,565,273,676,87,676,image,figure_image,figure_2,,,,24poi_20211228_164400_6509160707_600_800.png,/scratch/parceirosbr/bigoilict/share/BigOil/document_generator/datasets/documents_2021_12_28/24poi_20211228_164400_6509160707_600_800.png,24poi_20211228_164400_6509160707_600_800_mask.png,output/gen_img_20211228_164402_2905702912.png
7,0,15,-1,234,628,249,627,234,624,250,628,249,631,233,627,text,figure_text,figure_2,,,,24poi_20211228_164400_6509160707_600_800.png,/scratch/parceirosbr/bigoilict/share/BigOil/document_generator/datasets/documents_2021_12_28/24poi_20211228_164400_6509160707_600_800.png,24poi_20211228_164400_6509160707_600_800_mask.png,Liters (L)
7,0,15,-1,234,628,249,627,234,624,250,628,249,631,233,627,sub_line_text,figure_text,figure_2,,,,24poi_20211228_164400_6509160707_600_800.png,/scratch/parceirosbr/bigoilict/share/BigOil/document_generator/datasets/documents_2021_12_28/24poi_20211228_164400_6509160707_600_800.png,24poi_20211228_164400_6509160707_600_800_mask.png,Liters (L)
9,1,18,2,221,580,239,582,221,580,239,580,239,582,221,582,text,figure_text,figure_2,,,,24poi_20211228_164400_6509160707_600_800.png,/scratch/parceirosbr/bigoilict/share/BigOil/document_generator/datasets/documents_2021_12_28/24poi_20211228_164400_6509160707_600_800.png,24poi_20211228_164400_6509160707_600_800_mask.png,Demand [TB]
9,1,18,2,221,580,239,582,221,580,239,580,239,582,221,582,sub_line_text,figure_text,figure_2,,,,24poi_20211228_164400_6509160707_600_800.png,/scratch/parceirosbr/bigoilict/share/BigOil/document_generator/datasets/documents_2021_12_28/24poi_20211228_164400_6509160707_600_800.png,24poi_20211228_164400_6509160707_600_800_mask.png,Demand [TB]
8,-1,17,-2,115,586,132,584,115,582,132,586,132,589,114,584,text,figure_text,figure_2,,,,24poi_20211228_164400_6509160707_600_800.png,/scratch/parceirosbr/bigoilict/share/BigOil/document_generator/datasets/documents_2021_12_28/24poi_20211228_164400_6509160707_600_800.png,24poi_20211228_164400_6509160707_600_800_mask.png,Volume [MB]
8,-1,17,-2,115,586,132,584,115,582,132,586,132,589,114,584,sub_line_text,figure_text,figure_2,,,,24poi_20211228_164400_6509160707_600_800.png,/scratch/parceirosbr/bigoilict/share/BigOil/document_generator/datasets/documents_2021_12_28/24poi_20211228_164400_6509160707_600_800.png,24poi_20211228_164400_6509160707_600_800_mask.png,Volume [MB]
4,-1,9,-2,125,576,134,574,125,571,135,576,134,578,124,574,text,figure_text,figure_2,,,,24poi_20211228_164400_6509160707_600_800.png,/scratch/parceirosbr/bigoilict/share/BigOil/document_generator/datasets/documents_2021_12_28/24poi_20211228_164400_6509160707_600_800.png,24poi_20211228_164400_6509160707_600_800_mask.png,-4563.4
4,-1,9,-2,125,576,134,574,125,571,135,576,134,578,124,574,sub_line_text,figure_text,figure_2,,,,24poi_20211228_164400_6509160707_600_800.png,/scratch/parceirosbr/bigoilict/share/BigOil/document_generator/datasets/documents_2021_12_28/24poi_20211228_164400_6509160707_600_800.png,24poi_20211228_164400_6509160707_600_800_mask.png,-4563.4
8,0,16,1,118,641,134,642,118,640,134,641,134,644,117,642,text,figure_text,figure_2,,,,24poi_20211228_164400_6509160707_600_800.png,/scratch/parceirosbr/bigoilict/share/BigOil/document_generator/datasets/documents_2021_12_28/24poi_20211228_164400_6509160707_600_800.png,24poi_20211228_164400_6509160707_600_800_mask.png,Reflective
8,0,16,1,118,641,134,642,118,640,134,641,134,644,117,642,sub_line_text,figure_text,figure_2,,,,24poi_20211228_164400_6509160707_600_800.png,/scratch/parceirosbr/bigoilict/share/BigOil/document_generator/datasets/documents_2021_12_28/24poi_20211228_164400_6509160707_600_800.png,24poi_20211228_164400_6509160707_600_800_mask.png,Reflective
6,3,13,7,176,584,189,591,176,589,188,584,189,586,176,591,text,figure_text,figure_2,,,,24poi_20211228_164400_6509160707_600_800.png,/scratch/parceirosbr/bigoilict/share/BigOil/document_generator/datasets/documents_2021_12_28/24poi_20211228_164400_6509160707_600_800.png,24poi_20211228_164400_6509160707_600_800_mask.png,Traction
6,3,13,7,176,584,189,591,176,589,188,584,189,586,176,591,sub_line_text,figure_text,figure_2,,,,24poi_20211228_164400_6509160707_600_800.png,/scratch/parceirosbr/bigoilict/share/BigOil/document_generator/datasets/documents_2021_12_28/24poi_20211228_164400_6509160707_600_800.png,24poi_20211228_164400_6509160707_600_800_mask.png,Traction
6,1,13,2,250,656,263,658,250,655,263,656,263,658,249,658,text,figure_text,figure_2,,,,24poi_20211228_164400_6509160707_600_800.png,/scratch/parceirosbr/bigoilict/share/BigOil/document_generator/datasets/documents_2021_12_28/24poi_20211228_164400_6509160707_600_800.png,24poi_20211228_164400_6509160707_600_800_mask.png,-1998.11
6,1,13,2,250,656,263,658,250,655,263,656,263,658,249,658,sub_line_text,figure_text,figure_2,,,,24poi_20211228_164400_6509160707_600_800.png,/scratch/parceirosbr/bigoilict/share/BigOil/document_generator/datasets/documents_2021_12_28/24poi_20211228_164400_6509160707_600_800.png,24poi_20211228_164400_6509160707_600_800_mask.png,-1998.11
6,-1,13,-2,213,605,226,603,213,600,227,605,226,607,212,603,text,figure_text,figure_2,,,,24poi_20211228_164400_6509160707_600_800.png,/scratch/parceirosbr/bigoilict/share/BigOil/document_generator/datasets/documents_2021_12_28/24poi_20211228_164400_6509160707_600_800.png,24poi_20211228_164400_6509160707_600_800_mask.png,Data [MB]
6,-1,13,-2,213,605,226,603,213,600,227,605,226,607,212,603,sub_line_text,figure_text,figure_2,,,,24poi_20211228_164400_6509160707_600_800.png,/scratch/parceirosbr/bigoilict/share/BigOil/document_generator/datasets/documents_2021_12_28/24poi_20211228_164400_6509160707_600_800.png,24poi_20211228_164400_6509160707_600_800_mask.png,Data [MB]
6,0,12,-1,183,652,195,651,183,649,196,652,195,654,183,651,text,figure_text,figure_2,,,,24poi_20211228_164400_6509160707_600_800.png,/scratch/parceirosbr/bigoilict/share/BigOil/document_generator/datasets/documents_2021_12_28/24poi_20211228_164400_6509160707_600_800.png,24poi_20211228_164400_6509160707_600_800_mask.png,-6221.15
6,0,12,-1,183,652,195,651,183,649,196,652,195,654,183,651,sub_line_text,figure_text,figure_2,,,,24poi_20211228_164400_6509160707_600_800.png,/scratch/parceirosbr/bigoilict/share/BigOil/document_generator/datasets/documents_2021_12_28/24poi_20211228_164400_6509160707_600_800.png,24poi_20211228_164400_6509160707_600_800_mask.png,-6221.15
3,0,6,-1,243,569,249,568,243,566,250,569,249,571,242,568,text,figure_text,figure_2,,,,24poi_20211228_164400_6509160707_600_800.png,/scratch/parceirosbr/bigoilict/share/BigOil/document_generator/datasets/documents_2021_12_28/24poi_20211228_164400_6509160707_600_800.png,24poi_20211228_164400_6509160707_600_800_mask.png,-908%
3,0,6,-1,243,569,249,568,243,566,250,569,249,571,242,568,sub_line_text,figure_text,figure_2,,,,24poi_20211228_164400_6509160707_600_800.png,/scratch/parceirosbr/bigoilict/share/BigOil/document_generator/datasets/documents_2021_12_28/24poi_20211228_164400_6509160707_600_800.png,24poi_20211228_164400_6509160707_600_800_mask.png,-908%
9,3,18,7,137,662,155,669,137,666,155,662,155,665,138,669,text,figure_text,figure_2,,,,24poi_20211228_164400_6509160707_600_800.png,/scratch/parceirosbr/bigoilict/share/BigOil/document_generator/datasets/documents_2021_12_28/24poi_20211228_164400_6509160707_600_800.png,24poi_20211228_164400_6509160707_600_800_mask.png,Energy (kw)
9,3,18,7,137,662,155,669,137,666,155,662,155,665,138,669,sub_line_text,figure_text,figure_2,,,,24poi_20211228_164400_6509160707_600_800.png,/scratch/parceirosbr/bigoilict/share/BigOil/document_generator/datasets/documents_2021_12_28/24poi_20211228_164400_6509160707_600_800.png,24poi_20211228_164400_6509160707_600_800_mask.png,Energy (kw)
92,4,184,9,342,62,526,71,342,62,526,62,526,71,342,71,sub_line_text,figure_legend,figure_3,times,bold,7,24poi_20211228_164400_6509160707_600_800.png,/scratch/parceirosbr/bigoilict/share/BigOil/document_generator/datasets/documents_2021_12_28/24poi_20211228_164400_6509160707_600_800.png,24poi_20211228_164400_6509160707_600_800_mask.png,Fig.  149:    After  counting  about 250 particles for each of
86,4,172,9,342,78,514,87,342,78,514,78,514,87,342,87,sub_line_text,figure_legend,figure_3,times,bold,7,24poi_20211228_164400_6509160707_600_800.png,/scratch/parceirosbr/bigoilict/share/BigOil/document_generator/datasets/documents_2021_12_28/24poi_20211228_164400_6509160707_600_800.png,24poi_20211228_164400_6509160707_600_800_mask.png,"the catalysts, histograms were constructed with the part"
92,12,184,25,342,62,526,87,342,62,526,62,526,87,342,87,text,figure_legend,figure_3,times,bold,7,24poi_20211228_164400_6509160707_600_800.png,/scratch/parceirosbr/bigoilict/share/BigOil/document_generator/datasets/documents_2021_12_28/24poi_20211228_164400_6509160707_600_800.png,24poi_20211228_164400_6509160707_600_800_mask.png,nan
84,112,168,225,348,92,516,317,348,92,516,92,516,317,348,317,image,figure_image,figure_3,,,,24poi_20211228_164400_6509160707_600_800.png,/scratch/parceirosbr/bigoilict/share/BigOil/document_generator/datasets/documents_2021_12_28/24poi_20211228_164400_6509160707_600_800.png,24poi_20211228_164400_6509160707_600_800_mask.png,output/gen_img_20211228_164403_2978939284.png
13,3,27,6,398,129,425,135,398,129,425,129,425,135,398,135,text,figure_text,figure_3,,,,24poi_20211228_164400_6509160707_600_800.png,/scratch/parceirosbr/bigoilict/share/BigOil/document_generator/datasets/documents_2021_12_28/24poi_20211228_164400_6509160707_600_800.png,24poi_20211228_164400_6509160707_600_800_mask.png,Volume (MB)
13,3,27,6,398,129,425,135,398,129,425,129,425,135,398,135,sub_line_text,figure_text,figure_3,,,,24poi_20211228_164400_6509160707_600_800.png,/scratch/parceirosbr/bigoilict/share/BigOil/document_generator/datasets/documents_2021_12_28/24poi_20211228_164400_6509160707_600_800.png,24poi_20211228_164400_6509160707_600_800_mask.png,Volume (MB)
4,2,9,5,356,306,365,311,356,306,365,306,365,311,356,311,text,figure_text,figure_3,,,,24poi_20211228_164400_6509160707_600_800.png,/scratch/parceirosbr/bigoilict/share/BigOil/document_generator/datasets/documents_2021_12_28/24poi_20211228_164400_6509160707_600_800.png,24poi_20211228_164400_6509160707_600_800_mask.png,Unit
4,2,9,5,356,306,365,311,356,306,365,306,365,311,356,311,sub_line_text,figure_text,figure_3,,,,24poi_20211228_164400_6509160707_600_800.png,/scratch/parceirosbr/bigoilict/share/BigOil/document_generator/datasets/documents_2021_12_28/24poi_20211228_164400_6509160707_600_800.png,24poi_20211228_164400_6509160707_600_800_mask.png,Unit
9,2,18,5,471,153,489,158,471,153,489,153,489,158,471,158,text,figure_text,figure_3,,,,24poi_20211228_164400_6509160707_600_800.png,/scratch/parceirosbr/bigoilict/share/BigOil/document_generator/datasets/documents_2021_12_28/24poi_20211228_164400_6509160707_600_800.png,24poi_20211228_164400_6509160707_600_800_mask.png,Data (TB)
9,2,18,5,471,153,489,158,471,153,489,153,489,158,471,158,sub_line_text,figure_text,figure_3,,,,24poi_20211228_164400_6509160707_600_800.png,/scratch/parceirosbr/bigoilict/share/BigOil/document_generator/datasets/documents_2021_12_28/24poi_20211228_164400_6509160707_600_800.png,24poi_20211228_164400_6509160707_600_800_mask.png,Data (TB)
8,3,16,6,362,131,378,137,362,131,378,131,378,137,362,137,text,figure_text,figure_3,,,,24poi_20211228_164400_6509160707_600_800.png,/scratch/parceirosbr/bigoilict/share/BigOil/document_generator/datasets/documents_2021_12_28/24poi_20211228_164400_6509160707_600_800.png,24poi_20211228_164400_6509160707_600_800_mask.png,-3042%
8,3,16,6,362,131,378,137,362,131,378,131,378,137,362,137,sub_line_text,figure_text,figure_3,,,,24poi_20211228_164400_6509160707_600_800.png,/scratch/parceirosbr/bigoilict/share/BigOil/document_generator/datasets/documents_2021_12_28/24poi_20211228_164400_6509160707_600_800.png,24poi_20211228_164400_6509160707_600_800_mask.png,-3042%
19,3,38,7,438,274,476,281,438,274,476,274,476,281,438,281,text,figure_text,figure_3,,,,24poi_20211228_164400_6509160707_600_800.png,/scratch/parceirosbr/bigoilict/share/BigOil/document_generator/datasets/documents_2021_12_28/24poi_20211228_164400_6509160707_600_800.png,24poi_20211228_164400_6509160707_600_800_mask.png,Consumption (KB)
19,3,38,7,438,274,476,281,438,274,476,274,476,281,438,281,sub_line_text,figure_text,figure_3,,,,24poi_20211228_164400_6509160707_600_800.png,/scratch/parceirosbr/bigoilict/share/BigOil/document_generator/datasets/documents_2021_12_28/24poi_20211228_164400_6509160707_600_800.png,24poi_20211228_164400_6509160707_600_800_mask.png,Consumption (KB)
14,3,28,6,355,167,383,173,355,167,383,167,383,173,355,173,text,figure_text,figure_3,,,,24poi_20211228_164400_6509160707_600_800.png,/scratch/parceirosbr/bigoilict/share/BigOil/document_generator/datasets/documents_2021_12_28/24poi_20211228_164400_6509160707_600_800.png,24poi_20211228_164400_6509160707_600_800_mask.png,Demand (GB)
14,3,28,6,355,167,383,173,355,167,383,167,383,173,355,173,sub_line_text,figure_text,figure_3,,,,24poi_20211228_164400_6509160707_600_800.png,/scratch/parceirosbr/bigoilict/share/BigOil/document_generator/datasets/documents_2021_12_28/24poi_20211228_164400_6509160707_600_800.png,24poi_20211228_164400_6509160707_600_800_mask.png,Demand (GB)
8,2,17,5,474,290,491,295,474,290,491,290,491,295,474,295,text,figure_text,figure_3,,,,24poi_20211228_164400_6509160707_600_800.png,/scratch/parceirosbr/bigoilict/share/BigOil/document_generator/datasets/documents_2021_12_28/24poi_20211228_164400_6509160707_600_800.png,24poi_20211228_164400_6509160707_600_800_mask.png,Male (M)
8,2,17,5,474,290,491,295,474,290,491,290,491,295,474,295,sub_line_text,figure_text,figure_3,,,,24poi_20211228_164400_6509160707_600_800.png,/scratch/parceirosbr/bigoilict/share/BigOil/document_generator/datasets/documents_2021_12_28/24poi_20211228_164400_6509160707_600_800.png,24poi_20211228_164400_6509160707_600_800_mask.png,Male (M)
8,3,17,6,397,230,414,236,397,230,414,230,414,236,397,236,text,figure_text,figure_3,,,,24poi_20211228_164400_6509160707_600_800.png,/scratch/parceirosbr/bigoilict/share/BigOil/document_generator/datasets/documents_2021_12_28/24poi_20211228_164400_6509160707_600_800.png,24poi_20211228_164400_6509160707_600_800_mask.png,-9909.2
8,3,17,6,397,230,414,236,397,230,414,230,414,236,397,236,sub_line_text,figure_text,figure_3,,,,24poi_20211228_164400_6509160707_600_800.png,/scratch/parceirosbr/bigoilict/share/BigOil/document_generator/datasets/documents_2021_12_28/24poi_20211228_164400_6509160707_600_800.png,24poi_20211228_164400_6509160707_600_800_mask.png,-9909.2
10,3,20,6,372,185,392,191,372,185,392,185,392,191,372,191,text,figure_text,figure_3,,,,24poi_20211228_164400_6509160707_600_800.png,/scratch/parceirosbr/bigoilict/share/BigOil/document_generator/datasets/documents_2021_12_28/24poi_20211228_164400_6509160707_600_800.png,24poi_20211228_164400_6509160707_600_800_mask.png,-7659.58
10,3,20,6,372,185,392,191,372,185,392,185,392,191,372,191,sub_line_text,figure_text,figure_3,,,,24poi_20211228_164400_6509160707_600_800.png,/scratch/parceirosbr/bigoilict/share/BigOil/document_generator/datasets/documents_2021_12_28/24poi_20211228_164400_6509160707_600_800.png,24poi_20211228_164400_6509160707_600_800_mask.png,-7659.58
10,2,21,5,481,181,502,186,481,181,502,181,502,186,481,186,text,figure_text,figure_3,,,,24poi_20211228_164400_6509160707_600_800.png,/scratch/parceirosbr/bigoilict/share/BigOil/document_generator/datasets/documents_2021_12_28/24poi_20211228_164400_6509160707_600_800.png,24poi_20211228_164400_6509160707_600_800_mask.png,-3351.9%
10,2,21,5,481,181,502,186,481,181,502,181,502,186,481,186,sub_line_text,figure_text,figure_3,,,,24poi_20211228_164400_6509160707_600_800.png,/scratch/parceirosbr/bigoilict/share/BigOil/document_generator/datasets/documents_2021_12_28/24poi_20211228_164400_6509160707_600_800.png,24poi_20211228_164400_6509160707_600_800_mask.png,-3351.9%
12,2,24,5,437,103,461,108,437,103,461,103,461,108,437,108,text,figure_text,figure_3,,,,24poi_20211228_164400_6509160707_600_800.png,/scratch/parceirosbr/bigoilict/share/BigOil/document_generator/datasets/documents_2021_12_28/24poi_20211228_164400_6509160707_600_800.png,24poi_20211228_164400_6509160707_600_800_mask.png,Water [MM]
12,2,24,5,437,103,461,108,437,103,461,103,461,108,437,108,sub_line_text,figure_text,figure_3,,,,24poi_20211228_164400_6509160707_600_800.png,/scratch/parceirosbr/bigoilict/share/BigOil/document_generator/datasets/documents_2021_12_28/24poi_20211228_164400_6509160707_600_800.png,24poi_20211228_164400_6509160707_600_800_mask.png,Water [MM]
8,3,16,6,374,176,390,182,374,176,390,176,390,182,374,182,text,figure_text,figure_3,,,,24poi_20211228_164400_6509160707_600_800.png,/scratch/parceirosbr/bigoilict/share/BigOil/document_generator/datasets/documents_2021_12_28/24poi_20211228_164400_6509160707_600_800.png,24poi_20211228_164400_6509160707_600_800_mask.png,Average
8,3,16,6,374,176,390,182,374,176,390,176,390,182,374,182,sub_line_text,figure_text,figure_3,,,,24poi_20211228_164400_6509160707_600_800.png,/scratch/parceirosbr/bigoilict/share/BigOil/document_generator/datasets/documents_2021_12_28/24poi_20211228_164400_6509160707_600_800.png,24poi_20211228_164400_6509160707_600_800_mask.png,Average
6,2,13,5,463,180,476,185,463,180,476,180,476,185,463,185,text,figure_text,figure_3,,,,24poi_20211228_164400_6509160707_600_800.png,/scratch/parceirosbr/bigoilict/share/BigOil/document_generator/datasets/documents_2021_12_28/24poi_20211228_164400_6509160707_600_800.png,24poi_20211228_164400_6509160707_600_800_mask.png,-8378
6,2,13,5,463,180,476,185,463,180,476,180,476,185,463,185,sub_line_text,figure_text,figure_3,,,,24poi_20211228_164400_6509160707_600_800.png,/scratch/parceirosbr/bigoilict/share/BigOil/document_generator/datasets/documents_2021_12_28/24poi_20211228_164400_6509160707_600_800.png,24poi_20211228_164400_6509160707_600_800_mask.png,-8378
12,2,24,5,423,146,447,151,423,146,447,146,447,151,423,151,text,figure_text,figure_3,,,,24poi_20211228_164400_6509160707_600_800.png,/scratch/parceirosbr/bigoilict/share/BigOil/document_generator/datasets/documents_2021_12_28/24poi_20211228_164400_6509160707_600_800.png,24poi_20211228_164400_6509160707_600_800_mask.png,-3720.91%
12,2,24,5,423,146,447,151,423,146,447,146,447,151,423,151,sub_line_text,figure_text,figure_3,,,,24poi_20211228_164400_6509160707_600_800.png,/scratch/parceirosbr/bigoilict/share/BigOil/document_generator/datasets/documents_2021_12_28/24poi_20211228_164400_6509160707_600_800.png,24poi_20211228_164400_6509160707_600_800_mask.png,-3720.91%
13,3,26,6,454,113,480,119,454,113,480,113,480,119,454,119,text,figure_text,figure_3,,,,24poi_20211228_164400_6509160707_600_800.png,/scratch/parceirosbr/bigoilict/share/BigOil/document_generator/datasets/documents_2021_12_28/24poi_20211228_164400_6509160707_600_800.png,24poi_20211228_164400_6509160707_600_800_mask.png,Volume (KB)
13,3,26,6,454,113,480,119,454,113,480,113,480,119,454,119,sub_line_text,figure_text,figure_3,,,,24poi_20211228_164400_6509160707_600_800.png,/scratch/parceirosbr/bigoilict/share/BigOil/document_generator/datasets/documents_2021_12_28/24poi_20211228_164400_6509160707_600_800.png,24poi_20211228_164400_6509160707_600_800_mask.png,Volume (KB)
13,3,26,6,381,151,407,157,381,151,407,151,407,157,381,157,text,figure_text,figure_3,,,,24poi_20211228_164400_6509160707_600_800.png,/scratch/parceirosbr/bigoilict/share/BigOil/document_generator/datasets/documents_2021_12_28/24poi_20211228_164400_6509160707_600_800.png,24poi_20211228_164400_6509160707_600_800_mask.png,Vaporization
13,3,26,6,381,151,407,157,381,151,407,151,407,157,381,157,sub_line_text,figure_text,figure_3,,,,24poi_20211228_164400_6509160707_600_800.png,/scratch/parceirosbr/bigoilict/share/BigOil/document_generator/datasets/documents_2021_12_28/24poi_20211228_164400_6509160707_600_800.png,24poi_20211228_164400_6509160707_600_800_mask.png,Vaporization
6,2,13,5,429,138,442,143,429,138,442,138,442,143,429,143,text,figure_text,figure_3,,,,24poi_20211228_164400_6509160707_600_800.png,/scratch/parceirosbr/bigoilict/share/BigOil/document_generator/datasets/documents_2021_12_28/24poi_20211228_164400_6509160707_600_800.png,24poi_20211228_164400_6509160707_600_800_mask.png,-4288
6,2,13,5,429,138,442,143,429,138,442,138,442,143,429,143,sub_line_text,figure_text,figure_3,,,,24poi_20211228_164400_6509160707_600_800.png,/scratch/parceirosbr/bigoilict/share/BigOil/document_generator/datasets/documents_2021_12_28/24poi_20211228_164400_6509160707_600_800.png,24poi_20211228_164400_6509160707_600_800_mask.png,-4288
11,2,23,5,428,163,451,168,428,163,451,163,451,168,428,168,text,figure_text,figure_3,,,,24poi_20211228_164400_6509160707_600_800.png,/scratch/parceirosbr/bigoilict/share/BigOil/document_generator/datasets/documents_2021_12_28/24poi_20211228_164400_6509160707_600_800.png,24poi_20211228_164400_6509160707_600_800_mask.png,Conversion
11,2,23,5,428,163,451,168,428,163,451,163,451,168,428,168,sub_line_text,figure_text,figure_3,,,,24poi_20211228_164400_6509160707_600_800.png,/scratch/parceirosbr/bigoilict/share/BigOil/document_generator/datasets/documents_2021_12_28/24poi_20211228_164400_6509160707_600_800.png,24poi_20211228_164400_6509160707_600_800_mask.png,Conversion
95,4,190,9,342,356,532,365,342,356,532,356,532,365,342,365,sub_line_text,figure_legend,figure_4,times,bold,7,24poi_20211228_164400_6509160707_600_800.png,/scratch/parceirosbr/bigoilict/share/BigOil/document_generator/datasets/documents_2021_12_28/24poi_20211228_164400_6509160707_600_800.png,24poi_20211228_164400_6509160707_600_800_mask.png,Fig.  45:    This  process  contributes to the transformation of
95,4,190,9,342,372,532,381,342,372,532,372,532,381,342,381,sub_line_text,figure_legend,figure_4,times,bold,7,24poi_20211228_164400_6509160707_600_800.png,/scratch/parceirosbr/bigoilict/share/BigOil/document_generator/datasets/documents_2021_12_28/24poi_20211228_164400_6509160707_600_800.png,24poi_20211228_164400_6509160707_600_800_mask.png,"industries  that  use  biomass  as a raw material, including s-"
14,4,29,9,342,388,371,397,342,388,371,388,371,397,342,397,sub_line_text,figure_legend,figure_4,times,bold,7,24poi_20211228_164400_6509160707_600_800.png,/scratch/parceirosbr/bigoilict/share/BigOil/document_generator/datasets/documents_2021_12_28/24poi_20211228_164400_6509160707_600_800.png,24poi_20211228_164400_6509160707_600_800_mask.png,ugar and
95,20,190,41,342,356,532,397,342,356,532,356,532,397,342,397,text,figure_legend,figure_4,times,bold,7,24poi_20211228_164400_6509160707_600_800.png,/scratch/parceirosbr/bigoilict/share/BigOil/document_generator/datasets/documents_2021_12_28/24poi_20211228_164400_6509160707_600_800.png,24poi_20211228_164400_6509160707_600_800_mask.png,nan
54,62,108,124,378,402,486,526,378,402,486,402,486,526,378,526,image,figure_image,figure_4,,,,24poi_20211228_164400_6509160707_600_800.png,/scratch/parceirosbr/bigoilict/share/BigOil/document_generator/datasets/documents_2021_12_28/24poi_20211228_164400_6509160707_600_800.png,24poi_20211228_164400_6509160707_600_800_mask.png,output/gen_img_20211228_164404_2390269953.png
13,2,27,5,429,518,456,523,429,518,456,518,456,523,429,523,text,figure_text,figure_4,,,,24poi_20211228_164400_6509160707_600_800.png,/scratch/parceirosbr/bigoilict/share/BigOil/document_generator/datasets/documents_2021_12_28/24poi_20211228_164400_6509160707_600_800.png,24poi_20211228_164400_6509160707_600_800_mask.png,-6481.641
13,2,27,5,429,518,456,523,429,518,456,518,456,523,429,523,sub_line_text,figure_text,figure_4,,,,24poi_20211228_164400_6509160707_600_800.png,/scratch/parceirosbr/bigoilict/share/BigOil/document_generator/datasets/documents_2021_12_28/24poi_20211228_164400_6509160707_600_800.png,24poi_20211228_164400_6509160707_600_800_mask.png,-6481.641
10,2,21,5,418,415,439,420,418,415,439,415,439,420,418,420,text,figure_text,figure_4,,,,24poi_20211228_164400_6509160707_600_800.png,/scratch/parceirosbr/bigoilict/share/BigOil/document_generator/datasets/documents_2021_12_28/24poi_20211228_164400_6509160707_600_800.png,24poi_20211228_164400_6509160707_600_800_mask.png,-8476.4
10,2,21,5,418,415,439,420,418,415,439,415,439,420,418,420,sub_line_text,figure_text,figure_4,,,,24poi_20211228_164400_6509160707_600_800.png,/scratch/parceirosbr/bigoilict/share/BigOil/document_generator/datasets/documents_2021_12_28/24poi_20211228_164400_6509160707_600_800.png,24poi_20211228_164400_6509160707_600_800_mask.png,-8476.4
13,2,26,5,408,427,434,432,408,427,434,427,434,432,408,432,text,figure_text,figure_4,,,,24poi_20211228_164400_6509160707_600_800.png,/scratch/parceirosbr/bigoilict/share/BigOil/document_generator/datasets/documents_2021_12_28/24poi_20211228_164400_6509160707_600_800.png,24poi_20211228_164400_6509160707_600_800_mask.png,-4350.0%
13,2,26,5,408,427,434,432,408,427,434,427,434,432,408,432,sub_line_text,figure_text,figure_4,,,,24poi_20211228_164400_6509160707_600_800.png,/scratch/parceirosbr/bigoilict/share/BigOil/document_generator/datasets/documents_2021_12_28/24poi_20211228_164400_6509160707_600_800.png,24poi_20211228_164400_6509160707_600_800_mask.png,-4350.0%
12,2,24,5,431,440,455,445,431,440,455,440,455,445,431,445,text,figure_text,figure_4,,,,24poi_20211228_164400_6509160707_600_800.png,/scratch/parceirosbr/bigoilict/share/BigOil/document_generator/datasets/documents_2021_12_28/24poi_20211228_164400_6509160707_600_800.png,24poi_20211228_164400_6509160707_600_800_mask.png,Pressure
12,2,24,5,431,440,455,445,431,440,455,440,455,445,431,445,sub_line_text,figure_text,figure_4,,,,24poi_20211228_164400_6509160707_600_800.png,/scratch/parceirosbr/bigoilict/share/BigOil/document_generator/datasets/documents_2021_12_28/24poi_20211228_164400_6509160707_600_800.png,24poi_20211228_164400_6509160707_600_800_mask.png,Pressure
15,3,31,7,411,503,442,510,411,503,442,503,442,510,411,510,text,figure_text,figure_4,,,,24poi_20211228_164400_6509160707_600_800.png,/scratch/parceirosbr/bigoilict/share/BigOil/document_generator/datasets/documents_2021_12_28/24poi_20211228_164400_6509160707_600_800.png,24poi_20211228_164400_6509160707_600_800_mask.png,Liters (MM)
15,3,31,7,411,503,442,510,411,503,442,503,442,510,411,510,sub_line_text,figure_text,figure_4,,,,24poi_20211228_164400_6509160707_600_800.png,/scratch/parceirosbr/bigoilict/share/BigOil/document_generator/datasets/documents_2021_12_28/24poi_20211228_164400_6509160707_600_800.png,24poi_20211228_164400_6509160707_600_800_mask.png,Liters (MM)
15,3,30,7,392,406,422,413,392,406,422,406,422,413,392,413,text,figure_text,figure_4,,,,24poi_20211228_164400_6509160707_600_800.png,/scratch/parceirosbr/bigoilict/share/BigOil/document_generator/datasets/documents_2021_12_28/24poi_20211228_164400_6509160707_600_800.png,24poi_20211228_164400_6509160707_600_800_mask.png,Liters [MM]
15,3,30,7,392,406,422,413,392,406,422,406,422,413,392,413,sub_line_text,figure_text,figure_4,,,,24poi_20211228_164400_6509160707_600_800.png,/scratch/parceirosbr/bigoilict/share/BigOil/document_generator/datasets/documents_2021_12_28/24poi_20211228_164400_6509160707_600_800.png,24poi_20211228_164400_6509160707_600_800_mask.png,Liters [MM]
17,3,35,6,390,518,425,524,390,518,425,518,425,524,390,524,text,figure_text,figure_4,,,,24poi_20211228_164400_6509160707_600_800.png,/scratch/parceirosbr/bigoilict/share/BigOil/document_generator/datasets/documents_2021_12_28/24poi_20211228_164400_6509160707_600_800.png,24poi_20211228_164400_6509160707_600_800_mask.png,Performance
17,3,35,6,390,518,425,524,390,518,425,518,425,524,390,524,sub_line_text,figure_text,figure_4,,,,24poi_20211228_164400_6509160707_600_800.png,/scratch/parceirosbr/bigoilict/share/BigOil/document_generator/datasets/documents_2021_12_28/24poi_20211228_164400_6509160707_600_800.png,24poi_20211228_164400_6509160707_600_800_mask.png,Performance
14,3,29,7,423,490,452,497,423,490,452,490,452,497,423,497,text,figure_text,figure_4,,,,24poi_20211228_164400_6509160707_600_800.png,/scratch/parceirosbr/bigoilict/share/BigOil/document_generator/datasets/documents_2021_12_28/24poi_20211228_164400_6509160707_600_800.png,24poi_20211228_164400_6509160707_600_800_mask.png,Energy (V)
14,3,29,7,423,490,452,497,423,490,452,490,452,497,423,497,sub_line_text,figure_text,figure_4,,,,24poi_20211228_164400_6509160707_600_800.png,/scratch/parceirosbr/bigoilict/share/BigOil/document_generator/datasets/documents_2021_12_28/24poi_20211228_164400_6509160707_600_800.png,24poi_20211228_164400_6509160707_600_800_mask.png,Energy (V)
8,2,16,5,446,428,462,433,446,428,462,428,462,433,446,433,text,figure_text,figure_4,,,,24poi_20211228_164400_6509160707_600_800.png,/scratch/parceirosbr/bigoilict/share/BigOil/document_generator/datasets/documents_2021_12_28/24poi_20211228_164400_6509160707_600_800.png,24poi_20211228_164400_6509160707_600_800_mask.png,-2433
8,2,16,5,446,428,462,433,446,428,462,428,462,433,446,433,sub_line_text,figure_text,figure_4,,,,24poi_20211228_164400_6509160707_600_800.png,/scratch/parceirosbr/bigoilict/share/BigOil/document_generator/datasets/documents_2021_12_28/24poi_20211228_164400_6509160707_600_800.png,24poi_20211228_164400_6509160707_600_800_mask.png,-2433
11,3,23,7,397,457,420,464,397,457,420,457,420,464,397,464,text,figure_text,figure_4,,,,24poi_20211228_164400_6509160707_600_800.png,/scratch/parceirosbr/bigoilict/share/BigOil/document_generator/datasets/documents_2021_12_28/24poi_20211228_164400_6509160707_600_800.png,24poi_20211228_164400_6509160707_600_800_mask.png,Male [M]
11,3,23,7,397,457,420,464,397,457,420,457,420,464,397,464,sub_line_text,figure_text,figure_4,,,,24poi_20211228_164400_6509160707_600_800.png,/scratch/parceirosbr/bigoilict/share/BigOil/document_generator/datasets/documents_2021_12_28/24poi_20211228_164400_6509160707_600_800.png,24poi_20211228_164400_6509160707_600_800_mask.png,Male [M]
14,3,29,7,448,481,477,488,448,481,477,481,477,488,448,488,text,figure_text,figure_4,,,,24poi_20211228_164400_6509160707_600_800.png,/scratch/parceirosbr/bigoilict/share/BigOil/document_generator/datasets/documents_2021_12_28/24poi_20211228_164400_6509160707_600_800.png,24poi_20211228_164400_6509160707_600_800_mask.png,Population
14,3,29,7,448,481,477,488,448,481,477,481,477,488,448,488,sub_line_text,figure_text,figure_4,,,,24poi_20211228_164400_6509160707_600_800.png,/scratch/parceirosbr/bigoilict/share/BigOil/document_generator/datasets/documents_2021_12_28/24poi_20211228_164400_6509160707_600_800.png,24poi_20211228_164400_6509160707_600_800_mask.png,Population
7,3,14,6,420,465,434,471,420,465,434,465,434,471,420,471,text,figure_text,figure_4,,,,24poi_20211228_164400_6509160707_600_800.png,/scratch/parceirosbr/bigoilict/share/BigOil/document_generator/datasets/documents_2021_12_28/24poi_20211228_164400_6509160707_600_800.png,24poi_20211228_164400_6509160707_600_800_mask.png,-32.1
7,3,14,6,420,465,434,471,420,465,434,465,434,471,420,471,sub_line_text,figure_text,figure_4,,,,24poi_20211228_164400_6509160707_600_800.png,/scratch/parceirosbr/bigoilict/share/BigOil/document_generator/datasets/documents_2021_12_28/24poi_20211228_164400_6509160707_600_800.png,24poi_20211228_164400_6509160707_600_800_mask.png,-32.1
13,3,27,7,456,435,483,442,456,435,483,435,483,442,456,442,text,figure_text,figure_4,,,,24poi_20211228_164400_6509160707_600_800.png,/scratch/parceirosbr/bigoilict/share/BigOil/document_generator/datasets/documents_2021_12_28/24poi_20211228_164400_6509160707_600_800.png,24poi_20211228_164400_6509160707_600_800_mask.png,Volume [l]
13,3,27,7,456,435,483,442,456,435,483,435,483,442,456,442,sub_line_text,figure_text,figure_4,,,,24poi_20211228_164400_6509160707_600_800.png,/scratch/parceirosbr/bigoilict/share/BigOil/document_generator/datasets/documents_2021_12_28/24poi_20211228_164400_6509160707_600_800.png,24poi_20211228_164400_6509160707_600_800_mask.png,Volume [l]
14,3,29,6,390,491,419,497,390,491,419,491,419,497,390,497,text,figure_text,figure_4,,,,24poi_20211228_164400_6509160707_600_800.png,/scratch/parceirosbr/bigoilict/share/BigOil/document_generator/datasets/documents_2021_12_28/24poi_20211228_164400_6509160707_600_800.png,24poi_20211228_164400_6509160707_600_800_mask.png,Production
14,3,29,6,390,491,419,497,390,491,419,491,419,497,390,497,sub_line_text,figure_text,figure_4,,,,24poi_20211228_164400_6509160707_600_800.png,/scratch/parceirosbr/bigoilict/share/BigOil/document_generator/datasets/documents_2021_12_28/24poi_20211228_164400_6509160707_600_800.png,24poi_20211228_164400_6509160707_600_800_mask.png,Production
10,3,20,7,453,472,473,479,453,472,473,472,473,479,453,479,text,figure_text,figure_4,,,,24poi_20211228_164400_6509160707_600_800.png,/scratch/parceirosbr/bigoilict/share/BigOil/document_generator/datasets/documents_2021_12_28/24poi_20211228_164400_6509160707_600_800.png,24poi_20211228_164400_6509160707_600_800_mask.png,Salinity
10,3,20,7,453,472,473,479,453,472,473,472,473,479,453,479,sub_line_text,figure_text,figure_4,,,,24poi_20211228_164400_6509160707_600_800.png,/scratch/parceirosbr/bigoilict/share/BigOil/document_generator/datasets/documents_2021_12_28/24poi_20211228_164400_6509160707_600_800.png,24poi_20211228_164400_6509160707_600_800_mask.png,Salinity
10,3,21,7,401,448,422,455,401,448,422,448,422,455,401,455,text,figure_text,figure_4,,,,24poi_20211228_164400_6509160707_600_800.png,/scratch/parceirosbr/bigoilict/share/BigOil/document_generator/datasets/documents_2021_12_28/24poi_20211228_164400_6509160707_600_800.png,24poi_20211228_164400_6509160707_600_800_mask.png,Density
10,3,21,7,401,448,422,455,401,448,422,448,422,455,401,455,sub_line_text,figure_text,figure_4,,,,24poi_20211228_164400_6509160707_600_800.png,/scratch/parceirosbr/bigoilict/share/BigOil/document_generator/datasets/documents_2021_12_28/24poi_20211228_164400_6509160707_600_800.png,24poi_20211228_164400_6509160707_600_800_mask.png,Density
8,3,16,6,449,500,465,506,449,500,465,500,465,506,449,506,text,figure_text,figure_4,,,,24poi_20211228_164400_6509160707_600_800.png,/scratch/parceirosbr/bigoilict/share/BigOil/document_generator/datasets/documents_2021_12_28/24poi_20211228_164400_6509160707_600_800.png,24poi_20211228_164400_6509160707_600_800_mask.png,-7347
8,3,16,6,449,500,465,506,449,500,465,500,465,506,449,506,sub_line_text,figure_text,figure_4,,,,24poi_20211228_164400_6509160707_600_800.png,/scratch/parceirosbr/bigoilict/share/BigOil/document_generator/datasets/documents_2021_12_28/24poi_20211228_164400_6509160707_600_800.png,24poi_20211228_164400_6509160707_600_800_mask.png,-7347
15,3,30,7,440,452,470,459,440,452,470,452,470,459,440,459,text,figure_text,figure_4,,,,24poi_20211228_164400_6509160707_600_800.png,/scratch/parceirosbr/bigoilict/share/BigOil/document_generator/datasets/documents_2021_12_28/24poi_20211228_164400_6509160707_600_800.png,24poi_20211228_164400_6509160707_600_800_mask.png,Water [ML]
15,3,30,7,440,452,470,459,440,452,470,452,470,459,440,459,sub_line_text,figure_text,figure_4,,,,24poi_20211228_164400_6509160707_600_800.png,/scratch/parceirosbr/bigoilict/share/BigOil/document_generator/datasets/documents_2021_12_28/24poi_20211228_164400_6509160707_600_800.png,24poi_20211228_164400_6509160707_600_800_mask.png,Water [ML]
11,3,23,7,385,418,408,425,385,418,408,418,408,425,385,425,text,figure_text,figure_4,,,,24poi_20211228_164400_6509160707_600_800.png,/scratch/parceirosbr/bigoilict/share/BigOil/document_generator/datasets/documents_2021_12_28/24poi_20211228_164400_6509160707_600_800.png,24poi_20211228_164400_6509160707_600_800_mask.png,Average
11,3,23,7,385,418,408,425,385,418,408,418,408,425,385,425,sub_line_text,figure_text,figure_4,,,,24poi_20211228_164400_6509160707_600_800.png,/scratch/parceirosbr/bigoilict/share/BigOil/document_generator/datasets/documents_2021_12_28/24poi_20211228_164400_6509160707_600_800.png,24poi_20211228_164400_6509160707_600_800_mask.png,Average
12,3,24,6,456,409,480,415,456,409,480,409,480,415,456,415,text,figure_text,figure_4,,,,24poi_20211228_164400_6509160707_600_800.png,/scratch/parceirosbr/bigoilict/share/BigOil/document_generator/datasets/documents_2021_12_28/24poi_20211228_164400_6509160707_600_800.png,24poi_20211228_164400_6509160707_600_800_mask.png,-9742.53
12,3,24,6,456,409,480,415,456,409,480,409,480,415,456,415,sub_line_text,figure_text,figure_4,,,,24poi_20211228_164400_6509160707_600_800.png,/scratch/parceirosbr/bigoilict/share/BigOil/document_generator/datasets/documents_2021_12_28/24poi_20211228_164400_6509160707_600_800.png,24poi_20211228_164400_6509160707_600_800_mask.png,-9742.53
13,3,27,7,445,465,472,472,445,465,472,465,472,472,445,472,text,figure_text,figure_4,,,,24poi_20211228_164400_6509160707_600_800.png,/scratch/parceirosbr/bigoilict/share/BigOil/document_generator/datasets/documents_2021_12_28/24poi_20211228_164400_6509160707_600_800.png,24poi_20211228_164400_6509160707_600_800_mask.png,Data [GB]
13,3,27,7,445,465,472,472,445,465,472,465,472,472,445,472,sub_line_text,figure_text,figure_4,,,,24poi_20211228_164400_6509160707_600_800.png,/scratch/parceirosbr/bigoilict/share/BigOil/document_generator/datasets/documents_2021_12_28/24poi_20211228_164400_6509160707_600_800.png,24poi_20211228_164400_6509160707_600_800_mask.png,Data [GB]
10,3,20,6,384,429,404,435,384,429,404,429,404,435,384,435,text,figure_text,figure_4,,,,24poi_20211228_164400_6509160707_600_800.png,/scratch/parceirosbr/bigoilict/share/BigOil/document_generator/datasets/documents_2021_12_28/24poi_20211228_164400_6509160707_600_800.png,24poi_20211228_164400_6509160707_600_800_mask.png,Control
10,3,20,6,384,429,404,435,384,429,404,429,404,435,384,435,sub_line_text,figure_text,figure_4,,,,24poi_20211228_164400_6509160707_600_800.png,/scratch/parceirosbr/bigoilict/share/BigOil/document_generator/datasets/documents_2021_12_28/24poi_20211228_164400_6509160707_600_800.png,24poi_20211228_164400_6509160707_600_800_mask.png,Control
90,4,181,9,342,565,523,574,342,565,523,565,523,574,342,574,sub_line_text,table_legend,table_0,times,bold,7,24poi_20211228_164400_6509160707_600_800.png,/scratch/parceirosbr/bigoilict/share/BigOil/document_generator/datasets/documents_2021_12_28/24poi_20211228_164400_6509160707_600_800.png,24poi_20211228_164400_6509160707_600_800_mask.png,Tab. 36:  Such peaks can be attributed to the presence of a
90,4,181,9,342,565,523,574,342,565,523,565,523,574,342,574,text,table_legend,table_0,times,bold,7,24poi_20211228_164400_6509160707_600_800.png,/scratch/parceirosbr/bigoilict/share/BigOil/document_generator/datasets/documents_2021_12_28/24poi_20211228_164400_6509160707_600_800.png,24poi_20211228_164400_6509160707_600_800_mask.png,nan
107,48,215,97,325,579,540,676,325,579,540,579,540,676,325,676,table,table_image,table_0,,,,24poi_20211228_164400_6509160707_600_800.png,/scratch/parceirosbr/bigoilict/share/BigOil/document_generator/datasets/documents_2021_12_28/24poi_20211228_164400_6509160707_600_800.png,24poi_20211228_164400_6509160707_600_800_mask.png,output/gen_tab_20211228_164405_9806198380.png
11,3,22,6,345,581,367,587,345,581,367,581,367,587,345,587,text,table_text,table_0,courier,bold,7.0,24poi_20211228_164400_6509160707_600_800.png,/scratch/parceirosbr/bigoilict/share/BigOil/document_generator/datasets/documents_2021_12_28/24poi_20211228_164400_6509160707_600_800.png,24poi_20211228_164400_6509160707_600_800_mask.png,demais
11,3,22,6,345,581,367,587,345,581,367,581,367,587,345,587,sub_line_text,table_text,table_0,courier,bold,7.0,24poi_20211228_164400_6509160707_600_800.png,/scratch/parceirosbr/bigoilict/share/BigOil/document_generator/datasets/documents_2021_12_28/24poi_20211228_164400_6509160707_600_800.png,24poi_20211228_164400_6509160707_600_800_mask.png,demais
18,3,37,6,330,593,367,599,330,593,367,593,367,599,330,599,text,table_text,table_0,courier,bold,7.0,24poi_20211228_164400_6509160707_600_800.png,/scratch/parceirosbr/bigoilict/share/BigOil/document_generator/datasets/documents_2021_12_28/24poi_20211228_164400_6509160707_600_800.png,24poi_20211228_164400_6509160707_600_800_mask.png,2285927.87
18,3,37,6,330,593,367,599,330,593,367,593,367,599,330,599,sub_line_text,table_text,table_0,courier,bold,7.0,24poi_20211228_164400_6509160707_600_800.png,/scratch/parceirosbr/bigoilict/share/BigOil/document_generator/datasets/documents_2021_12_28/24poi_20211228_164400_6509160707_600_800.png,24poi_20211228_164400_6509160707_600_800_mask.png,2285927.87
18,3,37,6,330,602,367,608,330,602,367,602,367,608,330,608,text,table_text,table_0,courier,bold,7.0,24poi_20211228_164400_6509160707_600_800.png,/scratch/parceirosbr/bigoilict/share/BigOil/document_generator/datasets/documents_2021_12_28/24poi_20211228_164400_6509160707_600_800.png,24poi_20211228_164400_6509160707_600_800_mask.png,6356792.79
18,3,37,6,330,602,367,608,330,602,367,602,367,608,330,608,sub_line_text,table_text,table_0,courier,bold,7.0,24poi_20211228_164400_6509160707_600_800.png,/scratch/parceirosbr/bigoilict/share/BigOil/document_generator/datasets/documents_2021_12_28/24poi_20211228_164400_6509160707_600_800.png,24poi_20211228_164400_6509160707_600_800_mask.png,6356792.79
18,3,37,6,330,612,367,618,330,612,367,612,367,618,330,618,text,table_text,table_0,courier,bold,7.0,24poi_20211228_164400_6509160707_600_800.png,/scratch/parceirosbr/bigoilict/share/BigOil/document_generator/datasets/documents_2021_12_28/24poi_20211228_164400_6509160707_600_800.png,24poi_20211228_164400_6509160707_600_800_mask.png,3044617.94
18,3,37,6,330,612,367,618,330,612,367,612,367,618,330,618,sub_line_text,table_text,table_0,courier,bold,7.0,24poi_20211228_164400_6509160707_600_800.png,/scratch/parceirosbr/bigoilict/share/BigOil/document_generator/datasets/documents_2021_12_28/24poi_20211228_164400_6509160707_600_800.png,24poi_20211228_164400_6509160707_600_800_mask.png,3044617.94
18,3,37,6,330,621,367,627,330,621,367,621,367,627,330,627,text,table_text,table_0,courier,bold,7.0,24poi_20211228_164400_6509160707_600_800.png,/scratch/parceirosbr/bigoilict/share/BigOil/document_generator/datasets/documents_2021_12_28/24poi_20211228_164400_6509160707_600_800.png,24poi_20211228_164400_6509160707_600_800_mask.png,7709779.74
18,3,37,6,330,621,367,627,330,621,367,621,367,627,330,627,sub_line_text,table_text,table_0,courier,bold,7.0,24poi_20211228_164400_6509160707_600_800.png,/scratch/parceirosbr/bigoilict/share/BigOil/document_generator/datasets/documents_2021_12_28/24poi_20211228_164400_6509160707_600_800.png,24poi_20211228_164400_6509160707_600_800_mask.png,7709779.74
18,3,37,6,330,631,367,637,330,631,367,631,367,637,330,637,text,table_text,table_0,courier,bold,7.0,24poi_20211228_164400_6509160707_600_800.png,/scratch/parceirosbr/bigoilict/share/BigOil/document_generator/datasets/documents_2021_12_28/24poi_20211228_164400_6509160707_600_800.png,24poi_20211228_164400_6509160707_600_800_mask.png,1392024.05
18,3,37,6,330,631,367,637,330,631,367,631,367,637,330,637,sub_line_text,table_text,table_0,courier,bold,7.0,24poi_20211228_164400_6509160707_600_800.png,/scratch/parceirosbr/bigoilict/share/BigOil/document_generator/datasets/documents_2021_12_28/24poi_20211228_164400_6509160707_600_800.png,24poi_20211228_164400_6509160707_600_800_mask.png,1392024.05
18,3,37,6,330,640,367,646,330,640,367,640,367,646,330,646,text,table_text,table_0,courier,bold,7.0,24poi_20211228_164400_6509160707_600_800.png,/scratch/parceirosbr/bigoilict/share/BigOil/document_generator/datasets/documents_2021_12_28/24poi_20211228_164400_6509160707_600_800.png,24poi_20211228_164400_6509160707_600_800_mask.png,9728763.36
18,3,37,6,330,640,367,646,330,640,367,640,367,646,330,646,sub_line_text,table_text,table_0,courier,bold,7.0,24poi_20211228_164400_6509160707_600_800.png,/scratch/parceirosbr/bigoilict/share/BigOil/document_generator/datasets/documents_2021_12_28/24poi_20211228_164400_6509160707_600_800.png,24poi_20211228_164400_6509160707_600_800_mask.png,9728763.36
18,3,37,6,330,650,367,656,330,650,367,650,367,656,330,656,text,table_text,table_0,courier,bold,7.0,24poi_20211228_164400_6509160707_600_800.png,/scratch/parceirosbr/bigoilict/share/BigOil/document_generator/datasets/documents_2021_12_28/24poi_20211228_164400_6509160707_600_800.png,24poi_20211228_164400_6509160707_600_800_mask.png,9066258.31
18,3,37,6,330,650,367,656,330,650,367,650,367,656,330,656,sub_line_text,table_text,table_0,courier,bold,7.0,24poi_20211228_164400_6509160707_600_800.png,/scratch/parceirosbr/bigoilict/share/BigOil/document_generator/datasets/documents_2021_12_28/24poi_20211228_164400_6509160707_600_800.png,24poi_20211228_164400_6509160707_600_800_mask.png,9066258.31
18,3,37,6,497,659,534,665,497,659,534,659,534,665,497,665,text,table_text,table_0,courier,regular,7.0,24poi_20211228_164400_6509160707_600_800.png,/scratch/parceirosbr/bigoilict/share/BigOil/document_generator/datasets/documents_2021_12_28/24poi_20211228_164400_6509160707_600_800.png,24poi_20211228_164400_6509160707_600_800_mask.png,9304319.09
18,3,37,6,497,659,534,665,497,659,534,659,534,665,497,665,sub_line_text,table_text,table_0,courier,regular,7.0,24poi_20211228_164400_6509160707_600_800.png,/scratch/parceirosbr/bigoilict/share/BigOil/document_generator/datasets/documents_2021_12_28/24poi_20211228_164400_6509160707_600_800.png,24poi_20211228_164400_6509160707_600_800_mask.png,9304319.09
6,3,12,6,411,581,423,587,411,581,423,581,423,587,411,587,text,table_text,table_0,courier,bold,7.0,24poi_20211228_164400_6509160707_600_800.png,/scratch/parceirosbr/bigoilict/share/BigOil/document_generator/datasets/documents_2021_12_28/24poi_20211228_164400_6509160707_600_800.png,24poi_20211228_164400_6509160707_600_800_mask.png,vem
6,3,12,6,411,581,423,587,411,581,423,581,423,587,411,587,sub_line_text,table_text,table_0,courier,bold,7.0,24poi_20211228_164400_6509160707_600_800.png,/scratch/parceirosbr/bigoilict/share/BigOil/document_generator/datasets/documents_2021_12_28/24poi_20211228_164400_6509160707_600_800.png,24poi_20211228_164400_6509160707_600_800_mask.png,vem
17,3,34,6,389,593,423,599,389,593,423,593,423,599,389,599,text,table_text,table_0,courier,bold,7.0,24poi_20211228_164400_6509160707_600_800.png,/scratch/parceirosbr/bigoilict/share/BigOil/document_generator/datasets/documents_2021_12_28/24poi_20211228_164400_6509160707_600_800.png,24poi_20211228_164400_6509160707_600_800_mask.png,389621.66
17,3,34,6,389,593,423,599,389,593,423,593,423,599,389,599,sub_line_text,table_text,table_0,courier,bold,7.0,24poi_20211228_164400_6509160707_600_800.png,/scratch/parceirosbr/bigoilict/share/BigOil/document_generator/datasets/documents_2021_12_28/24poi_20211228_164400_6509160707_600_800.png,24poi_20211228_164400_6509160707_600_800_mask.png,389621.66
18,3,37,6,385,602,422,608,385,602,422,602,422,608,385,608,text,table_text,table_0,courier,bold,7.0,24poi_20211228_164400_6509160707_600_800.png,/scratch/parceirosbr/bigoilict/share/BigOil/document_generator/datasets/documents_2021_12_28/24poi_20211228_164400_6509160707_600_800.png,24poi_20211228_164400_6509160707_600_800_mask.png,4535720.84
18,3,37,6,385,602,422,608,385,602,422,602,422,608,385,608,sub_line_text,table_text,table_0,courier,bold,7.0,24poi_20211228_164400_6509160707_600_800.png,/scratch/parceirosbr/bigoilict/share/BigOil/document_generator/datasets/documents_2021_12_28/24poi_20211228_164400_6509160707_600_800.png,24poi_20211228_164400_6509160707_600_800_mask.png,4535720.84
20,3,41,6,381,612,422,618,381,612,422,612,422,618,381,618,text,table_text,table_0,courier,bold,7.0,24poi_20211228_164400_6509160707_600_800.png,/scratch/parceirosbr/bigoilict/share/BigOil/document_generator/datasets/documents_2021_12_28/24poi_20211228_164400_6509160707_600_800.png,24poi_20211228_164400_6509160707_600_800_mask.png,59313012.64
20,3,41,6,381,612,422,618,381,612,422,612,422,618,381,618,sub_line_text,table_text,table_0,courier,bold,7.0,24poi_20211228_164400_6509160707_600_800.png,/scratch/parceirosbr/bigoilict/share/BigOil/document_generator/datasets/documents_2021_12_28/24poi_20211228_164400_6509160707_600_800.png,24poi_20211228_164400_6509160707_600_800_mask.png,59313012.64
17,3,34,6,389,621,423,627,389,621,423,621,423,627,389,627,text,table_text,table_0,courier,bold,7.0,24poi_20211228_164400_6509160707_600_800.png,/scratch/parceirosbr/bigoilict/share/BigOil/document_generator/datasets/documents_2021_12_28/24poi_20211228_164400_6509160707_600_800.png,24poi_20211228_164400_6509160707_600_800_mask.png,815063.00
17,3,34,6,389,621,423,627,389,621,423,621,423,627,389,627,sub_line_text,table_text,table_0,courier,bold,7.0,24poi_20211228_164400_6509160707_600_800.png,/scratch/parceirosbr/bigoilict/share/BigOil/document_generator/datasets/documents_2021_12_28/24poi_20211228_164400_6509160707_600_800.png,24poi_20211228_164400_6509160707_600_800_mask.png,815063.00
18,3,37,6,385,631,422,637,385,631,422,631,422,637,385,637,text,table_text,table_0,courier,bold,7.0,24poi_20211228_164400_6509160707_600_800.png,/scratch/parceirosbr/bigoilict/share/BigOil/document_generator/datasets/documents_2021_12_28/24poi_20211228_164400_6509160707_600_800.png,24poi_20211228_164400_6509160707_600_800_mask.png,7042171.88
18,3,37,6,385,631,422,637,385,631,422,631,422,637,385,637,sub_line_text,table_text,table_0,courier,bold,7.0,24poi_20211228_164400_6509160707_600_800.png,/scratch/parceirosbr/bigoilict/share/BigOil/document_generator/datasets/documents_2021_12_28/24poi_20211228_164400_6509160707_600_800.png,24poi_20211228_164400_6509160707_600_800_mask.png,7042171.88
20,3,41,6,381,640,422,646,381,640,422,640,422,646,381,646,text,table_text,table_0,courier,bold,7.0,24poi_20211228_164400_6509160707_600_800.png,/scratch/parceirosbr/bigoilict/share/BigOil/document_generator/datasets/documents_2021_12_28/24poi_20211228_164400_6509160707_600_800.png,24poi_20211228_164400_6509160707_600_800_mask.png,46985918.93
20,3,41,6,381,640,422,646,381,640,422,640,422,646,381,646,sub_line_text,table_text,table_0,courier,bold,7.0,24poi_20211228_164400_6509160707_600_800.png,/scratch/parceirosbr/bigoilict/share/BigOil/document_generator/datasets/documents_2021_12_28/24poi_20211228_164400_6509160707_600_800.png,24poi_20211228_164400_6509160707_600_800_mask.png,46985918.93
20,3,41,6,381,650,422,656,381,650,422,650,422,656,381,656,text,table_text,table_0,courier,bold,7.0,24poi_20211228_164400_6509160707_600_800.png,/scratch/parceirosbr/bigoilict/share/BigOil/document_generator/datasets/documents_2021_12_28/24poi_20211228_164400_6509160707_600_800.png,24poi_20211228_164400_6509160707_600_800_mask.png,46674015.87
20,3,41,6,381,650,422,656,381,650,422,650,422,656,381,656,sub_line_text,table_text,table_0,courier,bold,7.0,24poi_20211228_164400_6509160707_600_800.png,/scratch/parceirosbr/bigoilict/share/BigOil/document_generator/datasets/documents_2021_12_28/24poi_20211228_164400_6509160707_600_800.png,24poi_20211228_164400_6509160707_600_800_mask.png,46674015.87
9,3,18,6,516,581,534,587,516,581,534,581,534,587,516,587,text,table_text,table_0,courier,bold,7.0,24poi_20211228_164400_6509160707_600_800.png,/scratch/parceirosbr/bigoilict/share/BigOil/document_generator/datasets/documents_2021_12_28/24poi_20211228_164400_6509160707_600_800.png,24poi_20211228_164400_6509160707_600_800_mask.png,vezes
9,3,18,6,516,581,534,587,516,581,534,581,534,587,516,587,sub_line_text,table_text,table_0,courier,bold,7.0,24poi_20211228_164400_6509160707_600_800.png,/scratch/parceirosbr/bigoilict/share/BigOil/document_generator/datasets/documents_2021_12_28/24poi_20211228_164400_6509160707_600_800.png,24poi_20211228_164400_6509160707_600_800_mask.png,vezes
9,3,18,6,459,593,477,599,459,593,477,593,477,599,459,599,text,table_text,table_0,courier,bold,7.0,24poi_20211228_164400_6509160707_600_800.png,/scratch/parceirosbr/bigoilict/share/BigOil/document_generator/datasets/documents_2021_12_28/24poi_20211228_164400_6509160707_600_800.png,24poi_20211228_164400_6509160707_600_800_mask.png,9.636
9,3,18,6,459,593,477,599,459,593,477,593,477,599,459,599,sub_line_text,table_text,table_0,courier,bold,7.0,24poi_20211228_164400_6509160707_600_800.png,/scratch/parceirosbr/bigoilict/share/BigOil/document_generator/datasets/documents_2021_12_28/24poi_20211228_164400_6509160707_600_800.png,24poi_20211228_164400_6509160707_600_800_mask.png,9.636
9,3,18,6,459,602,477,608,459,602,477,602,477,608,459,608,text,table_text,table_0,courier,bold,7.0,24poi_20211228_164400_6509160707_600_800.png,/scratch/parceirosbr/bigoilict/share/BigOil/document_generator/datasets/documents_2021_12_28/24poi_20211228_164400_6509160707_600_800.png,24poi_20211228_164400_6509160707_600_800_mask.png,5.861
9,3,18,6,459,602,477,608,459,602,477,602,477,608,459,608,sub_line_text,table_text,table_0,courier,bold,7.0,24poi_20211228_164400_6509160707_600_800.png,/scratch/parceirosbr/bigoilict/share/BigOil/document_generator/datasets/documents_2021_12_28/24poi_20211228_164400_6509160707_600_800.png,24poi_20211228_164400_6509160707_600_800_mask.png,5.861
9,3,18,6,459,612,477,618,459,612,477,612,477,618,459,618,text,table_text,table_0,courier,bold,7.0,24poi_20211228_164400_6509160707_600_800.png,/scratch/parceirosbr/bigoilict/share/BigOil/document_generator/datasets/documents_2021_12_28/24poi_20211228_164400_6509160707_600_800.png,24poi_20211228_164400_6509160707_600_800_mask.png,5.814
9,3,18,6,459,612,477,618,459,612,477,612,477,618,459,618,sub_line_text,table_text,table_0,courier,bold,7.0,24poi_20211228_164400_6509160707_600_800.png,/scratch/parceirosbr/bigoilict/share/BigOil/document_generator/datasets/documents_2021_12_28/24poi_20211228_164400_6509160707_600_800.png,24poi_20211228_164400_6509160707_600_800_mask.png,5.814
9,3,18,6,459,621,477,627,459,621,477,621,477,627,459,627,text,table_text,table_0,courier,bold,7.0,24poi_20211228_164400_6509160707_600_800.png,/scratch/parceirosbr/bigoilict/share/BigOil/document_generator/datasets/documents_2021_12_28/24poi_20211228_164400_6509160707_600_800.png,24poi_20211228_164400_6509160707_600_800_mask.png,4.155
9,3,18,6,459,621,477,627,459,621,477,621,477,627,459,627,sub_line_text,table_text,table_0,courier,bold,7.0,24poi_20211228_164400_6509160707_600_800.png,/scratch/parceirosbr/bigoilict/share/BigOil/document_generator/datasets/documents_2021_12_28/24poi_20211228_164400_6509160707_600_800.png,24poi_20211228_164400_6509160707_600_800_mask.png,4.155
9,3,18,6,459,631,477,637,459,631,477,631,477,637,459,637,text,table_text,table_0,courier,bold,7.0,24poi_20211228_164400_6509160707_600_800.png,/scratch/parceirosbr/bigoilict/share/BigOil/document_generator/datasets/documents_2021_12_28/24poi_20211228_164400_6509160707_600_800.png,24poi_20211228_164400_6509160707_600_800_mask.png,3.802
9,3,18,6,459,631,477,637,459,631,477,631,477,637,459,637,sub_line_text,table_text,table_0,courier,bold,7.0,24poi_20211228_164400_6509160707_600_800.png,/scratch/parceirosbr/bigoilict/share/BigOil/document_generator/datasets/documents_2021_12_28/24poi_20211228_164400_6509160707_600_800.png,24poi_20211228_164400_6509160707_600_800_mask.png,3.802
9,3,18,6,459,640,477,646,459,640,477,640,477,646,459,646,text,table_text,table_0,courier,bold,7.0,24poi_20211228_164400_6509160707_600_800.png,/scratch/parceirosbr/bigoilict/share/BigOil/document_generator/datasets/documents_2021_12_28/24poi_20211228_164400_6509160707_600_800.png,24poi_20211228_164400_6509160707_600_800_mask.png,8.372
9,3,18,6,459,640,477,646,459,640,477,640,477,646,459,646,sub_line_text,table_text,table_0,courier,bold,7.0,24poi_20211228_164400_6509160707_600_800.png,/scratch/parceirosbr/bigoilict/share/BigOil/document_generator/datasets/documents_2021_12_28/24poi_20211228_164400_6509160707_600_800.png,24poi_20211228_164400_6509160707_600_800_mask.png,8.372
9,3,18,6,459,650,477,656,459,650,477,650,477,656,459,656,text,table_text,table_0,courier,bold,7.0,24poi_20211228_164400_6509160707_600_800.png,/scratch/parceirosbr/bigoilict/share/BigOil/document_generator/datasets/documents_2021_12_28/24poi_20211228_164400_6509160707_600_800.png,24poi_20211228_164400_6509160707_600_800_mask.png,9.768
9,3,18,6,459,650,477,656,459,650,477,650,477,656,459,656,sub_line_text,table_text,table_0,courier,bold,7.0,24poi_20211228_164400_6509160707_600_800.png,/scratch/parceirosbr/bigoilict/share/BigOil/document_generator/datasets/documents_2021_12_28/24poi_20211228_164400_6509160707_600_800.png,24poi_20211228_164400_6509160707_600_800_mask.png,9.768
22,3,45,6,489,593,534,599,489,593,534,593,534,599,489,599,text,table_text,table_0,courier,bold,7.0,24poi_20211228_164400_6509160707_600_800.png,/scratch/parceirosbr/bigoilict/share/BigOil/document_generator/datasets/documents_2021_12_28/24poi_20211228_164400_6509160707_600_800.png,24poi_20211228_164400_6509160707_600_800_mask.png,2517257.1482
22,3,45,6,489,593,534,599,489,593,534,593,534,599,489,599,sub_line_text,table_text,table_0,courier,bold,7.0,24poi_20211228_164400_6509160707_600_800.png,/scratch/parceirosbr/bigoilict/share/BigOil/document_generator/datasets/documents_2021_12_28/24poi_20211228_164400_6509160707_600_800.png,24poi_20211228_164400_6509160707_600_800_mask.png,2517257.1482
22,3,45,6,489,602,534,608,489,602,534,602,534,608,489,608,text,table_text,table_0,courier,bold,7.0,24poi_20211228_164400_6509160707_600_800.png,/scratch/parceirosbr/bigoilict/share/BigOil/document_generator/datasets/documents_2021_12_28/24poi_20211228_164400_6509160707_600_800.png,24poi_20211228_164400_6509160707_600_800_mask.png,1813839.8949
22,3,45,6,489,602,534,608,489,602,534,602,534,608,489,608,sub_line_text,table_text,table_0,courier,bold,7.0,24poi_20211228_164400_6509160707_600_800.png,/scratch/parceirosbr/bigoilict/share/BigOil/document_generator/datasets/documents_2021_12_28/24poi_20211228_164400_6509160707_600_800.png,24poi_20211228_164400_6509160707_600_800_mask.png,1813839.8949
22,3,45,6,489,612,534,618,489,612,534,612,534,618,489,618,text,table_text,table_0,courier,bold,7.0,24poi_20211228_164400_6509160707_600_800.png,/scratch/parceirosbr/bigoilict/share/BigOil/document_generator/datasets/documents_2021_12_28/24poi_20211228_164400_6509160707_600_800.png,24poi_20211228_164400_6509160707_600_800_mask.png,4084168.9784
22,3,45,6,489,612,534,618,489,612,534,612,534,618,489,618,sub_line_text,table_text,table_0,courier,bold,7.0,24poi_20211228_164400_6509160707_600_800.png,/scratch/parceirosbr/bigoilict/share/BigOil/document_generator/datasets/documents_2021_12_28/24poi_20211228_164400_6509160707_600_800.png,24poi_20211228_164400_6509160707_600_800_mask.png,4084168.9784
22,3,45,6,489,621,534,627,489,621,534,621,534,627,489,627,text,table_text,table_0,courier,bold,7.0,24poi_20211228_164400_6509160707_600_800.png,/scratch/parceirosbr/bigoilict/share/BigOil/document_generator/datasets/documents_2021_12_28/24poi_20211228_164400_6509160707_600_800.png,24poi_20211228_164400_6509160707_600_800_mask.png,9249951.6883
22,3,45,6,489,621,534,627,489,621,534,621,534,627,489,627,sub_line_text,table_text,table_0,courier,bold,7.0,24poi_20211228_164400_6509160707_600_800.png,/scratch/parceirosbr/bigoilict/share/BigOil/document_generator/datasets/documents_2021_12_28/24poi_20211228_164400_6509160707_600_800.png,24poi_20211228_164400_6509160707_600_800_mask.png,9249951.6883
22,3,45,6,489,631,534,637,489,631,534,631,534,637,489,637,text,table_text,table_0,courier,bold,7.0,24poi_20211228_164400_6509160707_600_800.png,/scratch/parceirosbr/bigoilict/share/BigOil/document_generator/datasets/documents_2021_12_28/24poi_20211228_164400_6509160707_600_800.png,24poi_20211228_164400_6509160707_600_800_mask.png,7259397.0770
22,3,45,6,489,631,534,637,489,631,534,631,534,637,489,637,sub_line_text,table_text,table_0,courier,bold,7.0,24poi_20211228_164400_6509160707_600_800.png,/scratch/parceirosbr/bigoilict/share/BigOil/document_generator/datasets/documents_2021_12_28/24poi_20211228_164400_6509160707_600_800.png,24poi_20211228_164400_6509160707_600_800_mask.png,7259397.0770
22,3,45,6,489,640,534,646,489,640,534,640,534,646,489,646,text,table_text,table_0,courier,bold,7.0,24poi_20211228_164400_6509160707_600_800.png,/scratch/parceirosbr/bigoilict/share/BigOil/document_generator/datasets/documents_2021_12_28/24poi_20211228_164400_6509160707_600_800.png,24poi_20211228_164400_6509160707_600_800_mask.png,1307256.8611
22,3,45,6,489,640,534,646,489,640,534,640,534,646,489,646,sub_line_text,table_text,table_0,courier,bold,7.0,24poi_20211228_164400_6509160707_600_800.png,/scratch/parceirosbr/bigoilict/share/BigOil/document_generator/datasets/documents_2021_12_28/24poi_20211228_164400_6509160707_600_800.png,24poi_20211228_164400_6509160707_600_800_mask.png,1307256.8611
22,3,45,6,489,650,534,656,489,650,534,650,534,656,489,656,text,table_text,table_0,courier,bold,7.0,24poi_20211228_164400_6509160707_600_800.png,/scratch/parceirosbr/bigoilict/share/BigOil/document_generator/datasets/documents_2021_12_28/24poi_20211228_164400_6509160707_600_800.png,24poi_20211228_164400_6509160707_600_800_mask.png,8631859.8808
22,3,45,6,489,650,534,656,489,650,534,650,534,656,489,656,sub_line_text,table_text,table_0,courier,bold,7.0,24poi_20211228_164400_6509160707_600_800.png,/scratch/parceirosbr/bigoilict/share/BigOil/document_generator/datasets/documents_2021_12_28/24poi_20211228_164400_6509160707_600_800.png,24poi_20211228_164400_6509160707_600_800_mask.png,8631859.8808
