center_x,center_y,width,height,xmin,ymin,xmax,ymax,top_left_x,top_left_y,top_right_x,top_right_y,bottom_right_x,bottom_right_y,bottom_left_x,bottom_left_y,label,grouplabel,group,text_font,text_style,size_font,filename,path,filename_mask,content
300,400,600,800,0,0,600,800,0,0,600,0,600,800,0,800,document,,,,,,24poi_20211228_164346_3044877937_600_800.png,/scratch/parceirosbr/bigoilict/share/BigOil/document_generator/datasets/documents_2021_12_28/24poi_20211228_164346_3044877937_600_800.png,24poi_20211228_164346_3044877937_600_800_mask.png,
25,4,50,8,261,63,311,71,261,63,311,63,311,71,261,71,sub_line_text,header,header_1,arial,regular,7,24poi_20211228_164346_3044877937_600_800.png,/scratch/parceirosbr/bigoilict/share/BigOil/document_generator/datasets/documents_2021_12_28/24poi_20211228_164346_3044877937_600_800.png,24poi_20211228_164346_3044877937_600_800_mask.png,As analises de
25,4,50,8,261,63,311,71,261,63,311,63,311,71,261,71,text,header,header_1,arial,regular,7,24poi_20211228_164346_3044877937_600_800.png,/scratch/parceirosbr/bigoilict/share/BigOil/document_generator/datasets/documents_2021_12_28/24poi_20211228_164346_3044877937_600_800.png,24poi_20211228_164346_3044877937_600_800_mask.png,nan
238,1,476,2,49,70,525,72,49,70,525,70,525,72,49,72,line,line,line,,,,24poi_20211228_164346_3044877937_600_800.png,/scratch/parceirosbr/bigoilict/share/BigOil/document_generator/datasets/documents_2021_12_28/24poi_20211228_164346_3044877937_600_800.png,24poi_20211228_164346_3044877937_600_800_mask.png,nan
204,3,409,7,49,76,458,83,49,76,458,76,458,83,49,83,sub_line_text,figure_legend,figure_0,arial,italic,6,24poi_20211228_164346_3044877937_600_800.png,/scratch/parceirosbr/bigoilict/share/BigOil/document_generator/datasets/documents_2021_12_28/24poi_20211228_164346_3044877937_600_800.png,24poi_20211228_164346_3044877937_600_800_mask.png,"Figure    16:        Protection    of,    which    provides    protection    for    shipwrecks    of    historical,    archaeological   or   artistic   value;   the   of,   w-"
106,3,213,7,49,84,262,91,49,84,262,84,262,91,49,91,sub_line_text,figure_legend,figure_0,arial,italic,6,24poi_20211228_164346_3044877937_600_800.png,/scratch/parceirosbr/bigoilict/share/BigOil/document_generator/datasets/documents_2021_12_28/24poi_20211228_164346_3044877937_600_800.png,24poi_20211228_164346_3044877937_600_800_mask.png,hich provides protection for the wreckage of military aircraft and designated military
204,7,409,15,49,76,458,91,49,76,458,76,458,91,49,91,text,figure_legend,figure_0,arial,italic,6,24poi_20211228_164346_3044877937_600_800.png,/scratch/parceirosbr/bigoilict/share/BigOil/document_generator/datasets/documents_2021_12_28/24poi_20211228_164346_3044877937_600_800.png,24poi_20211228_164346_3044877937_600_800_mask.png,nan
45,68,90,136,241,96,331,232,241,96,331,96,331,232,241,232,image,figure_image,figure_0,,,,24poi_20211228_164346_3044877937_600_800.png,/scratch/parceirosbr/bigoilict/share/BigOil/document_generator/datasets/documents_2021_12_28/24poi_20211228_164346_3044877937_600_800.png,24poi_20211228_164346_3044877937_600_800_mask.png,output/gen_img_20211228_164346_9587156089.png
9,1,18,3,289,100,307,103,289,99,307,100,307,105,289,103,text,figure_text,figure_0,,,,24poi_20211228_164346_3044877937_600_800.png,/scratch/parceirosbr/bigoilict/share/BigOil/document_generator/datasets/documents_2021_12_28/24poi_20211228_164346_3044877937_600_800.png,24poi_20211228_164346_3044877937_600_800_mask.png,-5243.2%
9,1,18,3,289,100,307,103,289,99,307,100,307,105,289,103,sub_line_text,figure_text,figure_0,,,,24poi_20211228_164346_3044877937_600_800.png,/scratch/parceirosbr/bigoilict/share/BigOil/document_generator/datasets/documents_2021_12_28/24poi_20211228_164346_3044877937_600_800.png,24poi_20211228_164346_3044877937_600_800_mask.png,-5243.2%
10,4,21,9,287,181,308,190,287,185,307,181,308,186,288,190,text,figure_text,figure_0,,,,24poi_20211228_164346_3044877937_600_800.png,/scratch/parceirosbr/bigoilict/share/BigOil/document_generator/datasets/documents_2021_12_28/24poi_20211228_164346_3044877937_600_800.png,24poi_20211228_164346_3044877937_600_800_mask.png,Proportion
10,4,21,9,287,181,308,190,287,185,307,181,308,186,288,190,sub_line_text,figure_text,figure_0,,,,24poi_20211228_164346_3044877937_600_800.png,/scratch/parceirosbr/bigoilict/share/BigOil/document_generator/datasets/documents_2021_12_28/24poi_20211228_164346_3044877937_600_800.png,24poi_20211228_164346_3044877937_600_800_mask.png,Proportion
9,3,18,6,243,155,261,161,243,157,260,155,261,159,243,161,text,figure_text,figure_0,,,,24poi_20211228_164346_3044877937_600_800.png,/scratch/parceirosbr/bigoilict/share/BigOil/document_generator/datasets/documents_2021_12_28/24poi_20211228_164346_3044877937_600_800.png,24poi_20211228_164346_3044877937_600_800_mask.png,-5797.4%
9,3,18,6,243,155,261,161,243,157,260,155,261,159,243,161,sub_line_text,figure_text,figure_0,,,,24poi_20211228_164346_3044877937_600_800.png,/scratch/parceirosbr/bigoilict/share/BigOil/document_generator/datasets/documents_2021_12_28/24poi_20211228_164346_3044877937_600_800.png,24poi_20211228_164346_3044877937_600_800_mask.png,-5797.4%
7,3,15,7,259,105,274,112,259,108,274,105,274,109,260,112,text,figure_text,figure_0,,,,24poi_20211228_164346_3044877937_600_800.png,/scratch/parceirosbr/bigoilict/share/BigOil/document_generator/datasets/documents_2021_12_28/24poi_20211228_164346_3044877937_600_800.png,24poi_20211228_164346_3044877937_600_800_mask.png,-665.98
7,3,15,7,259,105,274,112,259,108,274,105,274,109,260,112,sub_line_text,figure_text,figure_0,,,,24poi_20211228_164346_3044877937_600_800.png,/scratch/parceirosbr/bigoilict/share/BigOil/document_generator/datasets/documents_2021_12_28/24poi_20211228_164346_3044877937_600_800.png,24poi_20211228_164346_3044877937_600_800_mask.png,-665.98
7,1,14,2,298,162,312,164,298,159,313,162,312,167,297,164,text,figure_text,figure_0,,,,24poi_20211228_164346_3044877937_600_800.png,/scratch/parceirosbr/bigoilict/share/BigOil/document_generator/datasets/documents_2021_12_28/24poi_20211228_164346_3044877937_600_800.png,24poi_20211228_164346_3044877937_600_800_mask.png,Intensity
7,1,14,2,298,162,312,164,298,159,313,162,312,167,297,164,sub_line_text,figure_text,figure_0,,,,24poi_20211228_164346_3044877937_600_800.png,/scratch/parceirosbr/bigoilict/share/BigOil/document_generator/datasets/documents_2021_12_28/24poi_20211228_164346_3044877937_600_800.png,24poi_20211228_164346_3044877937_600_800_mask.png,Intensity
15,6,30,12,258,205,288,217,258,213,287,205,288,210,259,217,text,figure_text,figure_0,,,,24poi_20211228_164346_3044877937_600_800.png,/scratch/parceirosbr/bigoilict/share/BigOil/document_generator/datasets/documents_2021_12_28/24poi_20211228_164346_3044877937_600_800.png,24poi_20211228_164346_3044877937_600_800_mask.png,Production (TB)
15,6,30,12,258,205,288,217,258,213,287,205,288,210,259,217,sub_line_text,figure_text,figure_0,,,,24poi_20211228_164346_3044877937_600_800.png,/scratch/parceirosbr/bigoilict/share/BigOil/document_generator/datasets/documents_2021_12_28/24poi_20211228_164346_3044877937_600_800.png,24poi_20211228_164346_3044877937_600_800_mask.png,Production (TB)
7,-1,14,-2,279,129,293,127,279,124,295,129,293,133,277,127,text,figure_text,figure_0,,,,24poi_20211228_164346_3044877937_600_800.png,/scratch/parceirosbr/bigoilict/share/BigOil/document_generator/datasets/documents_2021_12_28/24poi_20211228_164346_3044877937_600_800.png,24poi_20211228_164346_3044877937_600_800_mask.png,Pressure
7,-1,14,-2,279,129,293,127,279,124,295,129,293,133,277,127,sub_line_text,figure_text,figure_0,,,,24poi_20211228_164346_3044877937_600_800.png,/scratch/parceirosbr/bigoilict/share/BigOil/document_generator/datasets/documents_2021_12_28/24poi_20211228_164346_3044877937_600_800.png,24poi_20211228_164346_3044877937_600_800_mask.png,Pressure
9,4,18,8,295,194,313,202,295,198,312,194,313,198,295,202,text,figure_text,figure_0,,,,24poi_20211228_164346_3044877937_600_800.png,/scratch/parceirosbr/bigoilict/share/BigOil/document_generator/datasets/documents_2021_12_28/24poi_20211228_164346_3044877937_600_800.png,24poi_20211228_164346_3044877937_600_800_mask.png,-7090.5%
9,4,18,8,295,194,313,202,295,198,312,194,313,198,295,202,sub_line_text,figure_text,figure_0,,,,24poi_20211228_164346_3044877937_600_800.png,/scratch/parceirosbr/bigoilict/share/BigOil/document_generator/datasets/documents_2021_12_28/24poi_20211228_164346_3044877937_600_800.png,24poi_20211228_164346_3044877937_600_800_mask.png,-7090.5%
9,2,19,4,290,138,309,142,290,137,309,138,309,143,290,142,text,figure_text,figure_0,,,,24poi_20211228_164346_3044877937_600_800.png,/scratch/parceirosbr/bigoilict/share/BigOil/document_generator/datasets/documents_2021_12_28/24poi_20211228_164346_3044877937_600_800.png,24poi_20211228_164346_3044877937_600_800_mask.png,Data (MB)
9,2,19,4,290,138,309,142,290,137,309,138,309,143,290,142,sub_line_text,figure_text,figure_0,,,,24poi_20211228_164346_3044877937_600_800.png,/scratch/parceirosbr/bigoilict/share/BigOil/document_generator/datasets/documents_2021_12_28/24poi_20211228_164346_3044877937_600_800.png,24poi_20211228_164346_3044877937_600_800_mask.png,Data (MB)
5,2,11,4,308,110,319,114,308,110,319,110,319,114,308,114,text,figure_text,figure_0,,,,24poi_20211228_164346_3044877937_600_800.png,/scratch/parceirosbr/bigoilict/share/BigOil/document_generator/datasets/documents_2021_12_28/24poi_20211228_164346_3044877937_600_800.png,24poi_20211228_164346_3044877937_600_800_mask.png,-6784
5,2,11,4,308,110,319,114,308,110,319,110,319,114,308,114,sub_line_text,figure_text,figure_0,,,,24poi_20211228_164346_3044877937_600_800.png,/scratch/parceirosbr/bigoilict/share/BigOil/document_generator/datasets/documents_2021_12_28/24poi_20211228_164346_3044877937_600_800.png,24poi_20211228_164346_3044877937_600_800_mask.png,-6784
7,3,15,7,300,217,315,224,300,220,314,217,315,221,301,224,text,figure_text,figure_0,,,,24poi_20211228_164346_3044877937_600_800.png,/scratch/parceirosbr/bigoilict/share/BigOil/document_generator/datasets/documents_2021_12_28/24poi_20211228_164346_3044877937_600_800.png,24poi_20211228_164346_3044877937_600_800_mask.png,-1039.0
7,3,15,7,300,217,315,224,300,220,314,217,315,221,301,224,sub_line_text,figure_text,figure_0,,,,24poi_20211228_164346_3044877937_600_800.png,/scratch/parceirosbr/bigoilict/share/BigOil/document_generator/datasets/documents_2021_12_28/24poi_20211228_164346_3044877937_600_800.png,24poi_20211228_164346_3044877937_600_800_mask.png,-1039.0
7,3,14,7,261,171,275,178,261,174,274,171,275,175,262,178,text,figure_text,figure_0,,,,24poi_20211228_164346_3044877937_600_800.png,/scratch/parceirosbr/bigoilict/share/BigOil/document_generator/datasets/documents_2021_12_28/24poi_20211228_164346_3044877937_600_800.png,24poi_20211228_164346_3044877937_600_800_mask.png,558.44
7,3,14,7,261,171,275,178,261,174,274,171,275,175,262,178,sub_line_text,figure_text,figure_0,,,,24poi_20211228_164346_3044877937_600_800.png,/scratch/parceirosbr/bigoilict/share/BigOil/document_generator/datasets/documents_2021_12_28/24poi_20211228_164346_3044877937_600_800.png,24poi_20211228_164346_3044877937_600_800_mask.png,558.44
11,3,22,6,263,117,285,123,263,119,284,117,285,122,263,123,text,figure_text,figure_0,,,,24poi_20211228_164346_3044877937_600_800.png,/scratch/parceirosbr/bigoilict/share/BigOil/document_generator/datasets/documents_2021_12_28/24poi_20211228_164346_3044877937_600_800.png,24poi_20211228_164346_3044877937_600_800_mask.png,Female [M]
11,3,22,6,263,117,285,123,263,119,284,117,285,122,263,123,sub_line_text,figure_text,figure_0,,,,24poi_20211228_164346_3044877937_600_800.png,/scratch/parceirosbr/bigoilict/share/BigOil/document_generator/datasets/documents_2021_12_28/24poi_20211228_164346_3044877937_600_800.png,24poi_20211228_164346_3044877937_600_800_mask.png,Female [M]
10,1,20,2,277,108,297,110,277,106,297,108,297,112,277,110,text,figure_text,figure_0,,,,24poi_20211228_164346_3044877937_600_800.png,/scratch/parceirosbr/bigoilict/share/BigOil/document_generator/datasets/documents_2021_12_28/24poi_20211228_164346_3044877937_600_800.png,24poi_20211228_164346_3044877937_600_800_mask.png,-4192.88%
10,1,20,2,277,108,297,110,277,106,297,108,297,112,277,110,sub_line_text,figure_text,figure_0,,,,24poi_20211228_164346_3044877937_600_800.png,/scratch/parceirosbr/bigoilict/share/BigOil/document_generator/datasets/documents_2021_12_28/24poi_20211228_164346_3044877937_600_800.png,24poi_20211228_164346_3044877937_600_800_mask.png,-4192.88%
5,2,11,4,281,174,292,178,281,174,292,174,292,178,281,178,text,figure_text,figure_0,,,,24poi_20211228_164346_3044877937_600_800.png,/scratch/parceirosbr/bigoilict/share/BigOil/document_generator/datasets/documents_2021_12_28/24poi_20211228_164346_3044877937_600_800.png,24poi_20211228_164346_3044877937_600_800_mask.png,-1779
5,2,11,4,281,174,292,178,281,174,292,174,292,178,281,178,sub_line_text,figure_text,figure_0,,,,24poi_20211228_164346_3044877937_600_800.png,/scratch/parceirosbr/bigoilict/share/BigOil/document_generator/datasets/documents_2021_12_28/24poi_20211228_164346_3044877937_600_800.png,24poi_20211228_164346_3044877937_600_800_mask.png,-1779
8,4,16,8,253,189,269,197,253,193,268,189,269,193,254,197,text,figure_text,figure_0,,,,24poi_20211228_164346_3044877937_600_800.png,/scratch/parceirosbr/bigoilict/share/BigOil/document_generator/datasets/documents_2021_12_28/24poi_20211228_164346_3044877937_600_800.png,24poi_20211228_164346_3044877937_600_800_mask.png,Strength
8,4,16,8,253,189,269,197,253,193,268,189,269,193,254,197,sub_line_text,figure_text,figure_0,,,,24poi_20211228_164346_3044877937_600_800.png,/scratch/parceirosbr/bigoilict/share/BigOil/document_generator/datasets/documents_2021_12_28/24poi_20211228_164346_3044877937_600_800.png,24poi_20211228_164346_3044877937_600_800_mask.png,Strength
9,4,18,9,264,154,282,163,264,159,281,154,282,158,265,163,text,figure_text,figure_0,,,,24poi_20211228_164346_3044877937_600_800.png,/scratch/parceirosbr/bigoilict/share/BigOil/document_generator/datasets/documents_2021_12_28/24poi_20211228_164346_3044877937_600_800.png,24poi_20211228_164346_3044877937_600_800_mask.png,-6932.8%
9,4,18,9,264,154,282,163,264,159,281,154,282,158,265,163,sub_line_text,figure_text,figure_0,,,,24poi_20211228_164346_3044877937_600_800.png,/scratch/parceirosbr/bigoilict/share/BigOil/document_generator/datasets/documents_2021_12_28/24poi_20211228_164346_3044877937_600_800.png,24poi_20211228_164346_3044877937_600_800_mask.png,-6932.8%
5,3,11,6,252,99,263,105,252,101,263,99,263,103,252,105,text,figure_text,figure_0,,,,24poi_20211228_164346_3044877937_600_800.png,/scratch/parceirosbr/bigoilict/share/BigOil/document_generator/datasets/documents_2021_12_28/24poi_20211228_164346_3044877937_600_800.png,24poi_20211228_164346_3044877937_600_800_mask.png,-2536
5,3,11,6,252,99,263,105,252,101,263,99,263,103,252,105,sub_line_text,figure_text,figure_0,,,,24poi_20211228_164346_3044877937_600_800.png,/scratch/parceirosbr/bigoilict/share/BigOil/document_generator/datasets/documents_2021_12_28/24poi_20211228_164346_3044877937_600_800.png,24poi_20211228_164346_3044877937_600_800_mask.png,-2536
5,2,11,4,307,154,318,158,307,154,318,154,318,158,307,158,text,figure_text,figure_0,,,,24poi_20211228_164346_3044877937_600_800.png,/scratch/parceirosbr/bigoilict/share/BigOil/document_generator/datasets/documents_2021_12_28/24poi_20211228_164346_3044877937_600_800.png,24poi_20211228_164346_3044877937_600_800_mask.png,-3431
5,2,11,4,307,154,318,158,307,154,318,154,318,158,307,158,sub_line_text,figure_text,figure_0,,,,24poi_20211228_164346_3044877937_600_800.png,/scratch/parceirosbr/bigoilict/share/BigOil/document_generator/datasets/documents_2021_12_28/24poi_20211228_164346_3044877937_600_800.png,24poi_20211228_164346_3044877937_600_800_mask.png,-3431
4,3,8,6,310,207,318,213,310,209,317,207,318,211,311,213,text,figure_text,figure_0,,,,24poi_20211228_164346_3044877937_600_800.png,/scratch/parceirosbr/bigoilict/share/BigOil/document_generator/datasets/documents_2021_12_28/24poi_20211228_164346_3044877937_600_800.png,24poi_20211228_164346_3044877937_600_800_mask.png,293
4,3,8,6,310,207,318,213,310,209,317,207,318,211,311,213,sub_line_text,figure_text,figure_0,,,,24poi_20211228_164346_3044877937_600_800.png,/scratch/parceirosbr/bigoilict/share/BigOil/document_generator/datasets/documents_2021_12_28/24poi_20211228_164346_3044877937_600_800.png,24poi_20211228_164346_3044877937_600_800_mask.png,293
6,2,12,4,246,148,258,152,246,149,258,148,258,152,246,152,text,figure_text,figure_0,,,,24poi_20211228_164346_3044877937_600_800.png,/scratch/parceirosbr/bigoilict/share/BigOil/document_generator/datasets/documents_2021_12_28/24poi_20211228_164346_3044877937_600_800.png,24poi_20211228_164346_3044877937_600_800_mask.png,-956.4
6,2,12,4,246,148,258,152,246,149,258,148,258,152,246,152,sub_line_text,figure_text,figure_0,,,,24poi_20211228_164346_3044877937_600_800.png,/scratch/parceirosbr/bigoilict/share/BigOil/document_generator/datasets/documents_2021_12_28/24poi_20211228_164346_3044877937_600_800.png,24poi_20211228_164346_3044877937_600_800_mask.png,-956.4
6,3,12,7,302,117,314,124,302,120,313,117,314,121,303,124,text,figure_text,figure_0,,,,24poi_20211228_164346_3044877937_600_800.png,/scratch/parceirosbr/bigoilict/share/BigOil/document_generator/datasets/documents_2021_12_28/24poi_20211228_164346_3044877937_600_800.png,24poi_20211228_164346_3044877937_600_800_mask.png,-5078
6,3,12,7,302,117,314,124,302,120,313,117,314,121,303,124,sub_line_text,figure_text,figure_0,,,,24poi_20211228_164346_3044877937_600_800.png,/scratch/parceirosbr/bigoilict/share/BigOil/document_generator/datasets/documents_2021_12_28/24poi_20211228_164346_3044877937_600_800.png,24poi_20211228_164346_3044877937_600_800_mask.png,-5078
6,4,12,8,264,179,276,187,264,183,274,179,276,183,266,187,text,figure_text,figure_0,,,,24poi_20211228_164346_3044877937_600_800.png,/scratch/parceirosbr/bigoilict/share/BigOil/document_generator/datasets/documents_2021_12_28/24poi_20211228_164346_3044877937_600_800.png,24poi_20211228_164346_3044877937_600_800_mask.png,-4170
6,4,12,8,264,179,276,187,264,183,274,179,276,183,266,187,sub_line_text,figure_text,figure_0,,,,24poi_20211228_164346_3044877937_600_800.png,/scratch/parceirosbr/bigoilict/share/BigOil/document_generator/datasets/documents_2021_12_28/24poi_20211228_164346_3044877937_600_800.png,24poi_20211228_164346_3044877937_600_800_mask.png,-4170
3,1,7,2,290,146,297,148,290,144,298,146,297,150,290,148,text,figure_text,figure_0,,,,24poi_20211228_164346_3044877937_600_800.png,/scratch/parceirosbr/bigoilict/share/BigOil/document_generator/datasets/documents_2021_12_28/24poi_20211228_164346_3044877937_600_800.png,24poi_20211228_164346_3044877937_600_800_mask.png,Unit
3,1,7,2,290,146,297,148,290,144,298,146,297,150,290,148,sub_line_text,figure_text,figure_0,,,,24poi_20211228_164346_3044877937_600_800.png,/scratch/parceirosbr/bigoilict/share/BigOil/document_generator/datasets/documents_2021_12_28/24poi_20211228_164346_3044877937_600_800.png,24poi_20211228_164346_3044877937_600_800_mask.png,Unit
5,2,10,4,276,192,286,196,276,192,286,192,286,196,275,196,text,figure_text,figure_0,,,,24poi_20211228_164346_3044877937_600_800.png,/scratch/parceirosbr/bigoilict/share/BigOil/document_generator/datasets/documents_2021_12_28/24poi_20211228_164346_3044877937_600_800.png,24poi_20211228_164346_3044877937_600_800_mask.png,-6102
5,2,10,4,276,192,286,196,276,192,286,192,286,196,275,196,sub_line_text,figure_text,figure_0,,,,24poi_20211228_164346_3044877937_600_800.png,/scratch/parceirosbr/bigoilict/share/BigOil/document_generator/datasets/documents_2021_12_28/24poi_20211228_164346_3044877937_600_800.png,24poi_20211228_164346_3044877937_600_800_mask.png,-6102
97,3,194,7,49,241,243,248,49,241,243,241,243,248,49,248,sub_line_text,figure_legend,figure_1,arial,italic,6,24poi_20211228_164346_3044877937_600_800.png,/scratch/parceirosbr/bigoilict/share/BigOil/document_generator/datasets/documents_2021_12_28/24poi_20211228_164346_3044877937_600_800.png,24poi_20211228_164346_3044877937_600_800_mask.png,Figure   25:      Oil   is   currently   one   of   the  main  sources  of  ene-
96,3,193,7,49,249,242,256,49,249,242,249,242,256,49,256,sub_line_text,figure_legend,figure_1,arial,italic,6,24poi_20211228_164346_3044877937_600_800.png,/scratch/parceirosbr/bigoilict/share/BigOil/document_generator/datasets/documents_2021_12_28/24poi_20211228_164346_3044877937_600_800.png,24poi_20211228_164346_3044877937_600_800_mask.png,rgy    in    most    countries.    The    model    of    relative    permeability
62,3,125,7,49,257,174,264,49,257,174,257,174,264,49,264,sub_line_text,figure_legend,figure_1,arial,italic,6,24poi_20211228_164346_3044877937_600_800.png,/scratch/parceirosbr/bigoilict/share/BigOil/document_generator/datasets/documents_2021_12_28/24poi_20211228_164346_3044877937_600_800.png,24poi_20211228_164346_3044877937_600_800_mask.png,considered was the model with unitary coefficient
97,11,194,23,49,241,243,264,49,241,243,241,243,264,49,264,text,figure_legend,figure_1,arial,italic,6,24poi_20211228_164346_3044877937_600_800.png,/scratch/parceirosbr/bigoilict/share/BigOil/document_generator/datasets/documents_2021_12_28/24poi_20211228_164346_3044877937_600_800.png,24poi_20211228_164346_3044877937_600_800_mask.png,nan
111,99,223,198,49,269,272,467,49,269,272,269,272,467,49,467,image,figure_image,figure_1,,,,24poi_20211228_164346_3044877937_600_800.png,/scratch/parceirosbr/bigoilict/share/BigOil/document_generator/datasets/documents_2021_12_28/24poi_20211228_164346_3044877937_600_800.png,24poi_20211228_164346_3044877937_600_800_mask.png,output/gen_img_20211228_164349_5417879253.png
16,3,33,6,181,344,214,350,181,344,214,344,214,350,181,350,text,figure_text,figure_1,,,,24poi_20211228_164346_3044877937_600_800.png,/scratch/parceirosbr/bigoilict/share/BigOil/document_generator/datasets/documents_2021_12_28/24poi_20211228_164346_3044877937_600_800.png,24poi_20211228_164346_3044877937_600_800_mask.png,Experimental
16,3,33,6,181,344,214,350,181,344,214,344,214,350,181,350,sub_line_text,figure_text,figure_1,,,,24poi_20211228_164346_3044877937_600_800.png,/scratch/parceirosbr/bigoilict/share/BigOil/document_generator/datasets/documents_2021_12_28/24poi_20211228_164346_3044877937_600_800.png,24poi_20211228_164346_3044877937_600_800_mask.png,Experimental
11,3,22,6,200,409,222,415,200,409,222,409,222,415,200,415,text,figure_text,figure_1,,,,24poi_20211228_164346_3044877937_600_800.png,/scratch/parceirosbr/bigoilict/share/BigOil/document_generator/datasets/documents_2021_12_28/24poi_20211228_164346_3044877937_600_800.png,24poi_20211228_164346_3044877937_600_800_mask.png,Advance
11,3,22,6,200,409,222,415,200,409,222,409,222,415,200,415,sub_line_text,figure_text,figure_1,,,,24poi_20211228_164346_3044877937_600_800.png,/scratch/parceirosbr/bigoilict/share/BigOil/document_generator/datasets/documents_2021_12_28/24poi_20211228_164346_3044877937_600_800.png,24poi_20211228_164346_3044877937_600_800_mask.png,Advance
13,3,26,6,121,403,147,409,121,403,147,403,147,409,121,409,text,figure_text,figure_1,,,,24poi_20211228_164346_3044877937_600_800.png,/scratch/parceirosbr/bigoilict/share/BigOil/document_generator/datasets/documents_2021_12_28/24poi_20211228_164346_3044877937_600_800.png,24poi_20211228_164346_3044877937_600_800_mask.png,-5799.673
13,3,26,6,121,403,147,409,121,403,147,403,147,409,121,409,sub_line_text,figure_text,figure_1,,,,24poi_20211228_164346_3044877937_600_800.png,/scratch/parceirosbr/bigoilict/share/BigOil/document_generator/datasets/documents_2021_12_28/24poi_20211228_164346_3044877937_600_800.png,24poi_20211228_164346_3044877937_600_800_mask.png,-5799.673
7,2,15,5,56,333,71,338,56,333,71,333,71,338,56,338,text,figure_text,figure_1,,,,24poi_20211228_164346_3044877937_600_800.png,/scratch/parceirosbr/bigoilict/share/BigOil/document_generator/datasets/documents_2021_12_28/24poi_20211228_164346_3044877937_600_800.png,24poi_20211228_164346_3044877937_600_800_mask.png,-7427
7,2,15,5,56,333,71,338,56,333,71,333,71,338,56,338,sub_line_text,figure_text,figure_1,,,,24poi_20211228_164346_3044877937_600_800.png,/scratch/parceirosbr/bigoilict/share/BigOil/document_generator/datasets/documents_2021_12_28/24poi_20211228_164346_3044877937_600_800.png,24poi_20211228_164346_3044877937_600_800_mask.png,-7427
12,3,24,6,169,330,193,336,169,330,193,330,193,336,169,336,text,figure_text,figure_1,,,,24poi_20211228_164346_3044877937_600_800.png,/scratch/parceirosbr/bigoilict/share/BigOil/document_generator/datasets/documents_2021_12_28/24poi_20211228_164346_3044877937_600_800.png,24poi_20211228_164346_3044877937_600_800_mask.png,-8446.6%
12,3,24,6,169,330,193,336,169,330,193,330,193,336,169,336,sub_line_text,figure_text,figure_1,,,,24poi_20211228_164346_3044877937_600_800.png,/scratch/parceirosbr/bigoilict/share/BigOil/document_generator/datasets/documents_2021_12_28/24poi_20211228_164346_3044877937_600_800.png,24poi_20211228_164346_3044877937_600_800_mask.png,-8446.6%
7,2,15,5,200,387,215,392,200,387,215,387,215,392,200,392,text,figure_text,figure_1,,,,24poi_20211228_164346_3044877937_600_800.png,/scratch/parceirosbr/bigoilict/share/BigOil/document_generator/datasets/documents_2021_12_28/24poi_20211228_164346_3044877937_600_800.png,24poi_20211228_164346_3044877937_600_800_mask.png,South
7,2,15,5,200,387,215,392,200,387,215,387,215,392,200,392,sub_line_text,figure_text,figure_1,,,,24poi_20211228_164346_3044877937_600_800.png,/scratch/parceirosbr/bigoilict/share/BigOil/document_generator/datasets/documents_2021_12_28/24poi_20211228_164346_3044877937_600_800.png,24poi_20211228_164346_3044877937_600_800_mask.png,South
7,3,15,6,168,322,183,328,168,322,183,322,183,328,168,328,text,figure_text,figure_1,,,,24poi_20211228_164346_3044877937_600_800.png,/scratch/parceirosbr/bigoilict/share/BigOil/document_generator/datasets/documents_2021_12_28/24poi_20211228_164346_3044877937_600_800.png,24poi_20211228_164346_3044877937_600_800_mask.png,-711%
7,3,15,6,168,322,183,328,168,322,183,322,183,328,168,328,sub_line_text,figure_text,figure_1,,,,24poi_20211228_164346_3044877937_600_800.png,/scratch/parceirosbr/bigoilict/share/BigOil/document_generator/datasets/documents_2021_12_28/24poi_20211228_164346_3044877937_600_800.png,24poi_20211228_164346_3044877937_600_800_mask.png,-711%
13,3,27,6,233,450,260,456,233,450,260,450,260,456,233,456,text,figure_text,figure_1,,,,24poi_20211228_164346_3044877937_600_800.png,/scratch/parceirosbr/bigoilict/share/BigOil/document_generator/datasets/documents_2021_12_28/24poi_20211228_164346_3044877937_600_800.png,24poi_20211228_164346_3044877937_600_800_mask.png,-3001.96%
13,3,27,6,233,450,260,456,233,450,260,450,260,456,233,456,sub_line_text,figure_text,figure_1,,,,24poi_20211228_164346_3044877937_600_800.png,/scratch/parceirosbr/bigoilict/share/BigOil/document_generator/datasets/documents_2021_12_28/24poi_20211228_164346_3044877937_600_800.png,24poi_20211228_164346_3044877937_600_800_mask.png,-3001.96%
17,3,34,7,119,422,153,429,119,422,153,422,153,429,119,429,text,figure_text,figure_1,,,,24poi_20211228_164346_3044877937_600_800.png,/scratch/parceirosbr/bigoilict/share/BigOil/document_generator/datasets/documents_2021_12_28/24poi_20211228_164346_3044877937_600_800.png,24poi_20211228_164346_3044877937_600_800_mask.png,Consumption
17,3,34,7,119,422,153,429,119,422,153,422,153,429,119,429,sub_line_text,figure_text,figure_1,,,,24poi_20211228_164346_3044877937_600_800.png,/scratch/parceirosbr/bigoilict/share/BigOil/document_generator/datasets/documents_2021_12_28/24poi_20211228_164346_3044877937_600_800.png,24poi_20211228_164346_3044877937_600_800_mask.png,Consumption
9,3,18,6,133,379,151,385,133,379,151,379,151,385,133,385,text,figure_text,figure_1,,,,24poi_20211228_164346_3044877937_600_800.png,/scratch/parceirosbr/bigoilict/share/BigOil/document_generator/datasets/documents_2021_12_28/24poi_20211228_164346_3044877937_600_800.png,24poi_20211228_164346_3044877937_600_800_mask.png,265.69
9,3,18,6,133,379,151,385,133,379,151,379,151,385,133,385,sub_line_text,figure_text,figure_1,,,,24poi_20211228_164346_3044877937_600_800.png,/scratch/parceirosbr/bigoilict/share/BigOil/document_generator/datasets/documents_2021_12_28/24poi_20211228_164346_3044877937_600_800.png,24poi_20211228_164346_3044877937_600_800_mask.png,265.69
14,2,28,5,229,346,257,351,229,346,257,346,257,351,229,351,text,figure_text,figure_1,,,,24poi_20211228_164346_3044877937_600_800.png,/scratch/parceirosbr/bigoilict/share/BigOil/document_generator/datasets/documents_2021_12_28/24poi_20211228_164346_3044877937_600_800.png,24poi_20211228_164346_3044877937_600_800_mask.png,Simulation
14,2,28,5,229,346,257,351,229,346,257,346,257,351,229,351,sub_line_text,figure_text,figure_1,,,,24poi_20211228_164346_3044877937_600_800.png,/scratch/parceirosbr/bigoilict/share/BigOil/document_generator/datasets/documents_2021_12_28/24poi_20211228_164346_3044877937_600_800.png,24poi_20211228_164346_3044877937_600_800_mask.png,Simulation
11,3,22,6,202,459,224,465,202,459,224,459,224,465,202,465,text,figure_text,figure_1,,,,24poi_20211228_164346_3044877937_600_800.png,/scratch/parceirosbr/bigoilict/share/BigOil/document_generator/datasets/documents_2021_12_28/24poi_20211228_164346_3044877937_600_800.png,24poi_20211228_164346_3044877937_600_800_mask.png,-1795.37
11,3,22,6,202,459,224,465,202,459,224,459,224,465,202,465,sub_line_text,figure_text,figure_1,,,,24poi_20211228_164346_3044877937_600_800.png,/scratch/parceirosbr/bigoilict/share/BigOil/document_generator/datasets/documents_2021_12_28/24poi_20211228_164346_3044877937_600_800.png,24poi_20211228_164346_3044877937_600_800_mask.png,-1795.37
7,2,14,5,139,282,153,287,139,282,153,282,153,287,139,287,text,figure_text,figure_1,,,,24poi_20211228_164346_3044877937_600_800.png,/scratch/parceirosbr/bigoilict/share/BigOil/document_generator/datasets/documents_2021_12_28/24poi_20211228_164346_3044877937_600_800.png,24poi_20211228_164346_3044877937_600_800_mask.png,-1174
7,2,14,5,139,282,153,287,139,282,153,282,153,287,139,287,sub_line_text,figure_text,figure_1,,,,24poi_20211228_164346_3044877937_600_800.png,/scratch/parceirosbr/bigoilict/share/BigOil/document_generator/datasets/documents_2021_12_28/24poi_20211228_164346_3044877937_600_800.png,24poi_20211228_164346_3044877937_600_800_mask.png,-1174
5,3,11,6,155,286,166,292,155,286,166,286,166,292,155,292,text,figure_text,figure_1,,,,24poi_20211228_164346_3044877937_600_800.png,/scratch/parceirosbr/bigoilict/share/BigOil/document_generator/datasets/documents_2021_12_28/24poi_20211228_164346_3044877937_600_800.png,24poi_20211228_164346_3044877937_600_800_mask.png,-488
5,3,11,6,155,286,166,292,155,286,166,286,166,292,155,292,sub_line_text,figure_text,figure_1,,,,24poi_20211228_164346_3044877937_600_800.png,/scratch/parceirosbr/bigoilict/share/BigOil/document_generator/datasets/documents_2021_12_28/24poi_20211228_164346_3044877937_600_800.png,24poi_20211228_164346_3044877937_600_800_mask.png,-488
7,2,15,5,231,390,246,395,231,390,246,390,246,395,231,395,text,figure_text,figure_1,,,,24poi_20211228_164346_3044877937_600_800.png,/scratch/parceirosbr/bigoilict/share/BigOil/document_generator/datasets/documents_2021_12_28/24poi_20211228_164346_3044877937_600_800.png,24poi_20211228_164346_3044877937_600_800_mask.png,-3831
7,2,15,5,231,390,246,395,231,390,246,390,246,395,231,395,sub_line_text,figure_text,figure_1,,,,24poi_20211228_164346_3044877937_600_800.png,/scratch/parceirosbr/bigoilict/share/BigOil/document_generator/datasets/documents_2021_12_28/24poi_20211228_164346_3044877937_600_800.png,24poi_20211228_164346_3044877937_600_800_mask.png,-3831
13,3,26,6,65,430,91,436,65,430,91,430,91,436,65,436,text,figure_text,figure_1,,,,24poi_20211228_164346_3044877937_600_800.png,/scratch/parceirosbr/bigoilict/share/BigOil/document_generator/datasets/documents_2021_12_28/24poi_20211228_164346_3044877937_600_800.png,24poi_20211228_164346_3044877937_600_800_mask.png,-7213.43%
13,3,26,6,65,430,91,436,65,430,91,430,91,436,65,436,sub_line_text,figure_text,figure_1,,,,24poi_20211228_164346_3044877937_600_800.png,/scratch/parceirosbr/bigoilict/share/BigOil/document_generator/datasets/documents_2021_12_28/24poi_20211228_164346_3044877937_600_800.png,24poi_20211228_164346_3044877937_600_800_mask.png,-7213.43%
11,3,22,6,197,395,219,401,197,395,219,395,219,401,197,401,text,figure_text,figure_1,,,,24poi_20211228_164346_3044877937_600_800.png,/scratch/parceirosbr/bigoilict/share/BigOil/document_generator/datasets/documents_2021_12_28/24poi_20211228_164346_3044877937_600_800.png,24poi_20211228_164346_3044877937_600_800_mask.png,-3013.26
11,3,22,6,197,395,219,401,197,395,219,395,219,401,197,401,sub_line_text,figure_text,figure_1,,,,24poi_20211228_164346_3044877937_600_800.png,/scratch/parceirosbr/bigoilict/share/BigOil/document_generator/datasets/documents_2021_12_28/24poi_20211228_164346_3044877937_600_800.png,24poi_20211228_164346_3044877937_600_800_mask.png,-3013.26
19,3,38,6,93,455,131,461,93,455,131,455,131,461,93,461,text,figure_text,figure_1,,,,24poi_20211228_164346_3044877937_600_800.png,/scratch/parceirosbr/bigoilict/share/BigOil/document_generator/datasets/documents_2021_12_28/24poi_20211228_164346_3044877937_600_800.png,24poi_20211228_164346_3044877937_600_800_mask.png,Transmittance
19,3,38,6,93,455,131,461,93,455,131,455,131,461,93,461,sub_line_text,figure_text,figure_1,,,,24poi_20211228_164346_3044877937_600_800.png,/scratch/parceirosbr/bigoilict/share/BigOil/document_generator/datasets/documents_2021_12_28/24poi_20211228_164346_3044877937_600_800.png,24poi_20211228_164346_3044877937_600_800_mask.png,Transmittance
16,3,32,7,225,367,257,374,225,367,257,367,257,374,225,374,text,figure_text,figure_1,,,,24poi_20211228_164346_3044877937_600_800.png,/scratch/parceirosbr/bigoilict/share/BigOil/document_generator/datasets/documents_2021_12_28/24poi_20211228_164346_3044877937_600_800.png,24poi_20211228_164346_3044877937_600_800_mask.png,Vaporization
16,3,32,7,225,367,257,374,225,367,257,367,257,374,225,374,sub_line_text,figure_text,figure_1,,,,24poi_20211228_164346_3044877937_600_800.png,/scratch/parceirosbr/bigoilict/share/BigOil/document_generator/datasets/documents_2021_12_28/24poi_20211228_164346_3044877937_600_800.png,24poi_20211228_164346_3044877937_600_800_mask.png,Vaporization
13,3,27,6,56,363,83,369,56,363,83,363,83,369,56,369,text,figure_text,figure_1,,,,24poi_20211228_164346_3044877937_600_800.png,/scratch/parceirosbr/bigoilict/share/BigOil/document_generator/datasets/documents_2021_12_28/24poi_20211228_164346_3044877937_600_800.png,24poi_20211228_164346_3044877937_600_800_mask.png,-3433.78%
13,3,27,6,56,363,83,369,56,363,83,363,83,369,56,369,sub_line_text,figure_text,figure_1,,,,24poi_20211228_164346_3044877937_600_800.png,/scratch/parceirosbr/bigoilict/share/BigOil/document_generator/datasets/documents_2021_12_28/24poi_20211228_164346_3044877937_600_800.png,24poi_20211228_164346_3044877937_600_800_mask.png,-3433.78%
13,2,26,5,104,305,130,310,104,305,130,305,130,310,104,310,text,figure_text,figure_1,,,,24poi_20211228_164346_3044877937_600_800.png,/scratch/parceirosbr/bigoilict/share/BigOil/document_generator/datasets/documents_2021_12_28/24poi_20211228_164346_3044877937_600_800.png,24poi_20211228_164346_3044877937_600_800_mask.png,-4377.931
13,2,26,5,104,305,130,310,104,305,130,305,130,310,104,310,sub_line_text,figure_text,figure_1,,,,24poi_20211228_164346_3044877937_600_800.png,/scratch/parceirosbr/bigoilict/share/BigOil/document_generator/datasets/documents_2021_12_28/24poi_20211228_164346_3044877937_600_800.png,24poi_20211228_164346_3044877937_600_800_mask.png,-4377.931
11,2,23,5,204,316,227,321,204,316,227,316,227,321,204,321,text,figure_text,figure_1,,,,24poi_20211228_164346_3044877937_600_800.png,/scratch/parceirosbr/bigoilict/share/BigOil/document_generator/datasets/documents_2021_12_28/24poi_20211228_164346_3044877937_600_800.png,24poi_20211228_164346_3044877937_600_800_mask.png,-7984.1%
11,2,23,5,204,316,227,321,204,316,227,316,227,321,204,321,sub_line_text,figure_text,figure_1,,,,24poi_20211228_164346_3044877937_600_800.png,/scratch/parceirosbr/bigoilict/share/BigOil/document_generator/datasets/documents_2021_12_28/24poi_20211228_164346_3044877937_600_800.png,24poi_20211228_164346_3044877937_600_800_mask.png,-7984.1%
9,3,18,6,179,436,197,442,179,436,197,436,197,442,179,442,text,figure_text,figure_1,,,,24poi_20211228_164346_3044877937_600_800.png,/scratch/parceirosbr/bigoilict/share/BigOil/document_generator/datasets/documents_2021_12_28/24poi_20211228_164346_3044877937_600_800.png,24poi_20211228_164346_3044877937_600_800_mask.png,Videos
9,3,18,6,179,436,197,442,179,436,197,436,197,442,179,442,sub_line_text,figure_text,figure_1,,,,24poi_20211228_164346_3044877937_600_800.png,/scratch/parceirosbr/bigoilict/share/BigOil/document_generator/datasets/documents_2021_12_28/24poi_20211228_164346_3044877937_600_800.png,24poi_20211228_164346_3044877937_600_800_mask.png,Videos
5,2,10,5,237,377,247,382,237,377,247,377,247,382,237,382,text,figure_text,figure_1,,,,24poi_20211228_164346_3044877937_600_800.png,/scratch/parceirosbr/bigoilict/share/BigOil/document_generator/datasets/documents_2021_12_28/24poi_20211228_164346_3044877937_600_800.png,24poi_20211228_164346_3044877937_600_800_mask.png,575
5,2,10,5,237,377,247,382,237,377,247,377,247,382,237,382,sub_line_text,figure_text,figure_1,,,,24poi_20211228_164346_3044877937_600_800.png,/scratch/parceirosbr/bigoilict/share/BigOil/document_generator/datasets/documents_2021_12_28/24poi_20211228_164346_3044877937_600_800.png,24poi_20211228_164346_3044877937_600_800_mask.png,575
11,3,22,6,231,329,253,335,231,329,253,329,253,335,231,335,text,figure_text,figure_1,,,,24poi_20211228_164346_3044877937_600_800.png,/scratch/parceirosbr/bigoilict/share/BigOil/document_generator/datasets/documents_2021_12_28/24poi_20211228_164346_3044877937_600_800.png,24poi_20211228_164346_3044877937_600_800_mask.png,Traction
11,3,22,6,231,329,253,335,231,329,253,329,253,335,231,335,sub_line_text,figure_text,figure_1,,,,24poi_20211228_164346_3044877937_600_800.png,/scratch/parceirosbr/bigoilict/share/BigOil/document_generator/datasets/documents_2021_12_28/24poi_20211228_164346_3044877937_600_800.png,24poi_20211228_164346_3044877937_600_800_mask.png,Traction
7,2,14,5,149,361,163,366,149,361,163,361,163,366,149,366,text,figure_text,figure_1,,,,24poi_20211228_164346_3044877937_600_800.png,/scratch/parceirosbr/bigoilict/share/BigOil/document_generator/datasets/documents_2021_12_28/24poi_20211228_164346_3044877937_600_800.png,24poi_20211228_164346_3044877937_600_800_mask.png,-4207
7,2,14,5,149,361,163,366,149,361,163,361,163,366,149,366,sub_line_text,figure_text,figure_1,,,,24poi_20211228_164346_3044877937_600_800.png,/scratch/parceirosbr/bigoilict/share/BigOil/document_generator/datasets/documents_2021_12_28/24poi_20211228_164346_3044877937_600_800.png,24poi_20211228_164346_3044877937_600_800_mask.png,-4207
13,2,26,5,117,372,143,377,117,372,143,372,143,377,117,377,text,figure_text,figure_1,,,,24poi_20211228_164346_3044877937_600_800.png,/scratch/parceirosbr/bigoilict/share/BigOil/document_generator/datasets/documents_2021_12_28/24poi_20211228_164346_3044877937_600_800.png,24poi_20211228_164346_3044877937_600_800_mask.png,-5736.84%
13,2,26,5,117,372,143,377,117,372,143,372,143,377,117,377,sub_line_text,figure_text,figure_1,,,,24poi_20211228_164346_3044877937_600_800.png,/scratch/parceirosbr/bigoilict/share/BigOil/document_generator/datasets/documents_2021_12_28/24poi_20211228_164346_3044877937_600_800.png,24poi_20211228_164346_3044877937_600_800_mask.png,-5736.84%
98,3,197,7,49,476,246,483,49,476,246,476,246,483,49,483,sub_line_text,table_legend,table_0,arial,italic,6,24poi_20211228_164346_3044877937_600_800.png,/scratch/parceirosbr/bigoilict/share/BigOil/document_generator/datasets/documents_2021_12_28/24poi_20211228_164346_3044877937_600_800.png,24poi_20211228_164346_3044877937_600_800_mask.png,Table    12:      Neste   caso   o   mercado   não   comporta   um   grande
98,3,197,7,49,484,246,491,49,484,246,484,246,491,49,491,sub_line_text,table_legend,table_0,arial,italic,6,24poi_20211228_164346_3044877937_600_800.png,/scratch/parceirosbr/bigoilict/share/BigOil/document_generator/datasets/documents_2021_12_28/24poi_20211228_164346_3044877937_600_800.png,24poi_20211228_164346_3044877937_600_800_mask.png,"número    de    firmas    operando    em    escala    e    escopo   eficientes,"
27,3,54,7,49,492,103,499,49,492,103,492,103,499,49,499,sub_line_text,table_legend,table_0,arial,italic,6,24poi_20211228_164346_3044877937_600_800.png,/scratch/parceirosbr/bigoilict/share/BigOil/document_generator/datasets/documents_2021_12_28/24poi_20211228_164346_3044877937_600_800.png,24poi_20211228_164346_3044877937_600_800_mask.png,e barreiras à entrada
98,11,197,23,49,476,246,499,49,476,246,476,246,499,49,499,text,table_legend,table_0,arial,italic,6,24poi_20211228_164346_3044877937_600_800.png,/scratch/parceirosbr/bigoilict/share/BigOil/document_generator/datasets/documents_2021_12_28/24poi_20211228_164346_3044877937_600_800.png,24poi_20211228_164346_3044877937_600_800_mask.png,nan
106,57,213,114,54,504,267,618,54,504,267,504,267,618,54,618,table,table_image,table_0,,,,24poi_20211228_164346_3044877937_600_800.png,/scratch/parceirosbr/bigoilict/share/BigOil/document_generator/datasets/documents_2021_12_28/24poi_20211228_164346_3044877937_600_800.png,24poi_20211228_164346_3044877937_600_800_mask.png,output/gen_tab_20211228_164351_8209338861.png
20,4,41,8,60,507,101,515,60,507,101,507,101,515,60,515,text,table_text,table_0,times,italic,7.0,24poi_20211228_164346_3044877937_600_800.png,/scratch/parceirosbr/bigoilict/share/BigOil/document_generator/datasets/documents_2021_12_28/24poi_20211228_164346_3044877937_600_800.png,24poi_20211228_164346_3044877937_600_800_mask.png,possibilidade
20,4,41,8,60,507,101,515,60,507,101,507,101,515,60,515,sub_line_text,table_text,table_0,times,italic,7.0,24poi_20211228_164346_3044877937_600_800.png,/scratch/parceirosbr/bigoilict/share/BigOil/document_generator/datasets/documents_2021_12_28/24poi_20211228_164346_3044877937_600_800.png,24poi_20211228_164346_3044877937_600_800_mask.png,possibilidade
19,4,38,8,61,528,99,536,61,528,99,528,99,536,61,536,text,table_text,table_0,times,bold,7.0,24poi_20211228_164346_3044877937_600_800.png,/scratch/parceirosbr/bigoilict/share/BigOil/document_generator/datasets/documents_2021_12_28/24poi_20211228_164346_3044877937_600_800.png,24poi_20211228_164346_3044877937_600_800_mask.png,componentes
19,4,38,8,61,528,99,536,61,528,99,528,99,536,61,536,sub_line_text,table_text,table_0,times,bold,7.0,24poi_20211228_164346_3044877937_600_800.png,/scratch/parceirosbr/bigoilict/share/BigOil/document_generator/datasets/documents_2021_12_28/24poi_20211228_164346_3044877937_600_800.png,24poi_20211228_164346_3044877937_600_800_mask.png,componentes
12,4,24,8,69,540,93,548,69,540,93,540,93,548,69,548,text,table_text,table_0,times,bold,7.0,24poi_20211228_164346_3044877937_600_800.png,/scratch/parceirosbr/bigoilict/share/BigOil/document_generator/datasets/documents_2021_12_28/24poi_20211228_164346_3044877937_600_800.png,24poi_20211228_164346_3044877937_600_800_mask.png,superior
12,4,24,8,69,540,93,548,69,540,93,540,93,548,69,548,sub_line_text,table_text,table_0,times,bold,7.0,24poi_20211228_164346_3044877937_600_800.png,/scratch/parceirosbr/bigoilict/share/BigOil/document_generator/datasets/documents_2021_12_28/24poi_20211228_164346_3044877937_600_800.png,24poi_20211228_164346_3044877937_600_800_mask.png,superior
3,4,7,8,76,551,83,559,76,551,83,551,83,559,76,559,text,table_text,table_0,times,bold,7.0,24poi_20211228_164346_3044877937_600_800.png,/scratch/parceirosbr/bigoilict/share/BigOil/document_generator/datasets/documents_2021_12_28/24poi_20211228_164346_3044877937_600_800.png,24poi_20211228_164346_3044877937_600_800_mask.png,do
3,4,7,8,76,551,83,559,76,551,83,551,83,559,76,559,sub_line_text,table_text,table_0,times,bold,7.0,24poi_20211228_164346_3044877937_600_800.png,/scratch/parceirosbr/bigoilict/share/BigOil/document_generator/datasets/documents_2021_12_28/24poi_20211228_164346_3044877937_600_800.png,24poi_20211228_164346_3044877937_600_800_mask.png,do
10,4,21,8,71,563,92,571,71,563,92,563,92,571,71,571,text,table_text,table_0,times,bold,7.0,24poi_20211228_164346_3044877937_600_800.png,/scratch/parceirosbr/bigoilict/share/BigOil/document_generator/datasets/documents_2021_12_28/24poi_20211228_164346_3044877937_600_800.png,24poi_20211228_164346_3044877937_600_800_mask.png,cálculo
10,4,21,8,71,563,92,571,71,563,92,563,92,571,71,571,sub_line_text,table_text,table_0,times,bold,7.0,24poi_20211228_164346_3044877937_600_800.png,/scratch/parceirosbr/bigoilict/share/BigOil/document_generator/datasets/documents_2021_12_28/24poi_20211228_164346_3044877937_600_800.png,24poi_20211228_164346_3044877937_600_800_mask.png,cálculo
10,4,21,8,70,574,91,582,70,574,91,574,91,582,70,582,text,table_text,table_0,times,bold,7.0,24poi_20211228_164346_3044877937_600_800.png,/scratch/parceirosbr/bigoilict/share/BigOil/document_generator/datasets/documents_2021_12_28/24poi_20211228_164346_3044877937_600_800.png,24poi_20211228_164346_3044877937_600_800_mask.png,direção
10,4,21,8,70,574,91,582,70,574,91,574,91,582,70,582,sub_line_text,table_text,table_0,times,bold,7.0,24poi_20211228_164346_3044877937_600_800.png,/scratch/parceirosbr/bigoilict/share/BigOil/document_generator/datasets/documents_2021_12_28/24poi_20211228_164346_3044877937_600_800.png,24poi_20211228_164346_3044877937_600_800_mask.png,direção
15,4,31,8,65,586,96,594,65,586,96,586,96,594,65,594,text,table_text,table_0,times,bold,7.0,24poi_20211228_164346_3044877937_600_800.png,/scratch/parceirosbr/bigoilict/share/BigOil/document_generator/datasets/documents_2021_12_28/24poi_20211228_164346_3044877937_600_800.png,24poi_20211228_164346_3044877937_600_800_mask.png,calculadas
15,4,31,8,65,586,96,594,65,586,96,586,96,594,65,594,sub_line_text,table_text,table_0,times,bold,7.0,24poi_20211228_164346_3044877937_600_800.png,/scratch/parceirosbr/bigoilict/share/BigOil/document_generator/datasets/documents_2021_12_28/24poi_20211228_164346_3044877937_600_800.png,24poi_20211228_164346_3044877937_600_800_mask.png,calculadas
5,4,11,8,155,597,166,605,155,597,166,597,166,605,155,605,text,table_text,table_0,times,bold,7.0,24poi_20211228_164346_3044877937_600_800.png,/scratch/parceirosbr/bigoilict/share/BigOil/document_generator/datasets/documents_2021_12_28/24poi_20211228_164346_3044877937_600_800.png,24poi_20211228_164346_3044877937_600_800_mask.png,fase
5,4,11,8,155,597,166,605,155,597,166,597,166,605,155,605,sub_line_text,table_text,table_0,times,bold,7.0,24poi_20211228_164346_3044877937_600_800.png,/scratch/parceirosbr/bigoilict/share/BigOil/document_generator/datasets/documents_2021_12_28/24poi_20211228_164346_3044877937_600_800.png,24poi_20211228_164346_3044877937_600_800_mask.png,fase
8,4,17,8,147,507,164,515,147,507,164,507,164,515,147,515,text,table_text,table_0,times,italic,7.0,24poi_20211228_164346_3044877937_600_800.png,/scratch/parceirosbr/bigoilict/share/BigOil/document_generator/datasets/documents_2021_12_28/24poi_20211228_164346_3044877937_600_800.png,24poi_20211228_164346_3044877937_600_800_mask.png,físico
8,4,17,8,147,507,164,515,147,507,164,507,164,515,147,515,sub_line_text,table_text,table_0,times,italic,7.0,24poi_20211228_164346_3044877937_600_800.png,/scratch/parceirosbr/bigoilict/share/BigOil/document_generator/datasets/documents_2021_12_28/24poi_20211228_164346_3044877937_600_800.png,24poi_20211228_164346_3044877937_600_800_mask.png,físico
15,4,30,8,134,528,164,536,134,528,164,528,164,536,134,536,text,table_text,table_0,times,bold,7.0,24poi_20211228_164346_3044877937_600_800.png,/scratch/parceirosbr/bigoilict/share/BigOil/document_generator/datasets/documents_2021_12_28/24poi_20211228_164346_3044877937_600_800.png,24poi_20211228_164346_3044877937_600_800_mask.png,61334233
15,4,30,8,134,528,164,536,134,528,164,528,164,536,134,536,sub_line_text,table_text,table_0,times,bold,7.0,24poi_20211228_164346_3044877937_600_800.png,/scratch/parceirosbr/bigoilict/share/BigOil/document_generator/datasets/documents_2021_12_28/24poi_20211228_164346_3044877937_600_800.png,24poi_20211228_164346_3044877937_600_800_mask.png,61334233
15,4,30,8,134,540,164,548,134,540,164,540,164,548,134,548,text,table_text,table_0,times,bold,7.0,24poi_20211228_164346_3044877937_600_800.png,/scratch/parceirosbr/bigoilict/share/BigOil/document_generator/datasets/documents_2021_12_28/24poi_20211228_164346_3044877937_600_800.png,24poi_20211228_164346_3044877937_600_800_mask.png,28091646
15,4,30,8,134,540,164,548,134,540,164,540,164,548,134,548,sub_line_text,table_text,table_0,times,bold,7.0,24poi_20211228_164346_3044877937_600_800.png,/scratch/parceirosbr/bigoilict/share/BigOil/document_generator/datasets/documents_2021_12_28/24poi_20211228_164346_3044877937_600_800.png,24poi_20211228_164346_3044877937_600_800_mask.png,28091646
15,4,30,8,134,551,164,559,134,551,164,551,164,559,134,559,text,table_text,table_0,times,bold,7.0,24poi_20211228_164346_3044877937_600_800.png,/scratch/parceirosbr/bigoilict/share/BigOil/document_generator/datasets/documents_2021_12_28/24poi_20211228_164346_3044877937_600_800.png,24poi_20211228_164346_3044877937_600_800_mask.png,66096580
15,4,30,8,134,551,164,559,134,551,164,551,164,559,134,559,sub_line_text,table_text,table_0,times,bold,7.0,24poi_20211228_164346_3044877937_600_800.png,/scratch/parceirosbr/bigoilict/share/BigOil/document_generator/datasets/documents_2021_12_28/24poi_20211228_164346_3044877937_600_800.png,24poi_20211228_164346_3044877937_600_800_mask.png,66096580
17,4,34,8,130,563,164,571,130,563,164,563,164,571,130,571,text,table_text,table_0,times,bold,7.0,24poi_20211228_164346_3044877937_600_800.png,/scratch/parceirosbr/bigoilict/share/BigOil/document_generator/datasets/documents_2021_12_28/24poi_20211228_164346_3044877937_600_800.png,24poi_20211228_164346_3044877937_600_800_mask.png,552577109
17,4,34,8,130,563,164,571,130,563,164,563,164,571,130,571,sub_line_text,table_text,table_0,times,bold,7.0,24poi_20211228_164346_3044877937_600_800.png,/scratch/parceirosbr/bigoilict/share/BigOil/document_generator/datasets/documents_2021_12_28/24poi_20211228_164346_3044877937_600_800.png,24poi_20211228_164346_3044877937_600_800_mask.png,552577109
19,4,38,8,126,574,164,582,126,574,164,574,164,582,126,582,text,table_text,table_0,times,bold,7.0,24poi_20211228_164346_3044877937_600_800.png,/scratch/parceirosbr/bigoilict/share/BigOil/document_generator/datasets/documents_2021_12_28/24poi_20211228_164346_3044877937_600_800.png,24poi_20211228_164346_3044877937_600_800_mask.png,5722623247
19,4,38,8,126,574,164,582,126,574,164,574,164,582,126,582,sub_line_text,table_text,table_0,times,bold,7.0,24poi_20211228_164346_3044877937_600_800.png,/scratch/parceirosbr/bigoilict/share/BigOil/document_generator/datasets/documents_2021_12_28/24poi_20211228_164346_3044877937_600_800.png,24poi_20211228_164346_3044877937_600_800_mask.png,5722623247
17,4,34,8,130,586,164,594,130,586,164,586,164,594,130,594,text,table_text,table_0,times,bold,7.0,24poi_20211228_164346_3044877937_600_800.png,/scratch/parceirosbr/bigoilict/share/BigOil/document_generator/datasets/documents_2021_12_28/24poi_20211228_164346_3044877937_600_800.png,24poi_20211228_164346_3044877937_600_800_mask.png,984774686
17,4,34,8,130,586,164,594,130,586,164,586,164,594,130,594,sub_line_text,table_text,table_0,times,bold,7.0,24poi_20211228_164346_3044877937_600_800.png,/scratch/parceirosbr/bigoilict/share/BigOil/document_generator/datasets/documents_2021_12_28/24poi_20211228_164346_3044877937_600_800.png,24poi_20211228_164346_3044877937_600_800_mask.png,984774686
10,4,21,8,202,507,223,515,202,507,223,507,223,515,202,515,text,table_text,table_0,times,italic,7.0,24poi_20211228_164346_3044877937_600_800.png,/scratch/parceirosbr/bigoilict/share/BigOil/document_generator/datasets/documents_2021_12_28/24poi_20211228_164346_3044877937_600_800.png,24poi_20211228_164346_3044877937_600_800_mask.png,também
10,4,21,8,202,507,223,515,202,507,223,507,223,515,202,515,sub_line_text,table_text,table_0,times,italic,7.0,24poi_20211228_164346_3044877937_600_800.png,/scratch/parceirosbr/bigoilict/share/BigOil/document_generator/datasets/documents_2021_12_28/24poi_20211228_164346_3044877937_600_800.png,24poi_20211228_164346_3044877937_600_800_mask.png,também
21,4,43,8,180,528,223,536,180,528,223,528,223,536,180,536,text,table_text,table_0,times,bold,7.0,24poi_20211228_164346_3044877937_600_800.png,/scratch/parceirosbr/bigoilict/share/BigOil/document_generator/datasets/documents_2021_12_28/24poi_20211228_164346_3044877937_600_800.png,24poi_20211228_164346_3044877937_600_800_mask.png,1206076.1526
21,4,43,8,180,528,223,536,180,528,223,528,223,536,180,536,sub_line_text,table_text,table_0,times,bold,7.0,24poi_20211228_164346_3044877937_600_800.png,/scratch/parceirosbr/bigoilict/share/BigOil/document_generator/datasets/documents_2021_12_28/24poi_20211228_164346_3044877937_600_800.png,24poi_20211228_164346_3044877937_600_800_mask.png,1206076.1526
21,4,43,8,180,540,223,548,180,540,223,540,223,548,180,548,text,table_text,table_0,times,bold,7.0,24poi_20211228_164346_3044877937_600_800.png,/scratch/parceirosbr/bigoilict/share/BigOil/document_generator/datasets/documents_2021_12_28/24poi_20211228_164346_3044877937_600_800.png,24poi_20211228_164346_3044877937_600_800_mask.png,8757429.9095
21,4,43,8,180,540,223,548,180,540,223,540,223,548,180,548,sub_line_text,table_text,table_0,times,bold,7.0,24poi_20211228_164346_3044877937_600_800.png,/scratch/parceirosbr/bigoilict/share/BigOil/document_generator/datasets/documents_2021_12_28/24poi_20211228_164346_3044877937_600_800.png,24poi_20211228_164346_3044877937_600_800_mask.png,8757429.9095
21,4,43,8,180,551,223,559,180,551,223,551,223,559,180,559,text,table_text,table_0,times,bold,7.0,24poi_20211228_164346_3044877937_600_800.png,/scratch/parceirosbr/bigoilict/share/BigOil/document_generator/datasets/documents_2021_12_28/24poi_20211228_164346_3044877937_600_800.png,24poi_20211228_164346_3044877937_600_800_mask.png,9361687.4966
21,4,43,8,180,551,223,559,180,551,223,551,223,559,180,559,sub_line_text,table_text,table_0,times,bold,7.0,24poi_20211228_164346_3044877937_600_800.png,/scratch/parceirosbr/bigoilict/share/BigOil/document_generator/datasets/documents_2021_12_28/24poi_20211228_164346_3044877937_600_800.png,24poi_20211228_164346_3044877937_600_800_mask.png,9361687.4966
21,4,43,8,180,563,223,571,180,563,223,563,223,571,180,571,text,table_text,table_0,times,bold,7.0,24poi_20211228_164346_3044877937_600_800.png,/scratch/parceirosbr/bigoilict/share/BigOil/document_generator/datasets/documents_2021_12_28/24poi_20211228_164346_3044877937_600_800.png,24poi_20211228_164346_3044877937_600_800_mask.png,8619181.3625
21,4,43,8,180,563,223,571,180,563,223,563,223,571,180,571,sub_line_text,table_text,table_0,times,bold,7.0,24poi_20211228_164346_3044877937_600_800.png,/scratch/parceirosbr/bigoilict/share/BigOil/document_generator/datasets/documents_2021_12_28/24poi_20211228_164346_3044877937_600_800.png,24poi_20211228_164346_3044877937_600_800_mask.png,8619181.3625
21,4,43,8,180,574,223,582,180,574,223,574,223,582,180,582,text,table_text,table_0,times,bold,7.0,24poi_20211228_164346_3044877937_600_800.png,/scratch/parceirosbr/bigoilict/share/BigOil/document_generator/datasets/documents_2021_12_28/24poi_20211228_164346_3044877937_600_800.png,24poi_20211228_164346_3044877937_600_800_mask.png,7442637.5592
21,4,43,8,180,574,223,582,180,574,223,574,223,582,180,582,sub_line_text,table_text,table_0,times,bold,7.0,24poi_20211228_164346_3044877937_600_800.png,/scratch/parceirosbr/bigoilict/share/BigOil/document_generator/datasets/documents_2021_12_28/24poi_20211228_164346_3044877937_600_800.png,24poi_20211228_164346_3044877937_600_800_mask.png,7442637.5592
21,4,43,8,180,586,223,594,180,586,223,586,223,594,180,594,text,table_text,table_0,times,bold,7.0,24poi_20211228_164346_3044877937_600_800.png,/scratch/parceirosbr/bigoilict/share/BigOil/document_generator/datasets/documents_2021_12_28/24poi_20211228_164346_3044877937_600_800.png,24poi_20211228_164346_3044877937_600_800_mask.png,7444989.4125
21,4,43,8,180,586,223,594,180,586,223,586,223,594,180,594,sub_line_text,table_text,table_0,times,bold,7.0,24poi_20211228_164346_3044877937_600_800.png,/scratch/parceirosbr/bigoilict/share/BigOil/document_generator/datasets/documents_2021_12_28/24poi_20211228_164346_3044877937_600_800.png,24poi_20211228_164346_3044877937_600_800_mask.png,7444989.4125
12,4,25,8,237,507,262,515,237,507,262,507,262,515,237,515,text,table_text,table_0,times,italic,7.0,24poi_20211228_164346_3044877937_600_800.png,/scratch/parceirosbr/bigoilict/share/BigOil/document_generator/datasets/documents_2021_12_28/24poi_20211228_164346_3044877937_600_800.png,24poi_20211228_164346_3044877937_600_800_mask.png,partirde
12,4,25,8,237,507,262,515,237,507,262,507,262,515,237,515,sub_line_text,table_text,table_0,times,italic,7.0,24poi_20211228_164346_3044877937_600_800.png,/scratch/parceirosbr/bigoilict/share/BigOil/document_generator/datasets/documents_2021_12_28/24poi_20211228_164346_3044877937_600_800.png,24poi_20211228_164346_3044877937_600_800_mask.png,partirde
8,4,17,8,245,528,262,536,245,528,262,528,262,536,245,536,text,table_text,table_0,times,bold,7.0,24poi_20211228_164346_3044877937_600_800.png,/scratch/parceirosbr/bigoilict/share/BigOil/document_generator/datasets/documents_2021_12_28/24poi_20211228_164346_3044877937_600_800.png,24poi_20211228_164346_3044877937_600_800_mask.png,3.395
8,4,17,8,245,528,262,536,245,528,262,528,262,536,245,536,sub_line_text,table_text,table_0,times,bold,7.0,24poi_20211228_164346_3044877937_600_800.png,/scratch/parceirosbr/bigoilict/share/BigOil/document_generator/datasets/documents_2021_12_28/24poi_20211228_164346_3044877937_600_800.png,24poi_20211228_164346_3044877937_600_800_mask.png,3.395
8,4,17,8,245,540,262,548,245,540,262,540,262,548,245,548,text,table_text,table_0,times,bold,7.0,24poi_20211228_164346_3044877937_600_800.png,/scratch/parceirosbr/bigoilict/share/BigOil/document_generator/datasets/documents_2021_12_28/24poi_20211228_164346_3044877937_600_800.png,24poi_20211228_164346_3044877937_600_800_mask.png,2.200
8,4,17,8,245,540,262,548,245,540,262,540,262,548,245,548,sub_line_text,table_text,table_0,times,bold,7.0,24poi_20211228_164346_3044877937_600_800.png,/scratch/parceirosbr/bigoilict/share/BigOil/document_generator/datasets/documents_2021_12_28/24poi_20211228_164346_3044877937_600_800.png,24poi_20211228_164346_3044877937_600_800_mask.png,2.200
8,4,17,8,245,551,262,559,245,551,262,551,262,559,245,559,text,table_text,table_0,times,bold,7.0,24poi_20211228_164346_3044877937_600_800.png,/scratch/parceirosbr/bigoilict/share/BigOil/document_generator/datasets/documents_2021_12_28/24poi_20211228_164346_3044877937_600_800.png,24poi_20211228_164346_3044877937_600_800_mask.png,8.549
8,4,17,8,245,551,262,559,245,551,262,551,262,559,245,559,sub_line_text,table_text,table_0,times,bold,7.0,24poi_20211228_164346_3044877937_600_800.png,/scratch/parceirosbr/bigoilict/share/BigOil/document_generator/datasets/documents_2021_12_28/24poi_20211228_164346_3044877937_600_800.png,24poi_20211228_164346_3044877937_600_800_mask.png,8.549
8,4,17,8,245,563,262,571,245,563,262,563,262,571,245,571,text,table_text,table_0,times,bold,7.0,24poi_20211228_164346_3044877937_600_800.png,/scratch/parceirosbr/bigoilict/share/BigOil/document_generator/datasets/documents_2021_12_28/24poi_20211228_164346_3044877937_600_800.png,24poi_20211228_164346_3044877937_600_800_mask.png,1.185
8,4,17,8,245,563,262,571,245,563,262,563,262,571,245,571,sub_line_text,table_text,table_0,times,bold,7.0,24poi_20211228_164346_3044877937_600_800.png,/scratch/parceirosbr/bigoilict/share/BigOil/document_generator/datasets/documents_2021_12_28/24poi_20211228_164346_3044877937_600_800.png,24poi_20211228_164346_3044877937_600_800_mask.png,1.185
8,4,17,8,245,574,262,582,245,574,262,574,262,582,245,582,text,table_text,table_0,times,bold,7.0,24poi_20211228_164346_3044877937_600_800.png,/scratch/parceirosbr/bigoilict/share/BigOil/document_generator/datasets/documents_2021_12_28/24poi_20211228_164346_3044877937_600_800.png,24poi_20211228_164346_3044877937_600_800_mask.png,4.268
8,4,17,8,245,574,262,582,245,574,262,574,262,582,245,582,sub_line_text,table_text,table_0,times,bold,7.0,24poi_20211228_164346_3044877937_600_800.png,/scratch/parceirosbr/bigoilict/share/BigOil/document_generator/datasets/documents_2021_12_28/24poi_20211228_164346_3044877937_600_800.png,24poi_20211228_164346_3044877937_600_800_mask.png,4.268
8,4,17,8,245,586,262,594,245,586,262,586,262,594,245,594,text,table_text,table_0,times,bold,7.0,24poi_20211228_164346_3044877937_600_800.png,/scratch/parceirosbr/bigoilict/share/BigOil/document_generator/datasets/documents_2021_12_28/24poi_20211228_164346_3044877937_600_800.png,24poi_20211228_164346_3044877937_600_800_mask.png,6.782
8,4,17,8,245,586,262,594,245,586,262,586,262,594,245,594,sub_line_text,table_text,table_0,times,bold,7.0,24poi_20211228_164346_3044877937_600_800.png,/scratch/parceirosbr/bigoilict/share/BigOil/document_generator/datasets/documents_2021_12_28/24poi_20211228_164346_3044877937_600_800.png,24poi_20211228_164346_3044877937_600_800_mask.png,6.782
99,3,198,7,301,241,499,248,301,241,499,241,499,248,301,248,sub_line_text,figure_legend,figure_2,arial,italic,6,24poi_20211228_164346_3044877937_600_800.png,/scratch/parceirosbr/bigoilict/share/BigOil/document_generator/datasets/documents_2021_12_28/24poi_20211228_164346_3044877937_600_800.png,24poi_20211228_164346_3044877937_600_800_mask.png,Fig.    106:        The    new    arrangements    are   mostly   characterized
99,3,198,7,301,249,499,256,301,249,499,249,499,256,301,256,sub_line_text,figure_legend,figure_2,arial,italic,6,24poi_20211228_164346_3044877937_600_800.png,/scratch/parceirosbr/bigoilict/share/BigOil/document_generator/datasets/documents_2021_12_28/24poi_20211228_164346_3044877937_600_800.png,24poi_20211228_164346_3044877937_600_800_mask.png,by    the    reduction    of    the    presence    in   the   sector's   production
99,3,198,7,301,257,499,264,301,257,499,257,499,264,301,264,sub_line_text,figure_legend,figure_2,arial,italic,6,24poi_20211228_164346_3044877937_600_800.png,/scratch/parceirosbr/bigoilict/share/BigOil/document_generator/datasets/documents_2021_12_28/24poi_20211228_164346_3044877937_600_800.png,24poi_20211228_164346_3044877937_600_800_mask.png,"chain,    which,    even    keeping    the    company    public,    uses    com-"
44,3,89,7,301,265,390,272,301,265,390,265,390,272,301,272,sub_line_text,figure_legend,figure_2,arial,italic,6,24poi_20211228_164346_3044877937_600_800.png,/scratch/parceirosbr/bigoilict/share/BigOil/document_generator/datasets/documents_2021_12_28/24poi_20211228_164346_3044877937_600_800.png,24poi_20211228_164346_3044877937_600_800_mask.png,mercial criteria in the operations of
99,15,198,31,301,241,499,272,301,241,499,241,499,272,301,272,text,figure_legend,figure_2,arial,italic,6,24poi_20211228_164346_3044877937_600_800.png,/scratch/parceirosbr/bigoilict/share/BigOil/document_generator/datasets/documents_2021_12_28/24poi_20211228_164346_3044877937_600_800.png,24poi_20211228_164346_3044877937_600_800_mask.png,nan
58,77,116,155,354,277,470,432,354,277,470,277,470,432,354,432,image,figure_image,figure_2,,,,24poi_20211228_164346_3044877937_600_800.png,/scratch/parceirosbr/bigoilict/share/BigOil/document_generator/datasets/documents_2021_12_28/24poi_20211228_164346_3044877937_600_800.png,24poi_20211228_164346_3044877937_600_800_mask.png,output/gen_img_20211228_164353_9523886541.png
9,0,19,1,404,352,423,353,404,346,425,352,423,360,401,353,text,figure_text,figure_2,,,,24poi_20211228_164346_3044877937_600_800.png,/scratch/parceirosbr/bigoilict/share/BigOil/document_generator/datasets/documents_2021_12_28/24poi_20211228_164346_3044877937_600_800.png,24poi_20211228_164346_3044877937_600_800_mask.png,Fluency
9,0,19,1,404,352,423,353,404,346,425,352,423,360,401,353,sub_line_text,figure_text,figure_2,,,,24poi_20211228_164346_3044877937_600_800.png,/scratch/parceirosbr/bigoilict/share/BigOil/document_generator/datasets/documents_2021_12_28/24poi_20211228_164346_3044877937_600_800.png,24poi_20211228_164346_3044877937_600_800_mask.png,Fluency
19,7,38,15,406,299,444,314,406,308,442,299,444,305,407,314,text,figure_text,figure_2,,,,24poi_20211228_164346_3044877937_600_800.png,/scratch/parceirosbr/bigoilict/share/BigOil/document_generator/datasets/documents_2021_12_28/24poi_20211228_164346_3044877937_600_800.png,24poi_20211228_164346_3044877937_600_800_mask.png,Performance
19,7,38,15,406,299,444,314,406,308,442,299,444,305,407,314,sub_line_text,figure_text,figure_2,,,,24poi_20211228_164346_3044877937_600_800.png,/scratch/parceirosbr/bigoilict/share/BigOil/document_generator/datasets/documents_2021_12_28/24poi_20211228_164346_3044877937_600_800.png,24poi_20211228_164346_3044877937_600_800_mask.png,Performance
19,4,39,9,385,331,424,340,385,334,423,331,424,337,385,340,text,figure_text,figure_2,,,,24poi_20211228_164346_3044877937_600_800.png,/scratch/parceirosbr/bigoilict/share/BigOil/document_generator/datasets/documents_2021_12_28/24poi_20211228_164346_3044877937_600_800.png,24poi_20211228_164346_3044877937_600_800_mask.png,Demand (MB)
19,4,39,9,385,331,424,340,385,334,423,331,424,337,385,340,sub_line_text,figure_text,figure_2,,,,24poi_20211228_164346_3044877937_600_800.png,/scratch/parceirosbr/bigoilict/share/BigOil/document_generator/datasets/documents_2021_12_28/24poi_20211228_164346_3044877937_600_800.png,24poi_20211228_164346_3044877937_600_800_mask.png,Demand (MB)
20,8,41,16,425,329,466,345,425,339,464,329,466,335,426,345,text,figure_text,figure_2,,,,24poi_20211228_164346_3044877937_600_800.png,/scratch/parceirosbr/bigoilict/share/BigOil/document_generator/datasets/documents_2021_12_28/24poi_20211228_164346_3044877937_600_800.png,24poi_20211228_164346_3044877937_600_800_mask.png,Transmittance
20,8,41,16,425,329,466,345,425,339,464,329,466,335,426,345,sub_line_text,figure_text,figure_2,,,,24poi_20211228_164346_3044877937_600_800.png,/scratch/parceirosbr/bigoilict/share/BigOil/document_generator/datasets/documents_2021_12_28/24poi_20211228_164346_3044877937_600_800.png,24poi_20211228_164346_3044877937_600_800_mask.png,Transmittance
10,2,20,5,364,306,384,311,364,304,385,306,384,314,363,311,text,figure_text,figure_2,,,,24poi_20211228_164346_3044877937_600_800.png,/scratch/parceirosbr/bigoilict/share/BigOil/document_generator/datasets/documents_2021_12_28/24poi_20211228_164346_3044877937_600_800.png,24poi_20211228_164346_3044877937_600_800_mask.png,-9406%
10,2,20,5,364,306,384,311,364,304,385,306,384,314,363,311,sub_line_text,figure_text,figure_2,,,,24poi_20211228_164346_3044877937_600_800.png,/scratch/parceirosbr/bigoilict/share/BigOil/document_generator/datasets/documents_2021_12_28/24poi_20211228_164346_3044877937_600_800.png,24poi_20211228_164346_3044877937_600_800_mask.png,-9406%
10,6,21,12,381,401,402,413,381,406,401,401,402,407,383,413,text,figure_text,figure_2,,,,24poi_20211228_164346_3044877937_600_800.png,/scratch/parceirosbr/bigoilict/share/BigOil/document_generator/datasets/documents_2021_12_28/24poi_20211228_164346_3044877937_600_800.png,24poi_20211228_164346_3044877937_600_800_mask.png,-31.235
10,6,21,12,381,401,402,413,381,406,401,401,402,407,383,413,sub_line_text,figure_text,figure_2,,,,24poi_20211228_164346_3044877937_600_800.png,/scratch/parceirosbr/bigoilict/share/BigOil/document_generator/datasets/documents_2021_12_28/24poi_20211228_164346_3044877937_600_800.png,24poi_20211228_164346_3044877937_600_800_mask.png,-31.235
12,0,25,0,422,394,447,394,422,388,449,394,447,401,420,394,text,figure_text,figure_2,,,,24poi_20211228_164346_3044877937_600_800.png,/scratch/parceirosbr/bigoilict/share/BigOil/document_generator/datasets/documents_2021_12_28/24poi_20211228_164346_3044877937_600_800.png,24poi_20211228_164346_3044877937_600_800_mask.png,-3162.576
12,0,25,0,422,394,447,394,422,388,449,394,447,401,420,394,sub_line_text,figure_text,figure_2,,,,24poi_20211228_164346_3044877937_600_800.png,/scratch/parceirosbr/bigoilict/share/BigOil/document_generator/datasets/documents_2021_12_28/24poi_20211228_164346_3044877937_600_800.png,24poi_20211228_164346_3044877937_600_800_mask.png,-3162.576
11,1,22,2,376,291,398,293,376,286,400,291,398,298,374,293,text,figure_text,figure_2,,,,24poi_20211228_164346_3044877937_600_800.png,/scratch/parceirosbr/bigoilict/share/BigOil/document_generator/datasets/documents_2021_12_28/24poi_20211228_164346_3044877937_600_800.png,24poi_20211228_164346_3044877937_600_800_mask.png,-5888.36
11,1,22,2,376,291,398,293,376,286,400,291,398,298,374,293,sub_line_text,figure_text,figure_2,,,,24poi_20211228_164346_3044877937_600_800.png,/scratch/parceirosbr/bigoilict/share/BigOil/document_generator/datasets/documents_2021_12_28/24poi_20211228_164346_3044877937_600_800.png,24poi_20211228_164346_3044877937_600_800_mask.png,-5888.36
11,0,22,0,432,289,454,289,432,282,456,289,454,296,430,289,text,figure_text,figure_2,,,,24poi_20211228_164346_3044877937_600_800.png,/scratch/parceirosbr/bigoilict/share/BigOil/document_generator/datasets/documents_2021_12_28/24poi_20211228_164346_3044877937_600_800.png,24poi_20211228_164346_3044877937_600_800_mask.png,-3894.8%
11,0,22,0,432,289,454,289,432,282,456,289,454,296,430,289,sub_line_text,figure_text,figure_2,,,,24poi_20211228_164346_3044877937_600_800.png,/scratch/parceirosbr/bigoilict/share/BigOil/document_generator/datasets/documents_2021_12_28/24poi_20211228_164346_3044877937_600_800.png,24poi_20211228_164346_3044877937_600_800_mask.png,-3894.8%
9,0,18,1,406,285,424,286,406,279,426,285,424,292,404,286,text,figure_text,figure_2,,,,24poi_20211228_164346_3044877937_600_800.png,/scratch/parceirosbr/bigoilict/share/BigOil/document_generator/datasets/documents_2021_12_28/24poi_20211228_164346_3044877937_600_800.png,24poi_20211228_164346_3044877937_600_800_mask.png,-7935%
9,0,18,1,406,285,424,286,406,279,426,285,424,292,404,286,sub_line_text,figure_text,figure_2,,,,24poi_20211228_164346_3044877937_600_800.png,/scratch/parceirosbr/bigoilict/share/BigOil/document_generator/datasets/documents_2021_12_28/24poi_20211228_164346_3044877937_600_800.png,24poi_20211228_164346_3044877937_600_800_mask.png,-7935%
13,5,27,11,386,364,413,375,386,368,413,364,413,371,386,375,text,figure_text,figure_2,,,,24poi_20211228_164346_3044877937_600_800.png,/scratch/parceirosbr/bigoilict/share/BigOil/document_generator/datasets/documents_2021_12_28/24poi_20211228_164346_3044877937_600_800.png,24poi_20211228_164346_3044877937_600_800_mask.png,-6531.283
13,5,27,11,386,364,413,375,386,368,413,364,413,371,386,375,sub_line_text,figure_text,figure_2,,,,24poi_20211228_164346_3044877937_600_800.png,/scratch/parceirosbr/bigoilict/share/BigOil/document_generator/datasets/documents_2021_12_28/24poi_20211228_164346_3044877937_600_800.png,24poi_20211228_164346_3044877937_600_800_mask.png,-6531.283
13,6,27,13,358,378,385,391,358,384,383,378,385,385,360,391,text,figure_text,figure_2,,,,24poi_20211228_164346_3044877937_600_800.png,/scratch/parceirosbr/bigoilict/share/BigOil/document_generator/datasets/documents_2021_12_28/24poi_20211228_164346_3044877937_600_800.png,24poi_20211228_164346_3044877937_600_800_mask.png,-7949.0%
13,6,27,13,358,378,385,391,358,384,383,378,385,385,360,391,sub_line_text,figure_text,figure_2,,,,24poi_20211228_164346_3044877937_600_800.png,/scratch/parceirosbr/bigoilict/share/BigOil/document_generator/datasets/documents_2021_12_28/24poi_20211228_164346_3044877937_600_800.png,24poi_20211228_164346_3044877937_600_800_mask.png,-7949.0%
11,4,23,9,371,342,394,351,371,344,393,342,394,350,371,351,text,figure_text,figure_2,,,,24poi_20211228_164346_3044877937_600_800.png,/scratch/parceirosbr/bigoilict/share/BigOil/document_generator/datasets/documents_2021_12_28/24poi_20211228_164346_3044877937_600_800.png,24poi_20211228_164346_3044877937_600_800_mask.png,Fluency
11,4,23,9,371,342,394,351,371,344,393,342,394,350,371,351,sub_line_text,figure_text,figure_2,,,,24poi_20211228_164346_3044877937_600_800.png,/scratch/parceirosbr/bigoilict/share/BigOil/document_generator/datasets/documents_2021_12_28/24poi_20211228_164346_3044877937_600_800.png,24poi_20211228_164346_3044877937_600_800_mask.png,Fluency
11,0,23,1,424,378,447,379,424,373,449,378,447,385,422,379,text,figure_text,figure_2,,,,24poi_20211228_164346_3044877937_600_800.png,/scratch/parceirosbr/bigoilict/share/BigOil/document_generator/datasets/documents_2021_12_28/24poi_20211228_164346_3044877937_600_800.png,24poi_20211228_164346_3044877937_600_800_mask.png,-5311.422
11,0,23,1,424,378,447,379,424,373,449,378,447,385,422,379,sub_line_text,figure_text,figure_2,,,,24poi_20211228_164346_3044877937_600_800.png,/scratch/parceirosbr/bigoilict/share/BigOil/document_generator/datasets/documents_2021_12_28/24poi_20211228_164346_3044877937_600_800.png,24poi_20211228_164346_3044877937_600_800_mask.png,-5311.422
84,3,168,7,301,441,469,448,301,441,469,441,469,448,301,448,sub_line_text,figure_legend,figure_3,arial,italic,6,24poi_20211228_164346_3044877937_600_800.png,/scratch/parceirosbr/bigoilict/share/BigOil/document_generator/datasets/documents_2021_12_28/24poi_20211228_164346_3044877937_600_800.png,24poi_20211228_164346_3044877937_600_800_mask.png,"Fig.   44:      After   the   end   of   the   gel  polymerization,  t-"
83,3,167,7,301,449,468,456,301,449,468,449,468,456,301,456,sub_line_text,figure_legend,figure_3,arial,italic,6,24poi_20211228_164346_3044877937_600_800.png,/scratch/parceirosbr/bigoilict/share/BigOil/document_generator/datasets/documents_2021_12_28/24poi_20211228_164346_3044877937_600_800.png,24poi_20211228_164346_3044877937_600_800_mask.png,"he   race   started,   lasting   two   hours   with   a   voltage   of"
56,3,112,7,301,457,413,464,301,457,413,457,413,464,301,464,sub_line_text,figure_legend,figure_3,arial,italic,6,24poi_20211228_164346_3044877937_600_800.png,/scratch/parceirosbr/bigoilict/share/BigOil/document_generator/datasets/documents_2021_12_28/24poi_20211228_164346_3044877937_600_800.png,24poi_20211228_164346_3044877937_600_800_mask.png,150. As curvas de destilação experimentais
84,11,168,23,301,441,469,464,301,441,469,441,469,464,301,464,text,figure_legend,figure_3,arial,italic,6,24poi_20211228_164346_3044877937_600_800.png,/scratch/parceirosbr/bigoilict/share/BigOil/document_generator/datasets/documents_2021_12_28/24poi_20211228_164346_3044877937_600_800.png,24poi_20211228_164346_3044877937_600_800_mask.png,nan
111,74,223,148,301,469,524,617,301,469,524,469,524,617,301,617,image,figure_image,figure_3,,,,24poi_20211228_164346_3044877937_600_800.png,/scratch/parceirosbr/bigoilict/share/BigOil/document_generator/datasets/documents_2021_12_28/24poi_20211228_164346_3044877937_600_800.png,24poi_20211228_164346_3044877937_600_800_mask.png,output/gen_img_20211228_164354_7827301315.png
3,13,7,27,392,585,399,612,392,612,392,585,399,585,399,612,text,figure_text,figure_3,,,,24poi_20211228_164346_3044877937_600_800.png,/scratch/parceirosbr/bigoilict/share/BigOil/document_generator/datasets/documents_2021_12_28/24poi_20211228_164346_3044877937_600_800.png,24poi_20211228_164346_3044877937_600_800_mask.png,-964.60%
3,13,7,27,392,585,399,612,392,612,392,585,399,585,399,612,sub_line_text,figure_text,figure_3,,,,24poi_20211228_164346_3044877937_600_800.png,/scratch/parceirosbr/bigoilict/share/BigOil/document_generator/datasets/documents_2021_12_28/24poi_20211228_164346_3044877937_600_800.png,24poi_20211228_164346_3044877937_600_800_mask.png,-964.60%
4,10,8,21,344,496,352,517,344,517,344,496,352,496,352,517,text,figure_text,figure_3,,,,24poi_20211228_164346_3044877937_600_800.png,/scratch/parceirosbr/bigoilict/share/BigOil/document_generator/datasets/documents_2021_12_28/24poi_20211228_164346_3044877937_600_800.png,24poi_20211228_164346_3044877937_600_800_mask.png,-9623.5
4,10,8,21,344,496,352,517,344,517,344,496,352,496,352,517,sub_line_text,figure_text,figure_3,,,,24poi_20211228_164346_3044877937_600_800.png,/scratch/parceirosbr/bigoilict/share/BigOil/document_generator/datasets/documents_2021_12_28/24poi_20211228_164346_3044877937_600_800.png,24poi_20211228_164346_3044877937_600_800_mask.png,-9623.5
4,12,8,25,340,585,348,610,340,610,340,585,348,585,348,610,text,figure_text,figure_3,,,,24poi_20211228_164346_3044877937_600_800.png,/scratch/parceirosbr/bigoilict/share/BigOil/document_generator/datasets/documents_2021_12_28/24poi_20211228_164346_3044877937_600_800.png,24poi_20211228_164346_3044877937_600_800_mask.png,Intensity
4,12,8,25,340,585,348,610,340,610,340,585,348,585,348,610,sub_line_text,figure_text,figure_3,,,,24poi_20211228_164346_3044877937_600_800.png,/scratch/parceirosbr/bigoilict/share/BigOil/document_generator/datasets/documents_2021_12_28/24poi_20211228_164346_3044877937_600_800.png,24poi_20211228_164346_3044877937_600_800_mask.png,Intensity
3,8,7,16,310,587,317,603,310,603,310,587,317,587,317,603,text,figure_text,figure_3,,,,24poi_20211228_164346_3044877937_600_800.png,/scratch/parceirosbr/bigoilict/share/BigOil/document_generator/datasets/documents_2021_12_28/24poi_20211228_164346_3044877937_600_800.png,24poi_20211228_164346_3044877937_600_800_mask.png,-5273
3,8,7,16,310,587,317,603,310,603,310,587,317,587,317,603,sub_line_text,figure_text,figure_3,,,,24poi_20211228_164346_3044877937_600_800.png,/scratch/parceirosbr/bigoilict/share/BigOil/document_generator/datasets/documents_2021_12_28/24poi_20211228_164346_3044877937_600_800.png,24poi_20211228_164346_3044877937_600_800_mask.png,-5273
3,14,6,28,333,470,339,498,333,498,333,470,339,470,339,498,text,figure_text,figure_3,,,,24poi_20211228_164346_3044877937_600_800.png,/scratch/parceirosbr/bigoilict/share/BigOil/document_generator/datasets/documents_2021_12_28/24poi_20211228_164346_3044877937_600_800.png,24poi_20211228_164346_3044877937_600_800_mask.png,Water (L)
3,14,6,28,333,470,339,498,333,498,333,470,339,470,339,498,sub_line_text,figure_text,figure_3,,,,24poi_20211228_164346_3044877937_600_800.png,/scratch/parceirosbr/bigoilict/share/BigOil/document_generator/datasets/documents_2021_12_28/24poi_20211228_164346_3044877937_600_800.png,24poi_20211228_164346_3044877937_600_800_mask.png,Water (L)
3,19,6,38,432,510,438,548,432,548,432,510,438,510,438,548,text,figure_text,figure_3,,,,24poi_20211228_164346_3044877937_600_800.png,/scratch/parceirosbr/bigoilict/share/BigOil/document_generator/datasets/documents_2021_12_28/24poi_20211228_164346_3044877937_600_800.png,24poi_20211228_164346_3044877937_600_800_mask.png,Demand (KB)
3,19,6,38,432,510,438,548,432,548,432,510,438,510,438,548,sub_line_text,figure_text,figure_3,,,,24poi_20211228_164346_3044877937_600_800.png,/scratch/parceirosbr/bigoilict/share/BigOil/document_generator/datasets/documents_2021_12_28/24poi_20211228_164346_3044877937_600_800.png,24poi_20211228_164346_3044877937_600_800_mask.png,Demand (KB)
4,16,8,33,372,472,380,505,372,505,372,472,380,472,380,505,text,figure_text,figure_3,,,,24poi_20211228_164346_3044877937_600_800.png,/scratch/parceirosbr/bigoilict/share/BigOil/document_generator/datasets/documents_2021_12_28/24poi_20211228_164346_3044877937_600_800.png,24poi_20211228_164346_3044877937_600_800_mask.png,Quality[GB]
4,16,8,33,372,472,380,505,372,505,372,472,380,472,380,505,sub_line_text,figure_text,figure_3,,,,24poi_20211228_164346_3044877937_600_800.png,/scratch/parceirosbr/bigoilict/share/BigOil/document_generator/datasets/documents_2021_12_28/24poi_20211228_164346_3044877937_600_800.png,24poi_20211228_164346_3044877937_600_800_mask.png,Quality[GB]
3,12,7,25,429,585,436,610,429,610,429,585,436,585,436,610,text,figure_text,figure_3,,,,24poi_20211228_164346_3044877937_600_800.png,/scratch/parceirosbr/bigoilict/share/BigOil/document_generator/datasets/documents_2021_12_28/24poi_20211228_164346_3044877937_600_800.png,24poi_20211228_164346_3044877937_600_800_mask.png,-3525.25
3,12,7,25,429,585,436,610,429,610,429,585,436,585,436,610,sub_line_text,figure_text,figure_3,,,,24poi_20211228_164346_3044877937_600_800.png,/scratch/parceirosbr/bigoilict/share/BigOil/document_generator/datasets/documents_2021_12_28/24poi_20211228_164346_3044877937_600_800.png,24poi_20211228_164346_3044877937_600_800_mask.png,-3525.25
