center_x,center_y,width,height,xmin,ymin,xmax,ymax,top_left_x,top_left_y,top_right_x,top_right_y,bottom_right_x,bottom_right_y,bottom_left_x,bottom_left_y,label,grouplabel,group,text_font,text_style,size_font,filename,path,filename_mask,content
300,400,600,800,0,0,600,800,0,0,600,0,600,800,0,800,document,,,,,,24poi_20211228_165706_1308066959_600_800.png,/scratch/parceirosbr/bigoilict/share/BigOil/document_generator/datasets/documents_2021_12_28/24poi_20211228_165706_1308066959_600_800.png,24poi_20211228_165706_1308066959_600_800_mask.png,
6,5,12,10,53,67,65,77,53,67,65,67,65,77,53,77,sub_line_text,numpag,header_1,times,regular,8,24poi_20211228_165706_1308066959_600_800.png,/scratch/parceirosbr/bigoilict/share/BigOil/document_generator/datasets/documents_2021_12_28/24poi_20211228_165706_1308066959_600_800.png,24poi_20211228_165706_1308066959_600_800_mask.png,120
6,5,12,10,53,67,65,77,53,67,65,67,65,77,53,77,text,numpag,header_1,times,regular,8,24poi_20211228_165706_1308066959_600_800.png,/scratch/parceirosbr/bigoilict/share/BigOil/document_generator/datasets/documents_2021_12_28/24poi_20211228_165706_1308066959_600_800.png,24poi_20211228_165706_1308066959_600_800_mask.png,nan
14,5,28,10,512,67,540,77,512,67,540,67,540,77,512,77,sub_line_text,header,header_1,times,regular,8,24poi_20211228_165706_1308066959_600_800.png,/scratch/parceirosbr/bigoilict/share/BigOil/document_generator/datasets/documents_2021_12_28/24poi_20211228_165706_1308066959_600_800.png,24poi_20211228_165706_1308066959_600_800_mask.png,With the
14,5,28,10,512,67,540,77,512,67,540,67,540,77,512,77,text,header,header_1,times,regular,8,24poi_20211228_165706_1308066959_600_800.png,/scratch/parceirosbr/bigoilict/share/BigOil/document_generator/datasets/documents_2021_12_28/24poi_20211228_165706_1308066959_600_800.png,24poi_20211228_165706_1308066959_600_800_mask.png,nan
244,1,488,2,53,76,541,78,53,76,541,76,541,78,53,78,line,line,line,,,,24poi_20211228_165706_1308066959_600_800.png,/scratch/parceirosbr/bigoilict/share/BigOil/document_generator/datasets/documents_2021_12_28/24poi_20211228_165706_1308066959_600_800.png,24poi_20211228_165706_1308066959_600_800_mask.png,nan
208,124,416,248,88,474,504,722,88,474,504,474,504,722,88,722,image,figure_image,figure_0,,,,24poi_20211228_165706_1308066959_600_800.png,/scratch/parceirosbr/bigoilict/share/BigOil/document_generator/datasets/documents_2021_12_28/24poi_20211228_165706_1308066959_600_800.png,24poi_20211228_165706_1308066959_600_800_mask.png,output/gen_img_20211228_165706_6437843553.png
7,2,14,4,172,637,186,641,172,635,187,637,186,643,171,641,text,figure_text,figure_0,,,,24poi_20211228_165706_1308066959_600_800.png,/scratch/parceirosbr/bigoilict/share/BigOil/document_generator/datasets/documents_2021_12_28/24poi_20211228_165706_1308066959_600_800.png,24poi_20211228_165706_1308066959_600_800_mask.png,-919%
7,2,14,4,172,637,186,641,172,635,187,637,186,643,171,641,sub_line_text,figure_text,figure_0,,,,24poi_20211228_165706_1308066959_600_800.png,/scratch/parceirosbr/bigoilict/share/BigOil/document_generator/datasets/documents_2021_12_28/24poi_20211228_165706_1308066959_600_800.png,24poi_20211228_165706_1308066959_600_800_mask.png,-919%
5,5,10,10,359,533,369,543,359,537,367,533,369,539,362,543,text,figure_text,figure_0,,,,24poi_20211228_165706_1308066959_600_800.png,/scratch/parceirosbr/bigoilict/share/BigOil/document_generator/datasets/documents_2021_12_28/24poi_20211228_165706_1308066959_600_800.png,24poi_20211228_165706_1308066959_600_800_mask.png,-59
5,5,10,10,359,533,369,543,359,537,367,533,369,539,362,543,sub_line_text,figure_text,figure_0,,,,24poi_20211228_165706_1308066959_600_800.png,/scratch/parceirosbr/bigoilict/share/BigOil/document_generator/datasets/documents_2021_12_28/24poi_20211228_165706_1308066959_600_800.png,24poi_20211228_165706_1308066959_600_800_mask.png,-59
11,2,22,5,147,595,169,600,147,593,170,595,169,602,146,600,text,figure_text,figure_0,,,,24poi_20211228_165706_1308066959_600_800.png,/scratch/parceirosbr/bigoilict/share/BigOil/document_generator/datasets/documents_2021_12_28/24poi_20211228_165706_1308066959_600_800.png,24poi_20211228_165706_1308066959_600_800_mask.png,-714.38%
11,2,22,5,147,595,169,600,147,593,170,595,169,602,146,600,sub_line_text,figure_text,figure_0,,,,24poi_20211228_165706_1308066959_600_800.png,/scratch/parceirosbr/bigoilict/share/BigOil/document_generator/datasets/documents_2021_12_28/24poi_20211228_165706_1308066959_600_800.png,24poi_20211228_165706_1308066959_600_800_mask.png,-714.38%
12,5,24,10,125,634,149,644,125,638,148,634,149,641,126,644,text,figure_text,figure_0,,,,24poi_20211228_165706_1308066959_600_800.png,/scratch/parceirosbr/bigoilict/share/BigOil/document_generator/datasets/documents_2021_12_28/24poi_20211228_165706_1308066959_600_800.png,24poi_20211228_165706_1308066959_600_800_mask.png,-4892.3%
12,5,24,10,125,634,149,644,125,638,148,634,149,641,126,644,sub_line_text,figure_text,figure_0,,,,24poi_20211228_165706_1308066959_600_800.png,/scratch/parceirosbr/bigoilict/share/BigOil/document_generator/datasets/documents_2021_12_28/24poi_20211228_165706_1308066959_600_800.png,24poi_20211228_165706_1308066959_600_800_mask.png,-4892.3%
14,4,29,9,415,521,444,530,415,524,443,521,444,528,415,530,text,figure_text,figure_0,,,,24poi_20211228_165706_1308066959_600_800.png,/scratch/parceirosbr/bigoilict/share/BigOil/document_generator/datasets/documents_2021_12_28/24poi_20211228_165706_1308066959_600_800.png,24poi_20211228_165706_1308066959_600_800_mask.png,Quality(KB)
14,4,29,9,415,521,444,530,415,524,443,521,444,528,415,530,sub_line_text,figure_text,figure_0,,,,24poi_20211228_165706_1308066959_600_800.png,/scratch/parceirosbr/bigoilict/share/BigOil/document_generator/datasets/documents_2021_12_28/24poi_20211228_165706_1308066959_600_800.png,24poi_20211228_165706_1308066959_600_800_mask.png,Quality(KB)
8,6,17,12,199,664,216,676,199,670,214,664,216,670,201,676,text,figure_text,figure_0,,,,24poi_20211228_165706_1308066959_600_800.png,/scratch/parceirosbr/bigoilict/share/BigOil/document_generator/datasets/documents_2021_12_28/24poi_20211228_165706_1308066959_600_800.png,24poi_20211228_165706_1308066959_600_800_mask.png,-445.9
8,6,17,12,199,664,216,676,199,670,214,664,216,670,201,676,sub_line_text,figure_text,figure_0,,,,24poi_20211228_165706_1308066959_600_800.png,/scratch/parceirosbr/bigoilict/share/BigOil/document_generator/datasets/documents_2021_12_28/24poi_20211228_165706_1308066959_600_800.png,24poi_20211228_165706_1308066959_600_800_mask.png,-445.9
13,5,26,11,121,620,147,631,121,626,146,620,147,626,122,631,text,figure_text,figure_0,,,,24poi_20211228_165706_1308066959_600_800.png,/scratch/parceirosbr/bigoilict/share/BigOil/document_generator/datasets/documents_2021_12_28/24poi_20211228_165706_1308066959_600_800.png,24poi_20211228_165706_1308066959_600_800_mask.png,Evolution
13,5,26,11,121,620,147,631,121,626,146,620,147,626,122,631,sub_line_text,figure_text,figure_0,,,,24poi_20211228_165706_1308066959_600_800.png,/scratch/parceirosbr/bigoilict/share/BigOil/document_generator/datasets/documents_2021_12_28/24poi_20211228_165706_1308066959_600_800.png,24poi_20211228_165706_1308066959_600_800_mask.png,Evolution
15,3,30,7,445,549,475,556,445,550,474,549,475,555,445,556,text,figure_text,figure_0,,,,24poi_20211228_165706_1308066959_600_800.png,/scratch/parceirosbr/bigoilict/share/BigOil/document_generator/datasets/documents_2021_12_28/24poi_20211228_165706_1308066959_600_800.png,24poi_20211228_165706_1308066959_600_800_mask.png,Quality(GB)
15,3,30,7,445,549,475,556,445,550,474,549,475,555,445,556,sub_line_text,figure_text,figure_0,,,,24poi_20211228_165706_1308066959_600_800.png,/scratch/parceirosbr/bigoilict/share/BigOil/document_generator/datasets/documents_2021_12_28/24poi_20211228_165706_1308066959_600_800.png,24poi_20211228_165706_1308066959_600_800_mask.png,Quality(GB)
6,2,12,5,474,559,486,564,474,558,486,559,486,565,473,564,text,figure_text,figure_0,,,,24poi_20211228_165706_1308066959_600_800.png,/scratch/parceirosbr/bigoilict/share/BigOil/document_generator/datasets/documents_2021_12_28/24poi_20211228_165706_1308066959_600_800.png,24poi_20211228_165706_1308066959_600_800_mask.png,Start
6,2,12,5,474,559,486,564,474,558,486,559,486,565,473,564,sub_line_text,figure_text,figure_0,,,,24poi_20211228_165706_1308066959_600_800.png,/scratch/parceirosbr/bigoilict/share/BigOil/document_generator/datasets/documents_2021_12_28/24poi_20211228_165706_1308066959_600_800.png,24poi_20211228_165706_1308066959_600_800_mask.png,Start
14,7,28,14,420,702,448,716,420,710,446,702,448,708,422,716,text,figure_text,figure_0,,,,24poi_20211228_165706_1308066959_600_800.png,/scratch/parceirosbr/bigoilict/share/BigOil/document_generator/datasets/documents_2021_12_28/24poi_20211228_165706_1308066959_600_800.png,24poi_20211228_165706_1308066959_600_800_mask.png,Energy [V]
14,7,28,14,420,702,448,716,420,710,446,702,448,708,422,716,sub_line_text,figure_text,figure_0,,,,24poi_20211228_165706_1308066959_600_800.png,/scratch/parceirosbr/bigoilict/share/BigOil/document_generator/datasets/documents_2021_12_28/24poi_20211228_165706_1308066959_600_800.png,24poi_20211228_165706_1308066959_600_800_mask.png,Energy [V]
12,0,24,0,198,626,222,626,198,620,223,626,222,632,196,626,text,figure_text,figure_0,,,,24poi_20211228_165706_1308066959_600_800.png,/scratch/parceirosbr/bigoilict/share/BigOil/document_generator/datasets/documents_2021_12_28/24poi_20211228_165706_1308066959_600_800.png,24poi_20211228_165706_1308066959_600_800_mask.png,-6177.53%
12,0,24,0,198,626,222,626,198,620,223,626,222,632,196,626,sub_line_text,figure_text,figure_0,,,,24poi_20211228_165706_1308066959_600_800.png,/scratch/parceirosbr/bigoilict/share/BigOil/document_generator/datasets/documents_2021_12_28/24poi_20211228_165706_1308066959_600_800.png,24poi_20211228_165706_1308066959_600_800_mask.png,-6177.53%
9,4,19,9,397,691,416,700,397,694,415,691,416,698,398,700,text,figure_text,figure_0,,,,24poi_20211228_165706_1308066959_600_800.png,/scratch/parceirosbr/bigoilict/share/BigOil/document_generator/datasets/documents_2021_12_28/24poi_20211228_165706_1308066959_600_800.png,24poi_20211228_165706_1308066959_600_800_mask.png,740.3%
9,4,19,9,397,691,416,700,397,694,415,691,416,698,398,700,sub_line_text,figure_text,figure_0,,,,24poi_20211228_165706_1308066959_600_800.png,/scratch/parceirosbr/bigoilict/share/BigOil/document_generator/datasets/documents_2021_12_28/24poi_20211228_165706_1308066959_600_800.png,24poi_20211228_165706_1308066959_600_800_mask.png,740.3%
13,4,26,9,291,615,317,624,291,618,316,615,317,622,292,624,text,figure_text,figure_0,,,,24poi_20211228_165706_1308066959_600_800.png,/scratch/parceirosbr/bigoilict/share/BigOil/document_generator/datasets/documents_2021_12_28/24poi_20211228_165706_1308066959_600_800.png,24poi_20211228_165706_1308066959_600_800_mask.png,Speed ​​[v]
13,4,26,9,291,615,317,624,291,618,316,615,317,622,292,624,sub_line_text,figure_text,figure_0,,,,24poi_20211228_165706_1308066959_600_800.png,/scratch/parceirosbr/bigoilict/share/BigOil/document_generator/datasets/documents_2021_12_28/24poi_20211228_165706_1308066959_600_800.png,24poi_20211228_165706_1308066959_600_800_mask.png,Speed ​​[v]
4,0,9,1,123,583,132,584,123,578,135,583,132,589,120,584,text,figure_text,figure_0,,,,24poi_20211228_165706_1308066959_600_800.png,/scratch/parceirosbr/bigoilict/share/BigOil/document_generator/datasets/documents_2021_12_28/24poi_20211228_165706_1308066959_600_800.png,24poi_20211228_165706_1308066959_600_800_mask.png,Days
4,0,9,1,123,583,132,584,123,578,135,583,132,589,120,584,sub_line_text,figure_text,figure_0,,,,24poi_20211228_165706_1308066959_600_800.png,/scratch/parceirosbr/bigoilict/share/BigOil/document_generator/datasets/documents_2021_12_28/24poi_20211228_165706_1308066959_600_800.png,24poi_20211228_165706_1308066959_600_800_mask.png,Days
9,0,19,0,407,541,426,541,407,535,428,541,426,547,405,541,text,figure_text,figure_0,,,,24poi_20211228_165706_1308066959_600_800.png,/scratch/parceirosbr/bigoilict/share/BigOil/document_generator/datasets/documents_2021_12_28/24poi_20211228_165706_1308066959_600_800.png,24poi_20211228_165706_1308066959_600_800_mask.png,Liters [L]
9,0,19,0,407,541,426,541,407,535,428,541,426,547,405,541,sub_line_text,figure_text,figure_0,,,,24poi_20211228_165706_1308066959_600_800.png,/scratch/parceirosbr/bigoilict/share/BigOil/document_generator/datasets/documents_2021_12_28/24poi_20211228_165706_1308066959_600_800.png,24poi_20211228_165706_1308066959_600_800_mask.png,Liters [L]
10,0,21,0,457,504,478,504,457,498,480,504,478,510,455,504,text,figure_text,figure_0,,,,24poi_20211228_165706_1308066959_600_800.png,/scratch/parceirosbr/bigoilict/share/BigOil/document_generator/datasets/documents_2021_12_28/24poi_20211228_165706_1308066959_600_800.png,24poi_20211228_165706_1308066959_600_800_mask.png,-5136.6%
10,0,21,0,457,504,478,504,457,498,480,504,478,510,455,504,sub_line_text,figure_text,figure_0,,,,24poi_20211228_165706_1308066959_600_800.png,/scratch/parceirosbr/bigoilict/share/BigOil/document_generator/datasets/documents_2021_12_28/24poi_20211228_165706_1308066959_600_800.png,24poi_20211228_165706_1308066959_600_800_mask.png,-5136.6%
11,0,22,1,425,582,447,583,425,577,448,582,447,589,423,583,text,figure_text,figure_0,,,,24poi_20211228_165706_1308066959_600_800.png,/scratch/parceirosbr/bigoilict/share/BigOil/document_generator/datasets/documents_2021_12_28/24poi_20211228_165706_1308066959_600_800.png,24poi_20211228_165706_1308066959_600_800_mask.png,-7450.0%
11,0,22,1,425,582,447,583,425,577,448,582,447,589,423,583,sub_line_text,figure_text,figure_0,,,,24poi_20211228_165706_1308066959_600_800.png,/scratch/parceirosbr/bigoilict/share/BigOil/document_generator/datasets/documents_2021_12_28/24poi_20211228_165706_1308066959_600_800.png,24poi_20211228_165706_1308066959_600_800_mask.png,-7450.0%
13,1,26,2,346,683,372,685,346,679,373,683,372,690,345,685,text,figure_text,figure_0,,,,24poi_20211228_165706_1308066959_600_800.png,/scratch/parceirosbr/bigoilict/share/BigOil/document_generator/datasets/documents_2021_12_28/24poi_20211228_165706_1308066959_600_800.png,24poi_20211228_165706_1308066959_600_800_mask.png,-3430.57%
13,1,26,2,346,683,372,685,346,679,373,683,372,690,345,685,sub_line_text,figure_text,figure_0,,,,24poi_20211228_165706_1308066959_600_800.png,/scratch/parceirosbr/bigoilict/share/BigOil/document_generator/datasets/documents_2021_12_28/24poi_20211228_165706_1308066959_600_800.png,24poi_20211228_165706_1308066959_600_800_mask.png,-3430.57%
12,5,24,11,359,566,383,577,359,570,382,566,383,573,360,577,text,figure_text,figure_0,,,,24poi_20211228_165706_1308066959_600_800.png,/scratch/parceirosbr/bigoilict/share/BigOil/document_generator/datasets/documents_2021_12_28/24poi_20211228_165706_1308066959_600_800.png,24poi_20211228_165706_1308066959_600_800_mask.png,-7687.64
12,5,24,11,359,566,383,577,359,570,382,566,383,573,360,577,sub_line_text,figure_text,figure_0,,,,24poi_20211228_165706_1308066959_600_800.png,/scratch/parceirosbr/bigoilict/share/BigOil/document_generator/datasets/documents_2021_12_28/24poi_20211228_165706_1308066959_600_800.png,24poi_20211228_165706_1308066959_600_800_mask.png,-7687.64
7,2,14,4,191,499,205,503,191,496,206,499,205,505,190,503,text,figure_text,figure_0,,,,24poi_20211228_165706_1308066959_600_800.png,/scratch/parceirosbr/bigoilict/share/BigOil/document_generator/datasets/documents_2021_12_28/24poi_20211228_165706_1308066959_600_800.png,24poi_20211228_165706_1308066959_600_800_mask.png,-4763
7,2,14,4,191,499,205,503,191,496,206,499,205,505,190,503,sub_line_text,figure_text,figure_0,,,,24poi_20211228_165706_1308066959_600_800.png,/scratch/parceirosbr/bigoilict/share/BigOil/document_generator/datasets/documents_2021_12_28/24poi_20211228_165706_1308066959_600_800.png,24poi_20211228_165706_1308066959_600_800_mask.png,-4763
9,4,18,8,262,551,280,559,262,553,279,551,280,557,263,559,text,figure_text,figure_0,,,,24poi_20211228_165706_1308066959_600_800.png,/scratch/parceirosbr/bigoilict/share/BigOil/document_generator/datasets/documents_2021_12_28/24poi_20211228_165706_1308066959_600_800.png,24poi_20211228_165706_1308066959_600_800_mask.png,-1717.1
9,4,18,8,262,551,280,559,262,553,279,551,280,557,263,559,sub_line_text,figure_text,figure_0,,,,24poi_20211228_165706_1308066959_600_800.png,/scratch/parceirosbr/bigoilict/share/BigOil/document_generator/datasets/documents_2021_12_28/24poi_20211228_165706_1308066959_600_800.png,24poi_20211228_165706_1308066959_600_800_mask.png,-1717.1
14,0,29,0,433,665,462,665,433,659,463,665,462,671,432,665,text,figure_text,figure_0,,,,24poi_20211228_165706_1308066959_600_800.png,/scratch/parceirosbr/bigoilict/share/BigOil/document_generator/datasets/documents_2021_12_28/24poi_20211228_165706_1308066959_600_800.png,24poi_20211228_165706_1308066959_600_800_mask.png,Quality[MB]
14,0,29,0,433,665,462,665,433,659,463,665,462,671,432,665,sub_line_text,figure_text,figure_0,,,,24poi_20211228_165706_1308066959_600_800.png,/scratch/parceirosbr/bigoilict/share/BigOil/document_generator/datasets/documents_2021_12_28/24poi_20211228_165706_1308066959_600_800.png,24poi_20211228_165706_1308066959_600_800_mask.png,Quality[MB]
16,0,33,1,217,507,250,508,217,502,251,507,250,514,216,508,text,figure_text,figure_0,,,,24poi_20211228_165706_1308066959_600_800.png,/scratch/parceirosbr/bigoilict/share/BigOil/document_generator/datasets/documents_2021_12_28/24poi_20211228_165706_1308066959_600_800.png,24poi_20211228_165706_1308066959_600_800_mask.png,Volume [MB]
16,0,33,1,217,507,250,508,217,502,251,507,250,514,216,508,sub_line_text,figure_text,figure_0,,,,24poi_20211228_165706_1308066959_600_800.png,/scratch/parceirosbr/bigoilict/share/BigOil/document_generator/datasets/documents_2021_12_28/24poi_20211228_165706_1308066959_600_800.png,24poi_20211228_165706_1308066959_600_800_mask.png,Volume [MB]
20,5,41,10,338,520,379,530,338,525,379,520,379,526,338,530,text,figure_text,figure_0,,,,24poi_20211228_165706_1308066959_600_800.png,/scratch/parceirosbr/bigoilict/share/BigOil/document_generator/datasets/documents_2021_12_28/24poi_20211228_165706_1308066959_600_800.png,24poi_20211228_165706_1308066959_600_800_mask.png,Production (TB)
20,5,41,10,338,520,379,530,338,525,379,520,379,526,338,530,sub_line_text,figure_text,figure_0,,,,24poi_20211228_165706_1308066959_600_800.png,/scratch/parceirosbr/bigoilict/share/BigOil/document_generator/datasets/documents_2021_12_28/24poi_20211228_165706_1308066959_600_800.png,24poi_20211228_165706_1308066959_600_800_mask.png,Production (TB)
195,4,391,9,53,727,444,736,53,727,444,727,444,736,53,736,sub_line_text,figure_legend,figure_0,times,bold,7,24poi_20211228_165706_1308066959_600_800.png,/scratch/parceirosbr/bigoilict/share/BigOil/document_generator/datasets/documents_2021_12_28/24poi_20211228_165706_1308066959_600_800.png,24poi_20211228_165706_1308066959_600_800_mask.png,Figure 9: O twist e o shear são os parâmetros que descrevem os efeitos da distorção local e a anisotropia gera um estiramento
195,4,391,9,53,727,444,736,53,727,444,727,444,736,53,736,text,figure_legend,figure_0,times,bold,7,24poi_20211228_165706_1308066959_600_800.png,/scratch/parceirosbr/bigoilict/share/BigOil/document_generator/datasets/documents_2021_12_28/24poi_20211228_165706_1308066959_600_800.png,24poi_20211228_165706_1308066959_600_800_mask.png,nan
179,4,358,9,53,737,411,746,53,737,411,737,411,746,53,746,sub_line_text,figure_legend,figure_0,times,bold,7,24poi_20211228_165706_1308066959_600_800.png,/scratch/parceirosbr/bigoilict/share/BigOil/document_generator/datasets/documents_2021_12_28/24poi_20211228_165706_1308066959_600_800.png,24poi_20211228_165706_1308066959_600_800_mask.png,"Figure 54: In order to compare the proposed flowcharts, their economic evaluation is carried out, being necessary t"
179,4,358,9,53,737,411,746,53,737,411,737,411,746,53,746,text,figure_legend,figure_0,times,bold,7,24poi_20211228_165706_1308066959_600_800.png,/scratch/parceirosbr/bigoilict/share/BigOil/document_generator/datasets/documents_2021_12_28/24poi_20211228_165706_1308066959_600_800.png,24poi_20211228_165706_1308066959_600_800_mask.png,nan
111,86,223,173,56,85,279,258,56,85,279,85,279,258,56,258,table,table_image,table_0,,,,24poi_20211228_165706_1308066959_600_800.png,/scratch/parceirosbr/bigoilict/share/BigOil/document_generator/datasets/documents_2021_12_28/24poi_20211228_165706_1308066959_600_800.png,24poi_20211228_165706_1308066959_600_800_mask.png,output/gen_tab_20211228_165707_2202935857.png
3,4,7,9,163,87,170,96,163,87,170,87,170,96,163,96,text,table_text,table_0,raleway,italic,8.0,24poi_20211228_165706_1308066959_600_800.png,/scratch/parceirosbr/bigoilict/share/BigOil/document_generator/datasets/documents_2021_12_28/24poi_20211228_165706_1308066959_600_800.png,24poi_20211228_165706_1308066959_600_800_mask.png,ar
3,4,7,9,163,87,170,96,163,87,170,87,170,96,163,96,sub_line_text,table_text,table_0,raleway,italic,8.0,24poi_20211228_165706_1308066959_600_800.png,/scratch/parceirosbr/bigoilict/share/BigOil/document_generator/datasets/documents_2021_12_28/24poi_20211228_165706_1308066959_600_800.png,24poi_20211228_165706_1308066959_600_800_mask.png,ar
15,4,30,9,152,98,182,107,152,98,182,98,182,107,152,107,text,table_text,table_0,raleway,italic,8.0,24poi_20211228_165706_1308066959_600_800.png,/scratch/parceirosbr/bigoilict/share/BigOil/document_generator/datasets/documents_2021_12_28/24poi_20211228_165706_1308066959_600_800.png,24poi_20211228_165706_1308066959_600_800_mask.png,outubro
15,4,30,9,152,98,182,107,152,98,182,98,182,107,152,107,sub_line_text,table_text,table_0,raleway,italic,8.0,24poi_20211228_165706_1308066959_600_800.png,/scratch/parceirosbr/bigoilict/share/BigOil/document_generator/datasets/documents_2021_12_28/24poi_20211228_165706_1308066959_600_800.png,24poi_20211228_165706_1308066959_600_800_mask.png,outubro
12,4,25,9,79,112,104,121,79,112,104,112,104,121,79,121,text,table_text,table_0,raleway,italic,8.0,24poi_20211228_165706_1308066959_600_800.png,/scratch/parceirosbr/bigoilict/share/BigOil/document_generator/datasets/documents_2021_12_28/24poi_20211228_165706_1308066959_600_800.png,24poi_20211228_165706_1308066959_600_800_mask.png,possui
12,4,25,9,79,112,104,121,79,112,104,112,104,121,79,121,sub_line_text,table_text,table_0,raleway,italic,8.0,24poi_20211228_165706_1308066959_600_800.png,/scratch/parceirosbr/bigoilict/share/BigOil/document_generator/datasets/documents_2021_12_28/24poi_20211228_165706_1308066959_600_800.png,24poi_20211228_165706_1308066959_600_800_mask.png,possui
21,4,43,9,69,124,112,133,69,124,112,124,112,133,69,133,text,table_text,table_0,raleway,italic,8.0,24poi_20211228_165706_1308066959_600_800.png,/scratch/parceirosbr/bigoilict/share/BigOil/document_generator/datasets/documents_2021_12_28/24poi_20211228_165706_1308066959_600_800.png,24poi_20211228_165706_1308066959_600_800_mask.png,escoamento
21,4,43,9,69,124,112,133,69,124,112,124,112,133,69,133,sub_line_text,table_text,table_0,raleway,italic,8.0,24poi_20211228_165706_1308066959_600_800.png,/scratch/parceirosbr/bigoilict/share/BigOil/document_generator/datasets/documents_2021_12_28/24poi_20211228_165706_1308066959_600_800.png,24poi_20211228_165706_1308066959_600_800_mask.png,escoamento
7,4,15,9,83,137,98,146,83,137,98,137,98,146,83,146,text,table_text,table_0,raleway,italic,8.0,24poi_20211228_165706_1308066959_600_800.png,/scratch/parceirosbr/bigoilict/share/BigOil/document_generator/datasets/documents_2021_12_28/24poi_20211228_165706_1308066959_600_800.png,24poi_20211228_165706_1308066959_600_800_mask.png,bico
7,4,15,9,83,137,98,146,83,137,98,137,98,146,83,146,sub_line_text,table_text,table_0,raleway,italic,8.0,24poi_20211228_165706_1308066959_600_800.png,/scratch/parceirosbr/bigoilict/share/BigOil/document_generator/datasets/documents_2021_12_28/24poi_20211228_165706_1308066959_600_800.png,24poi_20211228_165706_1308066959_600_800_mask.png,bico
13,4,26,9,78,150,104,159,78,150,104,150,104,159,78,159,text,table_text,table_0,raleway,italic,8.0,24poi_20211228_165706_1308066959_600_800.png,/scratch/parceirosbr/bigoilict/share/BigOil/document_generator/datasets/documents_2021_12_28/24poi_20211228_165706_1308066959_600_800.png,24poi_20211228_165706_1308066959_600_800_mask.png,análise
13,4,26,9,78,150,104,159,78,150,104,150,104,159,78,159,sub_line_text,table_text,table_0,raleway,italic,8.0,24poi_20211228_165706_1308066959_600_800.png,/scratch/parceirosbr/bigoilict/share/BigOil/document_generator/datasets/documents_2021_12_28/24poi_20211228_165706_1308066959_600_800.png,24poi_20211228_165706_1308066959_600_800_mask.png,análise
13,4,26,9,78,162,104,171,78,162,104,162,104,171,78,171,text,table_text,table_0,raleway,italic,8.0,24poi_20211228_165706_1308066959_600_800.png,/scratch/parceirosbr/bigoilict/share/BigOil/document_generator/datasets/documents_2021_12_28/24poi_20211228_165706_1308066959_600_800.png,24poi_20211228_165706_1308066959_600_800_mask.png,quanto
13,4,26,9,78,162,104,171,78,162,104,162,104,171,78,171,sub_line_text,table_text,table_0,raleway,italic,8.0,24poi_20211228_165706_1308066959_600_800.png,/scratch/parceirosbr/bigoilict/share/BigOil/document_generator/datasets/documents_2021_12_28/24poi_20211228_165706_1308066959_600_800.png,24poi_20211228_165706_1308066959_600_800_mask.png,quanto
13,4,27,9,77,175,104,184,77,175,104,175,104,184,77,184,text,table_text,table_0,raleway,italic,8.0,24poi_20211228_165706_1308066959_600_800.png,/scratch/parceirosbr/bigoilict/share/BigOil/document_generator/datasets/documents_2021_12_28/24poi_20211228_165706_1308066959_600_800.png,24poi_20211228_165706_1308066959_600_800_mask.png,projeto
13,4,27,9,77,175,104,184,77,175,104,175,104,184,77,184,sub_line_text,table_text,table_0,raleway,italic,8.0,24poi_20211228_165706_1308066959_600_800.png,/scratch/parceirosbr/bigoilict/share/BigOil/document_generator/datasets/documents_2021_12_28/24poi_20211228_165706_1308066959_600_800.png,24poi_20211228_165706_1308066959_600_800_mask.png,projeto
12,4,25,9,79,188,104,197,79,188,104,188,104,197,79,197,text,table_text,table_0,raleway,italic,8.0,24poi_20211228_165706_1308066959_600_800.png,/scratch/parceirosbr/bigoilict/share/BigOil/document_generator/datasets/documents_2021_12_28/24poi_20211228_165706_1308066959_600_800.png,24poi_20211228_165706_1308066959_600_800_mask.png,estaria
12,4,25,9,79,188,104,197,79,188,104,188,104,197,79,197,sub_line_text,table_text,table_0,raleway,italic,8.0,24poi_20211228_165706_1308066959_600_800.png,/scratch/parceirosbr/bigoilict/share/BigOil/document_generator/datasets/documents_2021_12_28/24poi_20211228_165706_1308066959_600_800.png,24poi_20211228_165706_1308066959_600_800_mask.png,estaria
10,4,21,9,81,200,102,209,81,200,102,200,102,209,81,209,text,table_text,table_0,raleway,italic,8.0,24poi_20211228_165706_1308066959_600_800.png,/scratch/parceirosbr/bigoilict/share/BigOil/document_generator/datasets/documents_2021_12_28/24poi_20211228_165706_1308066959_600_800.png,24poi_20211228_165706_1308066959_600_800_mask.png,testes
10,4,21,9,81,200,102,209,81,200,102,200,102,209,81,209,sub_line_text,table_text,table_0,raleway,italic,8.0,24poi_20211228_165706_1308066959_600_800.png,/scratch/parceirosbr/bigoilict/share/BigOil/document_generator/datasets/documents_2021_12_28/24poi_20211228_165706_1308066959_600_800.png,24poi_20211228_165706_1308066959_600_800_mask.png,testes
10,4,20,9,81,213,101,222,81,213,101,213,101,222,81,222,text,table_text,table_0,raleway,italic,8.0,24poi_20211228_165706_1308066959_600_800.png,/scratch/parceirosbr/bigoilict/share/BigOil/document_generator/datasets/documents_2021_12_28/24poi_20211228_165706_1308066959_600_800.png,24poi_20211228_165706_1308066959_600_800_mask.png,custo
10,4,20,9,81,213,101,222,81,213,101,213,101,222,81,222,sub_line_text,table_text,table_0,raleway,italic,8.0,24poi_20211228_165706_1308066959_600_800.png,/scratch/parceirosbr/bigoilict/share/BigOil/document_generator/datasets/documents_2021_12_28/24poi_20211228_165706_1308066959_600_800.png,24poi_20211228_165706_1308066959_600_800_mask.png,custo
22,4,44,9,69,225,113,234,69,225,113,225,113,234,69,234,text,table_text,table_0,raleway,italic,8.0,24poi_20211228_165706_1308066959_600_800.png,/scratch/parceirosbr/bigoilict/share/BigOil/document_generator/datasets/documents_2021_12_28/24poi_20211228_165706_1308066959_600_800.png,24poi_20211228_165706_1308066959_600_800_mask.png,publicações
22,4,44,9,69,225,113,234,69,225,113,225,113,234,69,234,sub_line_text,table_text,table_0,raleway,italic,8.0,24poi_20211228_165706_1308066959_600_800.png,/scratch/parceirosbr/bigoilict/share/BigOil/document_generator/datasets/documents_2021_12_28/24poi_20211228_165706_1308066959_600_800.png,24poi_20211228_165706_1308066959_600_800_mask.png,publicações
11,4,22,9,80,238,102,247,80,238,102,238,102,247,80,247,text,table_text,table_0,raleway,bold,8.0,24poi_20211228_165706_1308066959_600_800.png,/scratch/parceirosbr/bigoilict/share/BigOil/document_generator/datasets/documents_2021_12_28/24poi_20211228_165706_1308066959_600_800.png,24poi_20211228_165706_1308066959_600_800_mask.png,refino
11,4,22,9,80,238,102,247,80,238,102,238,102,247,80,247,sub_line_text,table_text,table_0,raleway,bold,8.0,24poi_20211228_165706_1308066959_600_800.png,/scratch/parceirosbr/bigoilict/share/BigOil/document_generator/datasets/documents_2021_12_28/24poi_20211228_165706_1308066959_600_800.png,24poi_20211228_165706_1308066959_600_800_mask.png,refino
15,4,31,9,151,112,182,121,151,112,182,112,182,121,151,121,text,table_text,table_0,raleway,italic,8.0,24poi_20211228_165706_1308066959_600_800.png,/scratch/parceirosbr/bigoilict/share/BigOil/document_generator/datasets/documents_2021_12_28/24poi_20211228_165706_1308066959_600_800.png,24poi_20211228_165706_1308066959_600_800_mask.png,175880.6
15,4,31,9,151,112,182,121,151,112,182,112,182,121,151,121,sub_line_text,table_text,table_0,raleway,italic,8.0,24poi_20211228_165706_1308066959_600_800.png,/scratch/parceirosbr/bigoilict/share/BigOil/document_generator/datasets/documents_2021_12_28/24poi_20211228_165706_1308066959_600_800.png,24poi_20211228_165706_1308066959_600_800_mask.png,175880.6
13,4,27,9,156,124,183,133,156,124,183,124,183,133,156,133,text,table_text,table_0,raleway,italic,8.0,24poi_20211228_165706_1308066959_600_800.png,/scratch/parceirosbr/bigoilict/share/BigOil/document_generator/datasets/documents_2021_12_28/24poi_20211228_165706_1308066959_600_800.png,24poi_20211228_165706_1308066959_600_800_mask.png,43502.4
13,4,27,9,156,124,183,133,156,124,183,124,183,133,156,133,sub_line_text,table_text,table_0,raleway,italic,8.0,24poi_20211228_165706_1308066959_600_800.png,/scratch/parceirosbr/bigoilict/share/BigOil/document_generator/datasets/documents_2021_12_28/24poi_20211228_165706_1308066959_600_800.png,24poi_20211228_165706_1308066959_600_800_mask.png,43502.4
15,4,31,9,151,137,182,146,151,137,182,137,182,146,151,146,text,table_text,table_0,raleway,italic,8.0,24poi_20211228_165706_1308066959_600_800.png,/scratch/parceirosbr/bigoilict/share/BigOil/document_generator/datasets/documents_2021_12_28/24poi_20211228_165706_1308066959_600_800.png,24poi_20211228_165706_1308066959_600_800_mask.png,535857.5
15,4,31,9,151,137,182,146,151,137,182,137,182,146,151,146,sub_line_text,table_text,table_0,raleway,italic,8.0,24poi_20211228_165706_1308066959_600_800.png,/scratch/parceirosbr/bigoilict/share/BigOil/document_generator/datasets/documents_2021_12_28/24poi_20211228_165706_1308066959_600_800.png,24poi_20211228_165706_1308066959_600_800_mask.png,535857.5
13,4,26,9,157,150,183,159,157,150,183,150,183,159,157,159,text,table_text,table_0,raleway,italic,8.0,24poi_20211228_165706_1308066959_600_800.png,/scratch/parceirosbr/bigoilict/share/BigOil/document_generator/datasets/documents_2021_12_28/24poi_20211228_165706_1308066959_600_800.png,24poi_20211228_165706_1308066959_600_800_mask.png,28543.1
13,4,26,9,157,150,183,159,157,150,183,150,183,159,157,159,sub_line_text,table_text,table_0,raleway,italic,8.0,24poi_20211228_165706_1308066959_600_800.png,/scratch/parceirosbr/bigoilict/share/BigOil/document_generator/datasets/documents_2021_12_28/24poi_20211228_165706_1308066959_600_800.png,24poi_20211228_165706_1308066959_600_800_mask.png,28543.1
15,4,31,9,151,162,182,171,151,162,182,162,182,171,151,171,text,table_text,table_0,raleway,italic,8.0,24poi_20211228_165706_1308066959_600_800.png,/scratch/parceirosbr/bigoilict/share/BigOil/document_generator/datasets/documents_2021_12_28/24poi_20211228_165706_1308066959_600_800.png,24poi_20211228_165706_1308066959_600_800_mask.png,893795.3
15,4,31,9,151,162,182,171,151,162,182,162,182,171,151,171,sub_line_text,table_text,table_0,raleway,italic,8.0,24poi_20211228_165706_1308066959_600_800.png,/scratch/parceirosbr/bigoilict/share/BigOil/document_generator/datasets/documents_2021_12_28/24poi_20211228_165706_1308066959_600_800.png,24poi_20211228_165706_1308066959_600_800_mask.png,893795.3
16,4,32,9,151,175,183,184,151,175,183,175,183,184,151,184,text,table_text,table_0,raleway,italic,8.0,24poi_20211228_165706_1308066959_600_800.png,/scratch/parceirosbr/bigoilict/share/BigOil/document_generator/datasets/documents_2021_12_28/24poi_20211228_165706_1308066959_600_800.png,24poi_20211228_165706_1308066959_600_800_mask.png,682643.5
16,4,32,9,151,175,183,184,151,175,183,175,183,184,151,184,sub_line_text,table_text,table_0,raleway,italic,8.0,24poi_20211228_165706_1308066959_600_800.png,/scratch/parceirosbr/bigoilict/share/BigOil/document_generator/datasets/documents_2021_12_28/24poi_20211228_165706_1308066959_600_800.png,24poi_20211228_165706_1308066959_600_800_mask.png,682643.5
10,4,20,9,163,188,183,197,163,188,183,188,183,197,163,197,text,table_text,table_0,raleway,italic,8.0,24poi_20211228_165706_1308066959_600_800.png,/scratch/parceirosbr/bigoilict/share/BigOil/document_generator/datasets/documents_2021_12_28/24poi_20211228_165706_1308066959_600_800.png,24poi_20211228_165706_1308066959_600_800_mask.png,4314.1
10,4,20,9,163,188,183,197,163,188,183,188,183,197,163,197,sub_line_text,table_text,table_0,raleway,italic,8.0,24poi_20211228_165706_1308066959_600_800.png,/scratch/parceirosbr/bigoilict/share/BigOil/document_generator/datasets/documents_2021_12_28/24poi_20211228_165706_1308066959_600_800.png,24poi_20211228_165706_1308066959_600_800_mask.png,4314.1
15,4,30,9,153,200,183,209,153,200,183,200,183,209,153,209,text,table_text,table_0,raleway,italic,8.0,24poi_20211228_165706_1308066959_600_800.png,/scratch/parceirosbr/bigoilict/share/BigOil/document_generator/datasets/documents_2021_12_28/24poi_20211228_165706_1308066959_600_800.png,24poi_20211228_165706_1308066959_600_800_mask.png,379214.2
15,4,30,9,153,200,183,209,153,200,183,200,183,209,153,209,sub_line_text,table_text,table_0,raleway,italic,8.0,24poi_20211228_165706_1308066959_600_800.png,/scratch/parceirosbr/bigoilict/share/BigOil/document_generator/datasets/documents_2021_12_28/24poi_20211228_165706_1308066959_600_800.png,24poi_20211228_165706_1308066959_600_800_mask.png,379214.2
15,4,31,9,151,213,182,222,151,213,182,213,182,222,151,222,text,table_text,table_0,raleway,italic,8.0,24poi_20211228_165706_1308066959_600_800.png,/scratch/parceirosbr/bigoilict/share/BigOil/document_generator/datasets/documents_2021_12_28/24poi_20211228_165706_1308066959_600_800.png,24poi_20211228_165706_1308066959_600_800_mask.png,901339.9
15,4,31,9,151,213,182,222,151,213,182,213,182,222,151,222,sub_line_text,table_text,table_0,raleway,italic,8.0,24poi_20211228_165706_1308066959_600_800.png,/scratch/parceirosbr/bigoilict/share/BigOil/document_generator/datasets/documents_2021_12_28/24poi_20211228_165706_1308066959_600_800.png,24poi_20211228_165706_1308066959_600_800_mask.png,901339.9
16,4,33,9,150,225,183,234,150,225,183,225,183,234,150,234,text,table_text,table_0,raleway,italic,8.0,24poi_20211228_165706_1308066959_600_800.png,/scratch/parceirosbr/bigoilict/share/BigOil/document_generator/datasets/documents_2021_12_28/24poi_20211228_165706_1308066959_600_800.png,24poi_20211228_165706_1308066959_600_800_mask.png,393983.5
16,4,33,9,150,225,183,234,150,225,183,225,183,234,150,234,sub_line_text,table_text,table_0,raleway,italic,8.0,24poi_20211228_165706_1308066959_600_800.png,/scratch/parceirosbr/bigoilict/share/BigOil/document_generator/datasets/documents_2021_12_28/24poi_20211228_165706_1308066959_600_800.png,24poi_20211228_165706_1308066959_600_800_mask.png,393983.5
12,4,25,9,158,238,183,247,158,238,183,238,183,247,158,247,text,table_text,table_0,raleway,bold,8.0,24poi_20211228_165706_1308066959_600_800.png,/scratch/parceirosbr/bigoilict/share/BigOil/document_generator/datasets/documents_2021_12_28/24poi_20211228_165706_1308066959_600_800.png,24poi_20211228_165706_1308066959_600_800_mask.png,7280.4
12,4,25,9,158,238,183,247,158,238,183,238,183,247,158,247,sub_line_text,table_text,table_0,raleway,bold,8.0,24poi_20211228_165706_1308066959_600_800.png,/scratch/parceirosbr/bigoilict/share/BigOil/document_generator/datasets/documents_2021_12_28/24poi_20211228_165706_1308066959_600_800.png,24poi_20211228_165706_1308066959_600_800_mask.png,7280.4
12,4,25,9,218,112,243,121,218,112,243,112,243,121,218,121,text,table_text,table_0,raleway,italic,8.0,24poi_20211228_165706_1308066959_600_800.png,/scratch/parceirosbr/bigoilict/share/BigOil/document_generator/datasets/documents_2021_12_28/24poi_20211228_165706_1308066959_600_800.png,24poi_20211228_165706_1308066959_600_800_mask.png,possui
12,4,25,9,218,112,243,121,218,112,243,112,243,121,218,121,sub_line_text,table_text,table_0,raleway,italic,8.0,24poi_20211228_165706_1308066959_600_800.png,/scratch/parceirosbr/bigoilict/share/BigOil/document_generator/datasets/documents_2021_12_28/24poi_20211228_165706_1308066959_600_800.png,24poi_20211228_165706_1308066959_600_800_mask.png,possui
7,4,15,9,223,124,238,133,223,124,238,124,238,133,223,133,text,table_text,table_0,raleway,italic,8.0,24poi_20211228_165706_1308066959_600_800.png,/scratch/parceirosbr/bigoilict/share/BigOil/document_generator/datasets/documents_2021_12_28/24poi_20211228_165706_1308066959_600_800.png,24poi_20211228_165706_1308066959_600_800_mask.png,este
7,4,15,9,223,124,238,133,223,124,238,124,238,133,223,133,sub_line_text,table_text,table_0,raleway,italic,8.0,24poi_20211228_165706_1308066959_600_800.png,/scratch/parceirosbr/bigoilict/share/BigOil/document_generator/datasets/documents_2021_12_28/24poi_20211228_165706_1308066959_600_800.png,24poi_20211228_165706_1308066959_600_800_mask.png,este
15,4,31,9,215,137,246,146,215,137,246,137,246,146,215,146,text,table_text,table_0,raleway,italic,8.0,24poi_20211228_165706_1308066959_600_800.png,/scratch/parceirosbr/bigoilict/share/BigOil/document_generator/datasets/documents_2021_12_28/24poi_20211228_165706_1308066959_600_800.png,24poi_20211228_165706_1308066959_600_800_mask.png,biodiesel
15,4,31,9,215,137,246,146,215,137,246,137,246,146,215,146,sub_line_text,table_text,table_0,raleway,italic,8.0,24poi_20211228_165706_1308066959_600_800.png,/scratch/parceirosbr/bigoilict/share/BigOil/document_generator/datasets/documents_2021_12_28/24poi_20211228_165706_1308066959_600_800.png,24poi_20211228_165706_1308066959_600_800_mask.png,biodiesel
6,4,13,9,224,150,237,159,224,150,237,150,237,159,224,159,text,table_text,table_0,raleway,italic,8.0,24poi_20211228_165706_1308066959_600_800.png,/scratch/parceirosbr/bigoilict/share/BigOil/document_generator/datasets/documents_2021_12_28/24poi_20211228_165706_1308066959_600_800.png,24poi_20211228_165706_1308066959_600_800_mask.png,por
6,4,13,9,224,150,237,159,224,150,237,150,237,159,224,159,sub_line_text,table_text,table_0,raleway,italic,8.0,24poi_20211228_165706_1308066959_600_800.png,/scratch/parceirosbr/bigoilict/share/BigOil/document_generator/datasets/documents_2021_12_28/24poi_20211228_165706_1308066959_600_800.png,24poi_20211228_165706_1308066959_600_800_mask.png,por
17,4,35,9,213,162,248,171,213,162,248,162,248,171,213,171,text,table_text,table_0,raleway,italic,8.0,24poi_20211228_165706_1308066959_600_800.png,/scratch/parceirosbr/bigoilict/share/BigOil/document_generator/datasets/documents_2021_12_28/24poi_20211228_165706_1308066959_600_800.png,24poi_20211228_165706_1308066959_600_800_mask.png,tamanhos
17,4,35,9,213,162,248,171,213,162,248,162,248,171,213,171,sub_line_text,table_text,table_0,raleway,italic,8.0,24poi_20211228_165706_1308066959_600_800.png,/scratch/parceirosbr/bigoilict/share/BigOil/document_generator/datasets/documents_2021_12_28/24poi_20211228_165706_1308066959_600_800.png,24poi_20211228_165706_1308066959_600_800_mask.png,tamanhos
7,4,14,9,224,175,238,184,224,175,238,175,238,184,224,184,text,table_text,table_0,raleway,italic,8.0,24poi_20211228_165706_1308066959_600_800.png,/scratch/parceirosbr/bigoilict/share/BigOil/document_generator/datasets/documents_2021_12_28/24poi_20211228_165706_1308066959_600_800.png,24poi_20211228_165706_1308066959_600_800_mask.png,tipo
7,4,14,9,224,175,238,184,224,175,238,175,238,184,224,184,sub_line_text,table_text,table_0,raleway,italic,8.0,24poi_20211228_165706_1308066959_600_800.png,/scratch/parceirosbr/bigoilict/share/BigOil/document_generator/datasets/documents_2021_12_28/24poi_20211228_165706_1308066959_600_800.png,24poi_20211228_165706_1308066959_600_800_mask.png,tipo
7,4,14,9,224,188,238,197,224,188,238,188,238,197,224,197,text,table_text,table_0,raleway,italic,8.0,24poi_20211228_165706_1308066959_600_800.png,/scratch/parceirosbr/bigoilict/share/BigOil/document_generator/datasets/documents_2021_12_28/24poi_20211228_165706_1308066959_600_800.png,24poi_20211228_165706_1308066959_600_800_mask.png,que
7,4,14,9,224,188,238,197,224,188,238,188,238,197,224,197,sub_line_text,table_text,table_0,raleway,italic,8.0,24poi_20211228_165706_1308066959_600_800.png,/scratch/parceirosbr/bigoilict/share/BigOil/document_generator/datasets/documents_2021_12_28/24poi_20211228_165706_1308066959_600_800.png,24poi_20211228_165706_1308066959_600_800_mask.png,que
29,4,58,9,202,200,260,209,202,200,260,200,260,209,202,209,text,table_text,table_0,raleway,italic,8.0,24poi_20211228_165706_1308066959_600_800.png,/scratch/parceirosbr/bigoilict/share/BigOil/document_generator/datasets/documents_2021_12_28/24poi_20211228_165706_1308066959_600_800.png,24poi_20211228_165706_1308066959_600_800_mask.png,comportamento
29,4,58,9,202,200,260,209,202,200,260,200,260,209,202,209,sub_line_text,table_text,table_0,raleway,italic,8.0,24poi_20211228_165706_1308066959_600_800.png,/scratch/parceirosbr/bigoilict/share/BigOil/document_generator/datasets/documents_2021_12_28/24poi_20211228_165706_1308066959_600_800.png,24poi_20211228_165706_1308066959_600_800_mask.png,comportamento
12,4,24,9,218,213,242,222,218,213,242,213,242,222,218,222,text,table_text,table_0,raleway,italic,8.0,24poi_20211228_165706_1308066959_600_800.png,/scratch/parceirosbr/bigoilict/share/BigOil/document_generator/datasets/documents_2021_12_28/24poi_20211228_165706_1308066959_600_800.png,24poi_20211228_165706_1308066959_600_800_mask.png,global
12,4,24,9,218,213,242,222,218,213,242,213,242,222,218,222,sub_line_text,table_text,table_0,raleway,italic,8.0,24poi_20211228_165706_1308066959_600_800.png,/scratch/parceirosbr/bigoilict/share/BigOil/document_generator/datasets/documents_2021_12_28/24poi_20211228_165706_1308066959_600_800.png,24poi_20211228_165706_1308066959_600_800_mask.png,global
15,4,31,9,215,225,246,234,215,225,246,225,246,234,215,234,text,table_text,table_0,raleway,italic,8.0,24poi_20211228_165706_1308066959_600_800.png,/scratch/parceirosbr/bigoilict/share/BigOil/document_generator/datasets/documents_2021_12_28/24poi_20211228_165706_1308066959_600_800.png,24poi_20211228_165706_1308066959_600_800_mask.png,trabalho
15,4,31,9,215,225,246,234,215,225,246,225,246,234,215,234,sub_line_text,table_text,table_0,raleway,italic,8.0,24poi_20211228_165706_1308066959_600_800.png,/scratch/parceirosbr/bigoilict/share/BigOil/document_generator/datasets/documents_2021_12_28/24poi_20211228_165706_1308066959_600_800.png,24poi_20211228_165706_1308066959_600_800_mask.png,trabalho
6,4,12,9,224,238,236,247,224,238,236,238,236,247,224,247,text,table_text,table_0,raleway,bold,8.0,24poi_20211228_165706_1308066959_600_800.png,/scratch/parceirosbr/bigoilict/share/BigOil/document_generator/datasets/documents_2021_12_28/24poi_20211228_165706_1308066959_600_800.png,24poi_20211228_165706_1308066959_600_800_mask.png,por
6,4,12,9,224,238,236,247,224,238,236,238,236,247,224,247,sub_line_text,table_text,table_0,raleway,bold,8.0,24poi_20211228_165706_1308066959_600_800.png,/scratch/parceirosbr/bigoilict/share/BigOil/document_generator/datasets/documents_2021_12_28/24poi_20211228_165706_1308066959_600_800.png,24poi_20211228_165706_1308066959_600_800_mask.png,por
96,4,192,9,53,263,245,272,53,263,245,263,245,272,53,272,sub_line_text,table_legend,table_0,times,bold,7,24poi_20211228_165706_1308066959_600_800.png,/scratch/parceirosbr/bigoilict/share/BigOil/document_generator/datasets/documents_2021_12_28/24poi_20211228_165706_1308066959_600_800.png,24poi_20211228_165706_1308066959_600_800_mask.png,Tabela 88: The  following  figure  shows the regional location
73,4,147,9,89,275,236,284,89,275,236,275,236,284,89,284,sub_line_text,table_legend,table_0,times,bold,7,24poi_20211228_165706_1308066959_600_800.png,/scratch/parceirosbr/bigoilict/share/BigOil/document_generator/datasets/documents_2021_12_28/24poi_20211228_165706_1308066959_600_800.png,24poi_20211228_165706_1308066959_600_800_mask.png,"of institutions accredited by until 07/31/2015, a"
96,10,192,21,53,263,245,284,53,263,245,263,245,284,53,284,text,table_legend,table_0,times,bold,7,24poi_20211228_165706_1308066959_600_800.png,/scratch/parceirosbr/bigoilict/share/BigOil/document_generator/datasets/documents_2021_12_28/24poi_20211228_165706_1308066959_600_800.png,24poi_20211228_165706_1308066959_600_800_mask.png,nan
91,4,183,9,53,287,236,296,53,287,236,287,236,296,53,296,sub_line_text,table_legend,table_0,times,bold,7,24poi_20211228_165706_1308066959_600_800.png,/scratch/parceirosbr/bigoilict/share/BigOil/document_generator/datasets/documents_2021_12_28/24poi_20211228_165706_1308066959_600_800.png,24poi_20211228_165706_1308066959_600_800_mask.png,"Tabela 143: Aprovado,  tal  foi publicado em 13 de março"
68,4,136,9,93,299,229,308,93,299,229,299,229,308,93,308,sub_line_text,table_legend,table_0,times,bold,7,24poi_20211228_165706_1308066959_600_800.png,/scratch/parceirosbr/bigoilict/share/BigOil/document_generator/datasets/documents_2021_12_28/24poi_20211228_165706_1308066959_600_800.png,24poi_20211228_165706_1308066959_600_800_mask.png,"de 2006, iniciando-se, assim, o. América do"
91,10,183,21,53,287,236,308,53,287,236,287,236,308,53,308,text,table_legend,table_0,times,bold,7,24poi_20211228_165706_1308066959_600_800.png,/scratch/parceirosbr/bigoilict/share/BigOil/document_generator/datasets/documents_2021_12_28/24poi_20211228_165706_1308066959_600_800.png,24poi_20211228_165706_1308066959_600_800_mask.png,nan
108,39,216,78,60,323,276,401,60,323,276,323,276,401,60,401,table,table_image,table_0,,,,24poi_20211228_165706_1308066959_600_800.png,/scratch/parceirosbr/bigoilict/share/BigOil/document_generator/datasets/documents_2021_12_28/24poi_20211228_165706_1308066959_600_800.png,24poi_20211228_165706_1308066959_600_800_mask.png,output/gen_tab_20211228_165707_1358475540.png
4,3,9,7,83,327,92,334,83,327,92,327,92,334,83,334,text,table_text,table_0,courier,bold,8.0,24poi_20211228_165706_1308066959_600_800.png,/scratch/parceirosbr/bigoilict/share/BigOil/document_generator/datasets/documents_2021_12_28/24poi_20211228_165706_1308066959_600_800.png,24poi_20211228_165706_1308066959_600_800_mask.png,da
4,3,9,7,83,327,92,334,83,327,92,327,92,334,83,334,sub_line_text,table_text,table_0,courier,bold,8.0,24poi_20211228_165706_1308066959_600_800.png,/scratch/parceirosbr/bigoilict/share/BigOil/document_generator/datasets/documents_2021_12_28/24poi_20211228_165706_1308066959_600_800.png,24poi_20211228_165706_1308066959_600_800_mask.png,da
21,4,42,8,67,338,109,346,67,338,109,338,109,346,67,346,text,table_text,table_0,courier,italic,8.0,24poi_20211228_165706_1308066959_600_800.png,/scratch/parceirosbr/bigoilict/share/BigOil/document_generator/datasets/documents_2021_12_28/24poi_20211228_165706_1308066959_600_800.png,24poi_20211228_165706_1308066959_600_800_mask.png,discutido
21,4,42,8,67,338,109,346,67,338,109,338,109,346,67,346,sub_line_text,table_text,table_0,courier,italic,8.0,24poi_20211228_165706_1308066959_600_800.png,/scratch/parceirosbr/bigoilict/share/BigOil/document_generator/datasets/documents_2021_12_28/24poi_20211228_165706_1308066959_600_800.png,24poi_20211228_165706_1308066959_600_800_mask.png,discutido
14,4,28,8,74,350,102,358,74,350,102,350,102,358,74,358,text,table_text,table_0,courier,italic,8.0,24poi_20211228_165706_1308066959_600_800.png,/scratch/parceirosbr/bigoilict/share/BigOil/document_generator/datasets/documents_2021_12_28/24poi_20211228_165706_1308066959_600_800.png,24poi_20211228_165706_1308066959_600_800_mask.png,máxima
14,4,28,8,74,350,102,358,74,350,102,350,102,358,74,358,sub_line_text,table_text,table_0,courier,italic,8.0,24poi_20211228_165706_1308066959_600_800.png,/scratch/parceirosbr/bigoilict/share/BigOil/document_generator/datasets/documents_2021_12_28/24poi_20211228_165706_1308066959_600_800.png,24poi_20211228_165706_1308066959_600_800_mask.png,máxima
14,4,28,8,74,361,102,369,74,361,102,361,102,369,74,369,text,table_text,table_0,courier,italic,8.0,24poi_20211228_165706_1308066959_600_800.png,/scratch/parceirosbr/bigoilict/share/BigOil/document_generator/datasets/documents_2021_12_28/24poi_20211228_165706_1308066959_600_800.png,24poi_20211228_165706_1308066959_600_800_mask.png,quanto
14,4,28,8,74,361,102,369,74,361,102,361,102,369,74,369,sub_line_text,table_text,table_0,courier,italic,8.0,24poi_20211228_165706_1308066959_600_800.png,/scratch/parceirosbr/bigoilict/share/BigOil/document_generator/datasets/documents_2021_12_28/24poi_20211228_165706_1308066959_600_800.png,24poi_20211228_165706_1308066959_600_800_mask.png,quanto
14,4,28,8,74,372,102,380,74,372,102,372,102,380,74,380,text,table_text,table_0,courier,italic,8.0,24poi_20211228_165706_1308066959_600_800.png,/scratch/parceirosbr/bigoilict/share/BigOil/document_generator/datasets/documents_2021_12_28/24poi_20211228_165706_1308066959_600_800.png,24poi_20211228_165706_1308066959_600_800_mask.png,refino
14,4,28,8,74,372,102,380,74,372,102,372,102,380,74,380,sub_line_text,table_text,table_0,courier,italic,8.0,24poi_20211228_165706_1308066959_600_800.png,/scratch/parceirosbr/bigoilict/share/BigOil/document_generator/datasets/documents_2021_12_28/24poi_20211228_165706_1308066959_600_800.png,24poi_20211228_165706_1308066959_600_800_mask.png,refino
4,4,9,8,83,384,92,392,83,384,92,384,92,392,83,392,text,table_text,table_0,courier,regular,8.0,24poi_20211228_165706_1308066959_600_800.png,/scratch/parceirosbr/bigoilict/share/BigOil/document_generator/datasets/documents_2021_12_28/24poi_20211228_165706_1308066959_600_800.png,24poi_20211228_165706_1308066959_600_800_mask.png,da
4,4,9,8,83,384,92,392,83,384,92,384,92,392,83,392,sub_line_text,table_text,table_0,courier,regular,8.0,24poi_20211228_165706_1308066959_600_800.png,/scratch/parceirosbr/bigoilict/share/BigOil/document_generator/datasets/documents_2021_12_28/24poi_20211228_165706_1308066959_600_800.png,24poi_20211228_165706_1308066959_600_800_mask.png,da
7,3,14,7,163,327,177,334,163,327,177,327,177,334,163,334,text,table_text,table_0,courier,bold,8.0,24poi_20211228_165706_1308066959_600_800.png,/scratch/parceirosbr/bigoilict/share/BigOil/document_generator/datasets/documents_2021_12_28/24poi_20211228_165706_1308066959_600_800.png,24poi_20211228_165706_1308066959_600_800_mask.png,nos
7,3,14,7,163,327,177,334,163,327,177,327,177,334,163,334,sub_line_text,table_text,table_0,courier,bold,8.0,24poi_20211228_165706_1308066959_600_800.png,/scratch/parceirosbr/bigoilict/share/BigOil/document_generator/datasets/documents_2021_12_28/24poi_20211228_165706_1308066959_600_800.png,24poi_20211228_165706_1308066959_600_800_mask.png,nos
23,4,46,8,130,338,176,346,130,338,176,338,176,346,130,346,text,table_text,table_0,courier,italic,8.0,24poi_20211228_165706_1308066959_600_800.png,/scratch/parceirosbr/bigoilict/share/BigOil/document_generator/datasets/documents_2021_12_28/24poi_20211228_165706_1308066959_600_800.png,24poi_20211228_165706_1308066959_600_800_mask.png,8124555381
23,4,46,8,130,338,176,346,130,338,176,338,176,346,130,346,sub_line_text,table_text,table_0,courier,italic,8.0,24poi_20211228_165706_1308066959_600_800.png,/scratch/parceirosbr/bigoilict/share/BigOil/document_generator/datasets/documents_2021_12_28/24poi_20211228_165706_1308066959_600_800.png,24poi_20211228_165706_1308066959_600_800_mask.png,8124555381
18,4,37,8,139,350,176,358,139,350,176,350,176,358,139,358,text,table_text,table_0,courier,italic,8.0,24poi_20211228_165706_1308066959_600_800.png,/scratch/parceirosbr/bigoilict/share/BigOil/document_generator/datasets/documents_2021_12_28/24poi_20211228_165706_1308066959_600_800.png,24poi_20211228_165706_1308066959_600_800_mask.png,53978569
18,4,37,8,139,350,176,358,139,350,176,350,176,358,139,358,sub_line_text,table_text,table_0,courier,italic,8.0,24poi_20211228_165706_1308066959_600_800.png,/scratch/parceirosbr/bigoilict/share/BigOil/document_generator/datasets/documents_2021_12_28/24poi_20211228_165706_1308066959_600_800.png,24poi_20211228_165706_1308066959_600_800_mask.png,53978569
21,4,42,8,135,361,177,369,135,361,177,361,177,369,135,369,text,table_text,table_0,courier,italic,8.0,24poi_20211228_165706_1308066959_600_800.png,/scratch/parceirosbr/bigoilict/share/BigOil/document_generator/datasets/documents_2021_12_28/24poi_20211228_165706_1308066959_600_800.png,24poi_20211228_165706_1308066959_600_800_mask.png,283217927
21,4,42,8,135,361,177,369,135,361,177,361,177,369,135,369,sub_line_text,table_text,table_0,courier,italic,8.0,24poi_20211228_165706_1308066959_600_800.png,/scratch/parceirosbr/bigoilict/share/BigOil/document_generator/datasets/documents_2021_12_28/24poi_20211228_165706_1308066959_600_800.png,24poi_20211228_165706_1308066959_600_800_mask.png,283217927
18,4,37,8,139,372,176,380,139,372,176,372,176,380,139,380,text,table_text,table_0,courier,italic,8.0,24poi_20211228_165706_1308066959_600_800.png,/scratch/parceirosbr/bigoilict/share/BigOil/document_generator/datasets/documents_2021_12_28/24poi_20211228_165706_1308066959_600_800.png,24poi_20211228_165706_1308066959_600_800_mask.png,97622442
18,4,37,8,139,372,176,380,139,372,176,372,176,380,139,380,sub_line_text,table_text,table_0,courier,italic,8.0,24poi_20211228_165706_1308066959_600_800.png,/scratch/parceirosbr/bigoilict/share/BigOil/document_generator/datasets/documents_2021_12_28/24poi_20211228_165706_1308066959_600_800.png,24poi_20211228_165706_1308066959_600_800_mask.png,97622442
18,4,37,8,139,384,176,392,139,384,176,384,176,392,139,392,text,table_text,table_0,courier,regular,8.0,24poi_20211228_165706_1308066959_600_800.png,/scratch/parceirosbr/bigoilict/share/BigOil/document_generator/datasets/documents_2021_12_28/24poi_20211228_165706_1308066959_600_800.png,24poi_20211228_165706_1308066959_600_800_mask.png,23166818
18,4,37,8,139,384,176,392,139,384,176,384,176,392,139,392,sub_line_text,table_text,table_0,courier,regular,8.0,24poi_20211228_165706_1308066959_600_800.png,/scratch/parceirosbr/bigoilict/share/BigOil/document_generator/datasets/documents_2021_12_28/24poi_20211228_165706_1308066959_600_800.png,24poi_20211228_165706_1308066959_600_800_mask.png,23166818
18,3,37,7,234,327,271,334,234,327,271,327,271,334,234,334,text,table_text,table_0,courier,bold,8.0,24poi_20211228_165706_1308066959_600_800.png,/scratch/parceirosbr/bigoilict/share/BigOil/document_generator/datasets/documents_2021_12_28/24poi_20211228_165706_1308066959_600_800.png,24poi_20211228_165706_1308066959_600_800_mask.png,hidratos
18,3,37,7,234,327,271,334,234,327,271,327,271,334,234,334,sub_line_text,table_text,table_0,courier,bold,8.0,24poi_20211228_165706_1308066959_600_800.png,/scratch/parceirosbr/bigoilict/share/BigOil/document_generator/datasets/documents_2021_12_28/24poi_20211228_165706_1308066959_600_800.png,24poi_20211228_165706_1308066959_600_800_mask.png,hidratos
14,4,28,8,244,338,272,346,244,338,272,338,272,346,244,346,text,table_text,table_0,courier,italic,8.0,24poi_20211228_165706_1308066959_600_800.png,/scratch/parceirosbr/bigoilict/share/BigOil/document_generator/datasets/documents_2021_12_28/24poi_20211228_165706_1308066959_600_800.png,24poi_20211228_165706_1308066959_600_800_mask.png,4098.4
14,4,28,8,244,338,272,346,244,338,272,338,272,346,244,346,sub_line_text,table_text,table_0,courier,italic,8.0,24poi_20211228_165706_1308066959_600_800.png,/scratch/parceirosbr/bigoilict/share/BigOil/document_generator/datasets/documents_2021_12_28/24poi_20211228_165706_1308066959_600_800.png,24poi_20211228_165706_1308066959_600_800_mask.png,4098.4
14,4,28,8,244,350,272,358,244,350,272,350,272,358,244,358,text,table_text,table_0,courier,italic,8.0,24poi_20211228_165706_1308066959_600_800.png,/scratch/parceirosbr/bigoilict/share/BigOil/document_generator/datasets/documents_2021_12_28/24poi_20211228_165706_1308066959_600_800.png,24poi_20211228_165706_1308066959_600_800_mask.png,8594.7
14,4,28,8,244,350,272,358,244,350,272,350,272,358,244,358,sub_line_text,table_text,table_0,courier,italic,8.0,24poi_20211228_165706_1308066959_600_800.png,/scratch/parceirosbr/bigoilict/share/BigOil/document_generator/datasets/documents_2021_12_28/24poi_20211228_165706_1308066959_600_800.png,24poi_20211228_165706_1308066959_600_800_mask.png,8594.7
7,4,14,8,258,361,272,369,258,361,272,361,272,369,258,369,text,table_text,table_0,courier,italic,8.0,24poi_20211228_165706_1308066959_600_800.png,/scratch/parceirosbr/bigoilict/share/BigOil/document_generator/datasets/documents_2021_12_28/24poi_20211228_165706_1308066959_600_800.png,24poi_20211228_165706_1308066959_600_800_mask.png,2.7
7,4,14,8,258,361,272,369,258,361,272,361,272,369,258,369,sub_line_text,table_text,table_0,courier,italic,8.0,24poi_20211228_165706_1308066959_600_800.png,/scratch/parceirosbr/bigoilict/share/BigOil/document_generator/datasets/documents_2021_12_28/24poi_20211228_165706_1308066959_600_800.png,24poi_20211228_165706_1308066959_600_800_mask.png,2.7
14,4,28,8,244,372,272,380,244,372,272,372,272,380,244,380,text,table_text,table_0,courier,italic,8.0,24poi_20211228_165706_1308066959_600_800.png,/scratch/parceirosbr/bigoilict/share/BigOil/document_generator/datasets/documents_2021_12_28/24poi_20211228_165706_1308066959_600_800.png,24poi_20211228_165706_1308066959_600_800_mask.png,3145.5
14,4,28,8,244,372,272,380,244,372,272,372,272,380,244,380,sub_line_text,table_text,table_0,courier,italic,8.0,24poi_20211228_165706_1308066959_600_800.png,/scratch/parceirosbr/bigoilict/share/BigOil/document_generator/datasets/documents_2021_12_28/24poi_20211228_165706_1308066959_600_800.png,24poi_20211228_165706_1308066959_600_800_mask.png,3145.5
14,4,28,8,244,384,272,392,244,384,272,384,272,392,244,392,text,table_text,table_0,courier,regular,8.0,24poi_20211228_165706_1308066959_600_800.png,/scratch/parceirosbr/bigoilict/share/BigOil/document_generator/datasets/documents_2021_12_28/24poi_20211228_165706_1308066959_600_800.png,24poi_20211228_165706_1308066959_600_800_mask.png,6674.0
14,4,28,8,244,384,272,392,244,384,272,384,272,392,244,392,sub_line_text,table_text,table_0,courier,regular,8.0,24poi_20211228_165706_1308066959_600_800.png,/scratch/parceirosbr/bigoilict/share/BigOil/document_generator/datasets/documents_2021_12_28/24poi_20211228_165706_1308066959_600_800.png,24poi_20211228_165706_1308066959_600_800_mask.png,6674.0
89,4,179,9,53,406,232,415,53,406,232,406,232,415,53,415,sub_line_text,table_legend,table_0,times,bold,7,24poi_20211228_165706_1308066959_600_800.png,/scratch/parceirosbr/bigoilict/share/BigOil/document_generator/datasets/documents_2021_12_28/24poi_20211228_165706_1308066959_600_800.png,24poi_20211228_165706_1308066959_600_800_mask.png,Tabela 3: Estas frações são então processadas através de
89,4,179,9,53,406,232,415,53,406,232,406,232,415,53,415,text,table_legend,table_0,times,bold,7,24poi_20211228_165706_1308066959_600_800.png,/scratch/parceirosbr/bigoilict/share/BigOil/document_generator/datasets/documents_2021_12_28/24poi_20211228_165706_1308066959_600_800.png,24poi_20211228_165706_1308066959_600_800_mask.png,nan
91,4,182,9,53,416,235,425,53,416,235,416,235,425,53,425,sub_line_text,table_legend,table_0,times,bold,7,24poi_20211228_165706_1308066959_600_800.png,/scratch/parceirosbr/bigoilict/share/BigOil/document_generator/datasets/documents_2021_12_28/24poi_20211228_165706_1308066959_600_800.png,24poi_20211228_165706_1308066959_600_800_mask.png,"Tabela 128: After this period, the devices were removed, di"
91,4,182,9,53,416,235,425,53,416,235,416,235,425,53,425,text,table_legend,table_0,times,bold,7,24poi_20211228_165706_1308066959_600_800.png,/scratch/parceirosbr/bigoilict/share/BigOil/document_generator/datasets/documents_2021_12_28/24poi_20211228_165706_1308066959_600_800.png,24poi_20211228_165706_1308066959_600_800_mask.png,nan
36,65,72,131,389,85,461,216,389,85,461,85,461,216,389,216,image,figure_image,figure_2,,,,24poi_20211228_165706_1308066959_600_800.png,/scratch/parceirosbr/bigoilict/share/BigOil/document_generator/datasets/documents_2021_12_28/24poi_20211228_165706_1308066959_600_800.png,24poi_20211228_165706_1308066959_600_800_mask.png,output/gen_img_20211228_165708_5213538255.png
10,1,21,3,421,168,442,171,421,168,442,168,442,172,421,171,text,figure_text,figure_2,,,,24poi_20211228_165706_1308066959_600_800.png,/scratch/parceirosbr/bigoilict/share/BigOil/document_generator/datasets/documents_2021_12_28/24poi_20211228_165706_1308066959_600_800.png,24poi_20211228_165706_1308066959_600_800_mask.png,-4897.81
10,1,21,3,421,168,442,171,421,168,442,168,442,172,421,171,sub_line_text,figure_text,figure_2,,,,24poi_20211228_165706_1308066959_600_800.png,/scratch/parceirosbr/bigoilict/share/BigOil/document_generator/datasets/documents_2021_12_28/24poi_20211228_165706_1308066959_600_800.png,24poi_20211228_165706_1308066959_600_800_mask.png,-4897.81
7,0,14,1,416,115,430,116,416,112,431,115,430,119,415,116,text,figure_text,figure_2,,,,24poi_20211228_165706_1308066959_600_800.png,/scratch/parceirosbr/bigoilict/share/BigOil/document_generator/datasets/documents_2021_12_28/24poi_20211228_165706_1308066959_600_800.png,24poi_20211228_165706_1308066959_600_800_mask.png,-3847%
7,0,14,1,416,115,430,116,416,112,431,115,430,119,415,116,sub_line_text,figure_text,figure_2,,,,24poi_20211228_165706_1308066959_600_800.png,/scratch/parceirosbr/bigoilict/share/BigOil/document_generator/datasets/documents_2021_12_28/24poi_20211228_165706_1308066959_600_800.png,24poi_20211228_165706_1308066959_600_800_mask.png,-3847%
10,4,21,8,428,125,449,133,428,130,448,125,449,129,429,133,text,figure_text,figure_2,,,,24poi_20211228_165706_1308066959_600_800.png,/scratch/parceirosbr/bigoilict/share/BigOil/document_generator/datasets/documents_2021_12_28/24poi_20211228_165706_1308066959_600_800.png,24poi_20211228_165706_1308066959_600_800_mask.png,Movement
10,4,21,8,428,125,449,133,428,130,448,125,449,129,429,133,sub_line_text,figure_text,figure_2,,,,24poi_20211228_165706_1308066959_600_800.png,/scratch/parceirosbr/bigoilict/share/BigOil/document_generator/datasets/documents_2021_12_28/24poi_20211228_165706_1308066959_600_800.png,24poi_20211228_165706_1308066959_600_800_mask.png,Movement
11,-2,23,-4,402,158,425,154,402,150,427,158,425,162,401,154,text,figure_text,figure_2,,,,24poi_20211228_165706_1308066959_600_800.png,/scratch/parceirosbr/bigoilict/share/BigOil/document_generator/datasets/documents_2021_12_28/24poi_20211228_165706_1308066959_600_800.png,24poi_20211228_165706_1308066959_600_800_mask.png,Level (kl)
11,-2,23,-4,402,158,425,154,402,150,427,158,425,162,401,154,sub_line_text,figure_text,figure_2,,,,24poi_20211228_165706_1308066959_600_800.png,/scratch/parceirosbr/bigoilict/share/BigOil/document_generator/datasets/documents_2021_12_28/24poi_20211228_165706_1308066959_600_800.png,24poi_20211228_165706_1308066959_600_800_mask.png,Level (kl)
10,2,21,5,439,199,460,204,439,200,459,199,460,202,439,204,text,figure_text,figure_2,,,,24poi_20211228_165706_1308066959_600_800.png,/scratch/parceirosbr/bigoilict/share/BigOil/document_generator/datasets/documents_2021_12_28/24poi_20211228_165706_1308066959_600_800.png,24poi_20211228_165706_1308066959_600_800_mask.png,-415.911
10,2,21,5,439,199,460,204,439,200,459,199,460,202,439,204,sub_line_text,figure_text,figure_2,,,,24poi_20211228_165706_1308066959_600_800.png,/scratch/parceirosbr/bigoilict/share/BigOil/document_generator/datasets/documents_2021_12_28/24poi_20211228_165706_1308066959_600_800.png,24poi_20211228_165706_1308066959_600_800_mask.png,-415.911
8,4,16,8,436,99,452,107,436,103,451,99,452,103,437,107,text,figure_text,figure_2,,,,24poi_20211228_165706_1308066959_600_800.png,/scratch/parceirosbr/bigoilict/share/BigOil/document_generator/datasets/documents_2021_12_28/24poi_20211228_165706_1308066959_600_800.png,24poi_20211228_165706_1308066959_600_800_mask.png,-9582%
8,4,16,8,436,99,452,107,436,103,451,99,452,103,437,107,sub_line_text,figure_text,figure_2,,,,24poi_20211228_165706_1308066959_600_800.png,/scratch/parceirosbr/bigoilict/share/BigOil/document_generator/datasets/documents_2021_12_28/24poi_20211228_165706_1308066959_600_800.png,24poi_20211228_165706_1308066959_600_800_mask.png,-9582%
14,-1,29,-3,393,208,422,205,393,201,423,208,422,212,392,205,text,figure_text,figure_2,,,,24poi_20211228_165706_1308066959_600_800.png,/scratch/parceirosbr/bigoilict/share/BigOil/document_generator/datasets/documents_2021_12_28/24poi_20211228_165706_1308066959_600_800.png,24poi_20211228_165706_1308066959_600_800_mask.png,Vaporization
14,-1,29,-3,393,208,422,205,393,201,423,208,422,212,392,205,sub_line_text,figure_text,figure_2,,,,24poi_20211228_165706_1308066959_600_800.png,/scratch/parceirosbr/bigoilict/share/BigOil/document_generator/datasets/documents_2021_12_28/24poi_20211228_165706_1308066959_600_800.png,24poi_20211228_165706_1308066959_600_800_mask.png,Vaporization
8,3,16,6,443,173,459,179,443,175,458,173,459,176,444,179,text,figure_text,figure_2,,,,24poi_20211228_165706_1308066959_600_800.png,/scratch/parceirosbr/bigoilict/share/BigOil/document_generator/datasets/documents_2021_12_28/24poi_20211228_165706_1308066959_600_800.png,24poi_20211228_165706_1308066959_600_800_mask.png,Reason
8,3,16,6,443,173,459,179,443,175,458,173,459,176,444,179,sub_line_text,figure_text,figure_2,,,,24poi_20211228_165706_1308066959_600_800.png,/scratch/parceirosbr/bigoilict/share/BigOil/document_generator/datasets/documents_2021_12_28/24poi_20211228_165706_1308066959_600_800.png,24poi_20211228_165706_1308066959_600_800_mask.png,Reason
8,3,16,7,413,136,429,143,413,139,428,136,429,139,414,143,text,figure_text,figure_2,,,,24poi_20211228_165706_1308066959_600_800.png,/scratch/parceirosbr/bigoilict/share/BigOil/document_generator/datasets/documents_2021_12_28/24poi_20211228_165706_1308066959_600_800.png,24poi_20211228_165706_1308066959_600_800_mask.png,-6378%
8,3,16,7,413,136,429,143,413,139,428,136,429,139,414,143,sub_line_text,figure_text,figure_2,,,,24poi_20211228_165706_1308066959_600_800.png,/scratch/parceirosbr/bigoilict/share/BigOil/document_generator/datasets/documents_2021_12_28/24poi_20211228_165706_1308066959_600_800.png,24poi_20211228_165706_1308066959_600_800_mask.png,-6378%
8,0,17,-1,423,182,440,181,423,177,441,182,440,185,422,181,text,figure_text,figure_2,,,,24poi_20211228_165706_1308066959_600_800.png,/scratch/parceirosbr/bigoilict/share/BigOil/document_generator/datasets/documents_2021_12_28/24poi_20211228_165706_1308066959_600_800.png,24poi_20211228_165706_1308066959_600_800_mask.png,-6164.0
8,0,17,-1,423,182,440,181,423,177,441,182,440,185,422,181,sub_line_text,figure_text,figure_2,,,,24poi_20211228_165706_1308066959_600_800.png,/scratch/parceirosbr/bigoilict/share/BigOil/document_generator/datasets/documents_2021_12_28/24poi_20211228_165706_1308066959_600_800.png,24poi_20211228_165706_1308066959_600_800_mask.png,-6164.0
9,-1,18,-2,433,149,451,147,433,143,453,149,451,153,431,147,text,figure_text,figure_2,,,,24poi_20211228_165706_1308066959_600_800.png,/scratch/parceirosbr/bigoilict/share/BigOil/document_generator/datasets/documents_2021_12_28/24poi_20211228_165706_1308066959_600_800.png,24poi_20211228_165706_1308066959_600_800_mask.png,Training
9,-1,18,-2,433,149,451,147,433,143,453,149,451,153,431,147,sub_line_text,figure_text,figure_2,,,,24poi_20211228_165706_1308066959_600_800.png,/scratch/parceirosbr/bigoilict/share/BigOil/document_generator/datasets/documents_2021_12_28/24poi_20211228_165706_1308066959_600_800.png,24poi_20211228_165706_1308066959_600_800_mask.png,Training
8,1,17,2,405,102,422,104,405,99,423,102,422,106,404,104,text,figure_text,figure_2,,,,24poi_20211228_165706_1308066959_600_800.png,/scratch/parceirosbr/bigoilict/share/BigOil/document_generator/datasets/documents_2021_12_28/24poi_20211228_165706_1308066959_600_800.png,24poi_20211228_165706_1308066959_600_800_mask.png,Loading
8,1,17,2,405,102,422,104,405,99,423,102,422,106,404,104,sub_line_text,figure_text,figure_2,,,,24poi_20211228_165706_1308066959_600_800.png,/scratch/parceirosbr/bigoilict/share/BigOil/document_generator/datasets/documents_2021_12_28/24poi_20211228_165706_1308066959_600_800.png,24poi_20211228_165706_1308066959_600_800_mask.png,Loading
5,-1,11,-2,401,116,412,114,401,111,413,116,412,119,400,114,text,figure_text,figure_2,,,,24poi_20211228_165706_1308066959_600_800.png,/scratch/parceirosbr/bigoilict/share/BigOil/document_generator/datasets/documents_2021_12_28/24poi_20211228_165706_1308066959_600_800.png,24poi_20211228_165706_1308066959_600_800_mask.png,-7323
5,-1,11,-2,401,116,412,114,401,111,413,116,412,119,400,114,sub_line_text,figure_text,figure_2,,,,24poi_20211228_165706_1308066959_600_800.png,/scratch/parceirosbr/bigoilict/share/BigOil/document_generator/datasets/documents_2021_12_28/24poi_20211228_165706_1308066959_600_800.png,24poi_20211228_165706_1308066959_600_800_mask.png,-7323
6,2,13,5,405,145,418,150,405,146,417,145,418,149,405,150,text,figure_text,figure_2,,,,24poi_20211228_165706_1308066959_600_800.png,/scratch/parceirosbr/bigoilict/share/BigOil/document_generator/datasets/documents_2021_12_28/24poi_20211228_165706_1308066959_600_800.png,24poi_20211228_165706_1308066959_600_800_mask.png,Tests
6,2,13,5,405,145,418,150,405,146,417,145,418,149,405,150,sub_line_text,figure_text,figure_2,,,,24poi_20211228_165706_1308066959_600_800.png,/scratch/parceirosbr/bigoilict/share/BigOil/document_generator/datasets/documents_2021_12_28/24poi_20211228_165706_1308066959_600_800.png,24poi_20211228_165706_1308066959_600_800_mask.png,Tests
10,-2,20,-5,395,180,415,175,395,172,417,180,415,183,394,175,text,figure_text,figure_2,,,,24poi_20211228_165706_1308066959_600_800.png,/scratch/parceirosbr/bigoilict/share/BigOil/document_generator/datasets/documents_2021_12_28/24poi_20211228_165706_1308066959_600_800.png,24poi_20211228_165706_1308066959_600_800_mask.png,-3170.763
10,-2,20,-5,395,180,415,175,395,172,417,180,415,183,394,175,sub_line_text,figure_text,figure_2,,,,24poi_20211228_165706_1308066959_600_800.png,/scratch/parceirosbr/bigoilict/share/BigOil/document_generator/datasets/documents_2021_12_28/24poi_20211228_165706_1308066959_600_800.png,24poi_20211228_165706_1308066959_600_800_mask.png,-3170.763
7,-1,15,-3,413,94,428,91,413,88,429,94,428,98,411,91,text,figure_text,figure_2,,,,24poi_20211228_165706_1308066959_600_800.png,/scratch/parceirosbr/bigoilict/share/BigOil/document_generator/datasets/documents_2021_12_28/24poi_20211228_165706_1308066959_600_800.png,24poi_20211228_165706_1308066959_600_800_mask.png,-7129.7
7,-1,15,-3,413,94,428,91,413,88,429,94,428,98,411,91,sub_line_text,figure_text,figure_2,,,,24poi_20211228_165706_1308066959_600_800.png,/scratch/parceirosbr/bigoilict/share/BigOil/document_generator/datasets/documents_2021_12_28/24poi_20211228_165706_1308066959_600_800.png,24poi_20211228_165706_1308066959_600_800_mask.png,-7129.7
7,0,15,0,435,161,450,161,435,158,450,161,450,165,434,161,text,figure_text,figure_2,,,,24poi_20211228_165706_1308066959_600_800.png,/scratch/parceirosbr/bigoilict/share/BigOil/document_generator/datasets/documents_2021_12_28/24poi_20211228_165706_1308066959_600_800.png,24poi_20211228_165706_1308066959_600_800_mask.png,-6158%
7,0,15,0,435,161,450,161,435,158,450,161,450,165,434,161,sub_line_text,figure_text,figure_2,,,,24poi_20211228_165706_1308066959_600_800.png,/scratch/parceirosbr/bigoilict/share/BigOil/document_generator/datasets/documents_2021_12_28/24poi_20211228_165706_1308066959_600_800.png,24poi_20211228_165706_1308066959_600_800_mask.png,-6158%
92,4,185,9,310,221,495,230,310,221,495,221,495,230,310,230,sub_line_text,figure_legend,figure_2,times,bold,7,24poi_20211228_165706_1308066959_600_800.png,/scratch/parceirosbr/bigoilict/share/BigOil/document_generator/datasets/documents_2021_12_28/24poi_20211228_165706_1308066959_600_800.png,24poi_20211228_165706_1308066959_600_800_mask.png,"Fig. 11: de petróleo, por corrente, segundo e da 2009 782.9"
92,4,185,9,310,221,495,230,310,221,495,221,495,230,310,230,text,figure_legend,figure_2,times,bold,7,24poi_20211228_165706_1308066959_600_800.png,/scratch/parceirosbr/bigoilict/share/BigOil/document_generator/datasets/documents_2021_12_28/24poi_20211228_165706_1308066959_600_800.png,24poi_20211228_165706_1308066959_600_800_mask.png,nan
90,4,180,9,310,231,490,240,310,231,490,231,490,240,310,240,sub_line_text,figure_legend,figure_2,times,bold,7,24poi_20211228_165706_1308066959_600_800.png,/scratch/parceirosbr/bigoilict/share/BigOil/document_generator/datasets/documents_2021_12_28/24poi_20211228_165706_1308066959_600_800.png,24poi_20211228_165706_1308066959_600_800_mask.png,Fig. 133: It has a maximum distillation temperature of 20
90,4,180,9,310,231,490,240,310,231,490,231,490,240,310,240,text,figure_legend,figure_2,times,bold,7,24poi_20211228_165706_1308066959_600_800.png,/scratch/parceirosbr/bigoilict/share/BigOil/document_generator/datasets/documents_2021_12_28/24poi_20211228_165706_1308066959_600_800.png,24poi_20211228_165706_1308066959_600_800_mask.png,nan
109,52,219,104,315,255,534,359,315,255,534,255,534,359,315,359,table,table_image,table_0,,,,24poi_20211228_165706_1308066959_600_800.png,/scratch/parceirosbr/bigoilict/share/BigOil/document_generator/datasets/documents_2021_12_28/24poi_20211228_165706_1308066959_600_800.png,24poi_20211228_165706_1308066959_600_800_mask.png,output/gen_tab_20211228_165709_1658001955.png
10,4,20,9,370,257,390,266,370,257,390,257,390,266,370,266,text,table_text,table_0,times,bold,8.0,24poi_20211228_165706_1308066959_600_800.png,/scratch/parceirosbr/bigoilict/share/BigOil/document_generator/datasets/documents_2021_12_28/24poi_20211228_165706_1308066959_600_800.png,24poi_20211228_165706_1308066959_600_800_mask.png,devido
10,4,20,9,370,257,390,266,370,257,390,257,390,266,370,266,sub_line_text,table_text,table_0,times,bold,8.0,24poi_20211228_165706_1308066959_600_800.png,/scratch/parceirosbr/bigoilict/share/BigOil/document_generator/datasets/documents_2021_12_28/24poi_20211228_165706_1308066959_600_800.png,24poi_20211228_165706_1308066959_600_800_mask.png,devido
23,4,47,9,343,270,390,279,343,270,390,270,390,279,343,279,text,table_text,table_0,times,regular,8.0,24poi_20211228_165706_1308066959_600_800.png,/scratch/parceirosbr/bigoilict/share/BigOil/document_generator/datasets/documents_2021_12_28/24poi_20211228_165706_1308066959_600_800.png,24poi_20211228_165706_1308066959_600_800_mask.png,807438232.667
23,4,47,9,343,270,390,279,343,270,390,270,390,279,343,279,sub_line_text,table_text,table_0,times,regular,8.0,24poi_20211228_165706_1308066959_600_800.png,/scratch/parceirosbr/bigoilict/share/BigOil/document_generator/datasets/documents_2021_12_28/24poi_20211228_165706_1308066959_600_800.png,24poi_20211228_165706_1308066959_600_800_mask.png,807438232.667
23,4,47,9,343,282,390,291,343,282,390,282,390,291,343,291,text,table_text,table_0,times,regular,8.0,24poi_20211228_165706_1308066959_600_800.png,/scratch/parceirosbr/bigoilict/share/BigOil/document_generator/datasets/documents_2021_12_28/24poi_20211228_165706_1308066959_600_800.png,24poi_20211228_165706_1308066959_600_800_mask.png,276720595.272
23,4,47,9,343,282,390,291,343,282,390,282,390,291,343,291,sub_line_text,table_text,table_0,times,regular,8.0,24poi_20211228_165706_1308066959_600_800.png,/scratch/parceirosbr/bigoilict/share/BigOil/document_generator/datasets/documents_2021_12_28/24poi_20211228_165706_1308066959_600_800.png,24poi_20211228_165706_1308066959_600_800_mask.png,276720595.272
23,4,47,9,343,295,390,304,343,295,390,295,390,304,343,304,text,table_text,table_0,times,regular,8.0,24poi_20211228_165706_1308066959_600_800.png,/scratch/parceirosbr/bigoilict/share/BigOil/document_generator/datasets/documents_2021_12_28/24poi_20211228_165706_1308066959_600_800.png,24poi_20211228_165706_1308066959_600_800_mask.png,588780319.404
23,4,47,9,343,295,390,304,343,295,390,295,390,304,343,304,sub_line_text,table_text,table_0,times,regular,8.0,24poi_20211228_165706_1308066959_600_800.png,/scratch/parceirosbr/bigoilict/share/BigOil/document_generator/datasets/documents_2021_12_28/24poi_20211228_165706_1308066959_600_800.png,24poi_20211228_165706_1308066959_600_800_mask.png,588780319.404
23,4,47,9,343,307,390,316,343,307,390,307,390,316,343,316,text,table_text,table_0,times,regular,8.0,24poi_20211228_165706_1308066959_600_800.png,/scratch/parceirosbr/bigoilict/share/BigOil/document_generator/datasets/documents_2021_12_28/24poi_20211228_165706_1308066959_600_800.png,24poi_20211228_165706_1308066959_600_800_mask.png,135857936.823
23,4,47,9,343,307,390,316,343,307,390,307,390,316,343,316,sub_line_text,table_text,table_0,times,regular,8.0,24poi_20211228_165706_1308066959_600_800.png,/scratch/parceirosbr/bigoilict/share/BigOil/document_generator/datasets/documents_2021_12_28/24poi_20211228_165706_1308066959_600_800.png,24poi_20211228_165706_1308066959_600_800_mask.png,135857936.823
23,4,47,9,343,319,390,328,343,319,390,319,390,328,343,328,text,table_text,table_0,times,regular,8.0,24poi_20211228_165706_1308066959_600_800.png,/scratch/parceirosbr/bigoilict/share/BigOil/document_generator/datasets/documents_2021_12_28/24poi_20211228_165706_1308066959_600_800.png,24poi_20211228_165706_1308066959_600_800_mask.png,979965827.441
23,4,47,9,343,319,390,328,343,319,390,319,390,328,343,328,sub_line_text,table_text,table_0,times,regular,8.0,24poi_20211228_165706_1308066959_600_800.png,/scratch/parceirosbr/bigoilict/share/BigOil/document_generator/datasets/documents_2021_12_28/24poi_20211228_165706_1308066959_600_800.png,24poi_20211228_165706_1308066959_600_800_mask.png,979965827.441
23,4,47,9,343,332,390,341,343,332,390,332,390,341,343,341,text,table_text,table_0,times,regular,8.0,24poi_20211228_165706_1308066959_600_800.png,/scratch/parceirosbr/bigoilict/share/BigOil/document_generator/datasets/documents_2021_12_28/24poi_20211228_165706_1308066959_600_800.png,24poi_20211228_165706_1308066959_600_800_mask.png,538412753.176
23,4,47,9,343,332,390,341,343,332,390,332,390,341,343,341,sub_line_text,table_text,table_0,times,regular,8.0,24poi_20211228_165706_1308066959_600_800.png,/scratch/parceirosbr/bigoilict/share/BigOil/document_generator/datasets/documents_2021_12_28/24poi_20211228_165706_1308066959_600_800.png,24poi_20211228_165706_1308066959_600_800_mask.png,538412753.176
24,4,48,9,342,344,390,353,342,344,390,344,390,353,342,353,text,table_text,table_0,times,italic,8.0,24poi_20211228_165706_1308066959_600_800.png,/scratch/parceirosbr/bigoilict/share/BigOil/document_generator/datasets/documents_2021_12_28/24poi_20211228_165706_1308066959_600_800.png,24poi_20211228_165706_1308066959_600_800_mask.png,977798319.047
24,4,48,9,342,344,390,353,342,344,390,344,390,353,342,353,sub_line_text,table_text,table_0,times,italic,8.0,24poi_20211228_165706_1308066959_600_800.png,/scratch/parceirosbr/bigoilict/share/BigOil/document_generator/datasets/documents_2021_12_28/24poi_20211228_165706_1308066959_600_800.png,24poi_20211228_165706_1308066959_600_800_mask.png,977798319.047
10,4,20,9,420,257,440,266,420,257,440,257,440,266,420,266,text,table_text,table_0,times,bold,8.0,24poi_20211228_165706_1308066959_600_800.png,/scratch/parceirosbr/bigoilict/share/BigOil/document_generator/datasets/documents_2021_12_28/24poi_20211228_165706_1308066959_600_800.png,24poi_20211228_165706_1308066959_600_800_mask.png,devido
10,4,20,9,420,257,440,266,420,257,440,257,440,266,420,266,sub_line_text,table_text,table_0,times,bold,8.0,24poi_20211228_165706_1308066959_600_800.png,/scratch/parceirosbr/bigoilict/share/BigOil/document_generator/datasets/documents_2021_12_28/24poi_20211228_165706_1308066959_600_800.png,24poi_20211228_165706_1308066959_600_800_mask.png,devido
14,4,28,9,413,270,441,279,413,270,441,270,441,279,413,279,text,table_text,table_0,times,regular,8.0,24poi_20211228_165706_1308066959_600_800.png,/scratch/parceirosbr/bigoilict/share/BigOil/document_generator/datasets/documents_2021_12_28/24poi_20211228_165706_1308066959_600_800.png,24poi_20211228_165706_1308066959_600_800_mask.png,4903.869
14,4,28,9,413,270,441,279,413,270,441,270,441,279,413,279,sub_line_text,table_text,table_0,times,regular,8.0,24poi_20211228_165706_1308066959_600_800.png,/scratch/parceirosbr/bigoilict/share/BigOil/document_generator/datasets/documents_2021_12_28/24poi_20211228_165706_1308066959_600_800.png,24poi_20211228_165706_1308066959_600_800_mask.png,4903.869
14,4,28,9,413,282,441,291,413,282,441,282,441,291,413,291,text,table_text,table_0,times,regular,8.0,24poi_20211228_165706_1308066959_600_800.png,/scratch/parceirosbr/bigoilict/share/BigOil/document_generator/datasets/documents_2021_12_28/24poi_20211228_165706_1308066959_600_800.png,24poi_20211228_165706_1308066959_600_800_mask.png,1824.209
14,4,28,9,413,282,441,291,413,282,441,282,441,291,413,291,sub_line_text,table_text,table_0,times,regular,8.0,24poi_20211228_165706_1308066959_600_800.png,/scratch/parceirosbr/bigoilict/share/BigOil/document_generator/datasets/documents_2021_12_28/24poi_20211228_165706_1308066959_600_800.png,24poi_20211228_165706_1308066959_600_800_mask.png,1824.209
14,4,28,9,413,295,441,304,413,295,441,295,441,304,413,304,text,table_text,table_0,times,regular,8.0,24poi_20211228_165706_1308066959_600_800.png,/scratch/parceirosbr/bigoilict/share/BigOil/document_generator/datasets/documents_2021_12_28/24poi_20211228_165706_1308066959_600_800.png,24poi_20211228_165706_1308066959_600_800_mask.png,1237.887
14,4,28,9,413,295,441,304,413,295,441,295,441,304,413,304,sub_line_text,table_text,table_0,times,regular,8.0,24poi_20211228_165706_1308066959_600_800.png,/scratch/parceirosbr/bigoilict/share/BigOil/document_generator/datasets/documents_2021_12_28/24poi_20211228_165706_1308066959_600_800.png,24poi_20211228_165706_1308066959_600_800_mask.png,1237.887
14,4,28,9,413,307,441,316,413,307,441,307,441,316,413,316,text,table_text,table_0,times,regular,8.0,24poi_20211228_165706_1308066959_600_800.png,/scratch/parceirosbr/bigoilict/share/BigOil/document_generator/datasets/documents_2021_12_28/24poi_20211228_165706_1308066959_600_800.png,24poi_20211228_165706_1308066959_600_800_mask.png,8722.384
14,4,28,9,413,307,441,316,413,307,441,307,441,316,413,316,sub_line_text,table_text,table_0,times,regular,8.0,24poi_20211228_165706_1308066959_600_800.png,/scratch/parceirosbr/bigoilict/share/BigOil/document_generator/datasets/documents_2021_12_28/24poi_20211228_165706_1308066959_600_800.png,24poi_20211228_165706_1308066959_600_800_mask.png,8722.384
14,4,28,9,413,319,441,328,413,319,441,319,441,328,413,328,text,table_text,table_0,times,regular,8.0,24poi_20211228_165706_1308066959_600_800.png,/scratch/parceirosbr/bigoilict/share/BigOil/document_generator/datasets/documents_2021_12_28/24poi_20211228_165706_1308066959_600_800.png,24poi_20211228_165706_1308066959_600_800_mask.png,1835.521
14,4,28,9,413,319,441,328,413,319,441,319,441,328,413,328,sub_line_text,table_text,table_0,times,regular,8.0,24poi_20211228_165706_1308066959_600_800.png,/scratch/parceirosbr/bigoilict/share/BigOil/document_generator/datasets/documents_2021_12_28/24poi_20211228_165706_1308066959_600_800.png,24poi_20211228_165706_1308066959_600_800_mask.png,1835.521
14,4,28,9,413,332,441,341,413,332,441,332,441,341,413,341,text,table_text,table_0,times,regular,8.0,24poi_20211228_165706_1308066959_600_800.png,/scratch/parceirosbr/bigoilict/share/BigOil/document_generator/datasets/documents_2021_12_28/24poi_20211228_165706_1308066959_600_800.png,24poi_20211228_165706_1308066959_600_800_mask.png,6595.987
14,4,28,9,413,332,441,341,413,332,441,332,441,341,413,341,sub_line_text,table_text,table_0,times,regular,8.0,24poi_20211228_165706_1308066959_600_800.png,/scratch/parceirosbr/bigoilict/share/BigOil/document_generator/datasets/documents_2021_12_28/24poi_20211228_165706_1308066959_600_800.png,24poi_20211228_165706_1308066959_600_800_mask.png,6595.987
14,4,29,9,412,344,441,353,412,344,441,344,441,353,412,353,text,table_text,table_0,times,italic,8.0,24poi_20211228_165706_1308066959_600_800.png,/scratch/parceirosbr/bigoilict/share/BigOil/document_generator/datasets/documents_2021_12_28/24poi_20211228_165706_1308066959_600_800.png,24poi_20211228_165706_1308066959_600_800_mask.png,6137.627
14,4,29,9,412,344,441,353,412,344,441,344,441,353,412,353,sub_line_text,table_text,table_0,times,italic,8.0,24poi_20211228_165706_1308066959_600_800.png,/scratch/parceirosbr/bigoilict/share/BigOil/document_generator/datasets/documents_2021_12_28/24poi_20211228_165706_1308066959_600_800.png,24poi_20211228_165706_1308066959_600_800_mask.png,6137.627
10,4,20,9,509,257,529,266,509,257,529,257,529,266,509,266,text,table_text,table_0,times,bold,8.0,24poi_20211228_165706_1308066959_600_800.png,/scratch/parceirosbr/bigoilict/share/BigOil/document_generator/datasets/documents_2021_12_28/24poi_20211228_165706_1308066959_600_800.png,24poi_20211228_165706_1308066959_600_800_mask.png,devido
10,4,20,9,509,257,529,266,509,257,529,257,529,266,509,266,sub_line_text,table_text,table_0,times,bold,8.0,24poi_20211228_165706_1308066959_600_800.png,/scratch/parceirosbr/bigoilict/share/BigOil/document_generator/datasets/documents_2021_12_28/24poi_20211228_165706_1308066959_600_800.png,24poi_20211228_165706_1308066959_600_800_mask.png,devido
20,4,41,9,488,270,529,279,488,270,529,270,529,279,488,279,text,table_text,table_0,times,regular,8.0,24poi_20211228_165706_1308066959_600_800.png,/scratch/parceirosbr/bigoilict/share/BigOil/document_generator/datasets/documents_2021_12_28/24poi_20211228_165706_1308066959_600_800.png,24poi_20211228_165706_1308066959_600_800_mask.png,31836323638
20,4,41,9,488,270,529,279,488,270,529,270,529,279,488,279,sub_line_text,table_text,table_0,times,regular,8.0,24poi_20211228_165706_1308066959_600_800.png,/scratch/parceirosbr/bigoilict/share/BigOil/document_generator/datasets/documents_2021_12_28/24poi_20211228_165706_1308066959_600_800.png,24poi_20211228_165706_1308066959_600_800_mask.png,31836323638
19,4,38,9,492,282,530,291,492,282,530,282,530,291,492,291,text,table_text,table_0,times,regular,8.0,24poi_20211228_165706_1308066959_600_800.png,/scratch/parceirosbr/bigoilict/share/BigOil/document_generator/datasets/documents_2021_12_28/24poi_20211228_165706_1308066959_600_800.png,24poi_20211228_165706_1308066959_600_800_mask.png,8852633520
19,4,38,9,492,282,530,291,492,282,530,282,530,291,492,291,sub_line_text,table_text,table_0,times,regular,8.0,24poi_20211228_165706_1308066959_600_800.png,/scratch/parceirosbr/bigoilict/share/BigOil/document_generator/datasets/documents_2021_12_28/24poi_20211228_165706_1308066959_600_800.png,24poi_20211228_165706_1308066959_600_800_mask.png,8852633520
20,4,41,9,488,295,529,304,488,295,529,295,529,304,488,304,text,table_text,table_0,times,regular,8.0,24poi_20211228_165706_1308066959_600_800.png,/scratch/parceirosbr/bigoilict/share/BigOil/document_generator/datasets/documents_2021_12_28/24poi_20211228_165706_1308066959_600_800.png,24poi_20211228_165706_1308066959_600_800_mask.png,36008404223
20,4,41,9,488,295,529,304,488,295,529,295,529,304,488,304,sub_line_text,table_text,table_0,times,regular,8.0,24poi_20211228_165706_1308066959_600_800.png,/scratch/parceirosbr/bigoilict/share/BigOil/document_generator/datasets/documents_2021_12_28/24poi_20211228_165706_1308066959_600_800.png,24poi_20211228_165706_1308066959_600_800_mask.png,36008404223
19,4,38,9,492,307,530,316,492,307,530,307,530,316,492,316,text,table_text,table_0,times,regular,8.0,24poi_20211228_165706_1308066959_600_800.png,/scratch/parceirosbr/bigoilict/share/BigOil/document_generator/datasets/documents_2021_12_28/24poi_20211228_165706_1308066959_600_800.png,24poi_20211228_165706_1308066959_600_800_mask.png,4405476167
19,4,38,9,492,307,530,316,492,307,530,307,530,316,492,316,sub_line_text,table_text,table_0,times,regular,8.0,24poi_20211228_165706_1308066959_600_800.png,/scratch/parceirosbr/bigoilict/share/BigOil/document_generator/datasets/documents_2021_12_28/24poi_20211228_165706_1308066959_600_800.png,24poi_20211228_165706_1308066959_600_800_mask.png,4405476167
22,4,45,9,484,319,529,328,484,319,529,319,529,328,484,328,text,table_text,table_0,times,regular,8.0,24poi_20211228_165706_1308066959_600_800.png,/scratch/parceirosbr/bigoilict/share/BigOil/document_generator/datasets/documents_2021_12_28/24poi_20211228_165706_1308066959_600_800.png,24poi_20211228_165706_1308066959_600_800_mask.png,690249991006
22,4,45,9,484,319,529,328,484,319,529,319,529,328,484,328,sub_line_text,table_text,table_0,times,regular,8.0,24poi_20211228_165706_1308066959_600_800.png,/scratch/parceirosbr/bigoilict/share/BigOil/document_generator/datasets/documents_2021_12_28/24poi_20211228_165706_1308066959_600_800.png,24poi_20211228_165706_1308066959_600_800_mask.png,690249991006
19,4,38,9,492,332,530,341,492,332,530,332,530,341,492,341,text,table_text,table_0,times,regular,8.0,24poi_20211228_165706_1308066959_600_800.png,/scratch/parceirosbr/bigoilict/share/BigOil/document_generator/datasets/documents_2021_12_28/24poi_20211228_165706_1308066959_600_800.png,24poi_20211228_165706_1308066959_600_800_mask.png,4966583570
19,4,38,9,492,332,530,341,492,332,530,332,530,341,492,341,sub_line_text,table_text,table_0,times,regular,8.0,24poi_20211228_165706_1308066959_600_800.png,/scratch/parceirosbr/bigoilict/share/BigOil/document_generator/datasets/documents_2021_12_28/24poi_20211228_165706_1308066959_600_800.png,24poi_20211228_165706_1308066959_600_800_mask.png,4966583570
19,4,38,9,492,344,530,353,492,344,530,344,530,353,492,353,text,table_text,table_0,times,italic,8.0,24poi_20211228_165706_1308066959_600_800.png,/scratch/parceirosbr/bigoilict/share/BigOil/document_generator/datasets/documents_2021_12_28/24poi_20211228_165706_1308066959_600_800.png,24poi_20211228_165706_1308066959_600_800_mask.png,5235691688
19,4,38,9,492,344,530,353,492,344,530,344,530,353,492,353,sub_line_text,table_text,table_0,times,italic,8.0,24poi_20211228_165706_1308066959_600_800.png,/scratch/parceirosbr/bigoilict/share/BigOil/document_generator/datasets/documents_2021_12_28/24poi_20211228_165706_1308066959_600_800.png,24poi_20211228_165706_1308066959_600_800_mask.png,5235691688
96,4,192,9,310,364,502,373,310,364,502,364,502,373,310,373,sub_line_text,table_legend,table_0,times,bold,7,24poi_20211228_165706_1308066959_600_800.png,/scratch/parceirosbr/bigoilict/share/BigOil/document_generator/datasets/documents_2021_12_28/24poi_20211228_165706_1308066959_600_800.png,24poi_20211228_165706_1308066959_600_800_mask.png,"Table 21: More  than  100  years  ago, a brilliant inventor n-"
80,4,161,9,342,376,503,385,342,376,503,376,503,385,342,385,sub_line_text,table_legend,table_0,times,bold,7,24poi_20211228_165706_1308066959_600_800.png,/scratch/parceirosbr/bigoilict/share/BigOil/document_generator/datasets/documents_2021_12_28/24poi_20211228_165706_1308066959_600_800.png,24poi_20211228_165706_1308066959_600_800_mask.png,amed  developed the diesel engine powered by vege-
75,4,151,9,342,388,493,397,342,388,493,388,493,397,342,397,sub_line_text,table_legend,table_0,times,bold,7,24poi_20211228_165706_1308066959_600_800.png,/scratch/parceirosbr/bigoilict/share/BigOil/document_generator/datasets/documents_2021_12_28/24poi_20211228_165706_1308066959_600_800.png,24poi_20211228_165706_1308066959_600_800_mask.png,table oil. Geomatics was used for all pre-processi
96,16,193,33,310,364,503,397,310,364,503,364,503,397,310,397,text,table_legend,table_0,times,bold,7,24poi_20211228_165706_1308066959_600_800.png,/scratch/parceirosbr/bigoilict/share/BigOil/document_generator/datasets/documents_2021_12_28/24poi_20211228_165706_1308066959_600_800.png,24poi_20211228_165706_1308066959_600_800_mask.png,nan
86,4,172,9,310,400,482,409,310,400,482,400,482,409,310,409,sub_line_text,table_legend,table_0,times,bold,7,24poi_20211228_165706_1308066959_600_800.png,/scratch/parceirosbr/bigoilict/share/BigOil/document_generator/datasets/documents_2021_12_28/24poi_20211228_165706_1308066959_600_800.png,24poi_20211228_165706_1308066959_600_800_mask.png,Table 97: If  the  shippers'  expressions of interest duri-
64,4,129,9,342,412,471,421,342,412,471,412,471,421,342,421,sub_line_text,table_legend,table_0,times,bold,7,24poi_20211228_165706_1308066959_600_800.png,/scratch/parceirosbr/bigoilict/share/BigOil/document_generator/datasets/documents_2021_12_28/24poi_20211228_165706_1308066959_600_800.png,24poi_20211228_165706_1308066959_600_800_mask.png,ng the public call change the fundamental
86,10,172,21,310,400,482,421,310,400,482,400,482,421,310,421,text,table_legend,table_0,times,bold,7,24poi_20211228_165706_1308066959_600_800.png,/scratch/parceirosbr/bigoilict/share/BigOil/document_generator/datasets/documents_2021_12_28/24poi_20211228_165706_1308066959_600_800.png,24poi_20211228_165706_1308066959_600_800_mask.png,nan
