center_x,center_y,width,height,xmin,ymin,xmax,ymax,top_left_x,top_left_y,top_right_x,top_right_y,bottom_right_x,bottom_right_y,bottom_left_x,bottom_left_y,label,grouplabel,group,text_font,text_style,size_font,filename,path,filename_mask,content
300,400,600,800,0,0,600,800,0,0,600,0,600,800,0,800,document,,,,,,26styles_2cols_20211228_165730_7194524215_600_800.png,/scratch/parceirosbr/bigoilict/share/BigOil/document_generator/datasets/documents_2021_12_28/26styles_2cols_20211228_165730_7194524215_600_800.png,26styles_2cols_20211228_165730_7194524215_600_800_mask.png,
238,40,477,80,60,62,537,142,60,62,537,62,537,142,60,142,table,header,table_0,arial,regular,7.0,26styles_2cols_20211228_165730_7194524215_600_800.png,/scratch/parceirosbr/bigoilict/share/BigOil/document_generator/datasets/documents_2021_12_28/26styles_2cols_20211228_165730_7194524215_600_800.png,26styles_2cols_20211228_165730_7194524215_600_800_mask.png,nan
19,30,38,60,67,71,105,131,67,71,105,71,105,131,67,131,text,table_text,table_0,arial,regular,7.0,26styles_2cols_20211228_165730_7194524215_600_800.png,/scratch/parceirosbr/bigoilict/share/BigOil/document_generator/datasets/documents_2021_12_28/26styles_2cols_20211228_165730_7194524215_600_800.png,26styles_2cols_20211228_165730_7194524215_600_800_mask.png,/scratch/parceirosbr/bigoilict/share/BigOil/document_generator/files_images_document_generator/logos\image_48.jpg
19,30,38,60,67,71,105,131,67,71,105,71,105,131,67,131,sub_line_text,table_text,table_0,arial,regular,7.0,26styles_2cols_20211228_165730_7194524215_600_800.png,/scratch/parceirosbr/bigoilict/share/BigOil/document_generator/datasets/documents_2021_12_28/26styles_2cols_20211228_165730_7194524215_600_800.png,26styles_2cols_20211228_165730_7194524215_600_800_mask.png,/scratch/parceirosbr/bigoilict/share/BigOil/document_generator/files_images_document_generator/logos\image_48.jpg
21,5,43,11,179,64,222,75,179,64,222,64,222,75,179,75,text,table_text,table_0,arial,regular,9.0,26styles_2cols_20211228_165730_7194524215_600_800.png,/scratch/parceirosbr/bigoilict/share/BigOil/document_generator/datasets/documents_2021_12_28/26styles_2cols_20211228_165730_7194524215_600_800.png,26styles_2cols_20211228_165730_7194524215_600_800_mask.png,incertezas
21,5,43,11,179,64,222,75,179,64,222,64,222,75,179,75,sub_line_text,table_text,table_0,arial,regular,9.0,26styles_2cols_20211228_165730_7194524215_600_800.png,/scratch/parceirosbr/bigoilict/share/BigOil/document_generator/datasets/documents_2021_12_28/26styles_2cols_20211228_165730_7194524215_600_800.png,26styles_2cols_20211228_165730_7194524215_600_800_mask.png,incertezas
10,4,20,8,260,81,280,89,260,81,280,81,280,89,260,89,text,table_text,table_0,arial,regular,7.0,26styles_2cols_20211228_165730_7194524215_600_800.png,/scratch/parceirosbr/bigoilict/share/BigOil/document_generator/datasets/documents_2021_12_28/26styles_2cols_20211228_165730_7194524215_600_800.png,26styles_2cols_20211228_165730_7194524215_600_800_mask.png,etanol
10,4,20,8,260,81,280,89,260,81,280,81,280,89,260,89,sub_line_text,table_text,table_0,arial,regular,7.0,26styles_2cols_20211228_165730_7194524215_600_800.png,/scratch/parceirosbr/bigoilict/share/BigOil/document_generator/datasets/documents_2021_12_28/26styles_2cols_20211228_165730_7194524215_600_800.png,26styles_2cols_20211228_165730_7194524215_600_800_mask.png,etanol
5,1,10,3,114,98,124,101,114,98,124,98,124,101,114,101,text,table_text,table_0,arial,regular,3.0,26styles_2cols_20211228_165730_7194524215_600_800.png,/scratch/parceirosbr/bigoilict/share/BigOil/document_generator/datasets/documents_2021_12_28/26styles_2cols_20211228_165730_7194524215_600_800.png,26styles_2cols_20211228_165730_7194524215_600_800_mask.png,testes
5,1,10,3,114,98,124,101,114,98,124,98,124,101,114,101,sub_line_text,table_text,table_0,arial,regular,3.0,26styles_2cols_20211228_165730_7194524215_600_800.png,/scratch/parceirosbr/bigoilict/share/BigOil/document_generator/datasets/documents_2021_12_28/26styles_2cols_20211228_165730_7194524215_600_800.png,26styles_2cols_20211228_165730_7194524215_600_800_mask.png,testes
130,4,260,8,140,101,400,109,140,101,400,101,400,109,140,109,text,table_text,table_0,arial,bold,7.0,26styles_2cols_20211228_165730_7194524215_600_800.png,/scratch/parceirosbr/bigoilict/share/BigOil/document_generator/datasets/documents_2021_12_28/26styles_2cols_20211228_165730_7194524215_600_800.png,26styles_2cols_20211228_165730_7194524215_600_800_mask.png,As decisões dos entes reguladores e os procedimentos serão imparciais com 
130,4,260,8,140,101,400,109,140,101,400,101,400,109,140,109,sub_line_text,table_text,table_0,arial,bold,7.0,26styles_2cols_20211228_165730_7194524215_600_800.png,/scratch/parceirosbr/bigoilict/share/BigOil/document_generator/datasets/documents_2021_12_28/26styles_2cols_20211228_165730_7194524215_600_800.png,26styles_2cols_20211228_165730_7194524215_600_800_mask.png,As decisões dos entes reguladores e os procedimentos serão imparciais com 
21,4,43,8,249,109,292,117,249,109,292,109,292,117,249,117,text,table_text,table_0,arial,bold,7.0,26styles_2cols_20211228_165730_7194524215_600_800.png,/scratch/parceirosbr/bigoilict/share/BigOil/document_generator/datasets/documents_2021_12_28/26styles_2cols_20211228_165730_7194524215_600_800.png,26styles_2cols_20211228_165730_7194524215_600_800_mask.png,inadequação
21,4,43,8,249,109,292,117,249,109,292,109,292,117,249,117,sub_line_text,table_text,table_0,arial,bold,7.0,26styles_2cols_20211228_165730_7194524215_600_800.png,/scratch/parceirosbr/bigoilict/share/BigOil/document_generator/datasets/documents_2021_12_28/26styles_2cols_20211228_165730_7194524215_600_800.png,26styles_2cols_20211228_165730_7194524215_600_800_mask.png,inadequação
3,1,7,3,291,64,298,67,291,64,298,64,298,67,291,67,text,table_text,table_0,arial,bold,3.0,26styles_2cols_20211228_165730_7194524215_600_800.png,/scratch/parceirosbr/bigoilict/share/BigOil/document_generator/datasets/documents_2021_12_28/26styles_2cols_20211228_165730_7194524215_600_800.png,26styles_2cols_20211228_165730_7194524215_600_800_mask.png,pelo
3,1,7,3,291,64,298,67,291,64,298,64,298,67,291,67,sub_line_text,table_text,table_0,arial,bold,3.0,26styles_2cols_20211228_165730_7194524215_600_800.png,/scratch/parceirosbr/bigoilict/share/BigOil/document_generator/datasets/documents_2021_12_28/26styles_2cols_20211228_165730_7194524215_600_800.png,26styles_2cols_20211228_165730_7194524215_600_800_mask.png,pelo
8,4,16,8,377,67,393,75,377,67,393,67,393,75,377,75,text,table_text,table_0,arial,regular,7.0,26styles_2cols_20211228_165730_7194524215_600_800.png,/scratch/parceirosbr/bigoilict/share/BigOil/document_generator/datasets/documents_2021_12_28/26styles_2cols_20211228_165730_7194524215_600_800.png,26styles_2cols_20211228_165730_7194524215_600_800_mask.png,parte
8,4,16,8,377,67,393,75,377,67,393,67,393,75,377,75,sub_line_text,table_text,table_0,arial,regular,7.0,26styles_2cols_20211228_165730_7194524215_600_800.png,/scratch/parceirosbr/bigoilict/share/BigOil/document_generator/datasets/documents_2021_12_28/26styles_2cols_20211228_165730_7194524215_600_800.png,26styles_2cols_20211228_165730_7194524215_600_800_mask.png,parte
2,1,4,3,431,81,435,84,431,81,435,81,435,84,431,84,text,table_text,table_0,arial,regular,3.0,26styles_2cols_20211228_165730_7194524215_600_800.png,/scratch/parceirosbr/bigoilict/share/BigOil/document_generator/datasets/documents_2021_12_28/26styles_2cols_20211228_165730_7194524215_600_800.png,26styles_2cols_20211228_165730_7194524215_600_800_mask.png,na
2,1,4,3,431,81,435,84,431,81,435,81,435,84,431,84,sub_line_text,table_text,table_0,arial,regular,3.0,26styles_2cols_20211228_165730_7194524215_600_800.png,/scratch/parceirosbr/bigoilict/share/BigOil/document_generator/datasets/documents_2021_12_28/26styles_2cols_20211228_165730_7194524215_600_800.png,26styles_2cols_20211228_165730_7194524215_600_800_mask.png,na
8,4,16,8,474,84,490,92,474,84,490,84,490,92,474,92,text,table_text,table_0,arial,regular,7.0,26styles_2cols_20211228_165730_7194524215_600_800.png,/scratch/parceirosbr/bigoilict/share/BigOil/document_generator/datasets/documents_2021_12_28/26styles_2cols_20211228_165730_7194524215_600_800.png,26styles_2cols_20211228_165730_7194524215_600_800_mask.png,vista
8,4,16,8,474,84,490,92,474,84,490,84,490,92,474,92,sub_line_text,table_text,table_0,arial,regular,7.0,26styles_2cols_20211228_165730_7194524215_600_800.png,/scratch/parceirosbr/bigoilict/share/BigOil/document_generator/datasets/documents_2021_12_28/26styles_2cols_20211228_165730_7194524215_600_800.png,26styles_2cols_20211228_165730_7194524215_600_800_mask.png,vista
12,4,24,8,470,126,494,134,470,126,494,126,494,134,470,134,text,table_text,table_0,arial,regular,7.0,26styles_2cols_20211228_165730_7194524215_600_800.png,/scratch/parceirosbr/bigoilict/share/BigOil/document_generator/datasets/documents_2021_12_28/26styles_2cols_20211228_165730_7194524215_600_800.png,26styles_2cols_20211228_165730_7194524215_600_800_mask.png,comum
12,4,24,8,470,126,494,134,470,126,494,126,494,134,470,134,sub_line_text,table_text,table_0,arial,regular,7.0,26styles_2cols_20211228_165730_7194524215_600_800.png,/scratch/parceirosbr/bigoilict/share/BigOil/document_generator/datasets/documents_2021_12_28/26styles_2cols_20211228_165730_7194524215_600_800.png,26styles_2cols_20211228_165730_7194524215_600_800_mask.png,comum
10,1,20,3,483,64,503,67,483,64,503,64,503,67,483,67,text,table_text,table_0,arial,regular,3.0,26styles_2cols_20211228_165730_7194524215_600_800.png,/scratch/parceirosbr/bigoilict/share/BigOil/document_generator/datasets/documents_2021_12_28/26styles_2cols_20211228_165730_7194524215_600_800.png,26styles_2cols_20211228_165730_7194524215_600_800_mask.png,viscosidade
10,1,20,3,483,64,503,67,483,64,503,64,503,67,483,67,sub_line_text,table_text,table_0,arial,regular,3.0,26styles_2cols_20211228_165730_7194524215_600_800.png,/scratch/parceirosbr/bigoilict/share/BigOil/document_generator/datasets/documents_2021_12_28/26styles_2cols_20211228_165730_7194524215_600_800.png,26styles_2cols_20211228_165730_7194524215_600_800_mask.png,viscosidade
14,4,28,8,494,67,522,75,494,67,522,67,522,75,494,75,text,table_text,table_0,arial,regular,7.0,26styles_2cols_20211228_165730_7194524215_600_800.png,/scratch/parceirosbr/bigoilict/share/BigOil/document_generator/datasets/documents_2021_12_28/26styles_2cols_20211228_165730_7194524215_600_800.png,26styles_2cols_20211228_165730_7194524215_600_800_mask.png,medidas
14,4,28,8,494,67,522,75,494,67,522,67,522,75,494,75,sub_line_text,table_text,table_0,arial,regular,7.0,26styles_2cols_20211228_165730_7194524215_600_800.png,/scratch/parceirosbr/bigoilict/share/BigOil/document_generator/datasets/documents_2021_12_28/26styles_2cols_20211228_165730_7194524215_600_800.png,26styles_2cols_20211228_165730_7194524215_600_800_mask.png,medidas
108,4,217,8,63,165,280,173,63,165,280,165,280,173,63,173,sub_line_text,text,text_0,arial,regular,7,26styles_2cols_20211228_165730_7194524215_600_800.png,/scratch/parceirosbr/bigoilict/share/BigOil/document_generator/datasets/documents_2021_12_28/26styles_2cols_20211228_165730_7194524215_600_800.png,26styles_2cols_20211228_165730_7194524215_600_800_mask.png,"No entanto, isso deve ser feito com agilidade para se evitar prazos"
108,4,216,8,63,177,279,185,63,177,279,177,279,185,63,185,sub_line_text,text,text_0,arial,regular,7,26styles_2cols_20211228_165730_7194524215_600_800.png,/scratch/parceirosbr/bigoilict/share/BigOil/document_generator/datasets/documents_2021_12_28/26styles_2cols_20211228_165730_7194524215_600_800.png,26styles_2cols_20211228_165730_7194524215_600_800_mask.png,"desgastantes na pré-análise90 do projeto. No entanto, cerca de 75%"
104,4,209,8,67,189,276,197,67,189,276,189,276,197,67,197,sub_line_text,text,text_0,arial,regular,7,26styles_2cols_20211228_165730_7194524215_600_800.png,/scratch/parceirosbr/bigoilict/share/BigOil/document_generator/datasets/documents_2021_12_28/26styles_2cols_20211228_165730_7194524215_600_800.png,26styles_2cols_20211228_165730_7194524215_600_800_mask.png,"do biodiesel brasileiro é40 produzido a partir do óleo de soja, cuja"
106,4,213,8,65,201,278,209,65,201,278,201,278,209,65,209,sub_line_text,text,text_0,arial,regular,7,26styles_2cols_20211228_165730_7194524215_600_800.png,/scratch/parceirosbr/bigoilict/share/BigOil/document_generator/datasets/documents_2021_12_28/26styles_2cols_20211228_165730_7194524215_600_800.png,26styles_2cols_20211228_165730_7194524215_600_800_mask.png,cultura emprega pouca mão-de-obra e grande extensão territorial.10
101,4,202,8,70,213,272,221,70,213,272,213,272,221,70,221,sub_line_text,text,text_0,arial,regular,7,26styles_2cols_20211228_165730_7194524215_600_800.png,/scratch/parceirosbr/bigoilict/share/BigOil/document_generator/datasets/documents_2021_12_28/26styles_2cols_20211228_165730_7194524215_600_800.png,26styles_2cols_20211228_165730_7194524215_600_800_mask.png,"O77 e distribudo na forma de uma biblioteca, originalmente com"
102,4,205,8,69,225,274,233,69,225,274,225,274,233,69,233,sub_line_text,text,text_0,arial,regular,7,26styles_2cols_20211228_165730_7194524215_600_800.png,/scratch/parceirosbr/bigoilict/share/BigOil/document_generator/datasets/documents_2021_12_28/26styles_2cols_20211228_165730_7194524215_600_800.png,26styles_2cols_20211228_165730_7194524215_600_800_mask.png,versoespara e apesar de outras linguagens tambem terem7 sido
95,4,190,8,76,237,266,245,76,237,266,237,266,245,76,245,sub_line_text,text,text_0,arial,regular,7,26styles_2cols_20211228_165730_7194524215_600_800.png,/scratch/parceirosbr/bigoilict/share/BigOil/document_generator/datasets/documents_2021_12_28/26styles_2cols_20211228_165730_7194524215_600_800.png,26styles_2cols_20211228_165730_7194524215_600_800_mask.png,contempladas. O escoamento foi interrompido durante71 um
106,4,213,8,65,249,278,257,65,249,278,249,278,257,65,257,sub_line_text,text,text_0,arial,regular,7,26styles_2cols_20211228_165730_7194524215_600_800.png,/scratch/parceirosbr/bigoilict/share/BigOil/document_generator/datasets/documents_2021_12_28/26styles_2cols_20211228_165730_7194524215_600_800.png,26styles_2cols_20211228_165730_7194524215_600_800_mask.png,"determinado39 tempo, denominado neste texto de tempo de parada"
106,4,212,8,65,261,277,269,65,261,277,261,277,269,65,269,sub_line_text,text,text_0,arial,regular,7,26styles_2cols_20211228_165730_7194524215_600_800.png,/scratch/parceirosbr/bigoilict/share/BigOil/document_generator/datasets/documents_2021_12_28/26styles_2cols_20211228_165730_7194524215_600_800.png,26styles_2cols_20211228_165730_7194524215_600_800_mask.png,ou repouso.56  Uma célula sendo a de referência e a outra onde se
80,4,160,8,91,273,251,281,91,273,251,273,251,281,91,281,sub_line_text,text,text_0,arial,regular,7,26styles_2cols_20211228_165730_7194524215_600_800.png,/scratch/parceirosbr/bigoilict/share/BigOil/document_generator/datasets/documents_2021_12_28/26styles_2cols_20211228_165730_7194524215_600_800.png,26styles_2cols_20211228_165730_7194524215_600_800_mask.png,coloca as soluções a serem69 analisadas. One of.
108,58,217,116,63,165,280,281,63,165,280,165,280,281,63,281,text,text,text_0,arial,regular,7,26styles_2cols_20211228_165730_7194524215_600_800.png,/scratch/parceirosbr/bigoilict/share/BigOil/document_generator/datasets/documents_2021_12_28/26styles_2cols_20211228_165730_7194524215_600_800.png,26styles_2cols_20211228_165730_7194524215_600_800_mask.png,nan
99,4,199,8,75,292,274,300,75,292,274,292,274,300,75,300,sub_line_text,text,text_1,arial,regular,7,26styles_2cols_20211228_165730_7194524215_600_800.png,/scratch/parceirosbr/bigoilict/share/BigOil/document_generator/datasets/documents_2021_12_28/26styles_2cols_20211228_165730_7194524215_600_800.png,26styles_2cols_20211228_165730_7194524215_600_800_mask.png,Os requisitos técnico-econômicos estabelecidos por meio da
105,4,211,8,69,304,280,312,69,304,280,304,280,312,69,312,sub_line_text,text,text_1,arial,regular,7,26styles_2cols_20211228_165730_7194524215_600_800.png,/scratch/parceirosbr/bigoilict/share/BigOil/document_generator/datasets/documents_2021_12_28/26styles_2cols_20211228_165730_7194524215_600_800.png,26styles_2cols_20211228_165730_7194524215_600_800_mask.png,"regulamentação da constituem barreiras institucionais e, no que"
105,4,211,8,69,316,280,324,69,316,280,316,280,324,69,324,sub_line_text,text,text_1,arial,regular,7,26styles_2cols_20211228_165730_7194524215_600_800.png,/scratch/parceirosbr/bigoilict/share/BigOil/document_generator/datasets/documents_2021_12_28/26styles_2cols_20211228_165730_7194524215_600_800.png,26styles_2cols_20211228_165730_7194524215_600_800_mask.png,diz respeito à comercialização de acondicionado em recipientes
104,4,208,8,70,328,278,336,70,328,278,328,278,336,70,336,sub_line_text,text,text_1,arial,regular,7,26styles_2cols_20211228_165730_7194524215_600_800.png,/scratch/parceirosbr/bigoilict/share/BigOil/document_generator/datasets/documents_2021_12_28/26styles_2cols_20211228_165730_7194524215_600_800.png,26styles_2cols_20211228_165730_7194524215_600_800_mask.png,"transportáveis de capacidade de até 13 kg, tais barreiras podem"
102,4,204,8,72,340,276,348,72,340,276,340,276,348,72,348,sub_line_text,text,text_1,arial,regular,7,26styles_2cols_20211228_165730_7194524215_600_800.png,/scratch/parceirosbr/bigoilict/share/BigOil/document_generator/datasets/documents_2021_12_28/26styles_2cols_20211228_165730_7194524215_600_800.png,26styles_2cols_20211228_165730_7194524215_600_800_mask.png,dificultar a atuação de um agente entrante na medida em que o
104,4,208,8,70,352,278,360,70,352,278,352,278,360,70,360,sub_line_text,text,text_1,arial,regular,7,26styles_2cols_20211228_165730_7194524215_600_800.png,/scratch/parceirosbr/bigoilict/share/BigOil/document_generator/datasets/documents_2021_12_28/26styles_2cols_20211228_165730_7194524215_600_800.png,26styles_2cols_20211228_165730_7194524215_600_800_mask.png,universo de recipientes e as vendas referentes aos últimos seis
98,4,197,8,76,364,273,372,76,364,273,364,273,372,76,372,sub_line_text,text,text_1,arial,regular,7,26styles_2cols_20211228_165730_7194524215_600_800.png,/scratch/parceirosbr/bigoilict/share/BigOil/document_generator/datasets/documents_2021_12_28/26styles_2cols_20211228_165730_7194524215_600_800.png,26styles_2cols_20211228_165730_7194524215_600_800_mask.png,"meses de.  A autorização é válida por tempo determinado e,"
58,4,116,8,116,376,232,384,116,376,232,376,232,384,116,384,sub_line_text,text,text_1,arial,regular,7,26styles_2cols_20211228_165730_7194524215_600_800.png,/scratch/parceirosbr/bigoilict/share/BigOil/document_generator/datasets/documents_2021_12_28/26styles_2cols_20211228_165730_7194524215_600_800.png,26styles_2cols_20211228_165730_7194524215_600_800_mask.png,apesar de estar sujeita à prestação.
105,46,211,92,69,292,280,384,69,292,280,292,280,384,69,384,text,text,text_1,arial,regular,7,26styles_2cols_20211228_165730_7194524215_600_800.png,/scratch/parceirosbr/bigoilict/share/BigOil/document_generator/datasets/documents_2021_12_28/26styles_2cols_20211228_165730_7194524215_600_800.png,26styles_2cols_20211228_165730_7194524215_600_800_mask.png,nan
109,4,219,8,61,395,280,403,61,395,280,395,280,403,61,403,sub_line_text,text,text_2,arial,regular,7,26styles_2cols_20211228_165730_7194524215_600_800.png,/scratch/parceirosbr/bigoilict/share/BigOil/document_generator/datasets/documents_2021_12_28/26styles_2cols_20211228_165730_7194524215_600_800.png,26styles_2cols_20211228_165730_7194524215_600_800_mask.png,Este tipo de estratégia é efeito tanto da modelagem das rodadas de
108,4,216,8,62,407,278,415,62,407,278,407,278,415,62,415,sub_line_text,text,text_2,arial,regular,7,26styles_2cols_20211228_165730_7194524215_600_800.png,/scratch/parceirosbr/bigoilict/share/BigOil/document_generator/datasets/documents_2021_12_28/26styles_2cols_20211228_165730_7194524215_600_800.png,26styles_2cols_20211228_165730_7194524215_600_800_mask.png,licitação da que atribui pesos idênticos ao e ao de no momento do
105,4,211,8,65,419,276,427,65,419,276,419,276,427,65,427,sub_line_text,text,text_2,arial,regular,7,26styles_2cols_20211228_165730_7194524215_600_800.png,/scratch/parceirosbr/bigoilict/share/BigOil/document_generator/datasets/documents_2021_12_28/26styles_2cols_20211228_165730_7194524215_600_800.png,26styles_2cols_20211228_165730_7194524215_600_800_mask.png,julgamento das ofertas (ambos representam 40% da nota final da
102,4,204,8,68,431,272,439,68,431,272,431,272,439,68,439,sub_line_text,text,text_2,arial,regular,7,26styles_2cols_20211228_165730_7194524215_600_800.png,/scratch/parceirosbr/bigoilict/share/BigOil/document_generator/datasets/documents_2021_12_28/26styles_2cols_20211228_165730_7194524215_600_800.png,26styles_2cols_20211228_165730_7194524215_600_800_mask.png,oferta) quanto ao peso de cada real adicional ofertado em cada
102,4,204,8,68,443,272,451,68,443,272,443,272,451,68,451,sub_line_text,text,text_2,arial,regular,7,26styles_2cols_20211228_165730_7194524215_600_800.png,/scratch/parceirosbr/bigoilict/share/BigOil/document_generator/datasets/documents_2021_12_28/26styles_2cols_20211228_165730_7194524215_600_800.png,26styles_2cols_20211228_165730_7194524215_600_800_mask.png,uma das variáveis.  Assessing corrective action technologies:
100,4,200,8,70,455,270,463,70,455,270,455,270,463,70,463,sub_line_text,text,text_2,arial,regular,7,26styles_2cols_20211228_165730_7194524215_600_800.png,/scratch/parceirosbr/bigoilict/share/BigOil/document_generator/datasets/documents_2021_12_28/26styles_2cols_20211228_165730_7194524215_600_800.png,26styles_2cols_20211228_165730_7194524215_600_800_mask.png,early screenig of clean-up technologies for the saturated zone
101,4,202,8,69,467,271,475,69,467,271,467,271,475,69,475,sub_line_text,text,text_2,arial,regular,7,26styles_2cols_20211228_165730_7194524215_600_800.png,/scratch/parceirosbr/bigoilict/share/BigOil/document_generator/datasets/documents_2021_12_28/26styles_2cols_20211228_165730_7194524215_600_800.png,26styles_2cols_20211228_165730_7194524215_600_800_mask.png,"p.124, 1990. The rules governing the operation of the transport."
109,40,219,80,61,395,280,475,61,395,280,395,280,475,61,475,text,text,text_2,arial,regular,7,26styles_2cols_20211228_165730_7194524215_600_800.png,/scratch/parceirosbr/bigoilict/share/BigOil/document_generator/datasets/documents_2021_12_28/26styles_2cols_20211228_165730_7194524215_600_800.png,26styles_2cols_20211228_165730_7194524215_600_800_mask.png,nan
107,4,214,8,64,486,278,494,64,486,278,486,278,494,64,494,sub_line_text,text,text_3,arial,regular,7,26styles_2cols_20211228_165730_7194524215_600_800.png,/scratch/parceirosbr/bigoilict/share/BigOil/document_generator/datasets/documents_2021_12_28/26styles_2cols_20211228_165730_7194524215_600_800.png,26styles_2cols_20211228_165730_7194524215_600_800_mask.png,"A válvula de produção é sistematicamente aberta, mas a pressão"
98,4,196,8,73,498,269,506,73,498,269,498,269,506,73,506,sub_line_text,text,text_3,arial,regular,7,26styles_2cols_20211228_165730_7194524215_600_800.png,/scratch/parceirosbr/bigoilict/share/BigOil/document_generator/datasets/documents_2021_12_28/26styles_2cols_20211228_165730_7194524215_600_800.png,26styles_2cols_20211228_165730_7194524215_600_800_mask.png,de produção foi suficiente apenas para que o óleo produzido
94,4,188,8,77,510,265,518,77,510,265,510,265,518,77,518,sub_line_text,text,text_3,arial,regular,7,26styles_2cols_20211228_165730_7194524215_600_800.png,/scratch/parceirosbr/bigoilict/share/BigOil/document_generator/datasets/documents_2021_12_28/26styles_2cols_20211228_165730_7194524215_600_800.png,26styles_2cols_20211228_165730_7194524215_600_800_mask.png,"ficasse retido no primeiro separador, atingindo um fator de"
109,4,218,8,62,522,280,530,62,522,280,522,280,530,62,530,sub_line_text,text,text_3,arial,regular,7,26styles_2cols_20211228_165730_7194524215_600_800.png,/scratch/parceirosbr/bigoilict/share/BigOil/document_generator/datasets/documents_2021_12_28/26styles_2cols_20211228_165730_7194524215_600_800.png,26styles_2cols_20211228_165730_7194524215_600_800_mask.png,"recuperação de 40,2%.  This redesign is due to the changing role of"
109,4,218,8,62,534,280,542,62,534,280,534,280,542,62,542,sub_line_text,text,text_3,arial,regular,7,26styles_2cols_20211228_165730_7194524215_600_800.png,/scratch/parceirosbr/bigoilict/share/BigOil/document_generator/datasets/documents_2021_12_28/26styles_2cols_20211228_165730_7194524215_600_800.png,26styles_2cols_20211228_165730_7194524215_600_800_mask.png,the main players in the energy scenario. This attenuation is caused
95,4,190,8,76,546,266,554,76,546,266,546,266,554,76,554,sub_line_text,text,text_3,arial,regular,7,26styles_2cols_20211228_165730_7194524215_600_800.png,/scratch/parceirosbr/bigoilict/share/BigOil/document_generator/datasets/documents_2021_12_28/26styles_2cols_20211228_165730_7194524215_600_800.png,26styles_2cols_20211228_165730_7194524215_600_800_mask.png,by absorption and mainly by the spreading of irradiation by
104,4,208,8,67,558,275,566,67,558,275,558,275,566,67,566,sub_line_text,text,text_3,arial,regular,7,26styles_2cols_20211228_165730_7194524215_600_800.png,/scratch/parceirosbr/bigoilict/share/BigOil/document_generator/datasets/documents_2021_12_28/26styles_2cols_20211228_165730_7194524215_600_800.png,26styles_2cols_20211228_165730_7194524215_600_800_mask.png,particles with sizes larger than the emitted wavelength.  Much of
109,4,218,8,62,570,280,578,62,570,280,570,280,578,62,578,sub_line_text,text,text_3,arial,regular,7,26styles_2cols_20211228_165730_7194524215_600_800.png,/scratch/parceirosbr/bigoilict/share/BigOil/document_generator/datasets/documents_2021_12_28/26styles_2cols_20211228_165730_7194524215_600_800.png,26styles_2cols_20211228_165730_7194524215_600_800_mask.png,the Brazilian oil industry is located in the region of the country. Two
96,4,192,8,75,582,267,590,75,582,267,582,267,590,75,590,sub_line_text,text,text_3,arial,regular,7,26styles_2cols_20211228_165730_7194524215_600_800.png,/scratch/parceirosbr/bigoilict/share/BigOil/document_generator/datasets/documents_2021_12_28/26styles_2cols_20211228_165730_7194524215_600_800.png,26styles_2cols_20211228_165730_7194524215_600_800_mask.png,"pseudo-components were considered, with compositions in"
96,4,192,8,75,594,267,602,75,594,267,594,267,602,75,602,sub_line_text,text,text_3,arial,regular,7,26styles_2cols_20211228_165730_7194524215_600_800.png,/scratch/parceirosbr/bigoilict/share/BigOil/document_generator/datasets/documents_2021_12_28/26styles_2cols_20211228_165730_7194524215_600_800.png,26styles_2cols_20211228_165730_7194524215_600_800_mask.png,"different mass proportions, and under different conditions of"
50,4,100,8,121,606,221,614,121,606,221,606,221,614,121,614,sub_line_text,text,text_3,arial,regular,7,26styles_2cols_20211228_165730_7194524215_600_800.png,/scratch/parceirosbr/bigoilict/share/BigOil/document_generator/datasets/documents_2021_12_28/26styles_2cols_20211228_165730_7194524215_600_800.png,26styles_2cols_20211228_165730_7194524215_600_800_mask.png,subatmospheric pressures.  A.
109,64,218,128,62,486,280,614,62,486,280,486,280,614,62,614,text,text,text_3,arial,regular,7,26styles_2cols_20211228_165730_7194524215_600_800.png,/scratch/parceirosbr/bigoilict/share/BigOil/document_generator/datasets/documents_2021_12_28/26styles_2cols_20211228_165730_7194524215_600_800.png,26styles_2cols_20211228_165730_7194524215_600_800_mask.png,nan
100,4,200,8,71,625,271,633,71,625,271,625,271,633,71,633,sub_line_text,text,text_4,arial,regular,7,26styles_2cols_20211228_165730_7194524215_600_800.png,/scratch/parceirosbr/bigoilict/share/BigOil/document_generator/datasets/documents_2021_12_28/26styles_2cols_20211228_165730_7194524215_600_800.png,26styles_2cols_20211228_165730_7194524215_600_800_mask.png,"You don't want that, you want to have it before the accident. In"
103,4,206,8,68,637,274,645,68,637,274,637,274,645,68,645,sub_line_text,text,text_4,arial,regular,7,26styles_2cols_20211228_165730_7194524215_600_800.png,/scratch/parceirosbr/bigoilict/share/BigOil/document_generator/datasets/documents_2021_12_28/26styles_2cols_20211228_165730_7194524215_600_800.png,26styles_2cols_20211228_165730_7194524215_600_800_mask.png,"stainless steels, resistance to corrosion is88 associated with the"
107,4,215,8,63,649,278,657,63,649,278,649,278,657,63,657,sub_line_text,text,text_4,arial,regular,7,26styles_2cols_20211228_165730_7194524215_600_800.png,/scratch/parceirosbr/bigoilict/share/BigOil/document_generator/datasets/documents_2021_12_28/26styles_2cols_20211228_165730_7194524215_600_800.png,26styles_2cols_20211228_165730_7194524215_600_800_mask.png,"formation96 of a protective film on the steel surface, except that this"
99,4,199,8,71,661,270,669,71,661,270,661,270,669,71,669,sub_line_text,text,text_4,arial,regular,7,26styles_2cols_20211228_165730_7194524215_600_800.png,/scratch/parceirosbr/bigoilict/share/BigOil/document_generator/datasets/documents_2021_12_28/26styles_2cols_20211228_165730_7194524215_600_800.png,26styles_2cols_20211228_165730_7194524215_600_800_mask.png,"protective26 film is in many cases destroyed locally, since the"
100,4,201,8,70,673,271,681,70,673,271,673,271,681,70,681,sub_line_text,text,text_4,arial,regular,7,26styles_2cols_20211228_165730_7194524215_600_800.png,/scratch/parceirosbr/bigoilict/share/BigOil/document_generator/datasets/documents_2021_12_28/26styles_2cols_20211228_165730_7194524215_600_800.png,26styles_2cols_20211228_165730_7194524215_600_800_mask.png,"passivating layer is not entirely uniform throughout its21 length,"
106,4,212,8,65,685,277,693,65,685,277,685,277,693,65,693,sub_line_text,text,text_4,arial,regular,7,26styles_2cols_20211228_165730_7194524215_600_800.png,/scratch/parceirosbr/bigoilict/share/BigOil/document_generator/datasets/documents_2021_12_28/26styles_2cols_20211228_165730_7194524215_600_800.png,26styles_2cols_20211228_165730_7194524215_600_800_mask.png,"containing microscopic defects82 in surface spots, which normally"
109,4,218,8,62,697,280,705,62,697,280,697,280,705,62,705,sub_line_text,text,text_4,arial,regular,7,26styles_2cols_20211228_165730_7194524215_600_800.png,/scratch/parceirosbr/bigoilict/share/BigOil/document_generator/datasets/documents_2021_12_28/26styles_2cols_20211228_165730_7194524215_600_800.png,26styles_2cols_20211228_165730_7194524215_600_800_mask.png,do not affect its corrosion resistance.7  Performance characteristics.
109,40,218,80,62,625,280,705,62,625,280,625,280,705,62,705,text,text,text_4,arial,regular,7,26styles_2cols_20211228_165730_7194524215_600_800.png,/scratch/parceirosbr/bigoilict/share/BigOil/document_generator/datasets/documents_2021_12_28/26styles_2cols_20211228_165730_7194524215_600_800.png,26styles_2cols_20211228_165730_7194524215_600_800_mask.png,nan
101,4,202,8,78,716,280,724,78,716,280,716,280,724,78,724,sub_line_text,text,text_5,arial,regular,7,26styles_2cols_20211228_165730_7194524215_600_800.png,/scratch/parceirosbr/bigoilict/share/BigOil/document_generator/datasets/documents_2021_12_28/26styles_2cols_20211228_165730_7194524215_600_800.png,26styles_2cols_20211228_165730_7194524215_600_800_mask.png,A modelagem da configuração consiste em três parafusos na.
101,4,202,8,78,716,280,724,78,716,280,716,280,724,78,724,text,text,text_5,arial,regular,7,26styles_2cols_20211228_165730_7194524215_600_800.png,/scratch/parceirosbr/bigoilict/share/BigOil/document_generator/datasets/documents_2021_12_28/26styles_2cols_20211228_165730_7194524215_600_800.png,26styles_2cols_20211228_165730_7194524215_600_800_mask.png,nan
92,4,184,8,336,165,520,173,336,165,520,165,520,173,336,173,sub_line_text,text,text_6,arial,regular,7,26styles_2cols_20211228_165730_7194524215_600_800.png,/scratch/parceirosbr/bigoilict/share/BigOil/document_generator/datasets/documents_2021_12_28/26styles_2cols_20211228_165730_7194524215_600_800.png,26styles_2cols_20211228_165730_7194524215_600_800_mask.png,"Between September 2003 and December 2005, analyzes"
109,4,219,8,319,177,538,185,319,177,538,177,538,185,319,185,sub_line_text,text,text_6,arial,regular,7,26styles_2cols_20211228_165730_7194524215_600_800.png,/scratch/parceirosbr/bigoilict/share/BigOil/document_generator/datasets/documents_2021_12_28/26styles_2cols_20211228_165730_7194524215_600_800.png,26styles_2cols_20211228_165730_7194524215_600_800_mask.png,"concerning the.76 However, it is still possible to observe that there is"
106,4,213,8,322,189,535,197,322,189,535,189,535,197,322,197,sub_line_text,text,text_6,arial,regular,7,26styles_2cols_20211228_165730_7194524215_600_800.png,/scratch/parceirosbr/bigoilict/share/BigOil/document_generator/datasets/documents_2021_12_28/26styles_2cols_20211228_165730_7194524215_600_800.png,26styles_2cols_20211228_165730_7194524215_600_800_mask.png,"a more intense mixture of31 water in the summer period, whereas in"
105,4,210,8,323,201,533,209,323,201,533,201,533,209,323,209,sub_line_text,text,text_6,arial,regular,7,26styles_2cols_20211228_165730_7194524215_600_800.png,/scratch/parceirosbr/bigoilict/share/BigOil/document_generator/datasets/documents_2021_12_28/26styles_2cols_20211228_165730_7194524215_600_800.png,26styles_2cols_20211228_165730_7194524215_600_800_mask.png,"winter this mixture occurs63 with less intensity.  De acordo com, o"
107,4,215,8,321,213,536,221,321,213,536,213,536,221,321,221,sub_line_text,text,text_6,arial,regular,7,26styles_2cols_20211228_165730_7194524215_600_800.png,/scratch/parceirosbr/bigoilict/share/BigOil/document_generator/datasets/documents_2021_12_28/26styles_2cols_20211228_165730_7194524215_600_800.png,26styles_2cols_20211228_165730_7194524215_600_800_mask.png,permite que a função do comportamento da excitação da77 onda se
106,4,213,8,322,225,535,233,322,225,535,225,535,233,322,233,sub_line_text,text,text_6,arial,regular,7,26styles_2cols_20211228_165730_7194524215_600_800.png,/scratch/parceirosbr/bigoilict/share/BigOil/document_generator/datasets/documents_2021_12_28/26styles_2cols_20211228_165730_7194524215_600_800.png,26styles_2cols_20211228_165730_7194524215_600_800_mask.png,transforme em uma função que descreve a resposta22 dinâmica da
107,4,214,8,321,237,535,245,321,237,535,237,535,245,321,245,sub_line_text,text,text_6,arial,regular,7,26styles_2cols_20211228_165730_7194524215_600_800.png,/scratch/parceirosbr/bigoilict/share/BigOil/document_generator/datasets/documents_2021_12_28/26styles_2cols_20211228_165730_7194524215_600_800.png,26styles_2cols_20211228_165730_7194524215_600_800_mask.png,estrutura para uma onda de amplitude unitária.23  Os mesmos sete.
109,40,219,80,319,165,538,245,319,165,538,165,538,245,319,245,text,text,text_6,arial,regular,7,26styles_2cols_20211228_165730_7194524215_600_800.png,/scratch/parceirosbr/bigoilict/share/BigOil/document_generator/datasets/documents_2021_12_28/26styles_2cols_20211228_165730_7194524215_600_800.png,26styles_2cols_20211228_165730_7194524215_600_800_mask.png,nan
96,4,193,8,333,256,526,264,333,256,526,256,526,264,333,264,sub_line_text,text,text_7,arial,regular,7,26styles_2cols_20211228_165730_7194524215_600_800.png,/scratch/parceirosbr/bigoilict/share/BigOil/document_generator/datasets/documents_2021_12_28/26styles_2cols_20211228_165730_7194524215_600_800.png,26styles_2cols_20211228_165730_7194524215_600_800_mask.png,"In 2014, it occupied the 15th position in the world ranking of"
103,4,206,8,326,268,532,276,326,268,532,268,532,276,326,276,sub_line_text,text,text_7,arial,regular,7,26styles_2cols_20211228_165730_7194524215_600_800.png,/scratch/parceirosbr/bigoilict/share/BigOil/document_generator/datasets/documents_2021_12_28/26styles_2cols_20211228_165730_7194524215_600_800.png,26styles_2cols_20211228_165730_7194524215_600_800_mask.png,"countries with the largest proven reserves of oil. In 1913, it was"
101,4,202,8,328,280,530,288,328,280,530,280,530,288,328,288,sub_line_text,text,text_7,arial,regular,7,26styles_2cols_20211228_165730_7194524215_600_800.png,/scratch/parceirosbr/bigoilict/share/BigOil/document_generator/datasets/documents_2021_12_28/26styles_2cols_20211228_165730_7194524215_600_800.png,26styles_2cols_20211228_165730_7194524215_600_800_mask.png,discovered that methanol could be carbonylated to acetic acid
108,4,217,8,321,292,538,300,321,292,538,292,538,300,321,300,sub_line_text,text,text_7,arial,regular,7,26styles_2cols_20211228_165730_7194524215_600_800.png,/scratch/parceirosbr/bigoilict/share/BigOil/document_generator/datasets/documents_2021_12_28/26styles_2cols_20211228_165730_7194524215_600_800.png,26styles_2cols_20211228_165730_7194524215_600_800_mask.png,"(Equation.  In this way, a possible solution to the problem would be"
105,4,211,8,324,304,535,312,324,304,535,304,535,312,324,312,sub_line_text,text,text_7,arial,regular,7,26styles_2cols_20211228_165730_7194524215_600_800.png,/scratch/parceirosbr/bigoilict/share/BigOil/document_generator/datasets/documents_2021_12_28/26styles_2cols_20211228_165730_7194524215_600_800.png,26styles_2cols_20211228_165730_7194524215_600_800_mask.png,to use a program that provides information and solve not only the
107,4,215,8,322,316,537,324,322,316,537,316,537,324,322,324,sub_line_text,text,text_7,arial,regular,7,26styles_2cols_20211228_165730_7194524215_600_800.png,/scratch/parceirosbr/bigoilict/share/BigOil/document_generator/datasets/documents_2021_12_28/26styles_2cols_20211228_165730_7194524215_600_800.png,26styles_2cols_20211228_165730_7194524215_600_800_mask.png,"optimization steps. From the point of view of supply, it is important"
108,4,216,8,321,328,537,336,321,328,537,328,537,336,321,336,sub_line_text,text,text_7,arial,regular,7,26styles_2cols_20211228_165730_7194524215_600_800.png,/scratch/parceirosbr/bigoilict/share/BigOil/document_generator/datasets/documents_2021_12_28/26styles_2cols_20211228_165730_7194524215_600_800.png,26styles_2cols_20211228_165730_7194524215_600_800_mask.png,to note that all private producers in the Brazilian integrated system
92,4,184,8,337,340,521,348,337,340,521,340,521,348,337,348,sub_line_text,text,text_7,arial,regular,7,26styles_2cols_20211228_165730_7194524215_600_800.png,/scratch/parceirosbr/bigoilict/share/BigOil/document_generator/datasets/documents_2021_12_28/26styles_2cols_20211228_165730_7194524215_600_800.png,26styles_2cols_20211228_165730_7194524215_600_800_mask.png,"sell their gas to before the transport stage, which can be."
108,46,217,92,321,256,538,348,321,256,538,256,538,348,321,348,text,text,text_7,arial,regular,7,26styles_2cols_20211228_165730_7194524215_600_800.png,/scratch/parceirosbr/bigoilict/share/BigOil/document_generator/datasets/documents_2021_12_28/26styles_2cols_20211228_165730_7194524215_600_800.png,26styles_2cols_20211228_165730_7194524215_600_800_mask.png,nan
109,4,219,8,319,359,538,367,319,359,538,359,538,367,319,367,sub_line_text,text,text_8,arial,regular,7,26styles_2cols_20211228_165730_7194524215_600_800.png,/scratch/parceirosbr/bigoilict/share/BigOil/document_generator/datasets/documents_2021_12_28/26styles_2cols_20211228_165730_7194524215_600_800.png,26styles_2cols_20211228_165730_7194524215_600_800_mask.png,"Para introduzir a ideia inicial do objeto de estudo desta monografia,"
91,4,183,8,337,371,520,379,337,371,520,371,520,379,337,379,sub_line_text,text,text_8,arial,regular,7,26styles_2cols_20211228_165730_7194524215_600_800.png,/scratch/parceirosbr/bigoilict/share/BigOil/document_generator/datasets/documents_2021_12_28/26styles_2cols_20211228_165730_7194524215_600_800.png,26styles_2cols_20211228_165730_7194524215_600_800_mask.png,"expõem-se as considerações iniciais, onde é63 feita uma"
96,4,193,8,332,383,525,391,332,383,525,383,525,391,332,391,sub_line_text,text,text_8,arial,regular,7,26styles_2cols_20211228_165730_7194524215_600_800.png,/scratch/parceirosbr/bigoilict/share/BigOil/document_generator/datasets/documents_2021_12_28/26styles_2cols_20211228_165730_7194524215_600_800.png,26styles_2cols_20211228_165730_7194524215_600_800_mask.png,"explanação sobre corrida de47 detritos, apontando planos de"
105,4,210,8,323,395,533,403,323,395,533,395,533,403,323,403,sub_line_text,text,text_8,arial,regular,7,26styles_2cols_20211228_165730_7194524215_600_800.png,/scratch/parceirosbr/bigoilict/share/BigOil/document_generator/datasets/documents_2021_12_28/26styles_2cols_20211228_165730_7194524215_600_800.png,26styles_2cols_20211228_165730_7194524215_600_800_mask.png,prevenção27 existentes.  Also noteworthy is the rapid evolution of
91,4,182,8,337,407,519,415,337,407,519,407,519,415,337,415,sub_line_text,text,text_8,arial,regular,7,26styles_2cols_20211228_165730_7194524215_600_800.png,/scratch/parceirosbr/bigoilict/share/BigOil/document_generator/datasets/documents_2021_12_28/26styles_2cols_20211228_165730_7194524215_600_800.png,26styles_2cols_20211228_165730_7194524215_600_800_mask.png,"the industrial capacity for producing biodiesel. Thus, the"
107,4,214,8,321,419,535,427,321,419,535,419,535,427,321,427,sub_line_text,text,text_8,arial,regular,7,26styles_2cols_20211228_165730_7194524215_600_800.png,/scratch/parceirosbr/bigoilict/share/BigOil/document_generator/datasets/documents_2021_12_28/26styles_2cols_20211228_165730_7194524215_600_800.png,26styles_2cols_20211228_165730_7194524215_600_800_mask.png,corresponding45 change in the regulatory framework then created in
104,4,208,8,324,431,532,439,324,431,532,431,532,439,324,439,sub_line_text,text,text_8,arial,regular,7,26styles_2cols_20211228_165730_7194524215_600_800.png,/scratch/parceirosbr/bigoilict/share/BigOil/document_generator/datasets/documents_2021_12_28/26styles_2cols_20211228_165730_7194524215_600_800.png,26styles_2cols_20211228_165730_7194524215_600_800_mask.png,"1997, can be considered91 the first move towards granting a more"
96,4,192,8,332,443,524,451,332,443,524,443,524,451,332,451,sub_line_text,text,text_8,arial,regular,7,26styles_2cols_20211228_165730_7194524215_600_800.png,/scratch/parceirosbr/bigoilict/share/BigOil/document_generator/datasets/documents_2021_12_28/26styles_2cols_20211228_165730_7194524215_600_800.png,26styles_2cols_20211228_165730_7194524215_600_800_mask.png,significant role in defining37 guidelines to be followed by the
105,4,210,8,323,455,533,463,323,455,533,455,533,463,323,463,sub_line_text,text,text_8,arial,regular,7,26styles_2cols_20211228_165730_7194524215_600_800.png,/scratch/parceirosbr/bigoilict/share/BigOil/document_generator/datasets/documents_2021_12_28/26styles_2cols_20211228_165730_7194524215_600_800.png,26styles_2cols_20211228_165730_7194524215_600_800_mask.png,regulatory body.49  This work is both mine and yours. for financial.
109,52,219,104,319,359,538,463,319,359,538,359,538,463,319,463,text,text,text_8,arial,regular,7,26styles_2cols_20211228_165730_7194524215_600_800.png,/scratch/parceirosbr/bigoilict/share/BigOil/document_generator/datasets/documents_2021_12_28/26styles_2cols_20211228_165730_7194524215_600_800.png,26styles_2cols_20211228_165730_7194524215_600_800_mask.png,nan
103,4,206,8,326,474,532,482,326,474,532,474,532,482,326,482,sub_line_text,text,text_9,arial,regular,7,26styles_2cols_20211228_165730_7194524215_600_800.png,/scratch/parceirosbr/bigoilict/share/BigOil/document_generator/datasets/documents_2021_12_28/26styles_2cols_20211228_165730_7194524215_600_800.png,26styles_2cols_20211228_165730_7194524215_600_800_mask.png,The magazine chosen for the potential publication of this article
108,4,217,8,321,486,538,494,321,486,538,486,538,494,321,494,sub_line_text,text,text_9,arial,regular,7,26styles_2cols_20211228_165730_7194524215_600_800.png,/scratch/parceirosbr/bigoilict/share/BigOil/document_generator/datasets/documents_2021_12_28/26styles_2cols_20211228_165730_7194524215_600_800.png,26styles_2cols_20211228_165730_7194524215_600_800_mask.png,"was63 Bioresource 11 2 .. A zona vermelha mostra, novamente, que"
98,4,196,8,331,498,527,506,331,498,527,498,527,506,331,506,sub_line_text,text,text_9,arial,regular,7,26styles_2cols_20211228_165730_7194524215_600_800.png,/scratch/parceirosbr/bigoilict/share/BigOil/document_generator/datasets/documents_2021_12_28/26styles_2cols_20211228_165730_7194524215_600_800.png,26styles_2cols_20211228_165730_7194524215_600_800_mask.png,"em nem toda houve fusão, já41 que está possui uma faixa de"
97,4,195,8,332,510,527,518,332,510,527,510,527,518,332,518,sub_line_text,text,text_9,arial,regular,7,26styles_2cols_20211228_165730_7194524215_600_800.png,/scratch/parceirosbr/bigoilict/share/BigOil/document_generator/datasets/documents_2021_12_28/26styles_2cols_20211228_165730_7194524215_600_800.png,26styles_2cols_20211228_165730_7194524215_600_800_mask.png,"temperatura entre 1101 a 1815C.  Segundo59 et al, a pode ser"
99,4,199,8,330,522,529,530,330,522,529,522,529,530,330,530,sub_line_text,text,text_9,arial,regular,7,26styles_2cols_20211228_165730_7194524215_600_800.png,/scratch/parceirosbr/bigoilict/share/BigOil/document_generator/datasets/documents_2021_12_28/26styles_2cols_20211228_165730_7194524215_600_800.png,26styles_2cols_20211228_165730_7194524215_600_800_mask.png,"classificada como um estuário dominado8 por marés, sendo a"
102,4,205,8,327,534,532,542,327,534,532,534,532,542,327,542,sub_line_text,text,text_9,arial,regular,7,26styles_2cols_20211228_165730_7194524215_600_800.png,/scratch/parceirosbr/bigoilict/share/BigOil/document_generator/datasets/documents_2021_12_28/26styles_2cols_20211228_165730_7194524215_600_800.png,26styles_2cols_20211228_165730_7194524215_600_800_mask.png,direções das correntes de81 maré o resultado da combinação da
103,4,207,8,326,546,533,554,326,546,533,546,533,554,326,554,sub_line_text,text,text_9,arial,regular,7,26styles_2cols_20211228_165730_7194524215_600_800.png,/scratch/parceirosbr/bigoilict/share/BigOil/document_generator/datasets/documents_2021_12_28/26styles_2cols_20211228_165730_7194524215_600_800.png,26styles_2cols_20211228_165730_7194524215_600_800_mask.png,própria41 força geradora da maré relacionada com a topografia de
84,4,168,8,345,558,513,566,345,558,513,558,513,566,345,566,sub_line_text,text,text_9,arial,regular,7,26styles_2cols_20211228_165730_7194524215_600_800.png,/scratch/parceirosbr/bigoilict/share/BigOil/document_generator/datasets/documents_2021_12_28/26styles_2cols_20211228_165730_7194524215_600_800.png,26styles_2cols_20211228_165730_7194524215_600_800_mask.png,fundo e a linha de costa.44  Note that sales of diesel.
108,46,217,92,321,474,538,566,321,474,538,474,538,566,321,566,text,text,text_9,arial,regular,7,26styles_2cols_20211228_165730_7194524215_600_800.png,/scratch/parceirosbr/bigoilict/share/BigOil/document_generator/datasets/documents_2021_12_28/26styles_2cols_20211228_165730_7194524215_600_800.png,26styles_2cols_20211228_165730_7194524215_600_800_mask.png,nan
97,4,195,8,330,577,525,585,330,577,525,577,525,585,330,585,sub_line_text,text,text_10,arial,regular,7,26styles_2cols_20211228_165730_7194524215_600_800.png,/scratch/parceirosbr/bigoilict/share/BigOil/document_generator/datasets/documents_2021_12_28/26styles_2cols_20211228_165730_7194524215_600_800.png,26styles_2cols_20211228_165730_7194524215_600_800_mask.png,O versus a média da voltagem indicada 2 pelo transdutor de
104,4,209,8,323,589,532,597,323,589,532,589,532,597,323,597,sub_line_text,text,text_10,arial,regular,7,26styles_2cols_20211228_165730_7194524215_600_800.png,/scratch/parceirosbr/bigoilict/share/BigOil/document_generator/datasets/documents_2021_12_28/26styles_2cols_20211228_165730_7194524215_600_800.png,26styles_2cols_20211228_165730_7194524215_600_800_mask.png,pressão diferencial. 29. Observou-se nos dados da 6.15 que não
107,4,214,8,321,601,535,609,321,601,535,601,535,609,321,609,sub_line_text,text,text_10,arial,regular,7,26styles_2cols_20211228_165730_7194524215_600_800.png,/scratch/parceirosbr/bigoilict/share/BigOil/document_generator/datasets/documents_2021_12_28/26styles_2cols_20211228_165730_7194524215_600_800.png,26styles_2cols_20211228_165730_7194524215_600_800_mask.png,existiu nenhum padrão dominante nos resultados das simulações
104,4,208,8,324,613,532,621,324,613,532,613,532,621,324,621,sub_line_text,text,text_10,arial,regular,7,26styles_2cols_20211228_165730_7194524215_600_800.png,/scratch/parceirosbr/bigoilict/share/BigOil/document_generator/datasets/documents_2021_12_28/26styles_2cols_20211228_165730_7194524215_600_800.png,26styles_2cols_20211228_165730_7194524215_600_800_mask.png,de derramamento de óleo leve com a presença ou ausência dos
105,4,210,8,323,625,533,633,323,625,533,625,533,633,323,633,sub_line_text,text,text_10,arial,regular,7,26styles_2cols_20211228_165730_7194524215_600_800.png,/scratch/parceirosbr/bigoilict/share/BigOil/document_generator/datasets/documents_2021_12_28/26styles_2cols_20211228_165730_7194524215_600_800.png,26styles_2cols_20211228_165730_7194524215_600_800_mask.png,efeitos supra-inerciais na hidrodinâmica da região de estudos no
106,4,212,8,322,637,534,645,322,637,534,637,534,645,322,645,sub_line_text,text,text_10,arial,regular,7,26styles_2cols_20211228_165730_7194524215_600_800.png,/scratch/parceirosbr/bigoilict/share/BigOil/document_generator/datasets/documents_2021_12_28/26styles_2cols_20211228_165730_7194524215_600_800.png,26styles_2cols_20211228_165730_7194524215_600_800_mask.png,"período de inverno.  em 53 empresas, somando 7.310 mil m/ ano,"
109,4,218,8,319,649,537,657,319,649,537,649,537,657,319,657,sub_line_text,text,text_10,arial,regular,7,26styles_2cols_20211228_165730_7194524215_600_800.png,/scratch/parceirosbr/bigoilict/share/BigOil/document_generator/datasets/documents_2021_12_28/26styles_2cols_20211228_165730_7194524215_600_800.png,26styles_2cols_20211228_165730_7194524215_600_800_mask.png,"dos quais 91,3% se referem a empresas detentoras do. Zhou, 2015."
91,4,182,8,337,661,519,669,337,661,519,661,519,669,337,669,sub_line_text,text,text_10,arial,regular,7,26styles_2cols_20211228_165730_7194524215_600_800.png,/scratch/parceirosbr/bigoilict/share/BigOil/document_generator/datasets/documents_2021_12_28/26styles_2cols_20211228_165730_7194524215_600_800.png,26styles_2cols_20211228_165730_7194524215_600_800_mask.png,of electron donors on the performance of haloalkaliphilic
103,4,206,8,325,673,531,681,325,673,531,673,531,681,325,681,sub_line_text,text,text_10,arial,regular,7,26styles_2cols_20211228_165730_7194524215_600_800.png,/scratch/parceirosbr/bigoilict/share/BigOil/document_generator/datasets/documents_2021_12_28/26styles_2cols_20211228_165730_7194524215_600_800.png,26styles_2cols_20211228_165730_7194524215_600_800_mask.png,sulfate-reducing bioreactors for flue gas treatment and microbial
110,4,220,8,318,685,538,693,318,685,538,685,538,693,318,693,sub_line_text,text,text_10,arial,regular,7,26styles_2cols_20211228_165730_7194524215_600_800.png,/scratch/parceirosbr/bigoilict/share/BigOil/document_generator/datasets/documents_2021_12_28/26styles_2cols_20211228_165730_7194524215_600_800.png,26styles_2cols_20211228_165730_7194524215_600_800_mask.png,degradation patterns related to sulfate reduction of different electron.
110,58,220,116,318,577,538,693,318,577,538,577,538,693,318,693,text,text,text_10,arial,regular,7,26styles_2cols_20211228_165730_7194524215_600_800.png,/scratch/parceirosbr/bigoilict/share/BigOil/document_generator/datasets/documents_2021_12_28/26styles_2cols_20211228_165730_7194524215_600_800.png,26styles_2cols_20211228_165730_7194524215_600_800_mask.png,nan
109,4,218,8,320,704,538,712,320,704,538,704,538,712,320,712,sub_line_text,text,text_11,arial,regular,7,26styles_2cols_20211228_165730_7194524215_600_800.png,/scratch/parceirosbr/bigoilict/share/BigOil/document_generator/datasets/documents_2021_12_28/26styles_2cols_20211228_165730_7194524215_600_800.png,26styles_2cols_20211228_165730_7194524215_600_800_mask.png,"A linguagem é dinâmica, fracamente tipada, multi-paradigma e que"
97,4,195,8,331,716,526,724,331,716,526,716,526,724,331,724,sub_line_text,text,text_11,arial,regular,7,26styles_2cols_20211228_165730_7194524215_600_800.png,/scratch/parceirosbr/bigoilict/share/BigOil/document_generator/datasets/documents_2021_12_28/26styles_2cols_20211228_165730_7194524215_600_800.png,26styles_2cols_20211228_165730_7194524215_600_800_mask.png,"suporta metodologias de programação44 orientado a objetos,."
109,10,218,20,320,704,538,724,320,704,538,704,538,724,320,724,text,text,text_11,arial,regular,7,26styles_2cols_20211228_165730_7194524215_600_800.png,/scratch/parceirosbr/bigoilict/share/BigOil/document_generator/datasets/documents_2021_12_28/26styles_2cols_20211228_165730_7194524215_600_800.png,26styles_2cols_20211228_165730_7194524215_600_800_mask.png,nan
