center_x,center_y,width,height,xmin,ymin,xmax,ymax,top_left_x,top_left_y,top_right_x,top_right_y,bottom_right_x,bottom_right_y,bottom_left_x,bottom_left_y,label,grouplabel,group,text_font,text_style,size_font,filename,path,filename_mask,content
300,400,600,800,0,0,600,800,0,0,600,0,600,800,0,800,document,,,,,,27styles_3cols_20211228_165740_4499736769_600_800.png,/scratch/parceirosbr/bigoilict/share/BigOil/document_generator/datasets/documents_2021_12_28/27styles_3cols_20211228_165740_4499736769_600_800.png,27styles_3cols_20211228_165740_4499736769_600_800_mask.png,
244,43,489,87,65,80,554,167,65,80,554,80,554,167,65,167,table,header,table_0,times,regular,8.0,27styles_3cols_20211228_165740_4499736769_600_800.png,/scratch/parceirosbr/bigoilict/share/BigOil/document_generator/datasets/documents_2021_12_28/27styles_3cols_20211228_165740_4499736769_600_800.png,27styles_3cols_20211228_165740_4499736769_600_800_mask.png,nan
18,32,37,65,72,90,109,155,72,90,109,90,109,155,72,155,text,table_text,table_0,times,regular,8.0,27styles_3cols_20211228_165740_4499736769_600_800.png,/scratch/parceirosbr/bigoilict/share/BigOil/document_generator/datasets/documents_2021_12_28/27styles_3cols_20211228_165740_4499736769_600_800.png,27styles_3cols_20211228_165740_4499736769_600_800_mask.png,/scratch/parceirosbr/bigoilict/share/BigOil/document_generator/files_images_document_generator/logos\image_48.jpg
18,32,37,65,72,90,109,155,72,90,109,90,109,155,72,155,sub_line_text,table_text,table_0,times,regular,8.0,27styles_3cols_20211228_165740_4499736769_600_800.png,/scratch/parceirosbr/bigoilict/share/BigOil/document_generator/datasets/documents_2021_12_28/27styles_3cols_20211228_165740_4499736769_600_800.png,27styles_3cols_20211228_165740_4499736769_600_800_mask.png,/scratch/parceirosbr/bigoilict/share/BigOil/document_generator/files_images_document_generator/logos\image_48.jpg
17,5,35,11,191,82,226,93,191,82,226,82,226,93,191,93,text,table_text,table_0,times,regular,10.0,27styles_3cols_20211228_165740_4499736769_600_800.png,/scratch/parceirosbr/bigoilict/share/BigOil/document_generator/datasets/documents_2021_12_28/27styles_3cols_20211228_165740_4499736769_600_800.png,27styles_3cols_20211228_165740_4499736769_600_800_mask.png,amostras
17,5,35,11,191,82,226,93,191,82,226,82,226,93,191,93,sub_line_text,table_text,table_0,times,regular,10.0,27styles_3cols_20211228_165740_4499736769_600_800.png,/scratch/parceirosbr/bigoilict/share/BigOil/document_generator/datasets/documents_2021_12_28/27styles_3cols_20211228_165740_4499736769_600_800.png,27styles_3cols_20211228_165740_4499736769_600_800_mask.png,amostras
9,5,18,10,273,102,291,112,273,102,291,102,291,112,273,112,text,table_text,table_0,times,regular,8.0,27styles_3cols_20211228_165740_4499736769_600_800.png,/scratch/parceirosbr/bigoilict/share/BigOil/document_generator/datasets/documents_2021_12_28/27styles_3cols_20211228_165740_4499736769_600_800.png,27styles_3cols_20211228_165740_4499736769_600_800_mask.png,picos
9,5,18,10,273,102,291,112,273,102,291,102,291,112,273,112,sub_line_text,table_text,table_0,times,regular,8.0,27styles_3cols_20211228_165740_4499736769_600_800.png,/scratch/parceirosbr/bigoilict/share/BigOil/document_generator/datasets/documents_2021_12_28/27styles_3cols_20211228_165740_4499736769_600_800.png,27styles_3cols_20211228_165740_4499736769_600_800_mask.png,picos
4,2,8,5,118,122,126,127,118,122,126,122,126,127,118,127,text,table_text,table_0,times,regular,4.0,27styles_3cols_20211228_165740_4499736769_600_800.png,/scratch/parceirosbr/bigoilict/share/BigOil/document_generator/datasets/documents_2021_12_28/27styles_3cols_20211228_165740_4499736769_600_800.png,27styles_3cols_20211228_165740_4499736769_600_800_mask.png,sem
4,2,8,5,118,122,126,127,118,122,126,122,126,127,118,127,sub_line_text,table_text,table_0,times,regular,4.0,27styles_3cols_20211228_165740_4499736769_600_800.png,/scratch/parceirosbr/bigoilict/share/BigOil/document_generator/datasets/documents_2021_12_28/27styles_3cols_20211228_165740_4499736769_600_800.png,27styles_3cols_20211228_165740_4499736769_600_800_mask.png,sem
130,5,260,10,152,127,412,137,152,127,412,127,412,137,152,137,text,table_text,table_0,times,bold,8.0,27styles_3cols_20211228_165740_4499736769_600_800.png,/scratch/parceirosbr/bigoilict/share/BigOil/document_generator/datasets/documents_2021_12_28/27styles_3cols_20211228_165740_4499736769_600_800.png,27styles_3cols_20211228_165740_4499736769_600_800_mask.png,Com um sistema elétrico fundamentado em usinas hidrelétricas de grandes 
130,5,260,10,152,127,412,137,152,127,412,127,412,137,152,137,sub_line_text,table_text,table_0,times,bold,8.0,27styles_3cols_20211228_165740_4499736769_600_800.png,/scratch/parceirosbr/bigoilict/share/BigOil/document_generator/datasets/documents_2021_12_28/27styles_3cols_20211228_165740_4499736769_600_800.png,27styles_3cols_20211228_165740_4499736769_600_800_mask.png,Com um sistema elétrico fundamentado em usinas hidrelétricas de grandes 
13,5,26,10,269,138,295,148,269,138,295,138,295,148,269,148,text,table_text,table_0,times,bold,8.0,27styles_3cols_20211228_165740_4499736769_600_800.png,/scratch/parceirosbr/bigoilict/share/BigOil/document_generator/datasets/documents_2021_12_28/27styles_3cols_20211228_165740_4499736769_600_800.png,27styles_3cols_20211228_165740_4499736769_600_800_mask.png,direção
13,5,26,10,269,138,295,148,269,138,295,138,295,148,269,148,sub_line_text,table_text,table_0,times,bold,8.0,27styles_3cols_20211228_165740_4499736769_600_800.png,/scratch/parceirosbr/bigoilict/share/BigOil/document_generator/datasets/documents_2021_12_28/27styles_3cols_20211228_165740_4499736769_600_800.png,27styles_3cols_20211228_165740_4499736769_600_800_mask.png,direção
3,2,6,5,302,82,308,87,302,82,308,82,308,87,302,87,text,table_text,table_0,times,bold,4.0,27styles_3cols_20211228_165740_4499736769_600_800.png,/scratch/parceirosbr/bigoilict/share/BigOil/document_generator/datasets/documents_2021_12_28/27styles_3cols_20211228_165740_4499736769_600_800.png,27styles_3cols_20211228_165740_4499736769_600_800_mask.png,são
3,2,6,5,302,82,308,87,302,82,308,82,308,87,302,87,sub_line_text,table_text,table_0,times,bold,4.0,27styles_3cols_20211228_165740_4499736769_600_800.png,/scratch/parceirosbr/bigoilict/share/BigOil/document_generator/datasets/documents_2021_12_28/27styles_3cols_20211228_165740_4499736769_600_800.png,27styles_3cols_20211228_165740_4499736769_600_800_mask.png,são
25,5,51,10,374,87,425,97,374,87,425,87,425,97,374,97,text,table_text,table_0,times,regular,8.0,27styles_3cols_20211228_165740_4499736769_600_800.png,/scratch/parceirosbr/bigoilict/share/BigOil/document_generator/datasets/documents_2021_12_28/27styles_3cols_20211228_165740_4499736769_600_800.png,27styles_3cols_20211228_165740_4499736769_600_800_mask.png,comportamento
25,5,51,10,374,87,425,97,374,87,425,87,425,97,374,97,sub_line_text,table_text,table_0,times,regular,8.0,27styles_3cols_20211228_165740_4499736769_600_800.png,/scratch/parceirosbr/bigoilict/share/BigOil/document_generator/datasets/documents_2021_12_28/27styles_3cols_20211228_165740_4499736769_600_800.png,27styles_3cols_20211228_165740_4499736769_600_800_mask.png,comportamento
4,2,9,5,450,102,459,107,450,102,459,102,459,107,450,107,text,table_text,table_0,times,regular,4.0,27styles_3cols_20211228_165740_4499736769_600_800.png,/scratch/parceirosbr/bigoilict/share/BigOil/document_generator/datasets/documents_2021_12_28/27styles_3cols_20211228_165740_4499736769_600_800.png,27styles_3cols_20211228_165740_4499736769_600_800_mask.png,sobre
4,2,9,5,450,102,459,107,450,102,459,102,459,107,450,107,sub_line_text,table_text,table_0,times,regular,4.0,27styles_3cols_20211228_165740_4499736769_600_800.png,/scratch/parceirosbr/bigoilict/share/BigOil/document_generator/datasets/documents_2021_12_28/27styles_3cols_20211228_165740_4499736769_600_800.png,27styles_3cols_20211228_165740_4499736769_600_800_mask.png,sobre
17,5,34,10,483,107,517,117,483,107,517,107,517,117,483,117,text,table_text,table_0,times,regular,8.0,27styles_3cols_20211228_165740_4499736769_600_800.png,/scratch/parceirosbr/bigoilict/share/BigOil/document_generator/datasets/documents_2021_12_28/27styles_3cols_20211228_165740_4499736769_600_800.png,27styles_3cols_20211228_165740_4499736769_600_800_mask.png,integradas
17,5,34,10,483,107,517,117,483,107,517,107,517,117,483,117,sub_line_text,table_text,table_0,times,regular,8.0,27styles_3cols_20211228_165740_4499736769_600_800.png,/scratch/parceirosbr/bigoilict/share/BigOil/document_generator/datasets/documents_2021_12_28/27styles_3cols_20211228_165740_4499736769_600_800.png,27styles_3cols_20211228_165740_4499736769_600_800_mask.png,integradas
20,5,40,10,481,148,521,158,481,148,521,148,521,158,481,158,text,table_text,table_0,times,regular,8.0,27styles_3cols_20211228_165740_4499736769_600_800.png,/scratch/parceirosbr/bigoilict/share/BigOil/document_generator/datasets/documents_2021_12_28/27styles_3cols_20211228_165740_4499736769_600_800.png,27styles_3cols_20211228_165740_4499736769_600_800_mask.png,absorvância
20,5,40,10,481,148,521,158,481,148,521,148,521,158,481,158,sub_line_text,table_text,table_0,times,regular,8.0,27styles_3cols_20211228_165740_4499736769_600_800.png,/scratch/parceirosbr/bigoilict/share/BigOil/document_generator/datasets/documents_2021_12_28/27styles_3cols_20211228_165740_4499736769_600_800.png,27styles_3cols_20211228_165740_4499736769_600_800_mask.png,absorvância
7,2,15,5,501,82,516,87,501,82,516,82,516,87,501,87,text,table_text,table_0,times,regular,4.0,27styles_3cols_20211228_165740_4499736769_600_800.png,/scratch/parceirosbr/bigoilict/share/BigOil/document_generator/datasets/documents_2021_12_28/27styles_3cols_20211228_165740_4499736769_600_800.png,27styles_3cols_20211228_165740_4499736769_600_800_mask.png,amostras
7,2,15,5,501,82,516,87,501,82,516,82,516,87,501,87,sub_line_text,table_text,table_0,times,regular,4.0,27styles_3cols_20211228_165740_4499736769_600_800.png,/scratch/parceirosbr/bigoilict/share/BigOil/document_generator/datasets/documents_2021_12_28/27styles_3cols_20211228_165740_4499736769_600_800.png,27styles_3cols_20211228_165740_4499736769_600_800_mask.png,amostras
17,5,34,10,509,87,543,97,509,87,543,87,543,97,509,97,text,table_text,table_0,times,regular,8.0,27styles_3cols_20211228_165740_4499736769_600_800.png,/scratch/parceirosbr/bigoilict/share/BigOil/document_generator/datasets/documents_2021_12_28/27styles_3cols_20211228_165740_4499736769_600_800.png,27styles_3cols_20211228_165740_4499736769_600_800_mask.png,adiamento
17,5,34,10,509,87,543,97,509,87,543,87,543,97,509,97,sub_line_text,table_text,table_0,times,regular,8.0,27styles_3cols_20211228_165740_4499736769_600_800.png,/scratch/parceirosbr/bigoilict/share/BigOil/document_generator/datasets/documents_2021_12_28/27styles_3cols_20211228_165740_4499736769_600_800.png,27styles_3cols_20211228_165740_4499736769_600_800_mask.png,adiamento
72,5,144,10,68,183,212,193,68,183,212,183,212,193,68,193,sub_line_text,text,text_0,times,regular,8,27styles_3cols_20211228_165740_4499736769_600_800.png,/scratch/parceirosbr/bigoilict/share/BigOil/document_generator/datasets/documents_2021_12_28/27styles_3cols_20211228_165740_4499736769_600_800.png,27styles_3cols_20211228_165740_4499736769_600_800_mask.png,O   metanol   é  utilizado  como  matéria-pr-
71,5,143,10,68,195,211,205,68,195,211,195,211,205,68,205,sub_line_text,text,text_0,times,regular,8,27styles_3cols_20211228_165740_4499736769_600_800.png,/scratch/parceirosbr/bigoilict/share/BigOil/document_generator/datasets/documents_2021_12_28/27styles_3cols_20211228_165740_4499736769_600_800.png,27styles_3cols_20211228_165740_4499736769_600_800_mask.png,ima  da  indústria  q4  uímica  e  na produção
71,5,143,10,68,207,211,217,68,207,211,207,211,217,68,217,sub_line_text,text,text_0,times,regular,8,27styles_3cols_20211228_165740_4499736769_600_800.png,/scratch/parceirosbr/bigoilict/share/BigOil/document_generator/datasets/documents_2021_12_28/27styles_3cols_20211228_165740_4499736769_600_800.png,27styles_3cols_20211228_165740_4499736769_600_800_mask.png,de  biodiesel.  O  modelo  de  acum54 ulação
72,5,144,10,68,219,212,229,68,219,212,219,212,229,68,229,sub_line_text,text,text_0,times,regular,8,27styles_3cols_20211228_165740_4499736769_600_800.png,/scratch/parceirosbr/bigoilict/share/BigOil/document_generator/datasets/documents_2021_12_28/27styles_3cols_20211228_165740_4499736769_600_800.png,27styles_3cols_20211228_165740_4499736769_600_800_mask.png,destas   descobertas  é  carac21  terizado  por
72,5,144,10,68,231,212,241,68,231,212,231,212,241,68,241,sub_line_text,text,text_0,times,regular,8,27styles_3cols_20211228_165740_4499736769_600_800.png,/scratch/parceirosbr/bigoilict/share/BigOil/document_generator/datasets/documents_2021_12_28/27styles_3cols_20211228_165740_4499736769_600_800.png,27styles_3cols_20211228_165740_4499736769_600_800_mask.png,rochas   geradoras  marinhas15  do.    Finalm-
72,5,144,10,68,243,212,253,68,243,212,243,212,253,68,253,sub_line_text,text,text_0,times,regular,8,27styles_3cols_20211228_165740_4499736769_600_800.png,/scratch/parceirosbr/bigoilict/share/BigOil/document_generator/datasets/documents_2021_12_28/27styles_3cols_20211228_165740_4499736769_600_800.png,27styles_3cols_20211228_165740_4499736769_600_800_mask.png,"ente,   enc71   ontram   justificativa  e  financ-"
71,5,143,10,68,255,211,265,68,255,211,255,211,265,68,265,sub_line_text,text,text_0,times,regular,8,27styles_3cols_20211228_165740_4499736769_600_800.png,/scratch/parceirosbr/bigoilict/share/BigOil/document_generator/datasets/documents_2021_12_28/27styles_3cols_20211228_165740_4499736769_600_800.png,27styles_3cols_20211228_165740_4499736769_600_800_mask.png,iamento   os  projetos  de  instalação13  de  n-
71,5,143,10,68,267,211,277,68,267,211,267,211,277,68,277,sub_line_text,text,text_0,times,regular,8,27styles_3cols_20211228_165740_4499736769_600_800.png,/scratch/parceirosbr/bigoilict/share/BigOil/document_generator/datasets/documents_2021_12_28/27styles_3cols_20211228_165740_4499736769_600_800.png,27styles_3cols_20211228_165740_4499736769_600_800_mask.png,ovas64    plantas   industriais;   mais   importa-
69,5,139,10,68,279,207,289,68,279,207,279,207,289,68,289,sub_line_text,text,text_0,times,regular,8,27styles_3cols_20211228_165740_4499736769_600_800.png,/scratch/parceirosbr/bigoilict/share/BigOil/document_generator/datasets/documents_2021_12_28/27styles_3cols_20211228_165740_4499736769_600_800.png,27styles_3cols_20211228_165740_4499736769_600_800_mask.png,"nte20  quanto à questão energética, a partir."
72,53,144,106,68,183,212,289,68,183,212,183,212,289,68,289,text,text,text_0,times,regular,8,27styles_3cols_20211228_165740_4499736769_600_800.png,/scratch/parceirosbr/bigoilict/share/BigOil/document_generator/datasets/documents_2021_12_28/27styles_3cols_20211228_165740_4499736769_600_800.png,27styles_3cols_20211228_165740_4499736769_600_800_mask.png,nan
71,5,143,10,68,293,211,303,68,293,211,293,211,303,68,303,sub_line_text,text,text_1,times,regular,8,27styles_3cols_20211228_165740_4499736769_600_800.png,/scratch/parceirosbr/bigoilict/share/BigOil/document_generator/datasets/documents_2021_12_28/27styles_3cols_20211228_165740_4499736769_600_800.png,27styles_3cols_20211228_165740_4499736769_600_800_mask.png,Com   exceção   do   o   tratamento  térmico
71,5,143,10,68,305,211,315,68,305,211,305,211,315,68,315,sub_line_text,text,text_1,times,regular,8,27styles_3cols_20211228_165740_4499736769_600_800.png,/scratch/parceirosbr/bigoilict/share/BigOil/document_generator/datasets/documents_2021_12_28/27styles_3cols_20211228_165740_4499736769_600_800.png,27styles_3cols_20211228_165740_4499736769_600_800_mask.png,beneficiou42      a   atividade  de  dos  demais
72,5,144,10,68,317,212,327,68,317,212,317,212,327,68,327,sub_line_text,text,text_1,times,regular,8,27styles_3cols_20211228_165740_4499736769_600_800.png,/scratch/parceirosbr/bigoilict/share/BigOil/document_generator/datasets/documents_2021_12_28/27styles_3cols_20211228_165740_4499736769_600_800.png,27styles_3cols_20211228_165740_4499736769_600_800_mask.png,materiais   con36   tendo   os   íons   metálicos.
72,5,144,10,68,329,212,339,68,329,212,329,212,339,68,339,sub_line_text,text,text_1,times,regular,8,27styles_3cols_20211228_165740_4499736769_600_800.png,/scratch/parceirosbr/bigoilict/share/BigOil/document_generator/datasets/documents_2021_12_28/27styles_3cols_20211228_165740_4499736769_600_800.png,27styles_3cols_20211228_165740_4499736769_600_800_mask.png,Hipótese:    microalga   apresentar38   á   uma
71,5,143,10,68,341,211,351,68,341,211,341,211,351,68,351,sub_line_text,text,text_1,times,regular,8,27styles_3cols_20211228_165740_4499736769_600_800.png,/scratch/parceirosbr/bigoilict/share/BigOil/document_generator/datasets/documents_2021_12_28/27styles_3cols_20211228_165740_4499736769_600_800.png,27styles_3cols_20211228_165740_4499736769_600_800_mask.png,variação  na  produção  de71  açúcares com-
71,5,143,10,68,353,211,363,68,353,211,353,211,363,68,363,sub_line_text,text,text_1,times,regular,8,27styles_3cols_20211228_165740_4499736769_600_800.png,/scratch/parceirosbr/bigoilict/share/BigOil/document_generator/datasets/documents_2021_12_28/27styles_3cols_20211228_165740_4499736769_600_800.png,27styles_3cols_20211228_165740_4499736769_600_800_mask.png,parativamen69   te  ao  cultivo  em  meio  tra-
72,5,144,10,68,365,212,375,68,365,212,365,212,375,68,375,sub_line_text,text,text_1,times,regular,8,27styles_3cols_20211228_165740_4499736769_600_800.png,/scratch/parceirosbr/bigoilict/share/BigOil/document_generator/datasets/documents_2021_12_28/27styles_3cols_20211228_165740_4499736769_600_800.png,27styles_3cols_20211228_165740_4499736769_600_800_mask.png,dicionalmente    utilizad6   o.      solvents   for
71,5,143,10,68,377,211,387,68,377,211,377,211,387,68,387,sub_line_text,text,text_1,times,regular,8,27styles_3cols_20211228_165740_4499736769_600_800.png,/scratch/parceirosbr/bigoilict/share/BigOil/document_generator/datasets/documents_2021_12_28/27styles_3cols_20211228_165740_4499736769_600_800.png,27styles_3cols_20211228_165740_4499736769_600_800_mask.png,the  regeneratio21  n  of  theexhausted  activ-
71,5,143,10,68,389,211,399,68,389,211,389,211,399,68,399,sub_line_text,text,text_1,times,regular,8,27styles_3cols_20211228_165740_4499736769_600_800.png,/scratch/parceirosbr/bigoilict/share/BigOil/document_generator/datasets/documents_2021_12_28/27styles_3cols_20211228_165740_4499736769_600_800.png,27styles_3cols_20211228_165740_4499736769_600_800_mask.png,ated  carbon  us6  ed  in  the  treatment  of c-
56,5,113,10,68,401,181,411,68,401,181,401,181,411,68,411,sub_line_text,text,text_1,times,regular,8,27styles_3cols_20211228_165740_4499736769_600_800.png,/scratch/parceirosbr/bigoilict/share/BigOil/document_generator/datasets/documents_2021_12_28/27styles_3cols_20211228_165740_4499736769_600_800.png,27styles_3cols_20211228_165740_4499736769_600_800_mask.png,"oking wastewate71 r.  Sendo assim,."
72,59,144,118,68,293,212,411,68,293,212,293,212,411,68,411,text,text,text_1,times,regular,8,27styles_3cols_20211228_165740_4499736769_600_800.png,/scratch/parceirosbr/bigoilict/share/BigOil/document_generator/datasets/documents_2021_12_28/27styles_3cols_20211228_165740_4499736769_600_800.png,27styles_3cols_20211228_165740_4499736769_600_800_mask.png,nan
72,5,144,10,68,415,212,425,68,415,212,415,212,425,68,425,sub_line_text,text,text_2,times,regular,8,27styles_3cols_20211228_165740_4499736769_600_800.png,/scratch/parceirosbr/bigoilict/share/BigOil/document_generator/datasets/documents_2021_12_28/27styles_3cols_20211228_165740_4499736769_600_800.png,27styles_3cols_20211228_165740_4499736769_600_800_mask.png,Fichez   1991.  and  fate  of  organic  matter
71,5,143,10,68,427,211,437,68,427,211,427,211,437,68,437,sub_line_text,text,text_2,times,regular,8,27styles_3cols_20211228_165740_4499736769_600_800.png,/scratch/parceirosbr/bigoilict/share/BigOil/document_generator/datasets/documents_2021_12_28/27styles_3cols_20211228_165740_4499736769_600_800.png,27styles_3cols_20211228_165740_4499736769_600_800_mask.png,in   submarine   cave  sediments:99  the  biog-
72,5,144,10,68,439,212,449,68,439,212,439,212,449,68,449,sub_line_text,text,text_2,times,regular,8,27styles_3cols_20211228_165740_4499736769_600_800.png,/scratch/parceirosbr/bigoilict/share/BigOil/document_generator/datasets/documents_2021_12_28/27styles_3cols_20211228_165740_4499736769_600_800.png,27styles_3cols_20211228_165740_4499736769_600_800_mask.png,eochemical  cy49  cle  of  organic carbon.  P-
72,5,144,10,68,451,212,461,68,451,212,451,212,461,68,461,sub_line_text,text,text_2,times,regular,8,27styles_3cols_20211228_165740_4499736769_600_800.png,/scratch/parceirosbr/bigoilict/share/BigOil/document_generator/datasets/documents_2021_12_28/27styles_3cols_20211228_165740_4499736769_600_800.png,27styles_3cols_20211228_165740_4499736769_600_800_mask.png,reços27   médios   no  mercado  spot  dos  pet-
72,5,144,10,68,463,212,473,68,463,212,463,212,473,68,473,sub_line_text,text,text_2,times,regular,8,27styles_3cols_20211228_165740_4499736769_600_800.png,/scratch/parceirosbr/bigoilict/share/BigOil/document_generator/datasets/documents_2021_12_28/27styles_3cols_20211228_165740_4499736769_600_800.png,27styles_3cols_20211228_165740_4499736769_600_800_mask.png,róleos  dos  tipos  e  200384 -2012 1.6. prova-
72,5,144,10,68,475,212,485,68,475,212,475,212,485,68,485,sub_line_text,text,text_2,times,regular,8,27styles_3cols_20211228_165740_4499736769_600_800.png,/scratch/parceirosbr/bigoilict/share/BigOil/document_generator/datasets/documents_2021_12_28/27styles_3cols_20211228_165740_4499736769_600_800.png,27styles_3cols_20211228_165740_4499736769_600_800_mask.png,"das  de  gás  natural, s18 egundo regiões geo-"
67,5,135,10,68,487,203,497,68,487,203,487,203,497,68,497,sub_line_text,text,text_2,times,regular,8,27styles_3cols_20211228_165740_4499736769_600_800.png,/scratch/parceirosbr/bigoilict/share/BigOil/document_generator/datasets/documents_2021_12_28/27styles_3cols_20211228_165740_4499736769_600_800.png,27styles_3cols_20211228_165740_4499736769_600_800_mask.png,"grá cas, países e blocos econ83 ômicos 20."
72,41,144,82,68,415,212,497,68,415,212,415,212,497,68,497,text,text,text_2,times,regular,8,27styles_3cols_20211228_165740_4499736769_600_800.png,/scratch/parceirosbr/bigoilict/share/BigOil/document_generator/datasets/documents_2021_12_28/27styles_3cols_20211228_165740_4499736769_600_800.png,27styles_3cols_20211228_165740_4499736769_600_800_mask.png,nan
72,5,144,10,68,501,212,511,68,501,212,501,212,511,68,511,sub_line_text,text,text_3,times,regular,8,27styles_3cols_20211228_165740_4499736769_600_800.png,/scratch/parceirosbr/bigoilict/share/BigOil/document_generator/datasets/documents_2021_12_28/27styles_3cols_20211228_165740_4499736769_600_800.png,27styles_3cols_20211228_165740_4499736769_600_800_mask.png,"Em  2008,  por  exemplo,  a  produção naci-"
71,5,143,10,68,513,211,523,68,513,211,513,211,523,68,523,sub_line_text,text,text_3,times,regular,8,27styles_3cols_20211228_165740_4499736769_600_800.png,/scratch/parceirosbr/bigoilict/share/BigOil/document_generator/datasets/documents_2021_12_28/27styles_3cols_20211228_165740_4499736769_600_800.png,27styles_3cols_20211228_165740_4499736769_600_800_mask.png,"onal4    foi  de  52.793,7 toneladas, enquanto"
71,5,143,10,68,525,211,535,68,525,211,525,211,535,68,535,sub_line_text,text,text_3,times,regular,8,27styles_3cols_20211228_165740_4499736769_600_800.png,/scratch/parceirosbr/bigoilict/share/BigOil/document_generator/datasets/documents_2021_12_28/27styles_3cols_20211228_165740_4499736769_600_800.png,27styles_3cols_20211228_165740_4499736769_600_800_mask.png,"o  consumo  aparente  foi de 134.496,47 8 to-"
72,5,144,10,68,537,212,547,68,537,212,537,212,547,68,547,sub_line_text,text,text_3,times,regular,8,27styles_3cols_20211228_165740_4499736769_600_800.png,/scratch/parceirosbr/bigoilict/share/BigOil/document_generator/datasets/documents_2021_12_28/27styles_3cols_20211228_165740_4499736769_600_800.png,27styles_3cols_20211228_165740_4499736769_600_800_mask.png,neladas.81  No  tocante  aos  organismos  que
71,5,143,10,68,549,211,559,68,549,211,549,211,559,68,559,sub_line_text,text,text_3,times,regular,8,27styles_3cols_20211228_165740_4499736769_600_800.png,/scratch/parceirosbr/bigoilict/share/BigOil/document_generator/datasets/documents_2021_12_28/27styles_3cols_20211228_165740_4499736769_600_800.png,27styles_3cols_20211228_165740_4499736769_600_800_mask.png,"habita78   m   as  praias,  podem-se  consider-"
71,5,143,10,68,561,211,571,68,561,211,561,211,571,68,571,sub_line_text,text,text_3,times,regular,8,27styles_3cols_20211228_165740_4499736769_600_800.png,/scratch/parceirosbr/bigoilict/share/BigOil/document_generator/datasets/documents_2021_12_28/27styles_3cols_20211228_165740_4499736769_600_800.png,27styles_3cols_20211228_165740_4499736769_600_800_mask.png,ar  as  praias  are96 nosas como dois ecossis-
72,5,144,10,68,573,212,583,68,573,212,573,212,583,68,583,sub_line_text,text,text_3,times,regular,8,27styles_3cols_20211228_165740_4499736769_600_800.png,/scratch/parceirosbr/bigoilict/share/BigOil/document_generator/datasets/documents_2021_12_28/27styles_3cols_20211228_165740_4499736769_600_800.png,27styles_3cols_20211228_165740_4499736769_600_800_mask.png,"tem84  as:  um  marinho,  que abrange a zona"
71,5,143,10,68,585,211,595,68,585,211,585,211,595,68,595,sub_line_text,text,text_3,times,regular,8,27styles_3cols_20211228_165740_4499736769_600_800.png,/scratch/parceirosbr/bigoilict/share/BigOil/document_generator/datasets/documents_2021_12_28/27styles_3cols_20211228_165740_4499736769_600_800.png,27styles_3cols_20211228_165740_4499736769_600_800_mask.png,"de  a90  rrebentação  e entre marés, ocupado"
72,5,144,10,68,597,212,607,68,597,212,597,212,607,68,607,sub_line_text,text,text_3,times,regular,8,27styles_3cols_20211228_165740_4499736769_600_800.png,/scratch/parceirosbr/bigoilict/share/BigOil/document_generator/datasets/documents_2021_12_28/27styles_3cols_20211228_165740_4499736769_600_800.png,27styles_3cols_20211228_165740_4499736769_600_800_mask.png,por  uma6    biota  marinha  e  controlado pr-
64,5,129,10,68,609,197,619,68,609,197,609,197,619,68,619,sub_line_text,text,text_3,times,regular,8,27styles_3cols_20211228_165740_4499736769_600_800.png,/scratch/parceirosbr/bigoilict/share/BigOil/document_generator/datasets/documents_2021_12_28/27styles_3cols_20211228_165740_4499736769_600_800.png,27styles_3cols_20211228_165740_4499736769_600_800_mask.png,incipalmente5 pela energia das ondas e.
72,59,144,118,68,501,212,619,68,501,212,501,212,619,68,619,text,text,text_3,times,regular,8,27styles_3cols_20211228_165740_4499736769_600_800.png,/scratch/parceirosbr/bigoilict/share/BigOil/document_generator/datasets/documents_2021_12_28/27styles_3cols_20211228_165740_4499736769_600_800.png,27styles_3cols_20211228_165740_4499736769_600_800_mask.png,nan
72,5,144,10,68,623,212,633,68,623,212,623,212,633,68,633,sub_line_text,text,text_4,times,regular,8,27styles_3cols_20211228_165740_4499736769_600_800.png,/scratch/parceirosbr/bigoilict/share/BigOil/document_generator/datasets/documents_2021_12_28/27styles_3cols_20211228_165740_4499736769_600_800.png,27styles_3cols_20211228_165740_4499736769_600_800_mask.png,Com   a   utilizacao   do   solver  interno(eli-
71,5,143,10,68,635,211,645,68,635,211,635,211,645,68,645,sub_line_text,text,text_4,times,regular,8,27styles_3cols_20211228_165740_4499736769_600_800.png,/scratch/parceirosbr/bigoilict/share/BigOil/document_generator/datasets/documents_2021_12_28/27styles_3cols_20211228_165740_4499736769_600_800.png,27styles_3cols_20211228_165740_4499736769_600_800_mask.png,minacao  de  o  tempo  total  de  e19 xecucao
72,5,144,10,68,647,212,657,68,647,212,647,212,657,68,657,sub_line_text,text,text_4,times,regular,8,27styles_3cols_20211228_165740_4499736769_600_800.png,/scratch/parceirosbr/bigoilict/share/BigOil/document_generator/datasets/documents_2021_12_28/27styles_3cols_20211228_165740_4499736769_600_800.png,27styles_3cols_20211228_165740_4499736769_600_800_mask.png,do  simulador80    para  o  caso  deteste foi de
71,5,143,10,68,659,211,669,68,659,211,659,211,669,68,669,sub_line_text,text,text_4,times,regular,8,27styles_3cols_20211228_165740_4499736769_600_800.png,/scratch/parceirosbr/bigoilict/share/BigOil/document_generator/datasets/documents_2021_12_28/27styles_3cols_20211228_165740_4499736769_600_800.png,27styles_3cols_20211228_165740_4499736769_600_800_mask.png,pouco  mais  de  3021  segundos.   Tubos off-
71,5,143,10,68,671,211,681,68,671,211,671,211,681,68,681,sub_line_text,text,text_4,times,regular,8,27styles_3cols_20211228_165740_4499736769_600_800.png,/scratch/parceirosbr/bigoilict/share/BigOil/document_generator/datasets/documents_2021_12_28/27styles_3cols_20211228_165740_4499736769_600_800.png,27styles_3cols_20211228_165740_4499736769_600_800_mask.png,"shore  são  comumente  instalados  va78 zios,"
71,5,143,10,68,683,211,693,68,683,211,683,211,693,68,693,sub_line_text,text,text_4,times,regular,8,27styles_3cols_20211228_165740_4499736769_600_800.png,/scratch/parceirosbr/bigoilict/share/BigOil/document_generator/datasets/documents_2021_12_28/27styles_3cols_20211228_165740_4499736769_600_800.png,27styles_3cols_20211228_165740_4499736769_600_800_mask.png,a  fim  de  reduzir  a  tensão58  de  instalação
65,5,131,10,68,695,199,705,68,695,199,695,199,705,68,705,sub_line_text,text,text_4,times,regular,8,27styles_3cols_20211228_165740_4499736769_600_800.png,/scratch/parceirosbr/bigoilict/share/BigOil/document_generator/datasets/documents_2021_12_28/27styles_3cols_20211228_165740_4499736769_600_800.png,27styles_3cols_20211228_165740_4499736769_600_800_mask.png,devido ao peso da22 seção suspensa.  Te.
72,41,144,82,68,623,212,705,68,623,212,623,212,705,68,705,text,text,text_4,times,regular,8,27styles_3cols_20211228_165740_4499736769_600_800.png,/scratch/parceirosbr/bigoilict/share/BigOil/document_generator/datasets/documents_2021_12_28/27styles_3cols_20211228_165740_4499736769_600_800.png,27styles_3cols_20211228_165740_4499736769_600_800_mask.png,nan
65,5,130,10,82,709,212,719,82,709,212,709,212,719,82,719,sub_line_text,text,text_5,times,regular,8,27styles_3cols_20211228_165740_4499736769_600_800.png,/scratch/parceirosbr/bigoilict/share/BigOil/document_generator/datasets/documents_2021_12_28/27styles_3cols_20211228_165740_4499736769_600_800.png,27styles_3cols_20211228_165740_4499736769_600_800_mask.png,Neste trabalho foram obtidos eletroca-.
65,5,130,10,82,709,212,719,82,709,212,709,212,719,82,719,text,text,text_5,times,regular,8,27styles_3cols_20211228_165740_4499736769_600_800.png,/scratch/parceirosbr/bigoilict/share/BigOil/document_generator/datasets/documents_2021_12_28/27styles_3cols_20211228_165740_4499736769_600_800.png,27styles_3cols_20211228_165740_4499736769_600_800_mask.png,nan
71,5,143,10,239,183,382,193,239,183,382,183,382,193,239,193,sub_line_text,text,text_6,times,regular,8,27styles_3cols_20211228_165740_4499736769_600_800.png,/scratch/parceirosbr/bigoilict/share/BigOil/document_generator/datasets/documents_2021_12_28/27styles_3cols_20211228_165740_4499736769_600_800.png,27styles_3cols_20211228_165740_4499736769_600_800_mask.png,A   5.17apresenta   os   resultados   das  três
72,5,144,10,239,195,383,205,239,195,383,195,383,205,239,205,sub_line_text,text,text_6,times,regular,8,27styles_3cols_20211228_165740_4499736769_600_800.png,/scratch/parceirosbr/bigoilict/share/BigOil/document_generator/datasets/documents_2021_12_28/27styles_3cols_20211228_165740_4499736769_600_800.png,27styles_3cols_20211228_165740_4499736769_600_800_mask.png,malhas  testadas  pa45  ra  a  configuração do
71,5,143,10,239,207,382,217,239,207,382,207,382,217,239,217,sub_line_text,text,text_6,times,regular,8,27styles_3cols_20211228_165740_4499736769_600_800.png,/scratch/parceirosbr/bigoilict/share/BigOil/document_generator/datasets/documents_2021_12_28/27styles_3cols_20211228_165740_4499736769_600_800.png,27styles_3cols_20211228_165740_4499736769_600_800_mask.png,caso.  A  combustão  já  é ampl63 amente ut-
72,5,144,10,239,219,383,229,239,219,383,219,383,229,239,229,sub_line_text,text,text_6,times,regular,8,27styles_3cols_20211228_165740_4499736769_600_800.png,/scratch/parceirosbr/bigoilict/share/BigOil/document_generator/datasets/documents_2021_12_28/27styles_3cols_20211228_165740_4499736769_600_800.png,27styles_3cols_20211228_165740_4499736769_600_800_mask.png,"ilizada,  send36  o  os  dois  últimos  os proce-"
71,5,143,10,239,231,382,241,239,231,382,231,382,241,239,241,sub_line_text,text,text_6,times,regular,8,27styles_3cols_20211228_165740_4499736769_600_800.png,/scratch/parceirosbr/bigoilict/share/BigOil/document_generator/datasets/documents_2021_12_28/27styles_3cols_20211228_165740_4499736769_600_800.png,27styles_3cols_20211228_165740_4499736769_600_800_mask.png,ssos  de  maior  interesse  para a57 produção
71,5,143,10,239,243,382,253,239,243,382,243,382,253,239,253,sub_line_text,text,text_6,times,regular,8,27styles_3cols_20211228_165740_4499736769_600_800.png,/scratch/parceirosbr/bigoilict/share/BigOil/document_generator/datasets/documents_2021_12_28/27styles_3cols_20211228_165740_4499736769_600_800.png,27styles_3cols_20211228_165740_4499736769_600_800_mask.png,de  biocombustíveis  avançados81  .    Na  fo-
71,5,143,10,239,255,382,265,239,255,382,255,382,265,239,265,sub_line_text,text,text_6,times,regular,8,27styles_3cols_20211228_165740_4499736769_600_800.png,/scratch/parceirosbr/bigoilict/share/BigOil/document_generator/datasets/documents_2021_12_28/27styles_3cols_20211228_165740_4499736769_600_800.png,27styles_3cols_20211228_165740_4499736769_600_800_mask.png,"rmulação   das   pastas   aditivadas,46  foi  ut-"
71,5,143,10,239,267,382,277,239,267,382,267,382,277,239,277,sub_line_text,text,text_6,times,regular,8,27styles_3cols_20211228_165740_4499736769_600_800.png,/scratch/parceirosbr/bigoilict/share/BigOil/document_generator/datasets/documents_2021_12_28/27styles_3cols_20211228_165740_4499736769_600_800.png,27styles_3cols_20211228_165740_4499736769_600_800_mask.png,ilizado   uma   emu13   lsão  de  silicone  .  Na
63,5,127,10,239,279,366,289,239,279,366,279,366,289,239,289,sub_line_text,text,text_6,times,regular,8,27styles_3cols_20211228_165740_4499736769_600_800.png,/scratch/parceirosbr/bigoilict/share/BigOil/document_generator/datasets/documents_2021_12_28/27styles_3cols_20211228_165740_4499736769_600_800.png,27styles_3cols_20211228_165740_4499736769_600_800_mask.png,avaliação da cons84 ultoria norueguesa.
72,53,144,106,239,183,383,289,239,183,383,183,383,289,239,289,text,text,text_6,times,regular,8,27styles_3cols_20211228_165740_4499736769_600_800.png,/scratch/parceirosbr/bigoilict/share/BigOil/document_generator/datasets/documents_2021_12_28/27styles_3cols_20211228_165740_4499736769_600_800.png,27styles_3cols_20211228_165740_4499736769_600_800_mask.png,nan
72,5,144,10,239,293,383,303,239,293,383,293,383,303,239,303,sub_line_text,text,text_7,times,regular,8,27styles_3cols_20211228_165740_4499736769_600_800.png,/scratch/parceirosbr/bigoilict/share/BigOil/document_generator/datasets/documents_2021_12_28/27styles_3cols_20211228_165740_4499736769_600_800.png,27styles_3cols_20211228_165740_4499736769_600_800_mask.png,As   olefinas   também   apresentam   vanta-
72,5,144,10,239,305,383,315,239,305,383,305,383,315,239,315,sub_line_text,text,text_7,times,regular,8,27styles_3cols_20211228_165740_4499736769_600_800.png,/scratch/parceirosbr/bigoilict/share/BigOil/document_generator/datasets/documents_2021_12_28/27styles_3cols_20211228_165740_4499736769_600_800.png,27styles_3cols_20211228_165740_4499736769_600_800_mask.png,"gens   energéticas,59   mas   participam  da  f-"
71,5,143,10,239,317,382,327,239,317,382,317,382,327,239,327,sub_line_text,text,text_7,times,regular,8,27styles_3cols_20211228_165740_4499736769_600_800.png,/scratch/parceirosbr/bigoilict/share/BigOil/document_generator/datasets/documents_2021_12_28/27styles_3cols_20211228_165740_4499736769_600_800.png,27styles_3cols_20211228_165740_4499736769_600_800_mask.png,"ormação  de  ozônio,  molécul74  a  tóxica q-"
72,5,144,10,239,329,383,339,239,329,383,329,383,339,239,339,sub_line_text,text,text_7,times,regular,8,27styles_3cols_20211228_165740_4499736769_600_800.png,/scratch/parceirosbr/bigoilict/share/BigOil/document_generator/datasets/documents_2021_12_28/27styles_3cols_20211228_165740_4499736769_600_800.png,27styles_3cols_20211228_165740_4499736769_600_800_mask.png,uando   presente6  na  baixa  atmosfera.    O-
71,5,143,10,239,341,382,351,239,341,382,341,382,351,239,351,sub_line_text,text,text_7,times,regular,8,27styles_3cols_20211228_165740_4499736769_600_800.png,/scratch/parceirosbr/bigoilict/share/BigOil/document_generator/datasets/documents_2021_12_28/27styles_3cols_20211228_165740_4499736769_600_800.png,27styles_3cols_20211228_165740_4499736769_600_800_mask.png,nde  c  e  m  são constant40 es do material v-
71,5,143,10,239,353,382,363,239,353,382,353,382,363,239,363,sub_line_text,text,text_7,times,regular,8,27styles_3cols_20211228_165740_4499736769_600_800.png,/scratch/parceirosbr/bigoilict/share/BigOil/document_generator/datasets/documents_2021_12_28/27styles_3cols_20211228_165740_4499736769_600_800.png,27styles_3cols_20211228_165740_4499736769_600_800_mask.png,"ariando  com  a  ten84  são  média, frequênc-"
71,5,143,10,239,365,382,375,239,365,382,365,382,375,239,375,sub_line_text,text,text_7,times,regular,8,27styles_3cols_20211228_165740_4499736769_600_800.png,/scratch/parceirosbr/bigoilict/share/BigOil/document_generator/datasets/documents_2021_12_28/27styles_3cols_20211228_165740_4499736769_600_800.png,27styles_3cols_20211228_165740_4499736769_600_800_mask.png,"ia,  temperatura  e  meio  am70 biente.  Log-"
66,5,132,10,239,377,371,387,239,377,371,377,371,387,239,387,sub_line_text,text,text_7,times,regular,8,27styles_3cols_20211228_165740_4499736769_600_800.png,/scratch/parceirosbr/bigoilict/share/BigOil/document_generator/datasets/documents_2021_12_28/27styles_3cols_20211228_165740_4499736769_600_800.png,27styles_3cols_20211228_165740_4499736769_600_800_mask.png,"o, o prime5 iro modelo, apresentado na f."
72,47,144,94,239,293,383,387,239,293,383,293,383,387,239,387,text,text,text_7,times,regular,8,27styles_3cols_20211228_165740_4499736769_600_800.png,/scratch/parceirosbr/bigoilict/share/BigOil/document_generator/datasets/documents_2021_12_28/27styles_3cols_20211228_165740_4499736769_600_800.png,27styles_3cols_20211228_165740_4499736769_600_800_mask.png,nan
71,5,143,10,239,391,382,401,239,391,382,391,382,401,239,401,sub_line_text,text,text_8,times,regular,8,27styles_3cols_20211228_165740_4499736769_600_800.png,/scratch/parceirosbr/bigoilict/share/BigOil/document_generator/datasets/documents_2021_12_28/27styles_3cols_20211228_165740_4499736769_600_800.png,27styles_3cols_20211228_165740_4499736769_600_800_mask.png,No  ensaio  foi  possível  diferenciar  o  de-
71,5,143,10,239,403,382,413,239,403,382,403,382,413,239,413,sub_line_text,text,text_8,times,regular,8,27styles_3cols_20211228_165740_4499736769_600_800.png,/scratch/parceirosbr/bigoilict/share/BigOil/document_generator/datasets/documents_2021_12_28/27styles_3cols_20211228_165740_4499736769_600_800.png,27styles_3cols_20211228_165740_4499736769_600_800_mask.png,sempenho  das  amostras  625-189  C  e 625--
71,5,143,10,239,415,382,425,239,415,382,415,382,425,239,425,sub_line_text,text,text_8,times,regular,8,27styles_3cols_20211228_165740_4499736769_600_800.png,/scratch/parceirosbr/bigoilict/share/BigOil/document_generator/datasets/documents_2021_12_28/27styles_3cols_20211228_165740_4499736769_600_800.png,27styles_3cols_20211228_165740_4499736769_600_800_mask.png,2C   devido  a  severi81  dade  do  meio  utili-
71,5,143,10,239,427,382,437,239,427,382,427,382,437,239,437,sub_line_text,text,text_8,times,regular,8,27styles_3cols_20211228_165740_4499736769_600_800.png,/scratch/parceirosbr/bigoilict/share/BigOil/document_generator/datasets/documents_2021_12_28/27styles_3cols_20211228_165740_4499736769_600_800.png,27styles_3cols_20211228_165740_4499736769_600_800_mask.png,"zado,  no  entanto  para mei87 os menos sev-"
72,5,144,10,239,439,383,449,239,439,383,439,383,449,239,449,sub_line_text,text,text_8,times,regular,8,27styles_3cols_20211228_165740_4499736769_600_800.png,/scratch/parceirosbr/bigoilict/share/BigOil/document_generator/datasets/documents_2021_12_28/27styles_3cols_20211228_165740_4499736769_600_800.png,27styles_3cols_20211228_165740_4499736769_600_800_mask.png,eros  como  a  solução de em tem65 peratura
71,5,143,10,239,451,382,461,239,451,382,451,382,461,239,461,sub_line_text,text,text_8,times,regular,8,27styles_3cols_20211228_165740_4499736769_600_800.png,/scratch/parceirosbr/bigoilict/share/BigOil/document_generator/datasets/documents_2021_12_28/27styles_3cols_20211228_165740_4499736769_600_800.png,27styles_3cols_20211228_165740_4499736769_600_800_mask.png,ambiente  do  ensaio.    Grande10   atenção t-
72,5,144,10,239,463,383,473,239,463,383,463,383,473,239,473,sub_line_text,text,text_8,times,regular,8,27styles_3cols_20211228_165740_4499736769_600_800.png,/scratch/parceirosbr/bigoilict/share/BigOil/document_generator/datasets/documents_2021_12_28/27styles_3cols_20211228_165740_4499736769_600_800.png,27styles_3cols_20211228_165740_4499736769_600_800_mask.png,em  s96  e  dado  no  campo  óptico para a pr-
72,5,144,10,239,475,383,485,239,475,383,475,383,485,239,485,sub_line_text,text,text_8,times,regular,8,27styles_3cols_20211228_165740_4499736769_600_800.png,/scratch/parceirosbr/bigoilict/share/BigOil/document_generator/datasets/documents_2021_12_28/27styles_3cols_20211228_165740_4499736769_600_800.png,27styles_3cols_20211228_165740_4499736769_600_800_mask.png,odução   de  filmes  de.  Foram  realiz6  ados
72,5,144,10,239,487,383,497,239,487,383,487,383,497,239,497,sub_line_text,text,text_8,times,regular,8,27styles_3cols_20211228_165740_4499736769_600_800.png,/scratch/parceirosbr/bigoilict/share/BigOil/document_generator/datasets/documents_2021_12_28/27styles_3cols_20211228_165740_4499736769_600_800.png,27styles_3cols_20211228_165740_4499736769_600_800_mask.png,20  ensaios  com  a substânci92 a de referên-
69,5,138,10,239,499,377,509,239,499,377,499,377,509,239,509,sub_line_text,text,text_8,times,regular,8,27styles_3cols_20211228_165740_4499736769_600_800.png,/scratch/parceirosbr/bigoilict/share/BigOil/document_generator/datasets/documents_2021_12_28/27styles_3cols_20211228_165740_4499736769_600_800.png,27styles_3cols_20211228_165740_4499736769_600_800_mask.png,cia cloret29 o de sódio (NaCl) e os valores.
72,59,144,118,239,391,383,509,239,391,383,391,383,509,239,509,text,text,text_8,times,regular,8,27styles_3cols_20211228_165740_4499736769_600_800.png,/scratch/parceirosbr/bigoilict/share/BigOil/document_generator/datasets/documents_2021_12_28/27styles_3cols_20211228_165740_4499736769_600_800.png,27styles_3cols_20211228_165740_4499736769_600_800_mask.png,nan
71,5,143,10,239,513,382,523,239,513,382,513,382,523,239,523,sub_line_text,text,text_9,times,regular,8,27styles_3cols_20211228_165740_4499736769_600_800.png,/scratch/parceirosbr/bigoilict/share/BigOil/document_generator/datasets/documents_2021_12_28/27styles_3cols_20211228_165740_4499736769_600_800.png,27styles_3cols_20211228_165740_4499736769_600_800_mask.png,Sériestemáticas    anpno    6fluxos   logístic-
71,5,143,10,239,525,382,535,239,525,382,525,382,535,239,535,sub_line_text,text,text_9,times,regular,8,27styles_3cols_20211228_165740_4499736769_600_800.png,/scratch/parceirosbr/bigoilict/share/BigOil/document_generator/datasets/documents_2021_12_28/27styles_3cols_20211228_165740_4499736769_600_800.png,27styles_3cols_20211228_165740_4499736769_600_800_mask.png,"os  de  pro38  dução,  transporte e armazena-"
71,5,143,10,239,537,382,547,239,537,382,537,382,547,239,547,sub_line_text,text,text_9,times,regular,8,27styles_3cols_20211228_165740_4499736769_600_800.png,/scratch/parceirosbr/bigoilict/share/BigOil/document_generator/datasets/documents_2021_12_28/27styles_3cols_20211228_165740_4499736769_600_800.png,27styles_3cols_20211228_165740_4499736769_600_800_mask.png,gem  d4  e  gasolina  a  e de óleo diesel a no.
71,5,143,10,239,549,382,559,239,549,382,549,382,559,239,559,sub_line_text,text,text_9,times,regular,8,27styles_3cols_20211228_165740_4499736769_600_800.png,/scratch/parceirosbr/bigoilict/share/BigOil/document_generator/datasets/documents_2021_12_28/27styles_3cols_20211228_165740_4499736769_600_800.png,27styles_3cols_20211228_165740_4499736769_600_800_mask.png,Os   principais   critér98  ios  para  se  avaliar
72,5,144,10,239,561,383,571,239,561,383,561,383,571,239,571,sub_line_text,text,text_9,times,regular,8,27styles_3cols_20211228_165740_4499736769_600_800.png,/scratch/parceirosbr/bigoilict/share/BigOil/document_generator/datasets/documents_2021_12_28/27styles_3cols_20211228_165740_4499736769_600_800.png,27styles_3cols_20211228_165740_4499736769_600_800_mask.png,se  uma  resp95  osta  atendeu  a  um determi-
72,5,144,10,239,573,383,583,239,573,383,573,383,583,239,583,sub_line_text,text,text_9,times,regular,8,27styles_3cols_20211228_165740_4499736769_600_800.png,/scratch/parceirosbr/bigoilict/share/BigOil/document_generator/datasets/documents_2021_12_28/27styles_3cols_20211228_165740_4499736769_600_800.png,27styles_3cols_20211228_165740_4499736769_600_800_mask.png,nado  nível  de3    desempenho são expressos
71,5,143,10,239,585,382,595,239,585,382,585,382,595,239,595,sub_line_text,text,text_9,times,regular,8,27styles_3cols_20211228_165740_4499736769_600_800.png,/scratch/parceirosbr/bigoilict/share/BigOil/document_generator/datasets/documents_2021_12_28/27styles_3cols_20211228_165740_4499736769_600_800.png,27styles_3cols_20211228_165740_4499736769_600_800_mask.png,em  função  de  car58  acterísticas da respos-
72,5,144,10,239,597,383,607,239,597,383,597,383,607,239,607,sub_line_text,text,text_9,times,regular,8,27styles_3cols_20211228_165740_4499736769_600_800.png,/scratch/parceirosbr/bigoilict/share/BigOil/document_generator/datasets/documents_2021_12_28/27styles_3cols_20211228_165740_4499736769_600_800.png,27styles_3cols_20211228_165740_4499736769_600_800_mask.png,ta.     Onde:  é  a  densidade24  da  fase  líqui-
65,5,131,10,239,609,370,619,239,609,370,609,370,619,239,619,sub_line_text,text,text_9,times,regular,8,27styles_3cols_20211228_165740_4499736769_600_800.png,/scratch/parceirosbr/bigoilict/share/BigOil/document_generator/datasets/documents_2021_12_28/27styles_3cols_20211228_165740_4499736769_600_800.png,27styles_3cols_20211228_165740_4499736769_600_800_mask.png,da (kg/m); é a densidade da fase g29 aso.
72,53,144,106,239,513,383,619,239,513,383,513,383,619,239,619,text,text,text_9,times,regular,8,27styles_3cols_20211228_165740_4499736769_600_800.png,/scratch/parceirosbr/bigoilict/share/BigOil/document_generator/datasets/documents_2021_12_28/27styles_3cols_20211228_165740_4499736769_600_800.png,27styles_3cols_20211228_165740_4499736769_600_800_mask.png,nan
72,5,144,10,239,623,383,633,239,623,383,623,383,633,239,633,sub_line_text,text,text_10,times,regular,8,27styles_3cols_20211228_165740_4499736769_600_800.png,/scratch/parceirosbr/bigoilict/share/BigOil/document_generator/datasets/documents_2021_12_28/27styles_3cols_20211228_165740_4499736769_600_800.png,27styles_3cols_20211228_165740_4499736769_600_800_mask.png,A   linhagem   com  os  melhores  resultados
71,5,143,10,239,635,382,645,239,635,382,635,382,645,239,645,sub_line_text,text,text_10,times,regular,8,27styles_3cols_20211228_165740_4499736769_600_800.png,/scratch/parceirosbr/bigoilict/share/BigOil/document_generator/datasets/documents_2021_12_28/27styles_3cols_20211228_165740_4499736769_600_800.png,27styles_3cols_20211228_165740_4499736769_600_800_mask.png,"de   produção  de65    1,3-propanodiol,  prod-"
72,5,144,10,239,647,383,657,239,647,383,647,383,657,239,657,sub_line_text,text,text_10,times,regular,8,27styles_3cols_20211228_165740_4499736769_600_800.png,/scratch/parceirosbr/bigoilict/share/BigOil/document_generator/datasets/documents_2021_12_28/27styles_3cols_20211228_165740_4499736769_600_800.png,27styles_3cols_20211228_165740_4499736769_600_800_mask.png,utividade   e   foi  a  selecion35  ada  para  ot-
72,5,144,10,239,659,383,669,239,659,383,659,383,669,239,669,sub_line_text,text,text_10,times,regular,8,27styles_3cols_20211228_165740_4499736769_600_800.png,/scratch/parceirosbr/bigoilict/share/BigOil/document_generator/datasets/documents_2021_12_28/27styles_3cols_20211228_165740_4499736769_600_800.png,27styles_3cols_20211228_165740_4499736769_600_800_mask.png,imização   do  meio  de  fe92  rmentação.  4.6
72,5,144,10,239,671,383,681,239,671,383,671,383,681,239,681,sub_line_text,text,text_10,times,regular,8,27styles_3cols_20211228_165740_4499736769_600_800.png,/scratch/parceirosbr/bigoilict/share/BigOil/document_generator/datasets/documents_2021_12_28/27styles_3cols_20211228_165740_4499736769_600_800.png,27styles_3cols_20211228_165740_4499736769_600_800_mask.png,"1,3-PROPANODIOL.     As  nanop2  artícul-"
71,5,143,10,239,683,382,693,239,683,382,683,382,693,239,693,sub_line_text,text,text_10,times,regular,8,27styles_3cols_20211228_165740_4499736769_600_800.png,/scratch/parceirosbr/bigoilict/share/BigOil/document_generator/datasets/documents_2021_12_28/27styles_3cols_20211228_165740_4499736769_600_800.png,27styles_3cols_20211228_165740_4499736769_600_800_mask.png,as  podem  se  compo91  rtar  como  isolador-
66,5,133,10,239,695,372,705,239,695,372,695,372,705,239,705,sub_line_text,text,text_10,times,regular,8,27styles_3cols_20211228_165740_4499736769_600_800.png,/scratch/parceirosbr/bigoilict/share/BigOil/document_generator/datasets/documents_2021_12_28/27styles_3cols_20211228_165740_4499736769_600_800.png,27styles_3cols_20211228_165740_4499736769_600_800_mask.png,"as, semicondutoras ou metálic16 as 2005)."
72,41,144,82,239,623,383,705,239,623,383,623,383,705,239,705,text,text,text_10,times,regular,8,27styles_3cols_20211228_165740_4499736769_600_800.png,/scratch/parceirosbr/bigoilict/share/BigOil/document_generator/datasets/documents_2021_12_28/27styles_3cols_20211228_165740_4499736769_600_800.png,27styles_3cols_20211228_165740_4499736769_600_800_mask.png,nan
69,5,138,10,245,709,383,719,245,709,383,709,383,719,245,719,sub_line_text,text,text_11,times,regular,8,27styles_3cols_20211228_165740_4499736769_600_800.png,/scratch/parceirosbr/bigoilict/share/BigOil/document_generator/datasets/documents_2021_12_28/27styles_3cols_20211228_165740_4499736769_600_800.png,27styles_3cols_20211228_165740_4499736769_600_800_mask.png,"Nesse caso, a imagem apresenta aparên-."
69,5,138,10,245,709,383,719,245,709,383,709,383,719,245,719,text,text,text_11,times,regular,8,27styles_3cols_20211228_165740_4499736769_600_800.png,/scratch/parceirosbr/bigoilict/share/BigOil/document_generator/datasets/documents_2021_12_28/27styles_3cols_20211228_165740_4499736769_600_800.png,27styles_3cols_20211228_165740_4499736769_600_800_mask.png,nan
72,5,144,10,410,183,554,193,410,183,554,183,554,193,410,193,sub_line_text,text,text_12,times,regular,8,27styles_3cols_20211228_165740_4499736769_600_800.png,/scratch/parceirosbr/bigoilict/share/BigOil/document_generator/datasets/documents_2021_12_28/27styles_3cols_20211228_165740_4499736769_600_800.png,27styles_3cols_20211228_165740_4499736769_600_800_mask.png,A   percentual   de   argila   recuperada  foi
71,5,143,10,410,195,553,205,410,195,553,195,553,205,410,205,sub_line_text,text,text_12,times,regular,8,27styles_3cols_20211228_165740_4499736769_600_800.png,/scratch/parceirosbr/bigoilict/share/BigOil/document_generator/datasets/documents_2021_12_28/27styles_3cols_20211228_165740_4499736769_600_800.png,27styles_3cols_20211228_165740_4499736769_600_800_mask.png,calculado  usando81  -se  a  mostra  o fluxog-
72,5,144,10,410,207,554,217,410,207,554,207,554,217,410,217,sub_line_text,text,text_12,times,regular,8,27styles_3cols_20211228_165740_4499736769_600_800.png,/scratch/parceirosbr/bigoilict/share/BigOil/document_generator/datasets/documents_2021_12_28/27styles_3cols_20211228_165740_4499736769_600_800.png,27styles_3cols_20211228_165740_4499736769_600_800_mask.png,rama91  do  ensaio.  50.  A  partícula  desagr-
72,5,144,10,410,219,554,229,410,219,554,219,554,229,410,229,sub_line_text,text,text_12,times,regular,8,27styles_3cols_20211228_165740_4499736769_600_800.png,/scratch/parceirosbr/bigoilict/share/BigOil/document_generator/datasets/documents_2021_12_28/27styles_3cols_20211228_165740_4499736769_600_800.png,27styles_3cols_20211228_165740_4499736769_600_800_mask.png,eg92  ada  pode  manter-se  livre  na  superfí-
72,5,144,10,410,231,554,241,410,231,554,231,554,241,410,241,sub_line_text,text,text_12,times,regular,8,27styles_3cols_20211228_165740_4499736769_600_800.png,/scratch/parceirosbr/bigoilict/share/BigOil/document_generator/datasets/documents_2021_12_28/27styles_3cols_20211228_165740_4499736769_600_800.png,27styles_3cols_20211228_165740_4499736769_600_800_mask.png,cie  do  solo  e13    ser  transportada  pelo flu-
72,5,144,10,410,243,554,253,410,243,554,243,554,253,410,253,sub_line_text,text,text_12,times,regular,8,27styles_3cols_20211228_165740_4499736769_600_800.png,/scratch/parceirosbr/bigoilict/share/BigOil/document_generator/datasets/documents_2021_12_28/27styles_3cols_20211228_165740_4499736769_600_800.png,27styles_3cols_20211228_165740_4499736769_600_800_mask.png,xo   de58  escoamento  superficial  ou  descer
71,5,143,10,410,255,553,265,410,255,553,255,553,265,410,265,sub_line_text,text,text_12,times,regular,8,27styles_3cols_20211228_165740_4499736769_600_800.png,/scratch/parceirosbr/bigoilict/share/BigOil/document_generator/datasets/documents_2021_12_28/27styles_3cols_20211228_165740_4499736769_600_800.png,27styles_3cols_20211228_165740_4499736769_600_800_mask.png,"atr81  avés  dos  poros  do  solo,  podendo co-"
68,5,137,10,410,267,547,277,410,267,547,267,547,277,410,277,sub_line_text,text,text_12,times,regular,8,27styles_3cols_20211228_165740_4499736769_600_800.png,/scratch/parceirosbr/bigoilict/share/BigOil/document_generator/datasets/documents_2021_12_28/27styles_3cols_20211228_165740_4499736769_600_800.png,27styles_3cols_20211228_165740_4499736769_600_800_mask.png,"lmatar e gera6 r crostas.  O líquido, então,."
72,47,144,94,410,183,554,277,410,183,554,183,554,277,410,277,text,text,text_12,times,regular,8,27styles_3cols_20211228_165740_4499736769_600_800.png,/scratch/parceirosbr/bigoilict/share/BigOil/document_generator/datasets/documents_2021_12_28/27styles_3cols_20211228_165740_4499736769_600_800.png,27styles_3cols_20211228_165740_4499736769_600_800_mask.png,nan
72,5,144,10,410,281,554,291,410,281,554,281,554,291,410,291,sub_line_text,text,text_13,times,regular,8,27styles_3cols_20211228_165740_4499736769_600_800.png,/scratch/parceirosbr/bigoilict/share/BigOil/document_generator/datasets/documents_2021_12_28/27styles_3cols_20211228_165740_4499736769_600_800.png,27styles_3cols_20211228_165740_4499736769_600_800_mask.png,Outro   fator  que  pode  influenciar  no  co-
72,5,144,10,410,293,554,303,410,293,554,293,554,303,410,303,sub_line_text,text,text_13,times,regular,8,27styles_3cols_20211228_165740_4499736769_600_800.png,/scratch/parceirosbr/bigoilict/share/BigOil/document_generator/datasets/documents_2021_12_28/27styles_3cols_20211228_165740_4499736769_600_800.png,27styles_3cols_20211228_165740_4499736769_600_800_mask.png,mportamento   da   perm65   eabilidade   rela-
71,5,143,10,410,305,553,315,410,305,553,305,553,315,410,315,sub_line_text,text,text_13,times,regular,8,27styles_3cols_20211228_165740_4499736769_600_800.png,/scratch/parceirosbr/bigoilict/share/BigOil/document_generator/datasets/documents_2021_12_28/27styles_3cols_20211228_165740_4499736769_600_800.png,27styles_3cols_20211228_165740_4499736769_600_800_mask.png,tiva  é  a  presença21    de  minerais de argila
72,5,144,10,410,317,554,327,410,317,554,317,554,327,410,327,sub_line_text,text,text_13,times,regular,8,27styles_3cols_20211228_165740_4499736769_600_800.png,/scratch/parceirosbr/bigoilict/share/BigOil/document_generator/datasets/documents_2021_12_28/27styles_3cols_20211228_165740_4499736769_600_800.png,27styles_3cols_20211228_165740_4499736769_600_800_mask.png,que   podem   apresentar   sensibili65  dade  à
72,5,144,10,410,329,554,339,410,329,554,329,554,339,410,339,sub_line_text,text,text_13,times,regular,8,27styles_3cols_20211228_165740_4499736769_600_800.png,/scratch/parceirosbr/bigoilict/share/BigOil/document_generator/datasets/documents_2021_12_28/27styles_3cols_20211228_165740_4499736769_600_800.png,27styles_3cols_20211228_165740_4499736769_600_800_mask.png,"águ33  a,  podendo  ocorrer  inchaço,  disper-"
71,5,143,10,410,341,553,351,410,341,553,341,553,351,410,351,sub_line_text,text,text_13,times,regular,8,27styles_3cols_20211228_165740_4499736769_600_800.png,/scratch/parceirosbr/bigoilict/share/BigOil/document_generator/datasets/documents_2021_12_28/27styles_3cols_20211228_165740_4499736769_600_800.png,27styles_3cols_20211228_165740_4499736769_600_800_mask.png,são  e  ou  deslocamento  destes  para83 o in-
64,5,129,10,410,353,539,363,410,353,539,353,539,363,410,363,sub_line_text,text,text_13,times,regular,8,27styles_3cols_20211228_165740_4499736769_600_800.png,/scratch/parceirosbr/bigoilict/share/BigOil/document_generator/datasets/documents_2021_12_28/27styles_3cols_20211228_165740_4499736769_600_800.png,27styles_3cols_20211228_165740_4499736769_600_800_mask.png,"terior dos poros, podendo bl8 oquear os."
72,41,144,82,410,281,554,363,410,281,554,281,554,363,410,363,text,text,text_13,times,regular,8,27styles_3cols_20211228_165740_4499736769_600_800.png,/scratch/parceirosbr/bigoilict/share/BigOil/document_generator/datasets/documents_2021_12_28/27styles_3cols_20211228_165740_4499736769_600_800.png,27styles_3cols_20211228_165740_4499736769_600_800_mask.png,nan
72,5,144,10,410,367,554,377,410,367,554,367,554,377,410,377,sub_line_text,text,text_14,times,regular,8,27styles_3cols_20211228_165740_4499736769_600_800.png,/scratch/parceirosbr/bigoilict/share/BigOil/document_generator/datasets/documents_2021_12_28/27styles_3cols_20211228_165740_4499736769_600_800.png,27styles_3cols_20211228_165740_4499736769_600_800_mask.png,O  objetivo  maior  do  programa  é  o  de c-
72,5,144,10,410,379,554,389,410,379,554,379,554,389,410,389,sub_line_text,text,text_14,times,regular,8,27styles_3cols_20211228_165740_4499736769_600_800.png,/scratch/parceirosbr/bigoilict/share/BigOil/document_generator/datasets/documents_2021_12_28/27styles_3cols_20211228_165740_4499736769_600_800.png,27styles_3cols_20211228_165740_4499736769_600_800_mask.png,ont49  ribuir  com  o  esforço  em  relação  às
72,5,144,10,410,391,554,401,410,391,554,391,554,401,410,401,sub_line_text,text,text_14,times,regular,8,27styles_3cols_20211228_165740_4499736769_600_800.png,/scratch/parceirosbr/bigoilict/share/BigOil/document_generator/datasets/documents_2021_12_28/27styles_3cols_20211228_165740_4499736769_600_800.png,27styles_3cols_20211228_165740_4499736769_600_800_mask.png,metas  nacionais  de  dimin22  uição  das  em-
72,5,144,10,410,403,554,413,410,403,554,403,554,413,410,413,sub_line_text,text,text_14,times,regular,8,27styles_3cols_20211228_165740_4499736769_600_800.png,/scratch/parceirosbr/bigoilict/share/BigOil/document_generator/datasets/documents_2021_12_28/27styles_3cols_20211228_165740_4499736769_600_800.png,27styles_3cols_20211228_165740_4499736769_600_800_mask.png,issões  de  gases  de  efeito3  estufa.  A areia
72,5,144,10,410,415,554,425,410,415,554,415,554,425,410,425,sub_line_text,text,text_14,times,regular,8,27styles_3cols_20211228_165740_4499736769_600_800.png,/scratch/parceirosbr/bigoilict/share/BigOil/document_generator/datasets/documents_2021_12_28/27styles_3cols_20211228_165740_4499736769_600_800.png,27styles_3cols_20211228_165740_4499736769_600_800_mask.png,apresentou   um  comportame37  nto  contrár-
71,5,143,10,410,427,553,437,410,427,553,427,553,437,410,437,sub_line_text,text,text_14,times,regular,8,27styles_3cols_20211228_165740_4499736769_600_800.png,/scratch/parceirosbr/bigoilict/share/BigOil/document_generator/datasets/documents_2021_12_28/27styles_3cols_20211228_165740_4499736769_600_800.png,27styles_3cols_20211228_165740_4499736769_600_800_mask.png,"io  a  concentração  destes,  e36 xplicado pe-"
65,5,131,10,410,439,541,449,410,439,541,439,541,449,410,449,sub_line_text,text,text_14,times,regular,8,27styles_3cols_20211228_165740_4499736769_600_800.png,/scratch/parceirosbr/bigoilict/share/BigOil/document_generator/datasets/documents_2021_12_28/27styles_3cols_20211228_165740_4499736769_600_800.png,27styles_3cols_20211228_165740_4499736769_600_800_mask.png,la sua baixís94 sima capacidade de reten.
72,41,144,82,410,367,554,449,410,367,554,367,554,449,410,449,text,text,text_14,times,regular,8,27styles_3cols_20211228_165740_4499736769_600_800.png,/scratch/parceirosbr/bigoilict/share/BigOil/document_generator/datasets/documents_2021_12_28/27styles_3cols_20211228_165740_4499736769_600_800.png,27styles_3cols_20211228_165740_4499736769_600_800_mask.png,nan
72,5,144,10,410,453,554,463,410,453,554,453,554,463,410,463,sub_line_text,text,text_15,times,regular,8,27styles_3cols_20211228_165740_4499736769_600_800.png,/scratch/parceirosbr/bigoilict/share/BigOil/document_generator/datasets/documents_2021_12_28/27styles_3cols_20211228_165740_4499736769_600_800.png,27styles_3cols_20211228_165740_4499736769_600_800_mask.png,A  13  ilustra  as  três  condições  de tratam-
71,5,143,10,410,465,553,475,410,465,553,465,553,475,410,475,sub_line_text,text,text_15,times,regular,8,27styles_3cols_20211228_165740_4499736769_600_800.png,/scratch/parceirosbr/bigoilict/share/BigOil/document_generator/datasets/documents_2021_12_28/27styles_3cols_20211228_165740_4499736769_600_800.png,27styles_3cols_20211228_165740_4499736769_600_800_mask.png,entos   térmicos   de   têmpera47    explicados
72,5,144,10,410,477,554,487,410,477,554,477,554,487,410,487,sub_line_text,text,text_15,times,regular,8,27styles_3cols_20211228_165740_4499736769_600_800.png,/scratch/parceirosbr/bigoilict/share/BigOil/document_generator/datasets/documents_2021_12_28/27styles_3cols_20211228_165740_4499736769_600_800.png,27styles_3cols_20211228_165740_4499736769_600_800_mask.png,"anteriormente,   detalha43   ndo   tempo   e   t-"
71,5,143,10,410,489,553,499,410,489,553,489,553,499,410,499,sub_line_text,text,text_15,times,regular,8,27styles_3cols_20211228_165740_4499736769_600_800.png,/scratch/parceirosbr/bigoilict/share/BigOil/document_generator/datasets/documents_2021_12_28/27styles_3cols_20211228_165740_4499736769_600_800.png,27styles_3cols_20211228_165740_4499736769_600_800_mask.png,emper76  atura  envolvidos  em  cada  proce-
71,5,143,10,410,501,553,511,410,501,553,501,553,511,410,511,sub_line_text,text,text_15,times,regular,8,27styles_3cols_20211228_165740_4499736769_600_800.png,/scratch/parceirosbr/bigoilict/share/BigOil/document_generator/datasets/documents_2021_12_28/27styles_3cols_20211228_165740_4499736769_600_800.png,27styles_3cols_20211228_165740_4499736769_600_800_mask.png,sso.    Na  exi7  stem  quatro categorias de r-
71,5,143,10,410,513,553,523,410,513,553,513,553,523,410,523,sub_line_text,text,text_15,times,regular,8,27styles_3cols_20211228_165740_4499736769_600_800.png,/scratch/parceirosbr/bigoilict/share/BigOil/document_generator/datasets/documents_2021_12_28/27styles_3cols_20211228_165740_4499736769_600_800.png,27styles_3cols_20211228_165740_4499736769_600_800_mask.png,evendedores:82    os  de  propriedade  dos  os
65,5,131,10,410,525,541,535,410,525,541,525,541,535,410,535,sub_line_text,text,text_15,times,regular,8,27styles_3cols_20211228_165740_4499736769_600_800.png,/scratch/parceirosbr/bigoilict/share/BigOil/document_generator/datasets/documents_2021_12_28/27styles_3cols_20211228_165740_4499736769_600_800.png,27styles_3cols_20211228_165740_4499736769_600_800_mask.png,independentes ban50 deirados; os indepe.
72,41,144,82,410,453,554,535,410,453,554,453,554,535,410,535,text,text,text_15,times,regular,8,27styles_3cols_20211228_165740_4499736769_600_800.png,/scratch/parceirosbr/bigoilict/share/BigOil/document_generator/datasets/documents_2021_12_28/27styles_3cols_20211228_165740_4499736769_600_800.png,27styles_3cols_20211228_165740_4499736769_600_800_mask.png,nan
71,5,143,10,410,539,553,549,410,539,553,539,553,549,410,549,sub_line_text,text,text_16,times,regular,8,27styles_3cols_20211228_165740_4499736769_600_800.png,/scratch/parceirosbr/bigoilict/share/BigOil/document_generator/datasets/documents_2021_12_28/27styles_3cols_20211228_165740_4499736769_600_800.png,27styles_3cols_20211228_165740_4499736769_600_800_mask.png,A  respeito  da  faciologia  da  margem  co-
72,5,144,10,410,551,554,561,410,551,554,551,554,561,410,561,sub_line_text,text,text_16,times,regular,8,27styles_3cols_20211228_165740_4499736769_600_800.png,/scratch/parceirosbr/bigoilict/share/BigOil/document_generator/datasets/documents_2021_12_28/27styles_3cols_20211228_165740_4499736769_600_800.png,27styles_3cols_20211228_165740_4499736769_600_800_mask.png,nti83   nental   do   a   distribuição  sedimentar
71,5,143,10,410,563,553,573,410,563,553,563,553,573,410,573,sub_line_text,text,text_16,times,regular,8,27styles_3cols_20211228_165740_4499736769_600_800.png,/scratch/parceirosbr/bigoilict/share/BigOil/document_generator/datasets/documents_2021_12_28/27styles_3cols_20211228_165740_4499736769_600_800.png,27styles_3cols_20211228_165740_4499736769_600_800_mask.png,a37     presenta-se     altamente    influenciada
71,5,143,10,410,575,553,585,410,575,553,575,553,585,410,585,sub_line_text,text,text_16,times,regular,8,27styles_3cols_20211228_165740_4499736769_600_800.png,/scratch/parceirosbr/bigoilict/share/BigOil/document_generator/datasets/documents_2021_12_28/27styles_3cols_20211228_165740_4499736769_600_800.png,27styles_3cols_20211228_165740_4499736769_600_800_mask.png,pelos  eventos  transgressivo71 s e regressiv-
72,5,144,10,410,587,554,597,410,587,554,587,554,597,410,597,sub_line_text,text,text_16,times,regular,8,27styles_3cols_20211228_165740_4499736769_600_800.png,/scratch/parceirosbr/bigoilict/share/BigOil/document_generator/datasets/documents_2021_12_28/27styles_3cols_20211228_165740_4499736769_600_800.png,27styles_3cols_20211228_165740_4499736769_600_800_mask.png,"os  que  ocorr63  eram  ao  longo do (Martins,"
71,5,143,10,410,599,553,609,410,599,553,599,553,609,410,609,sub_line_text,text,text_16,times,regular,8,27styles_3cols_20211228_165740_4499736769_600_800.png,/scratch/parceirosbr/bigoilict/share/BigOil/document_generator/datasets/documents_2021_12_28/27styles_3cols_20211228_165740_4499736769_600_800.png,27styles_3cols_20211228_165740_4499736769_600_800_mask.png,2004).    O  núm44 ero de cetano desse bioc-
71,5,143,10,410,611,553,621,410,611,553,611,553,621,410,621,sub_line_text,text,text_16,times,regular,8,27styles_3cols_20211228_165740_4499736769_600_800.png,/scratch/parceirosbr/bigoilict/share/BigOil/document_generator/datasets/documents_2021_12_28/27styles_3cols_20211228_165740_4499736769_600_800.png,27styles_3cols_20211228_165740_4499736769_600_800_mask.png,ombustível   é   significam46  ente  alto  (50--
71,5,143,10,410,623,553,633,410,623,553,623,553,633,410,633,sub_line_text,text,text_16,times,regular,8,27styles_3cols_20211228_165740_4499736769_600_800.png,/scratch/parceirosbr/bigoilict/share/BigOil/document_generator/datasets/documents_2021_12_28/27styles_3cols_20211228_165740_4499736769_600_800.png,27styles_3cols_20211228_165740_4499736769_600_800_mask.png,101)  e  o  pon53 to de aquecimento é de 43.-
72,5,144,10,410,635,554,645,410,635,554,635,554,645,410,645,sub_line_text,text,text_16,times,regular,8,27styles_3cols_20211228_165740_4499736769_600_800.png,/scratch/parceirosbr/bigoilict/share/BigOil/document_generator/datasets/documents_2021_12_28/27styles_3cols_20211228_165740_4499736769_600_800.png,27styles_3cols_20211228_165740_4499736769_600_800_mask.png,3493  7.    Enquanto  a leitura dos logs sugeria
71,5,143,10,410,647,553,657,410,647,553,647,553,657,410,657,sub_line_text,text,text_16,times,regular,8,27styles_3cols_20211228_165740_4499736769_600_800.png,/scratch/parceirosbr/bigoilict/share/BigOil/document_generator/datasets/documents_2021_12_28/27styles_3cols_20211228_165740_4499736769_600_800.png,27styles_3cols_20211228_165740_4499736769_600_800_mask.png,"uma  saturação  de  óleo  maior  q41 ue 50%,"
58,5,116,10,410,659,526,669,410,659,526,659,526,669,410,669,sub_line_text,text,text_16,times,regular,8,27styles_3cols_20211228_165740_4499736769_600_800.png,/scratch/parceirosbr/bigoilict/share/BigOil/document_generator/datasets/documents_2021_12_28/27styles_3cols_20211228_165740_4499736769_600_800.png,27styles_3cols_20211228_165740_4499736769_600_800_mask.png,o39 s poços apresentavam produção.
72,65,144,130,410,539,554,669,410,539,554,539,554,669,410,669,text,text,text_16,times,regular,8,27styles_3cols_20211228_165740_4499736769_600_800.png,/scratch/parceirosbr/bigoilict/share/BigOil/document_generator/datasets/documents_2021_12_28/27styles_3cols_20211228_165740_4499736769_600_800.png,27styles_3cols_20211228_165740_4499736769_600_800_mask.png,nan
72,5,144,10,410,673,554,683,410,673,554,673,554,683,410,683,sub_line_text,text,text_17,times,regular,8,27styles_3cols_20211228_165740_4499736769_600_800.png,/scratch/parceirosbr/bigoilict/share/BigOil/document_generator/datasets/documents_2021_12_28/27styles_3cols_20211228_165740_4499736769_600_800.png,27styles_3cols_20211228_165740_4499736769_600_800_mask.png,"Porém,   em   versões  atuais  do  e  também"
72,5,144,10,410,685,554,695,410,685,554,685,554,695,410,695,sub_line_text,text,text_17,times,regular,8,27styles_3cols_20211228_165740_4499736769_600_800.png,/scratch/parceirosbr/bigoilict/share/BigOil/document_generator/datasets/documents_2021_12_28/27styles_3cols_20211228_165740_4499736769_600_800.png,27styles_3cols_20211228_165740_4499736769_600_800_mask.png,em  versõe37  s  essa  monitoração da taxa de
71,5,143,10,410,697,553,707,410,697,553,697,553,707,410,707,sub_line_text,text,text_17,times,regular,8,27styles_3cols_20211228_165740_4499736769_600_800.png,/scratch/parceirosbr/bigoilict/share/BigOil/document_generator/datasets/documents_2021_12_28/27styles_3cols_20211228_165740_4499736769_600_800.png,27styles_3cols_20211228_165740_4499736769_600_800_mask.png,variação   da  resistência  é  determi23  nada
64,5,129,10,410,709,539,719,410,709,539,709,539,719,410,719,sub_line_text,text,text_17,times,regular,8,27styles_3cols_20211228_165740_4499736769_600_800.png,/scratch/parceirosbr/bigoilict/share/BigOil/document_generator/datasets/documents_2021_12_28/27styles_3cols_20211228_165740_4499736769_600_800.png,27styles_3cols_20211228_165740_4499736769_600_800_mask.png,indiretamente pela me56 dição consecut.
72,23,144,46,410,673,554,719,410,673,554,673,554,719,410,719,text,text,text_17,times,regular,8,27styles_3cols_20211228_165740_4499736769_600_800.png,/scratch/parceirosbr/bigoilict/share/BigOil/document_generator/datasets/documents_2021_12_28/27styles_3cols_20211228_165740_4499736769_600_800.png,27styles_3cols_20211228_165740_4499736769_600_800_mask.png,nan
