center_x,center_y,width,height,xmin,ymin,xmax,ymax,top_left_x,top_left_y,top_right_x,top_right_y,bottom_right_x,bottom_right_y,bottom_left_x,bottom_left_y,label,grouplabel,group,text_font,text_style,size_font,filename,path,filename_mask,content
300,400,600,800,0,0,600,800,0,0,600,0,600,800,0,800,document,,,,,,27styles_3cols_20211228_165740_6913140489_600_800.png,/scratch/parceirosbr/bigoilict/share/BigOil/document_generator/datasets/documents_2021_12_28/27styles_3cols_20211228_165740_6913140489_600_800.png,27styles_3cols_20211228_165740_6913140489_600_800_mask.png,
189,47,378,94,145,99,523,193,145,99,523,99,523,193,145,193,table,header,table_0,courier,regular,8.0,27styles_3cols_20211228_165740_6913140489_600_800.png,/scratch/parceirosbr/bigoilict/share/BigOil/document_generator/datasets/documents_2021_12_28/27styles_3cols_20211228_165740_6913140489_600_800.png,27styles_3cols_20211228_165740_6913140489_600_800_mask.png,nan
14,35,28,71,151,110,179,181,151,110,179,110,179,181,151,181,text,table_text,table_0,courier,regular,8.0,27styles_3cols_20211228_165740_6913140489_600_800.png,/scratch/parceirosbr/bigoilict/share/BigOil/document_generator/datasets/documents_2021_12_28/27styles_3cols_20211228_165740_6913140489_600_800.png,27styles_3cols_20211228_165740_6913140489_600_800_mask.png,/scratch/parceirosbr/bigoilict/share/BigOil/document_generator/files_images_document_generator/logos\image_4599.jpg
14,35,28,71,151,110,179,181,151,110,179,110,179,181,151,181,sub_line_text,table_text,table_0,courier,regular,8.0,27styles_3cols_20211228_165740_6913140489_600_800.png,/scratch/parceirosbr/bigoilict/share/BigOil/document_generator/datasets/documents_2021_12_28/27styles_3cols_20211228_165740_6913140489_600_800.png,27styles_3cols_20211228_165740_6913140489_600_800_mask.png,/scratch/parceirosbr/bigoilict/share/BigOil/document_generator/files_images_document_generator/logos\image_4599.jpg
33,5,66,11,204,101,270,112,204,101,270,101,270,112,204,112,text,table_text,table_0,courier,regular,10.0,27styles_3cols_20211228_165740_6913140489_600_800.png,/scratch/parceirosbr/bigoilict/share/BigOil/document_generator/datasets/documents_2021_12_28/27styles_3cols_20211228_165740_6913140489_600_800.png,27styles_3cols_20211228_165740_6913140489_600_800_mask.png,ineficiente
33,5,66,11,204,101,270,112,204,101,270,101,270,112,204,112,sub_line_text,table_text,table_0,courier,regular,10.0,27styles_3cols_20211228_165740_6913140489_600_800.png,/scratch/parceirosbr/bigoilict/share/BigOil/document_generator/datasets/documents_2021_12_28/27styles_3cols_20211228_165740_6913140489_600_800.png,27styles_3cols_20211228_165740_6913140489_600_800_mask.png,ineficiente
22,4,45,9,289,119,334,128,289,119,334,119,334,128,289,128,text,table_text,table_0,courier,regular,8.0,27styles_3cols_20211228_165740_6913140489_600_800.png,/scratch/parceirosbr/bigoilict/share/BigOil/document_generator/datasets/documents_2021_12_28/27styles_3cols_20211228_165740_6913140489_600_800.png,27styles_3cols_20211228_165740_6913140489_600_800_mask.png,estrutura
22,4,45,9,289,119,334,128,289,119,334,119,334,128,289,128,sub_line_text,table_text,table_0,courier,regular,8.0,27styles_3cols_20211228_165740_6913140489_600_800.png,/scratch/parceirosbr/bigoilict/share/BigOil/document_generator/datasets/documents_2021_12_28/27styles_3cols_20211228_165740_6913140489_600_800.png,27styles_3cols_20211228_165740_6913140489_600_800_mask.png,estrutura
15,2,31,5,187,137,218,142,187,137,218,137,218,142,187,142,text,table_text,table_0,courier,regular,4.0,27styles_3cols_20211228_165740_6913140489_600_800.png,/scratch/parceirosbr/bigoilict/share/BigOil/document_generator/datasets/documents_2021_12_28/27styles_3cols_20211228_165740_6913140489_600_800.png,27styles_3cols_20211228_165740_6913140489_600_800_mask.png,norte-americana
15,2,31,5,187,137,218,142,187,137,218,137,218,142,187,142,sub_line_text,table_text,table_0,courier,regular,4.0,27styles_3cols_20211228_165740_6913140489_600_800.png,/scratch/parceirosbr/bigoilict/share/BigOil/document_generator/datasets/documents_2021_12_28/27styles_3cols_20211228_165740_6913140489_600_800.png,27styles_3cols_20211228_165740_6913140489_600_800_mask.png,norte-americana
110,4,221,8,201,142,422,150,201,142,422,142,422,150,201,150,text,table_text,table_0,courier,bold,8.0,27styles_3cols_20211228_165740_6913140489_600_800.png,/scratch/parceirosbr/bigoilict/share/BigOil/document_generator/datasets/documents_2021_12_28/27styles_3cols_20211228_165740_6913140489_600_800.png,27styles_3cols_20211228_165740_6913140489_600_800_mask.png,"Aliadas a isso, as oscilações dos preços do "
110,4,221,8,201,142,422,150,201,142,422,142,422,150,201,150,sub_line_text,table_text,table_0,courier,bold,8.0,27styles_3cols_20211228_165740_6913140489_600_800.png,/scratch/parceirosbr/bigoilict/share/BigOil/document_generator/datasets/documents_2021_12_28/27styles_3cols_20211228_165740_6913140489_600_800.png,27styles_3cols_20211228_165740_6913140489_600_800_mask.png,"Aliadas a isso, as oscilações dos preços do "
15,4,30,8,296,150,326,158,296,150,326,150,326,158,296,158,text,table_text,table_0,courier,bold,8.0,27styles_3cols_20211228_165740_6913140489_600_800.png,/scratch/parceirosbr/bigoilict/share/BigOil/document_generator/datasets/documents_2021_12_28/27styles_3cols_20211228_165740_6913140489_600_800.png,27styles_3cols_20211228_165740_6913140489_600_800_mask.png,reação
15,4,30,8,296,150,326,158,296,150,326,150,326,158,296,158,sub_line_text,table_text,table_0,courier,bold,8.0,27styles_3cols_20211228_165740_6913140489_600_800.png,/scratch/parceirosbr/bigoilict/share/BigOil/document_generator/datasets/documents_2021_12_28/27styles_3cols_20211228_165740_6913140489_600_800.png,27styles_3cols_20211228_165740_6913140489_600_800_mask.png,reação
10,2,21,5,291,101,312,106,291,101,312,101,312,106,291,106,text,table_text,table_0,courier,bold,4.0,27styles_3cols_20211228_165740_6913140489_600_800.png,/scratch/parceirosbr/bigoilict/share/BigOil/document_generator/datasets/documents_2021_12_28/27styles_3cols_20211228_165740_6913140489_600_800.png,27styles_3cols_20211228_165740_6913140489_600_800_mask.png,incentivos
10,2,21,5,291,101,312,106,291,101,312,101,312,106,291,106,sub_line_text,table_text,table_0,courier,bold,4.0,27styles_3cols_20211228_165740_6913140489_600_800.png,/scratch/parceirosbr/bigoilict/share/BigOil/document_generator/datasets/documents_2021_12_28/27styles_3cols_20211228_165740_6913140489_600_800.png,27styles_3cols_20211228_165740_6913140489_600_800_mask.png,incentivos
15,4,30,9,368,106,398,115,368,106,398,106,398,115,368,115,text,table_text,table_0,courier,regular,8.0,27styles_3cols_20211228_165740_6913140489_600_800.png,/scratch/parceirosbr/bigoilict/share/BigOil/document_generator/datasets/documents_2021_12_28/27styles_3cols_20211228_165740_6913140489_600_800.png,27styles_3cols_20211228_165740_6913140489_600_800_mask.png,tratam
15,4,30,9,368,106,398,115,368,106,398,106,398,115,368,115,sub_line_text,table_text,table_0,courier,regular,8.0,27styles_3cols_20211228_165740_6913140489_600_800.png,/scratch/parceirosbr/bigoilict/share/BigOil/document_generator/datasets/documents_2021_12_28/27styles_3cols_20211228_165740_6913140489_600_800.png,27styles_3cols_20211228_165740_6913140489_600_800_mask.png,tratam
5,2,11,5,439,119,450,124,439,119,450,119,450,124,439,124,text,table_text,table_0,courier,regular,4.0,27styles_3cols_20211228_165740_6913140489_600_800.png,/scratch/parceirosbr/bigoilict/share/BigOil/document_generator/datasets/documents_2021_12_28/27styles_3cols_20211228_165740_6913140489_600_800.png,27styles_3cols_20211228_165740_6913140489_600_800_mask.png,apelo
5,2,11,5,439,119,450,124,439,119,450,119,450,124,439,124,sub_line_text,table_text,table_0,courier,regular,4.0,27styles_3cols_20211228_165740_6913140489_600_800.png,/scratch/parceirosbr/bigoilict/share/BigOil/document_generator/datasets/documents_2021_12_28/27styles_3cols_20211228_165740_6913140489_600_800.png,27styles_3cols_20211228_165740_6913140489_600_800_mask.png,apelo
25,4,50,9,455,124,505,133,455,124,505,124,505,133,455,133,text,table_text,table_0,courier,regular,8.0,27styles_3cols_20211228_165740_6913140489_600_800.png,/scratch/parceirosbr/bigoilict/share/BigOil/document_generator/datasets/documents_2021_12_28/27styles_3cols_20211228_165740_6913140489_600_800.png,27styles_3cols_20211228_165740_6913140489_600_800_mask.png,realização
25,4,50,9,455,124,505,133,455,124,505,124,505,133,455,133,sub_line_text,table_text,table_0,courier,regular,8.0,27styles_3cols_20211228_165740_6913140489_600_800.png,/scratch/parceirosbr/bigoilict/share/BigOil/document_generator/datasets/documents_2021_12_28/27styles_3cols_20211228_165740_6913140489_600_800.png,27styles_3cols_20211228_165740_6913140489_600_800_mask.png,realização
17,4,35,9,462,155,497,164,462,155,497,155,497,164,462,164,text,table_text,table_0,courier,regular,8.0,27styles_3cols_20211228_165740_6913140489_600_800.png,/scratch/parceirosbr/bigoilict/share/BigOil/document_generator/datasets/documents_2021_12_28/27styles_3cols_20211228_165740_6913140489_600_800.png,27styles_3cols_20211228_165740_6913140489_600_800_mask.png,durante
17,4,35,9,462,155,497,164,462,155,497,155,497,164,462,164,sub_line_text,table_text,table_0,courier,regular,8.0,27styles_3cols_20211228_165740_6913140489_600_800.png,/scratch/parceirosbr/bigoilict/share/BigOil/document_generator/datasets/documents_2021_12_28/27styles_3cols_20211228_165740_6913140489_600_800.png,27styles_3cols_20211228_165740_6913140489_600_800_mask.png,durante
8,2,17,5,479,101,496,106,479,101,496,101,496,106,479,106,text,table_text,table_0,courier,regular,4.0,27styles_3cols_20211228_165740_6913140489_600_800.png,/scratch/parceirosbr/bigoilict/share/BigOil/document_generator/datasets/documents_2021_12_28/27styles_3cols_20211228_165740_6913140489_600_800.png,27styles_3cols_20211228_165740_6913140489_600_800_mask.png,alocação
8,2,17,5,479,101,496,106,479,101,496,101,496,106,479,106,sub_line_text,table_text,table_0,courier,regular,4.0,27styles_3cols_20211228_165740_6913140489_600_800.png,/scratch/parceirosbr/bigoilict/share/BigOil/document_generator/datasets/documents_2021_12_28/27styles_3cols_20211228_165740_6913140489_600_800.png,27styles_3cols_20211228_165740_6913140489_600_800_mask.png,alocação
7,4,15,9,492,106,507,115,492,106,507,106,507,115,492,115,text,table_text,table_0,courier,regular,8.0,27styles_3cols_20211228_165740_6913140489_600_800.png,/scratch/parceirosbr/bigoilict/share/BigOil/document_generator/datasets/documents_2021_12_28/27styles_3cols_20211228_165740_6913140489_600_800.png,27styles_3cols_20211228_165740_6913140489_600_800_mask.png,ser
7,4,15,9,492,106,507,115,492,106,507,106,507,115,492,115,sub_line_text,table_text,table_0,courier,regular,8.0,27styles_3cols_20211228_165740_6913140489_600_800.png,/scratch/parceirosbr/bigoilict/share/BigOil/document_generator/datasets/documents_2021_12_28/27styles_3cols_20211228_165740_6913140489_600_800.png,27styles_3cols_20211228_165740_6913140489_600_800_mask.png,ser
37,4,75,9,179,214,254,223,179,214,254,214,254,223,179,223,sub_line_text,text,text_0,courier,regular,8,27styles_3cols_20211228_165740_6913140489_600_800.png,/scratch/parceirosbr/bigoilict/share/BigOil/document_generator/datasets/documents_2021_12_28/27styles_3cols_20211228_165740_6913140489_600_800.png,27styles_3cols_20211228_165740_6913140489_600_800_mask.png,"Assim,  para b-"
57,4,115,9,145,227,260,236,145,227,260,227,260,236,145,236,sub_line_text,text,text_0,courier,regular,8,27styles_3cols_20211228_165740_6913140489_600_800.png,/scratch/parceirosbr/bigoilict/share/BigOil/document_generator/datasets/documents_2021_12_28/27styles_3cols_20211228_165740_6913140489_600_800.png,27styles_3cols_20211228_165740_6913140489_600_800_mask.png,"aixas  pressõe74 s, o nú-"
56,4,113,9,145,240,258,249,145,240,258,240,258,249,145,249,sub_line_text,text,text_0,courier,regular,8,27styles_3cols_20211228_165740_6913140489_600_800.png,/scratch/parceirosbr/bigoilict/share/BigOil/document_generator/datasets/documents_2021_12_28/27styles_3cols_20211228_165740_6913140489_600_800.png,27styles_3cols_20211228_165740_6913140489_600_800_mask.png,mero  de3  portadores de
53,4,107,9,145,253,252,262,145,253,252,253,252,262,145,262,sub_line_text,text,text_0,courier,regular,8,27styles_3cols_20211228_165740_6913140489_600_800.png,/scratch/parceirosbr/bigoilict/share/BigOil/document_generator/datasets/documents_2021_12_28/27styles_3cols_20211228_165740_6913140489_600_800.png,27styles_3cols_20211228_165740_6913140489_600_800_mask.png,"cargas86  é menor, resu-"
56,4,112,9,145,266,257,275,145,266,257,266,257,275,145,275,sub_line_text,text,text_0,courier,regular,8,27styles_3cols_20211228_165740_6913140489_600_800.png,/scratch/parceirosbr/bigoilict/share/BigOil/document_generator/datasets/documents_2021_12_28/27styles_3cols_20211228_165740_6913140489_600_800.png,27styles_3cols_20211228_165740_6913140489_600_800_mask.png,ltand32  o numa luminosi-
57,4,115,9,145,279,260,288,145,279,260,279,260,288,145,288,sub_line_text,text,text_0,courier,regular,8,27styles_3cols_20211228_165740_6913140489_600_800.png,/scratch/parceirosbr/bigoilict/share/BigOil/document_generator/datasets/documents_2021_12_28/27styles_3cols_20211228_165740_6913140489_600_800.png,27styles_3cols_20211228_165740_6913140489_600_800_mask.png,dade  me84 nor.  This di-
52,4,105,9,145,292,250,301,145,292,250,292,250,301,145,301,sub_line_text,text,text_0,courier,regular,8,27styles_3cols_20211228_165740_6913140489_600_800.png,/scratch/parceirosbr/bigoilict/share/BigOil/document_generator/datasets/documents_2021_12_28/27styles_3cols_20211228_165740_6913140489_600_800.png,27styles_3cols_20211228_165740_6913140489_600_800_mask.png,fference  causes80  the
56,4,112,9,145,305,257,314,145,305,257,305,257,314,145,314,sub_line_text,text,text_0,courier,regular,8,27styles_3cols_20211228_165740_6913140489_600_800.png,/scratch/parceirosbr/bigoilict/share/BigOil/document_generator/datasets/documents_2021_12_28/27styles_3cols_20211228_165740_6913140489_600_800.png,27styles_3cols_20211228_165740_6913140489_600_800_mask.png,fra93  cture in the regi-
57,4,115,9,145,318,260,327,145,318,260,318,260,327,145,327,sub_line_text,text,text_0,courier,regular,8,27styles_3cols_20211228_165740_6913140489_600_800.png,/scratch/parceirosbr/bigoilict/share/BigOil/document_generator/datasets/documents_2021_12_28/27styles_3cols_20211228_165740_6913140489_600_800.png,27styles_3cols_20211228_165740_6913140489_600_800_mask.png,on  of the e73 dges to be
57,4,115,9,145,331,260,340,145,331,260,331,260,340,145,340,sub_line_text,text,text_0,courier,regular,8,27styles_3cols_20211228_165740_6913140489_600_800.png,/scratch/parceirosbr/bigoilict/share/BigOil/document_generator/datasets/documents_2021_12_28/27styles_3cols_20211228_165740_6913140489_600_800.png,27styles_3cols_20211228_165740_6913140489_600_800_mask.png,45  in relat73 ion to the
57,4,115,9,145,344,260,353,145,344,260,344,260,353,145,353,sub_line_text,text,text_0,courier,regular,8,27styles_3cols_20211228_165740_6913140489_600_800.png,/scratch/parceirosbr/bigoilict/share/BigOil/document_generator/datasets/documents_2021_12_28/27styles_3cols_20211228_165740_6913140489_600_800.png,27styles_3cols_20211228_165740_6913140489_600_800_mask.png,load application72  axis.
57,69,115,139,145,214,260,353,145,214,260,214,260,353,145,353,text,text,text_0,courier,regular,8,27styles_3cols_20211228_165740_6913140489_600_800.png,/scratch/parceirosbr/bigoilict/share/BigOil/document_generator/datasets/documents_2021_12_28/27styles_3cols_20211228_165740_6913140489_600_800.png,27styles_3cols_20211228_165740_6913140489_600_800_mask.png,nan
35,4,70,9,179,363,249,372,179,363,249,363,249,372,179,372,sub_line_text,text,text_1,courier,regular,8,27styles_3cols_20211228_165740_6913140489_600_800.png,/scratch/parceirosbr/bigoilict/share/BigOil/document_generator/datasets/documents_2021_12_28/27styles_3cols_20211228_165740_6913140489_600_800.png,27styles_3cols_20211228_165740_6913140489_600_800_mask.png,As  reservas e
56,4,112,9,145,376,257,385,145,376,257,376,257,385,145,385,sub_line_text,text,text_1,courier,regular,8,27styles_3cols_20211228_165740_6913140489_600_800.png,/scratch/parceirosbr/bigoilict/share/BigOil/document_generator/datasets/documents_2021_12_28/27styles_3cols_20211228_165740_6913140489_600_800.png,27styles_3cols_20211228_165740_6913140489_600_800_mask.png,r79  ecursos contingentes
57,4,115,9,145,389,260,398,145,389,260,389,260,398,145,398,sub_line_text,text,text_1,courier,regular,8,27styles_3cols_20211228_165740_6913140489_600_800.png,/scratch/parceirosbr/bigoilict/share/BigOil/document_generator/datasets/documents_2021_12_28/27styles_3cols_20211228_165740_6913140489_600_800.png,27styles_3cols_20211228_165740_6913140489_600_800_mask.png,de  gás na23 tural inclu-
56,4,112,9,145,402,257,411,145,402,257,402,257,411,145,411,sub_line_text,text,text_1,courier,regular,8,27styles_3cols_20211228_165740_6913140489_600_800.png,/scratch/parceirosbr/bigoilict/share/BigOil/document_generator/datasets/documents_2021_12_28/27styles_3cols_20211228_165740_6913140489_600_800.png,27styles_3cols_20211228_165740_6913140489_600_800_mask.png,"em81   gás associado, gás"
56,4,113,9,145,415,258,424,145,415,258,415,258,424,145,424,sub_line_text,text,text_1,courier,regular,8,27styles_3cols_20211228_165740_6913140489_600_800.png,/scratch/parceirosbr/bigoilict/share/BigOil/document_generator/datasets/documents_2021_12_28/27styles_3cols_20211228_165740_6913140489_600_800.png,27styles_3cols_20211228_165740_6913140489_600_800_mask.png,associado  livre4  e gás
55,4,110,9,145,428,255,437,145,428,255,428,255,437,145,437,sub_line_text,text,text_1,courier,regular,8,27styles_3cols_20211228_165740_6913140489_600_800.png,/scratch/parceirosbr/bigoilict/share/BigOil/document_generator/datasets/documents_2021_12_28/27styles_3cols_20211228_165740_6913140489_600_800.png,27styles_3cols_20211228_165740_6913140489_600_800_mask.png,não  associado.77 4.  W-
54,4,108,9,145,441,253,450,145,441,253,441,253,450,145,450,sub_line_text,text,text_1,courier,regular,8,27styles_3cols_20211228_165740_6913140489_600_800.png,/scratch/parceirosbr/bigoilict/share/BigOil/document_generator/datasets/documents_2021_12_28/27styles_3cols_20211228_165740_6913140489_600_800.png,27styles_3cols_20211228_165740_6913140489_600_800_mask.png,ith regard t4 o fields.
57,43,115,87,145,363,260,450,145,363,260,363,260,450,145,450,text,text,text_1,courier,regular,8,27styles_3cols_20211228_165740_6913140489_600_800.png,/scratch/parceirosbr/bigoilict/share/BigOil/document_generator/datasets/documents_2021_12_28/27styles_3cols_20211228_165740_6913140489_600_800.png,27styles_3cols_20211228_165740_6913140489_600_800_mask.png,nan
35,4,70,9,179,460,249,469,179,460,249,460,249,469,179,469,sub_line_text,text,text_2,courier,regular,8,27styles_3cols_20211228_165740_6913140489_600_800.png,/scratch/parceirosbr/bigoilict/share/BigOil/document_generator/datasets/documents_2021_12_28/27styles_3cols_20211228_165740_6913140489_600_800.png,27styles_3cols_20211228_165740_6913140489_600_800_mask.png,Em:  45  total
53,4,107,9,145,473,252,482,145,473,252,473,252,482,145,482,sub_line_text,text,text_2,courier,regular,8,27styles_3cols_20211228_165740_6913140489_600_800.png,/scratch/parceirosbr/bigoilict/share/BigOil/document_generator/datasets/documents_2021_12_28/27styles_3cols_20211228_165740_6913140489_600_800.png,27styles_3cols_20211228_165740_6913140489_600_800_mask.png,pode73  incluir mistura-
57,4,115,9,145,486,260,495,145,486,260,486,260,495,145,495,sub_line_text,text,text_2,courier,regular,8,27styles_3cols_20211228_165740_6913140489_600_800.png,/scratch/parceirosbr/bigoilict/share/BigOil/document_generator/datasets/documents_2021_12_28/27styles_3cols_20211228_165740_6913140489_600_800.png,27styles_3cols_20211228_165740_6913140489_600_800_mask.png,"s,  d26 e modo que o teor"
57,4,115,9,145,499,260,508,145,499,260,499,260,508,145,508,sub_line_text,text,text_2,courier,regular,8,27styles_3cols_20211228_165740_6913140489_600_800.png,/scratch/parceirosbr/bigoilict/share/BigOil/document_generator/datasets/documents_2021_12_28/27styles_3cols_20211228_165740_6913140489_600_800.png,27styles_3cols_20211228_165740_6913140489_600_800_mask.png,de  etanol p21 uro das i-
52,4,105,9,145,512,250,521,145,512,250,512,250,521,145,521,sub_line_text,text,text_2,courier,regular,8,27styles_3cols_20211228_165740_6913140489_600_800.png,/scratch/parceirosbr/bigoilict/share/BigOil/document_generator/datasets/documents_2021_12_28/27styles_3cols_20211228_165740_6913140489_600_800.png,27styles_3cols_20211228_165740_6913140489_600_800_mask.png,mportações  pode s35 er
56,4,112,9,145,525,257,534,145,525,257,525,257,534,145,534,sub_line_text,text,text_2,courier,regular,8,27styles_3cols_20211228_165740_6913140489_600_800.png,/scratch/parceirosbr/bigoilict/share/BigOil/document_generator/datasets/documents_2021_12_28/27styles_3cols_20211228_165740_6913140489_600_800.png,27styles_3cols_20211228_165740_6913140489_600_800_mask.png,men63  or (ANDERSON-SPRE-
56,4,112,9,145,538,257,547,145,538,257,538,257,547,145,547,sub_line_text,text,text_2,courier,regular,8,27styles_3cols_20211228_165740_6913140489_600_800.png,/scratch/parceirosbr/bigoilict/share/BigOil/document_generator/datasets/documents_2021_12_28/27styles_3cols_20211228_165740_6913140489_600_800.png,27styles_3cols_20211228_165740_6913140489_600_800_mask.png,CH51  ER; 2015). 46 milho
52,4,105,9,145,551,250,560,145,551,250,551,250,560,145,560,sub_line_text,text,text_2,courier,regular,8,27styles_3cols_20211228_165740_6913140489_600_800.png,/scratch/parceirosbr/bigoilict/share/BigOil/document_generator/datasets/documents_2021_12_28/27styles_3cols_20211228_165740_6913140489_600_800.png,27styles_3cols_20211228_165740_6913140489_600_800_mask.png,responde  po43 r 70% do
55,4,110,9,145,564,255,573,145,564,255,564,255,573,145,573,sub_line_text,text,text_2,courier,regular,8,27styles_3cols_20211228_165740_6913140489_600_800.png,/scratch/parceirosbr/bigoilict/share/BigOil/document_generator/datasets/documents_2021_12_28/27styles_3cols_20211228_165740_6913140489_600_800.png,27styles_3cols_20211228_165740_6913140489_600_800_mask.png,etanol  produzid72 o e a
52,4,105,9,145,577,250,586,145,577,250,577,250,586,145,586,sub_line_text,text,text_2,courier,regular,8,27styles_3cols_20211228_165740_6913140489_600_800.png,/scratch/parceirosbr/bigoilict/share/BigOil/document_generator/datasets/documents_2021_12_28/27styles_3cols_20211228_165740_6913140489_600_800.png,27styles_3cols_20211228_165740_6913140489_600_800_mask.png,mand52 ioca por outros.
57,63,115,126,145,460,260,586,145,460,260,460,260,586,145,586,text,text,text_2,courier,regular,8,27styles_3cols_20211228_165740_6913140489_600_800.png,/scratch/parceirosbr/bigoilict/share/BigOil/document_generator/datasets/documents_2021_12_28/27styles_3cols_20211228_165740_6913140489_600_800.png,27styles_3cols_20211228_165740_6913140489_600_800_mask.png,nan
37,4,75,9,181,596,256,605,181,596,256,596,256,605,181,605,sub_line_text,text,text_3,courier,regular,8,27styles_3cols_20211228_165740_6913140489_600_800.png,/scratch/parceirosbr/bigoilict/share/BigOil/document_generator/datasets/documents_2021_12_28/27styles_3cols_20211228_165740_6913140489_600_800.png,27styles_3cols_20211228_165740_6913140489_600_800_mask.png,As  duas insti-
55,4,111,9,146,609,257,618,146,609,257,609,257,618,146,618,sub_line_text,text,text_3,courier,regular,8,27styles_3cols_20211228_165740_6913140489_600_800.png,/scratch/parceirosbr/bigoilict/share/BigOil/document_generator/datasets/documents_2021_12_28/27styles_3cols_20211228_165740_6913140489_600_800.png,27styles_3cols_20211228_165740_6913140489_600_800_mask.png,tuiçõ75 es também reali.
55,11,111,22,146,596,257,618,146,596,257,596,257,618,146,618,text,text,text_3,courier,regular,8,27styles_3cols_20211228_165740_6913140489_600_800.png,/scratch/parceirosbr/bigoilict/share/BigOil/document_generator/datasets/documents_2021_12_28/27styles_3cols_20211228_165740_6913140489_600_800.png,27styles_3cols_20211228_165740_6913140489_600_800_mask.png,nan
37,4,75,9,181,628,256,637,181,628,256,628,256,637,181,637,sub_line_text,text,text_4,courier,regular,8,27styles_3cols_20211228_165740_6913140489_600_800.png,/scratch/parceirosbr/bigoilict/share/BigOil/document_generator/datasets/documents_2021_12_28/27styles_3cols_20211228_165740_6913140489_600_800.png,27styles_3cols_20211228_165740_6913140489_600_800_mask.png,As concentraç-.
37,4,75,9,181,628,256,637,181,628,256,628,256,637,181,637,text,text,text_4,courier,regular,8,27styles_3cols_20211228_165740_6913140489_600_800.png,/scratch/parceirosbr/bigoilict/share/BigOil/document_generator/datasets/documents_2021_12_28/27styles_3cols_20211228_165740_6913140489_600_800.png,27styles_3cols_20211228_165740_6913140489_600_800_mask.png,nan
37,4,75,9,311,214,386,223,311,214,386,214,386,223,311,223,sub_line_text,text,text_5,courier,regular,8,27styles_3cols_20211228_165740_6913140489_600_800.png,/scratch/parceirosbr/bigoilict/share/BigOil/document_generator/datasets/documents_2021_12_28/27styles_3cols_20211228_165740_6913140489_600_800.png,27styles_3cols_20211228_165740_6913140489_600_800_mask.png,For  this reas-
57,4,115,9,277,227,392,236,277,227,392,227,392,236,277,236,sub_line_text,text,text_5,courier,regular,8,27styles_3cols_20211228_165740_6913140489_600_800.png,/scratch/parceirosbr/bigoilict/share/BigOil/document_generator/datasets/documents_2021_12_28/27styles_3cols_20211228_165740_6913140489_600_800.png,27styles_3cols_20211228_165740_6913140489_600_800_mask.png,"on,  t10 he results obta-"
56,4,112,9,277,240,389,249,277,240,389,240,389,249,277,249,sub_line_text,text,text_5,courier,regular,8,27styles_3cols_20211228_165740_6913140489_600_800.png,/scratch/parceirosbr/bigoilict/share/BigOil/document_generator/datasets/documents_2021_12_28/27styles_3cols_20211228_165740_6913140489_600_800.png,27styles_3cols_20211228_165740_6913140489_600_800_mask.png,ined44   from the calibr-
52,4,105,9,277,253,382,262,277,253,382,253,382,262,277,262,sub_line_text,text,text_5,courier,regular,8,27styles_3cols_20211228_165740_6913140489_600_800.png,/scratch/parceirosbr/bigoilict/share/BigOil/document_generator/datasets/documents_2021_12_28/27styles_3cols_20211228_165740_6913140489_600_800.png,27styles_3cols_20211228_165740_6913140489_600_800_mask.png,ation  test78 s and the
55,4,110,9,277,266,387,275,277,266,387,266,387,275,277,275,sub_line_text,text,text_5,courier,regular,8,27styles_3cols_20211228_165740_6913140489_600_800.png,/scratch/parceirosbr/bigoilict/share/BigOil/document_generator/datasets/documents_2021_12_28/27styles_3cols_20211228_165740_6913140489_600_800.png,27styles_3cols_20211228_165740_6913140489_600_800_mask.png,sensitiv5  ity to loadi-
56,4,112,9,277,279,389,288,277,279,389,279,389,288,277,288,sub_line_text,text,text_5,courier,regular,8,27styles_3cols_20211228_165740_6913140489_600_800.png,/scratch/parceirosbr/bigoilict/share/BigOil/document_generator/datasets/documents_2021_12_28/27styles_3cols_20211228_165740_6913140489_600_800.png,27styles_3cols_20211228_165740_6913140489_600_800_mask.png,n13  g were similar to t-
57,4,115,9,277,292,392,301,277,292,392,292,392,301,277,301,sub_line_text,text,text_5,courier,regular,8,27styles_3cols_20211228_165740_6913140489_600_800.png,/scratch/parceirosbr/bigoilict/share/BigOil/document_generator/datasets/documents_2021_12_28/27styles_3cols_20211228_165740_6913140489_600_800.png,27styles_3cols_20211228_165740_6913140489_600_800_mask.png,hose  presented on73  the
55,4,110,9,277,305,387,314,277,305,387,305,387,314,277,314,sub_line_text,text,text_5,courier,regular,8,27styles_3cols_20211228_165740_6913140489_600_800.png,/scratch/parceirosbr/bigoilict/share/BigOil/document_generator/datasets/documents_2021_12_28/27styles_3cols_20211228_165740_6913140489_600_800.png,27styles_3cols_20211228_165740_6913140489_600_800_mask.png,"axis, which was61  alre."
57,50,115,100,277,214,392,314,277,214,392,214,392,314,277,314,text,text,text_5,courier,regular,8,27styles_3cols_20211228_165740_6913140489_600_800.png,/scratch/parceirosbr/bigoilict/share/BigOil/document_generator/datasets/documents_2021_12_28/27styles_3cols_20211228_165740_6913140489_600_800.png,27styles_3cols_20211228_165740_6913140489_600_800_mask.png,nan
37,4,75,9,311,324,386,333,311,324,386,324,386,333,311,333,sub_line_text,text,text_6,courier,regular,8,27styles_3cols_20211228_165740_6913140489_600_800.png,/scratch/parceirosbr/bigoilict/share/BigOil/document_generator/datasets/documents_2021_12_28/27styles_3cols_20211228_165740_6913140489_600_800.png,27styles_3cols_20211228_165740_6913140489_600_800_mask.png,No  relativo às
57,4,115,9,277,337,392,346,277,337,392,337,392,346,277,346,sub_line_text,text,text_6,courier,regular,8,27styles_3cols_20211228_165740_6913140489_600_800.png,/scratch/parceirosbr/bigoilict/share/BigOil/document_generator/datasets/documents_2021_12_28/27styles_3cols_20211228_165740_6913140489_600_800.png,27styles_3cols_20211228_165740_6913140489_600_800_mask.png,"instalações,  o40  define"
56,4,113,9,277,350,390,359,277,350,390,350,390,359,277,359,sub_line_text,text,text_6,courier,regular,8,27styles_3cols_20211228_165740_6913140489_600_800.png,/scratch/parceirosbr/bigoilict/share/BigOil/document_generator/datasets/documents_2021_12_28/27styles_3cols_20211228_165740_6913140489_600_800.png,27styles_3cols_20211228_165740_6913140489_600_800_mask.png,que  a us9 ina de esteja
56,4,112,9,277,363,389,372,277,363,389,363,389,372,277,372,sub_line_text,text,text_6,courier,regular,8,27styles_3cols_20211228_165740_6913140489_600_800.png,/scratch/parceirosbr/bigoilict/share/BigOil/document_generator/datasets/documents_2021_12_28/27styles_3cols_20211228_165740_6913140489_600_800.png,27styles_3cols_20211228_165740_6913140489_600_800_mask.png,formada34   por uma barr-
51,4,103,9,277,376,380,385,277,376,380,376,380,385,277,385,sub_line_text,text,text_6,courier,regular,8,27styles_3cols_20211228_165740_6913140489_600_800.png,/scratch/parceirosbr/bigoilict/share/BigOil/document_generator/datasets/documents_2021_12_28/27styles_3cols_20211228_165740_6913140489_600_800.png,27styles_3cols_20211228_165740_6913140489_600_800_mask.png,"agem  p5 rincipal, uma"
53,4,107,9,277,389,384,398,277,389,384,389,384,398,277,398,sub_line_text,text,text_6,courier,regular,8,27styles_3cols_20211228_165740_6913140489_600_800.png,/scratch/parceirosbr/bigoilict/share/BigOil/document_generator/datasets/documents_2021_12_28/27styles_3cols_20211228_165740_6913140489_600_800.png,27styles_3cols_20211228_165740_6913140489_600_800_mask.png,"eclu92  sa de navegação,"
57,4,115,9,277,402,392,411,277,402,392,402,392,411,277,411,sub_line_text,text,text_6,courier,regular,8,27styles_3cols_20211228_165740_6913140489_600_800.png,/scratch/parceirosbr/bigoilict/share/BigOil/document_generator/datasets/documents_2021_12_28/27styles_3cols_20211228_165740_6913140489_600_800.png,27styles_3cols_20211228_165740_6913140489_600_800_mask.png,dois  verted43 ouros e u-
57,4,115,9,277,415,392,424,277,415,392,415,392,424,277,424,sub_line_text,text,text_6,courier,regular,8,27styles_3cols_20211228_165740_6913140489_600_800.png,/scratch/parceirosbr/bigoilict/share/BigOil/document_generator/datasets/documents_2021_12_28/27styles_3cols_20211228_165740_6913140489_600_800.png,27styles_3cols_20211228_165740_6913140489_600_800_mask.png,ma  casa de for44 ça.  T-
56,4,113,9,277,428,390,437,277,428,390,428,390,437,277,437,sub_line_text,text,text_6,courier,regular,8,27styles_3cols_20211228_165740_6913140489_600_800.png,/scratch/parceirosbr/bigoilict/share/BigOil/document_generator/datasets/documents_2021_12_28/27styles_3cols_20211228_165740_6913140489_600_800.png,27styles_3cols_20211228_165740_6913140489_600_800_mask.png,he  response1 s obtained
52,4,105,9,277,441,382,450,277,441,382,441,382,450,277,450,sub_line_text,text,text_6,courier,regular,8,27styles_3cols_20211228_165740_6913140489_600_800.png,/scratch/parceirosbr/bigoilict/share/BigOil/document_generator/datasets/documents_2021_12_28/27styles_3cols_20211228_165740_6913140489_600_800.png,27styles_3cols_20211228_165740_6913140489_600_800_mask.png,by  th37 ese models are
52,4,105,9,277,454,382,463,277,454,382,454,382,463,277,463,sub_line_text,text,text_6,courier,regular,8,27styles_3cols_20211228_165740_6913140489_600_800.png,/scratch/parceirosbr/bigoilict/share/BigOil/document_generator/datasets/documents_2021_12_28/27styles_3cols_20211228_165740_6913140489_600_800.png,27styles_3cols_20211228_165740_6913140489_600_800_mask.png,c70 ompared with those.
57,69,115,139,277,324,392,463,277,324,392,324,392,463,277,463,text,text,text_6,courier,regular,8,27styles_3cols_20211228_165740_6913140489_600_800.png,/scratch/parceirosbr/bigoilict/share/BigOil/document_generator/datasets/documents_2021_12_28/27styles_3cols_20211228_165740_6913140489_600_800.png,27styles_3cols_20211228_165740_6913140489_600_800_mask.png,nan
35,4,70,9,311,473,381,482,311,473,381,473,381,482,311,482,sub_line_text,text,text_7,courier,regular,8,27styles_3cols_20211228_165740_6913140489_600_800.png,/scratch/parceirosbr/bigoilict/share/BigOil/document_generator/datasets/documents_2021_12_28/27styles_3cols_20211228_165740_6913140489_600_800.png,27styles_3cols_20211228_165740_6913140489_600_800_mask.png,"In   addition,"
56,4,112,9,277,486,389,495,277,486,389,486,389,495,277,495,sub_line_text,text,text_7,courier,regular,8,27styles_3cols_20211228_165740_6913140489_600_800.png,/scratch/parceirosbr/bigoilict/share/BigOil/document_generator/datasets/documents_2021_12_28/27styles_3cols_20211228_165740_6913140489_600_800.png,27styles_3cols_20211228_165740_6913140489_600_800_mask.png,t17  he crude oil obtain-
57,4,115,9,277,499,392,508,277,499,392,499,392,508,277,508,sub_line_text,text,text_7,courier,regular,8,27styles_3cols_20211228_165740_6913140489_600_800.png,/scratch/parceirosbr/bigoilict/share/BigOil/document_generator/datasets/documents_2021_12_28/27styles_3cols_20211228_165740_6913140489_600_800.png,27styles_3cols_20211228_165740_6913140489_600_800_mask.png,ed  has shown incr45 eas-
52,4,105,9,277,512,382,521,277,512,382,512,382,521,277,521,sub_line_text,text,text_7,courier,regular,8,27styles_3cols_20211228_165740_6913140489_600_800.png,/scratch/parceirosbr/bigoilict/share/BigOil/document_generator/datasets/documents_2021_12_28/27styles_3cols_20211228_165740_6913140489_600_800.png,27styles_3cols_20211228_165740_6913140489_600_800_mask.png,ing7  levels of impuri-
56,4,112,9,277,525,389,534,277,525,389,525,389,534,277,534,sub_line_text,text,text_7,courier,regular,8,27styles_3cols_20211228_165740_6913140489_600_800.png,/scratch/parceirosbr/bigoilict/share/BigOil/document_generator/datasets/documents_2021_12_28/27styles_3cols_20211228_165740_6913140489_600_800.png,27styles_3cols_20211228_165740_6913140489_600_800_mask.png,"ti95  es, making convent-"
55,4,110,9,277,538,387,547,277,538,387,538,387,547,277,547,sub_line_text,text,text_7,courier,regular,8,27styles_3cols_20211228_165740_6913140489_600_800.png,/scratch/parceirosbr/bigoilict/share/BigOil/document_generator/datasets/documents_2021_12_28/27styles_3cols_20211228_165740_6913140489_600_800.png,27styles_3cols_20211228_165740_6913140489_600_800_mask.png,ional  sulfur69  removal
52,4,105,9,277,551,382,560,277,551,382,551,382,560,277,560,sub_line_text,text,text_7,courier,regular,8,27styles_3cols_20211228_165740_6913140489_600_800.png,/scratch/parceirosbr/bigoilict/share/BigOil/document_generator/datasets/documents_2021_12_28/27styles_3cols_20211228_165740_6913140489_600_800.png,27styles_3cols_20211228_165740_6913140489_600_800_mask.png,processes even61  more.
57,43,115,87,277,473,392,560,277,473,392,473,392,560,277,560,text,text,text_7,courier,regular,8,27styles_3cols_20211228_165740_6913140489_600_800.png,/scratch/parceirosbr/bigoilict/share/BigOil/document_generator/datasets/documents_2021_12_28/27styles_3cols_20211228_165740_6913140489_600_800.png,27styles_3cols_20211228_165740_6913140489_600_800_mask.png,nan
37,4,75,9,311,570,386,579,311,570,386,570,386,579,311,579,sub_line_text,text,text_8,courier,regular,8,27styles_3cols_20211228_165740_6913140489_600_800.png,/scratch/parceirosbr/bigoilict/share/BigOil/document_generator/datasets/documents_2021_12_28/27styles_3cols_20211228_165740_6913140489_600_800.png,27styles_3cols_20211228_165740_6913140489_600_800_mask.png,O  órgão regul-
57,4,115,9,277,583,392,592,277,583,392,583,392,592,277,592,sub_line_text,text,text_8,courier,regular,8,27styles_3cols_20211228_165740_6913140489_600_800.png,/scratch/parceirosbr/bigoilict/share/BigOil/document_generator/datasets/documents_2021_12_28/27styles_3cols_20211228_165740_6913140489_600_800.png,27styles_3cols_20211228_165740_6913140489_600_800_mask.png,ador  e96 spanhol do set-
55,4,110,9,277,596,387,605,277,596,387,596,387,605,277,605,sub_line_text,text,text_8,courier,regular,8,27styles_3cols_20211228_165740_6913140489_600_800.png,/scratch/parceirosbr/bigoilict/share/BigOil/document_generator/datasets/documents_2021_12_28/27styles_3cols_20211228_165740_6913140489_600_800.png,27styles_3cols_20211228_165740_6913140489_600_800_mask.png,or  d81 e energia é a de
55,4,110,9,277,609,387,618,277,609,387,609,387,618,277,618,sub_line_text,text,text_8,courier,regular,8,27styles_3cols_20211228_165740_6913140489_600_800.png,/scratch/parceirosbr/bigoilict/share/BigOil/document_generator/datasets/documents_2021_12_28/27styles_3cols_20211228_165740_6913140489_600_800.png,27styles_3cols_20211228_165740_6913140489_600_800_mask.png,inicialmente s25 ubordi.
57,24,115,48,277,570,392,618,277,570,392,570,392,618,277,618,text,text,text_8,courier,regular,8,27styles_3cols_20211228_165740_6913140489_600_800.png,/scratch/parceirosbr/bigoilict/share/BigOil/document_generator/datasets/documents_2021_12_28/27styles_3cols_20211228_165740_6913140489_600_800.png,27styles_3cols_20211228_165740_6913140489_600_800_mask.png,nan
37,4,75,9,313,628,388,637,313,628,388,628,388,637,313,637,sub_line_text,text,text_9,courier,regular,8,27styles_3cols_20211228_165740_6913140489_600_800.png,/scratch/parceirosbr/bigoilict/share/BigOil/document_generator/datasets/documents_2021_12_28/27styles_3cols_20211228_165740_6913140489_600_800.png,27styles_3cols_20211228_165740_6913140489_600_800_mask.png,A escolha é j-.
37,4,75,9,313,628,388,637,313,628,388,628,388,637,313,637,text,text,text_9,courier,regular,8,27styles_3cols_20211228_165740_6913140489_600_800.png,/scratch/parceirosbr/bigoilict/share/BigOil/document_generator/datasets/documents_2021_12_28/27styles_3cols_20211228_165740_6913140489_600_800.png,27styles_3cols_20211228_165740_6913140489_600_800_mask.png,nan
35,4,70,9,443,214,513,223,443,214,513,214,513,223,443,223,sub_line_text,text,text_10,courier,regular,8,27styles_3cols_20211228_165740_6913140489_600_800.png,/scratch/parceirosbr/bigoilict/share/BigOil/document_generator/datasets/documents_2021_12_28/27styles_3cols_20211228_165740_6913140489_600_800.png,27styles_3cols_20211228_165740_6913140489_600_800_mask.png,"In  May  2013,"
54,4,108,9,409,227,517,236,409,227,517,227,517,236,409,236,sub_line_text,text,text_10,courier,regular,8,27styles_3cols_20211228_165740_6913140489_600_800.png,/scratch/parceirosbr/bigoilict/share/BigOil/document_generator/datasets/documents_2021_12_28/27styles_3cols_20211228_165740_6913140489_600_800.png,27styles_3cols_20211228_165740_6913140489_600_800_mask.png,after  th1 e completion
57,4,115,9,409,240,524,249,409,240,524,240,524,249,409,249,sub_line_text,text,text_10,courier,regular,8,27styles_3cols_20211228_165740_6913140489_600_800.png,/scratch/parceirosbr/bigoilict/share/BigOil/document_generator/datasets/documents_2021_12_28/27styles_3cols_20211228_165740_6913140489_600_800.png,27styles_3cols_20211228_165740_6913140489_600_800_mask.png,of  t95 he three-dimensi-
55,4,110,9,409,253,519,262,409,253,519,253,519,262,409,262,sub_line_text,text,text_10,courier,regular,8,27styles_3cols_20211228_165740_6913140489_600_800.png,/scratch/parceirosbr/bigoilict/share/BigOil/document_generator/datasets/documents_2021_12_28/27styles_3cols_20211228_165740_6913140489_600_800.png,27styles_3cols_20211228_165740_6913140489_600_800_mask.png,"onal  seismic surv94 ey,"
57,4,115,9,409,266,524,275,409,266,524,266,524,275,409,275,sub_line_text,text,text_10,courier,regular,8,27styles_3cols_20211228_165740_6913140489_600_800.png,/scratch/parceirosbr/bigoilict/share/BigOil/document_generator/datasets/documents_2021_12_28/27styles_3cols_20211228_165740_6913140489_600_800.png,27styles_3cols_20211228_165740_6913140489_600_800_mask.png,the  prospect was67  rei-
52,4,105,9,409,279,514,288,409,279,514,279,514,288,409,288,sub_line_text,text,text_10,courier,regular,8,27styles_3cols_20211228_165740_6913140489_600_800.png,/scratch/parceirosbr/bigoilict/share/BigOil/document_generator/datasets/documents_2021_12_28/27styles_3cols_20211228_165740_6913140489_600_800.png,27styles_3cols_20211228_165740_6913140489_600_800_mask.png,nterpreted  based92  on
57,4,115,9,409,292,524,301,409,292,524,292,524,301,409,301,sub_line_text,text,text_10,courier,regular,8,27styles_3cols_20211228_165740_6913140489_600_800.png,/scratch/parceirosbr/bigoilict/share/BigOil/document_generator/datasets/documents_2021_12_28/27styles_3cols_20211228_165740_6913140489_600_800.png,27styles_3cols_20211228_165740_6913140489_600_800_mask.png,these  new three11 -dime-
55,4,110,9,409,305,519,314,409,305,519,305,519,314,409,314,sub_line_text,text,text_10,courier,regular,8,27styles_3cols_20211228_165740_6913140489_600_800.png,/scratch/parceirosbr/bigoilict/share/BigOil/document_generator/datasets/documents_2021_12_28/27styles_3cols_20211228_165740_6913140489_600_800.png,27styles_3cols_20211228_165740_6913140489_600_800_mask.png,nsional  sei35 smic data
54,4,108,9,409,318,517,327,409,318,517,318,517,327,409,327,sub_line_text,text,text_10,courier,regular,8,27styles_3cols_20211228_165740_6913140489_600_800.png,/scratch/parceirosbr/bigoilict/share/BigOil/document_generator/datasets/documents_2021_12_28/27styles_3cols_20211228_165740_6913140489_600_800.png,27styles_3cols_20211228_165740_6913140489_600_800_mask.png,"mig4 rated in depth, w."
57,56,115,113,409,214,524,327,409,214,524,214,524,327,409,327,text,text,text_10,courier,regular,8,27styles_3cols_20211228_165740_6913140489_600_800.png,/scratch/parceirosbr/bigoilict/share/BigOil/document_generator/datasets/documents_2021_12_28/27styles_3cols_20211228_165740_6913140489_600_800.png,27styles_3cols_20211228_165740_6913140489_600_800_mask.png,nan
37,4,75,9,443,337,518,346,443,337,518,337,518,346,443,346,sub_line_text,text,text_11,courier,regular,8,27styles_3cols_20211228_165740_6913140489_600_800.png,/scratch/parceirosbr/bigoilict/share/BigOil/document_generator/datasets/documents_2021_12_28/27styles_3cols_20211228_165740_6913140489_600_800.png,27styles_3cols_20211228_165740_6913140489_600_800_mask.png,Os  vapores li-
53,4,107,9,409,350,516,359,409,350,516,350,516,359,409,359,sub_line_text,text,text_11,courier,regular,8,27styles_3cols_20211228_165740_6913140489_600_800.png,/scratch/parceirosbr/bigoilict/share/BigOil/document_generator/datasets/documents_2021_12_28/27styles_3cols_20211228_165740_6913140489_600_800.png,27styles_3cols_20211228_165740_6913140489_600_800_mask.png,berados10  durante o pr-
53,4,107,9,409,363,516,372,409,363,516,363,516,372,409,372,sub_line_text,text,text_11,courier,regular,8,27styles_3cols_20211228_165740_6913140489_600_800.png,/scratch/parceirosbr/bigoilict/share/BigOil/document_generator/datasets/documents_2021_12_28/27styles_3cols_20211228_165740_6913140489_600_800.png,27styles_3cols_20211228_165740_6913140489_600_800_mask.png,"ocesso97    de oxidação,"
56,4,112,9,409,376,521,385,409,376,521,376,521,385,409,385,sub_line_text,text,text_11,courier,regular,8,27styles_3cols_20211228_165740_6913140489_600_800.png,/scratch/parceirosbr/bigoilict/share/BigOil/document_generator/datasets/documents_2021_12_28/27styles_3cols_20211228_165740_6913140489_600_800.png,27styles_3cols_20211228_165740_6913140489_600_800_mask.png,"jun38  to com o ar, pass-"
56,4,112,9,409,389,521,398,409,389,521,389,521,398,409,398,sub_line_text,text,text_11,courier,regular,8,27styles_3cols_20211228_165740_6913140489_600_800.png,/scratch/parceirosbr/bigoilict/share/BigOil/document_generator/datasets/documents_2021_12_28/27styles_3cols_20211228_165740_6913140489_600_800.png,27styles_3cols_20211228_165740_6913140489_600_800_mask.png,am22   por um frasco (cé-
56,4,112,9,409,402,521,411,409,402,521,402,521,411,409,411,sub_line_text,text,text_11,courier,regular,8,27styles_3cols_20211228_165740_6913140489_600_800.png,/scratch/parceirosbr/bigoilict/share/BigOil/document_generator/datasets/documents_2021_12_28/27styles_3cols_20211228_165740_6913140489_600_800.png,27styles_3cols_20211228_165740_6913140489_600_800_mask.png,lul59  a de medição) con-
52,4,105,9,409,415,514,424,409,415,514,415,514,424,409,424,sub_line_text,text,text_11,courier,regular,8,27styles_3cols_20211228_165740_6913140489_600_800.png,/scratch/parceirosbr/bigoilict/share/BigOil/document_generator/datasets/documents_2021_12_28/27styles_3cols_20211228_165740_6913140489_600_800.png,27styles_3cols_20211228_165740_6913140489_600_800_mask.png,tendo  50 ml46  de água
57,4,115,9,409,428,524,437,409,428,524,428,524,437,409,437,sub_line_text,text,text_11,courier,regular,8,27styles_3cols_20211228_165740_6913140489_600_800.png,/scratch/parceirosbr/bigoilict/share/BigOil/document_generator/datasets/documents_2021_12_28/27styles_3cols_20211228_165740_6913140489_600_800.png,27styles_3cols_20211228_165740_6913140489_600_800_mask.png,deionizada  e u22 m elet-
55,4,110,9,409,441,519,450,409,441,519,441,519,450,409,450,sub_line_text,text,text_11,courier,regular,8,27styles_3cols_20211228_165740_6913140489_600_800.png,/scratch/parceirosbr/bigoilict/share/BigOil/document_generator/datasets/documents_2021_12_28/27styles_3cols_20211228_165740_6913140489_600_800.png,27styles_3cols_20211228_165740_6913140489_600_800_mask.png,rodo pa27 ra medidas de.
57,56,115,113,409,337,524,450,409,337,524,337,524,450,409,450,text,text,text_11,courier,regular,8,27styles_3cols_20211228_165740_6913140489_600_800.png,/scratch/parceirosbr/bigoilict/share/BigOil/document_generator/datasets/documents_2021_12_28/27styles_3cols_20211228_165740_6913140489_600_800.png,27styles_3cols_20211228_165740_6913140489_600_800_mask.png,nan
37,4,75,9,444,460,519,469,444,460,519,460,519,469,444,469,sub_line_text,text,text_12,courier,regular,8,27styles_3cols_20211228_165740_6913140489_600_800.png,/scratch/parceirosbr/bigoilict/share/BigOil/document_generator/datasets/documents_2021_12_28/27styles_3cols_20211228_165740_6913140489_600_800.png,27styles_3cols_20211228_165740_6913140489_600_800_mask.png,A  praia prefe-
56,4,113,9,409,473,522,482,409,473,522,473,522,482,409,482,sub_line_text,text,text_12,courier,regular,8,27styles_3cols_20211228_165740_6913140489_600_800.png,/scratch/parceirosbr/bigoilict/share/BigOil/document_generator/datasets/documents_2021_12_28/27styles_3cols_20211228_165740_6913140489_600_800.png,27styles_3cols_20211228_165740_6913140489_600_800_mask.png,"r82  ida é a de que, além"
52,4,104,9,409,486,513,495,409,486,513,486,513,495,409,495,sub_line_text,text,text_12,courier,regular,8,27styles_3cols_20211228_165740_6913140489_600_800.png,/scratch/parceirosbr/bigoilict/share/BigOil/document_generator/datasets/documents_2021_12_28/27styles_3cols_20211228_165740_6913140489_600_800.png,27styles_3cols_20211228_165740_6913140489_600_800_mask.png,de  duas plataf3 ormas
53,4,106,9,409,499,515,508,409,499,515,499,515,508,409,508,sub_line_text,text,text_12,courier,regular,8,27styles_3cols_20211228_165740_6913140489_600_800.png,/scratch/parceirosbr/bigoilict/share/BigOil/document_generator/datasets/documents_2021_12_28/27styles_3cols_20211228_165740_6913140489_600_800.png,27styles_3cols_20211228_165740_6913140489_600_800_mask.png,"de  pesca, co69 nta com"
56,4,113,9,409,512,522,521,409,512,522,512,522,521,409,521,sub_line_text,text,text_12,courier,regular,8,27styles_3cols_20211228_165740_6913140489_600_800.png,/scratch/parceirosbr/bigoilict/share/BigOil/document_generator/datasets/documents_2021_12_28/27styles_3cols_20211228_165740_6913140489_600_800.png,27styles_3cols_20211228_165740_6913140489_600_800_mask.png,infra-38  estrutura comp-
55,4,111,9,409,525,520,534,409,525,520,525,520,534,409,534,sub_line_text,text,text_12,courier,regular,8,27styles_3cols_20211228_165740_6913140489_600_800.png,/scratch/parceirosbr/bigoilict/share/BigOil/document_generator/datasets/documents_2021_12_28/27styles_3cols_20211228_165740_6913140489_600_800.png,27styles_3cols_20211228_165740_6913140489_600_800_mask.png,leta  para recebe36 r os
55,4,111,9,409,538,520,547,409,538,520,538,520,547,409,547,sub_line_text,text,text_12,courier,regular,8,27styles_3cols_20211228_165740_6913140489_600_800.png,/scratch/parceirosbr/bigoilict/share/BigOil/document_generator/datasets/documents_2021_12_28/27styles_3cols_20211228_165740_6913140489_600_800.png,27styles_3cols_20211228_165740_6913140489_600_800_mask.png,turistas. 748 7 o maior.
56,43,113,87,409,460,522,547,409,460,522,460,522,547,409,547,text,text,text_12,courier,regular,8,27styles_3cols_20211228_165740_6913140489_600_800.png,/scratch/parceirosbr/bigoilict/share/BigOil/document_generator/datasets/documents_2021_12_28/27styles_3cols_20211228_165740_6913140489_600_800.png,27styles_3cols_20211228_165740_6913140489_600_800_mask.png,nan
37,4,75,9,443,557,518,566,443,557,518,557,518,566,443,566,sub_line_text,text,text_13,courier,regular,8,27styles_3cols_20211228_165740_6913140489_600_800.png,/scratch/parceirosbr/bigoilict/share/BigOil/document_generator/datasets/documents_2021_12_28/27styles_3cols_20211228_165740_6913140489_600_800.png,27styles_3cols_20211228_165740_6913140489_600_800_mask.png,Outra  importa-
55,4,110,9,409,570,519,579,409,570,519,570,519,579,409,579,sub_line_text,text,text_13,courier,regular,8,27styles_3cols_20211228_165740_6913140489_600_800.png,/scratch/parceirosbr/bigoilict/share/BigOil/document_generator/datasets/documents_2021_12_28/27styles_3cols_20211228_165740_6913140489_600_800.png,27styles_3cols_20211228_165740_6913140489_600_800_mask.png,nte  consideraç53 ão é a
57,4,115,9,409,583,524,592,409,583,524,583,524,592,409,592,sub_line_text,text,text_13,courier,regular,8,27styles_3cols_20211228_165740_6913140489_600_800.png,/scratch/parceirosbr/bigoilict/share/BigOil/document_generator/datasets/documents_2021_12_28/27styles_3cols_20211228_165740_6913140489_600_800.png,27styles_3cols_20211228_165740_6913140489_600_800_mask.png,de  que há42  uma caract-
57,4,115,9,409,596,524,605,409,596,524,596,524,605,409,605,sub_line_text,text,text_13,courier,regular,8,27styles_3cols_20211228_165740_6913140489_600_800.png,/scratch/parceirosbr/bigoilict/share/BigOil/document_generator/datasets/documents_2021_12_28/27styles_3cols_20211228_165740_6913140489_600_800.png,27styles_3cols_20211228_165740_6913140489_600_800_mask.png,erística  d16 o método a-
55,4,110,9,409,609,519,618,409,609,519,609,519,618,409,618,sub_line_text,text,text_13,courier,regular,8,27styles_3cols_20211228_165740_6913140489_600_800.png,/scratch/parceirosbr/bigoilict/share/BigOil/document_generator/datasets/documents_2021_12_28/27styles_3cols_20211228_165740_6913140489_600_800.png,27styles_3cols_20211228_165740_6913140489_600_800_mask.png,dotado para f95 abricaç.
57,30,115,61,409,557,524,618,409,557,524,557,524,618,409,618,text,text,text_13,courier,regular,8,27styles_3cols_20211228_165740_6913140489_600_800.png,/scratch/parceirosbr/bigoilict/share/BigOil/document_generator/datasets/documents_2021_12_28/27styles_3cols_20211228_165740_6913140489_600_800.png,27styles_3cols_20211228_165740_6913140489_600_800_mask.png,nan
37,4,75,9,445,628,520,637,445,628,520,628,520,637,445,637,sub_line_text,text,text_14,courier,regular,8,27styles_3cols_20211228_165740_6913140489_600_800.png,/scratch/parceirosbr/bigoilict/share/BigOil/document_generator/datasets/documents_2021_12_28/27styles_3cols_20211228_165740_6913140489_600_800.png,27styles_3cols_20211228_165740_6913140489_600_800_mask.png,Graph 4.5 per-.
37,4,75,9,445,628,520,637,445,628,520,628,520,637,445,637,text,text,text_14,courier,regular,8,27styles_3cols_20211228_165740_6913140489_600_800.png,/scratch/parceirosbr/bigoilict/share/BigOil/document_generator/datasets/documents_2021_12_28/27styles_3cols_20211228_165740_6913140489_600_800.png,27styles_3cols_20211228_165740_6913140489_600_800_mask.png,nan
