center_x,center_y,width,height,xmin,ymin,xmax,ymax,top_left_x,top_left_y,top_right_x,top_right_y,bottom_right_x,bottom_right_y,bottom_left_x,bottom_left_y,label,grouplabel,group,text_font,text_style,size_font,filename,path,filename_mask,content
300,400,600,800,0,0,600,800,0,0,600,0,600,800,0,800,document,,,,,,27styles_3cols_20211228_165740_9778901230_600_800.png,/scratch/parceirosbr/bigoilict/share/BigOil/document_generator/datasets/documents_2021_12_28/27styles_3cols_20211228_165740_9778901230_600_800.png,27styles_3cols_20211228_165740_9778901230_600_800_mask.png,
65,5,130,11,59,54,189,65,59,54,189,55,189,65,59,64,sub_line_text,text,text_0,raleway,regular,7,27styles_3cols_20211228_165740_9778901230_600_800.png,/scratch/parceirosbr/bigoilict/share/BigOil/document_generator/datasets/documents_2021_12_28/27styles_3cols_20211228_165740_9778901230_600_800.png,27styles_3cols_20211228_165740_9778901230_600_800_mask.png,O foco do programa está na formação de
65,5,130,11,59,69,189,80,59,69,189,70,189,80,59,79,sub_line_text,text,text_0,raleway,regular,7,27styles_3cols_20211228_165740_9778901230_600_800.png,/scratch/parceirosbr/bigoilict/share/BigOil/document_generator/datasets/documents_2021_12_28/27styles_3cols_20211228_165740_9778901230_600_800.png,27styles_3cols_20211228_165740_9778901230_600_800_mask.png,pessoal qualificado e na pesquisa para o
69,5,139,11,50,84,189,95,50,84,189,85,189,95,50,94,sub_line_text,text,text_0,raleway,regular,7,27styles_3cols_20211228_165740_9778901230_600_800.png,/scratch/parceirosbr/bigoilict/share/BigOil/document_generator/datasets/documents_2021_12_28/27styles_3cols_20211228_165740_9778901230_600_800.png,27styles_3cols_20211228_165740_9778901230_600_800_mask.png,aumento do conteúdo local de máquinas e
47,5,94,10,95,99,189,109,95,99,189,99,189,109,95,109,sub_line_text,text,text_0,raleway,regular,7,27styles_3cols_20211228_165740_9778901230_600_800.png,/scratch/parceirosbr/bigoilict/share/BigOil/document_generator/datasets/documents_2021_12_28/27styles_3cols_20211228_165740_9778901230_600_800.png,27styles_3cols_20211228_165740_9778901230_600_800_mask.png,equipamentos que atuem em
63,5,126,11,63,114,189,125,63,114,189,115,189,125,63,124,sub_line_text,text,text_0,raleway,regular,7,27styles_3cols_20211228_165740_9778901230_600_800.png,/scratch/parceirosbr/bigoilict/share/BigOil/document_generator/datasets/documents_2021_12_28/27styles_3cols_20211228_165740_9778901230_600_800.png,27styles_3cols_20211228_165740_9778901230_600_800_mask.png,monitoramento ambiental na 5 margem
68,5,137,11,52,129,189,140,52,129,189,130,189,140,52,139,sub_line_text,text,text_0,raleway,regular,7,27styles_3cols_20211228_165740_9778901230_600_800.png,/scratch/parceirosbr/bigoilict/share/BigOil/document_generator/datasets/documents_2021_12_28/27styles_3cols_20211228_165740_9778901230_600_800.png,27styles_3cols_20211228_165740_9778901230_600_800_mask.png,equatorial e em operações subsea offshore.
67,5,134,11,55,144,189,155,55,144,189,145,189,155,55,154,sub_line_text,text,text_0,raleway,regular,7,27styles_3cols_20211228_165740_9778901230_600_800.png,/scratch/parceirosbr/bigoilict/share/BigOil/document_generator/datasets/documents_2021_12_28/27styles_3cols_20211228_165740_9778901230_600_800.png,27styles_3cols_20211228_165740_9778901230_600_800_mask.png,Gráfico 35. dos preços médios mensais da
57,5,115,10,74,159,189,169,74,159,189,159,189,169,74,169,sub_line_text,text,text_0,raleway,regular,7,27styles_3cols_20211228_165740_9778901230_600_800.png,/scratch/parceirosbr/bigoilict/share/BigOil/document_generator/datasets/documents_2021_12_28/27styles_3cols_20211228_165740_9778901230_600_800.png,27styles_3cols_20211228_165740_9778901230_600_800_mask.png,gasolina no entre janeiro de 2012 e
63,5,127,11,62,174,189,185,62,174,189,175,189,185,62,184,sub_line_text,text,text_0,raleway,regular,7,27styles_3cols_20211228_165740_9778901230_600_800.png,/scratch/parceirosbr/bigoilict/share/BigOil/document_generator/datasets/documents_2021_12_28/27styles_3cols_20211228_165740_9778901230_600_800.png,27styles_3cols_20211228_165740_9778901230_600_800_mask.png,dezembro de 2013. Formação composta
65,5,130,11,59,189,189,200,59,189,189,190,189,200,59,199,sub_line_text,text,text_0,raleway,regular,7,27styles_3cols_20211228_165740_9778901230_600_800.png,/scratch/parceirosbr/bigoilict/share/BigOil/document_generator/datasets/documents_2021_12_28/27styles_3cols_20211228_165740_9778901230_600_800.png,27styles_3cols_20211228_165740_9778901230_600_800_mask.png,pelos membros: o composto por arenitos.
70,73,140,146,50,54,190,200,51,54,190,55,189,200,50,199,text,text,text_0,raleway,regular,7,27styles_3cols_20211228_165740_9778901230_600_800.png,/scratch/parceirosbr/bigoilict/share/BigOil/document_generator/datasets/documents_2021_12_28/27styles_3cols_20211228_165740_9778901230_600_800.png,27styles_3cols_20211228_165740_9778901230_600_800_mask.png,nan
55,5,110,10,80,215,190,225,80,215,190,215,190,225,80,225,sub_line_text,text,text_1,raleway,regular,7,27styles_3cols_20211228_165740_9778901230_600_800.png,/scratch/parceirosbr/bigoilict/share/BigOil/document_generator/datasets/documents_2021_12_28/27styles_3cols_20211228_165740_9778901230_600_800.png,27styles_3cols_20211228_165740_9778901230_600_800_mask.png,Na são apresentados os valores de
67,5,135,11,55,230,190,241,56,230,190,231,189,241,55,240,sub_line_text,text,text_1,raleway,regular,7,27styles_3cols_20211228_165740_9778901230_600_800.png,/scratch/parceirosbr/bigoilict/share/BigOil/document_generator/datasets/documents_2021_12_28/27styles_3cols_20211228_165740_9778901230_600_800.png,27styles_3cols_20211228_165740_9778901230_600_800_mask.png,"conversão de 4,6-DMDBT, das constantes"
69,5,138,11,51,245,189,256,51,245,189,246,189,256,51,255,sub_line_text,text,text_1,raleway,regular,7,27styles_3cols_20211228_165740_9778901230_600_800.png,/scratch/parceirosbr/bigoilict/share/BigOil/document_generator/datasets/documents_2021_12_28/27styles_3cols_20211228_165740_9778901230_600_800.png,27styles_3cols_20211228_165740_9778901230_600_800_mask.png,da taxa de reação e dos fatores de inibição
56,5,113,10,76,260,189,270,76,260,189,260,189,270,76,270,sub_line_text,text,text_1,raleway,regular,7,27styles_3cols_20211228_165740_9778901230_600_800.png,/scratch/parceirosbr/bigoilict/share/BigOil/document_generator/datasets/documents_2021_12_28/27styles_3cols_20211228_165740_9778901230_600_800.png,27styles_3cols_20211228_165740_9778901230_600_800_mask.png,obtidos nas reações de.  No período
69,5,139,11,50,275,189,286,50,275,189,276,189,286,50,285,sub_line_text,text,text_1,raleway,regular,7,27styles_3cols_20211228_165740_9778901230_600_800.png,/scratch/parceirosbr/bigoilict/share/BigOil/document_generator/datasets/documents_2021_12_28/27styles_3cols_20211228_165740_9778901230_600_800.png,27styles_3cols_20211228_165740_9778901230_600_800_mask.png,"seguinte, de 1974 a 1979, a participação da"
70,5,140,11,49,290,189,301,49,290,189,291,189,301,49,300,sub_line_text,text,text_1,raleway,regular,7,27styles_3cols_20211228_165740_9778901230_600_800.png,/scratch/parceirosbr/bigoilict/share/BigOil/document_generator/datasets/documents_2021_12_28/27styles_3cols_20211228_165740_9778901230_600_800.png,27styles_3cols_20211228_165740_9778901230_600_800_mask.png,caiu para 45% devido aos próprios cortes de
44,5,89,10,100,305,189,315,100,305,189,305,189,315,100,315,sub_line_text,text,text_1,raleway,regular,7,27styles_3cols_20211228_165740_9778901230_600_800.png,/scratch/parceirosbr/bigoilict/share/BigOil/document_generator/datasets/documents_2021_12_28/27styles_3cols_20211228_165740_9778901230_600_800.png,27styles_3cols_20211228_165740_9778901230_600_800_mask.png,produção promovidos pelos.
70,50,141,101,49,215,190,316,50,215,190,216,189,316,49,315,text,text,text_1,raleway,regular,7,27styles_3cols_20211228_165740_9778901230_600_800.png,/scratch/parceirosbr/bigoilict/share/BigOil/document_generator/datasets/documents_2021_12_28/27styles_3cols_20211228_165740_9778901230_600_800.png,27styles_3cols_20211228_165740_9778901230_600_800_mask.png,nan
69,5,138,11,50,331,188,342,50,331,188,332,188,342,50,341,sub_line_text,text,text_2,raleway,regular,7,27styles_3cols_20211228_165740_9778901230_600_800.png,/scratch/parceirosbr/bigoilict/share/BigOil/document_generator/datasets/documents_2021_12_28/27styles_3cols_20211228_165740_9778901230_600_800.png,27styles_3cols_20211228_165740_9778901230_600_800_mask.png,A capacidade de refino global crescerá em
62,5,125,10,63,346,188,356,63,346,188,346,188,356,63,356,sub_line_text,text,text_2,raleway,regular,7,27styles_3cols_20211228_165740_9778901230_600_800.png,/scratch/parceirosbr/bigoilict/share/BigOil/document_generator/datasets/documents_2021_12_28/27styles_3cols_20211228_165740_9778901230_600_800.png,27styles_3cols_20211228_165740_9778901230_600_800_mask.png,"13 mb/d até 2035, mas há risco de que"
66,5,132,11,56,361,188,372,56,361,188,362,188,372,56,371,sub_line_text,text,text_2,raleway,regular,7,27styles_3cols_20211228_165740_9778901230_600_800.png,/scratch/parceirosbr/bigoilict/share/BigOil/document_generator/datasets/documents_2021_12_28/27styles_3cols_20211228_165740_9778901230_600_800.png,27styles_3cols_20211228_165740_9778901230_600_800_mask.png,algumas regiões fiquem com capacidade
68,5,137,11,51,376,188,387,51,376,188,377,188,387,51,386,sub_line_text,text,text_2,raleway,regular,7,27styles_3cols_20211228_165740_9778901230_600_800.png,/scratch/parceirosbr/bigoilict/share/BigOil/document_generator/datasets/documents_2021_12_28/27styles_3cols_20211228_165740_9778901230_600_800.png,27styles_3cols_20211228_165740_9778901230_600_800_mask.png,"ociosa.  Dado isso, o gradiente dopotencial"
69,5,139,11,49,391,188,402,49,391,188,392,188,402,49,401,sub_line_text,text,text_2,raleway,regular,7,27styles_3cols_20211228_165740_9778901230_600_800.png,/scratch/parceirosbr/bigoilict/share/BigOil/document_generator/datasets/documents_2021_12_28/27styles_3cols_20211228_165740_9778901230_600_800.png,27styles_3cols_20211228_165740_9778901230_600_800_mask.png,da fase p ép =P p p g. Depósitos transicional
56,5,112,10,76,406,188,416,76,406,188,406,188,416,76,416,sub_line_text,text,text_2,raleway,regular,7,27styles_3cols_20211228_165740_9778901230_600_800.png,/scratch/parceirosbr/bigoilict/share/BigOil/document_generator/datasets/documents_2021_12_28/27styles_3cols_20211228_165740_9778901230_600_800.png,27styles_3cols_20211228_165740_9778901230_600_800_mask.png,"a marinho raso, devido a variações"
60,5,121,10,67,421,188,431,67,421,188,421,188,431,67,431,sub_line_text,text,text_2,raleway,regular,7,27styles_3cols_20211228_165740_9778901230_600_800.png,/scratch/parceirosbr/bigoilict/share/BigOil/document_generator/datasets/documents_2021_12_28/27styles_3cols_20211228_165740_9778901230_600_800.png,27styles_3cols_20211228_165740_9778901230_600_800_mask.png,climáticas e/ou glácio-eustáticas.  sis
56,5,112,10,76,436,188,446,76,436,188,436,188,446,76,446,sub_line_text,text,text_2,raleway,regular,7,27styles_3cols_20211228_165740_9778901230_600_800.png,/scratch/parceirosbr/bigoilict/share/BigOil/document_generator/datasets/documents_2021_12_28/27styles_3cols_20211228_165740_9778901230_600_800.png,27styles_3cols_20211228_165740_9778901230_600_800_mask.png,ter)estágio 10 (sis ter)estágio 25 (sis.
69,58,139,116,49,331,188,447,49,331,188,332,188,447,49,446,text,text,text_2,raleway,regular,7,27styles_3cols_20211228_165740_9778901230_600_800.png,/scratch/parceirosbr/bigoilict/share/BigOil/document_generator/datasets/documents_2021_12_28/27styles_3cols_20211228_165740_9778901230_600_800.png,27styles_3cols_20211228_165740_9778901230_600_800_mask.png,nan
68,5,137,11,49,462,186,473,49,462,186,463,186,473,49,472,sub_line_text,text,text_3,raleway,regular,7,27styles_3cols_20211228_165740_9778901230_600_800.png,/scratch/parceirosbr/bigoilict/share/BigOil/document_generator/datasets/documents_2021_12_28/27styles_3cols_20211228_165740_9778901230_600_800.png,27styles_3cols_20211228_165740_9778901230_600_800_mask.png,"This compares to a pressure of up to 10,000"
58,5,116,10,69,477,185,487,69,477,185,477,185,487,69,487,sub_line_text,text,text_3,raleway,regular,7,27styles_3cols_20211228_165740_9778901230_600_800.png,/scratch/parceirosbr/bigoilict/share/BigOil/document_generator/datasets/documents_2021_12_28/27styles_3cols_20211228_165740_9778901230_600_800.png,27styles_3cols_20211228_165740_9778901230_600_800_mask.png,psi (700 bar) for a conventional well.
63,5,126,11,59,492,185,503,59,492,185,493,185,503,59,502,sub_line_text,text,text_3,raleway,regular,7,27styles_3cols_20211228_165740_9778901230_600_800.png,/scratch/parceirosbr/bigoilict/share/BigOil/document_generator/datasets/documents_2021_12_28/27styles_3cols_20211228_165740_9778901230_600_800.png,27styles_3cols_20211228_165740_9778901230_600_800_mask.png,Uesugui elaborou o primeiro arcabouço
68,5,136,11,49,507,185,518,49,507,185,508,185,518,49,517,sub_line_text,text,text_3,raleway,regular,7,27styles_3cols_20211228_165740_9778901230_600_800.png,/scratch/parceirosbr/bigoilict/share/BigOil/document_generator/datasets/documents_2021_12_28/27styles_3cols_20211228_165740_9778901230_600_800.png,27styles_3cols_20211228_165740_9778901230_600_800_mask.png,estratigráfico com base exclusivamente em
60,5,120,10,65,522,185,532,65,522,185,522,185,532,65,532,sub_line_text,text,text_3,raleway,regular,7,27styles_3cols_20211228_165740_9778901230_600_800.png,/scratch/parceirosbr/bigoilict/share/BigOil/document_generator/datasets/documents_2021_12_28/27styles_3cols_20211228_165740_9778901230_600_800.png,27styles_3cols_20211228_165740_9778901230_600_800_mask.png,"palinomorfos marinhos, entre eles três"
66,5,132,11,53,537,185,548,53,537,185,538,185,548,53,547,sub_line_text,text,text_3,raleway,regular,7,27styles_3cols_20211228_165740_9778901230_600_800.png,/scratch/parceirosbr/bigoilict/share/BigOil/document_generator/datasets/documents_2021_12_28/27styles_3cols_20211228_165740_9778901230_600_800.png,27styles_3cols_20211228_165740_9778901230_600_800_mask.png,espécies de dinoflagelado e uma espécie
67,5,135,11,50,552,185,563,50,552,185,553,185,563,50,562,sub_line_text,text,text_3,raleway,regular,7,27styles_3cols_20211228_165740_9778901230_600_800.png,/scratch/parceirosbr/bigoilict/share/BigOil/document_generator/datasets/documents_2021_12_28/27styles_3cols_20211228_165740_9778901230_600_800.png,27styles_3cols_20211228_165740_9778901230_600_800_mask.png,de acritarco para subdividir em biozonas e
68,5,136,11,49,567,185,578,49,567,185,568,185,578,49,577,sub_line_text,text,text_3,raleway,regular,7,27styles_3cols_20211228_165740_9778901230_600_800.png,/scratch/parceirosbr/bigoilict/share/BigOil/document_generator/datasets/documents_2021_12_28/27styles_3cols_20211228_165740_9778901230_600_800.png,27styles_3cols_20211228_165740_9778901230_600_800_mask.png,o.  O gráfico abaixo retrata os quantitativos
63,5,127,11,58,582,185,593,58,582,185,583,185,593,58,592,sub_line_text,text,text_3,raleway,regular,7,27styles_3cols_20211228_165740_9778901230_600_800.png,/scratch/parceirosbr/bigoilict/share/BigOil/document_generator/datasets/documents_2021_12_28/27styles_3cols_20211228_165740_9778901230_600_800.png,27styles_3cols_20211228_165740_9778901230_600_800_mask.png,de processos administrativos que deram
65,5,130,11,55,597,185,608,55,597,185,598,185,608,55,607,sub_line_text,text,text_3,raleway,regular,7,27styles_3cols_20211228_165740_9778901230_600_800.png,/scratch/parceirosbr/bigoilict/share/BigOil/document_generator/datasets/documents_2021_12_28/27styles_3cols_20211228_165740_9778901230_600_800.png,27styles_3cols_20211228_165740_9778901230_600_800_mask.png,entrada no de. O custo da marginalidade.
69,73,138,146,48,462,186,608,49,462,186,463,185,608,48,607,text,text,text_3,raleway,regular,7,27styles_3cols_20211228_165740_9778901230_600_800.png,/scratch/parceirosbr/bigoilict/share/BigOil/document_generator/datasets/documents_2021_12_28/27styles_3cols_20211228_165740_9778901230_600_800.png,27styles_3cols_20211228_165740_9778901230_600_800_mask.png,nan
57,5,114,10,73,623,187,633,73,623,187,623,187,633,73,633,sub_line_text,text,text_4,raleway,regular,7,27styles_3cols_20211228_165740_9778901230_600_800.png,/scratch/parceirosbr/bigoilict/share/BigOil/document_generator/datasets/documents_2021_12_28/27styles_3cols_20211228_165740_9778901230_600_800.png,27styles_3cols_20211228_165740_9778901230_600_800_mask.png,"Em geral, interpreta-se que as áreas"
61,5,123,10,64,638,187,648,64,638,187,638,187,648,64,648,sub_line_text,text,text_4,raleway,regular,7,27styles_3cols_20211228_165740_9778901230_600_800.png,/scratch/parceirosbr/bigoilict/share/BigOil/document_generator/datasets/documents_2021_12_28/27styles_3cols_20211228_165740_9778901230_600_800.png,27styles_3cols_20211228_165740_9778901230_600_800_mask.png,texturalmente lisas estão6 associadas à
59,5,119,10,68,653,187,663,68,653,187,653,187,663,68,663,sub_line_text,text,text_4,raleway,regular,7,27styles_3cols_20211228_165740_9778901230_600_800.png,/scratch/parceirosbr/bigoilict/share/BigOil/document_generator/datasets/documents_2021_12_28/27styles_3cols_20211228_165740_9778901230_600_800.png,27styles_3cols_20211228_165740_9778901230_600_800_mask.png,reflexão especular do40 pulso do radar
55,5,110,10,77,668,187,678,77,668,187,668,187,678,77,678,sub_line_text,text,text_4,raleway,regular,7,27styles_3cols_20211228_165740_9778901230_600_800.png,/scratch/parceirosbr/bigoilict/share/BigOil/document_generator/datasets/documents_2021_12_28/27styles_3cols_20211228_165740_9778901230_600_800.png,27styles_3cols_20211228_165740_9778901230_600_800_mask.png,"(Miranda et73 al., 1997). com textura"
61,5,123,10,64,683,187,693,64,683,187,683,187,693,64,693,sub_line_text,text,text_4,raleway,regular,7,27styles_3cols_20211228_165740_9778901230_600_800.png,/scratch/parceirosbr/bigoilict/share/BigOil/document_generator/datasets/documents_2021_12_28/27styles_3cols_20211228_165740_9778901230_600_800.png,27styles_3cols_20211228_165740_9778901230_600_800_mask.png,intermediária podem81 ser associadas à
70,5,140,11,47,698,187,709,48,698,187,699,186,709,47,708,sub_line_text,text,text_4,raleway,regular,7,27styles_3cols_20211228_165740_9778901230_600_800.png,/scratch/parceirosbr/bigoilict/share/BigOil/document_generator/datasets/documents_2021_12_28/27styles_3cols_20211228_165740_9778901230_600_800.png,27styles_3cols_20211228_165740_9778901230_600_800_mask.png,ocorrência de7 espalhamento predominante.
69,43,139,86,48,623,187,709,48,623,187,624,187,709,48,708,text,text,text_4,raleway,regular,7,27styles_3cols_20211228_165740_9778901230_600_800.png,/scratch/parceirosbr/bigoilict/share/BigOil/document_generator/datasets/documents_2021_12_28/27styles_3cols_20211228_165740_9778901230_600_800.png,27styles_3cols_20211228_165740_9778901230_600_800_mask.png,nan
63,5,126,11,47,724,173,735,47,724,173,725,173,735,47,734,sub_line_text,text,text_5,raleway,regular,7,27styles_3cols_20211228_165740_9778901230_600_800.png,/scratch/parceirosbr/bigoilict/share/BigOil/document_generator/datasets/documents_2021_12_28/27styles_3cols_20211228_165740_9778901230_600_800.png,27styles_3cols_20211228_165740_9778901230_600_800_mask.png,"Ao encher toda coluna, pré-estabelece."
63,5,126,11,47,724,173,735,47,724,173,725,173,735,47,734,text,text,text_5,raleway,regular,7,27styles_3cols_20211228_165740_9778901230_600_800.png,/scratch/parceirosbr/bigoilict/share/BigOil/document_generator/datasets/documents_2021_12_28/27styles_3cols_20211228_165740_9778901230_600_800.png,27styles_3cols_20211228_165740_9778901230_600_800_mask.png,nan
68,5,137,11,218,54,355,65,218,54,355,55,355,65,218,64,sub_line_text,text,text_6,raleway,regular,7,27styles_3cols_20211228_165740_9778901230_600_800.png,/scratch/parceirosbr/bigoilict/share/BigOil/document_generator/datasets/documents_2021_12_28/27styles_3cols_20211228_165740_9778901230_600_800.png,27styles_3cols_20211228_165740_9778901230_600_800_mask.png,Um esboço esquemático desse problema é
59,5,119,11,236,69,355,80,236,69,355,70,355,80,236,79,sub_line_text,text,text_6,raleway,regular,7,27styles_3cols_20211228_165740_9778901230_600_800.png,/scratch/parceirosbr/bigoilict/share/BigOil/document_generator/datasets/documents_2021_12_28/27styles_3cols_20211228_165740_9778901230_600_800.png,27styles_3cols_20211228_165740_9778901230_600_800_mask.png,apresentado na figura 5.33. problema
63,5,127,11,228,84,355,95,228,84,355,85,355,95,228,94,sub_line_text,text,text_6,raleway,regular,7,27styles_3cols_20211228_165740_9778901230_600_800.png,/scratch/parceirosbr/bigoilict/share/BigOil/document_generator/datasets/documents_2021_12_28/27styles_3cols_20211228_165740_9778901230_600_800.png,27styles_3cols_20211228_165740_9778901230_600_800_mask.png,consiste em 3 regiões separadas por um
70,5,140,11,215,99,355,110,215,99,355,100,355,110,215,109,sub_line_text,text,text_6,raleway,regular,7,27styles_3cols_20211228_165740_9778901230_600_800.png,/scratch/parceirosbr/bigoilict/share/BigOil/document_generator/datasets/documents_2021_12_28/27styles_3cols_20211228_165740_9778901230_600_800.png,27styles_3cols_20211228_165740_9778901230_600_800_mask.png,choque oblíquo e por sua reflexão ao longo
69,5,138,11,217,114,355,125,217,114,355,115,355,125,217,124,sub_line_text,text,text_6,raleway,regular,7,27styles_3cols_20211228_165740_9778901230_600_800.png,/scratch/parceirosbr/bigoilict/share/BigOil/document_generator/datasets/documents_2021_12_28/27styles_3cols_20211228_165740_9778901230_600_800.png,27styles_3cols_20211228_165740_9778901230_600_800_mask.png,"de uma parede, conforme figura 5.33.  Com"
64,5,128,11,227,129,355,140,227,129,355,130,355,140,227,139,sub_line_text,text,text_6,raleway,regular,7,27styles_3cols_20211228_165740_9778901230_600_800.png,/scratch/parceirosbr/bigoilict/share/BigOil/document_generator/datasets/documents_2021_12_28/27styles_3cols_20211228_165740_9778901230_600_800.png,27styles_3cols_20211228_165740_9778901230_600_800_mask.png,as concentrações dos monossacarídeos
67,5,135,11,220,144,355,155,220,144,355,145,355,155,220,154,sub_line_text,text,text_6,raleway,regular,7,27styles_3cols_20211228_165740_9778901230_600_800.png,/scratch/parceirosbr/bigoilict/share/BigOil/document_generator/datasets/documents_2021_12_28/27styles_3cols_20211228_165740_9778901230_600_800.png,27styles_3cols_20211228_165740_9778901230_600_800_mask.png,obtidos na parte experimental foi possível
69,5,139,11,216,159,355,170,216,159,355,160,355,170,216,169,sub_line_text,text,text_6,raleway,regular,7,27styles_3cols_20211228_165740_9778901230_600_800.png,/scratch/parceirosbr/bigoilict/share/BigOil/document_generator/datasets/documents_2021_12_28/27styles_3cols_20211228_165740_9778901230_600_800.png,27styles_3cols_20211228_165740_9778901230_600_800_mask.png,"simular, através de parâmetros cinéticos da"
56,5,113,11,242,174,355,185,242,174,355,175,355,185,242,184,sub_line_text,text,text_6,raleway,regular,7,27styles_3cols_20211228_165740_9778901230_600_800.png,/scratch/parceirosbr/bigoilict/share/BigOil/document_generator/datasets/documents_2021_12_28/27styles_3cols_20211228_165740_9778901230_600_800.png,27styles_3cols_20211228_165740_9778901230_600_800_mask.png,"literatura, e estimar a produção dos."
70,65,141,131,215,54,356,185,216,54,356,55,355,185,215,184,text,text,text_6,raleway,regular,7,27styles_3cols_20211228_165740_9778901230_600_800.png,/scratch/parceirosbr/bigoilict/share/BigOil/document_generator/datasets/documents_2021_12_28/27styles_3cols_20211228_165740_9778901230_600_800.png,27styles_3cols_20211228_165740_9778901230_600_800_mask.png,nan
65,5,130,11,225,200,355,211,225,200,355,201,355,211,225,210,sub_line_text,text,text_7,raleway,regular,7,27styles_3cols_20211228_165740_9778901230_600_800.png,/scratch/parceirosbr/bigoilict/share/BigOil/document_generator/datasets/documents_2021_12_28/27styles_3cols_20211228_165740_9778901230_600_800.png,27styles_3cols_20211228_165740_9778901230_600_800_mask.png,"Entretanto, o sistema de ancoragem e de"
62,5,125,11,230,215,355,226,230,215,355,216,355,226,230,225,sub_line_text,text,text_7,raleway,regular,7,27styles_3cols_20211228_165740_9778901230_600_800.png,/scratch/parceirosbr/bigoilict/share/BigOil/document_generator/datasets/documents_2021_12_28/27styles_3cols_20211228_165740_9778901230_600_800.png,27styles_3cols_20211228_165740_9778901230_600_800_mask.png,risers gera restrições ao movimento dos
55,5,111,11,244,230,355,241,245,230,355,231,354,241,244,240,sub_line_text,text,text_7,raleway,regular,7,27styles_3cols_20211228_165740_9778901230_600_800.png,/scratch/parceirosbr/bigoilict/share/BigOil/document_generator/datasets/documents_2021_12_28/27styles_3cols_20211228_165740_9778901230_600_800.png,27styles_3cols_20211228_165740_9778901230_600_800_mask.png,logo ele não está livre para flutuar.
70,5,140,11,214,245,354,256,214,245,354,246,354,256,214,255,sub_line_text,text,text_7,raleway,regular,7,27styles_3cols_20211228_165740_9778901230_600_800.png,/scratch/parceirosbr/bigoilict/share/BigOil/document_generator/datasets/documents_2021_12_28/27styles_3cols_20211228_165740_9778901230_600_800.png,27styles_3cols_20211228_165740_9778901230_600_800_mask.png,Understanding gas-phase hydrodynamics in
66,5,133,11,221,260,354,271,221,260,354,261,354,271,221,270,sub_line_text,text,text_7,raleway,regular,7,27styles_3cols_20211228_165740_9778901230_600_800.png,/scratch/parceirosbr/bigoilict/share/BigOil/document_generator/datasets/documents_2021_12_28/27styles_3cols_20211228_165740_9778901230_600_800.png,27styles_3cols_20211228_165740_9778901230_600_800_mask.png,bubble columns: convective model based
57,5,115,11,239,275,354,286,239,275,354,276,354,286,239,285,sub_line_text,text,text_7,raleway,regular,7,27styles_3cols_20211228_165740_9778901230_600_800.png,/scratch/parceirosbr/bigoilict/share/BigOil/document_generator/datasets/documents_2021_12_28/27styles_3cols_20211228_165740_9778901230_600_800.png,27styles_3cols_20211228_165740_9778901230_600_800_mask.png,on kinetic theory. Um incidente sem
69,5,138,11,216,290,354,301,216,290,354,291,354,301,216,300,sub_line_text,text,text_7,raleway,regular,7,27styles_3cols_20211228_165740_9778901230_600_800.png,/scratch/parceirosbr/bigoilict/share/BigOil/document_generator/datasets/documents_2021_12_28/27styles_3cols_20211228_165740_9778901230_600_800.png,27styles_3cols_20211228_165740_9778901230_600_800_mask.png,"vazamento ocorreu em 2009, no município."
70,50,141,101,214,200,355,301,215,200,355,201,354,301,214,300,text,text,text_7,raleway,regular,7,27styles_3cols_20211228_165740_9778901230_600_800.png,/scratch/parceirosbr/bigoilict/share/BigOil/document_generator/datasets/documents_2021_12_28/27styles_3cols_20211228_165740_9778901230_600_800.png,27styles_3cols_20211228_165740_9778901230_600_800_mask.png,nan
69,5,139,11,215,316,354,327,215,316,354,317,354,327,215,326,sub_line_text,text,text_8,raleway,regular,7,27styles_3cols_20211228_165740_9778901230_600_800.png,/scratch/parceirosbr/bigoilict/share/BigOil/document_generator/datasets/documents_2021_12_28/27styles_3cols_20211228_165740_9778901230_600_800.png,27styles_3cols_20211228_165740_9778901230_600_800_mask.png,"Para o país, como um todo, a contabilidade"
59,5,119,11,235,331,354,342,235,331,354,332,354,342,235,341,sub_line_text,text,text_8,raleway,regular,7,27styles_3cols_20211228_165740_9778901230_600_800.png,/scratch/parceirosbr/bigoilict/share/BigOil/document_generator/datasets/documents_2021_12_28/27styles_3cols_20211228_165740_9778901230_600_800.png,27styles_3cols_20211228_165740_9778901230_600_800_mask.png,está a indicar um sinal negativo. Para
58,5,117,11,237,346,354,357,237,346,354,347,354,357,237,356,sub_line_text,text,text_8,raleway,regular,7,27styles_3cols_20211228_165740_9778901230_600_800.png,/scratch/parceirosbr/bigoilict/share/BigOil/document_generator/datasets/documents_2021_12_28/27styles_3cols_20211228_165740_9778901230_600_800.png,27styles_3cols_20211228_165740_9778901230_600_800_mask.png,medidas de viscosidade de soluções
68,5,136,11,218,361,354,372,218,361,354,362,354,372,218,371,sub_line_text,text,text_8,raleway,regular,7,27styles_3cols_20211228_165740_9778901230_600_800.png,/scratch/parceirosbr/bigoilict/share/BigOil/document_generator/datasets/documents_2021_12_28/27styles_3cols_20211228_165740_9778901230_600_800.png,27styles_3cols_20211228_165740_9778901230_600_800_mask.png,"diluídas é usado, geralmente, viscosímetro"
70,5,140,11,214,376,354,387,214,376,354,377,354,387,214,386,sub_line_text,text,text_8,raleway,regular,7,27styles_3cols_20211228_165740_9778901230_600_800.png,/scratch/parceirosbr/bigoilict/share/BigOil/document_generator/datasets/documents_2021_12_28/27styles_3cols_20211228_165740_9778901230_600_800.png,27styles_3cols_20211228_165740_9778901230_600_800_mask.png,capilar de no qual o líquido flui em um tubo
67,5,134,11,220,391,354,402,220,391,354,392,354,402,220,401,sub_line_text,text,text_8,raleway,regular,7,27styles_3cols_20211228_165740_9778901230_600_800.png,/scratch/parceirosbr/bigoilict/share/BigOil/document_generator/datasets/documents_2021_12_28/27styles_3cols_20211228_165740_9778901230_600_800.png,27styles_3cols_20211228_165740_9778901230_600_800_mask.png,capilar pela ação da gravidade e o tempo
68,5,137,11,217,406,354,417,217,406,354,407,354,417,217,416,sub_line_text,text,text_8,raleway,regular,7,27styles_3cols_20211228_165740_9778901230_600_800.png,/scratch/parceirosbr/bigoilict/share/BigOil/document_generator/datasets/documents_2021_12_28/27styles_3cols_20211228_165740_9778901230_600_800.png,27styles_3cols_20211228_165740_9778901230_600_800_mask.png,de escoamento é medido.  Uma alternativa
67,5,134,11,220,421,354,432,220,421,354,422,354,432,220,431,sub_line_text,text,text_8,raleway,regular,7,27styles_3cols_20211228_165740_9778901230_600_800.png,/scratch/parceirosbr/bigoilict/share/BigOil/document_generator/datasets/documents_2021_12_28/27styles_3cols_20211228_165740_9778901230_600_800.png,27styles_3cols_20211228_165740_9778901230_600_800_mask.png,razoável a este problema é encontrar uma
60,5,121,11,233,436,354,447,233,436,354,437,354,447,233,446,sub_line_text,text,text_8,raleway,regular,7,27styles_3cols_20211228_165740_9778901230_600_800.png,/scratch/parceirosbr/bigoilict/share/BigOil/document_generator/datasets/documents_2021_12_28/27styles_3cols_20211228_165740_9778901230_600_800.png,27styles_3cols_20211228_165740_9778901230_600_800_mask.png,"função, chamada de função única ou."
70,65,140,131,214,316,354,447,214,316,354,317,354,447,214,446,text,text,text_8,raleway,regular,7,27styles_3cols_20211228_165740_9778901230_600_800.png,/scratch/parceirosbr/bigoilict/share/BigOil/document_generator/datasets/documents_2021_12_28/27styles_3cols_20211228_165740_9778901230_600_800.png,27styles_3cols_20211228_165740_9778901230_600_800_mask.png,nan
68,5,137,11,215,462,352,473,215,462,352,463,352,473,215,472,sub_line_text,text,text_9,raleway,regular,7,27styles_3cols_20211228_165740_9778901230_600_800.png,/scratch/parceirosbr/bigoilict/share/BigOil/document_generator/datasets/documents_2021_12_28/27styles_3cols_20211228_165740_9778901230_600_800.png,27styles_3cols_20211228_165740_9778901230_600_800_mask.png,"Com isto, aparece a propriedade tensão de"
69,5,138,11,213,477,351,488,213,477,351,478,351,488,213,487,sub_line_text,text,text_9,raleway,regular,7,27styles_3cols_20211228_165740_9778901230_600_800.png,/scratch/parceirosbr/bigoilict/share/BigOil/document_generator/datasets/documents_2021_12_28/27styles_3cols_20211228_165740_9778901230_600_800.png,27styles_3cols_20211228_165740_9778901230_600_800_mask.png,adesão como sendo a diferença de tensões
69,5,138,11,213,492,351,503,213,492,351,493,351,503,213,502,sub_line_text,text,text_9,raleway,regular,7,27styles_3cols_20211228_165740_9778901230_600_800.png,/scratch/parceirosbr/bigoilict/share/BigOil/document_generator/datasets/documents_2021_12_28/27styles_3cols_20211228_165740_9778901230_600_800.png,27styles_3cols_20211228_165740_9778901230_600_800_mask.png,ao longo do sólido:. Com a entrada do novo
64,5,129,11,222,507,351,518,222,507,351,508,351,518,222,517,sub_line_text,text,text_9,raleway,regular,7,27styles_3cols_20211228_165740_9778901230_600_800.png,/scratch/parceirosbr/bigoilict/share/BigOil/document_generator/datasets/documents_2021_12_28/27styles_3cols_20211228_165740_9778901230_600_800.png,27styles_3cols_20211228_165740_9778901230_600_800_mask.png,"sistema de transferência, o será escoado"
61,5,122,11,229,522,351,533,229,522,351,523,351,533,229,532,sub_line_text,text,text_9,raleway,regular,7,27styles_3cols_20211228_165740_9778901230_600_800.png,/scratch/parceirosbr/bigoilict/share/BigOil/document_generator/datasets/documents_2021_12_28/27styles_3cols_20211228_165740_9778901230_600_800.png,27styles_3cols_20211228_165740_9778901230_600_800_mask.png,pelo às margens do em para atender o
59,5,118,11,233,537,351,548,233,537,351,538,351,548,233,547,sub_line_text,text,text_9,raleway,regular,7,27styles_3cols_20211228_165740_9778901230_600_800.png,/scratch/parceirosbr/bigoilict/share/BigOil/document_generator/datasets/documents_2021_12_28/27styles_3cols_20211228_165740_9778901230_600_800.png,27styles_3cols_20211228_165740_9778901230_600_800_mask.png,mercado de e.  Também é aspirada a
61,5,123,11,228,552,351,563,228,552,351,553,351,563,228,562,sub_line_text,text,text_9,raleway,regular,7,27styles_3cols_20211228_165740_9778901230_600_800.png,/scratch/parceirosbr/bigoilict/share/BigOil/document_generator/datasets/documents_2021_12_28/27styles_3cols_20211228_165740_9778901230_600_800.png,27styles_3cols_20211228_165740_9778901230_600_800_mask.png,"estimativa de vida útil do poço, com a"
65,5,131,11,220,567,351,578,220,567,351,568,351,578,220,577,sub_line_text,text,text_9,raleway,regular,7,27styles_3cols_20211228_165740_9778901230_600_800.png,/scratch/parceirosbr/bigoilict/share/BigOil/document_generator/datasets/documents_2021_12_28/27styles_3cols_20211228_165740_9778901230_600_800.png,27styles_3cols_20211228_165740_9778901230_600_800_mask.png,atribuição ao momento em que o mesmo
63,5,127,11,224,582,351,593,224,582,351,583,351,593,224,592,sub_line_text,text,text_9,raleway,regular,7,27styles_3cols_20211228_165740_9778901230_600_800.png,/scratch/parceirosbr/bigoilict/share/BigOil/document_generator/datasets/documents_2021_12_28/27styles_3cols_20211228_165740_9778901230_600_800.png,27styles_3cols_20211228_165740_9778901230_600_800_mask.png,deixa de ser produtivo.  Energia (Energy.
69,65,139,131,213,462,352,593,214,462,352,463,351,593,213,592,text,text,text_9,raleway,regular,7,27styles_3cols_20211228_165740_9778901230_600_800.png,/scratch/parceirosbr/bigoilict/share/BigOil/document_generator/datasets/documents_2021_12_28/27styles_3cols_20211228_165740_9778901230_600_800.png,27styles_3cols_20211228_165740_9778901230_600_800_mask.png,nan
58,5,117,11,232,608,349,619,232,608,349,609,349,619,232,618,sub_line_text,text,text_10,raleway,regular,7,27styles_3cols_20211228_165740_9778901230_600_800.png,/scratch/parceirosbr/bigoilict/share/BigOil/document_generator/datasets/documents_2021_12_28/27styles_3cols_20211228_165740_9778901230_600_800.png,27styles_3cols_20211228_165740_9778901230_600_800_mask.png,"No entanto, projetos de investimento"
68,5,136,11,213,623,349,634,213,623,349,624,349,634,213,633,sub_line_text,text,text_10,raleway,regular,7,27styles_3cols_20211228_165740_9778901230_600_800.png,/scratch/parceirosbr/bigoilict/share/BigOil/document_generator/datasets/documents_2021_12_28/27styles_3cols_20211228_165740_9778901230_600_800.png,27styles_3cols_20211228_165740_9778901230_600_800_mask.png,viabilizaram apenas 8 bilhões de barris em
66,5,133,11,216,638,349,649,216,638,349,639,349,649,216,648,sub_line_text,text,text_10,raleway,regular,7,27styles_3cols_20211228_165740_9778901230_600_800.png,/scratch/parceirosbr/bigoilict/share/BigOil/document_generator/datasets/documents_2021_12_28/27styles_3cols_20211228_165740_9778901230_600_800.png,27styles_3cols_20211228_165740_9778901230_600_800_mask.png,2015. No cliente a função é a responsável
57,5,114,11,235,653,349,664,235,653,349,654,349,664,235,663,sub_line_text,text,text_10,raleway,regular,7,27styles_3cols_20211228_165740_9778901230_600_800.png,/scratch/parceirosbr/bigoilict/share/BigOil/document_generator/datasets/documents_2021_12_28/27styles_3cols_20211228_165740_9778901230_600_800.png,27styles_3cols_20211228_165740_9778901230_600_800_mask.png,por formatar o arquivo.  para discutir
53,5,106,11,243,668,349,679,243,668,349,669,349,679,243,678,sub_line_text,text,text_10,raleway,regular,7,27styles_3cols_20211228_165740_9778901230_600_800.png,/scratch/parceirosbr/bigoilict/share/BigOil/document_generator/datasets/documents_2021_12_28/27styles_3cols_20211228_165740_9778901230_600_800.png,27styles_3cols_20211228_165740_9778901230_600_800_mask.png,aspectos construtivos das obras e
59,5,119,11,230,683,349,694,230,683,349,684,349,694,230,693,sub_line_text,text,text_10,raleway,regular,7,27styles_3cols_20211228_165740_9778901230_600_800.png,/scratch/parceirosbr/bigoilict/share/BigOil/document_generator/datasets/documents_2021_12_28/27styles_3cols_20211228_165740_9778901230_600_800.png,27styles_3cols_20211228_165740_9778901230_600_800_mask.png,alterações de projeto ocorridas. et al1.
68,43,136,86,213,608,349,694,213,608,349,609,349,694,213,693,text,text,text_10,raleway,regular,7,27styles_3cols_20211228_165740_9778901230_600_800.png,/scratch/parceirosbr/bigoilict/share/BigOil/document_generator/datasets/documents_2021_12_28/27styles_3cols_20211228_165740_9778901230_600_800.png,27styles_3cols_20211228_165740_9778901230_600_800_mask.png,nan
70,5,140,11,212,709,352,720,212,709,352,710,352,720,212,719,sub_line_text,text,text_11,raleway,regular,7,27styles_3cols_20211228_165740_9778901230_600_800.png,/scratch/parceirosbr/bigoilict/share/BigOil/document_generator/datasets/documents_2021_12_28/27styles_3cols_20211228_165740_9778901230_600_800.png,27styles_3cols_20211228_165740_9778901230_600_800_mask.png,Gráfico 12 dos preços médios do gás natural
56,5,112,11,240,724,352,735,240,724,352,725,352,735,240,734,sub_line_text,text,text_11,raleway,regular,7,27styles_3cols_20211228_165740_9778901230_600_800.png,/scratch/parceirosbr/bigoilict/share/BigOil/document_generator/datasets/documents_2021_12_28/27styles_3cols_20211228_165740_9778901230_600_800.png,27styles_3cols_20211228_165740_9778901230_600_800_mask.png,"nos57 mercados europeu, asiático e."
70,13,141,26,212,709,353,735,213,709,353,710,352,735,212,734,text,text,text_11,raleway,regular,7,27styles_3cols_20211228_165740_9778901230_600_800.png,/scratch/parceirosbr/bigoilict/share/BigOil/document_generator/datasets/documents_2021_12_28/27styles_3cols_20211228_165740_9778901230_600_800.png,27styles_3cols_20211228_165740_9778901230_600_800_mask.png,nan
49,5,99,10,418,55,517,65,418,55,517,55,517,65,418,65,sub_line_text,text,text_12,raleway,regular,7,27styles_3cols_20211228_165740_9778901230_600_800.png,/scratch/parceirosbr/bigoilict/share/BigOil/document_generator/datasets/documents_2021_12_28/27styles_3cols_20211228_165740_9778901230_600_800.png,27styles_3cols_20211228_165740_9778901230_600_800_mask.png,Em se tratando da atividade de
57,5,115,10,402,70,517,80,402,70,517,70,517,80,402,80,sub_line_text,text,text_12,raleway,regular,7,27styles_3cols_20211228_165740_9778901230_600_800.png,/scratch/parceirosbr/bigoilict/share/BigOil/document_generator/datasets/documents_2021_12_28/27styles_3cols_20211228_165740_9778901230_600_800.png,27styles_3cols_20211228_165740_9778901230_600_800_mask.png,"fraturamento hidráulico, estes temas"
57,5,114,10,403,85,517,95,403,85,517,85,517,95,403,95,sub_line_text,text,text_12,raleway,regular,7,27styles_3cols_20211228_165740_9778901230_600_800.png,/scratch/parceirosbr/bigoilict/share/BigOil/document_generator/datasets/documents_2021_12_28/27styles_3cols_20211228_165740_9778901230_600_800.png,27styles_3cols_20211228_165740_9778901230_600_800_mask.png,deverão incluir o monitoramento da
54,5,109,10,408,100,517,110,408,100,517,100,517,110,408,110,sub_line_text,text,text_12,raleway,regular,7,27styles_3cols_20211228_165740_9778901230_600_800.png,/scratch/parceirosbr/bigoilict/share/BigOil/document_generator/datasets/documents_2021_12_28/27styles_3cols_20211228_165740_9778901230_600_800.png,27styles_3cols_20211228_165740_9778901230_600_800_mask.png,sismicidade e qualidade de águas
68,5,137,10,380,115,517,125,380,115,517,115,517,125,380,125,sub_line_text,text,text_12,raleway,regular,7,27styles_3cols_20211228_165740_9778901230_600_800.png,/scratch/parceirosbr/bigoilict/share/BigOil/document_generator/datasets/documents_2021_12_28/27styles_3cols_20211228_165740_9778901230_600_800.png,27styles_3cols_20211228_165740_9778901230_600_800_mask.png,"subterrâneas e superficiais antes, durante e"
61,5,123,10,394,130,517,140,394,130,517,130,517,140,394,140,sub_line_text,text,text_12,raleway,regular,7,27styles_3cols_20211228_165740_9778901230_600_800.png,/scratch/parceirosbr/bigoilict/share/BigOil/document_generator/datasets/documents_2021_12_28/27styles_3cols_20211228_165740_9778901230_600_800.png,27styles_3cols_20211228_165740_9778901230_600_800_mask.png,até o fechamento definitivo dos poços.
68,42,137,85,380,55,517,140,380,55,517,55,517,140,380,140,text,text,text_12,raleway,regular,7,27styles_3cols_20211228_165740_9778901230_600_800.png,/scratch/parceirosbr/bigoilict/share/BigOil/document_generator/datasets/documents_2021_12_28/27styles_3cols_20211228_165740_9778901230_600_800.png,27styles_3cols_20211228_165740_9778901230_600_800_mask.png,nan
58,5,117,10,401,156,518,166,401,156,518,156,518,166,401,166,sub_line_text,text,text_13,raleway,regular,7,27styles_3cols_20211228_165740_9778901230_600_800.png,/scratch/parceirosbr/bigoilict/share/BigOil/document_generator/datasets/documents_2021_12_28/27styles_3cols_20211228_165740_9778901230_600_800.png,27styles_3cols_20211228_165740_9778901230_600_800_mask.png,"Onde, é a temperatura na entrada da"
69,5,138,10,380,171,518,181,380,171,518,171,518,181,380,181,sub_line_text,text,text_13,raleway,regular,7,27styles_3cols_20211228_165740_9778901230_600_800.png,/scratch/parceirosbr/bigoilict/share/BigOil/document_generator/datasets/documents_2021_12_28/27styles_3cols_20211228_165740_9778901230_600_800.png,27styles_3cols_20211228_165740_9778901230_600_800_mask.png,"tubulação, é a temperatura na parede e k é"
68,5,136,10,382,186,518,196,382,186,518,186,518,196,382,196,sub_line_text,text,text_13,raleway,regular,7,27styles_3cols_20211228_165740_9778901230_600_800.png,/scratch/parceirosbr/bigoilict/share/BigOil/document_generator/datasets/documents_2021_12_28/27styles_3cols_20211228_165740_9778901230_600_800.png,27styles_3cols_20211228_165740_9778901230_600_800_mask.png,"a condutividade (parede do duto parafina),"
53,5,106,10,412,201,518,211,412,201,518,201,518,211,412,211,sub_line_text,text,text_13,raleway,regular,7,27styles_3cols_20211228_165740_9778901230_600_800.png,/scratch/parceirosbr/bigoilict/share/BigOil/document_generator/datasets/documents_2021_12_28/27styles_3cols_20211228_165740_9778901230_600_800.png,27styles_3cols_20211228_165740_9778901230_600_800_mask.png,"é a massa específica do fluído, é."
69,27,138,55,380,156,518,211,380,156,518,156,518,211,380,211,text,text,text_13,raleway,regular,7,27styles_3cols_20211228_165740_9778901230_600_800.png,/scratch/parceirosbr/bigoilict/share/BigOil/document_generator/datasets/documents_2021_12_28/27styles_3cols_20211228_165740_9778901230_600_800.png,27styles_3cols_20211228_165740_9778901230_600_800_mask.png,nan
59,5,119,10,397,227,516,237,397,227,516,227,516,237,397,237,sub_line_text,text,text_14,raleway,regular,7,27styles_3cols_20211228_165740_9778901230_600_800.png,/scratch/parceirosbr/bigoilict/share/BigOil/document_generator/datasets/documents_2021_12_28/27styles_3cols_20211228_165740_9778901230_600_800.png,27styles_3cols_20211228_165740_9778901230_600_800_mask.png,Os ácidos graxos foram titulados com
66,5,132,10,383,242,515,252,383,242,515,242,515,252,383,252,sub_line_text,text,text_14,raleway,regular,7,27styles_3cols_20211228_165740_9778901230_600_800.png,/scratch/parceirosbr/bigoilict/share/BigOil/document_generator/datasets/documents_2021_12_28/27styles_3cols_20211228_165740_9778901230_600_800.png,27styles_3cols_20211228_165740_9778901230_600_800_mask.png,"solução 0,0476 de em titulador automático"
66,5,132,10,383,257,515,267,383,257,515,257,515,267,383,267,sub_line_text,text,text_14,raleway,regular,7,27styles_3cols_20211228_165740_9778901230_600_800.png,/scratch/parceirosbr/bigoilict/share/BigOil/document_generator/datasets/documents_2021_12_28/27styles_3cols_20211228_165740_9778901230_600_800.png,27styles_3cols_20211228_165740_9778901230_600_800_mask.png,"até um valor de46 pH final de 11,0. brancos"
68,5,136,10,379,272,515,282,379,272,515,272,515,282,379,282,sub_line_text,text,text_14,raleway,regular,7,27styles_3cols_20211228_165740_9778901230_600_800.png,/scratch/parceirosbr/bigoilict/share/BigOil/document_generator/datasets/documents_2021_12_28/27styles_3cols_20211228_165740_9778901230_600_800.png,27styles_3cols_20211228_165740_9778901230_600_800_mask.png,reacionais foram obtidos adicionando-se o
61,5,122,10,393,287,515,297,393,287,515,287,515,297,393,297,sub_line_text,text,text_14,raleway,regular,7,27styles_3cols_20211228_165740_9778901230_600_800.png,/scratch/parceirosbr/bigoilict/share/BigOil/document_generator/datasets/documents_2021_12_28/27styles_3cols_20211228_165740_9778901230_600_800.png,27styles_3cols_20211228_165740_9778901230_600_800_mask.png,preparado enzimático após50 a solução
58,5,117,10,398,302,515,312,398,302,515,302,515,312,398,312,sub_line_text,text,text_14,raleway,regular,7,27styles_3cols_20211228_165740_9778901230_600_800.png,/scratch/parceirosbr/bigoilict/share/BigOil/document_generator/datasets/documents_2021_12_28/27styles_3cols_20211228_165740_9778901230_600_800.png,27styles_3cols_20211228_165740_9778901230_600_800_mask.png,acetona-etanol.  Nas83 simulações de
57,5,115,10,400,317,515,327,400,317,515,317,515,327,400,327,sub_line_text,text,text_14,raleway,regular,7,27styles_3cols_20211228_165740_9778901230_600_800.png,/scratch/parceirosbr/bigoilict/share/BigOil/document_generator/datasets/documents_2021_12_28/27styles_3cols_20211228_165740_9778901230_600_800.png,27styles_3cols_20211228_165740_9778901230_600_800_mask.png,"explosões, por exemplo,20 a onda de"
65,5,131,10,384,332,515,342,384,332,515,332,515,342,384,342,sub_line_text,text,text_14,raleway,regular,7,27styles_3cols_20211228_165740_9778901230_600_800.png,/scratch/parceirosbr/bigoilict/share/BigOil/document_generator/datasets/documents_2021_12_28/27styles_3cols_20211228_165740_9778901230_600_800.png,27styles_3cols_20211228_165740_9778901230_600_800_mask.png,pressão ao95 se propagar choca-se contra.
68,57,137,115,379,227,516,342,380,227,516,227,515,342,379,342,text,text,text_14,raleway,regular,7,27styles_3cols_20211228_165740_9778901230_600_800.png,/scratch/parceirosbr/bigoilict/share/BigOil/document_generator/datasets/documents_2021_12_28/27styles_3cols_20211228_165740_9778901230_600_800.png,27styles_3cols_20211228_165740_9778901230_600_800_mask.png,nan
58,5,117,10,401,358,518,368,401,358,518,358,518,368,401,368,sub_line_text,text,text_15,raleway,regular,7,27styles_3cols_20211228_165740_9778901230_600_800.png,/scratch/parceirosbr/bigoilict/share/BigOil/document_generator/datasets/documents_2021_12_28/27styles_3cols_20211228_165740_9778901230_600_800.png,27styles_3cols_20211228_165740_9778901230_600_800_mask.png,A maioria dos tensoativos catiônicos
69,5,139,10,379,373,518,383,379,373,518,373,518,383,379,383,sub_line_text,text,text_15,raleway,regular,7,27styles_3cols_20211228_165740_9778901230_600_800.png,/scratch/parceirosbr/bigoilict/share/BigOil/document_generator/datasets/documents_2021_12_28/27styles_3cols_20211228_165740_9778901230_600_800.png,27styles_3cols_20211228_165740_9778901230_600_800_mask.png,apresenta em sua molécula pelo menos um
68,5,137,10,381,388,518,398,381,388,518,388,518,398,381,398,sub_line_text,text,text_15,raleway,regular,7,27styles_3cols_20211228_165740_9778901230_600_800.png,/scratch/parceirosbr/bigoilict/share/BigOil/document_generator/datasets/documents_2021_12_28/27styles_3cols_20211228_165740_9778901230_600_800.png,27styles_3cols_20211228_165740_9778901230_600_800_mask.png,átomo de nitrogênio com carga positiva.  A
59,5,118,10,400,403,518,413,400,403,518,403,518,413,400,413,sub_line_text,text,text_15,raleway,regular,7,27styles_3cols_20211228_165740_9778901230_600_800.png,/scratch/parceirosbr/bigoilict/share/BigOil/document_generator/datasets/documents_2021_12_28/27styles_3cols_20211228_165740_9778901230_600_800.png,27styles_3cols_20211228_165740_9778901230_600_800_mask.png,fumaça do escapamento de veículos
65,5,130,10,388,418,518,428,388,418,518,418,518,428,388,428,sub_line_text,text,text_15,raleway,regular,7,27styles_3cols_20211228_165740_9778901230_600_800.png,/scratch/parceirosbr/bigoilict/share/BigOil/document_generator/datasets/documents_2021_12_28/27styles_3cols_20211228_165740_9778901230_600_800.png,27styles_3cols_20211228_165740_9778901230_600_800_mask.png,"pesados para o transporte de materiais e,"
61,5,123,10,395,433,518,443,395,433,518,433,518,443,395,443,sub_line_text,text,text_15,raleway,regular,7,27styles_3cols_20211228_165740_9778901230_600_800.png,/scratch/parceirosbr/bigoilict/share/BigOil/document_generator/datasets/documents_2021_12_28/27styles_3cols_20211228_165740_9778901230_600_800.png,27styles_3cols_20211228_165740_9778901230_600_800_mask.png,especialmente para o fornecimento de
57,5,115,10,403,448,518,458,403,448,518,448,518,458,403,458,sub_line_text,text,text_15,raleway,regular,7,27styles_3cols_20211228_165740_9778901230_600_800.png,/scratch/parceirosbr/bigoilict/share/BigOil/document_generator/datasets/documents_2021_12_28/27styles_3cols_20211228_165740_9778901230_600_800.png,27styles_3cols_20211228_165740_9778901230_600_800_mask.png,"água e remoção de águas residuais,"
19,5,39,11,479,463,518,474,479,463,518,464,517,474,479,473,sub_line_text,text,text_15,raleway,regular,7,27styles_3cols_20211228_165740_9778901230_600_800.png,/scratch/parceirosbr/bigoilict/share/BigOil/document_generator/datasets/documents_2021_12_28/27styles_3cols_20211228_165740_9778901230_600_800.png,27styles_3cols_20211228_165740_9778901230_600_800_mask.png,quando não.
69,57,139,115,379,358,518,473,379,358,518,358,518,473,379,473,text,text,text_15,raleway,regular,7,27styles_3cols_20211228_165740_9778901230_600_800.png,/scratch/parceirosbr/bigoilict/share/BigOil/document_generator/datasets/documents_2021_12_28/27styles_3cols_20211228_165740_9778901230_600_800.png,27styles_3cols_20211228_165740_9778901230_600_800_mask.png,nan
39,5,78,11,432,489,510,500,432,489,510,490,510,500,432,499,sub_line_text,text,text_16,raleway,regular,7,27styles_3cols_20211228_165740_9778901230_600_800.png,/scratch/parceirosbr/bigoilict/share/BigOil/document_generator/datasets/documents_2021_12_28/27styles_3cols_20211228_165740_9778901230_600_800.png,27styles_3cols_20211228_165740_9778901230_600_800_mask.png,Para um aquífero regime
59,5,119,10,391,504,510,514,391,504,510,504,510,514,391,514,sub_line_text,text,text_16,raleway,regular,7,27styles_3cols_20211228_165740_9778901230_600_800.png,/scratch/parceirosbr/bigoilict/share/BigOil/document_generator/datasets/documents_2021_12_28/27styles_3cols_20211228_165740_9778901230_600_800.png,27styles_3cols_20211228_165740_9778901230_600_800_mask.png,pseudopermanente19 o índice é: linear
63,5,126,10,384,519,510,529,384,519,510,519,510,529,384,529,sub_line_text,text,text_16,raleway,regular,7,27styles_3cols_20211228_165740_9778901230_600_800.png,/scratch/parceirosbr/bigoilict/share/BigOil/document_generator/datasets/documents_2021_12_28/27styles_3cols_20211228_165740_9778901230_600_800.png,27styles_3cols_20211228_165740_9778901230_600_800_mask.png,selado que se92 encontra em. Para que a
56,5,112,10,398,534,510,544,398,534,510,534,510,544,398,544,sub_line_text,text,text_16,raleway,regular,7,27styles_3cols_20211228_165740_9778901230_600_800.png,/scratch/parceirosbr/bigoilict/share/BigOil/document_generator/datasets/documents_2021_12_28/27styles_3cols_20211228_165740_9778901230_600_800.png,27styles_3cols_20211228_165740_9778901230_600_800_mask.png,aquisição sísmica represente92 mais
66,5,132,10,378,549,510,559,378,549,510,549,510,559,378,559,sub_line_text,text,text_16,raleway,regular,7,27styles_3cols_20211228_165740_9778901230_600_800.png,/scratch/parceirosbr/bigoilict/share/BigOil/document_generator/datasets/documents_2021_12_28/27styles_3cols_20211228_165740_9778901230_600_800.png,27styles_3cols_20211228_165740_9778901230_600_800_mask.png,realisticamente69 a estrutura geológica da.
66,35,133,70,378,489,511,559,379,489,511,489,510,559,378,559,text,text,text_16,raleway,regular,7,27styles_3cols_20211228_165740_9778901230_600_800.png,/scratch/parceirosbr/bigoilict/share/BigOil/document_generator/datasets/documents_2021_12_28/27styles_3cols_20211228_165740_9778901230_600_800.png,27styles_3cols_20211228_165740_9778901230_600_800_mask.png,nan
60,5,120,10,397,575,517,585,397,575,517,575,517,585,397,585,sub_line_text,text,text_17,raleway,regular,7,27styles_3cols_20211228_165740_9778901230_600_800.png,/scratch/parceirosbr/bigoilict/share/BigOil/document_generator/datasets/documents_2021_12_28/27styles_3cols_20211228_165740_9778901230_600_800.png,27styles_3cols_20211228_165740_9778901230_600_800_mask.png,"Desde 1980, pode detectar calores na"
48,5,96,11,421,590,517,601,421,590,517,591,517,601,421,600,sub_line_text,text,text_17,raleway,regular,7,27styles_3cols_20211228_165740_9778901230_600_800.png,/scratch/parceirosbr/bigoilict/share/BigOil/document_generator/datasets/documents_2021_12_28/27styles_3cols_20211228_165740_9778901230_600_800.png,27styles_3cols_20211228_165740_9778901230_600_800_mask.png,ordem de 10-6 abrindo21 novas
69,5,139,10,378,605,517,615,378,605,517,605,517,615,378,615,sub_line_text,text,text_17,raleway,regular,7,27styles_3cols_20211228_165740_9778901230_600_800.png,/scratch/parceirosbr/bigoilict/share/BigOil/document_generator/datasets/documents_2021_12_28/27styles_3cols_20211228_165740_9778901230_600_800.png,27styles_3cols_20211228_165740_9778901230_600_800_mask.png,oportunidades para60 a pesquisa de sistemas
69,5,138,10,379,620,517,630,379,620,517,620,517,630,379,630,sub_line_text,text,text_17,raleway,regular,7,27styles_3cols_20211228_165740_9778901230_600_800.png,/scratch/parceirosbr/bigoilict/share/BigOil/document_generator/datasets/documents_2021_12_28/27styles_3cols_20211228_165740_9778901230_600_800.png,27styles_3cols_20211228_165740_9778901230_600_800_mask.png,que não liberam14 ou absorvem uma grande
68,5,136,10,381,635,517,645,381,635,517,635,517,645,381,645,sub_line_text,text,text_17,raleway,regular,7,27styles_3cols_20211228_165740_9778901230_600_800.png,/scratch/parceirosbr/bigoilict/share/BigOil/document_generator/datasets/documents_2021_12_28/27styles_3cols_20211228_165740_9778901230_600_800.png,27styles_3cols_20211228_165740_9778901230_600_800_mask.png,calor.  A formação das32 gotas de óleo após
64,5,128,10,389,650,517,660,389,650,517,650,517,660,389,660,sub_line_text,text,text_17,raleway,regular,7,27styles_3cols_20211228_165740_9778901230_600_800.png,/scratch/parceirosbr/bigoilict/share/BigOil/document_generator/datasets/documents_2021_12_28/27styles_3cols_20211228_165740_9778901230_600_800.png,27styles_3cols_20211228_165740_9778901230_600_800_mask.png,a sua liberação94 ainda não é muito bem
62,5,125,10,392,665,517,675,392,665,517,665,517,675,392,675,sub_line_text,text,text_17,raleway,regular,7,27styles_3cols_20211228_165740_9778901230_600_800.png,/scratch/parceirosbr/bigoilict/share/BigOil/document_generator/datasets/documents_2021_12_28/27styles_3cols_20211228_165740_9778901230_600_800.png,27styles_3cols_20211228_165740_9778901230_600_800_mask.png,documentada 2013). A fim23 de estimara
61,5,123,10,394,680,517,690,394,680,517,680,517,690,394,690,sub_line_text,text,text_17,raleway,regular,7,27styles_3cols_20211228_165740_9778901230_600_800.png,/scratch/parceirosbr/bigoilict/share/BigOil/document_generator/datasets/documents_2021_12_28/27styles_3cols_20211228_165740_9778901230_600_800.png,27styles_3cols_20211228_165740_9778901230_600_800_mask.png,concentração de enxofre46 e nitrogênio
59,5,118,10,399,695,517,705,399,695,517,695,517,705,399,705,sub_line_text,text,text_17,raleway,regular,7,27styles_3cols_20211228_165740_9778901230_600_800.png,/scratch/parceirosbr/bigoilict/share/BigOil/document_generator/datasets/documents_2021_12_28/27styles_3cols_20211228_165740_9778901230_600_800.png,27styles_3cols_20211228_165740_9778901230_600_800_mask.png,"dessorvidos pelo solvente,71 amostras."
69,65,139,130,378,575,517,705,378,575,517,575,517,705,378,705,text,text,text_17,raleway,regular,7,27styles_3cols_20211228_165740_9778901230_600_800.png,/scratch/parceirosbr/bigoilict/share/BigOil/document_generator/datasets/documents_2021_12_28/27styles_3cols_20211228_165740_9778901230_600_800.png,27styles_3cols_20211228_165740_9778901230_600_800_mask.png,nan
70,5,141,10,377,721,518,731,377,721,518,721,518,731,377,731,sub_line_text,text,text_18,raleway,regular,7,27styles_3cols_20211228_165740_9778901230_600_800.png,/scratch/parceirosbr/bigoilict/share/BigOil/document_generator/datasets/documents_2021_12_28/27styles_3cols_20211228_165740_9778901230_600_800.png,27styles_3cols_20211228_165740_9778901230_600_800_mask.png,"O coeficiente de difusão médio (7,03 0,77 x."
70,5,141,10,377,721,518,731,377,721,518,721,518,731,377,731,text,text,text_18,raleway,regular,7,27styles_3cols_20211228_165740_9778901230_600_800.png,/scratch/parceirosbr/bigoilict/share/BigOil/document_generator/datasets/documents_2021_12_28/27styles_3cols_20211228_165740_9778901230_600_800.png,27styles_3cols_20211228_165740_9778901230_600_800_mask.png,nan
