center_x,center_y,width,height,xmin,ymin,xmax,ymax,top_left_x,top_left_y,top_right_x,top_right_y,bottom_right_x,bottom_right_y,bottom_left_x,bottom_left_y,label,grouplabel,group,text_font,text_style,size_font,filename,path,filename_mask,content
300,400,600,800,0,0,600,800,0,0,600,0,600,800,0,800,document,,,,,,27styles_3cols_20211228_165746_7728135463_600_800.png,/scratch/parceirosbr/bigoilict/share/BigOil/document_generator/datasets/documents_2021_12_28/27styles_3cols_20211228_165746_7728135463_600_800.png,27styles_3cols_20211228_165746_7728135463_600_800_mask.png,
241,36,483,73,59,62,542,135,59,62,542,62,542,135,59,135,table,header,table_0,times,regular,7.0,27styles_3cols_20211228_165746_7728135463_600_800.png,/scratch/parceirosbr/bigoilict/share/BigOil/document_generator/datasets/documents_2021_12_28/27styles_3cols_20211228_165746_7728135463_600_800.png,27styles_3cols_20211228_165746_7728135463_600_800_mask.png,nan
17,27,35,54,65,71,100,125,65,71,100,71,100,125,65,125,text,table_text,table_0,times,regular,7.0,27styles_3cols_20211228_165746_7728135463_600_800.png,/scratch/parceirosbr/bigoilict/share/BigOil/document_generator/datasets/documents_2021_12_28/27styles_3cols_20211228_165746_7728135463_600_800.png,27styles_3cols_20211228_165746_7728135463_600_800_mask.png,/scratch/parceirosbr/bigoilict/share/BigOil/document_generator/files_images_document_generator/logos\image_61.jpg
17,27,35,54,65,71,100,125,65,71,100,71,100,125,65,125,sub_line_text,table_text,table_0,times,regular,7.0,27styles_3cols_20211228_165746_7728135463_600_800.png,/scratch/parceirosbr/bigoilict/share/BigOil/document_generator/datasets/documents_2021_12_28/27styles_3cols_20211228_165746_7728135463_600_800.png,27styles_3cols_20211228_165746_7728135463_600_800_mask.png,/scratch/parceirosbr/bigoilict/share/BigOil/document_generator/files_images_document_generator/logos\image_61.jpg
6,5,12,11,190,64,202,75,190,64,202,64,202,75,190,75,text,table_text,table_0,times,regular,9.0,27styles_3cols_20211228_165746_7728135463_600_800.png,/scratch/parceirosbr/bigoilict/share/BigOil/document_generator/datasets/documents_2021_12_28/27styles_3cols_20211228_165746_7728135463_600_800.png,27styles_3cols_20211228_165746_7728135463_600_800_mask.png,um
6,5,12,11,190,64,202,75,190,64,202,64,202,75,190,75,sub_line_text,table_text,table_0,times,regular,9.0,27styles_3cols_20211228_165746_7728135463_600_800.png,/scratch/parceirosbr/bigoilict/share/BigOil/document_generator/datasets/documents_2021_12_28/27styles_3cols_20211228_165746_7728135463_600_800.png,27styles_3cols_20211228_165746_7728135463_600_800_mask.png,um
10,4,21,9,265,82,286,91,265,82,286,82,286,91,265,91,text,table_text,table_0,times,regular,7.0,27styles_3cols_20211228_165746_7728135463_600_800.png,/scratch/parceirosbr/bigoilict/share/BigOil/document_generator/datasets/documents_2021_12_28/27styles_3cols_20211228_165746_7728135463_600_800.png,27styles_3cols_20211228_165746_7728135463_600_800_mask.png,direção
10,4,21,9,265,82,286,91,265,82,286,82,286,91,265,91,sub_line_text,table_text,table_0,times,regular,7.0,27styles_3cols_20211228_165746_7728135463_600_800.png,/scratch/parceirosbr/bigoilict/share/BigOil/document_generator/datasets/documents_2021_12_28/27styles_3cols_20211228_165746_7728135463_600_800.png,27styles_3cols_20211228_165746_7728135463_600_800_mask.png,direção
9,1,19,3,109,100,128,103,109,100,128,100,128,103,109,103,text,table_text,table_0,times,regular,3.0,27styles_3cols_20211228_165746_7728135463_600_800.png,/scratch/parceirosbr/bigoilict/share/BigOil/document_generator/datasets/documents_2021_12_28/27styles_3cols_20211228_165746_7728135463_600_800.png,27styles_3cols_20211228_165746_7728135463_600_800_mask.png,investimentos
9,1,19,3,109,100,128,103,109,100,128,100,128,103,109,103,sub_line_text,table_text,table_0,times,regular,3.0,27styles_3cols_20211228_165746_7728135463_600_800.png,/scratch/parceirosbr/bigoilict/share/BigOil/document_generator/datasets/documents_2021_12_28/27styles_3cols_20211228_165746_7728135463_600_800.png,27styles_3cols_20211228_165746_7728135463_600_800_mask.png,investimentos
146,4,292,9,129,103,421,112,129,103,421,103,421,112,129,112,text,table_text,table_0,times,bold,7.0,27styles_3cols_20211228_165746_7728135463_600_800.png,/scratch/parceirosbr/bigoilict/share/BigOil/document_generator/datasets/documents_2021_12_28/27styles_3cols_20211228_165746_7728135463_600_800.png,27styles_3cols_20211228_165746_7728135463_600_800_mask.png,"Os riscos associados a tal dependência externa, por exemplo, podem ser observados na atual "
146,4,292,9,129,103,421,112,129,103,421,103,421,112,129,112,sub_line_text,table_text,table_0,times,bold,7.0,27styles_3cols_20211228_165746_7728135463_600_800.png,/scratch/parceirosbr/bigoilict/share/BigOil/document_generator/datasets/documents_2021_12_28/27styles_3cols_20211228_165746_7728135463_600_800.png,27styles_3cols_20211228_165746_7728135463_600_800_mask.png,"Os riscos associados a tal dependência externa, por exemplo, podem ser observados na atual "
17,4,34,9,258,112,292,121,258,112,292,112,292,121,258,121,text,table_text,table_0,times,bold,7.0,27styles_3cols_20211228_165746_7728135463_600_800.png,/scratch/parceirosbr/bigoilict/share/BigOil/document_generator/datasets/documents_2021_12_28/27styles_3cols_20211228_165746_7728135463_600_800.png,27styles_3cols_20211228_165746_7728135463_600_800_mask.png,combustão
17,4,34,9,258,112,292,121,258,112,292,112,292,121,258,121,sub_line_text,table_text,table_0,times,bold,7.0,27styles_3cols_20211228_165746_7728135463_600_800.png,/scratch/parceirosbr/bigoilict/share/BigOil/document_generator/datasets/documents_2021_12_28/27styles_3cols_20211228_165746_7728135463_600_800.png,27styles_3cols_20211228_165746_7728135463_600_800_mask.png,combustão
3,2,6,4,287,64,293,68,287,64,293,64,293,68,287,68,text,table_text,table_0,times,bold,3.0,27styles_3cols_20211228_165746_7728135463_600_800.png,/scratch/parceirosbr/bigoilict/share/BigOil/document_generator/datasets/documents_2021_12_28/27styles_3cols_20211228_165746_7728135463_600_800.png,27styles_3cols_20211228_165746_7728135463_600_800_mask.png,das
3,2,6,4,287,64,293,68,287,64,293,64,293,68,287,68,sub_line_text,table_text,table_0,times,bold,3.0,27styles_3cols_20211228_165746_7728135463_600_800.png,/scratch/parceirosbr/bigoilict/share/BigOil/document_generator/datasets/documents_2021_12_28/27styles_3cols_20211228_165746_7728135463_600_800.png,27styles_3cols_20211228_165746_7728135463_600_800_mask.png,das
13,4,26,9,375,68,401,77,375,68,401,68,401,77,375,77,text,table_text,table_0,times,regular,7.0,27styles_3cols_20211228_165746_7728135463_600_800.png,/scratch/parceirosbr/bigoilict/share/BigOil/document_generator/datasets/documents_2021_12_28/27styles_3cols_20211228_165746_7728135463_600_800.png,27styles_3cols_20211228_165746_7728135463_600_800_mask.png,distintos
13,4,26,9,375,68,401,77,375,68,401,68,401,77,375,77,sub_line_text,table_text,table_0,times,regular,7.0,27styles_3cols_20211228_165746_7728135463_600_800.png,/scratch/parceirosbr/bigoilict/share/BigOil/document_generator/datasets/documents_2021_12_28/27styles_3cols_20211228_165746_7728135463_600_800.png,27styles_3cols_20211228_165746_7728135463_600_800_mask.png,distintos
6,1,12,3,445,82,457,85,445,82,457,82,457,85,445,85,text,table_text,table_0,times,regular,3.0,27styles_3cols_20211228_165746_7728135463_600_800.png,/scratch/parceirosbr/bigoilict/share/BigOil/document_generator/datasets/documents_2021_12_28/27styles_3cols_20211228_165746_7728135463_600_800.png,27styles_3cols_20211228_165746_7728135463_600_800_mask.png,hidratos
6,1,12,3,445,82,457,85,445,82,457,82,457,85,445,85,sub_line_text,table_text,table_0,times,regular,3.0,27styles_3cols_20211228_165746_7728135463_600_800.png,/scratch/parceirosbr/bigoilict/share/BigOil/document_generator/datasets/documents_2021_12_28/27styles_3cols_20211228_165746_7728135463_600_800.png,27styles_3cols_20211228_165746_7728135463_600_800_mask.png,hidratos
13,4,27,9,479,85,506,94,479,85,506,85,506,94,479,94,text,table_text,table_0,times,regular,7.0,27styles_3cols_20211228_165746_7728135463_600_800.png,/scratch/parceirosbr/bigoilict/share/BigOil/document_generator/datasets/documents_2021_12_28/27styles_3cols_20211228_165746_7728135463_600_800.png,27styles_3cols_20211228_165746_7728135463_600_800_mask.png,comercial
13,4,27,9,479,85,506,94,479,85,506,85,506,94,479,94,sub_line_text,table_text,table_0,times,regular,7.0,27styles_3cols_20211228_165746_7728135463_600_800.png,/scratch/parceirosbr/bigoilict/share/BigOil/document_generator/datasets/documents_2021_12_28/27styles_3cols_20211228_165746_7728135463_600_800.png,27styles_3cols_20211228_165746_7728135463_600_800_mask.png,comercial
13,4,27,9,479,118,506,127,479,118,506,118,506,127,479,127,text,table_text,table_0,times,regular,7.0,27styles_3cols_20211228_165746_7728135463_600_800.png,/scratch/parceirosbr/bigoilict/share/BigOil/document_generator/datasets/documents_2021_12_28/27styles_3cols_20211228_165746_7728135463_600_800.png,27styles_3cols_20211228_165746_7728135463_600_800_mask.png,completa
13,4,27,9,479,118,506,127,479,118,506,118,506,127,479,127,sub_line_text,table_text,table_0,times,regular,7.0,27styles_3cols_20211228_165746_7728135463_600_800.png,/scratch/parceirosbr/bigoilict/share/BigOil/document_generator/datasets/documents_2021_12_28/27styles_3cols_20211228_165746_7728135463_600_800.png,27styles_3cols_20211228_165746_7728135463_600_800_mask.png,completa
6,1,13,3,493,64,506,67,493,64,506,64,506,67,493,67,text,table_text,table_0,times,regular,3.0,27styles_3cols_20211228_165746_7728135463_600_800.png,/scratch/parceirosbr/bigoilict/share/BigOil/document_generator/datasets/documents_2021_12_28/27styles_3cols_20211228_165746_7728135463_600_800.png,27styles_3cols_20211228_165746_7728135463_600_800_mask.png,tamanhos
6,1,13,3,493,64,506,67,493,64,506,64,506,67,493,67,sub_line_text,table_text,table_0,times,regular,3.0,27styles_3cols_20211228_165746_7728135463_600_800.png,/scratch/parceirosbr/bigoilict/share/BigOil/document_generator/datasets/documents_2021_12_28/27styles_3cols_20211228_165746_7728135463_600_800.png,27styles_3cols_20211228_165746_7728135463_600_800_mask.png,tamanhos
9,4,19,9,507,67,526,76,507,67,526,67,526,76,507,76,text,table_text,table_0,times,regular,7.0,27styles_3cols_20211228_165746_7728135463_600_800.png,/scratch/parceirosbr/bigoilict/share/BigOil/document_generator/datasets/documents_2021_12_28/27styles_3cols_20211228_165746_7728135463_600_800.png,27styles_3cols_20211228_165746_7728135463_600_800_mask.png,apesar
9,4,19,9,507,67,526,76,507,67,526,67,526,76,507,76,sub_line_text,table_text,table_0,times,regular,7.0,27styles_3cols_20211228_165746_7728135463_600_800.png,/scratch/parceirosbr/bigoilict/share/BigOil/document_generator/datasets/documents_2021_12_28/27styles_3cols_20211228_165746_7728135463_600_800.png,27styles_3cols_20211228_165746_7728135463_600_800_mask.png,apesar
63,4,127,9,74,154,201,163,74,154,201,154,201,163,74,163,sub_line_text,text,text_0,times,regular,7,27styles_3cols_20211228_165746_7728135463_600_800.png,/scratch/parceirosbr/bigoilict/share/BigOil/document_generator/datasets/documents_2021_12_28/27styles_3cols_20211228_165746_7728135463_600_800.png,27styles_3cols_20211228_165746_7728135463_600_800_mask.png,Aplicam-se   muito   bemtambém   à  comp-
71,4,142,9,60,168,202,177,60,168,202,168,202,177,60,177,sub_line_text,text,text_0,times,regular,7,27styles_3cols_20211228_165746_7728135463_600_800.png,/scratch/parceirosbr/bigoilict/share/BigOil/document_generator/datasets/documents_2021_12_28/27styles_3cols_20211228_165746_7728135463_600_800.png,27styles_3cols_20211228_165746_7728135463_600_800_mask.png,"ressão  de  dados,  processamento  d43 e imagens"
70,4,141,9,60,182,201,191,60,182,201,182,201,191,60,191,sub_line_text,text,text_0,times,regular,7,27styles_3cols_20211228_165746_7728135463_600_800.png,/scratch/parceirosbr/bigoilict/share/BigOil/document_generator/datasets/documents_2021_12_28/27styles_3cols_20211228_165746_7728135463_600_800.png,27styles_3cols_20211228_165746_7728135463_600_800_mask.png,"(Ponti,19    2011),  medicina  (Trainaet  al.,  200-"
71,4,142,9,60,196,202,205,60,196,202,196,202,205,60,205,sub_line_text,text,text_0,times,regular,7,27styles_3cols_20211228_165746_7728135463_600_800.png,/scratch/parceirosbr/bigoilict/share/BigOil/document_generator/datasets/documents_2021_12_28/27styles_3cols_20211228_165746_7728135463_600_800.png,27styles_3cols_20211228_165746_7728135463_600_800_mask.png,"3),  meteor16  ologia,  economia  e estatística.  B-"
70,4,141,9,60,210,201,219,60,210,201,210,201,219,60,219,sub_line_text,text,text_0,times,regular,7,27styles_3cols_20211228_165746_7728135463_600_800.png,/scratch/parceirosbr/bigoilict/share/BigOil/document_generator/datasets/documents_2021_12_28/27styles_3cols_20211228_165746_7728135463_600_800.png,27styles_3cols_20211228_165746_7728135463_600_800_mask.png,"ut  the  trajectory  points  upwards,  se23  e  1, as"
71,4,142,9,60,224,202,233,60,224,202,224,202,233,60,233,sub_line_text,text,text_0,times,regular,7,27styles_3cols_20211228_165746_7728135463_600_800.png,/scratch/parceirosbr/bigoilict/share/BigOil/document_generator/datasets/documents_2021_12_28/27styles_3cols_20211228_165746_7728135463_600_800.png,27styles_3cols_20211228_165746_7728135463_600_800_mask.png,"sh39  own  by  the  dashed  line, although not as"
70,4,141,9,60,238,201,247,60,238,201,238,201,247,60,247,sub_line_text,text,text_0,times,regular,7,27styles_3cols_20211228_165746_7728135463_600_800.png,/scratch/parceirosbr/bigoilict/share/BigOil/document_generator/datasets/documents_2021_12_28/27styles_3cols_20211228_165746_7728135463_600_800.png,27styles_3cols_20211228_165746_7728135463_600_800_mask.png,sharply  ascending  as  the  previo48  us trajecto-
71,4,142,9,60,252,202,261,60,252,202,252,202,261,60,261,sub_line_text,text,text_0,times,regular,7,27styles_3cols_20211228_165746_7728135463_600_800.png,/scratch/parceirosbr/bigoilict/share/BigOil/document_generator/datasets/documents_2021_12_28/27styles_3cols_20211228_165746_7728135463_600_800.png,27styles_3cols_20211228_165746_7728135463_600_800_mask.png,"ry  had  been,  the16    one illustrated by the das-"
70,4,141,9,60,266,201,275,60,266,201,266,201,275,60,275,sub_line_text,text,text_0,times,regular,7,27styles_3cols_20211228_165746_7728135463_600_800.png,/scratch/parceirosbr/bigoilict/share/BigOil/document_generator/datasets/documents_2021_12_28/27styles_3cols_20211228_165746_7728135463_600_800.png,27styles_3cols_20211228_165746_7728135463_600_800_mask.png,hed  line.    A  seg68 uir é mostrado cada um dos
66,4,133,9,60,280,193,289,60,280,193,280,193,289,60,289,sub_line_text,text,text_0,times,regular,7,27styles_3cols_20211228_165746_7728135463_600_800.png,/scratch/parceirosbr/bigoilict/share/BigOil/document_generator/datasets/documents_2021_12_28/27styles_3cols_20211228_165746_7728135463_600_800.png,27styles_3cols_20211228_165746_7728135463_600_800_mask.png,acessórios internos do vaso separador12 . A t.
71,67,142,135,60,154,202,289,60,154,202,154,202,289,60,289,text,text,text_0,times,regular,7,27styles_3cols_20211228_165746_7728135463_600_800.png,/scratch/parceirosbr/bigoilict/share/BigOil/document_generator/datasets/documents_2021_12_28/27styles_3cols_20211228_165746_7728135463_600_800.png,27styles_3cols_20211228_165746_7728135463_600_800_mask.png,nan
63,4,127,9,74,301,201,310,74,301,201,301,201,310,74,310,sub_line_text,text,text_1,times,regular,7,27styles_3cols_20211228_165746_7728135463_600_800.png,/scratch/parceirosbr/bigoilict/share/BigOil/document_generator/datasets/documents_2021_12_28/27styles_3cols_20211228_165746_7728135463_600_800.png,27styles_3cols_20211228_165746_7728135463_600_800_mask.png,Second-   and   third-generation   biodiesel
71,4,142,9,60,315,202,324,60,315,202,315,202,324,60,324,sub_line_text,text,text_1,times,regular,7,27styles_3cols_20211228_165746_7728135463_600_800.png,/scratch/parceirosbr/bigoilict/share/BigOil/document_generator/datasets/documents_2021_12_28/27styles_3cols_20211228_165746_7728135463_600_800.png,27styles_3cols_20211228_165746_7728135463_600_800_mask.png,does  not  cause  n64  egative  impacts  from deg-
71,4,142,9,60,329,202,338,60,329,202,329,202,338,60,338,sub_line_text,text,text_1,times,regular,7,27styles_3cols_20211228_165746_7728135463_600_800.png,/scratch/parceirosbr/bigoilict/share/BigOil/document_generator/datasets/documents_2021_12_28/27styles_3cols_20211228_165746_7728135463_600_800.png,27styles_3cols_20211228_165746_7728135463_600_800_mask.png,"rading  the  environment  to  agricultu41 ral land,"
71,4,142,9,60,343,202,352,60,343,202,343,202,352,60,352,sub_line_text,text,text_1,times,regular,7,27styles_3cols_20211228_165746_7728135463_600_800.png,/scratch/parceirosbr/bigoilict/share/BigOil/document_generator/datasets/documents_2021_12_28/27styles_3cols_20211228_165746_7728135463_600_800.png,27styles_3cols_20211228_165746_7728135463_600_800_mask.png,nor  does  it  compete  with  food.  O emp55 rego
71,4,142,9,60,357,202,366,60,357,202,357,202,366,60,366,sub_line_text,text,text_1,times,regular,7,27styles_3cols_20211228_165746_7728135463_600_800.png,/scratch/parceirosbr/bigoilict/share/BigOil/document_generator/datasets/documents_2021_12_28/27styles_3cols_20211228_165746_7728135463_600_800.png,27styles_3cols_20211228_165746_7728135463_600_800_mask.png,de   dutos  e76  cabos  submarinos  já  é  bastante
64,4,128,9,60,371,188,380,60,371,188,371,188,380,60,380,sub_line_text,text,text_1,times,regular,7,27styles_3cols_20211228_165746_7728135463_600_800.png,/scratch/parceirosbr/bigoilict/share/BigOil/document_generator/datasets/documents_2021_12_28/27styles_3cols_20211228_165746_7728135463_600_800.png,27styles_3cols_20211228_165746_7728135463_600_800_mask.png,consol27 idado para o transporte de informa.
71,39,142,79,60,301,202,380,60,301,202,301,202,380,60,380,text,text,text_1,times,regular,7,27styles_3cols_20211228_165746_7728135463_600_800.png,/scratch/parceirosbr/bigoilict/share/BigOil/document_generator/datasets/documents_2021_12_28/27styles_3cols_20211228_165746_7728135463_600_800.png,27styles_3cols_20211228_165746_7728135463_600_800_mask.png,nan
63,4,127,9,74,392,201,401,74,392,201,392,201,401,74,401,sub_line_text,text,text_2,times,regular,7,27styles_3cols_20211228_165746_7728135463_600_800.png,/scratch/parceirosbr/bigoilict/share/BigOil/document_generator/datasets/documents_2021_12_28/27styles_3cols_20211228_165746_7728135463_600_800.png,27styles_3cols_20211228_165746_7728135463_600_800_mask.png,De   acordo   com  os  parâmetros  estimad-
70,4,141,9,60,406,201,415,60,406,201,406,201,415,60,415,sub_line_text,text,text_2,times,regular,7,27styles_3cols_20211228_165746_7728135463_600_800.png,/scratch/parceirosbr/bigoilict/share/BigOil/document_generator/datasets/documents_2021_12_28/27styles_3cols_20211228_165746_7728135463_600_800.png,27styles_3cols_20211228_165746_7728135463_600_800_mask.png,"os  pelo  modelo  cinético,81    o  regime inicial é"
71,4,142,9,60,420,202,429,60,420,202,420,202,429,60,429,sub_line_text,text,text_2,times,regular,7,27styles_3cols_20211228_165746_7728135463_600_800.png,/scratch/parceirosbr/bigoilict/share/BigOil/document_generator/datasets/documents_2021_12_28/27styles_3cols_20211228_165746_7728135463_600_800.png,27styles_3cols_20211228_165746_7728135463_600_800_mask.png,rápido  e  correspon90  de  a  uma  extração  de c-
70,4,141,9,60,434,201,443,60,434,201,434,201,443,60,443,sub_line_text,text,text_2,times,regular,7,27styles_3cols_20211228_165746_7728135463_600_800.png,/scratch/parceirosbr/bigoilict/share/BigOil/document_generator/datasets/documents_2021_12_28/27styles_3cols_20211228_165746_7728135463_600_800.png,27styles_3cols_20211228_165746_7728135463_600_800_mask.png,e56  rca  de  80%  da  lignina presente no bagaço
71,4,142,9,60,448,202,457,60,448,202,448,202,457,60,457,sub_line_text,text,text_2,times,regular,7,27styles_3cols_20211228_165746_7728135463_600_800.png,/scratch/parceirosbr/bigoilict/share/BigOil/document_generator/datasets/documents_2021_12_28/27styles_3cols_20211228_165746_7728135463_600_800.png,27styles_3cols_20211228_165746_7728135463_600_800_mask.png,"in  natura,3  o  segundo  regime  é lento e repres-"
65,4,131,9,60,462,191,471,60,462,191,462,191,471,60,471,sub_line_text,text,text_2,times,regular,7,27styles_3cols_20211228_165746_7728135463_600_800.png,/scratch/parceirosbr/bigoilict/share/BigOil/document_generator/datasets/documents_2021_12_28/27styles_3cols_20211228_165746_7728135463_600_800.png,27styles_3cols_20211228_165746_7728135463_600_800_mask.png,enta uma redução de apenas 6%80 no teor de.
71,39,142,79,60,392,202,471,60,392,202,392,202,471,60,471,text,text,text_2,times,regular,7,27styles_3cols_20211228_165746_7728135463_600_800.png,/scratch/parceirosbr/bigoilict/share/BigOil/document_generator/datasets/documents_2021_12_28/27styles_3cols_20211228_165746_7728135463_600_800.png,27styles_3cols_20211228_165746_7728135463_600_800_mask.png,nan
63,4,127,9,74,483,201,492,74,483,201,483,201,492,74,492,sub_line_text,text,text_3,times,regular,7,27styles_3cols_20211228_165746_7728135463_600_800.png,/scratch/parceirosbr/bigoilict/share/BigOil/document_generator/datasets/documents_2021_12_28/27styles_3cols_20211228_165746_7728135463_600_800.png,27styles_3cols_20211228_165746_7728135463_600_800_mask.png,"Como   apresenta   o  gráfico  2,  historica-"
71,4,142,9,60,497,202,506,60,497,202,497,202,506,60,506,sub_line_text,text,text_3,times,regular,7,27styles_3cols_20211228_165746_7728135463_600_800.png,/scratch/parceirosbr/bigoilict/share/BigOil/document_generator/datasets/documents_2021_12_28/27styles_3cols_20211228_165746_7728135463_600_800.png,27styles_3cols_20211228_165746_7728135463_600_800_mask.png,"mente,  a  participação80    percentual  do  gás  n-"
71,4,142,9,60,511,202,520,60,511,202,511,202,520,60,520,sub_line_text,text,text_3,times,regular,7,27styles_3cols_20211228_165746_7728135463_600_800.png,/scratch/parceirosbr/bigoilict/share/BigOil/document_generator/datasets/documents_2021_12_28/27styles_3cols_20211228_165746_7728135463_600_800.png,27styles_3cols_20211228_165746_7728135463_600_800_mask.png,atural  no  consumo  final  d95  e  energia do país
70,4,141,9,60,525,201,534,60,525,201,525,201,534,60,534,sub_line_text,text,text_3,times,regular,7,27styles_3cols_20211228_165746_7728135463_600_800.png,/scratch/parceirosbr/bigoilict/share/BigOil/document_generator/datasets/documents_2021_12_28/27styles_3cols_20211228_165746_7728135463_600_800.png,27styles_3cols_20211228_165746_7728135463_600_800_mask.png,"era  insignificante  em  1922  70,  apenas 0,1%, e"
70,4,141,9,60,539,201,548,60,539,201,539,201,548,60,548,sub_line_text,text,text_3,times,regular,7,27styles_3cols_20211228_165746_7728135463_600_800.png,/scratch/parceirosbr/bigoilict/share/BigOil/document_generator/datasets/documents_2021_12_28/27styles_3cols_20211228_165746_7728135463_600_800.png,27styles_3cols_20211228_165746_7728135463_600_800_mask.png,"ai99  nda  bastante  pequena  em  1980,  somente"
70,4,141,9,60,553,201,562,60,553,201,553,201,562,60,562,sub_line_text,text,text_3,times,regular,7,27styles_3cols_20211228_165746_7728135463_600_800.png,/scratch/parceirosbr/bigoilict/share/BigOil/document_generator/datasets/documents_2021_12_28/27styles_3cols_20211228_165746_7728135463_600_800.png,27styles_3cols_20211228_165746_7728135463_600_800_mask.png,"0,7%.    Agência do que se to7 rnou responsáv-"
71,4,142,9,60,567,202,576,60,567,202,567,202,576,60,576,sub_line_text,text,text_3,times,regular,7,27styles_3cols_20211228_165746_7728135463_600_800.png,/scratch/parceirosbr/bigoilict/share/BigOil/document_generator/datasets/documents_2021_12_28/27styles_3cols_20211228_165746_7728135463_600_800.png,27styles_3cols_20211228_165746_7728135463_600_800_mask.png,el  pela  regulação49    das  atividades da indústr-
66,4,133,9,60,581,193,590,60,581,193,581,193,590,60,590,sub_line_text,text,text_3,times,regular,7,27styles_3cols_20211228_165746_7728135463_600_800.png,/scratch/parceirosbr/bigoilict/share/BigOil/document_generator/datasets/documents_2021_12_28/27styles_3cols_20211228_165746_7728135463_600_800.png,27styles_3cols_20211228_165746_7728135463_600_800_mask.png,"ia do pet56 róleo, seus derivados e gás natura."
71,53,142,107,60,483,202,590,60,483,202,483,202,590,60,590,text,text,text_3,times,regular,7,27styles_3cols_20211228_165746_7728135463_600_800.png,/scratch/parceirosbr/bigoilict/share/BigOil/document_generator/datasets/documents_2021_12_28/27styles_3cols_20211228_165746_7728135463_600_800.png,27styles_3cols_20211228_165746_7728135463_600_800_mask.png,nan
64,4,128,9,74,602,202,611,74,602,202,602,202,611,74,611,sub_line_text,text,text_4,times,regular,7,27styles_3cols_20211228_165746_7728135463_600_800.png,/scratch/parceirosbr/bigoilict/share/BigOil/document_generator/datasets/documents_2021_12_28/27styles_3cols_20211228_165746_7728135463_600_800.png,27styles_3cols_20211228_165746_7728135463_600_800_mask.png,A  isomeria  trans  de  ácidos  graxos  insa-
70,4,141,9,60,616,201,625,60,616,201,616,201,625,60,625,sub_line_text,text,text_4,times,regular,7,27styles_3cols_20211228_165746_7728135463_600_800.png,/scratch/parceirosbr/bigoilict/share/BigOil/document_generator/datasets/documents_2021_12_28/27styles_3cols_20211228_165746_7728135463_600_800.png,27styles_3cols_20211228_165746_7728135463_600_800_mask.png,t10  urados  também  29  favorece  as ligações in-
70,4,141,9,60,630,201,639,60,630,201,630,201,639,60,639,sub_line_text,text,text_4,times,regular,7,27styles_3cols_20211228_165746_7728135463_600_800.png,/scratch/parceirosbr/bigoilict/share/BigOil/document_generator/datasets/documents_2021_12_28/27styles_3cols_20211228_165746_7728135463_600_800.png,27styles_3cols_20211228_165746_7728135463_600_800_mask.png,"termoleculares   pois,   apresentam   con2  forma-"
70,4,141,9,60,644,201,653,60,644,201,644,201,653,60,653,sub_line_text,text,text_4,times,regular,7,27styles_3cols_20211228_165746_7728135463_600_800.png,/scratch/parceirosbr/bigoilict/share/BigOil/document_generator/datasets/documents_2021_12_28/27styles_3cols_20211228_165746_7728135463_600_800.png,27styles_3cols_20211228_165746_7728135463_600_800_mask.png,ção51    linear  semelhantes  aos  seus ácidos gra-
70,4,141,9,60,658,201,667,60,658,201,658,201,667,60,667,sub_line_text,text,text_4,times,regular,7,27styles_3cols_20211228_165746_7728135463_600_800.png,/scratch/parceirosbr/bigoilict/share/BigOil/document_generator/datasets/documents_2021_12_28/27styles_3cols_20211228_165746_7728135463_600_800.png,27styles_3cols_20211228_165746_7728135463_600_800_mask.png,xos  saturados.    Individual  s86  olutions of ea-
71,4,142,9,60,672,202,681,60,672,202,672,202,681,60,681,sub_line_text,text,text_4,times,regular,7,27styles_3cols_20211228_165746_7728135463_600_800.png,/scratch/parceirosbr/bigoilict/share/BigOil/document_generator/datasets/documents_2021_12_28/27styles_3cols_20211228_165746_7728135463_600_800.png,27styles_3cols_20211228_165746_7728135463_600_800_mask.png,ch  of  the  standards  and  solvents use86 d were
71,4,142,9,60,686,202,695,60,686,202,686,202,695,60,695,sub_line_text,text,text_4,times,regular,7,27styles_3cols_20211228_165746_7728135463_600_800.png,/scratch/parceirosbr/bigoilict/share/BigOil/document_generator/datasets/documents_2021_12_28/27styles_3cols_20211228_165746_7728135463_600_800.png,27styles_3cols_20211228_165746_7728135463_600_800_mask.png,analyzed  by  in  ord39 er to estimate the concen-
63,4,127,9,60,700,187,709,60,700,187,700,187,709,60,709,sub_line_text,text,text_4,times,regular,7,27styles_3cols_20211228_165746_7728135463_600_800.png,/scratch/parceirosbr/bigoilict/share/BigOil/document_generator/datasets/documents_2021_12_28/27styles_3cols_20211228_165746_7728135463_600_800.png,27styles_3cols_20211228_165746_7728135463_600_800_mask.png,tration of2  the standards and purity of the.
71,53,142,107,60,602,202,709,60,602,202,602,202,709,60,709,text,text,text_4,times,regular,7,27styles_3cols_20211228_165746_7728135463_600_800.png,/scratch/parceirosbr/bigoilict/share/BigOil/document_generator/datasets/documents_2021_12_28/27styles_3cols_20211228_165746_7728135463_600_800.png,27styles_3cols_20211228_165746_7728135463_600_800_mask.png,nan
64,4,128,9,243,154,371,163,243,154,371,154,371,163,243,163,sub_line_text,text,text_5,times,regular,7,27styles_3cols_20211228_165746_7728135463_600_800.png,/scratch/parceirosbr/bigoilict/share/BigOil/document_generator/datasets/documents_2021_12_28/27styles_3cols_20211228_165746_7728135463_600_800.png,27styles_3cols_20211228_165746_7728135463_600_800_mask.png,This   method  was  applied  to  images  of
71,4,142,9,229,168,371,177,229,168,371,168,371,177,229,177,sub_line_text,text,text_5,times,regular,7,27styles_3cols_20211228_165746_7728135463_600_800.png,/scratch/parceirosbr/bigoilict/share/BigOil/document_generator/datasets/documents_2021_12_28/27styles_3cols_20211228_165746_7728135463_600_800.png,27styles_3cols_20211228_165746_7728135463_600_800_mask.png,co84  ral  reef  mosaics.  Only  when  niobium  p-
70,4,141,9,229,182,370,191,229,182,370,182,370,191,229,191,sub_line_text,text,text_5,times,regular,7,27styles_3cols_20211228_165746_7728135463_600_800.png,/scratch/parceirosbr/bigoilict/share/BigOil/document_generator/datasets/documents_2021_12_28/27styles_3cols_20211228_165746_7728135463_600_800.png,27styles_3cols_20211228_165746_7728135463_600_800_mask.png,ho90  sphate  is  used  as  a catalyst is 83 hydro-
71,4,142,9,229,196,371,205,229,196,371,196,371,205,229,205,sub_line_text,text,text_5,times,regular,7,27styles_3cols_20211228_165746_7728135463_600_800.png,/scratch/parceirosbr/bigoilict/share/BigOil/document_generator/datasets/documents_2021_12_28/27styles_3cols_20211228_165746_7728135463_600_800.png,27styles_3cols_20211228_165746_7728135463_600_800_mask.png,xyacetone  formed  between  the  r86  eaction  pr-
71,4,142,9,229,210,371,219,229,210,371,210,371,219,229,219,sub_line_text,text,text_5,times,regular,7,27styles_3cols_20211228_165746_7728135463_600_800.png,/scratch/parceirosbr/bigoilict/share/BigOil/document_generator/datasets/documents_2021_12_28/27styles_3cols_20211228_165746_7728135463_600_800.png,27styles_3cols_20211228_165746_7728135463_600_800_mask.png,"oducts62  .    Para  esta  camada,  o valor do índi-"
63,4,127,9,229,224,356,233,229,224,356,224,356,233,229,233,sub_line_text,text,text_5,times,regular,7,27styles_3cols_20211228_165746_7728135463_600_800.png,/scratch/parceirosbr/bigoilict/share/BigOil/document_generator/datasets/documents_2021_12_28/27styles_3cols_20211228_165746_7728135463_600_800.png,27styles_3cols_20211228_165746_7728135463_600_800_mask.png,"ce40  de refração obtido ficou na faixa de 1,."
71,39,142,79,229,154,371,233,229,154,371,154,371,233,229,233,text,text,text_5,times,regular,7,27styles_3cols_20211228_165746_7728135463_600_800.png,/scratch/parceirosbr/bigoilict/share/BigOil/document_generator/datasets/documents_2021_12_28/27styles_3cols_20211228_165746_7728135463_600_800.png,27styles_3cols_20211228_165746_7728135463_600_800_mask.png,nan
63,4,127,9,243,245,370,254,243,245,370,245,370,254,243,254,sub_line_text,text,text_6,times,regular,7,27styles_3cols_20211228_165746_7728135463_600_800.png,/scratch/parceirosbr/bigoilict/share/BigOil/document_generator/datasets/documents_2021_12_28/27styles_3cols_20211228_165746_7728135463_600_800.png,27styles_3cols_20211228_165746_7728135463_600_800_mask.png,The  restoring  force  is  guaranteed  by the
71,4,142,9,229,259,371,268,229,259,371,259,371,268,229,268,sub_line_text,text,text_6,times,regular,7,27styles_3cols_20211228_165746_7728135463_600_800.png,/scratch/parceirosbr/bigoilict/share/BigOil/document_generator/datasets/documents_2021_12_28/27styles_3cols_20211228_165746_7728135463_600_800.png,27styles_3cols_20211228_165746_7728135463_600_800_mask.png,horizontal   component   of   the44  traction  force
71,4,142,9,229,273,371,282,229,273,371,273,371,282,229,282,sub_line_text,text,text_6,times,regular,7,27styles_3cols_20211228_165746_7728135463_600_800.png,/scratch/parceirosbr/bigoilict/share/BigOil/document_generator/datasets/documents_2021_12_28/27styles_3cols_20211228_165746_7728135463_600_800.png,27styles_3cols_20211228_165746_7728135463_600_800_mask.png,in  the  tendons when requesting the51  line in t-
71,4,142,9,229,287,371,296,229,287,371,287,371,296,229,296,sub_line_text,text,text_6,times,regular,7,27styles_3cols_20211228_165746_7728135463_600_800.png,/scratch/parceirosbr/bigoilict/share/BigOil/document_generator/datasets/documents_2021_12_28/27styles_3cols_20211228_165746_7728135463_600_800.png,27styles_3cols_20211228_165746_7728135463_600_800_mask.png,hat  plane.    As  vazões65  apresentadas neste re-
71,4,142,9,229,301,371,310,229,301,371,301,371,310,229,310,sub_line_text,text,text_6,times,regular,7,27styles_3cols_20211228_165746_7728135463_600_800.png,/scratch/parceirosbr/bigoilict/share/BigOil/document_generator/datasets/documents_2021_12_28/27styles_3cols_20211228_165746_7728135463_600_800.png,27styles_3cols_20211228_165746_7728135463_600_800_mask.png,latório   u84  tilizam  como  valores  de  referência
67,4,134,9,229,315,363,324,229,315,363,315,363,324,229,324,sub_line_text,text,text_6,times,regular,7,27styles_3cols_20211228_165746_7728135463_600_800.png,/scratch/parceirosbr/bigoilict/share/BigOil/document_generator/datasets/documents_2021_12_28/27styles_3cols_20211228_165746_7728135463_600_800.png,27styles_3cols_20211228_165746_7728135463_600_800_mask.png,"20oC e 1,072  atm. Assim, num projeto organ."
71,39,142,79,229,245,371,324,229,245,371,245,371,324,229,324,text,text,text_6,times,regular,7,27styles_3cols_20211228_165746_7728135463_600_800.png,/scratch/parceirosbr/bigoilict/share/BigOil/document_generator/datasets/documents_2021_12_28/27styles_3cols_20211228_165746_7728135463_600_800.png,27styles_3cols_20211228_165746_7728135463_600_800_mask.png,nan
64,4,128,9,243,336,371,345,243,336,371,336,371,345,243,345,sub_line_text,text,text_7,times,regular,7,27styles_3cols_20211228_165746_7728135463_600_800.png,/scratch/parceirosbr/bigoilict/share/BigOil/document_generator/datasets/documents_2021_12_28/27styles_3cols_20211228_165746_7728135463_600_800.png,27styles_3cols_20211228_165746_7728135463_600_800_mask.png,"This  increase  in  availability,  added  to t-"
70,4,141,9,229,350,370,359,229,350,370,350,370,359,229,359,sub_line_text,text,text_7,times,regular,7,27styles_3cols_20211228_165746_7728135463_600_800.png,/scratch/parceirosbr/bigoilict/share/BigOil/document_generator/datasets/documents_2021_12_28/27styles_3cols_20211228_165746_7728135463_600_800.png,27styles_3cols_20211228_165746_7728135463_600_800_mask.png,"he  small  drop  in  de10 mand, boosted the part-"
70,4,141,9,229,364,370,373,229,364,370,364,370,373,229,373,sub_line_text,text,text_7,times,regular,7,27styles_3cols_20211228_165746_7728135463_600_800.png,/scratch/parceirosbr/bigoilict/share/BigOil/document_generator/datasets/documents_2021_12_28/27styles_3cols_20211228_165746_7728135463_600_800.png,27styles_3cols_20211228_165746_7728135463_600_800_mask.png,ici26  pation  of  natural  gas  produced in the n-
71,4,142,9,229,378,371,387,229,378,371,378,371,387,229,387,sub_line_text,text,text_7,times,regular,7,27styles_3cols_20211228_165746_7728135463_600_800.png,/scratch/parceirosbr/bigoilict/share/BigOil/document_generator/datasets/documents_2021_12_28/27styles_3cols_20211228_165746_7728135463_600_800.png,27styles_3cols_20211228_165746_7728135463_600_800_mask.png,ational  t54  erritory  to  serve  the domestic mark-
70,4,141,9,229,392,370,401,229,392,370,392,370,401,229,401,sub_line_text,text,text_7,times,regular,7,27styles_3cols_20211228_165746_7728135463_600_800.png,/scratch/parceirosbr/bigoilict/share/BigOil/document_generator/datasets/documents_2021_12_28/27styles_3cols_20211228_165746_7728135463_600_800.png,27styles_3cols_20211228_165746_7728135463_600_800_mask.png,"et,  making  this  source49  reach  50.84%  of the"
71,4,142,9,229,406,371,415,229,406,371,406,371,415,229,415,sub_line_text,text,text_7,times,regular,7,27styles_3cols_20211228_165746_7728135463_600_800.png,/scratch/parceirosbr/bigoilict/share/BigOil/document_generator/datasets/documents_2021_12_28/27styles_3cols_20211228_165746_7728135463_600_800.png,27styles_3cols_20211228_165746_7728135463_600_800_mask.png,"total  sup66  ply  of  consumption.   To this end,"
71,4,142,9,229,420,371,429,229,420,371,420,371,429,229,429,sub_line_text,text,text_7,times,regular,7,27styles_3cols_20211228_165746_7728135463_600_800.png,/scratch/parceirosbr/bigoilict/share/BigOil/document_generator/datasets/documents_2021_12_28/27styles_3cols_20211228_165746_7728135463_600_800.png,27styles_3cols_20211228_165746_7728135463_600_800_mask.png,"it  is  proposed,  first,  to in78 vestigate the inter-"
67,4,135,9,229,434,364,443,229,434,364,434,364,443,229,443,sub_line_text,text,text_7,times,regular,7,27styles_3cols_20211228_165746_7728135463_600_800.png,/scratch/parceirosbr/bigoilict/share/BigOil/document_generator/datasets/documents_2021_12_28/27styles_3cols_20211228_165746_7728135463_600_800.png,27styles_3cols_20211228_165746_7728135463_600_800_mask.png,national experience on ho88 w other countries.
71,53,142,107,229,336,371,443,229,336,371,336,371,443,229,443,text,text,text_7,times,regular,7,27styles_3cols_20211228_165746_7728135463_600_800.png,/scratch/parceirosbr/bigoilict/share/BigOil/document_generator/datasets/documents_2021_12_28/27styles_3cols_20211228_165746_7728135463_600_800.png,27styles_3cols_20211228_165746_7728135463_600_800_mask.png,nan
63,4,127,9,243,455,370,464,243,455,370,455,370,464,243,464,sub_line_text,text,text_8,times,regular,7,27styles_3cols_20211228_165746_7728135463_600_800.png,/scratch/parceirosbr/bigoilict/share/BigOil/document_generator/datasets/documents_2021_12_28/27styles_3cols_20211228_165746_7728135463_600_800.png,27styles_3cols_20211228_165746_7728135463_600_800_mask.png,The  relationship  between  shear  stress  a-
71,4,142,9,229,469,371,478,229,469,371,469,371,478,229,478,sub_line_text,text,text_8,times,regular,7,27styles_3cols_20211228_165746_7728135463_600_800.png,/scratch/parceirosbr/bigoilict/share/BigOil/document_generator/datasets/documents_2021_12_28/27styles_3cols_20211228_165746_7728135463_600_800.png,27styles_3cols_20211228_165746_7728135463_600_800_mask.png,nd  shear  rate  can  define  the rheol50 ogical be-
71,4,142,9,229,483,371,492,229,483,371,483,371,492,229,492,sub_line_text,text,text_8,times,regular,7,27styles_3cols_20211228_165746_7728135463_600_800.png,/scratch/parceirosbr/bigoilict/share/BigOil/document_generator/datasets/documents_2021_12_28/27styles_3cols_20211228_165746_7728135463_600_800.png,27styles_3cols_20211228_165746_7728135463_600_800_mask.png,havior  of  viscous  fluids.  A  sim40  ulação  co-
70,4,141,9,229,497,370,506,229,497,370,497,370,506,229,506,sub_line_text,text,text_8,times,regular,7,27styles_3cols_20211228_165746_7728135463_600_800.png,/scratch/parceirosbr/bigoilict/share/BigOil/document_generator/datasets/documents_2021_12_28/27styles_3cols_20211228_165746_7728135463_600_800.png,27styles_3cols_20211228_165746_7728135463_600_800_mask.png,mputacional  pode  ser35    entendida  como  um
71,4,142,9,229,511,371,520,229,511,371,511,371,520,229,520,sub_line_text,text,text_8,times,regular,7,27styles_3cols_20211228_165746_7728135463_600_800.png,/scratch/parceirosbr/bigoilict/share/BigOil/document_generator/datasets/documents_2021_12_28/27styles_3cols_20211228_165746_7728135463_600_800.png,27styles_3cols_20211228_165746_7728135463_600_800_mask.png,"im93  enso  laboratório  virtual,  onde testes env-"
67,4,135,9,229,525,364,534,229,525,364,525,364,534,229,534,sub_line_text,text,text_8,times,regular,7,27styles_3cols_20211228_165746_7728135463_600_800.png,/scratch/parceirosbr/bigoilict/share/BigOil/document_generator/datasets/documents_2021_12_28/27styles_3cols_20211228_165746_7728135463_600_800.png,27styles_3cols_20211228_165746_7728135463_600_800_mask.png,"olven65 do novas geometrias e.  Assim, autori."
71,39,142,79,229,455,371,534,229,455,371,455,371,534,229,534,text,text,text_8,times,regular,7,27styles_3cols_20211228_165746_7728135463_600_800.png,/scratch/parceirosbr/bigoilict/share/BigOil/document_generator/datasets/documents_2021_12_28/27styles_3cols_20211228_165746_7728135463_600_800.png,27styles_3cols_20211228_165746_7728135463_600_800_mask.png,nan
63,4,127,9,243,546,370,555,243,546,370,546,370,555,243,555,sub_line_text,text,text_9,times,regular,7,27styles_3cols_20211228_165746_7728135463_600_800.png,/scratch/parceirosbr/bigoilict/share/BigOil/document_generator/datasets/documents_2021_12_28/27styles_3cols_20211228_165746_7728135463_600_800.png,27styles_3cols_20211228_165746_7728135463_600_800_mask.png,In  comparison  to  the  response  of the 2-
71,4,142,9,229,560,371,569,229,560,371,560,371,569,229,569,sub_line_text,text,text_9,times,regular,7,27styles_3cols_20211228_165746_7728135463_600_800.png,/scratch/parceirosbr/bigoilict/share/BigOil/document_generator/datasets/documents_2021_12_28/27styles_3cols_20211228_165746_7728135463_600_800.png,27styles_3cols_20211228_165746_7728135463_600_800_mask.png,"-DOF  system,  in  4.2,  in the presen86 t case the"
71,4,142,9,229,574,371,583,229,574,371,574,371,583,229,583,sub_line_text,text,text_9,times,regular,7,27styles_3cols_20211228_165746_7728135463_600_800.png,/scratch/parceirosbr/bigoilict/share/BigOil/document_generator/datasets/documents_2021_12_28/27styles_3cols_20211228_165746_7728135463_600_800.png,27styles_3cols_20211228_165746_7728135463_600_800_mask.png,speeds  of  the  column  take  time to reach21  the
70,4,141,9,229,588,370,597,229,588,370,588,370,597,229,597,sub_line_text,text,text_9,times,regular,7,27styles_3cols_20211228_165746_7728135463_600_800.png,/scratch/parceirosbr/bigoilict/share/BigOil/document_generator/datasets/documents_2021_12_28/27styles_3cols_20211228_165746_7728135463_600_800.png,27styles_3cols_20211228_165746_7728135463_600_800_mask.png,"desired  operating  point,  and  the m15 anipula-"
71,4,142,9,229,602,371,611,229,602,371,602,371,611,229,611,sub_line_text,text,text_9,times,regular,7,27styles_3cols_20211228_165746_7728135463_600_800.png,/scratch/parceirosbr/bigoilict/share/BigOil/document_generator/datasets/documents_2021_12_28/27styles_3cols_20211228_165746_7728135463_600_800.png,27styles_3cols_20211228_165746_7728135463_600_800_mask.png,t82  ed  variable  presents  large  oscillations  at t-
71,4,142,9,229,616,371,625,229,616,371,616,371,625,229,625,sub_line_text,text,text_9,times,regular,7,27styles_3cols_20211228_165746_7728135463_600_800.png,/scratch/parceirosbr/bigoilict/share/BigOil/document_generator/datasets/documents_2021_12_28/27styles_3cols_20211228_165746_7728135463_600_800.png,27styles_3cols_20211228_165746_7728135463_600_800_mask.png,he  beginn27  ing  of  the  control activation.  M-
70,4,141,9,229,630,370,639,229,630,370,630,370,639,229,639,sub_line_text,text,text_9,times,regular,7,27styles_3cols_20211228_165746_7728135463_600_800.png,/scratch/parceirosbr/bigoilict/share/BigOil/document_generator/datasets/documents_2021_12_28/27styles_3cols_20211228_165746_7728135463_600_800.png,27styles_3cols_20211228_165746_7728135463_600_800_mask.png,arcus   offers   the15      market   a  large  portfolio
71,4,142,9,229,644,371,653,229,644,371,644,371,653,229,653,sub_line_text,text,text_9,times,regular,7,27styles_3cols_20211228_165746_7728135463_600_800.png,/scratch/parceirosbr/bigoilict/share/BigOil/document_generator/datasets/documents_2021_12_28/27styles_3cols_20211228_165746_7728135463_600_800.png,27styles_3cols_20211228_165746_7728135463_600_800_mask.png,of  solutions  in  t15  he  area  of computer simul-
65,4,131,9,229,658,360,667,229,658,360,658,360,667,229,667,sub_line_text,text,text_9,times,regular,7,27styles_3cols_20211228_165746_7728135463_600_800.png,/scratch/parceirosbr/bigoilict/share/BigOil/document_generator/datasets/documents_2021_12_28/27styles_3cols_20211228_165746_7728135463_600_800.png,27styles_3cols_20211228_165746_7728135463_600_800_mask.png,ation. More than 85% of the total merc11 ury.
71,60,142,121,229,546,371,667,229,546,371,546,371,667,229,667,text,text,text_9,times,regular,7,27styles_3cols_20211228_165746_7728135463_600_800.png,/scratch/parceirosbr/bigoilict/share/BigOil/document_generator/datasets/documents_2021_12_28/27styles_3cols_20211228_165746_7728135463_600_800.png,27styles_3cols_20211228_165746_7728135463_600_800_mask.png,nan
64,4,128,9,243,679,371,688,243,679,371,679,371,688,243,688,sub_line_text,text,text_10,times,regular,7,27styles_3cols_20211228_165746_7728135463_600_800.png,/scratch/parceirosbr/bigoilict/share/BigOil/document_generator/datasets/documents_2021_12_28/27styles_3cols_20211228_165746_7728135463_600_800.png,27styles_3cols_20211228_165746_7728135463_600_800_mask.png,As  interações  entre  os  diversos compon-
71,4,142,9,229,693,371,702,229,693,371,693,371,702,229,702,sub_line_text,text,text_10,times,regular,7,27styles_3cols_20211228_165746_7728135463_600_800.png,/scratch/parceirosbr/bigoilict/share/BigOil/document_generator/datasets/documents_2021_12_28/27styles_3cols_20211228_165746_7728135463_600_800.png,27styles_3cols_20211228_165746_7728135463_600_800_mask.png,entes  do  duto  sã14 o dadas pela constrição. As
60,4,120,9,229,707,349,716,229,707,349,707,349,716,229,716,sub_line_text,text,text_10,times,regular,7,27styles_3cols_20211228_165746_7728135463_600_800.png,/scratch/parceirosbr/bigoilict/share/BigOil/document_generator/datasets/documents_2021_12_28/27styles_3cols_20211228_165746_7728135463_600_800.png,27styles_3cols_20211228_165746_7728135463_600_800_mask.png,emulsões77 foram preparadas primeiramen.
71,18,142,37,229,679,371,716,229,679,371,679,371,716,229,716,text,text,text_10,times,regular,7,27styles_3cols_20211228_165746_7728135463_600_800.png,/scratch/parceirosbr/bigoilict/share/BigOil/document_generator/datasets/documents_2021_12_28/27styles_3cols_20211228_165746_7728135463_600_800.png,27styles_3cols_20211228_165746_7728135463_600_800_mask.png,nan
63,4,127,9,412,154,539,163,412,154,539,154,539,163,412,163,sub_line_text,text,text_11,times,regular,7,27styles_3cols_20211228_165746_7728135463_600_800.png,/scratch/parceirosbr/bigoilict/share/BigOil/document_generator/datasets/documents_2021_12_28/27styles_3cols_20211228_165746_7728135463_600_800.png,27styles_3cols_20211228_165746_7728135463_600_800_mask.png,Advanced     strain-hardening     ap-proach
70,4,141,9,398,168,539,177,398,168,539,168,539,177,398,177,sub_line_text,text,text_11,times,regular,7,27styles_3cols_20211228_165746_7728135463_600_800.png,/scratch/parceirosbr/bigoilict/share/BigOil/document_generator/datasets/documents_2021_12_28/27styles_3cols_20211228_165746_7728135463_600_800.png,27styles_3cols_20211228_165746_7728135463_600_800_mask.png,constitutive  model  f3 or rock salt describing t-
71,4,142,9,398,182,540,191,398,182,540,182,540,191,398,191,sub_line_text,text,text_11,times,regular,7,27styles_3cols_20211228_165746_7728135463_600_800.png,/scratch/parceirosbr/bigoilict/share/BigOil/document_generator/datasets/documents_2021_12_28/27styles_3cols_20211228_165746_7728135463_600_800.png,27styles_3cols_20211228_165746_7728135463_600_800_mask.png,ransient   st29   ationaryand   accelerated  creep  a-
70,4,141,9,398,196,539,205,398,196,539,196,539,205,398,205,sub_line_text,text,text_11,times,regular,7,27styles_3cols_20211228_165746_7728135463_600_800.png,/scratch/parceirosbr/bigoilict/share/BigOil/document_generator/datasets/documents_2021_12_28/27styles_3cols_20211228_165746_7728135463_600_800.png,27styles_3cols_20211228_165746_7728135463_600_800_mask.png,nd  dilatancy.    A  inten42  sa  caça realizada por
71,4,142,9,398,210,540,219,398,210,540,210,540,219,398,219,sub_line_text,text,text_11,times,regular,7,27styles_3cols_20211228_165746_7728135463_600_800.png,/scratch/parceirosbr/bigoilict/share/BigOil/document_generator/datasets/documents_2021_12_28/27styles_3cols_20211228_165746_7728135463_600_800.png,27styles_3cols_20211228_165746_7728135463_600_800_mask.png,mais   de  400  anos  levou  a74  espécie  a  beira
70,4,141,9,398,224,539,233,398,224,539,224,539,233,398,233,sub_line_text,text,text_11,times,regular,7,27styles_3cols_20211228_165746_7728135463_600_800.png,/scratch/parceirosbr/bigoilict/share/BigOil/document_generator/datasets/documents_2021_12_28/27styles_3cols_20211228_165746_7728135463_600_800.png,27styles_3cols_20211228_165746_7728135463_600_800_mask.png,da  extinção69  .  A  ideia  do  é  gerar  umespaço
70,4,141,9,398,238,539,247,398,238,539,238,539,247,398,247,sub_line_text,text,text_11,times,regular,7,27styles_3cols_20211228_165746_7728135463_600_800.png,/scratch/parceirosbr/bigoilict/share/BigOil/document_generator/datasets/documents_2021_12_28/27styles_3cols_20211228_165746_7728135463_600_800.png,27styles_3cols_20211228_165746_7728135463_600_800_mask.png,de65   escala   suavizando   de   maneira  diferente
71,4,142,9,398,252,540,261,398,252,540,252,540,261,398,261,sub_line_text,text,text_11,times,regular,7,27styles_3cols_20211228_165746_7728135463_600_800.png,/scratch/parceirosbr/bigoilict/share/BigOil/document_generator/datasets/documents_2021_12_28/27styles_3cols_20211228_165746_7728135463_600_800.png,27styles_3cols_20211228_165746_7728135463_600_800_mask.png,em   locais  com  alta  intensidad74  e  de  bordas.
65,4,131,9,398,266,529,275,398,266,529,266,529,275,398,275,sub_line_text,text,text_11,times,regular,7,27styles_3cols_20211228_165746_7728135463_600_800.png,/scratch/parceirosbr/bigoilict/share/BigOil/document_generator/datasets/documents_2021_12_28/27styles_3cols_20211228_165746_7728135463_600_800.png,27styles_3cols_20211228_165746_7728135463_600_800_mask.png,"Com a alta rota30 tividade, o treinamento é p."
71,60,142,121,398,154,540,275,398,154,540,154,540,275,398,275,text,text,text_11,times,regular,7,27styles_3cols_20211228_165746_7728135463_600_800.png,/scratch/parceirosbr/bigoilict/share/BigOil/document_generator/datasets/documents_2021_12_28/27styles_3cols_20211228_165746_7728135463_600_800.png,27styles_3cols_20211228_165746_7728135463_600_800_mask.png,nan
63,4,127,9,412,287,539,296,412,287,539,287,539,296,412,296,sub_line_text,text,text_12,times,regular,7,27styles_3cols_20211228_165746_7728135463_600_800.png,/scratch/parceirosbr/bigoilict/share/BigOil/document_generator/datasets/documents_2021_12_28/27styles_3cols_20211228_165746_7728135463_600_800.png,27styles_3cols_20211228_165746_7728135463_600_800_mask.png,A   função   objetivo   pode   ser  expressa
70,4,141,9,398,301,539,310,398,301,539,301,539,310,398,310,sub_line_text,text,text_12,times,regular,7,27styles_3cols_20211228_165746_7728135463_600_800.png,/scratch/parceirosbr/bigoilict/share/BigOil/document_generator/datasets/documents_2021_12_28/27styles_3cols_20211228_165746_7728135463_600_800.png,27styles_3cols_20211228_165746_7728135463_600_800_mask.png,"por,  et  al,  2004,  2022  06):. A influência da f-"
70,4,141,9,398,315,539,324,398,315,539,315,539,324,398,324,sub_line_text,text,text_12,times,regular,7,27styles_3cols_20211228_165746_7728135463_600_800.png,/scratch/parceirosbr/bigoilict/share/BigOil/document_generator/datasets/documents_2021_12_28/27styles_3cols_20211228_165746_7728135463_600_800.png,27styles_3cols_20211228_165746_7728135463_600_800_mask.png,orma  de  pagamento  resi77  de  no  fato de pod-
70,4,141,9,398,329,539,338,398,329,539,329,539,338,398,338,sub_line_text,text,text_12,times,regular,7,27styles_3cols_20211228_165746_7728135463_600_800.png,/scratch/parceirosbr/bigoilict/share/BigOil/document_generator/datasets/documents_2021_12_28/27styles_3cols_20211228_165746_7728135463_600_800.png,27styles_3cols_20211228_165746_7728135463_600_800_mask.png,er   se   pressupor  preços29  menores  em  postos
70,4,141,9,398,343,539,352,398,343,539,343,539,352,398,352,sub_line_text,text,text_12,times,regular,7,27styles_3cols_20211228_165746_7728135463_600_800.png,/scratch/parceirosbr/bigoilict/share/BigOil/document_generator/datasets/documents_2021_12_28/27styles_3cols_20211228_165746_7728135463_600_800.png,27styles_3cols_20211228_165746_7728135463_600_800_mask.png,reve33  ndedores  que  não  aceitam  todas  as fo-
71,4,142,9,398,357,540,366,398,357,540,357,540,366,398,366,sub_line_text,text,text_12,times,regular,7,27styles_3cols_20211228_165746_7728135463_600_800.png,/scratch/parceirosbr/bigoilict/share/BigOil/document_generator/datasets/documents_2021_12_28/27styles_3cols_20211228_165746_7728135463_600_800.png,27styles_3cols_20211228_165746_7728135463_600_800_mask.png,"rmas   de   pagamento,   como,  por48    exemplo,"
71,4,142,9,398,371,540,380,398,371,540,371,540,380,398,380,sub_line_text,text,text_12,times,regular,7,27styles_3cols_20211228_165746_7728135463_600_800.png,/scratch/parceirosbr/bigoilict/share/BigOil/document_generator/datasets/documents_2021_12_28/27styles_3cols_20211228_165746_7728135463_600_800.png,27styles_3cols_20211228_165746_7728135463_600_800_mask.png,realizar   o  paga13  mento  do  combustível  com
66,4,133,9,398,385,531,394,398,385,531,385,531,394,398,394,sub_line_text,text,text_12,times,regular,7,27styles_3cols_20211228_165746_7728135463_600_800.png,/scratch/parceirosbr/bigoilict/share/BigOil/document_generator/datasets/documents_2021_12_28/27styles_3cols_20211228_165746_7728135463_600_800.png,27styles_3cols_20211228_165746_7728135463_600_800_mask.png,cartão de cré76 dito.  In due to the reduced wi.
71,53,142,107,398,287,540,394,398,287,540,287,540,394,398,394,text,text,text_12,times,regular,7,27styles_3cols_20211228_165746_7728135463_600_800.png,/scratch/parceirosbr/bigoilict/share/BigOil/document_generator/datasets/documents_2021_12_28/27styles_3cols_20211228_165746_7728135463_600_800.png,27styles_3cols_20211228_165746_7728135463_600_800_mask.png,nan
64,4,128,9,412,406,540,415,412,406,540,406,540,415,412,415,sub_line_text,text,text_13,times,regular,7,27styles_3cols_20211228_165746_7728135463_600_800.png,/scratch/parceirosbr/bigoilict/share/BigOil/document_generator/datasets/documents_2021_12_28/27styles_3cols_20211228_165746_7728135463_600_800.png,27styles_3cols_20211228_165746_7728135463_600_800_mask.png,It  has  been  observed  in previous studies
70,4,141,9,398,420,539,429,398,420,539,420,539,429,398,429,sub_line_text,text,text_13,times,regular,7,27styles_3cols_20211228_165746_7728135463_600_800.png,/scratch/parceirosbr/bigoilict/share/BigOil/document_generator/datasets/documents_2021_12_28/27styles_3cols_20211228_165746_7728135463_600_800.png,27styles_3cols_20211228_165746_7728135463_600_800_mask.png,"that  many  compo19  nents,  then  ordered, share"
71,4,142,9,398,434,540,443,398,434,540,434,540,443,398,443,sub_line_text,text,text_13,times,regular,7,27styles_3cols_20211228_165746_7728135463_600_800.png,/scratch/parceirosbr/bigoilict/share/BigOil/document_generator/datasets/documents_2021_12_28/27styles_3cols_20211228_165746_7728135463_600_800.png,27styles_3cols_20211228_165746_7728135463_600_800_mask.png,"the   same  subgroups  o73  f  decision  variables,"
70,4,141,9,398,448,539,457,398,448,539,448,539,457,398,457,sub_line_text,text,text_13,times,regular,7,27styles_3cols_20211228_165746_7728135463_600_800.png,/scratch/parceirosbr/bigoilict/share/BigOil/document_generator/datasets/documents_2021_12_28/27styles_3cols_20211228_165746_7728135463_600_800.png,27styles_3cols_20211228_165746_7728135463_600_800_mask.png,as  shown  in  9. 35.38 No que tange ao gás na-
70,4,141,9,398,462,539,471,398,462,539,462,539,471,398,471,sub_line_text,text,text_13,times,regular,7,27styles_3cols_20211228_165746_7728135463_600_800.png,/scratch/parceirosbr/bigoilict/share/BigOil/document_generator/datasets/documents_2021_12_28/27styles_3cols_20211228_165746_7728135463_600_800.png,27styles_3cols_20211228_165746_7728135463_600_800_mask.png,"t20  ural,  o  rápido  crescimento  da  oferta  do s-"
71,4,142,9,398,476,540,485,398,476,540,476,540,485,398,485,sub_line_text,text,text_13,times,regular,7,27styles_3cols_20211228_165746_7728135463_600_800.png,/scratch/parceirosbr/bigoilict/share/BigOil/document_generator/datasets/documents_2021_12_28/27styles_3cols_20211228_165746_7728135463_600_800.png,27styles_3cols_20211228_165746_7728135463_600_800_mask.png,hale  gas  nos  provocou  a21    queda acentuada
44,4,89,9,398,490,487,499,398,490,487,490,487,499,398,499,sub_line_text,text,text_13,times,regular,7,27styles_3cols_20211228_165746_7728135463_600_800.png,/scratch/parceirosbr/bigoilict/share/BigOil/document_generator/datasets/documents_2021_12_28/27styles_3cols_20211228_165746_7728135463_600_800.png,27styles_3cols_20211228_165746_7728135463_600_800_mask.png,dos preço82 s nes-te mercado e.
71,46,142,93,398,406,540,499,398,406,540,406,540,499,398,499,text,text,text_13,times,regular,7,27styles_3cols_20211228_165746_7728135463_600_800.png,/scratch/parceirosbr/bigoilict/share/BigOil/document_generator/datasets/documents_2021_12_28/27styles_3cols_20211228_165746_7728135463_600_800.png,27styles_3cols_20211228_165746_7728135463_600_800_mask.png,nan
64,4,128,9,412,511,540,520,412,511,540,511,540,520,412,520,sub_line_text,text,text_14,times,regular,7,27styles_3cols_20211228_165746_7728135463_600_800.png,/scratch/parceirosbr/bigoilict/share/BigOil/document_generator/datasets/documents_2021_12_28/27styles_3cols_20211228_165746_7728135463_600_800.png,27styles_3cols_20211228_165746_7728135463_600_800_mask.png,Estas  são  realizadas  até  a  água  de  20 l-
71,4,142,9,398,525,540,534,398,525,540,525,540,534,398,534,sub_line_text,text,text_14,times,regular,7,27styles_3cols_20211228_165746_7728135463_600_800.png,/scratch/parceirosbr/bigoilict/share/BigOil/document_generator/datasets/documents_2021_12_28/27styles_3cols_20211228_165746_7728135463_600_800.png,27styles_3cols_20211228_165746_7728135463_600_800_mask.png,"avagem  estar  neutralizada  et  al.,  200559 ; et a-"
71,4,142,9,398,539,540,548,398,539,540,539,540,548,398,548,sub_line_text,text,text_14,times,regular,7,27styles_3cols_20211228_165746_7728135463_600_800.png,/scratch/parceirosbr/bigoilict/share/BigOil/document_generator/datasets/documents_2021_12_28/27styles_3cols_20211228_165746_7728135463_600_800.png,27styles_3cols_20211228_165746_7728135463_600_800_mask.png,"l.,  2006;  et  al.,  2007).  Este50  processo é fav-"
70,4,141,9,398,553,539,562,398,553,539,553,539,562,398,562,sub_line_text,text,text_14,times,regular,7,27styles_3cols_20211228_165746_7728135463_600_800.png,/scratch/parceirosbr/bigoilict/share/BigOil/document_generator/datasets/documents_2021_12_28/27styles_3cols_20211228_165746_7728135463_600_800.png,27styles_3cols_20211228_165746_7728135463_600_800_mask.png,orecido  pelo  aumento  da  deposição d30 e par-
70,4,141,9,398,567,539,576,398,567,539,567,539,576,398,576,sub_line_text,text,text_14,times,regular,7,27styles_3cols_20211228_165746_7728135463_600_800.png,/scratch/parceirosbr/bigoilict/share/BigOil/document_generator/datasets/documents_2021_12_28/27styles_3cols_20211228_165746_7728135463_600_800.png,27styles_3cols_20211228_165746_7728135463_600_800_mask.png,tículas  nas  gargantas  dos  poros.7    f)  as part-
71,4,142,9,398,581,540,590,398,581,540,581,540,590,398,590,sub_line_text,text,text_14,times,regular,7,27styles_3cols_20211228_165746_7728135463_600_800.png,/scratch/parceirosbr/bigoilict/share/BigOil/document_generator/datasets/documents_2021_12_28/27styles_3cols_20211228_165746_7728135463_600_800.png,27styles_3cols_20211228_165746_7728135463_600_800_mask.png,ículas  presen68  tes  no  fluido injetado são mui-
71,4,142,9,398,595,540,604,398,595,540,595,540,604,398,604,sub_line_text,text,text_14,times,regular,7,27styles_3cols_20211228_165746_7728135463_600_800.png,/scratch/parceirosbr/bigoilict/share/BigOil/document_generator/datasets/documents_2021_12_28/27styles_3cols_20211228_165746_7728135463_600_800.png,27styles_3cols_20211228_165746_7728135463_600_800_mask.png,"to  pequenas,  oco50  rre  a  difusão  que é um m-"
70,4,141,9,398,609,539,618,398,609,539,609,539,618,398,618,sub_line_text,text,text_14,times,regular,7,27styles_3cols_20211228_165746_7728135463_600_800.png,/scratch/parceirosbr/bigoilict/share/BigOil/document_generator/datasets/documents_2021_12_28/27styles_3cols_20211228_165746_7728135463_600_800.png,27styles_3cols_20211228_165746_7728135463_600_800_mask.png,ovimento  aleatório  das  moléculas  do91  fluido
71,4,142,9,398,623,540,632,398,623,540,623,540,632,398,632,sub_line_text,text,text_14,times,regular,7,27styles_3cols_20211228_165746_7728135463_600_800.png,/scratch/parceirosbr/bigoilict/share/BigOil/document_generator/datasets/documents_2021_12_28/27styles_3cols_20211228_165746_7728135463_600_800.png,27styles_3cols_20211228_165746_7728135463_600_800_mask.png,de30  vido  à  sua  energia  térmica.    This  means
60,4,121,9,398,637,519,646,398,637,519,637,519,646,398,646,sub_line_text,text,text_14,times,regular,7,27styles_3cols_20211228_165746_7728135463_600_800.png,/scratch/parceirosbr/bigoilict/share/BigOil/document_generator/datasets/documents_2021_12_28/27styles_3cols_20211228_165746_7728135463_600_800.png,27styles_3cols_20211228_165746_7728135463_600_800_mask.png,"that the sinterin9 g stage is initial, due to."
71,67,142,135,398,511,540,646,398,511,540,511,540,646,398,646,text,text,text_14,times,regular,7,27styles_3cols_20211228_165746_7728135463_600_800.png,/scratch/parceirosbr/bigoilict/share/BigOil/document_generator/datasets/documents_2021_12_28/27styles_3cols_20211228_165746_7728135463_600_800.png,27styles_3cols_20211228_165746_7728135463_600_800_mask.png,nan
63,4,127,9,413,658,540,667,413,658,540,658,540,667,413,667,sub_line_text,text,text_15,times,regular,7,27styles_3cols_20211228_165746_7728135463_600_800.png,/scratch/parceirosbr/bigoilict/share/BigOil/document_generator/datasets/documents_2021_12_28/27styles_3cols_20211228_165746_7728135463_600_800.png,27styles_3cols_20211228_165746_7728135463_600_800_mask.png,The  total  conversion  into  the triacetylat-
70,4,141,9,399,672,540,681,399,672,540,672,540,681,399,681,sub_line_text,text,text_15,times,regular,7,27styles_3cols_20211228_165746_7728135463_600_800.png,/scratch/parceirosbr/bigoilict/share/BigOil/document_generator/datasets/documents_2021_12_28/27styles_3cols_20211228_165746_7728135463_600_800.png,27styles_3cols_20211228_165746_7728135463_600_800_mask.png,ed  pro32  duct  from  the  reaction of glycerol w-
70,4,141,9,399,686,540,695,399,686,540,686,540,695,399,695,sub_line_text,text,text_15,times,regular,7,27styles_3cols_20211228_165746_7728135463_600_800.png,/scratch/parceirosbr/bigoilict/share/BigOil/document_generator/datasets/documents_2021_12_28/27styles_3cols_20211228_165746_7728135463_600_800.png,27styles_3cols_20211228_165746_7728135463_600_800_mask.png,ith  acetic  anhydride  is only gu39 aranteed with
65,4,130,9,399,700,529,709,399,700,529,700,529,709,399,709,sub_line_text,text,text_15,times,regular,7,27styles_3cols_20211228_165746_7728135463_600_800.png,/scratch/parceirosbr/bigoilict/share/BigOil/document_generator/datasets/documents_2021_12_28/27styles_3cols_20211228_165746_7728135463_600_800.png,27styles_3cols_20211228_165746_7728135463_600_800_mask.png,"excess of reagent, since the s17 toichiometric."
70,25,141,51,399,658,540,709,399,658,540,658,540,709,399,709,text,text,text_15,times,regular,7,27styles_3cols_20211228_165746_7728135463_600_800.png,/scratch/parceirosbr/bigoilict/share/BigOil/document_generator/datasets/documents_2021_12_28/27styles_3cols_20211228_165746_7728135463_600_800.png,27styles_3cols_20211228_165746_7728135463_600_800_mask.png,nan
