center_x,center_y,width,height,xmin,ymin,xmax,ymax,top_left_x,top_left_y,top_right_x,top_right_y,bottom_right_x,bottom_right_y,bottom_left_x,bottom_left_y,label,grouplabel,group,text_font,text_style,size_font,filename,path,filename_mask,content
300,400,600,800,0,0,600,800,0,0,600,0,600,800,0,800,document,,,,,,27styles_3cols_20211228_165740_9657979804_600_800.png,/scratch/parceirosbr/bigoilict/share/BigOil/document_generator/datasets/documents_2021_12_28/27styles_3cols_20211228_165740_9657979804_600_800.png,27styles_3cols_20211228_165740_9657979804_600_800_mask.png,
193,42,387,85,146,96,533,181,146,96,533,96,533,181,146,181,table,header,table_0,courier,regular,10.0,27styles_3cols_20211228_165740_9657979804_600_800.png,/scratch/parceirosbr/bigoilict/share/BigOil/document_generator/datasets/documents_2021_12_28/27styles_3cols_20211228_165740_9657979804_600_800.png,27styles_3cols_20211228_165740_9657979804_600_800_mask.png,nan
12,32,25,64,151,106,176,170,151,106,176,106,176,170,151,170,text,table_text,table_0,courier,bold,10.0,27styles_3cols_20211228_165740_9657979804_600_800.png,/scratch/parceirosbr/bigoilict/share/BigOil/document_generator/datasets/documents_2021_12_28/27styles_3cols_20211228_165740_9657979804_600_800.png,27styles_3cols_20211228_165740_9657979804_600_800_mask.png,/scratch/parceirosbr/bigoilict/share/BigOil/document_generator/files_images_document_generator/logos\image_8.jpg
12,32,25,64,151,106,176,170,151,106,176,106,176,170,151,170,sub_line_text,table_text,table_0,courier,bold,10.0,27styles_3cols_20211228_165740_9657979804_600_800.png,/scratch/parceirosbr/bigoilict/share/BigOil/document_generator/datasets/documents_2021_12_28/27styles_3cols_20211228_165740_9657979804_600_800.png,27styles_3cols_20211228_165740_9657979804_600_800_mask.png,/scratch/parceirosbr/bigoilict/share/BigOil/document_generator/files_images_document_generator/logos\image_8.jpg
48,6,96,13,206,98,302,111,206,98,302,98,302,111,206,111,text,table_text,table_0,courier,regular,13.0,27styles_3cols_20211228_165740_9657979804_600_800.png,/scratch/parceirosbr/bigoilict/share/BigOil/document_generator/datasets/documents_2021_12_28/27styles_3cols_20211228_165740_9657979804_600_800.png,27styles_3cols_20211228_165740_9657979804_600_800_mask.png,combustíveis
48,6,96,13,206,98,302,111,206,98,302,98,302,111,206,111,sub_line_text,table_text,table_0,courier,regular,13.0,27styles_3cols_20211228_165740_9657979804_600_800.png,/scratch/parceirosbr/bigoilict/share/BigOil/document_generator/datasets/documents_2021_12_28/27styles_3cols_20211228_165740_9657979804_600_800.png,27styles_3cols_20211228_165740_9657979804_600_800_mask.png,combustíveis
30,5,60,11,287,119,347,130,287,119,347,119,347,130,287,130,text,table_text,table_0,courier,regular,10.0,27styles_3cols_20211228_165740_9657979804_600_800.png,/scratch/parceirosbr/bigoilict/share/BigOil/document_generator/datasets/documents_2021_12_28/27styles_3cols_20211228_165740_9657979804_600_800.png,27styles_3cols_20211228_165740_9657979804_600_800_mask.png,exploração
30,5,60,11,287,119,347,130,287,119,347,119,347,130,287,130,sub_line_text,table_text,table_0,courier,regular,10.0,27styles_3cols_20211228_165740_9657979804_600_800.png,/scratch/parceirosbr/bigoilict/share/BigOil/document_generator/datasets/documents_2021_12_28/27styles_3cols_20211228_165740_9657979804_600_800.png,27styles_3cols_20211228_165740_9657979804_600_800_mask.png,exploração
15,2,30,5,184,140,214,145,184,140,214,140,214,145,184,145,text,table_text,table_0,courier,regular,5.0,27styles_3cols_20211228_165740_9657979804_600_800.png,/scratch/parceirosbr/bigoilict/share/BigOil/document_generator/datasets/documents_2021_12_28/27styles_3cols_20211228_165740_9657979804_600_800.png,27styles_3cols_20211228_165740_9657979804_600_800_mask.png,utilizados
15,2,30,5,184,140,214,145,184,140,214,140,214,145,184,145,sub_line_text,table_text,table_0,courier,regular,5.0,27styles_3cols_20211228_165740_9657979804_600_800.png,/scratch/parceirosbr/bigoilict/share/BigOil/document_generator/datasets/documents_2021_12_28/27styles_3cols_20211228_165740_9657979804_600_800.png,27styles_3cols_20211228_165740_9657979804_600_800_mask.png,utilizados
114,5,228,11,203,145,431,156,203,145,431,145,431,156,203,156,text,table_text,table_0,courier,bold,10.0,27styles_3cols_20211228_165740_9657979804_600_800.png,/scratch/parceirosbr/bigoilict/share/BigOil/document_generator/datasets/documents_2021_12_28/27styles_3cols_20211228_165740_9657979804_600_800.png,27styles_3cols_20211228_165740_9657979804_600_800_mask.png,fracturing will not take place within 
114,5,228,11,203,145,431,156,203,145,431,145,431,156,203,156,sub_line_text,table_text,table_0,courier,bold,10.0,27styles_3cols_20211228_165740_9657979804_600_800.png,/scratch/parceirosbr/bigoilict/share/BigOil/document_generator/datasets/documents_2021_12_28/27styles_3cols_20211228_165740_9657979804_600_800.png,27styles_3cols_20211228_165740_9657979804_600_800_mask.png,fracturing will not take place within 
30,5,60,11,287,157,347,168,287,157,347,157,347,168,287,168,text,table_text,table_0,courier,bold,10.0,27styles_3cols_20211228_165740_9657979804_600_800.png,/scratch/parceirosbr/bigoilict/share/BigOil/document_generator/datasets/documents_2021_12_28/27styles_3cols_20211228_165740_9657979804_600_800.png,27styles_3cols_20211228_165740_9657979804_600_800_mask.png,realizando
30,5,60,11,287,157,347,168,287,157,347,157,347,168,287,168,sub_line_text,table_text,table_0,courier,bold,10.0,27styles_3cols_20211228_165740_9657979804_600_800.png,/scratch/parceirosbr/bigoilict/share/BigOil/document_generator/datasets/documents_2021_12_28/27styles_3cols_20211228_165740_9657979804_600_800.png,27styles_3cols_20211228_165740_9657979804_600_800_mask.png,realizando
7,3,15,6,328,98,343,104,328,98,343,98,343,104,328,104,text,table_text,table_0,courier,bold,5.0,27styles_3cols_20211228_165740_9657979804_600_800.png,/scratch/parceirosbr/bigoilict/share/BigOil/document_generator/datasets/documents_2021_12_28/27styles_3cols_20211228_165740_9657979804_600_800.png,27styles_3cols_20211228_165740_9657979804_600_800_mask.png,ficar
7,3,15,6,328,98,343,104,328,98,343,98,343,104,328,104,sub_line_text,table_text,table_0,courier,bold,5.0,27styles_3cols_20211228_165740_9657979804_600_800.png,/scratch/parceirosbr/bigoilict/share/BigOil/document_generator/datasets/documents_2021_12_28/27styles_3cols_20211228_165740_9657979804_600_800.png,27styles_3cols_20211228_165740_9657979804_600_800_mask.png,ficar
27,5,54,11,380,104,434,115,380,104,434,104,434,115,380,115,text,table_text,table_0,courier,regular,10.0,27styles_3cols_20211228_165740_9657979804_600_800.png,/scratch/parceirosbr/bigoilict/share/BigOil/document_generator/datasets/documents_2021_12_28/27styles_3cols_20211228_165740_9657979804_600_800.png,27styles_3cols_20211228_165740_9657979804_600_800_mask.png,problemas
27,5,54,11,380,104,434,115,380,104,434,104,434,115,380,115,sub_line_text,table_text,table_0,courier,regular,10.0,27styles_3cols_20211228_165740_9657979804_600_800.png,/scratch/parceirosbr/bigoilict/share/BigOil/document_generator/datasets/documents_2021_12_28/27styles_3cols_20211228_165740_9657979804_600_800.png,27styles_3cols_20211228_165740_9657979804_600_800_mask.png,problemas
18,2,36,5,454,119,490,124,454,119,490,119,490,124,454,124,text,table_text,table_0,courier,regular,5.0,27styles_3cols_20211228_165740_9657979804_600_800.png,/scratch/parceirosbr/bigoilict/share/BigOil/document_generator/datasets/documents_2021_12_28/27styles_3cols_20211228_165740_9657979804_600_800.png,27styles_3cols_20211228_165740_9657979804_600_800_mask.png,investidores
18,2,36,5,454,119,490,124,454,119,490,119,490,124,454,124,sub_line_text,table_text,table_0,courier,regular,5.0,27styles_3cols_20211228_165740_9657979804_600_800.png,/scratch/parceirosbr/bigoilict/share/BigOil/document_generator/datasets/documents_2021_12_28/27styles_3cols_20211228_165740_9657979804_600_800.png,27styles_3cols_20211228_165740_9657979804_600_800_mask.png,investidores
27,5,54,11,465,124,519,135,465,124,519,124,519,135,465,135,text,table_text,table_0,courier,regular,10.0,27styles_3cols_20211228_165740_9657979804_600_800.png,/scratch/parceirosbr/bigoilict/share/BigOil/document_generator/datasets/documents_2021_12_28/27styles_3cols_20211228_165740_9657979804_600_800.png,27styles_3cols_20211228_165740_9657979804_600_800_mask.png,biodiesel
27,5,54,11,465,124,519,135,465,124,519,124,519,135,465,135,sub_line_text,table_text,table_0,courier,regular,10.0,27styles_3cols_20211228_165740_9657979804_600_800.png,/scratch/parceirosbr/bigoilict/share/BigOil/document_generator/datasets/documents_2021_12_28/27styles_3cols_20211228_165740_9657979804_600_800.png,27styles_3cols_20211228_165740_9657979804_600_800_mask.png,biodiesel
21,5,42,11,471,161,513,172,471,161,513,161,513,172,471,172,text,table_text,table_0,courier,regular,10.0,27styles_3cols_20211228_165740_9657979804_600_800.png,/scratch/parceirosbr/bigoilict/share/BigOil/document_generator/datasets/documents_2021_12_28/27styles_3cols_20211228_165740_9657979804_600_800.png,27styles_3cols_20211228_165740_9657979804_600_800_mask.png,projeto
21,5,42,11,471,161,513,172,471,161,513,161,513,172,471,172,sub_line_text,table_text,table_0,courier,regular,10.0,27styles_3cols_20211228_165740_9657979804_600_800.png,/scratch/parceirosbr/bigoilict/share/BigOil/document_generator/datasets/documents_2021_12_28/27styles_3cols_20211228_165740_9657979804_600_800.png,27styles_3cols_20211228_165740_9657979804_600_800_mask.png,projeto
12,2,24,5,490,98,514,103,490,98,514,98,514,103,490,103,text,table_text,table_0,courier,regular,5.0,27styles_3cols_20211228_165740_9657979804_600_800.png,/scratch/parceirosbr/bigoilict/share/BigOil/document_generator/datasets/documents_2021_12_28/27styles_3cols_20211228_165740_9657979804_600_800.png,27styles_3cols_20211228_165740_9657979804_600_800_mask.png,formação
12,2,24,5,490,98,514,103,490,98,514,98,514,103,490,103,sub_line_text,table_text,table_0,courier,regular,5.0,27styles_3cols_20211228_165740_9657979804_600_800.png,/scratch/parceirosbr/bigoilict/share/BigOil/document_generator/datasets/documents_2021_12_28/27styles_3cols_20211228_165740_9657979804_600_800.png,27styles_3cols_20211228_165740_9657979804_600_800_mask.png,formação
15,5,30,11,495,103,525,114,495,103,525,103,525,114,495,114,text,table_text,table_0,courier,regular,10.0,27styles_3cols_20211228_165740_9657979804_600_800.png,/scratch/parceirosbr/bigoilict/share/BigOil/document_generator/datasets/documents_2021_12_28/27styles_3cols_20211228_165740_9657979804_600_800.png,27styles_3cols_20211228_165740_9657979804_600_800_mask.png,berço
15,5,30,11,495,103,525,114,495,103,525,103,525,114,495,114,sub_line_text,table_text,table_0,courier,regular,10.0,27styles_3cols_20211228_165740_9657979804_600_800.png,/scratch/parceirosbr/bigoilict/share/BigOil/document_generator/datasets/documents_2021_12_28/27styles_3cols_20211228_165740_9657979804_600_800.png,27styles_3cols_20211228_165740_9657979804_600_800_mask.png,berço
30,5,60,11,194,204,254,215,194,204,254,204,254,215,194,215,sub_line_text,text,text_0,courier,regular,10,27styles_3cols_20211228_165740_9657979804_600_800.png,/scratch/parceirosbr/bigoilict/share/BigOil/document_generator/datasets/documents_2021_12_28/27styles_3cols_20211228_165740_9657979804_600_800.png,27styles_3cols_20211228_165740_9657979804_600_800_mask.png,O valor de
54,5,108,11,146,221,254,232,146,221,254,221,254,232,146,232,sub_line_text,text,text_0,courier,regular,10,27styles_3cols_20211228_165740_9657979804_600_800.png,/scratch/parceirosbr/bigoilict/share/BigOil/document_generator/datasets/documents_2021_12_28/27styles_3cols_20211228_165740_9657979804_600_800.png,27styles_3cols_20211228_165740_9657979804_600_800_mask.png,concentração molar
54,5,108,11,146,238,254,249,146,238,254,238,254,249,146,249,sub_line_text,text,text_0,courier,regular,10,27styles_3cols_20211228_165740_9657979804_600_800.png,/scratch/parceirosbr/bigoilict/share/BigOil/document_generator/datasets/documents_2021_12_28/27styles_3cols_20211228_165740_9657979804_600_800.png,27styles_3cols_20211228_165740_9657979804_600_800_mask.png,das preparações de
54,5,108,11,146,255,254,266,146,255,254,255,254,266,146,266,sub_line_text,text,text_0,courier,regular,10,27styles_3cols_20211228_165740_9657979804_600_800.png,/scratch/parceirosbr/bigoilict/share/BigOil/document_generator/datasets/documents_2021_12_28/27styles_3cols_20211228_165740_9657979804_600_800.png,27styles_3cols_20211228_165740_9657979804_600_800_mask.png,foi estabelecido a
30,5,60,11,194,272,254,283,194,272,254,272,254,283,194,283,sub_line_text,text,text_0,courier,regular,10,27styles_3cols_20211228_165740_9657979804_600_800.png,/scratch/parceirosbr/bigoilict/share/BigOil/document_generator/datasets/documents_2021_12_28/27styles_3cols_20211228_165740_9657979804_600_800.png,27styles_3cols_20211228_165740_9657979804_600_800_mask.png,partir dos
45,5,90,11,164,289,254,300,164,289,254,289,254,300,164,300,sub_line_text,text,text_0,courier,regular,10,27styles_3cols_20211228_165740_9657979804_600_800.png,/scratch/parceirosbr/bigoilict/share/BigOil/document_generator/datasets/documents_2021_12_28/27styles_3cols_20211228_165740_9657979804_600_800.png,27styles_3cols_20211228_165740_9657979804_600_800_mask.png,coeficientes de
42,5,84,11,170,306,254,317,170,306,254,306,254,317,170,317,sub_line_text,text,text_0,courier,regular,10,27styles_3cols_20211228_165740_9657979804_600_800.png,/scratch/parceirosbr/bigoilict/share/BigOil/document_generator/datasets/documents_2021_12_28/27styles_3cols_20211228_165740_9657979804_600_800.png,27styles_3cols_20211228_165740_9657979804_600_800_mask.png,extinção molar
48,5,96,11,158,323,254,334,158,323,254,323,254,334,158,334,sub_line_text,text,text_0,courier,regular,10,27styles_3cols_20211228_165740_9657979804_600_800.png,/scratch/parceirosbr/bigoilict/share/BigOil/document_generator/datasets/documents_2021_12_28/27styles_3cols_20211228_165740_9657979804_600_800.png,27styles_3cols_20211228_165740_9657979804_600_800_mask.png,"75,3, 11,5, 10,8"
54,5,108,11,146,340,254,351,146,340,254,340,254,351,146,351,sub_line_text,text,text_0,courier,regular,10,27styles_3cols_20211228_165740_9657979804_600_800.png,/scratch/parceirosbr/bigoilict/share/BigOil/document_generator/datasets/documents_2021_12_28/27styles_3cols_20211228_165740_9657979804_600_800.png,27styles_3cols_20211228_165740_9657979804_600_800_mask.png,"and 4,2 mM-1 cm-1."
54,73,108,147,146,204,254,351,146,204,254,204,254,351,146,351,text,text,text_0,courier,regular,10,27styles_3cols_20211228_165740_9657979804_600_800.png,/scratch/parceirosbr/bigoilict/share/BigOil/document_generator/datasets/documents_2021_12_28/27styles_3cols_20211228_165740_9657979804_600_800.png,27styles_3cols_20211228_165740_9657979804_600_800_mask.png,nan
42,5,84,11,170,368,254,379,170,368,254,368,254,379,170,379,sub_line_text,text,text_1,courier,regular,10,27styles_3cols_20211228_165740_9657979804_600_800.png,/scratch/parceirosbr/bigoilict/share/BigOil/document_generator/datasets/documents_2021_12_28/27styles_3cols_20211228_165740_9657979804_600_800.png,27styles_3cols_20211228_165740_9657979804_600_800_mask.png,Realizou-se um
54,5,108,11,146,385,254,396,146,385,254,385,254,396,146,396,sub_line_text,text,text_1,courier,regular,10,27styles_3cols_20211228_165740_9657979804_600_800.png,/scratch/parceirosbr/bigoilict/share/BigOil/document_generator/datasets/documents_2021_12_28/27styles_3cols_20211228_165740_9657979804_600_800.png,27styles_3cols_20211228_165740_9657979804_600_800_mask.png,estudo comparativo
48,5,96,11,158,402,254,413,158,402,254,402,254,413,158,413,sub_line_text,text,text_1,courier,regular,10,27styles_3cols_20211228_165740_9657979804_600_800.png,/scratch/parceirosbr/bigoilict/share/BigOil/document_generator/datasets/documents_2021_12_28/27styles_3cols_20211228_165740_9657979804_600_800.png,27styles_3cols_20211228_165740_9657979804_600_800_mask.png,entre os métodos
51,5,102,11,152,419,254,430,152,419,254,419,254,430,152,430,sub_line_text,text,text_1,courier,regular,10,27styles_3cols_20211228_165740_9657979804_600_800.png,/scratch/parceirosbr/bigoilict/share/BigOil/document_generator/datasets/documents_2021_12_28/27styles_3cols_20211228_165740_9657979804_600_800.png,27styles_3cols_20211228_165740_9657979804_600_800_mask.png,voltamétrico e em
54,5,108,11,146,436,254,447,146,436,254,436,254,447,146,447,sub_line_text,text,text_1,courier,regular,10,27styles_3cols_20211228_165740_9657979804_600_800.png,/scratch/parceirosbr/bigoilict/share/BigOil/document_generator/datasets/documents_2021_12_28/27styles_3cols_20211228_165740_9657979804_600_800.png,27styles_3cols_20211228_165740_9657979804_600_800_mask.png,treze amostras de.
54,39,108,79,146,368,254,447,146,368,254,368,254,447,146,447,text,text,text_1,courier,regular,10,27styles_3cols_20211228_165740_9657979804_600_800.png,/scratch/parceirosbr/bigoilict/share/BigOil/document_generator/datasets/documents_2021_12_28/27styles_3cols_20211228_165740_9657979804_600_800.png,27styles_3cols_20211228_165740_9657979804_600_800_mask.png,nan
48,5,96,11,164,464,260,475,164,464,260,464,260,475,164,475,sub_line_text,text,text_2,courier,regular,10,27styles_3cols_20211228_165740_9657979804_600_800.png,/scratch/parceirosbr/bigoilict/share/BigOil/document_generator/datasets/documents_2021_12_28/27styles_3cols_20211228_165740_9657979804_600_800.png,27styles_3cols_20211228_165740_9657979804_600_800_mask.png,"Logo, a seria um"
57,5,114,11,146,481,260,492,146,481,260,481,260,492,146,492,sub_line_text,text,text_2,courier,regular,10,27styles_3cols_20211228_165740_9657979804_600_800.png,/scratch/parceirosbr/bigoilict/share/BigOil/document_generator/datasets/documents_2021_12_28/27styles_3cols_20211228_165740_9657979804_600_800.png,27styles_3cols_20211228_165740_9657979804_600_800_mask.png,órgão de diretrizes
48,5,96,11,164,498,260,509,164,498,260,498,260,509,164,509,sub_line_text,text,text_2,courier,regular,10,27styles_3cols_20211228_165740_9657979804_600_800.png,/scratch/parceirosbr/bigoilict/share/BigOil/document_generator/datasets/documents_2021_12_28/27styles_3cols_20211228_165740_9657979804_600_800.png,27styles_3cols_20211228_165740_9657979804_600_800_mask.png,políticas amplas
27,5,54,11,206,515,260,526,206,515,260,515,260,526,206,526,sub_line_text,text,text_2,courier,regular,10,27styles_3cols_20211228_165740_9657979804_600_800.png,/scratch/parceirosbr/bigoilict/share/BigOil/document_generator/datasets/documents_2021_12_28/27styles_3cols_20211228_165740_9657979804_600_800.png,27styles_3cols_20211228_165740_9657979804_600_800_mask.png,para a do
57,5,114,11,146,532,260,543,146,532,260,532,260,543,146,543,sub_line_text,text,text_2,courier,regular,10,27styles_3cols_20211228_165740_9657979804_600_800.png,/scratch/parceirosbr/bigoilict/share/BigOil/document_generator/datasets/documents_2021_12_28/27styles_3cols_20211228_165740_9657979804_600_800.png,27styles_3cols_20211228_165740_9657979804_600_800_mask.png,englobando todos os
51,5,102,11,158,549,260,560,158,549,260,549,260,560,158,560,sub_line_text,text,text_2,courier,regular,10,27styles_3cols_20211228_165740_9657979804_600_800.png,/scratch/parceirosbr/bigoilict/share/BigOil/document_generator/datasets/documents_2021_12_28/27styles_3cols_20211228_165740_9657979804_600_800.png,27styles_3cols_20211228_165740_9657979804_600_800_mask.png,blocos econômicos
48,5,96,11,164,566,260,577,164,566,260,566,260,577,164,577,sub_line_text,text,text_2,courier,regular,10,27styles_3cols_20211228_165740_9657979804_600_800.png,/scratch/parceirosbr/bigoilict/share/BigOil/document_generator/datasets/documents_2021_12_28/27styles_3cols_20211228_165740_9657979804_600_800.png,27styles_3cols_20211228_165740_9657979804_600_800_mask.png,sul-americanos e
48,5,96,11,164,583,260,594,164,583,260,583,260,594,164,594,sub_line_text,text,text_2,courier,regular,10,27styles_3cols_20211228_165740_9657979804_600_800.png,/scratch/parceirosbr/bigoilict/share/BigOil/document_generator/datasets/documents_2021_12_28/27styles_3cols_20211228_165740_9657979804_600_800.png,27styles_3cols_20211228_165740_9657979804_600_800_mask.png,facilitando suas
45,5,90,11,170,600,260,611,170,600,260,600,260,611,170,611,sub_line_text,text,text_2,courier,regular,10,27styles_3cols_20211228_165740_9657979804_600_800.png,/scratch/parceirosbr/bigoilict/share/BigOil/document_generator/datasets/documents_2021_12_28/27styles_3cols_20211228_165740_9657979804_600_800.png,27styles_3cols_20211228_165740_9657979804_600_800_mask.png,relações com o.
57,73,114,147,146,464,260,611,146,464,260,464,260,611,146,611,text,text,text_2,courier,regular,10,27styles_3cols_20211228_165740_9657979804_600_800.png,/scratch/parceirosbr/bigoilict/share/BigOil/document_generator/datasets/documents_2021_12_28/27styles_3cols_20211228_165740_9657979804_600_800.png,27styles_3cols_20211228_165740_9657979804_600_800_mask.png,nan
39,5,78,11,158,628,236,639,158,628,236,628,236,639,158,639,sub_line_text,text,text_3,courier,regular,10,27styles_3cols_20211228_165740_9657979804_600_800.png,/scratch/parceirosbr/bigoilict/share/BigOil/document_generator/datasets/documents_2021_12_28/27styles_3cols_20211228_165740_9657979804_600_800.png,27styles_3cols_20211228_165740_9657979804_600_800_mask.png,Public policy
45,5,90,11,146,645,236,656,146,645,236,645,236,656,146,656,sub_line_text,text,text_3,courier,regular,10,27styles_3cols_20211228_165740_9657979804_600_800.png,/scratch/parceirosbr/bigoilict/share/BigOil/document_generator/datasets/documents_2021_12_28/27styles_3cols_20211228_165740_9657979804_600_800.png,27styles_3cols_20211228_165740_9657979804_600_800_mask.png,strategies for.
45,14,90,28,146,628,236,656,146,628,236,628,236,656,146,656,text,text,text_3,courier,regular,10,27styles_3cols_20211228_165740_9657979804_600_800.png,/scratch/parceirosbr/bigoilict/share/BigOil/document_generator/datasets/documents_2021_12_28/27styles_3cols_20211228_165740_9657979804_600_800.png,27styles_3cols_20211228_165740_9657979804_600_800_mask.png,nan
48,5,96,11,305,204,401,215,305,204,401,204,401,215,305,215,sub_line_text,text,text_4,courier,regular,10,27styles_3cols_20211228_165740_9657979804_600_800.png,/scratch/parceirosbr/bigoilict/share/BigOil/document_generator/datasets/documents_2021_12_28/27styles_3cols_20211228_165740_9657979804_600_800.png,27styles_3cols_20211228_165740_9657979804_600_800_mask.png,Ela é usada para
54,5,108,11,293,221,401,232,293,221,401,221,401,232,293,232,sub_line_text,text,text_4,courier,regular,10,27styles_3cols_20211228_165740_9657979804_600_800.png,/scratch/parceirosbr/bigoilict/share/BigOil/document_generator/datasets/documents_2021_12_28/27styles_3cols_20211228_165740_9657979804_600_800.png,27styles_3cols_20211228_165740_9657979804_600_800_mask.png,realizar a análise
45,5,90,11,311,238,401,249,311,238,401,238,401,249,311,249,sub_line_text,text,text_4,courier,regular,10,27styles_3cols_20211228_165740_9657979804_600_800.png,/scratch/parceirosbr/bigoilict/share/BigOil/document_generator/datasets/documents_2021_12_28/27styles_3cols_20211228_165740_9657979804_600_800.png,27styles_3cols_20211228_165740_9657979804_600_800_mask.png,da estrutura do
57,5,114,11,287,255,401,266,287,255,401,255,401,266,287,266,sub_line_text,text,text_4,courier,regular,10,27styles_3cols_20211228_165740_9657979804_600_800.png,/scratch/parceirosbr/bigoilict/share/BigOil/document_generator/datasets/documents_2021_12_28/27styles_3cols_20211228_165740_9657979804_600_800.png,27styles_3cols_20211228_165740_9657979804_600_800_mask.png,casco usando o dos.
60,5,120,11,281,272,401,283,281,272,401,272,401,283,281,283,sub_line_text,text,text_4,courier,regular,10,27styles_3cols_20211228_165740_9657979804_600_800.png,/scratch/parceirosbr/bigoilict/share/BigOil/document_generator/datasets/documents_2021_12_28/27styles_3cols_20211228_165740_9657979804_600_800.png,27styles_3cols_20211228_165740_9657979804_600_800_mask.png,E caso as condições.
60,39,120,79,281,204,401,283,281,204,401,204,401,283,281,283,text,text,text_4,courier,regular,10,27styles_3cols_20211228_165740_9657979804_600_800.png,/scratch/parceirosbr/bigoilict/share/BigOil/document_generator/datasets/documents_2021_12_28/27styles_3cols_20211228_165740_9657979804_600_800.png,27styles_3cols_20211228_165740_9657979804_600_800_mask.png,nan
42,5,84,11,305,300,389,311,305,300,389,300,389,311,305,311,sub_line_text,text,text_5,courier,regular,10,27styles_3cols_20211228_165740_9657979804_600_800.png,/scratch/parceirosbr/bigoilict/share/BigOil/document_generator/datasets/documents_2021_12_28/27styles_3cols_20211228_165740_9657979804_600_800.png,27styles_3cols_20211228_165740_9657979804_600_800_mask.png,"Finalizando, a"
36,5,72,11,317,317,389,328,317,317,389,317,389,328,317,328,sub_line_text,text,text_5,courier,regular,10,27styles_3cols_20211228_165740_9657979804_600_800.png,/scratch/parceirosbr/bigoilict/share/BigOil/document_generator/datasets/documents_2021_12_28/27styles_3cols_20211228_165740_9657979804_600_800.png,27styles_3cols_20211228_165740_9657979804_600_800_mask.png,partir deste
54,5,108,11,281,334,389,345,281,334,389,334,389,345,281,345,sub_line_text,text,text_5,courier,regular,10,27styles_3cols_20211228_165740_9657979804_600_800.png,/scratch/parceirosbr/bigoilict/share/BigOil/document_generator/datasets/documents_2021_12_28/27styles_3cols_20211228_165740_9657979804_600_800.png,27styles_3cols_20211228_165740_9657979804_600_800_mask.png,trabalho sugere-se
45,5,90,11,299,351,389,362,299,351,389,351,389,362,299,362,sub_line_text,text,text_5,courier,regular,10,27styles_3cols_20211228_165740_9657979804_600_800.png,/scratch/parceirosbr/bigoilict/share/BigOil/document_generator/datasets/documents_2021_12_28/27styles_3cols_20211228_165740_9657979804_600_800.png,27styles_3cols_20211228_165740_9657979804_600_800_mask.png,que estudos que
21,5,42,11,347,368,389,379,347,368,389,368,389,379,347,379,sub_line_text,text,text_5,courier,regular,10,27styles_3cols_20211228_165740_9657979804_600_800.png,/scratch/parceirosbr/bigoilict/share/BigOil/document_generator/datasets/documents_2021_12_28/27styles_3cols_20211228_165740_9657979804_600_800.png,27styles_3cols_20211228_165740_9657979804_600_800_mask.png,busquem
42,5,84,11,305,385,389,396,305,385,389,385,389,396,305,396,sub_line_text,text,text_5,courier,regular,10,27styles_3cols_20211228_165740_9657979804_600_800.png,/scratch/parceirosbr/bigoilict/share/BigOil/document_generator/datasets/documents_2021_12_28/27styles_3cols_20211228_165740_9657979804_600_800.png,27styles_3cols_20211228_165740_9657979804_600_800_mask.png,representarde.
54,48,108,96,281,300,389,396,281,300,389,300,389,396,281,396,text,text,text_5,courier,regular,10,27styles_3cols_20211228_165740_9657979804_600_800.png,/scratch/parceirosbr/bigoilict/share/BigOil/document_generator/datasets/documents_2021_12_28/27styles_3cols_20211228_165740_9657979804_600_800.png,27styles_3cols_20211228_165740_9657979804_600_800_mask.png,nan
30,5,60,11,323,413,383,424,323,413,383,413,383,424,323,424,sub_line_text,text,text_6,courier,regular,10,27styles_3cols_20211228_165740_9657979804_600_800.png,/scratch/parceirosbr/bigoilict/share/BigOil/document_generator/datasets/documents_2021_12_28/27styles_3cols_20211228_165740_9657979804_600_800.png,27styles_3cols_20211228_165740_9657979804_600_800_mask.png,Onde h é a
51,5,102,11,281,430,383,441,281,430,383,430,383,441,281,441,sub_line_text,text,text_6,courier,regular,10,27styles_3cols_20211228_165740_9657979804_600_800.png,/scratch/parceirosbr/bigoilict/share/BigOil/document_generator/datasets/documents_2021_12_28/27styles_3cols_20211228_165740_9657979804_600_800.png,27styles_3cols_20211228_165740_9657979804_600_800_mask.png,constante de cujo
42,5,84,11,299,447,383,458,299,447,383,447,383,458,299,458,sub_line_text,text,text_6,courier,regular,10,27styles_3cols_20211228_165740_9657979804_600_800.png,/scratch/parceirosbr/bigoilict/share/BigOil/document_generator/datasets/documents_2021_12_28/27styles_3cols_20211228_165740_9657979804_600_800.png,27styles_3cols_20211228_165740_9657979804_600_800_mask.png,"valor é 6,63 x"
45,5,90,11,293,464,383,475,293,464,383,464,383,475,293,475,sub_line_text,text,text_6,courier,regular,10,27styles_3cols_20211228_165740_9657979804_600_800.png,/scratch/parceirosbr/bigoilict/share/BigOil/document_generator/datasets/documents_2021_12_28/27styles_3cols_20211228_165740_9657979804_600_800.png,27styles_3cols_20211228_165740_9657979804_600_800_mask.png,"10-34 ou 4,13 x"
42,5,84,11,299,481,383,492,299,481,383,481,383,492,299,492,sub_line_text,text,text_6,courier,regular,10,27styles_3cols_20211228_165740_9657979804_600_800.png,/scratch/parceirosbr/bigoilict/share/BigOil/document_generator/datasets/documents_2021_12_28/27styles_3cols_20211228_165740_9657979804_600_800.png,27styles_3cols_20211228_165740_9657979804_600_800_mask.png,1015 eV.s. Os.
51,39,102,79,281,413,383,492,281,413,383,413,383,492,281,492,text,text,text_6,courier,regular,10,27styles_3cols_20211228_165740_9657979804_600_800.png,/scratch/parceirosbr/bigoilict/share/BigOil/document_generator/datasets/documents_2021_12_28/27styles_3cols_20211228_165740_9657979804_600_800.png,27styles_3cols_20211228_165740_9657979804_600_800_mask.png,nan
51,5,102,11,287,509,389,520,287,509,389,509,389,520,287,520,sub_line_text,text,text_7,courier,regular,10,27styles_3cols_20211228_165740_9657979804_600_800.png,/scratch/parceirosbr/bigoilict/share/BigOil/document_generator/datasets/documents_2021_12_28/27styles_3cols_20211228_165740_9657979804_600_800.png,27styles_3cols_20211228_165740_9657979804_600_800_mask.png,Quando necessário
54,5,108,11,281,526,389,537,281,526,389,526,389,537,281,537,sub_line_text,text,text_7,courier,regular,10,27styles_3cols_20211228_165740_9657979804_600_800.png,/scratch/parceirosbr/bigoilict/share/BigOil/document_generator/datasets/documents_2021_12_28/27styles_3cols_20211228_165740_9657979804_600_800.png,27styles_3cols_20211228_165740_9657979804_600_800_mask.png,essas caixas serão
42,5,84,11,305,543,389,554,305,543,389,543,389,554,305,554,sub_line_text,text,text_7,courier,regular,10,27styles_3cols_20211228_165740_9657979804_600_800.png,/scratch/parceirosbr/bigoilict/share/BigOil/document_generator/datasets/documents_2021_12_28/27styles_3cols_20211228_165740_9657979804_600_800.png,27styles_3cols_20211228_165740_9657979804_600_800_mask.png,reprisadas nos
24,5,48,11,341,560,389,571,341,560,389,560,389,571,341,571,sub_line_text,text,text_7,courier,regular,10,27styles_3cols_20211228_165740_9657979804_600_800.png,/scratch/parceirosbr/bigoilict/share/BigOil/document_generator/datasets/documents_2021_12_28/27styles_3cols_20211228_165740_9657979804_600_800.png,27styles_3cols_20211228_165740_9657979804_600_800_mask.png,mapas de
48,5,96,11,293,577,389,588,293,577,389,577,389,588,293,588,sub_line_text,text,text_7,courier,regular,10,27styles_3cols_20211228_165740_9657979804_600_800.png,/scratch/parceirosbr/bigoilict/share/BigOil/document_generator/datasets/documents_2021_12_28/27styles_3cols_20211228_165740_9657979804_600_800.png,27styles_3cols_20211228_165740_9657979804_600_800_mask.png,distribuição das
42,5,84,11,305,594,389,605,305,594,389,594,389,605,305,605,sub_line_text,text,text_7,courier,regular,10,27styles_3cols_20211228_165740_9657979804_600_800.png,/scratch/parceirosbr/bigoilict/share/BigOil/document_generator/datasets/documents_2021_12_28/27styles_3cols_20211228_165740_9657979804_600_800.png,27styles_3cols_20211228_165740_9657979804_600_800_mask.png,concentrações.
54,48,108,96,281,509,389,605,281,509,389,509,389,605,281,605,text,text,text_7,courier,regular,10,27styles_3cols_20211228_165740_9657979804_600_800.png,/scratch/parceirosbr/bigoilict/share/BigOil/document_generator/datasets/documents_2021_12_28/27styles_3cols_20211228_165740_9657979804_600_800.png,27styles_3cols_20211228_165740_9657979804_600_800_mask.png,nan
48,5,96,11,281,622,377,633,281,622,377,622,377,633,281,633,sub_line_text,text,text_8,courier,regular,10,27styles_3cols_20211228_165740_9657979804_600_800.png,/scratch/parceirosbr/bigoilict/share/BigOil/document_generator/datasets/documents_2021_12_28/27styles_3cols_20211228_165740_9657979804_600_800.png,27styles_3cols_20211228_165740_9657979804_600_800_mask.png,"Algo que, para o"
48,5,96,11,281,639,377,650,281,639,377,639,377,650,281,650,sub_line_text,text,text_8,courier,regular,10,27styles_3cols_20211228_165740_9657979804_600_800.png,/scratch/parceirosbr/bigoilict/share/BigOil/document_generator/datasets/documents_2021_12_28/27styles_3cols_20211228_165740_9657979804_600_800.png,27styles_3cols_20211228_165740_9657979804_600_800_mask.png,treinamento dos.
48,14,96,28,281,622,377,650,281,622,377,622,377,650,281,650,text,text,text_8,courier,regular,10,27styles_3cols_20211228_165740_9657979804_600_800.png,/scratch/parceirosbr/bigoilict/share/BigOil/document_generator/datasets/documents_2021_12_28/27styles_3cols_20211228_165740_9657979804_600_800.png,27styles_3cols_20211228_165740_9657979804_600_800_mask.png,nan
51,5,102,11,428,204,530,215,428,204,530,204,530,215,428,215,sub_line_text,text,text_9,courier,regular,10,27styles_3cols_20211228_165740_9657979804_600_800.png,/scratch/parceirosbr/bigoilict/share/BigOil/document_generator/datasets/documents_2021_12_28/27styles_3cols_20211228_165740_9657979804_600_800.png,27styles_3cols_20211228_165740_9657979804_600_800_mask.png,Observa-se que as
30,5,60,11,470,221,530,232,470,221,530,221,530,232,470,232,sub_line_text,text,text_9,courier,regular,10,27styles_3cols_20211228_165740_9657979804_600_800.png,/scratch/parceirosbr/bigoilict/share/BigOil/document_generator/datasets/documents_2021_12_28/27styles_3cols_20211228_165740_9657979804_600_800.png,27styles_3cols_20211228_165740_9657979804_600_800_mask.png,oscilações
54,5,108,11,422,238,530,249,422,238,530,238,530,249,422,249,sub_line_text,text,text_9,courier,regular,10,27styles_3cols_20211228_165740_9657979804_600_800.png,/scratch/parceirosbr/bigoilict/share/BigOil/document_generator/datasets/documents_2021_12_28/27styles_3cols_20211228_165740_9657979804_600_800.png,27styles_3cols_20211228_165740_9657979804_600_800_mask.png,desaparecem quando
54,5,108,11,422,255,530,266,422,255,530,255,530,266,422,266,sub_line_text,text,text_9,courier,regular,10,27styles_3cols_20211228_165740_9657979804_600_800.png,/scratch/parceirosbr/bigoilict/share/BigOil/document_generator/datasets/documents_2021_12_28/27styles_3cols_20211228_165740_9657979804_600_800.png,27styles_3cols_20211228_165740_9657979804_600_800_mask.png,se atinge o estado
57,5,114,11,416,272,530,283,416,272,530,272,530,283,416,283,sub_line_text,text,text_9,courier,regular,10,27styles_3cols_20211228_165740_9657979804_600_800.png,/scratch/parceirosbr/bigoilict/share/BigOil/document_generator/datasets/documents_2021_12_28/27styles_3cols_20211228_165740_9657979804_600_800.png,27styles_3cols_20211228_165740_9657979804_600_800_mask.png,"estacionário, isso."
57,39,114,79,416,204,530,283,416,204,530,204,530,283,416,283,text,text,text_9,courier,regular,10,27styles_3cols_20211228_165740_9657979804_600_800.png,/scratch/parceirosbr/bigoilict/share/BigOil/document_generator/datasets/documents_2021_12_28/27styles_3cols_20211228_165740_9657979804_600_800.png,27styles_3cols_20211228_165740_9657979804_600_800_mask.png,nan
42,5,84,11,434,300,518,311,434,300,518,300,518,311,434,311,sub_line_text,text,text_10,courier,regular,10,27styles_3cols_20211228_165740_9657979804_600_800.png,/scratch/parceirosbr/bigoilict/share/BigOil/document_generator/datasets/documents_2021_12_28/27styles_3cols_20211228_165740_9657979804_600_800.png,27styles_3cols_20211228_165740_9657979804_600_800_mask.png,Verificação de
42,5,84,11,434,317,518,328,434,317,518,317,518,328,434,328,sub_line_text,text,text_10,courier,regular,10,27styles_3cols_20211228_165740_9657979804_600_800.png,/scratch/parceirosbr/bigoilict/share/BigOil/document_generator/datasets/documents_2021_12_28/27styles_3cols_20211228_165740_9657979804_600_800.png,27styles_3cols_20211228_165740_9657979804_600_800_mask.png,certificados e
24,5,48,11,470,334,518,345,470,334,518,334,518,345,470,345,sub_line_text,text,text_10,courier,regular,10,27styles_3cols_20211228_165740_9657979804_600_800.png,/scratch/parceirosbr/bigoilict/share/BigOil/document_generator/datasets/documents_2021_12_28/27styles_3cols_20211228_165740_9657979804_600_800.png,27styles_3cols_20211228_165740_9657979804_600_800_mask.png,ações de
39,5,78,11,440,351,518,362,440,351,518,351,518,362,440,362,sub_line_text,text,text_10,courier,regular,10,27styles_3cols_20211228_165740_9657979804_600_800.png,/scratch/parceirosbr/bigoilict/share/BigOil/document_generator/datasets/documents_2021_12_28/27styles_3cols_20211228_165740_9657979804_600_800.png,27styles_3cols_20211228_165740_9657979804_600_800_mask.png,fiscalizações
42,5,84,11,434,368,518,379,434,368,518,368,518,379,434,379,sub_line_text,text,text_10,courier,regular,10,27styles_3cols_20211228_165740_9657979804_600_800.png,/scratch/parceirosbr/bigoilict/share/BigOil/document_generator/datasets/documents_2021_12_28/27styles_3cols_20211228_165740_9657979804_600_800.png,27styles_3cols_20211228_165740_9657979804_600_800_mask.png,realizadas por
21,5,42,11,476,385,518,396,476,385,518,385,518,396,476,396,sub_line_text,text,text_10,courier,regular,10,27styles_3cols_20211228_165740_9657979804_600_800.png,/scratch/parceirosbr/bigoilict/share/BigOil/document_generator/datasets/documents_2021_12_28/27styles_3cols_20211228_165740_9657979804_600_800.png,27styles_3cols_20211228_165740_9657979804_600_800_mask.png,empresa
51,5,102,11,416,402,518,413,416,402,518,402,518,413,416,413,sub_line_text,text,text_10,courier,regular,10,27styles_3cols_20211228_165740_9657979804_600_800.png,/scratch/parceirosbr/bigoilict/share/BigOil/document_generator/datasets/documents_2021_12_28/27styles_3cols_20211228_165740_9657979804_600_800.png,27styles_3cols_20211228_165740_9657979804_600_800_mask.png,terceirizada.  No
51,5,102,11,416,419,518,430,416,419,518,419,518,430,416,430,sub_line_text,text,text_10,courier,regular,10,27styles_3cols_20211228_165740_9657979804_600_800.png,/scratch/parceirosbr/bigoilict/share/BigOil/document_generator/datasets/documents_2021_12_28/27styles_3cols_20211228_165740_9657979804_600_800.png,27styles_3cols_20211228_165740_9657979804_600_800_mask.png,product band was.
51,65,102,130,416,300,518,430,416,300,518,300,518,430,416,430,text,text,text_10,courier,regular,10,27styles_3cols_20211228_165740_9657979804_600_800.png,/scratch/parceirosbr/bigoilict/share/BigOil/document_generator/datasets/documents_2021_12_28/27styles_3cols_20211228_165740_9657979804_600_800.png,27styles_3cols_20211228_165740_9657979804_600_800_mask.png,nan
48,5,96,11,434,447,530,458,434,447,530,447,530,458,434,458,sub_line_text,text,text_11,courier,regular,10,27styles_3cols_20211228_165740_9657979804_600_800.png,/scratch/parceirosbr/bigoilict/share/BigOil/document_generator/datasets/documents_2021_12_28/27styles_3cols_20211228_165740_9657979804_600_800.png,27styles_3cols_20211228_165740_9657979804_600_800_mask.png,Dooley (1997:70)
45,5,90,11,440,464,530,475,440,464,530,464,530,475,440,475,sub_line_text,text,text_11,courier,regular,10,27styles_3cols_20211228_165740_9657979804_600_800.png,/scratch/parceirosbr/bigoilict/share/BigOil/document_generator/datasets/documents_2021_12_28/27styles_3cols_20211228_165740_9657979804_600_800.png,27styles_3cols_20211228_165740_9657979804_600_800_mask.png,corrobora com a
42,5,84,11,446,481,530,492,446,481,530,481,530,492,446,492,sub_line_text,text,text_11,courier,regular,10,27styles_3cols_20211228_165740_9657979804_600_800.png,/scratch/parceirosbr/bigoilict/share/BigOil/document_generator/datasets/documents_2021_12_28/27styles_3cols_20211228_165740_9657979804_600_800.png,27styles_3cols_20211228_165740_9657979804_600_800_mask.png,"posição de, ao"
42,5,84,11,446,498,530,509,446,498,530,498,530,509,446,509,sub_line_text,text,text_11,courier,regular,10,27styles_3cols_20211228_165740_9657979804_600_800.png,/scratch/parceirosbr/bigoilict/share/BigOil/document_generator/datasets/documents_2021_12_28/27styles_3cols_20211228_165740_9657979804_600_800.png,27styles_3cols_20211228_165740_9657979804_600_800_mask.png,escrever que o
48,5,96,11,434,515,530,526,434,515,530,515,530,526,434,526,sub_line_text,text,text_11,courier,regular,10,27styles_3cols_20211228_165740_9657979804_600_800.png,/scratch/parceirosbr/bigoilict/share/BigOil/document_generator/datasets/documents_2021_12_28/27styles_3cols_20211228_165740_9657979804_600_800.png,27styles_3cols_20211228_165740_9657979804_600_800_mask.png,paradigma de uma
57,5,114,11,416,532,530,543,416,532,530,532,530,543,416,543,sub_line_text,text,text_11,courier,regular,10,27styles_3cols_20211228_165740_9657979804_600_800.png,/scratch/parceirosbr/bigoilict/share/BigOil/document_generator/datasets/documents_2021_12_28/27styles_3cols_20211228_165740_9657979804_600_800.png,27styles_3cols_20211228_165740_9657979804_600_800_mask.png,dada era de teorias
51,5,102,11,428,549,530,560,428,549,530,549,530,560,428,560,sub_line_text,text,text_11,courier,regular,10,27styles_3cols_20211228_165740_9657979804_600_800.png,/scratch/parceirosbr/bigoilict/share/BigOil/document_generator/datasets/documents_2021_12_28/27styles_3cols_20211228_165740_9657979804_600_800.png,27styles_3cols_20211228_165740_9657979804_600_800_mask.png,de gestão imita o
42,5,84,11,446,566,530,577,446,566,530,566,530,577,446,577,sub_line_text,text,text_11,courier,regular,10,27styles_3cols_20211228_165740_9657979804_600_800.png,/scratch/parceirosbr/bigoilict/share/BigOil/document_generator/datasets/documents_2021_12_28/27styles_3cols_20211228_165740_9657979804_600_800.png,27styles_3cols_20211228_165740_9657979804_600_800_mask.png,paradigma das.
57,65,114,130,416,447,530,577,416,447,530,447,530,577,416,577,text,text,text_11,courier,regular,10,27styles_3cols_20211228_165740_9657979804_600_800.png,/scratch/parceirosbr/bigoilict/share/BigOil/document_generator/datasets/documents_2021_12_28/27styles_3cols_20211228_165740_9657979804_600_800.png,27styles_3cols_20211228_165740_9657979804_600_800_mask.png,nan
27,5,54,11,482,594,536,605,482,594,536,594,536,605,482,605,sub_line_text,text,text_12,courier,regular,10,27styles_3cols_20211228_165740_9657979804_600_800.png,/scratch/parceirosbr/bigoilict/share/BigOil/document_generator/datasets/documents_2021_12_28/27styles_3cols_20211228_165740_9657979804_600_800.png,27styles_3cols_20211228_165740_9657979804_600_800_mask.png,"Portanto,"
51,5,102,11,434,611,536,622,434,611,536,611,536,622,434,622,sub_line_text,text,text_12,courier,regular,10,27styles_3cols_20211228_165740_9657979804_600_800.png,/scratch/parceirosbr/bigoilict/share/BigOil/document_generator/datasets/documents_2021_12_28/27styles_3cols_20211228_165740_9657979804_600_800.png,27styles_3cols_20211228_165740_9657979804_600_800_mask.png,representam áreas
60,5,120,11,416,628,536,639,416,628,536,628,536,639,416,639,sub_line_text,text,text_12,courier,regular,10,27styles_3cols_20211228_165740_9657979804_600_800.png,/scratch/parceirosbr/bigoilict/share/BigOil/document_generator/datasets/documents_2021_12_28/27styles_3cols_20211228_165740_9657979804_600_800.png,27styles_3cols_20211228_165740_9657979804_600_800_mask.png,onde a sedimentação.
60,22,120,45,416,594,536,639,416,594,536,594,536,639,416,639,text,text,text_12,courier,regular,10,27styles_3cols_20211228_165740_9657979804_600_800.png,/scratch/parceirosbr/bigoilict/share/BigOil/document_generator/datasets/documents_2021_12_28/27styles_3cols_20211228_165740_9657979804_600_800.png,27styles_3cols_20211228_165740_9657979804_600_800_mask.png,nan
57,5,114,11,416,656,530,667,416,656,530,656,530,667,416,667,sub_line_text,text,text_13,courier,regular,10,27styles_3cols_20211228_165740_9657979804_600_800.png,/scratch/parceirosbr/bigoilict/share/BigOil/document_generator/datasets/documents_2021_12_28/27styles_3cols_20211228_165740_9657979804_600_800.png,27styles_3cols_20211228_165740_9657979804_600_800_mask.png,Entre um extremo e.
57,5,114,11,416,656,530,667,416,656,530,656,530,667,416,667,text,text,text_13,courier,regular,10,27styles_3cols_20211228_165740_9657979804_600_800.png,/scratch/parceirosbr/bigoilict/share/BigOil/document_generator/datasets/documents_2021_12_28/27styles_3cols_20211228_165740_9657979804_600_800.png,27styles_3cols_20211228_165740_9657979804_600_800_mask.png,nan
