center_x,center_y,width,height,xmin,ymin,xmax,ymax,top_left_x,top_left_y,top_right_x,top_right_y,bottom_right_x,bottom_right_y,bottom_left_x,bottom_left_y,label,grouplabel,group,text_font,text_style,size_font,filename,path,filename_mask,content
300,400,600,800,0,0,600,800,0,0,600,0,600,800,0,800,document,,,,,,29schl02_20211228_165823_2572887201_600_800.png,/scratch/parceirosbr/bigoilict/share/BigOil/document_generator/datasets/documents_2021_12_28/29schl02_20211228_165823_2572887201_600_800.png,29schl02_20211228_165823_2572887201_600_800_mask.png,
72,7,145,14,28,37,173,51,28,39,173,37,173,49,28,51,sub_line_text,subtitle,subtitle_0,courier,bold,10,29schl02_20211228_165823_2572887201_600_800.png,/scratch/parceirosbr/bigoilict/share/BigOil/document_generator/datasets/documents_2021_12_28/29schl02_20211228_165823_2572887201_600_800.png,29schl02_20211228_165823_2572887201_600_800_mask.png,"Nevertheless, the Chin-"
12,6,24,12,28,50,52,62,28,50,52,50,52,62,28,62,sub_line_text,subtitle,subtitle_0,courier,bold,10,29schl02_20211228_165823_2572887201_600_800.png,/scratch/parceirosbr/bigoilict/share/BigOil/document_generator/datasets/documents_2021_12_28/29schl02_20211228_165823_2572887201_600_800.png,29schl02_20211228_165823_2572887201_600_800_mask.png,ese
73,12,147,25,28,37,175,62,28,39,175,37,175,60,28,62,title,subtitle,subtitle_1,courier,bold,10,29schl02_20211228_165823_2572887201_600_800.png,/scratch/parceirosbr/bigoilict/share/BigOil/document_generator/datasets/documents_2021_12_28/29schl02_20211228_165823_2572887201_600_800.png,29schl02_20211228_165823_2572887201_600_800_mask.png,
75,53,151,107,28,64,179,171,28,66,178,64,179,169,29,171,list,list,list_1,courier,courier,9,29schl02_20211228_165823_2572887201_600_800.png,/scratch/parceirosbr/bigoilict/share/BigOil/document_generator/datasets/documents_2021_12_28/29schl02_20211228_165823_2572887201_600_800.png,29schl02_20211228_165823_2572887201_600_800_mask.png,
73,6,147,13,28,64,175,77,28,66,174,64,175,75,29,77,sub_line_text,list,list_1,courier,regular,9,29schl02_20211228_165823_2572887201_600_800.png,/scratch/parceirosbr/bigoilict/share/BigOil/document_generator/datasets/documents_2021_12_28/29schl02_20211228_165823_2572887201_600_800.png,29schl02_20211228_165823_2572887201_600_800_mask.png,Agradeço à de pelo supo-
13,5,26,11,49,76,75,87,49,76,75,76,75,87,49,87,sub_line_text,list,list_1,courier,regular,9,29schl02_20211228_165823_2572887201_600_800.png,/scratch/parceirosbr/bigoilict/share/BigOil/document_generator/datasets/documents_2021_12_28/29schl02_20211228_165823_2572887201_600_800.png,29schl02_20211228_165823_2572887201_600_800_mask.png,rte.
58,6,116,13,29,92,145,105,29,94,145,92,145,103,29,105,sub_line_text,list,list_1,courier,regular,9,29schl02_20211228_165823_2572887201_600_800.png,/scratch/parceirosbr/bigoilict/share/BigOil/document_generator/datasets/documents_2021_12_28/29schl02_20211228_165823_2572887201_600_800.png,29schl02_20211228_165823_2572887201_600_800_mask.png,These data showed.
73,6,146,13,29,110,175,123,29,112,175,110,175,121,29,123,sub_line_text,list,list_1,courier,regular,9,29schl02_20211228_165823_2572887201_600_800.png,/scratch/parceirosbr/bigoilict/share/BigOil/document_generator/datasets/documents_2021_12_28/29schl02_20211228_165823_2572887201_600_800.png,29schl02_20211228_165823_2572887201_600_800_mask.png,"De acordo com a 7, a am-"
25,6,51,12,49,121,100,133,49,122,100,121,100,132,49,133,sub_line_text,list,list_1,courier,regular,9,29schl02_20211228_165823_2572887201_600_800.png,/scratch/parceirosbr/bigoilict/share/BigOil/document_generator/datasets/documents_2021_12_28/29schl02_20211228_165823_2572887201_600_800.png,29schl02_20211228_165823_2572887201_600_800_mask.png,ostragem.
73,6,147,13,29,138,176,151,29,140,175,138,176,149,30,151,sub_line_text,list,list_1,courier,regular,9,29schl02_20211228_165823_2572887201_600_800.png,/scratch/parceirosbr/bigoilict/share/BigOil/document_generator/datasets/documents_2021_12_28/29schl02_20211228_165823_2572887201_600_800.png,29schl02_20211228_165823_2572887201_600_800_mask.png,Enzimatic esterificatio-
63,6,126,13,50,148,176,161,50,150,176,148,176,159,50,161,sub_line_text,list,list_1,courier,regular,9,29schl02_20211228_165823_2572887201_600_800.png,/scratch/parceirosbr/bigoilict/share/BigOil/document_generator/datasets/documents_2021_12_28/29schl02_20211228_165823_2572887201_600_800.png,29schl02_20211228_165823_2572887201_600_800_mask.png,n of free fatty acids i-
8,5,16,11,50,160,66,171,50,160,66,160,66,171,50,171,sub_line_text,list,list_1,courier,regular,9,29schl02_20211228_165823_2572887201_600_800.png,/scratch/parceirosbr/bigoilict/share/BigOil/document_generator/datasets/documents_2021_12_28/29schl02_20211228_165823_2572887201_600_800.png,29schl02_20211228_165823_2572887201_600_800_mask.png,n.
9,6,18,12,30,190,48,202,30,190,48,190,48,202,30,202,sub_line_text,subtitle,subtitle_1,courier,bold,10,29schl02_20211228_165823_2572887201_600_800.png,/scratch/parceirosbr/bigoilict/share/BigOil/document_generator/datasets/documents_2021_12_28/29schl02_20211228_165823_2572887201_600_800.png,29schl02_20211228_165823_2572887201_600_800_mask.png,Ou
76,71,152,143,30,206,182,349,30,208,180,206,182,347,32,349,list,list,list_2,courier,courier,10,29schl02_20211228_165823_2572887201_600_800.png,/scratch/parceirosbr/bigoilict/share/BigOil/document_generator/datasets/documents_2021_12_28/29schl02_20211228_165823_2572887201_600_800.png,29schl02_20211228_165823_2572887201_600_800_mask.png,
9,6,18,12,30,190,48,202,30,190,48,190,48,202,30,202,title,subtitle,subtitle_2,courier,bold,10,29schl02_20211228_165823_2572887201_600_800.png,/scratch/parceirosbr/bigoilict/share/BigOil/document_generator/datasets/documents_2021_12_28/29schl02_20211228_165823_2572887201_600_800.png,29schl02_20211228_165823_2572887201_600_800_mask.png,
68,6,137,13,30,206,167,219,30,208,166,206,167,217,31,219,sub_line_text,list,list_2,courier,regular,9,29schl02_20211228_165823_2572887201_600_800.png,/scratch/parceirosbr/bigoilict/share/BigOil/document_generator/datasets/documents_2021_12_28/29schl02_20211228_165823_2572887201_600_800.png,29schl02_20211228_165823_2572887201_600_800_mask.png,And especially to the.
73,6,146,13,31,224,177,237,31,226,177,224,177,235,31,237,sub_line_text,list,list_2,courier,regular,9,29schl02_20211228_165823_2572887201_600_800.png,/scratch/parceirosbr/bigoilict/share/BigOil/document_generator/datasets/documents_2021_12_28/29schl02_20211228_165823_2572887201_600_800.png,29schl02_20211228_165823_2572887201_600_800_mask.png,O dispositivo de expans-
20,6,41,12,51,235,92,247,51,236,92,235,92,246,51,247,sub_line_text,list,list_2,courier,regular,9,29schl02_20211228_165823_2572887201_600_800.png,/scratch/parceirosbr/bigoilict/share/BigOil/document_generator/datasets/documents_2021_12_28/29schl02_20211228_165823_2572887201_600_800.png,29schl02_20211228_165823_2572887201_600_800_mask.png,ão tem.
73,6,146,13,31,252,177,265,31,254,177,252,177,263,31,265,sub_line_text,list,list_2,courier,regular,9,29schl02_20211228_165823_2572887201_600_800.png,/scratch/parceirosbr/bigoilict/share/BigOil/document_generator/datasets/documents_2021_12_28/29schl02_20211228_165823_2572887201_600_800.png,29schl02_20211228_165823_2572887201_600_800_mask.png,A  prevalecer  a segunda
63,6,126,13,51,262,177,275,51,264,177,262,177,273,51,275,sub_line_text,list,list_2,courier,regular,9,29schl02_20211228_165823_2572887201_600_800.png,/scratch/parceirosbr/bigoilict/share/BigOil/document_generator/datasets/documents_2021_12_28/29schl02_20211228_165823_2572887201_600_800.png,29schl02_20211228_165823_2572887201_600_800_mask.png,"vertente, teríamos cria-"
11,5,22,11,51,274,73,285,51,274,72,274,73,285,52,285,sub_line_text,list,list_2,courier,regular,9,29schl02_20211228_165823_2572887201_600_800.png,/scratch/parceirosbr/bigoilict/share/BigOil/document_generator/datasets/documents_2021_12_28/29schl02_20211228_165823_2572887201_600_800.png,29schl02_20211228_165823_2572887201_600_800_mask.png,do.
68,6,136,13,32,290,168,303,32,292,168,290,168,301,32,303,sub_line_text,list,list_2,courier,regular,9,29schl02_20211228_165823_2572887201_600_800.png,/scratch/parceirosbr/bigoilict/share/BigOil/document_generator/datasets/documents_2021_12_28/29schl02_20211228_165823_2572887201_600_800.png,29schl02_20211228_165823_2572887201_600_800_mask.png,A análise da 6 revelou.
73,6,146,13,32,308,178,321,32,310,178,308,178,319,32,321,sub_line_text,list,list_2,courier,regular,9,29schl02_20211228_165823_2572887201_600_800.png,/scratch/parceirosbr/bigoilict/share/BigOil/document_generator/datasets/documents_2021_12_28/29schl02_20211228_165823_2572887201_600_800.png,29schl02_20211228_165823_2572887201_600_800_mask.png,Four fluids were define-
8,5,16,11,52,320,68,331,52,320,68,320,68,331,52,331,sub_line_text,list,list_2,courier,regular,9,29schl02_20211228_165823_2572887201_600_800.png,/scratch/parceirosbr/bigoilict/share/BigOil/document_generator/datasets/documents_2021_12_28/29schl02_20211228_165823_2572887201_600_800.png,29schl02_20211228_165823_2572887201_600_800_mask.png,d.
45,6,91,13,32,336,123,349,32,338,123,336,123,347,33,349,sub_line_text,list,list_2,courier,regular,9,29schl02_20211228_165823_2572887201_600_800.png,/scratch/parceirosbr/bigoilict/share/BigOil/document_generator/datasets/documents_2021_12_28/29schl02_20211228_165823_2572887201_600_800.png,29schl02_20211228_165823_2572887201_600_800_mask.png,mostra que o.
9,6,18,12,196,37,214,49,196,37,214,37,214,49,196,49,sub_line_text,subtitle,subtitle_2,courier,bold,10,29schl02_20211228_165823_2572887201_600_800.png,/scratch/parceirosbr/bigoilict/share/BigOil/document_generator/datasets/documents_2021_12_28/29schl02_20211228_165823_2572887201_600_800.png,29schl02_20211228_165823_2572887201_600_800_mask.png,In
9,6,18,12,196,37,214,49,196,37,214,37,214,49,196,49,title,subtitle,subtitle_3,courier,bold,10,29schl02_20211228_165823_2572887201_600_800.png,/scratch/parceirosbr/bigoilict/share/BigOil/document_generator/datasets/documents_2021_12_28/29schl02_20211228_165823_2572887201_600_800.png,29schl02_20211228_165823_2572887201_600_800_mask.png,
85,7,171,14,196,52,367,66,196,55,367,52,367,63,196,66,sub_line_text,text,text_0,courier,regular,9,29schl02_20211228_165823_2572887201_600_800.png,/scratch/parceirosbr/bigoilict/share/BigOil/document_generator/datasets/documents_2021_12_28/29schl02_20211228_165823_2572887201_600_800.png,29schl02_20211228_165823_2572887201_600_800_mask.png,"The answer seems evident, but ca-"
86,7,172,14,196,62,368,76,196,65,367,62,368,73,197,76,sub_line_text,text,text_0,courier,regular,9,29schl02_20211228_165823_2572887201_600_800.png,/scratch/parceirosbr/bigoilict/share/BigOil/document_generator/datasets/documents_2021_12_28/29schl02_20211228_165823_2572887201_600_800.png,29schl02_20211228_165823_2572887201_600_800_mask.png,"re is needed, since, although th-"
85,7,171,14,197,72,368,86,197,75,368,72,368,83,197,86,sub_line_text,text,text_0,courier,regular,9,29schl02_20211228_165823_2572887201_600_800.png,/scratch/parceirosbr/bigoilict/share/BigOil/document_generator/datasets/documents_2021_12_28/29schl02_20211228_165823_2572887201_600_800.png,29schl02_20211228_165823_2572887201_600_800_mask.png,e legal accommodation of the reg-
85,7,171,14,197,82,368,96,197,85,368,82,368,93,197,96,sub_line_text,text,text_0,courier,regular,9,29schl02_20211228_165823_2572887201_600_800.png,/scratch/parceirosbr/bigoilict/share/BigOil/document_generator/datasets/documents_2021_12_28/29schl02_20211228_165823_2572887201_600_800.png,29schl02_20211228_165823_2572887201_600_800_mask.png,ulatory agencies within the Braz-
85,7,171,14,197,92,368,106,197,95,368,92,368,103,197,106,sub_line_text,text,text_0,courier,regular,9,29schl02_20211228_165823_2572887201_600_800.png,/scratch/parceirosbr/bigoilict/share/BigOil/document_generator/datasets/documents_2021_12_28/29schl02_20211228_165823_2572887201_600_800.png,29schl02_20211228_165823_2572887201_600_800_mask.png,ilian state apparatus has allowe-
85,7,171,14,197,102,368,116,197,105,368,102,368,113,197,116,sub_line_text,text,text_0,courier,regular,9,29schl02_20211228_165823_2572887201_600_800.png,/scratch/parceirosbr/bigoilict/share/BigOil/document_generator/datasets/documents_2021_12_28/29schl02_20211228_165823_2572887201_600_800.png,29schl02_20211228_165823_2572887201_600_800_mask.png,"d, when advancing in the creatio-"
85,7,171,14,197,112,368,126,197,115,368,112,368,123,197,126,sub_line_text,text,text_0,courier,regular,9,29schl02_20211228_165823_2572887201_600_800.png,/scratch/parceirosbr/bigoilict/share/BigOil/document_generator/datasets/documents_2021_12_28/29schl02_20211228_165823_2572887201_600_800.png,29schl02_20211228_165823_2572887201_600_800_mask.png,n of a safe institutional enviro-
85,7,171,14,197,122,368,136,197,125,368,122,368,133,197,136,sub_line_text,text,text_0,courier,regular,9,29schl02_20211228_165823_2572887201_600_800.png,/scratch/parceirosbr/bigoilict/share/BigOil/document_generator/datasets/documents_2021_12_28/29schl02_20211228_165823_2572887201_600_800.png,29schl02_20211228_165823_2572887201_600_800_mask.png,"nment,  forging a good history of"
86,7,172,14,197,132,369,146,197,135,368,132,369,143,198,146,sub_line_text,text,text_0,courier,regular,9,29schl02_20211228_165823_2572887201_600_800.png,/scratch/parceirosbr/bigoilict/share/BigOil/document_generator/datasets/documents_2021_12_28/29schl02_20211228_165823_2572887201_600_800.png,29schl02_20211228_165823_2572887201_600_800_mask.png,"regulatory performance, the mode-"
85,7,171,14,198,142,369,156,198,145,369,142,369,153,198,156,sub_line_text,text,text_0,courier,regular,9,29schl02_20211228_165823_2572887201_600_800.png,/scratch/parceirosbr/bigoilict/share/BigOil/document_generator/datasets/documents_2021_12_28/29schl02_20211228_165823_2572887201_600_800.png,29schl02_20211228_165823_2572887201_600_800_mask.png,l designed for agencies as auton-
85,7,171,14,198,152,369,166,198,155,369,152,369,163,198,166,sub_line_text,text,text_0,courier,regular,9,29schl02_20211228_165823_2572887201_600_800.png,/scratch/parceirosbr/bigoilict/share/BigOil/document_generator/datasets/documents_2021_12_28/29schl02_20211228_165823_2572887201_600_800.png,29schl02_20211228_165823_2572887201_600_800_mask.png,omous entities in relation to th-
86,7,172,14,198,162,370,176,198,165,370,162,370,173,198,176,sub_line_text,text,text_0,courier,regular,9,29schl02_20211228_165823_2572887201_600_800.png,/scratch/parceirosbr/bigoilict/share/BigOil/document_generator/datasets/documents_2021_12_28/29schl02_20211228_165823_2572887201_600_800.png,29schl02_20211228_165823_2572887201_600_800_mask.png,e  central power have been losing
85,7,171,14,198,172,369,186,198,175,369,172,369,183,198,186,sub_line_text,text,text_0,courier,regular,9,29schl02_20211228_165823_2572887201_600_800.png,/scratch/parceirosbr/bigoilict/share/BigOil/document_generator/datasets/documents_2021_12_28/29schl02_20211228_165823_2572887201_600_800.png,29schl02_20211228_165823_2572887201_600_800_mask.png,strength in the face of successi-
85,7,171,14,198,182,369,196,198,185,369,182,369,193,198,196,sub_line_text,text,text_0,courier,regular,9,29schl02_20211228_165823_2572887201_600_800.png,/scratch/parceirosbr/bigoilict/share/BigOil/document_generator/datasets/documents_2021_12_28/29schl02_20211228_165823_2572887201_600_800.png,29schl02_20211228_165823_2572887201_600_800_mask.png,ve attempts to dilute their comp-
85,7,171,14,198,192,369,206,198,195,369,192,369,203,198,206,sub_line_text,text,text_0,courier,regular,9,29schl02_20211228_165823_2572887201_600_800.png,/scratch/parceirosbr/bigoilict/share/BigOil/document_generator/datasets/documents_2021_12_28/29schl02_20211228_165823_2572887201_600_800.png,29schl02_20211228_165823_2572887201_600_800_mask.png,etences. 2.2 regulatory and econ-
86,7,172,14,198,202,370,216,198,205,369,202,370,213,199,216,sub_line_text,text,text_0,courier,regular,9,29schl02_20211228_165823_2572887201_600_800.png,/scratch/parceirosbr/bigoilict/share/BigOil/document_generator/datasets/documents_2021_12_28/29schl02_20211228_165823_2572887201_600_800.png,29schl02_20211228_165823_2572887201_600_800_mask.png,omic impact analysis.M1543 / 200-
85,7,171,14,199,212,370,226,199,215,370,212,370,223,199,226,sub_line_text,text,text_0,courier,regular,9,29schl02_20211228_165823_2572887201_600_800.png,/scratch/parceirosbr/bigoilict/share/BigOil/document_generator/datasets/documents_2021_12_28/29schl02_20211228_165823_2572887201_600_800.png,29schl02_20211228_165823_2572887201_600_800_mask.png,9  9612  40 visc * Sample without
86,7,172,14,199,222,371,236,199,225,371,222,371,233,199,236,sub_line_text,text,text_0,courier,regular,9,29schl02_20211228_165823_2572887201_600_800.png,/scratch/parceirosbr/bigoilict/share/BigOil/document_generator/datasets/documents_2021_12_28/29schl02_20211228_165823_2572887201_600_800.png,29schl02_20211228_165823_2572887201_600_800_mask.png,additives  ** Quality assessed by
85,7,171,14,199,232,370,246,199,235,370,232,370,243,199,246,sub_line_text,text,text_0,courier,regular,9,29schl02_20211228_165823_2572887201_600_800.png,/scratch/parceirosbr/bigoilict/share/BigOil/document_generator/datasets/documents_2021_12_28/29schl02_20211228_165823_2572887201_600_800.png,29schl02_20211228_165823_2572887201_600_800_mask.png,comparison with the technical sp-
85,7,171,14,199,242,370,256,199,245,370,242,370,253,199,256,sub_line_text,text,text_0,courier,regular,9,29schl02_20211228_165823_2572887201_600_800.png,/scratch/parceirosbr/bigoilict/share/BigOil/document_generator/datasets/documents_2021_12_28/29schl02_20211228_165823_2572887201_600_800.png,29schl02_20211228_165823_2572887201_600_800_mask.png,ecifications report of the respe-
86,7,172,14,199,252,371,266,199,255,371,252,371,263,199,266,sub_line_text,text,text_0,courier,regular,9,29schl02_20211228_165823_2572887201_600_800.png,/scratch/parceirosbr/bigoilict/share/BigOil/document_generator/datasets/documents_2021_12_28/29schl02_20211228_165823_2572887201_600_800.png,29schl02_20211228_165823_2572887201_600_800_mask.png,ctive  product  registration 17.A
85,7,171,14,199,262,370,276,199,265,370,262,370,273,199,276,sub_line_text,text,text_0,courier,regular,9,29schl02_20211228_165823_2572887201_600_800.png,/scratch/parceirosbr/bigoilict/share/BigOil/document_generator/datasets/documents_2021_12_28/29schl02_20211228_165823_2572887201_600_800.png,29schl02_20211228_165823_2572887201_600_800_mask.png,viviparidade é a proteção dos em-
86,7,172,14,199,272,371,286,199,275,370,272,371,283,200,286,sub_line_text,text,text_0,courier,regular,9,29schl02_20211228_165823_2572887201_600_800.png,/scratch/parceirosbr/bigoilict/share/BigOil/document_generator/datasets/documents_2021_12_28/29schl02_20211228_165823_2572887201_600_800.png,29schl02_20211228_165823_2572887201_600_800_mask.png,"briões contra o meio salino, apr-"
85,7,171,14,200,282,371,296,200,285,371,282,371,293,200,296,sub_line_text,text,text_0,courier,regular,9,29schl02_20211228_165823_2572887201_600_800.png,/scratch/parceirosbr/bigoilict/share/BigOil/document_generator/datasets/documents_2021_12_28/29schl02_20211228_165823_2572887201_600_800.png,29schl02_20211228_165823_2572887201_600_800_mask.png,esentando o zigoto um desenvolvi-
85,7,171,14,200,292,371,306,200,295,371,292,371,303,200,306,sub_line_text,text,text_0,courier,regular,9,29schl02_20211228_165823_2572887201_600_800.png,/scratch/parceirosbr/bigoilict/share/BigOil/document_generator/datasets/documents_2021_12_28/29schl02_20211228_165823_2572887201_600_800.png,29schl02_20211228_165823_2572887201_600_800_mask.png,mento contínuo até formar um nov-
85,7,171,14,200,302,371,316,200,305,371,302,371,313,200,316,sub_line_text,text,text_0,courier,regular,9,29schl02_20211228_165823_2572887201_600_800.png,/scratch/parceirosbr/bigoilict/share/BigOil/document_generator/datasets/documents_2021_12_28/29schl02_20211228_165823_2572887201_600_800.png,29schl02_20211228_165823_2572887201_600_800_mask.png,o  rebento antes de desprender-se
85,7,171,14,200,312,371,326,200,315,371,312,371,323,200,326,sub_line_text,text,text_0,courier,regular,9,29schl02_20211228_165823_2572887201_600_800.png,/scratch/parceirosbr/bigoilict/share/BigOil/document_generator/datasets/documents_2021_12_28/29schl02_20211228_165823_2572887201_600_800.png,29schl02_20211228_165823_2572887201_600_800_mask.png,da planta-mãe.De acordo com 1996-
28,6,56,12,200,323,256,335,200,324,256,323,256,334,200,335,sub_line_text,text,text_0,courier,regular,9,29schl02_20211228_165823_2572887201_600_800.png,/scratch/parceirosbr/bigoilict/share/BigOil/document_generator/datasets/documents_2021_12_28/29schl02_20211228_165823_2572887201_600_800.png,29schl02_20211228_165823_2572887201_600_800_mask.png,"), o modo."
89,142,179,284,194,52,373,336,194,55,369,52,373,333,198,336,text,text,text_1,courier,regular,9,29schl02_20211228_165823_2572887201_600_800.png,/scratch/parceirosbr/bigoilict/share/BigOil/document_generator/datasets/documents_2021_12_28/29schl02_20211228_165823_2572887201_600_800.png,29schl02_20211228_165823_2572887201_600_800_mask.png,
24,6,49,13,392,33,441,46,392,34,441,33,441,45,392,46,sub_line_text,subtitle,subtitle_3,courier,bold,10,29schl02_20211228_165823_2572887201_600_800.png,/scratch/parceirosbr/bigoilict/share/BigOil/document_generator/datasets/documents_2021_12_28/29schl02_20211228_165823_2572887201_600_800.png,29schl02_20211228_165823_2572887201_600_800_mask.png,Mohriak
24,6,49,13,392,33,441,46,392,34,441,33,441,45,392,46,title,subtitle,subtitle_4,courier,bold,10,29schl02_20211228_165823_2572887201_600_800.png,/scratch/parceirosbr/bigoilict/share/BigOil/document_generator/datasets/documents_2021_12_28/29schl02_20211228_165823_2572887201_600_800.png,29schl02_20211228_165823_2572887201_600_800_mask.png,
85,6,171,13,392,49,563,62,392,51,563,49,563,60,392,62,sub_line_text,text,text_1,courier,regular,9,29schl02_20211228_165823_2572887201_600_800.png,/scratch/parceirosbr/bigoilict/share/BigOil/document_generator/datasets/documents_2021_12_28/29schl02_20211228_165823_2572887201_600_800.png,29schl02_20211228_165823_2572887201_600_800_mask.png,A  análise da evolução dos preços
85,6,171,13,392,59,563,72,392,61,563,59,563,70,393,72,sub_line_text,text,text_1,courier,regular,9,29schl02_20211228_165823_2572887201_600_800.png,/scratch/parceirosbr/bigoilict/share/BigOil/document_generator/datasets/documents_2021_12_28/29schl02_20211228_165823_2572887201_600_800.png,29schl02_20211228_165823_2572887201_600_800_mask.png,médios  nacionais de cada tipo de
85,6,171,13,393,69,564,82,393,71,563,69,564,80,393,82,sub_line_text,text,text_1,courier,regular,9,29schl02_20211228_165823_2572887201_600_800.png,/scratch/parceirosbr/bigoilict/share/BigOil/document_generator/datasets/documents_2021_12_28/29schl02_20211228_165823_2572887201_600_800.png,29schl02_20211228_165823_2572887201_600_800_mask.png,diesel  mostra  que o preço médio
85,6,171,13,393,79,564,92,393,81,564,79,564,90,393,92,sub_line_text,text,text_1,courier,regular,9,29schl02_20211228_165823_2572887201_600_800.png,/scratch/parceirosbr/bigoilict/share/BigOil/document_generator/datasets/documents_2021_12_28/29schl02_20211228_165823_2572887201_600_800.png,29schl02_20211228_165823_2572887201_600_800_mask.png,"do  diesel  em 2013, foi cerca de"
85,6,171,13,393,89,564,102,393,91,564,89,564,100,393,102,sub_line_text,text,text_1,courier,regular,9,29schl02_20211228_165823_2572887201_600_800.png,/scratch/parceirosbr/bigoilict/share/BigOil/document_generator/datasets/documents_2021_12_28/29schl02_20211228_165823_2572887201_600_800.png,29schl02_20211228_165823_2572887201_600_800_mask.png,8% mais elevado que o preço médi-
85,6,171,13,393,99,564,112,393,101,564,99,564,110,393,112,sub_line_text,text,text_1,courier,regular,9,29schl02_20211228_165823_2572887201_600_800.png,/scratch/parceirosbr/bigoilict/share/BigOil/document_generator/datasets/documents_2021_12_28/29schl02_20211228_165823_2572887201_600_800.png,29schl02_20211228_165823_2572887201_600_800_mask.png,"o  do  diesel verificado em 2012,"
85,6,171,13,393,109,564,122,393,111,564,109,564,120,393,122,sub_line_text,text,text_1,courier,regular,9,29schl02_20211228_165823_2572887201_600_800.png,/scratch/parceirosbr/bigoilict/share/BigOil/document_generator/datasets/documents_2021_12_28/29schl02_20211228_165823_2572887201_600_800.png,29schl02_20211228_165823_2572887201_600_800_mask.png,nas etapas de revenda e distribu-
85,6,171,13,393,119,564,132,393,121,564,119,564,130,393,132,sub_line_text,text,text_1,courier,regular,9,29schl02_20211228_165823_2572887201_600_800.png,/scratch/parceirosbr/bigoilict/share/BigOil/document_generator/datasets/documents_2021_12_28/29schl02_20211228_165823_2572887201_600_800.png,29schl02_20211228_165823_2572887201_600_800_mask.png,"ição, e cerca de 15% maior na et-"
86,6,172,13,393,129,565,142,393,131,564,129,565,140,394,142,sub_line_text,text,text_1,courier,regular,9,29schl02_20211228_165823_2572887201_600_800.png,/scratch/parceirosbr/bigoilict/share/BigOil/document_generator/datasets/documents_2021_12_28/29schl02_20211228_165823_2572887201_600_800.png,29schl02_20211228_165823_2572887201_600_800_mask.png,apa  de produção.This decrease in
85,6,171,13,394,139,565,152,394,141,565,139,565,150,394,152,sub_line_text,text,text_1,courier,regular,9,29schl02_20211228_165823_2572887201_600_800.png,/scratch/parceirosbr/bigoilict/share/BigOil/document_generator/datasets/documents_2021_12_28/29schl02_20211228_165823_2572887201_600_800.png,29schl02_20211228_165823_2572887201_600_800_mask.png,speed is caused by increased fue-
85,6,171,13,394,149,565,162,394,151,565,149,565,160,394,162,sub_line_text,text,text_1,courier,regular,9,29schl02_20211228_165823_2572887201_600_800.png,/scratch/parceirosbr/bigoilict/share/BigOil/document_generator/datasets/documents_2021_12_28/29schl02_20211228_165823_2572887201_600_800.png,29schl02_20211228_165823_2572887201_600_800_mask.png,l consumption.The profiles showe-
85,6,171,13,394,159,565,172,394,161,565,159,565,170,394,172,sub_line_text,text,text_1,courier,regular,9,29schl02_20211228_165823_2572887201_600_800.png,/scratch/parceirosbr/bigoilict/share/BigOil/document_generator/datasets/documents_2021_12_28/29schl02_20211228_165823_2572887201_600_800.png,29schl02_20211228_165823_2572887201_600_800_mask.png,d characteristics of the reactio-
85,6,171,13,394,169,565,182,394,171,565,169,565,180,394,182,sub_line_text,text,text_1,courier,regular,9,29schl02_20211228_165823_2572887201_600_800.png,/scratch/parceirosbr/bigoilict/share/BigOil/document_generator/datasets/documents_2021_12_28/29schl02_20211228_165823_2572887201_600_800.png,29schl02_20211228_165823_2572887201_600_800_mask.png,n steps involved in the process.-
85,6,171,13,394,179,565,192,394,181,565,179,565,190,394,192,sub_line_text,text,text_1,courier,regular,9,29schl02_20211228_165823_2572887201_600_800.png,/scratch/parceirosbr/bigoilict/share/BigOil/document_generator/datasets/documents_2021_12_28/29schl02_20211228_165823_2572887201_600_800.png,29schl02_20211228_165823_2572887201_600_800_mask.png,Os ensaios de adsorção foram rea-
85,6,171,13,394,189,565,202,394,191,565,189,565,200,394,202,sub_line_text,text,text_1,courier,regular,9,29schl02_20211228_165823_2572887201_600_800.png,/scratch/parceirosbr/bigoilict/share/BigOil/document_generator/datasets/documents_2021_12_28/29schl02_20211228_165823_2572887201_600_800.png,29schl02_20211228_165823_2572887201_600_800_mask.png,lizados com o intuito de determi-
86,6,172,13,394,199,566,212,394,201,565,199,566,210,395,212,sub_line_text,text,text_1,courier,regular,9,29schl02_20211228_165823_2572887201_600_800.png,/scratch/parceirosbr/bigoilict/share/BigOil/document_generator/datasets/documents_2021_12_28/29schl02_20211228_165823_2572887201_600_800.png,29schl02_20211228_165823_2572887201_600_800_mask.png,nar a possível adsorção do aditi-
85,6,171,13,395,209,566,222,395,211,566,209,566,220,395,222,sub_line_text,text,text_1,courier,regular,9,29schl02_20211228_165823_2572887201_600_800.png,/scratch/parceirosbr/bigoilict/share/BigOil/document_generator/datasets/documents_2021_12_28/29schl02_20211228_165823_2572887201_600_800.png,29schl02_20211228_165823_2572887201_600_800_mask.png,vo (poliacrilamida) na rocha (ar-
85,6,171,13,395,219,566,232,395,221,566,219,566,230,395,232,sub_line_text,text,text_1,courier,regular,9,29schl02_20211228_165823_2572887201_600_800.png,/scratch/parceirosbr/bigoilict/share/BigOil/document_generator/datasets/documents_2021_12_28/29schl02_20211228_165823_2572887201_600_800.png,29schl02_20211228_165823_2572887201_600_800_mask.png,"enito), pois uma adsorção de pol-"
85,6,171,13,395,229,566,242,395,231,566,229,566,240,395,242,sub_line_text,text,text_1,courier,regular,9,29schl02_20211228_165823_2572887201_600_800.png,/scratch/parceirosbr/bigoilict/share/BigOil/document_generator/datasets/documents_2021_12_28/29schl02_20211228_165823_2572887201_600_800.png,29schl02_20211228_165823_2572887201_600_800_mask.png,ímero  em  grande quantidade pode
85,6,171,13,395,239,566,252,395,241,566,239,566,250,395,252,sub_line_text,text,text_1,courier,regular,9,29schl02_20211228_165823_2572887201_600_800.png,/scratch/parceirosbr/bigoilict/share/BigOil/document_generator/datasets/documents_2021_12_28/29schl02_20211228_165823_2572887201_600_800.png,29schl02_20211228_165823_2572887201_600_800_mask.png,tamponar a rocha reservatório.Ad-
85,6,171,13,395,249,566,262,395,251,566,249,566,260,395,262,sub_line_text,text,text_1,courier,regular,9,29schl02_20211228_165823_2572887201_600_800.png,/scratch/parceirosbr/bigoilict/share/BigOil/document_generator/datasets/documents_2021_12_28/29schl02_20211228_165823_2572887201_600_800.png,29schl02_20211228_165823_2572887201_600_800_mask.png,"icionalmente, foram utilizadas d-"
85,6,171,13,395,259,566,272,395,261,566,259,566,270,395,272,sub_line_text,text,text_1,courier,regular,9,29schl02_20211228_165823_2572887201_600_800.png,/scratch/parceirosbr/bigoilict/share/BigOil/document_generator/datasets/documents_2021_12_28/29schl02_20211228_165823_2572887201_600_800.png,29schl02_20211228_165823_2572887201_600_800_mask.png,escrições litofaciológicas de ba-
86,6,172,13,395,269,567,282,395,271,566,269,567,280,396,282,sub_line_text,text,text_1,courier,regular,9,29schl02_20211228_165823_2572887201_600_800.png,/scratch/parceirosbr/bigoilict/share/BigOil/document_generator/datasets/documents_2021_12_28/29schl02_20211228_165823_2572887201_600_800.png,29schl02_20211228_165823_2572887201_600_800_mask.png,seadas em análises de testemunho-
85,6,171,13,396,279,567,292,396,281,567,279,567,290,396,292,sub_line_text,text,text_1,courier,regular,9,29schl02_20211228_165823_2572887201_600_800.png,/scratch/parceirosbr/bigoilict/share/BigOil/document_generator/datasets/documents_2021_12_28/29schl02_20211228_165823_2572887201_600_800.png,29schl02_20211228_165823_2572887201_600_800_mask.png,s da região de resultados de per-
85,6,171,13,396,289,567,302,396,291,567,289,567,300,396,302,sub_line_text,text,text_1,courier,regular,9,29schl02_20211228_165823_2572887201_600_800.png,/scratch/parceirosbr/bigoilict/share/BigOil/document_generator/datasets/documents_2021_12_28/29schl02_20211228_165823_2572887201_600_800.png,29schl02_20211228_165823_2572887201_600_800_mask.png,furações  feitas pela (Unidade de
86,6,172,13,396,299,568,312,396,301,568,299,568,310,396,312,sub_line_text,text,text_1,courier,regular,9,29schl02_20211228_165823_2572887201_600_800.png,/scratch/parceirosbr/bigoilict/share/BigOil/document_generator/datasets/documents_2021_12_28/29schl02_20211228_165823_2572887201_600_800.png,29schl02_20211228_165823_2572887201_600_800_mask.png,do  pertencente à em convênio com
85,6,171,13,396,309,567,322,396,311,567,309,567,320,396,322,sub_line_text,text,text_1,courier,regular,9,29schl02_20211228_165823_2572887201_600_800.png,/scratch/parceirosbr/bigoilict/share/BigOil/document_generator/datasets/documents_2021_12_28/29schl02_20211228_165823_2572887201_600_800.png,29schl02_20211228_165823_2572887201_600_800_mask.png,a (Geologia e.As técnicas incluí-
85,6,171,13,396,319,567,332,396,321,567,319,567,330,396,332,sub_line_text,text,text_1,courier,regular,9,29schl02_20211228_165823_2572887201_600_800.png,/scratch/parceirosbr/bigoilict/share/BigOil/document_generator/datasets/documents_2021_12_28/29schl02_20211228_165823_2572887201_600_800.png,29schl02_20211228_165823_2572887201_600_800_mask.png,ram aumento da relação sinal-ruí-
85,6,171,13,396,329,567,342,396,331,567,329,567,340,396,342,sub_line_text,text,text_1,courier,regular,9,29schl02_20211228_165823_2572887201_600_800.png,/scratch/parceirosbr/bigoilict/share/BigOil/document_generator/datasets/documents_2021_12_28/29schl02_20211228_165823_2572887201_600_800.png,29schl02_20211228_165823_2572887201_600_800_mask.png,"do, remoção dos sinais de interf-"
53,6,107,13,396,339,503,352,396,341,502,339,503,350,397,352,sub_line_text,text,text_1,courier,regular,9,29schl02_20211228_165823_2572887201_600_800.png,/scratch/parceirosbr/bigoilict/share/BigOil/document_generator/datasets/documents_2021_12_28/29schl02_20211228_165823_2572887201_600_800.png,29schl02_20211228_165823_2572887201_600_800_mask.png,"erência, difrações,."
89,151,179,303,390,49,569,352,390,51,565,49,569,350,394,352,text,text,text_2,courier,regular,9,29schl02_20211228_165823_2572887201_600_800.png,/scratch/parceirosbr/bigoilict/share/BigOil/document_generator/datasets/documents_2021_12_28/29schl02_20211228_165823_2572887201_600_800.png,29schl02_20211228_165823_2572887201_600_800_mask.png,
185,8,371,16,201,366,572,382,201,371,572,366,572,377,201,382,sub_line_text,table_legend,table_0,courier,regular,9,29schl02_20211228_165823_2572887201_600_800.png,/scratch/parceirosbr/bigoilict/share/BigOil/document_generator/datasets/documents_2021_12_28/29schl02_20211228_165823_2572887201_600_800.png,29schl02_20211228_165823_2572887201_600_800_mask.png,"Todos  os  resultados encontram-se na faixa de 1,7 a 2,0. considerar que,"
185,8,371,16,201,376,572,392,201,381,572,376,572,387,201,392,sub_line_text,table_legend,table_0,courier,regular,9,29schl02_20211228_165823_2572887201_600_800.png,/scratch/parceirosbr/bigoilict/share/BigOil/document_generator/datasets/documents_2021_12_28/29schl02_20211228_165823_2572887201_600_800.png,29schl02_20211228_165823_2572887201_600_800_mask.png,"em comparação com materiais comerciais (Tabela 4.1), os filmes destes co-"
185,8,371,16,201,386,572,402,201,391,572,386,572,397,201,402,sub_line_text,table_legend,table_0,courier,regular,9,29schl02_20211228_165823_2572887201_600_800.png,/scratch/parceirosbr/bigoilict/share/BigOil/document_generator/datasets/documents_2021_12_28/29schl02_20211228_165823_2572887201_600_800.png,29schl02_20211228_165823_2572887201_600_800_mask.png,mpostos apresentaram índice de refração médio elevado.sériestemáticas an-
185,8,371,16,201,396,572,412,201,401,572,396,572,407,201,412,sub_line_text,table_legend,table_0,courier,regular,9,29schl02_20211228_165823_2572887201_600_800.png,/scratch/parceirosbr/bigoilict/share/BigOil/document_generator/datasets/documents_2021_12_28/29schl02_20211228_165823_2572887201_600_800.png,29schl02_20211228_165823_2572887201_600_800_mask.png,"pno  6fluxos logísticos de produção, transporte e armazenagem de gasolina"
33,6,67,12,201,408,268,420,201,409,267,408,268,419,202,420,sub_line_text,table_legend,table_0,courier,regular,9,29schl02_20211228_165823_2572887201_600_800.png,/scratch/parceirosbr/bigoilict/share/BigOil/document_generator/datasets/documents_2021_12_28/29schl02_20211228_165823_2572887201_600_800.png,29schl02_20211228_165823_2572887201_600_800_mask.png,a e de óleo.
185,28,371,56,201,366,572,422,201,371,572,366,572,417,201,422,text,table_legend,table_1,courier,regular,9,29schl02_20211228_165823_2572887201_600_800.png,/scratch/parceirosbr/bigoilict/share/BigOil/document_generator/datasets/documents_2021_12_28/29schl02_20211228_165823_2572887201_600_800.png,29schl02_20211228_165823_2572887201_600_800_mask.png,
145,139,291,278,242,477,533,755,242,481,530,477,533,751,246,755,table,table_image,table_1,,,,29schl02_20211228_165823_2572887201_600_800.png,/scratch/parceirosbr/bigoilict/share/BigOil/document_generator/datasets/documents_2021_12_28/29schl02_20211228_165823_2572887201_600_800.png,29schl02_20211228_165823_2572887201_600_800_mask.png,output/gen_tab_20211228_165827_4936990362.png
15,7,31,14,495,480,526,494,495,481,525,480,526,493,496,494,text,table_text,table_1,opensans,italic,9.0,29schl02_20211228_165823_2572887201_600_800.png,/scratch/parceirosbr/bigoilict/share/BigOil/document_generator/datasets/documents_2021_12_28/29schl02_20211228_165823_2572887201_600_800.png,29schl02_20211228_165823_2572887201_600_800_mask.png,grande
15,7,31,14,495,480,526,494,495,481,525,480,526,493,496,494,sub_line_text,table_text,table_1,opensans,italic,9.0,29schl02_20211228_165823_2572887201_600_800.png,/scratch/parceirosbr/bigoilict/share/BigOil/document_generator/datasets/documents_2021_12_28/29schl02_20211228_165823_2572887201_600_800.png,29schl02_20211228_165823_2572887201_600_800_mask.png,grande
20,7,41,14,485,493,526,507,485,494,526,493,526,506,485,507,text,table_text,table_1,opensans,italic,9.0,29schl02_20211228_165823_2572887201_600_800.png,/scratch/parceirosbr/bigoilict/share/BigOil/document_generator/datasets/documents_2021_12_28/29schl02_20211228_165823_2572887201_600_800.png,29schl02_20211228_165823_2572887201_600_800_mask.png,floculadas
20,7,41,14,485,493,526,507,485,494,526,493,526,506,485,507,sub_line_text,table_text,table_1,opensans,italic,9.0,29schl02_20211228_165823_2572887201_600_800.png,/scratch/parceirosbr/bigoilict/share/BigOil/document_generator/datasets/documents_2021_12_28/29schl02_20211228_165823_2572887201_600_800.png,29schl02_20211228_165823_2572887201_600_800_mask.png,floculadas
21,7,43,14,266,518,309,532,266,519,309,518,309,531,266,532,text,table_text,table_1,opensans,bold,9.0,29schl02_20211228_165823_2572887201_600_800.png,/scratch/parceirosbr/bigoilict/share/BigOil/document_generator/datasets/documents_2021_12_28/29schl02_20211228_165823_2572887201_600_800.png,29schl02_20211228_165823_2572887201_600_800_mask.png,discutido
21,7,43,14,266,518,309,532,266,519,309,518,309,531,266,532,sub_line_text,table_text,table_1,opensans,bold,9.0,29schl02_20211228_165823_2572887201_600_800.png,/scratch/parceirosbr/bigoilict/share/BigOil/document_generator/datasets/documents_2021_12_28/29schl02_20211228_165823_2572887201_600_800.png,29schl02_20211228_165823_2572887201_600_800_mask.png,discutido
10,7,20,14,277,533,297,547,277,534,297,533,297,546,277,547,text,table_text,table_1,opensans,bold,9.0,29schl02_20211228_165823_2572887201_600_800.png,/scratch/parceirosbr/bigoilict/share/BigOil/document_generator/datasets/documents_2021_12_28/29schl02_20211228_165823_2572887201_600_800.png,29schl02_20211228_165823_2572887201_600_800_mask.png,para
10,7,20,14,277,533,297,547,277,534,297,533,297,546,277,547,sub_line_text,table_text,table_1,opensans,bold,9.0,29schl02_20211228_165823_2572887201_600_800.png,/scratch/parceirosbr/bigoilict/share/BigOil/document_generator/datasets/documents_2021_12_28/29schl02_20211228_165823_2572887201_600_800.png,29schl02_20211228_165823_2572887201_600_800_mask.png,para
26,7,53,14,261,548,314,562,261,549,313,548,314,561,262,562,text,table_text,table_1,opensans,bold,9.0,29schl02_20211228_165823_2572887201_600_800.png,/scratch/parceirosbr/bigoilict/share/BigOil/document_generator/datasets/documents_2021_12_28/29schl02_20211228_165823_2572887201_600_800.png,29schl02_20211228_165823_2572887201_600_800_mask.png,deslocando
26,7,53,14,261,548,314,562,261,549,313,548,314,561,262,562,sub_line_text,table_text,table_1,opensans,bold,9.0,29schl02_20211228_165823_2572887201_600_800.png,/scratch/parceirosbr/bigoilict/share/BigOil/document_generator/datasets/documents_2021_12_28/29schl02_20211228_165823_2572887201_600_800.png,29schl02_20211228_165823_2572887201_600_800_mask.png,deslocando
19,7,39,14,269,563,308,577,269,564,308,563,308,576,269,577,text,table_text,table_1,opensans,bold,9.0,29schl02_20211228_165823_2572887201_600_800.png,/scratch/parceirosbr/bigoilict/share/BigOil/document_generator/datasets/documents_2021_12_28/29schl02_20211228_165823_2572887201_600_800.png,29schl02_20211228_165823_2572887201_600_800_mask.png,hidratos
19,7,39,14,269,563,308,577,269,564,308,563,308,576,269,577,sub_line_text,table_text,table_1,opensans,bold,9.0,29schl02_20211228_165823_2572887201_600_800.png,/scratch/parceirosbr/bigoilict/share/BigOil/document_generator/datasets/documents_2021_12_28/29schl02_20211228_165823_2572887201_600_800.png,29schl02_20211228_165823_2572887201_600_800_mask.png,hidratos
13,7,26,14,275,578,301,592,275,579,301,578,301,591,275,592,text,table_text,table_1,opensans,bold,9.0,29schl02_20211228_165823_2572887201_600_800.png,/scratch/parceirosbr/bigoilict/share/BigOil/document_generator/datasets/documents_2021_12_28/29schl02_20211228_165823_2572887201_600_800.png,29schl02_20211228_165823_2572887201_600_800_mask.png,óxido
13,7,26,14,275,578,301,592,275,579,301,578,301,591,275,592,sub_line_text,table_text,table_1,opensans,bold,9.0,29schl02_20211228_165823_2572887201_600_800.png,/scratch/parceirosbr/bigoilict/share/BigOil/document_generator/datasets/documents_2021_12_28/29schl02_20211228_165823_2572887201_600_800.png,29schl02_20211228_165823_2572887201_600_800_mask.png,óxido
18,7,37,14,269,593,306,607,269,594,306,593,306,606,269,607,text,table_text,table_1,opensans,bold,9.0,29schl02_20211228_165823_2572887201_600_800.png,/scratch/parceirosbr/bigoilict/share/BigOil/document_generator/datasets/documents_2021_12_28/29schl02_20211228_165823_2572887201_600_800.png,29schl02_20211228_165823_2572887201_600_800_mask.png,gasolina
18,7,37,14,269,593,306,607,269,594,306,593,306,606,269,607,sub_line_text,table_text,table_1,opensans,bold,9.0,29schl02_20211228_165823_2572887201_600_800.png,/scratch/parceirosbr/bigoilict/share/BigOil/document_generator/datasets/documents_2021_12_28/29schl02_20211228_165823_2572887201_600_800.png,29schl02_20211228_165823_2572887201_600_800_mask.png,gasolina
28,7,56,14,260,608,316,622,260,609,316,608,316,621,260,622,text,table_text,table_1,opensans,bold,9.0,29schl02_20211228_165823_2572887201_600_800.png,/scratch/parceirosbr/bigoilict/share/BigOil/document_generator/datasets/documents_2021_12_28/29schl02_20211228_165823_2572887201_600_800.png,29schl02_20211228_165823_2572887201_600_800_mask.png,investidores
28,7,56,14,260,608,316,622,260,609,316,608,316,621,260,622,sub_line_text,table_text,table_1,opensans,bold,9.0,29schl02_20211228_165823_2572887201_600_800.png,/scratch/parceirosbr/bigoilict/share/BigOil/document_generator/datasets/documents_2021_12_28/29schl02_20211228_165823_2572887201_600_800.png,29schl02_20211228_165823_2572887201_600_800_mask.png,investidores
12,7,25,14,276,623,301,637,276,624,301,623,301,636,276,637,text,table_text,table_1,opensans,bold,9.0,29schl02_20211228_165823_2572887201_600_800.png,/scratch/parceirosbr/bigoilict/share/BigOil/document_generator/datasets/documents_2021_12_28/29schl02_20211228_165823_2572887201_600_800.png,29schl02_20211228_165823_2572887201_600_800_mask.png,balão
12,7,25,14,276,623,301,637,276,624,301,623,301,636,276,637,sub_line_text,table_text,table_1,opensans,bold,9.0,29schl02_20211228_165823_2572887201_600_800.png,/scratch/parceirosbr/bigoilict/share/BigOil/document_generator/datasets/documents_2021_12_28/29schl02_20211228_165823_2572887201_600_800.png,29schl02_20211228_165823_2572887201_600_800_mask.png,balão
12,7,24,14,277,638,301,652,277,639,301,638,301,651,277,652,text,table_text,table_1,opensans,bold,9.0,29schl02_20211228_165823_2572887201_600_800.png,/scratch/parceirosbr/bigoilict/share/BigOil/document_generator/datasets/documents_2021_12_28/29schl02_20211228_165823_2572887201_600_800.png,29schl02_20211228_165823_2572887201_600_800_mask.png,físico
12,7,24,14,277,638,301,652,277,639,301,638,301,651,277,652,sub_line_text,table_text,table_1,opensans,bold,9.0,29schl02_20211228_165823_2572887201_600_800.png,/scratch/parceirosbr/bigoilict/share/BigOil/document_generator/datasets/documents_2021_12_28/29schl02_20211228_165823_2572887201_600_800.png,29schl02_20211228_165823_2572887201_600_800_mask.png,físico
10,7,20,14,279,653,299,667,279,654,299,653,299,666,279,667,text,table_text,table_1,opensans,bold,9.0,29schl02_20211228_165823_2572887201_600_800.png,/scratch/parceirosbr/bigoilict/share/BigOil/document_generator/datasets/documents_2021_12_28/29schl02_20211228_165823_2572887201_600_800.png,29schl02_20211228_165823_2572887201_600_800_mask.png,pelo
10,7,20,14,279,653,299,667,279,654,299,653,299,666,279,667,sub_line_text,table_text,table_1,opensans,bold,9.0,29schl02_20211228_165823_2572887201_600_800.png,/scratch/parceirosbr/bigoilict/share/BigOil/document_generator/datasets/documents_2021_12_28/29schl02_20211228_165823_2572887201_600_800.png,29schl02_20211228_165823_2572887201_600_800_mask.png,pelo
17,7,35,14,272,668,307,682,272,669,307,668,307,681,272,682,text,table_text,table_1,opensans,bold,9.0,29schl02_20211228_165823_2572887201_600_800.png,/scratch/parceirosbr/bigoilict/share/BigOil/document_generator/datasets/documents_2021_12_28/29schl02_20211228_165823_2572887201_600_800.png,29schl02_20211228_165823_2572887201_600_800_mask.png,elevado
17,7,35,14,272,668,307,682,272,669,307,668,307,681,272,682,sub_line_text,table_text,table_1,opensans,bold,9.0,29schl02_20211228_165823_2572887201_600_800.png,/scratch/parceirosbr/bigoilict/share/BigOil/document_generator/datasets/documents_2021_12_28/29schl02_20211228_165823_2572887201_600_800.png,29schl02_20211228_165823_2572887201_600_800_mask.png,elevado
19,7,38,14,270,683,308,697,270,684,307,683,308,696,271,697,text,table_text,table_1,opensans,bold,9.0,29schl02_20211228_165823_2572887201_600_800.png,/scratch/parceirosbr/bigoilict/share/BigOil/document_generator/datasets/documents_2021_12_28/29schl02_20211228_165823_2572887201_600_800.png,29schl02_20211228_165823_2572887201_600_800_mask.png,gasolina
19,7,38,14,270,683,308,697,270,684,307,683,308,696,271,697,sub_line_text,table_text,table_1,opensans,bold,9.0,29schl02_20211228_165823_2572887201_600_800.png,/scratch/parceirosbr/bigoilict/share/BigOil/document_generator/datasets/documents_2021_12_28/29schl02_20211228_165823_2572887201_600_800.png,29schl02_20211228_165823_2572887201_600_800_mask.png,gasolina
23,7,46,14,267,698,313,712,267,699,313,698,313,711,267,712,text,table_text,table_1,opensans,bold,9.0,29schl02_20211228_165823_2572887201_600_800.png,/scratch/parceirosbr/bigoilict/share/BigOil/document_generator/datasets/documents_2021_12_28/29schl02_20211228_165823_2572887201_600_800.png,29schl02_20211228_165823_2572887201_600_800_mask.png,partículas
23,7,46,14,267,698,313,712,267,699,313,698,313,711,267,712,sub_line_text,table_text,table_1,opensans,bold,9.0,29schl02_20211228_165823_2572887201_600_800.png,/scratch/parceirosbr/bigoilict/share/BigOil/document_generator/datasets/documents_2021_12_28/29schl02_20211228_165823_2572887201_600_800.png,29schl02_20211228_165823_2572887201_600_800_mask.png,partículas
12,7,24,14,278,713,302,727,278,714,302,713,302,726,278,727,text,table_text,table_1,opensans,bold,9.0,29schl02_20211228_165823_2572887201_600_800.png,/scratch/parceirosbr/bigoilict/share/BigOil/document_generator/datasets/documents_2021_12_28/29schl02_20211228_165823_2572887201_600_800.png,29schl02_20211228_165823_2572887201_600_800_mask.png,neste
12,7,24,14,278,713,302,727,278,714,302,713,302,726,278,727,sub_line_text,table_text,table_1,opensans,bold,9.0,29schl02_20211228_165823_2572887201_600_800.png,/scratch/parceirosbr/bigoilict/share/BigOil/document_generator/datasets/documents_2021_12_28/29schl02_20211228_165823_2572887201_600_800.png,29schl02_20211228_165823_2572887201_600_800_mask.png,neste
6,6,13,13,384,727,397,740,384,727,397,727,397,740,384,740,text,table_text,table_1,opensans,regular,9.0,29schl02_20211228_165823_2572887201_600_800.png,/scratch/parceirosbr/bigoilict/share/BigOil/document_generator/datasets/documents_2021_12_28/29schl02_20211228_165823_2572887201_600_800.png,29schl02_20211228_165823_2572887201_600_800_mask.png,em
6,6,13,13,384,727,397,740,384,727,397,727,397,740,384,740,sub_line_text,table_text,table_1,opensans,regular,9.0,29schl02_20211228_165823_2572887201_600_800.png,/scratch/parceirosbr/bigoilict/share/BigOil/document_generator/datasets/documents_2021_12_28/29schl02_20211228_165823_2572887201_600_800.png,29schl02_20211228_165823_2572887201_600_800_mask.png,em
13,7,27,14,338,517,365,531,338,518,365,517,365,530,338,531,text,table_text,table_1,opensans,bold,9.0,29schl02_20211228_165823_2572887201_600_800.png,/scratch/parceirosbr/bigoilict/share/BigOil/document_generator/datasets/documents_2021_12_28/29schl02_20211228_165823_2572887201_600_800.png,29schl02_20211228_165823_2572887201_600_800_mask.png,Como
13,7,27,14,338,517,365,531,338,518,365,517,365,530,338,531,sub_line_text,table_text,table_1,opensans,bold,9.0,29schl02_20211228_165823_2572887201_600_800.png,/scratch/parceirosbr/bigoilict/share/BigOil/document_generator/datasets/documents_2021_12_28/29schl02_20211228_165823_2572887201_600_800.png,29schl02_20211228_165823_2572887201_600_800_mask.png,Como
11,7,22,14,340,532,362,546,340,533,362,532,362,545,340,546,text,table_text,table_1,opensans,bold,9.0,29schl02_20211228_165823_2572887201_600_800.png,/scratch/parceirosbr/bigoilict/share/BigOil/document_generator/datasets/documents_2021_12_28/29schl02_20211228_165823_2572887201_600_800.png,29schl02_20211228_165823_2572887201_600_800_mask.png,mais
11,7,22,14,340,532,362,546,340,533,362,532,362,545,340,546,sub_line_text,table_text,table_1,opensans,bold,9.0,29schl02_20211228_165823_2572887201_600_800.png,/scratch/parceirosbr/bigoilict/share/BigOil/document_generator/datasets/documents_2021_12_28/29schl02_20211228_165823_2572887201_600_800.png,29schl02_20211228_165823_2572887201_600_800_mask.png,mais
20,7,40,14,332,547,372,561,332,548,371,547,372,560,333,561,text,table_text,table_1,opensans,bold,9.0,29schl02_20211228_165823_2572887201_600_800.png,/scratch/parceirosbr/bigoilict/share/BigOil/document_generator/datasets/documents_2021_12_28/29schl02_20211228_165823_2572887201_600_800.png,29schl02_20211228_165823_2572887201_600_800_mask.png,controle
20,7,40,14,332,547,372,561,332,548,371,547,372,560,333,561,sub_line_text,table_text,table_1,opensans,bold,9.0,29schl02_20211228_165823_2572887201_600_800.png,/scratch/parceirosbr/bigoilict/share/BigOil/document_generator/datasets/documents_2021_12_28/29schl02_20211228_165823_2572887201_600_800.png,29schl02_20211228_165823_2572887201_600_800_mask.png,controle
5,7,11,14,347,562,358,576,347,563,358,562,358,575,347,576,text,table_text,table_1,opensans,bold,9.0,29schl02_20211228_165823_2572887201_600_800.png,/scratch/parceirosbr/bigoilict/share/BigOil/document_generator/datasets/documents_2021_12_28/29schl02_20211228_165823_2572887201_600_800.png,29schl02_20211228_165823_2572887201_600_800_mask.png,ao
5,7,11,14,347,562,358,576,347,563,358,562,358,575,347,576,sub_line_text,table_text,table_1,opensans,bold,9.0,29schl02_20211228_165823_2572887201_600_800.png,/scratch/parceirosbr/bigoilict/share/BigOil/document_generator/datasets/documents_2021_12_28/29schl02_20211228_165823_2572887201_600_800.png,29schl02_20211228_165823_2572887201_600_800_mask.png,ao
8,7,17,14,344,577,361,591,344,578,361,577,361,590,344,591,text,table_text,table_1,opensans,bold,9.0,29schl02_20211228_165823_2572887201_600_800.png,/scratch/parceirosbr/bigoilict/share/BigOil/document_generator/datasets/documents_2021_12_28/29schl02_20211228_165823_2572887201_600_800.png,29schl02_20211228_165823_2572887201_600_800_mask.png,que
8,7,17,14,344,577,361,591,344,578,361,577,361,590,344,591,sub_line_text,table_text,table_1,opensans,bold,9.0,29schl02_20211228_165823_2572887201_600_800.png,/scratch/parceirosbr/bigoilict/share/BigOil/document_generator/datasets/documents_2021_12_28/29schl02_20211228_165823_2572887201_600_800.png,29schl02_20211228_165823_2572887201_600_800_mask.png,que
11,7,23,14,341,592,364,606,341,593,364,592,364,605,341,606,text,table_text,table_1,opensans,bold,9.0,29schl02_20211228_165823_2572887201_600_800.png,/scratch/parceirosbr/bigoilict/share/BigOil/document_generator/datasets/documents_2021_12_28/29schl02_20211228_165823_2572887201_600_800.png,29schl02_20211228_165823_2572887201_600_800_mask.png,atual
11,7,23,14,341,592,364,606,341,593,364,592,364,605,341,606,sub_line_text,table_text,table_1,opensans,bold,9.0,29schl02_20211228_165823_2572887201_600_800.png,/scratch/parceirosbr/bigoilict/share/BigOil/document_generator/datasets/documents_2021_12_28/29schl02_20211228_165823_2572887201_600_800.png,29schl02_20211228_165823_2572887201_600_800_mask.png,atual
13,7,27,14,339,607,366,621,339,608,366,607,366,620,339,621,text,table_text,table_1,opensans,bold,9.0,29schl02_20211228_165823_2572887201_600_800.png,/scratch/parceirosbr/bigoilict/share/BigOil/document_generator/datasets/documents_2021_12_28/29schl02_20211228_165823_2572887201_600_800.png,29schl02_20211228_165823_2572887201_600_800_mask.png,testes
13,7,27,14,339,607,366,621,339,608,366,607,366,620,339,621,sub_line_text,table_text,table_1,opensans,bold,9.0,29schl02_20211228_165823_2572887201_600_800.png,/scratch/parceirosbr/bigoilict/share/BigOil/document_generator/datasets/documents_2021_12_28/29schl02_20211228_165823_2572887201_600_800.png,29schl02_20211228_165823_2572887201_600_800_mask.png,testes
13,7,26,14,340,622,366,636,340,623,366,622,366,635,340,636,text,table_text,table_1,opensans,bold,9.0,29schl02_20211228_165823_2572887201_600_800.png,/scratch/parceirosbr/bigoilict/share/BigOil/document_generator/datasets/documents_2021_12_28/29schl02_20211228_165823_2572887201_600_800.png,29schl02_20211228_165823_2572887201_600_800_mask.png,óxido
13,7,26,14,340,622,366,636,340,623,366,622,366,635,340,636,sub_line_text,table_text,table_1,opensans,bold,9.0,29schl02_20211228_165823_2572887201_600_800.png,/scratch/parceirosbr/bigoilict/share/BigOil/document_generator/datasets/documents_2021_12_28/29schl02_20211228_165823_2572887201_600_800.png,29schl02_20211228_165823_2572887201_600_800_mask.png,óxido
5,7,10,14,348,637,358,651,348,638,358,637,358,650,348,651,text,table_text,table_1,opensans,bold,9.0,29schl02_20211228_165823_2572887201_600_800.png,/scratch/parceirosbr/bigoilict/share/BigOil/document_generator/datasets/documents_2021_12_28/29schl02_20211228_165823_2572887201_600_800.png,29schl02_20211228_165823_2572887201_600_800_mask.png,às
5,7,10,14,348,637,358,651,348,638,358,637,358,650,348,651,sub_line_text,table_text,table_1,opensans,bold,9.0,29schl02_20211228_165823_2572887201_600_800.png,/scratch/parceirosbr/bigoilict/share/BigOil/document_generator/datasets/documents_2021_12_28/29schl02_20211228_165823_2572887201_600_800.png,29schl02_20211228_165823_2572887201_600_800_mask.png,às
15,7,31,14,338,652,369,666,338,653,369,652,369,665,338,666,text,table_text,table_1,opensans,bold,9.0,29schl02_20211228_165823_2572887201_600_800.png,/scratch/parceirosbr/bigoilict/share/BigOil/document_generator/datasets/documents_2021_12_28/29schl02_20211228_165823_2572887201_600_800.png,29schl02_20211228_165823_2572887201_600_800_mask.png,tratam
15,7,31,14,338,652,369,666,338,653,369,652,369,665,338,666,sub_line_text,table_text,table_1,opensans,bold,9.0,29schl02_20211228_165823_2572887201_600_800.png,/scratch/parceirosbr/bigoilict/share/BigOil/document_generator/datasets/documents_2021_12_28/29schl02_20211228_165823_2572887201_600_800.png,29schl02_20211228_165823_2572887201_600_800_mask.png,tratam
16,7,32,14,338,667,370,681,338,668,370,667,370,680,338,681,text,table_text,table_1,opensans,bold,9.0,29schl02_20211228_165823_2572887201_600_800.png,/scratch/parceirosbr/bigoilict/share/BigOil/document_generator/datasets/documents_2021_12_28/29schl02_20211228_165823_2572887201_600_800.png,29schl02_20211228_165823_2572887201_600_800_mask.png,podem
16,7,32,14,338,667,370,681,338,668,370,667,370,680,338,681,sub_line_text,table_text,table_1,opensans,bold,9.0,29schl02_20211228_165823_2572887201_600_800.png,/scratch/parceirosbr/bigoilict/share/BigOil/document_generator/datasets/documents_2021_12_28/29schl02_20211228_165823_2572887201_600_800.png,29schl02_20211228_165823_2572887201_600_800_mask.png,podem
18,7,37,14,336,682,373,696,336,683,372,682,373,695,337,696,text,table_text,table_1,opensans,bold,9.0,29schl02_20211228_165823_2572887201_600_800.png,/scratch/parceirosbr/bigoilict/share/BigOil/document_generator/datasets/documents_2021_12_28/29schl02_20211228_165823_2572887201_600_800.png,29schl02_20211228_165823_2572887201_600_800_mask.png,grandes
18,7,37,14,336,682,373,696,336,683,372,682,373,695,337,696,sub_line_text,table_text,table_1,opensans,bold,9.0,29schl02_20211228_165823_2572887201_600_800.png,/scratch/parceirosbr/bigoilict/share/BigOil/document_generator/datasets/documents_2021_12_28/29schl02_20211228_165823_2572887201_600_800.png,29schl02_20211228_165823_2572887201_600_800_mask.png,grandes
15,7,31,14,339,697,370,711,339,698,370,697,370,710,339,711,text,table_text,table_1,opensans,bold,9.0,29schl02_20211228_165823_2572887201_600_800.png,/scratch/parceirosbr/bigoilict/share/BigOil/document_generator/datasets/documents_2021_12_28/29schl02_20211228_165823_2572887201_600_800.png,29schl02_20211228_165823_2572887201_600_800_mask.png,sujeito
15,7,31,14,339,697,370,711,339,698,370,697,370,710,339,711,sub_line_text,table_text,table_1,opensans,bold,9.0,29schl02_20211228_165823_2572887201_600_800.png,/scratch/parceirosbr/bigoilict/share/BigOil/document_generator/datasets/documents_2021_12_28/29schl02_20211228_165823_2572887201_600_800.png,29schl02_20211228_165823_2572887201_600_800_mask.png,sujeito
8,7,16,14,347,712,363,726,347,713,363,712,363,725,347,726,text,table_text,table_1,opensans,bold,9.0,29schl02_20211228_165823_2572887201_600_800.png,/scratch/parceirosbr/bigoilict/share/BigOil/document_generator/datasets/documents_2021_12_28/29schl02_20211228_165823_2572887201_600_800.png,29schl02_20211228_165823_2572887201_600_800_mask.png,por
8,7,16,14,347,712,363,726,347,713,363,712,363,725,347,726,sub_line_text,table_text,table_1,opensans,bold,9.0,29schl02_20211228_165823_2572887201_600_800.png,/scratch/parceirosbr/bigoilict/share/BigOil/document_generator/datasets/documents_2021_12_28/29schl02_20211228_165823_2572887201_600_800.png,29schl02_20211228_165823_2572887201_600_800_mask.png,por
19,7,38,14,425,516,463,530,425,517,463,516,463,529,425,530,text,table_text,table_1,opensans,bold,9.0,29schl02_20211228_165823_2572887201_600_800.png,/scratch/parceirosbr/bigoilict/share/BigOil/document_generator/datasets/documents_2021_12_28/29schl02_20211228_165823_2572887201_600_800.png,29schl02_20211228_165823_2572887201_600_800_mask.png,402718.4
19,7,38,14,425,516,463,530,425,517,463,516,463,529,425,530,sub_line_text,table_text,table_1,opensans,bold,9.0,29schl02_20211228_165823_2572887201_600_800.png,/scratch/parceirosbr/bigoilict/share/BigOil/document_generator/datasets/documents_2021_12_28/29schl02_20211228_165823_2572887201_600_800.png,29schl02_20211228_165823_2572887201_600_800_mask.png,402718.4
19,7,38,14,425,531,463,545,425,532,463,531,463,544,425,545,text,table_text,table_1,opensans,bold,9.0,29schl02_20211228_165823_2572887201_600_800.png,/scratch/parceirosbr/bigoilict/share/BigOil/document_generator/datasets/documents_2021_12_28/29schl02_20211228_165823_2572887201_600_800.png,29schl02_20211228_165823_2572887201_600_800_mask.png,878702.7
19,7,38,14,425,531,463,545,425,532,463,531,463,544,425,545,sub_line_text,table_text,table_1,opensans,bold,9.0,29schl02_20211228_165823_2572887201_600_800.png,/scratch/parceirosbr/bigoilict/share/BigOil/document_generator/datasets/documents_2021_12_28/29schl02_20211228_165823_2572887201_600_800.png,29schl02_20211228_165823_2572887201_600_800_mask.png,878702.7
17,7,34,14,430,546,464,560,430,547,463,546,464,559,431,560,text,table_text,table_1,opensans,bold,9.0,29schl02_20211228_165823_2572887201_600_800.png,/scratch/parceirosbr/bigoilict/share/BigOil/document_generator/datasets/documents_2021_12_28/29schl02_20211228_165823_2572887201_600_800.png,29schl02_20211228_165823_2572887201_600_800_mask.png,65588.3
17,7,34,14,430,546,464,560,430,547,463,546,464,559,431,560,sub_line_text,table_text,table_1,opensans,bold,9.0,29schl02_20211228_165823_2572887201_600_800.png,/scratch/parceirosbr/bigoilict/share/BigOil/document_generator/datasets/documents_2021_12_28/29schl02_20211228_165823_2572887201_600_800.png,29schl02_20211228_165823_2572887201_600_800_mask.png,65588.3
11,6,23,13,441,561,464,574,441,561,464,561,464,574,441,574,text,table_text,table_1,opensans,bold,9.0,29schl02_20211228_165823_2572887201_600_800.png,/scratch/parceirosbr/bigoilict/share/BigOil/document_generator/datasets/documents_2021_12_28/29schl02_20211228_165823_2572887201_600_800.png,29schl02_20211228_165823_2572887201_600_800_mask.png,795.1
11,6,23,13,441,561,464,574,441,561,464,561,464,574,441,574,sub_line_text,table_text,table_1,opensans,bold,9.0,29schl02_20211228_165823_2572887201_600_800.png,/scratch/parceirosbr/bigoilict/share/BigOil/document_generator/datasets/documents_2021_12_28/29schl02_20211228_165823_2572887201_600_800.png,29schl02_20211228_165823_2572887201_600_800_mask.png,795.1
19,7,38,14,426,576,464,590,426,577,464,576,464,589,426,590,text,table_text,table_1,opensans,bold,9.0,29schl02_20211228_165823_2572887201_600_800.png,/scratch/parceirosbr/bigoilict/share/BigOil/document_generator/datasets/documents_2021_12_28/29schl02_20211228_165823_2572887201_600_800.png,29schl02_20211228_165823_2572887201_600_800_mask.png,437196.4
19,7,38,14,426,576,464,590,426,577,464,576,464,589,426,590,sub_line_text,table_text,table_1,opensans,bold,9.0,29schl02_20211228_165823_2572887201_600_800.png,/scratch/parceirosbr/bigoilict/share/BigOil/document_generator/datasets/documents_2021_12_28/29schl02_20211228_165823_2572887201_600_800.png,29schl02_20211228_165823_2572887201_600_800_mask.png,437196.4
19,7,38,14,426,591,464,605,426,592,464,591,464,604,426,605,text,table_text,table_1,opensans,bold,9.0,29schl02_20211228_165823_2572887201_600_800.png,/scratch/parceirosbr/bigoilict/share/BigOil/document_generator/datasets/documents_2021_12_28/29schl02_20211228_165823_2572887201_600_800.png,29schl02_20211228_165823_2572887201_600_800_mask.png,857404.0
19,7,38,14,426,591,464,605,426,592,464,591,464,604,426,605,sub_line_text,table_text,table_1,opensans,bold,9.0,29schl02_20211228_165823_2572887201_600_800.png,/scratch/parceirosbr/bigoilict/share/BigOil/document_generator/datasets/documents_2021_12_28/29schl02_20211228_165823_2572887201_600_800.png,29schl02_20211228_165823_2572887201_600_800_mask.png,857404.0
24,7,48,14,416,606,464,620,416,607,464,606,464,619,416,620,text,table_text,table_1,opensans,bold,9.0,29schl02_20211228_165823_2572887201_600_800.png,/scratch/parceirosbr/bigoilict/share/BigOil/document_generator/datasets/documents_2021_12_28/29schl02_20211228_165823_2572887201_600_800.png,29schl02_20211228_165823_2572887201_600_800_mask.png,20023730.1
24,7,48,14,416,606,464,620,416,607,464,606,464,619,416,620,sub_line_text,table_text,table_1,opensans,bold,9.0,29schl02_20211228_165823_2572887201_600_800.png,/scratch/parceirosbr/bigoilict/share/BigOil/document_generator/datasets/documents_2021_12_28/29schl02_20211228_165823_2572887201_600_800.png,29schl02_20211228_165823_2572887201_600_800_mask.png,20023730.1
11,6,23,13,442,621,465,634,442,621,465,621,465,634,442,634,text,table_text,table_1,opensans,bold,9.0,29schl02_20211228_165823_2572887201_600_800.png,/scratch/parceirosbr/bigoilict/share/BigOil/document_generator/datasets/documents_2021_12_28/29schl02_20211228_165823_2572887201_600_800.png,29schl02_20211228_165823_2572887201_600_800_mask.png,107.3
11,6,23,13,442,621,465,634,442,621,465,621,465,634,442,634,sub_line_text,table_text,table_1,opensans,bold,9.0,29schl02_20211228_165823_2572887201_600_800.png,/scratch/parceirosbr/bigoilict/share/BigOil/document_generator/datasets/documents_2021_12_28/29schl02_20211228_165823_2572887201_600_800.png,29schl02_20211228_165823_2572887201_600_800_mask.png,107.3
19,7,38,14,427,636,465,650,427,637,465,636,465,649,427,650,text,table_text,table_1,opensans,bold,9.0,29schl02_20211228_165823_2572887201_600_800.png,/scratch/parceirosbr/bigoilict/share/BigOil/document_generator/datasets/documents_2021_12_28/29schl02_20211228_165823_2572887201_600_800.png,29schl02_20211228_165823_2572887201_600_800_mask.png,656350.4
19,7,38,14,427,636,465,650,427,637,465,636,465,649,427,650,sub_line_text,table_text,table_1,opensans,bold,9.0,29schl02_20211228_165823_2572887201_600_800.png,/scratch/parceirosbr/bigoilict/share/BigOil/document_generator/datasets/documents_2021_12_28/29schl02_20211228_165823_2572887201_600_800.png,29schl02_20211228_165823_2572887201_600_800_mask.png,656350.4
24,7,48,14,417,651,465,665,417,652,465,651,465,664,417,665,text,table_text,table_1,opensans,bold,9.0,29schl02_20211228_165823_2572887201_600_800.png,/scratch/parceirosbr/bigoilict/share/BigOil/document_generator/datasets/documents_2021_12_28/29schl02_20211228_165823_2572887201_600_800.png,29schl02_20211228_165823_2572887201_600_800_mask.png,78134655.2
24,7,48,14,417,651,465,665,417,652,465,651,465,664,417,665,sub_line_text,table_text,table_1,opensans,bold,9.0,29schl02_20211228_165823_2572887201_600_800.png,/scratch/parceirosbr/bigoilict/share/BigOil/document_generator/datasets/documents_2021_12_28/29schl02_20211228_165823_2572887201_600_800.png,29schl02_20211228_165823_2572887201_600_800_mask.png,78134655.2
21,7,43,14,422,666,465,680,422,667,465,666,465,679,422,680,text,table_text,table_1,opensans,bold,9.0,29schl02_20211228_165823_2572887201_600_800.png,/scratch/parceirosbr/bigoilict/share/BigOil/document_generator/datasets/documents_2021_12_28/29schl02_20211228_165823_2572887201_600_800.png,29schl02_20211228_165823_2572887201_600_800_mask.png,6245169.9
21,7,43,14,422,666,465,680,422,667,465,666,465,679,422,680,sub_line_text,table_text,table_1,opensans,bold,9.0,29schl02_20211228_165823_2572887201_600_800.png,/scratch/parceirosbr/bigoilict/share/BigOil/document_generator/datasets/documents_2021_12_28/29schl02_20211228_165823_2572887201_600_800.png,29schl02_20211228_165823_2572887201_600_800_mask.png,6245169.9
19,7,39,14,427,681,466,695,427,682,465,681,466,694,428,695,text,table_text,table_1,opensans,bold,9.0,29schl02_20211228_165823_2572887201_600_800.png,/scratch/parceirosbr/bigoilict/share/BigOil/document_generator/datasets/documents_2021_12_28/29schl02_20211228_165823_2572887201_600_800.png,29schl02_20211228_165823_2572887201_600_800_mask.png,162388.3
19,7,39,14,427,681,466,695,427,682,465,681,466,694,428,695,sub_line_text,table_text,table_1,opensans,bold,9.0,29schl02_20211228_165823_2572887201_600_800.png,/scratch/parceirosbr/bigoilict/share/BigOil/document_generator/datasets/documents_2021_12_28/29schl02_20211228_165823_2572887201_600_800.png,29schl02_20211228_165823_2572887201_600_800_mask.png,162388.3
19,7,38,14,428,696,466,710,428,697,466,696,466,709,428,710,text,table_text,table_1,opensans,bold,9.0,29schl02_20211228_165823_2572887201_600_800.png,/scratch/parceirosbr/bigoilict/share/BigOil/document_generator/datasets/documents_2021_12_28/29schl02_20211228_165823_2572887201_600_800.png,29schl02_20211228_165823_2572887201_600_800_mask.png,340556.0
19,7,38,14,428,696,466,710,428,697,466,696,466,709,428,710,sub_line_text,table_text,table_1,opensans,bold,9.0,29schl02_20211228_165823_2572887201_600_800.png,/scratch/parceirosbr/bigoilict/share/BigOil/document_generator/datasets/documents_2021_12_28/29schl02_20211228_165823_2572887201_600_800.png,29schl02_20211228_165823_2572887201_600_800_mask.png,340556.0
19,7,38,14,428,711,466,725,428,712,466,711,466,724,428,725,text,table_text,table_1,opensans,bold,9.0,29schl02_20211228_165823_2572887201_600_800.png,/scratch/parceirosbr/bigoilict/share/BigOil/document_generator/datasets/documents_2021_12_28/29schl02_20211228_165823_2572887201_600_800.png,29schl02_20211228_165823_2572887201_600_800_mask.png,141314.2
19,7,38,14,428,711,466,725,428,712,466,711,466,724,428,725,sub_line_text,table_text,table_1,opensans,bold,9.0,29schl02_20211228_165823_2572887201_600_800.png,/scratch/parceirosbr/bigoilict/share/BigOil/document_generator/datasets/documents_2021_12_28/29schl02_20211228_165823_2572887201_600_800.png,29schl02_20211228_165823_2572887201_600_800_mask.png,141314.2
14,7,28,14,498,515,526,529,498,516,526,515,526,528,498,529,text,table_text,table_1,opensans,bold,9.0,29schl02_20211228_165823_2572887201_600_800.png,/scratch/parceirosbr/bigoilict/share/BigOil/document_generator/datasets/documents_2021_12_28/29schl02_20211228_165823_2572887201_600_800.png,29schl02_20211228_165823_2572887201_600_800_mask.png,3.5772
14,7,28,14,498,515,526,529,498,516,526,515,526,528,498,529,sub_line_text,table_text,table_1,opensans,bold,9.0,29schl02_20211228_165823_2572887201_600_800.png,/scratch/parceirosbr/bigoilict/share/BigOil/document_generator/datasets/documents_2021_12_28/29schl02_20211228_165823_2572887201_600_800.png,29schl02_20211228_165823_2572887201_600_800_mask.png,3.5772
14,7,28,14,498,530,526,544,498,531,526,530,526,543,498,544,text,table_text,table_1,opensans,bold,9.0,29schl02_20211228_165823_2572887201_600_800.png,/scratch/parceirosbr/bigoilict/share/BigOil/document_generator/datasets/documents_2021_12_28/29schl02_20211228_165823_2572887201_600_800.png,29schl02_20211228_165823_2572887201_600_800_mask.png,6.9592
14,7,28,14,498,530,526,544,498,531,526,530,526,543,498,544,sub_line_text,table_text,table_1,opensans,bold,9.0,29schl02_20211228_165823_2572887201_600_800.png,/scratch/parceirosbr/bigoilict/share/BigOil/document_generator/datasets/documents_2021_12_28/29schl02_20211228_165823_2572887201_600_800.png,29schl02_20211228_165823_2572887201_600_800_mask.png,6.9592
14,7,29,14,498,545,527,559,498,546,526,545,527,558,499,559,text,table_text,table_1,opensans,bold,9.0,29schl02_20211228_165823_2572887201_600_800.png,/scratch/parceirosbr/bigoilict/share/BigOil/document_generator/datasets/documents_2021_12_28/29schl02_20211228_165823_2572887201_600_800.png,29schl02_20211228_165823_2572887201_600_800_mask.png,9.0654
14,7,29,14,498,545,527,559,498,546,526,545,527,558,499,559,sub_line_text,table_text,table_1,opensans,bold,9.0,29schl02_20211228_165823_2572887201_600_800.png,/scratch/parceirosbr/bigoilict/share/BigOil/document_generator/datasets/documents_2021_12_28/29schl02_20211228_165823_2572887201_600_800.png,29schl02_20211228_165823_2572887201_600_800_mask.png,9.0654
14,7,28,14,499,560,527,574,499,561,527,560,527,573,499,574,text,table_text,table_1,opensans,bold,9.0,29schl02_20211228_165823_2572887201_600_800.png,/scratch/parceirosbr/bigoilict/share/BigOil/document_generator/datasets/documents_2021_12_28/29schl02_20211228_165823_2572887201_600_800.png,29schl02_20211228_165823_2572887201_600_800_mask.png,5.8665
14,7,28,14,499,560,527,574,499,561,527,560,527,573,499,574,sub_line_text,table_text,table_1,opensans,bold,9.0,29schl02_20211228_165823_2572887201_600_800.png,/scratch/parceirosbr/bigoilict/share/BigOil/document_generator/datasets/documents_2021_12_28/29schl02_20211228_165823_2572887201_600_800.png,29schl02_20211228_165823_2572887201_600_800_mask.png,5.8665
14,7,28,14,499,575,527,589,499,576,527,575,527,588,499,589,text,table_text,table_1,opensans,bold,9.0,29schl02_20211228_165823_2572887201_600_800.png,/scratch/parceirosbr/bigoilict/share/BigOil/document_generator/datasets/documents_2021_12_28/29schl02_20211228_165823_2572887201_600_800.png,29schl02_20211228_165823_2572887201_600_800_mask.png,6.4487
14,7,28,14,499,575,527,589,499,576,527,575,527,588,499,589,sub_line_text,table_text,table_1,opensans,bold,9.0,29schl02_20211228_165823_2572887201_600_800.png,/scratch/parceirosbr/bigoilict/share/BigOil/document_generator/datasets/documents_2021_12_28/29schl02_20211228_165823_2572887201_600_800.png,29schl02_20211228_165823_2572887201_600_800_mask.png,6.4487
14,7,28,14,499,590,527,604,499,591,527,590,527,603,499,604,text,table_text,table_1,opensans,bold,9.0,29schl02_20211228_165823_2572887201_600_800.png,/scratch/parceirosbr/bigoilict/share/BigOil/document_generator/datasets/documents_2021_12_28/29schl02_20211228_165823_2572887201_600_800.png,29schl02_20211228_165823_2572887201_600_800_mask.png,3.0728
14,7,28,14,499,590,527,604,499,591,527,590,527,603,499,604,sub_line_text,table_text,table_1,opensans,bold,9.0,29schl02_20211228_165823_2572887201_600_800.png,/scratch/parceirosbr/bigoilict/share/BigOil/document_generator/datasets/documents_2021_12_28/29schl02_20211228_165823_2572887201_600_800.png,29schl02_20211228_165823_2572887201_600_800_mask.png,3.0728
14,7,28,14,499,605,527,619,499,606,527,605,527,618,499,619,text,table_text,table_1,opensans,bold,9.0,29schl02_20211228_165823_2572887201_600_800.png,/scratch/parceirosbr/bigoilict/share/BigOil/document_generator/datasets/documents_2021_12_28/29schl02_20211228_165823_2572887201_600_800.png,29schl02_20211228_165823_2572887201_600_800_mask.png,7.6369
14,7,28,14,499,605,527,619,499,606,527,605,527,618,499,619,sub_line_text,table_text,table_1,opensans,bold,9.0,29schl02_20211228_165823_2572887201_600_800.png,/scratch/parceirosbr/bigoilict/share/BigOil/document_generator/datasets/documents_2021_12_28/29schl02_20211228_165823_2572887201_600_800.png,29schl02_20211228_165823_2572887201_600_800_mask.png,7.6369
14,7,28,14,500,620,528,634,500,621,527,620,528,633,500,634,text,table_text,table_1,opensans,bold,9.0,29schl02_20211228_165823_2572887201_600_800.png,/scratch/parceirosbr/bigoilict/share/BigOil/document_generator/datasets/documents_2021_12_28/29schl02_20211228_165823_2572887201_600_800.png,29schl02_20211228_165823_2572887201_600_800_mask.png,5.8187
14,7,28,14,500,620,528,634,500,621,527,620,528,633,500,634,sub_line_text,table_text,table_1,opensans,bold,9.0,29schl02_20211228_165823_2572887201_600_800.png,/scratch/parceirosbr/bigoilict/share/BigOil/document_generator/datasets/documents_2021_12_28/29schl02_20211228_165823_2572887201_600_800.png,29schl02_20211228_165823_2572887201_600_800_mask.png,5.8187
14,7,28,14,500,635,528,649,500,636,528,635,528,648,500,649,text,table_text,table_1,opensans,bold,9.0,29schl02_20211228_165823_2572887201_600_800.png,/scratch/parceirosbr/bigoilict/share/BigOil/document_generator/datasets/documents_2021_12_28/29schl02_20211228_165823_2572887201_600_800.png,29schl02_20211228_165823_2572887201_600_800_mask.png,8.9761
14,7,28,14,500,635,528,649,500,636,528,635,528,648,500,649,sub_line_text,table_text,table_1,opensans,bold,9.0,29schl02_20211228_165823_2572887201_600_800.png,/scratch/parceirosbr/bigoilict/share/BigOil/document_generator/datasets/documents_2021_12_28/29schl02_20211228_165823_2572887201_600_800.png,29schl02_20211228_165823_2572887201_600_800_mask.png,8.9761
14,7,28,14,500,650,528,664,500,651,528,650,528,663,500,664,text,table_text,table_1,opensans,bold,9.0,29schl02_20211228_165823_2572887201_600_800.png,/scratch/parceirosbr/bigoilict/share/BigOil/document_generator/datasets/documents_2021_12_28/29schl02_20211228_165823_2572887201_600_800.png,29schl02_20211228_165823_2572887201_600_800_mask.png,4.0063
14,7,28,14,500,650,528,664,500,651,528,650,528,663,500,664,sub_line_text,table_text,table_1,opensans,bold,9.0,29schl02_20211228_165823_2572887201_600_800.png,/scratch/parceirosbr/bigoilict/share/BigOil/document_generator/datasets/documents_2021_12_28/29schl02_20211228_165823_2572887201_600_800.png,29schl02_20211228_165823_2572887201_600_800_mask.png,4.0063
14,7,28,14,500,665,528,679,500,666,528,665,528,678,500,679,text,table_text,table_1,opensans,bold,9.0,29schl02_20211228_165823_2572887201_600_800.png,/scratch/parceirosbr/bigoilict/share/BigOil/document_generator/datasets/documents_2021_12_28/29schl02_20211228_165823_2572887201_600_800.png,29schl02_20211228_165823_2572887201_600_800_mask.png,2.5638
14,7,28,14,500,665,528,679,500,666,528,665,528,678,500,679,sub_line_text,table_text,table_1,opensans,bold,9.0,29schl02_20211228_165823_2572887201_600_800.png,/scratch/parceirosbr/bigoilict/share/BigOil/document_generator/datasets/documents_2021_12_28/29schl02_20211228_165823_2572887201_600_800.png,29schl02_20211228_165823_2572887201_600_800_mask.png,2.5638
14,6,29,13,500,680,529,693,500,681,528,680,529,693,501,693,text,table_text,table_1,opensans,bold,9.0,29schl02_20211228_165823_2572887201_600_800.png,/scratch/parceirosbr/bigoilict/share/BigOil/document_generator/datasets/documents_2021_12_28/29schl02_20211228_165823_2572887201_600_800.png,29schl02_20211228_165823_2572887201_600_800_mask.png,5.1099
14,6,29,13,500,680,529,693,500,681,528,680,529,693,501,693,sub_line_text,table_text,table_1,opensans,bold,9.0,29schl02_20211228_165823_2572887201_600_800.png,/scratch/parceirosbr/bigoilict/share/BigOil/document_generator/datasets/documents_2021_12_28/29schl02_20211228_165823_2572887201_600_800.png,29schl02_20211228_165823_2572887201_600_800_mask.png,5.1099
14,6,28,13,501,695,529,708,501,695,529,695,529,708,501,708,text,table_text,table_1,opensans,bold,9.0,29schl02_20211228_165823_2572887201_600_800.png,/scratch/parceirosbr/bigoilict/share/BigOil/document_generator/datasets/documents_2021_12_28/29schl02_20211228_165823_2572887201_600_800.png,29schl02_20211228_165823_2572887201_600_800_mask.png,4.2415
14,6,28,13,501,695,529,708,501,695,529,695,529,708,501,708,sub_line_text,table_text,table_1,opensans,bold,9.0,29schl02_20211228_165823_2572887201_600_800.png,/scratch/parceirosbr/bigoilict/share/BigOil/document_generator/datasets/documents_2021_12_28/29schl02_20211228_165823_2572887201_600_800.png,29schl02_20211228_165823_2572887201_600_800_mask.png,4.2415
14,6,28,13,501,710,529,723,501,710,529,710,529,723,501,723,text,table_text,table_1,opensans,bold,9.0,29schl02_20211228_165823_2572887201_600_800.png,/scratch/parceirosbr/bigoilict/share/BigOil/document_generator/datasets/documents_2021_12_28/29schl02_20211228_165823_2572887201_600_800.png,29schl02_20211228_165823_2572887201_600_800_mask.png,3.0352
14,6,28,13,501,710,529,723,501,710,529,710,529,723,501,723,sub_line_text,table_text,table_1,opensans,bold,9.0,29schl02_20211228_165823_2572887201_600_800.png,/scratch/parceirosbr/bigoilict/share/BigOil/document_generator/datasets/documents_2021_12_28/29schl02_20211228_165823_2572887201_600_800.png,29schl02_20211228_165823_2572887201_600_800_mask.png,3.0352
