center_x,center_y,width,height,xmin,ymin,xmax,ymax,top_left_x,top_left_y,top_right_x,top_right_y,bottom_right_x,bottom_right_y,bottom_left_x,bottom_left_y,label,grouplabel,group,text_font,text_style,size_font,filename,path,filename_mask,content
300,400,600,800,0,0,600,800,0,0,600,0,600,800,0,800,document,,,,,,29schl02_20211228_165823_3566393711_600_800.png,/scratch/parceirosbr/bigoilict/share/BigOil/document_generator/datasets/documents_2021_12_28/29schl02_20211228_165823_3566393711_600_800.png,29schl02_20211228_165823_3566393711_600_800_mask.png,
7,7,15,15,27,40,42,55,27,40,42,40,42,55,27,55,sub_line_text,subtitle,subtitle_0,opensans,bold,11,29schl02_20211228_165823_3566393711_600_800.png,/scratch/parceirosbr/bigoilict/share/BigOil/document_generator/datasets/documents_2021_12_28/29schl02_20211228_165823_3566393711_600_800.png,29schl02_20211228_165823_3566393711_600_800_mask.png,O
7,7,15,15,27,40,42,55,27,40,42,40,42,55,27,55,title,subtitle,subtitle_1,opensans,bold,11,29schl02_20211228_165823_3566393711_600_800.png,/scratch/parceirosbr/bigoilict/share/BigOil/document_generator/datasets/documents_2021_12_28/29schl02_20211228_165823_3566393711_600_800.png,29schl02_20211228_165823_3566393711_600_800_mask.png,
73,47,147,94,27,60,174,154,27,60,174,60,174,154,27,154,list,list,list_1,opensans,opensans,10,29schl02_20211228_165823_3566393711_600_800.png,/scratch/parceirosbr/bigoilict/share/BigOil/document_generator/datasets/documents_2021_12_28/29schl02_20211228_165823_3566393711_600_800.png,29schl02_20211228_165823_3566393711_600_800_mask.png,
71,6,143,13,27,60,170,73,27,60,170,60,170,73,27,73,sub_line_text,list,list_1,opensans,regular,10,29schl02_20211228_165823_3566393711_600_800.png,/scratch/parceirosbr/bigoilict/share/BigOil/document_generator/datasets/documents_2021_12_28/29schl02_20211228_165823_3566393711_600_800.png,29schl02_20211228_165823_3566393711_600_800_mask.png,Gas retention is an impor-
59,6,118,13,38,73,156,86,38,73,156,73,156,86,38,86,sub_line_text,list,list_1,opensans,regular,10,29schl02_20211228_165823_3566393711_600_800.png,/scratch/parceirosbr/bigoilict/share/BigOil/document_generator/datasets/documents_2021_12_28/29schl02_20211228_165823_3566393711_600_800.png,29schl02_20211228_165823_3566393711_600_800_mask.png,tant parameter for the.
72,6,144,13,27,94,171,107,27,94,171,94,171,107,27,107,sub_line_text,list,list_1,opensans,regular,10,29schl02_20211228_165823_3566393711_600_800.png,/scratch/parceirosbr/bigoilict/share/BigOil/document_generator/datasets/documents_2021_12_28/29schl02_20211228_165823_3566393711_600_800.png,29schl02_20211228_165823_3566393711_600_800_mask.png,It provides for the coeffici-
45,6,91,13,39,107,130,120,39,107,130,107,130,120,39,120,sub_line_text,list,list_1,opensans,regular,10,29schl02_20211228_165823_3566393711_600_800.png,/scratch/parceirosbr/bigoilict/share/BigOil/document_generator/datasets/documents_2021_12_28/29schl02_20211228_165823_3566393711_600_800.png,29schl02_20211228_165823_3566393711_600_800_mask.png,ents of reduction.
71,6,142,13,27,128,169,141,27,128,169,128,169,141,27,141,sub_line_text,list,list_1,opensans,regular,10,29schl02_20211228_165823_3566393711_600_800.png,/scratch/parceirosbr/bigoilict/share/BigOil/document_generator/datasets/documents_2021_12_28/29schl02_20211228_165823_3566393711_600_800.png,29schl02_20211228_165823_3566393711_600_800_mask.png,Source:   own  elaboration
51,6,103,13,37,141,140,154,37,141,140,141,140,154,37,154,sub_line_text,list,list_1,opensans,regular,10,29schl02_20211228_165823_3566393711_600_800.png,/scratch/parceirosbr/bigoilict/share/BigOil/document_generator/datasets/documents_2021_12_28/29schl02_20211228_165823_3566393711_600_800.png,29schl02_20211228_165823_3566393711_600_800_mask.png,based on data from.
47,7,94,15,27,175,121,190,27,175,121,175,121,190,27,190,sub_line_text,subtitle,subtitle_1,opensans,bold,11,29schl02_20211228_165823_3566393711_600_800.png,/scratch/parceirosbr/bigoilict/share/BigOil/document_generator/datasets/documents_2021_12_28/29schl02_20211228_165823_3566393711_600_800.png,29schl02_20211228_165823_3566393711_600_800_mask.png,We also noticed
47,7,94,15,27,175,121,190,27,175,121,175,121,190,27,190,title,subtitle,subtitle_2,opensans,bold,11,29schl02_20211228_165823_3566393711_600_800.png,/scratch/parceirosbr/bigoilict/share/BigOil/document_generator/datasets/documents_2021_12_28/29schl02_20211228_165823_3566393711_600_800.png,29schl02_20211228_165823_3566393711_600_800_mask.png,
72,6,144,13,27,194,171,207,27,194,171,194,171,207,27,207,sub_line_text,text,text_0,opensans,regular,10,29schl02_20211228_165823_3566393711_600_800.png,/scratch/parceirosbr/bigoilict/share/BigOil/document_generator/datasets/documents_2021_12_28/29schl02_20211228_165823_3566393711_600_800.png,29schl02_20211228_165823_3566393711_600_800_mask.png,Analisando os parâmetros a-
71,6,143,13,27,207,170,220,27,207,170,207,170,220,27,220,sub_line_text,text,text_0,opensans,regular,10,29schl02_20211228_165823_3566393711_600_800.png,/scratch/parceirosbr/bigoilict/share/BigOil/document_generator/datasets/documents_2021_12_28/29schl02_20211228_165823_3566393711_600_800.png,29schl02_20211228_165823_3566393711_600_800_mask.png,"presentados  na  6, infere-se"
71,6,142,13,27,220,169,233,27,220,169,220,169,233,27,233,sub_line_text,text,text_0,opensans,regular,10,29schl02_20211228_165823_3566393711_600_800.png,/scratch/parceirosbr/bigoilict/share/BigOil/document_generator/datasets/documents_2021_12_28/29schl02_20211228_165823_3566393711_600_800.png,29schl02_20211228_165823_3566393711_600_800_mask.png,do índice de comportament-
71,6,142,13,27,233,169,246,27,233,169,233,169,246,27,246,sub_line_text,text,text_0,opensans,regular,10,29schl02_20211228_165823_3566393711_600_800.png,/scratch/parceirosbr/bigoilict/share/BigOil/document_generator/datasets/documents_2021_12_28/29schl02_20211228_165823_3566393711_600_800.png,29schl02_20211228_165823_3566393711_600_800_mask.png,"o,  que em altas concentraç-"
69,6,138,13,27,246,165,259,27,246,165,246,165,259,27,259,sub_line_text,text,text_0,opensans,regular,10,29schl02_20211228_165823_3566393711_600_800.png,/scratch/parceirosbr/bigoilict/share/BigOil/document_generator/datasets/documents_2021_12_28/29schl02_20211228_165823_3566393711_600_800.png,29schl02_20211228_165823_3566393711_600_800_mask.png,ões de o fluido deixa de se.
73,64,147,128,27,268,174,396,27,268,174,268,174,396,27,396,list,list,list_2,opensans,opensans,10,29schl02_20211228_165823_3566393711_600_800.png,/scratch/parceirosbr/bigoilict/share/BigOil/document_generator/datasets/documents_2021_12_28/29schl02_20211228_165823_3566393711_600_800.png,29schl02_20211228_165823_3566393711_600_800_mask.png,
72,32,144,65,27,194,171,259,27,194,171,194,171,259,27,259,text,text,text_1,opensans,regular,10,29schl02_20211228_165823_3566393711_600_800.png,/scratch/parceirosbr/bigoilict/share/BigOil/document_generator/datasets/documents_2021_12_28/29schl02_20211228_165823_3566393711_600_800.png,29schl02_20211228_165823_3566393711_600_800_mask.png,
72,6,144,13,27,268,171,281,27,268,171,268,171,281,27,281,sub_line_text,list,list_2,opensans,regular,10,29schl02_20211228_165823_3566393711_600_800.png,/scratch/parceirosbr/bigoilict/share/BigOil/document_generator/datasets/documents_2021_12_28/29schl02_20211228_165823_3566393711_600_800.png,29schl02_20211228_165823_3566393711_600_800_mask.png,Os  postos  de revenda de
16,6,32,13,39,281,71,294,39,281,71,281,71,294,39,294,sub_line_text,list,list_2,opensans,regular,10,29schl02_20211228_165823_3566393711_600_800.png,/scratch/parceirosbr/bigoilict/share/BigOil/document_generator/datasets/documents_2021_12_28/29schl02_20211228_165823_3566393711_600_800.png,29schl02_20211228_165823_3566393711_600_800_mask.png,cada.
71,6,143,13,27,302,170,315,27,302,170,302,170,315,27,315,sub_line_text,list,list_2,opensans,regular,10,29schl02_20211228_165823_3566393711_600_800.png,/scratch/parceirosbr/bigoilict/share/BigOil/document_generator/datasets/documents_2021_12_28/29schl02_20211228_165823_3566393711_600_800.png,29schl02_20211228_165823_3566393711_600_800_mask.png,Dentre os sistemas de co-
24,6,48,13,39,315,87,328,39,315,87,315,87,328,39,328,sub_line_text,list,list_2,opensans,regular,10,29schl02_20211228_165823_3566393711_600_800.png,/scratch/parceirosbr/bigoilict/share/BigOil/document_generator/datasets/documents_2021_12_28/29schl02_20211228_165823_3566393711_600_800.png,29schl02_20211228_165823_3566393711_600_800_mask.png,ntenção.
71,6,143,13,27,336,170,349,27,336,170,336,170,349,27,349,sub_line_text,list,list_2,opensans,regular,10,29schl02_20211228_165823_3566393711_600_800.png,/scratch/parceirosbr/bigoilict/share/BigOil/document_generator/datasets/documents_2021_12_28/29schl02_20211228_165823_3566393711_600_800.png,29schl02_20211228_165823_3566393711_600_800_mask.png,Through the integration o-
6,6,12,13,38,349,50,362,38,349,50,349,50,362,38,362,sub_line_text,list,list_2,opensans,regular,10,29schl02_20211228_165823_3566393711_600_800.png,/scratch/parceirosbr/bigoilict/share/BigOil/document_generator/datasets/documents_2021_12_28/29schl02_20211228_165823_3566393711_600_800.png,29schl02_20211228_165823_3566393711_600_800_mask.png,f.
71,6,143,13,27,370,170,383,27,370,170,370,170,383,27,383,sub_line_text,list,list_2,opensans,regular,10,29schl02_20211228_165823_3566393711_600_800.png,/scratch/parceirosbr/bigoilict/share/BigOil/document_generator/datasets/documents_2021_12_28/29schl02_20211228_165823_3566393711_600_800.png,29schl02_20211228_165823_3566393711_600_800_mask.png,When  used in flows cont-
19,6,38,13,41,383,79,396,41,383,79,383,79,396,41,396,sub_line_text,list,list_2,opensans,regular,10,29schl02_20211228_165823_3566393711_600_800.png,/scratch/parceirosbr/bigoilict/share/BigOil/document_generator/datasets/documents_2021_12_28/29schl02_20211228_165823_3566393711_600_800.png,29schl02_20211228_165823_3566393711_600_800_mask.png,aining.
7,7,14,15,201,40,215,55,201,40,215,40,215,55,201,55,sub_line_text,subtitle,subtitle_2,opensans,bold,11,29schl02_20211228_165823_3566393711_600_800.png,/scratch/parceirosbr/bigoilict/share/BigOil/document_generator/datasets/documents_2021_12_28/29schl02_20211228_165823_3566393711_600_800.png,29schl02_20211228_165823_3566393711_600_800_mask.png,A
7,7,14,15,201,40,215,55,201,40,215,40,215,55,201,55,title,subtitle,subtitle_3,opensans,bold,11,29schl02_20211228_165823_3566393711_600_800.png,/scratch/parceirosbr/bigoilict/share/BigOil/document_generator/datasets/documents_2021_12_28/29schl02_20211228_165823_3566393711_600_800.png,29schl02_20211228_165823_3566393711_600_800_mask.png,
86,6,173,13,201,60,374,73,201,60,374,60,374,73,201,73,sub_line_text,text,text_1,opensans,regular,10,29schl02_20211228_165823_3566393711_600_800.png,/scratch/parceirosbr/bigoilict/share/BigOil/document_generator/datasets/documents_2021_12_28/29schl02_20211228_165823_3566393711_600_800.png,29schl02_20211228_165823_3566393711_600_800_mask.png,Os  fluidos  dilatantes apresentam
86,6,173,13,201,73,374,86,201,73,374,73,374,86,201,86,sub_line_text,text,text_1,opensans,regular,10,29schl02_20211228_165823_3566393711_600_800.png,/scratch/parceirosbr/bigoilict/share/BigOil/document_generator/datasets/documents_2021_12_28/29schl02_20211228_165823_3566393711_600_800.png,29schl02_20211228_165823_3566393711_600_800_mask.png,comportamento  inverso aos pseu-
86,6,172,13,201,86,373,99,201,86,373,86,373,99,201,99,sub_line_text,text,text_1,opensans,regular,10,29schl02_20211228_165823_3566393711_600_800.png,/scratch/parceirosbr/bigoilict/share/BigOil/document_generator/datasets/documents_2021_12_28/29schl02_20211228_165823_3566393711_600_800.png,29schl02_20211228_165823_3566393711_600_800_mask.png,"doplásticos, com a viscosidade ap-"
86,6,173,13,201,99,374,112,201,99,374,99,374,112,201,112,sub_line_text,text,text_1,opensans,regular,10,29schl02_20211228_165823_3566393711_600_800.png,/scratch/parceirosbr/bigoilict/share/BigOil/document_generator/datasets/documents_2021_12_28/29schl02_20211228_165823_3566393711_600_800.png,29schl02_20211228_165823_3566393711_600_800_mask.png,arente  aumentando com a taxa d-
85,6,171,13,201,112,372,125,201,112,372,112,372,125,201,125,sub_line_text,text,text_1,opensans,regular,10,29schl02_20211228_165823_3566393711_600_800.png,/scratch/parceirosbr/bigoilict/share/BigOil/document_generator/datasets/documents_2021_12_28/29schl02_20211228_165823_3566393711_600_800.png,29schl02_20211228_165823_3566393711_600_800_mask.png,e 52 deformação 1971 apud 2008-
86,6,173,13,201,125,374,138,201,125,374,125,374,138,201,138,sub_line_text,text,text_1,opensans,regular,10,29schl02_20211228_165823_3566393711_600_800.png,/scratch/parceirosbr/bigoilict/share/BigOil/document_generator/datasets/documents_2021_12_28/29schl02_20211228_165823_3566393711_600_800.png,29schl02_20211228_165823_3566393711_600_800_mask.png,).Arquitetura  deposicional e quali-
85,6,171,13,201,138,372,151,201,138,372,138,372,151,201,151,sub_line_text,text,text_1,opensans,regular,10,29schl02_20211228_165823_3566393711_600_800.png,/scratch/parceirosbr/bigoilict/share/BigOil/document_generator/datasets/documents_2021_12_28/29schl02_20211228_165823_3566393711_600_800.png,29schl02_20211228_165823_3566393711_600_800_mask.png,dade dos reservatórios das forma-
86,6,173,13,201,151,374,164,201,151,374,151,374,164,201,164,sub_line_text,text,text_1,opensans,regular,10,29schl02_20211228_165823_3566393711_600_800.png,/scratch/parceirosbr/bigoilict/share/BigOil/document_generator/datasets/documents_2021_12_28/29schl02_20211228_165823_3566393711_600_800.png,29schl02_20211228_165823_3566393711_600_800_mask.png,ções  e  bacia do.A viscosidade é i-
85,6,171,13,201,164,372,177,201,164,372,164,372,177,201,177,sub_line_text,text,text_1,opensans,regular,10,29schl02_20211228_165823_3566393711_600_800.png,/scratch/parceirosbr/bigoilict/share/BigOil/document_generator/datasets/documents_2021_12_28/29schl02_20211228_165823_3566393711_600_800.png,29schl02_20211228_165823_3566393711_600_800_mask.png,mportante  para  os  combustíveis
86,6,173,13,201,177,374,190,201,177,374,177,374,190,201,190,sub_line_text,text,text_1,opensans,regular,10,29schl02_20211228_165823_3566393711_600_800.png,/scratch/parceirosbr/bigoilict/share/BigOil/document_generator/datasets/documents_2021_12_28/29schl02_20211228_165823_3566393711_600_800.png,29schl02_20211228_165823_3566393711_600_800_mask.png,dos motores de ignição por compr-
85,6,171,13,201,190,372,203,201,190,372,190,372,203,201,203,sub_line_text,text,text_1,opensans,regular,10,29schl02_20211228_165823_3566393711_600_800.png,/scratch/parceirosbr/bigoilict/share/BigOil/document_generator/datasets/documents_2021_12_28/29schl02_20211228_165823_3566393711_600_800.png,29schl02_20211228_165823_3566393711_600_800_mask.png,"essão,  pois ela influencia no com-"
86,6,172,13,201,203,373,216,201,203,373,203,373,216,201,216,sub_line_text,text,text_1,opensans,regular,10,29schl02_20211228_165823_3566393711_600_800.png,/scratch/parceirosbr/bigoilict/share/BigOil/document_generator/datasets/documents_2021_12_28/29schl02_20211228_165823_3566393711_600_800.png,29schl02_20211228_165823_3566393711_600_800_mask.png,portamento  do sistema de injeçã-
86,6,173,13,201,216,374,229,201,216,374,216,374,229,201,229,sub_line_text,text,text_1,opensans,regular,10,29schl02_20211228_165823_3566393711_600_800.png,/scratch/parceirosbr/bigoilict/share/BigOil/document_generator/datasets/documents_2021_12_28/29schl02_20211228_165823_3566393711_600_800.png,29schl02_20211228_165823_3566393711_600_800_mask.png,o  no  motor.This result remains in
85,6,171,13,201,229,372,242,201,229,372,229,372,242,201,242,sub_line_text,text,text_1,opensans,regular,10,29schl02_20211228_165823_3566393711_600_800.png,/scratch/parceirosbr/bigoilict/share/BigOil/document_generator/datasets/documents_2021_12_28/29schl02_20211228_165823_3566393711_600_800.png,29schl02_20211228_165823_3566393711_600_800_mask.png,line  with the tendency to balance
85,6,171,13,201,242,372,255,201,242,372,242,372,255,201,255,sub_line_text,text,text_1,opensans,regular,10,29schl02_20211228_165823_3566393711_600_800.png,/scratch/parceirosbr/bigoilict/share/BigOil/document_generator/datasets/documents_2021_12_28/29schl02_20211228_165823_3566393711_600_800.png,29schl02_20211228_165823_3566393711_600_800_mask.png,fuel compliance at high levels in t-
85,6,171,13,201,255,372,268,201,255,372,255,372,268,201,268,sub_line_text,text,text_1,opensans,regular,10,29schl02_20211228_165823_3566393711_600_800.png,/scratch/parceirosbr/bigoilict/share/BigOil/document_generator/datasets/documents_2021_12_28/29schl02_20211228_165823_3566393711_600_800.png,29schl02_20211228_165823_3566393711_600_800_mask.png,he regions observed. 3 on page 7.-
86,6,173,13,201,268,374,281,201,268,374,268,374,281,201,281,sub_line_text,text,text_1,opensans,regular,10,29schl02_20211228_165823_3566393711_600_800.png,/scratch/parceirosbr/bigoilict/share/BigOil/document_generator/datasets/documents_2021_12_28/29schl02_20211228_165823_3566393711_600_800.png,29schl02_20211228_165823_3566393711_600_800_mask.png,As  propriedades gerais do em fun-
20,6,41,13,201,281,242,294,201,281,242,281,242,294,201,294,sub_line_text,text,text_1,opensans,regular,10,29schl02_20211228_165823_3566393711_600_800.png,/scratch/parceirosbr/bigoilict/share/BigOil/document_generator/datasets/documents_2021_12_28/29schl02_20211228_165823_3566393711_600_800.png,29schl02_20211228_165823_3566393711_600_800_mask.png,ção de.
86,117,173,234,201,60,374,294,201,60,374,60,374,294,201,294,text,text,text_2,opensans,regular,10,29schl02_20211228_165823_3566393711_600_800.png,/scratch/parceirosbr/bigoilict/share/BigOil/document_generator/datasets/documents_2021_12_28/29schl02_20211228_165823_3566393711_600_800.png,29schl02_20211228_165823_3566393711_600_800_mask.png,
14,7,28,15,404,40,432,55,404,40,432,40,432,55,404,55,sub_line_text,subtitle,subtitle_3,opensans,bold,11,29schl02_20211228_165823_3566393711_600_800.png,/scratch/parceirosbr/bigoilict/share/BigOil/document_generator/datasets/documents_2021_12_28/29schl02_20211228_165823_3566393711_600_800.png,29schl02_20211228_165823_3566393711_600_800_mask.png,This
14,7,28,15,404,40,432,55,404,40,432,40,432,55,404,55,title,subtitle,subtitle_4,opensans,bold,11,29schl02_20211228_165823_3566393711_600_800.png,/scratch/parceirosbr/bigoilict/share/BigOil/document_generator/datasets/documents_2021_12_28/29schl02_20211228_165823_3566393711_600_800.png,29schl02_20211228_165823_3566393711_600_800_mask.png,
85,6,171,13,404,61,575,74,404,61,575,61,575,74,404,74,sub_line_text,text,text_2,opensans,regular,10,29schl02_20211228_165823_3566393711_600_800.png,/scratch/parceirosbr/bigoilict/share/BigOil/document_generator/datasets/documents_2021_12_28/29schl02_20211228_165823_3566393711_600_800.png,29schl02_20211228_165823_3566393711_600_800_mask.png,A  análise voltada aos dados de p-
86,6,172,13,404,74,576,87,404,74,576,74,576,87,404,87,sub_line_text,text,text_2,opensans,regular,10,29schl02_20211228_165823_3566393711_600_800.png,/scratch/parceirosbr/bigoilict/share/BigOil/document_generator/datasets/documents_2021_12_28/29schl02_20211228_165823_3566393711_600_800.png,29schl02_20211228_165823_3566393711_600_800_mask.png,"oços foi realizada no 3, sendo nec-"
86,6,173,13,404,87,577,100,404,87,577,87,577,100,404,100,sub_line_text,text,text_2,opensans,regular,10,29schl02_20211228_165823_3566393711_600_800.png,/scratch/parceirosbr/bigoilict/share/BigOil/document_generator/datasets/documents_2021_12_28/29schl02_20211228_165823_3566393711_600_800.png,29schl02_20211228_165823_3566393711_600_800_mask.png,essário acrescentar um termo par-
86,6,172,13,404,100,576,113,404,100,576,100,576,113,404,113,sub_line_text,text,text_2,opensans,regular,10,29schl02_20211228_165823_3566393711_600_800.png,/scratch/parceirosbr/bigoilict/share/BigOil/document_generator/datasets/documents_2021_12_28/29schl02_20211228_165823_3566393711_600_800.png,29schl02_20211228_165823_3566393711_600_800_mask.png,a  os  dados  de mapas.Ambas são
86,6,173,13,404,113,577,126,404,113,577,113,577,126,404,126,sub_line_text,text,text_2,opensans,regular,10,29schl02_20211228_165823_3566393711_600_800.png,/scratch/parceirosbr/bigoilict/share/BigOil/document_generator/datasets/documents_2021_12_28/29schl02_20211228_165823_3566393711_600_800.png,29schl02_20211228_165823_3566393711_600_800_mask.png,bastante  utilizadas  como  pontos
85,6,171,13,404,126,575,139,404,126,575,126,575,139,404,139,sub_line_text,text,text_2,opensans,regular,10,29schl02_20211228_165823_3566393711_600_800.png,/scratch/parceirosbr/bigoilict/share/BigOil/document_generator/datasets/documents_2021_12_28/29schl02_20211228_165823_3566393711_600_800.png,29schl02_20211228_165823_3566393711_600_800_mask.png,de interesse pelos detectores ma-
86,6,172,13,404,139,576,152,404,139,576,139,576,152,404,152,sub_line_text,text,text_2,opensans,regular,10,29schl02_20211228_165823_3566393711_600_800.png,/scratch/parceirosbr/bigoilict/share/BigOil/document_generator/datasets/documents_2021_12_28/29schl02_20211228_165823_3566393711_600_800.png,29schl02_20211228_165823_3566393711_600_800_mask.png,is populares.A method for comput-
86,6,172,13,404,152,576,165,404,152,576,152,576,165,404,165,sub_line_text,text,text_2,opensans,regular,10,29schl02_20211228_165823_3566393711_600_800.png,/scratch/parceirosbr/bigoilict/share/BigOil/document_generator/datasets/documents_2021_12_28/29schl02_20211228_165823_3566393711_600_800.png,29schl02_20211228_165823_3566393711_600_800_mask.png,ing horizon-tal pressure-gradient f-
86,6,172,13,404,165,576,178,404,165,576,165,576,178,404,178,sub_line_text,text,text_2,opensans,regular,10,29schl02_20211228_165823_3566393711_600_800.png,/scratch/parceirosbr/bigoilict/share/BigOil/document_generator/datasets/documents_2021_12_28/29schl02_20211228_165823_3566393711_600_800.png,29schl02_20211228_165823_3566393711_600_800_mask.png,orce in an oceanic model with a n-
85,6,171,13,404,178,575,191,404,178,575,178,575,191,404,191,sub_line_text,text,text_2,opensans,regular,10,29schl02_20211228_165823_3566393711_600_800.png,/scratch/parceirosbr/bigoilict/share/BigOil/document_generator/datasets/documents_2021_12_28/29schl02_20211228_165823_3566393711_600_800.png,29schl02_20211228_165823_3566393711_600_800_mask.png,onaligned vertical coordinate.Con-
86,6,173,13,404,191,577,204,404,191,577,191,577,204,404,204,sub_line_text,text,text_2,opensans,regular,10,29schl02_20211228_165823_3566393711_600_800.png,/scratch/parceirosbr/bigoilict/share/BigOil/document_generator/datasets/documents_2021_12_28/29schl02_20211228_165823_3566393711_600_800.png,29schl02_20211228_165823_3566393711_600_800_mask.png,sumption growth in this region wa-
85,6,171,13,404,204,575,217,404,204,575,204,575,217,404,217,sub_line_text,text,text_2,opensans,regular,10,29schl02_20211228_165823_3566393711_600_800.png,/scratch/parceirosbr/bigoilict/share/BigOil/document_generator/datasets/documents_2021_12_28/29schl02_20211228_165823_3566393711_600_800.png,29schl02_20211228_165823_3566393711_600_800_mask.png,s 1.5% (+442 thousand barrels / d-
86,6,172,13,404,217,576,230,404,217,576,217,576,230,404,230,sub_line_text,text,text_2,opensans,regular,10,29schl02_20211228_165823_3566393711_600_800.png,/scratch/parceirosbr/bigoilict/share/BigOil/document_generator/datasets/documents_2021_12_28/29schl02_20211228_165823_3566393711_600_800.png,29schl02_20211228_165823_3566393711_600_800_mask.png,"ay),  more than a third of the cons-"
86,6,173,13,404,230,577,243,404,230,577,230,577,243,404,243,sub_line_text,text,text_2,opensans,regular,10,29schl02_20211228_165823_3566393711_600_800.png,/scratch/parceirosbr/bigoilict/share/BigOil/document_generator/datasets/documents_2021_12_28/29schl02_20211228_165823_3566393711_600_800.png,29schl02_20211228_165823_3566393711_600_800_mask.png,umption  corresponding  to.If the f-
86,6,173,13,404,243,577,256,404,243,577,243,577,256,404,256,sub_line_text,text,text_2,opensans,regular,10,29schl02_20211228_165823_3566393711_600_800.png,/scratch/parceirosbr/bigoilict/share/BigOil/document_generator/datasets/documents_2021_12_28/29schl02_20211228_165823_3566393711_600_800.png,29schl02_20211228_165823_3566393711_600_800_mask.png,"unction  is not periodic, then the t-"
86,6,173,13,404,256,577,269,404,256,577,256,577,269,404,269,sub_line_text,text,text_2,opensans,regular,10,29schl02_20211228_165823_3566393711_600_800.png,/scratch/parceirosbr/bigoilict/share/BigOil/document_generator/datasets/documents_2021_12_28/29schl02_20211228_165823_3566393711_600_800.png,29schl02_20211228_165823_3566393711_600_800_mask.png,ransform  of will be a continuous f-
85,6,171,13,404,269,575,282,404,269,575,269,575,282,404,282,sub_line_text,text,text_2,opensans,regular,10,29schl02_20211228_165823_3566393711_600_800.png,/scratch/parceirosbr/bigoilict/share/BigOil/document_generator/datasets/documents_2021_12_28/29schl02_20211228_165823_3566393711_600_800.png,29schl02_20211228_165823_3566393711_600_800_mask.png,"requency-dependent function, tha-"
6,6,13,13,404,282,417,295,404,282,417,282,417,295,404,295,sub_line_text,text,text_2,opensans,regular,10,29schl02_20211228_165823_3566393711_600_800.png,/scratch/parceirosbr/bigoilict/share/BigOil/document_generator/datasets/documents_2021_12_28/29schl02_20211228_165823_3566393711_600_800.png,29schl02_20211228_165823_3566393711_600_800_mask.png,t.
86,117,173,234,404,61,577,295,404,61,577,61,577,295,404,295,text,text,text_3,opensans,regular,10,29schl02_20211228_165823_3566393711_600_800.png,/scratch/parceirosbr/bigoilict/share/BigOil/document_generator/datasets/documents_2021_12_28/29schl02_20211228_165823_3566393711_600_800.png,29schl02_20211228_165823_3566393711_600_800_mask.png,
187,6,375,13,201,308,576,321,201,308,576,308,576,321,201,321,sub_line_text,table_legend,table_0,opensans,regular,10,29schl02_20211228_165823_3566393711_600_800.png,/scratch/parceirosbr/bigoilict/share/BigOil/document_generator/datasets/documents_2021_12_28/29schl02_20211228_165823_3566393711_600_800.png,29schl02_20211228_165823_3566393711_600_800_mask.png,"Program  program in which the forecasts of: production and movement of oil,"
187,6,374,13,201,321,575,334,201,321,575,321,575,334,201,334,sub_line_text,table_legend,table_0,opensans,regular,10,29schl02_20211228_165823_3566393711_600_800.png,/scratch/parceirosbr/bigoilict/share/BigOil/document_generator/datasets/documents_2021_12_28/29schl02_20211228_165823_3566393711_600_800.png,29schl02_20211228_165823_3566393711_600_800_mask.png,"natural gas, water and other fluids and waste are broken down 201.Under n-"
94,6,188,13,201,334,389,347,201,334,389,334,389,347,201,347,sub_line_text,table_legend,table_0,opensans,regular,10,29schl02_20211228_165823_3566393711_600_800.png,/scratch/parceirosbr/bigoilict/share/BigOil/document_generator/datasets/documents_2021_12_28/29schl02_20211228_165823_3566393711_600_800.png,29schl02_20211228_165823_3566393711_600_800_mask.png,"ormal conditions, mud flows from the."
188,19,376,39,201,308,577,347,201,308,577,308,577,347,201,347,text,table_legend,table_1,opensans,regular,10,29schl02_20211228_165823_3566393711_600_800.png,/scratch/parceirosbr/bigoilict/share/BigOil/document_generator/datasets/documents_2021_12_28/29schl02_20211228_165823_3566393711_600_800.png,29schl02_20211228_165823_3566393711_600_800_mask.png,
156,129,312,259,233,400,545,659,233,400,545,400,545,659,233,659,table,table_image,table_1,,,,29schl02_20211228_165823_3566393711_600_800.png,/scratch/parceirosbr/bigoilict/share/BigOil/document_generator/datasets/documents_2021_12_28/29schl02_20211228_165823_3566393711_600_800.png,29schl02_20211228_165823_3566393711_600_800_mask.png,output/gen_tab_20211228_165825_5804767577.png
37,6,75,13,254,405,329,418,254,405,329,405,329,418,254,418,text,table_text,table_1,opensans,regular,10.0,29schl02_20211228_165823_3566393711_600_800.png,/scratch/parceirosbr/bigoilict/share/BigOil/document_generator/datasets/documents_2021_12_28/29schl02_20211228_165823_3566393711_600_800.png,29schl02_20211228_165823_3566393711_600_800_mask.png,monitoramento
37,6,75,13,254,405,329,418,254,405,329,405,329,418,254,418,sub_line_text,table_text,table_1,opensans,regular,10.0,29schl02_20211228_165823_3566393711_600_800.png,/scratch/parceirosbr/bigoilict/share/BigOil/document_generator/datasets/documents_2021_12_28/29schl02_20211228_165823_3566393711_600_800.png,29schl02_20211228_165823_3566393711_600_800_mask.png,monitoramento
39,6,78,13,251,421,329,434,251,421,329,421,329,434,251,434,text,table_text,table_1,opensans,bold,10.0,29schl02_20211228_165823_3566393711_600_800.png,/scratch/parceirosbr/bigoilict/share/BigOil/document_generator/datasets/documents_2021_12_28/29schl02_20211228_165823_3566393711_600_800.png,29schl02_20211228_165823_3566393711_600_800_mask.png,5655153937077
39,6,78,13,251,421,329,434,251,421,329,421,329,434,251,434,sub_line_text,table_text,table_1,opensans,bold,10.0,29schl02_20211228_165823_3566393711_600_800.png,/scratch/parceirosbr/bigoilict/share/BigOil/document_generator/datasets/documents_2021_12_28/29schl02_20211228_165823_3566393711_600_800.png,29schl02_20211228_165823_3566393711_600_800_mask.png,5655153937077
39,6,78,13,251,437,329,450,251,437,329,437,329,450,251,450,text,table_text,table_1,opensans,bold,10.0,29schl02_20211228_165823_3566393711_600_800.png,/scratch/parceirosbr/bigoilict/share/BigOil/document_generator/datasets/documents_2021_12_28/29schl02_20211228_165823_3566393711_600_800.png,29schl02_20211228_165823_3566393711_600_800_mask.png,1303816619595
39,6,78,13,251,437,329,450,251,437,329,437,329,450,251,450,sub_line_text,table_text,table_1,opensans,bold,10.0,29schl02_20211228_165823_3566393711_600_800.png,/scratch/parceirosbr/bigoilict/share/BigOil/document_generator/datasets/documents_2021_12_28/29schl02_20211228_165823_3566393711_600_800.png,29schl02_20211228_165823_3566393711_600_800_mask.png,1303816619595
39,6,78,13,251,453,329,466,251,453,329,453,329,466,251,466,text,table_text,table_1,opensans,bold,10.0,29schl02_20211228_165823_3566393711_600_800.png,/scratch/parceirosbr/bigoilict/share/BigOil/document_generator/datasets/documents_2021_12_28/29schl02_20211228_165823_3566393711_600_800.png,29schl02_20211228_165823_3566393711_600_800_mask.png,8426443369847
39,6,78,13,251,453,329,466,251,453,329,453,329,466,251,466,sub_line_text,table_text,table_1,opensans,bold,10.0,29schl02_20211228_165823_3566393711_600_800.png,/scratch/parceirosbr/bigoilict/share/BigOil/document_generator/datasets/documents_2021_12_28/29schl02_20211228_165823_3566393711_600_800.png,29schl02_20211228_165823_3566393711_600_800_mask.png,8426443369847
39,6,78,13,251,469,329,482,251,469,329,469,329,482,251,482,text,table_text,table_1,opensans,bold,10.0,29schl02_20211228_165823_3566393711_600_800.png,/scratch/parceirosbr/bigoilict/share/BigOil/document_generator/datasets/documents_2021_12_28/29schl02_20211228_165823_3566393711_600_800.png,29schl02_20211228_165823_3566393711_600_800_mask.png,6345149917028
39,6,78,13,251,469,329,482,251,469,329,469,329,482,251,482,sub_line_text,table_text,table_1,opensans,bold,10.0,29schl02_20211228_165823_3566393711_600_800.png,/scratch/parceirosbr/bigoilict/share/BigOil/document_generator/datasets/documents_2021_12_28/29schl02_20211228_165823_3566393711_600_800.png,29schl02_20211228_165823_3566393711_600_800_mask.png,6345149917028
39,6,78,13,251,485,329,498,251,485,329,485,329,498,251,498,text,table_text,table_1,opensans,bold,10.0,29schl02_20211228_165823_3566393711_600_800.png,/scratch/parceirosbr/bigoilict/share/BigOil/document_generator/datasets/documents_2021_12_28/29schl02_20211228_165823_3566393711_600_800.png,29schl02_20211228_165823_3566393711_600_800_mask.png,3925461262352
39,6,78,13,251,485,329,498,251,485,329,485,329,498,251,498,sub_line_text,table_text,table_1,opensans,bold,10.0,29schl02_20211228_165823_3566393711_600_800.png,/scratch/parceirosbr/bigoilict/share/BigOil/document_generator/datasets/documents_2021_12_28/29schl02_20211228_165823_3566393711_600_800.png,29schl02_20211228_165823_3566393711_600_800_mask.png,3925461262352
39,6,78,13,251,501,329,514,251,501,329,501,329,514,251,514,text,table_text,table_1,opensans,bold,10.0,29schl02_20211228_165823_3566393711_600_800.png,/scratch/parceirosbr/bigoilict/share/BigOil/document_generator/datasets/documents_2021_12_28/29schl02_20211228_165823_3566393711_600_800.png,29schl02_20211228_165823_3566393711_600_800_mask.png,7454401084239
39,6,78,13,251,501,329,514,251,501,329,501,329,514,251,514,sub_line_text,table_text,table_1,opensans,bold,10.0,29schl02_20211228_165823_3566393711_600_800.png,/scratch/parceirosbr/bigoilict/share/BigOil/document_generator/datasets/documents_2021_12_28/29schl02_20211228_165823_3566393711_600_800.png,29schl02_20211228_165823_3566393711_600_800_mask.png,7454401084239
39,6,78,13,251,517,329,530,251,517,329,517,329,530,251,530,text,table_text,table_1,opensans,bold,10.0,29schl02_20211228_165823_3566393711_600_800.png,/scratch/parceirosbr/bigoilict/share/BigOil/document_generator/datasets/documents_2021_12_28/29schl02_20211228_165823_3566393711_600_800.png,29schl02_20211228_165823_3566393711_600_800_mask.png,4125821072812
39,6,78,13,251,517,329,530,251,517,329,517,329,530,251,530,sub_line_text,table_text,table_1,opensans,bold,10.0,29schl02_20211228_165823_3566393711_600_800.png,/scratch/parceirosbr/bigoilict/share/BigOil/document_generator/datasets/documents_2021_12_28/29schl02_20211228_165823_3566393711_600_800.png,29schl02_20211228_165823_3566393711_600_800_mask.png,4125821072812
39,6,78,13,251,533,329,546,251,533,329,533,329,546,251,546,text,table_text,table_1,opensans,bold,10.0,29schl02_20211228_165823_3566393711_600_800.png,/scratch/parceirosbr/bigoilict/share/BigOil/document_generator/datasets/documents_2021_12_28/29schl02_20211228_165823_3566393711_600_800.png,29schl02_20211228_165823_3566393711_600_800_mask.png,1013507852914
39,6,78,13,251,533,329,546,251,533,329,533,329,546,251,546,sub_line_text,table_text,table_1,opensans,bold,10.0,29schl02_20211228_165823_3566393711_600_800.png,/scratch/parceirosbr/bigoilict/share/BigOil/document_generator/datasets/documents_2021_12_28/29schl02_20211228_165823_3566393711_600_800.png,29schl02_20211228_165823_3566393711_600_800_mask.png,1013507852914
39,6,78,13,251,549,329,562,251,549,329,549,329,562,251,562,text,table_text,table_1,opensans,bold,10.0,29schl02_20211228_165823_3566393711_600_800.png,/scratch/parceirosbr/bigoilict/share/BigOil/document_generator/datasets/documents_2021_12_28/29schl02_20211228_165823_3566393711_600_800.png,29schl02_20211228_165823_3566393711_600_800_mask.png,3113431788463
39,6,78,13,251,549,329,562,251,549,329,549,329,562,251,562,sub_line_text,table_text,table_1,opensans,bold,10.0,29schl02_20211228_165823_3566393711_600_800.png,/scratch/parceirosbr/bigoilict/share/BigOil/document_generator/datasets/documents_2021_12_28/29schl02_20211228_165823_3566393711_600_800.png,29schl02_20211228_165823_3566393711_600_800_mask.png,3113431788463
39,6,78,13,251,565,329,578,251,565,329,565,329,578,251,578,text,table_text,table_1,opensans,bold,10.0,29schl02_20211228_165823_3566393711_600_800.png,/scratch/parceirosbr/bigoilict/share/BigOil/document_generator/datasets/documents_2021_12_28/29schl02_20211228_165823_3566393711_600_800.png,29schl02_20211228_165823_3566393711_600_800_mask.png,7328872929657
39,6,78,13,251,565,329,578,251,565,329,565,329,578,251,578,sub_line_text,table_text,table_1,opensans,bold,10.0,29schl02_20211228_165823_3566393711_600_800.png,/scratch/parceirosbr/bigoilict/share/BigOil/document_generator/datasets/documents_2021_12_28/29schl02_20211228_165823_3566393711_600_800.png,29schl02_20211228_165823_3566393711_600_800_mask.png,7328872929657
39,6,78,13,251,581,329,594,251,581,329,581,329,594,251,594,text,table_text,table_1,opensans,bold,10.0,29schl02_20211228_165823_3566393711_600_800.png,/scratch/parceirosbr/bigoilict/share/BigOil/document_generator/datasets/documents_2021_12_28/29schl02_20211228_165823_3566393711_600_800.png,29schl02_20211228_165823_3566393711_600_800_mask.png,9401455934262
39,6,78,13,251,581,329,594,251,581,329,581,329,594,251,594,sub_line_text,table_text,table_1,opensans,bold,10.0,29schl02_20211228_165823_3566393711_600_800.png,/scratch/parceirosbr/bigoilict/share/BigOil/document_generator/datasets/documents_2021_12_28/29schl02_20211228_165823_3566393711_600_800.png,29schl02_20211228_165823_3566393711_600_800_mask.png,9401455934262
39,6,78,13,251,597,329,610,251,597,329,597,329,610,251,610,text,table_text,table_1,opensans,bold,10.0,29schl02_20211228_165823_3566393711_600_800.png,/scratch/parceirosbr/bigoilict/share/BigOil/document_generator/datasets/documents_2021_12_28/29schl02_20211228_165823_3566393711_600_800.png,29schl02_20211228_165823_3566393711_600_800_mask.png,9965080739743
39,6,78,13,251,597,329,610,251,597,329,597,329,610,251,610,sub_line_text,table_text,table_1,opensans,bold,10.0,29schl02_20211228_165823_3566393711_600_800.png,/scratch/parceirosbr/bigoilict/share/BigOil/document_generator/datasets/documents_2021_12_28/29schl02_20211228_165823_3566393711_600_800.png,29schl02_20211228_165823_3566393711_600_800_mask.png,9965080739743
39,6,78,13,251,613,329,626,251,613,329,613,329,626,251,626,text,table_text,table_1,opensans,bold,10.0,29schl02_20211228_165823_3566393711_600_800.png,/scratch/parceirosbr/bigoilict/share/BigOil/document_generator/datasets/documents_2021_12_28/29schl02_20211228_165823_3566393711_600_800.png,29schl02_20211228_165823_3566393711_600_800_mask.png,9704042587045
39,6,78,13,251,613,329,626,251,613,329,613,329,626,251,626,sub_line_text,table_text,table_1,opensans,bold,10.0,29schl02_20211228_165823_3566393711_600_800.png,/scratch/parceirosbr/bigoilict/share/BigOil/document_generator/datasets/documents_2021_12_28/29schl02_20211228_165823_3566393711_600_800.png,29schl02_20211228_165823_3566393711_600_800_mask.png,9704042587045
39,6,78,13,460,629,538,642,460,629,538,629,538,642,460,642,text,table_text,table_1,opensans,regular,10.0,29schl02_20211228_165823_3566393711_600_800.png,/scratch/parceirosbr/bigoilict/share/BigOil/document_generator/datasets/documents_2021_12_28/29schl02_20211228_165823_3566393711_600_800.png,29schl02_20211228_165823_3566393711_600_800_mask.png,7784218927686
39,6,78,13,460,629,538,642,460,629,538,629,538,642,460,642,sub_line_text,table_text,table_1,opensans,regular,10.0,29schl02_20211228_165823_3566393711_600_800.png,/scratch/parceirosbr/bigoilict/share/BigOil/document_generator/datasets/documents_2021_12_28/29schl02_20211228_165823_3566393711_600_800.png,29schl02_20211228_165823_3566393711_600_800_mask.png,7784218927686
11,6,22,13,351,405,373,418,351,405,373,405,373,418,351,418,text,table_text,table_1,opensans,regular,10.0,29schl02_20211228_165823_3566393711_600_800.png,/scratch/parceirosbr/bigoilict/share/BigOil/document_generator/datasets/documents_2021_12_28/29schl02_20211228_165823_3566393711_600_800.png,29schl02_20211228_165823_3566393711_600_800_mask.png,caso
11,6,22,13,351,405,373,418,351,405,373,405,373,418,351,418,sub_line_text,table_text,table_1,opensans,regular,10.0,29schl02_20211228_165823_3566393711_600_800.png,/scratch/parceirosbr/bigoilict/share/BigOil/document_generator/datasets/documents_2021_12_28/29schl02_20211228_165823_3566393711_600_800.png,29schl02_20211228_165823_3566393711_600_800_mask.png,caso
13,6,27,13,348,421,375,434,348,421,375,421,375,434,348,434,text,table_text,table_1,opensans,bold,10.0,29schl02_20211228_165823_3566393711_600_800.png,/scratch/parceirosbr/bigoilict/share/BigOil/document_generator/datasets/documents_2021_12_28/29schl02_20211228_165823_3566393711_600_800.png,29schl02_20211228_165823_3566393711_600_800_mask.png,parte
13,6,27,13,348,421,375,434,348,421,375,421,375,434,348,434,sub_line_text,table_text,table_1,opensans,bold,10.0,29schl02_20211228_165823_3566393711_600_800.png,/scratch/parceirosbr/bigoilict/share/BigOil/document_generator/datasets/documents_2021_12_28/29schl02_20211228_165823_3566393711_600_800.png,29schl02_20211228_165823_3566393711_600_800_mask.png,parte
19,6,38,13,343,437,381,450,343,437,381,437,381,450,343,450,text,table_text,table_1,opensans,bold,10.0,29schl02_20211228_165823_3566393711_600_800.png,/scratch/parceirosbr/bigoilict/share/BigOil/document_generator/datasets/documents_2021_12_28/29schl02_20211228_165823_3566393711_600_800.png,29schl02_20211228_165823_3566393711_600_800_mask.png,tomada
19,6,38,13,343,437,381,450,343,437,381,437,381,450,343,450,sub_line_text,table_text,table_1,opensans,bold,10.0,29schl02_20211228_165823_3566393711_600_800.png,/scratch/parceirosbr/bigoilict/share/BigOil/document_generator/datasets/documents_2021_12_28/29schl02_20211228_165823_3566393711_600_800.png,29schl02_20211228_165823_3566393711_600_800_mask.png,tomada
20,6,41,13,341,453,382,466,341,453,382,453,382,466,341,466,text,table_text,table_1,opensans,bold,10.0,29schl02_20211228_165823_3566393711_600_800.png,/scratch/parceirosbr/bigoilict/share/BigOil/document_generator/datasets/documents_2021_12_28/29schl02_20211228_165823_3566393711_600_800.png,29schl02_20211228_165823_3566393711_600_800_mask.png,partirde
20,6,41,13,341,453,382,466,341,453,382,453,382,466,341,466,sub_line_text,table_text,table_1,opensans,bold,10.0,29schl02_20211228_165823_3566393711_600_800.png,/scratch/parceirosbr/bigoilict/share/BigOil/document_generator/datasets/documents_2021_12_28/29schl02_20211228_165823_3566393711_600_800.png,29schl02_20211228_165823_3566393711_600_800_mask.png,partirde
21,6,42,13,341,469,383,482,341,469,383,469,383,482,341,482,text,table_text,table_1,opensans,bold,10.0,29schl02_20211228_165823_3566393711_600_800.png,/scratch/parceirosbr/bigoilict/share/BigOil/document_generator/datasets/documents_2021_12_28/29schl02_20211228_165823_3566393711_600_800.png,29schl02_20211228_165823_3566393711_600_800_mask.png,controle
21,6,42,13,341,469,383,482,341,469,383,469,383,482,341,482,sub_line_text,table_text,table_1,opensans,bold,10.0,29schl02_20211228_165823_3566393711_600_800.png,/scratch/parceirosbr/bigoilict/share/BigOil/document_generator/datasets/documents_2021_12_28/29schl02_20211228_165823_3566393711_600_800.png,29schl02_20211228_165823_3566393711_600_800_mask.png,controle
16,6,32,13,345,485,377,498,345,485,377,485,377,498,345,498,text,table_text,table_1,opensans,bold,10.0,29schl02_20211228_165823_3566393711_600_800.png,/scratch/parceirosbr/bigoilict/share/BigOil/document_generator/datasets/documents_2021_12_28/29schl02_20211228_165823_3566393711_600_800.png,29schl02_20211228_165823_3566393711_600_800_mask.png,custos
16,6,32,13,345,485,377,498,345,485,377,485,377,498,345,498,sub_line_text,table_text,table_1,opensans,bold,10.0,29schl02_20211228_165823_3566393711_600_800.png,/scratch/parceirosbr/bigoilict/share/BigOil/document_generator/datasets/documents_2021_12_28/29schl02_20211228_165823_3566393711_600_800.png,29schl02_20211228_165823_3566393711_600_800_mask.png,custos
10,6,21,13,351,501,372,514,351,501,372,501,372,514,351,514,text,table_text,table_1,opensans,bold,10.0,29schl02_20211228_165823_3566393711_600_800.png,/scratch/parceirosbr/bigoilict/share/BigOil/document_generator/datasets/documents_2021_12_28/29schl02_20211228_165823_3566393711_600_800.png,29schl02_20211228_165823_3566393711_600_800_mask.png,este
10,6,21,13,351,501,372,514,351,501,372,501,372,514,351,514,sub_line_text,table_text,table_1,opensans,bold,10.0,29schl02_20211228_165823_3566393711_600_800.png,/scratch/parceirosbr/bigoilict/share/BigOil/document_generator/datasets/documents_2021_12_28/29schl02_20211228_165823_3566393711_600_800.png,29schl02_20211228_165823_3566393711_600_800_mask.png,este
9,6,19,13,352,517,371,530,352,517,371,517,371,530,352,530,text,table_text,table_1,opensans,bold,10.0,29schl02_20211228_165823_3566393711_600_800.png,/scratch/parceirosbr/bigoilict/share/BigOil/document_generator/datasets/documents_2021_12_28/29schl02_20211228_165823_3566393711_600_800.png,29schl02_20211228_165823_3566393711_600_800_mask.png,não
9,6,19,13,352,517,371,530,352,517,371,517,371,530,352,530,sub_line_text,table_text,table_1,opensans,bold,10.0,29schl02_20211228_165823_3566393711_600_800.png,/scratch/parceirosbr/bigoilict/share/BigOil/document_generator/datasets/documents_2021_12_28/29schl02_20211228_165823_3566393711_600_800.png,29schl02_20211228_165823_3566393711_600_800_mask.png,não
19,6,38,13,343,533,381,546,343,533,381,533,381,546,343,546,text,table_text,table_1,opensans,bold,10.0,29schl02_20211228_165823_3566393711_600_800.png,/scratch/parceirosbr/bigoilict/share/BigOil/document_generator/datasets/documents_2021_12_28/29schl02_20211228_165823_3566393711_600_800.png,29schl02_20211228_165823_3566393711_600_800_mask.png,comum
19,6,38,13,343,533,381,546,343,533,381,533,381,546,343,546,sub_line_text,table_text,table_1,opensans,bold,10.0,29schl02_20211228_165823_3566393711_600_800.png,/scratch/parceirosbr/bigoilict/share/BigOil/document_generator/datasets/documents_2021_12_28/29schl02_20211228_165823_3566393711_600_800.png,29schl02_20211228_165823_3566393711_600_800_mask.png,comum
21,6,43,13,340,549,383,562,340,549,383,549,383,562,340,562,text,table_text,table_1,opensans,bold,10.0,29schl02_20211228_165823_3566393711_600_800.png,/scratch/parceirosbr/bigoilict/share/BigOil/document_generator/datasets/documents_2021_12_28/29schl02_20211228_165823_3566393711_600_800.png,29schl02_20211228_165823_3566393711_600_800_mask.png,alocação
21,6,43,13,340,549,383,562,340,549,383,549,383,562,340,562,sub_line_text,table_text,table_1,opensans,bold,10.0,29schl02_20211228_165823_3566393711_600_800.png,/scratch/parceirosbr/bigoilict/share/BigOil/document_generator/datasets/documents_2021_12_28/29schl02_20211228_165823_3566393711_600_800.png,29schl02_20211228_165823_3566393711_600_800_mask.png,alocação
20,6,40,13,341,565,381,578,341,565,381,565,381,578,341,578,text,table_text,table_1,opensans,bold,10.0,29schl02_20211228_165823_3566393711_600_800.png,/scratch/parceirosbr/bigoilict/share/BigOil/document_generator/datasets/documents_2021_12_28/29schl02_20211228_165823_3566393711_600_800.png,29schl02_20211228_165823_3566393711_600_800_mask.png,reunião
20,6,40,13,341,565,381,578,341,565,381,565,381,578,341,578,sub_line_text,table_text,table_1,opensans,bold,10.0,29schl02_20211228_165823_3566393711_600_800.png,/scratch/parceirosbr/bigoilict/share/BigOil/document_generator/datasets/documents_2021_12_28/29schl02_20211228_165823_3566393711_600_800.png,29schl02_20211228_165823_3566393711_600_800_mask.png,reunião
12,6,24,13,349,581,373,594,349,581,373,581,373,594,349,594,text,table_text,table_1,opensans,bold,10.0,29schl02_20211228_165823_3566393711_600_800.png,/scratch/parceirosbr/bigoilict/share/BigOil/document_generator/datasets/documents_2021_12_28/29schl02_20211228_165823_3566393711_600_800.png,29schl02_20211228_165823_3566393711_600_800_mask.png,mais
12,6,24,13,349,581,373,594,349,581,373,581,373,594,349,594,sub_line_text,table_text,table_1,opensans,bold,10.0,29schl02_20211228_165823_3566393711_600_800.png,/scratch/parceirosbr/bigoilict/share/BigOil/document_generator/datasets/documents_2021_12_28/29schl02_20211228_165823_3566393711_600_800.png,29schl02_20211228_165823_3566393711_600_800_mask.png,mais
19,6,38,13,343,597,381,610,343,597,381,597,381,610,343,610,text,table_text,table_1,opensans,bold,10.0,29schl02_20211228_165823_3566393711_600_800.png,/scratch/parceirosbr/bigoilict/share/BigOil/document_generator/datasets/documents_2021_12_28/29schl02_20211228_165823_3566393711_600_800.png,29schl02_20211228_165823_3566393711_600_800_mask.png,tomada
19,6,38,13,343,597,381,610,343,597,381,597,381,610,343,610,sub_line_text,table_text,table_1,opensans,bold,10.0,29schl02_20211228_165823_3566393711_600_800.png,/scratch/parceirosbr/bigoilict/share/BigOil/document_generator/datasets/documents_2021_12_28/29schl02_20211228_165823_3566393711_600_800.png,29schl02_20211228_165823_3566393711_600_800_mask.png,tomada
24,6,49,13,337,613,386,626,337,613,386,613,386,626,337,626,text,table_text,table_1,opensans,bold,10.0,29schl02_20211228_165823_3566393711_600_800.png,/scratch/parceirosbr/bigoilict/share/BigOil/document_generator/datasets/documents_2021_12_28/29schl02_20211228_165823_3566393711_600_800.png,29schl02_20211228_165823_3566393711_600_800_mask.png,principais
24,6,49,13,337,613,386,626,337,613,386,613,386,626,337,626,sub_line_text,table_text,table_1,opensans,bold,10.0,29schl02_20211228_165823_3566393711_600_800.png,/scratch/parceirosbr/bigoilict/share/BigOil/document_generator/datasets/documents_2021_12_28/29schl02_20211228_165823_3566393711_600_800.png,29schl02_20211228_165823_3566393711_600_800_mask.png,principais
10,6,20,13,425,405,445,418,425,405,445,405,445,418,425,418,text,table_text,table_1,opensans,regular,10.0,29schl02_20211228_165823_3566393711_600_800.png,/scratch/parceirosbr/bigoilict/share/BigOil/document_generator/datasets/documents_2021_12_28/29schl02_20211228_165823_3566393711_600_800.png,29schl02_20211228_165823_3566393711_600_800_mask.png,bico
10,6,20,13,425,405,445,418,425,405,445,405,445,418,425,418,sub_line_text,table_text,table_1,opensans,regular,10.0,29schl02_20211228_165823_3566393711_600_800.png,/scratch/parceirosbr/bigoilict/share/BigOil/document_generator/datasets/documents_2021_12_28/29schl02_20211228_165823_3566393711_600_800.png,29schl02_20211228_165823_3566393711_600_800_mask.png,bico
22,6,45,13,400,421,445,434,400,421,445,421,445,434,400,434,text,table_text,table_1,opensans,bold,10.0,29schl02_20211228_165823_3566393711_600_800.png,/scratch/parceirosbr/bigoilict/share/BigOil/document_generator/datasets/documents_2021_12_28/29schl02_20211228_165823_3566393711_600_800.png,29schl02_20211228_165823_3566393711_600_800_mask.png,5738.083
22,6,45,13,400,421,445,434,400,421,445,421,445,434,400,434,sub_line_text,table_text,table_1,opensans,bold,10.0,29schl02_20211228_165823_3566393711_600_800.png,/scratch/parceirosbr/bigoilict/share/BigOil/document_generator/datasets/documents_2021_12_28/29schl02_20211228_165823_3566393711_600_800.png,29schl02_20211228_165823_3566393711_600_800_mask.png,5738.083
22,6,45,13,400,437,445,450,400,437,445,437,445,450,400,450,text,table_text,table_1,opensans,bold,10.0,29schl02_20211228_165823_3566393711_600_800.png,/scratch/parceirosbr/bigoilict/share/BigOil/document_generator/datasets/documents_2021_12_28/29schl02_20211228_165823_3566393711_600_800.png,29schl02_20211228_165823_3566393711_600_800_mask.png,8906.073
22,6,45,13,400,437,445,450,400,437,445,437,445,450,400,450,sub_line_text,table_text,table_1,opensans,bold,10.0,29schl02_20211228_165823_3566393711_600_800.png,/scratch/parceirosbr/bigoilict/share/BigOil/document_generator/datasets/documents_2021_12_28/29schl02_20211228_165823_3566393711_600_800.png,29schl02_20211228_165823_3566393711_600_800_mask.png,8906.073
22,6,45,13,400,453,445,466,400,453,445,453,445,466,400,466,text,table_text,table_1,opensans,bold,10.0,29schl02_20211228_165823_3566393711_600_800.png,/scratch/parceirosbr/bigoilict/share/BigOil/document_generator/datasets/documents_2021_12_28/29schl02_20211228_165823_3566393711_600_800.png,29schl02_20211228_165823_3566393711_600_800_mask.png,3207.839
22,6,45,13,400,453,445,466,400,453,445,453,445,466,400,466,sub_line_text,table_text,table_1,opensans,bold,10.0,29schl02_20211228_165823_3566393711_600_800.png,/scratch/parceirosbr/bigoilict/share/BigOil/document_generator/datasets/documents_2021_12_28/29schl02_20211228_165823_3566393711_600_800.png,29schl02_20211228_165823_3566393711_600_800_mask.png,3207.839
22,6,45,13,400,469,445,482,400,469,445,469,445,482,400,482,text,table_text,table_1,opensans,bold,10.0,29schl02_20211228_165823_3566393711_600_800.png,/scratch/parceirosbr/bigoilict/share/BigOil/document_generator/datasets/documents_2021_12_28/29schl02_20211228_165823_3566393711_600_800.png,29schl02_20211228_165823_3566393711_600_800_mask.png,9721.081
22,6,45,13,400,469,445,482,400,469,445,469,445,482,400,482,sub_line_text,table_text,table_1,opensans,bold,10.0,29schl02_20211228_165823_3566393711_600_800.png,/scratch/parceirosbr/bigoilict/share/BigOil/document_generator/datasets/documents_2021_12_28/29schl02_20211228_165823_3566393711_600_800.png,29schl02_20211228_165823_3566393711_600_800_mask.png,9721.081
22,6,45,13,400,485,445,498,400,485,445,485,445,498,400,498,text,table_text,table_1,opensans,bold,10.0,29schl02_20211228_165823_3566393711_600_800.png,/scratch/parceirosbr/bigoilict/share/BigOil/document_generator/datasets/documents_2021_12_28/29schl02_20211228_165823_3566393711_600_800.png,29schl02_20211228_165823_3566393711_600_800_mask.png,2000.819
22,6,45,13,400,485,445,498,400,485,445,485,445,498,400,498,sub_line_text,table_text,table_1,opensans,bold,10.0,29schl02_20211228_165823_3566393711_600_800.png,/scratch/parceirosbr/bigoilict/share/BigOil/document_generator/datasets/documents_2021_12_28/29schl02_20211228_165823_3566393711_600_800.png,29schl02_20211228_165823_3566393711_600_800_mask.png,2000.819
22,6,45,13,400,501,445,514,400,501,445,501,445,514,400,514,text,table_text,table_1,opensans,bold,10.0,29schl02_20211228_165823_3566393711_600_800.png,/scratch/parceirosbr/bigoilict/share/BigOil/document_generator/datasets/documents_2021_12_28/29schl02_20211228_165823_3566393711_600_800.png,29schl02_20211228_165823_3566393711_600_800_mask.png,2709.911
22,6,45,13,400,501,445,514,400,501,445,501,445,514,400,514,sub_line_text,table_text,table_1,opensans,bold,10.0,29schl02_20211228_165823_3566393711_600_800.png,/scratch/parceirosbr/bigoilict/share/BigOil/document_generator/datasets/documents_2021_12_28/29schl02_20211228_165823_3566393711_600_800.png,29schl02_20211228_165823_3566393711_600_800_mask.png,2709.911
22,6,45,13,400,517,445,530,400,517,445,517,445,530,400,530,text,table_text,table_1,opensans,bold,10.0,29schl02_20211228_165823_3566393711_600_800.png,/scratch/parceirosbr/bigoilict/share/BigOil/document_generator/datasets/documents_2021_12_28/29schl02_20211228_165823_3566393711_600_800.png,29schl02_20211228_165823_3566393711_600_800_mask.png,6778.724
22,6,45,13,400,517,445,530,400,517,445,517,445,530,400,530,sub_line_text,table_text,table_1,opensans,bold,10.0,29schl02_20211228_165823_3566393711_600_800.png,/scratch/parceirosbr/bigoilict/share/BigOil/document_generator/datasets/documents_2021_12_28/29schl02_20211228_165823_3566393711_600_800.png,29schl02_20211228_165823_3566393711_600_800_mask.png,6778.724
22,6,45,13,400,533,445,546,400,533,445,533,445,546,400,546,text,table_text,table_1,opensans,bold,10.0,29schl02_20211228_165823_3566393711_600_800.png,/scratch/parceirosbr/bigoilict/share/BigOil/document_generator/datasets/documents_2021_12_28/29schl02_20211228_165823_3566393711_600_800.png,29schl02_20211228_165823_3566393711_600_800_mask.png,3374.052
22,6,45,13,400,533,445,546,400,533,445,533,445,546,400,546,sub_line_text,table_text,table_1,opensans,bold,10.0,29schl02_20211228_165823_3566393711_600_800.png,/scratch/parceirosbr/bigoilict/share/BigOil/document_generator/datasets/documents_2021_12_28/29schl02_20211228_165823_3566393711_600_800.png,29schl02_20211228_165823_3566393711_600_800_mask.png,3374.052
22,6,45,13,400,549,445,562,400,549,445,549,445,562,400,562,text,table_text,table_1,opensans,bold,10.0,29schl02_20211228_165823_3566393711_600_800.png,/scratch/parceirosbr/bigoilict/share/BigOil/document_generator/datasets/documents_2021_12_28/29schl02_20211228_165823_3566393711_600_800.png,29schl02_20211228_165823_3566393711_600_800_mask.png,8083.476
22,6,45,13,400,549,445,562,400,549,445,549,445,562,400,562,sub_line_text,table_text,table_1,opensans,bold,10.0,29schl02_20211228_165823_3566393711_600_800.png,/scratch/parceirosbr/bigoilict/share/BigOil/document_generator/datasets/documents_2021_12_28/29schl02_20211228_165823_3566393711_600_800.png,29schl02_20211228_165823_3566393711_600_800_mask.png,8083.476
22,6,45,13,400,565,445,578,400,565,445,565,445,578,400,578,text,table_text,table_1,opensans,bold,10.0,29schl02_20211228_165823_3566393711_600_800.png,/scratch/parceirosbr/bigoilict/share/BigOil/document_generator/datasets/documents_2021_12_28/29schl02_20211228_165823_3566393711_600_800.png,29schl02_20211228_165823_3566393711_600_800_mask.png,3299.871
22,6,45,13,400,565,445,578,400,565,445,565,445,578,400,578,sub_line_text,table_text,table_1,opensans,bold,10.0,29schl02_20211228_165823_3566393711_600_800.png,/scratch/parceirosbr/bigoilict/share/BigOil/document_generator/datasets/documents_2021_12_28/29schl02_20211228_165823_3566393711_600_800.png,29schl02_20211228_165823_3566393711_600_800_mask.png,3299.871
22,6,45,13,400,581,445,594,400,581,445,581,445,594,400,594,text,table_text,table_1,opensans,bold,10.0,29schl02_20211228_165823_3566393711_600_800.png,/scratch/parceirosbr/bigoilict/share/BigOil/document_generator/datasets/documents_2021_12_28/29schl02_20211228_165823_3566393711_600_800.png,29schl02_20211228_165823_3566393711_600_800_mask.png,4739.054
22,6,45,13,400,581,445,594,400,581,445,581,445,594,400,594,sub_line_text,table_text,table_1,opensans,bold,10.0,29schl02_20211228_165823_3566393711_600_800.png,/scratch/parceirosbr/bigoilict/share/BigOil/document_generator/datasets/documents_2021_12_28/29schl02_20211228_165823_3566393711_600_800.png,29schl02_20211228_165823_3566393711_600_800_mask.png,4739.054
22,6,45,13,400,597,445,610,400,597,445,597,445,610,400,610,text,table_text,table_1,opensans,bold,10.0,29schl02_20211228_165823_3566393711_600_800.png,/scratch/parceirosbr/bigoilict/share/BigOil/document_generator/datasets/documents_2021_12_28/29schl02_20211228_165823_3566393711_600_800.png,29schl02_20211228_165823_3566393711_600_800_mask.png,6119.284
22,6,45,13,400,597,445,610,400,597,445,597,445,610,400,610,sub_line_text,table_text,table_1,opensans,bold,10.0,29schl02_20211228_165823_3566393711_600_800.png,/scratch/parceirosbr/bigoilict/share/BigOil/document_generator/datasets/documents_2021_12_28/29schl02_20211228_165823_3566393711_600_800.png,29schl02_20211228_165823_3566393711_600_800_mask.png,6119.284
22,6,45,13,400,613,445,626,400,613,445,613,445,626,400,626,text,table_text,table_1,opensans,bold,10.0,29schl02_20211228_165823_3566393711_600_800.png,/scratch/parceirosbr/bigoilict/share/BigOil/document_generator/datasets/documents_2021_12_28/29schl02_20211228_165823_3566393711_600_800.png,29schl02_20211228_165823_3566393711_600_800_mask.png,1366.228
22,6,45,13,400,613,445,626,400,613,445,613,445,626,400,626,sub_line_text,table_text,table_1,opensans,bold,10.0,29schl02_20211228_165823_3566393711_600_800.png,/scratch/parceirosbr/bigoilict/share/BigOil/document_generator/datasets/documents_2021_12_28/29schl02_20211228_165823_3566393711_600_800.png,29schl02_20211228_165823_3566393711_600_800_mask.png,1366.228
33,6,67,13,460,405,527,418,460,405,527,405,527,418,460,418,text,table_text,table_1,opensans,regular,10.0,29schl02_20211228_165823_3566393711_600_800.png,/scratch/parceirosbr/bigoilict/share/BigOil/document_generator/datasets/documents_2021_12_28/29schl02_20211228_165823_3566393711_600_800.png,29schl02_20211228_165823_3566393711_600_800_mask.png,complexidade
33,6,67,13,460,405,527,418,460,405,527,405,527,418,460,418,sub_line_text,table_text,table_1,opensans,regular,10.0,29schl02_20211228_165823_3566393711_600_800.png,/scratch/parceirosbr/bigoilict/share/BigOil/document_generator/datasets/documents_2021_12_28/29schl02_20211228_165823_3566393711_600_800.png,29schl02_20211228_165823_3566393711_600_800_mask.png,complexidade
14,6,28,13,479,421,507,434,479,421,507,421,507,434,479,434,text,table_text,table_1,opensans,bold,10.0,29schl02_20211228_165823_3566393711_600_800.png,/scratch/parceirosbr/bigoilict/share/BigOil/document_generator/datasets/documents_2021_12_28/29schl02_20211228_165823_3566393711_600_800.png,29schl02_20211228_165823_3566393711_600_800_mask.png,sobre
14,6,28,13,479,421,507,434,479,421,507,421,507,434,479,434,sub_line_text,table_text,table_1,opensans,bold,10.0,29schl02_20211228_165823_3566393711_600_800.png,/scratch/parceirosbr/bigoilict/share/BigOil/document_generator/datasets/documents_2021_12_28/29schl02_20211228_165823_3566393711_600_800.png,29schl02_20211228_165823_3566393711_600_800_mask.png,sobre
25,6,51,13,468,437,519,450,468,437,519,437,519,450,468,450,text,table_text,table_1,opensans,bold,10.0,29schl02_20211228_165823_3566393711_600_800.png,/scratch/parceirosbr/bigoilict/share/BigOil/document_generator/datasets/documents_2021_12_28/29schl02_20211228_165823_3566393711_600_800.png,29schl02_20211228_165823_3566393711_600_800_mask.png,tamanhos
25,6,51,13,468,437,519,450,468,437,519,437,519,450,468,450,sub_line_text,table_text,table_1,opensans,bold,10.0,29schl02_20211228_165823_3566393711_600_800.png,/scratch/parceirosbr/bigoilict/share/BigOil/document_generator/datasets/documents_2021_12_28/29schl02_20211228_165823_3566393711_600_800.png,29schl02_20211228_165823_3566393711_600_800_mask.png,tamanhos
17,6,34,13,477,453,511,466,477,453,511,453,511,466,477,466,text,table_text,table_1,opensans,bold,10.0,29schl02_20211228_165823_3566393711_600_800.png,/scratch/parceirosbr/bigoilict/share/BigOil/document_generator/datasets/documents_2021_12_28/29schl02_20211228_165823_3566393711_600_800.png,29schl02_20211228_165823_3566393711_600_800_mask.png,sujeito
17,6,34,13,477,453,511,466,477,453,511,453,511,466,477,466,sub_line_text,table_text,table_1,opensans,bold,10.0,29schl02_20211228_165823_3566393711_600_800.png,/scratch/parceirosbr/bigoilict/share/BigOil/document_generator/datasets/documents_2021_12_28/29schl02_20211228_165823_3566393711_600_800.png,29schl02_20211228_165823_3566393711_600_800_mask.png,sujeito
14,6,28,13,479,469,507,482,479,469,507,469,507,482,479,482,text,table_text,table_1,opensans,bold,10.0,29schl02_20211228_165823_3566393711_600_800.png,/scratch/parceirosbr/bigoilict/share/BigOil/document_generator/datasets/documents_2021_12_28/29schl02_20211228_165823_3566393711_600_800.png,29schl02_20211228_165823_3566393711_600_800_mask.png,áreas
14,6,28,13,479,469,507,482,479,469,507,469,507,482,479,482,sub_line_text,table_text,table_1,opensans,bold,10.0,29schl02_20211228_165823_3566393711_600_800.png,/scratch/parceirosbr/bigoilict/share/BigOil/document_generator/datasets/documents_2021_12_28/29schl02_20211228_165823_3566393711_600_800.png,29schl02_20211228_165823_3566393711_600_800_mask.png,áreas
20,6,41,13,473,485,514,498,473,485,514,485,514,498,473,498,text,table_text,table_1,opensans,bold,10.0,29schl02_20211228_165823_3566393711_600_800.png,/scratch/parceirosbr/bigoilict/share/BigOil/document_generator/datasets/documents_2021_12_28/29schl02_20211228_165823_3566393711_600_800.png,29schl02_20211228_165823_3566393711_600_800_mask.png,máxima
20,6,41,13,473,485,514,498,473,485,514,485,514,498,473,498,sub_line_text,table_text,table_1,opensans,bold,10.0,29schl02_20211228_165823_3566393711_600_800.png,/scratch/parceirosbr/bigoilict/share/BigOil/document_generator/datasets/documents_2021_12_28/29schl02_20211228_165823_3566393711_600_800.png,29schl02_20211228_165823_3566393711_600_800_mask.png,máxima
30,6,61,13,463,501,524,514,463,501,524,501,524,514,463,514,text,table_text,table_1,opensans,bold,10.0,29schl02_20211228_165823_3566393711_600_800.png,/scratch/parceirosbr/bigoilict/share/BigOil/document_generator/datasets/documents_2021_12_28/29schl02_20211228_165823_3566393711_600_800.png,29schl02_20211228_165823_3566393711_600_800_mask.png,escoamento
30,6,61,13,463,501,524,514,463,501,524,501,524,514,463,514,sub_line_text,table_text,table_1,opensans,bold,10.0,29schl02_20211228_165823_3566393711_600_800.png,/scratch/parceirosbr/bigoilict/share/BigOil/document_generator/datasets/documents_2021_12_28/29schl02_20211228_165823_3566393711_600_800.png,29schl02_20211228_165823_3566393711_600_800_mask.png,escoamento
29,6,58,13,465,517,523,530,465,517,523,517,523,530,465,530,text,table_text,table_1,opensans,bold,10.0,29schl02_20211228_165823_3566393711_600_800.png,/scratch/parceirosbr/bigoilict/share/BigOil/document_generator/datasets/documents_2021_12_28/29schl02_20211228_165823_3566393711_600_800.png,29schl02_20211228_165823_3566393711_600_800_mask.png,publicações
29,6,58,13,465,517,523,530,465,517,523,517,523,530,465,530,sub_line_text,table_text,table_1,opensans,bold,10.0,29schl02_20211228_165823_3566393711_600_800.png,/scratch/parceirosbr/bigoilict/share/BigOil/document_generator/datasets/documents_2021_12_28/29schl02_20211228_165823_3566393711_600_800.png,29schl02_20211228_165823_3566393711_600_800_mask.png,publicações
16,6,32,13,477,533,509,546,477,533,509,533,509,546,477,546,text,table_text,table_1,opensans,bold,10.0,29schl02_20211228_165823_3566393711_600_800.png,/scratch/parceirosbr/bigoilict/share/BigOil/document_generator/datasets/documents_2021_12_28/29schl02_20211228_165823_3566393711_600_800.png,29schl02_20211228_165823_3566393711_600_800_mask.png,etanol
16,6,32,13,477,533,509,546,477,533,509,533,509,546,477,546,sub_line_text,table_text,table_1,opensans,bold,10.0,29schl02_20211228_165823_3566393711_600_800.png,/scratch/parceirosbr/bigoilict/share/BigOil/document_generator/datasets/documents_2021_12_28/29schl02_20211228_165823_3566393711_600_800.png,29schl02_20211228_165823_3566393711_600_800_mask.png,etanol
20,6,41,13,473,549,514,562,473,549,514,549,514,562,473,562,text,table_text,table_1,opensans,bold,10.0,29schl02_20211228_165823_3566393711_600_800.png,/scratch/parceirosbr/bigoilict/share/BigOil/document_generator/datasets/documents_2021_12_28/29schl02_20211228_165823_3566393711_600_800.png,29schl02_20211228_165823_3566393711_600_800_mask.png,durante
20,6,41,13,473,549,514,562,473,549,514,549,514,562,473,562,sub_line_text,table_text,table_1,opensans,bold,10.0,29schl02_20211228_165823_3566393711_600_800.png,/scratch/parceirosbr/bigoilict/share/BigOil/document_generator/datasets/documents_2021_12_28/29schl02_20211228_165823_3566393711_600_800.png,29schl02_20211228_165823_3566393711_600_800_mask.png,durante
19,6,38,13,475,565,513,578,475,565,513,565,513,578,475,578,text,table_text,table_1,opensans,bold,10.0,29schl02_20211228_165823_3566393711_600_800.png,/scratch/parceirosbr/bigoilict/share/BigOil/document_generator/datasets/documents_2021_12_28/29schl02_20211228_165823_3566393711_600_800.png,29schl02_20211228_165823_3566393711_600_800_mask.png,queima
19,6,38,13,475,565,513,578,475,565,513,565,513,578,475,578,sub_line_text,table_text,table_1,opensans,bold,10.0,29schl02_20211228_165823_3566393711_600_800.png,/scratch/parceirosbr/bigoilict/share/BigOil/document_generator/datasets/documents_2021_12_28/29schl02_20211228_165823_3566393711_600_800.png,29schl02_20211228_165823_3566393711_600_800_mask.png,queima
17,6,35,13,476,581,511,594,476,581,511,581,511,594,476,594,text,table_text,table_1,opensans,bold,10.0,29schl02_20211228_165823_3566393711_600_800.png,/scratch/parceirosbr/bigoilict/share/BigOil/document_generator/datasets/documents_2021_12_28/29schl02_20211228_165823_3566393711_600_800.png,29schl02_20211228_165823_3566393711_600_800_mask.png,muitas
17,6,35,13,476,581,511,594,476,581,511,581,511,594,476,594,sub_line_text,table_text,table_1,opensans,bold,10.0,29schl02_20211228_165823_3566393711_600_800.png,/scratch/parceirosbr/bigoilict/share/BigOil/document_generator/datasets/documents_2021_12_28/29schl02_20211228_165823_3566393711_600_800.png,29schl02_20211228_165823_3566393711_600_800_mask.png,muitas
9,6,19,13,484,597,503,610,484,597,503,597,503,610,484,610,text,table_text,table_1,opensans,bold,10.0,29schl02_20211228_165823_3566393711_600_800.png,/scratch/parceirosbr/bigoilict/share/BigOil/document_generator/datasets/documents_2021_12_28/29schl02_20211228_165823_3566393711_600_800.png,29schl02_20211228_165823_3566393711_600_800_mask.png,que
9,6,19,13,484,597,503,610,484,597,503,597,503,610,484,610,sub_line_text,table_text,table_1,opensans,bold,10.0,29schl02_20211228_165823_3566393711_600_800.png,/scratch/parceirosbr/bigoilict/share/BigOil/document_generator/datasets/documents_2021_12_28/29schl02_20211228_165823_3566393711_600_800.png,29schl02_20211228_165823_3566393711_600_800_mask.png,que
32,6,64,13,461,613,525,626,461,613,525,613,525,626,461,626,text,table_text,table_1,opensans,bold,10.0,29schl02_20211228_165823_3566393711_600_800.png,/scratch/parceirosbr/bigoilict/share/BigOil/document_generator/datasets/documents_2021_12_28/29schl02_20211228_165823_3566393711_600_800.png,29schl02_20211228_165823_3566393711_600_800_mask.png,inadequação
32,6,64,13,461,613,525,626,461,613,525,613,525,626,461,626,sub_line_text,table_text,table_1,opensans,bold,10.0,29schl02_20211228_165823_3566393711_600_800.png,/scratch/parceirosbr/bigoilict/share/BigOil/document_generator/datasets/documents_2021_12_28/29schl02_20211228_165823_3566393711_600_800.png,29schl02_20211228_165823_3566393711_600_800_mask.png,inadequação
