center_x,center_y,width,height,xmin,ymin,xmax,ymax,top_left_x,top_left_y,top_right_x,top_right_y,bottom_right_x,bottom_right_y,bottom_left_x,bottom_left_y,label,grouplabel,group,text_font,text_style,size_font,filename,path,filename_mask,content
300,400,600,800,0,0,600,800,0,0,600,0,600,800,0,800,document,,,,,,29schl02_20211228_165823_7076834203_600_800.png,/scratch/parceirosbr/bigoilict/share/BigOil/document_generator/datasets/documents_2021_12_28/29schl02_20211228_165823_7076834203_600_800.png,29schl02_20211228_165823_7076834203_600_800_mask.png,
55,6,111,13,27,40,138,53,27,40,138,40,138,53,27,53,sub_line_text,subtitle,subtitle_0,opensans,bold,10,29schl02_20211228_165823_7076834203_600_800.png,/scratch/parceirosbr/bigoilict/share/BigOil/document_generator/datasets/documents_2021_12_28/29schl02_20211228_165823_7076834203_600_800.png,29schl02_20211228_165823_7076834203_600_800_mask.png,Such methodology is
55,6,111,13,27,40,138,53,27,40,138,40,138,53,27,53,title,subtitle,subtitle_1,opensans,bold,10,29schl02_20211228_165823_7076834203_600_800.png,/scratch/parceirosbr/bigoilict/share/BigOil/document_generator/datasets/documents_2021_12_28/29schl02_20211228_165823_7076834203_600_800.png,29schl02_20211228_165823_7076834203_600_800_mask.png,
83,52,167,104,27,59,194,163,27,59,194,59,194,163,27,163,list,list,list_1,opensans,opensans,9,29schl02_20211228_165823_7076834203_600_800.png,/scratch/parceirosbr/bigoilict/share/BigOil/document_generator/datasets/documents_2021_12_28/29schl02_20211228_165823_7076834203_600_800.png,29schl02_20211228_165823_7076834203_600_800_mask.png,
77,6,155,12,27,59,182,71,27,59,182,59,182,71,27,71,sub_line_text,list,list_1,opensans,regular,9,29schl02_20211228_165823_7076834203_600_800.png,/scratch/parceirosbr/bigoilict/share/BigOil/document_generator/datasets/documents_2021_12_28/29schl02_20211228_165823_7076834203_600_800.png,29schl02_20211228_165823_7076834203_600_800_mask.png,Para a execução do projeto serão.
44,6,89,12,27,79,116,91,27,79,116,79,116,91,27,91,sub_line_text,list,list_1,opensans,regular,9,29schl02_20211228_165823_7076834203_600_800.png,/scratch/parceirosbr/bigoilict/share/BigOil/document_generator/datasets/documents_2021_12_28/29schl02_20211228_165823_7076834203_600_800.png,29schl02_20211228_165823_7076834203_600_800_mask.png,O fluido escolhido.
55,6,110,12,27,99,137,111,27,99,137,99,137,111,27,111,sub_line_text,list,list_1,opensans,regular,9,29schl02_20211228_165823_7076834203_600_800.png,/scratch/parceirosbr/bigoilict/share/BigOil/document_generator/datasets/documents_2021_12_28/29schl02_20211228_165823_7076834203_600_800.png,29schl02_20211228_165823_7076834203_600_800_mask.png,As shown in the green.
82,6,164,12,27,119,191,131,27,119,191,119,191,131,27,131,sub_line_text,list,list_1,opensans,regular,9,29schl02_20211228_165823_7076834203_600_800.png,/scratch/parceirosbr/bigoilict/share/BigOil/document_generator/datasets/documents_2021_12_28/29schl02_20211228_165823_7076834203_600_800.png,29schl02_20211228_165823_7076834203_600_800_mask.png,Os  testes  de toxicidade efetuados c-
32,6,64,12,33,131,97,143,33,131,97,131,97,143,33,143,sub_line_text,list,list_1,opensans,regular,9,29schl02_20211228_165823_7076834203_600_800.png,/scratch/parceirosbr/bigoilict/share/BigOil/document_generator/datasets/documents_2021_12_28/29schl02_20211228_165823_7076834203_600_800.png,29schl02_20211228_165823_7076834203_600_800_mask.png,om a amostra.
73,6,147,12,27,151,174,163,27,151,174,151,174,163,27,163,sub_line_text,list,list_1,opensans,regular,9,29schl02_20211228_165823_7076834203_600_800.png,/scratch/parceirosbr/bigoilict/share/BigOil/document_generator/datasets/documents_2021_12_28/29schl02_20211228_165823_7076834203_600_800.png,29schl02_20211228_165823_7076834203_600_800_mask.png,"De acordo com o n 7.764, de 22."
20,6,40,13,27,185,67,198,27,185,67,185,67,198,27,198,sub_line_text,subtitle,subtitle_1,opensans,bold,10,29schl02_20211228_165823_7076834203_600_800.png,/scratch/parceirosbr/bigoilict/share/BigOil/document_generator/datasets/documents_2021_12_28/29schl02_20211228_165823_7076834203_600_800.png,29schl02_20211228_165823_7076834203_600_800_mask.png,A gura
20,6,40,13,27,185,67,198,27,185,67,185,67,198,27,198,title,subtitle,subtitle_2,opensans,bold,10,29schl02_20211228_165823_7076834203_600_800.png,/scratch/parceirosbr/bigoilict/share/BigOil/document_generator/datasets/documents_2021_12_28/29schl02_20211228_165823_7076834203_600_800.png,29schl02_20211228_165823_7076834203_600_800_mask.png,
82,6,164,12,27,202,191,214,27,202,191,202,191,214,27,214,sub_line_text,text,text_0,opensans,regular,9,29schl02_20211228_165823_7076834203_600_800.png,/scratch/parceirosbr/bigoilict/share/BigOil/document_generator/datasets/documents_2021_12_28/29schl02_20211228_165823_7076834203_600_800.png,29schl02_20211228_165823_7076834203_600_800_mask.png,This  slope  of the impedance m deter-
82,6,164,12,27,214,191,226,27,214,191,214,191,226,27,226,sub_line_text,text,text_0,opensans,regular,9,29schl02_20211228_165823_7076834203_600_800.png,/scratch/parceirosbr/bigoilict/share/BigOil/document_generator/datasets/documents_2021_12_28/29schl02_20211228_165823_7076834203_600_800.png,29schl02_20211228_165823_7076834203_600_800_mask.png,"mines  the relationship, where the pa-"
81,6,163,12,27,226,190,238,27,226,190,226,190,238,27,238,sub_line_text,text,text_0,opensans,regular,9,29schl02_20211228_165823_7076834203_600_800.png,/scratch/parceirosbr/bigoilict/share/BigOil/document_generator/datasets/documents_2021_12_28/29schl02_20211228_165823_7076834203_600_800.png,29schl02_20211228_165823_7076834203_600_800_mask.png,rameters  and  cannot be.As amostras
82,6,164,12,27,238,191,250,27,238,191,238,191,250,27,250,sub_line_text,text,text_0,opensans,regular,9,29schl02_20211228_165823_7076834203_600_800.png,/scratch/parceirosbr/bigoilict/share/BigOil/document_generator/datasets/documents_2021_12_28/29schl02_20211228_165823_7076834203_600_800.png,29schl02_20211228_165823_7076834203_600_800_mask.png,coletadas  foram divididas em duas al-
81,6,163,12,27,250,190,262,27,250,190,250,190,262,27,262,sub_line_text,text,text_0,opensans,regular,9,29schl02_20211228_165823_7076834203_600_800.png,/scratch/parceirosbr/bigoilict/share/BigOil/document_generator/datasets/documents_2021_12_28/29schl02_20211228_165823_7076834203_600_800.png,29schl02_20211228_165823_7076834203_600_800_mask.png,"íquotas, sendo uma para medição de-"
82,6,164,12,27,262,191,274,27,262,191,262,191,274,27,274,sub_line_text,text,text_0,opensans,regular,9,29schl02_20211228_165823_7076834203_600_800.png,/scratch/parceirosbr/bigoilict/share/BigOil/document_generator/datasets/documents_2021_12_28/29schl02_20211228_165823_7076834203_600_800.png,29schl02_20211228_165823_7076834203_600_800_mask.png,".Therefore,  this study aims to charact-"
78,6,157,12,27,274,184,286,27,274,184,274,184,286,27,286,sub_line_text,text,text_0,opensans,regular,9,29schl02_20211228_165823_7076834203_600_800.png,/scratch/parceirosbr/bigoilict/share/BigOil/document_generator/datasets/documents_2021_12_28/29schl02_20211228_165823_7076834203_600_800.png,29schl02_20211228_165823_7076834203_600_800_mask.png,erize numerically the influence of oil.
83,78,167,156,27,297,194,453,27,297,194,297,194,453,27,453,list,list,list_2,opensans,opensans,9,29schl02_20211228_165823_7076834203_600_800.png,/scratch/parceirosbr/bigoilict/share/BigOil/document_generator/datasets/documents_2021_12_28/29schl02_20211228_165823_7076834203_600_800.png,29schl02_20211228_165823_7076834203_600_800_mask.png,
82,42,164,84,27,202,191,286,27,202,191,202,191,286,27,286,text,text,text_1,opensans,regular,9,29schl02_20211228_165823_7076834203_600_800.png,/scratch/parceirosbr/bigoilict/share/BigOil/document_generator/datasets/documents_2021_12_28/29schl02_20211228_165823_7076834203_600_800.png,29schl02_20211228_165823_7076834203_600_800_mask.png,
35,6,70,12,27,297,97,309,27,297,97,297,97,309,27,309,sub_line_text,list,list_2,opensans,regular,9,29schl02_20211228_165823_7076834203_600_800.png,/scratch/parceirosbr/bigoilict/share/BigOil/document_generator/datasets/documents_2021_12_28/29schl02_20211228_165823_7076834203_600_800.png,29schl02_20211228_165823_7076834203_600_800_mask.png,Graph 14. 20.
82,6,164,12,27,317,191,329,27,317,191,317,191,329,27,329,sub_line_text,list,list_2,opensans,regular,9,29schl02_20211228_165823_7076834203_600_800.png,/scratch/parceirosbr/bigoilict/share/BigOil/document_generator/datasets/documents_2021_12_28/29schl02_20211228_165823_7076834203_600_800.png,29schl02_20211228_165823_7076834203_600_800_mask.png,"A glicerina bruta, nomeada nos flux-"
40,6,81,12,34,329,115,341,34,329,115,329,115,341,34,341,sub_line_text,list,list_2,opensans,regular,9,29schl02_20211228_165823_7076834203_600_800.png,/scratch/parceirosbr/bigoilict/share/BigOil/document_generator/datasets/documents_2021_12_28/29schl02_20211228_165823_7076834203_600_800.png,29schl02_20211228_165823_7076834203_600_800_mask.png,ogramas como sai.
78,6,156,12,27,349,183,361,27,349,183,349,183,361,27,361,sub_line_text,list,list_2,opensans,regular,9,29schl02_20211228_165823_7076834203_600_800.png,/scratch/parceirosbr/bigoilict/share/BigOil/document_generator/datasets/documents_2021_12_28/29schl02_20211228_165823_7076834203_600_800.png,29schl02_20211228_165823_7076834203_600_800_mask.png,New sources not included in past.
43,6,86,12,27,369,113,381,27,369,113,369,113,381,27,381,sub_line_text,list,list_2,opensans,regular,9,29schl02_20211228_165823_7076834203_600_800.png,/scratch/parceirosbr/bigoilict/share/BigOil/document_generator/datasets/documents_2021_12_28/29schl02_20211228_165823_7076834203_600_800.png,29schl02_20211228_165823_7076834203_600_800_mask.png,impact studies of.
55,6,110,12,27,389,137,401,27,389,137,389,137,401,27,401,sub_line_text,list,list_2,opensans,regular,9,29schl02_20211228_165823_7076834203_600_800.png,/scratch/parceirosbr/bigoilict/share/BigOil/document_generator/datasets/documents_2021_12_28/29schl02_20211228_165823_7076834203_600_800.png,29schl02_20211228_165823_7076834203_600_800_mask.png,More details about the.
76,6,152,12,27,409,179,421,27,409,179,409,179,421,27,421,sub_line_text,list,list_2,opensans,regular,9,29schl02_20211228_165823_7076834203_600_800.png,/scratch/parceirosbr/bigoilict/share/BigOil/document_generator/datasets/documents_2021_12_28/29schl02_20211228_165823_7076834203_600_800.png,29schl02_20211228_165823_7076834203_600_800_mask.png,Os reservatórios em questão são.
82,6,164,12,27,429,191,441,27,429,191,429,191,441,27,441,sub_line_text,list,list_2,opensans,regular,9,29schl02_20211228_165823_7076834203_600_800.png,/scratch/parceirosbr/bigoilict/share/BigOil/document_generator/datasets/documents_2021_12_28/29schl02_20211228_165823_7076834203_600_800.png,29schl02_20211228_165823_7076834203_600_800_mask.png,Wilkander et. al performed one of t-
18,6,37,12,37,441,74,453,37,441,74,441,74,453,37,453,sub_line_text,list,list_2,opensans,regular,9,29schl02_20211228_165823_7076834203_600_800.png,/scratch/parceirosbr/bigoilict/share/BigOil/document_generator/datasets/documents_2021_12_28/29schl02_20211228_165823_7076834203_600_800.png,29schl02_20211228_165823_7076834203_600_800_mask.png,he first.
6,6,13,13,216,40,229,53,216,40,229,40,229,53,216,53,sub_line_text,subtitle,subtitle_2,opensans,bold,10,29schl02_20211228_165823_7076834203_600_800.png,/scratch/parceirosbr/bigoilict/share/BigOil/document_generator/datasets/documents_2021_12_28/29schl02_20211228_165823_7076834203_600_800.png,29schl02_20211228_165823_7076834203_600_800_mask.png,A
6,6,13,13,216,40,229,53,216,40,229,40,229,53,216,53,title,subtitle,subtitle_3,opensans,bold,10,29schl02_20211228_165823_7076834203_600_800.png,/scratch/parceirosbr/bigoilict/share/BigOil/document_generator/datasets/documents_2021_12_28/29schl02_20211228_165823_7076834203_600_800.png,29schl02_20211228_165823_7076834203_600_800_mask.png,
82,6,164,12,216,60,380,72,216,60,380,60,380,72,216,72,sub_line_text,text,text_1,opensans,regular,9,29schl02_20211228_165823_7076834203_600_800.png,/scratch/parceirosbr/bigoilict/share/BigOil/document_generator/datasets/documents_2021_12_28/29schl02_20211228_165823_7076834203_600_800.png,29schl02_20211228_165823_7076834203_600_800_mask.png,O estudo considerou exceção a essa r-
82,6,164,12,216,72,380,84,216,72,380,72,380,84,216,84,sub_line_text,text,text_1,opensans,regular,9,29schl02_20211228_165823_7076834203_600_800.png,/scratch/parceirosbr/bigoilict/share/BigOil/document_generator/datasets/documents_2021_12_28/29schl02_20211228_165823_7076834203_600_800.png,29schl02_20211228_165823_7076834203_600_800_mask.png,egra  o envio da comunicação imediat-
81,6,163,12,216,84,379,96,216,84,379,84,379,96,216,96,sub_line_text,text,text_1,opensans,regular,9,29schl02_20211228_165823_7076834203_600_800.png,/scratch/parceirosbr/bigoilict/share/BigOil/document_generator/datasets/documents_2021_12_28/29schl02_20211228_165823_7076834203_600_800.png,29schl02_20211228_165823_7076834203_600_800_mask.png,"a à no caso de não conformidade, a q-"
81,6,163,12,216,96,379,108,216,96,379,96,379,108,216,108,sub_line_text,text,text_1,opensans,regular,9,29schl02_20211228_165823_7076834203_600_800.png,/scratch/parceirosbr/bigoilict/share/BigOil/document_generator/datasets/documents_2021_12_28/29schl02_20211228_165823_7076834203_600_800.png,29schl02_20211228_165823_7076834203_600_800_mask.png,ual é obrigação exclusiva da firma ins-
82,6,164,12,216,108,380,120,216,108,380,108,380,120,216,120,sub_line_text,text,text_1,opensans,regular,9,29schl02_20211228_165823_7076834203_600_800.png,/scratch/parceirosbr/bigoilict/share/BigOil/document_generator/datasets/documents_2021_12_28/29schl02_20211228_165823_7076834203_600_800.png,29schl02_20211228_165823_7076834203_600_800_mask.png,petora.  100  2.4  parcial.Many projects
82,6,164,12,216,120,380,132,216,120,380,120,380,132,216,132,sub_line_text,text,text_1,opensans,regular,9,29schl02_20211228_165823_7076834203_600_800.png,/scratch/parceirosbr/bigoilict/share/BigOil/document_generator/datasets/documents_2021_12_28/29schl02_20211228_165823_7076834203_600_800.png,29schl02_20211228_165823_7076834203_600_800_mask.png,"did  not  get  off  the ground, or had to"
81,6,163,12,216,132,379,144,216,132,379,132,379,144,216,144,sub_line_text,text,text_1,opensans,regular,9,29schl02_20211228_165823_7076834203_600_800.png,/scratch/parceirosbr/bigoilict/share/BigOil/document_generator/datasets/documents_2021_12_28/29schl02_20211228_165823_7076834203_600_800.png,29schl02_20211228_165823_7076834203_600_800_mask.png,"be  drastically  reduced, due to lack of"
82,6,164,12,216,144,380,156,216,144,380,144,380,156,216,156,sub_line_text,text,text_1,opensans,regular,9,29schl02_20211228_165823_7076834203_600_800.png,/scratch/parceirosbr/bigoilict/share/BigOil/document_generator/datasets/documents_2021_12_28/29schl02_20211228_165823_7076834203_600_800.png,29schl02_20211228_165823_7076834203_600_800_mask.png,funds  and  personnel to be carried o-
81,6,163,12,216,156,379,168,216,156,379,156,379,168,216,168,sub_line_text,text,text_1,opensans,regular,9,29schl02_20211228_165823_7076834203_600_800.png,/scratch/parceirosbr/bigoilict/share/BigOil/document_generator/datasets/documents_2021_12_28/29schl02_20211228_165823_7076834203_600_800.png,29schl02_20211228_165823_7076834203_600_800_mask.png,"ut.In  the case of toluene, fluorescenc-"
82,6,164,12,216,168,380,180,216,168,380,168,380,180,216,180,sub_line_text,text,text_1,opensans,regular,9,29schl02_20211228_165823_7076834203_600_800.png,/scratch/parceirosbr/bigoilict/share/BigOil/document_generator/datasets/documents_2021_12_28/29schl02_20211228_165823_7076834203_600_800.png,29schl02_20211228_165823_7076834203_600_800_mask.png,e  is  practically  non-existent when co-
82,6,164,12,216,180,380,192,216,180,380,180,380,192,216,192,sub_line_text,text,text_1,opensans,regular,9,29schl02_20211228_165823_7076834203_600_800.png,/scratch/parceirosbr/bigoilict/share/BigOil/document_generator/datasets/documents_2021_12_28/29schl02_20211228_165823_7076834203_600_800.png,29schl02_20211228_165823_7076834203_600_800_mask.png,"mpared to gasoline and kerosene, be-"
82,6,164,12,216,192,380,204,216,192,380,192,380,204,216,204,sub_line_text,text,text_1,opensans,regular,9,29schl02_20211228_165823_7076834203_600_800.png,/scratch/parceirosbr/bigoilict/share/BigOil/document_generator/datasets/documents_2021_12_28/29schl02_20211228_165823_7076834203_600_800.png,29schl02_20211228_165823_7076834203_600_800_mask.png,ing  around 20 (water).Nesse último g-
81,6,163,12,216,204,379,216,216,204,379,204,379,216,216,216,sub_line_text,text,text_1,opensans,regular,9,29schl02_20211228_165823_7076834203_600_800.png,/scratch/parceirosbr/bigoilict/share/BigOil/document_generator/datasets/documents_2021_12_28/29schl02_20211228_165823_7076834203_600_800.png,29schl02_20211228_165823_7076834203_600_800_mask.png,"ráfico,  foi  possível  observar que a te-"
82,6,164,12,216,216,380,228,216,216,380,216,380,228,216,228,sub_line_text,text,text_1,opensans,regular,9,29schl02_20211228_165823_7076834203_600_800.png,/scratch/parceirosbr/bigoilict/share/BigOil/document_generator/datasets/documents_2021_12_28/29schl02_20211228_165823_7076834203_600_800.png,29schl02_20211228_165823_7076834203_600_800_mask.png,mperatura  no  ponto próximo a fonte
82,6,164,12,216,228,380,240,216,228,380,228,380,240,216,240,sub_line_text,text,text_1,opensans,regular,9,29schl02_20211228_165823_7076834203_600_800.png,/scratch/parceirosbr/bigoilict/share/BigOil/document_generator/datasets/documents_2021_12_28/29schl02_20211228_165823_7076834203_600_800.png,29schl02_20211228_165823_7076834203_600_800_mask.png,de  radiação eletromagnética aument-
81,6,163,12,216,240,379,252,216,240,379,240,379,252,216,252,sub_line_text,text,text_1,opensans,regular,9,29schl02_20211228_165823_7076834203_600_800.png,/scratch/parceirosbr/bigoilict/share/BigOil/document_generator/datasets/documents_2021_12_28/29schl02_20211228_165823_7076834203_600_800.png,29schl02_20211228_165823_7076834203_600_800_mask.png,ou  consideravelmente  em  relação as
81,6,163,12,216,252,379,264,216,252,379,252,379,264,216,264,sub_line_text,text,text_1,opensans,regular,9,29schl02_20211228_165823_7076834203_600_800.png,/scratch/parceirosbr/bigoilict/share/BigOil/document_generator/datasets/documents_2021_12_28/29schl02_20211228_165823_7076834203_600_800.png,29schl02_20211228_165823_7076834203_600_800_mask.png,"simulações anteriores, porém, o últim-"
82,6,164,12,216,264,380,276,216,264,380,264,380,276,216,276,sub_line_text,text,text_1,opensans,regular,9,29schl02_20211228_165823_7076834203_600_800.png,/scratch/parceirosbr/bigoilict/share/BigOil/document_generator/datasets/documents_2021_12_28/29schl02_20211228_165823_7076834203_600_800.png,29schl02_20211228_165823_7076834203_600_800_mask.png,o ponto não apresentou variação.Mol-
82,6,164,12,216,276,380,288,216,276,380,276,380,288,216,288,sub_line_text,text,text_1,opensans,regular,9,29schl02_20211228_165823_7076834203_600_800.png,/scratch/parceirosbr/bigoilict/share/BigOil/document_generator/datasets/documents_2021_12_28/29schl02_20211228_165823_7076834203_600_800.png,29schl02_20211228_165823_7076834203_600_800_mask.png,ar  fraction  of  (c) molar of (d) molar of
81,6,163,12,216,288,379,300,216,288,379,288,379,300,216,300,sub_line_text,text,text_1,opensans,regular,9,29schl02_20211228_165823_7076834203_600_800.png,/scratch/parceirosbr/bigoilict/share/BigOil/document_generator/datasets/documents_2021_12_28/29schl02_20211228_165823_7076834203_600_800.png,29schl02_20211228_165823_7076834203_600_800_mask.png,(e)  molar  of  (f) 95.At the lowest strain
82,6,164,12,216,300,380,312,216,300,380,300,380,312,216,312,sub_line_text,text,text_1,opensans,regular,9,29schl02_20211228_165823_7076834203_600_800.png,/scratch/parceirosbr/bigoilict/share/BigOil/document_generator/datasets/documents_2021_12_28/29schl02_20211228_165823_7076834203_600_800.png,29schl02_20211228_165823_7076834203_600_800_mask.png,"rate,  0.01  s-1, the (Pa) Rate (1 / sPa) R-"
82,6,164,12,216,312,380,324,216,312,380,312,380,324,216,324,sub_line_text,text,text_1,opensans,regular,9,29schl02_20211228_165823_7076834203_600_800.png,/scratch/parceirosbr/bigoilict/share/BigOil/document_generator/datasets/documents_2021_12_28/29schl02_20211228_165823_7076834203_600_800.png,29schl02_20211228_165823_7076834203_600_800_mask.png,ate  (1 / s) 83 difference in the stress v-
81,6,163,12,216,324,379,336,216,324,379,324,379,336,216,336,sub_line_text,text,text_1,opensans,regular,9,29schl02_20211228_165823_7076834203_600_800.png,/scratch/parceirosbr/bigoilict/share/BigOil/document_generator/datasets/documents_2021_12_28/29schl02_20211228_165823_7076834203_600_800.png,29schl02_20211228_165823_7076834203_600_800_mask.png,alue according to the two directions o-
36,6,72,12,216,336,288,348,216,336,288,336,288,348,216,348,sub_line_text,text,text_1,opensans,regular,9,29schl02_20211228_165823_7076834203_600_800.png,/scratch/parceirosbr/bigoilict/share/BigOil/document_generator/datasets/documents_2021_12_28/29schl02_20211228_165823_7076834203_600_800.png,29schl02_20211228_165823_7076834203_600_800_mask.png,f measurement.
82,144,164,288,216,60,380,348,216,60,380,60,380,348,216,348,text,text,text_2,opensans,regular,9,29schl02_20211228_165823_7076834203_600_800.png,/scratch/parceirosbr/bigoilict/share/BigOil/document_generator/datasets/documents_2021_12_28/29schl02_20211228_165823_7076834203_600_800.png,29schl02_20211228_165823_7076834203_600_800_mask.png,
6,6,13,13,405,40,418,53,405,40,418,40,418,53,405,53,sub_line_text,subtitle,subtitle_3,opensans,bold,10,29schl02_20211228_165823_7076834203_600_800.png,/scratch/parceirosbr/bigoilict/share/BigOil/document_generator/datasets/documents_2021_12_28/29schl02_20211228_165823_7076834203_600_800.png,29schl02_20211228_165823_7076834203_600_800_mask.png,A
6,6,13,13,405,40,418,53,405,40,418,40,418,53,405,53,title,subtitle,subtitle_4,opensans,bold,10,29schl02_20211228_165823_7076834203_600_800.png,/scratch/parceirosbr/bigoilict/share/BigOil/document_generator/datasets/documents_2021_12_28/29schl02_20211228_165823_7076834203_600_800.png,29schl02_20211228_165823_7076834203_600_800_mask.png,
81,6,163,12,405,57,568,69,405,57,568,57,568,69,405,69,sub_line_text,text,text_2,opensans,regular,9,29schl02_20211228_165823_7076834203_600_800.png,/scratch/parceirosbr/bigoilict/share/BigOil/document_generator/datasets/documents_2021_12_28/29schl02_20211228_165823_7076834203_600_800.png,29schl02_20211228_165823_7076834203_600_800_mask.png,As  condições de processo podem fav-
81,6,163,12,405,69,568,81,405,69,568,69,568,81,405,81,sub_line_text,text,text_2,opensans,regular,9,29schl02_20211228_165823_7076834203_600_800.png,/scratch/parceirosbr/bigoilict/share/BigOil/document_generator/datasets/documents_2021_12_28/29schl02_20211228_165823_7076834203_600_800.png,29schl02_20211228_165823_7076834203_600_800_mask.png,orecer a maior ou a menor concentra-
82,6,164,12,405,81,569,93,405,81,569,81,569,93,405,93,sub_line_text,text,text_2,opensans,regular,9,29schl02_20211228_165823_7076834203_600_800.png,/scratch/parceirosbr/bigoilict/share/BigOil/document_generator/datasets/documents_2021_12_28/29schl02_20211228_165823_7076834203_600_800.png,29schl02_20211228_165823_7076834203_600_800_mask.png,ção  de  uma fase presente no assim c-
81,6,163,12,405,93,568,105,405,93,568,93,568,105,405,105,sub_line_text,text,text_2,opensans,regular,9,29schl02_20211228_165823_7076834203_600_800.png,/scratch/parceirosbr/bigoilict/share/BigOil/document_generator/datasets/documents_2021_12_28/29schl02_20211228_165823_7076834203_600_800.png,29schl02_20211228_165823_7076834203_600_800_mask.png,"omo  visto  anteriormente.No entanto,"
82,6,164,12,405,105,569,117,405,105,569,105,569,117,405,117,sub_line_text,text,text_2,opensans,regular,9,29schl02_20211228_165823_7076834203_600_800.png,/scratch/parceirosbr/bigoilict/share/BigOil/document_generator/datasets/documents_2021_12_28/29schl02_20211228_165823_7076834203_600_800.png,29schl02_20211228_165823_7076834203_600_800_mask.png,nós  não  conseguimos representar tal
81,6,163,12,405,117,568,129,405,117,568,117,568,129,405,129,sub_line_text,text,text_2,opensans,regular,9,29schl02_20211228_165823_7076834203_600_800.png,/scratch/parceirosbr/bigoilict/share/BigOil/document_generator/datasets/documents_2021_12_28/29schl02_20211228_165823_7076834203_600_800.png,29schl02_20211228_165823_7076834203_600_800_mask.png,grau  de  complexidade em nosso mo-
82,6,164,12,405,129,569,141,405,129,569,129,569,141,405,141,sub_line_text,text,text_2,opensans,regular,9,29schl02_20211228_165823_7076834203_600_800.png,/scratch/parceirosbr/bigoilict/share/BigOil/document_generator/datasets/documents_2021_12_28/29schl02_20211228_165823_7076834203_600_800.png,29schl02_20211228_165823_7076834203_600_800_mask.png,delo de forma tão próxima quanto pr-
81,6,163,12,405,141,568,153,405,141,568,141,568,153,405,153,sub_line_text,text,text_2,opensans,regular,9,29schl02_20211228_165823_7076834203_600_800.png,/scratch/parceirosbr/bigoilict/share/BigOil/document_generator/datasets/documents_2021_12_28/29schl02_20211228_165823_7076834203_600_800.png,29schl02_20211228_165823_7076834203_600_800_mask.png,esente  na  realidade.This  means that
82,6,164,12,405,153,569,165,405,153,569,153,569,165,405,165,sub_line_text,text,text_2,opensans,regular,9,29schl02_20211228_165823_7076834203_600_800.png,/scratch/parceirosbr/bigoilict/share/BigOil/document_generator/datasets/documents_2021_12_28/29schl02_20211228_165823_7076834203_600_800.png,29schl02_20211228_165823_7076834203_600_800_mask.png,the   trend  parameter  to  be  selected
82,6,164,12,405,165,569,177,405,165,569,165,569,177,405,177,sub_line_text,text,text_2,opensans,regular,9,29schl02_20211228_165823_7076834203_600_800.png,/scratch/parceirosbr/bigoilict/share/BigOil/document_generator/datasets/documents_2021_12_28/29schl02_20211228_165823_7076834203_600_800.png,29schl02_20211228_165823_7076834203_600_800_mask.png,must  have  the same order of magnit-
81,6,163,12,405,177,568,189,405,177,568,177,568,189,405,189,sub_line_text,text,text_2,opensans,regular,9,29schl02_20211228_165823_7076834203_600_800.png,/scratch/parceirosbr/bigoilict/share/BigOil/document_generator/datasets/documents_2021_12_28/29schl02_20211228_165823_7076834203_600_800.png,29schl02_20211228_165823_7076834203_600_800_mask.png,ude as 0.1 and 0.5.A mistura resultan-
81,6,163,12,405,189,568,201,405,189,568,189,568,201,405,201,sub_line_text,text,text_2,opensans,regular,9,29schl02_20211228_165823_7076834203_600_800.png,/scratch/parceirosbr/bigoilict/share/BigOil/document_generator/datasets/documents_2021_12_28/29schl02_20211228_165823_7076834203_600_800.png,29schl02_20211228_165823_7076834203_600_800_mask.png,te  ficou  sob agitação de 100 rpm e te-
81,6,163,12,405,201,568,213,405,201,568,201,568,213,405,213,sub_line_text,text,text_2,opensans,regular,9,29schl02_20211228_165823_7076834203_600_800.png,/scratch/parceirosbr/bigoilict/share/BigOil/document_generator/datasets/documents_2021_12_28/29schl02_20211228_165823_7076834203_600_800.png,29schl02_20211228_165823_7076834203_600_800_mask.png,mperatura  de 60 C por 3 horas.Nesta
82,6,164,12,405,213,569,225,405,213,569,213,569,225,405,225,sub_line_text,text,text_2,opensans,regular,9,29schl02_20211228_165823_7076834203_600_800.png,/scratch/parceirosbr/bigoilict/share/BigOil/document_generator/datasets/documents_2021_12_28/29schl02_20211228_165823_7076834203_600_800.png,29schl02_20211228_165823_7076834203_600_800_mask.png,"perspectiva,  a  competitividade dos v-"
82,6,164,12,405,225,569,237,405,225,569,225,569,237,405,237,sub_line_text,text,text_2,opensans,regular,9,29schl02_20211228_165823_7076834203_600_800.png,/scratch/parceirosbr/bigoilict/share/BigOil/document_generator/datasets/documents_2021_12_28/29schl02_20211228_165823_7076834203_600_800.png,29schl02_20211228_165823_7076834203_600_800_mask.png,eículos  elétricos  com os veículos conv-
82,6,164,12,405,237,569,249,405,237,569,237,569,249,405,249,sub_line_text,text,text_2,opensans,regular,9,29schl02_20211228_165823_7076834203_600_800.png,/scratch/parceirosbr/bigoilict/share/BigOil/document_generator/datasets/documents_2021_12_28/29schl02_20211228_165823_7076834203_600_800.png,29schl02_20211228_165823_7076834203_600_800_mask.png,encionais  será  condicionada à reduç-
82,6,164,12,405,249,569,261,405,249,569,249,569,261,405,261,sub_line_text,text,text_2,opensans,regular,9,29schl02_20211228_165823_7076834203_600_800.png,/scratch/parceirosbr/bigoilict/share/BigOil/document_generator/datasets/documents_2021_12_28/29schl02_20211228_165823_7076834203_600_800.png,29schl02_20211228_165823_7076834203_600_800_mask.png,"ão  dos  custos  das baterias.And then,"
81,6,163,12,405,261,568,273,405,261,568,261,568,273,405,273,sub_line_text,text,text_2,opensans,regular,9,29schl02_20211228_165823_7076834203_600_800.png,/scratch/parceirosbr/bigoilict/share/BigOil/document_generator/datasets/documents_2021_12_28/29schl02_20211228_165823_7076834203_600_800.png,29schl02_20211228_165823_7076834203_600_800_mask.png,"I  think this is perhaps today, this part"
82,6,164,12,405,273,569,285,405,273,569,273,569,285,405,285,sub_line_text,text,text_2,opensans,regular,9,29schl02_20211228_165823_7076834203_600_800.png,/scratch/parceirosbr/bigoilict/share/BigOil/document_generator/datasets/documents_2021_12_28/29schl02_20211228_165823_7076834203_600_800.png,29schl02_20211228_165823_7076834203_600_800_mask.png,"of  the  licensing  has  been solved, the"
82,6,164,12,405,285,569,297,405,285,569,285,569,297,405,297,sub_line_text,text,text_2,opensans,regular,9,29schl02_20211228_165823_7076834203_600_800.png,/scratch/parceirosbr/bigoilict/share/BigOil/document_generator/datasets/documents_2021_12_28/29schl02_20211228_165823_7076834203_600_800.png,29schl02_20211228_165823_7076834203_600_800_mask.png,part that remains to be resolved is thi-
82,6,164,12,405,297,569,309,405,297,569,297,569,309,405,309,sub_line_text,text,text_2,opensans,regular,9,29schl02_20211228_165823_7076834203_600_800.png,/scratch/parceirosbr/bigoilict/share/BigOil/document_generator/datasets/documents_2021_12_28/29schl02_20211228_165823_7076834203_600_800.png,29schl02_20211228_165823_7076834203_600_800_mask.png,"s other part.Figure 3, presented in ite-"
82,6,164,12,405,309,569,321,405,309,569,309,569,321,405,321,sub_line_text,text,text_2,opensans,regular,9,29schl02_20211228_165823_7076834203_600_800.png,/scratch/parceirosbr/bigoilict/share/BigOil/document_generator/datasets/documents_2021_12_28/29schl02_20211228_165823_7076834203_600_800.png,29schl02_20211228_165823_7076834203_600_800_mask.png,"m  5.4,  shows the minimum pressures"
82,6,164,12,405,321,569,333,405,321,569,321,569,333,405,333,sub_line_text,text,text_2,opensans,regular,9,29schl02_20211228_165823_7076834203_600_800.png,/scratch/parceirosbr/bigoilict/share/BigOil/document_generator/datasets/documents_2021_12_28/29schl02_20211228_165823_7076834203_600_800.png,29schl02_20211228_165823_7076834203_600_800_mask.png,"of  each  delivery point, according to r-"
82,6,164,12,405,333,569,345,405,333,569,333,569,345,405,345,sub_line_text,text,text_2,opensans,regular,9,29schl02_20211228_165823_7076834203_600_800.png,/scratch/parceirosbr/bigoilict/share/BigOil/document_generator/datasets/documents_2021_12_28/29schl02_20211228_165823_7076834203_600_800.png,29schl02_20211228_165823_7076834203_600_800_mask.png,eference  2.3.  issues related to the op-
24,6,48,12,405,345,453,357,405,345,453,345,453,357,405,357,sub_line_text,text,text_2,opensans,regular,9,29schl02_20211228_165823_7076834203_600_800.png,/scratch/parceirosbr/bigoilict/share/BigOil/document_generator/datasets/documents_2021_12_28/29schl02_20211228_165823_7076834203_600_800.png,29schl02_20211228_165823_7076834203_600_800_mask.png,eration of.
82,150,164,300,405,57,569,357,405,57,569,57,569,357,405,357,text,text,text_3,opensans,regular,9,29schl02_20211228_165823_7076834203_600_800.png,/scratch/parceirosbr/bigoilict/share/BigOil/document_generator/datasets/documents_2021_12_28/29schl02_20211228_165823_7076834203_600_800.png,29schl02_20211228_165823_7076834203_600_800_mask.png,
176,6,352,12,216,379,568,391,216,379,568,379,568,391,216,391,sub_line_text,table_legend,table_0,opensans,regular,9,29schl02_20211228_165823_7076834203_600_800.png,/scratch/parceirosbr/bigoilict/share/BigOil/document_generator/datasets/documents_2021_12_28/29schl02_20211228_165823_7076834203_600_800.png,29schl02_20211228_165823_7076834203_600_800_mask.png,"In  a  fuel cell, the use of pure hydrogen brings advantages such as: it does not nee-"
176,6,353,12,216,391,569,403,216,391,569,391,569,403,216,403,sub_line_text,table_legend,table_0,opensans,regular,9,29schl02_20211228_165823_7076834203_600_800.png,/scratch/parceirosbr/bigoilict/share/BigOil/document_generator/datasets/documents_2021_12_28/29schl02_20211228_165823_7076834203_600_800.png,29schl02_20211228_165823_7076834203_600_800_mask.png,"d reformers (equipment used to extract hydrogen from a source, such as natural g-"
119,6,238,12,216,403,454,415,216,403,454,403,454,415,216,415,sub_line_text,table_legend,table_0,opensans,regular,9,29schl02_20211228_165823_7076834203_600_800.png,/scratch/parceirosbr/bigoilict/share/BigOil/document_generator/datasets/documents_2021_12_28/29schl02_20211228_165823_7076834203_600_800.png,29schl02_20211228_165823_7076834203_600_800_mask.png,"as), reducing the size and cost of the system, in addition."
176,18,353,36,216,379,569,415,216,379,569,379,569,415,216,415,text,table_legend,table_1,opensans,regular,9,29schl02_20211228_165823_7076834203_600_800.png,/scratch/parceirosbr/bigoilict/share/BigOil/document_generator/datasets/documents_2021_12_28/29schl02_20211228_165823_7076834203_600_800.png,29schl02_20211228_165823_7076834203_600_800_mask.png,
150,129,300,259,242,462,542,721,242,462,542,462,542,721,242,721,table,table_image,table_1,,,,29schl02_20211228_165823_7076834203_600_800.png,/scratch/parceirosbr/bigoilict/share/BigOil/document_generator/datasets/documents_2021_12_28/29schl02_20211228_165823_7076834203_600_800.png,29schl02_20211228_165823_7076834203_600_800_mask.png,output/gen_tab_20211228_165827_4888079450.png
22,5,45,11,263,470,308,481,263,470,308,470,308,481,263,481,text,table_text,table_1,arial,regular,9.0,29schl02_20211228_165823_7076834203_600_800.png,/scratch/parceirosbr/bigoilict/share/BigOil/document_generator/datasets/documents_2021_12_28/29schl02_20211228_165823_7076834203_600_800.png,29schl02_20211228_165823_7076834203_600_800_mask.png,exploração
22,5,45,11,263,470,308,481,263,470,308,470,308,481,263,481,sub_line_text,table_text,table_1,arial,regular,9.0,29schl02_20211228_165823_7076834203_600_800.png,/scratch/parceirosbr/bigoilict/share/BigOil/document_generator/datasets/documents_2021_12_28/29schl02_20211228_165823_7076834203_600_800.png,29schl02_20211228_165823_7076834203_600_800_mask.png,exploração
22,5,44,11,264,484,308,495,264,484,308,484,308,495,264,495,text,table_text,table_1,arial,italic,9.0,29schl02_20211228_165823_7076834203_600_800.png,/scratch/parceirosbr/bigoilict/share/BigOil/document_generator/datasets/documents_2021_12_28/29schl02_20211228_165823_7076834203_600_800.png,29schl02_20211228_165823_7076834203_600_800_mask.png,diminuição
22,5,44,11,264,484,308,495,264,484,308,484,308,495,264,495,sub_line_text,table_text,table_1,arial,italic,9.0,29schl02_20211228_165823_7076834203_600_800.png,/scratch/parceirosbr/bigoilict/share/BigOil/document_generator/datasets/documents_2021_12_28/29schl02_20211228_165823_7076834203_600_800.png,29schl02_20211228_165823_7076834203_600_800_mask.png,diminuição
26,5,52,11,260,498,312,509,260,498,312,498,312,509,260,509,text,table_text,table_1,arial,italic,9.0,29schl02_20211228_165823_7076834203_600_800.png,/scratch/parceirosbr/bigoilict/share/BigOil/document_generator/datasets/documents_2021_12_28/29schl02_20211228_165823_7076834203_600_800.png,29schl02_20211228_165823_7076834203_600_800_mask.png,previamente
26,5,52,11,260,498,312,509,260,498,312,498,312,509,260,509,sub_line_text,table_text,table_1,arial,italic,9.0,29schl02_20211228_165823_7076834203_600_800.png,/scratch/parceirosbr/bigoilict/share/BigOil/document_generator/datasets/documents_2021_12_28/29schl02_20211228_165823_7076834203_600_800.png,29schl02_20211228_165823_7076834203_600_800_mask.png,previamente
10,5,20,11,276,512,296,523,276,512,296,512,296,523,276,523,text,table_text,table_1,arial,italic,9.0,29schl02_20211228_165823_7076834203_600_800.png,/scratch/parceirosbr/bigoilict/share/BigOil/document_generator/datasets/documents_2021_12_28/29schl02_20211228_165823_7076834203_600_800.png,29schl02_20211228_165823_7076834203_600_800_mask.png,vista
10,5,20,11,276,512,296,523,276,512,296,512,296,523,276,523,sub_line_text,table_text,table_1,arial,italic,9.0,29schl02_20211228_165823_7076834203_600_800.png,/scratch/parceirosbr/bigoilict/share/BigOil/document_generator/datasets/documents_2021_12_28/29schl02_20211228_165823_7076834203_600_800.png,29schl02_20211228_165823_7076834203_600_800_mask.png,vista
11,5,22,11,274,526,296,537,274,526,296,526,296,537,274,537,text,table_text,table_1,arial,italic,9.0,29schl02_20211228_165823_7076834203_600_800.png,/scratch/parceirosbr/bigoilict/share/BigOil/document_generator/datasets/documents_2021_12_28/29schl02_20211228_165823_7076834203_600_800.png,29schl02_20211228_165823_7076834203_600_800_mask.png,apelo
11,5,22,11,274,526,296,537,274,526,296,526,296,537,274,537,sub_line_text,table_text,table_1,arial,italic,9.0,29schl02_20211228_165823_7076834203_600_800.png,/scratch/parceirosbr/bigoilict/share/BigOil/document_generator/datasets/documents_2021_12_28/29schl02_20211228_165823_7076834203_600_800.png,29schl02_20211228_165823_7076834203_600_800_mask.png,apelo
17,5,34,11,268,540,302,551,268,540,302,540,302,551,268,551,text,table_text,table_1,arial,italic,9.0,29schl02_20211228_165823_7076834203_600_800.png,/scratch/parceirosbr/bigoilict/share/BigOil/document_generator/datasets/documents_2021_12_28/29schl02_20211228_165823_7076834203_600_800.png,29schl02_20211228_165823_7076834203_600_800_mask.png,gasolina
17,5,34,11,268,540,302,551,268,540,302,540,302,551,268,551,sub_line_text,table_text,table_1,arial,italic,9.0,29schl02_20211228_165823_7076834203_600_800.png,/scratch/parceirosbr/bigoilict/share/BigOil/document_generator/datasets/documents_2021_12_28/29schl02_20211228_165823_7076834203_600_800.png,29schl02_20211228_165823_7076834203_600_800_mask.png,gasolina
20,5,40,11,266,554,306,565,266,554,306,554,306,565,266,565,text,table_text,table_1,arial,italic,9.0,29schl02_20211228_165823_7076834203_600_800.png,/scratch/parceirosbr/bigoilict/share/BigOil/document_generator/datasets/documents_2021_12_28/29schl02_20211228_165823_7076834203_600_800.png,29schl02_20211228_165823_7076834203_600_800_mask.png,reduzindo
20,5,40,11,266,554,306,565,266,554,306,554,306,565,266,565,sub_line_text,table_text,table_1,arial,italic,9.0,29schl02_20211228_165823_7076834203_600_800.png,/scratch/parceirosbr/bigoilict/share/BigOil/document_generator/datasets/documents_2021_12_28/29schl02_20211228_165823_7076834203_600_800.png,29schl02_20211228_165823_7076834203_600_800_mask.png,reduzindo
11,5,23,11,274,568,297,579,274,568,297,568,297,579,274,579,text,table_text,table_1,arial,italic,9.0,29schl02_20211228_165823_7076834203_600_800.png,/scratch/parceirosbr/bigoilict/share/BigOil/document_generator/datasets/documents_2021_12_28/29schl02_20211228_165823_7076834203_600_800.png,29schl02_20211228_165823_7076834203_600_800_mask.png,neste
11,5,23,11,274,568,297,579,274,568,297,568,297,579,274,579,sub_line_text,table_text,table_1,arial,italic,9.0,29schl02_20211228_165823_7076834203_600_800.png,/scratch/parceirosbr/bigoilict/share/BigOil/document_generator/datasets/documents_2021_12_28/29schl02_20211228_165823_7076834203_600_800.png,29schl02_20211228_165823_7076834203_600_800_mask.png,neste
10,5,21,11,275,582,296,593,275,582,296,582,296,593,275,593,text,table_text,table_1,arial,italic,9.0,29schl02_20211228_165823_7076834203_600_800.png,/scratch/parceirosbr/bigoilict/share/BigOil/document_generator/datasets/documents_2021_12_28/29schl02_20211228_165823_7076834203_600_800.png,29schl02_20211228_165823_7076834203_600_800_mask.png,julho
10,5,21,11,275,582,296,593,275,582,296,582,296,593,275,593,sub_line_text,table_text,table_1,arial,italic,9.0,29schl02_20211228_165823_7076834203_600_800.png,/scratch/parceirosbr/bigoilict/share/BigOil/document_generator/datasets/documents_2021_12_28/29schl02_20211228_165823_7076834203_600_800.png,29schl02_20211228_165823_7076834203_600_800_mask.png,julho
2,5,5,11,283,596,288,607,283,596,288,596,288,607,283,607,text,table_text,table_1,arial,italic,9.0,29schl02_20211228_165823_7076834203_600_800.png,/scratch/parceirosbr/bigoilict/share/BigOil/document_generator/datasets/documents_2021_12_28/29schl02_20211228_165823_7076834203_600_800.png,29schl02_20211228_165823_7076834203_600_800_mask.png,o
2,5,5,11,283,596,288,607,283,596,288,596,288,607,283,607,sub_line_text,table_text,table_1,arial,italic,9.0,29schl02_20211228_165823_7076834203_600_800.png,/scratch/parceirosbr/bigoilict/share/BigOil/document_generator/datasets/documents_2021_12_28/29schl02_20211228_165823_7076834203_600_800.png,29schl02_20211228_165823_7076834203_600_800_mask.png,o
17,5,35,11,268,610,303,621,268,610,303,610,303,621,268,621,text,table_text,table_1,arial,italic,9.0,29schl02_20211228_165823_7076834203_600_800.png,/scratch/parceirosbr/bigoilict/share/BigOil/document_generator/datasets/documents_2021_12_28/29schl02_20211228_165823_7076834203_600_800.png,29schl02_20211228_165823_7076834203_600_800_mask.png,diversas
17,5,35,11,268,610,303,621,268,610,303,610,303,621,268,621,sub_line_text,table_text,table_1,arial,italic,9.0,29schl02_20211228_165823_7076834203_600_800.png,/scratch/parceirosbr/bigoilict/share/BigOil/document_generator/datasets/documents_2021_12_28/29schl02_20211228_165823_7076834203_600_800.png,29schl02_20211228_165823_7076834203_600_800_mask.png,diversas
11,5,22,11,274,624,296,635,274,624,296,624,296,635,274,635,text,table_text,table_1,arial,italic,9.0,29schl02_20211228_165823_7076834203_600_800.png,/scratch/parceirosbr/bigoilict/share/BigOil/document_generator/datasets/documents_2021_12_28/29schl02_20211228_165823_7076834203_600_800.png,29schl02_20211228_165823_7076834203_600_800_mask.png,óxido
11,5,22,11,274,624,296,635,274,624,296,624,296,635,274,635,sub_line_text,table_text,table_1,arial,italic,9.0,29schl02_20211228_165823_7076834203_600_800.png,/scratch/parceirosbr/bigoilict/share/BigOil/document_generator/datasets/documents_2021_12_28/29schl02_20211228_165823_7076834203_600_800.png,29schl02_20211228_165823_7076834203_600_800_mask.png,óxido
18,5,37,11,267,638,304,649,267,638,304,638,304,649,267,649,text,table_text,table_1,arial,italic,9.0,29schl02_20211228_165823_7076834203_600_800.png,/scratch/parceirosbr/bigoilict/share/BigOil/document_generator/datasets/documents_2021_12_28/29schl02_20211228_165823_7076834203_600_800.png,29schl02_20211228_165823_7076834203_600_800_mask.png,biodiesel
18,5,37,11,267,638,304,649,267,638,304,638,304,649,267,649,sub_line_text,table_text,table_1,arial,italic,9.0,29schl02_20211228_165823_7076834203_600_800.png,/scratch/parceirosbr/bigoilict/share/BigOil/document_generator/datasets/documents_2021_12_28/29schl02_20211228_165823_7076834203_600_800.png,29schl02_20211228_165823_7076834203_600_800_mask.png,biodiesel
13,5,26,11,272,652,298,663,272,652,298,652,298,663,272,663,text,table_text,table_1,arial,italic,9.0,29schl02_20211228_165823_7076834203_600_800.png,/scratch/parceirosbr/bigoilict/share/BigOil/document_generator/datasets/documents_2021_12_28/29schl02_20211228_165823_7076834203_600_800.png,29schl02_20211228_165823_7076834203_600_800_mask.png,fatode
13,5,26,11,272,652,298,663,272,652,298,652,298,663,272,663,sub_line_text,table_text,table_1,arial,italic,9.0,29schl02_20211228_165823_7076834203_600_800.png,/scratch/parceirosbr/bigoilict/share/BigOil/document_generator/datasets/documents_2021_12_28/29schl02_20211228_165823_7076834203_600_800.png,29schl02_20211228_165823_7076834203_600_800_mask.png,fatode
25,5,50,11,260,666,310,677,260,666,310,666,310,677,260,677,text,table_text,table_1,arial,italic,9.0,29schl02_20211228_165823_7076834203_600_800.png,/scratch/parceirosbr/bigoilict/share/BigOil/document_generator/datasets/documents_2021_12_28/29schl02_20211228_165823_7076834203_600_800.png,29schl02_20211228_165823_7076834203_600_800_mask.png,absorvância
25,5,50,11,260,666,310,677,260,666,310,666,310,677,260,677,sub_line_text,table_text,table_1,arial,italic,9.0,29schl02_20211228_165823_7076834203_600_800.png,/scratch/parceirosbr/bigoilict/share/BigOil/document_generator/datasets/documents_2021_12_28/29schl02_20211228_165823_7076834203_600_800.png,29schl02_20211228_165823_7076834203_600_800_mask.png,absorvância
33,5,67,11,252,680,319,691,252,680,319,680,319,691,252,691,text,table_text,table_1,arial,italic,9.0,29schl02_20211228_165823_7076834203_600_800.png,/scratch/parceirosbr/bigoilict/share/BigOil/document_generator/datasets/documents_2021_12_28/29schl02_20211228_165823_7076834203_600_800.png,29schl02_20211228_165823_7076834203_600_800_mask.png,norte-americana
33,5,67,11,252,680,319,691,252,680,319,680,319,691,252,691,sub_line_text,table_text,table_1,arial,italic,9.0,29schl02_20211228_165823_7076834203_600_800.png,/scratch/parceirosbr/bigoilict/share/BigOil/document_generator/datasets/documents_2021_12_28/29schl02_20211228_165823_7076834203_600_800.png,29schl02_20211228_165823_7076834203_600_800_mask.png,norte-americana
21,5,42,11,264,694,306,705,264,694,306,694,306,705,264,705,text,table_text,table_1,arial,italic,9.0,29schl02_20211228_165823_7076834203_600_800.png,/scratch/parceirosbr/bigoilict/share/BigOil/document_generator/datasets/documents_2021_12_28/29schl02_20211228_165823_7076834203_600_800.png,29schl02_20211228_165823_7076834203_600_800_mask.png,incentivos
21,5,42,11,264,694,306,705,264,694,306,694,306,705,264,705,sub_line_text,table_text,table_1,arial,italic,9.0,29schl02_20211228_165823_7076834203_600_800.png,/scratch/parceirosbr/bigoilict/share/BigOil/document_generator/datasets/documents_2021_12_28/29schl02_20211228_165823_7076834203_600_800.png,29schl02_20211228_165823_7076834203_600_800_mask.png,incentivos
11,5,23,11,514,708,537,719,514,708,537,708,537,719,514,719,text,table_text,table_1,arial,regular,9.0,29schl02_20211228_165823_7076834203_600_800.png,/scratch/parceirosbr/bigoilict/share/BigOil/document_generator/datasets/documents_2021_12_28/29schl02_20211228_165823_7076834203_600_800.png,29schl02_20211228_165823_7076834203_600_800_mask.png,refino
11,5,23,11,514,708,537,719,514,708,537,708,537,719,514,719,sub_line_text,table_text,table_1,arial,regular,9.0,29schl02_20211228_165823_7076834203_600_800.png,/scratch/parceirosbr/bigoilict/share/BigOil/document_generator/datasets/documents_2021_12_28/29schl02_20211228_165823_7076834203_600_800.png,29schl02_20211228_165823_7076834203_600_800_mask.png,refino
13,5,27,11,396,470,423,481,396,470,423,470,423,481,396,481,text,table_text,table_1,arial,regular,9.0,29schl02_20211228_165823_7076834203_600_800.png,/scratch/parceirosbr/bigoilict/share/BigOil/document_generator/datasets/documents_2021_12_28/29schl02_20211228_165823_7076834203_600_800.png,29schl02_20211228_165823_7076834203_600_800_mask.png,devido
13,5,27,11,396,470,423,481,396,470,423,470,423,481,396,481,sub_line_text,table_text,table_1,arial,regular,9.0,29schl02_20211228_165823_7076834203_600_800.png,/scratch/parceirosbr/bigoilict/share/BigOil/document_generator/datasets/documents_2021_12_28/29schl02_20211228_165823_7076834203_600_800.png,29schl02_20211228_165823_7076834203_600_800_mask.png,devido
29,5,59,11,364,484,423,495,364,484,423,484,423,495,364,495,text,table_text,table_1,arial,italic,9.0,29schl02_20211228_165823_7076834203_600_800.png,/scratch/parceirosbr/bigoilict/share/BigOil/document_generator/datasets/documents_2021_12_28/29schl02_20211228_165823_7076834203_600_800.png,29schl02_20211228_165823_7076834203_600_800_mask.png,9703782.5083
29,5,59,11,364,484,423,495,364,484,423,484,423,495,364,495,sub_line_text,table_text,table_1,arial,italic,9.0,29schl02_20211228_165823_7076834203_600_800.png,/scratch/parceirosbr/bigoilict/share/BigOil/document_generator/datasets/documents_2021_12_28/29schl02_20211228_165823_7076834203_600_800.png,29schl02_20211228_165823_7076834203_600_800_mask.png,9703782.5083
29,5,58,11,365,498,423,509,365,498,423,498,423,509,365,509,text,table_text,table_1,arial,italic,9.0,29schl02_20211228_165823_7076834203_600_800.png,/scratch/parceirosbr/bigoilict/share/BigOil/document_generator/datasets/documents_2021_12_28/29schl02_20211228_165823_7076834203_600_800.png,29schl02_20211228_165823_7076834203_600_800_mask.png,6723375.5899
29,5,58,11,365,498,423,509,365,498,423,498,423,509,365,509,sub_line_text,table_text,table_1,arial,italic,9.0,29schl02_20211228_165823_7076834203_600_800.png,/scratch/parceirosbr/bigoilict/share/BigOil/document_generator/datasets/documents_2021_12_28/29schl02_20211228_165823_7076834203_600_800.png,29schl02_20211228_165823_7076834203_600_800_mask.png,6723375.5899
29,5,59,11,364,512,423,523,364,512,423,512,423,523,364,523,text,table_text,table_1,arial,italic,9.0,29schl02_20211228_165823_7076834203_600_800.png,/scratch/parceirosbr/bigoilict/share/BigOil/document_generator/datasets/documents_2021_12_28/29schl02_20211228_165823_7076834203_600_800.png,29schl02_20211228_165823_7076834203_600_800_mask.png,2057914.3403
29,5,59,11,364,512,423,523,364,512,423,512,423,523,364,523,sub_line_text,table_text,table_1,arial,italic,9.0,29schl02_20211228_165823_7076834203_600_800.png,/scratch/parceirosbr/bigoilict/share/BigOil/document_generator/datasets/documents_2021_12_28/29schl02_20211228_165823_7076834203_600_800.png,29schl02_20211228_165823_7076834203_600_800_mask.png,2057914.3403
29,5,59,11,364,526,423,537,364,526,423,526,423,537,364,537,text,table_text,table_1,arial,italic,9.0,29schl02_20211228_165823_7076834203_600_800.png,/scratch/parceirosbr/bigoilict/share/BigOil/document_generator/datasets/documents_2021_12_28/29schl02_20211228_165823_7076834203_600_800.png,29schl02_20211228_165823_7076834203_600_800_mask.png,8687623.6677
29,5,59,11,364,526,423,537,364,526,423,526,423,537,364,537,sub_line_text,table_text,table_1,arial,italic,9.0,29schl02_20211228_165823_7076834203_600_800.png,/scratch/parceirosbr/bigoilict/share/BigOil/document_generator/datasets/documents_2021_12_28/29schl02_20211228_165823_7076834203_600_800.png,29schl02_20211228_165823_7076834203_600_800_mask.png,8687623.6677
29,5,58,11,365,540,423,551,365,540,423,540,423,551,365,551,text,table_text,table_1,arial,italic,9.0,29schl02_20211228_165823_7076834203_600_800.png,/scratch/parceirosbr/bigoilict/share/BigOil/document_generator/datasets/documents_2021_12_28/29schl02_20211228_165823_7076834203_600_800.png,29schl02_20211228_165823_7076834203_600_800_mask.png,2286731.6439
29,5,58,11,365,540,423,551,365,540,423,540,423,551,365,551,sub_line_text,table_text,table_1,arial,italic,9.0,29schl02_20211228_165823_7076834203_600_800.png,/scratch/parceirosbr/bigoilict/share/BigOil/document_generator/datasets/documents_2021_12_28/29schl02_20211228_165823_7076834203_600_800.png,29schl02_20211228_165823_7076834203_600_800_mask.png,2286731.6439
29,5,59,11,364,554,423,565,364,554,423,554,423,565,364,565,text,table_text,table_1,arial,italic,9.0,29schl02_20211228_165823_7076834203_600_800.png,/scratch/parceirosbr/bigoilict/share/BigOil/document_generator/datasets/documents_2021_12_28/29schl02_20211228_165823_7076834203_600_800.png,29schl02_20211228_165823_7076834203_600_800_mask.png,1934280.6963
29,5,59,11,364,554,423,565,364,554,423,554,423,565,364,565,sub_line_text,table_text,table_1,arial,italic,9.0,29schl02_20211228_165823_7076834203_600_800.png,/scratch/parceirosbr/bigoilict/share/BigOil/document_generator/datasets/documents_2021_12_28/29schl02_20211228_165823_7076834203_600_800.png,29schl02_20211228_165823_7076834203_600_800_mask.png,1934280.6963
29,5,59,11,364,568,423,579,364,568,423,568,423,579,364,579,text,table_text,table_1,arial,italic,9.0,29schl02_20211228_165823_7076834203_600_800.png,/scratch/parceirosbr/bigoilict/share/BigOil/document_generator/datasets/documents_2021_12_28/29schl02_20211228_165823_7076834203_600_800.png,29schl02_20211228_165823_7076834203_600_800_mask.png,5465440.4000
29,5,59,11,364,568,423,579,364,568,423,568,423,579,364,579,sub_line_text,table_text,table_1,arial,italic,9.0,29schl02_20211228_165823_7076834203_600_800.png,/scratch/parceirosbr/bigoilict/share/BigOil/document_generator/datasets/documents_2021_12_28/29schl02_20211228_165823_7076834203_600_800.png,29schl02_20211228_165823_7076834203_600_800_mask.png,5465440.4000
29,5,59,11,364,582,423,593,364,582,423,582,423,593,364,593,text,table_text,table_1,arial,italic,9.0,29schl02_20211228_165823_7076834203_600_800.png,/scratch/parceirosbr/bigoilict/share/BigOil/document_generator/datasets/documents_2021_12_28/29schl02_20211228_165823_7076834203_600_800.png,29schl02_20211228_165823_7076834203_600_800_mask.png,9189393.8378
29,5,59,11,364,582,423,593,364,582,423,582,423,593,364,593,sub_line_text,table_text,table_1,arial,italic,9.0,29schl02_20211228_165823_7076834203_600_800.png,/scratch/parceirosbr/bigoilict/share/BigOil/document_generator/datasets/documents_2021_12_28/29schl02_20211228_165823_7076834203_600_800.png,29schl02_20211228_165823_7076834203_600_800_mask.png,9189393.8378
29,5,58,11,365,596,423,607,365,596,423,596,423,607,365,607,text,table_text,table_1,arial,italic,9.0,29schl02_20211228_165823_7076834203_600_800.png,/scratch/parceirosbr/bigoilict/share/BigOil/document_generator/datasets/documents_2021_12_28/29schl02_20211228_165823_7076834203_600_800.png,29schl02_20211228_165823_7076834203_600_800_mask.png,4488788.6894
29,5,58,11,365,596,423,607,365,596,423,596,423,607,365,607,sub_line_text,table_text,table_1,arial,italic,9.0,29schl02_20211228_165823_7076834203_600_800.png,/scratch/parceirosbr/bigoilict/share/BigOil/document_generator/datasets/documents_2021_12_28/29schl02_20211228_165823_7076834203_600_800.png,29schl02_20211228_165823_7076834203_600_800_mask.png,4488788.6894
29,5,58,11,365,610,423,621,365,610,423,610,423,621,365,621,text,table_text,table_1,arial,italic,9.0,29schl02_20211228_165823_7076834203_600_800.png,/scratch/parceirosbr/bigoilict/share/BigOil/document_generator/datasets/documents_2021_12_28/29schl02_20211228_165823_7076834203_600_800.png,29schl02_20211228_165823_7076834203_600_800_mask.png,9983040.6241
29,5,58,11,365,610,423,621,365,610,423,610,423,621,365,621,sub_line_text,table_text,table_1,arial,italic,9.0,29schl02_20211228_165823_7076834203_600_800.png,/scratch/parceirosbr/bigoilict/share/BigOil/document_generator/datasets/documents_2021_12_28/29schl02_20211228_165823_7076834203_600_800.png,29schl02_20211228_165823_7076834203_600_800_mask.png,9983040.6241
29,5,59,11,364,624,423,635,364,624,423,624,423,635,364,635,text,table_text,table_1,arial,italic,9.0,29schl02_20211228_165823_7076834203_600_800.png,/scratch/parceirosbr/bigoilict/share/BigOil/document_generator/datasets/documents_2021_12_28/29schl02_20211228_165823_7076834203_600_800.png,29schl02_20211228_165823_7076834203_600_800_mask.png,4270740.8776
29,5,59,11,364,624,423,635,364,624,423,624,423,635,364,635,sub_line_text,table_text,table_1,arial,italic,9.0,29schl02_20211228_165823_7076834203_600_800.png,/scratch/parceirosbr/bigoilict/share/BigOil/document_generator/datasets/documents_2021_12_28/29schl02_20211228_165823_7076834203_600_800.png,29schl02_20211228_165823_7076834203_600_800_mask.png,4270740.8776
29,5,58,11,365,638,423,649,365,638,423,638,423,649,365,649,text,table_text,table_1,arial,italic,9.0,29schl02_20211228_165823_7076834203_600_800.png,/scratch/parceirosbr/bigoilict/share/BigOil/document_generator/datasets/documents_2021_12_28/29schl02_20211228_165823_7076834203_600_800.png,29schl02_20211228_165823_7076834203_600_800_mask.png,7407534.8831
29,5,58,11,365,638,423,649,365,638,423,638,423,649,365,649,sub_line_text,table_text,table_1,arial,italic,9.0,29schl02_20211228_165823_7076834203_600_800.png,/scratch/parceirosbr/bigoilict/share/BigOil/document_generator/datasets/documents_2021_12_28/29schl02_20211228_165823_7076834203_600_800.png,29schl02_20211228_165823_7076834203_600_800_mask.png,7407534.8831
29,5,59,11,364,652,423,663,364,652,423,652,423,663,364,663,text,table_text,table_1,arial,italic,9.0,29schl02_20211228_165823_7076834203_600_800.png,/scratch/parceirosbr/bigoilict/share/BigOil/document_generator/datasets/documents_2021_12_28/29schl02_20211228_165823_7076834203_600_800.png,29schl02_20211228_165823_7076834203_600_800_mask.png,4154981.1847
29,5,59,11,364,652,423,663,364,652,423,652,423,663,364,663,sub_line_text,table_text,table_1,arial,italic,9.0,29schl02_20211228_165823_7076834203_600_800.png,/scratch/parceirosbr/bigoilict/share/BigOil/document_generator/datasets/documents_2021_12_28/29schl02_20211228_165823_7076834203_600_800.png,29schl02_20211228_165823_7076834203_600_800_mask.png,4154981.1847
29,5,59,11,364,666,423,677,364,666,423,666,423,677,364,677,text,table_text,table_1,arial,italic,9.0,29schl02_20211228_165823_7076834203_600_800.png,/scratch/parceirosbr/bigoilict/share/BigOil/document_generator/datasets/documents_2021_12_28/29schl02_20211228_165823_7076834203_600_800.png,29schl02_20211228_165823_7076834203_600_800_mask.png,6153446.1982
29,5,59,11,364,666,423,677,364,666,423,666,423,677,364,677,sub_line_text,table_text,table_1,arial,italic,9.0,29schl02_20211228_165823_7076834203_600_800.png,/scratch/parceirosbr/bigoilict/share/BigOil/document_generator/datasets/documents_2021_12_28/29schl02_20211228_165823_7076834203_600_800.png,29schl02_20211228_165823_7076834203_600_800_mask.png,6153446.1982
29,5,59,11,364,680,423,691,364,680,423,680,423,691,364,691,text,table_text,table_1,arial,italic,9.0,29schl02_20211228_165823_7076834203_600_800.png,/scratch/parceirosbr/bigoilict/share/BigOil/document_generator/datasets/documents_2021_12_28/29schl02_20211228_165823_7076834203_600_800.png,29schl02_20211228_165823_7076834203_600_800_mask.png,6076557.7353
29,5,59,11,364,680,423,691,364,680,423,680,423,691,364,691,sub_line_text,table_text,table_1,arial,italic,9.0,29schl02_20211228_165823_7076834203_600_800.png,/scratch/parceirosbr/bigoilict/share/BigOil/document_generator/datasets/documents_2021_12_28/29schl02_20211228_165823_7076834203_600_800.png,29schl02_20211228_165823_7076834203_600_800_mask.png,6076557.7353
29,5,59,11,364,694,423,705,364,694,423,694,423,705,364,705,text,table_text,table_1,arial,italic,9.0,29schl02_20211228_165823_7076834203_600_800.png,/scratch/parceirosbr/bigoilict/share/BigOil/document_generator/datasets/documents_2021_12_28/29schl02_20211228_165823_7076834203_600_800.png,29schl02_20211228_165823_7076834203_600_800_mask.png,2757549.8136
29,5,59,11,364,694,423,705,364,694,423,694,423,705,364,705,sub_line_text,table_text,table_1,arial,italic,9.0,29schl02_20211228_165823_7076834203_600_800.png,/scratch/parceirosbr/bigoilict/share/BigOil/document_generator/datasets/documents_2021_12_28/29schl02_20211228_165823_7076834203_600_800.png,29schl02_20211228_165823_7076834203_600_800_mask.png,2757549.8136
9,5,18,11,519,470,537,481,519,470,537,470,537,481,519,481,text,table_text,table_1,arial,regular,9.0,29schl02_20211228_165823_7076834203_600_800.png,/scratch/parceirosbr/bigoilict/share/BigOil/document_generator/datasets/documents_2021_12_28/29schl02_20211228_165823_7076834203_600_800.png,29schl02_20211228_165823_7076834203_600_800_mask.png,fase
9,5,18,11,519,470,537,481,519,470,537,470,537,481,519,481,sub_line_text,table_text,table_1,arial,regular,9.0,29schl02_20211228_165823_7076834203_600_800.png,/scratch/parceirosbr/bigoilict/share/BigOil/document_generator/datasets/documents_2021_12_28/29schl02_20211228_165823_7076834203_600_800.png,29schl02_20211228_165823_7076834203_600_800_mask.png,fase
27,5,55,11,482,484,537,495,482,484,537,484,537,495,482,495,text,table_text,table_1,arial,italic,9.0,29schl02_20211228_165823_7076834203_600_800.png,/scratch/parceirosbr/bigoilict/share/BigOil/document_generator/datasets/documents_2021_12_28/29schl02_20211228_165823_7076834203_600_800.png,29schl02_20211228_165823_7076834203_600_800_mask.png,95195871904
27,5,55,11,482,484,537,495,482,484,537,484,537,495,482,495,sub_line_text,table_text,table_1,arial,italic,9.0,29schl02_20211228_165823_7076834203_600_800.png,/scratch/parceirosbr/bigoilict/share/BigOil/document_generator/datasets/documents_2021_12_28/29schl02_20211228_165823_7076834203_600_800.png,29schl02_20211228_165823_7076834203_600_800_mask.png,95195871904
25,5,51,11,486,498,537,509,486,498,537,498,537,509,486,509,text,table_text,table_1,arial,italic,9.0,29schl02_20211228_165823_7076834203_600_800.png,/scratch/parceirosbr/bigoilict/share/BigOil/document_generator/datasets/documents_2021_12_28/29schl02_20211228_165823_7076834203_600_800.png,29schl02_20211228_165823_7076834203_600_800_mask.png,2462200510
25,5,51,11,486,498,537,509,486,498,537,498,537,509,486,509,sub_line_text,table_text,table_1,arial,italic,9.0,29schl02_20211228_165823_7076834203_600_800.png,/scratch/parceirosbr/bigoilict/share/BigOil/document_generator/datasets/documents_2021_12_28/29schl02_20211228_165823_7076834203_600_800.png,29schl02_20211228_165823_7076834203_600_800_mask.png,2462200510
30,5,61,11,476,512,537,523,476,512,537,512,537,523,476,523,text,table_text,table_1,arial,italic,9.0,29schl02_20211228_165823_7076834203_600_800.png,/scratch/parceirosbr/bigoilict/share/BigOil/document_generator/datasets/documents_2021_12_28/29schl02_20211228_165823_7076834203_600_800.png,29schl02_20211228_165823_7076834203_600_800_mask.png,611238450136
30,5,61,11,476,512,537,523,476,512,537,512,537,523,476,523,sub_line_text,table_text,table_1,arial,italic,9.0,29schl02_20211228_165823_7076834203_600_800.png,/scratch/parceirosbr/bigoilict/share/BigOil/document_generator/datasets/documents_2021_12_28/29schl02_20211228_165823_7076834203_600_800.png,29schl02_20211228_165823_7076834203_600_800_mask.png,611238450136
30,5,61,11,476,526,537,537,476,526,537,526,537,537,476,537,text,table_text,table_1,arial,italic,9.0,29schl02_20211228_165823_7076834203_600_800.png,/scratch/parceirosbr/bigoilict/share/BigOil/document_generator/datasets/documents_2021_12_28/29schl02_20211228_165823_7076834203_600_800.png,29schl02_20211228_165823_7076834203_600_800_mask.png,944956394550
30,5,61,11,476,526,537,537,476,526,537,526,537,537,476,537,sub_line_text,table_text,table_1,arial,italic,9.0,29schl02_20211228_165823_7076834203_600_800.png,/scratch/parceirosbr/bigoilict/share/BigOil/document_generator/datasets/documents_2021_12_28/29schl02_20211228_165823_7076834203_600_800.png,29schl02_20211228_165823_7076834203_600_800_mask.png,944956394550
25,5,50,11,487,540,537,551,487,540,537,540,537,551,487,551,text,table_text,table_1,arial,italic,9.0,29schl02_20211228_165823_7076834203_600_800.png,/scratch/parceirosbr/bigoilict/share/BigOil/document_generator/datasets/documents_2021_12_28/29schl02_20211228_165823_7076834203_600_800.png,29schl02_20211228_165823_7076834203_600_800_mask.png,6642886211
25,5,50,11,487,540,537,551,487,540,537,540,537,551,487,551,sub_line_text,table_text,table_1,arial,italic,9.0,29schl02_20211228_165823_7076834203_600_800.png,/scratch/parceirosbr/bigoilict/share/BigOil/document_generator/datasets/documents_2021_12_28/29schl02_20211228_165823_7076834203_600_800.png,29schl02_20211228_165823_7076834203_600_800_mask.png,6642886211
30,5,60,11,477,554,537,565,477,554,537,554,537,565,477,565,text,table_text,table_1,arial,italic,9.0,29schl02_20211228_165823_7076834203_600_800.png,/scratch/parceirosbr/bigoilict/share/BigOil/document_generator/datasets/documents_2021_12_28/29schl02_20211228_165823_7076834203_600_800.png,29schl02_20211228_165823_7076834203_600_800_mask.png,149231633514
30,5,60,11,477,554,537,565,477,554,537,554,537,565,477,565,sub_line_text,table_text,table_1,arial,italic,9.0,29schl02_20211228_165823_7076834203_600_800.png,/scratch/parceirosbr/bigoilict/share/BigOil/document_generator/datasets/documents_2021_12_28/29schl02_20211228_165823_7076834203_600_800.png,29schl02_20211228_165823_7076834203_600_800_mask.png,149231633514
25,5,51,11,486,568,537,579,486,568,537,568,537,579,486,579,text,table_text,table_1,arial,italic,9.0,29schl02_20211228_165823_7076834203_600_800.png,/scratch/parceirosbr/bigoilict/share/BigOil/document_generator/datasets/documents_2021_12_28/29schl02_20211228_165823_7076834203_600_800.png,29schl02_20211228_165823_7076834203_600_800_mask.png,4969064798
25,5,51,11,486,568,537,579,486,568,537,568,537,579,486,579,sub_line_text,table_text,table_1,arial,italic,9.0,29schl02_20211228_165823_7076834203_600_800.png,/scratch/parceirosbr/bigoilict/share/BigOil/document_generator/datasets/documents_2021_12_28/29schl02_20211228_165823_7076834203_600_800.png,29schl02_20211228_165823_7076834203_600_800_mask.png,4969064798
25,5,51,11,486,582,537,593,486,582,537,582,537,593,486,593,text,table_text,table_1,arial,italic,9.0,29schl02_20211228_165823_7076834203_600_800.png,/scratch/parceirosbr/bigoilict/share/BigOil/document_generator/datasets/documents_2021_12_28/29schl02_20211228_165823_7076834203_600_800.png,29schl02_20211228_165823_7076834203_600_800_mask.png,5830601642
25,5,51,11,486,582,537,593,486,582,537,582,537,593,486,593,sub_line_text,table_text,table_1,arial,italic,9.0,29schl02_20211228_165823_7076834203_600_800.png,/scratch/parceirosbr/bigoilict/share/BigOil/document_generator/datasets/documents_2021_12_28/29schl02_20211228_165823_7076834203_600_800.png,29schl02_20211228_165823_7076834203_600_800_mask.png,5830601642
28,5,56,11,481,596,537,607,481,596,537,596,537,607,481,607,text,table_text,table_1,arial,italic,9.0,29schl02_20211228_165823_7076834203_600_800.png,/scratch/parceirosbr/bigoilict/share/BigOil/document_generator/datasets/documents_2021_12_28/29schl02_20211228_165823_7076834203_600_800.png,29schl02_20211228_165823_7076834203_600_800_mask.png,30996376930
28,5,56,11,481,596,537,607,481,596,537,596,537,607,481,607,sub_line_text,table_text,table_1,arial,italic,9.0,29schl02_20211228_165823_7076834203_600_800.png,/scratch/parceirosbr/bigoilict/share/BigOil/document_generator/datasets/documents_2021_12_28/29schl02_20211228_165823_7076834203_600_800.png,29schl02_20211228_165823_7076834203_600_800_mask.png,30996376930
30,5,61,11,476,610,537,621,476,610,537,610,537,621,476,621,text,table_text,table_1,arial,italic,9.0,29schl02_20211228_165823_7076834203_600_800.png,/scratch/parceirosbr/bigoilict/share/BigOil/document_generator/datasets/documents_2021_12_28/29schl02_20211228_165823_7076834203_600_800.png,29schl02_20211228_165823_7076834203_600_800_mask.png,545026711760
30,5,61,11,476,610,537,621,476,610,537,610,537,621,476,621,sub_line_text,table_text,table_1,arial,italic,9.0,29schl02_20211228_165823_7076834203_600_800.png,/scratch/parceirosbr/bigoilict/share/BigOil/document_generator/datasets/documents_2021_12_28/29schl02_20211228_165823_7076834203_600_800.png,29schl02_20211228_165823_7076834203_600_800_mask.png,545026711760
27,5,55,11,482,624,537,635,482,624,537,624,537,635,482,635,text,table_text,table_1,arial,italic,9.0,29schl02_20211228_165823_7076834203_600_800.png,/scratch/parceirosbr/bigoilict/share/BigOil/document_generator/datasets/documents_2021_12_28/29schl02_20211228_165823_7076834203_600_800.png,29schl02_20211228_165823_7076834203_600_800_mask.png,89616518089
27,5,55,11,482,624,537,635,482,624,537,624,537,635,482,635,sub_line_text,table_text,table_1,arial,italic,9.0,29schl02_20211228_165823_7076834203_600_800.png,/scratch/parceirosbr/bigoilict/share/BigOil/document_generator/datasets/documents_2021_12_28/29schl02_20211228_165823_7076834203_600_800.png,29schl02_20211228_165823_7076834203_600_800_mask.png,89616518089
28,5,56,11,481,638,537,649,481,638,537,638,537,649,481,649,text,table_text,table_1,arial,italic,9.0,29schl02_20211228_165823_7076834203_600_800.png,/scratch/parceirosbr/bigoilict/share/BigOil/document_generator/datasets/documents_2021_12_28/29schl02_20211228_165823_7076834203_600_800.png,29schl02_20211228_165823_7076834203_600_800_mask.png,18820773696
28,5,56,11,481,638,537,649,481,638,537,638,537,649,481,649,sub_line_text,table_text,table_1,arial,italic,9.0,29schl02_20211228_165823_7076834203_600_800.png,/scratch/parceirosbr/bigoilict/share/BigOil/document_generator/datasets/documents_2021_12_28/29schl02_20211228_165823_7076834203_600_800.png,29schl02_20211228_165823_7076834203_600_800_mask.png,18820773696
28,5,56,11,481,652,537,663,481,652,537,652,537,663,481,663,text,table_text,table_1,arial,italic,9.0,29schl02_20211228_165823_7076834203_600_800.png,/scratch/parceirosbr/bigoilict/share/BigOil/document_generator/datasets/documents_2021_12_28/29schl02_20211228_165823_7076834203_600_800.png,29schl02_20211228_165823_7076834203_600_800_mask.png,97558627586
28,5,56,11,481,652,537,663,481,652,537,652,537,663,481,663,sub_line_text,table_text,table_1,arial,italic,9.0,29schl02_20211228_165823_7076834203_600_800.png,/scratch/parceirosbr/bigoilict/share/BigOil/document_generator/datasets/documents_2021_12_28/29schl02_20211228_165823_7076834203_600_800.png,29schl02_20211228_165823_7076834203_600_800_mask.png,97558627586
30,5,60,11,477,666,537,677,477,666,537,666,537,677,477,677,text,table_text,table_1,arial,italic,9.0,29schl02_20211228_165823_7076834203_600_800.png,/scratch/parceirosbr/bigoilict/share/BigOil/document_generator/datasets/documents_2021_12_28/29schl02_20211228_165823_7076834203_600_800.png,29schl02_20211228_165823_7076834203_600_800_mask.png,500339903834
30,5,60,11,477,666,537,677,477,666,537,666,537,677,477,677,sub_line_text,table_text,table_1,arial,italic,9.0,29schl02_20211228_165823_7076834203_600_800.png,/scratch/parceirosbr/bigoilict/share/BigOil/document_generator/datasets/documents_2021_12_28/29schl02_20211228_165823_7076834203_600_800.png,29schl02_20211228_165823_7076834203_600_800_mask.png,500339903834
28,5,56,11,481,680,537,691,481,680,537,680,537,691,481,691,text,table_text,table_1,arial,italic,9.0,29schl02_20211228_165823_7076834203_600_800.png,/scratch/parceirosbr/bigoilict/share/BigOil/document_generator/datasets/documents_2021_12_28/29schl02_20211228_165823_7076834203_600_800.png,29schl02_20211228_165823_7076834203_600_800_mask.png,19107670137
28,5,56,11,481,680,537,691,481,680,537,680,537,691,481,691,sub_line_text,table_text,table_1,arial,italic,9.0,29schl02_20211228_165823_7076834203_600_800.png,/scratch/parceirosbr/bigoilict/share/BigOil/document_generator/datasets/documents_2021_12_28/29schl02_20211228_165823_7076834203_600_800.png,29schl02_20211228_165823_7076834203_600_800_mask.png,19107670137
25,5,50,11,487,694,537,705,487,694,537,694,537,705,487,705,text,table_text,table_1,arial,italic,9.0,29schl02_20211228_165823_7076834203_600_800.png,/scratch/parceirosbr/bigoilict/share/BigOil/document_generator/datasets/documents_2021_12_28/29schl02_20211228_165823_7076834203_600_800.png,29schl02_20211228_165823_7076834203_600_800_mask.png,6250498844
25,5,50,11,487,694,537,705,487,694,537,694,537,705,487,705,sub_line_text,table_text,table_1,arial,italic,9.0,29schl02_20211228_165823_7076834203_600_800.png,/scratch/parceirosbr/bigoilict/share/BigOil/document_generator/datasets/documents_2021_12_28/29schl02_20211228_165823_7076834203_600_800.png,29schl02_20211228_165823_7076834203_600_800_mask.png,6250498844
