center_x,center_y,width,height,xmin,ymin,xmax,ymax,top_left_x,top_left_y,top_right_x,top_right_y,bottom_right_x,bottom_right_y,bottom_left_x,bottom_left_y,label,grouplabel,group,text_font,text_style,size_font,filename,path,filename_mask,content
300,400,600,800,0,0,600,800,0,0,600,0,600,800,0,800,document,,,,,,29schl02_20211228_165836_3015699505_600_800.png,/scratch/parceirosbr/bigoilict/share/BigOil/document_generator/datasets/documents_2021_12_28/29schl02_20211228_165836_3015699505_600_800.png,29schl02_20211228_165836_3015699505_600_800_mask.png,
39,7,79,15,27,40,106,55,27,40,106,40,106,55,27,55,sub_line_text,subtitle,subtitle_0,opensans,bold,11,29schl02_20211228_165836_3015699505_600_800.png,/scratch/parceirosbr/bigoilict/share/BigOil/document_generator/datasets/documents_2021_12_28/29schl02_20211228_165836_3015699505_600_800.png,29schl02_20211228_165836_3015699505_600_800_mask.png,As malhas de
39,7,79,15,27,40,106,55,27,40,106,40,106,55,27,55,title,subtitle,subtitle_1,opensans,bold,11,29schl02_20211228_165836_3015699505_600_800.png,/scratch/parceirosbr/bigoilict/share/BigOil/document_generator/datasets/documents_2021_12_28/29schl02_20211228_165836_3015699505_600_800.png,29schl02_20211228_165836_3015699505_600_800_mask.png,
74,6,149,13,27,59,176,72,27,59,176,59,176,72,27,72,sub_line_text,text,text_0,opensans,regular,10,29schl02_20211228_165836_3015699505_600_800.png,/scratch/parceirosbr/bigoilict/share/BigOil/document_generator/datasets/documents_2021_12_28/29schl02_20211228_165836_3015699505_600_800.png,29schl02_20211228_165836_3015699505_600_800_mask.png,"What  was expected, since th-"
74,6,149,13,27,72,176,85,27,72,176,72,176,85,27,85,sub_line_text,text,text_0,opensans,regular,10,29schl02_20211228_165836_3015699505_600_800.png,/scratch/parceirosbr/bigoilict/share/BigOil/document_generator/datasets/documents_2021_12_28/29schl02_20211228_165836_3015699505_600_800.png,29schl02_20211228_165836_3015699505_600_800_mask.png,e flow of the induced magnet-
74,6,149,13,27,85,176,98,27,85,176,85,176,98,27,98,sub_line_text,text,text_0,opensans,regular,10,29schl02_20211228_165836_3015699505_600_800.png,/scratch/parceirosbr/bigoilict/share/BigOil/document_generator/datasets/documents_2021_12_28/29schl02_20211228_165836_3015699505_600_800.png,29schl02_20211228_165836_3015699505_600_800_mask.png,ic field is dependent on the c-
75,6,150,13,27,98,177,111,27,98,177,98,177,111,27,111,sub_line_text,text,text_0,opensans,regular,10,29schl02_20211228_165836_3015699505_600_800.png,/scratch/parceirosbr/bigoilict/share/BigOil/document_generator/datasets/documents_2021_12_28/29schl02_20211228_165836_3015699505_600_800.png,29schl02_20211228_165836_3015699505_600_800_mask.png,urrent supplied.Samples of oi-
33,6,67,13,27,111,94,124,27,111,94,111,94,124,27,124,sub_line_text,text,text_0,opensans,regular,10,29schl02_20211228_165836_3015699505_600_800.png,/scratch/parceirosbr/bigoilict/share/BigOil/document_generator/datasets/documents_2021_12_28/29schl02_20211228_165836_3015699505_600_800.png,29schl02_20211228_165836_3015699505_600_800_mask.png,"l, saline and."
75,32,150,65,27,59,177,124,27,59,177,59,177,124,27,124,text,text,text_1,opensans,regular,10,29schl02_20211228_165836_3015699505_600_800.png,/scratch/parceirosbr/bigoilict/share/BigOil/document_generator/datasets/documents_2021_12_28/29schl02_20211228_165836_3015699505_600_800.png,29schl02_20211228_165836_3015699505_600_800_mask.png,
76,102,153,204,27,134,180,338,27,134,180,134,180,338,27,338,list,list,list_1,opensans,opensans,10,29schl02_20211228_165836_3015699505_600_800.png,/scratch/parceirosbr/bigoilict/share/BigOil/document_generator/datasets/documents_2021_12_28/29schl02_20211228_165836_3015699505_600_800.png,29schl02_20211228_165836_3015699505_600_800_mask.png,
74,6,149,13,27,134,176,147,27,134,176,134,176,147,27,147,sub_line_text,list,list_1,opensans,regular,10,29schl02_20211228_165836_3015699505_600_800.png,/scratch/parceirosbr/bigoilict/share/BigOil/document_generator/datasets/documents_2021_12_28/29schl02_20211228_165836_3015699505_600_800.png,29schl02_20211228_165836_3015699505_600_800_mask.png,Análise   paleopalinológica
10,6,21,13,41,147,62,160,41,147,62,147,62,160,41,160,sub_line_text,list,list_1,opensans,regular,10,29schl02_20211228_165836_3015699505_600_800.png,/scratch/parceirosbr/bigoilict/share/BigOil/document_generator/datasets/documents_2021_12_28/29schl02_20211228_165836_3015699505_600_800.png,29schl02_20211228_165836_3015699505_600_800_mask.png,da.
74,6,149,13,27,168,176,181,27,168,176,168,176,181,27,181,sub_line_text,list,list_1,opensans,regular,10,29schl02_20211228_165836_3015699505_600_800.png,/scratch/parceirosbr/bigoilict/share/BigOil/document_generator/datasets/documents_2021_12_28/29schl02_20211228_165836_3015699505_600_800.png,29schl02_20211228_165836_3015699505_600_800_mask.png,through  which the points t-
22,6,45,13,37,181,82,194,37,181,82,181,82,194,37,194,sub_line_text,list,list_1,opensans,regular,10,29schl02_20211228_165836_3015699505_600_800.png,/scratch/parceirosbr/bigoilict/share/BigOil/document_generator/datasets/documents_2021_12_28/29schl02_20211228_165836_3015699505_600_800.png,29schl02_20211228_165836_3015699505_600_800_mask.png,hat will.
74,6,149,13,27,202,176,215,27,202,176,202,176,215,27,215,sub_line_text,list,list_1,opensans,regular,10,29schl02_20211228_165836_3015699505_600_800.png,/scratch/parceirosbr/bigoilict/share/BigOil/document_generator/datasets/documents_2021_12_28/29schl02_20211228_165836_3015699505_600_800.png,29schl02_20211228_165836_3015699505_600_800_mask.png,Among  the biochemical pr-
33,6,66,13,39,215,105,228,39,215,105,215,105,228,39,228,sub_line_text,list,list_1,opensans,regular,10,29schl02_20211228_165836_3015699505_600_800.png,/scratch/parceirosbr/bigoilict/share/BigOil/document_generator/datasets/documents_2021_12_28/29schl02_20211228_165836_3015699505_600_800.png,29schl02_20211228_165836_3015699505_600_800_mask.png,ocesses are.
74,6,149,13,27,236,176,249,27,236,176,236,176,249,27,249,sub_line_text,list,list_1,opensans,regular,10,29schl02_20211228_165836_3015699505_600_800.png,/scratch/parceirosbr/bigoilict/share/BigOil/document_generator/datasets/documents_2021_12_28/29schl02_20211228_165836_3015699505_600_800.png,29schl02_20211228_165836_3015699505_600_800_mask.png,In relation to the petroche-
17,6,35,13,39,249,74,262,39,249,74,249,74,262,39,262,sub_line_text,list,list_1,opensans,regular,10,29schl02_20211228_165836_3015699505_600_800.png,/scratch/parceirosbr/bigoilict/share/BigOil/document_generator/datasets/documents_2021_12_28/29schl02_20211228_165836_3015699505_600_800.png,29schl02_20211228_165836_3015699505_600_800_mask.png,mical.
74,6,148,13,27,270,175,283,27,270,175,270,175,283,27,283,sub_line_text,list,list_1,opensans,regular,10,29schl02_20211228_165836_3015699505_600_800.png,/scratch/parceirosbr/bigoilict/share/BigOil/document_generator/datasets/documents_2021_12_28/29schl02_20211228_165836_3015699505_600_800.png,29schl02_20211228_165836_3015699505_600_800_mask.png,Para  estes metais há duas
41,6,82,13,38,283,120,296,38,283,120,283,120,296,38,296,sub_line_text,list,list_1,opensans,regular,10,29schl02_20211228_165836_3015699505_600_800.png,/scratch/parceirosbr/bigoilict/share/BigOil/document_generator/datasets/documents_2021_12_28/29schl02_20211228_165836_3015699505_600_800.png,29schl02_20211228_165836_3015699505_600_800_mask.png,propostas para.
44,6,88,13,27,304,115,317,27,304,115,304,115,317,27,317,sub_line_text,list,list_1,opensans,regular,10,29schl02_20211228_165836_3015699505_600_800.png,/scratch/parceirosbr/bigoilict/share/BigOil/document_generator/datasets/documents_2021_12_28/29schl02_20211228_165836_3015699505_600_800.png,29schl02_20211228_165836_3015699505_600_800_mask.png,A privilegia as.
74,6,148,13,27,325,175,338,27,325,175,325,175,338,27,338,sub_line_text,list,list_1,opensans,regular,10,29schl02_20211228_165836_3015699505_600_800.png,/scratch/parceirosbr/bigoilict/share/BigOil/document_generator/datasets/documents_2021_12_28/29schl02_20211228_165836_3015699505_600_800.png,29schl02_20211228_165836_3015699505_600_800_mask.png,V reduziu cerca de 60% da.
20,7,40,15,27,355,67,370,27,355,67,355,67,370,27,370,sub_line_text,subtitle,subtitle_1,opensans,bold,11,29schl02_20211228_165836_3015699505_600_800.png,/scratch/parceirosbr/bigoilict/share/BigOil/document_generator/datasets/documents_2021_12_28/29schl02_20211228_165836_3015699505_600_800.png,29schl02_20211228_165836_3015699505_600_800_mask.png,Figure
76,68,153,136,27,374,180,510,27,374,180,374,180,510,27,510,list,list,list_2,opensans,opensans,11,29schl02_20211228_165836_3015699505_600_800.png,/scratch/parceirosbr/bigoilict/share/BigOil/document_generator/datasets/documents_2021_12_28/29schl02_20211228_165836_3015699505_600_800.png,29schl02_20211228_165836_3015699505_600_800_mask.png,
20,7,40,15,27,355,67,370,27,355,67,355,67,370,27,370,title,subtitle,subtitle_2,opensans,bold,11,29schl02_20211228_165836_3015699505_600_800.png,/scratch/parceirosbr/bigoilict/share/BigOil/document_generator/datasets/documents_2021_12_28/29schl02_20211228_165836_3015699505_600_800.png,29schl02_20211228_165836_3015699505_600_800_mask.png,
74,6,148,13,27,374,175,387,27,374,175,374,175,387,27,387,sub_line_text,list,list_2,opensans,regular,10,29schl02_20211228_165836_3015699505_600_800.png,/scratch/parceirosbr/bigoilict/share/BigOil/document_generator/datasets/documents_2021_12_28/29schl02_20211228_165836_3015699505_600_800.png,29schl02_20211228_165836_3015699505_600_800_mask.png,"Engineering,   both  located"
57,6,114,13,38,387,152,400,38,387,152,387,152,400,38,400,sub_line_text,list,list_2,opensans,regular,10,29schl02_20211228_165836_3015699505_600_800.png,/scratch/parceirosbr/bigoilict/share/BigOil/document_generator/datasets/documents_2021_12_28/29schl02_20211228_165836_3015699505_600_800.png,29schl02_20211228_165836_3015699505_600_800_mask.png,under the supervision.
72,6,145,13,27,408,172,421,27,408,172,408,172,421,27,421,sub_line_text,list,list_2,opensans,regular,10,29schl02_20211228_165836_3015699505_600_800.png,/scratch/parceirosbr/bigoilict/share/BigOil/document_generator/datasets/documents_2021_12_28/29schl02_20211228_165836_3015699505_600_800.png,29schl02_20211228_165836_3015699505_600_800_mask.png,Com relação às vendas de.
74,6,148,13,27,429,175,442,27,429,175,429,175,442,27,442,sub_line_text,list,list_2,opensans,regular,10,29schl02_20211228_165836_3015699505_600_800.png,/scratch/parceirosbr/bigoilict/share/BigOil/document_generator/datasets/documents_2021_12_28/29schl02_20211228_165836_3015699505_600_800.png,29schl02_20211228_165836_3015699505_600_800_mask.png,Neste capítulo são aprese-
25,6,51,13,39,442,90,455,39,442,90,442,90,455,39,455,sub_line_text,list,list_2,opensans,regular,10,29schl02_20211228_165836_3015699505_600_800.png,/scratch/parceirosbr/bigoilict/share/BigOil/document_generator/datasets/documents_2021_12_28/29schl02_20211228_165836_3015699505_600_800.png,29schl02_20211228_165836_3015699505_600_800_mask.png,ntados e.
54,6,108,13,27,463,135,476,27,463,135,463,135,476,27,476,sub_line_text,list,list_2,opensans,regular,10,29schl02_20211228_165836_3015699505_600_800.png,/scratch/parceirosbr/bigoilict/share/BigOil/document_generator/datasets/documents_2021_12_28/29schl02_20211228_165836_3015699505_600_800.png,29schl02_20211228_165836_3015699505_600_800_mask.png,"This is because, in."
75,6,150,13,27,484,177,497,27,484,177,484,177,497,27,497,sub_line_text,list,list_2,opensans,regular,10,29schl02_20211228_165836_3015699505_600_800.png,/scratch/parceirosbr/bigoilict/share/BigOil/document_generator/datasets/documents_2021_12_28/29schl02_20211228_165836_3015699505_600_800.png,29schl02_20211228_165836_3015699505_600_800_mask.png,A prioriza a geração hidráu-
24,6,49,13,38,497,87,510,38,497,87,497,87,510,38,510,sub_line_text,list,list_2,opensans,regular,10,29schl02_20211228_165836_3015699505_600_800.png,/scratch/parceirosbr/bigoilict/share/BigOil/document_generator/datasets/documents_2021_12_28/29schl02_20211228_165836_3015699505_600_800.png,29schl02_20211228_165836_3015699505_600_800_mask.png,lica e os.
16,7,32,15,195,40,227,55,195,40,227,40,227,55,195,55,sub_line_text,subtitle,subtitle_2,opensans,bold,11,29schl02_20211228_165836_3015699505_600_800.png,/scratch/parceirosbr/bigoilict/share/BigOil/document_generator/datasets/documents_2021_12_28/29schl02_20211228_165836_3015699505_600_800.png,29schl02_20211228_165836_3015699505_600_800_mask.png,ExoT
16,7,32,15,195,40,227,55,195,40,227,40,227,55,195,55,title,subtitle,subtitle_3,opensans,bold,11,29schl02_20211228_165836_3015699505_600_800.png,/scratch/parceirosbr/bigoilict/share/BigOil/document_generator/datasets/documents_2021_12_28/29schl02_20211228_165836_3015699505_600_800.png,29schl02_20211228_165836_3015699505_600_800_mask.png,
89,6,178,13,195,62,373,75,195,62,373,62,373,75,195,75,sub_line_text,text,text_1,opensans,regular,10,29schl02_20211228_165836_3015699505_600_800.png,/scratch/parceirosbr/bigoilict/share/BigOil/document_generator/datasets/documents_2021_12_28/29schl02_20211228_165836_3015699505_600_800.png,29schl02_20211228_165836_3015699505_600_800_mask.png,"Com  isso, espera-se uma utilização"
88,6,176,13,195,75,371,88,195,75,371,75,371,88,195,88,sub_line_text,text,text_1,opensans,regular,10,29schl02_20211228_165836_3015699505_600_800.png,/scratch/parceirosbr/bigoilict/share/BigOil/document_generator/datasets/documents_2021_12_28/29schl02_20211228_165836_3015699505_600_800.png,29schl02_20211228_165836_3015699505_600_800_mask.png,"mais  eficiente da infraestrutura, p-"
89,6,178,13,195,88,373,101,195,88,373,88,373,101,195,101,sub_line_text,text,text_1,opensans,regular,10,29schl02_20211228_165836_3015699505_600_800.png,/scratch/parceirosbr/bigoilict/share/BigOil/document_generator/datasets/documents_2021_12_28/29schl02_20211228_165836_3015699505_600_800.png,29schl02_20211228_165836_3015699505_600_800_mask.png,"elo  lado  do transporte, e a correta"
89,6,178,13,195,101,373,114,195,101,373,101,373,114,195,114,sub_line_text,text,text_1,opensans,regular,10,29schl02_20211228_165836_3015699505_600_800.png,/scratch/parceirosbr/bigoilict/share/BigOil/document_generator/datasets/documents_2021_12_28/29schl02_20211228_165836_3015699505_600_800.png,29schl02_20211228_165836_3015699505_600_800_mask.png,sinalização  dos preços pelo lado d-
89,6,178,13,195,114,373,127,195,114,373,114,373,127,195,127,sub_line_text,text,text_1,opensans,regular,10,29schl02_20211228_165836_3015699505_600_800.png,/scratch/parceirosbr/bigoilict/share/BigOil/document_generator/datasets/documents_2021_12_28/29schl02_20211228_165836_3015699505_600_800.png,29schl02_20211228_165836_3015699505_600_800_mask.png,a  comercialização  da  molécula.As
89,6,178,13,195,127,373,140,195,127,373,127,373,140,195,140,sub_line_text,text,text_1,opensans,regular,10,29schl02_20211228_165836_3015699505_600_800.png,/scratch/parceirosbr/bigoilict/share/BigOil/document_generator/datasets/documents_2021_12_28/29schl02_20211228_165836_3015699505_600_800.png,29schl02_20211228_165836_3015699505_600_800_mask.png,"for  location,  the  global production"
89,6,178,13,195,140,373,153,195,140,373,140,373,153,195,153,sub_line_text,text,text_1,opensans,regular,10,29schl02_20211228_165836_3015699505_600_800.png,/scratch/parceirosbr/bigoilict/share/BigOil/document_generator/datasets/documents_2021_12_28/29schl02_20211228_165836_3015699505_600_800.png,29schl02_20211228_165836_3015699505_600_800_mask.png,of  biofuels is concentrated in three
89,6,178,13,195,153,373,166,195,153,373,153,373,166,195,166,sub_line_text,text,text_1,opensans,regular,10,29schl02_20211228_165836_3015699505_600_800.png,/scratch/parceirosbr/bigoilict/share/BigOil/document_generator/datasets/documents_2021_12_28/29schl02_20211228_165836_3015699505_600_800.png,29schl02_20211228_165836_3015699505_600_800_mask.png,major regions: and yet only.O diâm-
89,6,178,13,195,166,373,179,195,166,373,166,373,179,195,179,sub_line_text,text,text_1,opensans,regular,10,29schl02_20211228_165836_3015699505_600_800.png,/scratch/parceirosbr/bigoilict/share/BigOil/document_generator/datasets/documents_2021_12_28/29schl02_20211228_165836_3015699505_600_800.png,29schl02_20211228_165836_3015699505_600_800_mask.png,etro  correspondente à boca de saí-
88,6,176,13,195,179,371,192,195,179,371,179,371,192,195,192,sub_line_text,text,text_1,opensans,regular,10,29schl02_20211228_165836_3015699505_600_800.png,/scratch/parceirosbr/bigoilict/share/BigOil/document_generator/datasets/documents_2021_12_28/29schl02_20211228_165836_3015699505_600_800.png,29schl02_20211228_165836_3015699505_600_800_mask.png,da poderá ser calculado pela equa-
88,6,177,13,195,192,372,205,195,192,372,192,372,205,195,205,sub_line_text,text,text_1,opensans,regular,10,29schl02_20211228_165836_3015699505_600_800.png,/scratch/parceirosbr/bigoilict/share/BigOil/document_generator/datasets/documents_2021_12_28/29schl02_20211228_165836_3015699505_600_800.png,29schl02_20211228_165836_3015699505_600_800_mask.png,ção  48 dependendo apenas da vel-
88,6,176,13,195,205,371,218,195,205,371,205,371,218,195,218,sub_line_text,text,text_1,opensans,regular,10,29schl02_20211228_165836_3015699505_600_800.png,/scratch/parceirosbr/bigoilict/share/BigOil/document_generator/datasets/documents_2021_12_28/29schl02_20211228_165836_3015699505_600_800.png,29schl02_20211228_165836_3015699505_600_800_mask.png,ocidade  desejada na boca de saíd-
33,6,66,13,195,218,261,231,195,218,261,218,261,231,195,231,sub_line_text,text,text_1,opensans,regular,10,29schl02_20211228_165836_3015699505_600_800.png,/scratch/parceirosbr/bigoilict/share/BigOil/document_generator/datasets/documents_2021_12_28/29schl02_20211228_165836_3015699505_600_800.png,29schl02_20211228_165836_3015699505_600_800_mask.png,a da bomba.
89,84,178,169,195,62,373,231,195,62,373,62,373,231,195,231,text,text,text_2,opensans,regular,10,29schl02_20211228_165836_3015699505_600_800.png,/scratch/parceirosbr/bigoilict/share/BigOil/document_generator/datasets/documents_2021_12_28/29schl02_20211228_165836_3015699505_600_800.png,29schl02_20211228_165836_3015699505_600_800_mask.png,
10,7,20,15,391,40,411,55,391,40,411,40,411,55,391,55,sub_line_text,subtitle,subtitle_3,opensans,bold,11,29schl02_20211228_165836_3015699505_600_800.png,/scratch/parceirosbr/bigoilict/share/BigOil/document_generator/datasets/documents_2021_12_28/29schl02_20211228_165836_3015699505_600_800.png,29schl02_20211228_165836_3015699505_600_800_mask.png,As
10,7,20,15,391,40,411,55,391,40,411,40,411,55,391,55,title,subtitle,subtitle_4,opensans,bold,11,29schl02_20211228_165836_3015699505_600_800.png,/scratch/parceirosbr/bigoilict/share/BigOil/document_generator/datasets/documents_2021_12_28/29schl02_20211228_165836_3015699505_600_800.png,29schl02_20211228_165836_3015699505_600_800_mask.png,
88,6,177,13,391,59,568,72,391,59,568,59,568,72,391,72,sub_line_text,text,text_2,opensans,regular,10,29schl02_20211228_165836_3015699505_600_800.png,/scratch/parceirosbr/bigoilict/share/BigOil/document_generator/datasets/documents_2021_12_28/29schl02_20211228_165836_3015699505_600_800.png,29schl02_20211228_165836_3015699505_600_800_mask.png,"De  uma  maneira  geral, os ésteres"
88,6,177,13,391,72,568,85,391,72,568,72,568,85,391,85,sub_line_text,text,text_2,opensans,regular,10,29schl02_20211228_165836_3015699505_600_800.png,/scratch/parceirosbr/bigoilict/share/BigOil/document_generator/datasets/documents_2021_12_28/29schl02_20211228_165836_3015699505_600_800.png,29schl02_20211228_165836_3015699505_600_800_mask.png,graxos insaturados obtidos da tran-
89,6,178,13,391,85,569,98,391,85,569,85,569,98,391,98,sub_line_text,text,text_2,opensans,regular,10,29schl02_20211228_165836_3015699505_600_800.png,/scratch/parceirosbr/bigoilict/share/BigOil/document_generator/datasets/documents_2021_12_28/29schl02_20211228_165836_3015699505_600_800.png,29schl02_20211228_165836_3015699505_600_800_mask.png,sesterificação de alguns destes óle-
88,6,177,13,391,98,568,111,391,98,568,98,568,111,391,111,sub_line_text,text,text_2,opensans,regular,10,29schl02_20211228_165836_3015699505_600_800.png,/scratch/parceirosbr/bigoilict/share/BigOil/document_generator/datasets/documents_2021_12_28/29schl02_20211228_165836_3015699505_600_800.png,29schl02_20211228_165836_3015699505_600_800_mask.png,os  começam a se oxidar e se deco-
88,6,177,13,391,111,568,124,391,111,568,111,568,124,391,124,sub_line_text,text,text_2,opensans,regular,10,29schl02_20211228_165836_3015699505_600_800.png,/scratch/parceirosbr/bigoilict/share/BigOil/document_generator/datasets/documents_2021_12_28/29schl02_20211228_165836_3015699505_600_800.png,29schl02_20211228_165836_3015699505_600_800_mask.png,mpor no momento em que são exp-
88,6,177,13,391,124,568,137,391,124,568,124,568,137,391,137,sub_line_text,text,text_2,opensans,regular,10,29schl02_20211228_165836_3015699505_600_800.png,/scratch/parceirosbr/bigoilict/share/BigOil/document_generator/datasets/documents_2021_12_28/29schl02_20211228_165836_3015699505_600_800.png,29schl02_20211228_165836_3015699505_600_800_mask.png,ostos à atmosfera.Observa-se pelo-
88,6,177,13,391,137,568,150,391,137,568,137,568,150,391,150,sub_line_text,text,text_2,opensans,regular,10,29schl02_20211228_165836_3015699505_600_800.png,/scratch/parceirosbr/bigoilict/share/BigOil/document_generator/datasets/documents_2021_12_28/29schl02_20211228_165836_3015699505_600_800.png,29schl02_20211228_165836_3015699505_600_800_mask.png,s  mapas que não existem diferenç-
88,6,176,13,391,150,567,163,391,150,567,150,567,163,391,163,sub_line_text,text,text_2,opensans,regular,10,29schl02_20211228_165836_3015699505_600_800.png,/scratch/parceirosbr/bigoilict/share/BigOil/document_generator/datasets/documents_2021_12_28/29schl02_20211228_165836_3015699505_600_800.png,29schl02_20211228_165836_3015699505_600_800_mask.png,as  significativas  entre  os tipos de
88,6,176,13,391,163,567,176,391,163,567,163,567,176,391,176,sub_line_text,text,text_2,opensans,regular,10,29schl02_20211228_165836_3015699505_600_800.png,/scratch/parceirosbr/bigoilict/share/BigOil/document_generator/datasets/documents_2021_12_28/29schl02_20211228_165836_3015699505_600_800.png,29schl02_20211228_165836_3015699505_600_800_mask.png,manejo  analisados menos tecnific-
89,6,178,13,391,176,569,189,391,176,569,176,569,189,391,189,sub_line_text,text,text_2,opensans,regular,10,29schl02_20211228_165836_3015699505_600_800.png,/scratch/parceirosbr/bigoilict/share/BigOil/document_generator/datasets/documents_2021_12_28/29schl02_20211228_165836_3015699505_600_800.png,29schl02_20211228_165836_3015699505_600_800_mask.png,ado e mais tecnificado e com empr-
88,6,177,13,391,189,568,202,391,189,568,189,568,202,391,202,sub_line_text,text,text_2,opensans,regular,10,29schl02_20211228_165836_3015699505_600_800.png,/scratch/parceirosbr/bigoilict/share/BigOil/document_generator/datasets/documents_2021_12_28/29schl02_20211228_165836_3015699505_600_800.png,29schl02_20211228_165836_3015699505_600_800_mask.png,ego  de alta tecnologia).De forma g-
88,6,176,13,391,202,567,215,391,202,567,202,567,215,391,215,sub_line_text,text,text_2,opensans,regular,10,29schl02_20211228_165836_3015699505_600_800.png,/scratch/parceirosbr/bigoilict/share/BigOil/document_generator/datasets/documents_2021_12_28/29schl02_20211228_165836_3015699505_600_800.png,29schl02_20211228_165836_3015699505_600_800_mask.png,eral  a contratação ou execução de
48,6,97,13,391,215,488,228,391,215,488,215,488,228,391,228,sub_line_text,text,text_2,opensans,regular,10,29schl02_20211228_165836_3015699505_600_800.png,/scratch/parceirosbr/bigoilict/share/BigOil/document_generator/datasets/documents_2021_12_28/29schl02_20211228_165836_3015699505_600_800.png,29schl02_20211228_165836_3015699505_600_800_mask.png,projetos por parte.
89,84,178,169,391,59,569,228,391,59,569,59,569,228,391,228,text,text,text_3,opensans,regular,10,29schl02_20211228_165836_3015699505_600_800.png,/scratch/parceirosbr/bigoilict/share/BigOil/document_generator/datasets/documents_2021_12_28/29schl02_20211228_165836_3015699505_600_800.png,29schl02_20211228_165836_3015699505_600_800_mask.png,
186,6,372,13,195,252,567,265,195,252,567,252,567,265,195,265,sub_line_text,table_legend,table_0,opensans,regular,10,29schl02_20211228_165836_3015699505_600_800.png,/scratch/parceirosbr/bigoilict/share/BigOil/document_generator/datasets/documents_2021_12_28/29schl02_20211228_165836_3015699505_600_800.png,29schl02_20211228_165836_3015699505_600_800_mask.png,A  curva de calibração estimada de cada uma das configurações é apresent-
186,6,373,13,195,265,568,278,195,265,568,265,568,278,195,278,sub_line_text,table_legend,table_0,opensans,regular,10,29schl02_20211228_165836_3015699505_600_800.png,/scratch/parceirosbr/bigoilict/share/BigOil/document_generator/datasets/documents_2021_12_28/29schl02_20211228_165836_3015699505_600_800.png,29schl02_20211228_165836_3015699505_600_800_mask.png,"ada  na.Um  contrato futuro de trigo também é um derivativo, pois seu valor"
24,6,48,13,195,278,243,291,195,278,243,278,243,291,195,291,sub_line_text,table_legend,table_0,opensans,regular,10,29schl02_20211228_165836_3015699505_600_800.png,/scratch/parceirosbr/bigoilict/share/BigOil/document_generator/datasets/documents_2021_12_28/29schl02_20211228_165836_3015699505_600_800.png,29schl02_20211228_165836_3015699505_600_800_mask.png,varia de.
187,19,374,39,195,252,569,291,195,252,569,252,569,291,195,291,text,table_legend,table_1,opensans,regular,10,29schl02_20211228_165836_3015699505_600_800.png,/scratch/parceirosbr/bigoilict/share/BigOil/document_generator/datasets/documents_2021_12_28/29schl02_20211228_165836_3015699505_600_800.png,29schl02_20211228_165836_3015699505_600_800_mask.png,
162,129,324,259,220,349,544,608,220,349,544,349,544,608,220,608,table,table_image,table_1,,,,29schl02_20211228_165836_3015699505_600_800.png,/scratch/parceirosbr/bigoilict/share/BigOil/document_generator/datasets/documents_2021_12_28/29schl02_20211228_165836_3015699505_600_800.png,29schl02_20211228_165836_3015699505_600_800_mask.png,output/gen_tab_20211228_165838_3004176226.png
16,6,32,13,241,354,273,367,241,354,273,354,273,367,241,367,text,table_text,table_1,roboto,italic,10.0,29schl02_20211228_165836_3015699505_600_800.png,/scratch/parceirosbr/bigoilict/share/BigOil/document_generator/datasets/documents_2021_12_28/29schl02_20211228_165836_3015699505_600_800.png,29schl02_20211228_165836_3015699505_600_800_mask.png,mistura
16,6,32,13,241,354,273,367,241,354,273,354,273,367,241,367,sub_line_text,table_text,table_1,roboto,italic,10.0,29schl02_20211228_165836_3015699505_600_800.png,/scratch/parceirosbr/bigoilict/share/BigOil/document_generator/datasets/documents_2021_12_28/29schl02_20211228_165836_3015699505_600_800.png,29schl02_20211228_165836_3015699505_600_800_mask.png,mistura
14,6,28,12,243,369,271,381,243,369,271,369,271,381,243,381,text,table_text,table_1,roboto,regular,10.0,29schl02_20211228_165836_3015699505_600_800.png,/scratch/parceirosbr/bigoilict/share/BigOil/document_generator/datasets/documents_2021_12_28/29schl02_20211228_165836_3015699505_600_800.png,29schl02_20211228_165836_3015699505_600_800_mask.png,fatode
14,6,28,12,243,369,271,381,243,369,271,369,271,381,243,381,sub_line_text,table_text,table_1,roboto,regular,10.0,29schl02_20211228_165836_3015699505_600_800.png,/scratch/parceirosbr/bigoilict/share/BigOil/document_generator/datasets/documents_2021_12_28/29schl02_20211228_165836_3015699505_600_800.png,29schl02_20211228_165836_3015699505_600_800_mask.png,fatode
19,6,38,12,238,384,276,396,238,384,276,384,276,396,238,396,text,table_text,table_1,roboto,regular,10.0,29schl02_20211228_165836_3015699505_600_800.png,/scratch/parceirosbr/bigoilict/share/BigOil/document_generator/datasets/documents_2021_12_28/29schl02_20211228_165836_3015699505_600_800.png,29schl02_20211228_165836_3015699505_600_800_mask.png,medidas
19,6,38,12,238,384,276,396,238,384,276,384,276,396,238,396,sub_line_text,table_text,table_1,roboto,regular,10.0,29schl02_20211228_165836_3015699505_600_800.png,/scratch/parceirosbr/bigoilict/share/BigOil/document_generator/datasets/documents_2021_12_28/29schl02_20211228_165836_3015699505_600_800.png,29schl02_20211228_165836_3015699505_600_800_mask.png,medidas
12,6,25,12,244,399,269,411,244,399,269,399,269,411,244,411,text,table_text,table_1,roboto,regular,10.0,29schl02_20211228_165836_3015699505_600_800.png,/scratch/parceirosbr/bigoilict/share/BigOil/document_generator/datasets/documents_2021_12_28/29schl02_20211228_165836_3015699505_600_800.png,29schl02_20211228_165836_3015699505_600_800_mask.png,custo
12,6,25,12,244,399,269,411,244,399,269,399,269,411,244,411,sub_line_text,table_text,table_1,roboto,regular,10.0,29schl02_20211228_165836_3015699505_600_800.png,/scratch/parceirosbr/bigoilict/share/BigOil/document_generator/datasets/documents_2021_12_28/29schl02_20211228_165836_3015699505_600_800.png,29schl02_20211228_165836_3015699505_600_800_mask.png,custo
14,6,28,12,243,414,271,426,243,414,271,414,271,426,243,426,text,table_text,table_1,roboto,regular,10.0,29schl02_20211228_165836_3015699505_600_800.png,/scratch/parceirosbr/bigoilict/share/BigOil/document_generator/datasets/documents_2021_12_28/29schl02_20211228_165836_3015699505_600_800.png,29schl02_20211228_165836_3015699505_600_800_mask.png,tratam
14,6,28,12,243,414,271,426,243,414,271,414,271,426,243,426,sub_line_text,table_text,table_1,roboto,regular,10.0,29schl02_20211228_165836_3015699505_600_800.png,/scratch/parceirosbr/bigoilict/share/BigOil/document_generator/datasets/documents_2021_12_28/29schl02_20211228_165836_3015699505_600_800.png,29schl02_20211228_165836_3015699505_600_800_mask.png,tratam
25,6,51,12,232,429,283,441,232,429,283,429,283,441,232,441,text,table_text,table_1,roboto,regular,10.0,29schl02_20211228_165836_3015699505_600_800.png,/scratch/parceirosbr/bigoilict/share/BigOil/document_generator/datasets/documents_2021_12_28/29schl02_20211228_165836_3015699505_600_800.png,29schl02_20211228_165836_3015699505_600_800_mask.png,intervenção
25,6,51,12,232,429,283,441,232,429,283,429,283,441,232,441,sub_line_text,table_text,table_1,roboto,regular,10.0,29schl02_20211228_165836_3015699505_600_800.png,/scratch/parceirosbr/bigoilict/share/BigOil/document_generator/datasets/documents_2021_12_28/29schl02_20211228_165836_3015699505_600_800.png,29schl02_20211228_165836_3015699505_600_800_mask.png,intervenção
4,6,8,12,253,444,261,456,253,444,261,444,261,456,253,456,text,table_text,table_1,roboto,regular,10.0,29schl02_20211228_165836_3015699505_600_800.png,/scratch/parceirosbr/bigoilict/share/BigOil/document_generator/datasets/documents_2021_12_28/29schl02_20211228_165836_3015699505_600_800.png,29schl02_20211228_165836_3015699505_600_800_mask.png,já
4,6,8,12,253,444,261,456,253,444,261,444,261,456,253,456,sub_line_text,table_text,table_1,roboto,regular,10.0,29schl02_20211228_165836_3015699505_600_800.png,/scratch/parceirosbr/bigoilict/share/BigOil/document_generator/datasets/documents_2021_12_28/29schl02_20211228_165836_3015699505_600_800.png,29schl02_20211228_165836_3015699505_600_800_mask.png,já
2,6,5,12,254,459,259,471,254,459,259,459,259,471,254,471,text,table_text,table_1,roboto,regular,10.0,29schl02_20211228_165836_3015699505_600_800.png,/scratch/parceirosbr/bigoilict/share/BigOil/document_generator/datasets/documents_2021_12_28/29schl02_20211228_165836_3015699505_600_800.png,29schl02_20211228_165836_3015699505_600_800_mask.png,é
2,6,5,12,254,459,259,471,254,459,259,459,259,471,254,471,sub_line_text,table_text,table_1,roboto,regular,10.0,29schl02_20211228_165836_3015699505_600_800.png,/scratch/parceirosbr/bigoilict/share/BigOil/document_generator/datasets/documents_2021_12_28/29schl02_20211228_165836_3015699505_600_800.png,29schl02_20211228_165836_3015699505_600_800_mask.png,é
9,6,18,12,248,474,266,486,248,474,266,474,266,486,248,486,text,table_text,table_1,roboto,regular,10.0,29schl02_20211228_165836_3015699505_600_800.png,/scratch/parceirosbr/bigoilict/share/BigOil/document_generator/datasets/documents_2021_12_28/29schl02_20211228_165836_3015699505_600_800.png,29schl02_20211228_165836_3015699505_600_800_mask.png,país
9,6,18,12,248,474,266,486,248,474,266,474,266,486,248,486,sub_line_text,table_text,table_1,roboto,regular,10.0,29schl02_20211228_165836_3015699505_600_800.png,/scratch/parceirosbr/bigoilict/share/BigOil/document_generator/datasets/documents_2021_12_28/29schl02_20211228_165836_3015699505_600_800.png,29schl02_20211228_165836_3015699505_600_800_mask.png,país
10,6,21,12,246,489,267,501,246,489,267,489,267,501,246,501,text,table_text,table_1,roboto,regular,10.0,29schl02_20211228_165836_3015699505_600_800.png,/scratch/parceirosbr/bigoilict/share/BigOil/document_generator/datasets/documents_2021_12_28/29schl02_20211228_165836_3015699505_600_800.png,29schl02_20211228_165836_3015699505_600_800_mask.png,atual
10,6,21,12,246,489,267,501,246,489,267,489,267,501,246,501,sub_line_text,table_text,table_1,roboto,regular,10.0,29schl02_20211228_165836_3015699505_600_800.png,/scratch/parceirosbr/bigoilict/share/BigOil/document_generator/datasets/documents_2021_12_28/29schl02_20211228_165836_3015699505_600_800.png,29schl02_20211228_165836_3015699505_600_800_mask.png,atual
22,6,45,12,234,504,279,516,234,504,279,504,279,516,234,516,text,table_text,table_1,roboto,regular,10.0,29schl02_20211228_165836_3015699505_600_800.png,/scratch/parceirosbr/bigoilict/share/BigOil/document_generator/datasets/documents_2021_12_28/29schl02_20211228_165836_3015699505_600_800.png,29schl02_20211228_165836_3015699505_600_800_mask.png,floculadas
22,6,45,12,234,504,279,516,234,504,279,504,279,516,234,516,sub_line_text,table_text,table_1,roboto,regular,10.0,29schl02_20211228_165836_3015699505_600_800.png,/scratch/parceirosbr/bigoilict/share/BigOil/document_generator/datasets/documents_2021_12_28/29schl02_20211228_165836_3015699505_600_800.png,29schl02_20211228_165836_3015699505_600_800_mask.png,floculadas
15,6,30,12,242,519,272,531,242,519,272,519,272,531,242,531,text,table_text,table_1,roboto,regular,10.0,29schl02_20211228_165836_3015699505_600_800.png,/scratch/parceirosbr/bigoilict/share/BigOil/document_generator/datasets/documents_2021_12_28/29schl02_20211228_165836_3015699505_600_800.png,29schl02_20211228_165836_3015699505_600_800_mask.png,muitas
15,6,30,12,242,519,272,531,242,519,272,519,272,531,242,531,sub_line_text,table_text,table_1,roboto,regular,10.0,29schl02_20211228_165836_3015699505_600_800.png,/scratch/parceirosbr/bigoilict/share/BigOil/document_generator/datasets/documents_2021_12_28/29schl02_20211228_165836_3015699505_600_800.png,29schl02_20211228_165836_3015699505_600_800_mask.png,muitas
3,6,6,12,254,534,260,546,254,534,260,534,260,546,254,546,text,table_text,table_1,roboto,regular,10.0,29schl02_20211228_165836_3015699505_600_800.png,/scratch/parceirosbr/bigoilict/share/BigOil/document_generator/datasets/documents_2021_12_28/29schl02_20211228_165836_3015699505_600_800.png,29schl02_20211228_165836_3015699505_600_800_mask.png,o
3,6,6,12,254,534,260,546,254,534,260,534,260,546,254,546,sub_line_text,table_text,table_1,roboto,regular,10.0,29schl02_20211228_165836_3015699505_600_800.png,/scratch/parceirosbr/bigoilict/share/BigOil/document_generator/datasets/documents_2021_12_28/29schl02_20211228_165836_3015699505_600_800.png,29schl02_20211228_165836_3015699505_600_800_mask.png,o
12,6,24,12,245,549,269,561,245,549,269,549,269,561,245,561,text,table_text,table_1,roboto,regular,10.0,29schl02_20211228_165836_3015699505_600_800.png,/scratch/parceirosbr/bigoilict/share/BigOil/document_generator/datasets/documents_2021_12_28/29schl02_20211228_165836_3015699505_600_800.png,29schl02_20211228_165836_3015699505_600_800_mask.png,spray
12,6,24,12,245,549,269,561,245,549,269,549,269,561,245,561,sub_line_text,table_text,table_1,roboto,regular,10.0,29schl02_20211228_165836_3015699505_600_800.png,/scratch/parceirosbr/bigoilict/share/BigOil/document_generator/datasets/documents_2021_12_28/29schl02_20211228_165836_3015699505_600_800.png,29schl02_20211228_165836_3015699505_600_800_mask.png,spray
20,6,41,12,236,564,277,576,236,564,277,564,277,576,236,576,text,table_text,table_1,roboto,regular,10.0,29schl02_20211228_165836_3015699505_600_800.png,/scratch/parceirosbr/bigoilict/share/BigOil/document_generator/datasets/documents_2021_12_28/29schl02_20211228_165836_3015699505_600_800.png,29schl02_20211228_165836_3015699505_600_800_mask.png,amostras
20,6,41,12,236,564,277,576,236,564,277,564,277,576,236,576,sub_line_text,table_text,table_1,roboto,regular,10.0,29schl02_20211228_165836_3015699505_600_800.png,/scratch/parceirosbr/bigoilict/share/BigOil/document_generator/datasets/documents_2021_12_28/29schl02_20211228_165836_3015699505_600_800.png,29schl02_20211228_165836_3015699505_600_800_mask.png,amostras
15,6,31,12,366,579,397,591,366,579,397,579,397,591,366,591,text,table_text,table_1,roboto,regular,10.0,29schl02_20211228_165836_3015699505_600_800.png,/scratch/parceirosbr/bigoilict/share/BigOil/document_generator/datasets/documents_2021_12_28/29schl02_20211228_165836_3015699505_600_800.png,29schl02_20211228_165836_3015699505_600_800_mask.png,cálculo
15,6,31,12,366,579,397,591,366,579,397,579,397,591,366,591,sub_line_text,table_text,table_1,roboto,regular,10.0,29schl02_20211228_165836_3015699505_600_800.png,/scratch/parceirosbr/bigoilict/share/BigOil/document_generator/datasets/documents_2021_12_28/29schl02_20211228_165836_3015699505_600_800.png,29schl02_20211228_165836_3015699505_600_800_mask.png,cálculo
15,6,31,13,344,354,375,367,344,354,375,354,375,367,344,367,text,table_text,table_1,roboto,italic,10.0,29schl02_20211228_165836_3015699505_600_800.png,/scratch/parceirosbr/bigoilict/share/BigOil/document_generator/datasets/documents_2021_12_28/29schl02_20211228_165836_3015699505_600_800.png,29schl02_20211228_165836_3015699505_600_800_mask.png,dessas
15,6,31,13,344,354,375,367,344,354,375,354,375,367,344,367,sub_line_text,table_text,table_1,roboto,italic,10.0,29schl02_20211228_165836_3015699505_600_800.png,/scratch/parceirosbr/bigoilict/share/BigOil/document_generator/datasets/documents_2021_12_28/29schl02_20211228_165836_3015699505_600_800.png,29schl02_20211228_165836_3015699505_600_800_mask.png,dessas
25,6,51,12,324,369,375,381,324,369,375,369,375,381,324,381,text,table_text,table_1,roboto,regular,10.0,29schl02_20211228_165836_3015699505_600_800.png,/scratch/parceirosbr/bigoilict/share/BigOil/document_generator/datasets/documents_2021_12_28/29schl02_20211228_165836_3015699505_600_800.png,29schl02_20211228_165836_3015699505_600_800_mask.png,84425.672
25,6,51,12,324,369,375,381,324,369,375,369,375,381,324,381,sub_line_text,table_text,table_1,roboto,regular,10.0,29schl02_20211228_165836_3015699505_600_800.png,/scratch/parceirosbr/bigoilict/share/BigOil/document_generator/datasets/documents_2021_12_28/29schl02_20211228_165836_3015699505_600_800.png,29schl02_20211228_165836_3015699505_600_800_mask.png,84425.672
34,6,69,12,306,384,375,396,306,384,375,384,375,396,306,396,text,table_text,table_1,roboto,regular,10.0,29schl02_20211228_165836_3015699505_600_800.png,/scratch/parceirosbr/bigoilict/share/BigOil/document_generator/datasets/documents_2021_12_28/29schl02_20211228_165836_3015699505_600_800.png,29schl02_20211228_165836_3015699505_600_800_mask.png,44274816.287
34,6,69,12,306,384,375,396,306,384,375,384,375,396,306,396,sub_line_text,table_text,table_1,roboto,regular,10.0,29schl02_20211228_165836_3015699505_600_800.png,/scratch/parceirosbr/bigoilict/share/BigOil/document_generator/datasets/documents_2021_12_28/29schl02_20211228_165836_3015699505_600_800.png,29schl02_20211228_165836_3015699505_600_800_mask.png,44274816.287
34,6,69,12,306,399,375,411,306,399,375,399,375,411,306,411,text,table_text,table_1,roboto,regular,10.0,29schl02_20211228_165836_3015699505_600_800.png,/scratch/parceirosbr/bigoilict/share/BigOil/document_generator/datasets/documents_2021_12_28/29schl02_20211228_165836_3015699505_600_800.png,29schl02_20211228_165836_3015699505_600_800_mask.png,97916701.404
34,6,69,12,306,399,375,411,306,399,375,399,375,411,306,411,sub_line_text,table_text,table_1,roboto,regular,10.0,29schl02_20211228_165836_3015699505_600_800.png,/scratch/parceirosbr/bigoilict/share/BigOil/document_generator/datasets/documents_2021_12_28/29schl02_20211228_165836_3015699505_600_800.png,29schl02_20211228_165836_3015699505_600_800_mask.png,97916701.404
31,6,63,12,312,414,375,426,312,414,375,414,375,426,312,426,text,table_text,table_1,roboto,regular,10.0,29schl02_20211228_165836_3015699505_600_800.png,/scratch/parceirosbr/bigoilict/share/BigOil/document_generator/datasets/documents_2021_12_28/29schl02_20211228_165836_3015699505_600_800.png,29schl02_20211228_165836_3015699505_600_800_mask.png,6138838.481
31,6,63,12,312,414,375,426,312,414,375,414,375,426,312,426,sub_line_text,table_text,table_1,roboto,regular,10.0,29schl02_20211228_165836_3015699505_600_800.png,/scratch/parceirosbr/bigoilict/share/BigOil/document_generator/datasets/documents_2021_12_28/29schl02_20211228_165836_3015699505_600_800.png,29schl02_20211228_165836_3015699505_600_800_mask.png,6138838.481
31,6,63,12,312,429,375,441,312,429,375,429,375,441,312,441,text,table_text,table_1,roboto,regular,10.0,29schl02_20211228_165836_3015699505_600_800.png,/scratch/parceirosbr/bigoilict/share/BigOil/document_generator/datasets/documents_2021_12_28/29schl02_20211228_165836_3015699505_600_800.png,29schl02_20211228_165836_3015699505_600_800_mask.png,8682342.530
31,6,63,12,312,429,375,441,312,429,375,429,375,441,312,441,sub_line_text,table_text,table_1,roboto,regular,10.0,29schl02_20211228_165836_3015699505_600_800.png,/scratch/parceirosbr/bigoilict/share/BigOil/document_generator/datasets/documents_2021_12_28/29schl02_20211228_165836_3015699505_600_800.png,29schl02_20211228_165836_3015699505_600_800_mask.png,8682342.530
25,6,51,12,324,444,375,456,324,444,375,444,375,456,324,456,text,table_text,table_1,roboto,regular,10.0,29schl02_20211228_165836_3015699505_600_800.png,/scratch/parceirosbr/bigoilict/share/BigOil/document_generator/datasets/documents_2021_12_28/29schl02_20211228_165836_3015699505_600_800.png,29schl02_20211228_165836_3015699505_600_800_mask.png,43093.909
25,6,51,12,324,444,375,456,324,444,375,444,375,456,324,456,sub_line_text,table_text,table_1,roboto,regular,10.0,29schl02_20211228_165836_3015699505_600_800.png,/scratch/parceirosbr/bigoilict/share/BigOil/document_generator/datasets/documents_2021_12_28/29schl02_20211228_165836_3015699505_600_800.png,29schl02_20211228_165836_3015699505_600_800_mask.png,43093.909
25,6,51,12,324,459,375,471,324,459,375,459,375,471,324,471,text,table_text,table_1,roboto,regular,10.0,29schl02_20211228_165836_3015699505_600_800.png,/scratch/parceirosbr/bigoilict/share/BigOil/document_generator/datasets/documents_2021_12_28/29schl02_20211228_165836_3015699505_600_800.png,29schl02_20211228_165836_3015699505_600_800_mask.png,11316.227
25,6,51,12,324,459,375,471,324,459,375,459,375,471,324,471,sub_line_text,table_text,table_1,roboto,regular,10.0,29schl02_20211228_165836_3015699505_600_800.png,/scratch/parceirosbr/bigoilict/share/BigOil/document_generator/datasets/documents_2021_12_28/29schl02_20211228_165836_3015699505_600_800.png,29schl02_20211228_165836_3015699505_600_800_mask.png,11316.227
34,6,69,12,306,474,375,486,306,474,375,474,375,486,306,486,text,table_text,table_1,roboto,regular,10.0,29schl02_20211228_165836_3015699505_600_800.png,/scratch/parceirosbr/bigoilict/share/BigOil/document_generator/datasets/documents_2021_12_28/29schl02_20211228_165836_3015699505_600_800.png,29schl02_20211228_165836_3015699505_600_800_mask.png,39630657.964
34,6,69,12,306,474,375,486,306,474,375,474,375,486,306,486,sub_line_text,table_text,table_1,roboto,regular,10.0,29schl02_20211228_165836_3015699505_600_800.png,/scratch/parceirosbr/bigoilict/share/BigOil/document_generator/datasets/documents_2021_12_28/29schl02_20211228_165836_3015699505_600_800.png,29schl02_20211228_165836_3015699505_600_800_mask.png,39630657.964
34,6,69,12,306,489,375,501,306,489,375,489,375,501,306,501,text,table_text,table_1,roboto,regular,10.0,29schl02_20211228_165836_3015699505_600_800.png,/scratch/parceirosbr/bigoilict/share/BigOil/document_generator/datasets/documents_2021_12_28/29schl02_20211228_165836_3015699505_600_800.png,29schl02_20211228_165836_3015699505_600_800_mask.png,26361054.988
34,6,69,12,306,489,375,501,306,489,375,489,375,501,306,501,sub_line_text,table_text,table_1,roboto,regular,10.0,29schl02_20211228_165836_3015699505_600_800.png,/scratch/parceirosbr/bigoilict/share/BigOil/document_generator/datasets/documents_2021_12_28/29schl02_20211228_165836_3015699505_600_800.png,29schl02_20211228_165836_3015699505_600_800_mask.png,26361054.988
31,6,63,12,312,504,375,516,312,504,375,504,375,516,312,516,text,table_text,table_1,roboto,regular,10.0,29schl02_20211228_165836_3015699505_600_800.png,/scratch/parceirosbr/bigoilict/share/BigOil/document_generator/datasets/documents_2021_12_28/29schl02_20211228_165836_3015699505_600_800.png,29schl02_20211228_165836_3015699505_600_800_mask.png,5578698.937
31,6,63,12,312,504,375,516,312,504,375,504,375,516,312,516,sub_line_text,table_text,table_1,roboto,regular,10.0,29schl02_20211228_165836_3015699505_600_800.png,/scratch/parceirosbr/bigoilict/share/BigOil/document_generator/datasets/documents_2021_12_28/29schl02_20211228_165836_3015699505_600_800.png,29schl02_20211228_165836_3015699505_600_800_mask.png,5578698.937
28,6,57,12,318,519,375,531,318,519,375,519,375,531,318,531,text,table_text,table_1,roboto,regular,10.0,29schl02_20211228_165836_3015699505_600_800.png,/scratch/parceirosbr/bigoilict/share/BigOil/document_generator/datasets/documents_2021_12_28/29schl02_20211228_165836_3015699505_600_800.png,29schl02_20211228_165836_3015699505_600_800_mask.png,564771.641
28,6,57,12,318,519,375,531,318,519,375,519,375,531,318,531,sub_line_text,table_text,table_1,roboto,regular,10.0,29schl02_20211228_165836_3015699505_600_800.png,/scratch/parceirosbr/bigoilict/share/BigOil/document_generator/datasets/documents_2021_12_28/29schl02_20211228_165836_3015699505_600_800.png,29schl02_20211228_165836_3015699505_600_800_mask.png,564771.641
28,6,57,12,318,534,375,546,318,534,375,534,375,546,318,546,text,table_text,table_1,roboto,regular,10.0,29schl02_20211228_165836_3015699505_600_800.png,/scratch/parceirosbr/bigoilict/share/BigOil/document_generator/datasets/documents_2021_12_28/29schl02_20211228_165836_3015699505_600_800.png,29schl02_20211228_165836_3015699505_600_800_mask.png,494316.922
28,6,57,12,318,534,375,546,318,534,375,534,375,546,318,546,sub_line_text,table_text,table_1,roboto,regular,10.0,29schl02_20211228_165836_3015699505_600_800.png,/scratch/parceirosbr/bigoilict/share/BigOil/document_generator/datasets/documents_2021_12_28/29schl02_20211228_165836_3015699505_600_800.png,29schl02_20211228_165836_3015699505_600_800_mask.png,494316.922
25,6,51,12,324,549,375,561,324,549,375,549,375,561,324,561,text,table_text,table_1,roboto,regular,10.0,29schl02_20211228_165836_3015699505_600_800.png,/scratch/parceirosbr/bigoilict/share/BigOil/document_generator/datasets/documents_2021_12_28/29schl02_20211228_165836_3015699505_600_800.png,29schl02_20211228_165836_3015699505_600_800_mask.png,24531.665
25,6,51,12,324,549,375,561,324,549,375,549,375,561,324,561,sub_line_text,table_text,table_1,roboto,regular,10.0,29schl02_20211228_165836_3015699505_600_800.png,/scratch/parceirosbr/bigoilict/share/BigOil/document_generator/datasets/documents_2021_12_28/29schl02_20211228_165836_3015699505_600_800.png,29schl02_20211228_165836_3015699505_600_800_mask.png,24531.665
34,6,69,12,306,564,375,576,306,564,375,564,375,576,306,576,text,table_text,table_1,roboto,regular,10.0,29schl02_20211228_165836_3015699505_600_800.png,/scratch/parceirosbr/bigoilict/share/BigOil/document_generator/datasets/documents_2021_12_28/29schl02_20211228_165836_3015699505_600_800.png,29schl02_20211228_165836_3015699505_600_800_mask.png,88721434.813
34,6,69,12,306,564,375,576,306,564,375,564,375,576,306,576,sub_line_text,table_text,table_1,roboto,regular,10.0,29schl02_20211228_165836_3015699505_600_800.png,/scratch/parceirosbr/bigoilict/share/BigOil/document_generator/datasets/documents_2021_12_28/29schl02_20211228_165836_3015699505_600_800.png,29schl02_20211228_165836_3015699505_600_800_mask.png,88721434.813
11,6,23,13,411,354,434,367,411,354,434,354,434,367,411,367,text,table_text,table_1,roboto,italic,10.0,29schl02_20211228_165836_3015699505_600_800.png,/scratch/parceirosbr/bigoilict/share/BigOil/document_generator/datasets/documents_2021_12_28/29schl02_20211228_165836_3015699505_600_800.png,29schl02_20211228_165836_3015699505_600_800_mask.png,setor
11,6,23,13,411,354,434,367,411,354,434,354,434,367,411,367,sub_line_text,table_text,table_1,roboto,italic,10.0,29schl02_20211228_165836_3015699505_600_800.png,/scratch/parceirosbr/bigoilict/share/BigOil/document_generator/datasets/documents_2021_12_28/29schl02_20211228_165836_3015699505_600_800.png,29schl02_20211228_165836_3015699505_600_800_mask.png,setor
19,6,39,12,395,369,434,381,395,369,434,369,434,381,395,381,text,table_text,table_1,roboto,regular,10.0,29schl02_20211228_165836_3015699505_600_800.png,/scratch/parceirosbr/bigoilict/share/BigOil/document_generator/datasets/documents_2021_12_28/29schl02_20211228_165836_3015699505_600_800.png,29schl02_20211228_165836_3015699505_600_800_mask.png,735.811
19,6,39,12,395,369,434,381,395,369,434,369,434,381,395,381,sub_line_text,table_text,table_1,roboto,regular,10.0,29schl02_20211228_165836_3015699505_600_800.png,/scratch/parceirosbr/bigoilict/share/BigOil/document_generator/datasets/documents_2021_12_28/29schl02_20211228_165836_3015699505_600_800.png,29schl02_20211228_165836_3015699505_600_800_mask.png,735.811
19,6,39,12,395,384,434,396,395,384,434,384,434,396,395,396,text,table_text,table_1,roboto,regular,10.0,29schl02_20211228_165836_3015699505_600_800.png,/scratch/parceirosbr/bigoilict/share/BigOil/document_generator/datasets/documents_2021_12_28/29schl02_20211228_165836_3015699505_600_800.png,29schl02_20211228_165836_3015699505_600_800_mask.png,103.519
19,6,39,12,395,384,434,396,395,384,434,384,434,396,395,396,sub_line_text,table_text,table_1,roboto,regular,10.0,29schl02_20211228_165836_3015699505_600_800.png,/scratch/parceirosbr/bigoilict/share/BigOil/document_generator/datasets/documents_2021_12_28/29schl02_20211228_165836_3015699505_600_800.png,29schl02_20211228_165836_3015699505_600_800_mask.png,103.519
16,6,33,12,401,399,434,411,401,399,434,399,434,411,401,411,text,table_text,table_1,roboto,regular,10.0,29schl02_20211228_165836_3015699505_600_800.png,/scratch/parceirosbr/bigoilict/share/BigOil/document_generator/datasets/documents_2021_12_28/29schl02_20211228_165836_3015699505_600_800.png,29schl02_20211228_165836_3015699505_600_800_mask.png,31.462
16,6,33,12,401,399,434,411,401,399,434,399,434,411,401,411,sub_line_text,table_text,table_1,roboto,regular,10.0,29schl02_20211228_165836_3015699505_600_800.png,/scratch/parceirosbr/bigoilict/share/BigOil/document_generator/datasets/documents_2021_12_28/29schl02_20211228_165836_3015699505_600_800.png,29schl02_20211228_165836_3015699505_600_800_mask.png,31.462
19,6,39,12,395,414,434,426,395,414,434,414,434,426,395,426,text,table_text,table_1,roboto,regular,10.0,29schl02_20211228_165836_3015699505_600_800.png,/scratch/parceirosbr/bigoilict/share/BigOil/document_generator/datasets/documents_2021_12_28/29schl02_20211228_165836_3015699505_600_800.png,29schl02_20211228_165836_3015699505_600_800_mask.png,108.170
19,6,39,12,395,414,434,426,395,414,434,414,434,426,395,426,sub_line_text,table_text,table_1,roboto,regular,10.0,29schl02_20211228_165836_3015699505_600_800.png,/scratch/parceirosbr/bigoilict/share/BigOil/document_generator/datasets/documents_2021_12_28/29schl02_20211228_165836_3015699505_600_800.png,29schl02_20211228_165836_3015699505_600_800_mask.png,108.170
16,6,33,12,401,429,434,441,401,429,434,429,434,441,401,441,text,table_text,table_1,roboto,regular,10.0,29schl02_20211228_165836_3015699505_600_800.png,/scratch/parceirosbr/bigoilict/share/BigOil/document_generator/datasets/documents_2021_12_28/29schl02_20211228_165836_3015699505_600_800.png,29schl02_20211228_165836_3015699505_600_800_mask.png,39.960
16,6,33,12,401,429,434,441,401,429,434,429,434,441,401,441,sub_line_text,table_text,table_1,roboto,regular,10.0,29schl02_20211228_165836_3015699505_600_800.png,/scratch/parceirosbr/bigoilict/share/BigOil/document_generator/datasets/documents_2021_12_28/29schl02_20211228_165836_3015699505_600_800.png,29schl02_20211228_165836_3015699505_600_800_mask.png,39.960
16,6,33,12,401,444,434,456,401,444,434,444,434,456,401,456,text,table_text,table_1,roboto,regular,10.0,29schl02_20211228_165836_3015699505_600_800.png,/scratch/parceirosbr/bigoilict/share/BigOil/document_generator/datasets/documents_2021_12_28/29schl02_20211228_165836_3015699505_600_800.png,29schl02_20211228_165836_3015699505_600_800_mask.png,99.372
16,6,33,12,401,444,434,456,401,444,434,444,434,456,401,456,sub_line_text,table_text,table_1,roboto,regular,10.0,29schl02_20211228_165836_3015699505_600_800.png,/scratch/parceirosbr/bigoilict/share/BigOil/document_generator/datasets/documents_2021_12_28/29schl02_20211228_165836_3015699505_600_800.png,29schl02_20211228_165836_3015699505_600_800_mask.png,99.372
19,6,39,12,395,459,434,471,395,459,434,459,434,471,395,471,text,table_text,table_1,roboto,regular,10.0,29schl02_20211228_165836_3015699505_600_800.png,/scratch/parceirosbr/bigoilict/share/BigOil/document_generator/datasets/documents_2021_12_28/29schl02_20211228_165836_3015699505_600_800.png,29schl02_20211228_165836_3015699505_600_800_mask.png,888.837
19,6,39,12,395,459,434,471,395,459,434,459,434,471,395,471,sub_line_text,table_text,table_1,roboto,regular,10.0,29schl02_20211228_165836_3015699505_600_800.png,/scratch/parceirosbr/bigoilict/share/BigOil/document_generator/datasets/documents_2021_12_28/29schl02_20211228_165836_3015699505_600_800.png,29schl02_20211228_165836_3015699505_600_800_mask.png,888.837
13,6,27,12,407,474,434,486,407,474,434,474,434,486,407,486,text,table_text,table_1,roboto,regular,10.0,29schl02_20211228_165836_3015699505_600_800.png,/scratch/parceirosbr/bigoilict/share/BigOil/document_generator/datasets/documents_2021_12_28/29schl02_20211228_165836_3015699505_600_800.png,29schl02_20211228_165836_3015699505_600_800_mask.png,8.262
13,6,27,12,407,474,434,486,407,474,434,474,434,486,407,486,sub_line_text,table_text,table_1,roboto,regular,10.0,29schl02_20211228_165836_3015699505_600_800.png,/scratch/parceirosbr/bigoilict/share/BigOil/document_generator/datasets/documents_2021_12_28/29schl02_20211228_165836_3015699505_600_800.png,29schl02_20211228_165836_3015699505_600_800_mask.png,8.262
13,6,27,12,407,489,434,501,407,489,434,489,434,501,407,501,text,table_text,table_1,roboto,regular,10.0,29schl02_20211228_165836_3015699505_600_800.png,/scratch/parceirosbr/bigoilict/share/BigOil/document_generator/datasets/documents_2021_12_28/29schl02_20211228_165836_3015699505_600_800.png,29schl02_20211228_165836_3015699505_600_800_mask.png,3.668
13,6,27,12,407,489,434,501,407,489,434,489,434,501,407,501,sub_line_text,table_text,table_1,roboto,regular,10.0,29schl02_20211228_165836_3015699505_600_800.png,/scratch/parceirosbr/bigoilict/share/BigOil/document_generator/datasets/documents_2021_12_28/29schl02_20211228_165836_3015699505_600_800.png,29schl02_20211228_165836_3015699505_600_800_mask.png,3.668
16,6,33,12,401,504,434,516,401,504,434,504,434,516,401,516,text,table_text,table_1,roboto,regular,10.0,29schl02_20211228_165836_3015699505_600_800.png,/scratch/parceirosbr/bigoilict/share/BigOil/document_generator/datasets/documents_2021_12_28/29schl02_20211228_165836_3015699505_600_800.png,29schl02_20211228_165836_3015699505_600_800_mask.png,16.653
16,6,33,12,401,504,434,516,401,504,434,504,434,516,401,516,sub_line_text,table_text,table_1,roboto,regular,10.0,29schl02_20211228_165836_3015699505_600_800.png,/scratch/parceirosbr/bigoilict/share/BigOil/document_generator/datasets/documents_2021_12_28/29schl02_20211228_165836_3015699505_600_800.png,29schl02_20211228_165836_3015699505_600_800_mask.png,16.653
19,6,39,12,395,519,434,531,395,519,434,519,434,531,395,531,text,table_text,table_1,roboto,regular,10.0,29schl02_20211228_165836_3015699505_600_800.png,/scratch/parceirosbr/bigoilict/share/BigOil/document_generator/datasets/documents_2021_12_28/29schl02_20211228_165836_3015699505_600_800.png,29schl02_20211228_165836_3015699505_600_800_mask.png,630.963
19,6,39,12,395,519,434,531,395,519,434,519,434,531,395,531,sub_line_text,table_text,table_1,roboto,regular,10.0,29schl02_20211228_165836_3015699505_600_800.png,/scratch/parceirosbr/bigoilict/share/BigOil/document_generator/datasets/documents_2021_12_28/29schl02_20211228_165836_3015699505_600_800.png,29schl02_20211228_165836_3015699505_600_800_mask.png,630.963
13,6,27,12,407,534,434,546,407,534,434,534,434,546,407,546,text,table_text,table_1,roboto,regular,10.0,29schl02_20211228_165836_3015699505_600_800.png,/scratch/parceirosbr/bigoilict/share/BigOil/document_generator/datasets/documents_2021_12_28/29schl02_20211228_165836_3015699505_600_800.png,29schl02_20211228_165836_3015699505_600_800_mask.png,2.236
13,6,27,12,407,534,434,546,407,534,434,534,434,546,407,546,sub_line_text,table_text,table_1,roboto,regular,10.0,29schl02_20211228_165836_3015699505_600_800.png,/scratch/parceirosbr/bigoilict/share/BigOil/document_generator/datasets/documents_2021_12_28/29schl02_20211228_165836_3015699505_600_800.png,29schl02_20211228_165836_3015699505_600_800_mask.png,2.236
19,6,39,12,395,549,434,561,395,549,434,549,434,561,395,561,text,table_text,table_1,roboto,regular,10.0,29schl02_20211228_165836_3015699505_600_800.png,/scratch/parceirosbr/bigoilict/share/BigOil/document_generator/datasets/documents_2021_12_28/29schl02_20211228_165836_3015699505_600_800.png,29schl02_20211228_165836_3015699505_600_800_mask.png,841.332
19,6,39,12,395,549,434,561,395,549,434,549,434,561,395,561,sub_line_text,table_text,table_1,roboto,regular,10.0,29schl02_20211228_165836_3015699505_600_800.png,/scratch/parceirosbr/bigoilict/share/BigOil/document_generator/datasets/documents_2021_12_28/29schl02_20211228_165836_3015699505_600_800.png,29schl02_20211228_165836_3015699505_600_800_mask.png,841.332
13,6,27,12,407,564,434,576,407,564,434,564,434,576,407,576,text,table_text,table_1,roboto,regular,10.0,29schl02_20211228_165836_3015699505_600_800.png,/scratch/parceirosbr/bigoilict/share/BigOil/document_generator/datasets/documents_2021_12_28/29schl02_20211228_165836_3015699505_600_800.png,29schl02_20211228_165836_3015699505_600_800_mask.png,9.930
13,6,27,12,407,564,434,576,407,564,434,564,434,576,407,576,sub_line_text,table_text,table_1,roboto,regular,10.0,29schl02_20211228_165836_3015699505_600_800.png,/scratch/parceirosbr/bigoilict/share/BigOil/document_generator/datasets/documents_2021_12_28/29schl02_20211228_165836_3015699505_600_800.png,29schl02_20211228_165836_3015699505_600_800_mask.png,9.930
27,6,55,13,484,354,539,367,484,354,539,354,539,367,484,367,text,table_text,table_1,roboto,italic,10.0,29schl02_20211228_165836_3015699505_600_800.png,/scratch/parceirosbr/bigoilict/share/BigOil/document_generator/datasets/documents_2021_12_28/29schl02_20211228_165836_3015699505_600_800.png,29schl02_20211228_165836_3015699505_600_800_mask.png,concorrência
27,6,55,13,484,354,539,367,484,354,539,354,539,367,484,367,sub_line_text,table_text,table_1,roboto,italic,10.0,29schl02_20211228_165836_3015699505_600_800.png,/scratch/parceirosbr/bigoilict/share/BigOil/document_generator/datasets/documents_2021_12_28/29schl02_20211228_165836_3015699505_600_800.png,29schl02_20211228_165836_3015699505_600_800_mask.png,concorrência
28,6,57,12,482,369,539,381,482,369,539,369,539,381,482,381,text,table_text,table_1,roboto,regular,10.0,29schl02_20211228_165836_3015699505_600_800.png,/scratch/parceirosbr/bigoilict/share/BigOil/document_generator/datasets/documents_2021_12_28/29schl02_20211228_165836_3015699505_600_800.png,29schl02_20211228_165836_3015699505_600_800_mask.png,730403.906
28,6,57,12,482,369,539,381,482,369,539,369,539,381,482,381,sub_line_text,table_text,table_1,roboto,regular,10.0,29schl02_20211228_165836_3015699505_600_800.png,/scratch/parceirosbr/bigoilict/share/BigOil/document_generator/datasets/documents_2021_12_28/29schl02_20211228_165836_3015699505_600_800.png,29schl02_20211228_165836_3015699505_600_800_mask.png,730403.906
28,6,57,12,482,384,539,396,482,384,539,384,539,396,482,396,text,table_text,table_1,roboto,regular,10.0,29schl02_20211228_165836_3015699505_600_800.png,/scratch/parceirosbr/bigoilict/share/BigOil/document_generator/datasets/documents_2021_12_28/29schl02_20211228_165836_3015699505_600_800.png,29schl02_20211228_165836_3015699505_600_800_mask.png,866914.086
28,6,57,12,482,384,539,396,482,384,539,384,539,396,482,396,sub_line_text,table_text,table_1,roboto,regular,10.0,29schl02_20211228_165836_3015699505_600_800.png,/scratch/parceirosbr/bigoilict/share/BigOil/document_generator/datasets/documents_2021_12_28/29schl02_20211228_165836_3015699505_600_800.png,29schl02_20211228_165836_3015699505_600_800_mask.png,866914.086
25,6,51,12,488,399,539,411,488,399,539,399,539,411,488,411,text,table_text,table_1,roboto,regular,10.0,29schl02_20211228_165836_3015699505_600_800.png,/scratch/parceirosbr/bigoilict/share/BigOil/document_generator/datasets/documents_2021_12_28/29schl02_20211228_165836_3015699505_600_800.png,29schl02_20211228_165836_3015699505_600_800_mask.png,92780.320
25,6,51,12,488,399,539,411,488,399,539,399,539,411,488,411,sub_line_text,table_text,table_1,roboto,regular,10.0,29schl02_20211228_165836_3015699505_600_800.png,/scratch/parceirosbr/bigoilict/share/BigOil/document_generator/datasets/documents_2021_12_28/29schl02_20211228_165836_3015699505_600_800.png,29schl02_20211228_165836_3015699505_600_800_mask.png,92780.320
16,6,33,12,506,414,539,426,506,414,539,414,539,426,506,426,text,table_text,table_1,roboto,regular,10.0,29schl02_20211228_165836_3015699505_600_800.png,/scratch/parceirosbr/bigoilict/share/BigOil/document_generator/datasets/documents_2021_12_28/29schl02_20211228_165836_3015699505_600_800.png,29schl02_20211228_165836_3015699505_600_800_mask.png,76.354
16,6,33,12,506,414,539,426,506,414,539,414,539,426,506,426,sub_line_text,table_text,table_1,roboto,regular,10.0,29schl02_20211228_165836_3015699505_600_800.png,/scratch/parceirosbr/bigoilict/share/BigOil/document_generator/datasets/documents_2021_12_28/29schl02_20211228_165836_3015699505_600_800.png,29schl02_20211228_165836_3015699505_600_800_mask.png,76.354
25,6,51,12,488,429,539,441,488,429,539,429,539,441,488,441,text,table_text,table_1,roboto,regular,10.0,29schl02_20211228_165836_3015699505_600_800.png,/scratch/parceirosbr/bigoilict/share/BigOil/document_generator/datasets/documents_2021_12_28/29schl02_20211228_165836_3015699505_600_800.png,29schl02_20211228_165836_3015699505_600_800_mask.png,84015.012
25,6,51,12,488,429,539,441,488,429,539,429,539,441,488,441,sub_line_text,table_text,table_1,roboto,regular,10.0,29schl02_20211228_165836_3015699505_600_800.png,/scratch/parceirosbr/bigoilict/share/BigOil/document_generator/datasets/documents_2021_12_28/29schl02_20211228_165836_3015699505_600_800.png,29schl02_20211228_165836_3015699505_600_800_mask.png,84015.012
25,6,51,12,488,444,539,456,488,444,539,444,539,456,488,456,text,table_text,table_1,roboto,regular,10.0,29schl02_20211228_165836_3015699505_600_800.png,/scratch/parceirosbr/bigoilict/share/BigOil/document_generator/datasets/documents_2021_12_28/29schl02_20211228_165836_3015699505_600_800.png,29schl02_20211228_165836_3015699505_600_800_mask.png,14333.255
25,6,51,12,488,444,539,456,488,444,539,444,539,456,488,456,sub_line_text,table_text,table_1,roboto,regular,10.0,29schl02_20211228_165836_3015699505_600_800.png,/scratch/parceirosbr/bigoilict/share/BigOil/document_generator/datasets/documents_2021_12_28/29schl02_20211228_165836_3015699505_600_800.png,29schl02_20211228_165836_3015699505_600_800_mask.png,14333.255
13,6,27,12,512,459,539,471,512,459,539,459,539,471,512,471,text,table_text,table_1,roboto,regular,10.0,29schl02_20211228_165836_3015699505_600_800.png,/scratch/parceirosbr/bigoilict/share/BigOil/document_generator/datasets/documents_2021_12_28/29schl02_20211228_165836_3015699505_600_800.png,29schl02_20211228_165836_3015699505_600_800_mask.png,3.923
13,6,27,12,512,459,539,471,512,459,539,459,539,471,512,471,sub_line_text,table_text,table_1,roboto,regular,10.0,29schl02_20211228_165836_3015699505_600_800.png,/scratch/parceirosbr/bigoilict/share/BigOil/document_generator/datasets/documents_2021_12_28/29schl02_20211228_165836_3015699505_600_800.png,29schl02_20211228_165836_3015699505_600_800_mask.png,3.923
22,6,45,12,494,474,539,486,494,474,539,474,539,486,494,486,text,table_text,table_1,roboto,regular,10.0,29schl02_20211228_165836_3015699505_600_800.png,/scratch/parceirosbr/bigoilict/share/BigOil/document_generator/datasets/documents_2021_12_28/29schl02_20211228_165836_3015699505_600_800.png,29schl02_20211228_165836_3015699505_600_800_mask.png,6923.240
22,6,45,12,494,474,539,486,494,474,539,474,539,486,494,486,sub_line_text,table_text,table_1,roboto,regular,10.0,29schl02_20211228_165836_3015699505_600_800.png,/scratch/parceirosbr/bigoilict/share/BigOil/document_generator/datasets/documents_2021_12_28/29schl02_20211228_165836_3015699505_600_800.png,29schl02_20211228_165836_3015699505_600_800_mask.png,6923.240
16,6,33,12,506,489,539,501,506,489,539,489,539,501,506,501,text,table_text,table_1,roboto,regular,10.0,29schl02_20211228_165836_3015699505_600_800.png,/scratch/parceirosbr/bigoilict/share/BigOil/document_generator/datasets/documents_2021_12_28/29schl02_20211228_165836_3015699505_600_800.png,29schl02_20211228_165836_3015699505_600_800_mask.png,22.222
16,6,33,12,506,489,539,501,506,489,539,489,539,501,506,501,sub_line_text,table_text,table_1,roboto,regular,10.0,29schl02_20211228_165836_3015699505_600_800.png,/scratch/parceirosbr/bigoilict/share/BigOil/document_generator/datasets/documents_2021_12_28/29schl02_20211228_165836_3015699505_600_800.png,29schl02_20211228_165836_3015699505_600_800_mask.png,22.222
16,6,33,12,506,504,539,516,506,504,539,504,539,516,506,516,text,table_text,table_1,roboto,regular,10.0,29schl02_20211228_165836_3015699505_600_800.png,/scratch/parceirosbr/bigoilict/share/BigOil/document_generator/datasets/documents_2021_12_28/29schl02_20211228_165836_3015699505_600_800.png,29schl02_20211228_165836_3015699505_600_800_mask.png,23.809
16,6,33,12,506,504,539,516,506,504,539,504,539,516,506,516,sub_line_text,table_text,table_1,roboto,regular,10.0,29schl02_20211228_165836_3015699505_600_800.png,/scratch/parceirosbr/bigoilict/share/BigOil/document_generator/datasets/documents_2021_12_28/29schl02_20211228_165836_3015699505_600_800.png,29schl02_20211228_165836_3015699505_600_800_mask.png,23.809
22,6,45,12,494,519,539,531,494,519,539,519,539,531,494,531,text,table_text,table_1,roboto,regular,10.0,29schl02_20211228_165836_3015699505_600_800.png,/scratch/parceirosbr/bigoilict/share/BigOil/document_generator/datasets/documents_2021_12_28/29schl02_20211228_165836_3015699505_600_800.png,29schl02_20211228_165836_3015699505_600_800_mask.png,1560.345
22,6,45,12,494,519,539,531,494,519,539,519,539,531,494,531,sub_line_text,table_text,table_1,roboto,regular,10.0,29schl02_20211228_165836_3015699505_600_800.png,/scratch/parceirosbr/bigoilict/share/BigOil/document_generator/datasets/documents_2021_12_28/29schl02_20211228_165836_3015699505_600_800.png,29schl02_20211228_165836_3015699505_600_800_mask.png,1560.345
25,6,51,12,488,534,539,546,488,534,539,534,539,546,488,546,text,table_text,table_1,roboto,regular,10.0,29schl02_20211228_165836_3015699505_600_800.png,/scratch/parceirosbr/bigoilict/share/BigOil/document_generator/datasets/documents_2021_12_28/29schl02_20211228_165836_3015699505_600_800.png,29schl02_20211228_165836_3015699505_600_800_mask.png,81086.421
25,6,51,12,488,534,539,546,488,534,539,534,539,546,488,546,sub_line_text,table_text,table_1,roboto,regular,10.0,29schl02_20211228_165836_3015699505_600_800.png,/scratch/parceirosbr/bigoilict/share/BigOil/document_generator/datasets/documents_2021_12_28/29schl02_20211228_165836_3015699505_600_800.png,29schl02_20211228_165836_3015699505_600_800_mask.png,81086.421
22,6,45,12,494,549,539,561,494,549,539,549,539,561,494,561,text,table_text,table_1,roboto,regular,10.0,29schl02_20211228_165836_3015699505_600_800.png,/scratch/parceirosbr/bigoilict/share/BigOil/document_generator/datasets/documents_2021_12_28/29schl02_20211228_165836_3015699505_600_800.png,29schl02_20211228_165836_3015699505_600_800_mask.png,5609.124
22,6,45,12,494,549,539,561,494,549,539,549,539,561,494,561,sub_line_text,table_text,table_1,roboto,regular,10.0,29schl02_20211228_165836_3015699505_600_800.png,/scratch/parceirosbr/bigoilict/share/BigOil/document_generator/datasets/documents_2021_12_28/29schl02_20211228_165836_3015699505_600_800.png,29schl02_20211228_165836_3015699505_600_800_mask.png,5609.124
13,6,27,12,512,564,539,576,512,564,539,564,539,576,512,576,text,table_text,table_1,roboto,regular,10.0,29schl02_20211228_165836_3015699505_600_800.png,/scratch/parceirosbr/bigoilict/share/BigOil/document_generator/datasets/documents_2021_12_28/29schl02_20211228_165836_3015699505_600_800.png,29schl02_20211228_165836_3015699505_600_800_mask.png,2.865
13,6,27,12,512,564,539,576,512,564,539,564,539,576,512,576,sub_line_text,table_text,table_1,roboto,regular,10.0,29schl02_20211228_165836_3015699505_600_800.png,/scratch/parceirosbr/bigoilict/share/BigOil/document_generator/datasets/documents_2021_12_28/29schl02_20211228_165836_3015699505_600_800.png,29schl02_20211228_165836_3015699505_600_800_mask.png,2.865
