center_x,center_y,width,height,xmin,ymin,xmax,ymax,top_left_x,top_left_y,top_right_x,top_right_y,bottom_right_x,bottom_right_y,bottom_left_x,bottom_left_y,label,grouplabel,group,text_font,text_style,size_font,filename,path,filename_mask,content
300,400,600,800,0,0,600,800,0,0,600,0,600,800,0,800,document,,,,,,30schl03_20211228_165906_6964674549_600_800.png,/scratch/parceirosbr/bigoilict/share/BigOil/document_generator/datasets/documents_2021_12_28/30schl03_20211228_165906_6964674549_600_800.png,30schl03_20211228_165906_6964674549_600_800_mask.png,
184,5,369,10,6,14,375,24,6,14,375,14,375,24,6,24,sub_line_text,figure_legend,figure_0,opensans,regular,8,30schl03_20211228_165906_6964674549_600_800.png,/scratch/parceirosbr/bigoilict/share/BigOil/document_generator/datasets/documents_2021_12_28/30schl03_20211228_165906_6964674549_600_800.png,30schl03_20211228_165906_6964674549_600_800_mask.png,"for  excluding  from the test, since this city has a market structure with particularities not reproduc-"
71,5,143,10,6,24,149,34,6,24,149,24,149,34,6,34,sub_line_text,figure_legend,figure_0,opensans,regular,8,30schl03_20211228_165906_6964674549_600_800.png,/scratch/parceirosbr/bigoilict/share/BigOil/document_generator/datasets/documents_2021_12_28/30schl03_20211228_165906_6964674549_600_800.png,30schl03_20211228_165906_6964674549_600_800_mask.png,ed in other Brazilian municipalities20.
184,10,369,20,6,14,375,34,6,14,375,14,375,34,6,34,text,figure_legend,figure_1,opensans,regular,8,30schl03_20211228_165906_6964674549_600_800.png,/scratch/parceirosbr/bigoilict/share/BigOil/document_generator/datasets/documents_2021_12_28/30schl03_20211228_165906_6964674549_600_800.png,30schl03_20211228_165906_6964674549_600_800_mask.png,
123,98,246,197,68,91,314,288,68,91,314,91,314,288,68,288,image,figure_image,figure_1,,,,30schl03_20211228_165906_6964674549_600_800.png,/scratch/parceirosbr/bigoilict/share/BigOil/document_generator/datasets/documents_2021_12_28/30schl03_20211228_165906_6964674549_600_800.png,30schl03_20211228_165906_6964674549_600_800_mask.png,output/gen_img_20211228_165906_1676148250.png
18,3,37,7,98,121,135,128,98,118,136,121,135,131,98,128,text,figure_text,figure_1,,,,30schl03_20211228_165906_6964674549_600_800.png,/scratch/parceirosbr/bigoilict/share/BigOil/document_generator/datasets/documents_2021_12_28/30schl03_20211228_165906_6964674549_600_800.png,30schl03_20211228_165906_6964674549_600_800_mask.png,-7775.22
18,3,37,7,98,121,135,128,98,118,136,121,135,131,98,128,sub_line_text,figure_text,figure_1,,,,30schl03_20211228_165906_6964674549_600_800.png,/scratch/parceirosbr/bigoilict/share/BigOil/document_generator/datasets/documents_2021_12_28/30schl03_20211228_165906_6964674549_600_800.png,30schl03_20211228_165906_6964674549_600_800_mask.png,-7775.22
17,7,34,14,212,121,246,135,212,125,244,121,246,131,213,135,text,figure_text,figure_1,,,,30schl03_20211228_165906_6964674549_600_800.png,/scratch/parceirosbr/bigoilict/share/BigOil/document_generator/datasets/documents_2021_12_28/30schl03_20211228_165906_6964674549_600_800.png,30schl03_20211228_165906_6964674549_600_800_mask.png,-5910%
17,7,34,14,212,121,246,135,212,125,244,121,246,131,213,135,sub_line_text,figure_text,figure_1,,,,30schl03_20211228_165906_6964674549_600_800.png,/scratch/parceirosbr/bigoilict/share/BigOil/document_generator/datasets/documents_2021_12_28/30schl03_20211228_165906_6964674549_600_800.png,30schl03_20211228_165906_6964674549_600_800_mask.png,-5910%
15,3,31,7,73,167,104,174,73,164,105,167,104,177,72,174,text,figure_text,figure_1,,,,30schl03_20211228_165906_6964674549_600_800.png,/scratch/parceirosbr/bigoilict/share/BigOil/document_generator/datasets/documents_2021_12_28/30schl03_20211228_165906_6964674549_600_800.png,30schl03_20211228_165906_6964674549_600_800_mask.png,-335.66
15,3,31,7,73,167,104,174,73,164,105,167,104,177,72,174,sub_line_text,figure_text,figure_1,,,,30schl03_20211228_165906_6964674549_600_800.png,/scratch/parceirosbr/bigoilict/share/BigOil/document_generator/datasets/documents_2021_12_28/30schl03_20211228_165906_6964674549_600_800.png,30schl03_20211228_165906_6964674549_600_800_mask.png,-335.66
20,-4,40,-8,211,159,251,151,211,141,255,159,251,169,206,151,text,figure_text,figure_1,,,,30schl03_20211228_165906_6964674549_600_800.png,/scratch/parceirosbr/bigoilict/share/BigOil/document_generator/datasets/documents_2021_12_28/30schl03_20211228_165906_6964674549_600_800.png,30schl03_20211228_165906_6964674549_600_800_mask.png,Production
20,-4,40,-8,211,159,251,151,211,141,255,159,251,169,206,151,sub_line_text,figure_text,figure_1,,,,30schl03_20211228_165906_6964674549_600_800.png,/scratch/parceirosbr/bigoilict/share/BigOil/document_generator/datasets/documents_2021_12_28/30schl03_20211228_165906_6964674549_600_800.png,30schl03_20211228_165906_6964674549_600_800_mask.png,Production
26,-2,52,-4,205,198,257,194,205,183,260,198,257,209,201,194,text,figure_text,figure_1,,,,30schl03_20211228_165906_6964674549_600_800.png,/scratch/parceirosbr/bigoilict/share/BigOil/document_generator/datasets/documents_2021_12_28/30schl03_20211228_165906_6964674549_600_800.png,30schl03_20211228_165906_6964674549_600_800_mask.png,Demand (TB)
26,-2,52,-4,205,198,257,194,205,183,260,198,257,209,201,194,sub_line_text,figure_text,figure_1,,,,30schl03_20211228_165906_6964674549_600_800.png,/scratch/parceirosbr/bigoilict/share/BigOil/document_generator/datasets/documents_2021_12_28/30schl03_20211228_165906_6964674549_600_800.png,30schl03_20211228_165906_6964674549_600_800_mask.png,Demand (TB)
16,7,33,15,241,267,274,282,241,272,273,267,274,278,242,282,text,figure_text,figure_1,,,,30schl03_20211228_165906_6964674549_600_800.png,/scratch/parceirosbr/bigoilict/share/BigOil/document_generator/datasets/documents_2021_12_28/30schl03_20211228_165906_6964674549_600_800.png,30schl03_20211228_165906_6964674549_600_800_mask.png,-9412%
16,7,33,15,241,267,274,282,241,272,273,267,274,278,242,282,sub_line_text,figure_text,figure_1,,,,30schl03_20211228_165906_6964674549_600_800.png,/scratch/parceirosbr/bigoilict/share/BigOil/document_generator/datasets/documents_2021_12_28/30schl03_20211228_165906_6964674549_600_800.png,30schl03_20211228_165906_6964674549_600_800_mask.png,-9412%
9,0,19,1,113,166,132,167,113,158,135,166,132,176,109,167,text,figure_text,figure_1,,,,30schl03_20211228_165906_6964674549_600_800.png,/scratch/parceirosbr/bigoilict/share/BigOil/document_generator/datasets/documents_2021_12_28/30schl03_20211228_165906_6964674549_600_800.png,30schl03_20211228_165906_6964674549_600_800_mask.png,-1779
9,0,19,1,113,166,132,167,113,158,135,166,132,176,109,167,sub_line_text,figure_text,figure_1,,,,30schl03_20211228_165906_6964674549_600_800.png,/scratch/parceirosbr/bigoilict/share/BigOil/document_generator/datasets/documents_2021_12_28/30schl03_20211228_165906_6964674549_600_800.png,30schl03_20211228_165906_6964674549_600_800_mask.png,-1779
22,11,45,23,83,133,128,156,83,146,125,133,128,144,86,156,text,figure_text,figure_1,,,,30schl03_20211228_165906_6964674549_600_800.png,/scratch/parceirosbr/bigoilict/share/BigOil/document_generator/datasets/documents_2021_12_28/30schl03_20211228_165906_6964674549_600_800.png,30schl03_20211228_165906_6964674549_600_800_mask.png,-3233.182
22,11,45,23,83,133,128,156,83,146,125,133,128,144,86,156,sub_line_text,figure_text,figure_1,,,,30schl03_20211228_165906_6964674549_600_800.png,/scratch/parceirosbr/bigoilict/share/BigOil/document_generator/datasets/documents_2021_12_28/30schl03_20211228_165906_6964674549_600_800.png,30schl03_20211228_165906_6964674549_600_800_mask.png,-3233.182
19,2,39,5,135,98,174,103,135,93,175,98,174,108,134,103,text,figure_text,figure_1,,,,30schl03_20211228_165906_6964674549_600_800.png,/scratch/parceirosbr/bigoilict/share/BigOil/document_generator/datasets/documents_2021_12_28/30schl03_20211228_165906_6964674549_600_800.png,30schl03_20211228_165906_6964674549_600_800_mask.png,-9567.4%
19,2,39,5,135,98,174,103,135,93,175,98,174,108,134,103,sub_line_text,figure_text,figure_1,,,,30schl03_20211228_165906_6964674549_600_800.png,/scratch/parceirosbr/bigoilict/share/BigOil/document_generator/datasets/documents_2021_12_28/30schl03_20211228_165906_6964674549_600_800.png,30schl03_20211228_165906_6964674549_600_800_mask.png,-9567.4%
19,0,38,-1,215,249,253,248,215,236,257,249,253,261,211,248,text,figure_text,figure_1,,,,30schl03_20211228_165906_6964674549_600_800.png,/scratch/parceirosbr/bigoilict/share/BigOil/document_generator/datasets/documents_2021_12_28/30schl03_20211228_165906_6964674549_600_800.png,30schl03_20211228_165906_6964674549_600_800_mask.png,Energy [V]
19,0,38,-1,215,249,253,248,215,236,257,249,253,261,211,248,sub_line_text,figure_text,figure_1,,,,30schl03_20211228_165906_6964674549_600_800.png,/scratch/parceirosbr/bigoilict/share/BigOil/document_generator/datasets/documents_2021_12_28/30schl03_20211228_165906_6964674549_600_800.png,30schl03_20211228_165906_6964674549_600_800_mask.png,Energy [V]
17,10,34,20,151,154,185,174,151,164,182,154,185,164,154,174,text,figure_text,figure_1,,,,30schl03_20211228_165906_6964674549_600_800.png,/scratch/parceirosbr/bigoilict/share/BigOil/document_generator/datasets/documents_2021_12_28/30schl03_20211228_165906_6964674549_600_800.png,30schl03_20211228_165906_6964674549_600_800_mask.png,-1542.0
17,10,34,20,151,154,185,174,151,164,182,154,185,164,154,174,sub_line_text,figure_text,figure_1,,,,30schl03_20211228_165906_6964674549_600_800.png,/scratch/parceirosbr/bigoilict/share/BigOil/document_generator/datasets/documents_2021_12_28/30schl03_20211228_165906_6964674549_600_800.png,30schl03_20211228_165906_6964674549_600_800_mask.png,-1542.0
33,16,66,32,96,210,162,242,96,230,159,210,162,222,99,242,text,figure_text,figure_1,,,,30schl03_20211228_165906_6964674549_600_800.png,/scratch/parceirosbr/bigoilict/share/BigOil/document_generator/datasets/documents_2021_12_28/30schl03_20211228_165906_6964674549_600_800.png,30schl03_20211228_165906_6964674549_600_800_mask.png,Frequency [Hz]
33,16,66,32,96,210,162,242,96,230,159,210,162,222,99,242,sub_line_text,figure_text,figure_1,,,,30schl03_20211228_165906_6964674549_600_800.png,/scratch/parceirosbr/bigoilict/share/BigOil/document_generator/datasets/documents_2021_12_28/30schl03_20211228_165906_6964674549_600_800.png,30schl03_20211228_165906_6964674549_600_800_mask.png,Frequency [Hz]
19,7,38,14,193,263,231,277,193,267,230,263,231,273,193,277,text,figure_text,figure_1,,,,30schl03_20211228_165906_6964674549_600_800.png,/scratch/parceirosbr/bigoilict/share/BigOil/document_generator/datasets/documents_2021_12_28/30schl03_20211228_165906_6964674549_600_800.png,30schl03_20211228_165906_6964674549_600_800_mask.png,-4625.38
19,7,38,14,193,263,231,277,193,267,230,263,231,273,193,277,sub_line_text,figure_text,figure_1,,,,30schl03_20211228_165906_6964674549_600_800.png,/scratch/parceirosbr/bigoilict/share/BigOil/document_generator/datasets/documents_2021_12_28/30schl03_20211228_165906_6964674549_600_800.png,30schl03_20211228_165906_6964674549_600_800_mask.png,-4625.38
17,7,34,14,154,109,188,123,154,114,186,109,188,119,156,123,text,figure_text,figure_1,,,,30schl03_20211228_165906_6964674549_600_800.png,/scratch/parceirosbr/bigoilict/share/BigOil/document_generator/datasets/documents_2021_12_28/30schl03_20211228_165906_6964674549_600_800.png,30schl03_20211228_165906_6964674549_600_800_mask.png,-7375%
17,7,34,14,154,109,188,123,154,114,186,109,188,119,156,123,sub_line_text,figure_text,figure_1,,,,30schl03_20211228_165906_6964674549_600_800.png,/scratch/parceirosbr/bigoilict/share/BigOil/document_generator/datasets/documents_2021_12_28/30schl03_20211228_165906_6964674549_600_800.png,30schl03_20211228_165906_6964674549_600_800_mask.png,-7375%
11,3,22,6,285,142,307,148,285,138,309,142,307,152,283,148,text,figure_text,figure_1,,,,30schl03_20211228_165906_6964674549_600_800.png,/scratch/parceirosbr/bigoilict/share/BigOil/document_generator/datasets/documents_2021_12_28/30schl03_20211228_165906_6964674549_600_800.png,30schl03_20211228_165906_6964674549_600_800_mask.png,125.6
11,3,22,6,285,142,307,148,285,138,309,142,307,152,283,148,sub_line_text,figure_text,figure_1,,,,30schl03_20211228_165906_6964674549_600_800.png,/scratch/parceirosbr/bigoilict/share/BigOil/document_generator/datasets/documents_2021_12_28/30schl03_20211228_165906_6964674549_600_800.png,30schl03_20211228_165906_6964674549_600_800_mask.png,125.6
12,0,25,1,273,104,298,105,273,95,301,104,298,114,270,105,text,figure_text,figure_1,,,,30schl03_20211228_165906_6964674549_600_800.png,/scratch/parceirosbr/bigoilict/share/BigOil/document_generator/datasets/documents_2021_12_28/30schl03_20211228_165906_6964674549_600_800.png,30schl03_20211228_165906_6964674549_600_800_mask.png,Videos
12,0,25,1,273,104,298,105,273,95,301,104,298,114,270,105,sub_line_text,figure_text,figure_1,,,,30schl03_20211228_165906_6964674549_600_800.png,/scratch/parceirosbr/bigoilict/share/BigOil/document_generator/datasets/documents_2021_12_28/30schl03_20211228_165906_6964674549_600_800.png,30schl03_20211228_165906_6964674549_600_800_mask.png,Videos
11,8,23,17,166,225,189,242,166,233,186,225,189,235,170,242,text,figure_text,figure_1,,,,30schl03_20211228_165906_6964674549_600_800.png,/scratch/parceirosbr/bigoilict/share/BigOil/document_generator/datasets/documents_2021_12_28/30schl03_20211228_165906_6964674549_600_800.png,30schl03_20211228_165906_6964674549_600_800_mask.png,Leak
11,8,23,17,166,225,189,242,166,233,186,225,189,235,170,242,sub_line_text,figure_text,figure_1,,,,30schl03_20211228_165906_6964674549_600_800.png,/scratch/parceirosbr/bigoilict/share/BigOil/document_generator/datasets/documents_2021_12_28/30schl03_20211228_165906_6964674549_600_800.png,30schl03_20211228_165906_6964674549_600_800_mask.png,Leak
10,6,20,12,240,215,260,227,240,218,258,215,260,224,242,227,text,figure_text,figure_1,,,,30schl03_20211228_165906_6964674549_600_800.png,/scratch/parceirosbr/bigoilict/share/BigOil/document_generator/datasets/documents_2021_12_28/30schl03_20211228_165906_6964674549_600_800.png,30schl03_20211228_165906_6964674549_600_800_mask.png,Unit
10,6,20,12,240,215,260,227,240,218,258,215,260,224,242,227,sub_line_text,figure_text,figure_1,,,,30schl03_20211228_165906_6964674549_600_800.png,/scratch/parceirosbr/bigoilict/share/BigOil/document_generator/datasets/documents_2021_12_28/30schl03_20211228_165906_6964674549_600_800.png,30schl03_20211228_165906_6964674549_600_800_mask.png,Unit
17,8,34,17,167,130,201,147,167,137,199,130,201,140,169,147,text,figure_text,figure_1,,,,30schl03_20211228_165906_6964674549_600_800.png,/scratch/parceirosbr/bigoilict/share/BigOil/document_generator/datasets/documents_2021_12_28/30schl03_20211228_165906_6964674549_600_800.png,30schl03_20211228_165906_6964674549_600_800_mask.png,-6761.7
17,8,34,17,167,130,201,147,167,137,199,130,201,140,169,147,sub_line_text,figure_text,figure_1,,,,30schl03_20211228_165906_6964674549_600_800.png,/scratch/parceirosbr/bigoilict/share/BigOil/document_generator/datasets/documents_2021_12_28/30schl03_20211228_165906_6964674549_600_800.png,30schl03_20211228_165906_6964674549_600_800_mask.png,-6761.7
23,7,47,15,140,264,187,279,140,269,186,264,187,274,141,279,text,figure_text,figure_1,,,,30schl03_20211228_165906_6964674549_600_800.png,/scratch/parceirosbr/bigoilict/share/BigOil/document_generator/datasets/documents_2021_12_28/30schl03_20211228_165906_6964674549_600_800.png,30schl03_20211228_165906_6964674549_600_800_mask.png,-8422.28%
23,7,47,15,140,264,187,279,140,269,186,264,187,274,141,279,sub_line_text,figure_text,figure_1,,,,30schl03_20211228_165906_6964674549_600_800.png,/scratch/parceirosbr/bigoilict/share/BigOil/document_generator/datasets/documents_2021_12_28/30schl03_20211228_165906_6964674549_600_800.png,30schl03_20211228_165906_6964674549_600_800_mask.png,-8422.28%
184,5,368,10,6,323,374,333,6,323,374,323,374,333,6,333,sub_line_text,figure_legend,figure_2,opensans,regular,8,30schl03_20211228_165906_6964674549_600_800.png,/scratch/parceirosbr/bigoilict/share/BigOil/document_generator/datasets/documents_2021_12_28/30schl03_20211228_165906_6964674549_600_800.png,30schl03_20211228_165906_6964674549_600_800_mask.png,"who brings it, has readings, still, I think, confused about it, about it being a system that helps the c-"
184,5,368,10,6,333,374,343,6,333,374,333,374,343,6,343,sub_line_text,figure_legend,figure_2,opensans,regular,8,30schl03_20211228_165906_6964674549_600_800.png,/scratch/parceirosbr/bigoilict/share/BigOil/document_generator/datasets/documents_2021_12_28/30schl03_20211228_165906_6964674549_600_800.png,30schl03_20211228_165906_6964674549_600_800_mask.png,ommander  of the action scene with response information or if it is a system that aggregates strate-
31,5,63,10,6,343,69,353,6,343,69,343,69,353,6,353,sub_line_text,figure_legend,figure_2,opensans,regular,8,30schl03_20211228_165906_6964674549_600_800.png,/scratch/parceirosbr/bigoilict/share/BigOil/document_generator/datasets/documents_2021_12_28/30schl03_20211228_165906_6964674549_600_800.png,30schl03_20211228_165906_6964674549_600_800_mask.png,gic information.
184,15,369,30,6,323,375,353,6,323,375,323,375,353,6,353,text,figure_legend,figure_3,opensans,regular,8,30schl03_20211228_165906_6964674549_600_800.png,/scratch/parceirosbr/bigoilict/share/BigOil/document_generator/datasets/documents_2021_12_28/30schl03_20211228_165906_6964674549_600_800.png,30schl03_20211228_165906_6964674549_600_800_mask.png,
43,98,87,197,147,394,234,591,147,394,234,394,234,591,147,591,image,figure_image,figure_5,,,,30schl03_20211228_165906_6964674549_600_800.png,/scratch/parceirosbr/bigoilict/share/BigOil/document_generator/datasets/documents_2021_12_28/30schl03_20211228_165906_6964674549_600_800.png,30schl03_20211228_165906_6964674549_600_800_mask.png,output/gen_img_20211228_165907_2882854479.png
13,4,26,8,151,447,177,455,151,447,177,447,177,455,151,455,text,figure_text,figure_5,,,,30schl03_20211228_165906_6964674549_600_800.png,/scratch/parceirosbr/bigoilict/share/BigOil/document_generator/datasets/documents_2021_12_28/30schl03_20211228_165906_6964674549_600_800.png,30schl03_20211228_165906_6964674549_600_800_mask.png,-2847.0
13,4,26,8,151,447,177,455,151,447,177,447,177,455,151,455,sub_line_text,figure_text,figure_5,,,,30schl03_20211228_165906_6964674549_600_800.png,/scratch/parceirosbr/bigoilict/share/BigOil/document_generator/datasets/documents_2021_12_28/30schl03_20211228_165906_6964674549_600_800.png,30schl03_20211228_165906_6964674549_600_800_mask.png,-2847.0
6,4,13,8,212,435,225,443,212,435,225,435,225,443,212,443,text,figure_text,figure_5,,,,30schl03_20211228_165906_6964674549_600_800.png,/scratch/parceirosbr/bigoilict/share/BigOil/document_generator/datasets/documents_2021_12_28/30schl03_20211228_165906_6964674549_600_800.png,30schl03_20211228_165906_6964674549_600_800_mask.png,457
6,4,13,8,212,435,225,443,212,435,225,435,225,443,212,443,sub_line_text,figure_text,figure_5,,,,30schl03_20211228_165906_6964674549_600_800.png,/scratch/parceirosbr/bigoilict/share/BigOil/document_generator/datasets/documents_2021_12_28/30schl03_20211228_165906_6964674549_600_800.png,30schl03_20211228_165906_6964674549_600_800_mask.png,457
13,4,27,8,198,494,225,502,198,494,225,494,225,502,198,502,text,figure_text,figure_5,,,,30schl03_20211228_165906_6964674549_600_800.png,/scratch/parceirosbr/bigoilict/share/BigOil/document_generator/datasets/documents_2021_12_28/30schl03_20211228_165906_6964674549_600_800.png,30schl03_20211228_165906_6964674549_600_800_mask.png,-4487.7
13,4,27,8,198,494,225,502,198,494,225,494,225,502,198,502,sub_line_text,figure_text,figure_5,,,,30schl03_20211228_165906_6964674549_600_800.png,/scratch/parceirosbr/bigoilict/share/BigOil/document_generator/datasets/documents_2021_12_28/30schl03_20211228_165906_6964674549_600_800.png,30schl03_20211228_165906_6964674549_600_800_mask.png,-4487.7
18,4,37,8,173,423,210,431,173,423,210,423,210,431,173,431,text,figure_text,figure_5,,,,30schl03_20211228_165906_6964674549_600_800.png,/scratch/parceirosbr/bigoilict/share/BigOil/document_generator/datasets/documents_2021_12_28/30schl03_20211228_165906_6964674549_600_800.png,30schl03_20211228_165906_6964674549_600_800_mask.png,Movement
18,4,37,8,173,423,210,431,173,423,210,423,210,431,173,431,sub_line_text,figure_text,figure_5,,,,30schl03_20211228_165906_6964674549_600_800.png,/scratch/parceirosbr/bigoilict/share/BigOil/document_generator/datasets/documents_2021_12_28/30schl03_20211228_165906_6964674549_600_800.png,30schl03_20211228_165906_6964674549_600_800_mask.png,Movement
6,4,13,8,207,516,220,524,207,516,220,516,220,524,207,524,text,figure_text,figure_5,,,,30schl03_20211228_165906_6964674549_600_800.png,/scratch/parceirosbr/bigoilict/share/BigOil/document_generator/datasets/documents_2021_12_28/30schl03_20211228_165906_6964674549_600_800.png,30schl03_20211228_165906_6964674549_600_800_mask.png,138
6,4,13,8,207,516,220,524,207,516,220,516,220,524,207,524,sub_line_text,figure_text,figure_5,,,,30schl03_20211228_165906_6964674549_600_800.png,/scratch/parceirosbr/bigoilict/share/BigOil/document_generator/datasets/documents_2021_12_28/30schl03_20211228_165906_6964674549_600_800.png,30schl03_20211228_165906_6964674549_600_800_mask.png,138
8,4,17,8,175,466,192,474,175,466,192,466,192,474,175,474,text,figure_text,figure_5,,,,30schl03_20211228_165906_6964674549_600_800.png,/scratch/parceirosbr/bigoilict/share/BigOil/document_generator/datasets/documents_2021_12_28/30schl03_20211228_165906_6964674549_600_800.png,30schl03_20211228_165906_6964674549_600_800_mask.png,Leak
8,4,17,8,175,466,192,474,175,466,192,466,192,474,175,474,sub_line_text,figure_text,figure_5,,,,30schl03_20211228_165906_6964674549_600_800.png,/scratch/parceirosbr/bigoilict/share/BigOil/document_generator/datasets/documents_2021_12_28/30schl03_20211228_165906_6964674549_600_800.png,30schl03_20211228_165906_6964674549_600_800_mask.png,Leak
17,4,34,8,195,464,229,472,195,464,229,464,229,472,195,472,text,figure_text,figure_5,,,,30schl03_20211228_165906_6964674549_600_800.png,/scratch/parceirosbr/bigoilict/share/BigOil/document_generator/datasets/documents_2021_12_28/30schl03_20211228_165906_6964674549_600_800.png,30schl03_20211228_165906_6964674549_600_800_mask.png,-5607.8%
17,4,34,8,195,464,229,472,195,464,229,464,229,472,195,472,sub_line_text,figure_text,figure_5,,,,30schl03_20211228_165906_6964674549_600_800.png,/scratch/parceirosbr/bigoilict/share/BigOil/document_generator/datasets/documents_2021_12_28/30schl03_20211228_165906_6964674549_600_800.png,30schl03_20211228_165906_6964674549_600_800_mask.png,-5607.8%
28,4,56,9,154,554,210,563,154,554,210,554,210,563,154,563,text,figure_text,figure_5,,,,30schl03_20211228_165906_6964674549_600_800.png,/scratch/parceirosbr/bigoilict/share/BigOil/document_generator/datasets/documents_2021_12_28/30schl03_20211228_165906_6964674549_600_800.png,30schl03_20211228_165906_6964674549_600_800_mask.png,Processing [TB]
28,4,56,9,154,554,210,563,154,554,210,554,210,563,154,563,sub_line_text,figure_text,figure_5,,,,30schl03_20211228_165906_6964674549_600_800.png,/scratch/parceirosbr/bigoilict/share/BigOil/document_generator/datasets/documents_2021_12_28/30schl03_20211228_165906_6964674549_600_800.png,30schl03_20211228_165906_6964674549_600_800_mask.png,Processing [TB]
13,4,26,8,171,481,197,489,171,481,197,481,197,489,171,489,text,figure_text,figure_5,,,,30schl03_20211228_165906_6964674549_600_800.png,/scratch/parceirosbr/bigoilict/share/BigOil/document_generator/datasets/documents_2021_12_28/30schl03_20211228_165906_6964674549_600_800.png,30schl03_20211228_165906_6964674549_600_800_mask.png,Particle
13,4,26,8,171,481,197,489,171,481,197,481,197,489,171,489,sub_line_text,figure_text,figure_5,,,,30schl03_20211228_165906_6964674549_600_800.png,/scratch/parceirosbr/bigoilict/share/BigOil/document_generator/datasets/documents_2021_12_28/30schl03_20211228_165906_6964674549_600_800.png,30schl03_20211228_165906_6964674549_600_800_mask.png,Particle
19,4,38,8,153,492,191,500,153,492,191,492,191,500,153,500,text,figure_text,figure_5,,,,30schl03_20211228_165906_6964674549_600_800.png,/scratch/parceirosbr/bigoilict/share/BigOil/document_generator/datasets/documents_2021_12_28/30schl03_20211228_165906_6964674549_600_800.png,30schl03_20211228_165906_6964674549_600_800_mask.png,-7697.62%
19,4,38,8,153,492,191,500,153,492,191,492,191,500,153,500,sub_line_text,figure_text,figure_5,,,,30schl03_20211228_165906_6964674549_600_800.png,/scratch/parceirosbr/bigoilict/share/BigOil/document_generator/datasets/documents_2021_12_28/30schl03_20211228_165906_6964674549_600_800.png,30schl03_20211228_165906_6964674549_600_800_mask.png,-7697.62%
15,3,31,7,192,541,223,548,192,541,223,541,223,548,192,548,text,figure_text,figure_5,,,,30schl03_20211228_165906_6964674549_600_800.png,/scratch/parceirosbr/bigoilict/share/BigOil/document_generator/datasets/documents_2021_12_28/30schl03_20211228_165906_6964674549_600_800.png,30schl03_20211228_165906_6964674549_600_800_mask.png,-2763.97
15,3,31,7,192,541,223,548,192,541,223,541,223,548,192,548,sub_line_text,figure_text,figure_5,,,,30schl03_20211228_165906_6964674549_600_800.png,/scratch/parceirosbr/bigoilict/share/BigOil/document_generator/datasets/documents_2021_12_28/30schl03_20211228_165906_6964674549_600_800.png,30schl03_20211228_165906_6964674549_600_800_mask.png,-2763.97
17,5,34,10,192,405,226,415,192,405,226,405,226,415,192,415,text,figure_text,figure_5,,,,30schl03_20211228_165906_6964674549_600_800.png,/scratch/parceirosbr/bigoilict/share/BigOil/document_generator/datasets/documents_2021_12_28/30schl03_20211228_165906_6964674549_600_800.png,30schl03_20211228_165906_6964674549_600_800_mask.png,Data [TB]
17,5,34,10,192,405,226,415,192,405,226,405,226,415,192,415,sub_line_text,figure_text,figure_5,,,,30schl03_20211228_165906_6964674549_600_800.png,/scratch/parceirosbr/bigoilict/share/BigOil/document_generator/datasets/documents_2021_12_28/30schl03_20211228_165906_6964674549_600_800.png,30schl03_20211228_165906_6964674549_600_800_mask.png,Data [TB]
18,4,37,8,195,577,232,585,195,577,232,577,232,585,195,585,text,figure_text,figure_5,,,,30schl03_20211228_165906_6964674549_600_800.png,/scratch/parceirosbr/bigoilict/share/BigOil/document_generator/datasets/documents_2021_12_28/30schl03_20211228_165906_6964674549_600_800.png,30schl03_20211228_165906_6964674549_600_800_mask.png,Movement
18,4,37,8,195,577,232,585,195,577,232,577,232,585,195,585,sub_line_text,figure_text,figure_5,,,,30schl03_20211228_165906_6964674549_600_800.png,/scratch/parceirosbr/bigoilict/share/BigOil/document_generator/datasets/documents_2021_12_28/30schl03_20211228_165906_6964674549_600_800.png,30schl03_20211228_165906_6964674549_600_800_mask.png,Movement
21,4,43,9,188,448,231,457,188,448,231,448,231,457,188,457,text,figure_text,figure_5,,,,30schl03_20211228_165906_6964674549_600_800.png,/scratch/parceirosbr/bigoilict/share/BigOil/document_generator/datasets/documents_2021_12_28/30schl03_20211228_165906_6964674549_600_800.png,30schl03_20211228_165906_6964674549_600_800_mask.png,Quality[GB]
21,4,43,9,188,448,231,457,188,448,231,448,231,457,188,457,sub_line_text,figure_text,figure_5,,,,30schl03_20211228_165906_6964674549_600_800.png,/scratch/parceirosbr/bigoilict/share/BigOil/document_generator/datasets/documents_2021_12_28/30schl03_20211228_165906_6964674549_600_800.png,30schl03_20211228_165906_6964674549_600_800_mask.png,Quality[GB]
17,4,35,8,184,566,219,574,184,566,219,566,219,574,184,574,text,figure_text,figure_5,,,,30schl03_20211228_165906_6964674549_600_800.png,/scratch/parceirosbr/bigoilict/share/BigOil/document_generator/datasets/documents_2021_12_28/30schl03_20211228_165906_6964674549_600_800.png,30schl03_20211228_165906_6964674549_600_800_mask.png,Treatment
17,4,35,8,184,566,219,574,184,566,219,566,219,574,184,574,sub_line_text,figure_text,figure_5,,,,30schl03_20211228_165906_6964674549_600_800.png,/scratch/parceirosbr/bigoilict/share/BigOil/document_generator/datasets/documents_2021_12_28/30schl03_20211228_165906_6964674549_600_800.png,30schl03_20211228_165906_6964674549_600_800_mask.png,Treatment
10,3,20,7,183,521,203,528,183,521,203,521,203,528,183,528,text,figure_text,figure_5,,,,30schl03_20211228_165906_6964674549_600_800.png,/scratch/parceirosbr/bigoilict/share/BigOil/document_generator/datasets/documents_2021_12_28/30schl03_20211228_165906_6964674549_600_800.png,30schl03_20211228_165906_6964674549_600_800_mask.png,618%
10,3,20,7,183,521,203,528,183,521,203,521,203,528,183,528,sub_line_text,figure_text,figure_5,,,,30schl03_20211228_165906_6964674549_600_800.png,/scratch/parceirosbr/bigoilict/share/BigOil/document_generator/datasets/documents_2021_12_28/30schl03_20211228_165906_6964674549_600_800.png,30schl03_20211228_165906_6964674549_600_800_mask.png,618%
13,3,26,7,159,402,185,409,159,402,185,402,185,409,159,409,text,figure_text,figure_5,,,,30schl03_20211228_165906_6964674549_600_800.png,/scratch/parceirosbr/bigoilict/share/BigOil/document_generator/datasets/documents_2021_12_28/30schl03_20211228_165906_6964674549_600_800.png,30schl03_20211228_165906_6964674549_600_800_mask.png,-3827.0
13,3,26,7,159,402,185,409,159,402,185,402,185,409,159,409,sub_line_text,figure_text,figure_5,,,,30schl03_20211228_165906_6964674549_600_800.png,/scratch/parceirosbr/bigoilict/share/BigOil/document_generator/datasets/documents_2021_12_28/30schl03_20211228_165906_6964674549_600_800.png,30schl03_20211228_165906_6964674549_600_800_mask.png,-3827.0
13,4,27,8,157,531,184,539,157,531,184,531,184,539,157,539,text,figure_text,figure_5,,,,30schl03_20211228_165906_6964674549_600_800.png,/scratch/parceirosbr/bigoilict/share/BigOil/document_generator/datasets/documents_2021_12_28/30schl03_20211228_165906_6964674549_600_800.png,30schl03_20211228_165906_6964674549_600_800_mask.png,879.9%
13,4,27,8,157,531,184,539,157,531,184,531,184,539,157,539,sub_line_text,figure_text,figure_5,,,,30schl03_20211228_165906_6964674549_600_800.png,/scratch/parceirosbr/bigoilict/share/BigOil/document_generator/datasets/documents_2021_12_28/30schl03_20211228_165906_6964674549_600_800.png,30schl03_20211228_165906_6964674549_600_800_mask.png,879.9%
8,4,17,9,189,434,206,443,189,434,206,434,206,443,189,443,text,figure_text,figure_5,,,,30schl03_20211228_165906_6964674549_600_800.png,/scratch/parceirosbr/bigoilict/share/BigOil/document_generator/datasets/documents_2021_12_28/30schl03_20211228_165906_6964674549_600_800.png,30schl03_20211228_165906_6964674549_600_800_mask.png,Days
8,4,17,9,189,434,206,443,189,434,206,434,206,443,189,443,sub_line_text,figure_text,figure_5,,,,30schl03_20211228_165906_6964674549_600_800.png,/scratch/parceirosbr/bigoilict/share/BigOil/document_generator/datasets/documents_2021_12_28/30schl03_20211228_165906_6964674549_600_800.png,30schl03_20211228_165906_6964674549_600_800_mask.png,Days
13,4,27,8,200,532,227,540,200,532,227,532,227,540,200,540,text,figure_text,figure_5,,,,30schl03_20211228_165906_6964674549_600_800.png,/scratch/parceirosbr/bigoilict/share/BigOil/document_generator/datasets/documents_2021_12_28/30schl03_20211228_165906_6964674549_600_800.png,30schl03_20211228_165906_6964674549_600_800_mask.png,-5665.6
13,4,27,8,200,532,227,540,200,532,227,532,227,540,200,540,sub_line_text,figure_text,figure_5,,,,30schl03_20211228_165906_6964674549_600_800.png,/scratch/parceirosbr/bigoilict/share/BigOil/document_generator/datasets/documents_2021_12_28/30schl03_20211228_165906_6964674549_600_800.png,30schl03_20211228_165906_6964674549_600_800_mask.png,-5665.6
21,4,42,9,149,507,191,516,149,507,191,507,191,516,149,516,text,figure_text,figure_5,,,,30schl03_20211228_165906_6964674549_600_800.png,/scratch/parceirosbr/bigoilict/share/BigOil/document_generator/datasets/documents_2021_12_28/30schl03_20211228_165906_6964674549_600_800.png,30schl03_20211228_165906_6964674549_600_800_mask.png,Quality[TB]
21,4,42,9,149,507,191,516,149,507,191,507,191,516,149,516,sub_line_text,figure_text,figure_5,,,,30schl03_20211228_165906_6964674549_600_800.png,/scratch/parceirosbr/bigoilict/share/BigOil/document_generator/datasets/documents_2021_12_28/30schl03_20211228_165906_6964674549_600_800.png,30schl03_20211228_165906_6964674549_600_800_mask.png,Quality[TB]
13,3,27,7,149,543,176,550,149,543,176,543,176,550,149,550,text,figure_text,figure_5,,,,30schl03_20211228_165906_6964674549_600_800.png,/scratch/parceirosbr/bigoilict/share/BigOil/document_generator/datasets/documents_2021_12_28/30schl03_20211228_165906_6964674549_600_800.png,30schl03_20211228_165906_6964674549_600_800_mask.png,-6923%
13,3,27,7,149,543,176,550,149,543,176,543,176,550,149,550,sub_line_text,figure_text,figure_5,,,,30schl03_20211228_165906_6964674549_600_800.png,/scratch/parceirosbr/bigoilict/share/BigOil/document_generator/datasets/documents_2021_12_28/30schl03_20211228_165906_6964674549_600_800.png,30schl03_20211228_165906_6964674549_600_800_mask.png,-6923%
19,4,38,8,148,578,186,586,148,578,186,578,186,586,148,586,text,figure_text,figure_5,,,,30schl03_20211228_165906_6964674549_600_800.png,/scratch/parceirosbr/bigoilict/share/BigOil/document_generator/datasets/documents_2021_12_28/30schl03_20211228_165906_6964674549_600_800.png,30schl03_20211228_165906_6964674549_600_800_mask.png,-9613.99%
19,4,38,8,148,578,186,586,148,578,186,578,186,586,148,586,sub_line_text,figure_text,figure_5,,,,30schl03_20211228_165906_6964674549_600_800.png,/scratch/parceirosbr/bigoilict/share/BigOil/document_generator/datasets/documents_2021_12_28/30schl03_20211228_165906_6964674549_600_800.png,30schl03_20211228_165906_6964674549_600_800_mask.png,-9613.99%
10,4,20,8,160,517,180,525,160,517,180,517,180,525,160,525,text,figure_text,figure_5,,,,30schl03_20211228_165906_6964674549_600_800.png,/scratch/parceirosbr/bigoilict/share/BigOil/document_generator/datasets/documents_2021_12_28/30schl03_20211228_165906_6964674549_600_800.png,30schl03_20211228_165906_6964674549_600_800_mask.png,-1221
10,4,20,8,160,517,180,525,160,517,180,517,180,525,160,525,sub_line_text,figure_text,figure_5,,,,30schl03_20211228_165906_6964674549_600_800.png,/scratch/parceirosbr/bigoilict/share/BigOil/document_generator/datasets/documents_2021_12_28/30schl03_20211228_165906_6964674549_600_800.png,30schl03_20211228_165906_6964674549_600_800_mask.png,-1221
6,4,13,8,160,460,173,468,160,460,173,460,173,468,160,468,text,figure_text,figure_5,,,,30schl03_20211228_165906_6964674549_600_800.png,/scratch/parceirosbr/bigoilict/share/BigOil/document_generator/datasets/documents_2021_12_28/30schl03_20211228_165906_6964674549_600_800.png,30schl03_20211228_165906_6964674549_600_800_mask.png,592
6,4,13,8,160,460,173,468,160,460,173,460,173,468,160,468,sub_line_text,figure_text,figure_5,,,,30schl03_20211228_165906_6964674549_600_800.png,/scratch/parceirosbr/bigoilict/share/BigOil/document_generator/datasets/documents_2021_12_28/30schl03_20211228_165906_6964674549_600_800.png,30schl03_20211228_165906_6964674549_600_800_mask.png,592
2,3,4,7,149,466,153,473,149,466,153,466,153,473,149,473,text,figure_text,figure_5,,,,30schl03_20211228_165906_6964674549_600_800.png,/scratch/parceirosbr/bigoilict/share/BigOil/document_generator/datasets/documents_2021_12_28/30schl03_20211228_165906_6964674549_600_800.png,30schl03_20211228_165906_6964674549_600_800_mask.png,1
2,3,4,7,149,466,153,473,149,466,153,466,153,473,149,473,sub_line_text,figure_text,figure_5,,,,30schl03_20211228_165906_6964674549_600_800.png,/scratch/parceirosbr/bigoilict/share/BigOil/document_generator/datasets/documents_2021_12_28/30schl03_20211228_165906_6964674549_600_800.png,30schl03_20211228_165906_6964674549_600_800_mask.png,1
12,4,25,8,198,479,223,487,198,479,223,479,223,487,198,487,text,figure_text,figure_5,,,,30schl03_20211228_165906_6964674549_600_800.png,/scratch/parceirosbr/bigoilict/share/BigOil/document_generator/datasets/documents_2021_12_28/30schl03_20211228_165906_6964674549_600_800.png,30schl03_20211228_165906_6964674549_600_800_mask.png,Reason
12,4,25,8,198,479,223,487,198,479,223,479,223,487,198,487,sub_line_text,figure_text,figure_5,,,,30schl03_20211228_165906_6964674549_600_800.png,/scratch/parceirosbr/bigoilict/share/BigOil/document_generator/datasets/documents_2021_12_28/30schl03_20211228_165906_6964674549_600_800.png,30schl03_20211228_165906_6964674549_600_800_mask.png,Reason
13,4,26,8,192,506,218,514,192,506,218,506,218,514,192,514,text,figure_text,figure_5,,,,30schl03_20211228_165906_6964674549_600_800.png,/scratch/parceirosbr/bigoilict/share/BigOil/document_generator/datasets/documents_2021_12_28/30schl03_20211228_165906_6964674549_600_800.png,30schl03_20211228_165906_6964674549_600_800_mask.png,-3180.6
13,4,26,8,192,506,218,514,192,506,218,506,218,514,192,514,sub_line_text,figure_text,figure_5,,,,30schl03_20211228_165906_6964674549_600_800.png,/scratch/parceirosbr/bigoilict/share/BigOil/document_generator/datasets/documents_2021_12_28/30schl03_20211228_165906_6964674549_600_800.png,30schl03_20211228_165906_6964674549_600_800_mask.png,-3180.6
15,4,31,8,196,395,227,403,196,395,227,395,227,403,196,403,text,figure_text,figure_5,,,,30schl03_20211228_165906_6964674549_600_800.png,/scratch/parceirosbr/bigoilict/share/BigOil/document_generator/datasets/documents_2021_12_28/30schl03_20211228_165906_6964674549_600_800.png,30schl03_20211228_165906_6964674549_600_800_mask.png,-7157.56
15,4,31,8,196,395,227,403,196,395,227,395,227,403,196,403,sub_line_text,figure_text,figure_5,,,,30schl03_20211228_165906_6964674549_600_800.png,/scratch/parceirosbr/bigoilict/share/BigOil/document_generator/datasets/documents_2021_12_28/30schl03_20211228_165906_6964674549_600_800.png,30schl03_20211228_165906_6964674549_600_800_mask.png,-7157.56
12,6,25,12,402,14,427,26,402,14,427,14,427,26,402,26,sub_line_text,subtitle,subtitle_0,opensans,bold,9,30schl03_20211228_165906_6964674549_600_800.png,/scratch/parceirosbr/bigoilict/share/BigOil/document_generator/datasets/documents_2021_12_28/30schl03_20211228_165906_6964674549_600_800.png,30schl03_20211228_165906_6964674549_600_800_mask.png,Para
12,6,25,12,402,14,427,26,402,14,427,14,427,26,402,26,title,subtitle,subtitle_1,opensans,bold,9,30schl03_20211228_165906_6964674549_600_800.png,/scratch/parceirosbr/bigoilict/share/BigOil/document_generator/datasets/documents_2021_12_28/30schl03_20211228_165906_6964674549_600_800.png,30schl03_20211228_165906_6964674549_600_800_mask.png,
85,5,170,10,402,32,572,42,402,32,572,32,572,42,402,42,sub_line_text,text,text_0,opensans,regular,8,30schl03_20211228_165906_6964674549_600_800.png,/scratch/parceirosbr/bigoilict/share/BigOil/document_generator/datasets/documents_2021_12_28/30schl03_20211228_165906_6964674549_600_800.png,30schl03_20211228_165906_6964674549_600_800_mask.png,Four methods are generally used for the qua-
85,5,170,10,402,42,572,52,402,42,572,42,572,52,402,52,sub_line_text,text,text_0,opensans,regular,8,30schl03_20211228_165906_6964674549_600_800.png,/scratch/parceirosbr/bigoilict/share/BigOil/document_generator/datasets/documents_2021_12_28/30schl03_20211228_165906_6964674549_600_800.png,30schl03_20211228_165906_6964674549_600_800_mask.png,ntitative  determination  of  the  components
85,5,171,10,402,52,573,62,402,52,573,52,573,62,402,62,sub_line_text,text,text_0,opensans,regular,8,30schl03_20211228_165906_6964674549_600_800.png,/scratch/parceirosbr/bigoilict/share/BigOil/document_generator/datasets/documents_2021_12_28/30schl03_20211228_165906_6964674549_600_800.png,30schl03_20211228_165906_6964674549_600_800_mask.png,"of  a sample: internal normalization, area nor-"
85,5,171,10,402,62,573,72,402,62,573,62,573,72,402,72,sub_line_text,text,text_0,opensans,regular,8,30schl03_20211228_165906_6964674549_600_800.png,/scratch/parceirosbr/bigoilict/share/BigOil/document_generator/datasets/documents_2021_12_28/30schl03_20211228_165906_6964674549_600_800.png,30schl03_20211228_165906_6964674549_600_800_mask.png,"malization,  external  standardization and int-"
85,5,171,10,402,72,573,82,402,72,573,72,573,82,402,82,sub_line_text,text,text_0,opensans,regular,8,30schl03_20211228_165906_6964674549_600_800.png,/scratch/parceirosbr/bigoilict/share/BigOil/document_generator/datasets/documents_2021_12_28/30schl03_20211228_165906_6964674549_600_800.png,30schl03_20211228_165906_6964674549_600_800_mask.png,ernal  standardization.O  simulador numérico
85,5,170,10,402,82,572,92,402,82,572,82,572,92,402,92,sub_line_text,text,text_0,opensans,regular,8,30schl03_20211228_165906_6964674549_600_800.png,/scratch/parceirosbr/bigoilict/share/BigOil/document_generator/datasets/documents_2021_12_28/30schl03_20211228_165906_6964674549_600_800.png,30schl03_20211228_165906_6964674549_600_800_mask.png,comercial  utilizado  nesta  parte  do trabalho
85,5,171,10,402,92,573,102,402,92,573,92,573,102,402,102,sub_line_text,text,text_0,opensans,regular,8,30schl03_20211228_165906_6964674549_600_800.png,/scratch/parceirosbr/bigoilict/share/BigOil/document_generator/datasets/documents_2021_12_28/30schl03_20211228_165906_6964674549_600_800.png,30schl03_20211228_165906_6964674549_600_800_mask.png,"é o também, e para o cálculo econômico utili-"
85,5,171,10,402,102,573,112,402,102,573,102,573,112,402,112,sub_line_text,text,text_0,opensans,regular,8,30schl03_20211228_165906_6964674549_600_800.png,/scratch/parceirosbr/bigoilict/share/BigOil/document_generator/datasets/documents_2021_12_28/30schl03_20211228_165906_6964674549_600_800.png,30schl03_20211228_165906_6964674549_600_800_mask.png,za-se  o  módulo (Unipar).A amostra (denomi-
85,5,170,10,402,112,572,122,402,112,572,112,572,122,402,122,sub_line_text,text,text_0,opensans,regular,8,30schl03_20211228_165906_6964674549_600_800.png,/scratch/parceirosbr/bigoilict/share/BigOil/document_generator/datasets/documents_2021_12_28/30schl03_20211228_165906_6964674549_600_800.png,30schl03_20211228_165906_6964674549_600_800_mask.png,nada  fase móvel) é vaporizada e percorre a c-
85,5,170,10,402,122,572,132,402,122,572,122,572,132,402,132,sub_line_text,text,text_0,opensans,regular,8,30schl03_20211228_165906_6964674549_600_800.png,/scratch/parceirosbr/bigoilict/share/BigOil/document_generator/datasets/documents_2021_12_28/30schl03_20211228_165906_6964674549_600_800.png,30schl03_20211228_165906_6964674549_600_800_mask.png,oluna onde ocorre a separação dos compon-
85,5,170,10,402,132,572,142,402,132,572,132,572,142,402,142,sub_line_text,text,text_0,opensans,regular,8,30schl03_20211228_165906_6964674549_600_800.png,/scratch/parceirosbr/bigoilict/share/BigOil/document_generator/datasets/documents_2021_12_28/30schl03_20211228_165906_6964674549_600_800.png,30schl03_20211228_165906_6964674549_600_800_mask.png,entes da amostra.In addition to the indisput-
85,5,170,10,402,142,572,152,402,142,572,142,572,152,402,152,sub_line_text,text,text_0,opensans,regular,8,30schl03_20211228_165906_6964674549_600_800.png,/scratch/parceirosbr/bigoilict/share/BigOil/document_generator/datasets/documents_2021_12_28/30schl03_20211228_165906_6964674549_600_800.png,30schl03_20211228_165906_6964674549_600_800_mask.png,"able effects of No. 28,701 on the investmen-"
85,5,171,10,402,152,573,162,402,152,573,152,573,162,402,162,sub_line_text,text,text_0,opensans,regular,8,30schl03_20211228_165906_6964674549_600_800.png,/scratch/parceirosbr/bigoilict/share/BigOil/document_generator/datasets/documents_2021_12_28/30schl03_20211228_165906_6964674549_600_800.png,30schl03_20211228_165906_6964674549_600_800_mask.png,ts  of.This  work aims to compare the state of
85,5,170,10,402,162,572,172,402,162,572,162,572,172,402,172,sub_line_text,text,text_0,opensans,regular,8,30schl03_20211228_165906_6964674549_600_800.png,/scratch/parceirosbr/bigoilict/share/BigOil/document_generator/datasets/documents_2021_12_28/30schl03_20211228_165906_6964674549_600_800.png,30schl03_20211228_165906_6964674549_600_800_mask.png,residual  welding stresses in small diameter t-
85,5,171,10,402,172,573,182,402,172,573,172,573,182,402,182,sub_line_text,text,text_0,opensans,regular,8,30schl03_20211228_165906_6964674549_600_800.png,/scratch/parceirosbr/bigoilict/share/BigOil/document_generator/datasets/documents_2021_12_28/30schl03_20211228_165906_6964674549_600_800.png,30schl03_20211228_165906_6964674549_600_800_mask.png,ubes used in the oil industry and obtained b-
85,5,171,10,402,182,573,192,402,182,573,182,573,192,402,192,sub_line_text,text,text_0,opensans,regular,8,30schl03_20211228_165906_6964674549_600_800.png,/scratch/parceirosbr/bigoilict/share/BigOil/document_generator/datasets/documents_2021_12_28/30schl03_20211228_165906_6964674549_600_800.png,30schl03_20211228_165906_6964674549_600_800_mask.png,"y  numerical  methods, with experimental res-"
30,5,60,10,402,192,462,202,402,192,462,192,462,202,402,202,sub_line_text,text,text_0,opensans,regular,8,30schl03_20211228_165906_6964674549_600_800.png,/scratch/parceirosbr/bigoilict/share/BigOil/document_generator/datasets/documents_2021_12_28/30schl03_20211228_165906_6964674549_600_800.png,30schl03_20211228_165906_6964674549_600_800_mask.png,ults presented.
85,85,171,170,402,32,573,202,402,32,573,32,573,202,402,202,text,text,text_1,opensans,regular,8,30schl03_20211228_165906_6964674549_600_800.png,/scratch/parceirosbr/bigoilict/share/BigOil/document_generator/datasets/documents_2021_12_28/30schl03_20211228_165906_6964674549_600_800.png,30schl03_20211228_165906_6964674549_600_800_mask.png,
10,6,21,12,402,220,423,232,402,220,423,220,423,232,402,232,sub_line_text,subtitle,subtitle_1,opensans,bold,9,30schl03_20211228_165906_6964674549_600_800.png,/scratch/parceirosbr/bigoilict/share/BigOil/document_generator/datasets/documents_2021_12_28/30schl03_20211228_165906_6964674549_600_800.png,30schl03_20211228_165906_6964674549_600_800_mask.png,The
10,6,21,12,402,220,423,232,402,220,423,220,423,232,402,232,title,subtitle,subtitle_2,opensans,bold,9,30schl03_20211228_165906_6964674549_600_800.png,/scratch/parceirosbr/bigoilict/share/BigOil/document_generator/datasets/documents_2021_12_28/30schl03_20211228_165906_6964674549_600_800.png,30schl03_20211228_165906_6964674549_600_800_mask.png,
85,5,171,10,402,237,573,247,402,237,573,237,573,247,402,247,sub_line_text,text,text_1,opensans,regular,8,30schl03_20211228_165906_6964674549_600_800.png,/scratch/parceirosbr/bigoilict/share/BigOil/document_generator/datasets/documents_2021_12_28/30schl03_20211228_165906_6964674549_600_800.png,30schl03_20211228_165906_6964674549_600_800_mask.png,Ao lermos o texto de referência do destaca-s-
85,5,171,10,402,247,573,257,402,247,573,247,573,257,402,257,sub_line_text,text,text_1,opensans,regular,8,30schl03_20211228_165906_6964674549_600_800.png,/scratch/parceirosbr/bigoilict/share/BigOil/document_generator/datasets/documents_2021_12_28/30schl03_20211228_165906_6964674549_600_800.png,30schl03_20211228_165906_6964674549_600_800_mask.png,"e a 3, que envolve o desenvolvimento de cad-"
85,5,171,10,402,257,573,267,402,257,573,257,573,267,402,267,sub_line_text,text,text_1,opensans,regular,8,30schl03_20211228_165906_6964674549_600_800.png,/scratch/parceirosbr/bigoilict/share/BigOil/document_generator/datasets/documents_2021_12_28/30schl03_20211228_165906_6964674549_600_800.png,30schl03_20211228_165906_6964674549_600_800_mask.png,"eias  de  suprimento em energia, a partir do a-"
85,5,170,10,402,267,572,277,402,267,572,267,572,277,402,277,sub_line_text,text,text_1,opensans,regular,8,30schl03_20211228_165906_6964674549_600_800.png,/scratch/parceirosbr/bigoilict/share/BigOil/document_generator/datasets/documents_2021_12_28/30schl03_20211228_165906_6964674549_600_800.png,30schl03_20211228_165906_6964674549_600_800_mask.png,proveitamento  de oportunidades ambientai-
85,5,171,10,402,277,573,287,402,277,573,277,573,287,402,287,sub_line_text,text,text_1,opensans,regular,8,30schl03_20211228_165906_6964674549_600_800.png,/scratch/parceirosbr/bigoilict/share/BigOil/document_generator/datasets/documents_2021_12_28/30schl03_20211228_165906_6964674549_600_800.png,30schl03_20211228_165906_6964674549_600_800_mask.png,"s  e  de negócios no setor de energia, buscan-"
85,5,171,10,402,287,573,297,402,287,573,287,573,297,402,297,sub_line_text,text,text_1,opensans,regular,8,30schl03_20211228_165906_6964674549_600_800.png,/scratch/parceirosbr/bigoilict/share/BigOil/document_generator/datasets/documents_2021_12_28/30schl03_20211228_165906_6964674549_600_800.png,30schl03_20211228_165906_6964674549_600_800_mask.png,do  colocar  o  entre os maiores fornecedores
85,5,171,10,402,297,573,307,402,297,573,297,573,307,402,307,sub_line_text,text,text_1,opensans,regular,8,30schl03_20211228_165906_6964674549_600_800.png,/scratch/parceirosbr/bigoilict/share/BigOil/document_generator/datasets/documents_2021_12_28/30schl03_20211228_165906_6964674549_600_800.png,30schl03_20211228_165906_6964674549_600_800_mask.png,"mundiais de energia e de tecnologias, bens d-"
85,5,171,10,402,307,573,317,402,307,573,307,573,317,402,317,sub_line_text,text,text_1,opensans,regular,8,30schl03_20211228_165906_6964674549_600_800.png,/scratch/parceirosbr/bigoilict/share/BigOil/document_generator/datasets/documents_2021_12_28/30schl03_20211228_165906_6964674549_600_800.png,30schl03_20211228_165906_6964674549_600_800_mask.png,e  capital  e serviços associados.In order to b-
85,5,170,10,402,317,572,327,402,317,572,317,572,327,402,327,sub_line_text,text,text_1,opensans,regular,8,30schl03_20211228_165906_6964674549_600_800.png,/scratch/parceirosbr/bigoilict/share/BigOil/document_generator/datasets/documents_2021_12_28/30schl03_20211228_165906_6964674549_600_800.png,30schl03_20211228_165906_6964674549_600_800_mask.png,"e  used in the hydrate inhibition process, the"
85,5,171,10,402,327,573,337,402,327,573,327,573,337,402,337,sub_line_text,text,text_1,opensans,regular,8,30schl03_20211228_165906_6964674549_600_800.png,/scratch/parceirosbr/bigoilict/share/BigOil/document_generator/datasets/documents_2021_12_28/30schl03_20211228_165906_6964674549_600_800.png,30schl03_20211228_165906_6964674549_600_800_mask.png,poor  is normally produced with a concentra-
85,5,170,10,402,337,572,347,402,337,572,337,572,347,402,347,sub_line_text,text,text_1,opensans,regular,8,30schl03_20211228_165906_6964674549_600_800.png,/scratch/parceirosbr/bigoilict/share/BigOil/document_generator/datasets/documents_2021_12_28/30schl03_20211228_165906_6964674549_600_800.png,30schl03_20211228_165906_6964674549_600_800_mask.png,tion ranging from 80% to 95% in weight.In g-
85,5,171,10,402,347,573,357,402,347,573,347,573,357,402,357,sub_line_text,text,text_1,opensans,regular,8,30schl03_20211228_165906_6964674549_600_800.png,/scratch/parceirosbr/bigoilict/share/BigOil/document_generator/datasets/documents_2021_12_28/30schl03_20211228_165906_6964674549_600_800.png,30schl03_20211228_165906_6964674549_600_800_mask.png,"eneral, these fields only become economicall-"
29,5,58,10,402,357,460,367,402,357,460,357,460,367,402,367,sub_line_text,text,text_1,opensans,regular,8,30schl03_20211228_165906_6964674549_600_800.png,/scratch/parceirosbr/bigoilict/share/BigOil/document_generator/datasets/documents_2021_12_28/30schl03_20211228_165906_6964674549_600_800.png,30schl03_20211228_165906_6964674549_600_800_mask.png,y viable under.
85,65,171,130,402,237,573,367,402,237,573,237,573,367,402,367,text,text,text_2,opensans,regular,8,30schl03_20211228_165906_6964674549_600_800.png,/scratch/parceirosbr/bigoilict/share/BigOil/document_generator/datasets/documents_2021_12_28/30schl03_20211228_165906_6964674549_600_800.png,30schl03_20211228_165906_6964674549_600_800_mask.png,
16,6,33,12,402,384,435,396,402,384,435,384,435,396,402,396,sub_line_text,subtitle,subtitle_2,opensans,bold,9,30schl03_20211228_165906_6964674549_600_800.png,/scratch/parceirosbr/bigoilict/share/BigOil/document_generator/datasets/documents_2021_12_28/30schl03_20211228_165906_6964674549_600_800.png,30schl03_20211228_165906_6964674549_600_800_mask.png,Graph
16,6,33,12,402,384,435,396,402,384,435,384,435,396,402,396,title,subtitle,subtitle_3,opensans,bold,9,30schl03_20211228_165906_6964674549_600_800.png,/scratch/parceirosbr/bigoilict/share/BigOil/document_generator/datasets/documents_2021_12_28/30schl03_20211228_165906_6964674549_600_800.png,30schl03_20211228_165906_6964674549_600_800_mask.png,
85,5,171,10,402,403,573,413,402,403,573,403,573,413,402,413,sub_line_text,text,text_2,opensans,regular,8,30schl03_20211228_165906_6964674549_600_800.png,/scratch/parceirosbr/bigoilict/share/BigOil/document_generator/datasets/documents_2021_12_28/30schl03_20211228_165906_6964674549_600_800.png,30schl03_20211228_165906_6964674549_600_800_mask.png,Além  da localização das bases de distribuiçã-
85,5,171,10,402,413,573,423,402,413,573,413,573,423,402,423,sub_line_text,text,text_2,opensans,regular,8,30schl03_20211228_165906_6964674549_600_800.png,/scratch/parceirosbr/bigoilict/share/BigOil/document_generator/datasets/documents_2021_12_28/30schl03_20211228_165906_6964674549_600_800.png,30schl03_20211228_165906_6964674549_600_800_mask.png,"o,  seu  correto dimensionamento minimiza o"
85,5,171,10,402,423,573,433,402,423,573,423,573,433,402,433,sub_line_text,text,text_2,opensans,regular,8,30schl03_20211228_165906_6964674549_600_800.png,/scratch/parceirosbr/bigoilict/share/BigOil/document_generator/datasets/documents_2021_12_28/30schl03_20211228_165906_6964674549_600_800.png,30schl03_20211228_165906_6964674549_600_800_mask.png,tempo de espera de caminhões-tanque que l-
85,5,171,10,402,433,573,443,402,433,573,433,573,443,402,443,sub_line_text,text,text_2,opensans,regular,8,30schl03_20211228_165906_6964674549_600_800.png,/scratch/parceirosbr/bigoilict/share/BigOil/document_generator/datasets/documents_2021_12_28/30schl03_20211228_165906_6964674549_600_800.png,30schl03_20211228_165906_6964674549_600_800_mask.png,evarão  o  produto  ao  cliente final20. menor
85,5,171,10,402,443,573,453,402,443,573,443,573,453,402,453,sub_line_text,text,text_2,opensans,regular,8,30schl03_20211228_165906_6964674549_600_800.png,/scratch/parceirosbr/bigoilict/share/BigOil/document_generator/datasets/documents_2021_12_28/30schl03_20211228_165906_6964674549_600_800.png,30schl03_20211228_165906_6964674549_600_800_mask.png,o  tempo  de  espera no atendimento em uma
85,5,171,10,402,453,573,463,402,453,573,453,573,463,402,463,sub_line_text,text,text_2,opensans,regular,8,30schl03_20211228_165906_6964674549_600_800.png,/scratch/parceirosbr/bigoilict/share/BigOil/document_generator/datasets/documents_2021_12_28/30schl03_20211228_165906_6964674549_600_800.png,30schl03_20211228_165906_6964674549_600_800_mask.png,"determinada  base,  maior o número de viage-"
85,5,170,10,402,463,572,473,402,463,572,463,572,473,402,473,sub_line_text,text,text_2,opensans,regular,8,30schl03_20211228_165906_6964674549_600_800.png,/scratch/parceirosbr/bigoilict/share/BigOil/document_generator/datasets/documents_2021_12_28/30schl03_20211228_165906_6964674549_600_800.png,30schl03_20211228_165906_6964674549_600_800_mask.png,ns  que os caminhões podem efetuar para os
85,5,171,10,402,473,573,483,402,473,573,473,573,483,402,483,sub_line_text,text,text_2,opensans,regular,8,30schl03_20211228_165906_6964674549_600_800.png,/scratch/parceirosbr/bigoilict/share/BigOil/document_generator/datasets/documents_2021_12_28/30schl03_20211228_165906_6964674549_600_800.png,30schl03_20211228_165906_6964674549_600_800_mask.png,"clientes  finais, o que representa economia d-"
85,5,171,10,402,483,573,493,402,483,573,483,573,493,402,493,sub_line_text,text,text_2,opensans,regular,8,30schl03_20211228_165906_6964674549_600_800.png,/scratch/parceirosbr/bigoilict/share/BigOil/document_generator/datasets/documents_2021_12_28/30schl03_20211228_165906_6964674549_600_800.png,30schl03_20211228_165906_6964674549_600_800_mask.png,"e  recursos para a empresa.Finally, the minim-"
85,5,170,10,402,493,572,503,402,493,572,493,572,503,402,503,sub_line_text,text,text_2,opensans,regular,8,30schl03_20211228_165906_6964674549_600_800.png,/scratch/parceirosbr/bigoilict/share/BigOil/document_generator/datasets/documents_2021_12_28/30schl03_20211228_165906_6964674549_600_800.png,30schl03_20211228_165906_6964674549_600_800_mask.png,um thickness of the laminate can be obtaine-
85,5,170,10,402,503,572,513,402,503,572,503,572,513,402,513,sub_line_text,text,text_2,opensans,regular,8,30schl03_20211228_165906_6964674549_600_800.png,/scratch/parceirosbr/bigoilict/share/BigOil/document_generator/datasets/documents_2021_12_28/30schl03_20211228_165906_6964674549_600_800.png,30schl03_20211228_165906_6964674549_600_800_mask.png,d by the ratio of the minimum thickness of t-
85,5,171,10,402,513,573,523,402,513,573,513,573,523,402,523,sub_line_text,text,text_2,opensans,regular,8,30schl03_20211228_165906_6964674549_600_800.png,/scratch/parceirosbr/bigoilict/share/BigOil/document_generator/datasets/documents_2021_12_28/30schl03_20211228_165906_6964674549_600_800.png,30schl03_20211228_165906_6964674549_600_800_mask.png,he  arm  to  the volume of the arms: tf mintla-
85,5,170,10,402,523,572,533,402,523,572,523,572,533,402,533,sub_line_text,text,text_2,opensans,regular,8,30schl03_20211228_165906_6964674549_600_800.png,/scratch/parceirosbr/bigoilict/share/BigOil/document_generator/datasets/documents_2021_12_28/30schl03_20211228_165906_6964674549_600_800.png,30schl03_20211228_165906_6964674549_600_800_mask.png,mmin  = vf562.2.2.5.Uma vez que o compor-
85,5,170,10,402,533,572,543,402,533,572,533,572,543,402,543,sub_line_text,text,text_2,opensans,regular,8,30schl03_20211228_165906_6964674549_600_800.png,/scratch/parceirosbr/bigoilict/share/BigOil/document_generator/datasets/documents_2021_12_28/30schl03_20211228_165906_6964674549_600_800.png,30schl03_20211228_165906_6964674549_600_800_mask.png,tamento  reológico  exibido apresenta altos i-
85,5,170,10,402,543,572,553,402,543,572,543,572,553,402,553,sub_line_text,text,text_2,opensans,regular,8,30schl03_20211228_165906_6964674549_600_800.png,/scratch/parceirosbr/bigoilict/share/BigOil/document_generator/datasets/documents_2021_12_28/30schl03_20211228_165906_6964674549_600_800.png,30schl03_20211228_165906_6964674549_600_800_mask.png,"mpactos  técnicos, como o possível acúmulo"
85,5,171,10,402,553,573,563,402,553,573,553,573,563,402,563,sub_line_text,text,text_2,opensans,regular,8,30schl03_20211228_165906_6964674549_600_800.png,/scratch/parceirosbr/bigoilict/share/BigOil/document_generator/datasets/documents_2021_12_28/30schl03_20211228_165906_6964674549_600_800.png,30schl03_20211228_165906_6964674549_600_800_mask.png,"de cascalhos e entupimento do poço, econô-"
85,5,170,10,402,563,572,573,402,563,572,563,572,573,402,573,sub_line_text,text,text_2,opensans,regular,8,30schl03_20211228_165906_6964674549_600_800.png,/scratch/parceirosbr/bigoilict/share/BigOil/document_generator/datasets/documents_2021_12_28/30schl03_20211228_165906_6964674549_600_800.png,30schl03_20211228_165906_6964674549_600_800_mask.png,"micos,  como  a necessidade de reposição de"
85,5,170,10,402,573,572,583,402,573,572,573,572,583,402,583,sub_line_text,text,text_2,opensans,regular,8,30schl03_20211228_165906_6964674549_600_800.png,/scratch/parceirosbr/bigoilict/share/BigOil/document_generator/datasets/documents_2021_12_28/30schl03_20211228_165906_6964674549_600_800.png,30schl03_20211228_165906_6964674549_600_800_mask.png,"peças e readequação do fluido, e ambientais-"
85,5,170,10,402,583,572,593,402,583,572,583,572,593,402,593,sub_line_text,text,text_2,opensans,regular,8,30schl03_20211228_165906_6964674549_600_800.png,/scratch/parceirosbr/bigoilict/share/BigOil/document_generator/datasets/documents_2021_12_28/30schl03_20211228_165906_6964674549_600_800.png,30schl03_20211228_165906_6964674549_600_800_mask.png,",  como interferências no processo de forma-"
85,5,171,10,402,593,573,603,402,593,573,593,573,603,402,603,sub_line_text,text,text_2,opensans,regular,8,30schl03_20211228_165906_6964674549_600_800.png,/scratch/parceirosbr/bigoilict/share/BigOil/document_generator/datasets/documents_2021_12_28/30schl03_20211228_165906_6964674549_600_800.png,30schl03_20211228_165906_6964674549_600_800_mask.png,"ção  de  reboco, na perfuração, seu estudo p-"
85,5,170,10,402,603,572,613,402,603,572,603,572,613,402,613,sub_line_text,text,text_2,opensans,regular,8,30schl03_20211228_165906_6964674549_600_800.png,/scratch/parceirosbr/bigoilict/share/BigOil/document_generator/datasets/documents_2021_12_28/30schl03_20211228_165906_6964674549_600_800.png,30schl03_20211228_165906_6964674549_600_800_mask.png,ossibilita  uma  importante contribuição para
85,5,171,10,402,613,573,623,402,613,573,613,573,623,402,623,sub_line_text,text,text_2,opensans,regular,8,30schl03_20211228_165906_6964674549_600_800.png,/scratch/parceirosbr/bigoilict/share/BigOil/document_generator/datasets/documents_2021_12_28/30schl03_20211228_165906_6964674549_600_800.png,30schl03_20211228_165906_6964674549_600_800_mask.png,o  desenvolvimento de estratégias de melhor-
85,5,170,10,402,623,572,633,402,623,572,623,572,633,402,633,sub_line_text,text,text_2,opensans,regular,8,30schl03_20211228_165906_6964674549_600_800.png,/scratch/parceirosbr/bigoilict/share/BigOil/document_generator/datasets/documents_2021_12_28/30schl03_20211228_165906_6964674549_600_800.png,30schl03_20211228_165906_6964674549_600_800_mask.png,es formulações de fluidos.As 50 e 51 relacio-
85,5,170,10,402,633,572,643,402,633,572,633,572,643,402,643,sub_line_text,text,text_2,opensans,regular,8,30schl03_20211228_165906_6964674549_600_800.png,/scratch/parceirosbr/bigoilict/share/BigOil/document_generator/datasets/documents_2021_12_28/30schl03_20211228_165906_6964674549_600_800.png,30schl03_20211228_165906_6964674549_600_800_mask.png,nam  os  valores  da tenacidade à fratura com
42,5,85,10,402,643,487,653,402,643,487,643,487,653,402,653,sub_line_text,text,text_2,opensans,regular,8,30schl03_20211228_165906_6964674549_600_800.png,/scratch/parceirosbr/bigoilict/share/BigOil/document_generator/datasets/documents_2021_12_28/30schl03_20211228_165906_6964674549_600_800.png,30schl03_20211228_165906_6964674549_600_800_mask.png,o tratamento térmico.
85,125,171,250,402,403,573,653,402,403,573,403,573,653,402,653,text,text,text_3,opensans,regular,8,30schl03_20211228_165906_6964674549_600_800.png,/scratch/parceirosbr/bigoilict/share/BigOil/document_generator/datasets/documents_2021_12_28/30schl03_20211228_165906_6964674549_600_800.png,30schl03_20211228_165906_6964674549_600_800_mask.png,
24,6,48,12,402,665,450,677,402,665,450,665,450,677,402,677,sub_line_text,subtitle,subtitle_3,opensans,bold,9,30schl03_20211228_165906_6964674549_600_800.png,/scratch/parceirosbr/bigoilict/share/BigOil/document_generator/datasets/documents_2021_12_28/30schl03_20211228_165906_6964674549_600_800.png,30schl03_20211228_165906_6964674549_600_800_mask.png,"Contudo,"
24,6,48,12,402,665,450,677,402,665,450,665,450,677,402,677,title,subtitle,subtitle_4,opensans,bold,9,30schl03_20211228_165906_6964674549_600_800.png,/scratch/parceirosbr/bigoilict/share/BigOil/document_generator/datasets/documents_2021_12_28/30schl03_20211228_165906_6964674549_600_800.png,30schl03_20211228_165906_6964674549_600_800_mask.png,
85,5,170,10,402,681,572,691,402,681,572,681,572,691,402,691,sub_line_text,text,text_3,opensans,regular,8,30schl03_20211228_165906_6964674549_600_800.png,/scratch/parceirosbr/bigoilict/share/BigOil/document_generator/datasets/documents_2021_12_28/30schl03_20211228_165906_6964674549_600_800.png,30schl03_20211228_165906_6964674549_600_800_mask.png,When  the lifting capacity of the pump excee-
85,5,171,10,402,691,573,701,402,691,573,691,573,701,402,701,sub_line_text,text,text_3,opensans,regular,8,30schl03_20211228_165906_6964674549_600_800.png,/scratch/parceirosbr/bigoilict/share/BigOil/document_generator/datasets/documents_2021_12_28/30schl03_20211228_165906_6964674549_600_800.png,30schl03_20211228_165906_6964674549_600_800_mask.png,ds  the feed flow of the well and the level is a-
85,5,170,10,402,701,572,711,402,701,572,701,572,711,402,711,sub_line_text,text,text_3,opensans,regular,8,30schl03_20211228_165906_6964674549_600_800.png,/scratch/parceirosbr/bigoilict/share/BigOil/document_generator/datasets/documents_2021_12_28/30schl03_20211228_165906_6964674549_600_800.png,30schl03_20211228_165906_6964674549_600_800_mask.png,"t the height of the pump, in such a situation-"
85,5,171,10,402,711,573,721,402,711,573,711,573,721,402,721,sub_line_text,text,text_3,opensans,regular,8,30schl03_20211228_165906_6964674549_600_800.png,/scratch/parceirosbr/bigoilict/share/BigOil/document_generator/datasets/documents_2021_12_28/30schl03_20211228_165906_6964674549_600_800.png,30schl03_20211228_165906_6964674549_600_800_mask.png,",  the  pump jacket is not completely filled an-"
85,5,170,10,402,721,572,731,402,721,572,721,572,731,402,731,sub_line_text,text,text_3,opensans,regular,8,30schl03_20211228_165906_6964674549_600_800.png,/scratch/parceirosbr/bigoilict/share/BigOil/document_generator/datasets/documents_2021_12_28/30schl03_20211228_165906_6964674549_600_800.png,30schl03_20211228_165906_6964674549_600_800_mask.png,"d, at the beginning of the downward movem-"
85,5,171,10,402,731,573,741,402,731,573,731,573,741,402,741,sub_line_text,text,text_3,opensans,regular,8,30schl03_20211228_165906_6964674549_600_800.png,/scratch/parceirosbr/bigoilict/share/BigOil/document_generator/datasets/documents_2021_12_28/30schl03_20211228_165906_6964674549_600_800.png,30schl03_20211228_165906_6964674549_600_800_mask.png,"ent,  the  walking valve does not open and th-"
74,5,149,10,402,741,551,751,402,741,551,741,551,751,402,751,sub_line_text,text,text_3,opensans,regular,8,30schl03_20211228_165906_6964674549_600_800.png,/scratch/parceirosbr/bigoilict/share/BigOil/document_generator/datasets/documents_2021_12_28/30schl03_20211228_165906_6964674549_600_800.png,30schl03_20211228_165906_6964674549_600_800_mask.png,e piston remains with the entire weight.
85,35,171,70,402,681,573,751,402,681,573,681,573,751,402,751,text,text,text_4,opensans,regular,8,30schl03_20211228_165906_6964674549_600_800.png,/scratch/parceirosbr/bigoilict/share/BigOil/document_generator/datasets/documents_2021_12_28/30schl03_20211228_165906_6964674549_600_800.png,30schl03_20211228_165906_6964674549_600_800_mask.png,
