center_x,center_y,width,height,xmin,ymin,xmax,ymax,top_left_x,top_left_y,top_right_x,top_right_y,bottom_right_x,bottom_right_y,bottom_left_x,bottom_left_y,label,grouplabel,group,text_font,text_style,size_font,filename,path,filename_mask,content
300,400,600,800,0,0,600,800,0,0,600,0,600,800,0,800,document,,,,,,30schl03_20211228_165850_6320633891_600_800.png,/scratch/parceirosbr/bigoilict/share/BigOil/document_generator/datasets/documents_2021_12_28/30schl03_20211228_165850_6320633891_600_800.png,30schl03_20211228_165850_6320633891_600_800_mask.png,
183,5,366,11,6,13,372,24,6,13,372,13,372,24,6,24,sub_line_text,figure_legend,figure_0,courier,regular,10,30schl03_20211228_165850_6320633891_600_800.png,/scratch/parceirosbr/bigoilict/share/BigOil/document_generator/datasets/documents_2021_12_28/30schl03_20211228_165850_6320633891_600_800.png,30schl03_20211228_165850_6320633891_600_800_mask.png,The aim of this thesis is to analyze the role of as an inst-
183,5,366,11,6,24,372,35,6,24,372,24,372,35,6,35,sub_line_text,figure_legend,figure_0,courier,regular,10,30schl03_20211228_165850_6320633891_600_800.png,/scratch/parceirosbr/bigoilict/share/BigOil/document_generator/datasets/documents_2021_12_28/30schl03_20211228_165850_6320633891_600_800.png,30schl03_20211228_165850_6320633891_600_800_mask.png,rument of policy to reduce regional inequalities in focusin-
93,5,186,11,6,35,192,46,6,35,192,35,192,46,6,46,sub_line_text,figure_legend,figure_0,courier,regular,10,30schl03_20211228_165850_6320633891_600_800.png,/scratch/parceirosbr/bigoilict/share/BigOil/document_generator/datasets/documents_2021_12_28/30schl03_20211228_165850_6320633891_600_800.png,30schl03_20211228_165850_6320633891_600_800_mask.png,g the participation of family.
185,16,370,33,6,13,376,46,6,13,376,13,376,46,6,46,text,figure_legend,figure_1,courier,regular,10,30schl03_20211228_165850_6320633891_600_800.png,/scratch/parceirosbr/bigoilict/share/BigOil/document_generator/datasets/documents_2021_12_28/30schl03_20211228_165850_6320633891_600_800.png,30schl03_20211228_165850_6320633891_600_800_mask.png,
79,102,159,205,111,90,270,295,111,90,270,90,270,295,111,295,image,figure_image,figure_1,,,,30schl03_20211228_165850_6320633891_600_800.png,/scratch/parceirosbr/bigoilict/share/BigOil/document_generator/datasets/documents_2021_12_28/30schl03_20211228_165850_6320633891_600_800.png,30schl03_20211228_165850_6320633891_600_800_mask.png,output/gen_img_20211228_165850_3509045247.png
16,5,33,11,205,222,238,233,205,222,238,222,238,233,205,233,text,figure_text,figure_1,,,,30schl03_20211228_165850_6320633891_600_800.png,/scratch/parceirosbr/bigoilict/share/BigOil/document_generator/datasets/documents_2021_12_28/30schl03_20211228_165850_6320633891_600_800.png,30schl03_20211228_165850_6320633891_600_800_mask.png,Graphic
16,5,33,11,205,222,238,233,205,222,238,222,238,233,205,233,sub_line_text,figure_text,figure_1,,,,30schl03_20211228_165850_6320633891_600_800.png,/scratch/parceirosbr/bigoilict/share/BigOil/document_generator/datasets/documents_2021_12_28/30schl03_20211228_165850_6320633891_600_800.png,30schl03_20211228_165850_6320633891_600_800_mask.png,Graphic
23,4,47,8,172,120,219,128,172,120,219,120,219,128,172,128,text,figure_text,figure_1,,,,30schl03_20211228_165850_6320633891_600_800.png,/scratch/parceirosbr/bigoilict/share/BigOil/document_generator/datasets/documents_2021_12_28/30schl03_20211228_165850_6320633891_600_800.png,30schl03_20211228_165850_6320633891_600_800_mask.png,Conversion
23,4,47,8,172,120,219,128,172,120,219,120,219,128,172,128,sub_line_text,figure_text,figure_1,,,,30schl03_20211228_165850_6320633891_600_800.png,/scratch/parceirosbr/bigoilict/share/BigOil/document_generator/datasets/documents_2021_12_28/30schl03_20211228_165850_6320633891_600_800.png,30schl03_20211228_165850_6320633891_600_800_mask.png,Conversion
17,4,34,9,114,268,148,277,114,268,148,268,148,277,114,277,text,figure_text,figure_1,,,,30schl03_20211228_165850_6320633891_600_800.png,/scratch/parceirosbr/bigoilict/share/BigOil/document_generator/datasets/documents_2021_12_28/30schl03_20211228_165850_6320633891_600_800.png,30schl03_20211228_165850_6320633891_600_800_mask.png,-919.2%
17,4,34,9,114,268,148,277,114,268,148,268,148,277,114,277,sub_line_text,figure_text,figure_1,,,,30schl03_20211228_165850_6320633891_600_800.png,/scratch/parceirosbr/bigoilict/share/BigOil/document_generator/datasets/documents_2021_12_28/30schl03_20211228_165850_6320633891_600_800.png,30schl03_20211228_165850_6320633891_600_800_mask.png,-919.2%
15,4,31,9,145,234,176,243,145,234,176,234,176,243,145,243,text,figure_text,figure_1,,,,30schl03_20211228_165850_6320633891_600_800.png,/scratch/parceirosbr/bigoilict/share/BigOil/document_generator/datasets/documents_2021_12_28/30schl03_20211228_165850_6320633891_600_800.png,30schl03_20211228_165850_6320633891_600_800_mask.png,-5252.4
15,4,31,9,145,234,176,243,145,234,176,234,176,243,145,243,sub_line_text,figure_text,figure_1,,,,30schl03_20211228_165850_6320633891_600_800.png,/scratch/parceirosbr/bigoilict/share/BigOil/document_generator/datasets/documents_2021_12_28/30schl03_20211228_165850_6320633891_600_800.png,30schl03_20211228_165850_6320633891_600_800_mask.png,-5252.4
26,5,52,10,140,173,192,183,140,173,192,173,192,183,140,183,text,figure_text,figure_1,,,,30schl03_20211228_165850_6320633891_600_800.png,/scratch/parceirosbr/bigoilict/share/BigOil/document_generator/datasets/documents_2021_12_28/30schl03_20211228_165850_6320633891_600_800.png,30schl03_20211228_165850_6320633891_600_800_mask.png,Volume [GB]
26,5,52,10,140,173,192,183,140,173,192,173,192,183,140,183,sub_line_text,figure_text,figure_1,,,,30schl03_20211228_165850_6320633891_600_800.png,/scratch/parceirosbr/bigoilict/share/BigOil/document_generator/datasets/documents_2021_12_28/30schl03_20211228_165850_6320633891_600_800.png,30schl03_20211228_165850_6320633891_600_800_mask.png,Volume [GB]
7,4,15,9,131,283,146,292,131,283,146,283,146,292,131,292,text,figure_text,figure_1,,,,30schl03_20211228_165850_6320633891_600_800.png,/scratch/parceirosbr/bigoilict/share/BigOil/document_generator/datasets/documents_2021_12_28/30schl03_20211228_165850_6320633891_600_800.png,30schl03_20211228_165850_6320633891_600_800_mask.png,145
7,4,15,9,131,283,146,292,131,283,146,283,146,292,131,292,sub_line_text,figure_text,figure_1,,,,30schl03_20211228_165850_6320633891_600_800.png,/scratch/parceirosbr/bigoilict/share/BigOil/document_generator/datasets/documents_2021_12_28/30schl03_20211228_165850_6320633891_600_800.png,30schl03_20211228_165850_6320633891_600_800_mask.png,145
13,4,26,8,232,148,258,156,232,148,258,148,258,156,232,156,text,figure_text,figure_1,,,,30schl03_20211228_165850_6320633891_600_800.png,/scratch/parceirosbr/bigoilict/share/BigOil/document_generator/datasets/documents_2021_12_28/30schl03_20211228_165850_6320633891_600_800.png,30schl03_20211228_165850_6320633891_600_800_mask.png,-334.1
13,4,26,8,232,148,258,156,232,148,258,148,258,156,232,156,sub_line_text,figure_text,figure_1,,,,30schl03_20211228_165850_6320633891_600_800.png,/scratch/parceirosbr/bigoilict/share/BigOil/document_generator/datasets/documents_2021_12_28/30schl03_20211228_165850_6320633891_600_800.png,30schl03_20211228_165850_6320633891_600_800_mask.png,-334.1
14,5,29,11,198,105,227,116,198,105,227,105,227,116,198,116,text,figure_text,figure_1,,,,30schl03_20211228_165850_6320633891_600_800.png,/scratch/parceirosbr/bigoilict/share/BigOil/document_generator/datasets/documents_2021_12_28/30schl03_20211228_165850_6320633891_600_800.png,30schl03_20211228_165850_6320633891_600_800_mask.png,Length
14,5,29,11,198,105,227,116,198,105,227,105,227,116,198,116,sub_line_text,figure_text,figure_1,,,,30schl03_20211228_165850_6320633891_600_800.png,/scratch/parceirosbr/bigoilict/share/BigOil/document_generator/datasets/documents_2021_12_28/30schl03_20211228_165850_6320633891_600_800.png,30schl03_20211228_165850_6320633891_600_800_mask.png,Length
14,4,28,8,177,92,205,100,177,92,205,92,205,100,177,100,text,figure_text,figure_1,,,,30schl03_20211228_165850_6320633891_600_800.png,/scratch/parceirosbr/bigoilict/share/BigOil/document_generator/datasets/documents_2021_12_28/30schl03_20211228_165850_6320633891_600_800.png,30schl03_20211228_165850_6320633891_600_800_mask.png,Detour
14,4,28,8,177,92,205,100,177,92,205,92,205,100,177,100,sub_line_text,figure_text,figure_1,,,,30schl03_20211228_165850_6320633891_600_800.png,/scratch/parceirosbr/bigoilict/share/BigOil/document_generator/datasets/documents_2021_12_28/30schl03_20211228_165850_6320633891_600_800.png,30schl03_20211228_165850_6320633891_600_800_mask.png,Detour
20,4,41,8,199,187,240,195,199,187,240,187,240,195,199,195,text,figure_text,figure_1,,,,30schl03_20211228_165850_6320633891_600_800.png,/scratch/parceirosbr/bigoilict/share/BigOil/document_generator/datasets/documents_2021_12_28/30schl03_20211228_165850_6320633891_600_800.png,30schl03_20211228_165850_6320633891_600_800_mask.png,-1655.763
20,4,41,8,199,187,240,195,199,187,240,187,240,195,199,195,sub_line_text,figure_text,figure_1,,,,30schl03_20211228_165850_6320633891_600_800.png,/scratch/parceirosbr/bigoilict/share/BigOil/document_generator/datasets/documents_2021_12_28/30schl03_20211228_165850_6320633891_600_800.png,30schl03_20211228_165850_6320633891_600_800_mask.png,-1655.763
31,5,63,11,120,145,183,156,120,145,183,145,183,156,120,156,text,figure_text,figure_1,,,,30schl03_20211228_165850_6320633891_600_800.png,/scratch/parceirosbr/bigoilict/share/BigOil/document_generator/datasets/documents_2021_12_28/30schl03_20211228_165850_6320633891_600_800.png,30schl03_20211228_165850_6320633891_600_800_mask.png,Frequency [Hz]
31,5,63,11,120,145,183,156,120,145,183,145,183,156,120,156,sub_line_text,figure_text,figure_1,,,,30schl03_20211228_165850_6320633891_600_800.png,/scratch/parceirosbr/bigoilict/share/BigOil/document_generator/datasets/documents_2021_12_28/30schl03_20211228_165850_6320633891_600_800.png,30schl03_20211228_165850_6320633891_600_800_mask.png,Frequency [Hz]
18,4,36,9,174,282,210,291,174,282,210,282,210,291,174,291,text,figure_text,figure_1,,,,30schl03_20211228_165850_6320633891_600_800.png,/scratch/parceirosbr/bigoilict/share/BigOil/document_generator/datasets/documents_2021_12_28/30schl03_20211228_165850_6320633891_600_800.png,30schl03_20211228_165850_6320633891_600_800_mask.png,-5673.26
18,4,36,9,174,282,210,291,174,282,210,282,210,291,174,291,sub_line_text,figure_text,figure_1,,,,30schl03_20211228_165850_6320633891_600_800.png,/scratch/parceirosbr/bigoilict/share/BigOil/document_generator/datasets/documents_2021_12_28/30schl03_20211228_165850_6320633891_600_800.png,30schl03_20211228_165850_6320633891_600_800_mask.png,-5673.26
15,4,31,9,231,166,262,175,231,166,262,166,262,175,231,175,text,figure_text,figure_1,,,,30schl03_20211228_165850_6320633891_600_800.png,/scratch/parceirosbr/bigoilict/share/BigOil/document_generator/datasets/documents_2021_12_28/30schl03_20211228_165850_6320633891_600_800.png,30schl03_20211228_165850_6320633891_600_800_mask.png,-7579.5
15,4,31,9,231,166,262,175,231,166,262,166,262,175,231,175,sub_line_text,figure_text,figure_1,,,,30schl03_20211228_165850_6320633891_600_800.png,/scratch/parceirosbr/bigoilict/share/BigOil/document_generator/datasets/documents_2021_12_28/30schl03_20211228_165850_6320633891_600_800.png,30schl03_20211228_165850_6320633891_600_800_mask.png,-7579.5
16,4,32,9,216,136,248,145,216,136,248,136,248,145,216,145,text,figure_text,figure_1,,,,30schl03_20211228_165850_6320633891_600_800.png,/scratch/parceirosbr/bigoilict/share/BigOil/document_generator/datasets/documents_2021_12_28/30schl03_20211228_165850_6320633891_600_800.png,30schl03_20211228_165850_6320633891_600_800_mask.png,-1355%
16,4,32,9,216,136,248,145,216,136,248,136,248,145,216,145,sub_line_text,figure_text,figure_1,,,,30schl03_20211228_165850_6320633891_600_800.png,/scratch/parceirosbr/bigoilict/share/BigOil/document_generator/datasets/documents_2021_12_28/30schl03_20211228_165850_6320633891_600_800.png,30schl03_20211228_165850_6320633891_600_800_mask.png,-1355%
183,5,366,11,6,326,372,337,6,326,372,326,372,337,6,337,sub_line_text,table_legend,table_0,courier,regular,10,30schl03_20211228_165850_6320633891_600_800.png,/scratch/parceirosbr/bigoilict/share/BigOil/document_generator/datasets/documents_2021_12_28/30schl03_20211228_165850_6320633891_600_800.png,30schl03_20211228_165850_6320633891_600_800_mask.png,"Further on, it receives the exit of the valley of and conti-"
183,5,366,11,6,337,372,348,6,337,372,337,372,348,6,348,sub_line_text,table_legend,table_0,courier,regular,10,30schl03_20211228_165850_6320633891_600_800.png,/scratch/parceirosbr/bigoilict/share/BigOil/document_generator/datasets/documents_2021_12_28/30schl03_20211228_165850_6320633891_600_800.png,30schl03_20211228_165850_6320633891_600_800_mask.png,nues its course until the dam of.Para garantir que estes ma-
183,5,366,11,6,348,372,359,6,348,372,348,372,359,6,359,sub_line_text,table_legend,table_0,courier,regular,10,30schl03_20211228_165850_6320633891_600_800.png,/scratch/parceirosbr/bigoilict/share/BigOil/document_generator/datasets/documents_2021_12_28/30schl03_20211228_165850_6320633891_600_800.png,30schl03_20211228_165850_6320633891_600_800_mask.png,teriais  seriam  efetivos como suporte para os catalisadores
138,5,276,11,6,359,282,370,6,359,282,359,282,370,6,370,sub_line_text,table_legend,table_0,courier,regular,10,30schl03_20211228_165850_6320633891_600_800.png,/scratch/parceirosbr/bigoilict/share/BigOil/document_generator/datasets/documents_2021_12_28/30schl03_20211228_165850_6320633891_600_800.png,30schl03_20211228_165850_6320633891_600_800_mask.png,bifuncionais a 81 serem inicialmente prepara.
185,22,370,44,6,326,376,370,6,326,376,326,376,370,6,370,text,table_legend,table_1,courier,regular,10,30schl03_20211228_165850_6320633891_600_800.png,/scratch/parceirosbr/bigoilict/share/BigOil/document_generator/datasets/documents_2021_12_28/30schl03_20211228_165850_6320633891_600_800.png,30schl03_20211228_165850_6320633891_600_800_mask.png,
132,102,264,205,59,424,323,629,59,424,323,424,323,629,59,629,table,table_image,table_1,,,,30schl03_20211228_165850_6320633891_600_800.png,/scratch/parceirosbr/bigoilict/share/BigOil/document_generator/datasets/documents_2021_12_28/30schl03_20211228_165850_6320633891_600_800.png,30schl03_20211228_165850_6320633891_600_800_mask.png,output/gen_tab_20211228_165853_3443261461.png
5,6,11,13,89,428,100,441,89,428,100,428,100,441,89,441,text,table_text,table_1,roboto,italic,10.0,30schl03_20211228_165850_6320633891_600_800.png,/scratch/parceirosbr/bigoilict/share/BigOil/document_generator/datasets/documents_2021_12_28/30schl03_20211228_165850_6320633891_600_800.png,30schl03_20211228_165850_6320633891_600_800_mask.png,de
5,6,11,13,89,428,100,441,89,428,100,428,100,441,89,441,sub_line_text,table_text,table_1,roboto,italic,10.0,30schl03_20211228_165850_6320633891_600_800.png,/scratch/parceirosbr/bigoilict/share/BigOil/document_generator/datasets/documents_2021_12_28/30schl03_20211228_165850_6320633891_600_800.png,30schl03_20211228_165850_6320633891_600_800_mask.png,de
12,6,24,13,76,442,100,455,76,442,100,442,100,455,76,455,text,table_text,table_1,roboto,italic,10.0,30schl03_20211228_165850_6320633891_600_800.png,/scratch/parceirosbr/bigoilict/share/BigOil/document_generator/datasets/documents_2021_12_28/30schl03_20211228_165850_6320633891_600_800.png,30schl03_20211228_165850_6320633891_600_800_mask.png,servir
12,6,24,13,76,442,100,455,76,442,100,442,100,455,76,455,sub_line_text,table_text,table_1,roboto,italic,10.0,30schl03_20211228_165850_6320633891_600_800.png,/scratch/parceirosbr/bigoilict/share/BigOil/document_generator/datasets/documents_2021_12_28/30schl03_20211228_165850_6320633891_600_800.png,30schl03_20211228_165850_6320633891_600_800_mask.png,servir
10,6,21,12,79,463,100,475,79,463,100,463,100,475,79,475,text,table_text,table_1,roboto,regular,10.0,30schl03_20211228_165850_6320633891_600_800.png,/scratch/parceirosbr/bigoilict/share/BigOil/document_generator/datasets/documents_2021_12_28/30schl03_20211228_165850_6320633891_600_800.png,30schl03_20211228_165850_6320633891_600_800_mask.png,73.1
10,6,21,12,79,463,100,475,79,463,100,463,100,475,79,475,sub_line_text,table_text,table_1,roboto,regular,10.0,30schl03_20211228_165850_6320633891_600_800.png,/scratch/parceirosbr/bigoilict/share/BigOil/document_generator/datasets/documents_2021_12_28/30schl03_20211228_165850_6320633891_600_800.png,30schl03_20211228_165850_6320633891_600_800_mask.png,73.1
10,6,21,12,79,478,100,490,79,478,100,478,100,490,79,490,text,table_text,table_1,roboto,regular,10.0,30schl03_20211228_165850_6320633891_600_800.png,/scratch/parceirosbr/bigoilict/share/BigOil/document_generator/datasets/documents_2021_12_28/30schl03_20211228_165850_6320633891_600_800.png,30schl03_20211228_165850_6320633891_600_800_mask.png,55.2
10,6,21,12,79,478,100,490,79,478,100,478,100,490,79,490,sub_line_text,table_text,table_1,roboto,regular,10.0,30schl03_20211228_165850_6320633891_600_800.png,/scratch/parceirosbr/bigoilict/share/BigOil/document_generator/datasets/documents_2021_12_28/30schl03_20211228_165850_6320633891_600_800.png,30schl03_20211228_165850_6320633891_600_800_mask.png,55.2
10,6,21,12,79,493,100,505,79,493,100,493,100,505,79,505,text,table_text,table_1,roboto,regular,10.0,30schl03_20211228_165850_6320633891_600_800.png,/scratch/parceirosbr/bigoilict/share/BigOil/document_generator/datasets/documents_2021_12_28/30schl03_20211228_165850_6320633891_600_800.png,30schl03_20211228_165850_6320633891_600_800_mask.png,32.7
10,6,21,12,79,493,100,505,79,493,100,493,100,505,79,505,sub_line_text,table_text,table_1,roboto,regular,10.0,30schl03_20211228_165850_6320633891_600_800.png,/scratch/parceirosbr/bigoilict/share/BigOil/document_generator/datasets/documents_2021_12_28/30schl03_20211228_165850_6320633891_600_800.png,30schl03_20211228_165850_6320633891_600_800_mask.png,32.7
13,6,27,12,73,508,100,520,73,508,100,508,100,520,73,520,text,table_text,table_1,roboto,regular,10.0,30schl03_20211228_165850_6320633891_600_800.png,/scratch/parceirosbr/bigoilict/share/BigOil/document_generator/datasets/documents_2021_12_28/30schl03_20211228_165850_6320633891_600_800.png,30schl03_20211228_165850_6320633891_600_800_mask.png,986.2
13,6,27,12,73,508,100,520,73,508,100,508,100,520,73,520,sub_line_text,table_text,table_1,roboto,regular,10.0,30schl03_20211228_165850_6320633891_600_800.png,/scratch/parceirosbr/bigoilict/share/BigOil/document_generator/datasets/documents_2021_12_28/30schl03_20211228_165850_6320633891_600_800.png,30schl03_20211228_165850_6320633891_600_800_mask.png,986.2
13,6,27,12,73,523,100,535,73,523,100,523,100,535,73,535,text,table_text,table_1,roboto,regular,10.0,30schl03_20211228_165850_6320633891_600_800.png,/scratch/parceirosbr/bigoilict/share/BigOil/document_generator/datasets/documents_2021_12_28/30schl03_20211228_165850_6320633891_600_800.png,30schl03_20211228_165850_6320633891_600_800_mask.png,872.5
13,6,27,12,73,523,100,535,73,523,100,523,100,535,73,535,sub_line_text,table_text,table_1,roboto,regular,10.0,30schl03_20211228_165850_6320633891_600_800.png,/scratch/parceirosbr/bigoilict/share/BigOil/document_generator/datasets/documents_2021_12_28/30schl03_20211228_165850_6320633891_600_800.png,30schl03_20211228_165850_6320633891_600_800_mask.png,872.5
13,6,27,12,73,538,100,550,73,538,100,538,100,550,73,550,text,table_text,table_1,roboto,regular,10.0,30schl03_20211228_165850_6320633891_600_800.png,/scratch/parceirosbr/bigoilict/share/BigOil/document_generator/datasets/documents_2021_12_28/30schl03_20211228_165850_6320633891_600_800.png,30schl03_20211228_165850_6320633891_600_800_mask.png,549.5
13,6,27,12,73,538,100,550,73,538,100,538,100,550,73,550,sub_line_text,table_text,table_1,roboto,regular,10.0,30schl03_20211228_165850_6320633891_600_800.png,/scratch/parceirosbr/bigoilict/share/BigOil/document_generator/datasets/documents_2021_12_28/30schl03_20211228_165850_6320633891_600_800.png,30schl03_20211228_165850_6320633891_600_800_mask.png,549.5
10,6,21,12,79,553,100,565,79,553,100,553,100,565,79,565,text,table_text,table_1,roboto,regular,10.0,30schl03_20211228_165850_6320633891_600_800.png,/scratch/parceirosbr/bigoilict/share/BigOil/document_generator/datasets/documents_2021_12_28/30schl03_20211228_165850_6320633891_600_800.png,30schl03_20211228_165850_6320633891_600_800_mask.png,48.6
10,6,21,12,79,553,100,565,79,553,100,553,100,565,79,565,sub_line_text,table_text,table_1,roboto,regular,10.0,30schl03_20211228_165850_6320633891_600_800.png,/scratch/parceirosbr/bigoilict/share/BigOil/document_generator/datasets/documents_2021_12_28/30schl03_20211228_165850_6320633891_600_800.png,30schl03_20211228_165850_6320633891_600_800_mask.png,48.6
10,6,21,12,79,568,100,580,79,568,100,568,100,580,79,580,text,table_text,table_1,roboto,regular,10.0,30schl03_20211228_165850_6320633891_600_800.png,/scratch/parceirosbr/bigoilict/share/BigOil/document_generator/datasets/documents_2021_12_28/30schl03_20211228_165850_6320633891_600_800.png,30schl03_20211228_165850_6320633891_600_800_mask.png,12.2
10,6,21,12,79,568,100,580,79,568,100,568,100,580,79,580,sub_line_text,table_text,table_1,roboto,regular,10.0,30schl03_20211228_165850_6320633891_600_800.png,/scratch/parceirosbr/bigoilict/share/BigOil/document_generator/datasets/documents_2021_12_28/30schl03_20211228_165850_6320633891_600_800.png,30schl03_20211228_165850_6320633891_600_800_mask.png,12.2
10,6,21,12,79,583,100,595,79,583,100,583,100,595,79,595,text,table_text,table_1,roboto,regular,10.0,30schl03_20211228_165850_6320633891_600_800.png,/scratch/parceirosbr/bigoilict/share/BigOil/document_generator/datasets/documents_2021_12_28/30schl03_20211228_165850_6320633891_600_800.png,30schl03_20211228_165850_6320633891_600_800_mask.png,84.3
10,6,21,12,79,583,100,595,79,583,100,583,100,595,79,595,sub_line_text,table_text,table_1,roboto,regular,10.0,30schl03_20211228_165850_6320633891_600_800.png,/scratch/parceirosbr/bigoilict/share/BigOil/document_generator/datasets/documents_2021_12_28/30schl03_20211228_165850_6320633891_600_800.png,30schl03_20211228_165850_6320633891_600_800_mask.png,84.3
13,6,27,12,73,598,100,610,73,598,100,598,100,610,73,610,text,table_text,table_1,roboto,regular,10.0,30schl03_20211228_165850_6320633891_600_800.png,/scratch/parceirosbr/bigoilict/share/BigOil/document_generator/datasets/documents_2021_12_28/30schl03_20211228_165850_6320633891_600_800.png,30schl03_20211228_165850_6320633891_600_800_mask.png,244.2
13,6,27,12,73,598,100,610,73,598,100,598,100,610,73,610,sub_line_text,table_text,table_1,roboto,regular,10.0,30schl03_20211228_165850_6320633891_600_800.png,/scratch/parceirosbr/bigoilict/share/BigOil/document_generator/datasets/documents_2021_12_28/30schl03_20211228_165850_6320633891_600_800.png,30schl03_20211228_165850_6320633891_600_800_mask.png,244.2
10,6,21,12,79,613,100,625,79,613,100,613,100,625,79,625,text,table_text,table_1,roboto,regular,10.0,30schl03_20211228_165850_6320633891_600_800.png,/scratch/parceirosbr/bigoilict/share/BigOil/document_generator/datasets/documents_2021_12_28/30schl03_20211228_165850_6320633891_600_800.png,30schl03_20211228_165850_6320633891_600_800_mask.png,39.9
10,6,21,12,79,613,100,625,79,613,100,613,100,625,79,625,sub_line_text,table_text,table_1,roboto,regular,10.0,30schl03_20211228_165850_6320633891_600_800.png,/scratch/parceirosbr/bigoilict/share/BigOil/document_generator/datasets/documents_2021_12_28/30schl03_20211228_165850_6320633891_600_800.png,30schl03_20211228_165850_6320633891_600_800_mask.png,39.9
17,6,34,13,158,428,192,441,158,428,192,428,192,441,158,441,text,table_text,table_1,roboto,italic,10.0,30schl03_20211228_165850_6320633891_600_800.png,/scratch/parceirosbr/bigoilict/share/BigOil/document_generator/datasets/documents_2021_12_28/30schl03_20211228_165850_6320633891_600_800.png,30schl03_20211228_165850_6320633891_600_800_mask.png,decisão
17,6,34,13,158,428,192,441,158,428,192,428,192,441,158,441,sub_line_text,table_text,table_1,roboto,italic,10.0,30schl03_20211228_165850_6320633891_600_800.png,/scratch/parceirosbr/bigoilict/share/BigOil/document_generator/datasets/documents_2021_12_28/30schl03_20211228_165850_6320633891_600_800.png,30schl03_20211228_165850_6320633891_600_800_mask.png,decisão
8,6,16,13,176,442,192,455,176,442,192,442,192,455,176,455,text,table_text,table_1,roboto,italic,10.0,30schl03_20211228_165850_6320633891_600_800.png,/scratch/parceirosbr/bigoilict/share/BigOil/document_generator/datasets/documents_2021_12_28/30schl03_20211228_165850_6320633891_600_800.png,30schl03_20211228_165850_6320633891_600_800_mask.png,das
8,6,16,13,176,442,192,455,176,442,192,442,192,455,176,455,sub_line_text,table_text,table_1,roboto,italic,10.0,30schl03_20211228_165850_6320633891_600_800.png,/scratch/parceirosbr/bigoilict/share/BigOil/document_generator/datasets/documents_2021_12_28/30schl03_20211228_165850_6320633891_600_800.png,30schl03_20211228_165850_6320633891_600_800_mask.png,das
30,6,60,12,132,463,192,475,132,463,192,463,192,475,132,475,text,table_text,table_1,roboto,regular,10.0,30schl03_20211228_165850_6320633891_600_800.png,/scratch/parceirosbr/bigoilict/share/BigOil/document_generator/datasets/documents_2021_12_28/30schl03_20211228_165850_6320633891_600_800.png,30schl03_20211228_165850_6320633891_600_800_mask.png,7383031177
30,6,60,12,132,463,192,475,132,463,192,463,192,475,132,475,sub_line_text,table_text,table_1,roboto,regular,10.0,30schl03_20211228_165850_6320633891_600_800.png,/scratch/parceirosbr/bigoilict/share/BigOil/document_generator/datasets/documents_2021_12_28/30schl03_20211228_165850_6320633891_600_800.png,30schl03_20211228_165850_6320633891_600_800_mask.png,7383031177
33,6,66,12,126,478,192,490,126,478,192,478,192,490,126,490,text,table_text,table_1,roboto,regular,10.0,30schl03_20211228_165850_6320633891_600_800.png,/scratch/parceirosbr/bigoilict/share/BigOil/document_generator/datasets/documents_2021_12_28/30schl03_20211228_165850_6320633891_600_800.png,30schl03_20211228_165850_6320633891_600_800_mask.png,85802488309
33,6,66,12,126,478,192,490,126,478,192,478,192,490,126,490,sub_line_text,table_text,table_1,roboto,regular,10.0,30schl03_20211228_165850_6320633891_600_800.png,/scratch/parceirosbr/bigoilict/share/BigOil/document_generator/datasets/documents_2021_12_28/30schl03_20211228_165850_6320633891_600_800.png,30schl03_20211228_165850_6320633891_600_800_mask.png,85802488309
30,6,60,12,132,493,192,505,132,493,192,493,192,505,132,505,text,table_text,table_1,roboto,regular,10.0,30schl03_20211228_165850_6320633891_600_800.png,/scratch/parceirosbr/bigoilict/share/BigOil/document_generator/datasets/documents_2021_12_28/30schl03_20211228_165850_6320633891_600_800.png,30schl03_20211228_165850_6320633891_600_800_mask.png,6590722945
30,6,60,12,132,493,192,505,132,493,192,493,192,505,132,505,sub_line_text,table_text,table_1,roboto,regular,10.0,30schl03_20211228_165850_6320633891_600_800.png,/scratch/parceirosbr/bigoilict/share/BigOil/document_generator/datasets/documents_2021_12_28/30schl03_20211228_165850_6320633891_600_800.png,30schl03_20211228_165850_6320633891_600_800_mask.png,6590722945
33,6,66,12,126,508,192,520,126,508,192,508,192,520,126,520,text,table_text,table_1,roboto,regular,10.0,30schl03_20211228_165850_6320633891_600_800.png,/scratch/parceirosbr/bigoilict/share/BigOil/document_generator/datasets/documents_2021_12_28/30schl03_20211228_165850_6320633891_600_800.png,30schl03_20211228_165850_6320633891_600_800_mask.png,43517703562
33,6,66,12,126,508,192,520,126,508,192,508,192,520,126,520,sub_line_text,table_text,table_1,roboto,regular,10.0,30schl03_20211228_165850_6320633891_600_800.png,/scratch/parceirosbr/bigoilict/share/BigOil/document_generator/datasets/documents_2021_12_28/30schl03_20211228_165850_6320633891_600_800.png,30schl03_20211228_165850_6320633891_600_800_mask.png,43517703562
27,6,54,12,138,523,192,535,138,523,192,523,192,535,138,535,text,table_text,table_1,roboto,regular,10.0,30schl03_20211228_165850_6320633891_600_800.png,/scratch/parceirosbr/bigoilict/share/BigOil/document_generator/datasets/documents_2021_12_28/30schl03_20211228_165850_6320633891_600_800.png,30schl03_20211228_165850_6320633891_600_800_mask.png,647622588
27,6,54,12,138,523,192,535,138,523,192,523,192,535,138,535,sub_line_text,table_text,table_1,roboto,regular,10.0,30schl03_20211228_165850_6320633891_600_800.png,/scratch/parceirosbr/bigoilict/share/BigOil/document_generator/datasets/documents_2021_12_28/30schl03_20211228_165850_6320633891_600_800.png,30schl03_20211228_165850_6320633891_600_800_mask.png,647622588
33,6,66,12,126,538,192,550,126,538,192,538,192,550,126,550,text,table_text,table_1,roboto,regular,10.0,30schl03_20211228_165850_6320633891_600_800.png,/scratch/parceirosbr/bigoilict/share/BigOil/document_generator/datasets/documents_2021_12_28/30schl03_20211228_165850_6320633891_600_800.png,30schl03_20211228_165850_6320633891_600_800_mask.png,46728979025
33,6,66,12,126,538,192,550,126,538,192,538,192,550,126,550,sub_line_text,table_text,table_1,roboto,regular,10.0,30schl03_20211228_165850_6320633891_600_800.png,/scratch/parceirosbr/bigoilict/share/BigOil/document_generator/datasets/documents_2021_12_28/30schl03_20211228_165850_6320633891_600_800.png,30schl03_20211228_165850_6320633891_600_800_mask.png,46728979025
33,6,66,12,126,553,192,565,126,553,192,553,192,565,126,565,text,table_text,table_1,roboto,regular,10.0,30schl03_20211228_165850_6320633891_600_800.png,/scratch/parceirosbr/bigoilict/share/BigOil/document_generator/datasets/documents_2021_12_28/30schl03_20211228_165850_6320633891_600_800.png,30schl03_20211228_165850_6320633891_600_800_mask.png,84805950550
33,6,66,12,126,553,192,565,126,553,192,553,192,565,126,565,sub_line_text,table_text,table_1,roboto,regular,10.0,30schl03_20211228_165850_6320633891_600_800.png,/scratch/parceirosbr/bigoilict/share/BigOil/document_generator/datasets/documents_2021_12_28/30schl03_20211228_165850_6320633891_600_800.png,30schl03_20211228_165850_6320633891_600_800_mask.png,84805950550
30,6,60,12,132,568,192,580,132,568,192,568,192,580,132,580,text,table_text,table_1,roboto,regular,10.0,30schl03_20211228_165850_6320633891_600_800.png,/scratch/parceirosbr/bigoilict/share/BigOil/document_generator/datasets/documents_2021_12_28/30schl03_20211228_165850_6320633891_600_800.png,30schl03_20211228_165850_6320633891_600_800_mask.png,4136096621
30,6,60,12,132,568,192,580,132,568,192,568,192,580,132,580,sub_line_text,table_text,table_1,roboto,regular,10.0,30schl03_20211228_165850_6320633891_600_800.png,/scratch/parceirosbr/bigoilict/share/BigOil/document_generator/datasets/documents_2021_12_28/30schl03_20211228_165850_6320633891_600_800.png,30schl03_20211228_165850_6320633891_600_800_mask.png,4136096621
33,6,66,12,126,583,192,595,126,583,192,583,192,595,126,595,text,table_text,table_1,roboto,regular,10.0,30schl03_20211228_165850_6320633891_600_800.png,/scratch/parceirosbr/bigoilict/share/BigOil/document_generator/datasets/documents_2021_12_28/30schl03_20211228_165850_6320633891_600_800.png,30schl03_20211228_165850_6320633891_600_800_mask.png,70114074399
33,6,66,12,126,583,192,595,126,583,192,583,192,595,126,595,sub_line_text,table_text,table_1,roboto,regular,10.0,30schl03_20211228_165850_6320633891_600_800.png,/scratch/parceirosbr/bigoilict/share/BigOil/document_generator/datasets/documents_2021_12_28/30schl03_20211228_165850_6320633891_600_800.png,30schl03_20211228_165850_6320633891_600_800_mask.png,70114074399
27,6,54,12,138,598,192,610,138,598,192,598,192,610,138,610,text,table_text,table_1,roboto,regular,10.0,30schl03_20211228_165850_6320633891_600_800.png,/scratch/parceirosbr/bigoilict/share/BigOil/document_generator/datasets/documents_2021_12_28/30schl03_20211228_165850_6320633891_600_800.png,30schl03_20211228_165850_6320633891_600_800_mask.png,563629091
27,6,54,12,138,598,192,610,138,598,192,598,192,610,138,610,sub_line_text,table_text,table_1,roboto,regular,10.0,30schl03_20211228_165850_6320633891_600_800.png,/scratch/parceirosbr/bigoilict/share/BigOil/document_generator/datasets/documents_2021_12_28/30schl03_20211228_165850_6320633891_600_800.png,30schl03_20211228_165850_6320633891_600_800_mask.png,563629091
30,6,60,12,132,613,192,625,132,613,192,613,192,625,132,625,text,table_text,table_1,roboto,regular,10.0,30schl03_20211228_165850_6320633891_600_800.png,/scratch/parceirosbr/bigoilict/share/BigOil/document_generator/datasets/documents_2021_12_28/30schl03_20211228_165850_6320633891_600_800.png,30schl03_20211228_165850_6320633891_600_800_mask.png,6296972576
30,6,60,12,132,613,192,625,132,613,192,613,192,625,132,625,sub_line_text,table_text,table_1,roboto,regular,10.0,30schl03_20211228_165850_6320633891_600_800.png,/scratch/parceirosbr/bigoilict/share/BigOil/document_generator/datasets/documents_2021_12_28/30schl03_20211228_165850_6320633891_600_800.png,30schl03_20211228_165850_6320633891_600_800_mask.png,6296972576
27,6,55,13,212,428,267,441,212,428,267,428,267,441,212,441,text,table_text,table_1,roboto,italic,10.0,30schl03_20211228_165850_6320633891_600_800.png,/scratch/parceirosbr/bigoilict/share/BigOil/document_generator/datasets/documents_2021_12_28/30schl03_20211228_165850_6320633891_600_800.png,30schl03_20211228_165850_6320633891_600_800_mask.png,investimento
27,6,55,13,212,428,267,441,212,428,267,428,267,441,212,441,sub_line_text,table_text,table_1,roboto,italic,10.0,30schl03_20211228_165850_6320633891_600_800.png,/scratch/parceirosbr/bigoilict/share/BigOil/document_generator/datasets/documents_2021_12_28/30schl03_20211228_165850_6320633891_600_800.png,30schl03_20211228_165850_6320633891_600_800_mask.png,investimento
21,6,42,13,219,442,261,455,219,442,261,442,261,455,219,455,text,table_text,table_1,roboto,italic,10.0,30schl03_20211228_165850_6320633891_600_800.png,/scratch/parceirosbr/bigoilict/share/BigOil/document_generator/datasets/documents_2021_12_28/30schl03_20211228_165850_6320633891_600_800.png,30schl03_20211228_165850_6320633891_600_800_mask.png,diferentes
21,6,42,13,219,442,261,455,219,442,261,442,261,455,219,455,sub_line_text,table_text,table_1,roboto,italic,10.0,30schl03_20211228_165850_6320633891_600_800.png,/scratch/parceirosbr/bigoilict/share/BigOil/document_generator/datasets/documents_2021_12_28/30schl03_20211228_165850_6320633891_600_800.png,30schl03_20211228_165850_6320633891_600_800_mask.png,diferentes
33,6,67,12,206,463,273,475,206,463,273,463,273,475,206,475,text,table_text,table_1,roboto,regular,10.0,30schl03_20211228_165850_6320633891_600_800.png,/scratch/parceirosbr/bigoilict/share/BigOil/document_generator/datasets/documents_2021_12_28/30schl03_20211228_165850_6320633891_600_800.png,30schl03_20211228_165850_6320633891_600_800_mask.png,irreversibilidade
33,6,67,12,206,463,273,475,206,463,273,463,273,475,206,475,sub_line_text,table_text,table_1,roboto,regular,10.0,30schl03_20211228_165850_6320633891_600_800.png,/scratch/parceirosbr/bigoilict/share/BigOil/document_generator/datasets/documents_2021_12_28/30schl03_20211228_165850_6320633891_600_800.png,30schl03_20211228_165850_6320633891_600_800_mask.png,irreversibilidade
28,6,57,12,211,478,268,490,211,478,268,478,268,490,211,490,text,table_text,table_1,roboto,regular,10.0,30schl03_20211228_165850_6320633891_600_800.png,/scratch/parceirosbr/bigoilict/share/BigOil/document_generator/datasets/documents_2021_12_28/30schl03_20211228_165850_6320633891_600_800.png,30schl03_20211228_165850_6320633891_600_800_mask.png,concorrência
28,6,57,12,211,478,268,490,211,478,268,478,268,490,211,490,sub_line_text,table_text,table_1,roboto,regular,10.0,30schl03_20211228_165850_6320633891_600_800.png,/scratch/parceirosbr/bigoilict/share/BigOil/document_generator/datasets/documents_2021_12_28/30schl03_20211228_165850_6320633891_600_800.png,30schl03_20211228_165850_6320633891_600_800_mask.png,concorrência
8,6,17,12,231,493,248,505,231,493,248,493,248,505,231,505,text,table_text,table_1,roboto,regular,10.0,30schl03_20211228_165850_6320633891_600_800.png,/scratch/parceirosbr/bigoilict/share/BigOil/document_generator/datasets/documents_2021_12_28/30schl03_20211228_165850_6320633891_600_800.png,30schl03_20211228_165850_6320633891_600_800_mask.png,uso
8,6,17,12,231,493,248,505,231,493,248,493,248,505,231,505,sub_line_text,table_text,table_1,roboto,regular,10.0,30schl03_20211228_165850_6320633891_600_800.png,/scratch/parceirosbr/bigoilict/share/BigOil/document_generator/datasets/documents_2021_12_28/30schl03_20211228_165850_6320633891_600_800.png,30schl03_20211228_165850_6320633891_600_800_mask.png,uso
29,6,59,12,210,508,269,520,210,508,269,508,269,520,210,520,text,table_text,table_1,roboto,regular,10.0,30schl03_20211228_165850_6320633891_600_800.png,/scratch/parceirosbr/bigoilict/share/BigOil/document_generator/datasets/documents_2021_12_28/30schl03_20211228_165850_6320633891_600_800.png,30schl03_20211228_165850_6320633891_600_800_mask.png,combustíveis
29,6,59,12,210,508,269,520,210,508,269,508,269,520,210,520,sub_line_text,table_text,table_1,roboto,regular,10.0,30schl03_20211228_165850_6320633891_600_800.png,/scratch/parceirosbr/bigoilict/share/BigOil/document_generator/datasets/documents_2021_12_28/30schl03_20211228_165850_6320633891_600_800.png,30schl03_20211228_165850_6320633891_600_800_mask.png,combustíveis
15,6,31,12,224,523,255,535,224,523,255,523,255,535,224,535,text,table_text,table_1,roboto,regular,10.0,30schl03_20211228_165850_6320633891_600_800.png,/scratch/parceirosbr/bigoilict/share/BigOil/document_generator/datasets/documents_2021_12_28/30schl03_20211228_165850_6320633891_600_800.png,30schl03_20211228_165850_6320633891_600_800_mask.png,cálculo
15,6,31,12,224,523,255,535,224,523,255,523,255,535,224,535,sub_line_text,table_text,table_1,roboto,regular,10.0,30schl03_20211228_165850_6320633891_600_800.png,/scratch/parceirosbr/bigoilict/share/BigOil/document_generator/datasets/documents_2021_12_28/30schl03_20211228_165850_6320633891_600_800.png,30schl03_20211228_165850_6320633891_600_800_mask.png,cálculo
25,6,50,12,215,538,265,550,215,538,265,538,265,550,215,550,text,table_text,table_1,roboto,regular,10.0,30schl03_20211228_165850_6320633891_600_800.png,/scratch/parceirosbr/bigoilict/share/BigOil/document_generator/datasets/documents_2021_12_28/30schl03_20211228_165850_6320633891_600_800.png,30schl03_20211228_165850_6320633891_600_800_mask.png,alternativos
25,6,50,12,215,538,265,550,215,538,265,538,265,550,215,550,sub_line_text,table_text,table_1,roboto,regular,10.0,30schl03_20211228_165850_6320633891_600_800.png,/scratch/parceirosbr/bigoilict/share/BigOil/document_generator/datasets/documents_2021_12_28/30schl03_20211228_165850_6320633891_600_800.png,30schl03_20211228_165850_6320633891_600_800_mask.png,alternativos
19,6,38,12,221,553,259,565,221,553,259,553,259,565,221,565,text,table_text,table_1,roboto,regular,10.0,30schl03_20211228_165850_6320633891_600_800.png,/scratch/parceirosbr/bigoilict/share/BigOil/document_generator/datasets/documents_2021_12_28/30schl03_20211228_165850_6320633891_600_800.png,30schl03_20211228_165850_6320633891_600_800_mask.png,medidas
19,6,38,12,221,553,259,565,221,553,259,553,259,565,221,565,sub_line_text,table_text,table_1,roboto,regular,10.0,30schl03_20211228_165850_6320633891_600_800.png,/scratch/parceirosbr/bigoilict/share/BigOil/document_generator/datasets/documents_2021_12_28/30schl03_20211228_165850_6320633891_600_800.png,30schl03_20211228_165850_6320633891_600_800_mask.png,medidas
7,6,15,12,232,568,247,580,232,568,247,568,247,580,232,580,text,table_text,table_1,roboto,regular,10.0,30schl03_20211228_165850_6320633891_600_800.png,/scratch/parceirosbr/bigoilict/share/BigOil/document_generator/datasets/documents_2021_12_28/30schl03_20211228_165850_6320633891_600_800.png,30schl03_20211228_165850_6320633891_600_800_mask.png,um
7,6,15,12,232,568,247,580,232,568,247,568,247,580,232,580,sub_line_text,table_text,table_1,roboto,regular,10.0,30schl03_20211228_165850_6320633891_600_800.png,/scratch/parceirosbr/bigoilict/share/BigOil/document_generator/datasets/documents_2021_12_28/30schl03_20211228_165850_6320633891_600_800.png,30schl03_20211228_165850_6320633891_600_800_mask.png,um
27,6,54,12,213,583,267,595,213,583,267,583,267,595,213,595,text,table_text,table_1,roboto,regular,10.0,30schl03_20211228_165850_6320633891_600_800.png,/scratch/parceirosbr/bigoilict/share/BigOil/document_generator/datasets/documents_2021_12_28/30schl03_20211228_165850_6320633891_600_800.png,30schl03_20211228_165850_6320633891_600_800_mask.png,provocando
27,6,54,12,213,583,267,595,213,583,267,583,267,595,213,595,sub_line_text,table_text,table_1,roboto,regular,10.0,30schl03_20211228_165850_6320633891_600_800.png,/scratch/parceirosbr/bigoilict/share/BigOil/document_generator/datasets/documents_2021_12_28/30schl03_20211228_165850_6320633891_600_800.png,30schl03_20211228_165850_6320633891_600_800_mask.png,provocando
12,6,24,12,227,598,251,610,227,598,251,598,251,610,227,610,text,table_text,table_1,roboto,regular,10.0,30schl03_20211228_165850_6320633891_600_800.png,/scratch/parceirosbr/bigoilict/share/BigOil/document_generator/datasets/documents_2021_12_28/30schl03_20211228_165850_6320633891_600_800.png,30schl03_20211228_165850_6320633891_600_800_mask.png,spray
12,6,24,12,227,598,251,610,227,598,251,598,251,610,227,610,sub_line_text,table_text,table_1,roboto,regular,10.0,30schl03_20211228_165850_6320633891_600_800.png,/scratch/parceirosbr/bigoilict/share/BigOil/document_generator/datasets/documents_2021_12_28/30schl03_20211228_165850_6320633891_600_800.png,30schl03_20211228_165850_6320633891_600_800_mask.png,spray
22,6,45,12,217,613,262,625,217,613,262,613,262,625,217,625,text,table_text,table_1,roboto,regular,10.0,30schl03_20211228_165850_6320633891_600_800.png,/scratch/parceirosbr/bigoilict/share/BigOil/document_generator/datasets/documents_2021_12_28/30schl03_20211228_165850_6320633891_600_800.png,30schl03_20211228_165850_6320633891_600_800_mask.png,reduzindo
22,6,45,12,217,613,262,625,217,613,262,613,262,625,217,625,sub_line_text,table_text,table_1,roboto,regular,10.0,30schl03_20211228_165850_6320633891_600_800.png,/scratch/parceirosbr/bigoilict/share/BigOil/document_generator/datasets/documents_2021_12_28/30schl03_20211228_165850_6320633891_600_800.png,30schl03_20211228_165850_6320633891_600_800_mask.png,reduzindo
11,6,22,13,296,428,318,441,296,428,318,428,318,441,296,441,text,table_text,table_1,roboto,italic,10.0,30schl03_20211228_165850_6320633891_600_800.png,/scratch/parceirosbr/bigoilict/share/BigOil/document_generator/datasets/documents_2021_12_28/30schl03_20211228_165850_6320633891_600_800.png,30schl03_20211228_165850_6320633891_600_800_mask.png,tanto
11,6,22,13,296,428,318,441,296,428,318,428,318,441,296,441,sub_line_text,table_text,table_1,roboto,italic,10.0,30schl03_20211228_165850_6320633891_600_800.png,/scratch/parceirosbr/bigoilict/share/BigOil/document_generator/datasets/documents_2021_12_28/30schl03_20211228_165850_6320633891_600_800.png,30schl03_20211228_165850_6320633891_600_800_mask.png,tanto
12,6,25,13,293,442,318,455,293,442,318,442,318,455,293,455,text,table_text,table_1,roboto,italic,10.0,30schl03_20211228_165850_6320633891_600_800.png,/scratch/parceirosbr/bigoilict/share/BigOil/document_generator/datasets/documents_2021_12_28/30schl03_20211228_165850_6320633891_600_800.png,30schl03_20211228_165850_6320633891_600_800_mask.png,vezes
12,6,25,13,293,442,318,455,293,442,318,442,318,455,293,455,sub_line_text,table_text,table_1,roboto,italic,10.0,30schl03_20211228_165850_6320633891_600_800.png,/scratch/parceirosbr/bigoilict/share/BigOil/document_generator/datasets/documents_2021_12_28/30schl03_20211228_165850_6320633891_600_800.png,30schl03_20211228_165850_6320633891_600_800_mask.png,vezes
10,6,21,12,297,463,318,475,297,463,318,463,318,475,297,475,text,table_text,table_1,roboto,regular,10.0,30schl03_20211228_165850_6320633891_600_800.png,/scratch/parceirosbr/bigoilict/share/BigOil/document_generator/datasets/documents_2021_12_28/30schl03_20211228_165850_6320633891_600_800.png,30schl03_20211228_165850_6320633891_600_800_mask.png,95.0
10,6,21,12,297,463,318,475,297,463,318,463,318,475,297,475,sub_line_text,table_text,table_1,roboto,regular,10.0,30schl03_20211228_165850_6320633891_600_800.png,/scratch/parceirosbr/bigoilict/share/BigOil/document_generator/datasets/documents_2021_12_28/30schl03_20211228_165850_6320633891_600_800.png,30schl03_20211228_165850_6320633891_600_800_mask.png,95.0
10,6,21,12,297,478,318,490,297,478,318,478,318,490,297,490,text,table_text,table_1,roboto,regular,10.0,30schl03_20211228_165850_6320633891_600_800.png,/scratch/parceirosbr/bigoilict/share/BigOil/document_generator/datasets/documents_2021_12_28/30schl03_20211228_165850_6320633891_600_800.png,30schl03_20211228_165850_6320633891_600_800_mask.png,29.3
10,6,21,12,297,478,318,490,297,478,318,478,318,490,297,490,sub_line_text,table_text,table_1,roboto,regular,10.0,30schl03_20211228_165850_6320633891_600_800.png,/scratch/parceirosbr/bigoilict/share/BigOil/document_generator/datasets/documents_2021_12_28/30schl03_20211228_165850_6320633891_600_800.png,30schl03_20211228_165850_6320633891_600_800_mask.png,29.3
10,6,21,12,297,493,318,505,297,493,318,493,318,505,297,505,text,table_text,table_1,roboto,regular,10.0,30schl03_20211228_165850_6320633891_600_800.png,/scratch/parceirosbr/bigoilict/share/BigOil/document_generator/datasets/documents_2021_12_28/30schl03_20211228_165850_6320633891_600_800.png,30schl03_20211228_165850_6320633891_600_800_mask.png,55.4
10,6,21,12,297,493,318,505,297,493,318,493,318,505,297,505,sub_line_text,table_text,table_1,roboto,regular,10.0,30schl03_20211228_165850_6320633891_600_800.png,/scratch/parceirosbr/bigoilict/share/BigOil/document_generator/datasets/documents_2021_12_28/30schl03_20211228_165850_6320633891_600_800.png,30schl03_20211228_165850_6320633891_600_800_mask.png,55.4
13,6,27,12,291,508,318,520,291,508,318,508,318,520,291,520,text,table_text,table_1,roboto,regular,10.0,30schl03_20211228_165850_6320633891_600_800.png,/scratch/parceirosbr/bigoilict/share/BigOil/document_generator/datasets/documents_2021_12_28/30schl03_20211228_165850_6320633891_600_800.png,30schl03_20211228_165850_6320633891_600_800_mask.png,329.2
13,6,27,12,291,508,318,520,291,508,318,508,318,520,291,520,sub_line_text,table_text,table_1,roboto,regular,10.0,30schl03_20211228_165850_6320633891_600_800.png,/scratch/parceirosbr/bigoilict/share/BigOil/document_generator/datasets/documents_2021_12_28/30schl03_20211228_165850_6320633891_600_800.png,30schl03_20211228_165850_6320633891_600_800_mask.png,329.2
10,6,21,12,297,523,318,535,297,523,318,523,318,535,297,535,text,table_text,table_1,roboto,regular,10.0,30schl03_20211228_165850_6320633891_600_800.png,/scratch/parceirosbr/bigoilict/share/BigOil/document_generator/datasets/documents_2021_12_28/30schl03_20211228_165850_6320633891_600_800.png,30schl03_20211228_165850_6320633891_600_800_mask.png,60.3
10,6,21,12,297,523,318,535,297,523,318,523,318,535,297,535,sub_line_text,table_text,table_1,roboto,regular,10.0,30schl03_20211228_165850_6320633891_600_800.png,/scratch/parceirosbr/bigoilict/share/BigOil/document_generator/datasets/documents_2021_12_28/30schl03_20211228_165850_6320633891_600_800.png,30schl03_20211228_165850_6320633891_600_800_mask.png,60.3
13,6,27,12,291,538,318,550,291,538,318,538,318,550,291,550,text,table_text,table_1,roboto,regular,10.0,30schl03_20211228_165850_6320633891_600_800.png,/scratch/parceirosbr/bigoilict/share/BigOil/document_generator/datasets/documents_2021_12_28/30schl03_20211228_165850_6320633891_600_800.png,30schl03_20211228_165850_6320633891_600_800_mask.png,947.5
13,6,27,12,291,538,318,550,291,538,318,538,318,550,291,550,sub_line_text,table_text,table_1,roboto,regular,10.0,30schl03_20211228_165850_6320633891_600_800.png,/scratch/parceirosbr/bigoilict/share/BigOil/document_generator/datasets/documents_2021_12_28/30schl03_20211228_165850_6320633891_600_800.png,30schl03_20211228_165850_6320633891_600_800_mask.png,947.5
13,6,27,12,291,553,318,565,291,553,318,553,318,565,291,565,text,table_text,table_1,roboto,regular,10.0,30schl03_20211228_165850_6320633891_600_800.png,/scratch/parceirosbr/bigoilict/share/BigOil/document_generator/datasets/documents_2021_12_28/30schl03_20211228_165850_6320633891_600_800.png,30schl03_20211228_165850_6320633891_600_800_mask.png,898.7
13,6,27,12,291,553,318,565,291,553,318,553,318,565,291,565,sub_line_text,table_text,table_1,roboto,regular,10.0,30schl03_20211228_165850_6320633891_600_800.png,/scratch/parceirosbr/bigoilict/share/BigOil/document_generator/datasets/documents_2021_12_28/30schl03_20211228_165850_6320633891_600_800.png,30schl03_20211228_165850_6320633891_600_800_mask.png,898.7
10,6,21,12,297,568,318,580,297,568,318,568,318,580,297,580,text,table_text,table_1,roboto,regular,10.0,30schl03_20211228_165850_6320633891_600_800.png,/scratch/parceirosbr/bigoilict/share/BigOil/document_generator/datasets/documents_2021_12_28/30schl03_20211228_165850_6320633891_600_800.png,30schl03_20211228_165850_6320633891_600_800_mask.png,81.6
10,6,21,12,297,568,318,580,297,568,318,568,318,580,297,580,sub_line_text,table_text,table_1,roboto,regular,10.0,30schl03_20211228_165850_6320633891_600_800.png,/scratch/parceirosbr/bigoilict/share/BigOil/document_generator/datasets/documents_2021_12_28/30schl03_20211228_165850_6320633891_600_800.png,30schl03_20211228_165850_6320633891_600_800_mask.png,81.6
10,6,21,12,297,583,318,595,297,583,318,583,318,595,297,595,text,table_text,table_1,roboto,regular,10.0,30schl03_20211228_165850_6320633891_600_800.png,/scratch/parceirosbr/bigoilict/share/BigOil/document_generator/datasets/documents_2021_12_28/30schl03_20211228_165850_6320633891_600_800.png,30schl03_20211228_165850_6320633891_600_800_mask.png,25.3
10,6,21,12,297,583,318,595,297,583,318,583,318,595,297,595,sub_line_text,table_text,table_1,roboto,regular,10.0,30schl03_20211228_165850_6320633891_600_800.png,/scratch/parceirosbr/bigoilict/share/BigOil/document_generator/datasets/documents_2021_12_28/30schl03_20211228_165850_6320633891_600_800.png,30schl03_20211228_165850_6320633891_600_800_mask.png,25.3
10,6,21,12,297,598,318,610,297,598,318,598,318,610,297,610,text,table_text,table_1,roboto,regular,10.0,30schl03_20211228_165850_6320633891_600_800.png,/scratch/parceirosbr/bigoilict/share/BigOil/document_generator/datasets/documents_2021_12_28/30schl03_20211228_165850_6320633891_600_800.png,30schl03_20211228_165850_6320633891_600_800_mask.png,91.1
10,6,21,12,297,598,318,610,297,598,318,598,318,610,297,610,sub_line_text,table_text,table_1,roboto,regular,10.0,30schl03_20211228_165850_6320633891_600_800.png,/scratch/parceirosbr/bigoilict/share/BigOil/document_generator/datasets/documents_2021_12_28/30schl03_20211228_165850_6320633891_600_800.png,30schl03_20211228_165850_6320633891_600_800_mask.png,91.1
13,6,27,12,291,613,318,625,291,613,318,613,318,625,291,625,text,table_text,table_1,roboto,regular,10.0,30schl03_20211228_165850_6320633891_600_800.png,/scratch/parceirosbr/bigoilict/share/BigOil/document_generator/datasets/documents_2021_12_28/30schl03_20211228_165850_6320633891_600_800.png,30schl03_20211228_165850_6320633891_600_800_mask.png,923.8
13,6,27,12,291,613,318,625,291,613,318,613,318,625,291,625,sub_line_text,table_text,table_1,roboto,regular,10.0,30schl03_20211228_165850_6320633891_600_800.png,/scratch/parceirosbr/bigoilict/share/BigOil/document_generator/datasets/documents_2021_12_28/30schl03_20211228_165850_6320633891_600_800.png,30schl03_20211228_165850_6320633891_600_800_mask.png,923.8
10,6,21,12,400,13,421,25,400,13,421,13,421,25,400,25,sub_line_text,subtitle,subtitle_0,courier,bold,11,30schl03_20211228_165850_6320633891_600_800.png,/scratch/parceirosbr/bigoilict/share/BigOil/document_generator/datasets/documents_2021_12_28/30schl03_20211228_165850_6320633891_600_800.png,30schl03_20211228_165850_6320633891_600_800_mask.png,As
10,6,21,12,400,13,421,25,400,13,421,13,421,25,400,25,title,subtitle,subtitle_1,courier,bold,11,30schl03_20211228_165850_6320633891_600_800.png,/scratch/parceirosbr/bigoilict/share/BigOil/document_generator/datasets/documents_2021_12_28/30schl03_20211228_165850_6320633891_600_800.png,30schl03_20211228_165850_6320633891_600_800_mask.png,
84,5,168,11,400,31,568,42,400,31,568,31,568,42,400,42,sub_line_text,text,text_0,courier,regular,10,30schl03_20211228_165850_6320633891_600_800.png,/scratch/parceirosbr/bigoilict/share/BigOil/document_generator/datasets/documents_2021_12_28/30schl03_20211228_165850_6320633891_600_800.png,30schl03_20211228_165850_6320633891_600_800_mask.png,The  structural  parameters
84,5,168,11,400,42,568,53,400,42,568,42,568,53,400,53,sub_line_text,text,text_0,courier,regular,10,30schl03_20211228_165850_6320633891_600_800.png,/scratch/parceirosbr/bigoilict/share/BigOil/document_generator/datasets/documents_2021_12_28/30schl03_20211228_165850_6320633891_600_800.png,30schl03_20211228_165850_6320633891_600_800_mask.png,of  the  model had a strong
84,5,168,11,400,53,568,64,400,53,568,53,568,64,400,64,sub_line_text,text,text_0,courier,regular,10,30schl03_20211228_165850_6320633891_600_800.png,/scratch/parceirosbr/bigoilict/share/BigOil/document_generator/datasets/documents_2021_12_28/30schl03_20211228_165850_6320633891_600_800.png,30schl03_20211228_165850_6320633891_600_800_mask.png,influence  on  the modeling
84,5,168,11,400,64,568,75,400,64,568,64,568,75,400,75,sub_line_text,text,text_0,courier,regular,10,30schl03_20211228_165850_6320633891_600_800.png,/scratch/parceirosbr/bigoilict/share/BigOil/document_generator/datasets/documents_2021_12_28/30schl03_20211228_165850_6320633891_600_800.png,30schl03_20211228_165850_6320633891_600_800_mask.png,through  the quality of the
84,5,168,11,400,75,568,86,400,75,568,75,568,86,400,86,sub_line_text,text,text_0,courier,regular,10,30schl03_20211228_165850_6320633891_600_800.png,/scratch/parceirosbr/bigoilict/share/BigOil/document_generator/datasets/documents_2021_12_28/30schl03_20211228_165850_6320633891_600_800.png,30schl03_20211228_165850_6320633891_600_800_mask.png,calculated  results.CDLs  e
84,5,168,11,400,86,568,97,400,86,568,86,568,97,400,97,sub_line_text,text,text_0,courier,regular,10,30schl03_20211228_165850_6320633891_600_800.png,/scratch/parceirosbr/bigoilict/share/BigOil/document_generator/datasets/documents_2021_12_28/30schl03_20211228_165850_6320633891_600_800.png,30schl03_20211228_165850_6320633891_600_800_mask.png,os de para a exploração do-
84,5,168,11,400,97,568,108,400,97,568,97,568,108,400,108,sub_line_text,text,text_0,courier,regular,10,30schl03_20211228_165850_6320633891_600_800.png,/scratch/parceirosbr/bigoilict/share/BigOil/document_generator/datasets/documents_2021_12_28/30schl03_20211228_165850_6320633891_600_800.png,30schl03_20211228_165850_6320633891_600_800_mask.png,s serviços públicos de dis-
84,5,168,11,400,108,568,119,400,108,568,108,568,119,400,119,sub_line_text,text,text_0,courier,regular,10,30schl03_20211228_165850_6320633891_600_800.png,/scratch/parceirosbr/bigoilict/share/BigOil/document_generator/datasets/documents_2021_12_28/30schl03_20211228_165850_6320633891_600_800.png,30schl03_20211228_165850_6320633891_600_800_mask.png,tribuição de gás canalizad-
84,5,168,11,400,119,568,130,400,119,568,119,568,130,400,130,sub_line_text,text,text_0,courier,regular,10,30schl03_20211228_165850_6320633891_600_800.png,/scratch/parceirosbr/bigoilict/share/BigOil/document_generator/datasets/documents_2021_12_28/30schl03_20211228_165850_6320633891_600_800.png,30schl03_20211228_165850_6320633891_600_800_mask.png,"o.In  the literature, it is"
84,5,168,11,400,130,568,141,400,130,568,130,568,141,400,141,sub_line_text,text,text_0,courier,regular,10,30schl03_20211228_165850_6320633891_600_800.png,/scratch/parceirosbr/bigoilict/share/BigOil/document_generator/datasets/documents_2021_12_28/30schl03_20211228_165850_6320633891_600_800.png,30schl03_20211228_165850_6320633891_600_800_mask.png,possible to find some stud-
84,5,168,11,400,141,568,152,400,141,568,141,568,152,400,152,sub_line_text,text,text_0,courier,regular,10,30schl03_20211228_165850_6320633891_600_800.png,/scratch/parceirosbr/bigoilict/share/BigOil/document_generator/datasets/documents_2021_12_28/30schl03_20211228_165850_6320633891_600_800.png,30schl03_20211228_165850_6320633891_600_800_mask.png,ies  with  combustion tubes
84,5,168,11,400,152,568,163,400,152,568,152,568,163,400,163,sub_line_text,text,text_0,courier,regular,10,30schl03_20211228_165850_6320633891_600_800.png,/scratch/parceirosbr/bigoilict/share/BigOil/document_generator/datasets/documents_2021_12_28/30schl03_20211228_165850_6320633891_600_800.png,30schl03_20211228_165850_6320633891_600_800_mask.png,carried out mainly in e.Ag-
84,5,168,11,400,163,568,174,400,163,568,163,568,174,400,174,sub_line_text,text,text_0,courier,regular,10,30schl03_20211228_165850_6320633891_600_800.png,/scratch/parceirosbr/bigoilict/share/BigOil/document_generator/datasets/documents_2021_12_28/30schl03_20211228_165850_6320633891_600_800.png,30schl03_20211228_165850_6320633891_600_800_mask.png,radeço  meus  avós por todo
84,5,168,11,400,174,568,185,400,174,568,174,568,185,400,185,sub_line_text,text,text_0,courier,regular,10,30schl03_20211228_165850_6320633891_600_800.png,/scratch/parceirosbr/bigoilict/share/BigOil/document_generator/datasets/documents_2021_12_28/30schl03_20211228_165850_6320633891_600_800.png,30schl03_20211228_165850_6320633891_600_800_mask.png,carinho e dedicação ao lon-
84,5,168,11,400,185,568,196,400,185,568,185,568,196,400,196,sub_line_text,text,text_0,courier,regular,10,30schl03_20211228_165850_6320633891_600_800.png,/scratch/parceirosbr/bigoilict/share/BigOil/document_generator/datasets/documents_2021_12_28/30schl03_20211228_165850_6320633891_600_800.png,30schl03_20211228_165850_6320633891_600_800_mask.png,"go da minha vida, por sere-"
84,5,168,11,400,196,568,207,400,196,568,196,568,207,400,207,sub_line_text,text,text_0,courier,regular,10,30schl03_20211228_165850_6320633891_600_800.png,/scratch/parceirosbr/bigoilict/share/BigOil/document_generator/datasets/documents_2021_12_28/30schl03_20211228_165850_6320633891_600_800.png,30schl03_20211228_165850_6320633891_600_800_mask.png,m grande exemplos de pesso-
12,5,24,11,400,207,424,218,400,207,424,207,424,218,400,218,sub_line_text,text,text_0,courier,regular,10,30schl03_20211228_165850_6320633891_600_800.png,/scratch/parceirosbr/bigoilict/share/BigOil/document_generator/datasets/documents_2021_12_28/30schl03_20211228_165850_6320633891_600_800.png,30schl03_20211228_165850_6320633891_600_800_mask.png,as.
86,93,173,187,400,31,573,218,400,31,573,31,573,218,400,218,text,text,text_1,courier,regular,10,30schl03_20211228_165850_6320633891_600_800.png,/scratch/parceirosbr/bigoilict/share/BigOil/document_generator/datasets/documents_2021_12_28/30schl03_20211228_165850_6320633891_600_800.png,30schl03_20211228_165850_6320633891_600_800_mask.png,
10,6,21,12,400,230,421,242,400,230,421,230,421,242,400,242,sub_line_text,subtitle,subtitle_1,courier,bold,11,30schl03_20211228_165850_6320633891_600_800.png,/scratch/parceirosbr/bigoilict/share/BigOil/document_generator/datasets/documents_2021_12_28/30schl03_20211228_165850_6320633891_600_800.png,30schl03_20211228_165850_6320633891_600_800_mask.png,As
10,6,21,12,400,230,421,242,400,230,421,230,421,242,400,242,title,subtitle,subtitle_2,courier,bold,11,30schl03_20211228_165850_6320633891_600_800.png,/scratch/parceirosbr/bigoilict/share/BigOil/document_generator/datasets/documents_2021_12_28/30schl03_20211228_165850_6320633891_600_800.png,30schl03_20211228_165850_6320633891_600_800_mask.png,
84,5,168,11,400,246,568,257,400,246,568,246,568,257,400,257,sub_line_text,text,text_1,courier,regular,10,30schl03_20211228_165850_6320633891_600_800.png,/scratch/parceirosbr/bigoilict/share/BigOil/document_generator/datasets/documents_2021_12_28/30schl03_20211228_165850_6320633891_600_800.png,30schl03_20211228_165850_6320633891_600_800_mask.png,O temor do chamado aquecim-
84,5,168,11,400,257,568,268,400,257,568,257,568,268,400,268,sub_line_text,text,text_1,courier,regular,10,30schl03_20211228_165850_6320633891_600_800.png,/scratch/parceirosbr/bigoilict/share/BigOil/document_generator/datasets/documents_2021_12_28/30schl03_20211228_165850_6320633891_600_800.png,30schl03_20211228_165850_6320633891_600_800_mask.png,ento global levou a uma gr-
84,5,168,11,400,268,568,279,400,268,568,268,568,279,400,279,sub_line_text,text,text_1,courier,regular,10,30schl03_20211228_165850_6320633891_600_800.png,/scratch/parceirosbr/bigoilict/share/BigOil/document_generator/datasets/documents_2021_12_28/30schl03_20211228_165850_6320633891_600_800.png,30schl03_20211228_165850_6320633891_600_800_mask.png,ande pressão de parte da s-
84,5,168,11,400,279,568,290,400,279,568,279,568,290,400,290,sub_line_text,text,text_1,courier,regular,10,30schl03_20211228_165850_6320633891_600_800.png,/scratch/parceirosbr/bigoilict/share/BigOil/document_generator/datasets/documents_2021_12_28/30schl03_20211228_165850_6320633891_600_800.png,30schl03_20211228_165850_6320633891_600_800_mask.png,ociedade sobre os governan-
84,5,168,11,400,290,568,301,400,290,568,290,568,301,400,301,sub_line_text,text,text_1,courier,regular,10,30schl03_20211228_165850_6320633891_600_800.png,/scratch/parceirosbr/bigoilict/share/BigOil/document_generator/datasets/documents_2021_12_28/30schl03_20211228_165850_6320633891_600_800.png,30schl03_20211228_165850_6320633891_600_800_mask.png,tes para a redução da quan-
84,5,168,11,400,301,568,312,400,301,568,301,568,312,400,312,sub_line_text,text,text_1,courier,regular,10,30schl03_20211228_165850_6320633891_600_800.png,/scratch/parceirosbr/bigoilict/share/BigOil/document_generator/datasets/documents_2021_12_28/30schl03_20211228_165850_6320633891_600_800.png,30schl03_20211228_165850_6320633891_600_800_mask.png,tidade de poluentes emitid-
84,5,168,11,400,312,568,323,400,312,568,312,568,323,400,323,sub_line_text,text,text_1,courier,regular,10,30schl03_20211228_165850_6320633891_600_800.png,/scratch/parceirosbr/bigoilict/share/BigOil/document_generator/datasets/documents_2021_12_28/30schl03_20211228_165850_6320633891_600_800.png,30schl03_20211228_165850_6320633891_600_800_mask.png,os.As  técnicas poderão ser
84,5,168,11,400,323,568,334,400,323,568,323,568,334,400,334,sub_line_text,text,text_1,courier,regular,10,30schl03_20211228_165850_6320633891_600_800.png,/scratch/parceirosbr/bigoilict/share/BigOil/document_generator/datasets/documents_2021_12_28/30schl03_20211228_165850_6320633891_600_800.png,30schl03_20211228_165850_6320633891_600_800_mask.png,aplicadas na manutenção pr-
84,5,168,11,400,334,568,345,400,334,568,334,568,345,400,345,sub_line_text,text,text_1,courier,regular,10,30schl03_20211228_165850_6320633891_600_800.png,/scratch/parceirosbr/bigoilict/share/BigOil/document_generator/datasets/documents_2021_12_28/30schl03_20211228_165850_6320633891_600_800.png,30schl03_20211228_165850_6320633891_600_800_mask.png,"eventiva de inspeções, pre-"
84,5,168,11,400,345,568,356,400,345,568,345,568,356,400,356,sub_line_text,text,text_1,courier,regular,10,30schl03_20211228_165850_6320633891_600_800.png,/scratch/parceirosbr/bigoilict/share/BigOil/document_generator/datasets/documents_2021_12_28/30schl03_20211228_165850_6320633891_600_800.png,30schl03_20211228_165850_6320633891_600_800_mask.png,venindo a paralisação de o-
84,5,168,11,400,356,568,367,400,356,568,356,568,367,400,367,sub_line_text,text,text_1,courier,regular,10,30schl03_20211228_165850_6320633891_600_800.png,/scratch/parceirosbr/bigoilict/share/BigOil/document_generator/datasets/documents_2021_12_28/30schl03_20211228_165850_6320633891_600_800.png,30schl03_20211228_165850_6320633891_600_800_mask.png,peração e na intervenção c-
84,5,168,11,400,367,568,378,400,367,568,367,568,378,400,378,sub_line_text,text,text_1,courier,regular,10,30schl03_20211228_165850_6320633891_600_800.png,/scratch/parceirosbr/bigoilict/share/BigOil/document_generator/datasets/documents_2021_12_28/30schl03_20211228_165850_6320633891_600_800.png,30schl03_20211228_165850_6320633891_600_800_mask.png,"orretiva  de  equipamentos,"
84,5,168,11,400,378,568,389,400,378,568,378,568,389,400,389,sub_line_text,text,text_1,courier,regular,10,30schl03_20211228_165850_6320633891_600_800.png,/scratch/parceirosbr/bigoilict/share/BigOil/document_generator/datasets/documents_2021_12_28/30schl03_20211228_165850_6320633891_600_800.png,30schl03_20211228_165850_6320633891_600_800_mask.png,prevenindo acidentes ao me-
84,5,168,11,400,389,568,400,400,389,568,389,568,400,400,400,sub_line_text,text,text_1,courier,regular,10,30schl03_20211228_165850_6320633891_600_800.png,/scratch/parceirosbr/bigoilict/share/BigOil/document_generator/datasets/documents_2021_12_28/30schl03_20211228_165850_6320633891_600_800.png,30schl03_20211228_165850_6320633891_600_800_mask.png,io ambiente.A kinetic stud-
84,5,168,11,400,400,568,411,400,400,568,400,568,411,400,411,sub_line_text,text,text_1,courier,regular,10,30schl03_20211228_165850_6320633891_600_800.png,/scratch/parceirosbr/bigoilict/share/BigOil/document_generator/datasets/documents_2021_12_28/30schl03_20211228_165850_6320633891_600_800.png,30schl03_20211228_165850_6320633891_600_800_mask.png,y of acid catalysed hydrol-
84,5,168,11,400,411,568,422,400,411,568,411,568,422,400,422,sub_line_text,text,text_1,courier,regular,10,30schl03_20211228_165850_6320633891_600_800.png,/scratch/parceirosbr/bigoilict/share/BigOil/document_generator/datasets/documents_2021_12_28/30schl03_20211228_165850_6320633891_600_800.png,30schl03_20211228_165850_6320633891_600_800_mask.png,ysis  of sugar cane bagasse
84,5,168,11,400,422,568,433,400,422,568,422,568,433,400,433,sub_line_text,text,text_1,courier,regular,10,30schl03_20211228_165850_6320633891_600_800.png,/scratch/parceirosbr/bigoilict/share/BigOil/document_generator/datasets/documents_2021_12_28/30schl03_20211228_165850_6320633891_600_800.png,30schl03_20211228_165850_6320633891_600_800_mask.png,to levulinic acid.F.34 whe-
84,5,168,11,400,433,568,444,400,433,568,433,568,444,400,444,sub_line_text,text,text_1,courier,regular,10,30schl03_20211228_165850_6320633891_600_800.png,/scratch/parceirosbr/bigoilict/share/BigOil/document_generator/datasets/documents_2021_12_28/30schl03_20211228_165850_6320633891_600_800.png,30schl03_20211228_165850_6320633891_600_800_mask.png,re it is the internal defo-
84,5,168,11,400,444,568,455,400,444,568,444,568,455,400,455,sub_line_text,text,text_1,courier,regular,10,30schl03_20211228_165850_6320633891_600_800.png,/scratch/parceirosbr/bigoilict/share/BigOil/document_generator/datasets/documents_2021_12_28/30schl03_20211228_165850_6320633891_600_800.png,30schl03_20211228_165850_6320633891_600_800_mask.png,rmation coefficient that i-
33,5,66,11,400,455,466,466,400,455,466,455,466,466,400,466,sub_line_text,text,text_1,courier,regular,10,30schl03_20211228_165850_6320633891_600_800.png,/scratch/parceirosbr/bigoilict/share/BigOil/document_generator/datasets/documents_2021_12_28/30schl03_20211228_165850_6320633891_600_800.png,30schl03_20211228_165850_6320633891_600_800_mask.png,s usually.
86,110,173,220,400,246,573,466,400,246,573,246,573,466,400,466,text,text,text_2,courier,regular,10,30schl03_20211228_165850_6320633891_600_800.png,/scratch/parceirosbr/bigoilict/share/BigOil/document_generator/datasets/documents_2021_12_28/30schl03_20211228_165850_6320633891_600_800.png,30schl03_20211228_165850_6320633891_600_800_mask.png,
7,6,14,12,400,488,414,500,400,488,414,488,414,500,400,500,sub_line_text,subtitle,subtitle_2,courier,bold,11,30schl03_20211228_165850_6320633891_600_800.png,/scratch/parceirosbr/bigoilict/share/BigOil/document_generator/datasets/documents_2021_12_28/30schl03_20211228_165850_6320633891_600_800.png,30schl03_20211228_165850_6320633891_600_800_mask.png,A
7,6,14,12,400,488,414,500,400,488,414,488,414,500,400,500,title,subtitle,subtitle_3,courier,bold,11,30schl03_20211228_165850_6320633891_600_800.png,/scratch/parceirosbr/bigoilict/share/BigOil/document_generator/datasets/documents_2021_12_28/30schl03_20211228_165850_6320633891_600_800.png,30schl03_20211228_165850_6320633891_600_800_mask.png,
84,5,168,11,400,505,568,516,400,505,568,505,568,516,400,516,sub_line_text,text,text_2,courier,regular,10,30schl03_20211228_165850_6320633891_600_800.png,/scratch/parceirosbr/bigoilict/share/BigOil/document_generator/datasets/documents_2021_12_28/30schl03_20211228_165850_6320633891_600_800.png,30schl03_20211228_165850_6320633891_600_800_mask.png,Preço do ou mé-dia pondera-
84,5,168,11,400,516,568,527,400,516,568,516,568,527,400,527,sub_line_text,text,text_2,courier,regular,10,30schl03_20211228_165850_6320633891_600_800.png,/scratch/parceirosbr/bigoilict/share/BigOil/document_generator/datasets/documents_2021_12_28/30schl03_20211228_165850_6320633891_600_800.png,30schl03_20211228_165850_6320633891_600_800_mask.png,da  dos  preços de venda do
84,5,168,11,400,527,568,538,400,527,568,527,568,538,400,538,sub_line_text,text,text_2,courier,regular,10,30schl03_20211228_165850_6320633891_600_800.png,/scratch/parceirosbr/bigoilict/share/BigOil/document_generator/datasets/documents_2021_12_28/30schl03_20211228_165850_6320633891_600_800.png,30schl03_20211228_165850_6320633891_600_800_mask.png,petró-leo ou gás natural p-
84,5,168,11,400,538,568,549,400,538,568,538,568,549,400,549,sub_line_text,text,text_2,courier,regular,10,30schl03_20211228_165850_6320633891_600_800.png,/scratch/parceirosbr/bigoilict/share/BigOil/document_generator/datasets/documents_2021_12_28/30schl03_20211228_165850_6320633891_600_800.png,30schl03_20211228_165850_6320633891_600_800_mask.png,roduzido em cada campo e p-
84,5,168,11,400,549,568,560,400,549,568,549,568,560,400,560,sub_line_text,text,text_2,courier,regular,10,30schl03_20211228_165850_6320633891_600_800.png,/scratch/parceirosbr/bigoilict/share/BigOil/document_generator/datasets/documents_2021_12_28/30schl03_20211228_165850_6320633891_600_800.png,30schl03_20211228_165850_6320633891_600_800_mask.png,raticados pelo concessioná-
84,5,168,11,400,560,568,571,400,560,568,560,568,571,400,571,sub_line_text,text,text_2,courier,regular,10,30schl03_20211228_165850_6320633891_600_800.png,/scratch/parceirosbr/bigoilict/share/BigOil/document_generator/datasets/documents_2021_12_28/30schl03_20211228_165850_6320633891_600_800.png,30schl03_20211228_165850_6320633891_600_800_mask.png,rio durante o mês de refer-
84,5,168,11,400,571,568,582,400,571,568,571,568,582,400,582,sub_line_text,text,text_2,courier,regular,10,30schl03_20211228_165850_6320633891_600_800.png,/scratch/parceirosbr/bigoilict/share/BigOil/document_generator/datasets/documents_2021_12_28/30schl03_20211228_165850_6320633891_600_800.png,30schl03_20211228_165850_6320633891_600_800_mask.png,ência.e  et  al e avaliaram
84,5,168,11,400,582,568,593,400,582,568,582,568,593,400,593,sub_line_text,text,text_2,courier,regular,10,30schl03_20211228_165850_6320633891_600_800.png,/scratch/parceirosbr/bigoilict/share/BigOil/document_generator/datasets/documents_2021_12_28/30schl03_20211228_165850_6320633891_600_800.png,30schl03_20211228_165850_6320633891_600_800_mask.png,o potencial de aplicação d-
84,5,168,11,400,593,568,604,400,593,568,593,568,604,400,604,sub_line_text,text,text_2,courier,regular,10,30schl03_20211228_165850_6320633891_600_800.png,/scratch/parceirosbr/bigoilict/share/BigOil/document_generator/datasets/documents_2021_12_28/30schl03_20211228_165850_6320633891_600_800.png,30schl03_20211228_165850_6320633891_600_800_mask.png,a eletrodiálise antes da e-
84,5,168,11,400,604,568,615,400,604,568,604,568,615,400,615,sub_line_text,text,text_2,courier,regular,10,30schl03_20211228_165850_6320633891_600_800.png,/scratch/parceirosbr/bigoilict/share/BigOil/document_generator/datasets/documents_2021_12_28/30schl03_20211228_165850_6320633891_600_800.png,30schl03_20211228_165850_6320633891_600_800_mask.png,"vaporação, mas o baixo ren-"
84,5,168,11,400,615,568,626,400,615,568,615,568,626,400,626,sub_line_text,text,text_2,courier,regular,10,30schl03_20211228_165850_6320633891_600_800.png,/scratch/parceirosbr/bigoilict/share/BigOil/document_generator/datasets/documents_2021_12_28/30schl03_20211228_165850_6320633891_600_800.png,30schl03_20211228_165850_6320633891_600_800_mask.png,dimento em produto e o ent-
84,5,168,11,400,626,568,637,400,626,568,626,568,637,400,637,sub_line_text,text,text_2,courier,regular,10,30schl03_20211228_165850_6320633891_600_800.png,/scratch/parceirosbr/bigoilict/share/BigOil/document_generator/datasets/documents_2021_12_28/30schl03_20211228_165850_6320633891_600_800.png,30schl03_20211228_165850_6320633891_600_800_mask.png,upimento das membranas tor-
30,5,60,11,400,637,460,648,400,637,460,637,460,648,400,648,sub_line_text,text,text_2,courier,regular,10,30schl03_20211228_165850_6320633891_600_800.png,/scratch/parceirosbr/bigoilict/share/BigOil/document_generator/datasets/documents_2021_12_28/30schl03_20211228_165850_6320633891_600_800.png,30schl03_20211228_165850_6320633891_600_800_mask.png,nam este.
86,71,173,143,400,505,573,648,400,505,573,505,573,648,400,648,text,text,text_3,courier,regular,10,30schl03_20211228_165850_6320633891_600_800.png,/scratch/parceirosbr/bigoilict/share/BigOil/document_generator/datasets/documents_2021_12_28/30schl03_20211228_165850_6320633891_600_800.png,30schl03_20211228_165850_6320633891_600_800_mask.png,
21,6,42,12,400,671,442,683,400,671,442,671,442,683,400,683,sub_line_text,subtitle,subtitle_3,courier,bold,11,30schl03_20211228_165850_6320633891_600_800.png,/scratch/parceirosbr/bigoilict/share/BigOil/document_generator/datasets/documents_2021_12_28/30schl03_20211228_165850_6320633891_600_800.png,30schl03_20211228_165850_6320633891_600_800_mask.png,point
21,6,42,12,400,671,442,683,400,671,442,671,442,683,400,683,title,subtitle,subtitle_4,courier,bold,11,30schl03_20211228_165850_6320633891_600_800.png,/scratch/parceirosbr/bigoilict/share/BigOil/document_generator/datasets/documents_2021_12_28/30schl03_20211228_165850_6320633891_600_800.png,30schl03_20211228_165850_6320633891_600_800_mask.png,
84,5,168,11,400,690,568,701,400,690,568,690,568,701,400,701,sub_line_text,text,text_3,courier,regular,10,30schl03_20211228_165850_6320633891_600_800.png,/scratch/parceirosbr/bigoilict/share/BigOil/document_generator/datasets/documents_2021_12_28/30schl03_20211228_165850_6320633891_600_800.png,30schl03_20211228_165850_6320633891_600_800_mask.png,Below-expected economic pe-
84,5,168,11,400,701,568,712,400,701,568,701,568,712,400,712,sub_line_text,text,text_3,courier,regular,10,30schl03_20211228_165850_6320633891_600_800.png,/scratch/parceirosbr/bigoilict/share/BigOil/document_generator/datasets/documents_2021_12_28/30schl03_20211228_165850_6320633891_600_800.png,30schl03_20211228_165850_6320633891_600_800_mask.png,rformance  was also seen at
84,5,168,11,400,712,568,723,400,712,568,712,568,723,400,723,sub_line_text,text,text_3,courier,regular,10,30schl03_20211228_165850_6320633891_600_800.png,/scratch/parceirosbr/bigoilict/share/BigOil/document_generator/datasets/documents_2021_12_28/30schl03_20211228_165850_6320633891_600_800.png,30schl03_20211228_165850_6320633891_600_800_mask.png,and at.This framework unde-
84,5,168,11,400,723,568,734,400,723,568,723,568,734,400,734,sub_line_text,text,text_3,courier,regular,10,30schl03_20211228_165850_6320633891_600_800.png,/scratch/parceirosbr/bigoilict/share/BigOil/document_generator/datasets/documents_2021_12_28/30schl03_20211228_165850_6320633891_600_800.png,30schl03_20211228_165850_6320633891_600_800_mask.png,"r  the  law, in addition to"
84,5,168,11,400,734,568,745,400,734,568,734,568,745,400,745,sub_line_text,text,text_3,courier,regular,10,30schl03_20211228_165850_6320633891_600_800.png,/scratch/parceirosbr/bigoilict/share/BigOil/document_generator/datasets/documents_2021_12_28/30schl03_20211228_165850_6320633891_600_800.png,30schl03_20211228_165850_6320633891_600_800_mask.png,ensuring  the  viability of
15,5,30,11,400,745,430,756,400,745,430,745,430,756,400,756,sub_line_text,text,text_3,courier,regular,10,30schl03_20211228_165850_6320633891_600_800.png,/scratch/parceirosbr/bigoilict/share/BigOil/document_generator/datasets/documents_2021_12_28/30schl03_20211228_165850_6320633891_600_800.png,30schl03_20211228_165850_6320633891_600_800_mask.png,the.
86,33,173,66,400,690,573,756,400,690,573,690,573,756,400,756,text,text,text_4,courier,regular,10,30schl03_20211228_165850_6320633891_600_800.png,/scratch/parceirosbr/bigoilict/share/BigOil/document_generator/datasets/documents_2021_12_28/30schl03_20211228_165850_6320633891_600_800.png,30schl03_20211228_165850_6320633891_600_800_mask.png,
