center_x,center_y,width,height,xmin,ymin,xmax,ymax,top_left_x,top_left_y,top_right_x,top_right_y,bottom_right_x,bottom_right_y,bottom_left_x,bottom_left_y,label,grouplabel,group,text_font,text_style,size_font,filename,path,filename_mask,content
300,400,600,800,0,0,600,800,0,0,600,0,600,800,0,800,document,,,,,,30schl03_20211228_165859_3332198151_600_800.png,/scratch/parceirosbr/bigoilict/share/BigOil/document_generator/datasets/documents_2021_12_28/30schl03_20211228_165859_3332198151_600_800.png,30schl03_20211228_165859_3332198151_600_800_mask.png,
184,5,368,10,7,11,375,21,7,11,375,11,375,21,7,21,sub_line_text,figure_legend,figure_0,raleway,regular,8,30schl03_20211228_165859_3332198151_600_800.png,/scratch/parceirosbr/bigoilict/share/BigOil/document_generator/datasets/documents_2021_12_28/30schl03_20211228_165859_3332198151_600_800.png,30schl03_20211228_165859_3332198151_600_800_mask.png,The transport and transfer pipelines101 for the handling of oil and its derivatives authorized by t-
184,5,368,10,7,21,375,31,7,21,375,21,375,31,7,31,sub_line_text,figure_legend,figure_0,raleway,regular,8,30schl03_20211228_165859_3332198151_600_800.png,/scratch/parceirosbr/bigoilict/share/BigOil/document_generator/datasets/documents_2021_12_28/30schl03_20211228_165859_3332198151_600_800.png,30schl03_20211228_165859_3332198151_600_800_mask.png,"he totalize 19,709 km in length.Soluble and immobilized lipase were characterized as to their op-"
12,5,24,10,7,31,31,41,7,31,31,31,31,41,7,41,sub_line_text,figure_legend,figure_0,raleway,regular,8,30schl03_20211228_165859_3332198151_600_800.png,/scratch/parceirosbr/bigoilict/share/BigOil/document_generator/datasets/documents_2021_12_28/30schl03_20211228_165859_3332198151_600_800.png,30schl03_20211228_165859_3332198151_600_800_mask.png,timal.
184,15,368,30,7,11,375,41,7,11,375,11,375,41,7,41,text,figure_legend,figure_1,raleway,regular,8,30schl03_20211228_165859_3332198151_600_800.png,/scratch/parceirosbr/bigoilict/share/BigOil/document_generator/datasets/documents_2021_12_28/30schl03_20211228_165859_3332198151_600_800.png,30schl03_20211228_165859_3332198151_600_800_mask.png,
45,91,91,182,145,85,236,267,145,85,236,85,236,267,145,267,image,figure_image,figure_1,,,,30schl03_20211228_165859_3332198151_600_800.png,/scratch/parceirosbr/bigoilict/share/BigOil/document_generator/datasets/documents_2021_12_28/30schl03_20211228_165859_3332198151_600_800.png,30schl03_20211228_165859_3332198151_600_800_mask.png,output/gen_img_20211228_165900_6903046221.png
11,2,23,4,207,207,230,211,207,206,230,207,230,212,207,211,text,figure_text,figure_1,,,,30schl03_20211228_165859_3332198151_600_800.png,/scratch/parceirosbr/bigoilict/share/BigOil/document_generator/datasets/documents_2021_12_28/30schl03_20211228_165859_3332198151_600_800.png,30schl03_20211228_165859_3332198151_600_800_mask.png,Quality[KB]
11,2,23,4,207,207,230,211,207,206,230,207,230,212,207,211,sub_line_text,figure_text,figure_1,,,,30schl03_20211228_165859_3332198151_600_800.png,/scratch/parceirosbr/bigoilict/share/BigOil/document_generator/datasets/documents_2021_12_28/30schl03_20211228_165859_3332198151_600_800.png,30schl03_20211228_165859_3332198151_600_800_mask.png,Quality[KB]
16,0,32,-1,164,236,196,235,164,230,197,236,196,241,163,235,text,figure_text,figure_1,,,,30schl03_20211228_165859_3332198151_600_800.png,/scratch/parceirosbr/bigoilict/share/BigOil/document_generator/datasets/documents_2021_12_28/30schl03_20211228_165859_3332198151_600_800.png,30schl03_20211228_165859_3332198151_600_800_mask.png,Processing [MB]
16,0,32,-1,164,236,196,235,164,230,197,236,196,241,163,235,sub_line_text,figure_text,figure_1,,,,30schl03_20211228_165859_3332198151_600_800.png,/scratch/parceirosbr/bigoilict/share/BigOil/document_generator/datasets/documents_2021_12_28/30schl03_20211228_165859_3332198151_600_800.png,30schl03_20211228_165859_3332198151_600_800_mask.png,Processing [MB]
7,4,14,8,149,106,163,114,149,110,162,106,163,110,150,114,text,figure_text,figure_1,,,,30schl03_20211228_165859_3332198151_600_800.png,/scratch/parceirosbr/bigoilict/share/BigOil/document_generator/datasets/documents_2021_12_28/30schl03_20211228_165859_3332198151_600_800.png,30schl03_20211228_165859_3332198151_600_800_mask.png,362.41
7,4,14,8,149,106,163,114,149,110,162,106,163,110,150,114,sub_line_text,figure_text,figure_1,,,,30schl03_20211228_165859_3332198151_600_800.png,/scratch/parceirosbr/bigoilict/share/BigOil/document_generator/datasets/documents_2021_12_28/30schl03_20211228_165859_3332198151_600_800.png,30schl03_20211228_165859_3332198151_600_800_mask.png,362.41
8,3,16,7,202,122,218,129,202,125,217,122,218,127,202,129,text,figure_text,figure_1,,,,30schl03_20211228_165859_3332198151_600_800.png,/scratch/parceirosbr/bigoilict/share/BigOil/document_generator/datasets/documents_2021_12_28/30schl03_20211228_165859_3332198151_600_800.png,30schl03_20211228_165859_3332198151_600_800_mask.png,-1729.7
8,3,16,7,202,122,218,129,202,125,217,122,218,127,202,129,sub_line_text,figure_text,figure_1,,,,30schl03_20211228_165859_3332198151_600_800.png,/scratch/parceirosbr/bigoilict/share/BigOil/document_generator/datasets/documents_2021_12_28/30schl03_20211228_165859_3332198151_600_800.png,30schl03_20211228_165859_3332198151_600_800_mask.png,-1729.7
10,3,21,7,204,96,225,103,204,99,224,96,225,100,205,103,text,figure_text,figure_1,,,,30schl03_20211228_165859_3332198151_600_800.png,/scratch/parceirosbr/bigoilict/share/BigOil/document_generator/datasets/documents_2021_12_28/30schl03_20211228_165859_3332198151_600_800.png,30schl03_20211228_165859_3332198151_600_800_mask.png,-1309.127
10,3,21,7,204,96,225,103,204,99,224,96,225,100,205,103,sub_line_text,figure_text,figure_1,,,,30schl03_20211228_165859_3332198151_600_800.png,/scratch/parceirosbr/bigoilict/share/BigOil/document_generator/datasets/documents_2021_12_28/30schl03_20211228_165859_3332198151_600_800.png,30schl03_20211228_165859_3332198151_600_800_mask.png,-1309.127
10,4,21,8,149,180,170,188,149,184,169,180,170,185,150,188,text,figure_text,figure_1,,,,30schl03_20211228_165859_3332198151_600_800.png,/scratch/parceirosbr/bigoilict/share/BigOil/document_generator/datasets/documents_2021_12_28/30schl03_20211228_165859_3332198151_600_800.png,30schl03_20211228_165859_3332198151_600_800_mask.png,-3380.817
10,4,21,8,149,180,170,188,149,184,169,180,170,185,150,188,sub_line_text,figure_text,figure_1,,,,30schl03_20211228_165859_3332198151_600_800.png,/scratch/parceirosbr/bigoilict/share/BigOil/document_generator/datasets/documents_2021_12_28/30schl03_20211228_165859_3332198151_600_800.png,30schl03_20211228_165859_3332198151_600_800_mask.png,-3380.817
7,3,14,6,177,169,191,175,177,171,190,169,191,173,178,175,text,figure_text,figure_1,,,,30schl03_20211228_165859_3332198151_600_800.png,/scratch/parceirosbr/bigoilict/share/BigOil/document_generator/datasets/documents_2021_12_28/30schl03_20211228_165859_3332198151_600_800.png,30schl03_20211228_165859_3332198151_600_800_mask.png,-675%
7,3,14,6,177,169,191,175,177,171,190,169,191,173,178,175,sub_line_text,figure_text,figure_1,,,,30schl03_20211228_165859_3332198151_600_800.png,/scratch/parceirosbr/bigoilict/share/BigOil/document_generator/datasets/documents_2021_12_28/30schl03_20211228_165859_3332198151_600_800.png,30schl03_20211228_165859_3332198151_600_800_mask.png,-675%
9,3,18,6,148,91,166,97,148,92,166,91,166,96,148,97,text,figure_text,figure_1,,,,30schl03_20211228_165859_3332198151_600_800.png,/scratch/parceirosbr/bigoilict/share/BigOil/document_generator/datasets/documents_2021_12_28/30schl03_20211228_165859_3332198151_600_800.png,30schl03_20211228_165859_3332198151_600_800_mask.png,-3408.45
9,3,18,6,148,91,166,97,148,92,166,91,166,96,148,97,sub_line_text,figure_text,figure_1,,,,30schl03_20211228_165859_3332198151_600_800.png,/scratch/parceirosbr/bigoilict/share/BigOil/document_generator/datasets/documents_2021_12_28/30schl03_20211228_165859_3332198151_600_800.png,30schl03_20211228_165859_3332198151_600_800_mask.png,-3408.45
183,5,367,10,7,295,374,305,7,295,374,295,374,305,7,305,sub_line_text,figure_legend,figure_2,raleway,regular,8,30schl03_20211228_165859_3332198151_600_800.png,/scratch/parceirosbr/bigoilict/share/BigOil/document_generator/datasets/documents_2021_12_28/30schl03_20211228_165859_3332198151_600_800.png,30schl03_20211228_165859_3332198151_600_800_mask.png,"Cada uma das variáveis n x1, x2, xn pode tomar qualquer valor de - até +.The main objective of de-"
23,5,46,10,7,305,53,315,7,305,53,305,53,315,7,315,sub_line_text,figure_legend,figure_2,raleway,regular,8,30schl03_20211228_165859_3332198151_600_800.png,/scratch/parceirosbr/bigoilict/share/BigOil/document_generator/datasets/documents_2021_12_28/30schl03_20211228_165859_3332198151_600_800.png,30schl03_20211228_165859_3332198151_600_800_mask.png,sorption is.
184,10,368,20,7,295,375,315,7,295,375,295,375,315,7,315,text,figure_legend,figure_3,raleway,regular,8,30schl03_20211228_165859_3332198151_600_800.png,/scratch/parceirosbr/bigoilict/share/BigOil/document_generator/datasets/documents_2021_12_28/30schl03_20211228_165859_3332198151_600_800.png,30schl03_20211228_165859_3332198151_600_800_mask.png,
92,79,185,159,98,362,283,521,98,362,283,362,283,521,98,521,image,figure_image,figure_5,,,,30schl03_20211228_165859_3332198151_600_800.png,/scratch/parceirosbr/bigoilict/share/BigOil/document_generator/datasets/documents_2021_12_28/30schl03_20211228_165859_3332198151_600_800.png,30schl03_20211228_165859_3332198151_600_800_mask.png,output/gen_img_20211228_165902_9822853189.png
11,3,23,6,228,367,251,373,228,367,251,367,251,373,228,373,text,figure_text,figure_5,,,,30schl03_20211228_165859_3332198151_600_800.png,/scratch/parceirosbr/bigoilict/share/BigOil/document_generator/datasets/documents_2021_12_28/30schl03_20211228_165859_3332198151_600_800.png,30schl03_20211228_165859_3332198151_600_800_mask.png,-841.62
11,3,23,6,228,367,251,373,228,367,251,367,251,373,228,373,sub_line_text,figure_text,figure_5,,,,30schl03_20211228_165859_3332198151_600_800.png,/scratch/parceirosbr/bigoilict/share/BigOil/document_generator/datasets/documents_2021_12_28/30schl03_20211228_165859_3332198151_600_800.png,30schl03_20211228_165859_3332198151_600_800_mask.png,-841.62
12,4,24,9,243,431,267,440,243,431,267,431,267,440,243,440,text,figure_text,figure_5,,,,30schl03_20211228_165859_3332198151_600_800.png,/scratch/parceirosbr/bigoilict/share/BigOil/document_generator/datasets/documents_2021_12_28/30schl03_20211228_165859_3332198151_600_800.png,30schl03_20211228_165859_3332198151_600_800_mask.png,Graphic
12,4,24,9,243,431,267,440,243,431,267,431,267,440,243,440,sub_line_text,figure_text,figure_5,,,,30schl03_20211228_165859_3332198151_600_800.png,/scratch/parceirosbr/bigoilict/share/BigOil/document_generator/datasets/documents_2021_12_28/30schl03_20211228_165859_3332198151_600_800.png,30schl03_20211228_165859_3332198151_600_800_mask.png,Graphic
9,3,19,7,183,473,202,480,183,473,202,473,202,480,183,480,text,figure_text,figure_5,,,,30schl03_20211228_165859_3332198151_600_800.png,/scratch/parceirosbr/bigoilict/share/BigOil/document_generator/datasets/documents_2021_12_28/30schl03_20211228_165859_3332198151_600_800.png,30schl03_20211228_165859_3332198151_600_800_mask.png,-401.1
9,3,19,7,183,473,202,480,183,473,202,473,202,480,183,480,sub_line_text,figure_text,figure_5,,,,30schl03_20211228_165859_3332198151_600_800.png,/scratch/parceirosbr/bigoilict/share/BigOil/document_generator/datasets/documents_2021_12_28/30schl03_20211228_165859_3332198151_600_800.png,30schl03_20211228_165859_3332198151_600_800_mask.png,-401.1
15,3,30,7,154,404,184,411,154,404,184,404,184,411,154,411,text,figure_text,figure_5,,,,30schl03_20211228_165859_3332198151_600_800.png,/scratch/parceirosbr/bigoilict/share/BigOil/document_generator/datasets/documents_2021_12_28/30schl03_20211228_165859_3332198151_600_800.png,30schl03_20211228_165859_3332198151_600_800_mask.png,-2601.698
15,3,30,7,154,404,184,411,154,404,184,404,184,411,154,411,sub_line_text,figure_text,figure_5,,,,30schl03_20211228_165859_3332198151_600_800.png,/scratch/parceirosbr/bigoilict/share/BigOil/document_generator/datasets/documents_2021_12_28/30schl03_20211228_165859_3332198151_600_800.png,30schl03_20211228_165859_3332198151_600_800_mask.png,-2601.698
17,4,34,8,186,393,220,401,186,393,220,393,220,401,186,401,text,figure_text,figure_5,,,,30schl03_20211228_165859_3332198151_600_800.png,/scratch/parceirosbr/bigoilict/share/BigOil/document_generator/datasets/documents_2021_12_28/30schl03_20211228_165859_3332198151_600_800.png,30schl03_20211228_165859_3332198151_600_800_mask.png,Female (M)
17,4,34,8,186,393,220,401,186,393,220,393,220,401,186,401,sub_line_text,figure_text,figure_5,,,,30schl03_20211228_165859_3332198151_600_800.png,/scratch/parceirosbr/bigoilict/share/BigOil/document_generator/datasets/documents_2021_12_28/30schl03_20211228_165859_3332198151_600_800.png,30schl03_20211228_165859_3332198151_600_800_mask.png,Female (M)
10,4,21,8,193,374,214,382,193,374,214,374,214,382,193,382,text,figure_text,figure_5,,,,30schl03_20211228_165859_3332198151_600_800.png,/scratch/parceirosbr/bigoilict/share/BigOil/document_generator/datasets/documents_2021_12_28/30schl03_20211228_165859_3332198151_600_800.png,30schl03_20211228_165859_3332198151_600_800_mask.png,Length
10,4,21,8,193,374,214,382,193,374,214,374,214,382,193,382,sub_line_text,figure_text,figure_5,,,,30schl03_20211228_165859_3332198151_600_800.png,/scratch/parceirosbr/bigoilict/share/BigOil/document_generator/datasets/documents_2021_12_28/30schl03_20211228_165859_3332198151_600_800.png,30schl03_20211228_165859_3332198151_600_800_mask.png,Length
15,3,30,6,140,476,170,482,140,476,170,476,170,482,140,482,text,figure_text,figure_5,,,,30schl03_20211228_165859_3332198151_600_800.png,/scratch/parceirosbr/bigoilict/share/BigOil/document_generator/datasets/documents_2021_12_28/30schl03_20211228_165859_3332198151_600_800.png,30schl03_20211228_165859_3332198151_600_800_mask.png,-3832.280
15,3,30,6,140,476,170,482,140,476,170,476,170,482,140,482,sub_line_text,figure_text,figure_5,,,,30schl03_20211228_165859_3332198151_600_800.png,/scratch/parceirosbr/bigoilict/share/BigOil/document_generator/datasets/documents_2021_12_28/30schl03_20211228_165859_3332198151_600_800.png,30schl03_20211228_165859_3332198151_600_800_mask.png,-3832.280
11,3,23,6,256,451,279,457,256,451,279,451,279,457,256,457,text,figure_text,figure_5,,,,30schl03_20211228_165859_3332198151_600_800.png,/scratch/parceirosbr/bigoilict/share/BigOil/document_generator/datasets/documents_2021_12_28/30schl03_20211228_165859_3332198151_600_800.png,30schl03_20211228_165859_3332198151_600_800_mask.png,Mixture
11,3,23,6,256,451,279,457,256,451,279,451,279,457,256,457,sub_line_text,figure_text,figure_5,,,,30schl03_20211228_165859_3332198151_600_800.png,/scratch/parceirosbr/bigoilict/share/BigOil/document_generator/datasets/documents_2021_12_28/30schl03_20211228_165859_3332198151_600_800.png,30schl03_20211228_165859_3332198151_600_800_mask.png,Mixture
13,3,26,7,209,478,235,485,209,478,235,478,235,485,209,485,text,figure_text,figure_5,,,,30schl03_20211228_165859_3332198151_600_800.png,/scratch/parceirosbr/bigoilict/share/BigOil/document_generator/datasets/documents_2021_12_28/30schl03_20211228_165859_3332198151_600_800.png,30schl03_20211228_165859_3332198151_600_800_mask.png,-4470.50
13,3,26,7,209,478,235,485,209,478,235,478,235,485,209,485,sub_line_text,figure_text,figure_5,,,,30schl03_20211228_165859_3332198151_600_800.png,/scratch/parceirosbr/bigoilict/share/BigOil/document_generator/datasets/documents_2021_12_28/30schl03_20211228_165859_3332198151_600_800.png,30schl03_20211228_165859_3332198151_600_800_mask.png,-4470.50
16,3,32,7,129,387,161,394,129,387,161,387,161,394,129,394,text,figure_text,figure_5,,,,30schl03_20211228_165859_3332198151_600_800.png,/scratch/parceirosbr/bigoilict/share/BigOil/document_generator/datasets/documents_2021_12_28/30schl03_20211228_165859_3332198151_600_800.png,30schl03_20211228_165859_3332198151_600_800_mask.png,-8997.46%
16,3,32,7,129,387,161,394,129,387,161,387,161,394,129,394,sub_line_text,figure_text,figure_5,,,,30schl03_20211228_165859_3332198151_600_800.png,/scratch/parceirosbr/bigoilict/share/BigOil/document_generator/datasets/documents_2021_12_28/30schl03_20211228_165859_3332198151_600_800.png,30schl03_20211228_165859_3332198151_600_800_mask.png,-8997.46%
14,3,29,7,203,453,232,460,203,453,232,453,232,460,203,460,text,figure_text,figure_5,,,,30schl03_20211228_165859_3332198151_600_800.png,/scratch/parceirosbr/bigoilict/share/BigOil/document_generator/datasets/documents_2021_12_28/30schl03_20211228_165859_3332198151_600_800.png,30schl03_20211228_165859_3332198151_600_800_mask.png,-3438.2%
14,3,29,7,203,453,232,460,203,453,232,453,232,460,203,460,sub_line_text,figure_text,figure_5,,,,30schl03_20211228_165859_3332198151_600_800.png,/scratch/parceirosbr/bigoilict/share/BigOil/document_generator/datasets/documents_2021_12_28/30schl03_20211228_165859_3332198151_600_800.png,30schl03_20211228_165859_3332198151_600_800_mask.png,-3438.2%
8,3,17,6,209,493,226,499,209,493,226,493,226,499,209,499,text,figure_text,figure_5,,,,30schl03_20211228_165859_3332198151_600_800.png,/scratch/parceirosbr/bigoilict/share/BigOil/document_generator/datasets/documents_2021_12_28/30schl03_20211228_165859_3332198151_600_800.png,30schl03_20211228_165859_3332198151_600_800_mask.png,-4116
8,3,17,6,209,493,226,499,209,493,226,493,226,499,209,499,sub_line_text,figure_text,figure_5,,,,30schl03_20211228_165859_3332198151_600_800.png,/scratch/parceirosbr/bigoilict/share/BigOil/document_generator/datasets/documents_2021_12_28/30schl03_20211228_165859_3332198151_600_800.png,30schl03_20211228_165859_3332198151_600_800_mask.png,-4116
9,3,19,7,260,414,279,421,260,414,279,414,279,421,260,421,text,figure_text,figure_5,,,,30schl03_20211228_165859_3332198151_600_800.png,/scratch/parceirosbr/bigoilict/share/BigOil/document_generator/datasets/documents_2021_12_28/30schl03_20211228_165859_3332198151_600_800.png,30schl03_20211228_165859_3332198151_600_800_mask.png,-939.5
9,3,19,7,260,414,279,421,260,414,279,414,279,421,260,421,sub_line_text,figure_text,figure_5,,,,30schl03_20211228_165859_3332198151_600_800.png,/scratch/parceirosbr/bigoilict/share/BigOil/document_generator/datasets/documents_2021_12_28/30schl03_20211228_165859_3332198151_600_800.png,30schl03_20211228_165859_3332198151_600_800_mask.png,-939.5
16,3,32,7,139,457,171,464,139,457,171,457,171,464,139,464,text,figure_text,figure_5,,,,30schl03_20211228_165859_3332198151_600_800.png,/scratch/parceirosbr/bigoilict/share/BigOil/document_generator/datasets/documents_2021_12_28/30schl03_20211228_165859_3332198151_600_800.png,30schl03_20211228_165859_3332198151_600_800_mask.png,-3539.90%
16,3,32,7,139,457,171,464,139,457,171,457,171,464,139,464,sub_line_text,figure_text,figure_5,,,,30schl03_20211228_165859_3332198151_600_800.png,/scratch/parceirosbr/bigoilict/share/BigOil/document_generator/datasets/documents_2021_12_28/30schl03_20211228_165859_3332198151_600_800.png,30schl03_20211228_165859_3332198151_600_800_mask.png,-3539.90%
15,4,30,8,146,445,176,453,146,445,176,445,176,453,146,453,text,figure_text,figure_5,,,,30schl03_20211228_165859_3332198151_600_800.png,/scratch/parceirosbr/bigoilict/share/BigOil/document_generator/datasets/documents_2021_12_28/30schl03_20211228_165859_3332198151_600_800.png,30schl03_20211228_165859_3332198151_600_800_mask.png,Data [GB]
15,4,30,8,146,445,176,453,146,445,176,445,176,453,146,453,sub_line_text,figure_text,figure_5,,,,30schl03_20211228_165859_3332198151_600_800.png,/scratch/parceirosbr/bigoilict/share/BigOil/document_generator/datasets/documents_2021_12_28/30schl03_20211228_165859_3332198151_600_800.png,30schl03_20211228_165859_3332198151_600_800_mask.png,Data [GB]
15,3,31,7,126,466,157,473,126,466,157,466,157,473,126,473,text,figure_text,figure_5,,,,30schl03_20211228_165859_3332198151_600_800.png,/scratch/parceirosbr/bigoilict/share/BigOil/document_generator/datasets/documents_2021_12_28/30schl03_20211228_165859_3332198151_600_800.png,30schl03_20211228_165859_3332198151_600_800_mask.png,Movement
15,3,31,7,126,466,157,473,126,466,157,466,157,473,126,473,sub_line_text,figure_text,figure_5,,,,30schl03_20211228_165859_3332198151_600_800.png,/scratch/parceirosbr/bigoilict/share/BigOil/document_generator/datasets/documents_2021_12_28/30schl03_20211228_165859_3332198151_600_800.png,30schl03_20211228_165859_3332198151_600_800_mask.png,Movement
25,4,50,8,181,508,231,516,181,508,231,508,231,516,181,516,text,figure_text,figure_5,,,,30schl03_20211228_165859_3332198151_600_800.png,/scratch/parceirosbr/bigoilict/share/BigOil/document_generator/datasets/documents_2021_12_28/30schl03_20211228_165859_3332198151_600_800.png,30schl03_20211228_165859_3332198151_600_800_mask.png,Temperature (ºC)
25,4,50,8,181,508,231,516,181,508,231,508,231,516,181,516,sub_line_text,figure_text,figure_5,,,,30schl03_20211228_165859_3332198151_600_800.png,/scratch/parceirosbr/bigoilict/share/BigOil/document_generator/datasets/documents_2021_12_28/30schl03_20211228_165859_3332198151_600_800.png,30schl03_20211228_165859_3332198151_600_800_mask.png,Temperature (ºC)
16,3,32,7,150,496,182,503,150,496,182,496,182,503,150,503,text,figure_text,figure_5,,,,30schl03_20211228_165859_3332198151_600_800.png,/scratch/parceirosbr/bigoilict/share/BigOil/document_generator/datasets/documents_2021_12_28/30schl03_20211228_165859_3332198151_600_800.png,30schl03_20211228_165859_3332198151_600_800_mask.png,-9070.53%
16,3,32,7,150,496,182,503,150,496,182,496,182,503,150,503,sub_line_text,figure_text,figure_5,,,,30schl03_20211228_165859_3332198151_600_800.png,/scratch/parceirosbr/bigoilict/share/BigOil/document_generator/datasets/documents_2021_12_28/30schl03_20211228_165859_3332198151_600_800.png,30schl03_20211228_165859_3332198151_600_800_mask.png,-9070.53%
7,5,15,11,401,11,416,22,401,11,416,11,416,22,401,22,sub_line_text,subtitle,subtitle_0,raleway,bold,9,30schl03_20211228_165859_3332198151_600_800.png,/scratch/parceirosbr/bigoilict/share/BigOil/document_generator/datasets/documents_2021_12_28/30schl03_20211228_165859_3332198151_600_800.png,30schl03_20211228_165859_3332198151_600_800_mask.png,As
7,5,15,11,401,11,416,22,401,11,416,11,416,22,401,22,title,subtitle,subtitle_1,raleway,bold,9,30schl03_20211228_165859_3332198151_600_800.png,/scratch/parceirosbr/bigoilict/share/BigOil/document_generator/datasets/documents_2021_12_28/30schl03_20211228_165859_3332198151_600_800.png,30schl03_20211228_165859_3332198151_600_800_mask.png,
85,5,171,10,401,29,572,39,401,29,572,29,572,39,401,39,sub_line_text,text,text_0,raleway,regular,8,30schl03_20211228_165859_3332198151_600_800.png,/scratch/parceirosbr/bigoilict/share/BigOil/document_generator/datasets/documents_2021_12_28/30schl03_20211228_165859_3332198151_600_800.png,30schl03_20211228_165859_3332198151_600_800_mask.png,"Since  the  beginning of the year, nine more"
85,5,170,10,401,39,571,49,401,39,571,39,571,49,401,49,sub_line_text,text,text_0,raleway,regular,8,30schl03_20211228_165859_3332198151_600_800.png,/scratch/parceirosbr/bigoilict/share/BigOil/document_generator/datasets/documents_2021_12_28/30schl03_20211228_165859_3332198151_600_800.png,30schl03_20211228_165859_3332198151_600_800_mask.png,"authorizations  have  been  granted, one for"
85,5,171,10,401,49,572,59,401,49,572,49,572,59,401,59,sub_line_text,text,text_0,raleway,regular,8,30schl03_20211228_165859_3332198151_600_800.png,/scratch/parceirosbr/bigoilict/share/BigOil/document_generator/datasets/documents_2021_12_28/30schl03_20211228_165859_3332198151_600_800.png,30schl03_20211228_165859_3332198151_600_800_mask.png,"pipeline construction, four for operation an-"
85,5,171,10,401,59,572,69,401,59,572,59,572,69,401,69,sub_line_text,text,text_0,raleway,regular,8,30schl03_20211228_165859_3332198151_600_800.png,/scratch/parceirosbr/bigoilict/share/BigOil/document_generator/datasets/documents_2021_12_28/30schl03_20211228_165859_3332198151_600_800.png,30schl03_20211228_165859_3332198151_600_800_mask.png,d  four for import.é uma das enzimas fúngic-
85,5,171,10,401,69,572,79,401,69,572,69,572,79,401,79,sub_line_text,text,text_0,raleway,regular,8,30schl03_20211228_165859_3332198151_600_800.png,/scratch/parceirosbr/bigoilict/share/BigOil/document_generator/datasets/documents_2021_12_28/30schl03_20211228_165859_3332198151_600_800.png,30schl03_20211228_165859_3332198151_600_800_mask.png,as  mais amplamente envolvidas na biotrans-
85,5,171,10,401,79,572,89,401,79,572,79,572,89,401,89,sub_line_text,text,text_0,raleway,regular,8,30schl03_20211228_165859_3332198151_600_800.png,/scratch/parceirosbr/bigoilict/share/BigOil/document_generator/datasets/documents_2021_12_28/30schl03_20211228_165859_3332198151_600_800.png,30schl03_20211228_165859_3332198151_600_800_mask.png,formação de compostos aromáticos.implem-
85,5,171,10,401,89,572,99,401,89,572,89,572,99,401,99,sub_line_text,text,text_0,raleway,regular,8,30schl03_20211228_165859_3332198151_600_800.png,/scratch/parceirosbr/bigoilict/share/BigOil/document_generator/datasets/documents_2021_12_28/30schl03_20211228_165859_3332198151_600_800.png,30schl03_20211228_165859_3332198151_600_800_mask.png,entação  de  medidas de estímulo à concorr-
85,5,170,10,401,99,571,109,401,99,571,99,571,109,401,109,sub_line_text,text,text_0,raleway,regular,8,30schl03_20211228_165859_3332198151_600_800.png,/scratch/parceirosbr/bigoilict/share/BigOil/document_generator/datasets/documents_2021_12_28/30schl03_20211228_165859_3332198151_600_800.png,30schl03_20211228_165859_3332198151_600_800_mask.png,ência que limitem a concentração de merca-
85,5,170,10,401,109,571,119,401,109,571,109,571,119,401,119,sub_line_text,text,text_0,raleway,regular,8,30schl03_20211228_165859_3332198151_600_800.png,/scratch/parceirosbr/bigoilict/share/BigOil/document_generator/datasets/documents_2021_12_28/30schl03_20211228_165859_3332198151_600_800.png,30schl03_20211228_165859_3332198151_600_800_mask.png,do  e promovam efetivamente a competição
85,5,170,10,401,119,571,129,401,119,571,119,571,129,401,129,sub_line_text,text,text_0,raleway,regular,8,30schl03_20211228_165859_3332198151_600_800.png,/scratch/parceirosbr/bigoilict/share/BigOil/document_generator/datasets/documents_2021_12_28/30schl03_20211228_165859_3332198151_600_800.png,30schl03_20211228_165859_3332198151_600_800_mask.png,na  oferta de gás natural;.A partir dos valore-
85,5,171,10,401,129,572,139,401,129,572,129,572,139,401,139,sub_line_text,text,text_0,raleway,regular,8,30schl03_20211228_165859_3332198151_600_800.png,/scratch/parceirosbr/bigoilict/share/BigOil/document_generator/datasets/documents_2021_12_28/30schl03_20211228_165859_3332198151_600_800.png,30schl03_20211228_165859_3332198151_600_800_mask.png,s dos pesos moleculares nominais dos hom-
85,5,170,10,401,139,571,149,401,139,571,139,571,149,401,149,sub_line_text,text,text_0,raleway,regular,8,30schl03_20211228_165859_3332198151_600_800.png,/scratch/parceirosbr/bigoilict/share/BigOil/document_generator/datasets/documents_2021_12_28/30schl03_20211228_165859_3332198151_600_800.png,30schl03_20211228_165859_3332198151_600_800_mask.png,opolímeros  e dos ácidos graxos determino-
85,5,170,10,401,149,571,159,401,149,571,149,571,159,401,159,sub_line_text,text,text_0,raleway,regular,8,30schl03_20211228_165859_3332198151_600_800.png,/scratch/parceirosbr/bigoilict/share/BigOil/document_generator/datasets/documents_2021_12_28/30schl03_20211228_165859_3332198151_600_800.png,30schl03_20211228_165859_3332198151_600_800_mask.png,u-se o peso molecular nominal dos polímer-
31,5,63,10,401,159,464,169,401,159,464,159,464,169,401,169,sub_line_text,text,text_0,raleway,regular,8,30schl03_20211228_165859_3332198151_600_800.png,/scratch/parceirosbr/bigoilict/share/BigOil/document_generator/datasets/documents_2021_12_28/30schl03_20211228_165859_3332198151_600_800.png,30schl03_20211228_165859_3332198151_600_800_mask.png,os modificados.
85,70,171,140,401,29,572,169,401,29,572,29,572,169,401,169,text,text,text_1,raleway,regular,8,30schl03_20211228_165859_3332198151_600_800.png,/scratch/parceirosbr/bigoilict/share/BigOil/document_generator/datasets/documents_2021_12_28/30schl03_20211228_165859_3332198151_600_800.png,30schl03_20211228_165859_3332198151_600_800_mask.png,
22,5,45,11,401,186,446,197,401,186,446,186,446,197,401,197,sub_line_text,subtitle,subtitle_1,raleway,bold,9,30schl03_20211228_165859_3332198151_600_800.png,/scratch/parceirosbr/bigoilict/share/BigOil/document_generator/datasets/documents_2021_12_28/30schl03_20211228_165859_3332198151_600_800.png,30schl03_20211228_165859_3332198151_600_800_mask.png,Argentine
22,5,45,11,401,186,446,197,401,186,446,186,446,197,401,197,title,subtitle,subtitle_2,raleway,bold,9,30schl03_20211228_165859_3332198151_600_800.png,/scratch/parceirosbr/bigoilict/share/BigOil/document_generator/datasets/documents_2021_12_28/30schl03_20211228_165859_3332198151_600_800.png,30schl03_20211228_165859_3332198151_600_800_mask.png,
85,5,170,10,401,203,571,213,401,203,571,203,571,213,401,213,sub_line_text,text,text_1,raleway,regular,8,30schl03_20211228_165859_3332198151_600_800.png,/scratch/parceirosbr/bigoilict/share/BigOil/document_generator/datasets/documents_2021_12_28/30schl03_20211228_165859_3332198151_600_800.png,30schl03_20211228_165859_3332198151_600_800_mask.png,Os  dados para pagamento das de através d-
85,5,171,10,401,213,572,223,401,213,572,213,572,223,401,223,sub_line_text,text,text_1,raleway,regular,8,30schl03_20211228_165859_3332198151_600_800.png,/scratch/parceirosbr/bigoilict/share/BigOil/document_generator/datasets/documents_2021_12_28/30schl03_20211228_165859_3332198151_600_800.png,30schl03_20211228_165859_3332198151_600_800_mask.png,e  anteriormente  constantes  do da de fora-
85,5,171,10,401,223,572,233,401,223,572,223,572,233,401,233,sub_line_text,text,text_1,raleway,regular,8,30schl03_20211228_165859_3332198151_600_800.png,/scratch/parceirosbr/bigoilict/share/BigOil/document_generator/datasets/documents_2021_12_28/30schl03_20211228_165859_3332198151_600_800.png,30schl03_20211228_165859_3332198151_600_800_mask.png,"m incluídos nesta subseção, para tornar mai-"
85,5,171,10,401,233,572,243,401,233,572,233,572,243,401,243,sub_line_text,text,text_1,raleway,regular,8,30schl03_20211228_165859_3332198151_600_800.png,/scratch/parceirosbr/bigoilict/share/BigOil/document_generator/datasets/documents_2021_12_28/30schl03_20211228_165859_3332198151_600_800.png,30schl03_20211228_165859_3332198151_600_800_mask.png,s  clara  à interpretação do.Due to the limite-
85,5,171,10,401,243,572,253,401,243,572,243,572,253,401,253,sub_line_text,text,text_1,raleway,regular,8,30schl03_20211228_165859_3332198151_600_800.png,/scratch/parceirosbr/bigoilict/share/BigOil/document_generator/datasets/documents_2021_12_28/30schl03_20211228_165859_3332198151_600_800.png,30schl03_20211228_165859_3332198151_600_800_mask.png,"d  number of samples for the deep ocean, t-"
85,5,171,10,401,253,572,263,401,253,572,253,572,263,401,263,sub_line_text,text,text_1,raleway,regular,8,30schl03_20211228_165859_3332198151_600_800.png,/scratch/parceirosbr/bigoilict/share/BigOil/document_generator/datasets/documents_2021_12_28/30schl03_20211228_165859_3332198151_600_800.png,30schl03_20211228_165859_3332198151_600_800_mask.png,hese  work obtained the faciology for the b-
85,5,170,10,401,263,571,273,401,263,571,263,571,273,401,273,sub_line_text,text,text_1,raleway,regular,8,30schl03_20211228_165859_3332198151_600_800.png,/scratch/parceirosbr/bigoilict/share/BigOil/document_generator/datasets/documents_2021_12_28/30schl03_20211228_165859_3332198151_600_800.png,30schl03_20211228_165859_3332198151_600_800_mask.png,asin  only  in  the  shelf and slope.Para a aNP
85,5,171,10,401,273,572,283,401,273,572,273,572,283,401,283,sub_line_text,text,text_1,raleway,regular,8,30schl03_20211228_165859_3332198151_600_800.png,/scratch/parceirosbr/bigoilict/share/BigOil/document_generator/datasets/documents_2021_12_28/30schl03_20211228_165859_3332198151_600_800.png,30schl03_20211228_165859_3332198151_600_800_mask.png,e  entes públicos parceiros na fiscalização d-
85,5,171,10,401,283,572,293,401,283,572,283,572,293,401,293,sub_line_text,text,text_1,raleway,regular,8,30schl03_20211228_165859_3332198151_600_800.png,/scratch/parceirosbr/bigoilict/share/BigOil/document_generator/datasets/documents_2021_12_28/30schl03_20211228_165859_3332198151_600_800.png,30schl03_20211228_165859_3332198151_600_800_mask.png,"o  abastecimento,  os resultados do são bas-"
85,5,170,10,401,293,571,303,401,293,571,293,571,303,401,303,sub_line_text,text,text_1,raleway,regular,8,30schl03_20211228_165859_3332198151_600_800.png,/scratch/parceirosbr/bigoilict/share/BigOil/document_generator/datasets/documents_2021_12_28/30schl03_20211228_165859_3332198151_600_800.png,30schl03_20211228_165859_3332198151_600_800_mask.png,e  para  planejamentos.a  ideia  deste da dos
85,5,170,10,401,303,571,313,401,303,571,303,571,313,401,313,sub_line_text,text,text_1,raleway,regular,8,30schl03_20211228_165859_3332198151_600_800.png,/scratch/parceirosbr/bigoilict/share/BigOil/document_generator/datasets/documents_2021_12_28/30schl03_20211228_165859_3332198151_600_800.png,30schl03_20211228_165859_3332198151_600_800_mask.png,no em 2010 é que se constitua em fonte ad-
85,5,170,10,401,313,571,323,401,313,571,313,571,323,401,323,sub_line_text,text,text_1,raleway,regular,8,30schl03_20211228_165859_3332198151_600_800.png,/scratch/parceirosbr/bigoilict/share/BigOil/document_generator/datasets/documents_2021_12_28/30schl03_20211228_165859_3332198151_600_800.png,30schl03_20211228_165859_3332198151_600_800_mask.png,icional  de informações sobre a qualidade d-
85,5,171,10,401,323,572,333,401,323,572,323,572,333,401,333,sub_line_text,text,text_1,raleway,regular,8,30schl03_20211228_165859_3332198151_600_800.png,/scratch/parceirosbr/bigoilict/share/BigOil/document_generator/datasets/documents_2021_12_28/30schl03_20211228_165859_3332198151_600_800.png,30schl03_20211228_165859_3332198151_600_800_mask.png,"os combustíveis, com uma abordagem difer-"
85,5,170,10,401,333,571,343,401,333,571,333,571,343,401,343,sub_line_text,text,text_1,raleway,regular,8,30schl03_20211228_165859_3332198151_600_800.png,/scratch/parceirosbr/bigoilict/share/BigOil/document_generator/datasets/documents_2021_12_28/30schl03_20211228_165859_3332198151_600_800.png,30schl03_20211228_165859_3332198151_600_800_mask.png,"ente,  que  explica e consolida os dados div-"
85,5,170,10,401,343,571,353,401,343,571,343,571,353,401,353,sub_line_text,text,text_1,raleway,regular,8,30schl03_20211228_165859_3332198151_600_800.png,/scratch/parceirosbr/bigoilict/share/BigOil/document_generator/datasets/documents_2021_12_28/30schl03_20211228_165859_3332198151_600_800.png,30schl03_20211228_165859_3332198151_600_800_mask.png,ulgados  ao  longo do ano passado nas ediç-
32,5,65,10,401,353,466,363,401,353,466,353,466,363,401,363,sub_line_text,text,text_1,raleway,regular,8,30schl03_20211228_165859_3332198151_600_800.png,/scratch/parceirosbr/bigoilict/share/BigOil/document_generator/datasets/documents_2021_12_28/30schl03_20211228_165859_3332198151_600_800.png,30schl03_20211228_165859_3332198151_600_800_mask.png,ões mensais do.
85,80,171,160,401,203,572,363,401,203,572,203,572,363,401,363,text,text,text_2,raleway,regular,8,30schl03_20211228_165859_3332198151_600_800.png,/scratch/parceirosbr/bigoilict/share/BigOil/document_generator/datasets/documents_2021_12_28/30schl03_20211228_165859_3332198151_600_800.png,30schl03_20211228_165859_3332198151_600_800_mask.png,
32,5,64,11,401,379,465,390,401,379,465,379,465,390,401,390,sub_line_text,subtitle,subtitle_2,raleway,bold,9,30schl03_20211228_165859_3332198151_600_800.png,/scratch/parceirosbr/bigoilict/share/BigOil/document_generator/datasets/documents_2021_12_28/30schl03_20211228_165859_3332198151_600_800.png,30schl03_20211228_165859_3332198151_600_800_mask.png,Analisando-se
32,5,64,11,401,379,465,390,401,379,465,379,465,390,401,390,title,subtitle,subtitle_3,raleway,bold,9,30schl03_20211228_165859_3332198151_600_800.png,/scratch/parceirosbr/bigoilict/share/BigOil/document_generator/datasets/documents_2021_12_28/30schl03_20211228_165859_3332198151_600_800.png,30schl03_20211228_165859_3332198151_600_800_mask.png,
85,5,170,10,401,396,571,406,401,396,571,396,571,406,401,406,sub_line_text,text,text_2,raleway,regular,8,30schl03_20211228_165859_3332198151_600_800.png,/scratch/parceirosbr/bigoilict/share/BigOil/document_generator/datasets/documents_2021_12_28/30schl03_20211228_165859_3332198151_600_800.png,30schl03_20211228_165859_3332198151_600_800_mask.png,O  fator de proporcionalidade entre a tensã-
85,5,171,10,401,406,572,416,401,406,572,406,572,416,401,416,sub_line_text,text,text_2,raleway,regular,8,30schl03_20211228_165859_3332198151_600_800.png,/scratch/parceirosbr/bigoilict/share/BigOil/document_generator/datasets/documents_2021_12_28/30schl03_20211228_165859_3332198151_600_800.png,30schl03_20211228_165859_3332198151_600_800_mask.png,o  máxima  nesse  local  e a tensão nominal é
85,5,171,10,401,416,572,426,401,416,572,416,572,426,401,426,sub_line_text,text,text_2,raleway,regular,8,30schl03_20211228_165859_3332198151_600_800.png,/scratch/parceirosbr/bigoilict/share/BigOil/document_generator/datasets/documents_2021_12_28/30schl03_20211228_165859_3332198151_600_800.png,30schl03_20211228_165859_3332198151_600_800_mask.png,chamado  de fator de concentração de tens-
85,5,170,10,401,426,571,436,401,426,571,426,571,436,401,436,sub_line_text,text,text_2,raleway,regular,8,30schl03_20211228_165859_3332198151_600_800.png,/scratch/parceirosbr/bigoilict/share/BigOil/document_generator/datasets/documents_2021_12_28/30schl03_20211228_165859_3332198151_600_800.png,30schl03_20211228_165859_3332198151_600_800_mask.png,"ão.No  entanto,  as equações do movimento"
85,5,170,10,401,436,571,446,401,436,571,436,571,446,401,446,sub_line_text,text,text_2,raleway,regular,8,30schl03_20211228_165859_3332198151_600_800.png,/scratch/parceirosbr/bigoilict/share/BigOil/document_generator/datasets/documents_2021_12_28/30schl03_20211228_165859_3332198151_600_800.png,30schl03_20211228_165859_3332198151_600_800_mask.png,para as direções x e r não envolvem a press-
85,5,170,10,401,446,571,456,401,446,571,446,571,456,401,456,sub_line_text,text,text_2,raleway,regular,8,30schl03_20211228_165859_3332198151_600_800.png,/scratch/parceirosbr/bigoilict/share/BigOil/document_generator/datasets/documents_2021_12_28/30schl03_20211228_165859_3332198151_600_800.png,30schl03_20211228_165859_3332198151_600_800_mask.png,ão no volume acarretando na avaliação do g-
85,5,170,10,401,456,571,466,401,456,571,456,571,466,401,466,sub_line_text,text,text_2,raleway,regular,8,30schl03_20211228_165859_3332198151_600_800.png,/scratch/parceirosbr/bigoilict/share/BigOil/document_generator/datasets/documents_2021_12_28/30schl03_20211228_165859_3332198151_600_800.png,30schl03_20211228_165859_3332198151_600_800_mask.png,radiente  de  pressão  em uma malha menos
85,5,171,10,401,466,572,476,401,466,572,466,572,476,401,476,sub_line_text,text,text_2,raleway,regular,8,30schl03_20211228_165859_3332198151_600_800.png,/scratch/parceirosbr/bigoilict/share/BigOil/document_generator/datasets/documents_2021_12_28/30schl03_20211228_165859_3332198151_600_800.png,30schl03_20211228_165859_3332198151_600_800_mask.png,refinada.Com  base  no mapa dos mecanism-
85,5,171,10,401,476,572,486,401,476,572,476,572,486,401,486,sub_line_text,text,text_2,raleway,regular,8,30schl03_20211228_165859_3332198151_600_800.png,/scratch/parceirosbr/bigoilict/share/BigOil/document_generator/datasets/documents_2021_12_28/30schl03_20211228_165859_3332198151_600_800.png,30schl03_20211228_165859_3332198151_600_800_mask.png,"os  de deformacao, varios auto-res propuse-"
85,5,171,10,401,486,572,496,401,486,572,486,572,496,401,496,sub_line_text,text,text_2,raleway,regular,8,30schl03_20211228_165859_3332198151_600_800.png,/scratch/parceirosbr/bigoilict/share/BigOil/document_generator/datasets/documents_2021_12_28/30schl03_20211228_165859_3332198151_600_800.png,30schl03_20211228_165859_3332198151_600_800_mask.png,"ram  teorias constitutivas, como por exempl-"
85,5,171,10,401,496,572,506,401,496,572,496,572,506,401,506,sub_line_text,text,text_2,raleway,regular,8,30schl03_20211228_165859_3332198151_600_800.png,/scratch/parceirosbr/bigoilict/share/BigOil/document_generator/datasets/documents_2021_12_28/30schl03_20211228_165859_3332198151_600_800.png,30schl03_20211228_165859_3332198151_600_800_mask.png,"o,  e  o modelo de e o modelo e et al o mod-"
85,5,170,10,401,506,571,516,401,506,571,506,571,516,401,516,sub_line_text,text,text_2,raleway,regular,8,30schl03_20211228_165859_3332198151_600_800.png,/scratch/parceirosbr/bigoilict/share/BigOil/document_generator/datasets/documents_2021_12_28/30schl03_20211228_165859_3332198151_600_800.png,30schl03_20211228_165859_3332198151_600_800_mask.png,"elo  de.Tests  were carried out at 70 C, 90 C,"
85,5,171,10,401,516,572,526,401,516,572,516,572,526,401,526,sub_line_text,text,text_2,raleway,regular,8,30schl03_20211228_165859_3332198151_600_800.png,/scratch/parceirosbr/bigoilict/share/BigOil/document_generator/datasets/documents_2021_12_28/30schl03_20211228_165859_3332198151_600_800.png,30schl03_20211228_165859_3332198151_600_800_mask.png,110 C and 130 C.Much of the energy consum-
85,5,171,10,401,526,572,536,401,526,572,526,572,536,401,536,sub_line_text,text,text_2,raleway,regular,8,30schl03_20211228_165859_3332198151_600_800.png,/scratch/parceirosbr/bigoilict/share/BigOil/document_generator/datasets/documents_2021_12_28/30schl03_20211228_165859_3332198151_600_800.png,30schl03_20211228_165859_3332198151_600_800_mask.png,"ed  in the world comes from oil, coal and na-"
85,5,171,10,401,536,572,546,401,536,572,536,572,546,401,546,sub_line_text,text,text_2,raleway,regular,8,30schl03_20211228_165859_3332198151_600_800.png,/scratch/parceirosbr/bigoilict/share/BigOil/document_generator/datasets/documents_2021_12_28/30schl03_20211228_165859_3332198151_600_800.png,30schl03_20211228_165859_3332198151_600_800_mask.png,tural  gas.The  carbon  radical can react again
85,5,171,10,401,546,572,556,401,546,572,546,572,556,401,556,sub_line_text,text,text_2,raleway,regular,8,30schl03_20211228_165859_3332198151_600_800.png,/scratch/parceirosbr/bigoilict/share/BigOil/document_generator/datasets/documents_2021_12_28/30schl03_20211228_165859_3332198151_600_800.png,30schl03_20211228_165859_3332198151_600_800_mask.png,"with  oxygen, if present, and continue to pr-"
85,5,170,10,401,556,571,566,401,556,571,556,571,566,401,566,sub_line_text,text,text_2,raleway,regular,8,30schl03_20211228_165859_3332198151_600_800.png,/scratch/parceirosbr/bigoilict/share/BigOil/document_generator/datasets/documents_2021_12_28/30schl03_20211228_165859_3332198151_600_800.png,30schl03_20211228_165859_3332198151_600_800_mask.png,opagate the reaction.The 1 presents the ch-
85,5,171,10,401,566,572,576,401,566,572,566,572,576,401,576,sub_line_text,text,text_2,raleway,regular,8,30schl03_20211228_165859_3332198151_600_800.png,/scratch/parceirosbr/bigoilict/share/BigOil/document_generator/datasets/documents_2021_12_28/30schl03_20211228_165859_3332198151_600_800.png,30schl03_20211228_165859_3332198151_600_800_mask.png,aracteristics of some more capable smartph-
85,5,170,10,401,576,571,586,401,576,571,576,571,586,401,586,sub_line_text,text,text_2,raleway,regular,8,30schl03_20211228_165859_3332198151_600_800.png,/scratch/parceirosbr/bigoilict/share/BigOil/document_generator/datasets/documents_2021_12_28/30schl03_20211228_165859_3332198151_600_800.png,30schl03_20211228_165859_3332198151_600_800_mask.png,"ones  launched between 2013 and 2014, poi-"
85,5,170,10,401,586,571,596,401,586,571,586,571,596,401,596,sub_line_text,text,text_2,raleway,regular,8,30schl03_20211228_165859_3332198151_600_800.png,/scratch/parceirosbr/bigoilict/share/BigOil/document_generator/datasets/documents_2021_12_28/30schl03_20211228_165859_3332198151_600_800.png,30schl03_20211228_165859_3332198151_600_800_mask.png,nting out the minimum characteristics of th-
50,5,101,10,401,596,502,606,401,596,502,596,502,606,401,606,sub_line_text,text,text_2,raleway,regular,8,30schl03_20211228_165859_3332198151_600_800.png,/scratch/parceirosbr/bigoilict/share/BigOil/document_generator/datasets/documents_2021_12_28/30schl03_20211228_165859_3332198151_600_800.png,30schl03_20211228_165859_3332198151_600_800_mask.png,e hardware and software.
85,105,171,210,401,396,572,606,401,396,572,396,572,606,401,606,text,text,text_3,raleway,regular,8,30schl03_20211228_165859_3332198151_600_800.png,/scratch/parceirosbr/bigoilict/share/BigOil/document_generator/datasets/documents_2021_12_28/30schl03_20211228_165859_3332198151_600_800.png,30schl03_20211228_165859_3332198151_600_800_mask.png,
10,5,21,11,401,619,422,630,401,619,422,619,422,630,401,630,sub_line_text,subtitle,subtitle_3,raleway,bold,9,30schl03_20211228_165859_3332198151_600_800.png,/scratch/parceirosbr/bigoilict/share/BigOil/document_generator/datasets/documents_2021_12_28/30schl03_20211228_165859_3332198151_600_800.png,30schl03_20211228_165859_3332198151_600_800_mask.png,The
10,5,21,11,401,619,422,630,401,619,422,619,422,630,401,630,title,subtitle,subtitle_4,raleway,bold,9,30schl03_20211228_165859_3332198151_600_800.png,/scratch/parceirosbr/bigoilict/share/BigOil/document_generator/datasets/documents_2021_12_28/30schl03_20211228_165859_3332198151_600_800.png,30schl03_20211228_165859_3332198151_600_800_mask.png,
85,5,171,10,401,634,572,644,401,634,572,634,572,644,401,644,sub_line_text,text,text_3,raleway,regular,8,30schl03_20211228_165859_3332198151_600_800.png,/scratch/parceirosbr/bigoilict/share/BigOil/document_generator/datasets/documents_2021_12_28/30schl03_20211228_165859_3332198151_600_800.png,30schl03_20211228_165859_3332198151_600_800_mask.png,Figure  4.2  shows the same behavior as in t-
85,5,171,10,401,644,572,654,401,644,572,644,572,654,401,654,sub_line_text,text,text_3,raleway,regular,8,30schl03_20211228_165859_3332198151_600_800.png,/scratch/parceirosbr/bigoilict/share/BigOil/document_generator/datasets/documents_2021_12_28/30schl03_20211228_165859_3332198151_600_800.png,30schl03_20211228_165859_3332198151_600_800_mask.png,"he previous case, showing a slight shift bet-"
85,5,170,10,401,654,571,664,401,654,571,654,571,664,401,664,sub_line_text,text,text_3,raleway,regular,8,30schl03_20211228_165859_3332198151_600_800.png,/scratch/parceirosbr/bigoilict/share/BigOil/document_generator/datasets/documents_2021_12_28/30schl03_20211228_165859_3332198151_600_800.png,30schl03_20211228_165859_3332198151_600_800_mask.png,ween  the blue and red estimate clusters d-
85,5,170,10,401,664,571,674,401,664,571,664,571,674,401,674,sub_line_text,text,text_3,raleway,regular,8,30schl03_20211228_165859_3332198151_600_800.png,/scratch/parceirosbr/bigoilict/share/BigOil/document_generator/datasets/documents_2021_12_28/30schl03_20211228_165859_3332198151_600_800.png,30schl03_20211228_165859_3332198151_600_800_mask.png,ue to the small variation between the struc-
85,5,171,10,401,674,572,684,401,674,572,674,572,684,401,684,sub_line_text,text,text_3,raleway,regular,8,30schl03_20211228_165859_3332198151_600_800.png,/scratch/parceirosbr/bigoilict/share/BigOil/document_generator/datasets/documents_2021_12_28/30schl03_20211228_165859_3332198151_600_800.png,30schl03_20211228_165859_3332198151_600_800_mask.png,tural  indexes and obtained by the two refe-
85,5,171,10,401,684,572,694,401,684,572,684,572,694,401,694,sub_line_text,text,text_3,raleway,regular,8,30schl03_20211228_165859_3332198151_600_800.png,/scratch/parceirosbr/bigoilict/share/BigOil/document_generator/datasets/documents_2021_12_28/30schl03_20211228_165859_3332198151_600_800.png,30schl03_20211228_165859_3332198151_600_800_mask.png,"rred  methods.Assim  sendo, o possui, atual-"
85,5,171,10,401,694,572,704,401,694,572,694,572,704,401,704,sub_line_text,text,text_3,raleway,regular,8,30schl03_20211228_165859_3332198151_600_800.png,/scratch/parceirosbr/bigoilict/share/BigOil/document_generator/datasets/documents_2021_12_28/30schl03_20211228_165859_3332198151_600_800.png,30schl03_20211228_165859_3332198151_600_800_mask.png,"mente,  três  terminais de regaseificação em"
85,5,170,10,401,704,571,714,401,704,571,704,571,714,401,714,sub_line_text,text,text_3,raleway,regular,8,30schl03_20211228_165859_3332198151_600_800.png,/scratch/parceirosbr/bigoilict/share/BigOil/document_generator/datasets/documents_2021_12_28/30schl03_20211228_165859_3332198151_600_800.png,30schl03_20211228_165859_3332198151_600_800_mask.png,"três  estados brasileiros, dois no nordeste e"
85,5,170,10,401,714,571,724,401,714,571,714,571,724,401,724,sub_line_text,text,text_3,raleway,regular,8,30schl03_20211228_165859_3332198151_600_800.png,/scratch/parceirosbr/bigoilict/share/BigOil/document_generator/datasets/documents_2021_12_28/30schl03_20211228_165859_3332198151_600_800.png,30schl03_20211228_165859_3332198151_600_800_mask.png,um no sudeste.The paleodrainings with flo-
85,5,170,10,401,724,571,734,401,724,571,724,571,734,401,734,sub_line_text,text,text_3,raleway,regular,8,30schl03_20211228_165859_3332198151_600_800.png,/scratch/parceirosbr/bigoilict/share/BigOil/document_generator/datasets/documents_2021_12_28/30schl03_20211228_165859_3332198151_600_800.png,30schl03_20211228_165859_3332198151_600_800_mask.png,w 49 are parallel to the main structure of th-
85,5,170,10,401,734,571,744,401,734,571,734,571,744,401,744,sub_line_text,text,text_3,raleway,regular,8,30schl03_20211228_165859_3332198151_600_800.png,/scratch/parceirosbr/bigoilict/share/BigOil/document_generator/datasets/documents_2021_12_28/30schl03_20211228_165859_3332198151_600_800.png,30schl03_20211228_165859_3332198151_600_800_mask.png,"e basin, suggesting morphostructural cond-"
59,5,118,10,401,744,519,754,401,744,519,744,519,754,401,754,sub_line_text,text,text_3,raleway,regular,8,30schl03_20211228_165859_3332198151_600_800.png,/scratch/parceirosbr/bigoilict/share/BigOil/document_generator/datasets/documents_2021_12_28/30schl03_20211228_165859_3332198151_600_800.png,30schl03_20211228_165859_3332198151_600_800_mask.png,itioning of the paleodrainings.
85,60,171,120,401,634,572,754,401,634,572,634,572,754,401,754,text,text,text_4,raleway,regular,8,30schl03_20211228_165859_3332198151_600_800.png,/scratch/parceirosbr/bigoilict/share/BigOil/document_generator/datasets/documents_2021_12_28/30schl03_20211228_165859_3332198151_600_800.png,30schl03_20211228_165859_3332198151_600_800_mask.png,
