center_x,center_y,width,height,xmin,ymin,xmax,ymax,top_left_x,top_left_y,top_right_x,top_right_y,bottom_right_x,bottom_right_y,bottom_left_x,bottom_left_y,label,grouplabel,group,text_font,text_style,size_font,filename,path,filename_mask,content
300,400,600,800,0,0,600,800,0,0,600,0,600,800,0,800,document,,,,,,30schl03_20211228_165850_2618524880_600_800.png,/scratch/parceirosbr/bigoilict/share/BigOil/document_generator/datasets/documents_2021_12_28/30schl03_20211228_165850_2618524880_600_800.png,30schl03_20211228_165850_2618524880_600_800_mask.png,
183,5,366,11,7,12,373,23,7,12,373,12,373,23,7,23,sub_line_text,figure_legend,figure_0,courier,regular,10,30schl03_20211228_165850_2618524880_600_800.png,/scratch/parceirosbr/bigoilict/share/BigOil/document_generator/datasets/documents_2021_12_28/30schl03_20211228_165850_2618524880_600_800.png,30schl03_20211228_165850_2618524880_600_800_mask.png,"If the series is deflated by, the series of the real fuel p-"
183,5,366,11,7,23,373,34,7,23,373,23,373,34,7,34,sub_line_text,figure_legend,figure_0,courier,regular,10,30schl03_20211228_165850_2618524880_600_800.png,/scratch/parceirosbr/bigoilict/share/BigOil/document_generator/datasets/documents_2021_12_28/30schl03_20211228_165850_2618524880_600_800.png,30schl03_20211228_165850_2618524880_600_800_mask.png,rice index for the period from December 2003 to December 20-
183,5,366,11,7,34,373,45,7,34,373,34,373,45,7,45,sub_line_text,figure_legend,figure_0,courier,regular,10,30schl03_20211228_165850_2618524880_600_800.png,/scratch/parceirosbr/bigoilict/share/BigOil/document_generator/datasets/documents_2021_12_28/30schl03_20211228_165850_2618524880_600_800.png,30schl03_20211228_165850_2618524880_600_800_mask.png,10 is obtained.Conforme apud no princípio do estágio produt-
33,5,66,11,7,45,73,56,7,45,73,45,73,56,7,56,sub_line_text,figure_legend,figure_0,courier,regular,10,30schl03_20211228_165850_2618524880_600_800.png,/scratch/parceirosbr/bigoilict/share/BigOil/document_generator/datasets/documents_2021_12_28/30schl03_20211228_165850_2618524880_600_800.png,30schl03_20211228_165850_2618524880_600_800_mask.png,ivo de um.
185,22,370,44,7,12,377,56,7,12,377,12,377,56,7,56,text,figure_legend,figure_1,courier,regular,10,30schl03_20211228_165850_2618524880_600_800.png,/scratch/parceirosbr/bigoilict/share/BigOil/document_generator/datasets/documents_2021_12_28/30schl03_20211228_165850_2618524880_600_800.png,30schl03_20211228_165850_2618524880_600_800_mask.png,
158,95,316,190,34,97,350,287,34,97,350,97,350,287,34,287,image,figure_image,figure_1,,,,30schl03_20211228_165850_2618524880_600_800.png,/scratch/parceirosbr/bigoilict/share/BigOil/document_generator/datasets/documents_2021_12_28/30schl03_20211228_165850_2618524880_600_800.png,30schl03_20211228_165850_2618524880_600_800_mask.png,output/gen_img_20211228_165850_2124732269.png
6,2,13,4,302,197,315,201,302,197,315,197,315,201,302,201,text,figure_text,figure_1,,,,30schl03_20211228_165850_2618524880_600_800.png,/scratch/parceirosbr/bigoilict/share/BigOil/document_generator/datasets/documents_2021_12_28/30schl03_20211228_165850_2618524880_600_800.png,30schl03_20211228_165850_2618524880_600_800_mask.png,-5617.4
6,2,13,4,302,197,315,201,302,197,315,197,315,201,302,201,sub_line_text,figure_text,figure_1,,,,30schl03_20211228_165850_2618524880_600_800.png,/scratch/parceirosbr/bigoilict/share/BigOil/document_generator/datasets/documents_2021_12_28/30schl03_20211228_165850_2618524880_600_800.png,30schl03_20211228_165850_2618524880_600_800_mask.png,-5617.4
7,2,14,4,66,160,80,164,66,160,80,160,80,164,66,164,text,figure_text,figure_1,,,,30schl03_20211228_165850_2618524880_600_800.png,/scratch/parceirosbr/bigoilict/share/BigOil/document_generator/datasets/documents_2021_12_28/30schl03_20211228_165850_2618524880_600_800.png,30schl03_20211228_165850_2618524880_600_800_mask.png,Level [kl]
7,2,14,4,66,160,80,164,66,160,80,160,80,164,66,164,sub_line_text,figure_text,figure_1,,,,30schl03_20211228_165850_2618524880_600_800.png,/scratch/parceirosbr/bigoilict/share/BigOil/document_generator/datasets/documents_2021_12_28/30schl03_20211228_165850_2618524880_600_800.png,30schl03_20211228_165850_2618524880_600_800_mask.png,Level [kl]
7,2,14,5,138,125,152,130,138,125,152,125,152,130,138,130,text,figure_text,figure_1,,,,30schl03_20211228_165850_2618524880_600_800.png,/scratch/parceirosbr/bigoilict/share/BigOil/document_generator/datasets/documents_2021_12_28/30schl03_20211228_165850_2618524880_600_800.png,30schl03_20211228_165850_2618524880_600_800_mask.png,Liters (L)
7,2,14,5,138,125,152,130,138,125,152,125,152,130,138,130,sub_line_text,figure_text,figure_1,,,,30schl03_20211228_165850_2618524880_600_800.png,/scratch/parceirosbr/bigoilict/share/BigOil/document_generator/datasets/documents_2021_12_28/30schl03_20211228_165850_2618524880_600_800.png,30schl03_20211228_165850_2618524880_600_800_mask.png,Liters (L)
8,1,16,3,155,214,171,217,155,214,171,214,171,217,155,217,text,figure_text,figure_1,,,,30schl03_20211228_165850_2618524880_600_800.png,/scratch/parceirosbr/bigoilict/share/BigOil/document_generator/datasets/documents_2021_12_28/30schl03_20211228_165850_2618524880_600_800.png,30schl03_20211228_165850_2618524880_600_800_mask.png,Simulation
8,1,16,3,155,214,171,217,155,214,171,214,171,217,155,217,sub_line_text,figure_text,figure_1,,,,30schl03_20211228_165850_2618524880_600_800.png,/scratch/parceirosbr/bigoilict/share/BigOil/document_generator/datasets/documents_2021_12_28/30schl03_20211228_165850_2618524880_600_800.png,30schl03_20211228_165850_2618524880_600_800_mask.png,Simulation
8,2,17,4,88,165,105,169,88,165,105,165,105,169,88,169,text,figure_text,figure_1,,,,30schl03_20211228_165850_2618524880_600_800.png,/scratch/parceirosbr/bigoilict/share/BigOil/document_generator/datasets/documents_2021_12_28/30schl03_20211228_165850_2618524880_600_800.png,30schl03_20211228_165850_2618524880_600_800_mask.png,-4181.527
8,2,17,4,88,165,105,169,88,165,105,165,105,169,88,169,sub_line_text,figure_text,figure_1,,,,30schl03_20211228_165850_2618524880_600_800.png,/scratch/parceirosbr/bigoilict/share/BigOil/document_generator/datasets/documents_2021_12_28/30schl03_20211228_165850_2618524880_600_800.png,30schl03_20211228_165850_2618524880_600_800_mask.png,-4181.527
7,2,14,4,42,181,56,185,42,181,56,181,56,185,42,185,text,figure_text,figure_1,,,,30schl03_20211228_165850_2618524880_600_800.png,/scratch/parceirosbr/bigoilict/share/BigOil/document_generator/datasets/documents_2021_12_28/30schl03_20211228_165850_2618524880_600_800.png,30schl03_20211228_165850_2618524880_600_800_mask.png,-6963.49
7,2,14,4,42,181,56,185,42,181,56,181,56,185,42,185,sub_line_text,figure_text,figure_1,,,,30schl03_20211228_165850_2618524880_600_800.png,/scratch/parceirosbr/bigoilict/share/BigOil/document_generator/datasets/documents_2021_12_28/30schl03_20211228_165850_2618524880_600_800.png,30schl03_20211228_165850_2618524880_600_800_mask.png,-6963.49
6,2,13,5,193,148,206,153,193,148,206,148,206,153,193,153,text,figure_text,figure_1,,,,30schl03_20211228_165850_2618524880_600_800.png,/scratch/parceirosbr/bigoilict/share/BigOil/document_generator/datasets/documents_2021_12_28/30schl03_20211228_165850_2618524880_600_800.png,30schl03_20211228_165850_2618524880_600_800_mask.png,Training
6,2,13,5,193,148,206,153,193,148,206,148,206,153,193,153,sub_line_text,figure_text,figure_1,,,,30schl03_20211228_165850_2618524880_600_800.png,/scratch/parceirosbr/bigoilict/share/BigOil/document_generator/datasets/documents_2021_12_28/30schl03_20211228_165850_2618524880_600_800.png,30schl03_20211228_165850_2618524880_600_800_mask.png,Training
4,2,9,4,225,178,234,182,225,178,234,178,234,182,225,182,text,figure_text,figure_1,,,,30schl03_20211228_165850_2618524880_600_800.png,/scratch/parceirosbr/bigoilict/share/BigOil/document_generator/datasets/documents_2021_12_28/30schl03_20211228_165850_2618524880_600_800.png,30schl03_20211228_165850_2618524880_600_800_mask.png,Texts
4,2,9,4,225,178,234,182,225,178,234,178,234,182,225,182,sub_line_text,figure_text,figure_1,,,,30schl03_20211228_165850_2618524880_600_800.png,/scratch/parceirosbr/bigoilict/share/BigOil/document_generator/datasets/documents_2021_12_28/30schl03_20211228_165850_2618524880_600_800.png,30schl03_20211228_165850_2618524880_600_800_mask.png,Texts
15,2,30,5,250,135,280,140,250,135,280,135,280,140,250,140,text,figure_text,figure_1,,,,30schl03_20211228_165850_2618524880_600_800.png,/scratch/parceirosbr/bigoilict/share/BigOil/document_generator/datasets/documents_2021_12_28/30schl03_20211228_165850_2618524880_600_800.png,30schl03_20211228_165850_2618524880_600_800_mask.png,Consumption [MB]
15,2,30,5,250,135,280,140,250,135,280,135,280,140,250,140,sub_line_text,figure_text,figure_1,,,,30schl03_20211228_165850_2618524880_600_800.png,/scratch/parceirosbr/bigoilict/share/BigOil/document_generator/datasets/documents_2021_12_28/30schl03_20211228_165850_2618524880_600_800.png,30schl03_20211228_165850_2618524880_600_800_mask.png,Consumption [MB]
4,1,9,3,97,135,106,138,97,135,106,135,106,138,97,138,text,figure_text,figure_1,,,,30schl03_20211228_165850_2618524880_600_800.png,/scratch/parceirosbr/bigoilict/share/BigOil/document_generator/datasets/documents_2021_12_28/30schl03_20211228_165850_2618524880_600_800.png,30schl03_20211228_165850_2618524880_600_800_mask.png,-9939
4,1,9,3,97,135,106,138,97,135,106,135,106,138,97,138,sub_line_text,figure_text,figure_1,,,,30schl03_20211228_165850_2618524880_600_800.png,/scratch/parceirosbr/bigoilict/share/BigOil/document_generator/datasets/documents_2021_12_28/30schl03_20211228_165850_2618524880_600_800.png,30schl03_20211228_165850_2618524880_600_800_mask.png,-9939
7,2,14,5,85,104,99,109,85,104,99,104,99,109,85,109,text,figure_text,figure_1,,,,30schl03_20211228_165850_2618524880_600_800.png,/scratch/parceirosbr/bigoilict/share/BigOil/document_generator/datasets/documents_2021_12_28/30schl03_20211228_165850_2618524880_600_800.png,30schl03_20211228_165850_2618524880_600_800_mask.png,Level [kl]
7,2,14,5,85,104,99,109,85,104,99,104,99,109,85,109,sub_line_text,figure_text,figure_1,,,,30schl03_20211228_165850_2618524880_600_800.png,/scratch/parceirosbr/bigoilict/share/BigOil/document_generator/datasets/documents_2021_12_28/30schl03_20211228_165850_2618524880_600_800.png,30schl03_20211228_165850_2618524880_600_800_mask.png,Level [kl]
3,1,6,3,313,214,319,217,313,214,319,214,319,217,313,217,text,figure_text,figure_1,,,,30schl03_20211228_165850_2618524880_600_800.png,/scratch/parceirosbr/bigoilict/share/BigOil/document_generator/datasets/documents_2021_12_28/30schl03_20211228_165850_2618524880_600_800.png,30schl03_20211228_165850_2618524880_600_800_mask.png,Unit
3,1,6,3,313,214,319,217,313,214,319,214,319,217,313,217,sub_line_text,figure_text,figure_1,,,,30schl03_20211228_165850_2618524880_600_800.png,/scratch/parceirosbr/bigoilict/share/BigOil/document_generator/datasets/documents_2021_12_28/30schl03_20211228_165850_2618524880_600_800.png,30schl03_20211228_165850_2618524880_600_800_mask.png,Unit
5,2,10,4,99,191,109,195,99,191,109,191,109,195,99,195,text,figure_text,figure_1,,,,30schl03_20211228_165850_2618524880_600_800.png,/scratch/parceirosbr/bigoilict/share/BigOil/document_generator/datasets/documents_2021_12_28/30schl03_20211228_165850_2618524880_600_800.png,30schl03_20211228_165850_2618524880_600_800_mask.png,-2132
5,2,10,4,99,191,109,195,99,191,109,191,109,195,99,195,sub_line_text,figure_text,figure_1,,,,30schl03_20211228_165850_2618524880_600_800.png,/scratch/parceirosbr/bigoilict/share/BigOil/document_generator/datasets/documents_2021_12_28/30schl03_20211228_165850_2618524880_600_800.png,30schl03_20211228_165850_2618524880_600_800_mask.png,-2132
6,1,12,3,317,240,329,243,317,240,329,240,329,243,317,243,text,figure_text,figure_1,,,,30schl03_20211228_165850_2618524880_600_800.png,/scratch/parceirosbr/bigoilict/share/BigOil/document_generator/datasets/documents_2021_12_28/30schl03_20211228_165850_2618524880_600_800.png,30schl03_20211228_165850_2618524880_600_800_mask.png,-1304.1
6,1,12,3,317,240,329,243,317,240,329,240,329,243,317,243,sub_line_text,figure_text,figure_1,,,,30schl03_20211228_165850_2618524880_600_800.png,/scratch/parceirosbr/bigoilict/share/BigOil/document_generator/datasets/documents_2021_12_28/30schl03_20211228_165850_2618524880_600_800.png,30schl03_20211228_165850_2618524880_600_800_mask.png,-1304.1
183,5,366,11,7,314,373,325,7,314,373,314,373,325,7,325,sub_line_text,table_legend,table_0,courier,regular,10,30schl03_20211228_165850_2618524880_600_800.png,/scratch/parceirosbr/bigoilict/share/BigOil/document_generator/datasets/documents_2021_12_28/30schl03_20211228_165850_2618524880_600_800.png,30schl03_20211228_165850_2618524880_600_800_mask.png,Currently the production gain is approximately 45% of the w-
51,5,102,11,7,325,109,336,7,325,109,325,109,336,7,336,sub_line_text,table_legend,table_0,courier,regular,10,30schl03_20211228_165850_2618524880_600_800.png,/scratch/parceirosbr/bigoilict/share/BigOil/document_generator/datasets/documents_2021_12_28/30schl03_20211228_165850_2618524880_600_800.png,30schl03_20211228_165850_2618524880_600_800_mask.png,ell's potential.
185,11,370,22,7,314,377,336,7,314,377,314,377,336,7,336,text,table_legend,table_1,courier,regular,10,30schl03_20211228_165850_2618524880_600_800.png,/scratch/parceirosbr/bigoilict/share/BigOil/document_generator/datasets/documents_2021_12_28/30schl03_20211228_165850_2618524880_600_800.png,30schl03_20211228_165850_2618524880_600_800_mask.png,
153,83,306,167,39,381,345,548,39,381,345,381,345,548,39,548,table,table_image,table_1,,,,30schl03_20211228_165850_2618524880_600_800.png,/scratch/parceirosbr/bigoilict/share/BigOil/document_generator/datasets/documents_2021_12_28/30schl03_20211228_165850_2618524880_600_800.png,30schl03_20211228_165850_2618524880_600_800_mask.png,output/gen_tab_20211228_165851_8240726926.png
7,6,14,12,68,386,82,398,68,386,82,386,82,398,68,398,text,table_text,table_1,arial,regular,10.0,30schl03_20211228_165850_2618524880_600_800.png,/scratch/parceirosbr/bigoilict/share/BigOil/document_generator/datasets/documents_2021_12_28/30schl03_20211228_165850_2618524880_600_800.png,30schl03_20211228_165850_2618524880_600_800_mask.png,em
7,6,14,12,68,386,82,398,68,386,82,386,82,398,68,398,sub_line_text,table_text,table_1,arial,regular,10.0,30schl03_20211228_165850_2618524880_600_800.png,/scratch/parceirosbr/bigoilict/share/BigOil/document_generator/datasets/documents_2021_12_28/30schl03_20211228_165850_2618524880_600_800.png,30schl03_20211228_165850_2618524880_600_800_mask.png,em
24,6,48,12,51,411,99,423,51,411,99,411,99,423,51,423,text,table_text,table_1,arial,bold,10.0,30schl03_20211228_165850_2618524880_600_800.png,/scratch/parceirosbr/bigoilict/share/BigOil/document_generator/datasets/documents_2021_12_28/30schl03_20211228_165850_2618524880_600_800.png,30schl03_20211228_165850_2618524880_600_800_mask.png,indicando
24,6,48,12,51,411,99,423,51,411,99,411,99,423,51,423,sub_line_text,table_text,table_1,arial,bold,10.0,30schl03_20211228_165850_2618524880_600_800.png,/scratch/parceirosbr/bigoilict/share/BigOil/document_generator/datasets/documents_2021_12_28/30schl03_20211228_165850_2618524880_600_800.png,30schl03_20211228_165850_2618524880_600_800_mask.png,indicando
21,6,43,12,53,426,96,438,53,426,96,426,96,438,53,438,text,table_text,table_1,arial,bold,10.0,30schl03_20211228_165850_2618524880_600_800.png,/scratch/parceirosbr/bigoilict/share/BigOil/document_generator/datasets/documents_2021_12_28/30schl03_20211228_165850_2618524880_600_800.png,30schl03_20211228_165850_2618524880_600_800_mask.png,mercado
21,6,43,12,53,426,96,438,53,426,96,426,96,438,53,438,sub_line_text,table_text,table_1,arial,bold,10.0,30schl03_20211228_165850_2618524880_600_800.png,/scratch/parceirosbr/bigoilict/share/BigOil/document_generator/datasets/documents_2021_12_28/30schl03_20211228_165850_2618524880_600_800.png,30schl03_20211228_165850_2618524880_600_800_mask.png,mercado
10,6,21,12,65,441,86,453,65,441,86,441,86,453,65,453,text,table_text,table_1,arial,bold,10.0,30schl03_20211228_165850_2618524880_600_800.png,/scratch/parceirosbr/bigoilict/share/BigOil/document_generator/datasets/documents_2021_12_28/30schl03_20211228_165850_2618524880_600_800.png,30schl03_20211228_165850_2618524880_600_800_mask.png,data
10,6,21,12,65,441,86,453,65,441,86,441,86,453,65,453,sub_line_text,table_text,table_1,arial,bold,10.0,30schl03_20211228_165850_2618524880_600_800.png,/scratch/parceirosbr/bigoilict/share/BigOil/document_generator/datasets/documents_2021_12_28/30schl03_20211228_165850_2618524880_600_800.png,30schl03_20211228_165850_2618524880_600_800_mask.png,data
24,6,48,12,51,456,99,468,51,456,99,456,99,468,51,468,text,table_text,table_1,arial,bold,10.0,30schl03_20211228_165850_2618524880_600_800.png,/scratch/parceirosbr/bigoilict/share/BigOil/document_generator/datasets/documents_2021_12_28/30schl03_20211228_165850_2618524880_600_800.png,30schl03_20211228_165850_2618524880_600_800_mask.png,tamanhos
24,6,48,12,51,456,99,468,51,456,99,456,99,468,51,468,sub_line_text,table_text,table_1,arial,bold,10.0,30schl03_20211228_165850_2618524880_600_800.png,/scratch/parceirosbr/bigoilict/share/BigOil/document_generator/datasets/documents_2021_12_28/30schl03_20211228_165850_2618524880_600_800.png,30schl03_20211228_165850_2618524880_600_800_mask.png,tamanhos
24,6,49,12,51,471,100,483,51,471,100,471,100,483,51,483,text,table_text,table_1,arial,bold,10.0,30schl03_20211228_165850_2618524880_600_800.png,/scratch/parceirosbr/bigoilict/share/BigOil/document_generator/datasets/documents_2021_12_28/30schl03_20211228_165850_2618524880_600_800.png,30schl03_20211228_165850_2618524880_600_800_mask.png,principais
24,6,49,12,51,471,100,483,51,471,100,471,100,483,51,483,sub_line_text,table_text,table_1,arial,bold,10.0,30schl03_20211228_165850_2618524880_600_800.png,/scratch/parceirosbr/bigoilict/share/BigOil/document_generator/datasets/documents_2021_12_28/30schl03_20211228_165850_2618524880_600_800.png,30schl03_20211228_165850_2618524880_600_800_mask.png,principais
12,6,24,12,63,486,87,498,63,486,87,486,87,498,63,498,text,table_text,table_1,arial,bold,10.0,30schl03_20211228_165850_2618524880_600_800.png,/scratch/parceirosbr/bigoilict/share/BigOil/document_generator/datasets/documents_2021_12_28/30schl03_20211228_165850_2618524880_600_800.png,30schl03_20211228_165850_2618524880_600_800_mask.png,mais
12,6,24,12,63,486,87,498,63,486,87,486,87,498,63,498,sub_line_text,table_text,table_1,arial,bold,10.0,30schl03_20211228_165850_2618524880_600_800.png,/scratch/parceirosbr/bigoilict/share/BigOil/document_generator/datasets/documents_2021_12_28/30schl03_20211228_165850_2618524880_600_800.png,30schl03_20211228_165850_2618524880_600_800_mask.png,mais
19,6,39,12,55,501,94,513,55,501,94,501,94,513,55,513,text,table_text,table_1,arial,bold,10.0,30schl03_20211228_165850_2618524880_600_800.png,/scratch/parceirosbr/bigoilict/share/BigOil/document_generator/datasets/documents_2021_12_28/30schl03_20211228_165850_2618524880_600_800.png,30schl03_20211228_165850_2618524880_600_800_mask.png,máxima
19,6,39,12,55,501,94,513,55,501,94,501,94,513,55,513,sub_line_text,table_text,table_1,arial,bold,10.0,30schl03_20211228_165850_2618524880_600_800.png,/scratch/parceirosbr/bigoilict/share/BigOil/document_generator/datasets/documents_2021_12_28/30schl03_20211228_165850_2618524880_600_800.png,30schl03_20211228_165850_2618524880_600_800_mask.png,máxima
13,6,27,12,61,516,88,528,61,516,88,516,88,528,61,528,text,table_text,table_1,arial,bold,10.0,30schl03_20211228_165850_2618524880_600_800.png,/scratch/parceirosbr/bigoilict/share/BigOil/document_generator/datasets/documents_2021_12_28/30schl03_20211228_165850_2618524880_600_800.png,30schl03_20211228_165850_2618524880_600_800_mask.png,tendo
13,6,27,12,61,516,88,528,61,516,88,516,88,528,61,528,sub_line_text,table_text,table_1,arial,bold,10.0,30schl03_20211228_165850_2618524880_600_800.png,/scratch/parceirosbr/bigoilict/share/BigOil/document_generator/datasets/documents_2021_12_28/30schl03_20211228_165850_2618524880_600_800.png,30schl03_20211228_165850_2618524880_600_800_mask.png,tendo
18,6,37,12,57,531,94,543,57,531,94,531,94,543,57,543,text,table_text,table_1,arial,bold,10.0,30schl03_20211228_165850_2618524880_600_800.png,/scratch/parceirosbr/bigoilict/share/BigOil/document_generator/datasets/documents_2021_12_28/30schl03_20211228_165850_2618524880_600_800.png,30schl03_20211228_165850_2618524880_600_800_mask.png,estreita
18,6,37,12,57,531,94,543,57,531,94,531,94,543,57,543,sub_line_text,table_text,table_1,arial,bold,10.0,30schl03_20211228_165850_2618524880_600_800.png,/scratch/parceirosbr/bigoilict/share/BigOil/document_generator/datasets/documents_2021_12_28/30schl03_20211228_165850_2618524880_600_800.png,30schl03_20211228_165850_2618524880_600_800_mask.png,estreita
9,6,19,12,127,386,146,398,127,386,146,386,146,398,127,398,text,table_text,table_1,arial,regular,10.0,30schl03_20211228_165850_2618524880_600_800.png,/scratch/parceirosbr/bigoilict/share/BigOil/document_generator/datasets/documents_2021_12_28/30schl03_20211228_165850_2618524880_600_800.png,30schl03_20211228_165850_2618524880_600_800_mask.png,sem
9,6,19,12,127,386,146,398,127,386,146,386,146,398,127,398,sub_line_text,table_text,table_1,arial,regular,10.0,30schl03_20211228_165850_2618524880_600_800.png,/scratch/parceirosbr/bigoilict/share/BigOil/document_generator/datasets/documents_2021_12_28/30schl03_20211228_165850_2618524880_600_800.png,30schl03_20211228_165850_2618524880_600_800_mask.png,sem
14,6,28,12,122,411,150,423,122,411,150,411,150,423,122,423,text,table_text,table_1,arial,bold,10.0,30schl03_20211228_165850_2618524880_600_800.png,/scratch/parceirosbr/bigoilict/share/BigOil/document_generator/datasets/documents_2021_12_28/30schl03_20211228_165850_2618524880_600_800.png,30schl03_20211228_165850_2618524880_600_800_mask.png,refino
14,6,28,12,122,411,150,423,122,411,150,411,150,423,122,423,sub_line_text,table_text,table_1,arial,bold,10.0,30schl03_20211228_165850_2618524880_600_800.png,/scratch/parceirosbr/bigoilict/share/BigOil/document_generator/datasets/documents_2021_12_28/30schl03_20211228_165850_2618524880_600_800.png,30schl03_20211228_165850_2618524880_600_800_mask.png,refino
14,6,28,12,122,426,150,438,122,426,150,426,150,438,122,438,text,table_text,table_1,arial,bold,10.0,30schl03_20211228_165850_2618524880_600_800.png,/scratch/parceirosbr/bigoilict/share/BigOil/document_generator/datasets/documents_2021_12_28/30schl03_20211228_165850_2618524880_600_800.png,30schl03_20211228_165850_2618524880_600_800_mask.png,spray
14,6,28,12,122,426,150,438,122,426,150,426,150,438,122,438,sub_line_text,table_text,table_1,arial,bold,10.0,30schl03_20211228_165850_2618524880_600_800.png,/scratch/parceirosbr/bigoilict/share/BigOil/document_generator/datasets/documents_2021_12_28/30schl03_20211228_165850_2618524880_600_800.png,30schl03_20211228_165850_2618524880_600_800_mask.png,spray
17,6,34,12,119,441,153,453,119,441,153,441,153,453,119,453,text,table_text,table_1,arial,bold,10.0,30schl03_20211228_165850_2618524880_600_800.png,/scratch/parceirosbr/bigoilict/share/BigOil/document_generator/datasets/documents_2021_12_28/30schl03_20211228_165850_2618524880_600_800.png,30schl03_20211228_165850_2618524880_600_800_mask.png,reação
17,6,34,12,119,441,153,453,119,441,153,441,153,453,119,453,sub_line_text,table_text,table_1,arial,bold,10.0,30schl03_20211228_165850_2618524880_600_800.png,/scratch/parceirosbr/bigoilict/share/BigOil/document_generator/datasets/documents_2021_12_28/30schl03_20211228_165850_2618524880_600_800.png,30schl03_20211228_165850_2618524880_600_800_mask.png,reação
24,6,48,12,112,456,160,468,112,456,160,456,160,468,112,468,text,table_text,table_1,arial,bold,10.0,30schl03_20211228_165850_2618524880_600_800.png,/scratch/parceirosbr/bigoilict/share/BigOil/document_generator/datasets/documents_2021_12_28/30schl03_20211228_165850_2618524880_600_800.png,30schl03_20211228_165850_2618524880_600_800_mask.png,emissões
24,6,48,12,112,456,160,468,112,456,160,456,160,468,112,468,sub_line_text,table_text,table_1,arial,bold,10.0,30schl03_20211228_165850_2618524880_600_800.png,/scratch/parceirosbr/bigoilict/share/BigOil/document_generator/datasets/documents_2021_12_28/30schl03_20211228_165850_2618524880_600_800.png,30schl03_20211228_165850_2618524880_600_800_mask.png,emissões
17,6,34,12,119,471,153,483,119,471,153,471,153,483,119,483,text,table_text,table_1,arial,bold,10.0,30schl03_20211228_165850_2618524880_600_800.png,/scratch/parceirosbr/bigoilict/share/BigOil/document_generator/datasets/documents_2021_12_28/30schl03_20211228_165850_2618524880_600_800.png,30schl03_20211228_165850_2618524880_600_800_mask.png,termos
17,6,34,12,119,471,153,483,119,471,153,471,153,483,119,483,sub_line_text,table_text,table_1,arial,bold,10.0,30schl03_20211228_165850_2618524880_600_800.png,/scratch/parceirosbr/bigoilict/share/BigOil/document_generator/datasets/documents_2021_12_28/30schl03_20211228_165850_2618524880_600_800.png,30schl03_20211228_165850_2618524880_600_800_mask.png,termos
15,6,30,12,121,486,151,498,121,486,151,486,151,498,121,498,text,table_text,table_1,arial,bold,10.0,30schl03_20211228_165850_2618524880_600_800.png,/scratch/parceirosbr/bigoilict/share/BigOil/document_generator/datasets/documents_2021_12_28/30schl03_20211228_165850_2618524880_600_800.png,30schl03_20211228_165850_2618524880_600_800_mask.png,servir
15,6,30,12,121,486,151,498,121,486,151,486,151,498,121,498,sub_line_text,table_text,table_1,arial,bold,10.0,30schl03_20211228_165850_2618524880_600_800.png,/scratch/parceirosbr/bigoilict/share/BigOil/document_generator/datasets/documents_2021_12_28/30schl03_20211228_165850_2618524880_600_800.png,30schl03_20211228_165850_2618524880_600_800_mask.png,servir
19,6,39,12,117,501,156,513,117,501,156,501,156,513,117,513,text,table_text,table_1,arial,bold,10.0,30schl03_20211228_165850_2618524880_600_800.png,/scratch/parceirosbr/bigoilict/share/BigOil/document_generator/datasets/documents_2021_12_28/30schl03_20211228_165850_2618524880_600_800.png,30schl03_20211228_165850_2618524880_600_800_mask.png,elevada
19,6,39,12,117,501,156,513,117,501,156,501,156,513,117,513,sub_line_text,table_text,table_1,arial,bold,10.0,30schl03_20211228_165850_2618524880_600_800.png,/scratch/parceirosbr/bigoilict/share/BigOil/document_generator/datasets/documents_2021_12_28/30schl03_20211228_165850_2618524880_600_800.png,30schl03_20211228_165850_2618524880_600_800_mask.png,elevada
14,6,28,12,122,516,150,528,122,516,150,516,150,528,122,528,text,table_text,table_1,arial,bold,10.0,30schl03_20211228_165850_2618524880_600_800.png,/scratch/parceirosbr/bigoilict/share/BigOil/document_generator/datasets/documents_2021_12_28/30schl03_20211228_165850_2618524880_600_800.png,30schl03_20211228_165850_2618524880_600_800_mask.png,sobre
14,6,28,12,122,516,150,528,122,516,150,516,150,528,122,528,sub_line_text,table_text,table_1,arial,bold,10.0,30schl03_20211228_165850_2618524880_600_800.png,/scratch/parceirosbr/bigoilict/share/BigOil/document_generator/datasets/documents_2021_12_28/30schl03_20211228_165850_2618524880_600_800.png,30schl03_20211228_165850_2618524880_600_800_mask.png,sobre
15,6,30,12,121,531,151,543,121,531,151,531,151,543,121,543,text,table_text,table_1,arial,bold,10.0,30schl03_20211228_165850_2618524880_600_800.png,/scratch/parceirosbr/bigoilict/share/BigOil/document_generator/datasets/documents_2021_12_28/30schl03_20211228_165850_2618524880_600_800.png,30schl03_20211228_165850_2618524880_600_800_mask.png,servir
15,6,30,12,121,531,151,543,121,531,151,531,151,543,121,543,sub_line_text,table_text,table_1,arial,bold,10.0,30schl03_20211228_165850_2618524880_600_800.png,/scratch/parceirosbr/bigoilict/share/BigOil/document_generator/datasets/documents_2021_12_28/30schl03_20211228_165850_2618524880_600_800.png,30schl03_20211228_165850_2618524880_600_800_mask.png,servir
18,6,37,12,202,386,239,398,202,386,239,386,239,398,202,398,text,table_text,table_1,arial,regular,10.0,30schl03_20211228_165850_2618524880_600_800.png,/scratch/parceirosbr/bigoilict/share/BigOil/document_generator/datasets/documents_2021_12_28/30schl03_20211228_165850_2618524880_600_800.png,30schl03_20211228_165850_2618524880_600_800_mask.png,elevada
18,6,37,12,202,386,239,398,202,386,239,386,239,398,202,398,sub_line_text,table_text,table_1,arial,regular,10.0,30schl03_20211228_165850_2618524880_600_800.png,/scratch/parceirosbr/bigoilict/share/BigOil/document_generator/datasets/documents_2021_12_28/30schl03_20211228_165850_2618524880_600_800.png,30schl03_20211228_165850_2618524880_600_800_mask.png,elevada
28,6,57,12,182,411,239,423,182,411,239,411,239,423,182,423,text,table_text,table_1,arial,bold,10.0,30schl03_20211228_165850_2618524880_600_800.png,/scratch/parceirosbr/bigoilict/share/BigOil/document_generator/datasets/documents_2021_12_28/30schl03_20211228_165850_2618524880_600_800.png,30schl03_20211228_165850_2618524880_600_800_mask.png,90313.9049
28,6,57,12,182,411,239,423,182,411,239,411,239,423,182,423,sub_line_text,table_text,table_1,arial,bold,10.0,30schl03_20211228_165850_2618524880_600_800.png,/scratch/parceirosbr/bigoilict/share/BigOil/document_generator/datasets/documents_2021_12_28/30schl03_20211228_165850_2618524880_600_800.png,30schl03_20211228_165850_2618524880_600_800_mask.png,90313.9049
28,6,57,12,182,426,239,438,182,426,239,426,239,438,182,438,text,table_text,table_1,arial,bold,10.0,30schl03_20211228_165850_2618524880_600_800.png,/scratch/parceirosbr/bigoilict/share/BigOil/document_generator/datasets/documents_2021_12_28/30schl03_20211228_165850_2618524880_600_800.png,30schl03_20211228_165850_2618524880_600_800_mask.png,63752.0751
28,6,57,12,182,426,239,438,182,426,239,426,239,438,182,438,sub_line_text,table_text,table_1,arial,bold,10.0,30schl03_20211228_165850_2618524880_600_800.png,/scratch/parceirosbr/bigoilict/share/BigOil/document_generator/datasets/documents_2021_12_28/30schl03_20211228_165850_2618524880_600_800.png,30schl03_20211228_165850_2618524880_600_800_mask.png,63752.0751
28,6,57,12,182,441,239,453,182,441,239,441,239,453,182,453,text,table_text,table_1,arial,bold,10.0,30schl03_20211228_165850_2618524880_600_800.png,/scratch/parceirosbr/bigoilict/share/BigOil/document_generator/datasets/documents_2021_12_28/30schl03_20211228_165850_2618524880_600_800.png,30schl03_20211228_165850_2618524880_600_800_mask.png,68857.5016
28,6,57,12,182,441,239,453,182,441,239,441,239,453,182,453,sub_line_text,table_text,table_1,arial,bold,10.0,30schl03_20211228_165850_2618524880_600_800.png,/scratch/parceirosbr/bigoilict/share/BigOil/document_generator/datasets/documents_2021_12_28/30schl03_20211228_165850_2618524880_600_800.png,30schl03_20211228_165850_2618524880_600_800_mask.png,68857.5016
28,6,57,12,182,456,239,468,182,456,239,456,239,468,182,468,text,table_text,table_1,arial,bold,10.0,30schl03_20211228_165850_2618524880_600_800.png,/scratch/parceirosbr/bigoilict/share/BigOil/document_generator/datasets/documents_2021_12_28/30schl03_20211228_165850_2618524880_600_800.png,30schl03_20211228_165850_2618524880_600_800_mask.png,45561.7658
28,6,57,12,182,456,239,468,182,456,239,456,239,468,182,468,sub_line_text,table_text,table_1,arial,bold,10.0,30schl03_20211228_165850_2618524880_600_800.png,/scratch/parceirosbr/bigoilict/share/BigOil/document_generator/datasets/documents_2021_12_28/30schl03_20211228_165850_2618524880_600_800.png,30schl03_20211228_165850_2618524880_600_800_mask.png,45561.7658
28,6,57,12,182,471,239,483,182,471,239,471,239,483,182,483,text,table_text,table_1,arial,bold,10.0,30schl03_20211228_165850_2618524880_600_800.png,/scratch/parceirosbr/bigoilict/share/BigOil/document_generator/datasets/documents_2021_12_28/30schl03_20211228_165850_2618524880_600_800.png,30schl03_20211228_165850_2618524880_600_800_mask.png,15726.1668
28,6,57,12,182,471,239,483,182,471,239,471,239,483,182,483,sub_line_text,table_text,table_1,arial,bold,10.0,30schl03_20211228_165850_2618524880_600_800.png,/scratch/parceirosbr/bigoilict/share/BigOil/document_generator/datasets/documents_2021_12_28/30schl03_20211228_165850_2618524880_600_800.png,30schl03_20211228_165850_2618524880_600_800_mask.png,15726.1668
28,6,57,12,182,486,239,498,182,486,239,486,239,498,182,498,text,table_text,table_1,arial,bold,10.0,30schl03_20211228_165850_2618524880_600_800.png,/scratch/parceirosbr/bigoilict/share/BigOil/document_generator/datasets/documents_2021_12_28/30schl03_20211228_165850_2618524880_600_800.png,30schl03_20211228_165850_2618524880_600_800_mask.png,99309.6531
28,6,57,12,182,486,239,498,182,486,239,486,239,498,182,498,sub_line_text,table_text,table_1,arial,bold,10.0,30schl03_20211228_165850_2618524880_600_800.png,/scratch/parceirosbr/bigoilict/share/BigOil/document_generator/datasets/documents_2021_12_28/30schl03_20211228_165850_2618524880_600_800.png,30schl03_20211228_165850_2618524880_600_800_mask.png,99309.6531
28,6,57,12,182,501,239,513,182,501,239,501,239,513,182,513,text,table_text,table_1,arial,bold,10.0,30schl03_20211228_165850_2618524880_600_800.png,/scratch/parceirosbr/bigoilict/share/BigOil/document_generator/datasets/documents_2021_12_28/30schl03_20211228_165850_2618524880_600_800.png,30schl03_20211228_165850_2618524880_600_800_mask.png,71636.3780
28,6,57,12,182,501,239,513,182,501,239,501,239,513,182,513,sub_line_text,table_text,table_1,arial,bold,10.0,30schl03_20211228_165850_2618524880_600_800.png,/scratch/parceirosbr/bigoilict/share/BigOil/document_generator/datasets/documents_2021_12_28/30schl03_20211228_165850_2618524880_600_800.png,30schl03_20211228_165850_2618524880_600_800_mask.png,71636.3780
28,6,57,12,182,516,239,528,182,516,239,516,239,528,182,528,text,table_text,table_1,arial,bold,10.0,30schl03_20211228_165850_2618524880_600_800.png,/scratch/parceirosbr/bigoilict/share/BigOil/document_generator/datasets/documents_2021_12_28/30schl03_20211228_165850_2618524880_600_800.png,30schl03_20211228_165850_2618524880_600_800_mask.png,77653.6408
28,6,57,12,182,516,239,528,182,516,239,516,239,528,182,528,sub_line_text,table_text,table_1,arial,bold,10.0,30schl03_20211228_165850_2618524880_600_800.png,/scratch/parceirosbr/bigoilict/share/BigOil/document_generator/datasets/documents_2021_12_28/30schl03_20211228_165850_2618524880_600_800.png,30schl03_20211228_165850_2618524880_600_800_mask.png,77653.6408
28,6,57,12,182,531,239,543,182,531,239,531,239,543,182,543,text,table_text,table_1,arial,bold,10.0,30schl03_20211228_165850_2618524880_600_800.png,/scratch/parceirosbr/bigoilict/share/BigOil/document_generator/datasets/documents_2021_12_28/30schl03_20211228_165850_2618524880_600_800.png,30schl03_20211228_165850_2618524880_600_800_mask.png,40552.5253
28,6,57,12,182,531,239,543,182,531,239,531,239,543,182,543,sub_line_text,table_text,table_1,arial,bold,10.0,30schl03_20211228_165850_2618524880_600_800.png,/scratch/parceirosbr/bigoilict/share/BigOil/document_generator/datasets/documents_2021_12_28/30schl03_20211228_165850_2618524880_600_800.png,30schl03_20211228_165850_2618524880_600_800_mask.png,40552.5253
24,6,49,12,292,386,341,398,292,386,341,386,341,398,292,398,text,table_text,table_1,arial,regular,10.0,30schl03_20211228_165850_2618524880_600_800.png,/scratch/parceirosbr/bigoilict/share/BigOil/document_generator/datasets/documents_2021_12_28/30schl03_20211228_165850_2618524880_600_800.png,30schl03_20211228_165850_2618524880_600_800_mask.png,energética
24,6,49,12,292,386,341,398,292,386,341,386,341,398,292,398,sub_line_text,table_text,table_1,arial,regular,10.0,30schl03_20211228_165850_2618524880_600_800.png,/scratch/parceirosbr/bigoilict/share/BigOil/document_generator/datasets/documents_2021_12_28/30schl03_20211228_165850_2618524880_600_800.png,30schl03_20211228_165850_2618524880_600_800_mask.png,energética
22,6,45,12,296,411,341,423,296,411,341,411,341,423,296,423,text,table_text,table_1,arial,bold,10.0,30schl03_20211228_165850_2618524880_600_800.png,/scratch/parceirosbr/bigoilict/share/BigOil/document_generator/datasets/documents_2021_12_28/30schl03_20211228_165850_2618524880_600_800.png,30schl03_20211228_165850_2618524880_600_800_mask.png,1023.998
22,6,45,12,296,411,341,423,296,411,341,411,341,423,296,423,sub_line_text,table_text,table_1,arial,bold,10.0,30schl03_20211228_165850_2618524880_600_800.png,/scratch/parceirosbr/bigoilict/share/BigOil/document_generator/datasets/documents_2021_12_28/30schl03_20211228_165850_2618524880_600_800.png,30schl03_20211228_165850_2618524880_600_800_mask.png,1023.998
16,6,33,12,308,426,341,438,308,426,341,426,341,438,308,438,text,table_text,table_1,arial,bold,10.0,30schl03_20211228_165850_2618524880_600_800.png,/scratch/parceirosbr/bigoilict/share/BigOil/document_generator/datasets/documents_2021_12_28/30schl03_20211228_165850_2618524880_600_800.png,30schl03_20211228_165850_2618524880_600_800_mask.png,29.585
16,6,33,12,308,426,341,438,308,426,341,426,341,438,308,438,sub_line_text,table_text,table_1,arial,bold,10.0,30schl03_20211228_165850_2618524880_600_800.png,/scratch/parceirosbr/bigoilict/share/BigOil/document_generator/datasets/documents_2021_12_28/30schl03_20211228_165850_2618524880_600_800.png,30schl03_20211228_165850_2618524880_600_800_mask.png,29.585
22,6,45,12,296,441,341,453,296,441,341,441,341,453,296,453,text,table_text,table_1,arial,bold,10.0,30schl03_20211228_165850_2618524880_600_800.png,/scratch/parceirosbr/bigoilict/share/BigOil/document_generator/datasets/documents_2021_12_28/30schl03_20211228_165850_2618524880_600_800.png,30schl03_20211228_165850_2618524880_600_800_mask.png,6170.341
22,6,45,12,296,441,341,453,296,441,341,441,341,453,296,453,sub_line_text,table_text,table_1,arial,bold,10.0,30schl03_20211228_165850_2618524880_600_800.png,/scratch/parceirosbr/bigoilict/share/BigOil/document_generator/datasets/documents_2021_12_28/30schl03_20211228_165850_2618524880_600_800.png,30schl03_20211228_165850_2618524880_600_800_mask.png,6170.341
25,6,51,12,290,456,341,468,290,456,341,456,341,468,290,468,text,table_text,table_1,arial,bold,10.0,30schl03_20211228_165850_2618524880_600_800.png,/scratch/parceirosbr/bigoilict/share/BigOil/document_generator/datasets/documents_2021_12_28/30schl03_20211228_165850_2618524880_600_800.png,30schl03_20211228_165850_2618524880_600_800_mask.png,33489.471
25,6,51,12,290,456,341,468,290,456,341,456,341,468,290,468,sub_line_text,table_text,table_1,arial,bold,10.0,30schl03_20211228_165850_2618524880_600_800.png,/scratch/parceirosbr/bigoilict/share/BigOil/document_generator/datasets/documents_2021_12_28/30schl03_20211228_165850_2618524880_600_800.png,30schl03_20211228_165850_2618524880_600_800_mask.png,33489.471
19,6,39,12,302,471,341,483,302,471,341,471,341,483,302,483,text,table_text,table_1,arial,bold,10.0,30schl03_20211228_165850_2618524880_600_800.png,/scratch/parceirosbr/bigoilict/share/BigOil/document_generator/datasets/documents_2021_12_28/30schl03_20211228_165850_2618524880_600_800.png,30schl03_20211228_165850_2618524880_600_800_mask.png,632.110
19,6,39,12,302,471,341,483,302,471,341,471,341,483,302,483,sub_line_text,table_text,table_1,arial,bold,10.0,30schl03_20211228_165850_2618524880_600_800.png,/scratch/parceirosbr/bigoilict/share/BigOil/document_generator/datasets/documents_2021_12_28/30schl03_20211228_165850_2618524880_600_800.png,30schl03_20211228_165850_2618524880_600_800_mask.png,632.110
25,6,51,12,290,486,341,498,290,486,341,486,341,498,290,498,text,table_text,table_1,arial,bold,10.0,30schl03_20211228_165850_2618524880_600_800.png,/scratch/parceirosbr/bigoilict/share/BigOil/document_generator/datasets/documents_2021_12_28/30schl03_20211228_165850_2618524880_600_800.png,30schl03_20211228_165850_2618524880_600_800_mask.png,92536.390
25,6,51,12,290,486,341,498,290,486,341,486,341,498,290,498,sub_line_text,table_text,table_1,arial,bold,10.0,30schl03_20211228_165850_2618524880_600_800.png,/scratch/parceirosbr/bigoilict/share/BigOil/document_generator/datasets/documents_2021_12_28/30schl03_20211228_165850_2618524880_600_800.png,30schl03_20211228_165850_2618524880_600_800_mask.png,92536.390
22,6,45,12,296,501,341,513,296,501,341,501,341,513,296,513,text,table_text,table_1,arial,bold,10.0,30schl03_20211228_165850_2618524880_600_800.png,/scratch/parceirosbr/bigoilict/share/BigOil/document_generator/datasets/documents_2021_12_28/30schl03_20211228_165850_2618524880_600_800.png,30schl03_20211228_165850_2618524880_600_800_mask.png,9451.591
22,6,45,12,296,501,341,513,296,501,341,501,341,513,296,513,sub_line_text,table_text,table_1,arial,bold,10.0,30schl03_20211228_165850_2618524880_600_800.png,/scratch/parceirosbr/bigoilict/share/BigOil/document_generator/datasets/documents_2021_12_28/30schl03_20211228_165850_2618524880_600_800.png,30schl03_20211228_165850_2618524880_600_800_mask.png,9451.591
22,6,45,12,296,516,341,528,296,516,341,516,341,528,296,528,text,table_text,table_1,arial,bold,10.0,30schl03_20211228_165850_2618524880_600_800.png,/scratch/parceirosbr/bigoilict/share/BigOil/document_generator/datasets/documents_2021_12_28/30schl03_20211228_165850_2618524880_600_800.png,30schl03_20211228_165850_2618524880_600_800_mask.png,6917.033
22,6,45,12,296,516,341,528,296,516,341,516,341,528,296,528,sub_line_text,table_text,table_1,arial,bold,10.0,30schl03_20211228_165850_2618524880_600_800.png,/scratch/parceirosbr/bigoilict/share/BigOil/document_generator/datasets/documents_2021_12_28/30schl03_20211228_165850_2618524880_600_800.png,30schl03_20211228_165850_2618524880_600_800_mask.png,6917.033
25,6,51,12,290,531,341,543,290,531,341,531,341,543,290,543,text,table_text,table_1,arial,bold,10.0,30schl03_20211228_165850_2618524880_600_800.png,/scratch/parceirosbr/bigoilict/share/BigOil/document_generator/datasets/documents_2021_12_28/30schl03_20211228_165850_2618524880_600_800.png,30schl03_20211228_165850_2618524880_600_800_mask.png,22467.669
25,6,51,12,290,531,341,543,290,531,341,531,341,543,290,543,sub_line_text,table_text,table_1,arial,bold,10.0,30schl03_20211228_165850_2618524880_600_800.png,/scratch/parceirosbr/bigoilict/share/BigOil/document_generator/datasets/documents_2021_12_28/30schl03_20211228_165850_2618524880_600_800.png,30schl03_20211228_165850_2618524880_600_800_mask.png,22467.669
10,6,20,12,397,12,417,24,397,12,417,12,417,24,397,24,sub_line_text,subtitle,subtitle_0,courier,bold,11,30schl03_20211228_165850_2618524880_600_800.png,/scratch/parceirosbr/bigoilict/share/BigOil/document_generator/datasets/documents_2021_12_28/30schl03_20211228_165850_2618524880_600_800.png,30schl03_20211228_165850_2618524880_600_800_mask.png,In
10,6,20,12,397,12,417,24,397,12,417,12,417,24,397,24,title,subtitle,subtitle_1,courier,bold,11,30schl03_20211228_165850_2618524880_600_800.png,/scratch/parceirosbr/bigoilict/share/BigOil/document_generator/datasets/documents_2021_12_28/30schl03_20211228_165850_2618524880_600_800.png,30schl03_20211228_165850_2618524880_600_800_mask.png,
87,5,174,11,397,29,571,40,397,29,571,29,571,40,397,40,sub_line_text,text,text_0,courier,regular,10,30schl03_20211228_165850_2618524880_600_800.png,/scratch/parceirosbr/bigoilict/share/BigOil/document_generator/datasets/documents_2021_12_28/30schl03_20211228_165850_2618524880_600_800.png,30schl03_20211228_165850_2618524880_600_800_mask.png,As for the classification o-
87,5,174,11,397,40,571,51,397,40,571,40,571,51,397,51,sub_line_text,text,text_0,courier,regular,10,30schl03_20211228_165850_2618524880_600_800.png,/scratch/parceirosbr/bigoilict/share/BigOil/document_generator/datasets/documents_2021_12_28/30schl03_20211228_165850_2618524880_600_800.png,30schl03_20211228_165850_2618524880_600_800_mask.png,f pumps according to the nu-
87,5,174,11,397,51,571,62,397,51,571,51,571,62,397,62,sub_line_text,text,text_0,courier,regular,10,30schl03_20211228_165850_2618524880_600_800.png,/scratch/parceirosbr/bigoilict/share/BigOil/document_generator/datasets/documents_2021_12_28/30schl03_20211228_165850_2618524880_600_800.png,30schl03_20211228_165850_2618524880_600_800_mask.png,"mber  of rotors used, we can"
87,5,174,11,397,62,571,73,397,62,571,62,571,73,397,73,sub_line_text,text,text_0,courier,regular,10,30schl03_20211228_165850_2618524880_600_800.png,/scratch/parceirosbr/bigoilict/share/BigOil/document_generator/datasets/documents_2021_12_28/30schl03_20211228_165850_2618524880_600_800.png,30schl03_20211228_165850_2618524880_600_800_mask.png,basically consider two type-
87,5,174,11,397,73,571,84,397,73,571,73,571,84,397,84,sub_line_text,text,text_0,courier,regular,10,30schl03_20211228_165850_2618524880_600_800.png,/scratch/parceirosbr/bigoilict/share/BigOil/document_generator/datasets/documents_2021_12_28/30schl03_20211228_165850_2618524880_600_800.png,30schl03_20211228_165850_2618524880_600_800_mask.png,s:  single-stage  pumps that
87,5,174,11,397,84,571,95,397,84,571,84,571,95,397,95,sub_line_text,text,text_0,courier,regular,10,30schl03_20211228_165850_2618524880_600_800.png,/scratch/parceirosbr/bigoilict/share/BigOil/document_generator/datasets/documents_2021_12_28/30schl03_20211228_165850_2618524880_600_800.png,30schl03_20211228_165850_2618524880_600_800_mask.png,have only a single rotor an-
87,5,174,11,397,95,571,106,397,95,571,95,571,106,397,106,sub_line_text,text,text_0,courier,regular,10,30schl03_20211228_165850_2618524880_600_800.png,/scratch/parceirosbr/bigoilict/share/BigOil/document_generator/datasets/documents_2021_12_28/30schl03_20211228_165850_2618524880_600_800.png,30schl03_20211228_165850_2618524880_600_800_mask.png,"d multi-stage pumps, that i-"
87,5,174,11,397,106,571,117,397,106,571,106,571,117,397,117,sub_line_text,text,text_0,courier,regular,10,30schl03_20211228_165850_2618524880_600_800.png,/scratch/parceirosbr/bigoilict/share/BigOil/document_generator/datasets/documents_2021_12_28/30schl03_20211228_165850_2618524880_600_800.png,30schl03_20211228_165850_2618524880_600_800_mask.png,"s,  two or more rotors fixed"
87,5,174,11,397,117,571,128,397,117,571,117,571,128,397,128,sub_line_text,text,text_0,courier,regular,10,30schl03_20211228_165850_2618524880_600_800.png,/scratch/parceirosbr/bigoilict/share/BigOil/document_generator/datasets/documents_2021_12_28/30schl03_20211228_165850_2618524880_600_800.png,30schl03_20211228_165850_2618524880_600_800_mask.png,to the same shaft in operat-
87,5,174,11,397,128,571,139,397,128,571,128,571,139,397,139,sub_line_text,text,text_0,courier,regular,10,30schl03_20211228_165850_2618524880_600_800.png,/scratch/parceirosbr/bigoilict/share/BigOil/document_generator/datasets/documents_2021_12_28/30schl03_20211228_165850_2618524880_600_800.png,30schl03_20211228_165850_2618524880_600_800_mask.png,ion .C.; os welding sequenc-
87,5,174,11,397,139,571,150,397,139,571,139,571,150,397,150,sub_line_text,text,text_0,courier,regular,10,30schl03_20211228_165850_2618524880_600_800.png,/scratch/parceirosbr/bigoilict/share/BigOil/document_generator/datasets/documents_2021_12_28/30schl03_20211228_165850_2618524880_600_800.png,30schl03_20211228_165850_2618524880_600_800_mask.png,e  and  direction on angular
87,5,174,11,397,150,571,161,397,150,571,150,571,161,397,161,sub_line_text,text,text_0,courier,regular,10,30schl03_20211228_165850_2618524880_600_800.png,/scratch/parceirosbr/bigoilict/share/BigOil/document_generator/datasets/documents_2021_12_28/30schl03_20211228_165850_2618524880_600_800.png,30schl03_20211228_165850_2618524880_600_800_mask.png,distortions  in  butt-welded
87,5,174,11,397,161,571,172,397,161,571,161,571,172,397,172,sub_line_text,text,text_0,courier,regular,10,30schl03_20211228_165850_2618524880_600_800.png,/scratch/parceirosbr/bigoilict/share/BigOil/document_generator/datasets/documents_2021_12_28/30schl03_20211228_165850_2618524880_600_800.png,30schl03_20211228_165850_2618524880_600_800_mask.png,plates.More than 233 millio-
48,5,96,11,397,172,493,183,397,172,493,172,493,183,397,183,sub_line_text,text,text_0,courier,regular,10,30schl03_20211228_165850_2618524880_600_800.png,/scratch/parceirosbr/bigoilict/share/BigOil/document_generator/datasets/documents_2021_12_28/30schl03_20211228_165850_2618524880_600_800.png,30schl03_20211228_165850_2618524880_600_800_mask.png,"n, in the form."
87,77,175,154,397,29,572,183,397,29,572,29,572,183,397,183,text,text,text_1,courier,regular,10,30schl03_20211228_165850_2618524880_600_800.png,/scratch/parceirosbr/bigoilict/share/BigOil/document_generator/datasets/documents_2021_12_28/30schl03_20211228_165850_2618524880_600_800.png,30schl03_20211228_165850_2618524880_600_800_mask.png,
20,6,41,12,397,202,438,214,397,202,438,202,438,214,397,214,sub_line_text,subtitle,subtitle_1,courier,bold,11,30schl03_20211228_165850_2618524880_600_800.png,/scratch/parceirosbr/bigoilict/share/BigOil/document_generator/datasets/documents_2021_12_28/30schl03_20211228_165850_2618524880_600_800.png,30schl03_20211228_165850_2618524880_600_800_mask.png,These
20,6,41,12,397,202,438,214,397,202,438,202,438,214,397,214,title,subtitle,subtitle_2,courier,bold,11,30schl03_20211228_165850_2618524880_600_800.png,/scratch/parceirosbr/bigoilict/share/BigOil/document_generator/datasets/documents_2021_12_28/30schl03_20211228_165850_2618524880_600_800.png,30schl03_20211228_165850_2618524880_600_800_mask.png,
87,5,174,11,397,220,571,231,397,220,571,220,571,231,397,231,sub_line_text,text,text_1,courier,regular,10,30schl03_20211228_165850_2618524880_600_800.png,/scratch/parceirosbr/bigoilict/share/BigOil/document_generator/datasets/documents_2021_12_28/30schl03_20211228_165850_2618524880_600_800.png,30schl03_20211228_165850_2618524880_600_800_mask.png,6  demonstrates disbursement
87,5,174,11,397,231,571,242,397,231,571,231,571,242,397,242,sub_line_text,text,text_1,courier,regular,10,30schl03_20211228_165850_2618524880_600_800.png,/scratch/parceirosbr/bigoilict/share/BigOil/document_generator/datasets/documents_2021_12_28/30schl03_20211228_165850_2618524880_600_800.png,30schl03_20211228_165850_2618524880_600_800_mask.png,of large amounts of resourc-
87,5,174,11,397,242,571,253,397,242,571,242,571,253,397,253,sub_line_text,text,text_1,courier,regular,10,30schl03_20211228_165850_2618524880_600_800.png,/scratch/parceirosbr/bigoilict/share/BigOil/document_generator/datasets/documents_2021_12_28/30schl03_20211228_165850_2618524880_600_800.png,30schl03_20211228_165850_2618524880_600_800_mask.png,es to the sugar-energy sect-
87,5,174,11,397,253,571,264,397,253,571,253,571,264,397,264,sub_line_text,text,text_1,courier,regular,10,30schl03_20211228_165850_2618524880_600_800.png,/scratch/parceirosbr/bigoilict/share/BigOil/document_generator/datasets/documents_2021_12_28/30schl03_20211228_165850_2618524880_600_800.png,30schl03_20211228_165850_2618524880_600_800_mask.png,"or.Com  base  na n 170/1998,"
87,5,174,11,397,264,571,275,397,264,571,264,571,275,397,275,sub_line_text,text,text_1,courier,regular,10,30schl03_20211228_165850_2618524880_600_800.png,/scratch/parceirosbr/bigoilict/share/BigOil/document_generator/datasets/documents_2021_12_28/30schl03_20211228_165850_2618524880_600_800.png,30schl03_20211228_165850_2618524880_600_800_mask.png,que estabelece a regulament-
87,5,174,11,397,275,571,286,397,275,571,275,571,286,397,286,sub_line_text,text,text_1,courier,regular,10,30schl03_20211228_165850_2618524880_600_800.png,/scratch/parceirosbr/bigoilict/share/BigOil/document_generator/datasets/documents_2021_12_28/30schl03_20211228_165850_2618524880_600_800.png,30schl03_20211228_165850_2618524880_600_800_mask.png,"ação para a construção, a a-"
87,5,174,11,397,286,571,297,397,286,571,286,571,297,397,297,sub_line_text,text,text_1,courier,regular,10,30schl03_20211228_165850_2618524880_600_800.png,/scratch/parceirosbr/bigoilict/share/BigOil/document_generator/datasets/documents_2021_12_28/30schl03_20211228_165850_2618524880_600_800.png,30schl03_20211228_165850_2618524880_600_800_mask.png,mpliação e a operação de in-
87,5,174,11,397,297,571,308,397,297,571,297,571,308,397,308,sub_line_text,text,text_1,courier,regular,10,30schl03_20211228_165850_2618524880_600_800.png,/scratch/parceirosbr/bigoilict/share/BigOil/document_generator/datasets/documents_2021_12_28/30schl03_20211228_165850_2618524880_600_800.png,30schl03_20211228_165850_2618524880_600_800_mask.png,stalações  de  transporte ou
87,5,174,11,397,308,571,319,397,308,571,308,571,319,397,319,sub_line_text,text,text_1,courier,regular,10,30schl03_20211228_165850_2618524880_600_800.png,/scratch/parceirosbr/bigoilict/share/BigOil/document_generator/datasets/documents_2021_12_28/30schl03_20211228_165850_2618524880_600_800.png,30schl03_20211228_165850_2618524880_600_800_mask.png,de transferência de petróle-
87,5,174,11,397,319,571,330,397,319,571,319,571,330,397,330,sub_line_text,text,text_1,courier,regular,10,30schl03_20211228_165850_2618524880_600_800.png,/scratch/parceirosbr/bigoilict/share/BigOil/document_generator/datasets/documents_2021_12_28/30schl03_20211228_165850_2618524880_600_800.png,30schl03_20211228_165850_2618524880_600_800_mask.png,"o, seus derivados, gás natu-"
87,5,174,11,397,330,571,341,397,330,571,330,571,341,397,341,sub_line_text,text,text_1,courier,regular,10,30schl03_20211228_165850_2618524880_600_800.png,/scratch/parceirosbr/bigoilict/share/BigOil/document_generator/datasets/documents_2021_12_28/30schl03_20211228_165850_2618524880_600_800.png,30schl03_20211228_165850_2618524880_600_800_mask.png,"ral,  inclusive  liquefeito,"
87,5,174,11,397,341,571,352,397,341,571,341,571,352,397,352,sub_line_text,text,text_1,courier,regular,10,30schl03_20211228_165850_2618524880_600_800.png,/scratch/parceirosbr/bigoilict/share/BigOil/document_generator/datasets/documents_2021_12_28/30schl03_20211228_165850_2618524880_600_800.png,30schl03_20211228_165850_2618524880_600_800_mask.png,biodiesel e misturas óleo d-
87,5,174,11,397,352,571,363,397,352,571,352,571,363,397,363,sub_line_text,text,text_1,courier,regular,10,30schl03_20211228_165850_2618524880_600_800.png,/scratch/parceirosbr/bigoilict/share/BigOil/document_generator/datasets/documents_2021_12_28/30schl03_20211228_165850_2618524880_600_800.png,30schl03_20211228_165850_2618524880_600_800_mask.png,iesel/biodiesel  (grifo  dos
87,5,174,11,397,363,571,374,397,363,571,363,571,374,397,374,sub_line_text,text,text_1,courier,regular,10,30schl03_20211228_165850_2618524880_600_800.png,/scratch/parceirosbr/bigoilict/share/BigOil/document_generator/datasets/documents_2021_12_28/30schl03_20211228_165850_2618524880_600_800.png,30schl03_20211228_165850_2618524880_600_800_mask.png,"autores),  a  solicitou à no"
27,5,54,11,397,374,451,385,397,374,451,374,451,385,397,385,sub_line_text,text,text_1,courier,regular,10,30schl03_20211228_165850_2618524880_600_800.png,/scratch/parceirosbr/bigoilict/share/BigOil/document_generator/datasets/documents_2021_12_28/30schl03_20211228_165850_2618524880_600_800.png,30schl03_20211228_165850_2618524880_600_800_mask.png,segundo.
87,82,175,165,397,220,572,385,397,220,572,220,572,385,397,385,text,text,text_2,courier,regular,10,30schl03_20211228_165850_2618524880_600_800.png,/scratch/parceirosbr/bigoilict/share/BigOil/document_generator/datasets/documents_2021_12_28/30schl03_20211228_165850_2618524880_600_800.png,30schl03_20211228_165850_2618524880_600_800_mask.png,
17,6,34,12,397,400,431,412,397,400,431,400,431,412,397,412,sub_line_text,subtitle,subtitle_2,courier,bold,11,30schl03_20211228_165850_2618524880_600_800.png,/scratch/parceirosbr/bigoilict/share/BigOil/document_generator/datasets/documents_2021_12_28/30schl03_20211228_165850_2618524880_600_800.png,30schl03_20211228_165850_2618524880_600_800_mask.png,This
17,6,34,12,397,400,431,412,397,400,431,400,431,412,397,412,title,subtitle,subtitle_3,courier,bold,11,30schl03_20211228_165850_2618524880_600_800.png,/scratch/parceirosbr/bigoilict/share/BigOil/document_generator/datasets/documents_2021_12_28/30schl03_20211228_165850_2618524880_600_800.png,30schl03_20211228_165850_2618524880_600_800_mask.png,
87,5,174,11,397,417,571,428,397,417,571,417,571,428,397,428,sub_line_text,text,text_2,courier,regular,10,30schl03_20211228_165850_2618524880_600_800.png,/scratch/parceirosbr/bigoilict/share/BigOil/document_generator/datasets/documents_2021_12_28/30schl03_20211228_165850_2618524880_600_800.png,30schl03_20211228_165850_2618524880_600_800_mask.png,Dentre os trabalhos que uti-
87,5,174,11,397,428,571,439,397,428,571,428,571,439,397,439,sub_line_text,text,text_2,courier,regular,10,30schl03_20211228_165850_2618524880_600_800.png,/scratch/parceirosbr/bigoilict/share/BigOil/document_generator/datasets/documents_2021_12_28/30schl03_20211228_165850_2618524880_600_800.png,30schl03_20211228_165850_2618524880_600_800_mask.png,lizam  etanol  como solvente
87,5,174,11,397,439,571,450,397,439,571,439,571,450,397,450,sub_line_text,text,text_2,courier,regular,10,30schl03_20211228_165850_2618524880_600_800.png,/scratch/parceirosbr/bigoilict/share/BigOil/document_generator/datasets/documents_2021_12_28/30schl03_20211228_165850_2618524880_600_800.png,30schl03_20211228_165850_2618524880_600_800_mask.png,"no  sistema  salting-out, os"
87,5,174,11,397,450,571,461,397,450,571,450,571,461,397,461,sub_line_text,text,text_2,courier,regular,10,30schl03_20211228_165850_2618524880_600_800.png,/scratch/parceirosbr/bigoilict/share/BigOil/document_generator/datasets/documents_2021_12_28/30schl03_20211228_165850_2618524880_600_800.png,30schl03_20211228_165850_2618524880_600_800_mask.png,resultados deste trabalho s-
87,5,174,11,397,461,571,472,397,461,571,461,571,472,397,472,sub_line_text,text,text_2,courier,regular,10,30schl03_20211228_165850_2618524880_600_800.png,/scratch/parceirosbr/bigoilict/share/BigOil/document_generator/datasets/documents_2021_12_28/30schl03_20211228_165850_2618524880_600_800.png,30schl03_20211228_165850_2618524880_600_800_mask.png,ão melhores do que os repor-
87,5,174,11,397,472,571,483,397,472,571,472,571,483,397,483,sub_line_text,text,text_2,courier,regular,10,30schl03_20211228_165850_2618524880_600_800.png,/scratch/parceirosbr/bigoilict/share/BigOil/document_generator/datasets/documents_2021_12_28/30schl03_20211228_165850_2618524880_600_800.png,30schl03_20211228_165850_2618524880_600_800_mask.png,"tados na literatura, utiliz-"
87,5,174,11,397,483,571,494,397,483,571,483,571,494,397,494,sub_line_text,text,text_2,courier,regular,10,30schl03_20211228_165850_2618524880_600_800.png,/scratch/parceirosbr/bigoilict/share/BigOil/document_generator/datasets/documents_2021_12_28/30schl03_20211228_165850_2618524880_600_800.png,30schl03_20211228_165850_2618524880_600_800_mask.png,ando  o sistema etanol/K3PO4
87,5,174,11,397,494,571,505,397,494,571,494,571,505,397,505,sub_line_text,text,text_2,courier,regular,10,30schl03_20211228_165850_2618524880_600_800.png,/scratch/parceirosbr/bigoilict/share/BigOil/document_generator/datasets/documents_2021_12_28/30schl03_20211228_165850_2618524880_600_800.png,30schl03_20211228_165850_2618524880_600_800_mask.png,"e meio fermentado, obteve-s-"
87,5,174,11,397,505,571,516,397,505,571,505,571,516,397,516,sub_line_text,text,text_2,courier,regular,10,30schl03_20211228_165850_2618524880_600_800.png,/scratch/parceirosbr/bigoilict/share/BigOil/document_generator/datasets/documents_2021_12_28/30schl03_20211228_165850_2618524880_600_800.png,30schl03_20211228_165850_2618524880_600_800_mask.png,e valor para de 33 e para d-
87,5,174,11,397,516,571,527,397,516,571,516,571,527,397,527,sub_line_text,text,text_2,courier,regular,10,30schl03_20211228_165850_2618524880_600_800.png,/scratch/parceirosbr/bigoilict/share/BigOil/document_generator/datasets/documents_2021_12_28/30schl03_20211228_165850_2618524880_600_800.png,30schl03_20211228_165850_2618524880_600_800_mask.png,"e 97%.Grande, where there w-"
87,5,174,11,397,527,571,538,397,527,571,527,571,538,397,538,sub_line_text,text,text_2,courier,regular,10,30schl03_20211228_165850_2618524880_600_800.png,/scratch/parceirosbr/bigoilict/share/BigOil/document_generator/datasets/documents_2021_12_28/30schl03_20211228_165850_2618524880_600_800.png,30schl03_20211228_165850_2618524880_600_800_mask.png,ere  high  concentrations of
87,5,174,11,397,538,571,549,397,538,571,538,571,549,397,549,sub_line_text,text,text_2,courier,regular,10,30schl03_20211228_165850_2618524880_600_800.png,/scratch/parceirosbr/bigoilict/share/BigOil/document_generator/datasets/documents_2021_12_28/30schl03_20211228_165850_2618524880_600_800.png,30schl03_20211228_165850_2618524880_600_800_mask.png,"oils  and greases, mainly in"
87,5,174,11,397,549,571,560,397,549,571,549,571,560,397,560,sub_line_text,text,text_2,courier,regular,10,30schl03_20211228_165850_2618524880_600_800.png,/scratch/parceirosbr/bigoilict/share/BigOil/document_generator/datasets/documents_2021_12_28/30schl03_20211228_165850_2618524880_600_800.png,30schl03_20211228_165850_2618524880_600_800_mask.png,Brazil.Esta fonte foi insta-
87,5,174,11,397,560,571,571,397,560,571,560,571,571,397,571,sub_line_text,text,text_2,courier,regular,10,30schl03_20211228_165850_2618524880_600_800.png,/scratch/parceirosbr/bigoilict/share/BigOil/document_generator/datasets/documents_2021_12_28/30schl03_20211228_165850_2618524880_600_800.png,30schl03_20211228_165850_2618524880_600_800_mask.png,lada  na sala de controle do
87,5,174,11,397,571,571,582,397,571,571,571,571,582,397,582,sub_line_text,text,text_2,courier,regular,10,30schl03_20211228_165850_2618524880_600_800.png,/scratch/parceirosbr/bigoilict/share/BigOil/document_generator/datasets/documents_2021_12_28/30schl03_20211228_165850_2618524880_600_800.png,30schl03_20211228_165850_2618524880_600_800_mask.png,banco  de provas para também
87,5,174,11,397,582,571,593,397,582,571,582,571,593,397,593,sub_line_text,text,text_2,courier,regular,10,30schl03_20211228_165850_2618524880_600_800.png,/scratch/parceirosbr/bigoilict/share/BigOil/document_generator/datasets/documents_2021_12_28/30schl03_20211228_165850_2618524880_600_800.png,30schl03_20211228_165850_2618524880_600_800_mask.png,ser usada para frear o moto-
87,5,174,11,397,593,571,604,397,593,571,593,571,604,397,604,sub_line_text,text,text_2,courier,regular,10,30schl03_20211228_165850_2618524880_600_800.png,/scratch/parceirosbr/bigoilict/share/BigOil/document_generator/datasets/documents_2021_12_28/30schl03_20211228_165850_2618524880_600_800.png,30schl03_20211228_165850_2618524880_600_800_mask.png,r durante os testes.No o fa-
87,5,174,11,397,604,571,615,397,604,571,604,571,615,397,615,sub_line_text,text,text_2,courier,regular,10,30schl03_20211228_165850_2618524880_600_800.png,/scratch/parceirosbr/bigoilict/share/BigOil/document_generator/datasets/documents_2021_12_28/30schl03_20211228_165850_2618524880_600_800.png,30schl03_20211228_165850_2618524880_600_800_mask.png,to  do gás natural ser ainda
87,5,174,11,397,615,571,626,397,615,571,615,571,626,397,626,sub_line_text,text,text_2,courier,regular,10,30schl03_20211228_165850_2618524880_600_800.png,/scratch/parceirosbr/bigoilict/share/BigOil/document_generator/datasets/documents_2021_12_28/30schl03_20211228_165850_2618524880_600_800.png,30schl03_20211228_165850_2618524880_600_800_mask.png,um subproduto do petróleo q-
87,5,174,11,397,626,571,637,397,626,571,626,571,637,397,637,sub_line_text,text,text_2,courier,regular,10,30schl03_20211228_165850_2618524880_600_800.png,/scratch/parceirosbr/bigoilict/share/BigOil/document_generator/datasets/documents_2021_12_28/30schl03_20211228_165850_2618524880_600_800.png,30schl03_20211228_165850_2618524880_600_800_mask.png,"ue, por sua vez, caracteriz-"
87,5,174,11,397,637,571,648,397,637,571,637,571,648,397,648,sub_line_text,text,text_2,courier,regular,10,30schl03_20211228_165850_2618524880_600_800.png,/scratch/parceirosbr/bigoilict/share/BigOil/document_generator/datasets/documents_2021_12_28/30schl03_20211228_165850_2618524880_600_800.png,30schl03_20211228_165850_2618524880_600_800_mask.png,a-se pela extrema volatilid-
87,5,174,11,397,648,571,659,397,648,571,648,571,659,397,659,sub_line_text,text,text_2,courier,regular,10,30schl03_20211228_165850_2618524880_600_800.png,/scratch/parceirosbr/bigoilict/share/BigOil/document_generator/datasets/documents_2021_12_28/30schl03_20211228_165850_2618524880_600_800.png,30schl03_20211228_165850_2618524880_600_800_mask.png,"ade de seus preços, cria um-"
87,5,174,11,397,659,571,670,397,659,571,659,571,670,397,670,sub_line_text,text,text_2,courier,regular,10,30schl03_20211228_165850_2618524880_600_800.png,/scratch/parceirosbr/bigoilict/share/BigOil/document_generator/datasets/documents_2021_12_28/30schl03_20211228_165850_2618524880_600_800.png,30schl03_20211228_165850_2618524880_600_800_mask.png,a  dificuldade a mais para a
45,5,90,11,397,670,487,681,397,670,487,670,487,681,397,681,sub_line_text,text,text_2,courier,regular,10,30schl03_20211228_165850_2618524880_600_800.png,/scratch/parceirosbr/bigoilict/share/BigOil/document_generator/datasets/documents_2021_12_28/30schl03_20211228_165850_2618524880_600_800.png,30schl03_20211228_165850_2618524880_600_800_mask.png,introdução de.
87,132,175,264,397,417,572,681,397,417,572,417,572,681,397,681,text,text,text_3,courier,regular,10,30schl03_20211228_165850_2618524880_600_800.png,/scratch/parceirosbr/bigoilict/share/BigOil/document_generator/datasets/documents_2021_12_28/30schl03_20211228_165850_2618524880_600_800.png,30schl03_20211228_165850_2618524880_600_800_mask.png,
