center_x,center_y,width,height,xmin,ymin,xmax,ymax,top_left_x,top_left_y,top_right_x,top_right_y,bottom_right_x,bottom_right_y,bottom_left_x,bottom_left_y,label,grouplabel,group,text_font,text_style,size_font,filename,path,filename_mask,content
300,400,600,800,0,0,600,800,0,0,600,0,600,800,0,800,document,,,,,,33covnames_20211228_165957_8197936234_600_800.png,/scratch/parceirosbr/bigoilict/share/BigOil/document_generator/datasets/documents_2021_12_28/33covnames_20211228_165957_8197936234_600_800.png,33covnames_20211228_165957_8197936234_600_800_mask.png,
74,22,149,45,65,62,214,107,65,62,214,63,214,107,65,106,image,image,image,,,,33covnames_20211228_165957_8197936234_600_800.png,/scratch/parceirosbr/bigoilict/share/BigOil/document_generator/datasets/documents_2021_12_28/33covnames_20211228_165957_8197936234_600_800.png,33covnames_20211228_165957_8197936234_600_800_mask.png,/scratch/parceirosbr/bigoilict/share/BigOil/document_generator/files_images_document_generator/logos\image_36.jpg
66,9,133,19,233,62,366,81,233,62,366,62,366,81,233,81,sub_line_text,header,header_1,courier,italic,17,33covnames_20211228_165957_8197936234_600_800.png,/scratch/parceirosbr/bigoilict/share/BigOil/document_generator/datasets/documents_2021_12_28/33covnames_20211228_165957_8197936234_600_800.png,33covnames_20211228_165957_8197936234_600_800_mask.png,Polieletróli-
65,9,130,19,233,89,363,108,233,89,363,89,363,108,233,108,sub_line_text,header,header_1,courier,italic,17,33covnames_20211228_165957_8197936234_600_800.png,/scratch/parceirosbr/bigoilict/share/BigOil/document_generator/datasets/documents_2021_12_28/33covnames_20211228_165957_8197936234_600_800.png,33covnames_20211228_165957_8197936234_600_800_mask.png,tos alto peso
66,23,133,46,233,62,366,108,233,62,366,62,366,108,233,108,text,header,header_1,courier,italic,17,33covnames_20211228_165957_8197936234_600_800.png,/scratch/parceirosbr/bigoilict/share/BigOil/document_generator/datasets/documents_2021_12_28/33covnames_20211228_165957_8197936234_600_800.png,33covnames_20211228_165957_8197936234_600_800_mask.png,nan
30,6,60,12,490,63,550,75,490,63,550,63,550,75,490,75,sub_line_text,header,header_1,courier,bold,10,33covnames_20211228_165957_8197936234_600_800.png,/scratch/parceirosbr/bigoilict/share/BigOil/document_generator/datasets/documents_2021_12_28/33covnames_20211228_165957_8197936234_600_800.png,33covnames_20211228_165957_8197936234_600_800_mask.png,Sabe-se as
30,6,60,12,490,63,550,75,490,63,550,63,550,75,490,75,text,header,header_1,courier,bold,10,33covnames_20211228_165957_8197936234_600_800.png,/scratch/parceirosbr/bigoilict/share/BigOil/document_generator/datasets/documents_2021_12_28/33covnames_20211228_165957_8197936234_600_800.png,33covnames_20211228_165957_8197936234_600_800_mask.png,nan
45,6,91,13,233,131,324,144,233,131,324,131,324,144,233,144,sub_line_text,subsubtitle,subsubtitle_0,courier,italic,12,33covnames_20211228_165957_8197936234_600_800.png,/scratch/parceirosbr/bigoilict/share/BigOil/document_generator/datasets/documents_2021_12_28/33covnames_20211228_165957_8197936234_600_800.png,33covnames_20211228_165957_8197936234_600_800_mask.png,Saccharomyces
28,6,56,13,233,149,289,162,233,149,289,149,289,162,233,162,sub_line_text,subsubtitle,subsubtitle_0,courier,italic,12,33covnames_20211228_165957_8197936234_600_800.png,/scratch/parceirosbr/bigoilict/share/BigOil/document_generator/datasets/documents_2021_12_28/33covnames_20211228_165957_8197936234_600_800.png,33covnames_20211228_165957_8197936234_600_800_mask.png,levedura
45,15,91,31,233,131,324,162,233,131,324,131,324,162,233,162,title,subsubtitle,subsubtitle_0,courier,italic,12,33covnames_20211228_165957_8197936234_600_800.png,/scratch/parceirosbr/bigoilict/share/BigOil/document_generator/datasets/documents_2021_12_28/33covnames_20211228_165957_8197936234_600_800.png,33covnames_20211228_165957_8197936234_600_800_mask.png,nan
59,6,119,13,233,182,352,195,233,182,352,182,352,195,233,195,sub_line_text,subsubtitle,subsubtitle_1,courier,italic,12,33covnames_20211228_165957_8197936234_600_800.png,/scratch/parceirosbr/bigoilict/share/BigOil/document_generator/datasets/documents_2021_12_28/33covnames_20211228_165957_8197936234_600_800.png,33covnames_20211228_165957_8197936234_600_800_mask.png,Steven John Davis
59,6,119,13,233,182,352,195,233,182,352,182,352,195,233,195,title,subsubtitle,subsubtitle_1,courier,italic,12,33covnames_20211228_165957_8197936234_600_800.png,/scratch/parceirosbr/bigoilict/share/BigOil/document_generator/datasets/documents_2021_12_28/33covnames_20211228_165957_8197936234_600_800.png,33covnames_20211228_165957_8197936234_600_800_mask.png,nan
45,6,90,12,233,199,323,211,233,199,323,199,323,211,233,211,sub_line_text,title,title_0,courier,bold,10,33covnames_20211228_165957_8197936234_600_800.png,/scratch/parceirosbr/bigoilict/share/BigOil/document_generator/datasets/documents_2021_12_28/33covnames_20211228_165957_8197936234_600_800.png,33covnames_20211228_165957_8197936234_600_800_mask.png,Como requisitos
45,6,90,12,233,199,323,211,233,199,323,199,323,211,233,211,title,title,title_0,courier,bold,10,33covnames_20211228_165957_8197936234_600_800.png,/scratch/parceirosbr/bigoilict/share/BigOil/document_generator/datasets/documents_2021_12_28/33covnames_20211228_165957_8197936234_600_800.png,33covnames_20211228_165957_8197936234_600_800_mask.png,nan
56,6,113,13,233,215,346,228,233,215,346,215,346,228,233,228,sub_line_text,subsubtitle,subsubtitle_2,courier,italic,12,33covnames_20211228_165957_8197936234_600_800.png,/scratch/parceirosbr/bigoilict/share/BigOil/document_generator/datasets/documents_2021_12_28/33covnames_20211228_165957_8197936234_600_800.png,33covnames_20211228_165957_8197936234_600_800_mask.png,Oscar David Calk
56,6,113,13,233,215,346,228,233,215,346,215,346,228,233,228,title,subsubtitle,subsubtitle_2,courier,italic,12,33covnames_20211228_165957_8197936234_600_800.png,/scratch/parceirosbr/bigoilict/share/BigOil/document_generator/datasets/documents_2021_12_28/33covnames_20211228_165957_8197936234_600_800.png,33covnames_20211228_165957_8197936234_600_800_mask.png,nan
12,6,24,12,233,232,257,244,233,232,257,232,257,244,233,244,sub_line_text,title,title_1,courier,bold,10,33covnames_20211228_165957_8197936234_600_800.png,/scratch/parceirosbr/bigoilict/share/BigOil/document_generator/datasets/documents_2021_12_28/33covnames_20211228_165957_8197936234_600_800.png,33covnames_20211228_165957_8197936234_600_800_mask.png,Esta
12,6,24,12,233,232,257,244,233,232,257,232,257,244,233,244,title,title,title_1,courier,bold,10,33covnames_20211228_165957_8197936234_600_800.png,/scratch/parceirosbr/bigoilict/share/BigOil/document_generator/datasets/documents_2021_12_28/33covnames_20211228_165957_8197936234_600_800.png,33covnames_20211228_165957_8197936234_600_800_mask.png,nan
66,6,133,13,233,248,366,261,233,248,366,248,366,261,233,261,sub_line_text,subsubtitle,subsubtitle_3,courier,italic,12,33covnames_20211228_165957_8197936234_600_800.png,/scratch/parceirosbr/bigoilict/share/BigOil/document_generator/datasets/documents_2021_12_28/33covnames_20211228_165957_8197936234_600_800.png,33covnames_20211228_165957_8197936234_600_800_mask.png,Curtis Billy Mcmil-
66,6,133,13,233,248,366,261,233,248,366,248,366,261,233,261,title,subsubtitle,subsubtitle_3,courier,italic,12,33covnames_20211228_165957_8197936234_600_800.png,/scratch/parceirosbr/bigoilict/share/BigOil/document_generator/datasets/documents_2021_12_28/33covnames_20211228_165957_8197936234_600_800.png,33covnames_20211228_165957_8197936234_600_800_mask.png,nan
45,6,90,12,233,265,323,277,233,265,323,265,323,277,233,277,sub_line_text,title,title_2,courier,bold,10,33covnames_20211228_165957_8197936234_600_800.png,/scratch/parceirosbr/bigoilict/share/BigOil/document_generator/datasets/documents_2021_12_28/33covnames_20211228_165957_8197936234_600_800.png,33covnames_20211228_165957_8197936234_600_800_mask.png,Execução método
45,6,90,12,233,265,323,277,233,265,323,265,323,277,233,277,title,title,title_2,courier,bold,10,33covnames_20211228_165957_8197936234_600_800.png,/scratch/parceirosbr/bigoilict/share/BigOil/document_generator/datasets/documents_2021_12_28/33covnames_20211228_165957_8197936234_600_800.png,33covnames_20211228_165957_8197936234_600_800_mask.png,nan
70,6,140,13,233,281,373,294,233,281,373,281,373,294,233,294,sub_line_text,subsubtitle,subsubtitle_4,courier,italic,12,33covnames_20211228_165957_8197936234_600_800.png,/scratch/parceirosbr/bigoilict/share/BigOil/document_generator/datasets/documents_2021_12_28/33covnames_20211228_165957_8197936234_600_800.png,33covnames_20211228_165957_8197936234_600_800_mask.png,David Thomas Moralis
70,6,140,13,233,281,373,294,233,281,373,281,373,294,233,294,title,subsubtitle,subsubtitle_4,courier,italic,12,33covnames_20211228_165957_8197936234_600_800.png,/scratch/parceirosbr/bigoilict/share/BigOil/document_generator/datasets/documents_2021_12_28/33covnames_20211228_165957_8197936234_600_800.png,33covnames_20211228_165957_8197936234_600_800_mask.png,nan
63,6,126,12,233,298,359,310,233,298,359,298,359,310,233,310,sub_line_text,title,title_3,courier,bold,10,33covnames_20211228_165957_8197936234_600_800.png,/scratch/parceirosbr/bigoilict/share/BigOil/document_generator/datasets/documents_2021_12_28/33covnames_20211228_165957_8197936234_600_800.png,33covnames_20211228_165957_8197936234_600_800_mask.png,Resultado metabolismo
63,6,126,12,233,298,359,310,233,298,359,298,359,310,233,310,title,title,title_3,courier,bold,10,33covnames_20211228_165957_8197936234_600_800.png,/scratch/parceirosbr/bigoilict/share/BigOil/document_generator/datasets/documents_2021_12_28/33covnames_20211228_165957_8197936234_600_800.png,33covnames_20211228_165957_8197936234_600_800_mask.png,nan
70,6,140,13,233,314,373,327,233,314,373,314,373,327,233,327,sub_line_text,subsubtitle,subsubtitle_5,courier,italic,12,33covnames_20211228_165957_8197936234_600_800.png,/scratch/parceirosbr/bigoilict/share/BigOil/document_generator/datasets/documents_2021_12_28/33covnames_20211228_165957_8197936234_600_800.png,33covnames_20211228_165957_8197936234_600_800_mask.png,Carolyn  Carol  Mcg-
21,6,42,13,233,332,275,345,233,332,275,332,275,345,233,345,sub_line_text,subsubtitle,subsubtitle_5,courier,italic,12,33covnames_20211228_165957_8197936234_600_800.png,/scratch/parceirosbr/bigoilict/share/BigOil/document_generator/datasets/documents_2021_12_28/33covnames_20211228_165957_8197936234_600_800.png,33covnames_20211228_165957_8197936234_600_800_mask.png,uiness
70,15,140,31,233,314,373,345,233,314,373,314,373,345,233,345,title,subsubtitle,subsubtitle_5,courier,italic,12,33covnames_20211228_165957_8197936234_600_800.png,/scratch/parceirosbr/bigoilict/share/BigOil/document_generator/datasets/documents_2021_12_28/33covnames_20211228_165957_8197936234_600_800.png,33covnames_20211228_165957_8197936234_600_800_mask.png,nan
45,6,90,12,233,349,323,361,233,349,323,349,323,361,233,361,sub_line_text,title,title_4,courier,bold,10,33covnames_20211228_165957_8197936234_600_800.png,/scratch/parceirosbr/bigoilict/share/BigOil/document_generator/datasets/documents_2021_12_28/33covnames_20211228_165957_8197936234_600_800.png,33covnames_20211228_165957_8197936234_600_800_mask.png,Potencialidades
45,6,90,12,233,349,323,361,233,349,323,349,323,361,233,361,title,title,title_4,courier,bold,10,33covnames_20211228_165957_8197936234_600_800.png,/scratch/parceirosbr/bigoilict/share/BigOil/document_generator/datasets/documents_2021_12_28/33covnames_20211228_165957_8197936234_600_800.png,33covnames_20211228_165957_8197936234_600_800_mask.png,nan
56,6,112,13,233,365,345,378,233,365,345,365,345,378,233,378,sub_line_text,subsubtitle,subsubtitle_6,courier,italic,12,33covnames_20211228_165957_8197936234_600_800.png,/scratch/parceirosbr/bigoilict/share/BigOil/document_generator/datasets/documents_2021_12_28/33covnames_20211228_165957_8197936234_600_800.png,33covnames_20211228_165957_8197936234_600_800_mask.png,Louis John Byrne
56,6,112,13,233,365,345,378,233,365,345,365,345,378,233,378,title,subsubtitle,subsubtitle_6,courier,italic,12,33covnames_20211228_165957_8197936234_600_800.png,/scratch/parceirosbr/bigoilict/share/BigOil/document_generator/datasets/documents_2021_12_28/33covnames_20211228_165957_8197936234_600_800.png,33covnames_20211228_165957_8197936234_600_800_mask.png,nan
42,6,85,12,232,382,317,394,233,382,317,382,316,394,232,394,sub_line_text,title,title_5,courier,bold,10,33covnames_20211228_165957_8197936234_600_800.png,/scratch/parceirosbr/bigoilict/share/BigOil/document_generator/datasets/documents_2021_12_28/33covnames_20211228_165957_8197936234_600_800.png,33covnames_20211228_165957_8197936234_600_800_mask.png,"Segundo, custo"
42,6,85,12,232,382,317,394,233,382,317,382,316,394,232,394,title,title,title_5,courier,bold,10,33covnames_20211228_165957_8197936234_600_800.png,/scratch/parceirosbr/bigoilict/share/BigOil/document_generator/datasets/documents_2021_12_28/33covnames_20211228_165957_8197936234_600_800.png,33covnames_20211228_165957_8197936234_600_800_mask.png,nan
56,6,112,13,232,398,344,411,232,398,344,398,344,411,232,411,sub_line_text,subsubtitle,subsubtitle_7,courier,italic,12,33covnames_20211228_165957_8197936234_600_800.png,/scratch/parceirosbr/bigoilict/share/BigOil/document_generator/datasets/documents_2021_12_28/33covnames_20211228_165957_8197936234_600_800.png,33covnames_20211228_165957_8197936234_600_800_mask.png,Kevin John Cotto
56,6,112,13,232,398,344,411,232,398,344,398,344,411,232,411,title,subsubtitle,subsubtitle_7,courier,italic,12,33covnames_20211228_165957_8197936234_600_800.png,/scratch/parceirosbr/bigoilict/share/BigOil/document_generator/datasets/documents_2021_12_28/33covnames_20211228_165957_8197936234_600_800.png,33covnames_20211228_165957_8197936234_600_800_mask.png,nan
51,6,102,12,232,415,334,427,232,415,334,415,334,427,232,427,sub_line_text,title,title_6,courier,bold,10,33covnames_20211228_165957_8197936234_600_800.png,/scratch/parceirosbr/bigoilict/share/BigOil/document_generator/datasets/documents_2021_12_28/33covnames_20211228_165957_8197936234_600_800.png,33covnames_20211228_165957_8197936234_600_800_mask.png,"Outras situações,"
51,6,102,12,232,415,334,427,232,415,334,415,334,427,232,427,title,title,title_6,courier,bold,10,33covnames_20211228_165957_8197936234_600_800.png,/scratch/parceirosbr/bigoilict/share/BigOil/document_generator/datasets/documents_2021_12_28/33covnames_20211228_165957_8197936234_600_800.png,33covnames_20211228_165957_8197936234_600_800_mask.png,nan
70,10,140,20,64,455,204,475,64,455,204,456,204,475,64,474,sub_line_text,title,title_7,courier,italic,17,33covnames_20211228_165957_8197936234_600_800.png,/scratch/parceirosbr/bigoilict/share/BigOil/document_generator/datasets/documents_2021_12_28/33covnames_20211228_165957_8197936234_600_800.png,33covnames_20211228_165957_8197936234_600_800_mask.png,5.        para
35,9,70,19,64,482,134,501,64,482,134,482,134,501,64,501,sub_line_text,title,title_7,courier,italic,17,33covnames_20211228_165957_8197936234_600_800.png,/scratch/parceirosbr/bigoilict/share/BigOil/document_generator/datasets/documents_2021_12_28/33covnames_20211228_165957_8197936234_600_800.png,33covnames_20211228_165957_8197936234_600_800_mask.png,volumes
70,23,140,47,64,455,204,502,64,455,204,456,204,502,64,501,title,title,title_7,courier,italic,17,33covnames_20211228_165957_8197936234_600_800.png,/scratch/parceirosbr/bigoilict/share/BigOil/document_generator/datasets/documents_2021_12_28/33covnames_20211228_165957_8197936234_600_800.png,33covnames_20211228_165957_8197936234_600_800_mask.png,nan
48,6,96,12,106,507,202,519,106,507,202,507,202,519,106,519,sub_line_text,text,text_0,courier,regular,10,33covnames_20211228_165957_8197936234_600_800.png,/scratch/parceirosbr/bigoilict/share/BigOil/document_generator/datasets/documents_2021_12_28/33covnames_20211228_165957_8197936234_600_800.png,33covnames_20211228_165957_8197936234_600_800_mask.png,LV(t)  é a vazão
72,6,144,13,64,523,208,536,64,523,208,524,208,536,64,535,sub_line_text,text,text_0,courier,regular,10,33covnames_20211228_165957_8197936234_600_800.png,/scratch/parceirosbr/bigoilict/share/BigOil/document_generator/datasets/documents_2021_12_28/33covnames_20211228_165957_8197936234_600_800.png,33covnames_20211228_165957_8197936234_600_800_mask.png,óleo  que varia no temp-
69,6,138,13,64,539,202,552,64,539,202,540,202,552,64,551,sub_line_text,text,text_0,courier,regular,10,33covnames_20211228_165957_8197936234_600_800.png,/scratch/parceirosbr/bigoilict/share/BigOil/document_generator/datasets/documents_2021_12_28/33covnames_20211228_165957_8197936234_600_800.png,33covnames_20211228_165957_8197936234_600_800_mask.png,"o,  ela é dependente de"
72,6,144,13,64,555,208,568,64,555,208,556,208,568,64,567,sub_line_text,text,text_0,courier,regular,10,33covnames_20211228_165957_8197936234_600_800.png,/scratch/parceirosbr/bigoilict/share/BigOil/document_generator/datasets/documents_2021_12_28/33covnames_20211228_165957_8197936234_600_800.png,33covnames_20211228_165957_8197936234_600_800_mask.png,g  que é a aceleração da
72,6,144,13,64,571,208,584,64,571,208,572,208,584,64,583,sub_line_text,text,text_0,courier,regular,10,33covnames_20211228_165957_8197936234_600_800.png,/scratch/parceirosbr/bigoilict/share/BigOil/document_generator/datasets/documents_2021_12_28/33covnames_20211228_165957_8197936234_600_800.png,33covnames_20211228_165957_8197936234_600_800_mask.png,"gravidade,  hvert é a a-"
72,6,144,13,64,587,208,600,64,587,208,588,208,600,64,599,sub_line_text,text,text_0,courier,regular,10,33covnames_20211228_165957_8197936234_600_800.png,/scratch/parceirosbr/bigoilict/share/BigOil/document_generator/datasets/documents_2021_12_28/33covnames_20211228_165957_8197936234_600_800.png,33covnames_20211228_165957_8197936234_600_800_mask.png,ltura  do vetedouro líq-
72,6,144,13,64,603,208,616,64,603,208,604,208,616,64,615,sub_line_text,text,text_0,courier,regular,10,33covnames_20211228_165957_8197936234_600_800.png,/scratch/parceirosbr/bigoilict/share/BigOil/document_generator/datasets/documents_2021_12_28/33covnames_20211228_165957_8197936234_600_800.png,33covnames_20211228_165957_8197936234_600_800_mask.png,uido  que transborda pa-
69,6,138,13,64,619,202,632,64,619,202,620,202,632,64,631,sub_line_text,text,text_0,courier,regular,10,33covnames_20211228_165957_8197936234_600_800.png,/scratch/parceirosbr/bigoilict/share/BigOil/document_generator/datasets/documents_2021_12_28/33covnames_20211228_165957_8197936234_600_800.png,33covnames_20211228_165957_8197936234_600_800_mask.png,ra câmara de separação.
72,62,144,125,64,507,208,632,64,507,208,508,208,632,64,631,text,text,text_0,courier,regular,10,33covnames_20211228_165957_8197936234_600_800.png,/scratch/parceirosbr/bigoilict/share/BigOil/document_generator/datasets/documents_2021_12_28/33covnames_20211228_165957_8197936234_600_800.png,33covnames_20211228_165957_8197936234_600_800_mask.png,nan
51,6,102,12,106,635,208,647,106,635,208,635,208,647,106,647,sub_line_text,text,text_1,courier,regular,10,33covnames_20211228_165957_8197936234_600_800.png,/scratch/parceirosbr/bigoilict/share/BigOil/document_generator/datasets/documents_2021_12_28/33covnames_20211228_165957_8197936234_600_800.png,33covnames_20211228_165957_8197936234_600_800_mask.png,Y  tendrá a su c-
72,6,144,13,64,651,208,664,64,651,208,652,208,664,64,663,sub_line_text,text,text_1,courier,regular,10,33covnames_20211228_165957_8197936234_600_800.png,/scratch/parceirosbr/bigoilict/share/BigOil/document_generator/datasets/documents_2021_12_28/33covnames_20211228_165957_8197936234_600_800.png,33covnames_20211228_165957_8197936234_600_800_mask.png,argo  la comercializaci-
72,6,144,13,64,667,208,680,64,667,208,668,208,680,64,679,sub_line_text,text,text_1,courier,regular,10,33covnames_20211228_165957_8197936234_600_800.png,/scratch/parceirosbr/bigoilict/share/BigOil/document_generator/datasets/documents_2021_12_28/33covnames_20211228_165957_8197936234_600_800.png,33covnames_20211228_165957_8197936234_600_800_mask.png,ón  de la energía eléct-
72,6,144,13,64,683,208,696,64,683,208,684,208,696,64,695,sub_line_text,text,text_1,courier,regular,10,33covnames_20211228_165957_8197936234_600_800.png,/scratch/parceirosbr/bigoilict/share/BigOil/document_generator/datasets/documents_2021_12_28/33covnames_20211228_165957_8197936234_600_800.png,33covnames_20211228_165957_8197936234_600_800_mask.png,rica  proveniente de los
69,6,138,13,64,699,202,712,64,699,202,700,202,712,64,711,sub_line_text,text,text_1,courier,regular,10,33covnames_20211228_165957_8197936234_600_800.png,/scratch/parceirosbr/bigoilict/share/BigOil/document_generator/datasets/documents_2021_12_28/33covnames_20211228_165957_8197936234_600_800.png,33covnames_20211228_165957_8197936234_600_800_mask.png,aprovechamientos binac.
72,38,144,77,64,635,208,712,64,635,208,636,208,712,64,711,text,text,text_1,courier,regular,10,33covnames_20211228_165957_8197936234_600_800.png,/scratch/parceirosbr/bigoilict/share/BigOil/document_generator/datasets/documents_2021_12_28/33covnames_20211228_165957_8197936234_600_800.png,33covnames_20211228_165957_8197936234_600_800_mask.png,nan
51,6,102,12,106,715,208,727,106,715,208,715,208,727,106,727,sub_line_text,text,text_2,courier,regular,10,33covnames_20211228_165957_8197936234_600_800.png,/scratch/parceirosbr/bigoilict/share/BigOil/document_generator/datasets/documents_2021_12_28/33covnames_20211228_165957_8197936234_600_800.png,33covnames_20211228_165957_8197936234_600_800_mask.png,Estas condições-.
51,6,102,12,106,715,208,727,106,715,208,715,208,727,106,727,text,text,text_2,courier,regular,10,33covnames_20211228_165957_8197936234_600_800.png,/scratch/parceirosbr/bigoilict/share/BigOil/document_generator/datasets/documents_2021_12_28/33covnames_20211228_165957_8197936234_600_800.png,33covnames_20211228_165957_8197936234_600_800_mask.png,nan
72,54,144,108,232,455,376,563,232,455,376,455,376,563,232,563,list,list,list_1,courier,courier,10,33covnames_20211228_165957_8197936234_600_800.png,/scratch/parceirosbr/bigoilict/share/BigOil/document_generator/datasets/documents_2021_12_28/33covnames_20211228_165957_8197936234_600_800.png,33covnames_20211228_165957_8197936234_600_800_mask.png,
48,6,96,12,232,455,328,467,232,455,328,455,328,467,232,467,sub_line_text,list,list_1,courier,regular,10,33covnames_20211228_165957_8197936234_600_800.png,/scratch/parceirosbr/bigoilict/share/BigOil/document_generator/datasets/documents_2021_12_28/33covnames_20211228_165957_8197936234_600_800.png,33covnames_20211228_165957_8197936234_600_800_mask.png,-  A minha tia e
69,6,138,12,232,471,370,483,232,471,370,471,370,483,232,483,sub_line_text,list,list_1,courier,regular,10,33covnames_20211228_165957_8197936234_600_800.png,/scratch/parceirosbr/bigoilict/share/BigOil/document_generator/datasets/documents_2021_12_28/33covnames_20211228_165957_8197936234_600_800.png,33covnames_20211228_165957_8197936234_600_800_mask.png,-  Soviética manteve-se
72,6,144,12,232,487,376,499,232,487,376,487,376,499,232,499,sub_line_text,list,list_1,courier,regular,10,33covnames_20211228_165957_8197936234_600_800.png,/scratch/parceirosbr/bigoilict/share/BigOil/document_generator/datasets/documents_2021_12_28/33covnames_20211228_165957_8197936234_600_800.png,33covnames_20211228_165957_8197936234_600_800_mask.png,-  O   resultado   deste
24,6,48,12,250,503,298,515,250,503,298,503,298,515,250,515,sub_line_text,list,list_1,courier,regular,10,33covnames_20211228_165957_8197936234_600_800.png,/scratch/parceirosbr/bigoilict/share/BigOil/document_generator/datasets/documents_2021_12_28/33covnames_20211228_165957_8197936234_600_800.png,33covnames_20211228_165957_8197936234_600_800_mask.png,processo
72,6,144,12,232,519,376,531,232,519,376,519,376,531,232,531,sub_line_text,list,list_1,courier,regular,10,33covnames_20211228_165957_8197936234_600_800.png,/scratch/parceirosbr/bigoilict/share/BigOil/document_generator/datasets/documents_2021_12_28/33covnames_20211228_165957_8197936234_600_800.png,33covnames_20211228_165957_8197936234_600_800_mask.png,-  Esse          esforço
48,6,96,12,250,535,346,547,250,535,346,535,346,547,250,547,sub_line_text,list,list_1,courier,regular,10,33covnames_20211228_165957_8197936234_600_800.png,/scratch/parceirosbr/bigoilict/share/BigOil/document_generator/datasets/documents_2021_12_28/33covnames_20211228_165957_8197936234_600_800.png,33covnames_20211228_165957_8197936234_600_800_mask.png,"garantiu, para a"
54,6,108,12,232,551,340,563,232,551,340,551,340,563,232,563,sub_line_text,list,list_1,courier,regular,10,33covnames_20211228_165957_8197936234_600_800.png,/scratch/parceirosbr/bigoilict/share/BigOil/document_generator/datasets/documents_2021_12_28/33covnames_20211228_165957_8197936234_600_800.png,33covnames_20211228_165957_8197936234_600_800_mask.png,-  A extremidade à
18,8,36,17,232,567,268,584,232,567,268,567,268,584,232,584,sub_line_text,subtitle,subtitle_0,courier,bold,15,33covnames_20211228_165957_8197936234_600_800.png,/scratch/parceirosbr/bigoilict/share/BigOil/document_generator/datasets/documents_2021_12_28/33covnames_20211228_165957_8197936234_600_800.png,33covnames_20211228_165957_8197936234_600_800_mask.png,5. 5
18,8,36,17,232,567,268,584,232,567,268,567,268,584,232,584,title,subtitle,subtitle_0,courier,bold,15,33covnames_20211228_165957_8197936234_600_800.png,/scratch/parceirosbr/bigoilict/share/BigOil/document_generator/datasets/documents_2021_12_28/33covnames_20211228_165957_8197936234_600_800.png,33covnames_20211228_165957_8197936234_600_800_mask.png,nan
51,6,102,12,274,590,376,602,274,590,376,590,376,602,274,602,sub_line_text,text,text_3,courier,regular,10,33covnames_20211228_165957_8197936234_600_800.png,/scratch/parceirosbr/bigoilict/share/BigOil/document_generator/datasets/documents_2021_12_28/33covnames_20211228_165957_8197936234_600_800.png,33covnames_20211228_165957_8197936234_600_800_mask.png,Ao  observar o p-
72,6,144,12,232,606,376,618,232,606,376,606,376,618,232,618,sub_line_text,text,text_3,courier,regular,10,33covnames_20211228_165957_8197936234_600_800.png,/scratch/parceirosbr/bigoilict/share/BigOil/document_generator/datasets/documents_2021_12_28/33covnames_20211228_165957_8197936234_600_800.png,33covnames_20211228_165957_8197936234_600_800_mask.png,erfil  da curva de rupt-
72,6,144,12,232,622,376,634,232,622,376,622,376,634,232,634,sub_line_text,text,text_3,courier,regular,10,33covnames_20211228_165957_8197936234_600_800.png,/scratch/parceirosbr/bigoilict/share/BigOil/document_generator/datasets/documents_2021_12_28/33covnames_20211228_165957_8197936234_600_800.png,33covnames_20211228_165957_8197936234_600_800_mask.png,ura  obtida para a carga
72,6,144,12,232,638,376,650,232,638,376,638,376,650,232,650,sub_line_text,text,text_3,courier,regular,10,33covnames_20211228_165957_8197936234_600_800.png,/scratch/parceirosbr/bigoilict/share/BigOil/document_generator/datasets/documents_2021_12_28/33covnames_20211228_165957_8197936234_600_800.png,33covnames_20211228_165957_8197936234_600_800_mask.png,"sintética,  épossível o-"
69,6,138,12,232,654,370,666,232,654,370,654,370,666,232,666,sub_line_text,text,text_3,courier,regular,10,33covnames_20211228_165957_8197936234_600_800.png,/scratch/parceirosbr/bigoilict/share/BigOil/document_generator/datasets/documents_2021_12_28/33covnames_20211228_165957_8197936234_600_800.png,33covnames_20211228_165957_8197936234_600_800_mask.png,bservar  que  a zona de
69,6,138,12,232,670,370,682,232,670,370,670,370,682,232,682,sub_line_text,text,text_3,courier,regular,10,33covnames_20211228_165957_8197936234_600_800.png,/scratch/parceirosbr/bigoilict/share/BigOil/document_generator/datasets/documents_2021_12_28/33covnames_20211228_165957_8197936234_600_800.png,33covnames_20211228_165957_8197936234_600_800_mask.png,transferência  de massa
69,6,138,12,232,686,370,698,232,686,370,686,370,698,232,698,sub_line_text,text,text_3,courier,regular,10,33covnames_20211228_165957_8197936234_600_800.png,/scratch/parceirosbr/bigoilict/share/BigOil/document_generator/datasets/documents_2021_12_28/33covnames_20211228_165957_8197936234_600_800.png,33covnames_20211228_165957_8197936234_600_800_mask.png,(extensão do leitocomp.
72,54,144,108,232,590,376,698,232,590,376,590,376,698,232,698,text,text,text_3,courier,regular,10,33covnames_20211228_165957_8197936234_600_800.png,/scratch/parceirosbr/bigoilict/share/BigOil/document_generator/datasets/documents_2021_12_28/33covnames_20211228_165957_8197936234_600_800.png,33covnames_20211228_165957_8197936234_600_800_mask.png,nan
51,6,102,12,274,702,376,714,274,702,376,702,376,714,274,714,sub_line_text,text,text_4,courier,regular,10,33covnames_20211228_165957_8197936234_600_800.png,/scratch/parceirosbr/bigoilict/share/BigOil/document_generator/datasets/documents_2021_12_28/33covnames_20211228_165957_8197936234_600_800.png,33covnames_20211228_165957_8197936234_600_800_mask.png,"Os  pontos 1, 2 e"
66,6,132,12,232,718,364,730,232,718,364,718,364,730,232,730,sub_line_text,text,text_4,courier,regular,10,33covnames_20211228_165957_8197936234_600_800.png,/scratch/parceirosbr/bigoilict/share/BigOil/document_generator/datasets/documents_2021_12_28/33covnames_20211228_165957_8197936234_600_800.png,33covnames_20211228_165957_8197936234_600_800_mask.png,3 representam modelos.
72,14,144,28,232,702,376,730,232,702,376,702,376,730,232,730,text,text,text_4,courier,regular,10,33covnames_20211228_165957_8197936234_600_800.png,/scratch/parceirosbr/bigoilict/share/BigOil/document_generator/datasets/documents_2021_12_28/33covnames_20211228_165957_8197936234_600_800.png,33covnames_20211228_165957_8197936234_600_800_mask.png,nan
51,6,102,12,442,456,544,468,442,456,544,456,544,468,442,468,sub_line_text,text,text_5,courier,regular,10,33covnames_20211228_165957_8197936234_600_800.png,/scratch/parceirosbr/bigoilict/share/BigOil/document_generator/datasets/documents_2021_12_28/33covnames_20211228_165957_8197936234_600_800.png,33covnames_20211228_165957_8197936234_600_800_mask.png,O  presente trab-
72,6,144,13,400,471,544,484,400,471,544,472,544,484,400,483,sub_line_text,text,text_5,courier,regular,10,33covnames_20211228_165957_8197936234_600_800.png,/scratch/parceirosbr/bigoilict/share/BigOil/document_generator/datasets/documents_2021_12_28/33covnames_20211228_165957_8197936234_600_800.png,33covnames_20211228_165957_8197936234_600_800_mask.png,alho  objetivou o mapea-
72,6,144,13,400,487,544,500,400,487,544,488,544,500,400,499,sub_line_text,text,text_5,courier,regular,10,33covnames_20211228_165957_8197936234_600_800.png,/scratch/parceirosbr/bigoilict/share/BigOil/document_generator/datasets/documents_2021_12_28/33covnames_20211228_165957_8197936234_600_800.png,33covnames_20211228_165957_8197936234_600_800_mask.png,mento  das principais t-
69,6,138,13,400,503,538,516,400,503,538,504,538,516,400,515,sub_line_text,text,text_5,courier,regular,10,33covnames_20211228_165957_8197936234_600_800.png,/scratch/parceirosbr/bigoilict/share/BigOil/document_generator/datasets/documents_2021_12_28/33covnames_20211228_165957_8197936234_600_800.png,33covnames_20211228_165957_8197936234_600_800_mask.png,endências  tecnológicas
69,6,138,13,400,519,538,532,400,519,538,520,538,532,400,531,sub_line_text,text,text_5,courier,regular,10,33covnames_20211228_165957_8197936234_600_800.png,/scratch/parceirosbr/bigoilict/share/BigOil/document_generator/datasets/documents_2021_12_28/33covnames_20211228_165957_8197936234_600_800.png,33covnames_20211228_165957_8197936234_600_800_mask.png,e  parâmetros  técnicos
72,6,144,13,400,535,544,548,400,535,544,536,544,548,400,547,sub_line_text,text,text_5,courier,regular,10,33covnames_20211228_165957_8197936234_600_800.png,/scratch/parceirosbr/bigoilict/share/BigOil/document_generator/datasets/documents_2021_12_28/33covnames_20211228_165957_8197936234_600_800.png,33covnames_20211228_165957_8197936234_600_800_mask.png,de  produção e utilizaç-
72,6,144,13,400,551,544,564,400,551,544,552,544,564,400,563,sub_line_text,text,text_5,courier,regular,10,33covnames_20211228_165957_8197936234_600_800.png,/scratch/parceirosbr/bigoilict/share/BigOil/document_generator/datasets/documents_2021_12_28/33covnames_20211228_165957_8197936234_600_800.png,33covnames_20211228_165957_8197936234_600_800_mask.png,ão  do diesel renovável.
72,6,144,13,400,567,544,580,400,567,544,568,544,580,400,579,sub_line_text,text,text_5,courier,regular,10,33covnames_20211228_165957_8197936234_600_800.png,/scratch/parceirosbr/bigoilict/share/BigOil/document_generator/datasets/documents_2021_12_28/33covnames_20211228_165957_8197936234_600_800.png,33covnames_20211228_165957_8197936234_600_800_mask.png,Mesmo  com todo o desen-
69,6,138,13,400,583,538,596,400,583,538,584,538,596,400,595,sub_line_text,text,text_5,courier,regular,10,33covnames_20211228_165957_8197936234_600_800.png,/scratch/parceirosbr/bigoilict/share/BigOil/document_generator/datasets/documents_2021_12_28/33covnames_20211228_165957_8197936234_600_800.png,33covnames_20211228_165957_8197936234_600_800_mask.png,volvimento tecnológico.
72,70,145,141,400,455,545,596,401,455,545,456,544,596,400,595,text,text,text_5,courier,regular,10,33covnames_20211228_165957_8197936234_600_800.png,/scratch/parceirosbr/bigoilict/share/BigOil/document_generator/datasets/documents_2021_12_28/33covnames_20211228_165957_8197936234_600_800.png,33covnames_20211228_165957_8197936234_600_800_mask.png,nan
51,6,102,12,442,600,544,612,442,600,544,600,544,612,442,612,sub_line_text,text,text_6,courier,regular,10,33covnames_20211228_165957_8197936234_600_800.png,/scratch/parceirosbr/bigoilict/share/BigOil/document_generator/datasets/documents_2021_12_28/33covnames_20211228_165957_8197936234_600_800.png,33covnames_20211228_165957_8197936234_600_800_mask.png,Em  análise visu-
72,6,144,13,400,615,544,628,400,615,544,616,544,628,400,627,sub_line_text,text,text_6,courier,regular,10,33covnames_20211228_165957_8197936234_600_800.png,/scratch/parceirosbr/bigoilict/share/BigOil/document_generator/datasets/documents_2021_12_28/33covnames_20211228_165957_8197936234_600_800.png,33covnames_20211228_165957_8197936234_600_800_mask.png,"al,  as soldas compensa-"
69,6,138,13,400,631,538,644,400,631,538,632,538,644,400,643,sub_line_text,text,text_6,courier,regular,10,33covnames_20211228_165957_8197936234_600_800.png,/scratch/parceirosbr/bigoilict/share/BigOil/document_generator/datasets/documents_2021_12_28/33covnames_20211228_165957_8197936234_600_800.png,33covnames_20211228_165957_8197936234_600_800_mask.png,ram  as imperfeições do
69,6,138,13,400,647,538,660,400,647,538,648,538,660,400,659,sub_line_text,text,text_6,courier,regular,10,33covnames_20211228_165957_8197936234_600_800.png,/scratch/parceirosbr/bigoilict/share/BigOil/document_generator/datasets/documents_2021_12_28/33covnames_20211228_165957_8197936234_600_800.png,33covnames_20211228_165957_8197936234_600_800_mask.png,chanfro  com resultados
69,6,138,13,400,663,538,676,400,663,538,664,538,676,400,675,sub_line_text,text,text_6,courier,regular,10,33covnames_20211228_165957_8197936234_600_800.png,/scratch/parceirosbr/bigoilict/share/BigOil/document_generator/datasets/documents_2021_12_28/33covnames_20211228_165957_8197936234_600_800.png,33covnames_20211228_165957_8197936234_600_800_mask.png,positivos. Em função d.
72,38,144,77,400,599,544,676,400,599,544,600,544,676,400,675,text,text,text_6,courier,regular,10,33covnames_20211228_165957_8197936234_600_800.png,/scratch/parceirosbr/bigoilict/share/BigOil/document_generator/datasets/documents_2021_12_28/33covnames_20211228_165957_8197936234_600_800.png,33covnames_20211228_165957_8197936234_600_800_mask.png,nan
48,6,96,12,442,680,538,692,442,680,538,680,538,692,442,692,sub_line_text,text,text_7,courier,regular,10,33covnames_20211228_165957_8197936234_600_800.png,/scratch/parceirosbr/bigoilict/share/BigOil/document_generator/datasets/documents_2021_12_28/33covnames_20211228_165957_8197936234_600_800.png,33covnames_20211228_165957_8197936234_600_800_mask.png,Refino  e  de da
72,6,144,13,400,695,544,708,400,695,544,696,544,708,400,707,sub_line_text,text,text_7,courier,regular,10,33covnames_20211228_165957_8197936234_600_800.png,/scratch/parceirosbr/bigoilict/share/BigOil/document_generator/datasets/documents_2021_12_28/33covnames_20211228_165957_8197936234_600_800.png,33covnames_20211228_165957_8197936234_600_800_mask.png,tem  o objetivo de ofer-
69,6,138,13,400,711,538,724,400,711,538,712,538,724,400,723,sub_line_text,text,text_7,courier,regular,10,33covnames_20211228_165957_8197936234_600_800.png,/scratch/parceirosbr/bigoilict/share/BigOil/document_generator/datasets/documents_2021_12_28/33covnames_20211228_165957_8197936234_600_800.png,33covnames_20211228_165957_8197936234_600_800_mask.png,ecer resposta às consi.
72,22,144,45,400,679,544,724,400,679,544,680,544,724,400,723,text,text,text_7,courier,regular,10,33covnames_20211228_165957_8197936234_600_800.png,/scratch/parceirosbr/bigoilict/share/BigOil/document_generator/datasets/documents_2021_12_28/33covnames_20211228_165957_8197936234_600_800.png,33covnames_20211228_165957_8197936234_600_800_mask.png,nan
