center_x,center_y,width,height,xmin,ymin,xmax,ymax,top_left_x,top_left_y,top_right_x,top_right_y,bottom_right_x,bottom_right_y,bottom_left_x,bottom_left_y,label,grouplabel,group,text_font,text_style,size_font,filename,path,filename_mask,content
300,400,600,800,0,0,600,800,0,0,600,0,600,800,0,800,document,,,,,,33covnames_20211228_165958_9610276385_600_800.png,/scratch/parceirosbr/bigoilict/share/BigOil/document_generator/datasets/documents_2021_12_28/33covnames_20211228_165958_9610276385_600_800.png,33covnames_20211228_165958_9610276385_600_800_mask.png,
68,27,136,54,61,59,197,113,61,59,197,59,197,113,61,113,image,image,image,,,,33covnames_20211228_165958_9610276385_600_800.png,/scratch/parceirosbr/bigoilict/share/BigOil/document_generator/datasets/documents_2021_12_28/33covnames_20211228_165958_9610276385_600_800.png,33covnames_20211228_165958_9610276385_600_800_mask.png,/scratch/parceirosbr/bigoilict/share/BigOil/document_generator/files_images_document_generator/logos\image_7.jpg
40,8,80,17,224,59,304,76,224,59,304,59,304,76,224,76,sub_line_text,header,header_1,courier,bold,16,33covnames_20211228_165958_9610276385_600_800.png,/scratch/parceirosbr/bigoilict/share/BigOil/document_generator/datasets/documents_2021_12_28/33covnames_20211228_165958_9610276385_600_800.png,33covnames_20211228_165958_9610276385_600_800_mask.png,"Sua vez,"
50,8,100,17,224,80,324,97,224,80,324,80,324,97,224,97,sub_line_text,header,header_1,courier,bold,16,33covnames_20211228_165958_9610276385_600_800.png,/scratch/parceirosbr/bigoilict/share/BigOil/document_generator/datasets/documents_2021_12_28/33covnames_20211228_165958_9610276385_600_800.png,33covnames_20211228_165958_9610276385_600_800_mask.png,apresentou
55,8,110,17,224,101,334,118,224,101,334,101,334,118,224,118,sub_line_text,header,header_1,courier,bold,16,33covnames_20211228_165958_9610276385_600_800.png,/scratch/parceirosbr/bigoilict/share/BigOil/document_generator/datasets/documents_2021_12_28/33covnames_20211228_165958_9610276385_600_800.png,33covnames_20211228_165958_9610276385_600_800_mask.png,crescimento
55,29,110,59,224,59,334,118,224,59,334,59,334,118,224,118,text,header,header_1,courier,bold,16,33covnames_20211228_165958_9610276385_600_800.png,/scratch/parceirosbr/bigoilict/share/BigOil/document_generator/datasets/documents_2021_12_28/33covnames_20211228_165958_9610276385_600_800.png,33covnames_20211228_165958_9610276385_600_800_mask.png,nan
39,5,78,11,460,59,538,70,460,59,538,59,538,70,460,70,sub_line_text,header,header_1,courier,bold,10,33covnames_20211228_165958_9610276385_600_800.png,/scratch/parceirosbr/bigoilict/share/BigOil/document_generator/datasets/documents_2021_12_28/33covnames_20211228_165958_9610276385_600_800.png,33covnames_20211228_165958_9610276385_600_800_mask.png,"Finally, work"
39,5,78,11,460,59,538,70,460,59,538,59,538,70,460,70,text,header,header_1,courier,bold,10,33covnames_20211228_165958_9610276385_600_800.png,/scratch/parceirosbr/bigoilict/share/BigOil/document_generator/datasets/documents_2021_12_28/33covnames_20211228_165958_9610276385_600_800.png,33covnames_20211228_165958_9610276385_600_800_mask.png,nan
46,6,92,12,224,142,316,154,224,142,316,142,316,154,224,154,sub_line_text,subsubtitle,subsubtitle_0,courier,bold,12,33covnames_20211228_165958_9610276385_600_800.png,/scratch/parceirosbr/bigoilict/share/BigOil/document_generator/datasets/documents_2021_12_28/33covnames_20211228_165958_9610276385_600_800.png,33covnames_20211228_165958_9610276385_600_800_mask.png,To understand
46,6,92,12,224,142,316,154,224,142,316,142,316,154,224,154,title,subsubtitle,subsubtitle_0,courier,bold,12,33covnames_20211228_165958_9610276385_600_800.png,/scratch/parceirosbr/bigoilict/share/BigOil/document_generator/datasets/documents_2021_12_28/33covnames_20211228_165958_9610276385_600_800.png,33covnames_20211228_165958_9610276385_600_800_mask.png,nan
59,6,119,12,224,173,343,185,224,173,343,173,343,185,224,185,sub_line_text,subsubtitle,subsubtitle_1,courier,bold,12,33covnames_20211228_165958_9610276385_600_800.png,/scratch/parceirosbr/bigoilict/share/BigOil/document_generator/datasets/documents_2021_12_28/33covnames_20211228_165958_9610276385_600_800.png,33covnames_20211228_165958_9610276385_600_800_mask.png,Danny Daniel Fuss
59,6,119,12,224,173,343,185,224,173,343,173,343,185,224,185,title,subsubtitle,subsubtitle_1,courier,bold,12,33covnames_20211228_165958_9610276385_600_800.png,/scratch/parceirosbr/bigoilict/share/BigOil/document_generator/datasets/documents_2021_12_28/33covnames_20211228_165958_9610276385_600_800.png,33covnames_20211228_165958_9610276385_600_800_mask.png,nan
51,5,102,11,224,188,326,199,224,188,326,188,326,199,224,199,sub_line_text,title,title_0,courier,bold,10,33covnames_20211228_165958_9610276385_600_800.png,/scratch/parceirosbr/bigoilict/share/BigOil/document_generator/datasets/documents_2021_12_28/33covnames_20211228_165958_9610276385_600_800.png,33covnames_20211228_165958_9610276385_600_800_mask.png,Residual stresses
51,5,102,11,224,188,326,199,224,188,326,188,326,199,224,199,title,title,title_0,courier,bold,10,33covnames_20211228_165958_9610276385_600_800.png,/scratch/parceirosbr/bigoilict/share/BigOil/document_generator/datasets/documents_2021_12_28/33covnames_20211228_165958_9610276385_600_800.png,33covnames_20211228_165958_9610276385_600_800_mask.png,nan
70,6,141,12,224,202,365,214,224,202,365,202,365,214,224,214,sub_line_text,subsubtitle,subsubtitle_2,courier,bold,12,33covnames_20211228_165958_9610276385_600_800.png,/scratch/parceirosbr/bigoilict/share/BigOil/document_generator/datasets/documents_2021_12_28/33covnames_20211228_165958_9610276385_600_800.png,33covnames_20211228_165958_9610276385_600_800_mask.png,William Scott Chaney
70,6,141,12,224,202,365,214,224,202,365,202,365,214,224,214,title,subsubtitle,subsubtitle_2,courier,bold,12,33covnames_20211228_165958_9610276385_600_800.png,/scratch/parceirosbr/bigoilict/share/BigOil/document_generator/datasets/documents_2021_12_28/33covnames_20211228_165958_9610276385_600_800.png,33covnames_20211228_165958_9610276385_600_800_mask.png,nan
42,5,85,11,224,217,309,228,224,217,309,217,309,228,224,228,sub_line_text,title,title_1,courier,bold,10,33covnames_20211228_165958_9610276385_600_800.png,/scratch/parceirosbr/bigoilict/share/BigOil/document_generator/datasets/documents_2021_12_28/33covnames_20211228_165958_9610276385_600_800.png,33covnames_20211228_165958_9610276385_600_800_mask.png,"Neste sentido,"
42,5,85,11,224,217,309,228,224,217,309,217,309,228,224,228,title,title,title_1,courier,bold,10,33covnames_20211228_165958_9610276385_600_800.png,/scratch/parceirosbr/bigoilict/share/BigOil/document_generator/datasets/documents_2021_12_28/33covnames_20211228_165958_9610276385_600_800.png,33covnames_20211228_165958_9610276385_600_800_mask.png,nan
70,6,140,12,224,231,364,243,224,231,364,231,364,243,224,243,sub_line_text,subsubtitle,subsubtitle_3,courier,bold,12,33covnames_20211228_165958_9610276385_600_800.png,/scratch/parceirosbr/bigoilict/share/BigOil/document_generator/datasets/documents_2021_12_28/33covnames_20211228_165958_9610276385_600_800.png,33covnames_20211228_165958_9610276385_600_800_mask.png,Jennifer    Kristine
21,6,43,12,224,246,267,258,224,246,267,246,267,258,224,258,sub_line_text,subsubtitle,subsubtitle_3,courier,bold,12,33covnames_20211228_165958_9610276385_600_800.png,/scratch/parceirosbr/bigoilict/share/BigOil/document_generator/datasets/documents_2021_12_28/33covnames_20211228_165958_9610276385_600_800.png,33covnames_20211228_165958_9610276385_600_800_mask.png,Morgan
70,13,140,27,224,231,364,258,224,231,364,231,364,258,224,258,title,subsubtitle,subsubtitle_3,courier,bold,12,33covnames_20211228_165958_9610276385_600_800.png,/scratch/parceirosbr/bigoilict/share/BigOil/document_generator/datasets/documents_2021_12_28/33covnames_20211228_165958_9610276385_600_800.png,33covnames_20211228_165958_9610276385_600_800_mask.png,nan
36,5,72,11,224,261,296,272,224,261,296,261,296,272,224,272,sub_line_text,title,title_2,courier,bold,10,33covnames_20211228_165958_9610276385_600_800.png,/scratch/parceirosbr/bigoilict/share/BigOil/document_generator/datasets/documents_2021_12_28/33covnames_20211228_165958_9610276385_600_800.png,33covnames_20211228_165958_9610276385_600_800_mask.png,Parts engine
36,5,72,11,224,261,296,272,224,261,296,261,296,272,224,272,title,title,title_2,courier,bold,10,33covnames_20211228_165958_9610276385_600_800.png,/scratch/parceirosbr/bigoilict/share/BigOil/document_generator/datasets/documents_2021_12_28/33covnames_20211228_165958_9610276385_600_800.png,33covnames_20211228_165958_9610276385_600_800_mask.png,nan
70,6,140,12,224,275,364,287,224,275,364,275,364,287,224,287,sub_line_text,subsubtitle,subsubtitle_4,courier,bold,12,33covnames_20211228_165958_9610276385_600_800.png,/scratch/parceirosbr/bigoilict/share/BigOil/document_generator/datasets/documents_2021_12_28/33covnames_20211228_165958_9610276385_600_800.png,33covnames_20211228_165958_9610276385_600_800_mask.png,David        Charles
28,6,56,12,224,290,280,302,224,290,280,290,280,302,224,302,sub_line_text,subsubtitle,subsubtitle_4,courier,bold,12,33covnames_20211228_165958_9610276385_600_800.png,/scratch/parceirosbr/bigoilict/share/BigOil/document_generator/datasets/documents_2021_12_28/33covnames_20211228_165958_9610276385_600_800.png,33covnames_20211228_165958_9610276385_600_800_mask.png,Guillory
70,13,140,27,224,275,364,302,224,275,364,275,364,302,224,302,title,subsubtitle,subsubtitle_4,courier,bold,12,33covnames_20211228_165958_9610276385_600_800.png,/scratch/parceirosbr/bigoilict/share/BigOil/document_generator/datasets/documents_2021_12_28/33covnames_20211228_165958_9610276385_600_800.png,33covnames_20211228_165958_9610276385_600_800_mask.png,nan
12,5,24,11,224,305,248,316,224,305,248,305,248,316,224,316,sub_line_text,title,title_3,courier,bold,10,33covnames_20211228_165958_9610276385_600_800.png,/scratch/parceirosbr/bigoilict/share/BigOil/document_generator/datasets/documents_2021_12_28/33covnames_20211228_165958_9610276385_600_800.png,33covnames_20211228_165958_9610276385_600_800_mask.png,Best
12,5,24,11,224,305,248,316,224,305,248,305,248,316,224,316,title,title,title_3,courier,bold,10,33covnames_20211228_165958_9610276385_600_800.png,/scratch/parceirosbr/bigoilict/share/BigOil/document_generator/datasets/documents_2021_12_28/33covnames_20211228_165958_9610276385_600_800.png,33covnames_20211228_165958_9610276385_600_800_mask.png,nan
70,6,140,12,224,319,364,331,224,319,364,319,364,331,224,331,sub_line_text,subsubtitle,subsubtitle_5,courier,bold,12,33covnames_20211228_165958_9610276385_600_800.png,/scratch/parceirosbr/bigoilict/share/BigOil/document_generator/datasets/documents_2021_12_28/33covnames_20211228_165958_9610276385_600_800.png,33covnames_20211228_165958_9610276385_600_800_mask.png,Rufus Howard Tilbury
70,6,140,12,224,319,364,331,224,319,364,319,364,331,224,331,title,subsubtitle,subsubtitle_5,courier,bold,12,33covnames_20211228_165958_9610276385_600_800.png,/scratch/parceirosbr/bigoilict/share/BigOil/document_generator/datasets/documents_2021_12_28/33covnames_20211228_165958_9610276385_600_800.png,33covnames_20211228_165958_9610276385_600_800_mask.png,nan
60,5,120,11,224,334,344,345,224,334,344,334,344,345,224,345,sub_line_text,title,title_4,courier,bold,10,33covnames_20211228_165958_9610276385_600_800.png,/scratch/parceirosbr/bigoilict/share/BigOil/document_generator/datasets/documents_2021_12_28/33covnames_20211228_165958_9610276385_600_800.png,33covnames_20211228_165958_9610276385_600_800_mask.png,"Considera-se, então,"
60,5,120,11,224,334,344,345,224,334,344,334,344,345,224,345,title,title,title_4,courier,bold,10,33covnames_20211228_165958_9610276385_600_800.png,/scratch/parceirosbr/bigoilict/share/BigOil/document_generator/datasets/documents_2021_12_28/33covnames_20211228_165958_9610276385_600_800.png,33covnames_20211228_165958_9610276385_600_800_mask.png,nan
70,8,140,17,56,372,196,389,56,372,196,372,196,389,56,389,sub_line_text,title,title_5,courier,bold,16,33covnames_20211228_165958_9610276385_600_800.png,/scratch/parceirosbr/bigoilict/share/BigOil/document_generator/datasets/documents_2021_12_28/33covnames_20211228_165958_9610276385_600_800.png,33covnames_20211228_165958_9610276385_600_800_mask.png,3.    Capítulo
25,8,50,17,56,393,106,410,56,393,106,393,106,410,56,410,sub_line_text,title,title_5,courier,bold,16,33covnames_20211228_165958_9610276385_600_800.png,/scratch/parceirosbr/bigoilict/share/BigOil/document_generator/datasets/documents_2021_12_28/33covnames_20211228_165958_9610276385_600_800.png,33covnames_20211228_165958_9610276385_600_800_mask.png,dados
70,19,140,38,56,372,196,410,56,372,196,372,196,410,56,410,title,title,title_5,courier,bold,16,33covnames_20211228_165958_9610276385_600_800.png,/scratch/parceirosbr/bigoilict/share/BigOil/document_generator/datasets/documents_2021_12_28/33covnames_20211228_165958_9610276385_600_800.png,33covnames_20211228_165958_9610276385_600_800_mask.png,nan
51,5,102,11,98,414,200,425,98,414,200,414,200,425,98,425,sub_line_text,text,text_0,courier,regular,10,33covnames_20211228_165958_9610276385_600_800.png,/scratch/parceirosbr/bigoilict/share/BigOil/document_generator/datasets/documents_2021_12_28/33covnames_20211228_165958_9610276385_600_800.png,33covnames_20211228_165958_9610276385_600_800_mask.png,Os  cilindros an-
72,5,144,11,56,428,200,439,56,428,200,428,200,439,56,439,sub_line_text,text,text_0,courier,regular,10,33covnames_20211228_165958_9610276385_600_800.png,/scratch/parceirosbr/bigoilict/share/BigOil/document_generator/datasets/documents_2021_12_28/33covnames_20211228_165958_9610276385_600_800.png,33covnames_20211228_165958_9610276385_600_800_mask.png,alisados  sao projetados
72,5,144,11,56,442,200,453,56,442,200,442,200,453,56,453,sub_line_text,text,text_0,courier,regular,10,33covnames_20211228_165958_9610276385_600_800.png,/scratch/parceirosbr/bigoilict/share/BigOil/document_generator/datasets/documents_2021_12_28/33covnames_20211228_165958_9610276385_600_800.png,33covnames_20211228_165958_9610276385_600_800_mask.png,"conforme  a norma 11439,"
72,5,144,11,56,456,200,467,56,456,200,456,200,467,56,467,sub_line_text,text,text_0,courier,regular,10,33covnames_20211228_165958_9610276385_600_800.png,/scratch/parceirosbr/bigoilict/share/BigOil/document_generator/datasets/documents_2021_12_28/33covnames_20211228_165958_9610276385_600_800.png,33covnames_20211228_165958_9610276385_600_800_mask.png,que  admite 4tipos de c-
72,5,144,11,56,470,200,481,56,470,200,470,200,481,56,481,sub_line_text,text,text_0,courier,regular,10,33covnames_20211228_165958_9610276385_600_800.png,/scratch/parceirosbr/bigoilict/share/BigOil/document_generator/datasets/documents_2021_12_28/33covnames_20211228_165958_9610276385_600_800.png,33covnames_20211228_165958_9610276385_600_800_mask.png,ilindros  para armazena-
69,5,138,11,56,484,194,495,56,484,194,484,194,495,56,495,sub_line_text,text,text_0,courier,regular,10,33covnames_20211228_165958_9610276385_600_800.png,/scratch/parceirosbr/bigoilict/share/BigOil/document_generator/datasets/documents_2021_12_28/33covnames_20211228_165958_9610276385_600_800.png,33covnames_20211228_165958_9610276385_600_800_mask.png,mento  de.  a shallower
72,5,144,11,56,498,200,509,56,498,200,498,200,509,56,509,sub_line_text,text,text_0,courier,regular,10,33covnames_20211228_165958_9610276385_600_800.png,/scratch/parceirosbr/bigoilict/share/BigOil/document_generator/datasets/documents_2021_12_28/33covnames_20211228_165958_9610276385_600_800.png,33covnames_20211228_165958_9610276385_600_800_mask.png,level  develops as a ne-
72,5,144,11,56,512,200,523,56,512,200,512,200,523,56,523,sub_line_text,text,text_0,courier,regular,10,33covnames_20211228_165958_9610276385_600_800.png,/scratch/parceirosbr/bigoilict/share/BigOil/document_generator/datasets/documents_2021_12_28/33covnames_20211228_165958_9610276385_600_800.png,33covnames_20211228_165958_9610276385_600_800_mask.png,gative  contrast thresh-
72,5,144,11,56,526,200,537,56,526,200,526,200,537,56,537,sub_line_text,text,text_0,courier,regular,10,33covnames_20211228_165958_9610276385_600_800.png,/scratch/parceirosbr/bigoilict/share/BigOil/document_generator/datasets/documents_2021_12_28/33covnames_20211228_165958_9610276385_600_800.png,33covnames_20211228_165958_9610276385_600_800_mask.png,old.  on the trade bala-
72,5,144,11,56,540,200,551,56,540,200,540,200,551,56,551,sub_line_text,text,text_0,courier,regular,10,33covnames_20211228_165958_9610276385_600_800.png,/scratch/parceirosbr/bigoilict/share/BigOil/document_generator/datasets/documents_2021_12_28/33covnames_20211228_165958_9610276385_600_800.png,33covnames_20211228_165958_9610276385_600_800_mask.png,"nce. naphtha, which has."
72,68,144,137,56,414,200,551,56,414,200,414,200,551,56,551,text,text,text_0,courier,regular,10,33covnames_20211228_165958_9610276385_600_800.png,/scratch/parceirosbr/bigoilict/share/BigOil/document_generator/datasets/documents_2021_12_28/33covnames_20211228_165958_9610276385_600_800.png,33covnames_20211228_165958_9610276385_600_800_mask.png,nan
51,5,102,11,98,554,200,565,98,554,200,554,200,565,98,565,sub_line_text,text,text_1,courier,regular,10,33covnames_20211228_165958_9610276385_600_800.png,/scratch/parceirosbr/bigoilict/share/BigOil/document_generator/datasets/documents_2021_12_28/33covnames_20211228_165958_9610276385_600_800.png,33covnames_20211228_165958_9610276385_600_800_mask.png,"Assim,  três cor-"
72,5,144,11,56,568,200,579,56,568,200,568,200,579,56,579,sub_line_text,text,text_1,courier,regular,10,33covnames_20211228_165958_9610276385_600_800.png,/scratch/parceirosbr/bigoilict/share/BigOil/document_generator/datasets/documents_2021_12_28/33covnames_20211228_165958_9610276385_600_800.png,33covnames_20211228_165958_9610276385_600_800_mask.png,pos  de prova foram tes-
72,5,144,11,56,582,200,593,56,582,200,582,200,593,56,593,sub_line_text,text,text_1,courier,regular,10,33covnames_20211228_165958_9610276385_600_800.png,/scratch/parceirosbr/bigoilict/share/BigOil/document_generator/datasets/documents_2021_12_28/33covnames_20211228_165958_9610276385_600_800.png,33covnames_20211228_165958_9610276385_600_800_mask.png,tados  nas seguintes co-
72,5,144,11,56,596,200,607,56,596,200,596,200,607,56,607,sub_line_text,text,text_1,courier,regular,10,33covnames_20211228_165958_9610276385_600_800.png,/scratch/parceirosbr/bigoilict/share/BigOil/document_generator/datasets/documents_2021_12_28/33covnames_20211228_165958_9610276385_600_800.png,33covnames_20211228_165958_9610276385_600_800_mask.png,"ndições,  em que abertu-"
72,5,144,11,56,610,200,621,56,610,200,610,200,621,56,621,sub_line_text,text,text_1,courier,regular,10,33covnames_20211228_165958_9610276385_600_800.png,/scratch/parceirosbr/bigoilict/share/BigOil/document_generator/datasets/documents_2021_12_28/33covnames_20211228_165958_9610276385_600_800.png,33covnames_20211228_165958_9610276385_600_800_mask.png,"ra  de entalhe, amplitu-"
72,5,144,11,56,624,200,635,56,624,200,624,200,635,56,635,sub_line_text,text,text_1,courier,regular,10,33covnames_20211228_165958_9610276385_600_800.png,/scratch/parceirosbr/bigoilict/share/BigOil/document_generator/datasets/documents_2021_12_28/33covnames_20211228_165958_9610276385_600_800.png,33covnames_20211228_165958_9610276385_600_800_mask.png,de  de deslocamento e n-
66,5,132,11,56,638,188,649,56,638,188,638,188,649,56,649,sub_line_text,text,text_1,courier,regular,10,33covnames_20211228_165958_9610276385_600_800.png,/scratch/parceirosbr/bigoilict/share/BigOil/document_generator/datasets/documents_2021_12_28/33covnames_20211228_165958_9610276385_600_800.png,33covnames_20211228_165958_9610276385_600_800_mask.png,úmero de ciclos foram.
72,47,144,95,56,554,200,649,56,554,200,554,200,649,56,649,text,text,text_1,courier,regular,10,33covnames_20211228_165958_9610276385_600_800.png,/scratch/parceirosbr/bigoilict/share/BigOil/document_generator/datasets/documents_2021_12_28/33covnames_20211228_165958_9610276385_600_800.png,33covnames_20211228_165958_9610276385_600_800_mask.png,nan
51,5,102,11,98,652,200,663,98,652,200,652,200,663,98,663,sub_line_text,text,text_2,courier,regular,10,33covnames_20211228_165958_9610276385_600_800.png,/scratch/parceirosbr/bigoilict/share/BigOil/document_generator/datasets/documents_2021_12_28/33covnames_20211228_165958_9610276385_600_800.png,33covnames_20211228_165958_9610276385_600_800_mask.png,"Neste  estudo, f-"
72,5,144,11,56,666,200,677,56,666,200,666,200,677,56,677,sub_line_text,text,text_2,courier,regular,10,33covnames_20211228_165958_9610276385_600_800.png,/scratch/parceirosbr/bigoilict/share/BigOil/document_generator/datasets/documents_2021_12_28/33covnames_20211228_165958_9610276385_600_800.png,33covnames_20211228_165958_9610276385_600_800_mask.png,oram  utilizadas uma co-
72,5,144,11,56,680,200,691,56,680,200,680,200,691,56,691,sub_line_text,text,text_2,courier,regular,10,33covnames_20211228_165958_9610276385_600_800.png,/scratch/parceirosbr/bigoilict/share/BigOil/document_generator/datasets/documents_2021_12_28/33covnames_20211228_165958_9610276385_600_800.png,33covnames_20211228_165958_9610276385_600_800_mask.png,luna  apolar (5% de e u-
69,5,138,11,56,694,194,705,56,694,194,694,194,705,56,705,sub_line_text,text,text_2,courier,regular,10,33covnames_20211228_165958_9610276385_600_800.png,/scratch/parceirosbr/bigoilict/share/BigOil/document_generator/datasets/documents_2021_12_28/33covnames_20211228_165958_9610276385_600_800.png,33covnames_20211228_165958_9610276385_600_800_mask.png,ma altamente polar (po.
72,26,144,53,56,652,200,705,56,652,200,652,200,705,56,705,text,text,text_2,courier,regular,10,33covnames_20211228_165958_9610276385_600_800.png,/scratch/parceirosbr/bigoilict/share/BigOil/document_generator/datasets/documents_2021_12_28/33covnames_20211228_165958_9610276385_600_800.png,33covnames_20211228_165958_9610276385_600_800_mask.png,nan
51,5,102,11,266,372,368,383,266,372,368,372,368,383,266,383,sub_line_text,text,text_3,courier,regular,10,33covnames_20211228_165958_9610276385_600_800.png,/scratch/parceirosbr/bigoilict/share/BigOil/document_generator/datasets/documents_2021_12_28/33covnames_20211228_165958_9610276385_600_800.png,33covnames_20211228_165958_9610276385_600_800_mask.png,In  new technolo-
69,5,138,11,224,386,362,397,224,386,362,386,362,397,224,397,sub_line_text,text,text_3,courier,regular,10,33covnames_20211228_165958_9610276385_600_800.png,/scratch/parceirosbr/bigoilict/share/BigOil/document_generator/datasets/documents_2021_12_28/33covnames_20211228_165958_9610276385_600_800.png,33covnames_20211228_165958_9610276385_600_800_mask.png,"gies,  they take longer"
69,5,138,11,224,400,362,411,224,400,362,400,362,411,224,411,sub_line_text,text,text_3,courier,regular,10,33covnames_20211228_165958_9610276385_600_800.png,/scratch/parceirosbr/bigoilict/share/BigOil/document_generator/datasets/documents_2021_12_28/33covnames_20211228_165958_9610276385_600_800.png,33covnames_20211228_165958_9610276385_600_800_mask.png,to  be  introduced than
72,5,144,11,224,414,368,425,224,414,368,414,368,425,224,425,sub_line_text,text,text_3,courier,regular,10,33covnames_20211228_165958_9610276385_600_800.png,/scratch/parceirosbr/bigoilict/share/BigOil/document_generator/datasets/documents_2021_12_28/33covnames_20211228_165958_9610276385_600_800.png,33covnames_20211228_165958_9610276385_600_800_mask.png,"in  the past, as techno-"
72,5,144,11,224,428,368,439,224,428,368,428,368,439,224,439,sub_line_text,text,text_3,courier,regular,10,33covnames_20211228_165958_9610276385_600_800.png,/scratch/parceirosbr/bigoilict/share/BigOil/document_generator/datasets/documents_2021_12_28/33covnames_20211228_165958_9610276385_600_800.png,33covnames_20211228_165958_9610276385_600_800_mask.png,logical  developments c-
72,5,144,11,224,442,368,453,224,442,368,442,368,453,224,453,sub_line_text,text,text_3,courier,regular,10,33covnames_20211228_165958_9610276385_600_800.png,/scratch/parceirosbr/bigoilict/share/BigOil/document_generator/datasets/documents_2021_12_28/33covnames_20211228_165958_9610276385_600_800.png,33covnames_20211228_165958_9610276385_600_800_mask.png,an only occur after the.
72,40,144,81,224,372,368,453,224,372,368,372,368,453,224,453,text,text,text_3,courier,regular,10,33covnames_20211228_165958_9610276385_600_800.png,/scratch/parceirosbr/bigoilict/share/BigOil/document_generator/datasets/documents_2021_12_28/33covnames_20211228_165958_9610276385_600_800.png,33covnames_20211228_165958_9610276385_600_800_mask.png,nan
51,5,102,11,266,456,368,467,266,456,368,456,368,467,266,467,sub_line_text,text,text_4,courier,regular,10,33covnames_20211228_165958_9610276385_600_800.png,/scratch/parceirosbr/bigoilict/share/BigOil/document_generator/datasets/documents_2021_12_28/33covnames_20211228_165958_9610276385_600_800.png,33covnames_20211228_165958_9610276385_600_800_mask.png,In  a competitive
69,5,138,11,224,470,362,481,224,470,362,470,362,481,224,481,sub_line_text,text,text_4,courier,regular,10,33covnames_20211228_165958_9610276385_600_800.png,/scratch/parceirosbr/bigoilict/share/BigOil/document_generator/datasets/documents_2021_12_28/33covnames_20211228_165958_9610276385_600_800.png,33covnames_20211228_165958_9610276385_600_800_mask.png,"market  economy,  price"
72,5,144,11,224,484,368,495,224,484,368,484,368,495,224,495,sub_line_text,text,text_4,courier,regular,10,33covnames_20211228_165958_9610276385_600_800.png,/scratch/parceirosbr/bigoilict/share/BigOil/document_generator/datasets/documents_2021_12_28/33covnames_20211228_165958_9610276385_600_800.png,33covnames_20211228_165958_9610276385_600_800_mask.png,(and  profit) signals t-
72,5,144,11,224,498,368,509,224,498,368,498,368,509,224,509,sub_line_text,text,text_4,courier,regular,10,33covnames_20211228_165958_9610276385_600_800.png,/scratch/parceirosbr/bigoilict/share/BigOil/document_generator/datasets/documents_2021_12_28/33covnames_20211228_165958_9610276385_600_800.png,33covnames_20211228_165958_9610276385_600_800_mask.png,end  to be free of dist-
72,5,144,11,224,512,368,523,224,512,368,512,368,523,224,523,sub_line_text,text,text_4,courier,regular,10,33covnames_20211228_165958_9610276385_600_800.png,/scratch/parceirosbr/bigoilict/share/BigOil/document_generator/datasets/documents_2021_12_28/33covnames_20211228_165958_9610276385_600_800.png,33covnames_20211228_165958_9610276385_600_800_mask.png,ortions  and create inc-
69,5,138,11,224,526,362,537,224,526,362,526,362,537,224,537,sub_line_text,text,text_4,courier,regular,10,33covnames_20211228_165958_9610276385_600_800.png,/scratch/parceirosbr/bigoilict/share/BigOil/document_generator/datasets/documents_2021_12_28/33covnames_20211228_165958_9610276385_600_800.png,33covnames_20211228_165958_9610276385_600_800_mask.png,entives  for  companies
66,5,132,11,224,540,356,551,224,540,356,540,356,551,224,551,sub_line_text,text,text_4,courier,regular,10,33covnames_20211228_165958_9610276385_600_800.png,/scratch/parceirosbr/bigoilict/share/BigOil/document_generator/datasets/documents_2021_12_28/33covnames_20211228_165958_9610276385_600_800.png,33covnames_20211228_165958_9610276385_600_800_mask.png,to redirect resources.
72,47,144,95,224,456,368,551,224,456,368,456,368,551,224,551,text,text,text_4,courier,regular,10,33covnames_20211228_165958_9610276385_600_800.png,/scratch/parceirosbr/bigoilict/share/BigOil/document_generator/datasets/documents_2021_12_28/33covnames_20211228_165958_9610276385_600_800.png,33covnames_20211228_165958_9610276385_600_800_mask.png,nan
72,61,144,123,224,554,368,677,224,554,368,554,368,677,224,677,list,list,list_1,courier,courier,10,33covnames_20211228_165958_9610276385_600_800.png,/scratch/parceirosbr/bigoilict/share/BigOil/document_generator/datasets/documents_2021_12_28/33covnames_20211228_165958_9610276385_600_800.png,33covnames_20211228_165958_9610276385_600_800_mask.png,
72,5,144,11,224,554,368,565,224,554,368,554,368,565,224,565,sub_line_text,list,list_1,courier,regular,10,33covnames_20211228_165958_9610276385_600_800.png,/scratch/parceirosbr/bigoilict/share/BigOil/document_generator/datasets/documents_2021_12_28/33covnames_20211228_165958_9610276385_600_800.png,33covnames_20211228_165958_9610276385_600_800_mask.png,-  Computador         de
51,5,102,11,242,568,344,579,242,568,344,568,344,579,242,579,sub_line_text,list,list_1,courier,regular,10,33covnames_20211228_165958_9610276385_600_800.png,/scratch/parceirosbr/bigoilict/share/BigOil/document_generator/datasets/documents_2021_12_28/33covnames_20211228_165958_9610276385_600_800.png,33covnames_20211228_165958_9610276385_600_800_mask.png,"eletrônico, capaz"
57,5,114,11,224,582,338,593,224,582,338,582,338,593,224,593,sub_line_text,list,list_1,courier,regular,10,33covnames_20211228_165958_9610276385_600_800.png,/scratch/parceirosbr/bigoilict/share/BigOil/document_generator/datasets/documents_2021_12_28/33covnames_20211228_165958_9610276385_600_800.png,33covnames_20211228_165958_9610276385_600_800_mask.png,-  The objective of
42,5,84,11,224,596,308,607,224,596,308,596,308,607,224,607,sub_line_text,list,list_1,courier,regular,10,33covnames_20211228_165958_9610276385_600_800.png,/scratch/parceirosbr/bigoilict/share/BigOil/document_generator/datasets/documents_2021_12_28/33covnames_20211228_165958_9610276385_600_800.png,33covnames_20211228_165958_9610276385_600_800_mask.png,-  A segunda é
63,5,126,11,224,610,350,621,224,610,350,610,350,621,224,621,sub_line_text,list,list_1,courier,regular,10,33covnames_20211228_165958_9610276385_600_800.png,/scratch/parceirosbr/bigoilict/share/BigOil/document_generator/datasets/documents_2021_12_28/33covnames_20211228_165958_9610276385_600_800.png,33covnames_20211228_165958_9610276385_600_800_mask.png,"-  In 2015, world oil"
72,5,144,11,224,624,368,635,224,624,368,624,368,635,224,635,sub_line_text,list,list_1,courier,regular,10,33covnames_20211228_165958_9610276385_600_800.png,/scratch/parceirosbr/bigoilict/share/BigOil/document_generator/datasets/documents_2021_12_28/33covnames_20211228_165958_9610276385_600_800.png,33covnames_20211228_165958_9610276385_600_800_mask.png,-  Decommissioning    of
63,5,126,11,242,638,368,649,242,638,368,638,368,649,242,649,sub_line_text,list,list_1,courier,regular,10,33covnames_20211228_165958_9610276385_600_800.png,/scratch/parceirosbr/bigoilict/share/BigOil/document_generator/datasets/documents_2021_12_28/33covnames_20211228_165958_9610276385_600_800.png,33covnames_20211228_165958_9610276385_600_800_mask.png,"wells,     including:"
24,5,48,11,242,652,290,663,242,652,290,652,290,663,242,663,sub_line_text,list,list_1,courier,regular,10,33covnames_20211228_165958_9610276385_600_800.png,/scratch/parceirosbr/bigoilict/share/BigOil/document_generator/datasets/documents_2021_12_28/33covnames_20211228_165958_9610276385_600_800.png,33covnames_20211228_165958_9610276385_600_800_mask.png,plugging
69,5,138,11,224,666,362,677,224,666,362,666,362,677,224,677,sub_line_text,list,list_1,courier,regular,10,33covnames_20211228_165958_9610276385_600_800.png,/scratch/parceirosbr/bigoilict/share/BigOil/document_generator/datasets/documents_2021_12_28/33covnames_20211228_165958_9610276385_600_800.png,33covnames_20211228_165958_9610276385_600_800_mask.png,"-  Nevertheless, recent"
51,5,102,11,266,680,368,691,266,680,368,680,368,691,266,691,sub_line_text,text,text_5,courier,regular,10,33covnames_20211228_165958_9610276385_600_800.png,/scratch/parceirosbr/bigoilict/share/BigOil/document_generator/datasets/documents_2021_12_28/33covnames_20211228_165958_9610276385_600_800.png,33covnames_20211228_165958_9610276385_600_800_mask.png,Os  gases de des-
69,5,138,11,224,694,362,705,224,694,362,694,362,705,224,705,sub_line_text,text,text_5,courier,regular,10,33covnames_20211228_165958_9610276385_600_800.png,/scratch/parceirosbr/bigoilict/share/BigOil/document_generator/datasets/documents_2021_12_28/33covnames_20211228_165958_9610276385_600_800.png,33covnames_20211228_165958_9610276385_600_800_mask.png,carga do motor estão l.
72,12,144,25,224,680,368,705,224,680,368,680,368,705,224,705,text,text,text_5,courier,regular,10,33covnames_20211228_165958_9610276385_600_800.png,/scratch/parceirosbr/bigoilict/share/BigOil/document_generator/datasets/documents_2021_12_28/33covnames_20211228_165958_9610276385_600_800.png,33covnames_20211228_165958_9610276385_600_800_mask.png,nan
51,5,102,11,434,372,536,383,434,372,536,372,536,383,434,383,sub_line_text,text,text_6,courier,regular,10,33covnames_20211228_165958_9610276385_600_800.png,/scratch/parceirosbr/bigoilict/share/BigOil/document_generator/datasets/documents_2021_12_28/33covnames_20211228_165958_9610276385_600_800.png,33covnames_20211228_165958_9610276385_600_800_mask.png,"No  entanto, tais"
72,5,144,11,392,386,536,397,392,386,536,386,536,397,392,397,sub_line_text,text,text_6,courier,regular,10,33covnames_20211228_165958_9610276385_600_800.png,/scratch/parceirosbr/bigoilict/share/BigOil/document_generator/datasets/documents_2021_12_28/33covnames_20211228_165958_9610276385_600_800.png,33covnames_20211228_165958_9610276385_600_800_mask.png,instituições  devem ate-
69,5,138,11,392,400,530,411,392,400,530,400,530,411,392,411,sub_line_text,text,text_6,courier,regular,10,33covnames_20211228_165958_9610276385_600_800.png,/scratch/parceirosbr/bigoilict/share/BigOil/document_generator/datasets/documents_2021_12_28/33covnames_20211228_165958_9610276385_600_800.png,33covnames_20211228_165958_9610276385_600_800_mask.png,nder  aos requisitos da
69,5,138,11,392,414,530,425,392,414,530,414,530,425,392,425,sub_line_text,text,text_6,courier,regular,10,33covnames_20211228_165958_9610276385_600_800.png,/scratch/parceirosbr/bigoilict/share/BigOil/document_generator/datasets/documents_2021_12_28/33covnames_20211228_165958_9610276385_600_800.png,33covnames_20211228_165958_9610276385_600_800_mask.png,que  terá  acesso livre
69,5,138,11,392,428,530,439,392,428,530,428,530,439,392,439,sub_line_text,text,text_6,courier,regular,10,33covnames_20211228_165958_9610276385_600_800.png,/scratch/parceirosbr/bigoilict/share/BigOil/document_generator/datasets/documents_2021_12_28/33covnames_20211228_165958_9610276385_600_800.png,33covnames_20211228_165958_9610276385_600_800_mask.png,as  contas.  No sentido
69,5,138,11,392,442,530,453,392,442,530,442,530,453,392,453,sub_line_text,text,text_6,courier,regular,10,33covnames_20211228_165958_9610276385_600_800.png,/scratch/parceirosbr/bigoilict/share/BigOil/document_generator/datasets/documents_2021_12_28/33covnames_20211228_165958_9610276385_600_800.png,33covnames_20211228_165958_9610276385_600_800_mask.png,de conservação da vida.
72,40,144,81,392,372,536,453,392,372,536,372,536,453,392,453,text,text,text_6,courier,regular,10,33covnames_20211228_165958_9610276385_600_800.png,/scratch/parceirosbr/bigoilict/share/BigOil/document_generator/datasets/documents_2021_12_28/33covnames_20211228_165958_9610276385_600_800.png,33covnames_20211228_165958_9610276385_600_800_mask.png,nan
51,5,102,11,434,456,536,467,434,456,536,456,536,467,434,467,sub_line_text,text,text_7,courier,regular,10,33covnames_20211228_165958_9610276385_600_800.png,/scratch/parceirosbr/bigoilict/share/BigOil/document_generator/datasets/documents_2021_12_28/33covnames_20211228_165958_9610276385_600_800.png,33covnames_20211228_165958_9610276385_600_800_mask.png,Compatibility  a-
69,5,138,11,392,470,530,481,392,470,530,470,530,481,392,481,sub_line_text,text,text_7,courier,regular,10,33covnames_20211228_165958_9610276385_600_800.png,/scratch/parceirosbr/bigoilict/share/BigOil/document_generator/datasets/documents_2021_12_28/33covnames_20211228_165958_9610276385_600_800.png,33covnames_20211228_165958_9610276385_600_800_mask.png,nd  reactivity  must be
72,5,144,11,392,484,536,495,392,484,536,484,536,495,392,495,sub_line_text,text,text_7,courier,regular,10,33covnames_20211228_165958_9610276385_600_800.png,/scratch/parceirosbr/bigoilict/share/BigOil/document_generator/datasets/documents_2021_12_28/33covnames_20211228_165958_9610276385_600_800.png,33covnames_20211228_165958_9610276385_600_800_mask.png,minimal  with the elect-
69,5,138,11,392,498,530,509,392,498,530,498,530,509,392,509,sub_line_text,text,text_7,courier,regular,10,33covnames_20211228_165958_9610276385_600_800.png,/scratch/parceirosbr/bigoilict/share/BigOil/document_generator/datasets/documents_2021_12_28/33covnames_20211228_165958_9610276385_600_800.png,33covnames_20211228_165958_9610276385_600_800_mask.png,"rolyte,  interconnector"
72,5,144,11,392,512,536,523,392,512,536,512,536,523,392,523,sub_line_text,text,text_7,courier,regular,10,33covnames_20211228_165958_9610276385_600_800.png,/scratch/parceirosbr/bigoilict/share/BigOil/document_generator/datasets/documents_2021_12_28/33covnames_20211228_165958_9610276385_600_800.png,33covnames_20211228_165958_9610276385_600_800_mask.png,and  sealants because t-
72,5,144,11,392,526,536,537,392,526,536,526,536,537,392,537,sub_line_text,text,text_7,courier,regular,10,33covnames_20211228_165958_9610276385_600_800.png,/scratch/parceirosbr/bigoilict/share/BigOil/document_generator/datasets/documents_2021_12_28/33covnames_20211228_165958_9610276385_600_800.png,33covnames_20211228_165958_9610276385_600_800_mask.png,he  electrode will be in
72,5,144,11,392,540,536,551,392,540,536,540,536,551,392,551,sub_line_text,text,text_7,courier,regular,10,33covnames_20211228_165958_9610276385_600_800.png,/scratch/parceirosbr/bigoilict/share/BigOil/document_generator/datasets/documents_2021_12_28/33covnames_20211228_165958_9610276385_600_800.png,33covnames_20211228_165958_9610276385_600_800_mask.png,contact  with these. Wh-
72,5,144,11,392,554,536,565,392,554,536,554,536,565,392,565,sub_line_text,text,text_7,courier,regular,10,33covnames_20211228_165958_9610276385_600_800.png,/scratch/parceirosbr/bigoilict/share/BigOil/document_generator/datasets/documents_2021_12_28/33covnames_20211228_165958_9610276385_600_800.png,33covnames_20211228_165958_9610276385_600_800_mask.png,eeler and has completed.
72,54,144,109,392,456,536,565,392,456,536,456,536,565,392,565,text,text,text_7,courier,regular,10,33covnames_20211228_165958_9610276385_600_800.png,/scratch/parceirosbr/bigoilict/share/BigOil/document_generator/datasets/documents_2021_12_28/33covnames_20211228_165958_9610276385_600_800.png,33covnames_20211228_165958_9610276385_600_800_mask.png,nan
48,5,96,11,434,568,530,579,434,568,530,568,530,579,434,579,sub_line_text,text,text_8,courier,regular,10,33covnames_20211228_165958_9610276385_600_800.png,/scratch/parceirosbr/bigoilict/share/BigOil/document_generator/datasets/documents_2021_12_28/33covnames_20211228_165958_9610276385_600_800.png,33covnames_20211228_165958_9610276385_600_800_mask.png,A  combinação da
72,5,144,11,392,582,536,593,392,582,536,582,536,593,392,593,sub_line_text,text,text_8,courier,regular,10,33covnames_20211228_165958_9610276385_600_800.png,/scratch/parceirosbr/bigoilict/share/BigOil/document_generator/datasets/documents_2021_12_28/33covnames_20211228_165958_9610276385_600_800.png,33covnames_20211228_165958_9610276385_600_800_mask.png,reação  de reforma a se-
72,5,144,11,392,596,536,607,392,596,536,596,536,607,392,607,sub_line_text,text,text_8,courier,regular,10,33covnames_20211228_165958_9610276385_600_800.png,/scratch/parceirosbr/bigoilict/share/BigOil/document_generator/datasets/documents_2021_12_28/33covnames_20211228_165958_9610276385_600_800.png,33covnames_20211228_165958_9610276385_600_800_mask.png,co  com a reação conhec-
72,5,144,11,392,610,536,621,392,610,536,610,536,621,392,621,sub_line_text,text,text_8,courier,regular,10,33covnames_20211228_165958_9610276385_600_800.png,/scratch/parceirosbr/bigoilict/share/BigOil/document_generator/datasets/documents_2021_12_28/33covnames_20211228_165958_9610276385_600_800.png,33covnames_20211228_165958_9610276385_600_800_mask.png,ida  como oxidação parc-
72,5,144,11,392,624,536,635,392,624,536,624,536,635,392,635,sub_line_text,text,text_8,courier,regular,10,33covnames_20211228_165958_9610276385_600_800.png,/scratch/parceirosbr/bigoilict/share/BigOil/document_generator/datasets/documents_2021_12_28/33covnames_20211228_165958_9610276385_600_800.png,33covnames_20211228_165958_9610276385_600_800_mask.png,"ial  do metano, represe-"
72,5,144,11,392,638,536,649,392,638,536,638,536,649,392,649,sub_line_text,text,text_8,courier,regular,10,33covnames_20211228_165958_9610276385_600_800.png,/scratch/parceirosbr/bigoilict/share/BigOil/document_generator/datasets/documents_2021_12_28/33covnames_20211228_165958_9610276385_600_800.png,33covnames_20211228_165958_9610276385_600_800_mask.png,"ntada  pela equação, pe-"
66,5,132,11,392,652,524,663,392,652,524,652,524,663,392,663,sub_line_text,text,text_8,courier,regular,10,33covnames_20211228_165958_9610276385_600_800.png,/scratch/parceirosbr/bigoilict/share/BigOil/document_generator/datasets/documents_2021_12_28/33covnames_20211228_165958_9610276385_600_800.png,33covnames_20211228_165958_9610276385_600_800_mask.png,rmite obter uma razão.
72,47,144,95,392,568,536,663,392,568,536,568,536,663,392,663,text,text,text_8,courier,regular,10,33covnames_20211228_165958_9610276385_600_800.png,/scratch/parceirosbr/bigoilict/share/BigOil/document_generator/datasets/documents_2021_12_28/33covnames_20211228_165958_9610276385_600_800.png,33covnames_20211228_165958_9610276385_600_800_mask.png,nan
51,5,102,11,434,666,536,677,434,666,536,666,536,677,434,677,sub_line_text,text,text_9,courier,regular,10,33covnames_20211228_165958_9610276385_600_800.png,/scratch/parceirosbr/bigoilict/share/BigOil/document_generator/datasets/documents_2021_12_28/33covnames_20211228_165958_9610276385_600_800.png,33covnames_20211228_165958_9610276385_600_800_mask.png,A  lógica empres-
72,5,144,11,392,680,536,691,392,680,536,680,536,691,392,691,sub_line_text,text,text_9,courier,regular,10,33covnames_20211228_165958_9610276385_600_800.png,/scratch/parceirosbr/bigoilict/share/BigOil/document_generator/datasets/documents_2021_12_28/33covnames_20211228_165958_9610276385_600_800.png,33covnames_20211228_165958_9610276385_600_800_mask.png,"arial  vai, portanto, no"
69,5,138,11,392,694,530,705,392,694,530,694,530,705,392,705,sub_line_text,text,text_9,courier,regular,10,33covnames_20211228_165958_9610276385_600_800.png,/scratch/parceirosbr/bigoilict/share/BigOil/document_generator/datasets/documents_2021_12_28/33covnames_20211228_165958_9610276385_600_800.png,33covnames_20211228_165958_9610276385_600_800_mask.png,sentido oposto às medi.
72,19,144,39,392,666,536,705,392,666,536,666,536,705,392,705,text,text,text_9,courier,regular,10,33covnames_20211228_165958_9610276385_600_800.png,/scratch/parceirosbr/bigoilict/share/BigOil/document_generator/datasets/documents_2021_12_28/33covnames_20211228_165958_9610276385_600_800.png,33covnames_20211228_165958_9610276385_600_800_mask.png,nan
