center_x,center_y,width,height,xmin,ymin,xmax,ymax,top_left_x,top_left_y,top_right_x,top_right_y,bottom_right_x,bottom_right_y,bottom_left_x,bottom_left_y,label,grouplabel,group,text_font,text_style,size_font,filename,path,filename_mask,content
300,400,600,800,0,0,600,800,0,0,600,0,600,800,0,800,document,,,,,,38tab01_20211228_170132_7799130235_600_800.png,/scratch/parceirosbr/bigoilict/share/BigOil/document_generator/datasets/documents_2021_12_28/38tab01_20211228_170132_7799130235_600_800.png,38tab01_20211228_170132_7799130235_600_800_mask.png,
254,53,508,106,54,89,562,195,54,89,562,89,562,195,54,195,table,header,table_0,times,regular,9.0,38tab01_20211228_170132_7799130235_600_800.png,/scratch/parceirosbr/bigoilict/share/BigOil/document_generator/datasets/documents_2021_12_28/38tab01_20211228_170132_7799130235_600_800.png,38tab01_20211228_170132_7799130235_600_800_mask.png,nan
60,40,120,80,71,101,191,181,71,101,191,101,191,181,71,181,text,table_text,table_0,times,regular,9.0,38tab01_20211228_170132_7799130235_600_800.png,/scratch/parceirosbr/bigoilict/share/BigOil/document_generator/datasets/documents_2021_12_28/38tab01_20211228_170132_7799130235_600_800.png,38tab01_20211228_170132_7799130235_600_800_mask.png,/scratch/parceirosbr/bigoilict/share/BigOil/document_generator/files_images_document_generator/logos\image_35.jpg
60,40,120,80,71,101,191,181,71,101,191,101,191,181,71,181,sub_line_text,table_text,table_0,times,regular,9.0,38tab01_20211228_170132_7799130235_600_800.png,/scratch/parceirosbr/bigoilict/share/BigOil/document_generator/datasets/documents_2021_12_28/38tab01_20211228_170132_7799130235_600_800.png,38tab01_20211228_170132_7799130235_600_800_mask.png,/scratch/parceirosbr/bigoilict/share/BigOil/document_generator/files_images_document_generator/logos\image_35.jpg
22,6,45,12,252,91,297,103,252,91,297,91,297,103,252,103,text,table_text,table_0,times,regular,11.0,38tab01_20211228_170132_7799130235_600_800.png,/scratch/parceirosbr/bigoilict/share/BigOil/document_generator/datasets/documents_2021_12_28/38tab01_20211228_170132_7799130235_600_800.png,38tab01_20211228_170132_7799130235_600_800_mask.png,partículas
22,6,45,12,252,91,297,103,252,91,297,91,297,103,252,103,sub_line_text,table_text,table_0,times,regular,11.0,38tab01_20211228_170132_7799130235_600_800.png,/scratch/parceirosbr/bigoilict/share/BigOil/document_generator/datasets/documents_2021_12_28/38tab01_20211228_170132_7799130235_600_800.png,38tab01_20211228_170132_7799130235_600_800_mask.png,partículas
9,5,19,11,333,112,352,123,333,112,352,112,352,123,333,123,text,table_text,table_0,times,regular,9.0,38tab01_20211228_170132_7799130235_600_800.png,/scratch/parceirosbr/bigoilict/share/BigOil/document_generator/datasets/documents_2021_12_28/38tab01_20211228_170132_7799130235_600_800.png,38tab01_20211228_170132_7799130235_600_800_mask.png,áreas
9,5,19,11,333,112,352,123,333,112,352,112,352,123,333,123,sub_line_text,table_text,table_0,times,regular,9.0,38tab01_20211228_170132_7799130235_600_800.png,/scratch/parceirosbr/bigoilict/share/BigOil/document_generator/datasets/documents_2021_12_28/38tab01_20211228_170132_7799130235_600_800.png,38tab01_20211228_170132_7799130235_600_800_mask.png,áreas
7,2,14,5,211,147,225,152,211,147,225,147,225,152,211,152,text,table_text,table_0,times,regular,4.0,38tab01_20211228_170132_7799130235_600_800.png,/scratch/parceirosbr/bigoilict/share/BigOil/document_generator/datasets/documents_2021_12_28/38tab01_20211228_170132_7799130235_600_800.png,38tab01_20211228_170132_7799130235_600_800_mask.png,distintos
7,2,14,5,211,147,225,152,211,147,225,147,225,152,211,152,sub_line_text,table_text,table_0,times,regular,4.0,38tab01_20211228_170132_7799130235_600_800.png,/scratch/parceirosbr/bigoilict/share/BigOil/document_generator/datasets/documents_2021_12_28/38tab01_20211228_170132_7799130235_600_800.png,38tab01_20211228_170132_7799130235_600_800_mask.png,distintos
114,5,229,11,228,152,457,163,228,152,457,152,457,163,228,163,text,table_text,table_0,times,bold,9.0,38tab01_20211228_170132_7799130235_600_800.png,/scratch/parceirosbr/bigoilict/share/BigOil/document_generator/datasets/documents_2021_12_28/38tab01_20211228_170132_7799130235_600_800.png,38tab01_20211228_170132_7799130235_600_800_mask.png,"Na figura, a linha roxa representa os gases da queima do "
114,5,229,11,228,152,457,163,228,152,457,152,457,163,228,163,sub_line_text,table_text,table_0,times,bold,9.0,38tab01_20211228_170132_7799130235_600_800.png,/scratch/parceirosbr/bigoilict/share/BigOil/document_generator/datasets/documents_2021_12_28/38tab01_20211228_170132_7799130235_600_800.png,38tab01_20211228_170132_7799130235_600_800_mask.png,"Na figura, a linha roxa representa os gases da queima do "
11,5,22,11,332,164,354,175,332,164,354,164,354,175,332,175,text,table_text,table_0,times,bold,9.0,38tab01_20211228_170132_7799130235_600_800.png,/scratch/parceirosbr/bigoilict/share/BigOil/document_generator/datasets/documents_2021_12_28/38tab01_20211228_170132_7799130235_600_800.png,38tab01_20211228_170132_7799130235_600_800_mask.png,então
11,5,22,11,332,164,354,175,332,164,354,164,354,175,332,175,sub_line_text,table_text,table_0,times,bold,9.0,38tab01_20211228_170132_7799130235_600_800.png,/scratch/parceirosbr/bigoilict/share/BigOil/document_generator/datasets/documents_2021_12_28/38tab01_20211228_170132_7799130235_600_800.png,38tab01_20211228_170132_7799130235_600_800_mask.png,então
2,2,4,5,341,91,345,96,341,91,345,91,345,96,341,96,text,table_text,table_0,times,bold,4.0,38tab01_20211228_170132_7799130235_600_800.png,/scratch/parceirosbr/bigoilict/share/BigOil/document_generator/datasets/documents_2021_12_28/38tab01_20211228_170132_7799130235_600_800.png,38tab01_20211228_170132_7799130235_600_800_mask.png,os
2,2,4,5,341,91,345,96,341,91,345,91,345,96,341,96,sub_line_text,table_text,table_0,times,bold,4.0,38tab01_20211228_170132_7799130235_600_800.png,/scratch/parceirosbr/bigoilict/share/BigOil/document_generator/datasets/documents_2021_12_28/38tab01_20211228_170132_7799130235_600_800.png,38tab01_20211228_170132_7799130235_600_800_mask.png,os
37,5,74,11,389,96,463,107,389,96,463,96,463,107,389,107,text,table_text,table_0,times,regular,9.0,38tab01_20211228_170132_7799130235_600_800.png,/scratch/parceirosbr/bigoilict/share/BigOil/document_generator/datasets/documents_2021_12_28/38tab01_20211228_170132_7799130235_600_800.png,38tab01_20211228_170132_7799130235_600_800_mask.png,fenômenocompleto
37,5,74,11,389,96,463,107,389,96,463,96,463,107,389,107,sub_line_text,table_text,table_0,times,regular,9.0,38tab01_20211228_170132_7799130235_600_800.png,/scratch/parceirosbr/bigoilict/share/BigOil/document_generator/datasets/documents_2021_12_28/38tab01_20211228_170132_7799130235_600_800.png,38tab01_20211228_170132_7799130235_600_800_mask.png,fenômenocompleto
1,2,2,5,478,112,480,117,478,112,480,112,480,117,478,117,text,table_text,table_0,times,regular,4.0,38tab01_20211228_170132_7799130235_600_800.png,/scratch/parceirosbr/bigoilict/share/BigOil/document_generator/datasets/documents_2021_12_28/38tab01_20211228_170132_7799130235_600_800.png,38tab01_20211228_170132_7799130235_600_800_mask.png,e
1,2,2,5,478,112,480,117,478,112,480,112,480,117,478,117,sub_line_text,table_text,table_0,times,regular,4.0,38tab01_20211228_170132_7799130235_600_800.png,/scratch/parceirosbr/bigoilict/share/BigOil/document_generator/datasets/documents_2021_12_28/38tab01_20211228_170132_7799130235_600_800.png,38tab01_20211228_170132_7799130235_600_800_mask.png,e
27,5,54,11,492,117,546,128,492,117,546,117,546,128,492,128,text,table_text,table_0,times,regular,9.0,38tab01_20211228_170132_7799130235_600_800.png,/scratch/parceirosbr/bigoilict/share/BigOil/document_generator/datasets/documents_2021_12_28/38tab01_20211228_170132_7799130235_600_800.png,38tab01_20211228_170132_7799130235_600_800_mask.png,influenciando
27,5,54,11,492,117,546,128,492,117,546,117,546,128,492,128,sub_line_text,table_text,table_0,times,regular,9.0,38tab01_20211228_170132_7799130235_600_800.png,/scratch/parceirosbr/bigoilict/share/BigOil/document_generator/datasets/documents_2021_12_28/38tab01_20211228_170132_7799130235_600_800.png,38tab01_20211228_170132_7799130235_600_800_mask.png,influenciando
23,5,47,11,495,168,542,179,495,168,542,168,542,179,495,179,text,table_text,table_0,times,regular,9.0,38tab01_20211228_170132_7799130235_600_800.png,/scratch/parceirosbr/bigoilict/share/BigOil/document_generator/datasets/documents_2021_12_28/38tab01_20211228_170132_7799130235_600_800.png,38tab01_20211228_170132_7799130235_600_800_mask.png,provocando
23,5,47,11,495,168,542,179,495,168,542,168,542,179,495,179,sub_line_text,table_text,table_0,times,regular,9.0,38tab01_20211228_170132_7799130235_600_800.png,/scratch/parceirosbr/bigoilict/share/BigOil/document_generator/datasets/documents_2021_12_28/38tab01_20211228_170132_7799130235_600_800.png,38tab01_20211228_170132_7799130235_600_800_mask.png,provocando
9,2,18,5,515,91,533,96,515,91,533,91,533,96,515,96,text,table_text,table_0,times,regular,4.0,38tab01_20211228_170132_7799130235_600_800.png,/scratch/parceirosbr/bigoilict/share/BigOil/document_generator/datasets/documents_2021_12_28/38tab01_20211228_170132_7799130235_600_800.png,38tab01_20211228_170132_7799130235_600_800_mask.png,calculadas
9,2,18,5,515,91,533,96,515,91,533,91,533,96,515,96,sub_line_text,table_text,table_0,times,regular,4.0,38tab01_20211228_170132_7799130235_600_800.png,/scratch/parceirosbr/bigoilict/share/BigOil/document_generator/datasets/documents_2021_12_28/38tab01_20211228_170132_7799130235_600_800.png,38tab01_20211228_170132_7799130235_600_800_mask.png,calculadas
5,5,11,11,532,96,543,107,532,96,543,96,543,107,532,107,text,table_text,table_0,times,regular,9.0,38tab01_20211228_170132_7799130235_600_800.png,/scratch/parceirosbr/bigoilict/share/BigOil/document_generator/datasets/documents_2021_12_28/38tab01_20211228_170132_7799130235_600_800.png,38tab01_20211228_170132_7799130235_600_800_mask.png,em
5,5,11,11,532,96,543,107,532,96,543,96,543,107,532,107,sub_line_text,table_text,table_0,times,regular,9.0,38tab01_20211228_170132_7799130235_600_800.png,/scratch/parceirosbr/bigoilict/share/BigOil/document_generator/datasets/documents_2021_12_28/38tab01_20211228_170132_7799130235_600_800.png,38tab01_20211228_170132_7799130235_600_800_mask.png,em
254,32,508,64,54,671,562,735,54,671,562,671,562,735,54,735,table,footer,table_1,times,regular,9.0,38tab01_20211228_170132_7799130235_600_800.png,/scratch/parceirosbr/bigoilict/share/BigOil/document_generator/datasets/documents_2021_12_28/38tab01_20211228_170132_7799130235_600_800.png,38tab01_20211228_170132_7799130235_600_800_mask.png,nan
223,5,446,11,84,673,530,684,84,673,530,673,530,684,84,684,text,table_text,table_1,times,bold,9.0,38tab01_20211228_170132_7799130235_600_800.png,/scratch/parceirosbr/bigoilict/share/BigOil/document_generator/datasets/documents_2021_12_28/38tab01_20211228_170132_7799130235_600_800.png,38tab01_20211228_170132_7799130235_600_800_mask.png,"A turbina é o componente responsável pela expansão dos gases de combustão, acelerando, assim, o escoamento. "
223,5,446,11,84,673,530,684,84,673,530,673,530,684,84,684,sub_line_text,table_text,table_1,times,bold,9.0,38tab01_20211228_170132_7799130235_600_800.png,/scratch/parceirosbr/bigoilict/share/BigOil/document_generator/datasets/documents_2021_12_28/38tab01_20211228_170132_7799130235_600_800.png,38tab01_20211228_170132_7799130235_600_800_mask.png,"A turbina é o componente responsável pela expansão dos gases de combustão, acelerando, assim, o escoamento. "
215,5,430,11,92,694,522,705,92,694,522,694,522,705,92,705,text,table_text,table_1,times,regular,9.0,38tab01_20211228_170132_7799130235_600_800.png,/scratch/parceirosbr/bigoilict/share/BigOil/document_generator/datasets/documents_2021_12_28/38tab01_20211228_170132_7799130235_600_800.png,38tab01_20211228_170132_7799130235_600_800_mask.png,"O quebra vórtice é um dispositivo instalado no bocal de saída de líquido, no fundo do vaso, com a finalidade de "
215,5,430,11,92,694,522,705,92,694,522,694,522,705,92,705,sub_line_text,table_text,table_1,times,regular,9.0,38tab01_20211228_170132_7799130235_600_800.png,/scratch/parceirosbr/bigoilict/share/BigOil/document_generator/datasets/documents_2021_12_28/38tab01_20211228_170132_7799130235_600_800.png,38tab01_20211228_170132_7799130235_600_800_mask.png,"O quebra vórtice é um dispositivo instalado no bocal de saída de líquido, no fundo do vaso, com a finalidade de "
32,5,64,11,276,722,340,733,276,722,340,722,340,733,276,733,text,table_text,table_1,times,regular,9.0,38tab01_20211228_170132_7799130235_600_800.png,/scratch/parceirosbr/bigoilict/share/BigOil/document_generator/datasets/documents_2021_12_28/38tab01_20211228_170132_7799130235_600_800.png,38tab01_20211228_170132_7799130235_600_800_mask.png,comportamentos
32,5,64,11,276,722,340,733,276,722,340,722,340,733,276,733,sub_line_text,table_text,table_1,times,regular,9.0,38tab01_20211228_170132_7799130235_600_800.png,/scratch/parceirosbr/bigoilict/share/BigOil/document_generator/datasets/documents_2021_12_28/38tab01_20211228_170132_7799130235_600_800.png,38tab01_20211228_170132_7799130235_600_800_mask.png,comportamentos
117,7,235,15,190,212,425,227,190,212,425,212,425,227,190,227,sub_line_text,subtitle,subtitle_0,times,italic,13,38tab01_20211228_170132_7799130235_600_800.png,/scratch/parceirosbr/bigoilict/share/BigOil/document_generator/datasets/documents_2021_12_28/38tab01_20211228_170132_7799130235_600_800.png,38tab01_20211228_170132_7799130235_600_800_mask.png,Primeiros simuladores utilizados área óleo
117,7,235,15,190,212,425,227,190,212,425,212,425,227,190,227,title,subtitle,subtitle_0,times,italic,13,38tab01_20211228_170132_7799130235_600_800.png,/scratch/parceirosbr/bigoilict/share/BigOil/document_generator/datasets/documents_2021_12_28/38tab01_20211228_170132_7799130235_600_800.png,38tab01_20211228_170132_7799130235_600_800_mask.png,nan
245,60,490,120,63,235,553,355,63,235,553,235,553,355,63,355,table,table_image,table_2,times,regular,9.0,38tab01_20211228_170132_7799130235_600_800.png,/scratch/parceirosbr/bigoilict/share/BigOil/document_generator/datasets/documents_2021_12_28/38tab01_20211228_170132_7799130235_600_800.png,38tab01_20211228_170132_7799130235_600_800_mask.png,nan
8,5,17,11,73,237,90,248,73,237,90,237,90,248,73,248,text,table_text,table_2,times,bold,9.0,38tab01_20211228_170132_7799130235_600_800.png,/scratch/parceirosbr/bigoilict/share/BigOil/document_generator/datasets/documents_2021_12_28/38tab01_20211228_170132_7799130235_600_800.png,38tab01_20211228_170132_7799130235_600_800_mask.png,pelo
8,5,17,11,73,237,90,248,73,237,90,237,90,248,73,248,sub_line_text,table_text,table_2,times,bold,9.0,38tab01_20211228_170132_7799130235_600_800.png,/scratch/parceirosbr/bigoilict/share/BigOil/document_generator/datasets/documents_2021_12_28/38tab01_20211228_170132_7799130235_600_800.png,38tab01_20211228_170132_7799130235_600_800_mask.png,pelo
11,5,23,11,70,251,93,262,70,251,93,251,93,262,70,262,text,table_text,table_2,times,regular,9.0,38tab01_20211228_170132_7799130235_600_800.png,/scratch/parceirosbr/bigoilict/share/BigOil/document_generator/datasets/documents_2021_12_28/38tab01_20211228_170132_7799130235_600_800.png,38tab01_20211228_170132_7799130235_600_800_mask.png,Como
11,5,23,11,70,251,93,262,70,251,93,251,93,262,70,262,sub_line_text,table_text,table_2,times,regular,9.0,38tab01_20211228_170132_7799130235_600_800.png,/scratch/parceirosbr/bigoilict/share/BigOil/document_generator/datasets/documents_2021_12_28/38tab01_20211228_170132_7799130235_600_800.png,38tab01_20211228_170132_7799130235_600_800_mask.png,Como
8,5,16,11,73,265,89,276,73,265,89,265,89,276,73,276,text,table_text,table_2,times,regular,9.0,38tab01_20211228_170132_7799130235_600_800.png,/scratch/parceirosbr/bigoilict/share/BigOil/document_generator/datasets/documents_2021_12_28/38tab01_20211228_170132_7799130235_600_800.png,38tab01_20211228_170132_7799130235_600_800_mask.png,dito
8,5,16,11,73,265,89,276,73,265,89,265,89,276,73,276,sub_line_text,table_text,table_2,times,regular,9.0,38tab01_20211228_170132_7799130235_600_800.png,/scratch/parceirosbr/bigoilict/share/BigOil/document_generator/datasets/documents_2021_12_28/38tab01_20211228_170132_7799130235_600_800.png,38tab01_20211228_170132_7799130235_600_800_mask.png,dito
14,5,28,11,67,279,95,290,67,279,95,279,95,290,67,290,text,table_text,table_2,times,regular,9.0,38tab01_20211228_170132_7799130235_600_800.png,/scratch/parceirosbr/bigoilict/share/BigOil/document_generator/datasets/documents_2021_12_28/38tab01_20211228_170132_7799130235_600_800.png,38tab01_20211228_170132_7799130235_600_800_mask.png,estreita
14,5,28,11,67,279,95,290,67,279,95,279,95,290,67,290,sub_line_text,table_text,table_2,times,regular,9.0,38tab01_20211228_170132_7799130235_600_800.png,/scratch/parceirosbr/bigoilict/share/BigOil/document_generator/datasets/documents_2021_12_28/38tab01_20211228_170132_7799130235_600_800.png,38tab01_20211228_170132_7799130235_600_800_mask.png,estreita
11,5,22,11,71,300,93,311,71,300,93,300,93,311,71,311,text,table_text,table_2,times,regular,9.0,38tab01_20211228_170132_7799130235_600_800.png,/scratch/parceirosbr/bigoilict/share/BigOil/document_generator/datasets/documents_2021_12_28/38tab01_20211228_170132_7799130235_600_800.png,38tab01_20211228_170132_7799130235_600_800_mask.png,berço
11,5,22,11,71,300,93,311,71,300,93,300,93,311,71,311,sub_line_text,table_text,table_2,times,regular,9.0,38tab01_20211228_170132_7799130235_600_800.png,/scratch/parceirosbr/bigoilict/share/BigOil/document_generator/datasets/documents_2021_12_28/38tab01_20211228_170132_7799130235_600_800.png,38tab01_20211228_170132_7799130235_600_800_mask.png,berço
10,5,21,11,71,314,92,325,71,314,92,314,92,325,71,325,text,table_text,table_2,times,regular,9.0,38tab01_20211228_170132_7799130235_600_800.png,/scratch/parceirosbr/bigoilict/share/BigOil/document_generator/datasets/documents_2021_12_28/38tab01_20211228_170132_7799130235_600_800.png,38tab01_20211228_170132_7799130235_600_800_mask.png,nesse
10,5,21,11,71,314,92,325,71,314,92,314,92,325,71,325,sub_line_text,table_text,table_2,times,regular,9.0,38tab01_20211228_170132_7799130235_600_800.png,/scratch/parceirosbr/bigoilict/share/BigOil/document_generator/datasets/documents_2021_12_28/38tab01_20211228_170132_7799130235_600_800.png,38tab01_20211228_170132_7799130235_600_800_mask.png,nesse
4,5,8,11,77,342,85,353,77,342,85,342,85,353,77,353,text,table_text,table_2,times,regular,9.0,38tab01_20211228_170132_7799130235_600_800.png,/scratch/parceirosbr/bigoilict/share/BigOil/document_generator/datasets/documents_2021_12_28/38tab01_20211228_170132_7799130235_600_800.png,38tab01_20211228_170132_7799130235_600_800_mask.png,ar
4,5,8,11,77,342,85,353,77,342,85,342,85,353,77,353,sub_line_text,table_text,table_2,times,regular,9.0,38tab01_20211228_170132_7799130235_600_800.png,/scratch/parceirosbr/bigoilict/share/BigOil/document_generator/datasets/documents_2021_12_28/38tab01_20211228_170132_7799130235_600_800.png,38tab01_20211228_170132_7799130235_600_800_mask.png,ar
17,5,35,11,119,237,154,248,119,237,154,237,154,248,119,248,text,table_text,table_2,times,bold,9.0,38tab01_20211228_170132_7799130235_600_800.png,/scratch/parceirosbr/bigoilict/share/BigOil/document_generator/datasets/documents_2021_12_28/38tab01_20211228_170132_7799130235_600_800.png,38tab01_20211228_170132_7799130235_600_800_mask.png,trabalho
17,5,35,11,119,237,154,248,119,237,154,237,154,248,119,248,sub_line_text,table_text,table_2,times,bold,9.0,38tab01_20211228_170132_7799130235_600_800.png,/scratch/parceirosbr/bigoilict/share/BigOil/document_generator/datasets/documents_2021_12_28/38tab01_20211228_170132_7799130235_600_800.png,38tab01_20211228_170132_7799130235_600_800_mask.png,trabalho
26,5,52,11,111,251,163,262,111,251,163,251,163,262,111,262,text,table_text,table_2,times,regular,9.0,38tab01_20211228_170132_7799130235_600_800.png,/scratch/parceirosbr/bigoilict/share/BigOil/document_generator/datasets/documents_2021_12_28/38tab01_20211228_170132_7799130235_600_800.png,38tab01_20211228_170132_7799130235_600_800_mask.png,294778.9885
26,5,52,11,111,251,163,262,111,251,163,251,163,262,111,262,sub_line_text,table_text,table_2,times,regular,9.0,38tab01_20211228_170132_7799130235_600_800.png,/scratch/parceirosbr/bigoilict/share/BigOil/document_generator/datasets/documents_2021_12_28/38tab01_20211228_170132_7799130235_600_800.png,38tab01_20211228_170132_7799130235_600_800_mask.png,294778.9885
26,5,52,11,111,265,163,276,111,265,163,265,163,276,111,276,text,table_text,table_2,times,regular,9.0,38tab01_20211228_170132_7799130235_600_800.png,/scratch/parceirosbr/bigoilict/share/BigOil/document_generator/datasets/documents_2021_12_28/38tab01_20211228_170132_7799130235_600_800.png,38tab01_20211228_170132_7799130235_600_800_mask.png,830427.0465
26,5,52,11,111,265,163,276,111,265,163,265,163,276,111,276,sub_line_text,table_text,table_2,times,regular,9.0,38tab01_20211228_170132_7799130235_600_800.png,/scratch/parceirosbr/bigoilict/share/BigOil/document_generator/datasets/documents_2021_12_28/38tab01_20211228_170132_7799130235_600_800.png,38tab01_20211228_170132_7799130235_600_800_mask.png,830427.0465
26,5,52,11,111,279,163,290,111,279,163,279,163,290,111,290,text,table_text,table_2,times,regular,9.0,38tab01_20211228_170132_7799130235_600_800.png,/scratch/parceirosbr/bigoilict/share/BigOil/document_generator/datasets/documents_2021_12_28/38tab01_20211228_170132_7799130235_600_800.png,38tab01_20211228_170132_7799130235_600_800_mask.png,966548.3309
26,5,52,11,111,279,163,290,111,279,163,279,163,290,111,290,sub_line_text,table_text,table_2,times,regular,9.0,38tab01_20211228_170132_7799130235_600_800.png,/scratch/parceirosbr/bigoilict/share/BigOil/document_generator/datasets/documents_2021_12_28/38tab01_20211228_170132_7799130235_600_800.png,38tab01_20211228_170132_7799130235_600_800_mask.png,966548.3309
26,5,52,11,111,300,163,311,111,300,163,300,163,311,111,311,text,table_text,table_2,times,regular,9.0,38tab01_20211228_170132_7799130235_600_800.png,/scratch/parceirosbr/bigoilict/share/BigOil/document_generator/datasets/documents_2021_12_28/38tab01_20211228_170132_7799130235_600_800.png,38tab01_20211228_170132_7799130235_600_800_mask.png,701670.1059
26,5,52,11,111,300,163,311,111,300,163,300,163,311,111,311,sub_line_text,table_text,table_2,times,regular,9.0,38tab01_20211228_170132_7799130235_600_800.png,/scratch/parceirosbr/bigoilict/share/BigOil/document_generator/datasets/documents_2021_12_28/38tab01_20211228_170132_7799130235_600_800.png,38tab01_20211228_170132_7799130235_600_800_mask.png,701670.1059
26,5,52,11,111,314,163,325,111,314,163,314,163,325,111,325,text,table_text,table_2,times,regular,9.0,38tab01_20211228_170132_7799130235_600_800.png,/scratch/parceirosbr/bigoilict/share/BigOil/document_generator/datasets/documents_2021_12_28/38tab01_20211228_170132_7799130235_600_800.png,38tab01_20211228_170132_7799130235_600_800_mask.png,148335.0321
26,5,52,11,111,314,163,325,111,314,163,314,163,325,111,325,sub_line_text,table_text,table_2,times,regular,9.0,38tab01_20211228_170132_7799130235_600_800.png,/scratch/parceirosbr/bigoilict/share/BigOil/document_generator/datasets/documents_2021_12_28/38tab01_20211228_170132_7799130235_600_800.png,38tab01_20211228_170132_7799130235_600_800_mask.png,148335.0321
26,5,52,11,111,342,163,353,111,342,163,342,163,353,111,353,text,table_text,table_2,times,regular,9.0,38tab01_20211228_170132_7799130235_600_800.png,/scratch/parceirosbr/bigoilict/share/BigOil/document_generator/datasets/documents_2021_12_28/38tab01_20211228_170132_7799130235_600_800.png,38tab01_20211228_170132_7799130235_600_800_mask.png,995103.3225
26,5,52,11,111,342,163,353,111,342,163,342,163,353,111,353,sub_line_text,table_text,table_2,times,regular,9.0,38tab01_20211228_170132_7799130235_600_800.png,/scratch/parceirosbr/bigoilict/share/BigOil/document_generator/datasets/documents_2021_12_28/38tab01_20211228_170132_7799130235_600_800.png,38tab01_20211228_170132_7799130235_600_800_mask.png,995103.3225
4,5,9,11,188,237,197,248,188,237,197,237,197,248,188,248,text,table_text,table_2,times,bold,9.0,38tab01_20211228_170132_7799130235_600_800.png,/scratch/parceirosbr/bigoilict/share/BigOil/document_generator/datasets/documents_2021_12_28/38tab01_20211228_170132_7799130235_600_800.png,38tab01_20211228_170132_7799130235_600_800_mask.png,ar
4,5,9,11,188,237,197,248,188,237,197,237,197,248,188,248,sub_line_text,table_text,table_2,times,bold,9.0,38tab01_20211228_170132_7799130235_600_800.png,/scratch/parceirosbr/bigoilict/share/BigOil/document_generator/datasets/documents_2021_12_28/38tab01_20211228_170132_7799130235_600_800.png,38tab01_20211228_170132_7799130235_600_800_mask.png,ar
8,5,17,11,184,251,201,262,184,251,201,251,201,262,184,262,text,table_text,table_2,times,regular,9.0,38tab01_20211228_170132_7799130235_600_800.png,/scratch/parceirosbr/bigoilict/share/BigOil/document_generator/datasets/documents_2021_12_28/38tab01_20211228_170132_7799130235_600_800.png,38tab01_20211228_170132_7799130235_600_800_mask.png,94.8
8,5,17,11,184,251,201,262,184,251,201,251,201,262,184,262,sub_line_text,table_text,table_2,times,regular,9.0,38tab01_20211228_170132_7799130235_600_800.png,/scratch/parceirosbr/bigoilict/share/BigOil/document_generator/datasets/documents_2021_12_28/38tab01_20211228_170132_7799130235_600_800.png,38tab01_20211228_170132_7799130235_600_800_mask.png,94.8
8,5,17,11,184,265,201,276,184,265,201,265,201,276,184,276,text,table_text,table_2,times,regular,9.0,38tab01_20211228_170132_7799130235_600_800.png,/scratch/parceirosbr/bigoilict/share/BigOil/document_generator/datasets/documents_2021_12_28/38tab01_20211228_170132_7799130235_600_800.png,38tab01_20211228_170132_7799130235_600_800_mask.png,93.2
8,5,17,11,184,265,201,276,184,265,201,265,201,276,184,276,sub_line_text,table_text,table_2,times,regular,9.0,38tab01_20211228_170132_7799130235_600_800.png,/scratch/parceirosbr/bigoilict/share/BigOil/document_generator/datasets/documents_2021_12_28/38tab01_20211228_170132_7799130235_600_800.png,38tab01_20211228_170132_7799130235_600_800_mask.png,93.2
8,5,17,11,184,279,201,290,184,279,201,279,201,290,184,290,text,table_text,table_2,times,regular,9.0,38tab01_20211228_170132_7799130235_600_800.png,/scratch/parceirosbr/bigoilict/share/BigOil/document_generator/datasets/documents_2021_12_28/38tab01_20211228_170132_7799130235_600_800.png,38tab01_20211228_170132_7799130235_600_800_mask.png,25.5
8,5,17,11,184,279,201,290,184,279,201,279,201,290,184,290,sub_line_text,table_text,table_2,times,regular,9.0,38tab01_20211228_170132_7799130235_600_800.png,/scratch/parceirosbr/bigoilict/share/BigOil/document_generator/datasets/documents_2021_12_28/38tab01_20211228_170132_7799130235_600_800.png,38tab01_20211228_170132_7799130235_600_800_mask.png,25.5
8,5,17,11,184,300,201,311,184,300,201,300,201,311,184,311,text,table_text,table_2,times,regular,9.0,38tab01_20211228_170132_7799130235_600_800.png,/scratch/parceirosbr/bigoilict/share/BigOil/document_generator/datasets/documents_2021_12_28/38tab01_20211228_170132_7799130235_600_800.png,38tab01_20211228_170132_7799130235_600_800_mask.png,23.7
8,5,17,11,184,300,201,311,184,300,201,300,201,311,184,311,sub_line_text,table_text,table_2,times,regular,9.0,38tab01_20211228_170132_7799130235_600_800.png,/scratch/parceirosbr/bigoilict/share/BigOil/document_generator/datasets/documents_2021_12_28/38tab01_20211228_170132_7799130235_600_800.png,38tab01_20211228_170132_7799130235_600_800_mask.png,23.7
11,5,22,11,181,314,203,325,181,314,203,314,203,325,181,325,text,table_text,table_2,times,regular,9.0,38tab01_20211228_170132_7799130235_600_800.png,/scratch/parceirosbr/bigoilict/share/BigOil/document_generator/datasets/documents_2021_12_28/38tab01_20211228_170132_7799130235_600_800.png,38tab01_20211228_170132_7799130235_600_800_mask.png,951.5
11,5,22,11,181,314,203,325,181,314,203,314,203,325,181,325,sub_line_text,table_text,table_2,times,regular,9.0,38tab01_20211228_170132_7799130235_600_800.png,/scratch/parceirosbr/bigoilict/share/BigOil/document_generator/datasets/documents_2021_12_28/38tab01_20211228_170132_7799130235_600_800.png,38tab01_20211228_170132_7799130235_600_800_mask.png,951.5
8,5,17,11,184,342,201,353,184,342,201,342,201,353,184,353,text,table_text,table_2,times,regular,9.0,38tab01_20211228_170132_7799130235_600_800.png,/scratch/parceirosbr/bigoilict/share/BigOil/document_generator/datasets/documents_2021_12_28/38tab01_20211228_170132_7799130235_600_800.png,38tab01_20211228_170132_7799130235_600_800_mask.png,14.7
8,5,17,11,184,342,201,353,184,342,201,342,201,353,184,353,sub_line_text,table_text,table_2,times,regular,9.0,38tab01_20211228_170132_7799130235_600_800.png,/scratch/parceirosbr/bigoilict/share/BigOil/document_generator/datasets/documents_2021_12_28/38tab01_20211228_170132_7799130235_600_800.png,38tab01_20211228_170132_7799130235_600_800_mask.png,14.7
7,5,14,11,223,237,237,248,223,237,237,237,237,248,223,248,text,table_text,table_2,times,bold,9.0,38tab01_20211228_170132_7799130235_600_800.png,/scratch/parceirosbr/bigoilict/share/BigOil/document_generator/datasets/documents_2021_12_28/38tab01_20211228_170132_7799130235_600_800.png,38tab01_20211228_170132_7799130235_600_800_mask.png,são
7,5,14,11,223,237,237,248,223,237,237,237,237,248,223,248,sub_line_text,table_text,table_2,times,bold,9.0,38tab01_20211228_170132_7799130235_600_800.png,/scratch/parceirosbr/bigoilict/share/BigOil/document_generator/datasets/documents_2021_12_28/38tab01_20211228_170132_7799130235_600_800.png,38tab01_20211228_170132_7799130235_600_800_mask.png,são
8,5,17,11,221,251,238,262,221,251,238,251,238,262,221,262,text,table_text,table_2,times,regular,9.0,38tab01_20211228_170132_7799130235_600_800.png,/scratch/parceirosbr/bigoilict/share/BigOil/document_generator/datasets/documents_2021_12_28/38tab01_20211228_170132_7799130235_600_800.png,38tab01_20211228_170132_7799130235_600_800_mask.png,58.9
8,5,17,11,221,251,238,262,221,251,238,251,238,262,221,262,sub_line_text,table_text,table_2,times,regular,9.0,38tab01_20211228_170132_7799130235_600_800.png,/scratch/parceirosbr/bigoilict/share/BigOil/document_generator/datasets/documents_2021_12_28/38tab01_20211228_170132_7799130235_600_800.png,38tab01_20211228_170132_7799130235_600_800_mask.png,58.9
11,5,22,11,219,265,241,276,219,265,241,265,241,276,219,276,text,table_text,table_2,times,regular,9.0,38tab01_20211228_170132_7799130235_600_800.png,/scratch/parceirosbr/bigoilict/share/BigOil/document_generator/datasets/documents_2021_12_28/38tab01_20211228_170132_7799130235_600_800.png,38tab01_20211228_170132_7799130235_600_800_mask.png,194.9
11,5,22,11,219,265,241,276,219,265,241,265,241,276,219,276,sub_line_text,table_text,table_2,times,regular,9.0,38tab01_20211228_170132_7799130235_600_800.png,/scratch/parceirosbr/bigoilict/share/BigOil/document_generator/datasets/documents_2021_12_28/38tab01_20211228_170132_7799130235_600_800.png,38tab01_20211228_170132_7799130235_600_800_mask.png,194.9
11,5,22,11,219,279,241,290,219,279,241,279,241,290,219,290,text,table_text,table_2,times,regular,9.0,38tab01_20211228_170132_7799130235_600_800.png,/scratch/parceirosbr/bigoilict/share/BigOil/document_generator/datasets/documents_2021_12_28/38tab01_20211228_170132_7799130235_600_800.png,38tab01_20211228_170132_7799130235_600_800_mask.png,526.7
11,5,22,11,219,279,241,290,219,279,241,279,241,290,219,290,sub_line_text,table_text,table_2,times,regular,9.0,38tab01_20211228_170132_7799130235_600_800.png,/scratch/parceirosbr/bigoilict/share/BigOil/document_generator/datasets/documents_2021_12_28/38tab01_20211228_170132_7799130235_600_800.png,38tab01_20211228_170132_7799130235_600_800_mask.png,526.7
11,5,22,11,219,300,241,311,219,300,241,300,241,311,219,311,text,table_text,table_2,times,regular,9.0,38tab01_20211228_170132_7799130235_600_800.png,/scratch/parceirosbr/bigoilict/share/BigOil/document_generator/datasets/documents_2021_12_28/38tab01_20211228_170132_7799130235_600_800.png,38tab01_20211228_170132_7799130235_600_800_mask.png,742.9
11,5,22,11,219,300,241,311,219,300,241,300,241,311,219,311,sub_line_text,table_text,table_2,times,regular,9.0,38tab01_20211228_170132_7799130235_600_800.png,/scratch/parceirosbr/bigoilict/share/BigOil/document_generator/datasets/documents_2021_12_28/38tab01_20211228_170132_7799130235_600_800.png,38tab01_20211228_170132_7799130235_600_800_mask.png,742.9
11,5,22,11,219,314,241,325,219,314,241,314,241,325,219,325,text,table_text,table_2,times,regular,9.0,38tab01_20211228_170132_7799130235_600_800.png,/scratch/parceirosbr/bigoilict/share/BigOil/document_generator/datasets/documents_2021_12_28/38tab01_20211228_170132_7799130235_600_800.png,38tab01_20211228_170132_7799130235_600_800_mask.png,529.4
11,5,22,11,219,314,241,325,219,314,241,314,241,325,219,325,sub_line_text,table_text,table_2,times,regular,9.0,38tab01_20211228_170132_7799130235_600_800.png,/scratch/parceirosbr/bigoilict/share/BigOil/document_generator/datasets/documents_2021_12_28/38tab01_20211228_170132_7799130235_600_800.png,38tab01_20211228_170132_7799130235_600_800_mask.png,529.4
11,5,22,11,219,342,241,353,219,342,241,342,241,353,219,353,text,table_text,table_2,times,regular,9.0,38tab01_20211228_170132_7799130235_600_800.png,/scratch/parceirosbr/bigoilict/share/BigOil/document_generator/datasets/documents_2021_12_28/38tab01_20211228_170132_7799130235_600_800.png,38tab01_20211228_170132_7799130235_600_800_mask.png,928.4
11,5,22,11,219,342,241,353,219,342,241,342,241,353,219,353,sub_line_text,table_text,table_2,times,regular,9.0,38tab01_20211228_170132_7799130235_600_800.png,/scratch/parceirosbr/bigoilict/share/BigOil/document_generator/datasets/documents_2021_12_28/38tab01_20211228_170132_7799130235_600_800.png,38tab01_20211228_170132_7799130235_600_800_mask.png,928.4
14,5,28,11,253,237,281,248,253,237,281,237,281,248,253,248,text,table_text,table_2,times,bold,9.0,38tab01_20211228_170132_7799130235_600_800.png,/scratch/parceirosbr/bigoilict/share/BigOil/document_generator/datasets/documents_2021_12_28/38tab01_20211228_170132_7799130235_600_800.png,38tab01_20211228_170132_7799130235_600_800_mask.png,tratam
14,5,28,11,253,237,281,248,253,237,281,237,281,248,253,248,sub_line_text,table_text,table_2,times,bold,9.0,38tab01_20211228_170132_7799130235_600_800.png,/scratch/parceirosbr/bigoilict/share/BigOil/document_generator/datasets/documents_2021_12_28/38tab01_20211228_170132_7799130235_600_800.png,38tab01_20211228_170132_7799130235_600_800_mask.png,tratam
5,5,10,11,261,251,271,262,261,251,271,251,271,262,261,262,text,table_text,table_2,times,regular,9.0,38tab01_20211228_170132_7799130235_600_800.png,/scratch/parceirosbr/bigoilict/share/BigOil/document_generator/datasets/documents_2021_12_28/38tab01_20211228_170132_7799130235_600_800.png,38tab01_20211228_170132_7799130235_600_800_mask.png,39
5,5,10,11,261,251,271,262,261,251,271,251,271,262,261,262,sub_line_text,table_text,table_2,times,regular,9.0,38tab01_20211228_170132_7799130235_600_800.png,/scratch/parceirosbr/bigoilict/share/BigOil/document_generator/datasets/documents_2021_12_28/38tab01_20211228_170132_7799130235_600_800.png,38tab01_20211228_170132_7799130235_600_800_mask.png,39
10,5,20,11,257,265,277,276,257,265,277,265,277,276,257,276,text,table_text,table_2,times,regular,9.0,38tab01_20211228_170132_7799130235_600_800.png,/scratch/parceirosbr/bigoilict/share/BigOil/document_generator/datasets/documents_2021_12_28/38tab01_20211228_170132_7799130235_600_800.png,38tab01_20211228_170132_7799130235_600_800_mask.png,6927
10,5,20,11,257,265,277,276,257,265,277,265,277,276,257,276,sub_line_text,table_text,table_2,times,regular,9.0,38tab01_20211228_170132_7799130235_600_800.png,/scratch/parceirosbr/bigoilict/share/BigOil/document_generator/datasets/documents_2021_12_28/38tab01_20211228_170132_7799130235_600_800.png,38tab01_20211228_170132_7799130235_600_800_mask.png,6927
10,5,20,11,257,279,277,290,257,279,277,279,277,290,257,290,text,table_text,table_2,times,regular,9.0,38tab01_20211228_170132_7799130235_600_800.png,/scratch/parceirosbr/bigoilict/share/BigOil/document_generator/datasets/documents_2021_12_28/38tab01_20211228_170132_7799130235_600_800.png,38tab01_20211228_170132_7799130235_600_800_mask.png,2573
10,5,20,11,257,279,277,290,257,279,277,279,277,290,257,290,sub_line_text,table_text,table_2,times,regular,9.0,38tab01_20211228_170132_7799130235_600_800.png,/scratch/parceirosbr/bigoilict/share/BigOil/document_generator/datasets/documents_2021_12_28/38tab01_20211228_170132_7799130235_600_800.png,38tab01_20211228_170132_7799130235_600_800_mask.png,2573
7,5,15,11,259,300,274,311,259,300,274,300,274,311,259,311,text,table_text,table_2,times,regular,9.0,38tab01_20211228_170132_7799130235_600_800.png,/scratch/parceirosbr/bigoilict/share/BigOil/document_generator/datasets/documents_2021_12_28/38tab01_20211228_170132_7799130235_600_800.png,38tab01_20211228_170132_7799130235_600_800_mask.png,429
7,5,15,11,259,300,274,311,259,300,274,300,274,311,259,311,sub_line_text,table_text,table_2,times,regular,9.0,38tab01_20211228_170132_7799130235_600_800.png,/scratch/parceirosbr/bigoilict/share/BigOil/document_generator/datasets/documents_2021_12_28/38tab01_20211228_170132_7799130235_600_800.png,38tab01_20211228_170132_7799130235_600_800_mask.png,429
10,5,20,11,257,314,277,325,257,314,277,314,277,325,257,325,text,table_text,table_2,times,regular,9.0,38tab01_20211228_170132_7799130235_600_800.png,/scratch/parceirosbr/bigoilict/share/BigOil/document_generator/datasets/documents_2021_12_28/38tab01_20211228_170132_7799130235_600_800.png,38tab01_20211228_170132_7799130235_600_800_mask.png,2056
10,5,20,11,257,314,277,325,257,314,277,314,277,325,257,325,sub_line_text,table_text,table_2,times,regular,9.0,38tab01_20211228_170132_7799130235_600_800.png,/scratch/parceirosbr/bigoilict/share/BigOil/document_generator/datasets/documents_2021_12_28/38tab01_20211228_170132_7799130235_600_800.png,38tab01_20211228_170132_7799130235_600_800_mask.png,2056
7,5,15,11,259,342,274,353,259,342,274,342,274,353,259,353,text,table_text,table_2,times,regular,9.0,38tab01_20211228_170132_7799130235_600_800.png,/scratch/parceirosbr/bigoilict/share/BigOil/document_generator/datasets/documents_2021_12_28/38tab01_20211228_170132_7799130235_600_800.png,38tab01_20211228_170132_7799130235_600_800_mask.png,144
7,5,15,11,259,342,274,353,259,342,274,342,274,353,259,353,sub_line_text,table_text,table_2,times,regular,9.0,38tab01_20211228_170132_7799130235_600_800.png,/scratch/parceirosbr/bigoilict/share/BigOil/document_generator/datasets/documents_2021_12_28/38tab01_20211228_170132_7799130235_600_800.png,38tab01_20211228_170132_7799130235_600_800_mask.png,144
7,5,14,11,297,237,311,248,297,237,311,237,311,248,297,248,text,table_text,table_2,times,bold,9.0,38tab01_20211228_170132_7799130235_600_800.png,/scratch/parceirosbr/bigoilict/share/BigOil/document_generator/datasets/documents_2021_12_28/38tab01_20211228_170132_7799130235_600_800.png,38tab01_20211228_170132_7799130235_600_800_mask.png,das
7,5,14,11,297,237,311,248,297,237,311,237,311,248,297,248,sub_line_text,table_text,table_2,times,bold,9.0,38tab01_20211228_170132_7799130235_600_800.png,/scratch/parceirosbr/bigoilict/share/BigOil/document_generator/datasets/documents_2021_12_28/38tab01_20211228_170132_7799130235_600_800.png,38tab01_20211228_170132_7799130235_600_800_mask.png,das
7,5,15,11,296,251,311,262,296,251,311,251,311,262,296,262,text,table_text,table_2,times,regular,9.0,38tab01_20211228_170132_7799130235_600_800.png,/scratch/parceirosbr/bigoilict/share/BigOil/document_generator/datasets/documents_2021_12_28/38tab01_20211228_170132_7799130235_600_800.png,38tab01_20211228_170132_7799130235_600_800_mask.png,440
7,5,15,11,296,251,311,262,296,251,311,251,311,262,296,262,sub_line_text,table_text,table_2,times,regular,9.0,38tab01_20211228_170132_7799130235_600_800.png,/scratch/parceirosbr/bigoilict/share/BigOil/document_generator/datasets/documents_2021_12_28/38tab01_20211228_170132_7799130235_600_800.png,38tab01_20211228_170132_7799130235_600_800_mask.png,440
10,5,20,11,293,265,313,276,293,265,313,265,313,276,293,276,text,table_text,table_2,times,regular,9.0,38tab01_20211228_170132_7799130235_600_800.png,/scratch/parceirosbr/bigoilict/share/BigOil/document_generator/datasets/documents_2021_12_28/38tab01_20211228_170132_7799130235_600_800.png,38tab01_20211228_170132_7799130235_600_800_mask.png,7402
10,5,20,11,293,265,313,276,293,265,313,265,313,276,293,276,sub_line_text,table_text,table_2,times,regular,9.0,38tab01_20211228_170132_7799130235_600_800.png,/scratch/parceirosbr/bigoilict/share/BigOil/document_generator/datasets/documents_2021_12_28/38tab01_20211228_170132_7799130235_600_800.png,38tab01_20211228_170132_7799130235_600_800_mask.png,7402
5,5,10,11,299,279,309,290,299,279,309,279,309,290,299,290,text,table_text,table_2,times,regular,9.0,38tab01_20211228_170132_7799130235_600_800.png,/scratch/parceirosbr/bigoilict/share/BigOil/document_generator/datasets/documents_2021_12_28/38tab01_20211228_170132_7799130235_600_800.png,38tab01_20211228_170132_7799130235_600_800_mask.png,53
5,5,10,11,299,279,309,290,299,279,309,279,309,290,299,290,sub_line_text,table_text,table_2,times,regular,9.0,38tab01_20211228_170132_7799130235_600_800.png,/scratch/parceirosbr/bigoilict/share/BigOil/document_generator/datasets/documents_2021_12_28/38tab01_20211228_170132_7799130235_600_800.png,38tab01_20211228_170132_7799130235_600_800_mask.png,53
7,5,15,11,296,300,311,311,296,300,311,300,311,311,296,311,text,table_text,table_2,times,regular,9.0,38tab01_20211228_170132_7799130235_600_800.png,/scratch/parceirosbr/bigoilict/share/BigOil/document_generator/datasets/documents_2021_12_28/38tab01_20211228_170132_7799130235_600_800.png,38tab01_20211228_170132_7799130235_600_800_mask.png,419
7,5,15,11,296,300,311,311,296,300,311,300,311,311,296,311,sub_line_text,table_text,table_2,times,regular,9.0,38tab01_20211228_170132_7799130235_600_800.png,/scratch/parceirosbr/bigoilict/share/BigOil/document_generator/datasets/documents_2021_12_28/38tab01_20211228_170132_7799130235_600_800.png,38tab01_20211228_170132_7799130235_600_800_mask.png,419
7,5,15,11,296,314,311,325,296,314,311,314,311,325,296,325,text,table_text,table_2,times,regular,9.0,38tab01_20211228_170132_7799130235_600_800.png,/scratch/parceirosbr/bigoilict/share/BigOil/document_generator/datasets/documents_2021_12_28/38tab01_20211228_170132_7799130235_600_800.png,38tab01_20211228_170132_7799130235_600_800_mask.png,217
7,5,15,11,296,314,311,325,296,314,311,314,311,325,296,325,sub_line_text,table_text,table_2,times,regular,9.0,38tab01_20211228_170132_7799130235_600_800.png,/scratch/parceirosbr/bigoilict/share/BigOil/document_generator/datasets/documents_2021_12_28/38tab01_20211228_170132_7799130235_600_800.png,38tab01_20211228_170132_7799130235_600_800_mask.png,217
7,5,15,11,296,342,311,353,296,342,311,342,311,353,296,353,text,table_text,table_2,times,regular,9.0,38tab01_20211228_170132_7799130235_600_800.png,/scratch/parceirosbr/bigoilict/share/BigOil/document_generator/datasets/documents_2021_12_28/38tab01_20211228_170132_7799130235_600_800.png,38tab01_20211228_170132_7799130235_600_800_mask.png,941
7,5,15,11,296,342,311,353,296,342,311,342,311,353,296,353,sub_line_text,table_text,table_2,times,regular,9.0,38tab01_20211228_170132_7799130235_600_800.png,/scratch/parceirosbr/bigoilict/share/BigOil/document_generator/datasets/documents_2021_12_28/38tab01_20211228_170132_7799130235_600_800.png,38tab01_20211228_170132_7799130235_600_800_mask.png,941
13,5,26,11,327,237,353,248,327,237,353,237,353,248,327,248,text,table_text,table_2,times,bold,9.0,38tab01_20211228_170132_7799130235_600_800.png,/scratch/parceirosbr/bigoilict/share/BigOil/document_generator/datasets/documents_2021_12_28/38tab01_20211228_170132_7799130235_600_800.png,38tab01_20211228_170132_7799130235_600_800_mask.png,geram
13,5,26,11,327,237,353,248,327,237,353,237,353,248,327,248,sub_line_text,table_text,table_2,times,bold,9.0,38tab01_20211228_170132_7799130235_600_800.png,/scratch/parceirosbr/bigoilict/share/BigOil/document_generator/datasets/documents_2021_12_28/38tab01_20211228_170132_7799130235_600_800.png,38tab01_20211228_170132_7799130235_600_800_mask.png,geram
8,5,17,11,332,251,349,262,332,251,349,251,349,262,332,262,text,table_text,table_2,times,regular,9.0,38tab01_20211228_170132_7799130235_600_800.png,/scratch/parceirosbr/bigoilict/share/BigOil/document_generator/datasets/documents_2021_12_28/38tab01_20211228_170132_7799130235_600_800.png,38tab01_20211228_170132_7799130235_600_800_mask.png,28.9
8,5,17,11,332,251,349,262,332,251,349,251,349,262,332,262,sub_line_text,table_text,table_2,times,regular,9.0,38tab01_20211228_170132_7799130235_600_800.png,/scratch/parceirosbr/bigoilict/share/BigOil/document_generator/datasets/documents_2021_12_28/38tab01_20211228_170132_7799130235_600_800.png,38tab01_20211228_170132_7799130235_600_800_mask.png,28.9
11,5,22,11,329,265,351,276,329,265,351,265,351,276,329,276,text,table_text,table_2,times,regular,9.0,38tab01_20211228_170132_7799130235_600_800.png,/scratch/parceirosbr/bigoilict/share/BigOil/document_generator/datasets/documents_2021_12_28/38tab01_20211228_170132_7799130235_600_800.png,38tab01_20211228_170132_7799130235_600_800_mask.png,351.8
11,5,22,11,329,265,351,276,329,265,351,265,351,276,329,276,sub_line_text,table_text,table_2,times,regular,9.0,38tab01_20211228_170132_7799130235_600_800.png,/scratch/parceirosbr/bigoilict/share/BigOil/document_generator/datasets/documents_2021_12_28/38tab01_20211228_170132_7799130235_600_800.png,38tab01_20211228_170132_7799130235_600_800_mask.png,351.8
8,5,17,11,332,279,349,290,332,279,349,279,349,290,332,290,text,table_text,table_2,times,regular,9.0,38tab01_20211228_170132_7799130235_600_800.png,/scratch/parceirosbr/bigoilict/share/BigOil/document_generator/datasets/documents_2021_12_28/38tab01_20211228_170132_7799130235_600_800.png,38tab01_20211228_170132_7799130235_600_800_mask.png,10.6
8,5,17,11,332,279,349,290,332,279,349,279,349,290,332,290,sub_line_text,table_text,table_2,times,regular,9.0,38tab01_20211228_170132_7799130235_600_800.png,/scratch/parceirosbr/bigoilict/share/BigOil/document_generator/datasets/documents_2021_12_28/38tab01_20211228_170132_7799130235_600_800.png,38tab01_20211228_170132_7799130235_600_800_mask.png,10.6
11,5,22,11,329,300,351,311,329,300,351,300,351,311,329,311,text,table_text,table_2,times,regular,9.0,38tab01_20211228_170132_7799130235_600_800.png,/scratch/parceirosbr/bigoilict/share/BigOil/document_generator/datasets/documents_2021_12_28/38tab01_20211228_170132_7799130235_600_800.png,38tab01_20211228_170132_7799130235_600_800_mask.png,150.1
11,5,22,11,329,300,351,311,329,300,351,300,351,311,329,311,sub_line_text,table_text,table_2,times,regular,9.0,38tab01_20211228_170132_7799130235_600_800.png,/scratch/parceirosbr/bigoilict/share/BigOil/document_generator/datasets/documents_2021_12_28/38tab01_20211228_170132_7799130235_600_800.png,38tab01_20211228_170132_7799130235_600_800_mask.png,150.1
8,5,17,11,332,314,349,325,332,314,349,314,349,325,332,325,text,table_text,table_2,times,regular,9.0,38tab01_20211228_170132_7799130235_600_800.png,/scratch/parceirosbr/bigoilict/share/BigOil/document_generator/datasets/documents_2021_12_28/38tab01_20211228_170132_7799130235_600_800.png,38tab01_20211228_170132_7799130235_600_800_mask.png,29.8
8,5,17,11,332,314,349,325,332,314,349,314,349,325,332,325,sub_line_text,table_text,table_2,times,regular,9.0,38tab01_20211228_170132_7799130235_600_800.png,/scratch/parceirosbr/bigoilict/share/BigOil/document_generator/datasets/documents_2021_12_28/38tab01_20211228_170132_7799130235_600_800.png,38tab01_20211228_170132_7799130235_600_800_mask.png,29.8
8,5,17,11,332,342,349,353,332,342,349,342,349,353,332,353,text,table_text,table_2,times,regular,9.0,38tab01_20211228_170132_7799130235_600_800.png,/scratch/parceirosbr/bigoilict/share/BigOil/document_generator/datasets/documents_2021_12_28/38tab01_20211228_170132_7799130235_600_800.png,38tab01_20211228_170132_7799130235_600_800_mask.png,27.7
8,5,17,11,332,342,349,353,332,342,349,342,349,353,332,353,sub_line_text,table_text,table_2,times,regular,9.0,38tab01_20211228_170132_7799130235_600_800.png,/scratch/parceirosbr/bigoilict/share/BigOil/document_generator/datasets/documents_2021_12_28/38tab01_20211228_170132_7799130235_600_800.png,38tab01_20211228_170132_7799130235_600_800_mask.png,27.7
7,5,14,11,371,237,385,248,371,237,385,237,385,248,371,248,text,table_text,table_2,times,bold,9.0,38tab01_20211228_170132_7799130235_600_800.png,/scratch/parceirosbr/bigoilict/share/BigOil/document_generator/datasets/documents_2021_12_28/38tab01_20211228_170132_7799130235_600_800.png,38tab01_20211228_170132_7799130235_600_800_mask.png,dos
7,5,14,11,371,237,385,248,371,237,385,237,385,248,371,248,sub_line_text,table_text,table_2,times,bold,9.0,38tab01_20211228_170132_7799130235_600_800.png,/scratch/parceirosbr/bigoilict/share/BigOil/document_generator/datasets/documents_2021_12_28/38tab01_20211228_170132_7799130235_600_800.png,38tab01_20211228_170132_7799130235_600_800_mask.png,dos
10,5,20,11,367,251,387,262,367,251,387,251,387,262,367,262,text,table_text,table_2,times,regular,9.0,38tab01_20211228_170132_7799130235_600_800.png,/scratch/parceirosbr/bigoilict/share/BigOil/document_generator/datasets/documents_2021_12_28/38tab01_20211228_170132_7799130235_600_800.png,38tab01_20211228_170132_7799130235_600_800_mask.png,1386
10,5,20,11,367,251,387,262,367,251,387,251,387,262,367,262,sub_line_text,table_text,table_2,times,regular,9.0,38tab01_20211228_170132_7799130235_600_800.png,/scratch/parceirosbr/bigoilict/share/BigOil/document_generator/datasets/documents_2021_12_28/38tab01_20211228_170132_7799130235_600_800.png,38tab01_20211228_170132_7799130235_600_800_mask.png,1386
5,5,10,11,373,265,383,276,373,265,383,265,383,276,373,276,text,table_text,table_2,times,regular,9.0,38tab01_20211228_170132_7799130235_600_800.png,/scratch/parceirosbr/bigoilict/share/BigOil/document_generator/datasets/documents_2021_12_28/38tab01_20211228_170132_7799130235_600_800.png,38tab01_20211228_170132_7799130235_600_800_mask.png,77
5,5,10,11,373,265,383,276,373,265,383,265,383,276,373,276,sub_line_text,table_text,table_2,times,regular,9.0,38tab01_20211228_170132_7799130235_600_800.png,/scratch/parceirosbr/bigoilict/share/BigOil/document_generator/datasets/documents_2021_12_28/38tab01_20211228_170132_7799130235_600_800.png,38tab01_20211228_170132_7799130235_600_800_mask.png,77
7,5,15,11,370,279,385,290,370,279,385,279,385,290,370,290,text,table_text,table_2,times,regular,9.0,38tab01_20211228_170132_7799130235_600_800.png,/scratch/parceirosbr/bigoilict/share/BigOil/document_generator/datasets/documents_2021_12_28/38tab01_20211228_170132_7799130235_600_800.png,38tab01_20211228_170132_7799130235_600_800_mask.png,624
7,5,15,11,370,279,385,290,370,279,385,279,385,290,370,290,sub_line_text,table_text,table_2,times,regular,9.0,38tab01_20211228_170132_7799130235_600_800.png,/scratch/parceirosbr/bigoilict/share/BigOil/document_generator/datasets/documents_2021_12_28/38tab01_20211228_170132_7799130235_600_800.png,38tab01_20211228_170132_7799130235_600_800_mask.png,624
7,5,15,11,370,300,385,311,370,300,385,300,385,311,370,311,text,table_text,table_2,times,regular,9.0,38tab01_20211228_170132_7799130235_600_800.png,/scratch/parceirosbr/bigoilict/share/BigOil/document_generator/datasets/documents_2021_12_28/38tab01_20211228_170132_7799130235_600_800.png,38tab01_20211228_170132_7799130235_600_800_mask.png,314
7,5,15,11,370,300,385,311,370,300,385,300,385,311,370,311,sub_line_text,table_text,table_2,times,regular,9.0,38tab01_20211228_170132_7799130235_600_800.png,/scratch/parceirosbr/bigoilict/share/BigOil/document_generator/datasets/documents_2021_12_28/38tab01_20211228_170132_7799130235_600_800.png,38tab01_20211228_170132_7799130235_600_800_mask.png,314
5,5,10,11,373,314,383,325,373,314,383,314,383,325,373,325,text,table_text,table_2,times,regular,9.0,38tab01_20211228_170132_7799130235_600_800.png,/scratch/parceirosbr/bigoilict/share/BigOil/document_generator/datasets/documents_2021_12_28/38tab01_20211228_170132_7799130235_600_800.png,38tab01_20211228_170132_7799130235_600_800_mask.png,33
5,5,10,11,373,314,383,325,373,314,383,314,383,325,373,325,sub_line_text,table_text,table_2,times,regular,9.0,38tab01_20211228_170132_7799130235_600_800.png,/scratch/parceirosbr/bigoilict/share/BigOil/document_generator/datasets/documents_2021_12_28/38tab01_20211228_170132_7799130235_600_800.png,38tab01_20211228_170132_7799130235_600_800_mask.png,33
10,5,20,11,367,342,387,353,367,342,387,342,387,353,367,353,text,table_text,table_2,times,regular,9.0,38tab01_20211228_170132_7799130235_600_800.png,/scratch/parceirosbr/bigoilict/share/BigOil/document_generator/datasets/documents_2021_12_28/38tab01_20211228_170132_7799130235_600_800.png,38tab01_20211228_170132_7799130235_600_800_mask.png,5029
10,5,20,11,367,342,387,353,367,342,387,342,387,353,367,353,sub_line_text,table_text,table_2,times,regular,9.0,38tab01_20211228_170132_7799130235_600_800.png,/scratch/parceirosbr/bigoilict/share/BigOil/document_generator/datasets/documents_2021_12_28/38tab01_20211228_170132_7799130235_600_800.png,38tab01_20211228_170132_7799130235_600_800_mask.png,5029
11,5,22,11,403,237,425,248,403,237,425,237,425,248,403,248,text,table_text,table_2,times,bold,9.0,38tab01_20211228_170132_7799130235_600_800.png,/scratch/parceirosbr/bigoilict/share/BigOil/document_generator/datasets/documents_2021_12_28/38tab01_20211228_170132_7799130235_600_800.png,38tab01_20211228_170132_7799130235_600_800_mask.png,julho
11,5,22,11,403,237,425,248,403,237,425,237,425,248,403,248,sub_line_text,table_text,table_2,times,bold,9.0,38tab01_20211228_170132_7799130235_600_800.png,/scratch/parceirosbr/bigoilict/share/BigOil/document_generator/datasets/documents_2021_12_28/38tab01_20211228_170132_7799130235_600_800.png,38tab01_20211228_170132_7799130235_600_800_mask.png,julho
8,5,17,11,406,251,423,262,406,251,423,251,423,262,406,262,text,table_text,table_2,times,regular,9.0,38tab01_20211228_170132_7799130235_600_800.png,/scratch/parceirosbr/bigoilict/share/BigOil/document_generator/datasets/documents_2021_12_28/38tab01_20211228_170132_7799130235_600_800.png,38tab01_20211228_170132_7799130235_600_800_mask.png,22.0
8,5,17,11,406,251,423,262,406,251,423,251,423,262,406,262,sub_line_text,table_text,table_2,times,regular,9.0,38tab01_20211228_170132_7799130235_600_800.png,/scratch/parceirosbr/bigoilict/share/BigOil/document_generator/datasets/documents_2021_12_28/38tab01_20211228_170132_7799130235_600_800.png,38tab01_20211228_170132_7799130235_600_800_mask.png,22.0
11,5,22,11,403,265,425,276,403,265,425,265,425,276,403,276,text,table_text,table_2,times,regular,9.0,38tab01_20211228_170132_7799130235_600_800.png,/scratch/parceirosbr/bigoilict/share/BigOil/document_generator/datasets/documents_2021_12_28/38tab01_20211228_170132_7799130235_600_800.png,38tab01_20211228_170132_7799130235_600_800_mask.png,886.1
11,5,22,11,403,265,425,276,403,265,425,265,425,276,403,276,sub_line_text,table_text,table_2,times,regular,9.0,38tab01_20211228_170132_7799130235_600_800.png,/scratch/parceirosbr/bigoilict/share/BigOil/document_generator/datasets/documents_2021_12_28/38tab01_20211228_170132_7799130235_600_800.png,38tab01_20211228_170132_7799130235_600_800_mask.png,886.1
8,5,17,11,406,279,423,290,406,279,423,279,423,290,406,290,text,table_text,table_2,times,regular,9.0,38tab01_20211228_170132_7799130235_600_800.png,/scratch/parceirosbr/bigoilict/share/BigOil/document_generator/datasets/documents_2021_12_28/38tab01_20211228_170132_7799130235_600_800.png,38tab01_20211228_170132_7799130235_600_800_mask.png,33.3
8,5,17,11,406,279,423,290,406,279,423,279,423,290,406,290,sub_line_text,table_text,table_2,times,regular,9.0,38tab01_20211228_170132_7799130235_600_800.png,/scratch/parceirosbr/bigoilict/share/BigOil/document_generator/datasets/documents_2021_12_28/38tab01_20211228_170132_7799130235_600_800.png,38tab01_20211228_170132_7799130235_600_800_mask.png,33.3
8,5,17,11,406,300,423,311,406,300,423,300,423,311,406,311,text,table_text,table_2,times,regular,9.0,38tab01_20211228_170132_7799130235_600_800.png,/scratch/parceirosbr/bigoilict/share/BigOil/document_generator/datasets/documents_2021_12_28/38tab01_20211228_170132_7799130235_600_800.png,38tab01_20211228_170132_7799130235_600_800_mask.png,15.5
8,5,17,11,406,300,423,311,406,300,423,300,423,311,406,311,sub_line_text,table_text,table_2,times,regular,9.0,38tab01_20211228_170132_7799130235_600_800.png,/scratch/parceirosbr/bigoilict/share/BigOil/document_generator/datasets/documents_2021_12_28/38tab01_20211228_170132_7799130235_600_800.png,38tab01_20211228_170132_7799130235_600_800_mask.png,15.5
8,5,17,11,406,314,423,325,406,314,423,314,423,325,406,325,text,table_text,table_2,times,regular,9.0,38tab01_20211228_170132_7799130235_600_800.png,/scratch/parceirosbr/bigoilict/share/BigOil/document_generator/datasets/documents_2021_12_28/38tab01_20211228_170132_7799130235_600_800.png,38tab01_20211228_170132_7799130235_600_800_mask.png,54.7
8,5,17,11,406,314,423,325,406,314,423,314,423,325,406,325,sub_line_text,table_text,table_2,times,regular,9.0,38tab01_20211228_170132_7799130235_600_800.png,/scratch/parceirosbr/bigoilict/share/BigOil/document_generator/datasets/documents_2021_12_28/38tab01_20211228_170132_7799130235_600_800.png,38tab01_20211228_170132_7799130235_600_800_mask.png,54.7
8,5,17,11,406,342,423,353,406,342,423,342,423,353,406,353,text,table_text,table_2,times,regular,9.0,38tab01_20211228_170132_7799130235_600_800.png,/scratch/parceirosbr/bigoilict/share/BigOil/document_generator/datasets/documents_2021_12_28/38tab01_20211228_170132_7799130235_600_800.png,38tab01_20211228_170132_7799130235_600_800_mask.png,14.0
8,5,17,11,406,342,423,353,406,342,423,342,423,353,406,353,sub_line_text,table_text,table_2,times,regular,9.0,38tab01_20211228_170132_7799130235_600_800.png,/scratch/parceirosbr/bigoilict/share/BigOil/document_generator/datasets/documents_2021_12_28/38tab01_20211228_170132_7799130235_600_800.png,38tab01_20211228_170132_7799130235_600_800_mask.png,14.0
13,5,26,11,479,237,505,248,479,237,505,237,505,248,479,248,text,table_text,table_2,times,bold,9.0,38tab01_20211228_170132_7799130235_600_800.png,/scratch/parceirosbr/bigoilict/share/BigOil/document_generator/datasets/documents_2021_12_28/38tab01_20211228_170132_7799130235_600_800.png,38tab01_20211228_170132_7799130235_600_800_mask.png,global
13,5,26,11,479,237,505,248,479,237,505,237,505,248,479,248,sub_line_text,table_text,table_2,times,bold,9.0,38tab01_20211228_170132_7799130235_600_800.png,/scratch/parceirosbr/bigoilict/share/BigOil/document_generator/datasets/documents_2021_12_28/38tab01_20211228_170132_7799130235_600_800.png,38tab01_20211228_170132_7799130235_600_800_mask.png,global
11,5,22,11,481,251,503,262,481,251,503,251,503,262,481,262,text,table_text,table_2,times,regular,9.0,38tab01_20211228_170132_7799130235_600_800.png,/scratch/parceirosbr/bigoilict/share/BigOil/document_generator/datasets/documents_2021_12_28/38tab01_20211228_170132_7799130235_600_800.png,38tab01_20211228_170132_7799130235_600_800_mask.png,64.45
11,5,22,11,481,251,503,262,481,251,503,251,503,262,481,262,sub_line_text,table_text,table_2,times,regular,9.0,38tab01_20211228_170132_7799130235_600_800.png,/scratch/parceirosbr/bigoilict/share/BigOil/document_generator/datasets/documents_2021_12_28/38tab01_20211228_170132_7799130235_600_800.png,38tab01_20211228_170132_7799130235_600_800_mask.png,64.45
13,5,27,11,479,265,506,276,479,265,506,265,506,276,479,276,text,table_text,table_2,times,regular,9.0,38tab01_20211228_170132_7799130235_600_800.png,/scratch/parceirosbr/bigoilict/share/BigOil/document_generator/datasets/documents_2021_12_28/38tab01_20211228_170132_7799130235_600_800.png,38tab01_20211228_170132_7799130235_600_800_mask.png,712.55
13,5,27,11,479,265,506,276,479,265,506,265,506,276,479,276,sub_line_text,table_text,table_2,times,regular,9.0,38tab01_20211228_170132_7799130235_600_800.png,/scratch/parceirosbr/bigoilict/share/BigOil/document_generator/datasets/documents_2021_12_28/38tab01_20211228_170132_7799130235_600_800.png,38tab01_20211228_170132_7799130235_600_800_mask.png,712.55
13,5,27,11,479,279,506,290,479,279,506,279,506,290,479,290,text,table_text,table_2,times,regular,9.0,38tab01_20211228_170132_7799130235_600_800.png,/scratch/parceirosbr/bigoilict/share/BigOil/document_generator/datasets/documents_2021_12_28/38tab01_20211228_170132_7799130235_600_800.png,38tab01_20211228_170132_7799130235_600_800_mask.png,763.84
13,5,27,11,479,279,506,290,479,279,506,279,506,290,479,290,sub_line_text,table_text,table_2,times,regular,9.0,38tab01_20211228_170132_7799130235_600_800.png,/scratch/parceirosbr/bigoilict/share/BigOil/document_generator/datasets/documents_2021_12_28/38tab01_20211228_170132_7799130235_600_800.png,38tab01_20211228_170132_7799130235_600_800_mask.png,763.84
8,5,17,11,484,300,501,311,484,300,501,300,501,311,484,311,text,table_text,table_2,times,regular,9.0,38tab01_20211228_170132_7799130235_600_800.png,/scratch/parceirosbr/bigoilict/share/BigOil/document_generator/datasets/documents_2021_12_28/38tab01_20211228_170132_7799130235_600_800.png,38tab01_20211228_170132_7799130235_600_800_mask.png,9.94
8,5,17,11,484,300,501,311,484,300,501,300,501,311,484,311,sub_line_text,table_text,table_2,times,regular,9.0,38tab01_20211228_170132_7799130235_600_800.png,/scratch/parceirosbr/bigoilict/share/BigOil/document_generator/datasets/documents_2021_12_28/38tab01_20211228_170132_7799130235_600_800.png,38tab01_20211228_170132_7799130235_600_800_mask.png,9.94
13,5,27,11,479,314,506,325,479,314,506,314,506,325,479,325,text,table_text,table_2,times,regular,9.0,38tab01_20211228_170132_7799130235_600_800.png,/scratch/parceirosbr/bigoilict/share/BigOil/document_generator/datasets/documents_2021_12_28/38tab01_20211228_170132_7799130235_600_800.png,38tab01_20211228_170132_7799130235_600_800_mask.png,239.87
13,5,27,11,479,314,506,325,479,314,506,314,506,325,479,325,sub_line_text,table_text,table_2,times,regular,9.0,38tab01_20211228_170132_7799130235_600_800.png,/scratch/parceirosbr/bigoilict/share/BigOil/document_generator/datasets/documents_2021_12_28/38tab01_20211228_170132_7799130235_600_800.png,38tab01_20211228_170132_7799130235_600_800_mask.png,239.87
13,5,27,11,479,342,506,353,479,342,506,342,506,353,479,353,text,table_text,table_2,times,regular,9.0,38tab01_20211228_170132_7799130235_600_800.png,/scratch/parceirosbr/bigoilict/share/BigOil/document_generator/datasets/documents_2021_12_28/38tab01_20211228_170132_7799130235_600_800.png,38tab01_20211228_170132_7799130235_600_800_mask.png,424.78
13,5,27,11,479,342,506,353,479,342,506,342,506,353,479,353,sub_line_text,table_text,table_2,times,regular,9.0,38tab01_20211228_170132_7799130235_600_800.png,/scratch/parceirosbr/bigoilict/share/BigOil/document_generator/datasets/documents_2021_12_28/38tab01_20211228_170132_7799130235_600_800.png,38tab01_20211228_170132_7799130235_600_800_mask.png,424.78
121,7,242,15,63,355,305,370,63,355,305,355,305,370,63,370,sub_line_text,subtitle,subtitle_1,times,italic,13,38tab01_20211228_170132_7799130235_600_800.png,/scratch/parceirosbr/bigoilict/share/BigOil/document_generator/datasets/documents_2021_12_28/38tab01_20211228_170132_7799130235_600_800.png,38tab01_20211228_170132_7799130235_600_800_mask.png,To absence these values contracts (reference
121,7,242,15,63,355,305,370,63,355,305,355,305,370,63,370,title,subtitle,subtitle_1,times,italic,13,38tab01_20211228_170132_7799130235_600_800.png,/scratch/parceirosbr/bigoilict/share/BigOil/document_generator/datasets/documents_2021_12_28/38tab01_20211228_170132_7799130235_600_800.png,38tab01_20211228_170132_7799130235_600_800_mask.png,nan
245,132,490,264,63,378,553,642,63,378,553,378,553,642,63,642,table,table_image,table_4,times,regular,9.0,38tab01_20211228_170132_7799130235_600_800.png,/scratch/parceirosbr/bigoilict/share/BigOil/document_generator/datasets/documents_2021_12_28/38tab01_20211228_170132_7799130235_600_800.png,38tab01_20211228_170132_7799130235_600_800_mask.png,nan
14,5,28,11,131,382,159,393,131,382,159,382,159,393,131,393,text,table_text,table_4,times,bold,9.0,38tab01_20211228_170132_7799130235_600_800.png,/scratch/parceirosbr/bigoilict/share/BigOil/document_generator/datasets/documents_2021_12_28/38tab01_20211228_170132_7799130235_600_800.png,38tab01_20211228_170132_7799130235_600_800_mask.png,muitas
14,5,28,11,131,382,159,393,131,382,159,382,159,393,131,393,sub_line_text,table_text,table_4,times,bold,9.0,38tab01_20211228_170132_7799130235_600_800.png,/scratch/parceirosbr/bigoilict/share/BigOil/document_generator/datasets/documents_2021_12_28/38tab01_20211228_170132_7799130235_600_800.png,38tab01_20211228_170132_7799130235_600_800_mask.png,muitas
15,5,31,11,129,394,160,405,129,394,160,394,160,405,129,405,text,table_text,table_4,times,bold,9.0,38tab01_20211228_170132_7799130235_600_800.png,/scratch/parceirosbr/bigoilict/share/BigOil/document_generator/datasets/documents_2021_12_28/38tab01_20211228_170132_7799130235_600_800.png,38tab01_20211228_170132_7799130235_600_800_mask.png,concede
15,5,31,11,129,394,160,405,129,394,160,394,160,405,129,405,sub_line_text,table_text,table_4,times,bold,9.0,38tab01_20211228_170132_7799130235_600_800.png,/scratch/parceirosbr/bigoilict/share/BigOil/document_generator/datasets/documents_2021_12_28/38tab01_20211228_170132_7799130235_600_800.png,38tab01_20211228_170132_7799130235_600_800_mask.png,concede
14,5,29,11,131,466,160,477,131,466,160,466,160,477,131,477,text,table_text,table_4,times,regular,9.0,38tab01_20211228_170132_7799130235_600_800.png,/scratch/parceirosbr/bigoilict/share/BigOil/document_generator/datasets/documents_2021_12_28/38tab01_20211228_170132_7799130235_600_800.png,38tab01_20211228_170132_7799130235_600_800_mask.png,decisão
14,5,29,11,131,466,160,477,131,466,160,466,160,477,131,477,sub_line_text,table_text,table_4,times,regular,9.0,38tab01_20211228_170132_7799130235_600_800.png,/scratch/parceirosbr/bigoilict/share/BigOil/document_generator/datasets/documents_2021_12_28/38tab01_20211228_170132_7799130235_600_800.png,38tab01_20211228_170132_7799130235_600_800_mask.png,decisão
8,5,16,11,137,497,153,508,137,497,153,497,153,508,137,508,text,table_text,table_4,times,regular,9.0,38tab01_20211228_170132_7799130235_600_800.png,/scratch/parceirosbr/bigoilict/share/BigOil/document_generator/datasets/documents_2021_12_28/38tab01_20211228_170132_7799130235_600_800.png,38tab01_20211228_170132_7799130235_600_800_mask.png,vem
8,5,16,11,137,497,153,508,137,497,153,497,153,508,137,508,sub_line_text,table_text,table_4,times,regular,9.0,38tab01_20211228_170132_7799130235_600_800.png,/scratch/parceirosbr/bigoilict/share/BigOil/document_generator/datasets/documents_2021_12_28/38tab01_20211228_170132_7799130235_600_800.png,38tab01_20211228_170132_7799130235_600_800_mask.png,vem
8,5,16,11,137,537,153,548,137,537,153,537,153,548,137,548,text,table_text,table_4,times,regular,9.0,38tab01_20211228_170132_7799130235_600_800.png,/scratch/parceirosbr/bigoilict/share/BigOil/document_generator/datasets/documents_2021_12_28/38tab01_20211228_170132_7799130235_600_800.png,38tab01_20211228_170132_7799130235_600_800_mask.png,data
8,5,16,11,137,537,153,548,137,537,153,537,153,548,137,548,sub_line_text,table_text,table_4,times,regular,9.0,38tab01_20211228_170132_7799130235_600_800.png,/scratch/parceirosbr/bigoilict/share/BigOil/document_generator/datasets/documents_2021_12_28/38tab01_20211228_170132_7799130235_600_800.png,38tab01_20211228_170132_7799130235_600_800_mask.png,data
16,5,33,11,129,577,162,588,129,577,162,577,162,588,129,588,text,table_text,table_4,times,regular,9.0,38tab01_20211228_170132_7799130235_600_800.png,/scratch/parceirosbr/bigoilict/share/BigOil/document_generator/datasets/documents_2021_12_28/38tab01_20211228_170132_7799130235_600_800.png,38tab01_20211228_170132_7799130235_600_800_mask.png,afetando
16,5,33,11,129,577,162,588,129,577,162,577,162,588,129,588,sub_line_text,table_text,table_4,times,regular,9.0,38tab01_20211228_170132_7799130235_600_800.png,/scratch/parceirosbr/bigoilict/share/BigOil/document_generator/datasets/documents_2021_12_28/38tab01_20211228_170132_7799130235_600_800.png,38tab01_20211228_170132_7799130235_600_800_mask.png,afetando
18,5,37,11,127,624,164,635,127,624,164,624,164,635,127,635,text,table_text,table_4,times,regular,9.0,38tab01_20211228_170132_7799130235_600_800.png,/scratch/parceirosbr/bigoilict/share/BigOil/document_generator/datasets/documents_2021_12_28/38tab01_20211228_170132_7799130235_600_800.png,38tab01_20211228_170132_7799130235_600_800_mask.png,comercial
18,5,37,11,127,624,164,635,127,624,164,624,164,635,127,635,sub_line_text,table_text,table_4,times,regular,9.0,38tab01_20211228_170132_7799130235_600_800.png,/scratch/parceirosbr/bigoilict/share/BigOil/document_generator/datasets/documents_2021_12_28/38tab01_20211228_170132_7799130235_600_800.png,38tab01_20211228_170132_7799130235_600_800_mask.png,comercial
15,5,31,11,251,382,282,393,251,382,282,382,282,393,251,393,text,table_text,table_4,times,bold,9.0,38tab01_20211228_170132_7799130235_600_800.png,/scratch/parceirosbr/bigoilict/share/BigOil/document_generator/datasets/documents_2021_12_28/38tab01_20211228_170132_7799130235_600_800.png,38tab01_20211228_170132_7799130235_600_800_mask.png,elevado
15,5,31,11,251,382,282,393,251,382,282,382,282,393,251,393,sub_line_text,table_text,table_4,times,bold,9.0,38tab01_20211228_170132_7799130235_600_800.png,/scratch/parceirosbr/bigoilict/share/BigOil/document_generator/datasets/documents_2021_12_28/38tab01_20211228_170132_7799130235_600_800.png,38tab01_20211228_170132_7799130235_600_800_mask.png,elevado
26,5,53,11,240,394,293,405,240,394,293,394,293,405,240,405,text,table_text,table_4,times,bold,9.0,38tab01_20211228_170132_7799130235_600_800.png,/scratch/parceirosbr/bigoilict/share/BigOil/document_generator/datasets/documents_2021_12_28/38tab01_20211228_170132_7799130235_600_800.png,38tab01_20211228_170132_7799130235_600_800_mask.png,concentração
26,5,53,11,240,394,293,405,240,394,293,394,293,405,240,405,sub_line_text,table_text,table_4,times,bold,9.0,38tab01_20211228_170132_7799130235_600_800.png,/scratch/parceirosbr/bigoilict/share/BigOil/document_generator/datasets/documents_2021_12_28/38tab01_20211228_170132_7799130235_600_800.png,38tab01_20211228_170132_7799130235_600_800_mask.png,concentração
13,5,27,11,253,417,280,428,253,417,280,417,280,428,253,428,text,table_text,table_4,times,regular,9.0,38tab01_20211228_170132_7799130235_600_800.png,/scratch/parceirosbr/bigoilict/share/BigOil/document_generator/datasets/documents_2021_12_28/38tab01_20211228_170132_7799130235_600_800.png,38tab01_20211228_170132_7799130235_600_800_mask.png,47.986
13,5,27,11,253,417,280,428,253,417,280,417,280,428,253,428,sub_line_text,table_text,table_4,times,regular,9.0,38tab01_20211228_170132_7799130235_600_800.png,/scratch/parceirosbr/bigoilict/share/BigOil/document_generator/datasets/documents_2021_12_28/38tab01_20211228_170132_7799130235_600_800.png,38tab01_20211228_170132_7799130235_600_800_mask.png,47.986
16,5,32,11,251,466,283,477,251,466,283,466,283,477,251,477,text,table_text,table_4,times,regular,9.0,38tab01_20211228_170132_7799130235_600_800.png,/scratch/parceirosbr/bigoilict/share/BigOil/document_generator/datasets/documents_2021_12_28/38tab01_20211228_170132_7799130235_600_800.png,38tab01_20211228_170132_7799130235_600_800_mask.png,190.343
16,5,32,11,251,466,283,477,251,466,283,466,283,477,251,477,sub_line_text,table_text,table_4,times,regular,9.0,38tab01_20211228_170132_7799130235_600_800.png,/scratch/parceirosbr/bigoilict/share/BigOil/document_generator/datasets/documents_2021_12_28/38tab01_20211228_170132_7799130235_600_800.png,38tab01_20211228_170132_7799130235_600_800_mask.png,190.343
16,5,32,11,251,497,283,508,251,497,283,497,283,508,251,508,text,table_text,table_4,times,regular,9.0,38tab01_20211228_170132_7799130235_600_800.png,/scratch/parceirosbr/bigoilict/share/BigOil/document_generator/datasets/documents_2021_12_28/38tab01_20211228_170132_7799130235_600_800.png,38tab01_20211228_170132_7799130235_600_800_mask.png,326.858
16,5,32,11,251,497,283,508,251,497,283,497,283,508,251,508,sub_line_text,table_text,table_4,times,regular,9.0,38tab01_20211228_170132_7799130235_600_800.png,/scratch/parceirosbr/bigoilict/share/BigOil/document_generator/datasets/documents_2021_12_28/38tab01_20211228_170132_7799130235_600_800.png,38tab01_20211228_170132_7799130235_600_800_mask.png,326.858
16,5,32,11,251,537,283,548,251,537,283,537,283,548,251,548,text,table_text,table_4,times,regular,9.0,38tab01_20211228_170132_7799130235_600_800.png,/scratch/parceirosbr/bigoilict/share/BigOil/document_generator/datasets/documents_2021_12_28/38tab01_20211228_170132_7799130235_600_800.png,38tab01_20211228_170132_7799130235_600_800_mask.png,483.761
16,5,32,11,251,537,283,548,251,537,283,537,283,548,251,548,sub_line_text,table_text,table_4,times,regular,9.0,38tab01_20211228_170132_7799130235_600_800.png,/scratch/parceirosbr/bigoilict/share/BigOil/document_generator/datasets/documents_2021_12_28/38tab01_20211228_170132_7799130235_600_800.png,38tab01_20211228_170132_7799130235_600_800_mask.png,483.761
11,5,22,11,255,577,277,588,255,577,277,577,277,588,255,588,text,table_text,table_4,times,regular,9.0,38tab01_20211228_170132_7799130235_600_800.png,/scratch/parceirosbr/bigoilict/share/BigOil/document_generator/datasets/documents_2021_12_28/38tab01_20211228_170132_7799130235_600_800.png,38tab01_20211228_170132_7799130235_600_800_mask.png,7.172
11,5,22,11,255,577,277,588,255,577,277,577,277,588,255,588,sub_line_text,table_text,table_4,times,regular,9.0,38tab01_20211228_170132_7799130235_600_800.png,/scratch/parceirosbr/bigoilict/share/BigOil/document_generator/datasets/documents_2021_12_28/38tab01_20211228_170132_7799130235_600_800.png,38tab01_20211228_170132_7799130235_600_800_mask.png,7.172
16,5,32,11,251,624,283,635,251,624,283,624,283,635,251,635,text,table_text,table_4,times,regular,9.0,38tab01_20211228_170132_7799130235_600_800.png,/scratch/parceirosbr/bigoilict/share/BigOil/document_generator/datasets/documents_2021_12_28/38tab01_20211228_170132_7799130235_600_800.png,38tab01_20211228_170132_7799130235_600_800_mask.png,975.622
16,5,32,11,251,624,283,635,251,624,283,624,283,635,251,635,sub_line_text,table_text,table_4,times,regular,9.0,38tab01_20211228_170132_7799130235_600_800.png,/scratch/parceirosbr/bigoilict/share/BigOil/document_generator/datasets/documents_2021_12_28/38tab01_20211228_170132_7799130235_600_800.png,38tab01_20211228_170132_7799130235_600_800_mask.png,975.622
25,5,51,11,321,382,372,393,321,382,372,382,372,393,321,393,text,table_text,table_4,times,bold,9.0,38tab01_20211228_170132_7799130235_600_800.png,/scratch/parceirosbr/bigoilict/share/BigOil/document_generator/datasets/documents_2021_12_28/38tab01_20211228_170132_7799130235_600_800.png,38tab01_20211228_170132_7799130235_600_800_mask.png,inadequação
25,5,51,11,321,382,372,393,321,382,372,382,372,393,321,393,sub_line_text,table_text,table_4,times,bold,9.0,38tab01_20211228_170132_7799130235_600_800.png,/scratch/parceirosbr/bigoilict/share/BigOil/document_generator/datasets/documents_2021_12_28/38tab01_20211228_170132_7799130235_600_800.png,38tab01_20211228_170132_7799130235_600_800_mask.png,inadequação
8,5,16,11,339,394,355,405,339,394,355,394,355,405,339,405,text,table_text,table_4,times,bold,9.0,38tab01_20211228_170132_7799130235_600_800.png,/scratch/parceirosbr/bigoilict/share/BigOil/document_generator/datasets/documents_2021_12_28/38tab01_20211228_170132_7799130235_600_800.png,38tab01_20211228_170132_7799130235_600_800_mask.png,sem
8,5,16,11,339,394,355,405,339,394,355,394,355,405,339,405,sub_line_text,table_text,table_4,times,bold,9.0,38tab01_20211228_170132_7799130235_600_800.png,/scratch/parceirosbr/bigoilict/share/BigOil/document_generator/datasets/documents_2021_12_28/38tab01_20211228_170132_7799130235_600_800.png,38tab01_20211228_170132_7799130235_600_800_mask.png,sem
12,5,24,11,335,417,359,428,335,417,359,417,359,428,335,428,text,table_text,table_4,times,regular,9.0,38tab01_20211228_170132_7799130235_600_800.png,/scratch/parceirosbr/bigoilict/share/BigOil/document_generator/datasets/documents_2021_12_28/38tab01_20211228_170132_7799130235_600_800.png,38tab01_20211228_170132_7799130235_600_800_mask.png,fatode
12,5,24,11,335,417,359,428,335,417,359,417,359,428,335,428,sub_line_text,table_text,table_4,times,regular,9.0,38tab01_20211228_170132_7799130235_600_800.png,/scratch/parceirosbr/bigoilict/share/BigOil/document_generator/datasets/documents_2021_12_28/38tab01_20211228_170132_7799130235_600_800.png,38tab01_20211228_170132_7799130235_600_800_mask.png,fatode
23,5,46,11,323,466,369,477,323,466,369,466,369,477,323,477,text,table_text,table_4,times,regular,9.0,38tab01_20211228_170132_7799130235_600_800.png,/scratch/parceirosbr/bigoilict/share/BigOil/document_generator/datasets/documents_2021_12_28/38tab01_20211228_170132_7799130235_600_800.png,38tab01_20211228_170132_7799130235_600_800_mask.png,alternativos
23,5,46,11,323,466,369,477,323,466,369,466,369,477,323,477,sub_line_text,table_text,table_4,times,regular,9.0,38tab01_20211228_170132_7799130235_600_800.png,/scratch/parceirosbr/bigoilict/share/BigOil/document_generator/datasets/documents_2021_12_28/38tab01_20211228_170132_7799130235_600_800.png,38tab01_20211228_170132_7799130235_600_800_mask.png,alternativos
10,5,21,11,336,497,357,508,336,497,357,497,357,508,336,508,text,table_text,table_4,times,regular,9.0,38tab01_20211228_170132_7799130235_600_800.png,/scratch/parceirosbr/bigoilict/share/BigOil/document_generator/datasets/documents_2021_12_28/38tab01_20211228_170132_7799130235_600_800.png,38tab01_20211228_170132_7799130235_600_800_mask.png,nesse
10,5,21,11,336,497,357,508,336,497,357,497,357,508,336,508,sub_line_text,table_text,table_4,times,regular,9.0,38tab01_20211228_170132_7799130235_600_800.png,/scratch/parceirosbr/bigoilict/share/BigOil/document_generator/datasets/documents_2021_12_28/38tab01_20211228_170132_7799130235_600_800.png,38tab01_20211228_170132_7799130235_600_800_mask.png,nesse
12,5,24,11,335,537,359,548,335,537,359,537,359,548,335,548,text,table_text,table_4,times,regular,9.0,38tab01_20211228_170132_7799130235_600_800.png,/scratch/parceirosbr/bigoilict/share/BigOil/document_generator/datasets/documents_2021_12_28/38tab01_20211228_170132_7799130235_600_800.png,38tab01_20211228_170132_7799130235_600_800_mask.png,etanol
12,5,24,11,335,537,359,548,335,537,359,537,359,548,335,548,sub_line_text,table_text,table_4,times,regular,9.0,38tab01_20211228_170132_7799130235_600_800.png,/scratch/parceirosbr/bigoilict/share/BigOil/document_generator/datasets/documents_2021_12_28/38tab01_20211228_170132_7799130235_600_800.png,38tab01_20211228_170132_7799130235_600_800_mask.png,etanol
16,5,32,11,331,577,363,588,331,577,363,577,363,588,331,588,text,table_text,table_4,times,regular,9.0,38tab01_20211228_170132_7799130235_600_800.png,/scratch/parceirosbr/bigoilict/share/BigOil/document_generator/datasets/documents_2021_12_28/38tab01_20211228_170132_7799130235_600_800.png,38tab01_20211228_170132_7799130235_600_800_mask.png,medidas
16,5,32,11,331,577,363,588,331,577,363,577,363,588,331,588,sub_line_text,table_text,table_4,times,regular,9.0,38tab01_20211228_170132_7799130235_600_800.png,/scratch/parceirosbr/bigoilict/share/BigOil/document_generator/datasets/documents_2021_12_28/38tab01_20211228_170132_7799130235_600_800.png,38tab01_20211228_170132_7799130235_600_800_mask.png,medidas
15,5,31,11,331,624,362,635,331,624,362,624,362,635,331,635,text,table_text,table_4,times,regular,9.0,38tab01_20211228_170132_7799130235_600_800.png,/scratch/parceirosbr/bigoilict/share/BigOil/document_generator/datasets/documents_2021_12_28/38tab01_20211228_170132_7799130235_600_800.png,38tab01_20211228_170132_7799130235_600_800_mask.png,concede
15,5,31,11,331,624,362,635,331,624,362,624,362,635,331,635,sub_line_text,table_text,table_4,times,regular,9.0,38tab01_20211228_170132_7799130235_600_800.png,/scratch/parceirosbr/bigoilict/share/BigOil/document_generator/datasets/documents_2021_12_28/38tab01_20211228_170132_7799130235_600_800.png,38tab01_20211228_170132_7799130235_600_800_mask.png,concede
7,5,15,11,420,382,435,393,420,382,435,382,435,393,420,393,text,table_text,table_4,times,bold,9.0,38tab01_20211228_170132_7799130235_600_800.png,/scratch/parceirosbr/bigoilict/share/BigOil/document_generator/datasets/documents_2021_12_28/38tab01_20211228_170132_7799130235_600_800.png,38tab01_20211228_170132_7799130235_600_800_mask.png,tem
7,5,15,11,420,382,435,393,420,382,435,382,435,393,420,393,sub_line_text,table_text,table_4,times,bold,9.0,38tab01_20211228_170132_7799130235_600_800.png,/scratch/parceirosbr/bigoilict/share/BigOil/document_generator/datasets/documents_2021_12_28/38tab01_20211228_170132_7799130235_600_800.png,38tab01_20211228_170132_7799130235_600_800_mask.png,tem
24,5,49,11,403,394,452,405,403,394,452,394,452,405,403,405,text,table_text,table_4,times,bold,9.0,38tab01_20211228_170132_7799130235_600_800.png,/scratch/parceirosbr/bigoilict/share/BigOil/document_generator/datasets/documents_2021_12_28/38tab01_20211228_170132_7799130235_600_800.png,38tab01_20211228_170132_7799130235_600_800_mask.png,alternativos
24,5,49,11,403,394,452,405,403,394,452,394,452,405,403,405,sub_line_text,table_text,table_4,times,bold,9.0,38tab01_20211228_170132_7799130235_600_800.png,/scratch/parceirosbr/bigoilict/share/BigOil/document_generator/datasets/documents_2021_12_28/38tab01_20211228_170132_7799130235_600_800.png,38tab01_20211228_170132_7799130235_600_800_mask.png,alternativos
13,5,27,11,414,417,441,428,414,417,441,417,441,428,414,428,text,table_text,table_4,times,regular,9.0,38tab01_20211228_170132_7799130235_600_800.png,/scratch/parceirosbr/bigoilict/share/BigOil/document_generator/datasets/documents_2021_12_28/38tab01_20211228_170132_7799130235_600_800.png,38tab01_20211228_170132_7799130235_600_800_mask.png,43.431
13,5,27,11,414,417,441,428,414,417,441,417,441,428,414,428,sub_line_text,table_text,table_4,times,regular,9.0,38tab01_20211228_170132_7799130235_600_800.png,/scratch/parceirosbr/bigoilict/share/BigOil/document_generator/datasets/documents_2021_12_28/38tab01_20211228_170132_7799130235_600_800.png,38tab01_20211228_170132_7799130235_600_800_mask.png,43.431
13,5,27,11,414,466,441,477,414,466,441,466,441,477,414,477,text,table_text,table_4,times,regular,9.0,38tab01_20211228_170132_7799130235_600_800.png,/scratch/parceirosbr/bigoilict/share/BigOil/document_generator/datasets/documents_2021_12_28/38tab01_20211228_170132_7799130235_600_800.png,38tab01_20211228_170132_7799130235_600_800_mask.png,53.865
13,5,27,11,414,466,441,477,414,466,441,466,441,477,414,477,sub_line_text,table_text,table_4,times,regular,9.0,38tab01_20211228_170132_7799130235_600_800.png,/scratch/parceirosbr/bigoilict/share/BigOil/document_generator/datasets/documents_2021_12_28/38tab01_20211228_170132_7799130235_600_800.png,38tab01_20211228_170132_7799130235_600_800_mask.png,53.865
13,5,27,11,414,497,441,508,414,497,441,497,441,508,414,508,text,table_text,table_4,times,regular,9.0,38tab01_20211228_170132_7799130235_600_800.png,/scratch/parceirosbr/bigoilict/share/BigOil/document_generator/datasets/documents_2021_12_28/38tab01_20211228_170132_7799130235_600_800.png,38tab01_20211228_170132_7799130235_600_800_mask.png,13.511
13,5,27,11,414,497,441,508,414,497,441,497,441,508,414,508,sub_line_text,table_text,table_4,times,regular,9.0,38tab01_20211228_170132_7799130235_600_800.png,/scratch/parceirosbr/bigoilict/share/BigOil/document_generator/datasets/documents_2021_12_28/38tab01_20211228_170132_7799130235_600_800.png,38tab01_20211228_170132_7799130235_600_800_mask.png,13.511
13,5,27,11,414,537,441,548,414,537,441,537,441,548,414,548,text,table_text,table_4,times,regular,9.0,38tab01_20211228_170132_7799130235_600_800.png,/scratch/parceirosbr/bigoilict/share/BigOil/document_generator/datasets/documents_2021_12_28/38tab01_20211228_170132_7799130235_600_800.png,38tab01_20211228_170132_7799130235_600_800_mask.png,87.996
13,5,27,11,414,537,441,548,414,537,441,537,441,548,414,548,sub_line_text,table_text,table_4,times,regular,9.0,38tab01_20211228_170132_7799130235_600_800.png,/scratch/parceirosbr/bigoilict/share/BigOil/document_generator/datasets/documents_2021_12_28/38tab01_20211228_170132_7799130235_600_800.png,38tab01_20211228_170132_7799130235_600_800_mask.png,87.996
13,5,27,11,414,577,441,588,414,577,441,577,441,588,414,588,text,table_text,table_4,times,regular,9.0,38tab01_20211228_170132_7799130235_600_800.png,/scratch/parceirosbr/bigoilict/share/BigOil/document_generator/datasets/documents_2021_12_28/38tab01_20211228_170132_7799130235_600_800.png,38tab01_20211228_170132_7799130235_600_800_mask.png,33.356
13,5,27,11,414,577,441,588,414,577,441,577,441,588,414,588,sub_line_text,table_text,table_4,times,regular,9.0,38tab01_20211228_170132_7799130235_600_800.png,/scratch/parceirosbr/bigoilict/share/BigOil/document_generator/datasets/documents_2021_12_28/38tab01_20211228_170132_7799130235_600_800.png,38tab01_20211228_170132_7799130235_600_800_mask.png,33.356
16,5,32,11,411,624,443,635,411,624,443,624,443,635,411,635,text,table_text,table_4,times,regular,9.0,38tab01_20211228_170132_7799130235_600_800.png,/scratch/parceirosbr/bigoilict/share/BigOil/document_generator/datasets/documents_2021_12_28/38tab01_20211228_170132_7799130235_600_800.png,38tab01_20211228_170132_7799130235_600_800_mask.png,642.841
16,5,32,11,411,624,443,635,411,624,443,624,443,635,411,635,sub_line_text,table_text,table_4,times,regular,9.0,38tab01_20211228_170132_7799130235_600_800.png,/scratch/parceirosbr/bigoilict/share/BigOil/document_generator/datasets/documents_2021_12_28/38tab01_20211228_170132_7799130235_600_800.png,38tab01_20211228_170132_7799130235_600_800_mask.png,642.841
16,5,32,11,493,382,525,393,493,382,525,382,525,393,493,393,text,table_text,table_4,times,bold,9.0,38tab01_20211228_170132_7799130235_600_800.png,/scratch/parceirosbr/bigoilict/share/BigOil/document_generator/datasets/documents_2021_12_28/38tab01_20211228_170132_7799130235_600_800.png,38tab01_20211228_170132_7799130235_600_800_mask.png,mistura
16,5,32,11,493,382,525,393,493,382,525,382,525,393,493,393,sub_line_text,table_text,table_4,times,bold,9.0,38tab01_20211228_170132_7799130235_600_800.png,/scratch/parceirosbr/bigoilict/share/BigOil/document_generator/datasets/documents_2021_12_28/38tab01_20211228_170132_7799130235_600_800.png,38tab01_20211228_170132_7799130235_600_800_mask.png,mistura
8,5,16,11,501,394,517,405,501,394,517,394,517,405,501,405,text,table_text,table_4,times,bold,9.0,38tab01_20211228_170132_7799130235_600_800.png,/scratch/parceirosbr/bigoilict/share/BigOil/document_generator/datasets/documents_2021_12_28/38tab01_20211228_170132_7799130235_600_800.png,38tab01_20211228_170132_7799130235_600_800_mask.png,fase
8,5,16,11,501,394,517,405,501,394,517,394,517,405,501,405,sub_line_text,table_text,table_4,times,bold,9.0,38tab01_20211228_170132_7799130235_600_800.png,/scratch/parceirosbr/bigoilict/share/BigOil/document_generator/datasets/documents_2021_12_28/38tab01_20211228_170132_7799130235_600_800.png,38tab01_20211228_170132_7799130235_600_800_mask.png,fase
22,5,45,11,487,417,532,428,487,417,532,417,532,428,487,428,text,table_text,table_4,times,regular,9.0,38tab01_20211228_170132_7799130235_600_800.png,/scratch/parceirosbr/bigoilict/share/BigOil/document_generator/datasets/documents_2021_12_28/38tab01_20211228_170132_7799130235_600_800.png,38tab01_20211228_170132_7799130235_600_800_mask.png,350985735
22,5,45,11,487,417,532,428,487,417,532,417,532,428,487,428,sub_line_text,table_text,table_4,times,regular,9.0,38tab01_20211228_170132_7799130235_600_800.png,/scratch/parceirosbr/bigoilict/share/BigOil/document_generator/datasets/documents_2021_12_28/38tab01_20211228_170132_7799130235_600_800.png,38tab01_20211228_170132_7799130235_600_800_mask.png,350985735
22,5,45,11,487,466,532,477,487,466,532,466,532,477,487,477,text,table_text,table_4,times,regular,9.0,38tab01_20211228_170132_7799130235_600_800.png,/scratch/parceirosbr/bigoilict/share/BigOil/document_generator/datasets/documents_2021_12_28/38tab01_20211228_170132_7799130235_600_800.png,38tab01_20211228_170132_7799130235_600_800_mask.png,604078553
22,5,45,11,487,466,532,477,487,466,532,466,532,477,487,477,sub_line_text,table_text,table_4,times,regular,9.0,38tab01_20211228_170132_7799130235_600_800.png,/scratch/parceirosbr/bigoilict/share/BigOil/document_generator/datasets/documents_2021_12_28/38tab01_20211228_170132_7799130235_600_800.png,38tab01_20211228_170132_7799130235_600_800_mask.png,604078553
15,5,30,11,494,497,524,508,494,497,524,497,524,508,494,508,text,table_text,table_4,times,regular,9.0,38tab01_20211228_170132_7799130235_600_800.png,/scratch/parceirosbr/bigoilict/share/BigOil/document_generator/datasets/documents_2021_12_28/38tab01_20211228_170132_7799130235_600_800.png,38tab01_20211228_170132_7799130235_600_800_mask.png,997122
15,5,30,11,494,497,524,508,494,497,524,497,524,508,494,508,sub_line_text,table_text,table_4,times,regular,9.0,38tab01_20211228_170132_7799130235_600_800.png,/scratch/parceirosbr/bigoilict/share/BigOil/document_generator/datasets/documents_2021_12_28/38tab01_20211228_170132_7799130235_600_800.png,38tab01_20211228_170132_7799130235_600_800_mask.png,997122
22,5,45,11,487,537,532,548,487,537,532,537,532,548,487,548,text,table_text,table_4,times,regular,9.0,38tab01_20211228_170132_7799130235_600_800.png,/scratch/parceirosbr/bigoilict/share/BigOil/document_generator/datasets/documents_2021_12_28/38tab01_20211228_170132_7799130235_600_800.png,38tab01_20211228_170132_7799130235_600_800_mask.png,478177460
22,5,45,11,487,537,532,548,487,537,532,537,532,548,487,548,sub_line_text,table_text,table_4,times,regular,9.0,38tab01_20211228_170132_7799130235_600_800.png,/scratch/parceirosbr/bigoilict/share/BigOil/document_generator/datasets/documents_2021_12_28/38tab01_20211228_170132_7799130235_600_800.png,38tab01_20211228_170132_7799130235_600_800_mask.png,478177460
15,5,30,11,494,577,524,588,494,577,524,577,524,588,494,588,text,table_text,table_4,times,regular,9.0,38tab01_20211228_170132_7799130235_600_800.png,/scratch/parceirosbr/bigoilict/share/BigOil/document_generator/datasets/documents_2021_12_28/38tab01_20211228_170132_7799130235_600_800.png,38tab01_20211228_170132_7799130235_600_800_mask.png,983517
15,5,30,11,494,577,524,588,494,577,524,577,524,588,494,588,sub_line_text,table_text,table_4,times,regular,9.0,38tab01_20211228_170132_7799130235_600_800.png,/scratch/parceirosbr/bigoilict/share/BigOil/document_generator/datasets/documents_2021_12_28/38tab01_20211228_170132_7799130235_600_800.png,38tab01_20211228_170132_7799130235_600_800_mask.png,983517
20,5,40,11,489,624,529,635,489,624,529,624,529,635,489,635,text,table_text,table_4,times,regular,9.0,38tab01_20211228_170132_7799130235_600_800.png,/scratch/parceirosbr/bigoilict/share/BigOil/document_generator/datasets/documents_2021_12_28/38tab01_20211228_170132_7799130235_600_800.png,38tab01_20211228_170132_7799130235_600_800_mask.png,40583196
20,5,40,11,489,624,529,635,489,624,529,624,529,635,489,635,sub_line_text,table_text,table_4,times,regular,9.0,38tab01_20211228_170132_7799130235_600_800.png,/scratch/parceirosbr/bigoilict/share/BigOil/document_generator/datasets/documents_2021_12_28/38tab01_20211228_170132_7799130235_600_800.png,38tab01_20211228_170132_7799130235_600_800_mask.png,40583196
