center_x,center_y,width,height,xmin,ymin,xmax,ymax,top_left_x,top_left_y,top_right_x,top_right_y,bottom_right_x,bottom_right_y,bottom_left_x,bottom_left_y,label,grouplabel,group,text_font,text_style,size_font,filename,path,filename_mask,content
300,400,600,800,0,0,600,800,0,0,600,0,600,800,0,800,document,,,,,,38tab01_20211228_170122_6469987473_600_800.png,/scratch/parceirosbr/bigoilict/share/BigOil/document_generator/datasets/documents_2021_12_28/38tab01_20211228_170122_6469987473_600_800.png,38tab01_20211228_170122_6469987473_600_800_mask.png,
235,46,471,93,72,57,543,150,72,57,543,57,543,150,72,150,table,header,table_0,courier,regular,9.0,38tab01_20211228_170122_6469987473_600_800.png,/scratch/parceirosbr/bigoilict/share/BigOil/document_generator/datasets/documents_2021_12_28/38tab01_20211228_170122_6469987473_600_800.png,38tab01_20211228_170122_6469987473_600_800_mask.png,nan
17,35,35,70,78,68,113,138,78,68,113,68,113,138,78,138,text,table_text,table_0,courier,italic,9.0,38tab01_20211228_170122_6469987473_600_800.png,/scratch/parceirosbr/bigoilict/share/BigOil/document_generator/datasets/documents_2021_12_28/38tab01_20211228_170122_6469987473_600_800.png,38tab01_20211228_170122_6469987473_600_800_mask.png,/scratch/parceirosbr/bigoilict/share/BigOil/document_generator/files_images_document_generator/logos\image_12.jpg
17,35,35,70,78,68,113,138,78,68,113,68,113,138,78,138,sub_line_text,table_text,table_0,courier,italic,9.0,38tab01_20211228_170122_6469987473_600_800.png,/scratch/parceirosbr/bigoilict/share/BigOil/document_generator/datasets/documents_2021_12_28/38tab01_20211228_170122_6469987473_600_800.png,38tab01_20211228_170122_6469987473_600_800_mask.png,/scratch/parceirosbr/bigoilict/share/BigOil/document_generator/files_images_document_generator/logos\image_12.jpg
24,6,49,12,168,59,217,71,168,59,217,59,217,71,168,71,text,table_text,table_0,courier,regular,11.0,38tab01_20211228_170122_6469987473_600_800.png,/scratch/parceirosbr/bigoilict/share/BigOil/document_generator/datasets/documents_2021_12_28/38tab01_20211228_170122_6469987473_600_800.png,38tab01_20211228_170122_6469987473_600_800_mask.png,análise
24,6,49,12,168,59,217,71,168,59,217,59,217,71,168,71,sub_line_text,table_text,table_0,courier,regular,11.0,38tab01_20211228_170122_6469987473_600_800.png,/scratch/parceirosbr/bigoilict/share/BigOil/document_generator/datasets/documents_2021_12_28/38tab01_20211228_170122_6469987473_600_800.png,38tab01_20211228_170122_6469987473_600_800_mask.png,análise
27,5,55,10,242,85,297,95,242,85,297,85,297,95,242,95,text,table_text,table_0,courier,regular,9.0,38tab01_20211228_170122_6469987473_600_800.png,/scratch/parceirosbr/bigoilict/share/BigOil/document_generator/datasets/documents_2021_12_28/38tab01_20211228_170122_6469987473_600_800.png,38tab01_20211228_170122_6469987473_600_800_mask.png,aquecimento
27,5,55,10,242,85,297,95,242,85,297,85,297,95,242,95,sub_line_text,table_text,table_0,courier,regular,9.0,38tab01_20211228_170122_6469987473_600_800.png,/scratch/parceirosbr/bigoilict/share/BigOil/document_generator/datasets/documents_2021_12_28/38tab01_20211228_170122_6469987473_600_800.png,38tab01_20211228_170122_6469987473_600_800_mask.png,aquecimento
10,2,20,5,122,111,142,116,122,111,142,111,142,116,122,116,text,table_text,table_0,courier,regular,4.0,38tab01_20211228_170122_6469987473_600_800.png,/scratch/parceirosbr/bigoilict/share/BigOil/document_generator/datasets/documents_2021_12_28/38tab01_20211228_170122_6469987473_600_800.png,38tab01_20211228_170122_6469987473_600_800_mask.png,diferentes
10,2,20,5,122,111,142,116,122,111,142,111,142,116,122,116,sub_line_text,table_text,table_0,courier,regular,4.0,38tab01_20211228_170122_6469987473_600_800.png,/scratch/parceirosbr/bigoilict/share/BigOil/document_generator/datasets/documents_2021_12_28/38tab01_20211228_170122_6469987473_600_800.png,38tab01_20211228_170122_6469987473_600_800_mask.png,diferentes
128,5,256,10,141,116,397,126,141,116,397,116,397,126,141,126,text,table_text,table_0,courier,bold,9.0,38tab01_20211228_170122_6469987473_600_800.png,/scratch/parceirosbr/bigoilict/share/BigOil/document_generator/datasets/documents_2021_12_28/38tab01_20211228_170122_6469987473_600_800.png,38tab01_20211228_170122_6469987473_600_800_mask.png,As moléculas que se orientam à interface do fluido 
128,5,256,10,141,116,397,126,141,116,397,116,397,126,141,126,sub_line_text,table_text,table_0,courier,bold,9.0,38tab01_20211228_170122_6469987473_600_800.png,/scratch/parceirosbr/bigoilict/share/BigOil/document_generator/datasets/documents_2021_12_28/38tab01_20211228_170122_6469987473_600_800.png,38tab01_20211228_170122_6469987473_600_800_mask.png,As moléculas que se orientam à interface do fluido 
10,5,21,10,258,127,279,137,258,127,279,127,279,137,258,137,text,table_text,table_0,courier,bold,9.0,38tab01_20211228_170122_6469987473_600_800.png,/scratch/parceirosbr/bigoilict/share/BigOil/document_generator/datasets/documents_2021_12_28/38tab01_20211228_170122_6469987473_600_800.png,38tab01_20211228_170122_6469987473_600_800_mask.png,data
10,5,21,10,258,127,279,137,258,127,279,127,279,137,258,137,sub_line_text,table_text,table_0,courier,bold,9.0,38tab01_20211228_170122_6469987473_600_800.png,/scratch/parceirosbr/bigoilict/share/BigOil/document_generator/datasets/documents_2021_12_28/38tab01_20211228_170122_6469987473_600_800.png,38tab01_20211228_170122_6469987473_600_800_mask.png,data
6,2,13,5,266,59,279,64,266,59,279,59,279,64,266,64,text,table_text,table_0,courier,bold,4.0,38tab01_20211228_170122_6469987473_600_800.png,/scratch/parceirosbr/bigoilict/share/BigOil/document_generator/datasets/documents_2021_12_28/38tab01_20211228_170122_6469987473_600_800.png,38tab01_20211228_170122_6469987473_600_800_mask.png,dessas
6,2,13,5,266,59,279,64,266,59,279,59,279,64,266,64,sub_line_text,table_text,table_0,courier,bold,4.0,38tab01_20211228_170122_6469987473_600_800.png,/scratch/parceirosbr/bigoilict/share/BigOil/document_generator/datasets/documents_2021_12_28/38tab01_20211228_170122_6469987473_600_800.png,38tab01_20211228_170122_6469987473_600_800_mask.png,dessas
20,5,40,10,357,64,397,74,357,64,397,64,397,74,357,74,text,table_text,table_0,courier,regular,9.0,38tab01_20211228_170122_6469987473_600_800.png,/scratch/parceirosbr/bigoilict/share/BigOil/document_generator/datasets/documents_2021_12_28/38tab01_20211228_170122_6469987473_600_800.png,38tab01_20211228_170122_6469987473_600_800_mask.png,partirde
20,5,40,10,357,64,397,74,357,64,397,64,397,74,357,74,sub_line_text,table_text,table_0,courier,regular,9.0,38tab01_20211228_170122_6469987473_600_800.png,/scratch/parceirosbr/bigoilict/share/BigOil/document_generator/datasets/documents_2021_12_28/38tab01_20211228_170122_6469987473_600_800.png,38tab01_20211228_170122_6469987473_600_800_mask.png,partirde
12,2,25,5,420,85,445,90,420,85,445,85,445,90,420,90,text,table_text,table_0,courier,regular,4.0,38tab01_20211228_170122_6469987473_600_800.png,/scratch/parceirosbr/bigoilict/share/BigOil/document_generator/datasets/documents_2021_12_28/38tab01_20211228_170122_6469987473_600_800.png,38tab01_20211228_170122_6469987473_600_800_mask.png,investimento
12,2,25,5,420,85,445,90,420,85,445,85,445,90,420,90,sub_line_text,table_text,table_0,courier,regular,4.0,38tab01_20211228_170122_6469987473_600_800.png,/scratch/parceirosbr/bigoilict/share/BigOil/document_generator/datasets/documents_2021_12_28/38tab01_20211228_170122_6469987473_600_800.png,38tab01_20211228_170122_6469987473_600_800_mask.png,investimento
15,5,30,10,465,90,495,100,465,90,495,90,495,100,465,100,text,table_text,table_0,courier,regular,9.0,38tab01_20211228_170122_6469987473_600_800.png,/scratch/parceirosbr/bigoilict/share/BigOil/document_generator/datasets/documents_2021_12_28/38tab01_20211228_170122_6469987473_600_800.png,38tab01_20211228_170122_6469987473_600_800_mask.png,medida
15,5,30,10,465,90,495,100,465,90,495,90,495,100,465,100,sub_line_text,table_text,table_0,courier,regular,9.0,38tab01_20211228_170122_6469987473_600_800.png,/scratch/parceirosbr/bigoilict/share/BigOil/document_generator/datasets/documents_2021_12_28/38tab01_20211228_170122_6469987473_600_800.png,38tab01_20211228_170122_6469987473_600_800_mask.png,medida
12,5,25,10,468,131,493,141,468,131,493,131,493,141,468,141,text,table_text,table_0,courier,regular,9.0,38tab01_20211228_170122_6469987473_600_800.png,/scratch/parceirosbr/bigoilict/share/BigOil/document_generator/datasets/documents_2021_12_28/38tab01_20211228_170122_6469987473_600_800.png,38tab01_20211228_170122_6469987473_600_800_mask.png,tanto
12,5,25,10,468,131,493,141,468,131,493,131,493,141,468,141,sub_line_text,table_text,table_0,courier,regular,9.0,38tab01_20211228_170122_6469987473_600_800.png,/scratch/parceirosbr/bigoilict/share/BigOil/document_generator/datasets/documents_2021_12_28/38tab01_20211228_170122_6469987473_600_800.png,38tab01_20211228_170122_6469987473_600_800_mask.png,tanto
9,2,19,5,492,59,511,64,492,59,511,59,511,64,492,64,text,table_text,table_0,courier,regular,4.0,38tab01_20211228_170122_6469987473_600_800.png,/scratch/parceirosbr/bigoilict/share/BigOil/document_generator/datasets/documents_2021_12_28/38tab01_20211228_170122_6469987473_600_800.png,38tab01_20211228_170122_6469987473_600_800_mask.png,realizado
9,2,19,5,492,59,511,64,492,59,511,59,511,64,492,64,sub_line_text,table_text,table_0,courier,regular,4.0,38tab01_20211228_170122_6469987473_600_800.png,/scratch/parceirosbr/bigoilict/share/BigOil/document_generator/datasets/documents_2021_12_28/38tab01_20211228_170122_6469987473_600_800.png,38tab01_20211228_170122_6469987473_600_800_mask.png,realizado
7,5,15,10,508,64,523,74,508,64,523,64,523,74,508,74,text,table_text,table_0,courier,regular,9.0,38tab01_20211228_170122_6469987473_600_800.png,/scratch/parceirosbr/bigoilict/share/BigOil/document_generator/datasets/documents_2021_12_28/38tab01_20211228_170122_6469987473_600_800.png,38tab01_20211228_170122_6469987473_600_800_mask.png,uso
7,5,15,10,508,64,523,74,508,64,523,64,523,74,508,74,sub_line_text,table_text,table_0,courier,regular,9.0,38tab01_20211228_170122_6469987473_600_800.png,/scratch/parceirosbr/bigoilict/share/BigOil/document_generator/datasets/documents_2021_12_28/38tab01_20211228_170122_6469987473_600_800.png,38tab01_20211228_170122_6469987473_600_800_mask.png,uso
235,30,471,60,72,646,543,706,72,646,543,646,543,706,72,706,table,footer,table_1,courier,regular,9.0,38tab01_20211228_170122_6469987473_600_800.png,/scratch/parceirosbr/bigoilict/share/BigOil/document_generator/datasets/documents_2021_12_28/38tab01_20211228_170122_6469987473_600_800.png,38tab01_20211228_170122_6469987473_600_800_mask.png,nan
65,5,130,10,83,648,213,658,83,648,213,648,213,658,83,658,text,table_text,table_1,courier,bold,9.0,38tab01_20211228_170122_6469987473_600_800.png,/scratch/parceirosbr/bigoilict/share/BigOil/document_generator/datasets/documents_2021_12_28/38tab01_20211228_170122_6469987473_600_800.png,38tab01_20211228_170122_6469987473_600_800_mask.png,"Entretanto, utilizando-se "
65,5,130,10,83,648,213,658,83,648,213,648,213,658,83,658,sub_line_text,table_text,table_1,courier,bold,9.0,38tab01_20211228_170122_6469987473_600_800.png,/scratch/parceirosbr/bigoilict/share/BigOil/document_generator/datasets/documents_2021_12_28/38tab01_20211228_170122_6469987473_600_800.png,38tab01_20211228_170122_6469987473_600_800_mask.png,"Entretanto, utilizando-se "
45,5,90,10,103,661,193,671,103,661,193,661,193,671,103,671,text,table_text,table_1,courier,regular,9.0,38tab01_20211228_170122_6469987473_600_800.png,/scratch/parceirosbr/bigoilict/share/BigOil/document_generator/datasets/documents_2021_12_28/38tab01_20211228_170122_6469987473_600_800.png,38tab01_20211228_170122_6469987473_600_800_mask.png,"Na última década, "
45,5,90,10,103,661,193,671,103,661,193,661,193,671,103,671,sub_line_text,table_text,table_1,courier,regular,9.0,38tab01_20211228_170122_6469987473_600_800.png,/scratch/parceirosbr/bigoilict/share/BigOil/document_generator/datasets/documents_2021_12_28/38tab01_20211228_170122_6469987473_600_800.png,38tab01_20211228_170122_6469987473_600_800_mask.png,"Na última década, "
20,5,40,10,128,681,168,691,128,681,168,681,168,691,128,691,text,table_text,table_1,courier,regular,9.0,38tab01_20211228_170122_6469987473_600_800.png,/scratch/parceirosbr/bigoilict/share/BigOil/document_generator/datasets/documents_2021_12_28/38tab01_20211228_170122_6469987473_600_800.png,38tab01_20211228_170122_6469987473_600_800_mask.png,empresas
20,5,40,10,128,681,168,691,128,681,168,681,168,691,128,691,sub_line_text,table_text,table_1,courier,regular,9.0,38tab01_20211228_170122_6469987473_600_800.png,/scratch/parceirosbr/bigoilict/share/BigOil/document_generator/datasets/documents_2021_12_28/38tab01_20211228_170122_6469987473_600_800.png,38tab01_20211228_170122_6469987473_600_800_mask.png,empresas
47,5,95,10,232,648,327,658,232,648,327,648,327,658,232,658,text,table_text,table_1,courier,bold,9.0,38tab01_20211228_170122_6469987473_600_800.png,/scratch/parceirosbr/bigoilict/share/BigOil/document_generator/datasets/documents_2021_12_28/38tab01_20211228_170122_6469987473_600_800.png,38tab01_20211228_170122_6469987473_600_800_mask.png,Esclareça o motivo 
47,5,95,10,232,648,327,658,232,648,327,648,327,658,232,658,sub_line_text,table_text,table_1,courier,bold,9.0,38tab01_20211228_170122_6469987473_600_800.png,/scratch/parceirosbr/bigoilict/share/BigOil/document_generator/datasets/documents_2021_12_28/38tab01_20211228_170122_6469987473_600_800.png,38tab01_20211228_170122_6469987473_600_800_mask.png,Esclareça o motivo 
50,5,100,10,229,661,329,671,229,661,329,661,329,671,229,671,text,table_text,table_1,courier,regular,9.0,38tab01_20211228_170122_6469987473_600_800.png,/scratch/parceirosbr/bigoilict/share/BigOil/document_generator/datasets/documents_2021_12_28/38tab01_20211228_170122_6469987473_600_800.png,38tab01_20211228_170122_6469987473_600_800_mask.png,"Segundo, seu óleo é "
50,5,100,10,229,661,329,671,229,661,329,661,329,671,229,671,sub_line_text,table_text,table_1,courier,regular,9.0,38tab01_20211228_170122_6469987473_600_800.png,/scratch/parceirosbr/bigoilict/share/BigOil/document_generator/datasets/documents_2021_12_28/38tab01_20211228_170122_6469987473_600_800.png,38tab01_20211228_170122_6469987473_600_800_mask.png,"Segundo, seu óleo é "
27,5,55,10,252,681,307,691,252,681,307,681,307,691,252,691,text,table_text,table_1,courier,regular,9.0,38tab01_20211228_170122_6469987473_600_800.png,/scratch/parceirosbr/bigoilict/share/BigOil/document_generator/datasets/documents_2021_12_28/38tab01_20211228_170122_6469987473_600_800.png,38tab01_20211228_170122_6469987473_600_800_mask.png,aquecimento
27,5,55,10,252,681,307,691,252,681,307,681,307,691,252,691,sub_line_text,table_text,table_1,courier,regular,9.0,38tab01_20211228_170122_6469987473_600_800.png,/scratch/parceirosbr/bigoilict/share/BigOil/document_generator/datasets/documents_2021_12_28/38tab01_20211228_170122_6469987473_600_800.png,38tab01_20211228_170122_6469987473_600_800_mask.png,aquecimento
90,5,181,10,348,648,529,658,348,648,529,648,529,658,348,658,text,table_text,table_1,courier,bold,9.0,38tab01_20211228_170122_6469987473_600_800.png,/scratch/parceirosbr/bigoilict/share/BigOil/document_generator/datasets/documents_2021_12_28/38tab01_20211228_170122_6469987473_600_800.png,38tab01_20211228_170122_6469987473_600_800_mask.png,Numerical simulation of slugging in 
90,5,181,10,348,648,529,658,348,648,529,648,529,658,348,658,sub_line_text,table_text,table_1,courier,bold,9.0,38tab01_20211228_170122_6469987473_600_800.png,/scratch/parceirosbr/bigoilict/share/BigOil/document_generator/datasets/documents_2021_12_28/38tab01_20211228_170122_6469987473_600_800.png,38tab01_20211228_170122_6469987473_600_800_mask.png,Numerical simulation of slugging in 
85,5,170,10,353,661,523,671,353,661,523,661,523,671,353,671,text,table_text,table_1,courier,regular,9.0,38tab01_20211228_170122_6469987473_600_800.png,/scratch/parceirosbr/bigoilict/share/BigOil/document_generator/datasets/documents_2021_12_28/38tab01_20211228_170122_6469987473_600_800.png,38tab01_20211228_170122_6469987473_600_800_mask.png,"Durante a perfuração, o fluido de "
85,5,170,10,353,661,523,671,353,661,523,661,523,671,353,671,sub_line_text,table_text,table_1,courier,regular,9.0,38tab01_20211228_170122_6469987473_600_800.png,/scratch/parceirosbr/bigoilict/share/BigOil/document_generator/datasets/documents_2021_12_28/38tab01_20211228_170122_6469987473_600_800.png,38tab01_20211228_170122_6469987473_600_800_mask.png,"Durante a perfuração, o fluido de "
5,5,10,10,433,681,443,691,433,681,443,681,443,691,433,691,text,table_text,table_1,courier,regular,9.0,38tab01_20211228_170122_6469987473_600_800.png,/scratch/parceirosbr/bigoilict/share/BigOil/document_generator/datasets/documents_2021_12_28/38tab01_20211228_170122_6469987473_600_800.png,38tab01_20211228_170122_6469987473_600_800_mask.png,da
5,5,10,10,433,681,443,691,433,681,443,681,443,691,433,691,sub_line_text,table_text,table_1,courier,regular,9.0,38tab01_20211228_170122_6469987473_600_800.png,/scratch/parceirosbr/bigoilict/share/BigOil/document_generator/datasets/documents_2021_12_28/38tab01_20211228_170122_6469987473_600_800.png,38tab01_20211228_170122_6469987473_600_800_mask.png,da
108,5,216,10,81,167,297,177,81,167,297,167,297,177,81,177,sub_line_text,subtitle,subtitle_0,courier,bolditalic,9,38tab01_20211228_170122_6469987473_600_800.png,/scratch/parceirosbr/bigoilict/share/BigOil/document_generator/datasets/documents_2021_12_28/38tab01_20211228_170122_6469987473_600_800.png,38tab01_20211228_170122_6469987473_600_800_mask.png,Segundo método permite estimar profundidade
108,5,216,10,81,167,297,177,81,167,297,167,297,177,81,177,title,subtitle,subtitle_0,courier,bolditalic,9,38tab01_20211228_170122_6469987473_600_800.png,/scratch/parceirosbr/bigoilict/share/BigOil/document_generator/datasets/documents_2021_12_28/38tab01_20211228_170122_6469987473_600_800.png,38tab01_20211228_170122_6469987473_600_800_mask.png,nan
226,175,453,351,81,185,534,536,81,185,534,185,534,536,81,536,table,table_image,table_2,courier,regular,9.0,38tab01_20211228_170122_6469987473_600_800.png,/scratch/parceirosbr/bigoilict/share/BigOil/document_generator/datasets/documents_2021_12_28/38tab01_20211228_170122_6469987473_600_800.png,38tab01_20211228_170122_6469987473_600_800_mask.png,nan
7,5,15,10,173,187,188,197,173,187,188,187,188,197,173,197,text,table_text,table_2,courier,regular,9.0,38tab01_20211228_170122_6469987473_600_800.png,/scratch/parceirosbr/bigoilict/share/BigOil/document_generator/datasets/documents_2021_12_28/38tab01_20211228_170122_6469987473_600_800.png,38tab01_20211228_170122_6469987473_600_800_mask.png,ser
7,5,15,10,173,187,188,197,173,187,188,187,188,197,173,197,sub_line_text,table_text,table_2,courier,regular,9.0,38tab01_20211228_170122_6469987473_600_800.png,/scratch/parceirosbr/bigoilict/share/BigOil/document_generator/datasets/documents_2021_12_28/38tab01_20211228_170122_6469987473_600_800.png,38tab01_20211228_170122_6469987473_600_800_mask.png,ser
30,5,60,10,150,198,210,208,150,198,210,198,210,208,150,208,text,table_text,table_2,courier,regular,9.0,38tab01_20211228_170122_6469987473_600_800.png,/scratch/parceirosbr/bigoilict/share/BigOil/document_generator/datasets/documents_2021_12_28/38tab01_20211228_170122_6469987473_600_800.png,38tab01_20211228_170122_6469987473_600_800_mask.png,concentração
30,5,60,10,150,198,210,208,150,198,210,198,210,208,150,208,sub_line_text,table_text,table_2,courier,regular,9.0,38tab01_20211228_170122_6469987473_600_800.png,/scratch/parceirosbr/bigoilict/share/BigOil/document_generator/datasets/documents_2021_12_28/38tab01_20211228_170122_6469987473_600_800.png,38tab01_20211228_170122_6469987473_600_800_mask.png,concentração
37,5,75,10,143,273,218,283,143,273,218,273,218,283,143,283,text,table_text,table_2,courier,regular,9.0,38tab01_20211228_170122_6469987473_600_800.png,/scratch/parceirosbr/bigoilict/share/BigOil/document_generator/datasets/documents_2021_12_28/38tab01_20211228_170122_6469987473_600_800.png,38tab01_20211228_170122_6469987473_600_800_mask.png,norte-americana
37,5,75,10,143,273,218,283,143,273,218,273,218,283,143,283,sub_line_text,table_text,table_2,courier,regular,9.0,38tab01_20211228_170122_6469987473_600_800.png,/scratch/parceirosbr/bigoilict/share/BigOil/document_generator/datasets/documents_2021_12_28/38tab01_20211228_170122_6469987473_600_800.png,38tab01_20211228_170122_6469987473_600_800_mask.png,norte-americana
15,5,30,10,165,294,195,304,165,294,195,294,195,304,165,304,text,table_text,table_2,courier,regular,9.0,38tab01_20211228_170122_6469987473_600_800.png,/scratch/parceirosbr/bigoilict/share/BigOil/document_generator/datasets/documents_2021_12_28/38tab01_20211228_170122_6469987473_600_800.png,38tab01_20211228_170122_6469987473_600_800_mask.png,fatode
15,5,30,10,165,294,195,304,165,294,195,294,195,304,165,304,sub_line_text,table_text,table_2,courier,regular,9.0,38tab01_20211228_170122_6469987473_600_800.png,/scratch/parceirosbr/bigoilict/share/BigOil/document_generator/datasets/documents_2021_12_28/38tab01_20211228_170122_6469987473_600_800.png,38tab01_20211228_170122_6469987473_600_800_mask.png,fatode
12,5,25,10,167,315,192,325,167,315,192,315,192,325,167,325,text,table_text,table_2,courier,regular,9.0,38tab01_20211228_170122_6469987473_600_800.png,/scratch/parceirosbr/bigoilict/share/BigOil/document_generator/datasets/documents_2021_12_28/38tab01_20211228_170122_6469987473_600_800.png,38tab01_20211228_170122_6469987473_600_800_mask.png,entre
12,5,25,10,167,315,192,325,167,315,192,315,192,325,167,325,sub_line_text,table_text,table_2,courier,regular,9.0,38tab01_20211228_170122_6469987473_600_800.png,/scratch/parceirosbr/bigoilict/share/BigOil/document_generator/datasets/documents_2021_12_28/38tab01_20211228_170122_6469987473_600_800.png,38tab01_20211228_170122_6469987473_600_800_mask.png,entre
30,5,60,10,150,362,210,372,150,362,210,362,210,372,150,372,text,table_text,table_2,courier,regular,9.0,38tab01_20211228_170122_6469987473_600_800.png,/scratch/parceirosbr/bigoilict/share/BigOil/document_generator/datasets/documents_2021_12_28/38tab01_20211228_170122_6469987473_600_800.png,38tab01_20211228_170122_6469987473_600_800_mask.png,consumidores
30,5,60,10,150,362,210,372,150,362,210,362,210,372,150,372,sub_line_text,table_text,table_2,courier,regular,9.0,38tab01_20211228_170122_6469987473_600_800.png,/scratch/parceirosbr/bigoilict/share/BigOil/document_generator/datasets/documents_2021_12_28/38tab01_20211228_170122_6469987473_600_800.png,38tab01_20211228_170122_6469987473_600_800_mask.png,consumidores
15,5,30,10,165,379,195,389,165,379,195,379,195,389,165,389,text,table_text,table_2,courier,regular,9.0,38tab01_20211228_170122_6469987473_600_800.png,/scratch/parceirosbr/bigoilict/share/BigOil/document_generator/datasets/documents_2021_12_28/38tab01_20211228_170122_6469987473_600_800.png,38tab01_20211228_170122_6469987473_600_800_mask.png,queima
15,5,30,10,165,379,195,389,165,379,195,379,195,389,165,389,sub_line_text,table_text,table_2,courier,regular,9.0,38tab01_20211228_170122_6469987473_600_800.png,/scratch/parceirosbr/bigoilict/share/BigOil/document_generator/datasets/documents_2021_12_28/38tab01_20211228_170122_6469987473_600_800.png,38tab01_20211228_170122_6469987473_600_800_mask.png,queima
22,5,45,10,157,425,202,435,157,425,202,425,202,435,157,435,text,table_text,table_2,courier,regular,9.0,38tab01_20211228_170122_6469987473_600_800.png,/scratch/parceirosbr/bigoilict/share/BigOil/document_generator/datasets/documents_2021_12_28/38tab01_20211228_170122_6469987473_600_800.png,38tab01_20211228_170122_6469987473_600_800_mask.png,distintos
22,5,45,10,157,425,202,435,157,425,202,425,202,435,157,435,sub_line_text,table_text,table_2,courier,regular,9.0,38tab01_20211228_170122_6469987473_600_800.png,/scratch/parceirosbr/bigoilict/share/BigOil/document_generator/datasets/documents_2021_12_28/38tab01_20211228_170122_6469987473_600_800.png,38tab01_20211228_170122_6469987473_600_800_mask.png,distintos
7,5,15,10,173,464,188,474,173,464,188,464,188,474,173,474,text,table_text,table_2,courier,regular,9.0,38tab01_20211228_170122_6469987473_600_800.png,/scratch/parceirosbr/bigoilict/share/BigOil/document_generator/datasets/documents_2021_12_28/38tab01_20211228_170122_6469987473_600_800.png,38tab01_20211228_170122_6469987473_600_800_mask.png,uso
7,5,15,10,173,464,188,474,173,464,188,464,188,474,173,474,sub_line_text,table_text,table_2,courier,regular,9.0,38tab01_20211228_170122_6469987473_600_800.png,/scratch/parceirosbr/bigoilict/share/BigOil/document_generator/datasets/documents_2021_12_28/38tab01_20211228_170122_6469987473_600_800.png,38tab01_20211228_170122_6469987473_600_800_mask.png,uso
7,5,15,10,173,496,188,506,173,496,188,496,188,506,173,506,text,table_text,table_2,courier,regular,9.0,38tab01_20211228_170122_6469987473_600_800.png,/scratch/parceirosbr/bigoilict/share/BigOil/document_generator/datasets/documents_2021_12_28/38tab01_20211228_170122_6469987473_600_800.png,38tab01_20211228_170122_6469987473_600_800_mask.png,uso
7,5,15,10,173,496,188,506,173,496,188,496,188,506,173,506,sub_line_text,table_text,table_2,courier,regular,9.0,38tab01_20211228_170122_6469987473_600_800.png,/scratch/parceirosbr/bigoilict/share/BigOil/document_generator/datasets/documents_2021_12_28/38tab01_20211228_170122_6469987473_600_800.png,38tab01_20211228_170122_6469987473_600_800_mask.png,uso
5,5,10,10,305,187,315,197,305,187,315,187,315,197,305,197,text,table_text,table_2,courier,regular,9.0,38tab01_20211228_170122_6469987473_600_800.png,/scratch/parceirosbr/bigoilict/share/BigOil/document_generator/datasets/documents_2021_12_28/38tab01_20211228_170122_6469987473_600_800.png,38tab01_20211228_170122_6469987473_600_800_mask.png,na
5,5,10,10,305,187,315,197,305,187,315,187,315,197,305,197,sub_line_text,table_text,table_2,courier,regular,9.0,38tab01_20211228_170122_6469987473_600_800.png,/scratch/parceirosbr/bigoilict/share/BigOil/document_generator/datasets/documents_2021_12_28/38tab01_20211228_170122_6469987473_600_800.png,38tab01_20211228_170122_6469987473_600_800_mask.png,na
12,5,25,10,297,198,322,208,297,198,322,198,322,208,297,208,text,table_text,table_2,courier,regular,9.0,38tab01_20211228_170122_6469987473_600_800.png,/scratch/parceirosbr/bigoilict/share/BigOil/document_generator/datasets/documents_2021_12_28/38tab01_20211228_170122_6469987473_600_800.png,38tab01_20211228_170122_6469987473_600_800_mask.png,balão
12,5,25,10,297,198,322,208,297,198,322,198,322,208,297,208,sub_line_text,table_text,table_2,courier,regular,9.0,38tab01_20211228_170122_6469987473_600_800.png,/scratch/parceirosbr/bigoilict/share/BigOil/document_generator/datasets/documents_2021_12_28/38tab01_20211228_170122_6469987473_600_800.png,38tab01_20211228_170122_6469987473_600_800_mask.png,balão
25,5,50,10,285,273,335,283,285,273,335,273,335,283,285,283,text,table_text,table_2,courier,regular,9.0,38tab01_20211228_170122_6469987473_600_800.png,/scratch/parceirosbr/bigoilict/share/BigOil/document_generator/datasets/documents_2021_12_28/38tab01_20211228_170122_6469987473_600_800.png,38tab01_20211228_170122_6469987473_600_800_mask.png,73958404.9
25,5,50,10,285,273,335,283,285,273,335,273,335,283,285,283,sub_line_text,table_text,table_2,courier,regular,9.0,38tab01_20211228_170122_6469987473_600_800.png,/scratch/parceirosbr/bigoilict/share/BigOil/document_generator/datasets/documents_2021_12_28/38tab01_20211228_170122_6469987473_600_800.png,38tab01_20211228_170122_6469987473_600_800_mask.png,73958404.9
25,5,50,10,285,294,335,304,285,294,335,294,335,304,285,304,text,table_text,table_2,courier,regular,9.0,38tab01_20211228_170122_6469987473_600_800.png,/scratch/parceirosbr/bigoilict/share/BigOil/document_generator/datasets/documents_2021_12_28/38tab01_20211228_170122_6469987473_600_800.png,38tab01_20211228_170122_6469987473_600_800_mask.png,98167836.0
25,5,50,10,285,294,335,304,285,294,335,294,335,304,285,304,sub_line_text,table_text,table_2,courier,regular,9.0,38tab01_20211228_170122_6469987473_600_800.png,/scratch/parceirosbr/bigoilict/share/BigOil/document_generator/datasets/documents_2021_12_28/38tab01_20211228_170122_6469987473_600_800.png,38tab01_20211228_170122_6469987473_600_800_mask.png,98167836.0
25,5,50,10,285,315,335,325,285,315,335,315,335,325,285,325,text,table_text,table_2,courier,regular,9.0,38tab01_20211228_170122_6469987473_600_800.png,/scratch/parceirosbr/bigoilict/share/BigOil/document_generator/datasets/documents_2021_12_28/38tab01_20211228_170122_6469987473_600_800.png,38tab01_20211228_170122_6469987473_600_800_mask.png,82876133.7
25,5,50,10,285,315,335,325,285,315,335,315,335,325,285,325,sub_line_text,table_text,table_2,courier,regular,9.0,38tab01_20211228_170122_6469987473_600_800.png,/scratch/parceirosbr/bigoilict/share/BigOil/document_generator/datasets/documents_2021_12_28/38tab01_20211228_170122_6469987473_600_800.png,38tab01_20211228_170122_6469987473_600_800_mask.png,82876133.7
25,5,50,10,285,362,335,372,285,362,335,362,335,372,285,372,text,table_text,table_2,courier,regular,9.0,38tab01_20211228_170122_6469987473_600_800.png,/scratch/parceirosbr/bigoilict/share/BigOil/document_generator/datasets/documents_2021_12_28/38tab01_20211228_170122_6469987473_600_800.png,38tab01_20211228_170122_6469987473_600_800_mask.png,90275978.2
25,5,50,10,285,362,335,372,285,362,335,362,335,372,285,372,sub_line_text,table_text,table_2,courier,regular,9.0,38tab01_20211228_170122_6469987473_600_800.png,/scratch/parceirosbr/bigoilict/share/BigOil/document_generator/datasets/documents_2021_12_28/38tab01_20211228_170122_6469987473_600_800.png,38tab01_20211228_170122_6469987473_600_800_mask.png,90275978.2
25,5,50,10,285,379,335,389,285,379,335,379,335,389,285,389,text,table_text,table_2,courier,regular,9.0,38tab01_20211228_170122_6469987473_600_800.png,/scratch/parceirosbr/bigoilict/share/BigOil/document_generator/datasets/documents_2021_12_28/38tab01_20211228_170122_6469987473_600_800.png,38tab01_20211228_170122_6469987473_600_800_mask.png,58256937.6
25,5,50,10,285,379,335,389,285,379,335,379,335,389,285,389,sub_line_text,table_text,table_2,courier,regular,9.0,38tab01_20211228_170122_6469987473_600_800.png,/scratch/parceirosbr/bigoilict/share/BigOil/document_generator/datasets/documents_2021_12_28/38tab01_20211228_170122_6469987473_600_800.png,38tab01_20211228_170122_6469987473_600_800_mask.png,58256937.6
25,5,50,10,285,425,335,435,285,425,335,425,335,435,285,435,text,table_text,table_2,courier,regular,9.0,38tab01_20211228_170122_6469987473_600_800.png,/scratch/parceirosbr/bigoilict/share/BigOil/document_generator/datasets/documents_2021_12_28/38tab01_20211228_170122_6469987473_600_800.png,38tab01_20211228_170122_6469987473_600_800_mask.png,68884327.9
25,5,50,10,285,425,335,435,285,425,335,425,335,435,285,435,sub_line_text,table_text,table_2,courier,regular,9.0,38tab01_20211228_170122_6469987473_600_800.png,/scratch/parceirosbr/bigoilict/share/BigOil/document_generator/datasets/documents_2021_12_28/38tab01_20211228_170122_6469987473_600_800.png,38tab01_20211228_170122_6469987473_600_800_mask.png,68884327.9
25,5,50,10,285,464,335,474,285,464,335,464,335,474,285,474,text,table_text,table_2,courier,regular,9.0,38tab01_20211228_170122_6469987473_600_800.png,/scratch/parceirosbr/bigoilict/share/BigOil/document_generator/datasets/documents_2021_12_28/38tab01_20211228_170122_6469987473_600_800.png,38tab01_20211228_170122_6469987473_600_800_mask.png,14885342.0
25,5,50,10,285,464,335,474,285,464,335,464,335,474,285,474,sub_line_text,table_text,table_2,courier,regular,9.0,38tab01_20211228_170122_6469987473_600_800.png,/scratch/parceirosbr/bigoilict/share/BigOil/document_generator/datasets/documents_2021_12_28/38tab01_20211228_170122_6469987473_600_800.png,38tab01_20211228_170122_6469987473_600_800_mask.png,14885342.0
25,5,50,10,285,496,335,506,285,496,335,496,335,506,285,506,text,table_text,table_2,courier,regular,9.0,38tab01_20211228_170122_6469987473_600_800.png,/scratch/parceirosbr/bigoilict/share/BigOil/document_generator/datasets/documents_2021_12_28/38tab01_20211228_170122_6469987473_600_800.png,38tab01_20211228_170122_6469987473_600_800_mask.png,42924976.8
25,5,50,10,285,496,335,506,285,496,335,496,335,506,285,506,sub_line_text,table_text,table_2,courier,regular,9.0,38tab01_20211228_170122_6469987473_600_800.png,/scratch/parceirosbr/bigoilict/share/BigOil/document_generator/datasets/documents_2021_12_28/38tab01_20211228_170122_6469987473_600_800.png,38tab01_20211228_170122_6469987473_600_800_mask.png,42924976.8
12,5,25,10,359,187,384,197,359,187,384,187,384,197,359,197,text,table_text,table_2,courier,regular,9.0,38tab01_20211228_170122_6469987473_600_800.png,/scratch/parceirosbr/bigoilict/share/BigOil/document_generator/datasets/documents_2021_12_28/38tab01_20211228_170122_6469987473_600_800.png,38tab01_20211228_170122_6469987473_600_800_mask.png,custo
12,5,25,10,359,187,384,197,359,187,384,187,384,197,359,197,sub_line_text,table_text,table_2,courier,regular,9.0,38tab01_20211228_170122_6469987473_600_800.png,/scratch/parceirosbr/bigoilict/share/BigOil/document_generator/datasets/documents_2021_12_28/38tab01_20211228_170122_6469987473_600_800.png,38tab01_20211228_170122_6469987473_600_800_mask.png,custo
5,5,11,10,367,198,378,208,367,198,378,198,378,208,367,208,text,table_text,table_2,courier,regular,9.0,38tab01_20211228_170122_6469987473_600_800.png,/scratch/parceirosbr/bigoilict/share/BigOil/document_generator/datasets/documents_2021_12_28/38tab01_20211228_170122_6469987473_600_800.png,38tab01_20211228_170122_6469987473_600_800_mask.png,um
5,5,11,10,367,198,378,208,367,198,378,198,378,208,367,208,sub_line_text,table_text,table_2,courier,regular,9.0,38tab01_20211228_170122_6469987473_600_800.png,/scratch/parceirosbr/bigoilict/share/BigOil/document_generator/datasets/documents_2021_12_28/38tab01_20211228_170122_6469987473_600_800.png,38tab01_20211228_170122_6469987473_600_800_mask.png,um
7,5,15,10,365,273,380,283,365,273,380,273,380,283,365,283,text,table_text,table_2,courier,regular,9.0,38tab01_20211228_170122_6469987473_600_800.png,/scratch/parceirosbr/bigoilict/share/BigOil/document_generator/datasets/documents_2021_12_28/38tab01_20211228_170122_6469987473_600_800.png,38tab01_20211228_170122_6469987473_600_800_mask.png,457
7,5,15,10,365,273,380,283,365,273,380,273,380,283,365,283,sub_line_text,table_text,table_2,courier,regular,9.0,38tab01_20211228_170122_6469987473_600_800.png,/scratch/parceirosbr/bigoilict/share/BigOil/document_generator/datasets/documents_2021_12_28/38tab01_20211228_170122_6469987473_600_800.png,38tab01_20211228_170122_6469987473_600_800_mask.png,457
5,5,10,10,367,294,377,304,367,294,377,294,377,304,367,304,text,table_text,table_2,courier,regular,9.0,38tab01_20211228_170122_6469987473_600_800.png,/scratch/parceirosbr/bigoilict/share/BigOil/document_generator/datasets/documents_2021_12_28/38tab01_20211228_170122_6469987473_600_800.png,38tab01_20211228_170122_6469987473_600_800_mask.png,64
5,5,10,10,367,294,377,304,367,294,377,294,377,304,367,304,sub_line_text,table_text,table_2,courier,regular,9.0,38tab01_20211228_170122_6469987473_600_800.png,/scratch/parceirosbr/bigoilict/share/BigOil/document_generator/datasets/documents_2021_12_28/38tab01_20211228_170122_6469987473_600_800.png,38tab01_20211228_170122_6469987473_600_800_mask.png,64
7,5,15,10,365,315,380,325,365,315,380,315,380,325,365,325,text,table_text,table_2,courier,regular,9.0,38tab01_20211228_170122_6469987473_600_800.png,/scratch/parceirosbr/bigoilict/share/BigOil/document_generator/datasets/documents_2021_12_28/38tab01_20211228_170122_6469987473_600_800.png,38tab01_20211228_170122_6469987473_600_800_mask.png,549
7,5,15,10,365,315,380,325,365,315,380,315,380,325,365,325,sub_line_text,table_text,table_2,courier,regular,9.0,38tab01_20211228_170122_6469987473_600_800.png,/scratch/parceirosbr/bigoilict/share/BigOil/document_generator/datasets/documents_2021_12_28/38tab01_20211228_170122_6469987473_600_800.png,38tab01_20211228_170122_6469987473_600_800_mask.png,549
7,5,15,10,365,362,380,372,365,362,380,362,380,372,365,372,text,table_text,table_2,courier,regular,9.0,38tab01_20211228_170122_6469987473_600_800.png,/scratch/parceirosbr/bigoilict/share/BigOil/document_generator/datasets/documents_2021_12_28/38tab01_20211228_170122_6469987473_600_800.png,38tab01_20211228_170122_6469987473_600_800_mask.png,385
7,5,15,10,365,362,380,372,365,362,380,362,380,372,365,372,sub_line_text,table_text,table_2,courier,regular,9.0,38tab01_20211228_170122_6469987473_600_800.png,/scratch/parceirosbr/bigoilict/share/BigOil/document_generator/datasets/documents_2021_12_28/38tab01_20211228_170122_6469987473_600_800.png,38tab01_20211228_170122_6469987473_600_800_mask.png,385
12,5,25,10,359,379,384,389,359,379,384,379,384,389,359,389,text,table_text,table_2,courier,regular,9.0,38tab01_20211228_170122_6469987473_600_800.png,/scratch/parceirosbr/bigoilict/share/BigOil/document_generator/datasets/documents_2021_12_28/38tab01_20211228_170122_6469987473_600_800.png,38tab01_20211228_170122_6469987473_600_800_mask.png,92445
12,5,25,10,359,379,384,389,359,379,384,379,384,389,359,389,sub_line_text,table_text,table_2,courier,regular,9.0,38tab01_20211228_170122_6469987473_600_800.png,/scratch/parceirosbr/bigoilict/share/BigOil/document_generator/datasets/documents_2021_12_28/38tab01_20211228_170122_6469987473_600_800.png,38tab01_20211228_170122_6469987473_600_800_mask.png,92445
10,5,20,10,362,425,382,435,362,425,382,425,382,435,362,435,text,table_text,table_2,courier,regular,9.0,38tab01_20211228_170122_6469987473_600_800.png,/scratch/parceirosbr/bigoilict/share/BigOil/document_generator/datasets/documents_2021_12_28/38tab01_20211228_170122_6469987473_600_800.png,38tab01_20211228_170122_6469987473_600_800_mask.png,7359
10,5,20,10,362,425,382,435,362,425,382,425,382,435,362,435,sub_line_text,table_text,table_2,courier,regular,9.0,38tab01_20211228_170122_6469987473_600_800.png,/scratch/parceirosbr/bigoilict/share/BigOil/document_generator/datasets/documents_2021_12_28/38tab01_20211228_170122_6469987473_600_800.png,38tab01_20211228_170122_6469987473_600_800_mask.png,7359
12,5,25,10,359,464,384,474,359,464,384,464,384,474,359,474,text,table_text,table_2,courier,regular,9.0,38tab01_20211228_170122_6469987473_600_800.png,/scratch/parceirosbr/bigoilict/share/BigOil/document_generator/datasets/documents_2021_12_28/38tab01_20211228_170122_6469987473_600_800.png,38tab01_20211228_170122_6469987473_600_800_mask.png,11545
12,5,25,10,359,464,384,474,359,464,384,464,384,474,359,474,sub_line_text,table_text,table_2,courier,regular,9.0,38tab01_20211228_170122_6469987473_600_800.png,/scratch/parceirosbr/bigoilict/share/BigOil/document_generator/datasets/documents_2021_12_28/38tab01_20211228_170122_6469987473_600_800.png,38tab01_20211228_170122_6469987473_600_800_mask.png,11545
10,5,20,10,362,496,382,506,362,496,382,496,382,506,362,506,text,table_text,table_2,courier,regular,9.0,38tab01_20211228_170122_6469987473_600_800.png,/scratch/parceirosbr/bigoilict/share/BigOil/document_generator/datasets/documents_2021_12_28/38tab01_20211228_170122_6469987473_600_800.png,38tab01_20211228_170122_6469987473_600_800_mask.png,4938
10,5,20,10,362,496,382,506,362,496,382,496,382,506,362,506,sub_line_text,table_text,table_2,courier,regular,9.0,38tab01_20211228_170122_6469987473_600_800.png,/scratch/parceirosbr/bigoilict/share/BigOil/document_generator/datasets/documents_2021_12_28/38tab01_20211228_170122_6469987473_600_800.png,38tab01_20211228_170122_6469987473_600_800_mask.png,4938
10,5,20,10,424,187,444,197,424,187,444,187,444,197,424,197,text,table_text,table_2,courier,regular,9.0,38tab01_20211228_170122_6469987473_600_800.png,/scratch/parceirosbr/bigoilict/share/BigOil/document_generator/datasets/documents_2021_12_28/38tab01_20211228_170122_6469987473_600_800.png,38tab01_20211228_170122_6469987473_600_800_mask.png,data
10,5,20,10,424,187,444,197,424,187,444,187,444,197,424,197,sub_line_text,table_text,table_2,courier,regular,9.0,38tab01_20211228_170122_6469987473_600_800.png,/scratch/parceirosbr/bigoilict/share/BigOil/document_generator/datasets/documents_2021_12_28/38tab01_20211228_170122_6469987473_600_800.png,38tab01_20211228_170122_6469987473_600_800_mask.png,data
10,5,20,10,424,198,444,208,424,198,444,198,444,208,424,208,text,table_text,table_2,courier,regular,9.0,38tab01_20211228_170122_6469987473_600_800.png,/scratch/parceirosbr/bigoilict/share/BigOil/document_generator/datasets/documents_2021_12_28/38tab01_20211228_170122_6469987473_600_800.png,38tab01_20211228_170122_6469987473_600_800_mask.png,pode
10,5,20,10,424,198,444,208,424,198,444,198,444,208,424,208,sub_line_text,table_text,table_2,courier,regular,9.0,38tab01_20211228_170122_6469987473_600_800.png,/scratch/parceirosbr/bigoilict/share/BigOil/document_generator/datasets/documents_2021_12_28/38tab01_20211228_170122_6469987473_600_800.png,38tab01_20211228_170122_6469987473_600_800_mask.png,pode
20,5,40,10,414,273,454,283,414,273,454,273,454,283,414,283,text,table_text,table_2,courier,regular,9.0,38tab01_20211228_170122_6469987473_600_800.png,/scratch/parceirosbr/bigoilict/share/BigOil/document_generator/datasets/documents_2021_12_28/38tab01_20211228_170122_6469987473_600_800.png,38tab01_20211228_170122_6469987473_600_800_mask.png,542.5881
20,5,40,10,414,273,454,283,414,273,454,273,454,283,414,283,sub_line_text,table_text,table_2,courier,regular,9.0,38tab01_20211228_170122_6469987473_600_800.png,/scratch/parceirosbr/bigoilict/share/BigOil/document_generator/datasets/documents_2021_12_28/38tab01_20211228_170122_6469987473_600_800.png,38tab01_20211228_170122_6469987473_600_800_mask.png,542.5881
25,5,50,10,409,294,459,304,409,294,459,294,459,304,409,304,text,table_text,table_2,courier,regular,9.0,38tab01_20211228_170122_6469987473_600_800.png,/scratch/parceirosbr/bigoilict/share/BigOil/document_generator/datasets/documents_2021_12_28/38tab01_20211228_170122_6469987473_600_800.png,38tab01_20211228_170122_6469987473_600_800_mask.png,92728.8623
25,5,50,10,409,294,459,304,409,294,459,294,459,304,409,304,sub_line_text,table_text,table_2,courier,regular,9.0,38tab01_20211228_170122_6469987473_600_800.png,/scratch/parceirosbr/bigoilict/share/BigOil/document_generator/datasets/documents_2021_12_28/38tab01_20211228_170122_6469987473_600_800.png,38tab01_20211228_170122_6469987473_600_800_mask.png,92728.8623
22,5,45,10,411,315,456,325,411,315,456,315,456,325,411,325,text,table_text,table_2,courier,regular,9.0,38tab01_20211228_170122_6469987473_600_800.png,/scratch/parceirosbr/bigoilict/share/BigOil/document_generator/datasets/documents_2021_12_28/38tab01_20211228_170122_6469987473_600_800.png,38tab01_20211228_170122_6469987473_600_800_mask.png,5972.2319
22,5,45,10,411,315,456,325,411,315,456,315,456,325,411,325,sub_line_text,table_text,table_2,courier,regular,9.0,38tab01_20211228_170122_6469987473_600_800.png,/scratch/parceirosbr/bigoilict/share/BigOil/document_generator/datasets/documents_2021_12_28/38tab01_20211228_170122_6469987473_600_800.png,38tab01_20211228_170122_6469987473_600_800_mask.png,5972.2319
20,5,40,10,414,362,454,372,414,362,454,362,454,372,414,372,text,table_text,table_2,courier,regular,9.0,38tab01_20211228_170122_6469987473_600_800.png,/scratch/parceirosbr/bigoilict/share/BigOil/document_generator/datasets/documents_2021_12_28/38tab01_20211228_170122_6469987473_600_800.png,38tab01_20211228_170122_6469987473_600_800_mask.png,407.2722
20,5,40,10,414,362,454,372,414,362,454,362,454,372,414,372,sub_line_text,table_text,table_2,courier,regular,9.0,38tab01_20211228_170122_6469987473_600_800.png,/scratch/parceirosbr/bigoilict/share/BigOil/document_generator/datasets/documents_2021_12_28/38tab01_20211228_170122_6469987473_600_800.png,38tab01_20211228_170122_6469987473_600_800_mask.png,407.2722
20,5,40,10,414,379,454,389,414,379,454,379,454,389,414,389,text,table_text,table_2,courier,regular,9.0,38tab01_20211228_170122_6469987473_600_800.png,/scratch/parceirosbr/bigoilict/share/BigOil/document_generator/datasets/documents_2021_12_28/38tab01_20211228_170122_6469987473_600_800.png,38tab01_20211228_170122_6469987473_600_800_mask.png,591.7184
20,5,40,10,414,379,454,389,414,379,454,379,454,389,414,389,sub_line_text,table_text,table_2,courier,regular,9.0,38tab01_20211228_170122_6469987473_600_800.png,/scratch/parceirosbr/bigoilict/share/BigOil/document_generator/datasets/documents_2021_12_28/38tab01_20211228_170122_6469987473_600_800.png,38tab01_20211228_170122_6469987473_600_800_mask.png,591.7184
25,5,50,10,409,425,459,435,409,425,459,425,459,435,409,435,text,table_text,table_2,courier,regular,9.0,38tab01_20211228_170122_6469987473_600_800.png,/scratch/parceirosbr/bigoilict/share/BigOil/document_generator/datasets/documents_2021_12_28/38tab01_20211228_170122_6469987473_600_800.png,38tab01_20211228_170122_6469987473_600_800_mask.png,89640.7037
25,5,50,10,409,425,459,435,409,425,459,425,459,435,409,435,sub_line_text,table_text,table_2,courier,regular,9.0,38tab01_20211228_170122_6469987473_600_800.png,/scratch/parceirosbr/bigoilict/share/BigOil/document_generator/datasets/documents_2021_12_28/38tab01_20211228_170122_6469987473_600_800.png,38tab01_20211228_170122_6469987473_600_800_mask.png,89640.7037
22,5,45,10,411,464,456,474,411,464,456,464,456,474,411,474,text,table_text,table_2,courier,regular,9.0,38tab01_20211228_170122_6469987473_600_800.png,/scratch/parceirosbr/bigoilict/share/BigOil/document_generator/datasets/documents_2021_12_28/38tab01_20211228_170122_6469987473_600_800.png,38tab01_20211228_170122_6469987473_600_800_mask.png,5007.2247
22,5,45,10,411,464,456,474,411,464,456,464,456,474,411,474,sub_line_text,table_text,table_2,courier,regular,9.0,38tab01_20211228_170122_6469987473_600_800.png,/scratch/parceirosbr/bigoilict/share/BigOil/document_generator/datasets/documents_2021_12_28/38tab01_20211228_170122_6469987473_600_800.png,38tab01_20211228_170122_6469987473_600_800_mask.png,5007.2247
25,5,50,10,409,496,459,506,409,496,459,496,459,506,409,506,text,table_text,table_2,courier,regular,9.0,38tab01_20211228_170122_6469987473_600_800.png,/scratch/parceirosbr/bigoilict/share/BigOil/document_generator/datasets/documents_2021_12_28/38tab01_20211228_170122_6469987473_600_800.png,38tab01_20211228_170122_6469987473_600_800_mask.png,51310.4723
25,5,50,10,409,496,459,506,409,496,459,496,459,506,409,506,sub_line_text,table_text,table_2,courier,regular,9.0,38tab01_20211228_170122_6469987473_600_800.png,/scratch/parceirosbr/bigoilict/share/BigOil/document_generator/datasets/documents_2021_12_28/38tab01_20211228_170122_6469987473_600_800.png,38tab01_20211228_170122_6469987473_600_800_mask.png,51310.4723
25,5,50,10,475,187,525,197,475,187,525,187,525,197,475,197,text,table_text,table_2,courier,regular,9.0,38tab01_20211228_170122_6469987473_600_800.png,/scratch/parceirosbr/bigoilict/share/BigOil/document_generator/datasets/documents_2021_12_28/38tab01_20211228_170122_6469987473_600_800.png,38tab01_20211228_170122_6469987473_600_800_mask.png,incentivos
25,5,50,10,475,187,525,197,475,187,525,187,525,197,475,197,sub_line_text,table_text,table_2,courier,regular,9.0,38tab01_20211228_170122_6469987473_600_800.png,/scratch/parceirosbr/bigoilict/share/BigOil/document_generator/datasets/documents_2021_12_28/38tab01_20211228_170122_6469987473_600_800.png,38tab01_20211228_170122_6469987473_600_800_mask.png,incentivos
7,5,15,10,493,198,508,208,493,198,508,198,508,208,493,208,text,table_text,table_2,courier,regular,9.0,38tab01_20211228_170122_6469987473_600_800.png,/scratch/parceirosbr/bigoilict/share/BigOil/document_generator/datasets/documents_2021_12_28/38tab01_20211228_170122_6469987473_600_800.png,38tab01_20211228_170122_6469987473_600_800_mask.png,que
7,5,15,10,493,198,508,208,493,198,508,198,508,208,493,208,sub_line_text,table_text,table_2,courier,regular,9.0,38tab01_20211228_170122_6469987473_600_800.png,/scratch/parceirosbr/bigoilict/share/BigOil/document_generator/datasets/documents_2021_12_28/38tab01_20211228_170122_6469987473_600_800.png,38tab01_20211228_170122_6469987473_600_800_mask.png,que
22,5,45,10,477,232,522,242,477,232,522,232,522,242,477,242,text,table_text,table_2,courier,regular,9.0,38tab01_20211228_170122_6469987473_600_800.png,/scratch/parceirosbr/bigoilict/share/BigOil/document_generator/datasets/documents_2021_12_28/38tab01_20211228_170122_6469987473_600_800.png,38tab01_20211228_170122_6469987473_600_800_mask.png,combustão
22,5,45,10,477,232,522,242,477,232,522,232,522,242,477,242,sub_line_text,table_text,table_2,courier,regular,9.0,38tab01_20211228_170122_6469987473_600_800.png,/scratch/parceirosbr/bigoilict/share/BigOil/document_generator/datasets/documents_2021_12_28/38tab01_20211228_170122_6469987473_600_800.png,38tab01_20211228_170122_6469987473_600_800_mask.png,combustão
20,5,40,10,480,273,520,283,480,273,520,273,520,283,480,283,text,table_text,table_2,courier,regular,9.0,38tab01_20211228_170122_6469987473_600_800.png,/scratch/parceirosbr/bigoilict/share/BigOil/document_generator/datasets/documents_2021_12_28/38tab01_20211228_170122_6469987473_600_800.png,38tab01_20211228_170122_6469987473_600_800_mask.png,decisões
20,5,40,10,480,273,520,283,480,273,520,273,520,283,480,283,sub_line_text,table_text,table_2,courier,regular,9.0,38tab01_20211228_170122_6469987473_600_800.png,/scratch/parceirosbr/bigoilict/share/BigOil/document_generator/datasets/documents_2021_12_28/38tab01_20211228_170122_6469987473_600_800.png,38tab01_20211228_170122_6469987473_600_800_mask.png,decisões
17,5,35,10,483,294,518,304,483,294,518,294,518,304,483,304,text,table_text,table_2,courier,regular,9.0,38tab01_20211228_170122_6469987473_600_800.png,/scratch/parceirosbr/bigoilict/share/BigOil/document_generator/datasets/documents_2021_12_28/38tab01_20211228_170122_6469987473_600_800.png,38tab01_20211228_170122_6469987473_600_800_mask.png,estaria
17,5,35,10,483,294,518,304,483,294,518,294,518,304,483,304,sub_line_text,table_text,table_2,courier,regular,9.0,38tab01_20211228_170122_6469987473_600_800.png,/scratch/parceirosbr/bigoilict/share/BigOil/document_generator/datasets/documents_2021_12_28/38tab01_20211228_170122_6469987473_600_800.png,38tab01_20211228_170122_6469987473_600_800_mask.png,estaria
25,5,50,10,475,315,525,325,475,315,525,315,525,325,475,325,text,table_text,table_2,courier,regular,9.0,38tab01_20211228_170122_6469987473_600_800.png,/scratch/parceirosbr/bigoilict/share/BigOil/document_generator/datasets/documents_2021_12_28/38tab01_20211228_170122_6469987473_600_800.png,38tab01_20211228_170122_6469987473_600_800_mask.png,exploração
25,5,50,10,475,315,525,325,475,315,525,315,525,325,475,325,sub_line_text,table_text,table_2,courier,regular,9.0,38tab01_20211228_170122_6469987473_600_800.png,/scratch/parceirosbr/bigoilict/share/BigOil/document_generator/datasets/documents_2021_12_28/38tab01_20211228_170122_6469987473_600_800.png,38tab01_20211228_170122_6469987473_600_800_mask.png,exploração
25,5,50,10,475,362,525,372,475,362,525,362,525,372,475,372,text,table_text,table_2,courier,regular,9.0,38tab01_20211228_170122_6469987473_600_800.png,/scratch/parceirosbr/bigoilict/share/BigOil/document_generator/datasets/documents_2021_12_28/38tab01_20211228_170122_6469987473_600_800.png,38tab01_20211228_170122_6469987473_600_800_mask.png,diminuição
25,5,50,10,475,362,525,372,475,362,525,362,525,372,475,372,sub_line_text,table_text,table_2,courier,regular,9.0,38tab01_20211228_170122_6469987473_600_800.png,/scratch/parceirosbr/bigoilict/share/BigOil/document_generator/datasets/documents_2021_12_28/38tab01_20211228_170122_6469987473_600_800.png,38tab01_20211228_170122_6469987473_600_800_mask.png,diminuição
20,5,40,10,480,379,520,389,480,379,520,379,520,389,480,389,text,table_text,table_2,courier,regular,9.0,38tab01_20211228_170122_6469987473_600_800.png,/scratch/parceirosbr/bigoilict/share/BigOil/document_generator/datasets/documents_2021_12_28/38tab01_20211228_170122_6469987473_600_800.png,38tab01_20211228_170122_6469987473_600_800_mask.png,hidratos
20,5,40,10,480,379,520,389,480,379,520,379,520,389,480,389,sub_line_text,table_text,table_2,courier,regular,9.0,38tab01_20211228_170122_6469987473_600_800.png,/scratch/parceirosbr/bigoilict/share/BigOil/document_generator/datasets/documents_2021_12_28/38tab01_20211228_170122_6469987473_600_800.png,38tab01_20211228_170122_6469987473_600_800_mask.png,hidratos
8,5,16,10,492,425,508,435,492,425,508,425,508,435,492,435,text,table_text,table_2,courier,regular,9.0,38tab01_20211228_170122_6469987473_600_800.png,/scratch/parceirosbr/bigoilict/share/BigOil/document_generator/datasets/documents_2021_12_28/38tab01_20211228_170122_6469987473_600_800.png,38tab01_20211228_170122_6469987473_600_800_mask.png,vem
8,5,16,10,492,425,508,435,492,425,508,425,508,435,492,435,sub_line_text,table_text,table_2,courier,regular,9.0,38tab01_20211228_170122_6469987473_600_800.png,/scratch/parceirosbr/bigoilict/share/BigOil/document_generator/datasets/documents_2021_12_28/38tab01_20211228_170122_6469987473_600_800.png,38tab01_20211228_170122_6469987473_600_800_mask.png,vem
25,5,51,10,475,464,526,474,475,464,526,464,526,474,475,474,text,table_text,table_2,courier,regular,9.0,38tab01_20211228_170122_6469987473_600_800.png,/scratch/parceirosbr/bigoilict/share/BigOil/document_generator/datasets/documents_2021_12_28/38tab01_20211228_170122_6469987473_600_800.png,38tab01_20211228_170122_6469987473_600_800_mask.png,envolverem
25,5,51,10,475,464,526,474,475,464,526,464,526,474,475,474,sub_line_text,table_text,table_2,courier,regular,9.0,38tab01_20211228_170122_6469987473_600_800.png,/scratch/parceirosbr/bigoilict/share/BigOil/document_generator/datasets/documents_2021_12_28/38tab01_20211228_170122_6469987473_600_800.png,38tab01_20211228_170122_6469987473_600_800_mask.png,envolverem
12,5,25,10,487,496,512,506,487,496,512,496,512,506,487,506,text,table_text,table_2,courier,regular,9.0,38tab01_20211228_170122_6469987473_600_800.png,/scratch/parceirosbr/bigoilict/share/BigOil/document_generator/datasets/documents_2021_12_28/38tab01_20211228_170122_6469987473_600_800.png,38tab01_20211228_170122_6469987473_600_800_mask.png,ficar
12,5,25,10,487,496,512,506,487,496,512,496,512,506,487,506,sub_line_text,table_text,table_2,courier,regular,9.0,38tab01_20211228_170122_6469987473_600_800.png,/scratch/parceirosbr/bigoilict/share/BigOil/document_generator/datasets/documents_2021_12_28/38tab01_20211228_170122_6469987473_600_800.png,38tab01_20211228_170122_6469987473_600_800_mask.png,ficar
110,5,221,10,197,544,418,554,197,544,418,544,418,554,197,554,sub_line_text,title,title_0,courier,bold,9,38tab01_20211228_170122_6469987473_600_800.png,/scratch/parceirosbr/bigoilict/share/BigOil/document_generator/datasets/documents_2021_12_28/38tab01_20211228_170122_6469987473_600_800.png,38tab01_20211228_170122_6469987473_600_800_mask.png,3. maior parte resíduos agrícolas produzidos
110,5,221,10,197,544,418,554,197,544,418,544,418,554,197,554,title,title,title_0,courier,bold,9,38tab01_20211228_170122_6469987473_600_800.png,/scratch/parceirosbr/bigoilict/share/BigOil/document_generator/datasets/documents_2021_12_28/38tab01_20211228_170122_6469987473_600_800.png,38tab01_20211228_170122_6469987473_600_800_mask.png,nan
108,5,217,10,199,554,416,564,199,554,416,554,416,564,199,564,sub_line_text,subtitle,subtitle_1,courier,bolditalic,9,38tab01_20211228_170122_6469987473_600_800.png,/scratch/parceirosbr/bigoilict/share/BigOil/document_generator/datasets/documents_2021_12_28/38tab01_20211228_170122_6469987473_600_800.png,38tab01_20211228_170122_6469987473_600_800_mask.png,3.1. has great economic advantage regarding
108,5,217,10,199,554,416,564,199,554,416,554,416,564,199,564,title,subtitle,subtitle_1,courier,bolditalic,9,38tab01_20211228_170122_6469987473_600_800.png,/scratch/parceirosbr/bigoilict/share/BigOil/document_generator/datasets/documents_2021_12_28/38tab01_20211228_170122_6469987473_600_800.png,38tab01_20211228_170122_6469987473_600_800_mask.png,nan
225,5,450,10,81,564,531,574,81,564,531,564,531,574,81,574,sub_line_text,text,text_0,courier,regular,9,38tab01_20211228_170122_6469987473_600_800.png,/scratch/parceirosbr/bigoilict/share/BigOil/document_generator/datasets/documents_2021_12_28/38tab01_20211228_170122_6469987473_600_800.png,38tab01_20211228_170122_6469987473_600_800_mask.png,A indústria offshore requer o contínuo desenvolvimento de novas tecnologias com o objetivo
225,5,451,10,81,581,532,591,81,581,532,581,532,591,81,591,sub_line_text,text,text_0,courier,regular,9,38tab01_20211228_170122_6469987473_600_800.png,/scratch/parceirosbr/bigoilict/share/BigOil/document_generator/datasets/documents_2021_12_28/38tab01_20211228_170122_6469987473_600_800.png,38tab01_20211228_170122_6469987473_600_800_mask.png,de  explotar  óleo  e  gás  em  regiões que são inacessíveis com a tecnologia existente. A
225,5,451,10,81,598,532,608,81,598,532,598,532,608,81,608,sub_line_text,text,text_0,courier,regular,9,38tab01_20211228_170122_6469987473_600_800.png,/scratch/parceirosbr/bigoilict/share/BigOil/document_generator/datasets/documents_2021_12_28/38tab01_20211228_170122_6469987473_600_800.png,38tab01_20211228_170122_6469987473_600_800_mask.png,leitura  dos  metais foi realizada por espectrofotometria de absorção atômica com chama em
225,22,451,44,81,564,532,608,81,564,532,564,532,608,81,608,text,text,text_0,courier,regular,9,38tab01_20211228_170122_6469987473_600_800.png,/scratch/parceirosbr/bigoilict/share/BigOil/document_generator/datasets/documents_2021_12_28/38tab01_20211228_170122_6469987473_600_800.png,38tab01_20211228_170122_6469987473_600_800_mask.png,nan
