center_x,center_y,width,height,xmin,ymin,xmax,ymax,top_left_x,top_left_y,top_right_x,top_right_y,bottom_right_x,bottom_right_y,bottom_left_x,bottom_left_y,label,grouplabel,group,text_font,text_style,size_font,filename,path,filename_mask,content
300,400,600,800,0,0,600,800,0,0,600,0,600,800,0,800,document,,,,,,38tab01_20211228_170125_8187202836_600_800.png,/scratch/parceirosbr/bigoilict/share/BigOil/document_generator/datasets/documents_2021_12_28/38tab01_20211228_170125_8187202836_600_800.png,38tab01_20211228_170125_8187202836_600_800_mask.png,
235,41,470,83,67,85,537,168,67,85,537,86,537,168,67,167,table,header,table_0,raleway,regular,8.0,38tab01_20211228_170125_8187202836_600_800.png,/scratch/parceirosbr/bigoilict/share/BigOil/document_generator/datasets/documents_2021_12_28/38tab01_20211228_170125_8187202836_600_800.png,38tab01_20211228_170125_8187202836_600_800_mask.png,nan
137,8,274,17,107,87,381,104,107,87,381,88,381,104,107,103,text,table_text,table_0,raleway,bold,12.0,38tab01_20211228_170125_8187202836_600_800.png,/scratch/parceirosbr/bigoilict/share/BigOil/document_generator/datasets/documents_2021_12_28/38tab01_20211228_170125_8187202836_600_800.png,38tab01_20211228_170125_8187202836_600_800_mask.png,"O gaussiano, utilizado pelo e afunção de caixas "
137,8,274,17,107,87,381,104,107,87,381,88,381,104,107,103,sub_line_text,table_text,table_0,raleway,bold,12.0,38tab01_20211228_170125_8187202836_600_800.png,/scratch/parceirosbr/bigoilict/share/BigOil/document_generator/datasets/documents_2021_12_28/38tab01_20211228_170125_8187202836_600_800.png,38tab01_20211228_170125_8187202836_600_800_mask.png,"O gaussiano, utilizado pelo e afunção de caixas "
141,7,283,14,103,107,386,121,103,107,386,108,386,121,103,120,text,table_text,table_0,raleway,bolditalic,10.0,38tab01_20211228_170125_8187202836_600_800.png,/scratch/parceirosbr/bigoilict/share/BigOil/document_generator/datasets/documents_2021_12_28/38tab01_20211228_170125_8187202836_600_800.png,38tab01_20211228_170125_8187202836_600_800_mask.png,Os reservatórios de combustível do motor possuem buretas 
141,7,283,14,103,107,386,121,103,107,386,108,386,121,103,120,sub_line_text,table_text,table_0,raleway,bolditalic,10.0,38tab01_20211228_170125_8187202836_600_800.png,/scratch/parceirosbr/bigoilict/share/BigOil/document_generator/datasets/documents_2021_12_28/38tab01_20211228_170125_8187202836_600_800.png,38tab01_20211228_170125_8187202836_600_800_mask.png,Os reservatórios de combustível do motor possuem buretas 
153,7,306,14,91,127,397,141,91,127,397,128,397,141,91,140,text,table_text,table_0,raleway,bolditalic,10.0,38tab01_20211228_170125_8187202836_600_800.png,/scratch/parceirosbr/bigoilict/share/BigOil/document_generator/datasets/documents_2021_12_28/38tab01_20211228_170125_8187202836_600_800.png,38tab01_20211228_170125_8187202836_600_800_mask.png,O mesmo princípio continuará valendo para qualquer número de 
153,7,306,14,91,127,397,141,91,127,397,128,397,141,91,140,sub_line_text,table_text,table_0,raleway,bolditalic,10.0,38tab01_20211228_170125_8187202836_600_800.png,/scratch/parceirosbr/bigoilict/share/BigOil/document_generator/datasets/documents_2021_12_28/38tab01_20211228_170125_8187202836_600_800.png,38tab01_20211228_170125_8187202836_600_800_mask.png,O mesmo princípio continuará valendo para qualquer número de 
15,6,31,12,463,88,494,100,463,88,494,88,494,100,463,100,text,table_text,table_0,raleway,bold,9.0,38tab01_20211228_170125_8187202836_600_800.png,/scratch/parceirosbr/bigoilict/share/BigOil/document_generator/datasets/documents_2021_12_28/38tab01_20211228_170125_8187202836_600_800.png,38tab01_20211228_170125_8187202836_600_800_mask.png,grande
15,6,31,12,463,88,494,100,463,88,494,88,494,100,463,100,sub_line_text,table_text,table_0,raleway,bold,9.0,38tab01_20211228_170125_8187202836_600_800.png,/scratch/parceirosbr/bigoilict/share/BigOil/document_generator/datasets/documents_2021_12_28/38tab01_20211228_170125_8187202836_600_800.png,38tab01_20211228_170125_8187202836_600_800_mask.png,grande
6,3,13,7,423,108,436,115,423,108,436,108,436,115,423,115,text,table_text,table_0,raleway,regular,5.0,38tab01_20211228_170125_8187202836_600_800.png,/scratch/parceirosbr/bigoilict/share/BigOil/document_generator/datasets/documents_2021_12_28/38tab01_20211228_170125_8187202836_600_800.png,38tab01_20211228_170125_8187202836_600_800_mask.png,épela
6,3,13,7,423,108,436,115,423,108,436,108,436,115,423,115,sub_line_text,table_text,table_0,raleway,regular,5.0,38tab01_20211228_170125_8187202836_600_800.png,/scratch/parceirosbr/bigoilict/share/BigOil/document_generator/datasets/documents_2021_12_28/38tab01_20211228_170125_8187202836_600_800.png,38tab01_20211228_170125_8187202836_600_800_mask.png,épela
6,3,12,7,423,128,435,135,423,128,435,128,435,135,423,135,text,table_text,table_0,raleway,regular,5.0,38tab01_20211228_170125_8187202836_600_800.png,/scratch/parceirosbr/bigoilict/share/BigOil/document_generator/datasets/documents_2021_12_28/38tab01_20211228_170125_8187202836_600_800.png,38tab01_20211228_170125_8187202836_600_800_mask.png,mais
6,3,12,7,423,128,435,135,423,128,435,128,435,135,423,135,sub_line_text,table_text,table_0,raleway,regular,5.0,38tab01_20211228_170125_8187202836_600_800.png,/scratch/parceirosbr/bigoilict/share/BigOil/document_generator/datasets/documents_2021_12_28/38tab01_20211228_170125_8187202836_600_800.png,38tab01_20211228_170125_8187202836_600_800_mask.png,mais
14,3,29,7,423,148,452,155,423,148,452,148,452,155,423,155,text,table_text,table_0,raleway,regular,5.0,38tab01_20211228_170125_8187202836_600_800.png,/scratch/parceirosbr/bigoilict/share/BigOil/document_generator/datasets/documents_2021_12_28/38tab01_20211228_170125_8187202836_600_800.png,38tab01_20211228_170125_8187202836_600_800_mask.png,pelasalturas
14,3,29,7,423,148,452,155,423,148,452,148,452,155,423,155,sub_line_text,table_text,table_0,raleway,regular,5.0,38tab01_20211228_170125_8187202836_600_800.png,/scratch/parceirosbr/bigoilict/share/BigOil/document_generator/datasets/documents_2021_12_28/38tab01_20211228_170125_8187202836_600_800.png,38tab01_20211228_170125_8187202836_600_800_mask.png,pelasalturas
14,5,28,11,487,108,515,119,487,108,515,108,515,119,487,119,text,table_text,table_0,raleway,regular,8.0,38tab01_20211228_170125_8187202836_600_800.png,/scratch/parceirosbr/bigoilict/share/BigOil/document_generator/datasets/documents_2021_12_28/38tab01_20211228_170125_8187202836_600_800.png,38tab01_20211228_170125_8187202836_600_800_mask.png,medida
14,5,28,11,487,108,515,119,487,108,515,108,515,119,487,119,sub_line_text,table_text,table_0,raleway,regular,8.0,38tab01_20211228_170125_8187202836_600_800.png,/scratch/parceirosbr/bigoilict/share/BigOil/document_generator/datasets/documents_2021_12_28/38tab01_20211228_170125_8187202836_600_800.png,38tab01_20211228_170125_8187202836_600_800_mask.png,medida
12,5,25,11,488,128,513,139,488,128,513,128,513,139,488,139,text,table_text,table_0,raleway,regular,8.0,38tab01_20211228_170125_8187202836_600_800.png,/scratch/parceirosbr/bigoilict/share/BigOil/document_generator/datasets/documents_2021_12_28/38tab01_20211228_170125_8187202836_600_800.png,38tab01_20211228_170125_8187202836_600_800_mask.png,reação
12,5,25,11,488,128,513,139,488,128,513,128,513,139,488,139,sub_line_text,table_text,table_0,raleway,regular,8.0,38tab01_20211228_170125_8187202836_600_800.png,/scratch/parceirosbr/bigoilict/share/BigOil/document_generator/datasets/documents_2021_12_28/38tab01_20211228_170125_8187202836_600_800.png,38tab01_20211228_170125_8187202836_600_800_mask.png,reação
11,5,22,11,489,148,511,159,489,148,511,148,511,159,489,159,text,table_text,table_0,raleway,regular,8.0,38tab01_20211228_170125_8187202836_600_800.png,/scratch/parceirosbr/bigoilict/share/BigOil/document_generator/datasets/documents_2021_12_28/38tab01_20211228_170125_8187202836_600_800.png,38tab01_20211228_170125_8187202836_600_800_mask.png,então
11,5,22,11,489,148,511,159,489,148,511,148,511,159,489,159,sub_line_text,table_text,table_0,raleway,regular,8.0,38tab01_20211228_170125_8187202836_600_800.png,/scratch/parceirosbr/bigoilict/share/BigOil/document_generator/datasets/documents_2021_12_28/38tab01_20211228_170125_8187202836_600_800.png,38tab01_20211228_170125_8187202836_600_800_mask.png,então
235,14,471,29,65,727,536,756,66,727,536,728,535,756,65,755,table,footer,table_1,raleway,regular,8.0,38tab01_20211228_170125_8187202836_600_800.png,/scratch/parceirosbr/bigoilict/share/BigOil/document_generator/datasets/documents_2021_12_28/38tab01_20211228_170125_8187202836_600_800.png,38tab01_20211228_170125_8187202836_600_800_mask.png,nan
207,6,414,12,93,729,507,741,94,729,507,730,506,741,93,740,text,table_text,table_1,raleway,bold,8.0,38tab01_20211228_170125_8187202836_600_800.png,/scratch/parceirosbr/bigoilict/share/BigOil/document_generator/datasets/documents_2021_12_28/38tab01_20211228_170125_8187202836_600_800.png,38tab01_20211228_170125_8187202836_600_800_mask.png,os picos indicativos do consumo de a baixa temperatura referem-se à redução de espécies as quais eram 
207,6,414,12,93,729,507,741,94,729,507,730,506,741,93,740,sub_line_text,table_text,table_1,raleway,bold,8.0,38tab01_20211228_170125_8187202836_600_800.png,/scratch/parceirosbr/bigoilict/share/BigOil/document_generator/datasets/documents_2021_12_28/38tab01_20211228_170125_8187202836_600_800.png,38tab01_20211228_170125_8187202836_600_800_mask.png,os picos indicativos do consumo de a baixa temperatura referem-se à redução de espécies as quais eram 
195,6,390,12,105,742,495,754,105,742,495,743,495,754,105,753,text,table_text,table_1,raleway,regular,8.0,38tab01_20211228_170125_8187202836_600_800.png,/scratch/parceirosbr/bigoilict/share/BigOil/document_generator/datasets/documents_2021_12_28/38tab01_20211228_170125_8187202836_600_800.png,38tab01_20211228_170125_8187202836_600_800_mask.png,A água de retorno e a água produzida devem ser armazenadas em sistemas de tanques ou contêineres 
195,6,390,12,105,742,495,754,105,742,495,743,495,754,105,753,sub_line_text,table_text,table_1,raleway,regular,8.0,38tab01_20211228_170125_8187202836_600_800.png,/scratch/parceirosbr/bigoilict/share/BigOil/document_generator/datasets/documents_2021_12_28/38tab01_20211228_170125_8187202836_600_800.png,38tab01_20211228_170125_8187202836_600_800_mask.png,A água de retorno e a água produzida devem ser armazenadas em sistemas de tanques ou contêineres 
226,18,452,36,76,187,528,223,76,187,528,188,528,223,76,222,table,table_image,table_2,raleway,regular,8.0,38tab01_20211228_170125_8187202836_600_800.png,/scratch/parceirosbr/bigoilict/share/BigOil/document_generator/datasets/documents_2021_12_28/38tab01_20211228_170125_8187202836_600_800.png,38tab01_20211228_170125_8187202836_600_800_mask.png,nan
15,5,31,11,104,189,135,200,104,189,135,189,135,200,104,200,text,table_text,table_2,raleway,regular,8.0,38tab01_20211228_170125_8187202836_600_800.png,/scratch/parceirosbr/bigoilict/share/BigOil/document_generator/datasets/documents_2021_12_28/38tab01_20211228_170125_8187202836_600_800.png,38tab01_20211228_170125_8187202836_600_800_mask.png,gasolina
15,5,31,11,104,189,135,200,104,189,135,189,135,200,104,200,sub_line_text,table_text,table_2,raleway,regular,8.0,38tab01_20211228_170125_8187202836_600_800.png,/scratch/parceirosbr/bigoilict/share/BigOil/document_generator/datasets/documents_2021_12_28/38tab01_20211228_170125_8187202836_600_800.png,38tab01_20211228_170125_8187202836_600_800_mask.png,gasolina
25,5,51,11,94,200,145,211,94,200,145,200,145,211,94,211,text,table_text,table_2,raleway,regular,8.0,38tab01_20211228_170125_8187202836_600_800.png,/scratch/parceirosbr/bigoilict/share/BigOil/document_generator/datasets/documents_2021_12_28/38tab01_20211228_170125_8187202836_600_800.png,38tab01_20211228_170125_8187202836_600_800_mask.png,concentração
25,5,51,11,94,200,145,211,94,200,145,200,145,211,94,211,sub_line_text,table_text,table_2,raleway,regular,8.0,38tab01_20211228_170125_8187202836_600_800.png,/scratch/parceirosbr/bigoilict/share/BigOil/document_generator/datasets/documents_2021_12_28/38tab01_20211228_170125_8187202836_600_800.png,38tab01_20211228_170125_8187202836_600_800_mask.png,concentração
20,5,40,11,188,189,228,200,188,189,228,189,228,200,188,200,text,table_text,table_2,raleway,regular,8.0,38tab01_20211228_170125_8187202836_600_800.png,/scratch/parceirosbr/bigoilict/share/BigOil/document_generator/datasets/documents_2021_12_28/38tab01_20211228_170125_8187202836_600_800.png,38tab01_20211228_170125_8187202836_600_800_mask.png,diferentes
20,5,40,11,188,189,228,200,188,189,228,189,228,200,188,200,sub_line_text,table_text,table_2,raleway,regular,8.0,38tab01_20211228_170125_8187202836_600_800.png,/scratch/parceirosbr/bigoilict/share/BigOil/document_generator/datasets/documents_2021_12_28/38tab01_20211228_170125_8187202836_600_800.png,38tab01_20211228_170125_8187202836_600_800_mask.png,diferentes
13,5,26,11,195,200,221,211,195,200,221,200,221,211,195,211,text,table_text,table_2,raleway,regular,8.0,38tab01_20211228_170125_8187202836_600_800.png,/scratch/parceirosbr/bigoilict/share/BigOil/document_generator/datasets/documents_2021_12_28/38tab01_20211228_170125_8187202836_600_800.png,38tab01_20211228_170125_8187202836_600_800_mask.png,sujeito
13,5,26,11,195,200,221,211,195,200,221,200,221,211,195,211,sub_line_text,table_text,table_2,raleway,regular,8.0,38tab01_20211228_170125_8187202836_600_800.png,/scratch/parceirosbr/bigoilict/share/BigOil/document_generator/datasets/documents_2021_12_28/38tab01_20211228_170125_8187202836_600_800.png,38tab01_20211228_170125_8187202836_600_800_mask.png,sujeito
32,5,65,11,264,189,329,200,264,189,329,189,329,200,264,200,text,table_text,table_2,raleway,regular,8.0,38tab01_20211228_170125_8187202836_600_800.png,/scratch/parceirosbr/bigoilict/share/BigOil/document_generator/datasets/documents_2021_12_28/38tab01_20211228_170125_8187202836_600_800.png,38tab01_20211228_170125_8187202836_600_800_mask.png,comportamentos
32,5,65,11,264,189,329,200,264,189,329,189,329,200,264,200,sub_line_text,table_text,table_2,raleway,regular,8.0,38tab01_20211228_170125_8187202836_600_800.png,/scratch/parceirosbr/bigoilict/share/BigOil/document_generator/datasets/documents_2021_12_28/38tab01_20211228_170125_8187202836_600_800.png,38tab01_20211228_170125_8187202836_600_800_mask.png,comportamentos
10,5,20,11,286,209,306,220,286,209,306,209,306,220,286,220,text,table_text,table_2,raleway,regular,8.0,38tab01_20211228_170125_8187202836_600_800.png,/scratch/parceirosbr/bigoilict/share/BigOil/document_generator/datasets/documents_2021_12_28/38tab01_20211228_170125_8187202836_600_800.png,38tab01_20211228_170125_8187202836_600_800_mask.png,9.852
10,5,20,11,286,209,306,220,286,209,306,209,306,220,286,220,sub_line_text,table_text,table_2,raleway,regular,8.0,38tab01_20211228_170125_8187202836_600_800.png,/scratch/parceirosbr/bigoilict/share/BigOil/document_generator/datasets/documents_2021_12_28/38tab01_20211228_170125_8187202836_600_800.png,38tab01_20211228_170125_8187202836_600_800_mask.png,9.852
13,6,27,12,375,189,402,201,375,189,402,190,402,201,375,200,text,table_text,table_2,raleway,regular,8.0,38tab01_20211228_170125_8187202836_600_800.png,/scratch/parceirosbr/bigoilict/share/BigOil/document_generator/datasets/documents_2021_12_28/38tab01_20211228_170125_8187202836_600_800.png,38tab01_20211228_170125_8187202836_600_800_mask.png,quanto
13,6,27,12,375,189,402,201,375,189,402,190,402,201,375,200,sub_line_text,table_text,table_2,raleway,regular,8.0,38tab01_20211228_170125_8187202836_600_800.png,/scratch/parceirosbr/bigoilict/share/BigOil/document_generator/datasets/documents_2021_12_28/38tab01_20211228_170125_8187202836_600_800.png,38tab01_20211228_170125_8187202836_600_800_mask.png,quanto
30,6,61,12,358,209,419,221,358,209,419,210,419,221,358,220,text,table_text,table_2,raleway,regular,8.0,38tab01_20211228_170125_8187202836_600_800.png,/scratch/parceirosbr/bigoilict/share/BigOil/document_generator/datasets/documents_2021_12_28/38tab01_20211228_170125_8187202836_600_800.png,38tab01_20211228_170125_8187202836_600_800_mask.png,806618618.5390
30,6,61,12,358,209,419,221,358,209,419,210,419,221,358,220,sub_line_text,table_text,table_2,raleway,regular,8.0,38tab01_20211228_170125_8187202836_600_800.png,/scratch/parceirosbr/bigoilict/share/BigOil/document_generator/datasets/documents_2021_12_28/38tab01_20211228_170125_8187202836_600_800.png,38tab01_20211228_170125_8187202836_600_800_mask.png,806618618.5390
12,5,25,11,470,190,495,201,470,190,495,190,495,201,470,201,text,table_text,table_2,raleway,regular,8.0,38tab01_20211228_170125_8187202836_600_800.png,/scratch/parceirosbr/bigoilict/share/BigOil/document_generator/datasets/documents_2021_12_28/38tab01_20211228_170125_8187202836_600_800.png,38tab01_20211228_170125_8187202836_600_800_mask.png,custos
12,5,25,11,470,190,495,201,470,190,495,190,495,201,470,201,sub_line_text,table_text,table_2,raleway,regular,8.0,38tab01_20211228_170125_8187202836_600_800.png,/scratch/parceirosbr/bigoilict/share/BigOil/document_generator/datasets/documents_2021_12_28/38tab01_20211228_170125_8187202836_600_800.png,38tab01_20211228_170125_8187202836_600_800_mask.png,custos
30,5,60,11,452,210,512,221,452,210,512,210,512,221,452,221,text,table_text,table_2,raleway,regular,8.0,38tab01_20211228_170125_8187202836_600_800.png,/scratch/parceirosbr/bigoilict/share/BigOil/document_generator/datasets/documents_2021_12_28/38tab01_20211228_170125_8187202836_600_800.png,38tab01_20211228_170125_8187202836_600_800_mask.png,2047021455912.4
30,5,60,11,452,210,512,221,452,210,512,210,512,221,452,221,sub_line_text,table_text,table_2,raleway,regular,8.0,38tab01_20211228_170125_8187202836_600_800.png,/scratch/parceirosbr/bigoilict/share/BigOil/document_generator/datasets/documents_2021_12_28/38tab01_20211228_170125_8187202836_600_800.png,38tab01_20211228_170125_8187202836_600_800_mask.png,2047021455912.4
76,8,152,16,226,233,378,249,226,233,378,233,378,249,226,249,sub_line_text,subtitle,subtitle_0,raleway,bolditalic,12,38tab01_20211228_170125_8187202836_600_800.png,/scratch/parceirosbr/bigoilict/share/BigOil/document_generator/datasets/documents_2021_12_28/38tab01_20211228_170125_8187202836_600_800.png,38tab01_20211228_170125_8187202836_600_800_mask.png,Acordo as 5.43 5.44 tem-se
76,8,152,16,226,233,378,249,226,233,378,233,378,249,226,249,title,subtitle,subtitle_0,raleway,bolditalic,12,38tab01_20211228_170125_8187202836_600_800.png,/scratch/parceirosbr/bigoilict/share/BigOil/document_generator/datasets/documents_2021_12_28/38tab01_20211228_170125_8187202836_600_800.png,38tab01_20211228_170125_8187202836_600_800_mask.png,nan
106,9,212,18,196,272,408,290,196,272,408,272,408,290,196,290,sub_line_text,title,title_0,raleway,bolditalic,14,38tab01_20211228_170125_8187202836_600_800.png,/scratch/parceirosbr/bigoilict/share/BigOil/document_generator/datasets/documents_2021_12_28/38tab01_20211228_170125_8187202836_600_800.png,38tab01_20211228_170125_8187202836_600_800_mask.png,S8R5. desse tipo (Figura seguem
106,9,212,18,196,272,408,290,196,272,408,272,408,290,196,290,title,title,title_0,raleway,bolditalic,14,38tab01_20211228_170125_8187202836_600_800.png,/scratch/parceirosbr/bigoilict/share/BigOil/document_generator/datasets/documents_2021_12_28/38tab01_20211228_170125_8187202836_600_800.png,38tab01_20211228_170125_8187202836_600_800_mask.png,nan
111,8,223,16,190,292,413,308,190,292,413,292,413,308,190,308,sub_line_text,subtitle,subtitle_1,raleway,bolditalic,12,38tab01_20211228_170125_8187202836_600_800.png,/scratch/parceirosbr/bigoilict/share/BigOil/document_generator/datasets/documents_2021_12_28/38tab01_20211228_170125_8187202836_600_800.png,38tab01_20211228_170125_8187202836_600_800_mask.png,Posse modelo provisório próximo passo
111,8,223,16,190,292,413,308,190,292,413,292,413,308,190,308,title,subtitle,subtitle_1,raleway,bolditalic,12,38tab01_20211228_170125_8187202836_600_800.png,/scratch/parceirosbr/bigoilict/share/BigOil/document_generator/datasets/documents_2021_12_28/38tab01_20211228_170125_8187202836_600_800.png,38tab01_20211228_170125_8187202836_600_800_mask.png,nan
225,6,451,12,76,310,527,322,76,310,527,311,527,322,76,321,sub_line_text,text,text_0,raleway,regular,8,38tab01_20211228_170125_8187202836_600_800.png,/scratch/parceirosbr/bigoilict/share/BigOil/document_generator/datasets/documents_2021_12_28/38tab01_20211228_170125_8187202836_600_800.png,38tab01_20211228_170125_8187202836_600_800_mask.png,"Entretanto,  não  é  objetivo  deste  trabalho  a  discussão  da  poluição  que  é  gerada  pelo  consumo  dos derivados de"
225,6,451,12,76,326,527,338,76,326,527,327,527,338,76,337,sub_line_text,text,text_0,raleway,regular,8,38tab01_20211228_170125_8187202836_600_800.png,/scratch/parceirosbr/bigoilict/share/BigOil/document_generator/datasets/documents_2021_12_28/38tab01_20211228_170125_8187202836_600_800.png,38tab01_20211228_170125_8187202836_600_800_mask.png,"petróleo,  independente  dos  usos  a  que  serão  destinados.  Essa  via  é  formada  pela  via  de  síntese  de  glicerol de"
225,6,451,12,76,342,527,354,76,342,527,343,527,354,76,353,sub_line_text,text,text_0,raleway,regular,8,38tab01_20211228_170125_8187202836_600_800.png,/scratch/parceirosbr/bigoilict/share/BigOil/document_generator/datasets/documents_2021_12_28/38tab01_20211228_170125_8187202836_600_800.png,38tab01_20211228_170125_8187202836_600_800_mask.png,cerevisiae (catalisada por glicerol 3-fosfato desidrogenase e glicerol 3-fosfato fosfatase) e a via metabólica de conversão
226,6,452,12,76,358,528,370,76,358,528,359,528,370,76,369,sub_line_text,text,text_0,raleway,regular,8,38tab01_20211228_170125_8187202836_600_800.png,/scratch/parceirosbr/bigoilict/share/BigOil/document_generator/datasets/documents_2021_12_28/38tab01_20211228_170125_8187202836_600_800.png,38tab01_20211228_170125_8187202836_600_800_mask.png,"de  glicerol  a  1,3-propanodiol  por  pneumoniae (catalisada pela glicerol desidratase) integradas em coli.  Para verificação"
226,6,452,12,75,374,527,386,75,374,527,375,527,386,75,385,sub_line_text,text,text_0,raleway,regular,8,38tab01_20211228_170125_8187202836_600_800.png,/scratch/parceirosbr/bigoilict/share/BigOil/document_generator/datasets/documents_2021_12_28/38tab01_20211228_170125_8187202836_600_800.png,38tab01_20211228_170125_8187202836_600_800_mask.png,"do  efeito  das  correntes  sobre  o  sistema  proposto,  foi  feito  um estudo da fadiga na estrutura quando submetida às"
226,6,452,12,75,390,527,402,75,390,527,391,527,402,75,401,sub_line_text,text,text_0,raleway,regular,8,38tab01_20211228_170125_8187202836_600_800.png,/scratch/parceirosbr/bigoilict/share/BigOil/document_generator/datasets/documents_2021_12_28/38tab01_20211228_170125_8187202836_600_800.png,38tab01_20211228_170125_8187202836_600_800_mask.png,"duas  correntes  abaixo,  ambas  de  perfil  não  uniforme:  de  maior  probabilidade  de ocorrência mais severa com maior"
226,6,452,12,75,406,527,418,75,406,527,407,527,418,75,417,sub_line_text,text,text_0,raleway,regular,8,38tab01_20211228_170125_8187202836_600_800.png,/scratch/parceirosbr/bigoilict/share/BigOil/document_generator/datasets/documents_2021_12_28/38tab01_20211228_170125_8187202836_600_800.png,38tab01_20211228_170125_8187202836_600_800_mask.png,"distribuição  de  velocidades.  Pode-se  dizer,  também,  que  para  o  esta é uma tecnologia bastante adequada, devido à"
225,6,451,12,75,422,526,434,75,422,526,423,526,434,75,433,sub_line_text,text,text_0,raleway,regular,8,38tab01_20211228_170125_8187202836_600_800.png,/scratch/parceirosbr/bigoilict/share/BigOil/document_generator/datasets/documents_2021_12_28/38tab01_20211228_170125_8187202836_600_800.png,38tab01_20211228_170125_8187202836_600_800_mask.png,"disponibilidade  de  óleos  vegetais  e  de  álcool  etílico  derivado  da cana-de-açúcar. et al, 2005).  Os resultados obtidos"
201,6,402,12,75,438,477,450,75,438,477,439,477,450,75,449,sub_line_text,text,text_0,raleway,regular,8,38tab01_20211228_170125_8187202836_600_800.png,/scratch/parceirosbr/bigoilict/share/BigOil/document_generator/datasets/documents_2021_12_28/38tab01_20211228_170125_8187202836_600_800.png,38tab01_20211228_170125_8187202836_600_800_mask.png,"nesses estudos, principalmente os referentes às emissões de que se enquadram na categoria de impacto."
226,70,453,140,75,310,528,450,76,310,528,311,527,450,75,449,text,text,text_0,raleway,regular,8,38tab01_20211228_170125_8187202836_600_800.png,/scratch/parceirosbr/bigoilict/share/BigOil/document_generator/datasets/documents_2021_12_28/38tab01_20211228_170125_8187202836_600_800.png,38tab01_20211228_170125_8187202836_600_800_mask.png,nan
226,6,452,12,75,454,527,466,75,454,527,455,527,466,75,465,sub_line_text,text,text_1,raleway,regular,8,38tab01_20211228_170125_8187202836_600_800.png,/scratch/parceirosbr/bigoilict/share/BigOil/document_generator/datasets/documents_2021_12_28/38tab01_20211228_170125_8187202836_600_800.png,38tab01_20211228_170125_8187202836_600_800_mask.png,"Destas,  3.978  apresentaram  não  conformida-de1. analisadas 44.433 amostras de eta-nol hidratado, 89.862 de gasolina e"
226,6,452,12,75,470,527,482,75,470,527,471,527,482,75,481,sub_line_text,text,text_1,raleway,regular,8,38tab01_20211228_170125_8187202836_600_800.png,/scratch/parceirosbr/bigoilict/share/BigOil/document_generator/datasets/documents_2021_12_28/38tab01_20211228_170125_8187202836_600_800.png,38tab01_20211228_170125_8187202836_600_800_mask.png,"83.359  de  óleo  diesel;  destas, estavam não conformes, respectivamente, 705, 1.070 e 2.203. Directive of water demand"
225,6,451,12,75,486,526,498,75,486,526,487,526,498,75,497,sub_line_text,text,text_1,raleway,regular,8,38tab01_20211228_170125_8187202836_600_800.png,/scratch/parceirosbr/bigoilict/share/BigOil/document_generator/datasets/documents_2021_12_28/38tab01_20211228_170125_8187202836_600_800.png,38tab01_20211228_170125_8187202836_600_800_mask.png,and   flowback   water:   recommendations   from   research8   and   recommendations   from  report  on  and  of  fugitive
226,6,452,12,75,502,527,514,75,502,527,503,527,514,75,513,sub_line_text,text,text_1,raleway,regular,8,38tab01_20211228_170125_8187202836_600_800.png,/scratch/parceirosbr/bigoilict/share/BigOil/document_generator/datasets/documents_2021_12_28/38tab01_20211228_170125_8187202836_600_800.png,38tab01_20211228_170125_8187202836_600_800_mask.png,greenhouse  gas  emissions:  recommendations  from and.  Dedico este trabalho àqueles que me apoiaram em todos os
226,6,452,12,75,518,527,530,75,518,527,519,527,530,75,529,sub_line_text,text,text_1,raleway,regular,8,38tab01_20211228_170125_8187202836_600_800.png,/scratch/parceirosbr/bigoilict/share/BigOil/document_generator/datasets/documents_2021_12_28/38tab01_20211228_170125_8187202836_600_800.png,38tab01_20211228_170125_8187202836_600_800_mask.png,"passos  de  minha  vida,  meus  pais.  Dentro  deste  novo  ambiente  regulatório,  a  deverá  propor à da a revogação da n"
225,6,451,12,75,534,526,546,75,534,526,535,526,546,75,545,sub_line_text,text,text_1,raleway,regular,8,38tab01_20211228_170125_8187202836_600_800.png,/scratch/parceirosbr/bigoilict/share/BigOil/document_generator/datasets/documents_2021_12_28/38tab01_20211228_170125_8187202836_600_800.png,38tab01_20211228_170125_8187202836_600_800_mask.png,"43/98, que até então estabelecia os requisitos para o processo de outorga da autorização de importação de gás natural."
226,46,452,92,75,454,527,546,75,454,527,455,527,546,75,545,text,text,text_1,raleway,regular,8,38tab01_20211228_170125_8187202836_600_800.png,/scratch/parceirosbr/bigoilict/share/BigOil/document_generator/datasets/documents_2021_12_28/38tab01_20211228_170125_8187202836_600_800.png,38tab01_20211228_170125_8187202836_600_800_mask.png,nan
226,47,452,94,75,544,527,638,75,544,527,545,527,638,75,637,table,table_image,table_4,raleway,regular,8.0,38tab01_20211228_170125_8187202836_600_800.png,/scratch/parceirosbr/bigoilict/share/BigOil/document_generator/datasets/documents_2021_12_28/38tab01_20211228_170125_8187202836_600_800.png,38tab01_20211228_170125_8187202836_600_800_mask.png,nan
5,5,10,11,83,548,93,559,83,548,93,548,93,559,83,559,text,table_text,table_4,raleway,bold,8.0,38tab01_20211228_170125_8187202836_600_800.png,/scratch/parceirosbr/bigoilict/share/BigOil/document_generator/datasets/documents_2021_12_28/38tab01_20211228_170125_8187202836_600_800.png,38tab01_20211228_170125_8187202836_600_800_mask.png,da
5,5,10,11,83,548,93,559,83,548,93,548,93,559,83,559,sub_line_text,table_text,table_4,raleway,bold,8.0,38tab01_20211228_170125_8187202836_600_800.png,/scratch/parceirosbr/bigoilict/share/BigOil/document_generator/datasets/documents_2021_12_28/38tab01_20211228_170125_8187202836_600_800.png,38tab01_20211228_170125_8187202836_600_800_mask.png,da
7,5,15,11,80,559,95,570,80,559,95,559,95,570,80,570,text,table_text,table_4,raleway,bold,8.0,38tab01_20211228_170125_8187202836_600_800.png,/scratch/parceirosbr/bigoilict/share/BigOil/document_generator/datasets/documents_2021_12_28/38tab01_20211228_170125_8187202836_600_800.png,38tab01_20211228_170125_8187202836_600_800_mask.png,dito
7,5,15,11,80,559,95,570,80,559,95,559,95,570,80,570,sub_line_text,table_text,table_4,raleway,bold,8.0,38tab01_20211228_170125_8187202836_600_800.png,/scratch/parceirosbr/bigoilict/share/BigOil/document_generator/datasets/documents_2021_12_28/38tab01_20211228_170125_8187202836_600_800.png,38tab01_20211228_170125_8187202836_600_800_mask.png,dito
3,5,7,11,84,587,91,598,84,587,91,587,91,598,84,598,text,table_text,table_4,raleway,regular,8.0,38tab01_20211228_170125_8187202836_600_800.png,/scratch/parceirosbr/bigoilict/share/BigOil/document_generator/datasets/documents_2021_12_28/38tab01_20211228_170125_8187202836_600_800.png,38tab01_20211228_170125_8187202836_600_800_mask.png,ar
3,5,7,11,84,587,91,598,84,587,91,587,91,598,84,598,sub_line_text,table_text,table_4,raleway,regular,8.0,38tab01_20211228_170125_8187202836_600_800.png,/scratch/parceirosbr/bigoilict/share/BigOil/document_generator/datasets/documents_2021_12_28/38tab01_20211228_170125_8187202836_600_800.png,38tab01_20211228_170125_8187202836_600_800_mask.png,ar
4,5,8,11,83,611,91,622,83,611,91,611,91,622,83,622,text,table_text,table_4,raleway,regular,8.0,38tab01_20211228_170125_8187202836_600_800.png,/scratch/parceirosbr/bigoilict/share/BigOil/document_generator/datasets/documents_2021_12_28/38tab01_20211228_170125_8187202836_600_800.png,38tab01_20211228_170125_8187202836_600_800_mask.png,as
4,5,8,11,83,611,91,622,83,611,91,611,91,622,83,622,sub_line_text,table_text,table_4,raleway,regular,8.0,38tab01_20211228_170125_8187202836_600_800.png,/scratch/parceirosbr/bigoilict/share/BigOil/document_generator/datasets/documents_2021_12_28/38tab01_20211228_170125_8187202836_600_800.png,38tab01_20211228_170125_8187202836_600_800_mask.png,as
3,5,7,11,84,624,91,635,84,624,91,624,91,635,84,635,text,table_text,table_4,raleway,regular,8.0,38tab01_20211228_170125_8187202836_600_800.png,/scratch/parceirosbr/bigoilict/share/BigOil/document_generator/datasets/documents_2021_12_28/38tab01_20211228_170125_8187202836_600_800.png,38tab01_20211228_170125_8187202836_600_800_mask.png,ar
3,5,7,11,84,624,91,635,84,624,91,624,91,635,84,635,sub_line_text,table_text,table_4,raleway,regular,8.0,38tab01_20211228_170125_8187202836_600_800.png,/scratch/parceirosbr/bigoilict/share/BigOil/document_generator/datasets/documents_2021_12_28/38tab01_20211228_170125_8187202836_600_800.png,38tab01_20211228_170125_8187202836_600_800_mask.png,ar
2,5,5,11,107,548,112,559,107,548,112,548,112,559,107,559,text,table_text,table_4,raleway,bold,8.0,38tab01_20211228_170125_8187202836_600_800.png,/scratch/parceirosbr/bigoilict/share/BigOil/document_generator/datasets/documents_2021_12_28/38tab01_20211228_170125_8187202836_600_800.png,38tab01_20211228_170125_8187202836_600_800_mask.png,é
2,5,5,11,107,548,112,559,107,548,112,548,112,559,107,559,sub_line_text,table_text,table_4,raleway,bold,8.0,38tab01_20211228_170125_8187202836_600_800.png,/scratch/parceirosbr/bigoilict/share/BigOil/document_generator/datasets/documents_2021_12_28/38tab01_20211228_170125_8187202836_600_800.png,38tab01_20211228_170125_8187202836_600_800_mask.png,é
7,5,14,11,103,559,117,570,103,559,117,559,117,570,103,570,text,table_text,table_4,raleway,bold,8.0,38tab01_20211228_170125_8187202836_600_800.png,/scratch/parceirosbr/bigoilict/share/BigOil/document_generator/datasets/documents_2021_12_28/38tab01_20211228_170125_8187202836_600_800.png,38tab01_20211228_170125_8187202836_600_800_mask.png,são
7,5,14,11,103,559,117,570,103,559,117,559,117,570,103,570,sub_line_text,table_text,table_4,raleway,bold,8.0,38tab01_20211228_170125_8187202836_600_800.png,/scratch/parceirosbr/bigoilict/share/BigOil/document_generator/datasets/documents_2021_12_28/38tab01_20211228_170125_8187202836_600_800.png,38tab01_20211228_170125_8187202836_600_800_mask.png,são
8,5,16,11,101,587,117,598,101,587,117,587,117,598,101,598,text,table_text,table_4,raleway,regular,8.0,38tab01_20211228_170125_8187202836_600_800.png,/scratch/parceirosbr/bigoilict/share/BigOil/document_generator/datasets/documents_2021_12_28/38tab01_20211228_170125_8187202836_600_800.png,38tab01_20211228_170125_8187202836_600_800_mask.png,64.5
8,5,16,11,101,587,117,598,101,587,117,587,117,598,101,598,sub_line_text,table_text,table_4,raleway,regular,8.0,38tab01_20211228_170125_8187202836_600_800.png,/scratch/parceirosbr/bigoilict/share/BigOil/document_generator/datasets/documents_2021_12_28/38tab01_20211228_170125_8187202836_600_800.png,38tab01_20211228_170125_8187202836_600_800_mask.png,64.5
5,5,11,11,104,611,115,622,104,611,115,611,115,622,104,622,text,table_text,table_4,raleway,regular,8.0,38tab01_20211228_170125_8187202836_600_800.png,/scratch/parceirosbr/bigoilict/share/BigOil/document_generator/datasets/documents_2021_12_28/38tab01_20211228_170125_8187202836_600_800.png,38tab01_20211228_170125_8187202836_600_800_mask.png,5.8
5,5,11,11,104,611,115,622,104,611,115,611,115,622,104,622,sub_line_text,table_text,table_4,raleway,regular,8.0,38tab01_20211228_170125_8187202836_600_800.png,/scratch/parceirosbr/bigoilict/share/BigOil/document_generator/datasets/documents_2021_12_28/38tab01_20211228_170125_8187202836_600_800.png,38tab01_20211228_170125_8187202836_600_800_mask.png,5.8
5,5,10,11,105,624,115,635,105,624,115,624,115,635,105,635,text,table_text,table_4,raleway,regular,8.0,38tab01_20211228_170125_8187202836_600_800.png,/scratch/parceirosbr/bigoilict/share/BigOil/document_generator/datasets/documents_2021_12_28/38tab01_20211228_170125_8187202836_600_800.png,38tab01_20211228_170125_8187202836_600_800_mask.png,2.3
5,5,10,11,105,624,115,635,105,624,115,624,115,635,105,635,sub_line_text,table_text,table_4,raleway,regular,8.0,38tab01_20211228_170125_8187202836_600_800.png,/scratch/parceirosbr/bigoilict/share/BigOil/document_generator/datasets/documents_2021_12_28/38tab01_20211228_170125_8187202836_600_800.png,38tab01_20211228_170125_8187202836_600_800_mask.png,2.3
7,5,15,11,125,548,140,559,125,548,140,548,140,559,125,559,text,table_text,table_4,raleway,bold,8.0,38tab01_20211228_170125_8187202836_600_800.png,/scratch/parceirosbr/bigoilict/share/BigOil/document_generator/datasets/documents_2021_12_28/38tab01_20211228_170125_8187202836_600_800.png,38tab01_20211228_170125_8187202836_600_800_mask.png,tipo
7,5,15,11,125,548,140,559,125,548,140,548,140,559,125,559,sub_line_text,table_text,table_4,raleway,bold,8.0,38tab01_20211228_170125_8187202836_600_800.png,/scratch/parceirosbr/bigoilict/share/BigOil/document_generator/datasets/documents_2021_12_28/38tab01_20211228_170125_8187202836_600_800.png,38tab01_20211228_170125_8187202836_600_800_mask.png,tipo
5,5,10,11,127,559,137,570,127,559,137,559,137,570,127,570,text,table_text,table_4,raleway,bold,8.0,38tab01_20211228_170125_8187202836_600_800.png,/scratch/parceirosbr/bigoilict/share/BigOil/document_generator/datasets/documents_2021_12_28/38tab01_20211228_170125_8187202836_600_800.png,38tab01_20211228_170125_8187202836_600_800_mask.png,do
5,5,10,11,127,559,137,570,127,559,137,559,137,570,127,570,sub_line_text,table_text,table_4,raleway,bold,8.0,38tab01_20211228_170125_8187202836_600_800.png,/scratch/parceirosbr/bigoilict/share/BigOil/document_generator/datasets/documents_2021_12_28/38tab01_20211228_170125_8187202836_600_800.png,38tab01_20211228_170125_8187202836_600_800_mask.png,do
7,5,14,11,125,587,139,598,125,587,139,587,139,598,125,598,text,table_text,table_4,raleway,regular,8.0,38tab01_20211228_170125_8187202836_600_800.png,/scratch/parceirosbr/bigoilict/share/BigOil/document_generator/datasets/documents_2021_12_28/38tab01_20211228_170125_8187202836_600_800.png,38tab01_20211228_170125_8187202836_600_800_mask.png,626
7,5,14,11,125,587,139,598,125,587,139,587,139,598,125,598,sub_line_text,table_text,table_4,raleway,regular,8.0,38tab01_20211228_170125_8187202836_600_800.png,/scratch/parceirosbr/bigoilict/share/BigOil/document_generator/datasets/documents_2021_12_28/38tab01_20211228_170125_8187202836_600_800.png,38tab01_20211228_170125_8187202836_600_800_mask.png,626
2,5,4,11,131,611,135,622,131,611,135,611,135,622,131,622,text,table_text,table_4,raleway,regular,8.0,38tab01_20211228_170125_8187202836_600_800.png,/scratch/parceirosbr/bigoilict/share/BigOil/document_generator/datasets/documents_2021_12_28/38tab01_20211228_170125_8187202836_600_800.png,38tab01_20211228_170125_8187202836_600_800_mask.png,2
2,5,4,11,131,611,135,622,131,611,135,611,135,622,131,622,sub_line_text,table_text,table_4,raleway,regular,8.0,38tab01_20211228_170125_8187202836_600_800.png,/scratch/parceirosbr/bigoilict/share/BigOil/document_generator/datasets/documents_2021_12_28/38tab01_20211228_170125_8187202836_600_800.png,38tab01_20211228_170125_8187202836_600_800_mask.png,2
4,5,9,11,128,624,137,635,128,624,137,624,137,635,128,635,text,table_text,table_4,raleway,regular,8.0,38tab01_20211228_170125_8187202836_600_800.png,/scratch/parceirosbr/bigoilict/share/BigOil/document_generator/datasets/documents_2021_12_28/38tab01_20211228_170125_8187202836_600_800.png,38tab01_20211228_170125_8187202836_600_800_mask.png,59
4,5,9,11,128,624,137,635,128,624,137,624,137,635,128,635,sub_line_text,table_text,table_4,raleway,regular,8.0,38tab01_20211228_170125_8187202836_600_800.png,/scratch/parceirosbr/bigoilict/share/BigOil/document_generator/datasets/documents_2021_12_28/38tab01_20211228_170125_8187202836_600_800.png,38tab01_20211228_170125_8187202836_600_800_mask.png,59
16,5,32,11,151,548,183,559,151,548,183,548,183,559,151,559,text,table_text,table_4,raleway,bold,8.0,38tab01_20211228_170125_8187202836_600_800.png,/scratch/parceirosbr/bigoilict/share/BigOil/document_generator/datasets/documents_2021_12_28/38tab01_20211228_170125_8187202836_600_800.png,38tab01_20211228_170125_8187202836_600_800_mask.png,descrito
16,5,32,11,151,548,183,559,151,548,183,548,183,559,151,559,sub_line_text,table_text,table_4,raleway,bold,8.0,38tab01_20211228_170125_8187202836_600_800.png,/scratch/parceirosbr/bigoilict/share/BigOil/document_generator/datasets/documents_2021_12_28/38tab01_20211228_170125_8187202836_600_800.png,38tab01_20211228_170125_8187202836_600_800_mask.png,descrito
5,5,10,11,162,559,172,570,162,559,172,559,172,570,162,570,text,table_text,table_4,raleway,bold,8.0,38tab01_20211228_170125_8187202836_600_800.png,/scratch/parceirosbr/bigoilict/share/BigOil/document_generator/datasets/documents_2021_12_28/38tab01_20211228_170125_8187202836_600_800.png,38tab01_20211228_170125_8187202836_600_800_mask.png,de
5,5,10,11,162,559,172,570,162,559,172,559,172,570,162,570,sub_line_text,table_text,table_4,raleway,bold,8.0,38tab01_20211228_170125_8187202836_600_800.png,/scratch/parceirosbr/bigoilict/share/BigOil/document_generator/datasets/documents_2021_12_28/38tab01_20211228_170125_8187202836_600_800.png,38tab01_20211228_170125_8187202836_600_800_mask.png,de
7,5,14,11,160,587,174,598,160,587,174,587,174,598,160,598,text,table_text,table_4,raleway,regular,8.0,38tab01_20211228_170125_8187202836_600_800.png,/scratch/parceirosbr/bigoilict/share/BigOil/document_generator/datasets/documents_2021_12_28/38tab01_20211228_170125_8187202836_600_800.png,38tab01_20211228_170125_8187202836_600_800_mask.png,937
7,5,14,11,160,587,174,598,160,587,174,587,174,598,160,598,sub_line_text,table_text,table_4,raleway,regular,8.0,38tab01_20211228_170125_8187202836_600_800.png,/scratch/parceirosbr/bigoilict/share/BigOil/document_generator/datasets/documents_2021_12_28/38tab01_20211228_170125_8187202836_600_800.png,38tab01_20211228_170125_8187202836_600_800_mask.png,937
6,5,13,11,161,611,174,622,161,611,174,611,174,622,161,622,text,table_text,table_4,raleway,regular,8.0,38tab01_20211228_170125_8187202836_600_800.png,/scratch/parceirosbr/bigoilict/share/BigOil/document_generator/datasets/documents_2021_12_28/38tab01_20211228_170125_8187202836_600_800.png,38tab01_20211228_170125_8187202836_600_800_mask.png,739
6,5,13,11,161,611,174,622,161,611,174,611,174,622,161,622,sub_line_text,table_text,table_4,raleway,regular,8.0,38tab01_20211228_170125_8187202836_600_800.png,/scratch/parceirosbr/bigoilict/share/BigOil/document_generator/datasets/documents_2021_12_28/38tab01_20211228_170125_8187202836_600_800.png,38tab01_20211228_170125_8187202836_600_800_mask.png,739
6,5,13,11,161,624,174,635,161,624,174,624,174,635,161,635,text,table_text,table_4,raleway,regular,8.0,38tab01_20211228_170125_8187202836_600_800.png,/scratch/parceirosbr/bigoilict/share/BigOil/document_generator/datasets/documents_2021_12_28/38tab01_20211228_170125_8187202836_600_800.png,38tab01_20211228_170125_8187202836_600_800_mask.png,197
6,5,13,11,161,624,174,635,161,624,174,624,174,635,161,635,sub_line_text,table_text,table_4,raleway,regular,8.0,38tab01_20211228_170125_8187202836_600_800.png,/scratch/parceirosbr/bigoilict/share/BigOil/document_generator/datasets/documents_2021_12_28/38tab01_20211228_170125_8187202836_600_800.png,38tab01_20211228_170125_8187202836_600_800_mask.png,197
8,5,16,11,193,548,209,559,193,548,209,548,209,559,193,559,text,table_text,table_4,raleway,bold,8.0,38tab01_20211228_170125_8187202836_600_800.png,/scratch/parceirosbr/bigoilict/share/BigOil/document_generator/datasets/documents_2021_12_28/38tab01_20211228_170125_8187202836_600_800.png,38tab01_20211228_170125_8187202836_600_800_mask.png,sem
8,5,16,11,193,548,209,559,193,548,209,548,209,559,193,559,sub_line_text,table_text,table_4,raleway,bold,8.0,38tab01_20211228_170125_8187202836_600_800.png,/scratch/parceirosbr/bigoilict/share/BigOil/document_generator/datasets/documents_2021_12_28/38tab01_20211228_170125_8187202836_600_800.png,38tab01_20211228_170125_8187202836_600_800_mask.png,sem
8,5,17,11,193,559,210,570,193,559,210,559,210,570,193,570,text,table_text,table_4,raleway,bold,8.0,38tab01_20211228_170125_8187202836_600_800.png,/scratch/parceirosbr/bigoilict/share/BigOil/document_generator/datasets/documents_2021_12_28/38tab01_20211228_170125_8187202836_600_800.png,38tab01_20211228_170125_8187202836_600_800_mask.png,com
8,5,17,11,193,559,210,570,193,559,210,559,210,570,193,570,sub_line_text,table_text,table_4,raleway,bold,8.0,38tab01_20211228_170125_8187202836_600_800.png,/scratch/parceirosbr/bigoilict/share/BigOil/document_generator/datasets/documents_2021_12_28/38tab01_20211228_170125_8187202836_600_800.png,38tab01_20211228_170125_8187202836_600_800_mask.png,com
7,5,15,11,194,587,209,598,194,587,209,587,209,598,194,598,text,table_text,table_4,raleway,regular,8.0,38tab01_20211228_170125_8187202836_600_800.png,/scratch/parceirosbr/bigoilict/share/BigOil/document_generator/datasets/documents_2021_12_28/38tab01_20211228_170125_8187202836_600_800.png,38tab01_20211228_170125_8187202836_600_800_mask.png,997
7,5,15,11,194,587,209,598,194,587,209,587,209,598,194,598,sub_line_text,table_text,table_4,raleway,regular,8.0,38tab01_20211228_170125_8187202836_600_800.png,/scratch/parceirosbr/bigoilict/share/BigOil/document_generator/datasets/documents_2021_12_28/38tab01_20211228_170125_8187202836_600_800.png,38tab01_20211228_170125_8187202836_600_800_mask.png,997
2,5,4,11,199,611,203,622,199,611,203,611,203,622,199,622,text,table_text,table_4,raleway,regular,8.0,38tab01_20211228_170125_8187202836_600_800.png,/scratch/parceirosbr/bigoilict/share/BigOil/document_generator/datasets/documents_2021_12_28/38tab01_20211228_170125_8187202836_600_800.png,38tab01_20211228_170125_8187202836_600_800_mask.png,2
2,5,4,11,199,611,203,622,199,611,203,611,203,622,199,622,sub_line_text,table_text,table_4,raleway,regular,8.0,38tab01_20211228_170125_8187202836_600_800.png,/scratch/parceirosbr/bigoilict/share/BigOil/document_generator/datasets/documents_2021_12_28/38tab01_20211228_170125_8187202836_600_800.png,38tab01_20211228_170125_8187202836_600_800_mask.png,2
6,5,13,11,195,624,208,635,195,624,208,624,208,635,195,635,text,table_text,table_4,raleway,regular,8.0,38tab01_20211228_170125_8187202836_600_800.png,/scratch/parceirosbr/bigoilict/share/BigOil/document_generator/datasets/documents_2021_12_28/38tab01_20211228_170125_8187202836_600_800.png,38tab01_20211228_170125_8187202836_600_800_mask.png,526
6,5,13,11,195,624,208,635,195,624,208,624,208,635,195,635,sub_line_text,table_text,table_4,raleway,regular,8.0,38tab01_20211228_170125_8187202836_600_800.png,/scratch/parceirosbr/bigoilict/share/BigOil/document_generator/datasets/documents_2021_12_28/38tab01_20211228_170125_8187202836_600_800.png,38tab01_20211228_170125_8187202836_600_800_mask.png,526
7,5,15,11,217,548,232,559,217,548,232,548,232,559,217,559,text,table_text,table_4,raleway,bold,8.0,38tab01_20211228_170125_8187202836_600_800.png,/scratch/parceirosbr/bigoilict/share/BigOil/document_generator/datasets/documents_2021_12_28/38tab01_20211228_170125_8187202836_600_800.png,38tab01_20211228_170125_8187202836_600_800_mask.png,tem
7,5,15,11,217,548,232,559,217,548,232,548,232,559,217,559,sub_line_text,table_text,table_4,raleway,bold,8.0,38tab01_20211228_170125_8187202836_600_800.png,/scratch/parceirosbr/bigoilict/share/BigOil/document_generator/datasets/documents_2021_12_28/38tab01_20211228_170125_8187202836_600_800.png,38tab01_20211228_170125_8187202836_600_800_mask.png,tem
8,5,16,11,217,559,233,570,217,559,233,559,233,570,217,570,text,table_text,table_4,raleway,bold,8.0,38tab01_20211228_170125_8187202836_600_800.png,/scratch/parceirosbr/bigoilict/share/BigOil/document_generator/datasets/documents_2021_12_28/38tab01_20211228_170125_8187202836_600_800.png,38tab01_20211228_170125_8187202836_600_800_mask.png,país
8,5,16,11,217,559,233,570,217,559,233,559,233,570,217,570,sub_line_text,table_text,table_4,raleway,bold,8.0,38tab01_20211228_170125_8187202836_600_800.png,/scratch/parceirosbr/bigoilict/share/BigOil/document_generator/datasets/documents_2021_12_28/38tab01_20211228_170125_8187202836_600_800.png,38tab01_20211228_170125_8187202836_600_800_mask.png,país
7,5,14,11,217,587,231,598,217,587,231,587,231,598,217,598,text,table_text,table_4,raleway,regular,8.0,38tab01_20211228_170125_8187202836_600_800.png,/scratch/parceirosbr/bigoilict/share/BigOil/document_generator/datasets/documents_2021_12_28/38tab01_20211228_170125_8187202836_600_800.png,38tab01_20211228_170125_8187202836_600_800_mask.png,564
7,5,14,11,217,587,231,598,217,587,231,587,231,598,217,598,sub_line_text,table_text,table_4,raleway,regular,8.0,38tab01_20211228_170125_8187202836_600_800.png,/scratch/parceirosbr/bigoilict/share/BigOil/document_generator/datasets/documents_2021_12_28/38tab01_20211228_170125_8187202836_600_800.png,38tab01_20211228_170125_8187202836_600_800_mask.png,564
6,5,12,11,219,611,231,622,219,611,231,611,231,622,219,622,text,table_text,table_4,raleway,regular,8.0,38tab01_20211228_170125_8187202836_600_800.png,/scratch/parceirosbr/bigoilict/share/BigOil/document_generator/datasets/documents_2021_12_28/38tab01_20211228_170125_8187202836_600_800.png,38tab01_20211228_170125_8187202836_600_800_mask.png,210
6,5,12,11,219,611,231,622,219,611,231,611,231,622,219,622,sub_line_text,table_text,table_4,raleway,regular,8.0,38tab01_20211228_170125_8187202836_600_800.png,/scratch/parceirosbr/bigoilict/share/BigOil/document_generator/datasets/documents_2021_12_28/38tab01_20211228_170125_8187202836_600_800.png,38tab01_20211228_170125_8187202836_600_800_mask.png,210
4,5,9,11,220,624,229,635,220,624,229,624,229,635,220,635,text,table_text,table_4,raleway,regular,8.0,38tab01_20211228_170125_8187202836_600_800.png,/scratch/parceirosbr/bigoilict/share/BigOil/document_generator/datasets/documents_2021_12_28/38tab01_20211228_170125_8187202836_600_800.png,38tab01_20211228_170125_8187202836_600_800_mask.png,58
4,5,9,11,220,624,229,635,220,624,229,624,229,635,220,635,sub_line_text,table_text,table_4,raleway,regular,8.0,38tab01_20211228_170125_8187202836_600_800.png,/scratch/parceirosbr/bigoilict/share/BigOil/document_generator/datasets/documents_2021_12_28/38tab01_20211228_170125_8187202836_600_800.png,38tab01_20211228_170125_8187202836_600_800_mask.png,58
5,5,10,11,243,548,253,559,243,548,253,548,253,559,243,559,text,table_text,table_4,raleway,bold,8.0,38tab01_20211228_170125_8187202836_600_800.png,/scratch/parceirosbr/bigoilict/share/BigOil/document_generator/datasets/documents_2021_12_28/38tab01_20211228_170125_8187202836_600_800.png,38tab01_20211228_170125_8187202836_600_800_mask.png,do
5,5,10,11,243,548,253,559,243,548,253,548,253,559,243,559,sub_line_text,table_text,table_4,raleway,bold,8.0,38tab01_20211228_170125_8187202836_600_800.png,/scratch/parceirosbr/bigoilict/share/BigOil/document_generator/datasets/documents_2021_12_28/38tab01_20211228_170125_8187202836_600_800.png,38tab01_20211228_170125_8187202836_600_800_mask.png,do
5,5,11,11,242,559,253,570,242,559,253,559,253,570,242,570,text,table_text,table_4,raleway,regular,8.0,38tab01_20211228_170125_8187202836_600_800.png,/scratch/parceirosbr/bigoilict/share/BigOil/document_generator/datasets/documents_2021_12_28/38tab01_20211228_170125_8187202836_600_800.png,38tab01_20211228_170125_8187202836_600_800_mask.png,5.0
5,5,11,11,242,559,253,570,242,559,253,559,253,570,242,570,sub_line_text,table_text,table_4,raleway,regular,8.0,38tab01_20211228_170125_8187202836_600_800.png,/scratch/parceirosbr/bigoilict/share/BigOil/document_generator/datasets/documents_2021_12_28/38tab01_20211228_170125_8187202836_600_800.png,38tab01_20211228_170125_8187202836_600_800_mask.png,5.0
5,5,11,11,242,587,253,598,242,587,253,587,253,598,242,598,text,table_text,table_4,raleway,regular,8.0,38tab01_20211228_170125_8187202836_600_800.png,/scratch/parceirosbr/bigoilict/share/BigOil/document_generator/datasets/documents_2021_12_28/38tab01_20211228_170125_8187202836_600_800.png,38tab01_20211228_170125_8187202836_600_800_mask.png,3.6
5,5,11,11,242,587,253,598,242,587,253,587,253,598,242,598,sub_line_text,table_text,table_4,raleway,regular,8.0,38tab01_20211228_170125_8187202836_600_800.png,/scratch/parceirosbr/bigoilict/share/BigOil/document_generator/datasets/documents_2021_12_28/38tab01_20211228_170125_8187202836_600_800.png,38tab01_20211228_170125_8187202836_600_800_mask.png,3.6
8,5,17,11,239,611,256,622,239,611,256,611,256,622,239,622,text,table_text,table_4,raleway,regular,8.0,38tab01_20211228_170125_8187202836_600_800.png,/scratch/parceirosbr/bigoilict/share/BigOil/document_generator/datasets/documents_2021_12_28/38tab01_20211228_170125_8187202836_600_800.png,38tab01_20211228_170125_8187202836_600_800_mask.png,66.5
8,5,17,11,239,611,256,622,239,611,256,611,256,622,239,622,sub_line_text,table_text,table_4,raleway,regular,8.0,38tab01_20211228_170125_8187202836_600_800.png,/scratch/parceirosbr/bigoilict/share/BigOil/document_generator/datasets/documents_2021_12_28/38tab01_20211228_170125_8187202836_600_800.png,38tab01_20211228_170125_8187202836_600_800_mask.png,66.5
5,5,11,11,242,624,253,635,242,624,253,624,253,635,242,635,text,table_text,table_4,raleway,regular,8.0,38tab01_20211228_170125_8187202836_600_800.png,/scratch/parceirosbr/bigoilict/share/BigOil/document_generator/datasets/documents_2021_12_28/38tab01_20211228_170125_8187202836_600_800.png,38tab01_20211228_170125_8187202836_600_800_mask.png,5.8
5,5,11,11,242,624,253,635,242,624,253,624,253,635,242,635,sub_line_text,table_text,table_4,raleway,regular,8.0,38tab01_20211228_170125_8187202836_600_800.png,/scratch/parceirosbr/bigoilict/share/BigOil/document_generator/datasets/documents_2021_12_28/38tab01_20211228_170125_8187202836_600_800.png,38tab01_20211228_170125_8187202836_600_800_mask.png,5.8
7,5,14,11,263,548,277,559,263,548,277,548,277,559,263,559,text,table_text,table_4,raleway,bold,8.0,38tab01_20211228_170125_8187202836_600_800.png,/scratch/parceirosbr/bigoilict/share/BigOil/document_generator/datasets/documents_2021_12_28/38tab01_20211228_170125_8187202836_600_800.png,38tab01_20211228_170125_8187202836_600_800_mask.png,das
7,5,14,11,263,548,277,559,263,548,277,548,277,559,263,559,sub_line_text,table_text,table_4,raleway,bold,8.0,38tab01_20211228_170125_8187202836_600_800.png,/scratch/parceirosbr/bigoilict/share/BigOil/document_generator/datasets/documents_2021_12_28/38tab01_20211228_170125_8187202836_600_800.png,38tab01_20211228_170125_8187202836_600_800_mask.png,das
4,5,9,11,266,559,275,570,266,559,275,559,275,570,266,570,text,table_text,table_4,raleway,regular,8.0,38tab01_20211228_170125_8187202836_600_800.png,/scratch/parceirosbr/bigoilict/share/BigOil/document_generator/datasets/documents_2021_12_28/38tab01_20211228_170125_8187202836_600_800.png,38tab01_20211228_170125_8187202836_600_800_mask.png,35
4,5,9,11,266,559,275,570,266,559,275,559,275,570,266,570,sub_line_text,table_text,table_4,raleway,regular,8.0,38tab01_20211228_170125_8187202836_600_800.png,/scratch/parceirosbr/bigoilict/share/BigOil/document_generator/datasets/documents_2021_12_28/38tab01_20211228_170125_8187202836_600_800.png,38tab01_20211228_170125_8187202836_600_800_mask.png,35
6,5,13,11,264,587,277,598,264,587,277,587,277,598,264,598,text,table_text,table_4,raleway,regular,8.0,38tab01_20211228_170125_8187202836_600_800.png,/scratch/parceirosbr/bigoilict/share/BigOil/document_generator/datasets/documents_2021_12_28/38tab01_20211228_170125_8187202836_600_800.png,38tab01_20211228_170125_8187202836_600_800_mask.png,843
6,5,13,11,264,587,277,598,264,587,277,587,277,598,264,598,sub_line_text,table_text,table_4,raleway,regular,8.0,38tab01_20211228_170125_8187202836_600_800.png,/scratch/parceirosbr/bigoilict/share/BigOil/document_generator/datasets/documents_2021_12_28/38tab01_20211228_170125_8187202836_600_800.png,38tab01_20211228_170125_8187202836_600_800_mask.png,843
4,5,8,11,267,611,275,622,267,611,275,611,275,622,267,622,text,table_text,table_4,raleway,regular,8.0,38tab01_20211228_170125_8187202836_600_800.png,/scratch/parceirosbr/bigoilict/share/BigOil/document_generator/datasets/documents_2021_12_28/38tab01_20211228_170125_8187202836_600_800.png,38tab01_20211228_170125_8187202836_600_800_mask.png,43
4,5,8,11,267,611,275,622,267,611,275,611,275,622,267,622,sub_line_text,table_text,table_4,raleway,regular,8.0,38tab01_20211228_170125_8187202836_600_800.png,/scratch/parceirosbr/bigoilict/share/BigOil/document_generator/datasets/documents_2021_12_28/38tab01_20211228_170125_8187202836_600_800.png,38tab01_20211228_170125_8187202836_600_800_mask.png,43
4,5,8,11,267,624,275,635,267,624,275,624,275,635,267,635,text,table_text,table_4,raleway,regular,8.0,38tab01_20211228_170125_8187202836_600_800.png,/scratch/parceirosbr/bigoilict/share/BigOil/document_generator/datasets/documents_2021_12_28/38tab01_20211228_170125_8187202836_600_800.png,38tab01_20211228_170125_8187202836_600_800_mask.png,21
4,5,8,11,267,624,275,635,267,624,275,624,275,635,267,635,sub_line_text,table_text,table_4,raleway,regular,8.0,38tab01_20211228_170125_8187202836_600_800.png,/scratch/parceirosbr/bigoilict/share/BigOil/document_generator/datasets/documents_2021_12_28/38tab01_20211228_170125_8187202836_600_800.png,38tab01_20211228_170125_8187202836_600_800_mask.png,21
8,5,17,11,285,548,302,559,285,548,302,548,302,559,285,559,text,table_text,table_4,raleway,bold,8.0,38tab01_20211228_170125_8187202836_600_800.png,/scratch/parceirosbr/bigoilict/share/BigOil/document_generator/datasets/documents_2021_12_28/38tab01_20211228_170125_8187202836_600_800.png,38tab01_20211228_170125_8187202836_600_800_mask.png,uma
8,5,17,11,285,548,302,559,285,548,302,548,302,559,285,559,sub_line_text,table_text,table_4,raleway,bold,8.0,38tab01_20211228_170125_8187202836_600_800.png,/scratch/parceirosbr/bigoilict/share/BigOil/document_generator/datasets/documents_2021_12_28/38tab01_20211228_170125_8187202836_600_800.png,38tab01_20211228_170125_8187202836_600_800_mask.png,uma
5,5,11,11,288,559,299,570,288,559,299,559,299,570,288,570,text,table_text,table_4,raleway,regular,8.0,38tab01_20211228_170125_8187202836_600_800.png,/scratch/parceirosbr/bigoilict/share/BigOil/document_generator/datasets/documents_2021_12_28/38tab01_20211228_170125_8187202836_600_800.png,38tab01_20211228_170125_8187202836_600_800_mask.png,2.6
5,5,11,11,288,559,299,570,288,559,299,559,299,570,288,570,sub_line_text,table_text,table_4,raleway,regular,8.0,38tab01_20211228_170125_8187202836_600_800.png,/scratch/parceirosbr/bigoilict/share/BigOil/document_generator/datasets/documents_2021_12_28/38tab01_20211228_170125_8187202836_600_800.png,38tab01_20211228_170125_8187202836_600_800_mask.png,2.6
7,5,14,11,287,587,301,598,287,587,301,587,301,598,287,598,text,table_text,table_4,raleway,regular,8.0,38tab01_20211228_170125_8187202836_600_800.png,/scratch/parceirosbr/bigoilict/share/BigOil/document_generator/datasets/documents_2021_12_28/38tab01_20211228_170125_8187202836_600_800.png,38tab01_20211228_170125_8187202836_600_800_mask.png,12.9
7,5,14,11,287,587,301,598,287,587,301,587,301,598,287,598,sub_line_text,table_text,table_4,raleway,regular,8.0,38tab01_20211228_170125_8187202836_600_800.png,/scratch/parceirosbr/bigoilict/share/BigOil/document_generator/datasets/documents_2021_12_28/38tab01_20211228_170125_8187202836_600_800.png,38tab01_20211228_170125_8187202836_600_800_mask.png,12.9
5,5,11,11,288,611,299,622,288,611,299,611,299,622,288,622,text,table_text,table_4,raleway,regular,8.0,38tab01_20211228_170125_8187202836_600_800.png,/scratch/parceirosbr/bigoilict/share/BigOil/document_generator/datasets/documents_2021_12_28/38tab01_20211228_170125_8187202836_600_800.png,38tab01_20211228_170125_8187202836_600_800_mask.png,5.8
5,5,11,11,288,611,299,622,288,611,299,611,299,622,288,622,sub_line_text,table_text,table_4,raleway,regular,8.0,38tab01_20211228_170125_8187202836_600_800.png,/scratch/parceirosbr/bigoilict/share/BigOil/document_generator/datasets/documents_2021_12_28/38tab01_20211228_170125_8187202836_600_800.png,38tab01_20211228_170125_8187202836_600_800_mask.png,5.8
6,5,12,11,287,624,299,635,287,624,299,624,299,635,287,635,text,table_text,table_4,raleway,regular,8.0,38tab01_20211228_170125_8187202836_600_800.png,/scratch/parceirosbr/bigoilict/share/BigOil/document_generator/datasets/documents_2021_12_28/38tab01_20211228_170125_8187202836_600_800.png,38tab01_20211228_170125_8187202836_600_800_mask.png,8.9
6,5,12,11,287,624,299,635,287,624,299,624,299,635,287,635,sub_line_text,table_text,table_4,raleway,regular,8.0,38tab01_20211228_170125_8187202836_600_800.png,/scratch/parceirosbr/bigoilict/share/BigOil/document_generator/datasets/documents_2021_12_28/38tab01_20211228_170125_8187202836_600_800.png,38tab01_20211228_170125_8187202836_600_800_mask.png,8.9
13,5,27,11,315,548,342,559,315,548,342,548,342,559,315,559,text,table_text,table_4,raleway,bold,8.0,38tab01_20211228_170125_8187202836_600_800.png,/scratch/parceirosbr/bigoilict/share/BigOil/document_generator/datasets/documents_2021_12_28/38tab01_20211228_170125_8187202836_600_800.png,38tab01_20211228_170125_8187202836_600_800_mask.png,podem
13,5,27,11,315,548,342,559,315,548,342,548,342,559,315,559,sub_line_text,table_text,table_4,raleway,bold,8.0,38tab01_20211228_170125_8187202836_600_800.png,/scratch/parceirosbr/bigoilict/share/BigOil/document_generator/datasets/documents_2021_12_28/38tab01_20211228_170125_8187202836_600_800.png,38tab01_20211228_170125_8187202836_600_800_mask.png,podem
14,5,28,11,314,559,342,570,314,559,342,559,342,570,314,570,text,table_text,table_4,raleway,regular,8.0,38tab01_20211228_170125_8187202836_600_800.png,/scratch/parceirosbr/bigoilict/share/BigOil/document_generator/datasets/documents_2021_12_28/38tab01_20211228_170125_8187202836_600_800.png,38tab01_20211228_170125_8187202836_600_800_mask.png,7905.16
14,5,28,11,314,559,342,570,314,559,342,559,342,570,314,570,sub_line_text,table_text,table_4,raleway,regular,8.0,38tab01_20211228_170125_8187202836_600_800.png,/scratch/parceirosbr/bigoilict/share/BigOil/document_generator/datasets/documents_2021_12_28/38tab01_20211228_170125_8187202836_600_800.png,38tab01_20211228_170125_8187202836_600_800_mask.png,7905.16
10,5,20,11,318,587,338,598,318,587,338,587,338,598,318,598,text,table_text,table_4,raleway,regular,8.0,38tab01_20211228_170125_8187202836_600_800.png,/scratch/parceirosbr/bigoilict/share/BigOil/document_generator/datasets/documents_2021_12_28/38tab01_20211228_170125_8187202836_600_800.png,38tab01_20211228_170125_8187202836_600_800_mask.png,40.58
10,5,20,11,318,587,338,598,318,587,338,587,338,598,318,598,sub_line_text,table_text,table_4,raleway,regular,8.0,38tab01_20211228_170125_8187202836_600_800.png,/scratch/parceirosbr/bigoilict/share/BigOil/document_generator/datasets/documents_2021_12_28/38tab01_20211228_170125_8187202836_600_800.png,38tab01_20211228_170125_8187202836_600_800_mask.png,40.58
14,5,29,11,313,611,342,622,313,611,342,611,342,622,313,622,text,table_text,table_4,raleway,regular,8.0,38tab01_20211228_170125_8187202836_600_800.png,/scratch/parceirosbr/bigoilict/share/BigOil/document_generator/datasets/documents_2021_12_28/38tab01_20211228_170125_8187202836_600_800.png,38tab01_20211228_170125_8187202836_600_800_mask.png,5975.86
14,5,29,11,313,611,342,622,313,611,342,611,342,622,313,622,sub_line_text,table_text,table_4,raleway,regular,8.0,38tab01_20211228_170125_8187202836_600_800.png,/scratch/parceirosbr/bigoilict/share/BigOil/document_generator/datasets/documents_2021_12_28/38tab01_20211228_170125_8187202836_600_800.png,38tab01_20211228_170125_8187202836_600_800_mask.png,5975.86
13,5,27,11,315,624,342,635,315,624,342,624,342,635,315,635,text,table_text,table_4,raleway,regular,8.0,38tab01_20211228_170125_8187202836_600_800.png,/scratch/parceirosbr/bigoilict/share/BigOil/document_generator/datasets/documents_2021_12_28/38tab01_20211228_170125_8187202836_600_800.png,38tab01_20211228_170125_8187202836_600_800_mask.png,5181.65
13,5,27,11,315,624,342,635,315,624,342,624,342,635,315,635,sub_line_text,table_text,table_4,raleway,regular,8.0,38tab01_20211228_170125_8187202836_600_800.png,/scratch/parceirosbr/bigoilict/share/BigOil/document_generator/datasets/documents_2021_12_28/38tab01_20211228_170125_8187202836_600_800.png,38tab01_20211228_170125_8187202836_600_800_mask.png,5181.65
11,6,23,12,363,548,386,560,363,548,386,549,386,560,363,559,text,table_text,table_4,raleway,bold,8.0,38tab01_20211228_170125_8187202836_600_800.png,/scratch/parceirosbr/bigoilict/share/BigOil/document_generator/datasets/documents_2021_12_28/38tab01_20211228_170125_8187202836_600_800.png,38tab01_20211228_170125_8187202836_600_800_mask.png,então
11,6,23,12,363,548,386,560,363,548,386,549,386,560,363,559,sub_line_text,table_text,table_4,raleway,bold,8.0,38tab01_20211228_170125_8187202836_600_800.png,/scratch/parceirosbr/bigoilict/share/BigOil/document_generator/datasets/documents_2021_12_28/38tab01_20211228_170125_8187202836_600_800.png,38tab01_20211228_170125_8187202836_600_800_mask.png,então
11,6,23,12,363,559,386,571,363,559,386,560,386,571,363,570,text,table_text,table_4,raleway,regular,8.0,38tab01_20211228_170125_8187202836_600_800.png,/scratch/parceirosbr/bigoilict/share/BigOil/document_generator/datasets/documents_2021_12_28/38tab01_20211228_170125_8187202836_600_800.png,38tab01_20211228_170125_8187202836_600_800_mask.png,8.5443
11,6,23,12,363,559,386,571,363,559,386,560,386,571,363,570,sub_line_text,table_text,table_4,raleway,regular,8.0,38tab01_20211228_170125_8187202836_600_800.png,/scratch/parceirosbr/bigoilict/share/BigOil/document_generator/datasets/documents_2021_12_28/38tab01_20211228_170125_8187202836_600_800.png,38tab01_20211228_170125_8187202836_600_800_mask.png,8.5443
13,6,26,12,361,587,387,599,361,587,387,588,387,599,361,598,text,table_text,table_4,raleway,regular,8.0,38tab01_20211228_170125_8187202836_600_800.png,/scratch/parceirosbr/bigoilict/share/BigOil/document_generator/datasets/documents_2021_12_28/38tab01_20211228_170125_8187202836_600_800.png,38tab01_20211228_170125_8187202836_600_800_mask.png,8.2085
13,6,26,12,361,587,387,599,361,587,387,588,387,599,361,598,sub_line_text,table_text,table_4,raleway,regular,8.0,38tab01_20211228_170125_8187202836_600_800.png,/scratch/parceirosbr/bigoilict/share/BigOil/document_generator/datasets/documents_2021_12_28/38tab01_20211228_170125_8187202836_600_800.png,38tab01_20211228_170125_8187202836_600_800_mask.png,8.2085
12,6,25,12,361,611,386,623,361,611,386,612,386,623,361,622,text,table_text,table_4,raleway,regular,8.0,38tab01_20211228_170125_8187202836_600_800.png,/scratch/parceirosbr/bigoilict/share/BigOil/document_generator/datasets/documents_2021_12_28/38tab01_20211228_170125_8187202836_600_800.png,38tab01_20211228_170125_8187202836_600_800_mask.png,9.7692
12,6,25,12,361,611,386,623,361,611,386,612,386,623,361,622,sub_line_text,table_text,table_4,raleway,regular,8.0,38tab01_20211228_170125_8187202836_600_800.png,/scratch/parceirosbr/bigoilict/share/BigOil/document_generator/datasets/documents_2021_12_28/38tab01_20211228_170125_8187202836_600_800.png,38tab01_20211228_170125_8187202836_600_800_mask.png,9.7692
12,6,24,12,362,624,386,636,362,624,386,625,386,636,362,635,text,table_text,table_4,raleway,regular,8.0,38tab01_20211228_170125_8187202836_600_800.png,/scratch/parceirosbr/bigoilict/share/BigOil/document_generator/datasets/documents_2021_12_28/38tab01_20211228_170125_8187202836_600_800.png,38tab01_20211228_170125_8187202836_600_800_mask.png,9.2456
12,6,24,12,362,624,386,636,362,624,386,625,386,636,362,635,sub_line_text,table_text,table_4,raleway,regular,8.0,38tab01_20211228_170125_8187202836_600_800.png,/scratch/parceirosbr/bigoilict/share/BigOil/document_generator/datasets/documents_2021_12_28/38tab01_20211228_170125_8187202836_600_800.png,38tab01_20211228_170125_8187202836_600_800_mask.png,9.2456
5,5,10,11,403,549,413,560,403,549,413,549,413,560,403,560,text,table_text,table_4,raleway,bold,8.0,38tab01_20211228_170125_8187202836_600_800.png,/scratch/parceirosbr/bigoilict/share/BigOil/document_generator/datasets/documents_2021_12_28/38tab01_20211228_170125_8187202836_600_800.png,38tab01_20211228_170125_8187202836_600_800_mask.png,no
5,5,10,11,403,549,413,560,403,549,413,549,413,560,403,560,sub_line_text,table_text,table_4,raleway,bold,8.0,38tab01_20211228_170125_8187202836_600_800.png,/scratch/parceirosbr/bigoilict/share/BigOil/document_generator/datasets/documents_2021_12_28/38tab01_20211228_170125_8187202836_600_800.png,38tab01_20211228_170125_8187202836_600_800_mask.png,no
6,5,12,11,403,560,415,571,403,560,415,560,415,571,403,571,text,table_text,table_4,raleway,regular,8.0,38tab01_20211228_170125_8187202836_600_800.png,/scratch/parceirosbr/bigoilict/share/BigOil/document_generator/datasets/documents_2021_12_28/38tab01_20211228_170125_8187202836_600_800.png,38tab01_20211228_170125_8187202836_600_800_mask.png,442
6,5,12,11,403,560,415,571,403,560,415,560,415,571,403,571,sub_line_text,table_text,table_4,raleway,regular,8.0,38tab01_20211228_170125_8187202836_600_800.png,/scratch/parceirosbr/bigoilict/share/BigOil/document_generator/datasets/documents_2021_12_28/38tab01_20211228_170125_8187202836_600_800.png,38tab01_20211228_170125_8187202836_600_800_mask.png,442
2,5,5,11,406,588,411,599,406,588,411,588,411,599,406,599,text,table_text,table_4,raleway,regular,8.0,38tab01_20211228_170125_8187202836_600_800.png,/scratch/parceirosbr/bigoilict/share/BigOil/document_generator/datasets/documents_2021_12_28/38tab01_20211228_170125_8187202836_600_800.png,38tab01_20211228_170125_8187202836_600_800_mask.png,9
2,5,5,11,406,588,411,599,406,588,411,588,411,599,406,599,sub_line_text,table_text,table_4,raleway,regular,8.0,38tab01_20211228_170125_8187202836_600_800.png,/scratch/parceirosbr/bigoilict/share/BigOil/document_generator/datasets/documents_2021_12_28/38tab01_20211228_170125_8187202836_600_800.png,38tab01_20211228_170125_8187202836_600_800_mask.png,9
2,5,4,11,407,612,411,623,407,612,411,612,411,623,407,623,text,table_text,table_4,raleway,regular,8.0,38tab01_20211228_170125_8187202836_600_800.png,/scratch/parceirosbr/bigoilict/share/BigOil/document_generator/datasets/documents_2021_12_28/38tab01_20211228_170125_8187202836_600_800.png,38tab01_20211228_170125_8187202836_600_800_mask.png,3
2,5,4,11,407,612,411,623,407,612,411,612,411,623,407,623,sub_line_text,table_text,table_4,raleway,regular,8.0,38tab01_20211228_170125_8187202836_600_800.png,/scratch/parceirosbr/bigoilict/share/BigOil/document_generator/datasets/documents_2021_12_28/38tab01_20211228_170125_8187202836_600_800.png,38tab01_20211228_170125_8187202836_600_800_mask.png,3
4,5,9,11,404,625,413,636,404,625,413,625,413,636,404,636,text,table_text,table_4,raleway,regular,8.0,38tab01_20211228_170125_8187202836_600_800.png,/scratch/parceirosbr/bigoilict/share/BigOil/document_generator/datasets/documents_2021_12_28/38tab01_20211228_170125_8187202836_600_800.png,38tab01_20211228_170125_8187202836_600_800_mask.png,28
4,5,9,11,404,625,413,636,404,625,413,625,413,636,404,636,sub_line_text,table_text,table_4,raleway,regular,8.0,38tab01_20211228_170125_8187202836_600_800.png,/scratch/parceirosbr/bigoilict/share/BigOil/document_generator/datasets/documents_2021_12_28/38tab01_20211228_170125_8187202836_600_800.png,38tab01_20211228_170125_8187202836_600_800_mask.png,28
11,5,22,11,432,549,454,560,432,549,454,549,454,560,432,560,text,table_text,table_4,raleway,bold,8.0,38tab01_20211228_170125_8187202836_600_800.png,/scratch/parceirosbr/bigoilict/share/BigOil/document_generator/datasets/documents_2021_12_28/38tab01_20211228_170125_8187202836_600_800.png,38tab01_20211228_170125_8187202836_600_800_mask.png,spray
11,5,22,11,432,549,454,560,432,549,454,549,454,560,432,560,sub_line_text,table_text,table_4,raleway,bold,8.0,38tab01_20211228_170125_8187202836_600_800.png,/scratch/parceirosbr/bigoilict/share/BigOil/document_generator/datasets/documents_2021_12_28/38tab01_20211228_170125_8187202836_600_800.png,38tab01_20211228_170125_8187202836_600_800_mask.png,spray
7,5,14,11,436,560,450,571,436,560,450,560,450,571,436,571,text,table_text,table_4,raleway,regular,8.0,38tab01_20211228_170125_8187202836_600_800.png,/scratch/parceirosbr/bigoilict/share/BigOil/document_generator/datasets/documents_2021_12_28/38tab01_20211228_170125_8187202836_600_800.png,38tab01_20211228_170125_8187202836_600_800_mask.png,390
7,5,14,11,436,560,450,571,436,560,450,560,450,571,436,571,sub_line_text,table_text,table_4,raleway,regular,8.0,38tab01_20211228_170125_8187202836_600_800.png,/scratch/parceirosbr/bigoilict/share/BigOil/document_generator/datasets/documents_2021_12_28/38tab01_20211228_170125_8187202836_600_800.png,38tab01_20211228_170125_8187202836_600_800_mask.png,390
5,5,10,11,438,588,448,599,438,588,448,588,448,599,438,599,text,table_text,table_4,raleway,regular,8.0,38tab01_20211228_170125_8187202836_600_800.png,/scratch/parceirosbr/bigoilict/share/BigOil/document_generator/datasets/documents_2021_12_28/38tab01_20211228_170125_8187202836_600_800.png,38tab01_20211228_170125_8187202836_600_800_mask.png,84
5,5,10,11,438,588,448,599,438,588,448,588,448,599,438,599,sub_line_text,table_text,table_4,raleway,regular,8.0,38tab01_20211228_170125_8187202836_600_800.png,/scratch/parceirosbr/bigoilict/share/BigOil/document_generator/datasets/documents_2021_12_28/38tab01_20211228_170125_8187202836_600_800.png,38tab01_20211228_170125_8187202836_600_800_mask.png,84
5,5,10,11,438,612,448,623,438,612,448,612,448,623,438,623,text,table_text,table_4,raleway,regular,8.0,38tab01_20211228_170125_8187202836_600_800.png,/scratch/parceirosbr/bigoilict/share/BigOil/document_generator/datasets/documents_2021_12_28/38tab01_20211228_170125_8187202836_600_800.png,38tab01_20211228_170125_8187202836_600_800_mask.png,96
5,5,10,11,438,612,448,623,438,612,448,612,448,623,438,623,sub_line_text,table_text,table_4,raleway,regular,8.0,38tab01_20211228_170125_8187202836_600_800.png,/scratch/parceirosbr/bigoilict/share/BigOil/document_generator/datasets/documents_2021_12_28/38tab01_20211228_170125_8187202836_600_800.png,38tab01_20211228_170125_8187202836_600_800_mask.png,96
6,5,13,11,437,625,450,636,437,625,450,625,450,636,437,636,text,table_text,table_4,raleway,regular,8.0,38tab01_20211228_170125_8187202836_600_800.png,/scratch/parceirosbr/bigoilict/share/BigOil/document_generator/datasets/documents_2021_12_28/38tab01_20211228_170125_8187202836_600_800.png,38tab01_20211228_170125_8187202836_600_800_mask.png,329
6,5,13,11,437,625,450,636,437,625,450,625,450,636,437,636,sub_line_text,table_text,table_4,raleway,regular,8.0,38tab01_20211228_170125_8187202836_600_800.png,/scratch/parceirosbr/bigoilict/share/BigOil/document_generator/datasets/documents_2021_12_28/38tab01_20211228_170125_8187202836_600_800.png,38tab01_20211228_170125_8187202836_600_800_mask.png,329
17,5,34,11,478,549,512,560,478,549,512,549,512,560,478,560,text,table_text,table_4,raleway,bold,8.0,38tab01_20211228_170125_8187202836_600_800.png,/scratch/parceirosbr/bigoilict/share/BigOil/document_generator/datasets/documents_2021_12_28/38tab01_20211228_170125_8187202836_600_800.png,38tab01_20211228_170125_8187202836_600_800_mask.png,trabalho
17,5,34,11,478,549,512,560,478,549,512,549,512,560,478,560,sub_line_text,table_text,table_4,raleway,bold,8.0,38tab01_20211228_170125_8187202836_600_800.png,/scratch/parceirosbr/bigoilict/share/BigOil/document_generator/datasets/documents_2021_12_28/38tab01_20211228_170125_8187202836_600_800.png,38tab01_20211228_170125_8187202836_600_800_mask.png,trabalho
5,5,11,11,489,560,500,571,489,560,500,560,500,571,489,571,text,table_text,table_4,raleway,regular,8.0,38tab01_20211228_170125_8187202836_600_800.png,/scratch/parceirosbr/bigoilict/share/BigOil/document_generator/datasets/documents_2021_12_28/38tab01_20211228_170125_8187202836_600_800.png,38tab01_20211228_170125_8187202836_600_800_mask.png,6.2
5,5,11,11,489,560,500,571,489,560,500,560,500,571,489,571,sub_line_text,table_text,table_4,raleway,regular,8.0,38tab01_20211228_170125_8187202836_600_800.png,/scratch/parceirosbr/bigoilict/share/BigOil/document_generator/datasets/documents_2021_12_28/38tab01_20211228_170125_8187202836_600_800.png,38tab01_20211228_170125_8187202836_600_800_mask.png,6.2
5,5,11,11,489,588,500,599,489,588,500,588,500,599,489,599,text,table_text,table_4,raleway,regular,8.0,38tab01_20211228_170125_8187202836_600_800.png,/scratch/parceirosbr/bigoilict/share/BigOil/document_generator/datasets/documents_2021_12_28/38tab01_20211228_170125_8187202836_600_800.png,38tab01_20211228_170125_8187202836_600_800_mask.png,5.5
5,5,11,11,489,588,500,599,489,588,500,588,500,599,489,599,sub_line_text,table_text,table_4,raleway,regular,8.0,38tab01_20211228_170125_8187202836_600_800.png,/scratch/parceirosbr/bigoilict/share/BigOil/document_generator/datasets/documents_2021_12_28/38tab01_20211228_170125_8187202836_600_800.png,38tab01_20211228_170125_8187202836_600_800_mask.png,5.5
7,5,15,11,487,612,502,623,487,612,502,612,502,623,487,623,text,table_text,table_4,raleway,regular,8.0,38tab01_20211228_170125_8187202836_600_800.png,/scratch/parceirosbr/bigoilict/share/BigOil/document_generator/datasets/documents_2021_12_28/38tab01_20211228_170125_8187202836_600_800.png,38tab01_20211228_170125_8187202836_600_800_mask.png,45.8
7,5,15,11,487,612,502,623,487,612,502,612,502,623,487,623,sub_line_text,table_text,table_4,raleway,regular,8.0,38tab01_20211228_170125_8187202836_600_800.png,/scratch/parceirosbr/bigoilict/share/BigOil/document_generator/datasets/documents_2021_12_28/38tab01_20211228_170125_8187202836_600_800.png,38tab01_20211228_170125_8187202836_600_800_mask.png,45.8
8,5,17,11,487,625,504,636,487,625,504,625,504,636,487,636,text,table_text,table_4,raleway,regular,8.0,38tab01_20211228_170125_8187202836_600_800.png,/scratch/parceirosbr/bigoilict/share/BigOil/document_generator/datasets/documents_2021_12_28/38tab01_20211228_170125_8187202836_600_800.png,38tab01_20211228_170125_8187202836_600_800_mask.png,421.3
8,5,17,11,487,625,504,636,487,625,504,625,504,636,487,636,sub_line_text,table_text,table_4,raleway,regular,8.0,38tab01_20211228_170125_8187202836_600_800.png,/scratch/parceirosbr/bigoilict/share/BigOil/document_generator/datasets/documents_2021_12_28/38tab01_20211228_170125_8187202836_600_800.png,38tab01_20211228_170125_8187202836_600_800_mask.png,421.3
221,6,443,12,75,648,518,660,75,648,518,649,518,660,75,659,sub_line_text,text,text_2,raleway,regular,8,38tab01_20211228_170125_8187202836_600_800.png,/scratch/parceirosbr/bigoilict/share/BigOil/document_generator/datasets/documents_2021_12_28/38tab01_20211228_170125_8187202836_600_800.png,38tab01_20211228_170125_8187202836_600_800_mask.png,"Os valores dos parâmetros de simulação correspondem ao projeto de uma coluna de perfuração real, reportados por,."
221,6,443,12,75,648,518,660,75,648,518,649,518,660,75,659,text,text,text_2,raleway,regular,8,38tab01_20211228_170125_8187202836_600_800.png,/scratch/parceirosbr/bigoilict/share/BigOil/document_generator/datasets/documents_2021_12_28/38tab01_20211228_170125_8187202836_600_800.png,38tab01_20211228_170125_8187202836_600_800_mask.png,nan
