center_x,center_y,width,height,xmin,ymin,xmax,ymax,top_left_x,top_left_y,top_right_x,top_right_y,bottom_right_x,bottom_right_y,bottom_left_x,bottom_left_y,label,grouplabel,group,text_font,text_style,size_font,filename,path,filename_mask,content
300,400,600,800,0,0,600,800,0,0,600,0,600,800,0,800,document,,,,,,38tab01_20211228_170122_6248063961_600_800.png,/scratch/parceirosbr/bigoilict/share/BigOil/document_generator/datasets/documents_2021_12_28/38tab01_20211228_170122_6248063961_600_800.png,38tab01_20211228_170122_6248063961_600_800_mask.png,
233,37,466,74,61,80,527,154,61,80,527,80,527,154,61,154,table,header,table_0,arial,regular,7.0,38tab01_20211228_170122_6248063961_600_800.png,/scratch/parceirosbr/bigoilict/share/BigOil/document_generator/datasets/documents_2021_12_28/38tab01_20211228_170122_6248063961_600_800.png,38tab01_20211228_170122_6248063961_600_800_mask.png,nan
151,6,303,12,79,82,382,94,79,82,382,82,382,94,79,94,text,table_text,table_0,arial,bold,10.0,38tab01_20211228_170122_6248063961_600_800.png,/scratch/parceirosbr/bigoilict/share/BigOil/document_generator/datasets/documents_2021_12_28/38tab01_20211228_170122_6248063961_600_800.png,38tab01_20211228_170122_6248063961_600_800_mask.png,Aproximadamente 15% da demanda anual de 87 na é suprida 
151,6,303,12,79,82,382,94,79,82,382,82,382,94,79,94,sub_line_text,table_text,table_0,arial,bold,10.0,38tab01_20211228_170122_6248063961_600_800.png,/scratch/parceirosbr/bigoilict/share/BigOil/document_generator/datasets/documents_2021_12_28/38tab01_20211228_170122_6248063961_600_800.png,38tab01_20211228_170122_6248063961_600_800_mask.png,Aproximadamente 15% da demanda anual de 87 na é suprida 
147,5,295,11,83,99,378,110,83,99,378,99,378,110,83,110,text,table_text,table_0,arial,bolditalic,9.0,38tab01_20211228_170122_6248063961_600_800.png,/scratch/parceirosbr/bigoilict/share/BigOil/document_generator/datasets/documents_2021_12_28/38tab01_20211228_170122_6248063961_600_800.png,38tab01_20211228_170122_6248063961_600_800_mask.png,Possíveis danos ao meio ambiente devido a emissões diretas de 
147,5,295,11,83,99,378,110,83,99,378,99,378,110,83,110,sub_line_text,table_text,table_0,arial,bolditalic,9.0,38tab01_20211228_170122_6248063961_600_800.png,/scratch/parceirosbr/bigoilict/share/BigOil/document_generator/datasets/documents_2021_12_28/38tab01_20211228_170122_6248063961_600_800.png,38tab01_20211228_170122_6248063961_600_800_mask.png,Possíveis danos ao meio ambiente devido a emissões diretas de 
129,5,259,11,101,116,360,127,101,116,360,116,360,127,101,127,text,table_text,table_0,arial,bolditalic,9.0,38tab01_20211228_170122_6248063961_600_800.png,/scratch/parceirosbr/bigoilict/share/BigOil/document_generator/datasets/documents_2021_12_28/38tab01_20211228_170122_6248063961_600_800.png,38tab01_20211228_170122_6248063961_600_800_mask.png,"Hydraulic fracturing and production formation, through "
129,5,259,11,101,116,360,127,101,116,360,116,360,127,101,127,sub_line_text,table_text,table_0,arial,bolditalic,9.0,38tab01_20211228_170122_6248063961_600_800.png,/scratch/parceirosbr/bigoilict/share/BigOil/document_generator/datasets/documents_2021_12_28/38tab01_20211228_170122_6248063961_600_800.png,38tab01_20211228_170122_6248063961_600_800_mask.png,"Hydraulic fracturing and production formation, through "
13,5,27,10,450,82,477,92,450,82,477,82,477,92,450,92,text,table_text,table_0,arial,bold,8.0,38tab01_20211228_170122_6248063961_600_800.png,/scratch/parceirosbr/bigoilict/share/BigOil/document_generator/datasets/documents_2021_12_28/38tab01_20211228_170122_6248063961_600_800.png,38tab01_20211228_170122_6248063961_600_800_mask.png,direção
13,5,27,10,450,82,477,92,450,82,477,82,477,92,450,92,sub_line_text,table_text,table_0,arial,bold,8.0,38tab01_20211228_170122_6248063961_600_800.png,/scratch/parceirosbr/bigoilict/share/BigOil/document_generator/datasets/documents_2021_12_28/38tab01_20211228_170122_6248063961_600_800.png,38tab01_20211228_170122_6248063961_600_800_mask.png,direção
5,2,10,5,403,99,413,104,403,99,413,99,413,104,403,104,text,table_text,table_0,arial,regular,4.0,38tab01_20211228_170122_6248063961_600_800.png,/scratch/parceirosbr/bigoilict/share/BigOil/document_generator/datasets/documents_2021_12_28/38tab01_20211228_170122_6248063961_600_800.png,38tab01_20211228_170122_6248063961_600_800_mask.png,global
5,2,10,5,403,99,413,104,403,99,413,99,413,104,403,104,sub_line_text,table_text,table_0,arial,regular,4.0,38tab01_20211228_170122_6248063961_600_800.png,/scratch/parceirosbr/bigoilict/share/BigOil/document_generator/datasets/documents_2021_12_28/38tab01_20211228_170122_6248063961_600_800.png,38tab01_20211228_170122_6248063961_600_800_mask.png,global
11,2,22,5,403,116,425,121,403,116,425,116,425,121,403,121,text,table_text,table_0,arial,regular,4.0,38tab01_20211228_170122_6248063961_600_800.png,/scratch/parceirosbr/bigoilict/share/BigOil/document_generator/datasets/documents_2021_12_28/38tab01_20211228_170122_6248063961_600_800.png,38tab01_20211228_170122_6248063961_600_800_mask.png,componentes
11,2,22,5,403,116,425,121,403,116,425,116,425,121,403,121,sub_line_text,table_text,table_0,arial,regular,4.0,38tab01_20211228_170122_6248063961_600_800.png,/scratch/parceirosbr/bigoilict/share/BigOil/document_generator/datasets/documents_2021_12_28/38tab01_20211228_170122_6248063961_600_800.png,38tab01_20211228_170122_6248063961_600_800_mask.png,componentes
8,2,16,5,403,138,419,143,403,138,419,138,419,143,403,143,text,table_text,table_0,arial,regular,4.0,38tab01_20211228_170122_6248063961_600_800.png,/scratch/parceirosbr/bigoilict/share/BigOil/document_generator/datasets/documents_2021_12_28/38tab01_20211228_170122_6248063961_600_800.png,38tab01_20211228_170122_6248063961_600_800_mask.png,tamanhos
8,2,16,5,403,138,419,143,403,138,419,138,419,143,403,143,sub_line_text,table_text,table_0,arial,regular,4.0,38tab01_20211228_170122_6248063961_600_800.png,/scratch/parceirosbr/bigoilict/share/BigOil/document_generator/datasets/documents_2021_12_28/38tab01_20211228_170122_6248063961_600_800.png,38tab01_20211228_170122_6248063961_600_800_mask.png,tamanhos
4,4,8,8,485,99,493,107,485,99,493,99,493,107,485,107,text,table_text,table_0,arial,regular,7.0,38tab01_20211228_170122_6248063961_600_800.png,/scratch/parceirosbr/bigoilict/share/BigOil/document_generator/datasets/documents_2021_12_28/38tab01_20211228_170122_6248063961_600_800.png,38tab01_20211228_170122_6248063961_600_800_mask.png,ou
4,4,8,8,485,99,493,107,485,99,493,99,493,107,485,107,sub_line_text,table_text,table_0,arial,regular,7.0,38tab01_20211228_170122_6248063961_600_800.png,/scratch/parceirosbr/bigoilict/share/BigOil/document_generator/datasets/documents_2021_12_28/38tab01_20211228_170122_6248063961_600_800.png,38tab01_20211228_170122_6248063961_600_800_mask.png,ou
9,4,18,8,480,116,498,124,480,116,498,116,498,124,480,124,text,table_text,table_0,arial,regular,7.0,38tab01_20211228_170122_6248063961_600_800.png,/scratch/parceirosbr/bigoilict/share/BigOil/document_generator/datasets/documents_2021_12_28/38tab01_20211228_170122_6248063961_600_800.png,38tab01_20211228_170122_6248063961_600_800_mask.png,então
9,4,18,8,480,116,498,124,480,116,498,116,498,124,480,124,sub_line_text,table_text,table_0,arial,regular,7.0,38tab01_20211228_170122_6248063961_600_800.png,/scratch/parceirosbr/bigoilict/share/BigOil/document_generator/datasets/documents_2021_12_28/38tab01_20211228_170122_6248063961_600_800.png,38tab01_20211228_170122_6248063961_600_800_mask.png,então
21,4,42,8,468,138,510,146,468,138,510,138,510,146,468,146,text,table_text,table_0,arial,regular,7.0,38tab01_20211228_170122_6248063961_600_800.png,/scratch/parceirosbr/bigoilict/share/BigOil/document_generator/datasets/documents_2021_12_28/38tab01_20211228_170122_6248063961_600_800.png,38tab01_20211228_170122_6248063961_600_800_mask.png,desempenho
21,4,42,8,468,138,510,146,468,138,510,138,510,146,468,146,sub_line_text,table_text,table_0,arial,regular,7.0,38tab01_20211228_170122_6248063961_600_800.png,/scratch/parceirosbr/bigoilict/share/BigOil/document_generator/datasets/documents_2021_12_28/38tab01_20211228_170122_6248063961_600_800.png,38tab01_20211228_170122_6248063961_600_800_mask.png,desempenho
233,22,466,45,61,659,527,704,61,659,527,659,527,704,61,704,table,footer,table_1,arial,regular,7.0,38tab01_20211228_170122_6248063961_600_800.png,/scratch/parceirosbr/bigoilict/share/BigOil/document_generator/datasets/documents_2021_12_28/38tab01_20211228_170122_6248063961_600_800.png,38tab01_20211228_170122_6248063961_600_800_mask.png,nan
56,4,112,8,81,661,193,669,81,661,193,661,193,669,81,669,text,table_text,table_1,arial,bold,7.0,38tab01_20211228_170122_6248063961_600_800.png,/scratch/parceirosbr/bigoilict/share/BigOil/document_generator/datasets/documents_2021_12_28/38tab01_20211228_170122_6248063961_600_800.png,38tab01_20211228_170122_6248063961_600_800_mask.png,Diversos modelos de parâmetros 
56,4,112,8,81,661,193,669,81,661,193,661,193,669,81,669,sub_line_text,table_text,table_1,arial,bold,7.0,38tab01_20211228_170122_6248063961_600_800.png,/scratch/parceirosbr/bigoilict/share/BigOil/document_generator/datasets/documents_2021_12_28/38tab01_20211228_170122_6248063961_600_800.png,38tab01_20211228_170122_6248063961_600_800_mask.png,Diversos modelos de parâmetros 
60,4,120,8,77,672,197,680,77,672,197,672,197,680,77,680,text,table_text,table_1,arial,regular,7.0,38tab01_20211228_170122_6248063961_600_800.png,/scratch/parceirosbr/bigoilict/share/BigOil/document_generator/datasets/documents_2021_12_28/38tab01_20211228_170122_6248063961_600_800.png,38tab01_20211228_170122_6248063961_600_800_mask.png,Morris e mostraram que em áreas de 
60,4,120,8,77,672,197,680,77,672,197,672,197,680,77,680,sub_line_text,table_text,table_1,arial,regular,7.0,38tab01_20211228_170122_6248063961_600_800.png,/scratch/parceirosbr/bigoilict/share/BigOil/document_generator/datasets/documents_2021_12_28/38tab01_20211228_170122_6248063961_600_800.png,38tab01_20211228_170122_6248063961_600_800_mask.png,Morris e mostraram que em áreas de 
12,4,24,8,125,683,149,691,125,683,149,683,149,691,125,691,text,table_text,table_1,arial,regular,7.0,38tab01_20211228_170122_6248063961_600_800.png,/scratch/parceirosbr/bigoilict/share/BigOil/document_generator/datasets/documents_2021_12_28/38tab01_20211228_170122_6248063961_600_800.png,38tab01_20211228_170122_6248063961_600_800_mask.png,queima
12,4,24,8,125,683,149,691,125,683,149,683,149,691,125,691,sub_line_text,table_text,table_1,arial,regular,7.0,38tab01_20211228_170122_6248063961_600_800.png,/scratch/parceirosbr/bigoilict/share/BigOil/document_generator/datasets/documents_2021_12_28/38tab01_20211228_170122_6248063961_600_800.png,38tab01_20211228_170122_6248063961_600_800_mask.png,queima
32,4,64,8,247,661,311,669,247,661,311,661,311,669,247,669,text,table_text,table_1,arial,bold,7.0,38tab01_20211228_170122_6248063961_600_800.png,/scratch/parceirosbr/bigoilict/share/BigOil/document_generator/datasets/documents_2021_12_28/38tab01_20211228_170122_6248063961_600_800.png,38tab01_20211228_170122_6248063961_600_800_mask.png,Para o da que é de 
32,4,64,8,247,661,311,669,247,661,311,661,311,669,247,669,sub_line_text,table_text,table_1,arial,bold,7.0,38tab01_20211228_170122_6248063961_600_800.png,/scratch/parceirosbr/bigoilict/share/BigOil/document_generator/datasets/documents_2021_12_28/38tab01_20211228_170122_6248063961_600_800.png,38tab01_20211228_170122_6248063961_600_800_mask.png,Para o da que é de 
41,4,82,8,238,672,320,680,238,672,320,672,320,680,238,680,text,table_text,table_1,arial,regular,7.0,38tab01_20211228_170122_6248063961_600_800.png,/scratch/parceirosbr/bigoilict/share/BigOil/document_generator/datasets/documents_2021_12_28/38tab01_20211228_170122_6248063961_600_800.png,38tab01_20211228_170122_6248063961_600_800_mask.png,A 3.7 ilustra como foram 
41,4,82,8,238,672,320,680,238,672,320,672,320,680,238,680,sub_line_text,table_text,table_1,arial,regular,7.0,38tab01_20211228_170122_6248063961_600_800.png,/scratch/parceirosbr/bigoilict/share/BigOil/document_generator/datasets/documents_2021_12_28/38tab01_20211228_170122_6248063961_600_800.png,38tab01_20211228_170122_6248063961_600_800_mask.png,A 3.7 ilustra como foram 
14,4,28,8,265,683,293,691,265,683,293,683,293,691,265,691,text,table_text,table_1,arial,regular,7.0,38tab01_20211228_170122_6248063961_600_800.png,/scratch/parceirosbr/bigoilict/share/BigOil/document_generator/datasets/documents_2021_12_28/38tab01_20211228_170122_6248063961_600_800.png,38tab01_20211228_170122_6248063961_600_800_mask.png,estrutura
14,4,28,8,265,683,293,691,265,683,293,683,293,691,265,691,sub_line_text,table_text,table_1,arial,regular,7.0,38tab01_20211228_170122_6248063961_600_800.png,/scratch/parceirosbr/bigoilict/share/BigOil/document_generator/datasets/documents_2021_12_28/38tab01_20211228_170122_6248063961_600_800.png,38tab01_20211228_170122_6248063961_600_800_mask.png,estrutura
74,4,149,8,361,661,510,669,361,661,510,661,510,669,361,669,text,table_text,table_1,arial,bold,7.0,38tab01_20211228_170122_6248063961_600_800.png,/scratch/parceirosbr/bigoilict/share/BigOil/document_generator/datasets/documents_2021_12_28/38tab01_20211228_170122_6248063961_600_800.png,38tab01_20211228_170122_6248063961_600_800_mask.png,This substance is of concern to aquatic biota 
74,4,149,8,361,661,510,669,361,661,510,661,510,669,361,669,sub_line_text,table_text,table_1,arial,bold,7.0,38tab01_20211228_170122_6248063961_600_800.png,/scratch/parceirosbr/bigoilict/share/BigOil/document_generator/datasets/documents_2021_12_28/38tab01_20211228_170122_6248063961_600_800.png,38tab01_20211228_170122_6248063961_600_800_mask.png,This substance is of concern to aquatic biota 
73,4,147,8,363,672,510,680,363,672,510,672,510,680,363,680,text,table_text,table_1,arial,regular,7.0,38tab01_20211228_170122_6248063961_600_800.png,/scratch/parceirosbr/bigoilict/share/BigOil/document_generator/datasets/documents_2021_12_28/38tab01_20211228_170122_6248063961_600_800.png,38tab01_20211228_170122_6248063961_600_800_mask.png,"Para determinar a densidade do vapor, foram "
73,4,147,8,363,672,510,680,363,672,510,672,510,680,363,680,sub_line_text,table_text,table_1,arial,regular,7.0,38tab01_20211228_170122_6248063961_600_800.png,/scratch/parceirosbr/bigoilict/share/BigOil/document_generator/datasets/documents_2021_12_28/38tab01_20211228_170122_6248063961_600_800.png,38tab01_20211228_170122_6248063961_600_800_mask.png,"Para determinar a densidade do vapor, foram "
23,4,46,8,413,683,459,691,413,683,459,683,459,691,413,691,text,table_text,table_1,arial,regular,7.0,38tab01_20211228_170122_6248063961_600_800.png,/scratch/parceirosbr/bigoilict/share/BigOil/document_generator/datasets/documents_2021_12_28/38tab01_20211228_170122_6248063961_600_800.png,38tab01_20211228_170122_6248063961_600_800_mask.png,investimentos
23,4,46,8,413,683,459,691,413,683,459,683,459,691,413,691,sub_line_text,table_text,table_1,arial,regular,7.0,38tab01_20211228_170122_6248063961_600_800.png,/scratch/parceirosbr/bigoilict/share/BigOil/document_generator/datasets/documents_2021_12_28/38tab01_20211228_170122_6248063961_600_800.png,38tab01_20211228_170122_6248063961_600_800_mask.png,investimentos
227,4,454,8,67,175,521,183,67,175,521,175,521,183,67,183,sub_line_text,text,text_0,arial,regular,7,38tab01_20211228_170122_6248063961_600_800.png,/scratch/parceirosbr/bigoilict/share/BigOil/document_generator/datasets/documents_2021_12_28/38tab01_20211228_170122_6248063961_600_800.png,38tab01_20211228_170122_6248063961_600_800_mask.png,"Conforme  pode ser observado na 13, sua formação ocorre juntamente com a de nafta, por hidroprocessamento catalítico. Considerando =/2,"
218,4,436,8,67,186,503,194,67,186,503,186,503,194,67,194,sub_line_text,text,text_0,arial,regular,7,38tab01_20211228_170122_6248063961_600_800.png,/scratch/parceirosbr/bigoilict/share/BigOil/document_generator/datasets/documents_2021_12_28/38tab01_20211228_170122_6248063961_600_800.png,38tab01_20211228_170122_6248063961_600_800_mask.png,"observa-se que/c0 apresenta o mesmo comportamento para , no entanto, o valor da retenção é bem menor quando comparado com =0."
227,9,454,19,67,175,521,194,67,175,521,175,521,194,67,194,text,text,text_0,arial,regular,7,38tab01_20211228_170122_6248063961_600_800.png,/scratch/parceirosbr/bigoilict/share/BigOil/document_generator/datasets/documents_2021_12_28/38tab01_20211228_170122_6248063961_600_800.png,38tab01_20211228_170122_6248063961_600_800_mask.png,nan
227,127,454,255,67,209,521,464,67,209,521,209,521,464,67,464,table,table_image,table_2,arial,regular,7.0,38tab01_20211228_170122_6248063961_600_800.png,/scratch/parceirosbr/bigoilict/share/BigOil/document_generator/datasets/documents_2021_12_28/38tab01_20211228_170122_6248063961_600_800.png,38tab01_20211228_170122_6248063961_600_800_mask.png,nan
11,4,22,8,117,213,139,221,117,213,139,213,139,221,117,221,text,table_text,table_2,arial,bold,7.0,38tab01_20211228_170122_6248063961_600_800.png,/scratch/parceirosbr/bigoilict/share/BigOil/document_generator/datasets/documents_2021_12_28/38tab01_20211228_170122_6248063961_600_800.png,38tab01_20211228_170122_6248063961_600_800_mask.png,muitas
11,4,22,8,117,213,139,221,117,213,139,213,139,221,117,221,sub_line_text,table_text,table_2,arial,bold,7.0,38tab01_20211228_170122_6248063961_600_800.png,/scratch/parceirosbr/bigoilict/share/BigOil/document_generator/datasets/documents_2021_12_28/38tab01_20211228_170122_6248063961_600_800.png,38tab01_20211228_170122_6248063961_600_800_mask.png,muitas
13,4,26,8,115,221,141,229,115,221,141,221,141,229,115,229,text,table_text,table_2,arial,bold,7.0,38tab01_20211228_170122_6248063961_600_800.png,/scratch/parceirosbr/bigoilict/share/BigOil/document_generator/datasets/documents_2021_12_28/38tab01_20211228_170122_6248063961_600_800.png,38tab01_20211228_170122_6248063961_600_800_mask.png,direção
13,4,26,8,115,221,141,229,115,221,141,221,141,229,115,229,sub_line_text,table_text,table_2,arial,bold,7.0,38tab01_20211228_170122_6248063961_600_800.png,/scratch/parceirosbr/bigoilict/share/BigOil/document_generator/datasets/documents_2021_12_28/38tab01_20211228_170122_6248063961_600_800.png,38tab01_20211228_170122_6248063961_600_800_mask.png,direção
16,4,32,8,112,264,144,272,112,264,144,264,144,272,112,272,text,table_text,table_2,arial,regular,7.0,38tab01_20211228_170122_6248063961_600_800.png,/scratch/parceirosbr/bigoilict/share/BigOil/document_generator/datasets/documents_2021_12_28/38tab01_20211228_170122_6248063961_600_800.png,38tab01_20211228_170122_6248063961_600_800_mask.png,diferentes
16,4,32,8,112,264,144,272,112,264,144,264,144,272,112,272,sub_line_text,table_text,table_2,arial,regular,7.0,38tab01_20211228_170122_6248063961_600_800.png,/scratch/parceirosbr/bigoilict/share/BigOil/document_generator/datasets/documents_2021_12_28/38tab01_20211228_170122_6248063961_600_800.png,38tab01_20211228_170122_6248063961_600_800_mask.png,diferentes
9,4,18,8,119,295,137,303,119,295,137,295,137,303,119,303,text,table_text,table_2,arial,regular,7.0,38tab01_20211228_170122_6248063961_600_800.png,/scratch/parceirosbr/bigoilict/share/BigOil/document_generator/datasets/documents_2021_12_28/38tab01_20211228_170122_6248063961_600_800.png,38tab01_20211228_170122_6248063961_600_800_mask.png,spray
9,4,18,8,119,295,137,303,119,295,137,295,137,303,119,303,sub_line_text,table_text,table_2,arial,regular,7.0,38tab01_20211228_170122_6248063961_600_800.png,/scratch/parceirosbr/bigoilict/share/BigOil/document_generator/datasets/documents_2021_12_28/38tab01_20211228_170122_6248063961_600_800.png,38tab01_20211228_170122_6248063961_600_800_mask.png,spray
13,4,26,8,115,306,141,314,115,306,141,306,141,314,115,314,text,table_text,table_2,arial,regular,7.0,38tab01_20211228_170122_6248063961_600_800.png,/scratch/parceirosbr/bigoilict/share/BigOil/document_generator/datasets/documents_2021_12_28/38tab01_20211228_170122_6248063961_600_800.png,38tab01_20211228_170122_6248063961_600_800_mask.png,resultou
13,4,26,8,115,306,141,314,115,306,141,306,141,314,115,314,sub_line_text,table_text,table_2,arial,regular,7.0,38tab01_20211228_170122_6248063961_600_800.png,/scratch/parceirosbr/bigoilict/share/BigOil/document_generator/datasets/documents_2021_12_28/38tab01_20211228_170122_6248063961_600_800.png,38tab01_20211228_170122_6248063961_600_800_mask.png,resultou
8,4,17,8,119,332,136,340,119,332,136,332,136,340,119,340,text,table_text,table_2,arial,regular,7.0,38tab01_20211228_170122_6248063961_600_800.png,/scratch/parceirosbr/bigoilict/share/BigOil/document_generator/datasets/documents_2021_12_28/38tab01_20211228_170122_6248063961_600_800.png,38tab01_20211228_170122_6248063961_600_800_mask.png,setor
8,4,17,8,119,332,136,340,119,332,136,332,136,340,119,340,sub_line_text,table_text,table_2,arial,regular,7.0,38tab01_20211228_170122_6248063961_600_800.png,/scratch/parceirosbr/bigoilict/share/BigOil/document_generator/datasets/documents_2021_12_28/38tab01_20211228_170122_6248063961_600_800.png,38tab01_20211228_170122_6248063961_600_800_mask.png,setor
8,4,17,8,119,343,136,351,119,343,136,343,136,351,119,351,text,table_text,table_2,arial,regular,7.0,38tab01_20211228_170122_6248063961_600_800.png,/scratch/parceirosbr/bigoilict/share/BigOil/document_generator/datasets/documents_2021_12_28/38tab01_20211228_170122_6248063961_600_800.png,38tab01_20211228_170122_6248063961_600_800_mask.png,setor
8,4,17,8,119,343,136,351,119,343,136,343,136,351,119,351,sub_line_text,table_text,table_2,arial,regular,7.0,38tab01_20211228_170122_6248063961_600_800.png,/scratch/parceirosbr/bigoilict/share/BigOil/document_generator/datasets/documents_2021_12_28/38tab01_20211228_170122_6248063961_600_800.png,38tab01_20211228_170122_6248063961_600_800_mask.png,setor
8,4,16,8,120,380,136,388,120,380,136,380,136,388,120,388,text,table_text,table_2,arial,regular,7.0,38tab01_20211228_170122_6248063961_600_800.png,/scratch/parceirosbr/bigoilict/share/BigOil/document_generator/datasets/documents_2021_12_28/38tab01_20211228_170122_6248063961_600_800.png,38tab01_20211228_170122_6248063961_600_800_mask.png,vista
8,4,16,8,120,380,136,388,120,380,136,380,136,388,120,388,sub_line_text,table_text,table_2,arial,regular,7.0,38tab01_20211228_170122_6248063961_600_800.png,/scratch/parceirosbr/bigoilict/share/BigOil/document_generator/datasets/documents_2021_12_28/38tab01_20211228_170122_6248063961_600_800.png,38tab01_20211228_170122_6248063961_600_800_mask.png,vista
15,4,30,8,113,421,143,429,113,421,143,421,143,429,113,429,text,table_text,table_2,arial,regular,7.0,38tab01_20211228_170122_6248063961_600_800.png,/scratch/parceirosbr/bigoilict/share/BigOil/document_generator/datasets/documents_2021_12_28/38tab01_20211228_170122_6248063961_600_800.png,38tab01_20211228_170122_6248063961_600_800_mask.png,biodiesel
15,4,30,8,113,421,143,429,113,421,143,421,143,429,113,429,sub_line_text,table_text,table_2,arial,regular,7.0,38tab01_20211228_170122_6248063961_600_800.png,/scratch/parceirosbr/bigoilict/share/BigOil/document_generator/datasets/documents_2021_12_28/38tab01_20211228_170122_6248063961_600_800.png,38tab01_20211228_170122_6248063961_600_800_mask.png,biodiesel
6,4,12,8,122,443,134,451,122,443,134,443,134,451,122,451,text,table_text,table_2,arial,regular,7.0,38tab01_20211228_170122_6248063961_600_800.png,/scratch/parceirosbr/bigoilict/share/BigOil/document_generator/datasets/documents_2021_12_28/38tab01_20211228_170122_6248063961_600_800.png,38tab01_20211228_170122_6248063961_600_800_mask.png,das
6,4,12,8,122,443,134,451,122,443,134,443,134,451,122,451,sub_line_text,table_text,table_2,arial,regular,7.0,38tab01_20211228_170122_6248063961_600_800.png,/scratch/parceirosbr/bigoilict/share/BigOil/document_generator/datasets/documents_2021_12_28/38tab01_20211228_170122_6248063961_600_800.png,38tab01_20211228_170122_6248063961_600_800_mask.png,das
8,4,17,8,209,213,226,221,209,213,226,213,226,221,209,221,text,table_text,table_2,arial,bold,7.0,38tab01_20211228_170122_6248063961_600_800.png,/scratch/parceirosbr/bigoilict/share/BigOil/document_generator/datasets/documents_2021_12_28/38tab01_20211228_170122_6248063961_600_800.png,38tab01_20211228_170122_6248063961_600_800_mask.png,caso
8,4,17,8,209,213,226,221,209,213,226,213,226,221,209,221,sub_line_text,table_text,table_2,arial,bold,7.0,38tab01_20211228_170122_6248063961_600_800.png,/scratch/parceirosbr/bigoilict/share/BigOil/document_generator/datasets/documents_2021_12_28/38tab01_20211228_170122_6248063961_600_800.png,38tab01_20211228_170122_6248063961_600_800_mask.png,caso
8,4,16,8,209,221,225,229,209,221,225,221,225,229,209,229,text,table_text,table_2,arial,bold,7.0,38tab01_20211228_170122_6248063961_600_800.png,/scratch/parceirosbr/bigoilict/share/BigOil/document_generator/datasets/documents_2021_12_28/38tab01_20211228_170122_6248063961_600_800.png,38tab01_20211228_170122_6248063961_600_800_mask.png,mais
8,4,16,8,209,221,225,229,209,221,225,221,225,229,209,229,sub_line_text,table_text,table_2,arial,bold,7.0,38tab01_20211228_170122_6248063961_600_800.png,/scratch/parceirosbr/bigoilict/share/BigOil/document_generator/datasets/documents_2021_12_28/38tab01_20211228_170122_6248063961_600_800.png,38tab01_20211228_170122_6248063961_600_800_mask.png,mais
19,4,38,8,198,264,236,272,198,264,236,264,236,272,198,272,text,table_text,table_2,arial,regular,7.0,38tab01_20211228_170122_6248063961_600_800.png,/scratch/parceirosbr/bigoilict/share/BigOil/document_generator/datasets/documents_2021_12_28/38tab01_20211228_170122_6248063961_600_800.png,38tab01_20211228_170122_6248063961_600_800_mask.png,191113.201
19,4,38,8,198,264,236,272,198,264,236,264,236,272,198,272,sub_line_text,table_text,table_2,arial,regular,7.0,38tab01_20211228_170122_6248063961_600_800.png,/scratch/parceirosbr/bigoilict/share/BigOil/document_generator/datasets/documents_2021_12_28/38tab01_20211228_170122_6248063961_600_800.png,38tab01_20211228_170122_6248063961_600_800_mask.png,191113.201
17,4,34,8,200,295,234,303,200,295,234,295,234,303,200,303,text,table_text,table_2,arial,regular,7.0,38tab01_20211228_170122_6248063961_600_800.png,/scratch/parceirosbr/bigoilict/share/BigOil/document_generator/datasets/documents_2021_12_28/38tab01_20211228_170122_6248063961_600_800.png,38tab01_20211228_170122_6248063961_600_800_mask.png,55568.515
17,4,34,8,200,295,234,303,200,295,234,295,234,303,200,303,sub_line_text,table_text,table_2,arial,regular,7.0,38tab01_20211228_170122_6248063961_600_800.png,/scratch/parceirosbr/bigoilict/share/BigOil/document_generator/datasets/documents_2021_12_28/38tab01_20211228_170122_6248063961_600_800.png,38tab01_20211228_170122_6248063961_600_800_mask.png,55568.515
13,4,26,8,204,306,230,314,204,306,230,306,230,314,204,314,text,table_text,table_2,arial,regular,7.0,38tab01_20211228_170122_6248063961_600_800.png,/scratch/parceirosbr/bigoilict/share/BigOil/document_generator/datasets/documents_2021_12_28/38tab01_20211228_170122_6248063961_600_800.png,38tab01_20211228_170122_6248063961_600_800_mask.png,191.386
13,4,26,8,204,306,230,314,204,306,230,306,230,314,204,314,sub_line_text,table_text,table_2,arial,regular,7.0,38tab01_20211228_170122_6248063961_600_800.png,/scratch/parceirosbr/bigoilict/share/BigOil/document_generator/datasets/documents_2021_12_28/38tab01_20211228_170122_6248063961_600_800.png,38tab01_20211228_170122_6248063961_600_800_mask.png,191.386
21,4,42,8,196,332,238,340,196,332,238,332,238,340,196,340,text,table_text,table_2,arial,regular,7.0,38tab01_20211228_170122_6248063961_600_800.png,/scratch/parceirosbr/bigoilict/share/BigOil/document_generator/datasets/documents_2021_12_28/38tab01_20211228_170122_6248063961_600_800.png,38tab01_20211228_170122_6248063961_600_800_mask.png,5669842.811
21,4,42,8,196,332,238,340,196,332,238,332,238,340,196,340,sub_line_text,table_text,table_2,arial,regular,7.0,38tab01_20211228_170122_6248063961_600_800.png,/scratch/parceirosbr/bigoilict/share/BigOil/document_generator/datasets/documents_2021_12_28/38tab01_20211228_170122_6248063961_600_800.png,38tab01_20211228_170122_6248063961_600_800_mask.png,5669842.811
13,4,26,8,204,343,230,351,204,343,230,343,230,351,204,351,text,table_text,table_2,arial,regular,7.0,38tab01_20211228_170122_6248063961_600_800.png,/scratch/parceirosbr/bigoilict/share/BigOil/document_generator/datasets/documents_2021_12_28/38tab01_20211228_170122_6248063961_600_800.png,38tab01_20211228_170122_6248063961_600_800_mask.png,728.325
13,4,26,8,204,343,230,351,204,343,230,343,230,351,204,351,sub_line_text,table_text,table_2,arial,regular,7.0,38tab01_20211228_170122_6248063961_600_800.png,/scratch/parceirosbr/bigoilict/share/BigOil/document_generator/datasets/documents_2021_12_28/38tab01_20211228_170122_6248063961_600_800.png,38tab01_20211228_170122_6248063961_600_800_mask.png,728.325
15,4,30,8,202,380,232,388,202,380,232,380,232,388,202,388,text,table_text,table_2,arial,regular,7.0,38tab01_20211228_170122_6248063961_600_800.png,/scratch/parceirosbr/bigoilict/share/BigOil/document_generator/datasets/documents_2021_12_28/38tab01_20211228_170122_6248063961_600_800.png,38tab01_20211228_170122_6248063961_600_800_mask.png,2945.882
15,4,30,8,202,380,232,388,202,380,232,380,232,388,202,388,sub_line_text,table_text,table_2,arial,regular,7.0,38tab01_20211228_170122_6248063961_600_800.png,/scratch/parceirosbr/bigoilict/share/BigOil/document_generator/datasets/documents_2021_12_28/38tab01_20211228_170122_6248063961_600_800.png,38tab01_20211228_170122_6248063961_600_800_mask.png,2945.882
17,4,34,8,200,421,234,429,200,421,234,421,234,429,200,429,text,table_text,table_2,arial,regular,7.0,38tab01_20211228_170122_6248063961_600_800.png,/scratch/parceirosbr/bigoilict/share/BigOil/document_generator/datasets/documents_2021_12_28/38tab01_20211228_170122_6248063961_600_800.png,38tab01_20211228_170122_6248063961_600_800_mask.png,80655.601
17,4,34,8,200,421,234,429,200,421,234,421,234,429,200,429,sub_line_text,table_text,table_2,arial,regular,7.0,38tab01_20211228_170122_6248063961_600_800.png,/scratch/parceirosbr/bigoilict/share/BigOil/document_generator/datasets/documents_2021_12_28/38tab01_20211228_170122_6248063961_600_800.png,38tab01_20211228_170122_6248063961_600_800_mask.png,80655.601
17,4,34,8,200,443,234,451,200,443,234,443,234,451,200,451,text,table_text,table_2,arial,regular,7.0,38tab01_20211228_170122_6248063961_600_800.png,/scratch/parceirosbr/bigoilict/share/BigOil/document_generator/datasets/documents_2021_12_28/38tab01_20211228_170122_6248063961_600_800.png,38tab01_20211228_170122_6248063961_600_800_mask.png,60958.662
17,4,34,8,200,443,234,451,200,443,234,443,234,451,200,451,sub_line_text,table_text,table_2,arial,regular,7.0,38tab01_20211228_170122_6248063961_600_800.png,/scratch/parceirosbr/bigoilict/share/BigOil/document_generator/datasets/documents_2021_12_28/38tab01_20211228_170122_6248063961_600_800.png,38tab01_20211228_170122_6248063961_600_800_mask.png,60958.662
13,4,27,8,279,213,306,221,279,213,306,213,306,221,279,221,text,table_text,table_2,arial,bold,7.0,38tab01_20211228_170122_6248063961_600_800.png,/scratch/parceirosbr/bigoilict/share/BigOil/document_generator/datasets/documents_2021_12_28/38tab01_20211228_170122_6248063961_600_800.png,38tab01_20211228_170122_6248063961_600_800_mask.png,elevado
13,4,27,8,279,213,306,221,279,213,306,213,306,221,279,221,sub_line_text,table_text,table_2,arial,bold,7.0,38tab01_20211228_170122_6248063961_600_800.png,/scratch/parceirosbr/bigoilict/share/BigOil/document_generator/datasets/documents_2021_12_28/38tab01_20211228_170122_6248063961_600_800.png,38tab01_20211228_170122_6248063961_600_800_mask.png,elevado
20,4,40,8,273,227,313,235,273,227,313,227,313,235,273,235,text,table_text,table_2,arial,regular,7.0,38tab01_20211228_170122_6248063961_600_800.png,/scratch/parceirosbr/bigoilict/share/BigOil/document_generator/datasets/documents_2021_12_28/38tab01_20211228_170122_6248063961_600_800.png,38tab01_20211228_170122_6248063961_600_800_mask.png,9268430199
20,4,40,8,273,227,313,235,273,227,313,227,313,235,273,235,sub_line_text,table_text,table_2,arial,regular,7.0,38tab01_20211228_170122_6248063961_600_800.png,/scratch/parceirosbr/bigoilict/share/BigOil/document_generator/datasets/documents_2021_12_28/38tab01_20211228_170122_6248063961_600_800.png,38tab01_20211228_170122_6248063961_600_800_mask.png,9268430199
22,4,44,8,271,264,315,272,271,264,315,264,315,272,271,272,text,table_text,table_2,arial,regular,7.0,38tab01_20211228_170122_6248063961_600_800.png,/scratch/parceirosbr/bigoilict/share/BigOil/document_generator/datasets/documents_2021_12_28/38tab01_20211228_170122_6248063961_600_800.png,38tab01_20211228_170122_6248063961_600_800_mask.png,46505869200
22,4,44,8,271,264,315,272,271,264,315,264,315,272,271,272,sub_line_text,table_text,table_2,arial,regular,7.0,38tab01_20211228_170122_6248063961_600_800.png,/scratch/parceirosbr/bigoilict/share/BigOil/document_generator/datasets/documents_2021_12_28/38tab01_20211228_170122_6248063961_600_800.png,38tab01_20211228_170122_6248063961_600_800_mask.png,46505869200
16,4,32,8,277,295,309,303,277,295,309,295,309,303,277,303,text,table_text,table_2,arial,regular,7.0,38tab01_20211228_170122_6248063961_600_800.png,/scratch/parceirosbr/bigoilict/share/BigOil/document_generator/datasets/documents_2021_12_28/38tab01_20211228_170122_6248063961_600_800.png,38tab01_20211228_170122_6248063961_600_800_mask.png,49559933
16,4,32,8,277,295,309,303,277,295,309,295,309,303,277,303,sub_line_text,table_text,table_2,arial,regular,7.0,38tab01_20211228_170122_6248063961_600_800.png,/scratch/parceirosbr/bigoilict/share/BigOil/document_generator/datasets/documents_2021_12_28/38tab01_20211228_170122_6248063961_600_800.png,38tab01_20211228_170122_6248063961_600_800_mask.png,49559933
20,4,40,8,273,306,313,314,273,306,313,306,313,314,273,314,text,table_text,table_2,arial,regular,7.0,38tab01_20211228_170122_6248063961_600_800.png,/scratch/parceirosbr/bigoilict/share/BigOil/document_generator/datasets/documents_2021_12_28/38tab01_20211228_170122_6248063961_600_800.png,38tab01_20211228_170122_6248063961_600_800_mask.png,4759708246
20,4,40,8,273,306,313,314,273,306,313,306,313,314,273,314,sub_line_text,table_text,table_2,arial,regular,7.0,38tab01_20211228_170122_6248063961_600_800.png,/scratch/parceirosbr/bigoilict/share/BigOil/document_generator/datasets/documents_2021_12_28/38tab01_20211228_170122_6248063961_600_800.png,38tab01_20211228_170122_6248063961_600_800_mask.png,4759708246
20,4,40,8,273,332,313,340,273,332,313,332,313,340,273,340,text,table_text,table_2,arial,regular,7.0,38tab01_20211228_170122_6248063961_600_800.png,/scratch/parceirosbr/bigoilict/share/BigOil/document_generator/datasets/documents_2021_12_28/38tab01_20211228_170122_6248063961_600_800.png,38tab01_20211228_170122_6248063961_600_800_mask.png,9297570476
20,4,40,8,273,332,313,340,273,332,313,332,313,340,273,340,sub_line_text,table_text,table_2,arial,regular,7.0,38tab01_20211228_170122_6248063961_600_800.png,/scratch/parceirosbr/bigoilict/share/BigOil/document_generator/datasets/documents_2021_12_28/38tab01_20211228_170122_6248063961_600_800.png,38tab01_20211228_170122_6248063961_600_800_mask.png,9297570476
20,4,40,8,273,343,313,351,273,343,313,343,313,351,273,351,text,table_text,table_2,arial,regular,7.0,38tab01_20211228_170122_6248063961_600_800.png,/scratch/parceirosbr/bigoilict/share/BigOil/document_generator/datasets/documents_2021_12_28/38tab01_20211228_170122_6248063961_600_800.png,38tab01_20211228_170122_6248063961_600_800_mask.png,6828488267
20,4,40,8,273,343,313,351,273,343,313,343,313,351,273,351,sub_line_text,table_text,table_2,arial,regular,7.0,38tab01_20211228_170122_6248063961_600_800.png,/scratch/parceirosbr/bigoilict/share/BigOil/document_generator/datasets/documents_2021_12_28/38tab01_20211228_170122_6248063961_600_800.png,38tab01_20211228_170122_6248063961_600_800_mask.png,6828488267
20,4,40,8,273,380,313,388,273,380,313,380,313,388,273,388,text,table_text,table_2,arial,regular,7.0,38tab01_20211228_170122_6248063961_600_800.png,/scratch/parceirosbr/bigoilict/share/BigOil/document_generator/datasets/documents_2021_12_28/38tab01_20211228_170122_6248063961_600_800.png,38tab01_20211228_170122_6248063961_600_800_mask.png,5886856104
20,4,40,8,273,380,313,388,273,380,313,380,313,388,273,388,sub_line_text,table_text,table_2,arial,regular,7.0,38tab01_20211228_170122_6248063961_600_800.png,/scratch/parceirosbr/bigoilict/share/BigOil/document_generator/datasets/documents_2021_12_28/38tab01_20211228_170122_6248063961_600_800.png,38tab01_20211228_170122_6248063961_600_800_mask.png,5886856104
22,4,44,8,271,421,315,429,271,421,315,421,315,429,271,429,text,table_text,table_2,arial,regular,7.0,38tab01_20211228_170122_6248063961_600_800.png,/scratch/parceirosbr/bigoilict/share/BigOil/document_generator/datasets/documents_2021_12_28/38tab01_20211228_170122_6248063961_600_800.png,38tab01_20211228_170122_6248063961_600_800_mask.png,70398004156
22,4,44,8,271,421,315,429,271,421,315,421,315,429,271,429,sub_line_text,table_text,table_2,arial,regular,7.0,38tab01_20211228_170122_6248063961_600_800.png,/scratch/parceirosbr/bigoilict/share/BigOil/document_generator/datasets/documents_2021_12_28/38tab01_20211228_170122_6248063961_600_800.png,38tab01_20211228_170122_6248063961_600_800_mask.png,70398004156
14,4,28,8,279,443,307,451,279,443,307,443,307,451,279,451,text,table_text,table_2,arial,regular,7.0,38tab01_20211228_170122_6248063961_600_800.png,/scratch/parceirosbr/bigoilict/share/BigOil/document_generator/datasets/documents_2021_12_28/38tab01_20211228_170122_6248063961_600_800.png,38tab01_20211228_170122_6248063961_600_800_mask.png,3296521
14,4,28,8,279,443,307,451,279,443,307,443,307,451,279,451,sub_line_text,table_text,table_2,arial,regular,7.0,38tab01_20211228_170122_6248063961_600_800.png,/scratch/parceirosbr/bigoilict/share/BigOil/document_generator/datasets/documents_2021_12_28/38tab01_20211228_170122_6248063961_600_800.png,38tab01_20211228_170122_6248063961_600_800_mask.png,3296521
13,4,26,8,354,213,380,221,354,213,380,213,380,221,354,221,text,table_text,table_2,arial,bold,7.0,38tab01_20211228_170122_6248063961_600_800.png,/scratch/parceirosbr/bigoilict/share/BigOil/document_generator/datasets/documents_2021_12_28/38tab01_20211228_170122_6248063961_600_800.png,38tab01_20211228_170122_6248063961_600_800_mask.png,direção
13,4,26,8,354,213,380,221,354,213,380,213,380,221,354,221,sub_line_text,table_text,table_2,arial,bold,7.0,38tab01_20211228_170122_6248063961_600_800.png,/scratch/parceirosbr/bigoilict/share/BigOil/document_generator/datasets/documents_2021_12_28/38tab01_20211228_170122_6248063961_600_800.png,38tab01_20211228_170122_6248063961_600_800_mask.png,direção
17,4,34,8,350,227,384,235,350,227,384,227,384,235,350,235,text,table_text,table_2,arial,regular,7.0,38tab01_20211228_170122_6248063961_600_800.png,/scratch/parceirosbr/bigoilict/share/BigOil/document_generator/datasets/documents_2021_12_28/38tab01_20211228_170122_6248063961_600_800.png,38tab01_20211228_170122_6248063961_600_800_mask.png,769418.02
17,4,34,8,350,227,384,235,350,227,384,227,384,235,350,235,sub_line_text,table_text,table_2,arial,regular,7.0,38tab01_20211228_170122_6248063961_600_800.png,/scratch/parceirosbr/bigoilict/share/BigOil/document_generator/datasets/documents_2021_12_28/38tab01_20211228_170122_6248063961_600_800.png,38tab01_20211228_170122_6248063961_600_800_mask.png,769418.02
21,4,42,8,346,264,388,272,346,264,388,264,388,272,346,272,text,table_text,table_2,arial,regular,7.0,38tab01_20211228_170122_6248063961_600_800.png,/scratch/parceirosbr/bigoilict/share/BigOil/document_generator/datasets/documents_2021_12_28/38tab01_20211228_170122_6248063961_600_800.png,38tab01_20211228_170122_6248063961_600_800_mask.png,41990395.89
21,4,42,8,346,264,388,272,346,264,388,264,388,272,346,272,sub_line_text,table_text,table_2,arial,regular,7.0,38tab01_20211228_170122_6248063961_600_800.png,/scratch/parceirosbr/bigoilict/share/BigOil/document_generator/datasets/documents_2021_12_28/38tab01_20211228_170122_6248063961_600_800.png,38tab01_20211228_170122_6248063961_600_800_mask.png,41990395.89
21,4,42,8,346,295,388,303,346,295,388,295,388,303,346,303,text,table_text,table_2,arial,regular,7.0,38tab01_20211228_170122_6248063961_600_800.png,/scratch/parceirosbr/bigoilict/share/BigOil/document_generator/datasets/documents_2021_12_28/38tab01_20211228_170122_6248063961_600_800.png,38tab01_20211228_170122_6248063961_600_800_mask.png,98135695.83
21,4,42,8,346,295,388,303,346,295,388,295,388,303,346,303,sub_line_text,table_text,table_2,arial,regular,7.0,38tab01_20211228_170122_6248063961_600_800.png,/scratch/parceirosbr/bigoilict/share/BigOil/document_generator/datasets/documents_2021_12_28/38tab01_20211228_170122_6248063961_600_800.png,38tab01_20211228_170122_6248063961_600_800_mask.png,98135695.83
17,4,34,8,350,306,384,314,350,306,384,306,384,314,350,314,text,table_text,table_2,arial,regular,7.0,38tab01_20211228_170122_6248063961_600_800.png,/scratch/parceirosbr/bigoilict/share/BigOil/document_generator/datasets/documents_2021_12_28/38tab01_20211228_170122_6248063961_600_800.png,38tab01_20211228_170122_6248063961_600_800_mask.png,168842.17
17,4,34,8,350,306,384,314,350,306,384,306,384,314,350,314,sub_line_text,table_text,table_2,arial,regular,7.0,38tab01_20211228_170122_6248063961_600_800.png,/scratch/parceirosbr/bigoilict/share/BigOil/document_generator/datasets/documents_2021_12_28/38tab01_20211228_170122_6248063961_600_800.png,38tab01_20211228_170122_6248063961_600_800_mask.png,168842.17
21,4,42,8,346,332,388,340,346,332,388,332,388,340,346,340,text,table_text,table_2,arial,regular,7.0,38tab01_20211228_170122_6248063961_600_800.png,/scratch/parceirosbr/bigoilict/share/BigOil/document_generator/datasets/documents_2021_12_28/38tab01_20211228_170122_6248063961_600_800.png,38tab01_20211228_170122_6248063961_600_800_mask.png,29643384.63
21,4,42,8,346,332,388,340,346,332,388,332,388,340,346,340,sub_line_text,table_text,table_2,arial,regular,7.0,38tab01_20211228_170122_6248063961_600_800.png,/scratch/parceirosbr/bigoilict/share/BigOil/document_generator/datasets/documents_2021_12_28/38tab01_20211228_170122_6248063961_600_800.png,38tab01_20211228_170122_6248063961_600_800_mask.png,29643384.63
19,4,38,8,348,343,386,351,348,343,386,343,386,351,348,351,text,table_text,table_2,arial,regular,7.0,38tab01_20211228_170122_6248063961_600_800.png,/scratch/parceirosbr/bigoilict/share/BigOil/document_generator/datasets/documents_2021_12_28/38tab01_20211228_170122_6248063961_600_800.png,38tab01_20211228_170122_6248063961_600_800_mask.png,3309708.42
19,4,38,8,348,343,386,351,348,343,386,343,386,351,348,351,sub_line_text,table_text,table_2,arial,regular,7.0,38tab01_20211228_170122_6248063961_600_800.png,/scratch/parceirosbr/bigoilict/share/BigOil/document_generator/datasets/documents_2021_12_28/38tab01_20211228_170122_6248063961_600_800.png,38tab01_20211228_170122_6248063961_600_800_mask.png,3309708.42
17,4,34,8,350,380,384,388,350,380,384,380,384,388,350,388,text,table_text,table_2,arial,regular,7.0,38tab01_20211228_170122_6248063961_600_800.png,/scratch/parceirosbr/bigoilict/share/BigOil/document_generator/datasets/documents_2021_12_28/38tab01_20211228_170122_6248063961_600_800.png,38tab01_20211228_170122_6248063961_600_800_mask.png,950444.72
17,4,34,8,350,380,384,388,350,380,384,380,384,388,350,388,sub_line_text,table_text,table_2,arial,regular,7.0,38tab01_20211228_170122_6248063961_600_800.png,/scratch/parceirosbr/bigoilict/share/BigOil/document_generator/datasets/documents_2021_12_28/38tab01_20211228_170122_6248063961_600_800.png,38tab01_20211228_170122_6248063961_600_800_mask.png,950444.72
17,4,34,8,350,421,384,429,350,421,384,421,384,429,350,429,text,table_text,table_2,arial,regular,7.0,38tab01_20211228_170122_6248063961_600_800.png,/scratch/parceirosbr/bigoilict/share/BigOil/document_generator/datasets/documents_2021_12_28/38tab01_20211228_170122_6248063961_600_800.png,38tab01_20211228_170122_6248063961_600_800_mask.png,509212.20
17,4,34,8,350,421,384,429,350,421,384,421,384,429,350,429,sub_line_text,table_text,table_2,arial,regular,7.0,38tab01_20211228_170122_6248063961_600_800.png,/scratch/parceirosbr/bigoilict/share/BigOil/document_generator/datasets/documents_2021_12_28/38tab01_20211228_170122_6248063961_600_800.png,38tab01_20211228_170122_6248063961_600_800_mask.png,509212.20
17,4,34,8,350,443,384,451,350,443,384,443,384,451,350,451,text,table_text,table_2,arial,regular,7.0,38tab01_20211228_170122_6248063961_600_800.png,/scratch/parceirosbr/bigoilict/share/BigOil/document_generator/datasets/documents_2021_12_28/38tab01_20211228_170122_6248063961_600_800.png,38tab01_20211228_170122_6248063961_600_800_mask.png,135641.54
17,4,34,8,350,443,384,451,350,443,384,443,384,451,350,451,sub_line_text,table_text,table_2,arial,regular,7.0,38tab01_20211228_170122_6248063961_600_800.png,/scratch/parceirosbr/bigoilict/share/BigOil/document_generator/datasets/documents_2021_12_28/38tab01_20211228_170122_6248063961_600_800.png,38tab01_20211228_170122_6248063961_600_800_mask.png,135641.54
6,4,12,8,451,213,463,221,451,213,463,213,463,221,451,221,text,table_text,table_2,arial,bold,7.0,38tab01_20211228_170122_6248063961_600_800.png,/scratch/parceirosbr/bigoilict/share/BigOil/document_generator/datasets/documents_2021_12_28/38tab01_20211228_170122_6248063961_600_800.png,38tab01_20211228_170122_6248063961_600_800_mask.png,dos
6,4,12,8,451,213,463,221,451,213,463,213,463,221,451,221,sub_line_text,table_text,table_2,arial,bold,7.0,38tab01_20211228_170122_6248063961_600_800.png,/scratch/parceirosbr/bigoilict/share/BigOil/document_generator/datasets/documents_2021_12_28/38tab01_20211228_170122_6248063961_600_800.png,38tab01_20211228_170122_6248063961_600_800_mask.png,dos
49,4,98,8,409,227,507,235,409,227,507,227,507,235,409,235,text,table_text,table_2,arial,regular,7.0,38tab01_20211228_170122_6248063961_600_800.png,/scratch/parceirosbr/bigoilict/share/BigOil/document_generator/datasets/documents_2021_12_28/38tab01_20211228_170122_6248063961_600_800.png,38tab01_20211228_170122_6248063961_600_800_mask.png,51449820832949666929384.5
49,4,98,8,409,227,507,235,409,227,507,227,507,235,409,235,sub_line_text,table_text,table_2,arial,regular,7.0,38tab01_20211228_170122_6248063961_600_800.png,/scratch/parceirosbr/bigoilict/share/BigOil/document_generator/datasets/documents_2021_12_28/38tab01_20211228_170122_6248063961_600_800.png,38tab01_20211228_170122_6248063961_600_800_mask.png,51449820832949666929384.5
49,4,98,8,409,264,507,272,409,264,507,264,507,272,409,272,text,table_text,table_2,arial,regular,7.0,38tab01_20211228_170122_6248063961_600_800.png,/scratch/parceirosbr/bigoilict/share/BigOil/document_generator/datasets/documents_2021_12_28/38tab01_20211228_170122_6248063961_600_800.png,38tab01_20211228_170122_6248063961_600_800_mask.png,33887982727641211441183.1
49,4,98,8,409,264,507,272,409,264,507,264,507,272,409,272,sub_line_text,table_text,table_2,arial,regular,7.0,38tab01_20211228_170122_6248063961_600_800.png,/scratch/parceirosbr/bigoilict/share/BigOil/document_generator/datasets/documents_2021_12_28/38tab01_20211228_170122_6248063961_600_800.png,38tab01_20211228_170122_6248063961_600_800_mask.png,33887982727641211441183.1
49,4,98,8,409,295,507,303,409,295,507,295,507,303,409,303,text,table_text,table_2,arial,regular,7.0,38tab01_20211228_170122_6248063961_600_800.png,/scratch/parceirosbr/bigoilict/share/BigOil/document_generator/datasets/documents_2021_12_28/38tab01_20211228_170122_6248063961_600_800.png,38tab01_20211228_170122_6248063961_600_800_mask.png,41451102499696900241940.0
49,4,98,8,409,295,507,303,409,295,507,295,507,303,409,303,sub_line_text,table_text,table_2,arial,regular,7.0,38tab01_20211228_170122_6248063961_600_800.png,/scratch/parceirosbr/bigoilict/share/BigOil/document_generator/datasets/documents_2021_12_28/38tab01_20211228_170122_6248063961_600_800.png,38tab01_20211228_170122_6248063961_600_800_mask.png,41451102499696900241940.0
49,4,98,8,409,306,507,314,409,306,507,306,507,314,409,314,text,table_text,table_2,arial,regular,7.0,38tab01_20211228_170122_6248063961_600_800.png,/scratch/parceirosbr/bigoilict/share/BigOil/document_generator/datasets/documents_2021_12_28/38tab01_20211228_170122_6248063961_600_800.png,38tab01_20211228_170122_6248063961_600_800_mask.png,26419541729674740861754.8
49,4,98,8,409,306,507,314,409,306,507,306,507,314,409,314,sub_line_text,table_text,table_2,arial,regular,7.0,38tab01_20211228_170122_6248063961_600_800.png,/scratch/parceirosbr/bigoilict/share/BigOil/document_generator/datasets/documents_2021_12_28/38tab01_20211228_170122_6248063961_600_800.png,38tab01_20211228_170122_6248063961_600_800_mask.png,26419541729674740861754.8
49,4,98,8,409,332,507,340,409,332,507,332,507,340,409,340,text,table_text,table_2,arial,regular,7.0,38tab01_20211228_170122_6248063961_600_800.png,/scratch/parceirosbr/bigoilict/share/BigOil/document_generator/datasets/documents_2021_12_28/38tab01_20211228_170122_6248063961_600_800.png,38tab01_20211228_170122_6248063961_600_800_mask.png,33438846890783845643433.4
49,4,98,8,409,332,507,340,409,332,507,332,507,340,409,340,sub_line_text,table_text,table_2,arial,regular,7.0,38tab01_20211228_170122_6248063961_600_800.png,/scratch/parceirosbr/bigoilict/share/BigOil/document_generator/datasets/documents_2021_12_28/38tab01_20211228_170122_6248063961_600_800.png,38tab01_20211228_170122_6248063961_600_800_mask.png,33438846890783845643433.4
49,4,98,8,409,343,507,351,409,343,507,343,507,351,409,351,text,table_text,table_2,arial,regular,7.0,38tab01_20211228_170122_6248063961_600_800.png,/scratch/parceirosbr/bigoilict/share/BigOil/document_generator/datasets/documents_2021_12_28/38tab01_20211228_170122_6248063961_600_800.png,38tab01_20211228_170122_6248063961_600_800_mask.png,34053950590783869755481.8
49,4,98,8,409,343,507,351,409,343,507,343,507,351,409,351,sub_line_text,table_text,table_2,arial,regular,7.0,38tab01_20211228_170122_6248063961_600_800.png,/scratch/parceirosbr/bigoilict/share/BigOil/document_generator/datasets/documents_2021_12_28/38tab01_20211228_170122_6248063961_600_800.png,38tab01_20211228_170122_6248063961_600_800_mask.png,34053950590783869755481.8
49,4,98,8,409,380,507,388,409,380,507,380,507,388,409,388,text,table_text,table_2,arial,regular,7.0,38tab01_20211228_170122_6248063961_600_800.png,/scratch/parceirosbr/bigoilict/share/BigOil/document_generator/datasets/documents_2021_12_28/38tab01_20211228_170122_6248063961_600_800.png,38tab01_20211228_170122_6248063961_600_800_mask.png,37381633817628453941509.0
49,4,98,8,409,380,507,388,409,380,507,380,507,388,409,388,sub_line_text,table_text,table_2,arial,regular,7.0,38tab01_20211228_170122_6248063961_600_800.png,/scratch/parceirosbr/bigoilict/share/BigOil/document_generator/datasets/documents_2021_12_28/38tab01_20211228_170122_6248063961_600_800.png,38tab01_20211228_170122_6248063961_600_800_mask.png,37381633817628453941509.0
49,4,98,8,409,421,507,429,409,421,507,421,507,429,409,429,text,table_text,table_2,arial,regular,7.0,38tab01_20211228_170122_6248063961_600_800.png,/scratch/parceirosbr/bigoilict/share/BigOil/document_generator/datasets/documents_2021_12_28/38tab01_20211228_170122_6248063961_600_800.png,38tab01_20211228_170122_6248063961_600_800_mask.png,36175653298030129007121.6
49,4,98,8,409,421,507,429,409,421,507,421,507,429,409,429,sub_line_text,table_text,table_2,arial,regular,7.0,38tab01_20211228_170122_6248063961_600_800.png,/scratch/parceirosbr/bigoilict/share/BigOil/document_generator/datasets/documents_2021_12_28/38tab01_20211228_170122_6248063961_600_800.png,38tab01_20211228_170122_6248063961_600_800_mask.png,36175653298030129007121.6
49,4,98,8,409,443,507,451,409,443,507,443,507,451,409,451,text,table_text,table_2,arial,regular,7.0,38tab01_20211228_170122_6248063961_600_800.png,/scratch/parceirosbr/bigoilict/share/BigOil/document_generator/datasets/documents_2021_12_28/38tab01_20211228_170122_6248063961_600_800.png,38tab01_20211228_170122_6248063961_600_800_mask.png,11849120660030007156371.6
49,4,98,8,409,443,507,451,409,443,507,443,507,451,409,451,sub_line_text,table_text,table_2,arial,regular,7.0,38tab01_20211228_170122_6248063961_600_800.png,/scratch/parceirosbr/bigoilict/share/BigOil/document_generator/datasets/documents_2021_12_28/38tab01_20211228_170122_6248063961_600_800.png,38tab01_20211228_170122_6248063961_600_800_mask.png,11849120660030007156371.6
227,54,454,108,67,464,521,572,67,464,521,464,521,572,67,572,table,table_image,table_4,arial,regular,7.0,38tab01_20211228_170122_6248063961_600_800.png,/scratch/parceirosbr/bigoilict/share/BigOil/document_generator/datasets/documents_2021_12_28/38tab01_20211228_170122_6248063961_600_800.png,38tab01_20211228_170122_6248063961_600_800_mask.png,nan
10,4,20,8,79,466,99,474,79,466,99,466,99,474,79,474,text,table_text,table_4,arial,italic,7.0,38tab01_20211228_170122_6248063961_600_800.png,/scratch/parceirosbr/bigoilict/share/BigOil/document_generator/datasets/documents_2021_12_28/38tab01_20211228_170122_6248063961_600_800.png,38tab01_20211228_170122_6248063961_600_800_mask.png,geram
10,4,20,8,79,466,99,474,79,466,99,466,99,474,79,474,sub_line_text,table_text,table_4,arial,italic,7.0,38tab01_20211228_170122_6248063961_600_800.png,/scratch/parceirosbr/bigoilict/share/BigOil/document_generator/datasets/documents_2021_12_28/38tab01_20211228_170122_6248063961_600_800.png,38tab01_20211228_170122_6248063961_600_800_mask.png,geram
10,4,20,8,79,474,99,482,79,474,99,474,99,482,79,482,text,table_text,table_4,arial,italic,7.0,38tab01_20211228_170122_6248063961_600_800.png,/scratch/parceirosbr/bigoilict/share/BigOil/document_generator/datasets/documents_2021_12_28/38tab01_20211228_170122_6248063961_600_800.png,38tab01_20211228_170122_6248063961_600_800_mask.png,vezes
10,4,20,8,79,474,99,482,79,474,99,474,99,482,79,482,sub_line_text,table_text,table_4,arial,italic,7.0,38tab01_20211228_170122_6248063961_600_800.png,/scratch/parceirosbr/bigoilict/share/BigOil/document_generator/datasets/documents_2021_12_28/38tab01_20211228_170122_6248063961_600_800.png,38tab01_20211228_170122_6248063961_600_800_mask.png,vezes
16,4,32,8,73,510,105,518,73,510,105,510,105,518,73,518,text,table_text,table_4,arial,regular,7.0,38tab01_20211228_170122_6248063961_600_800.png,/scratch/parceirosbr/bigoilict/share/BigOil/document_generator/datasets/documents_2021_12_28/38tab01_20211228_170122_6248063961_600_800.png,38tab01_20211228_170122_6248063961_600_800_mask.png,indicando
16,4,32,8,73,510,105,518,73,510,105,510,105,518,73,518,sub_line_text,table_text,table_4,arial,regular,7.0,38tab01_20211228_170122_6248063961_600_800.png,/scratch/parceirosbr/bigoilict/share/BigOil/document_generator/datasets/documents_2021_12_28/38tab01_20211228_170122_6248063961_600_800.png,38tab01_20211228_170122_6248063961_600_800_mask.png,indicando
12,4,24,8,77,537,101,545,77,537,101,537,101,545,77,545,text,table_text,table_4,arial,regular,7.0,38tab01_20211228_170122_6248063961_600_800.png,/scratch/parceirosbr/bigoilict/share/BigOil/document_generator/datasets/documents_2021_12_28/38tab01_20211228_170122_6248063961_600_800.png,38tab01_20211228_170122_6248063961_600_800_mask.png,medida
12,4,24,8,77,537,101,545,77,537,101,537,101,545,77,545,sub_line_text,table_text,table_4,arial,regular,7.0,38tab01_20211228_170122_6248063961_600_800.png,/scratch/parceirosbr/bigoilict/share/BigOil/document_generator/datasets/documents_2021_12_28/38tab01_20211228_170122_6248063961_600_800.png,38tab01_20211228_170122_6248063961_600_800_mask.png,medida
7,4,14,8,83,548,97,556,83,548,97,548,97,556,83,556,text,table_text,table_4,arial,regular,7.0,38tab01_20211228_170122_6248063961_600_800.png,/scratch/parceirosbr/bigoilict/share/BigOil/document_generator/datasets/documents_2021_12_28/38tab01_20211228_170122_6248063961_600_800.png,38tab01_20211228_170122_6248063961_600_800_mask.png,uma
7,4,14,8,83,548,97,556,83,548,97,548,97,556,83,556,sub_line_text,table_text,table_4,arial,regular,7.0,38tab01_20211228_170122_6248063961_600_800.png,/scratch/parceirosbr/bigoilict/share/BigOil/document_generator/datasets/documents_2021_12_28/38tab01_20211228_170122_6248063961_600_800.png,38tab01_20211228_170122_6248063961_600_800_mask.png,uma
16,4,32,8,119,561,151,569,119,561,151,561,151,569,119,569,text,table_text,table_4,arial,regular,7.0,38tab01_20211228_170122_6248063961_600_800.png,/scratch/parceirosbr/bigoilict/share/BigOil/document_generator/datasets/documents_2021_12_28/38tab01_20211228_170122_6248063961_600_800.png,38tab01_20211228_170122_6248063961_600_800_mask.png,principais
16,4,32,8,119,561,151,569,119,561,151,561,151,569,119,569,sub_line_text,table_text,table_4,arial,regular,7.0,38tab01_20211228_170122_6248063961_600_800.png,/scratch/parceirosbr/bigoilict/share/BigOil/document_generator/datasets/documents_2021_12_28/38tab01_20211228_170122_6248063961_600_800.png,38tab01_20211228_170122_6248063961_600_800_mask.png,principais
17,4,34,8,117,466,151,474,117,466,151,466,151,474,117,474,text,table_text,table_4,arial,italic,7.0,38tab01_20211228_170122_6248063961_600_800.png,/scratch/parceirosbr/bigoilict/share/BigOil/document_generator/datasets/documents_2021_12_28/38tab01_20211228_170122_6248063961_600_800.png,38tab01_20211228_170122_6248063961_600_800_mask.png,floculação
17,4,34,8,117,466,151,474,117,466,151,466,151,474,117,474,sub_line_text,table_text,table_4,arial,italic,7.0,38tab01_20211228_170122_6248063961_600_800.png,/scratch/parceirosbr/bigoilict/share/BigOil/document_generator/datasets/documents_2021_12_28/38tab01_20211228_170122_6248063961_600_800.png,38tab01_20211228_170122_6248063961_600_800_mask.png,floculação
18,4,36,8,117,474,153,482,117,474,153,474,153,482,117,482,text,table_text,table_4,arial,italic,7.0,38tab01_20211228_170122_6248063961_600_800.png,/scratch/parceirosbr/bigoilict/share/BigOil/document_generator/datasets/documents_2021_12_28/38tab01_20211228_170122_6248063961_600_800.png,38tab01_20211228_170122_6248063961_600_800_mask.png,diminuição
18,4,36,8,117,474,153,482,117,474,153,474,153,482,117,482,sub_line_text,table_text,table_4,arial,italic,7.0,38tab01_20211228_170122_6248063961_600_800.png,/scratch/parceirosbr/bigoilict/share/BigOil/document_generator/datasets/documents_2021_12_28/38tab01_20211228_170122_6248063961_600_800.png,38tab01_20211228_170122_6248063961_600_800_mask.png,diminuição
9,4,18,8,125,510,143,518,125,510,143,510,143,518,125,518,text,table_text,table_4,arial,regular,7.0,38tab01_20211228_170122_6248063961_600_800.png,/scratch/parceirosbr/bigoilict/share/BigOil/document_generator/datasets/documents_2021_12_28/38tab01_20211228_170122_6248063961_600_800.png,38tab01_20211228_170122_6248063961_600_800_mask.png,950.9
9,4,18,8,125,510,143,518,125,510,143,510,143,518,125,518,sub_line_text,table_text,table_4,arial,regular,7.0,38tab01_20211228_170122_6248063961_600_800.png,/scratch/parceirosbr/bigoilict/share/BigOil/document_generator/datasets/documents_2021_12_28/38tab01_20211228_170122_6248063961_600_800.png,38tab01_20211228_170122_6248063961_600_800_mask.png,950.9
9,4,18,8,125,537,143,545,125,537,143,537,143,545,125,545,text,table_text,table_4,arial,regular,7.0,38tab01_20211228_170122_6248063961_600_800.png,/scratch/parceirosbr/bigoilict/share/BigOil/document_generator/datasets/documents_2021_12_28/38tab01_20211228_170122_6248063961_600_800.png,38tab01_20211228_170122_6248063961_600_800_mask.png,666.9
9,4,18,8,125,537,143,545,125,537,143,537,143,545,125,545,sub_line_text,table_text,table_4,arial,regular,7.0,38tab01_20211228_170122_6248063961_600_800.png,/scratch/parceirosbr/bigoilict/share/BigOil/document_generator/datasets/documents_2021_12_28/38tab01_20211228_170122_6248063961_600_800.png,38tab01_20211228_170122_6248063961_600_800_mask.png,666.9
9,4,18,8,125,548,143,556,125,548,143,548,143,556,125,556,text,table_text,table_4,arial,regular,7.0,38tab01_20211228_170122_6248063961_600_800.png,/scratch/parceirosbr/bigoilict/share/BigOil/document_generator/datasets/documents_2021_12_28/38tab01_20211228_170122_6248063961_600_800.png,38tab01_20211228_170122_6248063961_600_800_mask.png,859.3
9,4,18,8,125,548,143,556,125,548,143,548,143,556,125,556,sub_line_text,table_text,table_4,arial,regular,7.0,38tab01_20211228_170122_6248063961_600_800.png,/scratch/parceirosbr/bigoilict/share/BigOil/document_generator/datasets/documents_2021_12_28/38tab01_20211228_170122_6248063961_600_800.png,38tab01_20211228_170122_6248063961_600_800_mask.png,859.3
12,4,24,8,167,466,191,474,167,466,191,466,191,474,167,474,text,table_text,table_4,arial,italic,7.0,38tab01_20211228_170122_6248063961_600_800.png,/scratch/parceirosbr/bigoilict/share/BigOil/document_generator/datasets/documents_2021_12_28/38tab01_20211228_170122_6248063961_600_800.png,38tab01_20211228_170122_6248063961_600_800_mask.png,oleifera
12,4,24,8,167,466,191,474,167,466,191,466,191,474,167,474,sub_line_text,table_text,table_4,arial,italic,7.0,38tab01_20211228_170122_6248063961_600_800.png,/scratch/parceirosbr/bigoilict/share/BigOil/document_generator/datasets/documents_2021_12_28/38tab01_20211228_170122_6248063961_600_800.png,38tab01_20211228_170122_6248063961_600_800_mask.png,oleifera
13,4,26,8,167,474,193,482,167,474,193,474,193,482,167,482,text,table_text,table_4,arial,italic,7.0,38tab01_20211228_170122_6248063961_600_800.png,/scratch/parceirosbr/bigoilict/share/BigOil/document_generator/datasets/documents_2021_12_28/38tab01_20211228_170122_6248063961_600_800.png,38tab01_20211228_170122_6248063961_600_800_mask.png,trabalho
13,4,26,8,167,474,193,482,167,474,193,474,193,482,167,482,sub_line_text,table_text,table_4,arial,italic,7.0,38tab01_20211228_170122_6248063961_600_800.png,/scratch/parceirosbr/bigoilict/share/BigOil/document_generator/datasets/documents_2021_12_28/38tab01_20211228_170122_6248063961_600_800.png,38tab01_20211228_170122_6248063961_600_800_mask.png,trabalho
17,4,34,8,163,510,197,518,163,510,197,510,197,518,163,518,text,table_text,table_4,arial,regular,7.0,38tab01_20211228_170122_6248063961_600_800.png,/scratch/parceirosbr/bigoilict/share/BigOil/document_generator/datasets/documents_2021_12_28/38tab01_20211228_170122_6248063961_600_800.png,38tab01_20211228_170122_6248063961_600_800_mask.png,2401.7134
17,4,34,8,163,510,197,518,163,510,197,510,197,518,163,518,sub_line_text,table_text,table_4,arial,regular,7.0,38tab01_20211228_170122_6248063961_600_800.png,/scratch/parceirosbr/bigoilict/share/BigOil/document_generator/datasets/documents_2021_12_28/38tab01_20211228_170122_6248063961_600_800.png,38tab01_20211228_170122_6248063961_600_800_mask.png,2401.7134
17,4,34,8,163,537,197,545,163,537,197,537,197,545,163,545,text,table_text,table_4,arial,regular,7.0,38tab01_20211228_170122_6248063961_600_800.png,/scratch/parceirosbr/bigoilict/share/BigOil/document_generator/datasets/documents_2021_12_28/38tab01_20211228_170122_6248063961_600_800.png,38tab01_20211228_170122_6248063961_600_800_mask.png,5767.7824
17,4,34,8,163,537,197,545,163,537,197,537,197,545,163,545,sub_line_text,table_text,table_4,arial,regular,7.0,38tab01_20211228_170122_6248063961_600_800.png,/scratch/parceirosbr/bigoilict/share/BigOil/document_generator/datasets/documents_2021_12_28/38tab01_20211228_170122_6248063961_600_800.png,38tab01_20211228_170122_6248063961_600_800_mask.png,5767.7824
17,4,34,8,163,548,197,556,163,548,197,548,197,556,163,556,text,table_text,table_4,arial,regular,7.0,38tab01_20211228_170122_6248063961_600_800.png,/scratch/parceirosbr/bigoilict/share/BigOil/document_generator/datasets/documents_2021_12_28/38tab01_20211228_170122_6248063961_600_800.png,38tab01_20211228_170122_6248063961_600_800_mask.png,7477.3482
17,4,34,8,163,548,197,556,163,548,197,548,197,556,163,556,sub_line_text,table_text,table_4,arial,regular,7.0,38tab01_20211228_170122_6248063961_600_800.png,/scratch/parceirosbr/bigoilict/share/BigOil/document_generator/datasets/documents_2021_12_28/38tab01_20211228_170122_6248063961_600_800.png,38tab01_20211228_170122_6248063961_600_800_mask.png,7477.3482
8,4,17,8,239,466,256,474,239,466,256,466,256,474,239,474,text,table_text,table_4,arial,italic,7.0,38tab01_20211228_170122_6248063961_600_800.png,/scratch/parceirosbr/bigoilict/share/BigOil/document_generator/datasets/documents_2021_12_28/38tab01_20211228_170122_6248063961_600_800.png,38tab01_20211228_170122_6248063961_600_800_mask.png,julho
8,4,17,8,239,466,256,474,239,466,256,466,256,474,239,474,sub_line_text,table_text,table_4,arial,italic,7.0,38tab01_20211228_170122_6248063961_600_800.png,/scratch/parceirosbr/bigoilict/share/BigOil/document_generator/datasets/documents_2021_12_28/38tab01_20211228_170122_6248063961_600_800.png,38tab01_20211228_170122_6248063961_600_800_mask.png,julho
6,4,12,8,242,474,254,482,242,474,254,474,254,482,242,482,text,table_text,table_4,arial,italic,7.0,38tab01_20211228_170122_6248063961_600_800.png,/scratch/parceirosbr/bigoilict/share/BigOil/document_generator/datasets/documents_2021_12_28/38tab01_20211228_170122_6248063961_600_800.png,38tab01_20211228_170122_6248063961_600_800_mask.png,tipo
6,4,12,8,242,474,254,482,242,474,254,474,254,482,242,482,sub_line_text,table_text,table_4,arial,italic,7.0,38tab01_20211228_170122_6248063961_600_800.png,/scratch/parceirosbr/bigoilict/share/BigOil/document_generator/datasets/documents_2021_12_28/38tab01_20211228_170122_6248063961_600_800.png,38tab01_20211228_170122_6248063961_600_800_mask.png,tipo
15,4,30,8,233,488,263,496,233,488,263,488,263,496,233,496,text,table_text,table_4,arial,regular,7.0,38tab01_20211228_170122_6248063961_600_800.png,/scratch/parceirosbr/bigoilict/share/BigOil/document_generator/datasets/documents_2021_12_28/38tab01_20211228_170122_6248063961_600_800.png,38tab01_20211228_170122_6248063961_600_800_mask.png,6816.651
15,4,30,8,233,488,263,496,233,488,263,488,263,496,233,496,sub_line_text,table_text,table_4,arial,regular,7.0,38tab01_20211228_170122_6248063961_600_800.png,/scratch/parceirosbr/bigoilict/share/BigOil/document_generator/datasets/documents_2021_12_28/38tab01_20211228_170122_6248063961_600_800.png,38tab01_20211228_170122_6248063961_600_800_mask.png,6816.651
15,4,30,8,233,510,263,518,233,510,263,510,263,518,233,518,text,table_text,table_4,arial,regular,7.0,38tab01_20211228_170122_6248063961_600_800.png,/scratch/parceirosbr/bigoilict/share/BigOil/document_generator/datasets/documents_2021_12_28/38tab01_20211228_170122_6248063961_600_800.png,38tab01_20211228_170122_6248063961_600_800_mask.png,4209.573
15,4,30,8,233,510,263,518,233,510,263,510,263,518,233,518,sub_line_text,table_text,table_4,arial,regular,7.0,38tab01_20211228_170122_6248063961_600_800.png,/scratch/parceirosbr/bigoilict/share/BigOil/document_generator/datasets/documents_2021_12_28/38tab01_20211228_170122_6248063961_600_800.png,38tab01_20211228_170122_6248063961_600_800_mask.png,4209.573
11,4,22,8,237,537,259,545,237,537,259,537,259,545,237,545,text,table_text,table_4,arial,regular,7.0,38tab01_20211228_170122_6248063961_600_800.png,/scratch/parceirosbr/bigoilict/share/BigOil/document_generator/datasets/documents_2021_12_28/38tab01_20211228_170122_6248063961_600_800.png,38tab01_20211228_170122_6248063961_600_800_mask.png,50.607
11,4,22,8,237,537,259,545,237,537,259,537,259,545,237,545,sub_line_text,table_text,table_4,arial,regular,7.0,38tab01_20211228_170122_6248063961_600_800.png,/scratch/parceirosbr/bigoilict/share/BigOil/document_generator/datasets/documents_2021_12_28/38tab01_20211228_170122_6248063961_600_800.png,38tab01_20211228_170122_6248063961_600_800_mask.png,50.607
21,4,42,8,227,548,269,556,227,548,269,548,269,556,227,556,text,table_text,table_4,arial,regular,7.0,38tab01_20211228_170122_6248063961_600_800.png,/scratch/parceirosbr/bigoilict/share/BigOil/document_generator/datasets/documents_2021_12_28/38tab01_20211228_170122_6248063961_600_800.png,38tab01_20211228_170122_6248063961_600_800_mask.png,4036342.550
21,4,42,8,227,548,269,556,227,548,269,548,269,556,227,556,sub_line_text,table_text,table_4,arial,regular,7.0,38tab01_20211228_170122_6248063961_600_800.png,/scratch/parceirosbr/bigoilict/share/BigOil/document_generator/datasets/documents_2021_12_28/38tab01_20211228_170122_6248063961_600_800.png,38tab01_20211228_170122_6248063961_600_800_mask.png,4036342.550
17,4,34,8,231,561,265,569,231,561,265,561,265,569,231,569,text,table_text,table_4,arial,regular,7.0,38tab01_20211228_170122_6248063961_600_800.png,/scratch/parceirosbr/bigoilict/share/BigOil/document_generator/datasets/documents_2021_12_28/38tab01_20211228_170122_6248063961_600_800.png,38tab01_20211228_170122_6248063961_600_800_mask.png,32157.063
17,4,34,8,231,561,265,569,231,561,265,561,265,569,231,569,sub_line_text,table_text,table_4,arial,regular,7.0,38tab01_20211228_170122_6248063961_600_800.png,/scratch/parceirosbr/bigoilict/share/BigOil/document_generator/datasets/documents_2021_12_28/38tab01_20211228_170122_6248063961_600_800.png,38tab01_20211228_170122_6248063961_600_800_mask.png,32157.063
7,4,14,8,307,466,321,474,307,466,321,466,321,474,307,474,text,table_text,table_4,arial,italic,7.0,38tab01_20211228_170122_6248063961_600_800.png,/scratch/parceirosbr/bigoilict/share/BigOil/document_generator/datasets/documents_2021_12_28/38tab01_20211228_170122_6248063961_600_800.png,38tab01_20211228_170122_6248063961_600_800_mask.png,com
7,4,14,8,307,466,321,474,307,466,321,466,321,474,307,474,sub_line_text,table_text,table_4,arial,italic,7.0,38tab01_20211228_170122_6248063961_600_800.png,/scratch/parceirosbr/bigoilict/share/BigOil/document_generator/datasets/documents_2021_12_28/38tab01_20211228_170122_6248063961_600_800.png,38tab01_20211228_170122_6248063961_600_800_mask.png,com
12,4,25,8,302,474,327,482,302,474,327,474,327,482,302,482,text,table_text,table_4,arial,italic,7.0,38tab01_20211228_170122_6248063961_600_800.png,/scratch/parceirosbr/bigoilict/share/BigOil/document_generator/datasets/documents_2021_12_28/38tab01_20211228_170122_6248063961_600_800.png,38tab01_20211228_170122_6248063961_600_800_mask.png,política
12,4,25,8,302,474,327,482,302,474,327,474,327,482,302,482,sub_line_text,table_text,table_4,arial,italic,7.0,38tab01_20211228_170122_6248063961_600_800.png,/scratch/parceirosbr/bigoilict/share/BigOil/document_generator/datasets/documents_2021_12_28/38tab01_20211228_170122_6248063961_600_800.png,38tab01_20211228_170122_6248063961_600_800_mask.png,política
15,4,30,8,299,488,329,496,299,488,329,488,329,496,299,496,text,table_text,table_4,arial,regular,7.0,38tab01_20211228_170122_6248063961_600_800.png,/scratch/parceirosbr/bigoilict/share/BigOil/document_generator/datasets/documents_2021_12_28/38tab01_20211228_170122_6248063961_600_800.png,38tab01_20211228_170122_6248063961_600_800_mask.png,673467.0
15,4,30,8,299,488,329,496,299,488,329,488,329,496,299,496,sub_line_text,table_text,table_4,arial,regular,7.0,38tab01_20211228_170122_6248063961_600_800.png,/scratch/parceirosbr/bigoilict/share/BigOil/document_generator/datasets/documents_2021_12_28/38tab01_20211228_170122_6248063961_600_800.png,38tab01_20211228_170122_6248063961_600_800_mask.png,673467.0
15,4,30,8,299,510,329,518,299,510,329,510,329,518,299,518,text,table_text,table_4,arial,regular,7.0,38tab01_20211228_170122_6248063961_600_800.png,/scratch/parceirosbr/bigoilict/share/BigOil/document_generator/datasets/documents_2021_12_28/38tab01_20211228_170122_6248063961_600_800.png,38tab01_20211228_170122_6248063961_600_800_mask.png,971243.6
15,4,30,8,299,510,329,518,299,510,329,510,329,518,299,518,sub_line_text,table_text,table_4,arial,regular,7.0,38tab01_20211228_170122_6248063961_600_800.png,/scratch/parceirosbr/bigoilict/share/BigOil/document_generator/datasets/documents_2021_12_28/38tab01_20211228_170122_6248063961_600_800.png,38tab01_20211228_170122_6248063961_600_800_mask.png,971243.6
11,4,22,8,303,537,325,545,303,537,325,537,325,545,303,545,text,table_text,table_4,arial,regular,7.0,38tab01_20211228_170122_6248063961_600_800.png,/scratch/parceirosbr/bigoilict/share/BigOil/document_generator/datasets/documents_2021_12_28/38tab01_20211228_170122_6248063961_600_800.png,38tab01_20211228_170122_6248063961_600_800_mask.png,7464.9
11,4,22,8,303,537,325,545,303,537,325,537,325,545,303,545,sub_line_text,table_text,table_4,arial,regular,7.0,38tab01_20211228_170122_6248063961_600_800.png,/scratch/parceirosbr/bigoilict/share/BigOil/document_generator/datasets/documents_2021_12_28/38tab01_20211228_170122_6248063961_600_800.png,38tab01_20211228_170122_6248063961_600_800_mask.png,7464.9
11,4,22,8,303,548,325,556,303,548,325,548,325,556,303,556,text,table_text,table_4,arial,regular,7.0,38tab01_20211228_170122_6248063961_600_800.png,/scratch/parceirosbr/bigoilict/share/BigOil/document_generator/datasets/documents_2021_12_28/38tab01_20211228_170122_6248063961_600_800.png,38tab01_20211228_170122_6248063961_600_800_mask.png,1413.8
11,4,22,8,303,548,325,556,303,548,325,548,325,556,303,556,sub_line_text,table_text,table_4,arial,regular,7.0,38tab01_20211228_170122_6248063961_600_800.png,/scratch/parceirosbr/bigoilict/share/BigOil/document_generator/datasets/documents_2021_12_28/38tab01_20211228_170122_6248063961_600_800.png,38tab01_20211228_170122_6248063961_600_800_mask.png,1413.8
13,4,26,8,301,561,327,569,301,561,327,561,327,569,301,569,text,table_text,table_4,arial,regular,7.0,38tab01_20211228_170122_6248063961_600_800.png,/scratch/parceirosbr/bigoilict/share/BigOil/document_generator/datasets/documents_2021_12_28/38tab01_20211228_170122_6248063961_600_800.png,38tab01_20211228_170122_6248063961_600_800_mask.png,39953.7
13,4,26,8,301,561,327,569,301,561,327,561,327,569,301,569,sub_line_text,table_text,table_4,arial,regular,7.0,38tab01_20211228_170122_6248063961_600_800.png,/scratch/parceirosbr/bigoilict/share/BigOil/document_generator/datasets/documents_2021_12_28/38tab01_20211228_170122_6248063961_600_800.png,38tab01_20211228_170122_6248063961_600_800_mask.png,39953.7
11,4,22,8,349,466,371,474,349,466,371,466,371,474,349,474,text,table_text,table_4,arial,italic,7.0,38tab01_20211228_170122_6248063961_600_800.png,/scratch/parceirosbr/bigoilict/share/BigOil/document_generator/datasets/documents_2021_12_28/38tab01_20211228_170122_6248063961_600_800.png,38tab01_20211228_170122_6248063961_600_800_mask.png,termos
11,4,22,8,349,466,371,474,349,466,371,466,371,474,349,474,sub_line_text,table_text,table_4,arial,italic,7.0,38tab01_20211228_170122_6248063961_600_800.png,/scratch/parceirosbr/bigoilict/share/BigOil/document_generator/datasets/documents_2021_12_28/38tab01_20211228_170122_6248063961_600_800.png,38tab01_20211228_170122_6248063961_600_800_mask.png,termos
4,4,8,8,355,474,363,482,355,474,363,474,363,482,355,482,text,table_text,table_4,arial,italic,7.0,38tab01_20211228_170122_6248063961_600_800.png,/scratch/parceirosbr/bigoilict/share/BigOil/document_generator/datasets/documents_2021_12_28/38tab01_20211228_170122_6248063961_600_800.png,38tab01_20211228_170122_6248063961_600_800_mask.png,da
4,4,8,8,355,474,363,482,355,474,363,474,363,482,355,482,sub_line_text,table_text,table_4,arial,italic,7.0,38tab01_20211228_170122_6248063961_600_800.png,/scratch/parceirosbr/bigoilict/share/BigOil/document_generator/datasets/documents_2021_12_28/38tab01_20211228_170122_6248063961_600_800.png,38tab01_20211228_170122_6248063961_600_800_mask.png,da
19,4,38,8,341,488,379,496,341,488,379,488,379,496,341,496,text,table_text,table_4,arial,regular,7.0,38tab01_20211228_170122_6248063961_600_800.png,/scratch/parceirosbr/bigoilict/share/BigOil/document_generator/datasets/documents_2021_12_28/38tab01_20211228_170122_6248063961_600_800.png,38tab01_20211228_170122_6248063961_600_800_mask.png,97343277.8
19,4,38,8,341,488,379,496,341,488,379,488,379,496,341,496,sub_line_text,table_text,table_4,arial,regular,7.0,38tab01_20211228_170122_6248063961_600_800.png,/scratch/parceirosbr/bigoilict/share/BigOil/document_generator/datasets/documents_2021_12_28/38tab01_20211228_170122_6248063961_600_800.png,38tab01_20211228_170122_6248063961_600_800_mask.png,97343277.8
19,4,38,8,341,510,379,518,341,510,379,510,379,518,341,518,text,table_text,table_4,arial,regular,7.0,38tab01_20211228_170122_6248063961_600_800.png,/scratch/parceirosbr/bigoilict/share/BigOil/document_generator/datasets/documents_2021_12_28/38tab01_20211228_170122_6248063961_600_800.png,38tab01_20211228_170122_6248063961_600_800_mask.png,70495549.8
19,4,38,8,341,510,379,518,341,510,379,510,379,518,341,518,sub_line_text,table_text,table_4,arial,regular,7.0,38tab01_20211228_170122_6248063961_600_800.png,/scratch/parceirosbr/bigoilict/share/BigOil/document_generator/datasets/documents_2021_12_28/38tab01_20211228_170122_6248063961_600_800.png,38tab01_20211228_170122_6248063961_600_800_mask.png,70495549.8
19,4,38,8,341,537,379,545,341,537,379,537,379,545,341,545,text,table_text,table_4,arial,regular,7.0,38tab01_20211228_170122_6248063961_600_800.png,/scratch/parceirosbr/bigoilict/share/BigOil/document_generator/datasets/documents_2021_12_28/38tab01_20211228_170122_6248063961_600_800.png,38tab01_20211228_170122_6248063961_600_800_mask.png,55520947.8
19,4,38,8,341,537,379,545,341,537,379,537,379,545,341,545,sub_line_text,table_text,table_4,arial,regular,7.0,38tab01_20211228_170122_6248063961_600_800.png,/scratch/parceirosbr/bigoilict/share/BigOil/document_generator/datasets/documents_2021_12_28/38tab01_20211228_170122_6248063961_600_800.png,38tab01_20211228_170122_6248063961_600_800_mask.png,55520947.8
19,4,38,8,341,548,379,556,341,548,379,548,379,556,341,556,text,table_text,table_4,arial,regular,7.0,38tab01_20211228_170122_6248063961_600_800.png,/scratch/parceirosbr/bigoilict/share/BigOil/document_generator/datasets/documents_2021_12_28/38tab01_20211228_170122_6248063961_600_800.png,38tab01_20211228_170122_6248063961_600_800_mask.png,43895544.2
19,4,38,8,341,548,379,556,341,548,379,548,379,556,341,556,sub_line_text,table_text,table_4,arial,regular,7.0,38tab01_20211228_170122_6248063961_600_800.png,/scratch/parceirosbr/bigoilict/share/BigOil/document_generator/datasets/documents_2021_12_28/38tab01_20211228_170122_6248063961_600_800.png,38tab01_20211228_170122_6248063961_600_800_mask.png,43895544.2
19,4,38,8,341,561,379,569,341,561,379,561,379,569,341,569,text,table_text,table_4,arial,regular,7.0,38tab01_20211228_170122_6248063961_600_800.png,/scratch/parceirosbr/bigoilict/share/BigOil/document_generator/datasets/documents_2021_12_28/38tab01_20211228_170122_6248063961_600_800.png,38tab01_20211228_170122_6248063961_600_800_mask.png,70374772.7
19,4,38,8,341,561,379,569,341,561,379,561,379,569,341,569,sub_line_text,table_text,table_4,arial,regular,7.0,38tab01_20211228_170122_6248063961_600_800.png,/scratch/parceirosbr/bigoilict/share/BigOil/document_generator/datasets/documents_2021_12_28/38tab01_20211228_170122_6248063961_600_800.png,38tab01_20211228_170122_6248063961_600_800_mask.png,70374772.7
12,4,25,8,392,466,417,474,392,466,417,466,417,474,392,474,text,table_text,table_4,arial,italic,7.0,38tab01_20211228_170122_6248063961_600_800.png,/scratch/parceirosbr/bigoilict/share/BigOil/document_generator/datasets/documents_2021_12_28/38tab01_20211228_170122_6248063961_600_800.png,38tab01_20211228_170122_6248063961_600_800_mask.png,garantir
12,4,25,8,392,466,417,474,392,466,417,466,417,474,392,474,sub_line_text,table_text,table_4,arial,italic,7.0,38tab01_20211228_170122_6248063961_600_800.png,/scratch/parceirosbr/bigoilict/share/BigOil/document_generator/datasets/documents_2021_12_28/38tab01_20211228_170122_6248063961_600_800.png,38tab01_20211228_170122_6248063961_600_800_mask.png,garantir
15,4,30,8,389,474,419,482,389,474,419,474,419,482,389,482,text,table_text,table_4,arial,italic,7.0,38tab01_20211228_170122_6248063961_600_800.png,/scratch/parceirosbr/bigoilict/share/BigOil/document_generator/datasets/documents_2021_12_28/38tab01_20211228_170122_6248063961_600_800.png,38tab01_20211228_170122_6248063961_600_800_mask.png,decisões
15,4,30,8,389,474,419,482,389,474,419,474,419,482,389,482,sub_line_text,table_text,table_4,arial,italic,7.0,38tab01_20211228_170122_6248063961_600_800.png,/scratch/parceirosbr/bigoilict/share/BigOil/document_generator/datasets/documents_2021_12_28/38tab01_20211228_170122_6248063961_600_800.png,38tab01_20211228_170122_6248063961_600_800_mask.png,decisões
13,4,26,8,391,488,417,496,391,488,417,488,417,496,391,496,text,table_text,table_4,arial,regular,7.0,38tab01_20211228_170122_6248063961_600_800.png,/scratch/parceirosbr/bigoilict/share/BigOil/document_generator/datasets/documents_2021_12_28/38tab01_20211228_170122_6248063961_600_800.png,38tab01_20211228_170122_6248063961_600_800_mask.png,66.6756
13,4,26,8,391,488,417,496,391,488,417,488,417,496,391,496,sub_line_text,table_text,table_4,arial,regular,7.0,38tab01_20211228_170122_6248063961_600_800.png,/scratch/parceirosbr/bigoilict/share/BigOil/document_generator/datasets/documents_2021_12_28/38tab01_20211228_170122_6248063961_600_800.png,38tab01_20211228_170122_6248063961_600_800_mask.png,66.6756
13,4,26,8,391,510,417,518,391,510,417,510,417,518,391,518,text,table_text,table_4,arial,regular,7.0,38tab01_20211228_170122_6248063961_600_800.png,/scratch/parceirosbr/bigoilict/share/BigOil/document_generator/datasets/documents_2021_12_28/38tab01_20211228_170122_6248063961_600_800.png,38tab01_20211228_170122_6248063961_600_800_mask.png,12.8110
13,4,26,8,391,510,417,518,391,510,417,510,417,518,391,518,sub_line_text,table_text,table_4,arial,regular,7.0,38tab01_20211228_170122_6248063961_600_800.png,/scratch/parceirosbr/bigoilict/share/BigOil/document_generator/datasets/documents_2021_12_28/38tab01_20211228_170122_6248063961_600_800.png,38tab01_20211228_170122_6248063961_600_800_mask.png,12.8110
11,4,22,8,393,537,415,545,393,537,415,537,415,545,393,545,text,table_text,table_4,arial,regular,7.0,38tab01_20211228_170122_6248063961_600_800.png,/scratch/parceirosbr/bigoilict/share/BigOil/document_generator/datasets/documents_2021_12_28/38tab01_20211228_170122_6248063961_600_800.png,38tab01_20211228_170122_6248063961_600_800_mask.png,9.4176
11,4,22,8,393,537,415,545,393,537,415,537,415,545,393,545,sub_line_text,table_text,table_4,arial,regular,7.0,38tab01_20211228_170122_6248063961_600_800.png,/scratch/parceirosbr/bigoilict/share/BigOil/document_generator/datasets/documents_2021_12_28/38tab01_20211228_170122_6248063961_600_800.png,38tab01_20211228_170122_6248063961_600_800_mask.png,9.4176
11,4,22,8,393,548,415,556,393,548,415,548,415,556,393,556,text,table_text,table_4,arial,regular,7.0,38tab01_20211228_170122_6248063961_600_800.png,/scratch/parceirosbr/bigoilict/share/BigOil/document_generator/datasets/documents_2021_12_28/38tab01_20211228_170122_6248063961_600_800.png,38tab01_20211228_170122_6248063961_600_800_mask.png,4.8517
11,4,22,8,393,548,415,556,393,548,415,548,415,556,393,556,sub_line_text,table_text,table_4,arial,regular,7.0,38tab01_20211228_170122_6248063961_600_800.png,/scratch/parceirosbr/bigoilict/share/BigOil/document_generator/datasets/documents_2021_12_28/38tab01_20211228_170122_6248063961_600_800.png,38tab01_20211228_170122_6248063961_600_800_mask.png,4.8517
15,4,30,8,389,561,419,569,389,561,419,561,419,569,389,569,text,table_text,table_4,arial,regular,7.0,38tab01_20211228_170122_6248063961_600_800.png,/scratch/parceirosbr/bigoilict/share/BigOil/document_generator/datasets/documents_2021_12_28/38tab01_20211228_170122_6248063961_600_800.png,38tab01_20211228_170122_6248063961_600_800_mask.png,648.3826
15,4,30,8,389,561,419,569,389,561,419,561,419,569,389,569,sub_line_text,table_text,table_4,arial,regular,7.0,38tab01_20211228_170122_6248063961_600_800.png,/scratch/parceirosbr/bigoilict/share/BigOil/document_generator/datasets/documents_2021_12_28/38tab01_20211228_170122_6248063961_600_800.png,38tab01_20211228_170122_6248063961_600_800_mask.png,648.3826
4,4,8,8,445,466,453,474,445,466,453,466,453,474,445,474,text,table_text,table_4,arial,italic,7.0,38tab01_20211228_170122_6248063961_600_800.png,/scratch/parceirosbr/bigoilict/share/BigOil/document_generator/datasets/documents_2021_12_28/38tab01_20211228_170122_6248063961_600_800.png,38tab01_20211228_170122_6248063961_600_800_mask.png,da
4,4,8,8,445,466,453,474,445,466,453,466,453,474,445,474,sub_line_text,table_text,table_4,arial,italic,7.0,38tab01_20211228_170122_6248063961_600_800.png,/scratch/parceirosbr/bigoilict/share/BigOil/document_generator/datasets/documents_2021_12_28/38tab01_20211228_170122_6248063961_600_800.png,38tab01_20211228_170122_6248063961_600_800_mask.png,da
12,4,24,8,437,474,461,482,437,474,461,474,461,482,437,482,text,table_text,table_4,arial,italic,7.0,38tab01_20211228_170122_6248063961_600_800.png,/scratch/parceirosbr/bigoilict/share/BigOil/document_generator/datasets/documents_2021_12_28/38tab01_20211228_170122_6248063961_600_800.png,38tab01_20211228_170122_6248063961_600_800_mask.png,mistura
12,4,24,8,437,474,461,482,437,474,461,474,461,482,437,482,sub_line_text,table_text,table_4,arial,italic,7.0,38tab01_20211228_170122_6248063961_600_800.png,/scratch/parceirosbr/bigoilict/share/BigOil/document_generator/datasets/documents_2021_12_28/38tab01_20211228_170122_6248063961_600_800.png,38tab01_20211228_170122_6248063961_600_800_mask.png,mistura
9,4,18,8,441,488,459,496,441,488,459,488,459,496,441,496,text,table_text,table_4,arial,regular,7.0,38tab01_20211228_170122_6248063961_600_800.png,/scratch/parceirosbr/bigoilict/share/BigOil/document_generator/datasets/documents_2021_12_28/38tab01_20211228_170122_6248063961_600_800.png,38tab01_20211228_170122_6248063961_600_800_mask.png,7.923
9,4,18,8,441,488,459,496,441,488,459,488,459,496,441,496,sub_line_text,table_text,table_4,arial,regular,7.0,38tab01_20211228_170122_6248063961_600_800.png,/scratch/parceirosbr/bigoilict/share/BigOil/document_generator/datasets/documents_2021_12_28/38tab01_20211228_170122_6248063961_600_800.png,38tab01_20211228_170122_6248063961_600_800_mask.png,7.923
9,4,18,8,441,510,459,518,441,510,459,510,459,518,441,518,text,table_text,table_4,arial,regular,7.0,38tab01_20211228_170122_6248063961_600_800.png,/scratch/parceirosbr/bigoilict/share/BigOil/document_generator/datasets/documents_2021_12_28/38tab01_20211228_170122_6248063961_600_800.png,38tab01_20211228_170122_6248063961_600_800_mask.png,3.959
9,4,18,8,441,510,459,518,441,510,459,510,459,518,441,518,sub_line_text,table_text,table_4,arial,regular,7.0,38tab01_20211228_170122_6248063961_600_800.png,/scratch/parceirosbr/bigoilict/share/BigOil/document_generator/datasets/documents_2021_12_28/38tab01_20211228_170122_6248063961_600_800.png,38tab01_20211228_170122_6248063961_600_800_mask.png,3.959
9,4,18,8,441,537,459,545,441,537,459,537,459,545,441,545,text,table_text,table_4,arial,regular,7.0,38tab01_20211228_170122_6248063961_600_800.png,/scratch/parceirosbr/bigoilict/share/BigOil/document_generator/datasets/documents_2021_12_28/38tab01_20211228_170122_6248063961_600_800.png,38tab01_20211228_170122_6248063961_600_800_mask.png,6.813
9,4,18,8,441,537,459,545,441,537,459,537,459,545,441,545,sub_line_text,table_text,table_4,arial,regular,7.0,38tab01_20211228_170122_6248063961_600_800.png,/scratch/parceirosbr/bigoilict/share/BigOil/document_generator/datasets/documents_2021_12_28/38tab01_20211228_170122_6248063961_600_800.png,38tab01_20211228_170122_6248063961_600_800_mask.png,6.813
9,4,18,8,441,548,459,556,441,548,459,548,459,556,441,556,text,table_text,table_4,arial,regular,7.0,38tab01_20211228_170122_6248063961_600_800.png,/scratch/parceirosbr/bigoilict/share/BigOil/document_generator/datasets/documents_2021_12_28/38tab01_20211228_170122_6248063961_600_800.png,38tab01_20211228_170122_6248063961_600_800_mask.png,4.506
9,4,18,8,441,548,459,556,441,548,459,548,459,556,441,556,sub_line_text,table_text,table_4,arial,regular,7.0,38tab01_20211228_170122_6248063961_600_800.png,/scratch/parceirosbr/bigoilict/share/BigOil/document_generator/datasets/documents_2021_12_28/38tab01_20211228_170122_6248063961_600_800.png,38tab01_20211228_170122_6248063961_600_800_mask.png,4.506
9,4,18,8,441,561,459,569,441,561,459,561,459,569,441,569,text,table_text,table_4,arial,regular,7.0,38tab01_20211228_170122_6248063961_600_800.png,/scratch/parceirosbr/bigoilict/share/BigOil/document_generator/datasets/documents_2021_12_28/38tab01_20211228_170122_6248063961_600_800.png,38tab01_20211228_170122_6248063961_600_800_mask.png,2.977
9,4,18,8,441,561,459,569,441,561,459,561,459,569,441,569,sub_line_text,table_text,table_4,arial,regular,7.0,38tab01_20211228_170122_6248063961_600_800.png,/scratch/parceirosbr/bigoilict/share/BigOil/document_generator/datasets/documents_2021_12_28/38tab01_20211228_170122_6248063961_600_800.png,38tab01_20211228_170122_6248063961_600_800_mask.png,2.977
11,4,22,8,485,466,507,474,485,466,507,466,507,474,485,474,text,table_text,table_4,arial,italic,7.0,38tab01_20211228_170122_6248063961_600_800.png,/scratch/parceirosbr/bigoilict/share/BigOil/document_generator/datasets/documents_2021_12_28/38tab01_20211228_170122_6248063961_600_800.png,38tab01_20211228_170122_6248063961_600_800_mask.png,sujeito
11,4,22,8,485,466,507,474,485,466,507,466,507,474,485,474,sub_line_text,table_text,table_4,arial,italic,7.0,38tab01_20211228_170122_6248063961_600_800.png,/scratch/parceirosbr/bigoilict/share/BigOil/document_generator/datasets/documents_2021_12_28/38tab01_20211228_170122_6248063961_600_800.png,38tab01_20211228_170122_6248063961_600_800_mask.png,sujeito
12,4,24,8,484,474,508,482,484,474,508,474,508,482,484,482,text,table_text,table_4,arial,italic,7.0,38tab01_20211228_170122_6248063961_600_800.png,/scratch/parceirosbr/bigoilict/share/BigOil/document_generator/datasets/documents_2021_12_28/38tab01_20211228_170122_6248063961_600_800.png,38tab01_20211228_170122_6248063961_600_800_mask.png,comum
12,4,24,8,484,474,508,482,484,474,508,474,508,482,484,482,sub_line_text,table_text,table_4,arial,italic,7.0,38tab01_20211228_170122_6248063961_600_800.png,/scratch/parceirosbr/bigoilict/share/BigOil/document_generator/datasets/documents_2021_12_28/38tab01_20211228_170122_6248063961_600_800.png,38tab01_20211228_170122_6248063961_600_800_mask.png,comum
17,4,34,8,479,488,513,496,479,488,513,488,513,496,479,496,text,table_text,table_4,arial,regular,7.0,38tab01_20211228_170122_6248063961_600_800.png,/scratch/parceirosbr/bigoilict/share/BigOil/document_generator/datasets/documents_2021_12_28/38tab01_20211228_170122_6248063961_600_800.png,38tab01_20211228_170122_6248063961_600_800_mask.png,200808.14
17,4,34,8,479,488,513,496,479,488,513,488,513,496,479,496,sub_line_text,table_text,table_4,arial,regular,7.0,38tab01_20211228_170122_6248063961_600_800.png,/scratch/parceirosbr/bigoilict/share/BigOil/document_generator/datasets/documents_2021_12_28/38tab01_20211228_170122_6248063961_600_800.png,38tab01_20211228_170122_6248063961_600_800_mask.png,200808.14
17,4,34,8,479,510,513,518,479,510,513,510,513,518,479,518,text,table_text,table_4,arial,regular,7.0,38tab01_20211228_170122_6248063961_600_800.png,/scratch/parceirosbr/bigoilict/share/BigOil/document_generator/datasets/documents_2021_12_28/38tab01_20211228_170122_6248063961_600_800.png,38tab01_20211228_170122_6248063961_600_800_mask.png,164240.63
17,4,34,8,479,510,513,518,479,510,513,510,513,518,479,518,sub_line_text,table_text,table_4,arial,regular,7.0,38tab01_20211228_170122_6248063961_600_800.png,/scratch/parceirosbr/bigoilict/share/BigOil/document_generator/datasets/documents_2021_12_28/38tab01_20211228_170122_6248063961_600_800.png,38tab01_20211228_170122_6248063961_600_800_mask.png,164240.63
17,4,34,8,479,537,513,545,479,537,513,537,513,545,479,545,text,table_text,table_4,arial,regular,7.0,38tab01_20211228_170122_6248063961_600_800.png,/scratch/parceirosbr/bigoilict/share/BigOil/document_generator/datasets/documents_2021_12_28/38tab01_20211228_170122_6248063961_600_800.png,38tab01_20211228_170122_6248063961_600_800_mask.png,305757.30
17,4,34,8,479,537,513,545,479,537,513,537,513,545,479,545,sub_line_text,table_text,table_4,arial,regular,7.0,38tab01_20211228_170122_6248063961_600_800.png,/scratch/parceirosbr/bigoilict/share/BigOil/document_generator/datasets/documents_2021_12_28/38tab01_20211228_170122_6248063961_600_800.png,38tab01_20211228_170122_6248063961_600_800_mask.png,305757.30
17,4,34,8,479,548,513,556,479,548,513,548,513,556,479,556,text,table_text,table_4,arial,regular,7.0,38tab01_20211228_170122_6248063961_600_800.png,/scratch/parceirosbr/bigoilict/share/BigOil/document_generator/datasets/documents_2021_12_28/38tab01_20211228_170122_6248063961_600_800.png,38tab01_20211228_170122_6248063961_600_800_mask.png,427687.47
17,4,34,8,479,548,513,556,479,548,513,548,513,556,479,556,sub_line_text,table_text,table_4,arial,regular,7.0,38tab01_20211228_170122_6248063961_600_800.png,/scratch/parceirosbr/bigoilict/share/BigOil/document_generator/datasets/documents_2021_12_28/38tab01_20211228_170122_6248063961_600_800.png,38tab01_20211228_170122_6248063961_600_800_mask.png,427687.47
17,4,34,8,479,561,513,569,479,561,513,561,513,569,479,569,text,table_text,table_4,arial,regular,7.0,38tab01_20211228_170122_6248063961_600_800.png,/scratch/parceirosbr/bigoilict/share/BigOil/document_generator/datasets/documents_2021_12_28/38tab01_20211228_170122_6248063961_600_800.png,38tab01_20211228_170122_6248063961_600_800_mask.png,730366.89
17,4,34,8,479,561,513,569,479,561,513,561,513,569,479,569,sub_line_text,table_text,table_4,arial,regular,7.0,38tab01_20211228_170122_6248063961_600_800.png,/scratch/parceirosbr/bigoilict/share/BigOil/document_generator/datasets/documents_2021_12_28/38tab01_20211228_170122_6248063961_600_800.png,38tab01_20211228_170122_6248063961_600_800_mask.png,730366.89
226,4,453,8,67,587,520,595,67,587,520,587,520,595,67,595,sub_line_text,text,text_1,arial,regular,7,38tab01_20211228_170122_6248063961_600_800.png,/scratch/parceirosbr/bigoilict/share/BigOil/document_generator/datasets/documents_2021_12_28/38tab01_20211228_170122_6248063961_600_800.png,38tab01_20211228_170122_6248063961_600_800_mask.png,The  reducing  agent  had  its  activity  attenuated  in  the  presence  of  through  the  stabilization  of the borohydride bond with bulky groups
215,4,431,8,67,598,498,606,67,598,498,598,498,606,67,606,sub_line_text,text,text_1,arial,regular,7,38tab01_20211228_170122_6248063961_600_800.png,/scratch/parceirosbr/bigoilict/share/BigOil/document_generator/datasets/documents_2021_12_28/38tab01_20211228_170122_6248063961_600_800.png,38tab01_20211228_170122_6248063961_600_800_mask.png,"sterically. Note: without the retention of 1% (one percent) as provided for in item 2 of No. 9,715, of November 25, 1998, combined with."
226,9,453,19,67,587,520,606,67,587,520,587,520,606,67,606,text,text,text_1,arial,regular,7,38tab01_20211228_170122_6248063961_600_800.png,/scratch/parceirosbr/bigoilict/share/BigOil/document_generator/datasets/documents_2021_12_28/38tab01_20211228_170122_6248063961_600_800.png,38tab01_20211228_170122_6248063961_600_800_mask.png,nan
