center_x,center_y,width,height,xmin,ymin,xmax,ymax,top_left_x,top_left_y,top_right_x,top_right_y,bottom_right_x,bottom_right_y,bottom_left_x,bottom_left_y,label,grouplabel,group,text_font,text_style,size_font,filename,path,filename_mask,content
300,400,600,800,0,0,600,800,0,0,600,0,600,800,0,800,document,,,,,,38tab01_20211228_170122_6271333303_600_800.png,/scratch/parceirosbr/bigoilict/share/BigOil/document_generator/datasets/documents_2021_12_28/38tab01_20211228_170122_6271333303_600_800.png,38tab01_20211228_170122_6271333303_600_800_mask.png,
246,49,493,99,70,75,563,174,70,75,563,75,563,174,70,174,table,header,table_0,times,regular,10.0,38tab01_20211228_170122_6271333303_600_800.png,/scratch/parceirosbr/bigoilict/share/BigOil/document_generator/datasets/documents_2021_12_28/38tab01_20211228_170122_6271333303_600_800.png,38tab01_20211228_170122_6271333303_600_800_mask.png,nan
141,8,282,17,90,77,372,94,90,77,372,77,372,94,90,94,text,table_text,table_0,times,bold,15.0,38tab01_20211228_170122_6271333303_600_800.png,/scratch/parceirosbr/bigoilict/share/BigOil/document_generator/datasets/documents_2021_12_28/38tab01_20211228_170122_6271333303_600_800.png,38tab01_20211228_170122_6271333303_600_800_mask.png,Estudo de caso: produção de etanol anidro 
141,8,282,17,90,77,372,94,90,77,372,77,372,94,90,94,sub_line_text,table_text,table_0,times,bold,15.0,38tab01_20211228_170122_6271333303_600_800.png,/scratch/parceirosbr/bigoilict/share/BigOil/document_generator/datasets/documents_2021_12_28/38tab01_20211228_170122_6271333303_600_800.png,38tab01_20211228_170122_6271333303_600_800_mask.png,Estudo de caso: produção de etanol anidro 
135,7,270,15,96,105,366,120,96,105,366,105,366,120,96,120,text,table_text,table_0,times,bolditalic,13.0,38tab01_20211228_170122_6271333303_600_800.png,/scratch/parceirosbr/bigoilict/share/BigOil/document_generator/datasets/documents_2021_12_28/38tab01_20211228_170122_6271333303_600_800.png,38tab01_20211228_170122_6271333303_600_800_mask.png,"Na 1.2, o equipamento de segurança do poço e a "
135,7,270,15,96,105,366,120,96,105,366,105,366,120,96,120,sub_line_text,table_text,table_0,times,bolditalic,13.0,38tab01_20211228_170122_6271333303_600_800.png,/scratch/parceirosbr/bigoilict/share/BigOil/document_generator/datasets/documents_2021_12_28/38tab01_20211228_170122_6271333303_600_800.png,38tab01_20211228_170122_6271333303_600_800_mask.png,"Na 1.2, o equipamento de segurança do poço e a "
130,7,261,15,101,126,362,141,101,126,362,126,362,141,101,141,text,table_text,table_0,times,bolditalic,13.0,38tab01_20211228_170122_6271333303_600_800.png,/scratch/parceirosbr/bigoilict/share/BigOil/document_generator/datasets/documents_2021_12_28/38tab01_20211228_170122_6271333303_600_800.png,38tab01_20211228_170122_6271333303_600_800_mask.png,"Para isso, a posição do centro de gravidade da "
130,7,261,15,101,126,362,141,101,126,362,126,362,141,101,141,sub_line_text,table_text,table_0,times,bolditalic,13.0,38tab01_20211228_170122_6271333303_600_800.png,/scratch/parceirosbr/bigoilict/share/BigOil/document_generator/datasets/documents_2021_12_28/38tab01_20211228_170122_6271333303_600_800.png,38tab01_20211228_170122_6271333303_600_800_mask.png,"Para isso, a posição do centro de gravidade da "
16,7,33,14,461,77,494,91,461,77,494,77,494,91,461,91,text,table_text,table_0,times,bold,12.0,38tab01_20211228_170122_6271333303_600_800.png,/scratch/parceirosbr/bigoilict/share/BigOil/document_generator/datasets/documents_2021_12_28/38tab01_20211228_170122_6271333303_600_800.png,38tab01_20211228_170122_6271333303_600_800_mask.png,preços
16,7,33,14,461,77,494,91,461,77,494,77,494,91,461,91,sub_line_text,table_text,table_0,times,bold,12.0,38tab01_20211228_170122_6271333303_600_800.png,/scratch/parceirosbr/bigoilict/share/BigOil/document_generator/datasets/documents_2021_12_28/38tab01_20211228_170122_6271333303_600_800.png,38tab01_20211228_170122_6271333303_600_800_mask.png,preços
13,4,26,9,395,105,421,114,395,105,421,105,421,114,395,114,text,table_text,table_0,times,regular,7.0,38tab01_20211228_170122_6271333303_600_800.png,/scratch/parceirosbr/bigoilict/share/BigOil/document_generator/datasets/documents_2021_12_28/38tab01_20211228_170122_6271333303_600_800.png,38tab01_20211228_170122_6271333303_600_800_mask.png,derivado
13,4,26,9,395,105,421,114,395,105,421,105,421,114,395,114,sub_line_text,table_text,table_0,times,regular,7.0,38tab01_20211228_170122_6271333303_600_800.png,/scratch/parceirosbr/bigoilict/share/BigOil/document_generator/datasets/documents_2021_12_28/38tab01_20211228_170122_6271333303_600_800.png,38tab01_20211228_170122_6271333303_600_800_mask.png,derivado
4,4,8,9,395,126,403,135,395,126,403,126,403,135,395,135,text,table_text,table_0,times,regular,7.0,38tab01_20211228_170122_6271333303_600_800.png,/scratch/parceirosbr/bigoilict/share/BigOil/document_generator/datasets/documents_2021_12_28/38tab01_20211228_170122_6271333303_600_800.png,38tab01_20211228_170122_6271333303_600_800_mask.png,no
4,4,8,9,395,126,403,135,395,126,403,126,403,135,395,135,sub_line_text,table_text,table_0,times,regular,7.0,38tab01_20211228_170122_6271333303_600_800.png,/scratch/parceirosbr/bigoilict/share/BigOil/document_generator/datasets/documents_2021_12_28/38tab01_20211228_170122_6271333303_600_800.png,38tab01_20211228_170122_6271333303_600_800_mask.png,no
11,4,22,9,395,154,417,163,395,154,417,154,417,163,395,163,text,table_text,table_0,times,regular,7.0,38tab01_20211228_170122_6271333303_600_800.png,/scratch/parceirosbr/bigoilict/share/BigOil/document_generator/datasets/documents_2021_12_28/38tab01_20211228_170122_6271333303_600_800.png,38tab01_20211228_170122_6271333303_600_800_mask.png,retirado
11,4,22,9,395,154,417,163,395,154,417,154,417,163,395,163,sub_line_text,table_text,table_0,times,regular,7.0,38tab01_20211228_170122_6271333303_600_800.png,/scratch/parceirosbr/bigoilict/share/BigOil/document_generator/datasets/documents_2021_12_28/38tab01_20211228_170122_6271333303_600_800.png,38tab01_20211228_170122_6271333303_600_800_mask.png,retirado
22,5,44,11,484,105,528,116,484,105,528,105,528,116,484,116,text,table_text,table_0,times,regular,10.0,38tab01_20211228_170122_6271333303_600_800.png,/scratch/parceirosbr/bigoilict/share/BigOil/document_generator/datasets/documents_2021_12_28/38tab01_20211228_170122_6271333303_600_800.png,38tab01_20211228_170122_6271333303_600_800_mask.png,competirão
22,5,44,11,484,105,528,116,484,105,528,105,528,116,484,116,sub_line_text,table_text,table_0,times,regular,10.0,38tab01_20211228_170122_6271333303_600_800.png,/scratch/parceirosbr/bigoilict/share/BigOil/document_generator/datasets/documents_2021_12_28/38tab01_20211228_170122_6271333303_600_800.png,38tab01_20211228_170122_6271333303_600_800_mask.png,competirão
8,5,17,11,498,126,515,137,498,126,515,126,515,137,498,137,text,table_text,table_0,times,regular,10.0,38tab01_20211228_170122_6271333303_600_800.png,/scratch/parceirosbr/bigoilict/share/BigOil/document_generator/datasets/documents_2021_12_28/38tab01_20211228_170122_6271333303_600_800.png,38tab01_20211228_170122_6271333303_600_800_mask.png,país
8,5,17,11,498,126,515,137,498,126,515,126,515,137,498,137,sub_line_text,table_text,table_0,times,regular,10.0,38tab01_20211228_170122_6271333303_600_800.png,/scratch/parceirosbr/bigoilict/share/BigOil/document_generator/datasets/documents_2021_12_28/38tab01_20211228_170122_6271333303_600_800.png,38tab01_20211228_170122_6271333303_600_800_mask.png,país
18,5,37,11,488,154,525,165,488,154,525,154,525,165,488,165,text,table_text,table_0,times,regular,10.0,38tab01_20211228_170122_6271333303_600_800.png,/scratch/parceirosbr/bigoilict/share/BigOil/document_generator/datasets/documents_2021_12_28/38tab01_20211228_170122_6271333303_600_800.png,38tab01_20211228_170122_6271333303_600_800_mask.png,biodiesel
18,5,37,11,488,154,525,165,488,154,525,154,525,165,488,165,sub_line_text,table_text,table_0,times,regular,10.0,38tab01_20211228_170122_6271333303_600_800.png,/scratch/parceirosbr/bigoilict/share/BigOil/document_generator/datasets/documents_2021_12_28/38tab01_20211228_170122_6271333303_600_800.png,38tab01_20211228_170122_6271333303_600_800_mask.png,biodiesel
246,35,493,71,70,642,563,713,70,642,563,642,563,713,70,713,table,footer,table_1,times,regular,10.0,38tab01_20211228_170122_6271333303_600_800.png,/scratch/parceirosbr/bigoilict/share/BigOil/document_generator/datasets/documents_2021_12_28/38tab01_20211228_170122_6271333303_600_800.png,38tab01_20211228_170122_6271333303_600_800_mask.png,nan
111,5,222,11,88,644,310,655,88,644,310,644,310,655,88,655,text,table_text,table_1,times,bold,10.0,38tab01_20211228_170122_6271333303_600_800.png,/scratch/parceirosbr/bigoilict/share/BigOil/document_generator/datasets/documents_2021_12_28/38tab01_20211228_170122_6271333303_600_800.png,38tab01_20211228_170122_6271333303_600_800_mask.png,Os dados termodinâmicos obtidos por calorimetria 
111,5,222,11,88,644,310,655,88,644,310,644,310,655,88,655,sub_line_text,table_text,table_1,times,bold,10.0,38tab01_20211228_170122_6271333303_600_800.png,/scratch/parceirosbr/bigoilict/share/BigOil/document_generator/datasets/documents_2021_12_28/38tab01_20211228_170122_6271333303_600_800.png,38tab01_20211228_170122_6271333303_600_800_mask.png,Os dados termodinâmicos obtidos por calorimetria 
92,5,184,11,106,658,290,669,106,658,290,658,290,669,106,669,text,table_text,table_1,times,regular,10.0,38tab01_20211228_170122_6271333303_600_800.png,/scratch/parceirosbr/bigoilict/share/BigOil/document_generator/datasets/documents_2021_12_28/38tab01_20211228_170122_6271333303_600_800.png,38tab01_20211228_170122_6271333303_600_800_mask.png,Para monitoramento de casos onde múltiplos 
92,5,184,11,106,658,290,669,106,658,290,658,290,669,106,669,sub_line_text,table_text,table_1,times,regular,10.0,38tab01_20211228_170122_6271333303_600_800.png,/scratch/parceirosbr/bigoilict/share/BigOil/document_generator/datasets/documents_2021_12_28/38tab01_20211228_170122_6271333303_600_800.png,38tab01_20211228_170122_6271333303_600_800_mask.png,Para monitoramento de casos onde múltiplos 
14,5,29,11,184,679,213,690,184,679,213,679,213,690,184,690,text,table_text,table_1,times,regular,10.0,38tab01_20211228_170122_6271333303_600_800.png,/scratch/parceirosbr/bigoilict/share/BigOil/document_generator/datasets/documents_2021_12_28/38tab01_20211228_170122_6271333303_600_800.png,38tab01_20211228_170122_6271333303_600_800_mask.png,projeto
14,5,29,11,184,679,213,690,184,679,213,679,213,690,184,690,sub_line_text,table_text,table_1,times,regular,10.0,38tab01_20211228_170122_6271333303_600_800.png,/scratch/parceirosbr/bigoilict/share/BigOil/document_generator/datasets/documents_2021_12_28/38tab01_20211228_170122_6271333303_600_800.png,38tab01_20211228_170122_6271333303_600_800_mask.png,projeto
6,5,13,11,192,693,205,704,192,693,205,693,205,704,192,704,text,table_text,table_1,times,regular,10.0,38tab01_20211228_170122_6271333303_600_800.png,/scratch/parceirosbr/bigoilict/share/BigOil/document_generator/datasets/documents_2021_12_28/38tab01_20211228_170122_6271333303_600_800.png,38tab01_20211228_170122_6271333303_600_800_mask.png,um
6,5,13,11,192,693,205,704,192,693,205,693,205,704,192,704,sub_line_text,table_text,table_1,times,regular,10.0,38tab01_20211228_170122_6271333303_600_800.png,/scratch/parceirosbr/bigoilict/share/BigOil/document_generator/datasets/documents_2021_12_28/38tab01_20211228_170122_6271333303_600_800.png,38tab01_20211228_170122_6271333303_600_800_mask.png,um
31,5,62,11,354,644,416,655,354,644,416,644,416,655,354,655,text,table_text,table_1,times,bold,10.0,38tab01_20211228_170122_6271333303_600_800.png,/scratch/parceirosbr/bigoilict/share/BigOil/document_generator/datasets/documents_2021_12_28/38tab01_20211228_170122_6271333303_600_800.png,38tab01_20211228_170122_6271333303_600_800_mask.png,O exemplo de 
31,5,62,11,354,644,416,655,354,644,416,644,416,655,354,655,sub_line_text,table_text,table_1,times,bold,10.0,38tab01_20211228_170122_6271333303_600_800.png,/scratch/parceirosbr/bigoilict/share/BigOil/document_generator/datasets/documents_2021_12_28/38tab01_20211228_170122_6271333303_600_800.png,38tab01_20211228_170122_6271333303_600_800_mask.png,O exemplo de 
39,5,79,11,346,658,425,669,346,658,425,658,425,669,346,669,text,table_text,table_1,times,regular,10.0,38tab01_20211228_170122_6271333303_600_800.png,/scratch/parceirosbr/bigoilict/share/BigOil/document_generator/datasets/documents_2021_12_28/38tab01_20211228_170122_6271333303_600_800.png,38tab01_20211228_170122_6271333303_600_800_mask.png,"Dessa forma, a não "
39,5,79,11,346,658,425,669,346,658,425,658,425,669,346,669,sub_line_text,table_text,table_1,times,regular,10.0,38tab01_20211228_170122_6271333303_600_800.png,/scratch/parceirosbr/bigoilict/share/BigOil/document_generator/datasets/documents_2021_12_28/38tab01_20211228_170122_6271333303_600_800.png,38tab01_20211228_170122_6271333303_600_800_mask.png,"Dessa forma, a não "
12,5,25,11,373,679,398,690,373,679,398,679,398,690,373,690,text,table_text,table_1,times,regular,10.0,38tab01_20211228_170122_6271333303_600_800.png,/scratch/parceirosbr/bigoilict/share/BigOil/document_generator/datasets/documents_2021_12_28/38tab01_20211228_170122_6271333303_600_800.png,38tab01_20211228_170122_6271333303_600_800_mask.png,dessas
12,5,25,11,373,679,398,690,373,679,398,679,398,690,373,690,sub_line_text,table_text,table_1,times,regular,10.0,38tab01_20211228_170122_6271333303_600_800.png,/scratch/parceirosbr/bigoilict/share/BigOil/document_generator/datasets/documents_2021_12_28/38tab01_20211228_170122_6271333303_600_800.png,38tab01_20211228_170122_6271333303_600_800_mask.png,dessas
4,5,9,11,381,693,390,704,381,693,390,693,390,704,381,704,text,table_text,table_1,times,regular,10.0,38tab01_20211228_170122_6271333303_600_800.png,/scratch/parceirosbr/bigoilict/share/BigOil/document_generator/datasets/documents_2021_12_28/38tab01_20211228_170122_6271333303_600_800.png,38tab01_20211228_170122_6271333303_600_800_mask.png,ao
4,5,9,11,381,693,390,704,381,693,390,693,390,704,381,704,sub_line_text,table_text,table_1,times,regular,10.0,38tab01_20211228_170122_6271333303_600_800.png,/scratch/parceirosbr/bigoilict/share/BigOil/document_generator/datasets/documents_2021_12_28/38tab01_20211228_170122_6271333303_600_800.png,38tab01_20211228_170122_6271333303_600_800_mask.png,ao
39,5,79,11,464,644,543,655,464,644,543,644,543,655,464,655,text,table_text,table_1,times,bold,10.0,38tab01_20211228_170122_6271333303_600_800.png,/scratch/parceirosbr/bigoilict/share/BigOil/document_generator/datasets/documents_2021_12_28/38tab01_20211228_170122_6271333303_600_800.png,38tab01_20211228_170122_6271333303_600_800_mask.png,Devido ao grande 
39,5,79,11,464,644,543,655,464,644,543,644,543,655,464,655,sub_line_text,table_text,table_1,times,bold,10.0,38tab01_20211228_170122_6271333303_600_800.png,/scratch/parceirosbr/bigoilict/share/BigOil/document_generator/datasets/documents_2021_12_28/38tab01_20211228_170122_6271333303_600_800.png,38tab01_20211228_170122_6271333303_600_800_mask.png,Devido ao grande 
48,5,96,11,455,658,551,669,455,658,551,658,551,669,455,669,text,table_text,table_1,times,regular,10.0,38tab01_20211228_170122_6271333303_600_800.png,/scratch/parceirosbr/bigoilict/share/BigOil/document_generator/datasets/documents_2021_12_28/38tab01_20211228_170122_6271333303_600_800.png,38tab01_20211228_170122_6271333303_600_800_mask.png,Isso pode ser explicado 
48,5,96,11,455,658,551,669,455,658,551,658,551,669,455,669,sub_line_text,table_text,table_1,times,regular,10.0,38tab01_20211228_170122_6271333303_600_800.png,/scratch/parceirosbr/bigoilict/share/BigOil/document_generator/datasets/documents_2021_12_28/38tab01_20211228_170122_6271333303_600_800.png,38tab01_20211228_170122_6271333303_600_800_mask.png,Isso pode ser explicado 
12,5,24,11,491,679,515,690,491,679,515,679,515,690,491,690,text,table_text,table_1,times,regular,10.0,38tab01_20211228_170122_6271333303_600_800.png,/scratch/parceirosbr/bigoilict/share/BigOil/document_generator/datasets/documents_2021_12_28/38tab01_20211228_170122_6271333303_600_800.png,38tab01_20211228_170122_6271333303_600_800_mask.png,geram
12,5,24,11,491,679,515,690,491,679,515,679,515,690,491,690,sub_line_text,table_text,table_1,times,regular,10.0,38tab01_20211228_170122_6271333303_600_800.png,/scratch/parceirosbr/bigoilict/share/BigOil/document_generator/datasets/documents_2021_12_28/38tab01_20211228_170122_6271333303_600_800.png,38tab01_20211228_170122_6271333303_600_800_mask.png,geram
27,5,54,11,476,693,530,704,476,693,530,693,530,704,476,704,text,table_text,table_1,times,regular,10.0,38tab01_20211228_170122_6271333303_600_800.png,/scratch/parceirosbr/bigoilict/share/BigOil/document_generator/datasets/documents_2021_12_28/38tab01_20211228_170122_6271333303_600_800.png,38tab01_20211228_170122_6271333303_600_800_mask.png,influenciando
27,5,54,11,476,693,530,704,476,693,530,693,530,704,476,704,sub_line_text,table_text,table_1,times,regular,10.0,38tab01_20211228_170122_6271333303_600_800.png,/scratch/parceirosbr/bigoilict/share/BigOil/document_generator/datasets/documents_2021_12_28/38tab01_20211228_170122_6271333303_600_800.png,38tab01_20211228_170122_6271333303_600_800_mask.png,influenciando
237,63,475,127,79,196,554,323,79,196,554,196,554,323,79,323,table,table_image,table_2,times,regular,10.0,38tab01_20211228_170122_6271333303_600_800.png,/scratch/parceirosbr/bigoilict/share/BigOil/document_generator/datasets/documents_2021_12_28/38tab01_20211228_170122_6271333303_600_800.png,38tab01_20211228_170122_6271333303_600_800_mask.png,nan
10,5,21,11,135,198,156,209,135,198,156,198,156,209,135,209,text,table_text,table_2,times,italic,10.0,38tab01_20211228_170122_6271333303_600_800.png,/scratch/parceirosbr/bigoilict/share/BigOil/document_generator/datasets/documents_2021_12_28/38tab01_20211228_170122_6271333303_600_800.png,38tab01_20211228_170122_6271333303_600_800_mask.png,atual
10,5,21,11,135,198,156,209,135,198,156,198,156,209,135,209,sub_line_text,table_text,table_2,times,italic,10.0,38tab01_20211228_170122_6271333303_600_800.png,/scratch/parceirosbr/bigoilict/share/BigOil/document_generator/datasets/documents_2021_12_28/38tab01_20211228_170122_6271333303_600_800.png,38tab01_20211228_170122_6271333303_600_800_mask.png,atual
23,5,46,11,123,212,169,223,123,212,169,212,169,223,123,223,text,table_text,table_2,times,regular,10.0,38tab01_20211228_170122_6271333303_600_800.png,/scratch/parceirosbr/bigoilict/share/BigOil/document_generator/datasets/documents_2021_12_28/38tab01_20211228_170122_6271333303_600_800.png,38tab01_20211228_170122_6271333303_600_800_mask.png,aprisionado
23,5,46,11,123,212,169,223,123,212,169,212,169,223,123,223,sub_line_text,table_text,table_2,times,regular,10.0,38tab01_20211228_170122_6271333303_600_800.png,/scratch/parceirosbr/bigoilict/share/BigOil/document_generator/datasets/documents_2021_12_28/38tab01_20211228_170122_6271333303_600_800.png,38tab01_20211228_170122_6271333303_600_800_mask.png,aprisionado
13,5,27,11,133,226,160,237,133,226,160,226,160,237,133,237,text,table_text,table_2,times,regular,10.0,38tab01_20211228_170122_6271333303_600_800.png,/scratch/parceirosbr/bigoilict/share/BigOil/document_generator/datasets/documents_2021_12_28/38tab01_20211228_170122_6271333303_600_800.png,38tab01_20211228_170122_6271333303_600_800_mask.png,termos
13,5,27,11,133,226,160,237,133,226,160,226,160,237,133,237,sub_line_text,table_text,table_2,times,regular,10.0,38tab01_20211228_170122_6271333303_600_800.png,/scratch/parceirosbr/bigoilict/share/BigOil/document_generator/datasets/documents_2021_12_28/38tab01_20211228_170122_6271333303_600_800.png,38tab01_20211228_170122_6271333303_600_800_mask.png,termos
21,5,43,11,125,254,168,265,125,254,168,254,168,265,125,265,text,table_text,table_2,times,regular,10.0,38tab01_20211228_170122_6271333303_600_800.png,/scratch/parceirosbr/bigoilict/share/BigOil/document_generator/datasets/documents_2021_12_28/38tab01_20211228_170122_6271333303_600_800.png,38tab01_20211228_170122_6271333303_600_800_mask.png,combustão
21,5,43,11,125,254,168,265,125,254,168,254,168,265,125,265,sub_line_text,table_text,table_2,times,regular,10.0,38tab01_20211228_170122_6271333303_600_800.png,/scratch/parceirosbr/bigoilict/share/BigOil/document_generator/datasets/documents_2021_12_28/38tab01_20211228_170122_6271333303_600_800.png,38tab01_20211228_170122_6271333303_600_800_mask.png,combustão
18,5,36,11,128,268,164,279,128,268,164,268,164,279,128,279,text,table_text,table_2,times,regular,10.0,38tab01_20211228_170122_6271333303_600_800.png,/scratch/parceirosbr/bigoilict/share/BigOil/document_generator/datasets/documents_2021_12_28/38tab01_20211228_170122_6271333303_600_800.png,38tab01_20211228_170122_6271333303_600_800_mask.png,empresas
18,5,36,11,128,268,164,279,128,268,164,268,164,279,128,279,sub_line_text,table_text,table_2,times,regular,10.0,38tab01_20211228_170122_6271333303_600_800.png,/scratch/parceirosbr/bigoilict/share/BigOil/document_generator/datasets/documents_2021_12_28/38tab01_20211228_170122_6271333303_600_800.png,38tab01_20211228_170122_6271333303_600_800_mask.png,empresas
7,5,15,11,139,282,154,293,139,282,154,282,154,293,139,293,text,table_text,table_2,times,regular,10.0,38tab01_20211228_170122_6271333303_600_800.png,/scratch/parceirosbr/bigoilict/share/BigOil/document_generator/datasets/documents_2021_12_28/38tab01_20211228_170122_6271333303_600_800.png,38tab01_20211228_170122_6271333303_600_800_mask.png,tem
7,5,15,11,139,282,154,293,139,282,154,282,154,293,139,293,sub_line_text,table_text,table_2,times,regular,10.0,38tab01_20211228_170122_6271333303_600_800.png,/scratch/parceirosbr/bigoilict/share/BigOil/document_generator/datasets/documents_2021_12_28/38tab01_20211228_170122_6271333303_600_800.png,38tab01_20211228_170122_6271333303_600_800_mask.png,tem
23,5,47,11,123,296,170,307,123,296,170,296,170,307,123,307,text,table_text,table_2,times,regular,10.0,38tab01_20211228_170122_6271333303_600_800.png,/scratch/parceirosbr/bigoilict/share/BigOil/document_generator/datasets/documents_2021_12_28/38tab01_20211228_170122_6271333303_600_800.png,38tab01_20211228_170122_6271333303_600_800_mask.png,publicações
23,5,47,11,123,296,170,307,123,296,170,296,170,307,123,307,sub_line_text,table_text,table_2,times,regular,10.0,38tab01_20211228_170122_6271333303_600_800.png,/scratch/parceirosbr/bigoilict/share/BigOil/document_generator/datasets/documents_2021_12_28/38tab01_20211228_170122_6271333303_600_800.png,38tab01_20211228_170122_6271333303_600_800_mask.png,publicações
27,5,55,11,219,198,274,209,219,198,274,198,274,209,219,209,text,table_text,table_2,times,italic,10.0,38tab01_20211228_170122_6271333303_600_800.png,/scratch/parceirosbr/bigoilict/share/BigOil/document_generator/datasets/documents_2021_12_28/38tab01_20211228_170122_6271333303_600_800.png,38tab01_20211228_170122_6271333303_600_800_mask.png,influenciando
27,5,55,11,219,198,274,209,219,198,274,198,274,209,219,209,sub_line_text,table_text,table_2,times,italic,10.0,38tab01_20211228_170122_6271333303_600_800.png,/scratch/parceirosbr/bigoilict/share/BigOil/document_generator/datasets/documents_2021_12_28/38tab01_20211228_170122_6271333303_600_800.png,38tab01_20211228_170122_6271333303_600_800_mask.png,influenciando
19,5,38,11,227,212,265,223,227,212,265,212,265,223,227,223,text,table_text,table_2,times,regular,10.0,38tab01_20211228_170122_6271333303_600_800.png,/scratch/parceirosbr/bigoilict/share/BigOil/document_generator/datasets/documents_2021_12_28/38tab01_20211228_170122_6271333303_600_800.png,38tab01_20211228_170122_6271333303_600_800_mask.png,59551.37
19,5,38,11,227,212,265,223,227,212,265,212,265,223,227,223,sub_line_text,table_text,table_2,times,regular,10.0,38tab01_20211228_170122_6271333303_600_800.png,/scratch/parceirosbr/bigoilict/share/BigOil/document_generator/datasets/documents_2021_12_28/38tab01_20211228_170122_6271333303_600_800.png,38tab01_20211228_170122_6271333303_600_800_mask.png,59551.37
19,5,38,11,227,226,265,237,227,226,265,226,265,237,227,237,text,table_text,table_2,times,regular,10.0,38tab01_20211228_170122_6271333303_600_800.png,/scratch/parceirosbr/bigoilict/share/BigOil/document_generator/datasets/documents_2021_12_28/38tab01_20211228_170122_6271333303_600_800.png,38tab01_20211228_170122_6271333303_600_800_mask.png,49377.17
19,5,38,11,227,226,265,237,227,226,265,226,265,237,227,237,sub_line_text,table_text,table_2,times,regular,10.0,38tab01_20211228_170122_6271333303_600_800.png,/scratch/parceirosbr/bigoilict/share/BigOil/document_generator/datasets/documents_2021_12_28/38tab01_20211228_170122_6271333303_600_800.png,38tab01_20211228_170122_6271333303_600_800_mask.png,49377.17
19,5,38,11,227,254,265,265,227,254,265,254,265,265,227,265,text,table_text,table_2,times,regular,10.0,38tab01_20211228_170122_6271333303_600_800.png,/scratch/parceirosbr/bigoilict/share/BigOil/document_generator/datasets/documents_2021_12_28/38tab01_20211228_170122_6271333303_600_800.png,38tab01_20211228_170122_6271333303_600_800_mask.png,55801.70
19,5,38,11,227,254,265,265,227,254,265,254,265,265,227,265,sub_line_text,table_text,table_2,times,regular,10.0,38tab01_20211228_170122_6271333303_600_800.png,/scratch/parceirosbr/bigoilict/share/BigOil/document_generator/datasets/documents_2021_12_28/38tab01_20211228_170122_6271333303_600_800.png,38tab01_20211228_170122_6271333303_600_800_mask.png,55801.70
19,5,38,11,227,268,265,279,227,268,265,268,265,279,227,279,text,table_text,table_2,times,regular,10.0,38tab01_20211228_170122_6271333303_600_800.png,/scratch/parceirosbr/bigoilict/share/BigOil/document_generator/datasets/documents_2021_12_28/38tab01_20211228_170122_6271333303_600_800.png,38tab01_20211228_170122_6271333303_600_800_mask.png,43178.40
19,5,38,11,227,268,265,279,227,268,265,268,265,279,227,279,sub_line_text,table_text,table_2,times,regular,10.0,38tab01_20211228_170122_6271333303_600_800.png,/scratch/parceirosbr/bigoilict/share/BigOil/document_generator/datasets/documents_2021_12_28/38tab01_20211228_170122_6271333303_600_800.png,38tab01_20211228_170122_6271333303_600_800_mask.png,43178.40
19,5,38,11,227,282,265,293,227,282,265,282,265,293,227,293,text,table_text,table_2,times,regular,10.0,38tab01_20211228_170122_6271333303_600_800.png,/scratch/parceirosbr/bigoilict/share/BigOil/document_generator/datasets/documents_2021_12_28/38tab01_20211228_170122_6271333303_600_800.png,38tab01_20211228_170122_6271333303_600_800_mask.png,11377.59
19,5,38,11,227,282,265,293,227,282,265,282,265,293,227,293,sub_line_text,table_text,table_2,times,regular,10.0,38tab01_20211228_170122_6271333303_600_800.png,/scratch/parceirosbr/bigoilict/share/BigOil/document_generator/datasets/documents_2021_12_28/38tab01_20211228_170122_6271333303_600_800.png,38tab01_20211228_170122_6271333303_600_800_mask.png,11377.59
19,5,38,11,227,296,265,307,227,296,265,296,265,307,227,307,text,table_text,table_2,times,regular,10.0,38tab01_20211228_170122_6271333303_600_800.png,/scratch/parceirosbr/bigoilict/share/BigOil/document_generator/datasets/documents_2021_12_28/38tab01_20211228_170122_6271333303_600_800.png,38tab01_20211228_170122_6271333303_600_800_mask.png,41628.06
19,5,38,11,227,296,265,307,227,296,265,296,265,307,227,307,sub_line_text,table_text,table_2,times,regular,10.0,38tab01_20211228_170122_6271333303_600_800.png,/scratch/parceirosbr/bigoilict/share/BigOil/document_generator/datasets/documents_2021_12_28/38tab01_20211228_170122_6271333303_600_800.png,38tab01_20211228_170122_6271333303_600_800_mask.png,41628.06
20,5,40,11,293,198,333,209,293,198,333,198,333,209,293,209,text,table_text,table_2,times,italic,10.0,38tab01_20211228_170122_6271333303_600_800.png,/scratch/parceirosbr/bigoilict/share/BigOil/document_generator/datasets/documents_2021_12_28/38tab01_20211228_170122_6271333303_600_800.png,38tab01_20211228_170122_6271333303_600_800_mask.png,formação
20,5,40,11,293,198,333,209,293,198,333,198,333,209,293,209,sub_line_text,table_text,table_2,times,italic,10.0,38tab01_20211228_170122_6271333303_600_800.png,/scratch/parceirosbr/bigoilict/share/BigOil/document_generator/datasets/documents_2021_12_28/38tab01_20211228_170122_6271333303_600_800.png,38tab01_20211228_170122_6271333303_600_800_mask.png,formação
6,5,13,11,307,212,320,223,307,212,320,212,320,223,307,223,text,table_text,table_2,times,regular,10.0,38tab01_20211228_170122_6271333303_600_800.png,/scratch/parceirosbr/bigoilict/share/BigOil/document_generator/datasets/documents_2021_12_28/38tab01_20211228_170122_6271333303_600_800.png,38tab01_20211228_170122_6271333303_600_800_mask.png,7.0
6,5,13,11,307,212,320,223,307,212,320,212,320,223,307,223,sub_line_text,table_text,table_2,times,regular,10.0,38tab01_20211228_170122_6271333303_600_800.png,/scratch/parceirosbr/bigoilict/share/BigOil/document_generator/datasets/documents_2021_12_28/38tab01_20211228_170122_6271333303_600_800.png,38tab01_20211228_170122_6271333303_600_800_mask.png,7.0
6,5,13,11,307,226,320,237,307,226,320,226,320,237,307,237,text,table_text,table_2,times,regular,10.0,38tab01_20211228_170122_6271333303_600_800.png,/scratch/parceirosbr/bigoilict/share/BigOil/document_generator/datasets/documents_2021_12_28/38tab01_20211228_170122_6271333303_600_800.png,38tab01_20211228_170122_6271333303_600_800_mask.png,3.1
6,5,13,11,307,226,320,237,307,226,320,226,320,237,307,237,sub_line_text,table_text,table_2,times,regular,10.0,38tab01_20211228_170122_6271333303_600_800.png,/scratch/parceirosbr/bigoilict/share/BigOil/document_generator/datasets/documents_2021_12_28/38tab01_20211228_170122_6271333303_600_800.png,38tab01_20211228_170122_6271333303_600_800_mask.png,3.1
6,5,13,11,307,254,320,265,307,254,320,254,320,265,307,265,text,table_text,table_2,times,regular,10.0,38tab01_20211228_170122_6271333303_600_800.png,/scratch/parceirosbr/bigoilict/share/BigOil/document_generator/datasets/documents_2021_12_28/38tab01_20211228_170122_6271333303_600_800.png,38tab01_20211228_170122_6271333303_600_800_mask.png,6.5
6,5,13,11,307,254,320,265,307,254,320,254,320,265,307,265,sub_line_text,table_text,table_2,times,regular,10.0,38tab01_20211228_170122_6271333303_600_800.png,/scratch/parceirosbr/bigoilict/share/BigOil/document_generator/datasets/documents_2021_12_28/38tab01_20211228_170122_6271333303_600_800.png,38tab01_20211228_170122_6271333303_600_800_mask.png,6.5
6,5,13,11,307,268,320,279,307,268,320,268,320,279,307,279,text,table_text,table_2,times,regular,10.0,38tab01_20211228_170122_6271333303_600_800.png,/scratch/parceirosbr/bigoilict/share/BigOil/document_generator/datasets/documents_2021_12_28/38tab01_20211228_170122_6271333303_600_800.png,38tab01_20211228_170122_6271333303_600_800_mask.png,5.1
6,5,13,11,307,268,320,279,307,268,320,268,320,279,307,279,sub_line_text,table_text,table_2,times,regular,10.0,38tab01_20211228_170122_6271333303_600_800.png,/scratch/parceirosbr/bigoilict/share/BigOil/document_generator/datasets/documents_2021_12_28/38tab01_20211228_170122_6271333303_600_800.png,38tab01_20211228_170122_6271333303_600_800_mask.png,5.1
6,5,13,11,307,282,320,293,307,282,320,282,320,293,307,293,text,table_text,table_2,times,regular,10.0,38tab01_20211228_170122_6271333303_600_800.png,/scratch/parceirosbr/bigoilict/share/BigOil/document_generator/datasets/documents_2021_12_28/38tab01_20211228_170122_6271333303_600_800.png,38tab01_20211228_170122_6271333303_600_800_mask.png,5.3
6,5,13,11,307,282,320,293,307,282,320,282,320,293,307,293,sub_line_text,table_text,table_2,times,regular,10.0,38tab01_20211228_170122_6271333303_600_800.png,/scratch/parceirosbr/bigoilict/share/BigOil/document_generator/datasets/documents_2021_12_28/38tab01_20211228_170122_6271333303_600_800.png,38tab01_20211228_170122_6271333303_600_800_mask.png,5.3
6,5,13,11,307,296,320,307,307,296,320,296,320,307,307,307,text,table_text,table_2,times,regular,10.0,38tab01_20211228_170122_6271333303_600_800.png,/scratch/parceirosbr/bigoilict/share/BigOil/document_generator/datasets/documents_2021_12_28/38tab01_20211228_170122_6271333303_600_800.png,38tab01_20211228_170122_6271333303_600_800_mask.png,6.8
6,5,13,11,307,296,320,307,307,296,320,296,320,307,307,307,sub_line_text,table_text,table_2,times,regular,10.0,38tab01_20211228_170122_6271333303_600_800.png,/scratch/parceirosbr/bigoilict/share/BigOil/document_generator/datasets/documents_2021_12_28/38tab01_20211228_170122_6271333303_600_800.png,38tab01_20211228_170122_6271333303_600_800_mask.png,6.8
16,5,33,11,364,198,397,209,364,198,397,198,397,209,364,209,text,table_text,table_2,times,italic,10.0,38tab01_20211228_170122_6271333303_600_800.png,/scratch/parceirosbr/bigoilict/share/BigOil/document_generator/datasets/documents_2021_12_28/38tab01_20211228_170122_6271333303_600_800.png,38tab01_20211228_170122_6271333303_600_800_mask.png,medidas
16,5,33,11,364,198,397,209,364,198,397,198,397,209,364,209,sub_line_text,table_text,table_2,times,italic,10.0,38tab01_20211228_170122_6271333303_600_800.png,/scratch/parceirosbr/bigoilict/share/BigOil/document_generator/datasets/documents_2021_12_28/38tab01_20211228_170122_6271333303_600_800.png,38tab01_20211228_170122_6271333303_600_800_mask.png,medidas
19,5,38,11,361,212,399,223,361,212,399,212,399,223,361,223,text,table_text,table_2,times,regular,10.0,38tab01_20211228_170122_6271333303_600_800.png,/scratch/parceirosbr/bigoilict/share/BigOil/document_generator/datasets/documents_2021_12_28/38tab01_20211228_170122_6271333303_600_800.png,38tab01_20211228_170122_6271333303_600_800_mask.png,26147.32
19,5,38,11,361,212,399,223,361,212,399,212,399,223,361,223,sub_line_text,table_text,table_2,times,regular,10.0,38tab01_20211228_170122_6271333303_600_800.png,/scratch/parceirosbr/bigoilict/share/BigOil/document_generator/datasets/documents_2021_12_28/38tab01_20211228_170122_6271333303_600_800.png,38tab01_20211228_170122_6271333303_600_800_mask.png,26147.32
19,5,38,11,361,226,399,237,361,226,399,226,399,237,361,237,text,table_text,table_2,times,regular,10.0,38tab01_20211228_170122_6271333303_600_800.png,/scratch/parceirosbr/bigoilict/share/BigOil/document_generator/datasets/documents_2021_12_28/38tab01_20211228_170122_6271333303_600_800.png,38tab01_20211228_170122_6271333303_600_800_mask.png,15619.35
19,5,38,11,361,226,399,237,361,226,399,226,399,237,361,237,sub_line_text,table_text,table_2,times,regular,10.0,38tab01_20211228_170122_6271333303_600_800.png,/scratch/parceirosbr/bigoilict/share/BigOil/document_generator/datasets/documents_2021_12_28/38tab01_20211228_170122_6271333303_600_800.png,38tab01_20211228_170122_6271333303_600_800_mask.png,15619.35
16,5,33,11,364,254,397,265,364,254,397,254,397,265,364,265,text,table_text,table_2,times,regular,10.0,38tab01_20211228_170122_6271333303_600_800.png,/scratch/parceirosbr/bigoilict/share/BigOil/document_generator/datasets/documents_2021_12_28/38tab01_20211228_170122_6271333303_600_800.png,38tab01_20211228_170122_6271333303_600_800_mask.png,7138.61
16,5,33,11,364,254,397,265,364,254,397,254,397,265,364,265,sub_line_text,table_text,table_2,times,regular,10.0,38tab01_20211228_170122_6271333303_600_800.png,/scratch/parceirosbr/bigoilict/share/BigOil/document_generator/datasets/documents_2021_12_28/38tab01_20211228_170122_6271333303_600_800.png,38tab01_20211228_170122_6271333303_600_800_mask.png,7138.61
16,5,33,11,364,268,397,279,364,268,397,268,397,279,364,279,text,table_text,table_2,times,regular,10.0,38tab01_20211228_170122_6271333303_600_800.png,/scratch/parceirosbr/bigoilict/share/BigOil/document_generator/datasets/documents_2021_12_28/38tab01_20211228_170122_6271333303_600_800.png,38tab01_20211228_170122_6271333303_600_800_mask.png,7123.38
16,5,33,11,364,268,397,279,364,268,397,268,397,279,364,279,sub_line_text,table_text,table_2,times,regular,10.0,38tab01_20211228_170122_6271333303_600_800.png,/scratch/parceirosbr/bigoilict/share/BigOil/document_generator/datasets/documents_2021_12_28/38tab01_20211228_170122_6271333303_600_800.png,38tab01_20211228_170122_6271333303_600_800_mask.png,7123.38
14,5,28,11,367,282,395,293,367,282,395,282,395,293,367,293,text,table_text,table_2,times,regular,10.0,38tab01_20211228_170122_6271333303_600_800.png,/scratch/parceirosbr/bigoilict/share/BigOil/document_generator/datasets/documents_2021_12_28/38tab01_20211228_170122_6271333303_600_800.png,38tab01_20211228_170122_6271333303_600_800_mask.png,394.04
14,5,28,11,367,282,395,293,367,282,395,282,395,293,367,293,sub_line_text,table_text,table_2,times,regular,10.0,38tab01_20211228_170122_6271333303_600_800.png,/scratch/parceirosbr/bigoilict/share/BigOil/document_generator/datasets/documents_2021_12_28/38tab01_20211228_170122_6271333303_600_800.png,38tab01_20211228_170122_6271333303_600_800_mask.png,394.04
14,5,28,11,367,296,395,307,367,296,395,296,395,307,367,307,text,table_text,table_2,times,regular,10.0,38tab01_20211228_170122_6271333303_600_800.png,/scratch/parceirosbr/bigoilict/share/BigOil/document_generator/datasets/documents_2021_12_28/38tab01_20211228_170122_6271333303_600_800.png,38tab01_20211228_170122_6271333303_600_800_mask.png,970.61
14,5,28,11,367,296,395,307,367,296,395,296,395,307,367,307,sub_line_text,table_text,table_2,times,regular,10.0,38tab01_20211228_170122_6271333303_600_800.png,/scratch/parceirosbr/bigoilict/share/BigOil/document_generator/datasets/documents_2021_12_28/38tab01_20211228_170122_6271333303_600_800.png,38tab01_20211228_170122_6271333303_600_800_mask.png,970.61
5,5,10,11,443,198,453,209,443,198,453,198,453,209,443,209,text,table_text,table_2,times,italic,10.0,38tab01_20211228_170122_6271333303_600_800.png,/scratch/parceirosbr/bigoilict/share/BigOil/document_generator/datasets/documents_2021_12_28/38tab01_20211228_170122_6271333303_600_800.png,38tab01_20211228_170122_6271333303_600_800_mask.png,já
5,5,10,11,443,198,453,209,443,198,453,198,453,209,443,209,sub_line_text,table_text,table_2,times,italic,10.0,38tab01_20211228_170122_6271333303_600_800.png,/scratch/parceirosbr/bigoilict/share/BigOil/document_generator/datasets/documents_2021_12_28/38tab01_20211228_170122_6271333303_600_800.png,38tab01_20211228_170122_6271333303_600_800_mask.png,já
11,5,23,11,436,212,459,223,436,212,459,212,459,223,436,223,text,table_text,table_2,times,regular,10.0,38tab01_20211228_170122_6271333303_600_800.png,/scratch/parceirosbr/bigoilict/share/BigOil/document_generator/datasets/documents_2021_12_28/38tab01_20211228_170122_6271333303_600_800.png,38tab01_20211228_170122_6271333303_600_800_mask.png,7.210
11,5,23,11,436,212,459,223,436,212,459,212,459,223,436,223,sub_line_text,table_text,table_2,times,regular,10.0,38tab01_20211228_170122_6271333303_600_800.png,/scratch/parceirosbr/bigoilict/share/BigOil/document_generator/datasets/documents_2021_12_28/38tab01_20211228_170122_6271333303_600_800.png,38tab01_20211228_170122_6271333303_600_800_mask.png,7.210
11,5,23,11,436,226,459,237,436,226,459,226,459,237,436,237,text,table_text,table_2,times,regular,10.0,38tab01_20211228_170122_6271333303_600_800.png,/scratch/parceirosbr/bigoilict/share/BigOil/document_generator/datasets/documents_2021_12_28/38tab01_20211228_170122_6271333303_600_800.png,38tab01_20211228_170122_6271333303_600_800_mask.png,3.509
11,5,23,11,436,226,459,237,436,226,459,226,459,237,436,237,sub_line_text,table_text,table_2,times,regular,10.0,38tab01_20211228_170122_6271333303_600_800.png,/scratch/parceirosbr/bigoilict/share/BigOil/document_generator/datasets/documents_2021_12_28/38tab01_20211228_170122_6271333303_600_800.png,38tab01_20211228_170122_6271333303_600_800_mask.png,3.509
11,5,23,11,436,254,459,265,436,254,459,254,459,265,436,265,text,table_text,table_2,times,regular,10.0,38tab01_20211228_170122_6271333303_600_800.png,/scratch/parceirosbr/bigoilict/share/BigOil/document_generator/datasets/documents_2021_12_28/38tab01_20211228_170122_6271333303_600_800.png,38tab01_20211228_170122_6271333303_600_800_mask.png,5.936
11,5,23,11,436,254,459,265,436,254,459,254,459,265,436,265,sub_line_text,table_text,table_2,times,regular,10.0,38tab01_20211228_170122_6271333303_600_800.png,/scratch/parceirosbr/bigoilict/share/BigOil/document_generator/datasets/documents_2021_12_28/38tab01_20211228_170122_6271333303_600_800.png,38tab01_20211228_170122_6271333303_600_800_mask.png,5.936
11,5,23,11,436,268,459,279,436,268,459,268,459,279,436,279,text,table_text,table_2,times,regular,10.0,38tab01_20211228_170122_6271333303_600_800.png,/scratch/parceirosbr/bigoilict/share/BigOil/document_generator/datasets/documents_2021_12_28/38tab01_20211228_170122_6271333303_600_800.png,38tab01_20211228_170122_6271333303_600_800_mask.png,9.915
11,5,23,11,436,268,459,279,436,268,459,268,459,279,436,279,sub_line_text,table_text,table_2,times,regular,10.0,38tab01_20211228_170122_6271333303_600_800.png,/scratch/parceirosbr/bigoilict/share/BigOil/document_generator/datasets/documents_2021_12_28/38tab01_20211228_170122_6271333303_600_800.png,38tab01_20211228_170122_6271333303_600_800_mask.png,9.915
11,5,23,11,436,282,459,293,436,282,459,282,459,293,436,293,text,table_text,table_2,times,regular,10.0,38tab01_20211228_170122_6271333303_600_800.png,/scratch/parceirosbr/bigoilict/share/BigOil/document_generator/datasets/documents_2021_12_28/38tab01_20211228_170122_6271333303_600_800.png,38tab01_20211228_170122_6271333303_600_800_mask.png,8.621
11,5,23,11,436,282,459,293,436,282,459,282,459,293,436,293,sub_line_text,table_text,table_2,times,regular,10.0,38tab01_20211228_170122_6271333303_600_800.png,/scratch/parceirosbr/bigoilict/share/BigOil/document_generator/datasets/documents_2021_12_28/38tab01_20211228_170122_6271333303_600_800.png,38tab01_20211228_170122_6271333303_600_800_mask.png,8.621
11,5,23,11,436,296,459,307,436,296,459,296,459,307,436,307,text,table_text,table_2,times,regular,10.0,38tab01_20211228_170122_6271333303_600_800.png,/scratch/parceirosbr/bigoilict/share/BigOil/document_generator/datasets/documents_2021_12_28/38tab01_20211228_170122_6271333303_600_800.png,38tab01_20211228_170122_6271333303_600_800_mask.png,5.876
11,5,23,11,436,296,459,307,436,296,459,296,459,307,436,307,sub_line_text,table_text,table_2,times,regular,10.0,38tab01_20211228_170122_6271333303_600_800.png,/scratch/parceirosbr/bigoilict/share/BigOil/document_generator/datasets/documents_2021_12_28/38tab01_20211228_170122_6271333303_600_800.png,38tab01_20211228_170122_6271333303_600_800_mask.png,5.876
18,5,36,11,499,198,535,209,499,198,535,198,535,209,499,209,text,table_text,table_2,times,italic,10.0,38tab01_20211228_170122_6271333303_600_800.png,/scratch/parceirosbr/bigoilict/share/BigOil/document_generator/datasets/documents_2021_12_28/38tab01_20211228_170122_6271333303_600_800.png,38tab01_20211228_170122_6271333303_600_800_mask.png,condutas
18,5,36,11,499,198,535,209,499,198,535,198,535,209,499,209,sub_line_text,table_text,table_2,times,italic,10.0,38tab01_20211228_170122_6271333303_600_800.png,/scratch/parceirosbr/bigoilict/share/BigOil/document_generator/datasets/documents_2021_12_28/38tab01_20211228_170122_6271333303_600_800.png,38tab01_20211228_170122_6271333303_600_800_mask.png,condutas
16,5,33,11,501,212,534,223,501,212,534,212,534,223,501,223,text,table_text,table_2,times,regular,10.0,38tab01_20211228_170122_6271333303_600_800.png,/scratch/parceirosbr/bigoilict/share/BigOil/document_generator/datasets/documents_2021_12_28/38tab01_20211228_170122_6271333303_600_800.png,38tab01_20211228_170122_6271333303_600_800_mask.png,956.586
16,5,33,11,501,212,534,223,501,212,534,212,534,223,501,223,sub_line_text,table_text,table_2,times,regular,10.0,38tab01_20211228_170122_6271333303_600_800.png,/scratch/parceirosbr/bigoilict/share/BigOil/document_generator/datasets/documents_2021_12_28/38tab01_20211228_170122_6271333303_600_800.png,38tab01_20211228_170122_6271333303_600_800_mask.png,956.586
11,5,23,11,505,226,528,237,505,226,528,226,528,237,505,237,text,table_text,table_2,times,regular,10.0,38tab01_20211228_170122_6271333303_600_800.png,/scratch/parceirosbr/bigoilict/share/BigOil/document_generator/datasets/documents_2021_12_28/38tab01_20211228_170122_6271333303_600_800.png,38tab01_20211228_170122_6271333303_600_800_mask.png,5.816
11,5,23,11,505,226,528,237,505,226,528,226,528,237,505,237,sub_line_text,table_text,table_2,times,regular,10.0,38tab01_20211228_170122_6271333303_600_800.png,/scratch/parceirosbr/bigoilict/share/BigOil/document_generator/datasets/documents_2021_12_28/38tab01_20211228_170122_6271333303_600_800.png,38tab01_20211228_170122_6271333303_600_800_mask.png,5.816
14,5,28,11,503,254,531,265,503,254,531,254,531,265,503,265,text,table_text,table_2,times,regular,10.0,38tab01_20211228_170122_6271333303_600_800.png,/scratch/parceirosbr/bigoilict/share/BigOil/document_generator/datasets/documents_2021_12_28/38tab01_20211228_170122_6271333303_600_800.png,38tab01_20211228_170122_6271333303_600_800_mask.png,27.103
14,5,28,11,503,254,531,265,503,254,531,254,531,265,503,265,sub_line_text,table_text,table_2,times,regular,10.0,38tab01_20211228_170122_6271333303_600_800.png,/scratch/parceirosbr/bigoilict/share/BigOil/document_generator/datasets/documents_2021_12_28/38tab01_20211228_170122_6271333303_600_800.png,38tab01_20211228_170122_6271333303_600_800_mask.png,27.103
16,5,33,11,501,268,534,279,501,268,534,268,534,279,501,279,text,table_text,table_2,times,regular,10.0,38tab01_20211228_170122_6271333303_600_800.png,/scratch/parceirosbr/bigoilict/share/BigOil/document_generator/datasets/documents_2021_12_28/38tab01_20211228_170122_6271333303_600_800.png,38tab01_20211228_170122_6271333303_600_800_mask.png,387.097
16,5,33,11,501,268,534,279,501,268,534,268,534,279,501,279,sub_line_text,table_text,table_2,times,regular,10.0,38tab01_20211228_170122_6271333303_600_800.png,/scratch/parceirosbr/bigoilict/share/BigOil/document_generator/datasets/documents_2021_12_28/38tab01_20211228_170122_6271333303_600_800.png,38tab01_20211228_170122_6271333303_600_800_mask.png,387.097
14,5,28,11,503,282,531,293,503,282,531,282,531,293,503,293,text,table_text,table_2,times,regular,10.0,38tab01_20211228_170122_6271333303_600_800.png,/scratch/parceirosbr/bigoilict/share/BigOil/document_generator/datasets/documents_2021_12_28/38tab01_20211228_170122_6271333303_600_800.png,38tab01_20211228_170122_6271333303_600_800_mask.png,62.466
14,5,28,11,503,282,531,293,503,282,531,282,531,293,503,293,sub_line_text,table_text,table_2,times,regular,10.0,38tab01_20211228_170122_6271333303_600_800.png,/scratch/parceirosbr/bigoilict/share/BigOil/document_generator/datasets/documents_2021_12_28/38tab01_20211228_170122_6271333303_600_800.png,38tab01_20211228_170122_6271333303_600_800_mask.png,62.466
16,5,33,11,501,296,534,307,501,296,534,296,534,307,501,307,text,table_text,table_2,times,regular,10.0,38tab01_20211228_170122_6271333303_600_800.png,/scratch/parceirosbr/bigoilict/share/BigOil/document_generator/datasets/documents_2021_12_28/38tab01_20211228_170122_6271333303_600_800.png,38tab01_20211228_170122_6271333303_600_800_mask.png,728.053
16,5,33,11,501,296,534,307,501,296,534,296,534,307,501,307,sub_line_text,table_text,table_2,times,regular,10.0,38tab01_20211228_170122_6271333303_600_800.png,/scratch/parceirosbr/bigoilict/share/BigOil/document_generator/datasets/documents_2021_12_28/38tab01_20211228_170122_6271333303_600_800.png,38tab01_20211228_170122_6271333303_600_800_mask.png,728.053
224,5,449,11,79,336,528,347,79,336,528,336,528,347,79,347,sub_line_text,text,text_0,times,regular,10,38tab01_20211228_170122_6271333303_600_800.png,/scratch/parceirosbr/bigoilict/share/BigOil/document_generator/datasets/documents_2021_12_28/38tab01_20211228_170122_6271333303_600_800.png,38tab01_20211228_170122_6271333303_600_800_mask.png,"O tratamento organossolve, por exemplo, pode remover lignina e parte de hemicelulose. O é uma ferramenta de."
224,5,449,11,79,336,528,347,79,336,528,336,528,347,79,347,text,text,text_0,times,regular,10,38tab01_20211228_170122_6271333303_600_800.png,/scratch/parceirosbr/bigoilict/share/BigOil/document_generator/datasets/documents_2021_12_28/38tab01_20211228_170122_6271333303_600_800.png,38tab01_20211228_170122_6271333303_600_800_mask.png,nan
237,65,475,131,79,360,554,491,79,360,554,360,554,491,79,491,table,table_image,table_4,times,regular,10.0,38tab01_20211228_170122_6271333303_600_800.png,/scratch/parceirosbr/bigoilict/share/BigOil/document_generator/datasets/documents_2021_12_28/38tab01_20211228_170122_6271333303_600_800.png,38tab01_20211228_170122_6271333303_600_800_mask.png,nan
29,5,59,11,129,362,188,373,129,362,188,362,188,373,129,373,text,table_text,table_4,times,italic,10.0,38tab01_20211228_170122_6271333303_600_800.png,/scratch/parceirosbr/bigoilict/share/BigOil/document_generator/datasets/documents_2021_12_28/38tab01_20211228_170122_6271333303_600_800.png,38tab01_20211228_170122_6271333303_600_800_mask.png,características
29,5,59,11,129,362,188,373,129,362,188,362,188,373,129,373,sub_line_text,table_text,table_4,times,italic,10.0,38tab01_20211228_170122_6271333303_600_800.png,/scratch/parceirosbr/bigoilict/share/BigOil/document_generator/datasets/documents_2021_12_28/38tab01_20211228_170122_6271333303_600_800.png,38tab01_20211228_170122_6271333303_600_800_mask.png,características
10,5,20,11,148,376,168,387,148,376,168,376,168,387,148,387,text,table_text,table_4,times,regular,10.0,38tab01_20211228_170122_6271333303_600_800.png,/scratch/parceirosbr/bigoilict/share/BigOil/document_generator/datasets/documents_2021_12_28/38tab01_20211228_170122_6271333303_600_800.png,38tab01_20211228_170122_6271333303_600_800_mask.png,setor
10,5,20,11,148,376,168,387,148,376,168,376,168,387,148,387,sub_line_text,table_text,table_4,times,regular,10.0,38tab01_20211228_170122_6271333303_600_800.png,/scratch/parceirosbr/bigoilict/share/BigOil/document_generator/datasets/documents_2021_12_28/38tab01_20211228_170122_6271333303_600_800.png,38tab01_20211228_170122_6271333303_600_800_mask.png,setor
26,5,53,11,131,390,184,401,131,390,184,390,184,401,131,401,text,table_text,table_4,times,regular,10.0,38tab01_20211228_170122_6271333303_600_800.png,/scratch/parceirosbr/bigoilict/share/BigOil/document_generator/datasets/documents_2021_12_28/38tab01_20211228_170122_6271333303_600_800.png,38tab01_20211228_170122_6271333303_600_800_mask.png,combustíveis
26,5,53,11,131,390,184,401,131,390,184,390,184,401,131,401,sub_line_text,table_text,table_4,times,regular,10.0,38tab01_20211228_170122_6271333303_600_800.png,/scratch/parceirosbr/bigoilict/share/BigOil/document_generator/datasets/documents_2021_12_28/38tab01_20211228_170122_6271333303_600_800.png,38tab01_20211228_170122_6271333303_600_800_mask.png,combustíveis
18,5,37,11,139,418,176,429,139,418,176,418,176,429,139,429,text,table_text,table_4,times,regular,10.0,38tab01_20211228_170122_6271333303_600_800.png,/scratch/parceirosbr/bigoilict/share/BigOil/document_generator/datasets/documents_2021_12_28/38tab01_20211228_170122_6271333303_600_800.png,38tab01_20211228_170122_6271333303_600_800_mask.png,completa
18,5,37,11,139,418,176,429,139,418,176,418,176,429,139,429,sub_line_text,table_text,table_4,times,regular,10.0,38tab01_20211228_170122_6271333303_600_800.png,/scratch/parceirosbr/bigoilict/share/BigOil/document_generator/datasets/documents_2021_12_28/38tab01_20211228_170122_6271333303_600_800.png,38tab01_20211228_170122_6271333303_600_800_mask.png,completa
20,5,40,11,138,432,178,443,138,432,178,432,178,443,138,443,text,table_text,table_4,times,regular,10.0,38tab01_20211228_170122_6271333303_600_800.png,/scratch/parceirosbr/bigoilict/share/BigOil/document_generator/datasets/documents_2021_12_28/38tab01_20211228_170122_6271333303_600_800.png,38tab01_20211228_170122_6271333303_600_800_mask.png,floculação
20,5,40,11,138,432,178,443,138,432,178,432,178,443,138,443,sub_line_text,table_text,table_4,times,regular,10.0,38tab01_20211228_170122_6271333303_600_800.png,/scratch/parceirosbr/bigoilict/share/BigOil/document_generator/datasets/documents_2021_12_28/38tab01_20211228_170122_6271333303_600_800.png,38tab01_20211228_170122_6271333303_600_800_mask.png,floculação
14,5,29,11,143,453,172,464,143,453,172,453,172,464,143,464,text,table_text,table_4,times,regular,10.0,38tab01_20211228_170122_6271333303_600_800.png,/scratch/parceirosbr/bigoilict/share/BigOil/document_generator/datasets/documents_2021_12_28/38tab01_20211228_170122_6271333303_600_800.png,38tab01_20211228_170122_6271333303_600_800_mask.png,sentido
14,5,29,11,143,453,172,464,143,453,172,453,172,464,143,464,sub_line_text,table_text,table_4,times,regular,10.0,38tab01_20211228_170122_6271333303_600_800.png,/scratch/parceirosbr/bigoilict/share/BigOil/document_generator/datasets/documents_2021_12_28/38tab01_20211228_170122_6271333303_600_800.png,38tab01_20211228_170122_6271333303_600_800_mask.png,sentido
5,5,10,11,153,472,163,483,153,472,163,472,163,483,153,483,text,table_text,table_4,times,regular,10.0,38tab01_20211228_170122_6271333303_600_800.png,/scratch/parceirosbr/bigoilict/share/BigOil/document_generator/datasets/documents_2021_12_28/38tab01_20211228_170122_6271333303_600_800.png,38tab01_20211228_170122_6271333303_600_800_mask.png,da
5,5,10,11,153,472,163,483,153,472,163,472,163,483,153,483,sub_line_text,table_text,table_4,times,regular,10.0,38tab01_20211228_170122_6271333303_600_800.png,/scratch/parceirosbr/bigoilict/share/BigOil/document_generator/datasets/documents_2021_12_28/38tab01_20211228_170122_6271333303_600_800.png,38tab01_20211228_170122_6271333303_600_800_mask.png,da
13,5,27,11,381,362,408,373,381,362,408,362,408,373,381,373,text,table_text,table_4,times,italic,10.0,38tab01_20211228_170122_6271333303_600_800.png,/scratch/parceirosbr/bigoilict/share/BigOil/document_generator/datasets/documents_2021_12_28/38tab01_20211228_170122_6271333303_600_800.png,38tab01_20211228_170122_6271333303_600_800_mask.png,muitas
13,5,27,11,381,362,408,373,381,362,408,362,408,373,381,373,sub_line_text,table_text,table_4,times,italic,10.0,38tab01_20211228_170122_6271333303_600_800.png,/scratch/parceirosbr/bigoilict/share/BigOil/document_generator/datasets/documents_2021_12_28/38tab01_20211228_170122_6271333303_600_800.png,38tab01_20211228_170122_6271333303_600_800_mask.png,muitas
89,5,178,11,306,376,484,387,306,376,484,376,484,387,306,387,text,table_text,table_4,times,regular,10.0,38tab01_20211228_170122_6271333303_600_800.png,/scratch/parceirosbr/bigoilict/share/BigOil/document_generator/datasets/documents_2021_12_28/38tab01_20211228_170122_6271333303_600_800.png,38tab01_20211228_170122_6271333303_600_800_mask.png,3935454218098072221026744465361.6011
89,5,178,11,306,376,484,387,306,376,484,376,484,387,306,387,sub_line_text,table_text,table_4,times,regular,10.0,38tab01_20211228_170122_6271333303_600_800.png,/scratch/parceirosbr/bigoilict/share/BigOil/document_generator/datasets/documents_2021_12_28/38tab01_20211228_170122_6271333303_600_800.png,38tab01_20211228_170122_6271333303_600_800_mask.png,3935454218098072221026744465361.6011
94,5,188,11,301,390,489,401,301,390,489,390,489,401,301,401,text,table_text,table_4,times,regular,10.0,38tab01_20211228_170122_6271333303_600_800.png,/scratch/parceirosbr/bigoilict/share/BigOil/document_generator/datasets/documents_2021_12_28/38tab01_20211228_170122_6271333303_600_800.png,38tab01_20211228_170122_6271333303_600_800_mask.png,920654254642854212302369076555615.0125
94,5,188,11,301,390,489,401,301,390,489,390,489,401,301,401,sub_line_text,table_text,table_4,times,regular,10.0,38tab01_20211228_170122_6271333303_600_800.png,/scratch/parceirosbr/bigoilict/share/BigOil/document_generator/datasets/documents_2021_12_28/38tab01_20211228_170122_6271333303_600_800.png,38tab01_20211228_170122_6271333303_600_800_mask.png,920654254642854212302369076555615.0125
91,5,183,11,303,418,486,429,303,418,486,418,486,429,303,429,text,table_text,table_4,times,regular,10.0,38tab01_20211228_170122_6271333303_600_800.png,/scratch/parceirosbr/bigoilict/share/BigOil/document_generator/datasets/documents_2021_12_28/38tab01_20211228_170122_6271333303_600_800.png,38tab01_20211228_170122_6271333303_600_800_mask.png,13770211738759590833983345021806.2197
91,5,183,11,303,418,486,429,303,418,486,418,486,429,303,429,sub_line_text,table_text,table_4,times,regular,10.0,38tab01_20211228_170122_6271333303_600_800.png,/scratch/parceirosbr/bigoilict/share/BigOil/document_generator/datasets/documents_2021_12_28/38tab01_20211228_170122_6271333303_600_800.png,38tab01_20211228_170122_6271333303_600_800_mask.png,13770211738759590833983345021806.2197
94,5,188,11,301,432,489,443,301,432,489,432,489,443,301,443,text,table_text,table_4,times,regular,10.0,38tab01_20211228_170122_6271333303_600_800.png,/scratch/parceirosbr/bigoilict/share/BigOil/document_generator/datasets/documents_2021_12_28/38tab01_20211228_170122_6271333303_600_800.png,38tab01_20211228_170122_6271333303_600_800_mask.png,871089567458416228022506508568999.8003
94,5,188,11,301,432,489,443,301,432,489,432,489,443,301,443,sub_line_text,table_text,table_4,times,regular,10.0,38tab01_20211228_170122_6271333303_600_800.png,/scratch/parceirosbr/bigoilict/share/BigOil/document_generator/datasets/documents_2021_12_28/38tab01_20211228_170122_6271333303_600_800.png,38tab01_20211228_170122_6271333303_600_800_mask.png,871089567458416228022506508568999.8003
86,5,173,11,309,453,482,464,309,453,482,453,482,464,309,464,text,table_text,table_4,times,regular,10.0,38tab01_20211228_170122_6271333303_600_800.png,/scratch/parceirosbr/bigoilict/share/BigOil/document_generator/datasets/documents_2021_12_28/38tab01_20211228_170122_6271333303_600_800.png,38tab01_20211228_170122_6271333303_600_800_mask.png,762764109177824814044538274657.4295
86,5,173,11,309,453,482,464,309,453,482,453,482,464,309,464,sub_line_text,table_text,table_4,times,regular,10.0,38tab01_20211228_170122_6271333303_600_800.png,/scratch/parceirosbr/bigoilict/share/BigOil/document_generator/datasets/documents_2021_12_28/38tab01_20211228_170122_6271333303_600_800.png,38tab01_20211228_170122_6271333303_600_800_mask.png,762764109177824814044538274657.4295
89,5,178,11,306,472,484,483,306,472,484,472,484,483,306,483,text,table_text,table_4,times,regular,10.0,38tab01_20211228_170122_6271333303_600_800.png,/scratch/parceirosbr/bigoilict/share/BigOil/document_generator/datasets/documents_2021_12_28/38tab01_20211228_170122_6271333303_600_800.png,38tab01_20211228_170122_6271333303_600_800_mask.png,2773956214797299916471249645016.1721
89,5,178,11,306,472,484,483,306,472,484,472,484,483,306,483,sub_line_text,table_text,table_4,times,regular,10.0,38tab01_20211228_170122_6271333303_600_800.png,/scratch/parceirosbr/bigoilict/share/BigOil/document_generator/datasets/documents_2021_12_28/38tab01_20211228_170122_6271333303_600_800.png,38tab01_20211228_170122_6271333303_600_800_mask.png,2773956214797299916471249645016.1721
173,11,346,22,143,530,489,552,143,530,489,530,489,552,143,552,sub_line_text,title,title_0,times,bolditalic,20,38tab01_20211228_170122_6271333303_600_800.png,/scratch/parceirosbr/bigoilict/share/BigOil/document_generator/datasets/documents_2021_12_28/38tab01_20211228_170122_6271333303_600_800.png,38tab01_20211228_170122_6271333303_600_800_mask.png,"7- Fluxos logísticos produção, transporte"
108,11,217,22,207,560,424,582,207,560,424,560,424,582,207,582,sub_line_text,title,title_0,times,bolditalic,20,38tab01_20211228_170122_6271333303_600_800.png,/scratch/parceirosbr/bigoilict/share/BigOil/document_generator/datasets/documents_2021_12_28/38tab01_20211228_170122_6271333303_600_800.png,38tab01_20211228_170122_6271333303_600_800_mask.png,armazenagem gasolina de
173,26,346,52,143,530,489,582,143,530,489,530,489,582,143,582,title,title,title_0,times,bolditalic,20,38tab01_20211228_170122_6271333303_600_800.png,/scratch/parceirosbr/bigoilict/share/BigOil/document_generator/datasets/documents_2021_12_28/38tab01_20211228_170122_6271333303_600_800.png,38tab01_20211228_170122_6271333303_600_800_mask.png,nan
190,10,381,20,126,582,507,602,126,582,507,582,507,602,126,602,sub_line_text,subtitle,subtitle_0,times,italic,17,38tab01_20211228_170122_6271333303_600_800.png,/scratch/parceirosbr/bigoilict/share/BigOil/document_generator/datasets/documents_2021_12_28/38tab01_20211228_170122_6271333303_600_800.png,38tab01_20211228_170122_6271333303_600_800_mask.png,"7-5- CO+3 H298 205,9 de reações parciais oxidação"
190,10,381,20,126,582,507,602,126,582,507,582,507,602,126,602,title,subtitle,subtitle_0,times,italic,17,38tab01_20211228_170122_6271333303_600_800.png,/scratch/parceirosbr/bigoilict/share/BigOil/document_generator/datasets/documents_2021_12_28/38tab01_20211228_170122_6271333303_600_800.png,38tab01_20211228_170122_6271333303_600_800_mask.png,nan
