center_x,center_y,width,height,xmin,ymin,xmax,ymax,top_left_x,top_left_y,top_right_x,top_right_y,bottom_right_x,bottom_right_y,bottom_left_x,bottom_left_y,label,grouplabel,group,text_font,text_style,size_font,filename,path,filename_mask,content
300,400,600,800,0,0,600,800,0,0,600,0,600,800,0,800,document,,,,,,38tab01_20211228_170133_2510777962_600_800.png,/scratch/parceirosbr/bigoilict/share/BigOil/document_generator/datasets/documents_2021_12_28/38tab01_20211228_170133_2510777962_600_800.png,38tab01_20211228_170133_2510777962_600_800_mask.png,
257,51,514,103,49,100,563,203,51,100,563,108,561,203,49,195,table,header,table_0,opensans,regular,9.0,38tab01_20211228_170133_2510777962_600_800.png,/scratch/parceirosbr/bigoilict/share/BigOil/document_generator/datasets/documents_2021_12_28/38tab01_20211228_170133_2510777962_600_800.png,38tab01_20211228_170133_2510777962_600_800_mask.png,nan
18,36,37,73,56,111,93,184,57,111,93,112,92,184,56,183,text,table_text,table_0,opensans,regular,9.0,38tab01_20211228_170133_2510777962_600_800.png,/scratch/parceirosbr/bigoilict/share/BigOil/document_generator/datasets/documents_2021_12_28/38tab01_20211228_170133_2510777962_600_800.png,38tab01_20211228_170133_2510777962_600_800_mask.png,/scratch/parceirosbr/bigoilict/share/BigOil/document_generator/files_images_document_generator/logos\image_16.jpg
18,36,37,73,56,111,93,184,57,111,93,112,92,184,56,183,sub_line_text,table_text,table_0,opensans,regular,9.0,38tab01_20211228_170133_2510777962_600_800.png,/scratch/parceirosbr/bigoilict/share/BigOil/document_generator/datasets/documents_2021_12_28/38tab01_20211228_170133_2510777962_600_800.png,38tab01_20211228_170133_2510777962_600_800_mask.png,/scratch/parceirosbr/bigoilict/share/BigOil/document_generator/files_images_document_generator/logos\image_16.jpg
26,8,53,16,154,104,207,120,154,104,207,104,207,120,154,120,text,table_text,table_0,opensans,regular,11.0,38tab01_20211228_170133_2510777962_600_800.png,/scratch/parceirosbr/bigoilict/share/BigOil/document_generator/datasets/documents_2021_12_28/38tab01_20211228_170133_2510777962_600_800.png,38tab01_20211228_170133_2510777962_600_800_mask.png,calculadas
26,8,53,16,154,104,207,120,154,104,207,104,207,120,154,120,sub_line_text,table_text,table_0,opensans,regular,11.0,38tab01_20211228_170133_2510777962_600_800.png,/scratch/parceirosbr/bigoilict/share/BigOil/document_generator/datasets/documents_2021_12_28/38tab01_20211228_170133_2510777962_600_800.png,38tab01_20211228_170133_2510777962_600_800_mask.png,calculadas
21,7,43,14,231,128,274,142,232,128,274,129,273,142,231,141,text,table_text,table_0,opensans,regular,9.0,38tab01_20211228_170133_2510777962_600_800.png,/scratch/parceirosbr/bigoilict/share/BigOil/document_generator/datasets/documents_2021_12_28/38tab01_20211228_170133_2510777962_600_800.png,38tab01_20211228_170133_2510777962_600_800_mask.png,tamanhos
21,7,43,14,231,128,274,142,232,128,274,129,273,142,231,141,sub_line_text,table_text,table_0,opensans,regular,9.0,38tab01_20211228_170133_2510777962_600_800.png,/scratch/parceirosbr/bigoilict/share/BigOil/document_generator/datasets/documents_2021_12_28/38tab01_20211228_170133_2510777962_600_800.png,38tab01_20211228_170133_2510777962_600_800_mask.png,tamanhos
7,3,15,7,101,149,116,156,101,149,116,149,116,156,101,156,text,table_text,table_0,opensans,regular,4.0,38tab01_20211228_170133_2510777962_600_800.png,/scratch/parceirosbr/bigoilict/share/BigOil/document_generator/datasets/documents_2021_12_28/38tab01_20211228_170133_2510777962_600_800.png,38tab01_20211228_170133_2510777962_600_800_mask.png,controle
7,3,15,7,101,149,116,156,101,149,116,149,116,156,101,156,sub_line_text,table_text,table_0,opensans,regular,4.0,38tab01_20211228_170133_2510777962_600_800.png,/scratch/parceirosbr/bigoilict/share/BigOil/document_generator/datasets/documents_2021_12_28/38tab01_20211228_170133_2510777962_600_800.png,38tab01_20211228_170133_2510777962_600_800_mask.png,controle
131,9,262,18,121,154,383,172,121,154,383,159,383,172,121,167,text,table_text,table_0,opensans,bold,9.0,38tab01_20211228_170133_2510777962_600_800.png,/scratch/parceirosbr/bigoilict/share/BigOil/document_generator/datasets/documents_2021_12_28/38tab01_20211228_170133_2510777962_600_800.png,38tab01_20211228_170133_2510777962_600_800_mask.png,"De forma geral, o fenantreno foi o composto que menos se "
131,9,262,18,121,154,383,172,121,154,383,159,383,172,121,167,sub_line_text,table_text,table_0,opensans,bold,9.0,38tab01_20211228_170133_2510777962_600_800.png,/scratch/parceirosbr/bigoilict/share/BigOil/document_generator/datasets/documents_2021_12_28/38tab01_20211228_170133_2510777962_600_800.png,38tab01_20211228_170133_2510777962_600_800_mask.png,"De forma geral, o fenantreno foi o composto que menos se "
21,7,42,14,231,170,273,184,231,170,273,171,273,184,231,183,text,table_text,table_0,opensans,bold,9.0,38tab01_20211228_170133_2510777962_600_800.png,/scratch/parceirosbr/bigoilict/share/BigOil/document_generator/datasets/documents_2021_12_28/38tab01_20211228_170133_2510777962_600_800.png,38tab01_20211228_170133_2510777962_600_800_mask.png,estrutura
21,7,42,14,231,170,273,184,231,170,273,171,273,184,231,183,sub_line_text,table_text,table_0,opensans,bold,9.0,38tab01_20211228_170133_2510777962_600_800.png,/scratch/parceirosbr/bigoilict/share/BigOil/document_generator/datasets/documents_2021_12_28/38tab01_20211228_170133_2510777962_600_800.png,38tab01_20211228_170133_2510777962_600_800_mask.png,estrutura
4,3,8,7,262,106,270,113,262,106,270,106,270,113,262,113,text,table_text,table_0,opensans,bold,4.0,38tab01_20211228_170133_2510777962_600_800.png,/scratch/parceirosbr/bigoilict/share/BigOil/document_generator/datasets/documents_2021_12_28/38tab01_20211228_170133_2510777962_600_800.png,38tab01_20211228_170133_2510777962_600_800_mask.png,tem
4,3,8,7,262,106,270,113,262,106,270,106,270,113,262,113,sub_line_text,table_text,table_0,opensans,bold,4.0,38tab01_20211228_170133_2510777962_600_800.png,/scratch/parceirosbr/bigoilict/share/BigOil/document_generator/datasets/documents_2021_12_28/38tab01_20211228_170133_2510777962_600_800.png,38tab01_20211228_170133_2510777962_600_800_mask.png,tem
14,7,28,14,368,113,396,127,368,113,396,114,396,127,368,126,text,table_text,table_0,opensans,regular,9.0,38tab01_20211228_170133_2510777962_600_800.png,/scratch/parceirosbr/bigoilict/share/BigOil/document_generator/datasets/documents_2021_12_28/38tab01_20211228_170133_2510777962_600_800.png,38tab01_20211228_170133_2510777962_600_800_mask.png,muitas
14,7,28,14,368,113,396,127,368,113,396,114,396,127,368,126,sub_line_text,table_text,table_0,opensans,regular,9.0,38tab01_20211228_170133_2510777962_600_800.png,/scratch/parceirosbr/bigoilict/share/BigOil/document_generator/datasets/documents_2021_12_28/38tab01_20211228_170133_2510777962_600_800.png,38tab01_20211228_170133_2510777962_600_800_mask.png,muitas
5,3,11,7,406,131,417,138,406,131,417,131,417,138,406,138,text,table_text,table_0,opensans,regular,4.0,38tab01_20211228_170133_2510777962_600_800.png,/scratch/parceirosbr/bigoilict/share/BigOil/document_generator/datasets/documents_2021_12_28/38tab01_20211228_170133_2510777962_600_800.png,38tab01_20211228_170133_2510777962_600_800_mask.png,injetor
5,3,11,7,406,131,417,138,406,131,417,131,417,138,406,138,sub_line_text,table_text,table_0,opensans,regular,4.0,38tab01_20211228_170133_2510777962_600_800.png,/scratch/parceirosbr/bigoilict/share/BigOil/document_generator/datasets/documents_2021_12_28/38tab01_20211228_170133_2510777962_600_800.png,38tab01_20211228_170133_2510777962_600_800_mask.png,injetor
10,6,21,13,471,138,492,151,471,138,492,138,492,151,471,151,text,table_text,table_0,opensans,regular,9.0,38tab01_20211228_170133_2510777962_600_800.png,/scratch/parceirosbr/bigoilict/share/BigOil/document_generator/datasets/documents_2021_12_28/38tab01_20211228_170133_2510777962_600_800.png,38tab01_20211228_170133_2510777962_600_800_mask.png,setor
10,6,21,13,471,138,492,151,471,138,492,138,492,151,471,151,sub_line_text,table_text,table_0,opensans,regular,9.0,38tab01_20211228_170133_2510777962_600_800.png,/scratch/parceirosbr/bigoilict/share/BigOil/document_generator/datasets/documents_2021_12_28/38tab01_20211228_170133_2510777962_600_800.png,38tab01_20211228_170133_2510777962_600_800_mask.png,setor
24,7,49,14,457,178,506,192,457,178,506,179,506,192,457,191,text,table_text,table_0,opensans,regular,9.0,38tab01_20211228_170133_2510777962_600_800.png,/scratch/parceirosbr/bigoilict/share/BigOil/document_generator/datasets/documents_2021_12_28/38tab01_20211228_170133_2510777962_600_800.png,38tab01_20211228_170133_2510777962_600_800_mask.png,alternativos
24,7,49,14,457,178,506,192,457,178,506,179,506,192,457,191,sub_line_text,table_text,table_0,opensans,regular,9.0,38tab01_20211228_170133_2510777962_600_800.png,/scratch/parceirosbr/bigoilict/share/BigOil/document_generator/datasets/documents_2021_12_28/38tab01_20211228_170133_2510777962_600_800.png,38tab01_20211228_170133_2510777962_600_800_mask.png,alternativos
6,3,13,7,507,110,520,117,507,110,520,110,520,117,507,117,text,table_text,table_0,opensans,regular,4.0,38tab01_20211228_170133_2510777962_600_800.png,/scratch/parceirosbr/bigoilict/share/BigOil/document_generator/datasets/documents_2021_12_28/38tab01_20211228_170133_2510777962_600_800.png,38tab01_20211228_170133_2510777962_600_800_mask.png,medida
6,3,13,7,507,110,520,117,507,110,520,110,520,117,507,117,sub_line_text,table_text,table_0,opensans,regular,4.0,38tab01_20211228_170133_2510777962_600_800.png,/scratch/parceirosbr/bigoilict/share/BigOil/document_generator/datasets/documents_2021_12_28/38tab01_20211228_170133_2510777962_600_800.png,38tab01_20211228_170133_2510777962_600_800_mask.png,medida
20,7,41,14,512,115,553,129,512,115,553,116,553,129,512,128,text,table_text,table_0,opensans,regular,9.0,38tab01_20211228_170133_2510777962_600_800.png,/scratch/parceirosbr/bigoilict/share/BigOil/document_generator/datasets/documents_2021_12_28/38tab01_20211228_170133_2510777962_600_800.png,38tab01_20211228_170133_2510777962_600_800_mask.png,principais
20,7,41,14,512,115,553,129,512,115,553,116,553,129,512,128,sub_line_text,table_text,table_0,opensans,regular,9.0,38tab01_20211228_170133_2510777962_600_800.png,/scratch/parceirosbr/bigoilict/share/BigOil/document_generator/datasets/documents_2021_12_28/38tab01_20211228_170133_2510777962_600_800.png,38tab01_20211228_170133_2510777962_600_800_mask.png,principais
256,24,513,48,40,693,553,741,41,693,553,701,552,741,40,733,table,footer,table_1,opensans,regular,9.0,38tab01_20211228_170133_2510777962_600_800.png,/scratch/parceirosbr/bigoilict/share/BigOil/document_generator/datasets/documents_2021_12_28/38tab01_20211228_170133_2510777962_600_800.png,38tab01_20211228_170133_2510777962_600_800_mask.png,nan
40,7,81,15,84,695,165,710,84,695,165,697,165,710,84,708,text,table_text,table_1,opensans,bold,9.0,38tab01_20211228_170133_2510777962_600_800.png,/scratch/parceirosbr/bigoilict/share/BigOil/document_generator/datasets/documents_2021_12_28/38tab01_20211228_170133_2510777962_600_800.png,38tab01_20211228_170133_2510777962_600_800_mask.png,Do ponto de vista 
40,7,81,15,84,695,165,710,84,695,165,697,165,710,84,708,sub_line_text,table_text,table_1,opensans,bold,9.0,38tab01_20211228_170133_2510777962_600_800.png,/scratch/parceirosbr/bigoilict/share/BigOil/document_generator/datasets/documents_2021_12_28/38tab01_20211228_170133_2510777962_600_800.png,38tab01_20211228_170133_2510777962_600_800_mask.png,Do ponto de vista 
71,8,143,16,53,710,196,726,53,710,196,713,196,726,53,723,text,table_text,table_1,opensans,regular,9.0,38tab01_20211228_170133_2510777962_600_800.png,/scratch/parceirosbr/bigoilict/share/BigOil/document_generator/datasets/documents_2021_12_28/38tab01_20211228_170133_2510777962_600_800.png,38tab01_20211228_170133_2510777962_600_800_mask.png,Como este valor já estava definido 
71,8,143,16,53,710,196,726,53,710,196,713,196,726,53,723,sub_line_text,table_text,table_1,opensans,regular,9.0,38tab01_20211228_170133_2510777962_600_800.png,/scratch/parceirosbr/bigoilict/share/BigOil/document_generator/datasets/documents_2021_12_28/38tab01_20211228_170133_2510777962_600_800.png,38tab01_20211228_170133_2510777962_600_800_mask.png,Como este valor já estava definido 
99,8,198,16,231,697,429,713,231,697,429,700,429,713,231,710,text,table_text,table_1,opensans,bold,9.0,38tab01_20211228_170133_2510777962_600_800.png,/scratch/parceirosbr/bigoilict/share/BigOil/document_generator/datasets/documents_2021_12_28/38tab01_20211228_170133_2510777962_600_800.png,38tab01_20211228_170133_2510777962_600_800_mask.png,O compilador utilizado foi o gfortran versao 
99,8,198,16,231,697,429,713,231,697,429,700,429,713,231,710,sub_line_text,table_text,table_1,opensans,bold,9.0,38tab01_20211228_170133_2510777962_600_800.png,/scratch/parceirosbr/bigoilict/share/BigOil/document_generator/datasets/documents_2021_12_28/38tab01_20211228_170133_2510777962_600_800.png,38tab01_20211228_170133_2510777962_600_800_mask.png,O compilador utilizado foi o gfortran versao 
98,8,197,16,232,712,429,728,232,712,429,715,429,728,232,725,text,table_text,table_1,opensans,regular,9.0,38tab01_20211228_170133_2510777962_600_800.png,/scratch/parceirosbr/bigoilict/share/BigOil/document_generator/datasets/documents_2021_12_28/38tab01_20211228_170133_2510777962_600_800.png,38tab01_20211228_170133_2510777962_600_800_mask.png,Tanto no caso de material base como em juntas 
98,8,197,16,232,712,429,728,232,712,429,715,429,728,232,725,sub_line_text,table_text,table_1,opensans,regular,9.0,38tab01_20211228_170133_2510777962_600_800.png,/scratch/parceirosbr/bigoilict/share/BigOil/document_generator/datasets/documents_2021_12_28/38tab01_20211228_170133_2510777962_600_800.png,38tab01_20211228_170133_2510777962_600_800_mask.png,Tanto no caso de material base como em juntas 
41,7,82,15,460,701,542,716,460,701,542,703,542,716,460,714,text,table_text,table_1,opensans,bold,9.0,38tab01_20211228_170133_2510777962_600_800.png,/scratch/parceirosbr/bigoilict/share/BigOil/document_generator/datasets/documents_2021_12_28/38tab01_20211228_170133_2510777962_600_800.png,38tab01_20211228_170133_2510777962_600_800_mask.png,Fourier transform 
41,7,82,15,460,701,542,716,460,701,542,703,542,716,460,714,sub_line_text,table_text,table_1,opensans,bold,9.0,38tab01_20211228_170133_2510777962_600_800.png,/scratch/parceirosbr/bigoilict/share/BigOil/document_generator/datasets/documents_2021_12_28/38tab01_20211228_170133_2510777962_600_800.png,38tab01_20211228_170133_2510777962_600_800_mask.png,Fourier transform 
35,7,70,14,466,717,536,731,466,717,536,718,536,731,466,729,text,table_text,table_1,opensans,regular,9.0,38tab01_20211228_170133_2510777962_600_800.png,/scratch/parceirosbr/bigoilict/share/BigOil/document_generator/datasets/documents_2021_12_28/38tab01_20211228_170133_2510777962_600_800.png,38tab01_20211228_170133_2510777962_600_800_mask.png,"Estas interações, "
35,7,70,14,466,717,536,731,466,717,536,718,536,731,466,729,sub_line_text,table_text,table_1,opensans,regular,9.0,38tab01_20211228_170133_2510777962_600_800.png,/scratch/parceirosbr/bigoilict/share/BigOil/document_generator/datasets/documents_2021_12_28/38tab01_20211228_170133_2510777962_600_800.png,38tab01_20211228_170133_2510777962_600_800_mask.png,"Estas interações, "
253,172,506,345,51,208,557,553,57,208,557,216,551,553,51,545,table,table_image,table_2,opensans,regular,9.0,38tab01_20211228_170133_2510777962_600_800.png,/scratch/parceirosbr/bigoilict/share/BigOil/document_generator/datasets/documents_2021_12_28/38tab01_20211228_170133_2510777962_600_800.png,38tab01_20211228_170133_2510777962_600_800_mask.png,nan
34,7,68,14,76,210,144,224,76,210,144,211,144,224,76,223,text,table_text,table_2,opensans,italic,9.0,38tab01_20211228_170133_2510777962_600_800.png,/scratch/parceirosbr/bigoilict/share/BigOil/document_generator/datasets/documents_2021_12_28/38tab01_20211228_170133_2510777962_600_800.png,38tab01_20211228_170133_2510777962_600_800_mask.png,comportamentos
34,7,68,14,76,210,144,224,76,210,144,211,144,224,76,223,sub_line_text,table_text,table_2,opensans,italic,9.0,38tab01_20211228_170133_2510777962_600_800.png,/scratch/parceirosbr/bigoilict/share/BigOil/document_generator/datasets/documents_2021_12_28/38tab01_20211228_170133_2510777962_600_800.png,38tab01_20211228_170133_2510777962_600_800_mask.png,comportamentos
8,6,17,13,101,238,118,251,101,238,118,238,118,251,101,251,text,table_text,table_2,opensans,regular,9.0,38tab01_20211228_170133_2510777962_600_800.png,/scratch/parceirosbr/bigoilict/share/BigOil/document_generator/datasets/documents_2021_12_28/38tab01_20211228_170133_2510777962_600_800.png,38tab01_20211228_170133_2510777962_600_800_mask.png,pois
8,6,17,13,101,238,118,251,101,238,118,238,118,251,101,251,sub_line_text,table_text,table_2,opensans,regular,9.0,38tab01_20211228_170133_2510777962_600_800.png,/scratch/parceirosbr/bigoilict/share/BigOil/document_generator/datasets/documents_2021_12_28/38tab01_20211228_170133_2510777962_600_800.png,38tab01_20211228_170133_2510777962_600_800_mask.png,pois
21,6,42,13,88,253,130,266,89,253,130,253,129,266,88,266,text,table_text,table_2,opensans,regular,9.0,38tab01_20211228_170133_2510777962_600_800.png,/scratch/parceirosbr/bigoilict/share/BigOil/document_generator/datasets/documents_2021_12_28/38tab01_20211228_170133_2510777962_600_800.png,38tab01_20211228_170133_2510777962_600_800_mask.png,floculação
21,6,42,13,88,253,130,266,89,253,130,253,129,266,88,266,sub_line_text,table_text,table_2,opensans,regular,9.0,38tab01_20211228_170133_2510777962_600_800.png,/scratch/parceirosbr/bigoilict/share/BigOil/document_generator/datasets/documents_2021_12_28/38tab01_20211228_170133_2510777962_600_800.png,38tab01_20211228_170133_2510777962_600_800_mask.png,floculação
13,6,27,13,95,268,122,281,95,268,122,268,122,281,95,281,text,table_text,table_2,opensans,regular,9.0,38tab01_20211228_170133_2510777962_600_800.png,/scratch/parceirosbr/bigoilict/share/BigOil/document_generator/datasets/documents_2021_12_28/38tab01_20211228_170133_2510777962_600_800.png,38tab01_20211228_170133_2510777962_600_800_mask.png,possui
13,6,27,13,95,268,122,281,95,268,122,268,122,281,95,281,sub_line_text,table_text,table_2,opensans,regular,9.0,38tab01_20211228_170133_2510777962_600_800.png,/scratch/parceirosbr/bigoilict/share/BigOil/document_generator/datasets/documents_2021_12_28/38tab01_20211228_170133_2510777962_600_800.png,38tab01_20211228_170133_2510777962_600_800_mask.png,possui
23,6,47,13,85,283,132,296,85,283,132,283,132,296,85,296,text,table_text,table_2,opensans,regular,9.0,38tab01_20211228_170133_2510777962_600_800.png,/scratch/parceirosbr/bigoilict/share/BigOil/document_generator/datasets/documents_2021_12_28/38tab01_20211228_170133_2510777962_600_800.png,38tab01_20211228_170133_2510777962_600_800_mask.png,competirão
23,6,47,13,85,283,132,296,85,283,132,283,132,296,85,296,sub_line_text,table_text,table_2,opensans,regular,9.0,38tab01_20211228_170133_2510777962_600_800.png,/scratch/parceirosbr/bigoilict/share/BigOil/document_generator/datasets/documents_2021_12_28/38tab01_20211228_170133_2510777962_600_800.png,38tab01_20211228_170133_2510777962_600_800_mask.png,competirão
28,7,57,14,80,312,137,326,81,312,137,313,136,326,80,325,text,table_text,table_2,opensans,regular,9.0,38tab01_20211228_170133_2510777962_600_800.png,/scratch/parceirosbr/bigoilict/share/BigOil/document_generator/datasets/documents_2021_12_28/38tab01_20211228_170133_2510777962_600_800.png,38tab01_20211228_170133_2510777962_600_800_mask.png,desempenho
28,7,57,14,80,312,137,326,81,312,137,313,136,326,80,325,sub_line_text,table_text,table_2,opensans,regular,9.0,38tab01_20211228_170133_2510777962_600_800.png,/scratch/parceirosbr/bigoilict/share/BigOil/document_generator/datasets/documents_2021_12_28/38tab01_20211228_170133_2510777962_600_800.png,38tab01_20211228_170133_2510777962_600_800_mask.png,desempenho
9,6,18,13,98,336,116,349,98,336,116,336,116,349,98,349,text,table_text,table_2,opensans,regular,9.0,38tab01_20211228_170133_2510777962_600_800.png,/scratch/parceirosbr/bigoilict/share/BigOil/document_generator/datasets/documents_2021_12_28/38tab01_20211228_170133_2510777962_600_800.png,38tab01_20211228_170133_2510777962_600_800_mask.png,ficar
9,6,18,13,98,336,116,349,98,336,116,336,116,349,98,349,sub_line_text,table_text,table_2,opensans,regular,9.0,38tab01_20211228_170133_2510777962_600_800.png,/scratch/parceirosbr/bigoilict/share/BigOil/document_generator/datasets/documents_2021_12_28/38tab01_20211228_170133_2510777962_600_800.png,38tab01_20211228_170133_2510777962_600_800_mask.png,ficar
11,6,22,13,96,351,118,364,96,351,118,351,118,364,96,364,text,table_text,table_2,opensans,regular,9.0,38tab01_20211228_170133_2510777962_600_800.png,/scratch/parceirosbr/bigoilict/share/BigOil/document_generator/datasets/documents_2021_12_28/38tab01_20211228_170133_2510777962_600_800.png,38tab01_20211228_170133_2510777962_600_800_mask.png,pode
11,6,22,13,96,351,118,364,96,351,118,351,118,364,96,364,sub_line_text,table_text,table_2,opensans,regular,9.0,38tab01_20211228_170133_2510777962_600_800.png,/scratch/parceirosbr/bigoilict/share/BigOil/document_generator/datasets/documents_2021_12_28/38tab01_20211228_170133_2510777962_600_800.png,38tab01_20211228_170133_2510777962_600_800_mask.png,pode
25,7,50,14,81,380,131,394,81,380,131,381,131,394,81,393,text,table_text,table_2,opensans,regular,9.0,38tab01_20211228_170133_2510777962_600_800.png,/scratch/parceirosbr/bigoilict/share/BigOil/document_generator/datasets/documents_2021_12_28/38tab01_20211228_170133_2510777962_600_800.png,38tab01_20211228_170133_2510777962_600_800_mask.png,combustível
25,7,50,14,81,380,131,394,81,380,131,381,131,394,81,393,sub_line_text,table_text,table_2,opensans,regular,9.0,38tab01_20211228_170133_2510777962_600_800.png,/scratch/parceirosbr/bigoilict/share/BigOil/document_generator/datasets/documents_2021_12_28/38tab01_20211228_170133_2510777962_600_800.png,38tab01_20211228_170133_2510777962_600_800_mask.png,combustível
22,6,44,13,85,411,129,424,85,411,129,411,129,424,85,424,text,table_text,table_2,opensans,regular,9.0,38tab01_20211228_170133_2510777962_600_800.png,/scratch/parceirosbr/bigoilict/share/BigOil/document_generator/datasets/documents_2021_12_28/38tab01_20211228_170133_2510777962_600_800.png,38tab01_20211228_170133_2510777962_600_800_mask.png,vantagens
22,6,44,13,85,411,129,424,85,411,129,411,129,424,85,424,sub_line_text,table_text,table_2,opensans,regular,9.0,38tab01_20211228_170133_2510777962_600_800.png,/scratch/parceirosbr/bigoilict/share/BigOil/document_generator/datasets/documents_2021_12_28/38tab01_20211228_170133_2510777962_600_800.png,38tab01_20211228_170133_2510777962_600_800_mask.png,vantagens
17,6,35,13,89,426,124,439,89,426,124,426,124,439,89,439,text,table_text,table_2,opensans,regular,9.0,38tab01_20211228_170133_2510777962_600_800.png,/scratch/parceirosbr/bigoilict/share/BigOil/document_generator/datasets/documents_2021_12_28/38tab01_20211228_170133_2510777962_600_800.png,38tab01_20211228_170133_2510777962_600_800_mask.png,produto
17,6,35,13,89,426,124,439,89,426,124,426,124,439,89,439,sub_line_text,table_text,table_2,opensans,regular,9.0,38tab01_20211228_170133_2510777962_600_800.png,/scratch/parceirosbr/bigoilict/share/BigOil/document_generator/datasets/documents_2021_12_28/38tab01_20211228_170133_2510777962_600_800.png,38tab01_20211228_170133_2510777962_600_800_mask.png,produto
16,6,32,13,90,441,122,454,91,441,122,441,121,454,90,454,text,table_text,table_2,opensans,regular,9.0,38tab01_20211228_170133_2510777962_600_800.png,/scratch/parceirosbr/bigoilict/share/BigOil/document_generator/datasets/documents_2021_12_28/38tab01_20211228_170133_2510777962_600_800.png,38tab01_20211228_170133_2510777962_600_800_mask.png,oleifera
16,6,32,13,90,441,122,454,91,441,122,441,121,454,90,454,sub_line_text,table_text,table_2,opensans,regular,9.0,38tab01_20211228_170133_2510777962_600_800.png,/scratch/parceirosbr/bigoilict/share/BigOil/document_generator/datasets/documents_2021_12_28/38tab01_20211228_170133_2510777962_600_800.png,38tab01_20211228_170133_2510777962_600_800_mask.png,oleifera
25,7,50,14,80,455,130,469,80,455,130,456,130,469,80,468,text,table_text,table_2,opensans,regular,9.0,38tab01_20211228_170133_2510777962_600_800.png,/scratch/parceirosbr/bigoilict/share/BigOil/document_generator/datasets/documents_2021_12_28/38tab01_20211228_170133_2510777962_600_800.png,38tab01_20211228_170133_2510777962_600_800_mask.png,combustível
25,7,50,14,80,455,130,469,80,455,130,456,130,469,80,468,sub_line_text,table_text,table_2,opensans,regular,9.0,38tab01_20211228_170133_2510777962_600_800.png,/scratch/parceirosbr/bigoilict/share/BigOil/document_generator/datasets/documents_2021_12_28/38tab01_20211228_170133_2510777962_600_800.png,38tab01_20211228_170133_2510777962_600_800_mask.png,combustível
8,6,17,13,97,471,114,484,97,471,114,471,114,484,97,484,text,table_text,table_2,opensans,regular,9.0,38tab01_20211228_170133_2510777962_600_800.png,/scratch/parceirosbr/bigoilict/share/BigOil/document_generator/datasets/documents_2021_12_28/38tab01_20211228_170133_2510777962_600_800.png,38tab01_20211228_170133_2510777962_600_800_mask.png,fase
8,6,17,13,97,471,114,484,97,471,114,471,114,484,97,484,sub_line_text,table_text,table_2,opensans,regular,9.0,38tab01_20211228_170133_2510777962_600_800.png,/scratch/parceirosbr/bigoilict/share/BigOil/document_generator/datasets/documents_2021_12_28/38tab01_20211228_170133_2510777962_600_800.png,38tab01_20211228_170133_2510777962_600_800_mask.png,fase
17,6,35,13,88,486,123,499,88,486,123,486,123,499,88,499,text,table_text,table_2,opensans,regular,9.0,38tab01_20211228_170133_2510777962_600_800.png,/scratch/parceirosbr/bigoilict/share/BigOil/document_generator/datasets/documents_2021_12_28/38tab01_20211228_170133_2510777962_600_800.png,38tab01_20211228_170133_2510777962_600_800_mask.png,produto
17,6,35,13,88,486,123,499,88,486,123,486,123,499,88,499,sub_line_text,table_text,table_2,opensans,regular,9.0,38tab01_20211228_170133_2510777962_600_800.png,/scratch/parceirosbr/bigoilict/share/BigOil/document_generator/datasets/documents_2021_12_28/38tab01_20211228_170133_2510777962_600_800.png,38tab01_20211228_170133_2510777962_600_800_mask.png,produto
13,6,27,13,91,501,118,514,92,501,118,501,117,514,91,514,text,table_text,table_2,opensans,regular,9.0,38tab01_20211228_170133_2510777962_600_800.png,/scratch/parceirosbr/bigoilict/share/BigOil/document_generator/datasets/documents_2021_12_28/38tab01_20211228_170133_2510777962_600_800.png,38tab01_20211228_170133_2510777962_600_800_mask.png,custos
13,6,27,13,91,501,118,514,92,501,118,501,117,514,91,514,sub_line_text,table_text,table_2,opensans,regular,9.0,38tab01_20211228_170133_2510777962_600_800.png,/scratch/parceirosbr/bigoilict/share/BigOil/document_generator/datasets/documents_2021_12_28/38tab01_20211228_170133_2510777962_600_800.png,38tab01_20211228_170133_2510777962_600_800_mask.png,custos
18,6,36,13,87,516,123,529,87,516,123,516,123,529,87,529,text,table_text,table_2,opensans,regular,9.0,38tab01_20211228_170133_2510777962_600_800.png,/scratch/parceirosbr/bigoilict/share/BigOil/document_generator/datasets/documents_2021_12_28/38tab01_20211228_170133_2510777962_600_800.png,38tab01_20211228_170133_2510777962_600_800_mask.png,trabalho
18,6,36,13,87,516,123,529,87,516,123,516,123,529,87,529,sub_line_text,table_text,table_2,opensans,regular,9.0,38tab01_20211228_170133_2510777962_600_800.png,/scratch/parceirosbr/bigoilict/share/BigOil/document_generator/datasets/documents_2021_12_28/38tab01_20211228_170133_2510777962_600_800.png,38tab01_20211228_170133_2510777962_600_800_mask.png,trabalho
18,6,37,13,86,531,123,544,86,531,123,531,123,544,86,544,text,table_text,table_2,opensans,regular,9.0,38tab01_20211228_170133_2510777962_600_800.png,/scratch/parceirosbr/bigoilict/share/BigOil/document_generator/datasets/documents_2021_12_28/38tab01_20211228_170133_2510777962_600_800.png,38tab01_20211228_170133_2510777962_600_800_mask.png,mercado
18,6,37,13,86,531,123,544,86,531,123,531,123,544,86,544,sub_line_text,table_text,table_2,opensans,regular,9.0,38tab01_20211228_170133_2510777962_600_800.png,/scratch/parceirosbr/bigoilict/share/BigOil/document_generator/datasets/documents_2021_12_28/38tab01_20211228_170133_2510777962_600_800.png,38tab01_20211228_170133_2510777962_600_800_mask.png,mercado
34,7,68,14,186,212,254,226,186,212,254,213,254,226,186,225,text,table_text,table_2,opensans,italic,9.0,38tab01_20211228_170133_2510777962_600_800.png,/scratch/parceirosbr/bigoilict/share/BigOil/document_generator/datasets/documents_2021_12_28/38tab01_20211228_170133_2510777962_600_800.png,38tab01_20211228_170133_2510777962_600_800_mask.png,comportamentos
34,7,68,14,186,212,254,226,186,212,254,213,254,226,186,225,sub_line_text,table_text,table_2,opensans,italic,9.0,38tab01_20211228_170133_2510777962_600_800.png,/scratch/parceirosbr/bigoilict/share/BigOil/document_generator/datasets/documents_2021_12_28/38tab01_20211228_170133_2510777962_600_800.png,38tab01_20211228_170133_2510777962_600_800_mask.png,comportamentos
16,6,32,13,204,240,236,253,204,240,236,240,236,253,204,253,text,table_text,table_2,opensans,regular,9.0,38tab01_20211228_170133_2510777962_600_800.png,/scratch/parceirosbr/bigoilict/share/BigOil/document_generator/datasets/documents_2021_12_28/38tab01_20211228_170133_2510777962_600_800.png,38tab01_20211228_170133_2510777962_600_800_mask.png,4216.48
16,6,32,13,204,240,236,253,204,240,236,240,236,253,204,253,sub_line_text,table_text,table_2,opensans,regular,9.0,38tab01_20211228_170133_2510777962_600_800.png,/scratch/parceirosbr/bigoilict/share/BigOil/document_generator/datasets/documents_2021_12_28/38tab01_20211228_170133_2510777962_600_800.png,38tab01_20211228_170133_2510777962_600_800_mask.png,4216.48
19,7,38,14,201,254,239,268,202,254,239,255,238,268,201,267,text,table_text,table_2,opensans,regular,9.0,38tab01_20211228_170133_2510777962_600_800.png,/scratch/parceirosbr/bigoilict/share/BigOil/document_generator/datasets/documents_2021_12_28/38tab01_20211228_170133_2510777962_600_800.png,38tab01_20211228_170133_2510777962_600_800_mask.png,13787.98
19,7,38,14,201,254,239,268,202,254,239,255,238,268,201,267,sub_line_text,table_text,table_2,opensans,regular,9.0,38tab01_20211228_170133_2510777962_600_800.png,/scratch/parceirosbr/bigoilict/share/BigOil/document_generator/datasets/documents_2021_12_28/38tab01_20211228_170133_2510777962_600_800.png,38tab01_20211228_170133_2510777962_600_800_mask.png,13787.98
21,7,42,14,199,269,241,283,199,269,241,270,241,283,199,282,text,table_text,table_2,opensans,regular,9.0,38tab01_20211228_170133_2510777962_600_800.png,/scratch/parceirosbr/bigoilict/share/BigOil/document_generator/datasets/documents_2021_12_28/38tab01_20211228_170133_2510777962_600_800.png,38tab01_20211228_170133_2510777962_600_800_mask.png,414323.89
21,7,42,14,199,269,241,283,199,269,241,270,241,283,199,282,sub_line_text,table_text,table_2,opensans,regular,9.0,38tab01_20211228_170133_2510777962_600_800.png,/scratch/parceirosbr/bigoilict/share/BigOil/document_generator/datasets/documents_2021_12_28/38tab01_20211228_170133_2510777962_600_800.png,38tab01_20211228_170133_2510777962_600_800_mask.png,414323.89
18,7,37,14,201,284,238,298,201,284,238,285,238,298,201,297,text,table_text,table_2,opensans,regular,9.0,38tab01_20211228_170133_2510777962_600_800.png,/scratch/parceirosbr/bigoilict/share/BigOil/document_generator/datasets/documents_2021_12_28/38tab01_20211228_170133_2510777962_600_800.png,38tab01_20211228_170133_2510777962_600_800_mask.png,88184.44
18,7,37,14,201,284,238,298,201,284,238,285,238,298,201,297,sub_line_text,table_text,table_2,opensans,regular,9.0,38tab01_20211228_170133_2510777962_600_800.png,/scratch/parceirosbr/bigoilict/share/BigOil/document_generator/datasets/documents_2021_12_28/38tab01_20211228_170133_2510777962_600_800.png,38tab01_20211228_170133_2510777962_600_800_mask.png,88184.44
9,6,18,13,210,315,228,328,211,315,228,315,227,328,210,328,text,table_text,table_2,opensans,regular,9.0,38tab01_20211228_170133_2510777962_600_800.png,/scratch/parceirosbr/bigoilict/share/BigOil/document_generator/datasets/documents_2021_12_28/38tab01_20211228_170133_2510777962_600_800.png,38tab01_20211228_170133_2510777962_600_800_mask.png,3.26
9,6,18,13,210,315,228,328,211,315,228,315,227,328,210,328,sub_line_text,table_text,table_2,opensans,regular,9.0,38tab01_20211228_170133_2510777962_600_800.png,/scratch/parceirosbr/bigoilict/share/BigOil/document_generator/datasets/documents_2021_12_28/38tab01_20211228_170133_2510777962_600_800.png,38tab01_20211228_170133_2510777962_600_800_mask.png,3.26
21,7,42,14,198,337,240,351,198,337,240,338,240,351,198,350,text,table_text,table_2,opensans,regular,9.0,38tab01_20211228_170133_2510777962_600_800.png,/scratch/parceirosbr/bigoilict/share/BigOil/document_generator/datasets/documents_2021_12_28/38tab01_20211228_170133_2510777962_600_800.png,38tab01_20211228_170133_2510777962_600_800_mask.png,244755.56
21,7,42,14,198,337,240,351,198,337,240,338,240,351,198,350,sub_line_text,table_text,table_2,opensans,regular,9.0,38tab01_20211228_170133_2510777962_600_800.png,/scratch/parceirosbr/bigoilict/share/BigOil/document_generator/datasets/documents_2021_12_28/38tab01_20211228_170133_2510777962_600_800.png,38tab01_20211228_170133_2510777962_600_800_mask.png,244755.56
11,6,22,13,208,353,230,366,208,353,230,353,230,366,208,366,text,table_text,table_2,opensans,regular,9.0,38tab01_20211228_170133_2510777962_600_800.png,/scratch/parceirosbr/bigoilict/share/BigOil/document_generator/datasets/documents_2021_12_28/38tab01_20211228_170133_2510777962_600_800.png,38tab01_20211228_170133_2510777962_600_800_mask.png,10.41
11,6,22,13,208,353,230,366,208,353,230,353,230,366,208,366,sub_line_text,table_text,table_2,opensans,regular,9.0,38tab01_20211228_170133_2510777962_600_800.png,/scratch/parceirosbr/bigoilict/share/BigOil/document_generator/datasets/documents_2021_12_28/38tab01_20211228_170133_2510777962_600_800.png,38tab01_20211228_170133_2510777962_600_800_mask.png,10.41
18,7,37,14,199,382,236,396,199,382,236,383,236,396,199,395,text,table_text,table_2,opensans,regular,9.0,38tab01_20211228_170133_2510777962_600_800.png,/scratch/parceirosbr/bigoilict/share/BigOil/document_generator/datasets/documents_2021_12_28/38tab01_20211228_170133_2510777962_600_800.png,38tab01_20211228_170133_2510777962_600_800_mask.png,68783.23
18,7,37,14,199,382,236,396,199,382,236,383,236,396,199,395,sub_line_text,table_text,table_2,opensans,regular,9.0,38tab01_20211228_170133_2510777962_600_800.png,/scratch/parceirosbr/bigoilict/share/BigOil/document_generator/datasets/documents_2021_12_28/38tab01_20211228_170133_2510777962_600_800.png,38tab01_20211228_170133_2510777962_600_800_mask.png,68783.23
18,7,37,14,199,412,236,426,199,412,236,413,236,426,199,425,text,table_text,table_2,opensans,regular,9.0,38tab01_20211228_170133_2510777962_600_800.png,/scratch/parceirosbr/bigoilict/share/BigOil/document_generator/datasets/documents_2021_12_28/38tab01_20211228_170133_2510777962_600_800.png,38tab01_20211228_170133_2510777962_600_800_mask.png,81324.21
18,7,37,14,199,412,236,426,199,412,236,413,236,426,199,425,sub_line_text,table_text,table_2,opensans,regular,9.0,38tab01_20211228_170133_2510777962_600_800.png,/scratch/parceirosbr/bigoilict/share/BigOil/document_generator/datasets/documents_2021_12_28/38tab01_20211228_170133_2510777962_600_800.png,38tab01_20211228_170133_2510777962_600_800_mask.png,81324.21
18,7,37,14,199,427,236,441,199,427,236,428,236,441,199,440,text,table_text,table_2,opensans,regular,9.0,38tab01_20211228_170133_2510777962_600_800.png,/scratch/parceirosbr/bigoilict/share/BigOil/document_generator/datasets/documents_2021_12_28/38tab01_20211228_170133_2510777962_600_800.png,38tab01_20211228_170133_2510777962_600_800_mask.png,85885.67
18,7,37,14,199,427,236,441,199,427,236,428,236,441,199,440,sub_line_text,table_text,table_2,opensans,regular,9.0,38tab01_20211228_170133_2510777962_600_800.png,/scratch/parceirosbr/bigoilict/share/BigOil/document_generator/datasets/documents_2021_12_28/38tab01_20211228_170133_2510777962_600_800.png,38tab01_20211228_170133_2510777962_600_800_mask.png,85885.67
29,7,58,14,188,442,246,456,189,442,246,443,245,456,188,455,text,table_text,table_2,opensans,regular,9.0,38tab01_20211228_170133_2510777962_600_800.png,/scratch/parceirosbr/bigoilict/share/BigOil/document_generator/datasets/documents_2021_12_28/38tab01_20211228_170133_2510777962_600_800.png,38tab01_20211228_170133_2510777962_600_800_mask.png,207450076.88
29,7,58,14,188,442,246,456,189,442,246,443,245,456,188,455,sub_line_text,table_text,table_2,opensans,regular,9.0,38tab01_20211228_170133_2510777962_600_800.png,/scratch/parceirosbr/bigoilict/share/BigOil/document_generator/datasets/documents_2021_12_28/38tab01_20211228_170133_2510777962_600_800.png,38tab01_20211228_170133_2510777962_600_800_mask.png,207450076.88
13,6,27,13,203,458,230,471,203,458,230,458,230,471,203,471,text,table_text,table_2,opensans,regular,9.0,38tab01_20211228_170133_2510777962_600_800.png,/scratch/parceirosbr/bigoilict/share/BigOil/document_generator/datasets/documents_2021_12_28/38tab01_20211228_170133_2510777962_600_800.png,38tab01_20211228_170133_2510777962_600_800_mask.png,541.41
13,6,27,13,203,458,230,471,203,458,230,458,230,471,203,471,sub_line_text,table_text,table_2,opensans,regular,9.0,38tab01_20211228_170133_2510777962_600_800.png,/scratch/parceirosbr/bigoilict/share/BigOil/document_generator/datasets/documents_2021_12_28/38tab01_20211228_170133_2510777962_600_800.png,38tab01_20211228_170133_2510777962_600_800_mask.png,541.41
18,7,37,14,198,472,235,486,198,472,235,473,235,486,198,485,text,table_text,table_2,opensans,regular,9.0,38tab01_20211228_170133_2510777962_600_800.png,/scratch/parceirosbr/bigoilict/share/BigOil/document_generator/datasets/documents_2021_12_28/38tab01_20211228_170133_2510777962_600_800.png,38tab01_20211228_170133_2510777962_600_800_mask.png,97985.07
18,7,37,14,198,472,235,486,198,472,235,473,235,486,198,485,sub_line_text,table_text,table_2,opensans,regular,9.0,38tab01_20211228_170133_2510777962_600_800.png,/scratch/parceirosbr/bigoilict/share/BigOil/document_generator/datasets/documents_2021_12_28/38tab01_20211228_170133_2510777962_600_800.png,38tab01_20211228_170133_2510777962_600_800_mask.png,97985.07
8,6,17,13,208,488,225,501,208,488,225,488,225,501,208,501,text,table_text,table_2,opensans,regular,9.0,38tab01_20211228_170133_2510777962_600_800.png,/scratch/parceirosbr/bigoilict/share/BigOil/document_generator/datasets/documents_2021_12_28/38tab01_20211228_170133_2510777962_600_800.png,38tab01_20211228_170133_2510777962_600_800_mask.png,5.79
8,6,17,13,208,488,225,501,208,488,225,488,225,501,208,501,sub_line_text,table_text,table_2,opensans,regular,9.0,38tab01_20211228_170133_2510777962_600_800.png,/scratch/parceirosbr/bigoilict/share/BigOil/document_generator/datasets/documents_2021_12_28/38tab01_20211228_170133_2510777962_600_800.png,38tab01_20211228_170133_2510777962_600_800_mask.png,5.79
24,7,48,14,192,502,240,516,193,502,240,503,239,516,192,515,text,table_text,table_2,opensans,regular,9.0,38tab01_20211228_170133_2510777962_600_800.png,/scratch/parceirosbr/bigoilict/share/BigOil/document_generator/datasets/documents_2021_12_28/38tab01_20211228_170133_2510777962_600_800.png,38tab01_20211228_170133_2510777962_600_800_mask.png,5806389.10
24,7,48,14,192,502,240,516,193,502,240,503,239,516,192,515,sub_line_text,table_text,table_2,opensans,regular,9.0,38tab01_20211228_170133_2510777962_600_800.png,/scratch/parceirosbr/bigoilict/share/BigOil/document_generator/datasets/documents_2021_12_28/38tab01_20211228_170133_2510777962_600_800.png,38tab01_20211228_170133_2510777962_600_800_mask.png,5806389.10
18,7,37,14,197,517,234,531,197,517,234,518,234,531,197,530,text,table_text,table_2,opensans,regular,9.0,38tab01_20211228_170133_2510777962_600_800.png,/scratch/parceirosbr/bigoilict/share/BigOil/document_generator/datasets/documents_2021_12_28/38tab01_20211228_170133_2510777962_600_800.png,38tab01_20211228_170133_2510777962_600_800_mask.png,20377.33
18,7,37,14,197,517,234,531,197,517,234,518,234,531,197,530,sub_line_text,table_text,table_2,opensans,regular,9.0,38tab01_20211228_170133_2510777962_600_800.png,/scratch/parceirosbr/bigoilict/share/BigOil/document_generator/datasets/documents_2021_12_28/38tab01_20211228_170133_2510777962_600_800.png,38tab01_20211228_170133_2510777962_600_800_mask.png,20377.33
18,7,37,14,197,532,234,546,197,532,234,533,234,546,197,545,text,table_text,table_2,opensans,regular,9.0,38tab01_20211228_170133_2510777962_600_800.png,/scratch/parceirosbr/bigoilict/share/BigOil/document_generator/datasets/documents_2021_12_28/38tab01_20211228_170133_2510777962_600_800.png,38tab01_20211228_170133_2510777962_600_800_mask.png,92760.10
18,7,37,14,197,532,234,546,197,532,234,533,234,546,197,545,sub_line_text,table_text,table_2,opensans,regular,9.0,38tab01_20211228_170133_2510777962_600_800.png,/scratch/parceirosbr/bigoilict/share/BigOil/document_generator/datasets/documents_2021_12_28/38tab01_20211228_170133_2510777962_600_800.png,38tab01_20211228_170133_2510777962_600_800_mask.png,92760.10
26,7,53,14,305,214,358,228,305,214,358,215,358,228,305,227,text,table_text,table_2,opensans,italic,9.0,38tab01_20211228_170133_2510777962_600_800.png,/scratch/parceirosbr/bigoilict/share/BigOil/document_generator/datasets/documents_2021_12_28/38tab01_20211228_170133_2510777962_600_800.png,38tab01_20211228_170133_2510777962_600_800_mask.png,concentração
26,7,53,14,305,214,358,228,305,214,358,215,358,228,305,227,sub_line_text,table_text,table_2,opensans,italic,9.0,38tab01_20211228_170133_2510777962_600_800.png,/scratch/parceirosbr/bigoilict/share/BigOil/document_generator/datasets/documents_2021_12_28/38tab01_20211228_170133_2510777962_600_800.png,38tab01_20211228_170133_2510777962_600_800_mask.png,concentração
11,7,22,14,320,241,342,255,320,241,342,242,342,255,320,254,text,table_text,table_2,opensans,regular,9.0,38tab01_20211228_170133_2510777962_600_800.png,/scratch/parceirosbr/bigoilict/share/BigOil/document_generator/datasets/documents_2021_12_28/38tab01_20211228_170133_2510777962_600_800.png,38tab01_20211228_170133_2510777962_600_800_mask.png,87.82
11,7,22,14,320,241,342,255,320,241,342,242,342,255,320,254,sub_line_text,table_text,table_2,opensans,regular,9.0,38tab01_20211228_170133_2510777962_600_800.png,/scratch/parceirosbr/bigoilict/share/BigOil/document_generator/datasets/documents_2021_12_28/38tab01_20211228_170133_2510777962_600_800.png,38tab01_20211228_170133_2510777962_600_800_mask.png,87.82
19,7,38,14,312,256,350,270,313,256,350,257,349,270,312,269,text,table_text,table_2,opensans,regular,9.0,38tab01_20211228_170133_2510777962_600_800.png,/scratch/parceirosbr/bigoilict/share/BigOil/document_generator/datasets/documents_2021_12_28/38tab01_20211228_170133_2510777962_600_800.png,38tab01_20211228_170133_2510777962_600_800_mask.png,70984.77
19,7,38,14,312,256,350,270,313,256,350,257,349,270,312,269,sub_line_text,table_text,table_2,opensans,regular,9.0,38tab01_20211228_170133_2510777962_600_800.png,/scratch/parceirosbr/bigoilict/share/BigOil/document_generator/datasets/documents_2021_12_28/38tab01_20211228_170133_2510777962_600_800.png,38tab01_20211228_170133_2510777962_600_800_mask.png,70984.77
16,7,32,14,315,271,347,285,315,271,347,272,347,285,315,284,text,table_text,table_2,opensans,regular,9.0,38tab01_20211228_170133_2510777962_600_800.png,/scratch/parceirosbr/bigoilict/share/BigOil/document_generator/datasets/documents_2021_12_28/38tab01_20211228_170133_2510777962_600_800.png,38tab01_20211228_170133_2510777962_600_800_mask.png,1065.08
16,7,32,14,315,271,347,285,315,271,347,272,347,285,315,284,sub_line_text,table_text,table_2,opensans,regular,9.0,38tab01_20211228_170133_2510777962_600_800.png,/scratch/parceirosbr/bigoilict/share/BigOil/document_generator/datasets/documents_2021_12_28/38tab01_20211228_170133_2510777962_600_800.png,38tab01_20211228_170133_2510777962_600_800_mask.png,1065.08
21,7,42,14,309,286,351,300,309,286,351,287,351,300,309,299,text,table_text,table_2,opensans,regular,9.0,38tab01_20211228_170133_2510777962_600_800.png,/scratch/parceirosbr/bigoilict/share/BigOil/document_generator/datasets/documents_2021_12_28/38tab01_20211228_170133_2510777962_600_800.png,38tab01_20211228_170133_2510777962_600_800_mask.png,200823.96
21,7,42,14,309,286,351,300,309,286,351,287,351,300,309,299,sub_line_text,table_text,table_2,opensans,regular,9.0,38tab01_20211228_170133_2510777962_600_800.png,/scratch/parceirosbr/bigoilict/share/BigOil/document_generator/datasets/documents_2021_12_28/38tab01_20211228_170133_2510777962_600_800.png,38tab01_20211228_170133_2510777962_600_800_mask.png,200823.96
16,7,33,14,314,316,347,330,315,316,347,317,346,330,314,329,text,table_text,table_2,opensans,regular,9.0,38tab01_20211228_170133_2510777962_600_800.png,/scratch/parceirosbr/bigoilict/share/BigOil/document_generator/datasets/documents_2021_12_28/38tab01_20211228_170133_2510777962_600_800.png,38tab01_20211228_170133_2510777962_600_800_mask.png,1848.32
16,7,33,14,314,316,347,330,315,316,347,317,346,330,314,329,sub_line_text,table_text,table_2,opensans,regular,9.0,38tab01_20211228_170133_2510777962_600_800.png,/scratch/parceirosbr/bigoilict/share/BigOil/document_generator/datasets/documents_2021_12_28/38tab01_20211228_170133_2510777962_600_800.png,38tab01_20211228_170133_2510777962_600_800_mask.png,1848.32
21,7,42,14,308,339,350,353,308,339,350,340,350,353,308,352,text,table_text,table_2,opensans,regular,9.0,38tab01_20211228_170133_2510777962_600_800.png,/scratch/parceirosbr/bigoilict/share/BigOil/document_generator/datasets/documents_2021_12_28/38tab01_20211228_170133_2510777962_600_800.png,38tab01_20211228_170133_2510777962_600_800_mask.png,672451.37
21,7,42,14,308,339,350,353,308,339,350,340,350,353,308,352,sub_line_text,table_text,table_2,opensans,regular,9.0,38tab01_20211228_170133_2510777962_600_800.png,/scratch/parceirosbr/bigoilict/share/BigOil/document_generator/datasets/documents_2021_12_28/38tab01_20211228_170133_2510777962_600_800.png,38tab01_20211228_170133_2510777962_600_800_mask.png,672451.37
16,7,32,14,314,354,346,368,314,354,346,355,346,368,314,367,text,table_text,table_2,opensans,regular,9.0,38tab01_20211228_170133_2510777962_600_800.png,/scratch/parceirosbr/bigoilict/share/BigOil/document_generator/datasets/documents_2021_12_28/38tab01_20211228_170133_2510777962_600_800.png,38tab01_20211228_170133_2510777962_600_800_mask.png,4019.51
16,7,32,14,314,354,346,368,314,354,346,355,346,368,314,367,sub_line_text,table_text,table_2,opensans,regular,9.0,38tab01_20211228_170133_2510777962_600_800.png,/scratch/parceirosbr/bigoilict/share/BigOil/document_generator/datasets/documents_2021_12_28/38tab01_20211228_170133_2510777962_600_800.png,38tab01_20211228_170133_2510777962_600_800_mask.png,4019.51
23,7,47,14,305,384,352,398,305,384,352,385,352,398,305,397,text,table_text,table_2,opensans,regular,9.0,38tab01_20211228_170133_2510777962_600_800.png,/scratch/parceirosbr/bigoilict/share/BigOil/document_generator/datasets/documents_2021_12_28/38tab01_20211228_170133_2510777962_600_800.png,38tab01_20211228_170133_2510777962_600_800_mask.png,5268820.62
23,7,47,14,305,384,352,398,305,384,352,385,352,398,305,397,sub_line_text,table_text,table_2,opensans,regular,9.0,38tab01_20211228_170133_2510777962_600_800.png,/scratch/parceirosbr/bigoilict/share/BigOil/document_generator/datasets/documents_2021_12_28/38tab01_20211228_170133_2510777962_600_800.png,38tab01_20211228_170133_2510777962_600_800_mask.png,5268820.62
11,7,22,14,317,414,339,428,317,414,339,415,339,428,317,427,text,table_text,table_2,opensans,regular,9.0,38tab01_20211228_170133_2510777962_600_800.png,/scratch/parceirosbr/bigoilict/share/BigOil/document_generator/datasets/documents_2021_12_28/38tab01_20211228_170133_2510777962_600_800.png,38tab01_20211228_170133_2510777962_600_800_mask.png,19.72
11,7,22,14,317,414,339,428,317,414,339,415,339,428,317,427,sub_line_text,table_text,table_2,opensans,regular,9.0,38tab01_20211228_170133_2510777962_600_800.png,/scratch/parceirosbr/bigoilict/share/BigOil/document_generator/datasets/documents_2021_12_28/38tab01_20211228_170133_2510777962_600_800.png,38tab01_20211228_170133_2510777962_600_800_mask.png,19.72
8,6,17,13,320,430,337,443,320,430,337,430,337,443,320,443,text,table_text,table_2,opensans,regular,9.0,38tab01_20211228_170133_2510777962_600_800.png,/scratch/parceirosbr/bigoilict/share/BigOil/document_generator/datasets/documents_2021_12_28/38tab01_20211228_170133_2510777962_600_800.png,38tab01_20211228_170133_2510777962_600_800_mask.png,6.13
8,6,17,13,320,430,337,443,320,430,337,430,337,443,320,443,sub_line_text,table_text,table_2,opensans,regular,9.0,38tab01_20211228_170133_2510777962_600_800.png,/scratch/parceirosbr/bigoilict/share/BigOil/document_generator/datasets/documents_2021_12_28/38tab01_20211228_170133_2510777962_600_800.png,38tab01_20211228_170133_2510777962_600_800_mask.png,6.13
16,7,32,14,312,444,344,458,312,444,344,445,344,458,312,457,text,table_text,table_2,opensans,regular,9.0,38tab01_20211228_170133_2510777962_600_800.png,/scratch/parceirosbr/bigoilict/share/BigOil/document_generator/datasets/documents_2021_12_28/38tab01_20211228_170133_2510777962_600_800.png,38tab01_20211228_170133_2510777962_600_800_mask.png,3588.37
16,7,32,14,312,444,344,458,312,444,344,445,344,458,312,457,sub_line_text,table_text,table_2,opensans,regular,9.0,38tab01_20211228_170133_2510777962_600_800.png,/scratch/parceirosbr/bigoilict/share/BigOil/document_generator/datasets/documents_2021_12_28/38tab01_20211228_170133_2510777962_600_800.png,38tab01_20211228_170133_2510777962_600_800_mask.png,3588.37
16,7,32,14,312,459,344,473,312,459,344,460,344,473,312,472,text,table_text,table_2,opensans,regular,9.0,38tab01_20211228_170133_2510777962_600_800.png,/scratch/parceirosbr/bigoilict/share/BigOil/document_generator/datasets/documents_2021_12_28/38tab01_20211228_170133_2510777962_600_800.png,38tab01_20211228_170133_2510777962_600_800_mask.png,5449.73
16,7,32,14,312,459,344,473,312,459,344,460,344,473,312,472,sub_line_text,table_text,table_2,opensans,regular,9.0,38tab01_20211228_170133_2510777962_600_800.png,/scratch/parceirosbr/bigoilict/share/BigOil/document_generator/datasets/documents_2021_12_28/38tab01_20211228_170133_2510777962_600_800.png,38tab01_20211228_170133_2510777962_600_800_mask.png,5449.73
16,7,32,14,312,474,344,488,312,474,344,475,344,488,312,487,text,table_text,table_2,opensans,regular,9.0,38tab01_20211228_170133_2510777962_600_800.png,/scratch/parceirosbr/bigoilict/share/BigOil/document_generator/datasets/documents_2021_12_28/38tab01_20211228_170133_2510777962_600_800.png,38tab01_20211228_170133_2510777962_600_800_mask.png,2188.03
16,7,32,14,312,474,344,488,312,474,344,475,344,488,312,487,sub_line_text,table_text,table_2,opensans,regular,9.0,38tab01_20211228_170133_2510777962_600_800.png,/scratch/parceirosbr/bigoilict/share/BigOil/document_generator/datasets/documents_2021_12_28/38tab01_20211228_170133_2510777962_600_800.png,38tab01_20211228_170133_2510777962_600_800_mask.png,2188.03
8,6,17,13,319,490,336,503,319,490,336,490,336,503,319,503,text,table_text,table_2,opensans,regular,9.0,38tab01_20211228_170133_2510777962_600_800.png,/scratch/parceirosbr/bigoilict/share/BigOil/document_generator/datasets/documents_2021_12_28/38tab01_20211228_170133_2510777962_600_800.png,38tab01_20211228_170133_2510777962_600_800_mask.png,8.02
8,6,17,13,319,490,336,503,319,490,336,490,336,503,319,503,sub_line_text,table_text,table_2,opensans,regular,9.0,38tab01_20211228_170133_2510777962_600_800.png,/scratch/parceirosbr/bigoilict/share/BigOil/document_generator/datasets/documents_2021_12_28/38tab01_20211228_170133_2510777962_600_800.png,38tab01_20211228_170133_2510777962_600_800_mask.png,8.02
24,7,48,14,303,504,351,518,304,504,351,505,350,518,303,517,text,table_text,table_2,opensans,regular,9.0,38tab01_20211228_170133_2510777962_600_800.png,/scratch/parceirosbr/bigoilict/share/BigOil/document_generator/datasets/documents_2021_12_28/38tab01_20211228_170133_2510777962_600_800.png,38tab01_20211228_170133_2510777962_600_800_mask.png,4577555.67
24,7,48,14,303,504,351,518,304,504,351,505,350,518,303,517,sub_line_text,table_text,table_2,opensans,regular,9.0,38tab01_20211228_170133_2510777962_600_800.png,/scratch/parceirosbr/bigoilict/share/BigOil/document_generator/datasets/documents_2021_12_28/38tab01_20211228_170133_2510777962_600_800.png,38tab01_20211228_170133_2510777962_600_800_mask.png,4577555.67
23,7,47,14,303,519,350,533,303,519,350,520,350,533,303,532,text,table_text,table_2,opensans,regular,9.0,38tab01_20211228_170133_2510777962_600_800.png,/scratch/parceirosbr/bigoilict/share/BigOil/document_generator/datasets/documents_2021_12_28/38tab01_20211228_170133_2510777962_600_800.png,38tab01_20211228_170133_2510777962_600_800_mask.png,4257267.97
23,7,47,14,303,519,350,533,303,519,350,520,350,533,303,532,sub_line_text,table_text,table_2,opensans,regular,9.0,38tab01_20211228_170133_2510777962_600_800.png,/scratch/parceirosbr/bigoilict/share/BigOil/document_generator/datasets/documents_2021_12_28/38tab01_20211228_170133_2510777962_600_800.png,38tab01_20211228_170133_2510777962_600_800_mask.png,4257267.97
8,6,17,13,318,535,335,548,318,535,335,535,335,548,318,548,text,table_text,table_2,opensans,regular,9.0,38tab01_20211228_170133_2510777962_600_800.png,/scratch/parceirosbr/bigoilict/share/BigOil/document_generator/datasets/documents_2021_12_28/38tab01_20211228_170133_2510777962_600_800.png,38tab01_20211228_170133_2510777962_600_800_mask.png,2.98
8,6,17,13,318,535,335,548,318,535,335,535,335,548,318,548,sub_line_text,table_text,table_2,opensans,regular,9.0,38tab01_20211228_170133_2510777962_600_800.png,/scratch/parceirosbr/bigoilict/share/BigOil/document_generator/datasets/documents_2021_12_28/38tab01_20211228_170133_2510777962_600_800.png,38tab01_20211228_170133_2510777962_600_800_mask.png,2.98
8,6,17,13,462,217,479,230,462,217,479,217,479,230,462,230,text,table_text,table_2,opensans,italic,9.0,38tab01_20211228_170133_2510777962_600_800.png,/scratch/parceirosbr/bigoilict/share/BigOil/document_generator/datasets/documents_2021_12_28/38tab01_20211228_170133_2510777962_600_800.png,38tab01_20211228_170133_2510777962_600_800_mask.png,país
8,6,17,13,462,217,479,230,462,217,479,217,479,230,462,230,sub_line_text,table_text,table_2,opensans,italic,9.0,38tab01_20211228_170133_2510777962_600_800.png,/scratch/parceirosbr/bigoilict/share/BigOil/document_generator/datasets/documents_2021_12_28/38tab01_20211228_170133_2510777962_600_800.png,38tab01_20211228_170133_2510777962_600_800_mask.png,país
28,7,57,14,442,243,499,257,442,243,499,244,499,257,442,256,text,table_text,table_2,opensans,regular,9.0,38tab01_20211228_170133_2510777962_600_800.png,/scratch/parceirosbr/bigoilict/share/BigOil/document_generator/datasets/documents_2021_12_28/38tab01_20211228_170133_2510777962_600_800.png,38tab01_20211228_170133_2510777962_600_800_mask.png,755079266.98
28,7,57,14,442,243,499,257,442,243,499,244,499,257,442,256,sub_line_text,table_text,table_2,opensans,regular,9.0,38tab01_20211228_170133_2510777962_600_800.png,/scratch/parceirosbr/bigoilict/share/BigOil/document_generator/datasets/documents_2021_12_28/38tab01_20211228_170133_2510777962_600_800.png,38tab01_20211228_170133_2510777962_600_800_mask.png,755079266.98
23,7,47,14,445,258,492,272,445,258,492,259,492,272,445,271,text,table_text,table_2,opensans,regular,9.0,38tab01_20211228_170133_2510777962_600_800.png,/scratch/parceirosbr/bigoilict/share/BigOil/document_generator/datasets/documents_2021_12_28/38tab01_20211228_170133_2510777962_600_800.png,38tab01_20211228_170133_2510777962_600_800_mask.png,2281552.24
23,7,47,14,445,258,492,272,445,258,492,259,492,272,445,271,sub_line_text,table_text,table_2,opensans,regular,9.0,38tab01_20211228_170133_2510777962_600_800.png,/scratch/parceirosbr/bigoilict/share/BigOil/document_generator/datasets/documents_2021_12_28/38tab01_20211228_170133_2510777962_600_800.png,38tab01_20211228_170133_2510777962_600_800_mask.png,2281552.24
13,6,27,13,455,274,482,287,455,274,482,274,482,287,455,287,text,table_text,table_2,opensans,regular,9.0,38tab01_20211228_170133_2510777962_600_800.png,/scratch/parceirosbr/bigoilict/share/BigOil/document_generator/datasets/documents_2021_12_28/38tab01_20211228_170133_2510777962_600_800.png,38tab01_20211228_170133_2510777962_600_800_mask.png,694.57
13,6,27,13,455,274,482,287,455,274,482,274,482,287,455,287,sub_line_text,table_text,table_2,opensans,regular,9.0,38tab01_20211228_170133_2510777962_600_800.png,/scratch/parceirosbr/bigoilict/share/BigOil/document_generator/datasets/documents_2021_12_28/38tab01_20211228_170133_2510777962_600_800.png,38tab01_20211228_170133_2510777962_600_800_mask.png,694.57
18,7,37,14,451,288,488,302,451,288,488,289,488,302,451,301,text,table_text,table_2,opensans,regular,9.0,38tab01_20211228_170133_2510777962_600_800.png,/scratch/parceirosbr/bigoilict/share/BigOil/document_generator/datasets/documents_2021_12_28/38tab01_20211228_170133_2510777962_600_800.png,38tab01_20211228_170133_2510777962_600_800_mask.png,59276.74
18,7,37,14,451,288,488,302,451,288,488,289,488,302,451,301,sub_line_text,table_text,table_2,opensans,regular,9.0,38tab01_20211228_170133_2510777962_600_800.png,/scratch/parceirosbr/bigoilict/share/BigOil/document_generator/datasets/documents_2021_12_28/38tab01_20211228_170133_2510777962_600_800.png,38tab01_20211228_170133_2510777962_600_800_mask.png,59276.74
34,7,68,14,434,318,502,332,435,318,502,319,501,332,434,331,text,table_text,table_2,opensans,regular,9.0,38tab01_20211228_170133_2510777962_600_800.png,/scratch/parceirosbr/bigoilict/share/BigOil/document_generator/datasets/documents_2021_12_28/38tab01_20211228_170133_2510777962_600_800.png,38tab01_20211228_170133_2510777962_600_800_mask.png,72967112633.79
34,7,68,14,434,318,502,332,435,318,502,319,501,332,434,331,sub_line_text,table_text,table_2,opensans,regular,9.0,38tab01_20211228_170133_2510777962_600_800.png,/scratch/parceirosbr/bigoilict/share/BigOil/document_generator/datasets/documents_2021_12_28/38tab01_20211228_170133_2510777962_600_800.png,38tab01_20211228_170133_2510777962_600_800_mask.png,72967112633.79
21,7,42,14,447,341,489,355,447,341,489,342,489,355,447,354,text,table_text,table_2,opensans,regular,9.0,38tab01_20211228_170133_2510777962_600_800.png,/scratch/parceirosbr/bigoilict/share/BigOil/document_generator/datasets/documents_2021_12_28/38tab01_20211228_170133_2510777962_600_800.png,38tab01_20211228_170133_2510777962_600_800_mask.png,544504.67
21,7,42,14,447,341,489,355,447,341,489,342,489,355,447,354,sub_line_text,table_text,table_2,opensans,regular,9.0,38tab01_20211228_170133_2510777962_600_800.png,/scratch/parceirosbr/bigoilict/share/BigOil/document_generator/datasets/documents_2021_12_28/38tab01_20211228_170133_2510777962_600_800.png,38tab01_20211228_170133_2510777962_600_800_mask.png,544504.67
21,7,42,14,447,356,489,370,447,356,489,357,489,370,447,369,text,table_text,table_2,opensans,regular,9.0,38tab01_20211228_170133_2510777962_600_800.png,/scratch/parceirosbr/bigoilict/share/BigOil/document_generator/datasets/documents_2021_12_28/38tab01_20211228_170133_2510777962_600_800.png,38tab01_20211228_170133_2510777962_600_800_mask.png,375760.22
21,7,42,14,447,356,489,370,447,356,489,357,489,370,447,369,sub_line_text,table_text,table_2,opensans,regular,9.0,38tab01_20211228_170133_2510777962_600_800.png,/scratch/parceirosbr/bigoilict/share/BigOil/document_generator/datasets/documents_2021_12_28/38tab01_20211228_170133_2510777962_600_800.png,38tab01_20211228_170133_2510777962_600_800_mask.png,375760.22
11,6,22,13,456,387,478,400,456,387,478,387,478,400,456,400,text,table_text,table_2,opensans,regular,9.0,38tab01_20211228_170133_2510777962_600_800.png,/scratch/parceirosbr/bigoilict/share/BigOil/document_generator/datasets/documents_2021_12_28/38tab01_20211228_170133_2510777962_600_800.png,38tab01_20211228_170133_2510777962_600_800_mask.png,64.10
11,6,22,13,456,387,478,400,456,387,478,387,478,400,456,400,sub_line_text,table_text,table_2,opensans,regular,9.0,38tab01_20211228_170133_2510777962_600_800.png,/scratch/parceirosbr/bigoilict/share/BigOil/document_generator/datasets/documents_2021_12_28/38tab01_20211228_170133_2510777962_600_800.png,38tab01_20211228_170133_2510777962_600_800_mask.png,64.10
21,7,42,14,446,416,488,430,446,416,488,417,488,430,446,429,text,table_text,table_2,opensans,regular,9.0,38tab01_20211228_170133_2510777962_600_800.png,/scratch/parceirosbr/bigoilict/share/BigOil/document_generator/datasets/documents_2021_12_28/38tab01_20211228_170133_2510777962_600_800.png,38tab01_20211228_170133_2510777962_600_800_mask.png,167256.42
21,7,42,14,446,416,488,430,446,416,488,417,488,430,446,429,sub_line_text,table_text,table_2,opensans,regular,9.0,38tab01_20211228_170133_2510777962_600_800.png,/scratch/parceirosbr/bigoilict/share/BigOil/document_generator/datasets/documents_2021_12_28/38tab01_20211228_170133_2510777962_600_800.png,38tab01_20211228_170133_2510777962_600_800_mask.png,167256.42
26,7,52,14,441,431,493,445,441,431,493,432,493,445,441,444,text,table_text,table_2,opensans,regular,9.0,38tab01_20211228_170133_2510777962_600_800.png,/scratch/parceirosbr/bigoilict/share/BigOil/document_generator/datasets/documents_2021_12_28/38tab01_20211228_170133_2510777962_600_800.png,38tab01_20211228_170133_2510777962_600_800_mask.png,56327027.40
26,7,52,14,441,431,493,445,441,431,493,432,493,445,441,444,sub_line_text,table_text,table_2,opensans,regular,9.0,38tab01_20211228_170133_2510777962_600_800.png,/scratch/parceirosbr/bigoilict/share/BigOil/document_generator/datasets/documents_2021_12_28/38tab01_20211228_170133_2510777962_600_800.png,38tab01_20211228_170133_2510777962_600_800_mask.png,56327027.40
16,6,32,13,450,447,482,460,450,447,482,447,482,460,450,460,text,table_text,table_2,opensans,regular,9.0,38tab01_20211228_170133_2510777962_600_800.png,/scratch/parceirosbr/bigoilict/share/BigOil/document_generator/datasets/documents_2021_12_28/38tab01_20211228_170133_2510777962_600_800.png,38tab01_20211228_170133_2510777962_600_800_mask.png,6457.37
16,6,32,13,450,447,482,460,450,447,482,447,482,460,450,460,sub_line_text,table_text,table_2,opensans,regular,9.0,38tab01_20211228_170133_2510777962_600_800.png,/scratch/parceirosbr/bigoilict/share/BigOil/document_generator/datasets/documents_2021_12_28/38tab01_20211228_170133_2510777962_600_800.png,38tab01_20211228_170133_2510777962_600_800_mask.png,6457.37
21,7,42,14,445,461,487,475,445,461,487,462,487,475,445,474,text,table_text,table_2,opensans,regular,9.0,38tab01_20211228_170133_2510777962_600_800.png,/scratch/parceirosbr/bigoilict/share/BigOil/document_generator/datasets/documents_2021_12_28/38tab01_20211228_170133_2510777962_600_800.png,38tab01_20211228_170133_2510777962_600_800_mask.png,458575.62
21,7,42,14,445,461,487,475,445,461,487,462,487,475,445,474,sub_line_text,table_text,table_2,opensans,regular,9.0,38tab01_20211228_170133_2510777962_600_800.png,/scratch/parceirosbr/bigoilict/share/BigOil/document_generator/datasets/documents_2021_12_28/38tab01_20211228_170133_2510777962_600_800.png,38tab01_20211228_170133_2510777962_600_800_mask.png,458575.62
21,7,42,14,445,476,487,490,445,476,487,477,487,490,445,489,text,table_text,table_2,opensans,regular,9.0,38tab01_20211228_170133_2510777962_600_800.png,/scratch/parceirosbr/bigoilict/share/BigOil/document_generator/datasets/documents_2021_12_28/38tab01_20211228_170133_2510777962_600_800.png,38tab01_20211228_170133_2510777962_600_800_mask.png,180852.80
21,7,42,14,445,476,487,490,445,476,487,477,487,490,445,489,sub_line_text,table_text,table_2,opensans,regular,9.0,38tab01_20211228_170133_2510777962_600_800.png,/scratch/parceirosbr/bigoilict/share/BigOil/document_generator/datasets/documents_2021_12_28/38tab01_20211228_170133_2510777962_600_800.png,38tab01_20211228_170133_2510777962_600_800_mask.png,180852.80
13,6,27,13,452,492,479,505,452,492,479,492,479,505,452,505,text,table_text,table_2,opensans,regular,9.0,38tab01_20211228_170133_2510777962_600_800.png,/scratch/parceirosbr/bigoilict/share/BigOil/document_generator/datasets/documents_2021_12_28/38tab01_20211228_170133_2510777962_600_800.png,38tab01_20211228_170133_2510777962_600_800_mask.png,568.27
13,6,27,13,452,492,479,505,452,492,479,492,479,505,452,505,sub_line_text,table_text,table_2,opensans,regular,9.0,38tab01_20211228_170133_2510777962_600_800.png,/scratch/parceirosbr/bigoilict/share/BigOil/document_generator/datasets/documents_2021_12_28/38tab01_20211228_170133_2510777962_600_800.png,38tab01_20211228_170133_2510777962_600_800_mask.png,568.27
21,7,43,14,444,506,487,520,445,506,487,507,486,520,444,519,text,table_text,table_2,opensans,regular,9.0,38tab01_20211228_170133_2510777962_600_800.png,/scratch/parceirosbr/bigoilict/share/BigOil/document_generator/datasets/documents_2021_12_28/38tab01_20211228_170133_2510777962_600_800.png,38tab01_20211228_170133_2510777962_600_800_mask.png,584348.83
21,7,43,14,444,506,487,520,445,506,487,507,486,520,444,519,sub_line_text,table_text,table_2,opensans,regular,9.0,38tab01_20211228_170133_2510777962_600_800.png,/scratch/parceirosbr/bigoilict/share/BigOil/document_generator/datasets/documents_2021_12_28/38tab01_20211228_170133_2510777962_600_800.png,38tab01_20211228_170133_2510777962_600_800_mask.png,584348.83
31,7,62,14,434,521,496,535,434,521,496,522,496,535,434,534,text,table_text,table_2,opensans,regular,9.0,38tab01_20211228_170133_2510777962_600_800.png,/scratch/parceirosbr/bigoilict/share/BigOil/document_generator/datasets/documents_2021_12_28/38tab01_20211228_170133_2510777962_600_800.png,38tab01_20211228_170133_2510777962_600_800_mask.png,8021036266.76
31,7,62,14,434,521,496,535,434,521,496,522,496,535,434,534,sub_line_text,table_text,table_2,opensans,regular,9.0,38tab01_20211228_170133_2510777962_600_800.png,/scratch/parceirosbr/bigoilict/share/BigOil/document_generator/datasets/documents_2021_12_28/38tab01_20211228_170133_2510777962_600_800.png,38tab01_20211228_170133_2510777962_600_800_mask.png,8021036266.76
21,7,42,14,444,536,486,550,444,536,486,537,486,550,444,549,text,table_text,table_2,opensans,regular,9.0,38tab01_20211228_170133_2510777962_600_800.png,/scratch/parceirosbr/bigoilict/share/BigOil/document_generator/datasets/documents_2021_12_28/38tab01_20211228_170133_2510777962_600_800.png,38tab01_20211228_170133_2510777962_600_800_mask.png,931972.24
21,7,42,14,444,536,486,550,444,536,486,537,486,550,444,549,sub_line_text,table_text,table_2,opensans,regular,9.0,38tab01_20211228_170133_2510777962_600_800.png,/scratch/parceirosbr/bigoilict/share/BigOil/document_generator/datasets/documents_2021_12_28/38tab01_20211228_170133_2510777962_600_800.png,38tab01_20211228_170133_2510777962_600_800_mask.png,931972.24
245,10,491,21,48,576,539,597,48,576,539,584,539,597,48,589,sub_line_text,text,text_0,opensans,regular,9,38tab01_20211228_170133_2510777962_600_800.png,/scratch/parceirosbr/bigoilict/share/BigOil/document_generator/datasets/documents_2021_12_28/38tab01_20211228_170133_2510777962_600_800.png,38tab01_20211228_170133_2510777962_600_800_mask.png,"Logo, o gradiente de pressão total é a soma das parcelas de cada gradiente de pressão no duto. Já de 2009 a 2012, o foi."
245,10,491,21,48,576,539,597,48,576,539,584,539,597,48,589,text,text,text_0,opensans,regular,9,38tab01_20211228_170133_2510777962_600_800.png,/scratch/parceirosbr/bigoilict/share/BigOil/document_generator/datasets/documents_2021_12_28/38tab01_20211228_170133_2510777962_600_800.png,38tab01_20211228_170133_2510777962_600_800_mask.png,nan
181,12,363,24,116,604,479,628,116,604,479,609,479,628,116,623,sub_line_text,title,title_0,opensans,italic,14,38tab01_20211228_170133_2510777962_600_800.png,/scratch/parceirosbr/bigoilict/share/BigOil/document_generator/datasets/documents_2021_12_28/38tab01_20211228_170133_2510777962_600_800.png,38tab01_20211228_170133_2510777962_600_800_mask.png,"O recurso autorizado serão adquiridos bancadas, capelas"
181,12,363,24,116,604,479,628,116,604,479,609,479,628,116,623,title,title,title_0,opensans,italic,14,38tab01_20211228_170133_2510777962_600_800.png,/scratch/parceirosbr/bigoilict/share/BigOil/document_generator/datasets/documents_2021_12_28/38tab01_20211228_170133_2510777962_600_800.png,38tab01_20211228_170133_2510777962_600_800_mask.png,nan
126,11,252,22,171,622,423,644,172,622,423,626,422,644,171,640,sub_line_text,subtitle,subtitle_0,opensans,bolditalic,13,38tab01_20211228_170133_2510777962_600_800.png,/scratch/parceirosbr/bigoilict/share/BigOil/document_generator/datasets/documents_2021_12_28/38tab01_20211228_170133_2510777962_600_800.png,38tab01_20211228_170133_2510777962_600_800_mask.png,Relatórios contábeis uma empresa opere
126,11,252,22,171,622,423,644,172,622,423,626,422,644,171,640,title,subtitle,subtitle_0,opensans,bolditalic,13,38tab01_20211228_170133_2510777962_600_800.png,/scratch/parceirosbr/bigoilict/share/BigOil/document_generator/datasets/documents_2021_12_28/38tab01_20211228_170133_2510777962_600_800.png,38tab01_20211228_170133_2510777962_600_800_mask.png,nan
249,10,499,21,47,639,546,660,47,639,546,647,546,660,47,652,sub_line_text,text,text_1,opensans,regular,9,38tab01_20211228_170133_2510777962_600_800.png,/scratch/parceirosbr/bigoilict/share/BigOil/document_generator/datasets/documents_2021_12_28/38tab01_20211228_170133_2510777962_600_800.png,38tab01_20211228_170133_2510777962_600_800_mask.png,"Essa  situação  dificultou  o  estabelecimento  das  práticas  de  cartel,  impedindo  o  cumprimento  das  metas  de cotas de"
249,10,499,21,47,639,546,660,47,639,546,647,546,660,47,652,text,text,text_1,opensans,regular,9,38tab01_20211228_170133_2510777962_600_800.png,/scratch/parceirosbr/bigoilict/share/BigOil/document_generator/datasets/documents_2021_12_28/38tab01_20211228_170133_2510777962_600_800.png,38tab01_20211228_170133_2510777962_600_800_mask.png,nan
