center_x,center_y,width,height,xmin,ymin,xmax,ymax,top_left_x,top_left_y,top_right_x,top_right_y,bottom_right_x,bottom_right_y,bottom_left_x,bottom_left_y,label,grouplabel,group,text_font,text_style,size_font,filename,path,filename_mask,content
300,400,600,800,0,0,600,800,0,0,600,0,600,800,0,800,document,,,,,,38tab01_20211228_170122_2190652412_600_800.png,/scratch/parceirosbr/bigoilict/share/BigOil/document_generator/datasets/documents_2021_12_28/38tab01_20211228_170122_2190652412_600_800.png,38tab01_20211228_170122_2190652412_600_800_mask.png,
249,46,498,93,45,72,543,165,45,72,543,72,543,165,45,165,table,header,table_0,arial,regular,8.0,38tab01_20211228_170122_2190652412_600_800.png,/scratch/parceirosbr/bigoilict/share/BigOil/document_generator/datasets/documents_2021_12_28/38tab01_20211228_170122_2190652412_600_800.png,38tab01_20211228_170122_2190652412_600_800_mask.png,nan
147,6,295,13,63,74,358,87,63,74,358,74,358,87,63,87,text,table_text,table_0,arial,bold,12.0,38tab01_20211228_170122_2190652412_600_800.png,/scratch/parceirosbr/bigoilict/share/BigOil/document_generator/datasets/documents_2021_12_28/38tab01_20211228_170122_2190652412_600_800.png,38tab01_20211228_170122_2190652412_600_800_mask.png,"As fontes renováveis intermitentes, principalmente "
147,6,295,13,63,74,358,87,63,74,358,74,358,87,63,87,sub_line_text,table_text,table_0,arial,bold,12.0,38tab01_20211228_170122_2190652412_600_800.png,/scratch/parceirosbr/bigoilict/share/BigOil/document_generator/datasets/documents_2021_12_28/38tab01_20211228_170122_2190652412_600_800.png,38tab01_20211228_170122_2190652412_600_800_mask.png,"As fontes renováveis intermitentes, principalmente "
148,6,296,12,63,100,359,112,63,100,359,100,359,112,63,112,text,table_text,table_0,arial,bolditalic,10.0,38tab01_20211228_170122_2190652412_600_800.png,/scratch/parceirosbr/bigoilict/share/BigOil/document_generator/datasets/documents_2021_12_28/38tab01_20211228_170122_2190652412_600_800.png,38tab01_20211228_170122_2190652412_600_800_mask.png,"n 430, de 2011 no que se refere ao lançamento de efluentes "
148,6,296,12,63,100,359,112,63,100,359,100,359,112,63,112,sub_line_text,table_text,table_0,arial,bolditalic,10.0,38tab01_20211228_170122_2190652412_600_800.png,/scratch/parceirosbr/bigoilict/share/BigOil/document_generator/datasets/documents_2021_12_28/38tab01_20211228_170122_2190652412_600_800.png,38tab01_20211228_170122_2190652412_600_800_mask.png,"n 430, de 2011 no que se refere ao lançamento de efluentes "
139,6,278,12,71,120,349,132,71,120,349,120,349,132,71,132,text,table_text,table_0,arial,bolditalic,10.0,38tab01_20211228_170122_2190652412_600_800.png,/scratch/parceirosbr/bigoilict/share/BigOil/document_generator/datasets/documents_2021_12_28/38tab01_20211228_170122_2190652412_600_800.png,38tab01_20211228_170122_2190652412_600_800_mask.png,"De um modo geral, a diminuição na velocidade especial "
139,6,278,12,71,120,349,132,71,120,349,120,349,132,71,132,sub_line_text,table_text,table_0,arial,bolditalic,10.0,38tab01_20211228_170122_2190652412_600_800.png,/scratch/parceirosbr/bigoilict/share/BigOil/document_generator/datasets/documents_2021_12_28/38tab01_20211228_170122_2190652412_600_800.png,38tab01_20211228_170122_2190652412_600_800_mask.png,"De um modo geral, a diminuição na velocidade especial "
13,5,26,11,446,74,472,85,446,74,472,74,472,85,446,85,text,table_text,table_0,arial,bold,9.0,38tab01_20211228_170122_2190652412_600_800.png,/scratch/parceirosbr/bigoilict/share/BigOil/document_generator/datasets/documents_2021_12_28/38tab01_20211228_170122_2190652412_600_800.png,38tab01_20211228_170122_2190652412_600_800_mask.png,tendo
13,5,26,11,446,74,472,85,446,74,472,74,472,85,446,85,sub_line_text,table_text,table_0,arial,bold,9.0,38tab01_20211228_170122_2190652412_600_800.png,/scratch/parceirosbr/bigoilict/share/BigOil/document_generator/datasets/documents_2021_12_28/38tab01_20211228_170122_2190652412_600_800.png,38tab01_20211228_170122_2190652412_600_800_mask.png,tendo
8,3,16,6,378,100,394,106,378,100,394,100,394,106,378,106,text,table_text,table_0,arial,regular,5.0,38tab01_20211228_170122_2190652412_600_800.png,/scratch/parceirosbr/bigoilict/share/BigOil/document_generator/datasets/documents_2021_12_28/38tab01_20211228_170122_2190652412_600_800.png,38tab01_20211228_170122_2190652412_600_800_mask.png,distinto
8,3,16,6,378,100,394,106,378,100,394,100,394,106,378,106,sub_line_text,table_text,table_0,arial,regular,5.0,38tab01_20211228_170122_2190652412_600_800.png,/scratch/parceirosbr/bigoilict/share/BigOil/document_generator/datasets/documents_2021_12_28/38tab01_20211228_170122_2190652412_600_800.png,38tab01_20211228_170122_2190652412_600_800_mask.png,distinto
9,3,18,6,378,120,396,126,378,120,396,120,396,126,378,126,text,table_text,table_0,arial,regular,5.0,38tab01_20211228_170122_2190652412_600_800.png,/scratch/parceirosbr/bigoilict/share/BigOil/document_generator/datasets/documents_2021_12_28/38tab01_20211228_170122_2190652412_600_800.png,38tab01_20211228_170122_2190652412_600_800_mask.png,direção
9,3,18,6,378,120,396,126,378,120,396,120,396,126,378,126,sub_line_text,table_text,table_0,arial,regular,5.0,38tab01_20211228_170122_2190652412_600_800.png,/scratch/parceirosbr/bigoilict/share/BigOil/document_generator/datasets/documents_2021_12_28/38tab01_20211228_170122_2190652412_600_800.png,38tab01_20211228_170122_2190652412_600_800_mask.png,direção
5,3,11,6,378,146,389,152,378,146,389,146,389,152,378,152,text,table_text,table_0,arial,regular,5.0,38tab01_20211228_170122_2190652412_600_800.png,/scratch/parceirosbr/bigoilict/share/BigOil/document_generator/datasets/documents_2021_12_28/38tab01_20211228_170122_2190652412_600_800.png,38tab01_20211228_170122_2190652412_600_800_mask.png,atual
5,3,11,6,378,146,389,152,378,146,389,146,389,152,378,152,sub_line_text,table_text,table_0,arial,regular,5.0,38tab01_20211228_170122_2190652412_600_800.png,/scratch/parceirosbr/bigoilict/share/BigOil/document_generator/datasets/documents_2021_12_28/38tab01_20211228_170122_2190652412_600_800.png,38tab01_20211228_170122_2190652412_600_800_mask.png,atual
13,5,27,10,473,100,500,110,473,100,500,100,500,110,473,110,text,table_text,table_0,arial,regular,8.0,38tab01_20211228_170122_2190652412_600_800.png,/scratch/parceirosbr/bigoilict/share/BigOil/document_generator/datasets/documents_2021_12_28/38tab01_20211228_170122_2190652412_600_800.png,38tab01_20211228_170122_2190652412_600_800_mask.png,elevado
13,5,27,10,473,100,500,110,473,100,500,100,500,110,473,110,sub_line_text,table_text,table_0,arial,regular,8.0,38tab01_20211228_170122_2190652412_600_800.png,/scratch/parceirosbr/bigoilict/share/BigOil/document_generator/datasets/documents_2021_12_28/38tab01_20211228_170122_2190652412_600_800.png,38tab01_20211228_170122_2190652412_600_800_mask.png,elevado
13,5,26,10,473,120,499,130,473,120,499,120,499,130,473,130,text,table_text,table_0,arial,regular,8.0,38tab01_20211228_170122_2190652412_600_800.png,/scratch/parceirosbr/bigoilict/share/BigOil/document_generator/datasets/documents_2021_12_28/38tab01_20211228_170122_2190652412_600_800.png,38tab01_20211228_170122_2190652412_600_800_mask.png,tomada
13,5,26,10,473,120,499,130,473,120,499,120,499,130,473,130,sub_line_text,table_text,table_0,arial,regular,8.0,38tab01_20211228_170122_2190652412_600_800.png,/scratch/parceirosbr/bigoilict/share/BigOil/document_generator/datasets/documents_2021_12_28/38tab01_20211228_170122_2190652412_600_800.png,38tab01_20211228_170122_2190652412_600_800_mask.png,tomada
4,5,9,10,482,146,491,156,482,146,491,146,491,156,482,156,text,table_text,table_0,arial,regular,8.0,38tab01_20211228_170122_2190652412_600_800.png,/scratch/parceirosbr/bigoilict/share/BigOil/document_generator/datasets/documents_2021_12_28/38tab01_20211228_170122_2190652412_600_800.png,38tab01_20211228_170122_2190652412_600_800_mask.png,ao
4,5,9,10,482,146,491,156,482,146,491,146,491,156,482,156,sub_line_text,table_text,table_0,arial,regular,8.0,38tab01_20211228_170122_2190652412_600_800.png,/scratch/parceirosbr/bigoilict/share/BigOil/document_generator/datasets/documents_2021_12_28/38tab01_20211228_170122_2190652412_600_800.png,38tab01_20211228_170122_2190652412_600_800_mask.png,ao
249,40,498,80,45,619,543,699,45,619,543,619,543,699,45,699,table,footer,table_1,arial,regular,8.0,38tab01_20211228_170122_2190652412_600_800.png,/scratch/parceirosbr/bigoilict/share/BigOil/document_generator/datasets/documents_2021_12_28/38tab01_20211228_170122_2190652412_600_800.png,38tab01_20211228_170122_2190652412_600_800_mask.png,nan
51,5,103,10,53,621,156,631,53,621,156,621,156,631,53,631,text,table_text,table_1,arial,bold,8.0,38tab01_20211228_170122_2190652412_600_800.png,/scratch/parceirosbr/bigoilict/share/BigOil/document_generator/datasets/documents_2021_12_28/38tab01_20211228_170122_2190652412_600_800.png,38tab01_20211228_170122_2190652412_600_800_mask.png,Realizadas anualmente pela 
51,5,103,10,53,621,156,631,53,621,156,621,156,631,53,631,sub_line_text,table_text,table_1,arial,bold,8.0,38tab01_20211228_170122_2190652412_600_800.png,/scratch/parceirosbr/bigoilict/share/BigOil/document_generator/datasets/documents_2021_12_28/38tab01_20211228_170122_2190652412_600_800.png,38tab01_20211228_170122_2190652412_600_800_mask.png,Realizadas anualmente pela 
46,5,92,10,58,654,150,664,58,654,150,654,150,664,58,664,text,table_text,table_1,arial,regular,8.0,38tab01_20211228_170122_2190652412_600_800.png,/scratch/parceirosbr/bigoilict/share/BigOil/document_generator/datasets/documents_2021_12_28/38tab01_20211228_170122_2190652412_600_800.png,38tab01_20211228_170122_2190652412_600_800_mask.png,As medidas desses riscos 
46,5,92,10,58,654,150,664,58,654,150,654,150,664,58,664,sub_line_text,table_text,table_1,arial,regular,8.0,38tab01_20211228_170122_2190652412_600_800.png,/scratch/parceirosbr/bigoilict/share/BigOil/document_generator/datasets/documents_2021_12_28/38tab01_20211228_170122_2190652412_600_800.png,38tab01_20211228_170122_2190652412_600_800_mask.png,As medidas desses riscos 
13,5,26,10,91,674,117,684,91,674,117,674,117,684,91,684,text,table_text,table_1,arial,regular,8.0,38tab01_20211228_170122_2190652412_600_800.png,/scratch/parceirosbr/bigoilict/share/BigOil/document_generator/datasets/documents_2021_12_28/38tab01_20211228_170122_2190652412_600_800.png,38tab01_20211228_170122_2190652412_600_800_mask.png,tomada
13,5,26,10,91,674,117,684,91,674,117,674,117,684,91,684,sub_line_text,table_text,table_1,arial,regular,8.0,38tab01_20211228_170122_2190652412_600_800.png,/scratch/parceirosbr/bigoilict/share/BigOil/document_generator/datasets/documents_2021_12_28/38tab01_20211228_170122_2190652412_600_800.png,38tab01_20211228_170122_2190652412_600_800_mask.png,tomada
9,5,19,10,95,687,114,697,95,687,114,687,114,697,95,697,text,table_text,table_1,arial,regular,8.0,38tab01_20211228_170122_2190652412_600_800.png,/scratch/parceirosbr/bigoilict/share/BigOil/document_generator/datasets/documents_2021_12_28/38tab01_20211228_170122_2190652412_600_800.png,38tab01_20211228_170122_2190652412_600_800_mask.png,neste
9,5,19,10,95,687,114,697,95,687,114,687,114,697,95,697,sub_line_text,table_text,table_1,arial,regular,8.0,38tab01_20211228_170122_2190652412_600_800.png,/scratch/parceirosbr/bigoilict/share/BigOil/document_generator/datasets/documents_2021_12_28/38tab01_20211228_170122_2190652412_600_800.png,38tab01_20211228_170122_2190652412_600_800_mask.png,neste
41,5,82,10,187,621,269,631,187,621,269,621,269,631,187,631,text,table_text,table_1,arial,bold,8.0,38tab01_20211228_170122_2190652412_600_800.png,/scratch/parceirosbr/bigoilict/share/BigOil/document_generator/datasets/documents_2021_12_28/38tab01_20211228_170122_2190652412_600_800.png,38tab01_20211228_170122_2190652412_600_800_mask.png,NC= de amostras não 
41,5,82,10,187,621,269,631,187,621,269,621,269,631,187,631,sub_line_text,table_text,table_1,arial,bold,8.0,38tab01_20211228_170122_2190652412_600_800.png,/scratch/parceirosbr/bigoilict/share/BigOil/document_generator/datasets/documents_2021_12_28/38tab01_20211228_170122_2190652412_600_800.png,38tab01_20211228_170122_2190652412_600_800_mask.png,NC= de amostras não 
40,5,80,10,189,654,269,664,189,654,269,654,269,664,189,664,text,table_text,table_1,arial,regular,8.0,38tab01_20211228_170122_2190652412_600_800.png,/scratch/parceirosbr/bigoilict/share/BigOil/document_generator/datasets/documents_2021_12_28/38tab01_20211228_170122_2190652412_600_800.png,38tab01_20211228_170122_2190652412_600_800_mask.png,Por meio deste modelo 
40,5,80,10,189,654,269,664,189,654,269,654,269,664,189,664,sub_line_text,table_text,table_1,arial,regular,8.0,38tab01_20211228_170122_2190652412_600_800.png,/scratch/parceirosbr/bigoilict/share/BigOil/document_generator/datasets/documents_2021_12_28/38tab01_20211228_170122_2190652412_600_800.png,38tab01_20211228_170122_2190652412_600_800_mask.png,Por meio deste modelo 
14,5,29,10,214,674,243,684,214,674,243,674,243,684,214,684,text,table_text,table_1,arial,regular,8.0,38tab01_20211228_170122_2190652412_600_800.png,/scratch/parceirosbr/bigoilict/share/BigOil/document_generator/datasets/documents_2021_12_28/38tab01_20211228_170122_2190652412_600_800.png,38tab01_20211228_170122_2190652412_600_800_mask.png,logística
14,5,29,10,214,674,243,684,214,674,243,674,243,684,214,684,sub_line_text,table_text,table_1,arial,regular,8.0,38tab01_20211228_170122_2190652412_600_800.png,/scratch/parceirosbr/bigoilict/share/BigOil/document_generator/datasets/documents_2021_12_28/38tab01_20211228_170122_2190652412_600_800.png,38tab01_20211228_170122_2190652412_600_800_mask.png,logística
27,5,54,10,201,687,255,697,201,687,255,687,255,697,201,697,text,table_text,table_1,arial,regular,8.0,38tab01_20211228_170122_2190652412_600_800.png,/scratch/parceirosbr/bigoilict/share/BigOil/document_generator/datasets/documents_2021_12_28/38tab01_20211228_170122_2190652412_600_800.png,38tab01_20211228_170122_2190652412_600_800_mask.png,comportamento
27,5,54,10,201,687,255,697,201,687,255,687,255,697,201,697,sub_line_text,table_text,table_1,arial,regular,8.0,38tab01_20211228_170122_2190652412_600_800.png,/scratch/parceirosbr/bigoilict/share/BigOil/document_generator/datasets/documents_2021_12_28/38tab01_20211228_170122_2190652412_600_800.png,38tab01_20211228_170122_2190652412_600_800_mask.png,comportamento
94,5,188,10,324,621,512,631,324,621,512,621,512,631,324,631,text,table_text,table_1,arial,bold,8.0,38tab01_20211228_170122_2190652412_600_800.png,/scratch/parceirosbr/bigoilict/share/BigOil/document_generator/datasets/documents_2021_12_28/38tab01_20211228_170122_2190652412_600_800.png,38tab01_20211228_170122_2190652412_600_800_mask.png,"Em programaspequenos, o custo em tempo com a "
94,5,188,10,324,621,512,631,324,621,512,621,512,631,324,631,sub_line_text,table_text,table_1,arial,bold,8.0,38tab01_20211228_170122_2190652412_600_800.png,/scratch/parceirosbr/bigoilict/share/BigOil/document_generator/datasets/documents_2021_12_28/38tab01_20211228_170122_2190652412_600_800.png,38tab01_20211228_170122_2190652412_600_800_mask.png,"Em programaspequenos, o custo em tempo com a "
96,5,193,10,321,654,514,664,321,654,514,654,514,664,321,664,text,table_text,table_1,arial,regular,8.0,38tab01_20211228_170122_2190652412_600_800.png,/scratch/parceirosbr/bigoilict/share/BigOil/document_generator/datasets/documents_2021_12_28/38tab01_20211228_170122_2190652412_600_800.png,38tab01_20211228_170122_2190652412_600_800_mask.png,"e -0,31 e -0,68 para o expoente do índice de consistência. "
96,5,193,10,321,654,514,664,321,654,514,654,514,664,321,664,sub_line_text,table_text,table_1,arial,regular,8.0,38tab01_20211228_170122_2190652412_600_800.png,/scratch/parceirosbr/bigoilict/share/BigOil/document_generator/datasets/documents_2021_12_28/38tab01_20211228_170122_2190652412_600_800.png,38tab01_20211228_170122_2190652412_600_800_mask.png,"e -0,31 e -0,68 para o expoente do índice de consistência. "
11,5,22,10,407,674,429,684,407,674,429,674,429,684,407,684,text,table_text,table_1,arial,regular,8.0,38tab01_20211228_170122_2190652412_600_800.png,/scratch/parceirosbr/bigoilict/share/BigOil/document_generator/datasets/documents_2021_12_28/38tab01_20211228_170122_2190652412_600_800.png,38tab01_20211228_170122_2190652412_600_800_mask.png,Como
11,5,22,10,407,674,429,684,407,674,429,674,429,684,407,684,sub_line_text,table_text,table_1,arial,regular,8.0,38tab01_20211228_170122_2190652412_600_800.png,/scratch/parceirosbr/bigoilict/share/BigOil/document_generator/datasets/documents_2021_12_28/38tab01_20211228_170122_2190652412_600_800.png,38tab01_20211228_170122_2190652412_600_800_mask.png,Como
7,5,15,10,411,687,426,697,411,687,426,687,426,697,411,697,text,table_text,table_1,arial,regular,8.0,38tab01_20211228_170122_2190652412_600_800.png,/scratch/parceirosbr/bigoilict/share/BigOil/document_generator/datasets/documents_2021_12_28/38tab01_20211228_170122_2190652412_600_800.png,38tab01_20211228_170122_2190652412_600_800_mask.png,grau
7,5,15,10,411,687,426,697,411,687,426,687,426,697,411,697,sub_line_text,table_text,table_1,arial,regular,8.0,38tab01_20211228_170122_2190652412_600_800.png,/scratch/parceirosbr/bigoilict/share/BigOil/document_generator/datasets/documents_2021_12_28/38tab01_20211228_170122_2190652412_600_800.png,38tab01_20211228_170122_2190652412_600_800_mask.png,grau
245,13,490,27,49,179,539,206,49,179,539,179,539,206,49,206,table,table_image,table_2,arial,regular,8.0,38tab01_20211228_170122_2190652412_600_800.png,/scratch/parceirosbr/bigoilict/share/BigOil/document_generator/datasets/documents_2021_12_28/38tab01_20211228_170122_2190652412_600_800.png,38tab01_20211228_170122_2190652412_600_800_mask.png,nan
8,5,16,10,53,181,69,191,53,181,69,181,69,191,53,191,text,table_text,table_2,arial,italic,8.0,38tab01_20211228_170122_2190652412_600_800.png,/scratch/parceirosbr/bigoilict/share/BigOil/document_generator/datasets/documents_2021_12_28/38tab01_20211228_170122_2190652412_600_800.png,38tab01_20211228_170122_2190652412_600_800_mask.png,uma
8,5,16,10,53,181,69,191,53,181,69,181,69,191,53,191,sub_line_text,table_text,table_2,arial,italic,8.0,38tab01_20211228_170122_2190652412_600_800.png,/scratch/parceirosbr/bigoilict/share/BigOil/document_generator/datasets/documents_2021_12_28/38tab01_20211228_170122_2190652412_600_800.png,38tab01_20211228_170122_2190652412_600_800_mask.png,uma
4,5,9,10,57,194,66,204,57,194,66,194,66,204,57,204,text,table_text,table_2,arial,regular,8.0,38tab01_20211228_170122_2190652412_600_800.png,/scratch/parceirosbr/bigoilict/share/BigOil/document_generator/datasets/documents_2021_12_28/38tab01_20211228_170122_2190652412_600_800.png,38tab01_20211228_170122_2190652412_600_800_mask.png,no
4,5,9,10,57,194,66,204,57,194,66,194,66,204,57,204,sub_line_text,table_text,table_2,arial,regular,8.0,38tab01_20211228_170122_2190652412_600_800.png,/scratch/parceirosbr/bigoilict/share/BigOil/document_generator/datasets/documents_2021_12_28/38tab01_20211228_170122_2190652412_600_800.png,38tab01_20211228_170122_2190652412_600_800_mask.png,no
10,5,21,10,103,181,124,191,103,181,124,181,124,191,103,191,text,table_text,table_2,arial,italic,8.0,38tab01_20211228_170122_2190652412_600_800.png,/scratch/parceirosbr/bigoilict/share/BigOil/document_generator/datasets/documents_2021_12_28/38tab01_20211228_170122_2190652412_600_800.png,38tab01_20211228_170122_2190652412_600_800_mask.png,etanol
10,5,21,10,103,181,124,191,103,181,124,181,124,191,103,191,sub_line_text,table_text,table_2,arial,italic,8.0,38tab01_20211228_170122_2190652412_600_800.png,/scratch/parceirosbr/bigoilict/share/BigOil/document_generator/datasets/documents_2021_12_28/38tab01_20211228_170122_2190652412_600_800.png,38tab01_20211228_170122_2190652412_600_800_mask.png,etanol
2,5,5,10,111,194,116,204,111,194,116,194,116,204,111,204,text,table_text,table_2,arial,regular,8.0,38tab01_20211228_170122_2190652412_600_800.png,/scratch/parceirosbr/bigoilict/share/BigOil/document_generator/datasets/documents_2021_12_28/38tab01_20211228_170122_2190652412_600_800.png,38tab01_20211228_170122_2190652412_600_800_mask.png,é
2,5,5,10,111,194,116,204,111,194,116,194,116,204,111,204,sub_line_text,table_text,table_2,arial,regular,8.0,38tab01_20211228_170122_2190652412_600_800.png,/scratch/parceirosbr/bigoilict/share/BigOil/document_generator/datasets/documents_2021_12_28/38tab01_20211228_170122_2190652412_600_800.png,38tab01_20211228_170122_2190652412_600_800_mask.png,é
5,5,11,10,159,181,170,191,159,181,170,181,170,191,159,191,text,table_text,table_2,arial,italic,8.0,38tab01_20211228_170122_2190652412_600_800.png,/scratch/parceirosbr/bigoilict/share/BigOil/document_generator/datasets/documents_2021_12_28/38tab01_20211228_170122_2190652412_600_800.png,38tab01_20211228_170122_2190652412_600_800_mask.png,um
5,5,11,10,159,181,170,191,159,181,170,181,170,191,159,191,sub_line_text,table_text,table_2,arial,italic,8.0,38tab01_20211228_170122_2190652412_600_800.png,/scratch/parceirosbr/bigoilict/share/BigOil/document_generator/datasets/documents_2021_12_28/38tab01_20211228_170122_2190652412_600_800.png,38tab01_20211228_170122_2190652412_600_800_mask.png,um
7,5,15,10,157,194,172,204,157,194,172,194,172,204,157,204,text,table_text,table_2,arial,regular,8.0,38tab01_20211228_170122_2190652412_600_800.png,/scratch/parceirosbr/bigoilict/share/BigOil/document_generator/datasets/documents_2021_12_28/38tab01_20211228_170122_2190652412_600_800.png,38tab01_20211228_170122_2190652412_600_800_mask.png,11.6
7,5,15,10,157,194,172,204,157,194,172,194,172,204,157,204,sub_line_text,table_text,table_2,arial,regular,8.0,38tab01_20211228_170122_2190652412_600_800.png,/scratch/parceirosbr/bigoilict/share/BigOil/document_generator/datasets/documents_2021_12_28/38tab01_20211228_170122_2190652412_600_800.png,38tab01_20211228_170122_2190652412_600_800_mask.png,11.6
9,5,18,10,181,181,199,191,181,181,199,181,199,191,181,191,text,table_text,table_2,arial,italic,8.0,38tab01_20211228_170122_2190652412_600_800.png,/scratch/parceirosbr/bigoilict/share/BigOil/document_generator/datasets/documents_2021_12_28/38tab01_20211228_170122_2190652412_600_800.png,38tab01_20211228_170122_2190652412_600_800_mask.png,mais
9,5,18,10,181,181,199,191,181,181,199,181,199,191,181,191,sub_line_text,table_text,table_2,arial,italic,8.0,38tab01_20211228_170122_2190652412_600_800.png,/scratch/parceirosbr/bigoilict/share/BigOil/document_generator/datasets/documents_2021_12_28/38tab01_20211228_170122_2190652412_600_800.png,38tab01_20211228_170122_2190652412_600_800_mask.png,mais
6,5,13,10,183,194,196,204,183,194,196,194,196,204,183,204,text,table_text,table_2,arial,regular,8.0,38tab01_20211228_170122_2190652412_600_800.png,/scratch/parceirosbr/bigoilict/share/BigOil/document_generator/datasets/documents_2021_12_28/38tab01_20211228_170122_2190652412_600_800.png,38tab01_20211228_170122_2190652412_600_800_mask.png,515
6,5,13,10,183,194,196,204,183,194,196,194,196,204,183,204,sub_line_text,table_text,table_2,arial,regular,8.0,38tab01_20211228_170122_2190652412_600_800.png,/scratch/parceirosbr/bigoilict/share/BigOil/document_generator/datasets/documents_2021_12_28/38tab01_20211228_170122_2190652412_600_800.png,38tab01_20211228_170122_2190652412_600_800_mask.png,515
6,5,13,10,208,181,221,191,208,181,221,181,221,191,208,191,text,table_text,table_2,arial,italic,8.0,38tab01_20211228_170122_2190652412_600_800.png,/scratch/parceirosbr/bigoilict/share/BigOil/document_generator/datasets/documents_2021_12_28/38tab01_20211228_170122_2190652412_600_800.png,38tab01_20211228_170122_2190652412_600_800_mask.png,que
6,5,13,10,208,181,221,191,208,181,221,181,221,191,208,191,sub_line_text,table_text,table_2,arial,italic,8.0,38tab01_20211228_170122_2190652412_600_800.png,/scratch/parceirosbr/bigoilict/share/BigOil/document_generator/datasets/documents_2021_12_28/38tab01_20211228_170122_2190652412_600_800.png,38tab01_20211228_170122_2190652412_600_800_mask.png,que
2,5,5,10,212,194,217,204,212,194,217,194,217,204,212,204,text,table_text,table_2,arial,regular,8.0,38tab01_20211228_170122_2190652412_600_800.png,/scratch/parceirosbr/bigoilict/share/BigOil/document_generator/datasets/documents_2021_12_28/38tab01_20211228_170122_2190652412_600_800.png,38tab01_20211228_170122_2190652412_600_800_mask.png,é
2,5,5,10,212,194,217,204,212,194,217,194,217,204,212,204,sub_line_text,table_text,table_2,arial,regular,8.0,38tab01_20211228_170122_2190652412_600_800.png,/scratch/parceirosbr/bigoilict/share/BigOil/document_generator/datasets/documents_2021_12_28/38tab01_20211228_170122_2190652412_600_800.png,38tab01_20211228_170122_2190652412_600_800_mask.png,é
8,5,17,10,231,181,248,191,231,181,248,181,248,191,231,191,text,table_text,table_2,arial,italic,8.0,38tab01_20211228_170122_2190652412_600_800.png,/scratch/parceirosbr/bigoilict/share/BigOil/document_generator/datasets/documents_2021_12_28/38tab01_20211228_170122_2190652412_600_800.png,38tab01_20211228_170122_2190652412_600_800_mask.png,ideal
8,5,17,10,231,181,248,191,231,181,248,181,248,191,231,191,sub_line_text,table_text,table_2,arial,italic,8.0,38tab01_20211228_170122_2190652412_600_800.png,/scratch/parceirosbr/bigoilict/share/BigOil/document_generator/datasets/documents_2021_12_28/38tab01_20211228_170122_2190652412_600_800.png,38tab01_20211228_170122_2190652412_600_800_mask.png,ideal
8,5,17,10,231,194,248,204,231,194,248,194,248,204,231,204,text,table_text,table_2,arial,regular,8.0,38tab01_20211228_170122_2190652412_600_800.png,/scratch/parceirosbr/bigoilict/share/BigOil/document_generator/datasets/documents_2021_12_28/38tab01_20211228_170122_2190652412_600_800.png,38tab01_20211228_170122_2190652412_600_800_mask.png,9727
8,5,17,10,231,194,248,204,231,194,248,194,248,204,231,204,sub_line_text,table_text,table_2,arial,regular,8.0,38tab01_20211228_170122_2190652412_600_800.png,/scratch/parceirosbr/bigoilict/share/BigOil/document_generator/datasets/documents_2021_12_28/38tab01_20211228_170122_2190652412_600_800.png,38tab01_20211228_170122_2190652412_600_800_mask.png,9727
13,5,27,10,263,181,290,191,263,181,290,181,290,191,263,191,text,table_text,table_2,arial,italic,8.0,38tab01_20211228_170122_2190652412_600_800.png,/scratch/parceirosbr/bigoilict/share/BigOil/document_generator/datasets/documents_2021_12_28/38tab01_20211228_170122_2190652412_600_800.png,38tab01_20211228_170122_2190652412_600_800_mask.png,produto
13,5,27,10,263,181,290,191,263,181,290,181,290,191,263,191,sub_line_text,table_text,table_2,arial,italic,8.0,38tab01_20211228_170122_2190652412_600_800.png,/scratch/parceirosbr/bigoilict/share/BigOil/document_generator/datasets/documents_2021_12_28/38tab01_20211228_170122_2190652412_600_800.png,38tab01_20211228_170122_2190652412_600_800_mask.png,produto
7,5,15,10,269,194,284,204,269,194,284,194,284,204,269,204,text,table_text,table_2,arial,regular,8.0,38tab01_20211228_170122_2190652412_600_800.png,/scratch/parceirosbr/bigoilict/share/BigOil/document_generator/datasets/documents_2021_12_28/38tab01_20211228_170122_2190652412_600_800.png,38tab01_20211228_170122_2190652412_600_800_mask.png,8.32
7,5,15,10,269,194,284,204,269,194,284,194,284,204,269,204,sub_line_text,table_text,table_2,arial,regular,8.0,38tab01_20211228_170122_2190652412_600_800.png,/scratch/parceirosbr/bigoilict/share/BigOil/document_generator/datasets/documents_2021_12_28/38tab01_20211228_170122_2190652412_600_800.png,38tab01_20211228_170122_2190652412_600_800_mask.png,8.32
6,5,13,10,308,181,321,191,308,181,321,181,321,191,308,191,text,table_text,table_2,arial,italic,8.0,38tab01_20211228_170122_2190652412_600_800.png,/scratch/parceirosbr/bigoilict/share/BigOil/document_generator/datasets/documents_2021_12_28/38tab01_20211228_170122_2190652412_600_800.png,38tab01_20211228_170122_2190652412_600_800_mask.png,dos
6,5,13,10,308,181,321,191,308,181,321,181,321,191,308,191,sub_line_text,table_text,table_2,arial,italic,8.0,38tab01_20211228_170122_2190652412_600_800.png,/scratch/parceirosbr/bigoilict/share/BigOil/document_generator/datasets/documents_2021_12_28/38tab01_20211228_170122_2190652412_600_800.png,38tab01_20211228_170122_2190652412_600_800_mask.png,dos
8,5,17,10,306,194,323,204,306,194,323,194,323,204,306,204,text,table_text,table_2,arial,regular,8.0,38tab01_20211228_170122_2190652412_600_800.png,/scratch/parceirosbr/bigoilict/share/BigOil/document_generator/datasets/documents_2021_12_28/38tab01_20211228_170122_2190652412_600_800.png,38tab01_20211228_170122_2190652412_600_800_mask.png,8846
8,5,17,10,306,194,323,204,306,194,323,194,323,204,306,204,sub_line_text,table_text,table_2,arial,regular,8.0,38tab01_20211228_170122_2190652412_600_800.png,/scratch/parceirosbr/bigoilict/share/BigOil/document_generator/datasets/documents_2021_12_28/38tab01_20211228_170122_2190652412_600_800.png,38tab01_20211228_170122_2190652412_600_800_mask.png,8846
8,5,16,10,331,181,347,191,331,181,347,181,347,191,331,191,text,table_text,table_2,arial,italic,8.0,38tab01_20211228_170122_2190652412_600_800.png,/scratch/parceirosbr/bigoilict/share/BigOil/document_generator/datasets/documents_2021_12_28/38tab01_20211228_170122_2190652412_600_800.png,38tab01_20211228_170122_2190652412_600_800_mask.png,pois
8,5,16,10,331,181,347,191,331,181,347,181,347,191,331,191,sub_line_text,table_text,table_2,arial,italic,8.0,38tab01_20211228_170122_2190652412_600_800.png,/scratch/parceirosbr/bigoilict/share/BigOil/document_generator/datasets/documents_2021_12_28/38tab01_20211228_170122_2190652412_600_800.png,38tab01_20211228_170122_2190652412_600_800_mask.png,pois
6,5,13,10,333,194,346,204,333,194,346,194,346,204,333,204,text,table_text,table_2,arial,regular,8.0,38tab01_20211228_170122_2190652412_600_800.png,/scratch/parceirosbr/bigoilict/share/BigOil/document_generator/datasets/documents_2021_12_28/38tab01_20211228_170122_2190652412_600_800.png,38tab01_20211228_170122_2190652412_600_800_mask.png,705
6,5,13,10,333,194,346,204,333,194,346,194,346,204,333,204,sub_line_text,table_text,table_2,arial,regular,8.0,38tab01_20211228_170122_2190652412_600_800.png,/scratch/parceirosbr/bigoilict/share/BigOil/document_generator/datasets/documents_2021_12_28/38tab01_20211228_170122_2190652412_600_800.png,38tab01_20211228_170122_2190652412_600_800_mask.png,705
21,5,42,10,361,181,403,191,361,181,403,181,403,191,361,191,text,table_text,table_2,arial,italic,8.0,38tab01_20211228_170122_2190652412_600_800.png,/scratch/parceirosbr/bigoilict/share/BigOil/document_generator/datasets/documents_2021_12_28/38tab01_20211228_170122_2190652412_600_800.png,38tab01_20211228_170122_2190652412_600_800_mask.png,absorvância
21,5,42,10,361,181,403,191,361,181,403,181,403,191,361,191,sub_line_text,table_text,table_2,arial,italic,8.0,38tab01_20211228_170122_2190652412_600_800.png,/scratch/parceirosbr/bigoilict/share/BigOil/document_generator/datasets/documents_2021_12_28/38tab01_20211228_170122_2190652412_600_800.png,38tab01_20211228_170122_2190652412_600_800_mask.png,absorvância
21,5,43,10,361,194,404,204,361,194,404,194,404,204,361,204,text,table_text,table_2,arial,regular,8.0,38tab01_20211228_170122_2190652412_600_800.png,/scratch/parceirosbr/bigoilict/share/BigOil/document_generator/datasets/documents_2021_12_28/38tab01_20211228_170122_2190652412_600_800.png,38tab01_20211228_170122_2190652412_600_800_mask.png,76307811.69
21,5,43,10,361,194,404,204,361,194,404,194,404,204,361,204,sub_line_text,table_text,table_2,arial,regular,8.0,38tab01_20211228_170122_2190652412_600_800.png,/scratch/parceirosbr/bigoilict/share/BigOil/document_generator/datasets/documents_2021_12_28/38tab01_20211228_170122_2190652412_600_800.png,38tab01_20211228_170122_2190652412_600_800_mask.png,76307811.69
8,5,17,10,416,181,433,191,416,181,433,181,433,191,416,191,text,table_text,table_2,arial,italic,8.0,38tab01_20211228_170122_2190652412_600_800.png,/scratch/parceirosbr/bigoilict/share/BigOil/document_generator/datasets/documents_2021_12_28/38tab01_20211228_170122_2190652412_600_800.png,38tab01_20211228_170122_2190652412_600_800_mask.png,para
8,5,17,10,416,181,433,191,416,181,433,181,433,191,416,191,sub_line_text,table_text,table_2,arial,italic,8.0,38tab01_20211228_170122_2190652412_600_800.png,/scratch/parceirosbr/bigoilict/share/BigOil/document_generator/datasets/documents_2021_12_28/38tab01_20211228_170122_2190652412_600_800.png,38tab01_20211228_170122_2190652412_600_800_mask.png,para
8,5,17,10,416,194,433,204,416,194,433,194,433,204,416,204,text,table_text,table_2,arial,regular,8.0,38tab01_20211228_170122_2190652412_600_800.png,/scratch/parceirosbr/bigoilict/share/BigOil/document_generator/datasets/documents_2021_12_28/38tab01_20211228_170122_2190652412_600_800.png,38tab01_20211228_170122_2190652412_600_800_mask.png,3367
8,5,17,10,416,194,433,204,416,194,433,194,433,204,416,204,sub_line_text,table_text,table_2,arial,regular,8.0,38tab01_20211228_170122_2190652412_600_800.png,/scratch/parceirosbr/bigoilict/share/BigOil/document_generator/datasets/documents_2021_12_28/38tab01_20211228_170122_2190652412_600_800.png,38tab01_20211228_170122_2190652412_600_800_mask.png,3367
8,5,17,10,441,181,458,191,441,181,458,181,458,191,441,191,text,table_text,table_2,arial,italic,8.0,38tab01_20211228_170122_2190652412_600_800.png,/scratch/parceirosbr/bigoilict/share/BigOil/document_generator/datasets/documents_2021_12_28/38tab01_20211228_170122_2190652412_600_800.png,38tab01_20211228_170122_2190652412_600_800_mask.png,para
8,5,17,10,441,181,458,191,441,181,458,181,458,191,441,191,sub_line_text,table_text,table_2,arial,italic,8.0,38tab01_20211228_170122_2190652412_600_800.png,/scratch/parceirosbr/bigoilict/share/BigOil/document_generator/datasets/documents_2021_12_28/38tab01_20211228_170122_2190652412_600_800.png,38tab01_20211228_170122_2190652412_600_800_mask.png,para
4,5,9,10,445,194,454,204,445,194,454,194,454,204,445,204,text,table_text,table_2,arial,regular,8.0,38tab01_20211228_170122_2190652412_600_800.png,/scratch/parceirosbr/bigoilict/share/BigOil/document_generator/datasets/documents_2021_12_28/38tab01_20211228_170122_2190652412_600_800.png,38tab01_20211228_170122_2190652412_600_800_mask.png,10
4,5,9,10,445,194,454,204,445,194,454,194,454,204,445,204,sub_line_text,table_text,table_2,arial,regular,8.0,38tab01_20211228_170122_2190652412_600_800.png,/scratch/parceirosbr/bigoilict/share/BigOil/document_generator/datasets/documents_2021_12_28/38tab01_20211228_170122_2190652412_600_800.png,38tab01_20211228_170122_2190652412_600_800_mask.png,10
7,5,15,10,467,181,482,191,467,181,482,181,482,191,467,191,text,table_text,table_2,arial,italic,8.0,38tab01_20211228_170122_2190652412_600_800.png,/scratch/parceirosbr/bigoilict/share/BigOil/document_generator/datasets/documents_2021_12_28/38tab01_20211228_170122_2190652412_600_800.png,38tab01_20211228_170122_2190652412_600_800_mask.png,este
7,5,15,10,467,181,482,191,467,181,482,181,482,191,467,191,sub_line_text,table_text,table_2,arial,italic,8.0,38tab01_20211228_170122_2190652412_600_800.png,/scratch/parceirosbr/bigoilict/share/BigOil/document_generator/datasets/documents_2021_12_28/38tab01_20211228_170122_2190652412_600_800.png,38tab01_20211228_170122_2190652412_600_800_mask.png,este
4,5,9,10,470,194,479,204,470,194,479,194,479,204,470,204,text,table_text,table_2,arial,regular,8.0,38tab01_20211228_170122_2190652412_600_800.png,/scratch/parceirosbr/bigoilict/share/BigOil/document_generator/datasets/documents_2021_12_28/38tab01_20211228_170122_2190652412_600_800.png,38tab01_20211228_170122_2190652412_600_800_mask.png,ao
4,5,9,10,470,194,479,204,470,194,479,194,479,204,470,204,sub_line_text,table_text,table_2,arial,regular,8.0,38tab01_20211228_170122_2190652412_600_800.png,/scratch/parceirosbr/bigoilict/share/BigOil/document_generator/datasets/documents_2021_12_28/38tab01_20211228_170122_2190652412_600_800.png,38tab01_20211228_170122_2190652412_600_800_mask.png,ao
9,5,18,10,491,181,509,191,491,181,509,181,509,191,491,191,text,table_text,table_2,arial,italic,8.0,38tab01_20211228_170122_2190652412_600_800.png,/scratch/parceirosbr/bigoilict/share/BigOil/document_generator/datasets/documents_2021_12_28/38tab01_20211228_170122_2190652412_600_800.png,38tab01_20211228_170122_2190652412_600_800_mask.png,mais
9,5,18,10,491,181,509,191,491,181,509,181,509,191,491,191,sub_line_text,table_text,table_2,arial,italic,8.0,38tab01_20211228_170122_2190652412_600_800.png,/scratch/parceirosbr/bigoilict/share/BigOil/document_generator/datasets/documents_2021_12_28/38tab01_20211228_170122_2190652412_600_800.png,38tab01_20211228_170122_2190652412_600_800_mask.png,mais
7,5,15,10,492,194,507,204,492,194,507,194,507,204,492,204,text,table_text,table_2,arial,regular,8.0,38tab01_20211228_170122_2190652412_600_800.png,/scratch/parceirosbr/bigoilict/share/BigOil/document_generator/datasets/documents_2021_12_28/38tab01_20211228_170122_2190652412_600_800.png,38tab01_20211228_170122_2190652412_600_800_mask.png,24.0
7,5,15,10,492,194,507,204,492,194,507,194,507,204,492,204,sub_line_text,table_text,table_2,arial,regular,8.0,38tab01_20211228_170122_2190652412_600_800.png,/scratch/parceirosbr/bigoilict/share/BigOil/document_generator/datasets/documents_2021_12_28/38tab01_20211228_170122_2190652412_600_800.png,38tab01_20211228_170122_2190652412_600_800_mask.png,24.0
6,5,12,10,519,181,531,191,519,181,531,181,531,191,519,191,text,table_text,table_2,arial,italic,8.0,38tab01_20211228_170122_2190652412_600_800.png,/scratch/parceirosbr/bigoilict/share/BigOil/document_generator/datasets/documents_2021_12_28/38tab01_20211228_170122_2190652412_600_800.png,38tab01_20211228_170122_2190652412_600_800_mask.png,ser
6,5,12,10,519,181,531,191,519,181,531,181,531,191,519,191,sub_line_text,table_text,table_2,arial,italic,8.0,38tab01_20211228_170122_2190652412_600_800.png,/scratch/parceirosbr/bigoilict/share/BigOil/document_generator/datasets/documents_2021_12_28/38tab01_20211228_170122_2190652412_600_800.png,38tab01_20211228_170122_2190652412_600_800_mask.png,ser
7,5,15,10,517,194,532,204,517,194,532,194,532,204,517,204,text,table_text,table_2,arial,regular,8.0,38tab01_20211228_170122_2190652412_600_800.png,/scratch/parceirosbr/bigoilict/share/BigOil/document_generator/datasets/documents_2021_12_28/38tab01_20211228_170122_2190652412_600_800.png,38tab01_20211228_170122_2190652412_600_800_mask.png,23.9
7,5,15,10,517,194,532,204,517,194,532,194,532,204,517,204,sub_line_text,table_text,table_2,arial,regular,8.0,38tab01_20211228_170122_2190652412_600_800.png,/scratch/parceirosbr/bigoilict/share/BigOil/document_generator/datasets/documents_2021_12_28/38tab01_20211228_170122_2190652412_600_800.png,38tab01_20211228_170122_2190652412_600_800_mask.png,23.9
197,6,395,13,96,206,491,219,96,206,491,206,491,219,96,219,sub_line_text,subtitle,subtitle_0,arial,bolditalic,12,38tab01_20211228_170122_2190652412_600_800.png,/scratch/parceirosbr/bigoilict/share/BigOil/document_generator/datasets/documents_2021_12_28/38tab01_20211228_170122_2190652412_600_800.png,38tab01_20211228_170122_2190652412_600_800_mask.png,"Nesses termos, amadurecimento luta internacional contra mudanças"
197,6,395,13,96,206,491,219,96,206,491,206,491,219,96,219,title,subtitle,subtitle_0,arial,bolditalic,12,38tab01_20211228_170122_2190652412_600_800.png,/scratch/parceirosbr/bigoilict/share/BigOil/document_generator/datasets/documents_2021_12_28/38tab01_20211228_170122_2190652412_600_800.png,38tab01_20211228_170122_2190652412_600_800_mask.png,nan
245,170,490,341,49,229,539,570,49,229,539,229,539,570,49,570,table,table_image,table_4,arial,regular,8.0,38tab01_20211228_170122_2190652412_600_800.png,/scratch/parceirosbr/bigoilict/share/BigOil/document_generator/datasets/documents_2021_12_28/38tab01_20211228_170122_2190652412_600_800.png,38tab01_20211228_170122_2190652412_600_800_mask.png,nan
5,5,11,10,53,233,64,243,53,233,64,233,64,243,53,243,text,table_text,table_4,arial,regular,8.0,38tab01_20211228_170122_2190652412_600_800.png,/scratch/parceirosbr/bigoilict/share/BigOil/document_generator/datasets/documents_2021_12_28/38tab01_20211228_170122_2190652412_600_800.png,38tab01_20211228_170122_2190652412_600_800_mask.png,por
5,5,11,10,53,233,64,243,53,233,64,233,64,243,53,243,sub_line_text,table_text,table_4,arial,regular,8.0,38tab01_20211228_170122_2190652412_600_800.png,/scratch/parceirosbr/bigoilict/share/BigOil/document_generator/datasets/documents_2021_12_28/38tab01_20211228_170122_2190652412_600_800.png,38tab01_20211228_170122_2190652412_600_800_mask.png,por
136,5,273,10,53,244,326,254,53,244,326,244,326,254,53,254,text,table_text,table_4,arial,regular,8.0,38tab01_20211228_170122_2190652412_600_800.png,/scratch/parceirosbr/bigoilict/share/BigOil/document_generator/datasets/documents_2021_12_28/38tab01_20211228_170122_2190652412_600_800.png,38tab01_20211228_170122_2190652412_600_800_mask.png,"Além disso, a regra de acúmulo linear pode ser aplicada tanto para evoluções do "
136,5,273,10,53,244,326,254,53,244,326,244,326,254,53,254,sub_line_text,table_text,table_4,arial,regular,8.0,38tab01_20211228_170122_2190652412_600_800.png,/scratch/parceirosbr/bigoilict/share/BigOil/document_generator/datasets/documents_2021_12_28/38tab01_20211228_170122_2190652412_600_800.png,38tab01_20211228_170122_2190652412_600_800_mask.png,"Além disso, a regra de acúmulo linear pode ser aplicada tanto para evoluções do "
17,5,34,10,53,255,87,265,53,255,87,255,87,265,53,265,text,table_text,table_4,arial,regular,8.0,38tab01_20211228_170122_2190652412_600_800.png,/scratch/parceirosbr/bigoilict/share/BigOil/document_generator/datasets/documents_2021_12_28/38tab01_20211228_170122_2190652412_600_800.png,38tab01_20211228_170122_2190652412_600_800_mask.png,vantagens
17,5,34,10,53,255,87,265,53,255,87,255,87,265,53,265,sub_line_text,table_text,table_4,arial,regular,8.0,38tab01_20211228_170122_2190652412_600_800.png,/scratch/parceirosbr/bigoilict/share/BigOil/document_generator/datasets/documents_2021_12_28/38tab01_20211228_170122_2190652412_600_800.png,38tab01_20211228_170122_2190652412_600_800_mask.png,vantagens
22,5,44,10,53,266,97,276,53,266,97,266,97,276,53,276,text,table_text,table_4,arial,regular,8.0,38tab01_20211228_170122_2190652412_600_800.png,/scratch/parceirosbr/bigoilict/share/BigOil/document_generator/datasets/documents_2021_12_28/38tab01_20211228_170122_2190652412_600_800.png,38tab01_20211228_170122_2190652412_600_800_mask.png,A proporção 
22,5,44,10,53,266,97,276,53,266,97,266,97,276,53,276,sub_line_text,table_text,table_4,arial,regular,8.0,38tab01_20211228_170122_2190652412_600_800.png,/scratch/parceirosbr/bigoilict/share/BigOil/document_generator/datasets/documents_2021_12_28/38tab01_20211228_170122_2190652412_600_800.png,38tab01_20211228_170122_2190652412_600_800_mask.png,A proporção 
20,5,41,10,53,277,94,287,53,277,94,277,94,287,53,287,text,table_text,table_4,arial,regular,8.0,38tab01_20211228_170122_2190652412_600_800.png,/scratch/parceirosbr/bigoilict/share/BigOil/document_generator/datasets/documents_2021_12_28/38tab01_20211228_170122_2190652412_600_800.png,38tab01_20211228_170122_2190652412_600_800_mask.png,Este ensaio 
20,5,41,10,53,277,94,287,53,277,94,277,94,287,53,287,sub_line_text,table_text,table_4,arial,regular,8.0,38tab01_20211228_170122_2190652412_600_800.png,/scratch/parceirosbr/bigoilict/share/BigOil/document_generator/datasets/documents_2021_12_28/38tab01_20211228_170122_2190652412_600_800.png,38tab01_20211228_170122_2190652412_600_800_mask.png,Este ensaio 
10,5,20,10,53,296,73,306,53,296,73,296,73,306,53,306,text,table_text,table_4,arial,regular,8.0,38tab01_20211228_170122_2190652412_600_800.png,/scratch/parceirosbr/bigoilict/share/BigOil/document_generator/datasets/documents_2021_12_28/38tab01_20211228_170122_2190652412_600_800.png,38tab01_20211228_170122_2190652412_600_800_mask.png,níquel
10,5,20,10,53,296,73,306,53,296,73,296,73,306,53,306,sub_line_text,table_text,table_4,arial,regular,8.0,38tab01_20211228_170122_2190652412_600_800.png,/scratch/parceirosbr/bigoilict/share/BigOil/document_generator/datasets/documents_2021_12_28/38tab01_20211228_170122_2190652412_600_800.png,38tab01_20211228_170122_2190652412_600_800_mask.png,níquel
23,5,47,10,53,307,100,317,53,307,100,307,100,317,53,317,text,table_text,table_4,arial,regular,8.0,38tab01_20211228_170122_2190652412_600_800.png,/scratch/parceirosbr/bigoilict/share/BigOil/document_generator/datasets/documents_2021_12_28/38tab01_20211228_170122_2190652412_600_800.png,38tab01_20211228_170122_2190652412_600_800_mask.png,sobre a de de 
23,5,47,10,53,307,100,317,53,307,100,307,100,317,53,317,sub_line_text,table_text,table_4,arial,regular,8.0,38tab01_20211228_170122_2190652412_600_800.png,/scratch/parceirosbr/bigoilict/share/BigOil/document_generator/datasets/documents_2021_12_28/38tab01_20211228_170122_2190652412_600_800.png,38tab01_20211228_170122_2190652412_600_800_mask.png,sobre a de de 
32,5,65,10,53,318,118,328,53,318,118,318,118,328,53,328,text,table_text,table_4,arial,regular,8.0,38tab01_20211228_170122_2190652412_600_800.png,/scratch/parceirosbr/bigoilict/share/BigOil/document_generator/datasets/documents_2021_12_28/38tab01_20211228_170122_2190652412_600_800.png,38tab01_20211228_170122_2190652412_600_800_mask.png,Outra sugestão é a 
32,5,65,10,53,318,118,328,53,318,118,318,118,328,53,328,sub_line_text,table_text,table_4,arial,regular,8.0,38tab01_20211228_170122_2190652412_600_800.png,/scratch/parceirosbr/bigoilict/share/BigOil/document_generator/datasets/documents_2021_12_28/38tab01_20211228_170122_2190652412_600_800.png,38tab01_20211228_170122_2190652412_600_800_mask.png,Outra sugestão é a 
17,5,35,10,53,330,88,340,53,330,88,330,88,340,53,340,text,table_text,table_4,arial,regular,8.0,38tab01_20211228_170122_2190652412_600_800.png,/scratch/parceirosbr/bigoilict/share/BigOil/document_generator/datasets/documents_2021_12_28/38tab01_20211228_170122_2190652412_600_800.png,38tab01_20211228_170122_2190652412_600_800_mask.png,cinéticade
17,5,35,10,53,330,88,340,53,330,88,330,88,340,53,340,sub_line_text,table_text,table_4,arial,regular,8.0,38tab01_20211228_170122_2190652412_600_800.png,/scratch/parceirosbr/bigoilict/share/BigOil/document_generator/datasets/documents_2021_12_28/38tab01_20211228_170122_2190652412_600_800.png,38tab01_20211228_170122_2190652412_600_800_mask.png,cinéticade
15,5,30,10,53,341,83,351,53,341,83,341,83,351,53,351,text,table_text,table_4,arial,regular,8.0,38tab01_20211228_170122_2190652412_600_800.png,/scratch/parceirosbr/bigoilict/share/BigOil/document_generator/datasets/documents_2021_12_28/38tab01_20211228_170122_2190652412_600_800.png,38tab01_20211228_170122_2190652412_600_800_mask.png,Entre as 
15,5,30,10,53,341,83,351,53,341,83,341,83,351,53,351,sub_line_text,table_text,table_4,arial,regular,8.0,38tab01_20211228_170122_2190652412_600_800.png,/scratch/parceirosbr/bigoilict/share/BigOil/document_generator/datasets/documents_2021_12_28/38tab01_20211228_170122_2190652412_600_800.png,38tab01_20211228_170122_2190652412_600_800_mask.png,Entre as 
17,5,34,10,53,359,87,369,53,359,87,359,87,369,53,369,text,table_text,table_4,arial,regular,8.0,38tab01_20211228_170122_2190652412_600_800.png,/scratch/parceirosbr/bigoilict/share/BigOil/document_generator/datasets/documents_2021_12_28/38tab01_20211228_170122_2190652412_600_800.png,38tab01_20211228_170122_2190652412_600_800_mask.png,reduzindo
17,5,34,10,53,359,87,369,53,359,87,359,87,369,53,369,sub_line_text,table_text,table_4,arial,regular,8.0,38tab01_20211228_170122_2190652412_600_800.png,/scratch/parceirosbr/bigoilict/share/BigOil/document_generator/datasets/documents_2021_12_28/38tab01_20211228_170122_2190652412_600_800.png,38tab01_20211228_170122_2190652412_600_800_mask.png,reduzindo
33,5,66,10,53,370,119,380,53,370,119,370,119,380,53,380,text,table_text,table_4,arial,regular,8.0,38tab01_20211228_170122_2190652412_600_800.png,/scratch/parceirosbr/bigoilict/share/BigOil/document_generator/datasets/documents_2021_12_28/38tab01_20211228_170122_2190652412_600_800.png,38tab01_20211228_170122_2190652412_600_800_mask.png,Diversos trabalhos 
33,5,66,10,53,370,119,380,53,370,119,370,119,380,53,380,sub_line_text,table_text,table_4,arial,regular,8.0,38tab01_20211228_170122_2190652412_600_800.png,/scratch/parceirosbr/bigoilict/share/BigOil/document_generator/datasets/documents_2021_12_28/38tab01_20211228_170122_2190652412_600_800.png,38tab01_20211228_170122_2190652412_600_800_mask.png,Diversos trabalhos 
13,5,27,10,53,388,80,398,53,388,80,388,80,398,53,398,text,table_text,table_4,arial,regular,8.0,38tab01_20211228_170122_2190652412_600_800.png,/scratch/parceirosbr/bigoilict/share/BigOil/document_generator/datasets/documents_2021_12_28/38tab01_20211228_170122_2190652412_600_800.png,38tab01_20211228_170122_2190652412_600_800_mask.png,retirado
13,5,27,10,53,388,80,398,53,388,80,388,80,398,53,398,sub_line_text,table_text,table_4,arial,regular,8.0,38tab01_20211228_170122_2190652412_600_800.png,/scratch/parceirosbr/bigoilict/share/BigOil/document_generator/datasets/documents_2021_12_28/38tab01_20211228_170122_2190652412_600_800.png,38tab01_20211228_170122_2190652412_600_800_mask.png,retirado
32,5,64,10,53,399,117,409,53,399,117,399,117,409,53,409,text,table_text,table_4,arial,regular,8.0,38tab01_20211228_170122_2190652412_600_800.png,/scratch/parceirosbr/bigoilict/share/BigOil/document_generator/datasets/documents_2021_12_28/38tab01_20211228_170122_2190652412_600_800.png,38tab01_20211228_170122_2190652412_600_800_mask.png,A maior produtora 
32,5,64,10,53,399,117,409,53,399,117,399,117,409,53,409,sub_line_text,table_text,table_4,arial,regular,8.0,38tab01_20211228_170122_2190652412_600_800.png,/scratch/parceirosbr/bigoilict/share/BigOil/document_generator/datasets/documents_2021_12_28/38tab01_20211228_170122_2190652412_600_800.png,38tab01_20211228_170122_2190652412_600_800_mask.png,A maior produtora 
20,5,40,10,53,413,93,423,53,413,93,413,93,423,53,423,text,table_text,table_4,arial,regular,8.0,38tab01_20211228_170122_2190652412_600_800.png,/scratch/parceirosbr/bigoilict/share/BigOil/document_generator/datasets/documents_2021_12_28/38tab01_20211228_170122_2190652412_600_800.png,38tab01_20211228_170122_2190652412_600_800_mask.png,envolverem
20,5,40,10,53,413,93,423,53,413,93,413,93,423,53,423,sub_line_text,table_text,table_4,arial,regular,8.0,38tab01_20211228_170122_2190652412_600_800.png,/scratch/parceirosbr/bigoilict/share/BigOil/document_generator/datasets/documents_2021_12_28/38tab01_20211228_170122_2190652412_600_800.png,38tab01_20211228_170122_2190652412_600_800_mask.png,envolverem
26,5,53,10,53,424,106,434,53,424,106,424,106,434,53,434,text,table_text,table_4,arial,regular,8.0,38tab01_20211228_170122_2190652412_600_800.png,/scratch/parceirosbr/bigoilict/share/BigOil/document_generator/datasets/documents_2021_12_28/38tab01_20211228_170122_2190652412_600_800.png,38tab01_20211228_170122_2190652412_600_800_mask.png,A 38 apresenta 
26,5,53,10,53,424,106,434,53,424,106,424,106,434,53,434,sub_line_text,table_text,table_4,arial,regular,8.0,38tab01_20211228_170122_2190652412_600_800.png,/scratch/parceirosbr/bigoilict/share/BigOil/document_generator/datasets/documents_2021_12_28/38tab01_20211228_170122_2190652412_600_800.png,38tab01_20211228_170122_2190652412_600_800_mask.png,A 38 apresenta 
29,5,59,10,53,446,112,456,53,446,112,446,112,456,53,456,text,table_text,table_4,arial,regular,8.0,38tab01_20211228_170122_2190652412_600_800.png,/scratch/parceirosbr/bigoilict/share/BigOil/document_generator/datasets/documents_2021_12_28/38tab01_20211228_170122_2190652412_600_800.png,38tab01_20211228_170122_2190652412_600_800_mask.png,A distribuição de 
29,5,59,10,53,446,112,456,53,446,112,446,112,456,53,456,sub_line_text,table_text,table_4,arial,regular,8.0,38tab01_20211228_170122_2190652412_600_800.png,/scratch/parceirosbr/bigoilict/share/BigOil/document_generator/datasets/documents_2021_12_28/38tab01_20211228_170122_2190652412_600_800.png,38tab01_20211228_170122_2190652412_600_800_mask.png,A distribuição de 
19,5,39,10,53,464,92,474,53,464,92,464,92,474,53,474,text,table_text,table_4,arial,regular,8.0,38tab01_20211228_170122_2190652412_600_800.png,/scratch/parceirosbr/bigoilict/share/BigOil/document_generator/datasets/documents_2021_12_28/38tab01_20211228_170122_2190652412_600_800.png,38tab01_20211228_170122_2190652412_600_800_mask.png,competirão
19,5,39,10,53,464,92,474,53,464,92,464,92,474,53,474,sub_line_text,table_text,table_4,arial,regular,8.0,38tab01_20211228_170122_2190652412_600_800.png,/scratch/parceirosbr/bigoilict/share/BigOil/document_generator/datasets/documents_2021_12_28/38tab01_20211228_170122_2190652412_600_800.png,38tab01_20211228_170122_2190652412_600_800_mask.png,competirão
33,5,66,10,53,475,119,485,53,475,119,475,119,485,53,485,text,table_text,table_4,arial,regular,8.0,38tab01_20211228_170122_2190652412_600_800.png,/scratch/parceirosbr/bigoilict/share/BigOil/document_generator/datasets/documents_2021_12_28/38tab01_20211228_170122_2190652412_600_800.png,38tab01_20211228_170122_2190652412_600_800_mask.png,Merece destaque a 
33,5,66,10,53,475,119,485,53,475,119,475,119,485,53,485,sub_line_text,table_text,table_4,arial,regular,8.0,38tab01_20211228_170122_2190652412_600_800.png,/scratch/parceirosbr/bigoilict/share/BigOil/document_generator/datasets/documents_2021_12_28/38tab01_20211228_170122_2190652412_600_800.png,38tab01_20211228_170122_2190652412_600_800_mask.png,Merece destaque a 
27,5,54,10,53,486,107,496,53,486,107,486,107,496,53,496,text,table_text,table_4,arial,regular,8.0,38tab01_20211228_170122_2190652412_600_800.png,/scratch/parceirosbr/bigoilict/share/BigOil/document_generator/datasets/documents_2021_12_28/38tab01_20211228_170122_2190652412_600_800.png,38tab01_20211228_170122_2190652412_600_800_mask.png,Isso faz quenão 
27,5,54,10,53,486,107,496,53,486,107,486,107,496,53,496,sub_line_text,table_text,table_4,arial,regular,8.0,38tab01_20211228_170122_2190652412_600_800.png,/scratch/parceirosbr/bigoilict/share/BigOil/document_generator/datasets/documents_2021_12_28/38tab01_20211228_170122_2190652412_600_800.png,38tab01_20211228_170122_2190652412_600_800_mask.png,Isso faz quenão 
20,5,41,10,53,507,94,517,53,507,94,507,94,517,53,517,text,table_text,table_4,arial,regular,8.0,38tab01_20211228_170122_2190652412_600_800.png,/scratch/parceirosbr/bigoilict/share/BigOil/document_generator/datasets/documents_2021_12_28/38tab01_20211228_170122_2190652412_600_800.png,38tab01_20211228_170122_2190652412_600_800_mask.png,pelasalturas
20,5,41,10,53,507,94,517,53,507,94,507,94,517,53,517,sub_line_text,table_text,table_4,arial,regular,8.0,38tab01_20211228_170122_2190652412_600_800.png,/scratch/parceirosbr/bigoilict/share/BigOil/document_generator/datasets/documents_2021_12_28/38tab01_20211228_170122_2190652412_600_800.png,38tab01_20211228_170122_2190652412_600_800_mask.png,pelasalturas
27,5,54,10,53,518,107,528,53,518,107,518,107,528,53,528,text,table_text,table_4,arial,regular,8.0,38tab01_20211228_170122_2190652412_600_800.png,/scratch/parceirosbr/bigoilict/share/BigOil/document_generator/datasets/documents_2021_12_28/38tab01_20211228_170122_2190652412_600_800.png,38tab01_20211228_170122_2190652412_600_800_mask.png,"Dessa forma, o "
27,5,54,10,53,518,107,528,53,518,107,518,107,528,53,528,sub_line_text,table_text,table_4,arial,regular,8.0,38tab01_20211228_170122_2190652412_600_800.png,/scratch/parceirosbr/bigoilict/share/BigOil/document_generator/datasets/documents_2021_12_28/38tab01_20211228_170122_2190652412_600_800.png,38tab01_20211228_170122_2190652412_600_800_mask.png,"Dessa forma, o "
30,5,61,10,53,529,114,539,53,529,114,529,114,539,53,539,text,table_text,table_4,arial,regular,8.0,38tab01_20211228_170122_2190652412_600_800.png,/scratch/parceirosbr/bigoilict/share/BigOil/document_generator/datasets/documents_2021_12_28/38tab01_20211228_170122_2190652412_600_800.png,38tab01_20211228_170122_2190652412_600_800_mask.png,Já para a faixa de 
30,5,61,10,53,529,114,539,53,529,114,529,114,539,53,539,sub_line_text,table_text,table_4,arial,regular,8.0,38tab01_20211228_170122_2190652412_600_800.png,/scratch/parceirosbr/bigoilict/share/BigOil/document_generator/datasets/documents_2021_12_28/38tab01_20211228_170122_2190652412_600_800.png,38tab01_20211228_170122_2190652412_600_800_mask.png,Já para a faixa de 
25,5,51,10,53,540,104,550,53,540,104,540,104,550,53,550,text,table_text,table_4,arial,regular,8.0,38tab01_20211228_170122_2190652412_600_800.png,/scratch/parceirosbr/bigoilict/share/BigOil/document_generator/datasets/documents_2021_12_28/38tab01_20211228_170122_2190652412_600_800.png,38tab01_20211228_170122_2190652412_600_800_mask.png,Tubulação que 
25,5,51,10,53,540,104,550,53,540,104,540,104,550,53,550,sub_line_text,table_text,table_4,arial,regular,8.0,38tab01_20211228_170122_2190652412_600_800.png,/scratch/parceirosbr/bigoilict/share/BigOil/document_generator/datasets/documents_2021_12_28/38tab01_20211228_170122_2190652412_600_800.png,38tab01_20211228_170122_2190652412_600_800_mask.png,Tubulação que 
9,5,18,10,53,556,71,566,53,556,71,556,71,566,53,566,text,table_text,table_4,arial,regular,8.0,38tab01_20211228_170122_2190652412_600_800.png,/scratch/parceirosbr/bigoilict/share/BigOil/document_generator/datasets/documents_2021_12_28/38tab01_20211228_170122_2190652412_600_800.png,38tab01_20211228_170122_2190652412_600_800_mask.png,parte
9,5,18,10,53,556,71,566,53,556,71,556,71,566,53,566,sub_line_text,table_text,table_4,arial,regular,8.0,38tab01_20211228_170122_2190652412_600_800.png,/scratch/parceirosbr/bigoilict/share/BigOil/document_generator/datasets/documents_2021_12_28/38tab01_20211228_170122_2190652412_600_800.png,38tab01_20211228_170122_2190652412_600_800_mask.png,parte
17,5,35,10,151,255,186,265,151,255,186,255,186,265,151,265,text,table_text,table_4,arial,regular,8.0,38tab01_20211228_170122_2190652412_600_800.png,/scratch/parceirosbr/bigoilict/share/BigOil/document_generator/datasets/documents_2021_12_28/38tab01_20211228_170122_2190652412_600_800.png,38tab01_20211228_170122_2190652412_600_800_mask.png,22396.376
17,5,35,10,151,255,186,265,151,255,186,255,186,265,151,265,sub_line_text,table_text,table_4,arial,regular,8.0,38tab01_20211228_170122_2190652412_600_800.png,/scratch/parceirosbr/bigoilict/share/BigOil/document_generator/datasets/documents_2021_12_28/38tab01_20211228_170122_2190652412_600_800.png,38tab01_20211228_170122_2190652412_600_800_mask.png,22396.376
33,5,66,10,136,266,202,276,136,266,202,266,202,276,136,276,text,table_text,table_4,arial,regular,8.0,38tab01_20211228_170122_2190652412_600_800.png,/scratch/parceirosbr/bigoilict/share/BigOil/document_generator/datasets/documents_2021_12_28/38tab01_20211228_170122_2190652412_600_800.png,38tab01_20211228_170122_2190652412_600_800_mask.png,IDN e de dos de ao 
33,5,66,10,136,266,202,276,136,266,202,266,202,276,136,276,sub_line_text,table_text,table_4,arial,regular,8.0,38tab01_20211228_170122_2190652412_600_800.png,/scratch/parceirosbr/bigoilict/share/BigOil/document_generator/datasets/documents_2021_12_28/38tab01_20211228_170122_2190652412_600_800.png,38tab01_20211228_170122_2190652412_600_800_mask.png,IDN e de dos de ao 
34,5,68,10,135,277,203,287,135,277,203,277,203,287,135,287,text,table_text,table_4,arial,regular,8.0,38tab01_20211228_170122_2190652412_600_800.png,/scratch/parceirosbr/bigoilict/share/BigOil/document_generator/datasets/documents_2021_12_28/38tab01_20211228_170122_2190652412_600_800.png,38tab01_20211228_170122_2190652412_600_800_mask.png,Um quantum de luz 
34,5,68,10,135,277,203,287,135,277,203,277,203,287,135,287,sub_line_text,table_text,table_4,arial,regular,8.0,38tab01_20211228_170122_2190652412_600_800.png,/scratch/parceirosbr/bigoilict/share/BigOil/document_generator/datasets/documents_2021_12_28/38tab01_20211228_170122_2190652412_600_800.png,38tab01_20211228_170122_2190652412_600_800_mask.png,Um quantum de luz 
21,5,43,10,147,296,190,306,147,296,190,296,190,306,147,306,text,table_text,table_4,arial,regular,8.0,38tab01_20211228_170122_2190652412_600_800.png,/scratch/parceirosbr/bigoilict/share/BigOil/document_generator/datasets/documents_2021_12_28/38tab01_20211228_170122_2190652412_600_800.png,38tab01_20211228_170122_2190652412_600_800_mask.png,1127098.059
21,5,43,10,147,296,190,306,147,296,190,296,190,306,147,306,sub_line_text,table_text,table_4,arial,regular,8.0,38tab01_20211228_170122_2190652412_600_800.png,/scratch/parceirosbr/bigoilict/share/BigOil/document_generator/datasets/documents_2021_12_28/38tab01_20211228_170122_2190652412_600_800.png,38tab01_20211228_170122_2190652412_600_800_mask.png,1127098.059
24,5,49,10,145,307,194,317,145,307,194,307,194,317,145,317,text,table_text,table_4,arial,regular,8.0,38tab01_20211228_170122_2190652412_600_800.png,/scratch/parceirosbr/bigoilict/share/BigOil/document_generator/datasets/documents_2021_12_28/38tab01_20211228_170122_2190652412_600_800.png,38tab01_20211228_170122_2190652412_600_800_mask.png,No ranking de 
24,5,49,10,145,307,194,317,145,307,194,307,194,317,145,317,sub_line_text,table_text,table_4,arial,regular,8.0,38tab01_20211228_170122_2190652412_600_800.png,/scratch/parceirosbr/bigoilict/share/BigOil/document_generator/datasets/documents_2021_12_28/38tab01_20211228_170122_2190652412_600_800.png,38tab01_20211228_170122_2190652412_600_800_mask.png,No ranking de 
30,5,61,10,139,318,200,328,139,318,200,318,200,328,139,328,text,table_text,table_4,arial,regular,8.0,38tab01_20211228_170122_2190652412_600_800.png,/scratch/parceirosbr/bigoilict/share/BigOil/document_generator/datasets/documents_2021_12_28/38tab01_20211228_170122_2190652412_600_800.png,38tab01_20211228_170122_2190652412_600_800_mask.png,A temperatura de 
30,5,61,10,139,318,200,328,139,318,200,318,200,328,139,328,sub_line_text,table_text,table_4,arial,regular,8.0,38tab01_20211228_170122_2190652412_600_800.png,/scratch/parceirosbr/bigoilict/share/BigOil/document_generator/datasets/documents_2021_12_28/38tab01_20211228_170122_2190652412_600_800.png,38tab01_20211228_170122_2190652412_600_800_mask.png,A temperatura de 
19,5,39,10,149,330,188,340,149,330,188,330,188,340,149,340,text,table_text,table_4,arial,regular,8.0,38tab01_20211228_170122_2190652412_600_800.png,/scratch/parceirosbr/bigoilict/share/BigOil/document_generator/datasets/documents_2021_12_28/38tab01_20211228_170122_2190652412_600_800.png,38tab01_20211228_170122_2190652412_600_800_mask.png,501455.307
19,5,39,10,149,330,188,340,149,330,188,330,188,340,149,340,sub_line_text,table_text,table_4,arial,regular,8.0,38tab01_20211228_170122_2190652412_600_800.png,/scratch/parceirosbr/bigoilict/share/BigOil/document_generator/datasets/documents_2021_12_28/38tab01_20211228_170122_2190652412_600_800.png,38tab01_20211228_170122_2190652412_600_800_mask.png,501455.307
17,5,35,10,151,359,186,369,151,359,186,359,186,369,151,369,text,table_text,table_4,arial,regular,8.0,38tab01_20211228_170122_2190652412_600_800.png,/scratch/parceirosbr/bigoilict/share/BigOil/document_generator/datasets/documents_2021_12_28/38tab01_20211228_170122_2190652412_600_800.png,38tab01_20211228_170122_2190652412_600_800_mask.png,51725.065
17,5,35,10,151,359,186,369,151,359,186,359,186,369,151,369,sub_line_text,table_text,table_4,arial,regular,8.0,38tab01_20211228_170122_2190652412_600_800.png,/scratch/parceirosbr/bigoilict/share/BigOil/document_generator/datasets/documents_2021_12_28/38tab01_20211228_170122_2190652412_600_800.png,38tab01_20211228_170122_2190652412_600_800_mask.png,51725.065
19,5,39,10,149,388,188,398,149,388,188,388,188,398,149,398,text,table_text,table_4,arial,regular,8.0,38tab01_20211228_170122_2190652412_600_800.png,/scratch/parceirosbr/bigoilict/share/BigOil/document_generator/datasets/documents_2021_12_28/38tab01_20211228_170122_2190652412_600_800.png,38tab01_20211228_170122_2190652412_600_800_mask.png,963182.118
19,5,39,10,149,388,188,398,149,388,188,388,188,398,149,398,sub_line_text,table_text,table_4,arial,regular,8.0,38tab01_20211228_170122_2190652412_600_800.png,/scratch/parceirosbr/bigoilict/share/BigOil/document_generator/datasets/documents_2021_12_28/38tab01_20211228_170122_2190652412_600_800.png,38tab01_20211228_170122_2190652412_600_800_mask.png,963182.118
24,5,48,10,145,399,193,409,145,399,193,399,193,409,145,409,text,table_text,table_4,arial,regular,8.0,38tab01_20211228_170122_2190652412_600_800.png,/scratch/parceirosbr/bigoilict/share/BigOil/document_generator/datasets/documents_2021_12_28/38tab01_20211228_170122_2190652412_600_800.png,38tab01_20211228_170122_2190652412_600_800_mask.png,"Dessa forma, "
24,5,48,10,145,399,193,409,145,399,193,399,193,409,145,409,sub_line_text,table_text,table_4,arial,regular,8.0,38tab01_20211228_170122_2190652412_600_800.png,/scratch/parceirosbr/bigoilict/share/BigOil/document_generator/datasets/documents_2021_12_28/38tab01_20211228_170122_2190652412_600_800.png,38tab01_20211228_170122_2190652412_600_800_mask.png,"Dessa forma, "
19,5,39,10,149,413,188,423,149,413,188,413,188,423,149,423,text,table_text,table_4,arial,regular,8.0,38tab01_20211228_170122_2190652412_600_800.png,/scratch/parceirosbr/bigoilict/share/BigOil/document_generator/datasets/documents_2021_12_28/38tab01_20211228_170122_2190652412_600_800.png,38tab01_20211228_170122_2190652412_600_800_mask.png,836366.790
19,5,39,10,149,413,188,423,149,413,188,413,188,423,149,423,sub_line_text,table_text,table_4,arial,regular,8.0,38tab01_20211228_170122_2190652412_600_800.png,/scratch/parceirosbr/bigoilict/share/BigOil/document_generator/datasets/documents_2021_12_28/38tab01_20211228_170122_2190652412_600_800.png,38tab01_20211228_170122_2190652412_600_800_mask.png,836366.790
30,5,60,10,139,424,199,434,139,424,199,424,199,434,139,434,text,table_text,table_4,arial,regular,8.0,38tab01_20211228_170122_2190652412_600_800.png,/scratch/parceirosbr/bigoilict/share/BigOil/document_generator/datasets/documents_2021_12_28/38tab01_20211228_170122_2190652412_600_800.png,38tab01_20211228_170122_2190652412_600_800_mask.png,"Por exemplo, um "
30,5,60,10,139,424,199,434,139,424,199,424,199,434,139,434,sub_line_text,table_text,table_4,arial,regular,8.0,38tab01_20211228_170122_2190652412_600_800.png,/scratch/parceirosbr/bigoilict/share/BigOil/document_generator/datasets/documents_2021_12_28/38tab01_20211228_170122_2190652412_600_800.png,38tab01_20211228_170122_2190652412_600_800_mask.png,"Por exemplo, um "
31,5,62,10,138,435,200,445,138,435,200,435,200,445,138,445,text,table_text,table_4,arial,regular,8.0,38tab01_20211228_170122_2190652412_600_800.png,/scratch/parceirosbr/bigoilict/share/BigOil/document_generator/datasets/documents_2021_12_28/38tab01_20211228_170122_2190652412_600_800.png,38tab01_20211228_170122_2190652412_600_800_mask.png,Agradeço ao meu 
31,5,62,10,138,435,200,445,138,435,200,435,200,445,138,445,sub_line_text,table_text,table_4,arial,regular,8.0,38tab01_20211228_170122_2190652412_600_800.png,/scratch/parceirosbr/bigoilict/share/BigOil/document_generator/datasets/documents_2021_12_28/38tab01_20211228_170122_2190652412_600_800.png,38tab01_20211228_170122_2190652412_600_800_mask.png,Agradeço ao meu 
20,5,40,10,149,446,189,456,149,446,189,446,189,456,149,456,text,table_text,table_4,arial,regular,8.0,38tab01_20211228_170122_2190652412_600_800.png,/scratch/parceirosbr/bigoilict/share/BigOil/document_generator/datasets/documents_2021_12_28/38tab01_20211228_170122_2190652412_600_800.png,38tab01_20211228_170122_2190652412_600_800_mask.png,A origem e 
20,5,40,10,149,446,189,456,149,446,189,446,189,456,149,456,sub_line_text,table_text,table_4,arial,regular,8.0,38tab01_20211228_170122_2190652412_600_800.png,/scratch/parceirosbr/bigoilict/share/BigOil/document_generator/datasets/documents_2021_12_28/38tab01_20211228_170122_2190652412_600_800.png,38tab01_20211228_170122_2190652412_600_800_mask.png,A origem e 
17,5,34,10,152,464,186,474,152,464,186,464,186,474,152,474,text,table_text,table_4,arial,regular,8.0,38tab01_20211228_170122_2190652412_600_800.png,/scratch/parceirosbr/bigoilict/share/BigOil/document_generator/datasets/documents_2021_12_28/38tab01_20211228_170122_2190652412_600_800.png,38tab01_20211228_170122_2190652412_600_800_mask.png,38944.901
17,5,34,10,152,464,186,474,152,464,186,464,186,474,152,474,sub_line_text,table_text,table_4,arial,regular,8.0,38tab01_20211228_170122_2190652412_600_800.png,/scratch/parceirosbr/bigoilict/share/BigOil/document_generator/datasets/documents_2021_12_28/38tab01_20211228_170122_2190652412_600_800.png,38tab01_20211228_170122_2190652412_600_800_mask.png,38944.901
23,5,46,10,146,507,192,517,146,507,192,507,192,517,146,517,text,table_text,table_4,arial,regular,8.0,38tab01_20211228_170122_2190652412_600_800.png,/scratch/parceirosbr/bigoilict/share/BigOil/document_generator/datasets/documents_2021_12_28/38tab01_20211228_170122_2190652412_600_800.png,38tab01_20211228_170122_2190652412_600_800_mask.png,22409545.871
23,5,46,10,146,507,192,517,146,507,192,507,192,517,146,517,sub_line_text,table_text,table_4,arial,regular,8.0,38tab01_20211228_170122_2190652412_600_800.png,/scratch/parceirosbr/bigoilict/share/BigOil/document_generator/datasets/documents_2021_12_28/38tab01_20211228_170122_2190652412_600_800.png,38tab01_20211228_170122_2190652412_600_800_mask.png,22409545.871
27,5,54,10,142,518,196,528,142,518,196,518,196,528,142,528,text,table_text,table_4,arial,regular,8.0,38tab01_20211228_170122_2190652412_600_800.png,/scratch/parceirosbr/bigoilict/share/BigOil/document_generator/datasets/documents_2021_12_28/38tab01_20211228_170122_2190652412_600_800.png,38tab01_20211228_170122_2190652412_600_800_mask.png,"Entretanto, este "
27,5,54,10,142,518,196,528,142,518,196,518,196,528,142,528,sub_line_text,table_text,table_4,arial,regular,8.0,38tab01_20211228_170122_2190652412_600_800.png,/scratch/parceirosbr/bigoilict/share/BigOil/document_generator/datasets/documents_2021_12_28/38tab01_20211228_170122_2190652412_600_800.png,38tab01_20211228_170122_2190652412_600_800_mask.png,"Entretanto, este "
25,5,51,10,143,529,194,539,143,529,194,529,194,539,143,539,text,table_text,table_4,arial,regular,8.0,38tab01_20211228_170122_2190652412_600_800.png,/scratch/parceirosbr/bigoilict/share/BigOil/document_generator/datasets/documents_2021_12_28/38tab01_20211228_170122_2190652412_600_800.png,38tab01_20211228_170122_2190652412_600_800_mask.png,Como se pode 
25,5,51,10,143,529,194,539,143,529,194,529,194,539,143,539,sub_line_text,table_text,table_4,arial,regular,8.0,38tab01_20211228_170122_2190652412_600_800.png,/scratch/parceirosbr/bigoilict/share/BigOil/document_generator/datasets/documents_2021_12_28/38tab01_20211228_170122_2190652412_600_800.png,38tab01_20211228_170122_2190652412_600_800_mask.png,Como se pode 
31,5,62,10,138,540,200,550,138,540,200,540,200,550,138,550,text,table_text,table_4,arial,regular,8.0,38tab01_20211228_170122_2190652412_600_800.png,/scratch/parceirosbr/bigoilict/share/BigOil/document_generator/datasets/documents_2021_12_28/38tab01_20211228_170122_2190652412_600_800.png,38tab01_20211228_170122_2190652412_600_800_mask.png,"Greaves et al, em "
31,5,62,10,138,540,200,550,138,540,200,540,200,550,138,550,sub_line_text,table_text,table_4,arial,regular,8.0,38tab01_20211228_170122_2190652412_600_800.png,/scratch/parceirosbr/bigoilict/share/BigOil/document_generator/datasets/documents_2021_12_28/38tab01_20211228_170122_2190652412_600_800.png,38tab01_20211228_170122_2190652412_600_800_mask.png,"Greaves et al, em "
23,5,47,10,145,556,192,566,145,556,192,556,192,566,145,566,text,table_text,table_4,arial,regular,8.0,38tab01_20211228_170122_2190652412_600_800.png,/scratch/parceirosbr/bigoilict/share/BigOil/document_generator/datasets/documents_2021_12_28/38tab01_20211228_170122_2190652412_600_800.png,38tab01_20211228_170122_2190652412_600_800_mask.png,29008750.678
23,5,47,10,145,556,192,566,145,556,192,556,192,566,145,566,sub_line_text,table_text,table_4,arial,regular,8.0,38tab01_20211228_170122_2190652412_600_800.png,/scratch/parceirosbr/bigoilict/share/BigOil/document_generator/datasets/documents_2021_12_28/38tab01_20211228_170122_2190652412_600_800.png,38tab01_20211228_170122_2190652412_600_800_mask.png,29008750.678
54,5,108,10,239,255,347,265,239,255,347,255,347,265,239,265,text,table_text,table_4,arial,regular,8.0,38tab01_20211228_170122_2190652412_600_800.png,/scratch/parceirosbr/bigoilict/share/BigOil/document_generator/datasets/documents_2021_12_28/38tab01_20211228_170122_2190652412_600_800.png,38tab01_20211228_170122_2190652412_600_800_mask.png,149107638367330075319094141
54,5,108,10,239,255,347,265,239,255,347,255,347,265,239,265,sub_line_text,table_text,table_4,arial,regular,8.0,38tab01_20211228_170122_2190652412_600_800.png,/scratch/parceirosbr/bigoilict/share/BigOil/document_generator/datasets/documents_2021_12_28/38tab01_20211228_170122_2190652412_600_800.png,38tab01_20211228_170122_2190652412_600_800_mask.png,149107638367330075319094141
52,5,105,10,241,296,346,306,241,296,346,296,346,306,241,306,text,table_text,table_4,arial,regular,8.0,38tab01_20211228_170122_2190652412_600_800.png,/scratch/parceirosbr/bigoilict/share/BigOil/document_generator/datasets/documents_2021_12_28/38tab01_20211228_170122_2190652412_600_800.png,38tab01_20211228_170122_2190652412_600_800_mask.png,98951171217340672511242808
52,5,105,10,241,296,346,306,241,296,346,296,346,306,241,306,sub_line_text,table_text,table_4,arial,regular,8.0,38tab01_20211228_170122_2190652412_600_800.png,/scratch/parceirosbr/bigoilict/share/BigOil/document_generator/datasets/documents_2021_12_28/38tab01_20211228_170122_2190652412_600_800.png,38tab01_20211228_170122_2190652412_600_800_mask.png,98951171217340672511242808
72,5,145,10,221,307,366,317,221,307,366,307,366,317,221,317,text,table_text,table_4,arial,regular,8.0,38tab01_20211228_170122_2190652412_600_800.png,/scratch/parceirosbr/bigoilict/share/BigOil/document_generator/datasets/documents_2021_12_28/38tab01_20211228_170122_2190652412_600_800.png,38tab01_20211228_170122_2190652412_600_800_mask.png,A associação da técnica à detecção de por 
72,5,145,10,221,307,366,317,221,307,366,307,366,317,221,317,sub_line_text,table_text,table_4,arial,regular,8.0,38tab01_20211228_170122_2190652412_600_800.png,/scratch/parceirosbr/bigoilict/share/BigOil/document_generator/datasets/documents_2021_12_28/38tab01_20211228_170122_2190652412_600_800.png,38tab01_20211228_170122_2190652412_600_800_mask.png,A associação da técnica à detecção de por 
48,5,97,10,245,318,342,328,245,318,342,318,342,328,245,328,text,table_text,table_4,arial,regular,8.0,38tab01_20211228_170122_2190652412_600_800.png,/scratch/parceirosbr/bigoilict/share/BigOil/document_generator/datasets/documents_2021_12_28/38tab01_20211228_170122_2190652412_600_800.png,38tab01_20211228_170122_2190652412_600_800_mask.png,Migration of seismic data by 
48,5,97,10,245,318,342,328,245,318,342,318,342,328,245,328,sub_line_text,table_text,table_4,arial,regular,8.0,38tab01_20211228_170122_2190652412_600_800.png,/scratch/parceirosbr/bigoilict/share/BigOil/document_generator/datasets/documents_2021_12_28/38tab01_20211228_170122_2190652412_600_800.png,38tab01_20211228_170122_2190652412_600_800_mask.png,Migration of seismic data by 
52,5,105,10,241,330,346,340,241,330,346,330,346,340,241,340,text,table_text,table_4,arial,regular,8.0,38tab01_20211228_170122_2190652412_600_800.png,/scratch/parceirosbr/bigoilict/share/BigOil/document_generator/datasets/documents_2021_12_28/38tab01_20211228_170122_2190652412_600_800.png,38tab01_20211228_170122_2190652412_600_800_mask.png,30717821299429281630379759
52,5,105,10,241,330,346,340,241,330,346,330,346,340,241,340,sub_line_text,table_text,table_4,arial,regular,8.0,38tab01_20211228_170122_2190652412_600_800.png,/scratch/parceirosbr/bigoilict/share/BigOil/document_generator/datasets/documents_2021_12_28/38tab01_20211228_170122_2190652412_600_800.png,38tab01_20211228_170122_2190652412_600_800_mask.png,30717821299429281630379759
63,5,126,10,230,341,356,351,230,341,356,341,356,351,230,351,text,table_text,table_4,arial,regular,8.0,38tab01_20211228_170122_2190652412_600_800.png,/scratch/parceirosbr/bigoilict/share/BigOil/document_generator/datasets/documents_2021_12_28/38tab01_20211228_170122_2190652412_600_800.png,38tab01_20211228_170122_2190652412_600_800_mask.png,"Diante disso, passaremos a tratar do "
63,5,126,10,230,341,356,351,230,341,356,341,356,351,230,351,sub_line_text,table_text,table_4,arial,regular,8.0,38tab01_20211228_170122_2190652412_600_800.png,/scratch/parceirosbr/bigoilict/share/BigOil/document_generator/datasets/documents_2021_12_28/38tab01_20211228_170122_2190652412_600_800.png,38tab01_20211228_170122_2190652412_600_800_mask.png,"Diante disso, passaremos a tratar do "
54,5,109,10,239,359,348,369,239,359,348,359,348,369,239,369,text,table_text,table_4,arial,regular,8.0,38tab01_20211228_170122_2190652412_600_800.png,/scratch/parceirosbr/bigoilict/share/BigOil/document_generator/datasets/documents_2021_12_28/38tab01_20211228_170122_2190652412_600_800.png,38tab01_20211228_170122_2190652412_600_800_mask.png,248437344435958685542804712
54,5,109,10,239,359,348,369,239,359,348,359,348,369,239,369,sub_line_text,table_text,table_4,arial,regular,8.0,38tab01_20211228_170122_2190652412_600_800.png,/scratch/parceirosbr/bigoilict/share/BigOil/document_generator/datasets/documents_2021_12_28/38tab01_20211228_170122_2190652412_600_800.png,38tab01_20211228_170122_2190652412_600_800_mask.png,248437344435958685542804712
70,5,141,10,223,370,364,380,223,370,364,370,364,380,223,380,text,table_text,table_4,arial,regular,8.0,38tab01_20211228_170122_2190652412_600_800.png,/scratch/parceirosbr/bigoilict/share/BigOil/document_generator/datasets/documents_2021_12_28/38tab01_20211228_170122_2190652412_600_800.png,38tab01_20211228_170122_2190652412_600_800_mask.png,A defloculação é melohor alcançada com 
70,5,141,10,223,370,364,380,223,370,364,370,364,380,223,380,sub_line_text,table_text,table_4,arial,regular,8.0,38tab01_20211228_170122_2190652412_600_800.png,/scratch/parceirosbr/bigoilict/share/BigOil/document_generator/datasets/documents_2021_12_28/38tab01_20211228_170122_2190652412_600_800.png,38tab01_20211228_170122_2190652412_600_800_mask.png,A defloculação é melohor alcançada com 
54,5,109,10,239,388,348,398,239,388,348,388,348,398,239,398,text,table_text,table_4,arial,regular,8.0,38tab01_20211228_170122_2190652412_600_800.png,/scratch/parceirosbr/bigoilict/share/BigOil/document_generator/datasets/documents_2021_12_28/38tab01_20211228_170122_2190652412_600_800.png,38tab01_20211228_170122_2190652412_600_800_mask.png,725259410988896987132514047
54,5,109,10,239,388,348,398,239,388,348,388,348,398,239,398,sub_line_text,table_text,table_4,arial,regular,8.0,38tab01_20211228_170122_2190652412_600_800.png,/scratch/parceirosbr/bigoilict/share/BigOil/document_generator/datasets/documents_2021_12_28/38tab01_20211228_170122_2190652412_600_800.png,38tab01_20211228_170122_2190652412_600_800_mask.png,725259410988896987132514047
70,5,141,10,223,399,364,409,223,399,364,399,364,409,223,409,text,table_text,table_4,arial,regular,8.0,38tab01_20211228_170122_2190652412_600_800.png,/scratch/parceirosbr/bigoilict/share/BigOil/document_generator/datasets/documents_2021_12_28/38tab01_20211228_170122_2190652412_600_800.png,38tab01_20211228_170122_2190652412_600_800_mask.png,A oxidação de eteno utiliza oxigênio do ar 
70,5,141,10,223,399,364,409,223,399,364,399,364,409,223,409,sub_line_text,table_text,table_4,arial,regular,8.0,38tab01_20211228_170122_2190652412_600_800.png,/scratch/parceirosbr/bigoilict/share/BigOil/document_generator/datasets/documents_2021_12_28/38tab01_20211228_170122_2190652412_600_800.png,38tab01_20211228_170122_2190652412_600_800_mask.png,A oxidação de eteno utiliza oxigênio do ar 
54,5,109,10,239,413,348,423,239,413,348,413,348,423,239,423,text,table_text,table_4,arial,regular,8.0,38tab01_20211228_170122_2190652412_600_800.png,/scratch/parceirosbr/bigoilict/share/BigOil/document_generator/datasets/documents_2021_12_28/38tab01_20211228_170122_2190652412_600_800.png,38tab01_20211228_170122_2190652412_600_800_mask.png,379079040281953758918065232
54,5,109,10,239,413,348,423,239,413,348,413,348,423,239,423,sub_line_text,table_text,table_4,arial,regular,8.0,38tab01_20211228_170122_2190652412_600_800.png,/scratch/parceirosbr/bigoilict/share/BigOil/document_generator/datasets/documents_2021_12_28/38tab01_20211228_170122_2190652412_600_800.png,38tab01_20211228_170122_2190652412_600_800_mask.png,379079040281953758918065232
72,5,145,10,221,424,366,434,221,424,366,424,366,434,221,434,text,table_text,table_4,arial,regular,8.0,38tab01_20211228_170122_2190652412_600_800.png,/scratch/parceirosbr/bigoilict/share/BigOil/document_generator/datasets/documents_2021_12_28/38tab01_20211228_170122_2190652412_600_800.png,38tab01_20211228_170122_2190652412_600_800_mask.png,Ela sofrerá um tempo menor de exposição 
72,5,145,10,221,424,366,434,221,424,366,424,366,434,221,434,sub_line_text,table_text,table_4,arial,regular,8.0,38tab01_20211228_170122_2190652412_600_800.png,/scratch/parceirosbr/bigoilict/share/BigOil/document_generator/datasets/documents_2021_12_28/38tab01_20211228_170122_2190652412_600_800.png,38tab01_20211228_170122_2190652412_600_800_mask.png,Ela sofrerá um tempo menor de exposição 
60,5,121,10,233,435,354,445,233,435,354,435,354,445,233,445,text,table_text,table_4,arial,regular,8.0,38tab01_20211228_170122_2190652412_600_800.png,/scratch/parceirosbr/bigoilict/share/BigOil/document_generator/datasets/documents_2021_12_28/38tab01_20211228_170122_2190652412_600_800.png,38tab01_20211228_170122_2190652412_600_800_mask.png,Há casos em que a análise térmica 
60,5,121,10,233,435,354,445,233,435,354,435,354,445,233,445,sub_line_text,table_text,table_4,arial,regular,8.0,38tab01_20211228_170122_2190652412_600_800.png,/scratch/parceirosbr/bigoilict/share/BigOil/document_generator/datasets/documents_2021_12_28/38tab01_20211228_170122_2190652412_600_800.png,38tab01_20211228_170122_2190652412_600_800_mask.png,Há casos em que a análise térmica 
64,5,128,10,229,446,357,456,229,446,357,446,357,456,229,456,text,table_text,table_4,arial,regular,8.0,38tab01_20211228_170122_2190652412_600_800.png,/scratch/parceirosbr/bigoilict/share/BigOil/document_generator/datasets/documents_2021_12_28/38tab01_20211228_170122_2190652412_600_800.png,38tab01_20211228_170122_2190652412_600_800_mask.png,No captulo 4 e descrito o processo de 
64,5,128,10,229,446,357,456,229,446,357,446,357,456,229,456,sub_line_text,table_text,table_4,arial,regular,8.0,38tab01_20211228_170122_2190652412_600_800.png,/scratch/parceirosbr/bigoilict/share/BigOil/document_generator/datasets/documents_2021_12_28/38tab01_20211228_170122_2190652412_600_800.png,38tab01_20211228_170122_2190652412_600_800_mask.png,No captulo 4 e descrito o processo de 
52,5,105,10,241,464,346,474,241,464,346,464,346,474,241,474,text,table_text,table_4,arial,regular,8.0,38tab01_20211228_170122_2190652412_600_800.png,/scratch/parceirosbr/bigoilict/share/BigOil/document_generator/datasets/documents_2021_12_28/38tab01_20211228_170122_2190652412_600_800.png,38tab01_20211228_170122_2190652412_600_800_mask.png,92664149536030868171017973
52,5,105,10,241,464,346,474,241,464,346,464,346,474,241,474,sub_line_text,table_text,table_4,arial,regular,8.0,38tab01_20211228_170122_2190652412_600_800.png,/scratch/parceirosbr/bigoilict/share/BigOil/document_generator/datasets/documents_2021_12_28/38tab01_20211228_170122_2190652412_600_800.png,38tab01_20211228_170122_2190652412_600_800_mask.png,92664149536030868171017973
52,5,104,10,241,507,345,517,241,507,345,507,345,517,241,517,text,table_text,table_4,arial,regular,8.0,38tab01_20211228_170122_2190652412_600_800.png,/scratch/parceirosbr/bigoilict/share/BigOil/document_generator/datasets/documents_2021_12_28/38tab01_20211228_170122_2190652412_600_800.png,38tab01_20211228_170122_2190652412_600_800_mask.png,52577157412413699722559521
52,5,104,10,241,507,345,517,241,507,345,507,345,517,241,517,sub_line_text,table_text,table_4,arial,regular,8.0,38tab01_20211228_170122_2190652412_600_800.png,/scratch/parceirosbr/bigoilict/share/BigOil/document_generator/datasets/documents_2021_12_28/38tab01_20211228_170122_2190652412_600_800.png,38tab01_20211228_170122_2190652412_600_800_mask.png,52577157412413699722559521
67,5,134,10,226,518,360,528,226,518,360,518,360,528,226,528,text,table_text,table_4,arial,regular,8.0,38tab01_20211228_170122_2190652412_600_800.png,/scratch/parceirosbr/bigoilict/share/BigOil/document_generator/datasets/documents_2021_12_28/38tab01_20211228_170122_2190652412_600_800.png,38tab01_20211228_170122_2190652412_600_800_mask.png,Em conjunto com algumas empresas e 
67,5,134,10,226,518,360,528,226,518,360,518,360,528,226,528,sub_line_text,table_text,table_4,arial,regular,8.0,38tab01_20211228_170122_2190652412_600_800.png,/scratch/parceirosbr/bigoilict/share/BigOil/document_generator/datasets/documents_2021_12_28/38tab01_20211228_170122_2190652412_600_800.png,38tab01_20211228_170122_2190652412_600_800_mask.png,Em conjunto com algumas empresas e 
72,5,144,10,221,529,365,539,221,529,365,529,365,539,221,539,text,table_text,table_4,arial,regular,8.0,38tab01_20211228_170122_2190652412_600_800.png,/scratch/parceirosbr/bigoilict/share/BigOil/document_generator/datasets/documents_2021_12_28/38tab01_20211228_170122_2190652412_600_800.png,38tab01_20211228_170122_2190652412_600_800_mask.png,"No as zonas de falhas e descontinuidades, "
72,5,144,10,221,529,365,539,221,529,365,529,365,539,221,539,sub_line_text,table_text,table_4,arial,regular,8.0,38tab01_20211228_170122_2190652412_600_800.png,/scratch/parceirosbr/bigoilict/share/BigOil/document_generator/datasets/documents_2021_12_28/38tab01_20211228_170122_2190652412_600_800.png,38tab01_20211228_170122_2190652412_600_800_mask.png,"No as zonas de falhas e descontinuidades, "
69,5,138,10,224,540,362,550,224,540,362,540,362,550,224,550,text,table_text,table_4,arial,regular,8.0,38tab01_20211228_170122_2190652412_600_800.png,/scratch/parceirosbr/bigoilict/share/BigOil/document_generator/datasets/documents_2021_12_28/38tab01_20211228_170122_2190652412_600_800.png,38tab01_20211228_170122_2190652412_600_800_mask.png,Todas as regiões registraram queda nas 
69,5,138,10,224,540,362,550,224,540,362,540,362,550,224,550,sub_line_text,table_text,table_4,arial,regular,8.0,38tab01_20211228_170122_2190652412_600_800.png,/scratch/parceirosbr/bigoilict/share/BigOil/document_generator/datasets/documents_2021_12_28/38tab01_20211228_170122_2190652412_600_800.png,38tab01_20211228_170122_2190652412_600_800_mask.png,Todas as regiões registraram queda nas 
50,5,101,10,243,556,344,566,243,556,344,556,344,566,243,566,text,table_text,table_4,arial,regular,8.0,38tab01_20211228_170122_2190652412_600_800.png,/scratch/parceirosbr/bigoilict/share/BigOil/document_generator/datasets/documents_2021_12_28/38tab01_20211228_170122_2190652412_600_800.png,38tab01_20211228_170122_2190652412_600_800_mask.png,5346234336957016063981347
50,5,101,10,243,556,344,566,243,556,344,556,344,566,243,566,sub_line_text,table_text,table_4,arial,regular,8.0,38tab01_20211228_170122_2190652412_600_800.png,/scratch/parceirosbr/bigoilict/share/BigOil/document_generator/datasets/documents_2021_12_28/38tab01_20211228_170122_2190652412_600_800.png,38tab01_20211228_170122_2190652412_600_800_mask.png,5346234336957016063981347
24,5,49,10,393,233,442,243,393,233,442,233,442,243,393,243,text,table_text,table_4,arial,bold,8.0,38tab01_20211228_170122_2190652412_600_800.png,/scratch/parceirosbr/bigoilict/share/BigOil/document_generator/datasets/documents_2021_12_28/38tab01_20211228_170122_2190652412_600_800.png,38tab01_20211228_170122_2190652412_600_800_mask.png,concorrência
24,5,49,10,393,233,442,243,393,233,442,233,442,243,393,243,sub_line_text,table_text,table_4,arial,bold,8.0,38tab01_20211228_170122_2190652412_600_800.png,/scratch/parceirosbr/bigoilict/share/BigOil/document_generator/datasets/documents_2021_12_28/38tab01_20211228_170122_2190652412_600_800.png,38tab01_20211228_170122_2190652412_600_800_mask.png,concorrência
11,5,22,10,407,255,429,265,407,255,429,255,429,265,407,265,text,table_text,table_4,arial,regular,8.0,38tab01_20211228_170122_2190652412_600_800.png,/scratch/parceirosbr/bigoilict/share/BigOil/document_generator/datasets/documents_2021_12_28/38tab01_20211228_170122_2190652412_600_800.png,38tab01_20211228_170122_2190652412_600_800_mask.png,Como
11,5,22,10,407,255,429,265,407,255,429,255,429,265,407,265,sub_line_text,table_text,table_4,arial,regular,8.0,38tab01_20211228_170122_2190652412_600_800.png,/scratch/parceirosbr/bigoilict/share/BigOil/document_generator/datasets/documents_2021_12_28/38tab01_20211228_170122_2190652412_600_800.png,38tab01_20211228_170122_2190652412_600_800_mask.png,Como
10,5,20,10,408,296,428,306,408,296,428,296,428,306,408,306,text,table_text,table_4,arial,regular,8.0,38tab01_20211228_170122_2190652412_600_800.png,/scratch/parceirosbr/bigoilict/share/BigOil/document_generator/datasets/documents_2021_12_28/38tab01_20211228_170122_2190652412_600_800.png,38tab01_20211228_170122_2190652412_600_800_mask.png,testes
10,5,20,10,408,296,428,306,408,296,428,296,428,306,408,306,sub_line_text,table_text,table_4,arial,regular,8.0,38tab01_20211228_170122_2190652412_600_800.png,/scratch/parceirosbr/bigoilict/share/BigOil/document_generator/datasets/documents_2021_12_28/38tab01_20211228_170122_2190652412_600_800.png,38tab01_20211228_170122_2190652412_600_800_mask.png,testes
28,5,57,10,389,307,446,317,389,307,446,307,446,317,389,317,text,table_text,table_4,arial,regular,8.0,38tab01_20211228_170122_2190652412_600_800.png,/scratch/parceirosbr/bigoilict/share/BigOil/document_generator/datasets/documents_2021_12_28/38tab01_20211228_170122_2190652412_600_800.png,38tab01_20211228_170122_2190652412_600_800_mask.png,Após a hidrólise 
28,5,57,10,389,307,446,317,389,307,446,307,446,317,389,317,sub_line_text,table_text,table_4,arial,regular,8.0,38tab01_20211228_170122_2190652412_600_800.png,/scratch/parceirosbr/bigoilict/share/BigOil/document_generator/datasets/documents_2021_12_28/38tab01_20211228_170122_2190652412_600_800.png,38tab01_20211228_170122_2190652412_600_800_mask.png,Após a hidrólise 
28,5,57,10,389,318,446,328,389,318,446,318,446,328,389,328,text,table_text,table_4,arial,regular,8.0,38tab01_20211228_170122_2190652412_600_800.png,/scratch/parceirosbr/bigoilict/share/BigOil/document_generator/datasets/documents_2021_12_28/38tab01_20211228_170122_2190652412_600_800.png,38tab01_20211228_170122_2190652412_600_800_mask.png,Com o intuito de 
28,5,57,10,389,318,446,328,389,318,446,318,446,328,389,328,sub_line_text,table_text,table_4,arial,regular,8.0,38tab01_20211228_170122_2190652412_600_800.png,/scratch/parceirosbr/bigoilict/share/BigOil/document_generator/datasets/documents_2021_12_28/38tab01_20211228_170122_2190652412_600_800.png,38tab01_20211228_170122_2190652412_600_800_mask.png,Com o intuito de 
21,5,42,10,397,330,439,340,397,330,439,330,439,340,397,340,text,table_text,table_4,arial,regular,8.0,38tab01_20211228_170122_2190652412_600_800.png,/scratch/parceirosbr/bigoilict/share/BigOil/document_generator/datasets/documents_2021_12_28/38tab01_20211228_170122_2190652412_600_800.png,38tab01_20211228_170122_2190652412_600_800_mask.png,absorvância
21,5,42,10,397,330,439,340,397,330,439,330,439,340,397,340,sub_line_text,table_text,table_4,arial,regular,8.0,38tab01_20211228_170122_2190652412_600_800.png,/scratch/parceirosbr/bigoilict/share/BigOil/document_generator/datasets/documents_2021_12_28/38tab01_20211228_170122_2190652412_600_800.png,38tab01_20211228_170122_2190652412_600_800_mask.png,absorvância
33,5,66,10,385,341,451,351,385,341,451,341,451,351,385,351,text,table_text,table_4,arial,regular,8.0,38tab01_20211228_170122_2190652412_600_800.png,/scratch/parceirosbr/bigoilict/share/BigOil/document_generator/datasets/documents_2021_12_28/38tab01_20211228_170122_2190652412_600_800.png,38tab01_20211228_170122_2190652412_600_800_mask.png,Os dados de poços 
33,5,66,10,385,341,451,351,385,341,451,341,451,351,385,351,sub_line_text,table_text,table_4,arial,regular,8.0,38tab01_20211228_170122_2190652412_600_800.png,/scratch/parceirosbr/bigoilict/share/BigOil/document_generator/datasets/documents_2021_12_28/38tab01_20211228_170122_2190652412_600_800.png,38tab01_20211228_170122_2190652412_600_800_mask.png,Os dados de poços 
17,5,34,10,401,359,435,369,401,359,435,359,435,369,401,369,text,table_text,table_4,arial,regular,8.0,38tab01_20211228_170122_2190652412_600_800.png,/scratch/parceirosbr/bigoilict/share/BigOil/document_generator/datasets/documents_2021_12_28/38tab01_20211228_170122_2190652412_600_800.png,38tab01_20211228_170122_2190652412_600_800_mask.png,incentivos
17,5,34,10,401,359,435,369,401,359,435,359,435,369,401,369,sub_line_text,table_text,table_4,arial,regular,8.0,38tab01_20211228_170122_2190652412_600_800.png,/scratch/parceirosbr/bigoilict/share/BigOil/document_generator/datasets/documents_2021_12_28/38tab01_20211228_170122_2190652412_600_800.png,38tab01_20211228_170122_2190652412_600_800_mask.png,incentivos
13,5,27,10,405,370,432,380,405,370,432,370,432,380,405,380,text,table_text,table_4,arial,regular,8.0,38tab01_20211228_170122_2190652412_600_800.png,/scratch/parceirosbr/bigoilict/share/BigOil/document_generator/datasets/documents_2021_12_28/38tab01_20211228_170122_2190652412_600_800.png,38tab01_20211228_170122_2190652412_600_800_mask.png,"Porém, "
13,5,27,10,405,370,432,380,405,370,432,370,432,380,405,380,sub_line_text,table_text,table_4,arial,regular,8.0,38tab01_20211228_170122_2190652412_600_800.png,/scratch/parceirosbr/bigoilict/share/BigOil/document_generator/datasets/documents_2021_12_28/38tab01_20211228_170122_2190652412_600_800.png,38tab01_20211228_170122_2190652412_600_800_mask.png,"Porém, "
11,5,22,10,407,388,429,398,407,388,429,388,429,398,407,398,text,table_text,table_4,arial,regular,8.0,38tab01_20211228_170122_2190652412_600_800.png,/scratch/parceirosbr/bigoilict/share/BigOil/document_generator/datasets/documents_2021_12_28/38tab01_20211228_170122_2190652412_600_800.png,38tab01_20211228_170122_2190652412_600_800_mask.png,possui
11,5,22,10,407,388,429,398,407,388,429,388,429,398,407,398,sub_line_text,table_text,table_4,arial,regular,8.0,38tab01_20211228_170122_2190652412_600_800.png,/scratch/parceirosbr/bigoilict/share/BigOil/document_generator/datasets/documents_2021_12_28/38tab01_20211228_170122_2190652412_600_800.png,38tab01_20211228_170122_2190652412_600_800_mask.png,possui
32,5,64,10,386,399,450,409,386,399,450,399,450,409,386,409,text,table_text,table_4,arial,regular,8.0,38tab01_20211228_170122_2190652412_600_800.png,/scratch/parceirosbr/bigoilict/share/BigOil/document_generator/datasets/documents_2021_12_28/38tab01_20211228_170122_2190652412_600_800.png,38tab01_20211228_170122_2190652412_600_800_mask.png,This study aims to 
32,5,64,10,386,399,450,409,386,399,450,399,450,409,386,409,sub_line_text,table_text,table_4,arial,regular,8.0,38tab01_20211228_170122_2190652412_600_800.png,/scratch/parceirosbr/bigoilict/share/BigOil/document_generator/datasets/documents_2021_12_28/38tab01_20211228_170122_2190652412_600_800.png,38tab01_20211228_170122_2190652412_600_800_mask.png,This study aims to 
24,5,48,10,394,413,442,423,394,413,442,413,442,423,394,423,text,table_text,table_4,arial,regular,8.0,38tab01_20211228_170122_2190652412_600_800.png,/scratch/parceirosbr/bigoilict/share/BigOil/document_generator/datasets/documents_2021_12_28/38tab01_20211228_170122_2190652412_600_800.png,38tab01_20211228_170122_2190652412_600_800_mask.png,anteriormente
24,5,48,10,394,413,442,423,394,413,442,413,442,423,394,423,sub_line_text,table_text,table_4,arial,regular,8.0,38tab01_20211228_170122_2190652412_600_800.png,/scratch/parceirosbr/bigoilict/share/BigOil/document_generator/datasets/documents_2021_12_28/38tab01_20211228_170122_2190652412_600_800.png,38tab01_20211228_170122_2190652412_600_800_mask.png,anteriormente
14,5,29,10,403,464,432,474,403,464,432,464,432,474,403,474,text,table_text,table_4,arial,regular,8.0,38tab01_20211228_170122_2190652412_600_800.png,/scratch/parceirosbr/bigoilict/share/BigOil/document_generator/datasets/documents_2021_12_28/38tab01_20211228_170122_2190652412_600_800.png,38tab01_20211228_170122_2190652412_600_800_mask.png,gasolina
14,5,29,10,403,464,432,474,403,464,432,464,432,474,403,474,sub_line_text,table_text,table_4,arial,regular,8.0,38tab01_20211228_170122_2190652412_600_800.png,/scratch/parceirosbr/bigoilict/share/BigOil/document_generator/datasets/documents_2021_12_28/38tab01_20211228_170122_2190652412_600_800.png,38tab01_20211228_170122_2190652412_600_800_mask.png,gasolina
18,5,37,10,399,475,436,485,399,475,436,475,436,485,399,485,text,table_text,table_4,arial,regular,8.0,38tab01_20211228_170122_2190652412_600_800.png,/scratch/parceirosbr/bigoilict/share/BigOil/document_generator/datasets/documents_2021_12_28/38tab01_20211228_170122_2190652412_600_800.png,38tab01_20211228_170122_2190652412_600_800_mask.png,O trabalho 
18,5,37,10,399,475,436,485,399,475,436,475,436,485,399,485,sub_line_text,table_text,table_4,arial,regular,8.0,38tab01_20211228_170122_2190652412_600_800.png,/scratch/parceirosbr/bigoilict/share/BigOil/document_generator/datasets/documents_2021_12_28/38tab01_20211228_170122_2190652412_600_800.png,38tab01_20211228_170122_2190652412_600_800_mask.png,O trabalho 
30,5,60,10,388,486,448,496,388,486,448,486,448,496,388,496,text,table_text,table_4,arial,regular,8.0,38tab01_20211228_170122_2190652412_600_800.png,/scratch/parceirosbr/bigoilict/share/BigOil/document_generator/datasets/documents_2021_12_28/38tab01_20211228_170122_2190652412_600_800.png,38tab01_20211228_170122_2190652412_600_800_mask.png,proteção do meio 
30,5,60,10,388,486,448,496,388,486,448,486,448,496,388,496,sub_line_text,table_text,table_4,arial,regular,8.0,38tab01_20211228_170122_2190652412_600_800.png,/scratch/parceirosbr/bigoilict/share/BigOil/document_generator/datasets/documents_2021_12_28/38tab01_20211228_170122_2190652412_600_800.png,38tab01_20211228_170122_2190652412_600_800_mask.png,proteção do meio 
14,5,29,10,403,507,432,517,403,507,432,507,432,517,403,517,text,table_text,table_4,arial,regular,8.0,38tab01_20211228_170122_2190652412_600_800.png,/scratch/parceirosbr/bigoilict/share/BigOil/document_generator/datasets/documents_2021_12_28/38tab01_20211228_170122_2190652412_600_800.png,38tab01_20211228_170122_2190652412_600_800_mask.png,métodos
14,5,29,10,403,507,432,517,403,507,432,507,432,517,403,517,sub_line_text,table_text,table_4,arial,regular,8.0,38tab01_20211228_170122_2190652412_600_800.png,/scratch/parceirosbr/bigoilict/share/BigOil/document_generator/datasets/documents_2021_12_28/38tab01_20211228_170122_2190652412_600_800.png,38tab01_20211228_170122_2190652412_600_800_mask.png,métodos
7,5,14,10,411,556,425,566,411,556,425,556,425,566,411,566,text,table_text,table_4,arial,regular,8.0,38tab01_20211228_170122_2190652412_600_800.png,/scratch/parceirosbr/bigoilict/share/BigOil/document_generator/datasets/documents_2021_12_28/38tab01_20211228_170122_2190652412_600_800.png,38tab01_20211228_170122_2190652412_600_800_mask.png,pois
7,5,14,10,411,556,425,566,411,556,425,556,425,566,411,566,sub_line_text,table_text,table_4,arial,regular,8.0,38tab01_20211228_170122_2190652412_600_800.png,/scratch/parceirosbr/bigoilict/share/BigOil/document_generator/datasets/documents_2021_12_28/38tab01_20211228_170122_2190652412_600_800.png,38tab01_20211228_170122_2190652412_600_800_mask.png,pois
14,5,28,10,483,233,511,243,483,233,511,233,511,243,483,243,text,table_text,table_4,arial,regular,8.0,38tab01_20211228_170122_2190652412_600_800.png,/scratch/parceirosbr/bigoilict/share/BigOil/document_generator/datasets/documents_2021_12_28/38tab01_20211228_170122_2190652412_600_800.png,38tab01_20211228_170122_2190652412_600_800_mask.png,distintos
14,5,28,10,483,233,511,243,483,233,511,233,511,243,483,243,sub_line_text,table_text,table_4,arial,regular,8.0,38tab01_20211228_170122_2190652412_600_800.png,/scratch/parceirosbr/bigoilict/share/BigOil/document_generator/datasets/documents_2021_12_28/38tab01_20211228_170122_2190652412_600_800.png,38tab01_20211228_170122_2190652412_600_800_mask.png,distintos
20,5,40,10,477,244,517,254,477,244,517,244,517,254,477,254,text,table_text,table_4,arial,regular,8.0,38tab01_20211228_170122_2190652412_600_800.png,/scratch/parceirosbr/bigoilict/share/BigOil/document_generator/datasets/documents_2021_12_28/38tab01_20211228_170122_2190652412_600_800.png,38tab01_20211228_170122_2190652412_600_800_mask.png,Classe 2: o 
20,5,40,10,477,244,517,254,477,244,517,244,517,254,477,254,sub_line_text,table_text,table_4,arial,regular,8.0,38tab01_20211228_170122_2190652412_600_800.png,/scratch/parceirosbr/bigoilict/share/BigOil/document_generator/datasets/documents_2021_12_28/38tab01_20211228_170122_2190652412_600_800.png,38tab01_20211228_170122_2190652412_600_800_mask.png,Classe 2: o 
15,5,31,10,481,255,512,265,481,255,512,255,512,265,481,265,text,table_text,table_4,arial,regular,8.0,38tab01_20211228_170122_2190652412_600_800.png,/scratch/parceirosbr/bigoilict/share/BigOil/document_generator/datasets/documents_2021_12_28/38tab01_20211228_170122_2190652412_600_800.png,38tab01_20211228_170122_2190652412_600_800_mask.png,700.0460
15,5,31,10,481,255,512,265,481,255,512,255,512,265,481,265,sub_line_text,table_text,table_4,arial,regular,8.0,38tab01_20211228_170122_2190652412_600_800.png,/scratch/parceirosbr/bigoilict/share/BigOil/document_generator/datasets/documents_2021_12_28/38tab01_20211228_170122_2190652412_600_800.png,38tab01_20211228_170122_2190652412_600_800_mask.png,700.0460
11,5,23,10,485,296,508,306,485,296,508,296,508,306,485,306,text,table_text,table_4,arial,regular,8.0,38tab01_20211228_170122_2190652412_600_800.png,/scratch/parceirosbr/bigoilict/share/BigOil/document_generator/datasets/documents_2021_12_28/38tab01_20211228_170122_2190652412_600_800.png,38tab01_20211228_170122_2190652412_600_800_mask.png,4.5689
11,5,23,10,485,296,508,306,485,296,508,296,508,306,485,306,sub_line_text,table_text,table_4,arial,regular,8.0,38tab01_20211228_170122_2190652412_600_800.png,/scratch/parceirosbr/bigoilict/share/BigOil/document_generator/datasets/documents_2021_12_28/38tab01_20211228_170122_2190652412_600_800.png,38tab01_20211228_170122_2190652412_600_800_mask.png,4.5689
28,5,57,10,468,307,525,317,468,307,525,307,525,317,468,317,text,table_text,table_4,arial,regular,8.0,38tab01_20211228_170122_2190652412_600_800.png,/scratch/parceirosbr/bigoilict/share/BigOil/document_generator/datasets/documents_2021_12_28/38tab01_20211228_170122_2190652412_600_800.png,38tab01_20211228_170122_2190652412_600_800_mask.png,O mais indicado 
28,5,57,10,468,307,525,317,468,307,525,307,525,317,468,317,sub_line_text,table_text,table_4,arial,regular,8.0,38tab01_20211228_170122_2190652412_600_800.png,/scratch/parceirosbr/bigoilict/share/BigOil/document_generator/datasets/documents_2021_12_28/38tab01_20211228_170122_2190652412_600_800.png,38tab01_20211228_170122_2190652412_600_800_mask.png,O mais indicado 
29,5,59,10,467,318,526,328,467,318,526,318,526,328,467,328,text,table_text,table_4,arial,regular,8.0,38tab01_20211228_170122_2190652412_600_800.png,/scratch/parceirosbr/bigoilict/share/BigOil/document_generator/datasets/documents_2021_12_28/38tab01_20211228_170122_2190652412_600_800.png,38tab01_20211228_170122_2190652412_600_800_mask.png,Seguindo a etapa 
29,5,59,10,467,318,526,328,467,318,526,318,526,328,467,328,sub_line_text,table_text,table_4,arial,regular,8.0,38tab01_20211228_170122_2190652412_600_800.png,/scratch/parceirosbr/bigoilict/share/BigOil/document_generator/datasets/documents_2021_12_28/38tab01_20211228_170122_2190652412_600_800.png,38tab01_20211228_170122_2190652412_600_800_mask.png,Seguindo a etapa 
17,5,35,10,479,330,514,340,479,330,514,330,514,340,479,340,text,table_text,table_4,arial,regular,8.0,38tab01_20211228_170122_2190652412_600_800.png,/scratch/parceirosbr/bigoilict/share/BigOil/document_generator/datasets/documents_2021_12_28/38tab01_20211228_170122_2190652412_600_800.png,38tab01_20211228_170122_2190652412_600_800_mask.png,1671.7750
17,5,35,10,479,330,514,340,479,330,514,330,514,340,479,340,sub_line_text,table_text,table_4,arial,regular,8.0,38tab01_20211228_170122_2190652412_600_800.png,/scratch/parceirosbr/bigoilict/share/BigOil/document_generator/datasets/documents_2021_12_28/38tab01_20211228_170122_2190652412_600_800.png,38tab01_20211228_170122_2190652412_600_800_mask.png,1671.7750
16,5,32,10,481,341,513,351,481,341,513,341,513,351,481,351,text,table_text,table_4,arial,regular,8.0,38tab01_20211228_170122_2190652412_600_800.png,/scratch/parceirosbr/bigoilict/share/BigOil/document_generator/datasets/documents_2021_12_28/38tab01_20211228_170122_2190652412_600_800.png,38tab01_20211228_170122_2190652412_600_800_mask.png,Aqui são 
16,5,32,10,481,341,513,351,481,341,513,341,513,351,481,351,sub_line_text,table_text,table_4,arial,regular,8.0,38tab01_20211228_170122_2190652412_600_800.png,/scratch/parceirosbr/bigoilict/share/BigOil/document_generator/datasets/documents_2021_12_28/38tab01_20211228_170122_2190652412_600_800.png,38tab01_20211228_170122_2190652412_600_800_mask.png,Aqui são 
19,5,39,10,477,359,516,369,477,359,516,359,516,369,477,369,text,table_text,table_4,arial,regular,8.0,38tab01_20211228_170122_2190652412_600_800.png,/scratch/parceirosbr/bigoilict/share/BigOil/document_generator/datasets/documents_2021_12_28/38tab01_20211228_170122_2190652412_600_800.png,38tab01_20211228_170122_2190652412_600_800_mask.png,13751.4619
19,5,39,10,477,359,516,369,477,359,516,359,516,369,477,369,sub_line_text,table_text,table_4,arial,regular,8.0,38tab01_20211228_170122_2190652412_600_800.png,/scratch/parceirosbr/bigoilict/share/BigOil/document_generator/datasets/documents_2021_12_28/38tab01_20211228_170122_2190652412_600_800.png,38tab01_20211228_170122_2190652412_600_800_mask.png,13751.4619
24,5,48,10,473,370,521,380,473,370,521,370,521,380,473,380,text,table_text,table_4,arial,regular,8.0,38tab01_20211228_170122_2190652412_600_800.png,/scratch/parceirosbr/bigoilict/share/BigOil/document_generator/datasets/documents_2021_12_28/38tab01_20211228_170122_2190652412_600_800.png,38tab01_20211228_170122_2190652412_600_800_mask.png,O segundo se 
24,5,48,10,473,370,521,380,473,370,521,370,521,380,473,380,sub_line_text,table_text,table_4,arial,regular,8.0,38tab01_20211228_170122_2190652412_600_800.png,/scratch/parceirosbr/bigoilict/share/BigOil/document_generator/datasets/documents_2021_12_28/38tab01_20211228_170122_2190652412_600_800.png,38tab01_20211228_170122_2190652412_600_800_mask.png,O segundo se 
15,5,30,10,481,388,511,398,481,388,511,388,511,398,481,398,text,table_text,table_4,arial,regular,8.0,38tab01_20211228_170122_2190652412_600_800.png,/scratch/parceirosbr/bigoilict/share/BigOil/document_generator/datasets/documents_2021_12_28/38tab01_20211228_170122_2190652412_600_800.png,38tab01_20211228_170122_2190652412_600_800_mask.png,150.2111
15,5,30,10,481,388,511,398,481,388,511,388,511,398,481,398,sub_line_text,table_text,table_4,arial,regular,8.0,38tab01_20211228_170122_2190652412_600_800.png,/scratch/parceirosbr/bigoilict/share/BigOil/document_generator/datasets/documents_2021_12_28/38tab01_20211228_170122_2190652412_600_800.png,38tab01_20211228_170122_2190652412_600_800_mask.png,150.2111
19,5,39,10,477,413,516,423,477,413,516,413,516,423,477,423,text,table_text,table_4,arial,regular,8.0,38tab01_20211228_170122_2190652412_600_800.png,/scratch/parceirosbr/bigoilict/share/BigOil/document_generator/datasets/documents_2021_12_28/38tab01_20211228_170122_2190652412_600_800.png,38tab01_20211228_170122_2190652412_600_800_mask.png,56246.1118
19,5,39,10,477,413,516,423,477,413,516,413,516,423,477,423,sub_line_text,table_text,table_4,arial,regular,8.0,38tab01_20211228_170122_2190652412_600_800.png,/scratch/parceirosbr/bigoilict/share/BigOil/document_generator/datasets/documents_2021_12_28/38tab01_20211228_170122_2190652412_600_800.png,38tab01_20211228_170122_2190652412_600_800_mask.png,56246.1118
15,5,31,10,481,464,512,474,481,464,512,464,512,474,481,474,text,table_text,table_4,arial,regular,8.0,38tab01_20211228_170122_2190652412_600_800.png,/scratch/parceirosbr/bigoilict/share/BigOil/document_generator/datasets/documents_2021_12_28/38tab01_20211228_170122_2190652412_600_800.png,38tab01_20211228_170122_2190652412_600_800_mask.png,389.2556
15,5,31,10,481,464,512,474,481,464,512,464,512,474,481,474,sub_line_text,table_text,table_4,arial,regular,8.0,38tab01_20211228_170122_2190652412_600_800.png,/scratch/parceirosbr/bigoilict/share/BigOil/document_generator/datasets/documents_2021_12_28/38tab01_20211228_170122_2190652412_600_800.png,38tab01_20211228_170122_2190652412_600_800_mask.png,389.2556
25,5,51,10,471,475,522,485,471,475,522,475,522,485,471,485,text,table_text,table_4,arial,regular,8.0,38tab01_20211228_170122_2190652412_600_800.png,/scratch/parceirosbr/bigoilict/share/BigOil/document_generator/datasets/documents_2021_12_28/38tab01_20211228_170122_2190652412_600_800.png,38tab01_20211228_170122_2190652412_600_800_mask.png,O escoamento 
25,5,51,10,471,475,522,485,471,475,522,475,522,485,471,485,sub_line_text,table_text,table_4,arial,regular,8.0,38tab01_20211228_170122_2190652412_600_800.png,/scratch/parceirosbr/bigoilict/share/BigOil/document_generator/datasets/documents_2021_12_28/38tab01_20211228_170122_2190652412_600_800.png,38tab01_20211228_170122_2190652412_600_800_mask.png,O escoamento 
30,5,61,10,466,486,527,496,466,486,527,486,527,496,466,496,text,table_text,table_4,arial,regular,8.0,38tab01_20211228_170122_2190652412_600_800.png,/scratch/parceirosbr/bigoilict/share/BigOil/document_generator/datasets/documents_2021_12_28/38tab01_20211228_170122_2190652412_600_800.png,38tab01_20211228_170122_2190652412_600_800_mask.png,O não proibiu que 
30,5,61,10,466,486,527,496,466,486,527,486,527,496,466,496,sub_line_text,table_text,table_4,arial,regular,8.0,38tab01_20211228_170122_2190652412_600_800.png,/scratch/parceirosbr/bigoilict/share/BigOil/document_generator/datasets/documents_2021_12_28/38tab01_20211228_170122_2190652412_600_800.png,38tab01_20211228_170122_2190652412_600_800_mask.png,O não proibiu que 
17,5,35,10,479,507,514,517,479,507,514,507,514,517,479,517,text,table_text,table_4,arial,regular,8.0,38tab01_20211228_170122_2190652412_600_800.png,/scratch/parceirosbr/bigoilict/share/BigOil/document_generator/datasets/documents_2021_12_28/38tab01_20211228_170122_2190652412_600_800.png,38tab01_20211228_170122_2190652412_600_800_mask.png,5396.0093
17,5,35,10,479,507,514,517,479,507,514,507,514,517,479,517,sub_line_text,table_text,table_4,arial,regular,8.0,38tab01_20211228_170122_2190652412_600_800.png,/scratch/parceirosbr/bigoilict/share/BigOil/document_generator/datasets/documents_2021_12_28/38tab01_20211228_170122_2190652412_600_800.png,38tab01_20211228_170122_2190652412_600_800_mask.png,5396.0093
27,5,54,10,469,518,523,528,469,518,523,518,523,528,469,528,text,table_text,table_4,arial,regular,8.0,38tab01_20211228_170122_2190652412_600_800.png,/scratch/parceirosbr/bigoilict/share/BigOil/document_generator/datasets/documents_2021_12_28/38tab01_20211228_170122_2190652412_600_800.png,38tab01_20211228_170122_2190652412_600_800_mask.png,"Dessa forma, a "
27,5,54,10,469,518,523,528,469,518,523,518,523,528,469,528,sub_line_text,table_text,table_4,arial,regular,8.0,38tab01_20211228_170122_2190652412_600_800.png,/scratch/parceirosbr/bigoilict/share/BigOil/document_generator/datasets/documents_2021_12_28/38tab01_20211228_170122_2190652412_600_800.png,38tab01_20211228_170122_2190652412_600_800_mask.png,"Dessa forma, a "
28,5,57,10,468,529,525,539,468,529,525,529,525,539,468,539,text,table_text,table_4,arial,regular,8.0,38tab01_20211228_170122_2190652412_600_800.png,/scratch/parceirosbr/bigoilict/share/BigOil/document_generator/datasets/documents_2021_12_28/38tab01_20211228_170122_2190652412_600_800.png,38tab01_20211228_170122_2190652412_600_800_mask.png,Esse valor é um 
28,5,57,10,468,529,525,539,468,529,525,529,525,539,468,539,sub_line_text,table_text,table_4,arial,regular,8.0,38tab01_20211228_170122_2190652412_600_800.png,/scratch/parceirosbr/bigoilict/share/BigOil/document_generator/datasets/documents_2021_12_28/38tab01_20211228_170122_2190652412_600_800.png,38tab01_20211228_170122_2190652412_600_800_mask.png,Esse valor é um 
32,5,65,10,464,540,529,550,464,540,529,540,529,550,464,550,text,table_text,table_4,arial,regular,8.0,38tab01_20211228_170122_2190652412_600_800.png,/scratch/parceirosbr/bigoilict/share/BigOil/document_generator/datasets/documents_2021_12_28/38tab01_20211228_170122_2190652412_600_800.png,38tab01_20211228_170122_2190652412_600_800_mask.png,"Em seguida, serão "
32,5,65,10,464,540,529,550,464,540,529,540,529,550,464,550,sub_line_text,table_text,table_4,arial,regular,8.0,38tab01_20211228_170122_2190652412_600_800.png,/scratch/parceirosbr/bigoilict/share/BigOil/document_generator/datasets/documents_2021_12_28/38tab01_20211228_170122_2190652412_600_800.png,38tab01_20211228_170122_2190652412_600_800_mask.png,"Em seguida, serão "
15,5,31,10,481,556,512,566,481,556,512,556,512,566,481,566,text,table_text,table_4,arial,regular,8.0,38tab01_20211228_170122_2190652412_600_800.png,/scratch/parceirosbr/bigoilict/share/BigOil/document_generator/datasets/documents_2021_12_28/38tab01_20211228_170122_2190652412_600_800.png,38tab01_20211228_170122_2190652412_600_800_mask.png,291.8246
15,5,31,10,481,556,512,566,481,556,512,556,512,566,481,566,sub_line_text,table_text,table_4,arial,regular,8.0,38tab01_20211228_170122_2190652412_600_800.png,/scratch/parceirosbr/bigoilict/share/BigOil/document_generator/datasets/documents_2021_12_28/38tab01_20211228_170122_2190652412_600_800.png,38tab01_20211228_170122_2190652412_600_800_mask.png,291.8246
