center_x,center_y,width,height,xmin,ymin,xmax,ymax,top_left_x,top_left_y,top_right_x,top_right_y,bottom_right_x,bottom_right_y,bottom_left_x,bottom_left_y,label,grouplabel,group,text_font,text_style,size_font,filename,path,filename_mask,content
300,400,600,800,0,0,600,800,0,0,600,0,600,800,0,800,document,,,,,,38tab01_20211228_170122_2101329416_600_800.png,/scratch/parceirosbr/bigoilict/share/BigOil/document_generator/datasets/documents_2021_12_28/38tab01_20211228_170122_2101329416_600_800.png,38tab01_20211228_170122_2101329416_600_800_mask.png,
241,36,482,73,63,85,545,158,63,85,545,85,545,158,63,158,table,header,table_0,opensans,regular,7.0,38tab01_20211228_170122_2101329416_600_800.png,/scratch/parceirosbr/bigoilict/share/BigOil/document_generator/datasets/documents_2021_12_28/38tab01_20211228_170122_2101329416_600_800.png,38tab01_20211228_170122_2101329416_600_800_mask.png,nan
151,6,302,13,85,87,387,100,85,87,387,87,387,100,85,100,text,table_text,table_0,opensans,bold,10.0,38tab01_20211228_170122_2101329416_600_800.png,/scratch/parceirosbr/bigoilict/share/BigOil/document_generator/datasets/documents_2021_12_28/38tab01_20211228_170122_2101329416_600_800.png,38tab01_20211228_170122_2101329416_600_800_mask.png,Nesta técnica as amostras são aleatoriamente divididas em 
151,6,302,13,85,87,387,100,85,87,387,87,387,100,85,100,sub_line_text,table_text,table_0,opensans,bold,10.0,38tab01_20211228_170122_2101329416_600_800.png,/scratch/parceirosbr/bigoilict/share/BigOil/document_generator/datasets/documents_2021_12_28/38tab01_20211228_170122_2101329416_600_800.png,38tab01_20211228_170122_2101329416_600_800_mask.png,Nesta técnica as amostras são aleatoriamente divididas em 
148,6,297,12,87,105,384,117,87,105,384,105,384,117,87,117,text,table_text,table_0,opensans,bolditalic,9.0,38tab01_20211228_170122_2101329416_600_800.png,/scratch/parceirosbr/bigoilict/share/BigOil/document_generator/datasets/documents_2021_12_28/38tab01_20211228_170122_2101329416_600_800.png,38tab01_20211228_170122_2101329416_600_800_mask.png,"GDF/Suez 41 por um período de 9 anos (2006-2015), além de oferecer ao "
148,6,297,12,87,105,384,117,87,105,384,105,384,117,87,117,sub_line_text,table_text,table_0,opensans,bolditalic,9.0,38tab01_20211228_170122_2101329416_600_800.png,/scratch/parceirosbr/bigoilict/share/BigOil/document_generator/datasets/documents_2021_12_28/38tab01_20211228_170122_2101329416_600_800.png,38tab01_20211228_170122_2101329416_600_800_mask.png,"GDF/Suez 41 por um período de 9 anos (2006-2015), além de oferecer ao "
129,6,259,12,107,123,366,135,107,123,366,123,366,135,107,135,text,table_text,table_0,opensans,bolditalic,9.0,38tab01_20211228_170122_2101329416_600_800.png,/scratch/parceirosbr/bigoilict/share/BigOil/document_generator/datasets/documents_2021_12_28/38tab01_20211228_170122_2101329416_600_800.png,38tab01_20211228_170122_2101329416_600_800_mask.png,O tem como principal alvo os óleos lubrificantes para motores 
129,6,259,12,107,123,366,135,107,123,366,123,366,135,107,135,sub_line_text,table_text,table_0,opensans,bolditalic,9.0,38tab01_20211228_170122_2101329416_600_800.png,/scratch/parceirosbr/bigoilict/share/BigOil/document_generator/datasets/documents_2021_12_28/38tab01_20211228_170122_2101329416_600_800.png,38tab01_20211228_170122_2101329416_600_800_mask.png,O tem como principal alvo os óleos lubrificantes para motores 
13,5,27,10,463,87,490,97,463,87,490,87,490,97,463,97,text,table_text,table_0,opensans,bold,8.0,38tab01_20211228_170122_2101329416_600_800.png,/scratch/parceirosbr/bigoilict/share/BigOil/document_generator/datasets/documents_2021_12_28/38tab01_20211228_170122_2101329416_600_800.png,38tab01_20211228_170122_2101329416_600_800_mask.png,muitas
13,5,27,10,463,87,490,97,463,87,490,87,490,97,463,97,sub_line_text,table_text,table_0,opensans,bold,8.0,38tab01_20211228_170122_2101329416_600_800.png,/scratch/parceirosbr/bigoilict/share/BigOil/document_generator/datasets/documents_2021_12_28/38tab01_20211228_170122_2101329416_600_800.png,38tab01_20211228_170122_2101329416_600_800_mask.png,muitas
9,3,19,6,411,105,430,111,411,105,430,105,430,111,411,111,text,table_text,table_0,opensans,regular,4.0,38tab01_20211228_170122_2101329416_600_800.png,/scratch/parceirosbr/bigoilict/share/BigOil/document_generator/datasets/documents_2021_12_28/38tab01_20211228_170122_2101329416_600_800.png,38tab01_20211228_170122_2101329416_600_800_mask.png,quantitativa
9,3,19,6,411,105,430,111,411,105,430,105,430,111,411,111,sub_line_text,table_text,table_0,opensans,regular,4.0,38tab01_20211228_170122_2101329416_600_800.png,/scratch/parceirosbr/bigoilict/share/BigOil/document_generator/datasets/documents_2021_12_28/38tab01_20211228_170122_2101329416_600_800.png,38tab01_20211228_170122_2101329416_600_800_mask.png,quantitativa
7,3,14,6,411,123,425,129,411,123,425,123,425,129,411,129,text,table_text,table_0,opensans,regular,4.0,38tab01_20211228_170122_2101329416_600_800.png,/scratch/parceirosbr/bigoilict/share/BigOil/document_generator/datasets/documents_2021_12_28/38tab01_20211228_170122_2101329416_600_800.png,38tab01_20211228_170122_2101329416_600_800_mask.png,logística
7,3,14,6,411,123,425,129,411,123,425,123,425,129,411,129,sub_line_text,table_text,table_0,opensans,regular,4.0,38tab01_20211228_170122_2101329416_600_800.png,/scratch/parceirosbr/bigoilict/share/BigOil/document_generator/datasets/documents_2021_12_28/38tab01_20211228_170122_2101329416_600_800.png,38tab01_20211228_170122_2101329416_600_800_mask.png,logística
13,3,26,6,411,141,437,147,411,141,437,141,437,147,411,147,text,table_text,table_0,opensans,regular,4.0,38tab01_20211228_170122_2101329416_600_800.png,/scratch/parceirosbr/bigoilict/share/BigOil/document_generator/datasets/documents_2021_12_28/38tab01_20211228_170122_2101329416_600_800.png,38tab01_20211228_170122_2101329416_600_800_mask.png,anteriormente
13,3,26,6,411,141,437,147,411,141,437,141,437,147,411,147,sub_line_text,table_text,table_0,opensans,regular,4.0,38tab01_20211228_170122_2101329416_600_800.png,/scratch/parceirosbr/bigoilict/share/BigOil/document_generator/datasets/documents_2021_12_28/38tab01_20211228_170122_2101329416_600_800.png,38tab01_20211228_170122_2101329416_600_800_mask.png,anteriormente
16,4,33,9,489,105,522,114,489,105,522,105,522,114,489,114,text,table_text,table_0,opensans,regular,7.0,38tab01_20211228_170122_2101329416_600_800.png,/scratch/parceirosbr/bigoilict/share/BigOil/document_generator/datasets/documents_2021_12_28/38tab01_20211228_170122_2101329416_600_800.png,38tab01_20211228_170122_2101329416_600_800_mask.png,incentivos
16,4,33,9,489,105,522,114,489,105,522,105,522,114,489,114,sub_line_text,table_text,table_0,opensans,regular,7.0,38tab01_20211228_170122_2101329416_600_800.png,/scratch/parceirosbr/bigoilict/share/BigOil/document_generator/datasets/documents_2021_12_28/38tab01_20211228_170122_2101329416_600_800.png,38tab01_20211228_170122_2101329416_600_800_mask.png,incentivos
22,4,44,9,483,123,527,132,483,123,527,123,527,132,483,132,text,table_text,table_0,opensans,regular,7.0,38tab01_20211228_170122_2101329416_600_800.png,/scratch/parceirosbr/bigoilict/share/BigOil/document_generator/datasets/documents_2021_12_28/38tab01_20211228_170122_2101329416_600_800.png,38tab01_20211228_170122_2101329416_600_800_mask.png,infraestrutura
22,4,44,9,483,123,527,132,483,123,527,123,527,132,483,132,sub_line_text,table_text,table_0,opensans,regular,7.0,38tab01_20211228_170122_2101329416_600_800.png,/scratch/parceirosbr/bigoilict/share/BigOil/document_generator/datasets/documents_2021_12_28/38tab01_20211228_170122_2101329416_600_800.png,38tab01_20211228_170122_2101329416_600_800_mask.png,infraestrutura
14,4,29,9,491,141,520,150,491,141,520,141,520,150,491,150,text,table_text,table_0,opensans,regular,7.0,38tab01_20211228_170122_2101329416_600_800.png,/scratch/parceirosbr/bigoilict/share/BigOil/document_generator/datasets/documents_2021_12_28/38tab01_20211228_170122_2101329416_600_800.png,38tab01_20211228_170122_2101329416_600_800_mask.png,mercado
14,4,29,9,491,141,520,150,491,141,520,141,520,150,491,150,sub_line_text,table_text,table_0,opensans,regular,7.0,38tab01_20211228_170122_2101329416_600_800.png,/scratch/parceirosbr/bigoilict/share/BigOil/document_generator/datasets/documents_2021_12_28/38tab01_20211228_170122_2101329416_600_800.png,38tab01_20211228_170122_2101329416_600_800_mask.png,mercado
241,48,482,96,63,623,545,719,63,623,545,623,545,719,63,719,table,footer,table_1,opensans,regular,7.0,38tab01_20211228_170122_2101329416_600_800.png,/scratch/parceirosbr/bigoilict/share/BigOil/document_generator/datasets/documents_2021_12_28/38tab01_20211228_170122_2101329416_600_800.png,38tab01_20211228_170122_2101329416_600_800_mask.png,nan
209,4,418,9,95,625,513,634,95,625,513,625,513,634,95,634,text,table_text,table_1,opensans,bold,7.0,38tab01_20211228_170122_2101329416_600_800.png,/scratch/parceirosbr/bigoilict/share/BigOil/document_generator/datasets/documents_2021_12_28/38tab01_20211228_170122_2101329416_600_800.png,38tab01_20211228_170122_2101329416_600_800_mask.png,"Já as pressões de custos, caracterizam-se principalmente por elevações nos preços dos insumos e demais custos das firmas "
209,4,418,9,95,625,513,634,95,625,513,625,513,634,95,634,sub_line_text,table_text,table_1,opensans,bold,7.0,38tab01_20211228_170122_2101329416_600_800.png,/scratch/parceirosbr/bigoilict/share/BigOil/document_generator/datasets/documents_2021_12_28/38tab01_20211228_170122_2101329416_600_800.png,38tab01_20211228_170122_2101329416_600_800_mask.png,"Já as pressões de custos, caracterizam-se principalmente por elevações nos preços dos insumos e demais custos das firmas "
204,4,408,9,99,637,507,646,99,637,507,637,507,646,99,646,text,table_text,table_1,opensans,regular,7.0,38tab01_20211228_170122_2101329416_600_800.png,/scratch/parceirosbr/bigoilict/share/BigOil/document_generator/datasets/documents_2021_12_28/38tab01_20211228_170122_2101329416_600_800.png,38tab01_20211228_170122_2101329416_600_800_mask.png,Esta política tradicionalmente baseava-se na teoria de organização industrial conhecida como em que a estrutura da empresa 
204,4,408,9,99,637,507,646,99,637,507,637,507,646,99,646,sub_line_text,table_text,table_1,opensans,regular,7.0,38tab01_20211228_170122_2101329416_600_800.png,/scratch/parceirosbr/bigoilict/share/BigOil/document_generator/datasets/documents_2021_12_28/38tab01_20211228_170122_2101329416_600_800.png,38tab01_20211228_170122_2101329416_600_800_mask.png,Esta política tradicionalmente baseava-se na teoria de organização industrial conhecida como em que a estrutura da empresa 
16,4,33,9,287,649,320,658,287,649,320,649,320,658,287,658,text,table_text,table_1,opensans,regular,7.0,38tab01_20211228_170122_2101329416_600_800.png,/scratch/parceirosbr/bigoilict/share/BigOil/document_generator/datasets/documents_2021_12_28/38tab01_20211228_170122_2101329416_600_800.png,38tab01_20211228_170122_2101329416_600_800_mask.png,tamanhos
16,4,33,9,287,649,320,658,287,649,320,649,320,658,287,658,sub_line_text,table_text,table_1,opensans,regular,7.0,38tab01_20211228_170122_2101329416_600_800.png,/scratch/parceirosbr/bigoilict/share/BigOil/document_generator/datasets/documents_2021_12_28/38tab01_20211228_170122_2101329416_600_800.png,38tab01_20211228_170122_2101329416_600_800_mask.png,tamanhos
11,4,22,9,293,679,315,688,293,679,315,679,315,688,293,688,text,table_text,table_1,opensans,regular,7.0,38tab01_20211228_170122_2101329416_600_800.png,/scratch/parceirosbr/bigoilict/share/BigOil/document_generator/datasets/documents_2021_12_28/38tab01_20211228_170122_2101329416_600_800.png,38tab01_20211228_170122_2101329416_600_800_mask.png,reação
11,4,22,9,293,679,315,688,293,679,315,679,315,688,293,688,sub_line_text,table_text,table_1,opensans,regular,7.0,38tab01_20211228_170122_2101329416_600_800.png,/scratch/parceirosbr/bigoilict/share/BigOil/document_generator/datasets/documents_2021_12_28/38tab01_20211228_170122_2101329416_600_800.png,38tab01_20211228_170122_2101329416_600_800_mask.png,reação
235,4,471,9,68,174,539,183,68,174,539,174,539,183,68,183,sub_line_text,text,text_0,opensans,regular,7,38tab01_20211228_170122_2101329416_600_800.png,/scratch/parceirosbr/bigoilict/share/BigOil/document_generator/datasets/documents_2021_12_28/38tab01_20211228_170122_2101329416_600_800.png,38tab01_20211228_170122_2101329416_600_800_mask.png,"A  concentração micelar crítica é influenciada, de modo particular, basicamente por três fatores: a natureza do tensoativo, a temperatura e a força"
234,4,468,9,68,189,536,198,68,189,536,189,536,198,68,198,sub_line_text,text,text_0,opensans,regular,7,38tab01_20211228_170122_2101329416_600_800.png,/scratch/parceirosbr/bigoilict/share/BigOil/document_generator/datasets/documents_2021_12_28/38tab01_20211228_170122_2101329416_600_800.png,38tab01_20211228_170122_2101329416_600_800_mask.png,iônica. A emergência de modelos de negócios inovadores para apoiar o desenvolvimento da eletrificação veicular 2015. 113 f. 31 cm. A do filtro.
235,12,471,24,68,174,539,198,68,174,539,174,539,198,68,198,text,text,text_0,opensans,regular,7,38tab01_20211228_170122_2101329416_600_800.png,/scratch/parceirosbr/bigoilict/share/BigOil/document_generator/datasets/documents_2021_12_28/38tab01_20211228_170122_2101329416_600_800.png,38tab01_20211228_170122_2101329416_600_800_mask.png,nan
236,30,472,61,68,209,540,270,68,209,540,209,540,270,68,270,table,table_image,table_2,opensans,regular,7.0,38tab01_20211228_170122_2101329416_600_800.png,/scratch/parceirosbr/bigoilict/share/BigOil/document_generator/datasets/documents_2021_12_28/38tab01_20211228_170122_2101329416_600_800.png,38tab01_20211228_170122_2101329416_600_800_mask.png,nan
4,4,8,9,98,211,106,220,98,211,106,211,106,220,98,220,text,table_text,table_2,opensans,italic,7.0,38tab01_20211228_170122_2101329416_600_800.png,/scratch/parceirosbr/bigoilict/share/BigOil/document_generator/datasets/documents_2021_12_28/38tab01_20211228_170122_2101329416_600_800.png,38tab01_20211228_170122_2101329416_600_800_mask.png,da
4,4,8,9,98,211,106,220,98,211,106,211,106,220,98,220,sub_line_text,table_text,table_2,opensans,italic,7.0,38tab01_20211228_170122_2101329416_600_800.png,/scratch/parceirosbr/bigoilict/share/BigOil/document_generator/datasets/documents_2021_12_28/38tab01_20211228_170122_2101329416_600_800.png,38tab01_20211228_170122_2101329416_600_800_mask.png,da
9,4,18,9,94,223,112,232,94,223,112,223,112,232,94,232,text,table_text,table_2,opensans,regular,7.0,38tab01_20211228_170122_2101329416_600_800.png,/scratch/parceirosbr/bigoilict/share/BigOil/document_generator/datasets/documents_2021_12_28/38tab01_20211228_170122_2101329416_600_800.png,38tab01_20211228_170122_2101329416_600_800_mask.png,balão
9,4,18,9,94,223,112,232,94,223,112,223,112,232,94,232,sub_line_text,table_text,table_2,opensans,regular,7.0,38tab01_20211228_170122_2101329416_600_800.png,/scratch/parceirosbr/bigoilict/share/BigOil/document_generator/datasets/documents_2021_12_28/38tab01_20211228_170122_2101329416_600_800.png,38tab01_20211228_170122_2101329416_600_800_mask.png,balão
8,4,17,9,94,235,111,244,94,235,111,235,111,244,94,244,text,table_text,table_2,opensans,regular,7.0,38tab01_20211228_170122_2101329416_600_800.png,/scratch/parceirosbr/bigoilict/share/BigOil/document_generator/datasets/documents_2021_12_28/38tab01_20211228_170122_2101329416_600_800.png,38tab01_20211228_170122_2101329416_600_800_mask.png,picos
8,4,17,9,94,235,111,244,94,235,111,235,111,244,94,244,sub_line_text,table_text,table_2,opensans,regular,7.0,38tab01_20211228_170122_2101329416_600_800.png,/scratch/parceirosbr/bigoilict/share/BigOil/document_generator/datasets/documents_2021_12_28/38tab01_20211228_170122_2101329416_600_800.png,38tab01_20211228_170122_2101329416_600_800_mask.png,picos
5,4,11,9,97,247,108,256,97,247,108,247,108,256,97,256,text,table_text,table_2,opensans,regular,7.0,38tab01_20211228_170122_2101329416_600_800.png,/scratch/parceirosbr/bigoilict/share/BigOil/document_generator/datasets/documents_2021_12_28/38tab01_20211228_170122_2101329416_600_800.png,38tab01_20211228_170122_2101329416_600_800_mask.png,uso
5,4,11,9,97,247,108,256,97,247,108,247,108,256,97,256,sub_line_text,table_text,table_2,opensans,regular,7.0,38tab01_20211228_170122_2101329416_600_800.png,/scratch/parceirosbr/bigoilict/share/BigOil/document_generator/datasets/documents_2021_12_28/38tab01_20211228_170122_2101329416_600_800.png,38tab01_20211228_170122_2101329416_600_800_mask.png,uso
4,4,8,9,98,259,106,268,98,259,106,259,106,268,98,268,text,table_text,table_2,opensans,regular,7.0,38tab01_20211228_170122_2101329416_600_800.png,/scratch/parceirosbr/bigoilict/share/BigOil/document_generator/datasets/documents_2021_12_28/38tab01_20211228_170122_2101329416_600_800.png,38tab01_20211228_170122_2101329416_600_800_mask.png,de
4,4,8,9,98,259,106,268,98,259,106,259,106,268,98,268,sub_line_text,table_text,table_2,opensans,regular,7.0,38tab01_20211228_170122_2101329416_600_800.png,/scratch/parceirosbr/bigoilict/share/BigOil/document_generator/datasets/documents_2021_12_28/38tab01_20211228_170122_2101329416_600_800.png,38tab01_20211228_170122_2101329416_600_800_mask.png,de
4,4,8,9,144,211,152,220,144,211,152,211,152,220,144,220,text,table_text,table_2,opensans,italic,7.0,38tab01_20211228_170122_2101329416_600_800.png,/scratch/parceirosbr/bigoilict/share/BigOil/document_generator/datasets/documents_2021_12_28/38tab01_20211228_170122_2101329416_600_800.png,38tab01_20211228_170122_2101329416_600_800_mask.png,ao
4,4,8,9,144,211,152,220,144,211,152,211,152,220,144,220,sub_line_text,table_text,table_2,opensans,italic,7.0,38tab01_20211228_170122_2101329416_600_800.png,/scratch/parceirosbr/bigoilict/share/BigOil/document_generator/datasets/documents_2021_12_28/38tab01_20211228_170122_2101329416_600_800.png,38tab01_20211228_170122_2101329416_600_800_mask.png,ao
7,4,14,9,140,223,154,232,140,223,154,223,154,232,140,232,text,table_text,table_2,opensans,regular,7.0,38tab01_20211228_170122_2101329416_600_800.png,/scratch/parceirosbr/bigoilict/share/BigOil/document_generator/datasets/documents_2021_12_28/38tab01_20211228_170122_2101329416_600_800.png,38tab01_20211228_170122_2101329416_600_800_mask.png,36.4
7,4,14,9,140,223,154,232,140,223,154,223,154,232,140,232,sub_line_text,table_text,table_2,opensans,regular,7.0,38tab01_20211228_170122_2101329416_600_800.png,/scratch/parceirosbr/bigoilict/share/BigOil/document_generator/datasets/documents_2021_12_28/38tab01_20211228_170122_2101329416_600_800.png,38tab01_20211228_170122_2101329416_600_800_mask.png,36.4
7,4,14,9,140,235,154,244,140,235,154,235,154,244,140,244,text,table_text,table_2,opensans,regular,7.0,38tab01_20211228_170122_2101329416_600_800.png,/scratch/parceirosbr/bigoilict/share/BigOil/document_generator/datasets/documents_2021_12_28/38tab01_20211228_170122_2101329416_600_800.png,38tab01_20211228_170122_2101329416_600_800_mask.png,60.1
7,4,14,9,140,235,154,244,140,235,154,235,154,244,140,244,sub_line_text,table_text,table_2,opensans,regular,7.0,38tab01_20211228_170122_2101329416_600_800.png,/scratch/parceirosbr/bigoilict/share/BigOil/document_generator/datasets/documents_2021_12_28/38tab01_20211228_170122_2101329416_600_800.png,38tab01_20211228_170122_2101329416_600_800_mask.png,60.1
7,4,14,9,140,247,154,256,140,247,154,247,154,256,140,256,text,table_text,table_2,opensans,regular,7.0,38tab01_20211228_170122_2101329416_600_800.png,/scratch/parceirosbr/bigoilict/share/BigOil/document_generator/datasets/documents_2021_12_28/38tab01_20211228_170122_2101329416_600_800.png,38tab01_20211228_170122_2101329416_600_800_mask.png,92.6
7,4,14,9,140,247,154,256,140,247,154,247,154,256,140,256,sub_line_text,table_text,table_2,opensans,regular,7.0,38tab01_20211228_170122_2101329416_600_800.png,/scratch/parceirosbr/bigoilict/share/BigOil/document_generator/datasets/documents_2021_12_28/38tab01_20211228_170122_2101329416_600_800.png,38tab01_20211228_170122_2101329416_600_800_mask.png,92.6
7,4,14,9,140,259,154,268,140,259,154,259,154,268,140,268,text,table_text,table_2,opensans,regular,7.0,38tab01_20211228_170122_2101329416_600_800.png,/scratch/parceirosbr/bigoilict/share/BigOil/document_generator/datasets/documents_2021_12_28/38tab01_20211228_170122_2101329416_600_800.png,38tab01_20211228_170122_2101329416_600_800_mask.png,60.6
7,4,14,9,140,259,154,268,140,259,154,259,154,268,140,268,sub_line_text,table_text,table_2,opensans,regular,7.0,38tab01_20211228_170122_2101329416_600_800.png,/scratch/parceirosbr/bigoilict/share/BigOil/document_generator/datasets/documents_2021_12_28/38tab01_20211228_170122_2101329416_600_800.png,38tab01_20211228_170122_2101329416_600_800_mask.png,60.6
3,4,7,9,170,211,177,220,170,211,177,211,177,220,170,220,text,table_text,table_2,opensans,italic,7.0,38tab01_20211228_170122_2101329416_600_800.png,/scratch/parceirosbr/bigoilict/share/BigOil/document_generator/datasets/documents_2021_12_28/38tab01_20211228_170122_2101329416_600_800.png,38tab01_20211228_170122_2101329416_600_800_mask.png,às
3,4,7,9,170,211,177,220,170,211,177,211,177,220,170,220,sub_line_text,table_text,table_2,opensans,italic,7.0,38tab01_20211228_170122_2101329416_600_800.png,/scratch/parceirosbr/bigoilict/share/BigOil/document_generator/datasets/documents_2021_12_28/38tab01_20211228_170122_2101329416_600_800.png,38tab01_20211228_170122_2101329416_600_800_mask.png,às
7,4,14,9,167,223,181,232,167,223,181,223,181,232,167,232,text,table_text,table_2,opensans,regular,7.0,38tab01_20211228_170122_2101329416_600_800.png,/scratch/parceirosbr/bigoilict/share/BigOil/document_generator/datasets/documents_2021_12_28/38tab01_20211228_170122_2101329416_600_800.png,38tab01_20211228_170122_2101329416_600_800_mask.png,46.7
7,4,14,9,167,223,181,232,167,223,181,223,181,232,167,232,sub_line_text,table_text,table_2,opensans,regular,7.0,38tab01_20211228_170122_2101329416_600_800.png,/scratch/parceirosbr/bigoilict/share/BigOil/document_generator/datasets/documents_2021_12_28/38tab01_20211228_170122_2101329416_600_800.png,38tab01_20211228_170122_2101329416_600_800_mask.png,46.7
9,4,18,9,165,235,183,244,165,235,183,235,183,244,165,244,text,table_text,table_2,opensans,regular,7.0,38tab01_20211228_170122_2101329416_600_800.png,/scratch/parceirosbr/bigoilict/share/BigOil/document_generator/datasets/documents_2021_12_28/38tab01_20211228_170122_2101329416_600_800.png,38tab01_20211228_170122_2101329416_600_800_mask.png,716.0
9,4,18,9,165,235,183,244,165,235,183,235,183,244,165,244,sub_line_text,table_text,table_2,opensans,regular,7.0,38tab01_20211228_170122_2101329416_600_800.png,/scratch/parceirosbr/bigoilict/share/BigOil/document_generator/datasets/documents_2021_12_28/38tab01_20211228_170122_2101329416_600_800.png,38tab01_20211228_170122_2101329416_600_800_mask.png,716.0
7,4,14,9,167,247,181,256,167,247,181,247,181,256,167,256,text,table_text,table_2,opensans,regular,7.0,38tab01_20211228_170122_2101329416_600_800.png,/scratch/parceirosbr/bigoilict/share/BigOil/document_generator/datasets/documents_2021_12_28/38tab01_20211228_170122_2101329416_600_800.png,38tab01_20211228_170122_2101329416_600_800_mask.png,86.3
7,4,14,9,167,247,181,256,167,247,181,247,181,256,167,256,sub_line_text,table_text,table_2,opensans,regular,7.0,38tab01_20211228_170122_2101329416_600_800.png,/scratch/parceirosbr/bigoilict/share/BigOil/document_generator/datasets/documents_2021_12_28/38tab01_20211228_170122_2101329416_600_800.png,38tab01_20211228_170122_2101329416_600_800_mask.png,86.3
9,4,18,9,165,259,183,268,165,259,183,259,183,268,165,268,text,table_text,table_2,opensans,regular,7.0,38tab01_20211228_170122_2101329416_600_800.png,/scratch/parceirosbr/bigoilict/share/BigOil/document_generator/datasets/documents_2021_12_28/38tab01_20211228_170122_2101329416_600_800.png,38tab01_20211228_170122_2101329416_600_800_mask.png,368.7
9,4,18,9,165,259,183,268,165,259,183,259,183,268,165,268,sub_line_text,table_text,table_2,opensans,regular,7.0,38tab01_20211228_170122_2101329416_600_800.png,/scratch/parceirosbr/bigoilict/share/BigOil/document_generator/datasets/documents_2021_12_28/38tab01_20211228_170122_2101329416_600_800.png,38tab01_20211228_170122_2101329416_600_800_mask.png,368.7
10,4,21,9,200,211,221,220,200,211,221,211,221,220,200,220,text,table_text,table_2,opensans,italic,7.0,38tab01_20211228_170122_2101329416_600_800.png,/scratch/parceirosbr/bigoilict/share/BigOil/document_generator/datasets/documents_2021_12_28/38tab01_20211228_170122_2101329416_600_800.png,38tab01_20211228_170122_2101329416_600_800_mask.png,possui
10,4,21,9,200,211,221,220,200,211,221,211,221,220,200,220,sub_line_text,table_text,table_2,opensans,italic,7.0,38tab01_20211228_170122_2101329416_600_800.png,/scratch/parceirosbr/bigoilict/share/BigOil/document_generator/datasets/documents_2021_12_28/38tab01_20211228_170122_2101329416_600_800.png,38tab01_20211228_170122_2101329416_600_800_mask.png,possui
9,4,18,9,202,223,220,232,202,223,220,223,220,232,202,232,text,table_text,table_2,opensans,regular,7.0,38tab01_20211228_170122_2101329416_600_800.png,/scratch/parceirosbr/bigoilict/share/BigOil/document_generator/datasets/documents_2021_12_28/38tab01_20211228_170122_2101329416_600_800.png,38tab01_20211228_170122_2101329416_600_800_mask.png,6.543
9,4,18,9,202,223,220,232,202,223,220,223,220,232,202,232,sub_line_text,table_text,table_2,opensans,regular,7.0,38tab01_20211228_170122_2101329416_600_800.png,/scratch/parceirosbr/bigoilict/share/BigOil/document_generator/datasets/documents_2021_12_28/38tab01_20211228_170122_2101329416_600_800.png,38tab01_20211228_170122_2101329416_600_800_mask.png,6.543
9,4,18,9,202,235,220,244,202,235,220,235,220,244,202,244,text,table_text,table_2,opensans,regular,7.0,38tab01_20211228_170122_2101329416_600_800.png,/scratch/parceirosbr/bigoilict/share/BigOil/document_generator/datasets/documents_2021_12_28/38tab01_20211228_170122_2101329416_600_800.png,38tab01_20211228_170122_2101329416_600_800_mask.png,1.616
9,4,18,9,202,235,220,244,202,235,220,235,220,244,202,244,sub_line_text,table_text,table_2,opensans,regular,7.0,38tab01_20211228_170122_2101329416_600_800.png,/scratch/parceirosbr/bigoilict/share/BigOil/document_generator/datasets/documents_2021_12_28/38tab01_20211228_170122_2101329416_600_800.png,38tab01_20211228_170122_2101329416_600_800_mask.png,1.616
9,4,18,9,202,247,220,256,202,247,220,247,220,256,202,256,text,table_text,table_2,opensans,regular,7.0,38tab01_20211228_170122_2101329416_600_800.png,/scratch/parceirosbr/bigoilict/share/BigOil/document_generator/datasets/documents_2021_12_28/38tab01_20211228_170122_2101329416_600_800.png,38tab01_20211228_170122_2101329416_600_800_mask.png,8.231
9,4,18,9,202,247,220,256,202,247,220,247,220,256,202,256,sub_line_text,table_text,table_2,opensans,regular,7.0,38tab01_20211228_170122_2101329416_600_800.png,/scratch/parceirosbr/bigoilict/share/BigOil/document_generator/datasets/documents_2021_12_28/38tab01_20211228_170122_2101329416_600_800.png,38tab01_20211228_170122_2101329416_600_800_mask.png,8.231
9,4,18,9,202,259,220,268,202,259,220,259,220,268,202,268,text,table_text,table_2,opensans,regular,7.0,38tab01_20211228_170122_2101329416_600_800.png,/scratch/parceirosbr/bigoilict/share/BigOil/document_generator/datasets/documents_2021_12_28/38tab01_20211228_170122_2101329416_600_800.png,38tab01_20211228_170122_2101329416_600_800_mask.png,7.912
9,4,18,9,202,259,220,268,202,259,220,259,220,268,202,268,sub_line_text,table_text,table_2,opensans,regular,7.0,38tab01_20211228_170122_2101329416_600_800.png,/scratch/parceirosbr/bigoilict/share/BigOil/document_generator/datasets/documents_2021_12_28/38tab01_20211228_170122_2101329416_600_800.png,38tab01_20211228_170122_2101329416_600_800_mask.png,7.912
2,4,4,9,240,211,244,220,240,211,244,211,244,220,240,220,text,table_text,table_2,opensans,italic,7.0,38tab01_20211228_170122_2101329416_600_800.png,/scratch/parceirosbr/bigoilict/share/BigOil/document_generator/datasets/documents_2021_12_28/38tab01_20211228_170122_2101329416_600_800.png,38tab01_20211228_170122_2101329416_600_800_mask.png,e
2,4,4,9,240,211,244,220,240,211,244,211,244,220,240,220,sub_line_text,table_text,table_2,opensans,italic,7.0,38tab01_20211228_170122_2101329416_600_800.png,/scratch/parceirosbr/bigoilict/share/BigOil/document_generator/datasets/documents_2021_12_28/38tab01_20211228_170122_2101329416_600_800.png,38tab01_20211228_170122_2101329416_600_800_mask.png,e
6,4,12,9,236,223,248,232,236,223,248,223,248,232,236,232,text,table_text,table_2,opensans,regular,7.0,38tab01_20211228_170122_2101329416_600_800.png,/scratch/parceirosbr/bigoilict/share/BigOil/document_generator/datasets/documents_2021_12_28/38tab01_20211228_170122_2101329416_600_800.png,38tab01_20211228_170122_2101329416_600_800_mask.png,711
6,4,12,9,236,223,248,232,236,223,248,223,248,232,236,232,sub_line_text,table_text,table_2,opensans,regular,7.0,38tab01_20211228_170122_2101329416_600_800.png,/scratch/parceirosbr/bigoilict/share/BigOil/document_generator/datasets/documents_2021_12_28/38tab01_20211228_170122_2101329416_600_800.png,38tab01_20211228_170122_2101329416_600_800_mask.png,711
4,4,8,9,238,235,246,244,238,235,246,235,246,244,238,244,text,table_text,table_2,opensans,regular,7.0,38tab01_20211228_170122_2101329416_600_800.png,/scratch/parceirosbr/bigoilict/share/BigOil/document_generator/datasets/documents_2021_12_28/38tab01_20211228_170122_2101329416_600_800.png,38tab01_20211228_170122_2101329416_600_800_mask.png,19
4,4,8,9,238,235,246,244,238,235,246,235,246,244,238,244,sub_line_text,table_text,table_2,opensans,regular,7.0,38tab01_20211228_170122_2101329416_600_800.png,/scratch/parceirosbr/bigoilict/share/BigOil/document_generator/datasets/documents_2021_12_28/38tab01_20211228_170122_2101329416_600_800.png,38tab01_20211228_170122_2101329416_600_800_mask.png,19
8,4,16,9,234,247,250,256,234,247,250,247,250,256,234,256,text,table_text,table_2,opensans,regular,7.0,38tab01_20211228_170122_2101329416_600_800.png,/scratch/parceirosbr/bigoilict/share/BigOil/document_generator/datasets/documents_2021_12_28/38tab01_20211228_170122_2101329416_600_800.png,38tab01_20211228_170122_2101329416_600_800_mask.png,4749
8,4,16,9,234,247,250,256,234,247,250,247,250,256,234,256,sub_line_text,table_text,table_2,opensans,regular,7.0,38tab01_20211228_170122_2101329416_600_800.png,/scratch/parceirosbr/bigoilict/share/BigOil/document_generator/datasets/documents_2021_12_28/38tab01_20211228_170122_2101329416_600_800.png,38tab01_20211228_170122_2101329416_600_800_mask.png,4749
6,4,12,9,236,259,248,268,236,259,248,259,248,268,236,268,text,table_text,table_2,opensans,regular,7.0,38tab01_20211228_170122_2101329416_600_800.png,/scratch/parceirosbr/bigoilict/share/BigOil/document_generator/datasets/documents_2021_12_28/38tab01_20211228_170122_2101329416_600_800.png,38tab01_20211228_170122_2101329416_600_800_mask.png,564
6,4,12,9,236,259,248,268,236,259,248,259,248,268,236,268,sub_line_text,table_text,table_2,opensans,regular,7.0,38tab01_20211228_170122_2101329416_600_800.png,/scratch/parceirosbr/bigoilict/share/BigOil/document_generator/datasets/documents_2021_12_28/38tab01_20211228_170122_2101329416_600_800.png,38tab01_20211228_170122_2101329416_600_800_mask.png,564
10,4,21,9,264,211,285,220,264,211,285,211,285,220,264,220,text,table_text,table_2,opensans,italic,7.0,38tab01_20211228_170122_2101329416_600_800.png,/scratch/parceirosbr/bigoilict/share/BigOil/document_generator/datasets/documents_2021_12_28/38tab01_20211228_170122_2101329416_600_800.png,38tab01_20211228_170122_2101329416_600_800_mask.png,termos
10,4,21,9,264,211,285,220,264,211,285,211,285,220,264,220,sub_line_text,table_text,table_2,opensans,italic,7.0,38tab01_20211228_170122_2101329416_600_800.png,/scratch/parceirosbr/bigoilict/share/BigOil/document_generator/datasets/documents_2021_12_28/38tab01_20211228_170122_2101329416_600_800.png,38tab01_20211228_170122_2101329416_600_800_mask.png,termos
11,4,22,9,263,223,285,232,263,223,285,223,285,232,263,232,text,table_text,table_2,opensans,regular,7.0,38tab01_20211228_170122_2101329416_600_800.png,/scratch/parceirosbr/bigoilict/share/BigOil/document_generator/datasets/documents_2021_12_28/38tab01_20211228_170122_2101329416_600_800.png,38tab01_20211228_170122_2101329416_600_800_mask.png,3.6811
11,4,22,9,263,223,285,232,263,223,285,223,285,232,263,232,sub_line_text,table_text,table_2,opensans,regular,7.0,38tab01_20211228_170122_2101329416_600_800.png,/scratch/parceirosbr/bigoilict/share/BigOil/document_generator/datasets/documents_2021_12_28/38tab01_20211228_170122_2101329416_600_800.png,38tab01_20211228_170122_2101329416_600_800_mask.png,3.6811
11,4,22,9,263,235,285,244,263,235,285,235,285,244,263,244,text,table_text,table_2,opensans,regular,7.0,38tab01_20211228_170122_2101329416_600_800.png,/scratch/parceirosbr/bigoilict/share/BigOil/document_generator/datasets/documents_2021_12_28/38tab01_20211228_170122_2101329416_600_800.png,38tab01_20211228_170122_2101329416_600_800_mask.png,1.2370
11,4,22,9,263,235,285,244,263,235,285,235,285,244,263,244,sub_line_text,table_text,table_2,opensans,regular,7.0,38tab01_20211228_170122_2101329416_600_800.png,/scratch/parceirosbr/bigoilict/share/BigOil/document_generator/datasets/documents_2021_12_28/38tab01_20211228_170122_2101329416_600_800.png,38tab01_20211228_170122_2101329416_600_800_mask.png,1.2370
11,4,22,9,263,247,285,256,263,247,285,247,285,256,263,256,text,table_text,table_2,opensans,regular,7.0,38tab01_20211228_170122_2101329416_600_800.png,/scratch/parceirosbr/bigoilict/share/BigOil/document_generator/datasets/documents_2021_12_28/38tab01_20211228_170122_2101329416_600_800.png,38tab01_20211228_170122_2101329416_600_800_mask.png,8.8600
11,4,22,9,263,247,285,256,263,247,285,247,285,256,263,256,sub_line_text,table_text,table_2,opensans,regular,7.0,38tab01_20211228_170122_2101329416_600_800.png,/scratch/parceirosbr/bigoilict/share/BigOil/document_generator/datasets/documents_2021_12_28/38tab01_20211228_170122_2101329416_600_800.png,38tab01_20211228_170122_2101329416_600_800_mask.png,8.8600
11,4,22,9,263,259,285,268,263,259,285,259,285,268,263,268,text,table_text,table_2,opensans,regular,7.0,38tab01_20211228_170122_2101329416_600_800.png,/scratch/parceirosbr/bigoilict/share/BigOil/document_generator/datasets/documents_2021_12_28/38tab01_20211228_170122_2101329416_600_800.png,38tab01_20211228_170122_2101329416_600_800_mask.png,5.1417
11,4,22,9,263,259,285,268,263,259,285,259,285,268,263,268,sub_line_text,table_text,table_2,opensans,regular,7.0,38tab01_20211228_170122_2101329416_600_800.png,/scratch/parceirosbr/bigoilict/share/BigOil/document_generator/datasets/documents_2021_12_28/38tab01_20211228_170122_2101329416_600_800.png,38tab01_20211228_170122_2101329416_600_800_mask.png,5.1417
3,4,7,9,302,211,309,220,302,211,309,211,309,220,302,220,text,table_text,table_2,opensans,italic,7.0,38tab01_20211228_170122_2101329416_600_800.png,/scratch/parceirosbr/bigoilict/share/BigOil/document_generator/datasets/documents_2021_12_28/38tab01_20211228_170122_2101329416_600_800.png,38tab01_20211228_170122_2101329416_600_800_mask.png,as
3,4,7,9,302,211,309,220,302,211,309,211,309,220,302,220,sub_line_text,table_text,table_2,opensans,italic,7.0,38tab01_20211228_170122_2101329416_600_800.png,/scratch/parceirosbr/bigoilict/share/BigOil/document_generator/datasets/documents_2021_12_28/38tab01_20211228_170122_2101329416_600_800.png,38tab01_20211228_170122_2101329416_600_800_mask.png,as
7,4,14,9,298,223,312,232,298,223,312,223,312,232,298,232,text,table_text,table_2,opensans,regular,7.0,38tab01_20211228_170122_2101329416_600_800.png,/scratch/parceirosbr/bigoilict/share/BigOil/document_generator/datasets/documents_2021_12_28/38tab01_20211228_170122_2101329416_600_800.png,38tab01_20211228_170122_2101329416_600_800_mask.png,82.5
7,4,14,9,298,223,312,232,298,223,312,223,312,232,298,232,sub_line_text,table_text,table_2,opensans,regular,7.0,38tab01_20211228_170122_2101329416_600_800.png,/scratch/parceirosbr/bigoilict/share/BigOil/document_generator/datasets/documents_2021_12_28/38tab01_20211228_170122_2101329416_600_800.png,38tab01_20211228_170122_2101329416_600_800_mask.png,82.5
7,4,14,9,298,235,312,244,298,235,312,235,312,244,298,244,text,table_text,table_2,opensans,regular,7.0,38tab01_20211228_170122_2101329416_600_800.png,/scratch/parceirosbr/bigoilict/share/BigOil/document_generator/datasets/documents_2021_12_28/38tab01_20211228_170122_2101329416_600_800.png,38tab01_20211228_170122_2101329416_600_800_mask.png,41.9
7,4,14,9,298,235,312,244,298,235,312,235,312,244,298,244,sub_line_text,table_text,table_2,opensans,regular,7.0,38tab01_20211228_170122_2101329416_600_800.png,/scratch/parceirosbr/bigoilict/share/BigOil/document_generator/datasets/documents_2021_12_28/38tab01_20211228_170122_2101329416_600_800.png,38tab01_20211228_170122_2101329416_600_800_mask.png,41.9
7,4,14,9,298,247,312,256,298,247,312,247,312,256,298,256,text,table_text,table_2,opensans,regular,7.0,38tab01_20211228_170122_2101329416_600_800.png,/scratch/parceirosbr/bigoilict/share/BigOil/document_generator/datasets/documents_2021_12_28/38tab01_20211228_170122_2101329416_600_800.png,38tab01_20211228_170122_2101329416_600_800_mask.png,26.0
7,4,14,9,298,247,312,256,298,247,312,247,312,256,298,256,sub_line_text,table_text,table_2,opensans,regular,7.0,38tab01_20211228_170122_2101329416_600_800.png,/scratch/parceirosbr/bigoilict/share/BigOil/document_generator/datasets/documents_2021_12_28/38tab01_20211228_170122_2101329416_600_800.png,38tab01_20211228_170122_2101329416_600_800_mask.png,26.0
7,4,14,9,298,259,312,268,298,259,312,259,312,268,298,268,text,table_text,table_2,opensans,regular,7.0,38tab01_20211228_170122_2101329416_600_800.png,/scratch/parceirosbr/bigoilict/share/BigOil/document_generator/datasets/documents_2021_12_28/38tab01_20211228_170122_2101329416_600_800.png,38tab01_20211228_170122_2101329416_600_800_mask.png,11.6
7,4,14,9,298,259,312,268,298,259,312,259,312,268,298,268,sub_line_text,table_text,table_2,opensans,regular,7.0,38tab01_20211228_170122_2101329416_600_800.png,/scratch/parceirosbr/bigoilict/share/BigOil/document_generator/datasets/documents_2021_12_28/38tab01_20211228_170122_2101329416_600_800.png,38tab01_20211228_170122_2101329416_600_800_mask.png,11.6
4,4,9,9,322,211,331,220,322,211,331,211,331,220,322,220,text,table_text,table_2,opensans,italic,7.0,38tab01_20211228_170122_2101329416_600_800.png,/scratch/parceirosbr/bigoilict/share/BigOil/document_generator/datasets/documents_2021_12_28/38tab01_20211228_170122_2101329416_600_800.png,38tab01_20211228_170122_2101329416_600_800_mask.png,em
4,4,9,9,322,211,331,220,322,211,331,211,331,220,322,220,sub_line_text,table_text,table_2,opensans,italic,7.0,38tab01_20211228_170122_2101329416_600_800.png,/scratch/parceirosbr/bigoilict/share/BigOil/document_generator/datasets/documents_2021_12_28/38tab01_20211228_170122_2101329416_600_800.png,38tab01_20211228_170122_2101329416_600_800_mask.png,em
6,4,12,9,320,223,332,232,320,223,332,223,332,232,320,232,text,table_text,table_2,opensans,regular,7.0,38tab01_20211228_170122_2101329416_600_800.png,/scratch/parceirosbr/bigoilict/share/BigOil/document_generator/datasets/documents_2021_12_28/38tab01_20211228_170122_2101329416_600_800.png,38tab01_20211228_170122_2101329416_600_800_mask.png,200
6,4,12,9,320,223,332,232,320,223,332,223,332,232,320,232,sub_line_text,table_text,table_2,opensans,regular,7.0,38tab01_20211228_170122_2101329416_600_800.png,/scratch/parceirosbr/bigoilict/share/BigOil/document_generator/datasets/documents_2021_12_28/38tab01_20211228_170122_2101329416_600_800.png,38tab01_20211228_170122_2101329416_600_800_mask.png,200
6,4,12,9,320,235,332,244,320,235,332,235,332,244,320,244,text,table_text,table_2,opensans,regular,7.0,38tab01_20211228_170122_2101329416_600_800.png,/scratch/parceirosbr/bigoilict/share/BigOil/document_generator/datasets/documents_2021_12_28/38tab01_20211228_170122_2101329416_600_800.png,38tab01_20211228_170122_2101329416_600_800_mask.png,337
6,4,12,9,320,235,332,244,320,235,332,235,332,244,320,244,sub_line_text,table_text,table_2,opensans,regular,7.0,38tab01_20211228_170122_2101329416_600_800.png,/scratch/parceirosbr/bigoilict/share/BigOil/document_generator/datasets/documents_2021_12_28/38tab01_20211228_170122_2101329416_600_800.png,38tab01_20211228_170122_2101329416_600_800_mask.png,337
4,4,8,9,322,247,330,256,322,247,330,247,330,256,322,256,text,table_text,table_2,opensans,regular,7.0,38tab01_20211228_170122_2101329416_600_800.png,/scratch/parceirosbr/bigoilict/share/BigOil/document_generator/datasets/documents_2021_12_28/38tab01_20211228_170122_2101329416_600_800.png,38tab01_20211228_170122_2101329416_600_800_mask.png,32
4,4,8,9,322,247,330,256,322,247,330,247,330,256,322,256,sub_line_text,table_text,table_2,opensans,regular,7.0,38tab01_20211228_170122_2101329416_600_800.png,/scratch/parceirosbr/bigoilict/share/BigOil/document_generator/datasets/documents_2021_12_28/38tab01_20211228_170122_2101329416_600_800.png,38tab01_20211228_170122_2101329416_600_800_mask.png,32
6,4,12,9,320,259,332,268,320,259,332,259,332,268,320,268,text,table_text,table_2,opensans,regular,7.0,38tab01_20211228_170122_2101329416_600_800.png,/scratch/parceirosbr/bigoilict/share/BigOil/document_generator/datasets/documents_2021_12_28/38tab01_20211228_170122_2101329416_600_800.png,38tab01_20211228_170122_2101329416_600_800_mask.png,378
6,4,12,9,320,259,332,268,320,259,332,259,332,268,320,268,sub_line_text,table_text,table_2,opensans,regular,7.0,38tab01_20211228_170122_2101329416_600_800.png,/scratch/parceirosbr/bigoilict/share/BigOil/document_generator/datasets/documents_2021_12_28/38tab01_20211228_170122_2101329416_600_800.png,38tab01_20211228_170122_2101329416_600_800_mask.png,378
5,4,11,9,342,211,353,220,342,211,353,211,353,220,342,220,text,table_text,table_2,opensans,italic,7.0,38tab01_20211228_170122_2101329416_600_800.png,/scratch/parceirosbr/bigoilict/share/BigOil/document_generator/datasets/documents_2021_12_28/38tab01_20211228_170122_2101329416_600_800.png,38tab01_20211228_170122_2101329416_600_800_mask.png,são
5,4,11,9,342,211,353,220,342,211,353,211,353,220,342,220,sub_line_text,table_text,table_2,opensans,italic,7.0,38tab01_20211228_170122_2101329416_600_800.png,/scratch/parceirosbr/bigoilict/share/BigOil/document_generator/datasets/documents_2021_12_28/38tab01_20211228_170122_2101329416_600_800.png,38tab01_20211228_170122_2101329416_600_800_mask.png,são
4,4,8,9,344,223,352,232,344,223,352,223,352,232,344,232,text,table_text,table_2,opensans,regular,7.0,38tab01_20211228_170122_2101329416_600_800.png,/scratch/parceirosbr/bigoilict/share/BigOil/document_generator/datasets/documents_2021_12_28/38tab01_20211228_170122_2101329416_600_800.png,38tab01_20211228_170122_2101329416_600_800_mask.png,14
4,4,8,9,344,223,352,232,344,223,352,223,352,232,344,232,sub_line_text,table_text,table_2,opensans,regular,7.0,38tab01_20211228_170122_2101329416_600_800.png,/scratch/parceirosbr/bigoilict/share/BigOil/document_generator/datasets/documents_2021_12_28/38tab01_20211228_170122_2101329416_600_800.png,38tab01_20211228_170122_2101329416_600_800_mask.png,14
8,4,16,9,340,235,356,244,340,235,356,235,356,244,340,244,text,table_text,table_2,opensans,regular,7.0,38tab01_20211228_170122_2101329416_600_800.png,/scratch/parceirosbr/bigoilict/share/BigOil/document_generator/datasets/documents_2021_12_28/38tab01_20211228_170122_2101329416_600_800.png,38tab01_20211228_170122_2101329416_600_800_mask.png,7327
8,4,16,9,340,235,356,244,340,235,356,235,356,244,340,244,sub_line_text,table_text,table_2,opensans,regular,7.0,38tab01_20211228_170122_2101329416_600_800.png,/scratch/parceirosbr/bigoilict/share/BigOil/document_generator/datasets/documents_2021_12_28/38tab01_20211228_170122_2101329416_600_800.png,38tab01_20211228_170122_2101329416_600_800_mask.png,7327
6,4,12,9,342,247,354,256,342,247,354,247,354,256,342,256,text,table_text,table_2,opensans,regular,7.0,38tab01_20211228_170122_2101329416_600_800.png,/scratch/parceirosbr/bigoilict/share/BigOil/document_generator/datasets/documents_2021_12_28/38tab01_20211228_170122_2101329416_600_800.png,38tab01_20211228_170122_2101329416_600_800_mask.png,292
6,4,12,9,342,247,354,256,342,247,354,247,354,256,342,256,sub_line_text,table_text,table_2,opensans,regular,7.0,38tab01_20211228_170122_2101329416_600_800.png,/scratch/parceirosbr/bigoilict/share/BigOil/document_generator/datasets/documents_2021_12_28/38tab01_20211228_170122_2101329416_600_800.png,38tab01_20211228_170122_2101329416_600_800_mask.png,292
8,4,16,9,340,259,356,268,340,259,356,259,356,268,340,268,text,table_text,table_2,opensans,regular,7.0,38tab01_20211228_170122_2101329416_600_800.png,/scratch/parceirosbr/bigoilict/share/BigOil/document_generator/datasets/documents_2021_12_28/38tab01_20211228_170122_2101329416_600_800.png,38tab01_20211228_170122_2101329416_600_800_mask.png,8894
8,4,16,9,340,259,356,268,340,259,356,259,356,268,340,268,sub_line_text,table_text,table_2,opensans,regular,7.0,38tab01_20211228_170122_2101329416_600_800.png,/scratch/parceirosbr/bigoilict/share/BigOil/document_generator/datasets/documents_2021_12_28/38tab01_20211228_170122_2101329416_600_800.png,38tab01_20211228_170122_2101329416_600_800_mask.png,8894
10,4,21,9,364,211,385,220,364,211,385,211,385,220,364,220,text,table_text,table_2,opensans,italic,7.0,38tab01_20211228_170122_2101329416_600_800.png,/scratch/parceirosbr/bigoilict/share/BigOil/document_generator/datasets/documents_2021_12_28/38tab01_20211228_170122_2101329416_600_800.png,38tab01_20211228_170122_2101329416_600_800_mask.png,preços
10,4,21,9,364,211,385,220,364,211,385,211,385,220,364,220,sub_line_text,table_text,table_2,opensans,italic,7.0,38tab01_20211228_170122_2101329416_600_800.png,/scratch/parceirosbr/bigoilict/share/BigOil/document_generator/datasets/documents_2021_12_28/38tab01_20211228_170122_2101329416_600_800.png,38tab01_20211228_170122_2101329416_600_800_mask.png,preços
7,4,14,9,367,223,381,232,367,223,381,223,381,232,367,232,text,table_text,table_2,opensans,regular,7.0,38tab01_20211228_170122_2101329416_600_800.png,/scratch/parceirosbr/bigoilict/share/BigOil/document_generator/datasets/documents_2021_12_28/38tab01_20211228_170122_2101329416_600_800.png,38tab01_20211228_170122_2101329416_600_800_mask.png,57.3
7,4,14,9,367,223,381,232,367,223,381,223,381,232,367,232,sub_line_text,table_text,table_2,opensans,regular,7.0,38tab01_20211228_170122_2101329416_600_800.png,/scratch/parceirosbr/bigoilict/share/BigOil/document_generator/datasets/documents_2021_12_28/38tab01_20211228_170122_2101329416_600_800.png,38tab01_20211228_170122_2101329416_600_800_mask.png,57.3
7,4,14,9,367,235,381,244,367,235,381,235,381,244,367,244,text,table_text,table_2,opensans,regular,7.0,38tab01_20211228_170122_2101329416_600_800.png,/scratch/parceirosbr/bigoilict/share/BigOil/document_generator/datasets/documents_2021_12_28/38tab01_20211228_170122_2101329416_600_800.png,38tab01_20211228_170122_2101329416_600_800_mask.png,68.9
7,4,14,9,367,235,381,244,367,235,381,235,381,244,367,244,sub_line_text,table_text,table_2,opensans,regular,7.0,38tab01_20211228_170122_2101329416_600_800.png,/scratch/parceirosbr/bigoilict/share/BigOil/document_generator/datasets/documents_2021_12_28/38tab01_20211228_170122_2101329416_600_800.png,38tab01_20211228_170122_2101329416_600_800_mask.png,68.9
7,4,14,9,367,247,381,256,367,247,381,247,381,256,367,256,text,table_text,table_2,opensans,regular,7.0,38tab01_20211228_170122_2101329416_600_800.png,/scratch/parceirosbr/bigoilict/share/BigOil/document_generator/datasets/documents_2021_12_28/38tab01_20211228_170122_2101329416_600_800.png,38tab01_20211228_170122_2101329416_600_800_mask.png,96.5
7,4,14,9,367,247,381,256,367,247,381,247,381,256,367,256,sub_line_text,table_text,table_2,opensans,regular,7.0,38tab01_20211228_170122_2101329416_600_800.png,/scratch/parceirosbr/bigoilict/share/BigOil/document_generator/datasets/documents_2021_12_28/38tab01_20211228_170122_2101329416_600_800.png,38tab01_20211228_170122_2101329416_600_800_mask.png,96.5
9,4,18,9,365,259,383,268,365,259,383,259,383,268,365,268,text,table_text,table_2,opensans,regular,7.0,38tab01_20211228_170122_2101329416_600_800.png,/scratch/parceirosbr/bigoilict/share/BigOil/document_generator/datasets/documents_2021_12_28/38tab01_20211228_170122_2101329416_600_800.png,38tab01_20211228_170122_2101329416_600_800_mask.png,356.7
9,4,18,9,365,259,383,268,365,259,383,259,383,268,365,268,sub_line_text,table_text,table_2,opensans,regular,7.0,38tab01_20211228_170122_2101329416_600_800.png,/scratch/parceirosbr/bigoilict/share/BigOil/document_generator/datasets/documents_2021_12_28/38tab01_20211228_170122_2101329416_600_800.png,38tab01_20211228_170122_2101329416_600_800_mask.png,356.7
7,4,15,9,393,211,408,220,393,211,408,211,408,220,393,220,text,table_text,table_2,opensans,italic,7.0,38tab01_20211228_170122_2101329416_600_800.png,/scratch/parceirosbr/bigoilict/share/BigOil/document_generator/datasets/documents_2021_12_28/38tab01_20211228_170122_2101329416_600_800.png,38tab01_20211228_170122_2101329416_600_800_mask.png,base
7,4,15,9,393,211,408,220,393,211,408,211,408,220,393,220,sub_line_text,table_text,table_2,opensans,italic,7.0,38tab01_20211228_170122_2101329416_600_800.png,/scratch/parceirosbr/bigoilict/share/BigOil/document_generator/datasets/documents_2021_12_28/38tab01_20211228_170122_2101329416_600_800.png,38tab01_20211228_170122_2101329416_600_800_mask.png,base
6,4,12,9,394,223,406,232,394,223,406,223,406,232,394,232,text,table_text,table_2,opensans,regular,7.0,38tab01_20211228_170122_2101329416_600_800.png,/scratch/parceirosbr/bigoilict/share/BigOil/document_generator/datasets/documents_2021_12_28/38tab01_20211228_170122_2101329416_600_800.png,38tab01_20211228_170122_2101329416_600_800_mask.png,850
6,4,12,9,394,223,406,232,394,223,406,223,406,232,394,232,sub_line_text,table_text,table_2,opensans,regular,7.0,38tab01_20211228_170122_2101329416_600_800.png,/scratch/parceirosbr/bigoilict/share/BigOil/document_generator/datasets/documents_2021_12_28/38tab01_20211228_170122_2101329416_600_800.png,38tab01_20211228_170122_2101329416_600_800_mask.png,850
8,4,16,9,392,235,408,244,392,235,408,235,408,244,392,244,text,table_text,table_2,opensans,regular,7.0,38tab01_20211228_170122_2101329416_600_800.png,/scratch/parceirosbr/bigoilict/share/BigOil/document_generator/datasets/documents_2021_12_28/38tab01_20211228_170122_2101329416_600_800.png,38tab01_20211228_170122_2101329416_600_800_mask.png,5646
8,4,16,9,392,235,408,244,392,235,408,235,408,244,392,244,sub_line_text,table_text,table_2,opensans,regular,7.0,38tab01_20211228_170122_2101329416_600_800.png,/scratch/parceirosbr/bigoilict/share/BigOil/document_generator/datasets/documents_2021_12_28/38tab01_20211228_170122_2101329416_600_800.png,38tab01_20211228_170122_2101329416_600_800_mask.png,5646
4,4,8,9,396,247,404,256,396,247,404,247,404,256,396,256,text,table_text,table_2,opensans,regular,7.0,38tab01_20211228_170122_2101329416_600_800.png,/scratch/parceirosbr/bigoilict/share/BigOil/document_generator/datasets/documents_2021_12_28/38tab01_20211228_170122_2101329416_600_800.png,38tab01_20211228_170122_2101329416_600_800_mask.png,38
4,4,8,9,396,247,404,256,396,247,404,247,404,256,396,256,sub_line_text,table_text,table_2,opensans,regular,7.0,38tab01_20211228_170122_2101329416_600_800.png,/scratch/parceirosbr/bigoilict/share/BigOil/document_generator/datasets/documents_2021_12_28/38tab01_20211228_170122_2101329416_600_800.png,38tab01_20211228_170122_2101329416_600_800_mask.png,38
6,4,12,9,394,259,406,268,394,259,406,259,406,268,394,268,text,table_text,table_2,opensans,regular,7.0,38tab01_20211228_170122_2101329416_600_800.png,/scratch/parceirosbr/bigoilict/share/BigOil/document_generator/datasets/documents_2021_12_28/38tab01_20211228_170122_2101329416_600_800.png,38tab01_20211228_170122_2101329416_600_800_mask.png,360
6,4,12,9,394,259,406,268,394,259,406,259,406,268,394,268,sub_line_text,table_text,table_2,opensans,regular,7.0,38tab01_20211228_170122_2101329416_600_800.png,/scratch/parceirosbr/bigoilict/share/BigOil/document_generator/datasets/documents_2021_12_28/38tab01_20211228_170122_2101329416_600_800.png,38tab01_20211228_170122_2101329416_600_800_mask.png,360
13,4,27,9,420,211,447,220,420,211,447,211,447,220,420,220,text,table_text,table_2,opensans,italic,7.0,38tab01_20211228_170122_2101329416_600_800.png,/scratch/parceirosbr/bigoilict/share/BigOil/document_generator/datasets/documents_2021_12_28/38tab01_20211228_170122_2101329416_600_800.png,38tab01_20211228_170122_2101329416_600_800_mask.png,emissões
13,4,27,9,420,211,447,220,420,211,447,211,447,220,420,220,sub_line_text,table_text,table_2,opensans,italic,7.0,38tab01_20211228_170122_2101329416_600_800.png,/scratch/parceirosbr/bigoilict/share/BigOil/document_generator/datasets/documents_2021_12_28/38tab01_20211228_170122_2101329416_600_800.png,38tab01_20211228_170122_2101329416_600_800_mask.png,emissões
15,4,30,9,419,223,449,232,419,223,449,223,449,232,419,232,text,table_text,table_2,opensans,regular,7.0,38tab01_20211228_170122_2101329416_600_800.png,/scratch/parceirosbr/bigoilict/share/BigOil/document_generator/datasets/documents_2021_12_28/38tab01_20211228_170122_2101329416_600_800.png,38tab01_20211228_170122_2101329416_600_800_mask.png,22840.48
15,4,30,9,419,223,449,232,419,223,449,223,449,232,419,232,sub_line_text,table_text,table_2,opensans,regular,7.0,38tab01_20211228_170122_2101329416_600_800.png,/scratch/parceirosbr/bigoilict/share/BigOil/document_generator/datasets/documents_2021_12_28/38tab01_20211228_170122_2101329416_600_800.png,38tab01_20211228_170122_2101329416_600_800_mask.png,22840.48
15,4,30,9,419,235,449,244,419,235,449,235,449,244,419,244,text,table_text,table_2,opensans,regular,7.0,38tab01_20211228_170122_2101329416_600_800.png,/scratch/parceirosbr/bigoilict/share/BigOil/document_generator/datasets/documents_2021_12_28/38tab01_20211228_170122_2101329416_600_800.png,38tab01_20211228_170122_2101329416_600_800_mask.png,45123.67
15,4,30,9,419,235,449,244,419,235,449,235,449,244,419,244,sub_line_text,table_text,table_2,opensans,regular,7.0,38tab01_20211228_170122_2101329416_600_800.png,/scratch/parceirosbr/bigoilict/share/BigOil/document_generator/datasets/documents_2021_12_28/38tab01_20211228_170122_2101329416_600_800.png,38tab01_20211228_170122_2101329416_600_800_mask.png,45123.67
13,4,26,9,421,247,447,256,421,247,447,247,447,256,421,256,text,table_text,table_2,opensans,regular,7.0,38tab01_20211228_170122_2101329416_600_800.png,/scratch/parceirosbr/bigoilict/share/BigOil/document_generator/datasets/documents_2021_12_28/38tab01_20211228_170122_2101329416_600_800.png,38tab01_20211228_170122_2101329416_600_800_mask.png,9205.83
13,4,26,9,421,247,447,256,421,247,447,247,447,256,421,256,sub_line_text,table_text,table_2,opensans,regular,7.0,38tab01_20211228_170122_2101329416_600_800.png,/scratch/parceirosbr/bigoilict/share/BigOil/document_generator/datasets/documents_2021_12_28/38tab01_20211228_170122_2101329416_600_800.png,38tab01_20211228_170122_2101329416_600_800_mask.png,9205.83
15,4,30,9,419,259,449,268,419,259,449,259,449,268,419,268,text,table_text,table_2,opensans,regular,7.0,38tab01_20211228_170122_2101329416_600_800.png,/scratch/parceirosbr/bigoilict/share/BigOil/document_generator/datasets/documents_2021_12_28/38tab01_20211228_170122_2101329416_600_800.png,38tab01_20211228_170122_2101329416_600_800_mask.png,41643.46
15,4,30,9,419,259,449,268,419,259,449,259,449,268,419,268,sub_line_text,table_text,table_2,opensans,regular,7.0,38tab01_20211228_170122_2101329416_600_800.png,/scratch/parceirosbr/bigoilict/share/BigOil/document_generator/datasets/documents_2021_12_28/38tab01_20211228_170122_2101329416_600_800.png,38tab01_20211228_170122_2101329416_600_800_mask.png,41643.46
4,4,8,9,464,211,472,220,464,211,472,211,472,220,464,220,text,table_text,table_2,opensans,italic,7.0,38tab01_20211228_170122_2101329416_600_800.png,/scratch/parceirosbr/bigoilict/share/BigOil/document_generator/datasets/documents_2021_12_28/38tab01_20211228_170122_2101329416_600_800.png,38tab01_20211228_170122_2101329416_600_800_mask.png,na
4,4,8,9,464,211,472,220,464,211,472,211,472,220,464,220,sub_line_text,table_text,table_2,opensans,italic,7.0,38tab01_20211228_170122_2101329416_600_800.png,/scratch/parceirosbr/bigoilict/share/BigOil/document_generator/datasets/documents_2021_12_28/38tab01_20211228_170122_2101329416_600_800.png,38tab01_20211228_170122_2101329416_600_800_mask.png,na
6,4,12,9,462,223,474,232,462,223,474,223,474,232,462,232,text,table_text,table_2,opensans,regular,7.0,38tab01_20211228_170122_2101329416_600_800.png,/scratch/parceirosbr/bigoilict/share/BigOil/document_generator/datasets/documents_2021_12_28/38tab01_20211228_170122_2101329416_600_800.png,38tab01_20211228_170122_2101329416_600_800_mask.png,935
6,4,12,9,462,223,474,232,462,223,474,223,474,232,462,232,sub_line_text,table_text,table_2,opensans,regular,7.0,38tab01_20211228_170122_2101329416_600_800.png,/scratch/parceirosbr/bigoilict/share/BigOil/document_generator/datasets/documents_2021_12_28/38tab01_20211228_170122_2101329416_600_800.png,38tab01_20211228_170122_2101329416_600_800_mask.png,935
8,4,16,9,460,235,476,244,460,235,476,235,476,244,460,244,text,table_text,table_2,opensans,regular,7.0,38tab01_20211228_170122_2101329416_600_800.png,/scratch/parceirosbr/bigoilict/share/BigOil/document_generator/datasets/documents_2021_12_28/38tab01_20211228_170122_2101329416_600_800.png,38tab01_20211228_170122_2101329416_600_800_mask.png,3719
8,4,16,9,460,235,476,244,460,235,476,235,476,244,460,244,sub_line_text,table_text,table_2,opensans,regular,7.0,38tab01_20211228_170122_2101329416_600_800.png,/scratch/parceirosbr/bigoilict/share/BigOil/document_generator/datasets/documents_2021_12_28/38tab01_20211228_170122_2101329416_600_800.png,38tab01_20211228_170122_2101329416_600_800_mask.png,3719
6,4,12,9,462,247,474,256,462,247,474,247,474,256,462,256,text,table_text,table_2,opensans,regular,7.0,38tab01_20211228_170122_2101329416_600_800.png,/scratch/parceirosbr/bigoilict/share/BigOil/document_generator/datasets/documents_2021_12_28/38tab01_20211228_170122_2101329416_600_800.png,38tab01_20211228_170122_2101329416_600_800_mask.png,829
6,4,12,9,462,247,474,256,462,247,474,247,474,256,462,256,sub_line_text,table_text,table_2,opensans,regular,7.0,38tab01_20211228_170122_2101329416_600_800.png,/scratch/parceirosbr/bigoilict/share/BigOil/document_generator/datasets/documents_2021_12_28/38tab01_20211228_170122_2101329416_600_800.png,38tab01_20211228_170122_2101329416_600_800_mask.png,829
4,4,8,9,464,259,472,268,464,259,472,259,472,268,464,268,text,table_text,table_2,opensans,regular,7.0,38tab01_20211228_170122_2101329416_600_800.png,/scratch/parceirosbr/bigoilict/share/BigOil/document_generator/datasets/documents_2021_12_28/38tab01_20211228_170122_2101329416_600_800.png,38tab01_20211228_170122_2101329416_600_800_mask.png,46
4,4,8,9,464,259,472,268,464,259,472,259,472,268,464,268,sub_line_text,table_text,table_2,opensans,regular,7.0,38tab01_20211228_170122_2101329416_600_800.png,/scratch/parceirosbr/bigoilict/share/BigOil/document_generator/datasets/documents_2021_12_28/38tab01_20211228_170122_2101329416_600_800.png,38tab01_20211228_170122_2101329416_600_800_mask.png,46
5,4,11,9,486,211,497,220,486,211,497,211,497,220,486,220,text,table_text,table_2,opensans,italic,7.0,38tab01_20211228_170122_2101329416_600_800.png,/scratch/parceirosbr/bigoilict/share/BigOil/document_generator/datasets/documents_2021_12_28/38tab01_20211228_170122_2101329416_600_800.png,38tab01_20211228_170122_2101329416_600_800_mask.png,uso
5,4,11,9,486,211,497,220,486,211,497,211,497,220,486,220,sub_line_text,table_text,table_2,opensans,italic,7.0,38tab01_20211228_170122_2101329416_600_800.png,/scratch/parceirosbr/bigoilict/share/BigOil/document_generator/datasets/documents_2021_12_28/38tab01_20211228_170122_2101329416_600_800.png,38tab01_20211228_170122_2101329416_600_800_mask.png,uso
7,4,14,9,484,223,498,232,484,223,498,223,498,232,484,232,text,table_text,table_2,opensans,regular,7.0,38tab01_20211228_170122_2101329416_600_800.png,/scratch/parceirosbr/bigoilict/share/BigOil/document_generator/datasets/documents_2021_12_28/38tab01_20211228_170122_2101329416_600_800.png,38tab01_20211228_170122_2101329416_600_800_mask.png,35.3
7,4,14,9,484,223,498,232,484,223,498,223,498,232,484,232,sub_line_text,table_text,table_2,opensans,regular,7.0,38tab01_20211228_170122_2101329416_600_800.png,/scratch/parceirosbr/bigoilict/share/BigOil/document_generator/datasets/documents_2021_12_28/38tab01_20211228_170122_2101329416_600_800.png,38tab01_20211228_170122_2101329416_600_800_mask.png,35.3
9,4,18,9,482,235,500,244,482,235,500,235,500,244,482,244,text,table_text,table_2,opensans,regular,7.0,38tab01_20211228_170122_2101329416_600_800.png,/scratch/parceirosbr/bigoilict/share/BigOil/document_generator/datasets/documents_2021_12_28/38tab01_20211228_170122_2101329416_600_800.png,38tab01_20211228_170122_2101329416_600_800_mask.png,320.3
9,4,18,9,482,235,500,244,482,235,500,235,500,244,482,244,sub_line_text,table_text,table_2,opensans,regular,7.0,38tab01_20211228_170122_2101329416_600_800.png,/scratch/parceirosbr/bigoilict/share/BigOil/document_generator/datasets/documents_2021_12_28/38tab01_20211228_170122_2101329416_600_800.png,38tab01_20211228_170122_2101329416_600_800_mask.png,320.3
7,4,14,9,484,247,498,256,484,247,498,247,498,256,484,256,text,table_text,table_2,opensans,regular,7.0,38tab01_20211228_170122_2101329416_600_800.png,/scratch/parceirosbr/bigoilict/share/BigOil/document_generator/datasets/documents_2021_12_28/38tab01_20211228_170122_2101329416_600_800.png,38tab01_20211228_170122_2101329416_600_800_mask.png,11.6
7,4,14,9,484,247,498,256,484,247,498,247,498,256,484,256,sub_line_text,table_text,table_2,opensans,regular,7.0,38tab01_20211228_170122_2101329416_600_800.png,/scratch/parceirosbr/bigoilict/share/BigOil/document_generator/datasets/documents_2021_12_28/38tab01_20211228_170122_2101329416_600_800.png,38tab01_20211228_170122_2101329416_600_800_mask.png,11.6
9,4,18,9,482,259,500,268,482,259,500,259,500,268,482,268,text,table_text,table_2,opensans,regular,7.0,38tab01_20211228_170122_2101329416_600_800.png,/scratch/parceirosbr/bigoilict/share/BigOil/document_generator/datasets/documents_2021_12_28/38tab01_20211228_170122_2101329416_600_800.png,38tab01_20211228_170122_2101329416_600_800_mask.png,917.8
9,4,18,9,482,259,500,268,482,259,500,259,500,268,482,268,sub_line_text,table_text,table_2,opensans,regular,7.0,38tab01_20211228_170122_2101329416_600_800.png,/scratch/parceirosbr/bigoilict/share/BigOil/document_generator/datasets/documents_2021_12_28/38tab01_20211228_170122_2101329416_600_800.png,38tab01_20211228_170122_2101329416_600_800_mask.png,917.8
10,4,20,9,512,211,532,220,512,211,532,211,532,220,512,220,text,table_text,table_2,opensans,italic,7.0,38tab01_20211228_170122_2101329416_600_800.png,/scratch/parceirosbr/bigoilict/share/BigOil/document_generator/datasets/documents_2021_12_28/38tab01_20211228_170122_2101329416_600_800.png,38tab01_20211228_170122_2101329416_600_800_mask.png,devido
10,4,20,9,512,211,532,220,512,211,532,211,532,220,512,220,sub_line_text,table_text,table_2,opensans,italic,7.0,38tab01_20211228_170122_2101329416_600_800.png,/scratch/parceirosbr/bigoilict/share/BigOil/document_generator/datasets/documents_2021_12_28/38tab01_20211228_170122_2101329416_600_800.png,38tab01_20211228_170122_2101329416_600_800_mask.png,devido
7,4,14,9,515,223,529,232,515,223,529,223,529,232,515,232,text,table_text,table_2,opensans,regular,7.0,38tab01_20211228_170122_2101329416_600_800.png,/scratch/parceirosbr/bigoilict/share/BigOil/document_generator/datasets/documents_2021_12_28/38tab01_20211228_170122_2101329416_600_800.png,38tab01_20211228_170122_2101329416_600_800_mask.png,60.2
7,4,14,9,515,223,529,232,515,223,529,223,529,232,515,232,sub_line_text,table_text,table_2,opensans,regular,7.0,38tab01_20211228_170122_2101329416_600_800.png,/scratch/parceirosbr/bigoilict/share/BigOil/document_generator/datasets/documents_2021_12_28/38tab01_20211228_170122_2101329416_600_800.png,38tab01_20211228_170122_2101329416_600_800_mask.png,60.2
9,4,18,9,513,235,531,244,513,235,531,235,531,244,513,244,text,table_text,table_2,opensans,regular,7.0,38tab01_20211228_170122_2101329416_600_800.png,/scratch/parceirosbr/bigoilict/share/BigOil/document_generator/datasets/documents_2021_12_28/38tab01_20211228_170122_2101329416_600_800.png,38tab01_20211228_170122_2101329416_600_800_mask.png,819.5
9,4,18,9,513,235,531,244,513,235,531,235,531,244,513,244,sub_line_text,table_text,table_2,opensans,regular,7.0,38tab01_20211228_170122_2101329416_600_800.png,/scratch/parceirosbr/bigoilict/share/BigOil/document_generator/datasets/documents_2021_12_28/38tab01_20211228_170122_2101329416_600_800.png,38tab01_20211228_170122_2101329416_600_800_mask.png,819.5
9,4,18,9,513,247,531,256,513,247,531,247,531,256,513,256,text,table_text,table_2,opensans,regular,7.0,38tab01_20211228_170122_2101329416_600_800.png,/scratch/parceirosbr/bigoilict/share/BigOil/document_generator/datasets/documents_2021_12_28/38tab01_20211228_170122_2101329416_600_800.png,38tab01_20211228_170122_2101329416_600_800_mask.png,691.5
9,4,18,9,513,247,531,256,513,247,531,247,531,256,513,256,sub_line_text,table_text,table_2,opensans,regular,7.0,38tab01_20211228_170122_2101329416_600_800.png,/scratch/parceirosbr/bigoilict/share/BigOil/document_generator/datasets/documents_2021_12_28/38tab01_20211228_170122_2101329416_600_800.png,38tab01_20211228_170122_2101329416_600_800_mask.png,691.5
7,4,14,9,515,259,529,268,515,259,529,259,529,268,515,268,text,table_text,table_2,opensans,regular,7.0,38tab01_20211228_170122_2101329416_600_800.png,/scratch/parceirosbr/bigoilict/share/BigOil/document_generator/datasets/documents_2021_12_28/38tab01_20211228_170122_2101329416_600_800.png,38tab01_20211228_170122_2101329416_600_800_mask.png,96.4
7,4,14,9,515,259,529,268,515,259,529,259,529,268,515,268,sub_line_text,table_text,table_2,opensans,regular,7.0,38tab01_20211228_170122_2101329416_600_800.png,/scratch/parceirosbr/bigoilict/share/BigOil/document_generator/datasets/documents_2021_12_28/38tab01_20211228_170122_2101329416_600_800.png,38tab01_20211228_170122_2101329416_600_800_mask.png,96.4
236,152,472,304,68,270,540,574,68,270,540,270,540,574,68,574,table,table_image,table_4,opensans,regular,7.0,38tab01_20211228_170122_2101329416_600_800.png,/scratch/parceirosbr/bigoilict/share/BigOil/document_generator/datasets/documents_2021_12_28/38tab01_20211228_170122_2101329416_600_800.png,38tab01_20211228_170122_2101329416_600_800_mask.png,nan
12,4,24,9,70,272,94,281,70,272,94,272,94,281,70,281,text,table_text,table_4,opensans,regular,7.0,38tab01_20211228_170122_2101329416_600_800.png,/scratch/parceirosbr/bigoilict/share/BigOil/document_generator/datasets/documents_2021_12_28/38tab01_20211228_170122_2101329416_600_800.png,38tab01_20211228_170122_2101329416_600_800_mask.png,direção
12,4,24,9,70,272,94,281,70,272,94,272,94,281,70,281,sub_line_text,table_text,table_4,opensans,regular,7.0,38tab01_20211228_170122_2101329416_600_800.png,/scratch/parceirosbr/bigoilict/share/BigOil/document_generator/datasets/documents_2021_12_28/38tab01_20211228_170122_2101329416_600_800.png,38tab01_20211228_170122_2101329416_600_800_mask.png,direção
8,4,16,9,70,281,86,290,70,281,86,281,86,290,70,290,text,table_text,table_4,opensans,regular,7.0,38tab01_20211228_170122_2101329416_600_800.png,/scratch/parceirosbr/bigoilict/share/BigOil/document_generator/datasets/documents_2021_12_28/38tab01_20211228_170122_2101329416_600_800.png,38tab01_20211228_170122_2101329416_600_800_mask.png,atual
8,4,16,9,70,281,86,290,70,281,86,281,86,290,70,290,sub_line_text,table_text,table_4,opensans,regular,7.0,38tab01_20211228_170122_2101329416_600_800.png,/scratch/parceirosbr/bigoilict/share/BigOil/document_generator/datasets/documents_2021_12_28/38tab01_20211228_170122_2101329416_600_800.png,38tab01_20211228_170122_2101329416_600_800_mask.png,atual
88,4,177,9,70,290,247,299,70,290,247,290,247,299,70,299,text,table_text,table_4,opensans,regular,7.0,38tab01_20211228_170122_2101329416_600_800.png,/scratch/parceirosbr/bigoilict/share/BigOil/document_generator/datasets/documents_2021_12_28/38tab01_20211228_170122_2101329416_600_800.png,38tab01_20211228_170122_2101329416_600_800_mask.png,"que possa gerar risco grave e iminente às pessoas, ao "
88,4,177,9,70,290,247,299,70,290,247,290,247,299,70,299,sub_line_text,table_text,table_4,opensans,regular,7.0,38tab01_20211228_170122_2101329416_600_800.png,/scratch/parceirosbr/bigoilict/share/BigOil/document_generator/datasets/documents_2021_12_28/38tab01_20211228_170122_2101329416_600_800.png,38tab01_20211228_170122_2101329416_600_800_mask.png,"que possa gerar risco grave e iminente às pessoas, ao "
81,4,162,9,70,299,232,308,70,299,232,299,232,308,70,308,text,table_text,table_4,opensans,regular,7.0,38tab01_20211228_170122_2101329416_600_800.png,/scratch/parceirosbr/bigoilict/share/BigOil/document_generator/datasets/documents_2021_12_28/38tab01_20211228_170122_2101329416_600_800.png,38tab01_20211228_170122_2101329416_600_800_mask.png,"Entretanto, após uma nova revisão do acordo em "
81,4,162,9,70,299,232,308,70,299,232,299,232,308,70,308,sub_line_text,table_text,table_4,opensans,regular,7.0,38tab01_20211228_170122_2101329416_600_800.png,/scratch/parceirosbr/bigoilict/share/BigOil/document_generator/datasets/documents_2021_12_28/38tab01_20211228_170122_2101329416_600_800.png,38tab01_20211228_170122_2101329416_600_800_mask.png,"Entretanto, após uma nova revisão do acordo em "
8,4,16,9,70,342,86,351,70,342,86,342,86,351,70,351,text,table_text,table_4,opensans,regular,7.0,38tab01_20211228_170122_2101329416_600_800.png,/scratch/parceirosbr/bigoilict/share/BigOil/document_generator/datasets/documents_2021_12_28/38tab01_20211228_170122_2101329416_600_800.png,38tab01_20211228_170122_2101329416_600_800_mask.png,ideal
8,4,16,9,70,342,86,351,70,342,86,342,86,351,70,351,sub_line_text,table_text,table_4,opensans,regular,7.0,38tab01_20211228_170122_2101329416_600_800.png,/scratch/parceirosbr/bigoilict/share/BigOil/document_generator/datasets/documents_2021_12_28/38tab01_20211228_170122_2101329416_600_800.png,38tab01_20211228_170122_2101329416_600_800_mask.png,ideal
4,4,8,9,70,365,78,374,70,365,78,365,78,374,70,374,text,table_text,table_4,opensans,regular,7.0,38tab01_20211228_170122_2101329416_600_800.png,/scratch/parceirosbr/bigoilict/share/BigOil/document_generator/datasets/documents_2021_12_28/38tab01_20211228_170122_2101329416_600_800.png,38tab01_20211228_170122_2101329416_600_800_mask.png,ao
4,4,8,9,70,365,78,374,70,365,78,365,78,374,70,374,sub_line_text,table_text,table_4,opensans,regular,7.0,38tab01_20211228_170122_2101329416_600_800.png,/scratch/parceirosbr/bigoilict/share/BigOil/document_generator/datasets/documents_2021_12_28/38tab01_20211228_170122_2101329416_600_800.png,38tab01_20211228_170122_2101329416_600_800_mask.png,ao
22,4,45,9,70,374,115,383,70,374,115,374,115,383,70,383,text,table_text,table_4,opensans,regular,7.0,38tab01_20211228_170122_2101329416_600_800.png,/scratch/parceirosbr/bigoilict/share/BigOil/document_generator/datasets/documents_2021_12_28/38tab01_20211228_170122_2101329416_600_800.png,38tab01_20211228_170122_2101329416_600_800_mask.png,"Minas (12,6% "
22,4,45,9,70,374,115,383,70,374,115,374,115,383,70,383,sub_line_text,table_text,table_4,opensans,regular,7.0,38tab01_20211228_170122_2101329416_600_800.png,/scratch/parceirosbr/bigoilict/share/BigOil/document_generator/datasets/documents_2021_12_28/38tab01_20211228_170122_2101329416_600_800.png,38tab01_20211228_170122_2101329416_600_800_mask.png,"Minas (12,6% "
20,4,41,9,70,392,111,401,70,392,111,392,111,401,70,401,text,table_text,table_4,opensans,regular,7.0,38tab01_20211228_170122_2101329416_600_800.png,/scratch/parceirosbr/bigoilict/share/BigOil/document_generator/datasets/documents_2021_12_28/38tab01_20211228_170122_2101329416_600_800.png,38tab01_20211228_170122_2101329416_600_800_mask.png,A tecnologia 
20,4,41,9,70,392,111,401,70,392,111,392,111,401,70,401,sub_line_text,table_text,table_4,opensans,regular,7.0,38tab01_20211228_170122_2101329416_600_800.png,/scratch/parceirosbr/bigoilict/share/BigOil/document_generator/datasets/documents_2021_12_28/38tab01_20211228_170122_2101329416_600_800.png,38tab01_20211228_170122_2101329416_600_800_mask.png,A tecnologia 
7,4,14,9,70,407,84,416,70,407,84,407,84,416,70,416,text,table_text,table_4,opensans,regular,7.0,38tab01_20211228_170122_2101329416_600_800.png,/scratch/parceirosbr/bigoilict/share/BigOil/document_generator/datasets/documents_2021_12_28/38tab01_20211228_170122_2101329416_600_800.png,38tab01_20211228_170122_2101329416_600_800_mask.png,com
7,4,14,9,70,407,84,416,70,407,84,407,84,416,70,416,sub_line_text,table_text,table_4,opensans,regular,7.0,38tab01_20211228_170122_2101329416_600_800.png,/scratch/parceirosbr/bigoilict/share/BigOil/document_generator/datasets/documents_2021_12_28/38tab01_20211228_170122_2101329416_600_800.png,38tab01_20211228_170122_2101329416_600_800_mask.png,com
7,4,14,9,70,422,84,431,70,422,84,422,84,431,70,431,text,table_text,table_4,opensans,regular,7.0,38tab01_20211228_170122_2101329416_600_800.png,/scratch/parceirosbr/bigoilict/share/BigOil/document_generator/datasets/documents_2021_12_28/38tab01_20211228_170122_2101329416_600_800.png,38tab01_20211228_170122_2101329416_600_800_mask.png,pois
7,4,14,9,70,422,84,431,70,422,84,422,84,431,70,431,sub_line_text,table_text,table_4,opensans,regular,7.0,38tab01_20211228_170122_2101329416_600_800.png,/scratch/parceirosbr/bigoilict/share/BigOil/document_generator/datasets/documents_2021_12_28/38tab01_20211228_170122_2101329416_600_800.png,38tab01_20211228_170122_2101329416_600_800_mask.png,pois
25,4,50,9,70,431,120,440,70,431,120,431,120,440,70,440,text,table_text,table_4,opensans,regular,7.0,38tab01_20211228_170122_2101329416_600_800.png,/scratch/parceirosbr/bigoilict/share/BigOil/document_generator/datasets/documents_2021_12_28/38tab01_20211228_170122_2101329416_600_800.png,38tab01_20211228_170122_2101329416_600_800_mask.png,que determina 
25,4,50,9,70,431,120,440,70,431,120,431,120,440,70,440,sub_line_text,table_text,table_4,opensans,regular,7.0,38tab01_20211228_170122_2101329416_600_800.png,/scratch/parceirosbr/bigoilict/share/BigOil/document_generator/datasets/documents_2021_12_28/38tab01_20211228_170122_2101329416_600_800.png,38tab01_20211228_170122_2101329416_600_800_mask.png,que determina 
17,4,35,9,70,440,105,449,70,440,105,440,105,449,70,449,text,table_text,table_4,opensans,regular,7.0,38tab01_20211228_170122_2101329416_600_800.png,/scratch/parceirosbr/bigoilict/share/BigOil/document_generator/datasets/documents_2021_12_28/38tab01_20211228_170122_2101329416_600_800.png,38tab01_20211228_170122_2101329416_600_800_mask.png,Dos dados 
17,4,35,9,70,440,105,449,70,440,105,440,105,449,70,449,sub_line_text,table_text,table_4,opensans,regular,7.0,38tab01_20211228_170122_2101329416_600_800.png,/scratch/parceirosbr/bigoilict/share/BigOil/document_generator/datasets/documents_2021_12_28/38tab01_20211228_170122_2101329416_600_800.png,38tab01_20211228_170122_2101329416_600_800_mask.png,Dos dados 
2,4,4,9,70,458,74,467,70,458,74,458,74,467,70,467,text,table_text,table_4,opensans,regular,7.0,38tab01_20211228_170122_2101329416_600_800.png,/scratch/parceirosbr/bigoilict/share/BigOil/document_generator/datasets/documents_2021_12_28/38tab01_20211228_170122_2101329416_600_800.png,38tab01_20211228_170122_2101329416_600_800_mask.png,e
2,4,4,9,70,458,74,467,70,458,74,458,74,467,70,467,sub_line_text,table_text,table_4,opensans,regular,7.0,38tab01_20211228_170122_2101329416_600_800.png,/scratch/parceirosbr/bigoilict/share/BigOil/document_generator/datasets/documents_2021_12_28/38tab01_20211228_170122_2101329416_600_800.png,38tab01_20211228_170122_2101329416_600_800_mask.png,e
25,4,50,9,70,467,120,476,70,467,120,467,120,476,70,476,text,table_text,table_4,opensans,regular,7.0,38tab01_20211228_170122_2101329416_600_800.png,/scratch/parceirosbr/bigoilict/share/BigOil/document_generator/datasets/documents_2021_12_28/38tab01_20211228_170122_2101329416_600_800.png,38tab01_20211228_170122_2101329416_600_800_mask.png,"Lei n 9.478, de "
25,4,50,9,70,467,120,476,70,467,120,467,120,476,70,476,sub_line_text,table_text,table_4,opensans,regular,7.0,38tab01_20211228_170122_2101329416_600_800.png,/scratch/parceirosbr/bigoilict/share/BigOil/document_generator/datasets/documents_2021_12_28/38tab01_20211228_170122_2101329416_600_800.png,38tab01_20211228_170122_2101329416_600_800_mask.png,"Lei n 9.478, de "
9,4,18,9,70,480,88,489,70,480,88,480,88,489,70,489,text,table_text,table_4,opensans,regular,7.0,38tab01_20211228_170122_2101329416_600_800.png,/scratch/parceirosbr/bigoilict/share/BigOil/document_generator/datasets/documents_2021_12_28/38tab01_20211228_170122_2101329416_600_800.png,38tab01_20211228_170122_2101329416_600_800_mask.png,tendo
9,4,18,9,70,480,88,489,70,480,88,480,88,489,70,489,sub_line_text,table_text,table_4,opensans,regular,7.0,38tab01_20211228_170122_2101329416_600_800.png,/scratch/parceirosbr/bigoilict/share/BigOil/document_generator/datasets/documents_2021_12_28/38tab01_20211228_170122_2101329416_600_800.png,38tab01_20211228_170122_2101329416_600_800_mask.png,tendo
16,4,33,9,70,489,103,498,70,489,103,489,103,498,70,498,text,table_text,table_4,opensans,regular,7.0,38tab01_20211228_170122_2101329416_600_800.png,/scratch/parceirosbr/bigoilict/share/BigOil/document_generator/datasets/documents_2021_12_28/38tab01_20211228_170122_2101329416_600_800.png,38tab01_20211228_170122_2101329416_600_800_mask.png,Quando a 
16,4,33,9,70,489,103,498,70,489,103,489,103,498,70,498,sub_line_text,table_text,table_4,opensans,regular,7.0,38tab01_20211228_170122_2101329416_600_800.png,/scratch/parceirosbr/bigoilict/share/BigOil/document_generator/datasets/documents_2021_12_28/38tab01_20211228_170122_2101329416_600_800.png,38tab01_20211228_170122_2101329416_600_800_mask.png,Quando a 
10,4,20,9,70,500,90,509,70,500,90,500,90,509,70,509,text,table_text,table_4,opensans,regular,7.0,38tab01_20211228_170122_2101329416_600_800.png,/scratch/parceirosbr/bigoilict/share/BigOil/document_generator/datasets/documents_2021_12_28/38tab01_20211228_170122_2101329416_600_800.png,38tab01_20211228_170122_2101329416_600_800_mask.png,possui
10,4,20,9,70,500,90,509,70,500,90,500,90,509,70,509,sub_line_text,table_text,table_4,opensans,regular,7.0,38tab01_20211228_170122_2101329416_600_800.png,/scratch/parceirosbr/bigoilict/share/BigOil/document_generator/datasets/documents_2021_12_28/38tab01_20211228_170122_2101329416_600_800.png,38tab01_20211228_170122_2101329416_600_800_mask.png,possui
19,4,38,9,70,509,108,518,70,509,108,509,108,518,70,518,text,table_text,table_4,opensans,regular,7.0,38tab01_20211228_170122_2101329416_600_800.png,/scratch/parceirosbr/bigoilict/share/BigOil/document_generator/datasets/documents_2021_12_28/38tab01_20211228_170122_2101329416_600_800.png,38tab01_20211228_170122_2101329416_600_800_mask.png,Esses tubos 
19,4,38,9,70,509,108,518,70,509,108,509,108,518,70,518,sub_line_text,table_text,table_4,opensans,regular,7.0,38tab01_20211228_170122_2101329416_600_800.png,/scratch/parceirosbr/bigoilict/share/BigOil/document_generator/datasets/documents_2021_12_28/38tab01_20211228_170122_2101329416_600_800.png,38tab01_20211228_170122_2101329416_600_800_mask.png,Esses tubos 
18,4,37,9,70,518,107,527,70,518,107,518,107,527,70,527,text,table_text,table_4,opensans,regular,7.0,38tab01_20211228_170122_2101329416_600_800.png,/scratch/parceirosbr/bigoilict/share/BigOil/document_generator/datasets/documents_2021_12_28/38tab01_20211228_170122_2101329416_600_800.png,38tab01_20211228_170122_2101329416_600_800_mask.png,No caso da 
18,4,37,9,70,518,107,527,70,518,107,518,107,527,70,527,sub_line_text,table_text,table_4,opensans,regular,7.0,38tab01_20211228_170122_2101329416_600_800.png,/scratch/parceirosbr/bigoilict/share/BigOil/document_generator/datasets/documents_2021_12_28/38tab01_20211228_170122_2101329416_600_800.png,38tab01_20211228_170122_2101329416_600_800_mask.png,No caso da 
16,4,32,9,70,527,102,536,70,527,102,527,102,536,70,536,text,table_text,table_4,opensans,regular,7.0,38tab01_20211228_170122_2101329416_600_800.png,/scratch/parceirosbr/bigoilict/share/BigOil/document_generator/datasets/documents_2021_12_28/38tab01_20211228_170122_2101329416_600_800.png,38tab01_20211228_170122_2101329416_600_800_mask.png,O caráter 
16,4,32,9,70,527,102,536,70,527,102,527,102,536,70,536,sub_line_text,table_text,table_4,opensans,regular,7.0,38tab01_20211228_170122_2101329416_600_800.png,/scratch/parceirosbr/bigoilict/share/BigOil/document_generator/datasets/documents_2021_12_28/38tab01_20211228_170122_2101329416_600_800.png,38tab01_20211228_170122_2101329416_600_800_mask.png,O caráter 
10,4,20,9,70,543,90,552,70,543,90,543,90,552,70,552,text,table_text,table_4,opensans,regular,7.0,38tab01_20211228_170122_2101329416_600_800.png,/scratch/parceirosbr/bigoilict/share/BigOil/document_generator/datasets/documents_2021_12_28/38tab01_20211228_170122_2101329416_600_800.png,38tab01_20211228_170122_2101329416_600_800_mask.png,etanol
10,4,20,9,70,543,90,552,70,543,90,543,90,552,70,552,sub_line_text,table_text,table_4,opensans,regular,7.0,38tab01_20211228_170122_2101329416_600_800.png,/scratch/parceirosbr/bigoilict/share/BigOil/document_generator/datasets/documents_2021_12_28/38tab01_20211228_170122_2101329416_600_800.png,38tab01_20211228_170122_2101329416_600_800_mask.png,etanol
82,4,165,9,70,552,235,561,70,552,235,552,235,561,70,561,text,table_text,table_4,opensans,regular,7.0,38tab01_20211228_170122_2101329416_600_800.png,/scratch/parceirosbr/bigoilict/share/BigOil/document_generator/datasets/documents_2021_12_28/38tab01_20211228_170122_2101329416_600_800.png,38tab01_20211228_170122_2101329416_600_800_mask.png,Onde: é a vazão mássica de fase líquida (kg/s); é a 
82,4,165,9,70,552,235,561,70,552,235,552,235,561,70,561,sub_line_text,table_text,table_4,opensans,regular,7.0,38tab01_20211228_170122_2101329416_600_800.png,/scratch/parceirosbr/bigoilict/share/BigOil/document_generator/datasets/documents_2021_12_28/38tab01_20211228_170122_2101329416_600_800.png,38tab01_20211228_170122_2101329416_600_800_mask.png,Onde: é a vazão mássica de fase líquida (kg/s); é a 
87,4,174,9,70,561,244,570,70,561,244,561,244,570,70,570,text,table_text,table_4,opensans,regular,7.0,38tab01_20211228_170122_2101329416_600_800.png,/scratch/parceirosbr/bigoilict/share/BigOil/document_generator/datasets/documents_2021_12_28/38tab01_20211228_170122_2101329416_600_800.png,38tab01_20211228_170122_2101329416_600_800_mask.png,"Desta forma, e levando em consideração o tempo no "
87,4,174,9,70,561,244,570,70,561,244,561,244,570,70,570,sub_line_text,table_text,table_4,opensans,regular,7.0,38tab01_20211228_170122_2101329416_600_800.png,/scratch/parceirosbr/bigoilict/share/BigOil/document_generator/datasets/documents_2021_12_28/38tab01_20211228_170122_2101329416_600_800.png,38tab01_20211228_170122_2101329416_600_800_mask.png,"Desta forma, e levando em consideração o tempo no "
19,4,38,9,150,342,188,351,150,342,188,342,188,351,150,351,text,table_text,table_4,opensans,regular,7.0,38tab01_20211228_170122_2101329416_600_800.png,/scratch/parceirosbr/bigoilict/share/BigOil/document_generator/datasets/documents_2021_12_28/38tab01_20211228_170122_2101329416_600_800.png,38tab01_20211228_170122_2101329416_600_800_mask.png,22350.5762
19,4,38,9,150,342,188,351,150,342,188,342,188,351,150,351,sub_line_text,table_text,table_4,opensans,regular,7.0,38tab01_20211228_170122_2101329416_600_800.png,/scratch/parceirosbr/bigoilict/share/BigOil/document_generator/datasets/documents_2021_12_28/38tab01_20211228_170122_2101329416_600_800.png,38tab01_20211228_170122_2101329416_600_800_mask.png,22350.5762
21,4,42,9,148,365,190,374,148,365,190,365,190,374,148,374,text,table_text,table_4,opensans,regular,7.0,38tab01_20211228_170122_2101329416_600_800.png,/scratch/parceirosbr/bigoilict/share/BigOil/document_generator/datasets/documents_2021_12_28/38tab01_20211228_170122_2101329416_600_800.png,38tab01_20211228_170122_2101329416_600_800_mask.png,332770.3942
21,4,42,9,148,365,190,374,148,365,190,365,190,374,148,374,sub_line_text,table_text,table_4,opensans,regular,7.0,38tab01_20211228_170122_2101329416_600_800.png,/scratch/parceirosbr/bigoilict/share/BigOil/document_generator/datasets/documents_2021_12_28/38tab01_20211228_170122_2101329416_600_800.png,38tab01_20211228_170122_2101329416_600_800_mask.png,332770.3942
28,4,56,9,142,374,198,383,142,374,198,374,198,383,142,383,text,table_text,table_4,opensans,regular,7.0,38tab01_20211228_170122_2101329416_600_800.png,/scratch/parceirosbr/bigoilict/share/BigOil/document_generator/datasets/documents_2021_12_28/38tab01_20211228_170122_2101329416_600_800.png,38tab01_20211228_170122_2101329416_600_800_mask.png,Estas tecnologias 
28,4,56,9,142,374,198,383,142,374,198,374,198,383,142,383,sub_line_text,table_text,table_4,opensans,regular,7.0,38tab01_20211228_170122_2101329416_600_800.png,/scratch/parceirosbr/bigoilict/share/BigOil/document_generator/datasets/documents_2021_12_28/38tab01_20211228_170122_2101329416_600_800.png,38tab01_20211228_170122_2101329416_600_800_mask.png,Estas tecnologias 
22,4,44,9,148,383,192,392,148,383,192,383,192,392,148,392,text,table_text,table_4,opensans,regular,7.0,38tab01_20211228_170122_2101329416_600_800.png,/scratch/parceirosbr/bigoilict/share/BigOil/document_generator/datasets/documents_2021_12_28/38tab01_20211228_170122_2101329416_600_800.png,38tab01_20211228_170122_2101329416_600_800_mask.png,A seção nove 
22,4,44,9,148,383,192,392,148,383,192,383,192,392,148,392,sub_line_text,table_text,table_4,opensans,regular,7.0,38tab01_20211228_170122_2101329416_600_800.png,/scratch/parceirosbr/bigoilict/share/BigOil/document_generator/datasets/documents_2021_12_28/38tab01_20211228_170122_2101329416_600_800.png,38tab01_20211228_170122_2101329416_600_800_mask.png,A seção nove 
37,4,74,9,132,392,206,401,132,392,206,392,206,401,132,401,text,table_text,table_4,opensans,regular,7.0,38tab01_20211228_170122_2101329416_600_800.png,/scratch/parceirosbr/bigoilict/share/BigOil/document_generator/datasets/documents_2021_12_28/38tab01_20211228_170122_2101329416_600_800.png,38tab01_20211228_170122_2101329416_600_800_mask.png,"Para meus pais, irmã, "
37,4,74,9,132,392,206,401,132,392,206,392,206,401,132,401,sub_line_text,table_text,table_4,opensans,regular,7.0,38tab01_20211228_170122_2101329416_600_800.png,/scratch/parceirosbr/bigoilict/share/BigOil/document_generator/datasets/documents_2021_12_28/38tab01_20211228_170122_2101329416_600_800.png,38tab01_20211228_170122_2101329416_600_800_mask.png,"Para meus pais, irmã, "
23,4,46,9,146,407,192,416,146,407,192,407,192,416,146,416,text,table_text,table_4,opensans,regular,7.0,38tab01_20211228_170122_2101329416_600_800.png,/scratch/parceirosbr/bigoilict/share/BigOil/document_generator/datasets/documents_2021_12_28/38tab01_20211228_170122_2101329416_600_800.png,38tab01_20211228_170122_2101329416_600_800_mask.png,4544217.0026
23,4,46,9,146,407,192,416,146,407,192,407,192,416,146,416,sub_line_text,table_text,table_4,opensans,regular,7.0,38tab01_20211228_170122_2101329416_600_800.png,/scratch/parceirosbr/bigoilict/share/BigOil/document_generator/datasets/documents_2021_12_28/38tab01_20211228_170122_2101329416_600_800.png,38tab01_20211228_170122_2101329416_600_800_mask.png,4544217.0026
23,4,46,9,146,422,192,431,146,422,192,422,192,431,146,431,text,table_text,table_4,opensans,regular,7.0,38tab01_20211228_170122_2101329416_600_800.png,/scratch/parceirosbr/bigoilict/share/BigOil/document_generator/datasets/documents_2021_12_28/38tab01_20211228_170122_2101329416_600_800.png,38tab01_20211228_170122_2101329416_600_800_mask.png,6894093.2274
23,4,46,9,146,422,192,431,146,422,192,422,192,431,146,431,sub_line_text,table_text,table_4,opensans,regular,7.0,38tab01_20211228_170122_2101329416_600_800.png,/scratch/parceirosbr/bigoilict/share/BigOil/document_generator/datasets/documents_2021_12_28/38tab01_20211228_170122_2101329416_600_800.png,38tab01_20211228_170122_2101329416_600_800_mask.png,6894093.2274
27,4,55,9,142,431,197,440,142,431,197,431,197,440,142,440,text,table_text,table_4,opensans,regular,7.0,38tab01_20211228_170122_2101329416_600_800.png,/scratch/parceirosbr/bigoilict/share/BigOil/document_generator/datasets/documents_2021_12_28/38tab01_20211228_170122_2101329416_600_800.png,38tab01_20211228_170122_2101329416_600_800_mask.png,Para alcançar os 
27,4,55,9,142,431,197,440,142,431,197,431,197,440,142,440,sub_line_text,table_text,table_4,opensans,regular,7.0,38tab01_20211228_170122_2101329416_600_800.png,/scratch/parceirosbr/bigoilict/share/BigOil/document_generator/datasets/documents_2021_12_28/38tab01_20211228_170122_2101329416_600_800.png,38tab01_20211228_170122_2101329416_600_800_mask.png,Para alcançar os 
23,4,46,9,146,440,192,449,146,440,192,440,192,449,146,449,text,table_text,table_4,opensans,regular,7.0,38tab01_20211228_170122_2101329416_600_800.png,/scratch/parceirosbr/bigoilict/share/BigOil/document_generator/datasets/documents_2021_12_28/38tab01_20211228_170122_2101329416_600_800.png,38tab01_20211228_170122_2101329416_600_800_mask.png,"Nesta técnica, "
23,4,46,9,146,440,192,449,146,440,192,440,192,449,146,449,sub_line_text,table_text,table_4,opensans,regular,7.0,38tab01_20211228_170122_2101329416_600_800.png,/scratch/parceirosbr/bigoilict/share/BigOil/document_generator/datasets/documents_2021_12_28/38tab01_20211228_170122_2101329416_600_800.png,38tab01_20211228_170122_2101329416_600_800_mask.png,"Nesta técnica, "
21,4,42,9,148,458,190,467,148,458,190,458,190,467,148,467,text,table_text,table_4,opensans,regular,7.0,38tab01_20211228_170122_2101329416_600_800.png,/scratch/parceirosbr/bigoilict/share/BigOil/document_generator/datasets/documents_2021_12_28/38tab01_20211228_170122_2101329416_600_800.png,38tab01_20211228_170122_2101329416_600_800_mask.png,611399.5804
21,4,42,9,148,458,190,467,148,458,190,458,190,467,148,467,sub_line_text,table_text,table_4,opensans,regular,7.0,38tab01_20211228_170122_2101329416_600_800.png,/scratch/parceirosbr/bigoilict/share/BigOil/document_generator/datasets/documents_2021_12_28/38tab01_20211228_170122_2101329416_600_800.png,38tab01_20211228_170122_2101329416_600_800_mask.png,611399.5804
34,4,68,9,136,467,204,476,136,467,204,467,204,476,136,476,text,table_text,table_4,opensans,regular,7.0,38tab01_20211228_170122_2101329416_600_800.png,/scratch/parceirosbr/bigoilict/share/BigOil/document_generator/datasets/documents_2021_12_28/38tab01_20211228_170122_2101329416_600_800.png,38tab01_20211228_170122_2101329416_600_800_mask.png,em relação ao bloco 
34,4,68,9,136,467,204,476,136,467,204,467,204,476,136,476,sub_line_text,table_text,table_4,opensans,regular,7.0,38tab01_20211228_170122_2101329416_600_800.png,/scratch/parceirosbr/bigoilict/share/BigOil/document_generator/datasets/documents_2021_12_28/38tab01_20211228_170122_2101329416_600_800.png,38tab01_20211228_170122_2101329416_600_800_mask.png,em relação ao bloco 
23,4,46,9,146,480,192,489,146,480,192,480,192,489,146,489,text,table_text,table_4,opensans,regular,7.0,38tab01_20211228_170122_2101329416_600_800.png,/scratch/parceirosbr/bigoilict/share/BigOil/document_generator/datasets/documents_2021_12_28/38tab01_20211228_170122_2101329416_600_800.png,38tab01_20211228_170122_2101329416_600_800_mask.png,7360681.0435
23,4,46,9,146,480,192,489,146,480,192,480,192,489,146,489,sub_line_text,table_text,table_4,opensans,regular,7.0,38tab01_20211228_170122_2101329416_600_800.png,/scratch/parceirosbr/bigoilict/share/BigOil/document_generator/datasets/documents_2021_12_28/38tab01_20211228_170122_2101329416_600_800.png,38tab01_20211228_170122_2101329416_600_800_mask.png,7360681.0435
35,4,70,9,134,489,204,498,134,489,204,489,204,498,134,498,text,table_text,table_4,opensans,regular,7.0,38tab01_20211228_170122_2101329416_600_800.png,/scratch/parceirosbr/bigoilict/share/BigOil/document_generator/datasets/documents_2021_12_28/38tab01_20211228_170122_2101329416_600_800.png,38tab01_20211228_170122_2101329416_600_800_mask.png,Fellowhip) pela bolsa 
35,4,70,9,134,489,204,498,134,489,204,489,204,498,134,498,sub_line_text,table_text,table_4,opensans,regular,7.0,38tab01_20211228_170122_2101329416_600_800.png,/scratch/parceirosbr/bigoilict/share/BigOil/document_generator/datasets/documents_2021_12_28/38tab01_20211228_170122_2101329416_600_800.png,38tab01_20211228_170122_2101329416_600_800_mask.png,Fellowhip) pela bolsa 
23,4,46,9,146,500,192,509,146,500,192,500,192,509,146,509,text,table_text,table_4,opensans,regular,7.0,38tab01_20211228_170122_2101329416_600_800.png,/scratch/parceirosbr/bigoilict/share/BigOil/document_generator/datasets/documents_2021_12_28/38tab01_20211228_170122_2101329416_600_800.png,38tab01_20211228_170122_2101329416_600_800_mask.png,9438418.4699
23,4,46,9,146,500,192,509,146,500,192,500,192,509,146,509,sub_line_text,table_text,table_4,opensans,regular,7.0,38tab01_20211228_170122_2101329416_600_800.png,/scratch/parceirosbr/bigoilict/share/BigOil/document_generator/datasets/documents_2021_12_28/38tab01_20211228_170122_2101329416_600_800.png,38tab01_20211228_170122_2101329416_600_800_mask.png,9438418.4699
19,4,38,9,223,342,261,351,223,342,261,342,261,351,223,351,text,table_text,table_4,opensans,regular,7.0,38tab01_20211228_170122_2101329416_600_800.png,/scratch/parceirosbr/bigoilict/share/BigOil/document_generator/datasets/documents_2021_12_28/38tab01_20211228_170122_2101329416_600_800.png,38tab01_20211228_170122_2101329416_600_800_mask.png,quantitativa
19,4,38,9,223,342,261,351,223,342,261,342,261,351,223,351,sub_line_text,table_text,table_4,opensans,regular,7.0,38tab01_20211228_170122_2101329416_600_800.png,/scratch/parceirosbr/bigoilict/share/BigOil/document_generator/datasets/documents_2021_12_28/38tab01_20211228_170122_2101329416_600_800.png,38tab01_20211228_170122_2101329416_600_800_mask.png,quantitativa
22,4,45,9,220,351,265,360,220,351,265,351,265,360,220,360,text,table_text,table_4,opensans,regular,7.0,38tab01_20211228_170122_2101329416_600_800.png,/scratch/parceirosbr/bigoilict/share/BigOil/document_generator/datasets/documents_2021_12_28/38tab01_20211228_170122_2101329416_600_800.png,38tab01_20211228_170122_2101329416_600_800_mask.png,Os dados que 
22,4,45,9,220,351,265,360,220,351,265,351,265,360,220,360,sub_line_text,table_text,table_4,opensans,regular,7.0,38tab01_20211228_170122_2101329416_600_800.png,/scratch/parceirosbr/bigoilict/share/BigOil/document_generator/datasets/documents_2021_12_28/38tab01_20211228_170122_2101329416_600_800.png,38tab01_20211228_170122_2101329416_600_800_mask.png,Os dados que 
13,4,27,9,228,365,255,374,228,365,255,365,255,374,228,374,text,table_text,table_4,opensans,regular,7.0,38tab01_20211228_170122_2101329416_600_800.png,/scratch/parceirosbr/bigoilict/share/BigOil/document_generator/datasets/documents_2021_12_28/38tab01_20211228_170122_2101329416_600_800.png,38tab01_20211228_170122_2101329416_600_800_mask.png,superior
13,4,27,9,228,365,255,374,228,365,255,365,255,374,228,374,sub_line_text,table_text,table_4,opensans,regular,7.0,38tab01_20211228_170122_2101329416_600_800.png,/scratch/parceirosbr/bigoilict/share/BigOil/document_generator/datasets/documents_2021_12_28/38tab01_20211228_170122_2101329416_600_800.png,38tab01_20211228_170122_2101329416_600_800_mask.png,superior
23,4,47,9,218,374,265,383,218,374,265,374,265,383,218,383,text,table_text,table_4,opensans,regular,7.0,38tab01_20211228_170122_2101329416_600_800.png,/scratch/parceirosbr/bigoilict/share/BigOil/document_generator/datasets/documents_2021_12_28/38tab01_20211228_170122_2101329416_600_800.png,38tab01_20211228_170122_2101329416_600_800_mask.png,"Essas, por sua "
23,4,47,9,218,374,265,383,218,374,265,374,265,383,218,383,sub_line_text,table_text,table_4,opensans,regular,7.0,38tab01_20211228_170122_2101329416_600_800.png,/scratch/parceirosbr/bigoilict/share/BigOil/document_generator/datasets/documents_2021_12_28/38tab01_20211228_170122_2101329416_600_800.png,38tab01_20211228_170122_2101329416_600_800_mask.png,"Essas, por sua "
20,4,41,9,222,383,263,392,222,383,263,383,263,392,222,392,text,table_text,table_4,opensans,regular,7.0,38tab01_20211228_170122_2101329416_600_800.png,/scratch/parceirosbr/bigoilict/share/BigOil/document_generator/datasets/documents_2021_12_28/38tab01_20211228_170122_2101329416_600_800.png,38tab01_20211228_170122_2101329416_600_800_mask.png,Na tentativa 
20,4,41,9,222,383,263,392,222,383,263,383,263,392,222,392,sub_line_text,table_text,table_4,opensans,regular,7.0,38tab01_20211228_170122_2101329416_600_800.png,/scratch/parceirosbr/bigoilict/share/BigOil/document_generator/datasets/documents_2021_12_28/38tab01_20211228_170122_2101329416_600_800.png,38tab01_20211228_170122_2101329416_600_800_mask.png,Na tentativa 
24,4,48,9,218,392,266,401,218,392,266,392,266,401,218,401,text,table_text,table_4,opensans,regular,7.0,38tab01_20211228_170122_2101329416_600_800.png,/scratch/parceirosbr/bigoilict/share/BigOil/document_generator/datasets/documents_2021_12_28/38tab01_20211228_170122_2101329416_600_800.png,38tab01_20211228_170122_2101329416_600_800_mask.png,These rigs can 
24,4,48,9,218,392,266,401,218,392,266,392,266,401,218,401,sub_line_text,table_text,table_4,opensans,regular,7.0,38tab01_20211228_170122_2101329416_600_800.png,/scratch/parceirosbr/bigoilict/share/BigOil/document_generator/datasets/documents_2021_12_28/38tab01_20211228_170122_2101329416_600_800.png,38tab01_20211228_170122_2101329416_600_800_mask.png,These rigs can 
4,4,8,9,238,407,246,416,238,407,246,407,246,416,238,416,text,table_text,table_4,opensans,regular,7.0,38tab01_20211228_170122_2101329416_600_800.png,/scratch/parceirosbr/bigoilict/share/BigOil/document_generator/datasets/documents_2021_12_28/38tab01_20211228_170122_2101329416_600_800.png,38tab01_20211228_170122_2101329416_600_800_mask.png,da
4,4,8,9,238,407,246,416,238,407,246,407,246,416,238,416,sub_line_text,table_text,table_4,opensans,regular,7.0,38tab01_20211228_170122_2101329416_600_800.png,/scratch/parceirosbr/bigoilict/share/BigOil/document_generator/datasets/documents_2021_12_28/38tab01_20211228_170122_2101329416_600_800.png,38tab01_20211228_170122_2101329416_600_800_mask.png,da
6,4,13,9,236,422,249,431,236,422,249,422,249,431,236,431,text,table_text,table_4,opensans,regular,7.0,38tab01_20211228_170122_2101329416_600_800.png,/scratch/parceirosbr/bigoilict/share/BigOil/document_generator/datasets/documents_2021_12_28/38tab01_20211228_170122_2101329416_600_800.png,38tab01_20211228_170122_2101329416_600_800_mask.png,este
6,4,13,9,236,422,249,431,236,422,249,422,249,431,236,431,sub_line_text,table_text,table_4,opensans,regular,7.0,38tab01_20211228_170122_2101329416_600_800.png,/scratch/parceirosbr/bigoilict/share/BigOil/document_generator/datasets/documents_2021_12_28/38tab01_20211228_170122_2101329416_600_800.png,38tab01_20211228_170122_2101329416_600_800_mask.png,este
16,4,32,9,226,458,258,467,226,458,258,458,258,467,226,467,text,table_text,table_4,opensans,regular,7.0,38tab01_20211228_170122_2101329416_600_800.png,/scratch/parceirosbr/bigoilict/share/BigOil/document_generator/datasets/documents_2021_12_28/38tab01_20211228_170122_2101329416_600_800.png,38tab01_20211228_170122_2101329416_600_800_mask.png,partículas
16,4,32,9,226,458,258,467,226,458,258,458,258,467,226,467,sub_line_text,table_text,table_4,opensans,regular,7.0,38tab01_20211228_170122_2101329416_600_800.png,/scratch/parceirosbr/bigoilict/share/BigOil/document_generator/datasets/documents_2021_12_28/38tab01_20211228_170122_2101329416_600_800.png,38tab01_20211228_170122_2101329416_600_800_mask.png,partículas
19,4,38,9,223,480,261,489,223,480,261,480,261,489,223,489,text,table_text,table_4,opensans,regular,7.0,38tab01_20211228_170122_2101329416_600_800.png,/scratch/parceirosbr/bigoilict/share/BigOil/document_generator/datasets/documents_2021_12_28/38tab01_20211228_170122_2101329416_600_800.png,38tab01_20211228_170122_2101329416_600_800_mask.png,limitadoras
19,4,38,9,223,480,261,489,223,480,261,480,261,489,223,489,sub_line_text,table_text,table_4,opensans,regular,7.0,38tab01_20211228_170122_2101329416_600_800.png,/scratch/parceirosbr/bigoilict/share/BigOil/document_generator/datasets/documents_2021_12_28/38tab01_20211228_170122_2101329416_600_800.png,38tab01_20211228_170122_2101329416_600_800_mask.png,limitadoras
2,4,4,9,240,500,244,509,240,500,244,500,244,509,240,509,text,table_text,table_4,opensans,regular,7.0,38tab01_20211228_170122_2101329416_600_800.png,/scratch/parceirosbr/bigoilict/share/BigOil/document_generator/datasets/documents_2021_12_28/38tab01_20211228_170122_2101329416_600_800.png,38tab01_20211228_170122_2101329416_600_800_mask.png,e
2,4,4,9,240,500,244,509,240,500,244,500,244,509,240,509,sub_line_text,table_text,table_4,opensans,regular,7.0,38tab01_20211228_170122_2101329416_600_800.png,/scratch/parceirosbr/bigoilict/share/BigOil/document_generator/datasets/documents_2021_12_28/38tab01_20211228_170122_2101329416_600_800.png,38tab01_20211228_170122_2101329416_600_800_mask.png,e
7,4,15,9,354,272,369,281,354,272,369,272,369,281,354,281,text,table_text,table_4,opensans,bold,7.0,38tab01_20211228_170122_2101329416_600_800.png,/scratch/parceirosbr/bigoilict/share/BigOil/document_generator/datasets/documents_2021_12_28/38tab01_20211228_170122_2101329416_600_800.png,38tab01_20211228_170122_2101329416_600_800_mask.png,óleo
7,4,15,9,354,272,369,281,354,272,369,272,369,281,354,281,sub_line_text,table_text,table_4,opensans,bold,7.0,38tab01_20211228_170122_2101329416_600_800.png,/scratch/parceirosbr/bigoilict/share/BigOil/document_generator/datasets/documents_2021_12_28/38tab01_20211228_170122_2101329416_600_800.png,38tab01_20211228_170122_2101329416_600_800_mask.png,óleo
20,4,41,9,342,281,383,290,342,281,383,281,383,290,342,290,text,table_text,table_4,opensans,bold,7.0,38tab01_20211228_170122_2101329416_600_800.png,/scratch/parceirosbr/bigoilict/share/BigOil/document_generator/datasets/documents_2021_12_28/38tab01_20211228_170122_2101329416_600_800.png,38tab01_20211228_170122_2101329416_600_800_mask.png,absorvância
20,4,41,9,342,281,383,290,342,281,383,281,383,290,342,290,sub_line_text,table_text,table_4,opensans,bold,7.0,38tab01_20211228_170122_2101329416_600_800.png,/scratch/parceirosbr/bigoilict/share/BigOil/document_generator/datasets/documents_2021_12_28/38tab01_20211228_170122_2101329416_600_800.png,38tab01_20211228_170122_2101329416_600_800_mask.png,absorvância
6,4,13,9,356,319,369,328,356,319,369,319,369,328,356,328,text,table_text,table_4,opensans,regular,7.0,38tab01_20211228_170122_2101329416_600_800.png,/scratch/parceirosbr/bigoilict/share/BigOil/document_generator/datasets/documents_2021_12_28/38tab01_20211228_170122_2101329416_600_800.png,38tab01_20211228_170122_2101329416_600_800_mask.png,tem
6,4,13,9,356,319,369,328,356,319,369,319,369,328,356,328,sub_line_text,table_text,table_4,opensans,regular,7.0,38tab01_20211228_170122_2101329416_600_800.png,/scratch/parceirosbr/bigoilict/share/BigOil/document_generator/datasets/documents_2021_12_28/38tab01_20211228_170122_2101329416_600_800.png,38tab01_20211228_170122_2101329416_600_800_mask.png,tem
77,4,154,9,285,328,439,337,285,328,439,328,439,337,285,337,text,table_text,table_4,opensans,regular,7.0,38tab01_20211228_170122_2101329416_600_800.png,/scratch/parceirosbr/bigoilict/share/BigOil/document_generator/datasets/documents_2021_12_28/38tab01_20211228_170122_2101329416_600_800.png,38tab01_20211228_170122_2101329416_600_800_mask.png,técnicas de controle para vibrações em colunas 
77,4,154,9,285,328,439,337,285,328,439,328,439,337,285,337,sub_line_text,table_text,table_4,opensans,regular,7.0,38tab01_20211228_170122_2101329416_600_800.png,/scratch/parceirosbr/bigoilict/share/BigOil/document_generator/datasets/documents_2021_12_28/38tab01_20211228_170122_2101329416_600_800.png,38tab01_20211228_170122_2101329416_600_800_mask.png,técnicas de controle para vibrações em colunas 
9,4,18,9,353,342,371,351,353,342,371,342,371,351,353,351,text,table_text,table_4,opensans,regular,7.0,38tab01_20211228_170122_2101329416_600_800.png,/scratch/parceirosbr/bigoilict/share/BigOil/document_generator/datasets/documents_2021_12_28/38tab01_20211228_170122_2101329416_600_800.png,38tab01_20211228_170122_2101329416_600_800_mask.png,spray
9,4,18,9,353,342,371,351,353,342,371,342,371,351,353,351,sub_line_text,table_text,table_4,opensans,regular,7.0,38tab01_20211228_170122_2101329416_600_800.png,/scratch/parceirosbr/bigoilict/share/BigOil/document_generator/datasets/documents_2021_12_28/38tab01_20211228_170122_2101329416_600_800.png,38tab01_20211228_170122_2101329416_600_800_mask.png,spray
10,4,20,9,352,365,372,374,352,365,372,365,372,374,352,374,text,table_text,table_4,opensans,regular,7.0,38tab01_20211228_170122_2101329416_600_800.png,/scratch/parceirosbr/bigoilict/share/BigOil/document_generator/datasets/documents_2021_12_28/38tab01_20211228_170122_2101329416_600_800.png,38tab01_20211228_170122_2101329416_600_800_mask.png,global
10,4,20,9,352,365,372,374,352,365,372,365,372,374,352,374,sub_line_text,table_text,table_4,opensans,regular,7.0,38tab01_20211228_170122_2101329416_600_800.png,/scratch/parceirosbr/bigoilict/share/BigOil/document_generator/datasets/documents_2021_12_28/38tab01_20211228_170122_2101329416_600_800.png,38tab01_20211228_170122_2101329416_600_800_mask.png,global
14,4,28,9,348,407,376,416,348,407,376,407,376,416,348,416,text,table_text,table_4,opensans,regular,7.0,38tab01_20211228_170122_2101329416_600_800.png,/scratch/parceirosbr/bigoilict/share/BigOil/document_generator/datasets/documents_2021_12_28/38tab01_20211228_170122_2101329416_600_800.png,38tab01_20211228_170122_2101329416_600_800_mask.png,discutido
14,4,28,9,348,407,376,416,348,407,376,407,376,416,348,416,sub_line_text,table_text,table_4,opensans,regular,7.0,38tab01_20211228_170122_2101329416_600_800.png,/scratch/parceirosbr/bigoilict/share/BigOil/document_generator/datasets/documents_2021_12_28/38tab01_20211228_170122_2101329416_600_800.png,38tab01_20211228_170122_2101329416_600_800_mask.png,discutido
12,4,25,9,350,422,375,431,350,422,375,422,375,431,350,431,text,table_text,table_4,opensans,regular,7.0,38tab01_20211228_170122_2101329416_600_800.png,/scratch/parceirosbr/bigoilict/share/BigOil/document_generator/datasets/documents_2021_12_28/38tab01_20211228_170122_2101329416_600_800.png,38tab01_20211228_170122_2101329416_600_800_mask.png,descrito
12,4,25,9,350,422,375,431,350,422,375,422,375,431,350,431,sub_line_text,table_text,table_4,opensans,regular,7.0,38tab01_20211228_170122_2101329416_600_800.png,/scratch/parceirosbr/bigoilict/share/BigOil/document_generator/datasets/documents_2021_12_28/38tab01_20211228_170122_2101329416_600_800.png,38tab01_20211228_170122_2101329416_600_800_mask.png,descrito
77,4,155,9,284,431,439,440,284,431,439,431,439,440,284,440,text,table_text,table_4,opensans,regular,7.0,38tab01_20211228_170122_2101329416_600_800.png,/scratch/parceirosbr/bigoilict/share/BigOil/document_generator/datasets/documents_2021_12_28/38tab01_20211228_170122_2101329416_600_800.png,38tab01_20211228_170122_2101329416_600_800_mask.png,"O preço é uniforme 166 para todos os usuários, "
77,4,155,9,284,431,439,440,284,431,439,431,439,440,284,440,sub_line_text,table_text,table_4,opensans,regular,7.0,38tab01_20211228_170122_2101329416_600_800.png,/scratch/parceirosbr/bigoilict/share/BigOil/document_generator/datasets/documents_2021_12_28/38tab01_20211228_170122_2101329416_600_800.png,38tab01_20211228_170122_2101329416_600_800_mask.png,"O preço é uniforme 166 para todos os usuários, "
69,4,139,9,292,440,431,449,292,440,431,440,431,449,292,449,text,table_text,table_4,opensans,regular,7.0,38tab01_20211228_170122_2101329416_600_800.png,/scratch/parceirosbr/bigoilict/share/BigOil/document_generator/datasets/documents_2021_12_28/38tab01_20211228_170122_2101329416_600_800.png,38tab01_20211228_170122_2101329416_600_800_mask.png,"Na última década, mudanças significativas "
69,4,139,9,292,440,431,449,292,440,431,440,431,449,292,449,sub_line_text,table_text,table_4,opensans,regular,7.0,38tab01_20211228_170122_2101329416_600_800.png,/scratch/parceirosbr/bigoilict/share/BigOil/document_generator/datasets/documents_2021_12_28/38tab01_20211228_170122_2101329416_600_800.png,38tab01_20211228_170122_2101329416_600_800_mask.png,"Na última década, mudanças significativas "
18,4,37,9,344,458,381,467,344,458,381,458,381,467,344,467,text,table_text,table_4,opensans,regular,7.0,38tab01_20211228_170122_2101329416_600_800.png,/scratch/parceirosbr/bigoilict/share/BigOil/document_generator/datasets/documents_2021_12_28/38tab01_20211228_170122_2101329416_600_800.png,38tab01_20211228_170122_2101329416_600_800_mask.png,viscosidade
18,4,37,9,344,458,381,467,344,458,381,458,381,467,344,467,sub_line_text,table_text,table_4,opensans,regular,7.0,38tab01_20211228_170122_2101329416_600_800.png,/scratch/parceirosbr/bigoilict/share/BigOil/document_generator/datasets/documents_2021_12_28/38tab01_20211228_170122_2101329416_600_800.png,38tab01_20211228_170122_2101329416_600_800_mask.png,viscosidade
4,4,8,9,358,480,366,489,358,480,366,480,366,489,358,489,text,table_text,table_4,opensans,regular,7.0,38tab01_20211228_170122_2101329416_600_800.png,/scratch/parceirosbr/bigoilict/share/BigOil/document_generator/datasets/documents_2021_12_28/38tab01_20211228_170122_2101329416_600_800.png,38tab01_20211228_170122_2101329416_600_800_mask.png,no
4,4,8,9,358,480,366,489,358,480,366,480,366,489,358,489,sub_line_text,table_text,table_4,opensans,regular,7.0,38tab01_20211228_170122_2101329416_600_800.png,/scratch/parceirosbr/bigoilict/share/BigOil/document_generator/datasets/documents_2021_12_28/38tab01_20211228_170122_2101329416_600_800.png,38tab01_20211228_170122_2101329416_600_800_mask.png,no
67,4,134,9,295,489,429,498,295,489,429,489,429,498,295,498,text,table_text,table_4,opensans,regular,7.0,38tab01_20211228_170122_2101329416_600_800.png,/scratch/parceirosbr/bigoilict/share/BigOil/document_generator/datasets/documents_2021_12_28/38tab01_20211228_170122_2101329416_600_800.png,38tab01_20211228_170122_2101329416_600_800_mask.png,Gráfico 3.7 das distribuidoras nas vendas 
67,4,134,9,295,489,429,498,295,489,429,489,429,498,295,498,sub_line_text,table_text,table_4,opensans,regular,7.0,38tab01_20211228_170122_2101329416_600_800.png,/scratch/parceirosbr/bigoilict/share/BigOil/document_generator/datasets/documents_2021_12_28/38tab01_20211228_170122_2101329416_600_800.png,38tab01_20211228_170122_2101329416_600_800_mask.png,Gráfico 3.7 das distribuidoras nas vendas 
10,4,20,9,352,500,372,509,352,500,372,500,372,509,352,509,text,table_text,table_4,opensans,regular,7.0,38tab01_20211228_170122_2101329416_600_800.png,/scratch/parceirosbr/bigoilict/share/BigOil/document_generator/datasets/documents_2021_12_28/38tab01_20211228_170122_2101329416_600_800.png,38tab01_20211228_170122_2101329416_600_800_mask.png,níquel
10,4,20,9,352,500,372,509,352,500,372,500,372,509,352,509,sub_line_text,table_text,table_4,opensans,regular,7.0,38tab01_20211228_170122_2101329416_600_800.png,/scratch/parceirosbr/bigoilict/share/BigOil/document_generator/datasets/documents_2021_12_28/38tab01_20211228_170122_2101329416_600_800.png,38tab01_20211228_170122_2101329416_600_800_mask.png,níquel
73,4,147,9,288,509,435,518,288,509,435,509,435,518,288,518,text,table_text,table_4,opensans,regular,7.0,38tab01_20211228_170122_2101329416_600_800.png,/scratch/parceirosbr/bigoilict/share/BigOil/document_generator/datasets/documents_2021_12_28/38tab01_20211228_170122_2101329416_600_800.png,38tab01_20211228_170122_2101329416_600_800_mask.png,Petróleo3 foi bastante conturbada a definição 
73,4,147,9,288,509,435,518,288,509,435,509,435,518,288,518,sub_line_text,table_text,table_4,opensans,regular,7.0,38tab01_20211228_170122_2101329416_600_800.png,/scratch/parceirosbr/bigoilict/share/BigOil/document_generator/datasets/documents_2021_12_28/38tab01_20211228_170122_2101329416_600_800.png,38tab01_20211228_170122_2101329416_600_800_mask.png,Petróleo3 foi bastante conturbada a definição 
59,4,119,9,302,518,421,527,302,518,421,518,421,527,302,527,text,table_text,table_4,opensans,regular,7.0,38tab01_20211228_170122_2101329416_600_800.png,/scratch/parceirosbr/bigoilict/share/BigOil/document_generator/datasets/documents_2021_12_28/38tab01_20211228_170122_2101329416_600_800.png,38tab01_20211228_170122_2101329416_600_800_mask.png,"Após a secagem, as amostras foram "
59,4,119,9,302,518,421,527,302,518,421,518,421,527,302,527,sub_line_text,table_text,table_4,opensans,regular,7.0,38tab01_20211228_170122_2101329416_600_800.png,/scratch/parceirosbr/bigoilict/share/BigOil/document_generator/datasets/documents_2021_12_28/38tab01_20211228_170122_2101329416_600_800.png,38tab01_20211228_170122_2101329416_600_800_mask.png,"Após a secagem, as amostras foram "
74,4,148,9,288,527,436,536,288,527,436,527,436,536,288,536,text,table_text,table_4,opensans,regular,7.0,38tab01_20211228_170122_2101329416_600_800.png,/scratch/parceirosbr/bigoilict/share/BigOil/document_generator/datasets/documents_2021_12_28/38tab01_20211228_170122_2101329416_600_800.png,38tab01_20211228_170122_2101329416_600_800_mask.png,"Ao se aumentar a temperatura, atinge-se um "
74,4,148,9,288,527,436,536,288,527,436,527,436,536,288,536,sub_line_text,table_text,table_4,opensans,regular,7.0,38tab01_20211228_170122_2101329416_600_800.png,/scratch/parceirosbr/bigoilict/share/BigOil/document_generator/datasets/documents_2021_12_28/38tab01_20211228_170122_2101329416_600_800.png,38tab01_20211228_170122_2101329416_600_800_mask.png,"Ao se aumentar a temperatura, atinge-se um "
2,4,4,9,360,543,364,552,360,543,364,543,364,552,360,552,text,table_text,table_4,opensans,regular,7.0,38tab01_20211228_170122_2101329416_600_800.png,/scratch/parceirosbr/bigoilict/share/BigOil/document_generator/datasets/documents_2021_12_28/38tab01_20211228_170122_2101329416_600_800.png,38tab01_20211228_170122_2101329416_600_800_mask.png,e
2,4,4,9,360,543,364,552,360,543,364,543,364,552,360,552,sub_line_text,table_text,table_4,opensans,regular,7.0,38tab01_20211228_170122_2101329416_600_800.png,/scratch/parceirosbr/bigoilict/share/BigOil/document_generator/datasets/documents_2021_12_28/38tab01_20211228_170122_2101329416_600_800.png,38tab01_20211228_170122_2101329416_600_800_mask.png,e
21,4,42,9,474,272,516,281,474,272,516,272,516,281,474,281,text,table_text,table_4,opensans,bold,7.0,38tab01_20211228_170122_2101329416_600_800.png,/scratch/parceirosbr/bigoilict/share/BigOil/document_generator/datasets/documents_2021_12_28/38tab01_20211228_170122_2101329416_600_800.png,38tab01_20211228_170122_2101329416_600_800_mask.png,combustível
21,4,42,9,474,272,516,281,474,272,516,272,516,281,474,281,sub_line_text,table_text,table_4,opensans,bold,7.0,38tab01_20211228_170122_2101329416_600_800.png,/scratch/parceirosbr/bigoilict/share/BigOil/document_generator/datasets/documents_2021_12_28/38tab01_20211228_170122_2101329416_600_800.png,38tab01_20211228_170122_2101329416_600_800_mask.png,combustível
24,4,48,9,471,281,519,290,471,281,519,281,519,290,471,290,text,table_text,table_4,opensans,bold,7.0,38tab01_20211228_170122_2101329416_600_800.png,/scratch/parceirosbr/bigoilict/share/BigOil/document_generator/datasets/documents_2021_12_28/38tab01_20211228_170122_2101329416_600_800.png,38tab01_20211228_170122_2101329416_600_800_mask.png,componentes
24,4,48,9,471,281,519,290,471,281,519,281,519,290,471,290,sub_line_text,table_text,table_4,opensans,bold,7.0,38tab01_20211228_170122_2101329416_600_800.png,/scratch/parceirosbr/bigoilict/share/BigOil/document_generator/datasets/documents_2021_12_28/38tab01_20211228_170122_2101329416_600_800.png,38tab01_20211228_170122_2101329416_600_800_mask.png,componentes
21,4,42,9,474,319,516,328,474,319,516,319,516,328,474,328,text,table_text,table_4,opensans,regular,7.0,38tab01_20211228_170122_2101329416_600_800.png,/scratch/parceirosbr/bigoilict/share/BigOil/document_generator/datasets/documents_2021_12_28/38tab01_20211228_170122_2101329416_600_800.png,38tab01_20211228_170122_2101329416_600_800_mask.png,aquecimento
21,4,42,9,474,319,516,328,474,319,516,319,516,328,474,328,sub_line_text,table_text,table_4,opensans,regular,7.0,38tab01_20211228_170122_2101329416_600_800.png,/scratch/parceirosbr/bigoilict/share/BigOil/document_generator/datasets/documents_2021_12_28/38tab01_20211228_170122_2101329416_600_800.png,38tab01_20211228_170122_2101329416_600_800_mask.png,aquecimento
34,4,69,9,460,328,529,337,460,328,529,328,529,337,460,337,text,table_text,table_4,opensans,regular,7.0,38tab01_20211228_170122_2101329416_600_800.png,/scratch/parceirosbr/bigoilict/share/BigOil/document_generator/datasets/documents_2021_12_28/38tab01_20211228_170122_2101329416_600_800.png,38tab01_20211228_170122_2101329416_600_800_mask.png,"Além disso, as cinzas "
34,4,69,9,460,328,529,337,460,328,529,328,529,337,460,337,sub_line_text,table_text,table_4,opensans,regular,7.0,38tab01_20211228_170122_2101329416_600_800.png,/scratch/parceirosbr/bigoilict/share/BigOil/document_generator/datasets/documents_2021_12_28/38tab01_20211228_170122_2101329416_600_800.png,38tab01_20211228_170122_2101329416_600_800_mask.png,"Além disso, as cinzas "
11,4,23,9,484,342,507,351,484,342,507,342,507,351,484,351,text,table_text,table_4,opensans,regular,7.0,38tab01_20211228_170122_2101329416_600_800.png,/scratch/parceirosbr/bigoilict/share/BigOil/document_generator/datasets/documents_2021_12_28/38tab01_20211228_170122_2101329416_600_800.png,38tab01_20211228_170122_2101329416_600_800_mask.png,sentido
11,4,23,9,484,342,507,351,484,342,507,342,507,351,484,351,sub_line_text,table_text,table_4,opensans,regular,7.0,38tab01_20211228_170122_2101329416_600_800.png,/scratch/parceirosbr/bigoilict/share/BigOil/document_generator/datasets/documents_2021_12_28/38tab01_20211228_170122_2101329416_600_800.png,38tab01_20211228_170122_2101329416_600_800_mask.png,sentido
23,4,46,9,472,351,518,360,472,351,518,351,518,360,472,360,text,table_text,table_4,opensans,regular,7.0,38tab01_20211228_170122_2101329416_600_800.png,/scratch/parceirosbr/bigoilict/share/BigOil/document_generator/datasets/documents_2021_12_28/38tab01_20211228_170122_2101329416_600_800.png,38tab01_20211228_170122_2101329416_600_800_mask.png,Poderá haver 
23,4,46,9,472,351,518,360,472,351,518,351,518,360,472,360,sub_line_text,table_text,table_4,opensans,regular,7.0,38tab01_20211228_170122_2101329416_600_800.png,/scratch/parceirosbr/bigoilict/share/BigOil/document_generator/datasets/documents_2021_12_28/38tab01_20211228_170122_2101329416_600_800.png,38tab01_20211228_170122_2101329416_600_800_mask.png,Poderá haver 
13,4,26,9,482,365,508,374,482,365,508,365,508,374,482,374,text,table_text,table_4,opensans,regular,7.0,38tab01_20211228_170122_2101329416_600_800.png,/scratch/parceirosbr/bigoilict/share/BigOil/document_generator/datasets/documents_2021_12_28/38tab01_20211228_170122_2101329416_600_800.png,38tab01_20211228_170122_2101329416_600_800_mask.png,elevado
13,4,26,9,482,365,508,374,482,365,508,365,508,374,482,374,sub_line_text,table_text,table_4,opensans,regular,7.0,38tab01_20211228_170122_2101329416_600_800.png,/scratch/parceirosbr/bigoilict/share/BigOil/document_generator/datasets/documents_2021_12_28/38tab01_20211228_170122_2101329416_600_800.png,38tab01_20211228_170122_2101329416_600_800_mask.png,elevado
4,4,8,9,491,407,499,416,491,407,499,407,499,416,491,416,text,table_text,table_4,opensans,regular,7.0,38tab01_20211228_170122_2101329416_600_800.png,/scratch/parceirosbr/bigoilict/share/BigOil/document_generator/datasets/documents_2021_12_28/38tab01_20211228_170122_2101329416_600_800.png,38tab01_20211228_170122_2101329416_600_800_mask.png,da
4,4,8,9,491,407,499,416,491,407,499,407,499,416,491,416,sub_line_text,table_text,table_4,opensans,regular,7.0,38tab01_20211228_170122_2101329416_600_800.png,/scratch/parceirosbr/bigoilict/share/BigOil/document_generator/datasets/documents_2021_12_28/38tab01_20211228_170122_2101329416_600_800.png,38tab01_20211228_170122_2101329416_600_800_mask.png,da
4,4,8,9,491,422,499,431,491,422,499,422,499,431,491,431,text,table_text,table_4,opensans,regular,7.0,38tab01_20211228_170122_2101329416_600_800.png,/scratch/parceirosbr/bigoilict/share/BigOil/document_generator/datasets/documents_2021_12_28/38tab01_20211228_170122_2101329416_600_800.png,38tab01_20211228_170122_2101329416_600_800_mask.png,na
4,4,8,9,491,422,499,431,491,422,499,422,499,431,491,431,sub_line_text,table_text,table_4,opensans,regular,7.0,38tab01_20211228_170122_2101329416_600_800.png,/scratch/parceirosbr/bigoilict/share/BigOil/document_generator/datasets/documents_2021_12_28/38tab01_20211228_170122_2101329416_600_800.png,38tab01_20211228_170122_2101329416_600_800_mask.png,na
35,4,70,9,460,431,530,440,460,431,530,431,530,440,460,440,text,table_text,table_4,opensans,regular,7.0,38tab01_20211228_170122_2101329416_600_800.png,/scratch/parceirosbr/bigoilict/share/BigOil/document_generator/datasets/documents_2021_12_28/38tab01_20211228_170122_2101329416_600_800.png,38tab01_20211228_170122_2101329416_600_800_mask.png,Quando isso ocorre é 
35,4,70,9,460,431,530,440,460,431,530,431,530,440,460,440,sub_line_text,table_text,table_4,opensans,regular,7.0,38tab01_20211228_170122_2101329416_600_800.png,/scratch/parceirosbr/bigoilict/share/BigOil/document_generator/datasets/documents_2021_12_28/38tab01_20211228_170122_2101329416_600_800.png,38tab01_20211228_170122_2101329416_600_800_mask.png,Quando isso ocorre é 
24,4,49,9,470,440,519,449,470,440,519,440,519,449,470,449,text,table_text,table_4,opensans,regular,7.0,38tab01_20211228_170122_2101329416_600_800.png,/scratch/parceirosbr/bigoilict/share/BigOil/document_generator/datasets/documents_2021_12_28/38tab01_20211228_170122_2101329416_600_800.png,38tab01_20211228_170122_2101329416_600_800_mask.png,Em função dos 
24,4,49,9,470,440,519,449,470,440,519,440,519,449,470,449,sub_line_text,table_text,table_4,opensans,regular,7.0,38tab01_20211228_170122_2101329416_600_800.png,/scratch/parceirosbr/bigoilict/share/BigOil/document_generator/datasets/documents_2021_12_28/38tab01_20211228_170122_2101329416_600_800.png,38tab01_20211228_170122_2101329416_600_800_mask.png,Em função dos 
10,4,21,9,484,458,505,467,484,458,505,458,505,467,484,467,text,table_text,table_4,opensans,regular,7.0,38tab01_20211228_170122_2101329416_600_800.png,/scratch/parceirosbr/bigoilict/share/BigOil/document_generator/datasets/documents_2021_12_28/38tab01_20211228_170122_2101329416_600_800.png,38tab01_20211228_170122_2101329416_600_800_mask.png,sujeito
10,4,21,9,484,458,505,467,484,458,505,458,505,467,484,467,sub_line_text,table_text,table_4,opensans,regular,7.0,38tab01_20211228_170122_2101329416_600_800.png,/scratch/parceirosbr/bigoilict/share/BigOil/document_generator/datasets/documents_2021_12_28/38tab01_20211228_170122_2101329416_600_800.png,38tab01_20211228_170122_2101329416_600_800_mask.png,sujeito
38,4,77,9,456,467,533,476,456,467,533,467,533,476,456,476,text,table_text,table_4,opensans,regular,7.0,38tab01_20211228_170122_2101329416_600_800.png,/scratch/parceirosbr/bigoilict/share/BigOil/document_generator/datasets/documents_2021_12_28/38tab01_20211228_170122_2101329416_600_800.png,38tab01_20211228_170122_2101329416_600_800_mask.png,A produção de petróleo 
38,4,77,9,456,467,533,476,456,467,533,467,533,476,456,476,sub_line_text,table_text,table_4,opensans,regular,7.0,38tab01_20211228_170122_2101329416_600_800.png,/scratch/parceirosbr/bigoilict/share/BigOil/document_generator/datasets/documents_2021_12_28/38tab01_20211228_170122_2101329416_600_800.png,38tab01_20211228_170122_2101329416_600_800_mask.png,A produção de petróleo 
16,4,33,9,478,480,511,489,478,480,511,480,511,489,478,489,text,table_text,table_4,opensans,regular,7.0,38tab01_20211228_170122_2101329416_600_800.png,/scratch/parceirosbr/bigoilict/share/BigOil/document_generator/datasets/documents_2021_12_28/38tab01_20211228_170122_2101329416_600_800.png,38tab01_20211228_170122_2101329416_600_800_mask.png,incertezas
16,4,33,9,478,480,511,489,478,480,511,480,511,489,478,489,sub_line_text,table_text,table_4,opensans,regular,7.0,38tab01_20211228_170122_2101329416_600_800.png,/scratch/parceirosbr/bigoilict/share/BigOil/document_generator/datasets/documents_2021_12_28/38tab01_20211228_170122_2101329416_600_800.png,38tab01_20211228_170122_2101329416_600_800_mask.png,incertezas
36,4,73,9,458,489,531,498,458,489,531,489,531,498,458,498,text,table_text,table_4,opensans,regular,7.0,38tab01_20211228_170122_2101329416_600_800.png,/scratch/parceirosbr/bigoilict/share/BigOil/document_generator/datasets/documents_2021_12_28/38tab01_20211228_170122_2101329416_600_800.png,38tab01_20211228_170122_2101329416_600_800_mask.png,Nao existem sistemas 
36,4,73,9,458,489,531,498,458,489,531,489,531,498,458,498,sub_line_text,table_text,table_4,opensans,regular,7.0,38tab01_20211228_170122_2101329416_600_800.png,/scratch/parceirosbr/bigoilict/share/BigOil/document_generator/datasets/documents_2021_12_28/38tab01_20211228_170122_2101329416_600_800.png,38tab01_20211228_170122_2101329416_600_800_mask.png,Nao existem sistemas 
7,4,15,9,488,500,503,509,488,500,503,500,503,509,488,509,text,table_text,table_4,opensans,regular,7.0,38tab01_20211228_170122_2101329416_600_800.png,/scratch/parceirosbr/bigoilict/share/BigOil/document_generator/datasets/documents_2021_12_28/38tab01_20211228_170122_2101329416_600_800.png,38tab01_20211228_170122_2101329416_600_800_mask.png,para
7,4,15,9,488,500,503,509,488,500,503,500,503,509,488,509,sub_line_text,table_text,table_4,opensans,regular,7.0,38tab01_20211228_170122_2101329416_600_800.png,/scratch/parceirosbr/bigoilict/share/BigOil/document_generator/datasets/documents_2021_12_28/38tab01_20211228_170122_2101329416_600_800.png,38tab01_20211228_170122_2101329416_600_800_mask.png,para
37,4,75,9,458,509,533,518,458,509,533,509,533,518,458,518,text,table_text,table_4,opensans,regular,7.0,38tab01_20211228_170122_2101329416_600_800.png,/scratch/parceirosbr/bigoilict/share/BigOil/document_generator/datasets/documents_2021_12_28/38tab01_20211228_170122_2101329416_600_800.png,38tab01_20211228_170122_2101329416_600_800_mask.png,The wider applicability 
37,4,75,9,458,509,533,518,458,509,533,509,533,518,458,518,sub_line_text,table_text,table_4,opensans,regular,7.0,38tab01_20211228_170122_2101329416_600_800.png,/scratch/parceirosbr/bigoilict/share/BigOil/document_generator/datasets/documents_2021_12_28/38tab01_20211228_170122_2101329416_600_800.png,38tab01_20211228_170122_2101329416_600_800_mask.png,The wider applicability 
26,4,52,9,469,518,521,527,469,518,521,518,521,527,469,527,text,table_text,table_4,opensans,regular,7.0,38tab01_20211228_170122_2101329416_600_800.png,/scratch/parceirosbr/bigoilict/share/BigOil/document_generator/datasets/documents_2021_12_28/38tab01_20211228_170122_2101329416_600_800.png,38tab01_20211228_170122_2101329416_600_800_mask.png,O espaçamento 
26,4,52,9,469,518,521,527,469,518,521,518,521,527,469,527,sub_line_text,table_text,table_4,opensans,regular,7.0,38tab01_20211228_170122_2101329416_600_800.png,/scratch/parceirosbr/bigoilict/share/BigOil/document_generator/datasets/documents_2021_12_28/38tab01_20211228_170122_2101329416_600_800.png,38tab01_20211228_170122_2101329416_600_800_mask.png,O espaçamento 
33,4,66,9,462,527,528,536,462,527,528,527,528,536,462,536,text,table_text,table_4,opensans,regular,7.0,38tab01_20211228_170122_2101329416_600_800.png,/scratch/parceirosbr/bigoilict/share/BigOil/document_generator/datasets/documents_2021_12_28/38tab01_20211228_170122_2101329416_600_800.png,38tab01_20211228_170122_2101329416_600_800_mask.png,Considerando que o 
33,4,66,9,462,527,528,536,462,527,528,527,528,536,462,536,sub_line_text,table_text,table_4,opensans,regular,7.0,38tab01_20211228_170122_2101329416_600_800.png,/scratch/parceirosbr/bigoilict/share/BigOil/document_generator/datasets/documents_2021_12_28/38tab01_20211228_170122_2101329416_600_800.png,38tab01_20211228_170122_2101329416_600_800_mask.png,Considerando que o 
15,4,31,9,480,543,511,552,480,543,511,543,511,552,480,552,text,table_text,table_4,opensans,regular,7.0,38tab01_20211228_170122_2101329416_600_800.png,/scratch/parceirosbr/bigoilict/share/BigOil/document_generator/datasets/documents_2021_12_28/38tab01_20211228_170122_2101329416_600_800.png,38tab01_20211228_170122_2101329416_600_800_mask.png,contribuir
15,4,31,9,480,543,511,552,480,543,511,543,511,552,480,552,sub_line_text,table_text,table_4,opensans,regular,7.0,38tab01_20211228_170122_2101329416_600_800.png,/scratch/parceirosbr/bigoilict/share/BigOil/document_generator/datasets/documents_2021_12_28/38tab01_20211228_170122_2101329416_600_800.png,38tab01_20211228_170122_2101329416_600_800_mask.png,contribuir
38,4,77,9,456,552,533,561,456,552,533,552,533,561,456,561,text,table_text,table_4,opensans,regular,7.0,38tab01_20211228_170122_2101329416_600_800.png,/scratch/parceirosbr/bigoilict/share/BigOil/document_generator/datasets/documents_2021_12_28/38tab01_20211228_170122_2101329416_600_800.png,38tab01_20211228_170122_2101329416_600_800_mask.png,Com vistas a garantir o 
38,4,77,9,456,552,533,561,456,552,533,552,533,561,456,561,sub_line_text,table_text,table_4,opensans,regular,7.0,38tab01_20211228_170122_2101329416_600_800.png,/scratch/parceirosbr/bigoilict/share/BigOil/document_generator/datasets/documents_2021_12_28/38tab01_20211228_170122_2101329416_600_800.png,38tab01_20211228_170122_2101329416_600_800_mask.png,Com vistas a garantir o 
38,4,76,9,457,561,533,570,457,561,533,561,533,570,457,570,text,table_text,table_4,opensans,regular,7.0,38tab01_20211228_170122_2101329416_600_800.png,/scratch/parceirosbr/bigoilict/share/BigOil/document_generator/datasets/documents_2021_12_28/38tab01_20211228_170122_2101329416_600_800.png,38tab01_20211228_170122_2101329416_600_800_mask.png,"Na têmpera, nem toda "
38,4,76,9,457,561,533,570,457,561,533,561,533,570,457,570,sub_line_text,table_text,table_4,opensans,regular,7.0,38tab01_20211228_170122_2101329416_600_800.png,/scratch/parceirosbr/bigoilict/share/BigOil/document_generator/datasets/documents_2021_12_28/38tab01_20211228_170122_2101329416_600_800.png,38tab01_20211228_170122_2101329416_600_800_mask.png,"Na têmpera, nem toda "
