center_x,center_y,width,height,xmin,ymin,xmax,ymax,top_left_x,top_left_y,top_right_x,top_right_y,bottom_right_x,bottom_right_y,bottom_left_x,bottom_left_y,label,grouplabel,group,text_font,text_style,size_font,filename,path,filename_mask,content
300,400,600,800,0,0,600,800,0,0,600,0,600,800,0,800,document,,,,,,38tab01_20211228_170122_1750031326_600_800.png,/scratch/parceirosbr/bigoilict/share/BigOil/document_generator/datasets/documents_2021_12_28/38tab01_20211228_170122_1750031326_600_800.png,38tab01_20211228_170122_1750031326_600_800_mask.png,
251,53,502,106,49,91,551,197,49,91,551,91,551,197,49,197,table,header,table_0,raleway,regular,9.0,38tab01_20211228_170122_1750031326_600_800.png,/scratch/parceirosbr/bigoilict/share/BigOil/document_generator/datasets/documents_2021_12_28/38tab01_20211228_170122_1750031326_600_800.png,38tab01_20211228_170122_1750031326_600_800_mask.png,nan
151,8,302,16,87,93,389,109,87,93,389,93,389,109,87,109,text,table_text,table_0,raleway,bold,13.0,38tab01_20211228_170122_1750031326_600_800.png,/scratch/parceirosbr/bigoilict/share/BigOil/document_generator/datasets/documents_2021_12_28/38tab01_20211228_170122_1750031326_600_800.png,38tab01_20211228_170122_1750031326_600_800_mask.png,O transformador será responsável pelo ajuste de 
151,8,302,16,87,93,389,109,87,93,389,93,389,109,87,109,sub_line_text,table_text,table_0,raleway,bold,13.0,38tab01_20211228_170122_1750031326_600_800.png,/scratch/parceirosbr/bigoilict/share/BigOil/document_generator/datasets/documents_2021_12_28/38tab01_20211228_170122_1750031326_600_800.png,38tab01_20211228_170122_1750031326_600_800_mask.png,O transformador será responsável pelo ajuste de 
168,6,336,13,70,114,406,127,70,114,406,114,406,127,70,127,text,table_text,table_0,raleway,bolditalic,11.0,38tab01_20211228_170122_1750031326_600_800.png,/scratch/parceirosbr/bigoilict/share/BigOil/document_generator/datasets/documents_2021_12_28/38tab01_20211228_170122_1750031326_600_800.png,38tab01_20211228_170122_1750031326_600_800_mask.png,No caso da organização a qual o laboratório pertença já possuir 
168,6,336,13,70,114,406,127,70,114,406,114,406,127,70,127,sub_line_text,table_text,table_0,raleway,bolditalic,11.0,38tab01_20211228_170122_1750031326_600_800.png,/scratch/parceirosbr/bigoilict/share/BigOil/document_generator/datasets/documents_2021_12_28/38tab01_20211228_170122_1750031326_600_800.png,38tab01_20211228_170122_1750031326_600_800_mask.png,No caso da organização a qual o laboratório pertença já possuir 
164,6,329,13,73,142,402,155,73,142,402,142,402,155,73,155,text,table_text,table_0,raleway,bolditalic,11.0,38tab01_20211228_170122_1750031326_600_800.png,/scratch/parceirosbr/bigoilict/share/BigOil/document_generator/datasets/documents_2021_12_28/38tab01_20211228_170122_1750031326_600_800.png,38tab01_20211228_170122_1750031326_600_800_mask.png,"This procedure allows an activity recovery of 40, 35 and 11% for "
164,6,329,13,73,142,402,155,73,142,402,142,402,155,73,155,sub_line_text,table_text,table_0,raleway,bolditalic,11.0,38tab01_20211228_170122_1750031326_600_800.png,/scratch/parceirosbr/bigoilict/share/BigOil/document_generator/datasets/documents_2021_12_28/38tab01_20211228_170122_1750031326_600_800.png,38tab01_20211228_170122_1750031326_600_800_mask.png,"This procedure allows an activity recovery of 40, 35 and 11% for "
8,6,16,12,481,93,497,105,481,93,497,93,497,105,481,105,text,table_text,table_0,raleway,bold,10.0,38tab01_20211228_170122_1750031326_600_800.png,/scratch/parceirosbr/bigoilict/share/BigOil/document_generator/datasets/documents_2021_12_28/38tab01_20211228_170122_1750031326_600_800.png,38tab01_20211228_170122_1750031326_600_800_mask.png,por
8,6,16,12,481,93,497,105,481,93,497,93,497,105,481,105,sub_line_text,table_text,table_0,raleway,bold,10.0,38tab01_20211228_170122_1750031326_600_800.png,/scratch/parceirosbr/bigoilict/share/BigOil/document_generator/datasets/documents_2021_12_28/38tab01_20211228_170122_1750031326_600_800.png,38tab01_20211228_170122_1750031326_600_800_mask.png,por
5,3,11,7,429,114,440,121,429,114,440,114,440,121,429,121,text,table_text,table_0,raleway,regular,6.0,38tab01_20211228_170122_1750031326_600_800.png,/scratch/parceirosbr/bigoilict/share/BigOil/document_generator/datasets/documents_2021_12_28/38tab01_20211228_170122_1750031326_600_800.png,38tab01_20211228_170122_1750031326_600_800_mask.png,uso
5,3,11,7,429,114,440,121,429,114,440,114,440,121,429,121,sub_line_text,table_text,table_0,raleway,regular,6.0,38tab01_20211228_170122_1750031326_600_800.png,/scratch/parceirosbr/bigoilict/share/BigOil/document_generator/datasets/documents_2021_12_28/38tab01_20211228_170122_1750031326_600_800.png,38tab01_20211228_170122_1750031326_600_800_mask.png,uso
9,3,19,7,429,142,448,149,429,142,448,142,448,149,429,149,text,table_text,table_0,raleway,regular,6.0,38tab01_20211228_170122_1750031326_600_800.png,/scratch/parceirosbr/bigoilict/share/BigOil/document_generator/datasets/documents_2021_12_28/38tab01_20211228_170122_1750031326_600_800.png,38tab01_20211228_170122_1750031326_600_800_mask.png,reação
9,3,19,7,429,142,448,149,429,142,448,142,448,149,429,149,sub_line_text,table_text,table_0,raleway,regular,6.0,38tab01_20211228_170122_1750031326_600_800.png,/scratch/parceirosbr/bigoilict/share/BigOil/document_generator/datasets/documents_2021_12_28/38tab01_20211228_170122_1750031326_600_800.png,38tab01_20211228_170122_1750031326_600_800_mask.png,reação
10,3,21,7,429,170,450,177,429,170,450,170,450,177,429,177,text,table_text,table_0,raleway,regular,6.0,38tab01_20211228_170122_1750031326_600_800.png,/scratch/parceirosbr/bigoilict/share/BigOil/document_generator/datasets/documents_2021_12_28/38tab01_20211228_170122_1750031326_600_800.png,38tab01_20211228_170122_1750031326_600_800_mask.png,mistura
10,3,21,7,429,170,450,177,429,170,450,170,450,177,429,177,sub_line_text,table_text,table_0,raleway,regular,6.0,38tab01_20211228_170122_1750031326_600_800.png,/scratch/parceirosbr/bigoilict/share/BigOil/document_generator/datasets/documents_2021_12_28/38tab01_20211228_170122_1750031326_600_800.png,38tab01_20211228_170122_1750031326_600_800_mask.png,mistura
14,5,29,11,497,114,526,125,497,114,526,114,526,125,497,125,text,table_text,table_0,raleway,regular,9.0,38tab01_20211228_170122_1750031326_600_800.png,/scratch/parceirosbr/bigoilict/share/BigOil/document_generator/datasets/documents_2021_12_28/38tab01_20211228_170122_1750031326_600_800.png,38tab01_20211228_170122_1750031326_600_800_mask.png,termos
14,5,29,11,497,114,526,125,497,114,526,114,526,125,497,125,sub_line_text,table_text,table_0,raleway,regular,9.0,38tab01_20211228_170122_1750031326_600_800.png,/scratch/parceirosbr/bigoilict/share/BigOil/document_generator/datasets/documents_2021_12_28/38tab01_20211228_170122_1750031326_600_800.png,38tab01_20211228_170122_1750031326_600_800_mask.png,termos
16,5,33,11,495,142,528,153,495,142,528,142,528,153,495,153,text,table_text,table_0,raleway,regular,9.0,38tab01_20211228_170122_1750031326_600_800.png,/scratch/parceirosbr/bigoilict/share/BigOil/document_generator/datasets/documents_2021_12_28/38tab01_20211228_170122_1750031326_600_800.png,38tab01_20211228_170122_1750031326_600_800_mask.png,elevada
16,5,33,11,495,142,528,153,495,142,528,142,528,153,495,153,sub_line_text,table_text,table_0,raleway,regular,9.0,38tab01_20211228_170122_1750031326_600_800.png,/scratch/parceirosbr/bigoilict/share/BigOil/document_generator/datasets/documents_2021_12_28/38tab01_20211228_170122_1750031326_600_800.png,38tab01_20211228_170122_1750031326_600_800_mask.png,elevada
27,5,55,11,483,170,538,181,483,170,538,170,538,181,483,181,text,table_text,table_0,raleway,regular,9.0,38tab01_20211228_170122_1750031326_600_800.png,/scratch/parceirosbr/bigoilict/share/BigOil/document_generator/datasets/documents_2021_12_28/38tab01_20211228_170122_1750031326_600_800.png,38tab01_20211228_170122_1750031326_600_800_mask.png,influenciando
27,5,55,11,483,170,538,181,483,170,538,170,538,181,483,181,sub_line_text,table_text,table_0,raleway,regular,9.0,38tab01_20211228_170122_1750031326_600_800.png,/scratch/parceirosbr/bigoilict/share/BigOil/document_generator/datasets/documents_2021_12_28/38tab01_20211228_170122_1750031326_600_800.png,38tab01_20211228_170122_1750031326_600_800_mask.png,influenciando
251,32,502,64,49,685,551,749,49,685,551,685,551,749,49,749,table,footer,table_1,raleway,regular,9.0,38tab01_20211228_170122_1750031326_600_800.png,/scratch/parceirosbr/bigoilict/share/BigOil/document_generator/datasets/documents_2021_12_28/38tab01_20211228_170122_1750031326_600_800.png,38tab01_20211228_170122_1750031326_600_800_mask.png,nan
90,5,181,11,73,687,254,698,73,687,254,687,254,698,73,698,text,table_text,table_1,raleway,bold,9.0,38tab01_20211228_170122_1750031326_600_800.png,/scratch/parceirosbr/bigoilict/share/BigOil/document_generator/datasets/documents_2021_12_28/38tab01_20211228_170122_1750031326_600_800.png,38tab01_20211228_170122_1750031326_600_800_mask.png,Esta etapa pode ser realizada atribuindo-se 
90,5,181,11,73,687,254,698,73,687,254,687,254,698,73,698,sub_line_text,table_text,table_1,raleway,bold,9.0,38tab01_20211228_170122_1750031326_600_800.png,/scratch/parceirosbr/bigoilict/share/BigOil/document_generator/datasets/documents_2021_12_28/38tab01_20211228_170122_1750031326_600_800.png,38tab01_20211228_170122_1750031326_600_800_mask.png,Esta etapa pode ser realizada atribuindo-se 
86,5,173,11,77,701,250,712,77,701,250,701,250,712,77,712,text,table_text,table_1,raleway,regular,9.0,38tab01_20211228_170122_1750031326_600_800.png,/scratch/parceirosbr/bigoilict/share/BigOil/document_generator/datasets/documents_2021_12_28/38tab01_20211228_170122_1750031326_600_800.png,38tab01_20211228_170122_1750031326_600_800_mask.png,Há também as técnicas de vapor frio para 
86,5,173,11,77,701,250,712,77,701,250,701,250,712,77,712,sub_line_text,table_text,table_1,raleway,regular,9.0,38tab01_20211228_170122_1750031326_600_800.png,/scratch/parceirosbr/bigoilict/share/BigOil/document_generator/datasets/documents_2021_12_28/38tab01_20211228_170122_1750031326_600_800.png,38tab01_20211228_170122_1750031326_600_800_mask.png,Há também as técnicas de vapor frio para 
40,5,80,11,123,715,203,726,123,715,203,715,203,726,123,726,text,table_text,table_1,raleway,regular,9.0,38tab01_20211228_170122_1750031326_600_800.png,/scratch/parceirosbr/bigoilict/share/BigOil/document_generator/datasets/documents_2021_12_28/38tab01_20211228_170122_1750031326_600_800.png,38tab01_20211228_170122_1750031326_600_800_mask.png,consequentemente
40,5,80,11,123,715,203,726,123,715,203,715,203,726,123,726,sub_line_text,table_text,table_1,raleway,regular,9.0,38tab01_20211228_170122_1750031326_600_800.png,/scratch/parceirosbr/bigoilict/share/BigOil/document_generator/datasets/documents_2021_12_28/38tab01_20211228_170122_1750031326_600_800.png,38tab01_20211228_170122_1750031326_600_800_mask.png,consequentemente
57,5,115,11,288,687,403,698,288,687,403,687,403,698,288,698,text,table_text,table_1,raleway,bold,9.0,38tab01_20211228_170122_1750031326_600_800.png,/scratch/parceirosbr/bigoilict/share/BigOil/document_generator/datasets/documents_2021_12_28/38tab01_20211228_170122_1750031326_600_800.png,38tab01_20211228_170122_1750031326_600_800_mask.png,"In particular, do not use the "
57,5,115,11,288,687,403,698,288,687,403,687,403,698,288,698,sub_line_text,table_text,table_1,raleway,bold,9.0,38tab01_20211228_170122_1750031326_600_800.png,/scratch/parceirosbr/bigoilict/share/BigOil/document_generator/datasets/documents_2021_12_28/38tab01_20211228_170122_1750031326_600_800.png,38tab01_20211228_170122_1750031326_600_800_mask.png,"In particular, do not use the "
57,5,114,11,289,701,403,712,289,701,403,701,403,712,289,712,text,table_text,table_1,raleway,regular,9.0,38tab01_20211228_170122_1750031326_600_800.png,/scratch/parceirosbr/bigoilict/share/BigOil/document_generator/datasets/documents_2021_12_28/38tab01_20211228_170122_1750031326_600_800.png,38tab01_20211228_170122_1750031326_600_800_mask.png,"Entretanto, nas frações com "
57,5,114,11,289,701,403,712,289,701,403,701,403,712,289,712,sub_line_text,table_text,table_1,raleway,regular,9.0,38tab01_20211228_170122_1750031326_600_800.png,/scratch/parceirosbr/bigoilict/share/BigOil/document_generator/datasets/documents_2021_12_28/38tab01_20211228_170122_1750031326_600_800.png,38tab01_20211228_170122_1750031326_600_800_mask.png,"Entretanto, nas frações com "
16,5,32,11,329,715,361,726,329,715,361,715,361,726,329,726,text,table_text,table_1,raleway,regular,9.0,38tab01_20211228_170122_1750031326_600_800.png,/scratch/parceirosbr/bigoilict/share/BigOil/document_generator/datasets/documents_2021_12_28/38tab01_20211228_170122_1750031326_600_800.png,38tab01_20211228_170122_1750031326_600_800_mask.png,resultou
16,5,32,11,329,715,361,726,329,715,361,715,361,726,329,726,sub_line_text,table_text,table_1,raleway,regular,9.0,38tab01_20211228_170122_1750031326_600_800.png,/scratch/parceirosbr/bigoilict/share/BigOil/document_generator/datasets/documents_2021_12_28/38tab01_20211228_170122_1750031326_600_800.png,38tab01_20211228_170122_1750031326_600_800_mask.png,resultou
57,5,115,11,425,687,540,698,425,687,540,687,540,698,425,698,text,table_text,table_1,raleway,bold,9.0,38tab01_20211228_170122_1750031326_600_800.png,/scratch/parceirosbr/bigoilict/share/BigOil/document_generator/datasets/documents_2021_12_28/38tab01_20211228_170122_1750031326_600_800.png,38tab01_20211228_170122_1750031326_600_800_mask.png,Observa-se que a frente de 
57,5,115,11,425,687,540,698,425,687,540,687,540,698,425,698,sub_line_text,table_text,table_1,raleway,bold,9.0,38tab01_20211228_170122_1750031326_600_800.png,/scratch/parceirosbr/bigoilict/share/BigOil/document_generator/datasets/documents_2021_12_28/38tab01_20211228_170122_1750031326_600_800.png,38tab01_20211228_170122_1750031326_600_800_mask.png,Observa-se que a frente de 
39,5,78,11,443,701,521,712,443,701,521,701,521,712,443,712,text,table_text,table_1,raleway,regular,9.0,38tab01_20211228_170122_1750031326_600_800.png,/scratch/parceirosbr/bigoilict/share/BigOil/document_generator/datasets/documents_2021_12_28/38tab01_20211228_170122_1750031326_600_800.png,38tab01_20211228_170122_1750031326_600_800_mask.png,A segunda fase de 
39,5,78,11,443,701,521,712,443,701,521,701,521,712,443,712,sub_line_text,table_text,table_1,raleway,regular,9.0,38tab01_20211228_170122_1750031326_600_800.png,/scratch/parceirosbr/bigoilict/share/BigOil/document_generator/datasets/documents_2021_12_28/38tab01_20211228_170122_1750031326_600_800.png,38tab01_20211228_170122_1750031326_600_800_mask.png,A segunda fase de 
16,5,32,11,466,715,498,726,466,715,498,715,498,726,466,726,text,table_text,table_1,raleway,regular,9.0,38tab01_20211228_170122_1750031326_600_800.png,/scratch/parceirosbr/bigoilict/share/BigOil/document_generator/datasets/documents_2021_12_28/38tab01_20211228_170122_1750031326_600_800.png,38tab01_20211228_170122_1750031326_600_800_mask.png,tomada
16,5,32,11,466,715,498,726,466,715,498,715,498,726,466,726,sub_line_text,table_text,table_1,raleway,regular,9.0,38tab01_20211228_170122_1750031326_600_800.png,/scratch/parceirosbr/bigoilict/share/BigOil/document_generator/datasets/documents_2021_12_28/38tab01_20211228_170122_1750031326_600_800.png,38tab01_20211228_170122_1750031326_600_800_mask.png,tomada
246,224,492,448,54,210,546,658,54,210,546,210,546,658,54,658,table,table_image,table_2,raleway,regular,9.0,38tab01_20211228_170122_1750031326_600_800.png,/scratch/parceirosbr/bigoilict/share/BigOil/document_generator/datasets/documents_2021_12_28/38tab01_20211228_170122_1750031326_600_800.png,38tab01_20211228_170122_1750031326_600_800_mask.png,nan
14,5,29,11,56,212,85,223,56,212,85,212,85,223,56,223,text,table_text,table_2,raleway,regular,9.0,38tab01_20211228_170122_1750031326_600_800.png,/scratch/parceirosbr/bigoilict/share/BigOil/document_generator/datasets/documents_2021_12_28/38tab01_20211228_170122_1750031326_600_800.png,38tab01_20211228_170122_1750031326_600_800_mask.png,quanto
14,5,29,11,56,212,85,223,56,212,85,212,85,223,56,223,sub_line_text,table_text,table_2,raleway,regular,9.0,38tab01_20211228_170122_1750031326_600_800.png,/scratch/parceirosbr/bigoilict/share/BigOil/document_generator/datasets/documents_2021_12_28/38tab01_20211228_170122_1750031326_600_800.png,38tab01_20211228_170122_1750031326_600_800_mask.png,quanto
13,5,26,11,56,224,82,235,56,224,82,224,82,235,56,235,text,table_text,table_2,raleway,regular,9.0,38tab01_20211228_170122_1750031326_600_800.png,/scratch/parceirosbr/bigoilict/share/BigOil/document_generator/datasets/documents_2021_12_28/38tab01_20211228_170122_1750031326_600_800.png,38tab01_20211228_170122_1750031326_600_800_mask.png,possui
13,5,26,11,56,224,82,235,56,224,82,224,82,235,56,235,sub_line_text,table_text,table_2,raleway,regular,9.0,38tab01_20211228_170122_1750031326_600_800.png,/scratch/parceirosbr/bigoilict/share/BigOil/document_generator/datasets/documents_2021_12_28/38tab01_20211228_170122_1750031326_600_800.png,38tab01_20211228_170122_1750031326_600_800_mask.png,possui
166,5,333,11,56,236,389,247,56,236,389,236,389,247,56,247,text,table_text,table_2,raleway,regular,9.0,38tab01_20211228_170122_1750031326_600_800.png,/scratch/parceirosbr/bigoilict/share/BigOil/document_generator/datasets/documents_2021_12_28/38tab01_20211228_170122_1750031326_600_800.png,38tab01_20211228_170122_1750031326_600_800_mask.png,"As tarifas devem ainda permitir a cobertura dos custos da atividade, sem implicar "
166,5,333,11,56,236,389,247,56,236,389,236,389,247,56,247,sub_line_text,table_text,table_2,raleway,regular,9.0,38tab01_20211228_170122_1750031326_600_800.png,/scratch/parceirosbr/bigoilict/share/BigOil/document_generator/datasets/documents_2021_12_28/38tab01_20211228_170122_1750031326_600_800.png,38tab01_20211228_170122_1750031326_600_800_mask.png,"As tarifas devem ainda permitir a cobertura dos custos da atividade, sem implicar "
16,5,32,11,56,302,88,313,56,302,88,302,88,313,56,313,text,table_text,table_2,raleway,regular,9.0,38tab01_20211228_170122_1750031326_600_800.png,/scratch/parceirosbr/bigoilict/share/BigOil/document_generator/datasets/documents_2021_12_28/38tab01_20211228_170122_1750031326_600_800.png,38tab01_20211228_170122_1750031326_600_800_mask.png,decisão
16,5,32,11,56,302,88,313,56,302,88,302,88,313,56,313,sub_line_text,table_text,table_2,raleway,regular,9.0,38tab01_20211228_170122_1750031326_600_800.png,/scratch/parceirosbr/bigoilict/share/BigOil/document_generator/datasets/documents_2021_12_28/38tab01_20211228_170122_1750031326_600_800.png,38tab01_20211228_170122_1750031326_600_800_mask.png,decisão
27,5,55,11,56,314,111,325,56,314,111,314,111,325,56,325,text,table_text,table_2,raleway,regular,9.0,38tab01_20211228_170122_1750031326_600_800.png,/scratch/parceirosbr/bigoilict/share/BigOil/document_generator/datasets/documents_2021_12_28/38tab01_20211228_170122_1750031326_600_800.png,38tab01_20211228_170122_1750031326_600_800_mask.png,"Além disso, a "
27,5,55,11,56,314,111,325,56,314,111,314,111,325,56,325,sub_line_text,table_text,table_2,raleway,regular,9.0,38tab01_20211228_170122_1750031326_600_800.png,/scratch/parceirosbr/bigoilict/share/BigOil/document_generator/datasets/documents_2021_12_28/38tab01_20211228_170122_1750031326_600_800.png,38tab01_20211228_170122_1750031326_600_800_mask.png,"Além disso, a "
12,5,25,11,56,326,81,337,56,326,81,326,81,337,56,337,text,table_text,table_2,raleway,regular,9.0,38tab01_20211228_170122_1750031326_600_800.png,/scratch/parceirosbr/bigoilict/share/BigOil/document_generator/datasets/documents_2021_12_28/38tab01_20211228_170122_1750031326_600_800.png,38tab01_20211228_170122_1750031326_600_800_mask.png,Outro 
12,5,25,11,56,326,81,337,56,326,81,326,81,337,56,337,sub_line_text,table_text,table_2,raleway,regular,9.0,38tab01_20211228_170122_1750031326_600_800.png,/scratch/parceirosbr/bigoilict/share/BigOil/document_generator/datasets/documents_2021_12_28/38tab01_20211228_170122_1750031326_600_800.png,38tab01_20211228_170122_1750031326_600_800_mask.png,Outro 
24,5,49,11,56,338,105,349,56,338,105,338,105,349,56,349,text,table_text,table_2,raleway,regular,9.0,38tab01_20211228_170122_1750031326_600_800.png,/scratch/parceirosbr/bigoilict/share/BigOil/document_generator/datasets/documents_2021_12_28/38tab01_20211228_170122_1750031326_600_800.png,38tab01_20211228_170122_1750031326_600_800_mask.png,Nos últimos 
24,5,49,11,56,338,105,349,56,338,105,338,105,349,56,349,sub_line_text,table_text,table_2,raleway,regular,9.0,38tab01_20211228_170122_1750031326_600_800.png,/scratch/parceirosbr/bigoilict/share/BigOil/document_generator/datasets/documents_2021_12_28/38tab01_20211228_170122_1750031326_600_800.png,38tab01_20211228_170122_1750031326_600_800_mask.png,Nos últimos 
28,5,56,11,56,356,112,367,56,356,112,356,112,367,56,367,text,table_text,table_2,raleway,regular,9.0,38tab01_20211228_170122_1750031326_600_800.png,/scratch/parceirosbr/bigoilict/share/BigOil/document_generator/datasets/documents_2021_12_28/38tab01_20211228_170122_1750031326_600_800.png,38tab01_20211228_170122_1750031326_600_800_mask.png,possibilidade
28,5,56,11,56,356,112,367,56,356,112,356,112,367,56,367,sub_line_text,table_text,table_2,raleway,regular,9.0,38tab01_20211228_170122_1750031326_600_800.png,/scratch/parceirosbr/bigoilict/share/BigOil/document_generator/datasets/documents_2021_12_28/38tab01_20211228_170122_1750031326_600_800.png,38tab01_20211228_170122_1750031326_600_800_mask.png,possibilidade
25,5,51,11,56,368,107,379,56,368,107,368,107,379,56,379,text,table_text,table_2,raleway,regular,9.0,38tab01_20211228_170122_1750031326_600_800.png,/scratch/parceirosbr/bigoilict/share/BigOil/document_generator/datasets/documents_2021_12_28/38tab01_20211228_170122_1750031326_600_800.png,38tab01_20211228_170122_1750031326_600_800_mask.png,As amostras 
25,5,51,11,56,368,107,379,56,368,107,368,107,379,56,379,sub_line_text,table_text,table_2,raleway,regular,9.0,38tab01_20211228_170122_1750031326_600_800.png,/scratch/parceirosbr/bigoilict/share/BigOil/document_generator/datasets/documents_2021_12_28/38tab01_20211228_170122_1750031326_600_800.png,38tab01_20211228_170122_1750031326_600_800_mask.png,As amostras 
23,5,46,11,56,380,102,391,56,380,102,380,102,391,56,391,text,table_text,table_2,raleway,regular,9.0,38tab01_20211228_170122_1750031326_600_800.png,/scratch/parceirosbr/bigoilict/share/BigOil/document_generator/datasets/documents_2021_12_28/38tab01_20211228_170122_1750031326_600_800.png,38tab01_20211228_170122_1750031326_600_800_mask.png,Como uma 
23,5,46,11,56,380,102,391,56,380,102,380,102,391,56,391,sub_line_text,table_text,table_2,raleway,regular,9.0,38tab01_20211228_170122_1750031326_600_800.png,/scratch/parceirosbr/bigoilict/share/BigOil/document_generator/datasets/documents_2021_12_28/38tab01_20211228_170122_1750031326_600_800.png,38tab01_20211228_170122_1750031326_600_800_mask.png,Como uma 
9,5,18,11,56,394,74,405,56,394,74,394,74,405,56,405,text,table_text,table_2,raleway,regular,9.0,38tab01_20211228_170122_1750031326_600_800.png,/scratch/parceirosbr/bigoilict/share/BigOil/document_generator/datasets/documents_2021_12_28/38tab01_20211228_170122_1750031326_600_800.png,38tab01_20211228_170122_1750031326_600_800_mask.png,pelo
9,5,18,11,56,394,74,405,56,394,74,394,74,405,56,405,sub_line_text,table_text,table_2,raleway,regular,9.0,38tab01_20211228_170122_1750031326_600_800.png,/scratch/parceirosbr/bigoilict/share/BigOil/document_generator/datasets/documents_2021_12_28/38tab01_20211228_170122_1750031326_600_800.png,38tab01_20211228_170122_1750031326_600_800_mask.png,pelo
21,5,43,11,56,406,99,417,56,406,99,406,99,417,56,417,text,table_text,table_2,raleway,regular,9.0,38tab01_20211228_170122_1750031326_600_800.png,/scratch/parceirosbr/bigoilict/share/BigOil/document_generator/datasets/documents_2021_12_28/38tab01_20211228_170122_1750031326_600_800.png,38tab01_20211228_170122_1750031326_600_800_mask.png,Curvas de 
21,5,43,11,56,406,99,417,56,406,99,406,99,417,56,417,sub_line_text,table_text,table_2,raleway,regular,9.0,38tab01_20211228_170122_1750031326_600_800.png,/scratch/parceirosbr/bigoilict/share/BigOil/document_generator/datasets/documents_2021_12_28/38tab01_20211228_170122_1750031326_600_800.png,38tab01_20211228_170122_1750031326_600_800_mask.png,Curvas de 
29,5,58,11,56,418,114,429,56,418,114,418,114,429,56,429,text,table_text,table_2,raleway,regular,9.0,38tab01_20211228_170122_1750031326_600_800.png,/scratch/parceirosbr/bigoilict/share/BigOil/document_generator/datasets/documents_2021_12_28/38tab01_20211228_170122_1750031326_600_800.png,38tab01_20211228_170122_1750031326_600_800_mask.png,Uma gasolina 
29,5,58,11,56,418,114,429,56,418,114,418,114,429,56,429,sub_line_text,table_text,table_2,raleway,regular,9.0,38tab01_20211228_170122_1750031326_600_800.png,/scratch/parceirosbr/bigoilict/share/BigOil/document_generator/datasets/documents_2021_12_28/38tab01_20211228_170122_1750031326_600_800.png,38tab01_20211228_170122_1750031326_600_800_mask.png,Uma gasolina 
20,5,40,11,56,430,96,441,56,430,96,430,96,441,56,441,text,table_text,table_2,raleway,regular,9.0,38tab01_20211228_170122_1750031326_600_800.png,/scratch/parceirosbr/bigoilict/share/BigOil/document_generator/datasets/documents_2021_12_28/38tab01_20211228_170122_1750031326_600_800.png,38tab01_20211228_170122_1750031326_600_800_mask.png,"De fato, a "
20,5,40,11,56,430,96,441,56,430,96,430,96,441,56,441,sub_line_text,table_text,table_2,raleway,regular,9.0,38tab01_20211228_170122_1750031326_600_800.png,/scratch/parceirosbr/bigoilict/share/BigOil/document_generator/datasets/documents_2021_12_28/38tab01_20211228_170122_1750031326_600_800.png,38tab01_20211228_170122_1750031326_600_800_mask.png,"De fato, a "
17,5,34,11,56,450,90,461,56,450,90,450,90,461,56,461,text,table_text,table_2,raleway,regular,9.0,38tab01_20211228_170122_1750031326_600_800.png,/scratch/parceirosbr/bigoilict/share/BigOil/document_generator/datasets/documents_2021_12_28/38tab01_20211228_170122_1750031326_600_800.png,38tab01_20211228_170122_1750031326_600_800_mask.png,superior
17,5,34,11,56,450,90,461,56,450,90,450,90,461,56,461,sub_line_text,table_text,table_2,raleway,regular,9.0,38tab01_20211228_170122_1750031326_600_800.png,/scratch/parceirosbr/bigoilict/share/BigOil/document_generator/datasets/documents_2021_12_28/38tab01_20211228_170122_1750031326_600_800.png,38tab01_20211228_170122_1750031326_600_800_mask.png,superior
14,5,28,11,56,462,84,473,56,462,84,462,84,473,56,473,text,table_text,table_2,raleway,regular,9.0,38tab01_20211228_170122_1750031326_600_800.png,/scratch/parceirosbr/bigoilict/share/BigOil/document_generator/datasets/documents_2021_12_28/38tab01_20211228_170122_1750031326_600_800.png,38tab01_20211228_170122_1750031326_600_800_mask.png,Com a 
14,5,28,11,56,462,84,473,56,462,84,462,84,473,56,473,sub_line_text,table_text,table_2,raleway,regular,9.0,38tab01_20211228_170122_1750031326_600_800.png,/scratch/parceirosbr/bigoilict/share/BigOil/document_generator/datasets/documents_2021_12_28/38tab01_20211228_170122_1750031326_600_800.png,38tab01_20211228_170122_1750031326_600_800_mask.png,Com a 
27,5,54,11,56,474,110,485,56,474,110,474,110,485,56,485,text,table_text,table_2,raleway,regular,9.0,38tab01_20211228_170122_1750031326_600_800.png,/scratch/parceirosbr/bigoilict/share/BigOil/document_generator/datasets/documents_2021_12_28/38tab01_20211228_170122_1750031326_600_800.png,38tab01_20211228_170122_1750031326_600_800_mask.png,"Ainda na 4.8, "
27,5,54,11,56,474,110,485,56,474,110,474,110,485,56,485,sub_line_text,table_text,table_2,raleway,regular,9.0,38tab01_20211228_170122_1750031326_600_800.png,/scratch/parceirosbr/bigoilict/share/BigOil/document_generator/datasets/documents_2021_12_28/38tab01_20211228_170122_1750031326_600_800.png,38tab01_20211228_170122_1750031326_600_800_mask.png,"Ainda na 4.8, "
22,5,45,11,56,486,101,497,56,486,101,486,101,497,56,497,text,table_text,table_2,raleway,regular,9.0,38tab01_20211228_170122_1750031326_600_800.png,/scratch/parceirosbr/bigoilict/share/BigOil/document_generator/datasets/documents_2021_12_28/38tab01_20211228_170122_1750031326_600_800.png,38tab01_20211228_170122_1750031326_600_800_mask.png,Para esses 
22,5,45,11,56,486,101,497,56,486,101,486,101,497,56,497,sub_line_text,table_text,table_2,raleway,regular,9.0,38tab01_20211228_170122_1750031326_600_800.png,/scratch/parceirosbr/bigoilict/share/BigOil/document_generator/datasets/documents_2021_12_28/38tab01_20211228_170122_1750031326_600_800.png,38tab01_20211228_170122_1750031326_600_800_mask.png,Para esses 
16,5,33,11,56,501,89,512,56,501,89,501,89,512,56,512,text,table_text,table_2,raleway,regular,9.0,38tab01_20211228_170122_1750031326_600_800.png,/scratch/parceirosbr/bigoilict/share/BigOil/document_generator/datasets/documents_2021_12_28/38tab01_20211228_170122_1750031326_600_800.png,38tab01_20211228_170122_1750031326_600_800_mask.png,elevada
16,5,33,11,56,501,89,512,56,501,89,501,89,512,56,512,sub_line_text,table_text,table_2,raleway,regular,9.0,38tab01_20211228_170122_1750031326_600_800.png,/scratch/parceirosbr/bigoilict/share/BigOil/document_generator/datasets/documents_2021_12_28/38tab01_20211228_170122_1750031326_600_800.png,38tab01_20211228_170122_1750031326_600_800_mask.png,elevada
28,5,56,11,56,513,112,524,56,513,112,513,112,524,56,524,text,table_text,table_2,raleway,regular,9.0,38tab01_20211228_170122_1750031326_600_800.png,/scratch/parceirosbr/bigoilict/share/BigOil/document_generator/datasets/documents_2021_12_28/38tab01_20211228_170122_1750031326_600_800.png,38tab01_20211228_170122_1750031326_600_800_mask.png,Conforme o a 
28,5,56,11,56,513,112,524,56,513,112,513,112,524,56,524,sub_line_text,table_text,table_2,raleway,regular,9.0,38tab01_20211228_170122_1750031326_600_800.png,/scratch/parceirosbr/bigoilict/share/BigOil/document_generator/datasets/documents_2021_12_28/38tab01_20211228_170122_1750031326_600_800.png,38tab01_20211228_170122_1750031326_600_800_mask.png,Conforme o a 
17,5,35,11,56,527,91,538,56,527,91,527,91,538,56,538,text,table_text,table_2,raleway,regular,9.0,38tab01_20211228_170122_1750031326_600_800.png,/scratch/parceirosbr/bigoilict/share/BigOil/document_generator/datasets/documents_2021_12_28/38tab01_20211228_170122_1750031326_600_800.png,38tab01_20211228_170122_1750031326_600_800_mask.png,diversas
17,5,35,11,56,527,91,538,56,527,91,527,91,538,56,538,sub_line_text,table_text,table_2,raleway,regular,9.0,38tab01_20211228_170122_1750031326_600_800.png,/scratch/parceirosbr/bigoilict/share/BigOil/document_generator/datasets/documents_2021_12_28/38tab01_20211228_170122_1750031326_600_800.png,38tab01_20211228_170122_1750031326_600_800_mask.png,diversas
16,5,33,11,56,539,89,550,56,539,89,539,89,550,56,550,text,table_text,table_2,raleway,regular,9.0,38tab01_20211228_170122_1750031326_600_800.png,/scratch/parceirosbr/bigoilict/share/BigOil/document_generator/datasets/documents_2021_12_28/38tab01_20211228_170122_1750031326_600_800.png,38tab01_20211228_170122_1750031326_600_800_mask.png,Idade e 
16,5,33,11,56,539,89,550,56,539,89,539,89,550,56,550,sub_line_text,table_text,table_2,raleway,regular,9.0,38tab01_20211228_170122_1750031326_600_800.png,/scratch/parceirosbr/bigoilict/share/BigOil/document_generator/datasets/documents_2021_12_28/38tab01_20211228_170122_1750031326_600_800.png,38tab01_20211228_170122_1750031326_600_800_mask.png,Idade e 
10,5,21,11,56,551,77,562,56,551,77,551,77,562,56,562,text,table_text,table_2,raleway,regular,9.0,38tab01_20211228_170122_1750031326_600_800.png,/scratch/parceirosbr/bigoilict/share/BigOil/document_generator/datasets/documents_2021_12_28/38tab01_20211228_170122_1750031326_600_800.png,38tab01_20211228_170122_1750031326_600_800_mask.png,Para 
10,5,21,11,56,551,77,562,56,551,77,551,77,562,56,562,sub_line_text,table_text,table_2,raleway,regular,9.0,38tab01_20211228_170122_1750031326_600_800.png,/scratch/parceirosbr/bigoilict/share/BigOil/document_generator/datasets/documents_2021_12_28/38tab01_20211228_170122_1750031326_600_800.png,38tab01_20211228_170122_1750031326_600_800_mask.png,Para 
9,5,19,11,56,569,75,580,56,569,75,569,75,580,56,580,text,table_text,table_2,raleway,regular,9.0,38tab01_20211228_170122_1750031326_600_800.png,/scratch/parceirosbr/bigoilict/share/BigOil/document_generator/datasets/documents_2021_12_28/38tab01_20211228_170122_1750031326_600_800.png,38tab01_20211228_170122_1750031326_600_800_mask.png,grau
9,5,19,11,56,569,75,580,56,569,75,569,75,580,56,580,sub_line_text,table_text,table_2,raleway,regular,9.0,38tab01_20211228_170122_1750031326_600_800.png,/scratch/parceirosbr/bigoilict/share/BigOil/document_generator/datasets/documents_2021_12_28/38tab01_20211228_170122_1750031326_600_800.png,38tab01_20211228_170122_1750031326_600_800_mask.png,grau
12,5,24,11,56,581,80,592,56,581,80,581,80,592,56,592,text,table_text,table_2,raleway,regular,9.0,38tab01_20211228_170122_1750031326_600_800.png,/scratch/parceirosbr/bigoilict/share/BigOil/document_generator/datasets/documents_2021_12_28/38tab01_20211228_170122_1750031326_600_800.png,38tab01_20211228_170122_1750031326_600_800_mask.png,Esses 
12,5,24,11,56,581,80,592,56,581,80,581,80,592,56,592,sub_line_text,table_text,table_2,raleway,regular,9.0,38tab01_20211228_170122_1750031326_600_800.png,/scratch/parceirosbr/bigoilict/share/BigOil/document_generator/datasets/documents_2021_12_28/38tab01_20211228_170122_1750031326_600_800.png,38tab01_20211228_170122_1750031326_600_800_mask.png,Esses 
18,5,37,11,56,593,93,604,56,593,93,593,93,604,56,604,text,table_text,table_2,raleway,regular,9.0,38tab01_20211228_170122_1750031326_600_800.png,/scratch/parceirosbr/bigoilict/share/BigOil/document_generator/datasets/documents_2021_12_28/38tab01_20211228_170122_1750031326_600_800.png,38tab01_20211228_170122_1750031326_600_800_mask.png,Deve ser 
18,5,37,11,56,593,93,604,56,593,93,593,93,604,56,604,sub_line_text,table_text,table_2,raleway,regular,9.0,38tab01_20211228_170122_1750031326_600_800.png,/scratch/parceirosbr/bigoilict/share/BigOil/document_generator/datasets/documents_2021_12_28/38tab01_20211228_170122_1750031326_600_800.png,38tab01_20211228_170122_1750031326_600_800_mask.png,Deve ser 
17,5,35,11,56,612,91,623,56,612,91,612,91,623,56,623,text,table_text,table_2,raleway,regular,9.0,38tab01_20211228_170122_1750031326_600_800.png,/scratch/parceirosbr/bigoilict/share/BigOil/document_generator/datasets/documents_2021_12_28/38tab01_20211228_170122_1750031326_600_800.png,38tab01_20211228_170122_1750031326_600_800_mask.png,distintos
17,5,35,11,56,612,91,623,56,612,91,612,91,623,56,623,sub_line_text,table_text,table_2,raleway,regular,9.0,38tab01_20211228_170122_1750031326_600_800.png,/scratch/parceirosbr/bigoilict/share/BigOil/document_generator/datasets/documents_2021_12_28/38tab01_20211228_170122_1750031326_600_800.png,38tab01_20211228_170122_1750031326_600_800_mask.png,distintos
179,5,359,11,56,624,415,635,56,624,415,624,415,635,56,635,text,table_text,table_2,raleway,regular,9.0,38tab01_20211228_170122_1750031326_600_800.png,/scratch/parceirosbr/bigoilict/share/BigOil/document_generator/datasets/documents_2021_12_28/38tab01_20211228_170122_1750031326_600_800.png,38tab01_20211228_170122_1750031326_600_800_mask.png,Figs. 8.5 (a) e 8.6 (a) mostram que as frações mássicas de e de tendem a ser menores no 1 
179,5,359,11,56,624,415,635,56,624,415,624,415,635,56,635,sub_line_text,table_text,table_2,raleway,regular,9.0,38tab01_20211228_170122_1750031326_600_800.png,/scratch/parceirosbr/bigoilict/share/BigOil/document_generator/datasets/documents_2021_12_28/38tab01_20211228_170122_1750031326_600_800.png,38tab01_20211228_170122_1750031326_600_800_mask.png,Figs. 8.5 (a) e 8.6 (a) mostram que as frações mássicas de e de tendem a ser menores no 1 
182,5,364,11,56,636,420,647,56,636,420,636,420,647,56,647,text,table_text,table_2,raleway,regular,9.0,38tab01_20211228_170122_1750031326_600_800.png,/scratch/parceirosbr/bigoilict/share/BigOil/document_generator/datasets/documents_2021_12_28/38tab01_20211228_170122_1750031326_600_800.png,38tab01_20211228_170122_1750031326_600_800_mask.png,"Após a criação do de e de em 2004, e a aprovação da n 11.097, de 13 de janeiro de 2005, "
182,5,364,11,56,636,420,647,56,636,420,636,420,647,56,647,sub_line_text,table_text,table_2,raleway,regular,9.0,38tab01_20211228_170122_1750031326_600_800.png,/scratch/parceirosbr/bigoilict/share/BigOil/document_generator/datasets/documents_2021_12_28/38tab01_20211228_170122_1750031326_600_800.png,38tab01_20211228_170122_1750031326_600_800_mask.png,"Após a criação do de e de em 2004, e a aprovação da n 11.097, de 13 de janeiro de 2005, "
172,5,345,11,56,648,401,659,56,648,401,648,401,659,56,659,text,table_text,table_2,raleway,regular,9.0,38tab01_20211228_170122_1750031326_600_800.png,/scratch/parceirosbr/bigoilict/share/BigOil/document_generator/datasets/documents_2021_12_28/38tab01_20211228_170122_1750031326_600_800.png,38tab01_20211228_170122_1750031326_600_800_mask.png,As relações contratuais entre o distribuidor e o revendedor varejista serão abordadas 
172,5,345,11,56,648,401,659,56,648,401,648,401,659,56,659,sub_line_text,table_text,table_2,raleway,regular,9.0,38tab01_20211228_170122_1750031326_600_800.png,/scratch/parceirosbr/bigoilict/share/BigOil/document_generator/datasets/documents_2021_12_28/38tab01_20211228_170122_1750031326_600_800.png,38tab01_20211228_170122_1750031326_600_800_mask.png,As relações contratuais entre o distribuidor e o revendedor varejista serão abordadas 
27,5,55,11,139,302,194,313,139,302,194,302,194,313,139,313,text,table_text,table_2,raleway,regular,9.0,38tab01_20211228_170122_1750031326_600_800.png,/scratch/parceirosbr/bigoilict/share/BigOil/document_generator/datasets/documents_2021_12_28/38tab01_20211228_170122_1750031326_600_800.png,38tab01_20211228_170122_1750031326_600_800_mask.png,catalisadores
27,5,55,11,139,302,194,313,139,302,194,302,194,313,139,313,sub_line_text,table_text,table_2,raleway,regular,9.0,38tab01_20211228_170122_1750031326_600_800.png,/scratch/parceirosbr/bigoilict/share/BigOil/document_generator/datasets/documents_2021_12_28/38tab01_20211228_170122_1750031326_600_800.png,38tab01_20211228_170122_1750031326_600_800_mask.png,catalisadores
13,5,26,11,154,356,180,367,154,356,180,356,180,367,154,367,text,table_text,table_2,raleway,regular,9.0,38tab01_20211228_170122_1750031326_600_800.png,/scratch/parceirosbr/bigoilict/share/BigOil/document_generator/datasets/documents_2021_12_28/38tab01_20211228_170122_1750031326_600_800.png,38tab01_20211228_170122_1750031326_600_800_mask.png,possui
13,5,26,11,154,356,180,367,154,356,180,356,180,367,154,367,sub_line_text,table_text,table_2,raleway,regular,9.0,38tab01_20211228_170122_1750031326_600_800.png,/scratch/parceirosbr/bigoilict/share/BigOil/document_generator/datasets/documents_2021_12_28/38tab01_20211228_170122_1750031326_600_800.png,38tab01_20211228_170122_1750031326_600_800_mask.png,possui
23,5,46,11,144,394,190,405,144,394,190,394,190,405,144,405,text,table_text,table_2,raleway,regular,9.0,38tab01_20211228_170122_1750031326_600_800.png,/scratch/parceirosbr/bigoilict/share/BigOil/document_generator/datasets/documents_2021_12_28/38tab01_20211228_170122_1750031326_600_800.png,38tab01_20211228_170122_1750031326_600_800_mask.png,limitadoras
23,5,46,11,144,394,190,405,144,394,190,394,190,405,144,405,sub_line_text,table_text,table_2,raleway,regular,9.0,38tab01_20211228_170122_1750031326_600_800.png,/scratch/parceirosbr/bigoilict/share/BigOil/document_generator/datasets/documents_2021_12_28/38tab01_20211228_170122_1750031326_600_800.png,38tab01_20211228_170122_1750031326_600_800_mask.png,limitadoras
14,5,28,11,152,406,180,417,152,406,180,406,180,417,152,417,text,table_text,table_2,raleway,regular,9.0,38tab01_20211228_170122_1750031326_600_800.png,/scratch/parceirosbr/bigoilict/share/BigOil/document_generator/datasets/documents_2021_12_28/38tab01_20211228_170122_1750031326_600_800.png,38tab01_20211228_170122_1750031326_600_800_mask.png,Foram 
14,5,28,11,152,406,180,417,152,406,180,406,180,417,152,417,sub_line_text,table_text,table_2,raleway,regular,9.0,38tab01_20211228_170122_1750031326_600_800.png,/scratch/parceirosbr/bigoilict/share/BigOil/document_generator/datasets/documents_2021_12_28/38tab01_20211228_170122_1750031326_600_800.png,38tab01_20211228_170122_1750031326_600_800_mask.png,Foram 
30,5,60,11,136,418,196,429,136,418,196,418,196,429,136,429,text,table_text,table_2,raleway,regular,9.0,38tab01_20211228_170122_1750031326_600_800.png,/scratch/parceirosbr/bigoilict/share/BigOil/document_generator/datasets/documents_2021_12_28/38tab01_20211228_170122_1750031326_600_800.png,38tab01_20211228_170122_1750031326_600_800_mask.png,GNC: conjunto 
30,5,60,11,136,418,196,429,136,418,196,418,196,429,136,429,sub_line_text,table_text,table_2,raleway,regular,9.0,38tab01_20211228_170122_1750031326_600_800.png,/scratch/parceirosbr/bigoilict/share/BigOil/document_generator/datasets/documents_2021_12_28/38tab01_20211228_170122_1750031326_600_800.png,38tab01_20211228_170122_1750031326_600_800_mask.png,GNC: conjunto 
30,5,60,11,136,430,196,441,136,430,196,430,196,441,136,441,text,table_text,table_2,raleway,regular,9.0,38tab01_20211228_170122_1750031326_600_800.png,/scratch/parceirosbr/bigoilict/share/BigOil/document_generator/datasets/documents_2021_12_28/38tab01_20211228_170122_1750031326_600_800.png,38tab01_20211228_170122_1750031326_600_800_mask.png,Isto se justifica 
30,5,60,11,136,430,196,441,136,430,196,430,196,441,136,441,sub_line_text,table_text,table_2,raleway,regular,9.0,38tab01_20211228_170122_1750031326_600_800.png,/scratch/parceirosbr/bigoilict/share/BigOil/document_generator/datasets/documents_2021_12_28/38tab01_20211228_170122_1750031326_600_800.png,38tab01_20211228_170122_1750031326_600_800_mask.png,Isto se justifica 
23,5,46,11,144,450,190,461,144,450,190,450,190,461,144,461,text,table_text,table_2,raleway,regular,9.0,38tab01_20211228_170122_1750031326_600_800.png,/scratch/parceirosbr/bigoilict/share/BigOil/document_generator/datasets/documents_2021_12_28/38tab01_20211228_170122_1750031326_600_800.png,38tab01_20211228_170122_1750031326_600_800_mask.png,combustão
23,5,46,11,144,450,190,461,144,450,190,450,190,461,144,461,sub_line_text,table_text,table_2,raleway,regular,9.0,38tab01_20211228_170122_1750031326_600_800.png,/scratch/parceirosbr/bigoilict/share/BigOil/document_generator/datasets/documents_2021_12_28/38tab01_20211228_170122_1750031326_600_800.png,38tab01_20211228_170122_1750031326_600_800_mask.png,combustão
29,5,58,11,138,462,196,473,138,462,196,462,196,473,138,473,text,table_text,table_2,raleway,regular,9.0,38tab01_20211228_170122_1750031326_600_800.png,/scratch/parceirosbr/bigoilict/share/BigOil/document_generator/datasets/documents_2021_12_28/38tab01_20211228_170122_1750031326_600_800.png,38tab01_20211228_170122_1750031326_600_800_mask.png,"Contudo, este "
29,5,58,11,138,462,196,473,138,462,196,462,196,473,138,473,sub_line_text,table_text,table_2,raleway,regular,9.0,38tab01_20211228_170122_1750031326_600_800.png,/scratch/parceirosbr/bigoilict/share/BigOil/document_generator/datasets/documents_2021_12_28/38tab01_20211228_170122_1750031326_600_800.png,38tab01_20211228_170122_1750031326_600_800_mask.png,"Contudo, este "
32,5,64,11,134,474,198,485,134,474,198,474,198,485,134,485,text,table_text,table_2,raleway,regular,9.0,38tab01_20211228_170122_1750031326_600_800.png,/scratch/parceirosbr/bigoilict/share/BigOil/document_generator/datasets/documents_2021_12_28/38tab01_20211228_170122_1750031326_600_800.png,38tab01_20211228_170122_1750031326_600_800_mask.png,A configuração 
32,5,64,11,134,474,198,485,134,474,198,474,198,485,134,485,sub_line_text,table_text,table_2,raleway,regular,9.0,38tab01_20211228_170122_1750031326_600_800.png,/scratch/parceirosbr/bigoilict/share/BigOil/document_generator/datasets/documents_2021_12_28/38tab01_20211228_170122_1750031326_600_800.png,38tab01_20211228_170122_1750031326_600_800_mask.png,A configuração 
11,5,23,11,155,501,178,512,155,501,178,501,178,512,155,512,text,table_text,table_2,raleway,regular,9.0,38tab01_20211228_170122_1750031326_600_800.png,/scratch/parceirosbr/bigoilict/share/BigOil/document_generator/datasets/documents_2021_12_28/38tab01_20211228_170122_1750031326_600_800.png,38tab01_20211228_170122_1750031326_600_800_mask.png,neste
11,5,23,11,155,501,178,512,155,501,178,501,178,512,155,512,sub_line_text,table_text,table_2,raleway,regular,9.0,38tab01_20211228_170122_1750031326_600_800.png,/scratch/parceirosbr/bigoilict/share/BigOil/document_generator/datasets/documents_2021_12_28/38tab01_20211228_170122_1750031326_600_800.png,38tab01_20211228_170122_1750031326_600_800_mask.png,neste
22,5,44,11,144,513,188,524,144,513,188,513,188,524,144,524,text,table_text,table_2,raleway,regular,9.0,38tab01_20211228_170122_1750031326_600_800.png,/scratch/parceirosbr/bigoilict/share/BigOil/document_generator/datasets/documents_2021_12_28/38tab01_20211228_170122_1750031326_600_800.png,38tab01_20211228_170122_1750031326_600_800_mask.png,Consulta n 
22,5,44,11,144,513,188,524,144,513,188,513,188,524,144,524,sub_line_text,table_text,table_2,raleway,regular,9.0,38tab01_20211228_170122_1750031326_600_800.png,/scratch/parceirosbr/bigoilict/share/BigOil/document_generator/datasets/documents_2021_12_28/38tab01_20211228_170122_1750031326_600_800.png,38tab01_20211228_170122_1750031326_600_800_mask.png,Consulta n 
10,5,21,11,156,527,177,538,156,527,177,527,177,538,156,538,text,table_text,table_2,raleway,regular,9.0,38tab01_20211228_170122_1750031326_600_800.png,/scratch/parceirosbr/bigoilict/share/BigOil/document_generator/datasets/documents_2021_12_28/38tab01_20211228_170122_1750031326_600_800.png,38tab01_20211228_170122_1750031326_600_800_mask.png,físico
10,5,21,11,156,527,177,538,156,527,177,527,177,538,156,538,sub_line_text,table_text,table_2,raleway,regular,9.0,38tab01_20211228_170122_1750031326_600_800.png,/scratch/parceirosbr/bigoilict/share/BigOil/document_generator/datasets/documents_2021_12_28/38tab01_20211228_170122_1750031326_600_800.png,38tab01_20211228_170122_1750031326_600_800_mask.png,físico
23,5,47,11,143,539,190,550,143,539,190,539,190,550,143,550,text,table_text,table_2,raleway,regular,9.0,38tab01_20211228_170122_1750031326_600_800.png,/scratch/parceirosbr/bigoilict/share/BigOil/document_generator/datasets/documents_2021_12_28/38tab01_20211228_170122_1750031326_600_800.png,38tab01_20211228_170122_1750031326_600_800_mask.png,"In 2011, the "
23,5,47,11,143,539,190,550,143,539,190,539,190,550,143,550,sub_line_text,table_text,table_2,raleway,regular,9.0,38tab01_20211228_170122_1750031326_600_800.png,/scratch/parceirosbr/bigoilict/share/BigOil/document_generator/datasets/documents_2021_12_28/38tab01_20211228_170122_1750031326_600_800.png,38tab01_20211228_170122_1750031326_600_800_mask.png,"In 2011, the "
21,5,43,11,145,551,188,562,145,551,188,551,188,562,145,562,text,table_text,table_2,raleway,regular,9.0,38tab01_20211228_170122_1750031326_600_800.png,/scratch/parceirosbr/bigoilict/share/BigOil/document_generator/datasets/documents_2021_12_28/38tab01_20211228_170122_1750031326_600_800.png,38tab01_20211228_170122_1750031326_600_800_mask.png,Agradeço 
21,5,43,11,145,551,188,562,145,551,188,551,188,562,145,562,sub_line_text,table_text,table_2,raleway,regular,9.0,38tab01_20211228_170122_1750031326_600_800.png,/scratch/parceirosbr/bigoilict/share/BigOil/document_generator/datasets/documents_2021_12_28/38tab01_20211228_170122_1750031326_600_800.png,38tab01_20211228_170122_1750031326_600_800_mask.png,Agradeço 
15,5,30,11,152,569,182,580,152,569,182,569,182,580,152,580,text,table_text,table_2,raleway,regular,9.0,38tab01_20211228_170122_1750031326_600_800.png,/scratch/parceirosbr/bigoilict/share/BigOil/document_generator/datasets/documents_2021_12_28/38tab01_20211228_170122_1750031326_600_800.png,38tab01_20211228_170122_1750031326_600_800_mask.png,reunião
15,5,30,11,152,569,182,580,152,569,182,569,182,580,152,580,sub_line_text,table_text,table_2,raleway,regular,9.0,38tab01_20211228_170122_1750031326_600_800.png,/scratch/parceirosbr/bigoilict/share/BigOil/document_generator/datasets/documents_2021_12_28/38tab01_20211228_170122_1750031326_600_800.png,38tab01_20211228_170122_1750031326_600_800_mask.png,reunião
21,5,42,11,239,302,281,313,239,302,281,302,281,313,239,313,text,table_text,table_2,raleway,regular,9.0,38tab01_20211228_170122_1750031326_600_800.png,/scratch/parceirosbr/bigoilict/share/BigOil/document_generator/datasets/documents_2021_12_28/38tab01_20211228_170122_1750031326_600_800.png,38tab01_20211228_170122_1750031326_600_800_mask.png,incentivos
21,5,42,11,239,302,281,313,239,302,281,302,281,313,239,313,sub_line_text,table_text,table_2,raleway,regular,9.0,38tab01_20211228_170122_1750031326_600_800.png,/scratch/parceirosbr/bigoilict/share/BigOil/document_generator/datasets/documents_2021_12_28/38tab01_20211228_170122_1750031326_600_800.png,38tab01_20211228_170122_1750031326_600_800_mask.png,incentivos
43,5,86,11,217,314,303,325,217,314,303,314,303,325,217,325,text,table_text,table_2,raleway,regular,9.0,38tab01_20211228_170122_1750031326_600_800.png,/scratch/parceirosbr/bigoilict/share/BigOil/document_generator/datasets/documents_2021_12_28/38tab01_20211228_170122_1750031326_600_800.png,38tab01_20211228_170122_1750031326_600_800_mask.png,"De forma alternativa, "
43,5,86,11,217,314,303,325,217,314,303,314,303,325,217,325,sub_line_text,table_text,table_2,raleway,regular,9.0,38tab01_20211228_170122_1750031326_600_800.png,/scratch/parceirosbr/bigoilict/share/BigOil/document_generator/datasets/documents_2021_12_28/38tab01_20211228_170122_1750031326_600_800.png,38tab01_20211228_170122_1750031326_600_800_mask.png,"De forma alternativa, "
45,5,91,11,214,326,305,337,214,326,305,326,305,337,214,337,text,table_text,table_2,raleway,regular,9.0,38tab01_20211228_170122_1750031326_600_800.png,/scratch/parceirosbr/bigoilict/share/BigOil/document_generator/datasets/documents_2021_12_28/38tab01_20211228_170122_1750031326_600_800.png,38tab01_20211228_170122_1750031326_600_800_mask.png,"Surpreendentemente, "
45,5,91,11,214,326,305,337,214,326,305,326,305,337,214,337,sub_line_text,table_text,table_2,raleway,regular,9.0,38tab01_20211228_170122_1750031326_600_800.png,/scratch/parceirosbr/bigoilict/share/BigOil/document_generator/datasets/documents_2021_12_28/38tab01_20211228_170122_1750031326_600_800.png,38tab01_20211228_170122_1750031326_600_800_mask.png,"Surpreendentemente, "
41,5,82,11,219,338,301,349,219,338,301,338,301,349,219,349,text,table_text,table_2,raleway,regular,9.0,38tab01_20211228_170122_1750031326_600_800.png,/scratch/parceirosbr/bigoilict/share/BigOil/document_generator/datasets/documents_2021_12_28/38tab01_20211228_170122_1750031326_600_800.png,38tab01_20211228_170122_1750031326_600_800_mask.png,Sílvia pela amizade; 
41,5,82,11,219,338,301,349,219,338,301,338,301,349,219,349,sub_line_text,table_text,table_2,raleway,regular,9.0,38tab01_20211228_170122_1750031326_600_800.png,/scratch/parceirosbr/bigoilict/share/BigOil/document_generator/datasets/documents_2021_12_28/38tab01_20211228_170122_1750031326_600_800.png,38tab01_20211228_170122_1750031326_600_800_mask.png,Sílvia pela amizade; 
8,5,16,11,252,356,268,367,252,356,268,356,268,367,252,367,text,table_text,table_2,raleway,regular,9.0,38tab01_20211228_170122_1750031326_600_800.png,/scratch/parceirosbr/bigoilict/share/BigOil/document_generator/datasets/documents_2021_12_28/38tab01_20211228_170122_1750031326_600_800.png,38tab01_20211228_170122_1750031326_600_800_mask.png,dito
8,5,16,11,252,356,268,367,252,356,268,356,268,367,252,367,sub_line_text,table_text,table_2,raleway,regular,9.0,38tab01_20211228_170122_1750031326_600_800.png,/scratch/parceirosbr/bigoilict/share/BigOil/document_generator/datasets/documents_2021_12_28/38tab01_20211228_170122_1750031326_600_800.png,38tab01_20211228_170122_1750031326_600_800_mask.png,dito
46,5,93,11,214,368,307,379,214,368,307,368,307,379,214,379,text,table_text,table_2,raleway,regular,9.0,38tab01_20211228_170122_1750031326_600_800.png,/scratch/parceirosbr/bigoilict/share/BigOil/document_generator/datasets/documents_2021_12_28/38tab01_20211228_170122_1750031326_600_800.png,38tab01_20211228_170122_1750031326_600_800_mask.png,Para determinação do 
46,5,93,11,214,368,307,379,214,368,307,368,307,379,214,379,sub_line_text,table_text,table_2,raleway,regular,9.0,38tab01_20211228_170122_1750031326_600_800.png,/scratch/parceirosbr/bigoilict/share/BigOil/document_generator/datasets/documents_2021_12_28/38tab01_20211228_170122_1750031326_600_800.png,38tab01_20211228_170122_1750031326_600_800_mask.png,Para determinação do 
44,5,88,11,216,380,304,391,216,380,304,380,304,391,216,391,text,table_text,table_2,raleway,regular,9.0,38tab01_20211228_170122_1750031326_600_800.png,/scratch/parceirosbr/bigoilict/share/BigOil/document_generator/datasets/documents_2021_12_28/38tab01_20211228_170122_1750031326_600_800.png,38tab01_20211228_170122_1750031326_600_800_mask.png,Se forem somados os 
44,5,88,11,216,380,304,391,216,380,304,380,304,391,216,391,sub_line_text,table_text,table_2,raleway,regular,9.0,38tab01_20211228_170122_1750031326_600_800.png,/scratch/parceirosbr/bigoilict/share/BigOil/document_generator/datasets/documents_2021_12_28/38tab01_20211228_170122_1750031326_600_800.png,38tab01_20211228_170122_1750031326_600_800_mask.png,Se forem somados os 
13,5,26,11,247,394,273,405,247,394,273,394,273,405,247,405,text,table_text,table_2,raleway,regular,9.0,38tab01_20211228_170122_1750031326_600_800.png,/scratch/parceirosbr/bigoilict/share/BigOil/document_generator/datasets/documents_2021_12_28/38tab01_20211228_170122_1750031326_600_800.png,38tab01_20211228_170122_1750031326_600_800_mask.png,sujeito
13,5,26,11,247,394,273,405,247,394,273,394,273,405,247,405,sub_line_text,table_text,table_2,raleway,regular,9.0,38tab01_20211228_170122_1750031326_600_800.png,/scratch/parceirosbr/bigoilict/share/BigOil/document_generator/datasets/documents_2021_12_28/38tab01_20211228_170122_1750031326_600_800.png,38tab01_20211228_170122_1750031326_600_800_mask.png,sujeito
32,5,65,11,228,406,293,417,228,406,293,406,293,417,228,417,text,table_text,table_2,raleway,regular,9.0,38tab01_20211228_170122_1750031326_600_800.png,/scratch/parceirosbr/bigoilict/share/BigOil/document_generator/datasets/documents_2021_12_28/38tab01_20211228_170122_1750031326_600_800.png,38tab01_20211228_170122_1750031326_600_800_mask.png,Como forma de 
32,5,65,11,228,406,293,417,228,406,293,406,293,417,228,417,sub_line_text,table_text,table_2,raleway,regular,9.0,38tab01_20211228_170122_1750031326_600_800.png,/scratch/parceirosbr/bigoilict/share/BigOil/document_generator/datasets/documents_2021_12_28/38tab01_20211228_170122_1750031326_600_800.png,38tab01_20211228_170122_1750031326_600_800_mask.png,Como forma de 
33,5,66,11,227,418,293,429,227,418,293,418,293,429,227,429,text,table_text,table_2,raleway,regular,9.0,38tab01_20211228_170122_1750031326_600_800.png,/scratch/parceirosbr/bigoilict/share/BigOil/document_generator/datasets/documents_2021_12_28/38tab01_20211228_170122_1750031326_600_800.png,38tab01_20211228_170122_1750031326_600_800_mask.png,Diversos fatores 
33,5,66,11,227,418,293,429,227,418,293,418,293,429,227,429,sub_line_text,table_text,table_2,raleway,regular,9.0,38tab01_20211228_170122_1750031326_600_800.png,/scratch/parceirosbr/bigoilict/share/BigOil/document_generator/datasets/documents_2021_12_28/38tab01_20211228_170122_1750031326_600_800.png,38tab01_20211228_170122_1750031326_600_800_mask.png,Diversos fatores 
35,5,71,11,224,430,295,441,224,430,295,430,295,441,224,441,text,table_text,table_2,raleway,regular,9.0,38tab01_20211228_170122_1750031326_600_800.png,/scratch/parceirosbr/bigoilict/share/BigOil/document_generator/datasets/documents_2021_12_28/38tab01_20211228_170122_1750031326_600_800.png,38tab01_20211228_170122_1750031326_600_800_mask.png,A.; Tectonics and 
35,5,71,11,224,430,295,441,224,430,295,430,295,441,224,441,sub_line_text,table_text,table_2,raleway,regular,9.0,38tab01_20211228_170122_1750031326_600_800.png,/scratch/parceirosbr/bigoilict/share/BigOil/document_generator/datasets/documents_2021_12_28/38tab01_20211228_170122_1750031326_600_800.png,38tab01_20211228_170122_1750031326_600_800_mask.png,A.; Tectonics and 
13,5,27,11,246,450,273,461,246,450,273,450,273,461,246,461,text,table_text,table_2,raleway,regular,9.0,38tab01_20211228_170122_1750031326_600_800.png,/scratch/parceirosbr/bigoilict/share/BigOil/document_generator/datasets/documents_2021_12_28/38tab01_20211228_170122_1750031326_600_800.png,38tab01_20211228_170122_1750031326_600_800_mask.png,tratam
13,5,27,11,246,450,273,461,246,450,273,450,273,461,246,461,sub_line_text,table_text,table_2,raleway,regular,9.0,38tab01_20211228_170122_1750031326_600_800.png,/scratch/parceirosbr/bigoilict/share/BigOil/document_generator/datasets/documents_2021_12_28/38tab01_20211228_170122_1750031326_600_800.png,38tab01_20211228_170122_1750031326_600_800_mask.png,tratam
40,5,81,11,220,462,301,473,220,462,301,462,301,473,220,473,text,table_text,table_2,raleway,regular,9.0,38tab01_20211228_170122_1750031326_600_800.png,/scratch/parceirosbr/bigoilict/share/BigOil/document_generator/datasets/documents_2021_12_28/38tab01_20211228_170122_1750031326_600_800.png,38tab01_20211228_170122_1750031326_600_800_mask.png,Este fato leva-nos a 
40,5,81,11,220,462,301,473,220,462,301,462,301,473,220,473,sub_line_text,table_text,table_2,raleway,regular,9.0,38tab01_20211228_170122_1750031326_600_800.png,/scratch/parceirosbr/bigoilict/share/BigOil/document_generator/datasets/documents_2021_12_28/38tab01_20211228_170122_1750031326_600_800.png,38tab01_20211228_170122_1750031326_600_800_mask.png,Este fato leva-nos a 
31,5,62,11,229,474,291,485,229,474,291,474,291,485,229,485,text,table_text,table_2,raleway,regular,9.0,38tab01_20211228_170122_1750031326_600_800.png,/scratch/parceirosbr/bigoilict/share/BigOil/document_generator/datasets/documents_2021_12_28/38tab01_20211228_170122_1750031326_600_800.png,38tab01_20211228_170122_1750031326_600_800_mask.png,A atividade de 
31,5,62,11,229,474,291,485,229,474,291,474,291,485,229,485,sub_line_text,table_text,table_2,raleway,regular,9.0,38tab01_20211228_170122_1750031326_600_800.png,/scratch/parceirosbr/bigoilict/share/BigOil/document_generator/datasets/documents_2021_12_28/38tab01_20211228_170122_1750031326_600_800.png,38tab01_20211228_170122_1750031326_600_800_mask.png,A atividade de 
48,5,97,11,212,486,309,497,212,486,309,486,309,497,212,497,text,table_text,table_2,raleway,regular,9.0,38tab01_20211228_170122_1750031326_600_800.png,/scratch/parceirosbr/bigoilict/share/BigOil/document_generator/datasets/documents_2021_12_28/38tab01_20211228_170122_1750031326_600_800.png,38tab01_20211228_170122_1750031326_600_800_mask.png,Isso é feito para evitar a 
48,5,97,11,212,486,309,497,212,486,309,486,309,497,212,497,sub_line_text,table_text,table_2,raleway,regular,9.0,38tab01_20211228_170122_1750031326_600_800.png,/scratch/parceirosbr/bigoilict/share/BigOil/document_generator/datasets/documents_2021_12_28/38tab01_20211228_170122_1750031326_600_800.png,38tab01_20211228_170122_1750031326_600_800_mask.png,Isso é feito para evitar a 
25,5,50,11,235,501,285,512,235,501,285,501,285,512,235,512,text,table_text,table_2,raleway,regular,9.0,38tab01_20211228_170122_1750031326_600_800.png,/scratch/parceirosbr/bigoilict/share/BigOil/document_generator/datasets/documents_2021_12_28/38tab01_20211228_170122_1750031326_600_800.png,38tab01_20211228_170122_1750031326_600_800_mask.png,viscosidade
25,5,50,11,235,501,285,512,235,501,285,501,285,512,235,512,sub_line_text,table_text,table_2,raleway,regular,9.0,38tab01_20211228_170122_1750031326_600_800.png,/scratch/parceirosbr/bigoilict/share/BigOil/document_generator/datasets/documents_2021_12_28/38tab01_20211228_170122_1750031326_600_800.png,38tab01_20211228_170122_1750031326_600_800_mask.png,viscosidade
25,5,51,11,234,527,285,538,234,527,285,527,285,538,234,538,text,table_text,table_2,raleway,regular,9.0,38tab01_20211228_170122_1750031326_600_800.png,/scratch/parceirosbr/bigoilict/share/BigOil/document_generator/datasets/documents_2021_12_28/38tab01_20211228_170122_1750031326_600_800.png,38tab01_20211228_170122_1750031326_600_800_mask.png,combustível
25,5,51,11,234,527,285,538,234,527,285,527,285,538,234,538,sub_line_text,table_text,table_2,raleway,regular,9.0,38tab01_20211228_170122_1750031326_600_800.png,/scratch/parceirosbr/bigoilict/share/BigOil/document_generator/datasets/documents_2021_12_28/38tab01_20211228_170122_1750031326_600_800.png,38tab01_20211228_170122_1750031326_600_800_mask.png,combustível
15,5,31,11,244,569,275,580,244,569,275,569,275,580,244,580,text,table_text,table_2,raleway,regular,9.0,38tab01_20211228_170122_1750031326_600_800.png,/scratch/parceirosbr/bigoilict/share/BigOil/document_generator/datasets/documents_2021_12_28/38tab01_20211228_170122_1750031326_600_800.png,38tab01_20211228_170122_1750031326_600_800_mask.png,grande
15,5,31,11,244,569,275,580,244,569,275,569,275,580,244,580,sub_line_text,table_text,table_2,raleway,regular,9.0,38tab01_20211228_170122_1750031326_600_800.png,/scratch/parceirosbr/bigoilict/share/BigOil/document_generator/datasets/documents_2021_12_28/38tab01_20211228_170122_1750031326_600_800.png,38tab01_20211228_170122_1750031326_600_800_mask.png,grande
13,5,27,11,378,302,405,313,378,302,405,302,405,313,378,313,text,table_text,table_2,raleway,regular,9.0,38tab01_20211228_170122_1750031326_600_800.png,/scratch/parceirosbr/bigoilict/share/BigOil/document_generator/datasets/documents_2021_12_28/38tab01_20211228_170122_1750031326_600_800.png,38tab01_20211228_170122_1750031326_600_800_mask.png,7.4146
13,5,27,11,378,302,405,313,378,302,405,302,405,313,378,313,sub_line_text,table_text,table_2,raleway,regular,9.0,38tab01_20211228_170122_1750031326_600_800.png,/scratch/parceirosbr/bigoilict/share/BigOil/document_generator/datasets/documents_2021_12_28/38tab01_20211228_170122_1750031326_600_800.png,38tab01_20211228_170122_1750031326_600_800_mask.png,7.4146
13,5,27,11,378,356,405,367,378,356,405,356,405,367,378,367,text,table_text,table_2,raleway,regular,9.0,38tab01_20211228_170122_1750031326_600_800.png,/scratch/parceirosbr/bigoilict/share/BigOil/document_generator/datasets/documents_2021_12_28/38tab01_20211228_170122_1750031326_600_800.png,38tab01_20211228_170122_1750031326_600_800_mask.png,3.9225
13,5,27,11,378,356,405,367,378,356,405,356,405,367,378,367,sub_line_text,table_text,table_2,raleway,regular,9.0,38tab01_20211228_170122_1750031326_600_800.png,/scratch/parceirosbr/bigoilict/share/BigOil/document_generator/datasets/documents_2021_12_28/38tab01_20211228_170122_1750031326_600_800.png,38tab01_20211228_170122_1750031326_600_800_mask.png,3.9225
63,5,126,11,328,368,454,379,328,368,454,368,454,379,328,379,text,table_text,table_2,raleway,regular,9.0,38tab01_20211228_170122_1750031326_600_800.png,/scratch/parceirosbr/bigoilict/share/BigOil/document_generator/datasets/documents_2021_12_28/38tab01_20211228_170122_1750031326_600_800.png,38tab01_20211228_170122_1750031326_600_800_mask.png,Frequentemente observam-se 
63,5,126,11,328,368,454,379,328,368,454,368,454,379,328,379,sub_line_text,table_text,table_2,raleway,regular,9.0,38tab01_20211228_170122_1750031326_600_800.png,/scratch/parceirosbr/bigoilict/share/BigOil/document_generator/datasets/documents_2021_12_28/38tab01_20211228_170122_1750031326_600_800.png,38tab01_20211228_170122_1750031326_600_800_mask.png,Frequentemente observam-se 
48,5,96,11,343,380,439,391,343,380,439,380,439,391,343,391,text,table_text,table_2,raleway,regular,9.0,38tab01_20211228_170122_1750031326_600_800.png,/scratch/parceirosbr/bigoilict/share/BigOil/document_generator/datasets/documents_2021_12_28/38tab01_20211228_170122_1750031326_600_800.png,38tab01_20211228_170122_1750031326_600_800_mask.png,"Já no fluido 4, os dados "
48,5,96,11,343,380,439,391,343,380,439,380,439,391,343,391,sub_line_text,table_text,table_2,raleway,regular,9.0,38tab01_20211228_170122_1750031326_600_800.png,/scratch/parceirosbr/bigoilict/share/BigOil/document_generator/datasets/documents_2021_12_28/38tab01_20211228_170122_1750031326_600_800.png,38tab01_20211228_170122_1750031326_600_800_mask.png,"Já no fluido 4, os dados "
13,5,27,11,378,394,405,405,378,394,405,394,405,405,378,405,text,table_text,table_2,raleway,regular,9.0,38tab01_20211228_170122_1750031326_600_800.png,/scratch/parceirosbr/bigoilict/share/BigOil/document_generator/datasets/documents_2021_12_28/38tab01_20211228_170122_1750031326_600_800.png,38tab01_20211228_170122_1750031326_600_800_mask.png,9.6763
13,5,27,11,378,394,405,405,378,394,405,394,405,405,378,405,sub_line_text,table_text,table_2,raleway,regular,9.0,38tab01_20211228_170122_1750031326_600_800.png,/scratch/parceirosbr/bigoilict/share/BigOil/document_generator/datasets/documents_2021_12_28/38tab01_20211228_170122_1750031326_600_800.png,38tab01_20211228_170122_1750031326_600_800_mask.png,9.6763
14,5,29,11,376,450,405,461,376,450,405,450,405,461,376,461,text,table_text,table_2,raleway,regular,9.0,38tab01_20211228_170122_1750031326_600_800.png,/scratch/parceirosbr/bigoilict/share/BigOil/document_generator/datasets/documents_2021_12_28/38tab01_20211228_170122_1750031326_600_800.png,38tab01_20211228_170122_1750031326_600_800_mask.png,9.0760
14,5,29,11,376,450,405,461,376,450,405,450,405,461,376,461,sub_line_text,table_text,table_2,raleway,regular,9.0,38tab01_20211228_170122_1750031326_600_800.png,/scratch/parceirosbr/bigoilict/share/BigOil/document_generator/datasets/documents_2021_12_28/38tab01_20211228_170122_1750031326_600_800.png,38tab01_20211228_170122_1750031326_600_800_mask.png,9.0760
13,5,27,11,378,501,405,512,378,501,405,501,405,512,378,512,text,table_text,table_2,raleway,regular,9.0,38tab01_20211228_170122_1750031326_600_800.png,/scratch/parceirosbr/bigoilict/share/BigOil/document_generator/datasets/documents_2021_12_28/38tab01_20211228_170122_1750031326_600_800.png,38tab01_20211228_170122_1750031326_600_800_mask.png,2.1087
13,5,27,11,378,501,405,512,378,501,405,501,405,512,378,512,sub_line_text,table_text,table_2,raleway,regular,9.0,38tab01_20211228_170122_1750031326_600_800.png,/scratch/parceirosbr/bigoilict/share/BigOil/document_generator/datasets/documents_2021_12_28/38tab01_20211228_170122_1750031326_600_800.png,38tab01_20211228_170122_1750031326_600_800_mask.png,2.1087
54,5,109,11,336,513,445,524,336,513,445,513,445,524,336,524,text,table_text,table_2,raleway,regular,9.0,38tab01_20211228_170122_1750031326_600_800.png,/scratch/parceirosbr/bigoilict/share/BigOil/document_generator/datasets/documents_2021_12_28/38tab01_20211228_170122_1750031326_600_800.png,38tab01_20211228_170122_1750031326_600_800_mask.png,Após a seleção do modelo 
54,5,109,11,336,513,445,524,336,513,445,513,445,524,336,524,sub_line_text,table_text,table_2,raleway,regular,9.0,38tab01_20211228_170122_1750031326_600_800.png,/scratch/parceirosbr/bigoilict/share/BigOil/document_generator/datasets/documents_2021_12_28/38tab01_20211228_170122_1750031326_600_800.png,38tab01_20211228_170122_1750031326_600_800_mask.png,Após a seleção do modelo 
16,5,32,11,375,527,407,538,375,527,407,527,407,538,375,538,text,table_text,table_2,raleway,regular,9.0,38tab01_20211228_170122_1750031326_600_800.png,/scratch/parceirosbr/bigoilict/share/BigOil/document_generator/datasets/documents_2021_12_28/38tab01_20211228_170122_1750031326_600_800.png,38tab01_20211228_170122_1750031326_600_800_mask.png,59.4579
16,5,32,11,375,527,407,538,375,527,407,527,407,538,375,538,sub_line_text,table_text,table_2,raleway,regular,9.0,38tab01_20211228_170122_1750031326_600_800.png,/scratch/parceirosbr/bigoilict/share/BigOil/document_generator/datasets/documents_2021_12_28/38tab01_20211228_170122_1750031326_600_800.png,38tab01_20211228_170122_1750031326_600_800_mask.png,59.4579
47,5,95,11,344,539,439,550,344,539,439,539,439,550,344,550,text,table_text,table_2,raleway,regular,9.0,38tab01_20211228_170122_1750031326_600_800.png,/scratch/parceirosbr/bigoilict/share/BigOil/document_generator/datasets/documents_2021_12_28/38tab01_20211228_170122_1750031326_600_800.png,38tab01_20211228_170122_1750031326_600_800_mask.png,Observa-se que a taxa 
47,5,95,11,344,539,439,550,344,539,439,539,439,550,344,550,sub_line_text,table_text,table_2,raleway,regular,9.0,38tab01_20211228_170122_1750031326_600_800.png,/scratch/parceirosbr/bigoilict/share/BigOil/document_generator/datasets/documents_2021_12_28/38tab01_20211228_170122_1750031326_600_800.png,38tab01_20211228_170122_1750031326_600_800_mask.png,Observa-se que a taxa 
64,5,129,11,326,551,455,562,326,551,455,551,455,562,326,562,text,table_text,table_2,raleway,regular,9.0,38tab01_20211228_170122_1750031326_600_800.png,/scratch/parceirosbr/bigoilict/share/BigOil/document_generator/datasets/documents_2021_12_28/38tab01_20211228_170122_1750031326_600_800.png,38tab01_20211228_170122_1750031326_600_800_mask.png,A dependência contínua com a 
64,5,129,11,326,551,455,562,326,551,455,551,455,562,326,562,sub_line_text,table_text,table_2,raleway,regular,9.0,38tab01_20211228_170122_1750031326_600_800.png,/scratch/parceirosbr/bigoilict/share/BigOil/document_generator/datasets/documents_2021_12_28/38tab01_20211228_170122_1750031326_600_800.png,38tab01_20211228_170122_1750031326_600_800_mask.png,A dependência contínua com a 
15,5,31,11,376,569,407,580,376,569,407,569,407,580,376,580,text,table_text,table_2,raleway,regular,9.0,38tab01_20211228_170122_1750031326_600_800.png,/scratch/parceirosbr/bigoilict/share/BigOil/document_generator/datasets/documents_2021_12_28/38tab01_20211228_170122_1750031326_600_800.png,38tab01_20211228_170122_1750031326_600_800_mask.png,44.8143
15,5,31,11,376,569,407,580,376,569,407,569,407,580,376,580,sub_line_text,table_text,table_2,raleway,regular,9.0,38tab01_20211228_170122_1750031326_600_800.png,/scratch/parceirosbr/bigoilict/share/BigOil/document_generator/datasets/documents_2021_12_28/38tab01_20211228_170122_1750031326_600_800.png,38tab01_20211228_170122_1750031326_600_800_mask.png,44.8143
24,5,48,11,482,212,530,223,482,212,530,212,530,223,482,223,text,table_text,table_2,raleway,regular,9.0,38tab01_20211228_170122_1750031326_600_800.png,/scratch/parceirosbr/bigoilict/share/BigOil/document_generator/datasets/documents_2021_12_28/38tab01_20211228_170122_1750031326_600_800.png,38tab01_20211228_170122_1750031326_600_800_mask.png,deslocando
24,5,48,11,482,212,530,223,482,212,530,212,530,223,482,223,sub_line_text,table_text,table_2,raleway,regular,9.0,38tab01_20211228_170122_1750031326_600_800.png,/scratch/parceirosbr/bigoilict/share/BigOil/document_generator/datasets/documents_2021_12_28/38tab01_20211228_170122_1750031326_600_800.png,38tab01_20211228_170122_1750031326_600_800_mask.png,deslocando
25,5,50,11,480,224,530,235,480,224,530,224,530,235,480,235,text,table_text,table_2,raleway,regular,9.0,38tab01_20211228_170122_1750031326_600_800.png,/scratch/parceirosbr/bigoilict/share/BigOil/document_generator/datasets/documents_2021_12_28/38tab01_20211228_170122_1750031326_600_800.png,38tab01_20211228_170122_1750031326_600_800_mask.png,absorvância
25,5,50,11,480,224,530,235,480,224,530,224,530,235,480,235,sub_line_text,table_text,table_2,raleway,regular,9.0,38tab01_20211228_170122_1750031326_600_800.png,/scratch/parceirosbr/bigoilict/share/BigOil/document_generator/datasets/documents_2021_12_28/38tab01_20211228_170122_1750031326_600_800.png,38tab01_20211228_170122_1750031326_600_800_mask.png,absorvância
31,5,62,11,474,236,536,247,474,236,536,236,536,247,474,247,text,table_text,table_2,raleway,regular,9.0,38tab01_20211228_170122_1750031326_600_800.png,/scratch/parceirosbr/bigoilict/share/BigOil/document_generator/datasets/documents_2021_12_28/38tab01_20211228_170122_1750031326_600_800.png,38tab01_20211228_170122_1750031326_600_800_mask.png,Esse vapor por 
31,5,62,11,474,236,536,247,474,236,536,236,536,247,474,247,sub_line_text,table_text,table_2,raleway,regular,9.0,38tab01_20211228_170122_1750031326_600_800.png,/scratch/parceirosbr/bigoilict/share/BigOil/document_generator/datasets/documents_2021_12_28/38tab01_20211228_170122_1750031326_600_800.png,38tab01_20211228_170122_1750031326_600_800_mask.png,Esse vapor por 
33,5,67,11,472,256,539,267,472,256,539,256,539,267,472,267,text,table_text,table_2,raleway,regular,9.0,38tab01_20211228_170122_1750031326_600_800.png,/scratch/parceirosbr/bigoilict/share/BigOil/document_generator/datasets/documents_2021_12_28/38tab01_20211228_170122_1750031326_600_800.png,38tab01_20211228_170122_1750031326_600_800_mask.png,786514877.9466
33,5,67,11,472,256,539,267,472,256,539,256,539,267,472,267,sub_line_text,table_text,table_2,raleway,regular,9.0,38tab01_20211228_170122_1750031326_600_800.png,/scratch/parceirosbr/bigoilict/share/BigOil/document_generator/datasets/documents_2021_12_28/38tab01_20211228_170122_1750031326_600_800.png,38tab01_20211228_170122_1750031326_600_800_mask.png,786514877.9466
23,5,47,11,482,268,529,279,482,268,529,268,529,279,482,279,text,table_text,table_2,raleway,regular,9.0,38tab01_20211228_170122_1750031326_600_800.png,/scratch/parceirosbr/bigoilict/share/BigOil/document_generator/datasets/documents_2021_12_28/38tab01_20211228_170122_1750031326_600_800.png,38tab01_20211228_170122_1750031326_600_800_mask.png,O araticum 
23,5,47,11,482,268,529,279,482,268,529,268,529,279,482,279,sub_line_text,table_text,table_2,raleway,regular,9.0,38tab01_20211228_170122_1750031326_600_800.png,/scratch/parceirosbr/bigoilict/share/BigOil/document_generator/datasets/documents_2021_12_28/38tab01_20211228_170122_1750031326_600_800.png,38tab01_20211228_170122_1750031326_600_800_mask.png,O araticum 
21,5,43,11,484,280,527,291,484,280,527,280,527,291,484,291,text,table_text,table_2,raleway,regular,9.0,38tab01_20211228_170122_1750031326_600_800.png,/scratch/parceirosbr/bigoilict/share/BigOil/document_generator/datasets/documents_2021_12_28/38tab01_20211228_170122_1750031326_600_800.png,38tab01_20211228_170122_1750031326_600_800_mask.png,Estudo da 
21,5,43,11,484,280,527,291,484,280,527,280,527,291,484,291,sub_line_text,table_text,table_2,raleway,regular,9.0,38tab01_20211228_170122_1750031326_600_800.png,/scratch/parceirosbr/bigoilict/share/BigOil/document_generator/datasets/documents_2021_12_28/38tab01_20211228_170122_1750031326_600_800.png,38tab01_20211228_170122_1750031326_600_800_mask.png,Estudo da 
33,5,66,11,472,302,538,313,472,302,538,302,538,313,472,313,text,table_text,table_2,raleway,regular,9.0,38tab01_20211228_170122_1750031326_600_800.png,/scratch/parceirosbr/bigoilict/share/BigOil/document_generator/datasets/documents_2021_12_28/38tab01_20211228_170122_1750031326_600_800.png,38tab01_20211228_170122_1750031326_600_800_mask.png,915529767.3995
33,5,66,11,472,302,538,313,472,302,538,302,538,313,472,313,sub_line_text,table_text,table_2,raleway,regular,9.0,38tab01_20211228_170122_1750031326_600_800.png,/scratch/parceirosbr/bigoilict/share/BigOil/document_generator/datasets/documents_2021_12_28/38tab01_20211228_170122_1750031326_600_800.png,38tab01_20211228_170122_1750031326_600_800_mask.png,915529767.3995
24,5,49,11,481,314,530,325,481,314,530,314,530,325,481,325,text,table_text,table_2,raleway,regular,9.0,38tab01_20211228_170122_1750031326_600_800.png,/scratch/parceirosbr/bigoilict/share/BigOil/document_generator/datasets/documents_2021_12_28/38tab01_20211228_170122_1750031326_600_800.png,38tab01_20211228_170122_1750031326_600_800_mask.png,"Neste caso, "
24,5,49,11,481,314,530,325,481,314,530,314,530,325,481,325,sub_line_text,table_text,table_2,raleway,regular,9.0,38tab01_20211228_170122_1750031326_600_800.png,/scratch/parceirosbr/bigoilict/share/BigOil/document_generator/datasets/documents_2021_12_28/38tab01_20211228_170122_1750031326_600_800.png,38tab01_20211228_170122_1750031326_600_800_mask.png,"Neste caso, "
33,5,66,11,472,326,538,337,472,326,538,326,538,337,472,337,text,table_text,table_2,raleway,regular,9.0,38tab01_20211228_170122_1750031326_600_800.png,/scratch/parceirosbr/bigoilict/share/BigOil/document_generator/datasets/documents_2021_12_28/38tab01_20211228_170122_1750031326_600_800.png,38tab01_20211228_170122_1750031326_600_800_mask.png,O Regulamento 
33,5,66,11,472,326,538,337,472,326,538,326,538,337,472,337,sub_line_text,table_text,table_2,raleway,regular,9.0,38tab01_20211228_170122_1750031326_600_800.png,/scratch/parceirosbr/bigoilict/share/BigOil/document_generator/datasets/documents_2021_12_28/38tab01_20211228_170122_1750031326_600_800.png,38tab01_20211228_170122_1750031326_600_800_mask.png,O Regulamento 
25,5,50,11,480,338,530,349,480,338,530,338,530,349,480,349,text,table_text,table_2,raleway,regular,9.0,38tab01_20211228_170122_1750031326_600_800.png,/scratch/parceirosbr/bigoilict/share/BigOil/document_generator/datasets/documents_2021_12_28/38tab01_20211228_170122_1750031326_600_800.png,38tab01_20211228_170122_1750031326_600_800_mask.png,Notar que a 
25,5,50,11,480,338,530,349,480,338,530,338,530,349,480,349,sub_line_text,table_text,table_2,raleway,regular,9.0,38tab01_20211228_170122_1750031326_600_800.png,/scratch/parceirosbr/bigoilict/share/BigOil/document_generator/datasets/documents_2021_12_28/38tab01_20211228_170122_1750031326_600_800.png,38tab01_20211228_170122_1750031326_600_800_mask.png,Notar que a 
34,5,68,11,472,356,540,367,472,356,540,356,540,367,472,367,text,table_text,table_2,raleway,regular,9.0,38tab01_20211228_170122_1750031326_600_800.png,/scratch/parceirosbr/bigoilict/share/BigOil/document_generator/datasets/documents_2021_12_28/38tab01_20211228_170122_1750031326_600_800.png,38tab01_20211228_170122_1750031326_600_800_mask.png,585560233.3979
34,5,68,11,472,356,540,367,472,356,540,356,540,367,472,367,sub_line_text,table_text,table_2,raleway,regular,9.0,38tab01_20211228_170122_1750031326_600_800.png,/scratch/parceirosbr/bigoilict/share/BigOil/document_generator/datasets/documents_2021_12_28/38tab01_20211228_170122_1750031326_600_800.png,38tab01_20211228_170122_1750031326_600_800_mask.png,585560233.3979
29,5,59,11,476,368,535,379,476,368,535,368,535,379,476,379,text,table_text,table_2,raleway,regular,9.0,38tab01_20211228_170122_1750031326_600_800.png,/scratch/parceirosbr/bigoilict/share/BigOil/document_generator/datasets/documents_2021_12_28/38tab01_20211228_170122_1750031326_600_800.png,38tab01_20211228_170122_1750031326_600_800_mask.png,"Assim, o limite "
29,5,59,11,476,368,535,379,476,368,535,368,535,379,476,379,sub_line_text,table_text,table_2,raleway,regular,9.0,38tab01_20211228_170122_1750031326_600_800.png,/scratch/parceirosbr/bigoilict/share/BigOil/document_generator/datasets/documents_2021_12_28/38tab01_20211228_170122_1750031326_600_800.png,38tab01_20211228_170122_1750031326_600_800_mask.png,"Assim, o limite "
27,5,54,11,478,380,532,391,478,380,532,380,532,391,478,391,text,table_text,table_2,raleway,regular,9.0,38tab01_20211228_170122_1750031326_600_800.png,/scratch/parceirosbr/bigoilict/share/BigOil/document_generator/datasets/documents_2021_12_28/38tab01_20211228_170122_1750031326_600_800.png,38tab01_20211228_170122_1750031326_600_800_mask.png,Organização 
27,5,54,11,478,380,532,391,478,380,532,380,532,391,478,391,sub_line_text,table_text,table_2,raleway,regular,9.0,38tab01_20211228_170122_1750031326_600_800.png,/scratch/parceirosbr/bigoilict/share/BigOil/document_generator/datasets/documents_2021_12_28/38tab01_20211228_170122_1750031326_600_800.png,38tab01_20211228_170122_1750031326_600_800_mask.png,Organização 
33,5,66,11,472,394,538,405,472,394,538,394,538,405,472,405,text,table_text,table_2,raleway,regular,9.0,38tab01_20211228_170122_1750031326_600_800.png,/scratch/parceirosbr/bigoilict/share/BigOil/document_generator/datasets/documents_2021_12_28/38tab01_20211228_170122_1750031326_600_800.png,38tab01_20211228_170122_1750031326_600_800_mask.png,142705491.7668
33,5,66,11,472,394,538,405,472,394,538,394,538,405,472,405,sub_line_text,table_text,table_2,raleway,regular,9.0,38tab01_20211228_170122_1750031326_600_800.png,/scratch/parceirosbr/bigoilict/share/BigOil/document_generator/datasets/documents_2021_12_28/38tab01_20211228_170122_1750031326_600_800.png,38tab01_20211228_170122_1750031326_600_800_mask.png,142705491.7668
30,5,61,11,475,418,536,429,475,418,536,418,536,429,475,429,text,table_text,table_2,raleway,regular,9.0,38tab01_20211228_170122_1750031326_600_800.png,/scratch/parceirosbr/bigoilict/share/BigOil/document_generator/datasets/documents_2021_12_28/38tab01_20211228_170122_1750031326_600_800.png,38tab01_20211228_170122_1750031326_600_800_mask.png,which are able 
30,5,61,11,475,418,536,429,475,418,536,418,536,429,475,429,sub_line_text,table_text,table_2,raleway,regular,9.0,38tab01_20211228_170122_1750031326_600_800.png,/scratch/parceirosbr/bigoilict/share/BigOil/document_generator/datasets/documents_2021_12_28/38tab01_20211228_170122_1750031326_600_800.png,38tab01_20211228_170122_1750031326_600_800_mask.png,which are able 
15,5,30,11,490,430,520,441,490,430,520,430,520,441,490,441,text,table_text,table_2,raleway,regular,9.0,38tab01_20211228_170122_1750031326_600_800.png,/scratch/parceirosbr/bigoilict/share/BigOil/document_generator/datasets/documents_2021_12_28/38tab01_20211228_170122_1750031326_600_800.png,38tab01_20211228_170122_1750031326_600_800_mask.png,Na são 
15,5,30,11,490,430,520,441,490,430,520,430,520,441,490,441,sub_line_text,table_text,table_2,raleway,regular,9.0,38tab01_20211228_170122_1750031326_600_800.png,/scratch/parceirosbr/bigoilict/share/BigOil/document_generator/datasets/documents_2021_12_28/38tab01_20211228_170122_1750031326_600_800.png,38tab01_20211228_170122_1750031326_600_800_mask.png,Na são 
35,5,71,11,470,450,541,461,470,450,541,450,541,461,470,461,text,table_text,table_2,raleway,regular,9.0,38tab01_20211228_170122_1750031326_600_800.png,/scratch/parceirosbr/bigoilict/share/BigOil/document_generator/datasets/documents_2021_12_28/38tab01_20211228_170122_1750031326_600_800.png,38tab01_20211228_170122_1750031326_600_800_mask.png,260563545.0300
35,5,71,11,470,450,541,461,470,450,541,450,541,461,470,461,sub_line_text,table_text,table_2,raleway,regular,9.0,38tab01_20211228_170122_1750031326_600_800.png,/scratch/parceirosbr/bigoilict/share/BigOil/document_generator/datasets/documents_2021_12_28/38tab01_20211228_170122_1750031326_600_800.png,38tab01_20211228_170122_1750031326_600_800_mask.png,260563545.0300
32,5,65,11,473,501,538,512,473,501,538,501,538,512,473,512,text,table_text,table_2,raleway,regular,9.0,38tab01_20211228_170122_1750031326_600_800.png,/scratch/parceirosbr/bigoilict/share/BigOil/document_generator/datasets/documents_2021_12_28/38tab01_20211228_170122_1750031326_600_800.png,38tab01_20211228_170122_1750031326_600_800_mask.png,658477431.2841
32,5,65,11,473,501,538,512,473,501,538,501,538,512,473,512,sub_line_text,table_text,table_2,raleway,regular,9.0,38tab01_20211228_170122_1750031326_600_800.png,/scratch/parceirosbr/bigoilict/share/BigOil/document_generator/datasets/documents_2021_12_28/38tab01_20211228_170122_1750031326_600_800.png,38tab01_20211228_170122_1750031326_600_800_mask.png,658477431.2841
29,5,59,11,476,513,535,524,476,513,535,513,535,524,476,524,text,table_text,table_2,raleway,regular,9.0,38tab01_20211228_170122_1750031326_600_800.png,/scratch/parceirosbr/bigoilict/share/BigOil/document_generator/datasets/documents_2021_12_28/38tab01_20211228_170122_1750031326_600_800.png,38tab01_20211228_170122_1750031326_600_800_mask.png,Outros passos 
29,5,59,11,476,513,535,524,476,513,535,513,535,524,476,524,sub_line_text,table_text,table_2,raleway,regular,9.0,38tab01_20211228_170122_1750031326_600_800.png,/scratch/parceirosbr/bigoilict/share/BigOil/document_generator/datasets/documents_2021_12_28/38tab01_20211228_170122_1750031326_600_800.png,38tab01_20211228_170122_1750031326_600_800_mask.png,Outros passos 
35,5,70,11,470,527,540,538,470,527,540,527,540,538,470,538,text,table_text,table_2,raleway,regular,9.0,38tab01_20211228_170122_1750031326_600_800.png,/scratch/parceirosbr/bigoilict/share/BigOil/document_generator/datasets/documents_2021_12_28/38tab01_20211228_170122_1750031326_600_800.png,38tab01_20211228_170122_1750031326_600_800_mask.png,424018012.0806
35,5,70,11,470,527,540,538,470,527,540,527,540,538,470,538,sub_line_text,table_text,table_2,raleway,regular,9.0,38tab01_20211228_170122_1750031326_600_800.png,/scratch/parceirosbr/bigoilict/share/BigOil/document_generator/datasets/documents_2021_12_28/38tab01_20211228_170122_1750031326_600_800.png,38tab01_20211228_170122_1750031326_600_800_mask.png,424018012.0806
17,5,35,11,488,539,523,550,488,539,523,539,523,550,488,550,text,table_text,table_2,raleway,regular,9.0,38tab01_20211228_170122_1750031326_600_800.png,/scratch/parceirosbr/bigoilict/share/BigOil/document_generator/datasets/documents_2021_12_28/38tab01_20211228_170122_1750031326_600_800.png,38tab01_20211228_170122_1750031326_600_800_mask.png,Como já 
17,5,35,11,488,539,523,550,488,539,523,539,523,550,488,550,sub_line_text,table_text,table_2,raleway,regular,9.0,38tab01_20211228_170122_1750031326_600_800.png,/scratch/parceirosbr/bigoilict/share/BigOil/document_generator/datasets/documents_2021_12_28/38tab01_20211228_170122_1750031326_600_800.png,38tab01_20211228_170122_1750031326_600_800_mask.png,Como já 
10,5,21,11,495,551,516,562,495,551,516,551,516,562,495,562,text,table_text,table_2,raleway,regular,9.0,38tab01_20211228_170122_1750031326_600_800.png,/scratch/parceirosbr/bigoilict/share/BigOil/document_generator/datasets/documents_2021_12_28/38tab01_20211228_170122_1750031326_600_800.png,38tab01_20211228_170122_1750031326_600_800_mask.png,Para 
10,5,21,11,495,551,516,562,495,551,516,551,516,562,495,562,sub_line_text,table_text,table_2,raleway,regular,9.0,38tab01_20211228_170122_1750031326_600_800.png,/scratch/parceirosbr/bigoilict/share/BigOil/document_generator/datasets/documents_2021_12_28/38tab01_20211228_170122_1750031326_600_800.png,38tab01_20211228_170122_1750031326_600_800_mask.png,Para 
32,5,65,11,473,569,538,580,473,569,538,569,538,580,473,580,text,table_text,table_2,raleway,regular,9.0,38tab01_20211228_170122_1750031326_600_800.png,/scratch/parceirosbr/bigoilict/share/BigOil/document_generator/datasets/documents_2021_12_28/38tab01_20211228_170122_1750031326_600_800.png,38tab01_20211228_170122_1750031326_600_800_mask.png,113550482.3618
32,5,65,11,473,569,538,580,473,569,538,569,538,580,473,580,sub_line_text,table_text,table_2,raleway,regular,9.0,38tab01_20211228_170122_1750031326_600_800.png,/scratch/parceirosbr/bigoilict/share/BigOil/document_generator/datasets/documents_2021_12_28/38tab01_20211228_170122_1750031326_600_800.png,38tab01_20211228_170122_1750031326_600_800_mask.png,113550482.3618
11,5,22,11,494,581,516,592,494,581,516,581,516,592,494,592,text,table_text,table_2,raleway,regular,9.0,38tab01_20211228_170122_1750031326_600_800.png,/scratch/parceirosbr/bigoilict/share/BigOil/document_generator/datasets/documents_2021_12_28/38tab01_20211228_170122_1750031326_600_800.png,38tab01_20211228_170122_1750031326_600_800_mask.png,Uma 
11,5,22,11,494,581,516,592,494,581,516,581,516,592,494,592,sub_line_text,table_text,table_2,raleway,regular,9.0,38tab01_20211228_170122_1750031326_600_800.png,/scratch/parceirosbr/bigoilict/share/BigOil/document_generator/datasets/documents_2021_12_28/38tab01_20211228_170122_1750031326_600_800.png,38tab01_20211228_170122_1750031326_600_800_mask.png,Uma 
33,5,66,11,472,593,538,604,472,593,538,593,538,604,472,604,text,table_text,table_2,raleway,regular,9.0,38tab01_20211228_170122_1750031326_600_800.png,/scratch/parceirosbr/bigoilict/share/BigOil/document_generator/datasets/documents_2021_12_28/38tab01_20211228_170122_1750031326_600_800.png,38tab01_20211228_170122_1750031326_600_800_mask.png,A solução então 
33,5,66,11,472,593,538,604,472,593,538,593,538,604,472,604,sub_line_text,table_text,table_2,raleway,regular,9.0,38tab01_20211228_170122_1750031326_600_800.png,/scratch/parceirosbr/bigoilict/share/BigOil/document_generator/datasets/documents_2021_12_28/38tab01_20211228_170122_1750031326_600_800.png,38tab01_20211228_170122_1750031326_600_800_mask.png,A solução então 
33,5,67,11,472,612,539,623,472,612,539,612,539,623,472,623,text,table_text,table_2,raleway,regular,9.0,38tab01_20211228_170122_1750031326_600_800.png,/scratch/parceirosbr/bigoilict/share/BigOil/document_generator/datasets/documents_2021_12_28/38tab01_20211228_170122_1750031326_600_800.png,38tab01_20211228_170122_1750031326_600_800_mask.png,769802164.6972
33,5,67,11,472,612,539,623,472,612,539,612,539,623,472,623,sub_line_text,table_text,table_2,raleway,regular,9.0,38tab01_20211228_170122_1750031326_600_800.png,/scratch/parceirosbr/bigoilict/share/BigOil/document_generator/datasets/documents_2021_12_28/38tab01_20211228_170122_1750031326_600_800.png,38tab01_20211228_170122_1750031326_600_800_mask.png,769802164.6972
