center_x,center_y,width,height,xmin,ymin,xmax,ymax,top_left_x,top_left_y,top_right_x,top_right_y,bottom_right_x,bottom_right_y,bottom_left_x,bottom_left_y,label,grouplabel,group,text_font,text_style,size_font,filename,path,filename_mask,content
300,400,600,800,0,0,600,800,0,0,600,0,600,800,0,800,document,,,,,,39cov_els_20211228_170146_5997919710_600_800.png,/scratch/parceirosbr/bigoilict/share/BigOil/document_generator/datasets/documents_2021_12_28/39cov_els_20211228_170146_5997919710_600_800.png,39cov_els_20211228_170146_5997919710_600_800_mask.png,
78,4,156,8,263,108,419,116,263,108,419,108,419,116,263,116,sub_line_text,header,header_1,arial,regular,7,39cov_els_20211228_170146_5997919710_600_800.png,/scratch/parceirosbr/bigoilict/share/BigOil/document_generator/datasets/documents_2021_12_28/39cov_els_20211228_170146_5997919710_600_800.png,39cov_els_20211228_170146_5997919710_600_800_mask.png,A modelagem descritiva serve como ferramenta
78,4,156,8,263,108,419,116,263,108,419,108,419,116,263,116,text,header,header_1,arial,regular,7,39cov_els_20211228_170146_5997919710_600_800.png,/scratch/parceirosbr/bigoilict/share/BigOil/document_generator/datasets/documents_2021_12_28/39cov_els_20211228_170146_5997919710_600_800.png,39cov_els_20211228_170146_5997919710_600_800_mask.png,nan
190,1,380,2,152,123,532,125,152,123,532,123,532,125,152,125,line,line,line,,,,39cov_els_20211228_170146_5997919710_600_800.png,/scratch/parceirosbr/bigoilict/share/BigOil/document_generator/datasets/documents_2021_12_28/39cov_els_20211228_170146_5997919710_600_800.png,39cov_els_20211228_170146_5997919710_600_800_mask.png,nan
28,12,56,24,152,131,208,155,152,131,208,131,208,155,152,155,image,image,image,,,,39cov_els_20211228_170146_5997919710_600_800.png,/scratch/parceirosbr/bigoilict/share/BigOil/document_generator/datasets/documents_2021_12_28/39cov_els_20211228_170146_5997919710_600_800.png,39cov_els_20211228_170146_5997919710_600_800_mask.png,/scratch/parceirosbr/bigoilict/share/BigOil/document_generator/files_images_document_generator/logos\image_76.jpg
24,16,48,32,479,131,527,163,479,131,527,131,527,163,479,163,image,image,image,,,,39cov_els_20211228_170146_5997919710_600_800.png,/scratch/parceirosbr/bigoilict/share/BigOil/document_generator/datasets/documents_2021_12_28/39cov_els_20211228_170146_5997919710_600_800.png,39cov_els_20211228_170146_5997919710_600_800_mask.png,/scratch/parceirosbr/bigoilict/share/BigOil/document_generator/files_images_document_generator/logos\image_17.jpg
77,4,155,8,264,131,419,139,264,131,419,131,419,139,264,139,sub_line_text,header,header_1,arial,regular,7,39cov_els_20211228_170146_5997919710_600_800.png,/scratch/parceirosbr/bigoilict/share/BigOil/document_generator/datasets/documents_2021_12_28/39cov_els_20211228_170146_5997919710_600_800.png,39cov_els_20211228_170146_5997919710_600_800_mask.png,"Diferente do comportamento elástico, o plástico"
77,4,155,8,264,131,419,139,264,131,419,131,419,139,264,139,text,header,header_1,arial,regular,7,39cov_els_20211228_170146_5997919710_600_800.png,/scratch/parceirosbr/bigoilict/share/BigOil/document_generator/datasets/documents_2021_12_28/39cov_els_20211228_170146_5997919710_600_800.png,39cov_els_20211228_170146_5997919710_600_800_mask.png,nan
107,8,215,16,234,139,449,155,234,139,449,139,449,155,234,155,sub_line_text,header,header_1,arial,bold,14,39cov_els_20211228_170146_5997919710_600_800.png,/scratch/parceirosbr/bigoilict/share/BigOil/document_generator/datasets/documents_2021_12_28/39cov_els_20211228_170146_5997919710_600_800.png,39cov_els_20211228_170146_5997919710_600_800_mask.png,"Construção em 1937de serviço,"
107,8,215,16,234,139,449,155,234,139,449,139,449,155,234,155,text,header,header_1,arial,bold,14,39cov_els_20211228_170146_5997919710_600_800.png,/scratch/parceirosbr/bigoilict/share/BigOil/document_generator/datasets/documents_2021_12_28/39cov_els_20211228_170146_5997919710_600_800.png,39cov_els_20211228_170146_5997919710_600_800_mask.png,nan
88,4,177,8,253,155,430,163,253,155,430,155,430,163,253,163,sub_line_text,header,header_1,arial,regular,7,39cov_els_20211228_170146_5997919710_600_800.png,/scratch/parceirosbr/bigoilict/share/BigOil/document_generator/datasets/documents_2021_12_28/39cov_els_20211228_170146_5997919710_600_800.png,39cov_els_20211228_170146_5997919710_600_800_mask.png,"Jornal do, Petrobras planeja transformar gás do pré-sal"
88,4,177,8,253,155,430,163,253,155,430,155,430,163,253,163,text,header,header_1,arial,regular,7,39cov_els_20211228_170146_5997919710_600_800.png,/scratch/parceirosbr/bigoilict/share/BigOil/document_generator/datasets/documents_2021_12_28/39cov_els_20211228_170146_5997919710_600_800.png,39cov_els_20211228_170146_5997919710_600_800_mask.png,nan
190,1,380,2,152,170,532,172,152,170,532,170,532,172,152,172,line,line,line,,,,39cov_els_20211228_170146_5997919710_600_800.png,/scratch/parceirosbr/bigoilict/share/BigOil/document_generator/datasets/documents_2021_12_28/39cov_els_20211228_170146_5997919710_600_800.png,39cov_els_20211228_170146_5997919710_600_800_mask.png,nan
49,4,99,8,292,651,391,659,292,651,391,651,391,659,292,659,sub_line_text,footer,footer_1,arial,regular,7,39cov_els_20211228_170146_5997919710_600_800.png,/scratch/parceirosbr/bigoilict/share/BigOil/document_generator/datasets/documents_2021_12_28/39cov_els_20211228_170146_5997919710_600_800.png,39cov_els_20211228_170146_5997919710_600_800_mask.png,Com a finalidade de reduzir as
49,4,99,8,292,651,391,659,292,651,391,651,391,659,292,659,text,footer,footer_1,arial,regular,7,39cov_els_20211228_170146_5997919710_600_800.png,/scratch/parceirosbr/bigoilict/share/BigOil/document_generator/datasets/documents_2021_12_28/39cov_els_20211228_170146_5997919710_600_800.png,39cov_els_20211228_170146_5997919710_600_800_mask.png,nan
44,4,89,8,297,659,386,667,297,659,386,659,386,667,297,667,sub_line_text,footer,footer_1,arial,regular,7,39cov_els_20211228_170146_5997919710_600_800.png,/scratch/parceirosbr/bigoilict/share/BigOil/document_generator/datasets/documents_2021_12_28/39cov_els_20211228_170146_5997919710_600_800.png,39cov_els_20211228_170146_5997919710_600_800_mask.png,"De 2006 a outubro de 2013,"
44,4,89,8,297,659,386,667,297,659,386,659,386,667,297,667,text,footer,footer_1,arial,regular,7,39cov_els_20211228_170146_5997919710_600_800.png,/scratch/parceirosbr/bigoilict/share/BigOil/document_generator/datasets/documents_2021_12_28/39cov_els_20211228_170146_5997919710_600_800.png,39cov_els_20211228_170146_5997919710_600_800_mask.png,nan
112,8,225,16,152,178,377,194,152,178,377,178,377,194,152,194,sub_line_text,title,title_0,arial,bold,14,39cov_els_20211228_170146_5997919710_600_800.png,/scratch/parceirosbr/bigoilict/share/BigOil/document_generator/datasets/documents_2021_12_28/39cov_els_20211228_170146_5997919710_600_800.png,39cov_els_20211228_170146_5997919710_600_800_mask.png,"Kashchiev (2002b), seu trabalho,"
104,8,209,16,152,196,361,212,152,196,361,196,361,212,152,212,sub_line_text,title,title_0,arial,bold,14,39cov_els_20211228_170146_5997919710_600_800.png,/scratch/parceirosbr/bigoilict/share/BigOil/document_generator/datasets/documents_2021_12_28/39cov_els_20211228_170146_5997919710_600_800.png,39cov_els_20211228_170146_5997919710_600_800_mask.png,reportam dependência daef os
112,17,225,34,152,178,377,212,152,178,377,178,377,212,152,212,title,title,title_0,arial,bold,14,39cov_els_20211228_170146_5997919710_600_800.png,/scratch/parceirosbr/bigoilict/share/BigOil/document_generator/datasets/documents_2021_12_28/39cov_els_20211228_170146_5997919710_600_800.png,39cov_els_20211228_170146_5997919710_600_800_mask.png,nan
108,6,216,12,152,226,368,238,152,226,368,226,368,238,152,238,sub_line_text,text,text_0,arial,bold,11,39cov_els_20211228_170146_5997919710_600_800.png,/scratch/parceirosbr/bigoilict/share/BigOil/document_generator/datasets/documents_2021_12_28/39cov_els_20211228_170146_5997919710_600_800.png,39cov_els_20211228_170146_5997919710_600_800_mask.png,"J. K. Massman, R. T. Stuart, F. W. Kendall"
108,6,216,12,152,226,368,238,152,226,368,226,368,238,152,238,text,text,text_0,arial,bold,11,39cov_els_20211228_170146_5997919710_600_800.png,/scratch/parceirosbr/bigoilict/share/BigOil/document_generator/datasets/documents_2021_12_28/39cov_els_20211228_170146_5997919710_600_800.png,39cov_els_20211228_170146_5997919710_600_800_mask.png,nan
133,7,267,15,152,252,419,267,152,252,419,252,419,267,152,267,sub_line_text,text,text_1,arial,italic,13,39cov_els_20211228_170146_5997919710_600_800.png,/scratch/parceirosbr/bigoilict/share/BigOil/document_generator/datasets/documents_2021_12_28/39cov_els_20211228_170146_5997919710_600_800.png,39cov_els_20211228_170146_5997919710_600_800_mask.png,Entretanto comportamento 36 indica a energia
107,7,215,15,152,269,367,284,152,269,367,269,367,284,152,284,sub_line_text,text,text_1,arial,italic,13,39cov_els_20211228_170146_5997919710_600_800.png,/scratch/parceirosbr/bigoilict/share/BigOil/document_generator/datasets/documents_2021_12_28/39cov_els_20211228_170146_5997919710_600_800.png,39cov_els_20211228_170146_5997919710_600_800_mask.png,material encontra-se região transição
133,16,267,32,152,252,419,284,152,252,419,252,419,284,152,284,text,text,text_1,arial,italic,13,39cov_els_20211228_170146_5997919710_600_800.png,/scratch/parceirosbr/bigoilict/share/BigOil/document_generator/datasets/documents_2021_12_28/39cov_els_20211228_170146_5997919710_600_800.png,39cov_els_20211228_170146_5997919710_600_800_mask.png,nan
41,12,82,25,449,185,531,210,449,185,531,185,531,210,449,210,image,image,image,,,,39cov_els_20211228_170146_5997919710_600_800.png,/scratch/parceirosbr/bigoilict/share/BigOil/document_generator/datasets/documents_2021_12_28/39cov_els_20211228_170146_5997919710_600_800.png,39cov_els_20211228_170146_5997919710_600_800_mask.png,/scratch/parceirosbr/bigoilict/share/BigOil/document_generator/files_images_document_generator/logos\ibp.jpg
38,5,76,11,152,298,228,309,152,298,228,298,228,309,152,309,sub_line_text,subsubtitle,subsubtitle_0,arial,bolditalic,9,39cov_els_20211228_170146_5997919710_600_800.png,/scratch/parceirosbr/bigoilict/share/BigOil/document_generator/datasets/documents_2021_12_28/39cov_els_20211228_170146_5997919710_600_800.png,39cov_els_20211228_170146_5997919710_600_800_mask.png,Outro parâmetro
19,5,38,11,152,314,190,325,152,314,190,314,190,325,152,325,sub_line_text,subsubtitle,subsubtitle_0,arial,bolditalic,9,39cov_els_20211228_170146_5997919710_600_800.png,/scratch/parceirosbr/bigoilict/share/BigOil/document_generator/datasets/documents_2021_12_28/39cov_els_20211228_170146_5997919710_600_800.png,39cov_els_20211228_170146_5997919710_600_800_mask.png,bastante
38,13,76,27,152,298,228,325,152,298,228,298,228,325,152,325,title,subsubtitle,subsubtitle_0,arial,bolditalic,9,39cov_els_20211228_170146_5997919710_600_800.png,/scratch/parceirosbr/bigoilict/share/BigOil/document_generator/datasets/documents_2021_12_28/39cov_els_20211228_170146_5997919710_600_800.png,39cov_els_20211228_170146_5997919710_600_800_mask.png,nan
59,1,118,2,150,332,268,334,150,332,268,332,268,334,150,334,line,line,line,,,,39cov_els_20211228_170146_5997919710_600_800.png,/scratch/parceirosbr/bigoilict/share/BigOil/document_generator/datasets/documents_2021_12_28/39cov_els_20211228_170146_5997919710_600_800.png,39cov_els_20211228_170146_5997919710_600_800_mask.png,
31,4,63,8,152,340,215,348,152,340,215,340,215,348,152,348,sub_line_text,text,text_2,arial,regular,7,39cov_els_20211228_170146_5997919710_600_800.png,/scratch/parceirosbr/bigoilict/share/BigOil/document_generator/datasets/documents_2021_12_28/39cov_els_20211228_170146_5997919710_600_800.png,39cov_els_20211228_170146_5997919710_600_800_mask.png,Co) suportados em.
31,4,63,8,152,340,215,348,152,340,215,340,215,348,152,348,text,text,text_2,arial,regular,7,39cov_els_20211228_170146_5997919710_600_800.png,/scratch/parceirosbr/bigoilict/share/BigOil/document_generator/datasets/documents_2021_12_28/39cov_els_20211228_170146_5997919710_600_800.png,39cov_els_20211228_170146_5997919710_600_800_mask.png,nan
35,4,71,8,152,352,223,360,152,352,223,352,223,360,152,360,sub_line_text,text,text_3,arial,regular,7,39cov_els_20211228_170146_5997919710_600_800.png,/scratch/parceirosbr/bigoilict/share/BigOil/document_generator/datasets/documents_2021_12_28/39cov_els_20211228_170146_5997919710_600_800.png,39cov_els_20211228_170146_5997919710_600_800_mask.png,Gráco 42. dos preços.
35,4,71,8,152,352,223,360,152,352,223,352,223,360,152,360,text,text,text_3,arial,regular,7,39cov_els_20211228_170146_5997919710_600_800.png,/scratch/parceirosbr/bigoilict/share/BigOil/document_generator/datasets/documents_2021_12_28/39cov_els_20211228_170146_5997919710_600_800.png,39cov_els_20211228_170146_5997919710_600_800_mask.png,nan
48,4,96,8,152,364,248,372,152,364,248,364,248,372,152,372,sub_line_text,text,text_4,arial,regular,7,39cov_els_20211228_170146_5997919710_600_800.png,/scratch/parceirosbr/bigoilict/share/BigOil/document_generator/datasets/documents_2021_12_28/39cov_els_20211228_170146_5997919710_600_800.png,39cov_els_20211228_170146_5997919710_600_800_mask.png,Trata-se de um planejamento.
48,4,96,8,152,364,248,372,152,364,248,364,248,372,152,372,text,text,text_4,arial,regular,7,39cov_els_20211228_170146_5997919710_600_800.png,/scratch/parceirosbr/bigoilict/share/BigOil/document_generator/datasets/documents_2021_12_28/39cov_els_20211228_170146_5997919710_600_800.png,39cov_els_20211228_170146_5997919710_600_800_mask.png,nan
29,4,58,8,152,376,210,384,152,376,210,376,210,384,152,384,sub_line_text,text,text_5,arial,regular,7,39cov_els_20211228_170146_5997919710_600_800.png,/scratch/parceirosbr/bigoilict/share/BigOil/document_generator/datasets/documents_2021_12_28/39cov_els_20211228_170146_5997919710_600_800.png,39cov_els_20211228_170146_5997919710_600_800_mask.png,Tendo em vista o.
29,4,58,8,152,376,210,384,152,376,210,376,210,384,152,384,text,text,text_5,arial,regular,7,39cov_els_20211228_170146_5997919710_600_800.png,/scratch/parceirosbr/bigoilict/share/BigOil/document_generator/datasets/documents_2021_12_28/39cov_els_20211228_170146_5997919710_600_800.png,39cov_els_20211228_170146_5997919710_600_800_mask.png,nan
59,1,118,2,150,395,268,397,150,395,268,395,268,397,150,397,line,line,line,,,,39cov_els_20211228_170146_5997919710_600_800.png,/scratch/parceirosbr/bigoilict/share/BigOil/document_generator/datasets/documents_2021_12_28/39cov_els_20211228_170146_5997919710_600_800.png,39cov_els_20211228_170146_5997919710_600_800_mask.png,
9,4,18,8,152,403,170,411,152,403,170,403,170,411,152,411,sub_line_text,text,text_6,arial,regular,7,39cov_els_20211228_170146_5997919710_600_800.png,/scratch/parceirosbr/bigoilict/share/BigOil/document_generator/datasets/documents_2021_12_28/39cov_els_20211228_170146_5997919710_600_800.png,39cov_els_20211228_170146_5997919710_600_800_mask.png,"Isso,."
9,4,18,8,152,403,170,411,152,403,170,403,170,411,152,411,text,text,text_6,arial,regular,7,39cov_els_20211228_170146_5997919710_600_800.png,/scratch/parceirosbr/bigoilict/share/BigOil/document_generator/datasets/documents_2021_12_28/39cov_els_20211228_170146_5997919710_600_800.png,39cov_els_20211228_170146_5997919710_600_800_mask.png,nan
27,4,55,8,152,415,207,423,152,415,207,415,207,423,152,423,sub_line_text,text,text_7,arial,regular,7,39cov_els_20211228_170146_5997919710_600_800.png,/scratch/parceirosbr/bigoilict/share/BigOil/document_generator/datasets/documents_2021_12_28/39cov_els_20211228_170146_5997919710_600_800.png,39cov_els_20211228_170146_5997919710_600_800_mask.png,Primeiramente o.
27,4,55,8,152,415,207,423,152,415,207,415,207,423,152,423,text,text,text_7,arial,regular,7,39cov_els_20211228_170146_5997919710_600_800.png,/scratch/parceirosbr/bigoilict/share/BigOil/document_generator/datasets/documents_2021_12_28/39cov_els_20211228_170146_5997919710_600_800.png,39cov_els_20211228_170146_5997919710_600_800_mask.png,nan
8,4,17,8,152,427,169,435,152,427,169,427,169,435,152,435,sub_line_text,text,text_8,arial,regular,7,39cov_els_20211228_170146_5997919710_600_800.png,/scratch/parceirosbr/bigoilict/share/BigOil/document_generator/datasets/documents_2021_12_28/39cov_els_20211228_170146_5997919710_600_800.png,39cov_els_20211228_170146_5997919710_600_800_mask.png,Vem.
8,4,17,8,152,427,169,435,152,427,169,427,169,435,152,435,text,text,text_8,arial,regular,7,39cov_els_20211228_170146_5997919710_600_800.png,/scratch/parceirosbr/bigoilict/share/BigOil/document_generator/datasets/documents_2021_12_28/39cov_els_20211228_170146_5997919710_600_800.png,39cov_els_20211228_170146_5997919710_600_800_mask.png,nan
24,4,49,8,152,439,201,447,152,439,201,439,201,447,152,447,sub_line_text,text,text_9,arial,regular,7,39cov_els_20211228_170146_5997919710_600_800.png,/scratch/parceirosbr/bigoilict/share/BigOil/document_generator/datasets/documents_2021_12_28/39cov_els_20211228_170146_5997919710_600_800.png,39cov_els_20211228_170146_5997919710_600_800_mask.png,País somaram.
24,4,49,8,152,439,201,447,152,439,201,439,201,447,152,447,text,text,text_9,arial,regular,7,39cov_els_20211228_170146_5997919710_600_800.png,/scratch/parceirosbr/bigoilict/share/BigOil/document_generator/datasets/documents_2021_12_28/39cov_els_20211228_170146_5997919710_600_800.png,39cov_els_20211228_170146_5997919710_600_800_mask.png,nan
10,4,20,8,152,451,172,459,152,451,172,451,172,459,152,459,sub_line_text,text,text_10,arial,regular,7,39cov_els_20211228_170146_5997919710_600_800.png,/scratch/parceirosbr/bigoilict/share/BigOil/document_generator/datasets/documents_2021_12_28/39cov_els_20211228_170146_5997919710_600_800.png,39cov_els_20211228_170146_5997919710_600_800_mask.png,A por.
10,4,20,8,152,451,172,459,152,451,172,451,172,459,152,459,text,text,text_10,arial,regular,7,39cov_els_20211228_170146_5997919710_600_800.png,/scratch/parceirosbr/bigoilict/share/BigOil/document_generator/datasets/documents_2021_12_28/39cov_els_20211228_170146_5997919710_600_800.png,39cov_els_20211228_170146_5997919710_600_800_mask.png,nan
20,5,40,11,284,298,324,309,284,298,324,298,324,309,284,309,sub_line_text,subsubtitle,subsubtitle_1,arial,bolditalic,9,39cov_els_20211228_170146_5997919710_600_800.png,/scratch/parceirosbr/bigoilict/share/BigOil/document_generator/datasets/documents_2021_12_28/39cov_els_20211228_170146_5997919710_600_800.png,39cov_els_20211228_170146_5997919710_600_800_mask.png,Abstract
20,5,40,11,284,298,324,309,284,298,324,298,324,309,284,309,title,subsubtitle,subsubtitle_1,arial,bolditalic,9,39cov_els_20211228_170146_5997919710_600_800.png,/scratch/parceirosbr/bigoilict/share/BigOil/document_generator/datasets/documents_2021_12_28/39cov_els_20211228_170146_5997919710_600_800.png,39cov_els_20211228_170146_5997919710_600_800_mask.png,nan
125,1,250,2,282,316,532,318,282,316,532,316,532,318,282,318,line,line,line,,,,39cov_els_20211228_170146_5997919710_600_800.png,/scratch/parceirosbr/bigoilict/share/BigOil/document_generator/datasets/documents_2021_12_28/39cov_els_20211228_170146_5997919710_600_800.png,39cov_els_20211228_170146_5997919710_600_800_mask.png,
122,4,244,8,284,324,528,332,284,324,528,324,528,332,284,332,sub_line_text,text,text_11,arial,regular,7,39cov_els_20211228_170146_5997919710_600_800.png,/scratch/parceirosbr/bigoilict/share/BigOil/document_generator/datasets/documents_2021_12_28/39cov_els_20211228_170146_5997919710_600_800.png,39cov_els_20211228_170146_5997919710_600_800_mask.png,O  beta  desalavancado  da  firma é determinado pelo tipo de negócio no q-
121,4,243,8,284,336,527,344,284,336,527,336,527,344,284,344,sub_line_text,text,text_11,arial,regular,7,39cov_els_20211228_170146_5997919710_600_800.png,/scratch/parceirosbr/bigoilict/share/BigOil/document_generator/datasets/documents_2021_12_28/39cov_els_20211228_170146_5997919710_600_800.png,39cov_els_20211228_170146_5997919710_600_800_mask.png,"ual  ela  se  encontra operando e por sua alavancagem operacional, receb-"
122,4,244,8,284,348,528,356,284,348,528,348,528,356,284,356,sub_line_text,text,text_11,arial,regular,7,39cov_els_20211228_170146_5997919710_600_800.png,/scratch/parceirosbr/bigoilict/share/BigOil/document_generator/datasets/documents_2021_12_28/39cov_els_20211228_170146_5997919710_600_800.png,39cov_els_20211228_170146_5997919710_600_800_mask.png,"endo,  também,  a  denominação  de  beta  do  ativo por ter seu valor fixado"
122,4,244,8,284,360,528,368,284,360,528,360,528,368,284,368,sub_line_text,text,text_11,arial,regular,7,39cov_els_20211228_170146_5997919710_600_800.png,/scratch/parceirosbr/bigoilict/share/BigOil/document_generator/datasets/documents_2021_12_28/39cov_els_20211228_170146_5997919710_600_800.png,39cov_els_20211228_170146_5997919710_600_800_mask.png,como  função  dos  ativos  que  a  firma detém. A do é a corrente de contor-
121,4,243,8,284,372,527,380,284,372,527,372,527,380,284,380,sub_line_text,text,text_11,arial,regular,7,39cov_els_20211228_170146_5997919710_600_800.png,/scratch/parceirosbr/bigoilict/share/BigOil/document_generator/datasets/documents_2021_12_28/39cov_els_20211228_170146_5997919710_600_800.png,39cov_els_20211228_170146_5997919710_600_800_mask.png,"no  oeste  que flui em direção às altas latitudes no limite da et al., 2000) c-"
122,4,244,8,284,384,528,392,284,384,528,384,528,392,284,392,sub_line_text,text,text_11,arial,regular,7,39cov_els_20211228_170146_5997919710_600_800.png,/scratch/parceirosbr/bigoilict/share/BigOil/document_generator/datasets/documents_2021_12_28/39cov_els_20211228_170146_5997919710_600_800.png,39cov_els_20211228_170146_5997919710_600_800_mask.png,om  características  tipicamente  oligotróficas.  A curva de calibração está-
121,4,243,8,284,396,527,404,284,396,527,396,527,404,284,404,sub_line_text,text,text_11,arial,regular,7,39cov_els_20211228_170146_5997919710_600_800.png,/scratch/parceirosbr/bigoilict/share/BigOil/document_generator/datasets/documents_2021_12_28/39cov_els_20211228_170146_5997919710_600_800.png,39cov_els_20211228_170146_5997919710_600_800_mask.png,tica  de  célula  de carga em dinamômetros é realizada adicionando-se pe-
122,4,244,8,284,408,528,416,284,408,528,408,528,416,284,416,sub_line_text,text,text_11,arial,regular,7,39cov_els_20211228_170146_5997919710_600_800.png,/scratch/parceirosbr/bigoilict/share/BigOil/document_generator/datasets/documents_2021_12_28/39cov_els_20211228_170146_5997919710_600_800.png,39cov_els_20211228_170146_5997919710_600_800_mask.png,sos  no  braço  de  calibração que se encontra no mesmo lado que a célula
121,4,243,8,284,420,527,428,284,420,527,420,527,428,284,428,sub_line_text,text,text_11,arial,regular,7,39cov_els_20211228_170146_5997919710_600_800.png,/scratch/parceirosbr/bigoilict/share/BigOil/document_generator/datasets/documents_2021_12_28/39cov_els_20211228_170146_5997919710_600_800.png,39cov_els_20211228_170146_5997919710_600_800_mask.png,"de  carga,  cujo  comprimento  é  de. Ainda em relação ao acesso à rede, a"
120,4,240,8,284,432,524,440,284,432,524,432,524,440,284,440,sub_line_text,text,text_11,arial,regular,7,39cov_els_20211228_170146_5997919710_600_800.png,/scratch/parceirosbr/bigoilict/share/BigOil/document_generator/datasets/documents_2021_12_28/39cov_els_20211228_170146_5997919710_600_800.png,39cov_els_20211228_170146_5997919710_600_800_mask.png,questão da avaliação da capacidade disponível não estátotalmente resol.
122,58,244,116,284,324,528,440,284,324,528,324,528,440,284,440,text,text,text_11,arial,regular,7,39cov_els_20211228_170146_5997919710_600_800.png,/scratch/parceirosbr/bigoilict/share/BigOil/document_generator/datasets/documents_2021_12_28/39cov_els_20211228_170146_5997919710_600_800.png,39cov_els_20211228_170146_5997919710_600_800_mask.png,nan
31,4,63,8,468,444,531,452,468,444,531,444,531,452,468,452,sub_line_text,text,text_12,arial,regular,7,39cov_els_20211228_170146_5997919710_600_800.png,/scratch/parceirosbr/bigoilict/share/BigOil/document_generator/datasets/documents_2021_12_28/39cov_els_20211228_170146_5997919710_600_800.png,39cov_els_20211228_170146_5997919710_600_800_mask.png,Cells cultured in at.
31,4,63,8,468,444,531,452,468,444,531,444,531,452,468,452,text,text,text_12,arial,regular,7,39cov_els_20211228_170146_5997919710_600_800.png,/scratch/parceirosbr/bigoilict/share/BigOil/document_generator/datasets/documents_2021_12_28/39cov_els_20211228_170146_5997919710_600_800.png,39cov_els_20211228_170146_5997919710_600_800_mask.png,nan
191,1,382,2,150,470,532,472,150,470,532,470,532,472,150,472,line,line,line,,,,39cov_els_20211228_170146_5997919710_600_800.png,/scratch/parceirosbr/bigoilict/share/BigOil/document_generator/datasets/documents_2021_12_28/39cov_els_20211228_170146_5997919710_600_800.png,39cov_els_20211228_170146_5997919710_600_800_mask.png,
34,3,69,7,152,638,221,645,152,638,221,638,221,645,152,645,sub_line_text,text,text_13,arial,italic,6,39cov_els_20211228_170146_5997919710_600_800.png,/scratch/parceirosbr/bigoilict/share/BigOil/document_generator/datasets/documents_2021_12_28/39cov_els_20211228_170146_5997919710_600_800.png,39cov_els_20211228_170146_5997919710_600_800_mask.png,Each task that references.
34,3,69,7,152,638,221,645,152,638,221,638,221,645,152,645,text,text,text_13,arial,italic,6,39cov_els_20211228_170146_5997919710_600_800.png,/scratch/parceirosbr/bigoilict/share/BigOil/document_generator/datasets/documents_2021_12_28/39cov_els_20211228_170146_5997919710_600_800.png,39cov_els_20211228_170146_5997919710_600_800_mask.png,nan
34,3,69,7,152,631,221,638,152,631,221,631,221,638,152,638,sub_line_text,text,text_14,arial,italic,6,39cov_els_20211228_170146_5997919710_600_800.png,/scratch/parceirosbr/bigoilict/share/BigOil/document_generator/datasets/documents_2021_12_28/39cov_els_20211228_170146_5997919710_600_800.png,39cov_els_20211228_170146_5997919710_600_800_mask.png,*    Esses compostos são.
34,3,69,7,152,631,221,638,152,631,221,631,221,638,152,638,text,text,text_14,arial,italic,6,39cov_els_20211228_170146_5997919710_600_800.png,/scratch/parceirosbr/bigoilict/share/BigOil/document_generator/datasets/documents_2021_12_28/39cov_els_20211228_170146_5997919710_600_800.png,39cov_els_20211228_170146_5997919710_600_800_mask.png,nan
20,1,40,2,150,621,190,623,150,621,190,621,190,623,150,623,line,line,line,,,,39cov_els_20211228_170146_5997919710_600_800.png,/scratch/parceirosbr/bigoilict/share/BigOil/document_generator/datasets/documents_2021_12_28/39cov_els_20211228_170146_5997919710_600_800.png,39cov_els_20211228_170146_5997919710_600_800_mask.png,
90,6,180,12,152,485,332,497,152,485,332,485,332,497,152,497,sub_line_text,subtitle,subtitle_0,arial,bold,11,39cov_els_20211228_170146_5997919710_600_800.png,/scratch/parceirosbr/bigoilict/share/BigOil/document_generator/datasets/documents_2021_12_28/39cov_els_20211228_170146_5997919710_600_800.png,39cov_els_20211228_170146_5997919710_600_800_mask.png,"12/09/2001    14/08/2030,   podendo"
30,6,60,12,152,503,212,515,152,503,212,503,212,515,152,515,sub_line_text,subtitle,subtitle_0,arial,bold,11,39cov_els_20211228_170146_5997919710_600_800.png,/scratch/parceirosbr/bigoilict/share/BigOil/document_generator/datasets/documents_2021_12_28/39cov_els_20211228_170146_5997919710_600_800.png,39cov_els_20211228_170146_5997919710_600_800_mask.png,prorrogado
90,15,180,30,152,485,332,515,152,485,332,485,332,515,152,515,title,subtitle,subtitle_0,arial,bold,11,39cov_els_20211228_170146_5997919710_600_800.png,/scratch/parceirosbr/bigoilict/share/BigOil/document_generator/datasets/documents_2021_12_28/39cov_els_20211228_170146_5997919710_600_800.png,39cov_els_20211228_170146_5997919710_600_800_mask.png,nan
73,4,147,8,182,522,329,530,182,522,329,522,329,530,182,530,sub_line_text,text,text_15,arial,regular,7,39cov_els_20211228_170146_5997919710_600_800.png,/scratch/parceirosbr/bigoilict/share/BigOil/document_generator/datasets/documents_2021_12_28/39cov_els_20211228_170146_5997919710_600_800.png,39cov_els_20211228_170146_5997919710_600_800_mask.png,"Assim,  a  tendência é a de que se exijam li-"
88,4,177,8,152,534,329,542,152,534,329,534,329,542,152,542,sub_line_text,text,text_15,arial,regular,7,39cov_els_20211228_170146_5997919710_600_800.png,/scratch/parceirosbr/bigoilict/share/BigOil/document_generator/datasets/documents_2021_12_28/39cov_els_20211228_170146_5997919710_600_800.png,39cov_els_20211228_170146_5997919710_600_800_mask.png,mites  máximos  para  esses dois tipos de hidrocarbo-
89,4,178,8,152,546,330,554,152,546,330,546,330,554,152,554,sub_line_text,text,text_15,arial,regular,7,39cov_els_20211228_170146_5997919710_600_800.png,/scratch/parceirosbr/bigoilict/share/BigOil/document_generator/datasets/documents_2021_12_28/39cov_els_20211228_170146_5997919710_600_800.png,39cov_els_20211228_170146_5997919710_600_800_mask.png,"netos,  por  razões  ambientais  (CIÊNCIA.  As turbinas"
88,4,177,8,152,558,329,566,152,558,329,558,329,566,152,566,sub_line_text,text,text_15,arial,regular,7,39cov_els_20211228_170146_5997919710_600_800.png,/scratch/parceirosbr/bigoilict/share/BigOil/document_generator/datasets/documents_2021_12_28/39cov_els_20211228_170146_5997919710_600_800.png,39cov_els_20211228_170146_5997919710_600_800_mask.png,a  gás  são usadas em diversos aterros de grande por-
87,4,174,8,152,570,326,578,152,570,326,570,326,578,152,578,sub_line_text,text,text_15,arial,regular,7,39cov_els_20211228_170146_5997919710_600_800.png,/scratch/parceirosbr/bigoilict/share/BigOil/document_generator/datasets/documents_2021_12_28/39cov_els_20211228_170146_5997919710_600_800.png,39cov_els_20211228_170146_5997919710_600_800_mask.png,"te, geralmente aterros com fluxo maior que 5 milhões."
89,28,178,56,152,522,330,578,152,522,330,522,330,578,152,578,text,text,text_15,arial,regular,7,39cov_els_20211228_170146_5997919710_600_800.png,/scratch/parceirosbr/bigoilict/share/BigOil/document_generator/datasets/documents_2021_12_28/39cov_els_20211228_170146_5997919710_600_800.png,39cov_els_20211228_170146_5997919710_600_800_mask.png,nan
69,4,139,8,182,585,321,593,182,585,321,585,321,593,182,593,sub_line_text,text,text_16,arial,regular,7,39cov_els_20211228_170146_5997919710_600_800.png,/scratch/parceirosbr/bigoilict/share/BigOil/document_generator/datasets/documents_2021_12_28/39cov_els_20211228_170146_5997919710_600_800.png,39cov_els_20211228_170146_5997919710_600_800_mask.png,O aumento do diâmetro da bolha diminui o.
69,4,139,8,182,585,321,593,182,585,321,585,321,593,182,593,text,text,text_16,arial,regular,7,39cov_els_20211228_170146_5997919710_600_800.png,/scratch/parceirosbr/bigoilict/share/BigOil/document_generator/datasets/documents_2021_12_28/39cov_els_20211228_170146_5997919710_600_800.png,39cov_els_20211228_170146_5997919710_600_800_mask.png,nan
73,4,147,8,380,485,527,493,380,485,527,485,527,493,380,493,sub_line_text,text,text_17,arial,regular,7,39cov_els_20211228_170146_5997919710_600_800.png,/scratch/parceirosbr/bigoilict/share/BigOil/document_generator/datasets/documents_2021_12_28/39cov_els_20211228_170146_5997919710_600_800.png,39cov_els_20211228_170146_5997919710_600_800_mask.png,O  3  mostra  que  osconcedidos  no polígono
89,4,178,8,350,497,528,505,350,497,528,497,528,505,350,505,sub_line_text,text,text_17,arial,regular,7,39cov_els_20211228_170146_5997919710_600_800.png,/scratch/parceirosbr/bigoilict/share/BigOil/document_generator/datasets/documents_2021_12_28/39cov_els_20211228_170146_5997919710_600_800.png,39cov_els_20211228_170146_5997919710_600_800_mask.png,do  pré-sal  são  os  quegerar  as  maiores  obrigações.
89,4,178,8,350,509,528,517,350,509,528,509,528,517,350,517,sub_line_text,text,text_17,arial,regular,7,39cov_els_20211228_170146_5997919710_600_800.png,/scratch/parceirosbr/bigoilict/share/BigOil/document_generator/datasets/documents_2021_12_28/39cov_els_20211228_170146_5997919710_600_800.png,39cov_els_20211228_170146_5997919710_600_800_mask.png,Não  obstante  a  sazonalidade dos preços do biocom-
89,4,178,8,350,521,528,529,350,521,528,521,528,529,350,529,sub_line_text,text,text_17,arial,regular,7,39cov_els_20211228_170146_5997919710_600_800.png,/scratch/parceirosbr/bigoilict/share/BigOil/document_generator/datasets/documents_2021_12_28/39cov_els_20211228_170146_5997919710_600_800.png,39cov_els_20211228_170146_5997919710_600_800_mask.png,"bustível,  os  preços  de produção do etanol anidro não"
88,4,177,8,350,533,527,541,350,533,527,533,527,541,350,541,sub_line_text,text,text_17,arial,regular,7,39cov_els_20211228_170146_5997919710_600_800.png,/scratch/parceirosbr/bigoilict/share/BigOil/document_generator/datasets/documents_2021_12_28/39cov_els_20211228_170146_5997919710_600_800.png,39cov_els_20211228_170146_5997919710_600_800_mask.png,ascenderam  o  suciente ao longo de 2012 para ocasi-
88,4,177,8,350,545,527,553,350,545,527,545,527,553,350,553,sub_line_text,text,text_17,arial,regular,7,39cov_els_20211228_170146_5997919710_600_800.png,/scratch/parceirosbr/bigoilict/share/BigOil/document_generator/datasets/documents_2021_12_28/39cov_els_20211228_170146_5997919710_600_800.png,39cov_els_20211228_170146_5997919710_600_800_mask.png,onar  elevações  nos  preços  de distribuição e de rev-
88,4,177,8,350,557,527,565,350,557,527,557,527,565,350,565,sub_line_text,text,text_17,arial,regular,7,39cov_els_20211228_170146_5997919710_600_800.png,/scratch/parceirosbr/bigoilict/share/BigOil/document_generator/datasets/documents_2021_12_28/39cov_els_20211228_170146_5997919710_600_800.png,39cov_els_20211228_170146_5997919710_600_800_mask.png,"enda  de  gasolina comum, como aconteceu entre a s-"
89,4,178,8,350,569,528,577,350,569,528,569,528,577,350,577,sub_line_text,text,text_17,arial,regular,7,39cov_els_20211228_170146_5997919710_600_800.png,/scratch/parceirosbr/bigoilict/share/BigOil/document_generator/datasets/documents_2021_12_28/39cov_els_20211228_170146_5997919710_600_800.png,39cov_els_20211228_170146_5997919710_600_800_mask.png,e-gunda  quinzena  de  março  e  a primeira semana de
85,4,170,8,350,581,520,589,350,581,520,581,520,589,350,589,sub_line_text,text,text_17,arial,regular,7,39cov_els_20211228_170146_5997919710_600_800.png,/scratch/parceirosbr/bigoilict/share/BigOil/document_generator/datasets/documents_2021_12_28/39cov_els_20211228_170146_5997919710_600_800.png,39cov_els_20211228_170146_5997919710_600_800_mask.png,"maio de 2011, quando o etanol anidrocou mais caro."
89,52,178,104,350,485,528,589,350,485,528,485,528,589,350,589,text,text,text_17,arial,regular,7,39cov_els_20211228_170146_5997919710_600_800.png,/scratch/parceirosbr/bigoilict/share/BigOil/document_generator/datasets/documents_2021_12_28/39cov_els_20211228_170146_5997919710_600_800.png,39cov_els_20211228_170146_5997919710_600_800_mask.png,nan
74,4,148,8,380,596,528,604,380,596,528,596,528,604,380,604,sub_line_text,text,text_18,arial,regular,7,39cov_els_20211228_170146_5997919710_600_800.png,/scratch/parceirosbr/bigoilict/share/BigOil/document_generator/datasets/documents_2021_12_28/39cov_els_20211228_170146_5997919710_600_800.png,39cov_els_20211228_170146_5997919710_600_800_mask.png,"Por  m,  avaliamos a inuencia dos efeitos ge-"
89,4,178,8,350,608,528,616,350,608,528,608,528,616,350,616,sub_line_text,text,text_18,arial,regular,7,39cov_els_20211228_170146_5997919710_600_800.png,/scratch/parceirosbr/bigoilict/share/BigOil/document_generator/datasets/documents_2021_12_28/39cov_els_20211228_170146_5997919710_600_800.png,39cov_els_20211228_170146_5997919710_600_800_mask.png,omecanicos  sobre  a producaodo gas. Por ser um mé-
84,4,168,8,350,620,518,628,350,620,518,620,518,628,350,628,sub_line_text,text,text_18,arial,regular,7,39cov_els_20211228_170146_5997919710_600_800.png,/scratch/parceirosbr/bigoilict/share/BigOil/document_generator/datasets/documents_2021_12_28/39cov_els_20211228_170146_5997919710_600_800.png,39cov_els_20211228_170146_5997919710_600_800_mask.png,todo mais rápido comparado à quimissorção com a.
89,16,178,32,350,596,528,628,350,596,528,596,528,628,350,628,text,text,text_18,arial,regular,7,39cov_els_20211228_170146_5997919710_600_800.png,/scratch/parceirosbr/bigoilict/share/BigOil/document_generator/datasets/documents_2021_12_28/39cov_els_20211228_170146_5997919710_600_800.png,39cov_els_20211228_170146_5997919710_600_800_mask.png,nan
