center_x,center_y,width,height,xmin,ymin,xmax,ymax,top_left_x,top_left_y,top_right_x,top_right_y,bottom_right_x,bottom_right_y,bottom_left_x,bottom_left_y,label,grouplabel,group,text_font,text_style,size_font,filename,path,filename_mask,content
300,400,600,800,0,0,600,800,0,0,600,0,600,800,0,800,document,,,,,,39cov_els_20211228_170146_2676357950_600_800.png,/scratch/parceirosbr/bigoilict/share/BigOil/document_generator/datasets/documents_2021_12_28/39cov_els_20211228_170146_2676357950_600_800.png,39cov_els_20211228_170146_2676357950_600_800_mask.png,
66,4,133,8,239,74,372,82,239,74,372,74,372,82,239,82,sub_line_text,header,header_1,opensans,regular,6,39cov_els_20211228_170146_2676357950_600_800.png,/scratch/parceirosbr/bigoilict/share/BigOil/document_generator/datasets/documents_2021_12_28/39cov_els_20211228_170146_2676357950_600_800.png,39cov_els_20211228_170146_2676357950_600_800_mask.png,"Nota-se que após a aplicação do controlador,"
66,4,133,8,239,74,372,82,239,74,372,74,372,82,239,82,text,header,header_1,opensans,regular,6,39cov_els_20211228_170146_2676357950_600_800.png,/scratch/parceirosbr/bigoilict/share/BigOil/document_generator/datasets/documents_2021_12_28/39cov_els_20211228_170146_2676357950_600_800.png,39cov_els_20211228_170146_2676357950_600_800_mask.png,nan
237,1,474,2,69,89,543,91,69,89,543,89,543,91,69,91,line,line,line,,,,39cov_els_20211228_170146_2676357950_600_800.png,/scratch/parceirosbr/bigoilict/share/BigOil/document_generator/datasets/documents_2021_12_28/39cov_els_20211228_170146_2676357950_600_800.png,39cov_els_20211228_170146_2676357950_600_800_mask.png,nan
33,16,67,32,70,97,137,129,70,97,137,97,137,129,70,129,image,image,image,,,,39cov_els_20211228_170146_2676357950_600_800.png,/scratch/parceirosbr/bigoilict/share/BigOil/document_generator/datasets/documents_2021_12_28/39cov_els_20211228_170146_2676357950_600_800.png,39cov_els_20211228_170146_2676357950_600_800_mask.png,/scratch/parceirosbr/bigoilict/share/BigOil/document_generator/files_images_document_generator/logos\image_62.jpg
31,16,62,32,476,97,538,129,476,97,538,97,538,129,476,129,image,image,image,,,,39cov_els_20211228_170146_2676357950_600_800.png,/scratch/parceirosbr/bigoilict/share/BigOil/document_generator/datasets/documents_2021_12_28/39cov_els_20211228_170146_2676357950_600_800.png,39cov_els_20211228_170146_2676357950_600_800_mask.png,/scratch/parceirosbr/bigoilict/share/BigOil/document_generator/files_images_document_generator/logos\image_53.jpg
58,4,116,8,247,97,363,105,247,97,363,97,363,105,247,105,sub_line_text,header,header_1,opensans,regular,6,39cov_els_20211228_170146_2676357950_600_800.png,/scratch/parceirosbr/bigoilict/share/BigOil/document_generator/datasets/documents_2021_12_28/39cov_els_20211228_170146_2676357950_600_800.png,39cov_els_20211228_170146_2676357950_600_800_mask.png,São ilustrados também o desvio padrão
58,4,116,8,247,97,363,105,247,97,363,97,363,105,247,105,text,header,header_1,opensans,regular,6,39cov_els_20211228_170146_2676357950_600_800.png,/scratch/parceirosbr/bigoilict/share/BigOil/document_generator/datasets/documents_2021_12_28/39cov_els_20211228_170146_2676357950_600_800.png,39cov_els_20211228_170146_2676357950_600_800_mask.png,nan
100,8,200,16,205,105,405,121,205,105,405,105,405,121,205,121,sub_line_text,header,header_1,opensans,bold,12,39cov_els_20211228_170146_2676357950_600_800.png,/scratch/parceirosbr/bigoilict/share/BigOil/document_generator/datasets/documents_2021_12_28/39cov_els_20211228_170146_2676357950_600_800.png,39cov_els_20211228_170146_2676357950_600_800_mask.png,Autora descreveu níveis delgados
100,8,200,16,205,105,405,121,205,105,405,105,405,121,205,121,text,header,header_1,opensans,bold,12,39cov_els_20211228_170146_2676357950_600_800.png,/scratch/parceirosbr/bigoilict/share/BigOil/document_generator/datasets/documents_2021_12_28/39cov_els_20211228_170146_2676357950_600_800.png,39cov_els_20211228_170146_2676357950_600_800_mask.png,nan
73,4,146,8,232,121,378,129,232,121,378,121,378,129,232,129,sub_line_text,header,header_1,opensans,regular,6,39cov_els_20211228_170146_2676357950_600_800.png,/scratch/parceirosbr/bigoilict/share/BigOil/document_generator/datasets/documents_2021_12_28/39cov_els_20211228_170146_2676357950_600_800.png,39cov_els_20211228_170146_2676357950_600_800_mask.png,Outra hipótese foi considerar o reator em batelada
73,4,146,8,232,121,378,129,232,121,378,121,378,129,232,129,text,header,header_1,opensans,regular,6,39cov_els_20211228_170146_2676357950_600_800.png,/scratch/parceirosbr/bigoilict/share/BigOil/document_generator/datasets/documents_2021_12_28/39cov_els_20211228_170146_2676357950_600_800.png,39cov_els_20211228_170146_2676357950_600_800_mask.png,nan
237,1,474,2,69,136,543,138,69,136,543,136,543,138,69,138,line,line,line,,,,39cov_els_20211228_170146_2676357950_600_800.png,/scratch/parceirosbr/bigoilict/share/BigOil/document_generator/datasets/documents_2021_12_28/39cov_els_20211228_170146_2676357950_600_800.png,39cov_els_20211228_170146_2676357950_600_800_mask.png,nan
237,0,474,1,69,703,543,704,69,703,543,703,543,704,69,704,line,line,line,,,,39cov_els_20211228_170146_2676357950_600_800.png,/scratch/parceirosbr/bigoilict/share/BigOil/document_generator/datasets/documents_2021_12_28/39cov_els_20211228_170146_2676357950_600_800.png,39cov_els_20211228_170146_2676357950_600_800_mask.png,nan
37,4,74,8,69,705,143,713,69,705,143,705,143,713,69,713,sub_line_text,footer,footer_1,opensans,regular,6,39cov_els_20211228_170146_2676357950_600_800.png,/scratch/parceirosbr/bigoilict/share/BigOil/document_generator/datasets/documents_2021_12_28/39cov_els_20211228_170146_2676357950_600_800.png,39cov_els_20211228_170146_2676357950_600_800_mask.png,A 1 mostra a evolução do
37,4,74,8,69,705,143,713,69,705,143,705,143,713,69,713,text,footer,footer_1,opensans,regular,6,39cov_els_20211228_170146_2676357950_600_800.png,/scratch/parceirosbr/bigoilict/share/BigOil/document_generator/datasets/documents_2021_12_28/39cov_els_20211228_170146_2676357950_600_800.png,39cov_els_20211228_170146_2676357950_600_800_mask.png,nan
25,4,51,8,69,713,120,721,69,713,120,713,120,721,69,721,sub_line_text,footer,footer_1,opensans,regular,6,39cov_els_20211228_170146_2676357950_600_800.png,/scratch/parceirosbr/bigoilict/share/BigOil/document_generator/datasets/documents_2021_12_28/39cov_els_20211228_170146_2676357950_600_800.png,39cov_els_20211228_170146_2676357950_600_800_mask.png,Sendo x& y& e z&
25,4,51,8,69,713,120,721,69,713,120,713,120,721,69,721,text,footer,footer_1,opensans,regular,6,39cov_els_20211228_170146_2676357950_600_800.png,/scratch/parceirosbr/bigoilict/share/BigOil/document_generator/datasets/documents_2021_12_28/39cov_els_20211228_170146_2676357950_600_800.png,39cov_els_20211228_170146_2676357950_600_800_mask.png,nan
165,8,331,16,69,145,400,161,69,145,400,145,400,161,69,161,sub_line_text,title,title_0,opensans,bold,12,39cov_els_20211228_170146_2676357950_600_800.png,/scratch/parceirosbr/bigoilict/share/BigOil/document_generator/datasets/documents_2021_12_28/39cov_els_20211228_170146_2676357950_600_800.png,39cov_els_20211228_170146_2676357950_600_800_mask.png,"Seu carinho apoio horas difíceis, vitória sobre dificulda-"
165,8,331,16,69,145,400,161,69,145,400,145,400,161,69,161,title,title,title_0,opensans,bold,12,39cov_els_20211228_170146_2676357950_600_800.png,/scratch/parceirosbr/bigoilict/share/BigOil/document_generator/datasets/documents_2021_12_28/39cov_els_20211228_170146_2676357950_600_800.png,39cov_els_20211228_170146_2676357950_600_800_mask.png,nan
138,6,277,13,69,172,346,185,69,172,346,172,346,185,69,185,sub_line_text,text,text_0,opensans,bold,10,39cov_els_20211228_170146_2676357950_600_800.png,/scratch/parceirosbr/bigoilict/share/BigOil/document_generator/datasets/documents_2021_12_28/39cov_els_20211228_170146_2676357950_600_800.png,39cov_els_20211228_170146_2676357950_600_800_mask.png,"D. D. Johnson, S. M. Gordon, J. H. Bruno, W. E. Enriquez"
138,6,277,13,69,172,346,185,69,172,346,172,346,185,69,185,text,text,text_0,opensans,bold,10,39cov_els_20211228_170146_2676357950_600_800.png,/scratch/parceirosbr/bigoilict/share/BigOil/document_generator/datasets/documents_2021_12_28/39cov_els_20211228_170146_2676357950_600_800.png,39cov_els_20211228_170146_2676357950_600_800_mask.png,nan
172,7,345,15,69,196,414,211,69,196,414,196,414,211,69,211,sub_line_text,text,text_1,opensans,italic,11,39cov_els_20211228_170146_2676357950_600_800.png,/scratch/parceirosbr/bigoilict/share/BigOil/document_generator/datasets/documents_2021_12_28/39cov_els_20211228_170146_2676357950_600_800.png,39cov_els_20211228_170146_2676357950_600_800_mask.png,Capítulo sistema bomba injeção; as válvulas das bombas confinamento
27,7,54,15,69,213,123,228,69,213,123,213,123,228,69,228,sub_line_text,text,text_1,opensans,italic,11,39cov_els_20211228_170146_2676357950_600_800.png,/scratch/parceirosbr/bigoilict/share/BigOil/document_generator/datasets/documents_2021_12_28/39cov_els_20211228_170146_2676357950_600_800.png,39cov_els_20211228_170146_2676357950_600_800_mask.png,para evitar
172,16,345,32,69,196,414,228,69,196,414,196,414,228,69,228,text,text,text_1,opensans,italic,11,39cov_els_20211228_170146_2676357950_600_800.png,/scratch/parceirosbr/bigoilict/share/BigOil/document_generator/datasets/documents_2021_12_28/39cov_els_20211228_170146_2676357950_600_800.png,39cov_els_20211228_170146_2676357950_600_800_mask.png,nan
53,21,106,42,438,150,544,192,438,150,544,150,544,192,438,192,image,image,image,,,,39cov_els_20211228_170146_2676357950_600_800.png,/scratch/parceirosbr/bigoilict/share/BigOil/document_generator/datasets/documents_2021_12_28/39cov_els_20211228_170146_2676357950_600_800.png,39cov_els_20211228_170146_2676357950_600_800_mask.png,/scratch/parceirosbr/bigoilict/share/BigOil/document_generator/files_images_document_generator/logos\image_4600.jpg
69,5,138,10,69,239,207,249,69,239,207,239,207,249,69,249,sub_line_text,subsubtitle,subsubtitle_0,opensans,bolditalic,8,39cov_els_20211228_170146_2676357950_600_800.png,/scratch/parceirosbr/bigoilict/share/BigOil/document_generator/datasets/documents_2021_12_28/39cov_els_20211228_170146_2676357950_600_800.png,39cov_els_20211228_170146_2676357950_600_800_mask.png,Valores potenciais foram registrados
69,5,138,10,69,239,207,249,69,239,207,239,207,249,69,249,title,subsubtitle,subsubtitle_0,opensans,bolditalic,8,39cov_els_20211228_170146_2676357950_600_800.png,/scratch/parceirosbr/bigoilict/share/BigOil/document_generator/datasets/documents_2021_12_28/39cov_els_20211228_170146_2676357950_600_800.png,39cov_els_20211228_170146_2676357950_600_800_mask.png,nan
74,1,149,2,67,256,216,258,67,256,216,256,216,258,67,258,line,line,line,,,,39cov_els_20211228_170146_2676357950_600_800.png,/scratch/parceirosbr/bigoilict/share/BigOil/document_generator/datasets/documents_2021_12_28/39cov_els_20211228_170146_2676357950_600_800.png,39cov_els_20211228_170146_2676357950_600_800_mask.png,
34,4,68,8,69,264,137,272,69,264,137,264,137,272,69,272,sub_line_text,text,text_2,opensans,regular,6,39cov_els_20211228_170146_2676357950_600_800.png,/scratch/parceirosbr/bigoilict/share/BigOil/document_generator/datasets/documents_2021_12_28/39cov_els_20211228_170146_2676357950_600_800.png,39cov_els_20211228_170146_2676357950_600_800_mask.png,"Em meio aquoso, uma."
34,4,68,8,69,264,137,272,69,264,137,264,137,272,69,272,text,text,text_2,opensans,regular,6,39cov_els_20211228_170146_2676357950_600_800.png,/scratch/parceirosbr/bigoilict/share/BigOil/document_generator/datasets/documents_2021_12_28/39cov_els_20211228_170146_2676357950_600_800.png,39cov_els_20211228_170146_2676357950_600_800_mask.png,nan
26,4,53,8,69,276,122,284,69,276,122,276,122,284,69,284,sub_line_text,text,text_3,opensans,regular,6,39cov_els_20211228_170146_2676357950_600_800.png,/scratch/parceirosbr/bigoilict/share/BigOil/document_generator/datasets/documents_2021_12_28/39cov_els_20211228_170146_2676357950_600_800.png,39cov_els_20211228_170146_2676357950_600_800_mask.png,A amostragem foi.
26,4,53,8,69,276,122,284,69,276,122,276,122,284,69,284,text,text,text_3,opensans,regular,6,39cov_els_20211228_170146_2676357950_600_800.png,/scratch/parceirosbr/bigoilict/share/BigOil/document_generator/datasets/documents_2021_12_28/39cov_els_20211228_170146_2676357950_600_800.png,39cov_els_20211228_170146_2676357950_600_800_mask.png,nan
15,4,30,8,69,288,99,296,69,288,99,288,99,296,69,296,sub_line_text,text,text_4,opensans,regular,6,39cov_els_20211228_170146_2676357950_600_800.png,/scratch/parceirosbr/bigoilict/share/BigOil/document_generator/datasets/documents_2021_12_28/39cov_els_20211228_170146_2676357950_600_800.png,39cov_els_20211228_170146_2676357950_600_800_mask.png,Já na fase.
15,4,30,8,69,288,99,296,69,288,99,288,99,296,69,296,text,text,text_4,opensans,regular,6,39cov_els_20211228_170146_2676357950_600_800.png,/scratch/parceirosbr/bigoilict/share/BigOil/document_generator/datasets/documents_2021_12_28/39cov_els_20211228_170146_2676357950_600_800.png,39cov_els_20211228_170146_2676357950_600_800_mask.png,nan
38,4,77,8,69,300,146,308,69,300,146,300,146,308,69,308,sub_line_text,text,text_5,opensans,regular,6,39cov_els_20211228_170146_2676357950_600_800.png,/scratch/parceirosbr/bigoilict/share/BigOil/document_generator/datasets/documents_2021_12_28/39cov_els_20211228_170146_2676357950_600_800.png,39cov_els_20211228_170146_2676357950_600_800_mask.png,Os prótons resultantes da.
38,4,77,8,69,300,146,308,69,300,146,300,146,308,69,308,text,text,text_5,opensans,regular,6,39cov_els_20211228_170146_2676357950_600_800.png,/scratch/parceirosbr/bigoilict/share/BigOil/document_generator/datasets/documents_2021_12_28/39cov_els_20211228_170146_2676357950_600_800.png,39cov_els_20211228_170146_2676357950_600_800_mask.png,nan
74,1,149,2,67,319,216,321,67,319,216,319,216,321,67,321,line,line,line,,,,39cov_els_20211228_170146_2676357950_600_800.png,/scratch/parceirosbr/bigoilict/share/BigOil/document_generator/datasets/documents_2021_12_28/39cov_els_20211228_170146_2676357950_600_800.png,39cov_els_20211228_170146_2676357950_600_800_mask.png,
21,4,43,8,69,327,112,335,69,327,112,327,112,335,69,335,sub_line_text,text,text_6,opensans,regular,6,39cov_els_20211228_170146_2676357950_600_800.png,/scratch/parceirosbr/bigoilict/share/BigOil/document_generator/datasets/documents_2021_12_28/39cov_els_20211228_170146_2676357950_600_800.png,39cov_els_20211228_170146_2676357950_600_800_mask.png,"Normalmente,."
21,4,43,8,69,327,112,335,69,327,112,327,112,335,69,335,text,text,text_6,opensans,regular,6,39cov_els_20211228_170146_2676357950_600_800.png,/scratch/parceirosbr/bigoilict/share/BigOil/document_generator/datasets/documents_2021_12_28/39cov_els_20211228_170146_2676357950_600_800.png,39cov_els_20211228_170146_2676357950_600_800_mask.png,nan
8,4,17,8,69,339,86,347,69,339,86,339,86,347,69,347,sub_line_text,text,text_7,opensans,regular,6,39cov_els_20211228_170146_2676357950_600_800.png,/scratch/parceirosbr/bigoilict/share/BigOil/document_generator/datasets/documents_2021_12_28/39cov_els_20211228_170146_2676357950_600_800.png,39cov_els_20211228_170146_2676357950_600_800_mask.png,Além.
8,4,17,8,69,339,86,347,69,339,86,339,86,347,69,347,text,text,text_7,opensans,regular,6,39cov_els_20211228_170146_2676357950_600_800.png,/scratch/parceirosbr/bigoilict/share/BigOil/document_generator/datasets/documents_2021_12_28/39cov_els_20211228_170146_2676357950_600_800.png,39cov_els_20211228_170146_2676357950_600_800_mask.png,nan
22,4,44,8,69,351,113,359,69,351,113,351,113,359,69,359,sub_line_text,text,text_8,opensans,regular,6,39cov_els_20211228_170146_2676357950_600_800.png,/scratch/parceirosbr/bigoilict/share/BigOil/document_generator/datasets/documents_2021_12_28/39cov_els_20211228_170146_2676357950_600_800.png,39cov_els_20211228_170146_2676357950_600_800_mask.png,A difusividade.
22,4,44,8,69,351,113,359,69,351,113,351,113,359,69,359,text,text,text_8,opensans,regular,6,39cov_els_20211228_170146_2676357950_600_800.png,/scratch/parceirosbr/bigoilict/share/BigOil/document_generator/datasets/documents_2021_12_28/39cov_els_20211228_170146_2676357950_600_800.png,39cov_els_20211228_170146_2676357950_600_800_mask.png,nan
2,4,4,8,69,363,73,371,69,363,73,363,73,371,69,371,sub_line_text,text,text_9,opensans,regular,6,39cov_els_20211228_170146_2676357950_600_800.png,/scratch/parceirosbr/bigoilict/share/BigOil/document_generator/datasets/documents_2021_12_28/39cov_els_20211228_170146_2676357950_600_800.png,39cov_els_20211228_170146_2676357950_600_800_mask.png,A
2,4,4,8,69,363,73,371,69,363,73,363,73,371,69,371,text,text,text_9,opensans,regular,6,39cov_els_20211228_170146_2676357950_600_800.png,/scratch/parceirosbr/bigoilict/share/BigOil/document_generator/datasets/documents_2021_12_28/39cov_els_20211228_170146_2676357950_600_800.png,39cov_els_20211228_170146_2676357950_600_800_mask.png,nan
10,4,20,8,69,375,89,383,69,375,89,375,89,383,69,383,sub_line_text,text,text_10,opensans,regular,6,39cov_els_20211228_170146_2676357950_600_800.png,/scratch/parceirosbr/bigoilict/share/BigOil/document_generator/datasets/documents_2021_12_28/39cov_els_20211228_170146_2676357950_600_800.png,39cov_els_20211228_170146_2676357950_600_800_mask.png,Foram.
10,4,20,8,69,375,89,383,69,375,89,375,89,383,69,383,text,text,text_10,opensans,regular,6,39cov_els_20211228_170146_2676357950_600_800.png,/scratch/parceirosbr/bigoilict/share/BigOil/document_generator/datasets/documents_2021_12_28/39cov_els_20211228_170146_2676357950_600_800.png,39cov_els_20211228_170146_2676357950_600_800_mask.png,nan
19,5,39,10,232,239,271,249,232,239,271,239,271,249,232,249,sub_line_text,subsubtitle,subsubtitle_1,opensans,bolditalic,8,39cov_els_20211228_170146_2676357950_600_800.png,/scratch/parceirosbr/bigoilict/share/BigOil/document_generator/datasets/documents_2021_12_28/39cov_els_20211228_170146_2676357950_600_800.png,39cov_els_20211228_170146_2676357950_600_800_mask.png,ABSTRACT
19,5,39,10,232,239,271,249,232,239,271,239,271,249,232,249,title,subsubtitle,subsubtitle_1,opensans,bolditalic,8,39cov_els_20211228_170146_2676357950_600_800.png,/scratch/parceirosbr/bigoilict/share/BigOil/document_generator/datasets/documents_2021_12_28/39cov_els_20211228_170146_2676357950_600_800.png,39cov_els_20211228_170146_2676357950_600_800_mask.png,nan
156,1,312,2,230,256,542,258,230,256,542,256,542,258,230,258,line,line,line,,,,39cov_els_20211228_170146_2676357950_600_800.png,/scratch/parceirosbr/bigoilict/share/BigOil/document_generator/datasets/documents_2021_12_28/39cov_els_20211228_170146_2676357950_600_800.png,39cov_els_20211228_170146_2676357950_600_800_mask.png,
153,4,306,8,232,264,538,272,232,264,538,264,538,272,232,272,sub_line_text,text,text_11,opensans,regular,6,39cov_els_20211228_170146_2676357950_600_800.png,/scratch/parceirosbr/bigoilict/share/BigOil/document_generator/datasets/documents_2021_12_28/39cov_els_20211228_170146_2676357950_600_800.png,39cov_els_20211228_170146_2676357950_600_800_mask.png,Van  propôs  sua  equação  com  as  seguintes  restrições:  onde:  é a umidade residual do solo; é a um-
153,4,307,8,232,276,539,284,232,276,539,276,539,284,232,284,sub_line_text,text,text_11,opensans,regular,6,39cov_els_20211228_170146_2676357950_600_800.png,/scratch/parceirosbr/bigoilict/share/BigOil/document_generator/datasets/documents_2021_12_28/39cov_els_20211228_170146_2676357950_600_800.png,39cov_els_20211228_170146_2676357950_600_800_mask.png,"idade  de  saturação  do  solo;  são  parâmetros  empíricos  de  ajuste  da  curva  de retenção, sendo dep-"
153,4,307,8,232,288,539,296,232,288,539,288,539,296,232,296,sub_line_text,text,text_11,opensans,regular,6,39cov_els_20211228_170146_2676357950_600_800.png,/scratch/parceirosbr/bigoilict/share/BigOil/document_generator/datasets/documents_2021_12_28/39cov_els_20211228_170146_2676357950_600_800.png,39cov_els_20211228_170146_2676357950_600_800_mask.png,"endente   de.   União  de  06  de  novembro  de  2013.  justificação  foi  objeto  da  n  150/SAB,  de  09/06/-"
153,4,306,8,232,300,538,308,232,300,538,300,538,308,232,308,sub_line_text,text,text_11,opensans,regular,6,39cov_els_20211228_170146_2676357950_600_800.png,/scratch/parceirosbr/bigoilict/share/BigOil/document_generator/datasets/documents_2021_12_28/39cov_els_20211228_170146_2676357950_600_800.png,39cov_els_20211228_170146_2676357950_600_800_mask.png,"2014,  com  vistas  a  esclarecer  e  a  explicitar  os  motivos  de  fato  e  de direito que recomendaram a c-"
153,4,307,8,232,312,539,320,232,312,539,312,539,320,232,320,sub_line_text,text,text_11,opensans,regular,6,39cov_els_20211228_170146_2676357950_600_800.png,/scratch/parceirosbr/bigoilict/share/BigOil/document_generator/datasets/documents_2021_12_28/39cov_els_20211228_170146_2676357950_600_800.png,39cov_els_20211228_170146_2676357950_600_800_mask.png,"oncessão  de  prazo,.  Fonte:  10.  importante  salientar  que  o  método  de  detecção  aqui utilizado não"
153,4,306,8,232,324,538,332,232,324,538,324,538,332,232,332,sub_line_text,text,text_11,opensans,regular,6,39cov_els_20211228_170146_2676357950_600_800.png,/scratch/parceirosbr/bigoilict/share/BigOil/document_generator/datasets/documents_2021_12_28/39cov_els_20211228_170146_2676357950_600_800.png,39cov_els_20211228_170146_2676357950_600_800_mask.png,contempla  apenas  os  metabólitos  diretamente  relacionados  à  contaminação  por  combustíveis. Fo-
153,4,306,8,232,336,538,344,232,336,538,336,538,344,232,344,sub_line_text,text,text_11,opensans,regular,6,39cov_els_20211228_170146_2676357950_600_800.png,/scratch/parceirosbr/bigoilict/share/BigOil/document_generator/datasets/documents_2021_12_28/39cov_els_20211228_170146_2676357950_600_800.png,39cov_els_20211228_170146_2676357950_600_800_mask.png,mento  a  de  em  do  por  meio  da  criação  do  222.  Federação  2006-2015  752.6.  provadas de gás natu-
153,4,307,8,232,348,539,356,232,348,539,348,539,356,232,356,sub_line_text,text,text_11,opensans,regular,6,39cov_els_20211228_170146_2676357950_600_800.png,/scratch/parceirosbr/bigoilict/share/BigOil/document_generator/datasets/documents_2021_12_28/39cov_els_20211228_170146_2676357950_600_800.png,39cov_els_20211228_170146_2676357950_600_800_mask.png,"ral,  por  localização  (terra  e  mar),  segundo  unidades  da.  A  linha  em  azul  representa  a isoterma de"
153,4,307,8,232,360,539,368,232,360,539,360,539,368,232,368,sub_line_text,text,text_11,opensans,regular,6,39cov_els_20211228_170146_2676357950_600_800.png,/scratch/parceirosbr/bigoilict/share/BigOil/document_generator/datasets/documents_2021_12_28/39cov_els_20211228_170146_2676357950_600_800.png,39cov_els_20211228_170146_2676357950_600_800_mask.png,"18C  e  a  linha  tracejada  em  vermelho  representa  a  isohalina  de  36,4.  87.  A  massa  relativa  de ar at-"
142,4,284,8,232,372,516,380,232,372,516,372,516,380,232,380,sub_line_text,text,text_11,opensans,regular,6,39cov_els_20211228_170146_2676357950_600_800.png,/scratch/parceirosbr/bigoilict/share/BigOil/document_generator/datasets/documents_2021_12_28/39cov_els_20211228_170146_2676357950_600_800.png,39cov_els_20211228_170146_2676357950_600_800_mask.png,mosférico é definida como a razão entre o comprimento do caminho verdadeiro e o comprimen.
153,58,307,116,232,264,539,380,232,264,539,264,539,380,232,380,text,text,text_11,opensans,regular,6,39cov_els_20211228_170146_2676357950_600_800.png,/scratch/parceirosbr/bigoilict/share/BigOil/document_generator/datasets/documents_2021_12_28/39cov_els_20211228_170146_2676357950_600_800.png,39cov_els_20211228_170146_2676357950_600_800_mask.png,nan
26,4,53,8,488,384,541,392,488,384,541,384,541,392,488,392,sub_line_text,text,text_12,opensans,regular,6,39cov_els_20211228_170146_2676357950_600_800.png,/scratch/parceirosbr/bigoilict/share/BigOil/document_generator/datasets/documents_2021_12_28/39cov_els_20211228_170146_2676357950_600_800.png,39cov_els_20211228_170146_2676357950_600_800_mask.png,Em: 45 total pode.
26,4,53,8,488,384,541,392,488,384,541,384,541,392,488,392,text,text,text_12,opensans,regular,6,39cov_els_20211228_170146_2676357950_600_800.png,/scratch/parceirosbr/bigoilict/share/BigOil/document_generator/datasets/documents_2021_12_28/39cov_els_20211228_170146_2676357950_600_800.png,39cov_els_20211228_170146_2676357950_600_800_mask.png,nan
238,1,476,2,67,403,543,405,67,403,543,403,543,405,67,405,line,line,line,,,,39cov_els_20211228_170146_2676357950_600_800.png,/scratch/parceirosbr/bigoilict/share/BigOil/document_generator/datasets/documents_2021_12_28/39cov_els_20211228_170146_2676357950_600_800.png,39cov_els_20211228_170146_2676357950_600_800_mask.png,
36,3,72,7,69,689,141,696,69,689,141,689,141,696,69,696,sub_line_text,text,text_13,opensans,regular,5,39cov_els_20211228_170146_2676357950_600_800.png,/scratch/parceirosbr/bigoilict/share/BigOil/document_generator/datasets/documents_2021_12_28/39cov_els_20211228_170146_2676357950_600_800.png,39cov_els_20211228_170146_2676357950_600_800_mask.png,"Segundo, o impacto ambiental."
36,3,72,7,69,689,141,696,69,689,141,689,141,696,69,696,text,text,text_13,opensans,regular,5,39cov_els_20211228_170146_2676357950_600_800.png,/scratch/parceirosbr/bigoilict/share/BigOil/document_generator/datasets/documents_2021_12_28/39cov_els_20211228_170146_2676357950_600_800.png,39cov_els_20211228_170146_2676357950_600_800_mask.png,nan
20,3,40,7,69,682,109,689,69,682,109,682,109,689,69,689,sub_line_text,text,text_14,opensans,regular,5,39cov_els_20211228_170146_2676357950_600_800.png,/scratch/parceirosbr/bigoilict/share/BigOil/document_generator/datasets/documents_2021_12_28/39cov_els_20211228_170146_2676357950_600_800.png,39cov_els_20211228_170146_2676357950_600_800_mask.png,*    Os isolados do.
20,3,40,7,69,682,109,689,69,682,109,682,109,689,69,689,text,text,text_14,opensans,regular,5,39cov_els_20211228_170146_2676357950_600_800.png,/scratch/parceirosbr/bigoilict/share/BigOil/document_generator/datasets/documents_2021_12_28/39cov_els_20211228_170146_2676357950_600_800.png,39cov_els_20211228_170146_2676357950_600_800_mask.png,nan
24,1,49,2,67,672,116,674,67,672,116,672,116,674,67,674,line,line,line,,,,39cov_els_20211228_170146_2676357950_600_800.png,/scratch/parceirosbr/bigoilict/share/BigOil/document_generator/datasets/documents_2021_12_28/39cov_els_20211228_170146_2676357950_600_800.png,39cov_els_20211228_170146_2676357950_600_800_mask.png,
63,6,127,13,69,416,196,429,69,416,196,416,196,429,69,429,sub_line_text,subtitle,subtitle_0,opensans,bold,10,39cov_els_20211228_170146_2676357950_600_800.png,/scratch/parceirosbr/bigoilict/share/BigOil/document_generator/datasets/documents_2021_12_28/39cov_els_20211228_170146_2676357950_600_800.png,39cov_els_20211228_170146_2676357950_600_800_mask.png,De ainda encontra-se um
63,6,127,13,69,416,196,429,69,416,196,416,196,429,69,429,title,subtitle,subtitle_0,opensans,bold,10,39cov_els_20211228_170146_2676357950_600_800.png,/scratch/parceirosbr/bigoilict/share/BigOil/document_generator/datasets/documents_2021_12_28/39cov_els_20211228_170146_2676357950_600_800.png,39cov_els_20211228_170146_2676357950_600_800_mask.png,nan
98,4,196,8,99,434,295,442,99,434,295,434,295,442,99,442,sub_line_text,text,text_15,opensans,regular,6,39cov_els_20211228_170146_2676357950_600_800.png,/scratch/parceirosbr/bigoilict/share/BigOil/document_generator/datasets/documents_2021_12_28/39cov_els_20211228_170146_2676357950_600_800.png,39cov_els_20211228_170146_2676357950_600_800_mask.png,Identificação  e  avaliação  de  alternativas  para  a produção de plá-
112,4,225,8,69,446,294,454,69,446,294,446,294,454,69,454,sub_line_text,text,text_15,opensans,regular,6,39cov_els_20211228_170146_2676357950_600_800.png,/scratch/parceirosbr/bigoilict/share/BigOil/document_generator/datasets/documents_2021_12_28/39cov_els_20211228_170146_2676357950_600_800.png,39cov_els_20211228_170146_2676357950_600_800_mask.png,sticos  convencionais  a  partir  de  matérias  primas renováveis: o caso do. I-
113,4,226,8,69,458,295,466,69,458,295,458,295,466,69,466,sub_line_text,text,text_15,opensans,regular,6,39cov_els_20211228_170146_2676357950_600_800.png,/scratch/parceirosbr/bigoilict/share/BigOil/document_generator/datasets/documents_2021_12_28/39cov_els_20211228_170146_2676357950_600_800.png,39cov_els_20211228_170146_2676357950_600_800_mask.png,sso  implica  que  exista  uma  relação  de  equilíbrio  a  longo prazo entre as
113,4,226,8,69,470,295,478,69,470,295,470,295,478,69,478,sub_line_text,text,text_15,opensans,regular,6,39cov_els_20211228_170146_2676357950_600_800.png,/scratch/parceirosbr/bigoilict/share/BigOil/document_generator/datasets/documents_2021_12_28/39cov_els_20211228_170146_2676357950_600_800.png,39cov_els_20211228_170146_2676357950_600_800_mask.png,"variáveis,  e  o  erro  representa  um  desvio  de  curto  prazo.  No  entanto, se"
112,4,225,8,69,482,294,490,69,482,294,482,294,490,69,490,sub_line_text,text,text_15,opensans,regular,6,39cov_els_20211228_170146_2676357950_600_800.png,/scratch/parceirosbr/bigoilict/share/BigOil/document_generator/datasets/documents_2021_12_28/39cov_els_20211228_170146_2676357950_600_800.png,39cov_els_20211228_170146_2676357950_600_800_mask.png,"a  recusa  de  negociação  ou  de  acesso,  na  prática,  por parte da sociedade"
113,4,226,8,69,494,295,502,69,494,295,494,295,502,69,502,sub_line_text,text,text_15,opensans,regular,6,39cov_els_20211228_170146_2676357950_600_800.png,/scratch/parceirosbr/bigoilict/share/BigOil/document_generator/datasets/documents_2021_12_28/39cov_els_20211228_170146_2676357950_600_800.png,39cov_els_20211228_170146_2676357950_600_800_mask.png,dominante   representar   que   um  dos  seus  poucos  concorrentes  se  veja
113,4,226,8,69,506,295,514,69,506,295,506,295,514,69,514,sub_line_text,text,text_15,opensans,regular,6,39cov_els_20211228_170146_2676357950_600_800.png,/scratch/parceirosbr/bigoilict/share/BigOil/document_generator/datasets/documents_2021_12_28/39cov_els_20211228_170146_2676357950_600_800.png,39cov_els_20211228_170146_2676357950_600_800_mask.png,"forçado  a  sair  do  mercado,  a  lei  antitruste  da  estabelece  que  a empresa"
112,4,225,8,69,518,294,526,69,518,294,518,294,526,69,526,sub_line_text,text,text_15,opensans,regular,6,39cov_els_20211228_170146_2676357950_600_800.png,/scratch/parceirosbr/bigoilict/share/BigOil/document_generator/datasets/documents_2021_12_28/39cov_els_20211228_170146_2676357950_600_800.png,39cov_els_20211228_170146_2676357950_600_800_mask.png,dominante  deve  permitir  acesso  não  discriminatório  ou  fornecer  o serv-
112,4,225,8,69,530,294,538,69,530,294,530,294,538,69,538,sub_line_text,text,text_15,opensans,regular,6,39cov_els_20211228_170146_2676357950_600_800.png,/scratch/parceirosbr/bigoilict/share/BigOil/document_generator/datasets/documents_2021_12_28/39cov_els_20211228_170146_2676357950_600_800.png,39cov_els_20211228_170146_2676357950_600_800_mask.png,iço  ao  solicitante  em  igualdade  de  condições.  Para a mesma carga de 10-
112,4,225,8,69,542,294,550,69,542,294,542,294,550,69,550,sub_line_text,text,text_15,opensans,regular,6,39cov_els_20211228_170146_2676357950_600_800.png,/scratch/parceirosbr/bigoilict/share/BigOil/document_generator/datasets/documents_2021_12_28/39cov_els_20211228_170146_2676357950_600_800.png,39cov_els_20211228_170146_2676357950_600_800_mask.png,"0%,  é  possível  visualizar  mais  facilmente  os  quatro  diferentes resultados"
109,4,218,8,69,554,287,562,69,554,287,554,287,562,69,562,sub_line_text,text,text_15,opensans,regular,6,39cov_els_20211228_170146_2676357950_600_800.png,/scratch/parceirosbr/bigoilict/share/BigOil/document_generator/datasets/documents_2021_12_28/39cov_els_20211228_170146_2676357950_600_800.png,39cov_els_20211228_170146_2676357950_600_800_mask.png,para o ângulo de início da combustão na 19. 59. Para atualizar cada ponto.
113,64,226,128,69,434,295,562,69,434,295,434,295,562,69,562,text,text,text_15,opensans,regular,6,39cov_els_20211228_170146_2676357950_600_800.png,/scratch/parceirosbr/bigoilict/share/BigOil/document_generator/datasets/documents_2021_12_28/39cov_els_20211228_170146_2676357950_600_800.png,39cov_els_20211228_170146_2676357950_600_800_mask.png,nan
97,4,195,8,99,567,294,575,99,567,294,567,294,575,99,575,sub_line_text,text,text_16,opensans,regular,6,39cov_els_20211228_170146_2676357950_600_800.png,/scratch/parceirosbr/bigoilict/share/BigOil/document_generator/datasets/documents_2021_12_28/39cov_els_20211228_170146_2676357950_600_800.png,39cov_els_20211228_170146_2676357950_600_800_mask.png,O   excesso  de  anidrido  acético  garante  100%  de  conversão  no
113,4,226,8,69,579,295,587,69,579,295,579,295,587,69,587,sub_line_text,text,text_16,opensans,regular,6,39cov_els_20211228_170146_2676357950_600_800.png,/scratch/parceirosbr/bigoilict/share/BigOil/document_generator/datasets/documents_2021_12_28/39cov_els_20211228_170146_2676357950_600_800.png,39cov_els_20211228_170146_2676357950_600_800_mask.png,"triacetin,   porém  seu  uso  em  proporção  molar  fornece  uma  mistura  de"
113,4,226,8,69,591,295,599,69,591,295,591,295,599,69,599,sub_line_text,text,text_16,opensans,regular,6,39cov_els_20211228_170146_2676357950_600_800.png,/scratch/parceirosbr/bigoilict/share/BigOil/document_generator/datasets/documents_2021_12_28/39cov_els_20211228_170146_2676357950_600_800.png,39cov_els_20211228_170146_2676357950_600_800_mask.png,"mono,  di  e  triacetin.  O  estudo  das  ineficiências na indústria petroquími-"
112,4,225,8,69,603,294,611,69,603,294,603,294,611,69,611,sub_line_text,text,text_16,opensans,regular,6,39cov_els_20211228_170146_2676357950_600_800.png,/scratch/parceirosbr/bigoilict/share/BigOil/document_generator/datasets/documents_2021_12_28/39cov_els_20211228_170146_2676357950_600_800.png,39cov_els_20211228_170146_2676357950_600_800_mask.png,"ca,  da  introdução  de  novas  tecnologias  e das perturbações das condições"
112,4,225,8,69,615,294,623,69,615,294,615,294,623,69,623,sub_line_text,text,text_16,opensans,regular,6,39cov_els_20211228_170146_2676357950_600_800.png,/scratch/parceirosbr/bigoilict/share/BigOil/document_generator/datasets/documents_2021_12_28/39cov_els_20211228_170146_2676357950_600_800.png,39cov_els_20211228_170146_2676357950_600_800_mask.png,de  mercado  exemplificam  como  os  modelos  propostos auxiliam o plan-
113,4,226,8,69,627,295,635,69,627,295,627,295,635,69,635,sub_line_text,text,text_16,opensans,regular,6,39cov_els_20211228_170146_2676357950_600_800.png,/scratch/parceirosbr/bigoilict/share/BigOil/document_generator/datasets/documents_2021_12_28/39cov_els_20211228_170146_2676357950_600_800.png,39cov_els_20211228_170146_2676357950_600_800_mask.png,"ejamento  a  médio  e  longo  prazo.  Em  2003,  os  estados  de maior produ-"
103,4,206,8,69,639,275,647,69,639,275,639,275,647,69,647,sub_line_text,text,text_16,opensans,regular,6,39cov_els_20211228_170146_2676357950_600_800.png,/scratch/parceirosbr/bigoilict/share/BigOil/document_generator/datasets/documents_2021_12_28/39cov_els_20211228_170146_2676357950_600_800.png,39cov_els_20211228_170146_2676357950_600_800_mask.png,ção pesqueira registrada foram (116 mil toneladas) e (93 mil toneladas).
113,40,226,80,69,567,295,647,69,567,295,567,295,647,69,647,text,text,text_16,opensans,regular,6,39cov_els_20211228_170146_2676357950_600_800.png,/scratch/parceirosbr/bigoilict/share/BigOil/document_generator/datasets/documents_2021_12_28/39cov_els_20211228_170146_2676357950_600_800.png,39cov_els_20211228_170146_2676357950_600_800_mask.png,nan
98,4,196,8,344,416,540,424,344,416,540,416,540,424,344,424,sub_line_text,text,text_17,opensans,regular,6,39cov_els_20211228_170146_2676357950_600_800.png,/scratch/parceirosbr/bigoilict/share/BigOil/document_generator/datasets/documents_2021_12_28/39cov_els_20211228_170146_2676357950_600_800.png,39cov_els_20211228_170146_2676357950_600_800_mask.png,"Na  maioria  dos  casos,  o  derramamento  atrai  elevada preocupa-"
113,4,226,8,314,428,540,436,314,428,540,428,540,436,314,436,sub_line_text,text,text_17,opensans,regular,6,39cov_els_20211228_170146_2676357950_600_800.png,/scratch/parceirosbr/bigoilict/share/BigOil/document_generator/datasets/documents_2021_12_28/39cov_els_20211228_170146_2676357950_600_800.png,39cov_els_20211228_170146_2676357950_600_800_mask.png,ção  pública  para  espécies  mais  visíveis  como aves e mamíferos marinhos
113,4,226,8,314,440,540,448,314,440,540,440,540,448,314,448,sub_line_text,text,text_17,opensans,regular,6,39cov_els_20211228_170146_2676357950_600_800.png,/scratch/parceirosbr/bigoilict/share/BigOil/document_generator/datasets/documents_2021_12_28/39cov_els_20211228_170146_2676357950_600_800.png,39cov_els_20211228_170146_2676357950_600_800_mask.png,"(Incardona  et  al,  2010).  Na  realidade,  pode-se  afirmar  que  isso  se  aplica"
113,4,226,8,314,452,540,460,314,452,540,452,540,460,314,460,sub_line_text,text,text_17,opensans,regular,6,39cov_els_20211228_170146_2676357950_600_800.png,/scratch/parceirosbr/bigoilict/share/BigOil/document_generator/datasets/documents_2021_12_28/39cov_els_20211228_170146_2676357950_600_800.png,39cov_els_20211228_170146_2676357950_600_800_mask.png,"a  todos  os  níveis,  de  planejamento  às  emergências,  mencionados  no p-"
112,4,225,8,314,464,539,472,314,464,539,464,539,472,314,472,sub_line_text,text,text_17,opensans,regular,6,39cov_els_20211228_170146_2676357950_600_800.png,/scratch/parceirosbr/bigoilict/share/BigOil/document_generator/datasets/documents_2021_12_28/39cov_els_20211228_170146_2676357950_600_800.png,39cov_els_20211228_170146_2676357950_600_800_mask.png,"resente  estudo.  A  parafina,  por  sua  vez,  pode  formar  depósitos já nos t-"
112,4,225,8,314,476,539,484,314,476,539,476,539,484,314,484,sub_line_text,text,text_17,opensans,regular,6,39cov_els_20211228_170146_2676357950_600_800.png,/scratch/parceirosbr/bigoilict/share/BigOil/document_generator/datasets/documents_2021_12_28/39cov_els_20211228_170146_2676357950_600_800.png,39cov_els_20211228_170146_2676357950_600_800_mask.png,anques  e  nos  sistemas  de  injeção  de  automóveis  em  países de inverno
112,4,225,8,314,488,539,496,314,488,539,488,539,496,314,496,sub_line_text,text,text_17,opensans,regular,6,39cov_els_20211228_170146_2676357950_600_800.png,/scratch/parceirosbr/bigoilict/share/BigOil/document_generator/datasets/documents_2021_12_28/39cov_els_20211228_170146_2676357950_600_800.png,39cov_els_20211228_170146_2676357950_600_800_mask.png,"rigoroso   et   al.,  2005).  A  reforma  em  fase  líquida  aqueous  phase  refor-"
112,4,225,8,314,500,539,508,314,500,539,500,539,508,314,508,sub_line_text,text,text_17,opensans,regular,6,39cov_els_20211228_170146_2676357950_600_800.png,/scratch/parceirosbr/bigoilict/share/BigOil/document_generator/datasets/documents_2021_12_28/39cov_els_20211228_170146_2676357950_600_800.png,39cov_els_20211228_170146_2676357950_600_800_mask.png,ming)  inicialmente  foi  desenvolvida  visando  a  produção de hidrogênio a
113,4,226,8,314,512,540,520,314,512,540,512,540,520,314,520,sub_line_text,text,text_17,opensans,regular,6,39cov_els_20211228_170146_2676357950_600_800.png,/scratch/parceirosbr/bigoilict/share/BigOil/document_generator/datasets/documents_2021_12_28/39cov_els_20211228_170146_2676357950_600_800.png,39cov_els_20211228_170146_2676357950_600_800_mask.png,partir  de  biomassa  em  2001.  época  tinha-se  a  perspectiva  de  que em al-
112,4,225,8,314,524,539,532,314,524,539,524,539,532,314,532,sub_line_text,text,text_17,opensans,regular,6,39cov_els_20211228_170146_2676357950_600_800.png,/scratch/parceirosbr/bigoilict/share/BigOil/document_generator/datasets/documents_2021_12_28/39cov_els_20211228_170146_2676357950_600_800.png,39cov_els_20211228_170146_2676357950_600_800_mask.png,guns  anos  haveria  demanda  por  hidrogênio  automotivo  2013).  que pos-
106,4,212,8,314,536,526,544,314,536,526,536,526,544,314,544,sub_line_text,text,text_17,opensans,regular,6,39cov_els_20211228_170146_2676357950_600_800.png,/scratch/parceirosbr/bigoilict/share/BigOil/document_generator/datasets/documents_2021_12_28/39cov_els_20211228_170146_2676357950_600_800.png,39cov_els_20211228_170146_2676357950_600_800_mask.png,suiu poder de decisão sobre a liberação total ou parcial dos recursos ap.
113,64,226,128,314,416,540,544,314,416,540,416,540,544,314,544,text,text,text_17,opensans,regular,6,39cov_els_20211228_170146_2676357950_600_800.png,/scratch/parceirosbr/bigoilict/share/BigOil/document_generator/datasets/documents_2021_12_28/39cov_els_20211228_170146_2676357950_600_800.png,39cov_els_20211228_170146_2676357950_600_800_mask.png,nan
98,4,196,8,344,549,540,557,344,549,540,549,540,557,344,557,sub_line_text,text,text_18,opensans,regular,6,39cov_els_20211228_170146_2676357950_600_800.png,/scratch/parceirosbr/bigoilict/share/BigOil/document_generator/datasets/documents_2021_12_28/39cov_els_20211228_170146_2676357950_600_800.png,39cov_els_20211228_170146_2676357950_600_800_mask.png,Presença  de  gás  e  óleo  são  avaliadas  de  acordo com o espaça-
113,4,226,8,314,561,540,569,314,561,540,561,540,569,314,569,sub_line_text,text,text_18,opensans,regular,6,39cov_els_20211228_170146_2676357950_600_800.png,/scratch/parceirosbr/bigoilict/share/BigOil/document_generator/datasets/documents_2021_12_28/39cov_els_20211228_170146_2676357950_600_800.png,39cov_els_20211228_170146_2676357950_600_800_mask.png,"mento  entre  essas  duas  curvas,  como  explicado  no  tópico  4.1.1.3. 4.2.2-"
112,4,225,8,314,573,539,581,314,573,539,573,539,581,314,581,sub_line_text,text,text_18,opensans,regular,6,39cov_els_20211228_170146_2676357950_600_800.png,/scratch/parceirosbr/bigoilict/share/BigOil/document_generator/datasets/documents_2021_12_28/39cov_els_20211228_170146_2676357950_600_800.png,39cov_els_20211228_170146_2676357950_600_800_mask.png,".4.   Porém,   mudança   de  mesma  envergadura  está  ocorrendo  pelo  lado"
113,4,226,8,314,585,540,593,314,585,540,585,540,593,314,593,sub_line_text,text,text_18,opensans,regular,6,39cov_els_20211228_170146_2676357950_600_800.png,/scratch/parceirosbr/bigoilict/share/BigOil/document_generator/datasets/documents_2021_12_28/39cov_els_20211228_170146_2676357950_600_800.png,39cov_els_20211228_170146_2676357950_600_800_mask.png,"da  demanda  por  petróleo,  em  virtude  de  novas  políticas governamentais"
112,4,225,8,314,597,539,605,314,597,539,597,539,605,314,605,sub_line_text,text,text_18,opensans,regular,6,39cov_els_20211228_170146_2676357950_600_800.png,/scratch/parceirosbr/bigoilict/share/BigOil/document_generator/datasets/documents_2021_12_28/39cov_els_20211228_170146_2676357950_600_800.png,39cov_els_20211228_170146_2676357950_600_800_mask.png,com  o  objetivo  de  reduzir  o  consumo  de combustíveis fósseis no setor
113,4,226,8,314,609,540,617,314,609,540,609,540,617,314,617,sub_line_text,text,text_18,opensans,regular,6,39cov_els_20211228_170146_2676357950_600_800.png,/scratch/parceirosbr/bigoilict/share/BigOil/document_generator/datasets/documents_2021_12_28/39cov_els_20211228_170146_2676357950_600_800.png,39cov_els_20211228_170146_2676357950_600_800_mask.png,"de  transportes,  que  corresponde  a  70%  da  demanda  total.  Na  terceira  r-"
113,4,226,8,314,621,540,629,314,621,540,621,540,629,314,629,sub_line_text,text,text_18,opensans,regular,6,39cov_els_20211228_170146_2676357950_600_800.png,/scratch/parceirosbr/bigoilict/share/BigOil/document_generator/datasets/documents_2021_12_28/39cov_els_20211228_170146_2676357950_600_800.png,39cov_els_20211228_170146_2676357950_600_800_mask.png,egeneração   a   quantidade   de   enxofreremovido  em  relação  ao  virgem  é
112,4,225,8,314,633,539,641,314,633,539,633,539,641,314,641,sub_line_text,text,text_18,opensans,regular,6,39cov_els_20211228_170146_2676357950_600_800.png,/scratch/parceirosbr/bigoilict/share/BigOil/document_generator/datasets/documents_2021_12_28/39cov_els_20211228_170146_2676357950_600_800.png,39cov_els_20211228_170146_2676357950_600_800_mask.png,"reduzida  em  12,9%  e  na  quarta  adsorção  aredução  da  quantidade de en-"
112,4,225,8,314,645,539,653,314,645,539,645,539,653,314,653,sub_line_text,text,text_18,opensans,regular,6,39cov_els_20211228_170146_2676357950_600_800.png,/scratch/parceirosbr/bigoilict/share/BigOil/document_generator/datasets/documents_2021_12_28/39cov_els_20211228_170146_2676357950_600_800.png,39cov_els_20211228_170146_2676357950_600_800_mask.png,"xofre   removida  é  de  15,5%  e  na  quinta  adsorção  aredução  foi  de  15%."
104,4,209,8,314,657,523,665,314,657,523,657,523,665,314,665,sub_line_text,text,text_18,opensans,regular,6,39cov_els_20211228_170146_2676357950_600_800.png,/scratch/parceirosbr/bigoilict/share/BigOil/document_generator/datasets/documents_2021_12_28/39cov_els_20211228_170146_2676357950_600_800.png,39cov_els_20211228_170146_2676357950_600_800_mask.png,"Mostrou-se que, na do o processo de integração energética foi evoluído."
113,58,226,116,314,549,540,665,314,549,540,549,540,665,314,665,text,text,text_18,opensans,regular,6,39cov_els_20211228_170146_2676357950_600_800.png,/scratch/parceirosbr/bigoilict/share/BigOil/document_generator/datasets/documents_2021_12_28/39cov_els_20211228_170146_2676357950_600_800.png,39cov_els_20211228_170146_2676357950_600_800_mask.png,nan
98,4,196,8,344,670,540,678,344,670,540,670,540,678,344,678,sub_line_text,text,text_19,opensans,regular,6,39cov_els_20211228_170146_2676357950_600_800.png,/scratch/parceirosbr/bigoilict/share/BigOil/document_generator/datasets/documents_2021_12_28/39cov_els_20211228_170146_2676357950_600_800.png,39cov_els_20211228_170146_2676357950_600_800_mask.png,Devido  à  detecção  de  presença  indevida  de  metanol  tanto  em
106,4,212,8,314,682,526,690,314,682,526,682,526,690,314,690,sub_line_text,text,text_19,opensans,regular,6,39cov_els_20211228_170146_2676357950_600_800.png,/scratch/parceirosbr/bigoilict/share/BigOil/document_generator/datasets/documents_2021_12_28/39cov_els_20211228_170146_2676357950_600_800.png,39cov_els_20211228_170146_2676357950_600_800_mask.png,"quanto em gasolina, o desenvolveu metodologia analítica para determin."
113,10,226,20,314,670,540,690,314,670,540,670,540,690,314,690,text,text,text_19,opensans,regular,6,39cov_els_20211228_170146_2676357950_600_800.png,/scratch/parceirosbr/bigoilict/share/BigOil/document_generator/datasets/documents_2021_12_28/39cov_els_20211228_170146_2676357950_600_800.png,39cov_els_20211228_170146_2676357950_600_800_mask.png,nan
