center_x,center_y,width,height,xmin,ymin,xmax,ymax,top_left_x,top_left_y,top_right_x,top_right_y,bottom_right_x,bottom_right_y,bottom_left_x,bottom_left_y,label,grouplabel,group,text_font,text_style,size_font,filename,path,filename_mask,content
300,400,600,800,0,0,600,800,0,0,600,0,600,800,0,800,document,,,,,,39cov_els_20211228_170146_1612944089_600_800.png,/scratch/parceirosbr/bigoilict/share/BigOil/document_generator/datasets/documents_2021_12_28/39cov_els_20211228_170146_1612944089_600_800.png,39cov_els_20211228_170146_1612944089_600_800_mask.png,
39,3,79,7,225,98,304,105,225,98,304,98,304,105,225,105,sub_line_text,header,header_1,arial,regular,6,39cov_els_20211228_170146_1612944089_600_800.png,/scratch/parceirosbr/bigoilict/share/BigOil/document_generator/datasets/documents_2021_12_28/39cov_els_20211228_170146_1612944089_600_800.png,39cov_els_20211228_170146_1612944089_600_800_mask.png,The rolling test was carried out
39,3,79,7,225,98,304,105,225,98,304,98,304,105,225,105,text,header,header_1,arial,regular,6,39cov_els_20211228_170146_1612944089_600_800.png,/scratch/parceirosbr/bigoilict/share/BigOil/document_generator/datasets/documents_2021_12_28/39cov_els_20211228_170146_1612944089_600_800.png,39cov_els_20211228_170146_1612944089_600_800_mask.png,nan
190,1,380,2,75,112,455,114,75,112,455,112,455,114,75,114,line,line,line,,,,39cov_els_20211228_170146_1612944089_600_800.png,/scratch/parceirosbr/bigoilict/share/BigOil/document_generator/datasets/documents_2021_12_28/39cov_els_20211228_170146_1612944089_600_800.png,39cov_els_20211228_170146_1612944089_600_800_mask.png,nan
28,5,56,11,75,120,131,131,75,120,131,120,131,131,75,131,image,image,image,,,,39cov_els_20211228_170146_1612944089_600_800.png,/scratch/parceirosbr/bigoilict/share/BigOil/document_generator/datasets/documents_2021_12_28/39cov_els_20211228_170146_1612944089_600_800.png,39cov_els_20211228_170146_1612944089_600_800_mask.png,/scratch/parceirosbr/bigoilict/share/BigOil/document_generator/files_images_document_generator/logos\image_1401.jpg
28,10,56,20,398,120,454,140,398,120,454,120,454,140,398,140,image,image,image,,,,39cov_els_20211228_170146_1612944089_600_800.png,/scratch/parceirosbr/bigoilict/share/BigOil/document_generator/datasets/documents_2021_12_28/39cov_els_20211228_170146_1612944089_600_800.png,39cov_els_20211228_170146_1612944089_600_800_mask.png,/scratch/parceirosbr/bigoilict/share/BigOil/document_generator/files_images_document_generator/logos\image_83.jpg
71,3,143,7,193,120,336,127,193,120,336,120,336,127,193,127,sub_line_text,header,header_1,arial,regular,6,39cov_els_20211228_170146_1612944089_600_800.png,/scratch/parceirosbr/bigoilict/share/BigOil/document_generator/datasets/documents_2021_12_28/39cov_els_20211228_170146_1612944089_600_800.png,39cov_els_20211228_170146_1612944089_600_800_mask.png,"Adicionalmente, o fornece as séries temporais de todas"
71,3,143,7,193,120,336,127,193,120,336,120,336,127,193,127,text,header,header_1,arial,regular,6,39cov_els_20211228_170146_1612944089_600_800.png,/scratch/parceirosbr/bigoilict/share/BigOil/document_generator/datasets/documents_2021_12_28/39cov_els_20211228_170146_1612944089_600_800.png,39cov_els_20211228_170146_1612944089_600_800_mask.png,nan
46,6,93,13,218,127,311,140,218,127,311,127,311,140,218,140,sub_line_text,header,header_1,arial,bold,12,39cov_els_20211228_170146_1612944089_600_800.png,/scratch/parceirosbr/bigoilict/share/BigOil/document_generator/datasets/documents_2021_12_28/39cov_els_20211228_170146_1612944089_600_800.png,39cov_els_20211228_170146_1612944089_600_800_mask.png,"Thus, use buoys"
46,6,93,13,218,127,311,140,218,127,311,127,311,140,218,140,text,header,header_1,arial,bold,12,39cov_els_20211228_170146_1612944089_600_800.png,/scratch/parceirosbr/bigoilict/share/BigOil/document_generator/datasets/documents_2021_12_28/39cov_els_20211228_170146_1612944089_600_800.png,39cov_els_20211228_170146_1612944089_600_800_mask.png,nan
77,3,155,7,187,140,342,147,187,140,342,140,342,147,187,147,sub_line_text,header,header_1,arial,regular,6,39cov_els_20211228_170146_1612944089_600_800.png,/scratch/parceirosbr/bigoilict/share/BigOil/document_generator/datasets/documents_2021_12_28/39cov_els_20211228_170146_1612944089_600_800.png,39cov_els_20211228_170146_1612944089_600_800_mask.png,"Then, the extension was published in the newspapers and on"
77,3,155,7,187,140,342,147,187,140,342,140,342,147,187,147,text,header,header_1,arial,regular,6,39cov_els_20211228_170146_1612944089_600_800.png,/scratch/parceirosbr/bigoilict/share/BigOil/document_generator/datasets/documents_2021_12_28/39cov_els_20211228_170146_1612944089_600_800.png,39cov_els_20211228_170146_1612944089_600_800_mask.png,nan
190,1,380,2,75,154,455,156,75,154,455,154,455,156,75,156,line,line,line,,,,39cov_els_20211228_170146_1612944089_600_800.png,/scratch/parceirosbr/bigoilict/share/BigOil/document_generator/datasets/documents_2021_12_28/39cov_els_20211228_170146_1612944089_600_800.png,39cov_els_20211228_170146_1612944089_600_800_mask.png,nan
38,3,76,7,378,662,454,669,378,662,454,662,454,669,378,669,sub_line_text,footer,footer_1,arial,regular,6,39cov_els_20211228_170146_1612944089_600_800.png,/scratch/parceirosbr/bigoilict/share/BigOil/document_generator/datasets/documents_2021_12_28/39cov_els_20211228_170146_1612944089_600_800.png,39cov_els_20211228_170146_1612944089_600_800_mask.png,"Assim, mesmo localizada em"
38,3,76,7,378,662,454,669,378,662,454,662,454,669,378,669,text,footer,footer_1,arial,regular,6,39cov_els_20211228_170146_1612944089_600_800.png,/scratch/parceirosbr/bigoilict/share/BigOil/document_generator/datasets/documents_2021_12_28/39cov_els_20211228_170146_1612944089_600_800.png,39cov_els_20211228_170146_1612944089_600_800_mask.png,nan
25,3,50,7,404,669,454,676,404,669,454,669,454,676,404,676,sub_line_text,footer,footer_1,arial,regular,6,39cov_els_20211228_170146_1612944089_600_800.png,/scratch/parceirosbr/bigoilict/share/BigOil/document_generator/datasets/documents_2021_12_28/39cov_els_20211228_170146_1612944089_600_800.png,39cov_els_20211228_170146_1612944089_600_800_mask.png,A pesquisa de et al
25,3,50,7,404,669,454,676,404,669,454,669,454,676,404,676,text,footer,footer_1,arial,regular,6,39cov_els_20211228_170146_1612944089_600_800.png,/scratch/parceirosbr/bigoilict/share/BigOil/document_generator/datasets/documents_2021_12_28/39cov_els_20211228_170146_1612944089_600_800.png,39cov_els_20211228_170146_1612944089_600_800_mask.png,nan
137,6,274,13,75,164,349,177,75,164,349,164,349,177,75,177,sub_line_text,title,title_0,arial,bold,12,39cov_els_20211228_170146_1612944089_600_800.png,/scratch/parceirosbr/bigoilict/share/BigOil/document_generator/datasets/documents_2021_12_28/39cov_els_20211228_170146_1612944089_600_800.png,39cov_els_20211228_170146_1612944089_600_800_mask.png,Agitador mistura deixada durante minutos 8000.
29,6,59,13,75,178,134,191,75,178,134,178,134,191,75,191,sub_line_text,title,title_0,arial,bold,12,39cov_els_20211228_170146_1612944089_600_800.png,/scratch/parceirosbr/bigoilict/share/BigOil/document_generator/datasets/documents_2021_12_28/39cov_els_20211228_170146_1612944089_600_800.png,39cov_els_20211228_170146_1612944089_600_800_mask.png,one works
137,13,274,27,75,164,349,191,75,164,349,164,349,191,75,191,title,title,title_0,arial,bold,12,39cov_els_20211228_170146_1612944089_600_800.png,/scratch/parceirosbr/bigoilict/share/BigOil/document_generator/datasets/documents_2021_12_28/39cov_els_20211228_170146_1612944089_600_800.png,39cov_els_20211228_170146_1612944089_600_800_mask.png,nan
130,6,260,12,75,202,335,214,75,202,335,202,335,214,75,214,sub_line_text,text,text_0,arial,bolditalic,10,39cov_els_20211228_170146_1612944089_600_800.png,/scratch/parceirosbr/bigoilict/share/BigOil/document_generator/datasets/documents_2021_12_28/39cov_els_20211228_170146_1612944089_600_800.png,39cov_els_20211228_170146_1612944089_600_800_mask.png,"J. James Tronaas, J. Joseph Rosales, L. Christopher"
14,6,29,12,75,221,104,233,75,221,104,221,104,233,75,233,sub_line_text,text,text_0,arial,bolditalic,10,39cov_els_20211228_170146_1612944089_600_800.png,/scratch/parceirosbr/bigoilict/share/BigOil/document_generator/datasets/documents_2021_12_28/39cov_els_20211228_170146_1612944089_600_800.png,39cov_els_20211228_170146_1612944089_600_800_mask.png,Lewis
130,15,260,31,75,202,335,233,75,202,335,202,335,233,75,233,text,text,text_0,arial,bolditalic,10,39cov_els_20211228_170146_1612944089_600_800.png,/scratch/parceirosbr/bigoilict/share/BigOil/document_generator/datasets/documents_2021_12_28/39cov_els_20211228_170146_1612944089_600_800.png,39cov_els_20211228_170146_1612944089_600_800_mask.png,nan
133,6,266,13,75,244,341,257,75,244,341,244,341,257,75,257,sub_line_text,text,text_1,arial,italic,12,39cov_els_20211228_170146_1612944089_600_800.png,/scratch/parceirosbr/bigoilict/share/BigOil/document_generator/datasets/documents_2021_12_28/39cov_els_20211228_170146_1612944089_600_800.png,39cov_els_20211228_170146_1612944089_600_800_mask.png,Das conseqüências captura órgão regulador fato
26,6,52,13,75,258,127,271,75,258,127,258,127,271,75,271,sub_line_text,text,text_1,arial,italic,12,39cov_els_20211228_170146_1612944089_600_800.png,/scratch/parceirosbr/bigoilict/share/BigOil/document_generator/datasets/documents_2021_12_28/39cov_els_20211228_170146_1612944089_600_800.png,39cov_els_20211228_170146_1612944089_600_800_mask.png,que pode
133,13,266,27,75,244,341,271,75,244,341,244,341,271,75,271,text,text,text_1,arial,italic,12,39cov_els_20211228_170146_1612944089_600_800.png,/scratch/parceirosbr/bigoilict/share/BigOil/document_generator/datasets/documents_2021_12_28/39cov_els_20211228_170146_1612944089_600_800.png,39cov_els_20211228_170146_1612944089_600_800_mask.png,nan
40,8,80,16,372,169,452,185,372,169,452,169,452,185,372,185,image,image,image,,,,39cov_els_20211228_170146_1612944089_600_800.png,/scratch/parceirosbr/bigoilict/share/BigOil/document_generator/datasets/documents_2021_12_28/39cov_els_20211228_170146_1612944089_600_800.png,39cov_els_20211228_170146_1612944089_600_800_mask.png,/scratch/parceirosbr/bigoilict/share/BigOil/document_generator/files_images_document_generator/logos\image_94.jpg
41,5,83,10,75,282,158,292,75,282,158,282,158,292,75,292,sub_line_text,subsubtitle,subsubtitle_0,arial,regular,8,39cov_els_20211228_170146_1612944089_600_800.png,/scratch/parceirosbr/bigoilict/share/BigOil/document_generator/datasets/documents_2021_12_28/39cov_els_20211228_170146_1612944089_600_800.png,39cov_els_20211228_170146_1612944089_600_800_mask.png,"Contudo, como de praxe"
41,5,83,10,75,282,158,292,75,282,158,282,158,292,75,292,title,subsubtitle,subsubtitle_0,arial,regular,8,39cov_els_20211228_170146_1612944089_600_800.png,/scratch/parceirosbr/bigoilict/share/BigOil/document_generator/datasets/documents_2021_12_28/39cov_els_20211228_170146_1612944089_600_800.png,39cov_els_20211228_170146_1612944089_600_800_mask.png,nan
58,1,117,2,73,299,190,301,73,299,190,299,190,301,73,301,line,line,line,,,,39cov_els_20211228_170146_1612944089_600_800.png,/scratch/parceirosbr/bigoilict/share/BigOil/document_generator/datasets/documents_2021_12_28/39cov_els_20211228_170146_1612944089_600_800.png,39cov_els_20211228_170146_1612944089_600_800_mask.png,
15,3,31,7,75,307,106,314,75,307,106,307,106,314,75,314,sub_line_text,text,text_2,arial,regular,6,39cov_els_20211228_170146_1612944089_600_800.png,/scratch/parceirosbr/bigoilict/share/BigOil/document_generator/datasets/documents_2021_12_28/39cov_els_20211228_170146_1612944089_600_800.png,39cov_els_20211228_170146_1612944089_600_800_mask.png,"Hg2 +, and."
15,3,31,7,75,307,106,314,75,307,106,307,106,314,75,314,text,text,text_2,arial,regular,6,39cov_els_20211228_170146_1612944089_600_800.png,/scratch/parceirosbr/bigoilict/share/BigOil/document_generator/datasets/documents_2021_12_28/39cov_els_20211228_170146_1612944089_600_800.png,39cov_els_20211228_170146_1612944089_600_800_mask.png,nan
40,3,81,7,75,318,156,325,75,318,156,318,156,325,75,325,sub_line_text,text,text_3,arial,regular,6,39cov_els_20211228_170146_1612944089_600_800.png,/scratch/parceirosbr/bigoilict/share/BigOil/document_generator/datasets/documents_2021_12_28/39cov_els_20211228_170146_1612944089_600_800.png,39cov_els_20211228_170146_1612944089_600_800_mask.png,"Este método, que inclui etapas."
40,3,81,7,75,318,156,325,75,318,156,318,156,325,75,325,text,text,text_3,arial,regular,6,39cov_els_20211228_170146_1612944089_600_800.png,/scratch/parceirosbr/bigoilict/share/BigOil/document_generator/datasets/documents_2021_12_28/39cov_els_20211228_170146_1612944089_600_800.png,39cov_els_20211228_170146_1612944089_600_800_mask.png,nan
32,3,64,7,75,329,139,336,75,329,139,329,139,336,75,336,sub_line_text,text,text_4,arial,regular,6,39cov_els_20211228_170146_1612944089_600_800.png,/scratch/parceirosbr/bigoilict/share/BigOil/document_generator/datasets/documents_2021_12_28/39cov_els_20211228_170146_1612944089_600_800.png,39cov_els_20211228_170146_1612944089_600_800_mask.png,2 shows the progress of.
32,3,64,7,75,329,139,336,75,329,139,329,139,336,75,336,text,text,text_4,arial,regular,6,39cov_els_20211228_170146_1612944089_600_800.png,/scratch/parceirosbr/bigoilict/share/BigOil/document_generator/datasets/documents_2021_12_28/39cov_els_20211228_170146_1612944089_600_800.png,39cov_els_20211228_170146_1612944089_600_800_mask.png,nan
36,3,73,7,75,340,148,347,75,340,148,340,148,347,75,347,sub_line_text,text,text_5,arial,regular,6,39cov_els_20211228_170146_1612944089_600_800.png,/scratch/parceirosbr/bigoilict/share/BigOil/document_generator/datasets/documents_2021_12_28/39cov_els_20211228_170146_1612944089_600_800.png,39cov_els_20211228_170146_1612944089_600_800_mask.png,A estrutura do escoamento.
36,3,73,7,75,340,148,347,75,340,148,340,148,347,75,347,text,text,text_5,arial,regular,6,39cov_els_20211228_170146_1612944089_600_800.png,/scratch/parceirosbr/bigoilict/share/BigOil/document_generator/datasets/documents_2021_12_28/39cov_els_20211228_170146_1612944089_600_800.png,39cov_els_20211228_170146_1612944089_600_800_mask.png,nan
58,1,117,2,73,358,190,360,73,358,190,358,190,360,73,360,line,line,line,,,,39cov_els_20211228_170146_1612944089_600_800.png,/scratch/parceirosbr/bigoilict/share/BigOil/document_generator/datasets/documents_2021_12_28/39cov_els_20211228_170146_1612944089_600_800.png,39cov_els_20211228_170146_1612944089_600_800_mask.png,
12,3,24,7,75,366,99,373,75,366,99,366,99,373,75,373,sub_line_text,text,text_6,arial,regular,6,39cov_els_20211228_170146_1612944089_600_800.png,/scratch/parceirosbr/bigoilict/share/BigOil/document_generator/datasets/documents_2021_12_28/39cov_els_20211228_170146_1612944089_600_800.png,39cov_els_20211228_170146_1612944089_600_800_mask.png,Our goal.
12,3,24,7,75,366,99,373,75,366,99,366,99,373,75,373,text,text,text_6,arial,regular,6,39cov_els_20211228_170146_1612944089_600_800.png,/scratch/parceirosbr/bigoilict/share/BigOil/document_generator/datasets/documents_2021_12_28/39cov_els_20211228_170146_1612944089_600_800.png,39cov_els_20211228_170146_1612944089_600_800_mask.png,nan
13,3,26,7,75,377,101,384,75,377,101,377,101,384,75,384,sub_line_text,text,text_7,arial,regular,6,39cov_els_20211228_170146_1612944089_600_800.png,/scratch/parceirosbr/bigoilict/share/BigOil/document_generator/datasets/documents_2021_12_28/39cov_els_20211228_170146_1612944089_600_800.png,39cov_els_20211228_170146_1612944089_600_800_mask.png,A análise.
13,3,26,7,75,377,101,384,75,377,101,377,101,384,75,384,text,text,text_7,arial,regular,6,39cov_els_20211228_170146_1612944089_600_800.png,/scratch/parceirosbr/bigoilict/share/BigOil/document_generator/datasets/documents_2021_12_28/39cov_els_20211228_170146_1612944089_600_800.png,39cov_els_20211228_170146_1612944089_600_800_mask.png,nan
9,3,18,7,75,388,93,395,75,388,93,388,93,395,75,395,sub_line_text,text,text_8,arial,regular,6,39cov_els_20211228_170146_1612944089_600_800.png,/scratch/parceirosbr/bigoilict/share/BigOil/document_generator/datasets/documents_2021_12_28/39cov_els_20211228_170146_1612944089_600_800.png,39cov_els_20211228_170146_1612944089_600_800_mask.png,Supos.
9,3,18,7,75,388,93,395,75,388,93,388,93,395,75,395,text,text,text_8,arial,regular,6,39cov_els_20211228_170146_1612944089_600_800.png,/scratch/parceirosbr/bigoilict/share/BigOil/document_generator/datasets/documents_2021_12_28/39cov_els_20211228_170146_1612944089_600_800.png,39cov_els_20211228_170146_1612944089_600_800_mask.png,nan
14,3,28,7,75,399,103,406,75,399,103,399,103,406,75,406,sub_line_text,text,text_9,arial,regular,6,39cov_els_20211228_170146_1612944089_600_800.png,/scratch/parceirosbr/bigoilict/share/BigOil/document_generator/datasets/documents_2021_12_28/39cov_els_20211228_170146_1612944089_600_800.png,39cov_els_20211228_170146_1612944089_600_800_mask.png,"Then, two."
14,3,28,7,75,399,103,406,75,399,103,399,103,406,75,406,text,text,text_9,arial,regular,6,39cov_els_20211228_170146_1612944089_600_800.png,/scratch/parceirosbr/bigoilict/share/BigOil/document_generator/datasets/documents_2021_12_28/39cov_els_20211228_170146_1612944089_600_800.png,39cov_els_20211228_170146_1612944089_600_800_mask.png,nan
3,3,7,7,75,410,82,417,75,410,82,410,82,417,75,417,sub_line_text,text,text_10,arial,regular,6,39cov_els_20211228_170146_1612944089_600_800.png,/scratch/parceirosbr/bigoilict/share/BigOil/document_generator/datasets/documents_2021_12_28/39cov_els_20211228_170146_1612944089_600_800.png,39cov_els_20211228_170146_1612944089_600_800_mask.png,In.
3,3,7,7,75,410,82,417,75,410,82,410,82,417,75,417,text,text,text_10,arial,regular,6,39cov_els_20211228_170146_1612944089_600_800.png,/scratch/parceirosbr/bigoilict/share/BigOil/document_generator/datasets/documents_2021_12_28/39cov_els_20211228_170146_1612944089_600_800.png,39cov_els_20211228_170146_1612944089_600_800_mask.png,nan
19,3,39,7,75,421,114,428,75,421,114,421,114,428,75,428,sub_line_text,text,text_11,arial,regular,6,39cov_els_20211228_170146_1612944089_600_800.png,/scratch/parceirosbr/bigoilict/share/BigOil/document_generator/datasets/documents_2021_12_28/39cov_els_20211228_170146_1612944089_600_800.png,39cov_els_20211228_170146_1612944089_600_800_mask.png,A metodologia.
19,3,39,7,75,421,114,428,75,421,114,421,114,428,75,428,text,text,text_11,arial,regular,6,39cov_els_20211228_170146_1612944089_600_800.png,/scratch/parceirosbr/bigoilict/share/BigOil/document_generator/datasets/documents_2021_12_28/39cov_els_20211228_170146_1612944089_600_800.png,39cov_els_20211228_170146_1612944089_600_800_mask.png,nan
16,3,33,7,75,432,108,439,75,432,108,432,108,439,75,439,sub_line_text,text,text_12,arial,regular,6,39cov_els_20211228_170146_1612944089_600_800.png,/scratch/parceirosbr/bigoilict/share/BigOil/document_generator/datasets/documents_2021_12_28/39cov_els_20211228_170146_1612944089_600_800.png,39cov_els_20211228_170146_1612944089_600_800_mask.png,"Além disso,."
16,3,33,7,75,432,108,439,75,432,108,432,108,439,75,439,text,text,text_12,arial,regular,6,39cov_els_20211228_170146_1612944089_600_800.png,/scratch/parceirosbr/bigoilict/share/BigOil/document_generator/datasets/documents_2021_12_28/39cov_els_20211228_170146_1612944089_600_800.png,39cov_els_20211228_170146_1612944089_600_800_mask.png,nan
15,5,30,10,208,282,238,292,208,282,238,282,238,292,208,292,sub_line_text,subsubtitle,subsubtitle_1,arial,regular,8,39cov_els_20211228_170146_1612944089_600_800.png,/scratch/parceirosbr/bigoilict/share/BigOil/document_generator/datasets/documents_2021_12_28/39cov_els_20211228_170146_1612944089_600_800.png,39cov_els_20211228_170146_1612944089_600_800_mask.png,Abstract
15,5,30,10,208,282,238,292,208,282,238,282,238,292,208,292,title,subsubtitle,subsubtitle_1,arial,regular,8,39cov_els_20211228_170146_1612944089_600_800.png,/scratch/parceirosbr/bigoilict/share/BigOil/document_generator/datasets/documents_2021_12_28/39cov_els_20211228_170146_1612944089_600_800.png,39cov_els_20211228_170146_1612944089_600_800_mask.png,nan
125,1,250,2,206,299,456,301,206,299,456,299,456,301,206,301,line,line,line,,,,39cov_els_20211228_170146_1612944089_600_800.png,/scratch/parceirosbr/bigoilict/share/BigOil/document_generator/datasets/documents_2021_12_28/39cov_els_20211228_170146_1612944089_600_800.png,39cov_els_20211228_170146_1612944089_600_800_mask.png,
122,3,244,7,208,307,452,314,208,307,452,307,452,314,208,314,sub_line_text,text,text_13,arial,regular,6,39cov_els_20211228_170146_1612944089_600_800.png,/scratch/parceirosbr/bigoilict/share/BigOil/document_generator/datasets/documents_2021_12_28/39cov_els_20211228_170146_1612944089_600_800.png,39cov_els_20211228_170146_1612944089_600_800_mask.png,"In   a   recent  study,  et  al  investigated  the  phosphorus  distribution  of  particulate  matter"
122,3,244,7,208,318,452,325,208,318,452,318,452,325,208,325,sub_line_text,text,text_13,arial,regular,6,39cov_els_20211228_170146_1612944089_600_800.png,/scratch/parceirosbr/bigoilict/share/BigOil/document_generator/datasets/documents_2021_12_28/39cov_els_20211228_170146_1612944089_600_800.png,39cov_els_20211228_170146_1612944089_600_800_mask.png,from  different  ocean  regimes  and  came  to  the  conclusion  that  the  sediment  flow  is d-
122,3,244,7,208,329,452,336,208,329,452,329,452,336,208,336,sub_line_text,text,text_13,arial,regular,6,39cov_els_20211228_170146_1612944089_600_800.png,/scratch/parceirosbr/bigoilict/share/BigOil/document_generator/datasets/documents_2021_12_28/39cov_els_20211228_170146_1612944089_600_800.png,39cov_els_20211228_170146_1612944089_600_800_mask.png,"ominated   by   reactions  with  organic,  autigenic  and  a  portion  containing  the  one  assoc-"
122,3,244,7,208,340,452,347,208,340,452,340,452,347,208,347,sub_line_text,text,text_13,arial,regular,6,39cov_els_20211228_170146_1612944089_600_800.png,/scratch/parceirosbr/bigoilict/share/BigOil/document_generator/datasets/documents_2021_12_28/39cov_els_20211228_170146_1612944089_600_800.png,39cov_els_20211228_170146_1612944089_600_800_mask.png,iated   with  iron  oxides  and  hydroxides  .  The  molar  fraction  of  methane  in  the  solution
122,3,245,7,208,351,453,358,208,351,453,351,453,358,208,358,sub_line_text,text,text_13,arial,regular,6,39cov_els_20211228_170146_1612944089_600_800.png,/scratch/parceirosbr/bigoilict/share/BigOil/document_generator/datasets/documents_2021_12_28/39cov_els_20211228_170146_1612944089_600_800.png,39cov_els_20211228_170146_1612944089_600_800_mask.png,"(xlibrium  with  the  hydrate,  the  fraction  of  occupation  of  the  large  small  cavities  and  t-"
122,3,244,7,208,362,452,369,208,362,452,362,452,369,208,369,sub_line_text,text,text_13,arial,regular,6,39cov_els_20211228_170146_1612944089_600_800.png,/scratch/parceirosbr/bigoilict/share/BigOil/document_generator/datasets/documents_2021_12_28/39cov_els_20211228_170146_1612944089_600_800.png,39cov_els_20211228_170146_1612944089_600_800_mask.png,he   hydration   number   of   the   hydrate)   are  also  equi-presented.  Liquid-liquid  extraction
122,3,245,7,208,373,453,380,208,373,453,373,453,380,208,380,sub_line_text,text,text_13,arial,regular,6,39cov_els_20211228_170146_1612944089_600_800.png,/scratch/parceirosbr/bigoilict/share/BigOil/document_generator/datasets/documents_2021_12_28/39cov_els_20211228_170146_1612944089_600_800.png,39cov_els_20211228_170146_1612944089_600_800_mask.png,"systems,   with  the  salting-out  effect,  were  first  reported  in  1973,  in  which  the  format-"
105,3,211,7,208,384,419,391,208,384,419,384,419,391,208,391,sub_line_text,text,text_13,arial,regular,6,39cov_els_20211228_170146_1612944089_600_800.png,/scratch/parceirosbr/bigoilict/share/BigOil/document_generator/datasets/documents_2021_12_28/39cov_els_20211228_170146_1612944089_600_800.png,39cov_els_20211228_170146_1612944089_600_800_mask.png,ion of an upper phase rich in acetone and a lower phase rich in salt occurred when.
122,42,245,84,208,307,453,391,208,307,453,307,453,391,208,391,text,text,text_13,arial,regular,6,39cov_els_20211228_170146_1612944089_600_800.png,/scratch/parceirosbr/bigoilict/share/BigOil/document_generator/datasets/documents_2021_12_28/39cov_els_20211228_170146_1612944089_600_800.png,39cov_els_20211228_170146_1612944089_600_800_mask.png,nan
34,3,69,7,386,395,455,402,386,395,455,395,455,402,386,402,sub_line_text,text,text_14,arial,regular,6,39cov_els_20211228_170146_1612944089_600_800.png,/scratch/parceirosbr/bigoilict/share/BigOil/document_generator/datasets/documents_2021_12_28/39cov_els_20211228_170146_1612944089_600_800.png,39cov_els_20211228_170146_1612944089_600_800_mask.png,"Assim, foi possível definir."
34,3,69,7,386,395,455,402,386,395,455,395,455,402,386,402,text,text,text_14,arial,regular,6,39cov_els_20211228_170146_1612944089_600_800.png,/scratch/parceirosbr/bigoilict/share/BigOil/document_generator/datasets/documents_2021_12_28/39cov_els_20211228_170146_1612944089_600_800.png,39cov_els_20211228_170146_1612944089_600_800_mask.png,nan
191,1,382,2,73,450,455,452,73,450,455,450,455,452,73,452,line,line,line,,,,39cov_els_20211228_170146_1612944089_600_800.png,/scratch/parceirosbr/bigoilict/share/BigOil/document_generator/datasets/documents_2021_12_28/39cov_els_20211228_170146_1612944089_600_800.png,39cov_els_20211228_170146_1612944089_600_800_mask.png,
31,3,62,6,75,648,137,654,75,648,137,648,137,654,75,654,sub_line_text,text,text_15,arial,regular,5,39cov_els_20211228_170146_1612944089_600_800.png,/scratch/parceirosbr/bigoilict/share/BigOil/document_generator/datasets/documents_2021_12_28/39cov_els_20211228_170146_1612944089_600_800.png,39cov_els_20211228_170146_1612944089_600_800_mask.png,A capacidade de remoção.
31,3,62,6,75,648,137,654,75,648,137,648,137,654,75,654,text,text,text_15,arial,regular,5,39cov_els_20211228_170146_1612944089_600_800.png,/scratch/parceirosbr/bigoilict/share/BigOil/document_generator/datasets/documents_2021_12_28/39cov_els_20211228_170146_1612944089_600_800.png,39cov_els_20211228_170146_1612944089_600_800_mask.png,nan
24,3,48,6,75,642,123,648,75,642,123,642,123,648,75,648,sub_line_text,text,text_16,arial,regular,5,39cov_els_20211228_170146_1612944089_600_800.png,/scratch/parceirosbr/bigoilict/share/BigOil/document_generator/datasets/documents_2021_12_28/39cov_els_20211228_170146_1612944089_600_800.png,39cov_els_20211228_170146_1612944089_600_800_mask.png,*    Esta normalmente.
24,3,48,6,75,642,123,648,75,642,123,642,123,648,75,648,text,text,text_16,arial,regular,5,39cov_els_20211228_170146_1612944089_600_800.png,/scratch/parceirosbr/bigoilict/share/BigOil/document_generator/datasets/documents_2021_12_28/39cov_els_20211228_170146_1612944089_600_800.png,39cov_els_20211228_170146_1612944089_600_800_mask.png,nan
20,1,40,2,73,632,113,634,73,632,113,632,113,634,73,634,line,line,line,,,,39cov_els_20211228_170146_1612944089_600_800.png,/scratch/parceirosbr/bigoilict/share/BigOil/document_generator/datasets/documents_2021_12_28/39cov_els_20211228_170146_1612944089_600_800.png,39cov_els_20211228_170146_1612944089_600_800_mask.png,
78,6,157,12,75,463,232,475,75,463,232,463,232,475,75,475,sub_line_text,subtitle,subtitle_0,arial,bolditalic,10,39cov_els_20211228_170146_1612944089_600_800.png,/scratch/parceirosbr/bigoilict/share/BigOil/document_generator/datasets/documents_2021_12_28/39cov_els_20211228_170146_1612944089_600_800.png,39cov_els_20211228_170146_1612944089_600_800_mask.png,Centimetric metric interleavings
20,6,41,12,75,482,116,494,75,482,116,482,116,494,75,494,sub_line_text,subtitle,subtitle_0,arial,bolditalic,10,39cov_els_20211228_170146_1612944089_600_800.png,/scratch/parceirosbr/bigoilict/share/BigOil/document_generator/datasets/documents_2021_12_28/39cov_els_20211228_170146_1612944089_600_800.png,39cov_els_20211228_170146_1612944089_600_800_mask.png,between
78,15,157,31,75,463,232,494,75,463,232,463,232,494,75,494,title,subtitle,subtitle_0,arial,bolditalic,10,39cov_els_20211228_170146_1612944089_600_800.png,/scratch/parceirosbr/bigoilict/share/BigOil/document_generator/datasets/documents_2021_12_28/39cov_els_20211228_170146_1612944089_600_800.png,39cov_els_20211228_170146_1612944089_600_800_mask.png,nan
74,3,148,7,105,499,253,506,105,499,253,499,253,506,105,506,sub_line_text,text,text_17,arial,regular,6,39cov_els_20211228_170146_1612944089_600_800.png,/scratch/parceirosbr/bigoilict/share/BigOil/document_generator/datasets/documents_2021_12_28/39cov_els_20211228_170146_1612944089_600_800.png,39cov_els_20211228_170146_1612944089_600_800_mask.png,Confirmou   a   expectativa  de  investimento  de  108  b-
88,3,177,7,75,510,252,517,75,510,252,510,252,517,75,517,sub_line_text,text,text_17,arial,regular,6,39cov_els_20211228_170146_1612944089_600_800.png,/scratch/parceirosbr/bigoilict/share/BigOil/document_generator/datasets/documents_2021_12_28/39cov_els_20211228_170146_1612944089_600_800.png,39cov_els_20211228_170146_1612944089_600_800_mask.png,"ilhões   até   2018   e  lembrou  que,  em  2013,  o  sucesso  explor-"
88,3,177,7,75,521,252,528,75,521,252,521,252,528,75,528,sub_line_text,text,text_17,arial,regular,6,39cov_els_20211228_170146_1612944089_600_800.png,/scratch/parceirosbr/bigoilict/share/BigOil/document_generator/datasets/documents_2021_12_28/39cov_els_20211228_170146_1612944089_600_800.png,39cov_els_20211228_170146_1612944089_600_800_mask.png,atório  no  pré-sal  foi  de  100%.  Zhang  et  al.  (2003a)  and  et  al
88,3,177,7,75,532,252,539,75,532,252,532,252,539,75,539,sub_line_text,text,text_17,arial,regular,6,39cov_els_20211228_170146_1612944089_600_800.png,/scratch/parceirosbr/bigoilict/share/BigOil/document_generator/datasets/documents_2021_12_28/39cov_els_20211228_170146_1612944089_600_800.png,39cov_els_20211228_170146_1612944089_600_800_mask.png,use  in  their  work  the  recycling  of  methanol  obtained  in  what is
89,3,178,7,75,543,253,550,75,543,253,543,253,550,75,550,sub_line_text,text,text_17,arial,regular,6,39cov_els_20211228_170146_1612944089_600_800.png,/scratch/parceirosbr/bigoilict/share/BigOil/document_generator/datasets/documents_2021_12_28/39cov_els_20211228_170146_1612944089_600_800.png,39cov_els_20211228_170146_1612944089_600_800_mask.png,equivalent   to   the   current   117-A   for  the  esterification  reacto-
89,3,178,7,75,554,253,561,75,554,253,554,253,561,75,561,sub_line_text,text,text_17,arial,regular,6,39cov_els_20211228_170146_1612944089_600_800.png,/scratch/parceirosbr/bigoilict/share/BigOil/document_generator/datasets/documents_2021_12_28/39cov_els_20211228_170146_1612944089_600_800.png,39cov_els_20211228_170146_1612944089_600_800_mask.png,r.   Uma   alíquota   de   300  L  da  camada  orgânica  foi  colocada
89,3,178,7,75,565,253,572,75,565,253,565,253,572,75,572,sub_line_text,text,text_17,arial,regular,6,39cov_els_20211228_170146_1612944089_600_800.png,/scratch/parceirosbr/bigoilict/share/BigOil/document_generator/datasets/documents_2021_12_28/39cov_els_20211228_170146_1612944089_600_800.png,39cov_els_20211228_170146_1612944089_600_800_mask.png,"em   tubos   de   microcentrífuga   e   seca   por   evaporação,  obt-"
79,3,158,7,75,576,233,583,75,576,233,576,233,583,75,583,sub_line_text,text,text_17,arial,regular,6,39cov_els_20211228_170146_1612944089_600_800.png,/scratch/parceirosbr/bigoilict/share/BigOil/document_generator/datasets/documents_2021_12_28/39cov_els_20211228_170146_1612944089_600_800.png,39cov_els_20211228_170146_1612944089_600_800_mask.png,"endo-se assim os (Christie, 1989, adaptado). Unidade de: ins."
89,42,178,84,75,499,253,583,75,499,253,499,253,583,75,583,text,text,text_17,arial,regular,6,39cov_els_20211228_170146_1612944089_600_800.png,/scratch/parceirosbr/bigoilict/share/BigOil/document_generator/datasets/documents_2021_12_28/39cov_els_20211228_170146_1612944089_600_800.png,39cov_els_20211228_170146_1612944089_600_800_mask.png,nan
74,3,148,7,105,588,253,595,105,588,253,588,253,595,105,595,sub_line_text,text,text_18,arial,regular,6,39cov_els_20211228_170146_1612944089_600_800.png,/scratch/parceirosbr/bigoilict/share/BigOil/document_generator/datasets/documents_2021_12_28/39cov_els_20211228_170146_1612944089_600_800.png,39cov_els_20211228_170146_1612944089_600_800_mask.png,It  should  also  be  noted  that  the  restrictions  for  the
79,3,158,7,75,599,233,606,75,599,233,599,233,606,75,606,sub_line_text,text,text_18,arial,regular,6,39cov_els_20211228_170146_1612944089_600_800.png,/scratch/parceirosbr/bigoilict/share/BigOil/document_generator/datasets/documents_2021_12_28/39cov_els_20211228_170146_1612944089_600_800.png,39cov_els_20211228_170146_1612944089_600_800_mask.png,movement of natural gas within the limits of the have been el.
89,9,178,18,75,588,253,606,75,588,253,588,253,606,75,606,text,text,text_18,arial,regular,6,39cov_els_20211228_170146_1612944089_600_800.png,/scratch/parceirosbr/bigoilict/share/BigOil/document_generator/datasets/documents_2021_12_28/39cov_els_20211228_170146_1612944089_600_800.png,39cov_els_20211228_170146_1612944089_600_800_mask.png,nan
73,3,147,7,304,463,451,470,304,463,451,463,451,470,304,470,sub_line_text,text,text_19,arial,regular,6,39cov_els_20211228_170146_1612944089_600_800.png,/scratch/parceirosbr/bigoilict/share/BigOil/document_generator/datasets/documents_2021_12_28/39cov_els_20211228_170146_1612944089_600_800.png,39cov_els_20211228_170146_1612944089_600_800_mask.png,"Nevertheless,    the   growth   of   American   production"
88,3,177,7,274,474,451,481,274,474,451,474,451,481,274,481,sub_line_text,text,text_19,arial,regular,6,39cov_els_20211228_170146_1612944089_600_800.png,/scratch/parceirosbr/bigoilict/share/BigOil/document_generator/datasets/documents_2021_12_28/39cov_els_20211228_170146_1612944089_600_800.png,39cov_els_20211228_170146_1612944089_600_800_mask.png,is   basically  associated  with  the  growth  of  production  in  two  r-
88,3,177,7,274,485,451,492,274,485,451,485,451,492,274,492,sub_line_text,text,text_19,arial,regular,6,39cov_els_20211228_170146_1612944089_600_800.png,/scratch/parceirosbr/bigoilict/share/BigOil/document_generator/datasets/documents_2021_12_28/39cov_els_20211228_170146_1612944089_600_800.png,39cov_els_20211228_170146_1612944089_600_800_mask.png,egions:  and  as  shown  in.  Note  that  the  values  of  e (b) of gra-
89,3,178,7,274,496,452,503,274,496,452,496,452,503,274,503,sub_line_text,text,text_19,arial,regular,6,39cov_els_20211228_170146_1612944089_600_800.png,/scratch/parceirosbr/bigoilict/share/BigOil/document_generator/datasets/documents_2021_12_28/39cov_els_20211228_170146_1612944089_600_800.png,39cov_els_20211228_170146_1612944089_600_800_mask.png,ph   a   are   projected   onto  graph  b  (Figure  3.21)  to  determine
89,3,178,7,274,507,452,514,274,507,452,507,452,514,274,514,sub_line_text,text,text_19,arial,regular,6,39cov_els_20211228_170146_1612944089_600_800.png,/scratch/parceirosbr/bigoilict/share/BigOil/document_generator/datasets/documents_2021_12_28/39cov_els_20211228_170146_1612944089_600_800.png,39cov_els_20211228_170146_1612944089_600_800_mask.png,"the  values  of  vp  referring  to  e  (bl  1,  2,  n  as  well as the valu-"
89,3,178,7,274,518,452,525,274,518,452,518,452,525,274,525,sub_line_text,text,text_19,arial,regular,6,39cov_els_20211228_170146_1612944089_600_800.png,/scratch/parceirosbr/bigoilict/share/BigOil/document_generator/datasets/documents_2021_12_28/39cov_els_20211228_170146_1612944089_600_800.png,39cov_els_20211228_170146_1612944089_600_800_mask.png,es   of   e  (a)  they  were  also  designed  for  the  determination  of
89,3,178,7,274,529,452,536,274,529,452,529,452,536,274,536,sub_line_text,text,text_19,arial,regular,6,39cov_els_20211228_170146_1612944089_600_800.png,/scratch/parceirosbr/bigoilict/share/BigOil/document_generator/datasets/documents_2021_12_28/39cov_els_20211228_170146_1612944089_600_800.png,39cov_els_20211228_170146_1612944089_600_800_mask.png,"viscoplastic  stresses  related  to  e  (al  1,  2,  n).  Graph  5  of the"
88,3,177,7,274,540,451,547,274,540,451,540,451,547,274,547,sub_line_text,text,text_19,arial,regular,6,39cov_els_20211228_170146_1612944089_600_800.png,/scratch/parceirosbr/bigoilict/share/BigOil/document_generator/datasets/documents_2021_12_28/39cov_els_20211228_170146_1612944089_600_800.png,39cov_els_20211228_170146_1612944089_600_800_mask.png,gasoline   distribution   market   from   2009  to  2013  96.  Fluid  gr-
78,3,156,7,274,551,430,558,274,551,430,551,430,558,274,558,sub_line_text,text,text_19,arial,regular,6,39cov_els_20211228_170146_1612944089_600_800.png,/scratch/parceirosbr/bigoilict/share/BigOil/document_generator/datasets/documents_2021_12_28/39cov_els_20211228_170146_1612944089_600_800.png,39cov_els_20211228_170146_1612944089_600_800_mask.png,"ease thickened by the addition of other agents, forming a co."
89,47,178,95,274,463,452,558,274,463,452,463,452,558,274,558,text,text,text_19,arial,regular,6,39cov_els_20211228_170146_1612944089_600_800.png,/scratch/parceirosbr/bigoilict/share/BigOil/document_generator/datasets/documents_2021_12_28/39cov_els_20211228_170146_1612944089_600_800.png,39cov_els_20211228_170146_1612944089_600_800_mask.png,nan
74,3,148,7,304,563,452,570,304,563,452,563,452,570,304,570,sub_line_text,text,text_20,arial,regular,6,39cov_els_20211228_170146_1612944089_600_800.png,/scratch/parceirosbr/bigoilict/share/BigOil/document_generator/datasets/documents_2021_12_28/39cov_els_20211228_170146_1612944089_600_800.png,39cov_els_20211228_170146_1612944089_600_800_mask.png,Conforme   pode   ser   visto   ao  longo  do  presente  t-
88,3,177,7,274,574,451,581,274,574,451,574,451,581,274,581,sub_line_text,text,text_20,arial,regular,6,39cov_els_20211228_170146_1612944089_600_800.png,/scratch/parceirosbr/bigoilict/share/BigOil/document_generator/datasets/documents_2021_12_28/39cov_els_20211228_170146_1612944089_600_800.png,39cov_els_20211228_170146_1612944089_600_800_mask.png,"exto,   a  tem  investido  bastante  na  adoção  de  políticas  que  p-"
88,3,177,7,274,585,451,592,274,585,451,585,451,592,274,592,sub_line_text,text,text_20,arial,regular,6,39cov_els_20211228_170146_1612944089_600_800.png,/scratch/parceirosbr/bigoilict/share/BigOil/document_generator/datasets/documents_2021_12_28/39cov_els_20211228_170146_1612944089_600_800.png,39cov_els_20211228_170146_1612944089_600_800_mask.png,romovam   a   redução   do  consumo  de  energia  no  segmento  r-
89,3,178,7,274,596,452,603,274,596,452,596,452,603,274,603,sub_line_text,text,text_20,arial,regular,6,39cov_els_20211228_170146_1612944089_600_800.png,/scratch/parceirosbr/bigoilict/share/BigOil/document_generator/datasets/documents_2021_12_28/39cov_els_20211228_170146_1612944089_600_800.png,39cov_els_20211228_170146_1612944089_600_800_mask.png,"odoviário    do   setor   de   transportes,   entretanto,   muito   ainda"
89,3,178,7,274,607,452,614,274,607,452,607,452,614,274,614,sub_line_text,text,text_20,arial,regular,6,39cov_els_20211228_170146_1612944089_600_800.png,/scratch/parceirosbr/bigoilict/share/BigOil/document_generator/datasets/documents_2021_12_28/39cov_els_20211228_170146_1612944089_600_800.png,39cov_els_20211228_170146_1612944089_600_800_mask.png,precisa   ser   feito.   Antibiotic   (25   lg/mLchloramphenicol   or   30
80,3,160,7,274,618,434,625,274,618,434,618,434,625,274,625,sub_line_text,text,text_20,arial,regular,6,39cov_els_20211228_170146_1612944089_600_800.png,/scratch/parceirosbr/bigoilict/share/BigOil/document_generator/datasets/documents_2021_12_28/39cov_els_20211228_170146_1612944089_600_800.png,39cov_els_20211228_170146_1612944089_600_800_mask.png,lg/mL thiamphenicol) was added to thesterile medium in culturi.
89,31,178,62,274,563,452,625,274,563,452,563,452,625,274,625,text,text,text_20,arial,regular,6,39cov_els_20211228_170146_1612944089_600_800.png,/scratch/parceirosbr/bigoilict/share/BigOil/document_generator/datasets/documents_2021_12_28/39cov_els_20211228_170146_1612944089_600_800.png,39cov_els_20211228_170146_1612944089_600_800_mask.png,nan
63,3,126,7,304,630,430,637,304,630,430,630,430,637,304,637,sub_line_text,text,text_21,arial,regular,6,39cov_els_20211228_170146_1612944089_600_800.png,/scratch/parceirosbr/bigoilict/share/BigOil/document_generator/datasets/documents_2021_12_28/39cov_els_20211228_170146_1612944089_600_800.png,39cov_els_20211228_170146_1612944089_600_800_mask.png,A 38 apresenta as cargas térmicas dos permut-.
63,3,126,7,304,630,430,637,304,630,430,630,430,637,304,637,text,text,text_21,arial,regular,6,39cov_els_20211228_170146_1612944089_600_800.png,/scratch/parceirosbr/bigoilict/share/BigOil/document_generator/datasets/documents_2021_12_28/39cov_els_20211228_170146_1612944089_600_800.png,39cov_els_20211228_170146_1612944089_600_800_mask.png,nan
