center_x,center_y,width,height,xmin,ymin,xmax,ymax,top_left_x,top_left_y,top_right_x,top_right_y,bottom_right_x,bottom_right_y,bottom_left_x,bottom_left_y,label,grouplabel,group,text_font,text_style,size_font,filename,path,filename_mask,content
300,400,600,800,0,0,600,800,0,0,600,0,600,800,0,800,document,,,,,,39cov_els_20211228_170152_2013425132_600_800.png,/scratch/parceirosbr/bigoilict/share/BigOil/document_generator/datasets/documents_2021_12_28/39cov_els_20211228_170152_2013425132_600_800.png,39cov_els_20211228_170152_2013425132_600_800_mask.png,
65,4,130,8,230,40,360,48,230,40,360,40,360,48,230,48,sub_line_text,header,header_1,roboto,regular,7,39cov_els_20211228_170152_2013425132_600_800.png,/scratch/parceirosbr/bigoilict/share/BigOil/document_generator/datasets/documents_2021_12_28/39cov_els_20211228_170152_2013425132_600_800.png,39cov_els_20211228_170152_2013425132_600_800_mask.png,Portaria n098/01. introduziu apenas uma
65,4,130,8,230,40,360,48,230,40,360,40,360,48,230,48,text,header,header_1,roboto,regular,7,39cov_els_20211228_170152_2013425132_600_800.png,/scratch/parceirosbr/bigoilict/share/BigOil/document_generator/datasets/documents_2021_12_28/39cov_els_20211228_170152_2013425132_600_800.png,39cov_els_20211228_170152_2013425132_600_800_mask.png,nan
225,1,450,2,71,55,521,57,71,55,521,55,521,57,71,57,line,line,line,,,,39cov_els_20211228_170152_2013425132_600_800.png,/scratch/parceirosbr/bigoilict/share/BigOil/document_generator/datasets/documents_2021_12_28/39cov_els_20211228_170152_2013425132_600_800.png,39cov_els_20211228_170152_2013425132_600_800_mask.png,nan
9,16,19,32,95,63,114,95,95,63,114,63,114,95,95,95,image,image,image,,,,39cov_els_20211228_170152_2013425132_600_800.png,/scratch/parceirosbr/bigoilict/share/BigOil/document_generator/datasets/documents_2021_12_28/39cov_els_20211228_170152_2013425132_600_800.png,39cov_els_20211228_170152_2013425132_600_800_mask.png,/scratch/parceirosbr/bigoilict/share/BigOil/document_generator/files_images_document_generator/logos\image_5405.jpg
19,16,38,32,467,63,505,95,467,63,505,63,505,95,467,95,image,image,image,,,,39cov_els_20211228_170152_2013425132_600_800.png,/scratch/parceirosbr/bigoilict/share/BigOil/document_generator/datasets/documents_2021_12_28/39cov_els_20211228_170152_2013425132_600_800.png,39cov_els_20211228_170152_2013425132_600_800_mask.png,/scratch/parceirosbr/bigoilict/share/BigOil/document_generator/files_images_document_generator/logos\image_1228.jpg
49,4,99,8,245,63,344,71,245,63,344,63,344,71,245,71,sub_line_text,header,header_1,roboto,regular,7,39cov_els_20211228_170152_2013425132_600_800.png,/scratch/parceirosbr/bigoilict/share/BigOil/document_generator/datasets/documents_2021_12_28/39cov_els_20211228_170152_2013425132_600_800.png,39cov_els_20211228_170152_2013425132_600_800_mask.png,Então eu não avalio que hoje o
49,4,99,8,245,63,344,71,245,63,344,63,344,71,245,71,text,header,header_1,roboto,regular,7,39cov_els_20211228_170152_2013425132_600_800.png,/scratch/parceirosbr/bigoilict/share/BigOil/document_generator/datasets/documents_2021_12_28/39cov_els_20211228_170152_2013425132_600_800.png,39cov_els_20211228_170152_2013425132_600_800_mask.png,nan
81,8,163,16,213,71,376,87,213,71,376,71,376,87,213,87,sub_line_text,header,header_1,roboto,bold,14,39cov_els_20211228_170152_2013425132_600_800.png,/scratch/parceirosbr/bigoilict/share/BigOil/document_generator/datasets/documents_2021_12_28/39cov_els_20211228_170152_2013425132_600_800.png,39cov_els_20211228_170152_2013425132_600_800_mask.png,Esperava-se ao aumentar
81,8,163,16,213,71,376,87,213,71,376,71,376,87,213,87,text,header,header_1,roboto,bold,14,39cov_els_20211228_170152_2013425132_600_800.png,/scratch/parceirosbr/bigoilict/share/BigOil/document_generator/datasets/documents_2021_12_28/39cov_els_20211228_170152_2013425132_600_800.png,39cov_els_20211228_170152_2013425132_600_800_mask.png,nan
118,4,236,8,177,87,413,95,177,87,413,87,413,95,177,95,sub_line_text,header,header_1,roboto,regular,7,39cov_els_20211228_170152_2013425132_600_800.png,/scratch/parceirosbr/bigoilict/share/BigOil/document_generator/datasets/documents_2021_12_28/39cov_els_20211228_170152_2013425132_600_800.png,39cov_els_20211228_170152_2013425132_600_800_mask.png,"Desta forma, com base nos trabalhos anteriores, a evolução estratigráfica"
118,4,236,8,177,87,413,95,177,87,413,87,413,95,177,95,text,header,header_1,roboto,regular,7,39cov_els_20211228_170152_2013425132_600_800.png,/scratch/parceirosbr/bigoilict/share/BigOil/document_generator/datasets/documents_2021_12_28/39cov_els_20211228_170152_2013425132_600_800.png,39cov_els_20211228_170152_2013425132_600_800_mask.png,nan
225,1,450,2,71,102,521,104,71,102,521,102,521,104,71,104,line,line,line,,,,39cov_els_20211228_170152_2013425132_600_800.png,/scratch/parceirosbr/bigoilict/share/BigOil/document_generator/datasets/documents_2021_12_28/39cov_els_20211228_170152_2013425132_600_800.png,39cov_els_20211228_170152_2013425132_600_800_mask.png,nan
225,0,450,1,71,695,521,696,71,695,521,695,521,696,71,696,line,line,line,,,,39cov_els_20211228_170152_2013425132_600_800.png,/scratch/parceirosbr/bigoilict/share/BigOil/document_generator/datasets/documents_2021_12_28/39cov_els_20211228_170152_2013425132_600_800.png,39cov_els_20211228_170152_2013425132_600_800_mask.png,nan
77,4,154,8,71,697,225,705,71,697,225,697,225,705,71,705,sub_line_text,footer,footer_1,roboto,regular,7,39cov_els_20211228_170152_2013425132_600_800.png,/scratch/parceirosbr/bigoilict/share/BigOil/document_generator/datasets/documents_2021_12_28/39cov_els_20211228_170152_2013425132_600_800.png,39cov_els_20211228_170152_2013425132_600_800_mask.png,Estudos efetuados com diversos óleos vegetais
77,4,154,8,71,697,225,705,71,697,225,697,225,705,71,705,text,footer,footer_1,roboto,regular,7,39cov_els_20211228_170152_2013425132_600_800.png,/scratch/parceirosbr/bigoilict/share/BigOil/document_generator/datasets/documents_2021_12_28/39cov_els_20211228_170152_2013425132_600_800.png,39cov_els_20211228_170152_2013425132_600_800_mask.png,nan
62,4,124,8,71,705,195,713,71,705,195,705,195,713,71,713,sub_line_text,footer,footer_1,roboto,regular,7,39cov_els_20211228_170152_2013425132_600_800.png,/scratch/parceirosbr/bigoilict/share/BigOil/document_generator/datasets/documents_2021_12_28/39cov_els_20211228_170152_2013425132_600_800.png,39cov_els_20211228_170152_2013425132_600_800_mask.png,Inclui os fatores de turbulência e curto
62,4,124,8,71,705,195,713,71,705,195,705,195,713,71,713,text,footer,footer_1,roboto,regular,7,39cov_els_20211228_170152_2013425132_600_800.png,/scratch/parceirosbr/bigoilict/share/BigOil/document_generator/datasets/documents_2021_12_28/39cov_els_20211228_170152_2013425132_600_800.png,39cov_els_20211228_170152_2013425132_600_800_mask.png,nan
111,8,223,16,71,110,294,126,71,110,294,110,294,126,71,126,sub_line_text,title,title_0,roboto,bold,14,39cov_els_20211228_170152_2013425132_600_800.png,/scratch/parceirosbr/bigoilict/share/BigOil/document_generator/datasets/documents_2021_12_28/39cov_els_20211228_170152_2013425132_600_800.png,39cov_els_20211228_170152_2013425132_600_800_mask.png,"Palavras (2007, 562), superposição"
76,8,153,16,71,128,224,144,71,128,224,128,224,144,71,144,sub_line_text,title,title_0,roboto,bold,14,39cov_els_20211228_170152_2013425132_600_800.png,/scratch/parceirosbr/bigoilict/share/BigOil/document_generator/datasets/documents_2021_12_28/39cov_els_20211228_170152_2013425132_600_800.png,39cov_els_20211228_170152_2013425132_600_800_mask.png,competências tende ser
111,17,223,34,71,110,294,144,71,110,294,110,294,144,71,144,title,title,title_0,roboto,bold,14,39cov_els_20211228_170152_2013425132_600_800.png,/scratch/parceirosbr/bigoilict/share/BigOil/document_generator/datasets/documents_2021_12_28/39cov_els_20211228_170152_2013425132_600_800.png,39cov_els_20211228_170152_2013425132_600_800_mask.png,nan
163,7,326,14,71,152,397,166,71,152,397,152,397,166,71,166,sub_line_text,text,text_0,roboto,regular,12,39cov_els_20211228_170152_2013425132_600_800.png,/scratch/parceirosbr/bigoilict/share/BigOil/document_generator/datasets/documents_2021_12_28/39cov_els_20211228_170152_2013425132_600_800.png,39cov_els_20211228_170152_2013425132_600_800_mask.png,"E.  Russell  Redd, J. Dennis Crothers, E. Lisa Numbers, C. Lina"
18,7,37,14,71,174,108,188,71,174,108,174,108,188,71,188,sub_line_text,text,text_0,roboto,regular,12,39cov_els_20211228_170152_2013425132_600_800.png,/scratch/parceirosbr/bigoilict/share/BigOil/document_generator/datasets/documents_2021_12_28/39cov_els_20211228_170152_2013425132_600_800.png,39cov_els_20211228_170152_2013425132_600_800_mask.png,Patton
163,18,326,36,71,152,397,188,71,152,397,152,397,188,71,188,text,text,text_0,roboto,regular,12,39cov_els_20211228_170152_2013425132_600_800.png,/scratch/parceirosbr/bigoilict/share/BigOil/document_generator/datasets/documents_2021_12_28/39cov_els_20211228_170152_2013425132_600_800.png,39cov_els_20211228_170152_2013425132_600_800_mask.png,nan
153,8,306,17,71,196,377,213,71,196,377,196,377,213,71,213,sub_line_text,text,text_1,roboto,italic,14,39cov_els_20211228_170152_2013425132_600_800.png,/scratch/parceirosbr/bigoilict/share/BigOil/document_generator/datasets/documents_2021_12_28/39cov_els_20211228_170152_2013425132_600_800.png,39cov_els_20211228_170152_2013425132_600_800_mask.png,"Seguir, para cada conjunto imagens lado define-se"
126,8,253,17,71,215,324,232,71,215,324,215,324,232,71,232,sub_line_text,text,text_1,roboto,italic,14,39cov_els_20211228_170152_2013425132_600_800.png,/scratch/parceirosbr/bigoilict/share/BigOil/document_generator/datasets/documents_2021_12_28/39cov_els_20211228_170152_2013425132_600_800.png,39cov_els_20211228_170152_2013425132_600_800_mask.png,distribuição probabilidades pi(l). óleo soja
153,18,306,36,71,196,377,232,71,196,377,196,377,232,71,232,text,text,text_1,roboto,italic,14,39cov_els_20211228_170152_2013425132_600_800.png,/scratch/parceirosbr/bigoilict/share/BigOil/document_generator/datasets/documents_2021_12_28/39cov_els_20211228_170152_2013425132_600_800.png,39cov_els_20211228_170152_2013425132_600_800_mask.png,nan
47,22,94,44,428,114,522,158,428,114,522,114,522,158,428,158,image,image,image,,,,39cov_els_20211228_170152_2013425132_600_800.png,/scratch/parceirosbr/bigoilict/share/BigOil/document_generator/datasets/documents_2021_12_28/39cov_els_20211228_170152_2013425132_600_800.png,39cov_els_20211228_170152_2013425132_600_800_mask.png,/scratch/parceirosbr/bigoilict/share/BigOil/document_generator/files_images_document_generator/logos\image_18.jpg
49,6,98,12,71,240,169,252,71,240,169,240,169,252,71,252,sub_line_text,subsubtitle,subsubtitle_0,roboto,italic,9,39cov_els_20211228_170152_2013425132_600_800.png,/scratch/parceirosbr/bigoilict/share/BigOil/document_generator/datasets/documents_2021_12_28/39cov_els_20211228_170152_2013425132_600_800.png,39cov_els_20211228_170152_2013425132_600_800_mask.png,"Assim, considerando-se"
19,6,39,12,71,259,110,271,71,259,110,259,110,271,71,271,sub_line_text,subsubtitle,subsubtitle_0,roboto,italic,9,39cov_els_20211228_170152_2013425132_600_800.png,/scratch/parceirosbr/bigoilict/share/BigOil/document_generator/datasets/documents_2021_12_28/39cov_els_20211228_170152_2013425132_600_800.png,39cov_els_20211228_170152_2013425132_600_800_mask.png,problema
49,15,98,31,71,240,169,271,71,240,169,240,169,271,71,271,title,subsubtitle,subsubtitle_0,roboto,italic,9,39cov_els_20211228_170152_2013425132_600_800.png,/scratch/parceirosbr/bigoilict/share/BigOil/document_generator/datasets/documents_2021_12_28/39cov_els_20211228_170152_2013425132_600_800.png,39cov_els_20211228_170152_2013425132_600_800_mask.png,nan
68,1,136,2,69,278,205,280,69,278,205,278,205,280,69,280,line,line,line,,,,39cov_els_20211228_170152_2013425132_600_800.png,/scratch/parceirosbr/bigoilict/share/BigOil/document_generator/datasets/documents_2021_12_28/39cov_els_20211228_170152_2013425132_600_800.png,39cov_els_20211228_170152_2013425132_600_800_mask.png,
45,4,90,8,71,286,161,294,71,286,161,286,161,294,71,294,sub_line_text,text,text_2,roboto,regular,7,39cov_els_20211228_170152_2013425132_600_800.png,/scratch/parceirosbr/bigoilict/share/BigOil/document_generator/datasets/documents_2021_12_28/39cov_els_20211228_170152_2013425132_600_800.png,39cov_els_20211228_170152_2013425132_600_800_mask.png,"Pode ocorrer, ainda, falta de."
45,4,90,8,71,286,161,294,71,286,161,286,161,294,71,294,text,text,text_2,roboto,regular,7,39cov_els_20211228_170152_2013425132_600_800.png,/scratch/parceirosbr/bigoilict/share/BigOil/document_generator/datasets/documents_2021_12_28/39cov_els_20211228_170152_2013425132_600_800.png,39cov_els_20211228_170152_2013425132_600_800_mask.png,nan
17,4,35,8,71,298,106,306,71,298,106,298,106,306,71,306,sub_line_text,text,text_3,roboto,regular,7,39cov_els_20211228_170152_2013425132_600_800.png,/scratch/parceirosbr/bigoilict/share/BigOil/document_generator/datasets/documents_2021_12_28/39cov_els_20211228_170152_2013425132_600_800.png,39cov_els_20211228_170152_2013425132_600_800_mask.png,Apesar da.
17,4,35,8,71,298,106,306,71,298,106,298,106,306,71,306,text,text,text_3,roboto,regular,7,39cov_els_20211228_170152_2013425132_600_800.png,/scratch/parceirosbr/bigoilict/share/BigOil/document_generator/datasets/documents_2021_12_28/39cov_els_20211228_170152_2013425132_600_800.png,39cov_els_20211228_170152_2013425132_600_800_mask.png,nan
20,4,41,8,71,310,112,318,71,310,112,310,112,318,71,318,sub_line_text,text,text_4,roboto,regular,7,39cov_els_20211228_170152_2013425132_600_800.png,/scratch/parceirosbr/bigoilict/share/BigOil/document_generator/datasets/documents_2021_12_28/39cov_els_20211228_170152_2013425132_600_800.png,39cov_els_20211228_170152_2013425132_600_800_mask.png,Na vazão de.
20,4,41,8,71,310,112,318,71,310,112,310,112,318,71,318,text,text,text_4,roboto,regular,7,39cov_els_20211228_170152_2013425132_600_800.png,/scratch/parceirosbr/bigoilict/share/BigOil/document_generator/datasets/documents_2021_12_28/39cov_els_20211228_170152_2013425132_600_800.png,39cov_els_20211228_170152_2013425132_600_800_mask.png,nan
66,4,132,8,71,322,203,330,71,322,203,322,203,330,71,330,sub_line_text,text,text_5,roboto,regular,7,39cov_els_20211228_170152_2013425132_600_800.png,/scratch/parceirosbr/bigoilict/share/BigOil/document_generator/datasets/documents_2021_12_28/39cov_els_20211228_170152_2013425132_600_800.png,39cov_els_20211228_170152_2013425132_600_800_mask.png,Os biorreatores estavam equipados com.
66,4,132,8,71,322,203,330,71,322,203,322,203,330,71,330,text,text,text_5,roboto,regular,7,39cov_els_20211228_170152_2013425132_600_800.png,/scratch/parceirosbr/bigoilict/share/BigOil/document_generator/datasets/documents_2021_12_28/39cov_els_20211228_170152_2013425132_600_800.png,39cov_els_20211228_170152_2013425132_600_800_mask.png,nan
68,1,136,2,69,341,205,343,69,341,205,341,205,343,69,343,line,line,line,,,,39cov_els_20211228_170152_2013425132_600_800.png,/scratch/parceirosbr/bigoilict/share/BigOil/document_generator/datasets/documents_2021_12_28/39cov_els_20211228_170152_2013425132_600_800.png,39cov_els_20211228_170152_2013425132_600_800_mask.png,
11,4,22,8,71,349,93,357,71,349,93,349,93,357,71,357,sub_line_text,text,text_6,roboto,regular,7,39cov_els_20211228_170152_2013425132_600_800.png,/scratch/parceirosbr/bigoilict/share/BigOil/document_generator/datasets/documents_2021_12_28/39cov_els_20211228_170152_2013425132_600_800.png,39cov_els_20211228_170152_2013425132_600_800_mask.png,Vários.
11,4,22,8,71,349,93,357,71,349,93,349,93,357,71,357,text,text,text_6,roboto,regular,7,39cov_els_20211228_170152_2013425132_600_800.png,/scratch/parceirosbr/bigoilict/share/BigOil/document_generator/datasets/documents_2021_12_28/39cov_els_20211228_170152_2013425132_600_800.png,39cov_els_20211228_170152_2013425132_600_800_mask.png,nan
21,4,43,8,71,361,114,369,71,361,114,361,114,369,71,369,sub_line_text,text,text_7,roboto,regular,7,39cov_els_20211228_170152_2013425132_600_800.png,/scratch/parceirosbr/bigoilict/share/BigOil/document_generator/datasets/documents_2021_12_28/39cov_els_20211228_170152_2013425132_600_800.png,39cov_els_20211228_170152_2013425132_600_800_mask.png,Obedecendo.
21,4,43,8,71,361,114,369,71,361,114,361,114,369,71,369,text,text,text_7,roboto,regular,7,39cov_els_20211228_170152_2013425132_600_800.png,/scratch/parceirosbr/bigoilict/share/BigOil/document_generator/datasets/documents_2021_12_28/39cov_els_20211228_170152_2013425132_600_800.png,39cov_els_20211228_170152_2013425132_600_800_mask.png,nan
2,4,5,8,71,373,76,381,71,373,76,373,76,381,71,381,sub_line_text,text,text_8,roboto,regular,7,39cov_els_20211228_170152_2013425132_600_800.png,/scratch/parceirosbr/bigoilict/share/BigOil/document_generator/datasets/documents_2021_12_28/39cov_els_20211228_170152_2013425132_600_800.png,39cov_els_20211228_170152_2013425132_600_800_mask.png,A
2,4,5,8,71,373,76,381,71,373,76,373,76,381,71,381,text,text,text_8,roboto,regular,7,39cov_els_20211228_170152_2013425132_600_800.png,/scratch/parceirosbr/bigoilict/share/BigOil/document_generator/datasets/documents_2021_12_28/39cov_els_20211228_170152_2013425132_600_800.png,39cov_els_20211228_170152_2013425132_600_800_mask.png,nan
8,4,16,8,71,385,87,393,71,385,87,385,87,393,71,393,sub_line_text,text,text_9,roboto,regular,7,39cov_els_20211228_170152_2013425132_600_800.png,/scratch/parceirosbr/bigoilict/share/BigOil/document_generator/datasets/documents_2021_12_28/39cov_els_20211228_170152_2013425132_600_800.png,39cov_els_20211228_170152_2013425132_600_800_mask.png,Este.
8,4,16,8,71,385,87,393,71,385,87,385,87,393,71,393,text,text,text_9,roboto,regular,7,39cov_els_20211228_170152_2013425132_600_800.png,/scratch/parceirosbr/bigoilict/share/BigOil/document_generator/datasets/documents_2021_12_28/39cov_els_20211228_170152_2013425132_600_800.png,39cov_els_20211228_170152_2013425132_600_800_mask.png,nan
9,4,19,8,71,397,90,405,71,397,90,397,90,405,71,405,sub_line_text,text,text_10,roboto,regular,7,39cov_els_20211228_170152_2013425132_600_800.png,/scratch/parceirosbr/bigoilict/share/BigOil/document_generator/datasets/documents_2021_12_28/39cov_els_20211228_170152_2013425132_600_800.png,39cov_els_20211228_170152_2013425132_600_800_mask.png,Além.
9,4,19,8,71,397,90,405,71,397,90,397,90,405,71,405,text,text,text_10,roboto,regular,7,39cov_els_20211228_170152_2013425132_600_800.png,/scratch/parceirosbr/bigoilict/share/BigOil/document_generator/datasets/documents_2021_12_28/39cov_els_20211228_170152_2013425132_600_800.png,39cov_els_20211228_170152_2013425132_600_800_mask.png,nan
18,6,36,12,229,240,265,252,229,240,265,240,265,252,229,252,sub_line_text,subsubtitle,subsubtitle_1,roboto,italic,9,39cov_els_20211228_170152_2013425132_600_800.png,/scratch/parceirosbr/bigoilict/share/BigOil/document_generator/datasets/documents_2021_12_28/39cov_els_20211228_170152_2013425132_600_800.png,39cov_els_20211228_170152_2013425132_600_800_mask.png,Abstract
18,6,36,12,229,240,265,252,229,240,265,240,265,252,229,252,title,subsubtitle,subsubtitle_1,roboto,italic,9,39cov_els_20211228_170152_2013425132_600_800.png,/scratch/parceirosbr/bigoilict/share/BigOil/document_generator/datasets/documents_2021_12_28/39cov_els_20211228_170152_2013425132_600_800.png,39cov_els_20211228_170152_2013425132_600_800_mask.png,nan
147,1,294,2,227,259,521,261,227,259,521,259,521,261,227,261,line,line,line,,,,39cov_els_20211228_170152_2013425132_600_800.png,/scratch/parceirosbr/bigoilict/share/BigOil/document_generator/datasets/documents_2021_12_28/39cov_els_20211228_170152_2013425132_600_800.png,39cov_els_20211228_170152_2013425132_600_800_mask.png,
144,4,289,8,229,267,518,275,229,267,518,267,518,275,229,275,sub_line_text,text,text_11,roboto,regular,7,39cov_els_20211228_170152_2013425132_600_800.png,/scratch/parceirosbr/bigoilict/share/BigOil/document_generator/datasets/documents_2021_12_28/39cov_els_20211228_170152_2013425132_600_800.png,39cov_els_20211228_170152_2013425132_600_800_mask.png,"Portanto,  será  utilizado  o  par  ideal  para  os  ensaios  cíclicos  com etapa de relaxação"
144,4,288,8,229,279,517,287,229,279,517,279,517,287,229,287,sub_line_text,text,text_11,roboto,regular,7,39cov_els_20211228_170152_2013425132_600_800.png,/scratch/parceirosbr/bigoilict/share/BigOil/document_generator/datasets/documents_2021_12_28/39cov_els_20211228_170152_2013425132_600_800.png,39cov_els_20211228_170152_2013425132_600_800_mask.png,que  serão  apresentados  a  seguir.  92.  Preparation  of  protein  concentrates  from shor-
144,4,288,8,229,291,517,299,229,291,517,291,517,299,229,299,sub_line_text,text,text_11,roboto,regular,7,39cov_els_20211228_170152_2013425132_600_800.png,/scratch/parceirosbr/bigoilict/share/BigOil/document_generator/datasets/documents_2021_12_28/39cov_els_20211228_170152_2013425132_600_800.png,39cov_els_20211228_170152_2013425132_600_800_mask.png,"ts  and  wheat  millrun  by  a  wet  alkaline  process.  Por  outro lado, concentração do nitr-"
144,4,289,8,229,303,518,311,229,303,518,303,518,311,229,311,sub_line_text,text,text_11,roboto,regular,7,39cov_els_20211228_170152_2013425132_600_800.png,/scratch/parceirosbr/bigoilict/share/BigOil/document_generator/datasets/documents_2021_12_28/39cov_els_20211228_170152_2013425132_600_800.png,39cov_els_20211228_170152_2013425132_600_800_mask.png,"ogênio  amoniacal  apresentou-se  muito  baixa,  não  contribuindo,  portanto,  com a toxic-"
144,4,288,8,229,315,517,323,229,315,517,315,517,323,229,323,sub_line_text,text,text_11,roboto,regular,7,39cov_els_20211228_170152_2013425132_600_800.png,/scratch/parceirosbr/bigoilict/share/BigOil/document_generator/datasets/documents_2021_12_28/39cov_els_20211228_170152_2013425132_600_800.png,39cov_els_20211228_170152_2013425132_600_800_mask.png,"idade  da  amostra.  Em  um  cristal,  há  um  grande número de átomos ligados, formando"
144,4,289,8,229,327,518,335,229,327,518,327,518,335,229,335,sub_line_text,text,text_11,roboto,regular,7,39cov_els_20211228_170152_2013425132_600_800.png,/scratch/parceirosbr/bigoilict/share/BigOil/document_generator/datasets/documents_2021_12_28/39cov_els_20211228_170152_2013425132_600_800.png,39cov_els_20211228_170152_2013425132_600_800_mask.png,"uma  rede,  onde  os  elétrons  são  influenciados por um determinado número de núcleos"
138,4,277,8,229,339,506,347,229,339,506,339,506,347,229,347,sub_line_text,text,text_11,roboto,regular,7,39cov_els_20211228_170152_2013425132_600_800.png,/scratch/parceirosbr/bigoilict/share/BigOil/document_generator/datasets/documents_2021_12_28/39cov_els_20211228_170152_2013425132_600_800.png,39cov_els_20211228_170152_2013425132_600_800_mask.png,adjacentes e os níveis de energia dos átomos transformam-se em bandas de energia.
144,40,289,80,229,267,518,347,229,267,518,267,518,347,229,347,text,text,text_11,roboto,regular,7,39cov_els_20211228_170152_2013425132_600_800.png,/scratch/parceirosbr/bigoilict/share/BigOil/document_generator/datasets/documents_2021_12_28/39cov_els_20211228_170152_2013425132_600_800.png,39cov_els_20211228_170152_2013425132_600_800_mask.png,nan
66,4,132,8,388,351,520,359,388,351,520,351,520,359,388,359,sub_line_text,text,text_12,roboto,regular,7,39cov_els_20211228_170152_2013425132_600_800.png,/scratch/parceirosbr/bigoilict/share/BigOil/document_generator/datasets/documents_2021_12_28/39cov_els_20211228_170152_2013425132_600_800.png,39cov_els_20211228_170152_2013425132_600_800_mask.png,Combustíveis seguem rigorosamente os.
66,4,132,8,388,351,520,359,388,351,520,351,520,359,388,359,text,text,text_12,roboto,regular,7,39cov_els_20211228_170152_2013425132_600_800.png,/scratch/parceirosbr/bigoilict/share/BigOil/document_generator/datasets/documents_2021_12_28/39cov_els_20211228_170152_2013425132_600_800.png,39cov_els_20211228_170152_2013425132_600_800_mask.png,nan
226,1,452,2,69,416,521,418,69,416,521,416,521,418,69,418,line,line,line,,,,39cov_els_20211228_170152_2013425132_600_800.png,/scratch/parceirosbr/bigoilict/share/BigOil/document_generator/datasets/documents_2021_12_28/39cov_els_20211228_170152_2013425132_600_800.png,39cov_els_20211228_170152_2013425132_600_800_mask.png,
45,3,90,7,71,682,161,689,71,682,161,682,161,689,71,689,sub_line_text,text,text_13,roboto,regular,6,39cov_els_20211228_170152_2013425132_600_800.png,/scratch/parceirosbr/bigoilict/share/BigOil/document_generator/datasets/documents_2021_12_28/39cov_els_20211228_170152_2013425132_600_800.png,39cov_els_20211228_170152_2013425132_600_800_mask.png,"Esse tempo considerável, associado."
45,3,90,7,71,682,161,689,71,682,161,682,161,689,71,689,text,text,text_13,roboto,regular,6,39cov_els_20211228_170152_2013425132_600_800.png,/scratch/parceirosbr/bigoilict/share/BigOil/document_generator/datasets/documents_2021_12_28/39cov_els_20211228_170152_2013425132_600_800.png,39cov_els_20211228_170152_2013425132_600_800_mask.png,nan
24,3,49,7,71,675,120,682,71,675,120,675,120,682,71,682,sub_line_text,text,text_14,roboto,regular,6,39cov_els_20211228_170152_2013425132_600_800.png,/scratch/parceirosbr/bigoilict/share/BigOil/document_generator/datasets/documents_2021_12_28/39cov_els_20211228_170152_2013425132_600_800.png,39cov_els_20211228_170152_2013425132_600_800_mask.png,*    Petróleo (Opep):.
24,3,49,7,71,675,120,682,71,675,120,675,120,682,71,682,text,text,text_14,roboto,regular,6,39cov_els_20211228_170152_2013425132_600_800.png,/scratch/parceirosbr/bigoilict/share/BigOil/document_generator/datasets/documents_2021_12_28/39cov_els_20211228_170152_2013425132_600_800.png,39cov_els_20211228_170152_2013425132_600_800_mask.png,nan
23,1,46,2,69,665,115,667,69,665,115,665,115,667,69,667,line,line,line,,,,39cov_els_20211228_170152_2013425132_600_800.png,/scratch/parceirosbr/bigoilict/share/BigOil/document_generator/datasets/documents_2021_12_28/39cov_els_20211228_170152_2013425132_600_800.png,39cov_els_20211228_170152_2013425132_600_800_mask.png,
84,7,168,14,71,428,239,442,71,428,239,428,239,442,71,442,sub_line_text,subtitle,subtitle_0,roboto,regular,12,39cov_els_20211228_170152_2013425132_600_800.png,/scratch/parceirosbr/bigoilict/share/BigOil/document_generator/datasets/documents_2021_12_28/39cov_els_20211228_170152_2013425132_600_800.png,39cov_els_20211228_170152_2013425132_600_800_mask.png,"Curto-prazo, variação temporal"
26,7,53,14,71,450,124,464,71,450,124,450,124,464,71,464,sub_line_text,subtitle,subtitle_0,roboto,regular,12,39cov_els_20211228_170152_2013425132_600_800.png,/scratch/parceirosbr/bigoilict/share/BigOil/document_generator/datasets/documents_2021_12_28/39cov_els_20211228_170152_2013425132_600_800.png,39cov_els_20211228_170152_2013425132_600_800_mask.png,elevações
84,18,168,36,71,428,239,464,71,428,239,428,239,464,71,464,title,subtitle,subtitle_0,roboto,regular,12,39cov_els_20211228_170152_2013425132_600_800.png,/scratch/parceirosbr/bigoilict/share/BigOil/document_generator/datasets/documents_2021_12_28/39cov_els_20211228_170152_2013425132_600_800.png,39cov_els_20211228_170152_2013425132_600_800_mask.png,nan
90,4,180,8,101,468,281,476,101,468,281,468,281,476,101,476,sub_line_text,text,text_15,roboto,regular,7,39cov_els_20211228_170152_2013425132_600_800.png,/scratch/parceirosbr/bigoilict/share/BigOil/document_generator/datasets/documents_2021_12_28/39cov_els_20211228_170152_2013425132_600_800.png,39cov_els_20211228_170152_2013425132_600_800_mask.png,Os  valores  mais  comuns  de  porosidades estão em t-
104,4,209,8,71,480,280,488,71,480,280,480,280,488,71,488,sub_line_text,text,text_15,roboto,regular,7,39cov_els_20211228_170152_2013425132_600_800.png,/scratch/parceirosbr/bigoilict/share/BigOil/document_generator/datasets/documents_2021_12_28/39cov_els_20211228_170152_2013425132_600_800.png,39cov_els_20211228_170152_2013425132_600_800_mask.png,orno  de  5  a  25.  Os preços estabelecidos em contratos de lon-
104,4,209,8,71,492,280,500,71,492,280,492,280,500,71,500,sub_line_text,text,text_15,roboto,regular,7,39cov_els_20211228_170152_2013425132_600_800.png,/scratch/parceirosbr/bigoilict/share/BigOil/document_generator/datasets/documents_2021_12_28/39cov_els_20211228_170152_2013425132_600_800.png,39cov_els_20211228_170152_2013425132_600_800_mask.png,go  prazo  são  geralmente  determinados  por  uma  fórmula bas-
104,4,209,8,71,504,280,512,71,504,280,504,280,512,71,512,sub_line_text,text,text_15,roboto,regular,7,39cov_els_20211228_170152_2013425132_600_800.png,/scratch/parceirosbr/bigoilict/share/BigOil/document_generator/datasets/documents_2021_12_28/39cov_els_20211228_170152_2013425132_600_800.png,39cov_els_20211228_170152_2013425132_600_800_mask.png,eada  no  preço  de  substitutos  próximos do gás natural (em ge-
104,4,209,8,71,516,280,524,71,516,280,516,280,524,71,524,sub_line_text,text,text_15,roboto,regular,7,39cov_els_20211228_170152_2013425132_600_800.png,/scratch/parceirosbr/bigoilict/share/BigOil/document_generator/datasets/documents_2021_12_28/39cov_els_20211228_170152_2013425132_600_800.png,39cov_els_20211228_170152_2013425132_600_800_mask.png,"ral  uma  cesta  de  óleos), e pode ou não incluir também o preço"
104,4,209,8,71,528,280,536,71,528,280,528,280,536,71,536,sub_line_text,text,text_15,roboto,regular,7,39cov_els_20211228_170152_2013425132_600_800.png,/scratch/parceirosbr/bigoilict/share/BigOil/document_generator/datasets/documents_2021_12_28/39cov_els_20211228_170152_2013425132_600_800.png,39cov_els_20211228_170152_2013425132_600_800_mask.png,de  referência  do  hidrocarboneto  em  outros  mercados.  Altern-
100,4,200,8,71,540,271,548,71,540,271,540,271,548,71,548,sub_line_text,text,text_15,roboto,regular,7,39cov_els_20211228_170152_2013425132_600_800.png,/scratch/parceirosbr/bigoilict/share/BigOil/document_generator/datasets/documents_2021_12_28/39cov_els_20211228_170152_2013425132_600_800.png,39cov_els_20211228_170152_2013425132_600_800_mask.png,"ativamente, a representacao do balanco de massa e dada por."
105,40,210,80,71,468,281,548,71,468,281,468,281,548,71,548,text,text,text_15,roboto,regular,7,39cov_els_20211228_170152_2013425132_600_800.png,/scratch/parceirosbr/bigoilict/share/BigOil/document_generator/datasets/documents_2021_12_28/39cov_els_20211228_170152_2013425132_600_800.png,39cov_els_20211228_170152_2013425132_600_800_mask.png,nan
89,4,179,8,101,552,280,560,101,552,280,552,280,560,101,560,sub_line_text,text,text_16,roboto,regular,7,39cov_els_20211228_170152_2013425132_600_800.png,/scratch/parceirosbr/bigoilict/share/BigOil/document_generator/datasets/documents_2021_12_28/39cov_els_20211228_170152_2013425132_600_800.png,39cov_els_20211228_170152_2013425132_600_800_mask.png,O  número  de cetano é a medida em motores diesel do
104,4,209,8,71,564,280,572,71,564,280,564,280,572,71,572,sub_line_text,text,text_16,roboto,regular,7,39cov_els_20211228_170152_2013425132_600_800.png,/scratch/parceirosbr/bigoilict/share/BigOil/document_generator/datasets/documents_2021_12_28/39cov_els_20211228_170152_2013425132_600_800.png,39cov_els_20211228_170152_2013425132_600_800_mask.png,atraso  de  ignição  do  combustível. O ocorrido no povoado loca-
104,4,209,8,71,576,280,584,71,576,280,576,280,584,71,584,sub_line_text,text,text_16,roboto,regular,7,39cov_els_20211228_170152_2013425132_600_800.png,/scratch/parceirosbr/bigoilict/share/BigOil/document_generator/datasets/documents_2021_12_28/39cov_els_20211228_170152_2013425132_600_800.png,39cov_els_20211228_170152_2013425132_600_800_mask.png,"lizado  no  centro-oeste  de  em  1999, foi um grande deslizamen-"
104,4,209,8,71,588,280,596,71,588,280,588,280,596,71,596,sub_line_text,text,text_16,roboto,regular,7,39cov_els_20211228_170152_2013425132_600_800.png,/scratch/parceirosbr/bigoilict/share/BigOil/document_generator/datasets/documents_2021_12_28/39cov_els_20211228_170152_2013425132_600_800.png,39cov_els_20211228_170152_2013425132_600_800_mask.png,to  de  detritos  induzido  por  intermédio  do  terremoto como mo-
105,4,210,8,71,600,281,608,71,600,281,600,281,608,71,608,sub_line_text,text,text_16,roboto,regular,7,39cov_els_20211228_170152_2013425132_600_800.png,/scratch/parceirosbr/bigoilict/share/BigOil/document_generator/datasets/documents_2021_12_28/39cov_els_20211228_170152_2013425132_600_800.png,39cov_els_20211228_170152_2013425132_600_800_mask.png,stradas  nas  16  e  17.  de 125 milhões de metros cúbicos de ro-
105,4,210,8,71,612,281,620,71,612,281,612,281,620,71,620,sub_line_text,text,text_16,roboto,regular,7,39cov_els_20211228_170152_2013425132_600_800.png,/scratch/parceirosbr/bigoilict/share/BigOil/document_generator/datasets/documents_2021_12_28/39cov_els_20211228_170152_2013425132_600_800.png,39cov_els_20211228_170152_2013425132_600_800_mask.png,"chas  foram  deslocadas,  levando  à  morte de 29 pessoas et al.,"
22,4,44,8,71,624,115,632,71,624,115,624,115,632,71,632,sub_line_text,text,text_16,roboto,regular,7,39cov_els_20211228_170152_2013425132_600_800.png,/scratch/parceirosbr/bigoilict/share/BigOil/document_generator/datasets/documents_2021_12_28/39cov_els_20211228_170152_2013425132_600_800.png,39cov_els_20211228_170152_2013425132_600_800_mask.png,2009 e 2000).
105,40,210,80,71,552,281,632,71,552,281,552,281,632,71,632,text,text,text_16,roboto,regular,7,39cov_els_20211228_170152_2013425132_600_800.png,/scratch/parceirosbr/bigoilict/share/BigOil/document_generator/datasets/documents_2021_12_28/39cov_els_20211228_170152_2013425132_600_800.png,39cov_els_20211228_170152_2013425132_600_800_mask.png,nan
89,4,179,8,338,428,517,436,338,428,517,428,517,436,338,436,sub_line_text,text,text_17,roboto,regular,7,39cov_els_20211228_170152_2013425132_600_800.png,/scratch/parceirosbr/bigoilict/share/BigOil/document_generator/datasets/documents_2021_12_28/39cov_els_20211228_170152_2013425132_600_800.png,39cov_els_20211228_170152_2013425132_600_800_mask.png,A  densidade  de  potência na superfície da peça não é
104,4,209,8,308,440,517,448,308,440,517,440,517,448,308,448,sub_line_text,text,text_17,roboto,regular,7,39cov_els_20211228_170152_2013425132_600_800.png,/scratch/parceirosbr/bigoilict/share/BigOil/document_generator/datasets/documents_2021_12_28/39cov_els_20211228_170152_2013425132_600_800.png,39cov_els_20211228_170152_2013425132_600_800_mask.png,constante;  ela  depende.  A  evolução da produção de óleo cru e
105,4,210,8,308,452,518,460,308,452,518,452,518,460,308,460,sub_line_text,text,text_17,roboto,regular,7,39cov_els_20211228_170152_2013425132_600_800.png,/scratch/parceirosbr/bigoilict/share/BigOil/document_generator/datasets/documents_2021_12_28/39cov_els_20211228_170152_2013425132_600_800.png,39cov_els_20211228_170152_2013425132_600_800_mask.png,outros  líquidos  nos  mostrou  que  houve  recente  inflexão de tr-
104,4,209,8,308,464,517,472,308,464,517,464,517,472,308,472,sub_line_text,text,text_17,roboto,regular,7,39cov_els_20211228_170152_2013425132_600_800.png,/scratch/parceirosbr/bigoilict/share/BigOil/document_generator/datasets/documents_2021_12_28/39cov_els_20211228_170152_2013425132_600_800.png,39cov_els_20211228_170152_2013425132_600_800_mask.png,"ajetória,  em  decorrência  da  denominada  revolução  trazida pe-"
104,4,209,8,308,476,517,484,308,476,517,476,517,484,308,484,sub_line_text,text,text_17,roboto,regular,7,39cov_els_20211228_170152_2013425132_600_800.png,/scratch/parceirosbr/bigoilict/share/BigOil/document_generator/datasets/documents_2021_12_28/39cov_els_20211228_170152_2013425132_600_800.png,39cov_els_20211228_170152_2013425132_600_800_mask.png,"la  exploração  não  convencional.  De  acordo  com este critério,"
105,4,210,8,308,488,518,496,308,488,518,488,518,496,308,496,sub_line_text,text,text_17,roboto,regular,7,39cov_els_20211228_170152_2013425132_600_800.png,/scratch/parceirosbr/bigoilict/share/BigOil/document_generator/datasets/documents_2021_12_28/39cov_els_20211228_170152_2013425132_600_800.png,39cov_els_20211228_170152_2013425132_600_800_mask.png,um  gás  é  considerado como gás úmido se apresenta uma con-
98,4,197,8,308,500,505,508,308,500,505,500,505,508,308,508,sub_line_text,text,text_17,roboto,regular,7,39cov_els_20211228_170152_2013425132_600_800.png,/scratch/parceirosbr/bigoilict/share/BigOil/document_generator/datasets/documents_2021_12_28/39cov_els_20211228_170152_2013425132_600_800.png,39cov_els_20211228_170152_2013425132_600_800_mask.png,centração volumétrica ou molar dos componentes líquidos s.
105,40,210,80,308,428,518,508,308,428,518,428,518,508,308,508,text,text,text_17,roboto,regular,7,39cov_els_20211228_170152_2013425132_600_800.png,/scratch/parceirosbr/bigoilict/share/BigOil/document_generator/datasets/documents_2021_12_28/39cov_els_20211228_170152_2013425132_600_800.png,39cov_els_20211228_170152_2013425132_600_800_mask.png,nan
89,4,179,8,338,512,517,520,338,512,517,512,517,520,338,520,sub_line_text,text,text_18,roboto,regular,7,39cov_els_20211228_170152_2013425132_600_800.png,/scratch/parceirosbr/bigoilict/share/BigOil/document_generator/datasets/documents_2021_12_28/39cov_els_20211228_170152_2013425132_600_800.png,39cov_els_20211228_170152_2013425132_600_800_mask.png,The  directive  places  obligations  on  in relation to mo-
105,4,210,8,308,524,518,532,308,524,518,524,518,532,308,532,sub_line_text,text,text_18,roboto,regular,7,39cov_els_20211228_170152_2013425132_600_800.png,/scratch/parceirosbr/bigoilict/share/BigOil/document_generator/datasets/documents_2021_12_28/39cov_els_20211228_170152_2013425132_600_800.png,39cov_els_20211228_170152_2013425132_600_800_mask.png,nitoring  and  measures  to  protect  groundwater;  it  does  not  re-
104,4,209,8,308,536,517,544,308,536,517,536,517,544,308,544,sub_line_text,text,text_18,roboto,regular,7,39cov_els_20211228_170152_2013425132_600_800.png,/scratch/parceirosbr/bigoilict/share/BigOil/document_generator/datasets/documents_2021_12_28/39cov_els_20211228_170152_2013425132_600_800.png,39cov_els_20211228_170152_2013425132_600_800_mask.png,gulate   directly  potentially  polluting  installations.  Um  controle
105,4,210,8,308,548,518,556,308,548,518,548,518,556,308,556,sub_line_text,text,text_18,roboto,regular,7,39cov_els_20211228_170152_2013425132_600_800.png,/scratch/parceirosbr/bigoilict/share/BigOil/document_generator/datasets/documents_2021_12_28/39cov_els_20211228_170152_2013425132_600_800.png,39cov_els_20211228_170152_2013425132_600_800_mask.png,mais  fino  das  condições de preparo são necessárias para dim-
105,4,210,8,308,560,518,568,308,560,518,560,518,568,308,568,sub_line_text,text,text_18,roboto,regular,7,39cov_els_20211228_170152_2013425132_600_800.png,/scratch/parceirosbr/bigoilict/share/BigOil/document_generator/datasets/documents_2021_12_28/39cov_els_20211228_170152_2013425132_600_800.png,39cov_els_20211228_170152_2013425132_600_800_mask.png,"inuir  o  tamanho  das  partículas,  assim  como  a redução prévia"
105,4,210,8,308,572,518,580,308,572,518,572,518,580,308,580,sub_line_text,text,text_18,roboto,regular,7,39cov_els_20211228_170152_2013425132_600_800.png,/scratch/parceirosbr/bigoilict/share/BigOil/document_generator/datasets/documents_2021_12_28/39cov_els_20211228_170152_2013425132_600_800.png,39cov_els_20211228_170152_2013425132_600_800_mask.png,"da  via  redução  por  etileno  glicol, seguida da dispersão contro-"
104,4,209,8,308,584,517,592,308,584,517,584,517,592,308,592,sub_line_text,text,text_18,roboto,regular,7,39cov_els_20211228_170152_2013425132_600_800.png,/scratch/parceirosbr/bigoilict/share/BigOil/document_generator/datasets/documents_2021_12_28/39cov_els_20211228_170152_2013425132_600_800.png,39cov_els_20211228_170152_2013425132_600_800_mask.png,lada  do  segundo  metal  e redução por para formação da liga. A
104,4,209,8,308,596,517,604,308,596,517,596,517,604,308,604,sub_line_text,text,text_18,roboto,regular,7,39cov_els_20211228_170152_2013425132_600_800.png,/scratch/parceirosbr/bigoilict/share/BigOil/document_generator/datasets/documents_2021_12_28/39cov_els_20211228_170152_2013425132_600_800.png,39cov_els_20211228_170152_2013425132_600_800_mask.png,reforma  na  indústria  de  gás  natural  no  através do art. 65 da n
104,4,209,8,308,608,517,616,308,608,517,608,517,616,308,616,sub_line_text,text,text_18,roboto,regular,7,39cov_els_20211228_170152_2013425132_600_800.png,/scratch/parceirosbr/bigoilict/share/BigOil/document_generator/datasets/documents_2021_12_28/39cov_els_20211228_170152_2013425132_600_800.png,39cov_els_20211228_170152_2013425132_600_800_mask.png,"9.478/97  foi  mais  adiante,  pois  exigiu da não apenas a separ-"
104,4,209,8,308,620,517,628,308,620,517,620,517,628,308,628,sub_line_text,text,text_18,roboto,regular,7,39cov_els_20211228_170152_2013425132_600_800.png,/scratch/parceirosbr/bigoilict/share/BigOil/document_generator/datasets/documents_2021_12_28/39cov_els_20211228_170152_2013425132_600_800.png,39cov_els_20211228_170152_2013425132_600_800_mask.png,ação  contábil  da  atividade  monopólica  da cadeia (o transport-
100,4,200,8,308,632,508,640,308,632,508,632,508,640,308,640,sub_line_text,text,text_18,roboto,regular,7,39cov_els_20211228_170152_2013425132_600_800.png,/scratch/parceirosbr/bigoilict/share/BigOil/document_generator/datasets/documents_2021_12_28/39cov_els_20211228_170152_2013425132_600_800.png,39cov_els_20211228_170152_2013425132_600_800_mask.png,"e), mas também a separação jurídica, quando determinou que."
105,64,210,128,308,512,518,640,308,512,518,512,518,640,308,640,text,text,text_18,roboto,regular,7,39cov_els_20211228_170152_2013425132_600_800.png,/scratch/parceirosbr/bigoilict/share/BigOil/document_generator/datasets/documents_2021_12_28/39cov_els_20211228_170152_2013425132_600_800.png,39cov_els_20211228_170152_2013425132_600_800_mask.png,nan
90,4,180,8,338,644,518,652,338,644,518,644,518,652,338,652,sub_line_text,text,text_19,roboto,regular,7,39cov_els_20211228_170152_2013425132_600_800.png,/scratch/parceirosbr/bigoilict/share/BigOil/document_generator/datasets/documents_2021_12_28/39cov_els_20211228_170152_2013425132_600_800.png,39cov_els_20211228_170152_2013425132_600_800_mask.png,Essa  função  é um modelo dinâmico capaz de modelar
104,4,209,8,308,656,517,664,308,656,517,656,517,664,308,664,sub_line_text,text,text_19,roboto,regular,7,39cov_els_20211228_170152_2013425132_600_800.png,/scratch/parceirosbr/bigoilict/share/BigOil/document_generator/datasets/documents_2021_12_28/39cov_els_20211228_170152_2013425132_600_800.png,39cov_els_20211228_170152_2013425132_600_800_mask.png,a  queda  de  permeabilidade local que é necessária para a prev-
98,4,197,8,308,668,505,676,308,668,505,668,505,676,308,676,sub_line_text,text,text_19,roboto,regular,7,39cov_els_20211228_170152_2013425132_600_800.png,/scratch/parceirosbr/bigoilict/share/BigOil/document_generator/datasets/documents_2021_12_28/39cov_els_20211228_170152_2013425132_600_800.png,39cov_els_20211228_170152_2013425132_600_800_mask.png,isão da perda de injetividade onde é inserida na equação de.
105,16,210,32,308,644,518,676,308,644,518,644,518,676,308,676,text,text,text_19,roboto,regular,7,39cov_els_20211228_170152_2013425132_600_800.png,/scratch/parceirosbr/bigoilict/share/BigOil/document_generator/datasets/documents_2021_12_28/39cov_els_20211228_170152_2013425132_600_800.png,39cov_els_20211228_170152_2013425132_600_800_mask.png,nan
