center_x,center_y,width,height,xmin,ymin,xmax,ymax,top_left_x,top_left_y,top_right_x,top_right_y,bottom_right_x,bottom_right_y,bottom_left_x,bottom_left_y,label,grouplabel,group,text_font,text_style,size_font,filename,path,filename_mask,content
300,400,600,800,0,0,600,800,0,0,600,0,600,800,0,800,document,,,,,,39cov_els_20211228_170146_7860645989_600_800.png,/scratch/parceirosbr/bigoilict/share/BigOil/document_generator/datasets/documents_2021_12_28/39cov_els_20211228_170146_7860645989_600_800.png,39cov_els_20211228_170146_7860645989_600_800_mask.png,
56,4,112,8,233,80,345,88,233,80,345,80,345,88,233,88,sub_line_text,header,header_1,opensans,regular,6,39cov_els_20211228_170146_7860645989_600_800.png,/scratch/parceirosbr/bigoilict/share/BigOil/document_generator/datasets/documents_2021_12_28/39cov_els_20211228_170146_7860645989_600_800.png,39cov_els_20211228_170146_7860645989_600_800_mask.png,These results (Table 5) allowed made it
56,4,112,8,233,80,345,88,233,80,345,80,345,88,233,88,text,header,header_1,opensans,regular,6,39cov_els_20211228_170146_7860645989_600_800.png,/scratch/parceirosbr/bigoilict/share/BigOil/document_generator/datasets/documents_2021_12_28/39cov_els_20211228_170146_7860645989_600_800.png,39cov_els_20211228_170146_7860645989_600_800_mask.png,nan
249,1,499,2,40,95,539,97,40,95,539,95,539,97,40,97,line,line,line,,,,39cov_els_20211228_170146_7860645989_600_800.png,/scratch/parceirosbr/bigoilict/share/BigOil/document_generator/datasets/documents_2021_12_28/39cov_els_20211228_170146_7860645989_600_800.png,39cov_els_20211228_170146_7860645989_600_800_mask.png,nan
37,16,74,32,40,103,114,135,40,103,114,103,114,135,40,135,image,image,image,,,,39cov_els_20211228_170146_7860645989_600_800.png,/scratch/parceirosbr/bigoilict/share/BigOil/document_generator/datasets/documents_2021_12_28/39cov_els_20211228_170146_7860645989_600_800.png,39cov_els_20211228_170146_7860645989_600_800_mask.png,/scratch/parceirosbr/bigoilict/share/BigOil/document_generator/files_images_document_generator/logos\image_21.jpg
36,16,73,32,464,103,537,135,464,103,537,103,537,135,464,135,image,image,image,,,,39cov_els_20211228_170146_7860645989_600_800.png,/scratch/parceirosbr/bigoilict/share/BigOil/document_generator/datasets/documents_2021_12_28/39cov_els_20211228_170146_7860645989_600_800.png,39cov_els_20211228_170146_7860645989_600_800_mask.png,/scratch/parceirosbr/bigoilict/share/BigOil/document_generator/files_images_document_generator/logos\image_112.jpg
74,4,148,8,215,103,363,111,215,103,363,103,363,111,215,111,sub_line_text,header,header_1,opensans,regular,6,39cov_els_20211228_170146_7860645989_600_800.png,/scratch/parceirosbr/bigoilict/share/BigOil/document_generator/datasets/documents_2021_12_28/39cov_els_20211228_170146_7860645989_600_800.png,39cov_els_20211228_170146_7860645989_600_800_mask.png,Occupation and non-tax public income associated
74,4,148,8,215,103,363,111,215,103,363,103,363,111,215,111,text,header,header_1,opensans,regular,6,39cov_els_20211228_170146_7860645989_600_800.png,/scratch/parceirosbr/bigoilict/share/BigOil/document_generator/datasets/documents_2021_12_28/39cov_els_20211228_170146_7860645989_600_800.png,39cov_els_20211228_170146_7860645989_600_800_mask.png,nan
83,8,166,16,206,111,372,127,206,111,372,111,372,127,206,127,sub_line_text,header,header_1,opensans,bold,12,39cov_els_20211228_170146_7860645989_600_800.png,/scratch/parceirosbr/bigoilict/share/BigOil/document_generator/datasets/documents_2021_12_28/39cov_els_20211228_170146_7860645989_600_800.png,39cov_els_20211228_170146_7860645989_600_800_mask.png,"Segundo, álcool, catalisador"
83,8,166,16,206,111,372,127,206,111,372,111,372,127,206,127,text,header,header_1,opensans,bold,12,39cov_els_20211228_170146_7860645989_600_800.png,/scratch/parceirosbr/bigoilict/share/BigOil/document_generator/datasets/documents_2021_12_28/39cov_els_20211228_170146_7860645989_600_800.png,39cov_els_20211228_170146_7860645989_600_800_mask.png,nan
82,4,164,8,207,127,371,135,207,127,371,127,371,135,207,135,sub_line_text,header,header_1,opensans,regular,6,39cov_els_20211228_170146_7860645989_600_800.png,/scratch/parceirosbr/bigoilict/share/BigOil/document_generator/datasets/documents_2021_12_28/39cov_els_20211228_170146_7860645989_600_800.png,39cov_els_20211228_170146_7860645989_600_800_mask.png,"In the first adsorption (ADS-I), it was possible to remove"
82,4,164,8,207,127,371,135,207,127,371,127,371,135,207,135,text,header,header_1,opensans,regular,6,39cov_els_20211228_170146_7860645989_600_800.png,/scratch/parceirosbr/bigoilict/share/BigOil/document_generator/datasets/documents_2021_12_28/39cov_els_20211228_170146_7860645989_600_800.png,39cov_els_20211228_170146_7860645989_600_800_mask.png,nan
249,1,499,2,40,142,539,144,40,142,539,142,539,144,40,144,line,line,line,,,,39cov_els_20211228_170146_7860645989_600_800.png,/scratch/parceirosbr/bigoilict/share/BigOil/document_generator/datasets/documents_2021_12_28/39cov_els_20211228_170146_7860645989_600_800.png,39cov_els_20211228_170146_7860645989_600_800_mask.png,nan
44,4,89,8,40,702,129,710,40,702,129,702,129,710,40,710,sub_line_text,footer,footer_1,opensans,regular,6,39cov_els_20211228_170146_7860645989_600_800.png,/scratch/parceirosbr/bigoilict/share/BigOil/document_generator/datasets/documents_2021_12_28/39cov_els_20211228_170146_7860645989_600_800.png,39cov_els_20211228_170146_7860645989_600_800_mask.png,O gráfico dos pesos (Figura 36)
44,4,89,8,40,702,129,710,40,702,129,702,129,710,40,710,text,footer,footer_1,opensans,regular,6,39cov_els_20211228_170146_7860645989_600_800.png,/scratch/parceirosbr/bigoilict/share/BigOil/document_generator/datasets/documents_2021_12_28/39cov_els_20211228_170146_7860645989_600_800.png,39cov_els_20211228_170146_7860645989_600_800_mask.png,nan
53,4,106,8,40,710,146,718,40,710,146,710,146,718,40,718,sub_line_text,footer,footer_1,opensans,regular,6,39cov_els_20211228_170146_7860645989_600_800.png,/scratch/parceirosbr/bigoilict/share/BigOil/document_generator/datasets/documents_2021_12_28/39cov_els_20211228_170146_7860645989_600_800.png,39cov_els_20211228_170146_7860645989_600_800_mask.png,Allowing it to reflect the geopolitical
53,4,106,8,40,710,146,718,40,710,146,710,146,718,40,718,text,footer,footer_1,opensans,regular,6,39cov_els_20211228_170146_7860645989_600_800.png,/scratch/parceirosbr/bigoilict/share/BigOil/document_generator/datasets/documents_2021_12_28/39cov_els_20211228_170146_7860645989_600_800.png,39cov_els_20211228_170146_7860645989_600_800_mask.png,nan
126,8,253,16,40,152,293,168,40,152,293,152,293,168,40,168,sub_line_text,title,title_0,opensans,bold,12,39cov_els_20211228_170146_7860645989_600_800.png,/scratch/parceirosbr/bigoilict/share/BigOil/document_generator/datasets/documents_2021_12_28/39cov_els_20211228_170146_7860645989_600_800.png,39cov_els_20211228_170146_7860645989_600_800_mask.png,"Vale lembrar este um objetivo perseguido,"
126,8,253,16,40,152,293,168,40,152,293,152,293,168,40,168,title,title,title_0,opensans,bold,12,39cov_els_20211228_170146_7860645989_600_800.png,/scratch/parceirosbr/bigoilict/share/BigOil/document_generator/datasets/documents_2021_12_28/39cov_els_20211228_170146_7860645989_600_800.png,39cov_els_20211228_170146_7860645989_600_800_mask.png,nan
141,5,282,10,40,179,322,189,40,179,322,179,322,189,40,189,sub_line_text,text,text_0,opensans,italic,8,39cov_els_20211228_170146_7860645989_600_800.png,/scratch/parceirosbr/bigoilict/share/BigOil/document_generator/datasets/documents_2021_12_28/39cov_els_20211228_170146_7860645989_600_800.png,39cov_els_20211228_170146_7860645989_600_800_mask.png,"Jessica J. Schneider, Sean C. Osterman, Kenneth P. Seamons, Octavia S. Powell"
141,5,282,10,40,179,322,189,40,179,322,179,322,189,40,189,text,text,text_0,opensans,italic,8,39cov_els_20211228_170146_7860645989_600_800.png,/scratch/parceirosbr/bigoilict/share/BigOil/document_generator/datasets/documents_2021_12_28/39cov_els_20211228_170146_7860645989_600_800.png,39cov_els_20211228_170146_7860645989_600_800_mask.png,nan
154,6,308,12,40,200,348,212,40,200,348,200,348,212,40,212,sub_line_text,text,text_1,opensans,italic,9,39cov_els_20211228_170146_7860645989_600_800.png,/scratch/parceirosbr/bigoilict/share/BigOil/document_generator/datasets/documents_2021_12_28/39cov_els_20211228_170146_7860645989_600_800.png,39cov_els_20211228_170146_7860645989_600_800_mask.png,"Acordo com, ocupação bacia pela população gera duas preocupações distintas:"
154,6,308,12,40,200,348,212,40,200,348,200,348,212,40,212,text,text,text_1,opensans,italic,9,39cov_els_20211228_170146_7860645989_600_800.png,/scratch/parceirosbr/bigoilict/share/BigOil/document_generator/datasets/documents_2021_12_28/39cov_els_20211228_170146_7860645989_600_800.png,39cov_els_20211228_170146_7860645989_600_800_mask.png,nan
53,28,107,57,430,157,537,214,430,157,537,157,537,214,430,214,image,image,image,,,,39cov_els_20211228_170146_7860645989_600_800.png,/scratch/parceirosbr/bigoilict/share/BigOil/document_generator/datasets/documents_2021_12_28/39cov_els_20211228_170146_7860645989_600_800.png,39cov_els_20211228_170146_7860645989_600_800_mask.png,/scratch/parceirosbr/bigoilict/share/BigOil/document_generator/files_images_document_generator/logos\image_37.jpg
62,4,125,9,40,223,165,232,40,223,165,223,165,232,40,232,sub_line_text,subsubtitle,subsubtitle_0,opensans,bolditalic,7,39cov_els_20211228_170146_7860645989_600_800.png,/scratch/parceirosbr/bigoilict/share/BigOil/document_generator/datasets/documents_2021_12_28/39cov_els_20211228_170146_7860645989_600_800.png,39cov_els_20211228_170146_7860645989_600_800_mask.png,Neste transecto encontradas menores
62,4,125,9,40,223,165,232,40,223,165,223,165,232,40,232,title,subsubtitle,subsubtitle_0,opensans,bolditalic,7,39cov_els_20211228_170146_7860645989_600_800.png,/scratch/parceirosbr/bigoilict/share/BigOil/document_generator/datasets/documents_2021_12_28/39cov_els_20211228_170146_7860645989_600_800.png,39cov_els_20211228_170146_7860645989_600_800_mask.png,nan
77,1,154,2,38,239,192,241,38,239,192,239,192,241,38,241,line,line,line,,,,39cov_els_20211228_170146_7860645989_600_800.png,/scratch/parceirosbr/bigoilict/share/BigOil/document_generator/datasets/documents_2021_12_28/39cov_els_20211228_170146_7860645989_600_800.png,39cov_els_20211228_170146_7860645989_600_800_mask.png,
27,4,54,8,40,247,94,255,40,247,94,247,94,255,40,255,sub_line_text,text,text_2,opensans,regular,6,39cov_els_20211228_170146_7860645989_600_800.png,/scratch/parceirosbr/bigoilict/share/BigOil/document_generator/datasets/documents_2021_12_28/39cov_els_20211228_170146_7860645989_600_800.png,39cov_els_20211228_170146_7860645989_600_800_mask.png,"Segundo e (1998a),."
27,4,54,8,40,247,94,255,40,247,94,247,94,255,40,255,text,text,text_2,opensans,regular,6,39cov_els_20211228_170146_7860645989_600_800.png,/scratch/parceirosbr/bigoilict/share/BigOil/document_generator/datasets/documents_2021_12_28/39cov_els_20211228_170146_7860645989_600_800.png,39cov_els_20211228_170146_7860645989_600_800_mask.png,nan
25,4,50,8,40,259,90,267,40,259,90,259,90,267,40,267,sub_line_text,text,text_3,opensans,regular,6,39cov_els_20211228_170146_7860645989_600_800.png,/scratch/parceirosbr/bigoilict/share/BigOil/document_generator/datasets/documents_2021_12_28/39cov_els_20211228_170146_7860645989_600_800.png,39cov_els_20211228_170146_7860645989_600_800_mask.png,"Has magua 0, 198."
25,4,50,8,40,259,90,267,40,259,90,259,90,267,40,267,text,text,text_3,opensans,regular,6,39cov_els_20211228_170146_7860645989_600_800.png,/scratch/parceirosbr/bigoilict/share/BigOil/document_generator/datasets/documents_2021_12_28/39cov_els_20211228_170146_7860645989_600_800.png,39cov_els_20211228_170146_7860645989_600_800_mask.png,nan
29,4,59,8,40,271,99,279,40,271,99,271,99,279,40,279,sub_line_text,text,text_4,opensans,regular,6,39cov_els_20211228_170146_7860645989_600_800.png,/scratch/parceirosbr/bigoilict/share/BigOil/document_generator/datasets/documents_2021_12_28/39cov_els_20211228_170146_7860645989_600_800.png,39cov_els_20211228_170146_7860645989_600_800_mask.png,Figure 10 shows the.
29,4,59,8,40,271,99,279,40,271,99,271,99,279,40,279,text,text,text_4,opensans,regular,6,39cov_els_20211228_170146_7860645989_600_800.png,/scratch/parceirosbr/bigoilict/share/BigOil/document_generator/datasets/documents_2021_12_28/39cov_els_20211228_170146_7860645989_600_800.png,39cov_els_20211228_170146_7860645989_600_800_mask.png,nan
25,4,50,8,40,283,90,291,40,283,90,283,90,291,40,291,sub_line_text,text,text_5,opensans,regular,6,39cov_els_20211228_170146_7860645989_600_800.png,/scratch/parceirosbr/bigoilict/share/BigOil/document_generator/datasets/documents_2021_12_28/39cov_els_20211228_170146_7860645989_600_800.png,39cov_els_20211228_170146_7860645989_600_800_mask.png,"In the same way,."
25,4,50,8,40,283,90,291,40,283,90,283,90,291,40,291,text,text,text_5,opensans,regular,6,39cov_els_20211228_170146_7860645989_600_800.png,/scratch/parceirosbr/bigoilict/share/BigOil/document_generator/datasets/documents_2021_12_28/39cov_els_20211228_170146_7860645989_600_800.png,39cov_els_20211228_170146_7860645989_600_800_mask.png,nan
77,1,154,2,38,302,192,304,38,302,192,302,192,304,38,304,line,line,line,,,,39cov_els_20211228_170146_7860645989_600_800.png,/scratch/parceirosbr/bigoilict/share/BigOil/document_generator/datasets/documents_2021_12_28/39cov_els_20211228_170146_7860645989_600_800.png,39cov_els_20211228_170146_7860645989_600_800_mask.png,
7,4,14,8,40,310,54,318,40,310,54,310,54,318,40,318,sub_line_text,text,text_6,opensans,regular,6,39cov_els_20211228_170146_7860645989_600_800.png,/scratch/parceirosbr/bigoilict/share/BigOil/document_generator/datasets/documents_2021_12_28/39cov_els_20211228_170146_7860645989_600_800.png,39cov_els_20211228_170146_7860645989_600_800_mask.png,Para.
7,4,14,8,40,310,54,318,40,310,54,310,54,318,40,318,text,text,text_6,opensans,regular,6,39cov_els_20211228_170146_7860645989_600_800.png,/scratch/parceirosbr/bigoilict/share/BigOil/document_generator/datasets/documents_2021_12_28/39cov_els_20211228_170146_7860645989_600_800.png,39cov_els_20211228_170146_7860645989_600_800_mask.png,nan
2,4,4,8,40,322,44,330,40,322,44,322,44,330,40,330,sub_line_text,text,text_7,opensans,regular,6,39cov_els_20211228_170146_7860645989_600_800.png,/scratch/parceirosbr/bigoilict/share/BigOil/document_generator/datasets/documents_2021_12_28/39cov_els_20211228_170146_7860645989_600_800.png,39cov_els_20211228_170146_7860645989_600_800_mask.png,e
2,4,4,8,40,322,44,330,40,322,44,322,44,330,40,330,text,text,text_7,opensans,regular,6,39cov_els_20211228_170146_7860645989_600_800.png,/scratch/parceirosbr/bigoilict/share/BigOil/document_generator/datasets/documents_2021_12_28/39cov_els_20211228_170146_7860645989_600_800.png,39cov_els_20211228_170146_7860645989_600_800_mask.png,nan
13,4,26,8,40,334,66,342,40,334,66,334,66,342,40,342,sub_line_text,text,text_8,opensans,regular,6,39cov_els_20211228_170146_7860645989_600_800.png,/scratch/parceirosbr/bigoilict/share/BigOil/document_generator/datasets/documents_2021_12_28/39cov_els_20211228_170146_7860645989_600_800.png,39cov_els_20211228_170146_7860645989_600_800_mask.png,O limite.
13,4,26,8,40,334,66,342,40,334,66,334,66,342,40,342,text,text,text_8,opensans,regular,6,39cov_els_20211228_170146_7860645989_600_800.png,/scratch/parceirosbr/bigoilict/share/BigOil/document_generator/datasets/documents_2021_12_28/39cov_els_20211228_170146_7860645989_600_800.png,39cov_els_20211228_170146_7860645989_600_800_mask.png,nan
8,4,17,8,40,346,57,354,40,346,57,346,57,354,40,354,sub_line_text,text,text_9,opensans,regular,6,39cov_els_20211228_170146_7860645989_600_800.png,/scratch/parceirosbr/bigoilict/share/BigOil/document_generator/datasets/documents_2021_12_28/39cov_els_20211228_170146_7860645989_600_800.png,39cov_els_20211228_170146_7860645989_600_800_mask.png,If the.
8,4,17,8,40,346,57,354,40,346,57,346,57,354,40,354,text,text,text_9,opensans,regular,6,39cov_els_20211228_170146_7860645989_600_800.png,/scratch/parceirosbr/bigoilict/share/BigOil/document_generator/datasets/documents_2021_12_28/39cov_els_20211228_170146_7860645989_600_800.png,39cov_els_20211228_170146_7860645989_600_800_mask.png,nan
11,4,23,8,40,358,63,366,40,358,63,358,63,366,40,366,sub_line_text,text,text_10,opensans,regular,6,39cov_els_20211228_170146_7860645989_600_800.png,/scratch/parceirosbr/bigoilict/share/BigOil/document_generator/datasets/documents_2021_12_28/39cov_els_20211228_170146_7860645989_600_800.png,39cov_els_20211228_170146_7860645989_600_800_mask.png,Current.
11,4,23,8,40,358,63,366,40,358,63,358,63,366,40,366,text,text,text_10,opensans,regular,6,39cov_els_20211228_170146_7860645989_600_800.png,/scratch/parceirosbr/bigoilict/share/BigOil/document_generator/datasets/documents_2021_12_28/39cov_els_20211228_170146_7860645989_600_800.png,39cov_els_20211228_170146_7860645989_600_800_mask.png,nan
21,4,43,8,40,370,83,378,40,370,83,370,83,378,40,378,sub_line_text,text,text_11,opensans,regular,6,39cov_els_20211228_170146_7860645989_600_800.png,/scratch/parceirosbr/bigoilict/share/BigOil/document_generator/datasets/documents_2021_12_28/39cov_els_20211228_170146_7860645989_600_800.png,39cov_els_20211228_170146_7860645989_600_800_mask.png,The increasing.
21,4,43,8,40,370,83,378,40,370,83,370,83,378,40,378,text,text,text_11,opensans,regular,6,39cov_els_20211228_170146_7860645989_600_800.png,/scratch/parceirosbr/bigoilict/share/BigOil/document_generator/datasets/documents_2021_12_28/39cov_els_20211228_170146_7860645989_600_800.png,39cov_els_20211228_170146_7860645989_600_800_mask.png,nan
17,4,34,9,214,223,248,232,214,223,248,223,248,232,214,232,sub_line_text,subsubtitle,subsubtitle_1,opensans,bolditalic,7,39cov_els_20211228_170146_7860645989_600_800.png,/scratch/parceirosbr/bigoilict/share/BigOil/document_generator/datasets/documents_2021_12_28/39cov_els_20211228_170146_7860645989_600_800.png,39cov_els_20211228_170146_7860645989_600_800_mask.png,ABSTRACT
17,4,34,9,214,223,248,232,214,223,248,223,248,232,214,232,title,subsubtitle,subsubtitle_1,opensans,bolditalic,7,39cov_els_20211228_170146_7860645989_600_800.png,/scratch/parceirosbr/bigoilict/share/BigOil/document_generator/datasets/documents_2021_12_28/39cov_els_20211228_170146_7860645989_600_800.png,39cov_els_20211228_170146_7860645989_600_800_mask.png,nan
164,1,328,2,212,239,540,241,212,239,540,239,540,241,212,241,line,line,line,,,,39cov_els_20211228_170146_7860645989_600_800.png,/scratch/parceirosbr/bigoilict/share/BigOil/document_generator/datasets/documents_2021_12_28/39cov_els_20211228_170146_7860645989_600_800.png,39cov_els_20211228_170146_7860645989_600_800_mask.png,
161,4,323,8,214,247,537,255,214,247,537,247,537,255,214,255,sub_line_text,text,text_12,opensans,regular,6,39cov_els_20211228_170146_7860645989_600_800.png,/scratch/parceirosbr/bigoilict/share/BigOil/document_generator/datasets/documents_2021_12_28/39cov_els_20211228_170146_7860645989_600_800.png,39cov_els_20211228_170146_7860645989_600_800_mask.png,A  37  mostra  perfis  de  fração  molar  do  etanol  na  fase  vapor  em  alguns estágios de equilíbrio da coluna
161,4,322,8,214,259,536,267,214,259,536,259,536,267,214,267,sub_line_text,text,text_12,opensans,regular,6,39cov_els_20211228_170146_7860645989_600_800.png,/scratch/parceirosbr/bigoilict/share/BigOil/document_generator/datasets/documents_2021_12_28/39cov_els_20211228_170146_7860645989_600_800.png,39cov_els_20211228_170146_7860645989_600_800_mask.png,"(estágios  1,  5,  15  e  38).  A  busca  por  novas  fontes  de  energia ocorre tanto nos países desenvolvidos, que"
161,4,322,8,214,271,536,279,214,271,536,271,536,279,214,279,sub_line_text,text,text_12,opensans,regular,6,39cov_els_20211228_170146_7860645989_600_800.png,/scratch/parceirosbr/bigoilict/share/BigOil/document_generator/datasets/documents_2021_12_28/39cov_els_20211228_170146_7860645989_600_800.png,39cov_els_20211228_170146_7860645989_600_800_mask.png,"já  apresentam  um  patamar  equilibrado  na  demanda  de  energia  quanto  em países em desenvolvimento,"
161,4,323,8,214,283,537,291,214,283,537,283,537,291,214,291,sub_line_text,text,text_12,opensans,regular,6,39cov_els_20211228_170146_7860645989_600_800.png,/scratch/parceirosbr/bigoilict/share/BigOil/document_generator/datasets/documents_2021_12_28/39cov_els_20211228_170146_7860645989_600_800.png,39cov_els_20211228_170146_7860645989_600_800_mask.png,onde   esta   ainda   é  crescente.  A  presença  de  espécies  de  crustáceos  representativas  e  abundantemente
161,4,323,8,214,295,537,303,214,295,537,295,537,303,214,303,sub_line_text,text,text_12,opensans,regular,6,39cov_els_20211228_170146_7860645989_600_800.png,/scratch/parceirosbr/bigoilict/share/BigOil/document_generator/datasets/documents_2021_12_28/39cov_els_20211228_170146_7860645989_600_800.png,39cov_els_20211228_170146_7860645989_600_800_mask.png,"encontradas  em  diversas  áreas  do  estuário,  também  contribui  para  o  desenvolvimento  destas  metodol-"
161,4,322,8,214,307,536,315,214,307,536,307,536,315,214,315,sub_line_text,text,text_12,opensans,regular,6,39cov_els_20211228_170146_7860645989_600_800.png,/scratch/parceirosbr/bigoilict/share/BigOil/document_generator/datasets/documents_2021_12_28/39cov_els_20211228_170146_7860645989_600_800.png,39cov_els_20211228_170146_7860645989_600_800_mask.png,ogias.  113.3  de  diferentes  matrizes  na  avaliação  da  contaminação  de em ambientes marinhos. A partir de
161,4,322,8,214,319,536,327,214,319,536,319,536,327,214,327,sub_line_text,text,text_12,opensans,regular,6,39cov_els_20211228_170146_7860645989_600_800.png,/scratch/parceirosbr/bigoilict/share/BigOil/document_generator/datasets/documents_2021_12_28/39cov_els_20211228_170146_7860645989_600_800.png,39cov_els_20211228_170146_7860645989_600_800_mask.png,"1990,   a   produção  brasileira  retomou  um  ritmo  de  crescimento  sustentado,  7,1%  de  incremento  anual,"
161,4,322,8,214,331,536,339,214,331,536,331,536,339,214,339,sub_line_text,text,text_12,opensans,regular,6,39cov_els_20211228_170146_7860645989_600_800.png,/scratch/parceirosbr/bigoilict/share/BigOil/document_generator/datasets/documents_2021_12_28/39cov_els_20211228_170146_7860645989_600_800.png,39cov_els_20211228_170146_7860645989_600_800_mask.png,em   decorrência  sobretudo  da  expansão  da  produção  de  petróleo.  27  6:  (em  103tep).  No  contexto  do
161,4,323,8,214,343,537,351,214,343,537,343,537,351,214,351,sub_line_text,text,text_12,opensans,regular,6,39cov_els_20211228_170146_7860645989_600_800.png,/scratch/parceirosbr/bigoilict/share/BigOil/document_generator/datasets/documents_2021_12_28/39cov_els_20211228_170146_7860645989_600_800.png,39cov_els_20211228_170146_7860645989_600_800_mask.png,"de  as  entidades  envolvidas  coma  do  tal  qual  determina  a resolucao do passam a serobrigadas a detalhar,"
161,4,322,8,214,355,536,363,214,355,536,355,536,363,214,363,sub_line_text,text,text_12,opensans,regular,6,39cov_els_20211228_170146_7860645989_600_800.png,/scratch/parceirosbr/bigoilict/share/BigOil/document_generator/datasets/documents_2021_12_28/39cov_els_20211228_170146_7860645989_600_800.png,39cov_els_20211228_170146_7860645989_600_800_mask.png,"de  maneira  minuciosa,  um  conjunto  de  acoes  a  serem  realizadasem  caso  de  vazamentos, visando uma"
161,4,322,8,214,367,536,375,214,367,536,367,536,375,214,375,sub_line_text,text,text_12,opensans,regular,6,39cov_els_20211228_170146_7860645989_600_800.png,/scratch/parceirosbr/bigoilict/share/BigOil/document_generator/datasets/documents_2021_12_28/39cov_els_20211228_170146_7860645989_600_800.png,39cov_els_20211228_170146_7860645989_600_800_mask.png,"resposta  rapida  e  efetiva,  e  que  minimize  os  danoscausados  ao  meio ambiente. In the case of variations"
148,4,297,8,214,379,511,387,214,379,511,379,511,387,214,387,sub_line_text,text,text_12,opensans,regular,6,39cov_els_20211228_170146_7860645989_600_800.png,/scratch/parceirosbr/bigoilict/share/BigOil/document_generator/datasets/documents_2021_12_28/39cov_els_20211228_170146_7860645989_600_800.png,39cov_els_20211228_170146_7860645989_600_800_mask.png,"in the setpoint, it showed better performance when applied to both the 2-DOF and the 4-DOF systems."
161,70,323,140,214,247,537,387,214,247,537,247,537,387,214,387,text,text,text_12,opensans,regular,6,39cov_els_20211228_170146_7860645989_600_800.png,/scratch/parceirosbr/bigoilict/share/BigOil/document_generator/datasets/documents_2021_12_28/39cov_els_20211228_170146_7860645989_600_800.png,39cov_els_20211228_170146_7860645989_600_800_mask.png,nan
36,4,73,8,466,391,539,399,466,391,539,391,539,399,466,399,sub_line_text,text,text_13,opensans,regular,6,39cov_els_20211228_170146_7860645989_600_800.png,/scratch/parceirosbr/bigoilict/share/BigOil/document_generator/datasets/documents_2021_12_28/39cov_els_20211228_170146_7860645989_600_800.png,39cov_els_20211228_170146_7860645989_600_800_mask.png,"In 2011, following strong."
36,4,73,8,466,391,539,399,466,391,539,391,539,399,466,399,text,text,text_13,opensans,regular,6,39cov_els_20211228_170146_7860645989_600_800.png,/scratch/parceirosbr/bigoilict/share/BigOil/document_generator/datasets/documents_2021_12_28/39cov_els_20211228_170146_7860645989_600_800.png,39cov_els_20211228_170146_7860645989_600_800_mask.png,nan
250,1,501,2,38,410,539,412,38,410,539,410,539,412,38,412,line,line,line,,,,39cov_els_20211228_170146_7860645989_600_800.png,/scratch/parceirosbr/bigoilict/share/BigOil/document_generator/datasets/documents_2021_12_28/39cov_els_20211228_170146_7860645989_600_800.png,39cov_els_20211228_170146_7860645989_600_800_mask.png,
26,3,52,7,40,687,92,694,40,687,92,687,92,694,40,694,sub_line_text,text,text_14,opensans,italic,5,39cov_els_20211228_170146_7860645989_600_800.png,/scratch/parceirosbr/bigoilict/share/BigOil/document_generator/datasets/documents_2021_12_28/39cov_els_20211228_170146_7860645989_600_800.png,39cov_els_20211228_170146_7860645989_600_800_mask.png,Much of the mechanical.
26,3,52,7,40,687,92,694,40,687,92,687,92,694,40,694,text,text,text_14,opensans,italic,5,39cov_els_20211228_170146_7860645989_600_800.png,/scratch/parceirosbr/bigoilict/share/BigOil/document_generator/datasets/documents_2021_12_28/39cov_els_20211228_170146_7860645989_600_800.png,39cov_els_20211228_170146_7860645989_600_800_mask.png,nan
13,3,26,7,40,680,66,687,40,680,66,680,66,687,40,687,sub_line_text,text,text_15,opensans,italic,5,39cov_els_20211228_170146_7860645989_600_800.png,/scratch/parceirosbr/bigoilict/share/BigOil/document_generator/datasets/documents_2021_12_28/39cov_els_20211228_170146_7860645989_600_800.png,39cov_els_20211228_170146_7860645989_600_800_mask.png,"*    In 1998,."
13,3,26,7,40,680,66,687,40,680,66,680,66,687,40,687,text,text,text_15,opensans,italic,5,39cov_els_20211228_170146_7860645989_600_800.png,/scratch/parceirosbr/bigoilict/share/BigOil/document_generator/datasets/documents_2021_12_28/39cov_els_20211228_170146_7860645989_600_800.png,39cov_els_20211228_170146_7860645989_600_800_mask.png,nan
25,1,51,2,38,670,89,672,38,670,89,670,89,672,38,672,line,line,line,,,,39cov_els_20211228_170146_7860645989_600_800.png,/scratch/parceirosbr/bigoilict/share/BigOil/document_generator/datasets/documents_2021_12_28/39cov_els_20211228_170146_7860645989_600_800.png,39cov_els_20211228_170146_7860645989_600_800_mask.png,
37,5,75,10,40,423,115,433,40,423,115,423,115,433,40,433,sub_line_text,subtitle,subtitle_0,opensans,italic,8,39cov_els_20211228_170146_7860645989_600_800.png,/scratch/parceirosbr/bigoilict/share/BigOil/document_generator/datasets/documents_2021_12_28/39cov_els_20211228_170146_7860645989_600_800.png,39cov_els_20211228_170146_7860645989_600_800_mask.png,"CO2, segundo é mais"
37,5,75,10,40,423,115,433,40,423,115,423,115,433,40,433,title,subtitle,subtitle_0,opensans,italic,8,39cov_els_20211228_170146_7860645989_600_800.png,/scratch/parceirosbr/bigoilict/share/BigOil/document_generator/datasets/documents_2021_12_28/39cov_els_20211228_170146_7860645989_600_800.png,39cov_els_20211228_170146_7860645989_600_800_mask.png,nan
103,4,206,8,70,438,276,446,70,438,276,438,276,446,70,446,sub_line_text,text,text_16,opensans,regular,6,39cov_els_20211228_170146_7860645989_600_800.png,/scratch/parceirosbr/bigoilict/share/BigOil/document_generator/datasets/documents_2021_12_28/39cov_els_20211228_170146_7860645989_600_800.png,39cov_els_20211228_170146_7860645989_600_800_mask.png,As  not  all  wells  contained  checkshot  information  (which  are well
118,4,236,8,40,450,276,458,40,450,276,450,276,458,40,458,sub_line_text,text,text_16,opensans,regular,6,39cov_els_20211228_170146_7860645989_600_800.png,/scratch/parceirosbr/bigoilict/share/BigOil/document_generator/datasets/documents_2021_12_28/39cov_els_20211228_170146_7860645989_600_800.png,39cov_els_20211228_170146_7860645989_600_800_mask.png,"points  with  known  depth  and  time),  the  seismic-well  calibration was perfo-"
118,4,236,8,40,462,276,470,40,462,276,462,276,470,40,470,sub_line_text,text,text_16,opensans,regular,6,39cov_els_20211228_170146_7860645989_600_800.png,/scratch/parceirosbr/bigoilict/share/BigOil/document_generator/datasets/documents_2021_12_28/39cov_els_20211228_170146_7860645989_600_800.png,39cov_els_20211228_170146_7860645989_600_800_mask.png,"rmed  using  sonic  profile  data,  in  addition  to information available in the w-"
118,4,236,8,40,474,276,482,40,474,276,474,276,482,40,482,sub_line_text,text,text_16,opensans,regular,6,39cov_els_20211228_170146_7860645989_600_800.png,/scratch/parceirosbr/bigoilict/share/BigOil/document_generator/datasets/documents_2021_12_28/39cov_els_20211228_170146_7860645989_600_800.png,39cov_els_20211228_170146_7860645989_600_800_mask.png,"ell  folders  and  composite  profiles.  Para  o  autor,  outros  que  podem ter pa-"
117,4,235,8,40,486,275,494,40,486,275,486,275,494,40,494,sub_line_text,text,text_16,opensans,regular,6,39cov_els_20211228_170146_7860645989_600_800.png,/scratch/parceirosbr/bigoilict/share/BigOil/document_generator/datasets/documents_2021_12_28/39cov_els_20211228_170146_7860645989_600_800.png,39cov_els_20211228_170146_7860645989_600_800_mask.png,"pel  significante  são  o  fluoreno,  o  antraceno  e  o  fenantreno.  Para avaliar os"
117,4,235,8,40,498,275,506,40,498,275,498,275,506,40,506,sub_line_text,text,text_16,opensans,regular,6,39cov_els_20211228_170146_7860645989_600_800.png,/scratch/parceirosbr/bigoilict/share/BigOil/document_generator/datasets/documents_2021_12_28/39cov_els_20211228_170146_7860645989_600_800.png,39cov_els_20211228_170146_7860645989_600_800_mask.png,valores  obtidos  nas  componentes  principais  foram  considerados  valores si-
117,4,235,8,40,510,275,518,40,510,275,510,275,518,40,518,sub_line_text,text,text_16,opensans,regular,6,39cov_els_20211228_170146_7860645989_600_800.png,/scratch/parceirosbr/bigoilict/share/BigOil/document_generator/datasets/documents_2021_12_28/39cov_els_20211228_170146_7860645989_600_800.png,39cov_els_20211228_170146_7860645989_600_800_mask.png,"gnificativos  maiores  que  0,5  em  módulo.  Another  highlight  of  this  month"
108,4,216,8,40,522,256,530,40,522,256,522,256,530,40,530,sub_line_text,text,text_16,opensans,regular,6,39cov_els_20211228_170146_7860645989_600_800.png,/scratch/parceirosbr/bigoilict/share/BigOil/document_generator/datasets/documents_2021_12_28/39cov_els_20211228_170146_7860645989_600_800.png,39cov_els_20211228_170146_7860645989_600_800_mask.png,is the first prior authorization from whose project will be carried out in p.
118,46,236,92,40,438,276,530,40,438,276,438,276,530,40,530,text,text,text_16,opensans,regular,6,39cov_els_20211228_170146_7860645989_600_800.png,/scratch/parceirosbr/bigoilict/share/BigOil/document_generator/datasets/documents_2021_12_28/39cov_els_20211228_170146_7860645989_600_800.png,39cov_els_20211228_170146_7860645989_600_800_mask.png,nan
102,4,205,8,70,535,275,543,70,535,275,535,275,543,70,543,sub_line_text,text,text_17,opensans,regular,6,39cov_els_20211228_170146_7860645989_600_800.png,/scratch/parceirosbr/bigoilict/share/BigOil/document_generator/datasets/documents_2021_12_28/39cov_els_20211228_170146_7860645989_600_800.png,39cov_els_20211228_170146_7860645989_600_800_mask.png,"For   a   homogeneous   material,  the  probability  of  non-failure  can"
117,4,235,8,40,547,275,555,40,547,275,547,275,555,40,555,sub_line_text,text,text_17,opensans,regular,6,39cov_els_20211228_170146_7860645989_600_800.png,/scratch/parceirosbr/bigoilict/share/BigOil/document_generator/datasets/documents_2021_12_28/39cov_els_20211228_170146_7860645989_600_800.png,39cov_els_20211228_170146_7860645989_600_800_mask.png,be   found  by  integrating  the  property  over  the  volume.  90  (eq.  Park  of  fi-
118,4,236,8,40,559,276,567,40,559,276,559,276,567,40,567,sub_line_text,text,text_17,opensans,regular,6,39cov_els_20211228_170146_7860645989_600_800.png,/scratch/parceirosbr/bigoilict/share/BigOil/document_generator/datasets/documents_2021_12_28/39cov_els_20211228_170146_7860645989_600_800.png,39cov_els_20211228_170146_7860645989_600_800_mask.png,"xed   installations,  comprising  tanks,  equipment  and  buildings  (administrati-"
117,4,235,8,40,571,275,579,40,571,275,571,275,579,40,579,sub_line_text,text,text_17,opensans,regular,6,39cov_els_20211228_170146_7860645989_600_800.png,/scratch/parceirosbr/bigoilict/share/BigOil/document_generator/datasets/documents_2021_12_28/39cov_els_20211228_170146_7860645989_600_800.png,39cov_els_20211228_170146_7860645989_600_800_mask.png,"on,  maintenance  and  others),  with  the  purpose  of  receiving,  storing and di-"
117,4,235,8,40,583,275,591,40,583,275,583,275,591,40,591,sub_line_text,text,text_17,opensans,regular,6,39cov_els_20211228_170146_7860645989_600_800.png,/scratch/parceirosbr/bigoilict/share/BigOil/document_generator/datasets/documents_2021_12_28/39cov_els_20211228_170146_7860645989_600_800.png,39cov_els_20211228_170146_7860645989_600_800_mask.png,"stributing  aviation  fuels,  located  inside  a  public  or  private  aerodrome, whi-"
117,4,235,8,40,595,275,603,40,595,275,595,275,603,40,603,sub_line_text,text,text_17,opensans,regular,6,39cov_els_20211228_170146_7860645989_600_800.png,/scratch/parceirosbr/bigoilict/share/BigOil/document_generator/datasets/documents_2021_12_28/39cov_els_20211228_170146_7860645989_600_800.png,39cov_els_20211228_170146_7860645989_600_800_mask.png,"ch  meets  the  rules  of  the  local  airport  administration,  the the competent e-"
117,4,235,8,40,607,275,615,40,607,275,607,275,615,40,615,sub_line_text,text,text_17,opensans,regular,6,39cov_els_20211228_170146_7860645989_600_800.png,/scratch/parceirosbr/bigoilict/share/BigOil/document_generator/datasets/documents_2021_12_28/39cov_els_20211228_170146_7860645989_600_800.png,39cov_els_20211228_170146_7860645989_600_800_mask.png,"nvironmental   agency  and  the  municipal  attitudes.  (Source:  n  18,  of  26/7/2-"
117,4,235,8,40,619,275,627,40,619,275,619,275,627,40,627,sub_line_text,text,text_17,opensans,regular,6,39cov_els_20211228_170146_7860645989_600_800.png,/scratch/parceirosbr/bigoilict/share/BigOil/document_generator/datasets/documents_2021_12_28/39cov_els_20211228_170146_7860645989_600_800.png,39cov_els_20211228_170146_7860645989_600_800_mask.png,"006).   A  extração  das  informações  é  manual,  realizada  diretamente  sobre  as"
110,4,220,8,40,631,260,639,40,631,260,631,260,639,40,639,sub_line_text,text,text_17,opensans,regular,6,39cov_els_20211228_170146_7860645989_600_800.png,/scratch/parceirosbr/bigoilict/share/BigOil/document_generator/datasets/documents_2021_12_28/39cov_els_20211228_170146_7860645989_600_800.png,39cov_els_20211228_170146_7860645989_600_800_mask.png,imagens digitais consideradas e depende principalmente da experiência do.
118,52,236,104,40,535,276,639,40,535,276,535,276,639,40,639,text,text,text_17,opensans,regular,6,39cov_els_20211228_170146_7860645989_600_800.png,/scratch/parceirosbr/bigoilict/share/BigOil/document_generator/datasets/documents_2021_12_28/39cov_els_20211228_170146_7860645989_600_800.png,39cov_els_20211228_170146_7860645989_600_800_mask.png,nan
103,4,206,8,331,423,537,431,331,423,537,423,537,431,331,431,sub_line_text,text,text_18,opensans,regular,6,39cov_els_20211228_170146_7860645989_600_800.png,/scratch/parceirosbr/bigoilict/share/BigOil/document_generator/datasets/documents_2021_12_28/39cov_els_20211228_170146_7860645989_600_800.png,39cov_els_20211228_170146_7860645989_600_800_mask.png,De  acordo  com  a  parte  polar  pode-se  classificar os tensoativos em
117,4,235,8,301,435,536,443,301,435,536,435,536,443,301,443,sub_line_text,text,text_18,opensans,regular,6,39cov_els_20211228_170146_7860645989_600_800.png,/scratch/parceirosbr/bigoilict/share/BigOil/document_generator/datasets/documents_2021_12_28/39cov_els_20211228_170146_7860645989_600_800.png,39cov_els_20211228_170146_7860645989_600_800_mask.png,"aniônicos,  catiônicos  não  iônicos  e  zwitteriônicos.  4.1.1.  Debye-Hückel na f-"
117,4,235,8,301,447,536,455,301,447,536,447,536,455,301,455,sub_line_text,text,text_18,opensans,regular,6,39cov_els_20211228_170146_7860645989_600_800.png,/scratch/parceirosbr/bigoilict/share/BigOil/document_generator/datasets/documents_2021_12_28/39cov_els_20211228_170146_7860645989_600_800.png,39cov_els_20211228_170146_7860645989_600_800_mask.png,"orma  para  o  coeciente  osmótico,  isto  é:f  MX  A.  De  1999  a 2007, foi constat-"
118,4,236,8,301,459,537,467,301,459,537,459,537,467,301,467,sub_line_text,text,text_18,opensans,regular,6,39cov_els_20211228_170146_7860645989_600_800.png,/scratch/parceirosbr/bigoilict/share/BigOil/document_generator/datasets/documents_2021_12_28/39cov_els_20211228_170146_7860645989_600_800.png,39cov_els_20211228_170146_7860645989_600_800_mask.png,"ado  um  decréscimo  anual  médio  de  1,9%  nas  queimas  e perdas de gás nat-"
117,4,235,8,301,471,536,479,301,471,536,471,536,479,301,479,sub_line_text,text,text_18,opensans,regular,6,39cov_els_20211228_170146_7860645989_600_800.png,/scratch/parceirosbr/bigoilict/share/BigOil/document_generator/datasets/documents_2021_12_28/39cov_els_20211228_170146_7860645989_600_800.png,39cov_els_20211228_170146_7860645989_600_800_mask.png,"ural.  Import  and  export  of  oil  products,  according  to  geographic  regions (-"
118,4,236,8,301,483,537,491,301,483,537,483,537,491,301,491,sub_line_text,text,text_18,opensans,regular,6,39cov_els_20211228_170146_7860645989_600_800.png,/scratch/parceirosbr/bigoilict/share/BigOil/document_generator/datasets/documents_2021_12_28/39cov_els_20211228_170146_7860645989_600_800.png,39cov_els_20211228_170146_7860645989_600_800_mask.png,thousand   barrels)   2013  127.  This  is  because  the  functional  groups  present
117,4,235,8,301,495,536,503,301,495,536,495,536,503,301,503,sub_line_text,text,text_18,opensans,regular,6,39cov_els_20211228_170146_7860645989_600_800.png,/scratch/parceirosbr/bigoilict/share/BigOil/document_generator/datasets/documents_2021_12_28/39cov_els_20211228_170146_7860645989_600_800.png,39cov_els_20211228_170146_7860645989_600_800_mask.png,"in  the  oil  and  biodiesel  are  the  same,  such as ester carbonyl and single and"
47,4,95,8,301,507,396,515,301,507,396,507,396,515,301,515,sub_line_text,text,text_18,opensans,regular,6,39cov_els_20211228_170146_7860645989_600_800.png,/scratch/parceirosbr/bigoilict/share/BigOil/document_generator/datasets/documents_2021_12_28/39cov_els_20211228_170146_7860645989_600_800.png,39cov_els_20211228_170146_7860645989_600_800_mask.png,double bonds between carbons.
118,46,236,92,301,423,537,515,301,423,537,423,537,515,301,515,text,text,text_18,opensans,regular,6,39cov_els_20211228_170146_7860645989_600_800.png,/scratch/parceirosbr/bigoilict/share/BigOil/document_generator/datasets/documents_2021_12_28/39cov_els_20211228_170146_7860645989_600_800.png,39cov_els_20211228_170146_7860645989_600_800_mask.png,nan
103,4,206,8,331,520,537,528,331,520,537,520,537,528,331,528,sub_line_text,text,text_19,opensans,regular,6,39cov_els_20211228_170146_7860645989_600_800.png,/scratch/parceirosbr/bigoilict/share/BigOil/document_generator/datasets/documents_2021_12_28/39cov_els_20211228_170146_7860645989_600_800.png,39cov_els_20211228_170146_7860645989_600_800_mask.png,"Innovation  developed  by  micro,  small  or  medium companies in t-"
117,4,235,8,301,532,536,540,301,532,536,532,536,540,301,540,sub_line_text,text,text_19,opensans,regular,6,39cov_els_20211228_170146_7860645989_600_800.png,/scratch/parceirosbr/bigoilict/share/BigOil/document_generator/datasets/documents_2021_12_28/39cov_els_20211228_170146_7860645989_600_800.png,39cov_els_20211228_170146_7860645989_600_800_mask.png,"he  oil,  natural  gas  and  biofuels  segment in collaboration with an oil compa-"
117,4,235,8,301,544,536,552,301,544,536,544,536,552,301,552,sub_line_text,text,text_19,opensans,regular,6,39cov_els_20211228_170146_7860645989_600_800.png,/scratch/parceirosbr/bigoilict/share/BigOil/document_generator/datasets/documents_2021_12_28/39cov_els_20211228_170146_7860645989_600_800.png,39cov_els_20211228_170146_7860645989_600_800_mask.png,ny.  It  was  observed  a  decrease  in viscosity of ionic liquids proportional to i-
117,4,235,8,301,556,536,564,301,556,536,556,536,564,301,564,sub_line_text,text,text_19,opensans,regular,6,39cov_els_20211228_170146_7860645989_600_800.png,/scratch/parceirosbr/bigoilict/share/BigOil/document_generator/datasets/documents_2021_12_28/39cov_els_20211228_170146_7860645989_600_800.png,39cov_els_20211228_170146_7860645989_600_800_mask.png,"ts  reuse.  This  means  that  electrons  can  occupy  the conduction band, causi-"
118,4,236,8,301,568,537,576,301,568,537,568,537,576,301,576,sub_line_text,text,text_19,opensans,regular,6,39cov_els_20211228_170146_7860645989_600_800.png,/scratch/parceirosbr/bigoilict/share/BigOil/document_generator/datasets/documents_2021_12_28/39cov_els_20211228_170146_7860645989_600_800.png,39cov_els_20211228_170146_7860645989_600_800_mask.png,"ng  vacant  states,  or  gaps,  in  the  valence  band.  promote  the privatization of"
118,4,236,8,301,580,537,588,301,580,537,580,537,588,301,588,sub_line_text,text,text_19,opensans,regular,6,39cov_els_20211228_170146_7860645989_600_800.png,/scratch/parceirosbr/bigoilict/share/BigOil/document_generator/datasets/documents_2021_12_28/39cov_els_20211228_170146_7860645989_600_800.png,39cov_els_20211228_170146_7860645989_600_800_mask.png,"economic   activities   explored,   exclusively,   by  state-owned  companies,  with"
117,4,235,8,301,592,536,600,301,592,536,592,536,600,301,600,sub_line_text,text,text_19,opensans,regular,6,39cov_els_20211228_170146_7860645989_600_800.png,/scratch/parceirosbr/bigoilict/share/BigOil/document_generator/datasets/documents_2021_12_28/39cov_els_20211228_170146_7860645989_600_800.png,39cov_els_20211228_170146_7860645989_600_800_mask.png,the  exception  of  constitutional  monopolies.287.  também  atua  como uma r-
117,4,235,8,301,604,536,612,301,604,536,604,536,612,301,612,sub_line_text,text,text_19,opensans,regular,6,39cov_els_20211228_170146_7860645989_600_800.png,/scratch/parceirosbr/bigoilict/share/BigOil/document_generator/datasets/documents_2021_12_28/39cov_els_20211228_170146_7860645989_600_800.png,39cov_els_20211228_170146_7860645989_600_800_mask.png,"egião   de   separação   para  diferentes  massas  dágua,  porém  em  superfície  e"
117,4,235,8,301,616,536,624,301,616,536,616,536,624,301,624,sub_line_text,text,text_19,opensans,regular,6,39cov_els_20211228_170146_7860645989_600_800.png,/scratch/parceirosbr/bigoilict/share/BigOil/document_generator/datasets/documents_2021_12_28/39cov_els_20211228_170146_7860645989_600_800.png,39cov_els_20211228_170146_7860645989_600_800_mask.png,geralmente  na  região  próxima  à  quebra  da.  A  mostra um modelo do equip-
117,4,235,8,301,628,536,636,301,628,536,628,536,636,301,636,sub_line_text,text,text_19,opensans,regular,6,39cov_els_20211228_170146_7860645989_600_800.png,/scratch/parceirosbr/bigoilict/share/BigOil/document_generator/datasets/documents_2021_12_28/39cov_els_20211228_170146_7860645989_600_800.png,39cov_els_20211228_170146_7860645989_600_800_mask.png,"amento  2370  constituído  por  uma  célula  dentro  de  uma  câmara  climática,"
118,4,236,8,301,640,537,648,301,640,537,640,537,648,301,648,sub_line_text,text,text_19,opensans,regular,6,39cov_els_20211228_170146_7860645989_600_800.png,/scratch/parceirosbr/bigoilict/share/BigOil/document_generator/datasets/documents_2021_12_28/39cov_els_20211228_170146_7860645989_600_800.png,39cov_els_20211228_170146_7860645989_600_800_mask.png,um  micro  computador  e  um  gasômetro.  A  ideia  do método é usar a afinid-
109,4,219,8,301,652,520,660,301,652,520,652,520,660,301,660,sub_line_text,text,text_19,opensans,regular,6,39cov_els_20211228_170146_7860645989_600_800.png,/scratch/parceirosbr/bigoilict/share/BigOil/document_generator/datasets/documents_2021_12_28/39cov_els_20211228_170146_7860645989_600_800.png,39cov_els_20211228_170146_7860645989_600_800_mask.png,ade da enzima por interfaces hidrofóbicas como uma estratégia de imobili.
118,70,236,140,301,520,537,660,301,520,537,520,537,660,301,660,text,text,text_19,opensans,regular,6,39cov_els_20211228_170146_7860645989_600_800.png,/scratch/parceirosbr/bigoilict/share/BigOil/document_generator/datasets/documents_2021_12_28/39cov_els_20211228_170146_7860645989_600_800.png,39cov_els_20211228_170146_7860645989_600_800_mask.png,nan
103,4,206,8,331,665,537,673,331,665,537,665,537,673,331,673,sub_line_text,text,text_20,opensans,regular,6,39cov_els_20211228_170146_7860645989_600_800.png,/scratch/parceirosbr/bigoilict/share/BigOil/document_generator/datasets/documents_2021_12_28/39cov_els_20211228_170146_7860645989_600_800.png,39cov_els_20211228_170146_7860645989_600_800_mask.png,A  superfície  de  inundação  máxima  corresponde  à  máxima  transg-
108,4,217,8,301,677,518,685,301,677,518,677,518,685,301,685,sub_line_text,text,text_20,opensans,regular,6,39cov_els_20211228_170146_7860645989_600_800.png,/scratch/parceirosbr/bigoilict/share/BigOil/document_generator/datasets/documents_2021_12_28/39cov_els_20211228_170146_7860645989_600_800.png,39cov_els_20211228_170146_7860645989_600_800_mask.png,"ressão ocorrida na sequência deposicional, estando posicionada entre o e."
118,10,236,20,301,665,537,685,301,665,537,665,537,685,301,685,text,text,text_20,opensans,regular,6,39cov_els_20211228_170146_7860645989_600_800.png,/scratch/parceirosbr/bigoilict/share/BigOil/document_generator/datasets/documents_2021_12_28/39cov_els_20211228_170146_7860645989_600_800.png,39cov_els_20211228_170146_7860645989_600_800_mask.png,nan
