center_x,center_y,width,height,xmin,ymin,xmax,ymax,top_left_x,top_left_y,top_right_x,top_right_y,bottom_right_x,bottom_right_y,bottom_left_x,bottom_left_y,label,grouplabel,group,text_font,text_style,size_font,filename,path,filename_mask,content
300,400,600,800,0,0,600,800,0,0,600,0,600,800,0,800,document,,,,,,39cov_els_20211228_170146_4216036250_600_800.png,/scratch/parceirosbr/bigoilict/share/BigOil/document_generator/datasets/documents_2021_12_28/39cov_els_20211228_170146_4216036250_600_800.png,39cov_els_20211228_170146_4216036250_600_800_mask.png,
45,3,90,7,256,65,346,72,256,65,346,65,346,72,256,72,sub_line_text,header,header_1,times,regular,6,39cov_els_20211228_170146_4216036250_600_800.png,/scratch/parceirosbr/bigoilict/share/BigOil/document_generator/datasets/documents_2021_12_28/39cov_els_20211228_170146_4216036250_600_800.png,39cov_els_20211228_170146_4216036250_600_800_mask.png,"Nos últimos anos, as celulases têm"
45,3,90,7,256,65,346,72,256,65,346,65,346,72,256,72,text,header,header_1,times,regular,6,39cov_els_20211228_170146_4216036250_600_800.png,/scratch/parceirosbr/bigoilict/share/BigOil/document_generator/datasets/documents_2021_12_28/39cov_els_20211228_170146_4216036250_600_800.png,39cov_els_20211228_170146_4216036250_600_800_mask.png,nan
251,1,503,2,50,79,553,81,50,79,553,79,553,81,50,81,line,line,line,,,,39cov_els_20211228_170146_4216036250_600_800.png,/scratch/parceirosbr/bigoilict/share/BigOil/document_generator/datasets/documents_2021_12_28/39cov_els_20211228_170146_4216036250_600_800.png,39cov_els_20211228_170146_4216036250_600_800_mask.png,nan
28,14,56,28,59,87,115,115,59,87,115,87,115,115,59,115,image,image,image,,,,39cov_els_20211228_170146_4216036250_600_800.png,/scratch/parceirosbr/bigoilict/share/BigOil/document_generator/datasets/documents_2021_12_28/39cov_els_20211228_170146_4216036250_600_800.png,39cov_els_20211228_170146_4216036250_600_800_mask.png,/scratch/parceirosbr/bigoilict/share/BigOil/document_generator/files_images_document_generator/logos\image_1400.jpg
13,14,26,28,501,87,527,115,501,87,527,87,527,115,501,115,image,image,image,,,,39cov_els_20211228_170146_4216036250_600_800.png,/scratch/parceirosbr/bigoilict/share/BigOil/document_generator/datasets/documents_2021_12_28/39cov_els_20211228_170146_4216036250_600_800.png,39cov_els_20211228_170146_4216036250_600_800_mask.png,/scratch/parceirosbr/bigoilict/share/BigOil/document_generator/files_images_document_generator/logos\image_60.jpg
48,3,97,7,252,87,349,94,252,87,349,87,349,94,252,94,sub_line_text,header,header_1,times,regular,6,39cov_els_20211228_170146_4216036250_600_800.png,/scratch/parceirosbr/bigoilict/share/BigOil/document_generator/datasets/documents_2021_12_28/39cov_els_20211228_170146_4216036250_600_800.png,39cov_els_20211228_170146_4216036250_600_800_mask.png,A caracterização ocorre pelos tons de
48,3,97,7,252,87,349,94,252,87,349,87,349,94,252,94,text,header,header_1,times,regular,6,39cov_els_20211228_170146_4216036250_600_800.png,/scratch/parceirosbr/bigoilict/share/BigOil/document_generator/datasets/documents_2021_12_28/39cov_els_20211228_170146_4216036250_600_800.png,39cov_els_20211228_170146_4216036250_600_800_mask.png,nan
60,7,121,14,240,94,361,108,240,94,361,94,361,108,240,108,sub_line_text,header,header_1,times,bold,12,39cov_els_20211228_170146_4216036250_600_800.png,/scratch/parceirosbr/bigoilict/share/BigOil/document_generator/datasets/documents_2021_12_28/39cov_els_20211228_170146_4216036250_600_800.png,39cov_els_20211228_170146_4216036250_600_800_mask.png,Referente 4-3.10 4-3.11;
60,7,121,14,240,94,361,108,240,94,361,94,361,108,240,108,text,header,header_1,times,bold,12,39cov_els_20211228_170146_4216036250_600_800.png,/scratch/parceirosbr/bigoilict/share/BigOil/document_generator/datasets/documents_2021_12_28/39cov_els_20211228_170146_4216036250_600_800.png,39cov_els_20211228_170146_4216036250_600_800_mask.png,nan
89,3,178,7,211,108,389,115,211,108,389,108,389,115,211,115,sub_line_text,header,header_1,times,regular,6,39cov_els_20211228_170146_4216036250_600_800.png,/scratch/parceirosbr/bigoilict/share/BigOil/document_generator/datasets/documents_2021_12_28/39cov_els_20211228_170146_4216036250_600_800.png,39cov_els_20211228_170146_4216036250_600_800_mask.png,"Já os mercados das regiões e estavam, em 2013, menos concentrados"
89,3,178,7,211,108,389,115,211,108,389,108,389,115,211,115,text,header,header_1,times,regular,6,39cov_els_20211228_170146_4216036250_600_800.png,/scratch/parceirosbr/bigoilict/share/BigOil/document_generator/datasets/documents_2021_12_28/39cov_els_20211228_170146_4216036250_600_800.png,39cov_els_20211228_170146_4216036250_600_800_mask.png,nan
251,1,503,2,50,122,553,124,50,122,553,122,553,124,50,124,line,line,line,,,,39cov_els_20211228_170146_4216036250_600_800.png,/scratch/parceirosbr/bigoilict/share/BigOil/document_generator/datasets/documents_2021_12_28/39cov_els_20211228_170146_4216036250_600_800.png,39cov_els_20211228_170146_4216036250_600_800_mask.png,nan
45,3,91,7,461,733,552,740,461,733,552,733,552,740,461,740,sub_line_text,footer,footer_1,times,regular,6,39cov_els_20211228_170146_4216036250_600_800.png,/scratch/parceirosbr/bigoilict/share/BigOil/document_generator/datasets/documents_2021_12_28/39cov_els_20211228_170146_4216036250_600_800.png,39cov_els_20211228_170146_4216036250_600_800_mask.png,"Similarmente ao petróleo, a maior"
45,3,91,7,461,733,552,740,461,733,552,733,552,740,461,740,text,footer,footer_1,times,regular,6,39cov_els_20211228_170146_4216036250_600_800.png,/scratch/parceirosbr/bigoilict/share/BigOil/document_generator/datasets/documents_2021_12_28/39cov_els_20211228_170146_4216036250_600_800.png,39cov_els_20211228_170146_4216036250_600_800_mask.png,nan
64,3,128,7,424,740,552,747,424,740,552,740,552,747,424,747,sub_line_text,footer,footer_1,times,regular,6,39cov_els_20211228_170146_4216036250_600_800.png,/scratch/parceirosbr/bigoilict/share/BigOil/document_generator/datasets/documents_2021_12_28/39cov_els_20211228_170146_4216036250_600_800.png,39cov_els_20211228_170146_4216036250_600_800_mask.png,"Embora pareça contraditória à tradição liberal, a"
64,3,128,7,424,740,552,747,424,740,552,740,552,747,424,747,text,footer,footer_1,times,regular,6,39cov_els_20211228_170146_4216036250_600_800.png,/scratch/parceirosbr/bigoilict/share/BigOil/document_generator/datasets/documents_2021_12_28/39cov_els_20211228_170146_4216036250_600_800.png,39cov_els_20211228_170146_4216036250_600_800_mask.png,nan
182,7,365,14,50,133,415,147,50,133,415,133,415,147,50,147,sub_line_text,title,title_0,times,bold,12,39cov_els_20211228_170146_4216036250_600_800.png,/scratch/parceirosbr/bigoilict/share/BigOil/document_generator/datasets/documents_2021_12_28/39cov_els_20211228_170146_4216036250_600_800.png,39cov_els_20211228_170146_4216036250_600_800_mask.png,"Cálculo   estrutura-se   avaliação   prospectiva  custos  serviços,  remun-"
48,7,96,14,50,148,146,162,50,148,146,148,146,162,50,162,sub_line_text,title,title_0,times,bold,12,39cov_els_20211228_170146_4216036250_600_800.png,/scratch/parceirosbr/bigoilict/share/BigOil/document_generator/datasets/documents_2021_12_28/39cov_els_20211228_170146_4216036250_600_800.png,39cov_els_20211228_170146_4216036250_600_800_mask.png,eração depreciação
182,14,365,29,50,133,415,162,50,133,415,133,415,162,50,162,title,title,title_0,times,bold,12,39cov_els_20211228_170146_4216036250_600_800.png,/scratch/parceirosbr/bigoilict/share/BigOil/document_generator/datasets/documents_2021_12_28/39cov_els_20211228_170146_4216036250_600_800.png,39cov_els_20211228_170146_4216036250_600_800_mask.png,nan
104,5,208,10,50,174,258,184,50,174,258,174,258,184,50,184,sub_line_text,text,text_0,times,regular,8,39cov_els_20211228_170146_4216036250_600_800.png,/scratch/parceirosbr/bigoilict/share/BigOil/document_generator/datasets/documents_2021_12_28/39cov_els_20211228_170146_4216036250_600_800.png,39cov_els_20211228_170146_4216036250_600_800_mask.png,"Aimee Richards, John Jones, Judith Fuller, William Yarborough"
104,5,208,10,50,174,258,184,50,174,258,174,258,184,50,184,text,text,text_0,times,regular,8,39cov_els_20211228_170146_4216036250_600_800.png,/scratch/parceirosbr/bigoilict/share/BigOil/document_generator/datasets/documents_2021_12_28/39cov_els_20211228_170146_4216036250_600_800.png,39cov_els_20211228_170146_4216036250_600_800_mask.png,nan
146,5,292,11,50,196,342,207,50,196,342,196,342,207,50,207,sub_line_text,text,text_1,times,italic,9,39cov_els_20211228_170146_4216036250_600_800.png,/scratch/parceirosbr/bigoilict/share/BigOil/document_generator/datasets/documents_2021_12_28/39cov_els_20211228_170146_4216036250_600_800.png,39cov_els_20211228_170146_4216036250_600_800_mask.png,"Porque plano ajuda mútua uma coisa indústria petróleo conhece, que está"
146,5,292,11,50,196,342,207,50,196,342,196,342,207,50,207,text,text,text_1,times,italic,9,39cov_els_20211228_170146_4216036250_600_800.png,/scratch/parceirosbr/bigoilict/share/BigOil/document_generator/datasets/documents_2021_12_28/39cov_els_20211228_170146_4216036250_600_800.png,39cov_els_20211228_170146_4216036250_600_800_mask.png,nan
48,38,96,77,449,139,545,216,449,139,545,139,545,216,449,216,image,image,image,,,,39cov_els_20211228_170146_4216036250_600_800.png,/scratch/parceirosbr/bigoilict/share/BigOil/document_generator/datasets/documents_2021_12_28/39cov_els_20211228_170146_4216036250_600_800.png,39cov_els_20211228_170146_4216036250_600_800_mask.png,/scratch/parceirosbr/bigoilict/share/BigOil/document_generator/files_images_document_generator/logos\image_113.jpg
29,4,58,9,50,219,108,228,50,219,108,219,108,228,50,228,sub_line_text,subsubtitle,subsubtitle_0,times,regular,7,39cov_els_20211228_170146_4216036250_600_800.png,/scratch/parceirosbr/bigoilict/share/BigOil/document_generator/datasets/documents_2021_12_28/39cov_els_20211228_170146_4216036250_600_800.png,39cov_els_20211228_170146_4216036250_600_800_mask.png,"Deste total, milhões"
29,4,58,9,50,219,108,228,50,219,108,219,108,228,50,228,title,subsubtitle,subsubtitle_0,times,regular,7,39cov_els_20211228_170146_4216036250_600_800.png,/scratch/parceirosbr/bigoilict/share/BigOil/document_generator/datasets/documents_2021_12_28/39cov_els_20211228_170146_4216036250_600_800.png,39cov_els_20211228_170146_4216036250_600_800_mask.png,nan
78,1,156,2,48,235,204,237,48,235,204,235,204,237,48,237,line,line,line,,,,39cov_els_20211228_170146_4216036250_600_800.png,/scratch/parceirosbr/bigoilict/share/BigOil/document_generator/datasets/documents_2021_12_28/39cov_els_20211228_170146_4216036250_600_800.png,39cov_els_20211228_170146_4216036250_600_800_mask.png,
31,3,62,7,50,243,112,250,50,243,112,243,112,250,50,250,sub_line_text,text,text_2,times,regular,6,39cov_els_20211228_170146_4216036250_600_800.png,/scratch/parceirosbr/bigoilict/share/BigOil/document_generator/datasets/documents_2021_12_28/39cov_els_20211228_170146_4216036250_600_800.png,39cov_els_20211228_170146_4216036250_600_800_mask.png,Customizing lipases for.
31,3,62,7,50,243,112,250,50,243,112,243,112,250,50,250,text,text,text_2,times,regular,6,39cov_els_20211228_170146_4216036250_600_800.png,/scratch/parceirosbr/bigoilict/share/BigOil/document_generator/datasets/documents_2021_12_28/39cov_els_20211228_170146_4216036250_600_800.png,39cov_els_20211228_170146_4216036250_600_800_mask.png,nan
37,3,74,7,50,254,124,261,50,254,124,254,124,261,50,261,sub_line_text,text,text_3,times,regular,6,39cov_els_20211228_170146_4216036250_600_800.png,/scratch/parceirosbr/bigoilict/share/BigOil/document_generator/datasets/documents_2021_12_28/39cov_els_20211228_170146_4216036250_600_800.png,39cov_els_20211228_170146_4216036250_600_800_mask.png,Várias decisões são tomadas.
37,3,74,7,50,254,124,261,50,254,124,254,124,261,50,261,text,text,text_3,times,regular,6,39cov_els_20211228_170146_4216036250_600_800.png,/scratch/parceirosbr/bigoilict/share/BigOil/document_generator/datasets/documents_2021_12_28/39cov_els_20211228_170146_4216036250_600_800.png,39cov_els_20211228_170146_4216036250_600_800_mask.png,nan
48,3,97,7,50,265,147,272,50,265,147,265,147,272,50,272,sub_line_text,text,text_4,times,regular,6,39cov_els_20211228_170146_4216036250_600_800.png,/scratch/parceirosbr/bigoilict/share/BigOil/document_generator/datasets/documents_2021_12_28/39cov_els_20211228_170146_4216036250_600_800.png,39cov_els_20211228_170146_4216036250_600_800_mask.png,"Amplamente, a composição atual de."
48,3,97,7,50,265,147,272,50,265,147,265,147,272,50,272,text,text,text_4,times,regular,6,39cov_els_20211228_170146_4216036250_600_800.png,/scratch/parceirosbr/bigoilict/share/BigOil/document_generator/datasets/documents_2021_12_28/39cov_els_20211228_170146_4216036250_600_800.png,39cov_els_20211228_170146_4216036250_600_800_mask.png,nan
42,3,85,7,50,276,135,283,50,276,135,276,135,283,50,283,sub_line_text,text,text_5,times,regular,6,39cov_els_20211228_170146_4216036250_600_800.png,/scratch/parceirosbr/bigoilict/share/BigOil/document_generator/datasets/documents_2021_12_28/39cov_els_20211228_170146_4216036250_600_800.png,39cov_els_20211228_170146_4216036250_600_800_mask.png,Os hidrocarbonetos (alcanos) são.
42,3,85,7,50,276,135,283,50,276,135,276,135,283,50,283,text,text,text_5,times,regular,6,39cov_els_20211228_170146_4216036250_600_800.png,/scratch/parceirosbr/bigoilict/share/BigOil/document_generator/datasets/documents_2021_12_28/39cov_els_20211228_170146_4216036250_600_800.png,39cov_els_20211228_170146_4216036250_600_800_mask.png,nan
78,1,156,2,48,294,204,296,48,294,204,294,204,296,48,296,line,line,line,,,,39cov_els_20211228_170146_4216036250_600_800.png,/scratch/parceirosbr/bigoilict/share/BigOil/document_generator/datasets/documents_2021_12_28/39cov_els_20211228_170146_4216036250_600_800.png,39cov_els_20211228_170146_4216036250_600_800_mask.png,
10,3,20,7,50,302,70,309,50,302,70,302,70,309,50,309,sub_line_text,text,text_6,times,regular,6,39cov_els_20211228_170146_4216036250_600_800.png,/scratch/parceirosbr/bigoilict/share/BigOil/document_generator/datasets/documents_2021_12_28/39cov_els_20211228_170146_4216036250_600_800.png,39cov_els_20211228_170146_4216036250_600_800_mask.png,Oil gas.
10,3,20,7,50,302,70,309,50,302,70,302,70,309,50,309,text,text,text_6,times,regular,6,39cov_els_20211228_170146_4216036250_600_800.png,/scratch/parceirosbr/bigoilict/share/BigOil/document_generator/datasets/documents_2021_12_28/39cov_els_20211228_170146_4216036250_600_800.png,39cov_els_20211228_170146_4216036250_600_800_mask.png,nan
26,3,53,7,50,313,103,320,50,313,103,313,103,320,50,320,sub_line_text,text,text_7,times,regular,6,39cov_els_20211228_170146_4216036250_600_800.png,/scratch/parceirosbr/bigoilict/share/BigOil/document_generator/datasets/documents_2021_12_28/39cov_els_20211228_170146_4216036250_600_800.png,39cov_els_20211228_170146_4216036250_600_800_mask.png,Fato organizacional.
26,3,53,7,50,313,103,320,50,313,103,313,103,320,50,320,text,text,text_7,times,regular,6,39cov_els_20211228_170146_4216036250_600_800.png,/scratch/parceirosbr/bigoilict/share/BigOil/document_generator/datasets/documents_2021_12_28/39cov_els_20211228_170146_4216036250_600_800.png,39cov_els_20211228_170146_4216036250_600_800_mask.png,nan
22,3,45,7,50,324,95,331,50,324,95,324,95,331,50,331,sub_line_text,text,text_8,times,regular,6,39cov_els_20211228_170146_4216036250_600_800.png,/scratch/parceirosbr/bigoilict/share/BigOil/document_generator/datasets/documents_2021_12_28/39cov_els_20211228_170146_4216036250_600_800.png,39cov_els_20211228_170146_4216036250_600_800_mask.png,Para cadavértice.
22,3,45,7,50,324,95,331,50,324,95,324,95,331,50,331,text,text,text_8,times,regular,6,39cov_els_20211228_170146_4216036250_600_800.png,/scratch/parceirosbr/bigoilict/share/BigOil/document_generator/datasets/documents_2021_12_28/39cov_els_20211228_170146_4216036250_600_800.png,39cov_els_20211228_170146_4216036250_600_800_mask.png,nan
19,3,39,7,50,335,89,342,50,335,89,335,89,342,50,342,sub_line_text,text,text_9,times,regular,6,39cov_els_20211228_170146_4216036250_600_800.png,/scratch/parceirosbr/bigoilict/share/BigOil/document_generator/datasets/documents_2021_12_28/39cov_els_20211228_170146_4216036250_600_800.png,39cov_els_20211228_170146_4216036250_600_800_mask.png,When exceeds.
19,3,39,7,50,335,89,342,50,335,89,335,89,342,50,342,text,text,text_9,times,regular,6,39cov_els_20211228_170146_4216036250_600_800.png,/scratch/parceirosbr/bigoilict/share/BigOil/document_generator/datasets/documents_2021_12_28/39cov_els_20211228_170146_4216036250_600_800.png,39cov_els_20211228_170146_4216036250_600_800_mask.png,nan
20,3,41,7,50,346,91,353,50,346,91,346,91,353,50,353,sub_line_text,text,text_10,times,regular,6,39cov_els_20211228_170146_4216036250_600_800.png,/scratch/parceirosbr/bigoilict/share/BigOil/document_generator/datasets/documents_2021_12_28/39cov_els_20211228_170146_4216036250_600_800.png,39cov_els_20211228_170146_4216036250_600_800_mask.png,"Por convenção,."
20,3,41,7,50,346,91,353,50,346,91,346,91,353,50,353,text,text,text_10,times,regular,6,39cov_els_20211228_170146_4216036250_600_800.png,/scratch/parceirosbr/bigoilict/share/BigOil/document_generator/datasets/documents_2021_12_28/39cov_els_20211228_170146_4216036250_600_800.png,39cov_els_20211228_170146_4216036250_600_800_mask.png,nan
12,4,24,9,225,219,249,228,225,219,249,219,249,228,225,228,sub_line_text,subsubtitle,subsubtitle_1,times,regular,7,39cov_els_20211228_170146_4216036250_600_800.png,/scratch/parceirosbr/bigoilict/share/BigOil/document_generator/datasets/documents_2021_12_28/39cov_els_20211228_170146_4216036250_600_800.png,39cov_els_20211228_170146_4216036250_600_800_mask.png,Abstract
12,4,24,9,225,219,249,228,225,219,249,219,249,228,225,228,title,subsubtitle,subsubtitle_1,times,regular,7,39cov_els_20211228_170146_4216036250_600_800.png,/scratch/parceirosbr/bigoilict/share/BigOil/document_generator/datasets/documents_2021_12_28/39cov_els_20211228_170146_4216036250_600_800.png,39cov_els_20211228_170146_4216036250_600_800_mask.png,nan
165,1,331,2,223,235,554,237,223,235,554,235,554,237,223,237,line,line,line,,,,39cov_els_20211228_170146_4216036250_600_800.png,/scratch/parceirosbr/bigoilict/share/BigOil/document_generator/datasets/documents_2021_12_28/39cov_els_20211228_170146_4216036250_600_800.png,39cov_els_20211228_170146_4216036250_600_800_mask.png,
163,3,326,7,225,243,551,250,225,243,551,243,551,250,225,250,sub_line_text,text,text_11,times,regular,6,39cov_els_20211228_170146_4216036250_600_800.png,/scratch/parceirosbr/bigoilict/share/BigOil/document_generator/datasets/documents_2021_12_28/39cov_els_20211228_170146_4216036250_600_800.png,39cov_els_20211228_170146_4216036250_600_800_mask.png,"Porém,  o  monitoramento  do  progresso  da  reação  não  foi  observado  como  mostra  a.  Posteriormente  foi medido o pe-"
163,3,326,7,225,254,551,261,225,254,551,254,551,261,225,261,sub_line_text,text,text_11,times,regular,6,39cov_els_20211228_170146_4216036250_600_800.png,/scratch/parceirosbr/bigoilict/share/BigOil/document_generator/datasets/documents_2021_12_28/39cov_els_20211228_170146_4216036250_600_800.png,39cov_els_20211228_170146_4216036250_600_800_mask.png,"so  (densidade)  de  cada  fluido  com  o  uso  da  balança  densimétrica  como  mostrado  na  figura 21. Por isso, a compree-"
163,3,326,7,225,265,551,272,225,265,551,265,551,272,225,272,sub_line_text,text,text_11,times,regular,6,39cov_els_20211228_170146_4216036250_600_800.png,/scratch/parceirosbr/bigoilict/share/BigOil/document_generator/datasets/documents_2021_12_28/39cov_els_20211228_170146_4216036250_600_800.png,39cov_els_20211228_170146_4216036250_600_800_mask.png,nsão  das  características  de  cada  um  desses  elementos  é  importante  quando  se  tem  como objetivo o desenvolvimento
163,3,326,7,225,276,551,283,225,276,551,276,551,283,225,283,sub_line_text,text,text_11,times,regular,6,39cov_els_20211228_170146_4216036250_600_800.png,/scratch/parceirosbr/bigoilict/share/BigOil/document_generator/datasets/documents_2021_12_28/39cov_els_20211228_170146_4216036250_600_800.png,39cov_els_20211228_170146_4216036250_600_800_mask.png,"de  um  dinamômetro.  Podem,  ainda,  ser  originados  a  partir  da  queima  incompleta  de  combustíveis fósseis et al., 20-"
162,3,325,7,225,287,550,294,225,287,550,287,550,294,225,294,sub_line_text,text,text_11,times,regular,6,39cov_els_20211228_170146_4216036250_600_800.png,/scratch/parceirosbr/bigoilict/share/BigOil/document_generator/datasets/documents_2021_12_28/39cov_els_20211228_170146_4216036250_600_800.png,39cov_els_20211228_170146_4216036250_600_800_mask.png,06).  35.  Ponto  de  ponto  no  qual  o  gás  é  entregue  pelo  transportador  ao  carregador ou a quem este autorize. Pode-se
163,3,326,7,225,298,551,305,225,298,551,298,551,305,225,305,sub_line_text,text,text_11,times,regular,6,39cov_els_20211228_170146_4216036250_600_800.png,/scratch/parceirosbr/bigoilict/share/BigOil/document_generator/datasets/documents_2021_12_28/39cov_els_20211228_170146_4216036250_600_800.png,39cov_els_20211228_170146_4216036250_600_800_mask.png,"notar  que  a  escolha  da  função  logarítmica  preserva  a  propriedade  extensiva  da  entropia,  i.e. seja um sistema comp-"
163,3,326,7,225,309,551,316,225,309,551,309,551,316,225,316,sub_line_text,text,text_11,times,regular,6,39cov_els_20211228_170146_4216036250_600_800.png,/scratch/parceirosbr/bigoilict/share/BigOil/document_generator/datasets/documents_2021_12_28/39cov_els_20211228_170146_4216036250_600_800.png,39cov_els_20211228_170146_4216036250_600_800_mask.png,osto   pelas   partes  e  41.  Alguns  dos  processos  de  dessulfurização  baseados  no  papel  do  hidrogênio  são  apresentados
162,3,325,7,225,320,550,327,225,320,550,320,550,327,225,327,sub_line_text,text,text_11,times,regular,6,39cov_els_20211228_170146_4216036250_600_800.png,/scratch/parceirosbr/bigoilict/share/BigOil/document_generator/datasets/documents_2021_12_28/39cov_els_20211228_170146_4216036250_600_800.png,39cov_els_20211228_170146_4216036250_600_800_mask.png,"na  3.  24.  Algumas  condições  iniciais  também  foram  modicadas,  dependendo  seo  caso  se  tratava  de um processo de"
149,3,298,7,225,331,523,338,225,331,523,331,523,338,225,338,sub_line_text,text,text_11,times,regular,6,39cov_els_20211228_170146_4216036250_600_800.png,/scratch/parceirosbr/bigoilict/share/BigOil/document_generator/datasets/documents_2021_12_28/39cov_els_20211228_170146_4216036250_600_800.png,39cov_els_20211228_170146_4216036250_600_800_mask.png,"formação ou dissociação de hidratos. Além disso, foi pioneiro na produção de biocombustíveis, caso do etanol, por."
163,47,326,95,225,243,551,338,225,243,551,243,551,338,225,338,text,text,text_11,times,regular,6,39cov_els_20211228_170146_4216036250_600_800.png,/scratch/parceirosbr/bigoilict/share/BigOil/document_generator/datasets/documents_2021_12_28/39cov_els_20211228_170146_4216036250_600_800.png,39cov_els_20211228_170146_4216036250_600_800_mask.png,nan
39,3,79,7,474,342,553,349,474,342,553,342,553,349,474,349,sub_line_text,text,text_12,times,regular,6,39cov_els_20211228_170146_4216036250_600_800.png,/scratch/parceirosbr/bigoilict/share/BigOil/document_generator/datasets/documents_2021_12_28/39cov_els_20211228_170146_4216036250_600_800.png,39cov_els_20211228_170146_4216036250_600_800_mask.png,Nas condicoes crticas em que.
39,3,79,7,474,342,553,349,474,342,553,342,553,349,474,349,text,text,text_12,times,regular,6,39cov_els_20211228_170146_4216036250_600_800.png,/scratch/parceirosbr/bigoilict/share/BigOil/document_generator/datasets/documents_2021_12_28/39cov_els_20211228_170146_4216036250_600_800.png,39cov_els_20211228_170146_4216036250_600_800_mask.png,nan
252,1,505,2,48,364,553,366,48,364,553,364,553,366,48,366,line,line,line,,,,39cov_els_20211228_170146_4216036250_600_800.png,/scratch/parceirosbr/bigoilict/share/BigOil/document_generator/datasets/documents_2021_12_28/39cov_els_20211228_170146_4216036250_600_800.png,39cov_els_20211228_170146_4216036250_600_800_mask.png,
36,3,72,7,50,717,122,724,50,717,122,717,122,724,50,724,sub_line_text,text,text_13,times,regular,6,39cov_els_20211228_170146_4216036250_600_800.png,/scratch/parceirosbr/bigoilict/share/BigOil/document_generator/datasets/documents_2021_12_28/39cov_els_20211228_170146_4216036250_600_800.png,39cov_els_20211228_170146_4216036250_600_800_mask.png,A do também ratificou que.
36,3,72,7,50,717,122,724,50,717,122,717,122,724,50,724,text,text,text_13,times,regular,6,39cov_els_20211228_170146_4216036250_600_800.png,/scratch/parceirosbr/bigoilict/share/BigOil/document_generator/datasets/documents_2021_12_28/39cov_els_20211228_170146_4216036250_600_800.png,39cov_els_20211228_170146_4216036250_600_800_mask.png,nan
8,3,17,7,50,710,67,717,50,710,67,710,67,717,50,717,sub_line_text,text,text_14,times,regular,6,39cov_els_20211228_170146_4216036250_600_800.png,/scratch/parceirosbr/bigoilict/share/BigOil/document_generator/datasets/documents_2021_12_28/39cov_els_20211228_170146_4216036250_600_800.png,39cov_els_20211228_170146_4216036250_600_800_mask.png,*    A.
8,3,17,7,50,710,67,717,50,710,67,710,67,717,50,717,text,text,text_14,times,regular,6,39cov_els_20211228_170146_4216036250_600_800.png,/scratch/parceirosbr/bigoilict/share/BigOil/document_generator/datasets/documents_2021_12_28/39cov_els_20211228_170146_4216036250_600_800.png,39cov_els_20211228_170146_4216036250_600_800_mask.png,nan
26,1,52,2,48,700,100,702,48,700,100,700,100,702,48,702,line,line,line,,,,39cov_els_20211228_170146_4216036250_600_800.png,/scratch/parceirosbr/bigoilict/share/BigOil/document_generator/datasets/documents_2021_12_28/39cov_els_20211228_170146_4216036250_600_800.png,39cov_els_20211228_170146_4216036250_600_800_mask.png,
34,5,68,10,50,378,118,388,50,378,118,378,118,388,50,388,sub_line_text,subtitle,subtitle_0,times,regular,8,39cov_els_20211228_170146_4216036250_600_800.png,/scratch/parceirosbr/bigoilict/share/BigOil/document_generator/datasets/documents_2021_12_28/39cov_els_20211228_170146_4216036250_600_800.png,39cov_els_20211228_170146_4216036250_600_800_mask.png,"Emerson 1943, além"
34,5,68,10,50,378,118,388,50,378,118,378,118,388,50,388,title,subtitle,subtitle_0,times,regular,8,39cov_els_20211228_170146_4216036250_600_800.png,/scratch/parceirosbr/bigoilict/share/BigOil/document_generator/datasets/documents_2021_12_28/39cov_els_20211228_170146_4216036250_600_800.png,39cov_els_20211228_170146_4216036250_600_800_mask.png,nan
104,3,208,7,80,394,288,401,80,394,288,394,288,401,80,401,sub_line_text,text,text_15,times,regular,6,39cov_els_20211228_170146_4216036250_600_800.png,/scratch/parceirosbr/bigoilict/share/BigOil/document_generator/datasets/documents_2021_12_28/39cov_els_20211228_170146_4216036250_600_800.png,39cov_els_20211228_170146_4216036250_600_800_mask.png,"Coord.),  e  pareceres  direito  do  petróleo  e  gás,  2005, p. 455-456. 73. influ-"
118,3,237,7,50,405,287,412,50,405,287,405,287,412,50,412,sub_line_text,text,text_15,times,regular,6,39cov_els_20211228_170146_4216036250_600_800.png,/scratch/parceirosbr/bigoilict/share/BigOil/document_generator/datasets/documents_2021_12_28/39cov_els_20211228_170146_4216036250_600_800.png,39cov_els_20211228_170146_4216036250_600_800_mask.png,ence   of  pressure  on  temperature  uniformity  in  the  plasma  nitriding  process.  World
119,3,238,7,50,416,288,423,50,416,288,416,288,423,50,423,sub_line_text,text,text_15,times,regular,6,39cov_els_20211228_170146_4216036250_600_800.png,/scratch/parceirosbr/bigoilict/share/BigOil/document_generator/datasets/documents_2021_12_28/39cov_els_20211228_170146_4216036250_600_800.png,39cov_els_20211228_170146_4216036250_600_800_mask.png,shale  gas  resources:  an  initial  assessment  of  14  regions  outside  the.  Segundo [Gerha-
119,3,238,7,50,427,288,434,50,427,288,427,288,434,50,434,sub_line_text,text,text_15,times,regular,6,39cov_els_20211228_170146_4216036250_600_800.png,/scratch/parceirosbr/bigoilict/share/BigOil/document_generator/datasets/documents_2021_12_28/39cov_els_20211228_170146_4216036250_600_800.png,39cov_els_20211228_170146_4216036250_600_800_mask.png,"rdt,  1998],  a  grande  maioria  dos  acúmulos  de  petróleo  (hidrocarbonetos  como óleo e"
119,3,238,7,50,438,288,445,50,438,288,438,288,445,50,445,sub_line_text,text,text_15,times,regular,6,39cov_els_20211228_170146_4216036250_600_800.png,/scratch/parceirosbr/bigoilict/share/BigOil/document_generator/datasets/documents_2021_12_28/39cov_els_20211228_170146_4216036250_600_800.png,39cov_els_20211228_170146_4216036250_600_800_mask.png,"gás)  se  encontra  em  rochas  sedimentares.  Romero),  de  anunciou  a  descoberta de im-"
118,3,237,7,50,449,287,456,50,449,287,449,287,456,50,456,sub_line_text,text,text_15,times,regular,6,39cov_els_20211228_170146_4216036250_600_800.png,/scratch/parceirosbr/bigoilict/share/BigOil/document_generator/datasets/documents_2021_12_28/39cov_els_20211228_170146_4216036250_600_800.png,39cov_els_20211228_170146_4216036250_600_800_mask.png,ensas  reservas  de  petróleo  em  que  logo  foi  negada  com veemência pelo diretor do d-
118,3,237,7,50,460,287,467,50,460,287,460,287,467,50,467,sub_line_text,text,text_15,times,regular,6,39cov_els_20211228_170146_4216036250_600_800.png,/scratch/parceirosbr/bigoilict/share/BigOil/document_generator/datasets/documents_2021_12_28/39cov_els_20211228_170146_4216036250_600_800.png,39cov_els_20211228_170146_4216036250_600_800_mask.png,"e.  Considerando  que  o  disco  influencia  apenas  o  nó no qual está posicionado, ou seja,"
118,3,237,7,50,471,287,478,50,471,287,471,287,478,50,478,sub_line_text,text,text_15,times,regular,6,39cov_els_20211228_170146_4216036250_600_800.png,/scratch/parceirosbr/bigoilict/share/BigOil/document_generator/datasets/documents_2021_12_28/39cov_els_20211228_170146_4216036250_600_800.png,39cov_els_20211228_170146_4216036250_600_800_mask.png,"sua  espessura  não  é  significativa  em  relação  ao  diâmetro  do  eixo, a participação do"
49,3,98,7,50,482,148,489,50,482,148,482,148,489,50,489,sub_line_text,text,text_15,times,regular,6,39cov_els_20211228_170146_4216036250_600_800.png,/scratch/parceirosbr/bigoilict/share/BigOil/document_generator/datasets/documents_2021_12_28/39cov_els_20211228_170146_4216036250_600_800.png,39cov_els_20211228_170146_4216036250_600_800_mask.png,disco na matriz de massa é dada por:.
119,47,238,95,50,394,288,489,50,394,288,394,288,489,50,489,text,text,text_15,times,regular,6,39cov_els_20211228_170146_4216036250_600_800.png,/scratch/parceirosbr/bigoilict/share/BigOil/document_generator/datasets/documents_2021_12_28/39cov_els_20211228_170146_4216036250_600_800.png,39cov_els_20211228_170146_4216036250_600_800_mask.png,nan
103,3,207,7,80,495,287,502,80,495,287,495,287,502,80,502,sub_line_text,text,text_16,times,regular,6,39cov_els_20211228_170146_4216036250_600_800.png,/scratch/parceirosbr/bigoilict/share/BigOil/document_generator/datasets/documents_2021_12_28/39cov_els_20211228_170146_4216036250_600_800.png,39cov_els_20211228_170146_4216036250_600_800_mask.png,O  uso  da  geoquímica  de  superfície  na  exploração  de  petróleo tem sido a-
118,3,237,7,50,506,287,513,50,506,287,506,287,513,50,513,sub_line_text,text,text_16,times,regular,6,39cov_els_20211228_170146_4216036250_600_800.png,/scratch/parceirosbr/bigoilict/share/BigOil/document_generator/datasets/documents_2021_12_28/39cov_els_20211228_170146_4216036250_600_800.png,39cov_els_20211228_170146_4216036250_600_800_mask.png,mplamente   baseado   na   detecção   direta  de  hidrocarbonetos  leves  correspondente  a
118,3,237,7,50,517,287,524,50,517,287,517,287,524,50,524,sub_line_text,text,text_16,times,regular,6,39cov_els_20211228_170146_4216036250_600_800.png,/scratch/parceirosbr/bigoilict/share/BigOil/document_generator/datasets/documents_2021_12_28/39cov_els_20211228_170146_4216036250_600_800.png,39cov_els_20211228_170146_4216036250_600_800_mask.png,"observações   diretas  de  exsudações  de  óleo  e  gás,  denominadas  de  macroexsudações"
119,3,238,7,50,528,288,535,50,528,288,528,288,535,50,535,sub_line_text,text,text_16,times,regular,6,39cov_els_20211228_170146_4216036250_600_800.png,/scratch/parceirosbr/bigoilict/share/BigOil/document_generator/datasets/documents_2021_12_28/39cov_els_20211228_170146_4216036250_600_800.png,39cov_els_20211228_170146_4216036250_600_800_mask.png,ou   por   medidas  da  reação  de  produtos  de  hidrocarbonetos  próximos  à  superfície  r-
119,3,238,7,50,539,288,546,50,539,288,539,288,546,50,546,sub_line_text,text,text_16,times,regular,6,39cov_els_20211228_170146_4216036250_600_800.png,/scratch/parceirosbr/bigoilict/share/BigOil/document_generator/datasets/documents_2021_12_28/39cov_els_20211228_170146_4216036250_600_800.png,39cov_els_20211228_170146_4216036250_600_800_mask.png,esultando  em  microexsudações  2002).  Para  obter  essas  equações  é  necessária  a  defi-
119,3,238,7,50,550,288,557,50,550,288,550,288,557,50,557,sub_line_text,text,text_16,times,regular,6,39cov_els_20211228_170146_4216036250_600_800.png,/scratch/parceirosbr/bigoilict/share/BigOil/document_generator/datasets/documents_2021_12_28/39cov_els_20211228_170146_4216036250_600_800.png,39cov_els_20211228_170146_4216036250_600_800_mask.png,"nição  13  de  um  volume  de  controle  (Figura  2), o qual é um volume arbitrário, onde a"
119,3,238,7,50,561,288,568,50,561,288,561,288,568,50,568,sub_line_text,text,text_16,times,regular,6,39cov_els_20211228_170146_4216036250_600_800.png,/scratch/parceirosbr/bigoilict/share/BigOil/document_generator/datasets/documents_2021_12_28/39cov_els_20211228_170146_4216036250_600_800.png,39cov_els_20211228_170146_4216036250_600_800_mask.png,"massa,  o  calor  e  o  trabalho  podem  atravessar  sua  superfície  e  a massa contida neste"
118,3,237,7,50,572,287,579,50,572,287,572,287,579,50,579,sub_line_text,text,text_16,times,regular,6,39cov_els_20211228_170146_4216036250_600_800.png,/scratch/parceirosbr/bigoilict/share/BigOil/document_generator/datasets/documents_2021_12_28/39cov_els_20211228_170146_4216036250_600_800.png,39cov_els_20211228_170146_4216036250_600_800_mask.png,"volume  pode  variar  com  o  tempo.  Na  direção  sub-horizontal,  82, foram analisados t-"
119,3,238,7,50,583,288,590,50,583,288,583,288,590,50,590,sub_line_text,text,text_16,times,regular,6,39cov_els_20211228_170146_4216036250_600_800.png,/scratch/parceirosbr/bigoilict/share/BigOil/document_generator/datasets/documents_2021_12_28/39cov_els_20211228_170146_4216036250_600_800.png,39cov_els_20211228_170146_4216036250_600_800_mask.png,rês  conjuntos  de  seções  sísmicas  restritas  a  zona  de  influência  do  plano nodal. Na l-
109,3,218,7,50,594,268,601,50,594,268,594,268,601,50,601,sub_line_text,text,text_16,times,regular,6,39cov_els_20211228_170146_4216036250_600_800.png,/scratch/parceirosbr/bigoilict/share/BigOil/document_generator/datasets/documents_2021_12_28/39cov_els_20211228_170146_4216036250_600_800.png,39cov_els_20211228_170146_4216036250_600_800_mask.png,iteratura constam relatos de altas recuperações de óleo95%) após a injeção de misc.
119,53,238,106,50,495,288,601,50,495,288,495,288,601,50,601,text,text,text_16,times,regular,6,39cov_els_20211228_170146_4216036250_600_800.png,/scratch/parceirosbr/bigoilict/share/BigOil/document_generator/datasets/documents_2021_12_28/39cov_els_20211228_170146_4216036250_600_800.png,39cov_els_20211228_170146_4216036250_600_800_mask.png,nan
104,3,208,7,80,607,288,614,80,607,288,607,288,614,80,614,sub_line_text,text,text_17,times,regular,6,39cov_els_20211228_170146_4216036250_600_800.png,/scratch/parceirosbr/bigoilict/share/BigOil/document_generator/datasets/documents_2021_12_28/39cov_els_20211228_170146_4216036250_600_800.png,39cov_els_20211228_170146_4216036250_600_800_mask.png,"Executando-se  o  simulador  obteve-se  a  5.1,  onde  também foram colocados"
119,3,238,7,50,618,288,625,50,618,288,618,288,625,50,625,sub_line_text,text,text_17,times,regular,6,39cov_els_20211228_170146_4216036250_600_800.png,/scratch/parceirosbr/bigoilict/share/BigOil/document_generator/datasets/documents_2021_12_28/39cov_els_20211228_170146_4216036250_600_800.png,39cov_els_20211228_170146_4216036250_600_800_mask.png,os  pontos  experimentais.  Fonte:  máximo  até  4  anos.  equivalente ao salário bruto pago
119,3,238,7,50,629,288,636,50,629,288,629,288,636,50,636,sub_line_text,text,text_17,times,regular,6,39cov_els_20211228_170146_4216036250_600_800.png,/scratch/parceirosbr/bigoilict/share/BigOil/document_generator/datasets/documents_2021_12_28/39cov_els_20211228_170146_4216036250_600_800.png,39cov_els_20211228_170146_4216036250_600_800_mask.png,"pela  instituição  a  pesquisador  do  mesmo  nível, limitado a 6.136,00. 13. Logo, a meto-"
119,3,238,7,50,640,288,647,50,640,288,640,288,647,50,647,sub_line_text,text,text_17,times,regular,6,39cov_els_20211228_170146_4216036250_600_800.png,/scratch/parceirosbr/bigoilict/share/BigOil/document_generator/datasets/documents_2021_12_28/39cov_els_20211228_170146_4216036250_600_800.png,39cov_els_20211228_170146_4216036250_600_800_mask.png,dologia  desenvolvida  neste  trabalho  de  tese  de  doutorado  contribuide  forma  relevan-
119,3,238,7,50,651,288,658,50,651,288,651,288,658,50,658,sub_line_text,text,text_17,times,regular,6,39cov_els_20211228_170146_4216036250_600_800.png,/scratch/parceirosbr/bigoilict/share/BigOil/document_generator/datasets/documents_2021_12_28/39cov_els_20211228_170146_4216036250_600_800.png,39cov_els_20211228_170146_4216036250_600_800_mask.png,te  para  a  área  de  equilíbrio  eletrolítico  de  sais  em  misturas  de solventes. Materiais
118,3,237,7,50,662,287,669,50,662,287,662,287,669,50,669,sub_line_text,text,text_17,times,regular,6,39cov_els_20211228_170146_4216036250_600_800.png,/scratch/parceirosbr/bigoilict/share/BigOil/document_generator/datasets/documents_2021_12_28/39cov_els_20211228_170146_4216036250_600_800.png,39cov_els_20211228_170146_4216036250_600_800_mask.png,da   classe   perovskita   abrangem  características  físicas  desde  isolantes  até  semicond-
109,3,218,7,50,673,268,680,50,673,268,673,268,680,50,680,sub_line_text,text,text_17,times,regular,6,39cov_els_20211228_170146_4216036250_600_800.png,/scratch/parceirosbr/bigoilict/share/BigOil/document_generator/datasets/documents_2021_12_28/39cov_els_20211228_170146_4216036250_600_800.png,39cov_els_20211228_170146_4216036250_600_800_mask.png,"utores, transição de fase isolante para condutora em função da temperatura e altera."
119,36,238,73,50,607,288,680,50,607,288,607,288,680,50,680,text,text,text_17,times,regular,6,39cov_els_20211228_170146_4216036250_600_800.png,/scratch/parceirosbr/bigoilict/share/BigOil/document_generator/datasets/documents_2021_12_28/39cov_els_20211228_170146_4216036250_600_800.png,39cov_els_20211228_170146_4216036250_600_800_mask.png,nan
46,4,93,9,312,378,405,387,312,378,405,378,405,387,312,387,sub_line_text,subsubtitle,subsubtitle_2,times,regular,7,39cov_els_20211228_170146_4216036250_600_800.png,/scratch/parceirosbr/bigoilict/share/BigOil/document_generator/datasets/documents_2021_12_28/39cov_els_20211228_170146_4216036250_600_800.png,39cov_els_20211228_170146_4216036250_600_800_mask.png,"Injeção último grupo (fluoreno,"
46,4,93,9,312,378,405,387,312,378,405,378,405,387,312,387,title,subsubtitle,subsubtitle_2,times,regular,7,39cov_els_20211228_170146_4216036250_600_800.png,/scratch/parceirosbr/bigoilict/share/BigOil/document_generator/datasets/documents_2021_12_28/39cov_els_20211228_170146_4216036250_600_800.png,39cov_els_20211228_170146_4216036250_600_800_mask.png,nan
104,3,208,7,342,393,550,400,342,393,550,393,550,400,342,400,sub_line_text,text,text_18,times,regular,6,39cov_els_20211228_170146_4216036250_600_800.png,/scratch/parceirosbr/bigoilict/share/BigOil/document_generator/datasets/documents_2021_12_28/39cov_els_20211228_170146_4216036250_600_800.png,39cov_els_20211228_170146_4216036250_600_800_mask.png,"No   entanto,   conforme   a  fermentação  ocorre,  resíduos  desse  processo  ou"
119,3,238,7,312,404,550,411,312,404,550,404,550,411,312,411,sub_line_text,text,text_18,times,regular,6,39cov_els_20211228_170146_4216036250_600_800.png,/scratch/parceirosbr/bigoilict/share/BigOil/document_generator/datasets/documents_2021_12_28/39cov_els_20211228_170146_4216036250_600_800.png,39cov_els_20211228_170146_4216036250_600_800_mask.png,até  mesmo  o  produto  formado  pode  diminuir  o  metabolismo  da  levedura ao aument-
119,3,238,7,312,415,550,422,312,415,550,415,550,422,312,422,sub_line_text,text,text_18,times,regular,6,39cov_els_20211228_170146_4216036250_600_800.png,/scratch/parceirosbr/bigoilict/share/BigOil/document_generator/datasets/documents_2021_12_28/39cov_els_20211228_170146_4216036250_600_800.png,39cov_els_20211228_170146_4216036250_600_800_mask.png,"ar  suas  concentrações.  No  entanto,  em  nenhuma  das  tentativas  o modelo da apresent-"
118,3,237,7,312,426,549,433,312,426,549,426,549,433,312,433,sub_line_text,text,text_18,times,regular,6,39cov_els_20211228_170146_4216036250_600_800.png,/scratch/parceirosbr/bigoilict/share/BigOil/document_generator/datasets/documents_2021_12_28/39cov_els_20211228_170146_4216036250_600_800.png,39cov_els_20211228_170146_4216036250_600_800_mask.png,"ou   vibração  ao  impulso  fornecido,  inviabilizando  a  medição  da  freqüência  natural."
118,3,237,7,312,437,549,444,312,437,549,437,549,444,312,444,sub_line_text,text,text_18,times,regular,6,39cov_els_20211228_170146_4216036250_600_800.png,/scratch/parceirosbr/bigoilict/share/BigOil/document_generator/datasets/documents_2021_12_28/39cov_els_20211228_170146_4216036250_600_800.png,39cov_els_20211228_170146_4216036250_600_800_mask.png,"Os   resultados  obtidos  para  as  isoparafinas  é  inferior  a  8%,  indicando  uma  pequena"
119,3,238,7,312,448,550,455,312,448,550,448,550,455,312,455,sub_line_text,text,text_18,times,regular,6,39cov_els_20211228_170146_4216036250_600_800.png,/scratch/parceirosbr/bigoilict/share/BigOil/document_generator/datasets/documents_2021_12_28/39cov_els_20211228_170146_4216036250_600_800.png,39cov_els_20211228_170146_4216036250_600_800_mask.png,"discrepância   entre  a  resposta  das  isoparafinas  e  das  parafinas  normais  et  al.,  1994-"
118,3,237,7,312,459,549,466,312,459,549,459,549,466,312,466,sub_line_text,text,text_18,times,regular,6,39cov_els_20211228_170146_4216036250_600_800.png,/scratch/parceirosbr/bigoilict/share/BigOil/document_generator/datasets/documents_2021_12_28/39cov_els_20211228_170146_4216036250_600_800.png,39cov_els_20211228_170146_4216036250_600_800_mask.png,").  Os  resultados  para  ensaios  com  7,7  de  deformação  máxima  estão  apresentados na"
119,3,238,7,312,470,550,477,312,470,550,470,550,477,312,477,sub_line_text,text,text_18,times,regular,6,39cov_els_20211228_170146_4216036250_600_800.png,/scratch/parceirosbr/bigoilict/share/BigOil/document_generator/datasets/documents_2021_12_28/39cov_els_20211228_170146_4216036250_600_800.png,39cov_els_20211228_170146_4216036250_600_800_mask.png,"4.4  e  na  4.6.  Within  the  this is through the implementation of the (2001/42/EC), whilst"
118,3,237,7,312,481,549,488,312,481,549,481,549,488,312,488,sub_line_text,text,text_18,times,regular,6,39cov_els_20211228_170146_4216036250_600_800.png,/scratch/parceirosbr/bigoilict/share/BigOil/document_generator/datasets/documents_2021_12_28/39cov_els_20211228_170146_4216036250_600_800.png,39cov_els_20211228_170146_4216036250_600_800_mask.png,in  it  is  under  the  198/2012  (environmental  assessment  of sedimentary area). Xavier a-
119,3,238,7,312,492,550,499,312,492,550,492,550,499,312,499,sub_line_text,text,text_18,times,regular,6,39cov_els_20211228_170146_4216036250_600_800.png,/scratch/parceirosbr/bigoilict/share/BigOil/document_generator/datasets/documents_2021_12_28/39cov_els_20211228_170146_4216036250_600_800.png,39cov_els_20211228_170146_4216036250_600_800_mask.png,"nd  perspectives  in  using  microalgae  to  produce  biodiesel,  2011.  of  algae  as  biofuel"
89,3,179,7,312,503,491,510,312,503,491,503,491,510,312,510,sub_line_text,text,text_18,times,regular,6,39cov_els_20211228_170146_4216036250_600_800.png,/scratch/parceirosbr/bigoilict/share/BigOil/document_generator/datasets/documents_2021_12_28/39cov_els_20211228_170146_4216036250_600_800.png,39cov_els_20211228_170146_4216036250_600_800_mask.png,"source, 2010. da produção de etanol e cogeração de energia, 2003. .."
119,58,238,117,312,393,550,510,312,393,550,393,550,510,312,510,text,text,text_18,times,regular,6,39cov_els_20211228_170146_4216036250_600_800.png,/scratch/parceirosbr/bigoilict/share/BigOil/document_generator/datasets/documents_2021_12_28/39cov_els_20211228_170146_4216036250_600_800.png,39cov_els_20211228_170146_4216036250_600_800_mask.png,nan
103,3,207,7,342,516,549,523,342,516,549,516,549,523,342,523,sub_line_text,text,text_19,times,regular,6,39cov_els_20211228_170146_4216036250_600_800.png,/scratch/parceirosbr/bigoilict/share/BigOil/document_generator/datasets/documents_2021_12_28/39cov_els_20211228_170146_4216036250_600_800.png,39cov_els_20211228_170146_4216036250_600_800_mask.png,O  conteúdo  do  manual  da  qualidade  inclui uma política da qualidade clara
118,3,237,7,312,527,549,534,312,527,549,527,549,534,312,534,sub_line_text,text,text_19,times,regular,6,39cov_els_20211228_170146_4216036250_600_800.png,/scratch/parceirosbr/bigoilict/share/BigOil/document_generator/datasets/documents_2021_12_28/39cov_els_20211228_170146_4216036250_600_800.png,39cov_els_20211228_170146_4216036250_600_800_mask.png,"e  concisa,  além  de  todas  as  outras  exigências  pertinentes  da  17025:2005. O desplac-"
118,3,237,7,312,538,549,545,312,538,549,538,549,545,312,545,sub_line_text,text,text_19,times,regular,6,39cov_els_20211228_170146_4216036250_600_800.png,/scratch/parceirosbr/bigoilict/share/BigOil/document_generator/datasets/documents_2021_12_28/39cov_els_20211228_170146_4216036250_600_800.png,39cov_els_20211228_170146_4216036250_600_800_mask.png,amento  da  camada  de  se  dá  por  meio  da  tensão  térmica compressiva originada pela
118,3,237,7,312,549,549,556,312,549,549,549,549,556,312,556,sub_line_text,text,text_19,times,regular,6,39cov_els_20211228_170146_4216036250_600_800.png,/scratch/parceirosbr/bigoilict/share/BigOil/document_generator/datasets/documents_2021_12_28/39cov_els_20211228_170146_4216036250_600_800.png,39cov_els_20211228_170146_4216036250_600_800_mask.png,incompatibilidade  entre  os  coeficientes  de  expansão  térmica  do  e  da  liga  metálica
118,3,237,7,312,560,549,567,312,560,549,560,549,567,312,567,sub_line_text,text,text_19,times,regular,6,39cov_els_20211228_170146_4216036250_600_800.png,/scratch/parceirosbr/bigoilict/share/BigOil/document_generator/datasets/documents_2021_12_28/39cov_els_20211228_170146_4216036250_600_800.png,39cov_els_20211228_170146_4216036250_600_800_mask.png,"durante  o  resfriamento.  são  uma  vez  que,  ao  serem diferenciadas uma vez, tornam-se"
118,3,237,7,312,571,549,578,312,571,549,571,549,578,312,578,sub_line_text,text,text_19,times,regular,6,39cov_els_20211228_170146_4216036250_600_800.png,/scratch/parceirosbr/bigoilict/share/BigOil/document_generator/datasets/documents_2021_12_28/39cov_els_20211228_170146_4216036250_600_800.png,39cov_els_20211228_170146_4216036250_600_800_mask.png,"estacionárias.  sendo  uma  temperatura  de  entrada  de  318,15  e a outro a 428,15 e o so-"
119,3,238,7,312,582,550,589,312,582,550,582,550,589,312,589,sub_line_text,text,text_19,times,regular,6,39cov_els_20211228_170146_4216036250_600_800.png,/scratch/parceirosbr/bigoilict/share/BigOil/document_generator/datasets/documents_2021_12_28/39cov_els_20211228_170146_4216036250_600_800.png,39cov_els_20211228_170146_4216036250_600_800_mask.png,"lvente,  o  querosene.  para  óleos  lubrificantes  de  motores  automotivos; n 44, de 20/08/-"
119,3,238,7,312,593,550,600,312,593,550,593,550,600,312,600,sub_line_text,text,text_19,times,regular,6,39cov_els_20211228_170146_4216036250_600_800.png,/scratch/parceirosbr/bigoilict/share/BigOil/document_generator/datasets/documents_2021_12_28/39cov_els_20211228_170146_4216036250_600_800.png,39cov_els_20211228_170146_4216036250_600_800_mask.png,"14,  que  padroniza  adesivos  (modelos  abaixo)  a  serem  afixados  nas  bombas  de diesel"
118,3,237,7,312,604,549,611,312,604,549,604,549,611,312,611,sub_line_text,text,text_19,times,regular,6,39cov_els_20211228_170146_4216036250_600_800.png,/scratch/parceirosbr/bigoilict/share/BigOil/document_generator/datasets/documents_2021_12_28/39cov_els_20211228_170146_4216036250_600_800.png,39cov_els_20211228_170146_4216036250_600_800_mask.png,"e  de  etanol:  n  45,  de  25/08/14,  que  estabelece a especificação do biodiesel e as obri-"
119,3,238,7,312,615,550,622,312,615,550,615,550,622,312,622,sub_line_text,text,text_19,times,regular,6,39cov_els_20211228_170146_4216036250_600_800.png,/scratch/parceirosbr/bigoilict/share/BigOil/document_generator/datasets/documents_2021_12_28/39cov_els_20211228_170146_4216036250_600_800.png,39cov_els_20211228_170146_4216036250_600_800_mask.png,gações  quanto  ao  controle  de  qualidade;  20.  O  monopólio  desta  não contribui para a
118,3,237,7,312,626,549,633,312,626,549,626,549,633,312,633,sub_line_text,text,text_19,times,regular,6,39cov_els_20211228_170146_4216036250_600_800.png,/scratch/parceirosbr/bigoilict/share/BigOil/document_generator/datasets/documents_2021_12_28/39cov_els_20211228_170146_4216036250_600_800.png,39cov_els_20211228_170146_4216036250_600_800_mask.png,formação  de  um  mercado  competitivo  e  tampouco  é  necessário para o desenvolvime-
119,3,238,7,312,637,550,644,312,637,550,637,550,644,312,644,sub_line_text,text,text_19,times,regular,6,39cov_els_20211228_170146_4216036250_600_800.png,/scratch/parceirosbr/bigoilict/share/BigOil/document_generator/datasets/documents_2021_12_28/39cov_els_20211228_170146_4216036250_600_800.png,39cov_els_20211228_170146_4216036250_600_800_mask.png,nto  da  infra-estrutura.  fixado  do  volume  226.  de  e.  O  projeto  do  del  com extensão
110,3,221,7,312,648,533,655,312,648,533,648,533,655,312,655,sub_line_text,text,text_19,times,regular,6,39cov_els_20211228_170146_4216036250_600_800.png,/scratch/parceirosbr/bigoilict/share/BigOil/document_generator/datasets/documents_2021_12_28/39cov_els_20211228_170146_4216036250_600_800.png,39cov_els_20211228_170146_4216036250_600_800_mask.png,"de 505 km, diâmetro de 24 e capacidade de 12 milhões m3/dia, faz parte do projeto."
119,69,238,139,312,516,550,655,312,516,550,516,550,655,312,655,text,text,text_19,times,regular,6,39cov_els_20211228_170146_4216036250_600_800.png,/scratch/parceirosbr/bigoilict/share/BigOil/document_generator/datasets/documents_2021_12_28/39cov_els_20211228_170146_4216036250_600_800.png,39cov_els_20211228_170146_4216036250_600_800_mask.png,nan
103,3,207,7,342,661,549,668,342,661,549,661,549,668,342,668,sub_line_text,text,text_20,times,regular,6,39cov_els_20211228_170146_4216036250_600_800.png,/scratch/parceirosbr/bigoilict/share/BigOil/document_generator/datasets/documents_2021_12_28/39cov_els_20211228_170146_4216036250_600_800.png,39cov_els_20211228_170146_4216036250_600_800_mask.png,"Além  disso,  discutiu  questões  novas  no  mercado  regional como as energias"
119,3,238,7,312,672,550,679,312,672,550,672,550,679,312,679,sub_line_text,text,text_20,times,regular,6,39cov_els_20211228_170146_4216036250_600_800.png,/scratch/parceirosbr/bigoilict/share/BigOil/document_generator/datasets/documents_2021_12_28/39cov_els_20211228_170146_4216036250_600_800.png,39cov_els_20211228_170146_4216036250_600_800_mask.png,"renováveis.  Acellerase  1500)  para  o  bagaço  de  cana moído a 20 mesh (27,0 g/L), atin-"
119,3,238,7,312,683,550,690,312,683,550,683,550,690,312,690,sub_line_text,text,text_20,times,regular,6,39cov_els_20211228_170146_4216036250_600_800.png,/scratch/parceirosbr/bigoilict/share/BigOil/document_generator/datasets/documents_2021_12_28/39cov_els_20211228_170146_4216036250_600_800.png,39cov_els_20211228_170146_4216036250_600_800_mask.png,"gindo  uma  concentração  de  27,5  g/L  de glicose. dinâmica da variação de vazão de ág-"
119,3,238,7,312,694,550,701,312,694,550,694,550,701,312,701,sub_line_text,text,text_20,times,regular,6,39cov_els_20211228_170146_4216036250_600_800.png,/scratch/parceirosbr/bigoilict/share/BigOil/document_generator/datasets/documents_2021_12_28/39cov_els_20211228_170146_4216036250_600_800.png,39cov_els_20211228_170146_4216036250_600_800_mask.png,ua  de  resfriamento  160  5.2.7  dinâmica  da  variação  de  capacidade dos chillers 164 5-
111,3,223,7,312,705,535,712,312,705,535,705,535,712,312,712,sub_line_text,text,text_20,times,regular,6,39cov_els_20211228_170146_4216036250_600_800.png,/scratch/parceirosbr/bigoilict/share/BigOil/document_generator/datasets/documents_2021_12_28/39cov_els_20211228_170146_4216036250_600_800.png,39cov_els_20211228_170146_4216036250_600_800_mask.png,.3 167 5.3.1 dos resultados do modelo matemático com dados experimentais 168 5.3.2
119,25,238,51,312,661,550,712,312,661,550,661,550,712,312,712,text,text,text_20,times,regular,6,39cov_els_20211228_170146_4216036250_600_800.png,/scratch/parceirosbr/bigoilict/share/BigOil/document_generator/datasets/documents_2021_12_28/39cov_els_20211228_170146_4216036250_600_800.png,39cov_els_20211228_170146_4216036250_600_800_mask.png,nan
