center_x,center_y,width,height,xmin,ymin,xmax,ymax,top_left_x,top_left_y,top_right_x,top_right_y,bottom_right_x,bottom_right_y,bottom_left_x,bottom_left_y,label,grouplabel,group,text_font,text_style,size_font,filename,path,filename_mask,content
300,400,600,800,0,0,600,800,0,0,600,0,600,800,0,800,document,,,,,,bib_2cols_authors_20211228_152435_1656020692_600_800.png,/scratch/parceirosbr/bigoilict/share/BigOil/document_generator/datasets/documents_2021_12_28/bib_2cols_authors_20211228_152435_1656020692_600_800.png,bib_2cols_authors_20211228_152435_1656020692_600_800_mask.png,
12,5,24,11,527,82,551,93,527,82,551,82,551,93,527,93,sub_line_text,header,header_1,arial,regular,9,bib_2cols_authors_20211228_152435_1656020692_600_800.png,/scratch/parceirosbr/bigoilict/share/BigOil/document_generator/datasets/documents_2021_12_28/bib_2cols_authors_20211228_152435_1656020692_600_800.png,bib_2cols_authors_20211228_152435_1656020692_600_800_mask.png,Art. 7
12,5,24,11,527,82,551,93,527,82,551,82,551,93,527,93,text,header,header_1,arial,regular,9,bib_2cols_authors_20211228_152435_1656020692_600_800.png,/scratch/parceirosbr/bigoilict/share/BigOil/document_generator/datasets/documents_2021_12_28/bib_2cols_authors_20211228_152435_1656020692_600_800.png,bib_2cols_authors_20211228_152435_1656020692_600_800_mask.png,nan
244,1,488,2,64,92,552,94,64,92,552,92,552,94,64,94,line,line,line,,,,bib_2cols_authors_20211228_152435_1656020692_600_800.png,/scratch/parceirosbr/bigoilict/share/BigOil/document_generator/datasets/documents_2021_12_28/bib_2cols_authors_20211228_152435_1656020692_600_800.png,bib_2cols_authors_20211228_152435_1656020692_600_800_mask.png,nan
113,5,227,11,64,123,291,134,64,123,291,123,291,134,64,134,sub_line_text,text,text_0,arial,regular,9,bib_2cols_authors_20211228_152435_1656020692_600_800.png,/scratch/parceirosbr/bigoilict/share/BigOil/document_generator/datasets/documents_2021_12_28/bib_2cols_authors_20211228_152435_1656020692_600_800.png,bib_2cols_authors_20211228_152435_1656020692_600_800_mask.png,"No  entanto,  estas  características  variam de acordo"
114,5,229,11,64,142,293,153,64,142,293,142,293,153,64,153,sub_line_text,text,text_0,arial,regular,9,bib_2cols_authors_20211228_152435_1656020692_600_800.png,/scratch/parceirosbr/bigoilict/share/BigOil/document_generator/datasets/documents_2021_12_28/bib_2cols_authors_20211228_152435_1656020692_600_800.png,bib_2cols_authors_20211228_152435_1656020692_600_800_mask.png,"com  a  natureza  do reservatório de óleo e, em menor"
114,5,228,11,64,161,292,172,64,161,292,161,292,172,64,172,sub_line_text,text,text_0,arial,regular,9,bib_2cols_authors_20211228_152435_1656020692_600_800.png,/scratch/parceirosbr/bigoilict/share/BigOil/document_generator/datasets/documents_2021_12_28/bib_2cols_authors_20211228_152435_1656020692_600_800.png,bib_2cols_authors_20211228_152435_1656020692_600_800_mask.png,"extensão,  pela maturidade do campo (Ebrahimi, 2010-"
114,5,229,11,64,180,293,191,64,180,293,180,293,191,64,191,sub_line_text,text,text_0,arial,regular,9,bib_2cols_authors_20211228_152435_1656020692_600_800.png,/scratch/parceirosbr/bigoilict/share/BigOil/document_generator/datasets/documents_2021_12_28/bib_2cols_authors_20211228_152435_1656020692_600_800.png,bib_2cols_authors_20211228_152435_1656020692_600_800_mask.png,).  A  5.1  apresenta a compilação dos ensaios de rela-
113,5,227,11,64,199,291,210,64,199,291,199,291,210,64,210,sub_line_text,text,text_0,arial,regular,9,bib_2cols_authors_20211228_152435_1656020692_600_800.png,/scratch/parceirosbr/bigoilict/share/BigOil/document_generator/datasets/documents_2021_12_28/bib_2cols_authors_20211228_152435_1656020692_600_800.png,bib_2cols_authors_20211228_152435_1656020692_600_800_mask.png,"xação,  a  partir de curvas de tensão real versus defo-"
113,5,227,11,64,218,291,229,64,218,291,218,291,229,64,229,sub_line_text,text,text_0,arial,regular,9,bib_2cols_authors_20211228_152435_1656020692_600_800.png,/scratch/parceirosbr/bigoilict/share/BigOil/document_generator/datasets/documents_2021_12_28/bib_2cols_authors_20211228_152435_1656020692_600_800.png,bib_2cols_authors_20211228_152435_1656020692_600_800_mask.png,"rmação  logarítmica,  onde  pode se verificar que as t-"
113,5,227,11,64,237,291,248,64,237,291,237,291,248,64,248,sub_line_text,text,text_0,arial,regular,9,bib_2cols_authors_20211228_152435_1656020692_600_800.png,/scratch/parceirosbr/bigoilict/share/BigOil/document_generator/datasets/documents_2021_12_28/bib_2cols_authors_20211228_152435_1656020692_600_800.png,bib_2cols_authors_20211228_152435_1656020692_600_800_mask.png,ensões  finais  geram  aproximadamente os contornos
54,5,109,11,64,256,173,267,64,256,173,256,173,267,64,267,sub_line_text,text,text_0,arial,regular,9,bib_2cols_authors_20211228_152435_1656020692_600_800.png,/scratch/parceirosbr/bigoilict/share/BigOil/document_generator/datasets/documents_2021_12_28/bib_2cols_authors_20211228_152435_1656020692_600_800.png,bib_2cols_authors_20211228_152435_1656020692_600_800_mask.png,das curvas elastoplástica.
114,72,229,144,64,123,293,267,64,123,293,123,293,267,64,267,text,text,text_0,arial,regular,9,bib_2cols_authors_20211228_152435_1656020692_600_800.png,/scratch/parceirosbr/bigoilict/share/BigOil/document_generator/datasets/documents_2021_12_28/bib_2cols_authors_20211228_152435_1656020692_600_800.png,bib_2cols_authors_20211228_152435_1656020692_600_800_mask.png,nan
35,8,70,16,145,278,215,294,145,278,215,278,215,294,145,294,sub_line_text,title,title_0,arial,italic,14,bib_2cols_authors_20211228_152435_1656020692_600_800.png,/scratch/parceirosbr/bigoilict/share/BigOil/document_generator/datasets/documents_2021_12_28/bib_2cols_authors_20211228_152435_1656020692_600_800.png,bib_2cols_authors_20211228_152435_1656020692_600_800_mask.png,Bibliografia
35,8,70,16,145,278,215,294,145,278,215,278,215,294,145,294,title,title,title_0,arial,italic,14,bib_2cols_authors_20211228_152435_1656020692_600_800.png,/scratch/parceirosbr/bigoilict/share/BigOil/document_generator/datasets/documents_2021_12_28/bib_2cols_authors_20211228_152435_1656020692_600_800.png,bib_2cols_authors_20211228_152435_1656020692_600_800_mask.png,nan
116,214,232,429,64,307,296,736,64,307,296,307,296,736,64,736,list,list,list_1,arial,arial,9,bib_2cols_authors_20211228_152435_1656020692_600_800.png,/scratch/parceirosbr/bigoilict/share/BigOil/document_generator/datasets/documents_2021_12_28/bib_2cols_authors_20211228_152435_1656020692_600_800.png,bib_2cols_authors_20211228_152435_1656020692_600_800_mask.png,
115,5,230,11,64,307,294,318,64,307,294,307,294,318,64,318,sub_line_text,list,list_1,arial,regular,9,bib_2cols_authors_20211228_152435_1656020692_600_800.png,/scratch/parceirosbr/bigoilict/share/BigOil/document_generator/datasets/documents_2021_12_28/bib_2cols_authors_20211228_152435_1656020692_600_800.png,bib_2cols_authors_20211228_152435_1656020692_600_800_mask.png,[28]   Estabelece  que  os  atos  normativos  listados a
85,5,171,11,89,326,260,337,89,326,260,326,260,337,89,337,sub_line_text,list,list_1,arial,regular,9,bib_2cols_authors_20211228_152435_1656020692_600_800.png,/scratch/parceirosbr/bigoilict/share/BigOil/document_generator/datasets/documents_2021_12_28/bib_2cols_authors_20211228_152435_1656020692_600_800.png,bib_2cols_authors_20211228_152435_1656020692_600_800_mask.png,seguir continuam vigentes até que sejam
115,5,230,11,64,345,294,356,64,345,294,345,294,356,64,356,sub_line_text,list,list_1,arial,regular,9,bib_2cols_authors_20211228_152435_1656020692_600_800.png,/scratch/parceirosbr/bigoilict/share/BigOil/document_generator/datasets/documents_2021_12_28/bib_2cols_authors_20211228_152435_1656020692_600_800.png,bib_2cols_authors_20211228_152435_1656020692_600_800_mask.png,[125]   A   erosão  costeira  e  sua  influência  sobre  a
100,5,200,11,94,364,294,375,94,364,294,364,294,375,94,375,sub_line_text,list,list_1,arial,regular,9,bib_2cols_authors_20211228_152435_1656020692_600_800.png,/scratch/parceirosbr/bigoilict/share/BigOil/document_generator/datasets/documents_2021_12_28/bib_2cols_authors_20211228_152435_1656020692_600_800.png,bib_2cols_authors_20211228_152435_1656020692_600_800_mask.png,atividade  petrolífera: sustentáveis na mitigação
95,5,191,11,64,383,255,394,64,383,255,383,255,394,64,394,sub_line_text,list,list_1,arial,regular,9,bib_2cols_authors_20211228_152435_1656020692_600_800.png,/scratch/parceirosbr/bigoilict/share/BigOil/document_generator/datasets/documents_2021_12_28/bib_2cols_authors_20211228_152435_1656020692_600_800.png,bib_2cols_authors_20211228_152435_1656020692_600_800_mask.png,"[41]   In addition, it is desirable that regulation"
69,5,139,11,89,402,228,413,89,402,228,402,228,413,89,413,sub_line_text,list,list_1,arial,regular,9,bib_2cols_authors_20211228_152435_1656020692_600_800.png,/scratch/parceirosbr/bigoilict/share/BigOil/document_generator/datasets/documents_2021_12_28/bib_2cols_authors_20211228_152435_1656020692_600_800.png,bib_2cols_authors_20211228_152435_1656020692_600_800_mask.png,contributes to the formation of an
116,5,232,11,64,421,296,432,64,421,296,421,296,432,64,432,sub_line_text,list,list_1,arial,regular,9,bib_2cols_authors_20211228_152435_1656020692_600_800.png,/scratch/parceirosbr/bigoilict/share/BigOil/document_generator/datasets/documents_2021_12_28/bib_2cols_authors_20211228_152435_1656020692_600_800.png,bib_2cols_authors_20211228_152435_1656020692_600_800_mask.png,[87]   Opinions  sent  by the latter revised the indicative
77,5,155,11,89,440,244,451,89,440,244,440,244,451,89,451,sub_line_text,list,list_1,arial,regular,9,bib_2cols_authors_20211228_152435_1656020692_600_800.png,/scratch/parceirosbr/bigoilict/share/BigOil/document_generator/datasets/documents_2021_12_28/bib_2cols_authors_20211228_152435_1656020692_600_800.png,bib_2cols_authors_20211228_152435_1656020692_600_800_mask.png,table of the places of maintenance of
114,5,228,11,64,459,292,470,64,459,292,459,292,470,64,470,sub_line_text,list,list_1,arial,regular,9,bib_2cols_authors_20211228_152435_1656020692_600_800.png,/scratch/parceirosbr/bigoilict/share/BigOil/document_generator/datasets/documents_2021_12_28/bib_2cols_authors_20211228_152435_1656020692_600_800.png,bib_2cols_authors_20211228_152435_1656020692_600_800_mask.png,[82]   À (MPa)Concentraçao de (%) 5.15 água/cimento
95,5,190,11,89,478,279,489,89,478,279,478,279,489,89,489,sub_line_text,list,list_1,arial,regular,9,bib_2cols_authors_20211228_152435_1656020692_600_800.png,/scratch/parceirosbr/bigoilict/share/BigOil/document_generator/datasets/documents_2021_12_28/bib_2cols_authors_20211228_152435_1656020692_600_800.png,bib_2cols_authors_20211228_152435_1656020692_600_800_mask.png,e índice de atividade pozolânica com cimento
115,5,230,11,64,497,294,508,64,497,294,497,294,508,64,508,sub_line_text,list,list_1,arial,regular,9,bib_2cols_authors_20211228_152435_1656020692_600_800.png,/scratch/parceirosbr/bigoilict/share/BigOil/document_generator/datasets/documents_2021_12_28/bib_2cols_authors_20211228_152435_1656020692_600_800.png,bib_2cols_authors_20211228_152435_1656020692_600_800_mask.png,[101]   This   work   aimed  to  study  the  obtaining  of
66,5,132,11,94,516,226,527,94,516,226,516,226,527,94,527,sub_line_text,list,list_1,arial,regular,9,bib_2cols_authors_20211228_152435_1656020692_600_800.png,/scratch/parceirosbr/bigoilict/share/BigOil/document_generator/datasets/documents_2021_12_28/bib_2cols_authors_20211228_152435_1656020692_600_800.png,bib_2cols_authors_20211228_152435_1656020692_600_800_mask.png,"nanoemulsions, as well as their"
115,5,231,11,64,535,295,546,64,535,295,535,295,546,64,546,sub_line_text,list,list_1,arial,regular,9,bib_2cols_authors_20211228_152435_1656020692_600_800.png,/scratch/parceirosbr/bigoilict/share/BigOil/document_generator/datasets/documents_2021_12_28/bib_2cols_authors_20211228_152435_1656020692_600_800.png,bib_2cols_authors_20211228_152435_1656020692_600_800_mask.png,[53]   Recently   announced   the   construction  of  the
84,5,168,11,89,554,257,565,89,554,257,554,257,565,89,565,sub_line_text,list,list_1,arial,regular,9,bib_2cols_authors_20211228_152435_1656020692_600_800.png,/scratch/parceirosbr/bigoilict/share/BigOil/document_generator/datasets/documents_2021_12_28/bib_2cols_authors_20211228_152435_1656020692_600_800.png,bib_2cols_authors_20211228_152435_1656020692_600_800_mask.png,largest factory in the world of. When the
113,5,227,11,64,573,291,584,64,573,291,573,291,584,64,584,sub_line_text,list,list_1,arial,regular,9,bib_2cols_authors_20211228_152435_1656020692_600_800.png,/scratch/parceirosbr/bigoilict/share/BigOil/document_generator/datasets/documents_2021_12_28/bib_2cols_authors_20211228_152435_1656020692_600_800.png,bib_2cols_authors_20211228_152435_1656020692_600_800_mask.png,"[11]   Porém, mesmo com as divergências ideológicas"
49,5,99,11,89,592,188,603,89,592,188,592,188,603,89,603,sub_line_text,list,list_1,arial,regular,9,bib_2cols_authors_20211228_152435_1656020692_600_800.png,/scratch/parceirosbr/bigoilict/share/BigOil/document_generator/datasets/documents_2021_12_28/bib_2cols_authors_20211228_152435_1656020692_600_800.png,bib_2cols_authors_20211228_152435_1656020692_600_800_mask.png,não há um afastamento
115,5,231,11,64,611,295,622,64,611,295,611,295,622,64,622,sub_line_text,list,list_1,arial,regular,9,bib_2cols_authors_20211228_152435_1656020692_600_800.png,/scratch/parceirosbr/bigoilict/share/BigOil/document_generator/datasets/documents_2021_12_28/bib_2cols_authors_20211228_152435_1656020692_600_800.png,bib_2cols_authors_20211228_152435_1656020692_600_800_mask.png,"[50]   No mundo, para aumentar o fator de recuperação"
76,5,152,11,89,630,241,641,89,630,241,630,241,641,89,641,sub_line_text,list,list_1,arial,regular,9,bib_2cols_authors_20211228_152435_1656020692_600_800.png,/scratch/parceirosbr/bigoilict/share/BigOil/document_generator/datasets/documents_2021_12_28/bib_2cols_authors_20211228_152435_1656020692_600_800.png,bib_2cols_authors_20211228_152435_1656020692_600_800_mask.png,"dos campos, os governos autorizam"
116,5,232,11,64,649,296,660,64,649,296,649,296,660,64,660,sub_line_text,list,list_1,arial,regular,9,bib_2cols_authors_20211228_152435_1656020692_600_800.png,/scratch/parceirosbr/bigoilict/share/BigOil/document_generator/datasets/documents_2021_12_28/bib_2cols_authors_20211228_152435_1656020692_600_800.png,bib_2cols_authors_20211228_152435_1656020692_600_800_mask.png,"[41]   Fonseca  and  (1998a,  b)  presented  a nonlinear"
64,5,129,11,89,668,218,679,89,668,218,668,218,679,89,679,sub_line_text,list,list_1,arial,regular,9,bib_2cols_authors_20211228_152435_1656020692_600_800.png,/scratch/parceirosbr/bigoilict/share/BigOil/document_generator/datasets/documents_2021_12_28/bib_2cols_authors_20211228_152435_1656020692_600_800.png,bib_2cols_authors_20211228_152435_1656020692_600_800_mask.png,formulation in the time domain.
115,5,231,11,64,687,295,698,64,687,295,687,295,698,64,698,sub_line_text,list,list_1,arial,regular,9,bib_2cols_authors_20211228_152435_1656020692_600_800.png,/scratch/parceirosbr/bigoilict/share/BigOil/document_generator/datasets/documents_2021_12_28/bib_2cols_authors_20211228_152435_1656020692_600_800.png,bib_2cols_authors_20211228_152435_1656020692_600_800_mask.png,[37]   A   estrutura   de  dados  por  aresta  apresentou
114,5,228,11,64,706,292,717,64,706,292,706,292,717,64,717,sub_line_text,list,list_1,arial,regular,9,bib_2cols_authors_20211228_152435_1656020692_600_800.png,/scratch/parceirosbr/bigoilict/share/BigOil/document_generator/datasets/documents_2021_12_28/bib_2cols_authors_20211228_152435_1656020692_600_800.png,bib_2cols_authors_20211228_152435_1656020692_600_800_mask.png,[102]   Propanediol: optimization of medium to improve
83,5,166,11,94,725,260,736,94,725,260,725,260,736,94,736,sub_line_text,list,list_1,arial,regular,9,bib_2cols_authors_20211228_152435_1656020692_600_800.png,/scratch/parceirosbr/bigoilict/share/BigOil/document_generator/datasets/documents_2021_12_28/bib_2cols_authors_20211228_152435_1656020692_600_800.png,bib_2cols_authors_20211228_152435_1656020692_600_800_mask.png,"production by beijerinckii 791. of in v, p."
109,53,219,106,320,123,539,229,320,123,539,123,539,229,320,229,list,list,list_2,arial,arial,9,bib_2cols_authors_20211228_152435_1656020692_600_800.png,/scratch/parceirosbr/bigoilict/share/BigOil/document_generator/datasets/documents_2021_12_28/bib_2cols_authors_20211228_152435_1656020692_600_800.png,bib_2cols_authors_20211228_152435_1656020692_600_800_mask.png,
98,5,197,11,320,123,517,134,320,123,517,123,517,134,320,134,sub_line_text,list,list_2,arial,regular,9,bib_2cols_authors_20211228_152435_1656020692_600_800.png,/scratch/parceirosbr/bigoilict/share/BigOil/document_generator/datasets/documents_2021_12_28/bib_2cols_authors_20211228_152435_1656020692_600_800.png,bib_2cols_authors_20211228_152435_1656020692_600_800_mask.png,"[24]   Com relação às manutenções corretivas,"
97,5,194,11,345,142,539,153,345,142,539,142,539,153,345,153,sub_line_text,list,list_2,arial,regular,9,bib_2cols_authors_20211228_152435_1656020692_600_800.png,/scratch/parceirosbr/bigoilict/share/BigOil/document_generator/datasets/documents_2021_12_28/bib_2cols_authors_20211228_152435_1656020692_600_800.png,bib_2cols_authors_20211228_152435_1656020692_600_800_mask.png,primeiramente é importante ressaltar que cada
52,5,104,11,345,161,449,172,345,161,449,161,449,172,345,172,sub_line_text,list,list_2,arial,regular,9,bib_2cols_authors_20211228_152435_1656020692_600_800.png,/scratch/parceirosbr/bigoilict/share/BigOil/document_generator/datasets/documents_2021_12_28/bib_2cols_authors_20211228_152435_1656020692_600_800.png,bib_2cols_authors_20211228_152435_1656020692_600_800_mask.png,turbogerador é composto
101,5,202,11,320,180,522,191,320,180,522,180,522,191,320,191,sub_line_text,list,list_2,arial,regular,9,bib_2cols_authors_20211228_152435_1656020692_600_800.png,/scratch/parceirosbr/bigoilict/share/BigOil/document_generator/datasets/documents_2021_12_28/bib_2cols_authors_20211228_152435_1656020692_600_800.png,bib_2cols_authors_20211228_152435_1656020692_600_800_mask.png,[57]   Para a análise da estabilidade oxidativa do
44,5,88,11,345,199,433,210,345,199,433,199,433,210,345,210,sub_line_text,list,list_2,arial,regular,9,bib_2cols_authors_20211228_152435_1656020692_600_800.png,/scratch/parceirosbr/bigoilict/share/BigOil/document_generator/datasets/documents_2021_12_28/bib_2cols_authors_20211228_152435_1656020692_600_800.png,bib_2cols_authors_20211228_152435_1656020692_600_800_mask.png,biodiesel de araticum
108,5,217,11,320,218,537,229,320,218,537,218,537,229,320,229,sub_line_text,list,list_2,arial,regular,9,bib_2cols_authors_20211228_152435_1656020692_600_800.png,/scratch/parceirosbr/bigoilict/share/BigOil/document_generator/datasets/documents_2021_12_28/bib_2cols_authors_20211228_152435_1656020692_600_800.png,bib_2cols_authors_20211228_152435_1656020692_600_800_mask.png,[74]   Francis (1904-1992) researched fuel cells with
41,44,83,89,334,261,417,350,334,261,417,261,417,350,334,350,image,figure_image,figure_0,,,,bib_2cols_authors_20211228_152435_1656020692_600_800.png,/scratch/parceirosbr/bigoilict/share/BigOil/document_generator/datasets/documents_2021_12_28/bib_2cols_authors_20211228_152435_1656020692_600_800.png,bib_2cols_authors_20211228_152435_1656020692_600_800_mask.png,/scratch/parceirosbr/bigoilict/share/BigOil/document_generator/files_images_document_generator/faces\Zoe Saldana53_5020.jpg
53,5,107,11,439,261,546,272,439,261,546,261,546,272,439,272,sub_line_text,text,text_1,arial,regular,9,bib_2cols_authors_20211228_152435_1656020692_600_800.png,/scratch/parceirosbr/bigoilict/share/BigOil/document_generator/datasets/documents_2021_12_28/bib_2cols_authors_20211228_152435_1656020692_600_800.png,bib_2cols_authors_20211228_152435_1656020692_600_800_mask.png,Graduation  in and from t-
54,5,108,11,439,280,547,291,439,280,547,280,547,291,439,291,sub_line_text,text,text_1,arial,regular,9,bib_2cols_authors_20211228_152435_1656020692_600_800.png,/scratch/parceirosbr/bigoilict/share/BigOil/document_generator/datasets/documents_2021_12_28/bib_2cols_authors_20211228_152435_1656020692_600_800.png,bib_2cols_authors_20211228_152435_1656020692_600_800_mask.png,he   infrastructure  provid-
54,5,109,11,439,299,548,310,439,299,548,299,548,310,439,310,sub_line_text,text,text_1,arial,regular,9,bib_2cols_authors_20211228_152435_1656020692_600_800.png,/scratch/parceirosbr/bigoilict/share/BigOil/document_generator/datasets/documents_2021_12_28/bib_2cols_authors_20211228_152435_1656020692_600_800.png,bib_2cols_authors_20211228_152435_1656020692_600_800_mask.png,ed  and  academic  and a-
53,5,107,11,439,318,546,329,439,318,546,318,546,329,439,329,sub_line_text,text,text_1,arial,regular,9,bib_2cols_authors_20211228_152435_1656020692_600_800.png,/scratch/parceirosbr/bigoilict/share/BigOil/document_generator/datasets/documents_2021_12_28/bib_2cols_authors_20211228_152435_1656020692_600_800.png,bib_2cols_authors_20211228_152435_1656020692_600_800_mask.png,dministrative  support.  In
54,5,108,11,439,337,547,348,439,337,547,337,547,348,439,348,sub_line_text,text,text_1,arial,regular,9,bib_2cols_authors_20211228_152435_1656020692_600_800.png,/scratch/parceirosbr/bigoilict/share/BigOil/document_generator/datasets/documents_2021_12_28/bib_2cols_authors_20211228_152435_1656020692_600_800.png,bib_2cols_authors_20211228_152435_1656020692_600_800_mask.png,deterministic   models  22
52,5,104,11,439,356,543,367,439,356,543,356,543,367,439,367,sub_line_text,text,text_1,arial,regular,9,bib_2cols_authors_20211228_152435_1656020692_600_800.png,/scratch/parceirosbr/bigoilict/share/BigOil/document_generator/datasets/documents_2021_12_28/bib_2cols_authors_20211228_152435_1656020692_600_800.png,bib_2cols_authors_20211228_152435_1656020692_600_800_mask.png,spill response strategies.
54,53,109,106,439,261,548,367,439,261,548,261,548,367,439,367,text,text,text_1,arial,regular,9,bib_2cols_authors_20211228_152435_1656020692_600_800.png,/scratch/parceirosbr/bigoilict/share/BigOil/document_generator/datasets/documents_2021_12_28/bib_2cols_authors_20211228_152435_1656020692_600_800.png,bib_2cols_authors_20211228_152435_1656020692_600_800_mask.png,nan
38,41,77,82,337,391,414,473,337,391,414,391,414,473,337,473,image,figure_image,figure_3,,,,bib_2cols_authors_20211228_152435_1656020692_600_800.png,/scratch/parceirosbr/bigoilict/share/BigOil/document_generator/datasets/documents_2021_12_28/bib_2cols_authors_20211228_152435_1656020692_600_800.png,bib_2cols_authors_20211228_152435_1656020692_600_800_mask.png,/scratch/parceirosbr/bigoilict/share/BigOil/document_generator/files_images_document_generator/faces\Alexandra Daddario12_236.jpg
54,5,109,11,439,391,548,402,439,391,548,391,548,402,439,402,sub_line_text,text,text_2,arial,regular,9,bib_2cols_authors_20211228_152435_1656020692_600_800.png,/scratch/parceirosbr/bigoilict/share/BigOil/document_generator/datasets/documents_2021_12_28/bib_2cols_authors_20211228_152435_1656020692_600_800.png,bib_2cols_authors_20211228_152435_1656020692_600_800_mask.png,The  arrangement  used f-
54,5,108,11,439,410,547,421,439,410,547,410,547,421,439,421,sub_line_text,text,text_2,arial,regular,9,bib_2cols_authors_20211228_152435_1656020692_600_800.png,/scratch/parceirosbr/bigoilict/share/BigOil/document_generator/datasets/documents_2021_12_28/bib_2cols_authors_20211228_152435_1656020692_600_800.png,bib_2cols_authors_20211228_152435_1656020692_600_800_mask.png,or the simulation was a s-
54,5,109,11,439,429,548,440,439,429,548,429,548,440,439,440,sub_line_text,text,text_2,arial,regular,9,bib_2cols_authors_20211228_152435_1656020692_600_800.png,/scratch/parceirosbr/bigoilict/share/BigOil/document_generator/datasets/documents_2021_12_28/bib_2cols_authors_20211228_152435_1656020692_600_800.png,bib_2cols_authors_20211228_152435_1656020692_600_800_mask.png,"imple  arrangement, seek-"
54,5,109,11,439,448,548,459,439,448,548,448,548,459,439,459,sub_line_text,text,text_2,arial,regular,9,bib_2cols_authors_20211228_152435_1656020692_600_800.png,/scratch/parceirosbr/bigoilict/share/BigOil/document_generator/datasets/documents_2021_12_28/bib_2cols_authors_20211228_152435_1656020692_600_800.png,bib_2cols_authors_20211228_152435_1656020692_600_800_mask.png,ing  to contemplate only t-
54,5,108,11,439,467,547,478,439,467,547,467,547,478,439,478,sub_line_text,text,text_2,arial,regular,9,bib_2cols_authors_20211228_152435_1656020692_600_800.png,/scratch/parceirosbr/bigoilict/share/BigOil/document_generator/datasets/documents_2021_12_28/bib_2cols_authors_20211228_152435_1656020692_600_800.png,bib_2cols_authors_20211228_152435_1656020692_600_800_mask.png,he  column of a traditional
35,5,70,11,439,486,509,497,439,486,509,486,509,497,439,497,sub_line_text,text,text_2,arial,regular,9,bib_2cols_authors_20211228_152435_1656020692_600_800.png,/scratch/parceirosbr/bigoilict/share/BigOil/document_generator/datasets/documents_2021_12_28/bib_2cols_authors_20211228_152435_1656020692_600_800.png,bib_2cols_authors_20211228_152435_1656020692_600_800_mask.png,ethanol distillery.
54,53,109,106,439,391,548,497,439,391,548,391,548,497,439,497,text,text,text_2,arial,regular,9,bib_2cols_authors_20211228_152435_1656020692_600_800.png,/scratch/parceirosbr/bigoilict/share/BigOil/document_generator/datasets/documents_2021_12_28/bib_2cols_authors_20211228_152435_1656020692_600_800.png,bib_2cols_authors_20211228_152435_1656020692_600_800_mask.png,nan
35,37,70,75,341,521,411,596,341,521,411,521,411,596,341,596,image,figure_image,figure_5,,,,bib_2cols_authors_20211228_152435_1656020692_600_800.png,/scratch/parceirosbr/bigoilict/share/BigOil/document_generator/datasets/documents_2021_12_28/bib_2cols_authors_20211228_152435_1656020692_600_800.png,bib_2cols_authors_20211228_152435_1656020692_600_800_mask.png,/scratch/parceirosbr/bigoilict/share/BigOil/document_generator/files_images_document_generator/faces\Morgan Freeman79_3129.jpg
53,5,107,11,439,521,546,532,439,521,546,521,546,532,439,532,sub_line_text,text,text_3,arial,regular,9,bib_2cols_authors_20211228_152435_1656020692_600_800.png,/scratch/parceirosbr/bigoilict/share/BigOil/document_generator/datasets/documents_2021_12_28/bib_2cols_authors_20211228_152435_1656020692_600_800.png,bib_2cols_authors_20211228_152435_1656020692_600_800_mask.png,Such  a program receives
54,5,109,11,439,540,548,551,439,540,548,540,548,551,439,551,sub_line_text,text,text_3,arial,regular,9,bib_2cols_authors_20211228_152435_1656020692_600_800.png,/scratch/parceirosbr/bigoilict/share/BigOil/document_generator/datasets/documents_2021_12_28/bib_2cols_authors_20211228_152435_1656020692_600_800.png,bib_2cols_authors_20211228_152435_1656020692_600_800_mask.png,data  in  different versions
54,5,108,11,439,559,547,570,439,559,547,559,547,570,439,570,sub_line_text,text,text_3,arial,regular,9,bib_2cols_authors_20211228_152435_1656020692_600_800.png,/scratch/parceirosbr/bigoilict/share/BigOil/document_generator/datasets/documents_2021_12_28/bib_2cols_authors_20211228_152435_1656020692_600_800.png,bib_2cols_authors_20211228_152435_1656020692_600_800_mask.png,of  the  vector  and raster
54,5,108,11,439,578,547,589,439,578,547,578,547,589,439,589,sub_line_text,text,text_3,arial,regular,9,bib_2cols_authors_20211228_152435_1656020692_600_800.png,/scratch/parceirosbr/bigoilict/share/BigOil/document_generator/datasets/documents_2021_12_28/bib_2cols_authors_20211228_152435_1656020692_600_800.png,bib_2cols_authors_20211228_152435_1656020692_600_800_mask.png,"formats,  in  addition to a-"
54,5,109,11,439,597,548,608,439,597,548,597,548,608,439,608,sub_line_text,text,text_3,arial,regular,9,bib_2cols_authors_20211228_152435_1656020692_600_800.png,/scratch/parceirosbr/bigoilict/share/BigOil/document_generator/datasets/documents_2021_12_28/bib_2cols_authors_20211228_152435_1656020692_600_800.png,bib_2cols_authors_20211228_152435_1656020692_600_800_mask.png,"dapting  to  them, which i-"
53,5,107,11,439,616,546,627,439,616,546,616,546,627,439,627,sub_line_text,text,text_3,arial,regular,9,bib_2cols_authors_20211228_152435_1656020692_600_800.png,/scratch/parceirosbr/bigoilict/share/BigOil/document_generator/datasets/documents_2021_12_28/bib_2cols_authors_20211228_152435_1656020692_600_800.png,bib_2cols_authors_20211228_152435_1656020692_600_800_mask.png,ndicates  its  capacity for
54,5,109,11,439,635,548,646,439,635,548,635,548,646,439,646,sub_line_text,text,text_3,arial,regular,9,bib_2cols_authors_20211228_152435_1656020692_600_800.png,/scratch/parceirosbr/bigoilict/share/BigOil/document_generator/datasets/documents_2021_12_28/bib_2cols_authors_20211228_152435_1656020692_600_800.png,bib_2cols_authors_20211228_152435_1656020692_600_800_mask.png,operational  integration wi-
37,5,74,11,439,654,513,665,439,654,513,654,513,665,439,665,sub_line_text,text,text_3,arial,regular,9,bib_2cols_authors_20211228_152435_1656020692_600_800.png,/scratch/parceirosbr/bigoilict/share/BigOil/document_generator/datasets/documents_2021_12_28/bib_2cols_authors_20211228_152435_1656020692_600_800.png,bib_2cols_authors_20211228_152435_1656020692_600_800_mask.png,th other software.
54,72,109,144,439,521,548,665,439,521,548,521,548,665,439,665,text,text,text_3,arial,regular,9,bib_2cols_authors_20211228_152435_1656020692_600_800.png,/scratch/parceirosbr/bigoilict/share/BigOil/document_generator/datasets/documents_2021_12_28/bib_2cols_authors_20211228_152435_1656020692_600_800.png,bib_2cols_authors_20211228_152435_1656020692_600_800_mask.png,nan
