center_x,center_y,width,height,xmin,ymin,xmax,ymax,top_left_x,top_left_y,top_right_x,top_right_y,bottom_right_x,bottom_right_y,bottom_left_x,bottom_left_y,label,grouplabel,group,text_font,text_style,size_font,filename,path,filename_mask,content
300,400,600,800,0,0,600,800,0,0,600,0,600,800,0,800,document,,,,,,bib_2cols_authors_20211228_152413_7678624588_600_800.png,/scratch/parceirosbr/bigoilict/share/BigOil/document_generator/datasets/documents_2021_12_28/bib_2cols_authors_20211228_152413_7678624588_600_800.png,bib_2cols_authors_20211228_152413_7678624588_600_800_mask.png,
43,6,86,12,474,64,560,76,474,64,560,64,560,76,474,76,sub_line_text,header,header_1,roboto,regular,10,bib_2cols_authors_20211228_152413_7678624588_600_800.png,/scratch/parceirosbr/bigoilict/share/BigOil/document_generator/datasets/documents_2021_12_28/bib_2cols_authors_20211228_152413_7678624588_600_800.png,bib_2cols_authors_20211228_152413_7678624588_600_800_mask.png,Os instrumentos de
43,6,86,12,474,64,560,76,474,64,560,64,560,76,474,76,text,header,header_1,roboto,regular,10,bib_2cols_authors_20211228_152413_7678624588_600_800.png,/scratch/parceirosbr/bigoilict/share/BigOil/document_generator/datasets/documents_2021_12_28/bib_2cols_authors_20211228_152413_7678624588_600_800.png,bib_2cols_authors_20211228_152413_7678624588_600_800_mask.png,nan
244,1,489,2,72,75,561,77,72,75,561,75,561,77,72,77,line,line,line,,,,bib_2cols_authors_20211228_152413_7678624588_600_800.png,/scratch/parceirosbr/bigoilict/share/BigOil/document_generator/datasets/documents_2021_12_28/bib_2cols_authors_20211228_152413_7678624588_600_800.png,bib_2cols_authors_20211228_152413_7678624588_600_800_mask.png,nan
244,0,489,1,72,722,561,723,72,722,561,722,561,723,72,723,line,line,line,,,,bib_2cols_authors_20211228_152413_7678624588_600_800.png,/scratch/parceirosbr/bigoilict/share/BigOil/document_generator/datasets/documents_2021_12_28/bib_2cols_authors_20211228_152413_7678624588_600_800.png,bib_2cols_authors_20211228_152413_7678624588_600_800_mask.png,nan
6,5,12,11,548,722,560,733,548,722,560,722,560,733,548,733,sub_line_text,numpag,footer_1,roboto,regular,10,bib_2cols_authors_20211228_152413_7678624588_600_800.png,/scratch/parceirosbr/bigoilict/share/BigOil/document_generator/datasets/documents_2021_12_28/bib_2cols_authors_20211228_152413_7678624588_600_800.png,bib_2cols_authors_20211228_152413_7678624588_600_800_mask.png,80
6,5,12,11,548,722,560,733,548,722,560,722,560,733,548,733,text,numpag,footer_1,roboto,regular,10,bib_2cols_authors_20211228_152413_7678624588_600_800.png,/scratch/parceirosbr/bigoilict/share/BigOil/document_generator/datasets/documents_2021_12_28/bib_2cols_authors_20211228_152413_7678624588_600_800.png,bib_2cols_authors_20211228_152413_7678624588_600_800_mask.png,nan
1,5,2,11,543,722,545,733,543,722,545,722,545,733,543,733,sub_line_text,footer,footer_1,roboto,regular,10,bib_2cols_authors_20211228_152413_7678624588_600_800.png,/scratch/parceirosbr/bigoilict/share/BigOil/document_generator/datasets/documents_2021_12_28/bib_2cols_authors_20211228_152413_7678624588_600_800.png,bib_2cols_authors_20211228_152413_7678624588_600_800_mask.png,|
1,5,2,11,543,722,545,733,543,722,545,722,545,733,543,733,text,footer,footer_1,roboto,regular,10,bib_2cols_authors_20211228_152413_7678624588_600_800.png,/scratch/parceirosbr/bigoilict/share/BigOil/document_generator/datasets/documents_2021_12_28/bib_2cols_authors_20211228_152413_7678624588_600_800.png,bib_2cols_authors_20211228_152413_7678624588_600_800_mask.png,nan
32,5,64,11,479,722,543,733,479,722,543,722,543,733,479,733,sub_line_text,footer,footer_1,roboto,regular,10,bib_2cols_authors_20211228_152413_7678624588_600_800.png,/scratch/parceirosbr/bigoilict/share/BigOil/document_generator/datasets/documents_2021_12_28/bib_2cols_authors_20211228_152413_7678624588_600_800.png,bib_2cols_authors_20211228_152413_7678624588_600_800_mask.png,Art. 65. deverá
32,5,64,11,479,722,543,733,479,722,543,722,543,733,479,733,text,footer,footer_1,roboto,regular,10,bib_2cols_authors_20211228_152413_7678624588_600_800.png,/scratch/parceirosbr/bigoilict/share/BigOil/document_generator/datasets/documents_2021_12_28/bib_2cols_authors_20211228_152413_7678624588_600_800.png,bib_2cols_authors_20211228_152413_7678624588_600_800_mask.png,nan
114,6,229,12,72,94,301,106,72,94,301,94,301,106,72,106,sub_line_text,text,text_0,roboto,regular,10,bib_2cols_authors_20211228_152413_7678624588_600_800.png,/scratch/parceirosbr/bigoilict/share/BigOil/document_generator/datasets/documents_2021_12_28/bib_2cols_authors_20211228_152413_7678624588_600_800.png,bib_2cols_authors_20211228_152413_7678624588_600_800_mask.png,Veronis   observou   um   aumento  do  transporte  no
114,6,229,12,72,113,301,125,72,113,301,113,301,125,72,125,sub_line_text,text,text_0,roboto,regular,10,bib_2cols_authors_20211228_152413_7678624588_600_800.png,/scratch/parceirosbr/bigoilict/share/BigOil/document_generator/datasets/documents_2021_12_28/bib_2cols_authors_20211228_152413_7678624588_600_800.png,bib_2cols_authors_20211228_152413_7678624588_600_800_mask.png,contorno   oestequando  se  tem  uma  superposicao
114,6,228,12,72,132,300,144,72,132,300,132,300,144,72,144,sub_line_text,text,text_0,roboto,regular,10,bib_2cols_authors_20211228_152413_7678624588_600_800.png,/scratch/parceirosbr/bigoilict/share/BigOil/document_generator/datasets/documents_2021_12_28/bib_2cols_authors_20211228_152413_7678624588_600_800.png,bib_2cols_authors_20211228_152413_7678624588_600_800_mask.png,"da  utuacao e da componente estacionaria, e conclu-"
114,6,228,12,72,151,300,163,72,151,300,151,300,163,72,163,sub_line_text,text,text_0,roboto,regular,10,bib_2cols_authors_20211228_152413_7678624588_600_800.png,/scratch/parceirosbr/bigoilict/share/BigOil/document_generator/datasets/documents_2021_12_28/bib_2cols_authors_20211228_152413_7678624588_600_800.png,bib_2cols_authors_20211228_152413_7678624588_600_800_mask.png,iuque  a  utilizacao apenas desta ultima pode resultar
114,6,229,12,72,170,301,182,72,170,301,170,301,182,72,182,sub_line_text,text,text_0,roboto,regular,10,bib_2cols_authors_20211228_152413_7678624588_600_800.png,/scratch/parceirosbr/bigoilict/share/BigOil/document_generator/datasets/documents_2021_12_28/bib_2cols_authors_20211228_152413_7678624588_600_800.png,bib_2cols_authors_20211228_152413_7678624588_600_800_mask.png,numa  seria  subestimacao  do transporte. Essa água
114,6,228,12,72,189,300,201,72,189,300,189,300,201,72,201,sub_line_text,text,text_0,roboto,regular,10,bib_2cols_authors_20211228_152413_7678624588_600_800.png,/scratch/parceirosbr/bigoilict/share/BigOil/document_generator/datasets/documents_2021_12_28/bib_2cols_authors_20211228_152413_7678624588_600_800.png,bib_2cols_authors_20211228_152413_7678624588_600_800_mask.png,tem  moléculas  organizadas em uma espécie de est-
105,6,211,12,72,208,283,220,72,208,283,208,283,220,72,220,sub_line_text,text,text_0,roboto,regular,10,bib_2cols_authors_20211228_152413_7678624588_600_800.png,/scratch/parceirosbr/bigoilict/share/BigOil/document_generator/datasets/documents_2021_12_28/bib_2cols_authors_20211228_152413_7678624588_600_800.png,bib_2cols_authors_20211228_152413_7678624588_600_800_mask.png,"rutura rígida, a partir das superfícies dos argilomi."
114,63,229,126,72,94,301,220,72,94,301,94,301,220,72,220,text,text,text_0,roboto,regular,10,bib_2cols_authors_20211228_152413_7678624588_600_800.png,/scratch/parceirosbr/bigoilict/share/BigOil/document_generator/datasets/documents_2021_12_28/bib_2cols_authors_20211228_152413_7678624588_600_800.png,bib_2cols_authors_20211228_152413_7678624588_600_800_mask.png,nan
47,10,94,21,141,230,235,251,141,230,235,230,235,251,141,251,sub_line_text,title,title_0,roboto,bold,18,bib_2cols_authors_20211228_152413_7678624588_600_800.png,/scratch/parceirosbr/bigoilict/share/BigOil/document_generator/datasets/documents_2021_12_28/bib_2cols_authors_20211228_152413_7678624588_600_800.png,bib_2cols_authors_20211228_152413_7678624588_600_800_mask.png,Bibliografia
47,10,94,21,141,230,235,251,141,230,235,230,235,251,141,251,title,title,title_0,roboto,bold,18,bib_2cols_authors_20211228_152413_7678624588_600_800.png,/scratch/parceirosbr/bigoilict/share/BigOil/document_generator/datasets/documents_2021_12_28/bib_2cols_authors_20211228_152413_7678624588_600_800.png,bib_2cols_authors_20211228_152413_7678624588_600_800_mask.png,nan
116,158,232,316,72,265,304,581,72,265,304,265,304,581,72,581,list,list,list_1,roboto,roboto,10,bib_2cols_authors_20211228_152413_7678624588_600_800.png,/scratch/parceirosbr/bigoilict/share/BigOil/document_generator/datasets/documents_2021_12_28/bib_2cols_authors_20211228_152413_7678624588_600_800.png,bib_2cols_authors_20211228_152413_7678624588_600_800_mask.png,
115,6,231,12,72,265,303,277,72,265,303,265,303,277,72,277,sub_line_text,list,list_1,roboto,regular,10,bib_2cols_authors_20211228_152413_7678624588_600_800.png,/scratch/parceirosbr/bigoilict/share/BigOil/document_generator/datasets/documents_2021_12_28/bib_2cols_authors_20211228_152413_7678624588_600_800.png,bib_2cols_authors_20211228_152413_7678624588_600_800_mask.png,"[133]   Sendo  a  fase  inicial  do  ciclo  4  de fase fluida,"
56,6,112,12,102,284,214,296,102,284,214,284,214,296,102,296,sub_line_text,list,list_1,roboto,regular,10,bib_2cols_authors_20211228_152413_7678624588_600_800.png,/scratch/parceirosbr/bigoilict/share/BigOil/document_generator/datasets/documents_2021_12_28/bib_2cols_authors_20211228_152413_7678624588_600_800.png,bib_2cols_authors_20211228_152413_7678624588_600_800_mask.png,conforme assinalado pela
115,6,231,12,72,303,303,315,72,303,303,303,303,315,72,315,sub_line_text,list,list_1,roboto,regular,10,bib_2cols_authors_20211228_152413_7678624588_600_800.png,/scratch/parceirosbr/bigoilict/share/BigOil/document_generator/datasets/documents_2021_12_28/bib_2cols_authors_20211228_152413_7678624588_600_800.png,bib_2cols_authors_20211228_152413_7678624588_600_800_mask.png,"[11]   Logo, a quantidade de e de formada pela reação"
67,6,135,12,96,322,231,334,96,322,231,322,231,334,96,334,sub_line_text,list,list_1,roboto,regular,10,bib_2cols_authors_20211228_152413_7678624588_600_800.png,/scratch/parceirosbr/bigoilict/share/BigOil/document_generator/datasets/documents_2021_12_28/bib_2cols_authors_20211228_152413_7678624588_600_800.png,bib_2cols_authors_20211228_152413_7678624588_600_800_mask.png,de reforma de metano é menor
92,6,185,12,72,341,257,353,72,341,257,341,257,353,72,353,sub_line_text,list,list_1,roboto,regular,10,bib_2cols_authors_20211228_152413_7678624588_600_800.png,/scratch/parceirosbr/bigoilict/share/BigOil/document_generator/datasets/documents_2021_12_28/bib_2cols_authors_20211228_152413_7678624588_600_800.png,bib_2cols_authors_20211228_152413_7678624588_600_800_mask.png,"[9]   TOGo (inicial) e (final), que representa a"
94,6,189,12,90,360,279,372,90,360,279,360,279,372,90,372,sub_line_text,list,list_1,roboto,regular,10,bib_2cols_authors_20211228_152413_7678624588_600_800.png,/scratch/parceirosbr/bigoilict/share/BigOil/document_generator/datasets/documents_2021_12_28/bib_2cols_authors_20211228_152413_7678624588_600_800.png,bib_2cols_authors_20211228_152413_7678624588_600_800_mask.png,"concentração do efluente e da água tratada,"
116,6,232,12,72,379,304,391,72,379,304,379,304,391,72,391,sub_line_text,list,list_1,roboto,regular,10,bib_2cols_authors_20211228_152413_7678624588_600_800.png,/scratch/parceirosbr/bigoilict/share/BigOil/document_generator/datasets/documents_2021_12_28/bib_2cols_authors_20211228_152413_7678624588_600_800.png,bib_2cols_authors_20211228_152413_7678624588_600_800_mask.png,[12]   Tensão  de  soldagem:  tensão  do  arco  e  o seu
103,6,207,12,96,398,303,410,96,398,303,398,303,410,96,410,sub_line_text,list,list_1,roboto,regular,10,bib_2cols_authors_20211228_152413_7678624588_600_800.png,/scratch/parceirosbr/bigoilict/share/BigOil/document_generator/datasets/documents_2021_12_28/bib_2cols_authors_20211228_152413_7678624588_600_800.png,bib_2cols_authors_20211228_152413_7678624588_600_800_mask.png,comprimento  estão  diretamente  relacionados.
46,6,92,12,96,417,188,429,96,417,188,417,188,429,96,429,sub_line_text,list,list_1,roboto,regular,10,bib_2cols_authors_20211228_152413_7678624588_600_800.png,/scratch/parceirosbr/bigoilict/share/BigOil/document_generator/datasets/documents_2021_12_28/bib_2cols_authors_20211228_152413_7678624588_600_800.png,bib_2cols_authors_20211228_152413_7678624588_600_800_mask.png,Terceiro estágio (fase
115,6,231,12,72,436,303,448,72,436,303,436,303,448,72,448,sub_line_text,list,list_1,roboto,regular,10,bib_2cols_authors_20211228_152413_7678624588_600_800.png,/scratch/parceirosbr/bigoilict/share/BigOil/document_generator/datasets/documents_2021_12_28/bib_2cols_authors_20211228_152413_7678624588_600_800.png,bib_2cols_authors_20211228_152413_7678624588_600_800_mask.png,[79]   Do ponto de vista das empresas fornecedoras e
66,6,132,12,96,455,228,467,96,455,228,455,228,467,96,467,sub_line_text,list,list_1,roboto,regular,10,bib_2cols_authors_20211228_152413_7678624588_600_800.png,/scratch/parceirosbr/bigoilict/share/BigOil/document_generator/datasets/documents_2021_12_28/bib_2cols_authors_20211228_152413_7678624588_600_800.png,bib_2cols_authors_20211228_152413_7678624588_600_800_mask.png,foi apontada a necessidade de
92,6,184,12,72,474,256,486,72,474,256,474,256,486,72,486,sub_line_text,list,list_1,roboto,regular,10,bib_2cols_authors_20211228_152413_7678624588_600_800.png,/scratch/parceirosbr/bigoilict/share/BigOil/document_generator/datasets/documents_2021_12_28/bib_2cols_authors_20211228_152413_7678624588_600_800.png,bib_2cols_authors_20211228_152413_7678624588_600_800_mask.png,[29]   Estes sistemas apresentam-se como
90,6,181,12,96,493,277,505,96,493,277,493,277,505,96,505,sub_line_text,list,list_1,roboto,regular,10,bib_2cols_authors_20211228_152413_7678624588_600_800.png,/scratch/parceirosbr/bigoilict/share/BigOil/document_generator/datasets/documents_2021_12_28/bib_2cols_authors_20211228_152413_7678624588_600_800.png,bib_2cols_authors_20211228_152413_7678624588_600_800_mask.png,"importante elemento de estudo, visto que"
104,6,209,12,72,512,281,524,72,512,281,512,281,524,72,524,sub_line_text,list,list_1,roboto,regular,10,bib_2cols_authors_20211228_152413_7678624588_600_800.png,/scratch/parceirosbr/bigoilict/share/BigOil/document_generator/datasets/documents_2021_12_28/bib_2cols_authors_20211228_152413_7678624588_600_800.png,bib_2cols_authors_20211228_152413_7678624588_600_800_mask.png,"[111]   Caso contrário, todo o processo deve ser"
116,6,232,12,72,531,304,543,72,531,304,531,304,543,72,543,sub_line_text,list,list_1,roboto,regular,10,bib_2cols_authors_20211228_152413_7678624588_600_800.png,/scratch/parceirosbr/bigoilict/share/BigOil/document_generator/datasets/documents_2021_12_28/bib_2cols_authors_20211228_152413_7678624588_600_800.png,bib_2cols_authors_20211228_152413_7678624588_600_800_mask.png,"[90]   Trata-se  de  um órgão regulatório federal, criado"
103,6,207,12,96,550,303,562,96,550,303,550,303,562,96,562,sub_line_text,list,list_1,roboto,regular,10,bib_2cols_authors_20211228_152413_7678624588_600_800.png,/scratch/parceirosbr/bigoilict/share/BigOil/document_generator/datasets/documents_2021_12_28/bib_2cols_authors_20211228_152413_7678624588_600_800.png,bib_2cols_authors_20211228_152413_7678624588_600_800_mask.png,"em    1959,    cujos    instrumentos    regulatórios"
45,6,91,12,96,569,187,581,96,569,187,569,187,581,96,581,sub_line_text,list,list_1,roboto,regular,10,bib_2cols_authors_20211228_152413_7678624588_600_800.png,/scratch/parceirosbr/bigoilict/share/BigOil/document_generator/datasets/documents_2021_12_28/bib_2cols_authors_20211228_152413_7678624588_600_800.png,bib_2cols_authors_20211228_152413_7678624588_600_800_mask.png,relacionados com os
116,44,232,88,328,94,560,182,328,94,560,94,560,182,328,182,list,list,list_2,roboto,roboto,10,bib_2cols_authors_20211228_152413_7678624588_600_800.png,/scratch/parceirosbr/bigoilict/share/BigOil/document_generator/datasets/documents_2021_12_28/bib_2cols_authors_20211228_152413_7678624588_600_800.png,bib_2cols_authors_20211228_152413_7678624588_600_800_mask.png,
116,6,232,12,328,94,560,106,328,94,560,94,560,106,328,106,sub_line_text,list,list_2,roboto,regular,10,bib_2cols_authors_20211228_152413_7678624588_600_800.png,/scratch/parceirosbr/bigoilict/share/BigOil/document_generator/datasets/documents_2021_12_28/bib_2cols_authors_20211228_152413_7678624588_600_800.png,bib_2cols_authors_20211228_152413_7678624588_600_800_mask.png,[151]   Uma   questão   relevante   para   a   análise   dos
92,6,184,12,358,113,542,125,358,113,542,113,542,125,358,125,sub_line_text,list,list_2,roboto,regular,10,bib_2cols_authors_20211228_152413_7678624588_600_800.png,/scratch/parceirosbr/bigoilict/share/BigOil/document_generator/datasets/documents_2021_12_28/bib_2cols_authors_20211228_152413_7678624588_600_800.png,bib_2cols_authors_20211228_152413_7678624588_600_800_mask.png,"resultados obtidos do leilão, apresentados"
116,6,232,12,328,132,560,144,328,132,560,132,560,144,328,144,sub_line_text,list,list_2,roboto,regular,10,bib_2cols_authors_20211228_152413_7678624588_600_800.png,/scratch/parceirosbr/bigoilict/share/BigOil/document_generator/datasets/documents_2021_12_28/bib_2cols_authors_20211228_152413_7678624588_600_800.png,bib_2cols_authors_20211228_152413_7678624588_600_800_mask.png,[126]   E   aplica   tal   método  considerando  todas  as
92,6,185,12,358,151,543,163,358,151,543,151,543,163,358,163,sub_line_text,list,list_2,roboto,regular,10,bib_2cols_authors_20211228_152413_7678624588_600_800.png,/scratch/parceirosbr/bigoilict/share/BigOil/document_generator/datasets/documents_2021_12_28/bib_2cols_authors_20211228_152413_7678624588_600_800.png,bib_2cols_authors_20211228_152413_7678624588_600_800_mask.png,nove variáveis do problema de otimização.
116,6,232,12,328,170,560,182,328,170,560,170,560,182,328,182,sub_line_text,list,list_2,roboto,regular,10,bib_2cols_authors_20211228_152413_7678624588_600_800.png,/scratch/parceirosbr/bigoilict/share/BigOil/document_generator/datasets/documents_2021_12_28/bib_2cols_authors_20211228_152413_7678624588_600_800.png,bib_2cols_authors_20211228_152413_7678624588_600_800_mask.png,"[97]   Given      complete      freedom      to     choose,     a"
38,34,76,68,346,210,422,278,346,210,422,210,422,278,346,278,image,figure_image,figure_0,,,,bib_2cols_authors_20211228_152413_7678624588_600_800.png,/scratch/parceirosbr/bigoilict/share/BigOil/document_generator/datasets/documents_2021_12_28/bib_2cols_authors_20211228_152413_7678624588_600_800.png,bib_2cols_authors_20211228_152413_7678624588_600_800_mask.png,/scratch/parceirosbr/bigoilict/share/BigOil/document_generator/files_images_document_generator/faces\elon musk62_1640.jpg
54,6,109,12,447,210,556,222,447,210,556,210,556,222,447,222,sub_line_text,text,text_1,roboto,regular,10,bib_2cols_authors_20211228_152413_7678624588_600_800.png,/scratch/parceirosbr/bigoilict/share/BigOil/document_generator/datasets/documents_2021_12_28/bib_2cols_authors_20211228_152413_7678624588_600_800.png,bib_2cols_authors_20211228_152413_7678624588_600_800_mask.png,O  trilho  de  deslocamen-
54,6,109,12,447,229,556,241,447,229,556,229,556,241,447,241,sub_line_text,text,text_1,roboto,regular,10,bib_2cols_authors_20211228_152413_7678624588_600_800.png,/scratch/parceirosbr/bigoilict/share/BigOil/document_generator/datasets/documents_2021_12_28/bib_2cols_authors_20211228_152413_7678624588_600_800.png,bib_2cols_authors_20211228_152413_7678624588_600_800_mask.png,to  do  manipulador  pos-
54,6,109,12,447,248,556,260,447,248,556,248,556,260,447,260,sub_line_text,text,text_1,roboto,regular,10,bib_2cols_authors_20211228_152413_7678624588_600_800.png,/scratch/parceirosbr/bigoilict/share/BigOil/document_generator/datasets/documents_2021_12_28/bib_2cols_authors_20211228_152413_7678624588_600_800.png,bib_2cols_authors_20211228_152413_7678624588_600_800_mask.png,sui  um  fácil  e rápido sis-
54,6,109,12,447,267,556,279,447,267,556,267,556,279,447,279,sub_line_text,text,text_1,roboto,regular,10,bib_2cols_authors_20211228_152413_7678624588_600_800.png,/scratch/parceirosbr/bigoilict/share/BigOil/document_generator/datasets/documents_2021_12_28/bib_2cols_authors_20211228_152413_7678624588_600_800.png,bib_2cols_authors_20211228_152413_7678624588_600_800_mask.png,tema  mecânico  de  ajus-
54,6,108,12,447,286,555,298,447,286,555,286,555,298,447,298,sub_line_text,text,text_1,roboto,regular,10,bib_2cols_authors_20211228_152413_7678624588_600_800.png,/scratch/parceirosbr/bigoilict/share/BigOil/document_generator/datasets/documents_2021_12_28/bib_2cols_authors_20211228_152413_7678624588_600_800.png,bib_2cols_authors_20211228_152413_7678624588_600_800_mask.png,te  e  fixação no tubo. Ta-
49,6,98,12,447,305,545,317,447,305,545,305,545,317,447,317,sub_line_text,text,text_1,roboto,regular,10,bib_2cols_authors_20211228_152413_7678624588_600_800.png,/scratch/parceirosbr/bigoilict/share/BigOil/document_generator/datasets/documents_2021_12_28/bib_2cols_authors_20211228_152413_7678624588_600_800.png,bib_2cols_authors_20211228_152413_7678624588_600_800_mask.png,ssim como na área de.
54,53,109,107,447,210,556,317,447,210,556,210,556,317,447,317,text,text,text_1,roboto,regular,10,bib_2cols_authors_20211228_152413_7678624588_600_800.png,/scratch/parceirosbr/bigoilict/share/BigOil/document_generator/datasets/documents_2021_12_28/bib_2cols_authors_20211228_152413_7678624588_600_800.png,bib_2cols_authors_20211228_152413_7678624588_600_800_mask.png,nan
35,37,70,75,349,338,419,413,349,338,419,338,419,413,349,413,image,figure_image,figure_3,,,,bib_2cols_authors_20211228_152413_7678624588_600_800.png,/scratch/parceirosbr/bigoilict/share/BigOil/document_generator/datasets/documents_2021_12_28/bib_2cols_authors_20211228_152413_7678624588_600_800.png,bib_2cols_authors_20211228_152413_7678624588_600_800_mask.png,/scratch/parceirosbr/bigoilict/share/BigOil/document_generator/files_images_document_generator/faces\Mark Ruffalo28_3299.jpg
54,6,108,12,447,338,555,350,447,338,555,338,555,350,447,350,sub_line_text,text,text_2,roboto,regular,10,bib_2cols_authors_20211228_152413_7678624588_600_800.png,/scratch/parceirosbr/bigoilict/share/BigOil/document_generator/datasets/documents_2021_12_28/bib_2cols_authors_20211228_152413_7678624588_600_800.png,bib_2cols_authors_20211228_152413_7678624588_600_800_mask.png,Na  09 apresentam-se de
54,6,109,12,447,357,556,369,447,357,556,357,556,369,447,369,sub_line_text,text,text_2,roboto,regular,10,bib_2cols_authors_20211228_152413_7678624588_600_800.png,/scratch/parceirosbr/bigoilict/share/BigOil/document_generator/datasets/documents_2021_12_28/bib_2cols_authors_20211228_152413_7678624588_600_800.png,bib_2cols_authors_20211228_152413_7678624588_600_800_mask.png,modo  geral as etapas do
54,6,108,12,447,376,555,388,447,376,555,376,555,388,447,388,sub_line_text,text,text_2,roboto,regular,10,bib_2cols_authors_20211228_152413_7678624588_600_800.png,/scratch/parceirosbr/bigoilict/share/BigOil/document_generator/datasets/documents_2021_12_28/bib_2cols_authors_20211228_152413_7678624588_600_800.png,bib_2cols_authors_20211228_152413_7678624588_600_800_mask.png,processo     de    imersão.
54,6,108,12,447,395,555,407,447,395,555,395,555,407,447,407,sub_line_text,text,text_2,roboto,regular,10,bib_2cols_authors_20211228_152413_7678624588_600_800.png,/scratch/parceirosbr/bigoilict/share/BigOil/document_generator/datasets/documents_2021_12_28/bib_2cols_authors_20211228_152413_7678624588_600_800.png,bib_2cols_authors_20211228_152413_7678624588_600_800_mask.png,"Na  5.2,  c0  é a concentr-"
54,6,109,12,447,414,556,426,447,414,556,414,556,426,447,426,sub_line_text,text,text_2,roboto,regular,10,bib_2cols_authors_20211228_152413_7678624588_600_800.png,/scratch/parceirosbr/bigoilict/share/BigOil/document_generator/datasets/documents_2021_12_28/bib_2cols_authors_20211228_152413_7678624588_600_800.png,bib_2cols_authors_20211228_152413_7678624588_600_800_mask.png,ação  das  partículas  inje-
54,6,108,12,447,433,555,445,447,433,555,433,555,445,447,445,sub_line_text,text,text_2,roboto,regular,10,bib_2cols_authors_20211228_152413_7678624588_600_800.png,/scratch/parceirosbr/bigoilict/share/BigOil/document_generator/datasets/documents_2021_12_28/bib_2cols_authors_20211228_152413_7678624588_600_800.png,bib_2cols_authors_20211228_152413_7678624588_600_800_mask.png,tadas;   dp   é  o  diâmetro
51,6,103,12,447,452,550,464,447,452,550,452,550,464,447,464,sub_line_text,text,text_2,roboto,regular,10,bib_2cols_authors_20211228_152413_7678624588_600_800.png,/scratch/parceirosbr/bigoilict/share/BigOil/document_generator/datasets/documents_2021_12_28/bib_2cols_authors_20211228_152413_7678624588_600_800.png,bib_2cols_authors_20211228_152413_7678624588_600_800_mask.png,médio das partículas in.
54,63,109,126,447,338,556,464,447,338,556,338,556,464,447,464,text,text,text_2,roboto,regular,10,bib_2cols_authors_20211228_152413_7678624588_600_800.png,/scratch/parceirosbr/bigoilict/share/BigOil/document_generator/datasets/documents_2021_12_28/bib_2cols_authors_20211228_152413_7678624588_600_800.png,bib_2cols_authors_20211228_152413_7678624588_600_800_mask.png,nan
38,41,77,82,345,485,422,567,345,485,422,485,422,567,345,567,image,figure_image,figure_5,,,,bib_2cols_authors_20211228_152413_7678624588_600_800.png,/scratch/parceirosbr/bigoilict/share/BigOil/document_generator/datasets/documents_2021_12_28/bib_2cols_authors_20211228_152413_7678624588_600_800.png,bib_2cols_authors_20211228_152413_7678624588_600_800_mask.png,/scratch/parceirosbr/bigoilict/share/BigOil/document_generator/files_images_document_generator/faces\Dominic Purcell36_1006.jpg
54,6,109,12,447,485,556,497,447,485,556,485,556,497,447,497,sub_line_text,text,text_3,roboto,regular,10,bib_2cols_authors_20211228_152413_7678624588_600_800.png,/scratch/parceirosbr/bigoilict/share/BigOil/document_generator/datasets/documents_2021_12_28/bib_2cols_authors_20211228_152413_7678624588_600_800.png,bib_2cols_authors_20211228_152413_7678624588_600_800_mask.png,"Além   disso,  gostaria  de"
54,6,108,12,447,504,555,516,447,504,555,504,555,516,447,516,sub_line_text,text,text_3,roboto,regular,10,bib_2cols_authors_20211228_152413_7678624588_600_800.png,/scratch/parceirosbr/bigoilict/share/BigOil/document_generator/datasets/documents_2021_12_28/bib_2cols_authors_20211228_152413_7678624588_600_800.png,bib_2cols_authors_20211228_152413_7678624588_600_800_mask.png,agradecer  com  toda a s-
54,6,109,12,447,523,556,535,447,523,556,523,556,535,447,535,sub_line_text,text,text_3,roboto,regular,10,bib_2cols_authors_20211228_152413_7678624588_600_800.png,/scratch/parceirosbr/bigoilict/share/BigOil/document_generator/datasets/documents_2021_12_28/bib_2cols_authors_20211228_152413_7678624588_600_800.png,bib_2cols_authors_20211228_152413_7678624588_600_800_mask.png,inceridade   ao  meu  orie-
54,6,109,12,447,542,556,554,447,542,556,542,556,554,447,554,sub_line_text,text,text_3,roboto,regular,10,bib_2cols_authors_20211228_152413_7678624588_600_800.png,/scratch/parceirosbr/bigoilict/share/BigOil/document_generator/datasets/documents_2021_12_28/bib_2cols_authors_20211228_152413_7678624588_600_800.png,bib_2cols_authors_20211228_152413_7678624588_600_800_mask.png,"ntador,.  O  é  um material"
54,6,109,12,447,561,556,573,447,561,556,561,556,573,447,573,sub_line_text,text,text_3,roboto,regular,10,bib_2cols_authors_20211228_152413_7678624588_600_800.png,/scratch/parceirosbr/bigoilict/share/BigOil/document_generator/datasets/documents_2021_12_28/bib_2cols_authors_20211228_152413_7678624588_600_800.png,bib_2cols_authors_20211228_152413_7678624588_600_800_mask.png,"viscoelástico,  logo,  suas"
48,6,97,12,447,580,544,592,447,580,544,580,544,592,447,592,sub_line_text,text,text_3,roboto,regular,10,bib_2cols_authors_20211228_152413_7678624588_600_800.png,/scratch/parceirosbr/bigoilict/share/BigOil/document_generator/datasets/documents_2021_12_28/bib_2cols_authors_20211228_152413_7678624588_600_800.png,bib_2cols_authors_20211228_152413_7678624588_600_800_mask.png,propriedades depend.
54,53,109,107,447,485,556,592,447,485,556,485,556,592,447,592,text,text,text_3,roboto,regular,10,bib_2cols_authors_20211228_152413_7678624588_600_800.png,/scratch/parceirosbr/bigoilict/share/BigOil/document_generator/datasets/documents_2021_12_28/bib_2cols_authors_20211228_152413_7678624588_600_800.png,bib_2cols_authors_20211228_152413_7678624588_600_800_mask.png,nan
28,30,57,61,355,613,412,674,355,613,412,613,412,674,355,674,image,figure_image,figure_7,,,,bib_2cols_authors_20211228_152413_7678624588_600_800.png,/scratch/parceirosbr/bigoilict/share/BigOil/document_generator/datasets/documents_2021_12_28/bib_2cols_authors_20211228_152413_7678624588_600_800.png,bib_2cols_authors_20211228_152413_7678624588_600_800_mask.png,/scratch/parceirosbr/bigoilict/share/BigOil/document_generator/files_images_document_generator/faces\ellen page49_1481.jpg
54,6,109,12,447,613,556,625,447,613,556,613,556,625,447,625,sub_line_text,text,text_4,roboto,regular,10,bib_2cols_authors_20211228_152413_7678624588_600_800.png,/scratch/parceirosbr/bigoilict/share/BigOil/document_generator/datasets/documents_2021_12_28/bib_2cols_authors_20211228_152413_7678624588_600_800.png,bib_2cols_authors_20211228_152413_7678624588_600_800_mask.png,"Por    essa   razão,   dentre"
54,6,108,12,447,632,555,644,447,632,555,632,555,644,447,644,sub_line_text,text,text_4,roboto,regular,10,bib_2cols_authors_20211228_152413_7678624588_600_800.png,/scratch/parceirosbr/bigoilict/share/BigOil/document_generator/datasets/documents_2021_12_28/bib_2cols_authors_20211228_152413_7678624588_600_800.png,bib_2cols_authors_20211228_152413_7678624588_600_800_mask.png,as  atribuições  do  órgão
48,6,96,12,447,651,543,663,447,651,543,651,543,663,447,663,sub_line_text,text,text_4,roboto,regular,10,bib_2cols_authors_20211228_152413_7678624588_600_800.png,/scratch/parceirosbr/bigoilict/share/BigOil/document_generator/datasets/documents_2021_12_28/bib_2cols_authors_20211228_152413_7678624588_600_800.png,bib_2cols_authors_20211228_152413_7678624588_600_800_mask.png,"regulador destaca-se,."
54,25,109,50,447,613,556,663,447,613,556,613,556,663,447,663,text,text,text_4,roboto,regular,10,bib_2cols_authors_20211228_152413_7678624588_600_800.png,/scratch/parceirosbr/bigoilict/share/BigOil/document_generator/datasets/documents_2021_12_28/bib_2cols_authors_20211228_152413_7678624588_600_800.png,bib_2cols_authors_20211228_152413_7678624588_600_800_mask.png,nan
