center_x,center_y,width,height,xmin,ymin,xmax,ymax,top_left_x,top_left_y,top_right_x,top_right_y,bottom_right_x,bottom_right_y,bottom_left_x,bottom_left_y,label,grouplabel,group,text_font,text_style,size_font,filename,path,filename_mask,content
300,400,600,800,0,0,600,800,0,0,600,0,600,800,0,800,document,,,,,,bib_3cols_20211228_152516_8263485672_600_800.png,/scratch/parceirosbr/bigoilict/share/BigOil/document_generator/datasets/documents_2021_12_28/bib_3cols_20211228_152516_8263485672_600_800.png,bib_3cols_20211228_152516_8263485672_600_800_mask.png,
251,0,502,1,63,724,565,725,63,724,565,724,565,725,63,725,line,line,line,,,,bib_3cols_20211228_152516_8263485672_600_800.png,/scratch/parceirosbr/bigoilict/share/BigOil/document_generator/datasets/documents_2021_12_28/bib_3cols_20211228_152516_8263485672_600_800.png,bib_3cols_20211228_152516_8263485672_600_800_mask.png,nan
6,3,12,7,552,724,564,731,552,724,564,724,564,731,552,731,sub_line_text,numpag,footer_1,roboto,regular,7,bib_3cols_20211228_152516_8263485672_600_800.png,/scratch/parceirosbr/bigoilict/share/BigOil/document_generator/datasets/documents_2021_12_28/bib_3cols_20211228_152516_8263485672_600_800.png,bib_3cols_20211228_152516_8263485672_600_800_mask.png,117
6,3,12,7,552,724,564,731,552,724,564,724,564,731,552,731,text,numpag,footer_1,roboto,regular,7,bib_3cols_20211228_152516_8263485672_600_800.png,/scratch/parceirosbr/bigoilict/share/BigOil/document_generator/datasets/documents_2021_12_28/bib_3cols_20211228_152516_8263485672_600_800.png,bib_3cols_20211228_152516_8263485672_600_800_mask.png,nan
74,4,148,8,63,101,211,109,63,101,211,101,211,109,63,109,sub_line_text,text,text_0,roboto,regular,7,bib_3cols_20211228_152516_8263485672_600_800.png,/scratch/parceirosbr/bigoilict/share/BigOil/document_generator/datasets/documents_2021_12_28/bib_3cols_20211228_152516_8263485672_600_800.png,bib_3cols_20211228_152516_8263485672_600_800_mask.png,E.;  of  aqueous  pH  on  the interfacial propert-
73,4,147,8,63,112,210,120,63,112,210,112,210,120,63,120,sub_line_text,text,text_0,roboto,regular,7,bib_3cols_20211228_152516_8263485672_600_800.png,/scratch/parceirosbr/bigoilict/share/BigOil/document_generator/datasets/documents_2021_12_28/bib_3cols_20211228_152516_8263485672_600_800.png,bib_3cols_20211228_152516_8263485672_600_800_mask.png,ies  of  coal  tar.  Durante  a germinação ocor-
74,4,148,8,63,123,211,131,63,123,211,123,211,131,63,131,sub_line_text,text,text_0,roboto,regular,7,bib_3cols_20211228_152516_8263485672_600_800.png,/scratch/parceirosbr/bigoilict/share/BigOil/document_generator/datasets/documents_2021_12_28/bib_3cols_20211228_152516_8263485672_600_800.png,bib_3cols_20211228_152516_8263485672_600_800_mask.png,re   a  degradação  do  triacilglicerol  presente
74,4,148,8,63,134,211,142,63,134,211,134,211,142,63,142,sub_line_text,text,text_0,roboto,regular,7,bib_3cols_20211228_152516_8263485672_600_800.png,/scratch/parceirosbr/bigoilict/share/BigOil/document_generator/datasets/documents_2021_12_28/bib_3cols_20211228_152516_8263485672_600_800.png,bib_3cols_20211228_152516_8263485672_600_800_mask.png,na  semente  e  esta  degradação proporciona
74,4,148,8,63,145,211,153,63,145,211,145,211,153,63,153,sub_line_text,text,text_0,roboto,regular,7,bib_3cols_20211228_152516_8263485672_600_800.png,/scratch/parceirosbr/bigoilict/share/BigOil/document_generator/datasets/documents_2021_12_28/bib_3cols_20211228_152516_8263485672_600_800.png,bib_3cols_20211228_152516_8263485672_600_800_mask.png,uma  fonte  de  carbono  que  irá  abastecer  o
74,4,148,8,63,156,211,164,63,156,211,156,211,164,63,164,sub_line_text,text,text_0,roboto,regular,7,bib_3cols_20211228_152516_8263485672_600_800.png,/scratch/parceirosbr/bigoilict/share/BigOil/document_generator/datasets/documents_2021_12_28/bib_3cols_20211228_152516_8263485672_600_800.png,bib_3cols_20211228_152516_8263485672_600_800_mask.png,crescimento  da  planta  e  permitir que ele se
73,4,147,8,63,167,210,175,63,167,210,167,210,175,63,175,sub_line_text,text,text_0,roboto,regular,7,bib_3cols_20211228_152516_8263485672_600_800.png,/scratch/parceirosbr/bigoilict/share/BigOil/document_generator/datasets/documents_2021_12_28/bib_3cols_20211228_152516_8263485672_600_800.png,bib_3cols_20211228_152516_8263485672_600_800_mask.png,torne   uma   muda  fotossinteticamente  ativa
73,4,147,8,63,178,210,186,63,178,210,178,210,186,63,186,sub_line_text,text,text_0,roboto,regular,7,bib_3cols_20211228_152516_8263485672_600_800.png,/scratch/parceirosbr/bigoilict/share/BigOil/document_generator/datasets/documents_2021_12_28/bib_3cols_20211228_152516_8263485672_600_800.png,bib_3cols_20211228_152516_8263485672_600_800_mask.png,com  um  sistema  de  raízes  e folhas (cotilé-
73,4,147,8,63,189,210,197,63,189,210,189,210,197,63,197,sub_line_text,text,text_0,roboto,regular,7,bib_3cols_20211228_152516_8263485672_600_800.png,/scratch/parceirosbr/bigoilict/share/BigOil/document_generator/datasets/documents_2021_12_28/bib_3cols_20211228_152516_8263485672_600_800.png,bib_3cols_20211228_152516_8263485672_600_800_mask.png,dones).  Carmópolis  é  fracionado em e na 4-
74,4,148,8,63,200,211,208,63,200,211,200,211,208,63,208,sub_line_text,text,text_0,roboto,regular,7,bib_3cols_20211228_152516_8263485672_600_800.png,/scratch/parceirosbr/bigoilict/share/BigOil/document_generator/datasets/documents_2021_12_28/bib_3cols_20211228_152516_8263485672_600_800.png,bib_3cols_20211228_152516_8263485672_600_800_mask.png,Inclui  os  volumes  processados  nas e. Com
73,4,147,8,63,211,210,219,63,211,210,211,210,219,63,219,sub_line_text,text,text_0,roboto,regular,7,bib_3cols_20211228_152516_8263485672_600_800.png,/scratch/parceirosbr/bigoilict/share/BigOil/document_generator/datasets/documents_2021_12_28/bib_3cols_20211228_152516_8263485672_600_800.png,bib_3cols_20211228_152516_8263485672_600_800_mask.png,esta  ampla  diversidade  de  ambientes cost-
74,4,148,8,63,222,211,230,63,222,211,222,211,230,63,230,sub_line_text,text,text_0,roboto,regular,7,bib_3cols_20211228_152516_8263485672_600_800.png,/scratch/parceirosbr/bigoilict/share/BigOil/document_generator/datasets/documents_2021_12_28/bib_3cols_20211228_152516_8263485672_600_800.png,bib_3cols_20211228_152516_8263485672_600_800_mask.png,"eiros  e  oceânicos,  vem a disponibilidade de"
71,4,143,8,63,233,206,241,63,233,206,233,206,241,63,241,sub_line_text,text,text_0,roboto,regular,7,bib_3cols_20211228_152516_8263485672_600_800.png,/scratch/parceirosbr/bigoilict/share/BigOil/document_generator/datasets/documents_2021_12_28/bib_3cols_20211228_152516_8263485672_600_800.png,bib_3cols_20211228_152516_8263485672_600_800_mask.png,"recursos minerais, biológicos e energéticos."
74,70,148,140,63,101,211,241,63,101,211,101,211,241,63,241,text,text,text_0,roboto,regular,7,bib_3cols_20211228_152516_8263485672_600_800.png,/scratch/parceirosbr/bigoilict/share/BigOil/document_generator/datasets/documents_2021_12_28/bib_3cols_20211228_152516_8263485672_600_800.png,bib_3cols_20211228_152516_8263485672_600_800_mask.png,nan
25,5,50,11,113,244,163,255,113,244,163,244,163,255,113,255,sub_line_text,title,title_0,roboto,bold,9,bib_3cols_20211228_152516_8263485672_600_800.png,/scratch/parceirosbr/bigoilict/share/BigOil/document_generator/datasets/documents_2021_12_28/bib_3cols_20211228_152516_8263485672_600_800.png,bib_3cols_20211228_152516_8263485672_600_800_mask.png,Bibliography
25,5,50,11,113,244,163,255,113,244,163,244,163,255,113,255,title,title,title_0,roboto,bold,9,bib_3cols_20211228_152516_8263485672_600_800.png,/scratch/parceirosbr/bigoilict/share/BigOil/document_generator/datasets/documents_2021_12_28/bib_3cols_20211228_152516_8263485672_600_800.png,bib_3cols_20211228_152516_8263485672_600_800_mask.png,nan
75,207,150,415,63,261,213,676,63,261,213,261,213,676,63,676,list,list,list_1,roboto,roboto,7,bib_3cols_20211228_152516_8263485672_600_800.png,/scratch/parceirosbr/bigoilict/share/BigOil/document_generator/datasets/documents_2021_12_28/bib_3cols_20211228_152516_8263485672_600_800.png,bib_3cols_20211228_152516_8263485672_600_800_mask.png,
75,4,150,8,63,261,213,269,63,261,213,261,213,269,63,269,sub_line_text,list,list_1,roboto,regular,7,bib_3cols_20211228_152516_8263485672_600_800.png,/scratch/parceirosbr/bigoilict/share/BigOil/document_generator/datasets/documents_2021_12_28/bib_3cols_20211228_152516_8263485672_600_800.png,bib_3cols_20211228_152516_8263485672_600_800_mask.png,[137]   Em       um      sistema      tarifário      de
64,4,128,8,85,272,213,280,85,272,213,272,213,280,85,280,sub_line_text,list,list_1,roboto,regular,7,bib_3cols_20211228_152516_8263485672_600_800.png,/scratch/parceirosbr/bigoilict/share/BigOil/document_generator/datasets/documents_2021_12_28/bib_3cols_20211228_152516_8263485672_600_800.png,bib_3cols_20211228_152516_8263485672_600_800_mask.png,"entrada/saída,    para   cada   ponto   de"
64,4,128,8,85,283,213,291,85,283,213,283,213,291,85,291,sub_line_text,list,list_1,roboto,regular,7,bib_3cols_20211228_152516_8263485672_600_800.png,/scratch/parceirosbr/bigoilict/share/BigOil/document_generator/datasets/documents_2021_12_28/bib_3cols_20211228_152516_8263485672_600_800.png,bib_3cols_20211228_152516_8263485672_600_800_mask.png,recepção    (ou   grupo   de   pontos   de
15,4,30,8,85,294,115,302,85,294,115,294,115,302,85,302,sub_line_text,list,list_1,roboto,regular,7,bib_3cols_20211228_152516_8263485672_600_800.png,/scratch/parceirosbr/bigoilict/share/BigOil/document_generator/datasets/documents_2021_12_28/bib_3cols_20211228_152516_8263485672_600_800.png,bib_3cols_20211228_152516_8263485672_600_800_mask.png,recepção
75,4,150,8,63,305,213,313,63,305,213,305,213,313,63,313,sub_line_text,list,list_1,roboto,regular,7,bib_3cols_20211228_152516_8263485672_600_800.png,/scratch/parceirosbr/bigoilict/share/BigOil/document_generator/datasets/documents_2021_12_28/bib_3cols_20211228_152516_8263485672_600_800.png,bib_3cols_20211228_152516_8263485672_600_800_mask.png,"[17]   Ademais,  a  década de 80 é marcada no"
66,4,132,8,81,316,213,324,81,316,213,316,213,324,81,324,sub_line_text,list,list_1,roboto,regular,7,bib_3cols_20211228_152516_8263485672_600_800.png,/scratch/parceirosbr/bigoilict/share/BigOil/document_generator/datasets/documents_2021_12_28/bib_3cols_20211228_152516_8263485672_600_800.png,bib_3cols_20211228_152516_8263485672_600_800_mask.png,país  pelas  inversões  em  exploração  e
73,4,146,8,63,327,209,335,63,327,209,327,209,335,63,335,sub_line_text,list,list_1,roboto,regular,7,bib_3cols_20211228_152516_8263485672_600_800.png,/scratch/parceirosbr/bigoilict/share/BigOil/document_generator/datasets/documents_2021_12_28/bib_3cols_20211228_152516_8263485672_600_800.png,bib_3cols_20211228_152516_8263485672_600_800_mask.png,[122]   Evaluation of electrodeposited alloy on
60,4,121,8,85,338,206,346,85,338,206,338,206,346,85,346,sub_line_text,list,list_1,roboto,regular,7,bib_3cols_20211228_152516_8263485672_600_800.png,/scratch/parceirosbr/bigoilict/share/BigOil/document_generator/datasets/documents_2021_12_28/bib_3cols_20211228_152516_8263485672_600_800.png,bib_3cols_20211228_152516_8263485672_600_800_mask.png,ferritic stainless steel solid oxide fuel
50,4,101,8,85,349,186,357,85,349,186,349,186,357,85,357,sub_line_text,list,list_1,roboto,regular,7,bib_3cols_20211228_152516_8263485672_600_800.png,/scratch/parceirosbr/bigoilict/share/BigOil/document_generator/datasets/documents_2021_12_28/bib_3cols_20211228_152516_8263485672_600_800.png,bib_3cols_20211228_152516_8263485672_600_800_mask.png,"cell interconnect. Finalmente, o"
71,4,142,8,63,360,205,368,63,360,205,360,205,368,63,368,sub_line_text,list,list_1,roboto,regular,7,bib_3cols_20211228_152516_8263485672_600_800.png,/scratch/parceirosbr/bigoilict/share/BigOil/document_generator/datasets/documents_2021_12_28/bib_3cols_20211228_152516_8263485672_600_800.png,bib_3cols_20211228_152516_8263485672_600_800_mask.png,"[18]   Contudo, talvez por ser um instrumento"
62,4,125,8,81,371,206,379,81,371,206,371,206,379,81,379,sub_line_text,list,list_1,roboto,regular,7,bib_3cols_20211228_152516_8263485672_600_800.png,/scratch/parceirosbr/bigoilict/share/BigOil/document_generator/datasets/documents_2021_12_28/bib_3cols_20211228_152516_8263485672_600_800.png,bib_3cols_20211228_152516_8263485672_600_800_mask.png,"ainda não totalmente consolidado, não"
26,4,53,8,81,382,134,390,81,382,134,382,134,390,81,390,sub_line_text,list,list_1,roboto,regular,7,bib_3cols_20211228_152516_8263485672_600_800.png,/scratch/parceirosbr/bigoilict/share/BigOil/document_generator/datasets/documents_2021_12_28/bib_3cols_20211228_152516_8263485672_600_800.png,bib_3cols_20211228_152516_8263485672_600_800_mask.png,teve apropriação
63,4,127,8,63,393,190,401,63,393,190,393,190,401,63,401,sub_line_text,list,list_1,roboto,regular,7,bib_3cols_20211228_152516_8263485672_600_800.png,/scratch/parceirosbr/bigoilict/share/BigOil/document_generator/datasets/documents_2021_12_28/bib_3cols_20211228_152516_8263485672_600_800.png,bib_3cols_20211228_152516_8263485672_600_800_mask.png,[6]   Since environmental and economic
67,4,135,8,77,404,212,412,77,404,212,404,212,412,77,412,sub_line_text,list,list_1,roboto,regular,7,bib_3cols_20211228_152516_8263485672_600_800.png,/scratch/parceirosbr/bigoilict/share/BigOil/document_generator/datasets/documents_2021_12_28/bib_3cols_20211228_152516_8263485672_600_800.png,bib_3cols_20211228_152516_8263485672_600_800_mask.png,issues become increasingly significant in
57,4,115,8,77,415,192,423,77,415,192,415,192,423,77,423,sub_line_text,list,list_1,roboto,regular,7,bib_3cols_20211228_152516_8263485672_600_800.png,/scratch/parceirosbr/bigoilict/share/BigOil/document_generator/datasets/documents_2021_12_28/bib_3cols_20211228_152516_8263485672_600_800.png,bib_3cols_20211228_152516_8263485672_600_800_mask.png,"the energy sector, ethanol shows up"
74,4,148,8,63,426,211,434,63,426,211,426,211,434,63,434,sub_line_text,list,list_1,roboto,regular,7,bib_3cols_20211228_152516_8263485672_600_800.png,/scratch/parceirosbr/bigoilict/share/BigOil/document_generator/datasets/documents_2021_12_28/bib_3cols_20211228_152516_8263485672_600_800.png,bib_3cols_20211228_152516_8263485672_600_800_mask.png,"[151]   If there is more than one appendix, they"
44,4,88,8,85,437,173,445,85,437,173,437,173,445,85,445,sub_line_text,list,list_1,roboto,regular,7,bib_3cols_20211228_152516_8263485672_600_800.png,/scratch/parceirosbr/bigoilict/share/BigOil/document_generator/datasets/documents_2021_12_28/bib_3cols_20211228_152516_8263485672_600_800.png,bib_3cols_20211228_152516_8263485672_600_800_mask.png,should be identified as etc.
19,4,38,8,85,448,123,456,85,448,123,448,123,456,85,456,sub_line_text,list,list_1,roboto,regular,7,bib_3cols_20211228_152516_8263485672_600_800.png,/scratch/parceirosbr/bigoilict/share/BigOil/document_generator/datasets/documents_2021_12_28/bib_3cols_20211228_152516_8263485672_600_800.png,bib_3cols_20211228_152516_8263485672_600_800_mask.png,"Igualmente,"
74,4,149,8,63,459,212,467,63,459,212,459,212,467,63,467,sub_line_text,list,list_1,roboto,regular,7,bib_3cols_20211228_152516_8263485672_600_800.png,/scratch/parceirosbr/bigoilict/share/BigOil/document_generator/datasets/documents_2021_12_28/bib_3cols_20211228_152516_8263485672_600_800.png,bib_3cols_20211228_152516_8263485672_600_800_mask.png,"[64]   Como     foi    visto    na    4,    o    projeto"
66,4,132,8,81,470,213,478,81,470,213,470,213,478,81,478,sub_line_text,list,list_1,roboto,regular,7,bib_3cols_20211228_152516_8263485672_600_800.png,/scratch/parceirosbr/bigoilict/share/BigOil/document_generator/datasets/documents_2021_12_28/bib_3cols_20211228_152516_8263485672_600_800.png,bib_3cols_20211228_152516_8263485672_600_800_mask.png,organizacional         pode        considerar
33,4,66,8,81,481,147,489,81,481,147,481,147,489,81,489,sub_line_text,list,list_1,roboto,regular,7,bib_3cols_20211228_152516_8263485672_600_800.png,/scratch/parceirosbr/bigoilict/share/BigOil/document_generator/datasets/documents_2021_12_28/bib_3cols_20211228_152516_8263485672_600_800.png,bib_3cols_20211228_152516_8263485672_600_800_mask.png,diferentes conjuntos
74,4,149,8,63,492,212,500,63,492,212,492,212,500,63,500,sub_line_text,list,list_1,roboto,regular,7,bib_3cols_20211228_152516_8263485672_600_800.png,/scratch/parceirosbr/bigoilict/share/BigOil/document_generator/datasets/documents_2021_12_28/bib_3cols_20211228_152516_8263485672_600_800.png,bib_3cols_20211228_152516_8263485672_600_800_mask.png,[146]   As        duas       propriedades       mais
73,4,146,8,63,503,209,511,63,503,209,503,209,511,63,511,sub_line_text,list,list_1,roboto,regular,7,bib_3cols_20211228_152516_8263485672_600_800.png,/scratch/parceirosbr/bigoilict/share/BigOil/document_generator/datasets/documents_2021_12_28/bib_3cols_20211228_152516_8263485672_600_800.png,bib_3cols_20211228_152516_8263485672_600_800_mask.png,"[38]   Assim, a distinção entre transferência e"
55,4,110,8,81,514,191,522,81,514,191,514,191,522,81,522,sub_line_text,list,list_1,roboto,regular,7,bib_3cols_20211228_152516_8263485672_600_800.png,/scratch/parceirosbr/bigoilict/share/BigOil/document_generator/datasets/documents_2021_12_28/bib_3cols_20211228_152516_8263485672_600_800.png,bib_3cols_20211228_152516_8263485672_600_800_mask.png,transporte está na medida em que
74,4,149,8,63,525,212,533,63,525,212,525,212,533,63,533,sub_line_text,list,list_1,roboto,regular,7,bib_3cols_20211228_152516_8263485672_600_800.png,/scratch/parceirosbr/bigoilict/share/BigOil/document_generator/datasets/documents_2021_12_28/bib_3cols_20211228_152516_8263485672_600_800.png,bib_3cols_20211228_152516_8263485672_600_800_mask.png,[61]   A    bolha    no   escoamento   pistonado
65,4,131,8,81,536,212,544,81,536,212,536,212,544,81,544,sub_line_text,list,list_1,roboto,regular,7,bib_3cols_20211228_152516_8263485672_600_800.png,/scratch/parceirosbr/bigoilict/share/BigOil/document_generator/datasets/documents_2021_12_28/bib_3cols_20211228_152516_8263485672_600_800.png,bib_3cols_20211228_152516_8263485672_600_800_mask.png,horizontal  é  formada por quatro seções:
41,4,83,8,81,547,164,555,81,547,164,547,164,555,81,555,sub_line_text,list,list_1,roboto,regular,7,bib_3cols_20211228_152516_8263485672_600_800.png,/scratch/parceirosbr/bigoilict/share/BigOil/document_generator/datasets/documents_2021_12_28/bib_3cols_20211228_152516_8263485672_600_800.png,bib_3cols_20211228_152516_8263485672_600_800_mask.png,"o nariz, o corpo, o ressalto"
75,4,150,8,63,558,213,566,63,558,213,558,213,566,63,566,sub_line_text,list,list_1,roboto,regular,7,bib_3cols_20211228_152516_8263485672_600_800.png,/scratch/parceirosbr/bigoilict/share/BigOil/document_generator/datasets/documents_2021_12_28/bib_3cols_20211228_152516_8263485672_600_800.png,bib_3cols_20211228_152516_8263485672_600_800_mask.png,"[69]   Porém,  com  a  entrada  em  vigor  do  de"
66,4,132,8,81,569,213,577,81,569,213,569,213,577,81,577,sub_line_text,list,list_1,roboto,regular,7,bib_3cols_20211228_152516_8263485672_600_800.png,/scratch/parceirosbr/bigoilict/share/BigOil/document_generator/datasets/documents_2021_12_28/bib_3cols_20211228_152516_8263485672_600_800.png,bib_3cols_20211228_152516_8263485672_600_800_mask.png,todos        esses        contratos       foram
74,4,149,8,63,580,212,588,63,580,212,580,212,588,63,588,sub_line_text,list,list_1,roboto,regular,7,bib_3cols_20211228_152516_8263485672_600_800.png,/scratch/parceirosbr/bigoilict/share/BigOil/document_generator/datasets/documents_2021_12_28/bib_3cols_20211228_152516_8263485672_600_800.png,bib_3cols_20211228_152516_8263485672_600_800_mask.png,[27]   Essa abertura será controlada através do
59,4,119,8,81,591,200,599,81,591,200,591,200,599,81,599,sub_line_text,list,list_1,roboto,regular,7,bib_3cols_20211228_152516_8263485672_600_800.png,/scratch/parceirosbr/bigoilict/share/BigOil/document_generator/datasets/documents_2021_12_28/bib_3cols_20211228_152516_8263485672_600_800.png,bib_3cols_20211228_152516_8263485672_600_800_mask.png,acoplamento de um motor ao eixo de
75,4,150,8,63,602,213,610,63,602,213,602,213,610,63,610,sub_line_text,list,list_1,roboto,regular,7,bib_3cols_20211228_152516_8263485672_600_800.png,/scratch/parceirosbr/bigoilict/share/BigOil/document_generator/datasets/documents_2021_12_28/bib_3cols_20211228_152516_8263485672_600_800.png,bib_3cols_20211228_152516_8263485672_600_800_mask.png,"[27]   No     caso    de    bens    substitutos,    o"
66,4,132,8,81,613,213,621,81,613,213,613,213,621,81,621,sub_line_text,list,list_1,roboto,regular,7,bib_3cols_20211228_152516_8263485672_600_800.png,/scratch/parceirosbr/bigoilict/share/BigOil/document_generator/datasets/documents_2021_12_28/bib_3cols_20211228_152516_8263485672_600_800.png,bib_3cols_20211228_152516_8263485672_600_800_mask.png,consumidor   escolherá  unicamente  um
41,4,83,8,81,624,164,632,81,624,164,624,164,632,81,632,sub_line_text,list,list_1,roboto,regular,7,bib_3cols_20211228_152516_8263485672_600_800.png,/scratch/parceirosbr/bigoilict/share/BigOil/document_generator/datasets/documents_2021_12_28/bib_3cols_20211228_152516_8263485672_600_800.png,bib_3cols_20211228_152516_8263485672_600_800_mask.png,"dos dois bens, em função"
71,4,143,8,63,635,206,643,63,635,206,635,206,643,63,643,sub_line_text,list,list_1,roboto,regular,7,bib_3cols_20211228_152516_8263485672_600_800.png,/scratch/parceirosbr/bigoilict/share/BigOil/document_generator/datasets/documents_2021_12_28/bib_3cols_20211228_152516_8263485672_600_800.png,bib_3cols_20211228_152516_8263485672_600_800_mask.png,[82]   Os componentes do óleo do grupo dos
63,4,126,8,81,646,207,654,81,646,207,646,207,654,81,654,sub_line_text,list,list_1,roboto,regular,7,bib_3cols_20211228_152516_8263485672_600_800.png,/scratch/parceirosbr/bigoilict/share/BigOil/document_generator/datasets/documents_2021_12_28/bib_3cols_20211228_152516_8263485672_600_800.png,bib_3cols_20211228_152516_8263485672_600_800_mask.png,saturados consistem primariamente de
59,4,119,8,81,657,200,665,81,657,200,657,200,665,81,665,sub_line_text,list,list_1,roboto,regular,7,bib_3cols_20211228_152516_8263485672_600_800.png,/scratch/parceirosbr/bigoilict/share/BigOil/document_generator/datasets/documents_2021_12_28/bib_3cols_20211228_152516_8263485672_600_800.png,bib_3cols_20211228_152516_8263485672_600_800_mask.png,"alcanos, os quais são compostos de"
75,4,150,8,63,668,213,676,63,668,213,668,213,676,63,676,sub_line_text,list,list_1,roboto,regular,7,bib_3cols_20211228_152516_8263485672_600_800.png,/scratch/parceirosbr/bigoilict/share/BigOil/document_generator/datasets/documents_2021_12_28/bib_3cols_20211228_152516_8263485672_600_800.png,bib_3cols_20211228_152516_8263485672_600_800_mask.png,[32]   Industrialização        do       xistoe       em
75,290,150,580,238,101,388,681,238,101,388,101,388,681,238,681,list,list,list_2,roboto,roboto,7,bib_3cols_20211228_152516_8263485672_600_800.png,/scratch/parceirosbr/bigoilict/share/BigOil/document_generator/datasets/documents_2021_12_28/bib_3cols_20211228_152516_8263485672_600_800.png,bib_3cols_20211228_152516_8263485672_600_800_mask.png,
74,4,149,8,238,101,387,109,238,101,387,101,387,109,238,109,sub_line_text,list,list_2,roboto,regular,7,bib_3cols_20211228_152516_8263485672_600_800.png,/scratch/parceirosbr/bigoilict/share/BigOil/document_generator/datasets/documents_2021_12_28/bib_3cols_20211228_152516_8263485672_600_800.png,bib_3cols_20211228_152516_8263485672_600_800_mask.png,[15]   A  identificação dos testemunhos segue
66,4,132,8,256,112,388,120,256,112,388,112,388,120,256,120,sub_line_text,list,list_2,roboto,regular,7,bib_3cols_20211228_152516_8263485672_600_800.png,/scratch/parceirosbr/bigoilict/share/BigOil/document_generator/datasets/documents_2021_12_28/bib_3cols_20211228_152516_8263485672_600_800.png,bib_3cols_20211228_152516_8263485672_600_800_mask.png,a      nomenclatura      estipulada      pela
62,4,124,8,256,123,380,131,256,123,380,123,380,131,256,131,sub_line_text,list,list_2,roboto,regular,7,bib_3cols_20211228_152516_8263485672_600_800.png,/scratch/parceirosbr/bigoilict/share/BigOil/document_generator/datasets/documents_2021_12_28/bib_3cols_20211228_152516_8263485672_600_800.png,bib_3cols_20211228_152516_8263485672_600_800_mask.png,empresa contratada para este trabalho
75,4,150,8,238,134,388,142,238,134,388,134,388,142,238,142,sub_line_text,list,list_2,roboto,regular,7,bib_3cols_20211228_152516_8263485672_600_800.png,/scratch/parceirosbr/bigoilict/share/BigOil/document_generator/datasets/documents_2021_12_28/bib_3cols_20211228_152516_8263485672_600_800.png,bib_3cols_20211228_152516_8263485672_600_800_mask.png,"[69]   Entrevistado:   o   tema   nunca  entrou,  o"
40,4,80,8,256,145,336,153,256,145,336,145,336,153,256,153,sub_line_text,list,list_2,roboto,regular,7,bib_3cols_20211228_152516_8263485672_600_800.png,/scratch/parceirosbr/bigoilict/share/BigOil/document_generator/datasets/documents_2021_12_28/bib_3cols_20211228_152516_8263485672_600_800.png,bib_3cols_20211228_152516_8263485672_600_800_mask.png,petróleo é um tema tão a
74,4,149,8,238,156,387,164,238,156,387,156,387,164,238,164,sub_line_text,list,list_2,roboto,regular,7,bib_3cols_20211228_152516_8263485672_600_800.png,/scratch/parceirosbr/bigoilict/share/BigOil/document_generator/datasets/documents_2021_12_28/bib_3cols_20211228_152516_8263485672_600_800.png,bib_3cols_20211228_152516_8263485672_600_800_mask.png,"[67]   Observa-se     em     suma    que,    nesta"
66,4,132,8,256,167,388,175,256,167,388,167,388,175,256,175,sub_line_text,list,list_2,roboto,regular,7,bib_3cols_20211228_152516_8263485672_600_800.png,/scratch/parceirosbr/bigoilict/share/BigOil/document_generator/datasets/documents_2021_12_28/bib_3cols_20211228_152516_8263485672_600_800.png,bib_3cols_20211228_152516_8263485672_600_800_mask.png,"temperatura  de  40C,  o  fluido  contendo"
25,4,50,8,256,178,306,186,256,178,306,178,306,186,256,186,sub_line_text,list,list_2,roboto,regular,7,bib_3cols_20211228_152516_8263485672_600_800.png,/scratch/parceirosbr/bigoilict/share/BigOil/document_generator/datasets/documents_2021_12_28/bib_3cols_20211228_152516_8263485672_600_800.png,bib_3cols_20211228_152516_8263485672_600_800_mask.png,"0,2% de tende a"
75,4,150,8,238,189,388,197,238,189,388,189,388,197,238,197,sub_line_text,list,list_2,roboto,regular,7,bib_3cols_20211228_152516_8263485672_600_800.png,/scratch/parceirosbr/bigoilict/share/BigOil/document_generator/datasets/documents_2021_12_28/bib_3cols_20211228_152516_8263485672_600_800.png,bib_3cols_20211228_152516_8263485672_600_800_mask.png,[74]   A    grande    desvantagem   do   uso   de
65,4,131,8,256,200,387,208,256,200,387,200,387,208,256,208,sub_line_text,list,list_2,roboto,regular,7,bib_3cols_20211228_152516_8263485672_600_800.png,/scratch/parceirosbr/bigoilict/share/BigOil/document_generator/datasets/documents_2021_12_28/bib_3cols_20211228_152516_8263485672_600_800.png,bib_3cols_20211228_152516_8263485672_600_800_mask.png,ancoragem  convencional  é  que a força
48,4,96,8,256,211,352,219,256,211,352,211,352,219,256,219,sub_line_text,list,list_2,roboto,regular,7,bib_3cols_20211228_152516_8263485672_600_800.png,/scratch/parceirosbr/bigoilict/share/BigOil/document_generator/datasets/documents_2021_12_28/bib_3cols_20211228_152516_8263485672_600_800.png,bib_3cols_20211228_152516_8263485672_600_800_mask.png,restauradora está relacionada
71,4,143,8,238,222,381,230,238,222,381,222,381,230,238,230,sub_line_text,list,list_2,roboto,regular,7,bib_3cols_20211228_152516_8263485672_600_800.png,/scratch/parceirosbr/bigoilict/share/BigOil/document_generator/datasets/documents_2021_12_28/bib_3cols_20211228_152516_8263485672_600_800.png,bib_3cols_20211228_152516_8263485672_600_800_mask.png,[149]   Além desse elemento básico (padrão
66,4,133,8,238,233,371,241,238,233,371,233,371,241,238,241,sub_line_text,list,list_2,roboto,regular,7,bib_3cols_20211228_152516_8263485672_600_800.png,/scratch/parceirosbr/bigoilict/share/BigOil/document_generator/datasets/documents_2021_12_28/bib_3cols_20211228_152516_8263485672_600_800.png,bib_3cols_20211228_152516_8263485672_600_800_mask.png,"[146]   Em primeiro lugar, destacam-se as"
58,4,116,8,260,244,376,252,260,244,376,244,376,252,260,252,sub_line_text,list,list_2,roboto,regular,7,bib_3cols_20211228_152516_8263485672_600_800.png,/scratch/parceirosbr/bigoilict/share/BigOil/document_generator/datasets/documents_2021_12_28/bib_3cols_20211228_152516_8263485672_600_800.png,bib_3cols_20211228_152516_8263485672_600_800_mask.png,barreiras decorrentes dos custos de
57,4,115,8,260,255,375,263,260,255,375,255,375,263,260,263,sub_line_text,list,list_2,roboto,regular,7,bib_3cols_20211228_152516_8263485672_600_800.png,/scratch/parceirosbr/bigoilict/share/BigOil/document_generator/datasets/documents_2021_12_28/bib_3cols_20211228_152516_8263485672_600_800.png,bib_3cols_20211228_152516_8263485672_600_800_mask.png,investimento necessários para uma
32,4,64,8,260,266,324,274,260,266,324,266,324,274,260,274,sub_line_text,list,list_2,roboto,regular,7,bib_3cols_20211228_152516_8263485672_600_800.png,/scratch/parceirosbr/bigoilict/share/BigOil/document_generator/datasets/documents_2021_12_28/bib_3cols_20211228_152516_8263485672_600_800.png,bib_3cols_20211228_152516_8263485672_600_800_mask.png,entrada com escala
72,4,144,8,238,277,382,285,238,277,382,277,382,285,238,285,sub_line_text,list,list_2,roboto,regular,7,bib_3cols_20211228_152516_8263485672_600_800.png,/scratch/parceirosbr/bigoilict/share/BigOil/document_generator/datasets/documents_2021_12_28/bib_3cols_20211228_152516_8263485672_600_800.png,bib_3cols_20211228_152516_8263485672_600_800_mask.png,"[35]   Sobre outro aspecto, vale lembrar ainda"
54,4,108,8,256,288,364,296,256,288,364,288,364,296,256,296,sub_line_text,list,list_2,roboto,regular,7,bib_3cols_20211228_152516_8263485672_600_800.png,/scratch/parceirosbr/bigoilict/share/BigOil/document_generator/datasets/documents_2021_12_28/bib_3cols_20211228_152516_8263485672_600_800.png,bib_3cols_20211228_152516_8263485672_600_800_mask.png,"que os combustíveis, mesmo sob"
42,4,84,8,256,299,340,307,256,299,340,299,340,307,256,307,sub_line_text,list,list_2,roboto,regular,7,bib_3cols_20211228_152516_8263485672_600_800.png,/scratch/parceirosbr/bigoilict/share/BigOil/document_generator/datasets/documents_2021_12_28/bib_3cols_20211228_152516_8263485672_600_800.png,bib_3cols_20211228_152516_8263485672_600_800_mask.png,condições apropriadas de
75,4,150,8,238,310,388,318,238,310,388,310,388,318,238,318,sub_line_text,list,list_2,roboto,regular,7,bib_3cols_20211228_152516_8263485672_600_800.png,/scratch/parceirosbr/bigoilict/share/BigOil/document_generator/datasets/documents_2021_12_28/bib_3cols_20211228_152516_8263485672_600_800.png,bib_3cols_20211228_152516_8263485672_600_800_mask.png,"[14]   Um   ano  após  sua  criação,  a  assinou"
58,4,116,8,256,321,372,329,256,321,372,321,372,329,256,329,sub_line_text,list,list_2,roboto,regular,7,bib_3cols_20211228_152516_8263485672_600_800.png,/scratch/parceirosbr/bigoilict/share/BigOil/document_generator/datasets/documents_2021_12_28/bib_3cols_20211228_152516_8263485672_600_800.png,bib_3cols_20211228_152516_8263485672_600_800_mask.png,"com a 397 contratos de concessão,"
74,4,148,8,238,332,386,340,238,332,386,332,386,340,238,340,sub_line_text,list,list_2,roboto,regular,7,bib_3cols_20211228_152516_8263485672_600_800.png,/scratch/parceirosbr/bigoilict/share/BigOil/document_generator/datasets/documents_2021_12_28/bib_3cols_20211228_152516_8263485672_600_800.png,bib_3cols_20211228_152516_8263485672_600_800_mask.png,[137]   Gasoduto de ) 21 argumentos expostos
53,4,106,8,260,343,366,351,260,343,366,343,366,351,260,351,sub_line_text,list,list_2,roboto,regular,7,bib_3cols_20211228_152516_8263485672_600_800.png,/scratch/parceirosbr/bigoilict/share/BigOil/document_generator/datasets/documents_2021_12_28/bib_3cols_20211228_152516_8263485672_600_800.png,bib_3cols_20211228_152516_8263485672_600_800_mask.png,"continuam válidos, mesmo se os"
43,4,87,8,260,354,347,362,260,354,347,354,347,362,260,362,sub_line_text,list,list_2,roboto,regular,7,bib_3cols_20211228_152516_8263485672_600_800.png,/scratch/parceirosbr/bigoilict/share/BigOil/document_generator/datasets/documents_2021_12_28/bib_3cols_20211228_152516_8263485672_600_800.png,bib_3cols_20211228_152516_8263485672_600_800_mask.png,acionistas das respectivas
22,4,44,8,260,365,304,373,260,365,304,365,304,373,260,373,sub_line_text,list,list_2,roboto,regular,7,bib_3cols_20211228_152516_8263485672_600_800.png,/scratch/parceirosbr/bigoilict/share/BigOil/document_generator/datasets/documents_2021_12_28/bib_3cols_20211228_152516_8263485672_600_800.png,bib_3cols_20211228_152516_8263485672_600_800_mask.png,distribuidoras
74,4,149,8,238,376,387,384,238,376,387,376,387,384,238,384,sub_line_text,list,list_2,roboto,regular,7,bib_3cols_20211228_152516_8263485672_600_800.png,/scratch/parceirosbr/bigoilict/share/BigOil/document_generator/datasets/documents_2021_12_28/bib_3cols_20211228_152516_8263485672_600_800.png,bib_3cols_20211228_152516_8263485672_600_800_mask.png,"[113]   A construção do micromonólito, a partir"
64,4,128,8,260,387,388,395,260,387,388,387,388,395,260,395,sub_line_text,list,list_2,roboto,regular,7,bib_3cols_20211228_152516_8263485672_600_800.png,/scratch/parceirosbr/bigoilict/share/BigOil/document_generator/datasets/documents_2021_12_28/bib_3cols_20211228_152516_8263485672_600_800.png,bib_3cols_20211228_152516_8263485672_600_800_mask.png,de       uma       placa      de      consiste
50,4,101,8,260,398,361,406,260,398,361,398,361,406,260,406,sub_line_text,list,list_2,roboto,regular,7,bib_3cols_20211228_152516_8263485672_600_800.png,/scratch/parceirosbr/bigoilict/share/BigOil/document_generator/datasets/documents_2021_12_28/bib_3cols_20211228_152516_8263485672_600_800.png,bib_3cols_20211228_152516_8263485672_600_800_mask.png,basicamente em três etapas. A
64,4,128,8,238,409,366,417,238,409,366,409,366,417,238,417,sub_line_text,list,list_2,roboto,regular,7,bib_3cols_20211228_152516_8263485672_600_800.png,/scratch/parceirosbr/bigoilict/share/BigOil/document_generator/datasets/documents_2021_12_28/bib_3cols_20211228_152516_8263485672_600_800.png,bib_3cols_20211228_152516_8263485672_600_800_mask.png,[67]   O valor apresentado no anuário da
52,4,104,8,256,420,360,428,256,420,360,420,360,428,256,428,sub_line_text,list,list_2,roboto,regular,7,bib_3cols_20211228_152516_8263485672_600_800.png,/scratch/parceirosbr/bigoilict/share/BigOil/document_generator/datasets/documents_2021_12_28/bib_3cols_20211228_152516_8263485672_600_800.png,bib_3cols_20211228_152516_8263485672_600_800_mask.png,sugere que o custo unitário com
33,4,66,8,256,431,322,439,256,431,322,431,322,439,256,439,sub_line_text,list,list_2,roboto,regular,7,bib_3cols_20211228_152516_8263485672_600_800.png,/scratch/parceirosbr/bigoilict/share/BigOil/document_generator/datasets/documents_2021_12_28/bib_3cols_20211228_152516_8263485672_600_800.png,bib_3cols_20211228_152516_8263485672_600_800_mask.png,mão-de-obra gira em
64,4,129,8,238,442,367,450,238,442,367,442,367,450,238,450,sub_line_text,list,list_2,roboto,regular,7,bib_3cols_20211228_152516_8263485672_600_800.png,/scratch/parceirosbr/bigoilict/share/BigOil/document_generator/datasets/documents_2021_12_28/bib_3cols_20211228_152516_8263485672_600_800.png,bib_3cols_20211228_152516_8263485672_600_800_mask.png,[41]   Consumidores e empresas podem
46,4,92,8,256,453,348,461,256,453,348,453,348,461,256,461,sub_line_text,list,list_2,roboto,regular,7,bib_3cols_20211228_152516_8263485672_600_800.png,/scratch/parceirosbr/bigoilict/share/BigOil/document_generator/datasets/documents_2021_12_28/bib_3cols_20211228_152516_8263485672_600_800.png,bib_3cols_20211228_152516_8263485672_600_800_mask.png,"acompanhar,pela internet, as"
55,4,110,8,256,464,366,472,256,464,366,464,366,472,256,472,sub_line_text,list,list_2,roboto,regular,7,bib_3cols_20211228_152516_8263485672_600_800.png,/scratch/parceirosbr/bigoilict/share/BigOil/document_generator/datasets/documents_2021_12_28/bib_3cols_20211228_152516_8263485672_600_800.png,bib_3cols_20211228_152516_8263485672_600_800_mask.png,solicitações de registro de óleose
31,4,63,8,256,475,319,483,256,475,319,475,319,483,256,483,sub_line_text,list,list_2,roboto,regular,7,bib_3cols_20211228_152516_8263485672_600_800.png,/scratch/parceirosbr/bigoilict/share/BigOil/document_generator/datasets/documents_2021_12_28/bib_3cols_20211228_152516_8263485672_600_800.png,bib_3cols_20211228_152516_8263485672_600_800_mask.png,graxas lubrificantes
68,4,137,8,238,486,375,494,238,486,375,486,375,494,238,494,sub_line_text,list,list_2,roboto,regular,7,bib_3cols_20211228_152516_8263485672_600_800.png,/scratch/parceirosbr/bigoilict/share/BigOil/document_generator/datasets/documents_2021_12_28/bib_3cols_20211228_152516_8263485672_600_800.png,bib_3cols_20211228_152516_8263485672_600_800_mask.png,[144]   A produção de petróleo no em 2015
61,4,122,8,260,497,382,505,260,497,382,497,382,505,260,505,sub_line_text,list,list_2,roboto,regular,7,bib_3cols_20211228_152516_8263485672_600_800.png,/scratch/parceirosbr/bigoilict/share/BigOil/document_generator/datasets/documents_2021_12_28/bib_3cols_20211228_152516_8263485672_600_800.png,bib_3cols_20211228_152516_8263485672_600_800_mask.png,"cresceu 8% ante o ano anterior, diante"
69,4,138,8,238,508,376,516,238,508,376,508,376,516,238,516,sub_line_text,list,list_2,roboto,regular,7,bib_3cols_20211228_152516_8263485672_600_800.png,/scratch/parceirosbr/bigoilict/share/BigOil/document_generator/datasets/documents_2021_12_28/bib_3cols_20211228_152516_8263485672_600_800.png,bib_3cols_20211228_152516_8263485672_600_800_mask.png,[55]   A diferença resulta de uma avaliação
63,4,126,8,256,519,382,527,256,519,382,519,382,527,256,527,sub_line_text,list,list_2,roboto,regular,7,bib_3cols_20211228_152516_8263485672_600_800.png,/scratch/parceirosbr/bigoilict/share/BigOil/document_generator/datasets/documents_2021_12_28/bib_3cols_20211228_152516_8263485672_600_800.png,bib_3cols_20211228_152516_8263485672_600_800_mask.png,"qualitativa, condicionada à forma como"
38,4,77,8,256,530,333,538,256,530,333,530,333,538,256,538,sub_line_text,list,list_2,roboto,regular,7,bib_3cols_20211228_152516_8263485672_600_800.png,/scratch/parceirosbr/bigoilict/share/BigOil/document_generator/datasets/documents_2021_12_28/bib_3cols_20211228_152516_8263485672_600_800.png,bib_3cols_20211228_152516_8263485672_600_800_mask.png,é utilizada a instalação.
75,4,150,8,238,541,388,549,238,541,388,541,388,549,238,549,sub_line_text,list,list_2,roboto,regular,7,bib_3cols_20211228_152516_8263485672_600_800.png,/scratch/parceirosbr/bigoilict/share/BigOil/document_generator/datasets/documents_2021_12_28/bib_3cols_20211228_152516_8263485672_600_800.png,bib_3cols_20211228_152516_8263485672_600_800_mask.png,[31]   Também   foi   indicada   a  região  de3.4
66,4,132,8,256,552,388,560,256,552,388,552,388,560,256,560,sub_line_text,list,list_2,roboto,regular,7,bib_3cols_20211228_152516_8263485672_600_800.png,/scratch/parceirosbr/bigoilict/share/BigOil/document_generator/datasets/documents_2021_12_28/bib_3cols_20211228_152516_8263485672_600_800.png,bib_3cols_20211228_152516_8263485672_600_800_mask.png,ilustrativo  da  interface  gás/líquido com
48,4,96,8,256,563,352,571,256,563,352,563,352,571,256,571,sub_line_text,list,list_2,roboto,regular,7,bib_3cols_20211228_152516_8263485672_600_800.png,/scratch/parceirosbr/bigoilict/share/BigOil/document_generator/datasets/documents_2021_12_28/bib_3cols_20211228_152516_8263485672_600_800.png,bib_3cols_20211228_152516_8263485672_600_800_mask.png,da fração molar de metano na
73,4,147,8,238,574,385,582,238,574,385,574,385,582,238,582,sub_line_text,list,list_2,roboto,regular,7,bib_3cols_20211228_152516_8263485672_600_800.png,/scratch/parceirosbr/bigoilict/share/BigOil/document_generator/datasets/documents_2021_12_28/bib_3cols_20211228_152516_8263485672_600_800.png,bib_3cols_20211228_152516_8263485672_600_800_mask.png,[108]   Apenas serão apresentados conceitos
59,4,118,8,260,585,378,593,260,585,378,585,378,593,260,593,sub_line_text,list,list_2,roboto,regular,7,bib_3cols_20211228_152516_8263485672_600_800.png,/scratch/parceirosbr/bigoilict/share/BigOil/document_generator/datasets/documents_2021_12_28/bib_3cols_20211228_152516_8263485672_600_800.png,bib_3cols_20211228_152516_8263485672_600_800_mask.png,fundamentais desse tópico para que
44,4,89,8,260,596,349,604,260,596,349,596,349,604,260,604,sub_line_text,list,list_2,roboto,regular,7,bib_3cols_20211228_152516_8263485672_600_800.png,/scratch/parceirosbr/bigoilict/share/BigOil/document_generator/datasets/documents_2021_12_28/bib_3cols_20211228_152516_8263485672_600_800.png,bib_3cols_20211228_152516_8263485672_600_800_mask.png,se possa fazer uma ligação
74,4,149,8,238,607,387,615,238,607,387,607,387,615,238,615,sub_line_text,list,list_2,roboto,regular,7,bib_3cols_20211228_152516_8263485672_600_800.png,/scratch/parceirosbr/bigoilict/share/BigOil/document_generator/datasets/documents_2021_12_28/bib_3cols_20211228_152516_8263485672_600_800.png,bib_3cols_20211228_152516_8263485672_600_800_mask.png,[55]   Lipases    imobilizadas    por    adsorção
66,4,132,8,256,618,388,626,256,618,388,618,388,626,256,626,sub_line_text,list,list_2,roboto,regular,7,bib_3cols_20211228_152516_8263485672_600_800.png,/scratch/parceirosbr/bigoilict/share/BigOil/document_generator/datasets/documents_2021_12_28/bib_3cols_20211228_152516_8263485672_600_800.png,bib_3cols_20211228_152516_8263485672_600_800_mask.png,interfacial     apresentam-se    na    forma
29,4,58,8,256,629,314,637,256,629,314,629,314,637,256,637,sub_line_text,list,list_2,roboto,regular,7,bib_3cols_20211228_152516_8263485672_600_800.png,/scratch/parceirosbr/bigoilict/share/BigOil/document_generator/datasets/documents_2021_12_28/bib_3cols_20211228_152516_8263485672_600_800.png,bib_3cols_20211228_152516_8263485672_600_800_mask.png,"aberta (ativa), com"
74,4,149,8,238,640,387,648,238,640,387,640,387,648,238,648,sub_line_text,list,list_2,roboto,regular,7,bib_3cols_20211228_152516_8263485672_600_800.png,/scratch/parceirosbr/bigoilict/share/BigOil/document_generator/datasets/documents_2021_12_28/bib_3cols_20211228_152516_8263485672_600_800.png,bib_3cols_20211228_152516_8263485672_600_800_mask.png,"[135]   Dentre  estes,  o  mais importante a ser"
74,4,149,8,238,651,387,659,238,651,387,651,387,659,238,659,sub_line_text,list,list_2,roboto,regular,7,bib_3cols_20211228_152516_8263485672_600_800.png,/scratch/parceirosbr/bigoilict/share/BigOil/document_generator/datasets/documents_2021_12_28/bib_3cols_20211228_152516_8263485672_600_800.png,bib_3cols_20211228_152516_8263485672_600_800_mask.png,"[101]   Por     fim,     uma     quarta    forma    de"
64,4,128,8,260,662,388,670,260,662,388,662,388,670,260,670,sub_line_text,list,list_2,roboto,regular,7,bib_3cols_20211228_152516_8263485672_600_800.png,/scratch/parceirosbr/bigoilict/share/BigOil/document_generator/datasets/documents_2021_12_28/bib_3cols_20211228_152516_8263485672_600_800.png,bib_3cols_20211228_152516_8263485672_600_800_mask.png,precificação  encontrada nos mercados
75,48,150,96,413,101,563,197,413,101,563,101,563,197,413,197,list,list,list_3,roboto,roboto,7,bib_3cols_20211228_152516_8263485672_600_800.png,/scratch/parceirosbr/bigoilict/share/BigOil/document_generator/datasets/documents_2021_12_28/bib_3cols_20211228_152516_8263485672_600_800.png,bib_3cols_20211228_152516_8263485672_600_800_mask.png,
22,4,44,8,260,673,304,681,260,673,304,673,304,681,260,681,sub_line_text,list,list_2,roboto,regular,7,bib_3cols_20211228_152516_8263485672_600_800.png,/scratch/parceirosbr/bigoilict/share/BigOil/document_generator/datasets/documents_2021_12_28/bib_3cols_20211228_152516_8263485672_600_800.png,bib_3cols_20211228_152516_8263485672_600_800_mask.png,mundiais são
75,4,150,8,413,101,563,109,413,101,563,101,563,109,413,109,sub_line_text,list,list_3,roboto,regular,7,bib_3cols_20211228_152516_8263485672_600_800.png,/scratch/parceirosbr/bigoilict/share/BigOil/document_generator/datasets/documents_2021_12_28/bib_3cols_20211228_152516_8263485672_600_800.png,bib_3cols_20211228_152516_8263485672_600_800_mask.png,[51]   Mesomioceno   e   do   indicam   que  as
66,4,132,8,431,112,563,120,431,112,563,112,563,120,431,120,sub_line_text,list,list_3,roboto,regular,7,bib_3cols_20211228_152516_8263485672_600_800.png,/scratch/parceirosbr/bigoilict/share/BigOil/document_generator/datasets/documents_2021_12_28/bib_3cols_20211228_152516_8263485672_600_800.png,bib_3cols_20211228_152516_8263485672_600_800_mask.png,mesmas   foram  ativadas  ou  reativadas
52,4,105,8,431,123,536,131,431,123,536,123,536,131,431,131,sub_line_text,list,list_3,roboto,regular,7,bib_3cols_20211228_152516_8263485672_600_800.png,/scratch/parceirosbr/bigoilict/share/BigOil/document_generator/datasets/documents_2021_12_28/bib_3cols_20211228_152516_8263485672_600_800.png,bib_3cols_20211228_152516_8263485672_600_800_mask.png,em eventos neotectônicos. falha
74,4,149,8,413,134,562,142,413,134,562,134,562,142,413,142,sub_line_text,list,list_3,roboto,regular,7,bib_3cols_20211228_152516_8263485672_600_800.png,/scratch/parceirosbr/bigoilict/share/BigOil/document_generator/datasets/documents_2021_12_28/bib_3cols_20211228_152516_8263485672_600_800.png,bib_3cols_20211228_152516_8263485672_600_800_mask.png,[27]   Concentração   de   oxigênio   dissolvido
65,4,131,8,431,145,562,153,431,145,562,145,562,153,431,153,sub_line_text,list,list_3,roboto,regular,7,bib_3cols_20211228_152516_8263485672_600_800.png,/scratch/parceirosbr/bigoilict/share/BigOil/document_generator/datasets/documents_2021_12_28/bib_3cols_20211228_152516_8263485672_600_800.png,bib_3cols_20211228_152516_8263485672_600_800_mask.png,utilizada  em  estratégia  de  controle  de
15,4,31,8,431,156,462,164,431,156,462,156,462,164,431,164,sub_line_text,list,list_3,roboto,regular,7,bib_3cols_20211228_152516_8263485672_600_800.png,/scratch/parceirosbr/bigoilict/share/BigOil/document_generator/datasets/documents_2021_12_28/bib_3cols_20211228_152516_8263485672_600_800.png,bib_3cols_20211228_152516_8263485672_600_800_mask.png,cultivos à
75,4,150,8,413,167,563,175,413,167,563,167,563,175,413,175,sub_line_text,list,list_3,roboto,regular,7,bib_3cols_20211228_152516_8263485672_600_800.png,/scratch/parceirosbr/bigoilict/share/BigOil/document_generator/datasets/documents_2021_12_28/bib_3cols_20211228_152516_8263485672_600_800.png,bib_3cols_20211228_152516_8263485672_600_800_mask.png,[54]   Skalski   et  al  sugerem  que  alterações
65,4,131,8,431,178,562,186,431,178,562,178,562,186,431,186,sub_line_text,list,list_3,roboto,regular,7,bib_3cols_20211228_152516_8263485672_600_800.png,/scratch/parceirosbr/bigoilict/share/BigOil/document_generator/datasets/documents_2021_12_28/bib_3cols_20211228_152516_8263485672_600_800.png,bib_3cols_20211228_152516_8263485672_600_800_mask.png,comportamentais  dos  peixes causadas
56,4,112,8,431,189,543,197,431,189,543,189,543,197,431,197,sub_line_text,list,list_3,roboto,regular,7,bib_3cols_20211228_152516_8263485672_600_800.png,/scratch/parceirosbr/bigoilict/share/BigOil/document_generator/datasets/documents_2021_12_28/bib_3cols_20211228_152516_8263485672_600_800.png,bib_3cols_20211228_152516_8263485672_600_800_mask.png,"por essa atividade, possam reduzir"
