center_x,center_y,width,height,xmin,ymin,xmax,ymax,top_left_x,top_left_y,top_right_x,top_right_y,bottom_right_x,bottom_right_y,bottom_left_x,bottom_left_y,label,grouplabel,group,text_font,text_style,size_font,filename,path,filename_mask,content
300,400,600,800,0,0,600,800,0,0,600,0,600,800,0,800,document,,,,,,lis_3cols_20211228_151636_3261492799_600_800.png,/scratch/parceirosbr/bigoilict/share/BigOil/document_generator/datasets/documents_2021_12_28/lis_3cols_20211228_151636_3261492799_600_800.png,lis_3cols_20211228_151636_3261492799_600_800_mask.png,
248,0,496,1,59,698,555,699,59,698,555,698,555,699,59,699,line,line,line,,,,lis_3cols_20211228_151636_3261492799_600_800.png,/scratch/parceirosbr/bigoilict/share/BigOil/document_generator/datasets/documents_2021_12_28/lis_3cols_20211228_151636_3261492799_600_800.png,lis_3cols_20211228_151636_3261492799_600_800_mask.png,nan
6,4,12,8,59,698,71,706,59,698,71,698,71,706,59,706,sub_line_text,numpag,footer_1,times,regular,7,lis_3cols_20211228_151636_3261492799_600_800.png,/scratch/parceirosbr/bigoilict/share/BigOil/document_generator/datasets/documents_2021_12_28/lis_3cols_20211228_151636_3261492799_600_800.png,lis_3cols_20211228_151636_3261492799_600_800_mask.png,121
6,4,12,8,59,698,71,706,59,698,71,698,71,706,59,706,text,numpag,footer_1,times,regular,7,lis_3cols_20211228_151636_3261492799_600_800.png,/scratch/parceirosbr/bigoilict/share/BigOil/document_generator/datasets/documents_2021_12_28/lis_3cols_20211228_151636_3261492799_600_800.png,lis_3cols_20211228_151636_3261492799_600_800_mask.png,nan
56,5,112,11,228,37,340,48,228,37,340,37,340,48,228,48,sub_line_text,title,title_0,times,italic,10,lis_3cols_20211228_151636_3261492799_600_800.png,/scratch/parceirosbr/bigoilict/share/BigOil/document_generator/datasets/documents_2021_12_28/lis_3cols_20211228_151636_3261492799_600_800.png,lis_3cols_20211228_151636_3261492799_600_800_mask.png,Capacidade troca catiônica
56,5,112,11,228,37,340,48,228,37,340,37,340,48,228,48,title,title,title_0,times,italic,10,lis_3cols_20211228_151636_3261492799_600_800.png,/scratch/parceirosbr/bigoilict/share/BigOil/document_generator/datasets/documents_2021_12_28/lis_3cols_20211228_151636_3261492799_600_800.png,lis_3cols_20211228_151636_3261492799_600_800_mask.png,nan
74,290,148,581,59,65,207,646,59,65,207,65,207,646,59,646,list,list,list_1,times,times,7,lis_3cols_20211228_151636_3261492799_600_800.png,/scratch/parceirosbr/bigoilict/share/BigOil/document_generator/datasets/documents_2021_12_28/lis_3cols_20211228_151636_3261492799_600_800.png,lis_3cols_20211228_151636_3261492799_600_800_mask.png,
73,4,147,9,59,65,206,74,59,65,206,65,206,74,59,74,sub_line_text,list,list_1,times,regular,7,lis_3cols_20211228_151636_3261492799_600_800.png,/scratch/parceirosbr/bigoilict/share/BigOil/document_generator/datasets/documents_2021_12_28/lis_3cols_20211228_151636_3261492799_600_800.png,lis_3cols_20211228_151636_3261492799_600_800_mask.png,•  O  processo de seleção em um ambiente no qual
71,4,142,9,65,78,207,87,65,78,207,78,207,87,65,87,sub_line_text,list,list_1,times,regular,7,lis_3cols_20211228_151636_3261492799_600_800.png,/scratch/parceirosbr/bigoilict/share/BigOil/document_generator/datasets/documents_2021_12_28/lis_3cols_20211228_151636_3261492799_600_800.png,lis_3cols_20211228_151636_3261492799_600_800_mask.png,"atuam   não   somente   forças  econômicas,  mas"
21,4,43,9,65,91,108,100,65,91,108,91,108,100,65,100,sub_line_text,list,list_1,times,regular,7,lis_3cols_20211228_151636_3261492799_600_800.png,/scratch/parceirosbr/bigoilict/share/BigOil/document_generator/datasets/documents_2021_12_28/lis_3cols_20211228_151636_3261492799_600_800.png,lis_3cols_20211228_151636_3261492799_600_800_mask.png,também fatores
71,4,142,9,59,104,201,113,59,104,201,104,201,113,59,113,sub_line_text,list,list_1,times,regular,7,lis_3cols_20211228_151636_3261492799_600_800.png,/scratch/parceirosbr/bigoilict/share/BigOil/document_generator/datasets/documents_2021_12_28/lis_3cols_20211228_151636_3261492799_600_800.png,lis_3cols_20211228_151636_3261492799_600_800_mask.png,"•  Adicionalmente, o perfil da bolha apresentado"
61,4,122,9,65,117,187,126,65,117,187,117,187,126,65,126,sub_line_text,list,list_1,times,regular,7,lis_3cols_20211228_151636_3261492799_600_800.png,/scratch/parceirosbr/bigoilict/share/BigOil/document_generator/datasets/documents_2021_12_28/lis_3cols_20211228_151636_3261492799_600_800.png,lis_3cols_20211228_151636_3261492799_600_800_mask.png,na figura sugere o escoamento da mistura
69,4,139,9,59,130,198,139,59,130,198,130,198,139,59,139,sub_line_text,list,list_1,times,regular,7,lis_3cols_20211228_151636_3261492799_600_800.png,/scratch/parceirosbr/bigoilict/share/BigOil/document_generator/datasets/documents_2021_12_28/lis_3cols_20211228_151636_3261492799_600_800.png,lis_3cols_20211228_151636_3261492799_600_800_mask.png,•  Dentre aquelas que foram encontradas para as
68,4,137,9,65,143,202,152,65,143,202,143,202,152,65,152,sub_line_text,list,list_1,times,regular,7,lis_3cols_20211228_151636_3261492799_600_800.png,/scratch/parceirosbr/bigoilict/share/BigOil/document_generator/datasets/documents_2021_12_28/lis_3cols_20211228_151636_3261492799_600_800.png,lis_3cols_20211228_151636_3261492799_600_800_mask.png,"patentes aplicadas empresas de biotecnologia,"
66,4,133,9,65,156,198,165,65,156,198,156,198,165,65,165,sub_line_text,list,list_1,times,regular,7,lis_3cols_20211228_151636_3261492799_600_800.png,/scratch/parceirosbr/bigoilict/share/BigOil/document_generator/datasets/documents_2021_12_28/lis_3cols_20211228_151636_3261492799_600_800.png,lis_3cols_20211228_151636_3261492799_600_800_mask.png,"energia renovável, petrolíferas e um escritório"
62,4,125,9,59,169,184,178,59,169,184,169,184,178,59,178,sub_line_text,list,list_1,times,regular,7,lis_3cols_20211228_151636_3261492799_600_800.png,/scratch/parceirosbr/bigoilict/share/BigOil/document_generator/datasets/documents_2021_12_28/lis_3cols_20211228_151636_3261492799_600_800.png,lis_3cols_20211228_151636_3261492799_600_800_mask.png,*  Os mecanismos de fluxo de vapor estão
67,4,135,9,67,182,202,191,67,182,202,182,202,191,67,191,sub_line_text,list,list_1,times,regular,7,lis_3cols_20211228_151636_3261492799_600_800.png,/scratch/parceirosbr/bigoilict/share/BigOil/document_generator/datasets/documents_2021_12_28/lis_3cols_20211228_151636_3261492799_600_800.png,lis_3cols_20211228_151636_3261492799_600_800_mask.png,intimamente relacionados com efeitos térmicos
53,4,106,9,67,195,173,204,67,195,173,195,173,204,67,204,sub_line_text,list,list_1,times,regular,7,lis_3cols_20211228_151636_3261492799_600_800.png,/scratch/parceirosbr/bigoilict/share/BigOil/document_generator/datasets/documents_2021_12_28/lis_3cols_20211228_151636_3261492799_600_800.png,lis_3cols_20211228_151636_3261492799_600_800_mask.png,e temperatura da rocha reservatório e
41,4,83,9,67,208,150,217,67,208,150,208,150,217,67,217,sub_line_text,list,list_1,times,regular,7,lis_3cols_20211228_151636_3261492799_600_800.png,/scratch/parceirosbr/bigoilict/share/BigOil/document_generator/datasets/documents_2021_12_28/lis_3cols_20211228_151636_3261492799_600_800.png,lis_3cols_20211228_151636_3261492799_600_800_mask.png,propriedades do fluido.  De
43,4,87,9,59,221,146,230,59,221,146,221,146,230,59,230,sub_line_text,list,list_1,times,regular,7,lis_3cols_20211228_151636_3261492799_600_800.png,/scratch/parceirosbr/bigoilict/share/BigOil/document_generator/datasets/documents_2021_12_28/lis_3cols_20211228_151636_3261492799_600_800.png,lis_3cols_20211228_151636_3261492799_600_800_mask.png,"* A n 170/98, a qual trata da"
74,4,148,9,59,234,207,243,59,234,207,234,207,243,59,243,sub_line_text,list,list_1,times,regular,7,lis_3cols_20211228_151636_3261492799_600_800.png,/scratch/parceirosbr/bigoilict/share/BigOil/document_generator/datasets/documents_2021_12_28/lis_3cols_20211228_151636_3261492799_600_800.png,lis_3cols_20211228_151636_3261492799_600_800_mask.png,"*   Venezuela,   por   exemplo,  utiliza  o  crulocal"
69,4,138,9,69,247,207,256,69,247,207,247,207,256,69,256,sub_line_text,list,list_1,times,regular,7,lis_3cols_20211228_151636_3261492799_600_800.png,/scratch/parceirosbr/bigoilict/share/BigOil/document_generator/datasets/documents_2021_12_28/lis_3cols_20211228_151636_3261492799_600_800.png,lis_3cols_20211228_151636_3261492799_600_800_mask.png,"para    produção    de    derivados,    a    fimde"
73,4,147,9,59,260,206,269,59,260,206,260,206,269,59,269,sub_line_text,list,list_1,times,regular,7,lis_3cols_20211228_151636_3261492799_600_800.png,/scratch/parceirosbr/bigoilict/share/BigOil/document_generator/datasets/documents_2021_12_28/lis_3cols_20211228_151636_3261492799_600_800.png,lis_3cols_20211228_151636_3261492799_600_800_mask.png,•   A  lignina  é  um  dos  principais componentes
70,4,140,9,67,273,207,282,67,273,207,273,207,282,67,282,sub_line_text,list,list_1,times,regular,7,lis_3cols_20211228_151636_3261492799_600_800.png,/scratch/parceirosbr/bigoilict/share/BigOil/document_generator/datasets/documents_2021_12_28/lis_3cols_20211228_151636_3261492799_600_800.png,lis_3cols_20211228_151636_3261492799_600_800_mask.png,da     biomassa     vegetal;     possui    natureza
69,4,139,9,67,286,206,295,67,286,206,286,206,295,67,295,sub_line_text,list,list_1,times,regular,7,lis_3cols_20211228_151636_3261492799_600_800.png,/scratch/parceirosbr/bigoilict/share/BigOil/document_generator/datasets/documents_2021_12_28/lis_3cols_20211228_151636_3261492799_600_800.png,lis_3cols_20211228_151636_3261492799_600_800_mask.png,"aromática,    hidrofóbica   e   muito   complexa,"
69,4,139,9,67,299,206,308,67,299,206,299,206,308,67,308,sub_line_text,list,list_1,times,regular,7,lis_3cols_20211228_151636_3261492799_600_800.png,/scratch/parceirosbr/bigoilict/share/BigOil/document_generator/datasets/documents_2021_12_28/lis_3cols_20211228_151636_3261492799_600_800.png,lis_3cols_20211228_151636_3261492799_600_800_mask.png,"formada   por   unidades   de  fenilpropano,  as"
8,4,16,9,67,312,83,321,67,312,83,312,83,321,67,321,sub_line_text,list,list_1,times,regular,7,lis_3cols_20211228_151636_3261492799_600_800.png,/scratch/parceirosbr/bigoilict/share/BigOil/document_generator/datasets/documents_2021_12_28/lis_3cols_20211228_151636_3261492799_600_800.png,lis_3cols_20211228_151636_3261492799_600_800_mask.png,quais
73,4,147,9,59,325,206,334,59,325,206,325,206,334,59,334,sub_line_text,list,list_1,times,regular,7,lis_3cols_20211228_151636_3261492799_600_800.png,/scratch/parceirosbr/bigoilict/share/BigOil/document_generator/datasets/documents_2021_12_28/lis_3cols_20211228_151636_3261492799_600_800.png,lis_3cols_20211228_151636_3261492799_600_800_mask.png,"•   Assim,  os consumidores cativos europeus tem"
70,4,140,9,67,338,207,347,67,338,207,338,207,347,67,347,sub_line_text,list,list_1,times,regular,7,lis_3cols_20211228_151636_3261492799_600_800.png,/scratch/parceirosbr/bigoilict/share/BigOil/document_generator/datasets/documents_2021_12_28/lis_3cols_20211228_151636_3261492799_600_800.png,lis_3cols_20211228_151636_3261492799_600_800_mask.png,a  possibilidade  de  escolher seu fornecedor de
42,4,85,9,67,351,152,360,67,351,152,351,152,360,67,360,sub_line_text,list,list_1,times,regular,7,lis_3cols_20211228_151636_3261492799_600_800.png,/scratch/parceirosbr/bigoilict/share/BigOil/document_generator/datasets/documents_2021_12_28/lis_3cols_20211228_151636_3261492799_600_800.png,lis_3cols_20211228_151636_3261492799_600_800_mask.png,"energia elétrica, fazendo com"
74,4,148,9,59,364,207,373,59,364,207,364,207,373,59,373,sub_line_text,list,list_1,times,regular,7,lis_3cols_20211228_151636_3261492799_600_800.png,/scratch/parceirosbr/bigoilict/share/BigOil/document_generator/datasets/documents_2021_12_28/lis_3cols_20211228_151636_3261492799_600_800.png,lis_3cols_20211228_151636_3261492799_600_800_mask.png,• A  teoria  institucionalista  1985)  advoga  como
71,4,143,9,63,377,206,386,63,377,206,377,206,386,63,386,sub_line_text,list,list_1,times,regular,7,lis_3cols_20211228_151636_3261492799_600_800.png,/scratch/parceirosbr/bigoilict/share/BigOil/document_generator/datasets/documents_2021_12_28/lis_3cols_20211228_151636_3261492799_600_800.png,lis_3cols_20211228_151636_3261492799_600_800_mask.png,uma  possível  solução  compensatória  frente ao
64,4,129,9,63,390,192,399,63,390,192,390,192,399,63,399,sub_line_text,list,list_1,times,regular,7,lis_3cols_20211228_151636_3261492799_600_800.png,/scratch/parceirosbr/bigoilict/share/BigOil/document_generator/datasets/documents_2021_12_28/lis_3cols_20211228_151636_3261492799_600_800.png,lis_3cols_20211228_151636_3261492799_600_800_mask.png,risco moral o estabelecimento dos seguintes
73,4,146,9,59,403,205,412,59,403,205,403,205,412,59,412,sub_line_text,list,list_1,times,regular,7,lis_3cols_20211228_151636_3261492799_600_800.png,/scratch/parceirosbr/bigoilict/share/BigOil/document_generator/datasets/documents_2021_12_28/lis_3cols_20211228_151636_3261492799_600_800.png,lis_3cols_20211228_151636_3261492799_600_800_mask.png,•   O sistema propulsivo de embarcações de apoio
68,4,137,9,67,416,204,425,67,416,204,416,204,425,67,425,sub_line_text,list,list_1,times,regular,7,lis_3cols_20211228_151636_3261492799_600_800.png,/scratch/parceirosbr/bigoilict/share/BigOil/document_generator/datasets/documents_2021_12_28/lis_3cols_20211228_151636_3261492799_600_800.png,lis_3cols_20211228_151636_3261492799_600_800_mask.png,a plataforma desempenha três funções básicas:
30,4,61,9,67,429,128,438,67,429,128,429,128,438,67,438,sub_line_text,list,list_1,times,regular,7,lis_3cols_20211228_151636_3261492799_600_800.png,/scratch/parceirosbr/bigoilict/share/BigOil/document_generator/datasets/documents_2021_12_28/lis_3cols_20211228_151636_3261492799_600_800.png,lis_3cols_20211228_151636_3261492799_600_800_mask.png,"propulsão, manobra"
71,4,142,9,59,442,201,451,59,442,201,442,201,451,59,451,sub_line_text,list,list_1,times,regular,7,lis_3cols_20211228_151636_3261492799_600_800.png,/scratch/parceirosbr/bigoilict/share/BigOil/document_generator/datasets/documents_2021_12_28/lis_3cols_20211228_151636_3261492799_600_800.png,lis_3cols_20211228_151636_3261492799_600_800_mask.png,"-  Entretanto, os defeitos continuaram a aparecer,"
69,4,139,9,65,455,204,464,65,455,204,455,204,464,65,464,sub_line_text,list,list_1,times,regular,7,lis_3cols_20211228_151636_3261492799_600_800.png,/scratch/parceirosbr/bigoilict/share/BigOil/document_generator/datasets/documents_2021_12_28/lis_3cols_20211228_151636_3261492799_600_800.png,lis_3cols_20211228_151636_3261492799_600_800_mask.png,"ora sendo falta de penetração, ora convexidade"
71,4,142,9,59,468,201,477,59,468,201,468,201,477,59,477,sub_line_text,list,list_1,times,regular,7,lis_3cols_20211228_151636_3261492799_600_800.png,/scratch/parceirosbr/bigoilict/share/BigOil/document_generator/datasets/documents_2021_12_28/lis_3cols_20211228_151636_3261492799_600_800.png,lis_3cols_20211228_151636_3261492799_600_800_mask.png,* No esta tendência ainda não se confirmou. 16
50,4,101,9,65,481,166,490,65,481,166,481,166,490,65,490,sub_line_text,list,list_1,times,regular,7,lis_3cols_20211228_151636_3261492799_600_800.png,/scratch/parceirosbr/bigoilict/share/BigOil/document_generator/datasets/documents_2021_12_28/lis_3cols_20211228_151636_3261492799_600_800.png,lis_3cols_20211228_151636_3261492799_600_800_mask.png,dificilmente serão fechados project
65,4,131,9,59,494,190,503,59,494,190,494,190,503,59,503,sub_line_text,list,list_1,times,regular,7,lis_3cols_20211228_151636_3261492799_600_800.png,/scratch/parceirosbr/bigoilict/share/BigOil/document_generator/datasets/documents_2021_12_28/lis_3cols_20211228_151636_3261492799_600_800.png,lis_3cols_20211228_151636_3261492799_600_800_mask.png,*   Os óxidos de tungstênio também podem
63,4,127,9,69,507,196,516,69,507,196,507,196,516,69,516,sub_line_text,list,list_1,times,regular,7,lis_3cols_20211228_151636_3261492799_600_800.png,/scratch/parceirosbr/bigoilict/share/BigOil/document_generator/datasets/documents_2021_12_28/lis_3cols_20211228_151636_3261492799_600_800.png,lis_3cols_20211228_151636_3261492799_600_800_mask.png,"possuir água em suas estruturas cristalinas,"
67,4,135,9,69,520,204,529,69,520,204,520,204,529,69,529,sub_line_text,list,list_1,times,regular,7,lis_3cols_20211228_151636_3261492799_600_800.png,/scratch/parceirosbr/bigoilict/share/BigOil/document_generator/datasets/documents_2021_12_28/lis_3cols_20211228_151636_3261492799_600_800.png,lis_3cols_20211228_151636_3261492799_600_800_mask.png,apresentando-se nas formas e. Os rendimentos
19,4,38,9,69,533,107,542,69,533,107,533,107,542,69,542,sub_line_text,list,list_1,times,regular,7,lis_3cols_20211228_151636_3261492799_600_800.png,/scratch/parceirosbr/bigoilict/share/BigOil/document_generator/datasets/documents_2021_12_28/lis_3cols_20211228_151636_3261492799_600_800.png,lis_3cols_20211228_151636_3261492799_600_800_mask.png,obtidos para
72,4,145,9,59,546,204,555,59,546,204,546,204,555,59,555,sub_line_text,list,list_1,times,regular,7,lis_3cols_20211228_151636_3261492799_600_800.png,/scratch/parceirosbr/bigoilict/share/BigOil/document_generator/datasets/documents_2021_12_28/lis_3cols_20211228_151636_3261492799_600_800.png,lis_3cols_20211228_151636_3261492799_600_800_mask.png,*   A quantidade total de lignina numa base livre
62,4,124,9,69,559,193,568,69,559,193,559,193,568,69,568,sub_line_text,list,list_1,times,regular,7,lis_3cols_20211228_151636_3261492799_600_800.png,/scratch/parceirosbr/bigoilict/share/BigOil/document_generator/datasets/documents_2021_12_28/lis_3cols_20211228_151636_3261492799_600_800.png,lis_3cols_20211228_151636_3261492799_600_800_mask.png,de extrativos é dada por: 2.6). A partir da
74,4,148,9,59,572,207,581,59,572,207,572,207,581,59,581,sub_line_text,list,list_1,times,regular,7,lis_3cols_20211228_151636_3261492799_600_800.png,/scratch/parceirosbr/bigoilict/share/BigOil/document_generator/datasets/documents_2021_12_28/lis_3cols_20211228_151636_3261492799_600_800.png,lis_3cols_20211228_151636_3261492799_600_800_mask.png,"•  Inicia-se     pelo     balanço     populacional    e,"
71,4,142,9,65,585,207,594,65,585,207,585,207,594,65,594,sub_line_text,list,list_1,times,regular,7,lis_3cols_20211228_151636_3261492799_600_800.png,/scratch/parceirosbr/bigoilict/share/BigOil/document_generator/datasets/documents_2021_12_28/lis_3cols_20211228_151636_3261492799_600_800.png,lis_3cols_20211228_151636_3261492799_600_800_mask.png,"posteriormente,  encaminha-se  para os balanços"
45,4,90,9,65,598,155,607,65,598,155,598,155,607,65,607,sub_line_text,list,list_1,times,regular,7,lis_3cols_20211228_151636_3261492799_600_800.png,/scratch/parceirosbr/bigoilict/share/BigOil/document_generator/datasets/documents_2021_12_28/lis_3cols_20211228_151636_3261492799_600_800.png,lis_3cols_20211228_151636_3261492799_600_800_mask.png,de massa e energia. Junto com
74,4,148,9,59,611,207,620,59,611,207,611,207,620,59,620,sub_line_text,list,list_1,times,regular,7,lis_3cols_20211228_151636_3261492799_600_800.png,/scratch/parceirosbr/bigoilict/share/BigOil/document_generator/datasets/documents_2021_12_28/lis_3cols_20211228_151636_3261492799_600_800.png,lis_3cols_20211228_151636_3261492799_600_800_mask.png,-  A   etapa   seguinte   consiste   na  marcação  do
26,4,53,9,65,624,118,633,65,624,118,624,118,633,65,633,sub_line_text,list,list_1,times,regular,7,lis_3cols_20211228_151636_3261492799_600_800.png,/scratch/parceirosbr/bigoilict/share/BigOil/document_generator/datasets/documents_2021_12_28/lis_3cols_20211228_151636_3261492799_600_800.png,lis_3cols_20211228_151636_3261492799_600_800_mask.png,"fundo da imagem,"
68,4,136,9,59,637,195,646,59,637,195,637,195,646,59,646,sub_line_text,list,list_1,times,regular,7,lis_3cols_20211228_151636_3261492799_600_800.png,/scratch/parceirosbr/bigoilict/share/BigOil/document_generator/datasets/documents_2021_12_28/lis_3cols_20211228_151636_3261492799_600_800.png,lis_3cols_20211228_151636_3261492799_600_800_mask.png,*   Já a n 64/14 trouxe ajustes importantes na
74,245,148,490,232,65,380,555,232,65,380,65,380,555,232,555,list,list,list_2,times,times,7,lis_3cols_20211228_151636_3261492799_600_800.png,/scratch/parceirosbr/bigoilict/share/BigOil/document_generator/datasets/documents_2021_12_28/lis_3cols_20211228_151636_3261492799_600_800.png,lis_3cols_20211228_151636_3261492799_600_800_mask.png,
71,4,143,9,232,65,375,74,232,65,375,65,375,74,232,74,sub_line_text,list,list_2,times,regular,7,lis_3cols_20211228_151636_3261492799_600_800.png,/scratch/parceirosbr/bigoilict/share/BigOil/document_generator/datasets/documents_2021_12_28/lis_3cols_20211228_151636_3261492799_600_800.png,lis_3cols_20211228_151636_3261492799_600_800_mask.png,- NOTAS: 1. em 31/12 dos anos de referência.2.
69,4,138,9,236,78,374,87,236,78,374,78,374,87,236,87,sub_line_text,list,list_2,times,regular,7,lis_3cols_20211228_151636_3261492799_600_800.png,/scratch/parceirosbr/bigoilict/share/BigOil/document_generator/datasets/documents_2021_12_28/lis_3cols_20211228_151636_3261492799_600_800.png,lis_3cols_20211228_151636_3261492799_600_800_mask.png,em item sobre Reservas de e. Na parte superior
26,4,53,9,236,91,289,100,236,91,289,91,289,100,236,100,sub_line_text,list,list_2,times,regular,7,lis_3cols_20211228_151636_3261492799_600_800.png,/scratch/parceirosbr/bigoilict/share/BigOil/document_generator/datasets/documents_2021_12_28/lis_3cols_20211228_151636_3261492799_600_800.png,lis_3cols_20211228_151636_3261492799_600_800_mask.png,do hipolímnio foi
73,4,147,9,232,104,379,113,232,104,379,104,379,113,232,113,sub_line_text,list,list_2,times,regular,7,lis_3cols_20211228_151636_3261492799_600_800.png,/scratch/parceirosbr/bigoilict/share/BigOil/document_generator/datasets/documents_2021_12_28/lis_3cols_20211228_151636_3261492799_600_800.png,lis_3cols_20211228_151636_3261492799_600_800_mask.png,-   O intervalo altimétrico empregado variou de 40
53,4,107,9,240,117,347,126,240,117,347,117,347,126,240,126,sub_line_text,list,list_2,times,regular,7,lis_3cols_20211228_151636_3261492799_600_800.png,/scratch/parceirosbr/bigoilict/share/BigOil/document_generator/datasets/documents_2021_12_28/lis_3cols_20211228_151636_3261492799_600_800.png,lis_3cols_20211228_151636_3261492799_600_800_mask.png,a 80 metros (Figura 4.5). O limite de
70,4,140,9,232,130,372,139,232,130,372,130,372,139,232,139,sub_line_text,list,list_2,times,regular,7,lis_3cols_20211228_151636_3261492799_600_800.png,/scratch/parceirosbr/bigoilict/share/BigOil/document_generator/datasets/documents_2021_12_28/lis_3cols_20211228_151636_3261492799_600_800.png,lis_3cols_20211228_151636_3261492799_600_800_mask.png,•   Fonte: operadora. 2Os campos de e estão em
61,4,122,9,240,143,362,152,240,143,362,143,362,152,240,152,sub_line_text,list,list_2,times,regular,7,lis_3cols_20211228_151636_3261492799_600_800.png,/scratch/parceirosbr/bigoilict/share/BigOil/document_generator/datasets/documents_2021_12_28/lis_3cols_20211228_151636_3261492799_600_800.png,lis_3cols_20211228_151636_3261492799_600_800_mask.png,processo de cessão de direitos.57. Foram
14,4,29,9,240,156,269,165,240,156,269,156,269,165,240,165,sub_line_text,list,list_2,times,regular,7,lis_3cols_20211228_151636_3261492799_600_800.png,/scratch/parceirosbr/bigoilict/share/BigOil/document_generator/datasets/documents_2021_12_28/lis_3cols_20211228_151636_3261492799_600_800.png,lis_3cols_20211228_151636_3261492799_600_800_mask.png,utilizados
73,4,147,9,232,169,379,178,232,169,379,169,379,178,232,178,sub_line_text,list,list_2,times,regular,7,lis_3cols_20211228_151636_3261492799_600_800.png,/scratch/parceirosbr/bigoilict/share/BigOil/document_generator/datasets/documents_2021_12_28/lis_3cols_20211228_151636_3261492799_600_800.png,lis_3cols_20211228_151636_3261492799_600_800_mask.png,"•  Com     efeito,    as    empresas    multinacionais"
70,4,141,9,238,182,379,191,238,182,379,182,379,191,238,191,sub_line_text,list,list_2,times,regular,7,lis_3cols_20211228_151636_3261492799_600_800.png,/scratch/parceirosbr/bigoilict/share/BigOil/document_generator/datasets/documents_2021_12_28/lis_3cols_20211228_151636_3261492799_600_800.png,lis_3cols_20211228_151636_3261492799_600_800_mask.png,desempenharam  um  papel  central na expansão
44,4,89,9,238,195,327,204,238,195,327,195,327,204,238,204,sub_line_text,list,list_2,times,regular,7,lis_3cols_20211228_151636_3261492799_600_800.png,/scratch/parceirosbr/bigoilict/share/BigOil/document_generator/datasets/documents_2021_12_28/lis_3cols_20211228_151636_3261492799_600_800.png,lis_3cols_20211228_151636_3261492799_600_800_mask.png,da economia brasileira durante
67,4,134,9,232,208,366,217,232,208,366,208,366,217,232,217,sub_line_text,list,list_2,times,regular,7,lis_3cols_20211228_151636_3261492799_600_800.png,/scratch/parceirosbr/bigoilict/share/BigOil/document_generator/datasets/documents_2021_12_28/lis_3cols_20211228_151636_3261492799_600_800.png,lis_3cols_20211228_151636_3261492799_600_800_mask.png,*  Sites quanto o que regulamentava termos e
57,4,114,9,240,221,354,230,240,221,354,221,354,230,240,230,sub_line_text,list,list_2,times,regular,7,lis_3cols_20211228_151636_3261492799_600_800.png,/scratch/parceirosbr/bigoilict/share/BigOil/document_generator/datasets/documents_2021_12_28/lis_3cols_20211228_151636_3261492799_600_800.png,lis_3cols_20211228_151636_3261492799_600_800_mask.png,condições mínimas para os acordos de
32,4,65,9,240,234,305,243,240,234,305,234,305,243,240,243,sub_line_text,list,list_2,times,regular,7,lis_3cols_20211228_151636_3261492799_600_800.png,/scratch/parceirosbr/bigoilict/share/BigOil/document_generator/datasets/documents_2021_12_28/lis_3cols_20211228_151636_3261492799_600_800.png,lis_3cols_20211228_151636_3261492799_600_800_mask.png,franquia. São barreiras
73,4,147,9,232,247,379,256,232,247,379,247,379,256,232,256,sub_line_text,list,list_2,times,regular,7,lis_3cols_20211228_151636_3261492799_600_800.png,/scratch/parceirosbr/bigoilict/share/BigOil/document_generator/datasets/documents_2021_12_28/lis_3cols_20211228_151636_3261492799_600_800.png,lis_3cols_20211228_151636_3261492799_600_800_mask.png,"*  O  diesel  em  especial,  possui  especificidades"
28,4,57,9,240,260,297,269,240,260,297,260,297,269,240,269,sub_line_text,list,list_2,times,regular,7,lis_3cols_20211228_151636_3261492799_600_800.png,/scratch/parceirosbr/bigoilict/share/BigOil/document_generator/datasets/documents_2021_12_28/lis_3cols_20211228_151636_3261492799_600_800.png,lis_3cols_20211228_151636_3261492799_600_800_mask.png,que se refletiram no
62,4,124,9,232,273,356,282,232,273,356,273,356,282,232,282,sub_line_text,list,list_2,times,regular,7,lis_3cols_20211228_151636_3261492799_600_800.png,/scratch/parceirosbr/bigoilict/share/BigOil/document_generator/datasets/documents_2021_12_28/lis_3cols_20211228_151636_3261492799_600_800.png,lis_3cols_20211228_151636_3261492799_600_800_mask.png,*   A força de empuxo pode ser obtida da
61,4,123,9,242,286,365,295,242,286,365,286,365,295,242,295,sub_line_text,list,list_2,times,regular,7,lis_3cols_20211228_151636_3261492799_600_800.png,/scratch/parceirosbr/bigoilict/share/BigOil/document_generator/datasets/documents_2021_12_28/lis_3cols_20211228_151636_3261492799_600_800.png,lis_3cols_20211228_151636_3261492799_600_800_mask.png,integral da equação de onde pode-seonde
74,4,148,9,232,299,380,308,232,299,380,299,380,308,232,308,sub_line_text,list,list_2,times,regular,7,lis_3cols_20211228_151636_3261492799_600_800.png,/scratch/parceirosbr/bigoilict/share/BigOil/document_generator/datasets/documents_2021_12_28/lis_3cols_20211228_151636_3261492799_600_800.png,lis_3cols_20211228_151636_3261492799_600_800_mask.png,*   Simple    é   uma   coluna   com   correntes   de
69,4,138,9,242,312,380,321,242,312,380,312,380,321,242,321,sub_line_text,list,list_2,times,regular,7,lis_3cols_20211228_151636_3261492799_600_800.png,/scratch/parceirosbr/bigoilict/share/BigOil/document_generator/datasets/documents_2021_12_28/lis_3cols_20211228_151636_3261492799_600_800.png,lis_3cols_20211228_151636_3261492799_600_800_mask.png,alimentação   e   de  produto  fixadas  na  parte
12,4,25,9,242,325,267,334,242,325,267,325,267,334,242,334,sub_line_text,list,list_2,times,regular,7,lis_3cols_20211228_151636_3261492799_600_800.png,/scratch/parceirosbr/bigoilict/share/BigOil/document_generator/datasets/documents_2021_12_28/lis_3cols_20211228_151636_3261492799_600_800.png,lis_3cols_20211228_151636_3261492799_600_800_mask.png,superior
64,4,128,9,232,338,360,347,232,338,360,338,360,347,232,347,sub_line_text,list,list_2,times,regular,7,lis_3cols_20211228_151636_3261492799_600_800.png,/scratch/parceirosbr/bigoilict/share/BigOil/document_generator/datasets/documents_2021_12_28/lis_3cols_20211228_151636_3261492799_600_800.png,lis_3cols_20211228_151636_3261492799_600_800_mask.png,* Nesta secao sera discutida a metodologia
69,4,138,9,238,351,376,360,238,351,376,351,376,360,238,360,sub_line_text,list,list_2,times,regular,7,lis_3cols_20211228_151636_3261492799_600_800.png,/scratch/parceirosbr/bigoilict/share/BigOil/document_generator/datasets/documents_2021_12_28/lis_3cols_20211228_151636_3261492799_600_800.png,lis_3cols_20211228_151636_3261492799_600_800_mask.png,empregada para investigar o efeito do ventono
62,4,125,9,238,364,363,373,238,364,363,364,363,373,238,373,sub_line_text,list,list_2,times,regular,7,lis_3cols_20211228_151636_3261492799_600_800.png,/scratch/parceirosbr/bigoilict/share/BigOil/document_generator/datasets/documents_2021_12_28/lis_3cols_20211228_151636_3261492799_600_800.png,lis_3cols_20211228_151636_3261492799_600_800_mask.png,transporte e na formacao dos processos de
73,4,146,9,232,377,378,386,232,377,378,377,378,386,232,386,sub_line_text,list,list_2,times,regular,7,lis_3cols_20211228_151636_3261492799_600_800.png,/scratch/parceirosbr/bigoilict/share/BigOil/document_generator/datasets/documents_2021_12_28/lis_3cols_20211228_151636_3261492799_600_800.png,lis_3cols_20211228_151636_3261492799_600_800_mask.png,"•   H2SO4, a 320 onde houve 54% de conversão"
54,4,108,9,240,390,348,399,240,390,348,390,348,399,240,399,sub_line_text,list,list_2,times,regular,7,lis_3cols_20211228_151636_3261492799_600_800.png,/scratch/parceirosbr/bigoilict/share/BigOil/document_generator/datasets/documents_2021_12_28/lis_3cols_20211228_151636_3261492799_600_800.png,lis_3cols_20211228_151636_3261492799_600_800_mask.png,do glicerol com 83% de seletividade
73,4,146,9,232,403,378,412,232,403,378,403,378,412,232,412,sub_line_text,list,list_2,times,regular,7,lis_3cols_20211228_151636_3261492799_600_800.png,/scratch/parceirosbr/bigoilict/share/BigOil/document_generator/datasets/documents_2021_12_28/lis_3cols_20211228_151636_3261492799_600_800.png,lis_3cols_20211228_151636_3261492799_600_800_mask.png,- Com um orçamento inteiramente dependente das
68,4,137,9,236,416,373,425,236,416,373,416,373,425,236,425,sub_line_text,list,list_2,times,regular,7,lis_3cols_20211228_151636_3261492799_600_800.png,/scratch/parceirosbr/bigoilict/share/BigOil/document_generator/datasets/documents_2021_12_28/lis_3cols_20211228_151636_3261492799_600_800.png,lis_3cols_20211228_151636_3261492799_600_800_mask.png,"receitas provenientes do petróleo, terá de lidar"
9,4,18,9,236,429,254,438,236,429,254,429,254,438,236,438,sub_line_text,list,list_2,times,regular,7,lis_3cols_20211228_151636_3261492799_600_800.png,/scratch/parceirosbr/bigoilict/share/BigOil/document_generator/datasets/documents_2021_12_28/lis_3cols_20211228_151636_3261492799_600_800.png,lis_3cols_20211228_151636_3261492799_600_800_mask.png,com a
71,4,143,9,232,442,375,451,232,442,375,442,375,451,232,451,sub_line_text,list,list_2,times,regular,7,lis_3cols_20211228_151636_3261492799_600_800.png,/scratch/parceirosbr/bigoilict/share/BigOil/document_generator/datasets/documents_2021_12_28/lis_3cols_20211228_151636_3261492799_600_800.png,lis_3cols_20211228_151636_3261492799_600_800_mask.png,"- Na etapa de atomização, o fluxo interno de gás"
67,4,134,9,236,455,370,464,236,455,370,455,370,464,236,464,sub_line_text,list,list_2,times,regular,7,lis_3cols_20211228_151636_3261492799_600_800.png,/scratch/parceirosbr/bigoilict/share/BigOil/document_generator/datasets/documents_2021_12_28/lis_3cols_20211228_151636_3261492799_600_800.png,lis_3cols_20211228_151636_3261492799_600_800_mask.png,é interrompido para permitir o maior tempo de
73,4,147,9,232,468,379,477,232,468,379,468,379,477,232,477,sub_line_text,list,list_2,times,regular,7,lis_3cols_20211228_151636_3261492799_600_800.png,/scratch/parceirosbr/bigoilict/share/BigOil/document_generator/datasets/documents_2021_12_28/lis_3cols_20211228_151636_3261492799_600_800.png,lis_3cols_20211228_151636_3261492799_600_800_mask.png,•   A    simulação    das   diversas   condições   de
69,4,139,9,240,481,379,490,240,481,379,481,379,490,240,490,sub_line_text,list,list_2,times,regular,7,lis_3cols_20211228_151636_3261492799_600_800.png,/scratch/parceirosbr/bigoilict/share/BigOil/document_generator/datasets/documents_2021_12_28/lis_3cols_20211228_151636_3261492799_600_800.png,lis_3cols_20211228_151636_3261492799_600_800_mask.png,operação      fazendo     uso     do     aplicativo
67,4,134,9,232,494,366,503,232,494,366,494,366,503,232,503,sub_line_text,list,list_2,times,regular,7,lis_3cols_20211228_151636_3261492799_600_800.png,/scratch/parceirosbr/bigoilict/share/BigOil/document_generator/datasets/documents_2021_12_28/lis_3cols_20211228_151636_3261492799_600_800.png,lis_3cols_20211228_151636_3261492799_600_800_mask.png,•  A título de evidência do que ora se afirma é
26,4,52,9,238,507,290,516,238,507,290,507,290,516,238,516,sub_line_text,list,list_2,times,regular,7,lis_3cols_20211228_151636_3261492799_600_800.png,/scratch/parceirosbr/bigoilict/share/BigOil/document_generator/datasets/documents_2021_12_28/lis_3cols_20211228_151636_3261492799_600_800.png,lis_3cols_20211228_151636_3261492799_600_800_mask.png,possível destacar
74,4,148,9,232,520,380,529,232,520,380,520,380,529,232,529,sub_line_text,list,list_2,times,regular,7,lis_3cols_20211228_151636_3261492799_600_800.png,/scratch/parceirosbr/bigoilict/share/BigOil/document_generator/datasets/documents_2021_12_28/lis_3cols_20211228_151636_3261492799_600_800.png,lis_3cols_20211228_151636_3261492799_600_800_mask.png,-   O        presente        trabalho        propõe       o
69,4,139,9,240,533,379,542,240,533,379,533,379,542,240,542,sub_line_text,list,list_2,times,regular,7,lis_3cols_20211228_151636_3261492799_600_800.png,/scratch/parceirosbr/bigoilict/share/BigOil/document_generator/datasets/documents_2021_12_28/lis_3cols_20211228_151636_3261492799_600_800.png,lis_3cols_20211228_151636_3261492799_600_800_mask.png,desenvolvimento   de  um  equipamento  capaz
71,30,142,61,405,65,547,126,405,65,547,65,547,126,405,126,list,list,list_3,times,times,7,lis_3cols_20211228_151636_3261492799_600_800.png,/scratch/parceirosbr/bigoilict/share/BigOil/document_generator/datasets/documents_2021_12_28/lis_3cols_20211228_151636_3261492799_600_800.png,lis_3cols_20211228_151636_3261492799_600_800_mask.png,
70,4,140,9,240,546,380,555,240,546,380,546,380,555,240,555,sub_line_text,list,list_2,times,regular,7,lis_3cols_20211228_151636_3261492799_600_800.png,/scratch/parceirosbr/bigoilict/share/BigOil/document_generator/datasets/documents_2021_12_28/lis_3cols_20211228_151636_3261492799_600_800.png,lis_3cols_20211228_151636_3261492799_600_800_mask.png,reduzir    o    impacto    negativo    da    grande
69,4,139,9,405,65,544,74,405,65,544,65,544,74,405,74,sub_line_text,list,list_3,times,regular,7,lis_3cols_20211228_151636_3261492799_600_800.png,/scratch/parceirosbr/bigoilict/share/BigOil/document_generator/datasets/documents_2021_12_28/lis_3cols_20211228_151636_3261492799_600_800.png,lis_3cols_20211228_151636_3261492799_600_800_mask.png,"-  Em todos os casos, exigiu-se a suspensão de"
65,4,130,9,411,78,541,87,411,78,541,78,541,87,411,87,sub_line_text,list,list_3,times,regular,7,lis_3cols_20211228_151636_3261492799_600_800.png,/scratch/parceirosbr/bigoilict/share/BigOil/document_generator/datasets/documents_2021_12_28/lis_3cols_20211228_151636_3261492799_600_800.png,lis_3cols_20211228_151636_3261492799_600_800_mask.png,"novos procedimentos licitatórios, enquanto"
66,4,132,9,411,91,543,100,411,91,543,91,543,100,411,100,sub_line_text,list,list_3,times,regular,7,lis_3cols_20211228_151636_3261492799_600_800.png,/scratch/parceirosbr/bigoilict/share/BigOil/document_generator/datasets/documents_2021_12_28/lis_3cols_20211228_151636_3261492799_600_800.png,lis_3cols_20211228_151636_3261492799_600_800_mask.png,não se contasse com a prévia regulamentação
71,4,142,9,405,104,547,113,405,104,547,104,547,113,405,113,sub_line_text,list,list_3,times,regular,7,lis_3cols_20211228_151636_3261492799_600_800.png,/scratch/parceirosbr/bigoilict/share/BigOil/document_generator/datasets/documents_2021_12_28/lis_3cols_20211228_151636_3261492799_600_800.png,lis_3cols_20211228_151636_3261492799_600_800_mask.png,*  Essa parcela de perca de pressão é diretamente
62,4,125,9,413,117,538,126,413,117,538,117,538,126,413,126,sub_line_text,list,list_3,times,regular,7,lis_3cols_20211228_151636_3261492799_600_800.png,/scratch/parceirosbr/bigoilict/share/BigOil/document_generator/datasets/documents_2021_12_28/lis_3cols_20211228_151636_3261492799_600_800.png,lis_3cols_20211228_151636_3261492799_600_800_mask.png,"proporcional ao cisalhamento, logo os 60"
