center_x,center_y,width,height,xmin,ymin,xmax,ymax,top_left_x,top_left_y,top_right_x,top_right_y,bottom_right_x,bottom_right_y,bottom_left_x,bottom_left_y,label,grouplabel,group,text_font,text_style,size_font,filename,path,filename_mask,content
300,400,600,800,0,0,600,800,0,0,600,0,600,800,0,800,document,,,,,,lis_3cols_20211228_151624_6088562677_600_800.png,/scratch/parceirosbr/bigoilict/share/BigOil/document_generator/datasets/documents_2021_12_28/lis_3cols_20211228_151624_6088562677_600_800.png,lis_3cols_20211228_151624_6088562677_600_800_mask.png,
30,4,60,9,279,58,339,67,279,58,339,58,339,67,279,67,sub_line_text,header,header_1,courier,regular,8,lis_3cols_20211228_151624_6088562677_600_800.png,/scratch/parceirosbr/bigoilict/share/BigOil/document_generator/datasets/documents_2021_12_28/lis_3cols_20211228_151624_6088562677_600_800.png,lis_3cols_20211228_151624_6088562677_600_800_mask.png,The economic
30,4,60,9,279,58,339,67,279,58,339,58,339,67,279,67,text,header,header_1,courier,regular,8,lis_3cols_20211228_151624_6088562677_600_800.png,/scratch/parceirosbr/bigoilict/share/BigOil/document_generator/datasets/documents_2021_12_28/lis_3cols_20211228_151624_6088562677_600_800.png,lis_3cols_20211228_151624_6088562677_600_800_mask.png,nan
237,1,474,2,73,66,547,68,73,66,547,66,547,68,73,68,line,line,line,,,,lis_3cols_20211228_151624_6088562677_600_800.png,/scratch/parceirosbr/bigoilict/share/BigOil/document_generator/datasets/documents_2021_12_28/lis_3cols_20211228_151624_6088562677_600_800.png,lis_3cols_20211228_151624_6088562677_600_800_mask.png,nan
237,0,474,1,73,715,547,716,73,715,547,715,547,716,73,716,line,line,line,,,,lis_3cols_20211228_151624_6088562677_600_800.png,/scratch/parceirosbr/bigoilict/share/BigOil/document_generator/datasets/documents_2021_12_28/lis_3cols_20211228_151624_6088562677_600_800.png,lis_3cols_20211228_151624_6088562677_600_800_mask.png,nan
7,4,15,8,73,715,88,723,73,715,88,715,88,723,73,723,sub_line_text,numpag,footer_1,courier,regular,8,lis_3cols_20211228_151624_6088562677_600_800.png,/scratch/parceirosbr/bigoilict/share/BigOil/document_generator/datasets/documents_2021_12_28/lis_3cols_20211228_151624_6088562677_600_800.png,lis_3cols_20211228_151624_6088562677_600_800_mask.png,149
7,4,15,8,73,715,88,723,73,715,88,715,88,723,73,723,text,numpag,footer_1,courier,regular,8,lis_3cols_20211228_151624_6088562677_600_800.png,/scratch/parceirosbr/bigoilict/share/BigOil/document_generator/datasets/documents_2021_12_28/lis_3cols_20211228_151624_6088562677_600_800.png,lis_3cols_20211228_151624_6088562677_600_800_mask.png,nan
2,4,5,8,91,715,96,723,91,715,96,715,96,723,91,723,sub_line_text,footer,footer_1,courier,regular,8,lis_3cols_20211228_151624_6088562677_600_800.png,/scratch/parceirosbr/bigoilict/share/BigOil/document_generator/datasets/documents_2021_12_28/lis_3cols_20211228_151624_6088562677_600_800.png,lis_3cols_20211228_151624_6088562677_600_800_mask.png,|
2,4,5,8,91,715,96,723,91,715,96,715,96,723,91,723,text,footer,footer_1,courier,regular,8,lis_3cols_20211228_151624_6088562677_600_800.png,/scratch/parceirosbr/bigoilict/share/BigOil/document_generator/datasets/documents_2021_12_28/lis_3cols_20211228_151624_6088562677_600_800.png,lis_3cols_20211228_151624_6088562677_600_800_mask.png,nan
27,4,55,8,98,715,153,723,98,715,153,715,153,723,98,723,sub_line_text,footer,footer_1,courier,regular,8,lis_3cols_20211228_151624_6088562677_600_800.png,/scratch/parceirosbr/bigoilict/share/BigOil/document_generator/datasets/documents_2021_12_28/lis_3cols_20211228_151624_6088562677_600_800.png,lis_3cols_20211228_151624_6088562677_600_800_mask.png,"Vitória, um"
27,4,55,8,98,715,153,723,98,715,153,715,153,723,98,723,text,footer,footer_1,courier,regular,8,lis_3cols_20211228_151624_6088562677_600_800.png,/scratch/parceirosbr/bigoilict/share/BigOil/document_generator/datasets/documents_2021_12_28/lis_3cols_20211228_151624_6088562677_600_800.png,lis_3cols_20211228_151624_6088562677_600_800_mask.png,nan
72,4,145,8,237,95,382,103,237,95,382,95,382,103,237,103,sub_line_text,title,title_0,courier,bold,8,lis_3cols_20211228_151624_6088562677_600_800.png,/scratch/parceirosbr/bigoilict/share/BigOil/document_generator/datasets/documents_2021_12_28/lis_3cols_20211228_151624_6088562677_600_800.png,lis_3cols_20211228_151624_6088562677_600_800_mask.png,This approximation clear with
72,4,145,8,237,95,382,103,237,95,382,95,382,103,237,103,title,title,title_0,courier,bold,8,lis_3cols_20211228_151624_6088562677_600_800.png,/scratch/parceirosbr/bigoilict/share/BigOil/document_generator/datasets/documents_2021_12_28/lis_3cols_20211228_151624_6088562677_600_800.png,lis_3cols_20211228_151624_6088562677_600_800_mask.png,nan
70,269,140,539,73,126,213,665,73,126,213,126,213,665,73,665,list,list,list_1,courier,courier,8,lis_3cols_20211228_151624_6088562677_600_800.png,/scratch/parceirosbr/bigoilict/share/BigOil/document_generator/datasets/documents_2021_12_28/lis_3cols_20211228_151624_6088562677_600_800.png,lis_3cols_20211228_151624_6088562677_600_800_mask.png,
65,4,130,9,73,126,203,135,73,126,203,126,203,135,73,135,sub_line_text,list,list_1,courier,regular,8,lis_3cols_20211228_151624_6088562677_600_800.png,/scratch/parceirosbr/bigoilict/share/BigOil/document_generator/datasets/documents_2021_12_28/lis_3cols_20211228_151624_6088562677_600_800.png,lis_3cols_20211228_151624_6088562677_600_800_mask.png,*  A 3.6 mostra a variação
57,4,115,9,88,140,203,149,88,140,203,140,203,149,88,149,sub_line_text,list,list_1,courier,regular,8,lis_3cols_20211228_151624_6088562677_600_800.png,/scratch/parceirosbr/bigoilict/share/BigOil/document_generator/datasets/documents_2021_12_28/lis_3cols_20211228_151624_6088562677_600_800.png,lis_3cols_20211228_151624_6088562677_600_800_mask.png,da impedância durante a
50,4,100,9,88,154,188,163,88,154,188,154,188,163,88,163,sub_line_text,list,list_1,courier,regular,8,lis_3cols_20211228_151624_6088562677_600_800.png,/scratch/parceirosbr/bigoilict/share/BigOil/document_generator/datasets/documents_2021_12_28/lis_3cols_20211228_151624_6088562677_600_800.png,lis_3cols_20211228_151624_6088562677_600_800_mask.png,filtração profunda e
52,4,105,9,88,168,193,177,88,168,193,168,193,177,88,177,sub_line_text,list,list_1,courier,regular,8,lis_3cols_20211228_151624_6088562677_600_800.png,/scratch/parceirosbr/bigoilict/share/BigOil/document_generator/datasets/documents_2021_12_28/lis_3cols_20211228_151624_6088562677_600_800.png,lis_3cols_20211228_151624_6088562677_600_800_mask.png,durante a formação do
47,4,95,9,73,182,168,191,73,182,168,182,168,191,73,191,sub_line_text,list,list_1,courier,regular,8,lis_3cols_20211228_151624_6088562677_600_800.png,/scratch/parceirosbr/bigoilict/share/BigOil/document_generator/datasets/documents_2021_12_28/lis_3cols_20211228_151624_6088562677_600_800.png,lis_3cols_20211228_151624_6088562677_600_800_mask.png,*  This fact can be
70,4,140,9,73,196,213,205,73,196,213,196,213,205,73,205,sub_line_text,list,list_1,courier,regular,8,lis_3cols_20211228_151624_6088562677_600_800.png,/scratch/parceirosbr/bigoilict/share/BigOil/document_generator/datasets/documents_2021_12_28/lis_3cols_20211228_151624_6088562677_600_800.png,lis_3cols_20211228_151624_6088562677_600_800_mask.png,*  SOURCE:   as  per  8/2011
62,4,125,9,88,210,213,219,88,210,213,210,213,219,88,219,sub_line_text,list,list_1,courier,regular,8,lis_3cols_20211228_151624_6088562677_600_800.png,/scratch/parceirosbr/bigoilict/share/BigOil/document_generator/datasets/documents_2021_12_28/lis_3cols_20211228_151624_6088562677_600_800.png,lis_3cols_20211228_151624_6088562677_600_800_mask.png,(Table      3.28)      .1
62,4,125,9,88,224,213,233,88,224,213,224,213,233,88,233,sub_line_text,list,list_1,courier,regular,8,lis_3cols_20211228_151624_6088562677_600_800.png,/scratch/parceirosbr/bigoilict/share/BigOil/document_generator/datasets/documents_2021_12_28/lis_3cols_20211228_151624_6088562677_600_800.png,lis_3cols_20211228_151624_6088562677_600_800_mask.png,"Appearance,   color   and"
62,4,125,9,88,238,213,247,88,238,213,238,213,247,88,247,sub_line_text,list,list_1,courier,regular,8,lis_3cols_20211228_151624_6088562677_600_800.png,/scratch/parceirosbr/bigoilict/share/BigOil/document_generator/datasets/documents_2021_12_28/lis_3cols_20211228_151624_6088562677_600_800.png,lis_3cols_20211228_151624_6088562677_600_800_mask.png,hydrocarbon  content.168.
62,4,125,9,88,252,213,261,88,252,213,252,213,261,88,261,sub_line_text,list,list_1,courier,regular,8,lis_3cols_20211228_151624_6088562677_600_800.png,/scratch/parceirosbr/bigoilict/share/BigOil/document_generator/datasets/documents_2021_12_28/lis_3cols_20211228_151624_6088562677_600_800.png,lis_3cols_20211228_151624_6088562677_600_800_mask.png,There    is   uncertainty
57,4,115,9,88,266,203,275,88,266,203,266,203,275,88,275,sub_line_text,list,list_1,courier,regular,8,lis_3cols_20211228_151624_6088562677_600_800.png,/scratch/parceirosbr/bigoilict/share/BigOil/document_generator/datasets/documents_2021_12_28/lis_3cols_20211228_151624_6088562677_600_800.png,lis_3cols_20211228_151624_6088562677_600_800_mask.png,about the computational
70,4,140,9,73,280,213,289,73,280,213,280,213,289,73,289,sub_line_text,list,list_1,courier,regular,8,lis_3cols_20211228_151624_6088562677_600_800.png,/scratch/parceirosbr/bigoilict/share/BigOil/document_generator/datasets/documents_2021_12_28/lis_3cols_20211228_151624_6088562677_600_800.png,lis_3cols_20211228_151624_6088562677_600_800_mask.png,*  Removal  is  believed  to
62,4,125,9,88,294,213,303,88,294,213,294,213,303,88,303,sub_line_text,list,list_1,courier,regular,8,lis_3cols_20211228_151624_6088562677_600_800.png,/scratch/parceirosbr/bigoilict/share/BigOil/document_generator/datasets/documents_2021_12_28/lis_3cols_20211228_151624_6088562677_600_800.png,lis_3cols_20211228_151624_6088562677_600_800_mask.png,occur  by  saponification
62,4,125,9,88,308,213,317,88,308,213,308,213,317,88,317,sub_line_text,list,list_1,courier,regular,8,lis_3cols_20211228_151624_6088562677_600_800.png,/scratch/parceirosbr/bigoilict/share/BigOil/document_generator/datasets/documents_2021_12_28/lis_3cols_20211228_151624_6088562677_600_800.png,lis_3cols_20211228_151624_6088562677_600_800_mask.png,of  the  esters that link
62,4,125,9,88,322,213,331,88,322,213,322,213,331,88,331,sub_line_text,list,list_1,courier,regular,8,lis_3cols_20211228_151624_6088562677_600_800.png,/scratch/parceirosbr/bigoilict/share/BigOil/document_generator/datasets/documents_2021_12_28/lis_3cols_20211228_151624_6088562677_600_800.png,lis_3cols_20211228_151624_6088562677_600_800_mask.png,hemicellulose  to  lignin
62,4,125,9,88,336,213,345,88,336,213,336,213,345,88,345,sub_line_text,list,list_1,courier,regular,8,lis_3cols_20211228_151624_6088562677_600_800.png,/scratch/parceirosbr/bigoilict/share/BigOil/document_generator/datasets/documents_2021_12_28/lis_3cols_20211228_151624_6088562677_600_800.png,lis_3cols_20211228_151624_6088562677_600_800_mask.png,and other components.  No
70,4,140,9,73,350,213,359,73,350,213,350,213,359,73,359,sub_line_text,list,list_1,courier,regular,8,lis_3cols_20211228_151624_6088562677_600_800.png,/scratch/parceirosbr/bigoilict/share/BigOil/document_generator/datasets/documents_2021_12_28/lis_3cols_20211228_151624_6088562677_600_800.png,lis_3cols_20211228_151624_6088562677_600_800_mask.png,"*  It  should be noted that,"
62,4,125,9,88,364,213,373,88,364,213,364,213,373,88,373,sub_line_text,list,list_1,courier,regular,8,lis_3cols_20211228_151624_6088562677_600_800.png,/scratch/parceirosbr/bigoilict/share/BigOil/document_generator/datasets/documents_2021_12_28/lis_3cols_20211228_151624_6088562677_600_800.png,lis_3cols_20211228_151624_6088562677_600_800_mask.png,although  the attribution
62,4,125,9,88,378,213,387,88,378,213,378,213,387,88,387,sub_line_text,list,list_1,courier,regular,8,lis_3cols_20211228_151624_6088562677_600_800.png,/scratch/parceirosbr/bigoilict/share/BigOil/document_generator/datasets/documents_2021_12_28/lis_3cols_20211228_151624_6088562677_600_800.png,lis_3cols_20211228_151624_6088562677_600_800_mask.png,of   the   competence  to
62,4,125,9,88,392,213,401,88,392,213,392,213,401,88,401,sub_line_text,list,list_1,courier,regular,8,lis_3cols_20211228_151624_6088562677_600_800.png,/scratch/parceirosbr/bigoilict/share/BigOil/document_generator/datasets/documents_2021_12_28/lis_3cols_20211228_151624_6088562677_600_800.png,lis_3cols_20211228_151624_6088562677_600_800_mask.png,"implement,   within   its"
62,4,125,9,88,406,213,415,88,406,213,406,213,415,88,415,sub_line_text,list,list_1,courier,regular,8,lis_3cols_20211228_151624_6088562677_600_800.png,/scratch/parceirosbr/bigoilict/share/BigOil/document_generator/datasets/documents_2021_12_28/lis_3cols_20211228_151624_6088562677_600_800.png,lis_3cols_20211228_151624_6088562677_600_800_mask.png,"sphere of competence, the"
55,4,110,9,88,420,198,429,88,420,198,420,198,429,88,429,sub_line_text,list,list_1,courier,regular,8,lis_3cols_20211228_151624_6088562677_600_800.png,/scratch/parceirosbr/bigoilict/share/BigOil/document_generator/datasets/documents_2021_12_28/lis_3cols_20211228_151624_6088562677_600_800.png,lis_3cols_20211228_151624_6088562677_600_800_mask.png,national energy policy
52,4,105,9,73,434,178,443,73,434,178,434,178,443,73,443,sub_line_text,list,list_1,courier,regular,8,lis_3cols_20211228_151624_6088562677_600_800.png,/scratch/parceirosbr/bigoilict/share/BigOil/document_generator/datasets/documents_2021_12_28/lis_3cols_20211228_151624_6088562677_600_800.png,lis_3cols_20211228_151624_6088562677_600_800_mask.png,*  A metodologia para
37,4,75,9,88,448,163,457,88,448,163,448,163,457,88,457,sub_line_text,list,list_1,courier,regular,8,lis_3cols_20211228_151624_6088562677_600_800.png,/scratch/parceirosbr/bigoilict/share/BigOil/document_generator/datasets/documents_2021_12_28/lis_3cols_20211228_151624_6088562677_600_800.png,lis_3cols_20211228_151624_6088562677_600_800_mask.png,obtenção de uma
40,4,80,9,88,462,168,471,88,462,168,462,168,471,88,471,sub_line_text,list,list_1,courier,regular,8,lis_3cols_20211228_151624_6088562677_600_800.png,/scratch/parceirosbr/bigoilict/share/BigOil/document_generator/datasets/documents_2021_12_28/lis_3cols_20211228_151624_6088562677_600_800.png,lis_3cols_20211228_151624_6088562677_600_800_mask.png,nanoemulsão está
67,4,135,9,73,476,208,485,73,476,208,476,208,485,73,485,sub_line_text,list,list_1,courier,regular,8,lis_3cols_20211228_151624_6088562677_600_800.png,/scratch/parceirosbr/bigoilict/share/BigOil/document_generator/datasets/documents_2021_12_28/lis_3cols_20211228_151624_6088562677_600_800.png,lis_3cols_20211228_151624_6088562677_600_800_mask.png,"*  Por outro lado, o estado"
52,4,105,9,88,490,193,499,88,490,193,490,193,499,88,499,sub_line_text,list,list_1,courier,regular,8,lis_3cols_20211228_151624_6088562677_600_800.png,/scratch/parceirosbr/bigoilict/share/BigOil/document_generator/datasets/documents_2021_12_28/lis_3cols_20211228_151624_6088562677_600_800.png,lis_3cols_20211228_151624_6088562677_600_800_mask.png,que registrou o maior
57,4,115,9,88,504,203,513,88,504,203,504,203,513,88,513,sub_line_text,list,list_1,courier,regular,8,lis_3cols_20211228_151624_6088562677_600_800.png,/scratch/parceirosbr/bigoilict/share/BigOil/document_generator/datasets/documents_2021_12_28/lis_3cols_20211228_151624_6088562677_600_800.png,lis_3cols_20211228_151624_6088562677_600_800_mask.png,crescimento na produção
40,4,80,9,88,518,168,527,88,518,168,518,168,527,88,527,sub_line_text,list,list_1,courier,regular,8,lis_3cols_20211228_151624_6088562677_600_800.png,/scratch/parceirosbr/bigoilict/share/BigOil/document_generator/datasets/documents_2021_12_28/lis_3cols_20211228_151624_6088562677_600_800.png,lis_3cols_20211228_151624_6088562677_600_800_mask.png,de petróleo foi.
67,4,135,9,73,532,208,541,73,532,208,532,208,541,73,541,sub_line_text,list,list_1,courier,regular,8,lis_3cols_20211228_151624_6088562677_600_800.png,/scratch/parceirosbr/bigoilict/share/BigOil/document_generator/datasets/documents_2021_12_28/lis_3cols_20211228_151624_6088562677_600_800.png,lis_3cols_20211228_151624_6088562677_600_800_mask.png,*  Another product added to
70,4,140,9,73,546,213,555,73,546,213,546,213,555,73,555,sub_line_text,list,list_1,courier,regular,8,lis_3cols_20211228_151624_6088562677_600_800.png,/scratch/parceirosbr/bigoilict/share/BigOil/document_generator/datasets/documents_2021_12_28/lis_3cols_20211228_151624_6088562677_600_800.png,lis_3cols_20211228_151624_6088562677_600_800_mask.png,"*  At   some   point,   corn"
57,4,115,9,88,560,203,569,88,560,203,560,203,569,88,569,sub_line_text,list,list_1,courier,regular,8,lis_3cols_20211228_151624_6088562677_600_800.png,/scratch/parceirosbr/bigoilict/share/BigOil/document_generator/datasets/documents_2021_12_28/lis_3cols_20211228_151624_6088562677_600_800.png,lis_3cols_20211228_151624_6088562677_600_800_mask.png,prices would rise and /
70,4,140,9,73,573,213,582,73,573,213,573,213,582,73,582,sub_line_text,list,list_1,courier,regular,8,lis_3cols_20211228_151624_6088562677_600_800.png,/scratch/parceirosbr/bigoilict/share/BigOil/document_generator/datasets/documents_2021_12_28/lis_3cols_20211228_151624_6088562677_600_800.png,lis_3cols_20211228_151624_6088562677_600_800_mask.png,"*  Por outro lado, ocorre em"
55,4,110,9,88,587,198,596,88,587,198,587,198,596,88,596,sub_line_text,list,list_1,courier,regular,8,lis_3cols_20211228_151624_6088562677_600_800.png,/scratch/parceirosbr/bigoilict/share/BigOil/document_generator/datasets/documents_2021_12_28/lis_3cols_20211228_151624_6088562677_600_800.png,lis_3cols_20211228_151624_6088562677_600_800_mask.png,pequenas quantidades a
62,4,125,9,88,601,213,610,88,601,213,601,213,610,88,610,sub_line_text,list,list_1,courier,regular,8,lis_3cols_20211228_151624_6088562677_600_800.png,/scratch/parceirosbr/bigoilict/share/BigOil/document_generator/datasets/documents_2021_12_28/lis_3cols_20211228_151624_6088562677_600_800.png,lis_3cols_20211228_151624_6088562677_600_800_mask.png,"formação de coque, que se"
20,4,40,9,88,615,128,624,88,615,128,615,128,624,88,624,sub_line_text,list,list_1,courier,regular,8,lis_3cols_20211228_151624_6088562677_600_800.png,/scratch/parceirosbr/bigoilict/share/BigOil/document_generator/datasets/documents_2021_12_28/lis_3cols_20211228_151624_6088562677_600_800.png,lis_3cols_20211228_151624_6088562677_600_800_mask.png,deposita
47,4,95,9,73,628,168,637,73,628,168,628,168,637,73,637,sub_line_text,list,list_1,courier,regular,8,lis_3cols_20211228_151624_6088562677_600_800.png,/scratch/parceirosbr/bigoilict/share/BigOil/document_generator/datasets/documents_2021_12_28/lis_3cols_20211228_151624_6088562677_600_800.png,lis_3cols_20211228_151624_6088562677_600_800_mask.png,*  Observa-se que a
62,4,125,9,88,642,213,651,88,642,213,642,213,651,88,651,sub_line_text,list,list_1,courier,regular,8,lis_3cols_20211228_151624_6088562677_600_800.png,/scratch/parceirosbr/bigoilict/share/BigOil/document_generator/datasets/documents_2021_12_28/lis_3cols_20211228_151624_6088562677_600_800.png,lis_3cols_20211228_151624_6088562677_600_800_mask.png,hidrólise ácida apenas já
37,4,75,9,88,656,163,665,88,656,163,656,163,665,88,665,sub_line_text,list,list_1,courier,regular,8,lis_3cols_20211228_151624_6088562677_600_800.png,/scratch/parceirosbr/bigoilict/share/BigOil/document_generator/datasets/documents_2021_12_28/lis_3cols_20211228_151624_6088562677_600_800.png,lis_3cols_20211228_151624_6088562677_600_800_mask.png,é suficiente 73
70,270,140,541,239,126,379,667,239,126,379,126,379,667,239,667,list,list,list_2,courier,courier,8,lis_3cols_20211228_151624_6088562677_600_800.png,/scratch/parceirosbr/bigoilict/share/BigOil/document_generator/datasets/documents_2021_12_28/lis_3cols_20211228_151624_6088562677_600_800.png,lis_3cols_20211228_151624_6088562677_600_800_mask.png,
65,4,130,9,239,126,369,135,239,126,369,126,369,135,239,135,sub_line_text,list,list_2,courier,regular,8,lis_3cols_20211228_151624_6088562677_600_800.png,/scratch/parceirosbr/bigoilict/share/BigOil/document_generator/datasets/documents_2021_12_28/lis_3cols_20211228_151624_6088562677_600_800.png,lis_3cols_20211228_151624_6088562677_600_800_mask.png,"*  Thus, it is expected to"
57,4,115,9,254,140,369,149,254,140,369,140,369,149,254,149,sub_line_text,list,list_2,courier,regular,8,lis_3cols_20211228_151624_6088562677_600_800.png,/scratch/parceirosbr/bigoilict/share/BigOil/document_generator/datasets/documents_2021_12_28/lis_3cols_20211228_151624_6088562677_600_800.png,lis_3cols_20211228_151624_6088562677_600_800_mask.png,be able to maximize the
47,4,95,9,254,154,349,163,254,154,349,154,349,163,254,163,sub_line_text,list,list_2,courier,regular,8,lis_3cols_20211228_151624_6088562677_600_800.png,/scratch/parceirosbr/bigoilict/share/BigOil/document_generator/datasets/documents_2021_12_28/lis_3cols_20211228_151624_6088562677_600_800.png,lis_3cols_20211228_151624_6088562677_600_800_mask.png,value of n for real
45,4,90,9,254,168,344,177,254,168,344,168,344,177,254,177,sub_line_text,list,list_2,courier,regular,8,lis_3cols_20211228_151624_6088562677_600_800.png,/scratch/parceirosbr/bigoilict/share/BigOil/document_generator/datasets/documents_2021_12_28/lis_3cols_20211228_151624_6088562677_600_800.png,lis_3cols_20211228_151624_6088562677_600_800_mask.png,"simulations, being"
70,4,140,9,239,182,379,191,239,182,379,182,379,191,239,191,sub_line_text,list,list_2,courier,regular,8,lis_3cols_20211228_151624_6088562677_600_800.png,/scratch/parceirosbr/bigoilict/share/BigOil/document_generator/datasets/documents_2021_12_28/lis_3cols_20211228_151624_6088562677_600_800.png,lis_3cols_20211228_151624_6088562677_600_800_mask.png,*  A glicerina comprada para
70,4,140,9,239,196,379,205,239,196,379,196,379,205,239,205,sub_line_text,list,list_2,courier,regular,8,lis_3cols_20211228_151624_6088562677_600_800.png,/scratch/parceirosbr/bigoilict/share/BigOil/document_generator/datasets/documents_2021_12_28/lis_3cols_20211228_151624_6088562677_600_800.png,lis_3cols_20211228_151624_6088562677_600_800_mask.png,*  This  difference in speed
62,4,125,9,254,210,379,219,254,210,379,210,379,219,254,219,sub_line_text,list,list_2,courier,regular,8,lis_3cols_20211228_151624_6088562677_600_800.png,/scratch/parceirosbr/bigoilict/share/BigOil/document_generator/datasets/documents_2021_12_28/lis_3cols_20211228_151624_6088562677_600_800.png,lis_3cols_20211228_151624_6088562677_600_800_mask.png,is  a recurring challenge
62,4,125,9,254,224,379,233,254,224,379,224,379,233,254,233,sub_line_text,list,list_2,courier,regular,8,lis_3cols_20211228_151624_6088562677_600_800.png,/scratch/parceirosbr/bigoilict/share/BigOil/document_generator/datasets/documents_2021_12_28/lis_3cols_20211228_151624_6088562677_600_800.png,lis_3cols_20211228_151624_6088562677_600_800_mask.png,"for   regulators,   which"
62,4,125,9,254,238,379,247,254,238,379,238,379,247,254,247,sub_line_text,list,list_2,courier,regular,8,lis_3cols_20211228_151624_6088562677_600_800.png,/scratch/parceirosbr/bigoilict/share/BigOil/document_generator/datasets/documents_2021_12_28/lis_3cols_20211228_151624_6088562677_600_800.png,lis_3cols_20211228_151624_6088562677_600_800_mask.png,need  to  find  solutions
62,4,125,9,254,252,379,261,254,252,379,252,379,261,254,261,sub_line_text,list,list_2,courier,regular,8,lis_3cols_20211228_151624_6088562677_600_800.png,/scratch/parceirosbr/bigoilict/share/BigOil/document_generator/datasets/documents_2021_12_28/lis_3cols_20211228_151624_6088562677_600_800.png,lis_3cols_20211228_151624_6088562677_600_800_mask.png,that     minimize    such
37,4,75,9,254,266,329,275,254,266,329,266,329,275,254,275,sub_line_text,list,list_2,courier,regular,8,lis_3cols_20211228_151624_6088562677_600_800.png,/scratch/parceirosbr/bigoilict/share/BigOil/document_generator/datasets/documents_2021_12_28/lis_3cols_20211228_151624_6088562677_600_800.png,lis_3cols_20211228_151624_6088562677_600_800_mask.png,differences and
62,4,125,9,239,280,364,289,239,280,364,280,364,289,239,289,sub_line_text,list,list_2,courier,regular,8,lis_3cols_20211228_151624_6088562677_600_800.png,/scratch/parceirosbr/bigoilict/share/BigOil/document_generator/datasets/documents_2021_12_28/lis_3cols_20211228_151624_6088562677_600_800.png,lis_3cols_20211228_151624_6088562677_600_800_mask.png,*  O das e uma das varias
70,4,140,9,239,294,379,303,239,294,379,294,379,303,239,303,sub_line_text,list,list_2,courier,regular,8,lis_3cols_20211228_151624_6088562677_600_800.png,/scratch/parceirosbr/bigoilict/share/BigOil/document_generator/datasets/documents_2021_12_28/lis_3cols_20211228_151624_6088562677_600_800.png,lis_3cols_20211228_151624_6088562677_600_800_mask.png,"*  In    addition,   it   is"
62,4,125,9,254,308,379,317,254,308,379,308,379,317,254,317,sub_line_text,list,list_2,courier,regular,8,lis_3cols_20211228_151624_6088562677_600_800.png,/scratch/parceirosbr/bigoilict/share/BigOil/document_generator/datasets/documents_2021_12_28/lis_3cols_20211228_151624_6088562677_600_800.png,lis_3cols_20211228_151624_6088562677_600_800_mask.png,suggested  to perform the
62,4,125,9,254,322,379,331,254,322,379,322,379,331,254,331,sub_line_text,list,list_2,courier,regular,8,lis_3cols_20211228_151624_6088562677_600_800.png,/scratch/parceirosbr/bigoilict/share/BigOil/document_generator/datasets/documents_2021_12_28/lis_3cols_20211228_151624_6088562677_600_800.png,lis_3cols_20211228_151624_6088562677_600_800_mask.png,same  analyzes  for  more
57,4,115,9,254,336,369,345,254,336,369,336,369,345,254,345,sub_line_text,list,list_2,courier,regular,8,lis_3cols_20211228_151624_6088562677_600_800.png,/scratch/parceirosbr/bigoilict/share/BigOil/document_generator/datasets/documents_2021_12_28/lis_3cols_20211228_151624_6088562677_600_800.png,lis_3cols_20211228_151624_6088562677_600_800_mask.png,intermediate layers and
65,4,130,9,239,350,369,359,239,350,369,350,369,359,239,359,sub_line_text,list,list_2,courier,regular,8,lis_3cols_20211228_151624_6088562677_600_800.png,/scratch/parceirosbr/bigoilict/share/BigOil/document_generator/datasets/documents_2021_12_28/lis_3cols_20211228_151624_6088562677_600_800.png,lis_3cols_20211228_151624_6088562677_600_800_mask.png,"*  In most cases, they are"
52,4,105,9,254,364,359,373,254,364,359,364,359,373,254,373,sub_line_text,list,list_2,courier,regular,8,lis_3cols_20211228_151624_6088562677_600_800.png,/scratch/parceirosbr/bigoilict/share/BigOil/document_generator/datasets/documents_2021_12_28/lis_3cols_20211228_151624_6088562677_600_800.png,lis_3cols_20211228_151624_6088562677_600_800_mask.png,made of steel and the
62,4,125,9,254,378,379,387,254,378,379,378,379,387,254,387,sub_line_text,list,list_2,courier,regular,8,lis_3cols_20211228_151624_6088562677_600_800.png,/scratch/parceirosbr/bigoilict/share/BigOil/document_generator/datasets/documents_2021_12_28/lis_3cols_20211228_151624_6088562677_600_800.png,lis_3cols_20211228_151624_6088562677_600_800_mask.png,"loop section is circular,"
32,4,65,9,254,392,319,401,254,392,319,392,319,401,254,401,sub_line_text,list,list_2,courier,regular,8,lis_3cols_20211228_151624_6088562677_600_800.png,/scratch/parceirosbr/bigoilict/share/BigOil/document_generator/datasets/documents_2021_12_28/lis_3cols_20211228_151624_6088562677_600_800.png,lis_3cols_20211228_151624_6088562677_600_800_mask.png,which reduces
70,4,140,9,239,406,379,415,239,406,379,406,379,415,239,415,sub_line_text,list,list_2,courier,regular,8,lis_3cols_20211228_151624_6088562677_600_800.png,/scratch/parceirosbr/bigoilict/share/BigOil/document_generator/datasets/documents_2021_12_28/lis_3cols_20211228_151624_6088562677_600_800.png,lis_3cols_20211228_151624_6088562677_600_800_mask.png,*  Ao  pela  oportunidade de
62,4,125,9,254,420,379,429,254,420,379,420,379,429,254,429,sub_line_text,list,list_2,courier,regular,8,lis_3cols_20211228_151624_6088562677_600_800.png,/scratch/parceirosbr/bigoilict/share/BigOil/document_generator/datasets/documents_2021_12_28/lis_3cols_20211228_151624_6088562677_600_800.png,lis_3cols_20211228_151624_6088562677_600_800_mask.png,estar  aqui.  Não  fiques
62,4,125,9,254,434,379,443,254,434,379,434,379,443,254,443,sub_line_text,list,list_2,courier,regular,8,lis_3cols_20211228_151624_6088562677_600_800.png,/scratch/parceirosbr/bigoilict/share/BigOil/document_generator/datasets/documents_2021_12_28/lis_3cols_20211228_151624_6088562677_600_800.png,lis_3cols_20211228_151624_6088562677_600_800_mask.png,"justo   demais,   nem  te"
62,4,125,9,254,448,379,457,254,448,379,448,379,457,254,457,sub_line_text,list,list_2,courier,regular,8,lis_3cols_20211228_151624_6088562677_600_800.png,/scratch/parceirosbr/bigoilict/share/BigOil/document_generator/datasets/documents_2021_12_28/lis_3cols_20211228_151624_6088562677_600_800.png,lis_3cols_20211228_151624_6088562677_600_800_mask.png,mostres    excessivamente
62,4,125,9,254,462,379,471,254,462,379,462,379,471,254,471,sub_line_text,list,list_2,courier,regular,8,lis_3cols_20211228_151624_6088562677_600_800.png,/scratch/parceirosbr/bigoilict/share/BigOil/document_generator/datasets/documents_2021_12_28/lis_3cols_20211228_151624_6088562677_600_800.png,lis_3cols_20211228_151624_6088562677_600_800_mask.png,sábio..   Ao   norte   da
15,4,30,9,254,476,284,485,254,476,284,476,284,485,254,485,sub_line_text,list,list_2,courier,regular,8,lis_3cols_20211228_151624_6088562677_600_800.png,/scratch/parceirosbr/bigoilict/share/BigOil/document_generator/datasets/documents_2021_12_28/lis_3cols_20211228_151624_6088562677_600_800.png,lis_3cols_20211228_151624_6088562677_600_800_mask.png,laguna
65,4,130,9,239,490,369,499,239,490,369,490,369,499,239,499,sub_line_text,list,list_2,courier,regular,8,lis_3cols_20211228_151624_6088562677_600_800.png,/scratch/parceirosbr/bigoilict/share/BigOil/document_generator/datasets/documents_2021_12_28/lis_3cols_20211228_151624_6088562677_600_800.png,lis_3cols_20211228_151624_6088562677_600_800_mask.png,"*  For example, in general"
62,4,125,9,254,504,379,513,254,504,379,504,379,513,254,513,sub_line_text,list,list_2,courier,regular,8,lis_3cols_20211228_151624_6088562677_600_800.png,/scratch/parceirosbr/bigoilict/share/BigOil/document_generator/datasets/documents_2021_12_28/lis_3cols_20211228_151624_6088562677_600_800.png,lis_3cols_20211228_151624_6088562677_600_800_mask.png,the prices of jet fuel in
60,4,120,9,254,518,374,527,254,518,374,518,374,527,254,527,sub_line_text,list,list_2,courier,regular,8,lis_3cols_20211228_151624_6088562677_600_800.png,/scratch/parceirosbr/bigoilict/share/BigOil/document_generator/datasets/documents_2021_12_28/lis_3cols_20211228_151624_6088562677_600_800.png,lis_3cols_20211228_151624_6088562677_600_800_mask.png,different countries tend
62,4,125,9,239,532,364,541,239,532,364,532,364,541,239,541,sub_line_text,list,list_2,courier,regular,8,lis_3cols_20211228_151624_6088562677_600_800.png,/scratch/parceirosbr/bigoilict/share/BigOil/document_generator/datasets/documents_2021_12_28/lis_3cols_20211228_151624_6088562677_600_800.png,lis_3cols_20211228_151624_6088562677_600_800_mask.png,*  As empresas de pequeno
55,4,110,9,254,546,364,555,254,546,364,546,364,555,254,555,sub_line_text,list,list_2,courier,regular,8,lis_3cols_20211228_151624_6088562677_600_800.png,/scratch/parceirosbr/bigoilict/share/BigOil/document_generator/datasets/documents_2021_12_28/lis_3cols_20211228_151624_6088562677_600_800.png,lis_3cols_20211228_151624_6088562677_600_800_mask.png,porte podem apresentar
52,4,105,9,254,560,359,569,254,560,359,560,359,569,254,569,sub_line_text,list,list_2,courier,regular,8,lis_3cols_20211228_151624_6088562677_600_800.png,/scratch/parceirosbr/bigoilict/share/BigOil/document_generator/datasets/documents_2021_12_28/lis_3cols_20211228_151624_6088562677_600_800.png,lis_3cols_20211228_151624_6088562677_600_800_mask.png,alguma vantagem nesse
60,4,120,9,254,574,374,583,254,574,374,574,374,583,254,583,sub_line_text,list,list_2,courier,regular,8,lis_3cols_20211228_151624_6088562677_600_800.png,/scratch/parceirosbr/bigoilict/share/BigOil/document_generator/datasets/documents_2021_12_28/lis_3cols_20211228_151624_6088562677_600_800.png,lis_3cols_20211228_151624_6088562677_600_800_mask.png,aspecto?. As informações
57,4,115,9,254,588,369,597,254,588,369,588,369,597,254,597,sub_line_text,list,list_2,courier,regular,8,lis_3cols_20211228_151624_6088562677_600_800.png,/scratch/parceirosbr/bigoilict/share/BigOil/document_generator/datasets/documents_2021_12_28/lis_3cols_20211228_151624_6088562677_600_800.png,lis_3cols_20211228_151624_6088562677_600_800_mask.png,básicas para a proposta
55,4,110,9,254,602,364,611,254,602,364,602,364,611,254,611,sub_line_text,list,list_2,courier,regular,8,lis_3cols_20211228_151624_6088562677_600_800.png,/scratch/parceirosbr/bigoilict/share/BigOil/document_generator/datasets/documents_2021_12_28/lis_3cols_20211228_151624_6088562677_600_800.png,lis_3cols_20211228_151624_6088562677_600_800_mask.png,parceria devem conter:
70,4,140,9,239,616,379,625,239,616,379,616,379,625,239,625,sub_line_text,list,list_2,courier,regular,8,lis_3cols_20211228_151624_6088562677_600_800.png,/scratch/parceirosbr/bigoilict/share/BigOil/document_generator/datasets/documents_2021_12_28/lis_3cols_20211228_151624_6088562677_600_800.png,lis_3cols_20211228_151624_6088562677_600_800_mask.png,*  Os    são    líquidos   a
62,4,125,9,254,630,379,639,254,630,379,630,379,639,254,639,sub_line_text,list,list_2,courier,regular,8,lis_3cols_20211228_151624_6088562677_600_800.png,/scratch/parceirosbr/bigoilict/share/BigOil/document_generator/datasets/documents_2021_12_28/lis_3cols_20211228_151624_6088562677_600_800.png,lis_3cols_20211228_151624_6088562677_600_800_mask.png,temperaturas  menores  ou
62,4,125,9,254,644,379,653,254,644,379,644,379,653,254,653,sub_line_text,list,list_2,courier,regular,8,lis_3cols_20211228_151624_6088562677_600_800.png,/scratch/parceirosbr/bigoilict/share/BigOil/document_generator/datasets/documents_2021_12_28/lis_3cols_20211228_151624_6088562677_600_800.png,lis_3cols_20211228_151624_6088562677_600_800_mask.png,"igual  a  100 C, e exibem"
70,46,140,93,405,126,545,219,405,126,545,126,545,219,405,219,list,list,list_3,courier,courier,8,lis_3cols_20211228_151624_6088562677_600_800.png,/scratch/parceirosbr/bigoilict/share/BigOil/document_generator/datasets/documents_2021_12_28/lis_3cols_20211228_151624_6088562677_600_800.png,lis_3cols_20211228_151624_6088562677_600_800_mask.png,
60,4,120,9,254,658,374,667,254,658,374,658,374,667,254,667,sub_line_text,list,list_2,courier,regular,8,lis_3cols_20211228_151624_6088562677_600_800.png,/scratch/parceirosbr/bigoilict/share/BigOil/document_generator/datasets/documents_2021_12_28/lis_3cols_20211228_151624_6088562677_600_800.png,lis_3cols_20211228_151624_6088562677_600_800_mask.png,semelhantes propriedades
57,4,115,9,405,126,520,135,405,126,520,126,520,135,405,135,sub_line_text,list,list_3,courier,regular,8,lis_3cols_20211228_151624_6088562677_600_800.png,/scratch/parceirosbr/bigoilict/share/BigOil/document_generator/datasets/documents_2021_12_28/lis_3cols_20211228_151624_6088562677_600_800.png,lis_3cols_20211228_151624_6088562677_600_800_mask.png,*  Valores de fração de
47,4,95,9,420,140,515,149,420,140,515,140,515,149,420,149,sub_line_text,list,list_3,courier,regular,8,lis_3cols_20211228_151624_6088562677_600_800.png,/scratch/parceirosbr/bigoilict/share/BigOil/document_generator/datasets/documents_2021_12_28/lis_3cols_20211228_151624_6088562677_600_800.png,lis_3cols_20211228_151624_6088562677_600_800_mask.png,resistência externa
60,4,120,9,420,154,540,163,420,154,540,154,540,163,420,163,sub_line_text,list,list_3,courier,regular,8,lis_3cols_20211228_151624_6088562677_600_800.png,/scratch/parceirosbr/bigoilict/share/BigOil/document_generator/datasets/documents_2021_12_28/lis_3cols_20211228_151624_6088562677_600_800.png,lis_3cols_20211228_151624_6088562677_600_800_mask.png,"superiores a 0,05 (5%) a"
17,4,35,9,420,168,455,177,420,168,455,168,455,177,420,177,sub_line_text,list,list_3,courier,regular,8,lis_3cols_20211228_151624_6088562677_600_800.png,/scratch/parceirosbr/bigoilict/share/BigOil/document_generator/datasets/documents_2021_12_28/lis_3cols_20211228_151624_6088562677_600_800.png,lis_3cols_20211228_151624_6088562677_600_800_mask.png,taxa de
70,4,140,9,405,182,545,191,405,182,545,182,545,191,405,191,sub_line_text,list,list_3,courier,regular,8,lis_3cols_20211228_151624_6088562677_600_800.png,/scratch/parceirosbr/bigoilict/share/BigOil/document_generator/datasets/documents_2021_12_28/lis_3cols_20211228_151624_6088562677_600_800.png,lis_3cols_20211228_151624_6088562677_600_800_mask.png,*  O cálculo de estabilidade
62,4,125,9,420,196,545,205,420,196,545,196,545,205,420,205,sub_line_text,list,list_3,courier,regular,8,lis_3cols_20211228_151624_6088562677_600_800.png,/scratch/parceirosbr/bigoilict/share/BigOil/document_generator/datasets/documents_2021_12_28/lis_3cols_20211228_151624_6088562677_600_800.png,lis_3cols_20211228_151624_6088562677_600_800_mask.png,"em  avaria,  assim como o"
57,4,115,9,420,210,535,219,420,210,535,210,535,219,420,219,sub_line_text,list,list_3,courier,regular,8,lis_3cols_20211228_151624_6088562677_600_800.png,/scratch/parceirosbr/bigoilict/share/BigOil/document_generator/datasets/documents_2021_12_28/lis_3cols_20211228_151624_6088562677_600_800.png,lis_3cols_20211228_151624_6088562677_600_800_mask.png,"de intacta, é feito no."
