center_x,center_y,width,height,xmin,ymin,xmax,ymax,top_left_x,top_left_y,top_right_x,top_right_y,bottom_right_x,bottom_right_y,bottom_left_x,bottom_left_y,label,grouplabel,group,text_font,text_style,size_font,filename,path,filename_mask,content
300,400,600,800,0,0,600,800,0,0,600,0,600,800,0,800,document,,,,,,lis_3cols_20211228_151644_2661677529_600_800.png,/scratch/parceirosbr/bigoilict/share/BigOil/document_generator/datasets/documents_2021_12_28/lis_3cols_20211228_151644_2661677529_600_800.png,lis_3cols_20211228_151644_2661677529_600_800_mask.png,
243,0,486,1,59,731,545,732,59,731,545,731,545,732,59,732,line,line,line,,,,lis_3cols_20211228_151644_2661677529_600_800.png,/scratch/parceirosbr/bigoilict/share/BigOil/document_generator/datasets/documents_2021_12_28/lis_3cols_20211228_151644_2661677529_600_800.png,lis_3cols_20211228_151644_2661677529_600_800_mask.png,nan
4,4,8,8,536,731,544,739,536,731,544,731,544,739,536,739,sub_line_text,numpag,footer_1,times,regular,7,lis_3cols_20211228_151644_2661677529_600_800.png,/scratch/parceirosbr/bigoilict/share/BigOil/document_generator/datasets/documents_2021_12_28/lis_3cols_20211228_151644_2661677529_600_800.png,lis_3cols_20211228_151644_2661677529_600_800_mask.png,74
4,4,8,8,536,731,544,739,536,731,544,731,544,739,536,739,text,numpag,footer_1,times,regular,7,lis_3cols_20211228_151644_2661677529_600_800.png,/scratch/parceirosbr/bigoilict/share/BigOil/document_generator/datasets/documents_2021_12_28/lis_3cols_20211228_151644_2661677529_600_800.png,lis_3cols_20211228_151644_2661677529_600_800_mask.png,nan
57,7,115,15,244,62,359,77,244,62,359,62,359,77,244,77,sub_line_text,title,title_0,times,italic,13,lis_3cols_20211228_151644_2661677529_600_800.png,/scratch/parceirosbr/bigoilict/share/BigOil/document_generator/datasets/documents_2021_12_28/lis_3cols_20211228_151644_2661677529_600_800.png,lis_3cols_20211228_151644_2661677529_600_800_mask.png,"This figure, can seen,"
57,7,115,15,244,62,359,77,244,62,359,62,359,77,244,77,title,title,title_0,times,italic,13,lis_3cols_20211228_151644_2661677529_600_800.png,/scratch/parceirosbr/bigoilict/share/BigOil/document_generator/datasets/documents_2021_12_28/lis_3cols_20211228_151644_2661677529_600_800.png,lis_3cols_20211228_151644_2661677529_600_800_mask.png,nan
73,242,146,485,59,103,205,588,59,103,205,103,205,588,59,588,list,list,list_1,times,times,7,lis_3cols_20211228_151644_2661677529_600_800.png,/scratch/parceirosbr/bigoilict/share/BigOil/document_generator/datasets/documents_2021_12_28/lis_3cols_20211228_151644_2661677529_600_800.png,lis_3cols_20211228_151644_2661677529_600_800_mask.png,
72,4,145,9,59,103,204,112,59,103,204,103,204,112,59,112,sub_line_text,list,list_1,times,regular,7,lis_3cols_20211228_151644_2661677529_600_800.png,/scratch/parceirosbr/bigoilict/share/BigOil/document_generator/datasets/documents_2021_12_28/lis_3cols_20211228_151644_2661677529_600_800.png,lis_3cols_20211228_151644_2661677529_600_800_mask.png,[39] Para   garantir   o   suprimento   no  mercado
64,4,128,9,73,117,201,126,73,117,201,117,201,126,73,126,sub_line_text,list,list_1,times,regular,7,lis_3cols_20211228_151644_2661677529_600_800.png,/scratch/parceirosbr/bigoilict/share/BigOil/document_generator/datasets/documents_2021_12_28/lis_3cols_20211228_151644_2661677529_600_800.png,lis_3cols_20211228_151644_2661677529_600_800_mask.png,"nacional, foi preciso expandircom urgência"
72,4,145,9,59,131,204,140,59,131,204,131,204,140,59,140,sub_line_text,list,list_1,times,regular,7,lis_3cols_20211228_151644_2661677529_600_800.png,/scratch/parceirosbr/bigoilict/share/BigOil/document_generator/datasets/documents_2021_12_28/lis_3cols_20211228_151644_2661677529_600_800.png,lis_3cols_20211228_151644_2661677529_600_800_mask.png,[135] Woodhouse (1976 apud 1979) also noted
57,4,115,9,77,145,192,154,77,145,192,145,192,154,77,154,sub_line_text,list,list_1,times,regular,7,lis_3cols_20211228_151644_2661677529_600_800.png,/scratch/parceirosbr/bigoilict/share/BigOil/document_generator/datasets/documents_2021_12_28/lis_3cols_20211228_151644_2661677529_600_800.png,lis_3cols_20211228_151644_2661677529_600_800_mask.png,that the assimilation rate of slower than
27,4,54,9,77,159,131,168,77,159,131,159,131,168,77,168,sub_line_text,list,list_1,times,regular,7,lis_3cols_20211228_151644_2661677529_600_800.png,/scratch/parceirosbr/bigoilict/share/BigOil/document_generator/datasets/documents_2021_12_28/lis_3cols_20211228_151644_2661677529_600_800.png,lis_3cols_20211228_151644_2661677529_600_800_mask.png,that of alterniflora.
72,4,145,9,59,173,204,182,59,173,204,173,204,182,59,182,sub_line_text,list,list_1,times,regular,7,lis_3cols_20211228_151644_2661677529_600_800.png,/scratch/parceirosbr/bigoilict/share/BigOil/document_generator/datasets/documents_2021_12_28/lis_3cols_20211228_151644_2661677529_600_800.png,lis_3cols_20211228_151644_2661677529_600_800_mask.png,[77]   New  discoveries  or  a new understanding
64,4,128,9,77,187,205,196,77,187,205,187,205,196,77,196,sub_line_text,list,list_1,times,regular,7,lis_3cols_20211228_151644_2661677529_600_800.png,/scratch/parceirosbr/bigoilict/share/BigOil/document_generator/datasets/documents_2021_12_28/lis_3cols_20211228_151644_2661677529_600_800.png,lis_3cols_20211228_151644_2661677529_600_800_mask.png,of  the strong interaction between gold and
16,4,32,9,77,201,109,210,77,201,109,201,109,210,77,210,sub_line_text,list,list_1,times,regular,7,lis_3cols_20211228_151644_2661677529_600_800.png,/scratch/parceirosbr/bigoilict/share/BigOil/document_generator/datasets/documents_2021_12_28/lis_3cols_20211228_151644_2661677529_600_800.png,lis_3cols_20211228_151644_2661677529_600_800_mask.png,oxides can
58,4,117,9,59,215,176,224,59,215,176,215,176,224,59,224,sub_line_text,list,list_1,times,regular,7,lis_3cols_20211228_151644_2661677529_600_800.png,/scratch/parceirosbr/bigoilict/share/BigOil/document_generator/datasets/documents_2021_12_28/lis_3cols_20211228_151644_2661677529_600_800.png,lis_3cols_20211228_151644_2661677529_600_800_mask.png,[140]  Apesar do biodiesel de palma ter
25,4,50,9,79,229,129,238,79,229,129,229,129,238,79,238,sub_line_text,list,list_1,times,regular,7,lis_3cols_20211228_151644_2661677529_600_800.png,/scratch/parceirosbr/bigoilict/share/BigOil/document_generator/datasets/documents_2021_12_28/lis_3cols_20211228_151644_2661677529_600_800.png,lis_3cols_20211228_151644_2661677529_600_800_mask.png,oxigênio em sua
69,4,138,9,59,243,197,252,59,243,197,243,197,252,59,252,sub_line_text,list,list_1,times,regular,7,lis_3cols_20211228_151644_2661677529_600_800.png,/scratch/parceirosbr/bigoilict/share/BigOil/document_generator/datasets/documents_2021_12_28/lis_3cols_20211228_151644_2661677529_600_800.png,lis_3cols_20211228_151644_2661677529_600_800_mask.png,"[77]  National engineering, on the other hand,"
31,4,63,9,75,257,138,266,75,257,138,257,138,266,75,266,sub_line_text,list,list_1,times,regular,7,lis_3cols_20211228_151644_2661677529_600_800.png,/scratch/parceirosbr/bigoilict/share/BigOil/document_generator/datasets/documents_2021_12_28/lis_3cols_20211228_151644_2661677529_600_800.png,lis_3cols_20211228_151644_2661677529_600_800_mask.png,has been a permanent
54,4,108,9,59,271,167,280,59,271,167,271,167,280,59,280,sub_line_text,list,list_1,times,regular,7,lis_3cols_20211228_151644_2661677529_600_800.png,/scratch/parceirosbr/bigoilict/share/BigOil/document_generator/datasets/documents_2021_12_28/lis_3cols_20211228_151644_2661677529_600_800.png,lis_3cols_20211228_151644_2661677529_600_800_mask.png,[87]  No caso especíco do problema
63,4,126,9,75,285,201,294,75,285,201,285,201,294,75,294,sub_line_text,list,list_1,times,regular,7,lis_3cols_20211228_151644_2661677529_600_800.png,/scratch/parceirosbr/bigoilict/share/BigOil/document_generator/datasets/documents_2021_12_28/lis_3cols_20211228_151644_2661677529_600_800.png,lis_3cols_20211228_151644_2661677529_600_800_mask.png,unidimensional de pode-se elucidarque há
60,4,120,9,75,299,195,308,75,299,195,299,195,308,75,308,sub_line_text,list,list_1,times,regular,7,lis_3cols_20211228_151644_2661677529_600_800.png,/scratch/parceirosbr/bigoilict/share/BigOil/document_generator/datasets/documents_2021_12_28/lis_3cols_20211228_151644_2661677529_600_800.png,lis_3cols_20211228_151644_2661677529_600_800_mask.png,uma condição especíca em que o método
58,4,117,9,59,313,176,322,59,313,176,313,176,322,59,322,sub_line_text,list,list_1,times,regular,7,lis_3cols_20211228_151644_2661677529_600_800.png,/scratch/parceirosbr/bigoilict/share/BigOil/document_generator/datasets/documents_2021_12_28/lis_3cols_20211228_151644_2661677529_600_800.png,lis_3cols_20211228_151644_2661677529_600_800_mask.png,[136]  Aliphatic solvents except xylene
61,4,122,9,79,327,201,336,79,327,201,327,201,336,79,336,sub_line_text,list,list_1,times,regular,7,lis_3cols_20211228_151644_2661677529_600_800.png,/scratch/parceirosbr/bigoilict/share/BigOil/document_generator/datasets/documents_2021_12_28/lis_3cols_20211228_151644_2661677529_600_800.png,lis_3cols_20211228_151644_2661677529_600_800_mask.png,"raffinates, and pyrolysis and reform. zFL,"
58,4,117,9,79,341,196,350,79,341,196,341,196,350,79,350,sub_line_text,list,list_1,times,regular,7,lis_3cols_20211228_151644_2661677529_600_800.png,/scratch/parceirosbr/bigoilict/share/BigOil/document_generator/datasets/documents_2021_12_28/lis_3cols_20211228_151644_2661677529_600_800.png,lis_3cols_20211228_151644_2661677529_600_800_mask.png,"xFV, yFNF1No exemplo ilustrado pela"
67,4,134,9,59,355,193,364,59,355,193,355,193,364,59,364,sub_line_text,list,list_1,times,regular,7,lis_3cols_20211228_151644_2661677529_600_800.png,/scratch/parceirosbr/bigoilict/share/BigOil/document_generator/datasets/documents_2021_12_28/lis_3cols_20211228_151644_2661677529_600_800.png,lis_3cols_20211228_151644_2661677529_600_800_mask.png,[96] And origin of hydrocarbon in sediments
55,4,111,9,73,369,184,378,73,369,184,369,184,378,73,378,sub_line_text,list,list_1,times,regular,7,lis_3cols_20211228_151644_2661677529_600_800.png,/scratch/parceirosbr/bigoilict/share/BigOil/document_generator/datasets/documents_2021_12_28/lis_3cols_20211228_151644_2661677529_600_800.png,lis_3cols_20211228_151644_2661677529_600_800_mask.png,from lagoons with fringing mangrove
72,4,145,9,59,383,204,392,59,383,204,383,204,392,59,392,sub_line_text,list,list_1,times,regular,7,lis_3cols_20211228_151644_2661677529_600_800.png,/scratch/parceirosbr/bigoilict/share/BigOil/document_generator/datasets/documents_2021_12_28/lis_3cols_20211228_151644_2661677529_600_800.png,lis_3cols_20211228_151644_2661677529_600_800_mask.png,"[33]  Similar  a bússola, esse dispositivo também"
65,4,130,9,75,397,205,406,75,397,205,397,205,406,75,406,sub_line_text,list,list_1,times,regular,7,lis_3cols_20211228_151644_2661677529_600_800.png,/scratch/parceirosbr/bigoilict/share/BigOil/document_generator/datasets/documents_2021_12_28/lis_3cols_20211228_151644_2661677529_600_800.png,lis_3cols_20211228_151644_2661677529_600_800_mask.png,mede   a   orientação   do  robô.  Significant
64,4,129,9,75,411,204,420,75,411,204,411,204,420,75,420,sub_line_text,list,list_1,times,regular,7,lis_3cols_20211228_151644_2661677529_600_800.png,/scratch/parceirosbr/bigoilict/share/BigOil/document_generator/datasets/documents_2021_12_28/lis_3cols_20211228_151644_2661677529_600_800.png,lis_3cols_20211228_151644_2661677529_600_800_mask.png,dilatation   of  hepatic  sinusoids  observed
17,4,35,9,75,425,110,434,75,425,110,425,110,434,75,434,sub_line_text,list,list_1,times,regular,7,lis_3cols_20211228_151644_2661677529_600_800.png,/scratch/parceirosbr/bigoilict/share/BigOil/document_generator/datasets/documents_2021_12_28/lis_3cols_20211228_151644_2661677529_600_800.png,lis_3cols_20211228_151644_2661677529_600_800_mask.png,primarily in
73,4,146,9,59,439,205,448,59,439,205,439,205,448,59,448,sub_line_text,list,list_1,times,regular,7,lis_3cols_20211228_151644_2661677529_600_800.png,/scratch/parceirosbr/bigoilict/share/BigOil/document_generator/datasets/documents_2021_12_28/lis_3cols_20211228_151644_2661677529_600_800.png,lis_3cols_20211228_151644_2661677529_600_800_mask.png,[98]  Pedro   da   144   same  way  as  previously
64,4,129,9,75,453,204,462,75,453,204,453,204,462,75,462,sub_line_text,list,list_1,times,regular,7,lis_3cols_20211228_151644_2661677529_600_800.png,/scratch/parceirosbr/bigoilict/share/BigOil/document_generator/datasets/documents_2021_12_28/lis_3cols_20211228_151644_2661677529_600_800.png,lis_3cols_20211228_151644_2661677529_600_800_mask.png,"argued  for  the  lower  dikes,  the magmatic"
48,4,97,9,75,467,172,476,75,467,172,467,172,476,75,476,sub_line_text,list,list_1,times,regular,7,lis_3cols_20211228_151644_2661677529_600_800.png,/scratch/parceirosbr/bigoilict/share/BigOil/document_generator/datasets/documents_2021_12_28/lis_3cols_20211228_151644_2661677529_600_800.png,lis_3cols_20211228_151644_2661677529_600_800_mask.png,manifestation associated with the
72,4,145,9,59,481,204,490,59,481,204,481,204,490,59,490,sub_line_text,list,list_1,times,regular,7,lis_3cols_20211228_151644_2661677529_600_800.png,/scratch/parceirosbr/bigoilict/share/BigOil/document_generator/datasets/documents_2021_12_28/lis_3cols_20211228_151644_2661677529_600_800.png,lis_3cols_20211228_151644_2661677529_600_800_mask.png,[116] Source:  2007.  2.4  of the process: oxides
63,4,127,9,77,495,204,504,77,495,204,495,204,504,77,504,sub_line_text,list,list_1,times,regular,7,lis_3cols_20211228_151644_2661677529_600_800.png,/scratch/parceirosbr/bigoilict/share/BigOil/document_generator/datasets/documents_2021_12_28/lis_3cols_20211228_151644_2661677529_600_800.png,lis_3cols_20211228_151644_2661677529_600_800_mask.png,derived  from  hydrotalcite-type precursors.
20,4,41,9,77,509,118,518,77,509,118,509,118,518,77,518,sub_line_text,list,list_1,times,regular,7,lis_3cols_20211228_151644_2661677529_600_800.png,/scratch/parceirosbr/bigoilict/share/BigOil/document_generator/datasets/documents_2021_12_28/lis_3cols_20211228_151644_2661677529_600_800.png,lis_3cols_20211228_151644_2661677529_600_800_mask.png,Except for the
65,4,131,9,59,523,190,532,59,523,190,523,190,532,59,532,sub_line_text,list,list_1,times,regular,7,lis_3cols_20211228_151644_2661677529_600_800.png,/scratch/parceirosbr/bigoilict/share/BigOil/document_generator/datasets/documents_2021_12_28/lis_3cols_20211228_151644_2661677529_600_800.png,lis_3cols_20211228_151644_2661677529_600_800_mask.png,[61]   Vários corpos de prova foram testados
61,4,122,9,77,537,199,546,77,537,199,537,199,546,77,546,sub_line_text,list,list_1,times,regular,7,lis_3cols_20211228_151644_2661677529_600_800.png,/scratch/parceirosbr/bigoilict/share/BigOil/document_generator/datasets/documents_2021_12_28/lis_3cols_20211228_151644_2661677529_600_800.png,lis_3cols_20211228_151644_2661677529_600_800_mask.png,com diferentes frequências e as condições
72,4,145,9,59,551,204,560,59,551,204,551,204,560,59,560,sub_line_text,list,list_1,times,regular,7,lis_3cols_20211228_151644_2661677529_600_800.png,/scratch/parceirosbr/bigoilict/share/BigOil/document_generator/datasets/documents_2021_12_28/lis_3cols_20211228_151644_2661677529_600_800.png,lis_3cols_20211228_151644_2661677529_600_800_mask.png,[104] Apesar   de   também  apresentar  uma  forte
64,4,128,9,77,565,205,574,77,565,205,565,205,574,77,574,sub_line_text,list,list_1,times,regular,7,lis_3cols_20211228_151644_2661677529_600_800.png,/scratch/parceirosbr/bigoilict/share/BigOil/document_generator/datasets/documents_2021_12_28/lis_3cols_20211228_151644_2661677529_600_800.png,lis_3cols_20211228_151644_2661677529_600_800_mask.png,"relação     dose/resposta,    os    níveis    de"
40,4,80,9,77,579,157,588,77,579,157,579,157,588,77,588,sub_line_text,list,list_1,times,regular,7,lis_3cols_20211228_151644_2661677529_600_800.png,/scratch/parceirosbr/bigoilict/share/BigOil/document_generator/datasets/documents_2021_12_28/lis_3cols_20211228_151644_2661677529_600_800.png,lis_3cols_20211228_151644_2661677529_600_800_mask.png,metabólitos em amostras de
73,291,146,583,229,103,375,686,229,103,375,103,375,686,229,686,list,list,list_2,times,times,7,lis_3cols_20211228_151644_2661677529_600_800.png,/scratch/parceirosbr/bigoilict/share/BigOil/document_generator/datasets/documents_2021_12_28/lis_3cols_20211228_151644_2661677529_600_800.png,lis_3cols_20211228_151644_2661677529_600_800_mask.png,
73,4,146,9,229,103,375,112,229,103,375,103,375,112,229,112,sub_line_text,list,list_2,times,regular,7,lis_3cols_20211228_151644_2661677529_600_800.png,/scratch/parceirosbr/bigoilict/share/BigOil/document_generator/datasets/documents_2021_12_28/lis_3cols_20211228_151644_2661677529_600_800.png,lis_3cols_20211228_151644_2661677529_600_800_mask.png,[39]   As   rotas   de   exposição  disponíveis  no
63,4,127,9,247,117,374,126,247,117,374,117,374,126,247,126,sub_line_text,list,list_2,times,regular,7,lis_3cols_20211228_151644_2661677529_600_800.png,/scratch/parceirosbr/bigoilict/share/BigOil/document_generator/datasets/documents_2021_12_28/lis_3cols_20211228_151644_2661677529_600_800.png,lis_3cols_20211228_151644_2661677529_600_800_mask.png,modelo  são:  inalação  de  ar;  inalação  de
64,4,128,9,247,131,375,140,247,131,375,131,375,140,247,140,sub_line_text,list,list_2,times,regular,7,lis_3cols_20211228_151644_2661677529_600_800.png,/scratch/parceirosbr/bigoilict/share/BigOil/document_generator/datasets/documents_2021_12_28/lis_3cols_20211228_151644_2661677529_600_800.png,lis_3cols_20211228_151644_2661677529_600_800_mask.png,partículas   de   solo;   absorção   dermal  a
13,4,26,9,247,145,273,154,247,145,273,145,273,154,247,154,sub_line_text,list,list_2,times,regular,7,lis_3cols_20211228_151644_2661677529_600_800.png,/scratch/parceirosbr/bigoilict/share/BigOil/document_generator/datasets/documents_2021_12_28/lis_3cols_20211228_151644_2661677529_600_800.png,lis_3cols_20211228_151644_2661677529_600_800_mask.png,partir do
72,4,145,9,229,159,374,168,229,159,374,159,374,168,229,168,sub_line_text,list,list_2,times,regular,7,lis_3cols_20211228_151644_2661677529_600_800.png,/scratch/parceirosbr/bigoilict/share/BigOil/document_generator/datasets/documents_2021_12_28/lis_3cols_20211228_151644_2661677529_600_800.png,lis_3cols_20211228_151644_2661677529_600_800_mask.png,"[9]  Segundo  aponta  o  de  do, para a realização"
62,4,125,9,229,173,354,182,229,173,354,173,354,182,229,182,sub_line_text,list,list_2,times,regular,7,lis_3cols_20211228_151644_2661677529_600_800.png,/scratch/parceirosbr/bigoilict/share/BigOil/document_generator/datasets/documents_2021_12_28/lis_3cols_20211228_151644_2661677529_600_800.png,lis_3cols_20211228_151644_2661677529_600_800_mask.png,[40] Thinking about the integration of the
53,4,107,9,243,187,350,196,243,187,350,187,350,196,243,196,sub_line_text,list,list_2,times,regular,7,lis_3cols_20211228_151644_2661677529_600_800.png,/scratch/parceirosbr/bigoilict/share/BigOil/document_generator/datasets/documents_2021_12_28/lis_3cols_20211228_151644_2661677529_600_800.png,lis_3cols_20211228_151644_2661677529_600_800_mask.png,residual oil refining process and the
57,4,114,9,243,201,357,210,243,201,357,201,357,210,243,210,sub_line_text,list,list_2,times,regular,7,lis_3cols_20211228_151644_2661677529_600_800.png,/scratch/parceirosbr/bigoilict/share/BigOil/document_generator/datasets/documents_2021_12_28/lis_3cols_20211228_151644_2661677529_600_800.png,lis_3cols_20211228_151644_2661677529_600_800_mask.png,transesterification process for biodiesel
73,4,146,9,229,215,375,224,229,215,375,215,375,224,229,224,sub_line_text,list,list_2,times,regular,7,lis_3cols_20211228_151644_2661677529_600_800.png,/scratch/parceirosbr/bigoilict/share/BigOil/document_generator/datasets/documents_2021_12_28/lis_3cols_20211228_151644_2661677529_600_800.png,lis_3cols_20211228_151644_2661677529_600_800_mask.png,"[85]   Thus,    starting    from   the   premise   that"
64,4,128,9,247,229,375,238,247,229,375,229,375,238,247,238,sub_line_text,list,list_2,times,regular,7,lis_3cols_20211228_151644_2661677529_600_800.png,/scratch/parceirosbr/bigoilict/share/BigOil/document_generator/datasets/documents_2021_12_28/lis_3cols_20211228_151644_2661677529_600_800.png,lis_3cols_20211228_151644_2661677529_600_800_mask.png,companies  that  can  operate  in the natural
63,4,127,9,247,243,374,252,247,243,374,243,374,252,247,252,sub_line_text,list,list_2,times,regular,7,lis_3cols_20211228_151644_2661677529_600_800.png,/scratch/parceirosbr/bigoilict/share/BigOil/document_generator/datasets/documents_2021_12_28/lis_3cols_20211228_151644_2661677529_600_800.png,lis_3cols_20211228_151644_2661677529_600_800_mask.png,gas  transportation  activity  are capable of
41,4,83,9,247,257,330,266,247,257,330,257,330,266,247,266,sub_line_text,list,list_2,times,regular,7,lis_3cols_20211228_151644_2661677529_600_800.png,/scratch/parceirosbr/bigoilict/share/BigOil/document_generator/datasets/documents_2021_12_28/lis_3cols_20211228_151644_2661677529_600_800.png,lis_3cols_20211228_151644_2661677529_600_800_mask.png,"international diversification,"
70,4,140,9,229,271,369,280,229,271,369,271,369,280,229,280,sub_line_text,list,list_2,times,regular,7,lis_3cols_20211228_151644_2661677529_600_800.png,/scratch/parceirosbr/bigoilict/share/BigOil/document_generator/datasets/documents_2021_12_28/lis_3cols_20211228_151644_2661677529_600_800.png,lis_3cols_20211228_151644_2661677529_600_800_mask.png,[10]  Chamada de correção ou foi utilizada para
64,4,128,9,245,285,373,294,245,285,373,285,373,294,245,294,sub_line_text,list,list_2,times,regular,7,lis_3cols_20211228_151644_2661677529_600_800.png,/scratch/parceirosbr/bigoilict/share/BigOil/document_generator/datasets/documents_2021_12_28/lis_3cols_20211228_151644_2661677529_600_800.png,lis_3cols_20211228_151644_2661677529_600_800_mask.png,corrigir a deformação plástica na região dos
72,4,145,9,229,299,374,308,229,299,374,299,374,308,229,308,sub_line_text,list,list_2,times,regular,7,lis_3cols_20211228_151644_2661677529_600_800.png,/scratch/parceirosbr/bigoilict/share/BigOil/document_generator/datasets/documents_2021_12_28/lis_3cols_20211228_151644_2661677529_600_800.png,lis_3cols_20211228_151644_2661677529_600_800_mask.png,"[148]  In  the  solution  given  by  the simulator,"
60,4,120,9,249,313,369,322,249,313,369,313,369,322,249,322,sub_line_text,list,list_2,times,regular,7,lis_3cols_20211228_151644_2661677529_600_800.png,/scratch/parceirosbr/bigoilict/share/BigOil/document_generator/datasets/documents_2021_12_28/lis_3cols_20211228_151644_2661677529_600_800.png,lis_3cols_20211228_151644_2661677529_600_800_mask.png,the speed and pressure at the exit will be
73,4,146,9,229,327,375,336,229,327,375,327,375,336,229,336,sub_line_text,list,list_2,times,regular,7,lis_3cols_20211228_151644_2661677529_600_800.png,/scratch/parceirosbr/bigoilict/share/BigOil/document_generator/datasets/documents_2021_12_28/lis_3cols_20211228_151644_2661677529_600_800.png,lis_3cols_20211228_151644_2661677529_600_800_mask.png,[147]   VFj  valor  futuro  no  período j i: taxa de
62,4,124,9,251,341,375,350,251,341,375,341,375,350,251,350,sub_line_text,list,list_2,times,regular,7,lis_3cols_20211228_151644_2661677529_600_800.png,/scratch/parceirosbr/bigoilict/share/BigOil/document_generator/datasets/documents_2021_12_28/lis_3cols_20211228_151644_2661677529_600_800.png,lis_3cols_20211228_151644_2661677529_600_800_mask.png,"retorno   e  depois  anualizá-lo,  a  valores"
61,4,123,9,251,355,374,364,251,355,374,355,374,364,251,364,sub_line_text,list,list_2,times,regular,7,lis_3cols_20211228_151644_2661677529_600_800.png,/scratch/parceirosbr/bigoilict/share/BigOil/document_generator/datasets/documents_2021_12_28/lis_3cols_20211228_151644_2661677529_600_800.png,lis_3cols_20211228_151644_2661677529_600_800_mask.png,"constantes,   ao   longo   dos   períodos:."
12,4,25,9,251,369,276,378,251,369,276,369,276,378,251,378,sub_line_text,list,list_2,times,regular,7,lis_3cols_20211228_151644_2661677529_600_800.png,/scratch/parceirosbr/bigoilict/share/BigOil/document_generator/datasets/documents_2021_12_28/lis_3cols_20211228_151644_2661677529_600_800.png,lis_3cols_20211228_151644_2661677529_600_800_mask.png,Além da
67,4,134,9,229,383,363,392,229,383,363,383,363,392,229,392,sub_line_text,list,list_2,times,regular,7,lis_3cols_20211228_151644_2661677529_600_800.png,/scratch/parceirosbr/bigoilict/share/BigOil/document_generator/datasets/documents_2021_12_28/lis_3cols_20211228_151644_2661677529_600_800.png,lis_3cols_20211228_151644_2661677529_600_800_mask.png,[45]  A redução ocorrerá em potenciais menos
65,4,130,9,229,397,359,406,229,397,359,397,359,406,229,406,sub_line_text,list,list_2,times,regular,7,lis_3cols_20211228_151644_2661677529_600_800.png,/scratch/parceirosbr/bigoilict/share/BigOil/document_generator/datasets/documents_2021_12_28/lis_3cols_20211228_151644_2661677529_600_800.png,lis_3cols_20211228_151644_2661677529_600_800_mask.png,[89]  This had already been done by (1983:
61,4,123,9,245,411,368,420,245,411,368,411,368,420,245,420,sub_line_text,list,list_2,times,regular,7,lis_3cols_20211228_151644_2661677529_600_800.png,/scratch/parceirosbr/bigoilict/share/BigOil/document_generator/datasets/documents_2021_12_28/lis_3cols_20211228_151644_2661677529_600_800.png,lis_3cols_20211228_151644_2661677529_600_800_mask.png,"24), for the case of the administrative fact,"
14,4,29,9,245,425,274,434,245,425,274,425,274,434,245,434,sub_line_text,list,list_2,times,regular,7,lis_3cols_20211228_151644_2661677529_600_800.png,/scratch/parceirosbr/bigoilict/share/BigOil/document_generator/datasets/documents_2021_12_28/lis_3cols_20211228_151644_2661677529_600_800.png,lis_3cols_20211228_151644_2661677529_600_800_mask.png,related by
72,4,145,9,229,439,374,448,229,439,374,439,374,448,229,448,sub_line_text,list,list_2,times,regular,7,lis_3cols_20211228_151644_2661677529_600_800.png,/scratch/parceirosbr/bigoilict/share/BigOil/document_generator/datasets/documents_2021_12_28/lis_3cols_20211228_151644_2661677529_600_800.png,lis_3cols_20211228_151644_2661677529_600_800_mask.png,[51]  This   research   adopts  an  epistemological
64,4,129,9,245,453,374,462,245,453,374,453,374,462,245,462,sub_line_text,list,list_2,times,regular,7,lis_3cols_20211228_151644_2661677529_600_800.png,/scratch/parceirosbr/bigoilict/share/BigOil/document_generator/datasets/documents_2021_12_28/lis_3cols_20211228_151644_2661677529_600_800.png,lis_3cols_20211228_151644_2661677529_600_800_mask.png,"constructivist  perspective,  and  takes  as a"
65,4,130,9,245,467,375,476,245,467,375,467,375,476,245,476,sub_line_text,list,list_2,times,regular,7,lis_3cols_20211228_151644_2661677529_600_800.png,/scratch/parceirosbr/bigoilict/share/BigOil/document_generator/datasets/documents_2021_12_28/lis_3cols_20211228_151644_2661677529_600_800.png,lis_3cols_20211228_151644_2661677529_600_800_mask.png,starting   point  that  the  organization  is  a
6,4,13,9,245,481,258,490,245,481,258,481,258,490,245,490,sub_line_text,list,list_2,times,regular,7,lis_3cols_20211228_151644_2661677529_600_800.png,/scratch/parceirosbr/bigoilict/share/BigOil/document_generator/datasets/documents_2021_12_28/lis_3cols_20211228_151644_2661677529_600_800.png,lis_3cols_20211228_151644_2661677529_600_800_mask.png,total
60,4,120,9,229,495,349,504,229,495,349,495,349,504,229,504,sub_line_text,list,list_2,times,regular,7,lis_3cols_20211228_151644_2661677529_600_800.png,/scratch/parceirosbr/bigoilict/share/BigOil/document_generator/datasets/documents_2021_12_28/lis_3cols_20211228_151644_2661677529_600_800.png,lis_3cols_20211228_151644_2661677529_600_800_mask.png,[58]   Seguindo o fluxo da metodologia
59,4,119,9,247,509,366,518,247,509,366,509,366,518,247,518,sub_line_text,list,list_2,times,regular,7,lis_3cols_20211228_151644_2661677529_600_800.png,/scratch/parceirosbr/bigoilict/share/BigOil/document_generator/datasets/documents_2021_12_28/lis_3cols_20211228_151644_2661677529_600_800.png,lis_3cols_20211228_151644_2661677529_600_800_mask.png,"proposta na 2.3.1, o passo seguinte é a"
48,4,97,9,247,523,344,532,247,523,344,523,344,532,247,532,sub_line_text,list,list_2,times,regular,7,lis_3cols_20211228_151644_2661677529_600_800.png,/scratch/parceirosbr/bigoilict/share/BigOil/document_generator/datasets/documents_2021_12_28/lis_3cols_20211228_151644_2661677529_600_800.png,lis_3cols_20211228_151644_2661677529_600_800_mask.png,etapa de classificação e validação
70,4,141,9,229,537,370,546,229,537,370,537,370,546,229,546,sub_line_text,list,list_2,times,regular,7,lis_3cols_20211228_151644_2661677529_600_800.png,/scratch/parceirosbr/bigoilict/share/BigOil/document_generator/datasets/documents_2021_12_28/lis_3cols_20211228_151644_2661677529_600_800.png,lis_3cols_20211228_151644_2661677529_600_800_mask.png,[94] Another way of providing this locomotion
61,4,122,9,243,551,365,560,243,551,365,551,365,560,243,560,sub_line_text,list,list_2,times,regular,7,lis_3cols_20211228_151644_2661677529_600_800.png,/scratch/parceirosbr/bigoilict/share/BigOil/document_generator/datasets/documents_2021_12_28/lis_3cols_20211228_151644_2661677529_600_800.png,lis_3cols_20211228_151644_2661677529_600_800_mask.png,is by removing the glycerin (by-product)
72,4,145,9,229,565,374,574,229,565,374,565,374,574,229,574,sub_line_text,list,list_2,times,regular,7,lis_3cols_20211228_151644_2661677529_600_800.png,/scratch/parceirosbr/bigoilict/share/BigOil/document_generator/datasets/documents_2021_12_28/lis_3cols_20211228_151644_2661677529_600_800.png,lis_3cols_20211228_151644_2661677529_600_800_mask.png,[37]  Produced;  and leaks during transportation;
65,4,130,9,245,579,375,588,245,579,375,579,375,588,245,588,sub_line_text,list,list_2,times,regular,7,lis_3cols_20211228_151644_2661677529_600_800.png,/scratch/parceirosbr/bigoilict/share/BigOil/document_generator/datasets/documents_2021_12_28/lis_3cols_20211228_151644_2661677529_600_800.png,lis_3cols_20211228_151644_2661677529_600_800_mask.png,the  use  of  non-hazardous chemicals in the
52,4,104,9,245,593,349,602,245,593,349,593,349,602,245,602,sub_line_text,list,list_2,times,regular,7,lis_3cols_20211228_151644_2661677529_600_800.png,/scratch/parceirosbr/bigoilict/share/BigOil/document_generator/datasets/documents_2021_12_28/lis_3cols_20211228_151644_2661677529_600_800.png,lis_3cols_20211228_151644_2661677529_600_800_mask.png,composition of the fracturing fluid;
66,4,132,9,229,607,361,616,229,607,361,607,361,616,229,616,sub_line_text,list,list_2,times,regular,7,lis_3cols_20211228_151644_2661677529_600_800.png,/scratch/parceirosbr/bigoilict/share/BigOil/document_generator/datasets/documents_2021_12_28/lis_3cols_20211228_151644_2661677529_600_800.png,lis_3cols_20211228_151644_2661677529_600_800_mask.png,[99] The half-bridge configuration is usually
64,4,128,9,243,621,371,630,243,621,371,621,371,630,243,630,sub_line_text,list,list_2,times,regular,7,lis_3cols_20211228_151644_2661677529_600_800.png,/scratch/parceirosbr/bigoilict/share/BigOil/document_generator/datasets/documents_2021_12_28/lis_3cols_20211228_151644_2661677529_600_800.png,lis_3cols_20211228_151644_2661677529_600_800_mask.png,found in low-cost load cells and less noble
43,4,86,9,243,635,329,644,243,635,329,635,329,644,243,644,sub_line_text,list,list_2,times,regular,7,lis_3cols_20211228_151644_2661677529_600_800.png,/scratch/parceirosbr/bigoilict/share/BigOil/document_generator/datasets/documents_2021_12_28/lis_3cols_20211228_151644_2661677529_600_800.png,lis_3cols_20211228_151644_2661677529_600_800_mask.png,applications (Interface 2009).
72,4,145,9,229,649,374,658,229,649,374,649,374,658,229,658,sub_line_text,list,list_2,times,regular,7,lis_3cols_20211228_151644_2661677529_600_800.png,/scratch/parceirosbr/bigoilict/share/BigOil/document_generator/datasets/documents_2021_12_28/lis_3cols_20211228_151644_2661677529_600_800.png,lis_3cols_20211228_151644_2661677529_600_800_mask.png,[58]  Differentiating    the    concentration    from
29,4,59,9,245,663,304,672,245,663,304,663,304,672,245,672,sub_line_text,list,list_2,times,regular,7,lis_3cols_20211228_151644_2661677529_600_800.png,/scratch/parceirosbr/bigoilict/share/BigOil/document_generator/datasets/documents_2021_12_28/lis_3cols_20211228_151644_2661677529_600_800.png,lis_3cols_20211228_151644_2661677529_600_800_mask.png,"which it is lower, as"
73,32,146,65,399,103,545,168,399,103,545,103,545,168,399,168,list,list,list_3,times,times,7,lis_3cols_20211228_151644_2661677529_600_800.png,/scratch/parceirosbr/bigoilict/share/BigOil/document_generator/datasets/documents_2021_12_28/lis_3cols_20211228_151644_2661677529_600_800.png,lis_3cols_20211228_151644_2661677529_600_800_mask.png,
72,4,144,9,229,677,373,686,229,677,373,677,373,686,229,686,sub_line_text,list,list_2,times,regular,7,lis_3cols_20211228_151644_2661677529_600_800.png,/scratch/parceirosbr/bigoilict/share/BigOil/document_generator/datasets/documents_2021_12_28/lis_3cols_20211228_151644_2661677529_600_800.png,lis_3cols_20211228_151644_2661677529_600_800_mask.png,[150] A 30 ilustra um exemplo de uma superfície
63,4,127,9,399,103,526,112,399,103,526,103,526,112,399,112,sub_line_text,list,list_3,times,regular,7,lis_3cols_20211228_151644_2661677529_600_800.png,/scratch/parceirosbr/bigoilict/share/BigOil/document_generator/datasets/documents_2021_12_28/lis_3cols_20211228_151644_2661677529_600_800.png,lis_3cols_20211228_151644_2661677529_600_800_mask.png,[120]   It depends on the construction of a
56,4,112,9,421,117,533,126,421,117,533,117,533,126,421,126,sub_line_text,list,list_3,times,regular,7,lis_3cols_20211228_151644_2661677529_600_800.png,/scratch/parceirosbr/bigoilict/share/BigOil/document_generator/datasets/documents_2021_12_28/lis_3cols_20211228_151644_2661677529_600_800.png,lis_3cols_20211228_151644_2661677529_600_800_mask.png,"flowchart for the analyzed process, on"
72,4,145,9,399,131,544,140,399,131,544,131,544,140,399,140,sub_line_text,list,list_3,times,regular,7,lis_3cols_20211228_151644_2661677529_600_800.png,/scratch/parceirosbr/bigoilict/share/BigOil/document_generator/datasets/documents_2021_12_28/lis_3cols_20211228_151644_2661677529_600_800.png,lis_3cols_20211228_151644_2661677529_600_800_mask.png,"[73] It  is believed that, when treating vermiculite"
66,4,132,9,413,145,545,154,413,145,545,145,545,154,413,154,sub_line_text,list,list_3,times,regular,7,lis_3cols_20211228_151644_2661677529_600_800.png,/scratch/parceirosbr/bigoilict/share/BigOil/document_generator/datasets/documents_2021_12_28/lis_3cols_20211228_151644_2661677529_600_800.png,lis_3cols_20211228_151644_2661677529_600_800_mask.png,with    emulsifier   solution   and   emulsifier
12,4,25,9,413,159,438,168,413,159,438,159,438,168,413,168,sub_line_text,list,list_3,times,regular,7,lis_3cols_20211228_151644_2661677529_600_800.png,/scratch/parceirosbr/bigoilict/share/BigOil/document_generator/datasets/documents_2021_12_28/lis_3cols_20211228_151644_2661677529_600_800.png,lis_3cols_20211228_151644_2661677529_600_800_mask.png,solution
