center_x,center_y,width,height,xmin,ymin,xmax,ymax,top_left_x,top_left_y,top_right_x,top_right_y,bottom_right_x,bottom_right_y,bottom_left_x,bottom_left_y,label,grouplabel,group,text_font,text_style,size_font,filename,path,filename_mask,content
300,400,600,800,0,0,600,800,0,0,600,0,600,800,0,800,document,,,,,,pai_3cols_20211228_153009_4704176933_600_800.png,/scratch/parceirosbr/bigoilict/share/BigOil/document_generator/datasets/documents_2021_12_28/pai_3cols_20211228_153009_4704176933_600_800.png,pai_3cols_20211228_153009_4704176933_600_800_mask.png,
13,6,27,12,47,65,74,77,47,65,74,65,74,77,47,77,sub_line_text,header,header_1,opensans,regular,9,pai_3cols_20211228_153009_4704176933_600_800.png,/scratch/parceirosbr/bigoilict/share/BigOil/document_generator/datasets/documents_2021_12_28/pai_3cols_20211228_153009_4704176933_600_800.png,pai_3cols_20211228_153009_4704176933_600_800_mask.png,A Ã¡rea
13,6,27,12,47,65,74,77,47,65,74,65,74,77,47,77,text,header,header_1,opensans,regular,9,pai_3cols_20211228_153009_4704176933_600_800.png,/scratch/parceirosbr/bigoilict/share/BigOil/document_generator/datasets/documents_2021_12_28/pai_3cols_20211228_153009_4704176933_600_800.png,pai_3cols_20211228_153009_4704176933_600_800_mask.png,nan
240,1,481,2,47,76,528,78,47,76,528,76,528,78,47,78,line,line,line,,,,pai_3cols_20211228_153009_4704176933_600_800.png,/scratch/parceirosbr/bigoilict/share/BigOil/document_generator/datasets/documents_2021_12_28/pai_3cols_20211228_153009_4704176933_600_800.png,pai_3cols_20211228_153009_4704176933_600_800_mask.png,nan
240,0,481,1,47,702,528,703,47,702,528,702,528,703,47,703,line,line,line,,,,pai_3cols_20211228_153009_4704176933_600_800.png,/scratch/parceirosbr/bigoilict/share/BigOil/document_generator/datasets/documents_2021_12_28/pai_3cols_20211228_153009_4704176933_600_800.png,pai_3cols_20211228_153009_4704176933_600_800_mask.png,nan
5,5,10,11,47,702,57,713,47,702,57,702,57,713,47,713,sub_line_text,numpag,footer_1,opensans,regular,9,pai_3cols_20211228_153009_4704176933_600_800.png,/scratch/parceirosbr/bigoilict/share/BigOil/document_generator/datasets/documents_2021_12_28/pai_3cols_20211228_153009_4704176933_600_800.png,pai_3cols_20211228_153009_4704176933_600_800_mask.png,25
5,5,10,11,47,702,57,713,47,702,57,702,57,713,47,713,text,numpag,footer_1,opensans,regular,9,pai_3cols_20211228_153009_4704176933_600_800.png,/scratch/parceirosbr/bigoilict/share/BigOil/document_generator/datasets/documents_2021_12_28/pai_3cols_20211228_153009_4704176933_600_800.png,pai_3cols_20211228_153009_4704176933_600_800_mask.png,nan
59,99,119,199,55,90,174,289,55,90,174,90,174,289,55,289,image,figure_image,figure_0,,,,pai_3cols_20211228_153009_4704176933_600_800.png,/scratch/parceirosbr/bigoilict/share/BigOil/document_generator/datasets/documents_2021_12_28/pai_3cols_20211228_153009_4704176933_600_800.png,pai_3cols_20211228_153009_4704176933_600_800_mask.png,output/gen_img_20211228_153009_2088553328.png
23,6,47,13,80,149,127,162,80,152,127,149,127,160,81,162,text,figure_text,figure_0,,,,pai_3cols_20211228_153009_4704176933_600_800.png,/scratch/parceirosbr/bigoilict/share/BigOil/document_generator/datasets/documents_2021_12_28/pai_3cols_20211228_153009_4704176933_600_800.png,pai_3cols_20211228_153009_4704176933_600_800_mask.png,-9608.72%
23,6,47,13,80,149,127,162,80,152,127,149,127,160,81,162,sub_line_text,figure_text,figure_0,,,,pai_3cols_20211228_153009_4704176933_600_800.png,/scratch/parceirosbr/bigoilict/share/BigOil/document_generator/datasets/documents_2021_12_28/pai_3cols_20211228_153009_4704176933_600_800.png,pai_3cols_20211228_153009_4704176933_600_800_mask.png,-9608.72%
28,5,57,10,72,223,129,233,72,222,129,223,129,235,71,233,text,figure_text,figure_0,,,,pai_3cols_20211228_153009_4704176933_600_800.png,/scratch/parceirosbr/bigoilict/share/BigOil/document_generator/datasets/documents_2021_12_28/pai_3cols_20211228_153009_4704176933_600_800.png,pai_3cols_20211228_153009_4704176933_600_800_mask.png,Demand (TB)
28,5,57,10,72,223,129,233,72,222,129,223,129,235,71,233,sub_line_text,figure_text,figure_0,,,,pai_3cols_20211228_153009_4704176933_600_800.png,/scratch/parceirosbr/bigoilict/share/BigOil/document_generator/datasets/documents_2021_12_28/pai_3cols_20211228_153009_4704176933_600_800.png,pai_3cols_20211228_153009_4704176933_600_800_mask.png,Demand (TB)
16,6,32,13,135,192,167,205,135,192,167,192,167,205,134,205,text,figure_text,figure_0,,,,pai_3cols_20211228_153009_4704176933_600_800.png,/scratch/parceirosbr/bigoilict/share/BigOil/document_generator/datasets/documents_2021_12_28/pai_3cols_20211228_153009_4704176933_600_800.png,pai_3cols_20211228_153009_4704176933_600_800_mask.png,Voltage
16,6,32,13,135,192,167,205,135,192,167,192,167,205,134,205,sub_line_text,figure_text,figure_0,,,,pai_3cols_20211228_153009_4704176933_600_800.png,/scratch/parceirosbr/bigoilict/share/BigOil/document_generator/datasets/documents_2021_12_28/pai_3cols_20211228_153009_4704176933_600_800.png,pai_3cols_20211228_153009_4704176933_600_800_mask.png,Voltage
17,6,34,13,129,106,163,119,129,109,162,106,163,117,129,119,text,figure_text,figure_0,,,,pai_3cols_20211228_153009_4704176933_600_800.png,/scratch/parceirosbr/bigoilict/share/BigOil/document_generator/datasets/documents_2021_12_28/pai_3cols_20211228_153009_4704176933_600_800.png,pai_3cols_20211228_153009_4704176933_600_800_mask.png,-7233%
17,6,34,13,129,106,163,119,129,109,162,106,163,117,129,119,sub_line_text,figure_text,figure_0,,,,pai_3cols_20211228_153009_4704176933_600_800.png,/scratch/parceirosbr/bigoilict/share/BigOil/document_generator/datasets/documents_2021_12_28/pai_3cols_20211228_153009_4704176933_600_800.png,pai_3cols_20211228_153009_4704176933_600_800_mask.png,-7233%
14,8,29,17,135,255,164,272,135,262,162,255,164,265,137,272,text,figure_text,figure_0,,,,pai_3cols_20211228_153009_4704176933_600_800.png,/scratch/parceirosbr/bigoilict/share/BigOil/document_generator/datasets/documents_2021_12_28/pai_3cols_20211228_153009_4704176933_600_800.png,pai_3cols_20211228_153009_4704176933_600_800_mask.png,-998%
14,8,29,17,135,255,164,272,135,262,162,255,164,265,137,272,sub_line_text,figure_text,figure_0,,,,pai_3cols_20211228_153009_4704176933_600_800.png,/scratch/parceirosbr/bigoilict/share/BigOil/document_generator/datasets/documents_2021_12_28/pai_3cols_20211228_153009_4704176933_600_800.png,pai_3cols_20211228_153009_4704176933_600_800_mask.png,-998%
12,4,24,8,126,180,150,188,126,178,150,180,150,191,124,188,text,figure_text,figure_0,,,,pai_3cols_20211228_153009_4704176933_600_800.png,/scratch/parceirosbr/bigoilict/share/BigOil/document_generator/datasets/documents_2021_12_28/pai_3cols_20211228_153009_4704176933_600_800.png,pai_3cols_20211228_153009_4704176933_600_800_mask.png,-3266
12,4,24,8,126,180,150,188,126,178,150,180,150,191,124,188,sub_line_text,figure_text,figure_0,,,,pai_3cols_20211228_153009_4704176933_600_800.png,/scratch/parceirosbr/bigoilict/share/BigOil/document_generator/datasets/documents_2021_12_28/pai_3cols_20211228_153009_4704176933_600_800.png,pai_3cols_20211228_153009_4704176933_600_800_mask.png,-3266
23,5,47,11,88,207,135,218,88,208,135,207,135,217,88,218,text,figure_text,figure_0,,,,pai_3cols_20211228_153009_4704176933_600_800.png,/scratch/parceirosbr/bigoilict/share/BigOil/document_generator/datasets/documents_2021_12_28/pai_3cols_20211228_153009_4704176933_600_800.png,pai_3cols_20211228_153009_4704176933_600_800_mask.png,-2639.25%
23,5,47,11,88,207,135,218,88,208,135,207,135,217,88,218,sub_line_text,figure_text,figure_0,,,,pai_3cols_20211228_153009_4704176933_600_800.png,/scratch/parceirosbr/bigoilict/share/BigOil/document_generator/datasets/documents_2021_12_28/pai_3cols_20211228_153009_4704176933_600_800.png,pai_3cols_20211228_153009_4704176933_600_800_mask.png,-2639.25%
19,10,39,20,71,124,110,144,71,132,108,124,110,136,74,144,text,figure_text,figure_0,,,,pai_3cols_20211228_153009_4704176933_600_800.png,/scratch/parceirosbr/bigoilict/share/BigOil/document_generator/datasets/documents_2021_12_28/pai_3cols_20211228_153009_4704176933_600_800.png,pai_3cols_20211228_153009_4704176933_600_800_mask.png,Level (kl)
19,10,39,20,71,124,110,144,71,132,108,124,110,136,74,144,sub_line_text,figure_text,figure_0,,,,pai_3cols_20211228_153009_4704176933_600_800.png,/scratch/parceirosbr/bigoilict/share/BigOil/document_generator/datasets/documents_2021_12_28/pai_3cols_20211228_153009_4704176933_600_800.png,pai_3cols_20211228_153009_4704176933_600_800_mask.png,Level (kl)
13,7,26,14,86,109,112,123,86,113,111,109,112,119,87,123,text,figure_text,figure_0,,,,pai_3cols_20211228_153009_4704176933_600_800.png,/scratch/parceirosbr/bigoilict/share/BigOil/document_generator/datasets/documents_2021_12_28/pai_3cols_20211228_153009_4704176933_600_800.png,pai_3cols_20211228_153009_4704176933_600_800_mask.png,-3329
13,7,26,14,86,109,112,123,86,113,111,109,112,119,87,123,sub_line_text,figure_text,figure_0,,,,pai_3cols_20211228_153009_4704176933_600_800.png,/scratch/parceirosbr/bigoilict/share/BigOil/document_generator/datasets/documents_2021_12_28/pai_3cols_20211228_153009_4704176933_600_800.png,pai_3cols_20211228_153009_4704176933_600_800_mask.png,-3329
18,2,37,5,133,150,170,155,133,145,172,150,170,160,131,155,text,figure_text,figure_0,,,,pai_3cols_20211228_153009_4704176933_600_800.png,/scratch/parceirosbr/bigoilict/share/BigOil/document_generator/datasets/documents_2021_12_28/pai_3cols_20211228_153009_4704176933_600_800.png,pai_3cols_20211228_153009_4704176933_600_800_mask.png,-1910.80
18,2,37,5,133,150,170,155,133,145,172,150,170,160,131,155,sub_line_text,figure_text,figure_0,,,,pai_3cols_20211228_153009_4704176933_600_800.png,/scratch/parceirosbr/bigoilict/share/BigOil/document_generator/datasets/documents_2021_12_28/pai_3cols_20211228_153009_4704176933_600_800.png,pai_3cols_20211228_153009_4704176933_600_800_mask.png,-1910.80
22,5,45,10,85,269,130,279,85,269,129,269,130,279,85,279,text,figure_text,figure_0,,,,pai_3cols_20211228_153009_4704176933_600_800.png,/scratch/parceirosbr/bigoilict/share/BigOil/document_generator/datasets/documents_2021_12_28/pai_3cols_20211228_153009_4704176933_600_800.png,pai_3cols_20211228_153009_4704176933_600_800_mask.png,-4385.898
22,5,45,10,85,269,130,279,85,269,129,269,130,279,85,279,sub_line_text,figure_text,figure_0,,,,pai_3cols_20211228_153009_4704176933_600_800.png,/scratch/parceirosbr/bigoilict/share/BigOil/document_generator/datasets/documents_2021_12_28/pai_3cols_20211228_153009_4704176933_600_800.png,pai_3cols_20211228_153009_4704176933_600_800_mask.png,-4385.898
13,7,26,14,66,253,92,267,66,257,91,253,92,263,67,267,text,figure_text,figure_0,,,,pai_3cols_20211228_153009_4704176933_600_800.png,/scratch/parceirosbr/bigoilict/share/BigOil/document_generator/datasets/documents_2021_12_28/pai_3cols_20211228_153009_4704176933_600_800.png,pai_3cols_20211228_153009_4704176933_600_800_mask.png,-9263
13,7,26,14,66,253,92,267,66,257,91,253,92,263,67,267,sub_line_text,figure_text,figure_0,,,,pai_3cols_20211228_153009_4704176933_600_800.png,/scratch/parceirosbr/bigoilict/share/BigOil/document_generator/datasets/documents_2021_12_28/pai_3cols_20211228_153009_4704176933_600_800.png,pai_3cols_20211228_153009_4704176933_600_800_mask.png,-9263
29,2,59,4,58,173,117,177,58,165,119,173,117,185,57,177,text,figure_text,figure_0,,,,pai_3cols_20211228_153009_4704176933_600_800.png,/scratch/parceirosbr/bigoilict/share/BigOil/document_generator/datasets/documents_2021_12_28/pai_3cols_20211228_153009_4704176933_600_800.png,pai_3cols_20211228_153009_4704176933_600_800_mask.png,Demand (MB)
29,2,59,4,58,173,117,177,58,165,119,173,117,185,57,177,sub_line_text,figure_text,figure_0,,,,pai_3cols_20211228_153009_4704176933_600_800.png,/scratch/parceirosbr/bigoilict/share/BigOil/document_generator/datasets/documents_2021_12_28/pai_3cols_20211228_153009_4704176933_600_800.png,pai_3cols_20211228_153009_4704176933_600_800_mask.png,Demand (MB)
14,8,28,16,119,124,147,140,119,130,144,124,147,134,122,140,text,figure_text,figure_0,,,,pai_3cols_20211228_153009_4704176933_600_800.png,/scratch/parceirosbr/bigoilict/share/BigOil/document_generator/datasets/documents_2021_12_28/pai_3cols_20211228_153009_4704176933_600_800.png,pai_3cols_20211228_153009_4704176933_600_800_mask.png,South
14,8,28,16,119,124,147,140,119,130,144,124,147,134,122,140,sub_line_text,figure_text,figure_0,,,,pai_3cols_20211228_153009_4704176933_600_800.png,/scratch/parceirosbr/bigoilict/share/BigOil/document_generator/datasets/documents_2021_12_28/pai_3cols_20211228_153009_4704176933_600_800.png,pai_3cols_20211228_153009_4704176933_600_800_mask.png,South
15,2,31,5,63,195,94,200,63,190,95,195,94,205,61,200,text,figure_text,figure_0,,,,pai_3cols_20211228_153009_4704176933_600_800.png,/scratch/parceirosbr/bigoilict/share/BigOil/document_generator/datasets/documents_2021_12_28/pai_3cols_20211228_153009_4704176933_600_800.png,pai_3cols_20211228_153009_4704176933_600_800_mask.png,-6563.1
15,2,31,5,63,195,94,200,63,190,95,195,94,205,61,200,sub_line_text,figure_text,figure_0,,,,pai_3cols_20211228_153009_4704176933_600_800.png,/scratch/parceirosbr/bigoilict/share/BigOil/document_generator/datasets/documents_2021_12_28/pai_3cols_20211228_153009_4704176933_600_800.png,pai_3cols_20211228_153009_4704176933_600_800_mask.png,-6563.1
3,5,7,11,69,94,76,105,69,95,74,94,76,105,70,105,text,figure_text,figure_0,,,,pai_3cols_20211228_153009_4704176933_600_800.png,/scratch/parceirosbr/bigoilict/share/BigOil/document_generator/datasets/documents_2021_12_28/pai_3cols_20211228_153009_4704176933_600_800.png,pai_3cols_20211228_153009_4704176933_600_800_mask.png,1
3,5,7,11,69,94,76,105,69,95,74,94,76,105,70,105,sub_line_text,figure_text,figure_0,,,,pai_3cols_20211228_153009_4704176933_600_800.png,/scratch/parceirosbr/bigoilict/share/BigOil/document_generator/datasets/documents_2021_12_28/pai_3cols_20211228_153009_4704176933_600_800.png,pai_3cols_20211228_153009_4704176933_600_800_mask.png,1
18,4,37,8,80,96,117,104,80,94,118,96,117,106,79,104,text,figure_text,figure_0,,,,pai_3cols_20211228_153009_4704176933_600_800.png,/scratch/parceirosbr/bigoilict/share/BigOil/document_generator/datasets/documents_2021_12_28/pai_3cols_20211228_153009_4704176933_600_800.png,pai_3cols_20211228_153009_4704176933_600_800_mask.png,Rotation
18,4,37,8,80,96,117,104,80,94,118,96,117,106,79,104,sub_line_text,figure_text,figure_0,,,,pai_3cols_20211228_153009_4704176933_600_800.png,/scratch/parceirosbr/bigoilict/share/BigOil/document_generator/datasets/documents_2021_12_28/pai_3cols_20211228_153009_4704176933_600_800.png,pai_3cols_20211228_153009_4704176933_600_800_mask.png,Rotation
8,3,16,6,75,242,91,248,75,238,93,242,91,252,72,248,text,figure_text,figure_0,,,,pai_3cols_20211228_153009_4704176933_600_800.png,/scratch/parceirosbr/bigoilict/share/BigOil/document_generator/datasets/documents_2021_12_28/pai_3cols_20211228_153009_4704176933_600_800.png,pai_3cols_20211228_153009_4704176933_600_800_mask.png,40%
8,3,16,6,75,242,91,248,75,238,93,242,91,252,72,248,sub_line_text,figure_text,figure_0,,,,pai_3cols_20211228_153009_4704176933_600_800.png,/scratch/parceirosbr/bigoilict/share/BigOil/document_generator/datasets/documents_2021_12_28/pai_3cols_20211228_153009_4704176933_600_800.png,pai_3cols_20211228_153009_4704176933_600_800_mask.png,40%
13,7,27,14,127,162,154,176,127,166,152,162,154,172,129,176,text,figure_text,figure_0,,,,pai_3cols_20211228_153009_4704176933_600_800.png,/scratch/parceirosbr/bigoilict/share/BigOil/document_generator/datasets/documents_2021_12_28/pai_3cols_20211228_153009_4704176933_600_800.png,pai_3cols_20211228_153009_4704176933_600_800_mask.png,-6613
13,7,27,14,127,162,154,176,127,166,152,162,154,172,129,176,sub_line_text,figure_text,figure_0,,,,pai_3cols_20211228_153009_4704176933_600_800.png,/scratch/parceirosbr/bigoilict/share/BigOil/document_generator/datasets/documents_2021_12_28/pai_3cols_20211228_153009_4704176933_600_800.png,pai_3cols_20211228_153009_4704176933_600_800_mask.png,-6613
6,3,13,6,149,212,162,218,149,209,165,212,162,222,146,218,text,figure_text,figure_0,,,,pai_3cols_20211228_153009_4704176933_600_800.png,/scratch/parceirosbr/bigoilict/share/BigOil/document_generator/datasets/documents_2021_12_28/pai_3cols_20211228_153009_4704176933_600_800.png,pai_3cols_20211228_153009_4704176933_600_800_mask.png,845
6,3,13,6,149,212,162,218,149,209,165,212,162,222,146,218,sub_line_text,figure_text,figure_0,,,,pai_3cols_20211228_153009_4704176933_600_800.png,/scratch/parceirosbr/bigoilict/share/BigOil/document_generator/datasets/documents_2021_12_28/pai_3cols_20211228_153009_4704176933_600_800.png,pai_3cols_20211228_153009_4704176933_600_800_mask.png,845
17,9,35,18,137,234,172,252,137,242,169,234,172,245,139,252,text,figure_text,figure_0,,,,pai_3cols_20211228_153009_4704176933_600_800.png,/scratch/parceirosbr/bigoilict/share/BigOil/document_generator/datasets/documents_2021_12_28/pai_3cols_20211228_153009_4704176933_600_800.png,pai_3cols_20211228_153009_4704176933_600_800_mask.png,-3107.2
17,9,35,18,137,234,172,252,137,242,169,234,172,245,139,252,sub_line_text,figure_text,figure_0,,,,pai_3cols_20211228_153009_4704176933_600_800.png,/scratch/parceirosbr/bigoilict/share/BigOil/document_generator/datasets/documents_2021_12_28/pai_3cols_20211228_153009_4704176933_600_800.png,pai_3cols_20211228_153009_4704176933_600_800_mask.png,-3107.2
16,4,33,8,101,251,134,259,101,249,134,251,134,261,101,259,text,figure_text,figure_0,,,,pai_3cols_20211228_153009_4704176933_600_800.png,/scratch/parceirosbr/bigoilict/share/BigOil/document_generator/datasets/documents_2021_12_28/pai_3cols_20211228_153009_4704176933_600_800.png,pai_3cols_20211228_153009_4704176933_600_800_mask.png,-6438.7
16,4,33,8,101,251,134,259,101,249,134,251,134,261,101,259,sub_line_text,figure_text,figure_0,,,,pai_3cols_20211228_153009_4704176933_600_800.png,/scratch/parceirosbr/bigoilict/share/BigOil/document_generator/datasets/documents_2021_12_28/pai_3cols_20211228_153009_4704176933_600_800.png,pai_3cols_20211228_153009_4704176933_600_800_mask.png,-6438.7
12,7,24,14,99,190,123,204,99,194,121,190,123,200,101,204,text,figure_text,figure_0,,,,pai_3cols_20211228_153009_4704176933_600_800.png,/scratch/parceirosbr/bigoilict/share/BigOil/document_generator/datasets/documents_2021_12_28/pai_3cols_20211228_153009_4704176933_600_800.png,pai_3cols_20211228_153009_4704176933_600_800_mask.png,Tests
12,7,24,14,99,190,123,204,99,194,121,190,123,200,101,204,sub_line_text,figure_text,figure_0,,,,pai_3cols_20211228_153009_4704176933_600_800.png,/scratch/parceirosbr/bigoilict/share/BigOil/document_generator/datasets/documents_2021_12_28/pai_3cols_20211228_153009_4704176933_600_800.png,pai_3cols_20211228_153009_4704176933_600_800_mask.png,Tests
4,5,8,11,57,209,65,220,57,210,62,209,65,218,60,220,text,figure_text,figure_0,,,,pai_3cols_20211228_153009_4704176933_600_800.png,/scratch/parceirosbr/bigoilict/share/BigOil/document_generator/datasets/documents_2021_12_28/pai_3cols_20211228_153009_4704176933_600_800.png,pai_3cols_20211228_153009_4704176933_600_800_mask.png,1
4,5,8,11,57,209,65,220,57,210,62,209,65,218,60,220,sub_line_text,figure_text,figure_0,,,,pai_3cols_20211228_153009_4704176933_600_800.png,/scratch/parceirosbr/bigoilict/share/BigOil/document_generator/datasets/documents_2021_12_28/pai_3cols_20211228_153009_4704176933_600_800.png,pai_3cols_20211228_153009_4704176933_600_800_mask.png,1
3,5,7,11,155,176,162,187,155,177,160,176,162,186,156,187,text,figure_text,figure_0,,,,pai_3cols_20211228_153009_4704176933_600_800.png,/scratch/parceirosbr/bigoilict/share/BigOil/document_generator/datasets/documents_2021_12_28/pai_3cols_20211228_153009_4704176933_600_800.png,pai_3cols_20211228_153009_4704176933_600_800_mask.png,1
3,5,7,11,155,176,162,187,155,177,160,176,162,186,156,187,sub_line_text,figure_text,figure_0,,,,pai_3cols_20211228_153009_4704176933_600_800.png,/scratch/parceirosbr/bigoilict/share/BigOil/document_generator/datasets/documents_2021_12_28/pai_3cols_20211228_153009_4704176933_600_800.png,pai_3cols_20211228_153009_4704176933_600_800_mask.png,1
51,5,102,10,61,294,163,304,61,294,163,294,163,304,61,304,sub_line_text,figure_legend,figure_0,opensans,bolditalic,8,pai_3cols_20211228_153009_4704176933_600_800.png,/scratch/parceirosbr/bigoilict/share/BigOil/document_generator/datasets/documents_2021_12_28/pai_3cols_20211228_153009_4704176933_600_800.png,pai_3cols_20211228_153009_4704176933_600_800_mask.png,Fig.    86:        Os   detectores
51,5,102,10,61,310,163,320,61,310,163,310,163,320,61,320,sub_line_text,figure_legend,figure_0,opensans,bolditalic,8,pai_3cols_20211228_153009_4704176933_600_800.png,/scratch/parceirosbr/bigoilict/share/BigOil/document_generator/datasets/documents_2021_12_28/pai_3cols_20211228_153009_4704176933_600_800.png,pai_3cols_20211228_153009_4704176933_600_800_mask.png,medem   o   quanto   o  raio
51,5,102,10,61,326,163,336,61,326,163,326,163,336,61,336,sub_line_text,figure_legend,figure_0,opensans,bolditalic,8,pai_3cols_20211228_153009_4704176933_600_800.png,/scratch/parceirosbr/bigoilict/share/BigOil/document_generator/datasets/documents_2021_12_28/pai_3cols_20211228_153009_4704176933_600_800.png,pai_3cols_20211228_153009_4704176933_600_800_mask.png,gama   reduziu   sua  inten-
41,5,83,10,61,342,144,352,61,342,144,342,144,352,61,352,sub_line_text,figure_legend,figure_0,opensans,bolditalic,8,pai_3cols_20211228_153009_4704176933_600_800.png,/scratch/parceirosbr/bigoilict/share/BigOil/document_generator/datasets/documents_2021_12_28/pai_3cols_20211228_153009_4704176933_600_800.png,pai_3cols_20211228_153009_4704176933_600_800_mask.png,sidade de energia com
51,29,102,58,61,294,163,352,61,294,163,294,163,352,61,352,text,figure_legend,figure_0,opensans,bolditalic,8,pai_3cols_20211228_153009_4704176933_600_800.png,/scratch/parceirosbr/bigoilict/share/BigOil/document_generator/datasets/documents_2021_12_28/pai_3cols_20211228_153009_4704176933_600_800.png,pai_3cols_20211228_153009_4704176933_600_800_mask.png,nan
50,65,101,131,64,368,165,499,64,368,165,368,165,499,64,499,image,figure_image,figure_1,,,,pai_3cols_20211228_153009_4704176933_600_800.png,/scratch/parceirosbr/bigoilict/share/BigOil/document_generator/datasets/documents_2021_12_28/pai_3cols_20211228_153009_4704176933_600_800.png,pai_3cols_20211228_153009_4704176933_600_800_mask.png,output/gen_img_20211228_153012_1747137917.png
7,2,14,4,123,376,137,380,123,376,137,376,137,380,123,380,text,figure_text,figure_1,,,,pai_3cols_20211228_153009_4704176933_600_800.png,/scratch/parceirosbr/bigoilict/share/BigOil/document_generator/datasets/documents_2021_12_28/pai_3cols_20211228_153009_4704176933_600_800.png,pai_3cols_20211228_153009_4704176933_600_800_mask.png,-2862.4
7,2,14,4,123,376,137,380,123,376,137,376,137,380,123,380,sub_line_text,figure_text,figure_1,,,,pai_3cols_20211228_153009_4704176933_600_800.png,/scratch/parceirosbr/bigoilict/share/BigOil/document_generator/datasets/documents_2021_12_28/pai_3cols_20211228_153009_4704176933_600_800.png,pai_3cols_20211228_153009_4704176933_600_800_mask.png,-2862.4
10,3,21,6,121,464,142,470,121,464,142,464,142,470,121,470,text,figure_text,figure_1,,,,pai_3cols_20211228_153009_4704176933_600_800.png,/scratch/parceirosbr/bigoilict/share/BigOil/document_generator/datasets/documents_2021_12_28/pai_3cols_20211228_153009_4704176933_600_800.png,pai_3cols_20211228_153009_4704176933_600_800_mask.png,Quality[GB]
10,3,21,6,121,464,142,470,121,464,142,464,142,470,121,470,sub_line_text,figure_text,figure_1,,,,pai_3cols_20211228_153009_4704176933_600_800.png,/scratch/parceirosbr/bigoilict/share/BigOil/document_generator/datasets/documents_2021_12_28/pai_3cols_20211228_153009_4704176933_600_800.png,pai_3cols_20211228_153009_4704176933_600_800_mask.png,Quality[GB]
6,2,13,4,127,370,140,374,127,370,140,370,140,374,127,374,text,figure_text,figure_1,,,,pai_3cols_20211228_153009_4704176933_600_800.png,/scratch/parceirosbr/bigoilict/share/BigOil/document_generator/datasets/documents_2021_12_28/pai_3cols_20211228_153009_4704176933_600_800.png,pai_3cols_20211228_153009_4704176933_600_800_mask.png,812.34
6,2,13,4,127,370,140,374,127,370,140,370,140,374,127,374,sub_line_text,figure_text,figure_1,,,,pai_3cols_20211228_153009_4704176933_600_800.png,/scratch/parceirosbr/bigoilict/share/BigOil/document_generator/datasets/documents_2021_12_28/pai_3cols_20211228_153009_4704176933_600_800.png,pai_3cols_20211228_153009_4704176933_600_800_mask.png,812.34
9,2,18,5,76,379,94,384,76,379,94,379,94,384,76,384,text,figure_text,figure_1,,,,pai_3cols_20211228_153009_4704176933_600_800.png,/scratch/parceirosbr/bigoilict/share/BigOil/document_generator/datasets/documents_2021_12_28/pai_3cols_20211228_153009_4704176933_600_800.png,pai_3cols_20211228_153009_4704176933_600_800_mask.png,-4010.6%
9,2,18,5,76,379,94,384,76,379,94,379,94,384,76,384,sub_line_text,figure_text,figure_1,,,,pai_3cols_20211228_153009_4704176933_600_800.png,/scratch/parceirosbr/bigoilict/share/BigOil/document_generator/datasets/documents_2021_12_28/pai_3cols_20211228_153009_4704176933_600_800.png,pai_3cols_20211228_153009_4704176933_600_800_mask.png,-4010.6%
7,2,14,5,138,445,152,450,138,445,152,445,152,450,138,450,text,figure_text,figure_1,,,,pai_3cols_20211228_153009_4704176933_600_800.png,/scratch/parceirosbr/bigoilict/share/BigOil/document_generator/datasets/documents_2021_12_28/pai_3cols_20211228_153009_4704176933_600_800.png,pai_3cols_20211228_153009_4704176933_600_800_mask.png,Density
7,2,14,5,138,445,152,450,138,445,152,445,152,450,138,450,sub_line_text,figure_text,figure_1,,,,pai_3cols_20211228_153009_4704176933_600_800.png,/scratch/parceirosbr/bigoilict/share/BigOil/document_generator/datasets/documents_2021_12_28/pai_3cols_20211228_153009_4704176933_600_800.png,pai_3cols_20211228_153009_4704176933_600_800_mask.png,Density
4,2,9,4,65,451,74,455,65,451,74,451,74,455,65,455,text,figure_text,figure_1,,,,pai_3cols_20211228_153009_4704176933_600_800.png,/scratch/parceirosbr/bigoilict/share/BigOil/document_generator/datasets/documents_2021_12_28/pai_3cols_20211228_153009_4704176933_600_800.png,pai_3cols_20211228_153009_4704176933_600_800_mask.png,Start
4,2,9,4,65,451,74,455,65,451,74,451,74,455,65,455,sub_line_text,figure_text,figure_1,,,,pai_3cols_20211228_153009_4704176933_600_800.png,/scratch/parceirosbr/bigoilict/share/BigOil/document_generator/datasets/documents_2021_12_28/pai_3cols_20211228_153009_4704176933_600_800.png,pai_3cols_20211228_153009_4704176933_600_800_mask.png,Start
5,2,11,4,119,477,130,481,119,477,130,477,130,481,119,481,text,figure_text,figure_1,,,,pai_3cols_20211228_153009_4704176933_600_800.png,/scratch/parceirosbr/bigoilict/share/BigOil/document_generator/datasets/documents_2021_12_28/pai_3cols_20211228_153009_4704176933_600_800.png,pai_3cols_20211228_153009_4704176933_600_800_mask.png,North
5,2,11,4,119,477,130,481,119,477,130,477,130,481,119,481,sub_line_text,figure_text,figure_1,,,,pai_3cols_20211228_153009_4704176933_600_800.png,/scratch/parceirosbr/bigoilict/share/BigOil/document_generator/datasets/documents_2021_12_28/pai_3cols_20211228_153009_4704176933_600_800.png,pai_3cols_20211228_153009_4704176933_600_800_mask.png,North
7,2,14,5,111,424,125,429,111,424,125,424,125,429,111,429,text,figure_text,figure_1,,,,pai_3cols_20211228_153009_4704176933_600_800.png,/scratch/parceirosbr/bigoilict/share/BigOil/document_generator/datasets/documents_2021_12_28/pai_3cols_20211228_153009_4704176933_600_800.png,pai_3cols_20211228_153009_4704176933_600_800_mask.png,Density
7,2,14,5,111,424,125,429,111,424,125,424,125,429,111,429,sub_line_text,figure_text,figure_1,,,,pai_3cols_20211228_153009_4704176933_600_800.png,/scratch/parceirosbr/bigoilict/share/BigOil/document_generator/datasets/documents_2021_12_28/pai_3cols_20211228_153009_4704176933_600_800.png,pai_3cols_20211228_153009_4704176933_600_800_mask.png,Density
11,2,23,5,100,385,123,390,100,385,123,385,123,390,100,390,text,figure_text,figure_1,,,,pai_3cols_20211228_153009_4704176933_600_800.png,/scratch/parceirosbr/bigoilict/share/BigOil/document_generator/datasets/documents_2021_12_28/pai_3cols_20211228_153009_4704176933_600_800.png,pai_3cols_20211228_153009_4704176933_600_800_mask.png,Volume [TB]
11,2,23,5,100,385,123,390,100,385,123,385,123,390,100,390,sub_line_text,figure_text,figure_1,,,,pai_3cols_20211228_153009_4704176933_600_800.png,/scratch/parceirosbr/bigoilict/share/BigOil/document_generator/datasets/documents_2021_12_28/pai_3cols_20211228_153009_4704176933_600_800.png,pai_3cols_20211228_153009_4704176933_600_800_mask.png,Volume [TB]
7,2,15,5,104,369,119,374,104,369,119,369,119,374,104,374,text,figure_text,figure_1,,,,pai_3cols_20211228_153009_4704176933_600_800.png,/scratch/parceirosbr/bigoilict/share/BigOil/document_generator/datasets/documents_2021_12_28/pai_3cols_20211228_153009_4704176933_600_800.png,pai_3cols_20211228_153009_4704176933_600_800_mask.png,Average
7,2,15,5,104,369,119,374,104,369,119,369,119,374,104,374,sub_line_text,figure_text,figure_1,,,,pai_3cols_20211228_153009_4704176933_600_800.png,/scratch/parceirosbr/bigoilict/share/BigOil/document_generator/datasets/documents_2021_12_28/pai_3cols_20211228_153009_4704176933_600_800.png,pai_3cols_20211228_153009_4704176933_600_800_mask.png,Average
7,2,14,5,96,466,110,471,96,466,110,466,110,471,96,471,text,figure_text,figure_1,,,,pai_3cols_20211228_153009_4704176933_600_800.png,/scratch/parceirosbr/bigoilict/share/BigOil/document_generator/datasets/documents_2021_12_28/pai_3cols_20211228_153009_4704176933_600_800.png,pai_3cols_20211228_153009_4704176933_600_800_mask.png,Fluency
7,2,14,5,96,466,110,471,96,466,110,466,110,471,96,471,sub_line_text,figure_text,figure_1,,,,pai_3cols_20211228_153009_4704176933_600_800.png,/scratch/parceirosbr/bigoilict/share/BigOil/document_generator/datasets/documents_2021_12_28/pai_3cols_20211228_153009_4704176933_600_800.png,pai_3cols_20211228_153009_4704176933_600_800_mask.png,Fluency
10,2,21,4,140,477,161,481,140,477,161,477,161,481,140,481,text,figure_text,figure_1,,,,pai_3cols_20211228_153009_4704176933_600_800.png,/scratch/parceirosbr/bigoilict/share/BigOil/document_generator/datasets/documents_2021_12_28/pai_3cols_20211228_153009_4704176933_600_800.png,pai_3cols_20211228_153009_4704176933_600_800_mask.png,Production
10,2,21,4,140,477,161,481,140,477,161,477,161,481,140,481,sub_line_text,figure_text,figure_1,,,,pai_3cols_20211228_153009_4704176933_600_800.png,/scratch/parceirosbr/bigoilict/share/BigOil/document_generator/datasets/documents_2021_12_28/pai_3cols_20211228_153009_4704176933_600_800.png,pai_3cols_20211228_153009_4704176933_600_800_mask.png,Production
10,3,20,6,132,387,152,393,132,387,152,387,152,393,132,393,text,figure_text,figure_1,,,,pai_3cols_20211228_153009_4704176933_600_800.png,/scratch/parceirosbr/bigoilict/share/BigOil/document_generator/datasets/documents_2021_12_28/pai_3cols_20211228_153009_4704176933_600_800.png,pai_3cols_20211228_153009_4704176933_600_800_mask.png,Probability
10,3,20,6,132,387,152,393,132,387,152,387,152,393,132,393,sub_line_text,figure_text,figure_1,,,,pai_3cols_20211228_153009_4704176933_600_800.png,/scratch/parceirosbr/bigoilict/share/BigOil/document_generator/datasets/documents_2021_12_28/pai_3cols_20211228_153009_4704176933_600_800.png,pai_3cols_20211228_153009_4704176933_600_800_mask.png,Probability
8,2,16,4,107,441,123,445,107,441,123,441,123,445,107,445,text,figure_text,figure_1,,,,pai_3cols_20211228_153009_4704176933_600_800.png,/scratch/parceirosbr/bigoilict/share/BigOil/document_generator/datasets/documents_2021_12_28/pai_3cols_20211228_153009_4704176933_600_800.png,pai_3cols_20211228_153009_4704176933_600_800_mask.png,Statistics
8,2,16,4,107,441,123,445,107,441,123,441,123,445,107,445,sub_line_text,figure_text,figure_1,,,,pai_3cols_20211228_153009_4704176933_600_800.png,/scratch/parceirosbr/bigoilict/share/BigOil/document_generator/datasets/documents_2021_12_28/pai_3cols_20211228_153009_4704176933_600_800.png,pai_3cols_20211228_153009_4704176933_600_800_mask.png,Statistics
10,2,20,5,138,407,158,412,138,407,158,407,158,412,138,412,text,figure_text,figure_1,,,,pai_3cols_20211228_153009_4704176933_600_800.png,/scratch/parceirosbr/bigoilict/share/BigOil/document_generator/datasets/documents_2021_12_28/pai_3cols_20211228_153009_4704176933_600_800.png,pai_3cols_20211228_153009_4704176933_600_800_mask.png,Proportion
10,2,20,5,138,407,158,412,138,407,158,407,158,412,138,412,sub_line_text,figure_text,figure_1,,,,pai_3cols_20211228_153009_4704176933_600_800.png,/scratch/parceirosbr/bigoilict/share/BigOil/document_generator/datasets/documents_2021_12_28/pai_3cols_20211228_153009_4704176933_600_800.png,pai_3cols_20211228_153009_4704176933_600_800_mask.png,Proportion
9,2,18,5,140,432,158,437,140,432,158,432,158,437,140,437,text,figure_text,figure_1,,,,pai_3cols_20211228_153009_4704176933_600_800.png,/scratch/parceirosbr/bigoilict/share/BigOil/document_generator/datasets/documents_2021_12_28/pai_3cols_20211228_153009_4704176933_600_800.png,pai_3cols_20211228_153009_4704176933_600_800_mask.png,Data [MB]
9,2,18,5,140,432,158,437,140,432,158,432,158,437,140,437,sub_line_text,figure_text,figure_1,,,,pai_3cols_20211228_153009_4704176933_600_800.png,/scratch/parceirosbr/bigoilict/share/BigOil/document_generator/datasets/documents_2021_12_28/pai_3cols_20211228_153009_4704176933_600_800.png,pai_3cols_20211228_153009_4704176933_600_800_mask.png,Data [MB]
3,3,7,6,149,455,156,461,149,455,156,455,156,461,149,461,text,figure_text,figure_1,,,,pai_3cols_20211228_153009_4704176933_600_800.png,/scratch/parceirosbr/bigoilict/share/BigOil/document_generator/datasets/documents_2021_12_28/pai_3cols_20211228_153009_4704176933_600_800.png,pai_3cols_20211228_153009_4704176933_600_800_mask.png,Age
3,3,7,6,149,455,156,461,149,455,156,455,156,461,149,461,sub_line_text,figure_text,figure_1,,,,pai_3cols_20211228_153009_4704176933_600_800.png,/scratch/parceirosbr/bigoilict/share/BigOil/document_generator/datasets/documents_2021_12_28/pai_3cols_20211228_153009_4704176933_600_800.png,pai_3cols_20211228_153009_4704176933_600_800_mask.png,Age
10,2,20,5,73,398,93,403,73,398,93,398,93,403,73,403,text,figure_text,figure_1,,,,pai_3cols_20211228_153009_4704176933_600_800.png,/scratch/parceirosbr/bigoilict/share/BigOil/document_generator/datasets/documents_2021_12_28/pai_3cols_20211228_153009_4704176933_600_800.png,pai_3cols_20211228_153009_4704176933_600_800_mask.png,Movement
10,2,20,5,73,398,93,403,73,398,93,398,93,403,73,403,sub_line_text,figure_text,figure_1,,,,pai_3cols_20211228_153009_4704176933_600_800.png,/scratch/parceirosbr/bigoilict/share/BigOil/document_generator/datasets/documents_2021_12_28/pai_3cols_20211228_153009_4704176933_600_800.png,pai_3cols_20211228_153009_4704176933_600_800_mask.png,Movement
10,2,20,5,71,427,91,432,71,427,91,427,91,432,71,432,text,figure_text,figure_1,,,,pai_3cols_20211228_153009_4704176933_600_800.png,/scratch/parceirosbr/bigoilict/share/BigOil/document_generator/datasets/documents_2021_12_28/pai_3cols_20211228_153009_4704176933_600_800.png,pai_3cols_20211228_153009_4704176933_600_800_mask.png,Female (M)
10,2,20,5,71,427,91,432,71,427,91,427,91,432,71,432,sub_line_text,figure_text,figure_1,,,,pai_3cols_20211228_153009_4704176933_600_800.png,/scratch/parceirosbr/bigoilict/share/BigOil/document_generator/datasets/documents_2021_12_28/pai_3cols_20211228_153009_4704176933_600_800.png,pai_3cols_20211228_153009_4704176933_600_800_mask.png,Female (M)
5,2,10,4,98,436,108,440,98,436,108,436,108,440,98,440,text,figure_text,figure_1,,,,pai_3cols_20211228_153009_4704176933_600_800.png,/scratch/parceirosbr/bigoilict/share/BigOil/document_generator/datasets/documents_2021_12_28/pai_3cols_20211228_153009_4704176933_600_800.png,pai_3cols_20211228_153009_4704176933_600_800_mask.png,Profit
5,2,10,4,98,436,108,440,98,436,108,436,108,440,98,440,sub_line_text,figure_text,figure_1,,,,pai_3cols_20211228_153009_4704176933_600_800.png,/scratch/parceirosbr/bigoilict/share/BigOil/document_generator/datasets/documents_2021_12_28/pai_3cols_20211228_153009_4704176933_600_800.png,pai_3cols_20211228_153009_4704176933_600_800_mask.png,Profit
13,2,26,5,93,405,119,410,93,405,119,405,119,410,93,410,text,figure_text,figure_1,,,,pai_3cols_20211228_153009_4704176933_600_800.png,/scratch/parceirosbr/bigoilict/share/BigOil/document_generator/datasets/documents_2021_12_28/pai_3cols_20211228_153009_4704176933_600_800.png,pai_3cols_20211228_153009_4704176933_600_800_mask.png,Demand [MB]
13,2,26,5,93,405,119,410,93,405,119,405,119,410,93,410,sub_line_text,figure_text,figure_1,,,,pai_3cols_20211228_153009_4704176933_600_800.png,/scratch/parceirosbr/bigoilict/share/BigOil/document_generator/datasets/documents_2021_12_28/pai_3cols_20211228_153009_4704176933_600_800.png,pai_3cols_20211228_153009_4704176933_600_800_mask.png,Demand [MB]
16,2,33,5,129,395,162,400,129,395,162,395,162,400,129,400,text,figure_text,figure_1,,,,pai_3cols_20211228_153009_4704176933_600_800.png,/scratch/parceirosbr/bigoilict/share/BigOil/document_generator/datasets/documents_2021_12_28/pai_3cols_20211228_153009_4704176933_600_800.png,pai_3cols_20211228_153009_4704176933_600_800_mask.png,Temperature (ÂºC)
16,2,33,5,129,395,162,400,129,395,162,395,162,400,129,400,sub_line_text,figure_text,figure_1,,,,pai_3cols_20211228_153009_4704176933_600_800.png,/scratch/parceirosbr/bigoilict/share/BigOil/document_generator/datasets/documents_2021_12_28/pai_3cols_20211228_153009_4704176933_600_800.png,pai_3cols_20211228_153009_4704176933_600_800_mask.png,Temperature (ÂºC)
9,2,19,5,132,426,151,431,132,426,151,426,151,431,132,431,text,figure_text,figure_1,,,,pai_3cols_20211228_153009_4704176933_600_800.png,/scratch/parceirosbr/bigoilict/share/BigOil/document_generator/datasets/documents_2021_12_28/pai_3cols_20211228_153009_4704176933_600_800.png,pai_3cols_20211228_153009_4704176933_600_800_mask.png,Level (kw)
9,2,19,5,132,426,151,431,132,426,151,426,151,431,132,431,sub_line_text,figure_text,figure_1,,,,pai_3cols_20211228_153009_4704176933_600_800.png,/scratch/parceirosbr/bigoilict/share/BigOil/document_generator/datasets/documents_2021_12_28/pai_3cols_20211228_153009_4704176933_600_800.png,pai_3cols_20211228_153009_4704176933_600_800_mask.png,Level (kw)
58,5,116,10,61,504,177,514,61,504,177,504,177,514,61,514,sub_line_text,figure_legend,figure_1,opensans,bolditalic,8,pai_3cols_20211228_153009_4704176933_600_800.png,/scratch/parceirosbr/bigoilict/share/BigOil/document_generator/datasets/documents_2021_12_28/pai_3cols_20211228_153009_4704176933_600_800.png,pai_3cols_20211228_153009_4704176933_600_800_mask.png,Figura    22:      Entre   as   princ-
57,5,115,10,61,520,176,530,61,520,176,520,176,530,61,530,sub_line_text,figure_legend,figure_1,opensans,bolditalic,8,pai_3cols_20211228_153009_4704176933_600_800.png,/scratch/parceirosbr/bigoilict/share/BigOil/document_generator/datasets/documents_2021_12_28/pai_3cols_20211228_153009_4704176933_600_800.png,pai_3cols_20211228_153009_4704176933_600_800_mask.png,ipais    vantagens    do   biodie-
48,5,97,10,61,536,158,546,61,536,158,536,158,546,61,546,sub_line_text,figure_legend,figure_1,opensans,bolditalic,8,pai_3cols_20211228_153009_4704176933_600_800.png,/scratch/parceirosbr/bigoilict/share/BigOil/document_generator/datasets/documents_2021_12_28/pai_3cols_20211228_153009_4704176933_600_800.png,pai_3cols_20211228_153009_4704176933_600_800_mask.png,sel estÃ¡ o fato de poluir m
58,21,116,42,61,504,177,546,61,504,177,504,177,546,61,546,text,figure_legend,figure_1,opensans,bolditalic,8,pai_3cols_20211228_153009_4704176933_600_800.png,/scratch/parceirosbr/bigoilict/share/BigOil/document_generator/datasets/documents_2021_12_28/pai_3cols_20211228_153009_4704176933_600_800.png,pai_3cols_20211228_153009_4704176933_600_800_mask.png,nan
58,6,117,12,61,555,178,567,61,555,178,555,178,567,61,567,sub_line_text,text,text_0,opensans,regular,9,pai_3cols_20211228_153009_4704176933_600_800.png,/scratch/parceirosbr/bigoilict/share/BigOil/document_generator/datasets/documents_2021_12_28/pai_3cols_20211228_153009_4704176933_600_800.png,pai_3cols_20211228_153009_4704176933_600_800_mask.png,Margem    de   rotaÃ§Ã£o:   essa
66,6,132,12,47,574,179,586,47,574,179,574,179,586,47,586,sub_line_text,text,text_0,opensans,regular,9,pai_3cols_20211228_153009_4704176933_600_800.png,/scratch/parceirosbr/bigoilict/share/BigOil/document_generator/datasets/documents_2021_12_28/pai_3cols_20211228_153009_4704176933_600_800.png,pai_3cols_20211228_153009_4704176933_600_800_mask.png,margem  visa  prever  os  efeitos
65,6,131,12,47,593,178,605,47,593,178,593,178,605,47,605,sub_line_text,text,text_0,opensans,regular,9,pai_3cols_20211228_153009_4704176933_600_800.png,/scratch/parceirosbr/bigoilict/share/BigOil/document_generator/datasets/documents_2021_12_28/pai_3cols_20211228_153009_4704176933_600_800.png,pai_3cols_20211228_153009_4704176933_600_800_mask.png,"do   tempo   sobre  o  propulsor,"
64,6,128,12,47,612,175,624,47,612,175,612,175,624,47,624,sub_line_text,text,text_0,opensans,regular,9,pai_3cols_20211228_153009_4704176933_600_800.png,/scratch/parceirosbr/bigoilict/share/BigOil/document_generator/datasets/documents_2021_12_28/pai_3cols_20211228_153009_4704176933_600_800.png,pai_3cols_20211228_153009_4704176933_600_800_mask.png,que irÃ¡ operar a rotaÃ§Ãµes mais.
66,34,132,69,47,555,179,624,47,555,179,555,179,624,47,624,text,text,text_0,opensans,regular,9,pai_3cols_20211228_153009_4704176933_600_800.png,/scratch/parceirosbr/bigoilict/share/BigOil/document_generator/datasets/documents_2021_12_28/pai_3cols_20211228_153009_4704176933_600_800.png,pai_3cols_20211228_153009_4704176933_600_800_mask.png,nan
58,6,117,12,61,633,178,645,61,633,178,633,178,645,61,645,sub_line_text,text,text_1,opensans,regular,9,pai_3cols_20211228_153009_4704176933_600_800.png,/scratch/parceirosbr/bigoilict/share/BigOil/document_generator/datasets/documents_2021_12_28/pai_3cols_20211228_153009_4704176933_600_800.png,pai_3cols_20211228_153009_4704176933_600_800_mask.png,A  anÃ¡lise 1414abordou tan-
61,6,123,12,47,652,170,664,47,652,170,652,170,664,47,664,sub_line_text,text,text_1,opensans,regular,9,pai_3cols_20211228_153009_4704176933_600_800.png,/scratch/parceirosbr/bigoilict/share/BigOil/document_generator/datasets/documents_2021_12_28/pai_3cols_20211228_153009_4704176933_600_800.png,pai_3cols_20211228_153009_4704176933_600_800_mask.png,to a reconfiguraÃ§Ã£o do merca.
65,15,131,31,47,633,178,664,47,633,178,633,178,664,47,664,text,text,text_1,opensans,regular,9,pai_3cols_20211228_153009_4704176933_600_800.png,/scratch/parceirosbr/bigoilict/share/BigOil/document_generator/datasets/documents_2021_12_28/pai_3cols_20211228_153009_4704176933_600_800.png,pai_3cols_20211228_153009_4704176933_600_800_mask.png,nan
59,6,118,12,61,673,179,685,61,673,179,673,179,685,61,685,sub_line_text,text,text_2,opensans,regular,9,pai_3cols_20211228_153009_4704176933_600_800.png,/scratch/parceirosbr/bigoilict/share/BigOil/document_generator/datasets/documents_2021_12_28/pai_3cols_20211228_153009_4704176933_600_800.png,pai_3cols_20211228_153009_4704176933_600_800_mask.png,"No entanto, como verificado."
59,6,118,12,61,673,179,685,61,673,179,673,179,685,61,685,text,text,text_2,opensans,regular,9,pai_3cols_20211228_153009_4704176933_600_800.png,/scratch/parceirosbr/bigoilict/share/BigOil/document_generator/datasets/documents_2021_12_28/pai_3cols_20211228_153009_4704176933_600_800.png,pai_3cols_20211228_153009_4704176933_600_800_mask.png,nan
36,11,72,23,219,90,291,113,219,90,291,90,291,113,219,113,sub_line_text,title,title_0,opensans,bolditalic,17,pai_3cols_20211228_153009_4704176933_600_800.png,/scratch/parceirosbr/bigoilict/share/BigOil/document_generator/datasets/documents_2021_12_28/pai_3cols_20211228_153009_4704176933_600_800.png,pai_3cols_20211228_153009_4704176933_600_800_mask.png,Utilizado
66,11,132,23,219,126,351,149,219,126,351,126,351,149,219,149,sub_line_text,title,title_0,opensans,bolditalic,17,pai_3cols_20211228_153009_4704176933_600_800.png,/scratch/parceirosbr/bigoilict/share/BigOil/document_generator/datasets/documents_2021_12_28/pai_3cols_20211228_153009_4704176933_600_800.png,pai_3cols_20211228_153009_4704176933_600_800_mask.png,hidrogÃªnio como
66,29,132,59,219,90,351,149,219,90,351,90,351,149,219,149,title,title,title_0,opensans,bolditalic,17,pai_3cols_20211228_153009_4704176933_600_800.png,/scratch/parceirosbr/bigoilict/share/BigOil/document_generator/datasets/documents_2021_12_28/pai_3cols_20211228_153009_4704176933_600_800.png,pai_3cols_20211228_153009_4704176933_600_800_mask.png,nan
59,6,118,12,233,161,351,173,233,161,351,161,351,173,233,173,sub_line_text,text,text_3,opensans,regular,9,pai_3cols_20211228_153009_4704176933_600_800.png,/scratch/parceirosbr/bigoilict/share/BigOil/document_generator/datasets/documents_2021_12_28/pai_3cols_20211228_153009_4704176933_600_800.png,pai_3cols_20211228_153009_4704176933_600_800_mask.png,A  lama  para  perfuraÃ§Ã£o de
66,6,132,12,219,180,351,192,219,180,351,180,351,192,219,192,sub_line_text,text,text_3,opensans,regular,9,pai_3cols_20211228_153009_4704176933_600_800.png,/scratch/parceirosbr/bigoilict/share/BigOil/document_generator/datasets/documents_2021_12_28/pai_3cols_20211228_153009_4704176933_600_800.png,pai_3cols_20211228_153009_4704176933_600_800_mask.png,poÃ§os  de petrÃ³leo foi usada pe-
65,6,131,12,219,199,350,211,219,199,350,199,350,211,219,211,sub_line_text,text,text_3,opensans,regular,9,pai_3cols_20211228_153009_4704176933_600_800.png,/scratch/parceirosbr/bigoilict/share/BigOil/document_generator/datasets/documents_2021_12_28/pai_3cols_20211228_153009_4704176933_600_800.png,pai_3cols_20211228_153009_4704176933_600_800_mask.png,la  primeira  vez nos. A metodol-
65,6,131,12,219,218,350,230,219,218,350,218,350,230,219,230,sub_line_text,text,text_3,opensans,regular,9,pai_3cols_20211228_153009_4704176933_600_800.png,/scratch/parceirosbr/bigoilict/share/BigOil/document_generator/datasets/documents_2021_12_28/pai_3cols_20211228_153009_4704176933_600_800.png,pai_3cols_20211228_153009_4704176933_600_800_mask.png,ogia  proposta  permitiu selecio-
66,6,132,12,219,237,351,249,219,237,351,237,351,249,219,249,sub_line_text,text,text_3,opensans,regular,9,pai_3cols_20211228_153009_4704176933_600_800.png,/scratch/parceirosbr/bigoilict/share/BigOil/document_generator/datasets/documents_2021_12_28/pai_3cols_20211228_153009_4704176933_600_800.png,pai_3cols_20211228_153009_4704176933_600_800_mask.png,"nar   o   produto   intermediÃ¡rio,"
65,6,131,12,219,256,350,268,219,256,350,256,350,268,219,268,sub_line_text,text,text_3,opensans,regular,9,pai_3cols_20211228_153009_4704176933_600_800.png,/scratch/parceirosbr/bigoilict/share/BigOil/document_generator/datasets/documents_2021_12_28/pai_3cols_20211228_153009_4704176933_600_800.png,pai_3cols_20211228_153009_4704176933_600_800_mask.png,no   banco  de  imagens  gerado
61,6,123,12,219,275,342,287,219,275,342,275,342,287,219,287,sub_line_text,text,text_3,opensans,regular,9,pai_3cols_20211228_153009_4704176933_600_800.png,/scratch/parceirosbr/bigoilict/share/BigOil/document_generator/datasets/documents_2021_12_28/pai_3cols_20211228_153009_4704176933_600_800.png,pai_3cols_20211228_153009_4704176933_600_800_mask.png,"com o morphing, correspond."
66,63,132,126,219,161,351,287,219,161,351,161,351,287,219,287,text,text,text_3,opensans,regular,9,pai_3cols_20211228_153009_4704176933_600_800.png,/scratch/parceirosbr/bigoilict/share/BigOil/document_generator/datasets/documents_2021_12_28/pai_3cols_20211228_153009_4704176933_600_800.png,pai_3cols_20211228_153009_4704176933_600_800_mask.png,nan
67,78,135,157,219,296,354,453,219,296,354,296,354,453,219,453,image,figure_image,figure_2,,,,pai_3cols_20211228_153009_4704176933_600_800.png,/scratch/parceirosbr/bigoilict/share/BigOil/document_generator/datasets/documents_2021_12_28/pai_3cols_20211228_153009_4704176933_600_800.png,pai_3cols_20211228_153009_4704176933_600_800_mask.png,output/gen_img_20211228_153013_7078612078.png
7,2,14,5,322,443,336,448,322,443,336,443,336,448,322,448,text,figure_text,figure_2,,,,pai_3cols_20211228_153009_4704176933_600_800.png,/scratch/parceirosbr/bigoilict/share/BigOil/document_generator/datasets/documents_2021_12_28/pai_3cols_20211228_153009_4704176933_600_800.png,pai_3cols_20211228_153009_4704176933_600_800_mask.png,-4885
7,2,14,5,322,443,336,448,322,443,336,443,336,448,322,448,sub_line_text,figure_text,figure_2,,,,pai_3cols_20211228_153009_4704176933_600_800.png,/scratch/parceirosbr/bigoilict/share/BigOil/document_generator/datasets/documents_2021_12_28/pai_3cols_20211228_153009_4704176933_600_800.png,pai_3cols_20211228_153009_4704176933_600_800_mask.png,-4885
13,3,27,6,279,392,306,398,279,393,306,392,306,398,279,398,text,figure_text,figure_2,,,,pai_3cols_20211228_153009_4704176933_600_800.png,/scratch/parceirosbr/bigoilict/share/BigOil/document_generator/datasets/documents_2021_12_28/pai_3cols_20211228_153009_4704176933_600_800.png,pai_3cols_20211228_153009_4704176933_600_800_mask.png,-9667.74%
13,3,27,6,279,392,306,398,279,393,306,392,306,398,279,398,sub_line_text,figure_text,figure_2,,,,pai_3cols_20211228_153009_4704176933_600_800.png,/scratch/parceirosbr/bigoilict/share/BigOil/document_generator/datasets/documents_2021_12_28/pai_3cols_20211228_153009_4704176933_600_800.png,pai_3cols_20211228_153009_4704176933_600_800_mask.png,-9667.74%
16,3,33,6,253,332,286,338,253,332,286,332,286,338,253,338,text,figure_text,figure_2,,,,pai_3cols_20211228_153009_4704176933_600_800.png,/scratch/parceirosbr/bigoilict/share/BigOil/document_generator/datasets/documents_2021_12_28/pai_3cols_20211228_153009_4704176933_600_800.png,pai_3cols_20211228_153009_4704176933_600_800_mask.png,Experimental
16,3,33,6,253,332,286,338,253,332,286,332,286,338,253,338,sub_line_text,figure_text,figure_2,,,,pai_3cols_20211228_153009_4704176933_600_800.png,/scratch/parceirosbr/bigoilict/share/BigOil/document_generator/datasets/documents_2021_12_28/pai_3cols_20211228_153009_4704176933_600_800.png,pai_3cols_20211228_153009_4704176933_600_800_mask.png,Experimental
10,3,21,7,319,316,340,323,319,317,340,316,340,322,319,323,text,figure_text,figure_2,,,,pai_3cols_20211228_153009_4704176933_600_800.png,/scratch/parceirosbr/bigoilict/share/BigOil/document_generator/datasets/documents_2021_12_28/pai_3cols_20211228_153009_4704176933_600_800.png,pai_3cols_20211228_153009_4704176933_600_800_mask.png,143.859
10,3,21,7,319,316,340,323,319,317,340,316,340,322,319,323,sub_line_text,figure_text,figure_2,,,,pai_3cols_20211228_153009_4704176933_600_800.png,/scratch/parceirosbr/bigoilict/share/BigOil/document_generator/datasets/documents_2021_12_28/pai_3cols_20211228_153009_4704176933_600_800.png,pai_3cols_20211228_153009_4704176933_600_800_mask.png,143.859
10,2,20,5,301,367,321,372,301,367,321,367,321,372,301,372,text,figure_text,figure_2,,,,pai_3cols_20211228_153009_4704176933_600_800.png,/scratch/parceirosbr/bigoilict/share/BigOil/document_generator/datasets/documents_2021_12_28/pai_3cols_20211228_153009_4704176933_600_800.png,pai_3cols_20211228_153009_4704176933_600_800_mask.png,249.515
10,2,20,5,301,367,321,372,301,367,321,367,321,372,301,372,sub_line_text,figure_text,figure_2,,,,pai_3cols_20211228_153009_4704176933_600_800.png,/scratch/parceirosbr/bigoilict/share/BigOil/document_generator/datasets/documents_2021_12_28/pai_3cols_20211228_153009_4704176933_600_800.png,pai_3cols_20211228_153009_4704176933_600_800_mask.png,249.515
13,2,27,5,282,377,309,382,282,377,309,377,309,382,282,382,text,figure_text,figure_2,,,,pai_3cols_20211228_153009_4704176933_600_800.png,/scratch/parceirosbr/bigoilict/share/BigOil/document_generator/datasets/documents_2021_12_28/pai_3cols_20211228_153009_4704176933_600_800.png,pai_3cols_20211228_153009_4704176933_600_800_mask.png,Movement
13,2,27,5,282,377,309,382,282,377,309,377,309,382,282,382,sub_line_text,figure_text,figure_2,,,,pai_3cols_20211228_153009_4704176933_600_800.png,/scratch/parceirosbr/bigoilict/share/BigOil/document_generator/datasets/documents_2021_12_28/pai_3cols_20211228_153009_4704176933_600_800.png,pai_3cols_20211228_153009_4704176933_600_800_mask.png,Movement
7,3,15,6,277,297,292,303,277,297,291,297,292,302,277,303,text,figure_text,figure_2,,,,pai_3cols_20211228_153009_4704176933_600_800.png,/scratch/parceirosbr/bigoilict/share/BigOil/document_generator/datasets/documents_2021_12_28/pai_3cols_20211228_153009_4704176933_600_800.png,pai_3cols_20211228_153009_4704176933_600_800_mask.png,983.1
7,3,15,6,277,297,292,303,277,297,291,297,292,302,277,303,sub_line_text,figure_text,figure_2,,,,pai_3cols_20211228_153009_4704176933_600_800.png,/scratch/parceirosbr/bigoilict/share/BigOil/document_generator/datasets/documents_2021_12_28/pai_3cols_20211228_153009_4704176933_600_800.png,pai_3cols_20211228_153009_4704176933_600_800_mask.png,983.1
12,3,25,6,233,387,258,393,233,387,258,387,258,392,234,393,text,figure_text,figure_2,,,,pai_3cols_20211228_153009_4704176933_600_800.png,/scratch/parceirosbr/bigoilict/share/BigOil/document_generator/datasets/documents_2021_12_28/pai_3cols_20211228_153009_4704176933_600_800.png,pai_3cols_20211228_153009_4704176933_600_800_mask.png,-7918.0%
12,3,25,6,233,387,258,393,233,387,258,387,258,392,234,393,sub_line_text,figure_text,figure_2,,,,pai_3cols_20211228_153009_4704176933_600_800.png,/scratch/parceirosbr/bigoilict/share/BigOil/document_generator/datasets/documents_2021_12_28/pai_3cols_20211228_153009_4704176933_600_800.png,pai_3cols_20211228_153009_4704176933_600_800_mask.png,-7918.0%
7,2,14,5,277,341,291,346,277,341,291,341,291,347,276,346,text,figure_text,figure_2,,,,pai_3cols_20211228_153009_4704176933_600_800.png,/scratch/parceirosbr/bigoilict/share/BigOil/document_generator/datasets/documents_2021_12_28/pai_3cols_20211228_153009_4704176933_600_800.png,pai_3cols_20211228_153009_4704176933_600_800_mask.png,-6394
7,2,14,5,277,341,291,346,277,341,291,341,291,347,276,346,sub_line_text,figure_text,figure_2,,,,pai_3cols_20211228_153009_4704176933_600_800.png,/scratch/parceirosbr/bigoilict/share/BigOil/document_generator/datasets/documents_2021_12_28/pai_3cols_20211228_153009_4704176933_600_800.png,pai_3cols_20211228_153009_4704176933_600_800_mask.png,-6394
12,2,25,5,229,342,254,347,229,342,254,342,254,347,229,347,text,figure_text,figure_2,,,,pai_3cols_20211228_153009_4704176933_600_800.png,/scratch/parceirosbr/bigoilict/share/BigOil/document_generator/datasets/documents_2021_12_28/pai_3cols_20211228_153009_4704176933_600_800.png,pai_3cols_20211228_153009_4704176933_600_800_mask.png,-6120.5%
12,2,25,5,229,342,254,347,229,342,254,342,254,347,229,347,sub_line_text,figure_text,figure_2,,,,pai_3cols_20211228_153009_4704176933_600_800.png,/scratch/parceirosbr/bigoilict/share/BigOil/document_generator/datasets/documents_2021_12_28/pai_3cols_20211228_153009_4704176933_600_800.png,pai_3cols_20211228_153009_4704176933_600_800_mask.png,-6120.5%
14,2,28,5,243,318,271,323,243,318,271,318,271,323,243,323,text,figure_text,figure_2,,,,pai_3cols_20211228_153009_4704176933_600_800.png,/scratch/parceirosbr/bigoilict/share/BigOil/document_generator/datasets/documents_2021_12_28/pai_3cols_20211228_153009_4704176933_600_800.png,pai_3cols_20211228_153009_4704176933_600_800_mask.png,-5096.73%
14,2,28,5,243,318,271,323,243,318,271,318,271,323,243,323,sub_line_text,figure_text,figure_2,,,,pai_3cols_20211228_153009_4704176933_600_800.png,/scratch/parceirosbr/bigoilict/share/BigOil/document_generator/datasets/documents_2021_12_28/pai_3cols_20211228_153009_4704176933_600_800.png,pai_3cols_20211228_153009_4704176933_600_800_mask.png,-5096.73%
12,3,24,7,294,417,318,424,294,417,318,417,318,423,294,424,text,figure_text,figure_2,,,,pai_3cols_20211228_153009_4704176933_600_800.png,/scratch/parceirosbr/bigoilict/share/BigOil/document_generator/datasets/documents_2021_12_28/pai_3cols_20211228_153009_4704176933_600_800.png,pai_3cols_20211228_153009_4704176933_600_800_mask.png,Speed ââ[v]
12,3,24,7,294,417,318,424,294,417,318,417,318,423,294,424,sub_line_text,figure_text,figure_2,,,,pai_3cols_20211228_153009_4704176933_600_800.png,/scratch/parceirosbr/bigoilict/share/BigOil/document_generator/datasets/documents_2021_12_28/pai_3cols_20211228_153009_4704176933_600_800.png,pai_3cols_20211228_153009_4704176933_600_800_mask.png,Speed ââ[v]
17,4,35,8,273,317,308,325,273,318,308,317,308,324,274,325,text,figure_text,figure_2,,,,pai_3cols_20211228_153009_4704176933_600_800.png,/scratch/parceirosbr/bigoilict/share/BigOil/document_generator/datasets/documents_2021_12_28/pai_3cols_20211228_153009_4704176933_600_800.png,pai_3cols_20211228_153009_4704176933_600_800_mask.png,Demand (TB)
17,4,35,8,273,317,308,325,273,318,308,317,308,324,274,325,sub_line_text,figure_text,figure_2,,,,pai_3cols_20211228_153009_4704176933_600_800.png,/scratch/parceirosbr/bigoilict/share/BigOil/document_generator/datasets/documents_2021_12_28/pai_3cols_20211228_153009_4704176933_600_800.png,pai_3cols_20211228_153009_4704176933_600_800_mask.png,Demand (TB)
22,2,44,5,297,360,341,365,297,358,341,360,341,366,297,365,text,figure_text,figure_2,,,,pai_3cols_20211228_153009_4704176933_600_800.png,/scratch/parceirosbr/bigoilict/share/BigOil/document_generator/datasets/documents_2021_12_28/pai_3cols_20211228_153009_4704176933_600_800.png,pai_3cols_20211228_153009_4704176933_600_800_mask.png,Temperature (ÂºC)
22,2,44,5,297,360,341,365,297,358,341,360,341,366,297,365,sub_line_text,figure_text,figure_2,,,,pai_3cols_20211228_153009_4704176933_600_800.png,/scratch/parceirosbr/bigoilict/share/BigOil/document_generator/datasets/documents_2021_12_28/pai_3cols_20211228_153009_4704176933_600_800.png,pai_3cols_20211228_153009_4704176933_600_800_mask.png,Temperature (ÂºC)
10,2,20,5,260,367,280,372,260,367,280,367,280,372,260,372,text,figure_text,figure_2,,,,pai_3cols_20211228_153009_4704176933_600_800.png,/scratch/parceirosbr/bigoilict/share/BigOil/document_generator/datasets/documents_2021_12_28/pai_3cols_20211228_153009_4704176933_600_800.png,pai_3cols_20211228_153009_4704176933_600_800_mask.png,-6971%
10,2,20,5,260,367,280,372,260,367,280,367,280,372,260,372,sub_line_text,figure_text,figure_2,,,,pai_3cols_20211228_153009_4704176933_600_800.png,/scratch/parceirosbr/bigoilict/share/BigOil/document_generator/datasets/documents_2021_12_28/pai_3cols_20211228_153009_4704176933_600_800.png,pai_3cols_20211228_153009_4704176933_600_800_mask.png,-6971%
12,3,25,6,327,298,352,304,327,297,352,298,352,304,327,304,text,figure_text,figure_2,,,,pai_3cols_20211228_153009_4704176933_600_800.png,/scratch/parceirosbr/bigoilict/share/BigOil/document_generator/datasets/documents_2021_12_28/pai_3cols_20211228_153009_4704176933_600_800.png,pai_3cols_20211228_153009_4704176933_600_800_mask.png,Data (TB)
12,3,25,6,327,298,352,304,327,297,352,298,352,304,327,304,sub_line_text,figure_text,figure_2,,,,pai_3cols_20211228_153009_4704176933_600_800.png,/scratch/parceirosbr/bigoilict/share/BigOil/document_generator/datasets/documents_2021_12_28/pai_3cols_20211228_153009_4704176933_600_800.png,pai_3cols_20211228_153009_4704176933_600_800_mask.png,Data (TB)
9,3,19,6,248,409,267,415,248,410,267,409,267,414,248,415,text,figure_text,figure_2,,,,pai_3cols_20211228_153009_4704176933_600_800.png,/scratch/parceirosbr/bigoilict/share/BigOil/document_generator/datasets/documents_2021_12_28/pai_3cols_20211228_153009_4704176933_600_800.png,pai_3cols_20211228_153009_4704176933_600_800_mask.png,-7166%
9,3,19,6,248,409,267,415,248,410,267,409,267,414,248,415,sub_line_text,figure_text,figure_2,,,,pai_3cols_20211228_153009_4704176933_600_800.png,/scratch/parceirosbr/bigoilict/share/BigOil/document_generator/datasets/documents_2021_12_28/pai_3cols_20211228_153009_4704176933_600_800.png,pai_3cols_20211228_153009_4704176933_600_800_mask.png,-7166%
9,2,19,5,236,370,255,375,236,369,256,370,255,376,235,375,text,figure_text,figure_2,,,,pai_3cols_20211228_153009_4704176933_600_800.png,/scratch/parceirosbr/bigoilict/share/BigOil/document_generator/datasets/documents_2021_12_28/pai_3cols_20211228_153009_4704176933_600_800.png,pai_3cols_20211228_153009_4704176933_600_800_mask.png,Graphic
9,2,19,5,236,370,255,375,236,369,256,370,255,376,235,375,sub_line_text,figure_text,figure_2,,,,pai_3cols_20211228_153009_4704176933_600_800.png,/scratch/parceirosbr/bigoilict/share/BigOil/document_generator/datasets/documents_2021_12_28/pai_3cols_20211228_153009_4704176933_600_800.png,pai_3cols_20211228_153009_4704176933_600_800_mask.png,Graphic
9,2,19,4,292,405,311,409,292,404,311,405,311,410,291,409,text,figure_text,figure_2,,,,pai_3cols_20211228_153009_4704176933_600_800.png,/scratch/parceirosbr/bigoilict/share/BigOil/document_generator/datasets/documents_2021_12_28/pai_3cols_20211228_153009_4704176933_600_800.png,pai_3cols_20211228_153009_4704176933_600_800_mask.png,873.6%
9,2,19,4,292,405,311,409,292,404,311,405,311,410,291,409,sub_line_text,figure_text,figure_2,,,,pai_3cols_20211228_153009_4704176933_600_800.png,/scratch/parceirosbr/bigoilict/share/BigOil/document_generator/datasets/documents_2021_12_28/pai_3cols_20211228_153009_4704176933_600_800.png,pai_3cols_20211228_153009_4704176933_600_800_mask.png,873.6%
59,5,118,10,233,458,351,468,233,458,351,458,351,468,233,468,sub_line_text,figure_legend,figure_2,opensans,bolditalic,8,pai_3cols_20211228_153009_4704176933_600_800.png,/scratch/parceirosbr/bigoilict/share/BigOil/document_generator/datasets/documents_2021_12_28/pai_3cols_20211228_153009_4704176933_600_800.png,pai_3cols_20211228_153009_4704176933_600_800_mask.png,Figura   20:      A   partir  da  dÃ©c-
58,5,117,10,233,474,350,484,233,474,350,474,350,484,233,484,sub_line_text,figure_legend,figure_2,opensans,bolditalic,8,pai_3cols_20211228_153009_4704176933_600_800.png,/scratch/parceirosbr/bigoilict/share/BigOil/document_generator/datasets/documents_2021_12_28/pai_3cols_20211228_153009_4704176933_600_800.png,pai_3cols_20211228_153009_4704176933_600_800_mask.png,"ada   de  90,  em  funÃ§Ã£o  das  i-"
59,5,118,10,233,490,351,500,233,490,351,490,351,500,233,500,sub_line_text,figure_legend,figure_2,opensans,bolditalic,8,pai_3cols_20211228_153009_4704176933_600_800.png,/scratch/parceirosbr/bigoilict/share/BigOil/document_generator/datasets/documents_2021_12_28/pai_3cols_20211228_153009_4704176933_600_800.png,pai_3cols_20211228_153009_4704176933_600_800_mask.png,"novaÃ§Ãµes    tecnolÃ³gicas,    mui-"
50,5,100,10,233,506,333,516,233,506,333,506,333,516,233,516,sub_line_text,figure_legend,figure_2,opensans,bolditalic,8,pai_3cols_20211228_153009_4704176933_600_800.png,/scratch/parceirosbr/bigoilict/share/BigOil/document_generator/datasets/documents_2021_12_28/pai_3cols_20211228_153009_4704176933_600_800.png,pai_3cols_20211228_153009_4704176933_600_800_mask.png,tos paÃ­ses introduziram ce
59,29,118,58,233,458,351,516,233,458,351,458,351,516,233,516,text,figure_legend,figure_2,opensans,bolditalic,8,pai_3cols_20211228_153009_4704176933_600_800.png,/scratch/parceirosbr/bigoilict/share/BigOil/document_generator/datasets/documents_2021_12_28/pai_3cols_20211228_153009_4704176933_600_800.png,pai_3cols_20211228_153009_4704176933_600_800_mask.png,nan
39,6,79,12,247,525,326,537,247,525,326,525,326,537,247,537,sub_line_text,subsubsubtitle,subsubsubtitle_0,opensans,bolditalic,9,pai_3cols_20211228_153009_4704176933_600_800.png,/scratch/parceirosbr/bigoilict/share/BigOil/document_generator/datasets/documents_2021_12_28/pai_3cols_20211228_153009_4704176933_600_800.png,pai_3cols_20211228_153009_4704176933_600_800_mask.png,Como curvas vazÃ£o
39,6,79,12,247,525,326,537,247,525,326,525,326,537,247,537,title,subsubsubtitle,subsubsubtitle_0,opensans,bolditalic,9,pai_3cols_20211228_153009_4704176933_600_800.png,/scratch/parceirosbr/bigoilict/share/BigOil/document_generator/datasets/documents_2021_12_28/pai_3cols_20211228_153009_4704176933_600_800.png,pai_3cols_20211228_153009_4704176933_600_800_mask.png,nan
58,6,117,12,233,549,350,561,233,549,350,549,350,561,233,561,sub_line_text,text,text_4,opensans,regular,9,pai_3cols_20211228_153009_4704176933_600_800.png,/scratch/parceirosbr/bigoilict/share/BigOil/document_generator/datasets/documents_2021_12_28/pai_3cols_20211228_153009_4704176933_600_800.png,pai_3cols_20211228_153009_4704176933_600_800_mask.png,Et  al  avaliaram  o desempe-
66,6,132,12,219,568,351,580,219,568,351,568,351,580,219,580,sub_line_text,text,text_4,opensans,regular,9,pai_3cols_20211228_153009_4704176933_600_800.png,/scratch/parceirosbr/bigoilict/share/BigOil/document_generator/datasets/documents_2021_12_28/pai_3cols_20211228_153009_4704176933_600_800.png,pai_3cols_20211228_153009_4704176933_600_800_mask.png,nho  de  nanopartÃ­culas de cob-
65,6,131,12,219,587,350,599,219,587,350,587,350,599,219,599,sub_line_text,text,text_4,opensans,regular,9,pai_3cols_20211228_153009_4704176933_600_800.png,/scratch/parceirosbr/bigoilict/share/BigOil/document_generator/datasets/documents_2021_12_28/pai_3cols_20211228_153009_4704176933_600_800.png,pai_3cols_20211228_153009_4704176933_600_800_mask.png,alto   suportadas  em  utilizando
40,6,81,12,219,606,300,618,219,606,300,606,300,618,219,618,sub_line_text,text,text_4,opensans,regular,9,pai_3cols_20211228_153009_4704176933_600_800.png,/scratch/parceirosbr/bigoilict/share/BigOil/document_generator/datasets/documents_2021_12_28/pai_3cols_20211228_153009_4704176933_600_800.png,pai_3cols_20211228_153009_4704176933_600_800_mask.png,como precursor de.
66,34,132,69,219,549,351,618,219,549,351,549,351,618,219,618,text,text,text_4,opensans,regular,9,pai_3cols_20211228_153009_4704176933_600_800.png,/scratch/parceirosbr/bigoilict/share/BigOil/document_generator/datasets/documents_2021_12_28/pai_3cols_20211228_153009_4704176933_600_800.png,pai_3cols_20211228_153009_4704176933_600_800_mask.png,nan
58,6,117,12,233,627,350,639,233,627,350,627,350,639,233,639,sub_line_text,text,text_5,opensans,regular,9,pai_3cols_20211228_153009_4704176933_600_800.png,/scratch/parceirosbr/bigoilict/share/BigOil/document_generator/datasets/documents_2021_12_28/pai_3cols_20211228_153009_4704176933_600_800.png,pai_3cols_20211228_153009_4704176933_600_800_mask.png,Essas  seÃ§Ãµes  foram  escolhi-
65,6,131,12,219,646,350,658,219,646,350,646,350,658,219,658,sub_line_text,text,text_5,opensans,regular,9,pai_3cols_20211228_153009_4704176933_600_800.png,/scratch/parceirosbr/bigoilict/share/BigOil/document_generator/datasets/documents_2021_12_28/pai_3cols_20211228_153009_4704176933_600_800.png,pai_3cols_20211228_153009_4704176933_600_800_mask.png,"das  a  2,0, 2,5 e 3,0 metros da e-"
62,6,124,12,219,665,343,677,219,665,343,665,343,677,219,677,sub_line_text,text,text_5,opensans,regular,9,pai_3cols_20211228_153009_4704176933_600_800.png,/scratch/parceirosbr/bigoilict/share/BigOil/document_generator/datasets/documents_2021_12_28/pai_3cols_20211228_153009_4704176933_600_800.png,pai_3cols_20211228_153009_4704176933_600_800_mask.png,"xtremidade inicial do duto, co."
65,25,131,50,219,627,350,677,219,627,350,627,350,677,219,677,text,text,text_5,opensans,regular,9,pai_3cols_20211228_153009_4704176933_600_800.png,/scratch/parceirosbr/bigoilict/share/BigOil/document_generator/datasets/documents_2021_12_28/pai_3cols_20211228_153009_4704176933_600_800.png,pai_3cols_20211228_153009_4704176933_600_800_mask.png,nan
59,6,119,12,405,90,524,102,405,90,524,90,524,102,405,102,sub_line_text,text,text_6,opensans,regular,9,pai_3cols_20211228_153009_4704176933_600_800.png,/scratch/parceirosbr/bigoilict/share/BigOil/document_generator/datasets/documents_2021_12_28/pai_3cols_20211228_153009_4704176933_600_800.png,pai_3cols_20211228_153009_4704176933_600_800_mask.png,West  possui maior resistenc-
66,6,132,12,391,109,523,121,391,109,523,109,523,121,391,121,sub_line_text,text,text_6,opensans,regular,9,pai_3cols_20211228_153009_4704176933_600_800.png,/scratch/parceirosbr/bigoilict/share/BigOil/document_generator/datasets/documents_2021_12_28/pai_3cols_20211228_153009_4704176933_600_800.png,pai_3cols_20211228_153009_4704176933_600_800_mask.png,"ia  e,  portanto, menor mobilida-"
66,6,132,12,391,128,523,140,391,128,523,128,523,140,391,140,sub_line_text,text,text_6,opensans,regular,9,pai_3cols_20211228_153009_4704176933_600_800.png,/scratch/parceirosbr/bigoilict/share/BigOil/document_generator/datasets/documents_2021_12_28/pai_3cols_20211228_153009_4704176933_600_800.png,pai_3cols_20211228_153009_4704176933_600_800_mask.png,de  (taxade  uencia) que o sal b-
17,6,35,12,391,147,426,159,391,147,426,147,426,159,391,159,sub_line_text,text,text_6,opensans,regular,9,pai_3cols_20211228_153009_4704176933_600_800.png,/scratch/parceirosbr/bigoilict/share/BigOil/document_generator/datasets/documents_2021_12_28/pai_3cols_20211228_153009_4704176933_600_800.png,pai_3cols_20211228_153009_4704176933_600_800_mask.png,rasileiro.
66,34,133,69,391,90,524,159,391,90,524,90,524,159,391,159,text,text,text_6,opensans,regular,9,pai_3cols_20211228_153009_4704176933_600_800.png,/scratch/parceirosbr/bigoilict/share/BigOil/document_generator/datasets/documents_2021_12_28/pai_3cols_20211228_153009_4704176933_600_800.png,pai_3cols_20211228_153009_4704176933_600_800_mask.png,nan
67,45,135,90,391,168,526,258,391,168,526,168,526,258,391,258,image,figure_image,figure_3,,,,pai_3cols_20211228_153009_4704176933_600_800.png,/scratch/parceirosbr/bigoilict/share/BigOil/document_generator/datasets/documents_2021_12_28/pai_3cols_20211228_153009_4704176933_600_800.png,pai_3cols_20211228_153009_4704176933_600_800_mask.png,output/gen_img_20211228_153015_8374030411.png
-1,-3,-3,-7,513,216,510,209,513,209,514,216,510,216,510,209,text,figure_text,figure_3,,,,pai_3cols_20211228_153009_4704176933_600_800.png,/scratch/parceirosbr/bigoilict/share/BigOil/document_generator/datasets/documents_2021_12_28/pai_3cols_20211228_153009_4704176933_600_800.png,pai_3cols_20211228_153009_4704176933_600_800_mask.png,Rate
-1,-3,-3,-7,513,216,510,209,513,209,514,216,510,216,510,209,sub_line_text,figure_text,figure_3,,,,pai_3cols_20211228_153009_4704176933_600_800.png,/scratch/parceirosbr/bigoilict/share/BigOil/document_generator/datasets/documents_2021_12_28/pai_3cols_20211228_153009_4704176933_600_800.png,pai_3cols_20211228_153009_4704176933_600_800_mask.png,Rate
-1,-5,-2,-11,438,197,436,186,438,186,439,197,436,197,434,186,text,figure_text,figure_3,,,,pai_3cols_20211228_153009_4704176933_600_800.png,/scratch/parceirosbr/bigoilict/share/BigOil/document_generator/datasets/documents_2021_12_28/pai_3cols_20211228_153009_4704176933_600_800.png,pai_3cols_20211228_153009_4704176933_600_800_mask.png,-1908%
-1,-5,-2,-11,438,197,436,186,438,186,439,197,436,197,434,186,sub_line_text,figure_text,figure_3,,,,pai_3cols_20211228_153009_4704176933_600_800.png,/scratch/parceirosbr/bigoilict/share/BigOil/document_generator/datasets/documents_2021_12_28/pai_3cols_20211228_153009_4704176933_600_800.png,pai_3cols_20211228_153009_4704176933_600_800_mask.png,-1908%
-1,-4,-3,-9,520,183,517,174,520,174,521,183,517,184,516,174,text,figure_text,figure_3,,,,pai_3cols_20211228_153009_4704176933_600_800.png,/scratch/parceirosbr/bigoilict/share/BigOil/document_generator/datasets/documents_2021_12_28/pai_3cols_20211228_153009_4704176933_600_800.png,pai_3cols_20211228_153009_4704176933_600_800_mask.png,237.93
-1,-4,-3,-9,520,183,517,174,520,174,521,183,517,184,516,174,sub_line_text,figure_text,figure_3,,,,pai_3cols_20211228_153009_4704176933_600_800.png,/scratch/parceirosbr/bigoilict/share/BigOil/document_generator/datasets/documents_2021_12_28/pai_3cols_20211228_153009_4704176933_600_800.png,pai_3cols_20211228_153009_4704176933_600_800_mask.png,237.93
-1,-6,-2,-12,433,252,431,240,433,239,435,252,431,252,429,240,text,figure_text,figure_3,,,,pai_3cols_20211228_153009_4704176933_600_800.png,/scratch/parceirosbr/bigoilict/share/BigOil/document_generator/datasets/documents_2021_12_28/pai_3cols_20211228_153009_4704176933_600_800.png,pai_3cols_20211228_153009_4704176933_600_800_mask.png,-9187.61
-1,-6,-2,-12,433,252,431,240,433,239,435,252,431,252,429,240,sub_line_text,figure_text,figure_3,,,,pai_3cols_20211228_153009_4704176933_600_800.png,/scratch/parceirosbr/bigoilict/share/BigOil/document_generator/datasets/documents_2021_12_28/pai_3cols_20211228_153009_4704176933_600_800.png,pai_3cols_20211228_153009_4704176933_600_800_mask.png,-9187.61
0,-9,-1,-18,505,243,504,225,505,225,508,243,504,244,501,225,text,figure_text,figure_3,,,,pai_3cols_20211228_153009_4704176933_600_800.png,/scratch/parceirosbr/bigoilict/share/BigOil/document_generator/datasets/documents_2021_12_28/pai_3cols_20211228_153009_4704176933_600_800.png,pai_3cols_20211228_153009_4704176933_600_800_mask.png,Gender [BL]
0,-9,-1,-18,505,243,504,225,505,225,508,243,504,244,501,225,sub_line_text,figure_text,figure_3,,,,pai_3cols_20211228_153009_4704176933_600_800.png,/scratch/parceirosbr/bigoilict/share/BigOil/document_generator/datasets/documents_2021_12_28/pai_3cols_20211228_153009_4704176933_600_800.png,pai_3cols_20211228_153009_4704176933_600_800_mask.png,Gender [BL]
-1,-6,-2,-12,522,210,520,198,522,197,524,210,520,210,518,198,text,figure_text,figure_3,,,,pai_3cols_20211228_153009_4704176933_600_800.png,/scratch/parceirosbr/bigoilict/share/BigOil/document_generator/datasets/documents_2021_12_28/pai_3cols_20211228_153009_4704176933_600_800.png,pai_3cols_20211228_153009_4704176933_600_800_mask.png,Support
-1,-6,-2,-12,522,210,520,198,522,197,524,210,520,210,518,198,sub_line_text,figure_text,figure_3,,,,pai_3cols_20211228_153009_4704176933_600_800.png,/scratch/parceirosbr/bigoilict/share/BigOil/document_generator/datasets/documents_2021_12_28/pai_3cols_20211228_153009_4704176933_600_800.png,pai_3cols_20211228_153009_4704176933_600_800_mask.png,Support
-1,-3,-3,-7,468,211,465,204,468,204,469,211,465,211,464,204,text,figure_text,figure_3,,,,pai_3cols_20211228_153009_4704176933_600_800.png,/scratch/parceirosbr/bigoilict/share/BigOil/document_generator/datasets/documents_2021_12_28/pai_3cols_20211228_153009_4704176933_600_800.png,pai_3cols_20211228_153009_4704176933_600_800_mask.png,Start
-1,-3,-3,-7,468,211,465,204,468,204,469,211,465,211,464,204,sub_line_text,figure_text,figure_3,,,,pai_3cols_20211228_153009_4704176933_600_800.png,/scratch/parceirosbr/bigoilict/share/BigOil/document_generator/datasets/documents_2021_12_28/pai_3cols_20211228_153009_4704176933_600_800.png,pai_3cols_20211228_153009_4704176933_600_800_mask.png,Start
-1,-4,-3,-8,494,224,491,216,494,216,495,224,491,224,490,216,text,figure_text,figure_3,,,,pai_3cols_20211228_153009_4704176933_600_800.png,/scratch/parceirosbr/bigoilict/share/BigOil/document_generator/datasets/documents_2021_12_28/pai_3cols_20211228_153009_4704176933_600_800.png,pai_3cols_20211228_153009_4704176933_600_800_mask.png,-5134
-1,-4,-3,-8,494,224,491,216,494,216,495,224,491,224,490,216,sub_line_text,figure_text,figure_3,,,,pai_3cols_20211228_153009_4704176933_600_800.png,/scratch/parceirosbr/bigoilict/share/BigOil/document_generator/datasets/documents_2021_12_28/pai_3cols_20211228_153009_4704176933_600_800.png,pai_3cols_20211228_153009_4704176933_600_800_mask.png,-5134
-1,-6,-2,-13,410,187,408,174,410,173,412,187,408,188,406,174,text,figure_text,figure_3,,,,pai_3cols_20211228_153009_4704176933_600_800.png,/scratch/parceirosbr/bigoilict/share/BigOil/document_generator/datasets/documents_2021_12_28/pai_3cols_20211228_153009_4704176933_600_800.png,pai_3cols_20211228_153009_4704176933_600_800_mask.png,Level [kl]
-1,-6,-2,-13,410,187,408,174,410,173,412,187,408,188,406,174,sub_line_text,figure_text,figure_3,,,,pai_3cols_20211228_153009_4704176933_600_800.png,/scratch/parceirosbr/bigoilict/share/BigOil/document_generator/datasets/documents_2021_12_28/pai_3cols_20211228_153009_4704176933_600_800.png,pai_3cols_20211228_153009_4704176933_600_800_mask.png,Level [kl]
-1,-8,-2,-16,428,218,426,202,428,202,430,218,426,219,424,202,text,figure_text,figure_3,,,,pai_3cols_20211228_153009_4704176933_600_800.png,/scratch/parceirosbr/bigoilict/share/BigOil/document_generator/datasets/documents_2021_12_28/pai_3cols_20211228_153009_4704176933_600_800.png,pai_3cols_20211228_153009_4704176933_600_800_mask.png,Quality[TB]
-1,-8,-2,-16,428,218,426,202,428,202,430,218,426,219,424,202,sub_line_text,figure_text,figure_3,,,,pai_3cols_20211228_153009_4704176933_600_800.png,/scratch/parceirosbr/bigoilict/share/BigOil/document_generator/datasets/documents_2021_12_28/pai_3cols_20211228_153009_4704176933_600_800.png,pai_3cols_20211228_153009_4704176933_600_800_mask.png,Quality[TB]
-1,-4,-3,-9,485,237,482,228,485,227,486,237,482,237,481,228,text,figure_text,figure_3,,,,pai_3cols_20211228_153009_4704176933_600_800.png,/scratch/parceirosbr/bigoilict/share/BigOil/document_generator/datasets/documents_2021_12_28/pai_3cols_20211228_153009_4704176933_600_800.png,pai_3cols_20211228_153009_4704176933_600_800_mask.png,Signal
-1,-4,-3,-9,485,237,482,228,485,227,486,237,482,237,481,228,sub_line_text,figure_text,figure_3,,,,pai_3cols_20211228_153009_4704176933_600_800.png,/scratch/parceirosbr/bigoilict/share/BigOil/document_generator/datasets/documents_2021_12_28/pai_3cols_20211228_153009_4704176933_600_800.png,pai_3cols_20211228_153009_4704176933_600_800_mask.png,Signal
-1,-5,-2,-11,507,207,505,196,507,196,509,207,505,207,504,196,text,figure_text,figure_3,,,,pai_3cols_20211228_153009_4704176933_600_800.png,/scratch/parceirosbr/bigoilict/share/BigOil/document_generator/datasets/documents_2021_12_28/pai_3cols_20211228_153009_4704176933_600_800.png,pai_3cols_20211228_153009_4704176933_600_800_mask.png,-6822%
-1,-5,-2,-11,507,207,505,196,507,196,509,207,505,207,504,196,sub_line_text,figure_text,figure_3,,,,pai_3cols_20211228_153009_4704176933_600_800.png,/scratch/parceirosbr/bigoilict/share/BigOil/document_generator/datasets/documents_2021_12_28/pai_3cols_20211228_153009_4704176933_600_800.png,pai_3cols_20211228_153009_4704176933_600_800_mask.png,-6822%
-1,-4,-3,-9,465,185,462,176,465,175,466,185,462,185,461,176,text,figure_text,figure_3,,,,pai_3cols_20211228_153009_4704176933_600_800.png,/scratch/parceirosbr/bigoilict/share/BigOil/document_generator/datasets/documents_2021_12_28/pai_3cols_20211228_153009_4704176933_600_800.png,pai_3cols_20211228_153009_4704176933_600_800_mask.png,-266.4
-1,-4,-3,-9,465,185,462,176,465,175,466,185,462,185,461,176,sub_line_text,figure_text,figure_3,,,,pai_3cols_20211228_153009_4704176933_600_800.png,/scratch/parceirosbr/bigoilict/share/BigOil/document_generator/datasets/documents_2021_12_28/pai_3cols_20211228_153009_4704176933_600_800.png,pai_3cols_20211228_153009_4704176933_600_800_mask.png,-266.4
0,-10,0,-20,404,251,404,231,404,230,407,251,404,252,401,231,text,figure_text,figure_3,,,,pai_3cols_20211228_153009_4704176933_600_800.png,/scratch/parceirosbr/bigoilict/share/BigOil/document_generator/datasets/documents_2021_12_28/pai_3cols_20211228_153009_4704176933_600_800.png,pai_3cols_20211228_153009_4704176933_600_800_mask.png,Demand (MB)
0,-10,0,-20,404,251,404,231,404,230,407,251,404,252,401,231,sub_line_text,figure_text,figure_3,,,,pai_3cols_20211228_153009_4704176933_600_800.png,/scratch/parceirosbr/bigoilict/share/BigOil/document_generator/datasets/documents_2021_12_28/pai_3cols_20211228_153009_4704176933_600_800.png,pai_3cols_20211228_153009_4704176933_600_800_mask.png,Demand (MB)
-1,-5,-3,-10,452,228,449,218,452,217,453,228,449,229,448,218,text,figure_text,figure_3,,,,pai_3cols_20211228_153009_4704176933_600_800.png,/scratch/parceirosbr/bigoilict/share/BigOil/document_generator/datasets/documents_2021_12_28/pai_3cols_20211228_153009_4704176933_600_800.png,pai_3cols_20211228_153009_4704176933_600_800_mask.png,Activity
-1,-5,-3,-10,452,228,449,218,452,217,453,228,449,229,448,218,sub_line_text,figure_text,figure_3,,,,pai_3cols_20211228_153009_4704176933_600_800.png,/scratch/parceirosbr/bigoilict/share/BigOil/document_generator/datasets/documents_2021_12_28/pai_3cols_20211228_153009_4704176933_600_800.png,pai_3cols_20211228_153009_4704176933_600_800_mask.png,Activity
0,-8,-1,-16,479,193,478,177,479,177,482,193,478,194,475,177,text,figure_text,figure_3,,,,pai_3cols_20211228_153009_4704176933_600_800.png,/scratch/parceirosbr/bigoilict/share/BigOil/document_generator/datasets/documents_2021_12_28/pai_3cols_20211228_153009_4704176933_600_800.png,pai_3cols_20211228_153009_4704176933_600_800_mask.png,Quality[TB]
0,-8,-1,-16,479,193,478,177,479,177,482,193,478,194,475,177,sub_line_text,figure_text,figure_3,,,,pai_3cols_20211228_153009_4704176933_600_800.png,/scratch/parceirosbr/bigoilict/share/BigOil/document_generator/datasets/documents_2021_12_28/pai_3cols_20211228_153009_4704176933_600_800.png,pai_3cols_20211228_153009_4704176933_600_800_mask.png,Quality[TB]
-1,-5,-2,-11,412,239,410,228,412,228,414,239,410,239,408,228,text,figure_text,figure_3,,,,pai_3cols_20211228_153009_4704176933_600_800.png,/scratch/parceirosbr/bigoilict/share/BigOil/document_generator/datasets/documents_2021_12_28/pai_3cols_20211228_153009_4704176933_600_800.png,pai_3cols_20211228_153009_4704176933_600_800_mask.png,Salinity
-1,-5,-2,-11,412,239,410,228,412,228,414,239,410,239,408,228,sub_line_text,figure_text,figure_3,,,,pai_3cols_20211228_153009_4704176933_600_800.png,/scratch/parceirosbr/bigoilict/share/BigOil/document_generator/datasets/documents_2021_12_28/pai_3cols_20211228_153009_4704176933_600_800.png,pai_3cols_20211228_153009_4704176933_600_800_mask.png,Salinity
0,-9,0,-19,500,203,500,184,500,184,503,203,500,203,497,184,text,figure_text,figure_3,,,,pai_3cols_20211228_153009_4704176933_600_800.png,/scratch/parceirosbr/bigoilict/share/BigOil/document_generator/datasets/documents_2021_12_28/pai_3cols_20211228_153009_4704176933_600_800.png,pai_3cols_20211228_153009_4704176933_600_800_mask.png,Volume [TB]
0,-9,0,-19,500,203,500,184,500,184,503,203,500,203,497,184,sub_line_text,figure_text,figure_3,,,,pai_3cols_20211228_153009_4704176933_600_800.png,/scratch/parceirosbr/bigoilict/share/BigOil/document_generator/datasets/documents_2021_12_28/pai_3cols_20211228_153009_4704176933_600_800.png,pai_3cols_20211228_153009_4704176933_600_800_mask.png,Volume [TB]
-1,-6,-2,-12,467,201,465,189,467,188,469,201,465,202,463,189,text,figure_text,figure_3,,,,pai_3cols_20211228_153009_4704176933_600_800.png,/scratch/parceirosbr/bigoilict/share/BigOil/document_generator/datasets/documents_2021_12_28/pai_3cols_20211228_153009_4704176933_600_800.png,pai_3cols_20211228_153009_4704176933_600_800_mask.png,-7059.67
-1,-6,-2,-12,467,201,465,189,467,188,469,201,465,202,463,189,sub_line_text,figure_text,figure_3,,,,pai_3cols_20211228_153009_4704176933_600_800.png,/scratch/parceirosbr/bigoilict/share/BigOil/document_generator/datasets/documents_2021_12_28/pai_3cols_20211228_153009_4704176933_600_800.png,pai_3cols_20211228_153009_4704176933_600_800_mask.png,-7059.67
0,-7,-1,-15,520,235,519,220,520,220,522,235,519,236,517,220,text,figure_text,figure_3,,,,pai_3cols_20211228_153009_4704176933_600_800.png,/scratch/parceirosbr/bigoilict/share/BigOil/document_generator/datasets/documents_2021_12_28/pai_3cols_20211228_153009_4704176933_600_800.png,pai_3cols_20211228_153009_4704176933_600_800_mask.png,Level [kw]
0,-7,-1,-15,520,235,519,220,520,220,522,235,519,236,517,220,sub_line_text,figure_text,figure_3,,,,pai_3cols_20211228_153009_4704176933_600_800.png,/scratch/parceirosbr/bigoilict/share/BigOil/document_generator/datasets/documents_2021_12_28/pai_3cols_20211228_153009_4704176933_600_800.png,pai_3cols_20211228_153009_4704176933_600_800_mask.png,Level [kw]
0,-10,-1,-20,397,247,396,227,397,227,400,247,396,248,393,227,text,figure_text,figure_3,,,,pai_3cols_20211228_153009_4704176933_600_800.png,/scratch/parceirosbr/bigoilict/share/BigOil/document_generator/datasets/documents_2021_12_28/pai_3cols_20211228_153009_4704176933_600_800.png,pai_3cols_20211228_153009_4704176933_600_800_mask.png,Experimental
0,-10,-1,-20,397,247,396,227,397,227,400,247,396,248,393,227,sub_line_text,figure_text,figure_3,,,,pai_3cols_20211228_153009_4704176933_600_800.png,/scratch/parceirosbr/bigoilict/share/BigOil/document_generator/datasets/documents_2021_12_28/pai_3cols_20211228_153009_4704176933_600_800.png,pai_3cols_20211228_153009_4704176933_600_800_mask.png,Experimental
-1,-6,-2,-13,397,184,395,171,397,170,399,184,395,184,393,171,text,figure_text,figure_3,,,,pai_3cols_20211228_153009_4704176933_600_800.png,/scratch/parceirosbr/bigoilict/share/BigOil/document_generator/datasets/documents_2021_12_28/pai_3cols_20211228_153009_4704176933_600_800.png,pai_3cols_20211228_153009_4704176933_600_800_mask.png,-4806.76
-1,-6,-2,-13,397,184,395,171,397,170,399,184,395,184,393,171,sub_line_text,figure_text,figure_3,,,,pai_3cols_20211228_153009_4704176933_600_800.png,/scratch/parceirosbr/bigoilict/share/BigOil/document_generator/datasets/documents_2021_12_28/pai_3cols_20211228_153009_4704176933_600_800.png,pai_3cols_20211228_153009_4704176933_600_800_mask.png,-4806.76
0,-9,-1,-19,464,254,463,235,464,235,467,254,463,254,460,235,text,figure_text,figure_3,,,,pai_3cols_20211228_153009_4704176933_600_800.png,/scratch/parceirosbr/bigoilict/share/BigOil/document_generator/datasets/documents_2021_12_28/pai_3cols_20211228_153009_4704176933_600_800.png,pai_3cols_20211228_153009_4704176933_600_800_mask.png,Vaporization
0,-9,-1,-19,464,254,463,235,464,235,467,254,463,254,460,235,sub_line_text,figure_text,figure_3,,,,pai_3cols_20211228_153009_4704176933_600_800.png,/scratch/parceirosbr/bigoilict/share/BigOil/document_generator/datasets/documents_2021_12_28/pai_3cols_20211228_153009_4704176933_600_800.png,pai_3cols_20211228_153009_4704176933_600_800_mask.png,Vaporization
-1,-5,-2,-10,514,185,512,175,514,174,516,185,512,186,510,175,text,figure_text,figure_3,,,,pai_3cols_20211228_153009_4704176933_600_800.png,/scratch/parceirosbr/bigoilict/share/BigOil/document_generator/datasets/documents_2021_12_28/pai_3cols_20211228_153009_4704176933_600_800.png,pai_3cols_20211228_153009_4704176933_600_800_mask.png,-1986.7
-1,-5,-2,-10,514,185,512,175,514,174,516,185,512,186,510,175,sub_line_text,figure_text,figure_3,,,,pai_3cols_20211228_153009_4704176933_600_800.png,/scratch/parceirosbr/bigoilict/share/BigOil/document_generator/datasets/documents_2021_12_28/pai_3cols_20211228_153009_4704176933_600_800.png,pai_3cols_20211228_153009_4704176933_600_800_mask.png,-1986.7
0,-7,-1,-14,492,242,491,228,492,227,495,242,491,243,489,228,text,figure_text,figure_3,,,,pai_3cols_20211228_153009_4704176933_600_800.png,/scratch/parceirosbr/bigoilict/share/BigOil/document_generator/datasets/documents_2021_12_28/pai_3cols_20211228_153009_4704176933_600_800.png,pai_3cols_20211228_153009_4704176933_600_800_mask.png,Data [MB]
0,-7,-1,-14,492,242,491,228,492,227,495,242,491,243,489,228,sub_line_text,figure_text,figure_3,,,,pai_3cols_20211228_153009_4704176933_600_800.png,/scratch/parceirosbr/bigoilict/share/BigOil/document_generator/datasets/documents_2021_12_28/pai_3cols_20211228_153009_4704176933_600_800.png,pai_3cols_20211228_153009_4704176933_600_800_mask.png,Data [MB]
54,5,109,10,405,263,514,273,405,263,514,263,514,273,405,273,sub_line_text,figure_legend,figure_3,opensans,bolditalic,8,pai_3cols_20211228_153009_4704176933_600_800.png,/scratch/parceirosbr/bigoilict/share/BigOil/document_generator/datasets/documents_2021_12_28/pai_3cols_20211228_153009_4704176933_600_800.png,pai_3cols_20211228_153009_4704176933_600_800_mask.png,Figura   6:      HIDROGÃNIO  x-
54,5,109,10,405,279,514,289,405,279,514,279,514,289,405,289,sub_line_text,figure_legend,figure_3,opensans,bolditalic,8,pai_3cols_20211228_153009_4704176933_600_800.png,/scratch/parceirosbr/bigoilict/share/BigOil/document_generator/datasets/documents_2021_12_28/pai_3cols_20211228_153009_4704176933_600_800.png,pai_3cols_20211228_153009_4704176933_600_800_mask.png,xi   114  115  6.1.  das  amostr-
54,5,109,10,405,295,514,305,405,295,514,295,514,305,405,305,sub_line_text,figure_legend,figure_3,opensans,bolditalic,8,pai_3cols_20211228_153009_4704176933_600_800.png,/scratch/parceirosbr/bigoilict/share/BigOil/document_generator/datasets/documents_2021_12_28/pai_3cols_20211228_153009_4704176933_600_800.png,pai_3cols_20211228_153009_4704176933_600_800_mask.png,as   e   verificaÃ§Ã£o  da  conce-
46,5,92,10,405,311,497,321,405,311,497,311,497,321,405,321,sub_line_text,figure_legend,figure_3,opensans,bolditalic,8,pai_3cols_20211228_153009_4704176933_600_800.png,/scratch/parceirosbr/bigoilict/share/BigOil/document_generator/datasets/documents_2021_12_28/pai_3cols_20211228_153009_4704176933_600_800.png,pai_3cols_20211228_153009_4704176933_600_800_mask.png,ntraÃ§Ã£o inicial de fenol t
54,29,109,58,405,263,514,321,405,263,514,263,514,321,405,321,text,figure_legend,figure_3,opensans,bolditalic,8,pai_3cols_20211228_153009_4704176933_600_800.png,/scratch/parceirosbr/bigoilict/share/BigOil/document_generator/datasets/documents_2021_12_28/pai_3cols_20211228_153009_4704176933_600_800.png,pai_3cols_20211228_153009_4704176933_600_800_mask.png,nan
65,99,131,199,393,337,524,536,393,337,524,337,524,536,393,536,table,table_image,table_0,,,,pai_3cols_20211228_153009_4704176933_600_800.png,/scratch/parceirosbr/bigoilict/share/BigOil/document_generator/datasets/documents_2021_12_28/pai_3cols_20211228_153009_4704176933_600_800.png,pai_3cols_20211228_153009_4704176933_600_800_mask.png,output/gen_tab_20211228_153016_3004293802.png
21,5,42,10,409,341,451,351,409,341,451,341,451,351,409,351,text,table_text,table_0,times,regular,9.0,pai_3cols_20211228_153009_4704176933_600_800.png,/scratch/parceirosbr/bigoilict/share/BigOil/document_generator/datasets/documents_2021_12_28/pai_3cols_20211228_153009_4704176933_600_800.png,pai_3cols_20211228_153009_4704176933_600_800_mask.png,indefiniÃ§Ã£o
21,5,42,10,409,341,451,351,409,341,451,341,451,351,409,351,sub_line_text,table_text,table_0,times,regular,9.0,pai_3cols_20211228_153009_4704176933_600_800.png,/scratch/parceirosbr/bigoilict/share/BigOil/document_generator/datasets/documents_2021_12_28/pai_3cols_20211228_153009_4704176933_600_800.png,pai_3cols_20211228_153009_4704176933_600_800_mask.png,indefiniÃ§Ã£o
13,5,26,10,425,355,451,365,425,355,451,355,451,365,425,365,text,table_text,table_0,times,bold,9.0,pai_3cols_20211228_153009_4704176933_600_800.png,/scratch/parceirosbr/bigoilict/share/BigOil/document_generator/datasets/documents_2021_12_28/pai_3cols_20211228_153009_4704176933_600_800.png,pai_3cols_20211228_153009_4704176933_600_800_mask.png,125.54
13,5,26,10,425,355,451,365,425,355,451,355,451,365,425,365,sub_line_text,table_text,table_0,times,bold,9.0,pai_3cols_20211228_153009_4704176933_600_800.png,/scratch/parceirosbr/bigoilict/share/BigOil/document_generator/datasets/documents_2021_12_28/pai_3cols_20211228_153009_4704176933_600_800.png,pai_3cols_20211228_153009_4704176933_600_800_mask.png,125.54
17,5,35,10,416,369,451,379,416,369,451,369,451,379,416,379,text,table_text,table_0,times,bold,9.0,pai_3cols_20211228_153009_4704176933_600_800.png,/scratch/parceirosbr/bigoilict/share/BigOil/document_generator/datasets/documents_2021_12_28/pai_3cols_20211228_153009_4704176933_600_800.png,pai_3cols_20211228_153009_4704176933_600_800_mask.png,48359.70
17,5,35,10,416,369,451,379,416,369,451,369,451,379,416,379,sub_line_text,table_text,table_0,times,bold,9.0,pai_3cols_20211228_153009_4704176933_600_800.png,/scratch/parceirosbr/bigoilict/share/BigOil/document_generator/datasets/documents_2021_12_28/pai_3cols_20211228_153009_4704176933_600_800.png,pai_3cols_20211228_153009_4704176933_600_800_mask.png,48359.70
15,5,31,10,421,382,452,392,421,382,452,382,452,392,421,392,text,table_text,table_0,times,bold,9.0,pai_3cols_20211228_153009_4704176933_600_800.png,/scratch/parceirosbr/bigoilict/share/BigOil/document_generator/datasets/documents_2021_12_28/pai_3cols_20211228_153009_4704176933_600_800.png,pai_3cols_20211228_153009_4704176933_600_800_mask.png,8409.03
15,5,31,10,421,382,452,392,421,382,452,382,452,392,421,392,sub_line_text,table_text,table_0,times,bold,9.0,pai_3cols_20211228_153009_4704176933_600_800.png,/scratch/parceirosbr/bigoilict/share/BigOil/document_generator/datasets/documents_2021_12_28/pai_3cols_20211228_153009_4704176933_600_800.png,pai_3cols_20211228_153009_4704176933_600_800_mask.png,8409.03
17,5,35,10,416,396,451,406,416,396,451,396,451,406,416,406,text,table_text,table_0,times,bold,9.0,pai_3cols_20211228_153009_4704176933_600_800.png,/scratch/parceirosbr/bigoilict/share/BigOil/document_generator/datasets/documents_2021_12_28/pai_3cols_20211228_153009_4704176933_600_800.png,pai_3cols_20211228_153009_4704176933_600_800_mask.png,99249.32
17,5,35,10,416,396,451,406,416,396,451,396,451,406,416,406,sub_line_text,table_text,table_0,times,bold,9.0,pai_3cols_20211228_153009_4704176933_600_800.png,/scratch/parceirosbr/bigoilict/share/BigOil/document_generator/datasets/documents_2021_12_28/pai_3cols_20211228_153009_4704176933_600_800.png,pai_3cols_20211228_153009_4704176933_600_800_mask.png,99249.32
15,5,31,10,421,410,452,420,421,410,452,410,452,420,421,420,text,table_text,table_0,times,bold,9.0,pai_3cols_20211228_153009_4704176933_600_800.png,/scratch/parceirosbr/bigoilict/share/BigOil/document_generator/datasets/documents_2021_12_28/pai_3cols_20211228_153009_4704176933_600_800.png,pai_3cols_20211228_153009_4704176933_600_800_mask.png,5908.20
15,5,31,10,421,410,452,420,421,410,452,410,452,420,421,420,sub_line_text,table_text,table_0,times,bold,9.0,pai_3cols_20211228_153009_4704176933_600_800.png,/scratch/parceirosbr/bigoilict/share/BigOil/document_generator/datasets/documents_2021_12_28/pai_3cols_20211228_153009_4704176933_600_800.png,pai_3cols_20211228_153009_4704176933_600_800_mask.png,5908.20
17,5,35,10,416,423,451,433,416,423,451,423,451,433,416,433,text,table_text,table_0,times,bold,9.0,pai_3cols_20211228_153009_4704176933_600_800.png,/scratch/parceirosbr/bigoilict/share/BigOil/document_generator/datasets/documents_2021_12_28/pai_3cols_20211228_153009_4704176933_600_800.png,pai_3cols_20211228_153009_4704176933_600_800_mask.png,50661.25
17,5,35,10,416,423,451,433,416,423,451,423,451,433,416,433,sub_line_text,table_text,table_0,times,bold,9.0,pai_3cols_20211228_153009_4704176933_600_800.png,/scratch/parceirosbr/bigoilict/share/BigOil/document_generator/datasets/documents_2021_12_28/pai_3cols_20211228_153009_4704176933_600_800.png,pai_3cols_20211228_153009_4704176933_600_800_mask.png,50661.25
15,5,31,10,421,437,452,447,421,437,452,437,452,447,421,447,text,table_text,table_0,times,bold,9.0,pai_3cols_20211228_153009_4704176933_600_800.png,/scratch/parceirosbr/bigoilict/share/BigOil/document_generator/datasets/documents_2021_12_28/pai_3cols_20211228_153009_4704176933_600_800.png,pai_3cols_20211228_153009_4704176933_600_800_mask.png,1899.94
15,5,31,10,421,437,452,447,421,437,452,437,452,447,421,447,sub_line_text,table_text,table_0,times,bold,9.0,pai_3cols_20211228_153009_4704176933_600_800.png,/scratch/parceirosbr/bigoilict/share/BigOil/document_generator/datasets/documents_2021_12_28/pai_3cols_20211228_153009_4704176933_600_800.png,pai_3cols_20211228_153009_4704176933_600_800_mask.png,1899.94
17,5,35,10,416,451,451,461,416,451,451,451,451,461,416,461,text,table_text,table_0,times,bold,9.0,pai_3cols_20211228_153009_4704176933_600_800.png,/scratch/parceirosbr/bigoilict/share/BigOil/document_generator/datasets/documents_2021_12_28/pai_3cols_20211228_153009_4704176933_600_800.png,pai_3cols_20211228_153009_4704176933_600_800_mask.png,87886.58
17,5,35,10,416,451,451,461,416,451,451,451,451,461,416,461,sub_line_text,table_text,table_0,times,bold,9.0,pai_3cols_20211228_153009_4704176933_600_800.png,/scratch/parceirosbr/bigoilict/share/BigOil/document_generator/datasets/documents_2021_12_28/pai_3cols_20211228_153009_4704176933_600_800.png,pai_3cols_20211228_153009_4704176933_600_800_mask.png,87886.58
17,5,35,10,416,464,451,474,416,464,451,464,451,474,416,474,text,table_text,table_0,times,bold,9.0,pai_3cols_20211228_153009_4704176933_600_800.png,/scratch/parceirosbr/bigoilict/share/BigOil/document_generator/datasets/documents_2021_12_28/pai_3cols_20211228_153009_4704176933_600_800.png,pai_3cols_20211228_153009_4704176933_600_800_mask.png,56844.19
17,5,35,10,416,464,451,474,416,464,451,464,451,474,416,474,sub_line_text,table_text,table_0,times,bold,9.0,pai_3cols_20211228_153009_4704176933_600_800.png,/scratch/parceirosbr/bigoilict/share/BigOil/document_generator/datasets/documents_2021_12_28/pai_3cols_20211228_153009_4704176933_600_800.png,pai_3cols_20211228_153009_4704176933_600_800_mask.png,56844.19
17,5,35,10,416,478,451,488,416,478,451,478,451,488,416,488,text,table_text,table_0,times,bold,9.0,pai_3cols_20211228_153009_4704176933_600_800.png,/scratch/parceirosbr/bigoilict/share/BigOil/document_generator/datasets/documents_2021_12_28/pai_3cols_20211228_153009_4704176933_600_800.png,pai_3cols_20211228_153009_4704176933_600_800_mask.png,99438.84
17,5,35,10,416,478,451,488,416,478,451,478,451,488,416,488,sub_line_text,table_text,table_0,times,bold,9.0,pai_3cols_20211228_153009_4704176933_600_800.png,/scratch/parceirosbr/bigoilict/share/BigOil/document_generator/datasets/documents_2021_12_28/pai_3cols_20211228_153009_4704176933_600_800.png,pai_3cols_20211228_153009_4704176933_600_800_mask.png,99438.84
17,5,35,10,416,492,451,502,416,492,451,492,451,502,416,502,text,table_text,table_0,times,bold,9.0,pai_3cols_20211228_153009_4704176933_600_800.png,/scratch/parceirosbr/bigoilict/share/BigOil/document_generator/datasets/documents_2021_12_28/pai_3cols_20211228_153009_4704176933_600_800.png,pai_3cols_20211228_153009_4704176933_600_800_mask.png,21430.87
17,5,35,10,416,492,451,502,416,492,451,492,451,502,416,502,sub_line_text,table_text,table_0,times,bold,9.0,pai_3cols_20211228_153009_4704176933_600_800.png,/scratch/parceirosbr/bigoilict/share/BigOil/document_generator/datasets/documents_2021_12_28/pai_3cols_20211228_153009_4704176933_600_800.png,pai_3cols_20211228_153009_4704176933_600_800_mask.png,21430.87
17,5,35,10,416,505,451,515,416,505,451,505,451,515,416,515,text,table_text,table_0,times,bold,9.0,pai_3cols_20211228_153009_4704176933_600_800.png,/scratch/parceirosbr/bigoilict/share/BigOil/document_generator/datasets/documents_2021_12_28/pai_3cols_20211228_153009_4704176933_600_800.png,pai_3cols_20211228_153009_4704176933_600_800_mask.png,10650.04
17,5,35,10,416,505,451,515,416,505,451,505,451,515,416,515,sub_line_text,table_text,table_0,times,bold,9.0,pai_3cols_20211228_153009_4704176933_600_800.png,/scratch/parceirosbr/bigoilict/share/BigOil/document_generator/datasets/documents_2021_12_28/pai_3cols_20211228_153009_4704176933_600_800.png,pai_3cols_20211228_153009_4704176933_600_800_mask.png,10650.04
17,5,35,10,440,519,475,529,440,519,475,519,475,529,440,529,text,table_text,table_0,times,bold,9.0,pai_3cols_20211228_153009_4704176933_600_800.png,/scratch/parceirosbr/bigoilict/share/BigOil/document_generator/datasets/documents_2021_12_28/pai_3cols_20211228_153009_4704176933_600_800.png,pai_3cols_20211228_153009_4704176933_600_800_mask.png,85500.05
17,5,35,10,440,519,475,529,440,519,475,519,475,529,440,529,sub_line_text,table_text,table_0,times,bold,9.0,pai_3cols_20211228_153009_4704176933_600_800.png,/scratch/parceirosbr/bigoilict/share/BigOil/document_generator/datasets/documents_2021_12_28/pai_3cols_20211228_153009_4704176933_600_800.png,pai_3cols_20211228_153009_4704176933_600_800_mask.png,85500.05
16,5,32,10,472,341,504,351,472,341,504,341,504,351,472,351,text,table_text,table_0,times,regular,9.0,pai_3cols_20211228_153009_4704176933_600_800.png,/scratch/parceirosbr/bigoilict/share/BigOil/document_generator/datasets/documents_2021_12_28/pai_3cols_20211228_153009_4704176933_600_800.png,pai_3cols_20211228_153009_4704176933_600_800_mask.png,derivado
16,5,32,10,472,341,504,351,472,341,504,341,504,351,472,351,sub_line_text,table_text,table_0,times,regular,9.0,pai_3cols_20211228_153009_4704176933_600_800.png,/scratch/parceirosbr/bigoilict/share/BigOil/document_generator/datasets/documents_2021_12_28/pai_3cols_20211228_153009_4704176933_600_800.png,pai_3cols_20211228_153009_4704176933_600_800_mask.png,derivado
20,5,40,10,468,355,508,365,468,355,508,355,508,365,468,365,text,table_text,table_0,times,bold,9.0,pai_3cols_20211228_153009_4704176933_600_800.png,/scratch/parceirosbr/bigoilict/share/BigOil/document_generator/datasets/documents_2021_12_28/pai_3cols_20211228_153009_4704176933_600_800.png,pai_3cols_20211228_153009_4704176933_600_800_mask.png,floculaÃ§Ã£o
20,5,40,10,468,355,508,365,468,355,508,355,508,365,468,365,sub_line_text,table_text,table_0,times,bold,9.0,pai_3cols_20211228_153009_4704176933_600_800.png,/scratch/parceirosbr/bigoilict/share/BigOil/document_generator/datasets/documents_2021_12_28/pai_3cols_20211228_153009_4704176933_600_800.png,pai_3cols_20211228_153009_4704176933_600_800_mask.png,floculaÃ§Ã£o
22,5,45,10,465,369,510,379,465,369,510,369,510,379,465,379,text,table_text,table_0,times,bold,9.0,pai_3cols_20211228_153009_4704176933_600_800.png,/scratch/parceirosbr/bigoilict/share/BigOil/document_generator/datasets/documents_2021_12_28/pai_3cols_20211228_153009_4704176933_600_800.png,pai_3cols_20211228_153009_4704176933_600_800_mask.png,intervenÃ§Ã£o
22,5,45,10,465,369,510,379,465,369,510,369,510,379,465,379,sub_line_text,table_text,table_0,times,bold,9.0,pai_3cols_20211228_153009_4704176933_600_800.png,/scratch/parceirosbr/bigoilict/share/BigOil/document_generator/datasets/documents_2021_12_28/pai_3cols_20211228_153009_4704176933_600_800.png,pai_3cols_20211228_153009_4704176933_600_800_mask.png,intervenÃ§Ã£o
8,5,16,10,480,382,496,392,480,382,496,382,496,392,480,392,text,table_text,table_0,times,bold,9.0,pai_3cols_20211228_153009_4704176933_600_800.png,/scratch/parceirosbr/bigoilict/share/BigOil/document_generator/datasets/documents_2021_12_28/pai_3cols_20211228_153009_4704176933_600_800.png,pai_3cols_20211228_153009_4704176933_600_800_mask.png,com
8,5,16,10,480,382,496,392,480,382,496,382,496,392,480,392,sub_line_text,table_text,table_0,times,bold,9.0,pai_3cols_20211228_153009_4704176933_600_800.png,/scratch/parceirosbr/bigoilict/share/BigOil/document_generator/datasets/documents_2021_12_28/pai_3cols_20211228_153009_4704176933_600_800.png,pai_3cols_20211228_153009_4704176933_600_800_mask.png,com
14,5,28,10,474,396,502,406,474,396,502,396,502,406,474,406,text,table_text,table_0,times,bold,9.0,pai_3cols_20211228_153009_4704176933_600_800.png,/scratch/parceirosbr/bigoilict/share/BigOil/document_generator/datasets/documents_2021_12_28/pai_3cols_20211228_153009_4704176933_600_800.png,pai_3cols_20211228_153009_4704176933_600_800_mask.png,demais
14,5,28,10,474,396,502,406,474,396,502,396,502,406,474,406,sub_line_text,table_text,table_0,times,bold,9.0,pai_3cols_20211228_153009_4704176933_600_800.png,/scratch/parceirosbr/bigoilict/share/BigOil/document_generator/datasets/documents_2021_12_28/pai_3cols_20211228_153009_4704176933_600_800.png,pai_3cols_20211228_153009_4704176933_600_800_mask.png,demais
6,5,13,10,482,410,495,420,482,410,495,410,495,420,482,420,text,table_text,table_0,times,bold,9.0,pai_3cols_20211228_153009_4704176933_600_800.png,/scratch/parceirosbr/bigoilict/share/BigOil/document_generator/datasets/documents_2021_12_28/pai_3cols_20211228_153009_4704176933_600_800.png,pai_3cols_20211228_153009_4704176933_600_800_mask.png,dos
6,5,13,10,482,410,495,420,482,410,495,410,495,420,482,420,sub_line_text,table_text,table_0,times,bold,9.0,pai_3cols_20211228_153009_4704176933_600_800.png,/scratch/parceirosbr/bigoilict/share/BigOil/document_generator/datasets/documents_2021_12_28/pai_3cols_20211228_153009_4704176933_600_800.png,pai_3cols_20211228_153009_4704176933_600_800_mask.png,dos
23,5,47,10,464,423,511,433,464,423,511,423,511,433,464,433,text,table_text,table_0,times,bold,9.0,pai_3cols_20211228_153009_4704176933_600_800.png,/scratch/parceirosbr/bigoilict/share/BigOil/document_generator/datasets/documents_2021_12_28/pai_3cols_20211228_153009_4704176933_600_800.png,pai_3cols_20211228_153009_4704176933_600_800_mask.png,investidores
23,5,47,10,464,423,511,433,464,423,511,423,511,433,464,433,sub_line_text,table_text,table_0,times,bold,9.0,pai_3cols_20211228_153009_4704176933_600_800.png,/scratch/parceirosbr/bigoilict/share/BigOil/document_generator/datasets/documents_2021_12_28/pai_3cols_20211228_153009_4704176933_600_800.png,pai_3cols_20211228_153009_4704176933_600_800_mask.png,investidores
27,5,54,10,460,437,514,447,460,437,514,437,514,447,460,447,text,table_text,table_0,times,bold,9.0,pai_3cols_20211228_153009_4704176933_600_800.png,/scratch/parceirosbr/bigoilict/share/BigOil/document_generator/datasets/documents_2021_12_28/pai_3cols_20211228_153009_4704176933_600_800.png,pai_3cols_20211228_153009_4704176933_600_800_mask.png,investimentos
27,5,54,10,460,437,514,447,460,437,514,437,514,447,460,447,sub_line_text,table_text,table_0,times,bold,9.0,pai_3cols_20211228_153009_4704176933_600_800.png,/scratch/parceirosbr/bigoilict/share/BigOil/document_generator/datasets/documents_2021_12_28/pai_3cols_20211228_153009_4704176933_600_800.png,pai_3cols_20211228_153009_4704176933_600_800_mask.png,investimentos
5,5,11,10,482,451,493,461,482,451,493,451,493,461,482,461,text,table_text,table_0,times,bold,9.0,pai_3cols_20211228_153009_4704176933_600_800.png,/scratch/parceirosbr/bigoilict/share/BigOil/document_generator/datasets/documents_2021_12_28/pai_3cols_20211228_153009_4704176933_600_800.png,pai_3cols_20211228_153009_4704176933_600_800_mask.png,em
5,5,11,10,482,451,493,461,482,451,493,451,493,461,482,461,sub_line_text,table_text,table_0,times,bold,9.0,pai_3cols_20211228_153009_4704176933_600_800.png,/scratch/parceirosbr/bigoilict/share/BigOil/document_generator/datasets/documents_2021_12_28/pai_3cols_20211228_153009_4704176933_600_800.png,pai_3cols_20211228_153009_4704176933_600_800_mask.png,em
20,5,41,10,467,464,508,474,467,464,508,464,508,474,467,474,text,table_text,table_0,times,bold,9.0,pai_3cols_20211228_153009_4704176933_600_800.png,/scratch/parceirosbr/bigoilict/share/BigOil/document_generator/datasets/documents_2021_12_28/pai_3cols_20211228_153009_4704176933_600_800.png,pai_3cols_20211228_153009_4704176933_600_800_mask.png,realizando
20,5,41,10,467,464,508,474,467,464,508,464,508,474,467,474,sub_line_text,table_text,table_0,times,bold,9.0,pai_3cols_20211228_153009_4704176933_600_800.png,/scratch/parceirosbr/bigoilict/share/BigOil/document_generator/datasets/documents_2021_12_28/pai_3cols_20211228_153009_4704176933_600_800.png,pai_3cols_20211228_153009_4704176933_600_800_mask.png,realizando
16,5,32,10,472,478,504,488,472,478,504,478,504,488,472,488,text,table_text,table_0,times,bold,9.0,pai_3cols_20211228_153009_4704176933_600_800.png,/scratch/parceirosbr/bigoilict/share/BigOil/document_generator/datasets/documents_2021_12_28/pai_3cols_20211228_153009_4704176933_600_800.png,pai_3cols_20211228_153009_4704176933_600_800_mask.png,controle
16,5,32,10,472,478,504,488,472,478,504,478,504,488,472,488,sub_line_text,table_text,table_0,times,bold,9.0,pai_3cols_20211228_153009_4704176933_600_800.png,/scratch/parceirosbr/bigoilict/share/BigOil/document_generator/datasets/documents_2021_12_28/pai_3cols_20211228_153009_4704176933_600_800.png,pai_3cols_20211228_153009_4704176933_600_800_mask.png,controle
22,5,44,10,466,492,510,502,466,492,510,492,510,502,466,502,text,table_text,table_0,times,bold,9.0,pai_3cols_20211228_153009_4704176933_600_800.png,/scratch/parceirosbr/bigoilict/share/BigOil/document_generator/datasets/documents_2021_12_28/pai_3cols_20211228_153009_4704176933_600_800.png,pai_3cols_20211228_153009_4704176933_600_800_mask.png,diminuiÃ§Ã£o
22,5,44,10,466,492,510,502,466,492,510,492,510,502,466,502,sub_line_text,table_text,table_0,times,bold,9.0,pai_3cols_20211228_153009_4704176933_600_800.png,/scratch/parceirosbr/bigoilict/share/BigOil/document_generator/datasets/documents_2021_12_28/pai_3cols_20211228_153009_4704176933_600_800.png,pai_3cols_20211228_153009_4704176933_600_800_mask.png,diminuiÃ§Ã£o
19,5,39,10,468,505,507,515,468,505,507,505,507,515,468,515,text,table_text,table_0,times,bold,9.0,pai_3cols_20211228_153009_4704176933_600_800.png,/scratch/parceirosbr/bigoilict/share/BigOil/document_generator/datasets/documents_2021_12_28/pai_3cols_20211228_153009_4704176933_600_800.png,pai_3cols_20211228_153009_4704176933_600_800_mask.png,vantagens
19,5,39,10,468,505,507,515,468,505,507,505,507,515,468,515,sub_line_text,table_text,table_0,times,bold,9.0,pai_3cols_20211228_153009_4704176933_600_800.png,/scratch/parceirosbr/bigoilict/share/BigOil/document_generator/datasets/documents_2021_12_28/pai_3cols_20211228_153009_4704176933_600_800.png,pai_3cols_20211228_153009_4704176933_600_800_mask.png,vantagens
43,5,87,10,405,541,492,551,405,541,492,541,492,551,405,551,sub_line_text,table_legend,table_0,opensans,bolditalic,8,pai_3cols_20211228_153009_4704176933_600_800.png,/scratch/parceirosbr/bigoilict/share/BigOil/document_generator/datasets/documents_2021_12_28/pai_3cols_20211228_153009_4704176933_600_800.png,pai_3cols_20211228_153009_4704176933_600_800_mask.png,"Tab. 31:  Em 2014, o con"
43,5,87,10,405,541,492,551,405,541,492,541,492,551,405,551,text,table_legend,table_0,opensans,bolditalic,8,pai_3cols_20211228_153009_4704176933_600_800.png,/scratch/parceirosbr/bigoilict/share/BigOil/document_generator/datasets/documents_2021_12_28/pai_3cols_20211228_153009_4704176933_600_800.png,pai_3cols_20211228_153009_4704176933_600_800_mask.png,nan
58,6,117,12,405,560,522,572,405,560,522,560,522,572,405,572,sub_line_text,text,text_7,opensans,regular,9,pai_3cols_20211228_153009_4704176933_600_800.png,/scratch/parceirosbr/bigoilict/share/BigOil/document_generator/datasets/documents_2021_12_28/pai_3cols_20211228_153009_4704176933_600_800.png,pai_3cols_20211228_153009_4704176933_600_800_mask.png,Quando  se comparou corp-
65,6,131,12,391,579,522,591,391,579,522,579,522,591,391,591,sub_line_text,text,text_7,opensans,regular,9,pai_3cols_20211228_153009_4704176933_600_800.png,/scratch/parceirosbr/bigoilict/share/BigOil/document_generator/datasets/documents_2021_12_28/pai_3cols_20211228_153009_4704176933_600_800.png,pai_3cols_20211228_153009_4704176933_600_800_mask.png,os  de  prova revestidos com co-
65,6,131,12,391,598,522,610,391,598,522,598,522,610,391,610,sub_line_text,text,text_7,opensans,regular,9,pai_3cols_20211228_153009_4704176933_600_800.png,/scratch/parceirosbr/bigoilict/share/BigOil/document_generator/datasets/documents_2021_12_28/pai_3cols_20211228_153009_4704176933_600_800.png,pai_3cols_20211228_153009_4704176933_600_800_mask.png,rpos  de  prova pintados com ti-
66,6,133,12,391,617,524,629,391,617,524,617,524,629,391,629,sub_line_text,text,text_7,opensans,regular,9,pai_3cols_20211228_153009_4704176933_600_800.png,/scratch/parceirosbr/bigoilict/share/BigOil/document_generator/datasets/documents_2021_12_28/pai_3cols_20211228_153009_4704176933_600_800.png,pai_3cols_20211228_153009_4704176933_600_800_mask.png,nta  epÃ³xi observou-se superior
65,6,131,12,391,636,522,648,391,636,522,636,522,648,391,648,sub_line_text,text,text_7,opensans,regular,9,pai_3cols_20211228_153009_4704176933_600_800.png,/scratch/parceirosbr/bigoilict/share/BigOil/document_generator/datasets/documents_2021_12_28/pai_3cols_20211228_153009_4704176933_600_800.png,pai_3cols_20211228_153009_4704176933_600_800_mask.png,resistÃªncia  Ã   corrosÃ£o por fres-
64,6,128,12,391,655,519,667,391,655,519,655,519,667,391,667,sub_line_text,text,text_7,opensans,regular,9,pai_3cols_20211228_153009_4704176933_600_800.png,/scratch/parceirosbr/bigoilict/share/BigOil/document_generator/datasets/documents_2021_12_28/pai_3cols_20211228_153009_4704176933_600_800.png,pai_3cols_20211228_153009_4704176933_600_800_mask.png,"ta em amostras aspergidas, po."
66,53,133,107,391,560,524,667,391,560,524,560,524,667,391,667,text,text,text_7,opensans,regular,9,pai_3cols_20211228_153009_4704176933_600_800.png,/scratch/parceirosbr/bigoilict/share/BigOil/document_generator/datasets/documents_2021_12_28/pai_3cols_20211228_153009_4704176933_600_800.png,pai_3cols_20211228_153009_4704176933_600_800_mask.png,nan
