center_x,center_y,width,height,xmin,ymin,xmax,ymax,top_left_x,top_left_y,top_right_x,top_right_y,bottom_right_x,bottom_right_y,bottom_left_x,bottom_left_y,label,grouplabel,group,text_font,text_style,size_font,filename,path,filename_mask,content
300,400,600,800,0,0,600,800,0,0,600,0,600,800,0,800,document,,,,,,pai_2cols_20211228_152821_4235192693_600_800.png,/scratch/parceirosbr/bigoilict/share/BigOil/document_generator/datasets/documents_2021_12_28/pai_2cols_20211228_152821_4235192693_600_800.png,pai_2cols_20211228_152821_4235192693_600_800_mask.png,
77,5,154,11,91,87,245,98,91,87,245,87,245,98,91,98,sub_line_text,text,text_0,times,regular,10,pai_2cols_20211228_152821_4235192693_600_800.png,/scratch/parceirosbr/bigoilict/share/BigOil/document_generator/datasets/documents_2021_12_28/pai_2cols_20211228_152821_4235192693_600_800.png,pai_2cols_20211228_152821_4235192693_600_800_mask.png,Due  to  the  expensive  raw  material-
88,5,176,11,70,102,246,113,70,102,246,102,246,113,70,113,sub_line_text,text,text_0,times,regular,10,pai_2cols_20211228_152821_4235192693_600_800.png,/scratch/parceirosbr/bigoilict/share/BigOil/document_generator/datasets/documents_2021_12_28/pai_2cols_20211228_152821_4235192693_600_800.png,pai_2cols_20211228_152821_4235192693_600_800_mask.png,"s,   surfactants  are  more  costly  compared"
88,5,176,11,70,117,246,128,70,117,246,117,246,128,70,128,sub_line_text,text,text_0,times,regular,10,pai_2cols_20211228_152821_4235192693_600_800.png,/scratch/parceirosbr/bigoilict/share/BigOil/document_generator/datasets/documents_2021_12_28/pai_2cols_20211228_152821_4235192693_600_800.png,pai_2cols_20211228_152821_4235192693_600_800_mask.png,to   synthetic   surfactants.  Interpolating  (-
87,5,175,11,70,132,245,143,70,132,245,132,245,143,70,143,sub_line_text,text,text_0,times,regular,10,pai_2cols_20211228_152821_4235192693_600_800.png,/scratch/parceirosbr/bigoilict/share/BigOil/document_generator/datasets/documents_2021_12_28/pai_2cols_20211228_152821_4235192693_600_800.png,pai_2cols_20211228_152821_4235192693_600_800_mask.png,and   extrapolating)  is  to  predict  (or  est-
88,5,177,11,70,147,247,158,70,147,247,147,247,158,70,158,sub_line_text,text,text_0,times,regular,10,pai_2cols_20211228_152821_4235192693_600_800.png,/scratch/parceirosbr/bigoilict/share/BigOil/document_generator/datasets/documents_2021_12_28/pai_2cols_20211228_152821_4235192693_600_800.png,pai_2cols_20211228_152821_4235192693_600_800_mask.png,imate)  the  value  of  the  variable  under s-
87,5,175,11,70,162,245,173,70,162,245,162,245,173,70,173,sub_line_text,text,text_0,times,regular,10,pai_2cols_20211228_152821_4235192693_600_800.png,/scratch/parceirosbr/bigoilict/share/BigOil/document_generator/datasets/documents_2021_12_28/pai_2cols_20211228_152821_4235192693_600_800.png,pai_2cols_20211228_152821_4235192693_600_800_mask.png,tudy  at  a  non-sampled  point.  a  method
88,5,177,11,70,177,247,188,70,177,247,177,247,188,70,188,sub_line_text,text,text_0,times,regular,10,pai_2cols_20211228_152821_4235192693_600_800.png,/scratch/parceirosbr/bigoilict/share/BigOil/document_generator/datasets/documents_2021_12_28/pai_2cols_20211228_152821_4235192693_600_800.png,pai_2cols_20211228_152821_4235192693_600_800_mask.png,that  allows  you  to  build  a  new  data set
88,5,177,11,70,192,247,203,70,192,247,192,247,203,70,203,sub_line_text,text,text_0,times,regular,10,pai_2cols_20211228_152821_4235192693_600_800.png,/scratch/parceirosbr/bigoilict/share/BigOil/document_generator/datasets/documents_2021_12_28/pai_2cols_20211228_152821_4235192693_600_800.png,pai_2cols_20211228_152821_4235192693_600_800_mask.png,from  a  discrete  set  of  known  point  dat-
87,5,175,11,70,207,245,218,70,207,245,207,245,218,70,218,sub_line_text,text,text_0,times,regular,10,pai_2cols_20211228_152821_4235192693_600_800.png,/scratch/parceirosbr/bigoilict/share/BigOil/document_generator/datasets/documents_2021_12_28/pai_2cols_20211228_152821_4235192693_600_800.png,pai_2cols_20211228_152821_4235192693_600_800_mask.png,a.  Catalysts  for  the  oxidation  of  ethane
78,5,157,11,70,222,227,233,70,222,227,222,227,233,70,233,sub_line_text,text,text_0,times,regular,10,pai_2cols_20211228_152821_4235192693_600_800.png,/scratch/parceirosbr/bigoilict/share/BigOil/document_generator/datasets/documents_2021_12_28/pai_2cols_20211228_152821_4235192693_600_800.png,pai_2cols_20211228_152821_4235192693_600_800_mask.png,"to acetic acid, its production and meth."
88,73,177,146,70,87,247,233,70,87,247,87,247,233,70,233,text,text,text_0,times,regular,10,pai_2cols_20211228_152821_4235192693_600_800.png,/scratch/parceirosbr/bigoilict/share/BigOil/document_generator/datasets/documents_2021_12_28/pai_2cols_20211228_152821_4235192693_600_800.png,pai_2cols_20211228_152821_4235192693_600_800_mask.png,nan
50,8,100,16,110,239,210,255,110,239,210,239,210,255,110,255,sub_line_text,subtitle,subtitle_0,times,bolditalic,14,pai_2cols_20211228_152821_4235192693_600_800.png,/scratch/parceirosbr/bigoilict/share/BigOil/document_generator/datasets/documents_2021_12_28/pai_2cols_20211228_152821_4235192693_600_800.png,pai_2cols_20211228_152821_4235192693_600_800_mask.png,Padrões como de
50,8,100,16,110,239,210,255,110,239,210,239,210,255,110,255,title,subtitle,subtitle_0,times,bolditalic,14,pai_2cols_20211228_152821_4235192693_600_800.png,/scratch/parceirosbr/bigoilict/share/BigOil/document_generator/datasets/documents_2021_12_28/pai_2cols_20211228_152821_4235192693_600_800.png,pai_2cols_20211228_152821_4235192693_600_800_mask.png,nan
77,5,154,11,91,261,245,272,91,261,245,261,245,272,91,272,sub_line_text,text,text_1,times,regular,10,pai_2cols_20211228_152821_4235192693_600_800.png,/scratch/parceirosbr/bigoilict/share/BigOil/document_generator/datasets/documents_2021_12_28/pai_2cols_20211228_152821_4235192693_600_800.png,pai_2cols_20211228_152821_4235192693_600_800_mask.png,The   analysis   and  interpretation  of
88,5,176,11,70,276,246,287,70,276,246,276,246,287,70,287,sub_line_text,text,text_1,times,regular,10,pai_2cols_20211228_152821_4235192693_600_800.png,/scratch/parceirosbr/bigoilict/share/BigOil/document_generator/datasets/documents_2021_12_28/pai_2cols_20211228_152821_4235192693_600_800.png,pai_2cols_20211228_152821_4235192693_600_800_mask.png,vibrocores   endorsed   to   identify  muddy
87,5,175,11,70,291,245,302,70,291,245,291,245,302,70,302,sub_line_text,text,text_1,times,regular,10,pai_2cols_20211228_152821_4235192693_600_800.png,/scratch/parceirosbr/bigoilict/share/BigOil/document_generator/datasets/documents_2021_12_28/pai_2cols_20211228_152821_4235192693_600_800.png,pai_2cols_20211228_152821_4235192693_600_800_mask.png,facies   (describing   subfacies)   and  sandy
88,5,177,11,70,306,247,317,70,306,247,306,247,317,70,317,sub_line_text,text,text_1,times,regular,10,pai_2cols_20211228_152821_4235192693_600_800.png,/scratch/parceirosbr/bigoilict/share/BigOil/document_generator/datasets/documents_2021_12_28/pai_2cols_20211228_152821_4235192693_600_800.png,pai_2cols_20211228_152821_4235192693_600_800_mask.png,"facies    (describing    subfacies)   interbeds,"
88,5,176,11,70,321,246,332,70,321,246,321,246,332,70,332,sub_line_text,text,text_1,times,regular,10,pai_2cols_20211228_152821_4235192693_600_800.png,/scratch/parceirosbr/bigoilict/share/BigOil/document_generator/datasets/documents_2021_12_28/pai_2cols_20211228_152821_4235192693_600_800.png,pai_2cols_20211228_152821_4235192693_600_800_mask.png,that  highlight  the  intense  coastal dynam-
87,5,175,11,70,336,245,347,70,336,245,336,245,347,70,347,sub_line_text,text,text_1,times,regular,10,pai_2cols_20211228_152821_4235192693_600_800.png,/scratch/parceirosbr/bigoilict/share/BigOil/document_generator/datasets/documents_2021_12_28/pai_2cols_20211228_152821_4235192693_600_800.png,pai_2cols_20211228_152821_4235192693_600_800_mask.png,"ic  which  the  region  is subjected, sugges-"
88,5,177,11,70,351,247,362,70,351,247,351,247,362,70,362,sub_line_text,text,text_1,times,regular,10,pai_2cols_20211228_152821_4235192693_600_800.png,/scratch/parceirosbr/bigoilict/share/BigOil/document_generator/datasets/documents_2021_12_28/pai_2cols_20211228_152821_4235192693_600_800.png,pai_2cols_20211228_152821_4235192693_600_800_mask.png,ting  that  the  opening  and closing of tidal
79,5,158,11,70,366,228,377,70,366,228,366,228,377,70,377,sub_line_text,text,text_1,times,regular,10,pai_2cols_20211228_152821_4235192693_600_800.png,/scratch/parceirosbr/bigoilict/share/BigOil/document_generator/datasets/documents_2021_12_28/pai_2cols_20211228_152821_4235192693_600_800.png,pai_2cols_20211228_152821_4235192693_600_800_mask.png,channels occur in short time interval (r.
88,58,177,116,70,261,247,377,70,261,247,261,247,377,70,377,text,text,text_1,times,regular,10,pai_2cols_20211228_152821_4235192693_600_800.png,/scratch/parceirosbr/bigoilict/share/BigOil/document_generator/datasets/documents_2021_12_28/pai_2cols_20211228_152821_4235192693_600_800.png,pai_2cols_20211228_152821_4235192693_600_800_mask.png,nan
72,5,145,11,88,383,233,394,88,383,233,383,233,394,88,394,sub_line_text,figure_legend,figure_0,times,italic,9,pai_2cols_20211228_152821_4235192693_600_800.png,/scratch/parceirosbr/bigoilict/share/BigOil/document_generator/datasets/documents_2021_12_28/pai_2cols_20211228_152821_4235192693_600_800.png,pai_2cols_20211228_152821_4235192693_600_800_mask.png,Fig.  100:    A  produção  teve  origem
72,5,145,11,88,398,233,409,88,398,233,398,233,409,88,409,sub_line_text,figure_legend,figure_0,times,italic,9,pai_2cols_20211228_152821_4235192693_600_800.png,/scratch/parceirosbr/bigoilict/share/BigOil/document_generator/datasets/documents_2021_12_28/pai_2cols_20211228_152821_4235192693_600_800.png,pai_2cols_20211228_152821_4235192693_600_800_mask.png,"em  34  poços,  localizados  nos  cam-"
67,5,135,11,88,413,223,424,88,413,223,413,223,424,88,424,sub_line_text,figure_legend,figure_0,times,italic,9,pai_2cols_20211228_152821_4235192693_600_800.png,/scratch/parceirosbr/bigoilict/share/BigOil/document_generator/datasets/documents_2021_12_28/pai_2cols_20211228_152821_4235192693_600_800.png,pai_2cols_20211228_152821_4235192693_600_800_mask.png,pos de. A porção compreendida en
72,20,145,41,88,383,233,424,88,383,233,383,233,424,88,424,text,figure_legend,figure_0,times,italic,9,pai_2cols_20211228_152821_4235192693_600_800.png,/scratch/parceirosbr/bigoilict/share/BigOil/document_generator/datasets/documents_2021_12_28/pai_2cols_20211228_152821_4235192693_600_800.png,pai_2cols_20211228_152821_4235192693_600_800_mask.png,nan
90,59,180,119,70,429,250,548,70,429,250,429,250,548,70,548,image,figure_image,figure_0,,,,pai_2cols_20211228_152821_4235192693_600_800.png,/scratch/parceirosbr/bigoilict/share/BigOil/document_generator/datasets/documents_2021_12_28/pai_2cols_20211228_152821_4235192693_600_800.png,pai_2cols_20211228_152821_4235192693_600_800_mask.png,output/gen_img_20211228_152822_2541978291.png
8,7,16,14,205,464,221,478,205,474,218,464,221,468,209,478,text,figure_text,figure_0,,,,pai_2cols_20211228_152821_4235192693_600_800.png,/scratch/parceirosbr/bigoilict/share/BigOil/document_generator/datasets/documents_2021_12_28/pai_2cols_20211228_152821_4235192693_600_800.png,pai_2cols_20211228_152821_4235192693_600_800_mask.png,-8157%
8,7,16,14,205,464,221,478,205,474,218,464,221,468,209,478,sub_line_text,figure_text,figure_0,,,,pai_2cols_20211228_152821_4235192693_600_800.png,/scratch/parceirosbr/bigoilict/share/BigOil/document_generator/datasets/documents_2021_12_28/pai_2cols_20211228_152821_4235192693_600_800.png,pai_2cols_20211228_152821_4235192693_600_800_mask.png,-8157%
11,16,22,33,169,461,191,494,169,491,187,461,191,464,174,494,text,figure_text,figure_0,,,,pai_2cols_20211228_152821_4235192693_600_800.png,/scratch/parceirosbr/bigoilict/share/BigOil/document_generator/datasets/documents_2021_12_28/pai_2cols_20211228_152821_4235192693_600_800.png,pai_2cols_20211228_152821_4235192693_600_800_mask.png,Frequency (Hz)
11,16,22,33,169,461,191,494,169,491,187,461,191,464,174,494,sub_line_text,figure_text,figure_0,,,,pai_2cols_20211228_152821_4235192693_600_800.png,/scratch/parceirosbr/bigoilict/share/BigOil/document_generator/datasets/documents_2021_12_28/pai_2cols_20211228_152821_4235192693_600_800.png,pai_2cols_20211228_152821_4235192693_600_800_mask.png,Frequency (Hz)
10,9,20,18,170,435,190,453,170,449,186,435,190,439,173,453,text,figure_text,figure_0,,,,pai_2cols_20211228_152821_4235192693_600_800.png,/scratch/parceirosbr/bigoilict/share/BigOil/document_generator/datasets/documents_2021_12_28/pai_2cols_20211228_152821_4235192693_600_800.png,pai_2cols_20211228_152821_4235192693_600_800_mask.png,Speed ​​(v)
10,9,20,18,170,435,190,453,170,449,186,435,190,439,173,453,sub_line_text,figure_text,figure_0,,,,pai_2cols_20211228_152821_4235192693_600_800.png,/scratch/parceirosbr/bigoilict/share/BigOil/document_generator/datasets/documents_2021_12_28/pai_2cols_20211228_152821_4235192693_600_800.png,pai_2cols_20211228_152821_4235192693_600_800_mask.png,Speed ​​(v)
13,18,26,37,79,433,105,470,79,467,100,433,105,436,84,470,text,figure_text,figure_0,,,,pai_2cols_20211228_152821_4235192693_600_800.png,/scratch/parceirosbr/bigoilict/share/BigOil/document_generator/datasets/documents_2021_12_28/pai_2cols_20211228_152821_4235192693_600_800.png,pai_2cols_20211228_152821_4235192693_600_800_mask.png,Temperature [a.c]
13,18,26,37,79,433,105,470,79,467,100,433,105,436,84,470,sub_line_text,figure_text,figure_0,,,,pai_2cols_20211228_152821_4235192693_600_800.png,/scratch/parceirosbr/bigoilict/share/BigOil/document_generator/datasets/documents_2021_12_28/pai_2cols_20211228_152821_4235192693_600_800.png,pai_2cols_20211228_152821_4235192693_600_800_mask.png,Temperature [a.c]
11,9,23,19,122,474,145,493,122,490,142,474,145,478,125,493,text,figure_text,figure_0,,,,pai_2cols_20211228_152821_4235192693_600_800.png,/scratch/parceirosbr/bigoilict/share/BigOil/document_generator/datasets/documents_2021_12_28/pai_2cols_20211228_152821_4235192693_600_800.png,pai_2cols_20211228_152821_4235192693_600_800_mask.png,Water [ML]
11,9,23,19,122,474,145,493,122,490,142,474,145,478,125,493,sub_line_text,figure_text,figure_0,,,,pai_2cols_20211228_152821_4235192693_600_800.png,/scratch/parceirosbr/bigoilict/share/BigOil/document_generator/datasets/documents_2021_12_28/pai_2cols_20211228_152821_4235192693_600_800.png,pai_2cols_20211228_152821_4235192693_600_800_mask.png,Water [ML]
7,9,14,18,145,504,159,522,145,520,155,504,159,506,149,522,text,figure_text,figure_0,,,,pai_2cols_20211228_152821_4235192693_600_800.png,/scratch/parceirosbr/bigoilict/share/BigOil/document_generator/datasets/documents_2021_12_28/pai_2cols_20211228_152821_4235192693_600_800.png,pai_2cols_20211228_152821_4235192693_600_800_mask.png,Rotation
7,9,14,18,145,504,159,522,145,520,155,504,159,506,149,522,sub_line_text,figure_text,figure_0,,,,pai_2cols_20211228_152821_4235192693_600_800.png,/scratch/parceirosbr/bigoilict/share/BigOil/document_generator/datasets/documents_2021_12_28/pai_2cols_20211228_152821_4235192693_600_800.png,pai_2cols_20211228_152821_4235192693_600_800_mask.png,Rotation
8,10,17,21,150,438,167,459,150,456,163,438,167,441,155,459,text,figure_text,figure_0,,,,pai_2cols_20211228_152821_4235192693_600_800.png,/scratch/parceirosbr/bigoilict/share/BigOil/document_generator/datasets/documents_2021_12_28/pai_2cols_20211228_152821_4235192693_600_800.png,pai_2cols_20211228_152821_4235192693_600_800_mask.png,Efficiency
8,10,17,21,150,438,167,459,150,456,163,438,167,441,155,459,sub_line_text,figure_text,figure_0,,,,pai_2cols_20211228_152821_4235192693_600_800.png,/scratch/parceirosbr/bigoilict/share/BigOil/document_generator/datasets/documents_2021_12_28/pai_2cols_20211228_152821_4235192693_600_800.png,pai_2cols_20211228_152821_4235192693_600_800_mask.png,Efficiency
5,9,11,19,223,452,234,471,223,469,229,452,234,454,228,471,text,figure_text,figure_0,,,,pai_2cols_20211228_152821_4235192693_600_800.png,/scratch/parceirosbr/bigoilict/share/BigOil/document_generator/datasets/documents_2021_12_28/pai_2cols_20211228_152821_4235192693_600_800.png,pai_2cols_20211228_152821_4235192693_600_800_mask.png,-982.0%
5,9,11,19,223,452,234,471,223,469,229,452,234,454,228,471,sub_line_text,figure_text,figure_0,,,,pai_2cols_20211228_152821_4235192693_600_800.png,/scratch/parceirosbr/bigoilict/share/BigOil/document_generator/datasets/documents_2021_12_28/pai_2cols_20211228_152821_4235192693_600_800.png,pai_2cols_20211228_152821_4235192693_600_800_mask.png,-982.0%
77,5,155,11,91,554,246,565,91,554,246,554,246,565,91,565,sub_line_text,text,text_2,times,regular,10,pai_2cols_20211228_152821_4235192693_600_800.png,/scratch/parceirosbr/bigoilict/share/BigOil/document_generator/datasets/documents_2021_12_28/pai_2cols_20211228_152821_4235192693_600_800.png,pai_2cols_20211228_152821_4235192693_600_800_mask.png,Uma  única  malha  de  590.939 célul-
87,5,175,11,70,569,245,580,70,569,245,569,245,580,70,580,sub_line_text,text,text_2,times,regular,10,pai_2cols_20211228_152821_4235192693_600_800.png,/scratch/parceirosbr/bigoilict/share/BigOil/document_generator/datasets/documents_2021_12_28/pai_2cols_20211228_152821_4235192693_600_800.png,pai_2cols_20211228_152821_4235192693_600_800_mask.png,"as   foi   gerada   na  geometria,  resultando"
88,5,177,11,70,584,247,595,70,584,247,584,247,595,70,595,sub_line_text,text,text_2,times,regular,10,pai_2cols_20211228_152821_4235192693_600_800.png,/scratch/parceirosbr/bigoilict/share/BigOil/document_generator/datasets/documents_2021_12_28/pai_2cols_20211228_152821_4235192693_600_800.png,pai_2cols_20211228_152821_4235192693_600_800_mask.png,em  um  bom  refino  das  células  ao longo
88,5,177,11,70,599,247,610,70,599,247,599,247,610,70,610,sub_line_text,text,text_2,times,regular,10,pai_2cols_20211228_152821_4235192693_600_800.png,/scratch/parceirosbr/bigoilict/share/BigOil/document_generator/datasets/documents_2021_12_28/pai_2cols_20211228_152821_4235192693_600_800.png,pai_2cols_20211228_152821_4235192693_600_800_mask.png,do  domínio.  4.2.  Short-Term  2014. 899-
88,5,176,11,70,614,246,625,70,614,246,614,246,625,70,625,sub_line_text,text,text_2,times,regular,10,pai_2cols_20211228_152821_4235192693_600_800.png,/scratch/parceirosbr/bigoilict/share/BigOil/document_generator/datasets/documents_2021_12_28/pai_2cols_20211228_152821_4235192693_600_800.png,pai_2cols_20211228_152821_4235192693_600_800_mask.png,0parte    mercado   internacionalboletim   a-
79,5,158,11,70,629,228,640,70,629,228,629,228,640,70,640,sub_line_text,text,text_2,times,regular,10,pai_2cols_20211228_152821_4235192693_600_800.png,/scratch/parceirosbr/bigoilict/share/BigOil/document_generator/datasets/documents_2021_12_28/pai_2cols_20211228_152821_4235192693_600_800.png,pai_2cols_20211228_152821_4235192693_600_800_mask.png,nual de preços 2014Conforme apresent.
88,43,177,86,70,554,247,640,70,554,247,554,247,640,70,640,text,text,text_2,times,regular,10,pai_2cols_20211228_152821_4235192693_600_800.png,/scratch/parceirosbr/bigoilict/share/BigOil/document_generator/datasets/documents_2021_12_28/pai_2cols_20211228_152821_4235192693_600_800.png,pai_2cols_20211228_152821_4235192693_600_800_mask.png,nan
73,5,146,11,91,646,237,657,91,646,237,646,237,657,91,657,sub_line_text,text,text_3,times,regular,10,pai_2cols_20211228_152821_4235192693_600_800.png,/scratch/parceirosbr/bigoilict/share/BigOil/document_generator/datasets/documents_2021_12_28/pai_2cols_20211228_152821_4235192693_600_800.png,pai_2cols_20211228_152821_4235192693_600_800_mask.png,"Then, there was an attempt to elim-."
73,5,146,11,91,646,237,657,91,646,237,646,237,657,91,657,text,text,text_3,times,regular,10,pai_2cols_20211228_152821_4235192693_600_800.png,/scratch/parceirosbr/bigoilict/share/BigOil/document_generator/datasets/documents_2021_12_28/pai_2cols_20211228_152821_4235192693_600_800.png,pai_2cols_20211228_152821_4235192693_600_800_mask.png,nan
76,8,153,16,283,87,436,103,283,87,436,87,436,103,283,103,sub_line_text,subtitle,subtitle_1,times,bolditalic,14,pai_2cols_20211228_152821_4235192693_600_800.png,/scratch/parceirosbr/bigoilict/share/BigOil/document_generator/datasets/documents_2021_12_28/pai_2cols_20211228_152821_4235192693_600_800.png,pai_2cols_20211228_152821_4235192693_600_800_mask.png,Condições reação influen-
76,8,153,16,283,87,436,103,283,87,436,87,436,103,283,103,title,subtitle,subtitle_1,times,bolditalic,14,pai_2cols_20211228_152821_4235192693_600_800.png,/scratch/parceirosbr/bigoilict/share/BigOil/document_generator/datasets/documents_2021_12_28/pai_2cols_20211228_152821_4235192693_600_800.png,pai_2cols_20211228_152821_4235192693_600_800_mask.png,nan
78,5,156,11,291,109,447,120,291,109,447,109,447,120,291,120,sub_line_text,text,text_4,times,regular,10,pai_2cols_20211228_152821_4235192693_600_800.png,/scratch/parceirosbr/bigoilict/share/BigOil/document_generator/datasets/documents_2021_12_28/pai_2cols_20211228_152821_4235192693_600_800.png,pai_2cols_20211228_152821_4235192693_600_800_mask.png,Apesar   de  não  estar  descrito  no  v-
87,5,175,11,270,124,445,135,270,124,445,124,445,135,270,135,sub_line_text,text,text_4,times,regular,10,pai_2cols_20211228_152821_4235192693_600_800.png,/scratch/parceirosbr/bigoilict/share/BigOil/document_generator/datasets/documents_2021_12_28/pai_2cols_20211228_152821_4235192693_600_800.png,pai_2cols_20211228_152821_4235192693_600_800_mask.png,ocabulário    internacional   de   metrologia
88,5,177,11,270,139,447,150,270,139,447,139,447,150,270,150,sub_line_text,text,text_4,times,regular,10,pai_2cols_20211228_152821_4235192693_600_800.png,/scratch/parceirosbr/bigoilict/share/BigOil/document_generator/datasets/documents_2021_12_28/pai_2cols_20211228_152821_4235192693_600_800.png,pai_2cols_20211228_152821_4235192693_600_800_mask.png,"2012),  o  termo  limite  de  quantificação é"
88,5,176,11,270,154,446,165,270,154,446,154,446,165,270,165,sub_line_text,text,text_4,times,regular,10,pai_2cols_20211228_152821_4235192693_600_800.png,/scratch/parceirosbr/bigoilict/share/BigOil/document_generator/datasets/documents_2021_12_28/pai_2cols_20211228_152821_4235192693_600_800.png,pai_2cols_20211228_152821_4235192693_600_800_mask.png,um   parâmetro  muito  empregado  em  en-
88,5,176,11,270,169,446,180,270,169,446,169,446,180,270,180,sub_line_text,text,text_4,times,regular,10,pai_2cols_20211228_152821_4235192693_600_800.png,/scratch/parceirosbr/bigoilict/share/BigOil/document_generator/datasets/documents_2021_12_28/pai_2cols_20211228_152821_4235192693_600_800.png,pai_2cols_20211228_152821_4235192693_600_800_mask.png,saios  de  validação.  de  recursos  humanos
88,5,176,11,270,184,446,195,270,184,446,184,446,195,270,195,sub_line_text,text,text_4,times,regular,10,pai_2cols_20211228_152821_4235192693_600_800.png,/scratch/parceirosbr/bigoilict/share/BigOil/document_generator/datasets/documents_2021_12_28/pai_2cols_20211228_152821_4235192693_600_800.png,pai_2cols_20211228_152821_4235192693_600_800_mask.png,da  para  o  setor  petróleo  e  gás  na. de fl-
87,5,175,11,270,199,445,210,270,199,445,199,445,210,270,210,sub_line_text,text,text_4,times,regular,10,pai_2cols_20211228_152821_4235192693_600_800.png,/scratch/parceirosbr/bigoilict/share/BigOil/document_generator/datasets/documents_2021_12_28/pai_2cols_20211228_152821_4235192693_600_800.png,pai_2cols_20211228_152821_4235192693_600_800_mask.png,uidos   de  perfuração  a  base  de  óleos  v-
87,5,175,11,270,214,445,225,270,214,445,214,445,225,270,225,sub_line_text,text,text_4,times,regular,10,pai_2cols_20211228_152821_4235192693_600_800.png,/scratch/parceirosbr/bigoilict/share/BigOil/document_generator/datasets/documents_2021_12_28/pai_2cols_20211228_152821_4235192693_600_800.png,pai_2cols_20211228_152821_4235192693_600_800_mask.png,egetais.  2003.  p2.  A  técnica  de  infrave-
79,5,159,11,270,229,429,240,270,229,429,229,429,240,270,240,sub_line_text,text,text_4,times,regular,10,pai_2cols_20211228_152821_4235192693_600_800.png,/scratch/parceirosbr/bigoilict/share/BigOil/document_generator/datasets/documents_2021_12_28/pai_2cols_20211228_152821_4235192693_600_800.png,pai_2cols_20211228_152821_4235192693_600_800_mask.png,rmelho também tem sido aplicada com.
88,65,177,131,270,109,447,240,270,109,447,109,447,240,270,240,text,text,text_4,times,regular,10,pai_2cols_20211228_152821_4235192693_600_800.png,/scratch/parceirosbr/bigoilict/share/BigOil/document_generator/datasets/documents_2021_12_28/pai_2cols_20211228_152821_4235192693_600_800.png,pai_2cols_20211228_152821_4235192693_600_800_mask.png,nan
78,5,157,11,288,246,445,257,288,246,445,246,445,257,288,257,sub_line_text,table_legend,table_0,times,italic,9,pai_2cols_20211228_152821_4235192693_600_800.png,/scratch/parceirosbr/bigoilict/share/BigOil/document_generator/datasets/documents_2021_12_28/pai_2cols_20211228_152821_4235192693_600_800.png,pai_2cols_20211228_152821_4235192693_600_800_mask.png,Table  48:    Utilizando a equação de em
79,5,158,11,288,261,446,272,288,261,446,261,446,272,288,272,sub_line_text,table_legend,table_0,times,italic,9,pai_2cols_20211228_152821_4235192693_600_800.png,/scratch/parceirosbr/bigoilict/share/BigOil/document_generator/datasets/documents_2021_12_28/pai_2cols_20211228_152821_4235192693_600_800.png,pai_2cols_20211228_152821_4235192693_600_800_mask.png,"sua   forma   linearizada  (Equação  14),"
78,5,157,11,288,276,445,287,288,276,445,276,445,287,288,287,sub_line_text,table_legend,table_0,times,italic,9,pai_2cols_20211228_152821_4235192693_600_800.png,/scratch/parceirosbr/bigoilict/share/BigOil/document_generator/datasets/documents_2021_12_28/pai_2cols_20211228_152821_4235192693_600_800.png,pai_2cols_20211228_152821_4235192693_600_800_mask.png,através   do   traçado  de  um  gráfico  de
74,5,149,11,288,291,437,302,288,291,437,291,437,302,288,302,sub_line_text,table_legend,table_0,times,italic,9,pai_2cols_20211228_152821_4235192693_600_800.png,/scratch/parceirosbr/bigoilict/share/BigOil/document_generator/datasets/documents_2021_12_28/pai_2cols_20211228_152821_4235192693_600_800.png,pai_2cols_20211228_152821_4235192693_600_800_mask.png,obteve-se uma reta de declividade (1/b
79,28,158,56,288,246,446,302,288,246,446,246,446,302,288,302,text,table_legend,table_0,times,italic,9,pai_2cols_20211228_152821_4235192693_600_800.png,/scratch/parceirosbr/bigoilict/share/BigOil/document_generator/datasets/documents_2021_12_28/pai_2cols_20211228_152821_4235192693_600_800.png,pai_2cols_20211228_152821_4235192693_600_800_mask.png,nan
85,49,171,98,274,307,445,405,274,307,445,307,445,405,274,405,table,table_image,table_0,,,,pai_2cols_20211228_152821_4235192693_600_800.png,/scratch/parceirosbr/bigoilict/share/BigOil/document_generator/datasets/documents_2021_12_28/pai_2cols_20211228_152821_4235192693_600_800.png,pai_2cols_20211228_152821_4235192693_600_800_mask.png,output/gen_tab_20211228_152823_2224303004.png
23,6,47,12,284,310,331,322,284,310,331,310,331,322,284,322,text,table_text,table_0,opensans,regular,10.0,pai_2cols_20211228_152821_4235192693_600_800.png,/scratch/parceirosbr/bigoilict/share/BigOil/document_generator/datasets/documents_2021_12_28/pai_2cols_20211228_152821_4235192693_600_800.png,pai_2cols_20211228_152821_4235192693_600_800_mask.png,cinéticade
23,6,47,12,284,310,331,322,284,310,331,310,331,322,284,322,sub_line_text,table_text,table_0,opensans,regular,10.0,pai_2cols_20211228_152821_4235192693_600_800.png,/scratch/parceirosbr/bigoilict/share/BigOil/document_generator/datasets/documents_2021_12_28/pai_2cols_20211228_152821_4235192693_600_800.png,pai_2cols_20211228_152821_4235192693_600_800_mask.png,cinéticade
10,6,20,12,311,324,331,336,311,324,331,324,331,336,311,336,text,table_text,table_0,opensans,regular,10.0,pai_2cols_20211228_152821_4235192693_600_800.png,/scratch/parceirosbr/bigoilict/share/BigOil/document_generator/datasets/documents_2021_12_28/pai_2cols_20211228_152821_4235192693_600_800.png,pai_2cols_20211228_152821_4235192693_600_800_mask.png,caso
10,6,20,12,311,324,331,336,311,324,331,324,331,336,311,336,sub_line_text,table_text,table_0,opensans,regular,10.0,pai_2cols_20211228_152821_4235192693_600_800.png,/scratch/parceirosbr/bigoilict/share/BigOil/document_generator/datasets/documents_2021_12_28/pai_2cols_20211228_152821_4235192693_600_800.png,pai_2cols_20211228_152821_4235192693_600_800_mask.png,caso
9,6,19,12,312,346,331,358,312,346,331,346,331,358,312,358,text,table_text,table_0,opensans,bold,10.0,pai_2cols_20211228_152821_4235192693_600_800.png,/scratch/parceirosbr/bigoilict/share/BigOil/document_generator/datasets/documents_2021_12_28/pai_2cols_20211228_152821_4235192693_600_800.png,pai_2cols_20211228_152821_4235192693_600_800_mask.png,4.82
9,6,19,12,312,346,331,358,312,346,331,346,331,358,312,358,sub_line_text,table_text,table_0,opensans,bold,10.0,pai_2cols_20211228_152821_4235192693_600_800.png,/scratch/parceirosbr/bigoilict/share/BigOil/document_generator/datasets/documents_2021_12_28/pai_2cols_20211228_152821_4235192693_600_800.png,pai_2cols_20211228_152821_4235192693_600_800_mask.png,4.82
9,6,19,12,312,362,331,374,312,362,331,362,331,374,312,374,text,table_text,table_0,opensans,bold,10.0,pai_2cols_20211228_152821_4235192693_600_800.png,/scratch/parceirosbr/bigoilict/share/BigOil/document_generator/datasets/documents_2021_12_28/pai_2cols_20211228_152821_4235192693_600_800.png,pai_2cols_20211228_152821_4235192693_600_800_mask.png,4.54
9,6,19,12,312,362,331,374,312,362,331,362,331,374,312,374,sub_line_text,table_text,table_0,opensans,bold,10.0,pai_2cols_20211228_152821_4235192693_600_800.png,/scratch/parceirosbr/bigoilict/share/BigOil/document_generator/datasets/documents_2021_12_28/pai_2cols_20211228_152821_4235192693_600_800.png,pai_2cols_20211228_152821_4235192693_600_800_mask.png,4.54
15,6,31,12,410,377,441,389,410,377,441,377,441,389,410,389,text,table_text,table_0,opensans,regular,10.0,pai_2cols_20211228_152821_4235192693_600_800.png,/scratch/parceirosbr/bigoilict/share/BigOil/document_generator/datasets/documents_2021_12_28/pai_2cols_20211228_152821_4235192693_600_800.png,pai_2cols_20211228_152821_4235192693_600_800_mask.png,339.36
15,6,31,12,410,377,441,389,410,377,441,377,441,389,410,389,sub_line_text,table_text,table_0,opensans,regular,10.0,pai_2cols_20211228_152821_4235192693_600_800.png,/scratch/parceirosbr/bigoilict/share/BigOil/document_generator/datasets/documents_2021_12_28/pai_2cols_20211228_152821_4235192693_600_800.png,pai_2cols_20211228_152821_4235192693_600_800_mask.png,339.36
12,6,25,12,376,310,401,322,376,310,401,310,401,322,376,322,text,table_text,table_0,opensans,regular,10.0,pai_2cols_20211228_152821_4235192693_600_800.png,/scratch/parceirosbr/bigoilict/share/BigOil/document_generator/datasets/documents_2021_12_28/pai_2cols_20211228_152821_4235192693_600_800.png,pai_2cols_20211228_152821_4235192693_600_800_mask.png,fundo
12,6,25,12,376,310,401,322,376,310,401,310,401,322,376,322,sub_line_text,table_text,table_0,opensans,regular,10.0,pai_2cols_20211228_152821_4235192693_600_800.png,/scratch/parceirosbr/bigoilict/share/BigOil/document_generator/datasets/documents_2021_12_28/pai_2cols_20211228_152821_4235192693_600_800.png,pai_2cols_20211228_152821_4235192693_600_800_mask.png,fundo
14,6,29,12,374,324,403,336,374,324,403,324,403,336,374,336,text,table_text,table_0,opensans,regular,10.0,pai_2cols_20211228_152821_4235192693_600_800.png,/scratch/parceirosbr/bigoilict/share/BigOil/document_generator/datasets/documents_2021_12_28/pai_2cols_20211228_152821_4235192693_600_800.png,pai_2cols_20211228_152821_4235192693_600_800_mask.png,custos
14,6,29,12,374,324,403,336,374,324,403,324,403,336,374,336,sub_line_text,table_text,table_0,opensans,regular,10.0,pai_2cols_20211228_152821_4235192693_600_800.png,/scratch/parceirosbr/bigoilict/share/BigOil/document_generator/datasets/documents_2021_12_28/pai_2cols_20211228_152821_4235192693_600_800.png,pai_2cols_20211228_152821_4235192693_600_800_mask.png,custos
21,6,42,12,347,346,389,358,347,346,389,346,389,358,347,358,text,table_text,table_0,opensans,bold,10.0,pai_2cols_20211228_152821_4235192693_600_800.png,/scratch/parceirosbr/bigoilict/share/BigOil/document_generator/datasets/documents_2021_12_28/pai_2cols_20211228_152821_4235192693_600_800.png,pai_2cols_20211228_152821_4235192693_600_800_mask.png,550.0081
21,6,42,12,347,346,389,358,347,346,389,346,389,358,347,358,sub_line_text,table_text,table_0,opensans,bold,10.0,pai_2cols_20211228_152821_4235192693_600_800.png,/scratch/parceirosbr/bigoilict/share/BigOil/document_generator/datasets/documents_2021_12_28/pai_2cols_20211228_152821_4235192693_600_800.png,pai_2cols_20211228_152821_4235192693_600_800_mask.png,550.0081
21,6,42,12,347,362,389,374,347,362,389,362,389,374,347,374,text,table_text,table_0,opensans,bold,10.0,pai_2cols_20211228_152821_4235192693_600_800.png,/scratch/parceirosbr/bigoilict/share/BigOil/document_generator/datasets/documents_2021_12_28/pai_2cols_20211228_152821_4235192693_600_800.png,pai_2cols_20211228_152821_4235192693_600_800_mask.png,872.4335
21,6,42,12,347,362,389,374,347,362,389,362,389,374,347,374,sub_line_text,table_text,table_0,opensans,bold,10.0,pai_2cols_20211228_152821_4235192693_600_800.png,/scratch/parceirosbr/bigoilict/share/BigOil/document_generator/datasets/documents_2021_12_28/pai_2cols_20211228_152821_4235192693_600_800.png,pai_2cols_20211228_152821_4235192693_600_800_mask.png,872.4335
15,6,30,12,403,346,433,358,403,346,433,346,433,358,403,358,text,table_text,table_0,opensans,bold,10.0,pai_2cols_20211228_152821_4235192693_600_800.png,/scratch/parceirosbr/bigoilict/share/BigOil/document_generator/datasets/documents_2021_12_28/pai_2cols_20211228_152821_4235192693_600_800.png,pai_2cols_20211228_152821_4235192693_600_800_mask.png,fatode
15,6,30,12,403,346,433,358,403,346,433,346,433,358,403,358,sub_line_text,table_text,table_0,opensans,bold,10.0,pai_2cols_20211228_152821_4235192693_600_800.png,/scratch/parceirosbr/bigoilict/share/BigOil/document_generator/datasets/documents_2021_12_28/pai_2cols_20211228_152821_4235192693_600_800.png,pai_2cols_20211228_152821_4235192693_600_800_mask.png,fatode
9,6,18,12,408,362,426,374,408,362,426,362,426,374,408,374,text,table_text,table_0,opensans,bold,10.0,pai_2cols_20211228_152821_4235192693_600_800.png,/scratch/parceirosbr/bigoilict/share/BigOil/document_generator/datasets/documents_2021_12_28/pai_2cols_20211228_152821_4235192693_600_800.png,pai_2cols_20211228_152821_4235192693_600_800_mask.png,que
9,6,18,12,408,362,426,374,408,362,426,362,426,374,408,374,sub_line_text,table_text,table_0,opensans,bold,10.0,pai_2cols_20211228_152821_4235192693_600_800.png,/scratch/parceirosbr/bigoilict/share/BigOil/document_generator/datasets/documents_2021_12_28/pai_2cols_20211228_152821_4235192693_600_800.png,pai_2cols_20211228_152821_4235192693_600_800_mask.png,que
72,5,145,11,288,419,433,430,288,419,433,419,433,430,288,430,sub_line_text,table_legend,table_0,times,italic,9,pai_2cols_20211228_152821_4235192693_600_800.png,/scratch/parceirosbr/bigoilict/share/BigOil/document_generator/datasets/documents_2021_12_28/pai_2cols_20211228_152821_4235192693_600_800.png,pai_2cols_20211228_152821_4235192693_600_800_mask.png,Tab.  27:    sugere que a avaliação da
72,5,145,11,288,434,433,445,288,434,433,434,433,445,288,445,sub_line_text,table_legend,table_0,times,italic,9,pai_2cols_20211228_152821_4235192693_600_800.png,/scratch/parceirosbr/bigoilict/share/BigOil/document_generator/datasets/documents_2021_12_28/pai_2cols_20211228_152821_4235192693_600_800.png,pai_2cols_20211228_152821_4235192693_600_800_mask.png,resistência   à   fadiga   em  seja  feita
56,5,112,11,288,449,400,460,288,449,400,449,400,460,288,460,sub_line_text,table_legend,table_0,times,italic,9,pai_2cols_20211228_152821_4235192693_600_800.png,/scratch/parceirosbr/bigoilict/share/BigOil/document_generator/datasets/documents_2021_12_28/pai_2cols_20211228_152821_4235192693_600_800.png,pai_2cols_20211228_152821_4235192693_600_800_mask.png,em conexões de reforçadores
72,20,145,41,288,419,433,460,288,419,433,419,433,460,288,460,text,table_legend,table_0,times,italic,9,pai_2cols_20211228_152821_4235192693_600_800.png,/scratch/parceirosbr/bigoilict/share/BigOil/document_generator/datasets/documents_2021_12_28/pai_2cols_20211228_152821_4235192693_600_800.png,pai_2cols_20211228_152821_4235192693_600_800_mask.png,nan
85,51,171,103,274,465,445,568,274,465,445,465,445,568,274,568,table,table_image,table_0,,,,pai_2cols_20211228_152821_4235192693_600_800.png,/scratch/parceirosbr/bigoilict/share/BigOil/document_generator/datasets/documents_2021_12_28/pai_2cols_20211228_152821_4235192693_600_800.png,pai_2cols_20211228_152821_4235192693_600_800_mask.png,output/gen_tab_20211228_152823_2137756390.png
5,6,10,12,331,468,341,480,331,468,341,468,341,480,331,480,text,table_text,table_0,roboto,italic,10.0,pai_2cols_20211228_152821_4235192693_600_800.png,/scratch/parceirosbr/bigoilict/share/BigOil/document_generator/datasets/documents_2021_12_28/pai_2cols_20211228_152821_4235192693_600_800.png,pai_2cols_20211228_152821_4235192693_600_800_mask.png,da
5,6,10,12,331,468,341,480,331,468,341,468,341,480,331,480,sub_line_text,table_text,table_0,roboto,italic,10.0,pai_2cols_20211228_152821_4235192693_600_800.png,/scratch/parceirosbr/bigoilict/share/BigOil/document_generator/datasets/documents_2021_12_28/pai_2cols_20211228_152821_4235192693_600_800.png,pai_2cols_20211228_152821_4235192693_600_800_mask.png,da
29,5,59,11,282,489,341,500,282,489,341,489,341,500,282,500,text,table_text,table_0,roboto,regular,10.0,pai_2cols_20211228_152821_4235192693_600_800.png,/scratch/parceirosbr/bigoilict/share/BigOil/document_generator/datasets/documents_2021_12_28/pai_2cols_20211228_152821_4235192693_600_800.png,pai_2cols_20211228_152821_4235192693_600_800_mask.png,1987906.372
29,5,59,11,282,489,341,500,282,489,341,489,341,500,282,500,sub_line_text,table_text,table_0,roboto,regular,10.0,pai_2cols_20211228_152821_4235192693_600_800.png,/scratch/parceirosbr/bigoilict/share/BigOil/document_generator/datasets/documents_2021_12_28/pai_2cols_20211228_152821_4235192693_600_800.png,pai_2cols_20211228_152821_4235192693_600_800_mask.png,1987906.372
29,5,59,11,282,504,341,515,282,504,341,504,341,515,282,515,text,table_text,table_0,roboto,regular,10.0,pai_2cols_20211228_152821_4235192693_600_800.png,/scratch/parceirosbr/bigoilict/share/BigOil/document_generator/datasets/documents_2021_12_28/pai_2cols_20211228_152821_4235192693_600_800.png,pai_2cols_20211228_152821_4235192693_600_800_mask.png,5668984.209
29,5,59,11,282,504,341,515,282,504,341,504,341,515,282,515,sub_line_text,table_text,table_0,roboto,regular,10.0,pai_2cols_20211228_152821_4235192693_600_800.png,/scratch/parceirosbr/bigoilict/share/BigOil/document_generator/datasets/documents_2021_12_28/pai_2cols_20211228_152821_4235192693_600_800.png,pai_2cols_20211228_152821_4235192693_600_800_mask.png,5668984.209
27,5,54,11,288,518,342,529,288,518,342,518,342,529,288,529,text,table_text,table_0,roboto,regular,10.0,pai_2cols_20211228_152821_4235192693_600_800.png,/scratch/parceirosbr/bigoilict/share/BigOil/document_generator/datasets/documents_2021_12_28/pai_2cols_20211228_152821_4235192693_600_800.png,pai_2cols_20211228_152821_4235192693_600_800_mask.png,824110.913
27,5,54,11,288,518,342,529,288,518,342,518,342,529,288,529,sub_line_text,table_text,table_0,roboto,regular,10.0,pai_2cols_20211228_152821_4235192693_600_800.png,/scratch/parceirosbr/bigoilict/share/BigOil/document_generator/datasets/documents_2021_12_28/pai_2cols_20211228_152821_4235192693_600_800.png,pai_2cols_20211228_152821_4235192693_600_800_mask.png,824110.913
29,5,59,11,282,532,341,543,282,532,341,532,341,543,282,543,text,table_text,table_0,roboto,regular,10.0,pai_2cols_20211228_152821_4235192693_600_800.png,/scratch/parceirosbr/bigoilict/share/BigOil/document_generator/datasets/documents_2021_12_28/pai_2cols_20211228_152821_4235192693_600_800.png,pai_2cols_20211228_152821_4235192693_600_800_mask.png,9115142.626
29,5,59,11,282,532,341,543,282,532,341,532,341,543,282,543,sub_line_text,table_text,table_0,roboto,regular,10.0,pai_2cols_20211228_152821_4235192693_600_800.png,/scratch/parceirosbr/bigoilict/share/BigOil/document_generator/datasets/documents_2021_12_28/pai_2cols_20211228_152821_4235192693_600_800.png,pai_2cols_20211228_152821_4235192693_600_800_mask.png,9115142.626
32,6,65,12,376,547,441,559,376,547,441,547,441,559,376,559,text,table_text,table_0,roboto,italic,10.0,pai_2cols_20211228_152821_4235192693_600_800.png,/scratch/parceirosbr/bigoilict/share/BigOil/document_generator/datasets/documents_2021_12_28/pai_2cols_20211228_152821_4235192693_600_800.png,pai_2cols_20211228_152821_4235192693_600_800_mask.png,88960738.900
32,6,65,12,376,547,441,559,376,547,441,547,441,559,376,559,sub_line_text,table_text,table_0,roboto,italic,10.0,pai_2cols_20211228_152821_4235192693_600_800.png,/scratch/parceirosbr/bigoilict/share/BigOil/document_generator/datasets/documents_2021_12_28/pai_2cols_20211228_152821_4235192693_600_800.png,pai_2cols_20211228_152821_4235192693_600_800_mask.png,88960738.900
18,6,37,12,405,468,442,480,405,468,442,468,442,480,405,480,text,table_text,table_0,roboto,italic,10.0,pai_2cols_20211228_152821_4235192693_600_800.png,/scratch/parceirosbr/bigoilict/share/BigOil/document_generator/datasets/documents_2021_12_28/pai_2cols_20211228_152821_4235192693_600_800.png,pai_2cols_20211228_152821_4235192693_600_800_mask.png,alocação
18,6,37,12,405,468,442,480,405,468,442,468,442,480,405,480,sub_line_text,table_text,table_0,roboto,italic,10.0,pai_2cols_20211228_152821_4235192693_600_800.png,/scratch/parceirosbr/bigoilict/share/BigOil/document_generator/datasets/documents_2021_12_28/pai_2cols_20211228_152821_4235192693_600_800.png,pai_2cols_20211228_152821_4235192693_600_800_mask.png,alocação
18,5,37,11,405,489,442,500,405,489,442,489,442,500,405,500,text,table_text,table_0,roboto,regular,10.0,pai_2cols_20211228_152821_4235192693_600_800.png,/scratch/parceirosbr/bigoilict/share/BigOil/document_generator/datasets/documents_2021_12_28/pai_2cols_20211228_152821_4235192693_600_800.png,pai_2cols_20211228_152821_4235192693_600_800_mask.png,6077.06
18,5,37,11,405,489,442,500,405,489,442,489,442,500,405,500,sub_line_text,table_text,table_0,roboto,regular,10.0,pai_2cols_20211228_152821_4235192693_600_800.png,/scratch/parceirosbr/bigoilict/share/BigOil/document_generator/datasets/documents_2021_12_28/pai_2cols_20211228_152821_4235192693_600_800.png,pai_2cols_20211228_152821_4235192693_600_800_mask.png,6077.06
21,5,42,11,399,504,441,515,399,504,441,504,441,515,399,515,text,table_text,table_0,roboto,regular,10.0,pai_2cols_20211228_152821_4235192693_600_800.png,/scratch/parceirosbr/bigoilict/share/BigOil/document_generator/datasets/documents_2021_12_28/pai_2cols_20211228_152821_4235192693_600_800.png,pai_2cols_20211228_152821_4235192693_600_800_mask.png,17472.28
21,5,42,11,399,504,441,515,399,504,441,504,441,515,399,515,sub_line_text,table_text,table_0,roboto,regular,10.0,pai_2cols_20211228_152821_4235192693_600_800.png,/scratch/parceirosbr/bigoilict/share/BigOil/document_generator/datasets/documents_2021_12_28/pai_2cols_20211228_152821_4235192693_600_800.png,pai_2cols_20211228_152821_4235192693_600_800_mask.png,17472.28
32,5,65,11,376,518,441,529,376,518,441,518,441,529,376,529,text,table_text,table_0,roboto,regular,10.0,pai_2cols_20211228_152821_4235192693_600_800.png,/scratch/parceirosbr/bigoilict/share/BigOil/document_generator/datasets/documents_2021_12_28/pai_2cols_20211228_152821_4235192693_600_800.png,pai_2cols_20211228_152821_4235192693_600_800_mask.png,957289942.14
32,5,65,11,376,518,441,529,376,518,441,518,441,529,376,529,sub_line_text,table_text,table_0,roboto,regular,10.0,pai_2cols_20211228_152821_4235192693_600_800.png,/scratch/parceirosbr/bigoilict/share/BigOil/document_generator/datasets/documents_2021_12_28/pai_2cols_20211228_152821_4235192693_600_800.png,pai_2cols_20211228_152821_4235192693_600_800_mask.png,957289942.14
21,5,42,11,399,532,441,543,399,532,441,532,441,543,399,543,text,table_text,table_0,roboto,regular,10.0,pai_2cols_20211228_152821_4235192693_600_800.png,/scratch/parceirosbr/bigoilict/share/BigOil/document_generator/datasets/documents_2021_12_28/pai_2cols_20211228_152821_4235192693_600_800.png,pai_2cols_20211228_152821_4235192693_600_800_mask.png,30688.98
21,5,42,11,399,532,441,543,399,532,441,532,441,543,399,543,sub_line_text,table_text,table_0,roboto,regular,10.0,pai_2cols_20211228_152821_4235192693_600_800.png,/scratch/parceirosbr/bigoilict/share/BigOil/document_generator/datasets/documents_2021_12_28/pai_2cols_20211228_152821_4235192693_600_800.png,pai_2cols_20211228_152821_4235192693_600_800_mask.png,30688.98
78,5,156,11,291,574,447,585,291,574,447,574,447,585,291,585,sub_line_text,text,text_5,times,regular,10,pai_2cols_20211228_152821_4235192693_600_800.png,/scratch/parceirosbr/bigoilict/share/BigOil/document_generator/datasets/documents_2021_12_28/pai_2cols_20211228_152821_4235192693_600_800.png,pai_2cols_20211228_152821_4235192693_600_800_mask.png,"A  teve  crescimento  de  9,4%  na  pr-"
88,5,176,11,270,589,446,600,270,589,446,589,446,600,270,600,sub_line_text,text,text_5,times,regular,10,pai_2cols_20211228_152821_4235192693_600_800.png,/scratch/parceirosbr/bigoilict/share/BigOil/document_generator/datasets/documents_2021_12_28/pai_2cols_20211228_152821_4235192693_600_800.png,pai_2cols_20211228_152821_4235192693_600_800_mask.png,"odução  de  etanol  hidratado,  que  atin-giu"
88,5,176,11,270,604,446,615,270,604,446,604,446,615,270,615,sub_line_text,text,text_5,times,regular,10,pai_2cols_20211228_152821_4235192693_600_800.png,/scratch/parceirosbr/bigoilict/share/BigOil/document_generator/datasets/documents_2021_12_28/pai_2cols_20211228_152821_4235192693_600_800.png,pai_2cols_20211228_152821_4235192693_600_800_mask.png,"1  milhão  de  m3, 6,3% do total. Removal"
88,5,177,11,270,619,447,630,270,619,447,619,447,630,270,630,sub_line_text,text,text_5,times,regular,10,pai_2cols_20211228_152821_4235192693_600_800.png,/scratch/parceirosbr/bigoilict/share/BigOil/document_generator/datasets/documents_2021_12_28/pai_2cols_20211228_152821_4235192693_600_800.png,pai_2cols_20211228_152821_4235192693_600_800_mask.png,starts   to  be  significant  after  ph  10  and
80,5,160,11,270,634,430,645,270,634,430,634,430,645,270,645,sub_line_text,text,text_5,times,regular,10,pai_2cols_20211228_152821_4235192693_600_800.png,/scratch/parceirosbr/bigoilict/share/BigOil/document_generator/datasets/documents_2021_12_28/pai_2cols_20211228_152821_4235192693_600_800.png,pai_2cols_20211228_152821_4235192693_600_800_mask.png,reaches a removal of almost 40% in cal.
88,35,177,71,270,574,447,645,270,574,447,574,447,645,270,645,text,text,text_5,times,regular,10,pai_2cols_20211228_152821_4235192693_600_800.png,/scratch/parceirosbr/bigoilict/share/BigOil/document_generator/datasets/documents_2021_12_28/pai_2cols_20211228_152821_4235192693_600_800.png,pai_2cols_20211228_152821_4235192693_600_800_mask.png,nan
70,5,141,11,291,651,432,662,291,651,432,651,432,662,291,662,sub_line_text,text,text_6,times,regular,10,pai_2cols_20211228_152821_4235192693_600_800.png,/scratch/parceirosbr/bigoilict/share/BigOil/document_generator/datasets/documents_2021_12_28/pai_2cols_20211228_152821_4235192693_600_800.png,pai_2cols_20211228_152821_4235192693_600_800_mask.png,List of m: cubic meters bbl: barre-.
70,5,141,11,291,651,432,662,291,651,432,651,432,662,291,662,text,text,text_6,times,regular,10,pai_2cols_20211228_152821_4235192693_600_800.png,/scratch/parceirosbr/bigoilict/share/BigOil/document_generator/datasets/documents_2021_12_28/pai_2cols_20211228_152821_4235192693_600_800.png,pai_2cols_20211228_152821_4235192693_600_800_mask.png,nan
