center_x,center_y,width,height,xmin,ymin,xmax,ymax,top_left_x,top_left_y,top_right_x,top_right_y,bottom_right_x,bottom_right_y,bottom_left_x,bottom_left_y,label,grouplabel,group,text_font,text_style,size_font,filename,path,filename_mask,content
300,400,600,800,0,0,600,800,0,0,600,0,600,800,0,800,document,,,,,,pai_1col_20211228_152738_3225938310_600_800.png,/scratch/parceirosbr/bigoilict/share/BigOil/document_generator/datasets/documents_2021_12_28/pai_1col_20211228_152738_3225938310_600_800.png,pai_1col_20211228_152738_3225938310_600_800_mask.png,
241,0,483,1,67,730,550,731,67,730,550,730,550,731,67,731,line,line,line,,,,pai_1col_20211228_152738_3225938310_600_800.png,/scratch/parceirosbr/bigoilict/share/BigOil/document_generator/datasets/documents_2021_12_28/pai_1col_20211228_152738_3225938310_600_800.png,pai_1col_20211228_152738_3225938310_600_800_mask.png,nan
4,4,9,9,540,730,549,739,540,730,549,730,549,739,540,739,sub_line_text,numpag,footer_1,arial,regular,8,pai_1col_20211228_152738_3225938310_600_800.png,/scratch/parceirosbr/bigoilict/share/BigOil/document_generator/datasets/documents_2021_12_28/pai_1col_20211228_152738_3225938310_600_800.png,pai_1col_20211228_152738_3225938310_600_800_mask.png,42
4,4,9,9,540,730,549,739,540,730,549,730,549,739,540,739,text,numpag,footer_1,arial,regular,8,pai_1col_20211228_152738_3225938310_600_800.png,/scratch/parceirosbr/bigoilict/share/BigOil/document_generator/datasets/documents_2021_12_28/pai_1col_20211228_152738_3225938310_600_800.png,pai_1col_20211228_152738_3225938310_600_800_mask.png,nan
107,107,215,215,263,80,478,295,263,80,478,80,478,295,263,295,image,figure_image,figure_0,,,,pai_1col_20211228_152738_3225938310_600_800.png,/scratch/parceirosbr/bigoilict/share/BigOil/document_generator/datasets/documents_2021_12_28/pai_1col_20211228_152738_3225938310_600_800.png,pai_1col_20211228_152738_3225938310_600_800_mask.png,output/gen_img_20211228_152738_8607622755.png
13,3,26,6,310,256,336,262,310,256,335,256,336,262,310,262,text,figure_text,figure_0,,,,pai_1col_20211228_152738_3225938310_600_800.png,/scratch/parceirosbr/bigoilict/share/BigOil/document_generator/datasets/documents_2021_12_28/pai_1col_20211228_152738_3225938310_600_800.png,pai_1col_20211228_152738_3225938310_600_800_mask.png,Liters [ML]
13,3,26,6,310,256,336,262,310,256,335,256,336,262,310,262,sub_line_text,figure_text,figure_0,,,,pai_1col_20211228_152738_3225938310_600_800.png,/scratch/parceirosbr/bigoilict/share/BigOil/document_generator/datasets/documents_2021_12_28/pai_1col_20211228_152738_3225938310_600_800.png,pai_1col_20211228_152738_3225938310_600_800_mask.png,Liters [ML]
13,2,27,5,395,168,422,173,395,168,422,168,422,174,395,173,text,figure_text,figure_0,,,,pai_1col_20211228_152738_3225938310_600_800.png,/scratch/parceirosbr/bigoilict/share/BigOil/document_generator/datasets/documents_2021_12_28/pai_1col_20211228_152738_3225938310_600_800.png,pai_1col_20211228_152738_3225938310_600_800_mask.png,-3694.26%
13,2,27,5,395,168,422,173,395,168,422,168,422,174,395,173,sub_line_text,figure_text,figure_0,,,,pai_1col_20211228_152738_3225938310_600_800.png,/scratch/parceirosbr/bigoilict/share/BigOil/document_generator/datasets/documents_2021_12_28/pai_1col_20211228_152738_3225938310_600_800.png,pai_1col_20211228_152738_3225938310_600_800_mask.png,-3694.26%
9,2,19,5,314,162,333,167,314,162,332,162,333,167,314,167,text,figure_text,figure_0,,,,pai_1col_20211228_152738_3225938310_600_800.png,/scratch/parceirosbr/bigoilict/share/BigOil/document_generator/datasets/documents_2021_12_28/pai_1col_20211228_152738_3225938310_600_800.png,pai_1col_20211228_152738_3225938310_600_800_mask.png,-8618.7
9,2,19,5,314,162,333,167,314,162,332,162,333,167,314,167,sub_line_text,figure_text,figure_0,,,,pai_1col_20211228_152738_3225938310_600_800.png,/scratch/parceirosbr/bigoilict/share/BigOil/document_generator/datasets/documents_2021_12_28/pai_1col_20211228_152738_3225938310_600_800.png,pai_1col_20211228_152738_3225938310_600_800_mask.png,-8618.7
9,2,19,5,448,156,467,161,448,156,467,156,467,161,448,161,text,figure_text,figure_0,,,,pai_1col_20211228_152738_3225938310_600_800.png,/scratch/parceirosbr/bigoilict/share/BigOil/document_generator/datasets/documents_2021_12_28/pai_1col_20211228_152738_3225938310_600_800.png,pai_1col_20211228_152738_3225938310_600_800_mask.png,-3256.0
9,2,19,5,448,156,467,161,448,156,467,156,467,161,448,161,sub_line_text,figure_text,figure_0,,,,pai_1col_20211228_152738_3225938310_600_800.png,/scratch/parceirosbr/bigoilict/share/BigOil/document_generator/datasets/documents_2021_12_28/pai_1col_20211228_152738_3225938310_600_800.png,pai_1col_20211228_152738_3225938310_600_800_mask.png,-3256.0
19,3,38,7,402,180,440,187,402,181,440,180,440,186,402,187,text,figure_text,figure_0,,,,pai_1col_20211228_152738_3225938310_600_800.png,/scratch/parceirosbr/bigoilict/share/BigOil/document_generator/datasets/documents_2021_12_28/pai_1col_20211228_152738_3225938310_600_800.png,pai_1col_20211228_152738_3225938310_600_800_mask.png,Production (TB)
19,3,38,7,402,180,440,187,402,181,440,180,440,186,402,187,sub_line_text,figure_text,figure_0,,,,pai_1col_20211228_152738_3225938310_600_800.png,/scratch/parceirosbr/bigoilict/share/BigOil/document_generator/datasets/documents_2021_12_28/pai_1col_20211228_152738_3225938310_600_800.png,pai_1col_20211228_152738_3225938310_600_800_mask.png,Production (TB)
14,2,28,5,347,230,375,235,347,231,374,230,375,235,347,235,text,figure_text,figure_0,,,,pai_1col_20211228_152738_3225938310_600_800.png,/scratch/parceirosbr/bigoilict/share/BigOil/document_generator/datasets/documents_2021_12_28/pai_1col_20211228_152738_3225938310_600_800.png,pai_1col_20211228_152738_3225938310_600_800_mask.png,-1138.26%
14,2,28,5,347,230,375,235,347,231,374,230,375,235,347,235,sub_line_text,figure_text,figure_0,,,,pai_1col_20211228_152738_3225938310_600_800.png,/scratch/parceirosbr/bigoilict/share/BigOil/document_generator/datasets/documents_2021_12_28/pai_1col_20211228_152738_3225938310_600_800.png,pai_1col_20211228_152738_3225938310_600_800_mask.png,-1138.26%
12,3,24,6,425,258,449,264,425,258,449,258,449,264,425,264,text,figure_text,figure_0,,,,pai_1col_20211228_152738_3225938310_600_800.png,/scratch/parceirosbr/bigoilict/share/BigOil/document_generator/datasets/documents_2021_12_28/pai_1col_20211228_152738_3225938310_600_800.png,pai_1col_20211228_152738_3225938310_600_800_mask.png,Data [KB]
12,3,24,6,425,258,449,264,425,258,449,258,449,264,425,264,sub_line_text,figure_text,figure_0,,,,pai_1col_20211228_152738_3225938310_600_800.png,/scratch/parceirosbr/bigoilict/share/BigOil/document_generator/datasets/documents_2021_12_28/pai_1col_20211228_152738_3225938310_600_800.png,pai_1col_20211228_152738_3225938310_600_800_mask.png,Data [KB]
13,3,27,6,308,265,335,271,308,266,335,265,335,271,308,271,text,figure_text,figure_0,,,,pai_1col_20211228_152738_3225938310_600_800.png,/scratch/parceirosbr/bigoilict/share/BigOil/document_generator/datasets/documents_2021_12_28/pai_1col_20211228_152738_3225938310_600_800.png,pai_1col_20211228_152738_3225938310_600_800_mask.png,-5616.68%
13,3,27,6,308,265,335,271,308,266,335,265,335,271,308,271,sub_line_text,figure_text,figure_0,,,,pai_1col_20211228_152738_3225938310_600_800.png,/scratch/parceirosbr/bigoilict/share/BigOil/document_generator/datasets/documents_2021_12_28/pai_1col_20211228_152738_3225938310_600_800.png,pai_1col_20211228_152738_3225938310_600_800_mask.png,-5616.68%
11,2,22,5,350,283,372,288,350,283,372,283,372,288,349,288,text,figure_text,figure_0,,,,pai_1col_20211228_152738_3225938310_600_800.png,/scratch/parceirosbr/bigoilict/share/BigOil/document_generator/datasets/documents_2021_12_28/pai_1col_20211228_152738_3225938310_600_800.png,pai_1col_20211228_152738_3225938310_600_800_mask.png,Advance
11,2,22,5,350,283,372,288,350,283,372,283,372,288,349,288,sub_line_text,figure_text,figure_0,,,,pai_1col_20211228_152738_3225938310_600_800.png,/scratch/parceirosbr/bigoilict/share/BigOil/document_generator/datasets/documents_2021_12_28/pai_1col_20211228_152738_3225938310_600_800.png,pai_1col_20211228_152738_3225938310_600_800_mask.png,Advance
11,2,22,5,378,142,400,147,378,142,400,142,400,148,378,147,text,figure_text,figure_0,,,,pai_1col_20211228_152738_3225938310_600_800.png,/scratch/parceirosbr/bigoilict/share/BigOil/document_generator/datasets/documents_2021_12_28/pai_1col_20211228_152738_3225938310_600_800.png,pai_1col_20211228_152738_3225938310_600_800_mask.png,Advance
11,2,22,5,378,142,400,147,378,142,400,142,400,148,378,147,sub_line_text,figure_text,figure_0,,,,pai_1col_20211228_152738_3225938310_600_800.png,/scratch/parceirosbr/bigoilict/share/BigOil/document_generator/datasets/documents_2021_12_28/pai_1col_20211228_152738_3225938310_600_800.png,pai_1col_20211228_152738_3225938310_600_800_mask.png,Advance
11,3,22,6,281,161,303,167,281,161,303,161,303,168,281,167,text,figure_text,figure_0,,,,pai_1col_20211228_152738_3225938310_600_800.png,/scratch/parceirosbr/bigoilict/share/BigOil/document_generator/datasets/documents_2021_12_28/pai_1col_20211228_152738_3225938310_600_800.png,pai_1col_20211228_152738_3225938310_600_800_mask.png,Water (L)
11,3,22,6,281,161,303,167,281,161,303,161,303,168,281,167,sub_line_text,figure_text,figure_0,,,,pai_1col_20211228_152738_3225938310_600_800.png,/scratch/parceirosbr/bigoilict/share/BigOil/document_generator/datasets/documents_2021_12_28/pai_1col_20211228_152738_3225938310_600_800.png,pai_1col_20211228_152738_3225938310_600_800_mask.png,Water (L)
9,2,19,5,410,120,429,125,410,120,429,120,429,126,410,125,text,figure_text,figure_0,,,,pai_1col_20211228_152738_3225938310_600_800.png,/scratch/parceirosbr/bigoilict/share/BigOil/document_generator/datasets/documents_2021_12_28/pai_1col_20211228_152738_3225938310_600_800.png,pai_1col_20211228_152738_3225938310_600_800_mask.png,-8924%
9,2,19,5,410,120,429,125,410,120,429,120,429,126,410,125,sub_line_text,figure_text,figure_0,,,,pai_1col_20211228_152738_3225938310_600_800.png,/scratch/parceirosbr/bigoilict/share/BigOil/document_generator/datasets/documents_2021_12_28/pai_1col_20211228_152738_3225938310_600_800.png,pai_1col_20211228_152738_3225938310_600_800_mask.png,-8924%
11,2,23,5,311,235,334,240,311,235,334,235,334,241,310,240,text,figure_text,figure_0,,,,pai_1col_20211228_152738_3225938310_600_800.png,/scratch/parceirosbr/bigoilict/share/BigOil/document_generator/datasets/documents_2021_12_28/pai_1col_20211228_152738_3225938310_600_800.png,pai_1col_20211228_152738_3225938310_600_800_mask.png,Numbers 
11,2,23,5,311,235,334,240,311,235,334,235,334,241,310,240,sub_line_text,figure_text,figure_0,,,,pai_1col_20211228_152738_3225938310_600_800.png,/scratch/parceirosbr/bigoilict/share/BigOil/document_generator/datasets/documents_2021_12_28/pai_1col_20211228_152738_3225938310_600_800.png,pai_1col_20211228_152738_3225938310_600_800_mask.png,Numbers 
10,3,21,6,282,118,303,124,282,118,303,118,303,125,282,124,text,figure_text,figure_0,,,,pai_1col_20211228_152738_3225938310_600_800.png,/scratch/parceirosbr/bigoilict/share/BigOil/document_generator/datasets/documents_2021_12_28/pai_1col_20211228_152738_3225938310_600_800.png,pai_1col_20211228_152738_3225938310_600_800_mask.png,Average
10,3,21,6,282,118,303,124,282,118,303,118,303,125,282,124,sub_line_text,figure_text,figure_0,,,,pai_1col_20211228_152738_3225938310_600_800.png,/scratch/parceirosbr/bigoilict/share/BigOil/document_generator/datasets/documents_2021_12_28/pai_1col_20211228_152738_3225938310_600_800.png,pai_1col_20211228_152738_3225938310_600_800_mask.png,Average
11,2,23,5,299,128,322,133,299,128,321,128,322,133,299,133,text,figure_text,figure_0,,,,pai_1col_20211228_152738_3225938310_600_800.png,/scratch/parceirosbr/bigoilict/share/BigOil/document_generator/datasets/documents_2021_12_28/pai_1col_20211228_152738_3225938310_600_800.png,pai_1col_20211228_152738_3225938310_600_800_mask.png,-4444.91
11,2,23,5,299,128,322,133,299,128,321,128,322,133,299,133,sub_line_text,figure_text,figure_0,,,,pai_1col_20211228_152738_3225938310_600_800.png,/scratch/parceirosbr/bigoilict/share/BigOil/document_generator/datasets/documents_2021_12_28/pai_1col_20211228_152738_3225938310_600_800.png,pai_1col_20211228_152738_3225938310_600_800_mask.png,-4444.91
9,3,19,6,369,258,388,264,369,259,388,258,388,264,369,264,text,figure_text,figure_0,,,,pai_1col_20211228_152738_3225938310_600_800.png,/scratch/parceirosbr/bigoilict/share/BigOil/document_generator/datasets/documents_2021_12_28/pai_1col_20211228_152738_3225938310_600_800.png,pai_1col_20211228_152738_3225938310_600_800_mask.png,-4473%
9,3,19,6,369,258,388,264,369,259,388,258,388,264,369,264,sub_line_text,figure_text,figure_0,,,,pai_1col_20211228_152738_3225938310_600_800.png,/scratch/parceirosbr/bigoilict/share/BigOil/document_generator/datasets/documents_2021_12_28/pai_1col_20211228_152738_3225938310_600_800.png,pai_1col_20211228_152738_3225938310_600_800_mask.png,-4473%
14,2,28,5,373,86,401,91,373,86,400,86,401,91,373,91,text,figure_text,figure_0,,,,pai_1col_20211228_152738_3225938310_600_800.png,/scratch/parceirosbr/bigoilict/share/BigOil/document_generator/datasets/documents_2021_12_28/pai_1col_20211228_152738_3225938310_600_800.png,pai_1col_20211228_152738_3225938310_600_800_mask.png,Conversion
14,2,28,5,373,86,401,91,373,86,400,86,401,91,373,91,sub_line_text,figure_text,figure_0,,,,pai_1col_20211228_152738_3225938310_600_800.png,/scratch/parceirosbr/bigoilict/share/BigOil/document_generator/datasets/documents_2021_12_28/pai_1col_20211228_152738_3225938310_600_800.png,pai_1col_20211228_152738_3225938310_600_800_mask.png,Conversion
11,2,22,5,286,178,308,183,286,178,308,178,308,184,286,183,text,figure_text,figure_0,,,,pai_1col_20211228_152738_3225938310_600_800.png,/scratch/parceirosbr/bigoilict/share/BigOil/document_generator/datasets/documents_2021_12_28/pai_1col_20211228_152738_3225938310_600_800.png,pai_1col_20211228_152738_3225938310_600_800_mask.png,-5109.15
11,2,22,5,286,178,308,183,286,178,308,178,308,184,286,183,sub_line_text,figure_text,figure_0,,,,pai_1col_20211228_152738_3225938310_600_800.png,/scratch/parceirosbr/bigoilict/share/BigOil/document_generator/datasets/documents_2021_12_28/pai_1col_20211228_152738_3225938310_600_800.png,pai_1col_20211228_152738_3225938310_600_800_mask.png,-5109.15
6,2,12,5,403,201,415,206,403,202,414,201,415,206,403,206,text,figure_text,figure_0,,,,pai_1col_20211228_152738_3225938310_600_800.png,/scratch/parceirosbr/bigoilict/share/BigOil/document_generator/datasets/documents_2021_12_28/pai_1col_20211228_152738_3225938310_600_800.png,pai_1col_20211228_152738_3225938310_600_800_mask.png,Rate
6,2,12,5,403,201,415,206,403,202,414,201,415,206,403,206,sub_line_text,figure_text,figure_0,,,,pai_1col_20211228_152738_3225938310_600_800.png,/scratch/parceirosbr/bigoilict/share/BigOil/document_generator/datasets/documents_2021_12_28/pai_1col_20211228_152738_3225938310_600_800.png,pai_1col_20211228_152738_3225938310_600_800_mask.png,Rate
41,4,82,8,72,80,154,88,72,80,154,80,154,88,72,88,sub_line_text,figure_legend,figure_0,arial,bold,7,pai_1col_20211228_152738_3225938310_600_800.png,/scratch/parceirosbr/bigoilict/share/BigOil/document_generator/datasets/documents_2021_12_28/pai_1col_20211228_152738_3225938310_600_800.png,pai_1col_20211228_152738_3225938310_600_800_mask.png,Figure  118:    The princi-
41,4,82,8,72,93,154,101,72,93,154,93,154,101,72,101,sub_line_text,figure_legend,figure_0,arial,bold,7,pai_1col_20211228_152738_3225938310_600_800.png,/scratch/parceirosbr/bigoilict/share/BigOil/document_generator/datasets/documents_2021_12_28/pai_1col_20211228_152738_3225938310_600_800.png,pai_1col_20211228_152738_3225938310_600_800_mask.png,pal   emissions  from  di-
41,4,83,8,72,106,155,114,72,106,155,106,155,114,72,114,sub_line_text,figure_legend,figure_0,arial,bold,7,pai_1col_20211228_152738_3225938310_600_800.png,/scratch/parceirosbr/bigoilict/share/BigOil/document_generator/datasets/documents_2021_12_28/pai_1col_20211228_152738_3225938310_600_800.png,pai_1col_20211228_152738_3225938310_600_800_mask.png,esel  and  petrol  engines
41,4,83,8,72,119,155,127,72,119,155,119,155,127,72,127,sub_line_text,figure_legend,figure_0,arial,bold,7,pai_1col_20211228_152738_3225938310_600_800.png,/scratch/parceirosbr/bigoilict/share/BigOil/document_generator/datasets/documents_2021_12_28/pai_1col_20211228_152738_3225938310_600_800.png,pai_1col_20211228_152738_3225938310_600_800_mask.png,are   un-burnt   hydrocar-
41,4,83,8,72,132,155,140,72,132,155,132,155,140,72,140,sub_line_text,figure_legend,figure_0,arial,bold,7,pai_1col_20211228_152738_3225938310_600_800.png,/scratch/parceirosbr/bigoilict/share/BigOil/document_generator/datasets/documents_2021_12_28/pai_1col_20211228_152738_3225938310_600_800.png,pai_1col_20211228_152738_3225938310_600_800_mask.png,bons  and.    Influence  of
37,4,75,8,72,145,147,153,72,145,147,145,147,153,72,153,sub_line_text,figure_legend,figure_0,arial,bold,7,pai_1col_20211228_152738_3225938310_600_800.png,/scratch/parceirosbr/bigoilict/share/BigOil/document_generator/datasets/documents_2021_12_28/pai_1col_20211228_152738_3225938310_600_800.png,pai_1col_20211228_152738_3225938310_600_800_mask.png,chemistry on the acute
41,36,83,73,72,80,155,153,72,80,155,80,155,153,72,153,text,figure_legend,figure_0,arial,bold,7,pai_1col_20211228_152738_3225938310_600_800.png,/scratch/parceirosbr/bigoilict/share/BigOil/document_generator/datasets/documents_2021_12_28/pai_1col_20211228_152738_3225938310_600_800.png,pai_1col_20211228_152738_3225938310_600_800_mask.png,nan
41,4,82,8,72,174,154,182,72,174,154,174,154,182,72,182,sub_line_text,figure_legend,figure_0,arial,bold,7,pai_1col_20211228_152738_3225938310_600_800.png,/scratch/parceirosbr/bigoilict/share/BigOil/document_generator/datasets/documents_2021_12_28/pai_1col_20211228_152738_3225938310_600_800.png,pai_1col_20211228_152738_3225938310_600_800_mask.png,Figure  9:    Por  outro la-
41,4,83,8,72,187,155,195,72,187,155,187,155,195,72,195,sub_line_text,figure_legend,figure_0,arial,bold,7,pai_1col_20211228_152738_3225938310_600_800.png,/scratch/parceirosbr/bigoilict/share/BigOil/document_generator/datasets/documents_2021_12_28/pai_1col_20211228_152738_3225938310_600_800.png,pai_1col_20211228_152738_3225938310_600_800_mask.png,"do,   os  termos  discreti-"
41,4,83,8,72,200,155,208,72,200,155,200,155,208,72,208,sub_line_text,figure_legend,figure_0,arial,bold,7,pai_1col_20211228_152738_3225938310_600_800.png,/scratch/parceirosbr/bigoilict/share/BigOil/document_generator/datasets/documents_2021_12_28/pai_1col_20211228_152738_3225938310_600_800.png,pai_1col_20211228_152738_3225938310_600_800_mask.png,zados    com   o   método
41,4,82,8,72,213,154,221,72,213,154,213,154,221,72,221,sub_line_text,figure_legend,figure_0,arial,bold,7,pai_1col_20211228_152738_3225938310_600_800.png,/scratch/parceirosbr/bigoilict/share/BigOil/document_generator/datasets/documents_2021_12_28/pai_1col_20211228_152738_3225938310_600_800.png,pai_1col_20211228_152738_3225938310_600_800_mask.png,aparecem    implicitame-
41,4,82,8,72,226,154,234,72,226,154,226,154,234,72,234,sub_line_text,figure_legend,figure_0,arial,bold,7,pai_1col_20211228_152738_3225938310_600_800.png,/scratch/parceirosbr/bigoilict/share/BigOil/document_generator/datasets/documents_2021_12_28/pai_1col_20211228_152738_3225938310_600_800.png,pai_1col_20211228_152738_3225938310_600_800_mask.png,nte   nos   coeficientes  e
37,4,74,8,72,239,146,247,72,239,146,239,146,247,72,247,sub_line_text,figure_legend,figure_0,arial,bold,7,pai_1col_20211228_152738_3225938310_600_800.png,/scratch/parceirosbr/bigoilict/share/BigOil/document_generator/datasets/documents_2021_12_28/pai_1col_20211228_152738_3225938310_600_800.png,pai_1col_20211228_152738_3225938310_600_800_mask.png,e 2001).  In the and the
41,36,83,73,72,174,155,247,72,174,155,174,155,247,72,247,text,figure_legend,figure_0,arial,bold,7,pai_1col_20211228_152738_3225938310_600_800.png,/scratch/parceirosbr/bigoilict/share/BigOil/document_generator/datasets/documents_2021_12_28/pai_1col_20211228_152738_3225938310_600_800.png,pai_1col_20211228_152738_3225938310_600_800_mask.png,nan
45,80,91,160,368,298,459,458,368,298,459,298,459,458,368,458,image,figure_image,figure_1,,,,pai_1col_20211228_152738_3225938310_600_800.png,/scratch/parceirosbr/bigoilict/share/BigOil/document_generator/datasets/documents_2021_12_28/pai_1col_20211228_152738_3225938310_600_800.png,pai_1col_20211228_152738_3225938310_600_800_mask.png,output/gen_img_20211228_152739_6871210088.png
8,2,16,5,389,364,405,369,389,364,405,364,405,369,389,369,text,figure_text,figure_1,,,,pai_1col_20211228_152738_3225938310_600_800.png,/scratch/parceirosbr/bigoilict/share/BigOil/document_generator/datasets/documents_2021_12_28/pai_1col_20211228_152738_3225938310_600_800.png,pai_1col_20211228_152738_3225938310_600_800_mask.png,-604%
8,2,16,5,389,364,405,369,389,364,405,364,405,369,389,369,sub_line_text,figure_text,figure_1,,,,pai_1col_20211228_152738_3225938310_600_800.png,/scratch/parceirosbr/bigoilict/share/BigOil/document_generator/datasets/documents_2021_12_28/pai_1col_20211228_152738_3225938310_600_800.png,pai_1col_20211228_152738_3225938310_600_800_mask.png,-604%
14,2,29,5,379,438,408,443,379,438,408,438,408,443,379,443,text,figure_text,figure_1,,,,pai_1col_20211228_152738_3225938310_600_800.png,/scratch/parceirosbr/bigoilict/share/BigOil/document_generator/datasets/documents_2021_12_28/pai_1col_20211228_152738_3225938310_600_800.png,pai_1col_20211228_152738_3225938310_600_800_mask.png,Male [km]
14,2,29,5,379,438,408,443,379,438,408,438,408,443,379,443,sub_line_text,figure_text,figure_1,,,,pai_1col_20211228_152738_3225938310_600_800.png,/scratch/parceirosbr/bigoilict/share/BigOil/document_generator/datasets/documents_2021_12_28/pai_1col_20211228_152738_3225938310_600_800.png,pai_1col_20211228_152738_3225938310_600_800_mask.png,Male [km]
16,3,32,6,424,391,456,397,424,391,456,391,456,397,424,397,text,figure_text,figure_1,,,,pai_1col_20211228_152738_3225938310_600_800.png,/scratch/parceirosbr/bigoilict/share/BigOil/document_generator/datasets/documents_2021_12_28/pai_1col_20211228_152738_3225938310_600_800.png,pai_1col_20211228_152738_3225938310_600_800_mask.png,Level [kw]
16,3,32,6,424,391,456,397,424,391,456,391,456,397,424,397,sub_line_text,figure_text,figure_1,,,,pai_1col_20211228_152738_3225938310_600_800.png,/scratch/parceirosbr/bigoilict/share/BigOil/document_generator/datasets/documents_2021_12_28/pai_1col_20211228_152738_3225938310_600_800.png,pai_1col_20211228_152738_3225938310_600_800_mask.png,Level [kw]
21,2,42,4,404,305,446,309,404,305,446,305,446,309,404,309,text,figure_text,figure_1,,,,pai_1col_20211228_152738_3225938310_600_800.png,/scratch/parceirosbr/bigoilict/share/BigOil/document_generator/datasets/documents_2021_12_28/pai_1col_20211228_152738_3225938310_600_800.png,pai_1col_20211228_152738_3225938310_600_800_mask.png,Concentration
21,2,42,4,404,305,446,309,404,305,446,305,446,309,404,309,sub_line_text,figure_text,figure_1,,,,pai_1col_20211228_152738_3225938310_600_800.png,/scratch/parceirosbr/bigoilict/share/BigOil/document_generator/datasets/documents_2021_12_28/pai_1col_20211228_152738_3225938310_600_800.png,pai_1col_20211228_152738_3225938310_600_800_mask.png,Concentration
9,3,19,6,374,427,393,433,374,427,393,427,393,433,374,433,text,figure_text,figure_1,,,,pai_1col_20211228_152738_3225938310_600_800.png,/scratch/parceirosbr/bigoilict/share/BigOil/document_generator/datasets/documents_2021_12_28/pai_1col_20211228_152738_3225938310_600_800.png,pai_1col_20211228_152738_3225938310_600_800_mask.png,Length
9,3,19,6,374,427,393,433,374,427,393,427,393,433,374,433,sub_line_text,figure_text,figure_1,,,,pai_1col_20211228_152738_3225938310_600_800.png,/scratch/parceirosbr/bigoilict/share/BigOil/document_generator/datasets/documents_2021_12_28/pai_1col_20211228_152738_3225938310_600_800.png,pai_1col_20211228_152738_3225938310_600_800_mask.png,Length
11,2,22,5,433,434,455,439,433,434,455,434,455,439,433,439,text,figure_text,figure_1,,,,pai_1col_20211228_152738_3225938310_600_800.png,/scratch/parceirosbr/bigoilict/share/BigOil/document_generator/datasets/documents_2021_12_28/pai_1col_20211228_152738_3225938310_600_800.png,pai_1col_20211228_152738_3225938310_600_800_mask.png,-2763.6
11,2,22,5,433,434,455,439,433,434,455,434,455,439,433,439,sub_line_text,figure_text,figure_1,,,,pai_1col_20211228_152738_3225938310_600_800.png,/scratch/parceirosbr/bigoilict/share/BigOil/document_generator/datasets/documents_2021_12_28/pai_1col_20211228_152738_3225938310_600_800.png,pai_1col_20211228_152738_3225938310_600_800_mask.png,-2763.6
11,2,22,5,376,417,398,422,376,417,398,417,398,422,376,422,text,figure_text,figure_1,,,,pai_1col_20211228_152738_3225938310_600_800.png,/scratch/parceirosbr/bigoilict/share/BigOil/document_generator/datasets/documents_2021_12_28/pai_1col_20211228_152738_3225938310_600_800.png,pai_1col_20211228_152738_3225938310_600_800_mask.png,-8125.9
11,2,22,5,376,417,398,422,376,417,398,417,398,422,376,422,sub_line_text,figure_text,figure_1,,,,pai_1col_20211228_152738_3225938310_600_800.png,/scratch/parceirosbr/bigoilict/share/BigOil/document_generator/datasets/documents_2021_12_28/pai_1col_20211228_152738_3225938310_600_800.png,pai_1col_20211228_152738_3225938310_600_800_mask.png,-8125.9
10,2,20,5,385,395,405,400,385,395,405,395,405,400,385,400,text,figure_text,figure_1,,,,pai_1col_20211228_152738_3225938310_600_800.png,/scratch/parceirosbr/bigoilict/share/BigOil/document_generator/datasets/documents_2021_12_28/pai_1col_20211228_152738_3225938310_600_800.png,pai_1col_20211228_152738_3225938310_600_800_mask.png,-1588%
10,2,20,5,385,395,405,400,385,395,405,395,405,400,385,400,sub_line_text,figure_text,figure_1,,,,pai_1col_20211228_152738_3225938310_600_800.png,/scratch/parceirosbr/bigoilict/share/BigOil/document_generator/datasets/documents_2021_12_28/pai_1col_20211228_152738_3225938310_600_800.png,pai_1col_20211228_152738_3225938310_600_800_mask.png,-1588%
19,2,38,5,380,337,418,342,380,337,418,337,418,342,380,342,text,figure_text,figure_1,,,,pai_1col_20211228_152738_3225938310_600_800.png,/scratch/parceirosbr/bigoilict/share/BigOil/document_generator/datasets/documents_2021_12_28/pai_1col_20211228_152738_3225938310_600_800.png,pai_1col_20211228_152738_3225938310_600_800_mask.png,Services [N]
19,2,38,5,380,337,418,342,380,337,418,337,418,342,380,342,sub_line_text,figure_text,figure_1,,,,pai_1col_20211228_152738_3225938310_600_800.png,/scratch/parceirosbr/bigoilict/share/BigOil/document_generator/datasets/documents_2021_12_28/pai_1col_20211228_152738_3225938310_600_800.png,pai_1col_20211228_152738_3225938310_600_800_mask.png,Services [N]
14,2,28,5,377,379,405,384,377,379,405,379,405,384,377,384,text,figure_text,figure_1,,,,pai_1col_20211228_152738_3225938310_600_800.png,/scratch/parceirosbr/bigoilict/share/BigOil/document_generator/datasets/documents_2021_12_28/pai_1col_20211228_152738_3225938310_600_800.png,pai_1col_20211228_152738_3225938310_600_800_mask.png,-3802.224
14,2,28,5,377,379,405,384,377,379,405,379,405,384,377,384,sub_line_text,figure_text,figure_1,,,,pai_1col_20211228_152738_3225938310_600_800.png,/scratch/parceirosbr/bigoilict/share/BigOil/document_generator/datasets/documents_2021_12_28/pai_1col_20211228_152738_3225938310_600_800.png,pai_1col_20211228_152738_3225938310_600_800_mask.png,-3802.224
8,2,16,5,402,370,418,375,402,370,418,370,418,375,402,375,text,figure_text,figure_1,,,,pai_1col_20211228_152738_3225938310_600_800.png,/scratch/parceirosbr/bigoilict/share/BigOil/document_generator/datasets/documents_2021_12_28/pai_1col_20211228_152738_3225938310_600_800.png,pai_1col_20211228_152738_3225938310_600_800_mask.png,-8703
8,2,16,5,402,370,418,375,402,370,418,370,418,375,402,375,sub_line_text,figure_text,figure_1,,,,pai_1col_20211228_152738_3225938310_600_800.png,/scratch/parceirosbr/bigoilict/share/BigOil/document_generator/datasets/documents_2021_12_28/pai_1col_20211228_152738_3225938310_600_800.png,pai_1col_20211228_152738_3225938310_600_800_mask.png,-8703
25,2,51,5,386,351,437,356,386,351,437,351,437,356,386,356,text,figure_text,figure_1,,,,pai_1col_20211228_152738_3225938310_600_800.png,/scratch/parceirosbr/bigoilict/share/BigOil/document_generator/datasets/documents_2021_12_28/pai_1col_20211228_152738_3225938310_600_800.png,pai_1col_20211228_152738_3225938310_600_800_mask.png,Consumption [KB]
25,2,51,5,386,351,437,356,386,351,437,351,437,356,386,356,sub_line_text,figure_text,figure_1,,,,pai_1col_20211228_152738_3225938310_600_800.png,/scratch/parceirosbr/bigoilict/share/BigOil/document_generator/datasets/documents_2021_12_28/pai_1col_20211228_152738_3225938310_600_800.png,pai_1col_20211228_152738_3225938310_600_800_mask.png,Consumption [KB]
16,2,32,5,425,357,457,362,425,357,457,357,457,362,425,362,text,figure_text,figure_1,,,,pai_1col_20211228_152738_3225938310_600_800.png,/scratch/parceirosbr/bigoilict/share/BigOil/document_generator/datasets/documents_2021_12_28/pai_1col_20211228_152738_3225938310_600_800.png,pai_1col_20211228_152738_3225938310_600_800_mask.png,Level [kw]
16,2,32,5,425,357,457,362,425,357,457,357,457,362,425,362,sub_line_text,figure_text,figure_1,,,,pai_1col_20211228_152738_3225938310_600_800.png,/scratch/parceirosbr/bigoilict/share/BigOil/document_generator/datasets/documents_2021_12_28/pai_1col_20211228_152738_3225938310_600_800.png,pai_1col_20211228_152738_3225938310_600_800_mask.png,Level [kw]
25,3,51,6,375,445,426,451,375,445,426,445,426,451,375,451,text,figure_text,figure_1,,,,pai_1col_20211228_152738_3225938310_600_800.png,/scratch/parceirosbr/bigoilict/share/BigOil/document_generator/datasets/documents_2021_12_28/pai_1col_20211228_152738_3225938310_600_800.png,pai_1col_20211228_152738_3225938310_600_800_mask.png,Consumption (GB)
25,3,51,6,375,445,426,451,375,445,426,445,426,451,375,451,sub_line_text,figure_text,figure_1,,,,pai_1col_20211228_152738_3225938310_600_800.png,/scratch/parceirosbr/bigoilict/share/BigOil/document_generator/datasets/documents_2021_12_28/pai_1col_20211228_152738_3225938310_600_800.png,pai_1col_20211228_152738_3225938310_600_800_mask.png,Consumption (GB)
8,2,16,4,406,417,422,421,406,417,422,417,422,421,406,421,text,figure_text,figure_1,,,,pai_1col_20211228_152738_3225938310_600_800.png,/scratch/parceirosbr/bigoilict/share/BigOil/document_generator/datasets/documents_2021_12_28/pai_1col_20211228_152738_3225938310_600_800.png,pai_1col_20211228_152738_3225938310_600_800_mask.png,Tests
8,2,16,4,406,417,422,421,406,417,422,417,422,421,406,421,sub_line_text,figure_text,figure_1,,,,pai_1col_20211228_152738_3225938310_600_800.png,/scratch/parceirosbr/bigoilict/share/BigOil/document_generator/datasets/documents_2021_12_28/pai_1col_20211228_152738_3225938310_600_800.png,pai_1col_20211228_152738_3225938310_600_800_mask.png,Tests
8,2,16,4,388,359,404,363,388,359,404,359,404,363,388,363,text,figure_text,figure_1,,,,pai_1col_20211228_152738_3225938310_600_800.png,/scratch/parceirosbr/bigoilict/share/BigOil/document_generator/datasets/documents_2021_12_28/pai_1col_20211228_152738_3225938310_600_800.png,pai_1col_20211228_152738_3225938310_600_800_mask.png,-8624
8,2,16,4,388,359,404,363,388,359,404,359,404,363,388,363,sub_line_text,figure_text,figure_1,,,,pai_1col_20211228_152738_3225938310_600_800.png,/scratch/parceirosbr/bigoilict/share/BigOil/document_generator/datasets/documents_2021_12_28/pai_1col_20211228_152738_3225938310_600_800.png,pai_1col_20211228_152738_3225938310_600_800_mask.png,-8624
7,2,15,4,403,433,418,437,403,433,418,433,418,437,403,437,text,figure_text,figure_1,,,,pai_1col_20211228_152738_3225938310_600_800.png,/scratch/parceirosbr/bigoilict/share/BigOil/document_generator/datasets/documents_2021_12_28/pai_1col_20211228_152738_3225938310_600_800.png,pai_1col_20211228_152738_3225938310_600_800_mask.png,-5078
7,2,15,4,403,433,418,437,403,433,418,433,418,437,403,437,sub_line_text,figure_text,figure_1,,,,pai_1col_20211228_152738_3225938310_600_800.png,/scratch/parceirosbr/bigoilict/share/BigOil/document_generator/datasets/documents_2021_12_28/pai_1col_20211228_152738_3225938310_600_800.png,pai_1col_20211228_152738_3225938310_600_800_mask.png,-5078
12,3,25,6,393,384,418,390,393,384,418,384,418,390,393,390,text,figure_text,figure_1,,,,pai_1col_20211228_152738_3225938310_600_800.png,/scratch/parceirosbr/bigoilict/share/BigOil/document_generator/datasets/documents_2021_12_28/pai_1col_20211228_152738_3225938310_600_800.png,pai_1col_20211228_152738_3225938310_600_800_mask.png,Activity
12,3,25,6,393,384,418,390,393,384,418,384,418,390,393,390,sub_line_text,figure_text,figure_1,,,,pai_1col_20211228_152738_3225938310_600_800.png,/scratch/parceirosbr/bigoilict/share/BigOil/document_generator/datasets/documents_2021_12_28/pai_1col_20211228_152738_3225938310_600_800.png,pai_1col_20211228_152738_3225938310_600_800_mask.png,Activity
11,2,22,4,372,313,394,317,372,313,394,313,394,317,372,317,text,figure_text,figure_1,,,,pai_1col_20211228_152738_3225938310_600_800.png,/scratch/parceirosbr/bigoilict/share/BigOil/document_generator/datasets/documents_2021_12_28/pai_1col_20211228_152738_3225938310_600_800.png,pai_1col_20211228_152738_3225938310_600_800_mask.png,-8356.8
11,2,22,4,372,313,394,317,372,313,394,313,394,317,372,317,sub_line_text,figure_text,figure_1,,,,pai_1col_20211228_152738_3225938310_600_800.png,/scratch/parceirosbr/bigoilict/share/BigOil/document_generator/datasets/documents_2021_12_28/pai_1col_20211228_152738_3225938310_600_800.png,pai_1col_20211228_152738_3225938310_600_800_mask.png,-8356.8
13,2,26,4,410,452,436,456,410,452,436,452,436,456,410,456,text,figure_text,figure_1,,,,pai_1col_20211228_152738_3225938310_600_800.png,/scratch/parceirosbr/bigoilict/share/BigOil/document_generator/datasets/documents_2021_12_28/pai_1col_20211228_152738_3225938310_600_800.png,pai_1col_20211228_152738_3225938310_600_800_mask.png,-1875.24
13,2,26,4,410,452,436,456,410,452,436,452,436,456,410,456,sub_line_text,figure_text,figure_1,,,,pai_1col_20211228_152738_3225938310_600_800.png,/scratch/parceirosbr/bigoilict/share/BigOil/document_generator/datasets/documents_2021_12_28/pai_1col_20211228_152738_3225938310_600_800.png,pai_1col_20211228_152738_3225938310_600_800_mask.png,-1875.24
11,2,23,5,370,320,393,325,370,320,393,320,393,325,370,325,text,figure_text,figure_1,,,,pai_1col_20211228_152738_3225938310_600_800.png,/scratch/parceirosbr/bigoilict/share/BigOil/document_generator/datasets/documents_2021_12_28/pai_1col_20211228_152738_3225938310_600_800.png,pai_1col_20211228_152738_3225938310_600_800_mask.png,-425.2%
11,2,23,5,370,320,393,325,370,320,393,320,393,325,370,325,sub_line_text,figure_text,figure_1,,,,pai_1col_20211228_152738_3225938310_600_800.png,/scratch/parceirosbr/bigoilict/share/BigOil/document_generator/datasets/documents_2021_12_28/pai_1col_20211228_152738_3225938310_600_800.png,pai_1col_20211228_152738_3225938310_600_800_mask.png,-425.2%
7,2,15,4,395,300,410,304,395,300,410,300,410,304,395,304,text,figure_text,figure_1,,,,pai_1col_20211228_152738_3225938310_600_800.png,/scratch/parceirosbr/bigoilict/share/BigOil/document_generator/datasets/documents_2021_12_28/pai_1col_20211228_152738_3225938310_600_800.png,pai_1col_20211228_152738_3225938310_600_800_mask.png,-3554
7,2,15,4,395,300,410,304,395,300,410,300,410,304,395,304,sub_line_text,figure_text,figure_1,,,,pai_1col_20211228_152738_3225938310_600_800.png,/scratch/parceirosbr/bigoilict/share/BigOil/document_generator/datasets/documents_2021_12_28/pai_1col_20211228_152738_3225938310_600_800.png,pai_1col_20211228_152738_3225938310_600_800_mask.png,-3554
9,2,19,4,431,311,450,315,431,311,450,311,450,315,431,315,text,figure_text,figure_1,,,,pai_1col_20211228_152738_3225938310_600_800.png,/scratch/parceirosbr/bigoilict/share/BigOil/document_generator/datasets/documents_2021_12_28/pai_1col_20211228_152738_3225938310_600_800.png,pai_1col_20211228_152738_3225938310_600_800_mask.png,-6298%
9,2,19,4,431,311,450,315,431,311,450,311,450,315,431,315,sub_line_text,figure_text,figure_1,,,,pai_1col_20211228_152738_3225938310_600_800.png,/scratch/parceirosbr/bigoilict/share/BigOil/document_generator/datasets/documents_2021_12_28/pai_1col_20211228_152738_3225938310_600_800.png,pai_1col_20211228_152738_3225938310_600_800_mask.png,-6298%
11,2,23,5,427,336,450,341,427,336,450,336,450,341,427,341,text,figure_text,figure_1,,,,pai_1col_20211228_152738_3225938310_600_800.png,/scratch/parceirosbr/bigoilict/share/BigOil/document_generator/datasets/documents_2021_12_28/pai_1col_20211228_152738_3225938310_600_800.png,pai_1col_20211228_152738_3225938310_600_800_mask.png,239.76%
11,2,23,5,427,336,450,341,427,336,450,336,450,341,427,341,sub_line_text,figure_text,figure_1,,,,pai_1col_20211228_152738_3225938310_600_800.png,/scratch/parceirosbr/bigoilict/share/BigOil/document_generator/datasets/documents_2021_12_28/pai_1col_20211228_152738_3225938310_600_800.png,pai_1col_20211228_152738_3225938310_600_800_mask.png,239.76%
80,4,161,8,76,298,237,306,76,298,237,298,237,306,76,306,sub_line_text,figure_legend,figure_1,arial,bold,7,pai_1col_20211228_152738_3225938310_600_800.png,/scratch/parceirosbr/bigoilict/share/BigOil/document_generator/datasets/documents_2021_12_28/pai_1col_20211228_152738_3225938310_600_800.png,pai_1col_20211228_152738_3225938310_600_800_mask.png,Fig.  41:    De  acordo  com perspectivas dos pri-
80,4,160,8,76,311,236,319,76,311,236,311,236,319,76,319,sub_line_text,figure_legend,figure_1,arial,bold,7,pai_1col_20211228_152738_3225938310_600_800.png,/scratch/parceirosbr/bigoilict/share/BigOil/document_generator/datasets/documents_2021_12_28/pai_1col_20211228_152738_3225938310_600_800.png,pai_1col_20211228_152738_3225938310_600_800_mask.png,"ncipais  distribuidores  do  país, a e. Densidade-"
80,4,160,8,76,324,236,332,76,324,236,324,236,332,76,332,sub_line_text,figure_legend,figure_1,arial,bold,7,pai_1col_20211228_152738_3225938310_600_800.png,/scratch/parceirosbr/bigoilict/share/BigOil/document_generator/datasets/documents_2021_12_28/pai_1col_20211228_152738_3225938310_600_800.png,pai_1col_20211228_152738_3225938310_600_800_mask.png,:121  ksi142  ksi12  %46 ft.lbf7820 de servico: 2-
26,4,53,8,76,337,129,345,76,337,129,337,129,345,76,345,sub_line_text,figure_legend,figure_1,arial,bold,7,pai_1col_20211228_152738_3225938310_600_800.png,/scratch/parceirosbr/bigoilict/share/BigOil/document_generator/datasets/documents_2021_12_28/pai_1col_20211228_152738_3225938310_600_800.png,pai_1col_20211228_152738_3225938310_600_800_mask.png,00 bar; de teste:
80,23,161,47,76,298,237,345,76,298,237,298,237,345,76,345,text,figure_legend,figure_1,arial,bold,7,pai_1col_20211228_152738_3225938310_600_800.png,/scratch/parceirosbr/bigoilict/share/BigOil/document_generator/datasets/documents_2021_12_28/pai_1col_20211228_152738_3225938310_600_800.png,pai_1col_20211228_152738_3225938310_600_800_mask.png,nan
80,4,161,8,76,361,237,369,76,361,237,361,237,369,76,369,sub_line_text,figure_legend,figure_1,arial,bold,7,pai_1col_20211228_152738_3225938310_600_800.png,/scratch/parceirosbr/bigoilict/share/BigOil/document_generator/datasets/documents_2021_12_28/pai_1col_20211228_152738_3225938310_600_800.png,pai_1col_20211228_152738_3225938310_600_800_mask.png,"Fig.  11:    In  general,  the basis for calculating t-"
80,4,161,8,76,374,237,382,76,374,237,374,237,382,76,382,sub_line_text,figure_legend,figure_1,arial,bold,7,pai_1col_20211228_152738_3225938310_600_800.png,/scratch/parceirosbr/bigoilict/share/BigOil/document_generator/datasets/documents_2021_12_28/pai_1col_20211228_152738_3225938310_600_800.png,pai_1col_20211228_152738_3225938310_600_800_mask.png,"he  is  the  selling  price  of  the  goods, including"
61,4,122,8,76,387,198,395,76,387,198,387,198,395,76,395,sub_line_text,figure_legend,figure_1,arial,bold,7,pai_1col_20211228_152738_3225938310_600_800.png,/scratch/parceirosbr/bigoilict/share/BigOil/document_generator/datasets/documents_2021_12_28/pai_1col_20211228_152738_3225938310_600_800.png,pai_1col_20211228_152738_3225938310_600_800_mask.png,the one with the objective of reducing
80,17,161,34,76,361,237,395,76,361,237,361,237,395,76,395,text,figure_legend,figure_1,arial,bold,7,pai_1col_20211228_152738_3225938310_600_800.png,/scratch/parceirosbr/bigoilict/share/BigOil/document_generator/datasets/documents_2021_12_28/pai_1col_20211228_152738_3225938310_600_800.png,pai_1col_20211228_152738_3225938310_600_800_mask.png,nan
224,5,449,10,97,461,546,471,97,461,546,461,546,471,97,471,sub_line_text,text,text_0,arial,regular,8,pai_1col_20211228_152738_3225938310_600_800.png,/scratch/parceirosbr/bigoilict/share/BigOil/document_generator/datasets/documents_2021_12_28/pai_1col_20211228_152738_3225938310_600_800.png,pai_1col_20211228_152738_3225938310_600_800_mask.png,A   distribuição   dos   tamanhos   é   fortemente   dependente   dos   detalhes   da   preparação  e  não  são  fáceis  de  predizer  já  que
239,5,479,10,67,473,546,483,67,473,546,473,546,483,67,483,sub_line_text,text,text_0,arial,regular,8,pai_1col_20211228_152738_3225938310_600_800.png,/scratch/parceirosbr/bigoilict/share/BigOil/document_generator/datasets/documents_2021_12_28/pai_1col_20211228_152738_3225938310_600_800.png,pai_1col_20211228_152738_3225938310_600_800_mask.png,o   fenômeno   superficial   que   ocorre   durante   a   preparação   não   é   bem  compreendido.  A  diferença  dos  motores  híbridos  plug-in  p-
239,5,478,10,67,485,545,495,67,485,545,485,545,495,67,495,sub_line_text,text,text_0,arial,regular,8,pai_1col_20211228_152738_3225938310_600_800.png,/scratch/parceirosbr/bigoilict/share/BigOil/document_generator/datasets/documents_2021_12_28/pai_1col_20211228_152738_3225938310_600_800.png,pai_1col_20211228_152738_3225938310_600_800_mask.png,"ara   os   híbridos   convencionais   é   que   os   primeiros   possuem  uma  bateria  de  maior  capacidade,  que  é  capaz  de  fornecer  energia"
239,5,479,10,67,497,546,507,67,497,546,497,546,507,67,507,sub_line_text,text,text_0,arial,regular,8,pai_1col_20211228_152738_3225938310_600_800.png,/scratch/parceirosbr/bigoilict/share/BigOil/document_generator/datasets/documents_2021_12_28/pai_1col_20211228_152738_3225938310_600_800.png,pai_1col_20211228_152738_3225938310_600_800_mask.png,"para   o   motor   elétrico   por   mais  tempo  que  as  dos  híbridos  puros,  e  que  podem  ser  recarregadas  diretamente  na  rede  elétrica,  o-"
239,5,478,10,67,509,545,519,67,509,545,509,545,519,67,519,sub_line_text,text,text_0,arial,regular,8,pai_1col_20211228_152738_3225938310_600_800.png,/scratch/parceirosbr/bigoilict/share/BigOil/document_generator/datasets/documents_2021_12_28/pai_1col_20211228_152738_3225938310_600_800.png,pai_1col_20211228_152738_3225938310_600_800_mask.png,"ferecendo   a   possibilidade   de   o   veículo   ser   utilizado  somente  com  energia  elétrica  da  rede  para  trajetos  curtos  (por  exemplo,  de"
239,5,478,10,67,521,545,531,67,521,545,521,545,531,67,531,sub_line_text,text,text_0,arial,regular,8,pai_1col_20211228_152738_3225938310_600_800.png,/scratch/parceirosbr/bigoilict/share/BigOil/document_generator/datasets/documents_2021_12_28/pai_1col_20211228_152738_3225938310_600_800.png,pai_1col_20211228_152738_3225938310_600_800_mask.png,"17,6   km   para   o  modelo  da  e  64  km  para  o  da.  A  pressão  de  estagnação  na  saída  da  é  calculada  como  foi  explicado  anteriorme-"
239,5,478,10,67,533,545,543,67,533,545,533,545,543,67,543,sub_line_text,text,text_0,arial,regular,8,pai_1col_20211228_152738_3225938310_600_800.png,/scratch/parceirosbr/bigoilict/share/BigOil/document_generator/datasets/documents_2021_12_28/pai_1col_20211228_152738_3225938310_600_800.png,pai_1col_20211228_152738_3225938310_600_800_mask.png,"nte.   The   option   *   Visco   was   used   to  obtain  the  transient  response,  considering  the  linear  viscoelastic  behavior  of  the  material.  A"
209,5,419,10,67,545,486,555,67,545,486,545,486,555,67,555,sub_line_text,text,text_0,arial,regular,8,pai_1col_20211228_152738_3225938310_600_800.png,/scratch/parceirosbr/bigoilict/share/BigOil/document_generator/datasets/documents_2021_12_28/pai_1col_20211228_152738_3225938310_600_800.png,pai_1col_20211228_152738_3225938310_600_800_mask.png,"primeira, de 9,7%, para 379,4 mil m, 14,2% do total da produção nacional; e a outra, de 0,3%, para 176,4 mil m, 6,6% do total."
239,47,479,94,67,461,546,555,67,461,546,461,546,555,67,555,text,text,text_0,arial,regular,8,pai_1col_20211228_152738_3225938310_600_800.png,/scratch/parceirosbr/bigoilict/share/BigOil/document_generator/datasets/documents_2021_12_28/pai_1col_20211228_152738_3225938310_600_800.png,pai_1col_20211228_152738_3225938310_600_800_mask.png,nan
67,67,134,134,342,558,476,692,342,558,476,558,476,692,342,692,image,figure_image,figure_2,,,,pai_1col_20211228_152738_3225938310_600_800.png,/scratch/parceirosbr/bigoilict/share/BigOil/document_generator/datasets/documents_2021_12_28/pai_1col_20211228_152738_3225938310_600_800.png,pai_1col_20211228_152738_3225938310_600_800_mask.png,output/gen_img_20211228_152742_6504112376.png
9,2,18,5,399,628,417,633,399,628,417,628,417,633,399,633,text,figure_text,figure_2,,,,pai_1col_20211228_152738_3225938310_600_800.png,/scratch/parceirosbr/bigoilict/share/BigOil/document_generator/datasets/documents_2021_12_28/pai_1col_20211228_152738_3225938310_600_800.png,pai_1col_20211228_152738_3225938310_600_800_mask.png,-5391.1%
9,2,18,5,399,628,417,633,399,628,417,628,417,633,399,633,sub_line_text,figure_text,figure_2,,,,pai_1col_20211228_152738_3225938310_600_800.png,/scratch/parceirosbr/bigoilict/share/BigOil/document_generator/datasets/documents_2021_12_28/pai_1col_20211228_152738_3225938310_600_800.png,pai_1col_20211228_152738_3225938310_600_800_mask.png,-5391.1%
10,2,21,5,404,673,425,678,404,673,425,673,425,678,404,678,text,figure_text,figure_2,,,,pai_1col_20211228_152738_3225938310_600_800.png,/scratch/parceirosbr/bigoilict/share/BigOil/document_generator/datasets/documents_2021_12_28/pai_1col_20211228_152738_3225938310_600_800.png,pai_1col_20211228_152738_3225938310_600_800_mask.png,-2349.210
10,2,21,5,404,673,425,678,404,673,425,673,425,678,404,678,sub_line_text,figure_text,figure_2,,,,pai_1col_20211228_152738_3225938310_600_800.png,/scratch/parceirosbr/bigoilict/share/BigOil/document_generator/datasets/documents_2021_12_28/pai_1col_20211228_152738_3225938310_600_800.png,pai_1col_20211228_152738_3225938310_600_800_mask.png,-2349.210
10,2,21,5,412,560,433,565,412,560,433,560,433,565,412,565,text,figure_text,figure_2,,,,pai_1col_20211228_152738_3225938310_600_800.png,/scratch/parceirosbr/bigoilict/share/BigOil/document_generator/datasets/documents_2021_12_28/pai_1col_20211228_152738_3225938310_600_800.png,pai_1col_20211228_152738_3225938310_600_800_mask.png,-2540.86%
10,2,21,5,412,560,433,565,412,560,433,560,433,565,412,565,sub_line_text,figure_text,figure_2,,,,pai_1col_20211228_152738_3225938310_600_800.png,/scratch/parceirosbr/bigoilict/share/BigOil/document_generator/datasets/documents_2021_12_28/pai_1col_20211228_152738_3225938310_600_800.png,pai_1col_20211228_152738_3225938310_600_800_mask.png,-2540.86%
18,3,37,6,365,636,402,642,365,636,402,636,402,642,365,642,text,figure_text,figure_2,,,,pai_1col_20211228_152738_3225938310_600_800.png,/scratch/parceirosbr/bigoilict/share/BigOil/document_generator/datasets/documents_2021_12_28/pai_1col_20211228_152738_3225938310_600_800.png,pai_1col_20211228_152738_3225938310_600_800_mask.png,Consumption (TB)
18,3,37,6,365,636,402,642,365,636,402,636,402,642,365,642,sub_line_text,figure_text,figure_2,,,,pai_1col_20211228_152738_3225938310_600_800.png,/scratch/parceirosbr/bigoilict/share/BigOil/document_generator/datasets/documents_2021_12_28/pai_1col_20211228_152738_3225938310_600_800.png,pai_1col_20211228_152738_3225938310_600_800_mask.png,Consumption (TB)
8,2,17,5,423,617,440,622,423,617,440,617,440,622,423,622,text,figure_text,figure_2,,,,pai_1col_20211228_152738_3225938310_600_800.png,/scratch/parceirosbr/bigoilict/share/BigOil/document_generator/datasets/documents_2021_12_28/pai_1col_20211228_152738_3225938310_600_800.png,pai_1col_20211228_152738_3225938310_600_800_mask.png,-8513.38
8,2,17,5,423,617,440,622,423,617,440,617,440,622,423,622,sub_line_text,figure_text,figure_2,,,,pai_1col_20211228_152738_3225938310_600_800.png,/scratch/parceirosbr/bigoilict/share/BigOil/document_generator/datasets/documents_2021_12_28/pai_1col_20211228_152738_3225938310_600_800.png,pai_1col_20211228_152738_3225938310_600_800_mask.png,-8513.38
7,2,15,5,412,571,427,576,412,571,427,571,427,576,412,576,text,figure_text,figure_2,,,,pai_1col_20211228_152738_3225938310_600_800.png,/scratch/parceirosbr/bigoilict/share/BigOil/document_generator/datasets/documents_2021_12_28/pai_1col_20211228_152738_3225938310_600_800.png,pai_1col_20211228_152738_3225938310_600_800_mask.png,-3148.7
7,2,15,5,412,571,427,576,412,571,427,571,427,576,412,576,sub_line_text,figure_text,figure_2,,,,pai_1col_20211228_152738_3225938310_600_800.png,/scratch/parceirosbr/bigoilict/share/BigOil/document_generator/datasets/documents_2021_12_28/pai_1col_20211228_152738_3225938310_600_800.png,pai_1col_20211228_152738_3225938310_600_800_mask.png,-3148.7
9,2,19,5,441,628,460,633,441,628,460,628,460,633,441,633,text,figure_text,figure_2,,,,pai_1col_20211228_152738_3225938310_600_800.png,/scratch/parceirosbr/bigoilict/share/BigOil/document_generator/datasets/documents_2021_12_28/pai_1col_20211228_152738_3225938310_600_800.png,pai_1col_20211228_152738_3225938310_600_800_mask.png,-3549.2%
9,2,19,5,441,628,460,633,441,628,460,628,460,633,441,633,sub_line_text,figure_text,figure_2,,,,pai_1col_20211228_152738_3225938310_600_800.png,/scratch/parceirosbr/bigoilict/share/BigOil/document_generator/datasets/documents_2021_12_28/pai_1col_20211228_152738_3225938310_600_800.png,pai_1col_20211228_152738_3225938310_600_800_mask.png,-3549.2%
9,3,18,6,368,579,386,585,368,579,386,579,386,585,368,585,text,figure_text,figure_2,,,,pai_1col_20211228_152738_3225938310_600_800.png,/scratch/parceirosbr/bigoilict/share/BigOil/document_generator/datasets/documents_2021_12_28/pai_1col_20211228_152738_3225938310_600_800.png,pai_1col_20211228_152738_3225938310_600_800_mask.png,Level (kl)
9,3,18,6,368,579,386,585,368,579,386,579,386,585,368,585,sub_line_text,figure_text,figure_2,,,,pai_1col_20211228_152738_3225938310_600_800.png,/scratch/parceirosbr/bigoilict/share/BigOil/document_generator/datasets/documents_2021_12_28/pai_1col_20211228_152738_3225938310_600_800.png,pai_1col_20211228_152738_3225938310_600_800_mask.png,Level (kl)
6,2,12,5,383,603,395,608,383,603,395,603,395,608,383,608,text,figure_text,figure_2,,,,pai_1col_20211228_152738_3225938310_600_800.png,/scratch/parceirosbr/bigoilict/share/BigOil/document_generator/datasets/documents_2021_12_28/pai_1col_20211228_152738_3225938310_600_800.png,pai_1col_20211228_152738_3225938310_600_800_mask.png,South
6,2,12,5,383,603,395,608,383,603,395,603,395,608,383,608,sub_line_text,figure_text,figure_2,,,,pai_1col_20211228_152738_3225938310_600_800.png,/scratch/parceirosbr/bigoilict/share/BigOil/document_generator/datasets/documents_2021_12_28/pai_1col_20211228_152738_3225938310_600_800.png,pai_1col_20211228_152738_3225938310_600_800_mask.png,South
10,2,20,5,452,651,472,656,452,651,472,651,472,656,452,656,text,figure_text,figure_2,,,,pai_1col_20211228_152738_3225938310_600_800.png,/scratch/parceirosbr/bigoilict/share/BigOil/document_generator/datasets/documents_2021_12_28/pai_1col_20211228_152738_3225938310_600_800.png,pai_1col_20211228_152738_3225938310_600_800_mask.png,Data [MB]
10,2,20,5,452,651,472,656,452,651,472,651,472,656,452,656,sub_line_text,figure_text,figure_2,,,,pai_1col_20211228_152738_3225938310_600_800.png,/scratch/parceirosbr/bigoilict/share/BigOil/document_generator/datasets/documents_2021_12_28/pai_1col_20211228_152738_3225938310_600_800.png,pai_1col_20211228_152738_3225938310_600_800_mask.png,Data [MB]
12,2,24,5,360,625,384,630,360,625,384,625,384,630,360,630,text,figure_text,figure_2,,,,pai_1col_20211228_152738_3225938310_600_800.png,/scratch/parceirosbr/bigoilict/share/BigOil/document_generator/datasets/documents_2021_12_28/pai_1col_20211228_152738_3225938310_600_800.png,pai_1col_20211228_152738_3225938310_600_800_mask.png,Gender (BL)
12,2,24,5,360,625,384,630,360,625,384,625,384,630,360,630,sub_line_text,figure_text,figure_2,,,,pai_1col_20211228_152738_3225938310_600_800.png,/scratch/parceirosbr/bigoilict/share/BigOil/document_generator/datasets/documents_2021_12_28/pai_1col_20211228_152738_3225938310_600_800.png,pai_1col_20211228_152738_3225938310_600_800_mask.png,Gender (BL)
76,4,152,8,76,558,228,566,76,558,228,558,228,566,76,566,sub_line_text,figure_legend,figure_2,arial,bold,7,pai_1col_20211228_152738_3225938310_600_800.png,/scratch/parceirosbr/bigoilict/share/BigOil/document_generator/datasets/documents_2021_12_28/pai_1col_20211228_152738_3225938310_600_800.png,pai_1col_20211228_152738_3225938310_600_800_mask.png,Figura  130:    são  inadequados para represe-
75,4,151,8,76,571,227,579,76,571,227,571,227,579,76,579,sub_line_text,figure_legend,figure_2,arial,bold,7,pai_1col_20211228_152738_3225938310_600_800.png,/scratch/parceirosbr/bigoilict/share/BigOil/document_generator/datasets/documents_2021_12_28/pai_1col_20211228_152738_3225938310_600_800.png,pai_1col_20211228_152738_3225938310_600_800_mask.png,ntar   o   comportamento   do  polímero  e  que
75,4,151,8,76,584,227,592,76,584,227,584,227,592,76,592,sub_line_text,figure_legend,figure_2,arial,bold,7,pai_1col_20211228_152738_3225938310_600_800.png,/scratch/parceirosbr/bigoilict/share/BigOil/document_generator/datasets/documents_2021_12_28/pai_1col_20211228_152738_3225938310_600_800.png,pai_1col_20211228_152738_3225938310_600_800_mask.png,um  novo  modelo  proposto  merece  um  est-
66,4,132,8,76,597,208,605,76,597,208,597,208,605,76,605,sub_line_text,figure_legend,figure_2,arial,bold,7,pai_1col_20211228_152738_3225938310_600_800.png,/scratch/parceirosbr/bigoilict/share/BigOil/document_generator/datasets/documents_2021_12_28/pai_1col_20211228_152738_3225938310_600_800.png,pai_1col_20211228_152738_3225938310_600_800_mask.png,udo numérico mais aprofundado. 3 2 2.1
76,23,152,47,76,558,228,605,76,558,228,558,228,605,76,605,text,figure_legend,figure_2,arial,bold,7,pai_1col_20211228_152738_3225938310_600_800.png,/scratch/parceirosbr/bigoilict/share/BigOil/document_generator/datasets/documents_2021_12_28/pai_1col_20211228_152738_3225938310_600_800.png,pai_1col_20211228_152738_3225938310_600_800_mask.png,nan
75,4,151,8,76,618,227,626,76,618,227,618,227,626,76,626,sub_line_text,figure_legend,figure_2,arial,bold,7,pai_1col_20211228_152738_3225938310_600_800.png,/scratch/parceirosbr/bigoilict/share/BigOil/document_generator/datasets/documents_2021_12_28/pai_1col_20211228_152738_3225938310_600_800.png,pai_1col_20211228_152738_3225938310_600_800_mask.png,Figura  80:    The  increase  in the added value
75,4,151,8,76,631,227,639,76,631,227,631,227,639,76,639,sub_line_text,figure_legend,figure_2,arial,bold,7,pai_1col_20211228_152738_3225938310_600_800.png,/scratch/parceirosbr/bigoilict/share/BigOil/document_generator/datasets/documents_2021_12_28/pai_1col_20211228_152738_3225938310_600_800.png,pai_1col_20211228_152738_3225938310_600_800_mask.png,"of  the  refining  sector  is  justified,  among o-"
50,4,101,8,76,644,177,652,76,644,177,644,177,652,76,652,sub_line_text,figure_legend,figure_2,arial,bold,7,pai_1col_20211228_152738_3225938310_600_800.png,/scratch/parceirosbr/bigoilict/share/BigOil/document_generator/datasets/documents_2021_12_28/pai_1col_20211228_152738_3225938310_600_800.png,pai_1col_20211228_152738_3225938310_600_800_mask.png,"ther factors, by the increase in"
75,17,151,34,76,618,227,652,76,618,227,618,227,652,76,652,text,figure_legend,figure_2,arial,bold,7,pai_1col_20211228_152738_3225938310_600_800.png,/scratch/parceirosbr/bigoilict/share/BigOil/document_generator/datasets/documents_2021_12_28/pai_1col_20211228_152738_3225938310_600_800.png,pai_1col_20211228_152738_3225938310_600_800_mask.png,nan
224,5,448,10,97,695,545,705,97,695,545,695,545,705,97,705,sub_line_text,text,text_1,arial,regular,8,pai_1col_20211228_152738_3225938310_600_800.png,/scratch/parceirosbr/bigoilict/share/BigOil/document_generator/datasets/documents_2021_12_28/pai_1col_20211228_152738_3225938310_600_800.png,pai_1col_20211228_152738_3225938310_600_800_mask.png,Outra   observação   relevante   é   o   fato   dos   catalisadores   possuírem   uma   importância  maior  com  a  inclusão  do  vapor  no
213,5,427,10,67,707,494,717,67,707,494,707,494,717,67,717,sub_line_text,text,text_1,arial,regular,8,pai_1col_20211228_152738_3225938310_600_800.png,/scratch/parceirosbr/bigoilict/share/BigOil/document_generator/datasets/documents_2021_12_28/pai_1col_20211228_152738_3225938310_600_800.png,pai_1col_20211228_152738_3225938310_600_800_mask.png,"meio. Os preços do tiveram elevação de 12% no mercado nacional, atingindo 4,159. Os ácidos graxos liberados eram titulados."
239,11,478,22,67,695,545,717,67,695,545,695,545,717,67,717,text,text,text_1,arial,regular,8,pai_1col_20211228_152738_3225938310_600_800.png,/scratch/parceirosbr/bigoilict/share/BigOil/document_generator/datasets/documents_2021_12_28/pai_1col_20211228_152738_3225938310_600_800.png,pai_1col_20211228_152738_3225938310_600_800_mask.png,nan
