center_x,center_y,width,height,xmin,ymin,xmax,ymax,top_left_x,top_left_y,top_right_x,top_right_y,bottom_right_x,bottom_right_y,bottom_left_x,bottom_left_y,label,grouplabel,group,text_font,text_style,size_font,filename,path,filename_mask,content
300,400,600,800,0,0,600,800,0,0,600,0,600,800,0,800,document,,,,,,pai_3cols_20211228_152900_6914104503_600_800.png,/scratch/parceirosbr/bigoilict/share/BigOil/document_generator/datasets/documents_2021_12_28/pai_3cols_20211228_152900_6914104503_600_800.png,pai_3cols_20211228_152900_6914104503_600_800_mask.png,
29,4,59,9,397,104,456,113,397,104,456,104,456,113,397,113,sub_line_text,header,header_1,raleway,regular,7,pai_3cols_20211228_152900_6914104503_600_800.png,/scratch/parceirosbr/bigoilict/share/BigOil/document_generator/datasets/documents_2021_12_28/pai_3cols_20211228_152900_6914104503_600_800.png,pai_3cols_20211228_152900_6914104503_600_800_mask.png,Physical chemical
29,4,59,9,397,104,456,113,397,104,456,104,456,113,397,113,text,header,header_1,raleway,regular,7,pai_3cols_20211228_152900_6914104503_600_800.png,/scratch/parceirosbr/bigoilict/share/BigOil/document_generator/datasets/documents_2021_12_28/pai_3cols_20211228_152900_6914104503_600_800.png,pai_3cols_20211228_152900_6914104503_600_800_mask.png,nan
194,1,389,2,68,112,457,114,68,112,457,112,457,114,68,114,line,line,line,,,,pai_3cols_20211228_152900_6914104503_600_800.png,/scratch/parceirosbr/bigoilict/share/BigOil/document_generator/datasets/documents_2021_12_28/pai_3cols_20211228_152900_6914104503_600_800.png,pai_3cols_20211228_152900_6914104503_600_800_mask.png,nan
32,8,64,16,85,121,149,137,85,121,149,121,149,137,85,137,sub_line_text,title,title_0,raleway,bolditalic,13,pai_3cols_20211228_152900_6914104503_600_800.png,/scratch/parceirosbr/bigoilict/share/BigOil/document_generator/datasets/documents_2021_12_28/pai_3cols_20211228_152900_6914104503_600_800.png,pai_3cols_20211228_152900_6914104503_600_800_mask.png,"Particular,"
39,8,78,16,85,145,163,161,85,145,163,145,163,161,85,161,sub_line_text,title,title_0,raleway,bolditalic,13,pai_3cols_20211228_152900_6914104503_600_800.png,/scratch/parceirosbr/bigoilict/share/BigOil/document_generator/datasets/documents_2021_12_28/pai_3cols_20211228_152900_6914104503_600_800.png,pai_3cols_20211228_152900_6914104503_600_800_mask.png,basalts were
39,20,78,40,85,121,163,161,85,121,163,121,163,161,85,161,title,title,title_0,raleway,bolditalic,13,pai_3cols_20211228_152900_6914104503_600_800.png,/scratch/parceirosbr/bigoilict/share/BigOil/document_generator/datasets/documents_2021_12_28/pai_3cols_20211228_152900_6914104503_600_800.png,pai_3cols_20211228_152900_6914104503_600_800_mask.png,nan
41,5,83,11,82,168,165,179,82,168,165,168,165,179,82,179,sub_line_text,subsubtitle,subsubtitle_0,raleway,regular,9,pai_3cols_20211228_152900_6914104503_600_800.png,/scratch/parceirosbr/bigoilict/share/BigOil/document_generator/datasets/documents_2021_12_28/pai_3cols_20211228_152900_6914104503_600_800.png,pai_3cols_20211228_152900_6914104503_600_800_mask.png,Then this current will
41,5,83,11,82,168,165,179,82,168,165,168,165,179,82,179,title,subsubtitle,subsubtitle_0,raleway,regular,9,pai_3cols_20211228_152900_6914104503_600_800.png,/scratch/parceirosbr/bigoilict/share/BigOil/document_generator/datasets/documents_2021_12_28/pai_3cols_20211228_152900_6914104503_600_800.png,pai_3cols_20211228_152900_6914104503_600_800_mask.png,nan
53,67,107,134,70,186,177,320,70,186,177,186,177,320,70,320,table,table_image,table_0,,,,pai_3cols_20211228_152900_6914104503_600_800.png,/scratch/parceirosbr/bigoilict/share/BigOil/document_generator/datasets/documents_2021_12_28/pai_3cols_20211228_152900_6914104503_600_800.png,pai_3cols_20211228_152900_6914104503_600_800_mask.png,output/gen_tab_20211228_152900_2819083533.png
21,3,42,6,93,189,135,195,93,189,135,189,135,195,93,195,text,table_text,table_0,courier,bold,7.0,pai_3cols_20211228_152900_6914104503_600_800.png,/scratch/parceirosbr/bigoilict/share/BigOil/document_generator/datasets/documents_2021_12_28/pai_3cols_20211228_152900_6914104503_600_800.png,pai_3cols_20211228_152900_6914104503_600_800_mask.png,indefinição
21,3,42,6,93,189,135,195,93,189,135,189,135,195,93,195,sub_line_text,table_text,table_0,courier,bold,7.0,pai_3cols_20211228_152900_6914104503_600_800.png,/scratch/parceirosbr/bigoilict/share/BigOil/document_generator/datasets/documents_2021_12_28/pai_3cols_20211228_152900_6914104503_600_800.png,pai_3cols_20211228_152900_6914104503_600_800_mask.png,indefinição
15,3,30,6,105,199,135,205,105,199,135,199,135,205,105,205,text,table_text,table_0,courier,regular,7.0,pai_3cols_20211228_152900_6914104503_600_800.png,/scratch/parceirosbr/bigoilict/share/BigOil/document_generator/datasets/documents_2021_12_28/pai_3cols_20211228_152900_6914104503_600_800.png,pai_3cols_20211228_152900_6914104503_600_800_mask.png,96806.14
15,3,30,6,105,199,135,205,105,199,135,199,135,205,105,205,sub_line_text,table_text,table_0,courier,regular,7.0,pai_3cols_20211228_152900_6914104503_600_800.png,/scratch/parceirosbr/bigoilict/share/BigOil/document_generator/datasets/documents_2021_12_28/pai_3cols_20211228_152900_6914104503_600_800.png,pai_3cols_20211228_152900_6914104503_600_800_mask.png,96806.14
11,3,22,6,112,209,134,215,112,209,134,209,134,215,112,215,text,table_text,table_0,courier,regular,7.0,pai_3cols_20211228_152900_6914104503_600_800.png,/scratch/parceirosbr/bigoilict/share/BigOil/document_generator/datasets/documents_2021_12_28/pai_3cols_20211228_152900_6914104503_600_800.png,pai_3cols_20211228_152900_6914104503_600_800_mask.png,582.85
11,3,22,6,112,209,134,215,112,209,134,209,134,215,112,215,sub_line_text,table_text,table_0,courier,regular,7.0,pai_3cols_20211228_152900_6914104503_600_800.png,/scratch/parceirosbr/bigoilict/share/BigOil/document_generator/datasets/documents_2021_12_28/pai_3cols_20211228_152900_6914104503_600_800.png,pai_3cols_20211228_152900_6914104503_600_800_mask.png,582.85
11,3,22,6,112,218,134,224,112,218,134,218,134,224,112,224,text,table_text,table_0,courier,regular,7.0,pai_3cols_20211228_152900_6914104503_600_800.png,/scratch/parceirosbr/bigoilict/share/BigOil/document_generator/datasets/documents_2021_12_28/pai_3cols_20211228_152900_6914104503_600_800.png,pai_3cols_20211228_152900_6914104503_600_800_mask.png,921.12
11,3,22,6,112,218,134,224,112,218,134,218,134,224,112,224,sub_line_text,table_text,table_0,courier,regular,7.0,pai_3cols_20211228_152900_6914104503_600_800.png,/scratch/parceirosbr/bigoilict/share/BigOil/document_generator/datasets/documents_2021_12_28/pai_3cols_20211228_152900_6914104503_600_800.png,pai_3cols_20211228_152900_6914104503_600_800_mask.png,921.12
13,3,26,6,109,228,135,234,109,228,135,228,135,234,109,234,text,table_text,table_0,courier,regular,7.0,pai_3cols_20211228_152900_6914104503_600_800.png,/scratch/parceirosbr/bigoilict/share/BigOil/document_generator/datasets/documents_2021_12_28/pai_3cols_20211228_152900_6914104503_600_800.png,pai_3cols_20211228_152900_6914104503_600_800_mask.png,1111.09
13,3,26,6,109,228,135,234,109,228,135,228,135,234,109,234,sub_line_text,table_text,table_0,courier,regular,7.0,pai_3cols_20211228_152900_6914104503_600_800.png,/scratch/parceirosbr/bigoilict/share/BigOil/document_generator/datasets/documents_2021_12_28/pai_3cols_20211228_152900_6914104503_600_800.png,pai_3cols_20211228_152900_6914104503_600_800_mask.png,1111.09
15,3,30,6,105,238,135,244,105,238,135,238,135,244,105,244,text,table_text,table_0,courier,regular,7.0,pai_3cols_20211228_152900_6914104503_600_800.png,/scratch/parceirosbr/bigoilict/share/BigOil/document_generator/datasets/documents_2021_12_28/pai_3cols_20211228_152900_6914104503_600_800.png,pai_3cols_20211228_152900_6914104503_600_800_mask.png,32255.26
15,3,30,6,105,238,135,244,105,238,135,238,135,244,105,244,sub_line_text,table_text,table_0,courier,regular,7.0,pai_3cols_20211228_152900_6914104503_600_800.png,/scratch/parceirosbr/bigoilict/share/BigOil/document_generator/datasets/documents_2021_12_28/pai_3cols_20211228_152900_6914104503_600_800.png,pai_3cols_20211228_152900_6914104503_600_800_mask.png,32255.26
13,3,26,6,109,247,135,253,109,247,135,247,135,253,109,253,text,table_text,table_0,courier,regular,7.0,pai_3cols_20211228_152900_6914104503_600_800.png,/scratch/parceirosbr/bigoilict/share/BigOil/document_generator/datasets/documents_2021_12_28/pai_3cols_20211228_152900_6914104503_600_800.png,pai_3cols_20211228_152900_6914104503_600_800_mask.png,9773.88
13,3,26,6,109,247,135,253,109,247,135,247,135,253,109,253,sub_line_text,table_text,table_0,courier,regular,7.0,pai_3cols_20211228_152900_6914104503_600_800.png,/scratch/parceirosbr/bigoilict/share/BigOil/document_generator/datasets/documents_2021_12_28/pai_3cols_20211228_152900_6914104503_600_800.png,pai_3cols_20211228_152900_6914104503_600_800_mask.png,9773.88
11,3,22,6,112,257,134,263,112,257,134,257,134,263,112,263,text,table_text,table_0,courier,regular,7.0,pai_3cols_20211228_152900_6914104503_600_800.png,/scratch/parceirosbr/bigoilict/share/BigOil/document_generator/datasets/documents_2021_12_28/pai_3cols_20211228_152900_6914104503_600_800.png,pai_3cols_20211228_152900_6914104503_600_800_mask.png,699.58
11,3,22,6,112,257,134,263,112,257,134,257,134,263,112,263,sub_line_text,table_text,table_0,courier,regular,7.0,pai_3cols_20211228_152900_6914104503_600_800.png,/scratch/parceirosbr/bigoilict/share/BigOil/document_generator/datasets/documents_2021_12_28/pai_3cols_20211228_152900_6914104503_600_800.png,pai_3cols_20211228_152900_6914104503_600_800_mask.png,699.58
15,3,30,6,105,266,135,272,105,266,135,266,135,272,105,272,text,table_text,table_0,courier,regular,7.0,pai_3cols_20211228_152900_6914104503_600_800.png,/scratch/parceirosbr/bigoilict/share/BigOil/document_generator/datasets/documents_2021_12_28/pai_3cols_20211228_152900_6914104503_600_800.png,pai_3cols_20211228_152900_6914104503_600_800_mask.png,73138.28
15,3,30,6,105,266,135,272,105,266,135,266,135,272,105,272,sub_line_text,table_text,table_0,courier,regular,7.0,pai_3cols_20211228_152900_6914104503_600_800.png,/scratch/parceirosbr/bigoilict/share/BigOil/document_generator/datasets/documents_2021_12_28/pai_3cols_20211228_152900_6914104503_600_800.png,pai_3cols_20211228_152900_6914104503_600_800_mask.png,73138.28
15,3,30,6,105,276,135,282,105,276,135,276,135,282,105,282,text,table_text,table_0,courier,regular,7.0,pai_3cols_20211228_152900_6914104503_600_800.png,/scratch/parceirosbr/bigoilict/share/BigOil/document_generator/datasets/documents_2021_12_28/pai_3cols_20211228_152900_6914104503_600_800.png,pai_3cols_20211228_152900_6914104503_600_800_mask.png,15797.19
15,3,30,6,105,276,135,282,105,276,135,276,135,282,105,282,sub_line_text,table_text,table_0,courier,regular,7.0,pai_3cols_20211228_152900_6914104503_600_800.png,/scratch/parceirosbr/bigoilict/share/BigOil/document_generator/datasets/documents_2021_12_28/pai_3cols_20211228_152900_6914104503_600_800.png,pai_3cols_20211228_152900_6914104503_600_800_mask.png,15797.19
13,3,26,6,109,286,135,292,109,286,135,286,135,292,109,292,text,table_text,table_0,courier,regular,7.0,pai_3cols_20211228_152900_6914104503_600_800.png,/scratch/parceirosbr/bigoilict/share/BigOil/document_generator/datasets/documents_2021_12_28/pai_3cols_20211228_152900_6914104503_600_800.png,pai_3cols_20211228_152900_6914104503_600_800_mask.png,5551.25
13,3,26,6,109,286,135,292,109,286,135,286,135,292,109,292,sub_line_text,table_text,table_0,courier,regular,7.0,pai_3cols_20211228_152900_6914104503_600_800.png,/scratch/parceirosbr/bigoilict/share/BigOil/document_generator/datasets/documents_2021_12_28/pai_3cols_20211228_152900_6914104503_600_800.png,pai_3cols_20211228_152900_6914104503_600_800_mask.png,5551.25
7,3,15,6,120,295,135,301,120,295,135,295,135,301,120,301,text,table_text,table_0,courier,regular,7.0,pai_3cols_20211228_152900_6914104503_600_800.png,/scratch/parceirosbr/bigoilict/share/BigOil/document_generator/datasets/documents_2021_12_28/pai_3cols_20211228_152900_6914104503_600_800.png,pai_3cols_20211228_152900_6914104503_600_800_mask.png,5.36
7,3,15,6,120,295,135,301,120,295,135,295,135,301,120,301,sub_line_text,table_text,table_0,courier,regular,7.0,pai_3cols_20211228_152900_6914104503_600_800.png,/scratch/parceirosbr/bigoilict/share/BigOil/document_generator/datasets/documents_2021_12_28/pai_3cols_20211228_152900_6914104503_600_800.png,pai_3cols_20211228_152900_6914104503_600_800_mask.png,5.36
11,3,22,6,112,305,134,311,112,305,134,305,134,311,112,311,text,table_text,table_0,courier,regular,7.0,pai_3cols_20211228_152900_6914104503_600_800.png,/scratch/parceirosbr/bigoilict/share/BigOil/document_generator/datasets/documents_2021_12_28/pai_3cols_20211228_152900_6914104503_600_800.png,pai_3cols_20211228_152900_6914104503_600_800_mask.png,611.92
11,3,22,6,112,305,134,311,112,305,134,305,134,311,112,311,sub_line_text,table_text,table_0,courier,regular,7.0,pai_3cols_20211228_152900_6914104503_600_800.png,/scratch/parceirosbr/bigoilict/share/BigOil/document_generator/datasets/documents_2021_12_28/pai_3cols_20211228_152900_6914104503_600_800.png,pai_3cols_20211228_152900_6914104503_600_800_mask.png,611.92
9,3,19,6,155,189,174,195,155,189,174,189,174,195,155,195,text,table_text,table_0,courier,bold,7.0,pai_3cols_20211228_152900_6914104503_600_800.png,/scratch/parceirosbr/bigoilict/share/BigOil/document_generator/datasets/documents_2021_12_28/pai_3cols_20211228_152900_6914104503_600_800.png,pai_3cols_20211228_152900_6914104503_600_800_mask.png,entre
9,3,19,6,155,189,174,195,155,189,174,189,174,195,155,195,sub_line_text,table_text,table_0,courier,bold,7.0,pai_3cols_20211228_152900_6914104503_600_800.png,/scratch/parceirosbr/bigoilict/share/BigOil/document_generator/datasets/documents_2021_12_28/pai_3cols_20211228_152900_6914104503_600_800.png,pai_3cols_20211228_152900_6914104503_600_800_mask.png,entre
11,3,22,6,151,199,173,205,151,199,173,199,173,205,151,205,text,table_text,table_0,courier,regular,7.0,pai_3cols_20211228_152900_6914104503_600_800.png,/scratch/parceirosbr/bigoilict/share/BigOil/document_generator/datasets/documents_2021_12_28/pai_3cols_20211228_152900_6914104503_600_800.png,pai_3cols_20211228_152900_6914104503_600_800_mask.png,1275.9
11,3,22,6,151,199,173,205,151,199,173,199,173,205,151,205,sub_line_text,table_text,table_0,courier,regular,7.0,pai_3cols_20211228_152900_6914104503_600_800.png,/scratch/parceirosbr/bigoilict/share/BigOil/document_generator/datasets/documents_2021_12_28/pai_3cols_20211228_152900_6914104503_600_800.png,pai_3cols_20211228_152900_6914104503_600_800_mask.png,1275.9
11,3,22,6,151,209,173,215,151,209,173,209,173,215,151,215,text,table_text,table_0,courier,regular,7.0,pai_3cols_20211228_152900_6914104503_600_800.png,/scratch/parceirosbr/bigoilict/share/BigOil/document_generator/datasets/documents_2021_12_28/pai_3cols_20211228_152900_6914104503_600_800.png,pai_3cols_20211228_152900_6914104503_600_800_mask.png,7316.4
11,3,22,6,151,209,173,215,151,209,173,209,173,215,151,215,sub_line_text,table_text,table_0,courier,regular,7.0,pai_3cols_20211228_152900_6914104503_600_800.png,/scratch/parceirosbr/bigoilict/share/BigOil/document_generator/datasets/documents_2021_12_28/pai_3cols_20211228_152900_6914104503_600_800.png,pai_3cols_20211228_152900_6914104503_600_800_mask.png,7316.4
9,3,19,6,155,218,174,224,155,218,174,218,174,224,155,224,text,table_text,table_0,courier,regular,7.0,pai_3cols_20211228_152900_6914104503_600_800.png,/scratch/parceirosbr/bigoilict/share/BigOil/document_generator/datasets/documents_2021_12_28/pai_3cols_20211228_152900_6914104503_600_800.png,pai_3cols_20211228_152900_6914104503_600_800_mask.png,335.7
9,3,19,6,155,218,174,224,155,218,174,218,174,224,155,224,sub_line_text,table_text,table_0,courier,regular,7.0,pai_3cols_20211228_152900_6914104503_600_800.png,/scratch/parceirosbr/bigoilict/share/BigOil/document_generator/datasets/documents_2021_12_28/pai_3cols_20211228_152900_6914104503_600_800.png,pai_3cols_20211228_152900_6914104503_600_800_mask.png,335.7
13,3,26,6,147,228,173,234,147,228,173,228,173,234,147,234,text,table_text,table_0,courier,regular,7.0,pai_3cols_20211228_152900_6914104503_600_800.png,/scratch/parceirosbr/bigoilict/share/BigOil/document_generator/datasets/documents_2021_12_28/pai_3cols_20211228_152900_6914104503_600_800.png,pai_3cols_20211228_152900_6914104503_600_800_mask.png,38868.5
13,3,26,6,147,228,173,234,147,228,173,228,173,234,147,234,sub_line_text,table_text,table_0,courier,regular,7.0,pai_3cols_20211228_152900_6914104503_600_800.png,/scratch/parceirosbr/bigoilict/share/BigOil/document_generator/datasets/documents_2021_12_28/pai_3cols_20211228_152900_6914104503_600_800.png,pai_3cols_20211228_152900_6914104503_600_800_mask.png,38868.5
15,3,30,6,143,238,173,244,143,238,173,238,173,244,143,244,text,table_text,table_0,courier,regular,7.0,pai_3cols_20211228_152900_6914104503_600_800.png,/scratch/parceirosbr/bigoilict/share/BigOil/document_generator/datasets/documents_2021_12_28/pai_3cols_20211228_152900_6914104503_600_800.png,pai_3cols_20211228_152900_6914104503_600_800_mask.png,561539.3
15,3,30,6,143,238,173,244,143,238,173,238,173,244,143,244,sub_line_text,table_text,table_0,courier,regular,7.0,pai_3cols_20211228_152900_6914104503_600_800.png,/scratch/parceirosbr/bigoilict/share/BigOil/document_generator/datasets/documents_2021_12_28/pai_3cols_20211228_152900_6914104503_600_800.png,pai_3cols_20211228_152900_6914104503_600_800_mask.png,561539.3
11,3,22,6,151,247,173,253,151,247,173,247,173,253,151,253,text,table_text,table_0,courier,regular,7.0,pai_3cols_20211228_152900_6914104503_600_800.png,/scratch/parceirosbr/bigoilict/share/BigOil/document_generator/datasets/documents_2021_12_28/pai_3cols_20211228_152900_6914104503_600_800.png,pai_3cols_20211228_152900_6914104503_600_800_mask.png,2538.4
11,3,22,6,151,247,173,253,151,247,173,247,173,253,151,253,sub_line_text,table_text,table_0,courier,regular,7.0,pai_3cols_20211228_152900_6914104503_600_800.png,/scratch/parceirosbr/bigoilict/share/BigOil/document_generator/datasets/documents_2021_12_28/pai_3cols_20211228_152900_6914104503_600_800.png,pai_3cols_20211228_152900_6914104503_600_800_mask.png,2538.4
13,3,26,6,147,257,173,263,147,257,173,257,173,263,147,263,text,table_text,table_0,courier,regular,7.0,pai_3cols_20211228_152900_6914104503_600_800.png,/scratch/parceirosbr/bigoilict/share/BigOil/document_generator/datasets/documents_2021_12_28/pai_3cols_20211228_152900_6914104503_600_800.png,pai_3cols_20211228_152900_6914104503_600_800_mask.png,34629.6
13,3,26,6,147,257,173,263,147,257,173,257,173,263,147,263,sub_line_text,table_text,table_0,courier,regular,7.0,pai_3cols_20211228_152900_6914104503_600_800.png,/scratch/parceirosbr/bigoilict/share/BigOil/document_generator/datasets/documents_2021_12_28/pai_3cols_20211228_152900_6914104503_600_800.png,pai_3cols_20211228_152900_6914104503_600_800_mask.png,34629.6
15,3,30,6,143,266,173,272,143,266,173,266,173,272,143,272,text,table_text,table_0,courier,regular,7.0,pai_3cols_20211228_152900_6914104503_600_800.png,/scratch/parceirosbr/bigoilict/share/BigOil/document_generator/datasets/documents_2021_12_28/pai_3cols_20211228_152900_6914104503_600_800.png,pai_3cols_20211228_152900_6914104503_600_800_mask.png,923205.9
15,3,30,6,143,266,173,272,143,266,173,266,173,272,143,272,sub_line_text,table_text,table_0,courier,regular,7.0,pai_3cols_20211228_152900_6914104503_600_800.png,/scratch/parceirosbr/bigoilict/share/BigOil/document_generator/datasets/documents_2021_12_28/pai_3cols_20211228_152900_6914104503_600_800.png,pai_3cols_20211228_152900_6914104503_600_800_mask.png,923205.9
15,3,30,6,143,276,173,282,143,276,173,276,173,282,143,282,text,table_text,table_0,courier,regular,7.0,pai_3cols_20211228_152900_6914104503_600_800.png,/scratch/parceirosbr/bigoilict/share/BigOil/document_generator/datasets/documents_2021_12_28/pai_3cols_20211228_152900_6914104503_600_800.png,pai_3cols_20211228_152900_6914104503_600_800_mask.png,342469.4
15,3,30,6,143,276,173,282,143,276,173,276,173,282,143,282,sub_line_text,table_text,table_0,courier,regular,7.0,pai_3cols_20211228_152900_6914104503_600_800.png,/scratch/parceirosbr/bigoilict/share/BigOil/document_generator/datasets/documents_2021_12_28/pai_3cols_20211228_152900_6914104503_600_800.png,pai_3cols_20211228_152900_6914104503_600_800_mask.png,342469.4
11,3,22,6,151,286,173,292,151,286,173,286,173,292,151,292,text,table_text,table_0,courier,regular,7.0,pai_3cols_20211228_152900_6914104503_600_800.png,/scratch/parceirosbr/bigoilict/share/BigOil/document_generator/datasets/documents_2021_12_28/pai_3cols_20211228_152900_6914104503_600_800.png,pai_3cols_20211228_152900_6914104503_600_800_mask.png,3622.8
11,3,22,6,151,286,173,292,151,286,173,286,173,292,151,292,sub_line_text,table_text,table_0,courier,regular,7.0,pai_3cols_20211228_152900_6914104503_600_800.png,/scratch/parceirosbr/bigoilict/share/BigOil/document_generator/datasets/documents_2021_12_28/pai_3cols_20211228_152900_6914104503_600_800.png,pai_3cols_20211228_152900_6914104503_600_800_mask.png,3622.8
13,3,26,6,147,295,173,301,147,295,173,295,173,301,147,301,text,table_text,table_0,courier,regular,7.0,pai_3cols_20211228_152900_6914104503_600_800.png,/scratch/parceirosbr/bigoilict/share/BigOil/document_generator/datasets/documents_2021_12_28/pai_3cols_20211228_152900_6914104503_600_800.png,pai_3cols_20211228_152900_6914104503_600_800_mask.png,63771.8
13,3,26,6,147,295,173,301,147,295,173,295,173,301,147,301,sub_line_text,table_text,table_0,courier,regular,7.0,pai_3cols_20211228_152900_6914104503_600_800.png,/scratch/parceirosbr/bigoilict/share/BigOil/document_generator/datasets/documents_2021_12_28/pai_3cols_20211228_152900_6914104503_600_800.png,pai_3cols_20211228_152900_6914104503_600_800_mask.png,63771.8
13,3,26,6,147,305,173,311,147,305,173,305,173,311,147,311,text,table_text,table_0,courier,regular,7.0,pai_3cols_20211228_152900_6914104503_600_800.png,/scratch/parceirosbr/bigoilict/share/BigOil/document_generator/datasets/documents_2021_12_28/pai_3cols_20211228_152900_6914104503_600_800.png,pai_3cols_20211228_152900_6914104503_600_800_mask.png,49416.7
13,3,26,6,147,305,173,311,147,305,173,305,173,311,147,311,sub_line_text,table_text,table_0,courier,regular,7.0,pai_3cols_20211228_152900_6914104503_600_800.png,/scratch/parceirosbr/bigoilict/share/BigOil/document_generator/datasets/documents_2021_12_28/pai_3cols_20211228_152900_6914104503_600_800.png,pai_3cols_20211228_152900_6914104503_600_800_mask.png,49416.7
43,3,86,7,68,325,154,332,68,325,154,325,154,332,68,332,sub_line_text,table_legend,table_0,raleway,italic,6,pai_3cols_20211228_152900_6914104503_600_800.png,/scratch/parceirosbr/bigoilict/share/BigOil/document_generator/datasets/documents_2021_12_28/pai_3cols_20211228_152900_6914104503_600_800.png,pai_3cols_20211228_152900_6914104503_600_800_mask.png,Tabela 95: n     052/2011    na-
26,3,53,7,98,335,151,342,98,335,151,335,151,342,98,342,sub_line_text,table_legend,table_0,raleway,italic,6,pai_3cols_20211228_152900_6914104503_600_800.png,/scratch/parceirosbr/bigoilict/share/BigOil/document_generator/datasets/documents_2021_12_28/pai_3cols_20211228_152900_6914104503_600_800.png,pai_3cols_20211228_152900_6914104503_600_800_mask.png,"tural,      caracteri-"
26,3,53,7,98,345,151,352,98,345,151,345,151,352,98,352,sub_line_text,table_legend,table_0,raleway,italic,6,pai_3cols_20211228_152900_6914104503_600_800.png,/scratch/parceirosbr/bigoilict/share/BigOil/document_generator/datasets/documents_2021_12_28/pai_3cols_20211228_152900_6914104503_600_800.png,pai_3cols_20211228_152900_6914104503_600_800_mask.png,zado   pelo   mon-
19,3,38,7,98,355,136,362,98,355,136,355,136,362,98,362,sub_line_text,table_legend,table_0,raleway,italic,6,pai_3cols_20211228_152900_6914104503_600_800.png,/scratch/parceirosbr/bigoilict/share/BigOil/document_generator/datasets/documents_2021_12_28/pai_3cols_20211228_152900_6914104503_600_800.png,pai_3cols_20211228_152900_6914104503_600_800_mask.png,opólio vertical
43,18,86,37,68,325,154,362,68,325,154,325,154,362,68,362,text,table_legend,table_0,raleway,italic,6,pai_3cols_20211228_152900_6914104503_600_800.png,/scratch/parceirosbr/bigoilict/share/BigOil/document_generator/datasets/documents_2021_12_28/pai_3cols_20211228_152900_6914104503_600_800.png,pai_3cols_20211228_152900_6914104503_600_800_mask.png,nan
47,3,95,7,68,367,163,374,68,367,163,367,163,374,68,374,sub_line_text,table_legend,table_0,raleway,italic,6,pai_3cols_20211228_152900_6914104503_600_800.png,/scratch/parceirosbr/bigoilict/share/BigOil/document_generator/datasets/documents_2021_12_28/pai_3cols_20211228_152900_6914104503_600_800.png,pai_3cols_20211228_152900_6914104503_600_800_mask.png,"Tabela 6: Also,      the     relation-"
31,3,63,7,96,377,159,384,96,377,159,377,159,384,96,384,sub_line_text,table_legend,table_0,raleway,italic,6,pai_3cols_20211228_152900_6914104503_600_800.png,/scratch/parceirosbr/bigoilict/share/BigOil/document_generator/datasets/documents_2021_12_28/pai_3cols_20211228_152900_6914104503_600_800.png,pai_3cols_20211228_152900_6914104503_600_800_mask.png,ship     between    fish
32,3,64,7,96,387,160,394,96,387,160,387,160,394,96,394,sub_line_text,table_legend,table_0,raleway,italic,6,pai_3cols_20211228_152900_6914104503_600_800.png,/scratch/parceirosbr/bigoilict/share/BigOil/document_generator/datasets/documents_2021_12_28/pai_3cols_20211228_152900_6914104503_600_800.png,pai_3cols_20211228_152900_6914104503_600_800_mask.png,catch   data   from  b-
23,3,46,7,96,397,142,404,96,397,142,397,142,404,96,404,sub_line_text,table_legend,table_0,raleway,italic,6,pai_3cols_20211228_152900_6914104503_600_800.png,/scratch/parceirosbr/bigoilict/share/BigOil/document_generator/datasets/documents_2021_12_28/pai_3cols_20211228_152900_6914104503_600_800.png,pai_3cols_20211228_152900_6914104503_600_800_mask.png,ottom longline fis
47,18,95,37,68,367,163,404,68,367,163,367,163,404,68,404,text,table_legend,table_0,raleway,italic,6,pai_3cols_20211228_152900_6914104503_600_800.png,/scratch/parceirosbr/bigoilict/share/BigOil/document_generator/datasets/documents_2021_12_28/pai_3cols_20211228_152900_6914104503_600_800.png,pai_3cols_20211228_152900_6914104503_600_800_mask.png,nan
54,74,108,149,70,416,178,565,70,416,178,416,178,565,70,565,table,table_image,table_0,,,,pai_3cols_20211228_152900_6914104503_600_800.png,/scratch/parceirosbr/bigoilict/share/BigOil/document_generator/datasets/documents_2021_12_28/pai_3cols_20211228_152900_6914104503_600_800.png,pai_3cols_20211228_152900_6914104503_600_800_mask.png,output/gen_tab_20211228_152901_3360019087.png
12,4,25,8,111,420,136,428,111,420,136,420,136,428,111,428,text,table_text,table_0,raleway,regular,7.0,pai_3cols_20211228_152900_6914104503_600_800.png,/scratch/parceirosbr/bigoilict/share/BigOil/document_generator/datasets/documents_2021_12_28/pai_3cols_20211228_152900_6914104503_600_800.png,pai_3cols_20211228_152900_6914104503_600_800_mask.png,hidratos
12,4,25,8,111,420,136,428,111,420,136,420,136,428,111,428,sub_line_text,table_text,table_0,raleway,regular,7.0,pai_3cols_20211228_152900_6914104503_600_800.png,/scratch/parceirosbr/bigoilict/share/BigOil/document_generator/datasets/documents_2021_12_28/pai_3cols_20211228_152900_6914104503_600_800.png,pai_3cols_20211228_152900_6914104503_600_800_mask.png,hidratos
6,4,13,8,117,432,130,440,117,432,130,432,130,440,117,440,text,table_text,table_0,raleway,regular,7.0,pai_3cols_20211228_152900_6914104503_600_800.png,/scratch/parceirosbr/bigoilict/share/BigOil/document_generator/datasets/documents_2021_12_28/pai_3cols_20211228_152900_6914104503_600_800.png,pai_3cols_20211228_152900_6914104503_600_800_mask.png,país
6,4,13,8,117,432,130,440,117,432,130,432,130,440,117,440,sub_line_text,table_text,table_0,raleway,regular,7.0,pai_3cols_20211228_152900_6914104503_600_800.png,/scratch/parceirosbr/bigoilict/share/BigOil/document_generator/datasets/documents_2021_12_28/pai_3cols_20211228_152900_6914104503_600_800.png,pai_3cols_20211228_152900_6914104503_600_800_mask.png,país
5,4,11,8,118,444,129,452,118,444,129,444,129,452,118,452,text,table_text,table_0,raleway,regular,7.0,pai_3cols_20211228_152900_6914104503_600_800.png,/scratch/parceirosbr/bigoilict/share/BigOil/document_generator/datasets/documents_2021_12_28/pai_3cols_20211228_152900_6914104503_600_800.png,pai_3cols_20211228_152900_6914104503_600_800_mask.png,dos
5,4,11,8,118,444,129,452,118,444,129,444,129,452,118,452,sub_line_text,table_text,table_0,raleway,regular,7.0,pai_3cols_20211228_152900_6914104503_600_800.png,/scratch/parceirosbr/bigoilict/share/BigOil/document_generator/datasets/documents_2021_12_28/pai_3cols_20211228_152900_6914104503_600_800.png,pai_3cols_20211228_152900_6914104503_600_800_mask.png,dos
3,4,7,8,120,455,127,463,120,455,127,455,127,463,120,463,text,table_text,table_0,raleway,regular,7.0,pai_3cols_20211228_152900_6914104503_600_800.png,/scratch/parceirosbr/bigoilict/share/BigOil/document_generator/datasets/documents_2021_12_28/pai_3cols_20211228_152900_6914104503_600_800.png,pai_3cols_20211228_152900_6914104503_600_800_mask.png,às
3,4,7,8,120,455,127,463,120,455,127,455,127,463,120,463,sub_line_text,table_text,table_0,raleway,regular,7.0,pai_3cols_20211228_152900_6914104503_600_800.png,/scratch/parceirosbr/bigoilict/share/BigOil/document_generator/datasets/documents_2021_12_28/pai_3cols_20211228_152900_6914104503_600_800.png,pai_3cols_20211228_152900_6914104503_600_800_mask.png,às
9,4,18,8,114,467,132,475,114,467,132,467,132,475,114,475,text,table_text,table_0,raleway,regular,7.0,pai_3cols_20211228_152900_6914104503_600_800.png,/scratch/parceirosbr/bigoilict/share/BigOil/document_generator/datasets/documents_2021_12_28/pai_3cols_20211228_152900_6914104503_600_800.png,pai_3cols_20211228_152900_6914104503_600_800_mask.png,testes
9,4,18,8,114,467,132,475,114,467,132,467,132,475,114,475,sub_line_text,table_text,table_0,raleway,regular,7.0,pai_3cols_20211228_152900_6914104503_600_800.png,/scratch/parceirosbr/bigoilict/share/BigOil/document_generator/datasets/documents_2021_12_28/pai_3cols_20211228_152900_6914104503_600_800.png,pai_3cols_20211228_152900_6914104503_600_800_mask.png,testes
7,4,15,8,116,478,131,486,116,478,131,478,131,486,116,486,text,table_text,table_0,raleway,regular,7.0,pai_3cols_20211228_152900_6914104503_600_800.png,/scratch/parceirosbr/bigoilict/share/BigOil/document_generator/datasets/documents_2021_12_28/pai_3cols_20211228_152900_6914104503_600_800.png,pai_3cols_20211228_152900_6914104503_600_800_mask.png,parte
7,4,15,8,116,478,131,486,116,478,131,478,131,486,116,486,sub_line_text,table_text,table_0,raleway,regular,7.0,pai_3cols_20211228_152900_6914104503_600_800.png,/scratch/parceirosbr/bigoilict/share/BigOil/document_generator/datasets/documents_2021_12_28/pai_3cols_20211228_152900_6914104503_600_800.png,pai_3cols_20211228_152900_6914104503_600_800_mask.png,parte
7,4,15,8,116,490,131,498,116,490,131,490,131,498,116,498,text,table_text,table_0,raleway,regular,7.0,pai_3cols_20211228_152900_6914104503_600_800.png,/scratch/parceirosbr/bigoilict/share/BigOil/document_generator/datasets/documents_2021_12_28/pai_3cols_20211228_152900_6914104503_600_800.png,pai_3cols_20211228_152900_6914104503_600_800_mask.png,setor
7,4,15,8,116,490,131,498,116,490,131,490,131,498,116,498,sub_line_text,table_text,table_0,raleway,regular,7.0,pai_3cols_20211228_152900_6914104503_600_800.png,/scratch/parceirosbr/bigoilict/share/BigOil/document_generator/datasets/documents_2021_12_28/pai_3cols_20211228_152900_6914104503_600_800.png,pai_3cols_20211228_152900_6914104503_600_800_mask.png,setor
10,4,21,8,113,502,134,510,113,502,134,502,134,510,113,510,text,table_text,table_0,raleway,regular,7.0,pai_3cols_20211228_152900_6914104503_600_800.png,/scratch/parceirosbr/bigoilict/share/BigOil/document_generator/datasets/documents_2021_12_28/pai_3cols_20211228_152900_6914104503_600_800.png,pai_3cols_20211228_152900_6914104503_600_800_mask.png,preços
10,4,21,8,113,502,134,510,113,502,134,502,134,510,113,510,sub_line_text,table_text,table_0,raleway,regular,7.0,pai_3cols_20211228_152900_6914104503_600_800.png,/scratch/parceirosbr/bigoilict/share/BigOil/document_generator/datasets/documents_2021_12_28/pai_3cols_20211228_152900_6914104503_600_800.png,pai_3cols_20211228_152900_6914104503_600_800_mask.png,preços
6,4,13,8,117,513,130,521,117,513,130,513,130,521,117,521,text,table_text,table_0,raleway,regular,7.0,pai_3cols_20211228_152900_6914104503_600_800.png,/scratch/parceirosbr/bigoilict/share/BigOil/document_generator/datasets/documents_2021_12_28/pai_3cols_20211228_152900_6914104503_600_800.png,pai_3cols_20211228_152900_6914104503_600_800_mask.png,grau
6,4,13,8,117,513,130,521,117,513,130,513,130,521,117,521,sub_line_text,table_text,table_0,raleway,regular,7.0,pai_3cols_20211228_152900_6914104503_600_800.png,/scratch/parceirosbr/bigoilict/share/BigOil/document_generator/datasets/documents_2021_12_28/pai_3cols_20211228_152900_6914104503_600_800.png,pai_3cols_20211228_152900_6914104503_600_800_mask.png,grau
17,4,34,8,106,525,140,533,106,525,140,525,140,533,106,533,text,table_text,table_0,raleway,regular,7.0,pai_3cols_20211228_152900_6914104503_600_800.png,/scratch/parceirosbr/bigoilict/share/BigOil/document_generator/datasets/documents_2021_12_28/pai_3cols_20211228_152900_6914104503_600_800.png,pai_3cols_20211228_152900_6914104503_600_800_mask.png,explicação
17,4,34,8,106,525,140,533,106,525,140,525,140,533,106,533,sub_line_text,table_text,table_0,raleway,regular,7.0,pai_3cols_20211228_152900_6914104503_600_800.png,/scratch/parceirosbr/bigoilict/share/BigOil/document_generator/datasets/documents_2021_12_28/pai_3cols_20211228_152900_6914104503_600_800.png,pai_3cols_20211228_152900_6914104503_600_800_mask.png,explicação
16,4,32,8,107,536,139,544,107,536,139,536,139,544,107,544,text,table_text,table_0,raleway,regular,7.0,pai_3cols_20211228_152900_6914104503_600_800.png,/scratch/parceirosbr/bigoilict/share/BigOil/document_generator/datasets/documents_2021_12_28/pai_3cols_20211228_152900_6914104503_600_800.png,pai_3cols_20211228_152900_6914104503_600_800_mask.png,floculadas
16,4,32,8,107,536,139,544,107,536,139,536,139,544,107,544,sub_line_text,table_text,table_0,raleway,regular,7.0,pai_3cols_20211228_152900_6914104503_600_800.png,/scratch/parceirosbr/bigoilict/share/BigOil/document_generator/datasets/documents_2021_12_28/pai_3cols_20211228_152900_6914104503_600_800.png,pai_3cols_20211228_152900_6914104503_600_800_mask.png,floculadas
10,4,21,8,113,548,134,556,113,548,134,548,134,556,113,556,text,table_text,table_0,raleway,regular,7.0,pai_3cols_20211228_152900_6914104503_600_800.png,/scratch/parceirosbr/bigoilict/share/BigOil/document_generator/datasets/documents_2021_12_28/pai_3cols_20211228_152900_6914104503_600_800.png,pai_3cols_20211228_152900_6914104503_600_800_mask.png,termos
10,4,21,8,113,548,134,556,113,548,134,548,134,556,113,556,sub_line_text,table_text,table_0,raleway,regular,7.0,pai_3cols_20211228_152900_6914104503_600_800.png,/scratch/parceirosbr/bigoilict/share/BigOil/document_generator/datasets/documents_2021_12_28/pai_3cols_20211228_152900_6914104503_600_800.png,pai_3cols_20211228_152900_6914104503_600_800_mask.png,termos
43,3,86,7,68,570,154,577,68,570,154,570,154,577,68,577,sub_line_text,table_legend,table_0,raleway,italic,6,pai_3cols_20211228_152900_6914104503_600_800.png,/scratch/parceirosbr/bigoilict/share/BigOil/document_generator/datasets/documents_2021_12_28/pai_3cols_20211228_152900_6914104503_600_800.png,pai_3cols_20211228_152900_6914104503_600_800_mask.png,Tab. 68: One    can   even   ob-
23,3,47,7,92,580,139,587,92,580,139,580,139,587,92,587,sub_line_text,table_legend,table_0,raleway,italic,6,pai_3cols_20211228_152900_6914104503_600_800.png,/scratch/parceirosbr/bigoilict/share/BigOil/document_generator/datasets/documents_2021_12_28/pai_3cols_20211228_152900_6914104503_600_800.png,pai_3cols_20211228_152900_6914104503_600_800_mask.png,serve momentary
43,8,86,17,68,570,154,587,68,570,154,570,154,587,68,587,text,table_legend,table_0,raleway,italic,6,pai_3cols_20211228_152900_6914104503_600_800.png,/scratch/parceirosbr/bigoilict/share/BigOil/document_generator/datasets/documents_2021_12_28/pai_3cols_20211228_152900_6914104503_600_800.png,pai_3cols_20211228_152900_6914104503_600_800_mask.png,nan
45,3,91,7,68,589,159,596,68,589,159,589,159,596,68,596,sub_line_text,table_legend,table_0,raleway,italic,6,pai_3cols_20211228_152900_6914104503_600_800.png,/scratch/parceirosbr/bigoilict/share/BigOil/document_generator/datasets/documents_2021_12_28/pai_3cols_20211228_152900_6914104503_600_800.png,pai_3cols_20211228_152900_6914104503_600_800_mask.png,"Tab. 116: Ao     mesmo     tempo,"
21,3,43,7,94,599,137,606,94,599,137,599,137,606,94,606,sub_line_text,table_legend,table_0,raleway,italic,6,pai_3cols_20211228_152900_6914104503_600_800.png,/scratch/parceirosbr/bigoilict/share/BigOil/document_generator/datasets/documents_2021_12_28/pai_3cols_20211228_152900_6914104503_600_800.png,pai_3cols_20211228_152900_6914104503_600_800_mask.png,esses paísesest
45,8,91,17,68,589,159,606,68,589,159,589,159,606,68,606,text,table_legend,table_0,raleway,italic,6,pai_3cols_20211228_152900_6914104503_600_800.png,/scratch/parceirosbr/bigoilict/share/BigOil/document_generator/datasets/documents_2021_12_28/pai_3cols_20211228_152900_6914104503_600_800.png,pai_3cols_20211228_152900_6914104503_600_800_mask.png,nan
47,4,94,9,82,611,176,620,82,611,176,611,176,620,82,620,sub_line_text,text,text_0,raleway,regular,7,pai_3cols_20211228_152900_6914104503_600_800.png,/scratch/parceirosbr/bigoilict/share/BigOil/document_generator/datasets/documents_2021_12_28/pai_3cols_20211228_152900_6914104503_600_800.png,pai_3cols_20211228_152900_6914104503_600_800_mask.png,"If   a   firm   is   multi-product,"
54,4,109,9,68,624,177,633,68,624,177,624,177,633,68,633,sub_line_text,text,text_0,raleway,regular,7,pai_3cols_20211228_152900_6914104503_600_800.png,/scratch/parceirosbr/bigoilict/share/BigOil/document_generator/datasets/documents_2021_12_28/pai_3cols_20211228_152900_6914104503_600_800.png,pai_3cols_20211228_152900_6914104503_600_800_mask.png,the   situation  is  a  little  more  c-
50,4,101,9,68,637,169,646,68,637,169,637,169,646,68,646,sub_line_text,text,text_0,raleway,regular,7,pai_3cols_20211228_152900_6914104503_600_800.png,/scratch/parceirosbr/bigoilict/share/BigOil/document_generator/datasets/documents_2021_12_28/pai_3cols_20211228_152900_6914104503_600_800.png,pai_3cols_20211228_152900_6914104503_600_800_mask.png,"omplex. No sistema de partilha,."
54,17,109,35,68,611,177,646,68,611,177,611,177,646,68,646,text,text,text_0,raleway,regular,7,pai_3cols_20211228_152900_6914104503_600_800.png,/scratch/parceirosbr/bigoilict/share/BigOil/document_generator/datasets/documents_2021_12_28/pai_3cols_20211228_152900_6914104503_600_800.png,pai_3cols_20211228_152900_6914104503_600_800_mask.png,nan
44,4,89,9,82,651,171,660,82,651,171,651,171,660,82,660,sub_line_text,text,text_1,raleway,regular,7,pai_3cols_20211228_152900_6914104503_600_800.png,/scratch/parceirosbr/bigoilict/share/BigOil/document_generator/datasets/documents_2021_12_28/pai_3cols_20211228_152900_6914104503_600_800.png,pai_3cols_20211228_152900_6914104503_600_800_mask.png,O iodeto de hidrogênio rea-.
44,4,89,9,82,651,171,660,82,651,171,651,171,660,82,660,text,text,text_1,raleway,regular,7,pai_3cols_20211228_152900_6914104503_600_800.png,/scratch/parceirosbr/bigoilict/share/BigOil/document_generator/datasets/documents_2021_12_28/pai_3cols_20211228_152900_6914104503_600_800.png,pai_3cols_20211228_152900_6914104503_600_800_mask.png,nan
47,4,95,9,220,121,315,130,220,121,315,121,315,130,220,130,sub_line_text,text,text_2,raleway,regular,7,pai_3cols_20211228_152900_6914104503_600_800.png,/scratch/parceirosbr/bigoilict/share/BigOil/document_generator/datasets/documents_2021_12_28/pai_3cols_20211228_152900_6914104503_600_800.png,pai_3cols_20211228_152900_6914104503_600_800_mask.png,The    main    non-conforming
54,4,108,9,206,134,314,143,206,134,314,134,314,143,206,143,sub_line_text,text,text_2,raleway,regular,7,pai_3cols_20211228_152900_6914104503_600_800.png,/scratch/parceirosbr/bigoilict/share/BigOil/document_generator/datasets/documents_2021_12_28/pai_3cols_20211228_152900_6914104503_600_800.png,pai_3cols_20211228_152900_6914104503_600_800_mask.png,parameter   in  diesel  oil  in  2010
54,4,108,9,206,147,314,156,206,147,314,147,314,156,206,156,sub_line_text,text,text_2,raleway,regular,7,pai_3cols_20211228_152900_6914104503_600_800.png,/scratch/parceirosbr/bigoilict/share/BigOil/document_generator/datasets/documents_2021_12_28/pai_3cols_20211228_152900_6914104503_600_800.png,pai_3cols_20211228_152900_6914104503_600_800_mask.png,was  the  one  related to the biod-
54,4,109,9,206,160,315,169,206,160,315,160,315,169,206,169,sub_line_text,text,text_2,raleway,regular,7,pai_3cols_20211228_152900_6914104503_600_800.png,/scratch/parceirosbr/bigoilict/share/BigOil/document_generator/datasets/documents_2021_12_28/pai_3cols_20211228_152900_6914104503_600_800.png,pai_3cols_20211228_152900_6914104503_600_800_mask.png,"iesel   content,  followed  by  asp-"
54,4,109,9,206,173,315,182,206,173,315,173,315,182,206,182,sub_line_text,text,text_2,raleway,regular,7,pai_3cols_20211228_152900_6914104503_600_800.png,/scratch/parceirosbr/bigoilict/share/BigOil/document_generator/datasets/documents_2021_12_28/pai_3cols_20211228_152900_6914104503_600_800.png,pai_3cols_20211228_152900_6914104503_600_800_mask.png,"ect,  as  evidenced  in the 13. dist-"
54,4,108,9,206,186,314,195,206,186,314,186,314,195,206,195,sub_line_text,text,text_2,raleway,regular,7,pai_3cols_20211228_152900_6914104503_600_800.png,/scratch/parceirosbr/bigoilict/share/BigOil/document_generator/datasets/documents_2021_12_28/pai_3cols_20211228_152900_6914104503_600_800.png,pai_3cols_20211228_152900_6914104503_600_800_mask.png,ribution   of   non-conformities  by
54,4,108,9,206,199,314,208,206,199,314,199,314,208,206,208,sub_line_text,text,text_2,raleway,regular,7,pai_3cols_20211228_152900_6914104503_600_800.png,/scratch/parceirosbr/bigoilict/share/BigOil/document_generator/datasets/documents_2021_12_28/pai_3cols_20211228_152900_6914104503_600_800.png,pai_3cols_20211228_152900_6914104503_600_800_mask.png,parameters   from   2006   to  2010
54,4,109,9,206,212,315,221,206,212,315,212,315,221,206,221,sub_line_text,text,text_2,raleway,regular,7,pai_3cols_20211228_152900_6914104503_600_800.png,/scratch/parceirosbr/bigoilict/share/BigOil/document_generator/datasets/documents_2021_12_28/pai_3cols_20211228_152900_6914104503_600_800.png,pai_3cols_20211228_152900_6914104503_600_800_mask.png,is  found  in  14.40.  Esta  pode  ser
54,4,109,9,206,225,315,234,206,225,315,225,315,234,206,234,sub_line_text,text,text_2,raleway,regular,7,pai_3cols_20211228_152900_6914104503_600_800.png,/scratch/parceirosbr/bigoilict/share/BigOil/document_generator/datasets/documents_2021_12_28/pai_3cols_20211228_152900_6914104503_600_800.png,pai_3cols_20211228_152900_6914104503_600_800_mask.png,uma  potencial  forma  de  enfren-
49,4,99,9,206,238,305,247,206,238,305,238,305,247,206,247,sub_line_text,text,text_2,raleway,regular,7,pai_3cols_20211228_152900_6914104503_600_800.png,/scratch/parceirosbr/bigoilict/share/BigOil/document_generator/datasets/documents_2021_12_28/pai_3cols_20211228_152900_6914104503_600_800.png,pai_3cols_20211228_152900_6914104503_600_800_mask.png,"tar o problema, mantendo a co."
54,63,109,126,206,121,315,247,206,121,315,121,315,247,206,247,text,text,text_2,raleway,regular,7,pai_3cols_20211228_152900_6914104503_600_800.png,/scratch/parceirosbr/bigoilict/share/BigOil/document_generator/datasets/documents_2021_12_28/pai_3cols_20211228_152900_6914104503_600_800.png,pai_3cols_20211228_152900_6914104503_600_800_mask.png,nan
47,4,95,9,220,252,315,261,220,252,315,252,315,261,220,261,sub_line_text,text,text_3,raleway,regular,7,pai_3cols_20211228_152900_6914104503_600_800.png,/scratch/parceirosbr/bigoilict/share/BigOil/document_generator/datasets/documents_2021_12_28/pai_3cols_20211228_152900_6914104503_600_800.png,pai_3cols_20211228_152900_6914104503_600_800_mask.png,3   shows   schematically  the
54,4,108,9,206,265,314,274,206,265,314,265,314,274,206,274,sub_line_text,text,text_3,raleway,regular,7,pai_3cols_20211228_152900_6914104503_600_800.png,/scratch/parceirosbr/bigoilict/share/BigOil/document_generator/datasets/documents_2021_12_28/pai_3cols_20211228_152900_6914104503_600_800.png,pai_3cols_20211228_152900_6914104503_600_800_mask.png,system  to  be  analyzed  and  1 s-
54,4,109,9,206,278,315,287,206,278,315,278,315,287,206,287,sub_line_text,text,text_3,raleway,regular,7,pai_3cols_20211228_152900_6914104503_600_800.png,/scratch/parceirosbr/bigoilict/share/BigOil/document_generator/datasets/documents_2021_12_28/pai_3cols_20211228_152900_6914104503_600_800.png,pai_3cols_20211228_152900_6914104503_600_800_mask.png,hows   the   main   parameters   of
54,4,108,9,206,291,314,300,206,291,314,291,314,300,206,300,sub_line_text,text,text_3,raleway,regular,7,pai_3cols_20211228_152900_6914104503_600_800.png,/scratch/parceirosbr/bigoilict/share/BigOil/document_generator/datasets/documents_2021_12_28/pai_3cols_20211228_152900_6914104503_600_800.png,pai_3cols_20211228_152900_6914104503_600_800_mask.png,the  system  analyzed.  De manei-
54,4,109,9,206,304,315,313,206,304,315,304,315,313,206,313,sub_line_text,text,text_3,raleway,regular,7,pai_3cols_20211228_152900_6914104503_600_800.png,/scratch/parceirosbr/bigoilict/share/BigOil/document_generator/datasets/documents_2021_12_28/pai_3cols_20211228_152900_6914104503_600_800.png,pai_3cols_20211228_152900_6914104503_600_800_mask.png,"ra  geral,  evidenciam-se  em tod-"
54,4,109,9,206,317,315,326,206,317,315,317,315,326,206,326,sub_line_text,text,text_3,raleway,regular,7,pai_3cols_20211228_152900_6914104503_600_800.png,/scratch/parceirosbr/bigoilict/share/BigOil/document_generator/datasets/documents_2021_12_28/pai_3cols_20211228_152900_6914104503_600_800.png,pai_3cols_20211228_152900_6914104503_600_800_mask.png,os   os   testemunhos  de  vibraco-
54,4,108,9,206,330,314,339,206,330,314,330,314,339,206,339,sub_line_text,text,text_3,raleway,regular,7,pai_3cols_20211228_152900_6914104503_600_800.png,/scratch/parceirosbr/bigoilict/share/BigOil/document_generator/datasets/documents_2021_12_28/pai_3cols_20211228_152900_6914104503_600_800.png,pai_3cols_20211228_152900_6914104503_600_800_mask.png,"rer   analisados,  intercalações  e-"
54,4,109,9,206,343,315,352,206,343,315,343,315,352,206,352,sub_line_text,text,text_3,raleway,regular,7,pai_3cols_20211228_152900_6914104503_600_800.png,/scratch/parceirosbr/bigoilict/share/BigOil/document_generator/datasets/documents_2021_12_28/pai_3cols_20211228_152900_6914104503_600_800.png,pai_3cols_20211228_152900_6914104503_600_800_mask.png,ntre   fácies   lamosas   correspon-
54,4,109,9,206,356,315,365,206,356,315,356,315,365,206,365,sub_line_text,text,text_3,raleway,regular,7,pai_3cols_20211228_152900_6914104503_600_800.png,/scratch/parceirosbr/bigoilict/share/BigOil/document_generator/datasets/documents_2021_12_28/pai_3cols_20211228_152900_6914104503_600_800.png,pai_3cols_20211228_152900_6914104503_600_800_mask.png,dentes   à  de  (Intertidal  e  fácies
54,4,108,9,206,369,314,378,206,369,314,369,314,378,206,378,sub_line_text,text,text_3,raleway,regular,7,pai_3cols_20211228_152900_6914104503_600_800.png,/scratch/parceirosbr/bigoilict/share/BigOil/document_generator/datasets/documents_2021_12_28/pai_3cols_20211228_152900_6914104503_600_800.png,pai_3cols_20211228_152900_6914104503_600_800_mask.png,"arenosas,   marcadores  de  (Tidal."
50,4,100,9,206,382,306,391,206,382,306,382,306,391,206,391,sub_line_text,text,text_3,raleway,regular,7,pai_3cols_20211228_152900_6914104503_600_800.png,/scratch/parceirosbr/bigoilict/share/BigOil/document_generator/datasets/documents_2021_12_28/pai_3cols_20211228_152900_6914104503_600_800.png,pai_3cols_20211228_152900_6914104503_600_800_mask.png,O é um polímero semicristalino.
54,69,109,139,206,252,315,391,206,252,315,252,315,391,206,391,text,text,text_3,raleway,regular,7,pai_3cols_20211228_152900_6914104503_600_800.png,/scratch/parceirosbr/bigoilict/share/BigOil/document_generator/datasets/documents_2021_12_28/pai_3cols_20211228_152900_6914104503_600_800.png,pai_3cols_20211228_152900_6914104503_600_800_mask.png,nan
56,33,112,66,206,396,318,462,206,396,318,396,318,462,206,462,image,figure_image,figure_1,,,,pai_3cols_20211228_152900_6914104503_600_800.png,/scratch/parceirosbr/bigoilict/share/BigOil/document_generator/datasets/documents_2021_12_28/pai_3cols_20211228_152900_6914104503_600_800.png,pai_3cols_20211228_152900_6914104503_600_800_mask.png,output/gen_img_20211228_152902_7473992648.png
4,1,9,3,227,396,236,399,227,396,236,396,236,399,227,399,text,figure_text,figure_1,,,,pai_3cols_20211228_152900_6914104503_600_800.png,/scratch/parceirosbr/bigoilict/share/BigOil/document_generator/datasets/documents_2021_12_28/pai_3cols_20211228_152900_6914104503_600_800.png,pai_3cols_20211228_152900_6914104503_600_800_mask.png,Control
4,1,9,3,227,396,236,399,227,396,236,396,236,399,227,399,sub_line_text,figure_text,figure_1,,,,pai_3cols_20211228_152900_6914104503_600_800.png,/scratch/parceirosbr/bigoilict/share/BigOil/document_generator/datasets/documents_2021_12_28/pai_3cols_20211228_152900_6914104503_600_800.png,pai_3cols_20211228_152900_6914104503_600_800_mask.png,Control
6,1,12,3,275,454,287,457,275,454,287,454,287,457,275,457,text,figure_text,figure_1,,,,pai_3cols_20211228_152900_6914104503_600_800.png,/scratch/parceirosbr/bigoilict/share/BigOil/document_generator/datasets/documents_2021_12_28/pai_3cols_20211228_152900_6914104503_600_800.png,pai_3cols_20211228_152900_6914104503_600_800_mask.png,Energy [V]
6,1,12,3,275,454,287,457,275,454,287,454,287,457,275,457,sub_line_text,figure_text,figure_1,,,,pai_3cols_20211228_152900_6914104503_600_800.png,/scratch/parceirosbr/bigoilict/share/BigOil/document_generator/datasets/documents_2021_12_28/pai_3cols_20211228_152900_6914104503_600_800.png,pai_3cols_20211228_152900_6914104503_600_800_mask.png,Energy [V]
6,1,13,3,282,405,295,408,282,405,295,405,295,408,282,408,text,figure_text,figure_1,,,,pai_3cols_20211228_152900_6914104503_600_800.png,/scratch/parceirosbr/bigoilict/share/BigOil/document_generator/datasets/documents_2021_12_28/pai_3cols_20211228_152900_6914104503_600_800.png,pai_3cols_20211228_152900_6914104503_600_800_mask.png,Resistance
6,1,13,3,282,405,295,408,282,405,295,405,295,408,282,408,sub_line_text,figure_text,figure_1,,,,pai_3cols_20211228_152900_6914104503_600_800.png,/scratch/parceirosbr/bigoilict/share/BigOil/document_generator/datasets/documents_2021_12_28/pai_3cols_20211228_152900_6914104503_600_800.png,pai_3cols_20211228_152900_6914104503_600_800_mask.png,Resistance
8,1,16,3,268,444,284,447,268,444,284,444,284,447,268,447,text,figure_text,figure_1,,,,pai_3cols_20211228_152900_6914104503_600_800.png,/scratch/parceirosbr/bigoilict/share/BigOil/document_generator/datasets/documents_2021_12_28/pai_3cols_20211228_152900_6914104503_600_800.png,pai_3cols_20211228_152900_6914104503_600_800_mask.png,Concentration
8,1,16,3,268,444,284,447,268,444,284,444,284,447,268,447,sub_line_text,figure_text,figure_1,,,,pai_3cols_20211228_152900_6914104503_600_800.png,/scratch/parceirosbr/bigoilict/share/BigOil/document_generator/datasets/documents_2021_12_28/pai_3cols_20211228_152900_6914104503_600_800.png,pai_3cols_20211228_152900_6914104503_600_800_mask.png,Concentration
4,1,8,2,262,456,270,458,262,456,270,456,270,458,262,458,text,figure_text,figure_1,,,,pai_3cols_20211228_152900_6914104503_600_800.png,/scratch/parceirosbr/bigoilict/share/BigOil/document_generator/datasets/documents_2021_12_28/pai_3cols_20211228_152900_6914104503_600_800.png,pai_3cols_20211228_152900_6914104503_600_800_mask.png,Detour
4,1,8,2,262,456,270,458,262,456,270,456,270,458,262,458,sub_line_text,figure_text,figure_1,,,,pai_3cols_20211228_152900_6914104503_600_800.png,/scratch/parceirosbr/bigoilict/share/BigOil/document_generator/datasets/documents_2021_12_28/pai_3cols_20211228_152900_6914104503_600_800.png,pai_3cols_20211228_152900_6914104503_600_800_mask.png,Detour
6,1,13,2,234,408,247,410,234,408,247,408,247,410,234,410,text,figure_text,figure_1,,,,pai_3cols_20211228_152900_6914104503_600_800.png,/scratch/parceirosbr/bigoilict/share/BigOil/document_generator/datasets/documents_2021_12_28/pai_3cols_20211228_152900_6914104503_600_800.png,pai_3cols_20211228_152900_6914104503_600_800_mask.png,-5853.98%
6,1,13,2,234,408,247,410,234,408,247,408,247,410,234,410,sub_line_text,figure_text,figure_1,,,,pai_3cols_20211228_152900_6914104503_600_800.png,/scratch/parceirosbr/bigoilict/share/BigOil/document_generator/datasets/documents_2021_12_28/pai_3cols_20211228_152900_6914104503_600_800.png,pai_3cols_20211228_152900_6914104503_600_800_mask.png,-5853.98%
4,1,9,3,247,442,256,445,247,442,256,442,256,445,247,445,text,figure_text,figure_1,,,,pai_3cols_20211228_152900_6914104503_600_800.png,/scratch/parceirosbr/bigoilict/share/BigOil/document_generator/datasets/documents_2021_12_28/pai_3cols_20211228_152900_6914104503_600_800.png,pai_3cols_20211228_152900_6914104503_600_800_mask.png,376.3%
4,1,9,3,247,442,256,445,247,442,256,442,256,445,247,445,sub_line_text,figure_text,figure_1,,,,pai_3cols_20211228_152900_6914104503_600_800.png,/scratch/parceirosbr/bigoilict/share/BigOil/document_generator/datasets/documents_2021_12_28/pai_3cols_20211228_152900_6914104503_600_800.png,pai_3cols_20211228_152900_6914104503_600_800_mask.png,376.3%
7,1,14,3,253,432,267,435,253,432,267,432,267,435,253,435,text,figure_text,figure_1,,,,pai_3cols_20211228_152900_6914104503_600_800.png,/scratch/parceirosbr/bigoilict/share/BigOil/document_generator/datasets/documents_2021_12_28/pai_3cols_20211228_152900_6914104503_600_800.png,pai_3cols_20211228_152900_6914104503_600_800_mask.png,Female [km]
7,1,14,3,253,432,267,435,253,432,267,432,267,435,253,435,sub_line_text,figure_text,figure_1,,,,pai_3cols_20211228_152900_6914104503_600_800.png,/scratch/parceirosbr/bigoilict/share/BigOil/document_generator/datasets/documents_2021_12_28/pai_3cols_20211228_152900_6914104503_600_800.png,pai_3cols_20211228_152900_6914104503_600_800_mask.png,Female [km]
7,1,14,3,279,428,293,431,279,428,293,428,293,431,279,431,text,figure_text,figure_1,,,,pai_3cols_20211228_152900_6914104503_600_800.png,/scratch/parceirosbr/bigoilict/share/BigOil/document_generator/datasets/documents_2021_12_28/pai_3cols_20211228_152900_6914104503_600_800.png,pai_3cols_20211228_152900_6914104503_600_800_mask.png,Liters (MM)
7,1,14,3,279,428,293,431,279,428,293,428,293,431,279,431,sub_line_text,figure_text,figure_1,,,,pai_3cols_20211228_152900_6914104503_600_800.png,/scratch/parceirosbr/bigoilict/share/BigOil/document_generator/datasets/documents_2021_12_28/pai_3cols_20211228_152900_6914104503_600_800.png,pai_3cols_20211228_152900_6914104503_600_800_mask.png,Liters (MM)
43,3,86,7,206,467,292,474,206,467,292,467,292,474,206,474,sub_line_text,figure_legend,figure_1,raleway,italic,6,pai_3cols_20211228_152900_6914104503_600_800.png,/scratch/parceirosbr/bigoilict/share/BigOil/document_generator/datasets/documents_2021_12_28/pai_3cols_20211228_152900_6914104503_600_800.png,pai_3cols_20211228_152900_6914104503_600_800_mask.png,Fig. 15: De    acordo    com    os
26,3,52,7,225,477,277,484,225,477,277,477,277,484,225,484,sub_line_text,figure_legend,figure_1,raleway,italic,6,pai_3cols_20211228_152900_6914104503_600_800.png,/scratch/parceirosbr/bigoilict/share/BigOil/document_generator/datasets/documents_2021_12_28/pai_3cols_20211228_152900_6914104503_600_800.png,pai_3cols_20211228_152900_6914104503_600_800_mask.png,dados lançados p
43,8,86,17,206,467,292,484,206,467,292,467,292,484,206,484,text,figure_legend,figure_1,raleway,italic,6,pai_3cols_20211228_152900_6914104503_600_800.png,/scratch/parceirosbr/bigoilict/share/BigOil/document_generator/datasets/documents_2021_12_28/pai_3cols_20211228_152900_6914104503_600_800.png,pai_3cols_20211228_152900_6914104503_600_800_mask.png,nan
44,3,89,7,206,486,295,493,206,486,295,486,295,493,206,493,sub_line_text,figure_legend,figure_1,raleway,italic,6,pai_3cols_20211228_152900_6914104503_600_800.png,/scratch/parceirosbr/bigoilict/share/BigOil/document_generator/datasets/documents_2021_12_28/pai_3cols_20211228_152900_6914104503_600_800.png,pai_3cols_20211228_152900_6914104503_600_800_mask.png,Fig. 85: As       inversas       são
25,3,51,7,226,496,277,503,226,496,277,496,277,503,226,503,sub_line_text,figure_legend,figure_1,raleway,italic,6,pai_3cols_20211228_152900_6914104503_600_800.png,/scratch/parceirosbr/bigoilict/share/BigOil/document_generator/datasets/documents_2021_12_28/pai_3cols_20211228_152900_6914104503_600_800.png,pai_3cols_20211228_152900_6914104503_600_800_mask.png,formadas em solv
44,8,89,17,206,486,295,503,206,486,295,486,295,503,206,503,text,figure_legend,figure_1,raleway,italic,6,pai_3cols_20211228_152900_6914104503_600_800.png,/scratch/parceirosbr/bigoilict/share/BigOil/document_generator/datasets/documents_2021_12_28/pai_3cols_20211228_152900_6914104503_600_800.png,pai_3cols_20211228_152900_6914104503_600_800_mask.png,nan
52,38,105,76,209,515,314,591,209,515,314,515,314,591,209,591,table,table_image,table_0,,,,pai_3cols_20211228_152900_6914104503_600_800.png,/scratch/parceirosbr/bigoilict/share/BigOil/document_generator/datasets/documents_2021_12_28/pai_3cols_20211228_152900_6914104503_600_800.png,pai_3cols_20211228_152900_6914104503_600_800_mask.png,output/gen_tab_20211228_152902_9384413034.png
7,3,15,7,295,519,310,526,295,519,310,519,310,526,295,526,text,table_text,table_0,roboto,regular,7.0,pai_3cols_20211228_152900_6914104503_600_800.png,/scratch/parceirosbr/bigoilict/share/BigOil/document_generator/datasets/documents_2021_12_28/pai_3cols_20211228_152900_6914104503_600_800.png,pai_3cols_20211228_152900_6914104503_600_800_mask.png,óxido
7,3,15,7,295,519,310,526,295,519,310,519,310,526,295,526,sub_line_text,table_text,table_0,roboto,regular,7.0,pai_3cols_20211228_152900_6914104503_600_800.png,/scratch/parceirosbr/bigoilict/share/BigOil/document_generator/datasets/documents_2021_12_28/pai_3cols_20211228_152900_6914104503_600_800.png,pai_3cols_20211228_152900_6914104503_600_800_mask.png,óxido
24,3,48,7,262,538,310,545,262,538,310,538,310,545,262,545,text,table_text,table_0,roboto,italic,7.0,pai_3cols_20211228_152900_6914104503_600_800.png,/scratch/parceirosbr/bigoilict/share/BigOil/document_generator/datasets/documents_2021_12_28/pai_3cols_20211228_152900_6914104503_600_800.png,pai_3cols_20211228_152900_6914104503_600_800_mask.png,3425615365925
24,3,48,7,262,538,310,545,262,538,310,538,310,545,262,545,sub_line_text,table_text,table_0,roboto,italic,7.0,pai_3cols_20211228_152900_6914104503_600_800.png,/scratch/parceirosbr/bigoilict/share/BigOil/document_generator/datasets/documents_2021_12_28/pai_3cols_20211228_152900_6914104503_600_800.png,pai_3cols_20211228_152900_6914104503_600_800_mask.png,3425615365925
24,3,48,7,262,548,310,555,262,548,310,548,310,555,262,555,text,table_text,table_0,roboto,italic,7.0,pai_3cols_20211228_152900_6914104503_600_800.png,/scratch/parceirosbr/bigoilict/share/BigOil/document_generator/datasets/documents_2021_12_28/pai_3cols_20211228_152900_6914104503_600_800.png,pai_3cols_20211228_152900_6914104503_600_800_mask.png,2661786867254
24,3,48,7,262,548,310,555,262,548,310,548,310,555,262,555,sub_line_text,table_text,table_0,roboto,italic,7.0,pai_3cols_20211228_152900_6914104503_600_800.png,/scratch/parceirosbr/bigoilict/share/BigOil/document_generator/datasets/documents_2021_12_28/pai_3cols_20211228_152900_6914104503_600_800.png,pai_3cols_20211228_152900_6914104503_600_800_mask.png,2661786867254
26,3,52,7,258,559,310,566,258,559,310,559,310,566,258,566,text,table_text,table_0,roboto,italic,7.0,pai_3cols_20211228_152900_6914104503_600_800.png,/scratch/parceirosbr/bigoilict/share/BigOil/document_generator/datasets/documents_2021_12_28/pai_3cols_20211228_152900_6914104503_600_800.png,pai_3cols_20211228_152900_6914104503_600_800_mask.png,57862747278447
26,3,52,7,258,559,310,566,258,559,310,559,310,566,258,566,sub_line_text,table_text,table_0,roboto,italic,7.0,pai_3cols_20211228_152900_6914104503_600_800.png,/scratch/parceirosbr/bigoilict/share/BigOil/document_generator/datasets/documents_2021_12_28/pai_3cols_20211228_152900_6914104503_600_800.png,pai_3cols_20211228_152900_6914104503_600_800_mask.png,57862747278447
26,3,52,7,258,569,310,576,258,569,310,569,310,576,258,576,text,table_text,table_0,roboto,italic,7.0,pai_3cols_20211228_152900_6914104503_600_800.png,/scratch/parceirosbr/bigoilict/share/BigOil/document_generator/datasets/documents_2021_12_28/pai_3cols_20211228_152900_6914104503_600_800.png,pai_3cols_20211228_152900_6914104503_600_800_mask.png,40148910519686
26,3,52,7,258,569,310,576,258,569,310,569,310,576,258,576,sub_line_text,table_text,table_0,roboto,italic,7.0,pai_3cols_20211228_152900_6914104503_600_800.png,/scratch/parceirosbr/bigoilict/share/BigOil/document_generator/datasets/documents_2021_12_28/pai_3cols_20211228_152900_6914104503_600_800.png,pai_3cols_20211228_152900_6914104503_600_800_mask.png,40148910519686
28,3,56,7,254,579,310,586,254,579,310,579,310,586,254,586,text,table_text,table_0,roboto,regular,7.0,pai_3cols_20211228_152900_6914104503_600_800.png,/scratch/parceirosbr/bigoilict/share/BigOil/document_generator/datasets/documents_2021_12_28/pai_3cols_20211228_152900_6914104503_600_800.png,pai_3cols_20211228_152900_6914104503_600_800_mask.png,184964224410629
28,3,56,7,254,579,310,586,254,579,310,579,310,586,254,586,sub_line_text,table_text,table_0,roboto,regular,7.0,pai_3cols_20211228_152900_6914104503_600_800.png,/scratch/parceirosbr/bigoilict/share/BigOil/document_generator/datasets/documents_2021_12_28/pai_3cols_20211228_152900_6914104503_600_800.png,pai_3cols_20211228_152900_6914104503_600_800_mask.png,184964224410629
35,3,70,7,206,596,276,603,206,596,276,596,276,603,206,603,sub_line_text,table_legend,table_0,raleway,italic,6,pai_3cols_20211228_152900_6914104503_600_800.png,/scratch/parceirosbr/bigoilict/share/BigOil/document_generator/datasets/documents_2021_12_28/pai_3cols_20211228_152900_6914104503_600_800.png,pai_3cols_20211228_152900_6914104503_600_800_mask.png,Tabela 3: Cerium nitrate h
35,3,70,7,206,596,276,603,206,596,276,596,276,603,206,603,text,table_legend,table_0,raleway,italic,6,pai_3cols_20211228_152900_6914104503_600_800.png,/scratch/parceirosbr/bigoilict/share/BigOil/document_generator/datasets/documents_2021_12_28/pai_3cols_20211228_152900_6914104503_600_800.png,pai_3cols_20211228_152900_6914104503_600_800_mask.png,nan
37,3,75,7,206,604,281,611,206,604,281,604,281,611,206,611,sub_line_text,table_legend,table_0,raleway,italic,6,pai_3cols_20211228_152900_6914104503_600_800.png,/scratch/parceirosbr/bigoilict/share/BigOil/document_generator/datasets/documents_2021_12_28/pai_3cols_20211228_152900_6914104503_600_800.png,pai_3cols_20211228_152900_6914104503_600_800_mask.png,Tabela 128: If the user choo
37,3,75,7,206,604,281,611,206,604,281,604,281,611,206,611,text,table_legend,table_0,raleway,italic,6,pai_3cols_20211228_152900_6914104503_600_800.png,/scratch/parceirosbr/bigoilict/share/BigOil/document_generator/datasets/documents_2021_12_28/pai_3cols_20211228_152900_6914104503_600_800.png,pai_3cols_20211228_152900_6914104503_600_800_mask.png,nan
47,4,94,9,220,616,314,625,220,616,314,616,314,625,220,625,sub_line_text,text,text_4,raleway,regular,7,pai_3cols_20211228_152900_6914104503_600_800.png,/scratch/parceirosbr/bigoilict/share/BigOil/document_generator/datasets/documents_2021_12_28/pai_3cols_20211228_152900_6914104503_600_800.png,pai_3cols_20211228_152900_6914104503_600_800_mask.png,This   difficulty   in  convergi-
54,4,108,9,206,629,314,638,206,629,314,629,314,638,206,638,sub_line_text,text,text_4,raleway,regular,7,pai_3cols_20211228_152900_6914104503_600_800.png,/scratch/parceirosbr/bigoilict/share/BigOil/document_generator/datasets/documents_2021_12_28/pai_3cols_20211228_152900_6914104503_600_800.png,pai_3cols_20211228_152900_6914104503_600_800_mask.png,ng  to  low  flows  exists  due to t-
48,4,97,9,206,642,303,651,206,642,303,642,303,651,206,651,sub_line_text,text,text_4,raleway,regular,7,pai_3cols_20211228_152900_6914104503_600_800.png,/scratch/parceirosbr/bigoilict/share/BigOil/document_generator/datasets/documents_2021_12_28/pai_3cols_20211228_152900_6914104503_600_800.png,pai_3cols_20211228_152900_6914104503_600_800_mask.png,he formation of fluid recirculat.
54,17,108,35,206,616,314,651,206,616,314,616,314,651,206,651,text,text,text_4,raleway,regular,7,pai_3cols_20211228_152900_6914104503_600_800.png,/scratch/parceirosbr/bigoilict/share/BigOil/document_generator/datasets/documents_2021_12_28/pai_3cols_20211228_152900_6914104503_600_800.png,pai_3cols_20211228_152900_6914104503_600_800_mask.png,nan
45,4,90,9,220,656,310,665,220,656,310,656,310,665,220,665,sub_line_text,text,text_5,raleway,regular,7,pai_3cols_20211228_152900_6914104503_600_800.png,/scratch/parceirosbr/bigoilict/share/BigOil/document_generator/datasets/documents_2021_12_28/pai_3cols_20211228_152900_6914104503_600_800.png,pai_3cols_20211228_152900_6914104503_600_800_mask.png,"In 2011, it had 586 pipelines."
45,4,90,9,220,656,310,665,220,656,310,656,310,665,220,665,text,text,text_5,raleway,regular,7,pai_3cols_20211228_152900_6914104503_600_800.png,/scratch/parceirosbr/bigoilict/share/BigOil/document_generator/datasets/documents_2021_12_28/pai_3cols_20211228_152900_6914104503_600_800.png,pai_3cols_20211228_152900_6914104503_600_800_mask.png,nan
54,6,108,13,344,121,452,134,344,121,452,121,452,134,344,134,sub_line_text,subtitle,subtitle_0,raleway,italic,11,pai_3cols_20211228_152900_6914104503_600_800.png,/scratch/parceirosbr/bigoilict/share/BigOil/document_generator/datasets/documents_2021_12_28/pai_3cols_20211228_152900_6914104503_600_800.png,pai_3cols_20211228_152900_6914104503_600_800_mask.png,Filial (AEAfilial) forma
52,6,104,13,344,140,448,153,344,140,448,140,448,153,344,153,sub_line_text,subtitle,subtitle_0,raleway,italic,11,pai_3cols_20211228_152900_6914104503_600_800.png,/scratch/parceirosbr/bigoilict/share/BigOil/document_generator/datasets/documents_2021_12_28/pai_3cols_20211228_152900_6914104503_600_800.png,pai_3cols_20211228_152900_6914104503_600_800_mask.png,individualizada entre
54,16,108,32,344,121,452,153,344,121,452,121,452,153,344,153,title,subtitle,subtitle_0,raleway,italic,11,pai_3cols_20211228_152900_6914104503_600_800.png,/scratch/parceirosbr/bigoilict/share/BigOil/document_generator/datasets/documents_2021_12_28/pai_3cols_20211228_152900_6914104503_600_800.png,pai_3cols_20211228_152900_6914104503_600_800_mask.png,nan
47,4,95,9,358,160,453,169,358,160,453,160,453,169,358,169,sub_line_text,text,text_6,raleway,regular,7,pai_3cols_20211228_152900_6914104503_600_800.png,/scratch/parceirosbr/bigoilict/share/BigOil/document_generator/datasets/documents_2021_12_28/pai_3cols_20211228_152900_6914104503_600_800.png,pai_3cols_20211228_152900_6914104503_600_800_mask.png,A  aplicabilidade  do  método
54,4,108,9,344,173,452,182,344,173,452,173,452,182,344,182,sub_line_text,text,text_6,raleway,regular,7,pai_3cols_20211228_152900_6914104503_600_800.png,/scratch/parceirosbr/bigoilict/share/BigOil/document_generator/datasets/documents_2021_12_28/pai_3cols_20211228_152900_6914104503_600_800.png,pai_3cols_20211228_152900_6914104503_600_800_mask.png,não  depende do tipo de (não-vo-
54,4,108,9,344,186,452,195,344,186,452,186,452,195,344,195,sub_line_text,text,text_6,raleway,regular,7,pai_3cols_20211228_152900_6914104503_600_800.png,/scratch/parceirosbr/bigoilict/share/BigOil/document_generator/datasets/documents_2021_12_28/pai_3cols_20211228_152900_6914104503_600_800.png,pai_3cols_20211228_152900_6914104503_600_800_mask.png,"látil  ou  volátil)  ou  bioatividade,"
54,4,108,9,344,199,452,208,344,199,452,199,452,208,344,208,sub_line_text,text,text_6,raleway,regular,7,pai_3cols_20211228_152900_6914104503_600_800.png,/scratch/parceirosbr/bigoilict/share/BigOil/document_generator/datasets/documents_2021_12_28/pai_3cols_20211228_152900_6914104503_600_800.png,pai_3cols_20211228_152900_6914104503_600_800_mask.png,como  é  o caso do gás de solo c-
54,4,109,9,344,212,453,221,344,212,453,212,453,221,344,221,sub_line_text,text,text_6,raleway,regular,7,pai_3cols_20211228_152900_6914104503_600_800.png,/scratch/parceirosbr/bigoilict/share/BigOil/document_generator/datasets/documents_2021_12_28/pai_3cols_20211228_152900_6914104503_600_800.png,pai_3cols_20211228_152900_6914104503_600_800_mask.png,onvencional.   The  ion  exchange
54,4,109,9,344,225,453,234,344,225,453,225,453,234,344,234,sub_line_text,text,text_6,raleway,regular,7,pai_3cols_20211228_152900_6914104503_600_800.png,/scratch/parceirosbr/bigoilict/share/BigOil/document_generator/datasets/documents_2021_12_28/pai_3cols_20211228_152900_6914104503_600_800.png,pai_3cols_20211228_152900_6914104503_600_800_mask.png,"resin,   perfluorinated,   5%  by  m-"
51,4,102,9,344,238,446,247,344,238,446,238,446,247,344,247,sub_line_text,text,text_6,raleway,regular,7,pai_3cols_20211228_152900_6914104503_600_800.png,/scratch/parceirosbr/bigoilict/share/BigOil/document_generator/datasets/documents_2021_12_28/pai_3cols_20211228_152900_6914104503_600_800.png,pai_3cols_20211228_152900_6914104503_600_800_mask.png,ass and (Aldrich) was used. 3.2 ...
54,43,109,87,344,160,453,247,344,160,453,160,453,247,344,247,text,text,text_6,raleway,regular,7,pai_3cols_20211228_152900_6914104503_600_800.png,/scratch/parceirosbr/bigoilict/share/BigOil/document_generator/datasets/documents_2021_12_28/pai_3cols_20211228_152900_6914104503_600_800.png,pai_3cols_20211228_152900_6914104503_600_800_mask.png,nan
55,5,110,11,345,252,455,263,345,252,455,252,455,263,345,263,sub_line_text,subsubtitle,subsubtitle_1,raleway,regular,9,pai_3cols_20211228_152900_6914104503_600_800.png,/scratch/parceirosbr/bigoilict/share/BigOil/document_generator/datasets/documents_2021_12_28/pai_3cols_20211228_152900_6914104503_600_800.png,pai_3cols_20211228_152900_6914104503_600_800_mask.png,Among biggest challenges
24,5,48,11,345,268,393,279,345,268,393,268,393,279,345,279,sub_line_text,subsubtitle,subsubtitle_1,raleway,regular,9,pai_3cols_20211228_152900_6914104503_600_800.png,/scratch/parceirosbr/bigoilict/share/BigOil/document_generator/datasets/documents_2021_12_28/pai_3cols_20211228_152900_6914104503_600_800.png,pai_3cols_20211228_152900_6914104503_600_800_mask.png,arising from
55,13,110,27,345,252,455,279,345,252,455,252,455,279,345,279,title,subsubtitle,subsubtitle_1,raleway,regular,9,pai_3cols_20211228_152900_6914104503_600_800.png,/scratch/parceirosbr/bigoilict/share/BigOil/document_generator/datasets/documents_2021_12_28/pai_3cols_20211228_152900_6914104503_600_800.png,pai_3cols_20211228_152900_6914104503_600_800_mask.png,nan
44,55,88,111,356,286,444,397,356,286,444,286,444,397,356,397,image,figure_image,figure_3,,,,pai_3cols_20211228_152900_6914104503_600_800.png,/scratch/parceirosbr/bigoilict/share/BigOil/document_generator/datasets/documents_2021_12_28/pai_3cols_20211228_152900_6914104503_600_800.png,pai_3cols_20211228_152900_6914104503_600_800_mask.png,output/gen_img_20211228_152903_1994103556.png
-1,-9,-3,-19,439,372,436,353,439,352,441,372,436,372,434,353,text,figure_text,figure_3,,,,pai_3cols_20211228_152900_6914104503_600_800.png,/scratch/parceirosbr/bigoilict/share/BigOil/document_generator/datasets/documents_2021_12_28/pai_3cols_20211228_152900_6914104503_600_800.png,pai_3cols_20211228_152900_6914104503_600_800_mask.png,-1639.70%
-1,-9,-3,-19,439,372,436,353,439,352,441,372,436,372,434,353,sub_line_text,figure_text,figure_3,,,,pai_3cols_20211228_152900_6914104503_600_800.png,/scratch/parceirosbr/bigoilict/share/BigOil/document_generator/datasets/documents_2021_12_28/pai_3cols_20211228_152900_6914104503_600_800.png,pai_3cols_20211228_152900_6914104503_600_800_mask.png,-1639.70%
0,-7,-1,-14,389,385,388,371,389,370,393,385,388,387,384,371,text,figure_text,figure_3,,,,pai_3cols_20211228_152900_6914104503_600_800.png,/scratch/parceirosbr/bigoilict/share/BigOil/document_generator/datasets/documents_2021_12_28/pai_3cols_20211228_152900_6914104503_600_800.png,pai_3cols_20211228_152900_6914104503_600_800_mask.png,-5574.59
0,-7,-1,-14,389,385,388,371,389,370,393,385,388,387,384,371,sub_line_text,figure_text,figure_3,,,,pai_3cols_20211228_152900_6914104503_600_800.png,/scratch/parceirosbr/bigoilict/share/BigOil/document_generator/datasets/documents_2021_12_28/pai_3cols_20211228_152900_6914104503_600_800.png,pai_3cols_20211228_152900_6914104503_600_800_mask.png,-5574.59
-1,-6,-2,-12,425,320,423,308,425,308,427,320,423,321,420,308,text,figure_text,figure_3,,,,pai_3cols_20211228_152900_6914104503_600_800.png,/scratch/parceirosbr/bigoilict/share/BigOil/document_generator/datasets/documents_2021_12_28/pai_3cols_20211228_152900_6914104503_600_800.png,pai_3cols_20211228_152900_6914104503_600_800_mask.png,-119.15
-1,-6,-2,-12,425,320,423,308,425,308,427,320,423,321,420,308,sub_line_text,figure_text,figure_3,,,,pai_3cols_20211228_152900_6914104503_600_800.png,/scratch/parceirosbr/bigoilict/share/BigOil/document_generator/datasets/documents_2021_12_28/pai_3cols_20211228_152900_6914104503_600_800.png,pai_3cols_20211228_152900_6914104503_600_800_mask.png,-119.15
0,-10,1,-20,394,352,395,332,394,331,399,352,395,353,390,332,text,figure_text,figure_3,,,,pai_3cols_20211228_152900_6914104503_600_800.png,/scratch/parceirosbr/bigoilict/share/BigOil/document_generator/datasets/documents_2021_12_28/pai_3cols_20211228_152900_6914104503_600_800.png,pai_3cols_20211228_152900_6914104503_600_800_mask.png,Liters [MM]
0,-10,1,-20,394,352,395,332,394,331,399,352,395,353,390,332,sub_line_text,figure_text,figure_3,,,,pai_3cols_20211228_152900_6914104503_600_800.png,/scratch/parceirosbr/bigoilict/share/BigOil/document_generator/datasets/documents_2021_12_28/pai_3cols_20211228_152900_6914104503_600_800.png,pai_3cols_20211228_152900_6914104503_600_800_mask.png,Liters [MM]
-1,-6,-2,-12,411,313,409,301,411,300,414,313,409,314,406,301,text,figure_text,figure_3,,,,pai_3cols_20211228_152900_6914104503_600_800.png,/scratch/parceirosbr/bigoilict/share/BigOil/document_generator/datasets/documents_2021_12_28/pai_3cols_20211228_152900_6914104503_600_800.png,pai_3cols_20211228_152900_6914104503_600_800_mask.png,965.4%
-1,-6,-2,-12,411,313,409,301,411,300,414,313,409,314,406,301,sub_line_text,figure_text,figure_3,,,,pai_3cols_20211228_152900_6914104503_600_800.png,/scratch/parceirosbr/bigoilict/share/BigOil/document_generator/datasets/documents_2021_12_28/pai_3cols_20211228_152900_6914104503_600_800.png,pai_3cols_20211228_152900_6914104503_600_800_mask.png,965.4%
0,-8,-1,-17,377,331,376,314,377,313,381,331,376,333,372,314,text,figure_text,figure_3,,,,pai_3cols_20211228_152900_6914104503_600_800.png,/scratch/parceirosbr/bigoilict/share/BigOil/document_generator/datasets/documents_2021_12_28/pai_3cols_20211228_152900_6914104503_600_800.png,pai_3cols_20211228_152900_6914104503_600_800_mask.png,Efficiency
0,-8,-1,-17,377,331,376,314,377,313,381,331,376,333,372,314,sub_line_text,figure_text,figure_3,,,,pai_3cols_20211228_152900_6914104503_600_800.png,/scratch/parceirosbr/bigoilict/share/BigOil/document_generator/datasets/documents_2021_12_28/pai_3cols_20211228_152900_6914104503_600_800.png,pai_3cols_20211228_152900_6914104503_600_800_mask.png,Efficiency
0,-10,-1,-21,430,395,429,374,430,373,433,395,429,395,426,374,text,figure_text,figure_3,,,,pai_3cols_20211228_152900_6914104503_600_800.png,/scratch/parceirosbr/bigoilict/share/BigOil/document_generator/datasets/documents_2021_12_28/pai_3cols_20211228_152900_6914104503_600_800.png,pai_3cols_20211228_152900_6914104503_600_800_mask.png,Conversion
0,-10,-1,-21,430,395,429,374,430,373,433,395,429,395,426,374,sub_line_text,figure_text,figure_3,,,,pai_3cols_20211228_152900_6914104503_600_800.png,/scratch/parceirosbr/bigoilict/share/BigOil/document_generator/datasets/documents_2021_12_28/pai_3cols_20211228_152900_6914104503_600_800.png,pai_3cols_20211228_152900_6914104503_600_800_mask.png,Conversion
-1,-7,-2,-14,409,387,407,373,409,372,412,387,407,388,404,373,text,figure_text,figure_3,,,,pai_3cols_20211228_152900_6914104503_600_800.png,/scratch/parceirosbr/bigoilict/share/BigOil/document_generator/datasets/documents_2021_12_28/pai_3cols_20211228_152900_6914104503_600_800.png,pai_3cols_20211228_152900_6914104503_600_800_mask.png,-457.126
-1,-7,-2,-14,409,387,407,373,409,372,412,387,407,388,404,373,sub_line_text,figure_text,figure_3,,,,pai_3cols_20211228_152900_6914104503_600_800.png,/scratch/parceirosbr/bigoilict/share/BigOil/document_generator/datasets/documents_2021_12_28/pai_3cols_20211228_152900_6914104503_600_800.png,pai_3cols_20211228_152900_6914104503_600_800_mask.png,-457.126
-1,-5,-2,-10,400,321,398,311,400,311,401,321,398,322,396,311,text,figure_text,figure_3,,,,pai_3cols_20211228_152900_6914104503_600_800.png,/scratch/parceirosbr/bigoilict/share/BigOil/document_generator/datasets/documents_2021_12_28/pai_3cols_20211228_152900_6914104503_600_800.png,pai_3cols_20211228_152900_6914104503_600_800_mask.png,Texts
-1,-5,-2,-10,400,321,398,311,400,311,401,321,398,322,396,311,sub_line_text,figure_text,figure_3,,,,pai_3cols_20211228_152900_6914104503_600_800.png,/scratch/parceirosbr/bigoilict/share/BigOil/document_generator/datasets/documents_2021_12_28/pai_3cols_20211228_152900_6914104503_600_800.png,pai_3cols_20211228_152900_6914104503_600_800_mask.png,Texts
-1,-8,-2,-16,391,321,389,305,391,304,394,321,389,322,387,305,text,figure_text,figure_3,,,,pai_3cols_20211228_152900_6914104503_600_800.png,/scratch/parceirosbr/bigoilict/share/BigOil/document_generator/datasets/documents_2021_12_28/pai_3cols_20211228_152900_6914104503_600_800.png,pai_3cols_20211228_152900_6914104503_600_800_mask.png,-3557.4%
-1,-8,-2,-16,391,321,389,305,391,304,394,321,389,322,387,305,sub_line_text,figure_text,figure_3,,,,pai_3cols_20211228_152900_6914104503_600_800.png,/scratch/parceirosbr/bigoilict/share/BigOil/document_generator/datasets/documents_2021_12_28/pai_3cols_20211228_152900_6914104503_600_800.png,pai_3cols_20211228_152900_6914104503_600_800_mask.png,-3557.4%
-1,-5,-3,-10,414,351,411,341,414,340,415,351,411,351,409,341,text,figure_text,figure_3,,,,pai_3cols_20211228_152900_6914104503_600_800.png,/scratch/parceirosbr/bigoilict/share/BigOil/document_generator/datasets/documents_2021_12_28/pai_3cols_20211228_152900_6914104503_600_800.png,pai_3cols_20211228_152900_6914104503_600_800_mask.png,-6915
-1,-5,-3,-10,414,351,411,341,414,340,415,351,411,351,409,341,sub_line_text,figure_text,figure_3,,,,pai_3cols_20211228_152900_6914104503_600_800.png,/scratch/parceirosbr/bigoilict/share/BigOil/document_generator/datasets/documents_2021_12_28/pai_3cols_20211228_152900_6914104503_600_800.png,pai_3cols_20211228_152900_6914104503_600_800_mask.png,-6915
0,-9,0,-19,379,384,379,365,379,365,383,384,379,385,376,365,text,figure_text,figure_3,,,,pai_3cols_20211228_152900_6914104503_600_800.png,/scratch/parceirosbr/bigoilict/share/BigOil/document_generator/datasets/documents_2021_12_28/pai_3cols_20211228_152900_6914104503_600_800.png,pai_3cols_20211228_152900_6914104503_600_800_mask.png,Volume (l)
0,-9,0,-19,379,384,379,365,379,365,383,384,379,385,376,365,sub_line_text,figure_text,figure_3,,,,pai_3cols_20211228_152900_6914104503_600_800.png,/scratch/parceirosbr/bigoilict/share/BigOil/document_generator/datasets/documents_2021_12_28/pai_3cols_20211228_152900_6914104503_600_800.png,pai_3cols_20211228_152900_6914104503_600_800_mask.png,Volume (l)
0,-9,-1,-19,422,345,421,326,422,325,425,345,421,346,418,326,text,figure_text,figure_3,,,,pai_3cols_20211228_152900_6914104503_600_800.png,/scratch/parceirosbr/bigoilict/share/BigOil/document_generator/datasets/documents_2021_12_28/pai_3cols_20211228_152900_6914104503_600_800.png,pai_3cols_20211228_152900_6914104503_600_800_mask.png,Simulation
0,-9,-1,-19,422,345,421,326,422,325,425,345,421,346,418,326,sub_line_text,figure_text,figure_3,,,,pai_3cols_20211228_152900_6914104503_600_800.png,/scratch/parceirosbr/bigoilict/share/BigOil/document_generator/datasets/documents_2021_12_28/pai_3cols_20211228_152900_6914104503_600_800.png,pai_3cols_20211228_152900_6914104503_600_800_mask.png,Simulation
0,-6,-1,-12,429,301,428,289,429,288,433,301,428,303,424,289,text,figure_text,figure_3,,,,pai_3cols_20211228_152900_6914104503_600_800.png,/scratch/parceirosbr/bigoilict/share/BigOil/document_generator/datasets/documents_2021_12_28/pai_3cols_20211228_152900_6914104503_600_800.png,pai_3cols_20211228_152900_6914104503_600_800_mask.png,-2163.4
0,-6,-1,-12,429,301,428,289,429,288,433,301,428,303,424,289,sub_line_text,figure_text,figure_3,,,,pai_3cols_20211228_152900_6914104503_600_800.png,/scratch/parceirosbr/bigoilict/share/BigOil/document_generator/datasets/documents_2021_12_28/pai_3cols_20211228_152900_6914104503_600_800.png,pai_3cols_20211228_152900_6914104503_600_800_mask.png,-2163.4
-1,-7,-2,-14,366,393,364,379,366,379,368,393,364,394,361,379,text,figure_text,figure_3,,,,pai_3cols_20211228_152900_6914104503_600_800.png,/scratch/parceirosbr/bigoilict/share/BigOil/document_generator/datasets/documents_2021_12_28/pai_3cols_20211228_152900_6914104503_600_800.png,pai_3cols_20211228_152900_6914104503_600_800_mask.png,Density
-1,-7,-2,-14,366,393,364,379,366,379,368,393,364,394,361,379,sub_line_text,figure_text,figure_3,,,,pai_3cols_20211228_152900_6914104503_600_800.png,/scratch/parceirosbr/bigoilict/share/BigOil/document_generator/datasets/documents_2021_12_28/pai_3cols_20211228_152900_6914104503_600_800.png,pai_3cols_20211228_152900_6914104503_600_800_mask.png,Density
-1,-7,-3,-14,439,335,436,321,439,321,441,335,436,336,434,321,text,figure_text,figure_3,,,,pai_3cols_20211228_152900_6914104503_600_800.png,/scratch/parceirosbr/bigoilict/share/BigOil/document_generator/datasets/documents_2021_12_28/pai_3cols_20211228_152900_6914104503_600_800.png,pai_3cols_20211228_152900_6914104503_600_800_mask.png,Voltage
-1,-7,-3,-14,439,335,436,321,439,321,441,335,436,336,434,321,sub_line_text,figure_text,figure_3,,,,pai_3cols_20211228_152900_6914104503_600_800.png,/scratch/parceirosbr/bigoilict/share/BigOil/document_generator/datasets/documents_2021_12_28/pai_3cols_20211228_152900_6914104503_600_800.png,pai_3cols_20211228_152900_6914104503_600_800_mask.png,Voltage
-1,-5,-2,-10,376,353,374,343,376,342,378,353,374,355,371,343,text,figure_text,figure_3,,,,pai_3cols_20211228_152900_6914104503_600_800.png,/scratch/parceirosbr/bigoilict/share/BigOil/document_generator/datasets/documents_2021_12_28/pai_3cols_20211228_152900_6914104503_600_800.png,pai_3cols_20211228_152900_6914104503_600_800_mask.png,832.73
-1,-5,-2,-10,376,353,374,343,376,342,378,353,374,355,371,343,sub_line_text,figure_text,figure_3,,,,pai_3cols_20211228_152900_6914104503_600_800.png,/scratch/parceirosbr/bigoilict/share/BigOil/document_generator/datasets/documents_2021_12_28/pai_3cols_20211228_152900_6914104503_600_800.png,pai_3cols_20211228_152900_6914104503_600_800_mask.png,832.73
-1,-2,-3,-5,416,378,413,373,416,372,417,378,413,379,412,373,text,figure_text,figure_3,,,,pai_3cols_20211228_152900_6914104503_600_800.png,/scratch/parceirosbr/bigoilict/share/BigOil/document_generator/datasets/documents_2021_12_28/pai_3cols_20211228_152900_6914104503_600_800.png,pai_3cols_20211228_152900_6914104503_600_800_mask.png,281
-1,-2,-3,-5,416,378,413,373,416,372,417,378,413,379,412,373,sub_line_text,figure_text,figure_3,,,,pai_3cols_20211228_152900_6914104503_600_800.png,/scratch/parceirosbr/bigoilict/share/BigOil/document_generator/datasets/documents_2021_12_28/pai_3cols_20211228_152900_6914104503_600_800.png,pai_3cols_20211228_152900_6914104503_600_800_mask.png,281
-1,-6,-2,-13,378,302,376,289,378,288,381,302,376,303,373,289,text,figure_text,figure_3,,,,pai_3cols_20211228_152900_6914104503_600_800.png,/scratch/parceirosbr/bigoilict/share/BigOil/document_generator/datasets/documents_2021_12_28/pai_3cols_20211228_152900_6914104503_600_800.png,pai_3cols_20211228_152900_6914104503_600_800_mask.png,-3066%
-1,-6,-2,-13,378,302,376,289,378,288,381,302,376,303,373,289,sub_line_text,figure_text,figure_3,,,,pai_3cols_20211228_152900_6914104503_600_800.png,/scratch/parceirosbr/bigoilict/share/BigOil/document_generator/datasets/documents_2021_12_28/pai_3cols_20211228_152900_6914104503_600_800.png,pai_3cols_20211228_152900_6914104503_600_800_mask.png,-3066%
-1,-4,-2,-8,407,332,405,324,407,323,409,332,405,333,403,324,text,figure_text,figure_3,,,,pai_3cols_20211228_152900_6914104503_600_800.png,/scratch/parceirosbr/bigoilict/share/BigOil/document_generator/datasets/documents_2021_12_28/pai_3cols_20211228_152900_6914104503_600_800.png,pai_3cols_20211228_152900_6914104503_600_800_mask.png,Time
-1,-4,-2,-8,407,332,405,324,407,323,409,332,405,333,403,324,sub_line_text,figure_text,figure_3,,,,pai_3cols_20211228_152900_6914104503_600_800.png,/scratch/parceirosbr/bigoilict/share/BigOil/document_generator/datasets/documents_2021_12_28/pai_3cols_20211228_152900_6914104503_600_800.png,pai_3cols_20211228_152900_6914104503_600_800_mask.png,Time
-1,-8,-3,-16,423,363,420,347,423,347,425,363,420,364,418,347,text,figure_text,figure_3,,,,pai_3cols_20211228_152900_6914104503_600_800.png,/scratch/parceirosbr/bigoilict/share/BigOil/document_generator/datasets/documents_2021_12_28/pai_3cols_20211228_152900_6914104503_600_800.png,pai_3cols_20211228_152900_6914104503_600_800_mask.png,-1207.62
-1,-8,-3,-16,423,363,420,347,423,347,425,363,420,364,418,347,sub_line_text,figure_text,figure_3,,,,pai_3cols_20211228_152900_6914104503_600_800.png,/scratch/parceirosbr/bigoilict/share/BigOil/document_generator/datasets/documents_2021_12_28/pai_3cols_20211228_152900_6914104503_600_800.png,pai_3cols_20211228_152900_6914104503_600_800_mask.png,-1207.62
46,3,92,7,344,402,436,409,344,402,436,402,436,409,344,409,sub_line_text,figure_legend,figure_3,raleway,italic,6,pai_3cols_20211228_152900_6914104503_600_800.png,/scratch/parceirosbr/bigoilict/share/BigOil/document_generator/datasets/documents_2021_12_28/pai_3cols_20211228_152900_6914104503_600_800.png,pai_3cols_20211228_152900_6914104503_600_800_mask.png,"Fig. 96: :       (gasoline,       diesel,"
33,3,66,7,364,412,430,419,364,412,430,412,430,419,364,419,sub_line_text,figure_legend,figure_3,raleway,italic,6,pai_3cols_20211228_152900_6914104503_600_800.png,/scratch/parceirosbr/bigoilict/share/BigOil/document_generator/datasets/documents_2021_12_28/pai_3cols_20211228_152900_6914104503_600_800.png,pai_3cols_20211228_152900_6914104503_600_800_mask.png,"fuel      oil,      kerosene,"
33,3,67,7,364,422,431,429,364,422,431,422,431,429,364,429,sub_line_text,figure_legend,figure_3,raleway,italic,6,pai_3cols_20211228_152900_6914104503_600_800.png,/scratch/parceirosbr/bigoilict/share/BigOil/document_generator/datasets/documents_2021_12_28/pai_3cols_20211228_152900_6914104503_600_800.png,pai_3cols_20211228_152900_6914104503_600_800_mask.png,"petroleum     coke,    w-"
23,3,47,7,364,432,411,439,364,432,411,432,411,439,364,439,sub_line_text,figure_legend,figure_3,raleway,italic,6,pai_3cols_20211228_152900_6914104503_600_800.png,/scratch/parceirosbr/bigoilict/share/BigOil/document_generator/datasets/documents_2021_12_28/pai_3cols_20211228_152900_6914104503_600_800.png,pai_3cols_20211228_152900_6914104503_600_800_mask.png,aste oils) corresp
46,18,92,37,344,402,436,439,344,402,436,402,436,439,344,439,text,figure_legend,figure_3,raleway,italic,6,pai_3cols_20211228_152900_6914104503_600_800.png,/scratch/parceirosbr/bigoilict/share/BigOil/document_generator/datasets/documents_2021_12_28/pai_3cols_20211228_152900_6914104503_600_800.png,pai_3cols_20211228_152900_6914104503_600_800_mask.png,nan
45,3,90,7,344,444,434,451,344,444,434,444,434,451,344,451,sub_line_text,figure_legend,figure_3,raleway,italic,6,pai_3cols_20211228_152900_6914104503_600_800.png,/scratch/parceirosbr/bigoilict/share/BigOil/document_generator/datasets/documents_2021_12_28/pai_3cols_20211228_152900_6914104503_600_800.png,pai_3cols_20211228_152900_6914104503_600_800_mask.png,"Fig. 104: Next,       the       conce-"
30,3,61,7,367,454,428,461,367,454,428,454,428,461,367,461,sub_line_text,figure_legend,figure_3,raleway,italic,6,pai_3cols_20211228_152900_6914104503_600_800.png,/scratch/parceirosbr/bigoilict/share/BigOil/document_generator/datasets/documents_2021_12_28/pai_3cols_20211228_152900_6914104503_600_800.png,pai_3cols_20211228_152900_6914104503_600_800_mask.png,pts    of   biogas   g-
30,3,60,7,367,464,427,471,367,464,427,464,427,471,367,471,sub_line_text,figure_legend,figure_3,raleway,italic,6,pai_3cols_20211228_152900_6914104503_600_800.png,/scratch/parceirosbr/bigoilict/share/BigOil/document_generator/datasets/documents_2021_12_28/pai_3cols_20211228_152900_6914104503_600_800.png,pai_3cols_20211228_152900_6914104503_600_800_mask.png,eneration    in    land-
22,3,44,7,367,474,411,481,367,474,411,474,411,481,367,481,sub_line_text,figure_legend,figure_3,raleway,italic,6,pai_3cols_20211228_152900_6914104503_600_800.png,/scratch/parceirosbr/bigoilict/share/BigOil/document_generator/datasets/documents_2021_12_28/pai_3cols_20211228_152900_6914104503_600_800.png,pai_3cols_20211228_152900_6914104503_600_800_mask.png,fills are present
45,18,90,37,344,444,434,481,344,444,434,444,434,481,344,481,text,figure_legend,figure_3,raleway,italic,6,pai_3cols_20211228_152900_6914104503_600_800.png,/scratch/parceirosbr/bigoilict/share/BigOil/document_generator/datasets/documents_2021_12_28/pai_3cols_20211228_152900_6914104503_600_800.png,pai_3cols_20211228_152900_6914104503_600_800_mask.png,nan
52,42,105,84,347,493,452,577,347,493,452,493,452,577,347,577,table,table_image,table_0,,,,pai_3cols_20211228_152900_6914104503_600_800.png,/scratch/parceirosbr/bigoilict/share/BigOil/document_generator/datasets/documents_2021_12_28/pai_3cols_20211228_152900_6914104503_600_800.png,pai_3cols_20211228_152900_6914104503_600_800_mask.png,output/gen_tab_20211228_152904_6159399359.png
8,4,16,8,432,497,448,505,432,497,448,497,448,505,432,505,text,table_text,table_0,times,bold,7.0,pai_3cols_20211228_152900_6914104503_600_800.png,/scratch/parceirosbr/bigoilict/share/BigOil/document_generator/datasets/documents_2021_12_28/pai_3cols_20211228_152900_6914104503_600_800.png,pai_3cols_20211228_152900_6914104503_600_800_mask.png,balão
8,4,16,8,432,497,448,505,432,497,448,497,448,505,432,505,sub_line_text,table_text,table_0,times,bold,7.0,pai_3cols_20211228_152900_6914104503_600_800.png,/scratch/parceirosbr/bigoilict/share/BigOil/document_generator/datasets/documents_2021_12_28/pai_3cols_20211228_152900_6914104503_600_800.png,pai_3cols_20211228_152900_6914104503_600_800_mask.png,balão
15,4,31,8,417,509,448,517,417,509,448,509,448,517,417,517,text,table_text,table_0,times,italic,7.0,pai_3cols_20211228_152900_6914104503_600_800.png,/scratch/parceirosbr/bigoilict/share/BigOil/document_generator/datasets/documents_2021_12_28/pai_3cols_20211228_152900_6914104503_600_800.png,pai_3cols_20211228_152900_6914104503_600_800_mask.png,5101548.0
15,4,31,8,417,509,448,517,417,509,448,509,448,517,417,517,sub_line_text,table_text,table_0,times,italic,7.0,pai_3cols_20211228_152900_6914104503_600_800.png,/scratch/parceirosbr/bigoilict/share/BigOil/document_generator/datasets/documents_2021_12_28/pai_3cols_20211228_152900_6914104503_600_800.png,pai_3cols_20211228_152900_6914104503_600_800_mask.png,5101548.0
14,4,28,8,421,520,449,528,421,520,449,520,449,528,421,528,text,table_text,table_0,times,italic,7.0,pai_3cols_20211228_152900_6914104503_600_800.png,/scratch/parceirosbr/bigoilict/share/BigOil/document_generator/datasets/documents_2021_12_28/pai_3cols_20211228_152900_6914104503_600_800.png,pai_3cols_20211228_152900_6914104503_600_800_mask.png,934534.5
14,4,28,8,421,520,449,528,421,520,449,520,449,528,421,528,sub_line_text,table_text,table_0,times,italic,7.0,pai_3cols_20211228_152900_6914104503_600_800.png,/scratch/parceirosbr/bigoilict/share/BigOil/document_generator/datasets/documents_2021_12_28/pai_3cols_20211228_152900_6914104503_600_800.png,pai_3cols_20211228_152900_6914104503_600_800_mask.png,934534.5
12,4,24,8,424,531,448,539,424,531,448,531,448,539,424,539,text,table_text,table_0,times,italic,7.0,pai_3cols_20211228_152900_6914104503_600_800.png,/scratch/parceirosbr/bigoilict/share/BigOil/document_generator/datasets/documents_2021_12_28/pai_3cols_20211228_152900_6914104503_600_800.png,pai_3cols_20211228_152900_6914104503_600_800_mask.png,50794.3
12,4,24,8,424,531,448,539,424,531,448,531,448,539,424,539,sub_line_text,table_text,table_0,times,italic,7.0,pai_3cols_20211228_152900_6914104503_600_800.png,/scratch/parceirosbr/bigoilict/share/BigOil/document_generator/datasets/documents_2021_12_28/pai_3cols_20211228_152900_6914104503_600_800.png,pai_3cols_20211228_152900_6914104503_600_800_mask.png,50794.3
15,4,31,8,417,543,448,551,417,543,448,543,448,551,417,551,text,table_text,table_0,times,italic,7.0,pai_3cols_20211228_152900_6914104503_600_800.png,/scratch/parceirosbr/bigoilict/share/BigOil/document_generator/datasets/documents_2021_12_28/pai_3cols_20211228_152900_6914104503_600_800.png,pai_3cols_20211228_152900_6914104503_600_800_mask.png,7080195.3
15,4,31,8,417,543,448,551,417,543,448,543,448,551,417,551,sub_line_text,table_text,table_0,times,italic,7.0,pai_3cols_20211228_152900_6914104503_600_800.png,/scratch/parceirosbr/bigoilict/share/BigOil/document_generator/datasets/documents_2021_12_28/pai_3cols_20211228_152900_6914104503_600_800.png,pai_3cols_20211228_152900_6914104503_600_800_mask.png,7080195.3
10,4,20,8,428,554,448,562,428,554,448,554,448,562,428,562,text,table_text,table_0,times,italic,7.0,pai_3cols_20211228_152900_6914104503_600_800.png,/scratch/parceirosbr/bigoilict/share/BigOil/document_generator/datasets/documents_2021_12_28/pai_3cols_20211228_152900_6914104503_600_800.png,pai_3cols_20211228_152900_6914104503_600_800_mask.png,5767.7
10,4,20,8,428,554,448,562,428,554,448,554,448,562,428,562,sub_line_text,table_text,table_0,times,italic,7.0,pai_3cols_20211228_152900_6914104503_600_800.png,/scratch/parceirosbr/bigoilict/share/BigOil/document_generator/datasets/documents_2021_12_28/pai_3cols_20211228_152900_6914104503_600_800.png,pai_3cols_20211228_152900_6914104503_600_800_mask.png,5767.7
12,4,24,8,424,565,448,573,424,565,448,565,448,573,424,573,text,table_text,table_0,times,regular,7.0,pai_3cols_20211228_152900_6914104503_600_800.png,/scratch/parceirosbr/bigoilict/share/BigOil/document_generator/datasets/documents_2021_12_28/pai_3cols_20211228_152900_6914104503_600_800.png,pai_3cols_20211228_152900_6914104503_600_800_mask.png,22458.0
12,4,24,8,424,565,448,573,424,565,448,565,448,573,424,573,sub_line_text,table_text,table_0,times,regular,7.0,pai_3cols_20211228_152900_6914104503_600_800.png,/scratch/parceirosbr/bigoilict/share/BigOil/document_generator/datasets/documents_2021_12_28/pai_3cols_20211228_152900_6914104503_600_800.png,pai_3cols_20211228_152900_6914104503_600_800_mask.png,22458.0
36,3,72,7,344,582,416,589,344,582,416,582,416,589,344,589,sub_line_text,table_legend,table_0,raleway,italic,6,pai_3cols_20211228_152900_6914104503_600_800.png,/scratch/parceirosbr/bigoilict/share/BigOil/document_generator/datasets/documents_2021_12_28/pai_3cols_20211228_152900_6914104503_600_800.png,pai_3cols_20211228_152900_6914104503_600_800_mask.png,"Tabela 41: In this regard, it"
36,3,72,7,344,582,416,589,344,582,416,582,416,589,344,589,text,table_legend,table_0,raleway,italic,6,pai_3cols_20211228_152900_6914104503_600_800.png,/scratch/parceirosbr/bigoilict/share/BigOil/document_generator/datasets/documents_2021_12_28/pai_3cols_20211228_152900_6914104503_600_800.png,pai_3cols_20211228_152900_6914104503_600_800_mask.png,nan
39,3,79,7,344,590,423,597,344,590,423,590,423,597,344,597,sub_line_text,table_legend,table_0,raleway,italic,6,pai_3cols_20211228_152900_6914104503_600_800.png,/scratch/parceirosbr/bigoilict/share/BigOil/document_generator/datasets/documents_2021_12_28/pai_3cols_20211228_152900_6914104503_600_800.png,pai_3cols_20211228_152900_6914104503_600_800_mask.png,"Tabela 74: On September 30,"
39,3,79,7,344,590,423,597,344,590,423,590,423,597,344,597,text,table_legend,table_0,raleway,italic,6,pai_3cols_20211228_152900_6914104503_600_800.png,/scratch/parceirosbr/bigoilict/share/BigOil/document_generator/datasets/documents_2021_12_28/pai_3cols_20211228_152900_6914104503_600_800.png,pai_3cols_20211228_152900_6914104503_600_800_mask.png,nan
47,4,95,9,358,602,453,611,358,602,453,602,453,611,358,611,sub_line_text,text,text_7,raleway,regular,7,pai_3cols_20211228_152900_6914104503_600_800.png,/scratch/parceirosbr/bigoilict/share/BigOil/document_generator/datasets/documents_2021_12_28/pai_3cols_20211228_152900_6914104503_600_800.png,pai_3cols_20211228_152900_6914104503_600_800_mask.png,Os   tensoativos   possuem  d-
54,4,109,9,344,615,453,624,344,615,453,615,453,624,344,624,sub_line_text,text,text_7,raleway,regular,7,pai_3cols_20211228_152900_6914104503_600_800.png,/scratch/parceirosbr/bigoilict/share/BigOil/document_generator/datasets/documents_2021_12_28/pai_3cols_20211228_152900_6914104503_600_800.png,pai_3cols_20211228_152900_6914104503_600_800_mask.png,"iversas      propriedades,      dentre"
54,4,108,9,344,628,452,637,344,628,452,628,452,637,344,637,sub_line_text,text,text_7,raleway,regular,7,pai_3cols_20211228_152900_6914104503_600_800.png,/scratch/parceirosbr/bigoilict/share/BigOil/document_generator/datasets/documents_2021_12_28/pai_3cols_20211228_152900_6914104503_600_800.png,pai_3cols_20211228_152900_6914104503_600_800_mask.png,as  quais  se  destacam:  capacid-
48,4,97,9,344,641,441,650,344,641,441,641,441,650,344,650,sub_line_text,text,text_7,raleway,regular,7,pai_3cols_20211228_152900_6914104503_600_800.png,/scratch/parceirosbr/bigoilict/share/BigOil/document_generator/datasets/documents_2021_12_28/pai_3cols_20211228_152900_6914104503_600_800.png,pai_3cols_20211228_152900_6914104503_600_800_mask.png,ade de formar bolhas e espum.
54,24,109,48,344,602,453,650,344,602,453,602,453,650,344,650,text,text,text_7,raleway,regular,7,pai_3cols_20211228_152900_6914104503_600_800.png,/scratch/parceirosbr/bigoilict/share/BigOil/document_generator/datasets/documents_2021_12_28/pai_3cols_20211228_152900_6914104503_600_800.png,pai_3cols_20211228_152900_6914104503_600_800_mask.png,nan
43,4,87,9,358,655,445,664,358,655,445,655,445,664,358,664,sub_line_text,text,text_8,raleway,regular,7,pai_3cols_20211228_152900_6914104503_600_800.png,/scratch/parceirosbr/bigoilict/share/BigOil/document_generator/datasets/documents_2021_12_28/pai_3cols_20211228_152900_6914104503_600_800.png,pai_3cols_20211228_152900_6914104503_600_800_mask.png,"Para nós, a propriedade in-."
43,4,87,9,358,655,445,664,358,655,445,655,445,664,358,664,text,text,text_8,raleway,regular,7,pai_3cols_20211228_152900_6914104503_600_800.png,/scratch/parceirosbr/bigoilict/share/BigOil/document_generator/datasets/documents_2021_12_28/pai_3cols_20211228_152900_6914104503_600_800.png,pai_3cols_20211228_152900_6914104503_600_800_mask.png,nan
