center_x,center_y,width,height,xmin,ymin,xmax,ymax,top_left_x,top_left_y,top_right_x,top_right_y,bottom_right_x,bottom_right_y,bottom_left_x,bottom_left_y,label,grouplabel,group,text_font,text_style,size_font,filename,path,filename_mask,content
300,400,600,800,0,0,600,800,0,0,600,0,600,800,0,800,document,,,,,,pai_2cols_20211228_152807_3691305354_600_800.png,/scratch/parceirosbr/bigoilict/share/BigOil/document_generator/datasets/documents_2021_12_28/pai_2cols_20211228_152807_3691305354_600_800.png,pai_2cols_20211228_152807_3691305354_600_800_mask.png,
24,5,49,10,267,79,316,89,267,79,316,79,316,89,267,89,sub_line_text,header,header_1,raleway,regular,8,pai_2cols_20211228_152807_3691305354_600_800.png,/scratch/parceirosbr/bigoilict/share/BigOil/document_generator/datasets/documents_2021_12_28/pai_2cols_20211228_152807_3691305354_600_800.png,pai_2cols_20211228_152807_3691305354_600_800_mask.png,The changes
24,5,49,10,267,79,316,89,267,79,316,79,316,89,267,89,text,header,header_1,raleway,regular,8,pai_2cols_20211228_152807_3691305354_600_800.png,/scratch/parceirosbr/bigoilict/share/BigOil/document_generator/datasets/documents_2021_12_28/pai_2cols_20211228_152807_3691305354_600_800.png,pai_2cols_20211228_152807_3691305354_600_800_mask.png,nan
236,1,473,2,56,88,529,90,56,88,529,88,529,90,56,90,line,line,line,,,,pai_2cols_20211228_152807_3691305354_600_800.png,/scratch/parceirosbr/bigoilict/share/BigOil/document_generator/datasets/documents_2021_12_28/pai_2cols_20211228_152807_3691305354_600_800.png,pai_2cols_20211228_152807_3691305354_600_800_mask.png,nan
76,6,152,12,91,99,243,111,91,99,243,99,243,111,91,111,sub_line_text,subsubtitle,subsubtitle_0,raleway,regular,10,pai_2cols_20211228_152807_3691305354_600_800.png,/scratch/parceirosbr/bigoilict/share/BigOil/document_generator/datasets/documents_2021_12_28/pai_2cols_20211228_152807_3691305354_600_800.png,pai_2cols_20211228_152807_3691305354_600_800_mask.png,"É mistura hidrocarbonetos leves,"
76,6,152,12,91,99,243,111,91,99,243,99,243,111,91,111,title,subsubtitle,subsubtitle_0,raleway,regular,10,pai_2cols_20211228_152807_3691305354_600_800.png,/scratch/parceirosbr/bigoilict/share/BigOil/document_generator/datasets/documents_2021_12_28/pai_2cols_20211228_152807_3691305354_600_800.png,pai_2cols_20211228_152807_3691305354_600_800_mask.png,nan
94,5,189,10,86,120,275,130,86,120,275,120,275,130,86,130,sub_line_text,text,text_0,raleway,regular,8,pai_2cols_20211228_152807_3691305354_600_800.png,/scratch/parceirosbr/bigoilict/share/BigOil/document_generator/datasets/documents_2021_12_28/pai_2cols_20211228_152807_3691305354_600_800.png,pai_2cols_20211228_152807_3691305354_600_800_mask.png,"In  2011,  it had 586 pipelines for the handling of o-"
110,5,220,10,56,135,276,145,56,135,276,135,276,145,56,145,sub_line_text,text,text_0,raleway,regular,8,pai_2cols_20211228_152807_3691305354_600_800.png,/scratch/parceirosbr/bigoilict/share/BigOil/document_generator/datasets/documents_2021_12_28/pai_2cols_20211228_152807_3691305354_600_800.png,pai_2cols_20211228_152807_3691305354_600_800_mask.png,"il,  oil  products,  natural  gas  and  other  products, totaling"
109,5,219,10,56,150,275,160,56,150,275,150,275,160,56,160,sub_line_text,text,text_0,raleway,regular,8,pai_2cols_20211228_152807_3691305354_600_800.png,/scratch/parceirosbr/bigoilict/share/BigOil/document_generator/datasets/documents_2021_12_28/pai_2cols_20211228_152807_3691305354_600_800.png,pai_2cols_20211228_152807_3691305354_600_800_mask.png,"19,700  km  in  length.  Edition  No.  23  of 2015 as amended"
110,5,220,10,56,165,276,175,56,165,276,165,276,175,56,175,sub_line_text,text,text_0,raleway,regular,8,pai_2cols_20211228_152807_3691305354_600_800.png,/scratch/parceirosbr/bigoilict/share/BigOil/document_generator/datasets/documents_2021_12_28/pai_2cols_20211228_152807_3691305354_600_800.png,pai_2cols_20211228_152807_3691305354_600_800_mask.png,"by  No.  36/2014,  and  the  respective.  A elaboração dos v-"
110,5,220,10,56,180,276,190,56,180,276,180,276,190,56,190,sub_line_text,text,text_0,raleway,regular,8,pai_2cols_20211228_152807_3691305354_600_800.png,/scratch/parceirosbr/bigoilict/share/BigOil/document_generator/datasets/documents_2021_12_28/pai_2cols_20211228_152807_3691305354_600_800.png,pai_2cols_20211228_152807_3691305354_600_800_mask.png,alores  referentes  à  de componente do preço máximo do
110,5,220,10,56,195,276,205,56,195,276,195,276,205,56,205,sub_line_text,text,text_0,raleway,regular,8,pai_2cols_20211228_152807_3691305354_600_800.png,/scratch/parceirosbr/bigoilict/share/BigOil/document_generator/datasets/documents_2021_12_28/pai_2cols_20211228_152807_3691305354_600_800.png,pai_2cols_20211228_152807_3691305354_600_800_mask.png,"gás  natural  nos  pontos  de entrega, ficou a cargo da. A e-"
110,5,220,10,56,210,276,220,56,210,276,210,276,220,56,220,sub_line_text,text,text_0,raleway,regular,8,pai_2cols_20211228_152807_3691305354_600_800.png,/scratch/parceirosbr/bigoilict/share/BigOil/document_generator/datasets/documents_2021_12_28/pai_2cols_20211228_152807_3691305354_600_800.png,pai_2cols_20211228_152807_3691305354_600_800_mask.png,scolha  dessa  técnica  de  lixiviação  foi  motivada  para tor-
106,5,212,10,56,225,268,235,56,225,268,225,268,235,56,235,sub_line_text,text,text_0,raleway,regular,8,pai_2cols_20211228_152807_3691305354_600_800.png,/scratch/parceirosbr/bigoilict/share/BigOil/document_generator/datasets/documents_2021_12_28/pai_2cols_20211228_152807_3691305354_600_800.png,pai_2cols_20211228_152807_3691305354_600_800_mask.png,"nar o processo de extração de cloreto mais barato, visto."
110,57,220,115,56,120,276,235,56,120,276,120,276,235,56,235,text,text,text_0,raleway,regular,8,pai_2cols_20211228_152807_3691305354_600_800.png,/scratch/parceirosbr/bigoilict/share/BigOil/document_generator/datasets/documents_2021_12_28/pai_2cols_20211228_152807_3691305354_600_800.png,pai_2cols_20211228_152807_3691305354_600_800_mask.png,nan
83,4,167,8,56,242,223,250,56,242,223,242,223,250,56,250,sub_line_text,table_legend,table_0,raleway,italic,7,pai_2cols_20211228_152807_3691305354_600_800.png,/scratch/parceirosbr/bigoilict/share/BigOil/document_generator/datasets/documents_2021_12_28/pai_2cols_20211228_152807_3691305354_600_800.png,pai_2cols_20211228_152807_3691305354_600_800_mask.png,Tab. 134: Alternativamente     pode-se     adotar     os
58,4,117,8,85,254,202,262,85,254,202,254,202,262,85,262,sub_line_text,table_legend,table_0,raleway,italic,7,pai_2cols_20211228_152807_3691305354_600_800.png,/scratch/parceirosbr/bigoilict/share/BigOil/document_generator/datasets/documents_2021_12_28/pai_2cols_20211228_152807_3691305354_600_800.png,pai_2cols_20211228_152807_3691305354_600_800_mask.png,parâmetros e limites para enquadram
83,10,167,20,56,242,223,262,56,242,223,242,223,262,56,262,text,table_legend,table_0,raleway,italic,7,pai_2cols_20211228_152807_3691305354_600_800.png,/scratch/parceirosbr/bigoilict/share/BigOil/document_generator/datasets/documents_2021_12_28/pai_2cols_20211228_152807_3691305354_600_800.png,pai_2cols_20211228_152807_3691305354_600_800_mask.png,nan
93,4,186,8,56,265,242,273,56,265,242,265,242,273,56,273,sub_line_text,table_legend,table_0,raleway,italic,7,pai_2cols_20211228_152807_3691305354_600_800.png,/scratch/parceirosbr/bigoilict/share/BigOil/document_generator/datasets/documents_2021_12_28/pai_2cols_20211228_152807_3691305354_600_800.png,pai_2cols_20211228_152807_3691305354_600_800_mask.png,"Tab. 119: Criada  em  março  de  1886,  a  iniciou  nesse me-"
71,4,143,8,84,277,227,285,84,277,227,277,227,285,84,285,sub_line_text,table_legend,table_0,raleway,italic,7,pai_2cols_20211228_152807_3691305354_600_800.png,/scratch/parceirosbr/bigoilict/share/BigOil/document_generator/datasets/documents_2021_12_28/pai_2cols_20211228_152807_3691305354_600_800.png,pai_2cols_20211228_152807_3691305354_600_800_mask.png,"smo ano o levantamento da carta geográfica,"
93,10,186,20,56,265,242,285,56,265,242,265,242,285,56,285,text,table_legend,table_0,raleway,italic,7,pai_2cols_20211228_152807_3691305354_600_800.png,/scratch/parceirosbr/bigoilict/share/BigOil/document_generator/datasets/documents_2021_12_28/pai_2cols_20211228_152807_3691305354_600_800.png,pai_2cols_20211228_152807_3691305354_600_800_mask.png,nan
106,55,213,111,61,290,274,401,61,290,274,290,274,401,61,401,table,table_image,table_0,,,,pai_2cols_20211228_152807_3691305354_600_800.png,/scratch/parceirosbr/bigoilict/share/BigOil/document_generator/datasets/documents_2021_12_28/pai_2cols_20211228_152807_3691305354_600_800.png,pai_2cols_20211228_152807_3691305354_600_800_mask.png,output/gen_tab_20211228_152807_2405368763.png
14,4,28,9,93,293,121,302,93,293,121,293,121,302,93,302,text,table_text,table_0,roboto,regular,8.0,pai_2cols_20211228_152807_3691305354_600_800.png,/scratch/parceirosbr/bigoilict/share/BigOil/document_generator/datasets/documents_2021_12_28/pai_2cols_20211228_152807_3691305354_600_800.png,pai_2cols_20211228_152807_3691305354_600_800_mask.png,diversas
14,4,28,9,93,293,121,302,93,293,121,293,121,302,93,302,sub_line_text,table_text,table_0,roboto,regular,8.0,pai_2cols_20211228_152807_3691305354_600_800.png,/scratch/parceirosbr/bigoilict/share/BigOil/document_generator/datasets/documents_2021_12_28/pai_2cols_20211228_152807_3691305354_600_800.png,pai_2cols_20211228_152807_3691305354_600_800_mask.png,diversas
13,4,27,9,94,306,121,315,94,306,121,306,121,315,94,315,text,table_text,table_0,roboto,italic,8.0,pai_2cols_20211228_152807_3691305354_600_800.png,/scratch/parceirosbr/bigoilict/share/BigOil/document_generator/datasets/documents_2021_12_28/pai_2cols_20211228_152807_3691305354_600_800.png,pai_2cols_20211228_152807_3691305354_600_800_mask.png,4306933
13,4,27,9,94,306,121,315,94,306,121,306,121,315,94,315,sub_line_text,table_text,table_0,roboto,italic,8.0,pai_2cols_20211228_152807_3691305354_600_800.png,/scratch/parceirosbr/bigoilict/share/BigOil/document_generator/datasets/documents_2021_12_28/pai_2cols_20211228_152807_3691305354_600_800.png,pai_2cols_20211228_152807_3691305354_600_800_mask.png,4306933
11,4,23,9,98,318,121,327,98,318,121,318,121,327,98,327,text,table_text,table_0,roboto,italic,8.0,pai_2cols_20211228_152807_3691305354_600_800.png,/scratch/parceirosbr/bigoilict/share/BigOil/document_generator/datasets/documents_2021_12_28/pai_2cols_20211228_152807_3691305354_600_800.png,pai_2cols_20211228_152807_3691305354_600_800_mask.png,287694
11,4,23,9,98,318,121,327,98,318,121,318,121,327,98,327,sub_line_text,table_text,table_0,roboto,italic,8.0,pai_2cols_20211228_152807_3691305354_600_800.png,/scratch/parceirosbr/bigoilict/share/BigOil/document_generator/datasets/documents_2021_12_28/pai_2cols_20211228_152807_3691305354_600_800.png,pai_2cols_20211228_152807_3691305354_600_800_mask.png,287694
11,4,22,9,99,331,121,340,99,331,121,331,121,340,99,340,text,table_text,table_0,roboto,italic,8.0,pai_2cols_20211228_152807_3691305354_600_800.png,/scratch/parceirosbr/bigoilict/share/BigOil/document_generator/datasets/documents_2021_12_28/pai_2cols_20211228_152807_3691305354_600_800.png,pai_2cols_20211228_152807_3691305354_600_800_mask.png,519626
11,4,22,9,99,331,121,340,99,331,121,331,121,340,99,340,sub_line_text,table_text,table_0,roboto,italic,8.0,pai_2cols_20211228_152807_3691305354_600_800.png,/scratch/parceirosbr/bigoilict/share/BigOil/document_generator/datasets/documents_2021_12_28/pai_2cols_20211228_152807_3691305354_600_800.png,pai_2cols_20211228_152807_3691305354_600_800_mask.png,519626
11,4,23,9,98,343,121,352,98,343,121,343,121,352,98,352,text,table_text,table_0,roboto,italic,8.0,pai_2cols_20211228_152807_3691305354_600_800.png,/scratch/parceirosbr/bigoilict/share/BigOil/document_generator/datasets/documents_2021_12_28/pai_2cols_20211228_152807_3691305354_600_800.png,pai_2cols_20211228_152807_3691305354_600_800_mask.png,494887
11,4,23,9,98,343,121,352,98,343,121,343,121,352,98,352,sub_line_text,table_text,table_0,roboto,italic,8.0,pai_2cols_20211228_152807_3691305354_600_800.png,/scratch/parceirosbr/bigoilict/share/BigOil/document_generator/datasets/documents_2021_12_28/pai_2cols_20211228_152807_3691305354_600_800.png,pai_2cols_20211228_152807_3691305354_600_800_mask.png,494887
11,4,23,9,98,356,121,365,98,356,121,356,121,365,98,365,text,table_text,table_0,roboto,italic,8.0,pai_2cols_20211228_152807_3691305354_600_800.png,/scratch/parceirosbr/bigoilict/share/BigOil/document_generator/datasets/documents_2021_12_28/pai_2cols_20211228_152807_3691305354_600_800.png,pai_2cols_20211228_152807_3691305354_600_800_mask.png,974189
11,4,23,9,98,356,121,365,98,356,121,356,121,365,98,365,sub_line_text,table_text,table_0,roboto,italic,8.0,pai_2cols_20211228_152807_3691305354_600_800.png,/scratch/parceirosbr/bigoilict/share/BigOil/document_generator/datasets/documents_2021_12_28/pai_2cols_20211228_152807_3691305354_600_800.png,pai_2cols_20211228_152807_3691305354_600_800_mask.png,974189
9,4,19,9,103,368,122,377,103,368,122,368,122,377,103,377,text,table_text,table_0,roboto,italic,8.0,pai_2cols_20211228_152807_3691305354_600_800.png,/scratch/parceirosbr/bigoilict/share/BigOil/document_generator/datasets/documents_2021_12_28/pai_2cols_20211228_152807_3691305354_600_800.png,pai_2cols_20211228_152807_3691305354_600_800_mask.png,41346
9,4,19,9,103,368,122,377,103,368,122,368,122,377,103,377,sub_line_text,table_text,table_0,roboto,italic,8.0,pai_2cols_20211228_152807_3691305354_600_800.png,/scratch/parceirosbr/bigoilict/share/BigOil/document_generator/datasets/documents_2021_12_28/pai_2cols_20211228_152807_3691305354_600_800.png,pai_2cols_20211228_152807_3691305354_600_800_mask.png,41346
13,4,27,9,94,380,121,389,94,380,121,380,121,389,94,389,text,table_text,table_0,roboto,italic,8.0,pai_2cols_20211228_152807_3691305354_600_800.png,/scratch/parceirosbr/bigoilict/share/BigOil/document_generator/datasets/documents_2021_12_28/pai_2cols_20211228_152807_3691305354_600_800.png,pai_2cols_20211228_152807_3691305354_600_800_mask.png,8403580
13,4,27,9,94,380,121,389,94,380,121,380,121,389,94,389,sub_line_text,table_text,table_0,roboto,italic,8.0,pai_2cols_20211228_152807_3691305354_600_800.png,/scratch/parceirosbr/bigoilict/share/BigOil/document_generator/datasets/documents_2021_12_28/pai_2cols_20211228_152807_3691305354_600_800.png,pai_2cols_20211228_152807_3691305354_600_800_mask.png,8403580
9,4,19,9,182,293,201,302,182,293,201,293,201,302,182,302,text,table_text,table_0,roboto,regular,8.0,pai_2cols_20211228_152807_3691305354_600_800.png,/scratch/parceirosbr/bigoilict/share/BigOil/document_generator/datasets/documents_2021_12_28/pai_2cols_20211228_152807_3691305354_600_800.png,pai_2cols_20211228_152807_3691305354_600_800_mask.png,vezes
9,4,19,9,182,293,201,302,182,293,201,293,201,302,182,302,sub_line_text,table_text,table_0,roboto,regular,8.0,pai_2cols_20211228_152807_3691305354_600_800.png,/scratch/parceirosbr/bigoilict/share/BigOil/document_generator/datasets/documents_2021_12_28/pai_2cols_20211228_152807_3691305354_600_800.png,pai_2cols_20211228_152807_3691305354_600_800_mask.png,vezes
12,4,25,9,175,306,200,315,175,306,200,306,200,315,175,315,text,table_text,table_0,roboto,italic,8.0,pai_2cols_20211228_152807_3691305354_600_800.png,/scratch/parceirosbr/bigoilict/share/BigOil/document_generator/datasets/documents_2021_12_28/pai_2cols_20211228_152807_3691305354_600_800.png,pai_2cols_20211228_152807_3691305354_600_800_mask.png,1354.19
12,4,25,9,175,306,200,315,175,306,200,306,200,315,175,315,sub_line_text,table_text,table_0,roboto,italic,8.0,pai_2cols_20211228_152807_3691305354_600_800.png,/scratch/parceirosbr/bigoilict/share/BigOil/document_generator/datasets/documents_2021_12_28/pai_2cols_20211228_152807_3691305354_600_800.png,pai_2cols_20211228_152807_3691305354_600_800_mask.png,1354.19
12,4,25,9,175,318,200,327,175,318,200,318,200,327,175,327,text,table_text,table_0,roboto,italic,8.0,pai_2cols_20211228_152807_3691305354_600_800.png,/scratch/parceirosbr/bigoilict/share/BigOil/document_generator/datasets/documents_2021_12_28/pai_2cols_20211228_152807_3691305354_600_800.png,pai_2cols_20211228_152807_3691305354_600_800_mask.png,5992.39
12,4,25,9,175,318,200,327,175,318,200,318,200,327,175,327,sub_line_text,table_text,table_0,roboto,italic,8.0,pai_2cols_20211228_152807_3691305354_600_800.png,/scratch/parceirosbr/bigoilict/share/BigOil/document_generator/datasets/documents_2021_12_28/pai_2cols_20211228_152807_3691305354_600_800.png,pai_2cols_20211228_152807_3691305354_600_800_mask.png,5992.39
12,4,25,9,175,331,200,340,175,331,200,331,200,340,175,340,text,table_text,table_0,roboto,italic,8.0,pai_2cols_20211228_152807_3691305354_600_800.png,/scratch/parceirosbr/bigoilict/share/BigOil/document_generator/datasets/documents_2021_12_28/pai_2cols_20211228_152807_3691305354_600_800.png,pai_2cols_20211228_152807_3691305354_600_800_mask.png,9027.24
12,4,25,9,175,331,200,340,175,331,200,331,200,340,175,340,sub_line_text,table_text,table_0,roboto,italic,8.0,pai_2cols_20211228_152807_3691305354_600_800.png,/scratch/parceirosbr/bigoilict/share/BigOil/document_generator/datasets/documents_2021_12_28/pai_2cols_20211228_152807_3691305354_600_800.png,pai_2cols_20211228_152807_3691305354_600_800_mask.png,9027.24
10,4,21,9,180,343,201,352,180,343,201,343,201,352,180,352,text,table_text,table_0,roboto,italic,8.0,pai_2cols_20211228_152807_3691305354_600_800.png,/scratch/parceirosbr/bigoilict/share/BigOil/document_generator/datasets/documents_2021_12_28/pai_2cols_20211228_152807_3691305354_600_800.png,pai_2cols_20211228_152807_3691305354_600_800_mask.png,712.41
10,4,21,9,180,343,201,352,180,343,201,343,201,352,180,352,sub_line_text,table_text,table_0,roboto,italic,8.0,pai_2cols_20211228_152807_3691305354_600_800.png,/scratch/parceirosbr/bigoilict/share/BigOil/document_generator/datasets/documents_2021_12_28/pai_2cols_20211228_152807_3691305354_600_800.png,pai_2cols_20211228_152807_3691305354_600_800_mask.png,712.41
7,4,14,9,187,356,201,365,187,356,201,356,201,365,187,365,text,table_text,table_0,roboto,italic,8.0,pai_2cols_20211228_152807_3691305354_600_800.png,/scratch/parceirosbr/bigoilict/share/BigOil/document_generator/datasets/documents_2021_12_28/pai_2cols_20211228_152807_3691305354_600_800.png,pai_2cols_20211228_152807_3691305354_600_800_mask.png,2.65
7,4,14,9,187,356,201,365,187,356,201,356,201,365,187,365,sub_line_text,table_text,table_0,roboto,italic,8.0,pai_2cols_20211228_152807_3691305354_600_800.png,/scratch/parceirosbr/bigoilict/share/BigOil/document_generator/datasets/documents_2021_12_28/pai_2cols_20211228_152807_3691305354_600_800.png,pai_2cols_20211228_152807_3691305354_600_800_mask.png,2.65
7,4,14,9,187,368,201,377,187,368,201,368,201,377,187,377,text,table_text,table_0,roboto,italic,8.0,pai_2cols_20211228_152807_3691305354_600_800.png,/scratch/parceirosbr/bigoilict/share/BigOil/document_generator/datasets/documents_2021_12_28/pai_2cols_20211228_152807_3691305354_600_800.png,pai_2cols_20211228_152807_3691305354_600_800_mask.png,5.57
7,4,14,9,187,368,201,377,187,368,201,368,201,377,187,377,sub_line_text,table_text,table_0,roboto,italic,8.0,pai_2cols_20211228_152807_3691305354_600_800.png,/scratch/parceirosbr/bigoilict/share/BigOil/document_generator/datasets/documents_2021_12_28/pai_2cols_20211228_152807_3691305354_600_800.png,pai_2cols_20211228_152807_3691305354_600_800_mask.png,5.57
12,4,25,9,175,380,200,389,175,380,200,380,200,389,175,389,text,table_text,table_0,roboto,italic,8.0,pai_2cols_20211228_152807_3691305354_600_800.png,/scratch/parceirosbr/bigoilict/share/BigOil/document_generator/datasets/documents_2021_12_28/pai_2cols_20211228_152807_3691305354_600_800.png,pai_2cols_20211228_152807_3691305354_600_800_mask.png,4430.25
12,4,25,9,175,380,200,389,175,380,200,380,200,389,175,389,sub_line_text,table_text,table_0,roboto,italic,8.0,pai_2cols_20211228_152807_3691305354_600_800.png,/scratch/parceirosbr/bigoilict/share/BigOil/document_generator/datasets/documents_2021_12_28/pai_2cols_20211228_152807_3691305354_600_800.png,pai_2cols_20211228_152807_3691305354_600_800_mask.png,4430.25
6,4,13,9,231,293,244,302,231,293,244,293,244,302,231,302,text,table_text,table_0,roboto,regular,8.0,pai_2cols_20211228_152807_3691305354_600_800.png,/scratch/parceirosbr/bigoilict/share/BigOil/document_generator/datasets/documents_2021_12_28/pai_2cols_20211228_152807_3691305354_600_800.png,pai_2cols_20211228_152807_3691305354_600_800_mask.png,país
6,4,13,9,231,293,244,302,231,293,244,293,244,302,231,302,sub_line_text,table_text,table_0,roboto,regular,8.0,pai_2cols_20211228_152807_3691305354_600_800.png,/scratch/parceirosbr/bigoilict/share/BigOil/document_generator/datasets/documents_2021_12_28/pai_2cols_20211228_152807_3691305354_600_800.png,pai_2cols_20211228_152807_3691305354_600_800_mask.png,país
4,4,8,9,232,306,240,315,232,306,240,306,240,315,232,315,text,table_text,table_0,roboto,italic,8.0,pai_2cols_20211228_152807_3691305354_600_800.png,/scratch/parceirosbr/bigoilict/share/BigOil/document_generator/datasets/documents_2021_12_28/pai_2cols_20211228_152807_3691305354_600_800.png,pai_2cols_20211228_152807_3691305354_600_800_mask.png,do
4,4,8,9,232,306,240,315,232,306,240,306,240,315,232,315,sub_line_text,table_text,table_0,roboto,italic,8.0,pai_2cols_20211228_152807_3691305354_600_800.png,/scratch/parceirosbr/bigoilict/share/BigOil/document_generator/datasets/documents_2021_12_28/pai_2cols_20211228_152807_3691305354_600_800.png,pai_2cols_20211228_152807_3691305354_600_800_mask.png,do
10,4,21,9,227,318,248,327,227,318,248,318,248,327,227,327,text,table_text,table_0,roboto,italic,8.0,pai_2cols_20211228_152807_3691305354_600_800.png,/scratch/parceirosbr/bigoilict/share/BigOil/document_generator/datasets/documents_2021_12_28/pai_2cols_20211228_152807_3691305354_600_800.png,pai_2cols_20211228_152807_3691305354_600_800_mask.png,apesar
10,4,21,9,227,318,248,327,227,318,248,318,248,327,227,327,sub_line_text,table_text,table_0,roboto,italic,8.0,pai_2cols_20211228_152807_3691305354_600_800.png,/scratch/parceirosbr/bigoilict/share/BigOil/document_generator/datasets/documents_2021_12_28/pai_2cols_20211228_152807_3691305354_600_800.png,pai_2cols_20211228_152807_3691305354_600_800_mask.png,apesar
11,4,22,9,226,331,248,340,226,331,248,331,248,340,226,340,text,table_text,table_0,roboto,italic,8.0,pai_2cols_20211228_152807_3691305354_600_800.png,/scratch/parceirosbr/bigoilict/share/BigOil/document_generator/datasets/documents_2021_12_28/pai_2cols_20211228_152807_3691305354_600_800.png,pai_2cols_20211228_152807_3691305354_600_800_mask.png,sujeito
11,4,22,9,226,331,248,340,226,331,248,331,248,340,226,340,sub_line_text,table_text,table_0,roboto,italic,8.0,pai_2cols_20211228_152807_3691305354_600_800.png,/scratch/parceirosbr/bigoilict/share/BigOil/document_generator/datasets/documents_2021_12_28/pai_2cols_20211228_152807_3691305354_600_800.png,pai_2cols_20211228_152807_3691305354_600_800_mask.png,sujeito
13,4,27,9,223,343,250,352,223,343,250,343,250,352,223,352,text,table_text,table_0,roboto,italic,8.0,pai_2cols_20211228_152807_3691305354_600_800.png,/scratch/parceirosbr/bigoilict/share/BigOil/document_generator/datasets/documents_2021_12_28/pai_2cols_20211228_152807_3691305354_600_800.png,pai_2cols_20211228_152807_3691305354_600_800_mask.png,resultou
13,4,27,9,223,343,250,352,223,343,250,343,250,352,223,352,sub_line_text,table_text,table_0,roboto,italic,8.0,pai_2cols_20211228_152807_3691305354_600_800.png,/scratch/parceirosbr/bigoilict/share/BigOil/document_generator/datasets/documents_2021_12_28/pai_2cols_20211228_152807_3691305354_600_800.png,pai_2cols_20211228_152807_3691305354_600_800_mask.png,resultou
20,4,40,9,217,356,257,365,217,356,257,356,257,365,217,365,text,table_text,table_0,roboto,italic,8.0,pai_2cols_20211228_152807_3691305354_600_800.png,/scratch/parceirosbr/bigoilict/share/BigOil/document_generator/datasets/documents_2021_12_28/pai_2cols_20211228_152807_3691305354_600_800.png,pai_2cols_20211228_152807_3691305354_600_800_mask.png,combustível
20,4,40,9,217,356,257,365,217,356,257,356,257,365,217,365,sub_line_text,table_text,table_0,roboto,italic,8.0,pai_2cols_20211228_152807_3691305354_600_800.png,/scratch/parceirosbr/bigoilict/share/BigOil/document_generator/datasets/documents_2021_12_28/pai_2cols_20211228_152807_3691305354_600_800.png,pai_2cols_20211228_152807_3691305354_600_800_mask.png,combustível
19,4,38,9,218,368,256,377,218,368,256,368,256,377,218,377,text,table_text,table_0,roboto,italic,8.0,pai_2cols_20211228_152807_3691305354_600_800.png,/scratch/parceirosbr/bigoilict/share/BigOil/document_generator/datasets/documents_2021_12_28/pai_2cols_20211228_152807_3691305354_600_800.png,pai_2cols_20211228_152807_3691305354_600_800_mask.png,aprisionado
19,4,38,9,218,368,256,377,218,368,256,368,256,377,218,377,sub_line_text,table_text,table_0,roboto,italic,8.0,pai_2cols_20211228_152807_3691305354_600_800.png,/scratch/parceirosbr/bigoilict/share/BigOil/document_generator/datasets/documents_2021_12_28/pai_2cols_20211228_152807_3691305354_600_800.png,pai_2cols_20211228_152807_3691305354_600_800_mask.png,aprisionado
3,4,7,9,233,380,240,389,233,380,240,380,240,389,233,389,text,table_text,table_0,roboto,italic,8.0,pai_2cols_20211228_152807_3691305354_600_800.png,/scratch/parceirosbr/bigoilict/share/BigOil/document_generator/datasets/documents_2021_12_28/pai_2cols_20211228_152807_3691305354_600_800.png,pai_2cols_20211228_152807_3691305354_600_800_mask.png,da
3,4,7,9,233,380,240,389,233,380,240,380,240,389,233,389,sub_line_text,table_text,table_0,roboto,italic,8.0,pai_2cols_20211228_152807_3691305354_600_800.png,/scratch/parceirosbr/bigoilict/share/BigOil/document_generator/datasets/documents_2021_12_28/pai_2cols_20211228_152807_3691305354_600_800.png,pai_2cols_20211228_152807_3691305354_600_800_mask.png,da
54,5,108,10,113,408,221,418,113,408,221,408,221,418,113,418,sub_line_text,subsubsubtitle,subsubsubtitle_0,raleway,bold,8,pai_2cols_20211228_152807_3691305354_600_800.png,/scratch/parceirosbr/bigoilict/share/BigOil/document_generator/datasets/documents_2021_12_28/pai_2cols_20211228_152807_3691305354_600_800.png,pai_2cols_20211228_152807_3691305354_600_800_mask.png,Como fase aquosa utilizada
54,5,108,10,113,408,221,418,113,408,221,408,221,418,113,418,title,subsubsubtitle,subsubsubtitle_0,raleway,bold,8,pai_2cols_20211228_152807_3691305354_600_800.png,/scratch/parceirosbr/bigoilict/share/BigOil/document_generator/datasets/documents_2021_12_28/pai_2cols_20211228_152807_3691305354_600_800.png,pai_2cols_20211228_152807_3691305354_600_800_mask.png,nan
78,4,157,8,56,427,213,435,56,427,213,427,213,435,56,435,sub_line_text,figure_legend,figure_0,raleway,italic,7,pai_2cols_20211228_152807_3691305354_600_800.png,/scratch/parceirosbr/bigoilict/share/BigOil/document_generator/datasets/documents_2021_12_28/pai_2cols_20211228_152807_3691305354_600_800.png,pai_2cols_20211228_152807_3691305354_600_800_mask.png,Figure 49: Introduction of alcohols in inductively co
78,4,157,8,56,427,213,435,56,427,213,427,213,435,56,435,text,figure_legend,figure_0,raleway,italic,7,pai_2cols_20211228_152807_3691305354_600_800.png,/scratch/parceirosbr/bigoilict/share/BigOil/document_generator/datasets/documents_2021_12_28/pai_2cols_20211228_152807_3691305354_600_800.png,pai_2cols_20211228_152807_3691305354_600_800_mask.png,nan
79,4,158,8,56,436,214,444,56,436,214,436,214,444,56,444,sub_line_text,figure_legend,figure_0,raleway,italic,7,pai_2cols_20211228_152807_3691305354_600_800.png,/scratch/parceirosbr/bigoilict/share/BigOil/document_generator/datasets/documents_2021_12_28/pai_2cols_20211228_152807_3691305354_600_800.png,pai_2cols_20211228_152807_3691305354_600_800_mask.png,Figure 7: Os dados foram trabalhados estatisticame
79,4,158,8,56,436,214,444,56,436,214,436,214,444,56,444,text,figure_legend,figure_0,raleway,italic,7,pai_2cols_20211228_152807_3691305354_600_800.png,/scratch/parceirosbr/bigoilict/share/BigOil/document_generator/datasets/documents_2021_12_28/pai_2cols_20211228_152807_3691305354_600_800.png,pai_2cols_20211228_152807_3691305354_600_800_mask.png,nan
44,88,88,177,123,449,211,626,123,449,211,449,211,626,123,626,image,figure_image,figure_0,,,,pai_2cols_20211228_152807_3691305354_600_800.png,/scratch/parceirosbr/bigoilict/share/BigOil/document_generator/datasets/documents_2021_12_28/pai_2cols_20211228_152807_3691305354_600_800.png,pai_2cols_20211228_152807_3691305354_600_800_mask.png,output/gen_img_20211228_152807_4845535387.png
0,-7,-1,-15,141,522,140,507,141,506,145,522,140,523,136,507,text,figure_text,figure_0,,,,pai_2cols_20211228_152807_3691305354_600_800.png,/scratch/parceirosbr/bigoilict/share/BigOil/document_generator/datasets/documents_2021_12_28/pai_2cols_20211228_152807_3691305354_600_800.png,pai_2cols_20211228_152807_3691305354_600_800_mask.png,-5028%
0,-7,-1,-15,141,522,140,507,141,506,145,522,140,523,136,507,sub_line_text,figure_text,figure_0,,,,pai_2cols_20211228_152807_3691305354_600_800.png,/scratch/parceirosbr/bigoilict/share/BigOil/document_generator/datasets/documents_2021_12_28/pai_2cols_20211228_152807_3691305354_600_800.png,pai_2cols_20211228_152807_3691305354_600_800_mask.png,-5028%
0,-9,-1,-19,161,524,160,505,161,504,165,524,160,525,155,505,text,figure_text,figure_0,,,,pai_2cols_20211228_152807_3691305354_600_800.png,/scratch/parceirosbr/bigoilict/share/BigOil/document_generator/datasets/documents_2021_12_28/pai_2cols_20211228_152807_3691305354_600_800.png,pai_2cols_20211228_152807_3691305354_600_800_mask.png,Level (kl)
0,-9,-1,-19,161,524,160,505,161,504,165,524,160,525,155,505,sub_line_text,figure_text,figure_0,,,,pai_2cols_20211228_152807_3691305354_600_800.png,/scratch/parceirosbr/bigoilict/share/BigOil/document_generator/datasets/documents_2021_12_28/pai_2cols_20211228_152807_3691305354_600_800.png,pai_2cols_20211228_152807_3691305354_600_800_mask.png,Level (kl)
0,-10,0,-21,179,472,179,451,179,451,184,472,179,473,174,451,text,figure_text,figure_0,,,,pai_2cols_20211228_152807_3691305354_600_800.png,/scratch/parceirosbr/bigoilict/share/BigOil/document_generator/datasets/documents_2021_12_28/pai_2cols_20211228_152807_3691305354_600_800.png,pai_2cols_20211228_152807_3691305354_600_800_mask.png,-8186.112
0,-10,0,-21,179,472,179,451,179,451,184,472,179,473,174,451,sub_line_text,figure_text,figure_0,,,,pai_2cols_20211228_152807_3691305354_600_800.png,/scratch/parceirosbr/bigoilict/share/BigOil/document_generator/datasets/documents_2021_12_28/pai_2cols_20211228_152807_3691305354_600_800.png,pai_2cols_20211228_152807_3691305354_600_800_mask.png,-8186.112
1,-13,2,-26,198,534,200,508,198,506,205,534,200,535,193,508,text,figure_text,figure_0,,,,pai_2cols_20211228_152807_3691305354_600_800.png,/scratch/parceirosbr/bigoilict/share/BigOil/document_generator/datasets/documents_2021_12_28/pai_2cols_20211228_152807_3691305354_600_800.png,pai_2cols_20211228_152807_3691305354_600_800_mask.png,Volume [MB]
1,-13,2,-26,198,534,200,508,198,506,205,534,200,535,193,508,sub_line_text,figure_text,figure_0,,,,pai_2cols_20211228_152807_3691305354_600_800.png,/scratch/parceirosbr/bigoilict/share/BigOil/document_generator/datasets/documents_2021_12_28/pai_2cols_20211228_152807_3691305354_600_800.png,pai_2cols_20211228_152807_3691305354_600_800_mask.png,Volume [MB]
0,-9,0,-18,201,557,201,539,201,538,205,557,201,558,196,539,text,figure_text,figure_0,,,,pai_2cols_20211228_152807_3691305354_600_800.png,/scratch/parceirosbr/bigoilict/share/BigOil/document_generator/datasets/documents_2021_12_28/pai_2cols_20211228_152807_3691305354_600_800.png,pai_2cols_20211228_152807_3691305354_600_800_mask.png,Contents
0,-9,0,-18,201,557,201,539,201,538,205,557,201,558,196,539,sub_line_text,figure_text,figure_0,,,,pai_2cols_20211228_152807_3691305354_600_800.png,/scratch/parceirosbr/bigoilict/share/BigOil/document_generator/datasets/documents_2021_12_28/pai_2cols_20211228_152807_3691305354_600_800.png,pai_2cols_20211228_152807_3691305354_600_800_mask.png,Contents
0,-5,-1,-11,150,514,149,503,150,502,153,514,149,515,146,503,text,figure_text,figure_0,,,,pai_2cols_20211228_152807_3691305354_600_800.png,/scratch/parceirosbr/bigoilict/share/BigOil/document_generator/datasets/documents_2021_12_28/pai_2cols_20211228_152807_3691305354_600_800.png,pai_2cols_20211228_152807_3691305354_600_800_mask.png,-8724
0,-5,-1,-11,150,514,149,503,150,502,153,514,149,515,146,503,sub_line_text,figure_text,figure_0,,,,pai_2cols_20211228_152807_3691305354_600_800.png,/scratch/parceirosbr/bigoilict/share/BigOil/document_generator/datasets/documents_2021_12_28/pai_2cols_20211228_152807_3691305354_600_800.png,pai_2cols_20211228_152807_3691305354_600_800_mask.png,-8724
1,-17,3,-34,173,573,176,539,173,538,182,573,176,574,168,539,text,figure_text,figure_0,,,,pai_2cols_20211228_152807_3691305354_600_800.png,/scratch/parceirosbr/bigoilict/share/BigOil/document_generator/datasets/documents_2021_12_28/pai_2cols_20211228_152807_3691305354_600_800.png,pai_2cols_20211228_152807_3691305354_600_800_mask.png,Processing [GB]
1,-17,3,-34,173,573,176,539,173,538,182,573,176,574,168,539,sub_line_text,figure_text,figure_0,,,,pai_2cols_20211228_152807_3691305354_600_800.png,/scratch/parceirosbr/bigoilict/share/BigOil/document_generator/datasets/documents_2021_12_28/pai_2cols_20211228_152807_3691305354_600_800.png,pai_2cols_20211228_152807_3691305354_600_800_mask.png,Processing [GB]
0,-7,0,-15,187,563,187,548,187,547,191,563,187,564,183,548,text,figure_text,figure_0,,,,pai_2cols_20211228_152807_3691305354_600_800.png,/scratch/parceirosbr/bigoilict/share/BigOil/document_generator/datasets/documents_2021_12_28/pai_2cols_20211228_152807_3691305354_600_800.png,pai_2cols_20211228_152807_3691305354_600_800_mask.png,-3069%
0,-7,0,-15,187,563,187,548,187,547,191,563,187,564,183,548,sub_line_text,figure_text,figure_0,,,,pai_2cols_20211228_152807_3691305354_600_800.png,/scratch/parceirosbr/bigoilict/share/BigOil/document_generator/datasets/documents_2021_12_28/pai_2cols_20211228_152807_3691305354_600_800.png,pai_2cols_20211228_152807_3691305354_600_800_mask.png,-3069%
1,-13,2,-26,171,504,173,478,171,477,178,504,173,505,166,478,text,figure_text,figure_0,,,,pai_2cols_20211228_152807_3691305354_600_800.png,/scratch/parceirosbr/bigoilict/share/BigOil/document_generator/datasets/documents_2021_12_28/pai_2cols_20211228_152807_3691305354_600_800.png,pai_2cols_20211228_152807_3691305354_600_800_mask.png,Volume (GB)
1,-13,2,-26,171,504,173,478,171,477,178,504,173,505,166,478,sub_line_text,figure_text,figure_0,,,,pai_2cols_20211228_152807_3691305354_600_800.png,/scratch/parceirosbr/bigoilict/share/BigOil/document_generator/datasets/documents_2021_12_28/pai_2cols_20211228_152807_3691305354_600_800.png,pai_2cols_20211228_152807_3691305354_600_800_mask.png,Volume (GB)
0,-14,1,-28,188,606,189,578,188,577,195,606,189,608,182,578,text,figure_text,figure_0,,,,pai_2cols_20211228_152807_3691305354_600_800.png,/scratch/parceirosbr/bigoilict/share/BigOil/document_generator/datasets/documents_2021_12_28/pai_2cols_20211228_152807_3691305354_600_800.png,pai_2cols_20211228_152807_3691305354_600_800_mask.png,Demand [MB]
0,-14,1,-28,188,606,189,578,188,577,195,606,189,608,182,578,sub_line_text,figure_text,figure_0,,,,pai_2cols_20211228_152807_3691305354_600_800.png,/scratch/parceirosbr/bigoilict/share/BigOil/document_generator/datasets/documents_2021_12_28/pai_2cols_20211228_152807_3691305354_600_800.png,pai_2cols_20211228_152807_3691305354_600_800_mask.png,Demand [MB]
0,-10,1,-20,186,532,187,512,186,511,191,532,187,533,182,512,text,figure_text,figure_0,,,,pai_2cols_20211228_152807_3691305354_600_800.png,/scratch/parceirosbr/bigoilict/share/BigOil/document_generator/datasets/documents_2021_12_28/pai_2cols_20211228_152807_3691305354_600_800.png,pai_2cols_20211228_152807_3691305354_600_800_mask.png,-3512.531
0,-10,1,-20,186,532,187,512,186,511,191,532,187,533,182,512,sub_line_text,figure_text,figure_0,,,,pai_2cols_20211228_152807_3691305354_600_800.png,/scratch/parceirosbr/bigoilict/share/BigOil/document_generator/datasets/documents_2021_12_28/pai_2cols_20211228_152807_3691305354_600_800.png,pai_2cols_20211228_152807_3691305354_600_800_mask.png,-3512.531
0,-8,-1,-17,184,507,183,490,184,490,188,507,183,508,179,490,text,figure_text,figure_0,,,,pai_2cols_20211228_152807_3691305354_600_800.png,/scratch/parceirosbr/bigoilict/share/BigOil/document_generator/datasets/documents_2021_12_28/pai_2cols_20211228_152807_3691305354_600_800.png,pai_2cols_20211228_152807_3691305354_600_800_mask.png,Rotation
0,-8,-1,-17,184,507,183,490,184,490,188,507,183,508,179,490,sub_line_text,figure_text,figure_0,,,,pai_2cols_20211228_152807_3691305354_600_800.png,/scratch/parceirosbr/bigoilict/share/BigOil/document_generator/datasets/documents_2021_12_28/pai_2cols_20211228_152807_3691305354_600_800.png,pai_2cols_20211228_152807_3691305354_600_800_mask.png,Rotation
-1,-5,-2,-11,139,476,137,465,139,464,142,476,137,477,135,465,text,figure_text,figure_0,,,,pai_2cols_20211228_152807_3691305354_600_800.png,/scratch/parceirosbr/bigoilict/share/BigOil/document_generator/datasets/documents_2021_12_28/pai_2cols_20211228_152807_3691305354_600_800.png,pai_2cols_20211228_152807_3691305354_600_800_mask.png,-9524
-1,-5,-2,-11,139,476,137,465,139,464,142,476,137,477,135,465,sub_line_text,figure_text,figure_0,,,,pai_2cols_20211228_152807_3691305354_600_800.png,/scratch/parceirosbr/bigoilict/share/BigOil/document_generator/datasets/documents_2021_12_28/pai_2cols_20211228_152807_3691305354_600_800.png,pai_2cols_20211228_152807_3691305354_600_800_mask.png,-9524
-1,-4,-2,-9,176,529,174,520,176,519,179,529,174,531,171,520,text,figure_text,figure_0,,,,pai_2cols_20211228_152807_3691305354_600_800.png,/scratch/parceirosbr/bigoilict/share/BigOil/document_generator/datasets/documents_2021_12_28/pai_2cols_20211228_152807_3691305354_600_800.png,pai_2cols_20211228_152807_3691305354_600_800_mask.png,Time
-1,-4,-2,-9,176,529,174,520,176,519,179,529,174,531,171,520,sub_line_text,figure_text,figure_0,,,,pai_2cols_20211228_152807_3691305354_600_800.png,/scratch/parceirosbr/bigoilict/share/BigOil/document_generator/datasets/documents_2021_12_28/pai_2cols_20211228_152807_3691305354_600_800.png,pai_2cols_20211228_152807_3691305354_600_800_mask.png,Time
0,-7,-1,-15,141,499,140,484,141,483,145,499,140,500,137,484,text,figure_text,figure_0,,,,pai_2cols_20211228_152807_3691305354_600_800.png,/scratch/parceirosbr/bigoilict/share/BigOil/document_generator/datasets/documents_2021_12_28/pai_2cols_20211228_152807_3691305354_600_800.png,pai_2cols_20211228_152807_3691305354_600_800_mask.png,-4301.0
0,-7,-1,-15,141,499,140,484,141,483,145,499,140,500,137,484,sub_line_text,figure_text,figure_0,,,,pai_2cols_20211228_152807_3691305354_600_800.png,/scratch/parceirosbr/bigoilict/share/BigOil/document_generator/datasets/documents_2021_12_28/pai_2cols_20211228_152807_3691305354_600_800.png,pai_2cols_20211228_152807_3691305354_600_800_mask.png,-4301.0
0,-11,1,-22,138,553,139,531,138,530,144,553,139,554,133,531,text,figure_text,figure_0,,,,pai_2cols_20211228_152807_3691305354_600_800.png,/scratch/parceirosbr/bigoilict/share/BigOil/document_generator/datasets/documents_2021_12_28/pai_2cols_20211228_152807_3691305354_600_800.png,pai_2cols_20211228_152807_3691305354_600_800_mask.png,-4107.72%
0,-11,1,-22,138,553,139,531,138,530,144,553,139,554,133,531,sub_line_text,figure_text,figure_0,,,,pai_2cols_20211228_152807_3691305354_600_800.png,/scratch/parceirosbr/bigoilict/share/BigOil/document_generator/datasets/documents_2021_12_28/pai_2cols_20211228_152807_3691305354_600_800.png,pai_2cols_20211228_152807_3691305354_600_800_mask.png,-4107.72%
0,-14,1,-28,172,619,173,591,172,590,179,619,173,620,166,591,text,figure_text,figure_0,,,,pai_2cols_20211228_152807_3691305354_600_800.png,/scratch/parceirosbr/bigoilict/share/BigOil/document_generator/datasets/documents_2021_12_28/pai_2cols_20211228_152807_3691305354_600_800.png,pai_2cols_20211228_152807_3691305354_600_800_mask.png,Demand [GB]
0,-14,1,-28,172,619,173,591,172,590,179,619,173,620,166,591,sub_line_text,figure_text,figure_0,,,,pai_2cols_20211228_152807_3691305354_600_800.png,/scratch/parceirosbr/bigoilict/share/BigOil/document_generator/datasets/documents_2021_12_28/pai_2cols_20211228_152807_3691305354_600_800.png,pai_2cols_20211228_152807_3691305354_600_800_mask.png,Demand [GB]
-1,-4,-2,-9,194,490,192,481,194,480,196,490,192,491,189,481,text,figure_text,figure_0,,,,pai_2cols_20211228_152807_3691305354_600_800.png,/scratch/parceirosbr/bigoilict/share/BigOil/document_generator/datasets/documents_2021_12_28/pai_2cols_20211228_152807_3691305354_600_800.png,pai_2cols_20211228_152807_3691305354_600_800_mask.png,Leak
-1,-4,-2,-9,194,490,192,481,194,480,196,490,192,491,189,481,sub_line_text,figure_text,figure_0,,,,pai_2cols_20211228_152807_3691305354_600_800.png,/scratch/parceirosbr/bigoilict/share/BigOil/document_generator/datasets/documents_2021_12_28/pai_2cols_20211228_152807_3691305354_600_800.png,pai_2cols_20211228_152807_3691305354_600_800_mask.png,Leak
-1,-5,-2,-11,158,541,156,530,158,529,160,541,156,542,153,530,text,figure_text,figure_0,,,,pai_2cols_20211228_152807_3691305354_600_800.png,/scratch/parceirosbr/bigoilict/share/BigOil/document_generator/datasets/documents_2021_12_28/pai_2cols_20211228_152807_3691305354_600_800.png,pai_2cols_20211228_152807_3691305354_600_800_mask.png,138.2
-1,-5,-2,-11,158,541,156,530,158,529,160,541,156,542,153,530,sub_line_text,figure_text,figure_0,,,,pai_2cols_20211228_152807_3691305354_600_800.png,/scratch/parceirosbr/bigoilict/share/BigOil/document_generator/datasets/documents_2021_12_28/pai_2cols_20211228_152807_3691305354_600_800.png,pai_2cols_20211228_152807_3691305354_600_800_mask.png,138.2
0,-9,0,-19,162,569,162,550,162,549,167,569,162,570,157,550,text,figure_text,figure_0,,,,pai_2cols_20211228_152807_3691305354_600_800.png,/scratch/parceirosbr/bigoilict/share/BigOil/document_generator/datasets/documents_2021_12_28/pai_2cols_20211228_152807_3691305354_600_800.png,pai_2cols_20211228_152807_3691305354_600_800_mask.png,-5207.0%
0,-9,0,-19,162,569,162,550,162,549,167,569,162,570,157,550,sub_line_text,figure_text,figure_0,,,,pai_2cols_20211228_152807_3691305354_600_800.png,/scratch/parceirosbr/bigoilict/share/BigOil/document_generator/datasets/documents_2021_12_28/pai_2cols_20211228_152807_3691305354_600_800.png,pai_2cols_20211228_152807_3691305354_600_800_mask.png,-5207.0%
0,-7,-1,-15,149,598,148,583,149,582,153,598,148,599,145,583,text,figure_text,figure_0,,,,pai_2cols_20211228_152807_3691305354_600_800.png,/scratch/parceirosbr/bigoilict/share/BigOil/document_generator/datasets/documents_2021_12_28/pai_2cols_20211228_152807_3691305354_600_800.png,pai_2cols_20211228_152807_3691305354_600_800_mask.png,Mixture
0,-7,-1,-15,149,598,148,583,149,582,153,598,148,599,145,583,sub_line_text,figure_text,figure_0,,,,pai_2cols_20211228_152807_3691305354_600_800.png,/scratch/parceirosbr/bigoilict/share/BigOil/document_generator/datasets/documents_2021_12_28/pai_2cols_20211228_152807_3691305354_600_800.png,pai_2cols_20211228_152807_3691305354_600_800_mask.png,Mixture
-1,-5,-2,-11,161,478,159,467,161,466,164,478,159,479,156,467,text,figure_text,figure_0,,,,pai_2cols_20211228_152807_3691305354_600_800.png,/scratch/parceirosbr/bigoilict/share/BigOil/document_generator/datasets/documents_2021_12_28/pai_2cols_20211228_152807_3691305354_600_800.png,pai_2cols_20211228_152807_3691305354_600_800_mask.png,-5085
-1,-5,-2,-11,161,478,159,467,161,466,164,478,159,479,156,467,sub_line_text,figure_text,figure_0,,,,pai_2cols_20211228_152807_3691305354_600_800.png,/scratch/parceirosbr/bigoilict/share/BigOil/document_generator/datasets/documents_2021_12_28/pai_2cols_20211228_152807_3691305354_600_800.png,pai_2cols_20211228_152807_3691305354_600_800_mask.png,-5085
0,-10,0,-20,201,612,201,592,201,591,206,612,201,613,196,592,text,figure_text,figure_0,,,,pai_2cols_20211228_152807_3691305354_600_800.png,/scratch/parceirosbr/bigoilict/share/BigOil/document_generator/datasets/documents_2021_12_28/pai_2cols_20211228_152807_3691305354_600_800.png,pai_2cols_20211228_152807_3691305354_600_800_mask.png,-9261.370
0,-10,0,-20,201,612,201,592,201,591,206,612,201,613,196,592,sub_line_text,figure_text,figure_0,,,,pai_2cols_20211228_152807_3691305354_600_800.png,/scratch/parceirosbr/bigoilict/share/BigOil/document_generator/datasets/documents_2021_12_28/pai_2cols_20211228_152807_3691305354_600_800.png,pai_2cols_20211228_152807_3691305354_600_800_mask.png,-9261.370
-2,-2,-4,-4,153,492,149,488,153,487,154,492,149,493,148,488,text,figure_text,figure_0,,,,pai_2cols_20211228_152807_3691305354_600_800.png,/scratch/parceirosbr/bigoilict/share/BigOil/document_generator/datasets/documents_2021_12_28/pai_2cols_20211228_152807_3691305354_600_800.png,pai_2cols_20211228_152807_3691305354_600_800_mask.png,69
-2,-2,-4,-4,153,492,149,488,153,487,154,492,149,493,148,488,sub_line_text,figure_text,figure_0,,,,pai_2cols_20211228_152807_3691305354_600_800.png,/scratch/parceirosbr/bigoilict/share/BigOil/document_generator/datasets/documents_2021_12_28/pai_2cols_20211228_152807_3691305354_600_800.png,pai_2cols_20211228_152807_3691305354_600_800_mask.png,69
0,-7,-1,-15,203,577,202,562,203,561,207,577,202,579,198,562,text,figure_text,figure_0,,,,pai_2cols_20211228_152807_3691305354_600_800.png,/scratch/parceirosbr/bigoilict/share/BigOil/document_generator/datasets/documents_2021_12_28/pai_2cols_20211228_152807_3691305354_600_800.png,pai_2cols_20211228_152807_3691305354_600_800_mask.png,-8389%
0,-7,-1,-15,203,577,202,562,203,561,207,577,202,579,198,562,sub_line_text,figure_text,figure_0,,,,pai_2cols_20211228_152807_3691305354_600_800.png,/scratch/parceirosbr/bigoilict/share/BigOil/document_generator/datasets/documents_2021_12_28/pai_2cols_20211228_152807_3691305354_600_800.png,pai_2cols_20211228_152807_3691305354_600_800_mask.png,-8389%
-1,-4,-2,-9,152,485,150,476,152,475,154,485,150,486,147,476,text,figure_text,figure_0,,,,pai_2cols_20211228_152807_3691305354_600_800.png,/scratch/parceirosbr/bigoilict/share/BigOil/document_generator/datasets/documents_2021_12_28/pai_2cols_20211228_152807_3691305354_600_800.png,pai_2cols_20211228_152807_3691305354_600_800_mask.png,Leak
-1,-4,-2,-9,152,485,150,476,152,475,154,485,150,486,147,476,sub_line_text,figure_text,figure_0,,,,pai_2cols_20211228_152807_3691305354_600_800.png,/scratch/parceirosbr/bigoilict/share/BigOil/document_generator/datasets/documents_2021_12_28/pai_2cols_20211228_152807_3691305354_600_800.png,pai_2cols_20211228_152807_3691305354_600_800_mask.png,Leak
0,-10,0,-20,198,472,198,452,198,451,203,472,198,473,193,452,text,figure_text,figure_0,,,,pai_2cols_20211228_152807_3691305354_600_800.png,/scratch/parceirosbr/bigoilict/share/BigOil/document_generator/datasets/documents_2021_12_28/pai_2cols_20211228_152807_3691305354_600_800.png,pai_2cols_20211228_152807_3691305354_600_800_mask.png,-2591.735
0,-10,0,-20,198,472,198,452,198,451,203,472,198,473,193,452,sub_line_text,figure_text,figure_0,,,,pai_2cols_20211228_152807_3691305354_600_800.png,/scratch/parceirosbr/bigoilict/share/BigOil/document_generator/datasets/documents_2021_12_28/pai_2cols_20211228_152807_3691305354_600_800.png,pai_2cols_20211228_152807_3691305354_600_800_mask.png,-2591.735
-1,-7,-2,-14,135,611,133,597,135,597,138,611,133,612,130,597,text,figure_text,figure_0,,,,pai_2cols_20211228_152807_3691305354_600_800.png,/scratch/parceirosbr/bigoilict/share/BigOil/document_generator/datasets/documents_2021_12_28/pai_2cols_20211228_152807_3691305354_600_800.png,pai_2cols_20211228_152807_3691305354_600_800_mask.png,Videos
-1,-7,-2,-14,135,611,133,597,135,597,138,611,133,612,130,597,sub_line_text,figure_text,figure_0,,,,pai_2cols_20211228_152807_3691305354_600_800.png,/scratch/parceirosbr/bigoilict/share/BigOil/document_generator/datasets/documents_2021_12_28/pai_2cols_20211228_152807_3691305354_600_800.png,pai_2cols_20211228_152807_3691305354_600_800_mask.png,Videos
-1,-4,-3,-9,153,557,150,548,153,547,155,557,150,558,148,548,text,figure_text,figure_0,,,,pai_2cols_20211228_152807_3691305354_600_800.png,/scratch/parceirosbr/bigoilict/share/BigOil/document_generator/datasets/documents_2021_12_28/pai_2cols_20211228_152807_3691305354_600_800.png,pai_2cols_20211228_152807_3691305354_600_800_mask.png,-445
-1,-4,-3,-9,153,557,150,548,153,547,155,557,150,558,148,548,sub_line_text,figure_text,figure_0,,,,pai_2cols_20211228_152807_3691305354_600_800.png,/scratch/parceirosbr/bigoilict/share/BigOil/document_generator/datasets/documents_2021_12_28/pai_2cols_20211228_152807_3691305354_600_800.png,pai_2cols_20211228_152807_3691305354_600_800_mask.png,-445
0,-7,-1,-15,130,466,129,451,130,450,134,466,129,467,125,451,text,figure_text,figure_0,,,,pai_2cols_20211228_152807_3691305354_600_800.png,/scratch/parceirosbr/bigoilict/share/BigOil/document_generator/datasets/documents_2021_12_28/pai_2cols_20211228_152807_3691305354_600_800.png,pai_2cols_20211228_152807_3691305354_600_800_mask.png,-9190.2
0,-7,-1,-15,130,466,129,451,130,450,134,466,129,467,125,451,sub_line_text,figure_text,figure_0,,,,pai_2cols_20211228_152807_3691305354_600_800.png,/scratch/parceirosbr/bigoilict/share/BigOil/document_generator/datasets/documents_2021_12_28/pai_2cols_20211228_152807_3691305354_600_800.png,pai_2cols_20211228_152807_3691305354_600_800_mask.png,-9190.2
94,5,189,10,86,633,275,643,86,633,275,633,275,643,86,643,sub_line_text,text,text_1,raleway,regular,8,pai_2cols_20211228_152807_3691305354_600_800.png,/scratch/parceirosbr/bigoilict/share/BigOil/document_generator/datasets/documents_2021_12_28/pai_2cols_20211228_152807_3691305354_600_800.png,pai_2cols_20211228_152807_3691305354_600_800_mask.png,A  pesquisa  bibliográfica  foi  realizada durante to-
109,5,219,10,56,648,275,658,56,648,275,648,275,658,56,658,sub_line_text,text,text_1,raleway,regular,8,pai_2cols_20211228_152807_3691305354_600_800.png,/scratch/parceirosbr/bigoilict/share/BigOil/document_generator/datasets/documents_2021_12_28/pai_2cols_20211228_152807_3691305354_600_800.png,pai_2cols_20211228_152807_3691305354_600_800_mask.png,"da  a  extensão  do  trabalho, a fim de ampliar o número de"
110,5,220,10,56,663,276,673,56,663,276,663,276,673,56,673,sub_line_text,text,text_1,raleway,regular,8,pai_2cols_20211228_152807_3691305354_600_800.png,/scratch/parceirosbr/bigoilict/share/BigOil/document_generator/datasets/documents_2021_12_28/pai_2cols_20211228_152807_3691305354_600_800.png,pai_2cols_20211228_152807_3691305354_600_800_mask.png,solventes  testados  com  dados  atuais. A presença de alta
110,5,220,10,56,678,276,688,56,678,276,678,276,688,56,688,sub_line_text,text,text_1,raleway,regular,8,pai_2cols_20211228_152807_3691305354_600_800.png,/scratch/parceirosbr/bigoilict/share/BigOil/document_generator/datasets/documents_2021_12_28/pai_2cols_20211228_152807_3691305354_600_800.png,pai_2cols_20211228_152807_3691305354_600_800_mask.png,concentração   de   ilita   justifica   a  sua  alta  concentração
106,5,212,10,56,693,268,703,56,693,268,693,268,703,56,703,sub_line_text,text,text_1,raleway,regular,8,pai_2cols_20211228_152807_3691305354_600_800.png,/scratch/parceirosbr/bigoilict/share/BigOil/document_generator/datasets/documents_2021_12_28/pai_2cols_20211228_152807_3691305354_600_800.png,pai_2cols_20211228_152807_3691305354_600_800_mask.png,"de potássio (K2O 3,40% p/p), a maior das sete argilas est."
110,35,220,70,56,633,276,703,56,633,276,633,276,703,56,703,text,text,text_1,raleway,regular,8,pai_2cols_20211228_152807_3691305354_600_800.png,/scratch/parceirosbr/bigoilict/share/BigOil/document_generator/datasets/documents_2021_12_28/pai_2cols_20211228_152807_3691305354_600_800.png,pai_2cols_20211228_152807_3691305354_600_800_mask.png,nan
95,5,190,10,86,710,276,720,86,710,276,710,276,720,86,720,sub_line_text,text,text_2,raleway,regular,8,pai_2cols_20211228_152807_3691305354_600_800.png,/scratch/parceirosbr/bigoilict/share/BigOil/document_generator/datasets/documents_2021_12_28/pai_2cols_20211228_152807_3691305354_600_800.png,pai_2cols_20211228_152807_3691305354_600_800_mask.png,Outra  característica  do é a baixa reatividade quím-
104,5,209,10,56,725,265,735,56,725,265,725,265,735,56,735,sub_line_text,text,text_2,raleway,regular,8,pai_2cols_20211228_152807_3691305354_600_800.png,/scratch/parceirosbr/bigoilict/share/BigOil/document_generator/datasets/documents_2021_12_28/pai_2cols_20211228_152807_3691305354_600_800.png,pai_2cols_20211228_152807_3691305354_600_800_mask.png,"ica, pois as regiões mais reativas de suas moléculas são."
110,12,220,25,56,710,276,735,56,710,276,710,276,735,56,735,text,text,text_2,raleway,regular,8,pai_2cols_20211228_152807_3691305354_600_800.png,/scratch/parceirosbr/bigoilict/share/BigOil/document_generator/datasets/documents_2021_12_28/pai_2cols_20211228_152807_3691305354_600_800.png,pai_2cols_20211228_152807_3691305354_600_800_mask.png,nan
68,6,136,13,348,99,484,112,348,99,484,99,484,112,348,112,sub_line_text,subtitle,subtitle_0,raleway,regular,11,pai_2cols_20211228_152807_3691305354_600_800.png,/scratch/parceirosbr/bigoilict/share/BigOil/document_generator/datasets/documents_2021_12_28/pai_2cols_20211228_152807_3691305354_600_800.png,pai_2cols_20211228_152807_3691305354_600_800_mask.png,"Ainda mais grave, criam-se"
68,6,136,13,348,99,484,112,348,99,484,99,484,112,348,112,title,subtitle,subtitle_0,raleway,regular,11,pai_2cols_20211228_152807_3691305354_600_800.png,/scratch/parceirosbr/bigoilict/share/BigOil/document_generator/datasets/documents_2021_12_28/pai_2cols_20211228_152807_3691305354_600_800.png,pai_2cols_20211228_152807_3691305354_600_800_mask.png,nan
111,50,223,100,305,121,528,221,305,121,528,121,528,221,305,221,list,list,list_1,raleway,raleway,8,pai_2cols_20211228_152807_3691305354_600_800.png,/scratch/parceirosbr/bigoilict/share/BigOil/document_generator/datasets/documents_2021_12_28/pai_2cols_20211228_152807_3691305354_600_800.png,pai_2cols_20211228_152807_3691305354_600_800_mask.png,
111,5,222,10,305,121,527,131,305,121,527,121,527,131,305,131,sub_line_text,list,list_1,raleway,regular,8,pai_2cols_20211228_152807_3691305354_600_800.png,/scratch/parceirosbr/bigoilict/share/BigOil/document_generator/datasets/documents_2021_12_28/pai_2cols_20211228_152807_3691305354_600_800.png,pai_2cols_20211228_152807_3691305354_600_800_mask.png,*  Pagamento   de   certo   valor   pelo  carro  entregue  para
107,5,215,10,312,136,527,146,312,136,527,136,527,146,312,146,sub_line_text,list,list_1,raleway,regular,8,pai_2cols_20211228_152807_3691305354_600_800.png,/scratch/parceirosbr/bigoilict/share/BigOil/document_generator/datasets/documents_2021_12_28/pai_2cols_20211228_152807_3691305354_600_800.png,pai_2cols_20211228_152807_3691305354_600_800_mask.png,"desmanche,    a    sua   substituição   é   uma   decisão   do"
35,5,71,10,312,151,383,161,312,151,383,151,383,161,312,161,sub_line_text,list,list_1,raleway,regular,8,pai_2cols_20211228_152807_3691305354_600_800.png,/scratch/parceirosbr/bigoilict/share/BigOil/document_generator/datasets/documents_2021_12_28/pai_2cols_20211228_152807_3691305354_600_800.png,pai_2cols_20211228_152807_3691305354_600_800_mask.png,consumidor. Para a
111,5,222,10,305,166,527,176,305,166,527,166,527,176,305,176,sub_line_text,list,list_1,raleway,regular,8,pai_2cols_20211228_152807_3691305354_600_800.png,/scratch/parceirosbr/bigoilict/share/BigOil/document_generator/datasets/documents_2021_12_28/pai_2cols_20211228_152807_3691305354_600_800.png,pai_2cols_20211228_152807_3691305354_600_800_mask.png,"*  In:  2,  n  258.  2015,  p.  32.  62  63  64  more information on"
21,5,42,10,312,181,354,191,312,181,354,181,354,191,312,191,sub_line_text,list,list_1,raleway,regular,8,pai_2cols_20211228_152807_3691305354_600_800.png,/scratch/parceirosbr/bigoilict/share/BigOil/document_generator/datasets/documents_2021_12_28/pai_2cols_20211228_152807_3691305354_600_800.png,pai_2cols_20211228_152807_3691305354_600_800_mask.png,research in
111,5,223,10,305,196,528,206,305,196,528,196,528,206,305,206,sub_line_text,list,list_1,raleway,regular,8,pai_2cols_20211228_152807_3691305354_600_800.png,/scratch/parceirosbr/bigoilict/share/BigOil/document_generator/datasets/documents_2021_12_28/pai_2cols_20211228_152807_3691305354_600_800.png,pai_2cols_20211228_152807_3691305354_600_800_mask.png,*  Esta     hipótese     é     suportada    pelo    crescimento    e
108,5,216,10,312,211,528,221,312,211,528,211,528,221,312,221,sub_line_text,list,list_1,raleway,regular,8,pai_2cols_20211228_152807_3691305354_600_800.png,/scratch/parceirosbr/bigoilict/share/BigOil/document_generator/datasets/documents_2021_12_28/pai_2cols_20211228_152807_3691305354_600_800.png,pai_2cols_20211228_152807_3691305354_600_800_mask.png,viabilidade  celular  terem  sido  mantidos  após o período
77,4,154,8,305,235,459,243,305,235,459,235,459,243,305,243,sub_line_text,table_legend,table_0,raleway,italic,7,pai_2cols_20211228_152807_3691305354_600_800.png,/scratch/parceirosbr/bigoilict/share/BigOil/document_generator/datasets/documents_2021_12_28/pai_2cols_20211228_152807_3691305354_600_800.png,pai_2cols_20211228_152807_3691305354_600_800_mask.png,"Tabela 20: In the next step, the total consumption"
77,4,154,8,305,235,459,243,305,235,459,235,459,243,305,243,text,table_legend,table_0,raleway,italic,7,pai_2cols_20211228_152807_3691305354_600_800.png,/scratch/parceirosbr/bigoilict/share/BigOil/document_generator/datasets/documents_2021_12_28/pai_2cols_20211228_152807_3691305354_600_800.png,pai_2cols_20211228_152807_3691305354_600_800_mask.png,nan
79,4,158,8,305,244,463,252,305,244,463,244,463,252,305,252,sub_line_text,table_legend,table_0,raleway,italic,7,pai_2cols_20211228_152807_3691305354_600_800.png,/scratch/parceirosbr/bigoilict/share/BigOil/document_generator/datasets/documents_2021_12_28/pai_2cols_20211228_152807_3691305354_600_800.png,pai_2cols_20211228_152807_3691305354_600_800_mask.png,Tabela 75: Other areas of interest are related to stu
79,4,158,8,305,244,463,252,305,244,463,244,463,252,305,252,text,table_legend,table_0,raleway,italic,7,pai_2cols_20211228_152807_3691305354_600_800.png,/scratch/parceirosbr/bigoilict/share/BigOil/document_generator/datasets/documents_2021_12_28/pai_2cols_20211228_152807_3691305354_600_800.png,pai_2cols_20211228_152807_3691305354_600_800_mask.png,nan
108,81,216,163,308,257,524,420,308,257,524,257,524,420,308,420,table,table_image,table_0,,,,pai_2cols_20211228_152807_3691305354_600_800.png,/scratch/parceirosbr/bigoilict/share/BigOil/document_generator/datasets/documents_2021_12_28/pai_2cols_20211228_152807_3691305354_600_800.png,pai_2cols_20211228_152807_3691305354_600_800_mask.png,output/gen_tab_20211228_152811_8463154288.png
4,4,9,9,361,259,370,268,361,259,370,259,370,268,361,268,text,table_text,table_0,opensans,bold,8.0,pai_2cols_20211228_152807_3691305354_600_800.png,/scratch/parceirosbr/bigoilict/share/BigOil/document_generator/datasets/documents_2021_12_28/pai_2cols_20211228_152807_3691305354_600_800.png,pai_2cols_20211228_152807_3691305354_600_800_mask.png,de
4,4,9,9,361,259,370,268,361,259,370,259,370,268,361,268,sub_line_text,table_text,table_0,opensans,bold,8.0,pai_2cols_20211228_152807_3691305354_600_800.png,/scratch/parceirosbr/bigoilict/share/BigOil/document_generator/datasets/documents_2021_12_28/pai_2cols_20211228_152807_3691305354_600_800.png,pai_2cols_20211228_152807_3691305354_600_800_mask.png,de
19,4,38,9,332,272,370,281,332,272,370,272,370,281,332,281,text,table_text,table_0,opensans,bold,8.0,pai_2cols_20211228_152807_3691305354_600_800.png,/scratch/parceirosbr/bigoilict/share/BigOil/document_generator/datasets/documents_2021_12_28/pai_2cols_20211228_152807_3691305354_600_800.png,pai_2cols_20211228_152807_3691305354_600_800_mask.png,72422518
19,4,38,9,332,272,370,281,332,272,370,272,370,281,332,281,sub_line_text,table_text,table_0,opensans,bold,8.0,pai_2cols_20211228_152807_3691305354_600_800.png,/scratch/parceirosbr/bigoilict/share/BigOil/document_generator/datasets/documents_2021_12_28/pai_2cols_20211228_152807_3691305354_600_800.png,pai_2cols_20211228_152807_3691305354_600_800_mask.png,72422518
16,4,33,9,337,285,370,294,337,285,370,285,370,294,337,294,text,table_text,table_0,opensans,bold,8.0,pai_2cols_20211228_152807_3691305354_600_800.png,/scratch/parceirosbr/bigoilict/share/BigOil/document_generator/datasets/documents_2021_12_28/pai_2cols_20211228_152807_3691305354_600_800.png,pai_2cols_20211228_152807_3691305354_600_800_mask.png,1992414
16,4,33,9,337,285,370,294,337,285,370,285,370,294,337,294,sub_line_text,table_text,table_0,opensans,bold,8.0,pai_2cols_20211228_152807_3691305354_600_800.png,/scratch/parceirosbr/bigoilict/share/BigOil/document_generator/datasets/documents_2021_12_28/pai_2cols_20211228_152807_3691305354_600_800.png,pai_2cols_20211228_152807_3691305354_600_800_mask.png,1992414
21,4,43,9,327,297,370,306,327,297,370,297,370,306,327,306,text,table_text,table_0,opensans,bold,8.0,pai_2cols_20211228_152807_3691305354_600_800.png,/scratch/parceirosbr/bigoilict/share/BigOil/document_generator/datasets/documents_2021_12_28/pai_2cols_20211228_152807_3691305354_600_800.png,pai_2cols_20211228_152807_3691305354_600_800_mask.png,951238820
21,4,43,9,327,297,370,306,327,297,370,297,370,306,327,306,sub_line_text,table_text,table_0,opensans,bold,8.0,pai_2cols_20211228_152807_3691305354_600_800.png,/scratch/parceirosbr/bigoilict/share/BigOil/document_generator/datasets/documents_2021_12_28/pai_2cols_20211228_152807_3691305354_600_800.png,pai_2cols_20211228_152807_3691305354_600_800_mask.png,951238820
16,4,33,9,337,310,370,319,337,310,370,310,370,319,337,319,text,table_text,table_0,opensans,bold,8.0,pai_2cols_20211228_152807_3691305354_600_800.png,/scratch/parceirosbr/bigoilict/share/BigOil/document_generator/datasets/documents_2021_12_28/pai_2cols_20211228_152807_3691305354_600_800.png,pai_2cols_20211228_152807_3691305354_600_800_mask.png,5081509
16,4,33,9,337,310,370,319,337,310,370,310,370,319,337,319,sub_line_text,table_text,table_0,opensans,bold,8.0,pai_2cols_20211228_152807_3691305354_600_800.png,/scratch/parceirosbr/bigoilict/share/BigOil/document_generator/datasets/documents_2021_12_28/pai_2cols_20211228_152807_3691305354_600_800.png,pai_2cols_20211228_152807_3691305354_600_800_mask.png,5081509
16,4,33,9,337,322,370,331,337,322,370,322,370,331,337,331,text,table_text,table_0,opensans,bold,8.0,pai_2cols_20211228_152807_3691305354_600_800.png,/scratch/parceirosbr/bigoilict/share/BigOil/document_generator/datasets/documents_2021_12_28/pai_2cols_20211228_152807_3691305354_600_800.png,pai_2cols_20211228_152807_3691305354_600_800_mask.png,6574648
16,4,33,9,337,322,370,331,337,322,370,322,370,331,337,331,sub_line_text,table_text,table_0,opensans,bold,8.0,pai_2cols_20211228_152807_3691305354_600_800.png,/scratch/parceirosbr/bigoilict/share/BigOil/document_generator/datasets/documents_2021_12_28/pai_2cols_20211228_152807_3691305354_600_800.png,pai_2cols_20211228_152807_3691305354_600_800_mask.png,6574648
19,4,38,9,332,335,370,344,332,335,370,335,370,344,332,344,text,table_text,table_0,opensans,bold,8.0,pai_2cols_20211228_152807_3691305354_600_800.png,/scratch/parceirosbr/bigoilict/share/BigOil/document_generator/datasets/documents_2021_12_28/pai_2cols_20211228_152807_3691305354_600_800.png,pai_2cols_20211228_152807_3691305354_600_800_mask.png,34040323
19,4,38,9,332,335,370,344,332,335,370,335,370,344,332,344,sub_line_text,table_text,table_0,opensans,bold,8.0,pai_2cols_20211228_152807_3691305354_600_800.png,/scratch/parceirosbr/bigoilict/share/BigOil/document_generator/datasets/documents_2021_12_28/pai_2cols_20211228_152807_3691305354_600_800.png,pai_2cols_20211228_152807_3691305354_600_800_mask.png,34040323
16,4,33,9,337,348,370,357,337,348,370,348,370,357,337,357,text,table_text,table_0,opensans,bold,8.0,pai_2cols_20211228_152807_3691305354_600_800.png,/scratch/parceirosbr/bigoilict/share/BigOil/document_generator/datasets/documents_2021_12_28/pai_2cols_20211228_152807_3691305354_600_800.png,pai_2cols_20211228_152807_3691305354_600_800_mask.png,2208013
16,4,33,9,337,348,370,357,337,348,370,348,370,357,337,357,sub_line_text,table_text,table_0,opensans,bold,8.0,pai_2cols_20211228_152807_3691305354_600_800.png,/scratch/parceirosbr/bigoilict/share/BigOil/document_generator/datasets/documents_2021_12_28/pai_2cols_20211228_152807_3691305354_600_800.png,pai_2cols_20211228_152807_3691305354_600_800_mask.png,2208013
19,4,38,9,332,360,370,369,332,360,370,360,370,369,332,369,text,table_text,table_0,opensans,bold,8.0,pai_2cols_20211228_152807_3691305354_600_800.png,/scratch/parceirosbr/bigoilict/share/BigOil/document_generator/datasets/documents_2021_12_28/pai_2cols_20211228_152807_3691305354_600_800.png,pai_2cols_20211228_152807_3691305354_600_800_mask.png,93944479
19,4,38,9,332,360,370,369,332,360,370,360,370,369,332,369,sub_line_text,table_text,table_0,opensans,bold,8.0,pai_2cols_20211228_152807_3691305354_600_800.png,/scratch/parceirosbr/bigoilict/share/BigOil/document_generator/datasets/documents_2021_12_28/pai_2cols_20211228_152807_3691305354_600_800.png,pai_2cols_20211228_152807_3691305354_600_800_mask.png,93944479
21,4,43,9,327,373,370,382,327,373,370,373,370,382,327,382,text,table_text,table_0,opensans,bold,8.0,pai_2cols_20211228_152807_3691305354_600_800.png,/scratch/parceirosbr/bigoilict/share/BigOil/document_generator/datasets/documents_2021_12_28/pai_2cols_20211228_152807_3691305354_600_800.png,pai_2cols_20211228_152807_3691305354_600_800_mask.png,998160932
21,4,43,9,327,373,370,382,327,373,370,373,370,382,327,382,sub_line_text,table_text,table_0,opensans,bold,8.0,pai_2cols_20211228_152807_3691305354_600_800.png,/scratch/parceirosbr/bigoilict/share/BigOil/document_generator/datasets/documents_2021_12_28/pai_2cols_20211228_152807_3691305354_600_800.png,pai_2cols_20211228_152807_3691305354_600_800_mask.png,998160932
21,4,43,9,327,386,370,395,327,386,370,386,370,395,327,395,text,table_text,table_0,opensans,bold,8.0,pai_2cols_20211228_152807_3691305354_600_800.png,/scratch/parceirosbr/bigoilict/share/BigOil/document_generator/datasets/documents_2021_12_28/pai_2cols_20211228_152807_3691305354_600_800.png,pai_2cols_20211228_152807_3691305354_600_800_mask.png,906017235
21,4,43,9,327,386,370,395,327,386,370,386,370,395,327,395,sub_line_text,table_text,table_0,opensans,bold,8.0,pai_2cols_20211228_152807_3691305354_600_800.png,/scratch/parceirosbr/bigoilict/share/BigOil/document_generator/datasets/documents_2021_12_28/pai_2cols_20211228_152807_3691305354_600_800.png,pai_2cols_20211228_152807_3691305354_600_800_mask.png,906017235
21,4,43,9,327,398,370,407,327,398,370,398,370,407,327,407,text,table_text,table_0,opensans,regular,8.0,pai_2cols_20211228_152807_3691305354_600_800.png,/scratch/parceirosbr/bigoilict/share/BigOil/document_generator/datasets/documents_2021_12_28/pai_2cols_20211228_152807_3691305354_600_800.png,pai_2cols_20211228_152807_3691305354_600_800_mask.png,508413359
21,4,43,9,327,398,370,407,327,398,370,398,370,407,327,407,sub_line_text,table_text,table_0,opensans,regular,8.0,pai_2cols_20211228_152807_3691305354_600_800.png,/scratch/parceirosbr/bigoilict/share/BigOil/document_generator/datasets/documents_2021_12_28/pai_2cols_20211228_152807_3691305354_600_800.png,pai_2cols_20211228_152807_3691305354_600_800_mask.png,508413359
17,4,34,9,394,259,428,268,394,259,428,259,428,268,394,268,text,table_text,table_0,opensans,bold,8.0,pai_2cols_20211228_152807_3691305354_600_800.png,/scratch/parceirosbr/bigoilict/share/BigOil/document_generator/datasets/documents_2021_12_28/pai_2cols_20211228_152807_3691305354_600_800.png,pai_2cols_20211228_152807_3691305354_600_800_mask.png,consumo
17,4,34,9,394,259,428,268,394,259,428,259,428,268,394,268,sub_line_text,table_text,table_0,opensans,bold,8.0,pai_2cols_20211228_152807_3691305354_600_800.png,/scratch/parceirosbr/bigoilict/share/BigOil/document_generator/datasets/documents_2021_12_28/pai_2cols_20211228_152807_3691305354_600_800.png,pai_2cols_20211228_152807_3691305354_600_800_mask.png,consumo
10,4,21,9,407,272,428,281,407,272,428,272,428,281,407,281,text,table_text,table_0,opensans,bold,8.0,pai_2cols_20211228_152807_3691305354_600_800.png,/scratch/parceirosbr/bigoilict/share/BigOil/document_generator/datasets/documents_2021_12_28/pai_2cols_20211228_152807_3691305354_600_800.png,pai_2cols_20211228_152807_3691305354_600_800_mask.png,4.792
10,4,21,9,407,272,428,281,407,272,428,272,428,281,407,281,sub_line_text,table_text,table_0,opensans,bold,8.0,pai_2cols_20211228_152807_3691305354_600_800.png,/scratch/parceirosbr/bigoilict/share/BigOil/document_generator/datasets/documents_2021_12_28/pai_2cols_20211228_152807_3691305354_600_800.png,pai_2cols_20211228_152807_3691305354_600_800_mask.png,4.792
17,4,35,9,393,285,428,294,393,285,428,285,428,294,393,294,text,table_text,table_0,opensans,bold,8.0,pai_2cols_20211228_152807_3691305354_600_800.png,/scratch/parceirosbr/bigoilict/share/BigOil/document_generator/datasets/documents_2021_12_28/pai_2cols_20211228_152807_3691305354_600_800.png,pai_2cols_20211228_152807_3691305354_600_800_mask.png,3645.654
17,4,35,9,393,285,428,294,393,285,428,285,428,294,393,294,sub_line_text,table_text,table_0,opensans,bold,8.0,pai_2cols_20211228_152807_3691305354_600_800.png,/scratch/parceirosbr/bigoilict/share/BigOil/document_generator/datasets/documents_2021_12_28/pai_2cols_20211228_152807_3691305354_600_800.png,pai_2cols_20211228_152807_3691305354_600_800_mask.png,3645.654
20,4,40,9,388,297,428,306,388,297,428,297,428,306,388,306,text,table_text,table_0,opensans,bold,8.0,pai_2cols_20211228_152807_3691305354_600_800.png,/scratch/parceirosbr/bigoilict/share/BigOil/document_generator/datasets/documents_2021_12_28/pai_2cols_20211228_152807_3691305354_600_800.png,pai_2cols_20211228_152807_3691305354_600_800_mask.png,69462.215
20,4,40,9,388,297,428,306,388,297,428,297,428,306,388,306,sub_line_text,table_text,table_0,opensans,bold,8.0,pai_2cols_20211228_152807_3691305354_600_800.png,/scratch/parceirosbr/bigoilict/share/BigOil/document_generator/datasets/documents_2021_12_28/pai_2cols_20211228_152807_3691305354_600_800.png,pai_2cols_20211228_152807_3691305354_600_800_mask.png,69462.215
15,4,30,9,398,310,428,319,398,310,428,310,428,319,398,319,text,table_text,table_0,opensans,bold,8.0,pai_2cols_20211228_152807_3691305354_600_800.png,/scratch/parceirosbr/bigoilict/share/BigOil/document_generator/datasets/documents_2021_12_28/pai_2cols_20211228_152807_3691305354_600_800.png,pai_2cols_20211228_152807_3691305354_600_800_mask.png,554.389
15,4,30,9,398,310,428,319,398,310,428,310,428,319,398,319,sub_line_text,table_text,table_0,opensans,bold,8.0,pai_2cols_20211228_152807_3691305354_600_800.png,/scratch/parceirosbr/bigoilict/share/BigOil/document_generator/datasets/documents_2021_12_28/pai_2cols_20211228_152807_3691305354_600_800.png,pai_2cols_20211228_152807_3691305354_600_800_mask.png,554.389
15,4,30,9,398,322,428,331,398,322,428,322,428,331,398,331,text,table_text,table_0,opensans,bold,8.0,pai_2cols_20211228_152807_3691305354_600_800.png,/scratch/parceirosbr/bigoilict/share/BigOil/document_generator/datasets/documents_2021_12_28/pai_2cols_20211228_152807_3691305354_600_800.png,pai_2cols_20211228_152807_3691305354_600_800_mask.png,990.437
15,4,30,9,398,322,428,331,398,322,428,322,428,331,398,331,sub_line_text,table_text,table_0,opensans,bold,8.0,pai_2cols_20211228_152807_3691305354_600_800.png,/scratch/parceirosbr/bigoilict/share/BigOil/document_generator/datasets/documents_2021_12_28/pai_2cols_20211228_152807_3691305354_600_800.png,pai_2cols_20211228_152807_3691305354_600_800_mask.png,990.437
13,4,26,9,402,335,428,344,402,335,428,335,428,344,402,344,text,table_text,table_0,opensans,bold,8.0,pai_2cols_20211228_152807_3691305354_600_800.png,/scratch/parceirosbr/bigoilict/share/BigOil/document_generator/datasets/documents_2021_12_28/pai_2cols_20211228_152807_3691305354_600_800.png,pai_2cols_20211228_152807_3691305354_600_800_mask.png,67.116
13,4,26,9,402,335,428,344,402,335,428,335,428,344,402,344,sub_line_text,table_text,table_0,opensans,bold,8.0,pai_2cols_20211228_152807_3691305354_600_800.png,/scratch/parceirosbr/bigoilict/share/BigOil/document_generator/datasets/documents_2021_12_28/pai_2cols_20211228_152807_3691305354_600_800.png,pai_2cols_20211228_152807_3691305354_600_800_mask.png,67.116
20,4,40,9,388,348,428,357,388,348,428,348,428,357,388,357,text,table_text,table_0,opensans,bold,8.0,pai_2cols_20211228_152807_3691305354_600_800.png,/scratch/parceirosbr/bigoilict/share/BigOil/document_generator/datasets/documents_2021_12_28/pai_2cols_20211228_152807_3691305354_600_800.png,pai_2cols_20211228_152807_3691305354_600_800_mask.png,56142.997
20,4,40,9,388,348,428,357,388,348,428,348,428,357,388,357,sub_line_text,table_text,table_0,opensans,bold,8.0,pai_2cols_20211228_152807_3691305354_600_800.png,/scratch/parceirosbr/bigoilict/share/BigOil/document_generator/datasets/documents_2021_12_28/pai_2cols_20211228_152807_3691305354_600_800.png,pai_2cols_20211228_152807_3691305354_600_800_mask.png,56142.997
17,4,35,9,393,360,428,369,393,360,428,360,428,369,393,369,text,table_text,table_0,opensans,bold,8.0,pai_2cols_20211228_152807_3691305354_600_800.png,/scratch/parceirosbr/bigoilict/share/BigOil/document_generator/datasets/documents_2021_12_28/pai_2cols_20211228_152807_3691305354_600_800.png,pai_2cols_20211228_152807_3691305354_600_800_mask.png,7499.351
17,4,35,9,393,360,428,369,393,360,428,360,428,369,393,369,sub_line_text,table_text,table_0,opensans,bold,8.0,pai_2cols_20211228_152807_3691305354_600_800.png,/scratch/parceirosbr/bigoilict/share/BigOil/document_generator/datasets/documents_2021_12_28/pai_2cols_20211228_152807_3691305354_600_800.png,pai_2cols_20211228_152807_3691305354_600_800_mask.png,7499.351
20,4,40,9,388,373,428,382,388,373,428,373,428,382,388,382,text,table_text,table_0,opensans,bold,8.0,pai_2cols_20211228_152807_3691305354_600_800.png,/scratch/parceirosbr/bigoilict/share/BigOil/document_generator/datasets/documents_2021_12_28/pai_2cols_20211228_152807_3691305354_600_800.png,pai_2cols_20211228_152807_3691305354_600_800_mask.png,62688.555
20,4,40,9,388,373,428,382,388,373,428,373,428,382,388,382,sub_line_text,table_text,table_0,opensans,bold,8.0,pai_2cols_20211228_152807_3691305354_600_800.png,/scratch/parceirosbr/bigoilict/share/BigOil/document_generator/datasets/documents_2021_12_28/pai_2cols_20211228_152807_3691305354_600_800.png,pai_2cols_20211228_152807_3691305354_600_800_mask.png,62688.555
15,4,30,9,398,386,428,395,398,386,428,386,428,395,398,395,text,table_text,table_0,opensans,bold,8.0,pai_2cols_20211228_152807_3691305354_600_800.png,/scratch/parceirosbr/bigoilict/share/BigOil/document_generator/datasets/documents_2021_12_28/pai_2cols_20211228_152807_3691305354_600_800.png,pai_2cols_20211228_152807_3691305354_600_800_mask.png,709.573
15,4,30,9,398,386,428,395,398,386,428,386,428,395,398,395,sub_line_text,table_text,table_0,opensans,bold,8.0,pai_2cols_20211228_152807_3691305354_600_800.png,/scratch/parceirosbr/bigoilict/share/BigOil/document_generator/datasets/documents_2021_12_28/pai_2cols_20211228_152807_3691305354_600_800.png,pai_2cols_20211228_152807_3691305354_600_800_mask.png,709.573
15,4,30,9,398,398,428,407,398,398,428,398,428,407,398,407,text,table_text,table_0,opensans,regular,8.0,pai_2cols_20211228_152807_3691305354_600_800.png,/scratch/parceirosbr/bigoilict/share/BigOil/document_generator/datasets/documents_2021_12_28/pai_2cols_20211228_152807_3691305354_600_800.png,pai_2cols_20211228_152807_3691305354_600_800_mask.png,280.324
15,4,30,9,398,398,428,407,398,398,428,398,428,407,398,407,sub_line_text,table_text,table_0,opensans,regular,8.0,pai_2cols_20211228_152807_3691305354_600_800.png,/scratch/parceirosbr/bigoilict/share/BigOil/document_generator/datasets/documents_2021_12_28/pai_2cols_20211228_152807_3691305354_600_800.png,pai_2cols_20211228_152807_3691305354_600_800_mask.png,280.324
25,4,50,9,470,259,520,268,470,259,520,259,520,268,470,268,text,table_text,table_0,opensans,bold,8.0,pai_2cols_20211228_152807_3691305354_600_800.png,/scratch/parceirosbr/bigoilict/share/BigOil/document_generator/datasets/documents_2021_12_28/pai_2cols_20211228_152807_3691305354_600_800.png,pai_2cols_20211228_152807_3691305354_600_800_mask.png,concorrência
25,4,50,9,470,259,520,268,470,259,520,259,520,268,470,268,sub_line_text,table_text,table_0,opensans,bold,8.0,pai_2cols_20211228_152807_3691305354_600_800.png,/scratch/parceirosbr/bigoilict/share/BigOil/document_generator/datasets/documents_2021_12_28/pai_2cols_20211228_152807_3691305354_600_800.png,pai_2cols_20211228_152807_3691305354_600_800_mask.png,concorrência
32,4,64,9,456,272,520,281,456,272,520,272,520,281,456,281,text,table_text,table_0,opensans,bold,8.0,pai_2cols_20211228_152807_3691305354_600_800.png,/scratch/parceirosbr/bigoilict/share/BigOil/document_generator/datasets/documents_2021_12_28/pai_2cols_20211228_152807_3691305354_600_800.png,pai_2cols_20211228_152807_3691305354_600_800_mask.png,8505535052.292
32,4,64,9,456,272,520,281,456,272,520,272,520,281,456,281,sub_line_text,table_text,table_0,opensans,bold,8.0,pai_2cols_20211228_152807_3691305354_600_800.png,/scratch/parceirosbr/bigoilict/share/BigOil/document_generator/datasets/documents_2021_12_28/pai_2cols_20211228_152807_3691305354_600_800.png,pai_2cols_20211228_152807_3691305354_600_800_mask.png,8505535052.292
32,4,64,9,456,285,520,294,456,285,520,285,520,294,456,294,text,table_text,table_0,opensans,bold,8.0,pai_2cols_20211228_152807_3691305354_600_800.png,/scratch/parceirosbr/bigoilict/share/BigOil/document_generator/datasets/documents_2021_12_28/pai_2cols_20211228_152807_3691305354_600_800.png,pai_2cols_20211228_152807_3691305354_600_800_mask.png,3268729185.201
32,4,64,9,456,285,520,294,456,285,520,285,520,294,456,294,sub_line_text,table_text,table_0,opensans,bold,8.0,pai_2cols_20211228_152807_3691305354_600_800.png,/scratch/parceirosbr/bigoilict/share/BigOil/document_generator/datasets/documents_2021_12_28/pai_2cols_20211228_152807_3691305354_600_800.png,pai_2cols_20211228_152807_3691305354_600_800_mask.png,3268729185.201
30,4,60,9,461,297,521,306,461,297,521,297,521,306,461,306,text,table_text,table_0,opensans,bold,8.0,pai_2cols_20211228_152807_3691305354_600_800.png,/scratch/parceirosbr/bigoilict/share/BigOil/document_generator/datasets/documents_2021_12_28/pai_2cols_20211228_152807_3691305354_600_800.png,pai_2cols_20211228_152807_3691305354_600_800_mask.png,492675359.162
30,4,60,9,461,297,521,306,461,297,521,297,521,306,461,306,sub_line_text,table_text,table_0,opensans,bold,8.0,pai_2cols_20211228_152807_3691305354_600_800.png,/scratch/parceirosbr/bigoilict/share/BigOil/document_generator/datasets/documents_2021_12_28/pai_2cols_20211228_152807_3691305354_600_800.png,pai_2cols_20211228_152807_3691305354_600_800_mask.png,492675359.162
30,4,60,9,461,310,521,319,461,310,521,310,521,319,461,319,text,table_text,table_0,opensans,bold,8.0,pai_2cols_20211228_152807_3691305354_600_800.png,/scratch/parceirosbr/bigoilict/share/BigOil/document_generator/datasets/documents_2021_12_28/pai_2cols_20211228_152807_3691305354_600_800.png,pai_2cols_20211228_152807_3691305354_600_800_mask.png,410354508.222
30,4,60,9,461,310,521,319,461,310,521,310,521,319,461,319,sub_line_text,table_text,table_0,opensans,bold,8.0,pai_2cols_20211228_152807_3691305354_600_800.png,/scratch/parceirosbr/bigoilict/share/BigOil/document_generator/datasets/documents_2021_12_28/pai_2cols_20211228_152807_3691305354_600_800.png,pai_2cols_20211228_152807_3691305354_600_800_mask.png,410354508.222
30,4,60,9,461,322,521,331,461,322,521,322,521,331,461,331,text,table_text,table_0,opensans,bold,8.0,pai_2cols_20211228_152807_3691305354_600_800.png,/scratch/parceirosbr/bigoilict/share/BigOil/document_generator/datasets/documents_2021_12_28/pai_2cols_20211228_152807_3691305354_600_800.png,pai_2cols_20211228_152807_3691305354_600_800_mask.png,827205810.757
30,4,60,9,461,322,521,331,461,322,521,322,521,331,461,331,sub_line_text,table_text,table_0,opensans,bold,8.0,pai_2cols_20211228_152807_3691305354_600_800.png,/scratch/parceirosbr/bigoilict/share/BigOil/document_generator/datasets/documents_2021_12_28/pai_2cols_20211228_152807_3691305354_600_800.png,pai_2cols_20211228_152807_3691305354_600_800_mask.png,827205810.757
27,4,55,9,465,335,520,344,465,335,520,335,520,344,465,344,text,table_text,table_0,opensans,bold,8.0,pai_2cols_20211228_152807_3691305354_600_800.png,/scratch/parceirosbr/bigoilict/share/BigOil/document_generator/datasets/documents_2021_12_28/pai_2cols_20211228_152807_3691305354_600_800.png,pai_2cols_20211228_152807_3691305354_600_800_mask.png,31900588.277
27,4,55,9,465,335,520,344,465,335,520,335,520,344,465,344,sub_line_text,table_text,table_0,opensans,bold,8.0,pai_2cols_20211228_152807_3691305354_600_800.png,/scratch/parceirosbr/bigoilict/share/BigOil/document_generator/datasets/documents_2021_12_28/pai_2cols_20211228_152807_3691305354_600_800.png,pai_2cols_20211228_152807_3691305354_600_800_mask.png,31900588.277
32,4,64,9,456,348,520,357,456,348,520,348,520,357,456,357,text,table_text,table_0,opensans,bold,8.0,pai_2cols_20211228_152807_3691305354_600_800.png,/scratch/parceirosbr/bigoilict/share/BigOil/document_generator/datasets/documents_2021_12_28/pai_2cols_20211228_152807_3691305354_600_800.png,pai_2cols_20211228_152807_3691305354_600_800_mask.png,1831402296.037
32,4,64,9,456,348,520,357,456,348,520,348,520,357,456,357,sub_line_text,table_text,table_0,opensans,bold,8.0,pai_2cols_20211228_152807_3691305354_600_800.png,/scratch/parceirosbr/bigoilict/share/BigOil/document_generator/datasets/documents_2021_12_28/pai_2cols_20211228_152807_3691305354_600_800.png,pai_2cols_20211228_152807_3691305354_600_800_mask.png,1831402296.037
30,4,60,9,461,360,521,369,461,360,521,360,521,369,461,369,text,table_text,table_0,opensans,bold,8.0,pai_2cols_20211228_152807_3691305354_600_800.png,/scratch/parceirosbr/bigoilict/share/BigOil/document_generator/datasets/documents_2021_12_28/pai_2cols_20211228_152807_3691305354_600_800.png,pai_2cols_20211228_152807_3691305354_600_800_mask.png,152724712.788
30,4,60,9,461,360,521,369,461,360,521,360,521,369,461,369,sub_line_text,table_text,table_0,opensans,bold,8.0,pai_2cols_20211228_152807_3691305354_600_800.png,/scratch/parceirosbr/bigoilict/share/BigOil/document_generator/datasets/documents_2021_12_28/pai_2cols_20211228_152807_3691305354_600_800.png,pai_2cols_20211228_152807_3691305354_600_800_mask.png,152724712.788
30,4,60,9,461,373,521,382,461,373,521,373,521,382,461,382,text,table_text,table_0,opensans,bold,8.0,pai_2cols_20211228_152807_3691305354_600_800.png,/scratch/parceirosbr/bigoilict/share/BigOil/document_generator/datasets/documents_2021_12_28/pai_2cols_20211228_152807_3691305354_600_800.png,pai_2cols_20211228_152807_3691305354_600_800_mask.png,389850718.639
30,4,60,9,461,373,521,382,461,373,521,373,521,382,461,382,sub_line_text,table_text,table_0,opensans,bold,8.0,pai_2cols_20211228_152807_3691305354_600_800.png,/scratch/parceirosbr/bigoilict/share/BigOil/document_generator/datasets/documents_2021_12_28/pai_2cols_20211228_152807_3691305354_600_800.png,pai_2cols_20211228_152807_3691305354_600_800_mask.png,389850718.639
32,4,64,9,456,386,520,395,456,386,520,386,520,395,456,395,text,table_text,table_0,opensans,bold,8.0,pai_2cols_20211228_152807_3691305354_600_800.png,/scratch/parceirosbr/bigoilict/share/BigOil/document_generator/datasets/documents_2021_12_28/pai_2cols_20211228_152807_3691305354_600_800.png,pai_2cols_20211228_152807_3691305354_600_800_mask.png,2427831825.161
32,4,64,9,456,386,520,395,456,386,520,386,520,395,456,395,sub_line_text,table_text,table_0,opensans,bold,8.0,pai_2cols_20211228_152807_3691305354_600_800.png,/scratch/parceirosbr/bigoilict/share/BigOil/document_generator/datasets/documents_2021_12_28/pai_2cols_20211228_152807_3691305354_600_800.png,pai_2cols_20211228_152807_3691305354_600_800_mask.png,2427831825.161
27,4,55,9,465,398,520,407,465,398,520,398,520,407,465,407,text,table_text,table_0,opensans,regular,8.0,pai_2cols_20211228_152807_3691305354_600_800.png,/scratch/parceirosbr/bigoilict/share/BigOil/document_generator/datasets/documents_2021_12_28/pai_2cols_20211228_152807_3691305354_600_800.png,pai_2cols_20211228_152807_3691305354_600_800_mask.png,29206859.649
27,4,55,9,465,398,520,407,465,398,520,398,520,407,465,407,sub_line_text,table_text,table_0,opensans,regular,8.0,pai_2cols_20211228_152807_3691305354_600_800.png,/scratch/parceirosbr/bigoilict/share/BigOil/document_generator/datasets/documents_2021_12_28/pai_2cols_20211228_152807_3691305354_600_800.png,pai_2cols_20211228_152807_3691305354_600_800_mask.png,29206859.649
95,5,190,10,335,427,525,437,335,427,525,427,525,437,335,437,sub_line_text,text,text_3,raleway,regular,8,pai_2cols_20211228_152807_3691305354_600_800.png,/scratch/parceirosbr/bigoilict/share/BigOil/document_generator/datasets/documents_2021_12_28/pai_2cols_20211228_152807_3691305354_600_800.png,pai_2cols_20211228_152807_3691305354_600_800_mask.png,"Aponta-se,  por  conseguinte,  para  a necessidade"
110,5,220,10,305,442,525,452,305,442,525,442,525,452,305,452,sub_line_text,text,text_3,raleway,regular,8,pai_2cols_20211228_152807_3691305354_600_800.png,/scratch/parceirosbr/bigoilict/share/BigOil/document_generator/datasets/documents_2021_12_28/pai_2cols_20211228_152807_3691305354_600_800.png,pai_2cols_20211228_152807_3691305354_600_800_mask.png,de  adequação  dos  instrumentos  delegatários do quanto
110,5,220,10,305,457,525,467,305,457,525,457,525,467,305,467,sub_line_text,text,text_3,raleway,regular,8,pai_2cols_20211228_152807_3691305354_600_800.png,/scratch/parceirosbr/bigoilict/share/BigOil/document_generator/datasets/documents_2021_12_28/pai_2cols_20211228_152807_3691305354_600_800.png,pai_2cols_20211228_152807_3691305354_600_800_mask.png,"ao  tema  em voga, a fim de que as signatárias destes suje-"
109,5,219,10,305,472,524,482,305,472,524,472,524,482,305,482,sub_line_text,text,text_3,raleway,regular,8,pai_2cols_20211228_152807_3691305354_600_800.png,/scratch/parceirosbr/bigoilict/share/BigOil/document_generator/datasets/documents_2021_12_28/pai_2cols_20211228_152807_3691305354_600_800.png,pai_2cols_20211228_152807_3691305354_600_800_mask.png,item-se  a  metas  rigorosas  de investimentos em troca da
110,5,220,10,305,487,525,497,305,487,525,487,525,497,305,497,sub_line_text,text,text_3,raleway,regular,8,pai_2cols_20211228_152807_3691305354_600_800.png,/scratch/parceirosbr/bigoilict/share/BigOil/document_generator/datasets/documents_2021_12_28/pai_2cols_20211228_152807_3691305354_600_800.png,pai_2cols_20211228_152807_3691305354_600_800_mask.png,"exclusividade   na   prestação   do  serviço  de  distribuição,"
109,5,219,10,305,502,524,512,305,502,524,502,524,512,305,512,sub_line_text,text,text_3,raleway,regular,8,pai_2cols_20211228_152807_3691305354_600_800.png,/scratch/parceirosbr/bigoilict/share/BigOil/document_generator/datasets/documents_2021_12_28/pai_2cols_20211228_152807_3691305354_600_800.png,pai_2cols_20211228_152807_3691305354_600_800_mask.png,"por  longos  prazos.  24. tt 30 onde q ,q qM são os mesmos"
109,5,219,10,305,517,524,527,305,517,524,517,524,527,305,527,sub_line_text,text,text_3,raleway,regular,8,pai_2cols_20211228_152807_3691305354_600_800.png,/scratch/parceirosbr/bigoilict/share/BigOil/document_generator/datasets/documents_2021_12_28/pai_2cols_20211228_152807_3691305354_600_800.png,pai_2cols_20211228_152807_3691305354_600_800_mask.png,"termos  apresentados  na, p é a pressão estática, pqRé a f-"
105,5,210,10,305,532,515,542,305,532,515,532,515,542,305,542,sub_line_text,text,text_3,raleway,regular,8,pai_2cols_20211228_152807_3691305354_600_800.png,/scratch/parceirosbr/bigoilict/share/BigOil/document_generator/datasets/documents_2021_12_28/pai_2cols_20211228_152807_3691305354_600_800.png,pai_2cols_20211228_152807_3691305354_600_800_mask.png,orça exercida da fase p sobre a fase q pqmé a transferê.
110,57,220,115,305,427,525,542,305,427,525,427,525,542,305,542,text,text,text_3,raleway,regular,8,pai_2cols_20211228_152807_3691305354_600_800.png,/scratch/parceirosbr/bigoilict/share/BigOil/document_generator/datasets/documents_2021_12_28/pai_2cols_20211228_152807_3691305354_600_800.png,pai_2cols_20211228_152807_3691305354_600_800_mask.png,nan
94,5,189,10,335,549,524,559,335,549,524,549,524,559,335,559,sub_line_text,text,text_4,raleway,regular,8,pai_2cols_20211228_152807_3691305354_600_800.png,/scratch/parceirosbr/bigoilict/share/BigOil/document_generator/datasets/documents_2021_12_28/pai_2cols_20211228_152807_3691305354_600_800.png,pai_2cols_20211228_152807_3691305354_600_800_mask.png,Has  been  appointed  by the to lead a study to pr-
110,5,220,10,305,564,525,574,305,564,525,564,525,574,305,574,sub_line_text,text,text_4,raleway,regular,8,pai_2cols_20211228_152807_3691305354_600_800.png,/scratch/parceirosbr/bigoilict/share/BigOil/document_generator/datasets/documents_2021_12_28/pai_2cols_20211228_152807_3691305354_600_800.png,pai_2cols_20211228_152807_3691305354_600_800_mask.png,ovide  an  independent  review  of  the risks to the enviro-
109,5,219,10,305,579,524,589,305,579,524,579,524,589,305,589,sub_line_text,text,text_4,raleway,regular,8,pai_2cols_20211228_152807_3691305354_600_800.png,/scratch/parceirosbr/bigoilict/share/BigOil/document_generator/datasets/documents_2021_12_28/pai_2cols_20211228_152807_3691305354_600_800.png,pai_2cols_20211228_152807_3691305354_600_800_mask.png,nment  and  human  health of shale gas exploration and p-
110,5,220,10,305,594,525,604,305,594,525,594,525,604,305,604,sub_line_text,text,text_4,raleway,regular,8,pai_2cols_20211228_152807_3691305354_600_800.png,/scratch/parceirosbr/bigoilict/share/BigOil/document_generator/datasets/documents_2021_12_28/pai_2cols_20211228_152807_3691305354_600_800.png,pai_2cols_20211228_152807_3691305354_600_800_mask.png,roduction  and  the  approaches to managing these risks t-
105,5,210,10,305,609,515,619,305,609,515,609,515,619,305,619,sub_line_text,text,text_4,raleway,regular,8,pai_2cols_20211228_152807_3691305354_600_800.png,/scratch/parceirosbr/bigoilict/share/BigOil/document_generator/datasets/documents_2021_12_28/pai_2cols_20211228_152807_3691305354_600_800.png,pai_2cols_20211228_152807_3691305354_600_800_mask.png,hrough regulatory frameworks in the and in order to pr.
110,35,220,70,305,549,525,619,305,549,525,549,525,619,305,619,text,text,text_4,raleway,regular,8,pai_2cols_20211228_152807_3691305354_600_800.png,/scratch/parceirosbr/bigoilict/share/BigOil/document_generator/datasets/documents_2021_12_28/pai_2cols_20211228_152807_3691305354_600_800.png,pai_2cols_20211228_152807_3691305354_600_800_mask.png,nan
95,5,190,10,335,626,525,636,335,626,525,626,525,636,335,636,sub_line_text,text,text_5,raleway,regular,8,pai_2cols_20211228_152807_3691305354_600_800.png,/scratch/parceirosbr/bigoilict/share/BigOil/document_generator/datasets/documents_2021_12_28/pai_2cols_20211228_152807_3691305354_600_800.png,pai_2cols_20211228_152807_3691305354_600_800_mask.png,The  molecules  were  adsorbed  on the ends of t-
109,5,219,10,305,641,524,651,305,641,524,641,524,651,305,651,sub_line_text,text,text_5,raleway,regular,8,pai_2cols_20211228_152807_3691305354_600_800.png,/scratch/parceirosbr/bigoilict/share/BigOil/document_generator/datasets/documents_2021_12_28/pai_2cols_20211228_152807_3691305354_600_800.png,pai_2cols_20211228_152807_3691305354_600_800_mask.png,"he  mineral  clay  particles,  preventing  the  establishment"
110,5,220,10,305,656,525,666,305,656,525,656,525,666,305,666,sub_line_text,text,text_5,raleway,regular,8,pai_2cols_20211228_152807_3691305354_600_800.png,/scratch/parceirosbr/bigoilict/share/BigOil/document_generator/datasets/documents_2021_12_28/pai_2cols_20211228_152807_3691305354_600_800.png,pai_2cols_20211228_152807_3691305354_600_800_mask.png,of  the  hydrogen  bonds responsible for the interparticul-
109,5,219,10,305,671,524,681,305,671,524,671,524,681,305,681,sub_line_text,text,text_5,raleway,regular,8,pai_2cols_20211228_152807_3691305354_600_800.png,/scratch/parceirosbr/bigoilict/share/BigOil/document_generator/datasets/documents_2021_12_28/pai_2cols_20211228_152807_3691305354_600_800.png,pai_2cols_20211228_152807_3691305354_600_800_mask.png,ar  bridges.  this  may  have  caused  the clay particles to d-
110,5,220,10,305,686,525,696,305,686,525,686,525,696,305,696,sub_line_text,text,text_5,raleway,regular,8,pai_2cols_20211228_152807_3691305354_600_800.png,/scratch/parceirosbr/bigoilict/share/BigOil/document_generator/datasets/documents_2021_12_28/pai_2cols_20211228_152807_3691305354_600_800.png,pai_2cols_20211228_152807_3691305354_600_800_mask.png,"eflocculate  or  break  into  smaller  particles.  Além disso, a"
110,5,220,10,305,701,525,711,305,701,525,701,525,711,305,711,sub_line_text,text,text_5,raleway,regular,8,pai_2cols_20211228_152807_3691305354_600_800.png,/scratch/parceirosbr/bigoilict/share/BigOil/document_generator/datasets/documents_2021_12_28/pai_2cols_20211228_152807_3691305354_600_800.png,pai_2cols_20211228_152807_3691305354_600_800_mask.png,dificuldade  de  obtenção  de  materiais adequados com p-
107,5,215,10,305,716,520,726,305,716,520,716,520,726,305,726,sub_line_text,text,text_5,raleway,regular,8,pai_2cols_20211228_152807_3691305354_600_800.png,/scratch/parceirosbr/bigoilict/share/BigOil/document_generator/datasets/documents_2021_12_28/pai_2cols_20211228_152807_3691305354_600_800.png,pai_2cols_20211228_152807_3691305354_600_800_mask.png,ropriedades térmicas compatíveis e estabilidade química.
110,50,220,100,305,626,525,726,305,626,525,626,525,726,305,726,text,text,text_5,raleway,regular,8,pai_2cols_20211228_152807_3691305354_600_800.png,/scratch/parceirosbr/bigoilict/share/BigOil/document_generator/datasets/documents_2021_12_28/pai_2cols_20211228_152807_3691305354_600_800.png,pai_2cols_20211228_152807_3691305354_600_800_mask.png,nan
