center_x,center_y,width,height,xmin,ymin,xmax,ymax,top_left_x,top_left_y,top_right_x,top_right_y,bottom_right_x,bottom_right_y,bottom_left_x,bottom_left_y,label,grouplabel,group,text_font,text_style,size_font,filename,path,filename_mask,content
300,400,600,800,0,0,600,800,0,0,600,0,600,800,0,800,document,,,,,,pai_3cols_20211228_152950_9968813248_600_800.png,/scratch/parceirosbr/bigoilict/share/BigOil/document_generator/datasets/documents_2021_12_28/pai_3cols_20211228_152950_9968813248_600_800.png,pai_3cols_20211228_152950_9968813248_600_800_mask.png,
68,8,137,16,78,88,215,104,78,88,215,88,215,104,78,104,sub_line_text,title,title_0,arial,bold,14,pai_3cols_20211228_152950_9968813248_600_800.png,/scratch/parceirosbr/bigoilict/share/BigOil/document_generator/datasets/documents_2021_12_28/pai_3cols_20211228_152950_9968813248_600_800.png,pai_3cols_20211228_152950_9968813248_600_800_mask.png,"Porém,  como  tanto"
50,8,100,16,78,114,178,130,78,114,178,114,178,130,78,130,sub_line_text,title,title_0,arial,bold,14,pai_3cols_20211228_152950_9968813248_600_800.png,/scratch/parceirosbr/bigoilict/share/BigOil/document_generator/datasets/documents_2021_12_28/pai_3cols_20211228_152950_9968813248_600_800.png,pai_3cols_20211228_152950_9968813248_600_800_mask.png,6 base opções
68,21,137,42,78,88,215,130,78,88,215,88,215,130,78,130,title,title,title_0,arial,bold,14,pai_3cols_20211228_152950_9968813248_600_800.png,/scratch/parceirosbr/bigoilict/share/BigOil/document_generator/datasets/documents_2021_12_28/pai_3cols_20211228_152950_9968813248_600_800.png,pai_3cols_20211228_152950_9968813248_600_800_mask.png,nan
59,5,118,11,99,142,217,153,99,142,217,142,217,153,99,153,sub_line_text,text,text_0,arial,regular,9,pai_3cols_20211228_152950_9968813248_600_800.png,/scratch/parceirosbr/bigoilict/share/BigOil/document_generator/datasets/documents_2021_12_28/pai_3cols_20211228_152950_9968813248_600_800.png,pai_3cols_20211228_152950_9968813248_600_800_mask.png,"No  entanto,  como  há uma"
69,5,139,11,78,160,217,171,78,160,217,160,217,171,78,171,sub_line_text,text,text_0,arial,regular,9,pai_3cols_20211228_152950_9968813248_600_800.png,/scratch/parceirosbr/bigoilict/share/BigOil/document_generator/datasets/documents_2021_12_28/pai_3cols_20211228_152950_9968813248_600_800.png,pai_3cols_20211228_152950_9968813248_600_800_mask.png,grande  variedade  de padrões de
70,5,140,11,78,178,218,189,78,178,218,178,218,189,78,189,sub_line_text,text,text_0,arial,regular,9,pai_3cols_20211228_152950_9968813248_600_800.png,/scratch/parceirosbr/bigoilict/share/BigOil/document_generator/datasets/documents_2021_12_28/pai_3cols_20211228_152950_9968813248_600_800.png,pai_3cols_20211228_152950_9968813248_600_800_mask.png,"dienos  conjugados,  é imprescin-"
68,5,136,11,78,196,214,207,78,196,214,196,214,207,78,207,sub_line_text,text,text_0,arial,regular,9,pai_3cols_20211228_152950_9968813248_600_800.png,/scratch/parceirosbr/bigoilict/share/BigOil/document_generator/datasets/documents_2021_12_28/pai_3cols_20211228_152950_9968813248_600_800.png,pai_3cols_20211228_152950_9968813248_600_800_mask.png,dível a realização de um estudo.
70,32,140,65,78,142,218,207,78,142,218,142,218,207,78,207,text,text,text_0,arial,regular,9,pai_3cols_20211228_152950_9968813248_600_800.png,/scratch/parceirosbr/bigoilict/share/BigOil/document_generator/datasets/documents_2021_12_28/pai_3cols_20211228_152950_9968813248_600_800.png,pai_3cols_20211228_152950_9968813248_600_800_mask.png,nan
47,6,94,13,103,216,197,229,103,216,197,216,197,229,103,229,sub_line_text,subtitle,subtitle_0,arial,bold,12,pai_3cols_20211228_152950_9968813248_600_800.png,/scratch/parceirosbr/bigoilict/share/BigOil/document_generator/datasets/documents_2021_12_28/pai_3cols_20211228_152950_9968813248_600_800.png,pai_3cols_20211228_152950_9968813248_600_800_mask.png,Amostras foram
34,6,68,13,103,237,171,250,103,237,171,237,171,250,103,250,sub_line_text,subtitle,subtitle_0,arial,bold,12,pai_3cols_20211228_152950_9968813248_600_800.png,/scratch/parceirosbr/bigoilict/share/BigOil/document_generator/datasets/documents_2021_12_28/pai_3cols_20211228_152950_9968813248_600_800.png,pai_3cols_20211228_152950_9968813248_600_800_mask.png,filtradas um
47,17,94,34,103,216,197,250,103,216,197,216,197,250,103,250,title,subtitle,subtitle_0,arial,bold,12,pai_3cols_20211228_152950_9968813248_600_800.png,/scratch/parceirosbr/bigoilict/share/BigOil/document_generator/datasets/documents_2021_12_28/pai_3cols_20211228_152950_9968813248_600_800.png,pai_3cols_20211228_152950_9968813248_600_800_mask.png,nan
71,6,142,12,78,262,220,274,78,262,220,262,220,274,78,274,sub_line_text,subsubtitle,subsubtitle_0,arial,italic,11,pai_3cols_20211228_152950_9968813248_600_800.png,/scratch/parceirosbr/bigoilict/share/BigOil/document_generator/datasets/documents_2021_12_28/pai_3cols_20211228_152950_9968813248_600_800.png,pai_3cols_20211228_152950_9968813248_600_800_mask.png,"Desta forma, moléculas água"
27,6,54,12,78,282,132,294,78,282,132,282,132,294,78,294,sub_line_text,subsubtitle,subsubtitle_0,arial,italic,11,pai_3cols_20211228_152950_9968813248_600_800.png,/scratch/parceirosbr/bigoilict/share/BigOil/document_generator/datasets/documents_2021_12_28/pai_3cols_20211228_152950_9968813248_600_800.png,pai_3cols_20211228_152950_9968813248_600_800_mask.png,adsorvidas
71,16,142,32,78,262,220,294,78,262,220,262,220,294,78,294,title,subsubtitle,subsubtitle_0,arial,italic,11,pai_3cols_20211228_152950_9968813248_600_800.png,/scratch/parceirosbr/bigoilict/share/BigOil/document_generator/datasets/documents_2021_12_28/pai_3cols_20211228_152950_9968813248_600_800.png,pai_3cols_20211228_152950_9968813248_600_800_mask.png,nan
59,5,119,11,99,306,218,317,99,306,218,306,218,317,99,317,sub_line_text,text,text_1,arial,regular,9,pai_3cols_20211228_152950_9968813248_600_800.png,/scratch/parceirosbr/bigoilict/share/BigOil/document_generator/datasets/documents_2021_12_28/pai_3cols_20211228_152950_9968813248_600_800.png,pai_3cols_20211228_152950_9968813248_600_800_mask.png,Os  tubos contendo as amo-
70,5,140,11,78,324,218,335,78,324,218,324,218,335,78,335,sub_line_text,text,text_1,arial,regular,9,pai_3cols_20211228_152950_9968813248_600_800.png,/scratch/parceirosbr/bigoilict/share/BigOil/document_generator/datasets/documents_2021_12_28/pai_3cols_20211228_152950_9968813248_600_800.png,pai_3cols_20211228_152950_9968813248_600_800_mask.png,stras   a  serem  digeridas  foram
70,5,141,11,78,342,219,353,78,342,219,342,219,353,78,353,sub_line_text,text,text_1,arial,regular,9,pai_3cols_20211228_152950_9968813248_600_800.png,/scratch/parceirosbr/bigoilict/share/BigOil/document_generator/datasets/documents_2021_12_28/pai_3cols_20211228_152950_9968813248_600_800.png,pai_3cols_20211228_152950_9968813248_600_800_mask.png,colocadas  no  até adquirir colora-
70,5,140,11,78,360,218,371,78,360,218,360,218,371,78,371,sub_line_text,text,text_1,arial,regular,9,pai_3cols_20211228_152950_9968813248_600_800.png,/scratch/parceirosbr/bigoilict/share/BigOil/document_generator/datasets/documents_2021_12_28/pai_3cols_20211228_152950_9968813248_600_800.png,pai_3cols_20211228_152950_9968813248_600_800_mask.png,ção  translúcida  (de cor esverde-
67,5,134,11,78,378,212,389,78,378,212,378,212,389,78,389,sub_line_text,text,text_1,arial,regular,9,pai_3cols_20211228_152950_9968813248_600_800.png,/scratch/parceirosbr/bigoilict/share/BigOil/document_generator/datasets/documents_2021_12_28/pai_3cols_20211228_152950_9968813248_600_800.png,pai_3cols_20211228_152950_9968813248_600_800_mask.png,ada ou azulada) e posteriormen.
70,41,141,83,78,306,219,389,78,306,219,306,219,389,78,389,text,text,text_1,arial,regular,9,pai_3cols_20211228_152950_9968813248_600_800.png,/scratch/parceirosbr/bigoilict/share/BigOil/document_generator/datasets/documents_2021_12_28/pai_3cols_20211228_152950_9968813248_600_800.png,pai_3cols_20211228_152950_9968813248_600_800_mask.png,nan
62,5,124,10,93,398,217,408,93,398,217,398,217,408,93,408,sub_line_text,figure_legend,figure_0,arial,regular,8,pai_3cols_20211228_152950_9968813248_600_800.png,/scratch/parceirosbr/bigoilict/share/BigOil/document_generator/datasets/documents_2021_12_28/pai_3cols_20211228_152950_9968813248_600_800.png,pai_3cols_20211228_152950_9968813248_600_800_mask.png,Figura  145:    A  capacidade  de  ign-
62,5,125,10,93,414,218,424,93,414,218,414,218,424,93,424,sub_line_text,figure_legend,figure_0,arial,regular,8,pai_3cols_20211228_152950_9968813248_600_800.png,/scratch/parceirosbr/bigoilict/share/BigOil/document_generator/datasets/documents_2021_12_28/pai_3cols_20211228_152950_9968813248_600_800.png,pai_3cols_20211228_152950_9968813248_600_800_mask.png,ição   do   combustível   é  medida  p-
62,5,124,10,93,430,217,440,93,430,217,430,217,440,93,440,sub_line_text,figure_legend,figure_0,arial,regular,8,pai_3cols_20211228_152950_9968813248_600_800.png,/scratch/parceirosbr/bigoilict/share/BigOil/document_generator/datasets/documents_2021_12_28/pai_3cols_20211228_152950_9968813248_600_800.png,pai_3cols_20211228_152950_9968813248_600_800_mask.png,"elo   índice   de   cetano,  quanto  ma-"
62,5,125,10,93,446,218,456,93,446,218,446,218,456,93,456,sub_line_text,figure_legend,figure_0,arial,regular,8,pai_3cols_20211228_152950_9968813248_600_800.png,/scratch/parceirosbr/bigoilict/share/BigOil/document_generator/datasets/documents_2021_12_28/pai_3cols_20211228_152950_9968813248_600_800.png,pai_3cols_20211228_152950_9968813248_600_800_mask.png,ior   o   índice  menor  é  o  atraso  de
55,5,110,10,93,462,203,472,93,462,203,462,203,472,93,472,sub_line_text,figure_legend,figure_0,arial,regular,8,pai_3cols_20211228_152950_9968813248_600_800.png,/scratch/parceirosbr/bigoilict/share/BigOil/document_generator/datasets/documents_2021_12_28/pai_3cols_20211228_152950_9968813248_600_800.png,pai_3cols_20211228_152950_9968813248_600_800_mask.png,ignição.  of co-current airwater f-
62,37,125,74,93,398,218,472,93,398,218,398,218,472,93,472,text,figure_legend,figure_0,arial,regular,8,pai_3cols_20211228_152950_9968813248_600_800.png,/scratch/parceirosbr/bigoilict/share/BigOil/document_generator/datasets/documents_2021_12_28/pai_3cols_20211228_152950_9968813248_600_800.png,pai_3cols_20211228_152950_9968813248_600_800_mask.png,nan
72,42,144,85,78,477,222,562,78,477,222,477,222,562,78,562,image,figure_image,figure_0,,,,pai_3cols_20211228_152950_9968813248_600_800.png,/scratch/parceirosbr/bigoilict/share/BigOil/document_generator/datasets/documents_2021_12_28/pai_3cols_20211228_152950_9968813248_600_800.png,pai_3cols_20211228_152950_9968813248_600_800_mask.png,output/gen_img_20211228_152950_7698068067.png
3,1,7,2,177,520,184,522,177,519,184,520,184,522,177,522,text,figure_text,figure_0,,,,pai_3cols_20211228_152950_9968813248_600_800.png,/scratch/parceirosbr/bigoilict/share/BigOil/document_generator/datasets/documents_2021_12_28/pai_3cols_20211228_152950_9968813248_600_800.png,pai_3cols_20211228_152950_9968813248_600_800_mask.png,-9702
3,1,7,2,177,520,184,522,177,519,184,520,184,522,177,522,sub_line_text,figure_text,figure_0,,,,pai_3cols_20211228_152950_9968813248_600_800.png,/scratch/parceirosbr/bigoilict/share/BigOil/document_generator/datasets/documents_2021_12_28/pai_3cols_20211228_152950_9968813248_600_800.png,pai_3cols_20211228_152950_9968813248_600_800_mask.png,-9702
3,1,7,2,163,547,170,549,163,547,170,547,170,549,163,549,text,figure_text,figure_0,,,,pai_3cols_20211228_152950_9968813248_600_800.png,/scratch/parceirosbr/bigoilict/share/BigOil/document_generator/datasets/documents_2021_12_28/pai_3cols_20211228_152950_9968813248_600_800.png,pai_3cols_20211228_152950_9968813248_600_800_mask.png,Texts
3,1,7,2,163,547,170,549,163,547,170,547,170,549,163,549,sub_line_text,figure_text,figure_0,,,,pai_3cols_20211228_152950_9968813248_600_800.png,/scratch/parceirosbr/bigoilict/share/BigOil/document_generator/datasets/documents_2021_12_28/pai_3cols_20211228_152950_9968813248_600_800.png,pai_3cols_20211228_152950_9968813248_600_800_mask.png,Texts
4,1,8,3,182,478,190,481,182,478,191,478,190,481,182,481,text,figure_text,figure_0,,,,pai_3cols_20211228_152950_9968813248_600_800.png,/scratch/parceirosbr/bigoilict/share/BigOil/document_generator/datasets/documents_2021_12_28/pai_3cols_20211228_152950_9968813248_600_800.png,pai_3cols_20211228_152950_9968813248_600_800_mask.png,Length
4,1,8,3,182,478,190,481,182,478,191,478,190,481,182,481,sub_line_text,figure_text,figure_0,,,,pai_3cols_20211228_152950_9968813248_600_800.png,/scratch/parceirosbr/bigoilict/share/BigOil/document_generator/datasets/documents_2021_12_28/pai_3cols_20211228_152950_9968813248_600_800.png,pai_3cols_20211228_152950_9968813248_600_800_mask.png,Length
5,2,11,4,105,490,116,494,105,491,116,490,116,493,105,494,text,figure_text,figure_0,,,,pai_3cols_20211228_152950_9968813248_600_800.png,/scratch/parceirosbr/bigoilict/share/BigOil/document_generator/datasets/documents_2021_12_28/pai_3cols_20211228_152950_9968813248_600_800.png,pai_3cols_20211228_152950_9968813248_600_800_mask.png,Efficiency
5,2,11,4,105,490,116,494,105,491,116,490,116,493,105,494,sub_line_text,figure_text,figure_0,,,,pai_3cols_20211228_152950_9968813248_600_800.png,/scratch/parceirosbr/bigoilict/share/BigOil/document_generator/datasets/documents_2021_12_28/pai_3cols_20211228_152950_9968813248_600_800.png,pai_3cols_20211228_152950_9968813248_600_800_mask.png,Efficiency
5,1,11,2,160,556,171,558,160,555,171,556,171,558,160,558,text,figure_text,figure_0,,,,pai_3cols_20211228_152950_9968813248_600_800.png,/scratch/parceirosbr/bigoilict/share/BigOil/document_generator/datasets/documents_2021_12_28/pai_3cols_20211228_152950_9968813248_600_800.png,pai_3cols_20211228_152950_9968813248_600_800_mask.png,-2758.62%
5,1,11,2,160,556,171,558,160,555,171,556,171,558,160,558,sub_line_text,figure_text,figure_0,,,,pai_3cols_20211228_152950_9968813248_600_800.png,/scratch/parceirosbr/bigoilict/share/BigOil/document_generator/datasets/documents_2021_12_28/pai_3cols_20211228_152950_9968813248_600_800.png,pai_3cols_20211228_152950_9968813248_600_800_mask.png,-2758.62%
5,2,11,4,192,553,203,557,192,554,203,553,203,556,192,557,text,figure_text,figure_0,,,,pai_3cols_20211228_152950_9968813248_600_800.png,/scratch/parceirosbr/bigoilict/share/BigOil/document_generator/datasets/documents_2021_12_28/pai_3cols_20211228_152950_9968813248_600_800.png,pai_3cols_20211228_152950_9968813248_600_800_mask.png,-7833.77%
5,2,11,4,192,553,203,557,192,554,203,553,203,556,192,557,sub_line_text,figure_text,figure_0,,,,pai_3cols_20211228_152950_9968813248_600_800.png,/scratch/parceirosbr/bigoilict/share/BigOil/document_generator/datasets/documents_2021_12_28/pai_3cols_20211228_152950_9968813248_600_800.png,pai_3cols_20211228_152950_9968813248_600_800_mask.png,-7833.77%
3,1,6,3,133,547,139,550,133,548,138,547,139,550,134,550,text,figure_text,figure_0,,,,pai_3cols_20211228_152950_9968813248_600_800.png,/scratch/parceirosbr/bigoilict/share/BigOil/document_generator/datasets/documents_2021_12_28/pai_3cols_20211228_152950_9968813248_600_800.png,pai_3cols_20211228_152950_9968813248_600_800_mask.png,Unit
3,1,6,3,133,547,139,550,133,548,138,547,139,550,134,550,sub_line_text,figure_text,figure_0,,,,pai_3cols_20211228_152950_9968813248_600_800.png,/scratch/parceirosbr/bigoilict/share/BigOil/document_generator/datasets/documents_2021_12_28/pai_3cols_20211228_152950_9968813248_600_800.png,pai_3cols_20211228_152950_9968813248_600_800_mask.png,Unit
3,0,6,1,139,489,145,490,139,488,146,489,145,492,139,490,text,figure_text,figure_0,,,,pai_3cols_20211228_152950_9968813248_600_800.png,/scratch/parceirosbr/bigoilict/share/BigOil/document_generator/datasets/documents_2021_12_28/pai_3cols_20211228_152950_9968813248_600_800.png,pai_3cols_20211228_152950_9968813248_600_800_mask.png,-5872
3,0,6,1,139,489,145,490,139,488,146,489,145,492,139,490,sub_line_text,figure_text,figure_0,,,,pai_3cols_20211228_152950_9968813248_600_800.png,/scratch/parceirosbr/bigoilict/share/BigOil/document_generator/datasets/documents_2021_12_28/pai_3cols_20211228_152950_9968813248_600_800.png,pai_3cols_20211228_152950_9968813248_600_800_mask.png,-5872
10,0,20,1,109,504,129,505,109,502,130,504,129,507,108,505,text,figure_text,figure_0,,,,pai_3cols_20211228_152950_9968813248_600_800.png,/scratch/parceirosbr/bigoilict/share/BigOil/document_generator/datasets/documents_2021_12_28/pai_3cols_20211228_152950_9968813248_600_800.png,pai_3cols_20211228_152950_9968813248_600_800_mask.png,Consumption (GB)
10,0,20,1,109,504,129,505,109,502,130,504,129,507,108,505,sub_line_text,figure_text,figure_0,,,,pai_3cols_20211228_152950_9968813248_600_800.png,/scratch/parceirosbr/bigoilict/share/BigOil/document_generator/datasets/documents_2021_12_28/pai_3cols_20211228_152950_9968813248_600_800.png,pai_3cols_20211228_152950_9968813248_600_800_mask.png,Consumption (GB)
60,5,120,11,99,571,219,582,99,571,219,571,219,582,99,582,sub_line_text,text,text_2,arial,regular,9,pai_3cols_20211228_152950_9968813248_600_800.png,/scratch/parceirosbr/bigoilict/share/BigOil/document_generator/datasets/documents_2021_12_28/pai_3cols_20211228_152950_9968813248_600_800.png,pai_3cols_20211228_152950_9968813248_600_800_mask.png,"A  na  etapa de produção, q-"
70,5,140,11,78,589,218,600,78,589,218,589,218,600,78,600,sub_line_text,text,text_2,arial,regular,9,pai_3cols_20211228_152950_9968813248_600_800.png,/scratch/parceirosbr/bigoilict/share/BigOil/document_generator/datasets/documents_2021_12_28/pai_3cols_20211228_152950_9968813248_600_800.png,pai_3cols_20211228_152950_9968813248_600_800_mask.png,ue  se  mantiveram relativamente
70,5,140,11,78,607,218,618,78,607,218,607,218,618,78,618,sub_line_text,text,text_2,arial,regular,9,pai_3cols_20211228_152950_9968813248_600_800.png,/scratch/parceirosbr/bigoilict/share/BigOil/document_generator/datasets/documents_2021_12_28/pai_3cols_20211228_152950_9968813248_600_800.png,pai_3cols_20211228_152950_9968813248_600_800_mask.png,estáveis  ao longo de todo o perí-
69,5,139,11,78,625,217,636,78,625,217,625,217,636,78,636,sub_line_text,text,text_2,arial,regular,9,pai_3cols_20211228_152950_9968813248_600_800.png,/scratch/parceirosbr/bigoilict/share/BigOil/document_generator/datasets/documents_2021_12_28/pai_3cols_20211228_152950_9968813248_600_800.png,pai_3cols_20211228_152950_9968813248_600_800_mask.png,"odo  analisado.  Além disso, esta"
71,5,142,11,78,643,220,654,78,643,220,643,220,654,78,654,sub_line_text,text,text_2,arial,regular,9,pai_3cols_20211228_152950_9968813248_600_800.png,/scratch/parceirosbr/bigoilict/share/BigOil/document_generator/datasets/documents_2021_12_28/pai_3cols_20211228_152950_9968813248_600_800.png,pai_3cols_20211228_152950_9968813248_600_800_mask.png,tecnologia  também apresenta dif-
66,5,132,11,78,661,210,672,78,661,210,661,210,672,78,672,sub_line_text,text,text_2,arial,regular,9,pai_3cols_20211228_152950_9968813248_600_800.png,/scratch/parceirosbr/bigoilict/share/BigOil/document_generator/datasets/documents_2021_12_28/pai_3cols_20211228_152950_9968813248_600_800.png,pai_3cols_20211228_152950_9968813248_600_800_mask.png,iculdades com sólidos e com a.
71,50,142,101,78,571,220,672,78,571,220,571,220,672,78,672,text,text,text_2,arial,regular,9,pai_3cols_20211228_152950_9968813248_600_800.png,/scratch/parceirosbr/bigoilict/share/BigOil/document_generator/datasets/documents_2021_12_28/pai_3cols_20211228_152950_9968813248_600_800.png,pai_3cols_20211228_152950_9968813248_600_800_mask.png,nan
60,5,120,11,99,681,219,692,99,681,219,681,219,692,99,692,sub_line_text,text,text_3,arial,regular,9,pai_3cols_20211228_152950_9968813248_600_800.png,/scratch/parceirosbr/bigoilict/share/BigOil/document_generator/datasets/documents_2021_12_28/pai_3cols_20211228_152950_9968813248_600_800.png,pai_3cols_20211228_152950_9968813248_600_800_mask.png,Caso  haja  vazões muito al-
69,5,139,11,78,699,217,710,78,699,217,699,217,710,78,710,sub_line_text,text,text_3,arial,regular,9,pai_3cols_20211228_152950_9968813248_600_800.png,/scratch/parceirosbr/bigoilict/share/BigOil/document_generator/datasets/documents_2021_12_28/pai_3cols_20211228_152950_9968813248_600_800.png,pai_3cols_20211228_152950_9968813248_600_800_mask.png,"tas, por exemplo, isso inviabiliza."
70,14,141,29,78,681,219,710,78,681,219,681,219,710,78,710,text,text,text_3,arial,regular,9,pai_3cols_20211228_152950_9968813248_600_800.png,/scratch/parceirosbr/bigoilict/share/BigOil/document_generator/datasets/documents_2021_12_28/pai_3cols_20211228_152950_9968813248_600_800.png,pai_3cols_20211228_152950_9968813248_600_800_mask.png,nan
60,5,120,11,265,88,385,99,265,88,385,88,385,99,265,99,sub_line_text,text,text_4,arial,regular,9,pai_3cols_20211228_152950_9968813248_600_800.png,/scratch/parceirosbr/bigoilict/share/BigOil/document_generator/datasets/documents_2021_12_28/pai_3cols_20211228_152950_9968813248_600_800.png,pai_3cols_20211228_152950_9968813248_600_800_mask.png,Isto  explica  a ausência dos
70,5,140,11,244,106,384,117,244,106,384,106,384,117,244,117,sub_line_text,text,text_4,arial,regular,9,pai_3cols_20211228_152950_9968813248_600_800.png,/scratch/parceirosbr/bigoilict/share/BigOil/document_generator/datasets/documents_2021_12_28/pai_3cols_20211228_152950_9968813248_600_800.png,pai_3cols_20211228_152950_9968813248_600_800_mask.png,intervalos  21-100 e 201-400. 0 2-
69,5,139,11,244,124,383,135,244,124,383,124,383,135,244,135,sub_line_text,text,text_4,arial,regular,9,pai_3cols_20211228_152950_9968813248_600_800.png,/scratch/parceirosbr/bigoilict/share/BigOil/document_generator/datasets/documents_2021_12_28/pai_3cols_20211228_152950_9968813248_600_800.png,pai_3cols_20211228_152950_9968813248_600_800_mask.png,0.  Isso  significa  que uma única
69,5,139,11,244,142,383,153,244,142,383,142,383,153,244,153,sub_line_text,text,text_4,arial,regular,9,pai_3cols_20211228_152950_9968813248_600_800.png,/scratch/parceirosbr/bigoilict/share/BigOil/document_generator/datasets/documents_2021_12_28/pai_3cols_20211228_152950_9968813248_600_800.png,pai_3cols_20211228_152950_9968813248_600_800_mask.png,realização  do  processo  contém
70,5,141,11,244,160,385,171,244,160,385,160,385,171,244,171,sub_line_text,text,text_4,arial,regular,9,pai_3cols_20211228_152950_9968813248_600_800.png,/scratch/parceirosbr/bigoilict/share/BigOil/document_generator/datasets/documents_2021_12_28/pai_3cols_20211228_152950_9968813248_600_800.png,pai_3cols_20211228_152950_9968813248_600_800_mask.png,as   informações  estatísticas  do
70,5,140,11,244,178,384,189,244,178,384,178,384,189,244,189,sub_line_text,text,text_4,arial,regular,9,pai_3cols_20211228_152950_9968813248_600_800.png,/scratch/parceirosbr/bigoilict/share/BigOil/document_generator/datasets/documents_2021_12_28/pai_3cols_20211228_152950_9968813248_600_800.png,pai_3cols_20211228_152950_9968813248_600_800_mask.png,mesmo.  A  which details manag-
69,5,139,11,244,196,383,207,244,196,383,196,383,207,244,207,sub_line_text,text,text_4,arial,regular,9,pai_3cols_20211228_152950_9968813248_600_800.png,/scratch/parceirosbr/bigoilict/share/BigOil/document_generator/datasets/documents_2021_12_28/pai_3cols_20211228_152950_9968813248_600_800.png,pai_3cols_20211228_152950_9968813248_600_800_mask.png,ement  measures  to adopt and i-
67,5,134,11,244,214,378,225,244,214,378,214,378,225,244,225,sub_line_text,text,text_4,arial,regular,9,pai_3cols_20211228_152950_9968813248_600_800.png,/scratch/parceirosbr/bigoilict/share/BigOil/document_generator/datasets/documents_2021_12_28/pai_3cols_20211228_152950_9968813248_600_800.png,pai_3cols_20211228_152950_9968813248_600_800_mask.png,mplement during construction a.
70,68,141,137,244,88,385,225,244,88,385,88,385,225,244,225,text,text,text_4,arial,regular,9,pai_3cols_20211228_152950_9968813248_600_800.png,/scratch/parceirosbr/bigoilict/share/BigOil/document_generator/datasets/documents_2021_12_28/pai_3cols_20211228_152950_9968813248_600_800.png,pai_3cols_20211228_152950_9968813248_600_800_mask.png,nan
63,5,126,10,259,234,385,244,259,234,385,234,385,244,259,244,sub_line_text,figure_legend,figure_1,arial,regular,8,pai_3cols_20211228_152950_9968813248_600_800.png,/scratch/parceirosbr/bigoilict/share/BigOil/document_generator/datasets/documents_2021_12_28/pai_3cols_20211228_152950_9968813248_600_800.png,pai_3cols_20211228_152950_9968813248_600_800_mask.png,Figura  111:    Segundo  et  al. apud et
63,5,126,10,259,250,385,260,259,250,385,250,385,260,259,260,sub_line_text,figure_legend,figure_1,arial,regular,8,pai_3cols_20211228_152950_9968813248_600_800.png,/scratch/parceirosbr/bigoilict/share/BigOil/document_generator/datasets/documents_2021_12_28/pai_3cols_20211228_152950_9968813248_600_800.png,pai_3cols_20211228_152950_9968813248_600_800_mask.png,"al.,   1995),   a  taxa  de  formação  de"
51,5,102,10,259,266,361,276,259,266,361,266,361,276,259,276,sub_line_text,figure_legend,figure_1,arial,regular,8,pai_3cols_20211228_152950_9968813248_600_800.png,/scratch/parceirosbr/bigoilict/share/BigOil/document_generator/datasets/documents_2021_12_28/pai_3cols_20211228_152950_9968813248_600_800.png,pai_3cols_20211228_152950_9968813248_600_800_mask.png,depósito aumenta linearmente
63,21,126,42,259,234,385,276,259,234,385,234,385,276,259,276,text,figure_legend,figure_1,arial,regular,8,pai_3cols_20211228_152950_9968813248_600_800.png,/scratch/parceirosbr/bigoilict/share/BigOil/document_generator/datasets/documents_2021_12_28/pai_3cols_20211228_152950_9968813248_600_800.png,pai_3cols_20211228_152950_9968813248_600_800_mask.png,nan
71,83,143,167,244,281,387,448,244,281,387,281,387,448,244,448,image,figure_image,figure_1,,,,pai_3cols_20211228_152950_9968813248_600_800.png,/scratch/parceirosbr/bigoilict/share/BigOil/document_generator/datasets/documents_2021_12_28/pai_3cols_20211228_152950_9968813248_600_800.png,pai_3cols_20211228_152950_9968813248_600_800_mask.png,output/gen_img_20211228_152952_1248449101.png
6,1,13,2,318,380,331,382,318,378,331,380,331,384,318,382,text,figure_text,figure_1,,,,pai_3cols_20211228_152950_9968813248_600_800.png,/scratch/parceirosbr/bigoilict/share/BigOil/document_generator/datasets/documents_2021_12_28/pai_3cols_20211228_152950_9968813248_600_800.png,pai_3cols_20211228_152950_9968813248_600_800_mask.png,Male [M]
6,1,13,2,318,380,331,382,318,378,331,380,331,384,318,382,sub_line_text,figure_text,figure_1,,,,pai_3cols_20211228_152950_9968813248_600_800.png,/scratch/parceirosbr/bigoilict/share/BigOil/document_generator/datasets/documents_2021_12_28/pai_3cols_20211228_152950_9968813248_600_800.png,pai_3cols_20211228_152950_9968813248_600_800_mask.png,Male [M]
7,3,14,6,277,355,291,361,277,359,290,355,291,358,278,361,text,figure_text,figure_1,,,,pai_3cols_20211228_152950_9968813248_600_800.png,/scratch/parceirosbr/bigoilict/share/BigOil/document_generator/datasets/documents_2021_12_28/pai_3cols_20211228_152950_9968813248_600_800.png,pai_3cols_20211228_152950_9968813248_600_800_mask.png,-5445.2%
7,3,14,6,277,355,291,361,277,359,290,355,291,358,278,361,sub_line_text,figure_text,figure_1,,,,pai_3cols_20211228_152950_9968813248_600_800.png,/scratch/parceirosbr/bigoilict/share/BigOil/document_generator/datasets/documents_2021_12_28/pai_3cols_20211228_152950_9968813248_600_800.png,pai_3cols_20211228_152950_9968813248_600_800_mask.png,-5445.2%
5,2,11,4,268,399,279,403,268,400,278,399,279,402,268,403,text,figure_text,figure_1,,,,pai_3cols_20211228_152950_9968813248_600_800.png,/scratch/parceirosbr/bigoilict/share/BigOil/document_generator/datasets/documents_2021_12_28/pai_3cols_20211228_152950_9968813248_600_800.png,pai_3cols_20211228_152950_9968813248_600_800_mask.png,-522.25
5,2,11,4,268,399,279,403,268,400,278,399,279,402,268,403,sub_line_text,figure_text,figure_1,,,,pai_3cols_20211228_152950_9968813248_600_800.png,/scratch/parceirosbr/bigoilict/share/BigOil/document_generator/datasets/documents_2021_12_28/pai_3cols_20211228_152950_9968813248_600_800.png,pai_3cols_20211228_152950_9968813248_600_800_mask.png,-522.25
9,0,18,0,322,413,340,413,322,409,341,413,340,417,321,413,text,figure_text,figure_1,,,,pai_3cols_20211228_152950_9968813248_600_800.png,/scratch/parceirosbr/bigoilict/share/BigOil/document_generator/datasets/documents_2021_12_28/pai_3cols_20211228_152950_9968813248_600_800.png,pai_3cols_20211228_152950_9968813248_600_800_mask.png,Demand [MB]
9,0,18,0,322,413,340,413,322,409,341,413,340,417,321,413,sub_line_text,figure_text,figure_1,,,,pai_3cols_20211228_152950_9968813248_600_800.png,/scratch/parceirosbr/bigoilict/share/BigOil/document_generator/datasets/documents_2021_12_28/pai_3cols_20211228_152950_9968813248_600_800.png,pai_3cols_20211228_152950_9968813248_600_800_mask.png,Demand [MB]
7,2,15,4,365,300,380,304,365,301,379,300,380,303,365,304,text,figure_text,figure_1,,,,pai_3cols_20211228_152950_9968813248_600_800.png,/scratch/parceirosbr/bigoilict/share/BigOil/document_generator/datasets/documents_2021_12_28/pai_3cols_20211228_152950_9968813248_600_800.png,pai_3cols_20211228_152950_9968813248_600_800_mask.png,-6089.602
7,2,15,4,365,300,380,304,365,301,379,300,380,303,365,304,sub_line_text,figure_text,figure_1,,,,pai_3cols_20211228_152950_9968813248_600_800.png,/scratch/parceirosbr/bigoilict/share/BigOil/document_generator/datasets/documents_2021_12_28/pai_3cols_20211228_152950_9968813248_600_800.png,pai_3cols_20211228_152950_9968813248_600_800_mask.png,-6089.602
54,5,108,10,259,457,367,467,259,457,367,457,367,467,259,467,sub_line_text,figure_legend,figure_2,arial,regular,8,pai_3cols_20211228_152950_9968813248_600_800.png,/scratch/parceirosbr/bigoilict/share/BigOil/document_generator/datasets/documents_2021_12_28/pai_3cols_20211228_152950_9968813248_600_800.png,pai_3cols_20211228_152950_9968813248_600_800_mask.png,Figura   53:    O  apresenta  a  v-
54,5,109,10,259,473,368,483,259,473,368,473,368,483,259,483,sub_line_text,figure_legend,figure_2,arial,regular,8,pai_3cols_20211228_152950_9968813248_600_800.png,/scratch/parceirosbr/bigoilict/share/BigOil/document_generator/datasets/documents_2021_12_28/pai_3cols_20211228_152950_9968813248_600_800.png,pai_3cols_20211228_152950_9968813248_600_800_mask.png,antagem   de   ser  mais  estável
47,5,94,10,259,489,353,499,259,489,353,489,353,499,259,499,sub_line_text,figure_legend,figure_2,arial,regular,8,pai_3cols_20211228_152950_9968813248_600_800.png,/scratch/parceirosbr/bigoilict/share/BigOil/document_generator/datasets/documents_2021_12_28/pai_3cols_20211228_152950_9968813248_600_800.png,pai_3cols_20211228_152950_9968813248_600_800_mask.png,a altas temperaturas do que
54,21,109,42,259,457,368,499,259,457,368,457,368,499,259,499,text,figure_legend,figure_2,arial,regular,8,pai_3cols_20211228_152950_9968813248_600_800.png,/scratch/parceirosbr/bigoilict/share/BigOil/document_generator/datasets/documents_2021_12_28/pai_3cols_20211228_152950_9968813248_600_800.png,pai_3cols_20211228_152950_9968813248_600_800_mask.png,nan
42,74,85,149,273,504,358,653,273,504,358,504,358,653,273,653,image,figure_image,figure_2,,,,pai_3cols_20211228_152950_9968813248_600_800.png,/scratch/parceirosbr/bigoilict/share/BigOil/document_generator/datasets/documents_2021_12_28/pai_3cols_20211228_152950_9968813248_600_800.png,pai_3cols_20211228_152950_9968813248_600_800_mask.png,output/gen_img_20211228_152952_3643083644.png
19,3,39,7,309,612,348,619,309,612,348,612,348,619,309,619,text,figure_text,figure_2,,,,pai_3cols_20211228_152950_9968813248_600_800.png,/scratch/parceirosbr/bigoilict/share/BigOil/document_generator/datasets/documents_2021_12_28/pai_3cols_20211228_152950_9968813248_600_800.png,pai_3cols_20211228_152950_9968813248_600_800_mask.png,Male [km]
19,3,39,7,309,612,348,619,309,612,348,612,348,619,309,619,sub_line_text,figure_text,figure_2,,,,pai_3cols_20211228_152950_9968813248_600_800.png,/scratch/parceirosbr/bigoilict/share/BigOil/document_generator/datasets/documents_2021_12_28/pai_3cols_20211228_152950_9968813248_600_800.png,pai_3cols_20211228_152950_9968813248_600_800_mask.png,Male [km]
10,3,21,6,287,522,308,528,287,522,308,522,308,528,287,528,text,figure_text,figure_2,,,,pai_3cols_20211228_152950_9968813248_600_800.png,/scratch/parceirosbr/bigoilict/share/BigOil/document_generator/datasets/documents_2021_12_28/pai_3cols_20211228_152950_9968813248_600_800.png,pai_3cols_20211228_152950_9968813248_600_800_mask.png,Start
10,3,21,6,287,522,308,528,287,522,308,522,308,528,287,528,sub_line_text,figure_text,figure_2,,,,pai_3cols_20211228_152950_9968813248_600_800.png,/scratch/parceirosbr/bigoilict/share/BigOil/document_generator/datasets/documents_2021_12_28/pai_3cols_20211228_152950_9968813248_600_800.png,pai_3cols_20211228_152950_9968813248_600_800_mask.png,Start
17,3,34,6,278,638,312,644,278,638,312,638,312,644,278,644,text,figure_text,figure_2,,,,pai_3cols_20211228_152950_9968813248_600_800.png,/scratch/parceirosbr/bigoilict/share/BigOil/document_generator/datasets/documents_2021_12_28/pai_3cols_20211228_152950_9968813248_600_800.png,pai_3cols_20211228_152950_9968813248_600_800_mask.png,Reaction
17,3,34,6,278,638,312,644,278,638,312,638,312,644,278,644,sub_line_text,figure_text,figure_2,,,,pai_3cols_20211228_152950_9968813248_600_800.png,/scratch/parceirosbr/bigoilict/share/BigOil/document_generator/datasets/documents_2021_12_28/pai_3cols_20211228_152950_9968813248_600_800.png,pai_3cols_20211228_152950_9968813248_600_800_mask.png,Reaction
19,3,38,6,309,536,347,542,309,536,347,536,347,542,309,542,text,figure_text,figure_2,,,,pai_3cols_20211228_152950_9968813248_600_800.png,/scratch/parceirosbr/bigoilict/share/BigOil/document_generator/datasets/documents_2021_12_28/pai_3cols_20211228_152950_9968813248_600_800.png,pai_3cols_20211228_152950_9968813248_600_800_mask.png,-7648.274
19,3,38,6,309,536,347,542,309,536,347,536,347,542,309,542,sub_line_text,figure_text,figure_2,,,,pai_3cols_20211228_152950_9968813248_600_800.png,/scratch/parceirosbr/bigoilict/share/BigOil/document_generator/datasets/documents_2021_12_28/pai_3cols_20211228_152950_9968813248_600_800.png,pai_3cols_20211228_152950_9968813248_600_800_mask.png,-7648.274
10,3,21,6,333,580,354,586,333,580,354,580,354,586,333,586,text,figure_text,figure_2,,,,pai_3cols_20211228_152950_9968813248_600_800.png,/scratch/parceirosbr/bigoilict/share/BigOil/document_generator/datasets/documents_2021_12_28/pai_3cols_20211228_152950_9968813248_600_800.png,pai_3cols_20211228_152950_9968813248_600_800_mask.png,-7988
10,3,21,6,333,580,354,586,333,580,354,580,354,586,333,586,sub_line_text,figure_text,figure_2,,,,pai_3cols_20211228_152950_9968813248_600_800.png,/scratch/parceirosbr/bigoilict/share/BigOil/document_generator/datasets/documents_2021_12_28/pai_3cols_20211228_152950_9968813248_600_800.png,pai_3cols_20211228_152950_9968813248_600_800_mask.png,-7988
19,3,39,6,276,508,315,514,276,508,315,508,315,514,276,514,text,figure_text,figure_2,,,,pai_3cols_20211228_152950_9968813248_600_800.png,/scratch/parceirosbr/bigoilict/share/BigOil/document_generator/datasets/documents_2021_12_28/pai_3cols_20211228_152950_9968813248_600_800.png,pai_3cols_20211228_152950_9968813248_600_800_mask.png,-8721.16%
19,3,39,6,276,508,315,514,276,508,315,508,315,514,276,514,sub_line_text,figure_text,figure_2,,,,pai_3cols_20211228_152950_9968813248_600_800.png,/scratch/parceirosbr/bigoilict/share/BigOil/document_generator/datasets/documents_2021_12_28/pai_3cols_20211228_152950_9968813248_600_800.png,pai_3cols_20211228_152950_9968813248_600_800_mask.png,-8721.16%
32,4,64,8,289,565,353,573,289,565,353,565,353,573,289,573,text,figure_text,figure_2,,,,pai_3cols_20211228_152950_9968813248_600_800.png,/scratch/parceirosbr/bigoilict/share/BigOil/document_generator/datasets/documents_2021_12_28/pai_3cols_20211228_152950_9968813248_600_800.png,pai_3cols_20211228_152950_9968813248_600_800_mask.png,Processing [MB]
32,4,64,8,289,565,353,573,289,565,353,565,353,573,289,573,sub_line_text,figure_text,figure_2,,,,pai_3cols_20211228_152950_9968813248_600_800.png,/scratch/parceirosbr/bigoilict/share/BigOil/document_generator/datasets/documents_2021_12_28/pai_3cols_20211228_152950_9968813248_600_800.png,pai_3cols_20211228_152950_9968813248_600_800_mask.png,Processing [MB]
6,3,12,7,294,620,306,627,294,620,306,620,306,627,294,627,text,figure_text,figure_2,,,,pai_3cols_20211228_152950_9968813248_600_800.png,/scratch/parceirosbr/bigoilict/share/BigOil/document_generator/datasets/documents_2021_12_28/pai_3cols_20211228_152950_9968813248_600_800.png,pai_3cols_20211228_152950_9968813248_600_800_mask.png,798
6,3,12,7,294,620,306,627,294,620,306,620,306,627,294,627,sub_line_text,figure_text,figure_2,,,,pai_3cols_20211228_152950_9968813248_600_800.png,/scratch/parceirosbr/bigoilict/share/BigOil/document_generator/datasets/documents_2021_12_28/pai_3cols_20211228_152950_9968813248_600_800.png,pai_3cols_20211228_152950_9968813248_600_800_mask.png,798
17,3,34,6,278,631,312,637,278,631,312,631,312,637,278,637,text,figure_text,figure_2,,,,pai_3cols_20211228_152950_9968813248_600_800.png,/scratch/parceirosbr/bigoilict/share/BigOil/document_generator/datasets/documents_2021_12_28/pai_3cols_20211228_152950_9968813248_600_800.png,pai_3cols_20211228_152950_9968813248_600_800_mask.png,-4538.68
17,3,34,6,278,631,312,637,278,631,312,631,312,637,278,637,sub_line_text,figure_text,figure_2,,,,pai_3cols_20211228_152950_9968813248_600_800.png,/scratch/parceirosbr/bigoilict/share/BigOil/document_generator/datasets/documents_2021_12_28/pai_3cols_20211228_152950_9968813248_600_800.png,pai_3cols_20211228_152950_9968813248_600_800_mask.png,-4538.68
10,3,21,7,323,506,344,513,323,506,344,506,344,513,323,513,text,figure_text,figure_2,,,,pai_3cols_20211228_152950_9968813248_600_800.png,/scratch/parceirosbr/bigoilict/share/BigOil/document_generator/datasets/documents_2021_12_28/pai_3cols_20211228_152950_9968813248_600_800.png,pai_3cols_20211228_152950_9968813248_600_800_mask.png,744.2
10,3,21,7,323,506,344,513,323,506,344,506,344,513,323,513,sub_line_text,figure_text,figure_2,,,,pai_3cols_20211228_152950_9968813248_600_800.png,/scratch/parceirosbr/bigoilict/share/BigOil/document_generator/datasets/documents_2021_12_28/pai_3cols_20211228_152950_9968813248_600_800.png,pai_3cols_20211228_152950_9968813248_600_800_mask.png,744.2
21,3,42,7,291,589,333,596,291,589,333,589,333,596,291,596,text,figure_text,figure_2,,,,pai_3cols_20211228_152950_9968813248_600_800.png,/scratch/parceirosbr/bigoilict/share/BigOil/document_generator/datasets/documents_2021_12_28/pai_3cols_20211228_152950_9968813248_600_800.png,pai_3cols_20211228_152950_9968813248_600_800_mask.png,Volume [l]
21,3,42,7,291,589,333,596,291,589,333,589,333,596,291,596,sub_line_text,figure_text,figure_2,,,,pai_3cols_20211228_152950_9968813248_600_800.png,/scratch/parceirosbr/bigoilict/share/BigOil/document_generator/datasets/documents_2021_12_28/pai_3cols_20211228_152950_9968813248_600_800.png,pai_3cols_20211228_152950_9968813248_600_800_mask.png,Volume [l]
19,3,38,6,304,529,342,535,304,529,342,529,342,535,304,535,text,figure_text,figure_2,,,,pai_3cols_20211228_152950_9968813248_600_800.png,/scratch/parceirosbr/bigoilict/share/BigOil/document_generator/datasets/documents_2021_12_28/pai_3cols_20211228_152950_9968813248_600_800.png,pai_3cols_20211228_152950_9968813248_600_800_mask.png,-5621.104
19,3,38,6,304,529,342,535,304,529,342,529,342,535,304,535,sub_line_text,figure_text,figure_2,,,,pai_3cols_20211228_152950_9968813248_600_800.png,/scratch/parceirosbr/bigoilict/share/BigOil/document_generator/datasets/documents_2021_12_28/pai_3cols_20211228_152950_9968813248_600_800.png,pai_3cols_20211228_152950_9968813248_600_800_mask.png,-5621.104
10,3,21,7,305,550,326,557,305,550,326,550,326,557,305,557,text,figure_text,figure_2,,,,pai_3cols_20211228_152950_9968813248_600_800.png,/scratch/parceirosbr/bigoilict/share/BigOil/document_generator/datasets/documents_2021_12_28/pai_3cols_20211228_152950_9968813248_600_800.png,pai_3cols_20211228_152950_9968813248_600_800_mask.png,-3800
10,3,21,7,305,550,326,557,305,550,326,550,326,557,305,557,sub_line_text,figure_text,figure_2,,,,pai_3cols_20211228_152950_9968813248_600_800.png,/scratch/parceirosbr/bigoilict/share/BigOil/document_generator/datasets/documents_2021_12_28/pai_3cols_20211228_152950_9968813248_600_800.png,pai_3cols_20211228_152950_9968813248_600_800_mask.png,-3800
10,3,21,6,335,628,356,634,335,628,356,628,356,634,335,634,text,figure_text,figure_2,,,,pai_3cols_20211228_152950_9968813248_600_800.png,/scratch/parceirosbr/bigoilict/share/BigOil/document_generator/datasets/documents_2021_12_28/pai_3cols_20211228_152950_9968813248_600_800.png,pai_3cols_20211228_152950_9968813248_600_800_mask.png,-8532
10,3,21,6,335,628,356,634,335,628,356,628,356,634,335,634,sub_line_text,figure_text,figure_2,,,,pai_3cols_20211228_152950_9968813248_600_800.png,/scratch/parceirosbr/bigoilict/share/BigOil/document_generator/datasets/documents_2021_12_28/pai_3cols_20211228_152950_9968813248_600_800.png,pai_3cols_20211228_152950_9968813248_600_800_mask.png,-8532
28,3,56,6,274,581,330,587,274,581,330,581,330,587,274,587,text,figure_text,figure_2,,,,pai_3cols_20211228_152950_9968813248_600_800.png,/scratch/parceirosbr/bigoilict/share/BigOil/document_generator/datasets/documents_2021_12_28/pai_3cols_20211228_152950_9968813248_600_800.png,pai_3cols_20211228_152950_9968813248_600_800_mask.png,Transmittance
28,3,56,6,274,581,330,587,274,581,330,581,330,587,274,587,sub_line_text,figure_text,figure_2,,,,pai_3cols_20211228_152950_9968813248_600_800.png,/scratch/parceirosbr/bigoilict/share/BigOil/document_generator/datasets/documents_2021_12_28/pai_3cols_20211228_152950_9968813248_600_800.png,pai_3cols_20211228_152950_9968813248_600_800_mask.png,Transmittance
13,3,26,6,291,515,317,521,291,515,317,515,317,521,291,521,text,figure_text,figure_2,,,,pai_3cols_20211228_152950_9968813248_600_800.png,/scratch/parceirosbr/bigoilict/share/BigOil/document_generator/datasets/documents_2021_12_28/pai_3cols_20211228_152950_9968813248_600_800.png,pai_3cols_20211228_152950_9968813248_600_800_mask.png,-6363%
13,3,26,6,291,515,317,521,291,515,317,515,317,521,291,521,sub_line_text,figure_text,figure_2,,,,pai_3cols_20211228_152950_9968813248_600_800.png,/scratch/parceirosbr/bigoilict/share/BigOil/document_generator/datasets/documents_2021_12_28/pai_3cols_20211228_152950_9968813248_600_800.png,pai_3cols_20211228_152950_9968813248_600_800_mask.png,-6363%
21,3,43,6,294,599,337,605,294,599,337,599,337,605,294,605,text,figure_text,figure_2,,,,pai_3cols_20211228_152950_9968813248_600_800.png,/scratch/parceirosbr/bigoilict/share/BigOil/document_generator/datasets/documents_2021_12_28/pai_3cols_20211228_152950_9968813248_600_800.png,pai_3cols_20211228_152950_9968813248_600_800_mask.png,North East
21,3,43,6,294,599,337,605,294,599,337,599,337,605,294,605,sub_line_text,figure_text,figure_2,,,,pai_3cols_20211228_152950_9968813248_600_800.png,/scratch/parceirosbr/bigoilict/share/BigOil/document_generator/datasets/documents_2021_12_28/pai_3cols_20211228_152950_9968813248_600_800.png,pai_3cols_20211228_152950_9968813248_600_800_mask.png,North East
8,3,17,6,280,553,297,559,280,553,297,553,297,559,280,559,text,figure_text,figure_2,,,,pai_3cols_20211228_152950_9968813248_600_800.png,/scratch/parceirosbr/bigoilict/share/BigOil/document_generator/datasets/documents_2021_12_28/pai_3cols_20211228_152950_9968813248_600_800.png,pai_3cols_20211228_152950_9968813248_600_800_mask.png,-546
8,3,17,6,280,553,297,559,280,553,297,553,297,559,280,559,sub_line_text,figure_text,figure_2,,,,pai_3cols_20211228_152950_9968813248_600_800.png,/scratch/parceirosbr/bigoilict/share/BigOil/document_generator/datasets/documents_2021_12_28/pai_3cols_20211228_152950_9968813248_600_800.png,pai_3cols_20211228_152950_9968813248_600_800_mask.png,-546
17,3,34,7,315,620,349,627,315,620,349,620,349,627,315,627,text,figure_text,figure_2,,,,pai_3cols_20211228_152950_9968813248_600_800.png,/scratch/parceirosbr/bigoilict/share/BigOil/document_generator/datasets/documents_2021_12_28/pai_3cols_20211228_152950_9968813248_600_800.png,pai_3cols_20211228_152950_9968813248_600_800_mask.png,Numbers 
17,3,34,7,315,620,349,627,315,620,349,620,349,627,315,627,sub_line_text,figure_text,figure_2,,,,pai_3cols_20211228_152950_9968813248_600_800.png,/scratch/parceirosbr/bigoilict/share/BigOil/document_generator/datasets/documents_2021_12_28/pai_3cols_20211228_152950_9968813248_600_800.png,pai_3cols_20211228_152950_9968813248_600_800_mask.png,Numbers 
59,5,119,11,265,662,384,673,265,662,384,662,384,673,265,673,sub_line_text,text,text_5,arial,regular,9,pai_3cols_20211228_152950_9968813248_600_800.png,/scratch/parceirosbr/bigoilict/share/BigOil/document_generator/datasets/documents_2021_12_28/pai_3cols_20211228_152950_9968813248_600_800.png,pai_3cols_20211228_152950_9968813248_600_800_mask.png,O  método de melhoramento
69,5,139,11,244,680,383,691,244,680,383,680,383,691,244,691,sub_line_text,text,text_5,arial,regular,9,pai_3cols_20211228_152950_9968813248_600_800.png,/scratch/parceirosbr/bigoilict/share/BigOil/document_generator/datasets/documents_2021_12_28/pai_3cols_20211228_152950_9968813248_600_800.png,pai_3cols_20211228_152950_9968813248_600_800_mask.png,exergoeconômico  faz  uso suce-
70,5,141,11,244,698,385,709,244,698,385,698,385,709,244,709,sub_line_text,text,text_5,arial,regular,9,pai_3cols_20211228_152950_9968813248_600_800.png,/scratch/parceirosbr/bigoilict/share/BigOil/document_generator/datasets/documents_2021_12_28/pai_3cols_20211228_152950_9968813248_600_800.png,pai_3cols_20211228_152950_9968813248_600_800_mask.png,ssivo de algoritmos matemáticos.
70,23,141,47,244,662,385,709,244,662,385,662,385,709,244,709,text,text,text_5,arial,regular,9,pai_3cols_20211228_152950_9968813248_600_800.png,/scratch/parceirosbr/bigoilict/share/BigOil/document_generator/datasets/documents_2021_12_28/pai_3cols_20211228_152950_9968813248_600_800.png,pai_3cols_20211228_152950_9968813248_600_800_mask.png,nan
68,8,137,16,413,88,550,104,413,88,550,88,550,104,413,104,sub_line_text,title,title_1,arial,bold,14,pai_3cols_20211228_152950_9968813248_600_800.png,/scratch/parceirosbr/bigoilict/share/BigOil/document_generator/datasets/documents_2021_12_28/pai_3cols_20211228_152950_9968813248_600_800.png,pai_3cols_20211228_152950_9968813248_600_800_mask.png,Maio 2014 consumo
68,8,137,16,413,88,550,104,413,88,550,88,550,104,413,104,title,title,title_1,arial,bold,14,pai_3cols_20211228_152950_9968813248_600_800.png,/scratch/parceirosbr/bigoilict/share/BigOil/document_generator/datasets/documents_2021_12_28/pai_3cols_20211228_152950_9968813248_600_800.png,pai_3cols_20211228_152950_9968813248_600_800_mask.png,nan
72,6,144,13,410,116,554,129,410,116,554,116,554,129,410,129,sub_line_text,subtitle,subtitle_1,arial,bold,12,pai_3cols_20211228_152950_9968813248_600_800.png,/scratch/parceirosbr/bigoilict/share/BigOil/document_generator/datasets/documents_2021_12_28/pai_3cols_20211228_152950_9968813248_600_800.png,pai_3cols_20211228_152950_9968813248_600_800_mask.png,Gráben  porção  proximal
46,6,93,13,410,137,503,150,410,137,503,137,503,150,410,150,sub_line_text,subtitle,subtitle_1,arial,bold,12,pai_3cols_20211228_152950_9968813248_600_800.png,/scratch/parceirosbr/bigoilict/share/BigOil/document_generator/datasets/documents_2021_12_28/pai_3cols_20211228_152950_9968813248_600_800.png,pai_3cols_20211228_152950_9968813248_600_800_mask.png,intrusiva porção
72,17,144,34,410,116,554,150,410,116,554,116,554,150,410,150,title,subtitle,subtitle_1,arial,bold,12,pai_3cols_20211228_152950_9968813248_600_800.png,/scratch/parceirosbr/bigoilict/share/BigOil/document_generator/datasets/documents_2021_12_28/pai_3cols_20211228_152950_9968813248_600_800.png,pai_3cols_20211228_152950_9968813248_600_800_mask.png,nan
53,5,107,10,425,162,532,172,425,162,532,162,532,172,425,172,sub_line_text,table_legend,table_0,arial,regular,8,pai_3cols_20211228_152950_9968813248_600_800.png,/scratch/parceirosbr/bigoilict/share/BigOil/document_generator/datasets/documents_2021_12_28/pai_3cols_20211228_152950_9968813248_600_800.png,pai_3cols_20211228_152950_9968813248_600_800_mask.png,Tabela   93:      Trabajo  de  gra-
54,5,108,10,425,178,533,188,425,178,533,178,533,188,425,188,sub_line_text,table_legend,table_0,arial,regular,8,pai_3cols_20211228_152950_9968813248_600_800.png,/scratch/parceirosbr/bigoilict/share/BigOil/document_generator/datasets/documents_2021_12_28/pai_3cols_20211228_152950_9968813248_600_800.png,pai_3cols_20211228_152950_9968813248_600_800_mask.png,do   presentado   como   requísi-
12,5,24,10,425,194,449,204,425,194,449,194,449,204,425,204,sub_line_text,table_legend,table_0,arial,regular,8,pai_3cols_20211228_152950_9968813248_600_800.png,/scratch/parceirosbr/bigoilict/share/BigOil/document_generator/datasets/documents_2021_12_28/pai_3cols_20211228_152950_9968813248_600_800.png,pai_3cols_20211228_152950_9968813248_600_800_mask.png,to para
54,21,108,42,425,162,533,204,425,162,533,162,533,204,425,204,text,table_legend,table_0,arial,regular,8,pai_3cols_20211228_152950_9968813248_600_800.png,/scratch/parceirosbr/bigoilict/share/BigOil/document_generator/datasets/documents_2021_12_28/pai_3cols_20211228_152950_9968813248_600_800.png,pai_3cols_20211228_152950_9968813248_600_800_mask.png,nan
69,73,139,147,412,209,551,356,412,209,551,209,551,356,412,356,table,table_image,table_0,,,,pai_3cols_20211228_152950_9968813248_600_800.png,/scratch/parceirosbr/bigoilict/share/BigOil/document_generator/datasets/documents_2021_12_28/pai_3cols_20211228_152950_9968813248_600_800.png,pai_3cols_20211228_152950_9968813248_600_800_mask.png,output/gen_tab_20211228_152953_4531699298.png
14,5,29,11,427,212,456,223,427,212,456,212,456,223,427,223,text,table_text,table_0,opensans,bold,9.0,pai_3cols_20211228_152950_9968813248_600_800.png,/scratch/parceirosbr/bigoilict/share/BigOil/document_generator/datasets/documents_2021_12_28/pai_3cols_20211228_152950_9968813248_600_800.png,pai_3cols_20211228_152950_9968813248_600_800_mask.png,grande
14,5,29,11,427,212,456,223,427,212,456,212,456,223,427,223,sub_line_text,table_text,table_0,opensans,bold,9.0,pai_3cols_20211228_152950_9968813248_600_800.png,/scratch/parceirosbr/bigoilict/share/BigOil/document_generator/datasets/documents_2021_12_28/pai_3cols_20211228_152950_9968813248_600_800.png,pai_3cols_20211228_152950_9968813248_600_800_mask.png,grande
15,5,31,11,425,227,456,238,425,227,456,227,456,238,425,238,text,table_text,table_0,opensans,regular,9.0,pai_3cols_20211228_152950_9968813248_600_800.png,/scratch/parceirosbr/bigoilict/share/BigOil/document_generator/datasets/documents_2021_12_28/pai_3cols_20211228_152950_9968813248_600_800.png,pai_3cols_20211228_152950_9968813248_600_800_mask.png,descrito
15,5,31,11,425,227,456,238,425,227,456,227,456,238,425,238,sub_line_text,table_text,table_0,opensans,regular,9.0,pai_3cols_20211228_152950_9968813248_600_800.png,/scratch/parceirosbr/bigoilict/share/BigOil/document_generator/datasets/documents_2021_12_28/pai_3cols_20211228_152950_9968813248_600_800.png,pai_3cols_20211228_152950_9968813248_600_800_mask.png,descrito
18,5,37,11,423,241,460,252,423,241,460,241,460,252,423,252,text,table_text,table_0,opensans,regular,9.0,pai_3cols_20211228_152950_9968813248_600_800.png,/scratch/parceirosbr/bigoilict/share/BigOil/document_generator/datasets/documents_2021_12_28/pai_3cols_20211228_152950_9968813248_600_800.png,pai_3cols_20211228_152950_9968813248_600_800_mask.png,comercial
18,5,37,11,423,241,460,252,423,241,460,241,460,252,423,252,sub_line_text,table_text,table_0,opensans,regular,9.0,pai_3cols_20211228_152950_9968813248_600_800.png,/scratch/parceirosbr/bigoilict/share/BigOil/document_generator/datasets/documents_2021_12_28/pai_3cols_20211228_152950_9968813248_600_800.png,pai_3cols_20211228_152950_9968813248_600_800_mask.png,comercial
13,5,27,11,428,256,455,267,428,256,455,256,455,267,428,267,text,table_text,table_0,opensans,regular,9.0,pai_3cols_20211228_152950_9968813248_600_800.png,/scratch/parceirosbr/bigoilict/share/BigOil/document_generator/datasets/documents_2021_12_28/pai_3cols_20211228_152950_9968813248_600_800.png,pai_3cols_20211228_152950_9968813248_600_800_mask.png,estaria
13,5,27,11,428,256,455,267,428,256,455,256,455,267,428,267,sub_line_text,table_text,table_0,opensans,regular,9.0,pai_3cols_20211228_152950_9968813248_600_800.png,/scratch/parceirosbr/bigoilict/share/BigOil/document_generator/datasets/documents_2021_12_28/pai_3cols_20211228_152950_9968813248_600_800.png,pai_3cols_20211228_152950_9968813248_600_800_mask.png,estaria
11,5,23,11,430,270,453,281,430,270,453,270,453,281,430,281,text,table_text,table_0,opensans,regular,9.0,pai_3cols_20211228_152950_9968813248_600_800.png,/scratch/parceirosbr/bigoilict/share/BigOil/document_generator/datasets/documents_2021_12_28/pai_3cols_20211228_152950_9968813248_600_800.png,pai_3cols_20211228_152950_9968813248_600_800_mask.png,Como
11,5,23,11,430,270,453,281,430,270,453,270,453,281,430,281,sub_line_text,table_text,table_0,opensans,regular,9.0,pai_3cols_20211228_152950_9968813248_600_800.png,/scratch/parceirosbr/bigoilict/share/BigOil/document_generator/datasets/documents_2021_12_28/pai_3cols_20211228_152950_9968813248_600_800.png,pai_3cols_20211228_152950_9968813248_600_800_mask.png,Como
11,5,22,11,431,285,453,296,431,285,453,285,453,296,431,296,text,table_text,table_0,opensans,regular,9.0,pai_3cols_20211228_152950_9968813248_600_800.png,/scratch/parceirosbr/bigoilict/share/BigOil/document_generator/datasets/documents_2021_12_28/pai_3cols_20211228_152950_9968813248_600_800.png,pai_3cols_20211228_152950_9968813248_600_800_mask.png,vezes
11,5,22,11,431,285,453,296,431,285,453,285,453,296,431,296,sub_line_text,table_text,table_0,opensans,regular,9.0,pai_3cols_20211228_152950_9968813248_600_800.png,/scratch/parceirosbr/bigoilict/share/BigOil/document_generator/datasets/documents_2021_12_28/pai_3cols_20211228_152950_9968813248_600_800.png,pai_3cols_20211228_152950_9968813248_600_800_mask.png,vezes
13,5,27,11,427,299,454,310,427,299,454,299,454,310,427,310,text,table_text,table_0,opensans,regular,9.0,pai_3cols_20211228_152950_9968813248_600_800.png,/scratch/parceirosbr/bigoilict/share/BigOil/document_generator/datasets/documents_2021_12_28/pai_3cols_20211228_152950_9968813248_600_800.png,pai_3cols_20211228_152950_9968813248_600_800_mask.png,prática
13,5,27,11,427,299,454,310,427,299,454,299,454,310,427,310,sub_line_text,table_text,table_0,opensans,regular,9.0,pai_3cols_20211228_152950_9968813248_600_800.png,/scratch/parceirosbr/bigoilict/share/BigOil/document_generator/datasets/documents_2021_12_28/pai_3cols_20211228_152950_9968813248_600_800.png,pai_3cols_20211228_152950_9968813248_600_800_mask.png,prática
22,5,45,11,419,314,464,325,419,314,464,314,464,325,419,325,text,table_text,table_0,opensans,regular,9.0,pai_3cols_20211228_152950_9968813248_600_800.png,/scratch/parceirosbr/bigoilict/share/BigOil/document_generator/datasets/documents_2021_12_28/pai_3cols_20211228_152950_9968813248_600_800.png,pai_3cols_20211228_152950_9968813248_600_800_mask.png,comentado
22,5,45,11,419,314,464,325,419,314,464,314,464,325,419,325,sub_line_text,table_text,table_0,opensans,regular,9.0,pai_3cols_20211228_152950_9968813248_600_800.png,/scratch/parceirosbr/bigoilict/share/BigOil/document_generator/datasets/documents_2021_12_28/pai_3cols_20211228_152950_9968813248_600_800.png,pai_3cols_20211228_152950_9968813248_600_800_mask.png,comentado
11,5,22,11,431,328,453,339,431,328,453,328,453,339,431,339,text,table_text,table_0,opensans,regular,9.0,pai_3cols_20211228_152950_9968813248_600_800.png,/scratch/parceirosbr/bigoilict/share/BigOil/document_generator/datasets/documents_2021_12_28/pai_3cols_20211228_152950_9968813248_600_800.png,pai_3cols_20211228_152950_9968813248_600_800_mask.png,áreas
11,5,22,11,431,328,453,339,431,328,453,328,453,339,431,339,sub_line_text,table_text,table_0,opensans,regular,9.0,pai_3cols_20211228_152950_9968813248_600_800.png,/scratch/parceirosbr/bigoilict/share/BigOil/document_generator/datasets/documents_2021_12_28/pai_3cols_20211228_152950_9968813248_600_800.png,pai_3cols_20211228_152950_9968813248_600_800_mask.png,áreas
25,5,50,11,497,212,547,223,497,212,547,212,547,223,497,223,text,table_text,table_0,opensans,bold,9.0,pai_3cols_20211228_152950_9968813248_600_800.png,/scratch/parceirosbr/bigoilict/share/BigOil/document_generator/datasets/documents_2021_12_28/pai_3cols_20211228_152950_9968813248_600_800.png,pai_3cols_20211228_152950_9968813248_600_800_mask.png,viscosidade
25,5,50,11,497,212,547,223,497,212,547,212,547,223,497,223,sub_line_text,table_text,table_0,opensans,bold,9.0,pai_3cols_20211228_152950_9968813248_600_800.png,/scratch/parceirosbr/bigoilict/share/BigOil/document_generator/datasets/documents_2021_12_28/pai_3cols_20211228_152950_9968813248_600_800.png,pai_3cols_20211228_152950_9968813248_600_800_mask.png,viscosidade
17,5,35,11,512,227,547,238,512,227,547,227,547,238,512,238,text,table_text,table_0,opensans,regular,9.0,pai_3cols_20211228_152950_9968813248_600_800.png,/scratch/parceirosbr/bigoilict/share/BigOil/document_generator/datasets/documents_2021_12_28/pai_3cols_20211228_152950_9968813248_600_800.png,pai_3cols_20211228_152950_9968813248_600_800_mask.png,462432.6
17,5,35,11,512,227,547,238,512,227,547,227,547,238,512,238,sub_line_text,table_text,table_0,opensans,regular,9.0,pai_3cols_20211228_152950_9968813248_600_800.png,/scratch/parceirosbr/bigoilict/share/BigOil/document_generator/datasets/documents_2021_12_28/pai_3cols_20211228_152950_9968813248_600_800.png,pai_3cols_20211228_152950_9968813248_600_800_mask.png,462432.6
17,5,35,11,512,241,547,252,512,241,547,241,547,252,512,252,text,table_text,table_0,opensans,regular,9.0,pai_3cols_20211228_152950_9968813248_600_800.png,/scratch/parceirosbr/bigoilict/share/BigOil/document_generator/datasets/documents_2021_12_28/pai_3cols_20211228_152950_9968813248_600_800.png,pai_3cols_20211228_152950_9968813248_600_800_mask.png,941275.8
17,5,35,11,512,241,547,252,512,241,547,241,547,252,512,252,sub_line_text,table_text,table_0,opensans,regular,9.0,pai_3cols_20211228_152950_9968813248_600_800.png,/scratch/parceirosbr/bigoilict/share/BigOil/document_generator/datasets/documents_2021_12_28/pai_3cols_20211228_152950_9968813248_600_800.png,pai_3cols_20211228_152950_9968813248_600_800_mask.png,941275.8
20,5,40,11,507,256,547,267,507,256,547,256,547,267,507,267,text,table_text,table_0,opensans,regular,9.0,pai_3cols_20211228_152950_9968813248_600_800.png,/scratch/parceirosbr/bigoilict/share/BigOil/document_generator/datasets/documents_2021_12_28/pai_3cols_20211228_152950_9968813248_600_800.png,pai_3cols_20211228_152950_9968813248_600_800_mask.png,1372230.3
20,5,40,11,507,256,547,267,507,256,547,256,547,267,507,267,sub_line_text,table_text,table_0,opensans,regular,9.0,pai_3cols_20211228_152950_9968813248_600_800.png,/scratch/parceirosbr/bigoilict/share/BigOil/document_generator/datasets/documents_2021_12_28/pai_3cols_20211228_152950_9968813248_600_800.png,pai_3cols_20211228_152950_9968813248_600_800_mask.png,1372230.3
13,5,26,11,522,270,548,281,522,270,548,270,548,281,522,281,text,table_text,table_0,opensans,regular,9.0,pai_3cols_20211228_152950_9968813248_600_800.png,/scratch/parceirosbr/bigoilict/share/BigOil/document_generator/datasets/documents_2021_12_28/pai_3cols_20211228_152950_9968813248_600_800.png,pai_3cols_20211228_152950_9968813248_600_800_mask.png,6904.1
13,5,26,11,522,270,548,281,522,270,548,270,548,281,522,281,sub_line_text,table_text,table_0,opensans,regular,9.0,pai_3cols_20211228_152950_9968813248_600_800.png,/scratch/parceirosbr/bigoilict/share/BigOil/document_generator/datasets/documents_2021_12_28/pai_3cols_20211228_152950_9968813248_600_800.png,pai_3cols_20211228_152950_9968813248_600_800_mask.png,6904.1
20,5,40,11,507,285,547,296,507,285,547,285,547,296,507,296,text,table_text,table_0,opensans,regular,9.0,pai_3cols_20211228_152950_9968813248_600_800.png,/scratch/parceirosbr/bigoilict/share/BigOil/document_generator/datasets/documents_2021_12_28/pai_3cols_20211228_152950_9968813248_600_800.png,pai_3cols_20211228_152950_9968813248_600_800_mask.png,5150647.0
20,5,40,11,507,285,547,296,507,285,547,285,547,296,507,296,sub_line_text,table_text,table_0,opensans,regular,9.0,pai_3cols_20211228_152950_9968813248_600_800.png,/scratch/parceirosbr/bigoilict/share/BigOil/document_generator/datasets/documents_2021_12_28/pai_3cols_20211228_152950_9968813248_600_800.png,pai_3cols_20211228_152950_9968813248_600_800_mask.png,5150647.0
20,5,40,11,507,299,547,310,507,299,547,299,547,310,507,310,text,table_text,table_0,opensans,regular,9.0,pai_3cols_20211228_152950_9968813248_600_800.png,/scratch/parceirosbr/bigoilict/share/BigOil/document_generator/datasets/documents_2021_12_28/pai_3cols_20211228_152950_9968813248_600_800.png,pai_3cols_20211228_152950_9968813248_600_800_mask.png,3576748.1
20,5,40,11,507,299,547,310,507,299,547,299,547,310,507,310,sub_line_text,table_text,table_0,opensans,regular,9.0,pai_3cols_20211228_152950_9968813248_600_800.png,/scratch/parceirosbr/bigoilict/share/BigOil/document_generator/datasets/documents_2021_12_28/pai_3cols_20211228_152950_9968813248_600_800.png,pai_3cols_20211228_152950_9968813248_600_800_mask.png,3576748.1
17,5,35,11,512,314,547,325,512,314,547,314,547,325,512,325,text,table_text,table_0,opensans,regular,9.0,pai_3cols_20211228_152950_9968813248_600_800.png,/scratch/parceirosbr/bigoilict/share/BigOil/document_generator/datasets/documents_2021_12_28/pai_3cols_20211228_152950_9968813248_600_800.png,pai_3cols_20211228_152950_9968813248_600_800_mask.png,537961.7
17,5,35,11,512,314,547,325,512,314,547,314,547,325,512,325,sub_line_text,table_text,table_0,opensans,regular,9.0,pai_3cols_20211228_152950_9968813248_600_800.png,/scratch/parceirosbr/bigoilict/share/BigOil/document_generator/datasets/documents_2021_12_28/pai_3cols_20211228_152950_9968813248_600_800.png,pai_3cols_20211228_152950_9968813248_600_800_mask.png,537961.7
10,5,21,11,526,328,547,339,526,328,547,328,547,339,526,339,text,table_text,table_0,opensans,regular,9.0,pai_3cols_20211228_152950_9968813248_600_800.png,/scratch/parceirosbr/bigoilict/share/BigOil/document_generator/datasets/documents_2021_12_28/pai_3cols_20211228_152950_9968813248_600_800.png,pai_3cols_20211228_152950_9968813248_600_800_mask.png,377.5
10,5,21,11,526,328,547,339,526,328,547,328,547,339,526,339,sub_line_text,table_text,table_0,opensans,regular,9.0,pai_3cols_20211228_152950_9968813248_600_800.png,/scratch/parceirosbr/bigoilict/share/BigOil/document_generator/datasets/documents_2021_12_28/pai_3cols_20211228_152950_9968813248_600_800.png,pai_3cols_20211228_152950_9968813248_600_800_mask.png,377.5
61,5,123,10,425,371,548,381,425,371,548,371,548,381,425,381,sub_line_text,figure_legend,figure_3,arial,regular,8,pai_3cols_20211228_152950_9968813248_600_800.png,/scratch/parceirosbr/bigoilict/share/BigOil/document_generator/datasets/documents_2021_12_28/pai_3cols_20211228_152950_9968813248_600_800.png,pai_3cols_20211228_152950_9968813248_600_800_mask.png,Fig.   105:    Esse  enriquecimento  é
51,5,103,10,425,387,528,397,425,387,528,387,528,397,425,397,sub_line_text,figure_legend,figure_3,arial,regular,8,pai_3cols_20211228_152950_9968813248_600_800.png,/scratch/parceirosbr/bigoilict/share/BigOil/document_generator/datasets/documents_2021_12_28/pai_3cols_20211228_152950_9968813248_600_800.png,pai_3cols_20211228_152950_9968813248_600_800_mask.png,causado pela dissolução de co
61,13,123,26,425,371,548,397,425,371,548,371,548,397,425,397,text,figure_legend,figure_3,arial,regular,8,pai_3cols_20211228_152950_9968813248_600_800.png,/scratch/parceirosbr/bigoilict/share/BigOil/document_generator/datasets/documents_2021_12_28/pai_3cols_20211228_152950_9968813248_600_800.png,pai_3cols_20211228_152950_9968813248_600_800_mask.png,nan
72,72,144,144,410,402,554,546,410,402,554,402,554,546,410,546,image,figure_image,figure_3,,,,pai_3cols_20211228_152950_9968813248_600_800.png,/scratch/parceirosbr/bigoilict/share/BigOil/document_generator/datasets/documents_2021_12_28/pai_3cols_20211228_152950_9968813248_600_800.png,pai_3cols_20211228_152950_9968813248_600_800_mask.png,output/gen_img_20211228_152954_5054663591.png
9,-2,19,-5,480,439,499,434,480,429,501,439,499,445,477,434,text,figure_text,figure_3,,,,pai_3cols_20211228_152950_9968813248_600_800.png,/scratch/parceirosbr/bigoilict/share/BigOil/document_generator/datasets/documents_2021_12_28/pai_3cols_20211228_152950_9968813248_600_800.png,pai_3cols_20211228_152950_9968813248_600_800_mask.png,Detour
9,-2,19,-5,480,439,499,434,480,429,501,439,499,445,477,434,sub_line_text,figure_text,figure_3,,,,pai_3cols_20211228_152950_9968813248_600_800.png,/scratch/parceirosbr/bigoilict/share/BigOil/document_generator/datasets/documents_2021_12_28/pai_3cols_20211228_152950_9968813248_600_800.png,pai_3cols_20211228_152950_9968813248_600_800_mask.png,Detour
15,2,31,4,468,455,499,459,468,454,499,455,499,460,467,459,text,figure_text,figure_3,,,,pai_3cols_20211228_152950_9968813248_600_800.png,/scratch/parceirosbr/bigoilict/share/BigOil/document_generator/datasets/documents_2021_12_28/pai_3cols_20211228_152950_9968813248_600_800.png,pai_3cols_20211228_152950_9968813248_600_800_mask.png,-5255.2%
15,2,31,4,468,455,499,459,468,454,499,455,499,460,467,459,sub_line_text,figure_text,figure_3,,,,pai_3cols_20211228_152950_9968813248_600_800.png,/scratch/parceirosbr/bigoilict/share/BigOil/document_generator/datasets/documents_2021_12_28/pai_3cols_20211228_152950_9968813248_600_800.png,pai_3cols_20211228_152950_9968813248_600_800_mask.png,-5255.2%
29,2,59,5,479,421,538,426,479,419,538,421,538,428,478,426,text,figure_text,figure_3,,,,pai_3cols_20211228_152950_9968813248_600_800.png,/scratch/parceirosbr/bigoilict/share/BigOil/document_generator/datasets/documents_2021_12_28/pai_3cols_20211228_152950_9968813248_600_800.png,pai_3cols_20211228_152950_9968813248_600_800_mask.png,Processing (KB)
29,2,59,5,479,421,538,426,479,419,538,421,538,428,478,426,sub_line_text,figure_text,figure_3,,,,pai_3cols_20211228_152950_9968813248_600_800.png,/scratch/parceirosbr/bigoilict/share/BigOil/document_generator/datasets/documents_2021_12_28/pai_3cols_20211228_152950_9968813248_600_800.png,pai_3cols_20211228_152950_9968813248_600_800_mask.png,Processing (KB)
18,-2,37,-4,505,534,542,530,505,524,543,534,542,540,503,530,text,figure_text,figure_3,,,,pai_3cols_20211228_152950_9968813248_600_800.png,/scratch/parceirosbr/bigoilict/share/BigOil/document_generator/datasets/documents_2021_12_28/pai_3cols_20211228_152950_9968813248_600_800.png,pai_3cols_20211228_152950_9968813248_600_800_mask.png,Level [kw]
18,-2,37,-4,505,534,542,530,505,524,543,534,542,540,503,530,sub_line_text,figure_text,figure_3,,,,pai_3cols_20211228_152950_9968813248_600_800.png,/scratch/parceirosbr/bigoilict/share/BigOil/document_generator/datasets/documents_2021_12_28/pai_3cols_20211228_152950_9968813248_600_800.png,pai_3cols_20211228_152950_9968813248_600_800_mask.png,Level [kw]
26,-2,53,-5,493,477,546,472,493,465,548,477,546,483,492,472,text,figure_text,figure_3,,,,pai_3cols_20211228_152950_9968813248_600_800.png,/scratch/parceirosbr/bigoilict/share/BigOil/document_generator/datasets/documents_2021_12_28/pai_3cols_20211228_152950_9968813248_600_800.png,pai_3cols_20211228_152950_9968813248_600_800_mask.png,Frequency [Hz]
26,-2,53,-5,493,477,546,472,493,465,548,477,546,483,492,472,sub_line_text,figure_text,figure_3,,,,pai_3cols_20211228_152950_9968813248_600_800.png,/scratch/parceirosbr/bigoilict/share/BigOil/document_generator/datasets/documents_2021_12_28/pai_3cols_20211228_152950_9968813248_600_800.png,pai_3cols_20211228_152950_9968813248_600_800_mask.png,Frequency [Hz]
29,-1,58,-2,454,514,512,512,454,505,513,514,512,521,453,512,text,figure_text,figure_3,,,,pai_3cols_20211228_152950_9968813248_600_800.png,/scratch/parceirosbr/bigoilict/share/BigOil/document_generator/datasets/documents_2021_12_28/pai_3cols_20211228_152950_9968813248_600_800.png,pai_3cols_20211228_152950_9968813248_600_800_mask.png,Processing [MB]
29,-1,58,-2,454,514,512,512,454,505,513,514,512,521,453,512,sub_line_text,figure_text,figure_3,,,,pai_3cols_20211228_152950_9968813248_600_800.png,/scratch/parceirosbr/bigoilict/share/BigOil/document_generator/datasets/documents_2021_12_28/pai_3cols_20211228_152950_9968813248_600_800.png,pai_3cols_20211228_152950_9968813248_600_800_mask.png,Processing [MB]
15,8,31,17,516,486,547,503,516,498,545,486,547,491,518,503,text,figure_text,figure_3,,,,pai_3cols_20211228_152950_9968813248_600_800.png,/scratch/parceirosbr/bigoilict/share/BigOil/document_generator/datasets/documents_2021_12_28/pai_3cols_20211228_152950_9968813248_600_800.png,pai_3cols_20211228_152950_9968813248_600_800_mask.png,-6143.99
15,8,31,17,516,486,547,503,516,498,545,486,547,491,518,503,sub_line_text,figure_text,figure_3,,,,pai_3cols_20211228_152950_9968813248_600_800.png,/scratch/parceirosbr/bigoilict/share/BigOil/document_generator/datasets/documents_2021_12_28/pai_3cols_20211228_152950_9968813248_600_800.png,pai_3cols_20211228_152950_9968813248_600_800_mask.png,-6143.99
18,6,37,12,441,465,478,477,441,471,477,465,478,471,442,477,text,figure_text,figure_3,,,,pai_3cols_20211228_152950_9968813248_600_800.png,/scratch/parceirosbr/bigoilict/share/BigOil/document_generator/datasets/documents_2021_12_28/pai_3cols_20211228_152950_9968813248_600_800.png,pai_3cols_20211228_152950_9968813248_600_800_mask.png,-6216.596
18,6,37,12,441,465,478,477,441,471,477,465,478,471,442,477,sub_line_text,figure_text,figure_3,,,,pai_3cols_20211228_152950_9968813248_600_800.png,/scratch/parceirosbr/bigoilict/share/BigOil/document_generator/datasets/documents_2021_12_28/pai_3cols_20211228_152950_9968813248_600_800.png,pai_3cols_20211228_152950_9968813248_600_800_mask.png,-6216.596
20,8,40,17,429,429,469,446,429,440,467,429,469,434,430,446,text,figure_text,figure_3,,,,pai_3cols_20211228_152950_9968813248_600_800.png,/scratch/parceirosbr/bigoilict/share/BigOil/document_generator/datasets/documents_2021_12_28/pai_3cols_20211228_152950_9968813248_600_800.png,pai_3cols_20211228_152950_9968813248_600_800_mask.png,Conversion
20,8,40,17,429,429,469,446,429,440,467,429,469,434,430,446,sub_line_text,figure_text,figure_3,,,,pai_3cols_20211228_152950_9968813248_600_800.png,/scratch/parceirosbr/bigoilict/share/BigOil/document_generator/datasets/documents_2021_12_28/pai_3cols_20211228_152950_9968813248_600_800.png,pai_3cols_20211228_152950_9968813248_600_800_mask.png,Conversion
59,5,118,10,425,555,543,565,425,555,543,555,543,565,425,565,sub_line_text,figure_legend,figure_4,arial,regular,8,pai_3cols_20211228_152950_9968813248_600_800.png,/scratch/parceirosbr/bigoilict/share/BigOil/document_generator/datasets/documents_2021_12_28/pai_3cols_20211228_152950_9968813248_600_800.png,pai_3cols_20211228_152950_9968813248_600_800_mask.png,"Figura   24:      Impende   sublinhar,"
51,5,102,10,425,571,527,581,425,571,527,571,527,581,425,581,sub_line_text,figure_legend,figure_4,arial,regular,8,pai_3cols_20211228_152950_9968813248_600_800.png,/scratch/parceirosbr/bigoilict/share/BigOil/document_generator/datasets/documents_2021_12_28/pai_3cols_20211228_152950_9968813248_600_800.png,pai_3cols_20211228_152950_9968813248_600_800_mask.png,"em remate, que a alocação da"
59,13,118,26,425,555,543,581,425,555,543,555,543,581,425,581,text,figure_legend,figure_4,arial,regular,8,pai_3cols_20211228_152950_9968813248_600_800.png,/scratch/parceirosbr/bigoilict/share/BigOil/document_generator/datasets/documents_2021_12_28/pai_3cols_20211228_152950_9968813248_600_800.png,pai_3cols_20211228_152950_9968813248_600_800_mask.png,nan
63,47,126,95,419,586,545,681,419,586,545,586,545,681,419,681,image,figure_image,figure_4,,,,pai_3cols_20211228_152950_9968813248_600_800.png,/scratch/parceirosbr/bigoilict/share/BigOil/document_generator/datasets/documents_2021_12_28/pai_3cols_20211228_152950_9968813248_600_800.png,pai_3cols_20211228_152950_9968813248_600_800_mask.png,output/gen_img_20211228_152954_8353318830.png
0,-4,1,-8,442,648,443,640,442,640,445,648,443,649,440,640,text,figure_text,figure_4,,,,pai_3cols_20211228_152950_9968813248_600_800.png,/scratch/parceirosbr/bigoilict/share/BigOil/document_generator/datasets/documents_2021_12_28/pai_3cols_20211228_152950_9968813248_600_800.png,pai_3cols_20211228_152950_9968813248_600_800_mask.png,Reaction
0,-4,1,-8,442,648,443,640,442,640,445,648,443,649,440,640,sub_line_text,figure_text,figure_4,,,,pai_3cols_20211228_152950_9968813248_600_800.png,/scratch/parceirosbr/bigoilict/share/BigOil/document_generator/datasets/documents_2021_12_28/pai_3cols_20211228_152950_9968813248_600_800.png,pai_3cols_20211228_152950_9968813248_600_800_mask.png,Reaction
0,-4,1,-9,535,628,536,619,535,618,539,628,536,629,532,619,text,figure_text,figure_4,,,,pai_3cols_20211228_152950_9968813248_600_800.png,/scratch/parceirosbr/bigoilict/share/BigOil/document_generator/datasets/documents_2021_12_28/pai_3cols_20211228_152950_9968813248_600_800.png,pai_3cols_20211228_152950_9968813248_600_800_mask.png,Movement
0,-4,1,-9,535,628,536,619,535,618,539,628,536,629,532,619,sub_line_text,figure_text,figure_4,,,,pai_3cols_20211228_152950_9968813248_600_800.png,/scratch/parceirosbr/bigoilict/share/BigOil/document_generator/datasets/documents_2021_12_28/pai_3cols_20211228_152950_9968813248_600_800.png,pai_3cols_20211228_152950_9968813248_600_800_mask.png,Movement
0,-3,0,-7,489,648,489,641,489,640,492,648,489,649,486,641,text,figure_text,figure_4,,,,pai_3cols_20211228_152950_9968813248_600_800.png,/scratch/parceirosbr/bigoilict/share/BigOil/document_generator/datasets/documents_2021_12_28/pai_3cols_20211228_152950_9968813248_600_800.png,pai_3cols_20211228_152950_9968813248_600_800_mask.png,Data (KB)
0,-3,0,-7,489,648,489,641,489,640,492,648,489,649,486,641,sub_line_text,figure_text,figure_4,,,,pai_3cols_20211228_152950_9968813248_600_800.png,/scratch/parceirosbr/bigoilict/share/BigOil/document_generator/datasets/documents_2021_12_28/pai_3cols_20211228_152950_9968813248_600_800.png,pai_3cols_20211228_152950_9968813248_600_800_mask.png,Data (KB)
0,-1,-1,-2,467,651,466,649,467,648,469,651,466,652,465,649,text,figure_text,figure_4,,,,pai_3cols_20211228_152950_9968813248_600_800.png,/scratch/parceirosbr/bigoilict/share/BigOil/document_generator/datasets/documents_2021_12_28/pai_3cols_20211228_152950_9968813248_600_800.png,pai_3cols_20211228_152950_9968813248_600_800_mask.png,294
0,-1,-1,-2,467,651,466,649,467,648,469,651,466,652,465,649,sub_line_text,figure_text,figure_4,,,,pai_3cols_20211228_152950_9968813248_600_800.png,/scratch/parceirosbr/bigoilict/share/BigOil/document_generator/datasets/documents_2021_12_28/pai_3cols_20211228_152950_9968813248_600_800.png,pai_3cols_20211228_152950_9968813248_600_800_mask.png,294
0,-3,0,-6,429,631,429,625,429,624,431,631,429,631,427,625,text,figure_text,figure_4,,,,pai_3cols_20211228_152950_9968813248_600_800.png,/scratch/parceirosbr/bigoilict/share/BigOil/document_generator/datasets/documents_2021_12_28/pai_3cols_20211228_152950_9968813248_600_800.png,pai_3cols_20211228_152950_9968813248_600_800_mask.png,-8922%
0,-3,0,-6,429,631,429,625,429,624,431,631,429,631,427,625,sub_line_text,figure_text,figure_4,,,,pai_3cols_20211228_152950_9968813248_600_800.png,/scratch/parceirosbr/bigoilict/share/BigOil/document_generator/datasets/documents_2021_12_28/pai_3cols_20211228_152950_9968813248_600_800.png,pai_3cols_20211228_152950_9968813248_600_800_mask.png,-8922%
0,-3,1,-6,458,594,459,588,458,587,460,594,459,595,456,588,text,figure_text,figure_4,,,,pai_3cols_20211228_152950_9968813248_600_800.png,/scratch/parceirosbr/bigoilict/share/BigOil/document_generator/datasets/documents_2021_12_28/pai_3cols_20211228_152950_9968813248_600_800.png,pai_3cols_20211228_152950_9968813248_600_800_mask.png,-3677.8
0,-3,1,-6,458,594,459,588,458,587,460,594,459,595,456,588,sub_line_text,figure_text,figure_4,,,,pai_3cols_20211228_152950_9968813248_600_800.png,/scratch/parceirosbr/bigoilict/share/BigOil/document_generator/datasets/documents_2021_12_28/pai_3cols_20211228_152950_9968813248_600_800.png,pai_3cols_20211228_152950_9968813248_600_800_mask.png,-3677.8
0,-2,0,-5,496,662,496,657,496,656,498,662,496,662,494,657,text,figure_text,figure_4,,,,pai_3cols_20211228_152950_9968813248_600_800.png,/scratch/parceirosbr/bigoilict/share/BigOil/document_generator/datasets/documents_2021_12_28/pai_3cols_20211228_152950_9968813248_600_800.png,pai_3cols_20211228_152950_9968813248_600_800_mask.png,402.4
0,-2,0,-5,496,662,496,657,496,656,498,662,496,662,494,657,sub_line_text,figure_text,figure_4,,,,pai_3cols_20211228_152950_9968813248_600_800.png,/scratch/parceirosbr/bigoilict/share/BigOil/document_generator/datasets/documents_2021_12_28/pai_3cols_20211228_152950_9968813248_600_800.png,pai_3cols_20211228_152950_9968813248_600_800_mask.png,402.4
0,-2,0,-5,536,648,536,643,536,642,538,648,536,649,533,643,text,figure_text,figure_4,,,,pai_3cols_20211228_152950_9968813248_600_800.png,/scratch/parceirosbr/bigoilict/share/BigOil/document_generator/datasets/documents_2021_12_28/pai_3cols_20211228_152950_9968813248_600_800.png,pai_3cols_20211228_152950_9968813248_600_800_mask.png,-360.1
0,-2,0,-5,536,648,536,643,536,642,538,648,536,649,533,643,sub_line_text,figure_text,figure_4,,,,pai_3cols_20211228_152950_9968813248_600_800.png,/scratch/parceirosbr/bigoilict/share/BigOil/document_generator/datasets/documents_2021_12_28/pai_3cols_20211228_152950_9968813248_600_800.png,pai_3cols_20211228_152950_9968813248_600_800_mask.png,-360.1
0,-2,-1,-4,473,606,472,602,473,601,475,606,472,607,470,602,text,figure_text,figure_4,,,,pai_3cols_20211228_152950_9968813248_600_800.png,/scratch/parceirosbr/bigoilict/share/BigOil/document_generator/datasets/documents_2021_12_28/pai_3cols_20211228_152950_9968813248_600_800.png,pai_3cols_20211228_152950_9968813248_600_800_mask.png,-4567
0,-2,-1,-4,473,606,472,602,473,601,475,606,472,607,470,602,sub_line_text,figure_text,figure_4,,,,pai_3cols_20211228_152950_9968813248_600_800.png,/scratch/parceirosbr/bigoilict/share/BigOil/document_generator/datasets/documents_2021_12_28/pai_3cols_20211228_152950_9968813248_600_800.png,pai_3cols_20211228_152950_9968813248_600_800_mask.png,-4567
0,-2,0,-4,423,669,423,665,423,664,424,669,423,670,421,665,text,figure_text,figure_4,,,,pai_3cols_20211228_152950_9968813248_600_800.png,/scratch/parceirosbr/bigoilict/share/BigOil/document_generator/datasets/documents_2021_12_28/pai_3cols_20211228_152950_9968813248_600_800.png,pai_3cols_20211228_152950_9968813248_600_800_mask.png,Leak
0,-2,0,-4,423,669,423,665,423,664,424,669,423,670,421,665,sub_line_text,figure_text,figure_4,,,,pai_3cols_20211228_152950_9968813248_600_800.png,/scratch/parceirosbr/bigoilict/share/BigOil/document_generator/datasets/documents_2021_12_28/pai_3cols_20211228_152950_9968813248_600_800.png,pai_3cols_20211228_152950_9968813248_600_800_mask.png,Leak
1,-5,3,-10,460,626,463,616,460,615,465,626,463,627,458,616,text,figure_text,figure_4,,,,pai_3cols_20211228_152950_9968813248_600_800.png,/scratch/parceirosbr/bigoilict/share/BigOil/document_generator/datasets/documents_2021_12_28/pai_3cols_20211228_152950_9968813248_600_800.png,pai_3cols_20211228_152950_9968813248_600_800_mask.png,Volume [GB]
1,-5,3,-10,460,626,463,616,460,615,465,626,463,627,458,616,sub_line_text,figure_text,figure_4,,,,pai_3cols_20211228_152950_9968813248_600_800.png,/scratch/parceirosbr/bigoilict/share/BigOil/document_generator/datasets/documents_2021_12_28/pai_3cols_20211228_152950_9968813248_600_800.png,pai_3cols_20211228_152950_9968813248_600_800_mask.png,Volume [GB]
0,-3,1,-7,524,604,525,597,524,597,527,604,525,604,522,597,text,figure_text,figure_4,,,,pai_3cols_20211228_152950_9968813248_600_800.png,/scratch/parceirosbr/bigoilict/share/BigOil/document_generator/datasets/documents_2021_12_28/pai_3cols_20211228_152950_9968813248_600_800.png,pai_3cols_20211228_152950_9968813248_600_800_mask.png,-3741.5
0,-3,1,-7,524,604,525,597,524,597,527,604,525,604,522,597,sub_line_text,figure_text,figure_4,,,,pai_3cols_20211228_152950_9968813248_600_800.png,/scratch/parceirosbr/bigoilict/share/BigOil/document_generator/datasets/documents_2021_12_28/pai_3cols_20211228_152950_9968813248_600_800.png,pai_3cols_20211228_152950_9968813248_600_800_mask.png,-3741.5
0,-3,0,-7,495,653,495,646,495,646,498,653,495,654,493,646,text,figure_text,figure_4,,,,pai_3cols_20211228_152950_9968813248_600_800.png,/scratch/parceirosbr/bigoilict/share/BigOil/document_generator/datasets/documents_2021_12_28/pai_3cols_20211228_152950_9968813248_600_800.png,pai_3cols_20211228_152950_9968813248_600_800_mask.png,Activity
0,-3,0,-7,495,653,495,646,495,646,498,653,495,654,493,646,sub_line_text,figure_text,figure_4,,,,pai_3cols_20211228_152950_9968813248_600_800.png,/scratch/parceirosbr/bigoilict/share/BigOil/document_generator/datasets/documents_2021_12_28/pai_3cols_20211228_152950_9968813248_600_800.png,pai_3cols_20211228_152950_9968813248_600_800_mask.png,Activity
0,-4,1,-8,433,676,434,668,433,667,436,676,434,677,430,668,text,figure_text,figure_4,,,,pai_3cols_20211228_152950_9968813248_600_800.png,/scratch/parceirosbr/bigoilict/share/BigOil/document_generator/datasets/documents_2021_12_28/pai_3cols_20211228_152950_9968813248_600_800.png,pai_3cols_20211228_152950_9968813248_600_800_mask.png,Volume (l)
0,-4,1,-8,433,676,434,668,433,667,436,676,434,677,430,668,sub_line_text,figure_text,figure_4,,,,pai_3cols_20211228_152950_9968813248_600_800.png,/scratch/parceirosbr/bigoilict/share/BigOil/document_generator/datasets/documents_2021_12_28/pai_3cols_20211228_152950_9968813248_600_800.png,pai_3cols_20211228_152950_9968813248_600_800_mask.png,Volume (l)
1,-7,3,-14,520,671,523,657,520,656,526,671,523,672,517,657,text,figure_text,figure_4,,,,pai_3cols_20211228_152950_9968813248_600_800.png,/scratch/parceirosbr/bigoilict/share/BigOil/document_generator/datasets/documents_2021_12_28/pai_3cols_20211228_152950_9968813248_600_800.png,pai_3cols_20211228_152950_9968813248_600_800_mask.png,Processing (KB)
1,-7,3,-14,520,671,523,657,520,656,526,671,523,672,517,657,sub_line_text,figure_text,figure_4,,,,pai_3cols_20211228_152950_9968813248_600_800.png,/scratch/parceirosbr/bigoilict/share/BigOil/document_generator/datasets/documents_2021_12_28/pai_3cols_20211228_152950_9968813248_600_800.png,pai_3cols_20211228_152950_9968813248_600_800_mask.png,Processing (KB)
0,-3,0,-7,480,662,480,655,480,654,482,662,480,663,477,655,text,figure_text,figure_4,,,,pai_3cols_20211228_152950_9968813248_600_800.png,/scratch/parceirosbr/bigoilict/share/BigOil/document_generator/datasets/documents_2021_12_28/pai_3cols_20211228_152950_9968813248_600_800.png,pai_3cols_20211228_152950_9968813248_600_800_mask.png,Male [M]
0,-3,0,-7,480,662,480,655,480,654,482,662,480,663,477,655,sub_line_text,figure_text,figure_4,,,,pai_3cols_20211228_152950_9968813248_600_800.png,/scratch/parceirosbr/bigoilict/share/BigOil/document_generator/datasets/documents_2021_12_28/pai_3cols_20211228_152950_9968813248_600_800.png,pai_3cols_20211228_152950_9968813248_600_800_mask.png,Male [M]
0,-3,1,-6,487,664,488,658,487,657,490,664,488,665,485,658,text,figure_text,figure_4,,,,pai_3cols_20211228_152950_9968813248_600_800.png,/scratch/parceirosbr/bigoilict/share/BigOil/document_generator/datasets/documents_2021_12_28/pai_3cols_20211228_152950_9968813248_600_800.png,pai_3cols_20211228_152950_9968813248_600_800_mask.png,-8988%
0,-3,1,-6,487,664,488,658,487,657,490,664,488,665,485,658,sub_line_text,figure_text,figure_4,,,,pai_3cols_20211228_152950_9968813248_600_800.png,/scratch/parceirosbr/bigoilict/share/BigOil/document_generator/datasets/documents_2021_12_28/pai_3cols_20211228_152950_9968813248_600_800.png,pai_3cols_20211228_152950_9968813248_600_800_mask.png,-8988%
60,5,120,11,431,690,551,701,431,690,551,690,551,701,431,701,sub_line_text,text,text_6,arial,regular,9,pai_3cols_20211228_152950_9968813248_600_800.png,/scratch/parceirosbr/bigoilict/share/BigOil/document_generator/datasets/documents_2021_12_28/pai_3cols_20211228_152950_9968813248_600_800.png,pai_3cols_20211228_152950_9968813248_600_800_mask.png,O  estrito  cumprimento des-
70,5,141,11,410,708,551,719,410,708,551,708,551,719,410,719,sub_line_text,text,text_6,arial,regular,9,pai_3cols_20211228_152950_9968813248_600_800.png,/scratch/parceirosbr/bigoilict/share/BigOil/document_generator/datasets/documents_2021_12_28/pai_3cols_20211228_152950_9968813248_600_800.png,pai_3cols_20211228_152950_9968813248_600_800_mask.png,tes limites de concentrações nos.
70,14,141,29,410,690,551,719,410,690,551,690,551,719,410,719,text,text,text_6,arial,regular,9,pai_3cols_20211228_152950_9968813248_600_800.png,/scratch/parceirosbr/bigoilict/share/BigOil/document_generator/datasets/documents_2021_12_28/pai_3cols_20211228_152950_9968813248_600_800.png,pai_3cols_20211228_152950_9968813248_600_800_mask.png,nan
