center_x,center_y,width,height,xmin,ymin,xmax,ymax,top_left_x,top_left_y,top_right_x,top_right_y,bottom_right_x,bottom_right_y,bottom_left_x,bottom_left_y,label,grouplabel,group,text_font,text_style,size_font,filename,path,filename_mask,content
300,400,600,800,0,0,600,800,0,0,600,0,600,800,0,800,document,,,,,,pai_1col_20211228_152732_2732963299_600_800.png,/scratch/parceirosbr/bigoilict/share/BigOil/document_generator/datasets/documents_2021_12_28/pai_1col_20211228_152732_2732963299_600_800.png,pai_1col_20211228_152732_2732963299_600_800_mask.png,
241,0,483,1,58,715,541,716,58,715,541,715,541,716,58,716,line,line,line,,,,pai_1col_20211228_152732_2732963299_600_800.png,/scratch/parceirosbr/bigoilict/share/BigOil/document_generator/datasets/documents_2021_12_28/pai_1col_20211228_152732_2732963299_600_800.png,pai_1col_20211228_152732_2732963299_600_800_mask.png,nan
5,5,10,10,530,715,540,725,530,715,540,715,540,725,530,725,sub_line_text,numpag,footer_1,times,regular,10,pai_1col_20211228_152732_2732963299_600_800.png,/scratch/parceirosbr/bigoilict/share/BigOil/document_generator/datasets/documents_2021_12_28/pai_1col_20211228_152732_2732963299_600_800.png,pai_1col_20211228_152732_2732963299_600_800_mask.png,39
5,5,10,10,530,715,540,725,530,715,540,715,540,725,530,725,text,numpag,footer_1,times,regular,10,pai_1col_20211228_152732_2732963299_600_800.png,/scratch/parceirosbr/bigoilict/share/BigOil/document_generator/datasets/documents_2021_12_28/pai_1col_20211228_152732_2732963299_600_800.png,pai_1col_20211228_152732_2732963299_600_800_mask.png,nan
1,5,2,10,526,715,528,725,526,715,528,715,528,725,526,725,sub_line_text,footer,footer_1,times,regular,10,pai_1col_20211228_152732_2732963299_600_800.png,/scratch/parceirosbr/bigoilict/share/BigOil/document_generator/datasets/documents_2021_12_28/pai_1col_20211228_152732_2732963299_600_800.png,pai_1col_20211228_152732_2732963299_600_800_mask.png,|
1,5,2,10,526,715,528,725,526,715,528,715,528,725,526,725,text,footer,footer_1,times,regular,10,pai_1col_20211228_152732_2732963299_600_800.png,/scratch/parceirosbr/bigoilict/share/BigOil/document_generator/datasets/documents_2021_12_28/pai_1col_20211228_152732_2732963299_600_800.png,pai_1col_20211228_152732_2732963299_600_800_mask.png,nan
26,5,53,10,472,715,525,725,472,715,525,715,525,725,472,725,sub_line_text,footer,footer_1,times,regular,10,pai_1col_20211228_152732_2732963299_600_800.png,/scratch/parceirosbr/bigoilict/share/BigOil/document_generator/datasets/documents_2021_12_28/pai_1col_20211228_152732_2732963299_600_800.png,pai_1col_20211228_152732_2732963299_600_800_mask.png,"Assim, neste"
26,5,53,10,472,715,525,725,472,715,525,715,525,725,472,725,text,footer,footer_1,times,regular,10,pai_1col_20211228_152732_2732963299_600_800.png,/scratch/parceirosbr/bigoilict/share/BigOil/document_generator/datasets/documents_2021_12_28/pai_1col_20211228_152732_2732963299_600_800.png,pai_1col_20211228_152732_2732963299_600_800_mask.png,nan
133,10,267,21,107,61,374,82,107,61,374,61,374,82,107,82,sub_line_text,title,title_0,times,bolditalic,19,pai_1col_20211228_152732_2732963299_600_800.png,/scratch/parceirosbr/bigoilict/share/BigOil/document_generator/datasets/documents_2021_12_28/pai_1col_20211228_152732_2732963299_600_800.png,pai_1col_20211228_152732_2732963299_600_800_mask.png,Ainda adoção polímeros métodos
133,10,267,21,107,61,374,82,107,61,374,61,374,82,107,82,title,title,title_0,times,bolditalic,19,pai_1col_20211228_152732_2732963299_600_800.png,/scratch/parceirosbr/bigoilict/share/BigOil/document_generator/datasets/documents_2021_12_28/pai_1col_20211228_152732_2732963299_600_800.png,pai_1col_20211228_152732_2732963299_600_800_mask.png,nan
114,9,229,18,120,109,349,127,120,109,349,109,349,127,120,127,sub_line_text,subtitle,subtitle_0,times,regular,16,pai_1col_20211228_152732_2732963299_600_800.png,/scratch/parceirosbr/bigoilict/share/BigOil/document_generator/datasets/documents_2021_12_28/pai_1col_20211228_152732_2732963299_600_800.png,pai_1col_20211228_152732_2732963299_600_800_mask.png,5. Faz-se duas observações imagem:
114,9,229,18,120,109,349,127,120,109,349,109,349,127,120,127,title,subtitle,subtitle_0,times,regular,16,pai_1col_20211228_152732_2732963299_600_800.png,/scratch/parceirosbr/bigoilict/share/BigOil/document_generator/datasets/documents_2021_12_28/pai_1col_20211228_152732_2732963299_600_800.png,pai_1col_20211228_152732_2732963299_600_800_mask.png,nan
193,7,387,15,86,154,473,169,86,154,473,154,473,169,86,169,sub_line_text,subsubtitle,subsubtitle_0,times,bold,13,pai_1col_20211228_152732_2732963299_600_800.png,/scratch/parceirosbr/bigoilict/share/BigOil/document_generator/datasets/documents_2021_12_28/pai_1col_20211228_152732_2732963299_600_800.png,pai_1col_20211228_152732_2732963299_600_800_mask.png,"5.5. Biocombustíveis, de conhecimento aprovação do(s) autor(es) este"
193,7,387,15,86,154,473,169,86,154,473,154,473,169,86,169,title,subsubtitle,subsubtitle_0,times,bold,13,pai_1col_20211228_152732_2732963299_600_800.png,/scratch/parceirosbr/bigoilict/share/BigOil/document_generator/datasets/documents_2021_12_28/pai_1col_20211228_152732_2732963299_600_800.png,pai_1col_20211228_152732_2732963299_600_800_mask.png,nan
27,5,54,11,351,205,405,216,351,205,405,205,405,216,351,216,sub_line_text,equation,equation_0,times,italic,9,pai_1col_20211228_152732_2732963299_600_800.png,/scratch/parceirosbr/bigoilict/share/BigOil/document_generator/datasets/documents_2021_12_28/pai_1col_20211228_152732_2732963299_600_800.png,pai_1col_20211228_152732_2732963299_600_800_mask.png,Equação (29)
162,14,324,29,81,196,405,225,81,196,405,196,405,225,81,225,equation,equation,equation_0,,,,pai_1col_20211228_152732_2732963299_600_800.png,/scratch/parceirosbr/bigoilict/share/BigOil/document_generator/datasets/documents_2021_12_28/pai_1col_20211228_152732_2732963299_600_800.png,pai_1col_20211228_152732_2732963299_600_800_mask.png,
173,117,347,234,58,250,405,484,58,250,405,250,405,484,58,484,image,figure_image,figure_0,,,,pai_1col_20211228_152732_2732963299_600_800.png,/scratch/parceirosbr/bigoilict/share/BigOil/document_generator/datasets/documents_2021_12_28/pai_1col_20211228_152732_2732963299_600_800.png,pai_1col_20211228_152732_2732963299_600_800_mask.png,output/gen_img_20211228_152733_9913916018.png
17,4,34,8,109,402,143,410,109,403,142,402,143,408,109,410,text,figure_text,figure_0,,,,pai_1col_20211228_152732_2732963299_600_800.png,/scratch/parceirosbr/bigoilict/share/BigOil/document_generator/datasets/documents_2021_12_28/pai_1col_20211228_152732_2732963299_600_800.png,pai_1col_20211228_152732_2732963299_600_800_mask.png,Services [N]
17,4,34,8,109,402,143,410,109,403,142,402,143,408,109,410,sub_line_text,figure_text,figure_0,,,,pai_1col_20211228_152732_2732963299_600_800.png,/scratch/parceirosbr/bigoilict/share/BigOil/document_generator/datasets/documents_2021_12_28/pai_1col_20211228_152732_2732963299_600_800.png,pai_1col_20211228_152732_2732963299_600_800_mask.png,Services [N]
12,3,25,6,137,446,162,452,137,446,162,446,162,453,136,452,text,figure_text,figure_0,,,,pai_1col_20211228_152732_2732963299_600_800.png,/scratch/parceirosbr/bigoilict/share/BigOil/document_generator/datasets/documents_2021_12_28/pai_1col_20211228_152732_2732963299_600_800.png,pai_1col_20211228_152732_2732963299_600_800_mask.png,-7613.13%
12,3,25,6,137,446,162,452,137,446,162,446,162,453,136,452,sub_line_text,figure_text,figure_0,,,,pai_1col_20211228_152732_2732963299_600_800.png,/scratch/parceirosbr/bigoilict/share/BigOil/document_generator/datasets/documents_2021_12_28/pai_1col_20211228_152732_2732963299_600_800.png,pai_1col_20211228_152732_2732963299_600_800_mask.png,-7613.13%
13,4,27,8,364,316,391,324,364,317,390,316,391,323,364,324,text,figure_text,figure_0,,,,pai_1col_20211228_152732_2732963299_600_800.png,/scratch/parceirosbr/bigoilict/share/BigOil/document_generator/datasets/documents_2021_12_28/pai_1col_20211228_152732_2732963299_600_800.png,pai_1col_20211228_152732_2732963299_600_800_mask.png,-1514.958
13,4,27,8,364,316,391,324,364,317,390,316,391,323,364,324,sub_line_text,figure_text,figure_0,,,,pai_1col_20211228_152732_2732963299_600_800.png,/scratch/parceirosbr/bigoilict/share/BigOil/document_generator/datasets/documents_2021_12_28/pai_1col_20211228_152732_2732963299_600_800.png,pai_1col_20211228_152732_2732963299_600_800_mask.png,-1514.958
11,3,23,7,80,410,103,417,80,411,103,410,103,417,80,417,text,figure_text,figure_0,,,,pai_1col_20211228_152732_2732963299_600_800.png,/scratch/parceirosbr/bigoilict/share/BigOil/document_generator/datasets/documents_2021_12_28/pai_1col_20211228_152732_2732963299_600_800.png,pai_1col_20211228_152732_2732963299_600_800_mask.png,407.24%
11,3,23,7,80,410,103,417,80,411,103,410,103,417,80,417,sub_line_text,figure_text,figure_0,,,,pai_1col_20211228_152732_2732963299_600_800.png,/scratch/parceirosbr/bigoilict/share/BigOil/document_generator/datasets/documents_2021_12_28/pai_1col_20211228_152732_2732963299_600_800.png,pai_1col_20211228_152732_2732963299_600_800_mask.png,407.24%
15,3,31,7,191,267,222,274,191,269,222,267,222,273,191,274,text,figure_text,figure_0,,,,pai_1col_20211228_152732_2732963299_600_800.png,/scratch/parceirosbr/bigoilict/share/BigOil/document_generator/datasets/documents_2021_12_28/pai_1col_20211228_152732_2732963299_600_800.png,pai_1col_20211228_152732_2732963299_600_800_mask.png,Conversion
15,3,31,7,191,267,222,274,191,269,222,267,222,273,191,274,sub_line_text,figure_text,figure_0,,,,pai_1col_20211228_152732_2732963299_600_800.png,/scratch/parceirosbr/bigoilict/share/BigOil/document_generator/datasets/documents_2021_12_28/pai_1col_20211228_152732_2732963299_600_800.png,pai_1col_20211228_152732_2732963299_600_800_mask.png,Conversion
12,3,24,7,76,387,100,394,76,388,100,387,100,394,76,394,text,figure_text,figure_0,,,,pai_1col_20211228_152732_2732963299_600_800.png,/scratch/parceirosbr/bigoilict/share/BigOil/document_generator/datasets/documents_2021_12_28/pai_1col_20211228_152732_2732963299_600_800.png,pai_1col_20211228_152732_2732963299_600_800_mask.png,-1602.9%
12,3,24,7,76,387,100,394,76,388,100,387,100,394,76,394,sub_line_text,figure_text,figure_0,,,,pai_1col_20211228_152732_2732963299_600_800.png,/scratch/parceirosbr/bigoilict/share/BigOil/document_generator/datasets/documents_2021_12_28/pai_1col_20211228_152732_2732963299_600_800.png,pai_1col_20211228_152732_2732963299_600_800_mask.png,-1602.9%
14,3,29,7,122,391,151,398,122,392,150,391,151,397,122,398,text,figure_text,figure_0,,,,pai_1col_20211228_152732_2732963299_600_800.png,/scratch/parceirosbr/bigoilict/share/BigOil/document_generator/datasets/documents_2021_12_28/pai_1col_20211228_152732_2732963299_600_800.png,pai_1col_20211228_152732_2732963299_600_800_mask.png,Volume [l]
14,3,29,7,122,391,151,398,122,392,150,391,151,397,122,398,sub_line_text,figure_text,figure_0,,,,pai_1col_20211228_152732_2732963299_600_800.png,/scratch/parceirosbr/bigoilict/share/BigOil/document_generator/datasets/documents_2021_12_28/pai_1col_20211228_152732_2732963299_600_800.png,pai_1col_20211228_152732_2732963299_600_800_mask.png,Volume [l]
8,3,16,7,310,332,326,339,310,333,326,332,326,339,310,339,text,figure_text,figure_0,,,,pai_1col_20211228_152732_2732963299_600_800.png,/scratch/parceirosbr/bigoilict/share/BigOil/document_generator/datasets/documents_2021_12_28/pai_1col_20211228_152732_2732963299_600_800.png,pai_1col_20211228_152732_2732963299_600_800_mask.png,-6013
8,3,16,7,310,332,326,339,310,333,326,332,326,339,310,339,sub_line_text,figure_text,figure_0,,,,pai_1col_20211228_152732_2732963299_600_800.png,/scratch/parceirosbr/bigoilict/share/BigOil/document_generator/datasets/documents_2021_12_28/pai_1col_20211228_152732_2732963299_600_800.png,pai_1col_20211228_152732_2732963299_600_800_mask.png,-6013
13,3,26,6,343,332,369,338,343,332,369,332,369,338,342,338,text,figure_text,figure_0,,,,pai_1col_20211228_152732_2732963299_600_800.png,/scratch/parceirosbr/bigoilict/share/BigOil/document_generator/datasets/documents_2021_12_28/pai_1col_20211228_152732_2732963299_600_800.png,pai_1col_20211228_152732_2732963299_600_800_mask.png,-5493.234
13,3,26,6,343,332,369,338,343,332,369,332,369,338,342,338,sub_line_text,figure_text,figure_0,,,,pai_1col_20211228_152732_2732963299_600_800.png,/scratch/parceirosbr/bigoilict/share/BigOil/document_generator/datasets/documents_2021_12_28/pai_1col_20211228_152732_2732963299_600_800.png,pai_1col_20211228_152732_2732963299_600_800_mask.png,-5493.234
12,3,25,7,221,402,246,409,221,402,245,402,246,409,221,409,text,figure_text,figure_0,,,,pai_1col_20211228_152732_2732963299_600_800.png,/scratch/parceirosbr/bigoilict/share/BigOil/document_generator/datasets/documents_2021_12_28/pai_1col_20211228_152732_2732963299_600_800.png,pai_1col_20211228_152732_2732963299_600_800_mask.png,-6709.46
12,3,25,7,221,402,246,409,221,402,245,402,246,409,221,409,sub_line_text,figure_text,figure_0,,,,pai_1col_20211228_152732_2732963299_600_800.png,/scratch/parceirosbr/bigoilict/share/BigOil/document_generator/datasets/documents_2021_12_28/pai_1col_20211228_152732_2732963299_600_800.png,pai_1col_20211228_152732_2732963299_600_800_mask.png,-6709.46
14,3,29,7,190,348,219,355,190,348,219,348,219,355,189,355,text,figure_text,figure_0,,,,pai_1col_20211228_152732_2732963299_600_800.png,/scratch/parceirosbr/bigoilict/share/BigOil/document_generator/datasets/documents_2021_12_28/pai_1col_20211228_152732_2732963299_600_800.png,pai_1col_20211228_152732_2732963299_600_800_mask.png,Proportion
14,3,29,7,190,348,219,355,190,348,219,348,219,355,189,355,sub_line_text,figure_text,figure_0,,,,pai_1col_20211228_152732_2732963299_600_800.png,/scratch/parceirosbr/bigoilict/share/BigOil/document_generator/datasets/documents_2021_12_28/pai_1col_20211228_152732_2732963299_600_800.png,pai_1col_20211228_152732_2732963299_600_800_mask.png,Proportion
20,2,40,4,93,324,133,328,93,323,133,324,133,330,92,328,text,figure_text,figure_0,,,,pai_1col_20211228_152732_2732963299_600_800.png,/scratch/parceirosbr/bigoilict/share/BigOil/document_generator/datasets/documents_2021_12_28/pai_1col_20211228_152732_2732963299_600_800.png,pai_1col_20211228_152732_2732963299_600_800_mask.png,Transmittance
20,2,40,4,93,324,133,328,93,323,133,324,133,330,92,328,sub_line_text,figure_text,figure_0,,,,pai_1col_20211228_152732_2732963299_600_800.png,/scratch/parceirosbr/bigoilict/share/BigOil/document_generator/datasets/documents_2021_12_28/pai_1col_20211228_152732_2732963299_600_800.png,pai_1col_20211228_152732_2732963299_600_800_mask.png,Transmittance
7,3,14,6,288,363,302,369,288,363,302,363,302,370,288,369,text,figure_text,figure_0,,,,pai_1col_20211228_152732_2732963299_600_800.png,/scratch/parceirosbr/bigoilict/share/BigOil/document_generator/datasets/documents_2021_12_28/pai_1col_20211228_152732_2732963299_600_800.png,pai_1col_20211228_152732_2732963299_600_800_mask.png,-96.6
7,3,14,6,288,363,302,369,288,363,302,363,302,370,288,369,sub_line_text,figure_text,figure_0,,,,pai_1col_20211228_152732_2732963299_600_800.png,/scratch/parceirosbr/bigoilict/share/BigOil/document_generator/datasets/documents_2021_12_28/pai_1col_20211228_152732_2732963299_600_800.png,pai_1col_20211228_152732_2732963299_600_800_mask.png,-96.6
18,3,37,6,204,375,241,381,204,375,241,375,241,381,203,381,text,figure_text,figure_0,,,,pai_1col_20211228_152732_2732963299_600_800.png,/scratch/parceirosbr/bigoilict/share/BigOil/document_generator/datasets/documents_2021_12_28/pai_1col_20211228_152732_2732963299_600_800.png,pai_1col_20211228_152732_2732963299_600_800_mask.png,Accumulated
18,3,37,6,204,375,241,381,204,375,241,375,241,381,203,381,sub_line_text,figure_text,figure_0,,,,pai_1col_20211228_152732_2732963299_600_800.png,/scratch/parceirosbr/bigoilict/share/BigOil/document_generator/datasets/documents_2021_12_28/pai_1col_20211228_152732_2732963299_600_800.png,pai_1col_20211228_152732_2732963299_600_800_mask.png,Accumulated
12,3,25,7,205,416,230,423,205,417,230,416,230,422,205,423,text,figure_text,figure_0,,,,pai_1col_20211228_152732_2732963299_600_800.png,/scratch/parceirosbr/bigoilict/share/BigOil/document_generator/datasets/documents_2021_12_28/pai_1col_20211228_152732_2732963299_600_800.png,pai_1col_20211228_152732_2732963299_600_800_mask.png,Contents
12,3,25,7,205,416,230,423,205,417,230,416,230,422,205,423,sub_line_text,figure_text,figure_0,,,,pai_1col_20211228_152732_2732963299_600_800.png,/scratch/parceirosbr/bigoilict/share/BigOil/document_generator/datasets/documents_2021_12_28/pai_1col_20211228_152732_2732963299_600_800.png,pai_1col_20211228_152732_2732963299_600_800_mask.png,Contents
16,3,32,6,178,385,210,391,178,384,210,385,210,393,177,391,text,figure_text,figure_0,,,,pai_1col_20211228_152732_2732963299_600_800.png,/scratch/parceirosbr/bigoilict/share/BigOil/document_generator/datasets/documents_2021_12_28/pai_1col_20211228_152732_2732963299_600_800.png,pai_1col_20211228_152732_2732963299_600_800_mask.png,Quality(MB)
16,3,32,6,178,385,210,391,178,384,210,385,210,393,177,391,sub_line_text,figure_text,figure_0,,,,pai_1col_20211228_152732_2732963299_600_800.png,/scratch/parceirosbr/bigoilict/share/BigOil/document_generator/datasets/documents_2021_12_28/pai_1col_20211228_152732_2732963299_600_800.png,pai_1col_20211228_152732_2732963299_600_800_mask.png,Quality(MB)
14,2,28,5,321,459,349,464,321,458,349,459,349,466,321,464,text,figure_text,figure_0,,,,pai_1col_20211228_152732_2732963299_600_800.png,/scratch/parceirosbr/bigoilict/share/BigOil/document_generator/datasets/documents_2021_12_28/pai_1col_20211228_152732_2732963299_600_800.png,pai_1col_20211228_152732_2732963299_600_800_mask.png,-2847.69%
14,2,28,5,321,459,349,464,321,458,349,459,349,466,321,464,sub_line_text,figure_text,figure_0,,,,pai_1col_20211228_152732_2732963299_600_800.png,/scratch/parceirosbr/bigoilict/share/BigOil/document_generator/datasets/documents_2021_12_28/pai_1col_20211228_152732_2732963299_600_800.png,pai_1col_20211228_152732_2732963299_600_800_mask.png,-2847.69%
12,3,24,7,340,257,364,264,340,257,364,257,364,264,340,264,text,figure_text,figure_0,,,,pai_1col_20211228_152732_2732963299_600_800.png,/scratch/parceirosbr/bigoilict/share/BigOil/document_generator/datasets/documents_2021_12_28/pai_1col_20211228_152732_2732963299_600_800.png,pai_1col_20211228_152732_2732963299_600_800_mask.png,-692.41%
12,3,24,7,340,257,364,264,340,257,364,257,364,264,340,264,sub_line_text,figure_text,figure_0,,,,pai_1col_20211228_152732_2732963299_600_800.png,/scratch/parceirosbr/bigoilict/share/BigOil/document_generator/datasets/documents_2021_12_28/pai_1col_20211228_152732_2732963299_600_800.png,pai_1col_20211228_152732_2732963299_600_800_mask.png,-692.41%
18,3,37,7,245,256,282,263,245,257,281,256,282,262,245,263,text,figure_text,figure_0,,,,pai_1col_20211228_152732_2732963299_600_800.png,/scratch/parceirosbr/bigoilict/share/BigOil/document_generator/datasets/documents_2021_12_28/pai_1col_20211228_152732_2732963299_600_800.png,pai_1col_20211228_152732_2732963299_600_800_mask.png,Performance
18,3,37,7,245,256,282,263,245,257,281,256,282,262,245,263,sub_line_text,figure_text,figure_0,,,,pai_1col_20211228_152732_2732963299_600_800.png,/scratch/parceirosbr/bigoilict/share/BigOil/document_generator/datasets/documents_2021_12_28/pai_1col_20211228_152732_2732963299_600_800.png,pai_1col_20211228_152732_2732963299_600_800_mask.png,Performance
13,4,26,8,323,266,349,274,323,267,349,266,349,274,323,274,text,figure_text,figure_0,,,,pai_1col_20211228_152732_2732963299_600_800.png,/scratch/parceirosbr/bigoilict/share/BigOil/document_generator/datasets/documents_2021_12_28/pai_1col_20211228_152732_2732963299_600_800.png,pai_1col_20211228_152732_2732963299_600_800_mask.png,Speed ​​(v)
13,4,26,8,323,266,349,274,323,267,349,266,349,274,323,274,sub_line_text,figure_text,figure_0,,,,pai_1col_20211228_152732_2732963299_600_800.png,/scratch/parceirosbr/bigoilict/share/BigOil/document_generator/datasets/documents_2021_12_28/pai_1col_20211228_152732_2732963299_600_800.png,pai_1col_20211228_152732_2732963299_600_800_mask.png,Speed ​​(v)
11,3,23,6,156,420,179,426,156,419,179,420,179,426,156,426,text,figure_text,figure_0,,,,pai_1col_20211228_152732_2732963299_600_800.png,/scratch/parceirosbr/bigoilict/share/BigOil/document_generator/datasets/documents_2021_12_28/pai_1col_20211228_152732_2732963299_600_800.png,pai_1col_20211228_152732_2732963299_600_800_mask.png,-1023.54
11,3,23,6,156,420,179,426,156,419,179,420,179,426,156,426,sub_line_text,figure_text,figure_0,,,,pai_1col_20211228_152732_2732963299_600_800.png,/scratch/parceirosbr/bigoilict/share/BigOil/document_generator/datasets/documents_2021_12_28/pai_1col_20211228_152732_2732963299_600_800.png,pai_1col_20211228_152732_2732963299_600_800_mask.png,-1023.54
12,3,25,7,77,460,102,467,77,461,101,460,102,467,77,467,text,figure_text,figure_0,,,,pai_1col_20211228_152732_2732963299_600_800.png,/scratch/parceirosbr/bigoilict/share/BigOil/document_generator/datasets/documents_2021_12_28/pai_1col_20211228_152732_2732963299_600_800.png,pai_1col_20211228_152732_2732963299_600_800_mask.png,-5303.99
12,3,25,7,77,460,102,467,77,461,101,460,102,467,77,467,sub_line_text,figure_text,figure_0,,,,pai_1col_20211228_152732_2732963299_600_800.png,/scratch/parceirosbr/bigoilict/share/BigOil/document_generator/datasets/documents_2021_12_28/pai_1col_20211228_152732_2732963299_600_800.png,pai_1col_20211228_152732_2732963299_600_800_mask.png,-5303.99
14,4,28,8,262,405,290,413,262,407,290,405,290,412,262,413,text,figure_text,figure_0,,,,pai_1col_20211228_152732_2732963299_600_800.png,/scratch/parceirosbr/bigoilict/share/BigOil/document_generator/datasets/documents_2021_12_28/pai_1col_20211228_152732_2732963299_600_800.png,pai_1col_20211228_152732_2732963299_600_800_mask.png,Male (km)
14,4,28,8,262,405,290,413,262,407,290,405,290,412,262,413,sub_line_text,figure_text,figure_0,,,,pai_1col_20211228_152732_2732963299_600_800.png,/scratch/parceirosbr/bigoilict/share/BigOil/document_generator/datasets/documents_2021_12_28/pai_1col_20211228_152732_2732963299_600_800.png,pai_1col_20211228_152732_2732963299_600_800_mask.png,Male (km)
11,3,23,7,223,319,246,326,223,320,246,319,246,326,223,326,text,figure_text,figure_0,,,,pai_1col_20211228_152732_2732963299_600_800.png,/scratch/parceirosbr/bigoilict/share/BigOil/document_generator/datasets/documents_2021_12_28/pai_1col_20211228_152732_2732963299_600_800.png,pai_1col_20211228_152732_2732963299_600_800_mask.png,Support
11,3,23,7,223,319,246,326,223,320,246,319,246,326,223,326,sub_line_text,figure_text,figure_0,,,,pai_1col_20211228_152732_2732963299_600_800.png,/scratch/parceirosbr/bigoilict/share/BigOil/document_generator/datasets/documents_2021_12_28/pai_1col_20211228_152732_2732963299_600_800.png,pai_1col_20211228_152732_2732963299_600_800_mask.png,Support
11,3,23,6,313,307,336,313,313,307,336,307,336,314,313,313,text,figure_text,figure_0,,,,pai_1col_20211228_152732_2732963299_600_800.png,/scratch/parceirosbr/bigoilict/share/BigOil/document_generator/datasets/documents_2021_12_28/pai_1col_20211228_152732_2732963299_600_800.png,pai_1col_20211228_152732_2732963299_600_800_mask.png,-7622.20
11,3,23,6,313,307,336,313,313,307,336,307,336,314,313,313,sub_line_text,figure_text,figure_0,,,,pai_1col_20211228_152732_2732963299_600_800.png,/scratch/parceirosbr/bigoilict/share/BigOil/document_generator/datasets/documents_2021_12_28/pai_1col_20211228_152732_2732963299_600_800.png,pai_1col_20211228_152732_2732963299_600_800_mask.png,-7622.20
19,3,38,7,239,458,277,465,239,458,277,458,277,466,239,465,text,figure_text,figure_0,,,,pai_1col_20211228_152732_2732963299_600_800.png,/scratch/parceirosbr/bigoilict/share/BigOil/document_generator/datasets/documents_2021_12_28/pai_1col_20211228_152732_2732963299_600_800.png,pai_1col_20211228_152732_2732963299_600_800_mask.png,Experimental
19,3,38,7,239,458,277,465,239,458,277,458,277,466,239,465,sub_line_text,figure_text,figure_0,,,,pai_1col_20211228_152732_2732963299_600_800.png,/scratch/parceirosbr/bigoilict/share/BigOil/document_generator/datasets/documents_2021_12_28/pai_1col_20211228_152732_2732963299_600_800.png,pai_1col_20211228_152732_2732963299_600_800_mask.png,Experimental
12,4,25,8,105,278,130,286,105,279,130,278,130,285,105,286,text,figure_text,figure_0,,,,pai_1col_20211228_152732_2732963299_600_800.png,/scratch/parceirosbr/bigoilict/share/BigOil/document_generator/datasets/documents_2021_12_28/pai_1col_20211228_152732_2732963299_600_800.png,pai_1col_20211228_152732_2732963299_600_800_mask.png,Capacity
12,4,25,8,105,278,130,286,105,279,130,278,130,285,105,286,sub_line_text,figure_text,figure_0,,,,pai_1col_20211228_152732_2732963299_600_800.png,/scratch/parceirosbr/bigoilict/share/BigOil/document_generator/datasets/documents_2021_12_28/pai_1col_20211228_152732_2732963299_600_800.png,pai_1col_20211228_152732_2732963299_600_800_mask.png,Capacity
8,3,17,7,355,455,372,462,355,456,371,455,372,462,355,462,text,figure_text,figure_0,,,,pai_1col_20211228_152732_2732963299_600_800.png,/scratch/parceirosbr/bigoilict/share/BigOil/document_generator/datasets/documents_2021_12_28/pai_1col_20211228_152732_2732963299_600_800.png,pai_1col_20211228_152732_2732963299_600_800_mask.png,-3457
8,3,17,7,355,455,372,462,355,456,371,455,372,462,355,462,sub_line_text,figure_text,figure_0,,,,pai_1col_20211228_152732_2732963299_600_800.png,/scratch/parceirosbr/bigoilict/share/BigOil/document_generator/datasets/documents_2021_12_28/pai_1col_20211228_152732_2732963299_600_800.png,pai_1col_20211228_152732_2732963299_600_800_mask.png,-3457
9,3,19,7,314,399,333,406,314,400,333,399,333,406,314,406,text,figure_text,figure_0,,,,pai_1col_20211228_152732_2732963299_600_800.png,/scratch/parceirosbr/bigoilict/share/BigOil/document_generator/datasets/documents_2021_12_28/pai_1col_20211228_152732_2732963299_600_800.png,pai_1col_20211228_152732_2732963299_600_800_mask.png,-4147%
9,3,19,7,314,399,333,406,314,400,333,399,333,406,314,406,sub_line_text,figure_text,figure_0,,,,pai_1col_20211228_152732_2732963299_600_800.png,/scratch/parceirosbr/bigoilict/share/BigOil/document_generator/datasets/documents_2021_12_28/pai_1col_20211228_152732_2732963299_600_800.png,pai_1col_20211228_152732_2732963299_600_800_mask.png,-4147%
10,3,20,6,264,313,284,319,264,314,283,313,284,319,264,319,text,figure_text,figure_0,,,,pai_1col_20211228_152732_2732963299_600_800.png,/scratch/parceirosbr/bigoilict/share/BigOil/document_generator/datasets/documents_2021_12_28/pai_1col_20211228_152732_2732963299_600_800.png,pai_1col_20211228_152732_2732963299_600_800_mask.png,Videos
10,3,20,6,264,313,284,319,264,314,283,313,284,319,264,319,sub_line_text,figure_text,figure_0,,,,pai_1col_20211228_152732_2732963299_600_800.png,/scratch/parceirosbr/bigoilict/share/BigOil/document_generator/datasets/documents_2021_12_28/pai_1col_20211228_152732_2732963299_600_800.png,pai_1col_20211228_152732_2732963299_600_800_mask.png,Videos
41,5,82,11,454,250,536,261,454,250,536,250,536,261,454,261,sub_line_text,figure_legend,figure_0,times,italic,9,pai_1col_20211228_152732_2732963299_600_800.png,/scratch/parceirosbr/bigoilict/share/BigOil/document_generator/datasets/documents_2021_12_28/pai_1col_20211228_152732_2732963299_600_800.png,pai_1col_20211228_152732_2732963299_600_800_mask.png,Figura  37:  Inibidor
41,5,83,11,454,266,537,277,454,266,537,266,537,277,454,277,sub_line_text,figure_legend,figure_0,times,italic,9,pai_1col_20211228_152732_2732963299_600_800.png,/scratch/parceirosbr/bigoilict/share/BigOil/document_generator/datasets/documents_2021_12_28/pai_1col_20211228_152732_2732963299_600_800.png,pai_1col_20211228_152732_2732963299_600_800_mask.png,de  incrustação  de ó-
41,5,82,11,454,282,536,293,454,282,536,282,536,293,454,293,sub_line_text,figure_legend,figure_0,times,italic,9,pai_1col_20211228_152732_2732963299_600_800.png,/scratch/parceirosbr/bigoilict/share/BigOil/document_generator/datasets/documents_2021_12_28/pai_1col_20211228_152732_2732963299_600_800.png,pai_1col_20211228_152732_2732963299_600_800_mask.png,leo-   de   produção  e
41,5,82,11,454,298,536,309,454,298,536,298,536,309,454,309,sub_line_text,figure_legend,figure_0,times,italic,9,pai_1col_20211228_152732_2732963299_600_800.png,/scratch/parceirosbr/bigoilict/share/BigOil/document_generator/datasets/documents_2021_12_28/pai_1col_20211228_152732_2732963299_600_800.png,pai_1col_20211228_152732_2732963299_600_800_mask.png,"de  teste,  tratador de"
41,5,82,11,454,314,536,325,454,314,536,314,536,325,454,325,sub_line_text,figure_legend,figure_0,times,italic,9,pai_1col_20211228_152732_2732963299_600_800.png,/scratch/parceirosbr/bigoilict/share/BigOil/document_generator/datasets/documents_2021_12_28/pai_1col_20211228_152732_2732963299_600_800.png,pai_1col_20211228_152732_2732963299_600_800_mask.png,óleo;    .      Os   perfis
41,5,83,11,454,330,537,341,454,330,537,330,537,341,454,341,sub_line_text,figure_legend,figure_0,times,italic,9,pai_1col_20211228_152732_2732963299_600_800.png,/scratch/parceirosbr/bigoilict/share/BigOil/document_generator/datasets/documents_2021_12_28/pai_1col_20211228_152732_2732963299_600_800.png,pai_1col_20211228_152732_2732963299_600_800_mask.png,foram   obtidos   atr-
41,5,83,11,454,346,537,357,454,346,537,346,537,357,454,357,sub_line_text,figure_legend,figure_0,times,italic,9,pai_1col_20211228_152732_2732963299_600_800.png,/scratch/parceirosbr/bigoilict/share/BigOil/document_generator/datasets/documents_2021_12_28/pai_1col_20211228_152732_2732963299_600_800.png,pai_1col_20211228_152732_2732963299_600_800_mask.png,avés  do  consumo  de
31,5,63,11,454,362,517,373,454,362,517,362,517,373,454,373,sub_line_text,figure_legend,figure_0,times,italic,9,pai_1col_20211228_152732_2732963299_600_800.png,/scratch/parceirosbr/bigoilict/share/BigOil/document_generator/datasets/documents_2021_12_28/pai_1col_20211228_152732_2732963299_600_800.png,pai_1col_20211228_152732_2732963299_600_800_mask.png,"gás hidrogênio,"
41,61,83,123,454,250,537,373,454,250,537,250,537,373,454,373,text,figure_legend,figure_0,times,italic,9,pai_1col_20211228_152732_2732963299_600_800.png,/scratch/parceirosbr/bigoilict/share/BigOil/document_generator/datasets/documents_2021_12_28/pai_1col_20211228_152732_2732963299_600_800.png,pai_1col_20211228_152732_2732963299_600_800_mask.png,nan
148,71,297,142,68,509,365,651,68,509,365,509,365,651,68,651,table,table_image,table_0,,,,pai_1col_20211228_152732_2732963299_600_800.png,/scratch/parceirosbr/bigoilict/share/BigOil/document_generator/datasets/documents_2021_12_28/pai_1col_20211228_152732_2732963299_600_800.png,pai_1col_20211228_152732_2732963299_600_800_mask.png,output/gen_tab_20211228_152734_8737520628.png
14,5,29,10,330,512,359,522,330,512,359,512,359,522,330,522,text,table_text,table_0,times,regular,10.0,pai_1col_20211228_152732_2732963299_600_800.png,/scratch/parceirosbr/bigoilict/share/BigOil/document_generator/datasets/documents_2021_12_28/pai_1col_20211228_152732_2732963299_600_800.png,pai_1col_20211228_152732_2732963299_600_800_mask.png,partirde
14,5,29,10,330,512,359,522,330,512,359,512,359,522,330,522,sub_line_text,table_text,table_0,times,regular,10.0,pai_1col_20211228_152732_2732963299_600_800.png,/scratch/parceirosbr/bigoilict/share/BigOil/document_generator/datasets/documents_2021_12_28/pai_1col_20211228_152732_2732963299_600_800.png,pai_1col_20211228_152732_2732963299_600_800_mask.png,partirde
17,5,35,10,113,525,148,535,113,525,148,525,148,535,113,535,text,table_text,table_0,times,bold,10.0,pai_1col_20211228_152732_2732963299_600_800.png,/scratch/parceirosbr/bigoilict/share/BigOil/document_generator/datasets/documents_2021_12_28/pai_1col_20211228_152732_2732963299_600_800.png,pai_1col_20211228_152732_2732963299_600_800_mask.png,509.0299
17,5,35,10,113,525,148,535,113,525,148,525,148,535,113,535,sub_line_text,table_text,table_0,times,bold,10.0,pai_1col_20211228_152732_2732963299_600_800.png,/scratch/parceirosbr/bigoilict/share/BigOil/document_generator/datasets/documents_2021_12_28/pai_1col_20211228_152732_2732963299_600_800.png,pai_1col_20211228_152732_2732963299_600_800_mask.png,509.0299
13,5,26,10,123,538,149,548,123,538,149,538,149,548,123,548,text,table_text,table_0,times,bold,10.0,pai_1col_20211228_152732_2732963299_600_800.png,/scratch/parceirosbr/bigoilict/share/BigOil/document_generator/datasets/documents_2021_12_28/pai_1col_20211228_152732_2732963299_600_800.png,pai_1col_20211228_152732_2732963299_600_800_mask.png,7.7110
13,5,26,10,123,538,149,548,123,538,149,538,149,548,123,548,sub_line_text,table_text,table_0,times,bold,10.0,pai_1col_20211228_152732_2732963299_600_800.png,/scratch/parceirosbr/bigoilict/share/BigOil/document_generator/datasets/documents_2021_12_28/pai_1col_20211228_152732_2732963299_600_800.png,pai_1col_20211228_152732_2732963299_600_800_mask.png,7.7110
17,5,35,10,113,551,148,561,113,551,148,551,148,561,113,561,text,table_text,table_0,times,bold,10.0,pai_1col_20211228_152732_2732963299_600_800.png,/scratch/parceirosbr/bigoilict/share/BigOil/document_generator/datasets/documents_2021_12_28/pai_1col_20211228_152732_2732963299_600_800.png,pai_1col_20211228_152732_2732963299_600_800_mask.png,810.7392
17,5,35,10,113,551,148,561,113,551,148,551,148,561,113,561,sub_line_text,table_text,table_0,times,bold,10.0,pai_1col_20211228_152732_2732963299_600_800.png,/scratch/parceirosbr/bigoilict/share/BigOil/document_generator/datasets/documents_2021_12_28/pai_1col_20211228_152732_2732963299_600_800.png,pai_1col_20211228_152732_2732963299_600_800_mask.png,810.7392
17,5,35,10,113,565,148,575,113,565,148,565,148,575,113,575,text,table_text,table_0,times,bold,10.0,pai_1col_20211228_152732_2732963299_600_800.png,/scratch/parceirosbr/bigoilict/share/BigOil/document_generator/datasets/documents_2021_12_28/pai_1col_20211228_152732_2732963299_600_800.png,pai_1col_20211228_152732_2732963299_600_800_mask.png,600.0621
17,5,35,10,113,565,148,575,113,565,148,565,148,575,113,575,sub_line_text,table_text,table_0,times,bold,10.0,pai_1col_20211228_152732_2732963299_600_800.png,/scratch/parceirosbr/bigoilict/share/BigOil/document_generator/datasets/documents_2021_12_28/pai_1col_20211228_152732_2732963299_600_800.png,pai_1col_20211228_152732_2732963299_600_800_mask.png,600.0621
17,5,35,10,113,578,148,588,113,578,148,578,148,588,113,588,text,table_text,table_0,times,bold,10.0,pai_1col_20211228_152732_2732963299_600_800.png,/scratch/parceirosbr/bigoilict/share/BigOil/document_generator/datasets/documents_2021_12_28/pai_1col_20211228_152732_2732963299_600_800.png,pai_1col_20211228_152732_2732963299_600_800_mask.png,310.1566
17,5,35,10,113,578,148,588,113,578,148,578,148,588,113,588,sub_line_text,table_text,table_0,times,bold,10.0,pai_1col_20211228_152732_2732963299_600_800.png,/scratch/parceirosbr/bigoilict/share/BigOil/document_generator/datasets/documents_2021_12_28/pai_1col_20211228_152732_2732963299_600_800.png,pai_1col_20211228_152732_2732963299_600_800_mask.png,310.1566
15,5,30,10,118,591,148,601,118,591,148,591,148,601,118,601,text,table_text,table_0,times,bold,10.0,pai_1col_20211228_152732_2732963299_600_800.png,/scratch/parceirosbr/bigoilict/share/BigOil/document_generator/datasets/documents_2021_12_28/pai_1col_20211228_152732_2732963299_600_800.png,pai_1col_20211228_152732_2732963299_600_800_mask.png,26.0364
15,5,30,10,118,591,148,601,118,591,148,591,148,601,118,601,sub_line_text,table_text,table_0,times,bold,10.0,pai_1col_20211228_152732_2732963299_600_800.png,/scratch/parceirosbr/bigoilict/share/BigOil/document_generator/datasets/documents_2021_12_28/pai_1col_20211228_152732_2732963299_600_800.png,pai_1col_20211228_152732_2732963299_600_800_mask.png,26.0364
17,5,35,10,113,604,148,614,113,604,148,604,148,614,113,614,text,table_text,table_0,times,bold,10.0,pai_1col_20211228_152732_2732963299_600_800.png,/scratch/parceirosbr/bigoilict/share/BigOil/document_generator/datasets/documents_2021_12_28/pai_1col_20211228_152732_2732963299_600_800.png,pai_1col_20211228_152732_2732963299_600_800_mask.png,957.8045
17,5,35,10,113,604,148,614,113,604,148,604,148,614,113,614,sub_line_text,table_text,table_0,times,bold,10.0,pai_1col_20211228_152732_2732963299_600_800.png,/scratch/parceirosbr/bigoilict/share/BigOil/document_generator/datasets/documents_2021_12_28/pai_1col_20211228_152732_2732963299_600_800.png,pai_1col_20211228_152732_2732963299_600_800_mask.png,957.8045
15,5,30,10,118,617,148,627,118,617,148,617,148,627,118,627,text,table_text,table_0,times,bold,10.0,pai_1col_20211228_152732_2732963299_600_800.png,/scratch/parceirosbr/bigoilict/share/BigOil/document_generator/datasets/documents_2021_12_28/pai_1col_20211228_152732_2732963299_600_800.png,pai_1col_20211228_152732_2732963299_600_800_mask.png,86.3672
15,5,30,10,118,617,148,627,118,617,148,617,148,627,118,627,sub_line_text,table_text,table_0,times,bold,10.0,pai_1col_20211228_152732_2732963299_600_800.png,/scratch/parceirosbr/bigoilict/share/BigOil/document_generator/datasets/documents_2021_12_28/pai_1col_20211228_152732_2732963299_600_800.png,pai_1col_20211228_152732_2732963299_600_800_mask.png,86.3672
15,5,30,10,329,630,359,640,329,630,359,630,359,640,329,640,text,table_text,table_0,times,regular,10.0,pai_1col_20211228_152732_2732963299_600_800.png,/scratch/parceirosbr/bigoilict/share/BigOil/document_generator/datasets/documents_2021_12_28/pai_1col_20211228_152732_2732963299_600_800.png,pai_1col_20211228_152732_2732963299_600_800_mask.png,78.5937
15,5,30,10,329,630,359,640,329,630,359,630,359,640,329,640,sub_line_text,table_text,table_0,times,regular,10.0,pai_1col_20211228_152732_2732963299_600_800.png,/scratch/parceirosbr/bigoilict/share/BigOil/document_generator/datasets/documents_2021_12_28/pai_1col_20211228_152732_2732963299_600_800.png,pai_1col_20211228_152732_2732963299_600_800_mask.png,78.5937
20,5,40,10,181,525,221,535,181,525,221,525,221,535,181,535,text,table_text,table_0,times,bold,10.0,pai_1col_20211228_152732_2732963299_600_800.png,/scratch/parceirosbr/bigoilict/share/BigOil/document_generator/datasets/documents_2021_12_28/pai_1col_20211228_152732_2732963299_600_800.png,pai_1col_20211228_152732_2732963299_600_800_mask.png,937301.51
20,5,40,10,181,525,221,535,181,525,221,525,221,535,181,535,sub_line_text,table_text,table_0,times,bold,10.0,pai_1col_20211228_152732_2732963299_600_800.png,/scratch/parceirosbr/bigoilict/share/BigOil/document_generator/datasets/documents_2021_12_28/pai_1col_20211228_152732_2732963299_600_800.png,pai_1col_20211228_152732_2732963299_600_800_mask.png,937301.51
20,5,40,10,181,538,221,548,181,538,221,538,221,548,181,548,text,table_text,table_0,times,bold,10.0,pai_1col_20211228_152732_2732963299_600_800.png,/scratch/parceirosbr/bigoilict/share/BigOil/document_generator/datasets/documents_2021_12_28/pai_1col_20211228_152732_2732963299_600_800.png,pai_1col_20211228_152732_2732963299_600_800_mask.png,563663.59
20,5,40,10,181,538,221,548,181,538,221,538,221,548,181,548,sub_line_text,table_text,table_0,times,bold,10.0,pai_1col_20211228_152732_2732963299_600_800.png,/scratch/parceirosbr/bigoilict/share/BigOil/document_generator/datasets/documents_2021_12_28/pai_1col_20211228_152732_2732963299_600_800.png,pai_1col_20211228_152732_2732963299_600_800_mask.png,563663.59
17,5,35,10,186,551,221,561,186,551,221,551,221,561,186,561,text,table_text,table_0,times,bold,10.0,pai_1col_20211228_152732_2732963299_600_800.png,/scratch/parceirosbr/bigoilict/share/BigOil/document_generator/datasets/documents_2021_12_28/pai_1col_20211228_152732_2732963299_600_800.png,pai_1col_20211228_152732_2732963299_600_800_mask.png,93701.08
17,5,35,10,186,551,221,561,186,551,221,551,221,561,186,561,sub_line_text,table_text,table_0,times,bold,10.0,pai_1col_20211228_152732_2732963299_600_800.png,/scratch/parceirosbr/bigoilict/share/BigOil/document_generator/datasets/documents_2021_12_28/pai_1col_20211228_152732_2732963299_600_800.png,pai_1col_20211228_152732_2732963299_600_800_mask.png,93701.08
20,5,40,10,181,565,221,575,181,565,221,565,221,575,181,575,text,table_text,table_0,times,bold,10.0,pai_1col_20211228_152732_2732963299_600_800.png,/scratch/parceirosbr/bigoilict/share/BigOil/document_generator/datasets/documents_2021_12_28/pai_1col_20211228_152732_2732963299_600_800.png,pai_1col_20211228_152732_2732963299_600_800_mask.png,558281.68
20,5,40,10,181,565,221,575,181,565,221,565,221,575,181,575,sub_line_text,table_text,table_0,times,bold,10.0,pai_1col_20211228_152732_2732963299_600_800.png,/scratch/parceirosbr/bigoilict/share/BigOil/document_generator/datasets/documents_2021_12_28/pai_1col_20211228_152732_2732963299_600_800.png,pai_1col_20211228_152732_2732963299_600_800_mask.png,558281.68
15,5,30,10,191,578,221,588,191,578,221,578,221,588,191,588,text,table_text,table_0,times,bold,10.0,pai_1col_20211228_152732_2732963299_600_800.png,/scratch/parceirosbr/bigoilict/share/BigOil/document_generator/datasets/documents_2021_12_28/pai_1col_20211228_152732_2732963299_600_800.png,pai_1col_20211228_152732_2732963299_600_800_mask.png,1308.37
15,5,30,10,191,578,221,588,191,578,221,578,221,588,191,588,sub_line_text,table_text,table_0,times,bold,10.0,pai_1col_20211228_152732_2732963299_600_800.png,/scratch/parceirosbr/bigoilict/share/BigOil/document_generator/datasets/documents_2021_12_28/pai_1col_20211228_152732_2732963299_600_800.png,pai_1col_20211228_152732_2732963299_600_800_mask.png,1308.37
17,5,35,10,186,591,221,601,186,591,221,591,221,601,186,601,text,table_text,table_0,times,bold,10.0,pai_1col_20211228_152732_2732963299_600_800.png,/scratch/parceirosbr/bigoilict/share/BigOil/document_generator/datasets/documents_2021_12_28/pai_1col_20211228_152732_2732963299_600_800.png,pai_1col_20211228_152732_2732963299_600_800_mask.png,58516.74
17,5,35,10,186,591,221,601,186,591,221,591,221,601,186,601,sub_line_text,table_text,table_0,times,bold,10.0,pai_1col_20211228_152732_2732963299_600_800.png,/scratch/parceirosbr/bigoilict/share/BigOil/document_generator/datasets/documents_2021_12_28/pai_1col_20211228_152732_2732963299_600_800.png,pai_1col_20211228_152732_2732963299_600_800_mask.png,58516.74
20,5,40,10,181,604,221,614,181,604,221,604,221,614,181,614,text,table_text,table_0,times,bold,10.0,pai_1col_20211228_152732_2732963299_600_800.png,/scratch/parceirosbr/bigoilict/share/BigOil/document_generator/datasets/documents_2021_12_28/pai_1col_20211228_152732_2732963299_600_800.png,pai_1col_20211228_152732_2732963299_600_800_mask.png,948240.57
20,5,40,10,181,604,221,614,181,604,221,604,221,614,181,614,sub_line_text,table_text,table_0,times,bold,10.0,pai_1col_20211228_152732_2732963299_600_800.png,/scratch/parceirosbr/bigoilict/share/BigOil/document_generator/datasets/documents_2021_12_28/pai_1col_20211228_152732_2732963299_600_800.png,pai_1col_20211228_152732_2732963299_600_800_mask.png,948240.57
17,5,35,10,186,617,221,627,186,617,221,617,221,627,186,627,text,table_text,table_0,times,bold,10.0,pai_1col_20211228_152732_2732963299_600_800.png,/scratch/parceirosbr/bigoilict/share/BigOil/document_generator/datasets/documents_2021_12_28/pai_1col_20211228_152732_2732963299_600_800.png,pai_1col_20211228_152732_2732963299_600_800_mask.png,34456.85
17,5,35,10,186,617,221,627,186,617,221,617,221,627,186,627,sub_line_text,table_text,table_0,times,bold,10.0,pai_1col_20211228_152732_2732963299_600_800.png,/scratch/parceirosbr/bigoilict/share/BigOil/document_generator/datasets/documents_2021_12_28/pai_1col_20211228_152732_2732963299_600_800.png,pai_1col_20211228_152732_2732963299_600_800_mask.png,34456.85
13,5,26,10,258,525,284,535,258,525,284,525,284,535,258,535,text,table_text,table_0,times,bold,10.0,pai_1col_20211228_152732_2732963299_600_800.png,/scratch/parceirosbr/bigoilict/share/BigOil/document_generator/datasets/documents_2021_12_28/pai_1col_20211228_152732_2732963299_600_800.png,pai_1col_20211228_152732_2732963299_600_800_mask.png,55.350
13,5,26,10,258,525,284,535,258,525,284,525,284,535,258,535,sub_line_text,table_text,table_0,times,bold,10.0,pai_1col_20211228_152732_2732963299_600_800.png,/scratch/parceirosbr/bigoilict/share/BigOil/document_generator/datasets/documents_2021_12_28/pai_1col_20211228_152732_2732963299_600_800.png,pai_1col_20211228_152732_2732963299_600_800_mask.png,55.350
15,5,30,10,253,538,283,548,253,538,283,538,283,548,253,548,text,table_text,table_0,times,bold,10.0,pai_1col_20211228_152732_2732963299_600_800.png,/scratch/parceirosbr/bigoilict/share/BigOil/document_generator/datasets/documents_2021_12_28/pai_1col_20211228_152732_2732963299_600_800.png,pai_1col_20211228_152732_2732963299_600_800_mask.png,460.950
15,5,30,10,253,538,283,548,253,538,283,538,283,548,253,548,sub_line_text,table_text,table_0,times,bold,10.0,pai_1col_20211228_152732_2732963299_600_800.png,/scratch/parceirosbr/bigoilict/share/BigOil/document_generator/datasets/documents_2021_12_28/pai_1col_20211228_152732_2732963299_600_800.png,pai_1col_20211228_152732_2732963299_600_800_mask.png,460.950
13,5,26,10,258,551,284,561,258,551,284,551,284,561,258,561,text,table_text,table_0,times,bold,10.0,pai_1col_20211228_152732_2732963299_600_800.png,/scratch/parceirosbr/bigoilict/share/BigOil/document_generator/datasets/documents_2021_12_28/pai_1col_20211228_152732_2732963299_600_800.png,pai_1col_20211228_152732_2732963299_600_800_mask.png,10.844
13,5,26,10,258,551,284,561,258,551,284,551,284,561,258,561,sub_line_text,table_text,table_0,times,bold,10.0,pai_1col_20211228_152732_2732963299_600_800.png,/scratch/parceirosbr/bigoilict/share/BigOil/document_generator/datasets/documents_2021_12_28/pai_1col_20211228_152732_2732963299_600_800.png,pai_1col_20211228_152732_2732963299_600_800_mask.png,10.844
13,5,26,10,258,565,284,575,258,565,284,565,284,575,258,575,text,table_text,table_0,times,bold,10.0,pai_1col_20211228_152732_2732963299_600_800.png,/scratch/parceirosbr/bigoilict/share/BigOil/document_generator/datasets/documents_2021_12_28/pai_1col_20211228_152732_2732963299_600_800.png,pai_1col_20211228_152732_2732963299_600_800_mask.png,14.145
13,5,26,10,258,565,284,575,258,565,284,565,284,575,258,575,sub_line_text,table_text,table_0,times,bold,10.0,pai_1col_20211228_152732_2732963299_600_800.png,/scratch/parceirosbr/bigoilict/share/BigOil/document_generator/datasets/documents_2021_12_28/pai_1col_20211228_152732_2732963299_600_800.png,pai_1col_20211228_152732_2732963299_600_800_mask.png,14.145
17,5,35,10,249,578,284,588,249,578,284,578,284,588,249,588,text,table_text,table_0,times,bold,10.0,pai_1col_20211228_152732_2732963299_600_800.png,/scratch/parceirosbr/bigoilict/share/BigOil/document_generator/datasets/documents_2021_12_28/pai_1col_20211228_152732_2732963299_600_800.png,pai_1col_20211228_152732_2732963299_600_800_mask.png,4434.975
17,5,35,10,249,578,284,588,249,578,284,578,284,588,249,588,sub_line_text,table_text,table_0,times,bold,10.0,pai_1col_20211228_152732_2732963299_600_800.png,/scratch/parceirosbr/bigoilict/share/BigOil/document_generator/datasets/documents_2021_12_28/pai_1col_20211228_152732_2732963299_600_800.png,pai_1col_20211228_152732_2732963299_600_800_mask.png,4434.975
13,5,26,10,258,591,284,601,258,591,284,591,284,601,258,601,text,table_text,table_0,times,bold,10.0,pai_1col_20211228_152732_2732963299_600_800.png,/scratch/parceirosbr/bigoilict/share/BigOil/document_generator/datasets/documents_2021_12_28/pai_1col_20211228_152732_2732963299_600_800.png,pai_1col_20211228_152732_2732963299_600_800_mask.png,35.035
13,5,26,10,258,591,284,601,258,591,284,591,284,601,258,601,sub_line_text,table_text,table_0,times,bold,10.0,pai_1col_20211228_152732_2732963299_600_800.png,/scratch/parceirosbr/bigoilict/share/BigOil/document_generator/datasets/documents_2021_12_28/pai_1col_20211228_152732_2732963299_600_800.png,pai_1col_20211228_152732_2732963299_600_800_mask.png,35.035
17,5,35,10,249,604,284,614,249,604,284,604,284,614,249,614,text,table_text,table_0,times,bold,10.0,pai_1col_20211228_152732_2732963299_600_800.png,/scratch/parceirosbr/bigoilict/share/BigOil/document_generator/datasets/documents_2021_12_28/pai_1col_20211228_152732_2732963299_600_800.png,pai_1col_20211228_152732_2732963299_600_800_mask.png,1600.897
17,5,35,10,249,604,284,614,249,604,284,604,284,614,249,614,sub_line_text,table_text,table_0,times,bold,10.0,pai_1col_20211228_152732_2732963299_600_800.png,/scratch/parceirosbr/bigoilict/share/BigOil/document_generator/datasets/documents_2021_12_28/pai_1col_20211228_152732_2732963299_600_800.png,pai_1col_20211228_152732_2732963299_600_800_mask.png,1600.897
17,5,35,10,249,617,284,627,249,617,284,617,284,627,249,627,text,table_text,table_0,times,bold,10.0,pai_1col_20211228_152732_2732963299_600_800.png,/scratch/parceirosbr/bigoilict/share/BigOil/document_generator/datasets/documents_2021_12_28/pai_1col_20211228_152732_2732963299_600_800.png,pai_1col_20211228_152732_2732963299_600_800_mask.png,6014.497
17,5,35,10,249,617,284,627,249,617,284,617,284,627,249,627,sub_line_text,table_text,table_0,times,bold,10.0,pai_1col_20211228_152732_2732963299_600_800.png,/scratch/parceirosbr/bigoilict/share/BigOil/document_generator/datasets/documents_2021_12_28/pai_1col_20211228_152732_2732963299_600_800.png,pai_1col_20211228_152732_2732963299_600_800_mask.png,6014.497
11,5,23,10,336,525,359,535,336,525,359,525,359,535,336,535,text,table_text,table_0,times,bold,10.0,pai_1col_20211228_152732_2732963299_600_800.png,/scratch/parceirosbr/bigoilict/share/BigOil/document_generator/datasets/documents_2021_12_28/pai_1col_20211228_152732_2732963299_600_800.png,pai_1col_20211228_152732_2732963299_600_800_mask.png,56909
11,5,23,10,336,525,359,535,336,525,359,525,359,535,336,535,sub_line_text,table_text,table_0,times,bold,10.0,pai_1col_20211228_152732_2732963299_600_800.png,/scratch/parceirosbr/bigoilict/share/BigOil/document_generator/datasets/documents_2021_12_28/pai_1col_20211228_152732_2732963299_600_800.png,pai_1col_20211228_152732_2732963299_600_800_mask.png,56909
14,5,28,10,332,538,360,548,332,538,360,538,360,548,332,548,text,table_text,table_0,times,bold,10.0,pai_1col_20211228_152732_2732963299_600_800.png,/scratch/parceirosbr/bigoilict/share/BigOil/document_generator/datasets/documents_2021_12_28/pai_1col_20211228_152732_2732963299_600_800.png,pai_1col_20211228_152732_2732963299_600_800_mask.png,614894
14,5,28,10,332,538,360,548,332,538,360,538,360,548,332,548,sub_line_text,table_text,table_0,times,bold,10.0,pai_1col_20211228_152732_2732963299_600_800.png,/scratch/parceirosbr/bigoilict/share/BigOil/document_generator/datasets/documents_2021_12_28/pai_1col_20211228_152732_2732963299_600_800.png,pai_1col_20211228_152732_2732963299_600_800_mask.png,614894
11,5,23,10,336,551,359,561,336,551,359,551,359,561,336,561,text,table_text,table_0,times,bold,10.0,pai_1col_20211228_152732_2732963299_600_800.png,/scratch/parceirosbr/bigoilict/share/BigOil/document_generator/datasets/documents_2021_12_28/pai_1col_20211228_152732_2732963299_600_800.png,pai_1col_20211228_152732_2732963299_600_800_mask.png,53893
11,5,23,10,336,551,359,561,336,551,359,551,359,561,336,561,sub_line_text,table_text,table_0,times,bold,10.0,pai_1col_20211228_152732_2732963299_600_800.png,/scratch/parceirosbr/bigoilict/share/BigOil/document_generator/datasets/documents_2021_12_28/pai_1col_20211228_152732_2732963299_600_800.png,pai_1col_20211228_152732_2732963299_600_800_mask.png,53893
9,5,18,10,341,565,359,575,341,565,359,565,359,575,341,575,text,table_text,table_0,times,bold,10.0,pai_1col_20211228_152732_2732963299_600_800.png,/scratch/parceirosbr/bigoilict/share/BigOil/document_generator/datasets/documents_2021_12_28/pai_1col_20211228_152732_2732963299_600_800.png,pai_1col_20211228_152732_2732963299_600_800_mask.png,9647
9,5,18,10,341,565,359,575,341,565,359,565,359,575,341,575,sub_line_text,table_text,table_0,times,bold,10.0,pai_1col_20211228_152732_2732963299_600_800.png,/scratch/parceirosbr/bigoilict/share/BigOil/document_generator/datasets/documents_2021_12_28/pai_1col_20211228_152732_2732963299_600_800.png,pai_1col_20211228_152732_2732963299_600_800_mask.png,9647
14,5,28,10,332,578,360,588,332,578,360,578,360,588,332,588,text,table_text,table_0,times,bold,10.0,pai_1col_20211228_152732_2732963299_600_800.png,/scratch/parceirosbr/bigoilict/share/BigOil/document_generator/datasets/documents_2021_12_28/pai_1col_20211228_152732_2732963299_600_800.png,pai_1col_20211228_152732_2732963299_600_800_mask.png,600191
14,5,28,10,332,578,360,588,332,578,360,578,360,588,332,588,sub_line_text,table_text,table_0,times,bold,10.0,pai_1col_20211228_152732_2732963299_600_800.png,/scratch/parceirosbr/bigoilict/share/BigOil/document_generator/datasets/documents_2021_12_28/pai_1col_20211228_152732_2732963299_600_800.png,pai_1col_20211228_152732_2732963299_600_800_mask.png,600191
11,5,23,10,336,591,359,601,336,591,359,591,359,601,336,601,text,table_text,table_0,times,bold,10.0,pai_1col_20211228_152732_2732963299_600_800.png,/scratch/parceirosbr/bigoilict/share/BigOil/document_generator/datasets/documents_2021_12_28/pai_1col_20211228_152732_2732963299_600_800.png,pai_1col_20211228_152732_2732963299_600_800_mask.png,33985
11,5,23,10,336,591,359,601,336,591,359,591,359,601,336,601,sub_line_text,table_text,table_0,times,bold,10.0,pai_1col_20211228_152732_2732963299_600_800.png,/scratch/parceirosbr/bigoilict/share/BigOil/document_generator/datasets/documents_2021_12_28/pai_1col_20211228_152732_2732963299_600_800.png,pai_1col_20211228_152732_2732963299_600_800_mask.png,33985
9,5,18,10,341,604,359,614,341,604,359,604,359,614,341,614,text,table_text,table_0,times,bold,10.0,pai_1col_20211228_152732_2732963299_600_800.png,/scratch/parceirosbr/bigoilict/share/BigOil/document_generator/datasets/documents_2021_12_28/pai_1col_20211228_152732_2732963299_600_800.png,pai_1col_20211228_152732_2732963299_600_800_mask.png,1661
9,5,18,10,341,604,359,614,341,604,359,604,359,614,341,614,sub_line_text,table_text,table_0,times,bold,10.0,pai_1col_20211228_152732_2732963299_600_800.png,/scratch/parceirosbr/bigoilict/share/BigOil/document_generator/datasets/documents_2021_12_28/pai_1col_20211228_152732_2732963299_600_800.png,pai_1col_20211228_152732_2732963299_600_800_mask.png,1661
11,5,23,10,336,617,359,627,336,617,359,617,359,627,336,627,text,table_text,table_0,times,bold,10.0,pai_1col_20211228_152732_2732963299_600_800.png,/scratch/parceirosbr/bigoilict/share/BigOil/document_generator/datasets/documents_2021_12_28/pai_1col_20211228_152732_2732963299_600_800.png,pai_1col_20211228_152732_2732963299_600_800_mask.png,87493
11,5,23,10,336,617,359,627,336,617,359,617,359,627,336,627,sub_line_text,table_text,table_0,times,bold,10.0,pai_1col_20211228_152732_2732963299_600_800.png,/scratch/parceirosbr/bigoilict/share/BigOil/document_generator/datasets/documents_2021_12_28/pai_1col_20211228_152732_2732963299_600_800.png,pai_1col_20211228_152732_2732963299_600_800_mask.png,87493
56,5,112,11,425,509,537,520,425,509,537,509,537,520,425,520,sub_line_text,table_legend,table_0,times,italic,9,pai_1col_20211228_152732_2732963299_600_800.png,/scratch/parceirosbr/bigoilict/share/BigOil/document_generator/datasets/documents_2021_12_28/pai_1col_20211228_152732_2732963299_600_800.png,pai_1col_20211228_152732_2732963299_600_800_mask.png,Tabela  126:    Conforme  se-
56,5,112,11,425,525,537,536,425,525,537,525,537,536,425,536,sub_line_text,table_legend,table_0,times,italic,9,pai_1col_20211228_152732_2732963299_600_800.png,/scratch/parceirosbr/bigoilict/share/BigOil/document_generator/datasets/documents_2021_12_28/pai_1col_20211228_152732_2732963299_600_800.png,pai_1col_20211228_152732_2732963299_600_800_mask.png,rá  examinado  mais  adiant-
56,5,112,11,425,541,537,552,425,541,537,541,537,552,425,552,sub_line_text,table_legend,table_0,times,italic,9,pai_1col_20211228_152732_2732963299_600_800.png,/scratch/parceirosbr/bigoilict/share/BigOil/document_generator/datasets/documents_2021_12_28/pai_1col_20211228_152732_2732963299_600_800.png,pai_1col_20211228_152732_2732963299_600_800_mask.png,"e,    estes   dados   refletem   a"
56,5,112,11,425,557,537,568,425,557,537,557,537,568,425,568,sub_line_text,table_legend,table_0,times,italic,9,pai_1col_20211228_152732_2732963299_600_800.png,/scratch/parceirosbr/bigoilict/share/BigOil/document_generator/datasets/documents_2021_12_28/pai_1col_20211228_152732_2732963299_600_800.png,pai_1col_20211228_152732_2732963299_600_800_mask.png,distribuição    das    reservas
56,5,112,11,425,573,537,584,425,573,537,573,537,584,425,584,sub_line_text,table_legend,table_0,times,italic,9,pai_1col_20211228_152732_2732963299_600_800.png,/scratch/parceirosbr/bigoilict/share/BigOil/document_generator/datasets/documents_2021_12_28/pai_1col_20211228_152732_2732963299_600_800.png,pai_1col_20211228_152732_2732963299_600_800_mask.png,provadas  de  petróleo  e gás
55,5,111,11,425,589,536,600,425,589,536,589,536,600,425,600,sub_line_text,table_legend,table_0,times,italic,9,pai_1col_20211228_152732_2732963299_600_800.png,/scratch/parceirosbr/bigoilict/share/BigOil/document_generator/datasets/documents_2021_12_28/pai_1col_20211228_152732_2732963299_600_800.png,pai_1col_20211228_152732_2732963299_600_800_mask.png,natural  no  quando  observ-
16,5,32,11,425,605,457,616,425,605,457,605,457,616,425,616,sub_line_text,table_legend,table_0,times,italic,9,pai_1col_20211228_152732_2732963299_600_800.png,/scratch/parceirosbr/bigoilict/share/BigOil/document_generator/datasets/documents_2021_12_28/pai_1col_20211228_152732_2732963299_600_800.png,pai_1col_20211228_152732_2732963299_600_800_mask.png,amos os
56,53,112,107,425,509,537,616,425,509,537,509,537,616,425,616,text,table_legend,table_0,times,italic,9,pai_1col_20211228_152732_2732963299_600_800.png,/scratch/parceirosbr/bigoilict/share/BigOil/document_generator/datasets/documents_2021_12_28/pai_1col_20211228_152732_2732963299_600_800.png,pai_1col_20211228_152732_2732963299_600_800_mask.png,nan
