center_x,center_y,width,height,xmin,ymin,xmax,ymax,top_left_x,top_left_y,top_right_x,top_right_y,bottom_right_x,bottom_right_y,bottom_left_x,bottom_left_y,label,grouplabel,group,text_font,text_style,size_font,filename,path,filename_mask,content
300,400,600,800,0,0,600,800,0,0,600,0,600,800,0,800,document,,,,,,pai_3cols_20211228_152936_2843625899_600_800.png,/scratch/parceirosbr/bigoilict/share/BigOil/document_generator/datasets/documents_2021_12_28/pai_3cols_20211228_152936_2843625899_600_800.png,pai_3cols_20211228_152936_2843625899_600_800_mask.png,
16,11,33,22,153,97,186,119,153,97,186,97,186,119,153,119,sub_line_text,title,title_0,times,bold,20,pai_3cols_20211228_152936_2843625899_600_800.png,/scratch/parceirosbr/bigoilict/share/BigOil/document_generator/datasets/documents_2021_12_28/pai_3cols_20211228_152936_2843625899_600_800.png,pai_3cols_20211228_152936_2843625899_600_800_mask.png,Boa
45,11,91,22,153,130,244,152,153,130,244,130,244,152,153,152,sub_line_text,title,title_0,times,bold,20,pai_3cols_20211228_152936_2843625899_600_800.png,/scratch/parceirosbr/bigoilict/share/BigOil/document_generator/datasets/documents_2021_12_28/pai_3cols_20211228_152936_2843625899_600_800.png,pai_3cols_20211228_152936_2843625899_600_800_mask.png,correlação
45,27,91,55,153,97,244,152,153,97,244,97,244,152,153,152,title,title,title_0,times,bold,20,pai_3cols_20211228_152936_2843625899_600_800.png,/scratch/parceirosbr/bigoilict/share/BigOil/document_generator/datasets/documents_2021_12_28/pai_3cols_20211228_152936_2843625899_600_800.png,pai_3cols_20211228_152936_2843625899_600_800_mask.png,nan
54,5,109,11,142,163,251,174,142,163,251,163,251,174,142,174,sub_line_text,text,text_0,times,regular,10,pai_3cols_20211228_152936_2843625899_600_800.png,/scratch/parceirosbr/bigoilict/share/BigOil/document_generator/datasets/documents_2021_12_28/pai_3cols_20211228_152936_2843625899_600_800.png,pai_3cols_20211228_152936_2843625899_600_800_mask.png,A   microestrutura  comum
55,5,110,11,142,180,252,191,142,180,252,180,252,191,142,191,sub_line_text,text,text_0,times,regular,10,pai_3cols_20211228_152936_2843625899_600_800.png,/scratch/parceirosbr/bigoilict/share/BigOil/document_generator/datasets/documents_2021_12_28/pai_3cols_20211228_152936_2843625899_600_800.png,pai_3cols_20211228_152936_2843625899_600_800_mask.png,dos   aços  inoxidáveis  su-
55,5,110,11,142,197,252,208,142,197,252,197,252,208,142,208,sub_line_text,text,text_0,times,regular,10,pai_3cols_20211228_152936_2843625899_600_800.png,/scratch/parceirosbr/bigoilict/share/BigOil/document_generator/datasets/documents_2021_12_28/pai_3cols_20211228_152936_2843625899_600_800.png,pai_3cols_20211228_152936_2843625899_600_800_mask.png,permartensíticos      depois
55,5,110,11,142,214,252,225,142,214,252,214,252,225,142,225,sub_line_text,text,text_0,times,regular,10,pai_3cols_20211228_152936_2843625899_600_800.png,/scratch/parceirosbr/bigoilict/share/BigOil/document_generator/datasets/documents_2021_12_28/pai_3cols_20211228_152936_2843625899_600_800.png,pai_3cols_20211228_152936_2843625899_600_800_mask.png,da   têmpera  e  revenido  é
54,5,109,11,142,231,251,242,142,231,251,231,251,242,142,242,sub_line_text,text,text_0,times,regular,10,pai_3cols_20211228_152936_2843625899_600_800.png,/scratch/parceirosbr/bigoilict/share/BigOil/document_generator/datasets/documents_2021_12_28/pai_3cols_20211228_152936_2843625899_600_800.png,pai_3cols_20211228_152936_2843625899_600_800_mask.png,constituída   por  martensi-
55,5,110,11,142,248,252,259,142,248,252,248,252,259,142,259,sub_line_text,text,text_0,times,regular,10,pai_3cols_20211228_152936_2843625899_600_800.png,/scratch/parceirosbr/bigoilict/share/BigOil/document_generator/datasets/documents_2021_12_28/pai_3cols_20211228_152936_2843625899_600_800.png,pai_3cols_20211228_152936_2843625899_600_800_mask.png,ta    revenida   e   austenita
54,5,109,11,142,265,251,276,142,265,251,265,251,276,142,276,sub_line_text,text,text_0,times,regular,10,pai_3cols_20211228_152936_2843625899_600_800.png,/scratch/parceirosbr/bigoilict/share/BigOil/document_generator/datasets/documents_2021_12_28/pai_3cols_20211228_152936_2843625899_600_800.png,pai_3cols_20211228_152936_2843625899_600_800_mask.png,"reversa,   mas  também  al-"
55,5,110,11,142,282,252,293,142,282,252,282,252,293,142,293,sub_line_text,text,text_0,times,regular,10,pai_3cols_20211228_152936_2843625899_600_800.png,/scratch/parceirosbr/bigoilict/share/BigOil/document_generator/datasets/documents_2021_12_28/pai_3cols_20211228_152936_2843625899_600_800.png,pai_3cols_20211228_152936_2843625899_600_800_mask.png,gumas   vezes  pode-se  en-
48,5,97,11,142,299,239,310,142,299,239,299,239,310,142,310,sub_line_text,text,text_0,times,regular,10,pai_3cols_20211228_152936_2843625899_600_800.png,/scratch/parceirosbr/bigoilict/share/BigOil/document_generator/datasets/documents_2021_12_28/pai_3cols_20211228_152936_2843625899_600_800.png,pai_3cols_20211228_152936_2843625899_600_800_mask.png,contrar ferrita-. muito d.
55,73,110,147,142,163,252,310,142,163,252,163,252,310,142,310,text,text,text_0,times,regular,10,pai_3cols_20211228_152936_2843625899_600_800.png,/scratch/parceirosbr/bigoilict/share/BigOil/document_generator/datasets/documents_2021_12_28/pai_3cols_20211228_152936_2843625899_600_800.png,pai_3cols_20211228_152936_2843625899_600_800_mask.png,nan
56,33,113,67,142,318,255,385,142,318,255,318,255,385,142,385,image,figure_image,figure_0,,,,pai_3cols_20211228_152936_2843625899_600_800.png,/scratch/parceirosbr/bigoilict/share/BigOil/document_generator/datasets/documents_2021_12_28/pai_3cols_20211228_152936_2843625899_600_800.png,pai_3cols_20211228_152936_2843625899_600_800_mask.png,output/gen_img_20211228_152937_1303357538.png
1,3,3,6,195,327,198,333,195,333,196,327,198,328,197,333,text,figure_text,figure_0,,,,pai_3cols_20211228_152936_2843625899_600_800.png,/scratch/parceirosbr/bigoilict/share/BigOil/document_generator/datasets/documents_2021_12_28/pai_3cols_20211228_152936_2843625899_600_800.png,pai_3cols_20211228_152936_2843625899_600_800_mask.png,-3987
1,3,3,6,195,327,198,333,195,333,196,327,198,328,197,333,sub_line_text,figure_text,figure_0,,,,pai_3cols_20211228_152936_2843625899_600_800.png,/scratch/parceirosbr/bigoilict/share/BigOil/document_generator/datasets/documents_2021_12_28/pai_3cols_20211228_152936_2843625899_600_800.png,pai_3cols_20211228_152936_2843625899_600_800_mask.png,-3987
2,5,5,10,203,361,208,371,203,371,205,361,208,362,205,371,text,figure_text,figure_0,,,,pai_3cols_20211228_152936_2843625899_600_800.png,/scratch/parceirosbr/bigoilict/share/BigOil/document_generator/datasets/documents_2021_12_28/pai_3cols_20211228_152936_2843625899_600_800.png,pai_3cols_20211228_152936_2843625899_600_800_mask.png,Power [F]
2,5,5,10,203,361,208,371,203,371,205,361,208,362,205,371,sub_line_text,figure_text,figure_0,,,,pai_3cols_20211228_152936_2843625899_600_800.png,/scratch/parceirosbr/bigoilict/share/BigOil/document_generator/datasets/documents_2021_12_28/pai_3cols_20211228_152936_2843625899_600_800.png,pai_3cols_20211228_152936_2843625899_600_800_mask.png,Power [F]
4,9,8,19,245,323,253,342,245,341,251,323,253,324,248,342,text,figure_text,figure_0,,,,pai_3cols_20211228_152936_2843625899_600_800.png,/scratch/parceirosbr/bigoilict/share/BigOil/document_generator/datasets/documents_2021_12_28/pai_3cols_20211228_152936_2843625899_600_800.png,pai_3cols_20211228_152936_2843625899_600_800_mask.png,Temperature (a.c)
4,9,8,19,245,323,253,342,245,341,251,323,253,324,248,342,sub_line_text,figure_text,figure_0,,,,pai_3cols_20211228_152936_2843625899_600_800.png,/scratch/parceirosbr/bigoilict/share/BigOil/document_generator/datasets/documents_2021_12_28/pai_3cols_20211228_152936_2843625899_600_800.png,pai_3cols_20211228_152936_2843625899_600_800_mask.png,Temperature (a.c)
2,5,5,11,217,340,222,351,217,350,220,340,222,341,219,351,text,figure_text,figure_0,,,,pai_3cols_20211228_152936_2843625899_600_800.png,/scratch/parceirosbr/bigoilict/share/BigOil/document_generator/datasets/documents_2021_12_28/pai_3cols_20211228_152936_2843625899_600_800.png,pai_3cols_20211228_152936_2843625899_600_800_mask.png,Movement
2,5,5,11,217,340,222,351,217,350,220,340,222,341,219,351,sub_line_text,figure_text,figure_0,,,,pai_3cols_20211228_152936_2843625899_600_800.png,/scratch/parceirosbr/bigoilict/share/BigOil/document_generator/datasets/documents_2021_12_28/pai_3cols_20211228_152936_2843625899_600_800.png,pai_3cols_20211228_152936_2843625899_600_800_mask.png,Movement
2,5,5,10,148,353,153,363,148,362,151,353,153,353,150,363,text,figure_text,figure_0,,,,pai_3cols_20211228_152936_2843625899_600_800.png,/scratch/parceirosbr/bigoilict/share/BigOil/document_generator/datasets/documents_2021_12_28/pai_3cols_20211228_152936_2843625899_600_800.png,pai_3cols_20211228_152936_2843625899_600_800_mask.png,-7143.8%
2,5,5,10,148,353,153,363,148,362,151,353,153,353,150,363,sub_line_text,figure_text,figure_0,,,,pai_3cols_20211228_152936_2843625899_600_800.png,/scratch/parceirosbr/bigoilict/share/BigOil/document_generator/datasets/documents_2021_12_28/pai_3cols_20211228_152936_2843625899_600_800.png,pai_3cols_20211228_152936_2843625899_600_800_mask.png,-7143.8%
47,5,95,11,154,390,249,401,154,390,249,390,249,401,154,401,sub_line_text,figure_legend,figure_0,times,bolditalic,9,pai_3cols_20211228_152936_2843625899_600_800.png,/scratch/parceirosbr/bigoilict/share/BigOil/document_generator/datasets/documents_2021_12_28/pai_3cols_20211228_152936_2843625899_600_800.png,pai_3cols_20211228_152936_2843625899_600_800_mask.png,Figure   75:    Graph  26
48,5,96,11,154,407,250,418,154,407,250,407,250,418,154,418,sub_line_text,figure_legend,figure_0,times,bolditalic,9,pai_3cols_20211228_152936_2843625899_600_800.png,/scratch/parceirosbr/bigoilict/share/BigOil/document_generator/datasets/documents_2021_12_28/pai_3cols_20211228_152936_2843625899_600_800.png,pai_3cols_20211228_152936_2843625899_600_800_mask.png,of     imports    from    the
42,5,85,11,154,424,239,435,154,424,239,424,239,435,154,435,sub_line_text,figure_legend,figure_0,times,bolditalic,9,pai_3cols_20211228_152936_2843625899_600_800.png,/scratch/parceirosbr/bigoilict/share/BigOil/document_generator/datasets/documents_2021_12_28/pai_3cols_20211228_152936_2843625899_600_800.png,pai_3cols_20211228_152936_2843625899_600_800_mask.png,world (2006 to 2011).
48,22,96,45,154,390,250,435,154,390,250,390,250,435,154,435,text,figure_legend,figure_0,times,bolditalic,9,pai_3cols_20211228_152936_2843625899_600_800.png,/scratch/parceirosbr/bigoilict/share/BigOil/document_generator/datasets/documents_2021_12_28/pai_3cols_20211228_152936_2843625899_600_800.png,pai_3cols_20211228_152936_2843625899_600_800_mask.png,nan
54,60,108,121,144,443,252,564,144,443,252,443,252,564,144,564,table,table_image,table_0,,,,pai_3cols_20211228_152936_2843625899_600_800.png,/scratch/parceirosbr/bigoilict/share/BigOil/document_generator/datasets/documents_2021_12_28/pai_3cols_20211228_152936_2843625899_600_800.png,pai_3cols_20211228_152936_2843625899_600_800_mask.png,output/gen_tab_20211228_152937_3871524503.png
12,6,25,12,185,447,210,459,185,447,210,447,210,459,185,459,text,table_text,table_0,opensans,bold,10.0,pai_3cols_20211228_152936_2843625899_600_800.png,/scratch/parceirosbr/bigoilict/share/BigOil/document_generator/datasets/documents_2021_12_28/pai_3cols_20211228_152936_2843625899_600_800.png,pai_3cols_20211228_152936_2843625899_600_800_mask.png,apelo
12,6,25,12,185,447,210,459,185,447,210,447,210,459,185,459,sub_line_text,table_text,table_0,opensans,bold,10.0,pai_3cols_20211228_152936_2843625899_600_800.png,/scratch/parceirosbr/bigoilict/share/BigOil/document_generator/datasets/documents_2021_12_28/pai_3cols_20211228_152936_2843625899_600_800.png,pai_3cols_20211228_152936_2843625899_600_800_mask.png,apelo
11,6,22,12,186,463,208,475,186,463,208,463,208,475,186,475,text,table_text,table_0,opensans,regular,10.0,pai_3cols_20211228_152936_2843625899_600_800.png,/scratch/parceirosbr/bigoilict/share/BigOil/document_generator/datasets/documents_2021_12_28/pai_3cols_20211228_152936_2843625899_600_800.png,pai_3cols_20211228_152936_2843625899_600_800_mask.png,ideal
11,6,22,12,186,463,208,475,186,463,208,463,208,475,186,475,sub_line_text,table_text,table_0,opensans,regular,10.0,pai_3cols_20211228_152936_2843625899_600_800.png,/scratch/parceirosbr/bigoilict/share/BigOil/document_generator/datasets/documents_2021_12_28/pai_3cols_20211228_152936_2843625899_600_800.png,pai_3cols_20211228_152936_2843625899_600_800_mask.png,ideal
33,6,66,12,165,478,231,490,165,478,231,478,231,490,165,490,text,table_text,table_0,opensans,regular,10.0,pai_3cols_20211228_152936_2843625899_600_800.png,/scratch/parceirosbr/bigoilict/share/BigOil/document_generator/datasets/documents_2021_12_28/pai_3cols_20211228_152936_2843625899_600_800.png,pai_3cols_20211228_152936_2843625899_600_800_mask.png,anteriormente
33,6,66,12,165,478,231,490,165,478,231,478,231,490,165,490,sub_line_text,table_text,table_0,opensans,regular,10.0,pai_3cols_20211228_152936_2843625899_600_800.png,/scratch/parceirosbr/bigoilict/share/BigOil/document_generator/datasets/documents_2021_12_28/pai_3cols_20211228_152936_2843625899_600_800.png,pai_3cols_20211228_152936_2843625899_600_800_mask.png,anteriormente
10,6,21,12,187,493,208,505,187,493,208,493,208,505,187,505,text,table_text,table_0,opensans,regular,10.0,pai_3cols_20211228_152936_2843625899_600_800.png,/scratch/parceirosbr/bigoilict/share/BigOil/document_generator/datasets/documents_2021_12_28/pai_3cols_20211228_152936_2843625899_600_800.png,pai_3cols_20211228_152936_2843625899_600_800_mask.png,vista
10,6,21,12,187,493,208,505,187,493,208,493,208,505,187,505,sub_line_text,table_text,table_0,opensans,regular,10.0,pai_3cols_20211228_152936_2843625899_600_800.png,/scratch/parceirosbr/bigoilict/share/BigOil/document_generator/datasets/documents_2021_12_28/pai_3cols_20211228_152936_2843625899_600_800.png,pai_3cols_20211228_152936_2843625899_600_800_mask.png,vista
14,6,28,12,184,509,212,521,184,509,212,509,212,521,184,521,text,table_text,table_0,opensans,regular,10.0,pai_3cols_20211228_152936_2843625899_600_800.png,/scratch/parceirosbr/bigoilict/share/BigOil/document_generator/datasets/documents_2021_12_28/pai_3cols_20211228_152936_2843625899_600_800.png,pai_3cols_20211228_152936_2843625899_600_800_mask.png,geram
14,6,28,12,184,509,212,521,184,509,212,509,212,521,184,521,sub_line_text,table_text,table_0,opensans,regular,10.0,pai_3cols_20211228_152936_2843625899_600_800.png,/scratch/parceirosbr/bigoilict/share/BigOil/document_generator/datasets/documents_2021_12_28/pai_3cols_20211228_152936_2843625899_600_800.png,pai_3cols_20211228_152936_2843625899_600_800_mask.png,geram
32,6,64,12,165,524,229,536,165,524,229,524,229,536,165,536,text,table_text,table_0,opensans,regular,10.0,pai_3cols_20211228_152936_2843625899_600_800.png,/scratch/parceirosbr/bigoilict/share/BigOil/document_generator/datasets/documents_2021_12_28/pai_3cols_20211228_152936_2843625899_600_800.png,pai_3cols_20211228_152936_2843625899_600_800_mask.png,consumidores
32,6,64,12,165,524,229,536,165,524,229,524,229,536,165,536,sub_line_text,table_text,table_0,opensans,regular,10.0,pai_3cols_20211228_152936_2843625899_600_800.png,/scratch/parceirosbr/bigoilict/share/BigOil/document_generator/datasets/documents_2021_12_28/pai_3cols_20211228_152936_2843625899_600_800.png,pai_3cols_20211228_152936_2843625899_600_800_mask.png,consumidores
9,6,19,12,187,539,206,551,187,539,206,539,206,551,187,551,text,table_text,table_0,opensans,regular,10.0,pai_3cols_20211228_152936_2843625899_600_800.png,/scratch/parceirosbr/bigoilict/share/BigOil/document_generator/datasets/documents_2021_12_28/pai_3cols_20211228_152936_2843625899_600_800.png,pai_3cols_20211228_152936_2843625899_600_800_mask.png,vem
9,6,19,12,187,539,206,551,187,539,206,539,206,551,187,551,sub_line_text,table_text,table_0,opensans,regular,10.0,pai_3cols_20211228_152936_2843625899_600_800.png,/scratch/parceirosbr/bigoilict/share/BigOil/document_generator/datasets/documents_2021_12_28/pai_3cols_20211228_152936_2843625899_600_800.png,pai_3cols_20211228_152936_2843625899_600_800_mask.png,vem
40,5,81,11,154,569,235,580,154,569,235,569,235,580,154,580,sub_line_text,table_legend,table_0,times,bolditalic,9,pai_3cols_20211228_152936_2843625899_600_800.png,/scratch/parceirosbr/bigoilict/share/BigOil/document_generator/datasets/documents_2021_12_28/pai_3cols_20211228_152936_2843625899_600_800.png,pai_3cols_20211228_152936_2843625899_600_800_mask.png,Table  143:   Greater
41,5,82,11,154,586,236,597,154,586,236,586,236,597,154,597,sub_line_text,table_legend,table_0,times,bolditalic,9,pai_3cols_20211228_152936_2843625899_600_800.png,/scratch/parceirosbr/bigoilict/share/BigOil/document_generator/datasets/documents_2021_12_28/pai_3cols_20211228_152936_2843625899_600_800.png,pai_3cols_20211228_152936_2843625899_600_800_mask.png,resistance  to  oxida-
36,5,72,11,154,603,226,614,154,603,226,603,226,614,154,614,sub_line_text,table_legend,table_0,times,bolditalic,9,pai_3cols_20211228_152936_2843625899_600_800.png,/scratch/parceirosbr/bigoilict/share/BigOil/document_generator/datasets/documents_2021_12_28/pai_3cols_20211228_152936_2843625899_600_800.png,pai_3cols_20211228_152936_2843625899_600_800_mask.png,"tion, greater prote"
41,22,82,45,154,569,236,614,154,569,236,569,236,614,154,614,text,table_legend,table_0,times,bolditalic,9,pai_3cols_20211228_152936_2843625899_600_800.png,/scratch/parceirosbr/bigoilict/share/BigOil/document_generator/datasets/documents_2021_12_28/pai_3cols_20211228_152936_2843625899_600_800.png,pai_3cols_20211228_152936_2843625899_600_800_mask.png,nan
55,5,110,11,142,622,252,633,142,622,252,622,252,633,142,633,sub_line_text,text,text_1,times,regular,10,pai_3cols_20211228_152936_2843625899_600_800.png,/scratch/parceirosbr/bigoilict/share/BigOil/document_generator/datasets/documents_2021_12_28/pai_3cols_20211228_152936_2843625899_600_800.png,pai_3cols_20211228_152936_2843625899_600_800_mask.png,A   taxa  da  reação  de  de-
47,5,95,11,142,639,237,650,142,639,237,639,237,650,142,650,sub_line_text,text,text_1,times,regular,10,pai_3cols_20211228_152936_2843625899_600_800.png,/scratch/parceirosbr/bigoilict/share/BigOil/document_generator/datasets/documents_2021_12_28/pai_3cols_20211228_152936_2843625899_600_800.png,pai_3cols_20211228_152936_2843625899_600_800_mask.png,slocamento de água foi.
55,14,110,28,142,622,252,650,142,622,252,622,252,650,142,650,text,text,text_1,times,regular,10,pai_3cols_20211228_152936_2843625899_600_800.png,/scratch/parceirosbr/bigoilict/share/BigOil/document_generator/datasets/documents_2021_12_28/pai_3cols_20211228_152936_2843625899_600_800.png,pai_3cols_20211228_152936_2843625899_600_800_mask.png,nan
53,7,106,15,278,97,384,112,278,97,384,97,384,112,278,112,sub_line_text,subsubtitle,subsubtitle_0,times,bolditalic,13,pai_3cols_20211228_152936_2843625899_600_800.png,/scratch/parceirosbr/bigoilict/share/BigOil/document_generator/datasets/documents_2021_12_28/pai_3cols_20211228_152936_2843625899_600_800.png,pai_3cols_20211228_152936_2843625899_600_800_mask.png,"Then,   program  d-"
47,7,94,15,278,120,372,135,278,120,372,120,372,135,278,135,sub_line_text,subsubtitle,subsubtitle_0,times,bolditalic,13,pai_3cols_20211228_152936_2843625899_600_800.png,/scratch/parceirosbr/bigoilict/share/BigOil/document_generator/datasets/documents_2021_12_28/pai_3cols_20211228_152936_2843625899_600_800.png,pai_3cols_20211228_152936_2843625899_600_800_mask.png,etermines structu
53,19,106,38,278,97,384,135,278,97,384,97,384,135,278,135,title,subsubtitle,subsubtitle_0,times,bolditalic,13,pai_3cols_20211228_152936_2843625899_600_800.png,/scratch/parceirosbr/bigoilict/share/BigOil/document_generator/datasets/documents_2021_12_28/pai_3cols_20211228_152936_2843625899_600_800.png,pai_3cols_20211228_152936_2843625899_600_800_mask.png,nan
54,5,108,11,278,146,386,157,278,146,386,146,386,157,278,157,sub_line_text,text,text_2,times,regular,10,pai_3cols_20211228_152936_2843625899_600_800.png,/scratch/parceirosbr/bigoilict/share/BigOil/document_generator/datasets/documents_2021_12_28/pai_3cols_20211228_152936_2843625899_600_800.png,pai_3cols_20211228_152936_2843625899_600_800_mask.png,If  no  template  is  yet av-
55,5,110,11,278,163,388,174,278,163,388,163,388,174,278,174,sub_line_text,text,text_2,times,regular,10,pai_3cols_20211228_152936_2843625899_600_800.png,/scratch/parceirosbr/bigoilict/share/BigOil/document_generator/datasets/documents_2021_12_28/pai_3cols_20211228_152936_2843625899_600_800.png,pai_3cols_20211228_152936_2843625899_600_800_mask.png,"ailable   for   this   journal,"
55,5,110,11,278,180,388,191,278,180,388,180,388,191,278,191,sub_line_text,text,text_2,times,regular,10,pai_3cols_20211228_152936_2843625899_600_800.png,/scratch/parceirosbr/bigoilict/share/BigOil/document_generator/datasets/documents_2021_12_28/pai_3cols_20211228_152936_2843625899_600_800.png,pai_3cols_20211228_152936_2843625899_600_800_mask.png,please   follow  the  format
54,5,108,11,278,197,386,208,278,197,386,197,386,208,278,208,sub_line_text,text,text_2,times,regular,10,pai_3cols_20211228_152936_2843625899_600_800.png,/scratch/parceirosbr/bigoilict/share/BigOil/document_generator/datasets/documents_2021_12_28/pai_3cols_20211228_152936_2843625899_600_800.png,pai_3cols_20211228_152936_2843625899_600_800_mask.png,of   the   sample   referenc-
54,5,108,11,278,214,386,225,278,214,386,214,386,225,278,225,sub_line_text,text,text_2,times,regular,10,pai_3cols_20211228_152936_2843625899_600_800.png,/scratch/parceirosbr/bigoilict/share/BigOil/document_generator/datasets/documents_2021_12_28/pai_3cols_20211228_152936_2843625899_600_800.png,pai_3cols_20211228_152936_2843625899_600_800_mask.png,es  and  citations as shown
54,5,108,11,278,231,386,242,278,231,386,231,386,242,278,242,sub_line_text,text,text_2,times,regular,10,pai_3cols_20211228_152936_2843625899_600_800.png,/scratch/parceirosbr/bigoilict/share/BigOil/document_generator/datasets/documents_2021_12_28/pai_3cols_20211228_152936_2843625899_600_800.png,pai_3cols_20211228_152936_2843625899_600_800_mask.png,in  this.  which in turn has
50,5,101,11,278,248,379,259,278,248,379,248,379,259,278,259,sub_line_text,text,text_2,times,regular,10,pai_3cols_20211228_152936_2843625899_600_800.png,/scratch/parceirosbr/bigoilict/share/BigOil/document_generator/datasets/documents_2021_12_28/pai_3cols_20211228_152936_2843625899_600_800.png,pai_3cols_20211228_152936_2843625899_600_800_mask.png,a stake in the Bolivian s.
55,56,110,113,278,146,388,259,278,146,388,146,388,259,278,259,text,text,text_2,times,regular,10,pai_3cols_20211228_152936_2843625899_600_800.png,/scratch/parceirosbr/bigoilict/share/BigOil/document_generator/datasets/documents_2021_12_28/pai_3cols_20211228_152936_2843625899_600_800.png,pai_3cols_20211228_152936_2843625899_600_800_mask.png,nan
56,42,113,84,278,267,391,351,278,267,391,267,391,351,278,351,image,figure_image,figure_1,,,,pai_3cols_20211228_152936_2843625899_600_800.png,/scratch/parceirosbr/bigoilict/share/BigOil/document_generator/datasets/documents_2021_12_28/pai_3cols_20211228_152936_2843625899_600_800.png,pai_3cols_20211228_152936_2843625899_600_800_mask.png,output/gen_img_20211228_152938_6211235520.png
1,-6,3,-13,328,343,331,330,328,328,335,343,331,344,325,330,text,figure_text,figure_1,,,,pai_3cols_20211228_152936_2843625899_600_800.png,/scratch/parceirosbr/bigoilict/share/BigOil/document_generator/datasets/documents_2021_12_28/pai_3cols_20211228_152936_2843625899_600_800.png,pai_3cols_20211228_152936_2843625899_600_800_mask.png,-3793.787
1,-6,3,-13,328,343,331,330,328,328,335,343,331,344,325,330,sub_line_text,figure_text,figure_1,,,,pai_3cols_20211228_152936_2843625899_600_800.png,/scratch/parceirosbr/bigoilict/share/BigOil/document_generator/datasets/documents_2021_12_28/pai_3cols_20211228_152936_2843625899_600_800.png,pai_3cols_20211228_152936_2843625899_600_800_mask.png,-3793.787
-1,-8,-2,-16,309,340,307,324,309,323,310,340,307,340,305,324,text,figure_text,figure_1,,,,pai_3cols_20211228_152936_2843625899_600_800.png,/scratch/parceirosbr/bigoilict/share/BigOil/document_generator/datasets/documents_2021_12_28/pai_3cols_20211228_152936_2843625899_600_800.png,pai_3cols_20211228_152936_2843625899_600_800_mask.png,Simulation
-1,-8,-2,-16,309,340,307,324,309,323,310,340,307,340,305,324,sub_line_text,figure_text,figure_1,,,,pai_3cols_20211228_152936_2843625899_600_800.png,/scratch/parceirosbr/bigoilict/share/BigOil/document_generator/datasets/documents_2021_12_28/pai_3cols_20211228_152936_2843625899_600_800.png,pai_3cols_20211228_152936_2843625899_600_800_mask.png,Simulation
0,-3,1,-7,356,295,357,288,356,287,360,295,357,296,353,288,text,figure_text,figure_1,,,,pai_3cols_20211228_152936_2843625899_600_800.png,/scratch/parceirosbr/bigoilict/share/BigOil/document_generator/datasets/documents_2021_12_28/pai_3cols_20211228_152936_2843625899_600_800.png,pai_3cols_20211228_152936_2843625899_600_800_mask.png,-3579
0,-3,1,-7,356,295,357,288,356,287,360,295,357,296,353,288,sub_line_text,figure_text,figure_1,,,,pai_3cols_20211228_152936_2843625899_600_800.png,/scratch/parceirosbr/bigoilict/share/BigOil/document_generator/datasets/documents_2021_12_28/pai_3cols_20211228_152936_2843625899_600_800.png,pai_3cols_20211228_152936_2843625899_600_800_mask.png,-3579
-1,-7,-3,-15,285,345,282,330,285,330,287,345,282,346,280,330,text,figure_text,figure_1,,,,pai_3cols_20211228_152936_2843625899_600_800.png,/scratch/parceirosbr/bigoilict/share/BigOil/document_generator/datasets/documents_2021_12_28/pai_3cols_20211228_152936_2843625899_600_800.png,pai_3cols_20211228_152936_2843625899_600_800_mask.png,Proportion
-1,-7,-3,-15,285,345,282,330,285,330,287,345,282,346,280,330,sub_line_text,figure_text,figure_1,,,,pai_3cols_20211228_152936_2843625899_600_800.png,/scratch/parceirosbr/bigoilict/share/BigOil/document_generator/datasets/documents_2021_12_28/pai_3cols_20211228_152936_2843625899_600_800.png,pai_3cols_20211228_152936_2843625899_600_800_mask.png,Proportion
0,-6,-1,-13,319,312,318,299,319,298,322,312,318,313,315,299,text,figure_text,figure_1,,,,pai_3cols_20211228_152936_2843625899_600_800.png,/scratch/parceirosbr/bigoilict/share/BigOil/document_generator/datasets/documents_2021_12_28/pai_3cols_20211228_152936_2843625899_600_800.png,pai_3cols_20211228_152936_2843625899_600_800_mask.png,-8848.4%
0,-6,-1,-13,319,312,318,299,319,298,322,312,318,313,315,299,sub_line_text,figure_text,figure_1,,,,pai_3cols_20211228_152936_2843625899_600_800.png,/scratch/parceirosbr/bigoilict/share/BigOil/document_generator/datasets/documents_2021_12_28/pai_3cols_20211228_152936_2843625899_600_800.png,pai_3cols_20211228_152936_2843625899_600_800_mask.png,-8848.4%
0,-6,0,-12,368,330,368,318,368,317,372,330,368,332,364,318,text,figure_text,figure_1,,,,pai_3cols_20211228_152936_2843625899_600_800.png,/scratch/parceirosbr/bigoilict/share/BigOil/document_generator/datasets/documents_2021_12_28/pai_3cols_20211228_152936_2843625899_600_800.png,pai_3cols_20211228_152936_2843625899_600_800_mask.png,Data [TB]
0,-6,0,-12,368,330,368,318,368,317,372,330,368,332,364,318,sub_line_text,figure_text,figure_1,,,,pai_3cols_20211228_152936_2843625899_600_800.png,/scratch/parceirosbr/bigoilict/share/BigOil/document_generator/datasets/documents_2021_12_28/pai_3cols_20211228_152936_2843625899_600_800.png,pai_3cols_20211228_152936_2843625899_600_800_mask.png,Data [TB]
0,-6,-1,-13,383,327,382,314,383,313,386,327,382,328,380,314,text,figure_text,figure_1,,,,pai_3cols_20211228_152936_2843625899_600_800.png,/scratch/parceirosbr/bigoilict/share/BigOil/document_generator/datasets/documents_2021_12_28/pai_3cols_20211228_152936_2843625899_600_800.png,pai_3cols_20211228_152936_2843625899_600_800_mask.png,Evolution
0,-6,-1,-13,383,327,382,314,383,313,386,327,382,328,380,314,sub_line_text,figure_text,figure_1,,,,pai_3cols_20211228_152936_2843625899_600_800.png,/scratch/parceirosbr/bigoilict/share/BigOil/document_generator/datasets/documents_2021_12_28/pai_3cols_20211228_152936_2843625899_600_800.png,pai_3cols_20211228_152936_2843625899_600_800_mask.png,Evolution
-1,-9,-3,-19,351,287,348,268,351,268,352,287,348,287,346,268,text,figure_text,figure_1,,,,pai_3cols_20211228_152936_2843625899_600_800.png,/scratch/parceirosbr/bigoilict/share/BigOil/document_generator/datasets/documents_2021_12_28/pai_3cols_20211228_152936_2843625899_600_800.png,pai_3cols_20211228_152936_2843625899_600_800_mask.png,Energy (kw)
-1,-9,-3,-19,351,287,348,268,351,268,352,287,348,287,346,268,sub_line_text,figure_text,figure_1,,,,pai_3cols_20211228_152936_2843625899_600_800.png,/scratch/parceirosbr/bigoilict/share/BigOil/document_generator/datasets/documents_2021_12_28/pai_3cols_20211228_152936_2843625899_600_800.png,pai_3cols_20211228_152936_2843625899_600_800_mask.png,Energy (kw)
0,-7,1,-15,380,344,381,329,380,328,384,344,381,345,376,329,text,figure_text,figure_1,,,,pai_3cols_20211228_152936_2843625899_600_800.png,/scratch/parceirosbr/bigoilict/share/BigOil/document_generator/datasets/documents_2021_12_28/pai_3cols_20211228_152936_2843625899_600_800.png,pai_3cols_20211228_152936_2843625899_600_800_mask.png,Movement
0,-7,1,-15,380,344,381,329,380,328,384,344,381,345,376,329,sub_line_text,figure_text,figure_1,,,,pai_3cols_20211228_152936_2843625899_600_800.png,/scratch/parceirosbr/bigoilict/share/BigOil/document_generator/datasets/documents_2021_12_28/pai_3cols_20211228_152936_2843625899_600_800.png,pai_3cols_20211228_152936_2843625899_600_800_mask.png,Movement
0,-2,-1,-5,382,293,381,288,382,287,385,293,381,295,379,288,text,figure_text,figure_1,,,,pai_3cols_20211228_152936_2843625899_600_800.png,/scratch/parceirosbr/bigoilict/share/BigOil/document_generator/datasets/documents_2021_12_28/pai_3cols_20211228_152936_2843625899_600_800.png,pai_3cols_20211228_152936_2843625899_600_800_mask.png,Rate
0,-2,-1,-5,382,293,381,288,382,287,385,293,381,295,379,288,sub_line_text,figure_text,figure_1,,,,pai_3cols_20211228_152936_2843625899_600_800.png,/scratch/parceirosbr/bigoilict/share/BigOil/document_generator/datasets/documents_2021_12_28/pai_3cols_20211228_152936_2843625899_600_800.png,pai_3cols_20211228_152936_2843625899_600_800_mask.png,Rate
-1,-11,-3,-23,340,297,337,274,340,273,342,297,337,298,335,274,text,figure_text,figure_1,,,,pai_3cols_20211228_152936_2843625899_600_800.png,/scratch/parceirosbr/bigoilict/share/BigOil/document_generator/datasets/documents_2021_12_28/pai_3cols_20211228_152936_2843625899_600_800.png,pai_3cols_20211228_152936_2843625899_600_800_mask.png,Frequency (Hz)
-1,-11,-3,-23,340,297,337,274,340,273,342,297,337,298,335,274,sub_line_text,figure_text,figure_1,,,,pai_3cols_20211228_152936_2843625899_600_800.png,/scratch/parceirosbr/bigoilict/share/BigOil/document_generator/datasets/documents_2021_12_28/pai_3cols_20211228_152936_2843625899_600_800.png,pai_3cols_20211228_152936_2843625899_600_800_mask.png,Frequency (Hz)
0,-8,0,-17,296,329,296,312,296,311,300,329,296,330,291,312,text,figure_text,figure_1,,,,pai_3cols_20211228_152936_2843625899_600_800.png,/scratch/parceirosbr/bigoilict/share/BigOil/document_generator/datasets/documents_2021_12_28/pai_3cols_20211228_152936_2843625899_600_800.png,pai_3cols_20211228_152936_2843625899_600_800_mask.png,Volume [KB]
0,-8,0,-17,296,329,296,312,296,311,300,329,296,330,291,312,sub_line_text,figure_text,figure_1,,,,pai_3cols_20211228_152936_2843625899_600_800.png,/scratch/parceirosbr/bigoilict/share/BigOil/document_generator/datasets/documents_2021_12_28/pai_3cols_20211228_152936_2843625899_600_800.png,pai_3cols_20211228_152936_2843625899_600_800_mask.png,Volume [KB]
0,-5,0,-10,357,336,357,326,357,325,360,336,357,337,353,326,text,figure_text,figure_1,,,,pai_3cols_20211228_152936_2843625899_600_800.png,/scratch/parceirosbr/bigoilict/share/BigOil/document_generator/datasets/documents_2021_12_28/pai_3cols_20211228_152936_2843625899_600_800.png,pai_3cols_20211228_152936_2843625899_600_800_mask.png,-214.21
0,-5,0,-10,357,336,357,326,357,325,360,336,357,337,353,326,sub_line_text,figure_text,figure_1,,,,pai_3cols_20211228_152936_2843625899_600_800.png,/scratch/parceirosbr/bigoilict/share/BigOil/document_generator/datasets/documents_2021_12_28/pai_3cols_20211228_152936_2843625899_600_800.png,pai_3cols_20211228_152936_2843625899_600_800_mask.png,-214.21
0,-6,-1,-13,317,283,316,270,317,270,320,283,316,284,314,270,text,figure_text,figure_1,,,,pai_3cols_20211228_152936_2843625899_600_800.png,/scratch/parceirosbr/bigoilict/share/BigOil/document_generator/datasets/documents_2021_12_28/pai_3cols_20211228_152936_2843625899_600_800.png,pai_3cols_20211228_152936_2843625899_600_800_mask.png,-7348.33
0,-6,-1,-13,317,283,316,270,317,270,320,283,316,284,314,270,sub_line_text,figure_text,figure_1,,,,pai_3cols_20211228_152936_2843625899_600_800.png,/scratch/parceirosbr/bigoilict/share/BigOil/document_generator/datasets/documents_2021_12_28/pai_3cols_20211228_152936_2843625899_600_800.png,pai_3cols_20211228_152936_2843625899_600_800_mask.png,-7348.33
0,-4,1,-9,295,283,296,274,295,272,300,283,296,284,292,274,text,figure_text,figure_1,,,,pai_3cols_20211228_152936_2843625899_600_800.png,/scratch/parceirosbr/bigoilict/share/BigOil/document_generator/datasets/documents_2021_12_28/pai_3cols_20211228_152936_2843625899_600_800.png,pai_3cols_20211228_152936_2843625899_600_800_mask.png,-5974.5
0,-4,1,-9,295,283,296,274,295,272,300,283,296,284,292,274,sub_line_text,figure_text,figure_1,,,,pai_3cols_20211228_152936_2843625899_600_800.png,/scratch/parceirosbr/bigoilict/share/BigOil/document_generator/datasets/documents_2021_12_28/pai_3cols_20211228_152936_2843625899_600_800.png,pai_3cols_20211228_152936_2843625899_600_800_mask.png,-5974.5
0,-7,-1,-14,284,320,283,306,284,305,287,320,283,321,280,306,text,figure_text,figure_1,,,,pai_3cols_20211228_152936_2843625899_600_800.png,/scratch/parceirosbr/bigoilict/share/BigOil/document_generator/datasets/documents_2021_12_28/pai_3cols_20211228_152936_2843625899_600_800.png,pai_3cols_20211228_152936_2843625899_600_800_mask.png,Volume [l]
0,-7,-1,-14,284,320,283,306,284,305,287,320,283,321,280,306,sub_line_text,figure_text,figure_1,,,,pai_3cols_20211228_152936_2843625899_600_800.png,/scratch/parceirosbr/bigoilict/share/BigOil/document_generator/datasets/documents_2021_12_28/pai_3cols_20211228_152936_2843625899_600_800.png,pai_3cols_20211228_152936_2843625899_600_800_mask.png,Volume [l]
0,-3,-1,-7,343,323,342,316,343,314,346,323,342,324,339,316,text,figure_text,figure_1,,,,pai_3cols_20211228_152936_2843625899_600_800.png,/scratch/parceirosbr/bigoilict/share/BigOil/document_generator/datasets/documents_2021_12_28/pai_3cols_20211228_152936_2843625899_600_800.png,pai_3cols_20211228_152936_2843625899_600_800_mask.png,-8111
0,-3,-1,-7,343,323,342,316,343,314,346,323,342,324,339,316,sub_line_text,figure_text,figure_1,,,,pai_3cols_20211228_152936_2843625899_600_800.png,/scratch/parceirosbr/bigoilict/share/BigOil/document_generator/datasets/documents_2021_12_28/pai_3cols_20211228_152936_2843625899_600_800.png,pai_3cols_20211228_152936_2843625899_600_800_mask.png,-8111
1,-7,3,-14,293,306,296,292,293,291,299,306,296,307,289,292,text,figure_text,figure_1,,,,pai_3cols_20211228_152936_2843625899_600_800.png,/scratch/parceirosbr/bigoilict/share/BigOil/document_generator/datasets/documents_2021_12_28/pai_3cols_20211228_152936_2843625899_600_800.png,pai_3cols_20211228_152936_2843625899_600_800_mask.png,-9733.66%
1,-7,3,-14,293,306,296,292,293,291,299,306,296,307,289,292,sub_line_text,figure_text,figure_1,,,,pai_3cols_20211228_152936_2843625899_600_800.png,/scratch/parceirosbr/bigoilict/share/BigOil/document_generator/datasets/documents_2021_12_28/pai_3cols_20211228_152936_2843625899_600_800.png,pai_3cols_20211228_152936_2843625899_600_800_mask.png,-9733.66%
0,-5,1,-10,370,292,371,282,370,281,374,292,371,293,366,282,text,figure_text,figure_1,,,,pai_3cols_20211228_152936_2843625899_600_800.png,/scratch/parceirosbr/bigoilict/share/BigOil/document_generator/datasets/documents_2021_12_28/pai_3cols_20211228_152936_2843625899_600_800.png,pai_3cols_20211228_152936_2843625899_600_800_mask.png,-8332%
0,-5,1,-10,370,292,371,282,370,281,374,292,371,293,366,282,sub_line_text,figure_text,figure_1,,,,pai_3cols_20211228_152936_2843625899_600_800.png,/scratch/parceirosbr/bigoilict/share/BigOil/document_generator/datasets/documents_2021_12_28/pai_3cols_20211228_152936_2843625899_600_800.png,pai_3cols_20211228_152936_2843625899_600_800_mask.png,-8332%
-2,-7,-4,-15,311,307,307,292,311,292,311,307,307,307,306,292,text,figure_text,figure_1,,,,pai_3cols_20211228_152936_2843625899_600_800.png,/scratch/parceirosbr/bigoilict/share/BigOil/document_generator/datasets/documents_2021_12_28/pai_3cols_20211228_152936_2843625899_600_800.png,pai_3cols_20211228_152936_2843625899_600_800_mask.png,Speed ​​(v)
-2,-7,-4,-15,311,307,307,292,311,292,311,307,307,307,306,292,sub_line_text,figure_text,figure_1,,,,pai_3cols_20211228_152936_2843625899_600_800.png,/scratch/parceirosbr/bigoilict/share/BigOil/document_generator/datasets/documents_2021_12_28/pai_3cols_20211228_152936_2843625899_600_800.png,pai_3cols_20211228_152936_2843625899_600_800_mask.png,Speed ​​(v)
-2,-10,-4,-20,349,347,345,327,349,327,349,347,345,347,345,327,text,figure_text,figure_1,,,,pai_3cols_20211228_152936_2843625899_600_800.png,/scratch/parceirosbr/bigoilict/share/BigOil/document_generator/datasets/documents_2021_12_28/pai_3cols_20211228_152936_2843625899_600_800.png,pai_3cols_20211228_152936_2843625899_600_800_mask.png,Volume [MB]
-2,-10,-4,-20,349,347,345,327,349,327,349,347,345,347,345,327,sub_line_text,figure_text,figure_1,,,,pai_3cols_20211228_152936_2843625899_600_800.png,/scratch/parceirosbr/bigoilict/share/BigOil/document_generator/datasets/documents_2021_12_28/pai_3cols_20211228_152936_2843625899_600_800.png,pai_3cols_20211228_152936_2843625899_600_800_mask.png,Volume [MB]
-1,-3,-3,-6,303,301,300,295,303,294,304,301,300,301,300,295,text,figure_text,figure_1,,,,pai_3cols_20211228_152936_2843625899_600_800.png,/scratch/parceirosbr/bigoilict/share/BigOil/document_generator/datasets/documents_2021_12_28/pai_3cols_20211228_152936_2843625899_600_800.png,pai_3cols_20211228_152936_2843625899_600_800_mask.png,12%
-1,-3,-3,-6,303,301,300,295,303,294,304,301,300,301,300,295,sub_line_text,figure_text,figure_1,,,,pai_3cols_20211228_152936_2843625899_600_800.png,/scratch/parceirosbr/bigoilict/share/BigOil/document_generator/datasets/documents_2021_12_28/pai_3cols_20211228_152936_2843625899_600_800.png,pai_3cols_20211228_152936_2843625899_600_800_mask.png,12%
1,-4,3,-8,317,342,320,334,317,332,323,342,320,344,314,334,text,figure_text,figure_1,,,,pai_3cols_20211228_152936_2843625899_600_800.png,/scratch/parceirosbr/bigoilict/share/BigOil/document_generator/datasets/documents_2021_12_28/pai_3cols_20211228_152936_2843625899_600_800.png,pai_3cols_20211228_152936_2843625899_600_800_mask.png,-9767%
1,-4,3,-8,317,342,320,334,317,332,323,342,320,344,314,334,sub_line_text,figure_text,figure_1,,,,pai_3cols_20211228_152936_2843625899_600_800.png,/scratch/parceirosbr/bigoilict/share/BigOil/document_generator/datasets/documents_2021_12_28/pai_3cols_20211228_152936_2843625899_600_800.png,pai_3cols_20211228_152936_2843625899_600_800_mask.png,-9767%
-2,-10,-4,-20,330,289,326,269,330,269,330,289,326,289,326,269,text,figure_text,figure_1,,,,pai_3cols_20211228_152936_2843625899_600_800.png,/scratch/parceirosbr/bigoilict/share/BigOil/document_generator/datasets/documents_2021_12_28/pai_3cols_20211228_152936_2843625899_600_800.png,pai_3cols_20211228_152936_2843625899_600_800_mask.png,Demand [KB]
-2,-10,-4,-20,330,289,326,269,330,269,330,289,326,289,326,269,sub_line_text,figure_text,figure_1,,,,pai_3cols_20211228_152936_2843625899_600_800.png,/scratch/parceirosbr/bigoilict/share/BigOil/document_generator/datasets/documents_2021_12_28/pai_3cols_20211228_152936_2843625899_600_800.png,pai_3cols_20211228_152936_2843625899_600_800_mask.png,Demand [KB]
40,5,81,11,290,356,371,367,290,356,371,356,371,367,290,367,sub_line_text,figure_legend,figure_1,times,bolditalic,9,pai_3cols_20211228_152936_2843625899_600_800.png,/scratch/parceirosbr/bigoilict/share/BigOil/document_generator/datasets/documents_2021_12_28/pai_3cols_20211228_152936_2843625899_600_800.png,pai_3cols_20211228_152936_2843625899_600_800_mask.png,Fig.  38:   A ação co-
41,5,82,11,290,373,372,384,290,373,372,373,372,384,290,384,sub_line_text,figure_legend,figure_1,times,bolditalic,9,pai_3cols_20211228_152936_2843625899_600_800.png,/scratch/parceirosbr/bigoilict/share/BigOil/document_generator/datasets/documents_2021_12_28/pai_3cols_20211228_152936_2843625899_600_800.png,pai_3cols_20211228_152936_2843625899_600_800_mask.png,rrosiva  do  sobre  os
41,5,82,11,290,390,372,401,290,390,372,390,372,401,290,401,sub_line_text,figure_legend,figure_1,times,bolditalic,9,pai_3cols_20211228_152936_2843625899_600_800.png,/scratch/parceirosbr/bigoilict/share/BigOil/document_generator/datasets/documents_2021_12_28/pai_3cols_20211228_152936_2843625899_600_800.png,pai_3cols_20211228_152936_2843625899_600_800_mask.png,materiais   metálicos
40,5,81,11,290,407,371,418,290,407,371,407,371,418,290,418,sub_line_text,figure_legend,figure_1,times,bolditalic,9,pai_3cols_20211228_152936_2843625899_600_800.png,/scratch/parceirosbr/bigoilict/share/BigOil/document_generator/datasets/documents_2021_12_28/pai_3cols_20211228_152936_2843625899_600_800.png,pai_3cols_20211228_152936_2843625899_600_800_mask.png,tem  mostrado  ataq-
36,5,73,11,290,424,363,435,290,424,363,424,363,435,290,435,sub_line_text,figure_legend,figure_1,times,bolditalic,9,pai_3cols_20211228_152936_2843625899_600_800.png,/scratch/parceirosbr/bigoilict/share/BigOil/document_generator/datasets/documents_2021_12_28/pai_3cols_20211228_152936_2843625899_600_800.png,pai_3cols_20211228_152936_2843625899_600_800_mask.png,"ues generalizados,"
41,39,82,79,290,356,372,435,290,356,372,356,372,435,290,435,text,figure_legend,figure_1,times,bolditalic,9,pai_3cols_20211228_152936_2843625899_600_800.png,/scratch/parceirosbr/bigoilict/share/BigOil/document_generator/datasets/documents_2021_12_28/pai_3cols_20211228_152936_2843625899_600_800.png,pai_3cols_20211228_152936_2843625899_600_800_mask.png,nan
56,37,113,75,278,443,391,518,278,443,391,443,391,518,278,518,image,figure_image,figure_2,,,,pai_3cols_20211228_152936_2843625899_600_800.png,/scratch/parceirosbr/bigoilict/share/BigOil/document_generator/datasets/documents_2021_12_28/pai_3cols_20211228_152936_2843625899_600_800.png,pai_3cols_20211228_152936_2843625899_600_800_mask.png,output/gen_img_20211228_152938_8929666342.png
2,2,5,5,286,466,291,471,286,470,289,466,291,467,288,471,text,figure_text,figure_2,,,,pai_3cols_20211228_152936_2843625899_600_800.png,/scratch/parceirosbr/bigoilict/share/BigOil/document_generator/datasets/documents_2021_12_28/pai_3cols_20211228_152936_2843625899_600_800.png,pai_3cols_20211228_152936_2843625899_600_800_mask.png,-8079
2,2,5,5,286,466,291,471,286,470,289,466,291,467,288,471,sub_line_text,figure_text,figure_2,,,,pai_3cols_20211228_152936_2843625899_600_800.png,/scratch/parceirosbr/bigoilict/share/BigOil/document_generator/datasets/documents_2021_12_28/pai_3cols_20211228_152936_2843625899_600_800.png,pai_3cols_20211228_152936_2843625899_600_800_mask.png,-8079
4,5,8,11,335,496,343,507,335,506,341,496,343,497,337,507,text,figure_text,figure_2,,,,pai_3cols_20211228_152936_2843625899_600_800.png,/scratch/parceirosbr/bigoilict/share/BigOil/document_generator/datasets/documents_2021_12_28/pai_3cols_20211228_152936_2843625899_600_800.png,pai_3cols_20211228_152936_2843625899_600_800_mask.png,Demand [GB]
4,5,8,11,335,496,343,507,335,506,341,496,343,497,337,507,sub_line_text,figure_text,figure_2,,,,pai_3cols_20211228_152936_2843625899_600_800.png,/scratch/parceirosbr/bigoilict/share/BigOil/document_generator/datasets/documents_2021_12_28/pai_3cols_20211228_152936_2843625899_600_800.png,pai_3cols_20211228_152936_2843625899_600_800_mask.png,Demand [GB]
4,6,9,12,346,491,355,503,346,502,354,491,355,493,347,503,text,figure_text,figure_2,,,,pai_3cols_20211228_152936_2843625899_600_800.png,/scratch/parceirosbr/bigoilict/share/BigOil/document_generator/datasets/documents_2021_12_28/pai_3cols_20211228_152936_2843625899_600_800.png,pai_3cols_20211228_152936_2843625899_600_800_mask.png,Processing [KB]
4,6,9,12,346,491,355,503,346,502,354,491,355,493,347,503,sub_line_text,figure_text,figure_2,,,,pai_3cols_20211228_152936_2843625899_600_800.png,/scratch/parceirosbr/bigoilict/share/BigOil/document_generator/datasets/documents_2021_12_28/pai_3cols_20211228_152936_2843625899_600_800.png,pai_3cols_20211228_152936_2843625899_600_800_mask.png,Processing [KB]
3,3,7,7,383,466,390,473,383,472,388,466,390,467,384,473,text,figure_text,figure_2,,,,pai_3cols_20211228_152936_2843625899_600_800.png,/scratch/parceirosbr/bigoilict/share/BigOil/document_generator/datasets/documents_2021_12_28/pai_3cols_20211228_152936_2843625899_600_800.png,pai_3cols_20211228_152936_2843625899_600_800_mask.png,-497.33%
3,3,7,7,383,466,390,473,383,472,388,466,390,467,384,473,sub_line_text,figure_text,figure_2,,,,pai_3cols_20211228_152936_2843625899_600_800.png,/scratch/parceirosbr/bigoilict/share/BigOil/document_generator/datasets/documents_2021_12_28/pai_3cols_20211228_152936_2843625899_600_800.png,pai_3cols_20211228_152936_2843625899_600_800_mask.png,-497.33%
1,5,3,10,335,482,338,492,335,492,335,482,338,482,337,492,text,figure_text,figure_2,,,,pai_3cols_20211228_152936_2843625899_600_800.png,/scratch/parceirosbr/bigoilict/share/BigOil/document_generator/datasets/documents_2021_12_28/pai_3cols_20211228_152936_2843625899_600_800.png,pai_3cols_20211228_152936_2843625899_600_800_mask.png,Water [MM]
1,5,3,10,335,482,338,492,335,492,335,482,338,482,337,492,sub_line_text,figure_text,figure_2,,,,pai_3cols_20211228_152936_2843625899_600_800.png,/scratch/parceirosbr/bigoilict/share/BigOil/document_generator/datasets/documents_2021_12_28/pai_3cols_20211228_152936_2843625899_600_800.png,pai_3cols_20211228_152936_2843625899_600_800_mask.png,Water [MM]
1,3,2,7,304,464,306,471,304,471,304,464,306,464,306,471,text,figure_text,figure_2,,,,pai_3cols_20211228_152936_2843625899_600_800.png,/scratch/parceirosbr/bigoilict/share/BigOil/document_generator/datasets/documents_2021_12_28/pai_3cols_20211228_152936_2843625899_600_800.png,pai_3cols_20211228_152936_2843625899_600_800_mask.png,-3223%
1,3,2,7,304,464,306,471,304,471,304,464,306,464,306,471,sub_line_text,figure_text,figure_2,,,,pai_3cols_20211228_152936_2843625899_600_800.png,/scratch/parceirosbr/bigoilict/share/BigOil/document_generator/datasets/documents_2021_12_28/pai_3cols_20211228_152936_2843625899_600_800.png,pai_3cols_20211228_152936_2843625899_600_800_mask.png,-3223%
1,4,3,8,378,454,381,462,378,461,379,454,381,454,380,462,text,figure_text,figure_2,,,,pai_3cols_20211228_152936_2843625899_600_800.png,/scratch/parceirosbr/bigoilict/share/BigOil/document_generator/datasets/documents_2021_12_28/pai_3cols_20211228_152936_2843625899_600_800.png,pai_3cols_20211228_152936_2843625899_600_800_mask.png,-2951.14
1,4,3,8,378,454,381,462,378,461,379,454,381,454,380,462,sub_line_text,figure_text,figure_2,,,,pai_3cols_20211228_152936_2843625899_600_800.png,/scratch/parceirosbr/bigoilict/share/BigOil/document_generator/datasets/documents_2021_12_28/pai_3cols_20211228_152936_2843625899_600_800.png,pai_3cols_20211228_152936_2843625899_600_800_mask.png,-2951.14
1,2,2,4,302,503,304,507,302,507,302,503,304,503,304,507,text,figure_text,figure_2,,,,pai_3cols_20211228_152936_2843625899_600_800.png,/scratch/parceirosbr/bigoilict/share/BigOil/document_generator/datasets/documents_2021_12_28/pai_3cols_20211228_152936_2843625899_600_800.png,pai_3cols_20211228_152936_2843625899_600_800_mask.png,98%
1,2,2,4,302,503,304,507,302,507,302,503,304,503,304,507,sub_line_text,figure_text,figure_2,,,,pai_3cols_20211228_152936_2843625899_600_800.png,/scratch/parceirosbr/bigoilict/share/BigOil/document_generator/datasets/documents_2021_12_28/pai_3cols_20211228_152936_2843625899_600_800.png,pai_3cols_20211228_152936_2843625899_600_800_mask.png,98%
1,2,2,5,278,487,280,492,278,492,278,487,280,487,280,492,text,figure_text,figure_2,,,,pai_3cols_20211228_152936_2843625899_600_800.png,/scratch/parceirosbr/bigoilict/share/BigOil/document_generator/datasets/documents_2021_12_28/pai_3cols_20211228_152936_2843625899_600_800.png,pai_3cols_20211228_152936_2843625899_600_800_mask.png,-4883
1,2,2,5,278,487,280,492,278,492,278,487,280,487,280,492,sub_line_text,figure_text,figure_2,,,,pai_3cols_20211228_152936_2843625899_600_800.png,/scratch/parceirosbr/bigoilict/share/BigOil/document_generator/datasets/documents_2021_12_28/pai_3cols_20211228_152936_2843625899_600_800.png,pai_3cols_20211228_152936_2843625899_600_800_mask.png,-4883
2,3,4,6,360,510,364,516,360,515,362,510,364,510,361,516,text,figure_text,figure_2,,,,pai_3cols_20211228_152936_2843625899_600_800.png,/scratch/parceirosbr/bigoilict/share/BigOil/document_generator/datasets/documents_2021_12_28/pai_3cols_20211228_152936_2843625899_600_800.png,pai_3cols_20211228_152936_2843625899_600_800_mask.png,-9595.2
2,3,4,6,360,510,364,516,360,515,362,510,364,510,361,516,sub_line_text,figure_text,figure_2,,,,pai_3cols_20211228_152936_2843625899_600_800.png,/scratch/parceirosbr/bigoilict/share/BigOil/document_generator/datasets/documents_2021_12_28/pai_3cols_20211228_152936_2843625899_600_800.png,pai_3cols_20211228_152936_2843625899_600_800_mask.png,-9595.2
4,5,9,10,361,490,370,500,361,499,368,490,370,491,363,500,text,figure_text,figure_2,,,,pai_3cols_20211228_152936_2843625899_600_800.png,/scratch/parceirosbr/bigoilict/share/BigOil/document_generator/datasets/documents_2021_12_28/pai_3cols_20211228_152936_2843625899_600_800.png,pai_3cols_20211228_152936_2843625899_600_800_mask.png,Volume (KB)
4,5,9,10,361,490,370,500,361,499,368,490,370,491,363,500,sub_line_text,figure_text,figure_2,,,,pai_3cols_20211228_152936_2843625899_600_800.png,/scratch/parceirosbr/bigoilict/share/BigOil/document_generator/datasets/documents_2021_12_28/pai_3cols_20211228_152936_2843625899_600_800.png,pai_3cols_20211228_152936_2843625899_600_800_mask.png,Volume (KB)
3,5,7,11,344,478,351,489,344,488,349,478,351,479,346,489,text,figure_text,figure_2,,,,pai_3cols_20211228_152936_2843625899_600_800.png,/scratch/parceirosbr/bigoilict/share/BigOil/document_generator/datasets/documents_2021_12_28/pai_3cols_20211228_152936_2843625899_600_800.png,pai_3cols_20211228_152936_2843625899_600_800_mask.png,Volume [KB]
3,5,7,11,344,478,351,489,344,488,349,478,351,479,346,489,sub_line_text,figure_text,figure_2,,,,pai_3cols_20211228_152936_2843625899_600_800.png,/scratch/parceirosbr/bigoilict/share/BigOil/document_generator/datasets/documents_2021_12_28/pai_3cols_20211228_152936_2843625899_600_800.png,pai_3cols_20211228_152936_2843625899_600_800_mask.png,Volume [KB]
2,5,5,11,305,503,310,514,305,513,308,503,310,504,307,514,text,figure_text,figure_2,,,,pai_3cols_20211228_152936_2843625899_600_800.png,/scratch/parceirosbr/bigoilict/share/BigOil/document_generator/datasets/documents_2021_12_28/pai_3cols_20211228_152936_2843625899_600_800.png,pai_3cols_20211228_152936_2843625899_600_800_mask.png,Water (MM)
2,5,5,11,305,503,310,514,305,513,308,503,310,504,307,514,sub_line_text,figure_text,figure_2,,,,pai_3cols_20211228_152936_2843625899_600_800.png,/scratch/parceirosbr/bigoilict/share/BigOil/document_generator/datasets/documents_2021_12_28/pai_3cols_20211228_152936_2843625899_600_800.png,pai_3cols_20211228_152936_2843625899_600_800_mask.png,Water (MM)
4,5,9,10,286,450,295,460,286,459,293,450,295,451,287,460,text,figure_text,figure_2,,,,pai_3cols_20211228_152936_2843625899_600_800.png,/scratch/parceirosbr/bigoilict/share/BigOil/document_generator/datasets/documents_2021_12_28/pai_3cols_20211228_152936_2843625899_600_800.png,pai_3cols_20211228_152936_2843625899_600_800_mask.png,Concentration
4,5,9,10,286,450,295,460,286,459,293,450,295,451,287,460,sub_line_text,figure_text,figure_2,,,,pai_3cols_20211228_152936_2843625899_600_800.png,/scratch/parceirosbr/bigoilict/share/BigOil/document_generator/datasets/documents_2021_12_28/pai_3cols_20211228_152936_2843625899_600_800.png,pai_3cols_20211228_152936_2843625899_600_800_mask.png,Concentration
1,2,3,5,332,475,335,480,332,480,333,475,335,476,334,480,text,figure_text,figure_2,,,,pai_3cols_20211228_152936_2843625899_600_800.png,/scratch/parceirosbr/bigoilict/share/BigOil/document_generator/datasets/documents_2021_12_28/pai_3cols_20211228_152936_2843625899_600_800.png,pai_3cols_20211228_152936_2843625899_600_800_mask.png,-6489
1,2,3,5,332,475,335,480,332,480,333,475,335,476,334,480,sub_line_text,figure_text,figure_2,,,,pai_3cols_20211228_152936_2843625899_600_800.png,/scratch/parceirosbr/bigoilict/share/BigOil/document_generator/datasets/documents_2021_12_28/pai_3cols_20211228_152936_2843625899_600_800.png,pai_3cols_20211228_152936_2843625899_600_800_mask.png,-6489
4,6,8,13,292,497,300,510,292,509,298,497,300,498,294,510,text,figure_text,figure_2,,,,pai_3cols_20211228_152936_2843625899_600_800.png,/scratch/parceirosbr/bigoilict/share/BigOil/document_generator/datasets/documents_2021_12_28/pai_3cols_20211228_152936_2843625899_600_800.png,pai_3cols_20211228_152936_2843625899_600_800_mask.png,Processing [TB]
4,6,8,13,292,497,300,510,292,509,298,497,300,498,294,510,sub_line_text,figure_text,figure_2,,,,pai_3cols_20211228_152936_2843625899_600_800.png,/scratch/parceirosbr/bigoilict/share/BigOil/document_generator/datasets/documents_2021_12_28/pai_3cols_20211228_152936_2843625899_600_800.png,pai_3cols_20211228_152936_2843625899_600_800_mask.png,Processing [TB]
2,8,5,16,361,467,366,483,361,482,364,467,366,467,364,483,text,figure_text,figure_2,,,,pai_3cols_20211228_152936_2843625899_600_800.png,/scratch/parceirosbr/bigoilict/share/BigOil/document_generator/datasets/documents_2021_12_28/pai_3cols_20211228_152936_2843625899_600_800.png,pai_3cols_20211228_152936_2843625899_600_800_mask.png,Consumption (TB)
2,8,5,16,361,467,366,483,361,482,364,467,366,467,364,483,sub_line_text,figure_text,figure_2,,,,pai_3cols_20211228_152936_2843625899_600_800.png,/scratch/parceirosbr/bigoilict/share/BigOil/document_generator/datasets/documents_2021_12_28/pai_3cols_20211228_152936_2843625899_600_800.png,pai_3cols_20211228_152936_2843625899_600_800_mask.png,Consumption (TB)
1,3,3,7,286,499,289,506,286,506,287,499,289,500,287,506,text,figure_text,figure_2,,,,pai_3cols_20211228_152936_2843625899_600_800.png,/scratch/parceirosbr/bigoilict/share/BigOil/document_generator/datasets/documents_2021_12_28/pai_3cols_20211228_152936_2843625899_600_800.png,pai_3cols_20211228_152936_2843625899_600_800_mask.png,-9720.2
1,3,3,7,286,499,289,506,286,506,287,499,289,500,287,506,sub_line_text,figure_text,figure_2,,,,pai_3cols_20211228_152936_2843625899_600_800.png,/scratch/parceirosbr/bigoilict/share/BigOil/document_generator/datasets/documents_2021_12_28/pai_3cols_20211228_152936_2843625899_600_800.png,pai_3cols_20211228_152936_2843625899_600_800_mask.png,-9720.2
1,3,2,7,351,470,353,477,351,477,351,470,353,470,352,477,text,figure_text,figure_2,,,,pai_3cols_20211228_152936_2843625899_600_800.png,/scratch/parceirosbr/bigoilict/share/BigOil/document_generator/datasets/documents_2021_12_28/pai_3cols_20211228_152936_2843625899_600_800.png,pai_3cols_20211228_152936_2843625899_600_800_mask.png,Pressure
1,3,2,7,351,470,353,477,351,477,351,470,353,470,352,477,sub_line_text,figure_text,figure_2,,,,pai_3cols_20211228_152936_2843625899_600_800.png,/scratch/parceirosbr/bigoilict/share/BigOil/document_generator/datasets/documents_2021_12_28/pai_3cols_20211228_152936_2843625899_600_800.png,pai_3cols_20211228_152936_2843625899_600_800_mask.png,Pressure
2,4,5,9,378,497,383,506,378,505,380,497,383,498,380,506,text,figure_text,figure_2,,,,pai_3cols_20211228_152936_2843625899_600_800.png,/scratch/parceirosbr/bigoilict/share/BigOil/document_generator/datasets/documents_2021_12_28/pai_3cols_20211228_152936_2843625899_600_800.png,pai_3cols_20211228_152936_2843625899_600_800_mask.png,Data [KB]
2,4,5,9,378,497,383,506,378,505,380,497,383,498,380,506,sub_line_text,figure_text,figure_2,,,,pai_3cols_20211228_152936_2843625899_600_800.png,/scratch/parceirosbr/bigoilict/share/BigOil/document_generator/datasets/documents_2021_12_28/pai_3cols_20211228_152936_2843625899_600_800.png,pai_3cols_20211228_152936_2843625899_600_800_mask.png,Data [KB]
44,5,88,11,290,523,378,534,290,523,378,523,378,534,290,534,sub_line_text,figure_legend,figure_2,times,bolditalic,9,pai_3cols_20211228_152936_2843625899_600_800.png,/scratch/parceirosbr/bigoilict/share/BigOil/document_generator/datasets/documents_2021_12_28/pai_3cols_20211228_152936_2843625899_600_800.png,pai_3cols_20211228_152936_2843625899_600_800_mask.png,Fig.   31:    A  simulaç-
43,5,87,11,290,540,377,551,290,540,377,540,377,551,290,551,sub_line_text,figure_legend,figure_2,times,bolditalic,9,pai_3cols_20211228_152936_2843625899_600_800.png,/scratch/parceirosbr/bigoilict/share/BigOil/document_generator/datasets/documents_2021_12_28/pai_3cols_20211228_152936_2843625899_600_800.png,pai_3cols_20211228_152936_2843625899_600_800_mask.png,ão  do  caso  de  proje-
44,5,88,11,290,557,378,568,290,557,378,557,378,568,290,568,sub_line_text,figure_legend,figure_2,times,bolditalic,9,pai_3cols_20211228_152936_2843625899_600_800.png,/scratch/parceirosbr/bigoilict/share/BigOil/document_generator/datasets/documents_2021_12_28/pai_3cols_20211228_152936_2843625899_600_800.png,pai_3cols_20211228_152936_2843625899_600_800_mask.png,to  convergiu  em 8 ite-
43,5,87,11,290,574,377,585,290,574,377,574,377,585,290,585,sub_line_text,figure_legend,figure_2,times,bolditalic,9,pai_3cols_20211228_152936_2843625899_600_800.png,/scratch/parceirosbr/bigoilict/share/BigOil/document_generator/datasets/documents_2021_12_28/pai_3cols_20211228_152936_2843625899_600_800.png,pai_3cols_20211228_152936_2843625899_600_800_mask.png,"rações,  com uma tole-"
44,5,88,11,290,591,378,602,290,591,378,591,378,602,290,602,sub_line_text,figure_legend,figure_2,times,bolditalic,9,pai_3cols_20211228_152936_2843625899_600_800.png,/scratch/parceirosbr/bigoilict/share/BigOil/document_generator/datasets/documents_2021_12_28/pai_3cols_20211228_152936_2843625899_600_800.png,pai_3cols_20211228_152936_2843625899_600_800_mask.png,rância  de  1e-5.  In th-
37,5,75,11,290,608,365,619,290,608,365,608,365,619,290,619,sub_line_text,figure_legend,figure_2,times,bolditalic,9,pai_3cols_20211228_152936_2843625899_600_800.png,/scratch/parceirosbr/bigoilict/share/BigOil/document_generator/datasets/documents_2021_12_28/pai_3cols_20211228_152936_2843625899_600_800.png,pai_3cols_20211228_152936_2843625899_600_800_mask.png,"is initial phase, the"
44,48,88,96,290,523,378,619,290,523,378,523,378,619,290,619,text,figure_legend,figure_2,times,bolditalic,9,pai_3cols_20211228_152936_2843625899_600_800.png,/scratch/parceirosbr/bigoilict/share/BigOil/document_generator/datasets/documents_2021_12_28/pai_3cols_20211228_152936_2843625899_600_800.png,pai_3cols_20211228_152936_2843625899_600_800_mask.png,nan
54,5,109,11,278,627,387,638,278,627,387,627,387,638,278,638,sub_line_text,text,text_3,times,regular,10,pai_3cols_20211228_152936_2843625899_600_800.png,/scratch/parceirosbr/bigoilict/share/BigOil/document_generator/datasets/documents_2021_12_28/pai_3cols_20211228_152936_2843625899_600_800.png,pai_3cols_20211228_152936_2843625899_600_800_mask.png,Analisando   a  taxa  de  n-
48,5,96,11,278,644,374,655,278,644,374,644,374,655,278,655,sub_line_text,text,text_3,times,regular,10,pai_3cols_20211228_152936_2843625899_600_800.png,/scratch/parceirosbr/bigoilict/share/BigOil/document_generator/datasets/documents_2021_12_28/pai_3cols_20211228_152936_2843625899_600_800.png,pai_3cols_20211228_152936_2843625899_600_800_mask.png,ucleação/m3s (Figura 5.
54,14,109,28,278,627,387,655,278,627,387,627,387,655,278,655,text,text,text_3,times,regular,10,pai_3cols_20211228_152936_2843625899_600_800.png,/scratch/parceirosbr/bigoilict/share/BigOil/document_generator/datasets/documents_2021_12_28/pai_3cols_20211228_152936_2843625899_600_800.png,pai_3cols_20211228_152936_2843625899_600_800_mask.png,nan
52,10,105,20,418,97,523,117,418,97,523,97,523,117,418,117,sub_line_text,subtitle,subtitle_0,times,italic,17,pai_3cols_20211228_152936_2843625899_600_800.png,/scratch/parceirosbr/bigoilict/share/BigOil/document_generator/datasets/documents_2021_12_28/pai_3cols_20211228_152936_2843625899_600_800.png,pai_3cols_20211228_152936_2843625899_600_800_mask.png,Origin  tecton-
46,10,93,20,418,127,511,147,418,127,511,127,511,147,418,147,sub_line_text,subtitle,subtitle_0,times,italic,17,pai_3cols_20211228_152936_2843625899_600_800.png,/scratch/parceirosbr/bigoilict/share/BigOil/document_generator/datasets/documents_2021_12_28/pai_3cols_20211228_152936_2843625899_600_800.png,pai_3cols_20211228_152936_2843625899_600_800_mask.png,ic evolution i
52,25,105,50,418,97,523,147,418,97,523,97,523,147,418,147,title,subtitle,subtitle_0,times,italic,17,pai_3cols_20211228_152936_2843625899_600_800.png,/scratch/parceirosbr/bigoilict/share/BigOil/document_generator/datasets/documents_2021_12_28/pai_3cols_20211228_152936_2843625899_600_800.png,pai_3cols_20211228_152936_2843625899_600_800_mask.png,nan
54,5,109,11,414,158,523,169,414,158,523,158,523,169,414,169,sub_line_text,text,text_4,times,regular,10,pai_3cols_20211228_152936_2843625899_600_800.png,/scratch/parceirosbr/bigoilict/share/BigOil/document_generator/datasets/documents_2021_12_28/pai_3cols_20211228_152936_2843625899_600_800.png,pai_3cols_20211228_152936_2843625899_600_800_mask.png,Quality   of   da  aimed  to
54,5,108,11,414,175,522,186,414,175,522,175,522,186,414,186,sub_line_text,text,text_4,times,regular,10,pai_3cols_20211228_152936_2843625899_600_800.png,/scratch/parceirosbr/bigoilict/share/BigOil/document_generator/datasets/documents_2021_12_28/pai_3cols_20211228_152936_2843625899_600_800.png,pai_3cols_20211228_152936_2843625899_600_800_mask.png,provide  a  response  to  c-
55,5,110,11,414,192,524,203,414,192,524,192,524,203,414,203,sub_line_text,text,text_4,times,regular,10,pai_3cols_20211228_152936_2843625899_600_800.png,/scratch/parceirosbr/bigoilict/share/BigOil/document_generator/datasets/documents_2021_12_28/pai_3cols_20211228_152936_2843625899_600_800.png,pai_3cols_20211228_152936_2843625899_600_800_mask.png,omments    forwarded    by
54,5,108,11,414,209,522,220,414,209,522,209,522,220,414,220,sub_line_text,text,text_4,times,regular,10,pai_3cols_20211228_152936_2843625899_600_800.png,/scratch/parceirosbr/bigoilict/share/BigOil/document_generator/datasets/documents_2021_12_28/pai_3cols_20211228_152936_2843625899_600_800.png,pai_3cols_20211228_152936_2843625899_600_800_mask.png,da  about  n  212  /  COG-
54,5,109,11,414,226,523,237,414,226,523,226,523,237,414,237,sub_line_text,text,text_4,times,regular,10,pai_3cols_20211228_152936_2843625899_600_800.png,/scratch/parceirosbr/bigoilict/share/BigOil/document_generator/datasets/documents_2021_12_28/pai_3cols_20211228_152936_2843625899_600_800.png,pai_3cols_20211228_152936_2843625899_600_800_mask.png,"EN  /  SEAE  /  MF, relat-"
54,5,108,11,414,243,522,254,414,243,522,243,522,254,414,254,sub_line_text,text,text_4,times,regular,10,pai_3cols_20211228_152936_2843625899_600_800.png,/scratch/parceirosbr/bigoilict/share/BigOil/document_generator/datasets/documents_2021_12_28/pai_3cols_20211228_152936_2843625899_600_800.png,pai_3cols_20211228_152936_2843625899_600_800_mask.png,ed  to  n  22/2013. A turfa
55,5,110,11,414,260,524,271,414,260,524,260,524,271,414,271,sub_line_text,text,text_4,times,regular,10,pai_3cols_20211228_152936_2843625899_600_800.png,/scratch/parceirosbr/bigoilict/share/BigOil/document_generator/datasets/documents_2021_12_28/pai_3cols_20211228_152936_2843625899_600_800.png,pai_3cols_20211228_152936_2843625899_600_800_mask.png,hidrofobizada    de   menor
55,5,110,11,414,277,524,288,414,277,524,277,524,288,414,288,sub_line_text,text,text_4,times,regular,10,pai_3cols_20211228_152936_2843625899_600_800.png,/scratch/parceirosbr/bigoilict/share/BigOil/document_generator/datasets/documents_2021_12_28/pai_3cols_20211228_152936_2843625899_600_800.png,pai_3cols_20211228_152936_2843625899_600_800_mask.png,granulometria     (-16+30#)
48,5,96,11,414,294,510,305,414,294,510,294,510,305,414,305,sub_line_text,text,text_4,times,regular,10,pai_3cols_20211228_152936_2843625899_600_800.png,/scratch/parceirosbr/bigoilict/share/BigOil/document_generator/datasets/documents_2021_12_28/pai_3cols_20211228_152936_2843625899_600_800.png,pai_3cols_20211228_152936_2843625899_600_800_mask.png,mostrou melhor resulta.
55,73,110,147,414,158,524,305,414,158,524,158,524,305,414,305,text,text,text_4,times,regular,10,pai_3cols_20211228_152936_2843625899_600_800.png,/scratch/parceirosbr/bigoilict/share/BigOil/document_generator/datasets/documents_2021_12_28/pai_3cols_20211228_152936_2843625899_600_800.png,pai_3cols_20211228_152936_2843625899_600_800_mask.png,nan
54,5,109,11,414,313,523,324,414,313,523,313,523,324,414,324,sub_line_text,text,text_5,times,regular,10,pai_3cols_20211228_152936_2843625899_600_800.png,/scratch/parceirosbr/bigoilict/share/BigOil/document_generator/datasets/documents_2021_12_28/pai_3cols_20211228_152936_2843625899_600_800.png,pai_3cols_20211228_152936_2843625899_600_800_mask.png,Which   can  reach  a  pres-
54,5,108,11,414,330,522,341,414,330,522,330,522,341,414,341,sub_line_text,text,text_5,times,regular,10,pai_3cols_20211228_152936_2843625899_600_800.png,/scratch/parceirosbr/bigoilict/share/BigOil/document_generator/datasets/documents_2021_12_28/pai_3cols_20211228_152936_2843625899_600_800.png,pai_3cols_20211228_152936_2843625899_600_800_mask.png,sure  of  120  atm  and a t-
54,5,109,11,414,347,523,358,414,347,523,347,523,358,414,358,sub_line_text,text,text_5,times,regular,10,pai_3cols_20211228_152936_2843625899_600_800.png,/scratch/parceirosbr/bigoilict/share/BigOil/document_generator/datasets/documents_2021_12_28/pai_3cols_20211228_152936_2843625899_600_800.png,pai_3cols_20211228_152936_2843625899_600_800_mask.png,emperature   of  up  to  30-
54,5,108,11,414,364,522,375,414,364,522,364,522,375,414,375,sub_line_text,text,text_5,times,regular,10,pai_3cols_20211228_152936_2843625899_600_800.png,/scratch/parceirosbr/bigoilict/share/BigOil/document_generator/datasets/documents_2021_12_28/pai_3cols_20211228_152936_2843625899_600_800.png,pai_3cols_20211228_152936_2843625899_600_800_mask.png,0C.  A  explicação  para  o
47,5,95,11,414,381,509,392,414,381,509,381,509,392,414,392,sub_line_text,text,text_5,times,regular,10,pai_3cols_20211228_152936_2843625899_600_800.png,/scratch/parceirosbr/bigoilict/share/BigOil/document_generator/datasets/documents_2021_12_28/pai_3cols_20211228_152936_2843625899_600_800.png,pai_3cols_20211228_152936_2843625899_600_800_mask.png,sucesso da está na efici.
54,39,109,79,414,313,523,392,414,313,523,313,523,392,414,392,text,text,text_5,times,regular,10,pai_3cols_20211228_152936_2843625899_600_800.png,/scratch/parceirosbr/bigoilict/share/BigOil/document_generator/datasets/documents_2021_12_28/pai_3cols_20211228_152936_2843625899_600_800.png,pai_3cols_20211228_152936_2843625899_600_800_mask.png,nan
56,48,113,96,414,400,527,496,414,400,527,400,527,496,414,496,image,figure_image,figure_3,,,,pai_3cols_20211228_152936_2843625899_600_800.png,/scratch/parceirosbr/bigoilict/share/BigOil/document_generator/datasets/documents_2021_12_28/pai_3cols_20211228_152936_2843625899_600_800.png,pai_3cols_20211228_152936_2843625899_600_800_mask.png,output/gen_img_20211228_152940_3418888107.png
7,0,14,1,444,484,458,485,444,481,459,484,458,487,444,485,text,figure_text,figure_3,,,,pai_3cols_20211228_152936_2843625899_600_800.png,/scratch/parceirosbr/bigoilict/share/BigOil/document_generator/datasets/documents_2021_12_28/pai_3cols_20211228_152936_2843625899_600_800.png,pai_3cols_20211228_152936_2843625899_600_800_mask.png,-2353.802
7,0,14,1,444,484,458,485,444,481,459,484,458,487,444,485,sub_line_text,figure_text,figure_3,,,,pai_3cols_20211228_152936_2843625899_600_800.png,/scratch/parceirosbr/bigoilict/share/BigOil/document_generator/datasets/documents_2021_12_28/pai_3cols_20211228_152936_2843625899_600_800.png,pai_3cols_20211228_152936_2843625899_600_800_mask.png,-2353.802
5,0,10,1,507,449,517,450,507,447,518,449,517,452,507,450,text,figure_text,figure_3,,,,pai_3cols_20211228_152936_2843625899_600_800.png,/scratch/parceirosbr/bigoilict/share/BigOil/document_generator/datasets/documents_2021_12_28/pai_3cols_20211228_152936_2843625899_600_800.png,pai_3cols_20211228_152936_2843625899_600_800_mask.png,-8617%
5,0,10,1,507,449,517,450,507,447,518,449,517,452,507,450,sub_line_text,figure_text,figure_3,,,,pai_3cols_20211228_152936_2843625899_600_800.png,/scratch/parceirosbr/bigoilict/share/BigOil/document_generator/datasets/documents_2021_12_28/pai_3cols_20211228_152936_2843625899_600_800.png,pai_3cols_20211228_152936_2843625899_600_800_mask.png,-8617%
5,0,11,0,501,491,512,491,501,488,513,491,512,494,500,491,text,figure_text,figure_3,,,,pai_3cols_20211228_152936_2843625899_600_800.png,/scratch/parceirosbr/bigoilict/share/BigOil/document_generator/datasets/documents_2021_12_28/pai_3cols_20211228_152936_2843625899_600_800.png,pai_3cols_20211228_152936_2843625899_600_800_mask.png,Liters (L)
5,0,11,0,501,491,512,491,501,488,513,491,512,494,500,491,sub_line_text,figure_text,figure_3,,,,pai_3cols_20211228_152936_2843625899_600_800.png,/scratch/parceirosbr/bigoilict/share/BigOil/document_generator/datasets/documents_2021_12_28/pai_3cols_20211228_152936_2843625899_600_800.png,pai_3cols_20211228_152936_2843625899_600_800_mask.png,Liters (L)
5,0,10,1,471,438,481,439,471,436,481,438,481,441,470,439,text,figure_text,figure_3,,,,pai_3cols_20211228_152936_2843625899_600_800.png,/scratch/parceirosbr/bigoilict/share/BigOil/document_generator/datasets/documents_2021_12_28/pai_3cols_20211228_152936_2843625899_600_800.png,pai_3cols_20211228_152936_2843625899_600_800_mask.png,-3973%
5,0,10,1,471,438,481,439,471,436,481,438,481,441,470,439,sub_line_text,figure_text,figure_3,,,,pai_3cols_20211228_152936_2843625899_600_800.png,/scratch/parceirosbr/bigoilict/share/BigOil/document_generator/datasets/documents_2021_12_28/pai_3cols_20211228_152936_2843625899_600_800.png,pai_3cols_20211228_152936_2843625899_600_800_mask.png,-3973%
4,1,9,2,449,429,458,431,449,427,459,429,458,433,448,431,text,figure_text,figure_3,,,,pai_3cols_20211228_152936_2843625899_600_800.png,/scratch/parceirosbr/bigoilict/share/BigOil/document_generator/datasets/documents_2021_12_28/pai_3cols_20211228_152936_2843625899_600_800.png,pai_3cols_20211228_152936_2843625899_600_800_mask.png,-2353%
4,1,9,2,449,429,458,431,449,427,459,429,458,433,448,431,sub_line_text,figure_text,figure_3,,,,pai_3cols_20211228_152936_2843625899_600_800.png,/scratch/parceirosbr/bigoilict/share/BigOil/document_generator/datasets/documents_2021_12_28/pai_3cols_20211228_152936_2843625899_600_800.png,pai_3cols_20211228_152936_2843625899_600_800_mask.png,-2353%
3,1,7,2,498,419,505,421,498,418,505,419,505,422,497,421,text,figure_text,figure_3,,,,pai_3cols_20211228_152936_2843625899_600_800.png,/scratch/parceirosbr/bigoilict/share/BigOil/document_generator/datasets/documents_2021_12_28/pai_3cols_20211228_152936_2843625899_600_800.png,pai_3cols_20211228_152936_2843625899_600_800_mask.png,Total
3,1,7,2,498,419,505,421,498,418,505,419,505,422,497,421,sub_line_text,figure_text,figure_3,,,,pai_3cols_20211228_152936_2843625899_600_800.png,/scratch/parceirosbr/bigoilict/share/BigOil/document_generator/datasets/documents_2021_12_28/pai_3cols_20211228_152936_2843625899_600_800.png,pai_3cols_20211228_152936_2843625899_600_800_mask.png,Total
5,0,10,1,453,448,463,449,453,446,464,448,463,451,452,449,text,figure_text,figure_3,,,,pai_3cols_20211228_152936_2843625899_600_800.png,/scratch/parceirosbr/bigoilict/share/BigOil/document_generator/datasets/documents_2021_12_28/pai_3cols_20211228_152936_2843625899_600_800.png,pai_3cols_20211228_152936_2843625899_600_800_mask.png,-44.26%
5,0,10,1,453,448,463,449,453,446,464,448,463,451,452,449,sub_line_text,figure_text,figure_3,,,,pai_3cols_20211228_152936_2843625899_600_800.png,/scratch/parceirosbr/bigoilict/share/BigOil/document_generator/datasets/documents_2021_12_28/pai_3cols_20211228_152936_2843625899_600_800.png,pai_3cols_20211228_152936_2843625899_600_800_mask.png,-44.26%
6,0,13,0,453,464,466,464,453,461,466,464,466,467,452,464,text,figure_text,figure_3,,,,pai_3cols_20211228_152936_2843625899_600_800.png,/scratch/parceirosbr/bigoilict/share/BigOil/document_generator/datasets/documents_2021_12_28/pai_3cols_20211228_152936_2843625899_600_800.png,pai_3cols_20211228_152936_2843625899_600_800_mask.png,-7705.431
6,0,13,0,453,464,466,464,453,461,466,464,466,467,452,464,sub_line_text,figure_text,figure_3,,,,pai_3cols_20211228_152936_2843625899_600_800.png,/scratch/parceirosbr/bigoilict/share/BigOil/document_generator/datasets/documents_2021_12_28/pai_3cols_20211228_152936_2843625899_600_800.png,pai_3cols_20211228_152936_2843625899_600_800_mask.png,-7705.431
8,0,16,0,449,440,465,440,449,437,466,440,465,444,449,440,text,figure_text,figure_3,,,,pai_3cols_20211228_152936_2843625899_600_800.png,/scratch/parceirosbr/bigoilict/share/BigOil/document_generator/datasets/documents_2021_12_28/pai_3cols_20211228_152936_2843625899_600_800.png,pai_3cols_20211228_152936_2843625899_600_800_mask.png,Quality[GB]
8,0,16,0,449,440,465,440,449,437,466,440,465,444,449,440,sub_line_text,figure_text,figure_3,,,,pai_3cols_20211228_152936_2843625899_600_800.png,/scratch/parceirosbr/bigoilict/share/BigOil/document_generator/datasets/documents_2021_12_28/pai_3cols_20211228_152936_2843625899_600_800.png,pai_3cols_20211228_152936_2843625899_600_800_mask.png,Quality[GB]
4,1,9,2,476,486,485,488,476,484,486,486,485,490,475,488,text,figure_text,figure_3,,,,pai_3cols_20211228_152936_2843625899_600_800.png,/scratch/parceirosbr/bigoilict/share/BigOil/document_generator/datasets/documents_2021_12_28/pai_3cols_20211228_152936_2843625899_600_800.png,pai_3cols_20211228_152936_2843625899_600_800_mask.png,-9144%
4,1,9,2,476,486,485,488,476,484,486,486,485,490,475,488,sub_line_text,figure_text,figure_3,,,,pai_3cols_20211228_152936_2843625899_600_800.png,/scratch/parceirosbr/bigoilict/share/BigOil/document_generator/datasets/documents_2021_12_28/pai_3cols_20211228_152936_2843625899_600_800.png,pai_3cols_20211228_152936_2843625899_600_800_mask.png,-9144%
8,0,17,0,480,480,497,480,480,477,497,480,497,484,479,480,text,figure_text,figure_3,,,,pai_3cols_20211228_152936_2843625899_600_800.png,/scratch/parceirosbr/bigoilict/share/BigOil/document_generator/datasets/documents_2021_12_28/pai_3cols_20211228_152936_2843625899_600_800.png,pai_3cols_20211228_152936_2843625899_600_800_mask.png,Volume (TB)
8,0,17,0,480,480,497,480,480,477,497,480,497,484,479,480,sub_line_text,figure_text,figure_3,,,,pai_3cols_20211228_152936_2843625899_600_800.png,/scratch/parceirosbr/bigoilict/share/BigOil/document_generator/datasets/documents_2021_12_28/pai_3cols_20211228_152936_2843625899_600_800.png,pai_3cols_20211228_152936_2843625899_600_800_mask.png,Volume (TB)
7,0,15,0,421,451,436,451,421,448,436,451,436,454,420,451,text,figure_text,figure_3,,,,pai_3cols_20211228_152936_2843625899_600_800.png,/scratch/parceirosbr/bigoilict/share/BigOil/document_generator/datasets/documents_2021_12_28/pai_3cols_20211228_152936_2843625899_600_800.png,pai_3cols_20211228_152936_2843625899_600_800_mask.png,Liters (ML)
7,0,15,0,421,451,436,451,421,448,436,451,436,454,420,451,sub_line_text,figure_text,figure_3,,,,pai_3cols_20211228_152936_2843625899_600_800.png,/scratch/parceirosbr/bigoilict/share/BigOil/document_generator/datasets/documents_2021_12_28/pai_3cols_20211228_152936_2843625899_600_800.png,pai_3cols_20211228_152936_2843625899_600_800_mask.png,Liters (ML)
5,0,10,1,462,417,472,418,462,415,472,417,472,420,461,418,text,figure_text,figure_3,,,,pai_3cols_20211228_152936_2843625899_600_800.png,/scratch/parceirosbr/bigoilict/share/BigOil/document_generator/datasets/documents_2021_12_28/pai_3cols_20211228_152936_2843625899_600_800.png,pai_3cols_20211228_152936_2843625899_600_800_mask.png,-5153.5
5,0,10,1,462,417,472,418,462,415,472,417,472,420,461,418,sub_line_text,figure_text,figure_3,,,,pai_3cols_20211228_152936_2843625899_600_800.png,/scratch/parceirosbr/bigoilict/share/BigOil/document_generator/datasets/documents_2021_12_28/pai_3cols_20211228_152936_2843625899_600_800.png,pai_3cols_20211228_152936_2843625899_600_800_mask.png,-5153.5
6,0,12,1,471,457,483,458,471,455,484,457,483,461,470,458,text,figure_text,figure_3,,,,pai_3cols_20211228_152936_2843625899_600_800.png,/scratch/parceirosbr/bigoilict/share/BigOil/document_generator/datasets/documents_2021_12_28/pai_3cols_20211228_152936_2843625899_600_800.png,pai_3cols_20211228_152936_2843625899_600_800_mask.png,-7319.1%
6,0,12,1,471,457,483,458,471,455,484,457,483,461,470,458,sub_line_text,figure_text,figure_3,,,,pai_3cols_20211228_152936_2843625899_600_800.png,/scratch/parceirosbr/bigoilict/share/BigOil/document_generator/datasets/documents_2021_12_28/pai_3cols_20211228_152936_2843625899_600_800.png,pai_3cols_20211228_152936_2843625899_600_800_mask.png,-7319.1%
5,0,10,1,496,434,506,435,496,432,506,434,506,437,495,435,text,figure_text,figure_3,,,,pai_3cols_20211228_152936_2843625899_600_800.png,/scratch/parceirosbr/bigoilict/share/BigOil/document_generator/datasets/documents_2021_12_28/pai_3cols_20211228_152936_2843625899_600_800.png,pai_3cols_20211228_152936_2843625899_600_800_mask.png,Length
5,0,10,1,496,434,506,435,496,432,506,434,506,437,495,435,sub_line_text,figure_text,figure_3,,,,pai_3cols_20211228_152936_2843625899_600_800.png,/scratch/parceirosbr/bigoilict/share/BigOil/document_generator/datasets/documents_2021_12_28/pai_3cols_20211228_152936_2843625899_600_800.png,pai_3cols_20211228_152936_2843625899_600_800_mask.png,Length
6,0,12,1,420,410,432,411,420,407,433,410,432,413,419,411,text,figure_text,figure_3,,,,pai_3cols_20211228_152936_2843625899_600_800.png,/scratch/parceirosbr/bigoilict/share/BigOil/document_generator/datasets/documents_2021_12_28/pai_3cols_20211228_152936_2843625899_600_800.png,pai_3cols_20211228_152936_2843625899_600_800_mask.png,-8058.5%
6,0,12,1,420,410,432,411,420,407,433,410,432,413,419,411,sub_line_text,figure_text,figure_3,,,,pai_3cols_20211228_152936_2843625899_600_800.png,/scratch/parceirosbr/bigoilict/share/BigOil/document_generator/datasets/documents_2021_12_28/pai_3cols_20211228_152936_2843625899_600_800.png,pai_3cols_20211228_152936_2843625899_600_800_mask.png,-8058.5%
9,0,18,0,477,449,495,449,477,446,496,449,495,452,476,449,text,figure_text,figure_3,,,,pai_3cols_20211228_152936_2843625899_600_800.png,/scratch/parceirosbr/bigoilict/share/BigOil/document_generator/datasets/documents_2021_12_28/pai_3cols_20211228_152936_2843625899_600_800.png,pai_3cols_20211228_152936_2843625899_600_800_mask.png,Demand (TB)
9,0,18,0,477,449,495,449,477,446,496,449,495,452,476,449,sub_line_text,figure_text,figure_3,,,,pai_3cols_20211228_152936_2843625899_600_800.png,/scratch/parceirosbr/bigoilict/share/BigOil/document_generator/datasets/documents_2021_12_28/pai_3cols_20211228_152936_2843625899_600_800.png,pai_3cols_20211228_152936_2843625899_600_800_mask.png,Demand (TB)
4,1,8,2,507,461,515,463,507,460,515,461,515,465,506,463,text,figure_text,figure_3,,,,pai_3cols_20211228_152936_2843625899_600_800.png,/scratch/parceirosbr/bigoilict/share/BigOil/document_generator/datasets/documents_2021_12_28/pai_3cols_20211228_152936_2843625899_600_800.png,pai_3cols_20211228_152936_2843625899_600_800_mask.png,-5584
4,1,8,2,507,461,515,463,507,460,515,461,515,465,506,463,sub_line_text,figure_text,figure_3,,,,pai_3cols_20211228_152936_2843625899_600_800.png,/scratch/parceirosbr/bigoilict/share/BigOil/document_generator/datasets/documents_2021_12_28/pai_3cols_20211228_152936_2843625899_600_800.png,pai_3cols_20211228_152936_2843625899_600_800_mask.png,-5584
6,0,13,1,425,403,438,404,425,401,439,403,438,407,424,404,text,figure_text,figure_3,,,,pai_3cols_20211228_152936_2843625899_600_800.png,/scratch/parceirosbr/bigoilict/share/BigOil/document_generator/datasets/documents_2021_12_28/pai_3cols_20211228_152936_2843625899_600_800.png,pai_3cols_20211228_152936_2843625899_600_800_mask.png,Data [MB]
6,0,13,1,425,403,438,404,425,401,439,403,438,407,424,404,sub_line_text,figure_text,figure_3,,,,pai_3cols_20211228_152936_2843625899_600_800.png,/scratch/parceirosbr/bigoilict/share/BigOil/document_generator/datasets/documents_2021_12_28/pai_3cols_20211228_152936_2843625899_600_800.png,pai_3cols_20211228_152936_2843625899_600_800_mask.png,Data [MB]
4,0,9,1,465,475,474,476,465,473,475,475,474,478,464,476,text,figure_text,figure_3,,,,pai_3cols_20211228_152936_2843625899_600_800.png,/scratch/parceirosbr/bigoilict/share/BigOil/document_generator/datasets/documents_2021_12_28/pai_3cols_20211228_152936_2843625899_600_800.png,pai_3cols_20211228_152936_2843625899_600_800_mask.png,-5312%
4,0,9,1,465,475,474,476,465,473,475,475,474,478,464,476,sub_line_text,figure_text,figure_3,,,,pai_3cols_20211228_152936_2843625899_600_800.png,/scratch/parceirosbr/bigoilict/share/BigOil/document_generator/datasets/documents_2021_12_28/pai_3cols_20211228_152936_2843625899_600_800.png,pai_3cols_20211228_152936_2843625899_600_800_mask.png,-5312%
2,1,5,2,438,442,443,444,438,441,444,442,443,445,437,444,text,figure_text,figure_3,,,,pai_3cols_20211228_152936_2843625899_600_800.png,/scratch/parceirosbr/bigoilict/share/BigOil/document_generator/datasets/documents_2021_12_28/pai_3cols_20211228_152936_2843625899_600_800.png,pai_3cols_20211228_152936_2843625899_600_800_mask.png,85%
2,1,5,2,438,442,443,444,438,441,444,442,443,445,437,444,sub_line_text,figure_text,figure_3,,,,pai_3cols_20211228_152936_2843625899_600_800.png,/scratch/parceirosbr/bigoilict/share/BigOil/document_generator/datasets/documents_2021_12_28/pai_3cols_20211228_152936_2843625899_600_800.png,pai_3cols_20211228_152936_2843625899_600_800_mask.png,85%
7,0,14,1,419,429,433,430,419,427,434,429,433,433,418,430,text,figure_text,figure_3,,,,pai_3cols_20211228_152936_2843625899_600_800.png,/scratch/parceirosbr/bigoilict/share/BigOil/document_generator/datasets/documents_2021_12_28/pai_3cols_20211228_152936_2843625899_600_800.png,pai_3cols_20211228_152936_2843625899_600_800_mask.png,Volume [l]
7,0,14,1,419,429,433,430,419,427,434,429,433,433,418,430,sub_line_text,figure_text,figure_3,,,,pai_3cols_20211228_152936_2843625899_600_800.png,/scratch/parceirosbr/bigoilict/share/BigOil/document_generator/datasets/documents_2021_12_28/pai_3cols_20211228_152936_2843625899_600_800.png,pai_3cols_20211228_152936_2843625899_600_800_mask.png,Volume [l]
6,0,12,1,510,468,522,469,510,466,523,468,522,472,509,469,text,figure_text,figure_3,,,,pai_3cols_20211228_152936_2843625899_600_800.png,/scratch/parceirosbr/bigoilict/share/BigOil/document_generator/datasets/documents_2021_12_28/pai_3cols_20211228_152936_2843625899_600_800.png,pai_3cols_20211228_152936_2843625899_600_800_mask.png,-3546.7%
6,0,12,1,510,468,522,469,510,466,523,468,522,472,509,469,sub_line_text,figure_text,figure_3,,,,pai_3cols_20211228_152936_2843625899_600_800.png,/scratch/parceirosbr/bigoilict/share/BigOil/document_generator/datasets/documents_2021_12_28/pai_3cols_20211228_152936_2843625899_600_800.png,pai_3cols_20211228_152936_2843625899_600_800_mask.png,-3546.7%
5,0,10,1,508,480,518,481,508,477,519,480,518,483,507,481,text,figure_text,figure_3,,,,pai_3cols_20211228_152936_2843625899_600_800.png,/scratch/parceirosbr/bigoilict/share/BigOil/document_generator/datasets/documents_2021_12_28/pai_3cols_20211228_152936_2843625899_600_800.png,pai_3cols_20211228_152936_2843625899_600_800_mask.png,-3840.3
5,0,10,1,508,480,518,481,508,477,519,480,518,483,507,481,sub_line_text,figure_text,figure_3,,,,pai_3cols_20211228_152936_2843625899_600_800.png,/scratch/parceirosbr/bigoilict/share/BigOil/document_generator/datasets/documents_2021_12_28/pai_3cols_20211228_152936_2843625899_600_800.png,pai_3cols_20211228_152936_2843625899_600_800_mask.png,-3840.3
5,0,10,1,480,420,490,421,480,418,491,420,490,423,479,421,text,figure_text,figure_3,,,,pai_3cols_20211228_152936_2843625899_600_800.png,/scratch/parceirosbr/bigoilict/share/BigOil/document_generator/datasets/documents_2021_12_28/pai_3cols_20211228_152936_2843625899_600_800.png,pai_3cols_20211228_152936_2843625899_600_800_mask.png,-75.42%
5,0,10,1,480,420,490,421,480,418,491,420,490,423,479,421,sub_line_text,figure_text,figure_3,,,,pai_3cols_20211228_152936_2843625899_600_800.png,/scratch/parceirosbr/bigoilict/share/BigOil/document_generator/datasets/documents_2021_12_28/pai_3cols_20211228_152936_2843625899_600_800.png,pai_3cols_20211228_152936_2843625899_600_800_mask.png,-75.42%
6,0,12,1,512,426,524,427,512,423,525,426,524,429,511,427,text,figure_text,figure_3,,,,pai_3cols_20211228_152936_2843625899_600_800.png,/scratch/parceirosbr/bigoilict/share/BigOil/document_generator/datasets/documents_2021_12_28/pai_3cols_20211228_152936_2843625899_600_800.png,pai_3cols_20211228_152936_2843625899_600_800_mask.png,-6533.80
6,0,12,1,512,426,524,427,512,423,525,426,524,429,511,427,sub_line_text,figure_text,figure_3,,,,pai_3cols_20211228_152936_2843625899_600_800.png,/scratch/parceirosbr/bigoilict/share/BigOil/document_generator/datasets/documents_2021_12_28/pai_3cols_20211228_152936_2843625899_600_800.png,pai_3cols_20211228_152936_2843625899_600_800_mask.png,-6533.80
9,0,18,0,417,419,435,419,417,416,436,419,435,422,416,419,text,figure_text,figure_3,,,,pai_3cols_20211228_152936_2843625899_600_800.png,/scratch/parceirosbr/bigoilict/share/BigOil/document_generator/datasets/documents_2021_12_28/pai_3cols_20211228_152936_2843625899_600_800.png,pai_3cols_20211228_152936_2843625899_600_800_mask.png,Demand (KB)
9,0,18,0,417,419,435,419,417,416,436,419,435,422,416,419,sub_line_text,figure_text,figure_3,,,,pai_3cols_20211228_152936_2843625899_600_800.png,/scratch/parceirosbr/bigoilict/share/BigOil/document_generator/datasets/documents_2021_12_28/pai_3cols_20211228_152936_2843625899_600_800.png,pai_3cols_20211228_152936_2843625899_600_800_mask.png,Demand (KB)
48,5,97,11,426,501,523,512,426,501,523,501,523,512,426,512,sub_line_text,figure_legend,figure_3,times,bolditalic,9,pai_3cols_20211228_152936_2843625899_600_800.png,/scratch/parceirosbr/bigoilict/share/BigOil/document_generator/datasets/documents_2021_12_28/pai_3cols_20211228_152936_2843625899_600_800.png,pai_3cols_20211228_152936_2843625899_600_800_mask.png,Fig.   121:     Isoflavones
48,5,97,11,426,518,523,529,426,518,523,518,523,529,426,529,sub_line_text,figure_legend,figure_3,times,bolditalic,9,pai_3cols_20211228_152936_2843625899_600_800.png,/scratch/parceirosbr/bigoilict/share/BigOil/document_generator/datasets/documents_2021_12_28/pai_3cols_20211228_152936_2843625899_600_800.png,pai_3cols_20211228_152936_2843625899_600_800_mask.png,in  soy  beans: importan-
43,5,87,11,426,535,513,546,426,535,513,535,513,546,426,546,sub_line_text,figure_legend,figure_3,times,bolditalic,9,pai_3cols_20211228_152936_2843625899_600_800.png,/scratch/parceirosbr/bigoilict/share/BigOil/document_generator/datasets/documents_2021_12_28/pai_3cols_20211228_152936_2843625899_600_800.png,pai_3cols_20211228_152936_2843625899_600_800_mask.png,ce of the activity in the
48,22,97,45,426,501,523,546,426,501,523,501,523,546,426,546,text,figure_legend,figure_3,times,bolditalic,9,pai_3cols_20211228_152936_2843625899_600_800.png,/scratch/parceirosbr/bigoilict/share/BigOil/document_generator/datasets/documents_2021_12_28/pai_3cols_20211228_152936_2843625899_600_800.png,pai_3cols_20211228_152936_2843625899_600_800_mask.png,nan
54,5,108,11,414,554,522,565,414,554,522,554,522,565,414,565,sub_line_text,text,text_6,times,regular,10,pai_3cols_20211228_152936_2843625899_600_800.png,/scratch/parceirosbr/bigoilict/share/BigOil/document_generator/datasets/documents_2021_12_28/pai_3cols_20211228_152936_2843625899_600_800.png,pai_3cols_20211228_152936_2843625899_600_800_mask.png,Uma  vez  que  o  modelo-
54,5,109,11,414,571,523,582,414,571,523,571,523,582,414,582,sub_line_text,text,text_6,times,regular,10,pai_3cols_20211228_152936_2843625899_600_800.png,/scratch/parceirosbr/bigoilict/share/BigOil/document_generator/datasets/documents_2021_12_28/pai_3cols_20211228_152936_2843625899_600_800.png,pai_3cols_20211228_152936_2843625899_600_800_mask.png,considerado   é   incompre-
54,5,108,11,414,588,522,599,414,588,522,588,522,599,414,599,sub_line_text,text,text_6,times,regular,10,pai_3cols_20211228_152936_2843625899_600_800.png,/scratch/parceirosbr/bigoilict/share/BigOil/document_generator/datasets/documents_2021_12_28/pai_3cols_20211228_152936_2843625899_600_800.png,pai_3cols_20211228_152936_2843625899_600_800_mask.png,"ssível,   as  densidades  da"
54,5,109,11,414,605,523,616,414,605,523,605,523,616,414,616,sub_line_text,text,text_6,times,regular,10,pai_3cols_20211228_152936_2843625899_600_800.png,/scratch/parceirosbr/bigoilict/share/BigOil/document_generator/datasets/documents_2021_12_28/pai_3cols_20211228_152936_2843625899_600_800.png,pai_3cols_20211228_152936_2843625899_600_800_mask.png,água  e  do  óleo  permane-
46,5,93,11,414,622,507,633,414,622,507,622,507,633,414,633,sub_line_text,text,text_6,times,regular,10,pai_3cols_20211228_152936_2843625899_600_800.png,/scratch/parceirosbr/bigoilict/share/BigOil/document_generator/datasets/documents_2021_12_28/pai_3cols_20211228_152936_2843625899_600_800.png,pai_3cols_20211228_152936_2843625899_600_800_mask.png,cem cons-tantes.2.3.2..
54,39,109,79,414,554,523,633,414,554,523,554,523,633,414,633,text,text,text_6,times,regular,10,pai_3cols_20211228_152936_2843625899_600_800.png,/scratch/parceirosbr/bigoilict/share/BigOil/document_generator/datasets/documents_2021_12_28/pai_3cols_20211228_152936_2843625899_600_800.png,pai_3cols_20211228_152936_2843625899_600_800_mask.png,nan
50,5,100,11,414,641,514,652,414,641,514,641,514,652,414,652,sub_line_text,text,text_7,times,regular,10,pai_3cols_20211228_152936_2843625899_600_800.png,/scratch/parceirosbr/bigoilict/share/BigOil/document_generator/datasets/documents_2021_12_28/pai_3cols_20211228_152936_2843625899_600_800.png,pai_3cols_20211228_152936_2843625899_600_800_mask.png,It is also necessary to d-.
50,5,100,11,414,641,514,652,414,641,514,641,514,652,414,652,text,text,text_7,times,regular,10,pai_3cols_20211228_152936_2843625899_600_800.png,/scratch/parceirosbr/bigoilict/share/BigOil/document_generator/datasets/documents_2021_12_28/pai_3cols_20211228_152936_2843625899_600_800.png,pai_3cols_20211228_152936_2843625899_600_800_mask.png,nan
