center_x,center_y,width,height,xmin,ymin,xmax,ymax,top_left_x,top_left_y,top_right_x,top_right_y,bottom_right_x,bottom_right_y,bottom_left_x,bottom_left_y,label,grouplabel,group,text_font,text_style,size_font,filename,path,filename_mask,content
300,400,600,800,0,0,600,800,0,0,600,0,600,800,0,800,document,,,,,,pai_2cols_20211228_152838_7226693274_600_800.png,/scratch/parceirosbr/bigoilict/share/BigOil/document_generator/datasets/documents_2021_12_28/pai_2cols_20211228_152838_7226693274_600_800.png,pai_2cols_20211228_152838_7226693274_600_800_mask.png,
110,9,221,18,71,31,292,49,71,31,292,31,292,49,71,49,sub_line_text,subtitle,subtitle_0,raleway,bold,15,pai_2cols_20211228_152838_7226693274_600_800.png,/scratch/parceirosbr/bigoilict/share/BigOil/document_generator/datasets/documents_2021_12_28/pai_2cols_20211228_152838_7226693274_600_800.png,pai_2cols_20211228_152838_7226693274_600_800_mask.png,"E  diesel  estiveram, respectiv-"
29,9,59,18,71,54,130,72,71,54,130,54,130,72,71,72,sub_line_text,subtitle,subtitle_0,raleway,bold,15,pai_2cols_20211228_152838_7226693274_600_800.png,/scratch/parceirosbr/bigoilict/share/BigOil/document_generator/datasets/documents_2021_12_28/pai_2cols_20211228_152838_7226693274_600_800.png,pai_2cols_20211228_152838_7226693274_600_800_mask.png,"amente,"
110,20,221,41,71,31,292,72,71,31,292,31,292,72,71,72,title,subtitle,subtitle_0,raleway,bold,15,pai_2cols_20211228_152838_7226693274_600_800.png,/scratch/parceirosbr/bigoilict/share/BigOil/document_generator/datasets/documents_2021_12_28/pai_2cols_20211228_152838_7226693274_600_800.png,pai_2cols_20211228_152838_7226693274_600_800_mask.png,nan
90,6,181,13,91,77,272,90,91,77,272,77,272,90,91,90,sub_line_text,subsubtitle,subsubtitle_0,raleway,regular,11,pai_2cols_20211228_152838_7226693274_600_800.png,/scratch/parceirosbr/bigoilict/share/BigOil/document_generator/datasets/documents_2021_12_28/pai_2cols_20211228_152838_7226693274_600_800.png,pai_2cols_20211228_152838_7226693274_600_800_mask.png,Conforme figura valor apresentado
90,6,181,13,91,77,272,90,91,77,272,77,272,90,91,90,title,subsubtitle,subsubtitle_0,raleway,regular,11,pai_2cols_20211228_152838_7226693274_600_800.png,/scratch/parceirosbr/bigoilict/share/BigOil/document_generator/datasets/documents_2021_12_28/pai_2cols_20211228_152838_7226693274_600_800.png,pai_2cols_20211228_152838_7226693274_600_800_mask.png,nan
101,4,202,8,90,95,292,103,90,95,292,95,292,103,90,103,sub_line_text,figure_legend,figure_0,raleway,bolditalic,7,pai_2cols_20211228_152838_7226693274_600_800.png,/scratch/parceirosbr/bigoilict/share/BigOil/document_generator/datasets/documents_2021_12_28/pai_2cols_20211228_152838_7226693274_600_800.png,pai_2cols_20211228_152838_7226693274_600_800_mask.png,"Figura    16:      Dessa   maneira,   o   percentual   proposto   p-"
101,4,202,8,90,105,292,113,90,105,292,105,292,113,90,113,sub_line_text,figure_legend,figure_0,raleway,bolditalic,7,pai_2cols_20211228_152838_7226693274_600_800.png,/scratch/parceirosbr/bigoilict/share/BigOil/document_generator/datasets/documents_2021_12_28/pai_2cols_20211228_152838_7226693274_600_800.png,pai_2cols_20211228_152838_7226693274_600_800_mask.png,ara     as    empresas    petrolíferas    no    novo.    Destas    39
101,4,202,8,90,115,292,123,90,115,292,115,292,123,90,123,sub_line_text,figure_legend,figure_0,raleway,bolditalic,7,pai_2cols_20211228_152838_7226693274_600_800.png,/scratch/parceirosbr/bigoilict/share/BigOil/document_generator/datasets/documents_2021_12_28/pai_2cols_20211228_152838_7226693274_600_800.png,pai_2cols_20211228_152838_7226693274_600_800_mask.png,"espécies,    sete    estão    citadas   na   lista   de   fauna   am-"
13,4,26,8,90,125,116,133,90,125,116,125,116,133,90,133,sub_line_text,figure_legend,figure_0,raleway,bolditalic,7,pai_2cols_20211228_152838_7226693274_600_800.png,/scratch/parceirosbr/bigoilict/share/BigOil/document_generator/datasets/documents_2021_12_28/pai_2cols_20211228_152838_7226693274_600_800.png,pai_2cols_20211228_152838_7226693274_600_800_mask.png,eaçada.
101,19,202,38,90,95,292,133,90,95,292,95,292,133,90,133,text,figure_legend,figure_0,raleway,bolditalic,7,pai_2cols_20211228_152838_7226693274_600_800.png,/scratch/parceirosbr/bigoilict/share/BigOil/document_generator/datasets/documents_2021_12_28/pai_2cols_20211228_152838_7226693274_600_800.png,pai_2cols_20211228_152838_7226693274_600_800_mask.png,nan
62,104,125,209,119,138,244,347,119,138,244,138,244,347,119,347,image,figure_image,figure_0,,,,pai_2cols_20211228_152838_7226693274_600_800.png,/scratch/parceirosbr/bigoilict/share/BigOil/document_generator/datasets/documents_2021_12_28/pai_2cols_20211228_152838_7226693274_600_800.png,pai_2cols_20211228_152838_7226693274_600_800_mask.png,output/gen_img_20211228_152838_1508638716.png
9,15,19,30,187,286,206,316,187,313,199,286,206,290,193,316,text,figure_text,figure_0,,,,pai_2cols_20211228_152838_7226693274_600_800.png,/scratch/parceirosbr/bigoilict/share/BigOil/document_generator/datasets/documents_2021_12_28/pai_2cols_20211228_152838_7226693274_600_800.png,pai_2cols_20211228_152838_7226693274_600_800_mask.png,-8134.30
9,15,19,30,187,286,206,316,187,313,199,286,206,290,193,316,sub_line_text,figure_text,figure_0,,,,pai_2cols_20211228_152838_7226693274_600_800.png,/scratch/parceirosbr/bigoilict/share/BigOil/document_generator/datasets/documents_2021_12_28/pai_2cols_20211228_152838_7226693274_600_800.png,pai_2cols_20211228_152838_7226693274_600_800_mask.png,-8134.30
11,18,23,37,125,287,148,324,125,321,141,287,148,290,131,324,text,figure_text,figure_0,,,,pai_2cols_20211228_152838_7226693274_600_800.png,/scratch/parceirosbr/bigoilict/share/BigOil/document_generator/datasets/documents_2021_12_28/pai_2cols_20211228_152838_7226693274_600_800.png,pai_2cols_20211228_152838_7226693274_600_800_mask.png,Conversion
11,18,23,37,125,287,148,324,125,321,141,287,148,290,131,324,sub_line_text,figure_text,figure_0,,,,pai_2cols_20211228_152838_7226693274_600_800.png,/scratch/parceirosbr/bigoilict/share/BigOil/document_generator/datasets/documents_2021_12_28/pai_2cols_20211228_152838_7226693274_600_800.png,pai_2cols_20211228_152838_7226693274_600_800_mask.png,Conversion
9,15,19,30,201,170,220,200,201,197,214,170,220,173,207,200,text,figure_text,figure_0,,,,pai_2cols_20211228_152838_7226693274_600_800.png,/scratch/parceirosbr/bigoilict/share/BigOil/document_generator/datasets/documents_2021_12_28/pai_2cols_20211228_152838_7226693274_600_800.png,pai_2cols_20211228_152838_7226693274_600_800_mask.png,-668.89%
9,15,19,30,201,170,220,200,201,197,214,170,220,173,207,200,sub_line_text,figure_text,figure_0,,,,pai_2cols_20211228_152838_7226693274_600_800.png,/scratch/parceirosbr/bigoilict/share/BigOil/document_generator/datasets/documents_2021_12_28/pai_2cols_20211228_152838_7226693274_600_800.png,pai_2cols_20211228_152838_7226693274_600_800_mask.png,-668.89%
13,20,26,41,156,140,182,181,156,178,174,140,182,143,164,181,text,figure_text,figure_0,,,,pai_2cols_20211228_152838_7226693274_600_800.png,/scratch/parceirosbr/bigoilict/share/BigOil/document_generator/datasets/documents_2021_12_28/pai_2cols_20211228_152838_7226693274_600_800.png,pai_2cols_20211228_152838_7226693274_600_800_mask.png,Female (km)
13,20,26,41,156,140,182,181,156,178,174,140,182,143,164,181,sub_line_text,figure_text,figure_0,,,,pai_2cols_20211228_152838_7226693274_600_800.png,/scratch/parceirosbr/bigoilict/share/BigOil/document_generator/datasets/documents_2021_12_28/pai_2cols_20211228_152838_7226693274_600_800.png,pai_2cols_20211228_152838_7226693274_600_800_mask.png,Female (km)
8,12,16,25,149,190,165,215,149,212,159,190,165,193,155,215,text,figure_text,figure_0,,,,pai_2cols_20211228_152838_7226693274_600_800.png,/scratch/parceirosbr/bigoilict/share/BigOil/document_generator/datasets/documents_2021_12_28/pai_2cols_20211228_152838_7226693274_600_800.png,pai_2cols_20211228_152838_7226693274_600_800_mask.png,-2868%
8,12,16,25,149,190,165,215,149,212,159,190,165,193,155,215,sub_line_text,figure_text,figure_0,,,,pai_2cols_20211228_152838_7226693274_600_800.png,/scratch/parceirosbr/bigoilict/share/BigOil/document_generator/datasets/documents_2021_12_28/pai_2cols_20211228_152838_7226693274_600_800.png,pai_2cols_20211228_152838_7226693274_600_800_mask.png,-2868%
8,13,17,26,180,226,197,252,180,249,191,226,197,229,186,252,text,figure_text,figure_0,,,,pai_2cols_20211228_152838_7226693274_600_800.png,/scratch/parceirosbr/bigoilict/share/BigOil/document_generator/datasets/documents_2021_12_28/pai_2cols_20211228_152838_7226693274_600_800.png,pai_2cols_20211228_152838_7226693274_600_800_mask.png,-8356.2
8,13,17,26,180,226,197,252,180,249,191,226,197,229,186,252,sub_line_text,figure_text,figure_0,,,,pai_2cols_20211228_152838_7226693274_600_800.png,/scratch/parceirosbr/bigoilict/share/BigOil/document_generator/datasets/documents_2021_12_28/pai_2cols_20211228_152838_7226693274_600_800.png,pai_2cols_20211228_152838_7226693274_600_800_mask.png,-8356.2
7,10,15,20,176,186,191,206,176,203,184,186,191,188,183,206,text,figure_text,figure_0,,,,pai_2cols_20211228_152838_7226693274_600_800.png,/scratch/parceirosbr/bigoilict/share/BigOil/document_generator/datasets/documents_2021_12_28/pai_2cols_20211228_152838_7226693274_600_800.png,pai_2cols_20211228_152838_7226693274_600_800_mask.png,North
7,10,15,20,176,186,191,206,176,203,184,186,191,188,183,206,sub_line_text,figure_text,figure_0,,,,pai_2cols_20211228_152838_7226693274_600_800.png,/scratch/parceirosbr/bigoilict/share/BigOil/document_generator/datasets/documents_2021_12_28/pai_2cols_20211228_152838_7226693274_600_800.png,pai_2cols_20211228_152838_7226693274_600_800_mask.png,North
6,7,12,15,140,329,152,344,140,341,145,329,152,332,146,344,text,figure_text,figure_0,,,,pai_2cols_20211228_152838_7226693274_600_800.png,/scratch/parceirosbr/bigoilict/share/BigOil/document_generator/datasets/documents_2021_12_28/pai_2cols_20211228_152838_7226693274_600_800.png,pai_2cols_20211228_152838_7226693274_600_800_mask.png,Unit
6,7,12,15,140,329,152,344,140,341,145,329,152,332,146,344,sub_line_text,figure_text,figure_0,,,,pai_2cols_20211228_152838_7226693274_600_800.png,/scratch/parceirosbr/bigoilict/share/BigOil/document_generator/datasets/documents_2021_12_28/pai_2cols_20211228_152838_7226693274_600_800.png,pai_2cols_20211228_152838_7226693274_600_800_mask.png,Unit
10,15,21,31,198,214,219,245,198,241,211,214,219,217,205,245,text,figure_text,figure_0,,,,pai_2cols_20211228_152838_7226693274_600_800.png,/scratch/parceirosbr/bigoilict/share/BigOil/document_generator/datasets/documents_2021_12_28/pai_2cols_20211228_152838_7226693274_600_800.png,pai_2cols_20211228_152838_7226693274_600_800_mask.png,Male (M)
10,15,21,31,198,214,219,245,198,241,211,214,219,217,205,245,sub_line_text,figure_text,figure_0,,,,pai_2cols_20211228_152838_7226693274_600_800.png,/scratch/parceirosbr/bigoilict/share/BigOil/document_generator/datasets/documents_2021_12_28/pai_2cols_20211228_152838_7226693274_600_800.png,pai_2cols_20211228_152838_7226693274_600_800_mask.png,Male (M)
9,15,19,30,149,254,168,284,149,281,161,254,168,257,155,284,text,figure_text,figure_0,,,,pai_2cols_20211228_152838_7226693274_600_800.png,/scratch/parceirosbr/bigoilict/share/BigOil/document_generator/datasets/documents_2021_12_28/pai_2cols_20211228_152838_7226693274_600_800.png,pai_2cols_20211228_152838_7226693274_600_800_mask.png,-374.578
9,15,19,30,149,254,168,284,149,281,161,254,168,257,155,284,sub_line_text,figure_text,figure_0,,,,pai_2cols_20211228_152838_7226693274_600_800.png,/scratch/parceirosbr/bigoilict/share/BigOil/document_generator/datasets/documents_2021_12_28/pai_2cols_20211228_152838_7226693274_600_800.png,pai_2cols_20211228_152838_7226693274_600_800_mask.png,-374.578
10,15,20,31,123,148,143,179,123,176,136,148,143,151,129,179,text,figure_text,figure_0,,,,pai_2cols_20211228_152838_7226693274_600_800.png,/scratch/parceirosbr/bigoilict/share/BigOil/document_generator/datasets/documents_2021_12_28/pai_2cols_20211228_152838_7226693274_600_800.png,pai_2cols_20211228_152838_7226693274_600_800_mask.png,Statistics
10,15,20,31,123,148,143,179,123,176,136,148,143,151,129,179,sub_line_text,figure_text,figure_0,,,,pai_2cols_20211228_152838_7226693274_600_800.png,/scratch/parceirosbr/bigoilict/share/BigOil/document_generator/datasets/documents_2021_12_28/pai_2cols_20211228_152838_7226693274_600_800.png,pai_2cols_20211228_152838_7226693274_600_800_mask.png,Statistics
8,13,17,26,158,310,175,336,158,333,169,310,175,313,164,336,text,figure_text,figure_0,,,,pai_2cols_20211228_152838_7226693274_600_800.png,/scratch/parceirosbr/bigoilict/share/BigOil/document_generator/datasets/documents_2021_12_28/pai_2cols_20211228_152838_7226693274_600_800.png,pai_2cols_20211228_152838_7226693274_600_800_mask.png,-3796.7
8,13,17,26,158,310,175,336,158,333,169,310,175,313,164,336,sub_line_text,figure_text,figure_0,,,,pai_2cols_20211228_152838_7226693274_600_800.png,/scratch/parceirosbr/bigoilict/share/BigOil/document_generator/datasets/documents_2021_12_28/pai_2cols_20211228_152838_7226693274_600_800.png,pai_2cols_20211228_152838_7226693274_600_800_mask.png,-3796.7
7,8,14,16,220,323,234,339,220,335,226,323,234,327,228,339,text,figure_text,figure_0,,,,pai_2cols_20211228_152838_7226693274_600_800.png,/scratch/parceirosbr/bigoilict/share/BigOil/document_generator/datasets/documents_2021_12_28/pai_2cols_20211228_152838_7226693274_600_800.png,pai_2cols_20211228_152838_7226693274_600_800_mask.png,Age
7,8,14,16,220,323,234,339,220,335,226,323,234,327,228,339,sub_line_text,figure_text,figure_0,,,,pai_2cols_20211228_152838_7226693274_600_800.png,/scratch/parceirosbr/bigoilict/share/BigOil/document_generator/datasets/documents_2021_12_28/pai_2cols_20211228_152838_7226693274_600_800.png,pai_2cols_20211228_152838_7226693274_600_800_mask.png,Age
7,10,14,20,224,199,238,219,224,217,232,199,238,202,230,219,text,figure_text,figure_0,,,,pai_2cols_20211228_152838_7226693274_600_800.png,/scratch/parceirosbr/bigoilict/share/BigOil/document_generator/datasets/documents_2021_12_28/pai_2cols_20211228_152838_7226693274_600_800.png,pai_2cols_20211228_152838_7226693274_600_800_mask.png,-3817
7,10,14,20,224,199,238,219,224,217,232,199,238,202,230,219,sub_line_text,figure_text,figure_0,,,,pai_2cols_20211228_152838_7226693274_600_800.png,/scratch/parceirosbr/bigoilict/share/BigOil/document_generator/datasets/documents_2021_12_28/pai_2cols_20211228_152838_7226693274_600_800.png,pai_2cols_20211228_152838_7226693274_600_800_mask.png,-3817
9,15,19,30,155,219,174,249,155,246,168,219,174,223,161,249,text,figure_text,figure_0,,,,pai_2cols_20211228_152838_7226693274_600_800.png,/scratch/parceirosbr/bigoilict/share/BigOil/document_generator/datasets/documents_2021_12_28/pai_2cols_20211228_152838_7226693274_600_800.png,pai_2cols_20211228_152838_7226693274_600_800_mask.png,-8975.63
9,15,19,30,155,219,174,249,155,246,168,219,174,223,161,249,sub_line_text,figure_text,figure_0,,,,pai_2cols_20211228_152838_7226693274_600_800.png,/scratch/parceirosbr/bigoilict/share/BigOil/document_generator/datasets/documents_2021_12_28/pai_2cols_20211228_152838_7226693274_600_800.png,pai_2cols_20211228_152838_7226693274_600_800_mask.png,-8975.63
93,4,187,8,90,350,277,358,90,350,277,350,277,358,90,358,sub_line_text,table_legend,table_0,raleway,bolditalic,7,pai_2cols_20211228_152838_7226693274_600_800.png,/scratch/parceirosbr/bigoilict/share/BigOil/document_generator/datasets/documents_2021_12_28/pai_2cols_20211228_152838_7226693274_600_800.png,pai_2cols_20211228_152838_7226693274_600_800_mask.png,Tabela   118:      Nunca   se   coibir   pôr  em  dúvida  esta
93,4,187,8,90,360,277,368,90,360,277,360,277,368,90,368,sub_line_text,table_legend,table_0,raleway,bolditalic,7,pai_2cols_20211228_152838_7226693274_600_800.png,/scratch/parceirosbr/bigoilict/share/BigOil/document_generator/datasets/documents_2021_12_28/pai_2cols_20211228_152838_7226693274_600_800.png,pai_2cols_20211228_152838_7226693274_600_800_mask.png,"definição     se,     modificando-se     as     nossas    inten-"
93,4,187,8,90,370,277,378,90,370,277,370,277,378,90,378,sub_line_text,table_legend,table_0,raleway,bolditalic,7,pai_2cols_20211228_152838_7226693274_600_800.png,/scratch/parceirosbr/bigoilict/share/BigOil/document_generator/datasets/documents_2021_12_28/pai_2cols_20211228_152838_7226693274_600_800.png,pai_2cols_20211228_152838_7226693274_600_800_mask.png,"ções,     a    percepção    que    tínhamos    deste    objeto"
17,4,35,8,90,380,125,388,90,380,125,380,125,388,90,388,sub_line_text,table_legend,table_0,raleway,bolditalic,7,pai_2cols_20211228_152838_7226693274_600_800.png,/scratch/parceirosbr/bigoilict/share/BigOil/document_generator/datasets/documents_2021_12_28/pai_2cols_20211228_152838_7226693274_600_800.png,pai_2cols_20211228_152838_7226693274_600_800_mask.png,se alterar.
93,19,187,38,90,350,277,388,90,350,277,350,277,388,90,388,text,table_legend,table_0,raleway,bolditalic,7,pai_2cols_20211228_152838_7226693274_600_800.png,/scratch/parceirosbr/bigoilict/share/BigOil/document_generator/datasets/documents_2021_12_28/pai_2cols_20211228_152838_7226693274_600_800.png,pai_2cols_20211228_152838_7226693274_600_800_mask.png,nan
111,107,223,215,70,393,293,608,70,393,293,393,293,608,70,608,table,table_image,table_0,,,,pai_2cols_20211228_152838_7226693274_600_800.png,/scratch/parceirosbr/bigoilict/share/BigOil/document_generator/datasets/documents_2021_12_28/pai_2cols_20211228_152838_7226693274_600_800.png,pai_2cols_20211228_152838_7226693274_600_800_mask.png,output/gen_tab_20211228_152838_5658455212.png
29,4,58,8,229,396,287,404,229,396,287,396,287,404,229,404,text,table_text,table_0,courier,regular,8.0,pai_2cols_20211228_152838_7226693274_600_800.png,/scratch/parceirosbr/bigoilict/share/BigOil/document_generator/datasets/documents_2021_12_28/pai_2cols_20211228_152838_7226693274_600_800.png,pai_2cols_20211228_152838_7226693274_600_800_mask.png,dificultando
29,4,58,8,229,396,287,404,229,396,287,396,287,404,229,404,sub_line_text,table_text,table_0,courier,regular,8.0,pai_2cols_20211228_152838_7226693274_600_800.png,/scratch/parceirosbr/bigoilict/share/BigOil/document_generator/datasets/documents_2021_12_28/pai_2cols_20211228_152838_7226693274_600_800.png,pai_2cols_20211228_152838_7226693274_600_800_mask.png,dificultando
21,4,43,8,77,408,120,416,77,408,120,408,120,416,77,416,text,table_text,table_0,courier,italic,8.0,pai_2cols_20211228_152838_7226693274_600_800.png,/scratch/parceirosbr/bigoilict/share/BigOil/document_generator/datasets/documents_2021_12_28/pai_2cols_20211228_152838_7226693274_600_800.png,pai_2cols_20211228_152838_7226693274_600_800_mask.png,7038.7768
21,4,43,8,77,408,120,416,77,408,120,408,120,416,77,416,sub_line_text,table_text,table_0,courier,italic,8.0,pai_2cols_20211228_152838_7226693274_600_800.png,/scratch/parceirosbr/bigoilict/share/BigOil/document_generator/datasets/documents_2021_12_28/pai_2cols_20211228_152838_7226693274_600_800.png,pai_2cols_20211228_152838_7226693274_600_800_mask.png,7038.7768
22,4,44,8,76,420,120,428,76,420,120,420,120,428,76,428,text,table_text,table_0,courier,italic,8.0,pai_2cols_20211228_152838_7226693274_600_800.png,/scratch/parceirosbr/bigoilict/share/BigOil/document_generator/datasets/documents_2021_12_28/pai_2cols_20211228_152838_7226693274_600_800.png,pai_2cols_20211228_152838_7226693274_600_800_mask.png,6598.0226
22,4,44,8,76,420,120,428,76,420,120,420,120,428,76,428,sub_line_text,table_text,table_0,courier,italic,8.0,pai_2cols_20211228_152838_7226693274_600_800.png,/scratch/parceirosbr/bigoilict/share/BigOil/document_generator/datasets/documents_2021_12_28/pai_2cols_20211228_152838_7226693274_600_800.png,pai_2cols_20211228_152838_7226693274_600_800_mask.png,6598.0226
21,4,43,8,77,432,120,440,77,432,120,432,120,440,77,440,text,table_text,table_0,courier,italic,8.0,pai_2cols_20211228_152838_7226693274_600_800.png,/scratch/parceirosbr/bigoilict/share/BigOil/document_generator/datasets/documents_2021_12_28/pai_2cols_20211228_152838_7226693274_600_800.png,pai_2cols_20211228_152838_7226693274_600_800_mask.png,2688.7142
21,4,43,8,77,432,120,440,77,432,120,432,120,440,77,440,sub_line_text,table_text,table_0,courier,italic,8.0,pai_2cols_20211228_152838_7226693274_600_800.png,/scratch/parceirosbr/bigoilict/share/BigOil/document_generator/datasets/documents_2021_12_28/pai_2cols_20211228_152838_7226693274_600_800.png,pai_2cols_20211228_152838_7226693274_600_800_mask.png,2688.7142
21,4,43,8,77,443,120,451,77,443,120,443,120,451,77,451,text,table_text,table_0,courier,italic,8.0,pai_2cols_20211228_152838_7226693274_600_800.png,/scratch/parceirosbr/bigoilict/share/BigOil/document_generator/datasets/documents_2021_12_28/pai_2cols_20211228_152838_7226693274_600_800.png,pai_2cols_20211228_152838_7226693274_600_800_mask.png,4895.0280
21,4,43,8,77,443,120,451,77,443,120,443,120,451,77,451,sub_line_text,table_text,table_0,courier,italic,8.0,pai_2cols_20211228_152838_7226693274_600_800.png,/scratch/parceirosbr/bigoilict/share/BigOil/document_generator/datasets/documents_2021_12_28/pai_2cols_20211228_152838_7226693274_600_800.png,pai_2cols_20211228_152838_7226693274_600_800_mask.png,4895.0280
22,4,44,8,76,455,120,463,76,455,120,455,120,463,76,463,text,table_text,table_0,courier,italic,8.0,pai_2cols_20211228_152838_7226693274_600_800.png,/scratch/parceirosbr/bigoilict/share/BigOil/document_generator/datasets/documents_2021_12_28/pai_2cols_20211228_152838_7226693274_600_800.png,pai_2cols_20211228_152838_7226693274_600_800_mask.png,5418.2806
22,4,44,8,76,455,120,463,76,455,120,455,120,463,76,463,sub_line_text,table_text,table_0,courier,italic,8.0,pai_2cols_20211228_152838_7226693274_600_800.png,/scratch/parceirosbr/bigoilict/share/BigOil/document_generator/datasets/documents_2021_12_28/pai_2cols_20211228_152838_7226693274_600_800.png,pai_2cols_20211228_152838_7226693274_600_800_mask.png,5418.2806
21,4,43,8,77,467,120,475,77,467,120,467,120,475,77,475,text,table_text,table_0,courier,italic,8.0,pai_2cols_20211228_152838_7226693274_600_800.png,/scratch/parceirosbr/bigoilict/share/BigOil/document_generator/datasets/documents_2021_12_28/pai_2cols_20211228_152838_7226693274_600_800.png,pai_2cols_20211228_152838_7226693274_600_800_mask.png,8519.2101
21,4,43,8,77,467,120,475,77,467,120,467,120,475,77,475,sub_line_text,table_text,table_0,courier,italic,8.0,pai_2cols_20211228_152838_7226693274_600_800.png,/scratch/parceirosbr/bigoilict/share/BigOil/document_generator/datasets/documents_2021_12_28/pai_2cols_20211228_152838_7226693274_600_800.png,pai_2cols_20211228_152838_7226693274_600_800_mask.png,8519.2101
21,4,43,8,77,479,120,487,77,479,120,479,120,487,77,487,text,table_text,table_0,courier,italic,8.0,pai_2cols_20211228_152838_7226693274_600_800.png,/scratch/parceirosbr/bigoilict/share/BigOil/document_generator/datasets/documents_2021_12_28/pai_2cols_20211228_152838_7226693274_600_800.png,pai_2cols_20211228_152838_7226693274_600_800_mask.png,6720.0988
21,4,43,8,77,479,120,487,77,479,120,479,120,487,77,487,sub_line_text,table_text,table_0,courier,italic,8.0,pai_2cols_20211228_152838_7226693274_600_800.png,/scratch/parceirosbr/bigoilict/share/BigOil/document_generator/datasets/documents_2021_12_28/pai_2cols_20211228_152838_7226693274_600_800.png,pai_2cols_20211228_152838_7226693274_600_800_mask.png,6720.0988
21,4,43,8,77,490,120,498,77,490,120,490,120,498,77,498,text,table_text,table_0,courier,italic,8.0,pai_2cols_20211228_152838_7226693274_600_800.png,/scratch/parceirosbr/bigoilict/share/BigOil/document_generator/datasets/documents_2021_12_28/pai_2cols_20211228_152838_7226693274_600_800.png,pai_2cols_20211228_152838_7226693274_600_800_mask.png,7421.2633
21,4,43,8,77,490,120,498,77,490,120,490,120,498,77,498,sub_line_text,table_text,table_0,courier,italic,8.0,pai_2cols_20211228_152838_7226693274_600_800.png,/scratch/parceirosbr/bigoilict/share/BigOil/document_generator/datasets/documents_2021_12_28/pai_2cols_20211228_152838_7226693274_600_800.png,pai_2cols_20211228_152838_7226693274_600_800_mask.png,7421.2633
21,4,43,8,77,502,120,510,77,502,120,502,120,510,77,510,text,table_text,table_0,courier,italic,8.0,pai_2cols_20211228_152838_7226693274_600_800.png,/scratch/parceirosbr/bigoilict/share/BigOil/document_generator/datasets/documents_2021_12_28/pai_2cols_20211228_152838_7226693274_600_800.png,pai_2cols_20211228_152838_7226693274_600_800_mask.png,5113.3754
21,4,43,8,77,502,120,510,77,502,120,502,120,510,77,510,sub_line_text,table_text,table_0,courier,italic,8.0,pai_2cols_20211228_152838_7226693274_600_800.png,/scratch/parceirosbr/bigoilict/share/BigOil/document_generator/datasets/documents_2021_12_28/pai_2cols_20211228_152838_7226693274_600_800.png,pai_2cols_20211228_152838_7226693274_600_800_mask.png,5113.3754
21,4,43,8,77,514,120,522,77,514,120,514,120,522,77,522,text,table_text,table_0,courier,italic,8.0,pai_2cols_20211228_152838_7226693274_600_800.png,/scratch/parceirosbr/bigoilict/share/BigOil/document_generator/datasets/documents_2021_12_28/pai_2cols_20211228_152838_7226693274_600_800.png,pai_2cols_20211228_152838_7226693274_600_800_mask.png,1722.5478
21,4,43,8,77,514,120,522,77,514,120,514,120,522,77,522,sub_line_text,table_text,table_0,courier,italic,8.0,pai_2cols_20211228_152838_7226693274_600_800.png,/scratch/parceirosbr/bigoilict/share/BigOil/document_generator/datasets/documents_2021_12_28/pai_2cols_20211228_152838_7226693274_600_800.png,pai_2cols_20211228_152838_7226693274_600_800_mask.png,1722.5478
21,4,43,8,77,525,120,533,77,525,120,525,120,533,77,533,text,table_text,table_0,courier,italic,8.0,pai_2cols_20211228_152838_7226693274_600_800.png,/scratch/parceirosbr/bigoilict/share/BigOil/document_generator/datasets/documents_2021_12_28/pai_2cols_20211228_152838_7226693274_600_800.png,pai_2cols_20211228_152838_7226693274_600_800_mask.png,5761.6999
21,4,43,8,77,525,120,533,77,525,120,525,120,533,77,533,sub_line_text,table_text,table_0,courier,italic,8.0,pai_2cols_20211228_152838_7226693274_600_800.png,/scratch/parceirosbr/bigoilict/share/BigOil/document_generator/datasets/documents_2021_12_28/pai_2cols_20211228_152838_7226693274_600_800.png,pai_2cols_20211228_152838_7226693274_600_800_mask.png,5761.6999
21,4,43,8,77,537,120,545,77,537,120,537,120,545,77,545,text,table_text,table_0,courier,italic,8.0,pai_2cols_20211228_152838_7226693274_600_800.png,/scratch/parceirosbr/bigoilict/share/BigOil/document_generator/datasets/documents_2021_12_28/pai_2cols_20211228_152838_7226693274_600_800.png,pai_2cols_20211228_152838_7226693274_600_800_mask.png,7941.1818
21,4,43,8,77,537,120,545,77,537,120,537,120,545,77,545,sub_line_text,table_text,table_0,courier,italic,8.0,pai_2cols_20211228_152838_7226693274_600_800.png,/scratch/parceirosbr/bigoilict/share/BigOil/document_generator/datasets/documents_2021_12_28/pai_2cols_20211228_152838_7226693274_600_800.png,pai_2cols_20211228_152838_7226693274_600_800_mask.png,7941.1818
21,4,43,8,77,549,120,557,77,549,120,549,120,557,77,557,text,table_text,table_0,courier,italic,8.0,pai_2cols_20211228_152838_7226693274_600_800.png,/scratch/parceirosbr/bigoilict/share/BigOil/document_generator/datasets/documents_2021_12_28/pai_2cols_20211228_152838_7226693274_600_800.png,pai_2cols_20211228_152838_7226693274_600_800_mask.png,3833.8675
21,4,43,8,77,549,120,557,77,549,120,549,120,557,77,557,sub_line_text,table_text,table_0,courier,italic,8.0,pai_2cols_20211228_152838_7226693274_600_800.png,/scratch/parceirosbr/bigoilict/share/BigOil/document_generator/datasets/documents_2021_12_28/pai_2cols_20211228_152838_7226693274_600_800.png,pai_2cols_20211228_152838_7226693274_600_800_mask.png,3833.8675
21,4,43,8,77,561,120,569,77,561,120,561,120,569,77,569,text,table_text,table_0,courier,italic,8.0,pai_2cols_20211228_152838_7226693274_600_800.png,/scratch/parceirosbr/bigoilict/share/BigOil/document_generator/datasets/documents_2021_12_28/pai_2cols_20211228_152838_7226693274_600_800.png,pai_2cols_20211228_152838_7226693274_600_800_mask.png,7609.5365
21,4,43,8,77,561,120,569,77,561,120,561,120,569,77,569,sub_line_text,table_text,table_0,courier,italic,8.0,pai_2cols_20211228_152838_7226693274_600_800.png,/scratch/parceirosbr/bigoilict/share/BigOil/document_generator/datasets/documents_2021_12_28/pai_2cols_20211228_152838_7226693274_600_800.png,pai_2cols_20211228_152838_7226693274_600_800_mask.png,7609.5365
21,4,43,8,77,572,120,580,77,572,120,572,120,580,77,580,text,table_text,table_0,courier,italic,8.0,pai_2cols_20211228_152838_7226693274_600_800.png,/scratch/parceirosbr/bigoilict/share/BigOil/document_generator/datasets/documents_2021_12_28/pai_2cols_20211228_152838_7226693274_600_800.png,pai_2cols_20211228_152838_7226693274_600_800_mask.png,4767.2395
21,4,43,8,77,572,120,580,77,572,120,572,120,580,77,580,sub_line_text,table_text,table_0,courier,italic,8.0,pai_2cols_20211228_152838_7226693274_600_800.png,/scratch/parceirosbr/bigoilict/share/BigOil/document_generator/datasets/documents_2021_12_28/pai_2cols_20211228_152838_7226693274_600_800.png,pai_2cols_20211228_152838_7226693274_600_800_mask.png,4767.2395
21,4,43,8,77,584,120,592,77,584,120,584,120,592,77,592,text,table_text,table_0,courier,italic,8.0,pai_2cols_20211228_152838_7226693274_600_800.png,/scratch/parceirosbr/bigoilict/share/BigOil/document_generator/datasets/documents_2021_12_28/pai_2cols_20211228_152838_7226693274_600_800.png,pai_2cols_20211228_152838_7226693274_600_800_mask.png,4550.8631
21,4,43,8,77,584,120,592,77,584,120,584,120,592,77,592,sub_line_text,table_text,table_0,courier,italic,8.0,pai_2cols_20211228_152838_7226693274_600_800.png,/scratch/parceirosbr/bigoilict/share/BigOil/document_generator/datasets/documents_2021_12_28/pai_2cols_20211228_152838_7226693274_600_800.png,pai_2cols_20211228_152838_7226693274_600_800_mask.png,4550.8631
21,4,43,8,244,596,287,604,244,596,287,596,287,604,244,604,text,table_text,table_0,courier,regular,8.0,pai_2cols_20211228_152838_7226693274_600_800.png,/scratch/parceirosbr/bigoilict/share/BigOil/document_generator/datasets/documents_2021_12_28/pai_2cols_20211228_152838_7226693274_600_800.png,pai_2cols_20211228_152838_7226693274_600_800_mask.png,3542.0780
21,4,43,8,244,596,287,604,244,596,287,596,287,604,244,604,sub_line_text,table_text,table_0,courier,regular,8.0,pai_2cols_20211228_152838_7226693274_600_800.png,/scratch/parceirosbr/bigoilict/share/BigOil/document_generator/datasets/documents_2021_12_28/pai_2cols_20211228_152838_7226693274_600_800.png,pai_2cols_20211228_152838_7226693274_600_800_mask.png,3542.0780
10,4,20,8,154,408,174,416,154,408,174,408,174,416,154,416,text,table_text,table_0,courier,italic,8.0,pai_2cols_20211228_152838_7226693274_600_800.png,/scratch/parceirosbr/bigoilict/share/BigOil/document_generator/datasets/documents_2021_12_28/pai_2cols_20211228_152838_7226693274_600_800.png,pai_2cols_20211228_152838_7226693274_600_800_mask.png,13.6
10,4,20,8,154,408,174,416,154,408,174,408,174,416,154,416,sub_line_text,table_text,table_0,courier,italic,8.0,pai_2cols_20211228_152838_7226693274_600_800.png,/scratch/parceirosbr/bigoilict/share/BigOil/document_generator/datasets/documents_2021_12_28/pai_2cols_20211228_152838_7226693274_600_800.png,pai_2cols_20211228_152838_7226693274_600_800_mask.png,13.6
9,4,19,8,155,420,174,428,155,420,174,420,174,428,155,428,text,table_text,table_0,courier,italic,8.0,pai_2cols_20211228_152838_7226693274_600_800.png,/scratch/parceirosbr/bigoilict/share/BigOil/document_generator/datasets/documents_2021_12_28/pai_2cols_20211228_152838_7226693274_600_800.png,pai_2cols_20211228_152838_7226693274_600_800_mask.png,90.2
9,4,19,8,155,420,174,428,155,420,174,420,174,428,155,428,sub_line_text,table_text,table_0,courier,italic,8.0,pai_2cols_20211228_152838_7226693274_600_800.png,/scratch/parceirosbr/bigoilict/share/BigOil/document_generator/datasets/documents_2021_12_28/pai_2cols_20211228_152838_7226693274_600_800.png,pai_2cols_20211228_152838_7226693274_600_800_mask.png,90.2
12,4,24,8,150,432,174,440,150,432,174,432,174,440,150,440,text,table_text,table_0,courier,italic,8.0,pai_2cols_20211228_152838_7226693274_600_800.png,/scratch/parceirosbr/bigoilict/share/BigOil/document_generator/datasets/documents_2021_12_28/pai_2cols_20211228_152838_7226693274_600_800.png,pai_2cols_20211228_152838_7226693274_600_800_mask.png,403.9
12,4,24,8,150,432,174,440,150,432,174,432,174,440,150,440,sub_line_text,table_text,table_0,courier,italic,8.0,pai_2cols_20211228_152838_7226693274_600_800.png,/scratch/parceirosbr/bigoilict/share/BigOil/document_generator/datasets/documents_2021_12_28/pai_2cols_20211228_152838_7226693274_600_800.png,pai_2cols_20211228_152838_7226693274_600_800_mask.png,403.9
12,4,24,8,150,443,174,451,150,443,174,443,174,451,150,451,text,table_text,table_0,courier,italic,8.0,pai_2cols_20211228_152838_7226693274_600_800.png,/scratch/parceirosbr/bigoilict/share/BigOil/document_generator/datasets/documents_2021_12_28/pai_2cols_20211228_152838_7226693274_600_800.png,pai_2cols_20211228_152838_7226693274_600_800_mask.png,158.1
12,4,24,8,150,443,174,451,150,443,174,443,174,451,150,451,sub_line_text,table_text,table_0,courier,italic,8.0,pai_2cols_20211228_152838_7226693274_600_800.png,/scratch/parceirosbr/bigoilict/share/BigOil/document_generator/datasets/documents_2021_12_28/pai_2cols_20211228_152838_7226693274_600_800.png,pai_2cols_20211228_152838_7226693274_600_800_mask.png,158.1
9,4,19,8,155,455,174,463,155,455,174,455,174,463,155,463,text,table_text,table_0,courier,italic,8.0,pai_2cols_20211228_152838_7226693274_600_800.png,/scratch/parceirosbr/bigoilict/share/BigOil/document_generator/datasets/documents_2021_12_28/pai_2cols_20211228_152838_7226693274_600_800.png,pai_2cols_20211228_152838_7226693274_600_800_mask.png,50.3
9,4,19,8,155,455,174,463,155,455,174,455,174,463,155,463,sub_line_text,table_text,table_0,courier,italic,8.0,pai_2cols_20211228_152838_7226693274_600_800.png,/scratch/parceirosbr/bigoilict/share/BigOil/document_generator/datasets/documents_2021_12_28/pai_2cols_20211228_152838_7226693274_600_800.png,pai_2cols_20211228_152838_7226693274_600_800_mask.png,50.3
9,4,19,8,155,467,174,475,155,467,174,467,174,475,155,475,text,table_text,table_0,courier,italic,8.0,pai_2cols_20211228_152838_7226693274_600_800.png,/scratch/parceirosbr/bigoilict/share/BigOil/document_generator/datasets/documents_2021_12_28/pai_2cols_20211228_152838_7226693274_600_800.png,pai_2cols_20211228_152838_7226693274_600_800_mask.png,60.7
9,4,19,8,155,467,174,475,155,467,174,467,174,475,155,475,sub_line_text,table_text,table_0,courier,italic,8.0,pai_2cols_20211228_152838_7226693274_600_800.png,/scratch/parceirosbr/bigoilict/share/BigOil/document_generator/datasets/documents_2021_12_28/pai_2cols_20211228_152838_7226693274_600_800.png,pai_2cols_20211228_152838_7226693274_600_800_mask.png,60.7
7,4,14,8,160,479,174,487,160,479,174,479,174,487,160,487,text,table_text,table_0,courier,italic,8.0,pai_2cols_20211228_152838_7226693274_600_800.png,/scratch/parceirosbr/bigoilict/share/BigOil/document_generator/datasets/documents_2021_12_28/pai_2cols_20211228_152838_7226693274_600_800.png,pai_2cols_20211228_152838_7226693274_600_800_mask.png,7.0
7,4,14,8,160,479,174,487,160,479,174,479,174,487,160,487,sub_line_text,table_text,table_0,courier,italic,8.0,pai_2cols_20211228_152838_7226693274_600_800.png,/scratch/parceirosbr/bigoilict/share/BigOil/document_generator/datasets/documents_2021_12_28/pai_2cols_20211228_152838_7226693274_600_800.png,pai_2cols_20211228_152838_7226693274_600_800_mask.png,7.0
7,4,14,8,160,490,174,498,160,490,174,490,174,498,160,498,text,table_text,table_0,courier,italic,8.0,pai_2cols_20211228_152838_7226693274_600_800.png,/scratch/parceirosbr/bigoilict/share/BigOil/document_generator/datasets/documents_2021_12_28/pai_2cols_20211228_152838_7226693274_600_800.png,pai_2cols_20211228_152838_7226693274_600_800_mask.png,2.4
7,4,14,8,160,490,174,498,160,490,174,490,174,498,160,498,sub_line_text,table_text,table_0,courier,italic,8.0,pai_2cols_20211228_152838_7226693274_600_800.png,/scratch/parceirosbr/bigoilict/share/BigOil/document_generator/datasets/documents_2021_12_28/pai_2cols_20211228_152838_7226693274_600_800.png,pai_2cols_20211228_152838_7226693274_600_800_mask.png,2.4
12,4,24,8,150,502,174,510,150,502,174,502,174,510,150,510,text,table_text,table_0,courier,italic,8.0,pai_2cols_20211228_152838_7226693274_600_800.png,/scratch/parceirosbr/bigoilict/share/BigOil/document_generator/datasets/documents_2021_12_28/pai_2cols_20211228_152838_7226693274_600_800.png,pai_2cols_20211228_152838_7226693274_600_800_mask.png,208.3
12,4,24,8,150,502,174,510,150,502,174,502,174,510,150,510,sub_line_text,table_text,table_0,courier,italic,8.0,pai_2cols_20211228_152838_7226693274_600_800.png,/scratch/parceirosbr/bigoilict/share/BigOil/document_generator/datasets/documents_2021_12_28/pai_2cols_20211228_152838_7226693274_600_800.png,pai_2cols_20211228_152838_7226693274_600_800_mask.png,208.3
7,4,14,8,160,514,174,522,160,514,174,514,174,522,160,522,text,table_text,table_0,courier,italic,8.0,pai_2cols_20211228_152838_7226693274_600_800.png,/scratch/parceirosbr/bigoilict/share/BigOil/document_generator/datasets/documents_2021_12_28/pai_2cols_20211228_152838_7226693274_600_800.png,pai_2cols_20211228_152838_7226693274_600_800_mask.png,2.9
7,4,14,8,160,514,174,522,160,514,174,514,174,522,160,522,sub_line_text,table_text,table_0,courier,italic,8.0,pai_2cols_20211228_152838_7226693274_600_800.png,/scratch/parceirosbr/bigoilict/share/BigOil/document_generator/datasets/documents_2021_12_28/pai_2cols_20211228_152838_7226693274_600_800.png,pai_2cols_20211228_152838_7226693274_600_800_mask.png,2.9
9,4,19,8,155,525,174,533,155,525,174,525,174,533,155,533,text,table_text,table_0,courier,italic,8.0,pai_2cols_20211228_152838_7226693274_600_800.png,/scratch/parceirosbr/bigoilict/share/BigOil/document_generator/datasets/documents_2021_12_28/pai_2cols_20211228_152838_7226693274_600_800.png,pai_2cols_20211228_152838_7226693274_600_800_mask.png,37.2
9,4,19,8,155,525,174,533,155,525,174,525,174,533,155,533,sub_line_text,table_text,table_0,courier,italic,8.0,pai_2cols_20211228_152838_7226693274_600_800.png,/scratch/parceirosbr/bigoilict/share/BigOil/document_generator/datasets/documents_2021_12_28/pai_2cols_20211228_152838_7226693274_600_800.png,pai_2cols_20211228_152838_7226693274_600_800_mask.png,37.2
7,4,14,8,160,537,174,545,160,537,174,537,174,545,160,545,text,table_text,table_0,courier,italic,8.0,pai_2cols_20211228_152838_7226693274_600_800.png,/scratch/parceirosbr/bigoilict/share/BigOil/document_generator/datasets/documents_2021_12_28/pai_2cols_20211228_152838_7226693274_600_800.png,pai_2cols_20211228_152838_7226693274_600_800_mask.png,9.3
7,4,14,8,160,537,174,545,160,537,174,537,174,545,160,545,sub_line_text,table_text,table_0,courier,italic,8.0,pai_2cols_20211228_152838_7226693274_600_800.png,/scratch/parceirosbr/bigoilict/share/BigOil/document_generator/datasets/documents_2021_12_28/pai_2cols_20211228_152838_7226693274_600_800.png,pai_2cols_20211228_152838_7226693274_600_800_mask.png,9.3
9,4,19,8,155,549,174,557,155,549,174,549,174,557,155,557,text,table_text,table_0,courier,italic,8.0,pai_2cols_20211228_152838_7226693274_600_800.png,/scratch/parceirosbr/bigoilict/share/BigOil/document_generator/datasets/documents_2021_12_28/pai_2cols_20211228_152838_7226693274_600_800.png,pai_2cols_20211228_152838_7226693274_600_800_mask.png,73.4
9,4,19,8,155,549,174,557,155,549,174,549,174,557,155,557,sub_line_text,table_text,table_0,courier,italic,8.0,pai_2cols_20211228_152838_7226693274_600_800.png,/scratch/parceirosbr/bigoilict/share/BigOil/document_generator/datasets/documents_2021_12_28/pai_2cols_20211228_152838_7226693274_600_800.png,pai_2cols_20211228_152838_7226693274_600_800_mask.png,73.4
9,4,19,8,155,561,174,569,155,561,174,561,174,569,155,569,text,table_text,table_0,courier,italic,8.0,pai_2cols_20211228_152838_7226693274_600_800.png,/scratch/parceirosbr/bigoilict/share/BigOil/document_generator/datasets/documents_2021_12_28/pai_2cols_20211228_152838_7226693274_600_800.png,pai_2cols_20211228_152838_7226693274_600_800_mask.png,20.8
9,4,19,8,155,561,174,569,155,561,174,561,174,569,155,569,sub_line_text,table_text,table_0,courier,italic,8.0,pai_2cols_20211228_152838_7226693274_600_800.png,/scratch/parceirosbr/bigoilict/share/BigOil/document_generator/datasets/documents_2021_12_28/pai_2cols_20211228_152838_7226693274_600_800.png,pai_2cols_20211228_152838_7226693274_600_800_mask.png,20.8
12,4,24,8,150,572,174,580,150,572,174,572,174,580,150,580,text,table_text,table_0,courier,italic,8.0,pai_2cols_20211228_152838_7226693274_600_800.png,/scratch/parceirosbr/bigoilict/share/BigOil/document_generator/datasets/documents_2021_12_28/pai_2cols_20211228_152838_7226693274_600_800.png,pai_2cols_20211228_152838_7226693274_600_800_mask.png,406.5
12,4,24,8,150,572,174,580,150,572,174,572,174,580,150,580,sub_line_text,table_text,table_0,courier,italic,8.0,pai_2cols_20211228_152838_7226693274_600_800.png,/scratch/parceirosbr/bigoilict/share/BigOil/document_generator/datasets/documents_2021_12_28/pai_2cols_20211228_152838_7226693274_600_800.png,pai_2cols_20211228_152838_7226693274_600_800_mask.png,406.5
10,4,20,8,154,584,174,592,154,584,174,584,174,592,154,592,text,table_text,table_0,courier,italic,8.0,pai_2cols_20211228_152838_7226693274_600_800.png,/scratch/parceirosbr/bigoilict/share/BigOil/document_generator/datasets/documents_2021_12_28/pai_2cols_20211228_152838_7226693274_600_800.png,pai_2cols_20211228_152838_7226693274_600_800_mask.png,93.6
10,4,20,8,154,584,174,592,154,584,174,584,174,592,154,592,sub_line_text,table_text,table_0,courier,italic,8.0,pai_2cols_20211228_152838_7226693274_600_800.png,/scratch/parceirosbr/bigoilict/share/BigOil/document_generator/datasets/documents_2021_12_28/pai_2cols_20211228_152838_7226693274_600_800.png,pai_2cols_20211228_152838_7226693274_600_800_mask.png,93.6
21,4,43,8,182,408,225,416,182,408,225,408,225,416,182,416,text,table_text,table_0,courier,italic,8.0,pai_2cols_20211228_152838_7226693274_600_800.png,/scratch/parceirosbr/bigoilict/share/BigOil/document_generator/datasets/documents_2021_12_28/pai_2cols_20211228_152838_7226693274_600_800.png,pai_2cols_20211228_152838_7226693274_600_800_mask.png,81326.235
21,4,43,8,182,408,225,416,182,408,225,408,225,416,182,416,sub_line_text,table_text,table_0,courier,italic,8.0,pai_2cols_20211228_152838_7226693274_600_800.png,/scratch/parceirosbr/bigoilict/share/BigOil/document_generator/datasets/documents_2021_12_28/pai_2cols_20211228_152838_7226693274_600_800.png,pai_2cols_20211228_152838_7226693274_600_800_mask.png,81326.235
21,4,43,8,182,420,225,428,182,420,225,420,225,428,182,428,text,table_text,table_0,courier,italic,8.0,pai_2cols_20211228_152838_7226693274_600_800.png,/scratch/parceirosbr/bigoilict/share/BigOil/document_generator/datasets/documents_2021_12_28/pai_2cols_20211228_152838_7226693274_600_800.png,pai_2cols_20211228_152838_7226693274_600_800_mask.png,70506.711
21,4,43,8,182,420,225,428,182,420,225,420,225,428,182,428,sub_line_text,table_text,table_0,courier,italic,8.0,pai_2cols_20211228_152838_7226693274_600_800.png,/scratch/parceirosbr/bigoilict/share/BigOil/document_generator/datasets/documents_2021_12_28/pai_2cols_20211228_152838_7226693274_600_800.png,pai_2cols_20211228_152838_7226693274_600_800_mask.png,70506.711
21,4,43,8,182,432,225,440,182,432,225,432,225,440,182,440,text,table_text,table_0,courier,italic,8.0,pai_2cols_20211228_152838_7226693274_600_800.png,/scratch/parceirosbr/bigoilict/share/BigOil/document_generator/datasets/documents_2021_12_28/pai_2cols_20211228_152838_7226693274_600_800.png,pai_2cols_20211228_152838_7226693274_600_800_mask.png,41300.041
21,4,43,8,182,432,225,440,182,432,225,432,225,440,182,440,sub_line_text,table_text,table_0,courier,italic,8.0,pai_2cols_20211228_152838_7226693274_600_800.png,/scratch/parceirosbr/bigoilict/share/BigOil/document_generator/datasets/documents_2021_12_28/pai_2cols_20211228_152838_7226693274_600_800.png,pai_2cols_20211228_152838_7226693274_600_800_mask.png,41300.041
22,4,44,8,181,443,225,451,181,443,225,443,225,451,181,451,text,table_text,table_0,courier,italic,8.0,pai_2cols_20211228_152838_7226693274_600_800.png,/scratch/parceirosbr/bigoilict/share/BigOil/document_generator/datasets/documents_2021_12_28/pai_2cols_20211228_152838_7226693274_600_800.png,pai_2cols_20211228_152838_7226693274_600_800_mask.png,66558.896
22,4,44,8,181,443,225,451,181,443,225,443,225,451,181,451,sub_line_text,table_text,table_0,courier,italic,8.0,pai_2cols_20211228_152838_7226693274_600_800.png,/scratch/parceirosbr/bigoilict/share/BigOil/document_generator/datasets/documents_2021_12_28/pai_2cols_20211228_152838_7226693274_600_800.png,pai_2cols_20211228_152838_7226693274_600_800_mask.png,66558.896
21,4,43,8,182,455,225,463,182,455,225,455,225,463,182,463,text,table_text,table_0,courier,italic,8.0,pai_2cols_20211228_152838_7226693274_600_800.png,/scratch/parceirosbr/bigoilict/share/BigOil/document_generator/datasets/documents_2021_12_28/pai_2cols_20211228_152838_7226693274_600_800.png,pai_2cols_20211228_152838_7226693274_600_800_mask.png,19137.709
21,4,43,8,182,455,225,463,182,455,225,455,225,463,182,463,sub_line_text,table_text,table_0,courier,italic,8.0,pai_2cols_20211228_152838_7226693274_600_800.png,/scratch/parceirosbr/bigoilict/share/BigOil/document_generator/datasets/documents_2021_12_28/pai_2cols_20211228_152838_7226693274_600_800.png,pai_2cols_20211228_152838_7226693274_600_800_mask.png,19137.709
21,4,43,8,182,467,225,475,182,467,225,467,225,475,182,475,text,table_text,table_0,courier,italic,8.0,pai_2cols_20211228_152838_7226693274_600_800.png,/scratch/parceirosbr/bigoilict/share/BigOil/document_generator/datasets/documents_2021_12_28/pai_2cols_20211228_152838_7226693274_600_800.png,pai_2cols_20211228_152838_7226693274_600_800_mask.png,40058.949
21,4,43,8,182,467,225,475,182,467,225,467,225,475,182,475,sub_line_text,table_text,table_0,courier,italic,8.0,pai_2cols_20211228_152838_7226693274_600_800.png,/scratch/parceirosbr/bigoilict/share/BigOil/document_generator/datasets/documents_2021_12_28/pai_2cols_20211228_152838_7226693274_600_800.png,pai_2cols_20211228_152838_7226693274_600_800_mask.png,40058.949
21,4,43,8,182,479,225,487,182,479,225,479,225,487,182,487,text,table_text,table_0,courier,italic,8.0,pai_2cols_20211228_152838_7226693274_600_800.png,/scratch/parceirosbr/bigoilict/share/BigOil/document_generator/datasets/documents_2021_12_28/pai_2cols_20211228_152838_7226693274_600_800.png,pai_2cols_20211228_152838_7226693274_600_800_mask.png,40822.197
21,4,43,8,182,479,225,487,182,479,225,479,225,487,182,487,sub_line_text,table_text,table_0,courier,italic,8.0,pai_2cols_20211228_152838_7226693274_600_800.png,/scratch/parceirosbr/bigoilict/share/BigOil/document_generator/datasets/documents_2021_12_28/pai_2cols_20211228_152838_7226693274_600_800.png,pai_2cols_20211228_152838_7226693274_600_800_mask.png,40822.197
21,4,43,8,182,490,225,498,182,490,225,490,225,498,182,498,text,table_text,table_0,courier,italic,8.0,pai_2cols_20211228_152838_7226693274_600_800.png,/scratch/parceirosbr/bigoilict/share/BigOil/document_generator/datasets/documents_2021_12_28/pai_2cols_20211228_152838_7226693274_600_800.png,pai_2cols_20211228_152838_7226693274_600_800_mask.png,63440.952
21,4,43,8,182,490,225,498,182,490,225,490,225,498,182,498,sub_line_text,table_text,table_0,courier,italic,8.0,pai_2cols_20211228_152838_7226693274_600_800.png,/scratch/parceirosbr/bigoilict/share/BigOil/document_generator/datasets/documents_2021_12_28/pai_2cols_20211228_152838_7226693274_600_800.png,pai_2cols_20211228_152838_7226693274_600_800_mask.png,63440.952
21,4,43,8,182,502,225,510,182,502,225,502,225,510,182,510,text,table_text,table_0,courier,italic,8.0,pai_2cols_20211228_152838_7226693274_600_800.png,/scratch/parceirosbr/bigoilict/share/BigOil/document_generator/datasets/documents_2021_12_28/pai_2cols_20211228_152838_7226693274_600_800.png,pai_2cols_20211228_152838_7226693274_600_800_mask.png,81986.854
21,4,43,8,182,502,225,510,182,502,225,502,225,510,182,510,sub_line_text,table_text,table_0,courier,italic,8.0,pai_2cols_20211228_152838_7226693274_600_800.png,/scratch/parceirosbr/bigoilict/share/BigOil/document_generator/datasets/documents_2021_12_28/pai_2cols_20211228_152838_7226693274_600_800.png,pai_2cols_20211228_152838_7226693274_600_800_mask.png,81986.854
21,4,43,8,182,514,225,522,182,514,225,514,225,522,182,522,text,table_text,table_0,courier,italic,8.0,pai_2cols_20211228_152838_7226693274_600_800.png,/scratch/parceirosbr/bigoilict/share/BigOil/document_generator/datasets/documents_2021_12_28/pai_2cols_20211228_152838_7226693274_600_800.png,pai_2cols_20211228_152838_7226693274_600_800_mask.png,20385.137
21,4,43,8,182,514,225,522,182,514,225,514,225,522,182,522,sub_line_text,table_text,table_0,courier,italic,8.0,pai_2cols_20211228_152838_7226693274_600_800.png,/scratch/parceirosbr/bigoilict/share/BigOil/document_generator/datasets/documents_2021_12_28/pai_2cols_20211228_152838_7226693274_600_800.png,pai_2cols_20211228_152838_7226693274_600_800_mask.png,20385.137
21,4,43,8,182,525,225,533,182,525,225,525,225,533,182,533,text,table_text,table_0,courier,italic,8.0,pai_2cols_20211228_152838_7226693274_600_800.png,/scratch/parceirosbr/bigoilict/share/BigOil/document_generator/datasets/documents_2021_12_28/pai_2cols_20211228_152838_7226693274_600_800.png,pai_2cols_20211228_152838_7226693274_600_800_mask.png,14547.811
21,4,43,8,182,525,225,533,182,525,225,525,225,533,182,533,sub_line_text,table_text,table_0,courier,italic,8.0,pai_2cols_20211228_152838_7226693274_600_800.png,/scratch/parceirosbr/bigoilict/share/BigOil/document_generator/datasets/documents_2021_12_28/pai_2cols_20211228_152838_7226693274_600_800.png,pai_2cols_20211228_152838_7226693274_600_800_mask.png,14547.811
22,4,44,8,181,537,225,545,181,537,225,537,225,545,181,545,text,table_text,table_0,courier,italic,8.0,pai_2cols_20211228_152838_7226693274_600_800.png,/scratch/parceirosbr/bigoilict/share/BigOil/document_generator/datasets/documents_2021_12_28/pai_2cols_20211228_152838_7226693274_600_800.png,pai_2cols_20211228_152838_7226693274_600_800_mask.png,49165.776
22,4,44,8,181,537,225,545,181,537,225,537,225,545,181,545,sub_line_text,table_text,table_0,courier,italic,8.0,pai_2cols_20211228_152838_7226693274_600_800.png,/scratch/parceirosbr/bigoilict/share/BigOil/document_generator/datasets/documents_2021_12_28/pai_2cols_20211228_152838_7226693274_600_800.png,pai_2cols_20211228_152838_7226693274_600_800_mask.png,49165.776
21,4,43,8,182,549,225,557,182,549,225,549,225,557,182,557,text,table_text,table_0,courier,italic,8.0,pai_2cols_20211228_152838_7226693274_600_800.png,/scratch/parceirosbr/bigoilict/share/BigOil/document_generator/datasets/documents_2021_12_28/pai_2cols_20211228_152838_7226693274_600_800.png,pai_2cols_20211228_152838_7226693274_600_800_mask.png,15537.925
21,4,43,8,182,549,225,557,182,549,225,549,225,557,182,557,sub_line_text,table_text,table_0,courier,italic,8.0,pai_2cols_20211228_152838_7226693274_600_800.png,/scratch/parceirosbr/bigoilict/share/BigOil/document_generator/datasets/documents_2021_12_28/pai_2cols_20211228_152838_7226693274_600_800.png,pai_2cols_20211228_152838_7226693274_600_800_mask.png,15537.925
21,4,43,8,182,561,225,569,182,561,225,561,225,569,182,569,text,table_text,table_0,courier,italic,8.0,pai_2cols_20211228_152838_7226693274_600_800.png,/scratch/parceirosbr/bigoilict/share/BigOil/document_generator/datasets/documents_2021_12_28/pai_2cols_20211228_152838_7226693274_600_800.png,pai_2cols_20211228_152838_7226693274_600_800_mask.png,72330.035
21,4,43,8,182,561,225,569,182,561,225,561,225,569,182,569,sub_line_text,table_text,table_0,courier,italic,8.0,pai_2cols_20211228_152838_7226693274_600_800.png,/scratch/parceirosbr/bigoilict/share/BigOil/document_generator/datasets/documents_2021_12_28/pai_2cols_20211228_152838_7226693274_600_800.png,pai_2cols_20211228_152838_7226693274_600_800_mask.png,72330.035
21,4,43,8,182,572,225,580,182,572,225,572,225,580,182,580,text,table_text,table_0,courier,italic,8.0,pai_2cols_20211228_152838_7226693274_600_800.png,/scratch/parceirosbr/bigoilict/share/BigOil/document_generator/datasets/documents_2021_12_28/pai_2cols_20211228_152838_7226693274_600_800.png,pai_2cols_20211228_152838_7226693274_600_800_mask.png,43688.712
21,4,43,8,182,572,225,580,182,572,225,572,225,580,182,580,sub_line_text,table_text,table_0,courier,italic,8.0,pai_2cols_20211228_152838_7226693274_600_800.png,/scratch/parceirosbr/bigoilict/share/BigOil/document_generator/datasets/documents_2021_12_28/pai_2cols_20211228_152838_7226693274_600_800.png,pai_2cols_20211228_152838_7226693274_600_800_mask.png,43688.712
21,4,43,8,182,584,225,592,182,584,225,584,225,592,182,592,text,table_text,table_0,courier,italic,8.0,pai_2cols_20211228_152838_7226693274_600_800.png,/scratch/parceirosbr/bigoilict/share/BigOil/document_generator/datasets/documents_2021_12_28/pai_2cols_20211228_152838_7226693274_600_800.png,pai_2cols_20211228_152838_7226693274_600_800_mask.png,71767.110
21,4,43,8,182,584,225,592,182,584,225,584,225,592,182,592,sub_line_text,table_text,table_0,courier,italic,8.0,pai_2cols_20211228_152838_7226693274_600_800.png,/scratch/parceirosbr/bigoilict/share/BigOil/document_generator/datasets/documents_2021_12_28/pai_2cols_20211228_152838_7226693274_600_800.png,pai_2cols_20211228_152838_7226693274_600_800_mask.png,71767.110
12,4,24,8,263,408,287,416,263,408,287,408,287,416,263,416,text,table_text,table_0,courier,italic,8.0,pai_2cols_20211228_152838_7226693274_600_800.png,/scratch/parceirosbr/bigoilict/share/BigOil/document_generator/datasets/documents_2021_12_28/pai_2cols_20211228_152838_7226693274_600_800.png,pai_2cols_20211228_152838_7226693274_600_800_mask.png,2.209
12,4,24,8,263,408,287,416,263,408,287,408,287,416,263,416,sub_line_text,table_text,table_0,courier,italic,8.0,pai_2cols_20211228_152838_7226693274_600_800.png,/scratch/parceirosbr/bigoilict/share/BigOil/document_generator/datasets/documents_2021_12_28/pai_2cols_20211228_152838_7226693274_600_800.png,pai_2cols_20211228_152838_7226693274_600_800_mask.png,2.209
12,4,24,8,263,420,287,428,263,420,287,420,287,428,263,428,text,table_text,table_0,courier,italic,8.0,pai_2cols_20211228_152838_7226693274_600_800.png,/scratch/parceirosbr/bigoilict/share/BigOil/document_generator/datasets/documents_2021_12_28/pai_2cols_20211228_152838_7226693274_600_800.png,pai_2cols_20211228_152838_7226693274_600_800_mask.png,7.269
12,4,24,8,263,420,287,428,263,420,287,420,287,428,263,428,sub_line_text,table_text,table_0,courier,italic,8.0,pai_2cols_20211228_152838_7226693274_600_800.png,/scratch/parceirosbr/bigoilict/share/BigOil/document_generator/datasets/documents_2021_12_28/pai_2cols_20211228_152838_7226693274_600_800.png,pai_2cols_20211228_152838_7226693274_600_800_mask.png,7.269
12,4,24,8,263,432,287,440,263,432,287,432,287,440,263,440,text,table_text,table_0,courier,italic,8.0,pai_2cols_20211228_152838_7226693274_600_800.png,/scratch/parceirosbr/bigoilict/share/BigOil/document_generator/datasets/documents_2021_12_28/pai_2cols_20211228_152838_7226693274_600_800.png,pai_2cols_20211228_152838_7226693274_600_800_mask.png,7.860
12,4,24,8,263,432,287,440,263,432,287,432,287,440,263,440,sub_line_text,table_text,table_0,courier,italic,8.0,pai_2cols_20211228_152838_7226693274_600_800.png,/scratch/parceirosbr/bigoilict/share/BigOil/document_generator/datasets/documents_2021_12_28/pai_2cols_20211228_152838_7226693274_600_800.png,pai_2cols_20211228_152838_7226693274_600_800_mask.png,7.860
12,4,24,8,263,443,287,451,263,443,287,443,287,451,263,451,text,table_text,table_0,courier,italic,8.0,pai_2cols_20211228_152838_7226693274_600_800.png,/scratch/parceirosbr/bigoilict/share/BigOil/document_generator/datasets/documents_2021_12_28/pai_2cols_20211228_152838_7226693274_600_800.png,pai_2cols_20211228_152838_7226693274_600_800_mask.png,9.581
12,4,24,8,263,443,287,451,263,443,287,443,287,451,263,451,sub_line_text,table_text,table_0,courier,italic,8.0,pai_2cols_20211228_152838_7226693274_600_800.png,/scratch/parceirosbr/bigoilict/share/BigOil/document_generator/datasets/documents_2021_12_28/pai_2cols_20211228_152838_7226693274_600_800.png,pai_2cols_20211228_152838_7226693274_600_800_mask.png,9.581
12,4,24,8,263,455,287,463,263,455,287,455,287,463,263,463,text,table_text,table_0,courier,italic,8.0,pai_2cols_20211228_152838_7226693274_600_800.png,/scratch/parceirosbr/bigoilict/share/BigOil/document_generator/datasets/documents_2021_12_28/pai_2cols_20211228_152838_7226693274_600_800.png,pai_2cols_20211228_152838_7226693274_600_800_mask.png,2.787
12,4,24,8,263,455,287,463,263,455,287,455,287,463,263,463,sub_line_text,table_text,table_0,courier,italic,8.0,pai_2cols_20211228_152838_7226693274_600_800.png,/scratch/parceirosbr/bigoilict/share/BigOil/document_generator/datasets/documents_2021_12_28/pai_2cols_20211228_152838_7226693274_600_800.png,pai_2cols_20211228_152838_7226693274_600_800_mask.png,2.787
12,4,24,8,263,467,287,475,263,467,287,467,287,475,263,475,text,table_text,table_0,courier,italic,8.0,pai_2cols_20211228_152838_7226693274_600_800.png,/scratch/parceirosbr/bigoilict/share/BigOil/document_generator/datasets/documents_2021_12_28/pai_2cols_20211228_152838_7226693274_600_800.png,pai_2cols_20211228_152838_7226693274_600_800_mask.png,1.870
12,4,24,8,263,467,287,475,263,467,287,467,287,475,263,475,sub_line_text,table_text,table_0,courier,italic,8.0,pai_2cols_20211228_152838_7226693274_600_800.png,/scratch/parceirosbr/bigoilict/share/BigOil/document_generator/datasets/documents_2021_12_28/pai_2cols_20211228_152838_7226693274_600_800.png,pai_2cols_20211228_152838_7226693274_600_800_mask.png,1.870
12,4,24,8,263,479,287,487,263,479,287,479,287,487,263,487,text,table_text,table_0,courier,italic,8.0,pai_2cols_20211228_152838_7226693274_600_800.png,/scratch/parceirosbr/bigoilict/share/BigOil/document_generator/datasets/documents_2021_12_28/pai_2cols_20211228_152838_7226693274_600_800.png,pai_2cols_20211228_152838_7226693274_600_800_mask.png,1.059
12,4,24,8,263,479,287,487,263,479,287,479,287,487,263,487,sub_line_text,table_text,table_0,courier,italic,8.0,pai_2cols_20211228_152838_7226693274_600_800.png,/scratch/parceirosbr/bigoilict/share/BigOil/document_generator/datasets/documents_2021_12_28/pai_2cols_20211228_152838_7226693274_600_800.png,pai_2cols_20211228_152838_7226693274_600_800_mask.png,1.059
12,4,24,8,263,490,287,498,263,490,287,490,287,498,263,498,text,table_text,table_0,courier,italic,8.0,pai_2cols_20211228_152838_7226693274_600_800.png,/scratch/parceirosbr/bigoilict/share/BigOil/document_generator/datasets/documents_2021_12_28/pai_2cols_20211228_152838_7226693274_600_800.png,pai_2cols_20211228_152838_7226693274_600_800_mask.png,3.154
12,4,24,8,263,490,287,498,263,490,287,490,287,498,263,498,sub_line_text,table_text,table_0,courier,italic,8.0,pai_2cols_20211228_152838_7226693274_600_800.png,/scratch/parceirosbr/bigoilict/share/BigOil/document_generator/datasets/documents_2021_12_28/pai_2cols_20211228_152838_7226693274_600_800.png,pai_2cols_20211228_152838_7226693274_600_800_mask.png,3.154
12,4,24,8,263,502,287,510,263,502,287,502,287,510,263,510,text,table_text,table_0,courier,italic,8.0,pai_2cols_20211228_152838_7226693274_600_800.png,/scratch/parceirosbr/bigoilict/share/BigOil/document_generator/datasets/documents_2021_12_28/pai_2cols_20211228_152838_7226693274_600_800.png,pai_2cols_20211228_152838_7226693274_600_800_mask.png,3.668
12,4,24,8,263,502,287,510,263,502,287,502,287,510,263,510,sub_line_text,table_text,table_0,courier,italic,8.0,pai_2cols_20211228_152838_7226693274_600_800.png,/scratch/parceirosbr/bigoilict/share/BigOil/document_generator/datasets/documents_2021_12_28/pai_2cols_20211228_152838_7226693274_600_800.png,pai_2cols_20211228_152838_7226693274_600_800_mask.png,3.668
12,4,24,8,263,514,287,522,263,514,287,514,287,522,263,522,text,table_text,table_0,courier,italic,8.0,pai_2cols_20211228_152838_7226693274_600_800.png,/scratch/parceirosbr/bigoilict/share/BigOil/document_generator/datasets/documents_2021_12_28/pai_2cols_20211228_152838_7226693274_600_800.png,pai_2cols_20211228_152838_7226693274_600_800_mask.png,5.945
12,4,24,8,263,514,287,522,263,514,287,514,287,522,263,522,sub_line_text,table_text,table_0,courier,italic,8.0,pai_2cols_20211228_152838_7226693274_600_800.png,/scratch/parceirosbr/bigoilict/share/BigOil/document_generator/datasets/documents_2021_12_28/pai_2cols_20211228_152838_7226693274_600_800.png,pai_2cols_20211228_152838_7226693274_600_800_mask.png,5.945
12,4,24,8,263,525,287,533,263,525,287,525,287,533,263,533,text,table_text,table_0,courier,italic,8.0,pai_2cols_20211228_152838_7226693274_600_800.png,/scratch/parceirosbr/bigoilict/share/BigOil/document_generator/datasets/documents_2021_12_28/pai_2cols_20211228_152838_7226693274_600_800.png,pai_2cols_20211228_152838_7226693274_600_800_mask.png,8.552
12,4,24,8,263,525,287,533,263,525,287,525,287,533,263,533,sub_line_text,table_text,table_0,courier,italic,8.0,pai_2cols_20211228_152838_7226693274_600_800.png,/scratch/parceirosbr/bigoilict/share/BigOil/document_generator/datasets/documents_2021_12_28/pai_2cols_20211228_152838_7226693274_600_800.png,pai_2cols_20211228_152838_7226693274_600_800_mask.png,8.552
12,4,24,8,263,537,287,545,263,537,287,537,287,545,263,545,text,table_text,table_0,courier,italic,8.0,pai_2cols_20211228_152838_7226693274_600_800.png,/scratch/parceirosbr/bigoilict/share/BigOil/document_generator/datasets/documents_2021_12_28/pai_2cols_20211228_152838_7226693274_600_800.png,pai_2cols_20211228_152838_7226693274_600_800_mask.png,1.177
12,4,24,8,263,537,287,545,263,537,287,537,287,545,263,545,sub_line_text,table_text,table_0,courier,italic,8.0,pai_2cols_20211228_152838_7226693274_600_800.png,/scratch/parceirosbr/bigoilict/share/BigOil/document_generator/datasets/documents_2021_12_28/pai_2cols_20211228_152838_7226693274_600_800.png,pai_2cols_20211228_152838_7226693274_600_800_mask.png,1.177
12,4,24,8,263,549,287,557,263,549,287,549,287,557,263,557,text,table_text,table_0,courier,italic,8.0,pai_2cols_20211228_152838_7226693274_600_800.png,/scratch/parceirosbr/bigoilict/share/BigOil/document_generator/datasets/documents_2021_12_28/pai_2cols_20211228_152838_7226693274_600_800.png,pai_2cols_20211228_152838_7226693274_600_800_mask.png,4.697
12,4,24,8,263,549,287,557,263,549,287,549,287,557,263,557,sub_line_text,table_text,table_0,courier,italic,8.0,pai_2cols_20211228_152838_7226693274_600_800.png,/scratch/parceirosbr/bigoilict/share/BigOil/document_generator/datasets/documents_2021_12_28/pai_2cols_20211228_152838_7226693274_600_800.png,pai_2cols_20211228_152838_7226693274_600_800_mask.png,4.697
12,4,24,8,263,561,287,569,263,561,287,561,287,569,263,569,text,table_text,table_0,courier,italic,8.0,pai_2cols_20211228_152838_7226693274_600_800.png,/scratch/parceirosbr/bigoilict/share/BigOil/document_generator/datasets/documents_2021_12_28/pai_2cols_20211228_152838_7226693274_600_800.png,pai_2cols_20211228_152838_7226693274_600_800_mask.png,8.228
12,4,24,8,263,561,287,569,263,561,287,561,287,569,263,569,sub_line_text,table_text,table_0,courier,italic,8.0,pai_2cols_20211228_152838_7226693274_600_800.png,/scratch/parceirosbr/bigoilict/share/BigOil/document_generator/datasets/documents_2021_12_28/pai_2cols_20211228_152838_7226693274_600_800.png,pai_2cols_20211228_152838_7226693274_600_800_mask.png,8.228
12,4,24,8,263,572,287,580,263,572,287,572,287,580,263,580,text,table_text,table_0,courier,italic,8.0,pai_2cols_20211228_152838_7226693274_600_800.png,/scratch/parceirosbr/bigoilict/share/BigOil/document_generator/datasets/documents_2021_12_28/pai_2cols_20211228_152838_7226693274_600_800.png,pai_2cols_20211228_152838_7226693274_600_800_mask.png,7.725
12,4,24,8,263,572,287,580,263,572,287,572,287,580,263,580,sub_line_text,table_text,table_0,courier,italic,8.0,pai_2cols_20211228_152838_7226693274_600_800.png,/scratch/parceirosbr/bigoilict/share/BigOil/document_generator/datasets/documents_2021_12_28/pai_2cols_20211228_152838_7226693274_600_800.png,pai_2cols_20211228_152838_7226693274_600_800_mask.png,7.725
12,4,25,8,262,584,287,592,262,584,287,584,287,592,262,592,text,table_text,table_0,courier,italic,8.0,pai_2cols_20211228_152838_7226693274_600_800.png,/scratch/parceirosbr/bigoilict/share/BigOil/document_generator/datasets/documents_2021_12_28/pai_2cols_20211228_152838_7226693274_600_800.png,pai_2cols_20211228_152838_7226693274_600_800_mask.png,9.756
12,4,25,8,262,584,287,592,262,584,287,584,287,592,262,592,sub_line_text,table_text,table_0,courier,italic,8.0,pai_2cols_20211228_152838_7226693274_600_800.png,/scratch/parceirosbr/bigoilict/share/BigOil/document_generator/datasets/documents_2021_12_28/pai_2cols_20211228_152838_7226693274_600_800.png,pai_2cols_20211228_152838_7226693274_600_800_mask.png,9.756
97,5,195,10,97,611,292,621,97,611,292,611,292,621,97,621,sub_line_text,text,text_0,raleway,regular,8,pai_2cols_20211228_152838_7226693274_600_800.png,/scratch/parceirosbr/bigoilict/share/BigOil/document_generator/datasets/documents_2021_12_28/pai_2cols_20211228_152838_7226693274_600_800.png,pai_2cols_20211228_152838_7226693274_600_800_mask.png,Substituindo  as  e na e resolvendo a equação resu-
113,5,226,10,67,624,293,634,67,624,293,624,293,634,67,634,sub_line_text,text,text_0,raleway,regular,8,pai_2cols_20211228_152838_7226693274_600_800.png,/scratch/parceirosbr/bigoilict/share/BigOil/document_generator/datasets/documents_2021_12_28/pai_2cols_20211228_152838_7226693274_600_800.png,pai_2cols_20211228_152838_7226693274_600_800_mask.png,"ltante  transcendental,  determina-se  a  espessura do rebo-"
112,5,225,10,67,637,292,647,67,637,292,637,292,647,67,647,sub_line_text,text,text_0,raleway,regular,8,pai_2cols_20211228_152838_7226693274_600_800.png,/scratch/parceirosbr/bigoilict/share/BigOil/document_generator/datasets/documents_2021_12_28/pai_2cols_20211228_152838_7226693274_600_800.png,pai_2cols_20211228_152838_7226693274_600_800_mask.png,co  (hc).  São  foi  o  estado com o maior consumo de (3 milh-
112,5,225,10,67,650,292,660,67,650,292,650,292,660,67,660,sub_line_text,text,text_0,raleway,regular,8,pai_2cols_20211228_152838_7226693274_600_800.png,/scratch/parceirosbr/bigoilict/share/BigOil/document_generator/datasets/documents_2021_12_28/pai_2cols_20211228_152838_7226693274_600_800.png,pai_2cols_20211228_152838_7226693274_600_800_mask.png,"ões  de  m3,  correspondentes a 40,6% do total), seguido do"
113,5,226,10,67,663,293,673,67,663,293,663,293,673,67,673,sub_line_text,text,text_0,raleway,regular,8,pai_2cols_20211228_152838_7226693274_600_800.png,/scratch/parceirosbr/bigoilict/share/BigOil/document_generator/datasets/documents_2021_12_28/pai_2cols_20211228_152838_7226693274_600_800.png,pai_2cols_20211228_152838_7226693274_600_800_mask.png,"de  (1,3  milhão  de  m3,  17% do total) e do. Os valores encon-"
113,5,226,10,67,676,293,686,67,676,293,676,293,686,67,686,sub_line_text,text,text_0,raleway,regular,8,pai_2cols_20211228_152838_7226693274_600_800.png,/scratch/parceirosbr/bigoilict/share/BigOil/document_generator/datasets/documents_2021_12_28/pai_2cols_20211228_152838_7226693274_600_800.png,pai_2cols_20211228_152838_7226693274_600_800_mask.png,trados  para  o  tempo  de  retorno em anos estão de acordo
112,5,225,10,67,689,292,699,67,689,292,689,292,699,67,699,sub_line_text,text,text_0,raleway,regular,8,pai_2cols_20211228_152838_7226693274_600_800.png,/scratch/parceirosbr/bigoilict/share/BigOil/document_generator/datasets/documents_2021_12_28/pai_2cols_20211228_152838_7226693274_600_800.png,pai_2cols_20211228_152838_7226693274_600_800_mask.png,com  os  valores  de  máximos das séries históricas. Os mod-
108,5,216,10,67,702,283,712,67,702,283,702,283,712,67,712,sub_line_text,text,text_0,raleway,regular,8,pai_2cols_20211228_152838_7226693274_600_800.png,/scratch/parceirosbr/bigoilict/share/BigOil/document_generator/datasets/documents_2021_12_28/pai_2cols_20211228_152838_7226693274_600_800.png,pai_2cols_20211228_152838_7226693274_600_800_mask.png,elos termodinâmicos de coeficiente de atividade são divi.
113,50,226,101,67,611,293,712,67,611,293,611,293,712,67,712,text,text,text_0,raleway,regular,8,pai_2cols_20211228_152838_7226693274_600_800.png,/scratch/parceirosbr/bigoilict/share/BigOil/document_generator/datasets/documents_2021_12_28/pai_2cols_20211228_152838_7226693274_600_800.png,pai_2cols_20211228_152838_7226693274_600_800_mask.png,nan
95,5,190,10,97,715,287,725,97,715,287,715,287,725,97,725,sub_line_text,text,text_1,raleway,regular,8,pai_2cols_20211228_152838_7226693274_600_800.png,/scratch/parceirosbr/bigoilict/share/BigOil/document_generator/datasets/documents_2021_12_28/pai_2cols_20211228_152838_7226693274_600_800.png,pai_2cols_20211228_152838_7226693274_600_800_mask.png,Há uma clara associação entre a poluição atmosfé-.
95,5,190,10,97,715,287,725,97,715,287,715,287,725,97,725,text,text,text_1,raleway,regular,8,pai_2cols_20211228_152838_7226693274_600_800.png,/scratch/parceirosbr/bigoilict/share/BigOil/document_generator/datasets/documents_2021_12_28/pai_2cols_20211228_152838_7226693274_600_800.png,pai_2cols_20211228_152838_7226693274_600_800_mask.png,nan
77,6,154,13,326,31,480,44,326,31,480,31,480,44,326,44,sub_line_text,subsubtitle,subsubtitle_1,raleway,regular,11,pai_2cols_20211228_152838_7226693274_600_800.png,/scratch/parceirosbr/bigoilict/share/BigOil/document_generator/datasets/documents_2021_12_28/pai_2cols_20211228_152838_7226693274_600_800.png,pai_2cols_20211228_152838_7226693274_600_800_mask.png,"Feito este levantamento, tanto"
77,6,154,13,326,31,480,44,326,31,480,31,480,44,326,44,title,subsubtitle,subsubtitle_1,raleway,regular,11,pai_2cols_20211228_152838_7226693274_600_800.png,/scratch/parceirosbr/bigoilict/share/BigOil/document_generator/datasets/documents_2021_12_28/pai_2cols_20211228_152838_7226693274_600_800.png,pai_2cols_20211228_152838_7226693274_600_800_mask.png,nan
92,4,185,8,349,49,534,57,349,49,534,49,534,57,349,57,sub_line_text,table_legend,table_0,raleway,bolditalic,7,pai_2cols_20211228_152838_7226693274_600_800.png,/scratch/parceirosbr/bigoilict/share/BigOil/document_generator/datasets/documents_2021_12_28/pai_2cols_20211228_152838_7226693274_600_800.png,pai_2cols_20211228_152838_7226693274_600_800_mask.png,Tab.    100:       O   método   potenciométrico   apresenta
92,4,184,8,349,59,533,67,349,59,533,59,533,67,349,67,sub_line_text,table_legend,table_0,raleway,bolditalic,7,pai_2cols_20211228_152838_7226693274_600_800.png,/scratch/parceirosbr/bigoilict/share/BigOil/document_generator/datasets/documents_2021_12_28/pai_2cols_20211228_152838_7226693274_600_800.png,pai_2cols_20211228_152838_7226693274_600_800_mask.png,valores   de   30  a  80%  maiores  que  o  método  color-
50,4,100,8,349,69,449,77,349,69,449,69,449,77,349,77,sub_line_text,table_legend,table_0,raleway,bolditalic,7,pai_2cols_20211228_152838_7226693274_600_800.png,/scratch/parceirosbr/bigoilict/share/BigOil/document_generator/datasets/documents_2021_12_28/pai_2cols_20211228_152838_7226693274_600_800.png,pai_2cols_20211228_152838_7226693274_600_800_mask.png,imétrico. O nível na passagem
92,14,185,28,349,49,534,77,349,49,534,49,534,77,349,77,text,table_legend,table_0,raleway,bolditalic,7,pai_2cols_20211228_152838_7226693274_600_800.png,/scratch/parceirosbr/bigoilict/share/BigOil/document_generator/datasets/documents_2021_12_28/pai_2cols_20211228_152838_7226693274_600_800.png,pai_2cols_20211228_152838_7226693274_600_800_mask.png,nan
111,99,223,198,329,82,552,280,329,82,552,82,552,280,329,280,table,table_image,table_0,,,,pai_2cols_20211228_152838_7226693274_600_800.png,/scratch/parceirosbr/bigoilict/share/BigOil/document_generator/datasets/documents_2021_12_28/pai_2cols_20211228_152838_7226693274_600_800.png,pai_2cols_20211228_152838_7226693274_600_800_mask.png,output/gen_tab_20211228_152840_1451868442.png
4,4,9,8,335,85,344,93,335,85,344,85,344,93,335,93,text,table_text,table_0,courier,italic,8.0,pai_2cols_20211228_152838_7226693274_600_800.png,/scratch/parceirosbr/bigoilict/share/BigOil/document_generator/datasets/documents_2021_12_28/pai_2cols_20211228_152838_7226693274_600_800.png,pai_2cols_20211228_152838_7226693274_600_800_mask.png,em
4,4,9,8,335,85,344,93,335,85,344,85,344,93,335,93,sub_line_text,table_text,table_0,courier,italic,8.0,pai_2cols_20211228_152838_7226693274_600_800.png,/scratch/parceirosbr/bigoilict/share/BigOil/document_generator/datasets/documents_2021_12_28/pai_2cols_20211228_152838_7226693274_600_800.png,pai_2cols_20211228_152838_7226693274_600_800_mask.png,em
2,4,4,8,340,101,344,109,340,101,344,101,344,109,340,109,text,table_text,table_0,courier,regular,8.0,pai_2cols_20211228_152838_7226693274_600_800.png,/scratch/parceirosbr/bigoilict/share/BigOil/document_generator/datasets/documents_2021_12_28/pai_2cols_20211228_152838_7226693274_600_800.png,pai_2cols_20211228_152838_7226693274_600_800_mask.png,6
2,4,4,8,340,101,344,109,340,101,344,101,344,109,340,109,sub_line_text,table_text,table_0,courier,regular,8.0,pai_2cols_20211228_152838_7226693274_600_800.png,/scratch/parceirosbr/bigoilict/share/BigOil/document_generator/datasets/documents_2021_12_28/pai_2cols_20211228_152838_7226693274_600_800.png,pai_2cols_20211228_152838_7226693274_600_800_mask.png,6
2,4,4,8,340,113,344,121,340,113,344,113,344,121,340,121,text,table_text,table_0,courier,regular,8.0,pai_2cols_20211228_152838_7226693274_600_800.png,/scratch/parceirosbr/bigoilict/share/BigOil/document_generator/datasets/documents_2021_12_28/pai_2cols_20211228_152838_7226693274_600_800.png,pai_2cols_20211228_152838_7226693274_600_800_mask.png,8
2,4,4,8,340,113,344,121,340,113,344,113,344,121,340,121,sub_line_text,table_text,table_0,courier,regular,8.0,pai_2cols_20211228_152838_7226693274_600_800.png,/scratch/parceirosbr/bigoilict/share/BigOil/document_generator/datasets/documents_2021_12_28/pai_2cols_20211228_152838_7226693274_600_800.png,pai_2cols_20211228_152838_7226693274_600_800_mask.png,8
4,4,9,8,335,124,344,132,335,124,344,124,344,132,335,132,text,table_text,table_0,courier,regular,8.0,pai_2cols_20211228_152838_7226693274_600_800.png,/scratch/parceirosbr/bigoilict/share/BigOil/document_generator/datasets/documents_2021_12_28/pai_2cols_20211228_152838_7226693274_600_800.png,pai_2cols_20211228_152838_7226693274_600_800_mask.png,56
4,4,9,8,335,124,344,132,335,124,344,124,344,132,335,132,sub_line_text,table_text,table_0,courier,regular,8.0,pai_2cols_20211228_152838_7226693274_600_800.png,/scratch/parceirosbr/bigoilict/share/BigOil/document_generator/datasets/documents_2021_12_28/pai_2cols_20211228_152838_7226693274_600_800.png,pai_2cols_20211228_152838_7226693274_600_800_mask.png,56
2,4,4,8,340,136,344,144,340,136,344,136,344,144,340,144,text,table_text,table_0,courier,regular,8.0,pai_2cols_20211228_152838_7226693274_600_800.png,/scratch/parceirosbr/bigoilict/share/BigOil/document_generator/datasets/documents_2021_12_28/pai_2cols_20211228_152838_7226693274_600_800.png,pai_2cols_20211228_152838_7226693274_600_800_mask.png,8
2,4,4,8,340,136,344,144,340,136,344,136,344,144,340,144,sub_line_text,table_text,table_0,courier,regular,8.0,pai_2cols_20211228_152838_7226693274_600_800.png,/scratch/parceirosbr/bigoilict/share/BigOil/document_generator/datasets/documents_2021_12_28/pai_2cols_20211228_152838_7226693274_600_800.png,pai_2cols_20211228_152838_7226693274_600_800_mask.png,8
2,4,4,8,340,148,344,156,340,148,344,148,344,156,340,156,text,table_text,table_0,courier,regular,8.0,pai_2cols_20211228_152838_7226693274_600_800.png,/scratch/parceirosbr/bigoilict/share/BigOil/document_generator/datasets/documents_2021_12_28/pai_2cols_20211228_152838_7226693274_600_800.png,pai_2cols_20211228_152838_7226693274_600_800_mask.png,5
2,4,4,8,340,148,344,156,340,148,344,148,344,156,340,156,sub_line_text,table_text,table_0,courier,regular,8.0,pai_2cols_20211228_152838_7226693274_600_800.png,/scratch/parceirosbr/bigoilict/share/BigOil/document_generator/datasets/documents_2021_12_28/pai_2cols_20211228_152838_7226693274_600_800.png,pai_2cols_20211228_152838_7226693274_600_800_mask.png,5
2,4,4,8,340,160,344,168,340,160,344,160,344,168,340,168,text,table_text,table_0,courier,regular,8.0,pai_2cols_20211228_152838_7226693274_600_800.png,/scratch/parceirosbr/bigoilict/share/BigOil/document_generator/datasets/documents_2021_12_28/pai_2cols_20211228_152838_7226693274_600_800.png,pai_2cols_20211228_152838_7226693274_600_800_mask.png,2
2,4,4,8,340,160,344,168,340,160,344,160,344,168,340,168,sub_line_text,table_text,table_0,courier,regular,8.0,pai_2cols_20211228_152838_7226693274_600_800.png,/scratch/parceirosbr/bigoilict/share/BigOil/document_generator/datasets/documents_2021_12_28/pai_2cols_20211228_152838_7226693274_600_800.png,pai_2cols_20211228_152838_7226693274_600_800_mask.png,2
2,4,4,8,340,171,344,179,340,171,344,171,344,179,340,179,text,table_text,table_0,courier,regular,8.0,pai_2cols_20211228_152838_7226693274_600_800.png,/scratch/parceirosbr/bigoilict/share/BigOil/document_generator/datasets/documents_2021_12_28/pai_2cols_20211228_152838_7226693274_600_800.png,pai_2cols_20211228_152838_7226693274_600_800_mask.png,2
2,4,4,8,340,171,344,179,340,171,344,171,344,179,340,179,sub_line_text,table_text,table_0,courier,regular,8.0,pai_2cols_20211228_152838_7226693274_600_800.png,/scratch/parceirosbr/bigoilict/share/BigOil/document_generator/datasets/documents_2021_12_28/pai_2cols_20211228_152838_7226693274_600_800.png,pai_2cols_20211228_152838_7226693274_600_800_mask.png,2
2,4,4,8,340,183,344,191,340,183,344,183,344,191,340,191,text,table_text,table_0,courier,regular,8.0,pai_2cols_20211228_152838_7226693274_600_800.png,/scratch/parceirosbr/bigoilict/share/BigOil/document_generator/datasets/documents_2021_12_28/pai_2cols_20211228_152838_7226693274_600_800.png,pai_2cols_20211228_152838_7226693274_600_800_mask.png,8
2,4,4,8,340,183,344,191,340,183,344,183,344,191,340,191,sub_line_text,table_text,table_0,courier,regular,8.0,pai_2cols_20211228_152838_7226693274_600_800.png,/scratch/parceirosbr/bigoilict/share/BigOil/document_generator/datasets/documents_2021_12_28/pai_2cols_20211228_152838_7226693274_600_800.png,pai_2cols_20211228_152838_7226693274_600_800_mask.png,8
2,4,4,8,340,195,344,203,340,195,344,195,344,203,340,203,text,table_text,table_0,courier,regular,8.0,pai_2cols_20211228_152838_7226693274_600_800.png,/scratch/parceirosbr/bigoilict/share/BigOil/document_generator/datasets/documents_2021_12_28/pai_2cols_20211228_152838_7226693274_600_800.png,pai_2cols_20211228_152838_7226693274_600_800_mask.png,8
2,4,4,8,340,195,344,203,340,195,344,195,344,203,340,203,sub_line_text,table_text,table_0,courier,regular,8.0,pai_2cols_20211228_152838_7226693274_600_800.png,/scratch/parceirosbr/bigoilict/share/BigOil/document_generator/datasets/documents_2021_12_28/pai_2cols_20211228_152838_7226693274_600_800.png,pai_2cols_20211228_152838_7226693274_600_800_mask.png,8
2,4,4,8,340,206,344,214,340,206,344,206,344,214,340,214,text,table_text,table_0,courier,regular,8.0,pai_2cols_20211228_152838_7226693274_600_800.png,/scratch/parceirosbr/bigoilict/share/BigOil/document_generator/datasets/documents_2021_12_28/pai_2cols_20211228_152838_7226693274_600_800.png,pai_2cols_20211228_152838_7226693274_600_800_mask.png,2
2,4,4,8,340,206,344,214,340,206,344,206,344,214,340,214,sub_line_text,table_text,table_0,courier,regular,8.0,pai_2cols_20211228_152838_7226693274_600_800.png,/scratch/parceirosbr/bigoilict/share/BigOil/document_generator/datasets/documents_2021_12_28/pai_2cols_20211228_152838_7226693274_600_800.png,pai_2cols_20211228_152838_7226693274_600_800_mask.png,2
4,4,9,8,335,218,344,226,335,218,344,218,344,226,335,226,text,table_text,table_0,courier,regular,8.0,pai_2cols_20211228_152838_7226693274_600_800.png,/scratch/parceirosbr/bigoilict/share/BigOil/document_generator/datasets/documents_2021_12_28/pai_2cols_20211228_152838_7226693274_600_800.png,pai_2cols_20211228_152838_7226693274_600_800_mask.png,77
4,4,9,8,335,218,344,226,335,218,344,218,344,226,335,226,sub_line_text,table_text,table_0,courier,regular,8.0,pai_2cols_20211228_152838_7226693274_600_800.png,/scratch/parceirosbr/bigoilict/share/BigOil/document_generator/datasets/documents_2021_12_28/pai_2cols_20211228_152838_7226693274_600_800.png,pai_2cols_20211228_152838_7226693274_600_800_mask.png,77
2,4,4,8,340,230,344,238,340,230,344,230,344,238,340,238,text,table_text,table_0,courier,regular,8.0,pai_2cols_20211228_152838_7226693274_600_800.png,/scratch/parceirosbr/bigoilict/share/BigOil/document_generator/datasets/documents_2021_12_28/pai_2cols_20211228_152838_7226693274_600_800.png,pai_2cols_20211228_152838_7226693274_600_800_mask.png,8
2,4,4,8,340,230,344,238,340,230,344,230,344,238,340,238,sub_line_text,table_text,table_0,courier,regular,8.0,pai_2cols_20211228_152838_7226693274_600_800.png,/scratch/parceirosbr/bigoilict/share/BigOil/document_generator/datasets/documents_2021_12_28/pai_2cols_20211228_152838_7226693274_600_800.png,pai_2cols_20211228_152838_7226693274_600_800_mask.png,8
2,4,4,8,340,241,344,249,340,241,344,241,344,249,340,249,text,table_text,table_0,courier,regular,8.0,pai_2cols_20211228_152838_7226693274_600_800.png,/scratch/parceirosbr/bigoilict/share/BigOil/document_generator/datasets/documents_2021_12_28/pai_2cols_20211228_152838_7226693274_600_800.png,pai_2cols_20211228_152838_7226693274_600_800_mask.png,2
2,4,4,8,340,241,344,249,340,241,344,241,344,249,340,249,sub_line_text,table_text,table_0,courier,regular,8.0,pai_2cols_20211228_152838_7226693274_600_800.png,/scratch/parceirosbr/bigoilict/share/BigOil/document_generator/datasets/documents_2021_12_28/pai_2cols_20211228_152838_7226693274_600_800.png,pai_2cols_20211228_152838_7226693274_600_800_mask.png,2
4,4,9,8,335,253,344,261,335,253,344,253,344,261,335,261,text,table_text,table_0,courier,regular,8.0,pai_2cols_20211228_152838_7226693274_600_800.png,/scratch/parceirosbr/bigoilict/share/BigOil/document_generator/datasets/documents_2021_12_28/pai_2cols_20211228_152838_7226693274_600_800.png,pai_2cols_20211228_152838_7226693274_600_800_mask.png,16
4,4,9,8,335,253,344,261,335,253,344,253,344,261,335,261,sub_line_text,table_text,table_0,courier,regular,8.0,pai_2cols_20211228_152838_7226693274_600_800.png,/scratch/parceirosbr/bigoilict/share/BigOil/document_generator/datasets/documents_2021_12_28/pai_2cols_20211228_152838_7226693274_600_800.png,pai_2cols_20211228_152838_7226693274_600_800_mask.png,16
2,4,4,8,340,265,344,273,340,265,344,265,344,273,340,273,text,table_text,table_0,courier,regular,8.0,pai_2cols_20211228_152838_7226693274_600_800.png,/scratch/parceirosbr/bigoilict/share/BigOil/document_generator/datasets/documents_2021_12_28/pai_2cols_20211228_152838_7226693274_600_800.png,pai_2cols_20211228_152838_7226693274_600_800_mask.png,7
2,4,4,8,340,265,344,273,340,265,344,265,344,273,340,273,sub_line_text,table_text,table_0,courier,regular,8.0,pai_2cols_20211228_152838_7226693274_600_800.png,/scratch/parceirosbr/bigoilict/share/BigOil/document_generator/datasets/documents_2021_12_28/pai_2cols_20211228_152838_7226693274_600_800.png,pai_2cols_20211228_152838_7226693274_600_800_mask.png,7
17,4,34,8,386,85,420,93,386,85,420,85,420,93,386,93,text,table_text,table_0,courier,italic,8.0,pai_2cols_20211228_152838_7226693274_600_800.png,/scratch/parceirosbr/bigoilict/share/BigOil/document_generator/datasets/documents_2021_12_28/pai_2cols_20211228_152838_7226693274_600_800.png,pai_2cols_20211228_152838_7226693274_600_800_mask.png,mercado
17,4,34,8,386,85,420,93,386,85,420,85,420,93,386,93,sub_line_text,table_text,table_0,courier,italic,8.0,pai_2cols_20211228_152838_7226693274_600_800.png,/scratch/parceirosbr/bigoilict/share/BigOil/document_generator/datasets/documents_2021_12_28/pai_2cols_20211228_152838_7226693274_600_800.png,pai_2cols_20211228_152838_7226693274_600_800_mask.png,mercado
9,4,19,8,401,101,420,109,401,101,420,101,420,109,401,109,text,table_text,table_0,courier,regular,8.0,pai_2cols_20211228_152838_7226693274_600_800.png,/scratch/parceirosbr/bigoilict/share/BigOil/document_generator/datasets/documents_2021_12_28/pai_2cols_20211228_152838_7226693274_600_800.png,pai_2cols_20211228_152838_7226693274_600_800_mask.png,9.83
9,4,19,8,401,101,420,109,401,101,420,101,420,109,401,109,sub_line_text,table_text,table_0,courier,regular,8.0,pai_2cols_20211228_152838_7226693274_600_800.png,/scratch/parceirosbr/bigoilict/share/BigOil/document_generator/datasets/documents_2021_12_28/pai_2cols_20211228_152838_7226693274_600_800.png,pai_2cols_20211228_152838_7226693274_600_800_mask.png,9.83
12,4,24,8,396,113,420,121,396,113,420,113,420,121,396,121,text,table_text,table_0,courier,regular,8.0,pai_2cols_20211228_152838_7226693274_600_800.png,/scratch/parceirosbr/bigoilict/share/BigOil/document_generator/datasets/documents_2021_12_28/pai_2cols_20211228_152838_7226693274_600_800.png,pai_2cols_20211228_152838_7226693274_600_800_mask.png,43.22
12,4,24,8,396,113,420,121,396,113,420,113,420,121,396,121,sub_line_text,table_text,table_0,courier,regular,8.0,pai_2cols_20211228_152838_7226693274_600_800.png,/scratch/parceirosbr/bigoilict/share/BigOil/document_generator/datasets/documents_2021_12_28/pai_2cols_20211228_152838_7226693274_600_800.png,pai_2cols_20211228_152838_7226693274_600_800_mask.png,43.22
9,4,19,8,401,124,420,132,401,124,420,124,420,132,401,132,text,table_text,table_0,courier,regular,8.0,pai_2cols_20211228_152838_7226693274_600_800.png,/scratch/parceirosbr/bigoilict/share/BigOil/document_generator/datasets/documents_2021_12_28/pai_2cols_20211228_152838_7226693274_600_800.png,pai_2cols_20211228_152838_7226693274_600_800_mask.png,5.63
9,4,19,8,401,124,420,132,401,124,420,124,420,132,401,132,sub_line_text,table_text,table_0,courier,regular,8.0,pai_2cols_20211228_152838_7226693274_600_800.png,/scratch/parceirosbr/bigoilict/share/BigOil/document_generator/datasets/documents_2021_12_28/pai_2cols_20211228_152838_7226693274_600_800.png,pai_2cols_20211228_152838_7226693274_600_800_mask.png,5.63
12,4,24,8,396,136,420,144,396,136,420,136,420,144,396,144,text,table_text,table_0,courier,regular,8.0,pai_2cols_20211228_152838_7226693274_600_800.png,/scratch/parceirosbr/bigoilict/share/BigOil/document_generator/datasets/documents_2021_12_28/pai_2cols_20211228_152838_7226693274_600_800.png,pai_2cols_20211228_152838_7226693274_600_800_mask.png,75.24
12,4,24,8,396,136,420,144,396,136,420,136,420,144,396,144,sub_line_text,table_text,table_0,courier,regular,8.0,pai_2cols_20211228_152838_7226693274_600_800.png,/scratch/parceirosbr/bigoilict/share/BigOil/document_generator/datasets/documents_2021_12_28/pai_2cols_20211228_152838_7226693274_600_800.png,pai_2cols_20211228_152838_7226693274_600_800_mask.png,75.24
9,4,19,8,401,148,420,156,401,148,420,148,420,156,401,156,text,table_text,table_0,courier,regular,8.0,pai_2cols_20211228_152838_7226693274_600_800.png,/scratch/parceirosbr/bigoilict/share/BigOil/document_generator/datasets/documents_2021_12_28/pai_2cols_20211228_152838_7226693274_600_800.png,pai_2cols_20211228_152838_7226693274_600_800_mask.png,9.25
9,4,19,8,401,148,420,156,401,148,420,148,420,156,401,156,sub_line_text,table_text,table_0,courier,regular,8.0,pai_2cols_20211228_152838_7226693274_600_800.png,/scratch/parceirosbr/bigoilict/share/BigOil/document_generator/datasets/documents_2021_12_28/pai_2cols_20211228_152838_7226693274_600_800.png,pai_2cols_20211228_152838_7226693274_600_800_mask.png,9.25
12,4,24,8,396,160,420,168,396,160,420,160,420,168,396,168,text,table_text,table_0,courier,regular,8.0,pai_2cols_20211228_152838_7226693274_600_800.png,/scratch/parceirosbr/bigoilict/share/BigOil/document_generator/datasets/documents_2021_12_28/pai_2cols_20211228_152838_7226693274_600_800.png,pai_2cols_20211228_152838_7226693274_600_800_mask.png,87.45
12,4,24,8,396,160,420,168,396,160,420,160,420,168,396,168,sub_line_text,table_text,table_0,courier,regular,8.0,pai_2cols_20211228_152838_7226693274_600_800.png,/scratch/parceirosbr/bigoilict/share/BigOil/document_generator/datasets/documents_2021_12_28/pai_2cols_20211228_152838_7226693274_600_800.png,pai_2cols_20211228_152838_7226693274_600_800_mask.png,87.45
12,4,24,8,396,171,420,179,396,171,420,171,420,179,396,179,text,table_text,table_0,courier,regular,8.0,pai_2cols_20211228_152838_7226693274_600_800.png,/scratch/parceirosbr/bigoilict/share/BigOil/document_generator/datasets/documents_2021_12_28/pai_2cols_20211228_152838_7226693274_600_800.png,pai_2cols_20211228_152838_7226693274_600_800_mask.png,73.33
12,4,24,8,396,171,420,179,396,171,420,171,420,179,396,179,sub_line_text,table_text,table_0,courier,regular,8.0,pai_2cols_20211228_152838_7226693274_600_800.png,/scratch/parceirosbr/bigoilict/share/BigOil/document_generator/datasets/documents_2021_12_28/pai_2cols_20211228_152838_7226693274_600_800.png,pai_2cols_20211228_152838_7226693274_600_800_mask.png,73.33
12,4,24,8,396,183,420,191,396,183,420,183,420,191,396,191,text,table_text,table_0,courier,regular,8.0,pai_2cols_20211228_152838_7226693274_600_800.png,/scratch/parceirosbr/bigoilict/share/BigOil/document_generator/datasets/documents_2021_12_28/pai_2cols_20211228_152838_7226693274_600_800.png,pai_2cols_20211228_152838_7226693274_600_800_mask.png,11.15
12,4,24,8,396,183,420,191,396,183,420,183,420,191,396,191,sub_line_text,table_text,table_0,courier,regular,8.0,pai_2cols_20211228_152838_7226693274_600_800.png,/scratch/parceirosbr/bigoilict/share/BigOil/document_generator/datasets/documents_2021_12_28/pai_2cols_20211228_152838_7226693274_600_800.png,pai_2cols_20211228_152838_7226693274_600_800_mask.png,11.15
12,4,24,8,396,195,420,203,396,195,420,195,420,203,396,203,text,table_text,table_0,courier,regular,8.0,pai_2cols_20211228_152838_7226693274_600_800.png,/scratch/parceirosbr/bigoilict/share/BigOil/document_generator/datasets/documents_2021_12_28/pai_2cols_20211228_152838_7226693274_600_800.png,pai_2cols_20211228_152838_7226693274_600_800_mask.png,61.86
12,4,24,8,396,195,420,203,396,195,420,195,420,203,396,203,sub_line_text,table_text,table_0,courier,regular,8.0,pai_2cols_20211228_152838_7226693274_600_800.png,/scratch/parceirosbr/bigoilict/share/BigOil/document_generator/datasets/documents_2021_12_28/pai_2cols_20211228_152838_7226693274_600_800.png,pai_2cols_20211228_152838_7226693274_600_800_mask.png,61.86
9,4,19,8,401,206,420,214,401,206,420,206,420,214,401,214,text,table_text,table_0,courier,regular,8.0,pai_2cols_20211228_152838_7226693274_600_800.png,/scratch/parceirosbr/bigoilict/share/BigOil/document_generator/datasets/documents_2021_12_28/pai_2cols_20211228_152838_7226693274_600_800.png,pai_2cols_20211228_152838_7226693274_600_800_mask.png,2.14
9,4,19,8,401,206,420,214,401,206,420,206,420,214,401,214,sub_line_text,table_text,table_0,courier,regular,8.0,pai_2cols_20211228_152838_7226693274_600_800.png,/scratch/parceirosbr/bigoilict/share/BigOil/document_generator/datasets/documents_2021_12_28/pai_2cols_20211228_152838_7226693274_600_800.png,pai_2cols_20211228_152838_7226693274_600_800_mask.png,2.14
9,4,19,8,401,218,420,226,401,218,420,218,420,226,401,226,text,table_text,table_0,courier,regular,8.0,pai_2cols_20211228_152838_7226693274_600_800.png,/scratch/parceirosbr/bigoilict/share/BigOil/document_generator/datasets/documents_2021_12_28/pai_2cols_20211228_152838_7226693274_600_800.png,pai_2cols_20211228_152838_7226693274_600_800_mask.png,8.81
9,4,19,8,401,218,420,226,401,218,420,218,420,226,401,226,sub_line_text,table_text,table_0,courier,regular,8.0,pai_2cols_20211228_152838_7226693274_600_800.png,/scratch/parceirosbr/bigoilict/share/BigOil/document_generator/datasets/documents_2021_12_28/pai_2cols_20211228_152838_7226693274_600_800.png,pai_2cols_20211228_152838_7226693274_600_800_mask.png,8.81
12,4,24,8,396,230,420,238,396,230,420,230,420,238,396,238,text,table_text,table_0,courier,regular,8.0,pai_2cols_20211228_152838_7226693274_600_800.png,/scratch/parceirosbr/bigoilict/share/BigOil/document_generator/datasets/documents_2021_12_28/pai_2cols_20211228_152838_7226693274_600_800.png,pai_2cols_20211228_152838_7226693274_600_800_mask.png,69.91
12,4,24,8,396,230,420,238,396,230,420,230,420,238,396,238,sub_line_text,table_text,table_0,courier,regular,8.0,pai_2cols_20211228_152838_7226693274_600_800.png,/scratch/parceirosbr/bigoilict/share/BigOil/document_generator/datasets/documents_2021_12_28/pai_2cols_20211228_152838_7226693274_600_800.png,pai_2cols_20211228_152838_7226693274_600_800_mask.png,69.91
9,4,19,8,401,241,420,249,401,241,420,241,420,249,401,249,text,table_text,table_0,courier,regular,8.0,pai_2cols_20211228_152838_7226693274_600_800.png,/scratch/parceirosbr/bigoilict/share/BigOil/document_generator/datasets/documents_2021_12_28/pai_2cols_20211228_152838_7226693274_600_800.png,pai_2cols_20211228_152838_7226693274_600_800_mask.png,9.35
9,4,19,8,401,241,420,249,401,241,420,241,420,249,401,249,sub_line_text,table_text,table_0,courier,regular,8.0,pai_2cols_20211228_152838_7226693274_600_800.png,/scratch/parceirosbr/bigoilict/share/BigOil/document_generator/datasets/documents_2021_12_28/pai_2cols_20211228_152838_7226693274_600_800.png,pai_2cols_20211228_152838_7226693274_600_800_mask.png,9.35
9,4,19,8,401,253,420,261,401,253,420,253,420,261,401,261,text,table_text,table_0,courier,regular,8.0,pai_2cols_20211228_152838_7226693274_600_800.png,/scratch/parceirosbr/bigoilict/share/BigOil/document_generator/datasets/documents_2021_12_28/pai_2cols_20211228_152838_7226693274_600_800.png,pai_2cols_20211228_152838_7226693274_600_800_mask.png,1.03
9,4,19,8,401,253,420,261,401,253,420,253,420,261,401,261,sub_line_text,table_text,table_0,courier,regular,8.0,pai_2cols_20211228_152838_7226693274_600_800.png,/scratch/parceirosbr/bigoilict/share/BigOil/document_generator/datasets/documents_2021_12_28/pai_2cols_20211228_152838_7226693274_600_800.png,pai_2cols_20211228_152838_7226693274_600_800_mask.png,1.03
9,4,19,8,401,265,420,273,401,265,420,265,420,273,401,273,text,table_text,table_0,courier,regular,8.0,pai_2cols_20211228_152838_7226693274_600_800.png,/scratch/parceirosbr/bigoilict/share/BigOil/document_generator/datasets/documents_2021_12_28/pai_2cols_20211228_152838_7226693274_600_800.png,pai_2cols_20211228_152838_7226693274_600_800_mask.png,2.74
9,4,19,8,401,265,420,273,401,265,420,265,420,273,401,273,sub_line_text,table_text,table_0,courier,regular,8.0,pai_2cols_20211228_152838_7226693274_600_800.png,/scratch/parceirosbr/bigoilict/share/BigOil/document_generator/datasets/documents_2021_12_28/pai_2cols_20211228_152838_7226693274_600_800.png,pai_2cols_20211228_152838_7226693274_600_800_mask.png,2.74
12,4,24,8,469,85,493,93,469,85,493,85,493,93,469,93,text,table_text,table_0,courier,italic,8.0,pai_2cols_20211228_152838_7226693274_600_800.png,/scratch/parceirosbr/bigoilict/share/BigOil/document_generator/datasets/documents_2021_12_28/pai_2cols_20211228_152838_7226693274_600_800.png,pai_2cols_20211228_152838_7226693274_600_800_mask.png,berço
12,4,24,8,469,85,493,93,469,85,493,85,493,93,469,93,sub_line_text,table_text,table_0,courier,italic,8.0,pai_2cols_20211228_152838_7226693274_600_800.png,/scratch/parceirosbr/bigoilict/share/BigOil/document_generator/datasets/documents_2021_12_28/pai_2cols_20211228_152838_7226693274_600_800.png,pai_2cols_20211228_152838_7226693274_600_800_mask.png,berço
34,4,68,8,425,101,493,109,425,101,493,101,493,109,425,109,text,table_text,table_0,courier,regular,8.0,pai_2cols_20211228_152838_7226693274_600_800.png,/scratch/parceirosbr/bigoilict/share/BigOil/document_generator/datasets/documents_2021_12_28/pai_2cols_20211228_152838_7226693274_600_800.png,pai_2cols_20211228_152838_7226693274_600_800_mask.png,7318124237.456
34,4,68,8,425,101,493,109,425,101,493,101,493,109,425,109,sub_line_text,table_text,table_0,courier,regular,8.0,pai_2cols_20211228_152838_7226693274_600_800.png,/scratch/parceirosbr/bigoilict/share/BigOil/document_generator/datasets/documents_2021_12_28/pai_2cols_20211228_152838_7226693274_600_800.png,pai_2cols_20211228_152838_7226693274_600_800_mask.png,7318124237.456
34,4,68,8,425,113,493,121,425,113,493,113,493,121,425,121,text,table_text,table_0,courier,regular,8.0,pai_2cols_20211228_152838_7226693274_600_800.png,/scratch/parceirosbr/bigoilict/share/BigOil/document_generator/datasets/documents_2021_12_28/pai_2cols_20211228_152838_7226693274_600_800.png,pai_2cols_20211228_152838_7226693274_600_800_mask.png,5690193850.745
34,4,68,8,425,113,493,121,425,113,493,113,493,121,425,121,sub_line_text,table_text,table_0,courier,regular,8.0,pai_2cols_20211228_152838_7226693274_600_800.png,/scratch/parceirosbr/bigoilict/share/BigOil/document_generator/datasets/documents_2021_12_28/pai_2cols_20211228_152838_7226693274_600_800.png,pai_2cols_20211228_152838_7226693274_600_800_mask.png,5690193850.745
34,4,68,8,425,124,493,132,425,124,493,124,493,132,425,132,text,table_text,table_0,courier,regular,8.0,pai_2cols_20211228_152838_7226693274_600_800.png,/scratch/parceirosbr/bigoilict/share/BigOil/document_generator/datasets/documents_2021_12_28/pai_2cols_20211228_152838_7226693274_600_800.png,pai_2cols_20211228_152838_7226693274_600_800_mask.png,3831377038.067
34,4,68,8,425,124,493,132,425,124,493,124,493,132,425,132,sub_line_text,table_text,table_0,courier,regular,8.0,pai_2cols_20211228_152838_7226693274_600_800.png,/scratch/parceirosbr/bigoilict/share/BigOil/document_generator/datasets/documents_2021_12_28/pai_2cols_20211228_152838_7226693274_600_800.png,pai_2cols_20211228_152838_7226693274_600_800_mask.png,3831377038.067
34,4,68,8,425,136,493,144,425,136,493,136,493,144,425,144,text,table_text,table_0,courier,regular,8.0,pai_2cols_20211228_152838_7226693274_600_800.png,/scratch/parceirosbr/bigoilict/share/BigOil/document_generator/datasets/documents_2021_12_28/pai_2cols_20211228_152838_7226693274_600_800.png,pai_2cols_20211228_152838_7226693274_600_800_mask.png,9214402581.097
34,4,68,8,425,136,493,144,425,136,493,136,493,144,425,144,sub_line_text,table_text,table_0,courier,regular,8.0,pai_2cols_20211228_152838_7226693274_600_800.png,/scratch/parceirosbr/bigoilict/share/BigOil/document_generator/datasets/documents_2021_12_28/pai_2cols_20211228_152838_7226693274_600_800.png,pai_2cols_20211228_152838_7226693274_600_800_mask.png,9214402581.097
34,4,68,8,425,148,493,156,425,148,493,148,493,156,425,156,text,table_text,table_0,courier,regular,8.0,pai_2cols_20211228_152838_7226693274_600_800.png,/scratch/parceirosbr/bigoilict/share/BigOil/document_generator/datasets/documents_2021_12_28/pai_2cols_20211228_152838_7226693274_600_800.png,pai_2cols_20211228_152838_7226693274_600_800_mask.png,4224416230.229
34,4,68,8,425,148,493,156,425,148,493,148,493,156,425,156,sub_line_text,table_text,table_0,courier,regular,8.0,pai_2cols_20211228_152838_7226693274_600_800.png,/scratch/parceirosbr/bigoilict/share/BigOil/document_generator/datasets/documents_2021_12_28/pai_2cols_20211228_152838_7226693274_600_800.png,pai_2cols_20211228_152838_7226693274_600_800_mask.png,4224416230.229
34,4,68,8,425,160,493,168,425,160,493,160,493,168,425,168,text,table_text,table_0,courier,regular,8.0,pai_2cols_20211228_152838_7226693274_600_800.png,/scratch/parceirosbr/bigoilict/share/BigOil/document_generator/datasets/documents_2021_12_28/pai_2cols_20211228_152838_7226693274_600_800.png,pai_2cols_20211228_152838_7226693274_600_800_mask.png,8911952203.450
34,4,68,8,425,160,493,168,425,160,493,160,493,168,425,168,sub_line_text,table_text,table_0,courier,regular,8.0,pai_2cols_20211228_152838_7226693274_600_800.png,/scratch/parceirosbr/bigoilict/share/BigOil/document_generator/datasets/documents_2021_12_28/pai_2cols_20211228_152838_7226693274_600_800.png,pai_2cols_20211228_152838_7226693274_600_800_mask.png,8911952203.450
34,4,68,8,425,171,493,179,425,171,493,171,493,179,425,179,text,table_text,table_0,courier,regular,8.0,pai_2cols_20211228_152838_7226693274_600_800.png,/scratch/parceirosbr/bigoilict/share/BigOil/document_generator/datasets/documents_2021_12_28/pai_2cols_20211228_152838_7226693274_600_800.png,pai_2cols_20211228_152838_7226693274_600_800_mask.png,6396666886.223
34,4,68,8,425,171,493,179,425,171,493,171,493,179,425,179,sub_line_text,table_text,table_0,courier,regular,8.0,pai_2cols_20211228_152838_7226693274_600_800.png,/scratch/parceirosbr/bigoilict/share/BigOil/document_generator/datasets/documents_2021_12_28/pai_2cols_20211228_152838_7226693274_600_800.png,pai_2cols_20211228_152838_7226693274_600_800_mask.png,6396666886.223
34,4,68,8,425,183,493,191,425,183,493,183,493,191,425,191,text,table_text,table_0,courier,regular,8.0,pai_2cols_20211228_152838_7226693274_600_800.png,/scratch/parceirosbr/bigoilict/share/BigOil/document_generator/datasets/documents_2021_12_28/pai_2cols_20211228_152838_7226693274_600_800.png,pai_2cols_20211228_152838_7226693274_600_800_mask.png,1646679879.186
34,4,68,8,425,183,493,191,425,183,493,183,493,191,425,191,sub_line_text,table_text,table_0,courier,regular,8.0,pai_2cols_20211228_152838_7226693274_600_800.png,/scratch/parceirosbr/bigoilict/share/BigOil/document_generator/datasets/documents_2021_12_28/pai_2cols_20211228_152838_7226693274_600_800.png,pai_2cols_20211228_152838_7226693274_600_800_mask.png,1646679879.186
34,4,68,8,425,195,493,203,425,195,493,195,493,203,425,203,text,table_text,table_0,courier,regular,8.0,pai_2cols_20211228_152838_7226693274_600_800.png,/scratch/parceirosbr/bigoilict/share/BigOil/document_generator/datasets/documents_2021_12_28/pai_2cols_20211228_152838_7226693274_600_800.png,pai_2cols_20211228_152838_7226693274_600_800_mask.png,1579546763.045
34,4,68,8,425,195,493,203,425,195,493,195,493,203,425,203,sub_line_text,table_text,table_0,courier,regular,8.0,pai_2cols_20211228_152838_7226693274_600_800.png,/scratch/parceirosbr/bigoilict/share/BigOil/document_generator/datasets/documents_2021_12_28/pai_2cols_20211228_152838_7226693274_600_800.png,pai_2cols_20211228_152838_7226693274_600_800_mask.png,1579546763.045
34,4,68,8,425,206,493,214,425,206,493,206,493,214,425,214,text,table_text,table_0,courier,regular,8.0,pai_2cols_20211228_152838_7226693274_600_800.png,/scratch/parceirosbr/bigoilict/share/BigOil/document_generator/datasets/documents_2021_12_28/pai_2cols_20211228_152838_7226693274_600_800.png,pai_2cols_20211228_152838_7226693274_600_800_mask.png,7427030054.007
34,4,68,8,425,206,493,214,425,206,493,206,493,214,425,214,sub_line_text,table_text,table_0,courier,regular,8.0,pai_2cols_20211228_152838_7226693274_600_800.png,/scratch/parceirosbr/bigoilict/share/BigOil/document_generator/datasets/documents_2021_12_28/pai_2cols_20211228_152838_7226693274_600_800.png,pai_2cols_20211228_152838_7226693274_600_800_mask.png,7427030054.007
34,4,68,8,425,218,493,226,425,218,493,218,493,226,425,226,text,table_text,table_0,courier,regular,8.0,pai_2cols_20211228_152838_7226693274_600_800.png,/scratch/parceirosbr/bigoilict/share/BigOil/document_generator/datasets/documents_2021_12_28/pai_2cols_20211228_152838_7226693274_600_800.png,pai_2cols_20211228_152838_7226693274_600_800_mask.png,5567835195.934
34,4,68,8,425,218,493,226,425,218,493,218,493,226,425,226,sub_line_text,table_text,table_0,courier,regular,8.0,pai_2cols_20211228_152838_7226693274_600_800.png,/scratch/parceirosbr/bigoilict/share/BigOil/document_generator/datasets/documents_2021_12_28/pai_2cols_20211228_152838_7226693274_600_800.png,pai_2cols_20211228_152838_7226693274_600_800_mask.png,5567835195.934
34,4,68,8,425,230,493,238,425,230,493,230,493,238,425,238,text,table_text,table_0,courier,regular,8.0,pai_2cols_20211228_152838_7226693274_600_800.png,/scratch/parceirosbr/bigoilict/share/BigOil/document_generator/datasets/documents_2021_12_28/pai_2cols_20211228_152838_7226693274_600_800.png,pai_2cols_20211228_152838_7226693274_600_800_mask.png,6059265031.823
34,4,68,8,425,230,493,238,425,230,493,230,493,238,425,238,sub_line_text,table_text,table_0,courier,regular,8.0,pai_2cols_20211228_152838_7226693274_600_800.png,/scratch/parceirosbr/bigoilict/share/BigOil/document_generator/datasets/documents_2021_12_28/pai_2cols_20211228_152838_7226693274_600_800.png,pai_2cols_20211228_152838_7226693274_600_800_mask.png,6059265031.823
34,4,68,8,425,241,493,249,425,241,493,241,493,249,425,249,text,table_text,table_0,courier,regular,8.0,pai_2cols_20211228_152838_7226693274_600_800.png,/scratch/parceirosbr/bigoilict/share/BigOil/document_generator/datasets/documents_2021_12_28/pai_2cols_20211228_152838_7226693274_600_800.png,pai_2cols_20211228_152838_7226693274_600_800_mask.png,8038225044.297
34,4,68,8,425,241,493,249,425,241,493,241,493,249,425,249,sub_line_text,table_text,table_0,courier,regular,8.0,pai_2cols_20211228_152838_7226693274_600_800.png,/scratch/parceirosbr/bigoilict/share/BigOil/document_generator/datasets/documents_2021_12_28/pai_2cols_20211228_152838_7226693274_600_800.png,pai_2cols_20211228_152838_7226693274_600_800_mask.png,8038225044.297
34,4,68,8,425,253,493,261,425,253,493,253,493,261,425,261,text,table_text,table_0,courier,regular,8.0,pai_2cols_20211228_152838_7226693274_600_800.png,/scratch/parceirosbr/bigoilict/share/BigOil/document_generator/datasets/documents_2021_12_28/pai_2cols_20211228_152838_7226693274_600_800.png,pai_2cols_20211228_152838_7226693274_600_800_mask.png,5933272576.609
34,4,68,8,425,253,493,261,425,253,493,253,493,261,425,261,sub_line_text,table_text,table_0,courier,regular,8.0,pai_2cols_20211228_152838_7226693274_600_800.png,/scratch/parceirosbr/bigoilict/share/BigOil/document_generator/datasets/documents_2021_12_28/pai_2cols_20211228_152838_7226693274_600_800.png,pai_2cols_20211228_152838_7226693274_600_800_mask.png,5933272576.609
34,4,68,8,425,265,493,273,425,265,493,265,493,273,425,273,text,table_text,table_0,courier,regular,8.0,pai_2cols_20211228_152838_7226693274_600_800.png,/scratch/parceirosbr/bigoilict/share/BigOil/document_generator/datasets/documents_2021_12_28/pai_2cols_20211228_152838_7226693274_600_800.png,pai_2cols_20211228_152838_7226693274_600_800_mask.png,9238117580.099
34,4,68,8,425,265,493,273,425,265,493,265,493,273,425,273,sub_line_text,table_text,table_0,courier,regular,8.0,pai_2cols_20211228_152838_7226693274_600_800.png,/scratch/parceirosbr/bigoilict/share/BigOil/document_generator/datasets/documents_2021_12_28/pai_2cols_20211228_152838_7226693274_600_800.png,pai_2cols_20211228_152838_7226693274_600_800_mask.png,9238117580.099
12,4,25,8,510,85,535,93,510,85,535,85,535,93,510,93,text,table_text,table_0,courier,italic,8.0,pai_2cols_20211228_152838_7226693274_600_800.png,/scratch/parceirosbr/bigoilict/share/BigOil/document_generator/datasets/documents_2021_12_28/pai_2cols_20211228_152838_7226693274_600_800.png,pai_2cols_20211228_152838_7226693274_600_800_mask.png,podem
12,4,25,8,510,85,535,93,510,85,535,85,535,93,510,93,sub_line_text,table_text,table_0,courier,italic,8.0,pai_2cols_20211228_152838_7226693274_600_800.png,/scratch/parceirosbr/bigoilict/share/BigOil/document_generator/datasets/documents_2021_12_28/pai_2cols_20211228_152838_7226693274_600_800.png,pai_2cols_20211228_152838_7226693274_600_800_mask.png,podem
14,4,29,8,508,101,537,109,508,101,537,101,537,109,508,109,text,table_text,table_0,courier,regular,8.0,pai_2cols_20211228_152838_7226693274_600_800.png,/scratch/parceirosbr/bigoilict/share/BigOil/document_generator/datasets/documents_2021_12_28/pai_2cols_20211228_152838_7226693274_600_800.png,pai_2cols_20211228_152838_7226693274_600_800_mask.png,máxima
14,4,29,8,508,101,537,109,508,101,537,101,537,109,508,109,sub_line_text,table_text,table_0,courier,regular,8.0,pai_2cols_20211228_152838_7226693274_600_800.png,/scratch/parceirosbr/bigoilict/share/BigOil/document_generator/datasets/documents_2021_12_28/pai_2cols_20211228_152838_7226693274_600_800.png,pai_2cols_20211228_152838_7226693274_600_800_mask.png,máxima
9,4,19,8,513,113,532,121,513,113,532,113,532,121,513,121,text,table_text,table_0,courier,regular,8.0,pai_2cols_20211228_152838_7226693274_600_800.png,/scratch/parceirosbr/bigoilict/share/BigOil/document_generator/datasets/documents_2021_12_28/pai_2cols_20211228_152838_7226693274_600_800.png,pai_2cols_20211228_152838_7226693274_600_800_mask.png,mais
9,4,19,8,513,113,532,121,513,113,532,113,532,121,513,121,sub_line_text,table_text,table_0,courier,regular,8.0,pai_2cols_20211228_152838_7226693274_600_800.png,/scratch/parceirosbr/bigoilict/share/BigOil/document_generator/datasets/documents_2021_12_28/pai_2cols_20211228_152838_7226693274_600_800.png,pai_2cols_20211228_152838_7226693274_600_800_mask.png,mais
19,4,38,8,503,124,541,132,503,124,541,124,541,132,503,132,text,table_text,table_0,courier,regular,8.0,pai_2cols_20211228_152838_7226693274_600_800.png,/scratch/parceirosbr/bigoilict/share/BigOil/document_generator/datasets/documents_2021_12_28/pai_2cols_20211228_152838_7226693274_600_800.png,pai_2cols_20211228_152838_7226693274_600_800_mask.png,controle
19,4,38,8,503,124,541,132,503,124,541,124,541,132,503,132,sub_line_text,table_text,table_0,courier,regular,8.0,pai_2cols_20211228_152838_7226693274_600_800.png,/scratch/parceirosbr/bigoilict/share/BigOil/document_generator/datasets/documents_2021_12_28/pai_2cols_20211228_152838_7226693274_600_800.png,pai_2cols_20211228_152838_7226693274_600_800_mask.png,controle
21,4,43,8,500,136,543,144,500,136,543,136,543,144,500,144,text,table_text,table_0,courier,regular,8.0,pai_2cols_20211228_152838_7226693274_600_800.png,/scratch/parceirosbr/bigoilict/share/BigOil/document_generator/datasets/documents_2021_12_28/pai_2cols_20211228_152838_7226693274_600_800.png,pai_2cols_20211228_152838_7226693274_600_800_mask.png,realizado
21,4,43,8,500,136,543,144,500,136,543,136,543,144,500,144,sub_line_text,table_text,table_0,courier,regular,8.0,pai_2cols_20211228_152838_7226693274_600_800.png,/scratch/parceirosbr/bigoilict/share/BigOil/document_generator/datasets/documents_2021_12_28/pai_2cols_20211228_152838_7226693274_600_800.png,pai_2cols_20211228_152838_7226693274_600_800_mask.png,realizado
12,4,24,8,510,148,534,156,510,148,534,148,534,156,510,156,text,table_text,table_0,courier,regular,8.0,pai_2cols_20211228_152838_7226693274_600_800.png,/scratch/parceirosbr/bigoilict/share/BigOil/document_generator/datasets/documents_2021_12_28/pai_2cols_20211228_152838_7226693274_600_800.png,pai_2cols_20211228_152838_7226693274_600_800_mask.png,vista
12,4,24,8,510,148,534,156,510,148,534,148,534,156,510,156,sub_line_text,table_text,table_0,courier,regular,8.0,pai_2cols_20211228_152838_7226693274_600_800.png,/scratch/parceirosbr/bigoilict/share/BigOil/document_generator/datasets/documents_2021_12_28/pai_2cols_20211228_152838_7226693274_600_800.png,pai_2cols_20211228_152838_7226693274_600_800_mask.png,vista
17,4,34,8,506,160,540,168,506,160,540,160,540,168,506,168,text,table_text,table_0,courier,regular,8.0,pai_2cols_20211228_152838_7226693274_600_800.png,/scratch/parceirosbr/bigoilict/share/BigOil/document_generator/datasets/documents_2021_12_28/pai_2cols_20211228_152838_7226693274_600_800.png,pai_2cols_20211228_152838_7226693274_600_800_mask.png,relação
17,4,34,8,506,160,540,168,506,160,540,160,540,168,506,168,sub_line_text,table_text,table_0,courier,regular,8.0,pai_2cols_20211228_152838_7226693274_600_800.png,/scratch/parceirosbr/bigoilict/share/BigOil/document_generator/datasets/documents_2021_12_28/pai_2cols_20211228_152838_7226693274_600_800.png,pai_2cols_20211228_152838_7226693274_600_800_mask.png,relação
19,4,38,8,503,171,541,179,503,171,541,171,541,179,503,179,text,table_text,table_0,courier,regular,8.0,pai_2cols_20211228_152838_7226693274_600_800.png,/scratch/parceirosbr/bigoilict/share/BigOil/document_generator/datasets/documents_2021_12_28/pai_2cols_20211228_152838_7226693274_600_800.png,pai_2cols_20211228_152838_7226693274_600_800_mask.png,alocação
19,4,38,8,503,171,541,179,503,171,541,171,541,179,503,179,sub_line_text,table_text,table_0,courier,regular,8.0,pai_2cols_20211228_152838_7226693274_600_800.png,/scratch/parceirosbr/bigoilict/share/BigOil/document_generator/datasets/documents_2021_12_28/pai_2cols_20211228_152838_7226693274_600_800.png,pai_2cols_20211228_152838_7226693274_600_800_mask.png,alocação
17,4,34,8,506,183,540,191,506,183,540,183,540,191,506,191,text,table_text,table_0,courier,regular,8.0,pai_2cols_20211228_152838_7226693274_600_800.png,/scratch/parceirosbr/bigoilict/share/BigOil/document_generator/datasets/documents_2021_12_28/pai_2cols_20211228_152838_7226693274_600_800.png,pai_2cols_20211228_152838_7226693274_600_800_mask.png,elevada
17,4,34,8,506,183,540,191,506,183,540,183,540,191,506,191,sub_line_text,table_text,table_0,courier,regular,8.0,pai_2cols_20211228_152838_7226693274_600_800.png,/scratch/parceirosbr/bigoilict/share/BigOil/document_generator/datasets/documents_2021_12_28/pai_2cols_20211228_152838_7226693274_600_800.png,pai_2cols_20211228_152838_7226693274_600_800_mask.png,elevada
9,4,19,8,513,195,532,203,513,195,532,195,532,203,513,203,text,table_text,table_0,courier,regular,8.0,pai_2cols_20211228_152838_7226693274_600_800.png,/scratch/parceirosbr/bigoilict/share/BigOil/document_generator/datasets/documents_2021_12_28/pai_2cols_20211228_152838_7226693274_600_800.png,pai_2cols_20211228_152838_7226693274_600_800_mask.png,mais
9,4,19,8,513,195,532,203,513,195,532,195,532,203,513,203,sub_line_text,table_text,table_0,courier,regular,8.0,pai_2cols_20211228_152838_7226693274_600_800.png,/scratch/parceirosbr/bigoilict/share/BigOil/document_generator/datasets/documents_2021_12_28/pai_2cols_20211228_152838_7226693274_600_800.png,pai_2cols_20211228_152838_7226693274_600_800_mask.png,mais
4,4,9,8,517,206,526,214,517,206,526,206,526,214,517,214,text,table_text,table_0,courier,regular,8.0,pai_2cols_20211228_152838_7226693274_600_800.png,/scratch/parceirosbr/bigoilict/share/BigOil/document_generator/datasets/documents_2021_12_28/pai_2cols_20211228_152838_7226693274_600_800.png,pai_2cols_20211228_152838_7226693274_600_800_mask.png,já
4,4,9,8,517,206,526,214,517,206,526,206,526,214,517,214,sub_line_text,table_text,table_0,courier,regular,8.0,pai_2cols_20211228_152838_7226693274_600_800.png,/scratch/parceirosbr/bigoilict/share/BigOil/document_generator/datasets/documents_2021_12_28/pai_2cols_20211228_152838_7226693274_600_800.png,pai_2cols_20211228_152838_7226693274_600_800_mask.png,já
9,4,19,8,513,218,532,226,513,218,532,218,532,226,513,226,text,table_text,table_0,courier,regular,8.0,pai_2cols_20211228_152838_7226693274_600_800.png,/scratch/parceirosbr/bigoilict/share/BigOil/document_generator/datasets/documents_2021_12_28/pai_2cols_20211228_152838_7226693274_600_800.png,pai_2cols_20211228_152838_7226693274_600_800_mask.png,para
9,4,19,8,513,218,532,226,513,218,532,218,532,226,513,226,sub_line_text,table_text,table_0,courier,regular,8.0,pai_2cols_20211228_152838_7226693274_600_800.png,/scratch/parceirosbr/bigoilict/share/BigOil/document_generator/datasets/documents_2021_12_28/pai_2cols_20211228_152838_7226693274_600_800.png,pai_2cols_20211228_152838_7226693274_600_800_mask.png,para
12,4,24,8,510,230,534,238,510,230,534,230,534,238,510,238,text,table_text,table_0,courier,regular,8.0,pai_2cols_20211228_152838_7226693274_600_800.png,/scratch/parceirosbr/bigoilict/share/BigOil/document_generator/datasets/documents_2021_12_28/pai_2cols_20211228_152838_7226693274_600_800.png,pai_2cols_20211228_152838_7226693274_600_800_mask.png,óxido
12,4,24,8,510,230,534,238,510,230,534,230,534,238,510,238,sub_line_text,table_text,table_0,courier,regular,8.0,pai_2cols_20211228_152838_7226693274_600_800.png,/scratch/parceirosbr/bigoilict/share/BigOil/document_generator/datasets/documents_2021_12_28/pai_2cols_20211228_152838_7226693274_600_800.png,pai_2cols_20211228_152838_7226693274_600_800_mask.png,óxido
17,4,34,8,506,241,540,249,506,241,540,241,540,249,506,249,text,table_text,table_0,courier,regular,8.0,pai_2cols_20211228_152838_7226693274_600_800.png,/scratch/parceirosbr/bigoilict/share/BigOil/document_generator/datasets/documents_2021_12_28/pai_2cols_20211228_152838_7226693274_600_800.png,pai_2cols_20211228_152838_7226693274_600_800_mask.png,estaria
17,4,34,8,506,241,540,249,506,241,540,241,540,249,506,249,sub_line_text,table_text,table_0,courier,regular,8.0,pai_2cols_20211228_152838_7226693274_600_800.png,/scratch/parceirosbr/bigoilict/share/BigOil/document_generator/datasets/documents_2021_12_28/pai_2cols_20211228_152838_7226693274_600_800.png,pai_2cols_20211228_152838_7226693274_600_800_mask.png,estaria
17,4,34,8,506,253,540,261,506,253,540,253,540,261,506,261,text,table_text,table_0,courier,regular,8.0,pai_2cols_20211228_152838_7226693274_600_800.png,/scratch/parceirosbr/bigoilict/share/BigOil/document_generator/datasets/documents_2021_12_28/pai_2cols_20211228_152838_7226693274_600_800.png,pai_2cols_20211228_152838_7226693274_600_800_mask.png,elevado
17,4,34,8,506,253,540,261,506,253,540,253,540,261,506,261,sub_line_text,table_text,table_0,courier,regular,8.0,pai_2cols_20211228_152838_7226693274_600_800.png,/scratch/parceirosbr/bigoilict/share/BigOil/document_generator/datasets/documents_2021_12_28/pai_2cols_20211228_152838_7226693274_600_800.png,pai_2cols_20211228_152838_7226693274_600_800_mask.png,elevado
17,4,34,8,506,265,540,273,506,265,540,265,540,273,506,273,text,table_text,table_0,courier,regular,8.0,pai_2cols_20211228_152838_7226693274_600_800.png,/scratch/parceirosbr/bigoilict/share/BigOil/document_generator/datasets/documents_2021_12_28/pai_2cols_20211228_152838_7226693274_600_800.png,pai_2cols_20211228_152838_7226693274_600_800_mask.png,elevado
17,4,34,8,506,265,540,273,506,265,540,265,540,273,506,273,sub_line_text,table_text,table_0,courier,regular,8.0,pai_2cols_20211228_152838_7226693274_600_800.png,/scratch/parceirosbr/bigoilict/share/BigOil/document_generator/datasets/documents_2021_12_28/pai_2cols_20211228_152838_7226693274_600_800.png,pai_2cols_20211228_152838_7226693274_600_800_mask.png,elevado
101,4,202,8,349,288,551,296,349,288,551,288,551,296,349,296,sub_line_text,table_legend,table_0,raleway,bolditalic,7,pai_2cols_20211228_152838_7226693274_600_800.png,/scratch/parceirosbr/bigoilict/share/BigOil/document_generator/datasets/documents_2021_12_28/pai_2cols_20211228_152838_7226693274_600_800.png,pai_2cols_20211228_152838_7226693274_600_800_mask.png,Tab.   5:      Reservoir   4Ed.   2010.  26.  petrolíferos  e  mode-
101,4,203,8,349,298,552,306,349,298,552,298,552,306,349,306,sub_line_text,table_legend,table_0,raleway,bolditalic,7,pai_2cols_20211228_152838_7226693274_600_800.png,/scratch/parceirosbr/bigoilict/share/BigOil/document_generator/datasets/documents_2021_12_28/pai_2cols_20211228_152838_7226693274_600_800.png,pai_2cols_20211228_152838_7226693274_600_800_mask.png,los    de    acumulação    de   hidrocarbonetos   na   bacia   de.
101,4,203,8,349,308,552,316,349,308,552,308,552,316,349,316,sub_line_text,table_legend,table_0,raleway,bolditalic,7,pai_2cols_20211228_152838_7226693274_600_800.png,/scratch/parceirosbr/bigoilict/share/BigOil/document_generator/datasets/documents_2021_12_28/pai_2cols_20211228_152838_7226693274_600_800.png,pai_2cols_20211228_152838_7226693274_600_800_mask.png,Programa       class=QLineEdit       class=QPushButton       clas-
86,4,173,8,349,318,522,326,349,318,522,318,522,326,349,326,sub_line_text,table_legend,table_0,raleway,bolditalic,7,pai_2cols_20211228_152838_7226693274_600_800.png,/scratch/parceirosbr/bigoilict/share/BigOil/document_generator/datasets/documents_2021_12_28/pai_2cols_20211228_152838_7226693274_600_800.png,pai_2cols_20211228_152838_7226693274_600_800_mask.png,s=QHBoxLayout class=QCheckBox &amp;Fixed class
101,19,203,38,349,288,552,326,349,288,552,288,552,326,349,326,text,table_legend,table_0,raleway,bolditalic,7,pai_2cols_20211228_152838_7226693274_600_800.png,/scratch/parceirosbr/bigoilict/share/BigOil/document_generator/datasets/documents_2021_12_28/pai_2cols_20211228_152838_7226693274_600_800.png,pai_2cols_20211228_152838_7226693274_600_800_mask.png,nan
111,106,223,212,329,331,552,543,329,331,552,331,552,543,329,543,table,table_image,table_0,,,,pai_2cols_20211228_152838_7226693274_600_800.png,/scratch/parceirosbr/bigoilict/share/BigOil/document_generator/datasets/documents_2021_12_28/pai_2cols_20211228_152838_7226693274_600_800.png,pai_2cols_20211228_152838_7226693274_600_800_mask.png,output/gen_tab_20211228_152841_2114717236.png
17,4,35,9,352,336,387,345,352,336,387,336,387,345,352,345,text,table_text,table_0,arial,bold,8.0,pai_2cols_20211228_152838_7226693274_600_800.png,/scratch/parceirosbr/bigoilict/share/BigOil/document_generator/datasets/documents_2021_12_28/pai_2cols_20211228_152838_7226693274_600_800.png,pai_2cols_20211228_152838_7226693274_600_800_mask.png,realização
17,4,35,9,352,336,387,345,352,336,387,336,387,345,352,345,sub_line_text,table_text,table_0,arial,bold,8.0,pai_2cols_20211228_152838_7226693274_600_800.png,/scratch/parceirosbr/bigoilict/share/BigOil/document_generator/datasets/documents_2021_12_28/pai_2cols_20211228_152838_7226693274_600_800.png,pai_2cols_20211228_152838_7226693274_600_800_mask.png,realização
22,4,44,9,348,349,392,358,348,349,392,349,392,358,348,358,text,table_text,table_0,arial,italic,8.0,pai_2cols_20211228_152838_7226693274_600_800.png,/scratch/parceirosbr/bigoilict/share/BigOil/document_generator/datasets/documents_2021_12_28/pai_2cols_20211228_152838_7226693274_600_800.png,pai_2cols_20211228_152838_7226693274_600_800_mask.png,infraestrutura
22,4,44,9,348,349,392,358,348,349,392,349,392,358,348,358,sub_line_text,table_text,table_0,arial,italic,8.0,pai_2cols_20211228_152838_7226693274_600_800.png,/scratch/parceirosbr/bigoilict/share/BigOil/document_generator/datasets/documents_2021_12_28/pai_2cols_20211228_152838_7226693274_600_800.png,pai_2cols_20211228_152838_7226693274_600_800_mask.png,infraestrutura
10,4,20,9,360,362,380,371,360,362,380,362,380,371,360,371,text,table_text,table_0,arial,italic,8.0,pai_2cols_20211228_152838_7226693274_600_800.png,/scratch/parceirosbr/bigoilict/share/BigOil/document_generator/datasets/documents_2021_12_28/pai_2cols_20211228_152838_7226693274_600_800.png,pai_2cols_20211228_152838_7226693274_600_800_mask.png,global
10,4,20,9,360,362,380,371,360,362,380,362,380,371,360,371,sub_line_text,table_text,table_0,arial,italic,8.0,pai_2cols_20211228_152838_7226693274_600_800.png,/scratch/parceirosbr/bigoilict/share/BigOil/document_generator/datasets/documents_2021_12_28/pai_2cols_20211228_152838_7226693274_600_800.png,pai_2cols_20211228_152838_7226693274_600_800_mask.png,global
10,4,20,9,360,374,380,383,360,374,380,374,380,383,360,383,text,table_text,table_0,arial,italic,8.0,pai_2cols_20211228_152838_7226693274_600_800.png,/scratch/parceirosbr/bigoilict/share/BigOil/document_generator/datasets/documents_2021_12_28/pai_2cols_20211228_152838_7226693274_600_800.png,pai_2cols_20211228_152838_7226693274_600_800_mask.png,fatode
10,4,20,9,360,374,380,383,360,374,380,374,380,383,360,383,sub_line_text,table_text,table_0,arial,italic,8.0,pai_2cols_20211228_152838_7226693274_600_800.png,/scratch/parceirosbr/bigoilict/share/BigOil/document_generator/datasets/documents_2021_12_28/pai_2cols_20211228_152838_7226693274_600_800.png,pai_2cols_20211228_152838_7226693274_600_800_mask.png,fatode
10,4,20,9,360,387,380,396,360,387,380,387,380,396,360,396,text,table_text,table_0,arial,italic,8.0,pai_2cols_20211228_152838_7226693274_600_800.png,/scratch/parceirosbr/bigoilict/share/BigOil/document_generator/datasets/documents_2021_12_28/pai_2cols_20211228_152838_7226693274_600_800.png,pai_2cols_20211228_152838_7226693274_600_800_mask.png,nesse
10,4,20,9,360,387,380,396,360,387,380,387,380,396,360,396,sub_line_text,table_text,table_0,arial,italic,8.0,pai_2cols_20211228_152838_7226693274_600_800.png,/scratch/parceirosbr/bigoilict/share/BigOil/document_generator/datasets/documents_2021_12_28/pai_2cols_20211228_152838_7226693274_600_800.png,pai_2cols_20211228_152838_7226693274_600_800_mask.png,nesse
12,4,24,9,358,400,382,409,358,400,382,400,382,409,358,409,text,table_text,table_0,arial,italic,8.0,pai_2cols_20211228_152838_7226693274_600_800.png,/scratch/parceirosbr/bigoilict/share/BigOil/document_generator/datasets/documents_2021_12_28/pai_2cols_20211228_152838_7226693274_600_800.png,pai_2cols_20211228_152838_7226693274_600_800_mask.png,termos
12,4,24,9,358,400,382,409,358,400,382,400,382,409,358,409,sub_line_text,table_text,table_0,arial,italic,8.0,pai_2cols_20211228_152838_7226693274_600_800.png,/scratch/parceirosbr/bigoilict/share/BigOil/document_generator/datasets/documents_2021_12_28/pai_2cols_20211228_152838_7226693274_600_800.png,pai_2cols_20211228_152838_7226693274_600_800_mask.png,termos
17,4,34,9,353,413,387,422,353,413,387,413,387,422,353,422,text,table_text,table_0,arial,italic,8.0,pai_2cols_20211228_152838_7226693274_600_800.png,/scratch/parceirosbr/bigoilict/share/BigOil/document_generator/datasets/documents_2021_12_28/pai_2cols_20211228_152838_7226693274_600_800.png,pai_2cols_20211228_152838_7226693274_600_800_mask.png,principais
17,4,34,9,353,413,387,422,353,413,387,413,387,422,353,422,sub_line_text,table_text,table_0,arial,italic,8.0,pai_2cols_20211228_152838_7226693274_600_800.png,/scratch/parceirosbr/bigoilict/share/BigOil/document_generator/datasets/documents_2021_12_28/pai_2cols_20211228_152838_7226693274_600_800.png,pai_2cols_20211228_152838_7226693274_600_800_mask.png,principais
14,4,28,9,356,425,384,434,356,425,384,425,384,434,356,434,text,table_text,table_0,arial,italic,8.0,pai_2cols_20211228_152838_7226693274_600_800.png,/scratch/parceirosbr/bigoilict/share/BigOil/document_generator/datasets/documents_2021_12_28/pai_2cols_20211228_152838_7226693274_600_800.png,pai_2cols_20211228_152838_7226693274_600_800_mask.png,máxima
14,4,28,9,356,425,384,434,356,425,384,425,384,434,356,434,sub_line_text,table_text,table_0,arial,italic,8.0,pai_2cols_20211228_152838_7226693274_600_800.png,/scratch/parceirosbr/bigoilict/share/BigOil/document_generator/datasets/documents_2021_12_28/pai_2cols_20211228_152838_7226693274_600_800.png,pai_2cols_20211228_152838_7226693274_600_800_mask.png,máxima
9,4,19,9,360,438,379,447,360,438,379,438,379,447,360,447,text,table_text,table_0,arial,italic,8.0,pai_2cols_20211228_152838_7226693274_600_800.png,/scratch/parceirosbr/bigoilict/share/BigOil/document_generator/datasets/documents_2021_12_28/pai_2cols_20211228_152838_7226693274_600_800.png,pai_2cols_20211228_152838_7226693274_600_800_mask.png,picos
9,4,19,9,360,438,379,447,360,438,379,438,379,447,360,447,sub_line_text,table_text,table_0,arial,italic,8.0,pai_2cols_20211228_152838_7226693274_600_800.png,/scratch/parceirosbr/bigoilict/share/BigOil/document_generator/datasets/documents_2021_12_28/pai_2cols_20211228_152838_7226693274_600_800.png,pai_2cols_20211228_152838_7226693274_600_800_mask.png,picos
10,4,20,9,360,451,380,460,360,451,380,451,380,460,360,460,text,table_text,table_0,arial,italic,8.0,pai_2cols_20211228_152838_7226693274_600_800.png,/scratch/parceirosbr/bigoilict/share/BigOil/document_generator/datasets/documents_2021_12_28/pai_2cols_20211228_152838_7226693274_600_800.png,pai_2cols_20211228_152838_7226693274_600_800_mask.png,global
10,4,20,9,360,451,380,460,360,451,380,451,380,460,360,460,sub_line_text,table_text,table_0,arial,italic,8.0,pai_2cols_20211228_152838_7226693274_600_800.png,/scratch/parceirosbr/bigoilict/share/BigOil/document_generator/datasets/documents_2021_12_28/pai_2cols_20211228_152838_7226693274_600_800.png,pai_2cols_20211228_152838_7226693274_600_800_mask.png,global
21,4,42,9,348,463,390,472,348,463,390,463,390,472,348,472,text,table_text,table_0,arial,italic,8.0,pai_2cols_20211228_152838_7226693274_600_800.png,/scratch/parceirosbr/bigoilict/share/BigOil/document_generator/datasets/documents_2021_12_28/pai_2cols_20211228_152838_7226693274_600_800.png,pai_2cols_20211228_152838_7226693274_600_800_mask.png,aquecimento
21,4,42,9,348,463,390,472,348,463,390,463,390,472,348,472,sub_line_text,table_text,table_0,arial,italic,8.0,pai_2cols_20211228_152838_7226693274_600_800.png,/scratch/parceirosbr/bigoilict/share/BigOil/document_generator/datasets/documents_2021_12_28/pai_2cols_20211228_152838_7226693274_600_800.png,pai_2cols_20211228_152838_7226693274_600_800_mask.png,aquecimento
13,4,26,9,357,476,383,485,357,476,383,476,383,485,357,485,text,table_text,table_0,arial,italic,8.0,pai_2cols_20211228_152838_7226693274_600_800.png,/scratch/parceirosbr/bigoilict/share/BigOil/document_generator/datasets/documents_2021_12_28/pai_2cols_20211228_152838_7226693274_600_800.png,pai_2cols_20211228_152838_7226693274_600_800_mask.png,retirado
13,4,26,9,357,476,383,485,357,476,383,476,383,485,357,485,sub_line_text,table_text,table_0,arial,italic,8.0,pai_2cols_20211228_152838_7226693274_600_800.png,/scratch/parceirosbr/bigoilict/share/BigOil/document_generator/datasets/documents_2021_12_28/pai_2cols_20211228_152838_7226693274_600_800.png,pai_2cols_20211228_152838_7226693274_600_800_mask.png,retirado
14,4,28,9,356,489,384,498,356,489,384,489,384,498,356,498,text,table_text,table_0,arial,italic,8.0,pai_2cols_20211228_152838_7226693274_600_800.png,/scratch/parceirosbr/bigoilict/share/BigOil/document_generator/datasets/documents_2021_12_28/pai_2cols_20211228_152838_7226693274_600_800.png,pai_2cols_20211228_152838_7226693274_600_800_mask.png,concede
14,4,28,9,356,489,384,498,356,489,384,489,384,498,356,498,sub_line_text,table_text,table_0,arial,italic,8.0,pai_2cols_20211228_152838_7226693274_600_800.png,/scratch/parceirosbr/bigoilict/share/BigOil/document_generator/datasets/documents_2021_12_28/pai_2cols_20211228_152838_7226693274_600_800.png,pai_2cols_20211228_152838_7226693274_600_800_mask.png,concede
8,4,17,9,362,501,379,510,362,501,379,501,379,510,362,510,text,table_text,table_0,arial,italic,8.0,pai_2cols_20211228_152838_7226693274_600_800.png,/scratch/parceirosbr/bigoilict/share/BigOil/document_generator/datasets/documents_2021_12_28/pai_2cols_20211228_152838_7226693274_600_800.png,pai_2cols_20211228_152838_7226693274_600_800_mask.png,setor
8,4,17,9,362,501,379,510,362,501,379,501,379,510,362,510,sub_line_text,table_text,table_0,arial,italic,8.0,pai_2cols_20211228_152838_7226693274_600_800.png,/scratch/parceirosbr/bigoilict/share/BigOil/document_generator/datasets/documents_2021_12_28/pai_2cols_20211228_152838_7226693274_600_800.png,pai_2cols_20211228_152838_7226693274_600_800_mask.png,setor
7,4,14,9,363,514,377,523,363,514,377,514,377,523,363,523,text,table_text,table_0,arial,italic,8.0,pai_2cols_20211228_152838_7226693274_600_800.png,/scratch/parceirosbr/bigoilict/share/BigOil/document_generator/datasets/documents_2021_12_28/pai_2cols_20211228_152838_7226693274_600_800.png,pai_2cols_20211228_152838_7226693274_600_800_mask.png,data
7,4,14,9,363,514,377,523,363,514,377,514,377,523,363,523,sub_line_text,table_text,table_0,arial,italic,8.0,pai_2cols_20211228_152838_7226693274_600_800.png,/scratch/parceirosbr/bigoilict/share/BigOil/document_generator/datasets/documents_2021_12_28/pai_2cols_20211228_152838_7226693274_600_800.png,pai_2cols_20211228_152838_7226693274_600_800_mask.png,data
11,4,23,9,428,527,451,536,428,527,451,527,451,536,428,536,text,table_text,table_0,arial,regular,8.0,pai_2cols_20211228_152838_7226693274_600_800.png,/scratch/parceirosbr/bigoilict/share/BigOil/document_generator/datasets/documents_2021_12_28/pai_2cols_20211228_152838_7226693274_600_800.png,pai_2cols_20211228_152838_7226693274_600_800_mask.png,estaria
11,4,23,9,428,527,451,536,428,527,451,527,451,536,428,536,sub_line_text,table_text,table_0,arial,regular,8.0,pai_2cols_20211228_152838_7226693274_600_800.png,/scratch/parceirosbr/bigoilict/share/BigOil/document_generator/datasets/documents_2021_12_28/pai_2cols_20211228_152838_7226693274_600_800.png,pai_2cols_20211228_152838_7226693274_600_800_mask.png,estaria
15,4,31,9,516,336,547,345,516,336,547,336,547,345,516,345,text,table_text,table_0,arial,bold,8.0,pai_2cols_20211228_152838_7226693274_600_800.png,/scratch/parceirosbr/bigoilict/share/BigOil/document_generator/datasets/documents_2021_12_28/pai_2cols_20211228_152838_7226693274_600_800.png,pai_2cols_20211228_152838_7226693274_600_800_mask.png,concede
15,4,31,9,516,336,547,345,516,336,547,336,547,345,516,345,sub_line_text,table_text,table_0,arial,bold,8.0,pai_2cols_20211228_152838_7226693274_600_800.png,/scratch/parceirosbr/bigoilict/share/BigOil/document_generator/datasets/documents_2021_12_28/pai_2cols_20211228_152838_7226693274_600_800.png,pai_2cols_20211228_152838_7226693274_600_800_mask.png,concede
7,4,14,9,533,349,547,358,533,349,547,349,547,358,533,358,text,table_text,table_0,arial,italic,8.0,pai_2cols_20211228_152838_7226693274_600_800.png,/scratch/parceirosbr/bigoilict/share/BigOil/document_generator/datasets/documents_2021_12_28/pai_2cols_20211228_152838_7226693274_600_800.png,pai_2cols_20211228_152838_7226693274_600_800_mask.png,5.05
7,4,14,9,533,349,547,358,533,349,547,349,547,358,533,358,sub_line_text,table_text,table_0,arial,italic,8.0,pai_2cols_20211228_152838_7226693274_600_800.png,/scratch/parceirosbr/bigoilict/share/BigOil/document_generator/datasets/documents_2021_12_28/pai_2cols_20211228_152838_7226693274_600_800.png,pai_2cols_20211228_152838_7226693274_600_800_mask.png,5.05
7,4,14,9,533,362,547,371,533,362,547,362,547,371,533,371,text,table_text,table_0,arial,italic,8.0,pai_2cols_20211228_152838_7226693274_600_800.png,/scratch/parceirosbr/bigoilict/share/BigOil/document_generator/datasets/documents_2021_12_28/pai_2cols_20211228_152838_7226693274_600_800.png,pai_2cols_20211228_152838_7226693274_600_800_mask.png,9.67
7,4,14,9,533,362,547,371,533,362,547,362,547,371,533,371,sub_line_text,table_text,table_0,arial,italic,8.0,pai_2cols_20211228_152838_7226693274_600_800.png,/scratch/parceirosbr/bigoilict/share/BigOil/document_generator/datasets/documents_2021_12_28/pai_2cols_20211228_152838_7226693274_600_800.png,pai_2cols_20211228_152838_7226693274_600_800_mask.png,9.67
7,4,14,9,533,374,547,383,533,374,547,374,547,383,533,383,text,table_text,table_0,arial,italic,8.0,pai_2cols_20211228_152838_7226693274_600_800.png,/scratch/parceirosbr/bigoilict/share/BigOil/document_generator/datasets/documents_2021_12_28/pai_2cols_20211228_152838_7226693274_600_800.png,pai_2cols_20211228_152838_7226693274_600_800_mask.png,5.58
7,4,14,9,533,374,547,383,533,374,547,374,547,383,533,383,sub_line_text,table_text,table_0,arial,italic,8.0,pai_2cols_20211228_152838_7226693274_600_800.png,/scratch/parceirosbr/bigoilict/share/BigOil/document_generator/datasets/documents_2021_12_28/pai_2cols_20211228_152838_7226693274_600_800.png,pai_2cols_20211228_152838_7226693274_600_800_mask.png,5.58
7,4,14,9,533,387,547,396,533,387,547,387,547,396,533,396,text,table_text,table_0,arial,italic,8.0,pai_2cols_20211228_152838_7226693274_600_800.png,/scratch/parceirosbr/bigoilict/share/BigOil/document_generator/datasets/documents_2021_12_28/pai_2cols_20211228_152838_7226693274_600_800.png,pai_2cols_20211228_152838_7226693274_600_800_mask.png,7.24
7,4,14,9,533,387,547,396,533,387,547,387,547,396,533,396,sub_line_text,table_text,table_0,arial,italic,8.0,pai_2cols_20211228_152838_7226693274_600_800.png,/scratch/parceirosbr/bigoilict/share/BigOil/document_generator/datasets/documents_2021_12_28/pai_2cols_20211228_152838_7226693274_600_800.png,pai_2cols_20211228_152838_7226693274_600_800_mask.png,7.24
7,4,14,9,533,400,547,409,533,400,547,400,547,409,533,409,text,table_text,table_0,arial,italic,8.0,pai_2cols_20211228_152838_7226693274_600_800.png,/scratch/parceirosbr/bigoilict/share/BigOil/document_generator/datasets/documents_2021_12_28/pai_2cols_20211228_152838_7226693274_600_800.png,pai_2cols_20211228_152838_7226693274_600_800_mask.png,9.74
7,4,14,9,533,400,547,409,533,400,547,400,547,409,533,409,sub_line_text,table_text,table_0,arial,italic,8.0,pai_2cols_20211228_152838_7226693274_600_800.png,/scratch/parceirosbr/bigoilict/share/BigOil/document_generator/datasets/documents_2021_12_28/pai_2cols_20211228_152838_7226693274_600_800.png,pai_2cols_20211228_152838_7226693274_600_800_mask.png,9.74
6,4,13,9,534,413,547,422,534,413,547,413,547,422,534,422,text,table_text,table_0,arial,italic,8.0,pai_2cols_20211228_152838_7226693274_600_800.png,/scratch/parceirosbr/bigoilict/share/BigOil/document_generator/datasets/documents_2021_12_28/pai_2cols_20211228_152838_7226693274_600_800.png,pai_2cols_20211228_152838_7226693274_600_800_mask.png,3.81
6,4,13,9,534,413,547,422,534,413,547,413,547,422,534,422,sub_line_text,table_text,table_0,arial,italic,8.0,pai_2cols_20211228_152838_7226693274_600_800.png,/scratch/parceirosbr/bigoilict/share/BigOil/document_generator/datasets/documents_2021_12_28/pai_2cols_20211228_152838_7226693274_600_800.png,pai_2cols_20211228_152838_7226693274_600_800_mask.png,3.81
6,4,13,9,534,425,547,434,534,425,547,425,547,434,534,434,text,table_text,table_0,arial,italic,8.0,pai_2cols_20211228_152838_7226693274_600_800.png,/scratch/parceirosbr/bigoilict/share/BigOil/document_generator/datasets/documents_2021_12_28/pai_2cols_20211228_152838_7226693274_600_800.png,pai_2cols_20211228_152838_7226693274_600_800_mask.png,5.11
6,4,13,9,534,425,547,434,534,425,547,425,547,434,534,434,sub_line_text,table_text,table_0,arial,italic,8.0,pai_2cols_20211228_152838_7226693274_600_800.png,/scratch/parceirosbr/bigoilict/share/BigOil/document_generator/datasets/documents_2021_12_28/pai_2cols_20211228_152838_7226693274_600_800.png,pai_2cols_20211228_152838_7226693274_600_800_mask.png,5.11
7,4,14,9,533,438,547,447,533,438,547,438,547,447,533,447,text,table_text,table_0,arial,italic,8.0,pai_2cols_20211228_152838_7226693274_600_800.png,/scratch/parceirosbr/bigoilict/share/BigOil/document_generator/datasets/documents_2021_12_28/pai_2cols_20211228_152838_7226693274_600_800.png,pai_2cols_20211228_152838_7226693274_600_800_mask.png,5.53
7,4,14,9,533,438,547,447,533,438,547,438,547,447,533,447,sub_line_text,table_text,table_0,arial,italic,8.0,pai_2cols_20211228_152838_7226693274_600_800.png,/scratch/parceirosbr/bigoilict/share/BigOil/document_generator/datasets/documents_2021_12_28/pai_2cols_20211228_152838_7226693274_600_800.png,pai_2cols_20211228_152838_7226693274_600_800_mask.png,5.53
7,4,14,9,533,451,547,460,533,451,547,451,547,460,533,460,text,table_text,table_0,arial,italic,8.0,pai_2cols_20211228_152838_7226693274_600_800.png,/scratch/parceirosbr/bigoilict/share/BigOil/document_generator/datasets/documents_2021_12_28/pai_2cols_20211228_152838_7226693274_600_800.png,pai_2cols_20211228_152838_7226693274_600_800_mask.png,6.94
7,4,14,9,533,451,547,460,533,451,547,451,547,460,533,460,sub_line_text,table_text,table_0,arial,italic,8.0,pai_2cols_20211228_152838_7226693274_600_800.png,/scratch/parceirosbr/bigoilict/share/BigOil/document_generator/datasets/documents_2021_12_28/pai_2cols_20211228_152838_7226693274_600_800.png,pai_2cols_20211228_152838_7226693274_600_800_mask.png,6.94
6,4,13,9,534,463,547,472,534,463,547,463,547,472,534,472,text,table_text,table_0,arial,italic,8.0,pai_2cols_20211228_152838_7226693274_600_800.png,/scratch/parceirosbr/bigoilict/share/BigOil/document_generator/datasets/documents_2021_12_28/pai_2cols_20211228_152838_7226693274_600_800.png,pai_2cols_20211228_152838_7226693274_600_800_mask.png,3.01
6,4,13,9,534,463,547,472,534,463,547,463,547,472,534,472,sub_line_text,table_text,table_0,arial,italic,8.0,pai_2cols_20211228_152838_7226693274_600_800.png,/scratch/parceirosbr/bigoilict/share/BigOil/document_generator/datasets/documents_2021_12_28/pai_2cols_20211228_152838_7226693274_600_800.png,pai_2cols_20211228_152838_7226693274_600_800_mask.png,3.01
7,4,14,9,533,476,547,485,533,476,547,476,547,485,533,485,text,table_text,table_0,arial,italic,8.0,pai_2cols_20211228_152838_7226693274_600_800.png,/scratch/parceirosbr/bigoilict/share/BigOil/document_generator/datasets/documents_2021_12_28/pai_2cols_20211228_152838_7226693274_600_800.png,pai_2cols_20211228_152838_7226693274_600_800_mask.png,3.59
7,4,14,9,533,476,547,485,533,476,547,476,547,485,533,485,sub_line_text,table_text,table_0,arial,italic,8.0,pai_2cols_20211228_152838_7226693274_600_800.png,/scratch/parceirosbr/bigoilict/share/BigOil/document_generator/datasets/documents_2021_12_28/pai_2cols_20211228_152838_7226693274_600_800.png,pai_2cols_20211228_152838_7226693274_600_800_mask.png,3.59
7,4,14,9,533,489,547,498,533,489,547,489,547,498,533,498,text,table_text,table_0,arial,italic,8.0,pai_2cols_20211228_152838_7226693274_600_800.png,/scratch/parceirosbr/bigoilict/share/BigOil/document_generator/datasets/documents_2021_12_28/pai_2cols_20211228_152838_7226693274_600_800.png,pai_2cols_20211228_152838_7226693274_600_800_mask.png,3.56
7,4,14,9,533,489,547,498,533,489,547,489,547,498,533,498,sub_line_text,table_text,table_0,arial,italic,8.0,pai_2cols_20211228_152838_7226693274_600_800.png,/scratch/parceirosbr/bigoilict/share/BigOil/document_generator/datasets/documents_2021_12_28/pai_2cols_20211228_152838_7226693274_600_800.png,pai_2cols_20211228_152838_7226693274_600_800_mask.png,3.56
7,4,14,9,533,501,547,510,533,501,547,501,547,510,533,510,text,table_text,table_0,arial,italic,8.0,pai_2cols_20211228_152838_7226693274_600_800.png,/scratch/parceirosbr/bigoilict/share/BigOil/document_generator/datasets/documents_2021_12_28/pai_2cols_20211228_152838_7226693274_600_800.png,pai_2cols_20211228_152838_7226693274_600_800_mask.png,3.27
7,4,14,9,533,501,547,510,533,501,547,501,547,510,533,510,sub_line_text,table_text,table_0,arial,italic,8.0,pai_2cols_20211228_152838_7226693274_600_800.png,/scratch/parceirosbr/bigoilict/share/BigOil/document_generator/datasets/documents_2021_12_28/pai_2cols_20211228_152838_7226693274_600_800.png,pai_2cols_20211228_152838_7226693274_600_800_mask.png,3.27
7,4,14,9,533,514,547,523,533,514,547,514,547,523,533,523,text,table_text,table_0,arial,italic,8.0,pai_2cols_20211228_152838_7226693274_600_800.png,/scratch/parceirosbr/bigoilict/share/BigOil/document_generator/datasets/documents_2021_12_28/pai_2cols_20211228_152838_7226693274_600_800.png,pai_2cols_20211228_152838_7226693274_600_800_mask.png,8.42
7,4,14,9,533,514,547,523,533,514,547,514,547,523,533,523,sub_line_text,table_text,table_0,arial,italic,8.0,pai_2cols_20211228_152838_7226693274_600_800.png,/scratch/parceirosbr/bigoilict/share/BigOil/document_generator/datasets/documents_2021_12_28/pai_2cols_20211228_152838_7226693274_600_800.png,pai_2cols_20211228_152838_7226693274_600_800_mask.png,8.42
98,5,196,10,356,546,552,556,356,546,552,546,552,556,356,556,sub_line_text,text,text_2,raleway,regular,8,pai_2cols_20211228_152838_7226693274_600_800.png,/scratch/parceirosbr/bigoilict/share/BigOil/document_generator/datasets/documents_2021_12_28/pai_2cols_20211228_152838_7226693274_600_800.png,pai_2cols_20211228_152838_7226693274_600_800_mask.png,"Para  isso,  a  manutenção  produtiva  total  utiliza  os"
112,5,225,10,326,559,551,569,326,559,551,559,551,569,326,569,sub_line_text,text,text_2,raleway,regular,8,pai_2cols_20211228_152838_7226693274_600_800.png,/scratch/parceirosbr/bigoilict/share/BigOil/document_generator/datasets/documents_2021_12_28/pai_2cols_20211228_152838_7226693274_600_800.png,pai_2cols_20211228_152838_7226693274_600_800_mask.png,princípios  apresentados  na  6  para ser implementada. Para
113,5,226,10,326,572,552,582,326,572,552,572,552,582,326,582,sub_line_text,text,text_2,raleway,regular,8,pai_2cols_20211228_152838_7226693274_600_800.png,/scratch/parceirosbr/bigoilict/share/BigOil/document_generator/datasets/documents_2021_12_28/pai_2cols_20211228_152838_7226693274_600_800.png,pai_2cols_20211228_152838_7226693274_600_800_mask.png,controle  negativo  e  correção  da  linha  de base foram usa-
113,5,226,10,326,585,552,595,326,585,552,585,552,595,326,595,sub_line_text,text,text_2,raleway,regular,8,pai_2cols_20211228_152838_7226693274_600_800.png,/scratch/parceirosbr/bigoilict/share/BigOil/document_generator/datasets/documents_2021_12_28/pai_2cols_20211228_152838_7226693274_600_800.png,pai_2cols_20211228_152838_7226693274_600_800_mask.png,dos  250  L  de  solução  de  e  10  L  de metanol. A considera
113,5,226,10,326,598,552,608,326,598,552,598,552,608,326,608,sub_line_text,text,text_2,raleway,regular,8,pai_2cols_20211228_152838_7226693274_600_800.png,/scratch/parceirosbr/bigoilict/share/BigOil/document_generator/datasets/documents_2021_12_28/pai_2cols_20211228_152838_7226693274_600_800.png,pai_2cols_20211228_152838_7226693274_600_800_mask.png,"mais  adequada,  para  um modelo de mercado aberto, acon-"
113,5,226,10,326,611,552,621,326,611,552,611,552,621,326,621,sub_line_text,text,text_2,raleway,regular,8,pai_2cols_20211228_152838_7226693274_600_800.png,/scratch/parceirosbr/bigoilict/share/BigOil/document_generator/datasets/documents_2021_12_28/pai_2cols_20211228_152838_7226693274_600_800.png,pai_2cols_20211228_152838_7226693274_600_800_mask.png,tratação  de  capacidade  entre  pontos/zonas  de  recepção
112,5,225,10,326,624,551,634,326,624,551,624,551,634,326,634,sub_line_text,text,text_2,raleway,regular,8,pai_2cols_20211228_152838_7226693274_600_800.png,/scratch/parceirosbr/bigoilict/share/BigOil/document_generator/datasets/documents_2021_12_28/pai_2cols_20211228_152838_7226693274_600_800.png,pai_2cols_20211228_152838_7226693274_600_800_mask.png,"e  entrega,  segundo  a  racionalidade econômica. Este mét-"
108,5,216,10,326,637,542,647,326,637,542,637,542,647,326,647,sub_line_text,text,text_2,raleway,regular,8,pai_2cols_20211228_152838_7226693274_600_800.png,/scratch/parceirosbr/bigoilict/share/BigOil/document_generator/datasets/documents_2021_12_28/pai_2cols_20211228_152838_7226693274_600_800.png,pai_2cols_20211228_152838_7226693274_600_800_mask.png,"odo, que inclui etapas de nucleação, precipitação e cresc."
113,50,226,101,326,546,552,647,326,546,552,546,552,647,326,647,text,text,text_2,raleway,regular,8,pai_2cols_20211228_152838_7226693274_600_800.png,/scratch/parceirosbr/bigoilict/share/BigOil/document_generator/datasets/documents_2021_12_28/pai_2cols_20211228_152838_7226693274_600_800.png,pai_2cols_20211228_152838_7226693274_600_800_mask.png,nan
98,5,196,10,356,650,552,660,356,650,552,650,552,660,356,660,sub_line_text,text,text_3,raleway,regular,8,pai_2cols_20211228_152838_7226693274_600_800.png,/scratch/parceirosbr/bigoilict/share/BigOil/document_generator/datasets/documents_2021_12_28/pai_2cols_20211228_152838_7226693274_600_800.png,pai_2cols_20211228_152838_7226693274_600_800_mask.png,Uma  opção  seria  o biodiesel ser comercializado di-
113,5,226,10,326,663,552,673,326,663,552,663,552,673,326,673,sub_line_text,text,text_3,raleway,regular,8,pai_2cols_20211228_152838_7226693274_600_800.png,/scratch/parceirosbr/bigoilict/share/BigOil/document_generator/datasets/documents_2021_12_28/pai_2cols_20211228_152838_7226693274_600_800.png,pai_2cols_20211228_152838_7226693274_600_800_mask.png,"retamente  dos  produtores,  assim como acontece com o á-"
113,5,226,10,326,676,552,686,326,676,552,676,552,686,326,686,sub_line_text,text,text_3,raleway,regular,8,pai_2cols_20211228_152838_7226693274_600_800.png,/scratch/parceirosbr/bigoilict/share/BigOil/document_generator/datasets/documents_2021_12_28/pai_2cols_20211228_152838_7226693274_600_800.png,pai_2cols_20211228_152838_7226693274_600_800_mask.png,lcool  anidro.  Uma  análise  adicional  sobre  o  modelo de n-
113,5,226,10,326,689,552,699,326,689,552,689,552,699,326,699,sub_line_text,text,text_3,raleway,regular,8,pai_2cols_20211228_152838_7226693274_600_800.png,/scratch/parceirosbr/bigoilict/share/BigOil/document_generator/datasets/documents_2021_12_28/pai_2cols_20211228_152838_7226693274_600_800.png,pai_2cols_20211228_152838_7226693274_600_800_mask.png,"ucleação  é  feita  no  anexo.  Segundo [Srivastava and 1988],"
109,5,218,10,326,702,544,712,326,702,544,702,544,712,326,712,sub_line_text,text,text_3,raleway,regular,8,pai_2cols_20211228_152838_7226693274_600_800.png,/scratch/parceirosbr/bigoilict/share/BigOil/document_generator/datasets/documents_2021_12_28/pai_2cols_20211228_152838_7226693274_600_800.png,pai_2cols_20211228_152838_7226693274_600_800_mask.png,nessas áreas de aplicação analisar a continuidade espacial.
113,31,226,62,326,650,552,712,326,650,552,650,552,712,326,712,text,text,text_3,raleway,regular,8,pai_2cols_20211228_152838_7226693274_600_800.png,/scratch/parceirosbr/bigoilict/share/BigOil/document_generator/datasets/documents_2021_12_28/pai_2cols_20211228_152838_7226693274_600_800.png,pai_2cols_20211228_152838_7226693274_600_800_mask.png,nan
96,5,192,10,356,715,548,725,356,715,548,715,548,725,356,725,sub_line_text,text,text_4,raleway,regular,8,pai_2cols_20211228_152838_7226693274_600_800.png,/scratch/parceirosbr/bigoilict/share/BigOil/document_generator/datasets/documents_2021_12_28/pai_2cols_20211228_152838_7226693274_600_800.png,pai_2cols_20211228_152838_7226693274_600_800_mask.png,As diversas matérias-primas para a produção de bi-.
96,5,192,10,356,715,548,725,356,715,548,715,548,725,356,725,text,text,text_4,raleway,regular,8,pai_2cols_20211228_152838_7226693274_600_800.png,/scratch/parceirosbr/bigoilict/share/BigOil/document_generator/datasets/documents_2021_12_28/pai_2cols_20211228_152838_7226693274_600_800.png,pai_2cols_20211228_152838_7226693274_600_800_mask.png,nan
