center_x,center_y,width,height,xmin,ymin,xmax,ymax,top_left_x,top_left_y,top_right_x,top_right_y,bottom_right_x,bottom_right_y,bottom_left_x,bottom_left_y,label,grouplabel,group,text_font,text_style,size_font,filename,path,filename_mask,content
300,400,600,800,0,0,600,800,0,0,600,0,600,800,0,800,document,,,,,,pai_1col_20211228_152755_3737438812_600_800.png,/scratch/parceirosbr/bigoilict/share/BigOil/document_generator/datasets/documents_2021_12_28/pai_1col_20211228_152755_3737438812_600_800.png,pai_1col_20211228_152755_3737438812_600_800_mask.png,
28,3,56,7,50,42,106,49,50,42,106,42,106,49,50,49,sub_line_text,header,header_1,courier,regular,7,pai_1col_20211228_152755_3737438812_600_800.png,/scratch/parceirosbr/bigoilict/share/BigOil/document_generator/datasets/documents_2021_12_28/pai_1col_20211228_152755_3737438812_600_800.png,pai_1col_20211228_152755_3737438812_600_800_mask.png,Referências p.
28,3,56,7,50,42,106,49,50,42,106,42,106,49,50,49,text,header,header_1,courier,regular,7,pai_1col_20211228_152755_3737438812_600_800.png,/scratch/parceirosbr/bigoilict/share/BigOil/document_generator/datasets/documents_2021_12_28/pai_1col_20211228_152755_3737438812_600_800.png,pai_1col_20211228_152755_3737438812_600_800_mask.png,nan
251,1,503,2,50,48,553,50,50,48,553,48,553,50,50,50,line,line,line,,,,pai_1col_20211228_152755_3737438812_600_800.png,/scratch/parceirosbr/bigoilict/share/BigOil/document_generator/datasets/documents_2021_12_28/pai_1col_20211228_152755_3737438812_600_800.png,pai_1col_20211228_152755_3737438812_600_800_mask.png,nan
24,3,48,7,442,76,490,83,442,76,490,76,490,83,442,83,sub_line_text,equation,equation_0,courier,bold,6,pai_1col_20211228_152755_3737438812_600_800.png,/scratch/parceirosbr/bigoilict/share/BigOil/document_generator/datasets/documents_2021_12_28/pai_1col_20211228_152755_3737438812_600_800.png,pai_1col_20211228_152755_3737438812_600_800_mask.png,Equação (56)
199,23,399,46,91,57,490,103,91,57,490,57,490,103,91,103,equation,equation,equation_0,,,,pai_1col_20211228_152755_3737438812_600_800.png,/scratch/parceirosbr/bigoilict/share/BigOil/document_generator/datasets/documents_2021_12_28/pai_1col_20211228_152755_3737438812_600_800.png,pai_1col_20211228_152755_3737438812_600_800_mask.png,
243,84,487,169,57,108,544,277,57,108,544,108,544,277,57,277,table,table_image,table_0,,,,pai_1col_20211228_152755_3737438812_600_800.png,/scratch/parceirosbr/bigoilict/share/BigOil/document_generator/datasets/documents_2021_12_28/pai_1col_20211228_152755_3737438812_600_800.png,pai_1col_20211228_152755_3737438812_600_800_mask.png,output/gen_tab_20211228_152756_4330966697.png
17,4,35,8,79,110,114,118,79,110,114,110,114,118,79,118,text,table_text,table_0,times,regular,7.0,pai_1col_20211228_152755_3737438812_600_800.png,/scratch/parceirosbr/bigoilict/share/BigOil/document_generator/datasets/documents_2021_12_28/pai_1col_20211228_152755_3737438812_600_800.png,pai_1col_20211228_152755_3737438812_600_800_mask.png,provocando
17,4,35,8,79,110,114,118,79,110,114,110,114,118,79,118,sub_line_text,table_text,table_0,times,regular,7.0,pai_1col_20211228_152755_3737438812_600_800.png,/scratch/parceirosbr/bigoilict/share/BigOil/document_generator/datasets/documents_2021_12_28/pai_1col_20211228_152755_3737438812_600_800.png,pai_1col_20211228_152755_3737438812_600_800_mask.png,provocando
14,4,29,8,86,130,115,138,86,130,115,130,115,138,86,138,text,table_text,table_0,times,bold,7.0,pai_1col_20211228_152755_3737438812_600_800.png,/scratch/parceirosbr/bigoilict/share/BigOil/document_generator/datasets/documents_2021_12_28/pai_1col_20211228_152755_3737438812_600_800.png,pai_1col_20211228_152755_3737438812_600_800_mask.png,31002.09
14,4,29,8,86,130,115,138,86,130,115,130,115,138,86,138,sub_line_text,table_text,table_0,times,bold,7.0,pai_1col_20211228_152755_3737438812_600_800.png,/scratch/parceirosbr/bigoilict/share/BigOil/document_generator/datasets/documents_2021_12_28/pai_1col_20211228_152755_3737438812_600_800.png,pai_1col_20211228_152755_3737438812_600_800_mask.png,31002.09
14,4,29,8,86,141,115,149,86,141,115,141,115,149,86,149,text,table_text,table_0,times,bold,7.0,pai_1col_20211228_152755_3737438812_600_800.png,/scratch/parceirosbr/bigoilict/share/BigOil/document_generator/datasets/documents_2021_12_28/pai_1col_20211228_152755_3737438812_600_800.png,pai_1col_20211228_152755_3737438812_600_800_mask.png,82970.02
14,4,29,8,86,141,115,149,86,141,115,141,115,149,86,149,sub_line_text,table_text,table_0,times,bold,7.0,pai_1col_20211228_152755_3737438812_600_800.png,/scratch/parceirosbr/bigoilict/share/BigOil/document_generator/datasets/documents_2021_12_28/pai_1col_20211228_152755_3737438812_600_800.png,pai_1col_20211228_152755_3737438812_600_800_mask.png,82970.02
10,4,21,8,93,153,114,161,93,153,114,153,114,161,93,161,text,table_text,table_0,times,bold,7.0,pai_1col_20211228_152755_3737438812_600_800.png,/scratch/parceirosbr/bigoilict/share/BigOil/document_generator/datasets/documents_2021_12_28/pai_1col_20211228_152755_3737438812_600_800.png,pai_1col_20211228_152755_3737438812_600_800_mask.png,968.16
10,4,21,8,93,153,114,161,93,153,114,153,114,161,93,161,sub_line_text,table_text,table_0,times,bold,7.0,pai_1col_20211228_152755_3737438812_600_800.png,/scratch/parceirosbr/bigoilict/share/BigOil/document_generator/datasets/documents_2021_12_28/pai_1col_20211228_152755_3737438812_600_800.png,pai_1col_20211228_152755_3737438812_600_800_mask.png,968.16
14,4,29,8,86,165,115,173,86,165,115,165,115,173,86,173,text,table_text,table_0,times,bold,7.0,pai_1col_20211228_152755_3737438812_600_800.png,/scratch/parceirosbr/bigoilict/share/BigOil/document_generator/datasets/documents_2021_12_28/pai_1col_20211228_152755_3737438812_600_800.png,pai_1col_20211228_152755_3737438812_600_800_mask.png,78157.77
14,4,29,8,86,165,115,173,86,165,115,165,115,173,86,173,sub_line_text,table_text,table_0,times,bold,7.0,pai_1col_20211228_152755_3737438812_600_800.png,/scratch/parceirosbr/bigoilict/share/BigOil/document_generator/datasets/documents_2021_12_28/pai_1col_20211228_152755_3737438812_600_800.png,pai_1col_20211228_152755_3737438812_600_800_mask.png,78157.77
14,4,29,8,86,176,115,184,86,176,115,176,115,184,86,184,text,table_text,table_0,times,bold,7.0,pai_1col_20211228_152755_3737438812_600_800.png,/scratch/parceirosbr/bigoilict/share/BigOil/document_generator/datasets/documents_2021_12_28/pai_1col_20211228_152755_3737438812_600_800.png,pai_1col_20211228_152755_3737438812_600_800_mask.png,43144.45
14,4,29,8,86,176,115,184,86,176,115,176,115,184,86,184,sub_line_text,table_text,table_0,times,bold,7.0,pai_1col_20211228_152755_3737438812_600_800.png,/scratch/parceirosbr/bigoilict/share/BigOil/document_generator/datasets/documents_2021_12_28/pai_1col_20211228_152755_3737438812_600_800.png,pai_1col_20211228_152755_3737438812_600_800_mask.png,43144.45
14,4,29,8,86,188,115,196,86,188,115,188,115,196,86,196,text,table_text,table_0,times,bold,7.0,pai_1col_20211228_152755_3737438812_600_800.png,/scratch/parceirosbr/bigoilict/share/BigOil/document_generator/datasets/documents_2021_12_28/pai_1col_20211228_152755_3737438812_600_800.png,pai_1col_20211228_152755_3737438812_600_800_mask.png,22563.86
14,4,29,8,86,188,115,196,86,188,115,188,115,196,86,196,sub_line_text,table_text,table_0,times,bold,7.0,pai_1col_20211228_152755_3737438812_600_800.png,/scratch/parceirosbr/bigoilict/share/BigOil/document_generator/datasets/documents_2021_12_28/pai_1col_20211228_152755_3737438812_600_800.png,pai_1col_20211228_152755_3737438812_600_800_mask.png,22563.86
10,4,21,8,93,200,114,208,93,200,114,200,114,208,93,208,text,table_text,table_0,times,bold,7.0,pai_1col_20211228_152755_3737438812_600_800.png,/scratch/parceirosbr/bigoilict/share/BigOil/document_generator/datasets/documents_2021_12_28/pai_1col_20211228_152755_3737438812_600_800.png,pai_1col_20211228_152755_3737438812_600_800_mask.png,229.95
10,4,21,8,93,200,114,208,93,200,114,200,114,208,93,208,sub_line_text,table_text,table_0,times,bold,7.0,pai_1col_20211228_152755_3737438812_600_800.png,/scratch/parceirosbr/bigoilict/share/BigOil/document_generator/datasets/documents_2021_12_28/pai_1col_20211228_152755_3737438812_600_800.png,pai_1col_20211228_152755_3737438812_600_800_mask.png,229.95
14,4,29,8,86,211,115,219,86,211,115,211,115,219,86,219,text,table_text,table_0,times,bold,7.0,pai_1col_20211228_152755_3737438812_600_800.png,/scratch/parceirosbr/bigoilict/share/BigOil/document_generator/datasets/documents_2021_12_28/pai_1col_20211228_152755_3737438812_600_800.png,pai_1col_20211228_152755_3737438812_600_800_mask.png,86205.83
14,4,29,8,86,211,115,219,86,211,115,211,115,219,86,219,sub_line_text,table_text,table_0,times,bold,7.0,pai_1col_20211228_152755_3737438812_600_800.png,/scratch/parceirosbr/bigoilict/share/BigOil/document_generator/datasets/documents_2021_12_28/pai_1col_20211228_152755_3737438812_600_800.png,pai_1col_20211228_152755_3737438812_600_800_mask.png,86205.83
14,4,29,8,86,223,115,231,86,223,115,223,115,231,86,231,text,table_text,table_0,times,bold,7.0,pai_1col_20211228_152755_3737438812_600_800.png,/scratch/parceirosbr/bigoilict/share/BigOil/document_generator/datasets/documents_2021_12_28/pai_1col_20211228_152755_3737438812_600_800.png,pai_1col_20211228_152755_3737438812_600_800_mask.png,53205.14
14,4,29,8,86,223,115,231,86,223,115,223,115,231,86,231,sub_line_text,table_text,table_0,times,bold,7.0,pai_1col_20211228_152755_3737438812_600_800.png,/scratch/parceirosbr/bigoilict/share/BigOil/document_generator/datasets/documents_2021_12_28/pai_1col_20211228_152755_3737438812_600_800.png,pai_1col_20211228_152755_3737438812_600_800_mask.png,53205.14
14,4,29,8,86,235,115,243,86,235,115,235,115,243,86,243,text,table_text,table_0,times,bold,7.0,pai_1col_20211228_152755_3737438812_600_800.png,/scratch/parceirosbr/bigoilict/share/BigOil/document_generator/datasets/documents_2021_12_28/pai_1col_20211228_152755_3737438812_600_800.png,pai_1col_20211228_152755_3737438812_600_800_mask.png,34920.82
14,4,29,8,86,235,115,243,86,235,115,235,115,243,86,243,sub_line_text,table_text,table_0,times,bold,7.0,pai_1col_20211228_152755_3737438812_600_800.png,/scratch/parceirosbr/bigoilict/share/BigOil/document_generator/datasets/documents_2021_12_28/pai_1col_20211228_152755_3737438812_600_800.png,pai_1col_20211228_152755_3737438812_600_800_mask.png,34920.82
14,4,29,8,86,246,115,254,86,246,115,246,115,254,86,254,text,table_text,table_0,times,bold,7.0,pai_1col_20211228_152755_3737438812_600_800.png,/scratch/parceirosbr/bigoilict/share/BigOil/document_generator/datasets/documents_2021_12_28/pai_1col_20211228_152755_3737438812_600_800.png,pai_1col_20211228_152755_3737438812_600_800_mask.png,78791.04
14,4,29,8,86,246,115,254,86,246,115,246,115,254,86,254,sub_line_text,table_text,table_0,times,bold,7.0,pai_1col_20211228_152755_3737438812_600_800.png,/scratch/parceirosbr/bigoilict/share/BigOil/document_generator/datasets/documents_2021_12_28/pai_1col_20211228_152755_3737438812_600_800.png,pai_1col_20211228_152755_3737438812_600_800_mask.png,78791.04
12,4,25,8,511,258,536,266,511,258,536,258,536,266,511,266,text,table_text,table_0,times,bold,7.0,pai_1col_20211228_152755_3737438812_600_800.png,/scratch/parceirosbr/bigoilict/share/BigOil/document_generator/datasets/documents_2021_12_28/pai_1col_20211228_152755_3737438812_600_800.png,pai_1col_20211228_152755_3737438812_600_800_mask.png,5368.72
12,4,25,8,511,258,536,266,511,258,536,258,536,266,511,266,sub_line_text,table_text,table_0,times,bold,7.0,pai_1col_20211228_152755_3737438812_600_800.png,/scratch/parceirosbr/bigoilict/share/BigOil/document_generator/datasets/documents_2021_12_28/pai_1col_20211228_152755_3737438812_600_800.png,pai_1col_20211228_152755_3737438812_600_800_mask.png,5368.72
17,4,34,8,154,110,188,118,154,110,188,110,188,118,154,118,text,table_text,table_0,times,regular,7.0,pai_1col_20211228_152755_3737438812_600_800.png,/scratch/parceirosbr/bigoilict/share/BigOil/document_generator/datasets/documents_2021_12_28/pai_1col_20211228_152755_3737438812_600_800.png,pai_1col_20211228_152755_3737438812_600_800_mask.png,dificultando
17,4,34,8,154,110,188,118,154,110,188,110,188,118,154,118,sub_line_text,table_text,table_0,times,regular,7.0,pai_1col_20211228_152755_3737438812_600_800.png,/scratch/parceirosbr/bigoilict/share/BigOil/document_generator/datasets/documents_2021_12_28/pai_1col_20211228_152755_3737438812_600_800.png,pai_1col_20211228_152755_3737438812_600_800_mask.png,dificultando
12,4,25,8,141,130,166,138,141,130,166,130,166,138,141,138,text,table_text,table_0,times,bold,7.0,pai_1col_20211228_152755_3737438812_600_800.png,/scratch/parceirosbr/bigoilict/share/BigOil/document_generator/datasets/documents_2021_12_28/pai_1col_20211228_152755_3737438812_600_800.png,pai_1col_20211228_152755_3737438812_600_800_mask.png,medidas
12,4,25,8,141,130,166,138,141,130,166,130,166,138,141,138,sub_line_text,table_text,table_0,times,bold,7.0,pai_1col_20211228_152755_3737438812_600_800.png,/scratch/parceirosbr/bigoilict/share/BigOil/document_generator/datasets/documents_2021_12_28/pai_1col_20211228_152755_3737438812_600_800.png,pai_1col_20211228_152755_3737438812_600_800_mask.png,medidas
16,4,33,8,136,141,169,149,136,141,169,141,169,149,136,149,text,table_text,table_0,times,bold,7.0,pai_1col_20211228_152755_3737438812_600_800.png,/scratch/parceirosbr/bigoilict/share/BigOil/document_generator/datasets/documents_2021_12_28/pai_1col_20211228_152755_3737438812_600_800.png,pai_1col_20211228_152755_3737438812_600_800_mask.png,catalisador
16,4,33,8,136,141,169,149,136,141,169,141,169,149,136,149,sub_line_text,table_text,table_0,times,bold,7.0,pai_1col_20211228_152755_3737438812_600_800.png,/scratch/parceirosbr/bigoilict/share/BigOil/document_generator/datasets/documents_2021_12_28/pai_1col_20211228_152755_3737438812_600_800.png,pai_1col_20211228_152755_3737438812_600_800_mask.png,catalisador
9,4,19,8,144,153,163,161,144,153,163,153,163,161,144,161,text,table_text,table_0,times,bold,7.0,pai_1col_20211228_152755_3737438812_600_800.png,/scratch/parceirosbr/bigoilict/share/BigOil/document_generator/datasets/documents_2021_12_28/pai_1col_20211228_152755_3737438812_600_800.png,pai_1col_20211228_152755_3737438812_600_800_mask.png,dessas
9,4,19,8,144,153,163,161,144,153,163,153,163,161,144,161,sub_line_text,table_text,table_0,times,bold,7.0,pai_1col_20211228_152755_3737438812_600_800.png,/scratch/parceirosbr/bigoilict/share/BigOil/document_generator/datasets/documents_2021_12_28/pai_1col_20211228_152755_3737438812_600_800.png,pai_1col_20211228_152755_3737438812_600_800_mask.png,dessas
13,4,27,8,140,165,167,173,140,165,167,165,167,173,140,173,text,table_text,table_0,times,bold,7.0,pai_1col_20211228_152755_3737438812_600_800.png,/scratch/parceirosbr/bigoilict/share/BigOil/document_generator/datasets/documents_2021_12_28/pai_1col_20211228_152755_3737438812_600_800.png,pai_1col_20211228_152755_3737438812_600_800_mask.png,completa
13,4,27,8,140,165,167,173,140,165,167,165,167,173,140,173,sub_line_text,table_text,table_0,times,bold,7.0,pai_1col_20211228_152755_3737438812_600_800.png,/scratch/parceirosbr/bigoilict/share/BigOil/document_generator/datasets/documents_2021_12_28/pai_1col_20211228_152755_3737438812_600_800.png,pai_1col_20211228_152755_3737438812_600_800_mask.png,completa
16,4,32,8,138,176,170,184,138,176,170,176,170,184,138,184,text,table_text,table_0,times,bold,7.0,pai_1col_20211228_152755_3737438812_600_800.png,/scratch/parceirosbr/bigoilict/share/BigOil/document_generator/datasets/documents_2021_12_28/pai_1col_20211228_152755_3737438812_600_800.png,pai_1col_20211228_152755_3737438812_600_800_mask.png,adiamento
16,4,32,8,138,176,170,184,138,176,170,176,170,184,138,184,sub_line_text,table_text,table_0,times,bold,7.0,pai_1col_20211228_152755_3737438812_600_800.png,/scratch/parceirosbr/bigoilict/share/BigOil/document_generator/datasets/documents_2021_12_28/pai_1col_20211228_152755_3737438812_600_800.png,pai_1col_20211228_152755_3737438812_600_800_mask.png,adiamento
15,4,31,8,138,188,169,196,138,188,169,188,169,196,138,196,text,table_text,table_0,times,bold,7.0,pai_1col_20211228_152755_3737438812_600_800.png,/scratch/parceirosbr/bigoilict/share/BigOil/document_generator/datasets/documents_2021_12_28/pai_1col_20211228_152755_3737438812_600_800.png,pai_1col_20211228_152755_3737438812_600_800_mask.png,floculação
15,4,31,8,138,188,169,196,138,188,169,188,169,196,138,196,sub_line_text,table_text,table_0,times,bold,7.0,pai_1col_20211228_152755_3737438812_600_800.png,/scratch/parceirosbr/bigoilict/share/BigOil/document_generator/datasets/documents_2021_12_28/pai_1col_20211228_152755_3737438812_600_800.png,pai_1col_20211228_152755_3737438812_600_800_mask.png,floculação
15,4,30,8,138,200,168,208,138,200,168,200,168,208,138,208,text,table_text,table_0,times,bold,7.0,pai_1col_20211228_152755_3737438812_600_800.png,/scratch/parceirosbr/bigoilict/share/BigOil/document_generator/datasets/documents_2021_12_28/pai_1col_20211228_152755_3737438812_600_800.png,pai_1col_20211228_152755_3737438812_600_800_mask.png,incentivos
15,4,30,8,138,200,168,208,138,200,168,200,168,208,138,208,sub_line_text,table_text,table_0,times,bold,7.0,pai_1col_20211228_152755_3737438812_600_800.png,/scratch/parceirosbr/bigoilict/share/BigOil/document_generator/datasets/documents_2021_12_28/pai_1col_20211228_152755_3737438812_600_800.png,pai_1col_20211228_152755_3737438812_600_800_mask.png,incentivos
16,4,33,8,136,211,169,219,136,211,169,211,169,219,136,219,text,table_text,table_0,times,bold,7.0,pai_1col_20211228_152755_3737438812_600_800.png,/scratch/parceirosbr/bigoilict/share/BigOil/document_generator/datasets/documents_2021_12_28/pai_1col_20211228_152755_3737438812_600_800.png,pai_1col_20211228_152755_3737438812_600_800_mask.png,diminuição
16,4,33,8,136,211,169,219,136,211,169,211,169,219,136,219,sub_line_text,table_text,table_0,times,bold,7.0,pai_1col_20211228_152755_3737438812_600_800.png,/scratch/parceirosbr/bigoilict/share/BigOil/document_generator/datasets/documents_2021_12_28/pai_1col_20211228_152755_3737438812_600_800.png,pai_1col_20211228_152755_3737438812_600_800_mask.png,diminuição
19,4,38,8,134,223,172,231,134,223,172,223,172,231,134,231,text,table_text,table_0,times,bold,7.0,pai_1col_20211228_152755_3737438812_600_800.png,/scratch/parceirosbr/bigoilict/share/BigOil/document_generator/datasets/documents_2021_12_28/pai_1col_20211228_152755_3737438812_600_800.png,pai_1col_20211228_152755_3737438812_600_800_mask.png,inadequação
19,4,38,8,134,223,172,231,134,223,172,223,172,231,134,231,sub_line_text,table_text,table_0,times,bold,7.0,pai_1col_20211228_152755_3737438812_600_800.png,/scratch/parceirosbr/bigoilict/share/BigOil/document_generator/datasets/documents_2021_12_28/pai_1col_20211228_152755_3737438812_600_800.png,pai_1col_20211228_152755_3737438812_600_800_mask.png,inadequação
8,4,16,8,146,235,162,243,146,235,162,235,162,243,146,243,text,table_text,table_0,times,bold,7.0,pai_1col_20211228_152755_3737438812_600_800.png,/scratch/parceirosbr/bigoilict/share/BigOil/document_generator/datasets/documents_2021_12_28/pai_1col_20211228_152755_3737438812_600_800.png,pai_1col_20211228_152755_3737438812_600_800_mask.png,sobre
8,4,16,8,146,235,162,243,146,235,162,235,162,243,146,243,sub_line_text,table_text,table_0,times,bold,7.0,pai_1col_20211228_152755_3737438812_600_800.png,/scratch/parceirosbr/bigoilict/share/BigOil/document_generator/datasets/documents_2021_12_28/pai_1col_20211228_152755_3737438812_600_800.png,pai_1col_20211228_152755_3737438812_600_800_mask.png,sobre
12,4,24,8,142,246,166,254,142,246,166,246,166,254,142,254,text,table_text,table_0,times,bold,7.0,pai_1col_20211228_152755_3737438812_600_800.png,/scratch/parceirosbr/bigoilict/share/BigOil/document_generator/datasets/documents_2021_12_28/pai_1col_20211228_152755_3737438812_600_800.png,pai_1col_20211228_152755_3737438812_600_800_mask.png,partirde
12,4,24,8,142,246,166,254,142,246,166,246,166,254,142,254,sub_line_text,table_text,table_0,times,bold,7.0,pai_1col_20211228_152755_3737438812_600_800.png,/scratch/parceirosbr/bigoilict/share/BigOil/document_generator/datasets/documents_2021_12_28/pai_1col_20211228_152755_3737438812_600_800.png,pai_1col_20211228_152755_3737438812_600_800_mask.png,partirde
4,4,8,8,203,130,211,138,203,130,211,130,211,138,203,138,text,table_text,table_0,times,bold,7.0,pai_1col_20211228_152755_3737438812_600_800.png,/scratch/parceirosbr/bigoilict/share/BigOil/document_generator/datasets/documents_2021_12_28/pai_1col_20211228_152755_3737438812_600_800.png,pai_1col_20211228_152755_3737438812_600_800_mask.png,ser
4,4,8,8,203,130,211,138,203,130,211,130,211,138,203,138,sub_line_text,table_text,table_0,times,bold,7.0,pai_1col_20211228_152755_3737438812_600_800.png,/scratch/parceirosbr/bigoilict/share/BigOil/document_generator/datasets/documents_2021_12_28/pai_1col_20211228_152755_3737438812_600_800.png,pai_1col_20211228_152755_3737438812_600_800_mask.png,ser
12,4,25,8,194,141,219,149,194,141,219,141,219,149,194,149,text,table_text,table_0,times,bold,7.0,pai_1col_20211228_152755_3737438812_600_800.png,/scratch/parceirosbr/bigoilict/share/BigOil/document_generator/datasets/documents_2021_12_28/pai_1col_20211228_152755_3737438812_600_800.png,pai_1col_20211228_152755_3737438812_600_800_mask.png,máxima
12,4,25,8,194,141,219,149,194,141,219,141,219,149,194,149,sub_line_text,table_text,table_0,times,bold,7.0,pai_1col_20211228_152755_3737438812_600_800.png,/scratch/parceirosbr/bigoilict/share/BigOil/document_generator/datasets/documents_2021_12_28/pai_1col_20211228_152755_3737438812_600_800.png,pai_1col_20211228_152755_3737438812_600_800_mask.png,máxima
11,4,23,8,196,153,219,161,196,153,219,153,219,161,196,161,text,table_text,table_0,times,bold,7.0,pai_1col_20211228_152755_3737438812_600_800.png,/scratch/parceirosbr/bigoilict/share/BigOil/document_generator/datasets/documents_2021_12_28/pai_1col_20211228_152755_3737438812_600_800.png,pai_1col_20211228_152755_3737438812_600_800_mask.png,elevada
11,4,23,8,196,153,219,161,196,153,219,153,219,161,196,161,sub_line_text,table_text,table_0,times,bold,7.0,pai_1col_20211228_152755_3737438812_600_800.png,/scratch/parceirosbr/bigoilict/share/BigOil/document_generator/datasets/documents_2021_12_28/pai_1col_20211228_152755_3737438812_600_800.png,pai_1col_20211228_152755_3737438812_600_800_mask.png,elevada
9,4,18,8,198,165,216,173,198,165,216,165,216,173,198,173,text,table_text,table_0,times,bold,7.0,pai_1col_20211228_152755_3737438812_600_800.png,/scratch/parceirosbr/bigoilict/share/BigOil/document_generator/datasets/documents_2021_12_28/pai_1col_20211228_152755_3737438812_600_800.png,pai_1col_20211228_152755_3737438812_600_800_mask.png,forma
9,4,18,8,198,165,216,173,198,165,216,165,216,173,198,173,sub_line_text,table_text,table_0,times,bold,7.0,pai_1col_20211228_152755_3737438812_600_800.png,/scratch/parceirosbr/bigoilict/share/BigOil/document_generator/datasets/documents_2021_12_28/pai_1col_20211228_152755_3737438812_600_800.png,pai_1col_20211228_152755_3737438812_600_800_mask.png,forma
10,4,21,8,196,176,217,184,196,176,217,176,217,184,196,184,text,table_text,table_0,times,bold,7.0,pai_1col_20211228_152755_3737438812_600_800.png,/scratch/parceirosbr/bigoilict/share/BigOil/document_generator/datasets/documents_2021_12_28/pai_1col_20211228_152755_3737438812_600_800.png,pai_1col_20211228_152755_3737438812_600_800_mask.png,demais
10,4,21,8,196,176,217,184,196,176,217,176,217,184,196,184,sub_line_text,table_text,table_0,times,bold,7.0,pai_1col_20211228_152755_3737438812_600_800.png,/scratch/parceirosbr/bigoilict/share/BigOil/document_generator/datasets/documents_2021_12_28/pai_1col_20211228_152755_3737438812_600_800.png,pai_1col_20211228_152755_3737438812_600_800_mask.png,demais
1,4,2,8,206,188,208,196,206,188,208,188,208,196,206,196,text,table_text,table_0,times,bold,7.0,pai_1col_20211228_152755_3737438812_600_800.png,/scratch/parceirosbr/bigoilict/share/BigOil/document_generator/datasets/documents_2021_12_28/pai_1col_20211228_152755_3737438812_600_800.png,pai_1col_20211228_152755_3737438812_600_800_mask.png,e
1,4,2,8,206,188,208,196,206,188,208,188,208,196,206,196,sub_line_text,table_text,table_0,times,bold,7.0,pai_1col_20211228_152755_3737438812_600_800.png,/scratch/parceirosbr/bigoilict/share/BigOil/document_generator/datasets/documents_2021_12_28/pai_1col_20211228_152755_3737438812_600_800.png,pai_1col_20211228_152755_3737438812_600_800_mask.png,e
7,4,14,8,200,200,214,208,200,200,214,200,214,208,200,208,text,table_text,table_0,times,bold,7.0,pai_1col_20211228_152755_3737438812_600_800.png,/scratch/parceirosbr/bigoilict/share/BigOil/document_generator/datasets/documents_2021_12_28/pai_1col_20211228_152755_3737438812_600_800.png,pai_1col_20211228_152755_3737438812_600_800_mask.png,pode
7,4,14,8,200,200,214,208,200,200,214,200,214,208,200,208,sub_line_text,table_text,table_0,times,bold,7.0,pai_1col_20211228_152755_3737438812_600_800.png,/scratch/parceirosbr/bigoilict/share/BigOil/document_generator/datasets/documents_2021_12_28/pai_1col_20211228_152755_3737438812_600_800.png,pai_1col_20211228_152755_3737438812_600_800_mask.png,pode
12,4,25,8,194,211,219,219,194,211,219,211,219,219,194,219,text,table_text,table_0,times,bold,7.0,pai_1col_20211228_152755_3737438812_600_800.png,/scratch/parceirosbr/bigoilict/share/BigOil/document_generator/datasets/documents_2021_12_28/pai_1col_20211228_152755_3737438812_600_800.png,pai_1col_20211228_152755_3737438812_600_800_mask.png,métodos
12,4,25,8,194,211,219,219,194,211,219,211,219,219,194,219,sub_line_text,table_text,table_0,times,bold,7.0,pai_1col_20211228_152755_3737438812_600_800.png,/scratch/parceirosbr/bigoilict/share/BigOil/document_generator/datasets/documents_2021_12_28/pai_1col_20211228_152755_3737438812_600_800.png,pai_1col_20211228_152755_3737438812_600_800_mask.png,métodos
8,4,17,8,198,223,215,231,198,223,215,223,215,231,198,231,text,table_text,table_0,times,bold,7.0,pai_1col_20211228_152755_3737438812_600_800.png,/scratch/parceirosbr/bigoilict/share/BigOil/document_generator/datasets/documents_2021_12_28/pai_1col_20211228_152755_3737438812_600_800.png,pai_1col_20211228_152755_3737438812_600_800_mask.png,óxido
8,4,17,8,198,223,215,231,198,223,215,223,215,231,198,231,sub_line_text,table_text,table_0,times,bold,7.0,pai_1col_20211228_152755_3737438812_600_800.png,/scratch/parceirosbr/bigoilict/share/BigOil/document_generator/datasets/documents_2021_12_28/pai_1col_20211228_152755_3737438812_600_800.png,pai_1col_20211228_152755_3737438812_600_800_mask.png,óxido
11,4,22,8,196,235,218,243,196,235,218,235,218,243,196,243,text,table_text,table_0,times,bold,7.0,pai_1col_20211228_152755_3737438812_600_800.png,/scratch/parceirosbr/bigoilict/share/BigOil/document_generator/datasets/documents_2021_12_28/pai_1col_20211228_152755_3737438812_600_800.png,pai_1col_20211228_152755_3737438812_600_800_mask.png,comum
11,4,22,8,196,235,218,243,196,235,218,235,218,243,196,243,sub_line_text,table_text,table_0,times,bold,7.0,pai_1col_20211228_152755_3737438812_600_800.png,/scratch/parceirosbr/bigoilict/share/BigOil/document_generator/datasets/documents_2021_12_28/pai_1col_20211228_152755_3737438812_600_800.png,pai_1col_20211228_152755_3737438812_600_800_mask.png,comum
7,4,15,8,200,246,215,254,200,246,215,246,215,254,200,254,text,table_text,table_0,times,bold,7.0,pai_1col_20211228_152755_3737438812_600_800.png,/scratch/parceirosbr/bigoilict/share/BigOil/document_generator/datasets/documents_2021_12_28/pai_1col_20211228_152755_3737438812_600_800.png,pai_1col_20211228_152755_3737438812_600_800_mask.png,nesse
7,4,15,8,200,246,215,254,200,246,215,246,215,254,200,254,sub_line_text,table_text,table_0,times,bold,7.0,pai_1col_20211228_152755_3737438812_600_800.png,/scratch/parceirosbr/bigoilict/share/BigOil/document_generator/datasets/documents_2021_12_28/pai_1col_20211228_152755_3737438812_600_800.png,pai_1col_20211228_152755_3737438812_600_800_mask.png,nesse
7,4,15,8,242,110,257,118,242,110,257,110,257,118,242,118,text,table_text,table_0,times,regular,7.0,pai_1col_20211228_152755_3737438812_600_800.png,/scratch/parceirosbr/bigoilict/share/BigOil/document_generator/datasets/documents_2021_12_28/pai_1col_20211228_152755_3737438812_600_800.png,pai_1col_20211228_152755_3737438812_600_800_mask.png,então
7,4,15,8,242,110,257,118,242,110,257,110,257,118,242,118,sub_line_text,table_text,table_0,times,regular,7.0,pai_1col_20211228_152755_3737438812_600_800.png,/scratch/parceirosbr/bigoilict/share/BigOil/document_generator/datasets/documents_2021_12_28/pai_1col_20211228_152755_3737438812_600_800.png,pai_1col_20211228_152755_3737438812_600_800_mask.png,então
18,4,36,8,231,130,267,138,231,130,267,130,267,138,231,138,text,table_text,table_0,times,bold,7.0,pai_1col_20211228_152755_3737438812_600_800.png,/scratch/parceirosbr/bigoilict/share/BigOil/document_generator/datasets/documents_2021_12_28/pai_1col_20211228_152755_3737438812_600_800.png,pai_1col_20211228_152755_3737438812_600_800_mask.png,provocando
18,4,36,8,231,130,267,138,231,130,267,130,267,138,231,138,sub_line_text,table_text,table_0,times,bold,7.0,pai_1col_20211228_152755_3737438812_600_800.png,/scratch/parceirosbr/bigoilict/share/BigOil/document_generator/datasets/documents_2021_12_28/pai_1col_20211228_152755_3737438812_600_800.png,pai_1col_20211228_152755_3737438812_600_800_mask.png,provocando
12,4,25,8,237,141,262,149,237,141,262,141,262,149,237,149,text,table_text,table_0,times,bold,7.0,pai_1col_20211228_152755_3737438812_600_800.png,/scratch/parceirosbr/bigoilict/share/BigOil/document_generator/datasets/documents_2021_12_28/pai_1col_20211228_152755_3737438812_600_800.png,pai_1col_20211228_152755_3737438812_600_800_mask.png,garantir
12,4,25,8,237,141,262,149,237,141,262,141,262,149,237,149,sub_line_text,table_text,table_0,times,bold,7.0,pai_1col_20211228_152755_3737438812_600_800.png,/scratch/parceirosbr/bigoilict/share/BigOil/document_generator/datasets/documents_2021_12_28/pai_1col_20211228_152755_3737438812_600_800.png,pai_1col_20211228_152755_3737438812_600_800_mask.png,garantir
3,4,7,8,246,153,253,161,246,153,253,153,253,161,246,161,text,table_text,table_0,times,bold,7.0,pai_1col_20211228_152755_3737438812_600_800.png,/scratch/parceirosbr/bigoilict/share/BigOil/document_generator/datasets/documents_2021_12_28/pai_1col_20211228_152755_3737438812_600_800.png,pai_1col_20211228_152755_3737438812_600_800_mask.png,na
3,4,7,8,246,153,253,161,246,153,253,153,253,161,246,161,sub_line_text,table_text,table_0,times,bold,7.0,pai_1col_20211228_152755_3737438812_600_800.png,/scratch/parceirosbr/bigoilict/share/BigOil/document_generator/datasets/documents_2021_12_28/pai_1col_20211228_152755_3737438812_600_800.png,pai_1col_20211228_152755_3737438812_600_800_mask.png,na
6,4,12,8,243,165,255,173,243,165,255,165,255,173,243,173,text,table_text,table_0,times,bold,7.0,pai_1col_20211228_152755_3737438812_600_800.png,/scratch/parceirosbr/bigoilict/share/BigOil/document_generator/datasets/documents_2021_12_28/pai_1col_20211228_152755_3737438812_600_800.png,pai_1col_20211228_152755_3737438812_600_800_mask.png,país
6,4,12,8,243,165,255,173,243,165,255,165,255,173,243,173,sub_line_text,table_text,table_0,times,bold,7.0,pai_1col_20211228_152755_3737438812_600_800.png,/scratch/parceirosbr/bigoilict/share/BigOil/document_generator/datasets/documents_2021_12_28/pai_1col_20211228_152755_3737438812_600_800.png,pai_1col_20211228_152755_3737438812_600_800_mask.png,país
10,4,21,8,239,176,260,184,239,176,260,176,260,184,239,184,text,table_text,table_0,times,bold,7.0,pai_1col_20211228_152755_3737438812_600_800.png,/scratch/parceirosbr/bigoilict/share/BigOil/document_generator/datasets/documents_2021_12_28/pai_1col_20211228_152755_3737438812_600_800.png,pai_1col_20211228_152755_3737438812_600_800_mask.png,análise
10,4,21,8,239,176,260,184,239,176,260,176,260,184,239,184,sub_line_text,table_text,table_0,times,bold,7.0,pai_1col_20211228_152755_3737438812_600_800.png,/scratch/parceirosbr/bigoilict/share/BigOil/document_generator/datasets/documents_2021_12_28/pai_1col_20211228_152755_3737438812_600_800.png,pai_1col_20211228_152755_3737438812_600_800_mask.png,análise
11,4,23,8,238,188,261,196,238,188,261,188,261,196,238,196,text,table_text,table_0,times,bold,7.0,pai_1col_20211228_152755_3737438812_600_800.png,/scratch/parceirosbr/bigoilict/share/BigOil/document_generator/datasets/documents_2021_12_28/pai_1col_20211228_152755_3737438812_600_800.png,pai_1col_20211228_152755_3737438812_600_800_mask.png,reunião
11,4,23,8,238,188,261,196,238,188,261,188,261,196,238,196,sub_line_text,table_text,table_0,times,bold,7.0,pai_1col_20211228_152755_3737438812_600_800.png,/scratch/parceirosbr/bigoilict/share/BigOil/document_generator/datasets/documents_2021_12_28/pai_1col_20211228_152755_3737438812_600_800.png,pai_1col_20211228_152755_3737438812_600_800_mask.png,reunião
5,4,10,8,245,200,255,208,245,200,255,200,255,208,245,208,text,table_text,table_0,times,bold,7.0,pai_1col_20211228_152755_3737438812_600_800.png,/scratch/parceirosbr/bigoilict/share/BigOil/document_generator/datasets/documents_2021_12_28/pai_1col_20211228_152755_3737438812_600_800.png,pai_1col_20211228_152755_3737438812_600_800_mask.png,uso
5,4,10,8,245,200,255,208,245,200,255,200,255,208,245,208,sub_line_text,table_text,table_0,times,bold,7.0,pai_1col_20211228_152755_3737438812_600_800.png,/scratch/parceirosbr/bigoilict/share/BigOil/document_generator/datasets/documents_2021_12_28/pai_1col_20211228_152755_3737438812_600_800.png,pai_1col_20211228_152755_3737438812_600_800_mask.png,uso
4,4,8,8,245,211,253,219,245,211,253,211,253,219,245,219,text,table_text,table_0,times,bold,7.0,pai_1col_20211228_152755_3737438812_600_800.png,/scratch/parceirosbr/bigoilict/share/BigOil/document_generator/datasets/documents_2021_12_28/pai_1col_20211228_152755_3737438812_600_800.png,pai_1col_20211228_152755_3737438812_600_800_mask.png,ser
4,4,8,8,245,211,253,219,245,211,253,211,253,219,245,219,sub_line_text,table_text,table_0,times,bold,7.0,pai_1col_20211228_152755_3737438812_600_800.png,/scratch/parceirosbr/bigoilict/share/BigOil/document_generator/datasets/documents_2021_12_28/pai_1col_20211228_152755_3737438812_600_800.png,pai_1col_20211228_152755_3737438812_600_800_mask.png,ser
15,4,31,8,234,223,265,231,234,223,265,223,265,231,234,231,text,table_text,table_0,times,bold,7.0,pai_1col_20211228_152755_3737438812_600_800.png,/scratch/parceirosbr/bigoilict/share/BigOil/document_generator/datasets/documents_2021_12_28/pai_1col_20211228_152755_3737438812_600_800.png,pai_1col_20211228_152755_3737438812_600_800_mask.png,realização
15,4,31,8,234,223,265,231,234,223,265,223,265,231,234,231,sub_line_text,table_text,table_0,times,bold,7.0,pai_1col_20211228_152755_3737438812_600_800.png,/scratch/parceirosbr/bigoilict/share/BigOil/document_generator/datasets/documents_2021_12_28/pai_1col_20211228_152755_3737438812_600_800.png,pai_1col_20211228_152755_3737438812_600_800_mask.png,realização
13,4,27,8,236,235,263,243,236,235,263,235,263,243,236,243,text,table_text,table_0,times,bold,7.0,pai_1col_20211228_152755_3737438812_600_800.png,/scratch/parceirosbr/bigoilict/share/BigOil/document_generator/datasets/documents_2021_12_28/pai_1col_20211228_152755_3737438812_600_800.png,pai_1col_20211228_152755_3737438812_600_800_mask.png,estrutura
13,4,27,8,236,235,263,243,236,235,263,235,263,243,236,243,sub_line_text,table_text,table_0,times,bold,7.0,pai_1col_20211228_152755_3737438812_600_800.png,/scratch/parceirosbr/bigoilict/share/BigOil/document_generator/datasets/documents_2021_12_28/pai_1col_20211228_152755_3737438812_600_800.png,pai_1col_20211228_152755_3737438812_600_800_mask.png,estrutura
5,4,11,8,244,246,255,254,244,246,255,246,255,254,244,254,text,table_text,table_0,times,bold,7.0,pai_1col_20211228_152755_3737438812_600_800.png,/scratch/parceirosbr/bigoilict/share/BigOil/document_generator/datasets/documents_2021_12_28/pai_1col_20211228_152755_3737438812_600_800.png,pai_1col_20211228_152755_3737438812_600_800_mask.png,fase
5,4,11,8,244,246,255,254,244,246,255,246,255,254,244,254,sub_line_text,table_text,table_0,times,bold,7.0,pai_1col_20211228_152755_3737438812_600_800.png,/scratch/parceirosbr/bigoilict/share/BigOil/document_generator/datasets/documents_2021_12_28/pai_1col_20211228_152755_3737438812_600_800.png,pai_1col_20211228_152755_3737438812_600_800_mask.png,fase
10,4,20,8,307,110,327,118,307,110,327,110,327,118,307,118,text,table_text,table_0,times,regular,7.0,pai_1col_20211228_152755_3737438812_600_800.png,/scratch/parceirosbr/bigoilict/share/BigOil/document_generator/datasets/documents_2021_12_28/pai_1col_20211228_152755_3737438812_600_800.png,pai_1col_20211228_152755_3737438812_600_800_mask.png,estreita
10,4,20,8,307,110,327,118,307,110,327,110,327,118,307,118,sub_line_text,table_text,table_0,times,regular,7.0,pai_1col_20211228_152755_3737438812_600_800.png,/scratch/parceirosbr/bigoilict/share/BigOil/document_generator/datasets/documents_2021_12_28/pai_1col_20211228_152755_3737438812_600_800.png,pai_1col_20211228_152755_3737438812_600_800_mask.png,estreita
10,4,21,8,306,130,327,138,306,130,327,130,327,138,306,138,text,table_text,table_0,times,bold,7.0,pai_1col_20211228_152755_3737438812_600_800.png,/scratch/parceirosbr/bigoilict/share/BigOil/document_generator/datasets/documents_2021_12_28/pai_1col_20211228_152755_3737438812_600_800.png,pai_1col_20211228_152755_3737438812_600_800_mask.png,40.727
10,4,21,8,306,130,327,138,306,130,327,130,327,138,306,138,sub_line_text,table_text,table_0,times,bold,7.0,pai_1col_20211228_152755_3737438812_600_800.png,/scratch/parceirosbr/bigoilict/share/BigOil/document_generator/datasets/documents_2021_12_28/pai_1col_20211228_152755_3737438812_600_800.png,pai_1col_20211228_152755_3737438812_600_800_mask.png,40.727
14,4,29,8,298,141,327,149,298,141,327,141,327,149,298,149,text,table_text,table_0,times,bold,7.0,pai_1col_20211228_152755_3737438812_600_800.png,/scratch/parceirosbr/bigoilict/share/BigOil/document_generator/datasets/documents_2021_12_28/pai_1col_20211228_152755_3737438812_600_800.png,pai_1col_20211228_152755_3737438812_600_800_mask.png,8956.194
14,4,29,8,298,141,327,149,298,141,327,141,327,149,298,149,sub_line_text,table_text,table_0,times,bold,7.0,pai_1col_20211228_152755_3737438812_600_800.png,/scratch/parceirosbr/bigoilict/share/BigOil/document_generator/datasets/documents_2021_12_28/pai_1col_20211228_152755_3737438812_600_800.png,pai_1col_20211228_152755_3737438812_600_800_mask.png,8956.194
14,4,29,8,298,153,327,161,298,153,327,153,327,161,298,161,text,table_text,table_0,times,bold,7.0,pai_1col_20211228_152755_3737438812_600_800.png,/scratch/parceirosbr/bigoilict/share/BigOil/document_generator/datasets/documents_2021_12_28/pai_1col_20211228_152755_3737438812_600_800.png,pai_1col_20211228_152755_3737438812_600_800_mask.png,8768.330
14,4,29,8,298,153,327,161,298,153,327,153,327,161,298,161,sub_line_text,table_text,table_0,times,bold,7.0,pai_1col_20211228_152755_3737438812_600_800.png,/scratch/parceirosbr/bigoilict/share/BigOil/document_generator/datasets/documents_2021_12_28/pai_1col_20211228_152755_3737438812_600_800.png,pai_1col_20211228_152755_3737438812_600_800_mask.png,8768.330
10,4,21,8,306,165,327,173,306,165,327,165,327,173,306,173,text,table_text,table_0,times,bold,7.0,pai_1col_20211228_152755_3737438812_600_800.png,/scratch/parceirosbr/bigoilict/share/BigOil/document_generator/datasets/documents_2021_12_28/pai_1col_20211228_152755_3737438812_600_800.png,pai_1col_20211228_152755_3737438812_600_800_mask.png,44.062
10,4,21,8,306,165,327,173,306,165,327,165,327,173,306,173,sub_line_text,table_text,table_0,times,bold,7.0,pai_1col_20211228_152755_3737438812_600_800.png,/scratch/parceirosbr/bigoilict/share/BigOil/document_generator/datasets/documents_2021_12_28/pai_1col_20211228_152755_3737438812_600_800.png,pai_1col_20211228_152755_3737438812_600_800_mask.png,44.062
10,4,21,8,306,176,327,184,306,176,327,176,327,184,306,184,text,table_text,table_0,times,bold,7.0,pai_1col_20211228_152755_3737438812_600_800.png,/scratch/parceirosbr/bigoilict/share/BigOil/document_generator/datasets/documents_2021_12_28/pai_1col_20211228_152755_3737438812_600_800.png,pai_1col_20211228_152755_3737438812_600_800_mask.png,13.480
10,4,21,8,306,176,327,184,306,176,327,176,327,184,306,184,sub_line_text,table_text,table_0,times,bold,7.0,pai_1col_20211228_152755_3737438812_600_800.png,/scratch/parceirosbr/bigoilict/share/BigOil/document_generator/datasets/documents_2021_12_28/pai_1col_20211228_152755_3737438812_600_800.png,pai_1col_20211228_152755_3737438812_600_800_mask.png,13.480
14,4,29,8,298,188,327,196,298,188,327,188,327,196,298,196,text,table_text,table_0,times,bold,7.0,pai_1col_20211228_152755_3737438812_600_800.png,/scratch/parceirosbr/bigoilict/share/BigOil/document_generator/datasets/documents_2021_12_28/pai_1col_20211228_152755_3737438812_600_800.png,pai_1col_20211228_152755_3737438812_600_800_mask.png,6669.565
14,4,29,8,298,188,327,196,298,188,327,188,327,196,298,196,sub_line_text,table_text,table_0,times,bold,7.0,pai_1col_20211228_152755_3737438812_600_800.png,/scratch/parceirosbr/bigoilict/share/BigOil/document_generator/datasets/documents_2021_12_28/pai_1col_20211228_152755_3737438812_600_800.png,pai_1col_20211228_152755_3737438812_600_800_mask.png,6669.565
10,4,21,8,306,200,327,208,306,200,327,200,327,208,306,208,text,table_text,table_0,times,bold,7.0,pai_1col_20211228_152755_3737438812_600_800.png,/scratch/parceirosbr/bigoilict/share/BigOil/document_generator/datasets/documents_2021_12_28/pai_1col_20211228_152755_3737438812_600_800.png,pai_1col_20211228_152755_3737438812_600_800_mask.png,36.242
10,4,21,8,306,200,327,208,306,200,327,200,327,208,306,208,sub_line_text,table_text,table_0,times,bold,7.0,pai_1col_20211228_152755_3737438812_600_800.png,/scratch/parceirosbr/bigoilict/share/BigOil/document_generator/datasets/documents_2021_12_28/pai_1col_20211228_152755_3737438812_600_800.png,pai_1col_20211228_152755_3737438812_600_800_mask.png,36.242
12,4,25,8,302,211,327,219,302,211,327,211,327,219,302,219,text,table_text,table_0,times,bold,7.0,pai_1col_20211228_152755_3737438812_600_800.png,/scratch/parceirosbr/bigoilict/share/BigOil/document_generator/datasets/documents_2021_12_28/pai_1col_20211228_152755_3737438812_600_800.png,pai_1col_20211228_152755_3737438812_600_800_mask.png,889.290
12,4,25,8,302,211,327,219,302,211,327,211,327,219,302,219,sub_line_text,table_text,table_0,times,bold,7.0,pai_1col_20211228_152755_3737438812_600_800.png,/scratch/parceirosbr/bigoilict/share/BigOil/document_generator/datasets/documents_2021_12_28/pai_1col_20211228_152755_3737438812_600_800.png,pai_1col_20211228_152755_3737438812_600_800_mask.png,889.290
12,4,25,8,302,223,327,231,302,223,327,223,327,231,302,231,text,table_text,table_0,times,bold,7.0,pai_1col_20211228_152755_3737438812_600_800.png,/scratch/parceirosbr/bigoilict/share/BigOil/document_generator/datasets/documents_2021_12_28/pai_1col_20211228_152755_3737438812_600_800.png,pai_1col_20211228_152755_3737438812_600_800_mask.png,571.217
12,4,25,8,302,223,327,231,302,223,327,223,327,231,302,231,sub_line_text,table_text,table_0,times,bold,7.0,pai_1col_20211228_152755_3737438812_600_800.png,/scratch/parceirosbr/bigoilict/share/BigOil/document_generator/datasets/documents_2021_12_28/pai_1col_20211228_152755_3737438812_600_800.png,pai_1col_20211228_152755_3737438812_600_800_mask.png,571.217
12,4,25,8,302,235,327,243,302,235,327,235,327,243,302,243,text,table_text,table_0,times,bold,7.0,pai_1col_20211228_152755_3737438812_600_800.png,/scratch/parceirosbr/bigoilict/share/BigOil/document_generator/datasets/documents_2021_12_28/pai_1col_20211228_152755_3737438812_600_800.png,pai_1col_20211228_152755_3737438812_600_800_mask.png,157.486
12,4,25,8,302,235,327,243,302,235,327,235,327,243,302,243,sub_line_text,table_text,table_0,times,bold,7.0,pai_1col_20211228_152755_3737438812_600_800.png,/scratch/parceirosbr/bigoilict/share/BigOil/document_generator/datasets/documents_2021_12_28/pai_1col_20211228_152755_3737438812_600_800.png,pai_1col_20211228_152755_3737438812_600_800_mask.png,157.486
14,4,29,8,298,246,327,254,298,246,327,246,327,254,298,254,text,table_text,table_0,times,bold,7.0,pai_1col_20211228_152755_3737438812_600_800.png,/scratch/parceirosbr/bigoilict/share/BigOil/document_generator/datasets/documents_2021_12_28/pai_1col_20211228_152755_3737438812_600_800.png,pai_1col_20211228_152755_3737438812_600_800_mask.png,5673.481
14,4,29,8,298,246,327,254,298,246,327,246,327,254,298,254,sub_line_text,table_text,table_0,times,bold,7.0,pai_1col_20211228_152755_3737438812_600_800.png,/scratch/parceirosbr/bigoilict/share/BigOil/document_generator/datasets/documents_2021_12_28/pai_1col_20211228_152755_3737438812_600_800.png,pai_1col_20211228_152755_3737438812_600_800_mask.png,5673.481
14,4,28,8,366,110,394,118,366,110,394,110,394,118,366,118,text,table_text,table_0,times,regular,7.0,pai_1col_20211228_152755_3737438812_600_800.png,/scratch/parceirosbr/bigoilict/share/BigOil/document_generator/datasets/documents_2021_12_28/pai_1col_20211228_152755_3737438812_600_800.png,pai_1col_20211228_152755_3737438812_600_800_mask.png,destacado
14,4,28,8,366,110,394,118,366,110,394,110,394,118,366,118,sub_line_text,table_text,table_0,times,regular,7.0,pai_1col_20211228_152755_3737438812_600_800.png,/scratch/parceirosbr/bigoilict/share/BigOil/document_generator/datasets/documents_2021_12_28/pai_1col_20211228_152755_3737438812_600_800.png,pai_1col_20211228_152755_3737438812_600_800_mask.png,destacado
16,4,32,8,361,130,393,138,361,130,393,130,393,138,361,138,text,table_text,table_0,times,bold,7.0,pai_1col_20211228_152755_3737438812_600_800.png,/scratch/parceirosbr/bigoilict/share/BigOil/document_generator/datasets/documents_2021_12_28/pai_1col_20211228_152755_3737438812_600_800.png,pai_1col_20211228_152755_3737438812_600_800_mask.png,45132.529
16,4,32,8,361,130,393,138,361,130,393,130,393,138,361,138,sub_line_text,table_text,table_0,times,bold,7.0,pai_1col_20211228_152755_3737438812_600_800.png,/scratch/parceirosbr/bigoilict/share/BigOil/document_generator/datasets/documents_2021_12_28/pai_1col_20211228_152755_3737438812_600_800.png,pai_1col_20211228_152755_3737438812_600_800_mask.png,45132.529
16,4,32,8,361,141,393,149,361,141,393,141,393,149,361,149,text,table_text,table_0,times,bold,7.0,pai_1col_20211228_152755_3737438812_600_800.png,/scratch/parceirosbr/bigoilict/share/BigOil/document_generator/datasets/documents_2021_12_28/pai_1col_20211228_152755_3737438812_600_800.png,pai_1col_20211228_152755_3737438812_600_800_mask.png,28421.566
16,4,32,8,361,141,393,149,361,141,393,141,393,149,361,149,sub_line_text,table_text,table_0,times,bold,7.0,pai_1col_20211228_152755_3737438812_600_800.png,/scratch/parceirosbr/bigoilict/share/BigOil/document_generator/datasets/documents_2021_12_28/pai_1col_20211228_152755_3737438812_600_800.png,pai_1col_20211228_152755_3737438812_600_800_mask.png,28421.566
18,4,36,8,357,153,393,161,357,153,393,153,393,161,357,161,text,table_text,table_0,times,bold,7.0,pai_1col_20211228_152755_3737438812_600_800.png,/scratch/parceirosbr/bigoilict/share/BigOil/document_generator/datasets/documents_2021_12_28/pai_1col_20211228_152755_3737438812_600_800.png,pai_1col_20211228_152755_3737438812_600_800_mask.png,175453.296
18,4,36,8,357,153,393,161,357,153,393,153,393,161,357,161,sub_line_text,table_text,table_0,times,bold,7.0,pai_1col_20211228_152755_3737438812_600_800.png,/scratch/parceirosbr/bigoilict/share/BigOil/document_generator/datasets/documents_2021_12_28/pai_1col_20211228_152755_3737438812_600_800.png,pai_1col_20211228_152755_3737438812_600_800_mask.png,175453.296
18,4,36,8,357,165,393,173,357,165,393,165,393,173,357,173,text,table_text,table_0,times,bold,7.0,pai_1col_20211228_152755_3737438812_600_800.png,/scratch/parceirosbr/bigoilict/share/BigOil/document_generator/datasets/documents_2021_12_28/pai_1col_20211228_152755_3737438812_600_800.png,pai_1col_20211228_152755_3737438812_600_800_mask.png,521741.413
18,4,36,8,357,165,393,173,357,165,393,165,393,173,357,173,sub_line_text,table_text,table_0,times,bold,7.0,pai_1col_20211228_152755_3737438812_600_800.png,/scratch/parceirosbr/bigoilict/share/BigOil/document_generator/datasets/documents_2021_12_28/pai_1col_20211228_152755_3737438812_600_800.png,pai_1col_20211228_152755_3737438812_600_800_mask.png,521741.413
18,4,36,8,357,176,393,184,357,176,393,176,393,184,357,184,text,table_text,table_0,times,bold,7.0,pai_1col_20211228_152755_3737438812_600_800.png,/scratch/parceirosbr/bigoilict/share/BigOil/document_generator/datasets/documents_2021_12_28/pai_1col_20211228_152755_3737438812_600_800.png,pai_1col_20211228_152755_3737438812_600_800_mask.png,880148.241
18,4,36,8,357,176,393,184,357,176,393,176,393,184,357,184,sub_line_text,table_text,table_0,times,bold,7.0,pai_1col_20211228_152755_3737438812_600_800.png,/scratch/parceirosbr/bigoilict/share/BigOil/document_generator/datasets/documents_2021_12_28/pai_1col_20211228_152755_3737438812_600_800.png,pai_1col_20211228_152755_3737438812_600_800_mask.png,880148.241
18,4,36,8,357,188,393,196,357,188,393,188,393,196,357,196,text,table_text,table_0,times,bold,7.0,pai_1col_20211228_152755_3737438812_600_800.png,/scratch/parceirosbr/bigoilict/share/BigOil/document_generator/datasets/documents_2021_12_28/pai_1col_20211228_152755_3737438812_600_800.png,pai_1col_20211228_152755_3737438812_600_800_mask.png,396524.875
18,4,36,8,357,188,393,196,357,188,393,188,393,196,357,196,sub_line_text,table_text,table_0,times,bold,7.0,pai_1col_20211228_152755_3737438812_600_800.png,/scratch/parceirosbr/bigoilict/share/BigOil/document_generator/datasets/documents_2021_12_28/pai_1col_20211228_152755_3737438812_600_800.png,pai_1col_20211228_152755_3737438812_600_800_mask.png,396524.875
16,4,32,8,361,200,393,208,361,200,393,200,393,208,361,208,text,table_text,table_0,times,bold,7.0,pai_1col_20211228_152755_3737438812_600_800.png,/scratch/parceirosbr/bigoilict/share/BigOil/document_generator/datasets/documents_2021_12_28/pai_1col_20211228_152755_3737438812_600_800.png,pai_1col_20211228_152755_3737438812_600_800_mask.png,69740.219
16,4,32,8,361,200,393,208,361,200,393,200,393,208,361,208,sub_line_text,table_text,table_0,times,bold,7.0,pai_1col_20211228_152755_3737438812_600_800.png,/scratch/parceirosbr/bigoilict/share/BigOil/document_generator/datasets/documents_2021_12_28/pai_1col_20211228_152755_3737438812_600_800.png,pai_1col_20211228_152755_3737438812_600_800_mask.png,69740.219
18,4,36,8,357,211,393,219,357,211,393,211,393,219,357,219,text,table_text,table_0,times,bold,7.0,pai_1col_20211228_152755_3737438812_600_800.png,/scratch/parceirosbr/bigoilict/share/BigOil/document_generator/datasets/documents_2021_12_28/pai_1col_20211228_152755_3737438812_600_800.png,pai_1col_20211228_152755_3737438812_600_800_mask.png,656999.639
18,4,36,8,357,211,393,219,357,211,393,211,393,219,357,219,sub_line_text,table_text,table_0,times,bold,7.0,pai_1col_20211228_152755_3737438812_600_800.png,/scratch/parceirosbr/bigoilict/share/BigOil/document_generator/datasets/documents_2021_12_28/pai_1col_20211228_152755_3737438812_600_800.png,pai_1col_20211228_152755_3737438812_600_800_mask.png,656999.639
16,4,32,8,361,223,393,231,361,223,393,223,393,231,361,231,text,table_text,table_0,times,bold,7.0,pai_1col_20211228_152755_3737438812_600_800.png,/scratch/parceirosbr/bigoilict/share/BigOil/document_generator/datasets/documents_2021_12_28/pai_1col_20211228_152755_3737438812_600_800.png,pai_1col_20211228_152755_3737438812_600_800_mask.png,95183.805
16,4,32,8,361,223,393,231,361,223,393,223,393,231,361,231,sub_line_text,table_text,table_0,times,bold,7.0,pai_1col_20211228_152755_3737438812_600_800.png,/scratch/parceirosbr/bigoilict/share/BigOil/document_generator/datasets/documents_2021_12_28/pai_1col_20211228_152755_3737438812_600_800.png,pai_1col_20211228_152755_3737438812_600_800_mask.png,95183.805
18,4,36,8,357,235,393,243,357,235,393,235,393,243,357,243,text,table_text,table_0,times,bold,7.0,pai_1col_20211228_152755_3737438812_600_800.png,/scratch/parceirosbr/bigoilict/share/BigOil/document_generator/datasets/documents_2021_12_28/pai_1col_20211228_152755_3737438812_600_800.png,pai_1col_20211228_152755_3737438812_600_800_mask.png,909897.546
18,4,36,8,357,235,393,243,357,235,393,235,393,243,357,243,sub_line_text,table_text,table_0,times,bold,7.0,pai_1col_20211228_152755_3737438812_600_800.png,/scratch/parceirosbr/bigoilict/share/BigOil/document_generator/datasets/documents_2021_12_28/pai_1col_20211228_152755_3737438812_600_800.png,pai_1col_20211228_152755_3737438812_600_800_mask.png,909897.546
16,4,32,8,361,246,393,254,361,246,393,246,393,254,361,254,text,table_text,table_0,times,bold,7.0,pai_1col_20211228_152755_3737438812_600_800.png,/scratch/parceirosbr/bigoilict/share/BigOil/document_generator/datasets/documents_2021_12_28/pai_1col_20211228_152755_3737438812_600_800.png,pai_1col_20211228_152755_3737438812_600_800_mask.png,47834.433
16,4,32,8,361,246,393,254,361,246,393,246,393,254,361,254,sub_line_text,table_text,table_0,times,bold,7.0,pai_1col_20211228_152755_3737438812_600_800.png,/scratch/parceirosbr/bigoilict/share/BigOil/document_generator/datasets/documents_2021_12_28/pai_1col_20211228_152755_3737438812_600_800.png,pai_1col_20211228_152755_3737438812_600_800_mask.png,47834.433
15,4,31,8,410,110,441,118,410,110,441,110,441,118,410,118,text,table_text,table_0,times,regular,7.0,pai_1col_20211228_152755_3737438812_600_800.png,/scratch/parceirosbr/bigoilict/share/BigOil/document_generator/datasets/documents_2021_12_28/pai_1col_20211228_152755_3737438812_600_800.png,pai_1col_20211228_152755_3737438812_600_800_mask.png,limitadoras
15,4,31,8,410,110,441,118,410,110,441,110,441,118,410,118,sub_line_text,table_text,table_0,times,regular,7.0,pai_1col_20211228_152755_3737438812_600_800.png,/scratch/parceirosbr/bigoilict/share/BigOil/document_generator/datasets/documents_2021_12_28/pai_1col_20211228_152755_3737438812_600_800.png,pai_1col_20211228_152755_3737438812_600_800_mask.png,limitadoras
11,4,22,8,414,130,436,138,414,130,436,130,436,138,414,138,text,table_text,table_0,times,bold,7.0,pai_1col_20211228_152755_3737438812_600_800.png,/scratch/parceirosbr/bigoilict/share/BigOil/document_generator/datasets/documents_2021_12_28/pai_1col_20211228_152755_3737438812_600_800.png,pai_1col_20211228_152755_3737438812_600_800_mask.png,comum
11,4,22,8,414,130,436,138,414,130,436,130,436,138,414,138,sub_line_text,table_text,table_0,times,bold,7.0,pai_1col_20211228_152755_3737438812_600_800.png,/scratch/parceirosbr/bigoilict/share/BigOil/document_generator/datasets/documents_2021_12_28/pai_1col_20211228_152755_3737438812_600_800.png,pai_1col_20211228_152755_3737438812_600_800_mask.png,comum
20,4,40,8,406,141,446,149,406,141,446,141,446,149,406,149,text,table_text,table_0,times,bold,7.0,pai_1col_20211228_152755_3737438812_600_800.png,/scratch/parceirosbr/bigoilict/share/BigOil/document_generator/datasets/documents_2021_12_28/pai_1col_20211228_152755_3737438812_600_800.png,pai_1col_20211228_152755_3737438812_600_800_mask.png,relativamente
20,4,40,8,406,141,446,149,406,141,446,141,446,149,406,149,sub_line_text,table_text,table_0,times,bold,7.0,pai_1col_20211228_152755_3737438812_600_800.png,/scratch/parceirosbr/bigoilict/share/BigOil/document_generator/datasets/documents_2021_12_28/pai_1col_20211228_152755_3737438812_600_800.png,pai_1col_20211228_152755_3737438812_600_800_mask.png,relativamente
18,4,37,8,407,153,444,161,407,153,444,153,444,161,407,161,text,table_text,table_0,times,bold,7.0,pai_1col_20211228_152755_3737438812_600_800.png,/scratch/parceirosbr/bigoilict/share/BigOil/document_generator/datasets/documents_2021_12_28/pai_1col_20211228_152755_3737438812_600_800.png,pai_1col_20211228_152755_3737438812_600_800_mask.png,absorvância
18,4,37,8,407,153,444,161,407,153,444,153,444,161,407,161,sub_line_text,table_text,table_0,times,bold,7.0,pai_1col_20211228_152755_3737438812_600_800.png,/scratch/parceirosbr/bigoilict/share/BigOil/document_generator/datasets/documents_2021_12_28/pai_1col_20211228_152755_3737438812_600_800.png,pai_1col_20211228_152755_3737438812_600_800_mask.png,absorvância
9,4,19,8,415,165,434,173,415,165,434,165,434,173,415,173,text,table_text,table_0,times,bold,7.0,pai_1col_20211228_152755_3737438812_600_800.png,/scratch/parceirosbr/bigoilict/share/BigOil/document_generator/datasets/documents_2021_12_28/pai_1col_20211228_152755_3737438812_600_800.png,pai_1col_20211228_152755_3737438812_600_800_mask.png,dessas
9,4,19,8,415,165,434,173,415,165,434,165,434,173,415,173,sub_line_text,table_text,table_0,times,bold,7.0,pai_1col_20211228_152755_3737438812_600_800.png,/scratch/parceirosbr/bigoilict/share/BigOil/document_generator/datasets/documents_2021_12_28/pai_1col_20211228_152755_3737438812_600_800.png,pai_1col_20211228_152755_3737438812_600_800_mask.png,dessas
7,4,14,8,418,176,432,184,418,176,432,176,432,184,418,184,text,table_text,table_0,times,bold,7.0,pai_1col_20211228_152755_3737438812_600_800.png,/scratch/parceirosbr/bigoilict/share/BigOil/document_generator/datasets/documents_2021_12_28/pai_1col_20211228_152755_3737438812_600_800.png,pai_1col_20211228_152755_3737438812_600_800_mask.png,pode
7,4,14,8,418,176,432,184,418,176,432,176,432,184,418,184,sub_line_text,table_text,table_0,times,bold,7.0,pai_1col_20211228_152755_3737438812_600_800.png,/scratch/parceirosbr/bigoilict/share/BigOil/document_generator/datasets/documents_2021_12_28/pai_1col_20211228_152755_3737438812_600_800.png,pai_1col_20211228_152755_3737438812_600_800_mask.png,pode
9,4,19,8,415,188,434,196,415,188,434,188,434,196,415,196,text,table_text,table_0,times,bold,7.0,pai_1col_20211228_152755_3737438812_600_800.png,/scratch/parceirosbr/bigoilict/share/BigOil/document_generator/datasets/documents_2021_12_28/pai_1col_20211228_152755_3737438812_600_800.png,pai_1col_20211228_152755_3737438812_600_800_mask.png,geram
9,4,19,8,415,188,434,196,415,188,434,188,434,196,415,196,sub_line_text,table_text,table_0,times,bold,7.0,pai_1col_20211228_152755_3737438812_600_800.png,/scratch/parceirosbr/bigoilict/share/BigOil/document_generator/datasets/documents_2021_12_28/pai_1col_20211228_152755_3737438812_600_800.png,pai_1col_20211228_152755_3737438812_600_800_mask.png,geram
18,4,36,8,408,200,444,208,408,200,444,200,444,208,408,208,text,table_text,table_0,times,bold,7.0,pai_1col_20211228_152755_3737438812_600_800.png,/scratch/parceirosbr/bigoilict/share/BigOil/document_generator/datasets/documents_2021_12_28/pai_1col_20211228_152755_3737438812_600_800.png,pai_1col_20211228_152755_3737438812_600_800_mask.png,previamente
18,4,36,8,408,200,444,208,408,200,444,200,444,208,408,208,sub_line_text,table_text,table_0,times,bold,7.0,pai_1col_20211228_152755_3737438812_600_800.png,/scratch/parceirosbr/bigoilict/share/BigOil/document_generator/datasets/documents_2021_12_28/pai_1col_20211228_152755_3737438812_600_800.png,pai_1col_20211228_152755_3737438812_600_800_mask.png,previamente
9,4,18,8,416,211,434,219,416,211,434,211,434,219,416,219,text,table_text,table_0,times,bold,7.0,pai_1col_20211228_152755_3737438812_600_800.png,/scratch/parceirosbr/bigoilict/share/BigOil/document_generator/datasets/documents_2021_12_28/pai_1col_20211228_152755_3737438812_600_800.png,pai_1col_20211228_152755_3737438812_600_800_mask.png,forma
9,4,18,8,416,211,434,219,416,211,434,211,434,219,416,219,sub_line_text,table_text,table_0,times,bold,7.0,pai_1col_20211228_152755_3737438812_600_800.png,/scratch/parceirosbr/bigoilict/share/BigOil/document_generator/datasets/documents_2021_12_28/pai_1col_20211228_152755_3737438812_600_800.png,pai_1col_20211228_152755_3737438812_600_800_mask.png,forma
6,4,12,8,419,223,431,231,419,223,431,223,431,231,419,231,text,table_text,table_0,times,bold,7.0,pai_1col_20211228_152755_3737438812_600_800.png,/scratch/parceirosbr/bigoilict/share/BigOil/document_generator/datasets/documents_2021_12_28/pai_1col_20211228_152755_3737438812_600_800.png,pai_1col_20211228_152755_3737438812_600_800_mask.png,bico
6,4,12,8,419,223,431,231,419,223,431,223,431,231,419,231,sub_line_text,table_text,table_0,times,bold,7.0,pai_1col_20211228_152755_3737438812_600_800.png,/scratch/parceirosbr/bigoilict/share/BigOil/document_generator/datasets/documents_2021_12_28/pai_1col_20211228_152755_3737438812_600_800.png,pai_1col_20211228_152755_3737438812_600_800_mask.png,bico
10,4,20,8,415,235,435,243,415,235,435,235,435,243,415,243,text,table_text,table_0,times,bold,7.0,pai_1col_20211228_152755_3737438812_600_800.png,/scratch/parceirosbr/bigoilict/share/BigOil/document_generator/datasets/documents_2021_12_28/pai_1col_20211228_152755_3737438812_600_800.png,pai_1col_20211228_152755_3737438812_600_800_mask.png,reação
10,4,20,8,415,235,435,243,415,235,435,235,435,243,415,243,sub_line_text,table_text,table_0,times,bold,7.0,pai_1col_20211228_152755_3737438812_600_800.png,/scratch/parceirosbr/bigoilict/share/BigOil/document_generator/datasets/documents_2021_12_28/pai_1col_20211228_152755_3737438812_600_800.png,pai_1col_20211228_152755_3737438812_600_800_mask.png,reação
10,4,21,8,415,246,436,254,415,246,436,246,436,254,415,254,text,table_text,table_0,times,bold,7.0,pai_1col_20211228_152755_3737438812_600_800.png,/scratch/parceirosbr/bigoilict/share/BigOil/document_generator/datasets/documents_2021_12_28/pai_1col_20211228_152755_3737438812_600_800.png,pai_1col_20211228_152755_3737438812_600_800_mask.png,prática
10,4,21,8,415,246,436,254,415,246,436,246,436,254,415,254,sub_line_text,table_text,table_0,times,bold,7.0,pai_1col_20211228_152755_3737438812_600_800.png,/scratch/parceirosbr/bigoilict/share/BigOil/document_generator/datasets/documents_2021_12_28/pai_1col_20211228_152755_3737438812_600_800.png,pai_1col_20211228_152755_3737438812_600_800_mask.png,prática
16,4,32,8,462,110,494,118,462,110,494,110,494,118,462,118,text,table_text,table_0,times,regular,7.0,pai_1col_20211228_152755_3737438812_600_800.png,/scratch/parceirosbr/bigoilict/share/BigOil/document_generator/datasets/documents_2021_12_28/pai_1col_20211228_152755_3737438812_600_800.png,pai_1col_20211228_152755_3737438812_600_800_mask.png,apresentam
16,4,32,8,462,110,494,118,462,110,494,110,494,118,462,118,sub_line_text,table_text,table_0,times,regular,7.0,pai_1col_20211228_152755_3737438812_600_800.png,/scratch/parceirosbr/bigoilict/share/BigOil/document_generator/datasets/documents_2021_12_28/pai_1col_20211228_152755_3737438812_600_800.png,pai_1col_20211228_152755_3737438812_600_800_mask.png,apresentam
6,4,13,8,480,130,493,138,480,130,493,130,493,138,480,138,text,table_text,table_0,times,bold,7.0,pai_1col_20211228_152755_3737438812_600_800.png,/scratch/parceirosbr/bigoilict/share/BigOil/document_generator/datasets/documents_2021_12_28/pai_1col_20211228_152755_3737438812_600_800.png,pai_1col_20211228_152755_3737438812_600_800_mask.png,46.3
6,4,13,8,480,130,493,138,480,130,493,130,493,138,480,138,sub_line_text,table_text,table_0,times,bold,7.0,pai_1col_20211228_152755_3737438812_600_800.png,/scratch/parceirosbr/bigoilict/share/BigOil/document_generator/datasets/documents_2021_12_28/pai_1col_20211228_152755_3737438812_600_800.png,pai_1col_20211228_152755_3737438812_600_800_mask.png,46.3
6,4,13,8,480,141,493,149,480,141,493,141,493,149,480,149,text,table_text,table_0,times,bold,7.0,pai_1col_20211228_152755_3737438812_600_800.png,/scratch/parceirosbr/bigoilict/share/BigOil/document_generator/datasets/documents_2021_12_28/pai_1col_20211228_152755_3737438812_600_800.png,pai_1col_20211228_152755_3737438812_600_800_mask.png,54.5
6,4,13,8,480,141,493,149,480,141,493,141,493,149,480,149,sub_line_text,table_text,table_0,times,bold,7.0,pai_1col_20211228_152755_3737438812_600_800.png,/scratch/parceirosbr/bigoilict/share/BigOil/document_generator/datasets/documents_2021_12_28/pai_1col_20211228_152755_3737438812_600_800.png,pai_1col_20211228_152755_3737438812_600_800_mask.png,54.5
6,4,13,8,480,153,493,161,480,153,493,153,493,161,480,161,text,table_text,table_0,times,bold,7.0,pai_1col_20211228_152755_3737438812_600_800.png,/scratch/parceirosbr/bigoilict/share/BigOil/document_generator/datasets/documents_2021_12_28/pai_1col_20211228_152755_3737438812_600_800.png,pai_1col_20211228_152755_3737438812_600_800_mask.png,49.1
6,4,13,8,480,153,493,161,480,153,493,153,493,161,480,161,sub_line_text,table_text,table_0,times,bold,7.0,pai_1col_20211228_152755_3737438812_600_800.png,/scratch/parceirosbr/bigoilict/share/BigOil/document_generator/datasets/documents_2021_12_28/pai_1col_20211228_152755_3737438812_600_800.png,pai_1col_20211228_152755_3737438812_600_800_mask.png,49.1
8,4,17,8,477,165,494,173,477,165,494,165,494,173,477,173,text,table_text,table_0,times,bold,7.0,pai_1col_20211228_152755_3737438812_600_800.png,/scratch/parceirosbr/bigoilict/share/BigOil/document_generator/datasets/documents_2021_12_28/pai_1col_20211228_152755_3737438812_600_800.png,pai_1col_20211228_152755_3737438812_600_800_mask.png,527.7
8,4,17,8,477,165,494,173,477,165,494,165,494,173,477,173,sub_line_text,table_text,table_0,times,bold,7.0,pai_1col_20211228_152755_3737438812_600_800.png,/scratch/parceirosbr/bigoilict/share/BigOil/document_generator/datasets/documents_2021_12_28/pai_1col_20211228_152755_3737438812_600_800.png,pai_1col_20211228_152755_3737438812_600_800_mask.png,527.7
4,4,9,8,484,176,493,184,484,176,493,176,493,184,484,184,text,table_text,table_0,times,bold,7.0,pai_1col_20211228_152755_3737438812_600_800.png,/scratch/parceirosbr/bigoilict/share/BigOil/document_generator/datasets/documents_2021_12_28/pai_1col_20211228_152755_3737438812_600_800.png,pai_1col_20211228_152755_3737438812_600_800_mask.png,9.2
4,4,9,8,484,176,493,184,484,176,493,176,493,184,484,184,sub_line_text,table_text,table_0,times,bold,7.0,pai_1col_20211228_152755_3737438812_600_800.png,/scratch/parceirosbr/bigoilict/share/BigOil/document_generator/datasets/documents_2021_12_28/pai_1col_20211228_152755_3737438812_600_800.png,pai_1col_20211228_152755_3737438812_600_800_mask.png,9.2
6,4,13,8,480,188,493,196,480,188,493,188,493,196,480,196,text,table_text,table_0,times,bold,7.0,pai_1col_20211228_152755_3737438812_600_800.png,/scratch/parceirosbr/bigoilict/share/BigOil/document_generator/datasets/documents_2021_12_28/pai_1col_20211228_152755_3737438812_600_800.png,pai_1col_20211228_152755_3737438812_600_800_mask.png,15.5
6,4,13,8,480,188,493,196,480,188,493,188,493,196,480,196,sub_line_text,table_text,table_0,times,bold,7.0,pai_1col_20211228_152755_3737438812_600_800.png,/scratch/parceirosbr/bigoilict/share/BigOil/document_generator/datasets/documents_2021_12_28/pai_1col_20211228_152755_3737438812_600_800.png,pai_1col_20211228_152755_3737438812_600_800_mask.png,15.5
8,4,17,8,477,200,494,208,477,200,494,200,494,208,477,208,text,table_text,table_0,times,bold,7.0,pai_1col_20211228_152755_3737438812_600_800.png,/scratch/parceirosbr/bigoilict/share/BigOil/document_generator/datasets/documents_2021_12_28/pai_1col_20211228_152755_3737438812_600_800.png,pai_1col_20211228_152755_3737438812_600_800_mask.png,843.9
8,4,17,8,477,200,494,208,477,200,494,200,494,208,477,208,sub_line_text,table_text,table_0,times,bold,7.0,pai_1col_20211228_152755_3737438812_600_800.png,/scratch/parceirosbr/bigoilict/share/BigOil/document_generator/datasets/documents_2021_12_28/pai_1col_20211228_152755_3737438812_600_800.png,pai_1col_20211228_152755_3737438812_600_800_mask.png,843.9
4,4,9,8,484,211,493,219,484,211,493,211,493,219,484,219,text,table_text,table_0,times,bold,7.0,pai_1col_20211228_152755_3737438812_600_800.png,/scratch/parceirosbr/bigoilict/share/BigOil/document_generator/datasets/documents_2021_12_28/pai_1col_20211228_152755_3737438812_600_800.png,pai_1col_20211228_152755_3737438812_600_800_mask.png,8.0
4,4,9,8,484,211,493,219,484,211,493,211,493,219,484,219,sub_line_text,table_text,table_0,times,bold,7.0,pai_1col_20211228_152755_3737438812_600_800.png,/scratch/parceirosbr/bigoilict/share/BigOil/document_generator/datasets/documents_2021_12_28/pai_1col_20211228_152755_3737438812_600_800.png,pai_1col_20211228_152755_3737438812_600_800_mask.png,8.0
8,4,17,8,477,223,494,231,477,223,494,223,494,231,477,231,text,table_text,table_0,times,bold,7.0,pai_1col_20211228_152755_3737438812_600_800.png,/scratch/parceirosbr/bigoilict/share/BigOil/document_generator/datasets/documents_2021_12_28/pai_1col_20211228_152755_3737438812_600_800.png,pai_1col_20211228_152755_3737438812_600_800_mask.png,598.2
8,4,17,8,477,223,494,231,477,223,494,223,494,231,477,231,sub_line_text,table_text,table_0,times,bold,7.0,pai_1col_20211228_152755_3737438812_600_800.png,/scratch/parceirosbr/bigoilict/share/BigOil/document_generator/datasets/documents_2021_12_28/pai_1col_20211228_152755_3737438812_600_800.png,pai_1col_20211228_152755_3737438812_600_800_mask.png,598.2
8,4,17,8,477,235,494,243,477,235,494,235,494,243,477,243,text,table_text,table_0,times,bold,7.0,pai_1col_20211228_152755_3737438812_600_800.png,/scratch/parceirosbr/bigoilict/share/BigOil/document_generator/datasets/documents_2021_12_28/pai_1col_20211228_152755_3737438812_600_800.png,pai_1col_20211228_152755_3737438812_600_800_mask.png,481.9
8,4,17,8,477,235,494,243,477,235,494,235,494,243,477,243,sub_line_text,table_text,table_0,times,bold,7.0,pai_1col_20211228_152755_3737438812_600_800.png,/scratch/parceirosbr/bigoilict/share/BigOil/document_generator/datasets/documents_2021_12_28/pai_1col_20211228_152755_3737438812_600_800.png,pai_1col_20211228_152755_3737438812_600_800_mask.png,481.9
4,4,9,8,484,246,493,254,484,246,493,246,493,254,484,254,text,table_text,table_0,times,bold,7.0,pai_1col_20211228_152755_3737438812_600_800.png,/scratch/parceirosbr/bigoilict/share/BigOil/document_generator/datasets/documents_2021_12_28/pai_1col_20211228_152755_3737438812_600_800.png,pai_1col_20211228_152755_3737438812_600_800_mask.png,8.2
4,4,9,8,484,246,493,254,484,246,493,246,493,254,484,254,sub_line_text,table_text,table_0,times,bold,7.0,pai_1col_20211228_152755_3737438812_600_800.png,/scratch/parceirosbr/bigoilict/share/BigOil/document_generator/datasets/documents_2021_12_28/pai_1col_20211228_152755_3737438812_600_800.png,pai_1col_20211228_152755_3737438812_600_800_mask.png,8.2
8,4,16,8,520,110,536,118,520,110,536,110,536,118,520,118,text,table_text,table_0,times,regular,7.0,pai_1col_20211228_152755_3737438812_600_800.png,/scratch/parceirosbr/bigoilict/share/BigOil/document_generator/datasets/documents_2021_12_28/pai_1col_20211228_152755_3737438812_600_800.png,pai_1col_20211228_152755_3737438812_600_800_mask.png,refino
8,4,16,8,520,110,536,118,520,110,536,110,536,118,520,118,sub_line_text,table_text,table_0,times,regular,7.0,pai_1col_20211228_152755_3737438812_600_800.png,/scratch/parceirosbr/bigoilict/share/BigOil/document_generator/datasets/documents_2021_12_28/pai_1col_20211228_152755_3737438812_600_800.png,pai_1col_20211228_152755_3737438812_600_800_mask.png,refino
12,4,25,8,511,130,536,138,511,130,536,130,536,138,511,138,text,table_text,table_0,times,bold,7.0,pai_1col_20211228_152755_3737438812_600_800.png,/scratch/parceirosbr/bigoilict/share/BigOil/document_generator/datasets/documents_2021_12_28/pai_1col_20211228_152755_3737438812_600_800.png,pai_1col_20211228_152755_3737438812_600_800_mask.png,2401.93
12,4,25,8,511,130,536,138,511,130,536,130,536,138,511,138,sub_line_text,table_text,table_0,times,bold,7.0,pai_1col_20211228_152755_3737438812_600_800.png,/scratch/parceirosbr/bigoilict/share/BigOil/document_generator/datasets/documents_2021_12_28/pai_1col_20211228_152755_3737438812_600_800.png,pai_1col_20211228_152755_3737438812_600_800_mask.png,2401.93
8,4,17,8,519,141,536,149,519,141,536,141,536,149,519,149,text,table_text,table_0,times,bold,7.0,pai_1col_20211228_152755_3737438812_600_800.png,/scratch/parceirosbr/bigoilict/share/BigOil/document_generator/datasets/documents_2021_12_28/pai_1col_20211228_152755_3737438812_600_800.png,pai_1col_20211228_152755_3737438812_600_800_mask.png,15.80
8,4,17,8,519,141,536,149,519,141,536,141,536,149,519,149,sub_line_text,table_text,table_0,times,bold,7.0,pai_1col_20211228_152755_3737438812_600_800.png,/scratch/parceirosbr/bigoilict/share/BigOil/document_generator/datasets/documents_2021_12_28/pai_1col_20211228_152755_3737438812_600_800.png,pai_1col_20211228_152755_3737438812_600_800_mask.png,15.80
10,4,21,8,515,153,536,161,515,153,536,153,536,161,515,161,text,table_text,table_0,times,bold,7.0,pai_1col_20211228_152755_3737438812_600_800.png,/scratch/parceirosbr/bigoilict/share/BigOil/document_generator/datasets/documents_2021_12_28/pai_1col_20211228_152755_3737438812_600_800.png,pai_1col_20211228_152755_3737438812_600_800_mask.png,882.79
10,4,21,8,515,153,536,161,515,153,536,153,536,161,515,161,sub_line_text,table_text,table_0,times,bold,7.0,pai_1col_20211228_152755_3737438812_600_800.png,/scratch/parceirosbr/bigoilict/share/BigOil/document_generator/datasets/documents_2021_12_28/pai_1col_20211228_152755_3737438812_600_800.png,pai_1col_20211228_152755_3737438812_600_800_mask.png,882.79
8,4,17,8,519,165,536,173,519,165,536,165,536,173,519,173,text,table_text,table_0,times,bold,7.0,pai_1col_20211228_152755_3737438812_600_800.png,/scratch/parceirosbr/bigoilict/share/BigOil/document_generator/datasets/documents_2021_12_28/pai_1col_20211228_152755_3737438812_600_800.png,pai_1col_20211228_152755_3737438812_600_800_mask.png,89.26
8,4,17,8,519,165,536,173,519,165,536,165,536,173,519,173,sub_line_text,table_text,table_0,times,bold,7.0,pai_1col_20211228_152755_3737438812_600_800.png,/scratch/parceirosbr/bigoilict/share/BigOil/document_generator/datasets/documents_2021_12_28/pai_1col_20211228_152755_3737438812_600_800.png,pai_1col_20211228_152755_3737438812_600_800_mask.png,89.26
8,4,17,8,519,176,536,184,519,176,536,176,536,184,519,184,text,table_text,table_0,times,bold,7.0,pai_1col_20211228_152755_3737438812_600_800.png,/scratch/parceirosbr/bigoilict/share/BigOil/document_generator/datasets/documents_2021_12_28/pai_1col_20211228_152755_3737438812_600_800.png,pai_1col_20211228_152755_3737438812_600_800_mask.png,60.43
8,4,17,8,519,176,536,184,519,176,536,176,536,184,519,184,sub_line_text,table_text,table_0,times,bold,7.0,pai_1col_20211228_152755_3737438812_600_800.png,/scratch/parceirosbr/bigoilict/share/BigOil/document_generator/datasets/documents_2021_12_28/pai_1col_20211228_152755_3737438812_600_800.png,pai_1col_20211228_152755_3737438812_600_800_mask.png,60.43
12,4,25,8,511,188,536,196,511,188,536,188,536,196,511,196,text,table_text,table_0,times,bold,7.0,pai_1col_20211228_152755_3737438812_600_800.png,/scratch/parceirosbr/bigoilict/share/BigOil/document_generator/datasets/documents_2021_12_28/pai_1col_20211228_152755_3737438812_600_800.png,pai_1col_20211228_152755_3737438812_600_800_mask.png,4609.64
12,4,25,8,511,188,536,196,511,188,536,188,536,196,511,196,sub_line_text,table_text,table_0,times,bold,7.0,pai_1col_20211228_152755_3737438812_600_800.png,/scratch/parceirosbr/bigoilict/share/BigOil/document_generator/datasets/documents_2021_12_28/pai_1col_20211228_152755_3737438812_600_800.png,pai_1col_20211228_152755_3737438812_600_800_mask.png,4609.64
12,4,25,8,511,200,536,208,511,200,536,200,536,208,511,208,text,table_text,table_0,times,bold,7.0,pai_1col_20211228_152755_3737438812_600_800.png,/scratch/parceirosbr/bigoilict/share/BigOil/document_generator/datasets/documents_2021_12_28/pai_1col_20211228_152755_3737438812_600_800.png,pai_1col_20211228_152755_3737438812_600_800_mask.png,7772.06
12,4,25,8,511,200,536,208,511,200,536,200,536,208,511,208,sub_line_text,table_text,table_0,times,bold,7.0,pai_1col_20211228_152755_3737438812_600_800.png,/scratch/parceirosbr/bigoilict/share/BigOil/document_generator/datasets/documents_2021_12_28/pai_1col_20211228_152755_3737438812_600_800.png,pai_1col_20211228_152755_3737438812_600_800_mask.png,7772.06
10,4,21,8,515,211,536,219,515,211,536,211,536,219,515,219,text,table_text,table_0,times,bold,7.0,pai_1col_20211228_152755_3737438812_600_800.png,/scratch/parceirosbr/bigoilict/share/BigOil/document_generator/datasets/documents_2021_12_28/pai_1col_20211228_152755_3737438812_600_800.png,pai_1col_20211228_152755_3737438812_600_800_mask.png,936.24
10,4,21,8,515,211,536,219,515,211,536,211,536,219,515,219,sub_line_text,table_text,table_0,times,bold,7.0,pai_1col_20211228_152755_3737438812_600_800.png,/scratch/parceirosbr/bigoilict/share/BigOil/document_generator/datasets/documents_2021_12_28/pai_1col_20211228_152755_3737438812_600_800.png,pai_1col_20211228_152755_3737438812_600_800_mask.png,936.24
8,4,17,8,519,223,536,231,519,223,536,223,536,231,519,231,text,table_text,table_0,times,bold,7.0,pai_1col_20211228_152755_3737438812_600_800.png,/scratch/parceirosbr/bigoilict/share/BigOil/document_generator/datasets/documents_2021_12_28/pai_1col_20211228_152755_3737438812_600_800.png,pai_1col_20211228_152755_3737438812_600_800_mask.png,43.07
8,4,17,8,519,223,536,231,519,223,536,223,536,231,519,231,sub_line_text,table_text,table_0,times,bold,7.0,pai_1col_20211228_152755_3737438812_600_800.png,/scratch/parceirosbr/bigoilict/share/BigOil/document_generator/datasets/documents_2021_12_28/pai_1col_20211228_152755_3737438812_600_800.png,pai_1col_20211228_152755_3737438812_600_800_mask.png,43.07
8,4,17,8,519,235,536,243,519,235,536,235,536,243,519,243,text,table_text,table_0,times,bold,7.0,pai_1col_20211228_152755_3737438812_600_800.png,/scratch/parceirosbr/bigoilict/share/BigOil/document_generator/datasets/documents_2021_12_28/pai_1col_20211228_152755_3737438812_600_800.png,pai_1col_20211228_152755_3737438812_600_800_mask.png,69.72
8,4,17,8,519,235,536,243,519,235,536,235,536,243,519,243,sub_line_text,table_text,table_0,times,bold,7.0,pai_1col_20211228_152755_3737438812_600_800.png,/scratch/parceirosbr/bigoilict/share/BigOil/document_generator/datasets/documents_2021_12_28/pai_1col_20211228_152755_3737438812_600_800.png,pai_1col_20211228_152755_3737438812_600_800_mask.png,69.72
12,4,25,8,511,246,536,254,511,246,536,246,536,254,511,254,text,table_text,table_0,times,bold,7.0,pai_1col_20211228_152755_3737438812_600_800.png,/scratch/parceirosbr/bigoilict/share/BigOil/document_generator/datasets/documents_2021_12_28/pai_1col_20211228_152755_3737438812_600_800.png,pai_1col_20211228_152755_3737438812_600_800_mask.png,5879.15
12,4,25,8,511,246,536,254,511,246,536,246,536,254,511,254,sub_line_text,table_text,table_0,times,bold,7.0,pai_1col_20211228_152755_3737438812_600_800.png,/scratch/parceirosbr/bigoilict/share/BigOil/document_generator/datasets/documents_2021_12_28/pai_1col_20211228_152755_3737438812_600_800.png,pai_1col_20211228_152755_3737438812_600_800_mask.png,5879.15
200,3,400,7,50,282,450,289,50,282,450,282,450,289,50,289,sub_line_text,table_legend,table_0,courier,bold,6,pai_1col_20211228_152755_3737438812_600_800.png,/scratch/parceirosbr/bigoilict/share/BigOil/document_generator/datasets/documents_2021_12_28/pai_1col_20211228_152755_3737438812_600_800.png,pai_1col_20211228_152755_3737438812_600_800_mask.png,"Tab.  114:    Assim, abordando a ótica de um investidor ou de uma empresa de energia, o objetivo se-"
172,3,344,7,50,292,394,299,50,292,394,292,394,299,50,299,sub_line_text,table_legend,table_0,courier,bold,6,pai_1col_20211228_152755_3737438812_600_800.png,/scratch/parceirosbr/bigoilict/share/BigOil/document_generator/datasets/documents_2021_12_28/pai_1col_20211228_152755_3737438812_600_800.png,pai_1col_20211228_152755_3737438812_600_800_mask.png,ria examinar a atratividade da mobilidade elétrica como negócio inovador. As vendas da
200,8,400,17,50,282,450,299,50,282,450,282,450,299,50,299,text,table_legend,table_0,courier,bold,6,pai_1col_20211228_152755_3737438812_600_800.png,/scratch/parceirosbr/bigoilict/share/BigOil/document_generator/datasets/documents_2021_12_28/pai_1col_20211228_152755_3737438812_600_800.png,pai_1col_20211228_152755_3737438812_600_800_mask.png,nan
65,97,130,195,236,304,366,499,236,304,366,304,366,499,236,499,image,figure_image,figure_0,,,,pai_1col_20211228_152755_3737438812_600_800.png,/scratch/parceirosbr/bigoilict/share/BigOil/document_generator/datasets/documents_2021_12_28/pai_1col_20211228_152755_3737438812_600_800.png,pai_1col_20211228_152755_3737438812_600_800_mask.png,output/gen_img_20211228_152757_3342307142.png
17,3,34,7,327,387,361,394,327,387,361,387,361,394,327,394,text,figure_text,figure_0,,,,pai_1col_20211228_152755_3737438812_600_800.png,/scratch/parceirosbr/bigoilict/share/BigOil/document_generator/datasets/documents_2021_12_28/pai_1col_20211228_152755_3737438812_600_800.png,pai_1col_20211228_152755_3737438812_600_800_mask.png,Permeability
17,3,34,7,327,387,361,394,327,387,361,387,361,394,327,394,sub_line_text,figure_text,figure_0,,,,pai_1col_20211228_152755_3737438812_600_800.png,/scratch/parceirosbr/bigoilict/share/BigOil/document_generator/datasets/documents_2021_12_28/pai_1col_20211228_152755_3737438812_600_800.png,pai_1col_20211228_152755_3737438812_600_800_mask.png,Permeability
10,3,20,6,300,324,320,330,300,324,320,324,320,330,300,330,text,figure_text,figure_0,,,,pai_1col_20211228_152755_3737438812_600_800.png,/scratch/parceirosbr/bigoilict/share/BigOil/document_generator/datasets/documents_2021_12_28/pai_1col_20211228_152755_3737438812_600_800.png,pai_1col_20211228_152755_3737438812_600_800_mask.png,-233.3%
10,3,20,6,300,324,320,330,300,324,320,324,320,330,300,330,sub_line_text,figure_text,figure_0,,,,pai_1col_20211228_152755_3737438812_600_800.png,/scratch/parceirosbr/bigoilict/share/BigOil/document_generator/datasets/documents_2021_12_28/pai_1col_20211228_152755_3737438812_600_800.png,pai_1col_20211228_152755_3737438812_600_800_mask.png,-233.3%
11,3,23,6,308,473,331,479,308,473,331,473,331,479,308,479,text,figure_text,figure_0,,,,pai_1col_20211228_152755_3737438812_600_800.png,/scratch/parceirosbr/bigoilict/share/BigOil/document_generator/datasets/documents_2021_12_28/pai_1col_20211228_152755_3737438812_600_800.png,pai_1col_20211228_152755_3737438812_600_800_mask.png,-8954.58
11,3,23,6,308,473,331,479,308,473,331,473,331,479,308,479,sub_line_text,figure_text,figure_0,,,,pai_1col_20211228_152755_3737438812_600_800.png,/scratch/parceirosbr/bigoilict/share/BigOil/document_generator/datasets/documents_2021_12_28/pai_1col_20211228_152755_3737438812_600_800.png,pai_1col_20211228_152755_3737438812_600_800_mask.png,-8954.58
13,3,26,6,299,427,325,433,299,427,325,427,325,433,299,433,text,figure_text,figure_0,,,,pai_1col_20211228_152755_3737438812_600_800.png,/scratch/parceirosbr/bigoilict/share/BigOil/document_generator/datasets/documents_2021_12_28/pai_1col_20211228_152755_3737438812_600_800.png,pai_1col_20211228_152755_3737438812_600_800_mask.png,-2836.377
13,3,26,6,299,427,325,433,299,427,325,427,325,433,299,433,sub_line_text,figure_text,figure_0,,,,pai_1col_20211228_152755_3737438812_600_800.png,/scratch/parceirosbr/bigoilict/share/BigOil/document_generator/datasets/documents_2021_12_28/pai_1col_20211228_152755_3737438812_600_800.png,pai_1col_20211228_152755_3737438812_600_800_mask.png,-2836.377
8,3,16,6,306,444,322,450,306,444,322,444,322,450,306,450,text,figure_text,figure_0,,,,pai_1col_20211228_152755_3737438812_600_800.png,/scratch/parceirosbr/bigoilict/share/BigOil/document_generator/datasets/documents_2021_12_28/pai_1col_20211228_152755_3737438812_600_800.png,pai_1col_20211228_152755_3737438812_600_800_mask.png,North
8,3,16,6,306,444,322,450,306,444,322,444,322,450,306,450,sub_line_text,figure_text,figure_0,,,,pai_1col_20211228_152755_3737438812_600_800.png,/scratch/parceirosbr/bigoilict/share/BigOil/document_generator/datasets/documents_2021_12_28/pai_1col_20211228_152755_3737438812_600_800.png,pai_1col_20211228_152755_3737438812_600_800_mask.png,North
13,3,26,7,279,362,305,369,279,362,305,362,305,369,279,369,text,figure_text,figure_0,,,,pai_1col_20211228_152755_3737438812_600_800.png,/scratch/parceirosbr/bigoilict/share/BigOil/document_generator/datasets/documents_2021_12_28/pai_1col_20211228_152755_3737438812_600_800.png,pai_1col_20211228_152755_3737438812_600_800_mask.png,-9953.433
13,3,26,7,279,362,305,369,279,362,305,362,305,369,279,369,sub_line_text,figure_text,figure_0,,,,pai_1col_20211228_152755_3737438812_600_800.png,/scratch/parceirosbr/bigoilict/share/BigOil/document_generator/datasets/documents_2021_12_28/pai_1col_20211228_152755_3737438812_600_800.png,pai_1col_20211228_152755_3737438812_600_800_mask.png,-9953.433
10,3,20,6,277,407,297,413,277,407,297,407,297,413,277,413,text,figure_text,figure_0,,,,pai_1col_20211228_152755_3737438812_600_800.png,/scratch/parceirosbr/bigoilict/share/BigOil/document_generator/datasets/documents_2021_12_28/pai_1col_20211228_152755_3737438812_600_800.png,pai_1col_20211228_152755_3737438812_600_800_mask.png,Reason
10,3,20,6,277,407,297,413,277,407,297,407,297,413,277,413,sub_line_text,figure_text,figure_0,,,,pai_1col_20211228_152755_3737438812_600_800.png,/scratch/parceirosbr/bigoilict/share/BigOil/document_generator/datasets/documents_2021_12_28/pai_1col_20211228_152755_3737438812_600_800.png,pai_1col_20211228_152755_3737438812_600_800_mask.png,Reason
16,3,33,6,297,347,330,353,297,347,330,347,330,353,297,353,text,figure_text,figure_0,,,,pai_1col_20211228_152755_3737438812_600_800.png,/scratch/parceirosbr/bigoilict/share/BigOil/document_generator/datasets/documents_2021_12_28/pai_1col_20211228_152755_3737438812_600_800.png,pai_1col_20211228_152755_3737438812_600_800_mask.png,Volume [KB]
16,3,33,6,297,347,330,353,297,347,330,347,330,353,297,353,sub_line_text,figure_text,figure_0,,,,pai_1col_20211228_152755_3737438812_600_800.png,/scratch/parceirosbr/bigoilict/share/BigOil/document_generator/datasets/documents_2021_12_28/pai_1col_20211228_152755_3737438812_600_800.png,pai_1col_20211228_152755_3737438812_600_800_mask.png,Volume [KB]
10,3,21,7,288,400,309,407,288,400,309,400,309,407,288,407,text,figure_text,figure_0,,,,pai_1col_20211228_152755_3737438812_600_800.png,/scratch/parceirosbr/bigoilict/share/BigOil/document_generator/datasets/documents_2021_12_28/pai_1col_20211228_152755_3737438812_600_800.png,pai_1col_20211228_152755_3737438812_600_800_mask.png,884.17%
10,3,21,7,288,400,309,407,288,400,309,400,309,407,288,407,sub_line_text,figure_text,figure_0,,,,pai_1col_20211228_152755_3737438812_600_800.png,/scratch/parceirosbr/bigoilict/share/BigOil/document_generator/datasets/documents_2021_12_28/pai_1col_20211228_152755_3737438812_600_800.png,pai_1col_20211228_152755_3737438812_600_800_mask.png,884.17%
7,3,15,6,336,491,351,497,336,491,351,491,351,497,336,497,text,figure_text,figure_0,,,,pai_1col_20211228_152755_3737438812_600_800.png,/scratch/parceirosbr/bigoilict/share/BigOil/document_generator/datasets/documents_2021_12_28/pai_1col_20211228_152755_3737438812_600_800.png,pai_1col_20211228_152755_3737438812_600_800_mask.png,North
7,3,15,6,336,491,351,497,336,491,351,491,351,497,336,497,sub_line_text,figure_text,figure_0,,,,pai_1col_20211228_152755_3737438812_600_800.png,/scratch/parceirosbr/bigoilict/share/BigOil/document_generator/datasets/documents_2021_12_28/pai_1col_20211228_152755_3737438812_600_800.png,pai_1col_20211228_152755_3737438812_600_800_mask.png,North
16,3,33,6,276,437,309,443,276,437,309,437,309,443,276,443,text,figure_text,figure_0,,,,pai_1col_20211228_152755_3737438812_600_800.png,/scratch/parceirosbr/bigoilict/share/BigOil/document_generator/datasets/documents_2021_12_28/pai_1col_20211228_152755_3737438812_600_800.png,pai_1col_20211228_152755_3737438812_600_800_mask.png,Centimeters
16,3,33,6,276,437,309,443,276,437,309,437,309,443,276,443,sub_line_text,figure_text,figure_0,,,,pai_1col_20211228_152755_3737438812_600_800.png,/scratch/parceirosbr/bigoilict/share/BigOil/document_generator/datasets/documents_2021_12_28/pai_1col_20211228_152755_3737438812_600_800.png,pai_1col_20211228_152755_3737438812_600_800_mask.png,Centimeters
6,2,13,5,284,386,297,391,284,386,297,386,297,391,284,391,text,figure_text,figure_0,,,,pai_1col_20211228_152755_3737438812_600_800.png,/scratch/parceirosbr/bigoilict/share/BigOil/document_generator/datasets/documents_2021_12_28/pai_1col_20211228_152755_3737438812_600_800.png,pai_1col_20211228_152755_3737438812_600_800_mask.png,Rate
6,2,13,5,284,386,297,391,284,386,297,386,297,391,284,391,sub_line_text,figure_text,figure_0,,,,pai_1col_20211228_152755_3737438812_600_800.png,/scratch/parceirosbr/bigoilict/share/BigOil/document_generator/datasets/documents_2021_12_28/pai_1col_20211228_152755_3737438812_600_800.png,pai_1col_20211228_152755_3737438812_600_800_mask.png,Rate
24,3,49,7,278,355,327,362,278,355,327,355,327,362,278,362,text,figure_text,figure_0,,,,pai_1col_20211228_152755_3737438812_600_800.png,/scratch/parceirosbr/bigoilict/share/BigOil/document_generator/datasets/documents_2021_12_28/pai_1col_20211228_152755_3737438812_600_800.png,pai_1col_20211228_152755_3737438812_600_800_mask.png,Consumption [GB]
24,3,49,7,278,355,327,362,278,355,327,355,327,362,278,362,sub_line_text,figure_text,figure_0,,,,pai_1col_20211228_152755_3737438812_600_800.png,/scratch/parceirosbr/bigoilict/share/BigOil/document_generator/datasets/documents_2021_12_28/pai_1col_20211228_152755_3737438812_600_800.png,pai_1col_20211228_152755_3737438812_600_800_mask.png,Consumption [GB]
11,3,23,6,252,330,275,336,252,330,275,330,275,336,252,336,text,figure_text,figure_0,,,,pai_1col_20211228_152755_3737438812_600_800.png,/scratch/parceirosbr/bigoilict/share/BigOil/document_generator/datasets/documents_2021_12_28/pai_1col_20211228_152755_3737438812_600_800.png,pai_1col_20211228_152755_3737438812_600_800_mask.png,-7434.4%
11,3,23,6,252,330,275,336,252,330,275,330,275,336,252,336,sub_line_text,figure_text,figure_0,,,,pai_1col_20211228_152755_3737438812_600_800.png,/scratch/parceirosbr/bigoilict/share/BigOil/document_generator/datasets/documents_2021_12_28/pai_1col_20211228_152755_3737438812_600_800.png,pai_1col_20211228_152755_3737438812_600_800_mask.png,-7434.4%
10,3,21,7,333,447,354,454,333,447,354,447,354,454,333,454,text,figure_text,figure_0,,,,pai_1col_20211228_152755_3737438812_600_800.png,/scratch/parceirosbr/bigoilict/share/BigOil/document_generator/datasets/documents_2021_12_28/pai_1col_20211228_152755_3737438812_600_800.png,pai_1col_20211228_152755_3737438812_600_800_mask.png,Support
10,3,21,7,333,447,354,454,333,447,354,447,354,454,333,454,sub_line_text,figure_text,figure_0,,,,pai_1col_20211228_152755_3737438812_600_800.png,/scratch/parceirosbr/bigoilict/share/BigOil/document_generator/datasets/documents_2021_12_28/pai_1col_20211228_152755_3737438812_600_800.png,pai_1col_20211228_152755_3737438812_600_800_mask.png,Support
13,3,26,6,275,317,301,323,275,317,301,317,301,323,275,323,text,figure_text,figure_0,,,,pai_1col_20211228_152755_3737438812_600_800.png,/scratch/parceirosbr/bigoilict/share/BigOil/document_generator/datasets/documents_2021_12_28/pai_1col_20211228_152755_3737438812_600_800.png,pai_1col_20211228_152755_3737438812_600_800_mask.png,-1788.795
13,3,26,6,275,317,301,323,275,317,301,317,301,323,275,323,sub_line_text,figure_text,figure_0,,,,pai_1col_20211228_152755_3737438812_600_800.png,/scratch/parceirosbr/bigoilict/share/BigOil/document_generator/datasets/documents_2021_12_28/pai_1col_20211228_152755_3737438812_600_800.png,pai_1col_20211228_152755_3737438812_600_800_mask.png,-1788.795
6,3,13,7,351,347,364,354,351,347,364,347,364,354,351,354,text,figure_text,figure_0,,,,pai_1col_20211228_152755_3737438812_600_800.png,/scratch/parceirosbr/bigoilict/share/BigOil/document_generator/datasets/documents_2021_12_28/pai_1col_20211228_152755_3737438812_600_800.png,pai_1col_20211228_152755_3737438812_600_800_mask.png,Days
6,3,13,7,351,347,364,354,351,347,364,347,364,354,351,354,sub_line_text,figure_text,figure_0,,,,pai_1col_20211228_152755_3737438812_600_800.png,/scratch/parceirosbr/bigoilict/share/BigOil/document_generator/datasets/documents_2021_12_28/pai_1col_20211228_152755_3737438812_600_800.png,pai_1col_20211228_152755_3737438812_600_800_mask.png,Days
94,3,188,7,50,504,238,511,50,504,238,504,238,511,50,511,sub_line_text,figure_legend,figure_0,courier,bold,6,pai_1col_20211228_152755_3737438812_600_800.png,/scratch/parceirosbr/bigoilict/share/BigOil/document_generator/datasets/documents_2021_12_28/pai_1col_20211228_152755_3737438812_600_800.png,pai_1col_20211228_152755_3737438812_600_800_mask.png,"Figure 101:  uptake, transport and release by w"
94,3,188,7,50,504,238,511,50,504,238,504,238,511,50,511,text,figure_legend,figure_0,courier,bold,6,pai_1col_20211228_152755_3737438812_600_800.png,/scratch/parceirosbr/bigoilict/share/BigOil/document_generator/datasets/documents_2021_12_28/pai_1col_20211228_152755_3737438812_600_800.png,pai_1col_20211228_152755_3737438812_600_800_mask.png,nan
96,3,192,7,299,504,491,511,299,504,491,504,491,511,299,511,sub_line_text,figure_legend,figure_0,courier,bold,6,pai_1col_20211228_152755_3737438812_600_800.png,/scratch/parceirosbr/bigoilict/share/BigOil/document_generator/datasets/documents_2021_12_28/pai_1col_20211228_152755_3737438812_600_800.png,pai_1col_20211228_152755_3737438812_600_800_mask.png,Figure 134:  Os cálculos das outras propriedades
96,3,192,7,299,504,491,511,299,504,491,504,491,511,299,511,text,figure_legend,figure_0,courier,bold,6,pai_1col_20211228_152755_3737438812_600_800.png,/scratch/parceirosbr/bigoilict/share/BigOil/document_generator/datasets/documents_2021_12_28/pai_1col_20211228_152755_3737438812_600_800.png,pai_1col_20211228_152755_3737438812_600_800_mask.png,nan
218,3,436,7,110,516,546,523,110,516,546,516,546,523,110,523,sub_line_text,text,text_0,courier,regular,7,pai_1col_20211228_152755_3737438812_600_800.png,/scratch/parceirosbr/bigoilict/share/BigOil/document_generator/datasets/documents_2021_12_28/pai_1col_20211228_152755_3737438812_600_800.png,pai_1col_20211228_152755_3737438812_600_800_mask.png,"Por  outro  lado, observou-se maior produção enzimática nos diferentes substratos com as linhagens do gênero."
248,3,497,7,50,526,547,533,50,526,547,526,547,533,50,533,sub_line_text,text,text_0,courier,regular,7,pai_1col_20211228_152755_3737438812_600_800.png,/scratch/parceirosbr/bigoilict/share/BigOil/document_generator/datasets/documents_2021_12_28/pai_1col_20211228_152755_3737438812_600_800.png,pai_1col_20211228_152755_3737438812_600_800_mask.png,"Porém,  além  de  fatores  como a ligação atômica e fração volumétrica de fases no material, o módulo de elasticidade também"
248,3,496,7,50,536,546,543,50,536,546,536,546,543,50,543,sub_line_text,text,text_0,courier,regular,7,pai_1col_20211228_152755_3737438812_600_800.png,/scratch/parceirosbr/bigoilict/share/BigOil/document_generator/datasets/documents_2021_12_28/pai_1col_20211228_152755_3737438812_600_800.png,pai_1col_20211228_152755_3737438812_600_800_mask.png,"é  dependente  da  porosidade  presente no material. Possui excelente parque hoteleiro, além de inúmeras pousadas e casas de"
248,3,496,7,50,546,546,553,50,546,546,546,546,553,50,553,sub_line_text,text,text_0,courier,regular,7,pai_1col_20211228_152755_3737438812_600_800.png,/scratch/parceirosbr/bigoilict/share/BigOil/document_generator/datasets/documents_2021_12_28/pai_1col_20211228_152755_3737438812_600_800.png,pai_1col_20211228_152755_3737438812_600_800_mask.png,"veraneio,  camping,  em suma, total estrutura para o turismo. Portanto, a atenção está voltadapara o tipo de petróleo produ-"
248,3,496,7,50,556,546,563,50,556,546,556,546,563,50,563,sub_line_text,text,text_0,courier,regular,7,pai_1col_20211228_152755_3737438812_600_800.png,/scratch/parceirosbr/bigoilict/share/BigOil/document_generator/datasets/documents_2021_12_28/pai_1col_20211228_152755_3737438812_600_800.png,pai_1col_20211228_152755_3737438812_600_800_mask.png,"zido  no  país,  operfil  da demanda e as especificações dosprodutos. trabalha com uma carteira de projetos ordenada segundo"
248,3,496,7,50,566,546,573,50,566,546,566,546,573,50,573,sub_line_text,text,text_0,courier,regular,7,pai_1col_20211228_152755_3737438812_600_800.png,/scratch/parceirosbr/bigoilict/share/BigOil/document_generator/datasets/documents_2021_12_28/pai_1col_20211228_152755_3737438812_600_800.png,pai_1col_20211228_152755_3737438812_600_800_mask.png,oito  eixos  de  9  países  membros da. servindo como um divisor de águas menos salinas próximo à costa e águas mais salinas
248,3,496,7,50,576,546,583,50,576,546,576,546,583,50,583,sub_line_text,text,text_0,courier,regular,7,pai_1col_20211228_152755_3737438812_600_800.png,/scratch/parceirosbr/bigoilict/share/BigOil/document_generator/datasets/documents_2021_12_28/pai_1col_20211228_152755_3737438812_600_800.png,pai_1col_20211228_152755_3737438812_600_800_mask.png,próximo  ao  oceano  adjacente.  permitem mudanças nos parâmetros de solda para adequação em diversas aplicações e gases di-
248,3,496,7,50,586,546,593,50,586,546,586,546,593,50,593,sub_line_text,text,text_0,courier,regular,7,pai_1col_20211228_152755_3737438812_600_800.png,/scratch/parceirosbr/bigoilict/share/BigOil/document_generator/datasets/documents_2021_12_28/pai_1col_20211228_152755_3737438812_600_800.png,pai_1col_20211228_152755_3737438812_600_800_mask.png,ferente.  pode-se  analisar  o diâmetro das fibras com o auxílio do aplicativo. test and biological validation of microflui-
248,3,496,7,50,596,546,603,50,596,546,596,546,603,50,603,sub_line_text,text,text_0,courier,regular,7,pai_1col_20211228_152755_3737438812_600_800.png,/scratch/parceirosbr/bigoilict/share/BigOil/document_generator/datasets/documents_2021_12_28/pai_1col_20211228_152755_3737438812_600_800.png,pai_1col_20211228_152755_3737438812_600_800_mask.png,dic  systems  for  blood plasma separation of. verificar se ocorre alteração nas propriedades do material infiltrado. uma r-
248,3,496,7,50,606,546,613,50,606,546,606,546,613,50,613,sub_line_text,text,text_0,courier,regular,7,pai_1col_20211228_152755_3737438812_600_800.png,/scratch/parceirosbr/bigoilict/share/BigOil/document_generator/datasets/documents_2021_12_28/pai_1col_20211228_152755_3737438812_600_800.png,pai_1col_20211228_152755_3737438812_600_800_mask.png,esina  adequada:  utilizar  misturas  e realizar a homogeneização a úmido. meios que geram boa dispersão da mistura para que
244,3,488,7,50,616,538,623,50,616,538,616,538,623,50,623,sub_line_text,text,text_0,courier,regular,7,pai_1col_20211228_152755_3737438812_600_800.png,/scratch/parceirosbr/bigoilict/share/BigOil/document_generator/datasets/documents_2021_12_28/pai_1col_20211228_152755_3737438812_600_800.png,pai_1col_20211228_152755_3737438812_600_800_mask.png,se obtenha a mistura mais homogênea possível. a estrutura do corpo-verde utilizando técnicas de metalografia quantitativa.
248,53,497,107,50,516,547,623,50,516,547,516,547,623,50,623,text,text,text_0,courier,regular,7,pai_1col_20211228_152755_3737438812_600_800.png,/scratch/parceirosbr/bigoilict/share/BigOil/document_generator/datasets/documents_2021_12_28/pai_1col_20211228_152755_3737438812_600_800.png,pai_1col_20211228_152755_3737438812_600_800_mask.png,nan
218,3,437,7,110,628,547,635,110,628,547,628,547,635,110,635,sub_line_text,text,text_1,courier,regular,7,pai_1col_20211228_152755_3737438812_600_800.png,/scratch/parceirosbr/bigoilict/share/BigOil/document_generator/datasets/documents_2021_12_28/pai_1col_20211228_152755_3737438812_600_800.png,pai_1col_20211228_152755_3737438812_600_800_mask.png,Como  referido  no  as  amostras  da argila branca utilizadas nesta tese foram as mesmas utilizadas por de em
248,3,496,7,50,638,546,645,50,638,546,638,546,645,50,645,sub_line_text,text,text_1,courier,regular,7,pai_1col_20211228_152755_3737438812_600_800.png,/scratch/parceirosbr/bigoilict/share/BigOil/document_generator/datasets/documents_2021_12_28/pai_1col_20211228_152755_3737438812_600_800.png,pai_1col_20211228_152755_3737438812_600_800_mask.png,sua  tese  de 2002) e caracterizada por ele através das principais análises de caracterização de argila. Como pode ser obse-
248,3,496,7,50,648,546,655,50,648,546,648,546,655,50,655,sub_line_text,text,text_1,courier,regular,7,pai_1col_20211228_152755_3737438812_600_800.png,/scratch/parceirosbr/bigoilict/share/BigOil/document_generator/datasets/documents_2021_12_28/pai_1col_20211228_152755_3737438812_600_800.png,pai_1col_20211228_152755_3737438812_600_800_mask.png,"rvado,  após  a passagem nas obstruções, para as seções do micromisturador. Consulta e o tema foi reavaliado pela equipe té-"
248,3,496,7,50,658,546,665,50,658,546,658,546,665,50,665,sub_line_text,text,text_1,courier,regular,7,pai_1col_20211228_152755_3737438812_600_800.png,/scratch/parceirosbr/bigoilict/share/BigOil/document_generator/datasets/documents_2021_12_28/pai_1col_20211228_152755_3737438812_600_800.png,pai_1col_20211228_152755_3737438812_600_800_mask.png,cnica  da  e  optou-se pela retirada da obrigatoriedade de contratação da para adição de detergentes dispersantes à gasolina
248,3,496,7,50,668,546,675,50,668,546,668,546,675,50,675,sub_line_text,text,text_1,courier,regular,7,pai_1col_20211228_152755_3737438812_600_800.png,/scratch/parceirosbr/bigoilict/share/BigOil/document_generator/datasets/documents_2021_12_28/pai_1col_20211228_152755_3737438812_600_800.png,pai_1col_20211228_152755_3737438812_600_800_mask.png,"importada,  conforme  depreende-se  da  leitura da n 40/2013. Agradeço enormemente a minha família pelo grande apoio e cari-"
248,3,496,7,50,678,546,685,50,678,546,678,546,685,50,685,sub_line_text,text,text_1,courier,regular,7,pai_1col_20211228_152755_3737438812_600_800.png,/scratch/parceirosbr/bigoilict/share/BigOil/document_generator/datasets/documents_2021_12_28/pai_1col_20211228_152755_3737438812_600_800.png,pai_1col_20211228_152755_3737438812_600_800_mask.png,"nho  que  é  me  dado desde sempre. Acordo formalizado entre o e os demais territórios, anteriormente a quaisquer normas pu-"
248,3,496,7,50,688,546,695,50,688,546,688,546,695,50,695,sub_line_text,text,text_1,courier,regular,7,pai_1col_20211228_152755_3737438812_600_800.png,/scratch/parceirosbr/bigoilict/share/BigOil/document_generator/datasets/documents_2021_12_28/pai_1col_20211228_152755_3737438812_600_800.png,pai_1col_20211228_152755_3737438812_600_800_mask.png,"blicadas,  foi  o  ponto  fundamental  para a harmonização das regras nos dois níveis de responsabilidade. 17 3 3.1. Além da"
248,3,496,7,50,698,546,705,50,698,546,698,546,705,50,705,sub_line_text,text,text_1,courier,regular,7,pai_1col_20211228_152755_3737438812_600_800.png,/scratch/parceirosbr/bigoilict/share/BigOil/document_generator/datasets/documents_2021_12_28/pai_1col_20211228_152755_3737438812_600_800.png,pai_1col_20211228_152755_3737438812_600_800_mask.png,"cobrança  pelos  gastos diretamente relacionados às operações (direct charges), a operadora cobrará do consórcio um percent-"
244,3,488,7,50,708,538,715,50,708,538,708,538,715,50,715,sub_line_text,text,text_1,courier,regular,7,pai_1col_20211228_152755_3737438812_600_800.png,/scratch/parceirosbr/bigoilict/share/BigOil/document_generator/datasets/documents_2021_12_28/pai_1col_20211228_152755_3737438812_600_800.png,pai_1col_20211228_152755_3737438812_600_800_mask.png,"ual previamente acordado destes gastos, a título de submeter conjunto gestão são: na despesas indiretas (indirect charges."
248,43,497,87,50,628,547,715,50,628,547,628,547,715,50,715,text,text,text_1,courier,regular,7,pai_1col_20211228_152755_3737438812_600_800.png,/scratch/parceirosbr/bigoilict/share/BigOil/document_generator/datasets/documents_2021_12_28/pai_1col_20211228_152755_3737438812_600_800.png,pai_1col_20211228_152755_3737438812_600_800_mask.png,nan
