center_x,center_y,width,height,xmin,ymin,xmax,ymax,top_left_x,top_left_y,top_right_x,top_right_y,bottom_right_x,bottom_right_y,bottom_left_x,bottom_left_y,label,grouplabel,group,text_font,text_style,size_font,filename,path,filename_mask,content
300,400,600,800,0,0,600,800,0,0,600,0,600,800,0,800,document,,,,,,pai_3cols_20211228_152930_7463148033_600_800.png,/scratch/parceirosbr/bigoilict/share/BigOil/document_generator/datasets/documents_2021_12_28/pai_3cols_20211228_152930_7463148033_600_800.png,pai_3cols_20211228_152930_7463148033_600_800_mask.png,
30,5,60,11,484,91,544,102,484,91,544,91,544,102,484,102,sub_line_text,header,header_1,roboto,regular,9,pai_3cols_20211228_152930_7463148033_600_800.png,/scratch/parceirosbr/bigoilict/share/BigOil/document_generator/datasets/documents_2021_12_28/pai_3cols_20211228_152930_7463148033_600_800.png,pai_3cols_20211228_152930_7463148033_600_800_mask.png,Conte√∫do local
30,5,60,11,484,91,544,102,484,91,544,91,544,102,484,102,text,header,header_1,roboto,regular,9,pai_3cols_20211228_152930_7463148033_600_800.png,/scratch/parceirosbr/bigoilict/share/BigOil/document_generator/datasets/documents_2021_12_28/pai_3cols_20211228_152930_7463148033_600_800.png,pai_3cols_20211228_152930_7463148033_600_800_mask.png,nan
239,1,479,2,66,101,545,103,66,101,545,101,545,103,66,103,line,line,line,,,,pai_3cols_20211228_152930_7463148033_600_800.png,/scratch/parceirosbr/bigoilict/share/BigOil/document_generator/datasets/documents_2021_12_28/pai_3cols_20211228_152930_7463148033_600_800.png,pai_3cols_20211228_152930_7463148033_600_800_mask.png,nan
71,63,142,126,66,111,208,237,66,111,208,111,208,237,66,237,image,figure_image,figure_0,,,,pai_3cols_20211228_152930_7463148033_600_800.png,/scratch/parceirosbr/bigoilict/share/BigOil/document_generator/datasets/documents_2021_12_28/pai_3cols_20211228_152930_7463148033_600_800.png,pai_3cols_20211228_152930_7463148033_600_800_mask.png,output/gen_img_20211228_152930_7027094706.png
9,0,19,0,72,229,91,229,72,224,92,229,91,233,71,229,text,figure_text,figure_0,,,,pai_3cols_20211228_152930_7463148033_600_800.png,/scratch/parceirosbr/bigoilict/share/BigOil/document_generator/datasets/documents_2021_12_28/pai_3cols_20211228_152930_7463148033_600_800.png,pai_3cols_20211228_152930_7463148033_600_800_mask.png,Quality(GB)
9,0,19,0,72,229,91,229,72,224,92,229,91,233,71,229,sub_line_text,figure_text,figure_0,,,,pai_3cols_20211228_152930_7463148033_600_800.png,/scratch/parceirosbr/bigoilict/share/BigOil/document_generator/datasets/documents_2021_12_28/pai_3cols_20211228_152930_7463148033_600_800.png,pai_3cols_20211228_152930_7463148033_600_800_mask.png,Quality(GB)
6,1,13,2,136,133,149,135,136,130,150,133,149,138,135,135,text,figure_text,figure_0,,,,pai_3cols_20211228_152930_7463148033_600_800.png,/scratch/parceirosbr/bigoilict/share/BigOil/document_generator/datasets/documents_2021_12_28/pai_3cols_20211228_152930_7463148033_600_800.png,pai_3cols_20211228_152930_7463148033_600_800_mask.png,Average
6,1,13,2,136,133,149,135,136,130,150,133,149,138,135,135,sub_line_text,figure_text,figure_0,,,,pai_3cols_20211228_152930_7463148033_600_800.png,/scratch/parceirosbr/bigoilict/share/BigOil/document_generator/datasets/documents_2021_12_28/pai_3cols_20211228_152930_7463148033_600_800.png,pai_3cols_20211228_152930_7463148033_600_800_mask.png,Average
5,0,11,1,166,142,177,143,166,140,178,142,177,146,165,143,text,figure_text,figure_0,,,,pai_3cols_20211228_152930_7463148033_600_800.png,/scratch/parceirosbr/bigoilict/share/BigOil/document_generator/datasets/documents_2021_12_28/pai_3cols_20211228_152930_7463148033_600_800.png,pai_3cols_20211228_152930_7463148033_600_800_mask.png,-9359.6
5,0,11,1,166,142,177,143,166,140,178,142,177,146,165,143,sub_line_text,figure_text,figure_0,,,,pai_3cols_20211228_152930_7463148033_600_800.png,/scratch/parceirosbr/bigoilict/share/BigOil/document_generator/datasets/documents_2021_12_28/pai_3cols_20211228_152930_7463148033_600_800.png,pai_3cols_20211228_152930_7463148033_600_800_mask.png,-9359.6
7,0,14,1,191,217,205,218,191,214,206,217,205,221,190,218,text,figure_text,figure_0,,,,pai_3cols_20211228_152930_7463148033_600_800.png,/scratch/parceirosbr/bigoilict/share/BigOil/document_generator/datasets/documents_2021_12_28/pai_3cols_20211228_152930_7463148033_600_800.png,pai_3cols_20211228_152930_7463148033_600_800_mask.png,-7058.57
7,0,14,1,191,217,205,218,191,214,206,217,205,221,190,218,sub_line_text,figure_text,figure_0,,,,pai_3cols_20211228_152930_7463148033_600_800.png,/scratch/parceirosbr/bigoilict/share/BigOil/document_generator/datasets/documents_2021_12_28/pai_3cols_20211228_152930_7463148033_600_800.png,pai_3cols_20211228_152930_7463148033_600_800_mask.png,-7058.57
7,0,14,0,113,133,127,133,113,129,128,133,127,136,112,133,text,figure_text,figure_0,,,,pai_3cols_20211228_152930_7463148033_600_800.png,/scratch/parceirosbr/bigoilict/share/BigOil/document_generator/datasets/documents_2021_12_28/pai_3cols_20211228_152930_7463148033_600_800.png,pai_3cols_20211228_152930_7463148033_600_800_mask.png,-4059.72
7,0,14,0,113,133,127,133,113,129,128,133,127,136,112,133,sub_line_text,figure_text,figure_0,,,,pai_3cols_20211228_152930_7463148033_600_800.png,/scratch/parceirosbr/bigoilict/share/BigOil/document_generator/datasets/documents_2021_12_28/pai_3cols_20211228_152930_7463148033_600_800.png,pai_3cols_20211228_152930_7463148033_600_800_mask.png,-4059.72
14,-1,29,-2,155,212,184,210,155,206,185,212,184,217,154,210,text,figure_text,figure_0,,,,pai_3cols_20211228_152930_7463148033_600_800.png,/scratch/parceirosbr/bigoilict/share/BigOil/document_generator/datasets/documents_2021_12_28/pai_3cols_20211228_152930_7463148033_600_800.png,pai_3cols_20211228_152930_7463148033_600_800_mask.png,Consumption [TB]
14,-1,29,-2,155,212,184,210,155,206,185,212,184,217,154,210,sub_line_text,figure_text,figure_0,,,,pai_3cols_20211228_152930_7463148033_600_800.png,/scratch/parceirosbr/bigoilict/share/BigOil/document_generator/datasets/documents_2021_12_28/pai_3cols_20211228_152930_7463148033_600_800.png,pai_3cols_20211228_152930_7463148033_600_800_mask.png,Consumption [TB]
11,0,22,-1,76,219,98,218,76,214,98,219,98,223,75,218,text,figure_text,figure_0,,,,pai_3cols_20211228_152930_7463148033_600_800.png,/scratch/parceirosbr/bigoilict/share/BigOil/document_generator/datasets/documents_2021_12_28/pai_3cols_20211228_152930_7463148033_600_800.png,pai_3cols_20211228_152930_7463148033_600_800_mask.png,Concentration
11,0,22,-1,76,219,98,218,76,214,98,219,98,223,75,218,sub_line_text,figure_text,figure_0,,,,pai_3cols_20211228_152930_7463148033_600_800.png,/scratch/parceirosbr/bigoilict/share/BigOil/document_generator/datasets/documents_2021_12_28/pai_3cols_20211228_152930_7463148033_600_800.png,pai_3cols_20211228_152930_7463148033_600_800_mask.png,Concentration
4,0,9,1,142,193,151,194,142,191,152,193,151,196,141,194,text,figure_text,figure_0,,,,pai_3cols_20211228_152930_7463148033_600_800.png,/scratch/parceirosbr/bigoilict/share/BigOil/document_generator/datasets/documents_2021_12_28/pai_3cols_20211228_152930_7463148033_600_800.png,pai_3cols_20211228_152930_7463148033_600_800_mask.png,-3251
4,0,9,1,142,193,151,194,142,191,152,193,151,196,141,194,sub_line_text,figure_text,figure_0,,,,pai_3cols_20211228_152930_7463148033_600_800.png,/scratch/parceirosbr/bigoilict/share/BigOil/document_generator/datasets/documents_2021_12_28/pai_3cols_20211228_152930_7463148033_600_800.png,pai_3cols_20211228_152930_7463148033_600_800_mask.png,-3251
8,0,16,0,119,200,135,200,119,196,136,200,135,204,118,200,text,figure_text,figure_0,,,,pai_3cols_20211228_152930_7463148033_600_800.png,/scratch/parceirosbr/bigoilict/share/BigOil/document_generator/datasets/documents_2021_12_28/pai_3cols_20211228_152930_7463148033_600_800.png,pai_3cols_20211228_152930_7463148033_600_800_mask.png,Movement
8,0,16,0,119,200,135,200,119,196,136,200,135,204,118,200,sub_line_text,figure_text,figure_0,,,,pai_3cols_20211228_152930_7463148033_600_800.png,/scratch/parceirosbr/bigoilict/share/BigOil/document_generator/datasets/documents_2021_12_28/pai_3cols_20211228_152930_7463148033_600_800.png,pai_3cols_20211228_152930_7463148033_600_800_mask.png,Movement
15,-1,31,-2,81,155,112,153,81,148,113,155,112,159,80,153,text,figure_text,figure_0,,,,pai_3cols_20211228_152930_7463148033_600_800.png,/scratch/parceirosbr/bigoilict/share/BigOil/document_generator/datasets/documents_2021_12_28/pai_3cols_20211228_152930_7463148033_600_800.png,pai_3cols_20211228_152930_7463148033_600_800_mask.png,Consumption [MB]
15,-1,31,-2,81,155,112,153,81,148,113,155,112,159,80,153,sub_line_text,figure_text,figure_0,,,,pai_3cols_20211228_152930_7463148033_600_800.png,/scratch/parceirosbr/bigoilict/share/BigOil/document_generator/datasets/documents_2021_12_28/pai_3cols_20211228_152930_7463148033_600_800.png,pai_3cols_20211228_152930_7463148033_600_800_mask.png,Consumption [MB]
7,0,15,1,144,176,159,177,144,173,160,176,159,181,143,177,text,figure_text,figure_0,,,,pai_3cols_20211228_152930_7463148033_600_800.png,/scratch/parceirosbr/bigoilict/share/BigOil/document_generator/datasets/documents_2021_12_28/pai_3cols_20211228_152930_7463148033_600_800.png,pai_3cols_20211228_152930_7463148033_600_800_mask.png,Liters (L)
7,0,15,1,144,176,159,177,144,173,160,176,159,181,143,177,sub_line_text,figure_text,figure_0,,,,pai_3cols_20211228_152930_7463148033_600_800.png,/scratch/parceirosbr/bigoilict/share/BigOil/document_generator/datasets/documents_2021_12_28/pai_3cols_20211228_152930_7463148033_600_800.png,pai_3cols_20211228_152930_7463148033_600_800_mask.png,Liters (L)
6,0,13,1,144,125,157,126,144,122,157,125,157,129,143,126,text,figure_text,figure_0,,,,pai_3cols_20211228_152930_7463148033_600_800.png,/scratch/parceirosbr/bigoilict/share/BigOil/document_generator/datasets/documents_2021_12_28/pai_3cols_20211228_152930_7463148033_600_800.png,pai_3cols_20211228_152930_7463148033_600_800_mask.png,Traction
6,0,13,1,144,125,157,126,144,122,157,125,157,129,143,126,sub_line_text,figure_text,figure_0,,,,pai_3cols_20211228_152930_7463148033_600_800.png,/scratch/parceirosbr/bigoilict/share/BigOil/document_generator/datasets/documents_2021_12_28/pai_3cols_20211228_152930_7463148033_600_800.png,pai_3cols_20211228_152930_7463148033_600_800_mask.png,Traction
4,0,8,1,116,218,124,219,116,216,125,218,124,221,115,219,text,figure_text,figure_0,,,,pai_3cols_20211228_152930_7463148033_600_800.png,/scratch/parceirosbr/bigoilict/share/BigOil/document_generator/datasets/documents_2021_12_28/pai_3cols_20211228_152930_7463148033_600_800.png,pai_3cols_20211228_152930_7463148033_600_800_mask.png,384%
4,0,8,1,116,218,124,219,116,216,125,218,124,221,115,219,sub_line_text,figure_text,figure_0,,,,pai_3cols_20211228_152930_7463148033_600_800.png,/scratch/parceirosbr/bigoilict/share/BigOil/document_generator/datasets/documents_2021_12_28/pai_3cols_20211228_152930_7463148033_600_800.png,pai_3cols_20211228_152930_7463148033_600_800_mask.png,384%
5,1,10,2,191,224,201,226,191,222,202,224,201,228,190,226,text,figure_text,figure_0,,,,pai_3cols_20211228_152930_7463148033_600_800.png,/scratch/parceirosbr/bigoilict/share/BigOil/document_generator/datasets/documents_2021_12_28/pai_3cols_20211228_152930_7463148033_600_800.png,pai_3cols_20211228_152930_7463148033_600_800_mask.png,-975%
5,1,10,2,191,224,201,226,191,222,202,224,201,228,190,226,sub_line_text,figure_text,figure_0,,,,pai_3cols_20211228_152930_7463148033_600_800.png,/scratch/parceirosbr/bigoilict/share/BigOil/document_generator/datasets/documents_2021_12_28/pai_3cols_20211228_152930_7463148033_600_800.png,pai_3cols_20211228_152930_7463148033_600_800_mask.png,-975%
7,0,14,0,192,207,206,207,192,204,207,207,206,210,191,207,text,figure_text,figure_0,,,,pai_3cols_20211228_152930_7463148033_600_800.png,/scratch/parceirosbr/bigoilict/share/BigOil/document_generator/datasets/documents_2021_12_28/pai_3cols_20211228_152930_7463148033_600_800.png,pai_3cols_20211228_152930_7463148033_600_800_mask.png,Statistics
7,0,14,0,192,207,206,207,192,204,207,207,206,210,191,207,sub_line_text,figure_text,figure_0,,,,pai_3cols_20211228_152930_7463148033_600_800.png,/scratch/parceirosbr/bigoilict/share/BigOil/document_generator/datasets/documents_2021_12_28/pai_3cols_20211228_152930_7463148033_600_800.png,pai_3cols_20211228_152930_7463148033_600_800_mask.png,Statistics
5,0,10,1,85,187,95,188,85,185,96,187,95,191,84,188,text,figure_text,figure_0,,,,pai_3cols_20211228_152930_7463148033_600_800.png,/scratch/parceirosbr/bigoilict/share/BigOil/document_generator/datasets/documents_2021_12_28/pai_3cols_20211228_152930_7463148033_600_800.png,pai_3cols_20211228_152930_7463148033_600_800_mask.png,68.268
5,0,10,1,85,187,95,188,85,185,96,187,95,191,84,188,sub_line_text,figure_text,figure_0,,,,pai_3cols_20211228_152930_7463148033_600_800.png,/scratch/parceirosbr/bigoilict/share/BigOil/document_generator/datasets/documents_2021_12_28/pai_3cols_20211228_152930_7463148033_600_800.png,pai_3cols_20211228_152930_7463148033_600_800_mask.png,68.268
8,0,16,0,71,167,87,167,71,163,88,167,87,171,70,167,text,figure_text,figure_0,,,,pai_3cols_20211228_152930_7463148033_600_800.png,/scratch/parceirosbr/bigoilict/share/BigOil/document_generator/datasets/documents_2021_12_28/pai_3cols_20211228_152930_7463148033_600_800.png,pai_3cols_20211228_152930_7463148033_600_800_mask.png,Data [GB]
8,0,16,0,71,167,87,167,71,163,88,167,87,171,70,167,sub_line_text,figure_text,figure_0,,,,pai_3cols_20211228_152930_7463148033_600_800.png,/scratch/parceirosbr/bigoilict/share/BigOil/document_generator/datasets/documents_2021_12_28/pai_3cols_20211228_152930_7463148033_600_800.png,pai_3cols_20211228_152930_7463148033_600_800_mask.png,Data [GB]
8,0,17,-1,174,164,191,163,174,160,192,164,191,167,173,163,text,figure_text,figure_0,,,,pai_3cols_20211228_152930_7463148033_600_800.png,/scratch/parceirosbr/bigoilict/share/BigOil/document_generator/datasets/documents_2021_12_28/pai_3cols_20211228_152930_7463148033_600_800.png,pai_3cols_20211228_152930_7463148033_600_800_mask.png,-8921.85%
8,0,17,-1,174,164,191,163,174,160,192,164,191,167,173,163,sub_line_text,figure_text,figure_0,,,,pai_3cols_20211228_152930_7463148033_600_800.png,/scratch/parceirosbr/bigoilict/share/BigOil/document_generator/datasets/documents_2021_12_28/pai_3cols_20211228_152930_7463148033_600_800.png,pai_3cols_20211228_152930_7463148033_600_800_mask.png,-8921.85%
3,1,7,2,153,232,160,234,153,230,161,232,160,235,152,234,text,figure_text,figure_0,,,,pai_3cols_20211228_152930_7463148033_600_800.png,/scratch/parceirosbr/bigoilict/share/BigOil/document_generator/datasets/documents_2021_12_28/pai_3cols_20211228_152930_7463148033_600_800.png,pai_3cols_20211228_152930_7463148033_600_800_mask.png,Time
3,1,7,2,153,232,160,234,153,230,161,232,160,235,152,234,sub_line_text,figure_text,figure_0,,,,pai_3cols_20211228_152930_7463148033_600_800.png,/scratch/parceirosbr/bigoilict/share/BigOil/document_generator/datasets/documents_2021_12_28/pai_3cols_20211228_152930_7463148033_600_800.png,pai_3cols_20211228_152930_7463148033_600_800_mask.png,Time
7,0,15,1,123,162,138,163,123,159,139,162,138,166,122,163,text,figure_text,figure_0,,,,pai_3cols_20211228_152930_7463148033_600_800.png,/scratch/parceirosbr/bigoilict/share/BigOil/document_generator/datasets/documents_2021_12_28/pai_3cols_20211228_152930_7463148033_600_800.png,pai_3cols_20211228_152930_7463148033_600_800_mask.png,Power (F)
7,0,15,1,123,162,138,163,123,159,139,162,138,166,122,163,sub_line_text,figure_text,figure_0,,,,pai_3cols_20211228_152930_7463148033_600_800.png,/scratch/parceirosbr/bigoilict/share/BigOil/document_generator/datasets/documents_2021_12_28/pai_3cols_20211228_152930_7463148033_600_800.png,pai_3cols_20211228_152930_7463148033_600_800_mask.png,Power (F)
3,1,6,2,106,211,112,213,106,210,113,211,112,215,105,213,text,figure_text,figure_0,,,,pai_3cols_20211228_152930_7463148033_600_800.png,/scratch/parceirosbr/bigoilict/share/BigOil/document_generator/datasets/documents_2021_12_28/pai_3cols_20211228_152930_7463148033_600_800.png,pai_3cols_20211228_152930_7463148033_600_800_mask.png,-714
3,1,6,2,106,211,112,213,106,210,113,211,112,215,105,213,sub_line_text,figure_text,figure_0,,,,pai_3cols_20211228_152930_7463148033_600_800.png,/scratch/parceirosbr/bigoilict/share/BigOil/document_generator/datasets/documents_2021_12_28/pai_3cols_20211228_152930_7463148033_600_800.png,pai_3cols_20211228_152930_7463148033_600_800_mask.png,-714
7,0,14,0,105,140,119,140,105,136,120,140,119,143,104,140,text,figure_text,figure_0,,,,pai_3cols_20211228_152930_7463148033_600_800.png,/scratch/parceirosbr/bigoilict/share/BigOil/document_generator/datasets/documents_2021_12_28/pai_3cols_20211228_152930_7463148033_600_800.png,pai_3cols_20211228_152930_7463148033_600_800_mask.png,-8233.53
7,0,14,0,105,140,119,140,105,136,120,140,119,143,104,140,sub_line_text,figure_text,figure_0,,,,pai_3cols_20211228_152930_7463148033_600_800.png,/scratch/parceirosbr/bigoilict/share/BigOil/document_generator/datasets/documents_2021_12_28/pai_3cols_20211228_152930_7463148033_600_800.png,pai_3cols_20211228_152930_7463148033_600_800_mask.png,-8233.53
7,0,15,1,127,171,142,172,127,168,143,171,142,175,126,172,text,figure_text,figure_0,,,,pai_3cols_20211228_152930_7463148033_600_800.png,/scratch/parceirosbr/bigoilict/share/BigOil/document_generator/datasets/documents_2021_12_28/pai_3cols_20211228_152930_7463148033_600_800.png,pai_3cols_20211228_152930_7463148033_600_800_mask.png,-3205.7%
7,0,15,1,127,171,142,172,127,168,143,171,142,175,126,172,sub_line_text,figure_text,figure_0,,,,pai_3cols_20211228_152930_7463148033_600_800.png,/scratch/parceirosbr/bigoilict/share/BigOil/document_generator/datasets/documents_2021_12_28/pai_3cols_20211228_152930_7463148033_600_800.png,pai_3cols_20211228_152930_7463148033_600_800_mask.png,-3205.7%
11,0,22,0,160,119,182,119,160,114,183,119,182,124,159,119,text,figure_text,figure_0,,,,pai_3cols_20211228_152930_7463148033_600_800.png,/scratch/parceirosbr/bigoilict/share/BigOil/document_generator/datasets/documents_2021_12_28/pai_3cols_20211228_152930_7463148033_600_800.png,pai_3cols_20211228_152930_7463148033_600_800_mask.png,Demand (KB)
11,0,22,0,160,119,182,119,160,114,183,119,182,124,159,119,sub_line_text,figure_text,figure_0,,,,pai_3cols_20211228_152930_7463148033_600_800.png,/scratch/parceirosbr/bigoilict/share/BigOil/document_generator/datasets/documents_2021_12_28/pai_3cols_20211228_152930_7463148033_600_800.png,pai_3cols_20211228_152930_7463148033_600_800_mask.png,Demand (KB)
11,0,22,0,148,222,170,222,148,217,171,222,170,227,147,222,text,figure_text,figure_0,,,,pai_3cols_20211228_152930_7463148033_600_800.png,/scratch/parceirosbr/bigoilict/share/BigOil/document_generator/datasets/documents_2021_12_28/pai_3cols_20211228_152930_7463148033_600_800.png,pai_3cols_20211228_152930_7463148033_600_800_mask.png,Demand [KB]
11,0,22,0,148,222,170,222,148,217,171,222,170,227,147,222,sub_line_text,figure_text,figure_0,,,,pai_3cols_20211228_152930_7463148033_600_800.png,/scratch/parceirosbr/bigoilict/share/BigOil/document_generator/datasets/documents_2021_12_28/pai_3cols_20211228_152930_7463148033_600_800.png,pai_3cols_20211228_152930_7463148033_600_800_mask.png,Demand [KB]
5,1,10,2,76,120,86,122,76,118,87,120,86,125,75,122,text,figure_text,figure_0,,,,pai_3cols_20211228_152930_7463148033_600_800.png,/scratch/parceirosbr/bigoilict/share/BigOil/document_generator/datasets/documents_2021_12_28/pai_3cols_20211228_152930_7463148033_600_800.png,pai_3cols_20211228_152930_7463148033_600_800_mask.png,Export
5,1,10,2,76,120,86,122,76,118,87,120,86,125,75,122,sub_line_text,figure_text,figure_0,,,,pai_3cols_20211228_152930_7463148033_600_800.png,/scratch/parceirosbr/bigoilict/share/BigOil/document_generator/datasets/documents_2021_12_28/pai_3cols_20211228_152930_7463148033_600_800.png,pai_3cols_20211228_152930_7463148033_600_800_mask.png,Export
4,1,8,3,87,194,95,197,87,192,96,194,95,199,86,197,text,figure_text,figure_0,,,,pai_3cols_20211228_152930_7463148033_600_800.png,/scratch/parceirosbr/bigoilict/share/BigOil/document_generator/datasets/documents_2021_12_28/pai_3cols_20211228_152930_7463148033_600_800.png,pai_3cols_20211228_152930_7463148033_600_800_mask.png,Unity
4,1,8,3,87,194,95,197,87,192,96,194,95,199,86,197,sub_line_text,figure_text,figure_0,,,,pai_3cols_20211228_152930_7463148033_600_800.png,/scratch/parceirosbr/bigoilict/share/BigOil/document_generator/datasets/documents_2021_12_28/pai_3cols_20211228_152930_7463148033_600_800.png,pai_3cols_20211228_152930_7463148033_600_800_mask.png,Unity
3,1,6,2,199,156,205,158,199,154,206,156,205,159,198,158,text,figure_text,figure_0,,,,pai_3cols_20211228_152930_7463148033_600_800.png,/scratch/parceirosbr/bigoilict/share/BigOil/document_generator/datasets/documents_2021_12_28/pai_3cols_20211228_152930_7463148033_600_800.png,pai_3cols_20211228_152930_7463148033_600_800_mask.png,Unit
3,1,6,2,199,156,205,158,199,154,206,156,205,159,198,158,sub_line_text,figure_text,figure_0,,,,pai_3cols_20211228_152930_7463148033_600_800.png,/scratch/parceirosbr/bigoilict/share/BigOil/document_generator/datasets/documents_2021_12_28/pai_3cols_20211228_152930_7463148033_600_800.png,pai_3cols_20211228_152930_7463148033_600_800_mask.png,Unit
40,5,81,10,81,242,162,252,81,242,162,242,162,252,81,252,sub_line_text,figure_legend,figure_0,roboto,bolditalic,8,pai_3cols_20211228_152930_7463148033_600_800.png,/scratch/parceirosbr/bigoilict/share/BigOil/document_generator/datasets/documents_2021_12_28/pai_3cols_20211228_152930_7463148033_600_800.png,pai_3cols_20211228_152930_7463148033_600_800_mask.png,"Figure 77:  The regions,"
40,5,81,10,81,242,162,252,81,242,162,242,162,252,81,252,text,figure_legend,figure_0,roboto,bolditalic,8,pai_3cols_20211228_152930_7463148033_600_800.png,/scratch/parceirosbr/bigoilict/share/BigOil/document_generator/datasets/documents_2021_12_28/pai_3cols_20211228_152930_7463148033_600_800.png,pai_3cols_20211228_152930_7463148033_600_800_mask.png,nan
55,5,111,11,81,259,192,270,81,259,192,259,192,270,81,270,sub_line_text,subsubsubtitle,subsubsubtitle_0,roboto,bold,9,pai_3cols_20211228_152930_7463148033_600_800.png,/scratch/parceirosbr/bigoilict/share/BigOil/document_generator/datasets/documents_2021_12_28/pai_3cols_20211228_152930_7463148033_600_800.png,pai_3cols_20211228_152930_7463148033_600_800_mask.png,Vendas parte distribuidoras
55,5,111,11,81,259,192,270,81,259,192,259,192,270,81,270,title,subsubsubtitle,subsubsubtitle_0,roboto,bold,9,pai_3cols_20211228_152930_7463148033_600_800.png,/scratch/parceirosbr/bigoilict/share/BigOil/document_generator/datasets/documents_2021_12_28/pai_3cols_20211228_152930_7463148033_600_800.png,pai_3cols_20211228_152930_7463148033_600_800_mask.png,nan
71,35,142,71,66,278,208,349,66,278,208,278,208,349,66,349,image,figure_image,figure_1,,,,pai_3cols_20211228_152930_7463148033_600_800.png,/scratch/parceirosbr/bigoilict/share/BigOil/document_generator/datasets/documents_2021_12_28/pai_3cols_20211228_152930_7463148033_600_800.png,pai_3cols_20211228_152930_7463148033_600_800_mask.png,output/gen_img_20211228_152931_3900244079.png
9,1,18,3,78,284,96,287,78,284,96,284,96,287,78,287,text,figure_text,figure_1,,,,pai_3cols_20211228_152930_7463148033_600_800.png,/scratch/parceirosbr/bigoilict/share/BigOil/document_generator/datasets/documents_2021_12_28/pai_3cols_20211228_152930_7463148033_600_800.png,pai_3cols_20211228_152930_7463148033_600_800_mask.png,Demand (KB)
9,1,18,3,78,284,96,287,78,284,96,284,96,287,78,287,sub_line_text,figure_text,figure_1,,,,pai_3cols_20211228_152930_7463148033_600_800.png,/scratch/parceirosbr/bigoilict/share/BigOil/document_generator/datasets/documents_2021_12_28/pai_3cols_20211228_152930_7463148033_600_800.png,pai_3cols_20211228_152930_7463148033_600_800_mask.png,Demand (KB)
5,3,10,6,136,311,146,317,136,314,144,311,146,314,137,317,text,figure_text,figure_1,,,,pai_3cols_20211228_152930_7463148033_600_800.png,/scratch/parceirosbr/bigoilict/share/BigOil/document_generator/datasets/documents_2021_12_28/pai_3cols_20211228_152930_7463148033_600_800.png,pai_3cols_20211228_152930_7463148033_600_800_mask.png,-3134%
5,3,10,6,136,311,146,317,136,314,144,311,146,314,137,317,sub_line_text,figure_text,figure_1,,,,pai_3cols_20211228_152930_7463148033_600_800.png,/scratch/parceirosbr/bigoilict/share/BigOil/document_generator/datasets/documents_2021_12_28/pai_3cols_20211228_152930_7463148033_600_800.png,pai_3cols_20211228_152930_7463148033_600_800_mask.png,-3134%
5,2,10,4,120,308,130,312,120,309,129,308,130,312,120,312,text,figure_text,figure_1,,,,pai_3cols_20211228_152930_7463148033_600_800.png,/scratch/parceirosbr/bigoilict/share/BigOil/document_generator/datasets/documents_2021_12_28/pai_3cols_20211228_152930_7463148033_600_800.png,pai_3cols_20211228_152930_7463148033_600_800_mask.png,-5047%
5,2,10,4,120,308,130,312,120,309,129,308,130,312,120,312,sub_line_text,figure_text,figure_1,,,,pai_3cols_20211228_152930_7463148033_600_800.png,/scratch/parceirosbr/bigoilict/share/BigOil/document_generator/datasets/documents_2021_12_28/pai_3cols_20211228_152930_7463148033_600_800.png,pai_3cols_20211228_152930_7463148033_600_800_mask.png,-5047%
5,2,11,4,174,321,185,325,174,322,185,321,185,325,174,325,text,figure_text,figure_1,,,,pai_3cols_20211228_152930_7463148033_600_800.png,/scratch/parceirosbr/bigoilict/share/BigOil/document_generator/datasets/documents_2021_12_28/pai_3cols_20211228_152930_7463148033_600_800.png,pai_3cols_20211228_152930_7463148033_600_800_mask.png,Training
5,2,11,4,174,321,185,325,174,322,185,321,185,325,174,325,sub_line_text,figure_text,figure_1,,,,pai_3cols_20211228_152930_7463148033_600_800.png,/scratch/parceirosbr/bigoilict/share/BigOil/document_generator/datasets/documents_2021_12_28/pai_3cols_20211228_152930_7463148033_600_800.png,pai_3cols_20211228_152930_7463148033_600_800_mask.png,Training
3,0,6,-1,89,329,95,328,89,325,97,329,95,332,88,328,text,figure_text,figure_1,,,,pai_3cols_20211228_152930_7463148033_600_800.png,/scratch/parceirosbr/bigoilict/share/BigOil/document_generator/datasets/documents_2021_12_28/pai_3cols_20211228_152930_7463148033_600_800.png,pai_3cols_20211228_152930_7463148033_600_800_mask.png,-5488
3,0,6,-1,89,329,95,328,89,325,97,329,95,332,88,328,sub_line_text,figure_text,figure_1,,,,pai_3cols_20211228_152930_7463148033_600_800.png,/scratch/parceirosbr/bigoilict/share/BigOil/document_generator/datasets/documents_2021_12_28/pai_3cols_20211228_152930_7463148033_600_800.png,pai_3cols_20211228_152930_7463148033_600_800_mask.png,-5488
3,-1,7,-2,79,340,86,338,79,335,88,340,86,343,77,338,text,figure_text,figure_1,,,,pai_3cols_20211228_152930_7463148033_600_800.png,/scratch/parceirosbr/bigoilict/share/BigOil/document_generator/datasets/documents_2021_12_28/pai_3cols_20211228_152930_7463148033_600_800.png,pai_3cols_20211228_152930_7463148033_600_800_mask.png,-6475.5
3,-1,7,-2,79,340,86,338,79,335,88,340,86,343,77,338,sub_line_text,figure_text,figure_1,,,,pai_3cols_20211228_152930_7463148033_600_800.png,/scratch/parceirosbr/bigoilict/share/BigOil/document_generator/datasets/documents_2021_12_28/pai_3cols_20211228_152930_7463148033_600_800.png,pai_3cols_20211228_152930_7463148033_600_800_mask.png,-6475.5
12,-1,24,-2,116,338,140,336,116,333,141,338,140,341,115,336,text,figure_text,figure_1,,,,pai_3cols_20211228_152930_7463148033_600_800.png,/scratch/parceirosbr/bigoilict/share/BigOil/document_generator/datasets/documents_2021_12_28/pai_3cols_20211228_152930_7463148033_600_800.png,pai_3cols_20211228_152930_7463148033_600_800_mask.png,Consumption (MB)
12,-1,24,-2,116,338,140,336,116,333,141,338,140,341,115,336,sub_line_text,figure_text,figure_1,,,,pai_3cols_20211228_152930_7463148033_600_800.png,/scratch/parceirosbr/bigoilict/share/BigOil/document_generator/datasets/documents_2021_12_28/pai_3cols_20211228_152930_7463148033_600_800.png,pai_3cols_20211228_152930_7463148033_600_800_mask.png,Consumption (MB)
6,2,12,5,136,282,148,287,136,284,148,282,148,286,137,287,text,figure_text,figure_1,,,,pai_3cols_20211228_152930_7463148033_600_800.png,/scratch/parceirosbr/bigoilict/share/BigOil/document_generator/datasets/documents_2021_12_28/pai_3cols_20211228_152930_7463148033_600_800.png,pai_3cols_20211228_152930_7463148033_600_800_mask.png,Projects
6,2,12,5,136,282,148,287,136,284,148,282,148,286,137,287,sub_line_text,figure_text,figure_1,,,,pai_3cols_20211228_152930_7463148033_600_800.png,/scratch/parceirosbr/bigoilict/share/BigOil/document_generator/datasets/documents_2021_12_28/pai_3cols_20211228_152930_7463148033_600_800.png,pai_3cols_20211228_152930_7463148033_600_800_mask.png,Projects
4,0,8,-1,168,307,176,306,168,303,177,307,176,310,166,306,text,figure_text,figure_1,,,,pai_3cols_20211228_152930_7463148033_600_800.png,/scratch/parceirosbr/bigoilict/share/BigOil/document_generator/datasets/documents_2021_12_28/pai_3cols_20211228_152930_7463148033_600_800.png,pai_3cols_20211228_152930_7463148033_600_800_mask.png,-6307%
4,0,8,-1,168,307,176,306,168,303,177,307,176,310,166,306,sub_line_text,figure_text,figure_1,,,,pai_3cols_20211228_152930_7463148033_600_800.png,/scratch/parceirosbr/bigoilict/share/BigOil/document_generator/datasets/documents_2021_12_28/pai_3cols_20211228_152930_7463148033_600_800.png,pai_3cols_20211228_152930_7463148033_600_800_mask.png,-6307%
5,3,10,7,186,340,196,347,186,345,195,340,196,343,187,347,text,figure_text,figure_1,,,,pai_3cols_20211228_152930_7463148033_600_800.png,/scratch/parceirosbr/bigoilict/share/BigOil/document_generator/datasets/documents_2021_12_28/pai_3cols_20211228_152930_7463148033_600_800.png,pai_3cols_20211228_152930_7463148033_600_800_mask.png,-6088.1
5,3,10,7,186,340,196,347,186,345,195,340,196,343,187,347,sub_line_text,figure_text,figure_1,,,,pai_3cols_20211228_152930_7463148033_600_800.png,/scratch/parceirosbr/bigoilict/share/BigOil/document_generator/datasets/documents_2021_12_28/pai_3cols_20211228_152930_7463148033_600_800.png,pai_3cols_20211228_152930_7463148033_600_800_mask.png,-6088.1
6,1,12,3,118,322,130,325,118,322,130,322,130,325,118,325,text,figure_text,figure_1,,,,pai_3cols_20211228_152930_7463148033_600_800.png,/scratch/parceirosbr/bigoilict/share/BigOil/document_generator/datasets/documents_2021_12_28/pai_3cols_20211228_152930_7463148033_600_800.png,pai_3cols_20211228_152930_7463148033_600_800_mask.png,-2449.7%
6,1,12,3,118,322,130,325,118,322,130,322,130,325,118,325,sub_line_text,figure_text,figure_1,,,,pai_3cols_20211228_152930_7463148033_600_800.png,/scratch/parceirosbr/bigoilict/share/BigOil/document_generator/datasets/documents_2021_12_28/pai_3cols_20211228_152930_7463148033_600_800.png,pai_3cols_20211228_152930_7463148033_600_800_mask.png,-2449.7%
57,5,115,10,81,354,196,364,81,354,196,354,196,364,81,364,sub_line_text,figure_legend,figure_1,roboto,bolditalic,8,pai_3cols_20211228_152930_7463148033_600_800.png,/scratch/parceirosbr/bigoilict/share/BigOil/document_generator/datasets/documents_2021_12_28/pai_3cols_20211228_152930_7463148033_600_800.png,pai_3cols_20211228_152930_7463148033_600_800_mask.png,Fig.   69:      The   method   of  qu-
57,5,115,10,81,369,196,379,81,369,196,369,196,379,81,379,sub_line_text,figure_legend,figure_1,roboto,bolditalic,8,pai_3cols_20211228_152930_7463148033_600_800.png,/scratch/parceirosbr/bigoilict/share/BigOil/document_generator/datasets/documents_2021_12_28/pai_3cols_20211228_152930_7463148033_600_800.png,pai_3cols_20211228_152930_7463148033_600_800_mask.png,antification     of     total     nitrog-
57,5,115,10,81,384,196,394,81,384,196,384,196,394,81,394,sub_line_text,figure_legend,figure_1,roboto,bolditalic,8,pai_3cols_20211228_152930_7463148033_600_800.png,/scratch/parceirosbr/bigoilict/share/BigOil/document_generator/datasets/documents_2021_12_28/pai_3cols_20211228_152930_7463148033_600_800.png,pai_3cols_20211228_152930_7463148033_600_800_mask.png,"en   was   used,  which  was  carr-"
16,5,32,10,81,399,113,409,81,399,113,399,113,409,81,409,sub_line_text,figure_legend,figure_1,roboto,bolditalic,8,pai_3cols_20211228_152930_7463148033_600_800.png,/scratch/parceirosbr/bigoilict/share/BigOil/document_generator/datasets/documents_2021_12_28/pai_3cols_20211228_152930_7463148033_600_800.png,pai_3cols_20211228_152930_7463148033_600_800_mask.png,ied out in
57,27,115,55,81,354,196,409,81,354,196,354,196,409,81,409,text,figure_legend,figure_1,roboto,bolditalic,8,pai_3cols_20211228_152930_7463148033_600_800.png,/scratch/parceirosbr/bigoilict/share/BigOil/document_generator/datasets/documents_2021_12_28/pai_3cols_20211228_152930_7463148033_600_800.png,pai_3cols_20211228_152930_7463148033_600_800_mask.png,nan
62,5,124,11,80,416,204,427,80,416,204,416,204,427,80,427,sub_line_text,text,text_0,roboto,regular,9,pai_3cols_20211228_152930_7463148033_600_800.png,/scratch/parceirosbr/bigoilict/share/BigOil/document_generator/datasets/documents_2021_12_28/pai_3cols_20211228_152930_7463148033_600_800.png,pai_3cols_20211228_152930_7463148033_600_800_mask.png,A  medida  que a concentra√ß√£o
69,5,138,11,66,432,204,443,66,432,204,432,204,443,66,443,sub_line_text,text,text_0,roboto,regular,9,pai_3cols_20211228_152930_7463148033_600_800.png,/scratch/parceirosbr/bigoilict/share/BigOil/document_generator/datasets/documents_2021_12_28/pai_3cols_20211228_152930_7463148033_600_800.png,pai_3cols_20211228_152930_7463148033_600_800_mask.png,"de  part√≠culas  dispersas aumenta,"
69,5,139,11,66,448,205,459,66,448,205,448,205,459,66,459,sub_line_text,text,text_0,roboto,regular,9,pai_3cols_20211228_152930_7463148033_600_800.png,/scratch/parceirosbr/bigoilict/share/BigOil/document_generator/datasets/documents_2021_12_28/pai_3cols_20211228_152930_7463148033_600_800.png,pai_3cols_20211228_152930_7463148033_600_800_mask.png,"consequentemente,   sua   viscosi-"
69,5,139,11,66,464,205,475,66,464,205,464,205,475,66,475,sub_line_text,text,text_0,roboto,regular,9,pai_3cols_20211228_152930_7463148033_600_800.png,/scratch/parceirosbr/bigoilict/share/BigOil/document_generator/datasets/documents_2021_12_28/pai_3cols_20211228_152930_7463148033_600_800.png,pai_3cols_20211228_152930_7463148033_600_800_mask.png,dade  pl√°stica  tamb√©m ira aumen-
69,5,139,11,66,480,205,491,66,480,205,480,205,491,66,491,sub_line_text,text,text_0,roboto,regular,9,pai_3cols_20211228_152930_7463148033_600_800.png,/scratch/parceirosbr/bigoilict/share/BigOil/document_generator/datasets/documents_2021_12_28/pai_3cols_20211228_152930_7463148033_600_800.png,pai_3cols_20211228_152930_7463148033_600_800_mask.png,tar.  Also  interviewed  were  actors
67,5,134,11,66,496,200,507,66,496,200,496,200,507,66,507,sub_line_text,text,text_0,roboto,regular,9,pai_3cols_20211228_152930_7463148033_600_800.png,/scratch/parceirosbr/bigoilict/share/BigOil/document_generator/datasets/documents_2021_12_28/pai_3cols_20211228_152930_7463148033_600_800.png,pai_3cols_20211228_152930_7463148033_600_800_mask.png,who have mastery over the histor.
69,45,139,91,66,416,205,507,66,416,205,416,205,507,66,507,text,text,text_0,roboto,regular,9,pai_3cols_20211228_152930_7463148033_600_800.png,/scratch/parceirosbr/bigoilict/share/BigOil/document_generator/datasets/documents_2021_12_28/pai_3cols_20211228_152930_7463148033_600_800.png,pai_3cols_20211228_152930_7463148033_600_800_mask.png,nan
62,5,124,11,80,514,204,525,80,514,204,514,204,525,80,525,sub_line_text,text,text_1,roboto,regular,9,pai_3cols_20211228_152930_7463148033_600_800.png,/scratch/parceirosbr/bigoilict/share/BigOil/document_generator/datasets/documents_2021_12_28/pai_3cols_20211228_152930_7463148033_600_800.png,pai_3cols_20211228_152930_7463148033_600_800_mask.png,"Posteriormente,   as  amostras"
69,5,138,11,66,530,204,541,66,530,204,530,204,541,66,541,sub_line_text,text,text_1,roboto,regular,9,pai_3cols_20211228_152930_7463148033_600_800.png,/scratch/parceirosbr/bigoilict/share/BigOil/document_generator/datasets/documents_2021_12_28/pai_3cols_20211228_152930_7463148033_600_800.png,pai_3cols_20211228_152930_7463148033_600_800_mask.png,foram   destiladas   por  um  tempo
69,5,138,11,66,546,204,557,66,546,204,546,204,557,66,557,sub_line_text,text,text_1,roboto,regular,9,pai_3cols_20211228_152930_7463148033_600_800.png,/scratch/parceirosbr/bigoilict/share/BigOil/document_generator/datasets/documents_2021_12_28/pai_3cols_20211228_152930_7463148033_600_800.png,pai_3cols_20211228_152930_7463148033_600_800_mask.png,de  6  min  e  a  am√¥nia  liberada foi
69,5,138,11,66,562,204,573,66,562,204,562,204,573,66,573,sub_line_text,text,text_1,roboto,regular,9,pai_3cols_20211228_152930_7463148033_600_800.png,/scratch/parceirosbr/bigoilict/share/BigOil/document_generator/datasets/documents_2021_12_28/pai_3cols_20211228_152930_7463148033_600_800.png,pai_3cols_20211228_152930_7463148033_600_800_mask.png,absorvida   em  um  erlenmeyer  de
70,5,140,11,66,578,206,589,66,578,206,578,206,589,66,589,sub_line_text,text,text_1,roboto,regular,9,pai_3cols_20211228_152930_7463148033_600_800.png,/scratch/parceirosbr/bigoilict/share/BigOil/document_generator/datasets/documents_2021_12_28/pai_3cols_20211228_152930_7463148033_600_800.png,pai_3cols_20211228_152930_7463148033_600_800_mask.png,500  mL contendo 100 mL de √°cido
66,5,132,11,66,594,198,605,66,594,198,594,198,605,66,605,sub_line_text,text,text_1,roboto,regular,9,pai_3cols_20211228_152930_7463148033_600_800.png,/scratch/parceirosbr/bigoilict/share/BigOil/document_generator/datasets/documents_2021_12_28/pai_3cols_20211228_152930_7463148033_600_800.png,pai_3cols_20211228_152930_7463148033_600_800_mask.png,b√≥rico 20 g/L e 3 gotas de indica.
70,45,140,91,66,514,206,605,66,514,206,514,206,605,66,605,text,text,text_1,roboto,regular,9,pai_3cols_20211228_152930_7463148033_600_800.png,/scratch/parceirosbr/bigoilict/share/BigOil/document_generator/datasets/documents_2021_12_28/pai_3cols_20211228_152930_7463148033_600_800.png,pai_3cols_20211228_152930_7463148033_600_800_mask.png,nan
62,5,125,11,80,612,205,623,80,612,205,612,205,623,80,623,sub_line_text,text,text_2,roboto,regular,9,pai_3cols_20211228_152930_7463148033_600_800.png,/scratch/parceirosbr/bigoilict/share/BigOil/document_generator/datasets/documents_2021_12_28/pai_3cols_20211228_152930_7463148033_600_800.png,pai_3cols_20211228_152930_7463148033_600_800_mask.png,Whilst  hydraulic  fracturing has
69,5,139,11,66,628,205,639,66,628,205,628,205,639,66,639,sub_line_text,text,text_2,roboto,regular,9,pai_3cols_20211228_152930_7463148033_600_800.png,/scratch/parceirosbr/bigoilict/share/BigOil/document_generator/datasets/documents_2021_12_28/pai_3cols_20211228_152930_7463148033_600_800.png,pai_3cols_20211228_152930_7463148033_600_800_mask.png,been  a drilling techniques used for
69,5,138,11,66,644,204,655,66,644,204,644,204,655,66,655,sub_line_text,text,text_2,roboto,regular,9,pai_3cols_20211228_152930_7463148033_600_800.png,/scratch/parceirosbr/bigoilict/share/BigOil/document_generator/datasets/documents_2021_12_28/pai_3cols_20211228_152930_7463148033_600_800.png,pai_3cols_20211228_152930_7463148033_600_800_mask.png,many  years  as  part  of  enhanced
69,5,138,11,66,660,204,671,66,660,204,660,204,671,66,671,sub_line_text,text,text_2,roboto,regular,9,pai_3cols_20211228_152930_7463148033_600_800.png,/scratch/parceirosbr/bigoilict/share/BigOil/document_generator/datasets/documents_2021_12_28/pai_3cols_20211228_152930_7463148033_600_800.png,pai_3cols_20211228_152930_7463148033_600_800_mask.png,oil  and  gas  recovery and for geot-
69,5,138,11,66,676,204,687,66,676,204,676,204,687,66,687,sub_line_text,text,text_2,roboto,regular,9,pai_3cols_20211228_152930_7463148033_600_800.png,/scratch/parceirosbr/bigoilict/share/BigOil/document_generator/datasets/documents_2021_12_28/pai_3cols_20211228_152930_7463148033_600_800.png,pai_3cols_20211228_152930_7463148033_600_800_mask.png,"hermal exploitation, its application."
69,37,139,75,66,612,205,687,66,612,205,612,205,687,66,687,text,text,text_2,roboto,regular,9,pai_3cols_20211228_152930_7463148033_600_800.png,/scratch/parceirosbr/bigoilict/share/BigOil/document_generator/datasets/documents_2021_12_28/pai_3cols_20211228_152930_7463148033_600_800.png,pai_3cols_20211228_152930_7463148033_600_800_mask.png,nan
61,5,122,11,80,694,202,705,80,694,202,694,202,705,80,705,sub_line_text,text,text_3,roboto,regular,9,pai_3cols_20211228_152930_7463148033_600_800.png,/scratch/parceirosbr/bigoilict/share/BigOil/document_generator/datasets/documents_2021_12_28/pai_3cols_20211228_152930_7463148033_600_800.png,pai_3cols_20211228_152930_7463148033_600_800_mask.png,No que tange ao melhoramen-.
61,5,122,11,80,694,202,705,80,694,202,694,202,705,80,705,text,text,text_3,roboto,regular,9,pai_3cols_20211228_152930_7463148033_600_800.png,/scratch/parceirosbr/bigoilict/share/BigOil/document_generator/datasets/documents_2021_12_28/pai_3cols_20211228_152930_7463148033_600_800.png,pai_3cols_20211228_152930_7463148033_600_800_mask.png,nan
62,5,124,11,248,111,372,122,248,111,372,111,372,122,248,122,sub_line_text,text,text_4,roboto,regular,9,pai_3cols_20211228_152930_7463148033_600_800.png,/scratch/parceirosbr/bigoilict/share/BigOil/document_generator/datasets/documents_2021_12_28/pai_3cols_20211228_152930_7463148033_600_800.png,pai_3cols_20211228_152930_7463148033_600_800_mask.png,"O  triacetin  poderia  ser,  tamb-"
69,5,139,11,234,127,373,138,234,127,373,127,373,138,234,138,sub_line_text,text,text_4,roboto,regular,9,pai_3cols_20211228_152930_7463148033_600_800.png,/scratch/parceirosbr/bigoilict/share/BigOil/document_generator/datasets/documents_2021_12_28/pai_3cols_20211228_152930_7463148033_600_800.png,pai_3cols_20211228_152930_7463148033_600_800_mask.png,"√©m,  utilizado  como  aditivo, sobre-"
69,5,138,11,234,143,372,154,234,143,372,143,372,154,234,154,sub_line_text,text,text_4,roboto,regular,9,pai_3cols_20211228_152930_7463148033_600_800.png,/scratch/parceirosbr/bigoilict/share/BigOil/document_generator/datasets/documents_2021_12_28/pai_3cols_20211228_152930_7463148033_600_800.png,pai_3cols_20211228_152930_7463148033_600_800_mask.png,tudo  em  diesel  ou mesmo quero-
69,5,139,11,234,159,373,170,234,159,373,159,373,170,234,170,sub_line_text,text,text_4,roboto,regular,9,pai_3cols_20211228_152930_7463148033_600_800.png,/scratch/parceirosbr/bigoilict/share/BigOil/document_generator/datasets/documents_2021_12_28/pai_3cols_20211228_152930_7463148033_600_800.png,pai_3cols_20211228_152930_7463148033_600_800_mask.png,sene  de  avia√ß√£o.  2.3. de. Particul-
69,5,139,11,234,175,373,186,234,175,373,175,373,186,234,186,sub_line_text,text,text_4,roboto,regular,9,pai_3cols_20211228_152930_7463148033_600_800.png,/scratch/parceirosbr/bigoilict/share/BigOil/document_generator/datasets/documents_2021_12_28/pai_3cols_20211228_152930_7463148033_600_800.png,pai_3cols_20211228_152930_7463148033_600_800_mask.png,arly  in  the  loss  of  intensity by ab-
69,5,139,11,234,191,373,202,234,191,373,191,373,202,234,202,sub_line_text,text,text_4,roboto,regular,9,pai_3cols_20211228_152930_7463148033_600_800.png,/scratch/parceirosbr/bigoilict/share/BigOil/document_generator/datasets/documents_2021_12_28/pai_3cols_20211228_152930_7463148033_600_800.png,pai_3cols_20211228_152930_7463148033_600_800_mask.png,"sorption,   the  extinction  coefficie-"
68,5,136,11,234,207,370,218,234,207,370,207,370,218,234,218,sub_line_text,text,text_4,roboto,regular,9,pai_3cols_20211228_152930_7463148033_600_800.png,/scratch/parceirosbr/bigoilict/share/BigOil/document_generator/datasets/documents_2021_12_28/pai_3cols_20211228_152930_7463148033_600_800.png,pai_3cols_20211228_152930_7463148033_600_800_mask.png,nt is related to the absorption coe.
69,53,139,107,234,111,373,218,234,111,373,111,373,218,234,218,text,text,text_4,roboto,regular,9,pai_3cols_20211228_152930_7463148033_600_800.png,/scratch/parceirosbr/bigoilict/share/BigOil/document_generator/datasets/documents_2021_12_28/pai_3cols_20211228_152930_7463148033_600_800.png,pai_3cols_20211228_152930_7463148033_600_800_mask.png,nan
68,59,136,118,237,225,373,343,237,225,373,225,373,343,237,343,table,table_image,table_0,,,,pai_3cols_20211228_152930_7463148033_600_800.png,/scratch/parceirosbr/bigoilict/share/BigOil/document_generator/datasets/documents_2021_12_28/pai_3cols_20211228_152930_7463148033_600_800.png,pai_3cols_20211228_152930_7463148033_600_800_mask.png,output/gen_tab_20211228_152932_9018947805.png
17,5,34,10,259,229,293,239,259,229,293,229,293,239,259,239,text,table_text,table_0,roboto,regular,9.0,pai_3cols_20211228_152930_7463148033_600_800.png,/scratch/parceirosbr/bigoilict/share/BigOil/document_generator/datasets/documents_2021_12_28/pai_3cols_20211228_152930_7463148033_600_800.png,pai_3cols_20211228_152930_7463148033_600_800_mask.png,realizado
17,5,34,10,259,229,293,239,259,229,293,229,293,239,259,239,sub_line_text,table_text,table_0,roboto,regular,9.0,pai_3cols_20211228_152930_7463148033_600_800.png,/scratch/parceirosbr/bigoilict/share/BigOil/document_generator/datasets/documents_2021_12_28/pai_3cols_20211228_152930_7463148033_600_800.png,pai_3cols_20211228_152930_7463148033_600_800_mask.png,realizado
5,5,11,10,282,243,293,253,282,243,293,243,293,253,282,253,text,table_text,table_0,roboto,regular,9.0,pai_3cols_20211228_152930_7463148033_600_800.png,/scratch/parceirosbr/bigoilict/share/BigOil/document_generator/datasets/documents_2021_12_28/pai_3cols_20211228_152930_7463148033_600_800.png,pai_3cols_20211228_152930_7463148033_600_800_mask.png,9.1
5,5,11,10,282,243,293,253,282,243,293,243,293,253,282,253,sub_line_text,table_text,table_0,roboto,regular,9.0,pai_3cols_20211228_152930_7463148033_600_800.png,/scratch/parceirosbr/bigoilict/share/BigOil/document_generator/datasets/documents_2021_12_28/pai_3cols_20211228_152930_7463148033_600_800.png,pai_3cols_20211228_152930_7463148033_600_800_mask.png,9.1
5,5,11,10,282,256,293,266,282,256,293,256,293,266,282,266,text,table_text,table_0,roboto,regular,9.0,pai_3cols_20211228_152930_7463148033_600_800.png,/scratch/parceirosbr/bigoilict/share/BigOil/document_generator/datasets/documents_2021_12_28/pai_3cols_20211228_152930_7463148033_600_800.png,pai_3cols_20211228_152930_7463148033_600_800_mask.png,8.0
5,5,11,10,282,256,293,266,282,256,293,256,293,266,282,266,sub_line_text,table_text,table_0,roboto,regular,9.0,pai_3cols_20211228_152930_7463148033_600_800.png,/scratch/parceirosbr/bigoilict/share/BigOil/document_generator/datasets/documents_2021_12_28/pai_3cols_20211228_152930_7463148033_600_800.png,pai_3cols_20211228_152930_7463148033_600_800_mask.png,8.0
10,5,21,10,272,270,293,280,272,270,293,270,293,280,272,280,text,table_text,table_0,roboto,regular,9.0,pai_3cols_20211228_152930_7463148033_600_800.png,/scratch/parceirosbr/bigoilict/share/BigOil/document_generator/datasets/documents_2021_12_28/pai_3cols_20211228_152930_7463148033_600_800.png,pai_3cols_20211228_152930_7463148033_600_800_mask.png,284.6
10,5,21,10,272,270,293,280,272,270,293,270,293,280,272,280,sub_line_text,table_text,table_0,roboto,regular,9.0,pai_3cols_20211228_152930_7463148033_600_800.png,/scratch/parceirosbr/bigoilict/share/BigOil/document_generator/datasets/documents_2021_12_28/pai_3cols_20211228_152930_7463148033_600_800.png,pai_3cols_20211228_152930_7463148033_600_800_mask.png,284.6
12,5,25,10,267,283,292,293,267,283,292,283,292,293,267,293,text,table_text,table_0,roboto,regular,9.0,pai_3cols_20211228_152930_7463148033_600_800.png,/scratch/parceirosbr/bigoilict/share/BigOil/document_generator/datasets/documents_2021_12_28/pai_3cols_20211228_152930_7463148033_600_800.png,pai_3cols_20211228_152930_7463148033_600_800_mask.png,5429.3
12,5,25,10,267,283,292,293,267,283,292,283,292,293,267,293,sub_line_text,table_text,table_0,roboto,regular,9.0,pai_3cols_20211228_152930_7463148033_600_800.png,/scratch/parceirosbr/bigoilict/share/BigOil/document_generator/datasets/documents_2021_12_28/pai_3cols_20211228_152930_7463148033_600_800.png,pai_3cols_20211228_152930_7463148033_600_800_mask.png,5429.3
5,5,11,10,282,296,293,306,282,296,293,296,293,306,282,306,text,table_text,table_0,roboto,regular,9.0,pai_3cols_20211228_152930_7463148033_600_800.png,/scratch/parceirosbr/bigoilict/share/BigOil/document_generator/datasets/documents_2021_12_28/pai_3cols_20211228_152930_7463148033_600_800.png,pai_3cols_20211228_152930_7463148033_600_800_mask.png,9.5
5,5,11,10,282,296,293,306,282,296,293,296,293,306,282,306,sub_line_text,table_text,table_0,roboto,regular,9.0,pai_3cols_20211228_152930_7463148033_600_800.png,/scratch/parceirosbr/bigoilict/share/BigOil/document_generator/datasets/documents_2021_12_28/pai_3cols_20211228_152930_7463148033_600_800.png,pai_3cols_20211228_152930_7463148033_600_800_mask.png,9.5
12,5,25,10,267,310,292,320,267,310,292,310,292,320,267,320,text,table_text,table_0,roboto,regular,9.0,pai_3cols_20211228_152930_7463148033_600_800.png,/scratch/parceirosbr/bigoilict/share/BigOil/document_generator/datasets/documents_2021_12_28/pai_3cols_20211228_152930_7463148033_600_800.png,pai_3cols_20211228_152930_7463148033_600_800_mask.png,2560.5
12,5,25,10,267,310,292,320,267,310,292,310,292,320,267,320,sub_line_text,table_text,table_0,roboto,regular,9.0,pai_3cols_20211228_152930_7463148033_600_800.png,/scratch/parceirosbr/bigoilict/share/BigOil/document_generator/datasets/documents_2021_12_28/pai_3cols_20211228_152930_7463148033_600_800.png,pai_3cols_20211228_152930_7463148033_600_800_mask.png,2560.5
5,5,11,10,358,323,369,333,358,323,369,323,369,333,358,333,text,table_text,table_0,roboto,regular,9.0,pai_3cols_20211228_152930_7463148033_600_800.png,/scratch/parceirosbr/bigoilict/share/BigOil/document_generator/datasets/documents_2021_12_28/pai_3cols_20211228_152930_7463148033_600_800.png,pai_3cols_20211228_152930_7463148033_600_800_mask.png,6.4
5,5,11,10,358,323,369,333,358,323,369,323,369,333,358,333,sub_line_text,table_text,table_0,roboto,regular,9.0,pai_3cols_20211228_152930_7463148033_600_800.png,/scratch/parceirosbr/bigoilict/share/BigOil/document_generator/datasets/documents_2021_12_28/pai_3cols_20211228_152930_7463148033_600_800.png,pai_3cols_20211228_152930_7463148033_600_800_mask.png,6.4
7,5,14,10,325,229,339,239,325,229,339,229,339,239,325,239,text,table_text,table_0,roboto,regular,9.0,pai_3cols_20211228_152930_7463148033_600_800.png,/scratch/parceirosbr/bigoilict/share/BigOil/document_generator/datasets/documents_2021_12_28/pai_3cols_20211228_152930_7463148033_600_800.png,pai_3cols_20211228_152930_7463148033_600_800_mask.png,dito
7,5,14,10,325,229,339,239,325,229,339,229,339,239,325,239,sub_line_text,table_text,table_0,roboto,regular,9.0,pai_3cols_20211228_152930_7463148033_600_800.png,/scratch/parceirosbr/bigoilict/share/BigOil/document_generator/datasets/documents_2021_12_28/pai_3cols_20211228_152930_7463148033_600_800.png,pai_3cols_20211228_152930_7463148033_600_800_mask.png,dito
20,5,40,10,299,243,339,253,299,243,339,243,339,253,299,253,text,table_text,table_0,roboto,regular,9.0,pai_3cols_20211228_152930_7463148033_600_800.png,/scratch/parceirosbr/bigoilict/share/BigOil/document_generator/datasets/documents_2021_12_28/pai_3cols_20211228_152930_7463148033_600_800.png,pai_3cols_20211228_152930_7463148033_600_800_mask.png,2084.5677
20,5,40,10,299,243,339,253,299,243,339,243,339,253,299,253,sub_line_text,table_text,table_0,roboto,regular,9.0,pai_3cols_20211228_152930_7463148033_600_800.png,/scratch/parceirosbr/bigoilict/share/BigOil/document_generator/datasets/documents_2021_12_28/pai_3cols_20211228_152930_7463148033_600_800.png,pai_3cols_20211228_152930_7463148033_600_800_mask.png,2084.5677
20,5,40,10,299,256,339,266,299,256,339,256,339,266,299,266,text,table_text,table_0,roboto,regular,9.0,pai_3cols_20211228_152930_7463148033_600_800.png,/scratch/parceirosbr/bigoilict/share/BigOil/document_generator/datasets/documents_2021_12_28/pai_3cols_20211228_152930_7463148033_600_800.png,pai_3cols_20211228_152930_7463148033_600_800_mask.png,2107.0561
20,5,40,10,299,256,339,266,299,256,339,256,339,266,299,266,sub_line_text,table_text,table_0,roboto,regular,9.0,pai_3cols_20211228_152930_7463148033_600_800.png,/scratch/parceirosbr/bigoilict/share/BigOil/document_generator/datasets/documents_2021_12_28/pai_3cols_20211228_152930_7463148033_600_800.png,pai_3cols_20211228_152930_7463148033_600_800_mask.png,2107.0561
20,5,40,10,299,270,339,280,299,270,339,270,339,280,299,280,text,table_text,table_0,roboto,regular,9.0,pai_3cols_20211228_152930_7463148033_600_800.png,/scratch/parceirosbr/bigoilict/share/BigOil/document_generator/datasets/documents_2021_12_28/pai_3cols_20211228_152930_7463148033_600_800.png,pai_3cols_20211228_152930_7463148033_600_800_mask.png,2784.1361
20,5,40,10,299,270,339,280,299,270,339,270,339,280,299,280,sub_line_text,table_text,table_0,roboto,regular,9.0,pai_3cols_20211228_152930_7463148033_600_800.png,/scratch/parceirosbr/bigoilict/share/BigOil/document_generator/datasets/documents_2021_12_28/pai_3cols_20211228_152930_7463148033_600_800.png,pai_3cols_20211228_152930_7463148033_600_800_mask.png,2784.1361
20,5,40,10,299,283,339,293,299,283,339,283,339,293,299,293,text,table_text,table_0,roboto,regular,9.0,pai_3cols_20211228_152930_7463148033_600_800.png,/scratch/parceirosbr/bigoilict/share/BigOil/document_generator/datasets/documents_2021_12_28/pai_3cols_20211228_152930_7463148033_600_800.png,pai_3cols_20211228_152930_7463148033_600_800_mask.png,1314.2123
20,5,40,10,299,283,339,293,299,283,339,283,339,293,299,293,sub_line_text,table_text,table_0,roboto,regular,9.0,pai_3cols_20211228_152930_7463148033_600_800.png,/scratch/parceirosbr/bigoilict/share/BigOil/document_generator/datasets/documents_2021_12_28/pai_3cols_20211228_152930_7463148033_600_800.png,pai_3cols_20211228_152930_7463148033_600_800_mask.png,1314.2123
20,5,40,10,299,296,339,306,299,296,339,296,339,306,299,306,text,table_text,table_0,roboto,regular,9.0,pai_3cols_20211228_152930_7463148033_600_800.png,/scratch/parceirosbr/bigoilict/share/BigOil/document_generator/datasets/documents_2021_12_28/pai_3cols_20211228_152930_7463148033_600_800.png,pai_3cols_20211228_152930_7463148033_600_800_mask.png,5679.0505
20,5,40,10,299,296,339,306,299,296,339,296,339,306,299,306,sub_line_text,table_text,table_0,roboto,regular,9.0,pai_3cols_20211228_152930_7463148033_600_800.png,/scratch/parceirosbr/bigoilict/share/BigOil/document_generator/datasets/documents_2021_12_28/pai_3cols_20211228_152930_7463148033_600_800.png,pai_3cols_20211228_152930_7463148033_600_800_mask.png,5679.0505
20,5,40,10,299,310,339,320,299,310,339,310,339,320,299,320,text,table_text,table_0,roboto,regular,9.0,pai_3cols_20211228_152930_7463148033_600_800.png,/scratch/parceirosbr/bigoilict/share/BigOil/document_generator/datasets/documents_2021_12_28/pai_3cols_20211228_152930_7463148033_600_800.png,pai_3cols_20211228_152930_7463148033_600_800_mask.png,5628.1612
20,5,40,10,299,310,339,320,299,310,339,310,339,320,299,320,sub_line_text,table_text,table_0,roboto,regular,9.0,pai_3cols_20211228_152930_7463148033_600_800.png,/scratch/parceirosbr/bigoilict/share/BigOil/document_generator/datasets/documents_2021_12_28/pai_3cols_20211228_152930_7463148033_600_800.png,pai_3cols_20211228_152930_7463148033_600_800_mask.png,5628.1612
7,5,14,10,350,229,364,239,350,229,364,229,364,239,350,239,text,table_text,table_0,roboto,regular,9.0,pai_3cols_20211228_152930_7463148033_600_800.png,/scratch/parceirosbr/bigoilict/share/BigOil/document_generator/datasets/documents_2021_12_28/pai_3cols_20211228_152930_7463148033_600_800.png,pai_3cols_20211228_152930_7463148033_600_800_mask.png,que
7,5,14,10,350,229,364,239,350,229,364,229,364,239,350,239,sub_line_text,table_text,table_0,roboto,regular,9.0,pai_3cols_20211228_152930_7463148033_600_800.png,/scratch/parceirosbr/bigoilict/share/BigOil/document_generator/datasets/documents_2021_12_28/pai_3cols_20211228_152930_7463148033_600_800.png,pai_3cols_20211228_152930_7463148033_600_800_mask.png,que
6,5,12,10,350,243,362,253,350,243,362,243,362,253,350,253,text,table_text,table_0,roboto,regular,9.0,pai_3cols_20211228_152930_7463148033_600_800.png,/scratch/parceirosbr/bigoilict/share/BigOil/document_generator/datasets/documents_2021_12_28/pai_3cols_20211228_152930_7463148033_600_800.png,pai_3cols_20211228_152930_7463148033_600_800_mask.png,por
6,5,12,10,350,243,362,253,350,243,362,243,362,253,350,253,sub_line_text,table_text,table_0,roboto,regular,9.0,pai_3cols_20211228_152930_7463148033_600_800.png,/scratch/parceirosbr/bigoilict/share/BigOil/document_generator/datasets/documents_2021_12_28/pai_3cols_20211228_152930_7463148033_600_800.png,pai_3cols_20211228_152930_7463148033_600_800_mask.png,por
10,5,20,10,346,256,366,266,346,256,366,256,366,266,346,266,text,table_text,table_0,roboto,regular,9.0,pai_3cols_20211228_152930_7463148033_600_800.png,/scratch/parceirosbr/bigoilict/share/BigOil/document_generator/datasets/documents_2021_12_28/pai_3cols_20211228_152930_7463148033_600_800.png,pai_3cols_20211228_152930_7463148033_600_800_mask.png,setor
10,5,20,10,346,256,366,266,346,256,366,256,366,266,346,266,sub_line_text,table_text,table_0,roboto,regular,9.0,pai_3cols_20211228_152930_7463148033_600_800.png,/scratch/parceirosbr/bigoilict/share/BigOil/document_generator/datasets/documents_2021_12_28/pai_3cols_20211228_152930_7463148033_600_800.png,pai_3cols_20211228_152930_7463148033_600_800_mask.png,setor
9,5,18,10,348,270,366,280,348,270,366,270,366,280,348,280,text,table_text,table_0,roboto,regular,9.0,pai_3cols_20211228_152930_7463148033_600_800.png,/scratch/parceirosbr/bigoilict/share/BigOil/document_generator/datasets/documents_2021_12_28/pai_3cols_20211228_152930_7463148033_600_800.png,pai_3cols_20211228_152930_7463148033_600_800_mask.png,ideal
9,5,18,10,348,270,366,280,348,270,366,270,366,280,348,280,sub_line_text,table_text,table_0,roboto,regular,9.0,pai_3cols_20211228_152930_7463148033_600_800.png,/scratch/parceirosbr/bigoilict/share/BigOil/document_generator/datasets/documents_2021_12_28/pai_3cols_20211228_152930_7463148033_600_800.png,pai_3cols_20211228_152930_7463148033_600_800_mask.png,ideal
4,5,9,10,351,283,360,293,351,283,360,283,360,293,351,293,text,table_text,table_0,roboto,regular,9.0,pai_3cols_20211228_152930_7463148033_600_800.png,/scratch/parceirosbr/bigoilict/share/BigOil/document_generator/datasets/documents_2021_12_28/pai_3cols_20211228_152930_7463148033_600_800.png,pai_3cols_20211228_152930_7463148033_600_800_mask.png,do
4,5,9,10,351,283,360,293,351,283,360,283,360,293,351,293,sub_line_text,table_text,table_0,roboto,regular,9.0,pai_3cols_20211228_152930_7463148033_600_800.png,/scratch/parceirosbr/bigoilict/share/BigOil/document_generator/datasets/documents_2021_12_28/pai_3cols_20211228_152930_7463148033_600_800.png,pai_3cols_20211228_152930_7463148033_600_800_mask.png,do
11,5,23,10,344,296,367,306,344,296,367,296,367,306,344,306,text,table_text,table_0,roboto,regular,9.0,pai_3cols_20211228_152930_7463148033_600_800.png,/scratch/parceirosbr/bigoilict/share/BigOil/document_generator/datasets/documents_2021_12_28/pai_3cols_20211228_152930_7463148033_600_800.png,pai_3cols_20211228_152930_7463148033_600_800_mask.png,nesse
11,5,23,10,344,296,367,306,344,296,367,296,367,306,344,306,sub_line_text,table_text,table_0,roboto,regular,9.0,pai_3cols_20211228_152930_7463148033_600_800.png,/scratch/parceirosbr/bigoilict/share/BigOil/document_generator/datasets/documents_2021_12_28/pai_3cols_20211228_152930_7463148033_600_800.png,pai_3cols_20211228_152930_7463148033_600_800_mask.png,nesse
4,5,9,10,351,310,360,320,351,310,360,310,360,320,351,320,text,table_text,table_0,roboto,regular,9.0,pai_3cols_20211228_152930_7463148033_600_800.png,/scratch/parceirosbr/bigoilict/share/BigOil/document_generator/datasets/documents_2021_12_28/pai_3cols_20211228_152930_7463148033_600_800.png,pai_3cols_20211228_152930_7463148033_600_800_mask.png,as
4,5,9,10,351,310,360,320,351,310,360,310,360,320,351,320,sub_line_text,table_text,table_0,roboto,regular,9.0,pai_3cols_20211228_152930_7463148033_600_800.png,/scratch/parceirosbr/bigoilict/share/BigOil/document_generator/datasets/documents_2021_12_28/pai_3cols_20211228_152930_7463148033_600_800.png,pai_3cols_20211228_152930_7463148033_600_800_mask.png,as
58,5,117,10,249,348,366,358,249,348,366,348,366,358,249,358,sub_line_text,table_legend,table_0,roboto,bolditalic,8,pai_3cols_20211228_152930_7463148033_600_800.png,/scratch/parceirosbr/bigoilict/share/BigOil/document_generator/datasets/documents_2021_12_28/pai_3cols_20211228_152930_7463148033_600_800.png,pai_3cols_20211228_152930_7463148033_600_800_mask.png,Table   36:      and   sublethal   eff-
46,5,93,10,249,363,342,373,249,363,342,363,342,373,249,373,sub_line_text,table_legend,table_0,roboto,bolditalic,8,pai_3cols_20211228_152930_7463148033_600_800.png,/scratch/parceirosbr/bigoilict/share/BigOil/document_generator/datasets/documents_2021_12_28/pai_3cols_20211228_152930_7463148033_600_800.png,pai_3cols_20211228_152930_7463148033_600_800_mask.png,ects of a crude oil in cutthr
58,12,117,25,249,348,366,373,249,348,366,348,366,373,249,373,text,table_legend,table_0,roboto,bolditalic,8,pai_3cols_20211228_152930_7463148033_600_800.png,/scratch/parceirosbr/bigoilict/share/BigOil/document_generator/datasets/documents_2021_12_28/pai_3cols_20211228_152930_7463148033_600_800.png,pai_3cols_20211228_152930_7463148033_600_800_mask.png,nan
71,31,142,63,234,380,376,443,234,380,376,380,376,443,234,443,image,figure_image,figure_2,,,,pai_3cols_20211228_152930_7463148033_600_800.png,/scratch/parceirosbr/bigoilict/share/BigOil/document_generator/datasets/documents_2021_12_28/pai_3cols_20211228_152930_7463148033_600_800.png,pai_3cols_20211228_152930_7463148033_600_800_mask.png,output/gen_img_20211228_152932_9678393141.png
4,0,9,1,288,390,297,391,288,390,297,390,297,391,288,391,text,figure_text,figure_2,,,,pai_3cols_20211228_152930_7463148033_600_800.png,/scratch/parceirosbr/bigoilict/share/BigOil/document_generator/datasets/documents_2021_12_28/pai_3cols_20211228_152930_7463148033_600_800.png,pai_3cols_20211228_152930_7463148033_600_800_mask.png,Quality(KB)
4,0,9,1,288,390,297,391,288,390,297,390,297,391,288,391,sub_line_text,figure_text,figure_2,,,,pai_3cols_20211228_152930_7463148033_600_800.png,/scratch/parceirosbr/bigoilict/share/BigOil/document_generator/datasets/documents_2021_12_28/pai_3cols_20211228_152930_7463148033_600_800.png,pai_3cols_20211228_152930_7463148033_600_800_mask.png,Quality(KB)
2,1,5,3,351,401,356,404,351,402,356,401,356,402,351,404,text,figure_text,figure_2,,,,pai_3cols_20211228_152930_7463148033_600_800.png,/scratch/parceirosbr/bigoilict/share/BigOil/document_generator/datasets/documents_2021_12_28/pai_3cols_20211228_152930_7463148033_600_800.png,pai_3cols_20211228_152930_7463148033_600_800_mask.png,Control
2,1,5,3,351,401,356,404,351,402,356,401,356,402,351,404,sub_line_text,figure_text,figure_2,,,,pai_3cols_20211228_152930_7463148033_600_800.png,/scratch/parceirosbr/bigoilict/share/BigOil/document_generator/datasets/documents_2021_12_28/pai_3cols_20211228_152930_7463148033_600_800.png,pai_3cols_20211228_152930_7463148033_600_800_mask.png,Control
4,1,9,2,294,433,303,435,294,434,303,433,303,435,294,435,text,figure_text,figure_2,,,,pai_3cols_20211228_152930_7463148033_600_800.png,/scratch/parceirosbr/bigoilict/share/BigOil/document_generator/datasets/documents_2021_12_28/pai_3cols_20211228_152930_7463148033_600_800.png,pai_3cols_20211228_152930_7463148033_600_800_mask.png,Liters [ML]
4,1,9,2,294,433,303,435,294,434,303,433,303,435,294,435,sub_line_text,figure_text,figure_2,,,,pai_3cols_20211228_152930_7463148033_600_800.png,/scratch/parceirosbr/bigoilict/share/BigOil/document_generator/datasets/documents_2021_12_28/pai_3cols_20211228_152930_7463148033_600_800.png,pai_3cols_20211228_152930_7463148033_600_800_mask.png,Liters [ML]
4,1,9,3,252,382,261,385,252,383,261,382,261,384,252,385,text,figure_text,figure_2,,,,pai_3cols_20211228_152930_7463148033_600_800.png,/scratch/parceirosbr/bigoilict/share/BigOil/document_generator/datasets/documents_2021_12_28/pai_3cols_20211228_152930_7463148033_600_800.png,pai_3cols_20211228_152930_7463148033_600_800_mask.png,Quality(GB)
4,1,9,3,252,382,261,385,252,383,261,382,261,384,252,385,sub_line_text,figure_text,figure_2,,,,pai_3cols_20211228_152930_7463148033_600_800.png,/scratch/parceirosbr/bigoilict/share/BigOil/document_generator/datasets/documents_2021_12_28/pai_3cols_20211228_152930_7463148033_600_800.png,pai_3cols_20211228_152930_7463148033_600_800_mask.png,Quality(GB)
3,1,7,2,256,391,263,393,256,392,263,391,263,392,256,393,text,figure_text,figure_2,,,,pai_3cols_20211228_152930_7463148033_600_800.png,/scratch/parceirosbr/bigoilict/share/BigOil/document_generator/datasets/documents_2021_12_28/pai_3cols_20211228_152930_7463148033_600_800.png,pai_3cols_20211228_152930_7463148033_600_800_mask.png,-5223.17
3,1,7,2,256,391,263,393,256,392,263,391,263,392,256,393,sub_line_text,figure_text,figure_2,,,,pai_3cols_20211228_152930_7463148033_600_800.png,/scratch/parceirosbr/bigoilict/share/BigOil/document_generator/datasets/documents_2021_12_28/pai_3cols_20211228_152930_7463148033_600_800.png,pai_3cols_20211228_152930_7463148033_600_800_mask.png,-5223.17
3,0,6,0,326,399,332,399,326,397,333,399,332,401,325,399,text,figure_text,figure_2,,,,pai_3cols_20211228_152930_7463148033_600_800.png,/scratch/parceirosbr/bigoilict/share/BigOil/document_generator/datasets/documents_2021_12_28/pai_3cols_20211228_152930_7463148033_600_800.png,pai_3cols_20211228_152930_7463148033_600_800_mask.png,Data [GB]
3,0,6,0,326,399,332,399,326,397,333,399,332,401,325,399,sub_line_text,figure_text,figure_2,,,,pai_3cols_20211228_152930_7463148033_600_800.png,/scratch/parceirosbr/bigoilict/share/BigOil/document_generator/datasets/documents_2021_12_28/pai_3cols_20211228_152930_7463148033_600_800.png,pai_3cols_20211228_152930_7463148033_600_800_mask.png,Data [GB]
5,1,10,3,273,428,283,431,273,429,283,428,283,430,273,431,text,figure_text,figure_2,,,,pai_3cols_20211228_152930_7463148033_600_800.png,/scratch/parceirosbr/bigoilict/share/BigOil/document_generator/datasets/documents_2021_12_28/pai_3cols_20211228_152930_7463148033_600_800.png,pai_3cols_20211228_152930_7463148033_600_800_mask.png,Volume (GB)
5,1,10,3,273,428,283,431,273,429,283,428,283,430,273,431,sub_line_text,figure_text,figure_2,,,,pai_3cols_20211228_152930_7463148033_600_800.png,/scratch/parceirosbr/bigoilict/share/BigOil/document_generator/datasets/documents_2021_12_28/pai_3cols_20211228_152930_7463148033_600_800.png,pai_3cols_20211228_152930_7463148033_600_800_mask.png,Volume (GB)
3,0,6,1,245,427,251,428,245,427,251,427,251,429,245,428,text,figure_text,figure_2,,,,pai_3cols_20211228_152930_7463148033_600_800.png,/scratch/parceirosbr/bigoilict/share/BigOil/document_generator/datasets/documents_2021_12_28/pai_3cols_20211228_152930_7463148033_600_800.png,pai_3cols_20211228_152930_7463148033_600_800_mask.png,Voltage
3,0,6,1,245,427,251,428,245,427,251,427,251,429,245,428,sub_line_text,figure_text,figure_2,,,,pai_3cols_20211228_152930_7463148033_600_800.png,/scratch/parceirosbr/bigoilict/share/BigOil/document_generator/datasets/documents_2021_12_28/pai_3cols_20211228_152930_7463148033_600_800.png,pai_3cols_20211228_152930_7463148033_600_800_mask.png,Voltage
4,0,9,0,242,421,251,421,242,419,251,421,251,422,242,421,text,figure_text,figure_2,,,,pai_3cols_20211228_152930_7463148033_600_800.png,/scratch/parceirosbr/bigoilict/share/BigOil/document_generator/datasets/documents_2021_12_28/pai_3cols_20211228_152930_7463148033_600_800.png,pai_3cols_20211228_152930_7463148033_600_800_mask.png,Quality(GB)
4,0,9,0,242,421,251,421,242,419,251,421,251,422,242,421,sub_line_text,figure_text,figure_2,,,,pai_3cols_20211228_152930_7463148033_600_800.png,/scratch/parceirosbr/bigoilict/share/BigOil/document_generator/datasets/documents_2021_12_28/pai_3cols_20211228_152930_7463148033_600_800.png,pai_3cols_20211228_152930_7463148033_600_800_mask.png,Quality(GB)
2,0,5,1,311,428,316,429,311,428,316,428,316,430,310,429,text,figure_text,figure_2,,,,pai_3cols_20211228_152930_7463148033_600_800.png,/scratch/parceirosbr/bigoilict/share/BigOil/document_generator/datasets/documents_2021_12_28/pai_3cols_20211228_152930_7463148033_600_800.png,pai_3cols_20211228_152930_7463148033_600_800_mask.png,-1441.9
2,0,5,1,311,428,316,429,311,428,316,428,316,430,310,429,sub_line_text,figure_text,figure_2,,,,pai_3cols_20211228_152930_7463148033_600_800.png,/scratch/parceirosbr/bigoilict/share/BigOil/document_generator/datasets/documents_2021_12_28/pai_3cols_20211228_152930_7463148033_600_800.png,pai_3cols_20211228_152930_7463148033_600_800_mask.png,-1441.9
2,1,4,2,280,407,284,409,280,408,284,407,284,408,280,409,text,figure_text,figure_2,,,,pai_3cols_20211228_152930_7463148033_600_800.png,/scratch/parceirosbr/bigoilict/share/BigOil/document_generator/datasets/documents_2021_12_28/pai_3cols_20211228_152930_7463148033_600_800.png,pai_3cols_20211228_152930_7463148033_600_800_mask.png,-8755
2,1,4,2,280,407,284,409,280,408,284,407,284,408,280,409,sub_line_text,figure_text,figure_2,,,,pai_3cols_20211228_152930_7463148033_600_800.png,/scratch/parceirosbr/bigoilict/share/BigOil/document_generator/datasets/documents_2021_12_28/pai_3cols_20211228_152930_7463148033_600_800.png,pai_3cols_20211228_152930_7463148033_600_800_mask.png,-8755
52,5,105,10,249,448,354,458,249,448,354,448,354,458,249,458,sub_line_text,figure_legend,figure_2,roboto,bolditalic,8,pai_3cols_20211228_152930_7463148033_600_800.png,/scratch/parceirosbr/bigoilict/share/BigOil/document_generator/datasets/documents_2021_12_28/pai_3cols_20211228_152930_7463148033_600_800.png,pai_3cols_20211228_152930_7463148033_600_800_mask.png,Figure    101:       Utiliza   qual-
43,5,86,10,249,463,335,473,249,463,335,463,335,473,249,473,sub_line_text,figure_legend,figure_2,roboto,bolditalic,8,pai_3cols_20211228_152930_7463148033_600_800.png,/scratch/parceirosbr/bigoilict/share/BigOil/document_generator/datasets/documents_2021_12_28/pai_3cols_20211228_152930_7463148033_600_800.png,pai_3cols_20211228_152930_7463148033_600_800_mask.png,"quer tipo de combust√≠vel,"
52,12,105,25,249,448,354,473,249,448,354,448,354,473,249,473,text,figure_legend,figure_2,roboto,bolditalic,8,pai_3cols_20211228_152930_7463148033_600_800.png,/scratch/parceirosbr/bigoilict/share/BigOil/document_generator/datasets/documents_2021_12_28/pai_3cols_20211228_152930_7463148033_600_800.png,pai_3cols_20211228_152930_7463148033_600_800_mask.png,nan
71,42,142,84,234,480,376,564,234,480,376,480,376,564,234,564,image,figure_image,figure_3,,,,pai_3cols_20211228_152930_7463148033_600_800.png,/scratch/parceirosbr/bigoilict/share/BigOil/document_generator/datasets/documents_2021_12_28/pai_3cols_20211228_152930_7463148033_600_800.png,pai_3cols_20211228_152930_7463148033_600_800_mask.png,output/gen_img_20211228_152933_4520014795.png
6,1,12,3,304,530,316,533,304,531,316,530,316,533,304,533,text,figure_text,figure_3,,,,pai_3cols_20211228_152930_7463148033_600_800.png,/scratch/parceirosbr/bigoilict/share/BigOil/document_generator/datasets/documents_2021_12_28/pai_3cols_20211228_152930_7463148033_600_800.png,pai_3cols_20211228_152930_7463148033_600_800_mask.png,-1414.4%
6,1,12,3,304,530,316,533,304,531,316,530,316,533,304,533,sub_line_text,figure_text,figure_3,,,,pai_3cols_20211228_152930_7463148033_600_800.png,/scratch/parceirosbr/bigoilict/share/BigOil/document_generator/datasets/documents_2021_12_28/pai_3cols_20211228_152930_7463148033_600_800.png,pai_3cols_20211228_152930_7463148033_600_800_mask.png,-1414.4%
6,3,12,7,291,525,303,532,291,529,302,525,303,528,292,532,text,figure_text,figure_3,,,,pai_3cols_20211228_152930_7463148033_600_800.png,/scratch/parceirosbr/bigoilict/share/BigOil/document_generator/datasets/documents_2021_12_28/pai_3cols_20211228_152930_7463148033_600_800.png,pai_3cols_20211228_152930_7463148033_600_800_mask.png,-8877.0%
6,3,12,7,291,525,303,532,291,529,302,525,303,528,292,532,sub_line_text,figure_text,figure_3,,,,pai_3cols_20211228_152930_7463148033_600_800.png,/scratch/parceirosbr/bigoilict/share/BigOil/document_generator/datasets/documents_2021_12_28/pai_3cols_20211228_152930_7463148033_600_800.png,pai_3cols_20211228_152930_7463148033_600_800_mask.png,-8877.0%
4,2,9,5,360,555,369,560,360,558,368,555,369,557,360,560,text,figure_text,figure_3,,,,pai_3cols_20211228_152930_7463148033_600_800.png,/scratch/parceirosbr/bigoilict/share/BigOil/document_generator/datasets/documents_2021_12_28/pai_3cols_20211228_152930_7463148033_600_800.png,pai_3cols_20211228_152930_7463148033_600_800_mask.png,-4834%
4,2,9,5,360,555,369,560,360,558,368,555,369,557,360,560,sub_line_text,figure_text,figure_3,,,,pai_3cols_20211228_152930_7463148033_600_800.png,/scratch/parceirosbr/bigoilict/share/BigOil/document_generator/datasets/documents_2021_12_28/pai_3cols_20211228_152930_7463148033_600_800.png,pai_3cols_20211228_152930_7463148033_600_800_mask.png,-4834%
4,1,9,2,325,490,334,492,325,490,334,490,334,493,325,492,text,figure_text,figure_3,,,,pai_3cols_20211228_152930_7463148033_600_800.png,/scratch/parceirosbr/bigoilict/share/BigOil/document_generator/datasets/documents_2021_12_28/pai_3cols_20211228_152930_7463148033_600_800.png,pai_3cols_20211228_152930_7463148033_600_800_mask.png,-2141%
4,1,9,2,325,490,334,492,325,490,334,490,334,493,325,492,sub_line_text,figure_text,figure_3,,,,pai_3cols_20211228_152930_7463148033_600_800.png,/scratch/parceirosbr/bigoilict/share/BigOil/document_generator/datasets/documents_2021_12_28/pai_3cols_20211228_152930_7463148033_600_800.png,pai_3cols_20211228_152930_7463148033_600_800_mask.png,-2141%
6,2,12,5,237,535,249,540,237,537,248,535,249,538,238,540,text,figure_text,figure_3,,,,pai_3cols_20211228_152930_7463148033_600_800.png,/scratch/parceirosbr/bigoilict/share/BigOil/document_generator/datasets/documents_2021_12_28/pai_3cols_20211228_152930_7463148033_600_800.png,pai_3cols_20211228_152930_7463148033_600_800_mask.png,-2711.22
6,2,12,5,237,535,249,540,237,537,248,535,249,538,238,540,sub_line_text,figure_text,figure_3,,,,pai_3cols_20211228_152930_7463148033_600_800.png,/scratch/parceirosbr/bigoilict/share/BigOil/document_generator/datasets/documents_2021_12_28/pai_3cols_20211228_152930_7463148033_600_800.png,pai_3cols_20211228_152930_7463148033_600_800_mask.png,-2711.22
5,2,10,4,267,539,277,543,267,540,277,539,277,542,268,543,text,figure_text,figure_3,,,,pai_3cols_20211228_152930_7463148033_600_800.png,/scratch/parceirosbr/bigoilict/share/BigOil/document_generator/datasets/documents_2021_12_28/pai_3cols_20211228_152930_7463148033_600_800.png,pai_3cols_20211228_152930_7463148033_600_800_mask.png,Graphic
5,2,10,4,267,539,277,543,267,540,277,539,277,542,268,543,sub_line_text,figure_text,figure_3,,,,pai_3cols_20211228_152930_7463148033_600_800.png,/scratch/parceirosbr/bigoilict/share/BigOil/document_generator/datasets/documents_2021_12_28/pai_3cols_20211228_152930_7463148033_600_800.png,pai_3cols_20211228_152930_7463148033_600_800_mask.png,Graphic
4,2,8,5,274,486,282,491,274,488,281,486,282,489,275,491,text,figure_text,figure_3,,,,pai_3cols_20211228_152930_7463148033_600_800.png,/scratch/parceirosbr/bigoilict/share/BigOil/document_generator/datasets/documents_2021_12_28/pai_3cols_20211228_152930_7463148033_600_800.png,pai_3cols_20211228_152930_7463148033_600_800_mask.png,-6509
4,2,8,5,274,486,282,491,274,488,281,486,282,489,275,491,sub_line_text,figure_text,figure_3,,,,pai_3cols_20211228_152930_7463148033_600_800.png,/scratch/parceirosbr/bigoilict/share/BigOil/document_generator/datasets/documents_2021_12_28/pai_3cols_20211228_152930_7463148033_600_800.png,pai_3cols_20211228_152930_7463148033_600_800_mask.png,-6509
4,2,9,4,336,534,345,538,336,535,345,534,345,536,336,538,text,figure_text,figure_3,,,,pai_3cols_20211228_152930_7463148033_600_800.png,/scratch/parceirosbr/bigoilict/share/BigOil/document_generator/datasets/documents_2021_12_28/pai_3cols_20211228_152930_7463148033_600_800.png,pai_3cols_20211228_152930_7463148033_600_800_mask.png,-7758%
4,2,9,4,336,534,345,538,336,535,345,534,345,536,336,538,sub_line_text,figure_text,figure_3,,,,pai_3cols_20211228_152930_7463148033_600_800.png,/scratch/parceirosbr/bigoilict/share/BigOil/document_generator/datasets/documents_2021_12_28/pai_3cols_20211228_152930_7463148033_600_800.png,pai_3cols_20211228_152930_7463148033_600_800_mask.png,-7758%
5,3,11,6,314,523,325,529,314,527,324,523,325,525,315,529,text,figure_text,figure_3,,,,pai_3cols_20211228_152930_7463148033_600_800.png,/scratch/parceirosbr/bigoilict/share/BigOil/document_generator/datasets/documents_2021_12_28/pai_3cols_20211228_152930_7463148033_600_800.png,pai_3cols_20211228_152930_7463148033_600_800_mask.png,Reaction
5,3,11,6,314,523,325,529,314,527,324,523,325,525,315,529,sub_line_text,figure_text,figure_3,,,,pai_3cols_20211228_152930_7463148033_600_800.png,/scratch/parceirosbr/bigoilict/share/BigOil/document_generator/datasets/documents_2021_12_28/pai_3cols_20211228_152930_7463148033_600_800.png,pai_3cols_20211228_152930_7463148033_600_800_mask.png,Reaction
7,-1,14,-2,283,519,297,517,283,514,298,519,297,522,282,517,text,figure_text,figure_3,,,,pai_3cols_20211228_152930_7463148033_600_800.png,/scratch/parceirosbr/bigoilict/share/BigOil/document_generator/datasets/documents_2021_12_28/pai_3cols_20211228_152930_7463148033_600_800.png,pai_3cols_20211228_152930_7463148033_600_800_mask.png,Demand [KB]
7,-1,14,-2,283,519,297,517,283,514,298,519,297,522,282,517,sub_line_text,figure_text,figure_3,,,,pai_3cols_20211228_152930_7463148033_600_800.png,/scratch/parceirosbr/bigoilict/share/BigOil/document_generator/datasets/documents_2021_12_28/pai_3cols_20211228_152930_7463148033_600_800.png,pai_3cols_20211228_152930_7463148033_600_800_mask.png,Demand [KB]
2,1,5,2,253,498,258,500,253,498,258,498,258,500,253,500,text,figure_text,figure_3,,,,pai_3cols_20211228_152930_7463148033_600_800.png,/scratch/parceirosbr/bigoilict/share/BigOil/document_generator/datasets/documents_2021_12_28/pai_3cols_20211228_152930_7463148033_600_800.png,pai_3cols_20211228_152930_7463148033_600_800_mask.png,795
2,1,5,2,253,498,258,500,253,498,258,498,258,500,253,500,sub_line_text,figure_text,figure_3,,,,pai_3cols_20211228_152930_7463148033_600_800.png,/scratch/parceirosbr/bigoilict/share/BigOil/document_generator/datasets/documents_2021_12_28/pai_3cols_20211228_152930_7463148033_600_800.png,pai_3cols_20211228_152930_7463148033_600_800_mask.png,795
6,0,12,-1,351,534,363,533,351,530,364,534,363,536,350,533,text,figure_text,figure_3,,,,pai_3cols_20211228_152930_7463148033_600_800.png,/scratch/parceirosbr/bigoilict/share/BigOil/document_generator/datasets/documents_2021_12_28/pai_3cols_20211228_152930_7463148033_600_800.png,pai_3cols_20211228_152930_7463148033_600_800_mask.png,-9614.39%
6,0,12,-1,351,534,363,533,351,530,364,534,363,536,350,533,sub_line_text,figure_text,figure_3,,,,pai_3cols_20211228_152930_7463148033_600_800.png,/scratch/parceirosbr/bigoilict/share/BigOil/document_generator/datasets/documents_2021_12_28/pai_3cols_20211228_152930_7463148033_600_800.png,pai_3cols_20211228_152930_7463148033_600_800_mask.png,-9614.39%
6,1,12,3,329,496,341,499,329,496,341,496,341,499,329,499,text,figure_text,figure_3,,,,pai_3cols_20211228_152930_7463148033_600_800.png,/scratch/parceirosbr/bigoilict/share/BigOil/document_generator/datasets/documents_2021_12_28/pai_3cols_20211228_152930_7463148033_600_800.png,pai_3cols_20211228_152930_7463148033_600_800_mask.png,Speed ‚Äã‚Äã(v)
6,1,12,3,329,496,341,499,329,496,341,496,341,499,329,499,sub_line_text,figure_text,figure_3,,,,pai_3cols_20211228_152930_7463148033_600_800.png,/scratch/parceirosbr/bigoilict/share/BigOil/document_generator/datasets/documents_2021_12_28/pai_3cols_20211228_152930_7463148033_600_800.png,pai_3cols_20211228_152930_7463148033_600_800_mask.png,Speed ‚Äã‚Äã(v)
4,1,8,3,357,527,365,530,357,528,365,527,365,530,357,530,text,figure_text,figure_3,,,,pai_3cols_20211228_152930_7463148033_600_800.png,/scratch/parceirosbr/bigoilict/share/BigOil/document_generator/datasets/documents_2021_12_28/pai_3cols_20211228_152930_7463148033_600_800.png,pai_3cols_20211228_152930_7463148033_600_800_mask.png,459.65
4,1,8,3,357,527,365,530,357,528,365,527,365,530,357,530,sub_line_text,figure_text,figure_3,,,,pai_3cols_20211228_152930_7463148033_600_800.png,/scratch/parceirosbr/bigoilict/share/BigOil/document_generator/datasets/documents_2021_12_28/pai_3cols_20211228_152930_7463148033_600_800.png,pai_3cols_20211228_152930_7463148033_600_800_mask.png,459.65
3,2,7,5,246,557,253,562,246,560,252,557,253,560,247,562,text,figure_text,figure_3,,,,pai_3cols_20211228_152930_7463148033_600_800.png,/scratch/parceirosbr/bigoilict/share/BigOil/document_generator/datasets/documents_2021_12_28/pai_3cols_20211228_152930_7463148033_600_800.png,pai_3cols_20211228_152930_7463148033_600_800_mask.png,-5657
3,2,7,5,246,557,253,562,246,560,252,557,253,560,247,562,sub_line_text,figure_text,figure_3,,,,pai_3cols_20211228_152930_7463148033_600_800.png,/scratch/parceirosbr/bigoilict/share/BigOil/document_generator/datasets/documents_2021_12_28/pai_3cols_20211228_152930_7463148033_600_800.png,pai_3cols_20211228_152930_7463148033_600_800_mask.png,-5657
3,2,6,4,348,507,354,511,348,509,353,507,354,510,349,511,text,figure_text,figure_3,,,,pai_3cols_20211228_152930_7463148033_600_800.png,/scratch/parceirosbr/bigoilict/share/BigOil/document_generator/datasets/documents_2021_12_28/pai_3cols_20211228_152930_7463148033_600_800.png,pai_3cols_20211228_152930_7463148033_600_800_mask.png,48%
3,2,6,4,348,507,354,511,348,509,353,507,354,510,349,511,sub_line_text,figure_text,figure_3,,,,pai_3cols_20211228_152930_7463148033_600_800.png,/scratch/parceirosbr/bigoilict/share/BigOil/document_generator/datasets/documents_2021_12_28/pai_3cols_20211228_152930_7463148033_600_800.png,pai_3cols_20211228_152930_7463148033_600_800_mask.png,48%
5,2,11,4,331,483,342,487,331,484,342,483,342,486,331,487,text,figure_text,figure_3,,,,pai_3cols_20211228_152930_7463148033_600_800.png,/scratch/parceirosbr/bigoilict/share/BigOil/document_generator/datasets/documents_2021_12_28/pai_3cols_20211228_152930_7463148033_600_800.png,pai_3cols_20211228_152930_7463148033_600_800_mask.png,-5791.6%
5,2,11,4,331,483,342,487,331,484,342,483,342,486,331,487,sub_line_text,figure_text,figure_3,,,,pai_3cols_20211228_152930_7463148033_600_800.png,/scratch/parceirosbr/bigoilict/share/BigOil/document_generator/datasets/documents_2021_12_28/pai_3cols_20211228_152930_7463148033_600_800.png,pai_3cols_20211228_152930_7463148033_600_800_mask.png,-5791.6%
9,-1,19,-2,292,504,311,502,292,499,312,504,311,507,291,502,text,figure_text,figure_3,,,,pai_3cols_20211228_152930_7463148033_600_800.png,/scratch/parceirosbr/bigoilict/share/BigOil/document_generator/datasets/documents_2021_12_28/pai_3cols_20211228_152930_7463148033_600_800.png,pai_3cols_20211228_152930_7463148033_600_800_mask.png,Processing (GB)
9,-1,19,-2,292,504,311,502,292,499,312,504,311,507,291,502,sub_line_text,figure_text,figure_3,,,,pai_3cols_20211228_152930_7463148033_600_800.png,/scratch/parceirosbr/bigoilict/share/BigOil/document_generator/datasets/documents_2021_12_28/pai_3cols_20211228_152930_7463148033_600_800.png,pai_3cols_20211228_152930_7463148033_600_800_mask.png,Processing (GB)
4,0,9,-1,325,548,334,547,325,545,335,548,334,550,324,547,text,figure_text,figure_3,,,,pai_3cols_20211228_152930_7463148033_600_800.png,/scratch/parceirosbr/bigoilict/share/BigOil/document_generator/datasets/documents_2021_12_28/pai_3cols_20211228_152930_7463148033_600_800.png,pai_3cols_20211228_152930_7463148033_600_800_mask.png,740.54%
4,0,9,-1,325,548,334,547,325,545,335,548,334,550,324,547,sub_line_text,figure_text,figure_3,,,,pai_3cols_20211228_152930_7463148033_600_800.png,/scratch/parceirosbr/bigoilict/share/BigOil/document_generator/datasets/documents_2021_12_28/pai_3cols_20211228_152930_7463148033_600_800.png,pai_3cols_20211228_152930_7463148033_600_800_mask.png,740.54%
5,2,10,5,289,547,299,552,289,549,298,547,299,549,289,552,text,figure_text,figure_3,,,,pai_3cols_20211228_152930_7463148033_600_800.png,/scratch/parceirosbr/bigoilict/share/BigOil/document_generator/datasets/documents_2021_12_28/pai_3cols_20211228_152930_7463148033_600_800.png,pai_3cols_20211228_152930_7463148033_600_800_mask.png,383.854
5,2,10,5,289,547,299,552,289,549,298,547,299,549,289,552,sub_line_text,figure_text,figure_3,,,,pai_3cols_20211228_152930_7463148033_600_800.png,/scratch/parceirosbr/bigoilict/share/BigOil/document_generator/datasets/documents_2021_12_28/pai_3cols_20211228_152930_7463148033_600_800.png,pai_3cols_20211228_152930_7463148033_600_800_mask.png,383.854
4,1,9,2,271,518,280,520,271,518,280,518,280,521,271,520,text,figure_text,figure_3,,,,pai_3cols_20211228_152930_7463148033_600_800.png,/scratch/parceirosbr/bigoilict/share/BigOil/document_generator/datasets/documents_2021_12_28/pai_3cols_20211228_152930_7463148033_600_800.png,pai_3cols_20211228_152930_7463148033_600_800_mask.png,-4176%
4,1,9,2,271,518,280,520,271,518,280,518,280,521,271,520,sub_line_text,figure_text,figure_3,,,,pai_3cols_20211228_152930_7463148033_600_800.png,/scratch/parceirosbr/bigoilict/share/BigOil/document_generator/datasets/documents_2021_12_28/pai_3cols_20211228_152930_7463148033_600_800.png,pai_3cols_20211228_152930_7463148033_600_800_mask.png,-4176%
5,0,10,0,301,490,311,490,301,488,312,490,311,492,300,490,text,figure_text,figure_3,,,,pai_3cols_20211228_152930_7463148033_600_800.png,/scratch/parceirosbr/bigoilict/share/BigOil/document_generator/datasets/documents_2021_12_28/pai_3cols_20211228_152930_7463148033_600_800.png,pai_3cols_20211228_152930_7463148033_600_800_mask.png,-2078.21
5,0,10,0,301,490,311,490,301,488,312,490,311,492,300,490,sub_line_text,figure_text,figure_3,,,,pai_3cols_20211228_152930_7463148033_600_800.png,/scratch/parceirosbr/bigoilict/share/BigOil/document_generator/datasets/documents_2021_12_28/pai_3cols_20211228_152930_7463148033_600_800.png,pai_3cols_20211228_152930_7463148033_600_800_mask.png,-2078.21
5,0,10,-1,240,484,250,483,240,481,251,484,250,487,239,483,text,figure_text,figure_3,,,,pai_3cols_20211228_152930_7463148033_600_800.png,/scratch/parceirosbr/bigoilict/share/BigOil/document_generator/datasets/documents_2021_12_28/pai_3cols_20211228_152930_7463148033_600_800.png,pai_3cols_20211228_152930_7463148033_600_800_mask.png,-8370.7%
5,0,10,-1,240,484,250,483,240,481,251,484,250,487,239,483,sub_line_text,figure_text,figure_3,,,,pai_3cols_20211228_152930_7463148033_600_800.png,/scratch/parceirosbr/bigoilict/share/BigOil/document_generator/datasets/documents_2021_12_28/pai_3cols_20211228_152930_7463148033_600_800.png,pai_3cols_20211228_152930_7463148033_600_800_mask.png,-8370.7%
60,5,121,10,249,569,370,579,249,569,370,569,370,579,249,579,sub_line_text,figure_legend,figure_3,roboto,bolditalic,8,pai_3cols_20211228_152930_7463148033_600_800.png,/scratch/parceirosbr/bigoilict/share/BigOil/document_generator/datasets/documents_2021_12_28/pai_3cols_20211228_152930_7463148033_600_800.png,pai_3cols_20211228_152930_7463148033_600_800_mask.png,Figure   134:      Today   it   imports
60,5,121,10,249,584,370,594,249,584,370,584,370,594,249,594,sub_line_text,figure_legend,figure_3,roboto,bolditalic,8,pai_3cols_20211228_152930_7463148033_600_800.png,/scratch/parceirosbr/bigoilict/share/BigOil/document_generator/datasets/documents_2021_12_28/pai_3cols_20211228_152930_7463148033_600_800.png,pai_3cols_20211228_152930_7463148033_600_800_mask.png,"it,     directly     by     gas     pipeline,"
47,5,94,10,249,599,343,609,249,599,343,599,343,609,249,609,sub_line_text,figure_legend,figure_3,roboto,bolditalic,8,pai_3cols_20211228_152930_7463148033_600_800.png,/scratch/parceirosbr/bigoilict/share/BigOil/document_generator/datasets/documents_2021_12_28/pai_3cols_20211228_152930_7463148033_600_800.png,pai_3cols_20211228_152930_7463148033_600_800_mask.png,or in the form of liquefied n
60,20,121,40,249,569,370,609,249,569,370,569,370,609,249,609,text,figure_legend,figure_3,roboto,bolditalic,8,pai_3cols_20211228_152930_7463148033_600_800.png,/scratch/parceirosbr/bigoilict/share/BigOil/document_generator/datasets/documents_2021_12_28/pai_3cols_20211228_152930_7463148033_600_800.png,pai_3cols_20211228_152930_7463148033_600_800_mask.png,nan
62,5,124,11,248,616,372,627,248,616,372,616,372,627,248,627,sub_line_text,text,text_5,roboto,regular,9,pai_3cols_20211228_152930_7463148033_600_800.png,/scratch/parceirosbr/bigoilict/share/BigOil/document_generator/datasets/documents_2021_12_28/pai_3cols_20211228_152930_7463148033_600_800.png,pai_3cols_20211228_152930_7463148033_600_800_mask.png,Tr√™s  hip√≥teses  podem ser co-
69,5,139,11,234,632,373,643,234,632,373,632,373,643,234,643,sub_line_text,text,text_5,roboto,regular,9,pai_3cols_20211228_152930_7463148033_600_800.png,/scratch/parceirosbr/bigoilict/share/BigOil/document_generator/datasets/documents_2021_12_28/pai_3cols_20211228_152930_7463148033_600_800.png,pai_3cols_20211228_152930_7463148033_600_800_mask.png,nsideradas  na  diminui√ß√£o na cap-
69,5,138,11,234,648,372,659,234,648,372,648,372,659,234,659,sub_line_text,text,text_5,roboto,regular,9,pai_3cols_20211228_152930_7463148033_600_800.png,/scratch/parceirosbr/bigoilict/share/BigOil/document_generator/datasets/documents_2021_12_28/pai_3cols_20211228_152930_7463148033_600_800.png,pai_3cols_20211228_152930_7463148033_600_800_mask.png,"acidade  quimissortiva:  dispers√£o,"
69,5,138,11,234,664,372,675,234,664,372,664,372,675,234,675,sub_line_text,text,text_5,roboto,regular,9,pai_3cols_20211228_152930_7463148033_600_800.png,/scratch/parceirosbr/bigoilict/share/BigOil/document_generator/datasets/documents_2021_12_28/pai_3cols_20211228_152930_7463148033_600_800.png,pai_3cols_20211228_152930_7463148033_600_800_mask.png,localiza√ß√£o  e natureza das esp√©c-
36,5,72,11,234,680,306,691,234,680,306,680,306,691,234,691,sub_line_text,text,text_5,roboto,regular,9,pai_3cols_20211228_152930_7463148033_600_800.png,/scratch/parceirosbr/bigoilict/share/BigOil/document_generator/datasets/documents_2021_12_28/pai_3cols_20211228_152930_7463148033_600_800.png,pai_3cols_20211228_152930_7463148033_600_800_mask.png,ies de molibd√™nio.
69,37,139,75,234,616,373,691,234,616,373,616,373,691,234,691,text,text,text_5,roboto,regular,9,pai_3cols_20211228_152930_7463148033_600_800.png,/scratch/parceirosbr/bigoilict/share/BigOil/document_generator/datasets/documents_2021_12_28/pai_3cols_20211228_152930_7463148033_600_800.png,pai_3cols_20211228_152930_7463148033_600_800_mask.png,nan
62,5,125,11,416,111,541,122,416,111,541,111,541,122,416,122,sub_line_text,text,text_6,roboto,regular,9,pai_3cols_20211228_152930_7463148033_600_800.png,/scratch/parceirosbr/bigoilict/share/BigOil/document_generator/datasets/documents_2021_12_28/pai_3cols_20211228_152930_7463148033_600_800.png,pai_3cols_20211228_152930_7463148033_600_800_mask.png,"In  the  states  of  the country, t-"
69,5,139,11,402,127,541,138,402,127,541,127,541,138,402,138,sub_line_text,text,text_6,roboto,regular,9,pai_3cols_20211228_152930_7463148033_600_800.png,/scratch/parceirosbr/bigoilict/share/BigOil/document_generator/datasets/documents_2021_12_28/pai_3cols_20211228_152930_7463148033_600_800.png,pai_3cols_20211228_152930_7463148033_600_800_mask.png,he  production  of  natural  gas was
69,5,138,11,402,143,540,154,402,143,540,143,540,154,402,154,sub_line_text,text,text_6,roboto,regular,9,pai_3cols_20211228_152930_7463148033_600_800.png,/scratch/parceirosbr/bigoilict/share/BigOil/document_generator/datasets/documents_2021_12_28/pai_3cols_20211228_152930_7463148033_600_800.png,pai_3cols_20211228_152930_7463148033_600_800_mask.png,still  insufficient  to  support the gr-
69,5,138,11,402,159,540,170,402,159,540,159,540,170,402,170,sub_line_text,text,text_6,roboto,regular,9,pai_3cols_20211228_152930_7463148033_600_800.png,/scratch/parceirosbr/bigoilict/share/BigOil/document_generator/datasets/documents_2021_12_28/pai_3cols_20211228_152930_7463148033_600_800.png,pai_3cols_20211228_152930_7463148033_600_800_mask.png,owth  of  the  market. Ambas apre-
69,5,139,11,402,175,541,186,402,175,541,175,541,186,402,186,sub_line_text,text,text_6,roboto,regular,9,pai_3cols_20211228_152930_7463148033_600_800.png,/scratch/parceirosbr/bigoilict/share/BigOil/document_generator/datasets/documents_2021_12_28/pai_3cols_20211228_152930_7463148033_600_800.png,pai_3cols_20211228_152930_7463148033_600_800_mask.png,sentam    como   √≠ons   majorit√°rios
69,5,138,11,402,191,540,202,402,191,540,191,540,202,402,202,sub_line_text,text,text_6,roboto,regular,9,pai_3cols_20211228_152930_7463148033_600_800.png,/scratch/parceirosbr/bigoilict/share/BigOil/document_generator/datasets/documents_2021_12_28/pai_3cols_20211228_152930_7463148033_600_800.png,pai_3cols_20211228_152930_7463148033_600_800_mask.png,"s√≥dio  e cloreto, al√©m de apresent-"
67,5,135,11,402,207,537,218,402,207,537,207,537,218,402,218,sub_line_text,text,text_6,roboto,regular,9,pai_3cols_20211228_152930_7463148033_600_800.png,/scratch/parceirosbr/bigoilict/share/BigOil/document_generator/datasets/documents_2021_12_28/pai_3cols_20211228_152930_7463148033_600_800.png,pai_3cols_20211228_152930_7463148033_600_800_mask.png,ar tamb√©m uma pequena concen.
69,53,139,107,402,111,541,218,402,111,541,111,541,218,402,218,text,text,text_6,roboto,regular,9,pai_3cols_20211228_152930_7463148033_600_800.png,/scratch/parceirosbr/bigoilict/share/BigOil/document_generator/datasets/documents_2021_12_28/pai_3cols_20211228_152930_7463148033_600_800.png,pai_3cols_20211228_152930_7463148033_600_800_mask.png,nan
70,8,141,16,402,225,543,241,402,225,543,225,543,241,402,241,sub_line_text,subtitle,subtitle_0,roboto,bold,14,pai_3cols_20211228_152930_7463148033_600_800.png,/scratch/parceirosbr/bigoilict/share/BigOil/document_generator/datasets/documents_2021_12_28/pai_3cols_20211228_152930_7463148033_600_800.png,pai_3cols_20211228_152930_7463148033_600_800_mask.png,Isso                 part√≠culas
61,8,122,16,402,249,524,265,402,249,524,249,524,265,402,265,sub_line_text,subtitle,subtitle_0,roboto,bold,14,pai_3cols_20211228_152930_7463148033_600_800.png,/scratch/parceirosbr/bigoilict/share/BigOil/document_generator/datasets/documents_2021_12_28/pai_3cols_20211228_152930_7463148033_600_800.png,pai_3cols_20211228_152930_7463148033_600_800_mask.png,"menores, ter pouca"
70,20,141,40,402,225,543,265,402,225,543,225,543,265,402,265,title,subtitle,subtitle_0,roboto,bold,14,pai_3cols_20211228_152930_7463148033_600_800.png,/scratch/parceirosbr/bigoilict/share/BigOil/document_generator/datasets/documents_2021_12_28/pai_3cols_20211228_152930_7463148033_600_800.png,pai_3cols_20211228_152930_7463148033_600_800_mask.png,nan
71,45,142,91,402,273,544,364,402,273,544,273,544,364,402,364,list,list,list_1,roboto,roboto,9,pai_3cols_20211228_152930_7463148033_600_800.png,/scratch/parceirosbr/bigoilict/share/BigOil/document_generator/datasets/documents_2021_12_28/pai_3cols_20211228_152930_7463148033_600_800.png,pai_3cols_20211228_152930_7463148033_600_800_mask.png,
71,5,142,11,402,273,544,284,402,273,544,273,544,284,402,284,sub_line_text,list,list_1,roboto,regular,9,pai_3cols_20211228_152930_7463148033_600_800.png,/scratch/parceirosbr/bigoilict/share/BigOil/document_generator/datasets/documents_2021_12_28/pai_3cols_20211228_152930_7463148033_600_800.png,pai_3cols_20211228_152930_7463148033_600_800_mask.png,-  This      separation     must     occur
68,5,136,11,408,289,544,300,408,289,544,289,544,300,408,300,sub_line_text,list,list_1,roboto,regular,9,pai_3cols_20211228_152930_7463148033_600_800.png,/scratch/parceirosbr/bigoilict/share/BigOil/document_generator/datasets/documents_2021_12_28/pai_3cols_20211228_152930_7463148033_600_800.png,pai_3cols_20211228_152930_7463148033_600_800_mask.png,efficiently   and   adequate  control
37,5,75,11,408,305,483,316,408,305,483,305,483,316,408,316,sub_line_text,list,list_1,roboto,regular,9,pai_3cols_20211228_152930_7463148033_600_800.png,/scratch/parceirosbr/bigoilict/share/BigOil/document_generator/datasets/documents_2021_12_28/pai_3cols_20211228_152930_7463148033_600_800.png,pai_3cols_20211228_152930_7463148033_600_800_mask.png,of this separator is
71,5,142,11,402,321,544,332,402,321,544,321,544,332,402,332,sub_line_text,list,list_1,roboto,regular,9,pai_3cols_20211228_152930_7463148033_600_800.png,/scratch/parceirosbr/bigoilict/share/BigOil/document_generator/datasets/documents_2021_12_28/pai_3cols_20211228_152930_7463148033_600_800.png,pai_3cols_20211228_152930_7463148033_600_800_mask.png,"-  A   internacionaliza√ß√£o   deve   ser,"
68,5,136,11,408,337,544,348,408,337,544,337,544,348,408,348,sub_line_text,list,list_1,roboto,regular,9,pai_3cols_20211228_152930_7463148033_600_800.png,/scratch/parceirosbr/bigoilict/share/BigOil/document_generator/datasets/documents_2021_12_28/pai_3cols_20211228_152930_7463148033_600_800.png,pai_3cols_20211228_152930_7463148033_600_800_mask.png,"ent√£o,        compreendida       como"
53,5,106,11,408,353,514,364,408,353,514,353,514,364,408,364,sub_line_text,list,list_1,roboto,regular,9,pai_3cols_20211228_152930_7463148033_600_800.png,/scratch/parceirosbr/bigoilict/share/BigOil/document_generator/datasets/documents_2021_12_28/pai_3cols_20211228_152930_7463148033_600_800.png,pai_3cols_20211228_152930_7463148033_600_800_mask.png,associada ao com√©rcio de
70,7,141,15,402,371,543,386,402,371,543,371,543,386,402,386,sub_line_text,subsubtitle,subsubtitle_0,roboto,bolditalic,12,pai_3cols_20211228_152930_7463148033_600_800.png,/scratch/parceirosbr/bigoilict/share/BigOil/document_generator/datasets/documents_2021_12_28/pai_3cols_20211228_152930_7463148033_600_800.png,pai_3cols_20211228_152930_7463148033_600_800_mask.png,RB211-H63          technical
62,7,125,15,402,393,527,408,402,393,527,393,527,408,402,408,sub_line_text,subsubtitle,subsubtitle_0,roboto,bolditalic,12,pai_3cols_20211228_152930_7463148033_600_800.png,/scratch/parceirosbr/bigoilict/share/BigOil/document_generator/datasets/documents_2021_12_28/pai_3cols_20211228_152930_7463148033_600_800.png,pai_3cols_20211228_152930_7463148033_600_800_mask.png,specifications footprint
70,18,141,37,402,371,543,408,402,371,543,371,543,408,402,408,title,subsubtitle,subsubtitle_0,roboto,bolditalic,12,pai_3cols_20211228_152930_7463148033_600_800.png,/scratch/parceirosbr/bigoilict/share/BigOil/document_generator/datasets/documents_2021_12_28/pai_3cols_20211228_152930_7463148033_600_800.png,pai_3cols_20211228_152930_7463148033_600_800_mask.png,nan
68,69,137,139,404,424,541,563,404,424,541,424,541,563,404,563,table,table_image,table_0,,,,pai_3cols_20211228_152930_7463148033_600_800.png,/scratch/parceirosbr/bigoilict/share/BigOil/document_generator/datasets/documents_2021_12_28/pai_3cols_20211228_152930_7463148033_600_800.png,pai_3cols_20211228_152930_7463148033_600_800_mask.png,output/gen_tab_20211228_152934_6578654869.png
13,5,27,10,428,427,455,437,428,427,455,427,455,437,428,437,text,table_text,table_0,roboto,bold,9.0,pai_3cols_20211228_152930_7463148033_600_800.png,/scratch/parceirosbr/bigoilict/share/BigOil/document_generator/datasets/documents_2021_12_28/pai_3cols_20211228_152930_7463148033_600_800.png,pai_3cols_20211228_152930_7463148033_600_800_mask.png,pol√≠tica
13,5,27,10,428,427,455,437,428,427,455,427,455,437,428,437,sub_line_text,table_text,table_0,roboto,bold,9.0,pai_3cols_20211228_152930_7463148033_600_800.png,/scratch/parceirosbr/bigoilict/share/BigOil/document_generator/datasets/documents_2021_12_28/pai_3cols_20211228_152930_7463148033_600_800.png,pai_3cols_20211228_152930_7463148033_600_800_mask.png,pol√≠tica
15,5,30,10,425,439,455,449,425,439,455,439,455,449,425,449,text,table_text,table_0,roboto,bold,9.0,pai_3cols_20211228_152930_7463148033_600_800.png,/scratch/parceirosbr/bigoilict/share/BigOil/document_generator/datasets/documents_2021_12_28/pai_3cols_20211228_152930_7463148033_600_800.png,pai_3cols_20211228_152930_7463148033_600_800_mask.png,decis√£o
15,5,30,10,425,439,455,449,425,439,455,439,455,449,425,449,sub_line_text,table_text,table_0,roboto,bold,9.0,pai_3cols_20211228_152930_7463148033_600_800.png,/scratch/parceirosbr/bigoilict/share/BigOil/document_generator/datasets/documents_2021_12_28/pai_3cols_20211228_152930_7463148033_600_800.png,pai_3cols_20211228_152930_7463148033_600_800_mask.png,decis√£o
15,5,30,10,425,457,455,467,425,457,455,457,455,467,425,467,text,table_text,table_0,roboto,regular,9.0,pai_3cols_20211228_152930_7463148033_600_800.png,/scratch/parceirosbr/bigoilict/share/BigOil/document_generator/datasets/documents_2021_12_28/pai_3cols_20211228_152930_7463148033_600_800.png,pai_3cols_20211228_152930_7463148033_600_800_mask.png,80.4146
15,5,30,10,425,457,455,467,425,457,455,457,455,467,425,467,sub_line_text,table_text,table_0,roboto,regular,9.0,pai_3cols_20211228_152930_7463148033_600_800.png,/scratch/parceirosbr/bigoilict/share/BigOil/document_generator/datasets/documents_2021_12_28/pai_3cols_20211228_152930_7463148033_600_800.png,pai_3cols_20211228_152930_7463148033_600_800_mask.png,80.4146
15,5,30,10,425,471,455,481,425,471,455,471,455,481,425,481,text,table_text,table_0,roboto,regular,9.0,pai_3cols_20211228_152930_7463148033_600_800.png,/scratch/parceirosbr/bigoilict/share/BigOil/document_generator/datasets/documents_2021_12_28/pai_3cols_20211228_152930_7463148033_600_800.png,pai_3cols_20211228_152930_7463148033_600_800_mask.png,53.5880
15,5,30,10,425,471,455,481,425,471,455,471,455,481,425,481,sub_line_text,table_text,table_0,roboto,regular,9.0,pai_3cols_20211228_152930_7463148033_600_800.png,/scratch/parceirosbr/bigoilict/share/BigOil/document_generator/datasets/documents_2021_12_28/pai_3cols_20211228_152930_7463148033_600_800.png,pai_3cols_20211228_152930_7463148033_600_800_mask.png,53.5880
17,5,35,10,420,484,455,494,420,484,455,484,455,494,420,494,text,table_text,table_0,roboto,regular,9.0,pai_3cols_20211228_152930_7463148033_600_800.png,/scratch/parceirosbr/bigoilict/share/BigOil/document_generator/datasets/documents_2021_12_28/pai_3cols_20211228_152930_7463148033_600_800.png,pai_3cols_20211228_152930_7463148033_600_800_mask.png,599.4211
17,5,35,10,420,484,455,494,420,484,455,484,455,494,420,494,sub_line_text,table_text,table_0,roboto,regular,9.0,pai_3cols_20211228_152930_7463148033_600_800.png,/scratch/parceirosbr/bigoilict/share/BigOil/document_generator/datasets/documents_2021_12_28/pai_3cols_20211228_152930_7463148033_600_800.png,pai_3cols_20211228_152930_7463148033_600_800_mask.png,599.4211
13,5,26,10,430,498,456,508,430,498,456,498,456,508,430,508,text,table_text,table_0,roboto,regular,9.0,pai_3cols_20211228_152930_7463148033_600_800.png,/scratch/parceirosbr/bigoilict/share/BigOil/document_generator/datasets/documents_2021_12_28/pai_3cols_20211228_152930_7463148033_600_800.png,pai_3cols_20211228_152930_7463148033_600_800_mask.png,3.9093
13,5,26,10,430,498,456,508,430,498,456,498,456,508,430,508,sub_line_text,table_text,table_0,roboto,regular,9.0,pai_3cols_20211228_152930_7463148033_600_800.png,/scratch/parceirosbr/bigoilict/share/BigOil/document_generator/datasets/documents_2021_12_28/pai_3cols_20211228_152930_7463148033_600_800.png,pai_3cols_20211228_152930_7463148033_600_800_mask.png,3.9093
13,5,26,10,430,511,456,521,430,511,456,511,456,521,430,521,text,table_text,table_0,roboto,regular,9.0,pai_3cols_20211228_152930_7463148033_600_800.png,/scratch/parceirosbr/bigoilict/share/BigOil/document_generator/datasets/documents_2021_12_28/pai_3cols_20211228_152930_7463148033_600_800.png,pai_3cols_20211228_152930_7463148033_600_800_mask.png,7.7478
13,5,26,10,430,511,456,521,430,511,456,511,456,521,430,521,sub_line_text,table_text,table_0,roboto,regular,9.0,pai_3cols_20211228_152930_7463148033_600_800.png,/scratch/parceirosbr/bigoilict/share/BigOil/document_generator/datasets/documents_2021_12_28/pai_3cols_20211228_152930_7463148033_600_800.png,pai_3cols_20211228_152930_7463148033_600_800_mask.png,7.7478
15,5,30,10,425,525,455,535,425,525,455,525,455,535,425,535,text,table_text,table_0,roboto,regular,9.0,pai_3cols_20211228_152930_7463148033_600_800.png,/scratch/parceirosbr/bigoilict/share/BigOil/document_generator/datasets/documents_2021_12_28/pai_3cols_20211228_152930_7463148033_600_800.png,pai_3cols_20211228_152930_7463148033_600_800_mask.png,75.4163
15,5,30,10,425,525,455,535,425,525,455,525,455,535,425,535,sub_line_text,table_text,table_0,roboto,regular,9.0,pai_3cols_20211228_152930_7463148033_600_800.png,/scratch/parceirosbr/bigoilict/share/BigOil/document_generator/datasets/documents_2021_12_28/pai_3cols_20211228_152930_7463148033_600_800.png,pai_3cols_20211228_152930_7463148033_600_800_mask.png,75.4163
17,5,35,10,420,538,455,548,420,538,455,538,455,548,420,548,text,table_text,table_0,roboto,regular,9.0,pai_3cols_20211228_152930_7463148033_600_800.png,/scratch/parceirosbr/bigoilict/share/BigOil/document_generator/datasets/documents_2021_12_28/pai_3cols_20211228_152930_7463148033_600_800.png,pai_3cols_20211228_152930_7463148033_600_800_mask.png,342.0086
17,5,35,10,420,538,455,548,420,538,455,538,455,548,420,548,sub_line_text,table_text,table_0,roboto,regular,9.0,pai_3cols_20211228_152930_7463148033_600_800.png,/scratch/parceirosbr/bigoilict/share/BigOil/document_generator/datasets/documents_2021_12_28/pai_3cols_20211228_152930_7463148033_600_800.png,pai_3cols_20211228_152930_7463148033_600_800_mask.png,342.0086
7,5,14,10,523,427,537,437,523,427,537,427,537,437,523,437,text,table_text,table_0,roboto,bold,9.0,pai_3cols_20211228_152930_7463148033_600_800.png,/scratch/parceirosbr/bigoilict/share/BigOil/document_generator/datasets/documents_2021_12_28/pai_3cols_20211228_152930_7463148033_600_800.png,pai_3cols_20211228_152930_7463148033_600_800_mask.png,das
7,5,14,10,523,427,537,437,523,427,537,427,537,437,523,437,sub_line_text,table_text,table_0,roboto,bold,9.0,pai_3cols_20211228_152930_7463148033_600_800.png,/scratch/parceirosbr/bigoilict/share/BigOil/document_generator/datasets/documents_2021_12_28/pai_3cols_20211228_152930_7463148033_600_800.png,pai_3cols_20211228_152930_7463148033_600_800_mask.png,das
10,5,21,10,516,439,537,449,516,439,537,439,537,449,516,449,text,table_text,table_0,roboto,bold,9.0,pai_3cols_20211228_152930_7463148033_600_800.png,/scratch/parceirosbr/bigoilict/share/BigOil/document_generator/datasets/documents_2021_12_28/pai_3cols_20211228_152930_7463148033_600_800.png,pai_3cols_20211228_152930_7463148033_600_800_mask.png,f√≠sico
10,5,21,10,516,439,537,449,516,439,537,439,537,449,516,449,sub_line_text,table_text,table_0,roboto,bold,9.0,pai_3cols_20211228_152930_7463148033_600_800.png,/scratch/parceirosbr/bigoilict/share/BigOil/document_generator/datasets/documents_2021_12_28/pai_3cols_20211228_152930_7463148033_600_800.png,pai_3cols_20211228_152930_7463148033_600_800_mask.png,f√≠sico
5,5,11,10,526,457,537,467,526,457,537,457,537,467,526,467,text,table_text,table_0,roboto,regular,9.0,pai_3cols_20211228_152930_7463148033_600_800.png,/scratch/parceirosbr/bigoilict/share/BigOil/document_generator/datasets/documents_2021_12_28/pai_3cols_20211228_152930_7463148033_600_800.png,pai_3cols_20211228_152930_7463148033_600_800_mask.png,9.9
5,5,11,10,526,457,537,467,526,457,537,457,537,467,526,467,sub_line_text,table_text,table_0,roboto,regular,9.0,pai_3cols_20211228_152930_7463148033_600_800.png,/scratch/parceirosbr/bigoilict/share/BigOil/document_generator/datasets/documents_2021_12_28/pai_3cols_20211228_152930_7463148033_600_800.png,pai_3cols_20211228_152930_7463148033_600_800_mask.png,9.9
5,5,11,10,526,471,537,481,526,471,537,471,537,481,526,481,text,table_text,table_0,roboto,regular,9.0,pai_3cols_20211228_152930_7463148033_600_800.png,/scratch/parceirosbr/bigoilict/share/BigOil/document_generator/datasets/documents_2021_12_28/pai_3cols_20211228_152930_7463148033_600_800.png,pai_3cols_20211228_152930_7463148033_600_800_mask.png,2.6
5,5,11,10,526,471,537,481,526,471,537,471,537,481,526,481,sub_line_text,table_text,table_0,roboto,regular,9.0,pai_3cols_20211228_152930_7463148033_600_800.png,/scratch/parceirosbr/bigoilict/share/BigOil/document_generator/datasets/documents_2021_12_28/pai_3cols_20211228_152930_7463148033_600_800.png,pai_3cols_20211228_152930_7463148033_600_800_mask.png,2.6
5,5,11,10,526,484,537,494,526,484,537,484,537,494,526,494,text,table_text,table_0,roboto,regular,9.0,pai_3cols_20211228_152930_7463148033_600_800.png,/scratch/parceirosbr/bigoilict/share/BigOil/document_generator/datasets/documents_2021_12_28/pai_3cols_20211228_152930_7463148033_600_800.png,pai_3cols_20211228_152930_7463148033_600_800_mask.png,9.5
5,5,11,10,526,484,537,494,526,484,537,484,537,494,526,494,sub_line_text,table_text,table_0,roboto,regular,9.0,pai_3cols_20211228_152930_7463148033_600_800.png,/scratch/parceirosbr/bigoilict/share/BigOil/document_generator/datasets/documents_2021_12_28/pai_3cols_20211228_152930_7463148033_600_800.png,pai_3cols_20211228_152930_7463148033_600_800_mask.png,9.5
5,5,11,10,526,498,537,508,526,498,537,498,537,508,526,508,text,table_text,table_0,roboto,regular,9.0,pai_3cols_20211228_152930_7463148033_600_800.png,/scratch/parceirosbr/bigoilict/share/BigOil/document_generator/datasets/documents_2021_12_28/pai_3cols_20211228_152930_7463148033_600_800.png,pai_3cols_20211228_152930_7463148033_600_800_mask.png,9.7
5,5,11,10,526,498,537,508,526,498,537,498,537,508,526,508,sub_line_text,table_text,table_0,roboto,regular,9.0,pai_3cols_20211228_152930_7463148033_600_800.png,/scratch/parceirosbr/bigoilict/share/BigOil/document_generator/datasets/documents_2021_12_28/pai_3cols_20211228_152930_7463148033_600_800.png,pai_3cols_20211228_152930_7463148033_600_800_mask.png,9.7
5,5,11,10,526,511,537,521,526,511,537,511,537,521,526,521,text,table_text,table_0,roboto,regular,9.0,pai_3cols_20211228_152930_7463148033_600_800.png,/scratch/parceirosbr/bigoilict/share/BigOil/document_generator/datasets/documents_2021_12_28/pai_3cols_20211228_152930_7463148033_600_800.png,pai_3cols_20211228_152930_7463148033_600_800_mask.png,4.3
5,5,11,10,526,511,537,521,526,511,537,511,537,521,526,521,sub_line_text,table_text,table_0,roboto,regular,9.0,pai_3cols_20211228_152930_7463148033_600_800.png,/scratch/parceirosbr/bigoilict/share/BigOil/document_generator/datasets/documents_2021_12_28/pai_3cols_20211228_152930_7463148033_600_800.png,pai_3cols_20211228_152930_7463148033_600_800_mask.png,4.3
5,5,11,10,526,525,537,535,526,525,537,525,537,535,526,535,text,table_text,table_0,roboto,regular,9.0,pai_3cols_20211228_152930_7463148033_600_800.png,/scratch/parceirosbr/bigoilict/share/BigOil/document_generator/datasets/documents_2021_12_28/pai_3cols_20211228_152930_7463148033_600_800.png,pai_3cols_20211228_152930_7463148033_600_800_mask.png,3.5
5,5,11,10,526,525,537,535,526,525,537,525,537,535,526,535,sub_line_text,table_text,table_0,roboto,regular,9.0,pai_3cols_20211228_152930_7463148033_600_800.png,/scratch/parceirosbr/bigoilict/share/BigOil/document_generator/datasets/documents_2021_12_28/pai_3cols_20211228_152930_7463148033_600_800.png,pai_3cols_20211228_152930_7463148033_600_800_mask.png,3.5
5,5,11,10,526,538,537,548,526,538,537,538,537,548,526,548,text,table_text,table_0,roboto,regular,9.0,pai_3cols_20211228_152930_7463148033_600_800.png,/scratch/parceirosbr/bigoilict/share/BigOil/document_generator/datasets/documents_2021_12_28/pai_3cols_20211228_152930_7463148033_600_800.png,pai_3cols_20211228_152930_7463148033_600_800_mask.png,4.9
5,5,11,10,526,538,537,548,526,538,537,538,537,548,526,548,sub_line_text,table_text,table_0,roboto,regular,9.0,pai_3cols_20211228_152930_7463148033_600_800.png,/scratch/parceirosbr/bigoilict/share/BigOil/document_generator/datasets/documents_2021_12_28/pai_3cols_20211228_152930_7463148033_600_800.png,pai_3cols_20211228_152930_7463148033_600_800_mask.png,4.9
57,5,114,10,417,568,531,578,417,568,531,568,531,578,417,578,sub_line_text,table_legend,table_0,roboto,bolditalic,8,pai_3cols_20211228_152930_7463148033_600_800.png,/scratch/parceirosbr/bigoilict/share/BigOil/document_generator/datasets/documents_2021_12_28/pai_3cols_20211228_152930_7463148033_600_800.png,pai_3cols_20211228_152930_7463148033_600_800_mask.png,"Tab.   125:    No  entanto,  o  mo-"
57,5,115,10,417,583,532,593,417,583,532,583,532,593,417,593,sub_line_text,table_legend,table_0,roboto,bolditalic,8,pai_3cols_20211228_152930_7463148033_600_800.png,/scratch/parceirosbr/bigoilict/share/BigOil/document_generator/datasets/documents_2021_12_28/pai_3cols_20211228_152930_7463148033_600_800.png,pai_3cols_20211228_152930_7463148033_600_800_mask.png,delo    com    distribui√ß√£o    foi   e-
57,5,114,10,417,598,531,608,417,598,531,598,531,608,417,608,sub_line_text,table_legend,table_0,roboto,bolditalic,8,pai_3cols_20211228_152930_7463148033_600_800.png,/scratch/parceirosbr/bigoilict/share/BigOil/document_generator/datasets/documents_2021_12_28/pai_3cols_20211228_152930_7463148033_600_800.png,pai_3cols_20211228_152930_7463148033_600_800_mask.png,scolhido    por    utilizar    os    da-
57,5,114,10,417,613,531,623,417,613,531,613,531,623,417,623,sub_line_text,table_legend,table_0,roboto,bolditalic,8,pai_3cols_20211228_152930_7463148033_600_800.png,/scratch/parceirosbr/bigoilict/share/BigOil/document_generator/datasets/documents_2021_12_28/pai_3cols_20211228_152930_7463148033_600_800.png,pai_3cols_20211228_152930_7463148033_600_800_mask.png,dos    da   vari√°vel   resposta   em
57,5,114,10,417,628,531,638,417,628,531,628,531,638,417,638,sub_line_text,table_legend,table_0,roboto,bolditalic,8,pai_3cols_20211228_152930_7463148033_600_800.png,/scratch/parceirosbr/bigoilict/share/BigOil/document_generator/datasets/documents_2021_12_28/pai_3cols_20211228_152930_7463148033_600_800.png,pai_3cols_20211228_152930_7463148033_600_800_mask.png,"escala    natural.        Por   pa√≠ses,"
38,5,77,10,417,643,494,653,417,643,494,643,494,653,417,653,sub_line_text,table_legend,table_0,roboto,bolditalic,8,pai_3cols_20211228_152930_7463148033_600_800.png,/scratch/parceirosbr/bigoilict/share/BigOil/document_generator/datasets/documents_2021_12_28/pai_3cols_20211228_152930_7463148033_600_800.png,pai_3cols_20211228_152930_7463148033_600_800_mask.png,o maior importador de
57,42,115,85,417,568,532,653,417,568,532,568,532,653,417,653,text,table_legend,table_0,roboto,bolditalic,8,pai_3cols_20211228_152930_7463148033_600_800.png,/scratch/parceirosbr/bigoilict/share/BigOil/document_generator/datasets/documents_2021_12_28/pai_3cols_20211228_152930_7463148033_600_800.png,pai_3cols_20211228_152930_7463148033_600_800_mask.png,nan
62,5,124,11,416,660,540,671,416,660,540,660,540,671,416,671,sub_line_text,text,text_7,roboto,regular,9,pai_3cols_20211228_152930_7463148033_600_800.png,/scratch/parceirosbr/bigoilict/share/BigOil/document_generator/datasets/documents_2021_12_28/pai_3cols_20211228_152930_7463148033_600_800.png,pai_3cols_20211228_152930_7463148033_600_800_mask.png,A  maior parte das perfura√ß√µes
69,5,138,11,402,676,540,687,402,676,540,676,540,687,402,687,sub_line_text,text,text_7,roboto,regular,9,pai_3cols_20211228_152930_7463148033_600_800.png,/scratch/parceirosbr/bigoilict/share/BigOil/document_generator/datasets/documents_2021_12_28/pai_3cols_20211228_152930_7463148033_600_800.png,pai_3cols_20211228_152930_7463148033_600_800_mask.png,foi  de  po√ßos  explotat√≥rios:  498 (-
67,5,135,11,402,692,537,703,402,692,537,692,537,703,402,703,sub_line_text,text,text_7,roboto,regular,9,pai_3cols_20211228_152930_7463148033_600_800.png,/scratch/parceirosbr/bigoilict/share/BigOil/document_generator/datasets/documents_2021_12_28/pai_3cols_20211228_152930_7463148033_600_800.png,pai_3cols_20211228_152930_7463148033_600_800_mask.png,"74,9% do total), que cor-responde."
69,21,138,43,402,660,540,703,402,660,540,660,540,703,402,703,text,text,text_7,roboto,regular,9,pai_3cols_20211228_152930_7463148033_600_800.png,/scratch/parceirosbr/bigoilict/share/BigOil/document_generator/datasets/documents_2021_12_28/pai_3cols_20211228_152930_7463148033_600_800.png,pai_3cols_20211228_152930_7463148033_600_800_mask.png,nan
