center_x,center_y,width,height,xmin,ymin,xmax,ymax,top_left_x,top_left_y,top_right_x,top_right_y,bottom_right_x,bottom_right_y,bottom_left_x,bottom_left_y,label,grouplabel,group,text_font,text_style,size_font,filename,path,filename_mask,content
300,400,600,800,0,0,600,800,0,0,600,0,600,800,0,800,document,,,,,,pai_3cols_20211228_152942_1937432784_600_800.png,/scratch/parceirosbr/bigoilict/share/BigOil/document_generator/datasets/documents_2021_12_28/pai_3cols_20211228_152942_1937432784_600_800.png,pai_3cols_20211228_152942_1937432784_600_800_mask.png,
184,0,369,1,149,657,518,658,149,657,518,657,518,658,149,658,line,line,line,,,,pai_3cols_20211228_152942_1937432784_600_800.png,/scratch/parceirosbr/bigoilict/share/BigOil/document_generator/datasets/documents_2021_12_28/pai_3cols_20211228_152942_1937432784_600_800.png,pai_3cols_20211228_152942_1937432784_600_800_mask.png,nan
6,4,13,9,149,657,162,666,149,657,162,657,162,666,149,666,sub_line_text,numpag,footer_1,arial,regular,8,pai_3cols_20211228_152942_1937432784_600_800.png,/scratch/parceirosbr/bigoilict/share/BigOil/document_generator/datasets/documents_2021_12_28/pai_3cols_20211228_152942_1937432784_600_800.png,pai_3cols_20211228_152942_1937432784_600_800_mask.png,105
6,4,13,9,149,657,162,666,149,657,162,657,162,666,149,666,text,numpag,footer_1,arial,regular,8,pai_3cols_20211228_152942_1937432784_600_800.png,/scratch/parceirosbr/bigoilict/share/BigOil/document_generator/datasets/documents_2021_12_28/pai_3cols_20211228_152942_1937432784_600_800.png,pai_3cols_20211228_152942_1937432784_600_800_mask.png,nan
54,30,108,61,149,102,257,163,149,102,257,102,257,163,149,163,list,list,list_1,arial,arial,8,pai_3cols_20211228_152942_1937432784_600_800.png,/scratch/parceirosbr/bigoilict/share/BigOil/document_generator/datasets/documents_2021_12_28/pai_3cols_20211228_152942_1937432784_600_800.png,pai_3cols_20211228_152942_1937432784_600_800_mask.png,
54,5,108,10,149,102,257,112,149,102,257,102,257,112,149,112,sub_line_text,list,list_1,arial,regular,8,pai_3cols_20211228_152942_1937432784_600_800.png,/scratch/parceirosbr/bigoilict/share/BigOil/document_generator/datasets/documents_2021_12_28/pai_3cols_20211228_152942_1937432784_600_800.png,pai_3cols_20211228_152942_1937432784_600_800_mask.png,*  Publicada  em  julho  de  2006
50,5,101,10,156,119,257,129,156,119,257,119,257,129,156,129,sub_line_text,list,list_1,arial,regular,8,pai_3cols_20211228_152942_1937432784_600_800.png,/scratch/parceirosbr/bigoilict/share/BigOil/document_generator/datasets/documents_2021_12_28/pai_3cols_20211228_152942_1937432784_600_800.png,pai_3cols_20211228_152942_1937432784_600_800_mask.png,(estabelece                           os
50,5,101,10,156,136,257,146,156,136,257,136,257,146,156,146,sub_line_text,list,list_1,arial,regular,8,pai_3cols_20211228_152942_1937432784_600_800.png,/scratch/parceirosbr/bigoilict/share/BigOil/document_generator/datasets/documents_2021_12_28/pai_3cols_20211228_152942_1937432784_600_800.png,pai_3cols_20211228_152942_1937432784_600_800_mask.png,procedimentos   durante  uma
47,5,95,10,156,153,251,163,156,153,251,153,251,163,156,163,sub_line_text,list,list_1,arial,regular,8,pai_3cols_20211228_152942_1937432784_600_800.png,/scratch/parceirosbr/bigoilict/share/BigOil/document_generator/datasets/documents_2021_12_28/pai_3cols_20211228_152942_1937432784_600_800.png,pai_3cols_20211228_152942_1937432784_600_800_mask.png,situação de emergência que
51,61,103,123,151,171,254,294,151,171,254,171,254,294,151,294,table,table_image,table_0,,,,pai_3cols_20211228_152942_1937432784_600_800.png,/scratch/parceirosbr/bigoilict/share/BigOil/document_generator/datasets/documents_2021_12_28/pai_3cols_20211228_152942_1937432784_600_800.png,pai_3cols_20211228_152942_1937432784_600_800_mask.png,output/gen_tab_20211228_152944_9731603981.png
13,4,27,9,223,174,250,183,223,174,250,174,250,183,223,183,text,table_text,table_0,raleway,bold,8.0,pai_3cols_20211228_152942_1937432784_600_800.png,/scratch/parceirosbr/bigoilict/share/BigOil/document_generator/datasets/documents_2021_12_28/pai_3cols_20211228_152942_1937432784_600_800.png,pai_3cols_20211228_152942_1937432784_600_800_mask.png,queima
13,4,27,9,223,174,250,183,223,174,250,174,250,183,223,183,sub_line_text,table_text,table_0,raleway,bold,8.0,pai_3cols_20211228_152942_1937432784_600_800.png,/scratch/parceirosbr/bigoilict/share/BigOil/document_generator/datasets/documents_2021_12_28/pai_3cols_20211228_152942_1937432784_600_800.png,pai_3cols_20211228_152942_1937432784_600_800_mask.png,queima
11,4,22,9,228,187,250,196,228,187,250,187,250,196,228,196,text,table_text,table_0,raleway,bold,8.0,pai_3cols_20211228_152942_1937432784_600_800.png,/scratch/parceirosbr/bigoilict/share/BigOil/document_generator/datasets/documents_2021_12_28/pai_3cols_20211228_152942_1937432784_600_800.png,pai_3cols_20211228_152942_1937432784_600_800_mask.png,1710.9
11,4,22,9,228,187,250,196,228,187,250,187,250,196,228,196,sub_line_text,table_text,table_0,raleway,bold,8.0,pai_3cols_20211228_152942_1937432784_600_800.png,/scratch/parceirosbr/bigoilict/share/BigOil/document_generator/datasets/documents_2021_12_28/pai_3cols_20211228_152942_1937432784_600_800.png,pai_3cols_20211228_152942_1937432784_600_800_mask.png,1710.9
10,4,20,9,231,199,251,208,231,199,251,199,251,208,231,208,text,table_text,table_0,raleway,bold,8.0,pai_3cols_20211228_152942_1937432784_600_800.png,/scratch/parceirosbr/bigoilict/share/BigOil/document_generator/datasets/documents_2021_12_28/pai_3cols_20211228_152942_1937432784_600_800.png,pai_3cols_20211228_152942_1937432784_600_800_mask.png,166.3
10,4,20,9,231,199,251,208,231,199,251,199,251,208,231,208,sub_line_text,table_text,table_0,raleway,bold,8.0,pai_3cols_20211228_152942_1937432784_600_800.png,/scratch/parceirosbr/bigoilict/share/BigOil/document_generator/datasets/documents_2021_12_28/pai_3cols_20211228_152942_1937432784_600_800.png,pai_3cols_20211228_152942_1937432784_600_800_mask.png,166.3
14,4,29,9,221,212,250,221,221,212,250,212,250,221,221,221,text,table_text,table_0,raleway,bold,8.0,pai_3cols_20211228_152942_1937432784_600_800.png,/scratch/parceirosbr/bigoilict/share/BigOil/document_generator/datasets/documents_2021_12_28/pai_3cols_20211228_152942_1937432784_600_800.png,pai_3cols_20211228_152942_1937432784_600_800_mask.png,38046.5
14,4,29,9,221,212,250,221,221,212,250,212,250,221,221,221,sub_line_text,table_text,table_0,raleway,bold,8.0,pai_3cols_20211228_152942_1937432784_600_800.png,/scratch/parceirosbr/bigoilict/share/BigOil/document_generator/datasets/documents_2021_12_28/pai_3cols_20211228_152942_1937432784_600_800.png,pai_3cols_20211228_152942_1937432784_600_800_mask.png,38046.5
11,4,22,9,228,224,250,233,228,224,250,224,250,233,228,233,text,table_text,table_0,raleway,bold,8.0,pai_3cols_20211228_152942_1937432784_600_800.png,/scratch/parceirosbr/bigoilict/share/BigOil/document_generator/datasets/documents_2021_12_28/pai_3cols_20211228_152942_1937432784_600_800.png,pai_3cols_20211228_152942_1937432784_600_800_mask.png,5318.2
11,4,22,9,228,224,250,233,228,224,250,224,250,233,228,233,sub_line_text,table_text,table_0,raleway,bold,8.0,pai_3cols_20211228_152942_1937432784_600_800.png,/scratch/parceirosbr/bigoilict/share/BigOil/document_generator/datasets/documents_2021_12_28/pai_3cols_20211228_152942_1937432784_600_800.png,pai_3cols_20211228_152942_1937432784_600_800_mask.png,5318.2
11,4,23,9,227,237,250,246,227,237,250,237,250,246,227,246,text,table_text,table_0,raleway,bold,8.0,pai_3cols_20211228_152942_1937432784_600_800.png,/scratch/parceirosbr/bigoilict/share/BigOil/document_generator/datasets/documents_2021_12_28/pai_3cols_20211228_152942_1937432784_600_800.png,pai_3cols_20211228_152942_1937432784_600_800_mask.png,5227.9
11,4,23,9,227,237,250,246,227,237,250,237,250,246,227,246,sub_line_text,table_text,table_0,raleway,bold,8.0,pai_3cols_20211228_152942_1937432784_600_800.png,/scratch/parceirosbr/bigoilict/share/BigOil/document_generator/datasets/documents_2021_12_28/pai_3cols_20211228_152942_1937432784_600_800.png,pai_3cols_20211228_152942_1937432784_600_800_mask.png,5227.9
5,4,10,9,240,249,250,258,240,249,250,249,250,258,240,258,text,table_text,table_0,raleway,bold,8.0,pai_3cols_20211228_152942_1937432784_600_800.png,/scratch/parceirosbr/bigoilict/share/BigOil/document_generator/datasets/documents_2021_12_28/pai_3cols_20211228_152942_1937432784_600_800.png,pai_3cols_20211228_152942_1937432784_600_800_mask.png,7.0
5,4,10,9,240,249,250,258,240,249,250,249,250,258,240,258,sub_line_text,table_text,table_0,raleway,bold,8.0,pai_3cols_20211228_152942_1937432784_600_800.png,/scratch/parceirosbr/bigoilict/share/BigOil/document_generator/datasets/documents_2021_12_28/pai_3cols_20211228_152942_1937432784_600_800.png,pai_3cols_20211228_152942_1937432784_600_800_mask.png,7.0
12,4,24,9,226,262,250,271,226,262,250,262,250,271,226,271,text,table_text,table_0,raleway,bold,8.0,pai_3cols_20211228_152942_1937432784_600_800.png,/scratch/parceirosbr/bigoilict/share/BigOil/document_generator/datasets/documents_2021_12_28/pai_3cols_20211228_152942_1937432784_600_800.png,pai_3cols_20211228_152942_1937432784_600_800_mask.png,4290.1
12,4,24,9,226,262,250,271,226,262,250,262,250,271,226,271,sub_line_text,table_text,table_0,raleway,bold,8.0,pai_3cols_20211228_152942_1937432784_600_800.png,/scratch/parceirosbr/bigoilict/share/BigOil/document_generator/datasets/documents_2021_12_28/pai_3cols_20211228_152942_1937432784_600_800.png,pai_3cols_20211228_152942_1937432784_600_800_mask.png,4290.1
10,4,20,9,231,274,251,283,231,274,251,274,251,283,231,283,text,table_text,table_0,raleway,bold,8.0,pai_3cols_20211228_152942_1937432784_600_800.png,/scratch/parceirosbr/bigoilict/share/BigOil/document_generator/datasets/documents_2021_12_28/pai_3cols_20211228_152942_1937432784_600_800.png,pai_3cols_20211228_152942_1937432784_600_800_mask.png,236.4
10,4,20,9,231,274,251,283,231,274,251,274,251,283,231,283,sub_line_text,table_text,table_0,raleway,bold,8.0,pai_3cols_20211228_152942_1937432784_600_800.png,/scratch/parceirosbr/bigoilict/share/BigOil/document_generator/datasets/documents_2021_12_28/pai_3cols_20211228_152942_1937432784_600_800.png,pai_3cols_20211228_152942_1937432784_600_800_mask.png,236.4
41,4,83,8,160,299,243,307,160,299,243,299,243,307,160,307,sub_line_text,table_legend,table_0,arial,regular,7,pai_3cols_20211228_152942_1937432784_600_800.png,/scratch/parceirosbr/bigoilict/share/BigOil/document_generator/datasets/documents_2021_12_28/pai_3cols_20211228_152942_1937432784_600_800.png,pai_3cols_20211228_152942_1937432784_600_800_mask.png,Tabela  37:   A 3 mostra a
41,4,83,8,160,313,243,321,160,313,243,313,243,321,160,321,sub_line_text,table_legend,table_0,arial,regular,7,pai_3cols_20211228_152942_1937432784_600_800.png,/scratch/parceirosbr/bigoilict/share/BigOil/document_generator/datasets/documents_2021_12_28/pai_3cols_20211228_152942_1937432784_600_800.png,pai_3cols_20211228_152942_1937432784_600_800_mask.png,escala  de  para tensoati-
37,4,74,8,160,327,234,335,160,327,234,327,234,335,160,335,sub_line_text,table_legend,table_0,arial,regular,7,pai_3cols_20211228_152942_1937432784_600_800.png,/scratch/parceirosbr/bigoilict/share/BigOil/document_generator/datasets/documents_2021_12_28/pai_3cols_20211228_152942_1937432784_600_800.png,pai_3cols_20211228_152942_1937432784_600_800_mask.png,"vos não iônicos, e sua"
41,18,83,36,160,299,243,335,160,299,243,299,243,335,160,335,text,table_legend,table_0,arial,regular,7,pai_3cols_20211228_152942_1937432784_600_800.png,/scratch/parceirosbr/bigoilict/share/BigOil/document_generator/datasets/documents_2021_12_28/pai_3cols_20211228_152942_1937432784_600_800.png,pai_3cols_20211228_152942_1937432784_600_800_mask.png,nan
54,47,108,94,149,349,257,443,149,349,257,349,257,443,149,443,image,figure_image,figure_0,,,,pai_3cols_20211228_152942_1937432784_600_800.png,/scratch/parceirosbr/bigoilict/share/BigOil/document_generator/datasets/documents_2021_12_28/pai_3cols_20211228_152942_1937432784_600_800.png,pai_3cols_20211228_152942_1937432784_600_800_mask.png,output/gen_img_20211228_152944_5319317997.png
3,2,6,4,210,399,216,403,210,399,216,399,216,403,210,403,text,figure_text,figure_0,,,,pai_3cols_20211228_152942_1937432784_600_800.png,/scratch/parceirosbr/bigoilict/share/BigOil/document_generator/datasets/documents_2021_12_28/pai_3cols_20211228_152942_1937432784_600_800.png,pai_3cols_20211228_152942_1937432784_600_800_mask.png,844
3,2,6,4,210,399,216,403,210,399,216,399,216,403,210,403,sub_line_text,figure_text,figure_0,,,,pai_3cols_20211228_152942_1937432784_600_800.png,/scratch/parceirosbr/bigoilict/share/BigOil/document_generator/datasets/documents_2021_12_28/pai_3cols_20211228_152942_1937432784_600_800.png,pai_3cols_20211228_152942_1937432784_600_800_mask.png,844
6,1,13,3,202,436,215,439,202,436,215,436,215,439,202,439,text,figure_text,figure_0,,,,pai_3cols_20211228_152942_1937432784_600_800.png,/scratch/parceirosbr/bigoilict/share/BigOil/document_generator/datasets/documents_2021_12_28/pai_3cols_20211228_152942_1937432784_600_800.png,pai_3cols_20211228_152942_1937432784_600_800_mask.png,-3750%
6,1,13,3,202,436,215,439,202,436,215,436,215,439,202,439,sub_line_text,figure_text,figure_0,,,,pai_3cols_20211228_152942_1937432784_600_800.png,/scratch/parceirosbr/bigoilict/share/BigOil/document_generator/datasets/documents_2021_12_28/pai_3cols_20211228_152942_1937432784_600_800.png,pai_3cols_20211228_152942_1937432784_600_800_mask.png,-3750%
9,2,19,4,216,420,235,424,216,420,235,420,235,424,216,424,text,figure_text,figure_0,,,,pai_3cols_20211228_152942_1937432784_600_800.png,/scratch/parceirosbr/bigoilict/share/BigOil/document_generator/datasets/documents_2021_12_28/pai_3cols_20211228_152942_1937432784_600_800.png,pai_3cols_20211228_152942_1937432784_600_800_mask.png,Water (ML)
9,2,19,4,216,420,235,424,216,420,235,420,235,424,216,424,sub_line_text,figure_text,figure_0,,,,pai_3cols_20211228_152942_1937432784_600_800.png,/scratch/parceirosbr/bigoilict/share/BigOil/document_generator/datasets/documents_2021_12_28/pai_3cols_20211228_152942_1937432784_600_800.png,pai_3cols_20211228_152942_1937432784_600_800_mask.png,Water (ML)
6,1,13,3,227,384,240,387,227,384,240,384,240,387,227,387,text,figure_text,figure_0,,,,pai_3cols_20211228_152942_1937432784_600_800.png,/scratch/parceirosbr/bigoilict/share/BigOil/document_generator/datasets/documents_2021_12_28/pai_3cols_20211228_152942_1937432784_600_800.png,pai_3cols_20211228_152942_1937432784_600_800_mask.png,-7200%
6,1,13,3,227,384,240,387,227,384,240,384,240,387,227,387,sub_line_text,figure_text,figure_0,,,,pai_3cols_20211228_152942_1937432784_600_800.png,/scratch/parceirosbr/bigoilict/share/BigOil/document_generator/datasets/documents_2021_12_28/pai_3cols_20211228_152942_1937432784_600_800.png,pai_3cols_20211228_152942_1937432784_600_800_mask.png,-7200%
12,2,24,4,231,388,255,392,231,388,255,388,255,392,231,392,text,figure_text,figure_0,,,,pai_3cols_20211228_152942_1937432784_600_800.png,/scratch/parceirosbr/bigoilict/share/BigOil/document_generator/datasets/documents_2021_12_28/pai_3cols_20211228_152942_1937432784_600_800.png,pai_3cols_20211228_152942_1937432784_600_800_mask.png,Concentration
12,2,24,4,231,388,255,392,231,388,255,388,255,392,231,392,sub_line_text,figure_text,figure_0,,,,pai_3cols_20211228_152942_1937432784_600_800.png,/scratch/parceirosbr/bigoilict/share/BigOil/document_generator/datasets/documents_2021_12_28/pai_3cols_20211228_152942_1937432784_600_800.png,pai_3cols_20211228_152942_1937432784_600_800_mask.png,Concentration
8,2,16,4,234,368,250,372,234,368,250,368,250,372,234,372,text,figure_text,figure_0,,,,pai_3cols_20211228_152942_1937432784_600_800.png,/scratch/parceirosbr/bigoilict/share/BigOil/document_generator/datasets/documents_2021_12_28/pai_3cols_20211228_152942_1937432784_600_800.png,pai_3cols_20211228_152942_1937432784_600_800_mask.png,Data [KB]
8,2,16,4,234,368,250,372,234,368,250,368,250,372,234,372,sub_line_text,figure_text,figure_0,,,,pai_3cols_20211228_152942_1937432784_600_800.png,/scratch/parceirosbr/bigoilict/share/BigOil/document_generator/datasets/documents_2021_12_28/pai_3cols_20211228_152942_1937432784_600_800.png,pai_3cols_20211228_152942_1937432784_600_800_mask.png,Data [KB]
8,2,17,4,196,382,213,386,196,382,213,382,213,386,196,386,text,figure_text,figure_0,,,,pai_3cols_20211228_152942_1937432784_600_800.png,/scratch/parceirosbr/bigoilict/share/BigOil/document_generator/datasets/documents_2021_12_28/pai_3cols_20211228_152942_1937432784_600_800.png,pai_3cols_20211228_152942_1937432784_600_800_mask.png,Level (kw)
8,2,17,4,196,382,213,386,196,382,213,382,213,386,196,386,sub_line_text,figure_text,figure_0,,,,pai_3cols_20211228_152942_1937432784_600_800.png,/scratch/parceirosbr/bigoilict/share/BigOil/document_generator/datasets/documents_2021_12_28/pai_3cols_20211228_152942_1937432784_600_800.png,pai_3cols_20211228_152942_1937432784_600_800_mask.png,Level (kw)
6,1,13,3,171,368,184,371,171,368,184,368,184,371,171,371,text,figure_text,figure_0,,,,pai_3cols_20211228_152942_1937432784_600_800.png,/scratch/parceirosbr/bigoilict/share/BigOil/document_generator/datasets/documents_2021_12_28/pai_3cols_20211228_152942_1937432784_600_800.png,pai_3cols_20211228_152942_1937432784_600_800_mask.png,-4356%
6,1,13,3,171,368,184,371,171,368,184,368,184,371,171,371,sub_line_text,figure_text,figure_0,,,,pai_3cols_20211228_152942_1937432784_600_800.png,/scratch/parceirosbr/bigoilict/share/BigOil/document_generator/datasets/documents_2021_12_28/pai_3cols_20211228_152942_1937432784_600_800.png,pai_3cols_20211228_152942_1937432784_600_800_mask.png,-4356%
4,2,9,4,184,385,193,389,184,385,193,385,193,389,184,389,text,figure_text,figure_0,,,,pai_3cols_20211228_152942_1937432784_600_800.png,/scratch/parceirosbr/bigoilict/share/BigOil/document_generator/datasets/documents_2021_12_28/pai_3cols_20211228_152942_1937432784_600_800.png,pai_3cols_20211228_152942_1937432784_600_800_mask.png,Profit
4,2,9,4,184,385,193,389,184,385,193,385,193,389,184,389,sub_line_text,figure_text,figure_0,,,,pai_3cols_20211228_152942_1937432784_600_800.png,/scratch/parceirosbr/bigoilict/share/BigOil/document_generator/datasets/documents_2021_12_28/pai_3cols_20211228_152942_1937432784_600_800.png,pai_3cols_20211228_152942_1937432784_600_800_mask.png,Profit
4,2,9,4,164,398,173,402,164,398,173,398,173,402,164,402,text,figure_text,figure_0,,,,pai_3cols_20211228_152942_1937432784_600_800.png,/scratch/parceirosbr/bigoilict/share/BigOil/document_generator/datasets/documents_2021_12_28/pai_3cols_20211228_152942_1937432784_600_800.png,pai_3cols_20211228_152942_1937432784_600_800_mask.png,-9507
4,2,9,4,164,398,173,402,164,398,173,398,173,402,164,402,sub_line_text,figure_text,figure_0,,,,pai_3cols_20211228_152942_1937432784_600_800.png,/scratch/parceirosbr/bigoilict/share/BigOil/document_generator/datasets/documents_2021_12_28/pai_3cols_20211228_152942_1937432784_600_800.png,pai_3cols_20211228_152942_1937432784_600_800_mask.png,-9507
7,1,15,3,210,391,225,394,210,391,225,391,225,394,210,394,text,figure_text,figure_0,,,,pai_3cols_20211228_152942_1937432784_600_800.png,/scratch/parceirosbr/bigoilict/share/BigOil/document_generator/datasets/documents_2021_12_28/pai_3cols_20211228_152942_1937432784_600_800.png,pai_3cols_20211228_152942_1937432784_600_800_mask.png,Reaction
7,1,15,3,210,391,225,394,210,391,225,391,225,394,210,394,sub_line_text,figure_text,figure_0,,,,pai_3cols_20211228_152942_1937432784_600_800.png,/scratch/parceirosbr/bigoilict/share/BigOil/document_generator/datasets/documents_2021_12_28/pai_3cols_20211228_152942_1937432784_600_800.png,pai_3cols_20211228_152942_1937432784_600_800_mask.png,Reaction
9,2,18,4,165,354,183,358,165,354,183,354,183,358,165,358,text,figure_text,figure_0,,,,pai_3cols_20211228_152942_1937432784_600_800.png,/scratch/parceirosbr/bigoilict/share/BigOil/document_generator/datasets/documents_2021_12_28/pai_3cols_20211228_152942_1937432784_600_800.png,pai_3cols_20211228_152942_1937432784_600_800_mask.png,Liters [ML]
9,2,18,4,165,354,183,358,165,354,183,354,183,358,165,358,sub_line_text,figure_text,figure_0,,,,pai_3cols_20211228_152942_1937432784_600_800.png,/scratch/parceirosbr/bigoilict/share/BigOil/document_generator/datasets/documents_2021_12_28/pai_3cols_20211228_152942_1937432784_600_800.png,pai_3cols_20211228_152942_1937432784_600_800_mask.png,Liters [ML]
9,2,19,4,169,391,188,395,169,391,188,391,188,395,169,395,text,figure_text,figure_0,,,,pai_3cols_20211228_152942_1937432784_600_800.png,/scratch/parceirosbr/bigoilict/share/BigOil/document_generator/datasets/documents_2021_12_28/pai_3cols_20211228_152942_1937432784_600_800.png,pai_3cols_20211228_152942_1937432784_600_800_mask.png,Liters (ML)
9,2,19,4,169,391,188,395,169,391,188,391,188,395,169,395,sub_line_text,figure_text,figure_0,,,,pai_3cols_20211228_152942_1937432784_600_800.png,/scratch/parceirosbr/bigoilict/share/BigOil/document_generator/datasets/documents_2021_12_28/pai_3cols_20211228_152942_1937432784_600_800.png,pai_3cols_20211228_152942_1937432784_600_800_mask.png,Liters (ML)
8,1,16,3,238,358,254,361,238,358,254,358,254,361,238,361,text,figure_text,figure_0,,,,pai_3cols_20211228_152942_1937432784_600_800.png,/scratch/parceirosbr/bigoilict/share/BigOil/document_generator/datasets/documents_2021_12_28/pai_3cols_20211228_152942_1937432784_600_800.png,pai_3cols_20211228_152942_1937432784_600_800_mask.png,Statistics
8,1,16,3,238,358,254,361,238,358,254,358,254,361,238,361,sub_line_text,figure_text,figure_0,,,,pai_3cols_20211228_152942_1937432784_600_800.png,/scratch/parceirosbr/bigoilict/share/BigOil/document_generator/datasets/documents_2021_12_28/pai_3cols_20211228_152942_1937432784_600_800.png,pai_3cols_20211228_152942_1937432784_600_800_mask.png,Statistics
6,1,13,3,203,387,216,390,203,387,216,387,216,390,203,390,text,figure_text,figure_0,,,,pai_3cols_20211228_152942_1937432784_600_800.png,/scratch/parceirosbr/bigoilict/share/BigOil/document_generator/datasets/documents_2021_12_28/pai_3cols_20211228_152942_1937432784_600_800.png,pai_3cols_20211228_152942_1937432784_600_800_mask.png,-1039.4
6,1,13,3,203,387,216,390,203,387,216,387,216,390,203,390,sub_line_text,figure_text,figure_0,,,,pai_3cols_20211228_152942_1937432784_600_800.png,/scratch/parceirosbr/bigoilict/share/BigOil/document_generator/datasets/documents_2021_12_28/pai_3cols_20211228_152942_1937432784_600_800.png,pai_3cols_20211228_152942_1937432784_600_800_mask.png,-1039.4
8,2,17,4,151,436,168,440,151,436,168,436,168,440,151,440,text,figure_text,figure_0,,,,pai_3cols_20211228_152942_1937432784_600_800.png,/scratch/parceirosbr/bigoilict/share/BigOil/document_generator/datasets/documents_2021_12_28/pai_3cols_20211228_152942_1937432784_600_800.png,pai_3cols_20211228_152942_1937432784_600_800_mask.png,Data [GB]
8,2,17,4,151,436,168,440,151,436,168,436,168,440,151,440,sub_line_text,figure_text,figure_0,,,,pai_3cols_20211228_152942_1937432784_600_800.png,/scratch/parceirosbr/bigoilict/share/BigOil/document_generator/datasets/documents_2021_12_28/pai_3cols_20211228_152942_1937432784_600_800.png,pai_3cols_20211228_152942_1937432784_600_800_mask.png,Data [GB]
7,2,15,4,171,373,186,377,171,373,186,373,186,377,171,377,text,figure_text,figure_0,,,,pai_3cols_20211228_152942_1937432784_600_800.png,/scratch/parceirosbr/bigoilict/share/BigOil/document_generator/datasets/documents_2021_12_28/pai_3cols_20211228_152942_1937432784_600_800.png,pai_3cols_20211228_152942_1937432784_600_800_mask.png,Reaction
7,2,15,4,171,373,186,377,171,373,186,373,186,377,171,377,sub_line_text,figure_text,figure_0,,,,pai_3cols_20211228_152942_1937432784_600_800.png,/scratch/parceirosbr/bigoilict/share/BigOil/document_generator/datasets/documents_2021_12_28/pai_3cols_20211228_152942_1937432784_600_800.png,pai_3cols_20211228_152942_1937432784_600_800_mask.png,Reaction
9,2,19,4,220,379,239,383,220,379,239,379,239,383,220,383,text,figure_text,figure_0,,,,pai_3cols_20211228_152942_1937432784_600_800.png,/scratch/parceirosbr/bigoilict/share/BigOil/document_generator/datasets/documents_2021_12_28/pai_3cols_20211228_152942_1937432784_600_800.png,pai_3cols_20211228_152942_1937432784_600_800_mask.png,-3737.86%
9,2,19,4,220,379,239,383,220,379,239,379,239,383,220,383,sub_line_text,figure_text,figure_0,,,,pai_3cols_20211228_152942_1937432784_600_800.png,/scratch/parceirosbr/bigoilict/share/BigOil/document_generator/datasets/documents_2021_12_28/pai_3cols_20211228_152942_1937432784_600_800.png,pai_3cols_20211228_152942_1937432784_600_800_mask.png,-3737.86%
6,2,13,4,172,379,185,383,172,379,185,379,185,383,172,383,text,figure_text,figure_0,,,,pai_3cols_20211228_152942_1937432784_600_800.png,/scratch/parceirosbr/bigoilict/share/BigOil/document_generator/datasets/documents_2021_12_28/pai_3cols_20211228_152942_1937432784_600_800.png,pai_3cols_20211228_152942_1937432784_600_800_mask.png,Density
6,2,13,4,172,379,185,383,172,379,185,379,185,383,172,383,sub_line_text,figure_text,figure_0,,,,pai_3cols_20211228_152942_1937432784_600_800.png,/scratch/parceirosbr/bigoilict/share/BigOil/document_generator/datasets/documents_2021_12_28/pai_3cols_20211228_152942_1937432784_600_800.png,pai_3cols_20211228_152942_1937432784_600_800_mask.png,Density
8,2,17,5,157,406,174,411,157,406,174,406,174,411,157,411,text,figure_text,figure_0,,,,pai_3cols_20211228_152942_1937432784_600_800.png,/scratch/parceirosbr/bigoilict/share/BigOil/document_generator/datasets/documents_2021_12_28/pai_3cols_20211228_152942_1937432784_600_800.png,pai_3cols_20211228_152942_1937432784_600_800_mask.png,Male [km]
8,2,17,5,157,406,174,411,157,406,174,406,174,411,157,411,sub_line_text,figure_text,figure_0,,,,pai_3cols_20211228_152942_1937432784_600_800.png,/scratch/parceirosbr/bigoilict/share/BigOil/document_generator/datasets/documents_2021_12_28/pai_3cols_20211228_152942_1937432784_600_800.png,pai_3cols_20211228_152942_1937432784_600_800_mask.png,Male [km]
7,2,14,4,232,374,246,378,232,374,246,374,246,378,232,378,text,figure_text,figure_0,,,,pai_3cols_20211228_152942_1937432784_600_800.png,/scratch/parceirosbr/bigoilict/share/BigOil/document_generator/datasets/documents_2021_12_28/pai_3cols_20211228_152942_1937432784_600_800.png,pai_3cols_20211228_152942_1937432784_600_800_mask.png,Loading
7,2,14,4,232,374,246,378,232,374,246,374,246,378,232,378,sub_line_text,figure_text,figure_0,,,,pai_3cols_20211228_152942_1937432784_600_800.png,/scratch/parceirosbr/bigoilict/share/BigOil/document_generator/datasets/documents_2021_12_28/pai_3cols_20211228_152942_1937432784_600_800.png,pai_3cols_20211228_152942_1937432784_600_800_mask.png,Loading
8,1,16,3,191,364,207,367,191,364,207,364,207,367,191,367,text,figure_text,figure_0,,,,pai_3cols_20211228_152942_1937432784_600_800.png,/scratch/parceirosbr/bigoilict/share/BigOil/document_generator/datasets/documents_2021_12_28/pai_3cols_20211228_152942_1937432784_600_800.png,pai_3cols_20211228_152942_1937432784_600_800_mask.png,-3821.8%
8,1,16,3,191,364,207,367,191,364,207,364,207,367,191,367,sub_line_text,figure_text,figure_0,,,,pai_3cols_20211228_152942_1937432784_600_800.png,/scratch/parceirosbr/bigoilict/share/BigOil/document_generator/datasets/documents_2021_12_28/pai_3cols_20211228_152942_1937432784_600_800.png,pai_3cols_20211228_152942_1937432784_600_800_mask.png,-3821.8%
8,2,17,4,215,359,232,363,215,359,232,359,232,363,215,363,text,figure_text,figure_0,,,,pai_3cols_20211228_152942_1937432784_600_800.png,/scratch/parceirosbr/bigoilict/share/BigOil/document_generator/datasets/documents_2021_12_28/pai_3cols_20211228_152942_1937432784_600_800.png,pai_3cols_20211228_152942_1937432784_600_800_mask.png,Level [kw]
8,2,17,4,215,359,232,363,215,359,232,359,232,363,215,363,sub_line_text,figure_text,figure_0,,,,pai_3cols_20211228_152942_1937432784_600_800.png,/scratch/parceirosbr/bigoilict/share/BigOil/document_generator/datasets/documents_2021_12_28/pai_3cols_20211228_152942_1937432784_600_800.png,pai_3cols_20211228_152942_1937432784_600_800_mask.png,Level [kw]
6,2,13,4,234,399,247,403,234,399,247,399,247,403,234,403,text,figure_text,figure_0,,,,pai_3cols_20211228_152942_1937432784_600_800.png,/scratch/parceirosbr/bigoilict/share/BigOil/document_generator/datasets/documents_2021_12_28/pai_3cols_20211228_152942_1937432784_600_800.png,pai_3cols_20211228_152942_1937432784_600_800_mask.png,-1900.2
6,2,13,4,234,399,247,403,234,399,247,399,247,403,234,403,sub_line_text,figure_text,figure_0,,,,pai_3cols_20211228_152942_1937432784_600_800.png,/scratch/parceirosbr/bigoilict/share/BigOil/document_generator/datasets/documents_2021_12_28/pai_3cols_20211228_152942_1937432784_600_800.png,pai_3cols_20211228_152942_1937432784_600_800_mask.png,-1900.2
47,4,94,8,160,448,254,456,160,448,254,448,254,456,160,456,sub_line_text,figure_legend,figure_0,arial,regular,7,pai_3cols_20211228_152942_1937432784_600_800.png,/scratch/parceirosbr/bigoilict/share/BigOil/document_generator/datasets/documents_2021_12_28/pai_3cols_20211228_152942_1937432784_600_800.png,pai_3cols_20211228_152942_1937432784_600_800_mask.png,Figura  70:  Dado n o número
46,4,93,8,160,462,253,470,160,462,253,462,253,470,160,470,sub_line_text,figure_legend,figure_0,arial,regular,7,pai_3cols_20211228_152942_1937432784_600_800.png,/scratch/parceirosbr/bigoilict/share/BigOil/document_generator/datasets/documents_2021_12_28/pai_3cols_20211228_152942_1937432784_600_800.png,pai_3cols_20211228_152942_1937432784_600_800_mask.png,"de  entre  ek  e ej, as ligaçõ-"
45,4,90,8,160,476,250,484,160,476,250,476,250,484,160,484,sub_line_text,figure_legend,figure_0,arial,regular,7,pai_3cols_20211228_152942_1937432784_600_800.png,/scratch/parceirosbr/bigoilict/share/BigOil/document_generator/datasets/documents_2021_12_28/pai_3cols_20211228_152942_1937432784_600_800.png,pai_3cols_20211228_152942_1937432784_600_800_mask.png,es t são atualizadas por:t n.
47,18,94,36,160,448,254,484,160,448,254,448,254,484,160,484,text,figure_legend,figure_0,arial,regular,7,pai_3cols_20211228_152942_1937432784_600_800.png,/scratch/parceirosbr/bigoilict/share/BigOil/document_generator/datasets/documents_2021_12_28/pai_3cols_20211228_152942_1937432784_600_800.png,pai_3cols_20211228_152942_1937432784_600_800_mask.png,nan
45,5,91,10,163,492,254,502,163,492,254,492,254,502,163,502,sub_line_text,text,text_0,arial,regular,8,pai_3cols_20211228_152942_1937432784_600_800.png,/scratch/parceirosbr/bigoilict/share/BigOil/document_generator/datasets/documents_2021_12_28/pai_3cols_20211228_152942_1937432784_600_800.png,pai_3cols_20211228_152942_1937432784_600_800_mask.png,O   foi   processado  de  m-
52,5,105,10,149,509,254,519,149,509,254,509,254,519,149,519,sub_line_text,text,text_0,arial,regular,8,pai_3cols_20211228_152942_1937432784_600_800.png,/scratch/parceirosbr/bigoilict/share/BigOil/document_generator/datasets/documents_2021_12_28/pai_3cols_20211228_152942_1937432784_600_800.png,pai_3cols_20211228_152942_1937432784_600_800_mask.png,odo   que   seus  produtos  deri-
52,5,105,10,149,526,254,536,149,526,254,526,254,536,149,536,sub_line_text,text,text_0,arial,regular,8,pai_3cols_20211228_152942_1937432784_600_800.png,/scratch/parceirosbr/bigoilict/share/BigOil/document_generator/datasets/documents_2021_12_28/pai_3cols_20211228_152942_1937432784_600_800.png,pai_3cols_20211228_152942_1937432784_600_800_mask.png,vados    fossem   usados   para
52,5,104,10,149,543,253,553,149,543,253,543,253,553,149,553,sub_line_text,text,text_0,arial,regular,8,pai_3cols_20211228_152942_1937432784_600_800.png,/scratch/parceirosbr/bigoilict/share/BigOil/document_generator/datasets/documents_2021_12_28/pai_3cols_20211228_152942_1937432784_600_800.png,pai_3cols_20211228_152942_1937432784_600_800_mask.png,uma   delineação   da  bacia  h-
45,5,90,10,149,560,239,570,149,560,239,560,239,570,149,570,sub_line_text,text,text_0,arial,regular,8,pai_3cols_20211228_152942_1937432784_600_800.png,/scratch/parceirosbr/bigoilict/share/BigOil/document_generator/datasets/documents_2021_12_28/pai_3cols_20211228_152942_1937432784_600_800.png,pai_3cols_20211228_152942_1937432784_600_800_mask.png,idrográfica e das correspo.
52,39,105,78,149,492,254,570,149,492,254,492,254,570,149,570,text,text,text_0,arial,regular,8,pai_3cols_20211228_152942_1937432784_600_800.png,/scratch/parceirosbr/bigoilict/share/BigOil/document_generator/datasets/documents_2021_12_28/pai_3cols_20211228_152942_1937432784_600_800.png,pai_3cols_20211228_152942_1937432784_600_800_mask.png,nan
45,5,91,10,163,578,254,588,163,578,254,578,254,588,163,588,sub_line_text,text,text_1,arial,regular,8,pai_3cols_20211228_152942_1937432784_600_800.png,/scratch/parceirosbr/bigoilict/share/BigOil/document_generator/datasets/documents_2021_12_28/pai_3cols_20211228_152942_1937432784_600_800.png,pai_3cols_20211228_152942_1937432784_600_800_mask.png,"Assim,    várias    informa-"
52,5,104,10,149,595,253,605,149,595,253,595,253,605,149,605,sub_line_text,text,text_1,arial,regular,8,pai_3cols_20211228_152942_1937432784_600_800.png,/scratch/parceirosbr/bigoilict/share/BigOil/document_generator/datasets/documents_2021_12_28/pai_3cols_20211228_152942_1937432784_600_800.png,pai_3cols_20211228_152942_1937432784_600_800_mask.png,ções   como   potencial  de  co-
45,5,90,10,149,612,239,622,149,612,239,612,239,622,149,622,sub_line_text,text,text_1,arial,regular,8,pai_3cols_20211228_152942_1937432784_600_800.png,/scratch/parceirosbr/bigoilict/share/BigOil/document_generator/datasets/documents_2021_12_28/pai_3cols_20211228_152942_1937432784_600_800.png,pai_3cols_20211228_152942_1937432784_600_800_mask.png,"rrosão, corrente de corros."
52,22,105,44,149,578,254,622,149,578,254,578,254,622,149,622,text,text,text_1,arial,regular,8,pai_3cols_20211228_152942_1937432784_600_800.png,/scratch/parceirosbr/bigoilict/share/BigOil/document_generator/datasets/documents_2021_12_28/pai_3cols_20211228_152942_1937432784_600_800.png,pai_3cols_20211228_152942_1937432784_600_800_mask.png,nan
46,6,92,12,287,102,379,114,287,102,379,102,379,114,287,114,sub_line_text,subsubtitle,subsubtitle_0,arial,regular,10,pai_3cols_20211228_152942_1937432784_600_800.png,/scratch/parceirosbr/bigoilict/share/BigOil/document_generator/datasets/documents_2021_12_28/pai_3cols_20211228_152942_1937432784_600_800.png,pai_3cols_20211228_152942_1937432784_600_800_mask.png,SUMÁRIO 13 15 15
46,6,92,12,287,102,379,114,287,102,379,102,379,114,287,114,title,subsubtitle,subsubtitle_0,arial,regular,10,pai_3cols_20211228_152942_1937432784_600_800.png,/scratch/parceirosbr/bigoilict/share/BigOil/document_generator/datasets/documents_2021_12_28/pai_3cols_20211228_152942_1937432784_600_800.png,pai_3cols_20211228_152942_1937432784_600_800_mask.png,nan
51,50,102,100,282,126,384,226,282,126,384,126,384,226,282,226,table,table_image,table_0,,,,pai_3cols_20211228_152942_1937432784_600_800.png,/scratch/parceirosbr/bigoilict/share/BigOil/document_generator/datasets/documents_2021_12_28/pai_3cols_20211228_152942_1937432784_600_800.png,pai_3cols_20211228_152942_1937432784_600_800_mask.png,output/gen_tab_20211228_152946_9118540160.png
8,4,17,9,324,128,341,137,324,128,341,128,341,137,324,137,text,table_text,table_0,roboto,regular,8.0,pai_3cols_20211228_152942_1937432784_600_800.png,/scratch/parceirosbr/bigoilict/share/BigOil/document_generator/datasets/documents_2021_12_28/pai_3cols_20211228_152942_1937432784_600_800.png,pai_3cols_20211228_152942_1937432784_600_800_mask.png,julho
8,4,17,9,324,128,341,137,324,128,341,128,341,137,324,137,sub_line_text,table_text,table_0,roboto,regular,8.0,pai_3cols_20211228_152942_1937432784_600_800.png,/scratch/parceirosbr/bigoilict/share/BigOil/document_generator/datasets/documents_2021_12_28/pai_3cols_20211228_152942_1937432784_600_800.png,pai_3cols_20211228_152942_1937432784_600_800_mask.png,julho
5,4,11,9,327,141,338,150,327,141,338,141,338,150,327,150,text,table_text,table_0,roboto,italic,8.0,pai_3cols_20211228_152942_1937432784_600_800.png,/scratch/parceirosbr/bigoilict/share/BigOil/document_generator/datasets/documents_2021_12_28/pai_3cols_20211228_152942_1937432784_600_800.png,pai_3cols_20211228_152942_1937432784_600_800_mask.png,por
5,4,11,9,327,141,338,150,327,141,338,141,338,150,327,150,sub_line_text,table_text,table_0,roboto,italic,8.0,pai_3cols_20211228_152942_1937432784_600_800.png,/scratch/parceirosbr/bigoilict/share/BigOil/document_generator/datasets/documents_2021_12_28/pai_3cols_20211228_152942_1937432784_600_800.png,pai_3cols_20211228_152942_1937432784_600_800_mask.png,por
5,4,10,9,327,153,337,162,327,153,337,153,337,162,327,162,text,table_text,table_0,roboto,italic,8.0,pai_3cols_20211228_152942_1937432784_600_800.png,/scratch/parceirosbr/bigoilict/share/BigOil/document_generator/datasets/documents_2021_12_28/pai_3cols_20211228_152942_1937432784_600_800.png,pai_3cols_20211228_152942_1937432784_600_800_mask.png,um
5,4,10,9,327,153,337,162,327,153,337,153,337,162,327,162,sub_line_text,table_text,table_0,roboto,italic,8.0,pai_3cols_20211228_152942_1937432784_600_800.png,/scratch/parceirosbr/bigoilict/share/BigOil/document_generator/datasets/documents_2021_12_28/pai_3cols_20211228_152942_1937432784_600_800.png,pai_3cols_20211228_152942_1937432784_600_800_mask.png,um
5,4,10,9,327,166,337,175,327,166,337,166,337,175,327,175,text,table_text,table_0,roboto,italic,8.0,pai_3cols_20211228_152942_1937432784_600_800.png,/scratch/parceirosbr/bigoilict/share/BigOil/document_generator/datasets/documents_2021_12_28/pai_3cols_20211228_152942_1937432784_600_800.png,pai_3cols_20211228_152942_1937432784_600_800_mask.png,um
5,4,10,9,327,166,337,175,327,166,337,166,337,175,327,175,sub_line_text,table_text,table_0,roboto,italic,8.0,pai_3cols_20211228_152942_1937432784_600_800.png,/scratch/parceirosbr/bigoilict/share/BigOil/document_generator/datasets/documents_2021_12_28/pai_3cols_20211228_152942_1937432784_600_800.png,pai_3cols_20211228_152942_1937432784_600_800_mask.png,um
8,4,17,9,323,178,340,187,323,178,340,178,340,187,323,187,text,table_text,table_0,roboto,italic,8.0,pai_3cols_20211228_152942_1937432784_600_800.png,/scratch/parceirosbr/bigoilict/share/BigOil/document_generator/datasets/documents_2021_12_28/pai_3cols_20211228_152942_1937432784_600_800.png,pai_3cols_20211228_152942_1937432784_600_800_mask.png,picos
8,4,17,9,323,178,340,187,323,178,340,178,340,187,323,187,sub_line_text,table_text,table_0,roboto,italic,8.0,pai_3cols_20211228_152942_1937432784_600_800.png,/scratch/parceirosbr/bigoilict/share/BigOil/document_generator/datasets/documents_2021_12_28/pai_3cols_20211228_152942_1937432784_600_800.png,pai_3cols_20211228_152942_1937432784_600_800_mask.png,picos
5,4,11,9,327,190,338,199,327,190,338,190,338,199,327,199,text,table_text,table_0,roboto,italic,8.0,pai_3cols_20211228_152942_1937432784_600_800.png,/scratch/parceirosbr/bigoilict/share/BigOil/document_generator/datasets/documents_2021_12_28/pai_3cols_20211228_152942_1937432784_600_800.png,pai_3cols_20211228_152942_1937432784_600_800_mask.png,dos
5,4,11,9,327,190,338,199,327,190,338,190,338,199,327,199,sub_line_text,table_text,table_0,roboto,italic,8.0,pai_3cols_20211228_152942_1937432784_600_800.png,/scratch/parceirosbr/bigoilict/share/BigOil/document_generator/datasets/documents_2021_12_28/pai_3cols_20211228_152942_1937432784_600_800.png,pai_3cols_20211228_152942_1937432784_600_800_mask.png,dos
5,4,11,9,327,203,338,212,327,203,338,203,338,212,327,212,text,table_text,table_0,roboto,italic,8.0,pai_3cols_20211228_152942_1937432784_600_800.png,/scratch/parceirosbr/bigoilict/share/BigOil/document_generator/datasets/documents_2021_12_28/pai_3cols_20211228_152942_1937432784_600_800.png,pai_3cols_20211228_152942_1937432784_600_800_mask.png,que
5,4,11,9,327,203,338,212,327,203,338,203,338,212,327,212,sub_line_text,table_text,table_0,roboto,italic,8.0,pai_3cols_20211228_152942_1937432784_600_800.png,/scratch/parceirosbr/bigoilict/share/BigOil/document_generator/datasets/documents_2021_12_28/pai_3cols_20211228_152942_1937432784_600_800.png,pai_3cols_20211228_152942_1937432784_600_800_mask.png,que
41,4,82,8,290,231,372,239,290,231,372,231,372,239,290,239,sub_line_text,table_legend,table_0,arial,regular,7,pai_3cols_20211228_152942_1937432784_600_800.png,/scratch/parceirosbr/bigoilict/share/BigOil/document_generator/datasets/documents_2021_12_28/pai_3cols_20211228_152942_1937432784_600_800.png,pai_3cols_20211228_152942_1937432784_600_800_mask.png,Tabela  114:    Geomorfo-
40,4,81,8,290,245,371,253,290,245,371,245,371,253,290,253,sub_line_text,table_legend,table_0,arial,regular,7,pai_3cols_20211228_152942_1937432784_600_800.png,/scratch/parceirosbr/bigoilict/share/BigOil/document_generator/datasets/documents_2021_12_28/pai_3cols_20211228_152942_1937432784_600_800.png,pai_3cols_20211228_152942_1937432784_600_800_mask.png,logia  do estado do de d-
39,4,78,8,290,259,368,267,290,259,368,259,368,267,290,267,sub_line_text,table_legend,table_0,arial,regular,7,pai_3cols_20211228_152942_1937432784_600_800.png,/scratch/parceirosbr/bigoilict/share/BigOil/document_generator/datasets/documents_2021_12_28/pai_3cols_20211228_152942_1937432784_600_800.png,pai_3cols_20211228_152942_1937432784_600_800_mask.png,istribuição espacial das
41,18,82,36,290,231,372,267,290,231,372,231,372,267,290,267,text,table_legend,table_0,arial,regular,7,pai_3cols_20211228_152942_1937432784_600_800.png,/scratch/parceirosbr/bigoilict/share/BigOil/document_generator/datasets/documents_2021_12_28/pai_3cols_20211228_152942_1937432784_600_800.png,pai_3cols_20211228_152942_1937432784_600_800_mask.png,nan
51,58,103,116,281,281,384,397,281,281,384,281,384,397,281,397,table,table_image,table_0,,,,pai_3cols_20211228_152942_1937432784_600_800.png,/scratch/parceirosbr/bigoilict/share/BigOil/document_generator/datasets/documents_2021_12_28/pai_3cols_20211228_152942_1937432784_600_800.png,pai_3cols_20211228_152942_1937432784_600_800_mask.png,output/gen_tab_20211228_152946_2841508541.png
5,4,10,9,326,283,336,292,326,283,336,283,336,292,326,292,text,table_text,table_0,arial,italic,8.0,pai_3cols_20211228_152942_1937432784_600_800.png,/scratch/parceirosbr/bigoilict/share/BigOil/document_generator/datasets/documents_2021_12_28/pai_3cols_20211228_152942_1937432784_600_800.png,pai_3cols_20211228_152942_1937432784_600_800_mask.png,um
5,4,10,9,326,283,336,292,326,283,336,283,336,292,326,292,sub_line_text,table_text,table_0,arial,italic,8.0,pai_3cols_20211228_152942_1937432784_600_800.png,/scratch/parceirosbr/bigoilict/share/BigOil/document_generator/datasets/documents_2021_12_28/pai_3cols_20211228_152942_1937432784_600_800.png,pai_3cols_20211228_152942_1937432784_600_800_mask.png,um
16,4,33,9,315,304,348,313,315,304,348,304,348,313,315,313,text,table_text,table_0,arial,italic,8.0,pai_3cols_20211228_152942_1937432784_600_800.png,/scratch/parceirosbr/bigoilict/share/BigOil/document_generator/datasets/documents_2021_12_28/pai_3cols_20211228_152942_1937432784_600_800.png,pai_3cols_20211228_152942_1937432784_600_800_mask.png,empresas
16,4,33,9,315,304,348,313,315,304,348,304,348,313,315,313,sub_line_text,table_text,table_0,arial,italic,8.0,pai_3cols_20211228_152942_1937432784_600_800.png,/scratch/parceirosbr/bigoilict/share/BigOil/document_generator/datasets/documents_2021_12_28/pai_3cols_20211228_152942_1937432784_600_800.png,pai_3cols_20211228_152942_1937432784_600_800_mask.png,empresas
16,4,32,9,316,316,348,325,316,316,348,316,348,325,316,325,text,table_text,table_0,arial,italic,8.0,pai_3cols_20211228_152942_1937432784_600_800.png,/scratch/parceirosbr/bigoilict/share/BigOil/document_generator/datasets/documents_2021_12_28/pai_3cols_20211228_152942_1937432784_600_800.png,pai_3cols_20211228_152942_1937432784_600_800_mask.png,tamanhos
16,4,32,9,316,316,348,325,316,316,348,316,348,325,316,325,sub_line_text,table_text,table_0,arial,italic,8.0,pai_3cols_20211228_152942_1937432784_600_800.png,/scratch/parceirosbr/bigoilict/share/BigOil/document_generator/datasets/documents_2021_12_28/pai_3cols_20211228_152942_1937432784_600_800.png,pai_3cols_20211228_152942_1937432784_600_800_mask.png,tamanhos
8,4,16,9,324,328,340,337,324,328,340,328,340,337,324,337,text,table_text,table_0,arial,italic,8.0,pai_3cols_20211228_152942_1937432784_600_800.png,/scratch/parceirosbr/bigoilict/share/BigOil/document_generator/datasets/documents_2021_12_28/pai_3cols_20211228_152942_1937432784_600_800.png,pai_3cols_20211228_152942_1937432784_600_800_mask.png,atual
8,4,16,9,324,328,340,337,324,328,340,328,340,337,324,337,sub_line_text,table_text,table_0,arial,italic,8.0,pai_3cols_20211228_152942_1937432784_600_800.png,/scratch/parceirosbr/bigoilict/share/BigOil/document_generator/datasets/documents_2021_12_28/pai_3cols_20211228_152942_1937432784_600_800.png,pai_3cols_20211228_152942_1937432784_600_800_mask.png,atual
12,4,24,9,320,341,344,350,320,341,344,341,344,350,320,350,text,table_text,table_0,arial,italic,8.0,pai_3cols_20211228_152942_1937432784_600_800.png,/scratch/parceirosbr/bigoilict/share/BigOil/document_generator/datasets/documents_2021_12_28/pai_3cols_20211228_152942_1937432784_600_800.png,pai_3cols_20211228_152942_1937432784_600_800_mask.png,relação
12,4,24,9,320,341,344,350,320,341,344,341,344,350,320,350,sub_line_text,table_text,table_0,arial,italic,8.0,pai_3cols_20211228_152942_1937432784_600_800.png,/scratch/parceirosbr/bigoilict/share/BigOil/document_generator/datasets/documents_2021_12_28/pai_3cols_20211228_152942_1937432784_600_800.png,pai_3cols_20211228_152942_1937432784_600_800_mask.png,relação
13,4,27,9,319,353,346,362,319,353,346,353,346,362,319,362,text,table_text,table_0,arial,italic,8.0,pai_3cols_20211228_152942_1937432784_600_800.png,/scratch/parceirosbr/bigoilict/share/BigOil/document_generator/datasets/documents_2021_12_28/pai_3cols_20211228_152942_1937432784_600_800.png,pai_3cols_20211228_152942_1937432784_600_800_mask.png,concede
13,4,27,9,319,353,346,362,319,353,346,353,346,362,319,362,sub_line_text,table_text,table_0,arial,italic,8.0,pai_3cols_20211228_152942_1937432784_600_800.png,/scratch/parceirosbr/bigoilict/share/BigOil/document_generator/datasets/documents_2021_12_28/pai_3cols_20211228_152942_1937432784_600_800.png,pai_3cols_20211228_152942_1937432784_600_800_mask.png,concede
13,4,26,9,319,366,345,375,319,366,345,366,345,375,319,375,text,table_text,table_0,arial,italic,8.0,pai_3cols_20211228_152942_1937432784_600_800.png,/scratch/parceirosbr/bigoilict/share/BigOil/document_generator/datasets/documents_2021_12_28/pai_3cols_20211228_152942_1937432784_600_800.png,pai_3cols_20211228_152942_1937432784_600_800_mask.png,partirde
13,4,26,9,319,366,345,375,319,366,345,366,345,375,319,375,sub_line_text,table_text,table_0,arial,italic,8.0,pai_3cols_20211228_152942_1937432784_600_800.png,/scratch/parceirosbr/bigoilict/share/BigOil/document_generator/datasets/documents_2021_12_28/pai_3cols_20211228_152942_1937432784_600_800.png,pai_3cols_20211228_152942_1937432784_600_800_mask.png,partirde
8,4,16,9,324,378,340,387,324,378,340,378,340,387,324,387,text,table_text,table_0,arial,italic,8.0,pai_3cols_20211228_152942_1937432784_600_800.png,/scratch/parceirosbr/bigoilict/share/BigOil/document_generator/datasets/documents_2021_12_28/pai_3cols_20211228_152942_1937432784_600_800.png,pai_3cols_20211228_152942_1937432784_600_800_mask.png,tanto
8,4,16,9,324,378,340,387,324,378,340,378,340,387,324,387,sub_line_text,table_text,table_0,arial,italic,8.0,pai_3cols_20211228_152942_1937432784_600_800.png,/scratch/parceirosbr/bigoilict/share/BigOil/document_generator/datasets/documents_2021_12_28/pai_3cols_20211228_152942_1937432784_600_800.png,pai_3cols_20211228_152942_1937432784_600_800_mask.png,tanto
44,4,89,8,290,402,379,410,290,402,379,402,379,410,290,410,sub_line_text,table_legend,table_0,arial,regular,7,pai_3cols_20211228_152942_1937432784_600_800.png,/scratch/parceirosbr/bigoilict/share/BigOil/document_generator/datasets/documents_2021_12_28/pai_3cols_20211228_152942_1937432784_600_800.png,pai_3cols_20211228_152942_1937432784_600_800_mask.png,Tab.  94:  to apply to instal-
44,4,89,8,290,416,379,424,290,416,379,416,379,424,290,424,sub_line_text,table_legend,table_0,arial,regular,7,pai_3cols_20211228_152942_1937432784_600_800.png,/scratch/parceirosbr/bigoilict/share/BigOil/document_generator/datasets/documents_2021_12_28/pai_3cols_20211228_152942_1937432784_600_800.png,pai_3cols_20211228_152942_1937432784_600_800_mask.png,lations  for  recovery  of  m-
44,4,89,8,290,430,379,438,290,430,379,430,379,438,290,438,sub_line_text,table_legend,table_0,arial,regular,7,pai_3cols_20211228_152942_1937432784_600_800.png,/scratch/parceirosbr/bigoilict/share/BigOil/document_generator/datasets/documents_2021_12_28/pai_3cols_20211228_152942_1937432784_600_800.png,pai_3cols_20211228_152942_1937432784_600_800_mask.png,ixed  municipal  waste from
44,4,89,8,290,444,379,452,290,444,379,444,379,452,290,452,sub_line_text,table_legend,table_0,arial,regular,7,pai_3cols_20211228_152942_1937432784_600_800.png,/scratch/parceirosbr/bigoilict/share/BigOil/document_generator/datasets/documents_2021_12_28/pai_3cols_20211228_152942_1937432784_600_800.png,pai_3cols_20211228_152942_1937432784_600_800_mask.png,households.    Investiment-
44,4,89,8,290,458,379,466,290,458,379,458,379,466,290,466,sub_line_text,table_legend,table_0,arial,regular,7,pai_3cols_20211228_152942_1937432784_600_800.png,/scratch/parceirosbr/bigoilict/share/BigOil/document_generator/datasets/documents_2021_12_28/pai_3cols_20211228_152942_1937432784_600_800.png,pai_3cols_20211228_152942_1937432784_600_800_mask.png,os  e  que  deve compreen-
21,4,42,8,290,472,332,480,290,472,332,472,332,480,290,480,sub_line_text,table_legend,table_0,arial,regular,7,pai_3cols_20211228_152942_1937432784_600_800.png,/scratch/parceirosbr/bigoilict/share/BigOil/document_generator/datasets/documents_2021_12_28/pai_3cols_20211228_152942_1937432784_600_800.png,pai_3cols_20211228_152942_1937432784_600_800_mask.png,der questões
44,39,89,78,290,402,379,480,290,402,379,402,379,480,290,480,text,table_legend,table_0,arial,regular,7,pai_3cols_20211228_152942_1937432784_600_800.png,/scratch/parceirosbr/bigoilict/share/BigOil/document_generator/datasets/documents_2021_12_28/pai_3cols_20211228_152942_1937432784_600_800.png,pai_3cols_20211228_152942_1937432784_600_800_mask.png,nan
45,5,91,10,293,488,384,498,293,488,384,488,384,498,293,498,sub_line_text,text,text_2,arial,regular,8,pai_3cols_20211228_152942_1937432784_600_800.png,/scratch/parceirosbr/bigoilict/share/BigOil/document_generator/datasets/documents_2021_12_28/pai_3cols_20211228_152942_1937432784_600_800.png,pai_3cols_20211228_152942_1937432784_600_800_mask.png,As    composições   máss-
52,5,104,10,279,505,383,515,279,505,383,505,383,515,279,515,sub_line_text,text,text_2,arial,regular,8,pai_3cols_20211228_152942_1937432784_600_800.png,/scratch/parceirosbr/bigoilict/share/BigOil/document_generator/datasets/documents_2021_12_28/pai_3cols_20211228_152942_1937432784_600_800.png,pai_3cols_20211228_152942_1937432784_600_800_mask.png,icas   foram   obtidas   a   partir
52,5,105,10,279,522,384,532,279,522,384,522,384,532,279,532,sub_line_text,text,text_2,arial,regular,8,pai_3cols_20211228_152942_1937432784_600_800.png,/scratch/parceirosbr/bigoilict/share/BigOil/document_generator/datasets/documents_2021_12_28/pai_3cols_20211228_152942_1937432784_600_800.png,pai_3cols_20211228_152942_1937432784_600_800_mask.png,dos   valores   médios  dos  int-
52,5,105,10,279,539,384,549,279,539,384,539,384,549,279,549,sub_line_text,text,text_2,arial,regular,8,pai_3cols_20211228_152942_1937432784_600_800.png,/scratch/parceirosbr/bigoilict/share/BigOil/document_generator/datasets/documents_2021_12_28/pai_3cols_20211228_152942_1937432784_600_800.png,pai_3cols_20211228_152942_1937432784_600_800_mask.png,ervalos      apresentados     pel-
52,5,104,10,279,556,383,566,279,556,383,556,383,566,279,566,sub_line_text,text,text_2,arial,regular,8,pai_3cols_20211228_152942_1937432784_600_800.png,/scratch/parceirosbr/bigoilict/share/BigOil/document_generator/datasets/documents_2021_12_28/pai_3cols_20211228_152942_1937432784_600_800.png,pai_3cols_20211228_152942_1937432784_600_800_mask.png,os    autores   e   foram   devid-
44,5,88,10,279,573,367,583,279,573,367,573,367,583,279,583,sub_line_text,text,text_2,arial,regular,8,pai_3cols_20211228_152942_1937432784_600_800.png,/scratch/parceirosbr/bigoilict/share/BigOil/document_generator/datasets/documents_2021_12_28/pai_3cols_20211228_152942_1937432784_600_800.png,pai_3cols_20211228_152942_1937432784_600_800_mask.png,amente ponderadas e con.
52,47,105,95,279,488,384,583,279,488,384,488,384,583,279,583,text,text,text_2,arial,regular,8,pai_3cols_20211228_152942_1937432784_600_800.png,/scratch/parceirosbr/bigoilict/share/BigOil/document_generator/datasets/documents_2021_12_28/pai_3cols_20211228_152942_1937432784_600_800.png,pai_3cols_20211228_152942_1937432784_600_800_mask.png,nan
45,5,90,10,293,591,383,601,293,591,383,591,383,601,293,601,sub_line_text,text,text_3,arial,regular,8,pai_3cols_20211228_152942_1937432784_600_800.png,/scratch/parceirosbr/bigoilict/share/BigOil/document_generator/datasets/documents_2021_12_28/pai_3cols_20211228_152942_1937432784_600_800.png,pai_3cols_20211228_152942_1937432784_600_800_mask.png,As   volatilidades   implíci-
46,5,93,10,279,608,372,618,279,608,372,608,372,618,279,618,sub_line_text,text,text_3,arial,regular,8,pai_3cols_20211228_152942_1937432784_600_800.png,/scratch/parceirosbr/bigoilict/share/BigOil/document_generator/datasets/documents_2021_12_28/pai_3cols_20211228_152942_1937432784_600_800.png,pai_3cols_20211228_152942_1937432784_600_800_mask.png,tas das opções do na (New.
52,13,104,27,279,591,383,618,279,591,383,591,383,618,279,618,text,text,text_3,arial,regular,8,pai_3cols_20211228_152942_1937432784_600_800.png,/scratch/parceirosbr/bigoilict/share/BigOil/document_generator/datasets/documents_2021_12_28/pai_3cols_20211228_152942_1937432784_600_800.png,pai_3cols_20211228_152942_1937432784_600_800_mask.png,nan
41,5,82,10,293,626,375,636,293,626,375,626,375,636,293,636,sub_line_text,text,text_4,arial,regular,8,pai_3cols_20211228_152942_1937432784_600_800.png,/scratch/parceirosbr/bigoilict/share/BigOil/document_generator/datasets/documents_2021_12_28/pai_3cols_20211228_152942_1937432784_600_800.png,pai_3cols_20211228_152942_1937432784_600_800_mask.png,O mesmo relaciona o t-.
41,5,82,10,293,626,375,636,293,626,375,626,375,636,293,636,text,text,text_4,arial,regular,8,pai_3cols_20211228_152942_1937432784_600_800.png,/scratch/parceirosbr/bigoilict/share/BigOil/document_generator/datasets/documents_2021_12_28/pai_3cols_20211228_152942_1937432784_600_800.png,pai_3cols_20211228_152942_1937432784_600_800_mask.png,nan
51,58,103,116,411,102,514,218,411,102,514,102,514,218,411,218,table,table_image,table_0,,,,pai_3cols_20211228_152942_1937432784_600_800.png,/scratch/parceirosbr/bigoilict/share/BigOil/document_generator/datasets/documents_2021_12_28/pai_3cols_20211228_152942_1937432784_600_800.png,pai_3cols_20211228_152942_1937432784_600_800_mask.png,output/gen_tab_20211228_152947_6421918227.png
14,4,28,9,482,104,510,113,482,104,510,104,510,113,482,113,text,table_text,table_0,roboto,italic,8.0,pai_3cols_20211228_152942_1937432784_600_800.png,/scratch/parceirosbr/bigoilict/share/BigOil/document_generator/datasets/documents_2021_12_28/pai_3cols_20211228_152942_1937432784_600_800.png,pai_3cols_20211228_152942_1937432784_600_800_mask.png,derivado
14,4,28,9,482,104,510,113,482,104,510,104,510,113,482,113,sub_line_text,table_text,table_0,roboto,italic,8.0,pai_3cols_20211228_152942_1937432784_600_800.png,/scratch/parceirosbr/bigoilict/share/BigOil/document_generator/datasets/documents_2021_12_28/pai_3cols_20211228_152942_1937432784_600_800.png,pai_3cols_20211228_152942_1937432784_600_800_mask.png,derivado
7,4,14,9,427,117,441,126,427,117,441,117,441,126,427,126,text,table_text,table_0,roboto,regular,8.0,pai_3cols_20211228_152942_1937432784_600_800.png,/scratch/parceirosbr/bigoilict/share/BigOil/document_generator/datasets/documents_2021_12_28/pai_3cols_20211228_152942_1937432784_600_800.png,pai_3cols_20211228_152942_1937432784_600_800_mask.png,858
7,4,14,9,427,117,441,126,427,117,441,117,441,126,427,126,sub_line_text,table_text,table_0,roboto,regular,8.0,pai_3cols_20211228_152942_1937432784_600_800.png,/scratch/parceirosbr/bigoilict/share/BigOil/document_generator/datasets/documents_2021_12_28/pai_3cols_20211228_152942_1937432784_600_800.png,pai_3cols_20211228_152942_1937432784_600_800_mask.png,858
4,4,9,9,431,129,440,138,431,129,440,129,440,138,431,138,text,table_text,table_0,roboto,regular,8.0,pai_3cols_20211228_152942_1937432784_600_800.png,/scratch/parceirosbr/bigoilict/share/BigOil/document_generator/datasets/documents_2021_12_28/pai_3cols_20211228_152942_1937432784_600_800.png,pai_3cols_20211228_152942_1937432784_600_800_mask.png,49
4,4,9,9,431,129,440,138,431,129,440,129,440,138,431,138,sub_line_text,table_text,table_0,roboto,regular,8.0,pai_3cols_20211228_152942_1937432784_600_800.png,/scratch/parceirosbr/bigoilict/share/BigOil/document_generator/datasets/documents_2021_12_28/pai_3cols_20211228_152942_1937432784_600_800.png,pai_3cols_20211228_152942_1937432784_600_800_mask.png,49
4,4,9,9,431,142,440,151,431,142,440,142,440,151,431,151,text,table_text,table_0,roboto,regular,8.0,pai_3cols_20211228_152942_1937432784_600_800.png,/scratch/parceirosbr/bigoilict/share/BigOil/document_generator/datasets/documents_2021_12_28/pai_3cols_20211228_152942_1937432784_600_800.png,pai_3cols_20211228_152942_1937432784_600_800_mask.png,35
4,4,9,9,431,142,440,151,431,142,440,142,440,151,431,151,sub_line_text,table_text,table_0,roboto,regular,8.0,pai_3cols_20211228_152942_1937432784_600_800.png,/scratch/parceirosbr/bigoilict/share/BigOil/document_generator/datasets/documents_2021_12_28/pai_3cols_20211228_152942_1937432784_600_800.png,pai_3cols_20211228_152942_1937432784_600_800_mask.png,35
9,4,19,9,422,154,441,163,422,154,441,154,441,163,422,163,text,table_text,table_0,roboto,regular,8.0,pai_3cols_20211228_152942_1937432784_600_800.png,/scratch/parceirosbr/bigoilict/share/BigOil/document_generator/datasets/documents_2021_12_28/pai_3cols_20211228_152942_1937432784_600_800.png,pai_3cols_20211228_152942_1937432784_600_800_mask.png,6800
9,4,19,9,422,154,441,163,422,154,441,154,441,163,422,163,sub_line_text,table_text,table_0,roboto,regular,8.0,pai_3cols_20211228_152942_1937432784_600_800.png,/scratch/parceirosbr/bigoilict/share/BigOil/document_generator/datasets/documents_2021_12_28/pai_3cols_20211228_152942_1937432784_600_800.png,pai_3cols_20211228_152942_1937432784_600_800_mask.png,6800
9,4,19,9,422,167,441,176,422,167,441,167,441,176,422,176,text,table_text,table_0,roboto,regular,8.0,pai_3cols_20211228_152942_1937432784_600_800.png,/scratch/parceirosbr/bigoilict/share/BigOil/document_generator/datasets/documents_2021_12_28/pai_3cols_20211228_152942_1937432784_600_800.png,pai_3cols_20211228_152942_1937432784_600_800_mask.png,9000
9,4,19,9,422,167,441,176,422,167,441,167,441,176,422,176,sub_line_text,table_text,table_0,roboto,regular,8.0,pai_3cols_20211228_152942_1937432784_600_800.png,/scratch/parceirosbr/bigoilict/share/BigOil/document_generator/datasets/documents_2021_12_28/pai_3cols_20211228_152942_1937432784_600_800.png,pai_3cols_20211228_152942_1937432784_600_800_mask.png,9000
9,4,19,9,422,179,441,188,422,179,441,179,441,188,422,188,text,table_text,table_0,roboto,regular,8.0,pai_3cols_20211228_152942_1937432784_600_800.png,/scratch/parceirosbr/bigoilict/share/BigOil/document_generator/datasets/documents_2021_12_28/pai_3cols_20211228_152942_1937432784_600_800.png,pai_3cols_20211228_152942_1937432784_600_800_mask.png,4498
9,4,19,9,422,179,441,188,422,179,441,179,441,188,422,188,sub_line_text,table_text,table_0,roboto,regular,8.0,pai_3cols_20211228_152942_1937432784_600_800.png,/scratch/parceirosbr/bigoilict/share/BigOil/document_generator/datasets/documents_2021_12_28/pai_3cols_20211228_152942_1937432784_600_800.png,pai_3cols_20211228_152942_1937432784_600_800_mask.png,4498
9,4,19,9,422,192,441,201,422,192,441,192,441,201,422,201,text,table_text,table_0,roboto,regular,8.0,pai_3cols_20211228_152942_1937432784_600_800.png,/scratch/parceirosbr/bigoilict/share/BigOil/document_generator/datasets/documents_2021_12_28/pai_3cols_20211228_152942_1937432784_600_800.png,pai_3cols_20211228_152942_1937432784_600_800_mask.png,4756
9,4,19,9,422,192,441,201,422,192,441,192,441,201,422,201,sub_line_text,table_text,table_0,roboto,regular,8.0,pai_3cols_20211228_152942_1937432784_600_800.png,/scratch/parceirosbr/bigoilict/share/BigOil/document_generator/datasets/documents_2021_12_28/pai_3cols_20211228_152942_1937432784_600_800.png,pai_3cols_20211228_152942_1937432784_600_800_mask.png,4756
9,4,19,9,492,204,511,213,492,204,511,204,511,213,492,213,text,table_text,table_0,roboto,regular,8.0,pai_3cols_20211228_152942_1937432784_600_800.png,/scratch/parceirosbr/bigoilict/share/BigOil/document_generator/datasets/documents_2021_12_28/pai_3cols_20211228_152942_1937432784_600_800.png,pai_3cols_20211228_152942_1937432784_600_800_mask.png,8147
9,4,19,9,492,204,511,213,492,204,511,204,511,213,492,213,sub_line_text,table_text,table_0,roboto,regular,8.0,pai_3cols_20211228_152942_1937432784_600_800.png,/scratch/parceirosbr/bigoilict/share/BigOil/document_generator/datasets/documents_2021_12_28/pai_3cols_20211228_152942_1937432784_600_800.png,pai_3cols_20211228_152942_1937432784_600_800_mask.png,8147
4,4,8,9,449,117,457,126,449,117,457,117,457,126,449,126,text,table_text,table_0,roboto,regular,8.0,pai_3cols_20211228_152942_1937432784_600_800.png,/scratch/parceirosbr/bigoilict/share/BigOil/document_generator/datasets/documents_2021_12_28/pai_3cols_20211228_152942_1937432784_600_800.png,pai_3cols_20211228_152942_1937432784_600_800_mask.png,de
4,4,8,9,449,117,457,126,449,117,457,117,457,126,449,126,sub_line_text,table_text,table_0,roboto,regular,8.0,pai_3cols_20211228_152942_1937432784_600_800.png,/scratch/parceirosbr/bigoilict/share/BigOil/document_generator/datasets/documents_2021_12_28/pai_3cols_20211228_152942_1937432784_600_800.png,pai_3cols_20211228_152942_1937432784_600_800_mask.png,de
1,4,3,9,451,129,454,138,451,129,454,129,454,138,451,138,text,table_text,table_0,roboto,regular,8.0,pai_3cols_20211228_152942_1937432784_600_800.png,/scratch/parceirosbr/bigoilict/share/BigOil/document_generator/datasets/documents_2021_12_28/pai_3cols_20211228_152942_1937432784_600_800.png,pai_3cols_20211228_152942_1937432784_600_800_mask.png,é
1,4,3,9,451,129,454,138,451,129,454,129,454,138,451,138,sub_line_text,table_text,table_0,roboto,regular,8.0,pai_3cols_20211228_152942_1937432784_600_800.png,/scratch/parceirosbr/bigoilict/share/BigOil/document_generator/datasets/documents_2021_12_28/pai_3cols_20211228_152942_1937432784_600_800.png,pai_3cols_20211228_152942_1937432784_600_800_mask.png,é
6,4,12,9,447,142,459,151,447,142,459,142,459,151,447,151,text,table_text,table_0,roboto,regular,8.0,pai_3cols_20211228_152942_1937432784_600_800.png,/scratch/parceirosbr/bigoilict/share/BigOil/document_generator/datasets/documents_2021_12_28/pai_3cols_20211228_152942_1937432784_600_800.png,pai_3cols_20211228_152942_1937432784_600_800_mask.png,são
6,4,12,9,447,142,459,151,447,142,459,142,459,151,447,151,sub_line_text,table_text,table_0,roboto,regular,8.0,pai_3cols_20211228_152942_1937432784_600_800.png,/scratch/parceirosbr/bigoilict/share/BigOil/document_generator/datasets/documents_2021_12_28/pai_3cols_20211228_152942_1937432784_600_800.png,pai_3cols_20211228_152942_1937432784_600_800_mask.png,são
6,4,13,9,446,154,459,163,446,154,459,154,459,163,446,163,text,table_text,table_0,roboto,regular,8.0,pai_3cols_20211228_152942_1937432784_600_800.png,/scratch/parceirosbr/bigoilict/share/BigOil/document_generator/datasets/documents_2021_12_28/pai_3cols_20211228_152942_1937432784_600_800.png,pai_3cols_20211228_152942_1937432784_600_800_mask.png,dos
6,4,13,9,446,154,459,163,446,154,459,154,459,163,446,163,sub_line_text,table_text,table_0,roboto,regular,8.0,pai_3cols_20211228_152942_1937432784_600_800.png,/scratch/parceirosbr/bigoilict/share/BigOil/document_generator/datasets/documents_2021_12_28/pai_3cols_20211228_152942_1937432784_600_800.png,pai_3cols_20211228_152942_1937432784_600_800_mask.png,dos
5,4,10,9,447,167,457,176,447,167,457,167,457,176,447,176,text,table_text,table_0,roboto,regular,8.0,pai_3cols_20211228_152942_1937432784_600_800.png,/scratch/parceirosbr/bigoilict/share/BigOil/document_generator/datasets/documents_2021_12_28/pai_3cols_20211228_152942_1937432784_600_800.png,pai_3cols_20211228_152942_1937432784_600_800_mask.png,um
5,4,10,9,447,167,457,176,447,167,457,167,457,176,447,176,sub_line_text,table_text,table_0,roboto,regular,8.0,pai_3cols_20211228_152942_1937432784_600_800.png,/scratch/parceirosbr/bigoilict/share/BigOil/document_generator/datasets/documents_2021_12_28/pai_3cols_20211228_152942_1937432784_600_800.png,pai_3cols_20211228_152942_1937432784_600_800_mask.png,um
5,4,10,9,447,179,457,188,447,179,457,179,457,188,447,188,text,table_text,table_0,roboto,regular,8.0,pai_3cols_20211228_152942_1937432784_600_800.png,/scratch/parceirosbr/bigoilict/share/BigOil/document_generator/datasets/documents_2021_12_28/pai_3cols_20211228_152942_1937432784_600_800.png,pai_3cols_20211228_152942_1937432784_600_800_mask.png,ser
5,4,10,9,447,179,457,188,447,179,457,179,457,188,447,188,sub_line_text,table_text,table_0,roboto,regular,8.0,pai_3cols_20211228_152942_1937432784_600_800.png,/scratch/parceirosbr/bigoilict/share/BigOil/document_generator/datasets/documents_2021_12_28/pai_3cols_20211228_152942_1937432784_600_800.png,pai_3cols_20211228_152942_1937432784_600_800_mask.png,ser
5,4,10,9,447,192,457,201,447,192,457,192,457,201,447,201,text,table_text,table_0,roboto,regular,8.0,pai_3cols_20211228_152942_1937432784_600_800.png,/scratch/parceirosbr/bigoilict/share/BigOil/document_generator/datasets/documents_2021_12_28/pai_3cols_20211228_152942_1937432784_600_800.png,pai_3cols_20211228_152942_1937432784_600_800_mask.png,em
5,4,10,9,447,192,457,201,447,192,457,192,457,201,447,201,sub_line_text,table_text,table_0,roboto,regular,8.0,pai_3cols_20211228_152942_1937432784_600_800.png,/scratch/parceirosbr/bigoilict/share/BigOil/document_generator/datasets/documents_2021_12_28/pai_3cols_20211228_152942_1937432784_600_800.png,pai_3cols_20211228_152942_1937432784_600_800_mask.png,em
21,4,42,9,468,117,510,126,468,117,510,117,510,126,468,126,text,table_text,table_0,roboto,regular,8.0,pai_3cols_20211228_152942_1937432784_600_800.png,/scratch/parceirosbr/bigoilict/share/BigOil/document_generator/datasets/documents_2021_12_28/pai_3cols_20211228_152942_1937432784_600_800.png,pai_3cols_20211228_152942_1937432784_600_800_mask.png,878127176
21,4,42,9,468,117,510,126,468,117,510,117,510,126,468,126,sub_line_text,table_text,table_0,roboto,regular,8.0,pai_3cols_20211228_152942_1937432784_600_800.png,/scratch/parceirosbr/bigoilict/share/BigOil/document_generator/datasets/documents_2021_12_28/pai_3cols_20211228_152942_1937432784_600_800.png,pai_3cols_20211228_152942_1937432784_600_800_mask.png,878127176
21,4,42,9,468,129,510,138,468,129,510,129,510,138,468,138,text,table_text,table_0,roboto,regular,8.0,pai_3cols_20211228_152942_1937432784_600_800.png,/scratch/parceirosbr/bigoilict/share/BigOil/document_generator/datasets/documents_2021_12_28/pai_3cols_20211228_152942_1937432784_600_800.png,pai_3cols_20211228_152942_1937432784_600_800_mask.png,969989743
21,4,42,9,468,129,510,138,468,129,510,129,510,138,468,138,sub_line_text,table_text,table_0,roboto,regular,8.0,pai_3cols_20211228_152942_1937432784_600_800.png,/scratch/parceirosbr/bigoilict/share/BigOil/document_generator/datasets/documents_2021_12_28/pai_3cols_20211228_152942_1937432784_600_800.png,pai_3cols_20211228_152942_1937432784_600_800_mask.png,969989743
21,4,42,9,468,142,510,151,468,142,510,142,510,151,468,151,text,table_text,table_0,roboto,regular,8.0,pai_3cols_20211228_152942_1937432784_600_800.png,/scratch/parceirosbr/bigoilict/share/BigOil/document_generator/datasets/documents_2021_12_28/pai_3cols_20211228_152942_1937432784_600_800.png,pai_3cols_20211228_152942_1937432784_600_800_mask.png,452038200
21,4,42,9,468,142,510,151,468,142,510,142,510,151,468,151,sub_line_text,table_text,table_0,roboto,regular,8.0,pai_3cols_20211228_152942_1937432784_600_800.png,/scratch/parceirosbr/bigoilict/share/BigOil/document_generator/datasets/documents_2021_12_28/pai_3cols_20211228_152942_1937432784_600_800.png,pai_3cols_20211228_152942_1937432784_600_800_mask.png,452038200
21,4,42,9,468,154,510,163,468,154,510,154,510,163,468,163,text,table_text,table_0,roboto,regular,8.0,pai_3cols_20211228_152942_1937432784_600_800.png,/scratch/parceirosbr/bigoilict/share/BigOil/document_generator/datasets/documents_2021_12_28/pai_3cols_20211228_152942_1937432784_600_800.png,pai_3cols_20211228_152942_1937432784_600_800_mask.png,625277506
21,4,42,9,468,154,510,163,468,154,510,154,510,163,468,163,sub_line_text,table_text,table_0,roboto,regular,8.0,pai_3cols_20211228_152942_1937432784_600_800.png,/scratch/parceirosbr/bigoilict/share/BigOil/document_generator/datasets/documents_2021_12_28/pai_3cols_20211228_152942_1937432784_600_800.png,pai_3cols_20211228_152942_1937432784_600_800_mask.png,625277506
21,4,42,9,468,167,510,176,468,167,510,167,510,176,468,176,text,table_text,table_0,roboto,regular,8.0,pai_3cols_20211228_152942_1937432784_600_800.png,/scratch/parceirosbr/bigoilict/share/BigOil/document_generator/datasets/documents_2021_12_28/pai_3cols_20211228_152942_1937432784_600_800.png,pai_3cols_20211228_152942_1937432784_600_800_mask.png,988870734
21,4,42,9,468,167,510,176,468,167,510,167,510,176,468,176,sub_line_text,table_text,table_0,roboto,regular,8.0,pai_3cols_20211228_152942_1937432784_600_800.png,/scratch/parceirosbr/bigoilict/share/BigOil/document_generator/datasets/documents_2021_12_28/pai_3cols_20211228_152942_1937432784_600_800.png,pai_3cols_20211228_152942_1937432784_600_800_mask.png,988870734
21,4,42,9,468,179,510,188,468,179,510,179,510,188,468,188,text,table_text,table_0,roboto,regular,8.0,pai_3cols_20211228_152942_1937432784_600_800.png,/scratch/parceirosbr/bigoilict/share/BigOil/document_generator/datasets/documents_2021_12_28/pai_3cols_20211228_152942_1937432784_600_800.png,pai_3cols_20211228_152942_1937432784_600_800_mask.png,164008414
21,4,42,9,468,179,510,188,468,179,510,179,510,188,468,188,sub_line_text,table_text,table_0,roboto,regular,8.0,pai_3cols_20211228_152942_1937432784_600_800.png,/scratch/parceirosbr/bigoilict/share/BigOil/document_generator/datasets/documents_2021_12_28/pai_3cols_20211228_152942_1937432784_600_800.png,pai_3cols_20211228_152942_1937432784_600_800_mask.png,164008414
21,4,42,9,468,192,510,201,468,192,510,192,510,201,468,201,text,table_text,table_0,roboto,regular,8.0,pai_3cols_20211228_152942_1937432784_600_800.png,/scratch/parceirosbr/bigoilict/share/BigOil/document_generator/datasets/documents_2021_12_28/pai_3cols_20211228_152942_1937432784_600_800.png,pai_3cols_20211228_152942_1937432784_600_800_mask.png,929840476
21,4,42,9,468,192,510,201,468,192,510,192,510,201,468,201,sub_line_text,table_text,table_0,roboto,regular,8.0,pai_3cols_20211228_152942_1937432784_600_800.png,/scratch/parceirosbr/bigoilict/share/BigOil/document_generator/datasets/documents_2021_12_28/pai_3cols_20211228_152942_1937432784_600_800.png,pai_3cols_20211228_152942_1937432784_600_800_mask.png,929840476
47,4,94,8,420,223,514,231,420,223,514,223,514,231,420,231,sub_line_text,table_legend,table_0,arial,regular,7,pai_3cols_20211228_152942_1937432784_600_800.png,/scratch/parceirosbr/bigoilict/share/BigOil/document_generator/datasets/documents_2021_12_28/pai_3cols_20211228_152942_1937432784_600_800.png,pai_3cols_20211228_152942_1937432784_600_800_mask.png,Tabela  91:    Os polieletrólit-
46,4,93,8,420,237,513,245,420,237,513,237,513,245,420,245,sub_line_text,table_legend,table_0,arial,regular,7,pai_3cols_20211228_152942_1937432784_600_800.png,/scratch/parceirosbr/bigoilict/share/BigOil/document_generator/datasets/documents_2021_12_28/pai_3cols_20211228_152942_1937432784_600_800.png,pai_3cols_20211228_152942_1937432784_600_800_mask.png,os  catiônicos  têm forte atu-
46,4,93,8,420,251,513,259,420,251,513,251,513,259,420,259,sub_line_text,table_legend,table_0,arial,regular,7,pai_3cols_20211228_152942_1937432784_600_800.png,/scratch/parceirosbr/bigoilict/share/BigOil/document_generator/datasets/documents_2021_12_28/pai_3cols_20211228_152942_1937432784_600_800.png,pai_3cols_20211228_152942_1937432784_600_800_mask.png,ação  na inibição de folhelh-
44,4,89,8,420,265,509,273,420,265,509,265,509,273,420,273,sub_line_text,table_legend,table_0,arial,regular,7,pai_3cols_20211228_152942_1937432784_600_800.png,/scratch/parceirosbr/bigoilict/share/BigOil/document_generator/datasets/documents_2021_12_28/pai_3cols_20211228_152942_1937432784_600_800.png,pai_3cols_20211228_152942_1937432784_600_800_mask.png,"os reativos, pois atuam so-"
47,25,94,50,420,223,514,273,420,223,514,223,514,273,420,273,text,table_legend,table_0,arial,regular,7,pai_3cols_20211228_152942_1937432784_600_800.png,/scratch/parceirosbr/bigoilict/share/BigOil/document_generator/datasets/documents_2021_12_28/pai_3cols_20211228_152942_1937432784_600_800.png,pai_3cols_20211228_152942_1937432784_600_800_mask.png,nan
45,5,91,10,423,281,514,291,423,281,514,281,514,291,423,291,sub_line_text,text,text_5,arial,regular,8,pai_3cols_20211228_152942_1937432784_600_800.png,/scratch/parceirosbr/bigoilict/share/BigOil/document_generator/datasets/documents_2021_12_28/pai_3cols_20211228_152942_1937432784_600_800.png,pai_3cols_20211228_152942_1937432784_600_800_mask.png,Deve   ser   feito   o  comp-
52,5,105,10,409,298,514,308,409,298,514,298,514,308,409,308,sub_line_text,text,text_5,arial,regular,8,pai_3cols_20211228_152942_1937432784_600_800.png,/scratch/parceirosbr/bigoilict/share/BigOil/document_generator/datasets/documents_2021_12_28/pai_3cols_20211228_152942_1937432784_600_800.png,pai_3cols_20211228_152942_1937432784_600_800_mask.png,artilhamento     de    informaçõ-
52,5,104,10,409,315,513,325,409,315,513,315,513,325,409,325,sub_line_text,text,text_5,arial,regular,8,pai_3cols_20211228_152942_1937432784_600_800.png,/scratch/parceirosbr/bigoilict/share/BigOil/document_generator/datasets/documents_2021_12_28/pai_3cols_20211228_152942_1937432784_600_800.png,pai_3cols_20211228_152942_1937432784_600_800_mask.png,es   para   assegurar   que  tod-
52,5,104,10,409,332,513,342,409,332,513,332,513,342,409,342,sub_line_text,text,text_5,arial,regular,8,pai_3cols_20211228_152942_1937432784_600_800.png,/scratch/parceirosbr/bigoilict/share/BigOil/document_generator/datasets/documents_2021_12_28/pai_3cols_20211228_152942_1937432784_600_800.png,pai_3cols_20211228_152942_1937432784_600_800_mask.png,os   os   envolvidos   na  região
52,5,104,10,409,349,513,359,409,349,513,349,513,359,409,359,sub_line_text,text,text_5,arial,regular,8,pai_3cols_20211228_152942_1937432784_600_800.png,/scratch/parceirosbr/bigoilict/share/BigOil/document_generator/datasets/documents_2021_12_28/pai_3cols_20211228_152942_1937432784_600_800.png,pai_3cols_20211228_152942_1937432784_600_800_mask.png,estejam    cientes   dos   riscos
52,5,105,10,409,366,514,376,409,366,514,366,514,376,409,376,sub_line_text,text,text_5,arial,regular,8,pai_3cols_20211228_152942_1937432784_600_800.png,/scratch/parceirosbr/bigoilict/share/BigOil/document_generator/datasets/documents_2021_12_28/pai_3cols_20211228_152942_1937432784_600_800.png,pai_3cols_20211228_152942_1937432784_600_800_mask.png,e   possam   conduzir  seu  pla-
52,5,104,10,409,383,513,393,409,383,513,383,513,393,409,393,sub_line_text,text,text_5,arial,regular,8,pai_3cols_20211228_152942_1937432784_600_800.png,/scratch/parceirosbr/bigoilict/share/BigOil/document_generator/datasets/documents_2021_12_28/pai_3cols_20211228_152942_1937432784_600_800.png,pai_3cols_20211228_152942_1937432784_600_800_mask.png,nejamento.      de      protocolos
46,5,92,10,409,400,501,410,409,400,501,400,501,410,409,410,sub_line_text,text,text_5,arial,regular,8,pai_3cols_20211228_152942_1937432784_600_800.png,/scratch/parceirosbr/bigoilict/share/BigOil/document_generator/datasets/documents_2021_12_28/pai_3cols_20211228_152942_1937432784_600_800.png,pai_3cols_20211228_152942_1937432784_600_800_mask.png,de modificação dos proced.
52,64,105,129,409,281,514,410,409,281,514,281,514,410,409,410,text,text,text_5,arial,regular,8,pai_3cols_20211228_152942_1937432784_600_800.png,/scratch/parceirosbr/bigoilict/share/BigOil/document_generator/datasets/documents_2021_12_28/pai_3cols_20211228_152942_1937432784_600_800.png,pai_3cols_20211228_152942_1937432784_600_800_mask.png,nan
54,32,108,64,409,418,517,482,409,418,517,418,517,482,409,482,image,figure_image,figure_4,,,,pai_3cols_20211228_152942_1937432784_600_800.png,/scratch/parceirosbr/bigoilict/share/BigOil/document_generator/datasets/documents_2021_12_28/pai_3cols_20211228_152942_1937432784_600_800.png,pai_3cols_20211228_152942_1937432784_600_800_mask.png,output/gen_img_20211228_152947_1870146080.png
0,-2,-1,-4,448,479,447,475,448,474,449,479,447,479,446,475,text,figure_text,figure_4,,,,pai_3cols_20211228_152942_1937432784_600_800.png,/scratch/parceirosbr/bigoilict/share/BigOil/document_generator/datasets/documents_2021_12_28/pai_3cols_20211228_152942_1937432784_600_800.png,pai_3cols_20211228_152942_1937432784_600_800_mask.png,Unit
0,-2,-1,-4,448,479,447,475,448,474,449,479,447,479,446,475,sub_line_text,figure_text,figure_4,,,,pai_3cols_20211228_152942_1937432784_600_800.png,/scratch/parceirosbr/bigoilict/share/BigOil/document_generator/datasets/documents_2021_12_28/pai_3cols_20211228_152942_1937432784_600_800.png,pai_3cols_20211228_152942_1937432784_600_800_mask.png,Unit
0,-4,0,-8,443,435,443,427,443,426,445,435,443,435,440,427,text,figure_text,figure_4,,,,pai_3cols_20211228_152942_1937432784_600_800.png,/scratch/parceirosbr/bigoilict/share/BigOil/document_generator/datasets/documents_2021_12_28/pai_3cols_20211228_152942_1937432784_600_800.png,pai_3cols_20211228_152942_1937432784_600_800_mask.png,-8008.2
0,-4,0,-8,443,435,443,427,443,426,445,435,443,435,440,427,sub_line_text,figure_text,figure_4,,,,pai_3cols_20211228_152942_1937432784_600_800.png,/scratch/parceirosbr/bigoilict/share/BigOil/document_generator/datasets/documents_2021_12_28/pai_3cols_20211228_152942_1937432784_600_800.png,pai_3cols_20211228_152942_1937432784_600_800_mask.png,-8008.2
0,-4,0,-8,504,469,504,461,504,461,506,469,504,470,502,461,text,figure_text,figure_4,,,,pai_3cols_20211228_152942_1937432784_600_800.png,/scratch/parceirosbr/bigoilict/share/BigOil/document_generator/datasets/documents_2021_12_28/pai_3cols_20211228_152942_1937432784_600_800.png,pai_3cols_20211228_152942_1937432784_600_800_mask.png,-675.9%
0,-4,0,-8,504,469,504,461,504,461,506,469,504,470,502,461,sub_line_text,figure_text,figure_4,,,,pai_3cols_20211228_152942_1937432784_600_800.png,/scratch/parceirosbr/bigoilict/share/BigOil/document_generator/datasets/documents_2021_12_28/pai_3cols_20211228_152942_1937432784_600_800.png,pai_3cols_20211228_152942_1937432784_600_800_mask.png,-675.9%
0,-5,-1,-10,413,447,412,437,413,436,415,447,412,447,410,437,text,figure_text,figure_4,,,,pai_3cols_20211228_152942_1937432784_600_800.png,/scratch/parceirosbr/bigoilict/share/BigOil/document_generator/datasets/documents_2021_12_28/pai_3cols_20211228_152942_1937432784_600_800.png,pai_3cols_20211228_152942_1937432784_600_800_mask.png,Level (kl)
0,-5,-1,-10,413,447,412,437,413,436,415,447,412,447,410,437,sub_line_text,figure_text,figure_4,,,,pai_3cols_20211228_152942_1937432784_600_800.png,/scratch/parceirosbr/bigoilict/share/BigOil/document_generator/datasets/documents_2021_12_28/pai_3cols_20211228_152942_1937432784_600_800.png,pai_3cols_20211228_152942_1937432784_600_800_mask.png,Level (kl)
0,-7,1,-15,478,478,479,463,478,462,482,478,479,479,475,463,text,figure_text,figure_4,,,,pai_3cols_20211228_152942_1937432784_600_800.png,/scratch/parceirosbr/bigoilict/share/BigOil/document_generator/datasets/documents_2021_12_28/pai_3cols_20211228_152942_1937432784_600_800.png,pai_3cols_20211228_152942_1937432784_600_800_mask.png,Frequency [Hz]
0,-7,1,-15,478,478,479,463,478,462,482,478,479,479,475,463,sub_line_text,figure_text,figure_4,,,,pai_3cols_20211228_152942_1937432784_600_800.png,/scratch/parceirosbr/bigoilict/share/BigOil/document_generator/datasets/documents_2021_12_28/pai_3cols_20211228_152942_1937432784_600_800.png,pai_3cols_20211228_152942_1937432784_600_800_mask.png,Frequency [Hz]
0,-5,0,-11,482,449,482,438,482,437,485,449,482,450,479,438,text,figure_text,figure_4,,,,pai_3cols_20211228_152942_1937432784_600_800.png,/scratch/parceirosbr/bigoilict/share/BigOil/document_generator/datasets/documents_2021_12_28/pai_3cols_20211228_152942_1937432784_600_800.png,pai_3cols_20211228_152942_1937432784_600_800_mask.png,Population
0,-5,0,-11,482,449,482,438,482,437,485,449,482,450,479,438,sub_line_text,figure_text,figure_4,,,,pai_3cols_20211228_152942_1937432784_600_800.png,/scratch/parceirosbr/bigoilict/share/BigOil/document_generator/datasets/documents_2021_12_28/pai_3cols_20211228_152942_1937432784_600_800.png,pai_3cols_20211228_152942_1937432784_600_800_mask.png,Population
0,-5,1,-11,458,443,459,432,458,431,461,443,459,443,456,432,text,figure_text,figure_4,,,,pai_3cols_20211228_152942_1937432784_600_800.png,/scratch/parceirosbr/bigoilict/share/BigOil/document_generator/datasets/documents_2021_12_28/pai_3cols_20211228_152942_1937432784_600_800.png,pai_3cols_20211228_152942_1937432784_600_800_mask.png,Treatment
0,-5,1,-11,458,443,459,432,458,431,461,443,459,443,456,432,sub_line_text,figure_text,figure_4,,,,pai_3cols_20211228_152942_1937432784_600_800.png,/scratch/parceirosbr/bigoilict/share/BigOil/document_generator/datasets/documents_2021_12_28/pai_3cols_20211228_152942_1937432784_600_800.png,pai_3cols_20211228_152942_1937432784_600_800_mask.png,Treatment
0,-3,-1,-6,450,464,449,458,450,457,451,464,449,465,447,458,text,figure_text,figure_4,,,,pai_3cols_20211228_152942_1937432784_600_800.png,/scratch/parceirosbr/bigoilict/share/BigOil/document_generator/datasets/documents_2021_12_28/pai_3cols_20211228_152942_1937432784_600_800.png,pai_3cols_20211228_152942_1937432784_600_800_mask.png,-99.2%
0,-3,-1,-6,450,464,449,458,450,457,451,464,449,465,447,458,sub_line_text,figure_text,figure_4,,,,pai_3cols_20211228_152942_1937432784_600_800.png,/scratch/parceirosbr/bigoilict/share/BigOil/document_generator/datasets/documents_2021_12_28/pai_3cols_20211228_152942_1937432784_600_800.png,pai_3cols_20211228_152942_1937432784_600_800_mask.png,-99.2%
0,-5,0,-10,459,454,459,444,459,444,462,454,459,454,457,444,text,figure_text,figure_4,,,,pai_3cols_20211228_152942_1937432784_600_800.png,/scratch/parceirosbr/bigoilict/share/BigOil/document_generator/datasets/documents_2021_12_28/pai_3cols_20211228_152942_1937432784_600_800.png,pai_3cols_20211228_152942_1937432784_600_800_mask.png,-5568.3%
0,-5,0,-10,459,454,459,444,459,444,462,454,459,454,457,444,sub_line_text,figure_text,figure_4,,,,pai_3cols_20211228_152942_1937432784_600_800.png,/scratch/parceirosbr/bigoilict/share/BigOil/document_generator/datasets/documents_2021_12_28/pai_3cols_20211228_152942_1937432784_600_800.png,pai_3cols_20211228_152942_1937432784_600_800_mask.png,-5568.3%
0,-5,0,-11,472,441,472,430,472,429,475,441,472,442,469,430,text,figure_text,figure_4,,,,pai_3cols_20211228_152942_1937432784_600_800.png,/scratch/parceirosbr/bigoilict/share/BigOil/document_generator/datasets/documents_2021_12_28/pai_3cols_20211228_152942_1937432784_600_800.png,pai_3cols_20211228_152942_1937432784_600_800_mask.png,Probability
0,-5,0,-11,472,441,472,430,472,429,475,441,472,442,469,430,sub_line_text,figure_text,figure_4,,,,pai_3cols_20211228_152942_1937432784_600_800.png,/scratch/parceirosbr/bigoilict/share/BigOil/document_generator/datasets/documents_2021_12_28/pai_3cols_20211228_152942_1937432784_600_800.png,pai_3cols_20211228_152942_1937432784_600_800_mask.png,Probability
0,-5,0,-10,492,473,492,463,492,463,494,473,492,473,490,463,text,figure_text,figure_4,,,,pai_3cols_20211228_152942_1937432784_600_800.png,/scratch/parceirosbr/bigoilict/share/BigOil/document_generator/datasets/documents_2021_12_28/pai_3cols_20211228_152942_1937432784_600_800.png,pai_3cols_20211228_152942_1937432784_600_800_mask.png,-825.876
0,-5,0,-10,492,473,492,463,492,463,494,473,492,473,490,463,sub_line_text,figure_text,figure_4,,,,pai_3cols_20211228_152942_1937432784_600_800.png,/scratch/parceirosbr/bigoilict/share/BigOil/document_generator/datasets/documents_2021_12_28/pai_3cols_20211228_152942_1937432784_600_800.png,pai_3cols_20211228_152942_1937432784_600_800_mask.png,-825.876
0,-3,-1,-7,428,446,427,439,428,438,430,446,427,447,425,439,text,figure_text,figure_4,,,,pai_3cols_20211228_152942_1937432784_600_800.png,/scratch/parceirosbr/bigoilict/share/BigOil/document_generator/datasets/documents_2021_12_28/pai_3cols_20211228_152942_1937432784_600_800.png,pai_3cols_20211228_152942_1937432784_600_800_mask.png,-1562%
0,-3,-1,-7,428,446,427,439,428,438,430,446,427,447,425,439,sub_line_text,figure_text,figure_4,,,,pai_3cols_20211228_152942_1937432784_600_800.png,/scratch/parceirosbr/bigoilict/share/BigOil/document_generator/datasets/documents_2021_12_28/pai_3cols_20211228_152942_1937432784_600_800.png,pai_3cols_20211228_152942_1937432784_600_800_mask.png,-1562%
0,-7,1,-15,433,470,434,455,433,454,437,470,434,471,430,455,text,figure_text,figure_4,,,,pai_3cols_20211228_152942_1937432784_600_800.png,/scratch/parceirosbr/bigoilict/share/BigOil/document_generator/datasets/documents_2021_12_28/pai_3cols_20211228_152942_1937432784_600_800.png,pai_3cols_20211228_152942_1937432784_600_800_mask.png,Frequency [Hz]
0,-7,1,-15,433,470,434,455,433,454,437,470,434,471,430,455,sub_line_text,figure_text,figure_4,,,,pai_3cols_20211228_152942_1937432784_600_800.png,/scratch/parceirosbr/bigoilict/share/BigOil/document_generator/datasets/documents_2021_12_28/pai_3cols_20211228_152942_1937432784_600_800.png,pai_3cols_20211228_152942_1937432784_600_800_mask.png,Frequency [Hz]
0,-3,-1,-7,443,472,442,465,443,465,445,472,442,473,440,465,text,figure_text,figure_4,,,,pai_3cols_20211228_152942_1937432784_600_800.png,/scratch/parceirosbr/bigoilict/share/BigOil/document_generator/datasets/documents_2021_12_28/pai_3cols_20211228_152942_1937432784_600_800.png,pai_3cols_20211228_152942_1937432784_600_800_mask.png,Detour
0,-3,-1,-7,443,472,442,465,443,465,445,472,442,473,440,465,sub_line_text,figure_text,figure_4,,,,pai_3cols_20211228_152942_1937432784_600_800.png,/scratch/parceirosbr/bigoilict/share/BigOil/document_generator/datasets/documents_2021_12_28/pai_3cols_20211228_152942_1937432784_600_800.png,pai_3cols_20211228_152942_1937432784_600_800_mask.png,Detour
0,-5,-1,-10,422,435,421,425,422,424,424,435,421,436,419,425,text,figure_text,figure_4,,,,pai_3cols_20211228_152942_1937432784_600_800.png,/scratch/parceirosbr/bigoilict/share/BigOil/document_generator/datasets/documents_2021_12_28/pai_3cols_20211228_152942_1937432784_600_800.png,pai_3cols_20211228_152942_1937432784_600_800_mask.png,Data (GB)
0,-5,-1,-10,422,435,421,425,422,424,424,435,421,436,419,425,sub_line_text,figure_text,figure_4,,,,pai_3cols_20211228_152942_1937432784_600_800.png,/scratch/parceirosbr/bigoilict/share/BigOil/document_generator/datasets/documents_2021_12_28/pai_3cols_20211228_152942_1937432784_600_800.png,pai_3cols_20211228_152942_1937432784_600_800_mask.png,Data (GB)
0,-7,1,-14,503,448,504,434,503,434,507,448,504,449,500,434,text,figure_text,figure_4,,,,pai_3cols_20211228_152942_1937432784_600_800.png,/scratch/parceirosbr/bigoilict/share/BigOil/document_generator/datasets/documents_2021_12_28/pai_3cols_20211228_152942_1937432784_600_800.png,pai_3cols_20211228_152942_1937432784_600_800_mask.png,Experimental
0,-7,1,-14,503,448,504,434,503,434,507,448,504,449,500,434,sub_line_text,figure_text,figure_4,,,,pai_3cols_20211228_152942_1937432784_600_800.png,/scratch/parceirosbr/bigoilict/share/BigOil/document_generator/datasets/documents_2021_12_28/pai_3cols_20211228_152942_1937432784_600_800.png,pai_3cols_20211228_152942_1937432784_600_800_mask.png,Experimental
0,-4,0,-9,425,470,425,461,425,461,428,470,425,471,423,461,text,figure_text,figure_4,,,,pai_3cols_20211228_152942_1937432784_600_800.png,/scratch/parceirosbr/bigoilict/share/BigOil/document_generator/datasets/documents_2021_12_28/pai_3cols_20211228_152942_1937432784_600_800.png,pai_3cols_20211228_152942_1937432784_600_800_mask.png,-7723.54
0,-4,0,-9,425,470,425,461,425,461,428,470,425,471,423,461,sub_line_text,figure_text,figure_4,,,,pai_3cols_20211228_152942_1937432784_600_800.png,/scratch/parceirosbr/bigoilict/share/BigOil/document_generator/datasets/documents_2021_12_28/pai_3cols_20211228_152942_1937432784_600_800.png,pai_3cols_20211228_152942_1937432784_600_800_mask.png,-7723.54
0,-6,1,-12,465,464,466,452,465,451,468,464,466,465,462,452,text,figure_text,figure_4,,,,pai_3cols_20211228_152942_1937432784_600_800.png,/scratch/parceirosbr/bigoilict/share/BigOil/document_generator/datasets/documents_2021_12_28/pai_3cols_20211228_152942_1937432784_600_800.png,pai_3cols_20211228_152942_1937432784_600_800_mask.png,Female [km]
0,-6,1,-12,465,464,466,452,465,451,468,464,466,465,462,452,sub_line_text,figure_text,figure_4,,,,pai_3cols_20211228_152942_1937432784_600_800.png,/scratch/parceirosbr/bigoilict/share/BigOil/document_generator/datasets/documents_2021_12_28/pai_3cols_20211228_152942_1937432784_600_800.png,pai_3cols_20211228_152942_1937432784_600_800_mask.png,Female [km]
0,-4,0,-9,419,452,419,443,419,443,421,452,419,453,416,443,text,figure_text,figure_4,,,,pai_3cols_20211228_152942_1937432784_600_800.png,/scratch/parceirosbr/bigoilict/share/BigOil/document_generator/datasets/documents_2021_12_28/pai_3cols_20211228_152942_1937432784_600_800.png,pai_3cols_20211228_152942_1937432784_600_800_mask.png,-2025.97
0,-4,0,-9,419,452,419,443,419,443,421,452,419,453,416,443,sub_line_text,figure_text,figure_4,,,,pai_3cols_20211228_152942_1937432784_600_800.png,/scratch/parceirosbr/bigoilict/share/BigOil/document_generator/datasets/documents_2021_12_28/pai_3cols_20211228_152942_1937432784_600_800.png,pai_3cols_20211228_152942_1937432784_600_800_mask.png,-2025.97
0,-6,0,-12,443,456,443,444,443,443,446,456,443,457,440,444,text,figure_text,figure_4,,,,pai_3cols_20211228_152942_1937432784_600_800.png,/scratch/parceirosbr/bigoilict/share/BigOil/document_generator/datasets/documents_2021_12_28/pai_3cols_20211228_152942_1937432784_600_800.png,pai_3cols_20211228_152942_1937432784_600_800_mask.png,Liters (MM)
0,-6,0,-12,443,456,443,444,443,443,446,456,443,457,440,444,sub_line_text,figure_text,figure_4,,,,pai_3cols_20211228_152942_1937432784_600_800.png,/scratch/parceirosbr/bigoilict/share/BigOil/document_generator/datasets/documents_2021_12_28/pai_3cols_20211228_152942_1937432784_600_800.png,pai_3cols_20211228_152942_1937432784_600_800_mask.png,Liters (MM)
0,-4,0,-8,472,429,472,421,472,420,474,429,472,429,470,421,text,figure_text,figure_4,,,,pai_3cols_20211228_152942_1937432784_600_800.png,/scratch/parceirosbr/bigoilict/share/BigOil/document_generator/datasets/documents_2021_12_28/pai_3cols_20211228_152942_1937432784_600_800.png,pai_3cols_20211228_152942_1937432784_600_800_mask.png,-590.52
0,-4,0,-8,472,429,472,421,472,420,474,429,472,429,470,421,sub_line_text,figure_text,figure_4,,,,pai_3cols_20211228_152942_1937432784_600_800.png,/scratch/parceirosbr/bigoilict/share/BigOil/document_generator/datasets/documents_2021_12_28/pai_3cols_20211228_152942_1937432784_600_800.png,pai_3cols_20211228_152942_1937432784_600_800_mask.png,-590.52
0,-4,0,-9,480,432,480,423,480,422,483,432,480,433,478,423,text,figure_text,figure_4,,,,pai_3cols_20211228_152942_1937432784_600_800.png,/scratch/parceirosbr/bigoilict/share/BigOil/document_generator/datasets/documents_2021_12_28/pai_3cols_20211228_152942_1937432784_600_800.png,pai_3cols_20211228_152942_1937432784_600_800_mask.png,-9785.93
0,-4,0,-9,480,432,480,423,480,422,483,432,480,433,478,423,sub_line_text,figure_text,figure_4,,,,pai_3cols_20211228_152942_1937432784_600_800.png,/scratch/parceirosbr/bigoilict/share/BigOil/document_generator/datasets/documents_2021_12_28/pai_3cols_20211228_152942_1937432784_600_800.png,pai_3cols_20211228_152942_1937432784_600_800_mask.png,-9785.93
0,-3,-1,-6,498,475,497,469,498,469,500,475,497,476,496,469,text,figure_text,figure_4,,,,pai_3cols_20211228_152942_1937432784_600_800.png,/scratch/parceirosbr/bigoilict/share/BigOil/document_generator/datasets/documents_2021_12_28/pai_3cols_20211228_152942_1937432784_600_800.png,pai_3cols_20211228_152942_1937432784_600_800_mask.png,-4859
0,-3,-1,-6,498,475,497,469,498,469,500,475,497,476,496,469,sub_line_text,figure_text,figure_4,,,,pai_3cols_20211228_152942_1937432784_600_800.png,/scratch/parceirosbr/bigoilict/share/BigOil/document_generator/datasets/documents_2021_12_28/pai_3cols_20211228_152942_1937432784_600_800.png,pai_3cols_20211228_152942_1937432784_600_800_mask.png,-4859
0,-4,-1,-9,467,441,466,432,467,431,469,441,466,442,464,432,text,figure_text,figure_4,,,,pai_3cols_20211228_152942_1937432784_600_800.png,/scratch/parceirosbr/bigoilict/share/BigOil/document_generator/datasets/documents_2021_12_28/pai_3cols_20211228_152942_1937432784_600_800.png,pai_3cols_20211228_152942_1937432784_600_800_mask.png,Capacity
0,-4,-1,-9,467,441,466,432,467,431,469,441,466,442,464,432,sub_line_text,figure_text,figure_4,,,,pai_3cols_20211228_152942_1937432784_600_800.png,/scratch/parceirosbr/bigoilict/share/BigOil/document_generator/datasets/documents_2021_12_28/pai_3cols_20211228_152942_1937432784_600_800.png,pai_3cols_20211228_152942_1937432784_600_800_mask.png,Capacity
39,4,79,8,420,487,499,495,420,487,499,487,499,495,420,495,sub_line_text,figure_legend,figure_4,arial,regular,7,pai_3cols_20211228_152942_1937432784_600_800.png,/scratch/parceirosbr/bigoilict/share/BigOil/document_generator/datasets/documents_2021_12_28/pai_3cols_20211228_152942_1937432784_600_800.png,pai_3cols_20211228_152942_1937432784_600_800_mask.png,Figura  148:    Oliveira (-
36,4,72,8,420,501,492,509,420,501,492,501,492,509,420,509,sub_line_text,figure_legend,figure_4,arial,regular,7,pai_3cols_20211228_152942_1937432784_600_800.png,/scratch/parceirosbr/bigoilict/share/BigOil/document_generator/datasets/documents_2021_12_28/pai_3cols_20211228_152942_1937432784_600_800.png,pai_3cols_20211228_152942_1937432784_600_800_mask.png,1881 apud 2011) e (19
39,11,79,22,420,487,499,509,420,487,499,487,499,509,420,509,text,figure_legend,figure_4,arial,regular,7,pai_3cols_20211228_152942_1937432784_600_800.png,/scratch/parceirosbr/bigoilict/share/BigOil/document_generator/datasets/documents_2021_12_28/pai_3cols_20211228_152942_1937432784_600_800.png,pai_3cols_20211228_152942_1937432784_600_800_mask.png,nan
45,5,90,10,423,517,513,527,423,517,513,517,513,527,423,527,sub_line_text,text,text_6,arial,regular,8,pai_3cols_20211228_152942_1937432784_600_800.png,/scratch/parceirosbr/bigoilict/share/BigOil/document_generator/datasets/documents_2021_12_28/pai_3cols_20211228_152942_1937432784_600_800.png,pai_3cols_20211228_152942_1937432784_600_800_mask.png,Em   relação   ao  parâme-
52,5,104,10,409,534,513,544,409,534,513,534,513,544,409,544,sub_line_text,text,text_6,arial,regular,8,pai_3cols_20211228_152942_1937432784_600_800.png,/scratch/parceirosbr/bigoilict/share/BigOil/document_generator/datasets/documents_2021_12_28/pai_3cols_20211228_152942_1937432784_600_800.png,pai_3cols_20211228_152942_1937432784_600_800_mask.png,"tro     torque,    nesse    período"
52,5,104,10,409,551,513,561,409,551,513,551,513,561,409,561,sub_line_text,text,text_6,arial,regular,8,pai_3cols_20211228_152942_1937432784_600_800.png,/scratch/parceirosbr/bigoilict/share/BigOil/document_generator/datasets/documents_2021_12_28/pai_3cols_20211228_152942_1937432784_600_800.png,pai_3cols_20211228_152942_1937432784_600_800_mask.png,"de    tempo,   pode-se   observ-"
52,5,105,10,409,568,514,578,409,568,514,568,514,578,409,578,sub_line_text,text,text_6,arial,regular,8,pai_3cols_20211228_152942_1937432784_600_800.png,/scratch/parceirosbr/bigoilict/share/BigOil/document_generator/datasets/documents_2021_12_28/pai_3cols_20211228_152942_1937432784_600_800.png,pai_3cols_20211228_152942_1937432784_600_800_mask.png,ar  que  há  uma  queda  devido
44,5,88,10,409,585,497,595,409,585,497,585,497,595,409,595,sub_line_text,text,text_6,arial,regular,8,pai_3cols_20211228_152942_1937432784_600_800.png,/scratch/parceirosbr/bigoilict/share/BigOil/document_generator/datasets/documents_2021_12_28/pai_3cols_20211228_152942_1937432784_600_800.png,pai_3cols_20211228_152942_1937432784_600_800_mask.png,ao movimento de descida.
52,39,105,78,409,517,514,595,409,517,514,517,514,595,409,595,text,text,text_6,arial,regular,8,pai_3cols_20211228_152942_1937432784_600_800.png,/scratch/parceirosbr/bigoilict/share/BigOil/document_generator/datasets/documents_2021_12_28/pai_3cols_20211228_152942_1937432784_600_800.png,pai_3cols_20211228_152942_1937432784_600_800_mask.png,nan
45,5,91,10,423,603,514,613,423,603,514,603,514,613,423,613,sub_line_text,text,text_7,arial,regular,8,pai_3cols_20211228_152942_1937432784_600_800.png,/scratch/parceirosbr/bigoilict/share/BigOil/document_generator/datasets/documents_2021_12_28/pai_3cols_20211228_152942_1937432784_600_800.png,pai_3cols_20211228_152942_1937432784_600_800_mask.png,No   que   concerne  ao  pr-
45,5,90,10,409,620,499,630,409,620,499,620,499,630,409,630,sub_line_text,text,text_7,arial,regular,8,pai_3cols_20211228_152942_1937432784_600_800.png,/scratch/parceirosbr/bigoilict/share/BigOil/document_generator/datasets/documents_2021_12_28/pai_3cols_20211228_152942_1937432784_600_800.png,pai_3cols_20211228_152942_1937432784_600_800_mask.png,ocesso decisório da a dire.
52,13,105,27,409,603,514,630,409,603,514,603,514,630,409,630,text,text,text_7,arial,regular,8,pai_3cols_20211228_152942_1937432784_600_800.png,/scratch/parceirosbr/bigoilict/share/BigOil/document_generator/datasets/documents_2021_12_28/pai_3cols_20211228_152942_1937432784_600_800.png,pai_3cols_20211228_152942_1937432784_600_800_mask.png,nan
