center_x,center_y,width,height,xmin,ymin,xmax,ymax,top_left_x,top_left_y,top_right_x,top_right_y,bottom_right_x,bottom_right_y,bottom_left_x,bottom_left_y,label,grouplabel,group,text_font,text_style,size_font,filename,path,filename_mask,content
300,400,600,800,0,0,600,800,0,0,600,0,600,800,0,800,document,,,,,,pai_1col_20211228_152714_9842429912_600_800.png,/scratch/parceirosbr/bigoilict/share/BigOil/document_generator/datasets/documents_2021_12_28/pai_1col_20211228_152714_9842429912_600_800.png,pai_1col_20211228_152714_9842429912_600_800_mask.png,
5,5,10,10,532,80,542,90,532,80,542,80,542,90,532,90,sub_line_text,numpag,header_1,courier,regular,9,pai_1col_20211228_152714_9842429912_600_800.png,/scratch/parceirosbr/bigoilict/share/BigOil/document_generator/datasets/documents_2021_12_28/pai_1col_20211228_152714_9842429912_600_800.png,pai_1col_20211228_152714_9842429912_600_800_mask.png,73
5,5,10,10,532,80,542,90,532,80,542,80,542,90,532,90,text,numpag,header_1,courier,regular,9,pai_1col_20211228_152714_9842429912_600_800.png,/scratch/parceirosbr/bigoilict/share/BigOil/document_generator/datasets/documents_2021_12_28/pai_1col_20211228_152714_9842429912_600_800.png,pai_1col_20211228_152714_9842429912_600_800_mask.png,nan
33,5,66,10,60,80,126,90,60,80,126,80,126,90,60,90,sub_line_text,header,header_1,courier,regular,9,pai_1col_20211228_152714_9842429912_600_800.png,/scratch/parceirosbr/bigoilict/share/BigOil/document_generator/datasets/documents_2021_12_28/pai_1col_20211228_152714_9842429912_600_800.png,pai_1col_20211228_152714_9842429912_600_800_mask.png,De acordo com
33,5,66,10,60,80,126,90,60,80,126,80,126,90,60,90,text,header,header_1,courier,regular,9,pai_1col_20211228_152714_9842429912_600_800.png,/scratch/parceirosbr/bigoilict/share/BigOil/document_generator/datasets/documents_2021_12_28/pai_1col_20211228_152714_9842429912_600_800.png,pai_1col_20211228_152714_9842429912_600_800_mask.png,nan
241,1,483,2,60,89,543,91,60,89,543,89,543,91,60,91,line,line,line,,,,pai_1col_20211228_152714_9842429912_600_800.png,/scratch/parceirosbr/bigoilict/share/BigOil/document_generator/datasets/documents_2021_12_28/pai_1col_20211228_152714_9842429912_600_800.png,pai_1col_20211228_152714_9842429912_600_800_mask.png,nan
60,7,120,15,60,119,180,134,60,119,180,119,180,134,60,134,sub_line_text,title,title_0,courier,italic,14,pai_1col_20211228_152714_9842429912_600_800.png,/scratch/parceirosbr/bigoilict/share/BigOil/document_generator/datasets/documents_2021_12_28/pai_1col_20211228_152714_9842429912_600_800.png,pai_1col_20211228_152714_9842429912_600_800_mask.png,Volume óleo gás
60,7,120,15,60,119,180,134,60,119,180,119,180,134,60,134,title,title,title_0,courier,italic,14,pai_1col_20211228_152714_9842429912_600_800.png,/scratch/parceirosbr/bigoilict/share/BigOil/document_generator/datasets/documents_2021_12_28/pai_1col_20211228_152714_9842429912_600_800.png,pai_1col_20211228_152714_9842429912_600_800_mask.png,nan
185,5,370,10,60,162,430,172,60,162,430,162,430,172,60,172,sub_line_text,table_legend,table_0,courier,bold,9,pai_1col_20211228_152714_9842429912_600_800.png,/scratch/parceirosbr/bigoilict/share/BigOil/document_generator/datasets/documents_2021_12_28/pai_1col_20211228_152714_9842429912_600_800.png,pai_1col_20211228_152714_9842429912_600_800_mask.png,"Tabela  139:    Os  catalisadores  à  base  de são os mais ativos, entret-"
185,5,371,10,60,176,431,186,60,176,431,176,431,186,60,186,sub_line_text,table_legend,table_0,courier,bold,9,pai_1col_20211228_152714_9842429912_600_800.png,/scratch/parceirosbr/bigoilict/share/BigOil/document_generator/datasets/documents_2021_12_28/pai_1col_20211228_152714_9842429912_600_800.png,pai_1col_20211228_152714_9842429912_600_800_mask.png,anto   seu  alto  valor  impede  sua  aplicação  industrial.  Oliveira  et
102,5,205,10,60,190,265,200,60,190,265,190,265,200,60,200,sub_line_text,table_legend,table_0,courier,bold,9,pai_1col_20211228_152714_9842429912_600_800.png,/scratch/parceirosbr/bigoilict/share/BigOil/document_generator/datasets/documents_2021_12_28/pai_1col_20211228_152714_9842429912_600_800.png,pai_1col_20211228_152714_9842429912_600_800_mask.png,"al, paraestimar a energia da corrente nas"
185,19,371,38,60,162,431,200,60,162,431,162,431,200,60,200,text,table_legend,table_0,courier,bold,9,pai_1col_20211228_152714_9842429912_600_800.png,/scratch/parceirosbr/bigoilict/share/BigOil/document_generator/datasets/documents_2021_12_28/pai_1col_20211228_152714_9842429912_600_800.png,pai_1col_20211228_152714_9842429912_600_800_mask.png,nan
233,80,467,161,67,205,534,366,67,205,534,205,534,366,67,366,table,table_image,table_0,,,,pai_1col_20211228_152714_9842429912_600_800.png,/scratch/parceirosbr/bigoilict/share/BigOil/document_generator/datasets/documents_2021_12_28/pai_1col_20211228_152714_9842429912_600_800.png,pai_1col_20211228_152714_9842429912_600_800_mask.png,output/gen_tab_20211228_152714_6498670276.png
27,4,54,9,81,210,135,219,81,210,135,210,135,219,81,219,text,table_text,table_0,courier,bold,9.0,pai_1col_20211228_152714_9842429912_600_800.png,/scratch/parceirosbr/bigoilict/share/BigOil/document_generator/datasets/documents_2021_12_28/pai_1col_20211228_152714_9842429912_600_800.png,pai_1col_20211228_152714_9842429912_600_800_mask.png,catalisador
27,4,54,9,81,210,135,219,81,210,135,210,135,219,81,219,sub_line_text,table_text,table_0,courier,bold,9.0,pai_1col_20211228_152714_9842429912_600_800.png,/scratch/parceirosbr/bigoilict/share/BigOil/document_generator/datasets/documents_2021_12_28/pai_1col_20211228_152714_9842429912_600_800.png,pai_1col_20211228_152714_9842429912_600_800_mask.png,catalisador
14,4,29,9,106,223,135,232,106,223,135,223,135,232,106,232,text,table_text,table_0,courier,regular,9.0,pai_1col_20211228_152714_9842429912_600_800.png,/scratch/parceirosbr/bigoilict/share/BigOil/document_generator/datasets/documents_2021_12_28/pai_1col_20211228_152714_9842429912_600_800.png,pai_1col_20211228_152714_9842429912_600_800_mask.png,953675
14,4,29,9,106,223,135,232,106,223,135,223,135,232,106,232,sub_line_text,table_text,table_0,courier,regular,9.0,pai_1col_20211228_152714_9842429912_600_800.png,/scratch/parceirosbr/bigoilict/share/BigOil/document_generator/datasets/documents_2021_12_28/pai_1col_20211228_152714_9842429912_600_800.png,pai_1col_20211228_152714_9842429912_600_800_mask.png,953675
19,4,38,9,97,236,135,245,97,236,135,236,135,245,97,245,text,table_text,table_0,courier,regular,9.0,pai_1col_20211228_152714_9842429912_600_800.png,/scratch/parceirosbr/bigoilict/share/BigOil/document_generator/datasets/documents_2021_12_28/pai_1col_20211228_152714_9842429912_600_800.png,pai_1col_20211228_152714_9842429912_600_800_mask.png,17967169
19,4,38,9,97,236,135,245,97,236,135,236,135,245,97,245,sub_line_text,table_text,table_0,courier,regular,9.0,pai_1col_20211228_152714_9842429912_600_800.png,/scratch/parceirosbr/bigoilict/share/BigOil/document_generator/datasets/documents_2021_12_28/pai_1col_20211228_152714_9842429912_600_800.png,pai_1col_20211228_152714_9842429912_600_800_mask.png,17967169
9,4,19,9,116,248,135,257,116,248,135,248,135,257,116,257,text,table_text,table_0,courier,regular,9.0,pai_1col_20211228_152714_9842429912_600_800.png,/scratch/parceirosbr/bigoilict/share/BigOil/document_generator/datasets/documents_2021_12_28/pai_1col_20211228_152714_9842429912_600_800.png,pai_1col_20211228_152714_9842429912_600_800_mask.png,1277
9,4,19,9,116,248,135,257,116,248,135,248,135,257,116,257,sub_line_text,table_text,table_0,courier,regular,9.0,pai_1col_20211228_152714_9842429912_600_800.png,/scratch/parceirosbr/bigoilict/share/BigOil/document_generator/datasets/documents_2021_12_28/pai_1col_20211228_152714_9842429912_600_800.png,pai_1col_20211228_152714_9842429912_600_800_mask.png,1277
19,4,38,9,97,261,135,270,97,261,135,261,135,270,97,270,text,table_text,table_0,courier,regular,9.0,pai_1col_20211228_152714_9842429912_600_800.png,/scratch/parceirosbr/bigoilict/share/BigOil/document_generator/datasets/documents_2021_12_28/pai_1col_20211228_152714_9842429912_600_800.png,pai_1col_20211228_152714_9842429912_600_800_mask.png,18831809
19,4,38,9,97,261,135,270,97,261,135,261,135,270,97,270,sub_line_text,table_text,table_0,courier,regular,9.0,pai_1col_20211228_152714_9842429912_600_800.png,/scratch/parceirosbr/bigoilict/share/BigOil/document_generator/datasets/documents_2021_12_28/pai_1col_20211228_152714_9842429912_600_800.png,pai_1col_20211228_152714_9842429912_600_800_mask.png,18831809
12,4,24,9,111,273,135,282,111,273,135,273,135,282,111,282,text,table_text,table_0,courier,regular,9.0,pai_1col_20211228_152714_9842429912_600_800.png,/scratch/parceirosbr/bigoilict/share/BigOil/document_generator/datasets/documents_2021_12_28/pai_1col_20211228_152714_9842429912_600_800.png,pai_1col_20211228_152714_9842429912_600_800_mask.png,51741
12,4,24,9,111,273,135,282,111,273,135,273,135,282,111,282,sub_line_text,table_text,table_0,courier,regular,9.0,pai_1col_20211228_152714_9842429912_600_800.png,/scratch/parceirosbr/bigoilict/share/BigOil/document_generator/datasets/documents_2021_12_28/pai_1col_20211228_152714_9842429912_600_800.png,pai_1col_20211228_152714_9842429912_600_800_mask.png,51741
19,4,38,9,97,286,135,295,97,286,135,286,135,295,97,295,text,table_text,table_0,courier,regular,9.0,pai_1col_20211228_152714_9842429912_600_800.png,/scratch/parceirosbr/bigoilict/share/BigOil/document_generator/datasets/documents_2021_12_28/pai_1col_20211228_152714_9842429912_600_800.png,pai_1col_20211228_152714_9842429912_600_800_mask.png,20085766
19,4,38,9,97,286,135,295,97,286,135,286,135,295,97,295,sub_line_text,table_text,table_0,courier,regular,9.0,pai_1col_20211228_152714_9842429912_600_800.png,/scratch/parceirosbr/bigoilict/share/BigOil/document_generator/datasets/documents_2021_12_28/pai_1col_20211228_152714_9842429912_600_800.png,pai_1col_20211228_152714_9842429912_600_800_mask.png,20085766
9,4,19,9,116,299,135,308,116,299,135,299,135,308,116,308,text,table_text,table_0,courier,regular,9.0,pai_1col_20211228_152714_9842429912_600_800.png,/scratch/parceirosbr/bigoilict/share/BigOil/document_generator/datasets/documents_2021_12_28/pai_1col_20211228_152714_9842429912_600_800.png,pai_1col_20211228_152714_9842429912_600_800_mask.png,3753
9,4,19,9,116,299,135,308,116,299,135,299,135,308,116,308,sub_line_text,table_text,table_0,courier,regular,9.0,pai_1col_20211228_152714_9842429912_600_800.png,/scratch/parceirosbr/bigoilict/share/BigOil/document_generator/datasets/documents_2021_12_28/pai_1col_20211228_152714_9842429912_600_800.png,pai_1col_20211228_152714_9842429912_600_800_mask.png,3753
14,4,29,9,106,311,135,320,106,311,135,311,135,320,106,320,text,table_text,table_0,courier,regular,9.0,pai_1col_20211228_152714_9842429912_600_800.png,/scratch/parceirosbr/bigoilict/share/BigOil/document_generator/datasets/documents_2021_12_28/pai_1col_20211228_152714_9842429912_600_800.png,pai_1col_20211228_152714_9842429912_600_800_mask.png,542026
14,4,29,9,106,311,135,320,106,311,135,311,135,320,106,320,sub_line_text,table_text,table_0,courier,regular,9.0,pai_1col_20211228_152714_9842429912_600_800.png,/scratch/parceirosbr/bigoilict/share/BigOil/document_generator/datasets/documents_2021_12_28/pai_1col_20211228_152714_9842429912_600_800.png,pai_1col_20211228_152714_9842429912_600_800_mask.png,542026
9,4,19,9,116,324,135,333,116,324,135,324,135,333,116,333,text,table_text,table_0,courier,regular,9.0,pai_1col_20211228_152714_9842429912_600_800.png,/scratch/parceirosbr/bigoilict/share/BigOil/document_generator/datasets/documents_2021_12_28/pai_1col_20211228_152714_9842429912_600_800.png,pai_1col_20211228_152714_9842429912_600_800_mask.png,3320
9,4,19,9,116,324,135,333,116,324,135,324,135,333,116,333,sub_line_text,table_text,table_0,courier,regular,9.0,pai_1col_20211228_152714_9842429912_600_800.png,/scratch/parceirosbr/bigoilict/share/BigOil/document_generator/datasets/documents_2021_12_28/pai_1col_20211228_152714_9842429912_600_800.png,pai_1col_20211228_152714_9842429912_600_800_mask.png,3320
14,4,29,9,106,336,135,345,106,336,135,336,135,345,106,345,text,table_text,table_0,courier,regular,9.0,pai_1col_20211228_152714_9842429912_600_800.png,/scratch/parceirosbr/bigoilict/share/BigOil/document_generator/datasets/documents_2021_12_28/pai_1col_20211228_152714_9842429912_600_800.png,pai_1col_20211228_152714_9842429912_600_800_mask.png,868723
14,4,29,9,106,336,135,345,106,336,135,336,135,345,106,345,sub_line_text,table_text,table_0,courier,regular,9.0,pai_1col_20211228_152714_9842429912_600_800.png,/scratch/parceirosbr/bigoilict/share/BigOil/document_generator/datasets/documents_2021_12_28/pai_1col_20211228_152714_9842429912_600_800.png,pai_1col_20211228_152714_9842429912_600_800_mask.png,868723
14,4,29,9,496,349,525,358,496,349,525,349,525,358,496,358,text,table_text,table_0,courier,bold,9.0,pai_1col_20211228_152714_9842429912_600_800.png,/scratch/parceirosbr/bigoilict/share/BigOil/document_generator/datasets/documents_2021_12_28/pai_1col_20211228_152714_9842429912_600_800.png,pai_1col_20211228_152714_9842429912_600_800_mask.png,756022
14,4,29,9,496,349,525,358,496,349,525,349,525,358,496,358,sub_line_text,table_text,table_0,courier,bold,9.0,pai_1col_20211228_152714_9842429912_600_800.png,/scratch/parceirosbr/bigoilict/share/BigOil/document_generator/datasets/documents_2021_12_28/pai_1col_20211228_152714_9842429912_600_800.png,pai_1col_20211228_152714_9842429912_600_800_mask.png,756022
5,4,10,9,191,210,201,219,191,210,201,210,201,219,191,219,text,table_text,table_0,courier,bold,9.0,pai_1col_20211228_152714_9842429912_600_800.png,/scratch/parceirosbr/bigoilict/share/BigOil/document_generator/datasets/documents_2021_12_28/pai_1col_20211228_152714_9842429912_600_800.png,pai_1col_20211228_152714_9842429912_600_800_mask.png,na
5,4,10,9,191,210,201,219,191,210,201,210,201,219,191,219,sub_line_text,table_text,table_0,courier,bold,9.0,pai_1col_20211228_152714_9842429912_600_800.png,/scratch/parceirosbr/bigoilict/share/BigOil/document_generator/datasets/documents_2021_12_28/pai_1col_20211228_152714_9842429912_600_800.png,pai_1col_20211228_152714_9842429912_600_800_mask.png,na
21,4,43,9,159,223,202,232,159,223,202,223,202,232,159,232,text,table_text,table_0,courier,regular,9.0,pai_1col_20211228_152714_9842429912_600_800.png,/scratch/parceirosbr/bigoilict/share/BigOil/document_generator/datasets/documents_2021_12_28/pai_1col_20211228_152714_9842429912_600_800.png,pai_1col_20211228_152714_9842429912_600_800_mask.png,6002350.2
21,4,43,9,159,223,202,232,159,223,202,223,202,232,159,232,sub_line_text,table_text,table_0,courier,regular,9.0,pai_1col_20211228_152714_9842429912_600_800.png,/scratch/parceirosbr/bigoilict/share/BigOil/document_generator/datasets/documents_2021_12_28/pai_1col_20211228_152714_9842429912_600_800.png,pai_1col_20211228_152714_9842429912_600_800_mask.png,6002350.2
14,4,29,9,173,236,202,245,173,236,202,236,202,245,173,245,text,table_text,table_0,courier,regular,9.0,pai_1col_20211228_152714_9842429912_600_800.png,/scratch/parceirosbr/bigoilict/share/BigOil/document_generator/datasets/documents_2021_12_28/pai_1col_20211228_152714_9842429912_600_800.png,pai_1col_20211228_152714_9842429912_600_800_mask.png,3896.2
14,4,29,9,173,236,202,245,173,236,202,236,202,245,173,245,sub_line_text,table_text,table_0,courier,regular,9.0,pai_1col_20211228_152714_9842429912_600_800.png,/scratch/parceirosbr/bigoilict/share/BigOil/document_generator/datasets/documents_2021_12_28/pai_1col_20211228_152714_9842429912_600_800.png,pai_1col_20211228_152714_9842429912_600_800_mask.png,3896.2
12,4,24,9,178,248,202,257,178,248,202,248,202,257,178,257,text,table_text,table_0,courier,regular,9.0,pai_1col_20211228_152714_9842429912_600_800.png,/scratch/parceirosbr/bigoilict/share/BigOil/document_generator/datasets/documents_2021_12_28/pai_1col_20211228_152714_9842429912_600_800.png,pai_1col_20211228_152714_9842429912_600_800_mask.png,936.0
12,4,24,9,178,248,202,257,178,248,202,248,202,257,178,257,sub_line_text,table_text,table_0,courier,regular,9.0,pai_1col_20211228_152714_9842429912_600_800.png,/scratch/parceirosbr/bigoilict/share/BigOil/document_generator/datasets/documents_2021_12_28/pai_1col_20211228_152714_9842429912_600_800.png,pai_1col_20211228_152714_9842429912_600_800_mask.png,936.0
21,4,43,9,159,261,202,270,159,261,202,261,202,270,159,270,text,table_text,table_0,courier,regular,9.0,pai_1col_20211228_152714_9842429912_600_800.png,/scratch/parceirosbr/bigoilict/share/BigOil/document_generator/datasets/documents_2021_12_28/pai_1col_20211228_152714_9842429912_600_800.png,pai_1col_20211228_152714_9842429912_600_800_mask.png,4244834.3
21,4,43,9,159,261,202,270,159,261,202,261,202,270,159,270,sub_line_text,table_text,table_0,courier,regular,9.0,pai_1col_20211228_152714_9842429912_600_800.png,/scratch/parceirosbr/bigoilict/share/BigOil/document_generator/datasets/documents_2021_12_28/pai_1col_20211228_152714_9842429912_600_800.png,pai_1col_20211228_152714_9842429912_600_800_mask.png,4244834.3
12,4,24,9,178,273,202,282,178,273,202,273,202,282,178,282,text,table_text,table_0,courier,regular,9.0,pai_1col_20211228_152714_9842429912_600_800.png,/scratch/parceirosbr/bigoilict/share/BigOil/document_generator/datasets/documents_2021_12_28/pai_1col_20211228_152714_9842429912_600_800.png,pai_1col_20211228_152714_9842429912_600_800_mask.png,214.0
12,4,24,9,178,273,202,282,178,273,202,273,202,282,178,282,sub_line_text,table_text,table_0,courier,regular,9.0,pai_1col_20211228_152714_9842429912_600_800.png,/scratch/parceirosbr/bigoilict/share/BigOil/document_generator/datasets/documents_2021_12_28/pai_1col_20211228_152714_9842429912_600_800.png,pai_1col_20211228_152714_9842429912_600_800_mask.png,214.0
12,4,24,9,178,286,202,295,178,286,202,286,202,295,178,295,text,table_text,table_0,courier,regular,9.0,pai_1col_20211228_152714_9842429912_600_800.png,/scratch/parceirosbr/bigoilict/share/BigOil/document_generator/datasets/documents_2021_12_28/pai_1col_20211228_152714_9842429912_600_800.png,pai_1col_20211228_152714_9842429912_600_800_mask.png,346.1
12,4,24,9,178,286,202,295,178,286,202,286,202,295,178,295,sub_line_text,table_text,table_0,courier,regular,9.0,pai_1col_20211228_152714_9842429912_600_800.png,/scratch/parceirosbr/bigoilict/share/BigOil/document_generator/datasets/documents_2021_12_28/pai_1col_20211228_152714_9842429912_600_800.png,pai_1col_20211228_152714_9842429912_600_800_mask.png,346.1
19,4,38,9,163,299,201,308,163,299,201,299,201,308,163,308,text,table_text,table_0,courier,regular,9.0,pai_1col_20211228_152714_9842429912_600_800.png,/scratch/parceirosbr/bigoilict/share/BigOil/document_generator/datasets/documents_2021_12_28/pai_1col_20211228_152714_9842429912_600_800.png,pai_1col_20211228_152714_9842429912_600_800_mask.png,730989.7
19,4,38,9,163,299,201,308,163,299,201,299,201,308,163,308,sub_line_text,table_text,table_0,courier,regular,9.0,pai_1col_20211228_152714_9842429912_600_800.png,/scratch/parceirosbr/bigoilict/share/BigOil/document_generator/datasets/documents_2021_12_28/pai_1col_20211228_152714_9842429912_600_800.png,pai_1col_20211228_152714_9842429912_600_800_mask.png,730989.7
14,4,29,9,173,311,202,320,173,311,202,311,202,320,173,320,text,table_text,table_0,courier,regular,9.0,pai_1col_20211228_152714_9842429912_600_800.png,/scratch/parceirosbr/bigoilict/share/BigOil/document_generator/datasets/documents_2021_12_28/pai_1col_20211228_152714_9842429912_600_800.png,pai_1col_20211228_152714_9842429912_600_800_mask.png,8843.6
14,4,29,9,173,311,202,320,173,311,202,311,202,320,173,320,sub_line_text,table_text,table_0,courier,regular,9.0,pai_1col_20211228_152714_9842429912_600_800.png,/scratch/parceirosbr/bigoilict/share/BigOil/document_generator/datasets/documents_2021_12_28/pai_1col_20211228_152714_9842429912_600_800.png,pai_1col_20211228_152714_9842429912_600_800_mask.png,8843.6
12,4,24,9,178,324,202,333,178,324,202,324,202,333,178,333,text,table_text,table_0,courier,regular,9.0,pai_1col_20211228_152714_9842429912_600_800.png,/scratch/parceirosbr/bigoilict/share/BigOil/document_generator/datasets/documents_2021_12_28/pai_1col_20211228_152714_9842429912_600_800.png,pai_1col_20211228_152714_9842429912_600_800_mask.png,348.4
12,4,24,9,178,324,202,333,178,324,202,324,202,333,178,333,sub_line_text,table_text,table_0,courier,regular,9.0,pai_1col_20211228_152714_9842429912_600_800.png,/scratch/parceirosbr/bigoilict/share/BigOil/document_generator/datasets/documents_2021_12_28/pai_1col_20211228_152714_9842429912_600_800.png,pai_1col_20211228_152714_9842429912_600_800_mask.png,348.4
12,4,24,9,178,336,202,345,178,336,202,336,202,345,178,345,text,table_text,table_0,courier,regular,9.0,pai_1col_20211228_152714_9842429912_600_800.png,/scratch/parceirosbr/bigoilict/share/BigOil/document_generator/datasets/documents_2021_12_28/pai_1col_20211228_152714_9842429912_600_800.png,pai_1col_20211228_152714_9842429912_600_800_mask.png,750.1
12,4,24,9,178,336,202,345,178,336,202,336,202,345,178,345,sub_line_text,table_text,table_0,courier,regular,9.0,pai_1col_20211228_152714_9842429912_600_800.png,/scratch/parceirosbr/bigoilict/share/BigOil/document_generator/datasets/documents_2021_12_28/pai_1col_20211228_152714_9842429912_600_800.png,pai_1col_20211228_152714_9842429912_600_800_mask.png,750.1
5,4,10,9,246,210,256,219,246,210,256,210,256,219,246,219,text,table_text,table_0,courier,bold,9.0,pai_1col_20211228_152714_9842429912_600_800.png,/scratch/parceirosbr/bigoilict/share/BigOil/document_generator/datasets/documents_2021_12_28/pai_1col_20211228_152714_9842429912_600_800.png,pai_1col_20211228_152714_9842429912_600_800_mask.png,ou
5,4,10,9,246,210,256,219,246,210,256,210,256,219,246,219,sub_line_text,table_text,table_0,courier,bold,9.0,pai_1col_20211228_152714_9842429912_600_800.png,/scratch/parceirosbr/bigoilict/share/BigOil/document_generator/datasets/documents_2021_12_28/pai_1col_20211228_152714_9842429912_600_800.png,pai_1col_20211228_152714_9842429912_600_800_mask.png,ou
14,4,29,9,227,223,256,232,227,223,256,223,256,232,227,232,text,table_text,table_0,courier,regular,9.0,pai_1col_20211228_152714_9842429912_600_800.png,/scratch/parceirosbr/bigoilict/share/BigOil/document_generator/datasets/documents_2021_12_28/pai_1col_20211228_152714_9842429912_600_800.png,pai_1col_20211228_152714_9842429912_600_800_mask.png,2.8700
14,4,29,9,227,223,256,232,227,223,256,223,256,232,227,232,sub_line_text,table_text,table_0,courier,regular,9.0,pai_1col_20211228_152714_9842429912_600_800.png,/scratch/parceirosbr/bigoilict/share/BigOil/document_generator/datasets/documents_2021_12_28/pai_1col_20211228_152714_9842429912_600_800.png,pai_1col_20211228_152714_9842429912_600_800_mask.png,2.8700
19,4,38,9,218,236,256,245,218,236,256,236,256,245,218,245,text,table_text,table_0,courier,regular,9.0,pai_1col_20211228_152714_9842429912_600_800.png,/scratch/parceirosbr/bigoilict/share/BigOil/document_generator/datasets/documents_2021_12_28/pai_1col_20211228_152714_9842429912_600_800.png,pai_1col_20211228_152714_9842429912_600_800_mask.png,164.0721
19,4,38,9,218,236,256,245,218,236,256,236,256,245,218,245,sub_line_text,table_text,table_0,courier,regular,9.0,pai_1col_20211228_152714_9842429912_600_800.png,/scratch/parceirosbr/bigoilict/share/BigOil/document_generator/datasets/documents_2021_12_28/pai_1col_20211228_152714_9842429912_600_800.png,pai_1col_20211228_152714_9842429912_600_800_mask.png,164.0721
19,4,38,9,218,248,256,257,218,248,256,248,256,257,218,257,text,table_text,table_0,courier,regular,9.0,pai_1col_20211228_152714_9842429912_600_800.png,/scratch/parceirosbr/bigoilict/share/BigOil/document_generator/datasets/documents_2021_12_28/pai_1col_20211228_152714_9842429912_600_800.png,pai_1col_20211228_152714_9842429912_600_800_mask.png,624.5565
19,4,38,9,218,248,256,257,218,248,256,248,256,257,218,257,sub_line_text,table_text,table_0,courier,regular,9.0,pai_1col_20211228_152714_9842429912_600_800.png,/scratch/parceirosbr/bigoilict/share/BigOil/document_generator/datasets/documents_2021_12_28/pai_1col_20211228_152714_9842429912_600_800.png,pai_1col_20211228_152714_9842429912_600_800_mask.png,624.5565
19,4,38,9,218,261,256,270,218,261,256,261,256,270,218,270,text,table_text,table_0,courier,regular,9.0,pai_1col_20211228_152714_9842429912_600_800.png,/scratch/parceirosbr/bigoilict/share/BigOil/document_generator/datasets/documents_2021_12_28/pai_1col_20211228_152714_9842429912_600_800.png,pai_1col_20211228_152714_9842429912_600_800_mask.png,630.1419
19,4,38,9,218,261,256,270,218,261,256,261,256,270,218,270,sub_line_text,table_text,table_0,courier,regular,9.0,pai_1col_20211228_152714_9842429912_600_800.png,/scratch/parceirosbr/bigoilict/share/BigOil/document_generator/datasets/documents_2021_12_28/pai_1col_20211228_152714_9842429912_600_800.png,pai_1col_20211228_152714_9842429912_600_800_mask.png,630.1419
19,4,38,9,218,273,256,282,218,273,256,273,256,282,218,282,text,table_text,table_0,courier,regular,9.0,pai_1col_20211228_152714_9842429912_600_800.png,/scratch/parceirosbr/bigoilict/share/BigOil/document_generator/datasets/documents_2021_12_28/pai_1col_20211228_152714_9842429912_600_800.png,pai_1col_20211228_152714_9842429912_600_800_mask.png,920.6483
19,4,38,9,218,273,256,282,218,273,256,273,256,282,218,282,sub_line_text,table_text,table_0,courier,regular,9.0,pai_1col_20211228_152714_9842429912_600_800.png,/scratch/parceirosbr/bigoilict/share/BigOil/document_generator/datasets/documents_2021_12_28/pai_1col_20211228_152714_9842429912_600_800.png,pai_1col_20211228_152714_9842429912_600_800_mask.png,920.6483
14,4,29,9,227,286,256,295,227,286,256,286,256,295,227,295,text,table_text,table_0,courier,regular,9.0,pai_1col_20211228_152714_9842429912_600_800.png,/scratch/parceirosbr/bigoilict/share/BigOil/document_generator/datasets/documents_2021_12_28/pai_1col_20211228_152714_9842429912_600_800.png,pai_1col_20211228_152714_9842429912_600_800_mask.png,8.9668
14,4,29,9,227,286,256,295,227,286,256,286,256,295,227,295,sub_line_text,table_text,table_0,courier,regular,9.0,pai_1col_20211228_152714_9842429912_600_800.png,/scratch/parceirosbr/bigoilict/share/BigOil/document_generator/datasets/documents_2021_12_28/pai_1col_20211228_152714_9842429912_600_800.png,pai_1col_20211228_152714_9842429912_600_800_mask.png,8.9668
14,4,29,9,227,299,256,308,227,299,256,299,256,308,227,308,text,table_text,table_0,courier,regular,9.0,pai_1col_20211228_152714_9842429912_600_800.png,/scratch/parceirosbr/bigoilict/share/BigOil/document_generator/datasets/documents_2021_12_28/pai_1col_20211228_152714_9842429912_600_800.png,pai_1col_20211228_152714_9842429912_600_800_mask.png,1.7382
14,4,29,9,227,299,256,308,227,299,256,299,256,308,227,308,sub_line_text,table_text,table_0,courier,regular,9.0,pai_1col_20211228_152714_9842429912_600_800.png,/scratch/parceirosbr/bigoilict/share/BigOil/document_generator/datasets/documents_2021_12_28/pai_1col_20211228_152714_9842429912_600_800.png,pai_1col_20211228_152714_9842429912_600_800_mask.png,1.7382
14,4,29,9,227,311,256,320,227,311,256,311,256,320,227,320,text,table_text,table_0,courier,regular,9.0,pai_1col_20211228_152714_9842429912_600_800.png,/scratch/parceirosbr/bigoilict/share/BigOil/document_generator/datasets/documents_2021_12_28/pai_1col_20211228_152714_9842429912_600_800.png,pai_1col_20211228_152714_9842429912_600_800_mask.png,5.0422
14,4,29,9,227,311,256,320,227,311,256,311,256,320,227,320,sub_line_text,table_text,table_0,courier,regular,9.0,pai_1col_20211228_152714_9842429912_600_800.png,/scratch/parceirosbr/bigoilict/share/BigOil/document_generator/datasets/documents_2021_12_28/pai_1col_20211228_152714_9842429912_600_800.png,pai_1col_20211228_152714_9842429912_600_800_mask.png,5.0422
14,4,29,9,227,324,256,333,227,324,256,324,256,333,227,333,text,table_text,table_0,courier,regular,9.0,pai_1col_20211228_152714_9842429912_600_800.png,/scratch/parceirosbr/bigoilict/share/BigOil/document_generator/datasets/documents_2021_12_28/pai_1col_20211228_152714_9842429912_600_800.png,pai_1col_20211228_152714_9842429912_600_800_mask.png,6.7514
14,4,29,9,227,324,256,333,227,324,256,324,256,333,227,333,sub_line_text,table_text,table_0,courier,regular,9.0,pai_1col_20211228_152714_9842429912_600_800.png,/scratch/parceirosbr/bigoilict/share/BigOil/document_generator/datasets/documents_2021_12_28/pai_1col_20211228_152714_9842429912_600_800.png,pai_1col_20211228_152714_9842429912_600_800_mask.png,6.7514
14,4,29,9,227,336,256,345,227,336,256,336,256,345,227,345,text,table_text,table_0,courier,regular,9.0,pai_1col_20211228_152714_9842429912_600_800.png,/scratch/parceirosbr/bigoilict/share/BigOil/document_generator/datasets/documents_2021_12_28/pai_1col_20211228_152714_9842429912_600_800.png,pai_1col_20211228_152714_9842429912_600_800_mask.png,7.1786
14,4,29,9,227,336,256,345,227,336,256,336,256,345,227,345,sub_line_text,table_text,table_0,courier,regular,9.0,pai_1col_20211228_152714_9842429912_600_800.png,/scratch/parceirosbr/bigoilict/share/BigOil/document_generator/datasets/documents_2021_12_28/pai_1col_20211228_152714_9842429912_600_800.png,pai_1col_20211228_152714_9842429912_600_800_mask.png,7.1786
27,4,54,9,267,210,321,219,267,210,321,210,321,219,267,219,text,table_text,table_0,courier,bold,9.0,pai_1col_20211228_152714_9842429912_600_800.png,/scratch/parceirosbr/bigoilict/share/BigOil/document_generator/datasets/documents_2021_12_28/pai_1col_20211228_152714_9842429912_600_800.png,pai_1col_20211228_152714_9842429912_600_800_mask.png,decorrência
27,4,54,9,267,210,321,219,267,210,321,210,321,219,267,219,sub_line_text,table_text,table_0,courier,bold,9.0,pai_1col_20211228_152714_9842429912_600_800.png,/scratch/parceirosbr/bigoilict/share/BigOil/document_generator/datasets/documents_2021_12_28/pai_1col_20211228_152714_9842429912_600_800.png,pai_1col_20211228_152714_9842429912_600_800_mask.png,decorrência
29,4,58,9,263,223,321,232,263,223,321,223,321,232,263,232,text,table_text,table_0,courier,regular,9.0,pai_1col_20211228_152714_9842429912_600_800.png,/scratch/parceirosbr/bigoilict/share/BigOil/document_generator/datasets/documents_2021_12_28/pai_1col_20211228_152714_9842429912_600_800.png,pai_1col_20211228_152714_9842429912_600_800_mask.png,1857152717.8
29,4,58,9,263,223,321,232,263,223,321,223,321,232,263,232,sub_line_text,table_text,table_0,courier,regular,9.0,pai_1col_20211228_152714_9842429912_600_800.png,/scratch/parceirosbr/bigoilict/share/BigOil/document_generator/datasets/documents_2021_12_28/pai_1col_20211228_152714_9842429912_600_800.png,pai_1col_20211228_152714_9842429912_600_800_mask.png,1857152717.8
29,4,58,9,263,236,321,245,263,236,321,236,321,245,263,245,text,table_text,table_0,courier,regular,9.0,pai_1col_20211228_152714_9842429912_600_800.png,/scratch/parceirosbr/bigoilict/share/BigOil/document_generator/datasets/documents_2021_12_28/pai_1col_20211228_152714_9842429912_600_800.png,pai_1col_20211228_152714_9842429912_600_800_mask.png,5417416108.1
29,4,58,9,263,236,321,245,263,236,321,236,321,245,263,245,sub_line_text,table_text,table_0,courier,regular,9.0,pai_1col_20211228_152714_9842429912_600_800.png,/scratch/parceirosbr/bigoilict/share/BigOil/document_generator/datasets/documents_2021_12_28/pai_1col_20211228_152714_9842429912_600_800.png,pai_1col_20211228_152714_9842429912_600_800_mask.png,5417416108.1
29,4,58,9,263,248,321,257,263,248,321,248,321,257,263,257,text,table_text,table_0,courier,regular,9.0,pai_1col_20211228_152714_9842429912_600_800.png,/scratch/parceirosbr/bigoilict/share/BigOil/document_generator/datasets/documents_2021_12_28/pai_1col_20211228_152714_9842429912_600_800.png,pai_1col_20211228_152714_9842429912_600_800_mask.png,6755071858.3
29,4,58,9,263,248,321,257,263,248,321,248,321,257,263,257,sub_line_text,table_text,table_0,courier,regular,9.0,pai_1col_20211228_152714_9842429912_600_800.png,/scratch/parceirosbr/bigoilict/share/BigOil/document_generator/datasets/documents_2021_12_28/pai_1col_20211228_152714_9842429912_600_800.png,pai_1col_20211228_152714_9842429912_600_800_mask.png,6755071858.3
29,4,58,9,263,261,321,270,263,261,321,261,321,270,263,270,text,table_text,table_0,courier,regular,9.0,pai_1col_20211228_152714_9842429912_600_800.png,/scratch/parceirosbr/bigoilict/share/BigOil/document_generator/datasets/documents_2021_12_28/pai_1col_20211228_152714_9842429912_600_800.png,pai_1col_20211228_152714_9842429912_600_800_mask.png,3506433092.5
29,4,58,9,263,261,321,270,263,261,321,261,321,270,263,270,sub_line_text,table_text,table_0,courier,regular,9.0,pai_1col_20211228_152714_9842429912_600_800.png,/scratch/parceirosbr/bigoilict/share/BigOil/document_generator/datasets/documents_2021_12_28/pai_1col_20211228_152714_9842429912_600_800.png,pai_1col_20211228_152714_9842429912_600_800_mask.png,3506433092.5
29,4,58,9,263,273,321,282,263,273,321,273,321,282,263,282,text,table_text,table_0,courier,regular,9.0,pai_1col_20211228_152714_9842429912_600_800.png,/scratch/parceirosbr/bigoilict/share/BigOil/document_generator/datasets/documents_2021_12_28/pai_1col_20211228_152714_9842429912_600_800.png,pai_1col_20211228_152714_9842429912_600_800_mask.png,1971302363.7
29,4,58,9,263,273,321,282,263,273,321,273,321,282,263,282,sub_line_text,table_text,table_0,courier,regular,9.0,pai_1col_20211228_152714_9842429912_600_800.png,/scratch/parceirosbr/bigoilict/share/BigOil/document_generator/datasets/documents_2021_12_28/pai_1col_20211228_152714_9842429912_600_800.png,pai_1col_20211228_152714_9842429912_600_800_mask.png,1971302363.7
29,4,58,9,263,286,321,295,263,286,321,286,321,295,263,295,text,table_text,table_0,courier,regular,9.0,pai_1col_20211228_152714_9842429912_600_800.png,/scratch/parceirosbr/bigoilict/share/BigOil/document_generator/datasets/documents_2021_12_28/pai_1col_20211228_152714_9842429912_600_800.png,pai_1col_20211228_152714_9842429912_600_800_mask.png,8352683370.5
29,4,58,9,263,286,321,295,263,286,321,286,321,295,263,295,sub_line_text,table_text,table_0,courier,regular,9.0,pai_1col_20211228_152714_9842429912_600_800.png,/scratch/parceirosbr/bigoilict/share/BigOil/document_generator/datasets/documents_2021_12_28/pai_1col_20211228_152714_9842429912_600_800.png,pai_1col_20211228_152714_9842429912_600_800_mask.png,8352683370.5
29,4,58,9,263,299,321,308,263,299,321,299,321,308,263,308,text,table_text,table_0,courier,regular,9.0,pai_1col_20211228_152714_9842429912_600_800.png,/scratch/parceirosbr/bigoilict/share/BigOil/document_generator/datasets/documents_2021_12_28/pai_1col_20211228_152714_9842429912_600_800.png,pai_1col_20211228_152714_9842429912_600_800_mask.png,3706543853.8
29,4,58,9,263,299,321,308,263,299,321,299,321,308,263,308,sub_line_text,table_text,table_0,courier,regular,9.0,pai_1col_20211228_152714_9842429912_600_800.png,/scratch/parceirosbr/bigoilict/share/BigOil/document_generator/datasets/documents_2021_12_28/pai_1col_20211228_152714_9842429912_600_800.png,pai_1col_20211228_152714_9842429912_600_800_mask.png,3706543853.8
29,4,58,9,263,311,321,320,263,311,321,311,321,320,263,320,text,table_text,table_0,courier,regular,9.0,pai_1col_20211228_152714_9842429912_600_800.png,/scratch/parceirosbr/bigoilict/share/BigOil/document_generator/datasets/documents_2021_12_28/pai_1col_20211228_152714_9842429912_600_800.png,pai_1col_20211228_152714_9842429912_600_800_mask.png,8560823608.4
29,4,58,9,263,311,321,320,263,311,321,311,321,320,263,320,sub_line_text,table_text,table_0,courier,regular,9.0,pai_1col_20211228_152714_9842429912_600_800.png,/scratch/parceirosbr/bigoilict/share/BigOil/document_generator/datasets/documents_2021_12_28/pai_1col_20211228_152714_9842429912_600_800.png,pai_1col_20211228_152714_9842429912_600_800_mask.png,8560823608.4
29,4,58,9,263,324,321,333,263,324,321,324,321,333,263,333,text,table_text,table_0,courier,regular,9.0,pai_1col_20211228_152714_9842429912_600_800.png,/scratch/parceirosbr/bigoilict/share/BigOil/document_generator/datasets/documents_2021_12_28/pai_1col_20211228_152714_9842429912_600_800.png,pai_1col_20211228_152714_9842429912_600_800_mask.png,9260539958.3
29,4,58,9,263,324,321,333,263,324,321,324,321,333,263,333,sub_line_text,table_text,table_0,courier,regular,9.0,pai_1col_20211228_152714_9842429912_600_800.png,/scratch/parceirosbr/bigoilict/share/BigOil/document_generator/datasets/documents_2021_12_28/pai_1col_20211228_152714_9842429912_600_800.png,pai_1col_20211228_152714_9842429912_600_800_mask.png,9260539958.3
29,4,58,9,263,336,321,345,263,336,321,336,321,345,263,345,text,table_text,table_0,courier,regular,9.0,pai_1col_20211228_152714_9842429912_600_800.png,/scratch/parceirosbr/bigoilict/share/BigOil/document_generator/datasets/documents_2021_12_28/pai_1col_20211228_152714_9842429912_600_800.png,pai_1col_20211228_152714_9842429912_600_800_mask.png,1687690212.6
29,4,58,9,263,336,321,345,263,336,321,336,321,345,263,345,sub_line_text,table_text,table_0,courier,regular,9.0,pai_1col_20211228_152714_9842429912_600_800.png,/scratch/parceirosbr/bigoilict/share/BigOil/document_generator/datasets/documents_2021_12_28/pai_1col_20211228_152714_9842429912_600_800.png,pai_1col_20211228_152714_9842429912_600_800_mask.png,1687690212.6
19,4,39,9,360,210,399,219,360,210,399,210,399,219,360,219,text,table_text,table_0,courier,bold,9.0,pai_1col_20211228_152714_9842429912_600_800.png,/scratch/parceirosbr/bigoilict/share/BigOil/document_generator/datasets/documents_2021_12_28/pai_1col_20211228_152714_9842429912_600_800.png,pai_1col_20211228_152714_9842429912_600_800_mask.png,superior
19,4,39,9,360,210,399,219,360,210,399,210,399,219,360,219,sub_line_text,table_text,table_0,courier,bold,9.0,pai_1col_20211228_152714_9842429912_600_800.png,/scratch/parceirosbr/bigoilict/share/BigOil/document_generator/datasets/documents_2021_12_28/pai_1col_20211228_152714_9842429912_600_800.png,pai_1col_20211228_152714_9842429912_600_800_mask.png,superior
19,4,38,9,361,223,399,232,361,223,399,223,399,232,361,232,text,table_text,table_0,courier,regular,9.0,pai_1col_20211228_152714_9842429912_600_800.png,/scratch/parceirosbr/bigoilict/share/BigOil/document_generator/datasets/documents_2021_12_28/pai_1col_20211228_152714_9842429912_600_800.png,pai_1col_20211228_152714_9842429912_600_800_mask.png,316.5424
19,4,38,9,361,223,399,232,361,223,399,223,399,232,361,232,sub_line_text,table_text,table_0,courier,regular,9.0,pai_1col_20211228_152714_9842429912_600_800.png,/scratch/parceirosbr/bigoilict/share/BigOil/document_generator/datasets/documents_2021_12_28/pai_1col_20211228_152714_9842429912_600_800.png,pai_1col_20211228_152714_9842429912_600_800_mask.png,316.5424
19,4,38,9,361,236,399,245,361,236,399,236,399,245,361,245,text,table_text,table_0,courier,regular,9.0,pai_1col_20211228_152714_9842429912_600_800.png,/scratch/parceirosbr/bigoilict/share/BigOil/document_generator/datasets/documents_2021_12_28/pai_1col_20211228_152714_9842429912_600_800.png,pai_1col_20211228_152714_9842429912_600_800_mask.png,936.7231
19,4,38,9,361,236,399,245,361,236,399,236,399,245,361,245,sub_line_text,table_text,table_0,courier,regular,9.0,pai_1col_20211228_152714_9842429912_600_800.png,/scratch/parceirosbr/bigoilict/share/BigOil/document_generator/datasets/documents_2021_12_28/pai_1col_20211228_152714_9842429912_600_800.png,pai_1col_20211228_152714_9842429912_600_800_mask.png,936.7231
21,4,43,9,356,248,399,257,356,248,399,248,399,257,356,257,text,table_text,table_0,courier,regular,9.0,pai_1col_20211228_152714_9842429912_600_800.png,/scratch/parceirosbr/bigoilict/share/BigOil/document_generator/datasets/documents_2021_12_28/pai_1col_20211228_152714_9842429912_600_800.png,pai_1col_20211228_152714_9842429912_600_800_mask.png,6895.6923
21,4,43,9,356,248,399,257,356,248,399,248,399,257,356,257,sub_line_text,table_text,table_0,courier,regular,9.0,pai_1col_20211228_152714_9842429912_600_800.png,/scratch/parceirosbr/bigoilict/share/BigOil/document_generator/datasets/documents_2021_12_28/pai_1col_20211228_152714_9842429912_600_800.png,pai_1col_20211228_152714_9842429912_600_800_mask.png,6895.6923
19,4,38,9,361,261,399,270,361,261,399,261,399,270,361,270,text,table_text,table_0,courier,regular,9.0,pai_1col_20211228_152714_9842429912_600_800.png,/scratch/parceirosbr/bigoilict/share/BigOil/document_generator/datasets/documents_2021_12_28/pai_1col_20211228_152714_9842429912_600_800.png,pai_1col_20211228_152714_9842429912_600_800_mask.png,528.7130
19,4,38,9,361,261,399,270,361,261,399,261,399,270,361,270,sub_line_text,table_text,table_0,courier,regular,9.0,pai_1col_20211228_152714_9842429912_600_800.png,/scratch/parceirosbr/bigoilict/share/BigOil/document_generator/datasets/documents_2021_12_28/pai_1col_20211228_152714_9842429912_600_800.png,pai_1col_20211228_152714_9842429912_600_800_mask.png,528.7130
21,4,43,9,356,273,399,282,356,273,399,273,399,282,356,282,text,table_text,table_0,courier,regular,9.0,pai_1col_20211228_152714_9842429912_600_800.png,/scratch/parceirosbr/bigoilict/share/BigOil/document_generator/datasets/documents_2021_12_28/pai_1col_20211228_152714_9842429912_600_800.png,pai_1col_20211228_152714_9842429912_600_800_mask.png,9308.4010
21,4,43,9,356,273,399,282,356,273,399,273,399,282,356,282,sub_line_text,table_text,table_0,courier,regular,9.0,pai_1col_20211228_152714_9842429912_600_800.png,/scratch/parceirosbr/bigoilict/share/BigOil/document_generator/datasets/documents_2021_12_28/pai_1col_20211228_152714_9842429912_600_800.png,pai_1col_20211228_152714_9842429912_600_800_mask.png,9308.4010
19,4,38,9,361,286,399,295,361,286,399,286,399,295,361,295,text,table_text,table_0,courier,regular,9.0,pai_1col_20211228_152714_9842429912_600_800.png,/scratch/parceirosbr/bigoilict/share/BigOil/document_generator/datasets/documents_2021_12_28/pai_1col_20211228_152714_9842429912_600_800.png,pai_1col_20211228_152714_9842429912_600_800_mask.png,174.1239
19,4,38,9,361,286,399,295,361,286,399,286,399,295,361,295,sub_line_text,table_text,table_0,courier,regular,9.0,pai_1col_20211228_152714_9842429912_600_800.png,/scratch/parceirosbr/bigoilict/share/BigOil/document_generator/datasets/documents_2021_12_28/pai_1col_20211228_152714_9842429912_600_800.png,pai_1col_20211228_152714_9842429912_600_800_mask.png,174.1239
21,4,43,9,356,299,399,308,356,299,399,299,399,308,356,308,text,table_text,table_0,courier,regular,9.0,pai_1col_20211228_152714_9842429912_600_800.png,/scratch/parceirosbr/bigoilict/share/BigOil/document_generator/datasets/documents_2021_12_28/pai_1col_20211228_152714_9842429912_600_800.png,pai_1col_20211228_152714_9842429912_600_800_mask.png,4697.1428
21,4,43,9,356,299,399,308,356,299,399,299,399,308,356,308,sub_line_text,table_text,table_0,courier,regular,9.0,pai_1col_20211228_152714_9842429912_600_800.png,/scratch/parceirosbr/bigoilict/share/BigOil/document_generator/datasets/documents_2021_12_28/pai_1col_20211228_152714_9842429912_600_800.png,pai_1col_20211228_152714_9842429912_600_800_mask.png,4697.1428
21,4,43,9,356,311,399,320,356,311,399,311,399,320,356,320,text,table_text,table_0,courier,regular,9.0,pai_1col_20211228_152714_9842429912_600_800.png,/scratch/parceirosbr/bigoilict/share/BigOil/document_generator/datasets/documents_2021_12_28/pai_1col_20211228_152714_9842429912_600_800.png,pai_1col_20211228_152714_9842429912_600_800_mask.png,6598.9633
21,4,43,9,356,311,399,320,356,311,399,311,399,320,356,320,sub_line_text,table_text,table_0,courier,regular,9.0,pai_1col_20211228_152714_9842429912_600_800.png,/scratch/parceirosbr/bigoilict/share/BigOil/document_generator/datasets/documents_2021_12_28/pai_1col_20211228_152714_9842429912_600_800.png,pai_1col_20211228_152714_9842429912_600_800_mask.png,6598.9633
19,4,38,9,361,324,399,333,361,324,399,324,399,333,361,333,text,table_text,table_0,courier,regular,9.0,pai_1col_20211228_152714_9842429912_600_800.png,/scratch/parceirosbr/bigoilict/share/BigOil/document_generator/datasets/documents_2021_12_28/pai_1col_20211228_152714_9842429912_600_800.png,pai_1col_20211228_152714_9842429912_600_800_mask.png,973.5279
19,4,38,9,361,324,399,333,361,324,399,324,399,333,361,333,sub_line_text,table_text,table_0,courier,regular,9.0,pai_1col_20211228_152714_9842429912_600_800.png,/scratch/parceirosbr/bigoilict/share/BigOil/document_generator/datasets/documents_2021_12_28/pai_1col_20211228_152714_9842429912_600_800.png,pai_1col_20211228_152714_9842429912_600_800_mask.png,973.5279
26,4,53,9,347,336,400,345,347,336,400,336,400,345,347,345,text,table_text,table_0,courier,regular,9.0,pai_1col_20211228_152714_9842429912_600_800.png,/scratch/parceirosbr/bigoilict/share/BigOil/document_generator/datasets/documents_2021_12_28/pai_1col_20211228_152714_9842429912_600_800.png,pai_1col_20211228_152714_9842429912_600_800_mask.png,547233.6837
26,4,53,9,347,336,400,345,347,336,400,336,400,345,347,345,sub_line_text,table_text,table_0,courier,regular,9.0,pai_1col_20211228_152714_9842429912_600_800.png,/scratch/parceirosbr/bigoilict/share/BigOil/document_generator/datasets/documents_2021_12_28/pai_1col_20211228_152714_9842429912_600_800.png,pai_1col_20211228_152714_9842429912_600_800_mask.png,547233.6837
12,4,25,9,411,210,436,219,411,210,436,210,436,219,411,219,text,table_text,table_0,courier,bold,9.0,pai_1col_20211228_152714_9842429912_600_800.png,/scratch/parceirosbr/bigoilict/share/BigOil/document_generator/datasets/documents_2021_12_28/pai_1col_20211228_152714_9842429912_600_800.png,pai_1col_20211228_152714_9842429912_600_800_mask.png,fundo
12,4,25,9,411,210,436,219,411,210,436,210,436,219,411,219,sub_line_text,table_text,table_0,courier,bold,9.0,pai_1col_20211228_152714_9842429912_600_800.png,/scratch/parceirosbr/bigoilict/share/BigOil/document_generator/datasets/documents_2021_12_28/pai_1col_20211228_152714_9842429912_600_800.png,pai_1col_20211228_152714_9842429912_600_800_mask.png,fundo
9,4,19,9,417,223,436,232,417,223,436,223,436,232,417,232,text,table_text,table_0,courier,regular,9.0,pai_1col_20211228_152714_9842429912_600_800.png,/scratch/parceirosbr/bigoilict/share/BigOil/document_generator/datasets/documents_2021_12_28/pai_1col_20211228_152714_9842429912_600_800.png,pai_1col_20211228_152714_9842429912_600_800_mask.png,19.9
9,4,19,9,417,223,436,232,417,223,436,223,436,232,417,232,sub_line_text,table_text,table_0,courier,regular,9.0,pai_1col_20211228_152714_9842429912_600_800.png,/scratch/parceirosbr/bigoilict/share/BigOil/document_generator/datasets/documents_2021_12_28/pai_1col_20211228_152714_9842429912_600_800.png,pai_1col_20211228_152714_9842429912_600_800_mask.png,19.9
9,4,19,9,417,236,436,245,417,236,436,236,436,245,417,245,text,table_text,table_0,courier,regular,9.0,pai_1col_20211228_152714_9842429912_600_800.png,/scratch/parceirosbr/bigoilict/share/BigOil/document_generator/datasets/documents_2021_12_28/pai_1col_20211228_152714_9842429912_600_800.png,pai_1col_20211228_152714_9842429912_600_800_mask.png,19.1
9,4,19,9,417,236,436,245,417,236,436,236,436,245,417,245,sub_line_text,table_text,table_0,courier,regular,9.0,pai_1col_20211228_152714_9842429912_600_800.png,/scratch/parceirosbr/bigoilict/share/BigOil/document_generator/datasets/documents_2021_12_28/pai_1col_20211228_152714_9842429912_600_800.png,pai_1col_20211228_152714_9842429912_600_800_mask.png,19.1
9,4,19,9,417,248,436,257,417,248,436,248,436,257,417,257,text,table_text,table_0,courier,regular,9.0,pai_1col_20211228_152714_9842429912_600_800.png,/scratch/parceirosbr/bigoilict/share/BigOil/document_generator/datasets/documents_2021_12_28/pai_1col_20211228_152714_9842429912_600_800.png,pai_1col_20211228_152714_9842429912_600_800_mask.png,13.9
9,4,19,9,417,248,436,257,417,248,436,248,436,257,417,257,sub_line_text,table_text,table_0,courier,regular,9.0,pai_1col_20211228_152714_9842429912_600_800.png,/scratch/parceirosbr/bigoilict/share/BigOil/document_generator/datasets/documents_2021_12_28/pai_1col_20211228_152714_9842429912_600_800.png,pai_1col_20211228_152714_9842429912_600_800_mask.png,13.9
9,4,19,9,417,261,436,270,417,261,436,261,436,270,417,270,text,table_text,table_0,courier,regular,9.0,pai_1col_20211228_152714_9842429912_600_800.png,/scratch/parceirosbr/bigoilict/share/BigOil/document_generator/datasets/documents_2021_12_28/pai_1col_20211228_152714_9842429912_600_800.png,pai_1col_20211228_152714_9842429912_600_800_mask.png,11.0
9,4,19,9,417,261,436,270,417,261,436,261,436,270,417,270,sub_line_text,table_text,table_0,courier,regular,9.0,pai_1col_20211228_152714_9842429912_600_800.png,/scratch/parceirosbr/bigoilict/share/BigOil/document_generator/datasets/documents_2021_12_28/pai_1col_20211228_152714_9842429912_600_800.png,pai_1col_20211228_152714_9842429912_600_800_mask.png,11.0
9,4,19,9,417,273,436,282,417,273,436,273,436,282,417,282,text,table_text,table_0,courier,regular,9.0,pai_1col_20211228_152714_9842429912_600_800.png,/scratch/parceirosbr/bigoilict/share/BigOil/document_generator/datasets/documents_2021_12_28/pai_1col_20211228_152714_9842429912_600_800.png,pai_1col_20211228_152714_9842429912_600_800_mask.png,20.6
9,4,19,9,417,273,436,282,417,273,436,273,436,282,417,282,sub_line_text,table_text,table_0,courier,regular,9.0,pai_1col_20211228_152714_9842429912_600_800.png,/scratch/parceirosbr/bigoilict/share/BigOil/document_generator/datasets/documents_2021_12_28/pai_1col_20211228_152714_9842429912_600_800.png,pai_1col_20211228_152714_9842429912_600_800_mask.png,20.6
12,4,24,9,412,286,436,295,412,286,436,286,436,295,412,295,text,table_text,table_0,courier,regular,9.0,pai_1col_20211228_152714_9842429912_600_800.png,/scratch/parceirosbr/bigoilict/share/BigOil/document_generator/datasets/documents_2021_12_28/pai_1col_20211228_152714_9842429912_600_800.png,pai_1col_20211228_152714_9842429912_600_800_mask.png,849.8
12,4,24,9,412,286,436,295,412,286,436,286,436,295,412,295,sub_line_text,table_text,table_0,courier,regular,9.0,pai_1col_20211228_152714_9842429912_600_800.png,/scratch/parceirosbr/bigoilict/share/BigOil/document_generator/datasets/documents_2021_12_28/pai_1col_20211228_152714_9842429912_600_800.png,pai_1col_20211228_152714_9842429912_600_800_mask.png,849.8
9,4,19,9,417,299,436,308,417,299,436,299,436,308,417,308,text,table_text,table_0,courier,regular,9.0,pai_1col_20211228_152714_9842429912_600_800.png,/scratch/parceirosbr/bigoilict/share/BigOil/document_generator/datasets/documents_2021_12_28/pai_1col_20211228_152714_9842429912_600_800.png,pai_1col_20211228_152714_9842429912_600_800_mask.png,66.9
9,4,19,9,417,299,436,308,417,299,436,299,436,308,417,308,sub_line_text,table_text,table_0,courier,regular,9.0,pai_1col_20211228_152714_9842429912_600_800.png,/scratch/parceirosbr/bigoilict/share/BigOil/document_generator/datasets/documents_2021_12_28/pai_1col_20211228_152714_9842429912_600_800.png,pai_1col_20211228_152714_9842429912_600_800_mask.png,66.9
9,4,19,9,417,311,436,320,417,311,436,311,436,320,417,320,text,table_text,table_0,courier,regular,9.0,pai_1col_20211228_152714_9842429912_600_800.png,/scratch/parceirosbr/bigoilict/share/BigOil/document_generator/datasets/documents_2021_12_28/pai_1col_20211228_152714_9842429912_600_800.png,pai_1col_20211228_152714_9842429912_600_800_mask.png,33.6
9,4,19,9,417,311,436,320,417,311,436,311,436,320,417,320,sub_line_text,table_text,table_0,courier,regular,9.0,pai_1col_20211228_152714_9842429912_600_800.png,/scratch/parceirosbr/bigoilict/share/BigOil/document_generator/datasets/documents_2021_12_28/pai_1col_20211228_152714_9842429912_600_800.png,pai_1col_20211228_152714_9842429912_600_800_mask.png,33.6
9,4,19,9,417,324,436,333,417,324,436,324,436,333,417,333,text,table_text,table_0,courier,regular,9.0,pai_1col_20211228_152714_9842429912_600_800.png,/scratch/parceirosbr/bigoilict/share/BigOil/document_generator/datasets/documents_2021_12_28/pai_1col_20211228_152714_9842429912_600_800.png,pai_1col_20211228_152714_9842429912_600_800_mask.png,76.6
9,4,19,9,417,324,436,333,417,324,436,324,436,333,417,333,sub_line_text,table_text,table_0,courier,regular,9.0,pai_1col_20211228_152714_9842429912_600_800.png,/scratch/parceirosbr/bigoilict/share/BigOil/document_generator/datasets/documents_2021_12_28/pai_1col_20211228_152714_9842429912_600_800.png,pai_1col_20211228_152714_9842429912_600_800_mask.png,76.6
12,4,24,9,412,336,436,345,412,336,436,336,436,345,412,345,text,table_text,table_0,courier,regular,9.0,pai_1col_20211228_152714_9842429912_600_800.png,/scratch/parceirosbr/bigoilict/share/BigOil/document_generator/datasets/documents_2021_12_28/pai_1col_20211228_152714_9842429912_600_800.png,pai_1col_20211228_152714_9842429912_600_800_mask.png,626.1
12,4,24,9,412,336,436,345,412,336,436,336,436,345,412,345,sub_line_text,table_text,table_0,courier,regular,9.0,pai_1col_20211228_152714_9842429912_600_800.png,/scratch/parceirosbr/bigoilict/share/BigOil/document_generator/datasets/documents_2021_12_28/pai_1col_20211228_152714_9842429912_600_800.png,pai_1col_20211228_152714_9842429912_600_800_mask.png,626.1
10,4,20,9,504,210,524,219,504,210,524,210,524,219,504,219,text,table_text,table_0,courier,bold,9.0,pai_1col_20211228_152714_9842429912_600_800.png,/scratch/parceirosbr/bigoilict/share/BigOil/document_generator/datasets/documents_2021_12_28/pai_1col_20211228_152714_9842429912_600_800.png,pai_1col_20211228_152714_9842429912_600_800_mask.png,óleo
10,4,20,9,504,210,524,219,504,210,524,210,524,219,504,219,sub_line_text,table_text,table_0,courier,bold,9.0,pai_1col_20211228_152714_9842429912_600_800.png,/scratch/parceirosbr/bigoilict/share/BigOil/document_generator/datasets/documents_2021_12_28/pai_1col_20211228_152714_9842429912_600_800.png,pai_1col_20211228_152714_9842429912_600_800_mask.png,óleo
19,4,38,9,486,223,524,232,486,223,524,223,524,232,486,232,text,table_text,table_0,courier,regular,9.0,pai_1col_20211228_152714_9842429912_600_800.png,/scratch/parceirosbr/bigoilict/share/BigOil/document_generator/datasets/documents_2021_12_28/pai_1col_20211228_152714_9842429912_600_800.png,pai_1col_20211228_152714_9842429912_600_800_mask.png,459.1668
19,4,38,9,486,223,524,232,486,223,524,223,524,232,486,232,sub_line_text,table_text,table_0,courier,regular,9.0,pai_1col_20211228_152714_9842429912_600_800.png,/scratch/parceirosbr/bigoilict/share/BigOil/document_generator/datasets/documents_2021_12_28/pai_1col_20211228_152714_9842429912_600_800.png,pai_1col_20211228_152714_9842429912_600_800_mask.png,459.1668
19,4,38,9,486,236,524,245,486,236,524,236,524,245,486,245,text,table_text,table_0,courier,regular,9.0,pai_1col_20211228_152714_9842429912_600_800.png,/scratch/parceirosbr/bigoilict/share/BigOil/document_generator/datasets/documents_2021_12_28/pai_1col_20211228_152714_9842429912_600_800.png,pai_1col_20211228_152714_9842429912_600_800_mask.png,503.8123
19,4,38,9,486,236,524,245,486,236,524,236,524,245,486,245,sub_line_text,table_text,table_0,courier,regular,9.0,pai_1col_20211228_152714_9842429912_600_800.png,/scratch/parceirosbr/bigoilict/share/BigOil/document_generator/datasets/documents_2021_12_28/pai_1col_20211228_152714_9842429912_600_800.png,pai_1col_20211228_152714_9842429912_600_800_mask.png,503.8123
21,4,43,9,481,248,524,257,481,248,524,248,524,257,481,257,text,table_text,table_0,courier,regular,9.0,pai_1col_20211228_152714_9842429912_600_800.png,/scratch/parceirosbr/bigoilict/share/BigOil/document_generator/datasets/documents_2021_12_28/pai_1col_20211228_152714_9842429912_600_800.png,pai_1col_20211228_152714_9842429912_600_800_mask.png,6198.9289
21,4,43,9,481,248,524,257,481,248,524,248,524,257,481,257,sub_line_text,table_text,table_0,courier,regular,9.0,pai_1col_20211228_152714_9842429912_600_800.png,/scratch/parceirosbr/bigoilict/share/BigOil/document_generator/datasets/documents_2021_12_28/pai_1col_20211228_152714_9842429912_600_800.png,pai_1col_20211228_152714_9842429912_600_800_mask.png,6198.9289
19,4,38,9,486,261,524,270,486,261,524,261,524,270,486,270,text,table_text,table_0,courier,regular,9.0,pai_1col_20211228_152714_9842429912_600_800.png,/scratch/parceirosbr/bigoilict/share/BigOil/document_generator/datasets/documents_2021_12_28/pai_1col_20211228_152714_9842429912_600_800.png,pai_1col_20211228_152714_9842429912_600_800_mask.png,458.4872
19,4,38,9,486,261,524,270,486,261,524,261,524,270,486,270,sub_line_text,table_text,table_0,courier,regular,9.0,pai_1col_20211228_152714_9842429912_600_800.png,/scratch/parceirosbr/bigoilict/share/BigOil/document_generator/datasets/documents_2021_12_28/pai_1col_20211228_152714_9842429912_600_800.png,pai_1col_20211228_152714_9842429912_600_800_mask.png,458.4872
26,4,53,9,471,273,524,282,471,273,524,273,524,282,471,282,text,table_text,table_0,courier,regular,9.0,pai_1col_20211228_152714_9842429912_600_800.png,/scratch/parceirosbr/bigoilict/share/BigOil/document_generator/datasets/documents_2021_12_28/pai_1col_20211228_152714_9842429912_600_800.png,pai_1col_20211228_152714_9842429912_600_800_mask.png,801438.1516
26,4,53,9,471,273,524,282,471,273,524,273,524,282,471,282,sub_line_text,table_text,table_0,courier,regular,9.0,pai_1col_20211228_152714_9842429912_600_800.png,/scratch/parceirosbr/bigoilict/share/BigOil/document_generator/datasets/documents_2021_12_28/pai_1col_20211228_152714_9842429912_600_800.png,pai_1col_20211228_152714_9842429912_600_800_mask.png,801438.1516
19,4,38,9,486,286,524,295,486,286,524,286,524,295,486,295,text,table_text,table_0,courier,regular,9.0,pai_1col_20211228_152714_9842429912_600_800.png,/scratch/parceirosbr/bigoilict/share/BigOil/document_generator/datasets/documents_2021_12_28/pai_1col_20211228_152714_9842429912_600_800.png,pai_1col_20211228_152714_9842429912_600_800_mask.png,363.0700
19,4,38,9,486,286,524,295,486,286,524,286,524,295,486,295,sub_line_text,table_text,table_0,courier,regular,9.0,pai_1col_20211228_152714_9842429912_600_800.png,/scratch/parceirosbr/bigoilict/share/BigOil/document_generator/datasets/documents_2021_12_28/pai_1col_20211228_152714_9842429912_600_800.png,pai_1col_20211228_152714_9842429912_600_800_mask.png,363.0700
26,4,53,9,471,299,524,308,471,299,524,299,524,308,471,308,text,table_text,table_0,courier,regular,9.0,pai_1col_20211228_152714_9842429912_600_800.png,/scratch/parceirosbr/bigoilict/share/BigOil/document_generator/datasets/documents_2021_12_28/pai_1col_20211228_152714_9842429912_600_800.png,pai_1col_20211228_152714_9842429912_600_800_mask.png,788485.3847
26,4,53,9,471,299,524,308,471,299,524,299,524,308,471,308,sub_line_text,table_text,table_0,courier,regular,9.0,pai_1col_20211228_152714_9842429912_600_800.png,/scratch/parceirosbr/bigoilict/share/BigOil/document_generator/datasets/documents_2021_12_28/pai_1col_20211228_152714_9842429912_600_800.png,pai_1col_20211228_152714_9842429912_600_800_mask.png,788485.3847
19,4,38,9,486,311,524,320,486,311,524,311,524,320,486,320,text,table_text,table_0,courier,regular,9.0,pai_1col_20211228_152714_9842429912_600_800.png,/scratch/parceirosbr/bigoilict/share/BigOil/document_generator/datasets/documents_2021_12_28/pai_1col_20211228_152714_9842429912_600_800.png,pai_1col_20211228_152714_9842429912_600_800_mask.png,945.6360
19,4,38,9,486,311,524,320,486,311,524,311,524,320,486,320,sub_line_text,table_text,table_0,courier,regular,9.0,pai_1col_20211228_152714_9842429912_600_800.png,/scratch/parceirosbr/bigoilict/share/BigOil/document_generator/datasets/documents_2021_12_28/pai_1col_20211228_152714_9842429912_600_800.png,pai_1col_20211228_152714_9842429912_600_800_mask.png,945.6360
24,4,48,9,476,324,524,333,476,324,524,324,524,333,476,333,text,table_text,table_0,courier,regular,9.0,pai_1col_20211228_152714_9842429912_600_800.png,/scratch/parceirosbr/bigoilict/share/BigOil/document_generator/datasets/documents_2021_12_28/pai_1col_20211228_152714_9842429912_600_800.png,pai_1col_20211228_152714_9842429912_600_800_mask.png,44506.5788
24,4,48,9,476,324,524,333,476,324,524,324,524,333,476,333,sub_line_text,table_text,table_0,courier,regular,9.0,pai_1col_20211228_152714_9842429912_600_800.png,/scratch/parceirosbr/bigoilict/share/BigOil/document_generator/datasets/documents_2021_12_28/pai_1col_20211228_152714_9842429912_600_800.png,pai_1col_20211228_152714_9842429912_600_800_mask.png,44506.5788
29,4,58,9,467,336,525,345,467,336,525,336,525,345,467,345,text,table_text,table_0,courier,regular,9.0,pai_1col_20211228_152714_9842429912_600_800.png,/scratch/parceirosbr/bigoilict/share/BigOil/document_generator/datasets/documents_2021_12_28/pai_1col_20211228_152714_9842429912_600_800.png,pai_1col_20211228_152714_9842429912_600_800_mask.png,6977719.0549
29,4,58,9,467,336,525,345,467,336,525,336,525,345,467,345,sub_line_text,table_text,table_0,courier,regular,9.0,pai_1col_20211228_152714_9842429912_600_800.png,/scratch/parceirosbr/bigoilict/share/BigOil/document_generator/datasets/documents_2021_12_28/pai_1col_20211228_152714_9842429912_600_800.png,pai_1col_20211228_152714_9842429912_600_800_mask.png,6977719.0549
30,5,60,10,127,401,187,411,127,401,187,401,187,411,127,411,sub_line_text,equation,equation_0,courier,bold,9,pai_1col_20211228_152714_9842429912_600_800.png,/scratch/parceirosbr/bigoilict/share/BigOil/document_generator/datasets/documents_2021_12_28/pai_1col_20211228_152714_9842429912_600_800.png,pai_1col_20211228_152714_9842429912_600_800_mask.png,Equação (20)
128,23,257,47,127,383,384,430,127,383,384,383,384,430,127,430,equation,equation,equation_0,,,,pai_1col_20211228_152714_9842429912_600_800.png,/scratch/parceirosbr/bigoilict/share/BigOil/document_generator/datasets/documents_2021_12_28/pai_1col_20211228_152714_9842429912_600_800.png,pai_1col_20211228_152714_9842429912_600_800_mask.png,
200,5,401,10,135,447,536,457,135,447,536,447,536,457,135,457,sub_line_text,text,text_0,courier,regular,9,pai_1col_20211228_152714_9842429912_600_800.png,/scratch/parceirosbr/bigoilict/share/BigOil/document_generator/datasets/documents_2021_12_28/pai_1col_20211228_152714_9842429912_600_800.png,pai_1col_20211228_152714_9842429912_600_800_mask.png,Este  princípio  pressupõe  a  definição de uma série de regras para garantir um
237,5,475,10,60,468,535,478,60,468,535,468,535,478,60,478,sub_line_text,text,text_0,courier,regular,9,pai_1col_20211228_152714_9842429912_600_800.png,/scratch/parceirosbr/bigoilict/share/BigOil/document_generator/datasets/documents_2021_12_28/pai_1col_20211228_152714_9842429912_600_800.png,pai_1col_20211228_152714_9842429912_600_800_mask.png,"acesso  não  discriminatório  à rede, i.e., propiciando as mesmas condições a todas as empresas"
237,5,475,10,60,489,535,499,60,489,535,489,535,499,60,499,sub_line_text,text,text_0,courier,regular,9,pai_1col_20211228_152714_9842429912_600_800.png,/scratch/parceirosbr/bigoilict/share/BigOil/document_generator/datasets/documents_2021_12_28/pai_1col_20211228_152714_9842429912_600_800.png,pai_1col_20211228_152714_9842429912_600_800_mask.png,interessadas.  Esses transtornos existem por causa das informações assimétricas situação na qu-
237,5,475,10,60,510,535,520,60,510,535,510,535,520,60,520,sub_line_text,text,text_0,courier,regular,9,pai_1col_20211228_152714_9842429912_600_800.png,/scratch/parceirosbr/bigoilict/share/BigOil/document_generator/datasets/documents_2021_12_28/pai_1col_20211228_152714_9842429912_600_800.png,pai_1col_20211228_152714_9842429912_600_800_mask.png,"al  dois  ou mais agentes, inseridos numa relação econômica, têm diferentes informações a resp-"
217,5,435,10,60,531,495,541,60,531,495,531,495,541,60,541,sub_line_text,text,text_0,courier,regular,9,pai_1col_20211228_152714_9842429912_600_800.png,/scratch/parceirosbr/bigoilict/share/BigOil/document_generator/datasets/documents_2021_12_28/pai_1col_20211228_152714_9842429912_600_800.png,pai_1col_20211228_152714_9842429912_600_800_mask.png,"eito de um ou outro e/ou sobre sua circunstância econômica. (MANSFIELD; 2006, p. 540).."
238,47,476,94,60,447,536,541,60,447,536,447,536,541,60,541,text,text,text_0,courier,regular,9,pai_1col_20211228_152714_9842429912_600_800.png,/scratch/parceirosbr/bigoilict/share/BigOil/document_generator/datasets/documents_2021_12_28/pai_1col_20211228_152714_9842429912_600_800.png,pai_1col_20211228_152714_9842429912_600_800_mask.png,nan
17,5,35,10,406,581,441,591,406,581,441,581,441,591,406,591,sub_line_text,equation,equation_1,courier,bold,9,pai_1col_20211228_152714_9842429912_600_800.png,/scratch/parceirosbr/bigoilict/share/BigOil/document_generator/datasets/documents_2021_12_28/pai_1col_20211228_152714_9842429912_600_800.png,pai_1col_20211228_152714_9842429912_600_800_mask.png,Eq. (9)
165,28,330,56,111,558,441,614,111,558,441,558,441,614,111,614,equation,equation,equation_1,,,,pai_1col_20211228_152714_9842429912_600_800.png,/scratch/parceirosbr/bigoilict/share/BigOil/document_generator/datasets/documents_2021_12_28/pai_1col_20211228_152714_9842429912_600_800.png,pai_1col_20211228_152714_9842429912_600_800_mask.png,
20,5,40,10,141,637,181,647,141,637,181,637,181,647,141,647,sub_line_text,equation,equation_2,courier,bold,9,pai_1col_20211228_152714_9842429912_600_800.png,/scratch/parceirosbr/bigoilict/share/BigOil/document_generator/datasets/documents_2021_12_28/pai_1col_20211228_152714_9842429912_600_800.png,pai_1col_20211228_152714_9842429912_600_800_mask.png,Eq. (24)
124,11,249,22,141,631,390,653,141,631,390,631,390,653,141,653,equation,equation,equation_2,,,,pai_1col_20211228_152714_9842429912_600_800.png,/scratch/parceirosbr/bigoilict/share/BigOil/document_generator/datasets/documents_2021_12_28/pai_1col_20211228_152714_9842429912_600_800.png,pai_1col_20211228_152714_9842429912_600_800_mask.png,
200,5,400,10,135,670,535,680,135,670,535,670,535,680,135,680,sub_line_text,text,text_1,courier,regular,9,pai_1col_20211228_152714_9842429912_600_800.png,/scratch/parceirosbr/bigoilict/share/BigOil/document_generator/datasets/documents_2021_12_28/pai_1col_20211228_152714_9842429912_600_800.png,pai_1col_20211228_152714_9842429912_600_800_mask.png,"Assim,  a  degradação natural de materiais vegetais origina compostos polifenól-"
237,5,475,10,60,691,535,701,60,691,535,691,535,701,60,701,sub_line_text,text,text_1,courier,regular,9,pai_1col_20211228_152714_9842429912_600_800.png,/scratch/parceirosbr/bigoilict/share/BigOil/document_generator/datasets/documents_2021_12_28/pai_1col_20211228_152714_9842429912_600_800.png,pai_1col_20211228_152714_9842429912_600_800_mask.png,"icos  do  tipo taninos, que dão cor e sabor às águas potáveis. As participações dos carros, por"
232,5,465,10,60,712,525,722,60,712,525,712,525,722,60,722,sub_line_text,text,text_1,courier,regular,9,pai_1col_20211228_152714_9842429912_600_800.png,/scratch/parceirosbr/bigoilict/share/BigOil/document_generator/datasets/documents_2021_12_28/pai_1col_20211228_152714_9842429912_600_800.png,pai_1col_20211228_152714_9842429912_600_800_mask.png,"classes de emissões, no mercado europeu são mostradas na 11. 23. Associado as extrações de p."
237,26,475,52,60,670,535,722,60,670,535,670,535,722,60,722,text,text,text_1,courier,regular,9,pai_1col_20211228_152714_9842429912_600_800.png,/scratch/parceirosbr/bigoilict/share/BigOil/document_generator/datasets/documents_2021_12_28/pai_1col_20211228_152714_9842429912_600_800.png,pai_1col_20211228_152714_9842429912_600_800_mask.png,nan
