center_x,center_y,width,height,xmin,ymin,xmax,ymax,top_left_x,top_left_y,top_right_x,top_right_y,bottom_right_x,bottom_right_y,bottom_left_x,bottom_left_y,label,grouplabel,group,text_font,text_style,size_font,filename,path,filename_mask,content
300,400,600,800,0,0,600,800,0,0,600,0,600,800,0,800,document,,,,,,pai_3cols_20211228_152916_9859230987_600_800.png,/scratch/parceirosbr/bigoilict/share/BigOil/document_generator/datasets/documents_2021_12_28/pai_3cols_20211228_152916_9859230987_600_800.png,pai_3cols_20211228_152916_9859230987_600_800_mask.png,
5,5,10,11,72,79,82,90,72,79,82,79,82,90,72,90,sub_line_text,numpag,header_1,arial,regular,9,pai_3cols_20211228_152916_9859230987_600_800.png,/scratch/parceirosbr/bigoilict/share/BigOil/document_generator/datasets/documents_2021_12_28/pai_3cols_20211228_152916_9859230987_600_800.png,pai_3cols_20211228_152916_9859230987_600_800_mask.png,97
5,5,10,11,72,79,82,90,72,79,82,79,82,90,72,90,text,numpag,header_1,arial,regular,9,pai_3cols_20211228_152916_9859230987_600_800.png,/scratch/parceirosbr/bigoilict/share/BigOil/document_generator/datasets/documents_2021_12_28/pai_3cols_20211228_152916_9859230987_600_800.png,pai_3cols_20211228_152916_9859230987_600_800_mask.png,nan
1,5,2,11,84,79,86,90,84,79,86,79,86,90,84,90,sub_line_text,header,header_1,arial,regular,9,pai_3cols_20211228_152916_9859230987_600_800.png,/scratch/parceirosbr/bigoilict/share/BigOil/document_generator/datasets/documents_2021_12_28/pai_3cols_20211228_152916_9859230987_600_800.png,pai_3cols_20211228_152916_9859230987_600_800_mask.png,|
1,5,2,11,84,79,86,90,84,79,86,79,86,90,84,90,text,header,header_1,arial,regular,9,pai_3cols_20211228_152916_9859230987_600_800.png,/scratch/parceirosbr/bigoilict/share/BigOil/document_generator/datasets/documents_2021_12_28/pai_3cols_20211228_152916_9859230987_600_800.png,pai_3cols_20211228_152916_9859230987_600_800_mask.png,nan
44,5,89,11,87,79,176,90,87,79,176,79,176,90,87,90,sub_line_text,header,header_1,arial,regular,9,pai_3cols_20211228_152916_9859230987_600_800.png,/scratch/parceirosbr/bigoilict/share/BigOil/document_generator/datasets/documents_2021_12_28/pai_3cols_20211228_152916_9859230987_600_800.png,pai_3cols_20211228_152916_9859230987_600_800_mask.png,O encorajamento dos
44,5,89,11,87,79,176,90,87,79,176,79,176,90,87,90,text,header,header_1,arial,regular,9,pai_3cols_20211228_152916_9859230987_600_800.png,/scratch/parceirosbr/bigoilict/share/BigOil/document_generator/datasets/documents_2021_12_28/pai_3cols_20211228_152916_9859230987_600_800.png,pai_3cols_20211228_152916_9859230987_600_800_mask.png,nan
244,1,489,2,72,90,561,92,72,90,561,90,561,92,72,92,line,line,line,,,,pai_3cols_20211228_152916_9859230987_600_800.png,/scratch/parceirosbr/bigoilict/share/BigOil/document_generator/datasets/documents_2021_12_28/pai_3cols_20211228_152916_9859230987_600_800.png,pai_3cols_20211228_152916_9859230987_600_800_mask.png,nan
67,9,135,18,75,104,210,122,75,104,210,104,210,122,75,122,sub_line_text,title,title_0,arial,bolditalic,16,pai_3cols_20211228_152916_9859230987_600_800.png,/scratch/parceirosbr/bigoilict/share/BigOil/document_generator/datasets/documents_2021_12_28/pai_3cols_20211228_152916_9859230987_600_800.png,pai_3cols_20211228_152916_9859230987_600_800_mask.png,Model        identifi-
56,9,113,18,75,133,188,151,75,133,188,133,188,151,75,151,sub_line_text,title,title_0,arial,bolditalic,16,pai_3cols_20211228_152916_9859230987_600_800.png,/scratch/parceirosbr/bigoilict/share/BigOil/document_generator/datasets/documents_2021_12_28/pai_3cols_20211228_152916_9859230987_600_800.png,pai_3cols_20211228_152916_9859230987_600_800_mask.png,es five flow reg
67,23,135,47,75,104,210,151,75,104,210,104,210,151,75,151,title,title,title_0,arial,bolditalic,16,pai_3cols_20211228_152916_9859230987_600_800.png,/scratch/parceirosbr/bigoilict/share/BigOil/document_generator/datasets/documents_2021_12_28/pai_3cols_20211228_152916_9859230987_600_800.png,pai_3cols_20211228_152916_9859230987_600_800_mask.png,nan
67,8,134,16,72,163,206,179,72,163,206,163,206,179,72,179,sub_line_text,subtitle,subtitle_0,arial,italic,14,pai_3cols_20211228_152916_9859230987_600_800.png,/scratch/parceirosbr/bigoilict/share/BigOil/document_generator/datasets/documents_2021_12_28/pai_3cols_20211228_152916_9859230987_600_800.png,pai_3cols_20211228_152916_9859230987_600_800_mask.png,Agência queparticipa
40,8,80,16,72,189,152,205,72,189,152,189,152,205,72,205,sub_line_text,subtitle,subtitle_0,arial,italic,14,pai_3cols_20211228_152916_9859230987_600_800.png,/scratch/parceirosbr/bigoilict/share/BigOil/document_generator/datasets/documents_2021_12_28/pai_3cols_20211228_152916_9859230987_600_800.png,pai_3cols_20211228_152916_9859230987_600_800_mask.png,"deste grupo,"
67,21,134,42,72,163,206,205,72,163,206,163,206,205,72,205,title,subtitle,subtitle_0,arial,italic,14,pai_3cols_20211228_152916_9859230987_600_800.png,/scratch/parceirosbr/bigoilict/share/BigOil/document_generator/datasets/documents_2021_12_28/pai_3cols_20211228_152916_9859230987_600_800.png,pai_3cols_20211228_152916_9859230987_600_800_mask.png,nan
58,5,117,11,93,217,210,228,93,217,210,217,210,228,93,228,sub_line_text,text,text_0,arial,regular,9,pai_3cols_20211228_152916_9859230987_600_800.png,/scratch/parceirosbr/bigoilict/share/BigOil/document_generator/datasets/documents_2021_12_28/pai_3cols_20211228_152916_9859230987_600_800.png,pai_3cols_20211228_152916_9859230987_600_800_mask.png,Regina   for   her  friendship
68,5,137,11,72,235,209,246,72,235,209,235,209,246,72,246,sub_line_text,text,text_0,arial,regular,9,pai_3cols_20211228_152916_9859230987_600_800.png,/scratch/parceirosbr/bigoilict/share/BigOil/document_generator/datasets/documents_2021_12_28/pai_3cols_20211228_152916_9859230987_600_800.png,pai_3cols_20211228_152916_9859230987_600_800_mask.png,and  trust  during this work; prof.
69,5,138,11,72,253,210,264,72,253,210,253,210,264,72,264,sub_line_text,text,text_0,arial,regular,9,pai_3cols_20211228_152916_9859230987_600_800.png,/scratch/parceirosbr/bigoilict/share/BigOil/document_generator/datasets/documents_2021_12_28/pai_3cols_20211228_152916_9859230987_600_800.png,pai_3cols_20211228_152916_9859230987_600_800_mask.png,Relationship  between sediments
68,5,137,11,72,271,209,282,72,271,209,271,209,282,72,282,sub_line_text,text,text_0,arial,regular,9,pai_3cols_20211228_152916_9859230987_600_800.png,/scratch/parceirosbr/bigoilict/share/BigOil/document_generator/datasets/documents_2021_12_28/pai_3cols_20211228_152916_9859230987_600_800.png,pai_3cols_20211228_152916_9859230987_600_800_mask.png,and  organism  hydrocarbon  loa-
68,5,137,11,72,289,209,300,72,289,209,289,209,300,72,300,sub_line_text,text,text_0,arial,regular,9,pai_3cols_20211228_152916_9859230987_600_800.png,/scratch/parceirosbr/bigoilict/share/BigOil/document_generator/datasets/documents_2021_12_28/pai_3cols_20211228_152916_9859230987_600_800.png,pai_3cols_20211228_152916_9859230987_600_800_mask.png,ds  and  38:  397 412. Depois de
68,5,137,11,72,307,209,318,72,307,209,307,209,318,72,318,sub_line_text,text,text_0,arial,regular,9,pai_3cols_20211228_152916_9859230987_600_800.png,/scratch/parceirosbr/bigoilict/share/BigOil/document_generator/datasets/documents_2021_12_28/pai_3cols_20211228_152916_9859230987_600_800.png,pai_3cols_20211228_152916_9859230987_600_800_mask.png,passar  pela  broca no final do p-
69,5,138,11,72,325,210,336,72,325,210,325,210,336,72,336,sub_line_text,text,text_0,arial,regular,9,pai_3cols_20211228_152916_9859230987_600_800.png,/scratch/parceirosbr/bigoilict/share/BigOil/document_generator/datasets/documents_2021_12_28/pai_3cols_20211228_152916_9859230987_600_800.png,pai_3cols_20211228_152916_9859230987_600_800_mask.png,"oço, o fluido de perfuração inicia."
69,59,138,119,72,217,210,336,72,217,210,217,210,336,72,336,text,text,text_0,arial,regular,9,pai_3cols_20211228_152916_9859230987_600_800.png,/scratch/parceirosbr/bigoilict/share/BigOil/document_generator/datasets/documents_2021_12_28/pai_3cols_20211228_152916_9859230987_600_800.png,pai_3cols_20211228_152916_9859230987_600_800_mask.png,nan
70,50,141,100,72,346,213,446,72,346,213,346,213,446,72,446,image,figure_image,figure_0,,,,pai_3cols_20211228_152916_9859230987_600_800.png,/scratch/parceirosbr/bigoilict/share/BigOil/document_generator/datasets/documents_2021_12_28/pai_3cols_20211228_152916_9859230987_600_800.png,pai_3cols_20211228_152916_9859230987_600_800_mask.png,output/gen_img_20211228_152917_7923776815.png
7,2,14,4,142,419,156,423,142,419,156,419,156,423,142,423,text,figure_text,figure_0,,,,pai_3cols_20211228_152916_9859230987_600_800.png,/scratch/parceirosbr/bigoilict/share/BigOil/document_generator/datasets/documents_2021_12_28/pai_3cols_20211228_152916_9859230987_600_800.png,pai_3cols_20211228_152916_9859230987_600_800_mask.png,-2794
7,2,14,4,142,419,156,423,142,419,156,419,156,423,142,423,sub_line_text,figure_text,figure_0,,,,pai_3cols_20211228_152916_9859230987_600_800.png,/scratch/parceirosbr/bigoilict/share/BigOil/document_generator/datasets/documents_2021_12_28/pai_3cols_20211228_152916_9859230987_600_800.png,pai_3cols_20211228_152916_9859230987_600_800_mask.png,-2794
14,2,28,4,150,407,178,411,150,407,178,407,178,411,150,411,text,figure_text,figure_0,,,,pai_3cols_20211228_152916_9859230987_600_800.png,/scratch/parceirosbr/bigoilict/share/BigOil/document_generator/datasets/documents_2021_12_28/pai_3cols_20211228_152916_9859230987_600_800.png,pai_3cols_20211228_152916_9859230987_600_800_mask.png,Production
14,2,28,4,150,407,178,411,150,407,178,407,178,411,150,411,sub_line_text,figure_text,figure_0,,,,pai_3cols_20211228_152916_9859230987_600_800.png,/scratch/parceirosbr/bigoilict/share/BigOil/document_generator/datasets/documents_2021_12_28/pai_3cols_20211228_152916_9859230987_600_800.png,pai_3cols_20211228_152916_9859230987_600_800_mask.png,Production
12,2,25,4,73,417,98,421,73,417,98,417,98,421,73,421,text,figure_text,figure_0,,,,pai_3cols_20211228_152916_9859230987_600_800.png,/scratch/parceirosbr/bigoilict/share/BigOil/document_generator/datasets/documents_2021_12_28/pai_3cols_20211228_152916_9859230987_600_800.png,pai_3cols_20211228_152916_9859230987_600_800_mask.png,-6311.19%
12,2,25,4,73,417,98,421,73,417,98,417,98,421,73,421,sub_line_text,figure_text,figure_0,,,,pai_3cols_20211228_152916_9859230987_600_800.png,/scratch/parceirosbr/bigoilict/share/BigOil/document_generator/datasets/documents_2021_12_28/pai_3cols_20211228_152916_9859230987_600_800.png,pai_3cols_20211228_152916_9859230987_600_800_mask.png,-6311.19%
12,2,25,4,140,413,165,417,140,413,165,413,165,417,140,417,text,figure_text,figure_0,,,,pai_3cols_20211228_152916_9859230987_600_800.png,/scratch/parceirosbr/bigoilict/share/BigOil/document_generator/datasets/documents_2021_12_28/pai_3cols_20211228_152916_9859230987_600_800.png,pai_3cols_20211228_152916_9859230987_600_800_mask.png,-8876.70%
12,2,25,4,140,413,165,417,140,413,165,413,165,417,140,417,sub_line_text,figure_text,figure_0,,,,pai_3cols_20211228_152916_9859230987_600_800.png,/scratch/parceirosbr/bigoilict/share/BigOil/document_generator/datasets/documents_2021_12_28/pai_3cols_20211228_152916_9859230987_600_800.png,pai_3cols_20211228_152916_9859230987_600_800_mask.png,-8876.70%
8,2,17,4,162,371,179,375,162,371,179,371,179,375,162,375,text,figure_text,figure_0,,,,pai_3cols_20211228_152916_9859230987_600_800.png,/scratch/parceirosbr/bigoilict/share/BigOil/document_generator/datasets/documents_2021_12_28/pai_3cols_20211228_152916_9859230987_600_800.png,pai_3cols_20211228_152916_9859230987_600_800_mask.png,-7658%
8,2,17,4,162,371,179,375,162,371,179,371,179,375,162,375,sub_line_text,figure_text,figure_0,,,,pai_3cols_20211228_152916_9859230987_600_800.png,/scratch/parceirosbr/bigoilict/share/BigOil/document_generator/datasets/documents_2021_12_28/pai_3cols_20211228_152916_9859230987_600_800.png,pai_3cols_20211228_152916_9859230987_600_800_mask.png,-7658%
14,2,28,4,99,435,127,439,99,435,127,435,127,439,99,439,text,figure_text,figure_0,,,,pai_3cols_20211228_152916_9859230987_600_800.png,/scratch/parceirosbr/bigoilict/share/BigOil/document_generator/datasets/documents_2021_12_28/pai_3cols_20211228_152916_9859230987_600_800.png,pai_3cols_20211228_152916_9859230987_600_800_mask.png,Conversion
14,2,28,4,99,435,127,439,99,435,127,435,127,439,99,439,sub_line_text,figure_text,figure_0,,,,pai_3cols_20211228_152916_9859230987_600_800.png,/scratch/parceirosbr/bigoilict/share/BigOil/document_generator/datasets/documents_2021_12_28/pai_3cols_20211228_152916_9859230987_600_800.png,pai_3cols_20211228_152916_9859230987_600_800_mask.png,Conversion
15,2,31,5,139,381,170,386,139,381,170,381,170,386,139,386,text,figure_text,figure_0,,,,pai_3cols_20211228_152916_9859230987_600_800.png,/scratch/parceirosbr/bigoilict/share/BigOil/document_generator/datasets/documents_2021_12_28/pai_3cols_20211228_152916_9859230987_600_800.png,pai_3cols_20211228_152916_9859230987_600_800_mask.png,Consumption
15,2,31,5,139,381,170,386,139,381,170,381,170,386,139,386,sub_line_text,figure_text,figure_0,,,,pai_3cols_20211228_152916_9859230987_600_800.png,/scratch/parceirosbr/bigoilict/share/BigOil/document_generator/datasets/documents_2021_12_28/pai_3cols_20211228_152916_9859230987_600_800.png,pai_3cols_20211228_152916_9859230987_600_800_mask.png,Consumption
58,5,116,10,87,451,203,461,87,451,203,451,203,461,87,461,sub_line_text,figure_legend,figure_0,arial,bolditalic,8,pai_3cols_20211228_152916_9859230987_600_800.png,/scratch/parceirosbr/bigoilict/share/BigOil/document_generator/datasets/documents_2021_12_28/pai_3cols_20211228_152916_9859230987_600_800.png,pai_3cols_20211228_152916_9859230987_600_800_mask.png,Fig.    99:      Apesar   desta   dif-
58,5,116,10,87,467,203,477,87,467,203,467,203,477,87,477,sub_line_text,figure_legend,figure_0,arial,bolditalic,8,pai_3cols_20211228_152916_9859230987_600_800.png,/scratch/parceirosbr/bigoilict/share/BigOil/document_generator/datasets/documents_2021_12_28/pai_3cols_20211228_152916_9859230987_600_800.png,pai_3cols_20211228_152916_9859230987_600_800_mask.png,"erença,     pode-se    admitir    q-"
57,5,115,10,87,483,202,493,87,483,202,483,202,493,87,493,sub_line_text,figure_legend,figure_0,arial,bolditalic,8,pai_3cols_20211228_152916_9859230987_600_800.png,/scratch/parceirosbr/bigoilict/share/BigOil/document_generator/datasets/documents_2021_12_28/pai_3cols_20211228_152916_9859230987_600_800.png,pai_3cols_20211228_152916_9859230987_600_800_mask.png,ue    a    unidade    experimental
57,5,115,10,87,499,202,509,87,499,202,499,202,509,87,509,sub_line_text,figure_legend,figure_0,arial,bolditalic,8,pai_3cols_20211228_152916_9859230987_600_800.png,/scratch/parceirosbr/bigoilict/share/BigOil/document_generator/datasets/documents_2021_12_28/pai_3cols_20211228_152916_9859230987_600_800.png,pai_3cols_20211228_152916_9859230987_600_800_mask.png,utilizada     é     válida     para    o
57,5,115,10,87,515,202,525,87,515,202,515,202,525,87,525,sub_line_text,figure_legend,figure_0,arial,bolditalic,8,pai_3cols_20211228_152916_9859230987_600_800.png,/scratch/parceirosbr/bigoilict/share/BigOil/document_generator/datasets/documents_2021_12_28/pai_3cols_20211228_152916_9859230987_600_800.png,pai_3cols_20211228_152916_9859230987_600_800_mask.png,estudo    do   conforme   concl-
58,5,116,10,87,531,203,541,87,531,203,531,203,541,87,541,sub_line_text,figure_legend,figure_0,arial,bolditalic,8,pai_3cols_20211228_152916_9859230987_600_800.png,/scratch/parceirosbr/bigoilict/share/BigOil/document_generator/datasets/documents_2021_12_28/pai_3cols_20211228_152916_9859230987_600_800.png,pai_3cols_20211228_152916_9859230987_600_800_mask.png,uído       anteriormente.       4.2.1
42,5,84,10,87,547,171,557,87,547,171,547,171,557,87,557,sub_line_text,figure_legend,figure_0,arial,bolditalic,8,pai_3cols_20211228_152916_9859230987_600_800.png,/scratch/parceirosbr/bigoilict/share/BigOil/document_generator/datasets/documents_2021_12_28/pai_3cols_20211228_152916_9859230987_600_800.png,pai_3cols_20211228_152916_9859230987_600_800_mask.png,de para os.  Due to the
58,53,116,106,87,451,203,557,87,451,203,451,203,557,87,557,text,figure_legend,figure_0,arial,bolditalic,8,pai_3cols_20211228_152916_9859230987_600_800.png,/scratch/parceirosbr/bigoilict/share/BigOil/document_generator/datasets/documents_2021_12_28/pai_3cols_20211228_152916_9859230987_600_800.png,pai_3cols_20211228_152916_9859230987_600_800_mask.png,nan
67,48,134,96,75,567,209,663,75,567,209,567,209,663,75,663,table,table_image,table_0,,,,pai_3cols_20211228_152916_9859230987_600_800.png,/scratch/parceirosbr/bigoilict/share/BigOil/document_generator/datasets/documents_2021_12_28/pai_3cols_20211228_152916_9859230987_600_800.png,pai_3cols_20211228_152916_9859230987_600_800_mask.png,output/gen_tab_20211228_152918_3476095030.png
19,5,38,10,100,569,138,579,100,569,138,569,138,579,100,579,text,table_text,table_0,roboto,regular,9.0,pai_3cols_20211228_152916_9859230987_600_800.png,/scratch/parceirosbr/bigoilict/share/BigOil/document_generator/datasets/documents_2021_12_28/pai_3cols_20211228_152916_9859230987_600_800.png,pai_3cols_20211228_152916_9859230987_600_800_mask.png,partículas
19,5,38,10,100,569,138,579,100,569,138,569,138,579,100,579,sub_line_text,table_text,table_0,roboto,regular,9.0,pai_3cols_20211228_152916_9859230987_600_800.png,/scratch/parceirosbr/bigoilict/share/BigOil/document_generator/datasets/documents_2021_12_28/pai_3cols_20211228_152916_9859230987_600_800.png,pai_3cols_20211228_152916_9859230987_600_800_mask.png,partículas
15,5,30,11,108,584,138,595,108,584,138,584,138,595,108,595,text,table_text,table_0,roboto,italic,9.0,pai_3cols_20211228_152916_9859230987_600_800.png,/scratch/parceirosbr/bigoilict/share/BigOil/document_generator/datasets/documents_2021_12_28/pai_3cols_20211228_152916_9859230987_600_800.png,pai_3cols_20211228_152916_9859230987_600_800_mask.png,98.3814
15,5,30,11,108,584,138,595,108,584,138,584,138,595,108,595,sub_line_text,table_text,table_0,roboto,italic,9.0,pai_3cols_20211228_152916_9859230987_600_800.png,/scratch/parceirosbr/bigoilict/share/BigOil/document_generator/datasets/documents_2021_12_28/pai_3cols_20211228_152916_9859230987_600_800.png,pai_3cols_20211228_152916_9859230987_600_800_mask.png,98.3814
12,5,25,11,113,598,138,609,113,598,138,598,138,609,113,609,text,table_text,table_0,roboto,italic,9.0,pai_3cols_20211228_152916_9859230987_600_800.png,/scratch/parceirosbr/bigoilict/share/BigOil/document_generator/datasets/documents_2021_12_28/pai_3cols_20211228_152916_9859230987_600_800.png,pai_3cols_20211228_152916_9859230987_600_800_mask.png,1.8304
12,5,25,11,113,598,138,609,113,598,138,598,138,609,113,609,sub_line_text,table_text,table_0,roboto,italic,9.0,pai_3cols_20211228_152916_9859230987_600_800.png,/scratch/parceirosbr/bigoilict/share/BigOil/document_generator/datasets/documents_2021_12_28/pai_3cols_20211228_152916_9859230987_600_800.png,pai_3cols_20211228_152916_9859230987_600_800_mask.png,1.8304
12,5,25,11,113,612,138,623,113,612,138,612,138,623,113,623,text,table_text,table_0,roboto,italic,9.0,pai_3cols_20211228_152916_9859230987_600_800.png,/scratch/parceirosbr/bigoilict/share/BigOil/document_generator/datasets/documents_2021_12_28/pai_3cols_20211228_152916_9859230987_600_800.png,pai_3cols_20211228_152916_9859230987_600_800_mask.png,7.9059
12,5,25,11,113,612,138,623,113,612,138,612,138,623,113,623,sub_line_text,table_text,table_0,roboto,italic,9.0,pai_3cols_20211228_152916_9859230987_600_800.png,/scratch/parceirosbr/bigoilict/share/BigOil/document_generator/datasets/documents_2021_12_28/pai_3cols_20211228_152916_9859230987_600_800.png,pai_3cols_20211228_152916_9859230987_600_800_mask.png,7.9059
17,5,35,11,103,626,138,637,103,626,138,626,138,637,103,637,text,table_text,table_0,roboto,italic,9.0,pai_3cols_20211228_152916_9859230987_600_800.png,/scratch/parceirosbr/bigoilict/share/BigOil/document_generator/datasets/documents_2021_12_28/pai_3cols_20211228_152916_9859230987_600_800.png,pai_3cols_20211228_152916_9859230987_600_800_mask.png,564.3219
17,5,35,11,103,626,138,637,103,626,138,626,138,637,103,637,sub_line_text,table_text,table_0,roboto,italic,9.0,pai_3cols_20211228_152916_9859230987_600_800.png,/scratch/parceirosbr/bigoilict/share/BigOil/document_generator/datasets/documents_2021_12_28/pai_3cols_20211228_152916_9859230987_600_800.png,pai_3cols_20211228_152916_9859230987_600_800_mask.png,564.3219
17,5,35,10,170,641,205,651,170,641,205,641,205,651,170,651,text,table_text,table_0,roboto,regular,9.0,pai_3cols_20211228_152916_9859230987_600_800.png,/scratch/parceirosbr/bigoilict/share/BigOil/document_generator/datasets/documents_2021_12_28/pai_3cols_20211228_152916_9859230987_600_800.png,pai_3cols_20211228_152916_9859230987_600_800_mask.png,479.8660
17,5,35,10,170,641,205,651,170,641,205,641,205,651,170,651,sub_line_text,table_text,table_0,roboto,regular,9.0,pai_3cols_20211228_152916_9859230987_600_800.png,/scratch/parceirosbr/bigoilict/share/BigOil/document_generator/datasets/documents_2021_12_28/pai_3cols_20211228_152916_9859230987_600_800.png,pai_3cols_20211228_152916_9859230987_600_800_mask.png,479.8660
13,5,27,10,178,569,205,579,178,569,205,569,205,579,178,579,text,table_text,table_0,roboto,regular,9.0,pai_3cols_20211228_152916_9859230987_600_800.png,/scratch/parceirosbr/bigoilict/share/BigOil/document_generator/datasets/documents_2021_12_28/pai_3cols_20211228_152916_9859230987_600_800.png,pai_3cols_20211228_152916_9859230987_600_800_mask.png,política
13,5,27,10,178,569,205,579,178,569,205,569,205,579,178,579,sub_line_text,table_text,table_0,roboto,regular,9.0,pai_3cols_20211228_152916_9859230987_600_800.png,/scratch/parceirosbr/bigoilict/share/BigOil/document_generator/datasets/documents_2021_12_28/pai_3cols_20211228_152916_9859230987_600_800.png,pai_3cols_20211228_152916_9859230987_600_800_mask.png,política
15,5,30,11,175,584,205,595,175,584,205,584,205,595,175,595,text,table_text,table_0,roboto,italic,9.0,pai_3cols_20211228_152916_9859230987_600_800.png,/scratch/parceirosbr/bigoilict/share/BigOil/document_generator/datasets/documents_2021_12_28/pai_3cols_20211228_152916_9859230987_600_800.png,pai_3cols_20211228_152916_9859230987_600_800_mask.png,532.625
15,5,30,11,175,584,205,595,175,584,205,584,205,595,175,595,sub_line_text,table_text,table_0,roboto,italic,9.0,pai_3cols_20211228_152916_9859230987_600_800.png,/scratch/parceirosbr/bigoilict/share/BigOil/document_generator/datasets/documents_2021_12_28/pai_3cols_20211228_152916_9859230987_600_800.png,pai_3cols_20211228_152916_9859230987_600_800_mask.png,532.625
15,5,31,11,174,598,205,609,174,598,205,598,205,609,174,609,text,table_text,table_0,roboto,italic,9.0,pai_3cols_20211228_152916_9859230987_600_800.png,/scratch/parceirosbr/bigoilict/share/BigOil/document_generator/datasets/documents_2021_12_28/pai_3cols_20211228_152916_9859230987_600_800.png,pai_3cols_20211228_152916_9859230987_600_800_mask.png,805.407
15,5,31,11,174,598,205,609,174,598,205,598,205,609,174,609,sub_line_text,table_text,table_0,roboto,italic,9.0,pai_3cols_20211228_152916_9859230987_600_800.png,/scratch/parceirosbr/bigoilict/share/BigOil/document_generator/datasets/documents_2021_12_28/pai_3cols_20211228_152916_9859230987_600_800.png,pai_3cols_20211228_152916_9859230987_600_800_mask.png,805.407
17,5,35,11,170,612,205,623,170,612,205,612,205,623,170,623,text,table_text,table_0,roboto,italic,9.0,pai_3cols_20211228_152916_9859230987_600_800.png,/scratch/parceirosbr/bigoilict/share/BigOil/document_generator/datasets/documents_2021_12_28/pai_3cols_20211228_152916_9859230987_600_800.png,pai_3cols_20211228_152916_9859230987_600_800_mask.png,5818.822
17,5,35,11,170,612,205,623,170,612,205,612,205,623,170,623,sub_line_text,table_text,table_0,roboto,italic,9.0,pai_3cols_20211228_152916_9859230987_600_800.png,/scratch/parceirosbr/bigoilict/share/BigOil/document_generator/datasets/documents_2021_12_28/pai_3cols_20211228_152916_9859230987_600_800.png,pai_3cols_20211228_152916_9859230987_600_800_mask.png,5818.822
15,5,30,11,175,626,205,637,175,626,205,626,205,637,175,637,text,table_text,table_0,roboto,italic,9.0,pai_3cols_20211228_152916_9859230987_600_800.png,/scratch/parceirosbr/bigoilict/share/BigOil/document_generator/datasets/documents_2021_12_28/pai_3cols_20211228_152916_9859230987_600_800.png,pai_3cols_20211228_152916_9859230987_600_800_mask.png,530.440
15,5,30,11,175,626,205,637,175,626,205,626,205,637,175,637,sub_line_text,table_text,table_0,roboto,italic,9.0,pai_3cols_20211228_152916_9859230987_600_800.png,/scratch/parceirosbr/bigoilict/share/BigOil/document_generator/datasets/documents_2021_12_28/pai_3cols_20211228_152916_9859230987_600_800.png,pai_3cols_20211228_152916_9859230987_600_800_mask.png,530.440
54,5,108,10,87,668,195,678,87,668,195,668,195,678,87,678,sub_line_text,table_legend,table_0,arial,bolditalic,8,pai_3cols_20211228_152916_9859230987_600_800.png,/scratch/parceirosbr/bigoilict/share/BigOil/document_generator/datasets/documents_2021_12_28/pai_3cols_20211228_152916_9859230987_600_800.png,pai_3cols_20211228_152916_9859230987_600_800_mask.png,Tab.    12:      Observando   os
43,5,87,10,87,684,174,694,87,684,174,684,174,694,87,694,sub_line_text,table_legend,table_0,arial,bolditalic,8,pai_3cols_20211228_152916_9859230987_600_800.png,/scratch/parceirosbr/bigoilict/share/BigOil/document_generator/datasets/documents_2021_12_28/pai_3cols_20211228_152916_9859230987_600_800.png,pai_3cols_20211228_152916_9859230987_600_800_mask.png,mapas integrados da ár
54,13,108,26,87,668,195,694,87,668,195,668,195,694,87,694,text,table_legend,table_0,arial,bolditalic,8,pai_3cols_20211228_152916_9859230987_600_800.png,/scratch/parceirosbr/bigoilict/share/BigOil/document_generator/datasets/documents_2021_12_28/pai_3cols_20211228_152916_9859230987_600_800.png,pai_3cols_20211228_152916_9859230987_600_800_mask.png,nan
56,5,113,11,93,704,206,715,93,704,206,704,206,715,93,715,sub_line_text,text,text_1,arial,regular,9,pai_3cols_20211228_152916_9859230987_600_800.png,/scratch/parceirosbr/bigoilict/share/BigOil/document_generator/datasets/documents_2021_12_28/pai_3cols_20211228_152916_9859230987_600_800.png,pai_3cols_20211228_152916_9859230987_600_800_mask.png,"No caso de administrador,."
56,5,113,11,93,704,206,715,93,704,206,704,206,715,93,715,text,text,text_1,arial,regular,9,pai_3cols_20211228_152916_9859230987_600_800.png,/scratch/parceirosbr/bigoilict/share/BigOil/document_generator/datasets/documents_2021_12_28/pai_3cols_20211228_152916_9859230987_600_800.png,pai_3cols_20211228_152916_9859230987_600_800_mask.png,nan
48,9,96,18,245,104,341,122,245,104,341,104,341,122,245,122,sub_line_text,title,title_1,arial,bolditalic,16,pai_3cols_20211228_152916_9859230987_600_800.png,/scratch/parceirosbr/bigoilict/share/BigOil/document_generator/datasets/documents_2021_12_28/pai_3cols_20211228_152916_9859230987_600_800.png,pai_3cols_20211228_152916_9859230987_600_800_mask.png,Proálcool be
44,9,89,18,245,133,334,151,245,133,334,133,334,151,245,151,sub_line_text,title,title_1,arial,bolditalic,16,pai_3cols_20211228_152916_9859230987_600_800.png,/scratch/parceirosbr/bigoilict/share/BigOil/document_generator/datasets/documents_2021_12_28/pai_3cols_20211228_152916_9859230987_600_800.png,pai_3cols_20211228_152916_9859230987_600_800_mask.png,divided into
48,23,96,47,245,104,341,151,245,104,341,104,341,151,245,151,title,title,title_1,arial,bolditalic,16,pai_3cols_20211228_152916_9859230987_600_800.png,/scratch/parceirosbr/bigoilict/share/BigOil/document_generator/datasets/documents_2021_12_28/pai_3cols_20211228_152916_9859230987_600_800.png,pai_3cols_20211228_152916_9859230987_600_800_mask.png,nan
70,41,141,83,245,163,386,246,245,163,386,163,386,246,245,246,image,figure_image,figure_1,,,,pai_3cols_20211228_152916_9859230987_600_800.png,/scratch/parceirosbr/bigoilict/share/BigOil/document_generator/datasets/documents_2021_12_28/pai_3cols_20211228_152916_9859230987_600_800.png,pai_3cols_20211228_152916_9859230987_600_800_mask.png,output/gen_img_20211228_152918_4965170671.png
5,2,10,5,272,226,282,231,272,228,282,226,282,228,273,231,text,figure_text,figure_1,,,,pai_3cols_20211228_152916_9859230987_600_800.png,/scratch/parceirosbr/bigoilict/share/BigOil/document_generator/datasets/documents_2021_12_28/pai_3cols_20211228_152916_9859230987_600_800.png,pai_3cols_20211228_152916_9859230987_600_800_mask.png,-7603
5,2,10,5,272,226,282,231,272,228,282,226,282,228,273,231,sub_line_text,figure_text,figure_1,,,,pai_3cols_20211228_152916_9859230987_600_800.png,/scratch/parceirosbr/bigoilict/share/BigOil/document_generator/datasets/documents_2021_12_28/pai_3cols_20211228_152916_9859230987_600_800.png,pai_3cols_20211228_152916_9859230987_600_800_mask.png,-7603
8,0,17,1,255,173,272,174,255,172,272,173,272,176,255,174,text,figure_text,figure_1,,,,pai_3cols_20211228_152916_9859230987_600_800.png,/scratch/parceirosbr/bigoilict/share/BigOil/document_generator/datasets/documents_2021_12_28/pai_3cols_20211228_152916_9859230987_600_800.png,pai_3cols_20211228_152916_9859230987_600_800_mask.png,-4365.910
8,0,17,1,255,173,272,174,255,172,272,173,272,176,255,174,sub_line_text,figure_text,figure_1,,,,pai_3cols_20211228_152916_9859230987_600_800.png,/scratch/parceirosbr/bigoilict/share/BigOil/document_generator/datasets/documents_2021_12_28/pai_3cols_20211228_152916_9859230987_600_800.png,pai_3cols_20211228_152916_9859230987_600_800_mask.png,-4365.910
7,0,15,1,263,188,278,189,263,186,278,188,278,191,262,189,text,figure_text,figure_1,,,,pai_3cols_20211228_152916_9859230987_600_800.png,/scratch/parceirosbr/bigoilict/share/BigOil/document_generator/datasets/documents_2021_12_28/pai_3cols_20211228_152916_9859230987_600_800.png,pai_3cols_20211228_152916_9859230987_600_800_mask.png,Particle
7,0,15,1,263,188,278,189,263,186,278,188,278,191,262,189,sub_line_text,figure_text,figure_1,,,,pai_3cols_20211228_152916_9859230987_600_800.png,/scratch/parceirosbr/bigoilict/share/BigOil/document_generator/datasets/documents_2021_12_28/pai_3cols_20211228_152916_9859230987_600_800.png,pai_3cols_20211228_152916_9859230987_600_800_mask.png,Particle
8,3,16,6,262,231,278,237,262,235,277,231,278,234,263,237,text,figure_text,figure_1,,,,pai_3cols_20211228_152916_9859230987_600_800.png,/scratch/parceirosbr/bigoilict/share/BigOil/document_generator/datasets/documents_2021_12_28/pai_3cols_20211228_152916_9859230987_600_800.png,pai_3cols_20211228_152916_9859230987_600_800_mask.png,-3512.61
8,3,16,6,262,231,278,237,262,235,277,231,278,234,263,237,sub_line_text,figure_text,figure_1,,,,pai_3cols_20211228_152916_9859230987_600_800.png,/scratch/parceirosbr/bigoilict/share/BigOil/document_generator/datasets/documents_2021_12_28/pai_3cols_20211228_152916_9859230987_600_800.png,pai_3cols_20211228_152916_9859230987_600_800_mask.png,-3512.61
14,-3,28,-7,317,204,345,197,317,193,347,204,345,207,316,197,text,figure_text,figure_1,,,,pai_3cols_20211228_152916_9859230987_600_800.png,/scratch/parceirosbr/bigoilict/share/BigOil/document_generator/datasets/documents_2021_12_28/pai_3cols_20211228_152916_9859230987_600_800.png,pai_3cols_20211228_152916_9859230987_600_800_mask.png,Consumption (TB)
14,-3,28,-7,317,204,345,197,317,193,347,204,345,207,316,197,sub_line_text,figure_text,figure_1,,,,pai_3cols_20211228_152916_9859230987_600_800.png,/scratch/parceirosbr/bigoilict/share/BigOil/document_generator/datasets/documents_2021_12_28/pai_3cols_20211228_152916_9859230987_600_800.png,pai_3cols_20211228_152916_9859230987_600_800_mask.png,Consumption (TB)
9,0,18,-1,258,200,276,199,258,196,277,200,276,203,257,199,text,figure_text,figure_1,,,,pai_3cols_20211228_152916_9859230987_600_800.png,/scratch/parceirosbr/bigoilict/share/BigOil/document_generator/datasets/documents_2021_12_28/pai_3cols_20211228_152916_9859230987_600_800.png,pai_3cols_20211228_152916_9859230987_600_800_mask.png,Proportion
9,0,18,-1,258,200,276,199,258,196,277,200,276,203,257,199,sub_line_text,figure_text,figure_1,,,,pai_3cols_20211228_152916_9859230987_600_800.png,/scratch/parceirosbr/bigoilict/share/BigOil/document_generator/datasets/documents_2021_12_28/pai_3cols_20211228_152916_9859230987_600_800.png,pai_3cols_20211228_152916_9859230987_600_800_mask.png,Proportion
8,3,16,7,358,164,374,171,358,168,373,164,374,167,359,171,text,figure_text,figure_1,,,,pai_3cols_20211228_152916_9859230987_600_800.png,/scratch/parceirosbr/bigoilict/share/BigOil/document_generator/datasets/documents_2021_12_28/pai_3cols_20211228_152916_9859230987_600_800.png,pai_3cols_20211228_152916_9859230987_600_800_mask.png,Movement
8,3,16,7,358,164,374,171,358,168,373,164,374,167,359,171,sub_line_text,figure_text,figure_1,,,,pai_3cols_20211228_152916_9859230987_600_800.png,/scratch/parceirosbr/bigoilict/share/BigOil/document_generator/datasets/documents_2021_12_28/pai_3cols_20211228_152916_9859230987_600_800.png,pai_3cols_20211228_152916_9859230987_600_800_mask.png,Movement
5,0,11,1,356,216,367,217,356,214,367,216,367,219,355,217,text,figure_text,figure_1,,,,pai_3cols_20211228_152916_9859230987_600_800.png,/scratch/parceirosbr/bigoilict/share/BigOil/document_generator/datasets/documents_2021_12_28/pai_3cols_20211228_152916_9859230987_600_800.png,pai_3cols_20211228_152916_9859230987_600_800_mask.png,467.2%
5,0,11,1,356,216,367,217,356,214,367,216,367,219,355,217,sub_line_text,figure_text,figure_1,,,,pai_3cols_20211228_152916_9859230987_600_800.png,/scratch/parceirosbr/bigoilict/share/BigOil/document_generator/datasets/documents_2021_12_28/pai_3cols_20211228_152916_9859230987_600_800.png,pai_3cols_20211228_152916_9859230987_600_800_mask.png,467.2%
8,2,16,5,353,193,369,198,353,195,369,193,369,196,354,198,text,figure_text,figure_1,,,,pai_3cols_20211228_152916_9859230987_600_800.png,/scratch/parceirosbr/bigoilict/share/BigOil/document_generator/datasets/documents_2021_12_28/pai_3cols_20211228_152916_9859230987_600_800.png,pai_3cols_20211228_152916_9859230987_600_800_mask.png,-2275.46
8,2,16,5,353,193,369,198,353,195,369,193,369,196,354,198,sub_line_text,figure_text,figure_1,,,,pai_3cols_20211228_152916_9859230987_600_800.png,/scratch/parceirosbr/bigoilict/share/BigOil/document_generator/datasets/documents_2021_12_28/pai_3cols_20211228_152916_9859230987_600_800.png,pai_3cols_20211228_152916_9859230987_600_800_mask.png,-2275.46
10,1,20,3,251,239,271,242,251,239,271,239,271,242,251,242,text,figure_text,figure_1,,,,pai_3cols_20211228_152916_9859230987_600_800.png,/scratch/parceirosbr/bigoilict/share/BigOil/document_generator/datasets/documents_2021_12_28/pai_3cols_20211228_152916_9859230987_600_800.png,pai_3cols_20211228_152916_9859230987_600_800_mask.png,Conversion
10,1,20,3,251,239,271,242,251,239,271,239,271,242,251,242,sub_line_text,figure_text,figure_1,,,,pai_3cols_20211228_152916_9859230987_600_800.png,/scratch/parceirosbr/bigoilict/share/BigOil/document_generator/datasets/documents_2021_12_28/pai_3cols_20211228_152916_9859230987_600_800.png,pai_3cols_20211228_152916_9859230987_600_800_mask.png,Conversion
5,2,11,5,361,201,372,206,361,204,372,201,372,204,361,206,text,figure_text,figure_1,,,,pai_3cols_20211228_152916_9859230987_600_800.png,/scratch/parceirosbr/bigoilict/share/BigOil/document_generator/datasets/documents_2021_12_28/pai_3cols_20211228_152916_9859230987_600_800.png,pai_3cols_20211228_152916_9859230987_600_800_mask.png,Detour
5,2,11,5,361,201,372,206,361,204,372,201,372,204,361,206,sub_line_text,figure_text,figure_1,,,,pai_3cols_20211228_152916_9859230987_600_800.png,/scratch/parceirosbr/bigoilict/share/BigOil/document_generator/datasets/documents_2021_12_28/pai_3cols_20211228_152916_9859230987_600_800.png,pai_3cols_20211228_152916_9859230987_600_800_mask.png,Detour
8,4,17,8,356,225,373,233,356,230,372,225,373,228,356,233,text,figure_text,figure_1,,,,pai_3cols_20211228_152916_9859230987_600_800.png,/scratch/parceirosbr/bigoilict/share/BigOil/document_generator/datasets/documents_2021_12_28/pai_3cols_20211228_152916_9859230987_600_800.png,pai_3cols_20211228_152916_9859230987_600_800_mask.png,Data (KB)
8,4,17,8,356,225,373,233,356,230,372,225,373,228,356,233,sub_line_text,figure_text,figure_1,,,,pai_3cols_20211228_152916_9859230987_600_800.png,/scratch/parceirosbr/bigoilict/share/BigOil/document_generator/datasets/documents_2021_12_28/pai_3cols_20211228_152916_9859230987_600_800.png,pai_3cols_20211228_152916_9859230987_600_800_mask.png,Data (KB)
9,0,18,-1,315,184,333,183,315,180,334,184,333,187,314,183,text,figure_text,figure_1,,,,pai_3cols_20211228_152916_9859230987_600_800.png,/scratch/parceirosbr/bigoilict/share/BigOil/document_generator/datasets/documents_2021_12_28/pai_3cols_20211228_152916_9859230987_600_800.png,pai_3cols_20211228_152916_9859230987_600_800_mask.png,Female [M]
9,0,18,-1,315,184,333,183,315,180,334,184,333,187,314,183,sub_line_text,figure_text,figure_1,,,,pai_3cols_20211228_152916_9859230987_600_800.png,/scratch/parceirosbr/bigoilict/share/BigOil/document_generator/datasets/documents_2021_12_28/pai_3cols_20211228_152916_9859230987_600_800.png,pai_3cols_20211228_152916_9859230987_600_800_mask.png,Female [M]
8,0,16,-1,288,236,304,235,288,232,305,236,304,238,287,235,text,figure_text,figure_1,,,,pai_3cols_20211228_152916_9859230987_600_800.png,/scratch/parceirosbr/bigoilict/share/BigOil/document_generator/datasets/documents_2021_12_28/pai_3cols_20211228_152916_9859230987_600_800.png,pai_3cols_20211228_152916_9859230987_600_800_mask.png,-3025.21%
8,0,16,-1,288,236,304,235,288,232,305,236,304,238,287,235,sub_line_text,figure_text,figure_1,,,,pai_3cols_20211228_152916_9859230987_600_800.png,/scratch/parceirosbr/bigoilict/share/BigOil/document_generator/datasets/documents_2021_12_28/pai_3cols_20211228_152916_9859230987_600_800.png,pai_3cols_20211228_152916_9859230987_600_800_mask.png,-3025.21%
10,0,21,1,332,236,353,237,332,234,354,236,353,239,332,237,text,figure_text,figure_1,,,,pai_3cols_20211228_152916_9859230987_600_800.png,/scratch/parceirosbr/bigoilict/share/BigOil/document_generator/datasets/documents_2021_12_28/pai_3cols_20211228_152916_9859230987_600_800.png,pai_3cols_20211228_152916_9859230987_600_800_mask.png,Quality[KB]
10,0,21,1,332,236,353,237,332,234,354,236,353,239,332,237,sub_line_text,figure_text,figure_1,,,,pai_3cols_20211228_152916_9859230987_600_800.png,/scratch/parceirosbr/bigoilict/share/BigOil/document_generator/datasets/documents_2021_12_28/pai_3cols_20211228_152916_9859230987_600_800.png,pai_3cols_20211228_152916_9859230987_600_800_mask.png,Quality[KB]
9,3,18,7,353,181,371,188,353,186,370,181,371,184,354,188,text,figure_text,figure_1,,,,pai_3cols_20211228_152916_9859230987_600_800.png,/scratch/parceirosbr/bigoilict/share/BigOil/document_generator/datasets/documents_2021_12_28/pai_3cols_20211228_152916_9859230987_600_800.png,pai_3cols_20211228_152916_9859230987_600_800_mask.png,-1444.40%
9,3,18,7,353,181,371,188,353,186,370,181,371,184,354,188,sub_line_text,figure_text,figure_1,,,,pai_3cols_20211228_152916_9859230987_600_800.png,/scratch/parceirosbr/bigoilict/share/BigOil/document_generator/datasets/documents_2021_12_28/pai_3cols_20211228_152916_9859230987_600_800.png,pai_3cols_20211228_152916_9859230987_600_800_mask.png,-1444.40%
59,5,119,10,260,251,379,261,260,251,379,251,379,261,260,261,sub_line_text,figure_legend,figure_1,arial,bolditalic,8,pai_3cols_20211228_152916_9859230987_600_800.png,/scratch/parceirosbr/bigoilict/share/BigOil/document_generator/datasets/documents_2021_12_28/pai_3cols_20211228_152916_9859230987_600_800.png,pai_3cols_20211228_152916_9859230987_600_800_mask.png,Figure   108:      The   report  also
59,5,119,10,260,267,379,277,260,267,379,267,379,277,260,277,sub_line_text,figure_legend,figure_1,arial,bolditalic,8,pai_3cols_20211228_152916_9859230987_600_800.png,/scratch/parceirosbr/bigoilict/share/BigOil/document_generator/datasets/documents_2021_12_28/pai_3cols_20211228_152916_9859230987_600_800.png,pai_3cols_20211228_152916_9859230987_600_800_mask.png,"highlights    that,    following    l-"
59,5,119,10,260,283,379,293,260,283,379,283,379,293,260,293,sub_line_text,figure_legend,figure_1,arial,bolditalic,8,pai_3cols_20211228_152916_9859230987_600_800.png,/scratch/parceirosbr/bigoilict/share/BigOil/document_generator/datasets/documents_2021_12_28/pai_3cols_20211228_152916_9859230987_600_800.png,pai_3cols_20211228_152916_9859230987_600_800_mask.png,"ow     rainfall,     water     withdra-"
60,5,120,10,260,299,380,309,260,299,380,299,380,309,260,309,sub_line_text,figure_legend,figure_1,arial,bolditalic,8,pai_3cols_20211228_152916_9859230987_600_800.png,/scratch/parceirosbr/bigoilict/share/BigOil/document_generator/datasets/documents_2021_12_28/pai_3cols_20211228_152916_9859230987_600_800.png,pai_3cols_20211228_152916_9859230987_600_800_mask.png,wal     permits     for    shale    gas
48,5,96,10,260,315,356,325,260,315,356,315,356,325,260,325,sub_line_text,figure_legend,figure_1,arial,bolditalic,8,pai_3cols_20211228_152916_9859230987_600_800.png,/scratch/parceirosbr/bigoilict/share/BigOil/document_generator/datasets/documents_2021_12_28/pai_3cols_20211228_152916_9859230987_600_800.png,pai_3cols_20211228_152916_9859230987_600_800_mask.png,well development in the in
60,37,120,74,260,251,380,325,260,251,380,251,380,325,260,325,text,figure_legend,figure_1,arial,bolditalic,8,pai_3cols_20211228_152916_9859230987_600_800.png,/scratch/parceirosbr/bigoilict/share/BigOil/document_generator/datasets/documents_2021_12_28/pai_3cols_20211228_152916_9859230987_600_800.png,pai_3cols_20211228_152916_9859230987_600_800_mask.png,nan
70,98,141,197,245,335,386,532,245,335,386,335,386,532,245,532,image,figure_image,figure_2,,,,pai_3cols_20211228_152916_9859230987_600_800.png,/scratch/parceirosbr/bigoilict/share/BigOil/document_generator/datasets/documents_2021_12_28/pai_3cols_20211228_152916_9859230987_600_800.png,pai_3cols_20211228_152916_9859230987_600_800_mask.png,output/gen_img_20211228_152919_9312637346.png
11,2,22,5,296,414,318,419,296,414,318,414,318,419,296,419,text,figure_text,figure_2,,,,pai_3cols_20211228_152916_9859230987_600_800.png,/scratch/parceirosbr/bigoilict/share/BigOil/document_generator/datasets/documents_2021_12_28/pai_3cols_20211228_152916_9859230987_600_800.png,pai_3cols_20211228_152916_9859230987_600_800_mask.png,-7447.19
11,2,22,5,296,414,318,419,296,414,318,414,318,419,296,419,sub_line_text,figure_text,figure_2,,,,pai_3cols_20211228_152916_9859230987_600_800.png,/scratch/parceirosbr/bigoilict/share/BigOil/document_generator/datasets/documents_2021_12_28/pai_3cols_20211228_152916_9859230987_600_800.png,pai_3cols_20211228_152916_9859230987_600_800_mask.png,-7447.19
6,1,13,3,276,380,289,383,276,378,289,380,289,385,275,383,text,figure_text,figure_2,,,,pai_3cols_20211228_152916_9859230987_600_800.png,/scratch/parceirosbr/bigoilict/share/BigOil/document_generator/datasets/documents_2021_12_28/pai_3cols_20211228_152916_9859230987_600_800.png,pai_3cols_20211228_152916_9859230987_600_800_mask.png,Texts
6,1,13,3,276,380,289,383,276,378,289,380,289,385,275,383,sub_line_text,figure_text,figure_2,,,,pai_3cols_20211228_152916_9859230987_600_800.png,/scratch/parceirosbr/bigoilict/share/BigOil/document_generator/datasets/documents_2021_12_28/pai_3cols_20211228_152916_9859230987_600_800.png,pai_3cols_20211228_152916_9859230987_600_800_mask.png,Texts
9,5,19,10,354,435,373,445,354,440,372,435,373,440,355,445,text,figure_text,figure_2,,,,pai_3cols_20211228_152916_9859230987_600_800.png,/scratch/parceirosbr/bigoilict/share/BigOil/document_generator/datasets/documents_2021_12_28/pai_3cols_20211228_152916_9859230987_600_800.png,pai_3cols_20211228_152916_9859230987_600_800_mask.png,-6172.0
9,5,19,10,354,435,373,445,354,440,372,435,373,440,355,445,sub_line_text,figure_text,figure_2,,,,pai_3cols_20211228_152916_9859230987_600_800.png,/scratch/parceirosbr/bigoilict/share/BigOil/document_generator/datasets/documents_2021_12_28/pai_3cols_20211228_152916_9859230987_600_800.png,pai_3cols_20211228_152916_9859230987_600_800_mask.png,-6172.0
13,6,27,12,357,415,384,427,357,423,382,415,384,420,358,427,text,figure_text,figure_2,,,,pai_3cols_20211228_152916_9859230987_600_800.png,/scratch/parceirosbr/bigoilict/share/BigOil/document_generator/datasets/documents_2021_12_28/pai_3cols_20211228_152916_9859230987_600_800.png,pai_3cols_20211228_152916_9859230987_600_800_mask.png,-9610.63%
13,6,27,12,357,415,384,427,357,423,382,415,384,420,358,427,sub_line_text,figure_text,figure_2,,,,pai_3cols_20211228_152916_9859230987_600_800.png,/scratch/parceirosbr/bigoilict/share/BigOil/document_generator/datasets/documents_2021_12_28/pai_3cols_20211228_152916_9859230987_600_800.png,pai_3cols_20211228_152916_9859230987_600_800_mask.png,-9610.63%
22,4,45,9,281,427,326,436,281,430,325,427,326,433,282,436,text,figure_text,figure_2,,,,pai_3cols_20211228_152916_9859230987_600_800.png,/scratch/parceirosbr/bigoilict/share/BigOil/document_generator/datasets/documents_2021_12_28/pai_3cols_20211228_152916_9859230987_600_800.png,pai_3cols_20211228_152916_9859230987_600_800_mask.png,Consumption [KB]
22,4,45,9,281,427,326,436,281,430,325,427,326,433,282,436,sub_line_text,figure_text,figure_2,,,,pai_3cols_20211228_152916_9859230987_600_800.png,/scratch/parceirosbr/bigoilict/share/BigOil/document_generator/datasets/documents_2021_12_28/pai_3cols_20211228_152916_9859230987_600_800.png,pai_3cols_20211228_152916_9859230987_600_800_mask.png,Consumption [KB]
10,0,21,1,290,368,311,369,290,363,312,368,311,374,288,369,text,figure_text,figure_2,,,,pai_3cols_20211228_152916_9859230987_600_800.png,/scratch/parceirosbr/bigoilict/share/BigOil/document_generator/datasets/documents_2021_12_28/pai_3cols_20211228_152916_9859230987_600_800.png,pai_3cols_20211228_152916_9859230987_600_800_mask.png,Data [TB]
10,0,21,1,290,368,311,369,290,363,312,368,311,374,288,369,sub_line_text,figure_text,figure_2,,,,pai_3cols_20211228_152916_9859230987_600_800.png,/scratch/parceirosbr/bigoilict/share/BigOil/document_generator/datasets/documents_2021_12_28/pai_3cols_20211228_152916_9859230987_600_800.png,pai_3cols_20211228_152916_9859230987_600_800_mask.png,Data [TB]
18,-2,37,-4,251,355,288,351,251,345,289,355,288,361,250,351,text,figure_text,figure_2,,,,pai_3cols_20211228_152916_9859230987_600_800.png,/scratch/parceirosbr/bigoilict/share/BigOil/document_generator/datasets/documents_2021_12_28/pai_3cols_20211228_152916_9859230987_600_800.png,pai_3cols_20211228_152916_9859230987_600_800_mask.png,Processing [GB]
18,-2,37,-4,251,355,288,351,251,345,289,355,288,361,250,351,sub_line_text,figure_text,figure_2,,,,pai_3cols_20211228_152916_9859230987_600_800.png,/scratch/parceirosbr/bigoilict/share/BigOil/document_generator/datasets/documents_2021_12_28/pai_3cols_20211228_152916_9859230987_600_800.png,pai_3cols_20211228_152916_9859230987_600_800_mask.png,Processing [GB]
12,4,25,8,349,370,374,378,349,373,373,370,374,375,349,378,text,figure_text,figure_2,,,,pai_3cols_20211228_152916_9859230987_600_800.png,/scratch/parceirosbr/bigoilict/share/BigOil/document_generator/datasets/documents_2021_12_28/pai_3cols_20211228_152916_9859230987_600_800.png,pai_3cols_20211228_152916_9859230987_600_800_mask.png,-6196.526
12,4,25,8,349,370,374,378,349,373,373,370,374,375,349,378,sub_line_text,figure_text,figure_2,,,,pai_3cols_20211228_152916_9859230987_600_800.png,/scratch/parceirosbr/bigoilict/share/BigOil/document_generator/datasets/documents_2021_12_28/pai_3cols_20211228_152916_9859230987_600_800.png,pai_3cols_20211228_152916_9859230987_600_800_mask.png,-6196.526
8,0,16,1,252,444,268,445,252,440,270,444,268,449,250,445,text,figure_text,figure_2,,,,pai_3cols_20211228_152916_9859230987_600_800.png,/scratch/parceirosbr/bigoilict/share/BigOil/document_generator/datasets/documents_2021_12_28/pai_3cols_20211228_152916_9859230987_600_800.png,pai_3cols_20211228_152916_9859230987_600_800_mask.png,-5559.4
8,0,16,1,252,444,268,445,252,440,270,444,268,449,250,445,sub_line_text,figure_text,figure_2,,,,pai_3cols_20211228_152916_9859230987_600_800.png,/scratch/parceirosbr/bigoilict/share/BigOil/document_generator/datasets/documents_2021_12_28/pai_3cols_20211228_152916_9859230987_600_800.png,pai_3cols_20211228_152916_9859230987_600_800_mask.png,-5559.4
11,1,22,2,341,475,363,477,341,472,364,475,363,481,340,477,text,figure_text,figure_2,,,,pai_3cols_20211228_152916_9859230987_600_800.png,/scratch/parceirosbr/bigoilict/share/BigOil/document_generator/datasets/documents_2021_12_28/pai_3cols_20211228_152916_9859230987_600_800.png,pai_3cols_20211228_152916_9859230987_600_800_mask.png,-8021.7%
11,1,22,2,341,475,363,477,341,472,364,475,363,481,340,477,sub_line_text,figure_text,figure_2,,,,pai_3cols_20211228_152916_9859230987_600_800.png,/scratch/parceirosbr/bigoilict/share/BigOil/document_generator/datasets/documents_2021_12_28/pai_3cols_20211228_152916_9859230987_600_800.png,pai_3cols_20211228_152916_9859230987_600_800_mask.png,-8021.7%
16,7,32,14,316,503,348,517,316,511,346,503,348,509,317,517,text,figure_text,figure_2,,,,pai_3cols_20211228_152916_9859230987_600_800.png,/scratch/parceirosbr/bigoilict/share/BigOil/document_generator/datasets/documents_2021_12_28/pai_3cols_20211228_152916_9859230987_600_800.png,pai_3cols_20211228_152916_9859230987_600_800_mask.png,Experimental
16,7,32,14,316,503,348,517,316,511,346,503,348,509,317,517,sub_line_text,figure_text,figure_2,,,,pai_3cols_20211228_152916_9859230987_600_800.png,/scratch/parceirosbr/bigoilict/share/BigOil/document_generator/datasets/documents_2021_12_28/pai_3cols_20211228_152916_9859230987_600_800.png,pai_3cols_20211228_152916_9859230987_600_800_mask.png,Experimental
12,1,24,3,354,490,378,493,354,488,379,490,378,495,354,493,text,figure_text,figure_2,,,,pai_3cols_20211228_152916_9859230987_600_800.png,/scratch/parceirosbr/bigoilict/share/BigOil/document_generator/datasets/documents_2021_12_28/pai_3cols_20211228_152916_9859230987_600_800.png,pai_3cols_20211228_152916_9859230987_600_800_mask.png,-3955.921
12,1,24,3,354,490,378,493,354,488,379,490,378,495,354,493,sub_line_text,figure_text,figure_2,,,,pai_3cols_20211228_152916_9859230987_600_800.png,/scratch/parceirosbr/bigoilict/share/BigOil/document_generator/datasets/documents_2021_12_28/pai_3cols_20211228_152916_9859230987_600_800.png,pai_3cols_20211228_152916_9859230987_600_800_mask.png,-3955.921
56,5,113,10,260,537,373,547,260,537,373,537,373,547,260,547,sub_line_text,figure_legend,figure_2,arial,bolditalic,8,pai_3cols_20211228_152916_9859230987_600_800.png,/scratch/parceirosbr/bigoilict/share/BigOil/document_generator/datasets/documents_2021_12_28/pai_3cols_20211228_152916_9859230987_600_800.png,pai_3cols_20211228_152916_9859230987_600_800_mask.png,"Fig.   23:     Segundo  et.  al,  as"
44,5,89,10,260,553,349,563,260,553,349,553,349,563,260,563,sub_line_text,figure_legend,figure_2,arial,bolditalic,8,pai_3cols_20211228_152916_9859230987_600_800.png,/scratch/parceirosbr/bigoilict/share/BigOil/document_generator/datasets/documents_2021_12_28/pai_3cols_20211228_152916_9859230987_600_800.png,pai_3cols_20211228_152916_9859230987_600_800_mask.png,definições do objetivo e
56,13,113,26,260,537,373,563,260,537,373,537,373,563,260,563,text,figure_legend,figure_2,arial,bolditalic,8,pai_3cols_20211228_152916_9859230987_600_800.png,/scratch/parceirosbr/bigoilict/share/BigOil/document_generator/datasets/documents_2021_12_28/pai_3cols_20211228_152916_9859230987_600_800.png,pai_3cols_20211228_152916_9859230987_600_800_mask.png,nan
57,5,115,11,266,573,381,584,266,573,381,573,381,584,266,584,sub_line_text,text,text_2,arial,regular,9,pai_3cols_20211228_152916_9859230987_600_800.png,/scratch/parceirosbr/bigoilict/share/BigOil/document_generator/datasets/documents_2021_12_28/pai_3cols_20211228_152916_9859230987_600_800.png,pai_3cols_20211228_152916_9859230987_600_800_mask.png,The  increase in temperatu-
69,5,138,11,245,591,383,602,245,591,383,591,383,602,245,602,sub_line_text,text,text_2,arial,regular,9,pai_3cols_20211228_152916_9859230987_600_800.png,/scratch/parceirosbr/bigoilict/share/BigOil/document_generator/datasets/documents_2021_12_28/pai_3cols_20211228_152916_9859230987_600_800.png,pai_3cols_20211228_152916_9859230987_600_800_mask.png,"re,  on  the  other hand, decreas-"
69,5,138,11,245,609,383,620,245,609,383,609,383,620,245,620,sub_line_text,text,text_2,arial,regular,9,pai_3cols_20211228_152916_9859230987_600_800.png,/scratch/parceirosbr/bigoilict/share/BigOil/document_generator/datasets/documents_2021_12_28/pai_3cols_20211228_152916_9859230987_600_800.png,pai_3cols_20211228_152916_9859230987_600_800_mask.png,"ed  the maximum tension, the el-"
68,5,137,11,245,627,382,638,245,627,382,627,382,638,245,638,sub_line_text,text,text_2,arial,regular,9,pai_3cols_20211228_152916_9859230987_600_800.png,/scratch/parceirosbr/bigoilict/share/BigOil/document_generator/datasets/documents_2021_12_28/pai_3cols_20211228_152916_9859230987_600_800.png,pai_3cols_20211228_152916_9859230987_600_800_mask.png,asticity  module and the final str-
68,5,136,11,245,645,381,656,245,645,381,645,381,656,245,656,sub_line_text,text,text_2,arial,regular,9,pai_3cols_20211228_152916_9859230987_600_800.png,/scratch/parceirosbr/bigoilict/share/BigOil/document_generator/datasets/documents_2021_12_28/pai_3cols_20211228_152916_9859230987_600_800.png,pai_3cols_20211228_152916_9859230987_600_800_mask.png,esses  after  relaxation. In some
66,5,133,11,245,663,378,674,245,663,378,663,378,674,245,674,sub_line_text,text,text_2,arial,regular,9,pai_3cols_20211228_152916_9859230987_600_800.png,/scratch/parceirosbr/bigoilict/share/BigOil/document_generator/datasets/documents_2021_12_28/pai_3cols_20211228_152916_9859230987_600_800.png,pai_3cols_20211228_152916_9859230987_600_800_mask.png,"slides, evidence of de-microcrit."
69,50,138,101,245,573,383,674,245,573,383,573,383,674,245,674,text,text,text_2,arial,regular,9,pai_3cols_20211228_152916_9859230987_600_800.png,/scratch/parceirosbr/bigoilict/share/BigOil/document_generator/datasets/documents_2021_12_28/pai_3cols_20211228_152916_9859230987_600_800.png,pai_3cols_20211228_152916_9859230987_600_800_mask.png,nan
58,5,117,11,266,684,383,695,266,684,383,684,383,695,266,695,sub_line_text,text,text_3,arial,regular,9,pai_3cols_20211228_152916_9859230987_600_800.png,/scratch/parceirosbr/bigoilict/share/BigOil/document_generator/datasets/documents_2021_12_28/pai_3cols_20211228_152916_9859230987_600_800.png,pai_3cols_20211228_152916_9859230987_600_800_mask.png,The  model  has a database
64,5,128,11,245,702,373,713,245,702,373,702,373,713,245,713,sub_line_text,text,text_3,arial,regular,9,pai_3cols_20211228_152916_9859230987_600_800.png,/scratch/parceirosbr/bigoilict/share/BigOil/document_generator/datasets/documents_2021_12_28/pai_3cols_20211228_152916_9859230987_600_800.png,pai_3cols_20211228_152916_9859230987_600_800_mask.png,with 354 types of oil with their.
69,14,138,29,245,684,383,713,245,684,383,684,383,713,245,713,text,text,text_3,arial,regular,9,pai_3cols_20211228_152916_9859230987_600_800.png,/scratch/parceirosbr/bigoilict/share/BigOil/document_generator/datasets/documents_2021_12_28/pai_3cols_20211228_152916_9859230987_600_800.png,pai_3cols_20211228_152916_9859230987_600_800_mask.png,nan
58,5,117,11,439,104,556,115,439,104,556,104,556,115,439,115,sub_line_text,text,text_4,arial,regular,9,pai_3cols_20211228_152916_9859230987_600_800.png,/scratch/parceirosbr/bigoilict/share/BigOil/document_generator/datasets/documents_2021_12_28/pai_3cols_20211228_152916_9859230987_600_800.png,pai_3cols_20211228_152916_9859230987_600_800_mask.png,It  imposes  the  hypothesis
68,5,136,11,418,122,554,133,418,122,554,122,554,133,418,133,sub_line_text,text,text_4,arial,regular,9,pai_3cols_20211228_152916_9859230987_600_800.png,/scratch/parceirosbr/bigoilict/share/BigOil/document_generator/datasets/documents_2021_12_28/pai_3cols_20211228_152916_9859230987_600_800.png,pai_3cols_20211228_152916_9859230987_600_800_mask.png,of  the  existence  of  a firm that
69,5,138,11,418,140,556,151,418,140,556,140,556,151,418,151,sub_line_text,text,text_4,arial,regular,9,pai_3cols_20211228_152916_9859230987_600_800.png,/scratch/parceirosbr/bigoilict/share/BigOil/document_generator/datasets/documents_2021_12_28/pai_3cols_20211228_152916_9859230987_600_800.png,pai_3cols_20211228_152916_9859230987_600_800_mask.png,"obtained  licit  market power, thr-"
68,5,136,11,418,158,554,169,418,158,554,158,554,169,418,169,sub_line_text,text,text_4,arial,regular,9,pai_3cols_20211228_152916_9859230987_600_800.png,/scratch/parceirosbr/bigoilict/share/BigOil/document_generator/datasets/documents_2021_12_28/pai_3cols_20211228_152916_9859230987_600_800.png,pai_3cols_20211228_152916_9859230987_600_800_mask.png,"ough  competitive  mechanisms,"
68,5,136,11,418,176,554,187,418,176,554,176,554,187,418,187,sub_line_text,text,text_4,arial,regular,9,pai_3cols_20211228_152916_9859230987_600_800.png,/scratch/parceirosbr/bigoilict/share/BigOil/document_generator/datasets/documents_2021_12_28/pai_3cols_20211228_152916_9859230987_600_800.png,pai_3cols_20211228_152916_9859230987_600_800_mask.png,but  produces and markets a co-
69,5,138,11,418,194,556,205,418,194,556,194,556,205,418,205,sub_line_text,text,text_4,arial,regular,9,pai_3cols_20211228_152916_9859230987_600_800.png,/scratch/parceirosbr/bigoilict/share/BigOil/document_generator/datasets/documents_2021_12_28/pai_3cols_20211228_152916_9859230987_600_800.png,pai_3cols_20211228_152916_9859230987_600_800_mask.png,ntinuous  consumption  good wit-
68,5,137,11,418,212,555,223,418,212,555,212,555,223,418,223,sub_line_text,text,text_4,arial,regular,9,pai_3cols_20211228_152916_9859230987_600_800.png,/scratch/parceirosbr/bigoilict/share/BigOil/document_generator/datasets/documents_2021_12_28/pai_3cols_20211228_152916_9859230987_600_800.png,pai_3cols_20211228_152916_9859230987_600_800_mask.png,hout  perfect  substitute in a ma-
66,5,132,11,418,230,550,241,418,230,550,230,550,241,418,241,sub_line_text,text,text_4,arial,regular,9,pai_3cols_20211228_152916_9859230987_600_800.png,/scratch/parceirosbr/bigoilict/share/BigOil/document_generator/datasets/documents_2021_12_28/pai_3cols_20211228_152916_9859230987_600_800.png,pai_3cols_20211228_152916_9859230987_600_800_mask.png,rket segment that has significa.
69,68,138,137,418,104,556,241,418,104,556,104,556,241,418,241,text,text,text_4,arial,regular,9,pai_3cols_20211228_152916_9859230987_600_800.png,/scratch/parceirosbr/bigoilict/share/BigOil/document_generator/datasets/documents_2021_12_28/pai_3cols_20211228_152916_9859230987_600_800.png,pai_3cols_20211228_152916_9859230987_600_800_mask.png,nan
70,41,141,83,418,251,559,334,418,251,559,251,559,334,418,334,list,list,list_1,arial,arial,9,pai_3cols_20211228_152916_9859230987_600_800.png,/scratch/parceirosbr/bigoilict/share/BigOil/document_generator/datasets/documents_2021_12_28/pai_3cols_20211228_152916_9859230987_600_800.png,pai_3cols_20211228_152916_9859230987_600_800_mask.png,
70,5,140,11,418,251,558,262,418,251,558,251,558,262,418,262,sub_line_text,list,list_1,arial,regular,9,pai_3cols_20211228_152916_9859230987_600_800.png,/scratch/parceirosbr/bigoilict/share/BigOil/document_generator/datasets/documents_2021_12_28/pai_3cols_20211228_152916_9859230987_600_800.png,pai_3cols_20211228_152916_9859230987_600_800_mask.png,*  It  is  granted  on  the  basis of
65,5,131,11,428,269,559,280,428,269,559,269,559,280,428,280,sub_line_text,list,list_1,arial,regular,9,pai_3cols_20211228_152916_9859230987_600_800.png,/scratch/parceirosbr/bigoilict/share/BigOil/document_generator/datasets/documents_2021_12_28/pai_3cols_20211228_152916_9859230987_600_800.png,pai_3cols_20211228_152916_9859230987_600_800_mask.png,"17025,       in       requirements"
64,5,129,11,428,287,557,298,428,287,557,287,557,298,428,298,sub_line_text,list,list_1,arial,regular,9,pai_3cols_20211228_152916_9859230987_600_800.png,/scratch/parceirosbr/bigoilict/share/BigOil/document_generator/datasets/documents_2021_12_28/pai_3cols_20211228_152916_9859230987_600_800.png,pai_3cols_20211228_152916_9859230987_600_800_mask.png,established   by   according  to
64,5,129,11,428,305,557,316,428,305,557,305,557,316,428,316,sub_line_text,list,list_1,arial,regular,9,pai_3cols_20211228_152916_9859230987_600_800.png,/scratch/parceirosbr/bigoilict/share/BigOil/document_generator/datasets/documents_2021_12_28/pai_3cols_20211228_152916_9859230987_600_800.png,pai_3cols_20211228_152916_9859230987_600_800_mask.png,guidelines established by.  The
16,5,32,11,428,323,460,334,428,323,460,323,460,334,428,334,sub_line_text,list,list_1,arial,regular,9,pai_3cols_20211228_152916_9859230987_600_800.png,/scratch/parceirosbr/bigoilict/share/BigOil/document_generator/datasets/documents_2021_12_28/pai_3cols_20211228_152916_9859230987_600_800.png,pai_3cols_20211228_152916_9859230987_600_800_mask.png,positive
58,5,116,11,439,344,555,355,439,344,555,344,555,355,439,355,sub_line_text,text,text_5,arial,regular,9,pai_3cols_20211228_152916_9859230987_600_800.png,/scratch/parceirosbr/bigoilict/share/BigOil/document_generator/datasets/documents_2021_12_28/pai_3cols_20211228_152916_9859230987_600_800.png,pai_3cols_20211228_152916_9859230987_600_800_mask.png,Influence  of the welding pr-
68,5,137,11,418,362,555,373,418,362,555,362,555,373,418,373,sub_line_text,text,text_5,arial,regular,9,pai_3cols_20211228_152916_9859230987_600_800.png,/scratch/parceirosbr/bigoilict/share/BigOil/document_generator/datasets/documents_2021_12_28/pai_3cols_20211228_152916_9859230987_600_800.png,pai_3cols_20211228_152916_9859230987_600_800_mask.png,ocess  to the dilution rate of wel-
69,5,138,11,418,380,556,391,418,380,556,380,556,391,418,391,sub_line_text,text,text_5,arial,regular,9,pai_3cols_20211228_152916_9859230987_600_800.png,/scratch/parceirosbr/bigoilict/share/BigOil/document_generator/datasets/documents_2021_12_28/pai_3cols_20211228_152916_9859230987_600_800.png,pai_3cols_20211228_152916_9859230987_600_800_mask.png,d.  Internally  we have rotating e-
68,5,137,11,418,398,555,409,418,398,555,398,555,409,418,409,sub_line_text,text,text_5,arial,regular,9,pai_3cols_20211228_152916_9859230987_600_800.png,/scratch/parceirosbr/bigoilict/share/BigOil/document_generator/datasets/documents_2021_12_28/pai_3cols_20211228_152916_9859230987_600_800.png,pai_3cols_20211228_152916_9859230987_600_800_mask.png,quipment  such as electric moto-
69,5,138,11,418,416,556,427,418,416,556,416,556,427,418,427,sub_line_text,text,text_5,arial,regular,9,pai_3cols_20211228_152916_9859230987_600_800.png,/scratch/parceirosbr/bigoilict/share/BigOil/document_generator/datasets/documents_2021_12_28/pai_3cols_20211228_152916_9859230987_600_800.png,pai_3cols_20211228_152916_9859230987_600_800_mask.png,"rs,  compressors  and alternative"
66,5,133,11,418,434,551,445,418,434,551,434,551,445,418,445,sub_line_text,text,text_5,arial,regular,9,pai_3cols_20211228_152916_9859230987_600_800.png,/scratch/parceirosbr/bigoilict/share/BigOil/document_generator/datasets/documents_2021_12_28/pai_3cols_20211228_152916_9859230987_600_800.png,pai_3cols_20211228_152916_9859230987_600_800_mask.png,"machines, we also have light tr."
69,50,138,101,418,344,556,445,418,344,556,344,556,445,418,445,text,text,text_5,arial,regular,9,pai_3cols_20211228_152916_9859230987_600_800.png,/scratch/parceirosbr/bigoilict/share/BigOil/document_generator/datasets/documents_2021_12_28/pai_3cols_20211228_152916_9859230987_600_800.png,pai_3cols_20211228_152916_9859230987_600_800_mask.png,nan
67,48,134,96,421,455,555,551,421,455,555,455,555,551,421,551,table,table_image,table_0,,,,pai_3cols_20211228_152916_9859230987_600_800.png,/scratch/parceirosbr/bigoilict/share/BigOil/document_generator/datasets/documents_2021_12_28/pai_3cols_20211228_152916_9859230987_600_800.png,pai_3cols_20211228_152916_9859230987_600_800_mask.png,output/gen_tab_20211228_152921_4352593964.png
10,5,21,10,458,457,479,467,458,457,479,457,479,467,458,467,text,table_text,table_0,roboto,regular,9.0,pai_3cols_20211228_152916_9859230987_600_800.png,/scratch/parceirosbr/bigoilict/share/BigOil/document_generator/datasets/documents_2021_12_28/pai_3cols_20211228_152916_9859230987_600_800.png,pai_3cols_20211228_152916_9859230987_600_800_mask.png,tendo
10,5,21,10,458,457,479,467,458,457,479,457,479,467,458,467,sub_line_text,table_text,table_0,roboto,regular,9.0,pai_3cols_20211228_152916_9859230987_600_800.png,/scratch/parceirosbr/bigoilict/share/BigOil/document_generator/datasets/documents_2021_12_28/pai_3cols_20211228_152916_9859230987_600_800.png,pai_3cols_20211228_152916_9859230987_600_800_mask.png,tendo
18,5,36,10,443,471,479,481,443,471,479,471,479,481,443,481,text,table_text,table_0,roboto,bold,9.0,pai_3cols_20211228_152916_9859230987_600_800.png,/scratch/parceirosbr/bigoilict/share/BigOil/document_generator/datasets/documents_2021_12_28/pai_3cols_20211228_152916_9859230987_600_800.png,pai_3cols_20211228_152916_9859230987_600_800_mask.png,92689.48
18,5,36,10,443,471,479,481,443,471,479,471,479,481,443,481,sub_line_text,table_text,table_0,roboto,bold,9.0,pai_3cols_20211228_152916_9859230987_600_800.png,/scratch/parceirosbr/bigoilict/share/BigOil/document_generator/datasets/documents_2021_12_28/pai_3cols_20211228_152916_9859230987_600_800.png,pai_3cols_20211228_152916_9859230987_600_800_mask.png,92689.48
18,5,36,10,443,484,479,494,443,484,479,484,479,494,443,494,text,table_text,table_0,roboto,bold,9.0,pai_3cols_20211228_152916_9859230987_600_800.png,/scratch/parceirosbr/bigoilict/share/BigOil/document_generator/datasets/documents_2021_12_28/pai_3cols_20211228_152916_9859230987_600_800.png,pai_3cols_20211228_152916_9859230987_600_800_mask.png,44896.92
18,5,36,10,443,484,479,494,443,484,479,484,479,494,443,494,sub_line_text,table_text,table_0,roboto,bold,9.0,pai_3cols_20211228_152916_9859230987_600_800.png,/scratch/parceirosbr/bigoilict/share/BigOil/document_generator/datasets/documents_2021_12_28/pai_3cols_20211228_152916_9859230987_600_800.png,pai_3cols_20211228_152916_9859230987_600_800_mask.png,44896.92
18,5,36,10,443,497,479,507,443,497,479,497,479,507,443,507,text,table_text,table_0,roboto,bold,9.0,pai_3cols_20211228_152916_9859230987_600_800.png,/scratch/parceirosbr/bigoilict/share/BigOil/document_generator/datasets/documents_2021_12_28/pai_3cols_20211228_152916_9859230987_600_800.png,pai_3cols_20211228_152916_9859230987_600_800_mask.png,23268.45
18,5,36,10,443,497,479,507,443,497,479,497,479,507,443,507,sub_line_text,table_text,table_0,roboto,bold,9.0,pai_3cols_20211228_152916_9859230987_600_800.png,/scratch/parceirosbr/bigoilict/share/BigOil/document_generator/datasets/documents_2021_12_28/pai_3cols_20211228_152916_9859230987_600_800.png,pai_3cols_20211228_152916_9859230987_600_800_mask.png,23268.45
22,5,45,10,434,511,479,521,434,511,479,511,479,521,434,521,text,table_text,table_0,roboto,bold,9.0,pai_3cols_20211228_152916_9859230987_600_800.png,/scratch/parceirosbr/bigoilict/share/BigOil/document_generator/datasets/documents_2021_12_28/pai_3cols_20211228_152916_9859230987_600_800.png,pai_3cols_20211228_152916_9859230987_600_800_mask.png,1079097.57
22,5,45,10,434,511,479,521,434,511,479,511,479,521,434,521,sub_line_text,table_text,table_0,roboto,bold,9.0,pai_3cols_20211228_152916_9859230987_600_800.png,/scratch/parceirosbr/bigoilict/share/BigOil/document_generator/datasets/documents_2021_12_28/pai_3cols_20211228_152916_9859230987_600_800.png,pai_3cols_20211228_152916_9859230987_600_800_mask.png,1079097.57
18,5,36,10,443,524,479,534,443,524,479,524,479,534,443,534,text,table_text,table_0,roboto,bold,9.0,pai_3cols_20211228_152916_9859230987_600_800.png,/scratch/parceirosbr/bigoilict/share/BigOil/document_generator/datasets/documents_2021_12_28/pai_3cols_20211228_152916_9859230987_600_800.png,pai_3cols_20211228_152916_9859230987_600_800_mask.png,75013.02
18,5,36,10,443,524,479,534,443,524,479,524,479,534,443,534,sub_line_text,table_text,table_0,roboto,bold,9.0,pai_3cols_20211228_152916_9859230987_600_800.png,/scratch/parceirosbr/bigoilict/share/BigOil/document_generator/datasets/documents_2021_12_28/pai_3cols_20211228_152916_9859230987_600_800.png,pai_3cols_20211228_152916_9859230987_600_800_mask.png,75013.02
19,5,39,11,512,537,551,548,512,537,551,537,551,548,512,548,text,table_text,table_0,roboto,italic,9.0,pai_3cols_20211228_152916_9859230987_600_800.png,/scratch/parceirosbr/bigoilict/share/BigOil/document_generator/datasets/documents_2021_12_28/pai_3cols_20211228_152916_9859230987_600_800.png,pai_3cols_20211228_152916_9859230987_600_800_mask.png,270769.59
19,5,39,11,512,537,551,548,512,537,551,537,551,548,512,548,sub_line_text,table_text,table_0,roboto,italic,9.0,pai_3cols_20211228_152916_9859230987_600_800.png,/scratch/parceirosbr/bigoilict/share/BigOil/document_generator/datasets/documents_2021_12_28/pai_3cols_20211228_152916_9859230987_600_800.png,pai_3cols_20211228_152916_9859230987_600_800_mask.png,270769.59
15,5,31,10,520,457,551,467,520,457,551,457,551,467,520,467,text,table_text,table_0,roboto,regular,9.0,pai_3cols_20211228_152916_9859230987_600_800.png,/scratch/parceirosbr/bigoilict/share/BigOil/document_generator/datasets/documents_2021_12_28/pai_3cols_20211228_152916_9859230987_600_800.png,pai_3cols_20211228_152916_9859230987_600_800_mask.png,controle
15,5,31,10,520,457,551,467,520,457,551,457,551,467,520,467,sub_line_text,table_text,table_0,roboto,regular,9.0,pai_3cols_20211228_152916_9859230987_600_800.png,/scratch/parceirosbr/bigoilict/share/BigOil/document_generator/datasets/documents_2021_12_28/pai_3cols_20211228_152916_9859230987_600_800.png,pai_3cols_20211228_152916_9859230987_600_800_mask.png,controle
13,5,26,10,525,471,551,481,525,471,551,471,551,481,525,481,text,table_text,table_0,roboto,bold,9.0,pai_3cols_20211228_152916_9859230987_600_800.png,/scratch/parceirosbr/bigoilict/share/BigOil/document_generator/datasets/documents_2021_12_28/pai_3cols_20211228_152916_9859230987_600_800.png,pai_3cols_20211228_152916_9859230987_600_800_mask.png,6.3128
13,5,26,10,525,471,551,481,525,471,551,471,551,481,525,481,sub_line_text,table_text,table_0,roboto,bold,9.0,pai_3cols_20211228_152916_9859230987_600_800.png,/scratch/parceirosbr/bigoilict/share/BigOil/document_generator/datasets/documents_2021_12_28/pai_3cols_20211228_152916_9859230987_600_800.png,pai_3cols_20211228_152916_9859230987_600_800_mask.png,6.3128
13,5,26,10,525,484,551,494,525,484,551,484,551,494,525,494,text,table_text,table_0,roboto,bold,9.0,pai_3cols_20211228_152916_9859230987_600_800.png,/scratch/parceirosbr/bigoilict/share/BigOil/document_generator/datasets/documents_2021_12_28/pai_3cols_20211228_152916_9859230987_600_800.png,pai_3cols_20211228_152916_9859230987_600_800_mask.png,4.1207
13,5,26,10,525,484,551,494,525,484,551,484,551,494,525,494,sub_line_text,table_text,table_0,roboto,bold,9.0,pai_3cols_20211228_152916_9859230987_600_800.png,/scratch/parceirosbr/bigoilict/share/BigOil/document_generator/datasets/documents_2021_12_28/pai_3cols_20211228_152916_9859230987_600_800.png,pai_3cols_20211228_152916_9859230987_600_800_mask.png,4.1207
13,5,26,10,525,497,551,507,525,497,551,497,551,507,525,507,text,table_text,table_0,roboto,bold,9.0,pai_3cols_20211228_152916_9859230987_600_800.png,/scratch/parceirosbr/bigoilict/share/BigOil/document_generator/datasets/documents_2021_12_28/pai_3cols_20211228_152916_9859230987_600_800.png,pai_3cols_20211228_152916_9859230987_600_800_mask.png,6.5237
13,5,26,10,525,497,551,507,525,497,551,497,551,507,525,507,sub_line_text,table_text,table_0,roboto,bold,9.0,pai_3cols_20211228_152916_9859230987_600_800.png,/scratch/parceirosbr/bigoilict/share/BigOil/document_generator/datasets/documents_2021_12_28/pai_3cols_20211228_152916_9859230987_600_800.png,pai_3cols_20211228_152916_9859230987_600_800_mask.png,6.5237
13,5,26,10,525,511,551,521,525,511,551,511,551,521,525,521,text,table_text,table_0,roboto,bold,9.0,pai_3cols_20211228_152916_9859230987_600_800.png,/scratch/parceirosbr/bigoilict/share/BigOil/document_generator/datasets/documents_2021_12_28/pai_3cols_20211228_152916_9859230987_600_800.png,pai_3cols_20211228_152916_9859230987_600_800_mask.png,3.8604
13,5,26,10,525,511,551,521,525,511,551,511,551,521,525,521,sub_line_text,table_text,table_0,roboto,bold,9.0,pai_3cols_20211228_152916_9859230987_600_800.png,/scratch/parceirosbr/bigoilict/share/BigOil/document_generator/datasets/documents_2021_12_28/pai_3cols_20211228_152916_9859230987_600_800.png,pai_3cols_20211228_152916_9859230987_600_800_mask.png,3.8604
13,5,26,10,525,524,551,534,525,524,551,524,551,534,525,534,text,table_text,table_0,roboto,bold,9.0,pai_3cols_20211228_152916_9859230987_600_800.png,/scratch/parceirosbr/bigoilict/share/BigOil/document_generator/datasets/documents_2021_12_28/pai_3cols_20211228_152916_9859230987_600_800.png,pai_3cols_20211228_152916_9859230987_600_800_mask.png,4.2225
13,5,26,10,525,524,551,534,525,524,551,524,551,534,525,534,sub_line_text,table_text,table_0,roboto,bold,9.0,pai_3cols_20211228_152916_9859230987_600_800.png,/scratch/parceirosbr/bigoilict/share/BigOil/document_generator/datasets/documents_2021_12_28/pai_3cols_20211228_152916_9859230987_600_800.png,pai_3cols_20211228_152916_9859230987_600_800_mask.png,4.2225
55,5,110,10,433,556,543,566,433,556,543,556,543,566,433,566,sub_line_text,table_legend,table_0,arial,bolditalic,8,pai_3cols_20211228_152916_9859230987_600_800.png,/scratch/parceirosbr/bigoilict/share/BigOil/document_generator/datasets/documents_2021_12_28/pai_3cols_20211228_152916_9859230987_600_800.png,pai_3cols_20211228_152916_9859230987_600_800_mask.png,Table    111:      Estabelece   os
55,5,111,10,433,572,544,582,433,572,544,572,544,582,433,582,sub_line_text,table_legend,table_0,arial,bolditalic,8,pai_3cols_20211228_152916_9859230987_600_800.png,/scratch/parceirosbr/bigoilict/share/BigOil/document_generator/datasets/documents_2021_12_28/pai_3cols_20211228_152916_9859230987_600_800.png,pai_3cols_20211228_152916_9859230987_600_800_mask.png,preços     de     referência     do
55,5,110,10,433,588,543,598,433,588,543,588,543,598,433,598,sub_line_text,table_legend,table_0,arial,bolditalic,8,pai_3cols_20211228_152916_9859230987_600_800.png,/scratch/parceirosbr/bigoilict/share/BigOil/document_generator/datasets/documents_2021_12_28/pai_3cols_20211228_152916_9859230987_600_800.png,pai_3cols_20211228_152916_9859230987_600_800_mask.png,gás    natural    produzido   no
55,5,111,10,433,604,544,614,433,604,544,604,544,614,433,614,sub_line_text,table_legend,table_0,arial,bolditalic,8,pai_3cols_20211228_152916_9859230987_600_800.png,/scratch/parceirosbr/bigoilict/share/BigOil/document_generator/datasets/documents_2021_12_28/pai_3cols_20211228_152916_9859230987_600_800.png,pai_3cols_20211228_152916_9859230987_600_800_mask.png,"mês   de   agosto   de  2014,  n-"
43,5,87,10,433,620,520,630,433,620,520,620,520,630,433,630,sub_line_text,table_legend,table_0,arial,bolditalic,8,pai_3cols_20211228_152916_9859230987_600_800.png,/scratch/parceirosbr/bigoilict/share/BigOil/document_generator/datasets/documents_2021_12_28/pai_3cols_20211228_152916_9859230987_600_800.png,pai_3cols_20211228_152916_9859230987_600_800_mask.png,os campos das áreas co
55,37,111,74,433,556,544,630,433,556,544,556,544,630,433,630,text,table_legend,table_0,arial,bolditalic,8,pai_3cols_20211228_152916_9859230987_600_800.png,/scratch/parceirosbr/bigoilict/share/BigOil/document_generator/datasets/documents_2021_12_28/pai_3cols_20211228_152916_9859230987_600_800.png,pai_3cols_20211228_152916_9859230987_600_800_mask.png,nan
68,5,137,11,420,640,557,651,420,640,557,640,557,651,420,651,sub_line_text,subsubsubtitle,subsubsubtitle_0,arial,bolditalic,9,pai_3cols_20211228_152916_9859230987_600_800.png,/scratch/parceirosbr/bigoilict/share/BigOil/document_generator/datasets/documents_2021_12_28/pai_3cols_20211228_152916_9859230987_600_800.png,pai_3cols_20211228_152916_9859230987_600_800_mask.png,Capítulo  argila  mais homog-
31,5,63,11,420,658,483,669,420,658,483,658,483,669,420,669,sub_line_text,subsubsubtitle,subsubsubtitle_0,arial,bolditalic,9,pai_3cols_20211228_152916_9859230987_600_800.png,/scratch/parceirosbr/bigoilict/share/BigOil/document_generator/datasets/documents_2021_12_28/pai_3cols_20211228_152916_9859230987_600_800.png,pai_3cols_20211228_152916_9859230987_600_800_mask.png,"ênea, exceção"
68,14,137,29,420,640,557,669,420,640,557,640,557,669,420,669,title,subsubsubtitle,subsubsubtitle_0,arial,bolditalic,9,pai_3cols_20211228_152916_9859230987_600_800.png,/scratch/parceirosbr/bigoilict/share/BigOil/document_generator/datasets/documents_2021_12_28/pai_3cols_20211228_152916_9859230987_600_800.png,pai_3cols_20211228_152916_9859230987_600_800_mask.png,nan
59,5,119,11,439,681,558,692,439,681,558,681,558,692,439,692,sub_line_text,text,text_6,arial,regular,9,pai_3cols_20211228_152916_9859230987_600_800.png,/scratch/parceirosbr/bigoilict/share/BigOil/document_generator/datasets/documents_2021_12_28/pai_3cols_20211228_152916_9859230987_600_800.png,pai_3cols_20211228_152916_9859230987_600_800_mask.png,This  means that different p-
62,5,125,11,418,699,543,710,418,699,543,699,543,710,418,710,sub_line_text,text,text_6,arial,regular,9,pai_3cols_20211228_152916_9859230987_600_800.png,/scratch/parceirosbr/bigoilict/share/BigOil/document_generator/datasets/documents_2021_12_28/pai_3cols_20211228_152916_9859230987_600_800.png,pai_3cols_20211228_152916_9859230987_600_800_mask.png,layers end up increasing their.
70,14,140,29,418,681,558,710,418,681,558,681,558,710,418,710,text,text,text_6,arial,regular,9,pai_3cols_20211228_152916_9859230987_600_800.png,/scratch/parceirosbr/bigoilict/share/BigOil/document_generator/datasets/documents_2021_12_28/pai_3cols_20211228_152916_9859230987_600_800.png,pai_3cols_20211228_152916_9859230987_600_800_mask.png,nan
