center_x,center_y,width,height,xmin,ymin,xmax,ymax,top_left_x,top_left_y,top_right_x,top_right_y,bottom_right_x,bottom_right_y,bottom_left_x,bottom_left_y,label,grouplabel,group,text_font,text_style,size_font,filename,path,filename_mask,content
300,400,600,800,0,0,600,800,0,0,600,0,600,800,0,800,document,,,,,,pai_2cols_20211228_152847_7026513597_600_800.png,/scratch/parceirosbr/bigoilict/share/BigOil/document_generator/datasets/documents_2021_12_28/pai_2cols_20211228_152847_7026513597_600_800.png,pai_2cols_20211228_152847_7026513597_600_800_mask.png,
68,82,136,164,114,87,250,251,114,87,250,87,250,251,114,251,image,figure_image,figure_0,,,,pai_2cols_20211228_152847_7026513597_600_800.png,/scratch/parceirosbr/bigoilict/share/BigOil/document_generator/datasets/documents_2021_12_28/pai_2cols_20211228_152847_7026513597_600_800.png,pai_2cols_20211228_152847_7026513597_600_800_mask.png,output/gen_img_20211228_152847_9551793052.png
6,3,13,6,207,225,220,231,207,228,220,225,220,228,208,231,text,figure_text,figure_0,,,,pai_2cols_20211228_152847_7026513597_600_800.png,/scratch/parceirosbr/bigoilict/share/BigOil/document_generator/datasets/documents_2021_12_28/pai_2cols_20211228_152847_7026513597_600_800.png,pai_2cols_20211228_152847_7026513597_600_800_mask.png,-4433.0%
6,3,13,6,207,225,220,231,207,228,220,225,220,228,208,231,sub_line_text,figure_text,figure_0,,,,pai_2cols_20211228_152847_7026513597_600_800.png,/scratch/parceirosbr/bigoilict/share/BigOil/document_generator/datasets/documents_2021_12_28/pai_2cols_20211228_152847_7026513597_600_800.png,pai_2cols_20211228_152847_7026513597_600_800_mask.png,-4433.0%
11,1,23,3,144,134,167,137,144,133,167,134,167,138,144,137,text,figure_text,figure_0,,,,pai_2cols_20211228_152847_7026513597_600_800.png,/scratch/parceirosbr/bigoilict/share/BigOil/document_generator/datasets/documents_2021_12_28/pai_2cols_20211228_152847_7026513597_600_800.png,pai_2cols_20211228_152847_7026513597_600_800_mask.png,Processing (MB)
11,1,23,3,144,134,167,137,144,133,167,134,167,138,144,137,sub_line_text,figure_text,figure_0,,,,pai_2cols_20211228_152847_7026513597_600_800.png,/scratch/parceirosbr/bigoilict/share/BigOil/document_generator/datasets/documents_2021_12_28/pai_2cols_20211228_152847_7026513597_600_800.png,pai_2cols_20211228_152847_7026513597_600_800_mask.png,Processing (MB)
6,1,12,3,117,218,129,221,117,218,129,218,129,221,117,221,text,figure_text,figure_0,,,,pai_2cols_20211228_152847_7026513597_600_800.png,/scratch/parceirosbr/bigoilict/share/BigOil/document_generator/datasets/documents_2021_12_28/pai_2cols_20211228_152847_7026513597_600_800.png,pai_2cols_20211228_152847_7026513597_600_800_mask.png,-5599.58
6,1,12,3,117,218,129,221,117,218,129,218,129,221,117,221,sub_line_text,figure_text,figure_0,,,,pai_2cols_20211228_152847_7026513597_600_800.png,/scratch/parceirosbr/bigoilict/share/BigOil/document_generator/datasets/documents_2021_12_28/pai_2cols_20211228_152847_7026513597_600_800.png,pai_2cols_20211228_152847_7026513597_600_800_mask.png,-5599.58
6,1,12,2,182,235,194,237,182,233,194,235,194,239,181,237,text,figure_text,figure_0,,,,pai_2cols_20211228_152847_7026513597_600_800.png,/scratch/parceirosbr/bigoilict/share/BigOil/document_generator/datasets/documents_2021_12_28/pai_2cols_20211228_152847_7026513597_600_800.png,pai_2cols_20211228_152847_7026513597_600_800_mask.png,Data (TB)
6,1,12,2,182,235,194,237,182,233,194,235,194,239,181,237,sub_line_text,figure_text,figure_0,,,,pai_2cols_20211228_152847_7026513597_600_800.png,/scratch/parceirosbr/bigoilict/share/BigOil/document_generator/datasets/documents_2021_12_28/pai_2cols_20211228_152847_7026513597_600_800.png,pai_2cols_20211228_152847_7026513597_600_800_mask.png,Data (TB)
4,2,9,5,216,138,225,143,216,140,225,138,225,142,217,143,text,figure_text,figure_0,,,,pai_2cols_20211228_152847_7026513597_600_800.png,/scratch/parceirosbr/bigoilict/share/BigOil/document_generator/datasets/documents_2021_12_28/pai_2cols_20211228_152847_7026513597_600_800.png,pai_2cols_20211228_152847_7026513597_600_800_mask.png,Signal
4,2,9,5,216,138,225,143,216,140,225,138,225,142,217,143,sub_line_text,figure_text,figure_0,,,,pai_2cols_20211228_152847_7026513597_600_800.png,/scratch/parceirosbr/bigoilict/share/BigOil/document_generator/datasets/documents_2021_12_28/pai_2cols_20211228_152847_7026513597_600_800.png,pai_2cols_20211228_152847_7026513597_600_800_mask.png,Signal
6,2,13,5,161,200,174,205,161,201,173,200,174,204,161,205,text,figure_text,figure_0,,,,pai_2cols_20211228_152847_7026513597_600_800.png,/scratch/parceirosbr/bigoilict/share/BigOil/document_generator/datasets/documents_2021_12_28/pai_2cols_20211228_152847_7026513597_600_800.png,pai_2cols_20211228_152847_7026513597_600_800_mask.png,Level (kl)
6,2,13,5,161,200,174,205,161,201,173,200,174,204,161,205,sub_line_text,figure_text,figure_0,,,,pai_2cols_20211228_152847_7026513597_600_800.png,/scratch/parceirosbr/bigoilict/share/BigOil/document_generator/datasets/documents_2021_12_28/pai_2cols_20211228_152847_7026513597_600_800.png,pai_2cols_20211228_152847_7026513597_600_800_mask.png,Level (kl)
5,1,10,2,120,201,130,203,120,200,130,201,130,204,120,203,text,figure_text,figure_0,,,,pai_2cols_20211228_152847_7026513597_600_800.png,/scratch/parceirosbr/bigoilict/share/BigOil/document_generator/datasets/documents_2021_12_28/pai_2cols_20211228_152847_7026513597_600_800.png,pai_2cols_20211228_152847_7026513597_600_800_mask.png,120.4%
5,1,10,2,120,201,130,203,120,200,130,201,130,204,120,203,sub_line_text,figure_text,figure_0,,,,pai_2cols_20211228_152847_7026513597_600_800.png,/scratch/parceirosbr/bigoilict/share/BigOil/document_generator/datasets/documents_2021_12_28/pai_2cols_20211228_152847_7026513597_600_800.png,pai_2cols_20211228_152847_7026513597_600_800_mask.png,120.4%
8,3,16,7,140,166,156,173,140,170,155,166,156,170,140,173,text,figure_text,figure_0,,,,pai_2cols_20211228_152847_7026513597_600_800.png,/scratch/parceirosbr/bigoilict/share/BigOil/document_generator/datasets/documents_2021_12_28/pai_2cols_20211228_152847_7026513597_600_800.png,pai_2cols_20211228_152847_7026513597_600_800_mask.png,Energy [kw]
8,3,16,7,140,166,156,173,140,170,155,166,156,170,140,173,sub_line_text,figure_text,figure_0,,,,pai_2cols_20211228_152847_7026513597_600_800.png,/scratch/parceirosbr/bigoilict/share/BigOil/document_generator/datasets/documents_2021_12_28/pai_2cols_20211228_152847_7026513597_600_800.png,pai_2cols_20211228_152847_7026513597_600_800_mask.png,Energy [kw]
5,2,10,5,174,162,184,167,174,164,184,162,184,165,174,167,text,figure_text,figure_0,,,,pai_2cols_20211228_152847_7026513597_600_800.png,/scratch/parceirosbr/bigoilict/share/BigOil/document_generator/datasets/documents_2021_12_28/pai_2cols_20211228_152847_7026513597_600_800.png,pai_2cols_20211228_152847_7026513597_600_800_mask.png,-4326%
5,2,10,5,174,162,184,167,174,164,184,162,184,165,174,167,sub_line_text,figure_text,figure_0,,,,pai_2cols_20211228_152847_7026513597_600_800.png,/scratch/parceirosbr/bigoilict/share/BigOil/document_generator/datasets/documents_2021_12_28/pai_2cols_20211228_152847_7026513597_600_800.png,pai_2cols_20211228_152847_7026513597_600_800_mask.png,-4326%
4,1,8,3,169,212,177,215,169,212,177,212,177,215,169,215,text,figure_text,figure_0,,,,pai_2cols_20211228_152847_7026513597_600_800.png,/scratch/parceirosbr/bigoilict/share/BigOil/document_generator/datasets/documents_2021_12_28/pai_2cols_20211228_152847_7026513597_600_800.png,pai_2cols_20211228_152847_7026513597_600_800_mask.png,-5257
4,1,8,3,169,212,177,215,169,212,177,212,177,215,169,215,sub_line_text,figure_text,figure_0,,,,pai_2cols_20211228_152847_7026513597_600_800.png,/scratch/parceirosbr/bigoilict/share/BigOil/document_generator/datasets/documents_2021_12_28/pai_2cols_20211228_152847_7026513597_600_800.png,pai_2cols_20211228_152847_7026513597_600_800_mask.png,-5257
6,0,12,1,154,104,166,105,154,103,166,104,166,107,154,105,text,figure_text,figure_0,,,,pai_2cols_20211228_152847_7026513597_600_800.png,/scratch/parceirosbr/bigoilict/share/BigOil/document_generator/datasets/documents_2021_12_28/pai_2cols_20211228_152847_7026513597_600_800.png,pai_2cols_20211228_152847_7026513597_600_800_mask.png,-5715.20
6,0,12,1,154,104,166,105,154,103,166,104,166,107,154,105,sub_line_text,figure_text,figure_0,,,,pai_2cols_20211228_152847_7026513597_600_800.png,/scratch/parceirosbr/bigoilict/share/BigOil/document_generator/datasets/documents_2021_12_28/pai_2cols_20211228_152847_7026513597_600_800.png,pai_2cols_20211228_152847_7026513597_600_800_mask.png,-5715.20
6,2,13,5,161,127,174,132,161,129,173,127,174,130,161,132,text,figure_text,figure_0,,,,pai_2cols_20211228_152847_7026513597_600_800.png,/scratch/parceirosbr/bigoilict/share/BigOil/document_generator/datasets/documents_2021_12_28/pai_2cols_20211228_152847_7026513597_600_800.png,pai_2cols_20211228_152847_7026513597_600_800_mask.png,-1075.9%
6,2,13,5,161,127,174,132,161,129,173,127,174,130,161,132,sub_line_text,figure_text,figure_0,,,,pai_2cols_20211228_152847_7026513597_600_800.png,/scratch/parceirosbr/bigoilict/share/BigOil/document_generator/datasets/documents_2021_12_28/pai_2cols_20211228_152847_7026513597_600_800.png,pai_2cols_20211228_152847_7026513597_600_800_mask.png,-1075.9%
9,1,18,2,167,222,185,224,167,221,185,222,185,225,167,224,text,figure_text,figure_0,,,,pai_2cols_20211228_152847_7026513597_600_800.png,/scratch/parceirosbr/bigoilict/share/BigOil/document_generator/datasets/documents_2021_12_28/pai_2cols_20211228_152847_7026513597_600_800.png,pai_2cols_20211228_152847_7026513597_600_800_mask.png,Volume [MB]
9,1,18,2,167,222,185,224,167,221,185,222,185,225,167,224,sub_line_text,figure_text,figure_0,,,,pai_2cols_20211228_152847_7026513597_600_800.png,/scratch/parceirosbr/bigoilict/share/BigOil/document_generator/datasets/documents_2021_12_28/pai_2cols_20211228_152847_7026513597_600_800.png,pai_2cols_20211228_152847_7026513597_600_800_mask.png,Volume [MB]
11,3,23,7,179,176,202,183,179,179,201,176,202,180,180,183,text,figure_text,figure_0,,,,pai_2cols_20211228_152847_7026513597_600_800.png,/scratch/parceirosbr/bigoilict/share/BigOil/document_generator/datasets/documents_2021_12_28/pai_2cols_20211228_152847_7026513597_600_800.png,pai_2cols_20211228_152847_7026513597_600_800_mask.png,Processing (KB)
11,3,23,7,179,176,202,183,179,179,201,176,202,180,180,183,sub_line_text,figure_text,figure_0,,,,pai_2cols_20211228_152847_7026513597_600_800.png,/scratch/parceirosbr/bigoilict/share/BigOil/document_generator/datasets/documents_2021_12_28/pai_2cols_20211228_152847_7026513597_600_800.png,pai_2cols_20211228_152847_7026513597_600_800_mask.png,Processing (KB)
6,2,13,4,121,213,134,217,121,213,134,213,134,217,121,217,text,figure_text,figure_0,,,,pai_2cols_20211228_152847_7026513597_600_800.png,/scratch/parceirosbr/bigoilict/share/BigOil/document_generator/datasets/documents_2021_12_28/pai_2cols_20211228_152847_7026513597_600_800.png,pai_2cols_20211228_152847_7026513597_600_800_mask.png,Data (GB)
6,2,13,4,121,213,134,217,121,213,134,213,134,217,121,217,sub_line_text,figure_text,figure_0,,,,pai_2cols_20211228_152847_7026513597_600_800.png,/scratch/parceirosbr/bigoilict/share/BigOil/document_generator/datasets/documents_2021_12_28/pai_2cols_20211228_152847_7026513597_600_800.png,pai_2cols_20211228_152847_7026513597_600_800_mask.png,Data (GB)
7,0,14,1,199,237,213,238,199,235,214,237,213,241,198,238,text,figure_text,figure_0,,,,pai_2cols_20211228_152847_7026513597_600_800.png,/scratch/parceirosbr/bigoilict/share/BigOil/document_generator/datasets/documents_2021_12_28/pai_2cols_20211228_152847_7026513597_600_800.png,pai_2cols_20211228_152847_7026513597_600_800_mask.png,Liters (ML)
7,0,14,1,199,237,213,238,199,235,214,237,213,241,198,238,sub_line_text,figure_text,figure_0,,,,pai_2cols_20211228_152847_7026513597_600_800.png,/scratch/parceirosbr/bigoilict/share/BigOil/document_generator/datasets/documents_2021_12_28/pai_2cols_20211228_152847_7026513597_600_800.png,pai_2cols_20211228_152847_7026513597_600_800_mask.png,Liters (ML)
5,1,10,3,227,224,237,227,227,224,237,224,237,227,227,227,text,figure_text,figure_0,,,,pai_2cols_20211228_152847_7026513597_600_800.png,/scratch/parceirosbr/bigoilict/share/BigOil/document_generator/datasets/documents_2021_12_28/pai_2cols_20211228_152847_7026513597_600_800.png,pai_2cols_20211228_152847_7026513597_600_800_mask.png,-7266%
5,1,10,3,227,224,237,227,227,224,237,224,237,227,227,227,sub_line_text,figure_text,figure_0,,,,pai_2cols_20211228_152847_7026513597_600_800.png,/scratch/parceirosbr/bigoilict/share/BigOil/document_generator/datasets/documents_2021_12_28/pai_2cols_20211228_152847_7026513597_600_800.png,pai_2cols_20211228_152847_7026513597_600_800_mask.png,-7266%
2,1,5,2,240,175,245,177,240,174,245,175,245,178,240,177,text,figure_text,figure_0,,,,pai_2cols_20211228_152847_7026513597_600_800.png,/scratch/parceirosbr/bigoilict/share/BigOil/document_generator/datasets/documents_2021_12_28/pai_2cols_20211228_152847_7026513597_600_800.png,pai_2cols_20211228_152847_7026513597_600_800_mask.png,827
2,1,5,2,240,175,245,177,240,174,245,175,245,178,240,177,sub_line_text,figure_text,figure_0,,,,pai_2cols_20211228_152847_7026513597_600_800.png,/scratch/parceirosbr/bigoilict/share/BigOil/document_generator/datasets/documents_2021_12_28/pai_2cols_20211228_152847_7026513597_600_800.png,pai_2cols_20211228_152847_7026513597_600_800_mask.png,827
7,2,15,4,123,238,138,242,123,239,137,238,138,241,123,242,text,figure_text,figure_0,,,,pai_2cols_20211228_152847_7026513597_600_800.png,/scratch/parceirosbr/bigoilict/share/BigOil/document_generator/datasets/documents_2021_12_28/pai_2cols_20211228_152847_7026513597_600_800.png,pai_2cols_20211228_152847_7026513597_600_800_mask.png,-6442.212
7,2,15,4,123,238,138,242,123,239,137,238,138,241,123,242,sub_line_text,figure_text,figure_0,,,,pai_2cols_20211228_152847_7026513597_600_800.png,/scratch/parceirosbr/bigoilict/share/BigOil/document_generator/datasets/documents_2021_12_28/pai_2cols_20211228_152847_7026513597_600_800.png,pai_2cols_20211228_152847_7026513597_600_800_mask.png,-6442.212
7,2,14,5,164,94,178,99,164,96,178,94,178,97,164,99,text,figure_text,figure_0,,,,pai_2cols_20211228_152847_7026513597_600_800.png,/scratch/parceirosbr/bigoilict/share/BigOil/document_generator/datasets/documents_2021_12_28/pai_2cols_20211228_152847_7026513597_600_800.png,pai_2cols_20211228_152847_7026513597_600_800_mask.png,-9139.875
7,2,14,5,164,94,178,99,164,96,178,94,178,97,164,99,sub_line_text,figure_text,figure_0,,,,pai_2cols_20211228_152847_7026513597_600_800.png,/scratch/parceirosbr/bigoilict/share/BigOil/document_generator/datasets/documents_2021_12_28/pai_2cols_20211228_152847_7026513597_600_800.png,pai_2cols_20211228_152847_7026513597_600_800_mask.png,-9139.875
6,0,13,0,199,97,212,97,199,94,213,97,212,100,198,97,text,figure_text,figure_0,,,,pai_2cols_20211228_152847_7026513597_600_800.png,/scratch/parceirosbr/bigoilict/share/BigOil/document_generator/datasets/documents_2021_12_28/pai_2cols_20211228_152847_7026513597_600_800.png,pai_2cols_20211228_152847_7026513597_600_800_mask.png,-3525.47%
6,0,13,0,199,97,212,97,199,94,213,97,212,100,198,97,sub_line_text,figure_text,figure_0,,,,pai_2cols_20211228_152847_7026513597_600_800.png,/scratch/parceirosbr/bigoilict/share/BigOil/document_generator/datasets/documents_2021_12_28/pai_2cols_20211228_152847_7026513597_600_800.png,pai_2cols_20211228_152847_7026513597_600_800_mask.png,-3525.47%
6,2,12,4,155,143,167,147,155,143,167,143,167,147,154,147,text,figure_text,figure_0,,,,pai_2cols_20211228_152847_7026513597_600_800.png,/scratch/parceirosbr/bigoilict/share/BigOil/document_generator/datasets/documents_2021_12_28/pai_2cols_20211228_152847_7026513597_600_800.png,pai_2cols_20211228_152847_7026513597_600_800_mask.png,Liters (L)
6,2,12,4,155,143,167,147,155,143,167,143,167,147,154,147,sub_line_text,figure_text,figure_0,,,,pai_2cols_20211228_152847_7026513597_600_800.png,/scratch/parceirosbr/bigoilict/share/BigOil/document_generator/datasets/documents_2021_12_28/pai_2cols_20211228_152847_7026513597_600_800.png,pai_2cols_20211228_152847_7026513597_600_800_mask.png,Liters (L)
5,0,11,0,119,181,130,181,119,179,131,181,130,184,118,181,text,figure_text,figure_0,,,,pai_2cols_20211228_152847_7026513597_600_800.png,/scratch/parceirosbr/bigoilict/share/BigOil/document_generator/datasets/documents_2021_12_28/pai_2cols_20211228_152847_7026513597_600_800.png,pai_2cols_20211228_152847_7026513597_600_800_mask.png,-8614.33
5,0,11,0,119,181,130,181,119,179,131,181,130,184,118,181,sub_line_text,figure_text,figure_0,,,,pai_2cols_20211228_152847_7026513597_600_800.png,/scratch/parceirosbr/bigoilict/share/BigOil/document_generator/datasets/documents_2021_12_28/pai_2cols_20211228_152847_7026513597_600_800.png,pai_2cols_20211228_152847_7026513597_600_800_mask.png,-8614.33
93,5,187,11,90,256,277,267,90,256,277,256,277,267,90,267,sub_line_text,figure_legend,figure_0,raleway,bold,9,pai_2cols_20211228_152847_7026513597_600_800.png,/scratch/parceirosbr/bigoilict/share/BigOil/document_generator/datasets/documents_2021_12_28/pai_2cols_20211228_152847_7026513597_600_800.png,pai_2cols_20211228_152847_7026513597_600_800_mask.png,Figure  95:    As  propriedades  mecânicas  e  o
93,5,186,11,90,275,276,286,90,275,276,275,276,286,90,286,sub_line_text,figure_legend,figure_0,raleway,bold,9,pai_2cols_20211228_152847_7026513597_600_800.png,/scratch/parceirosbr/bigoilict/share/BigOil/document_generator/datasets/documents_2021_12_28/pai_2cols_20211228_152847_7026513597_600_800.png,pai_2cols_20211228_152847_7026513597_600_800_mask.png,comportamento     químico    foram    determi-
93,5,186,11,90,294,276,305,90,294,276,294,276,305,90,305,sub_line_text,figure_legend,figure_0,raleway,bold,9,pai_2cols_20211228_152847_7026513597_600_800.png,/scratch/parceirosbr/bigoilict/share/BigOil/document_generator/datasets/documents_2021_12_28/pai_2cols_20211228_152847_7026513597_600_800.png,pai_2cols_20211228_152847_7026513597_600_800_mask.png,nados   conforme   discutido   no  subitem.  As
93,5,186,11,90,313,276,324,90,313,276,313,276,324,90,324,sub_line_text,figure_legend,figure_0,raleway,bold,9,pai_2cols_20211228_152847_7026513597_600_800.png,/scratch/parceirosbr/bigoilict/share/BigOil/document_generator/datasets/documents_2021_12_28/pai_2cols_20211228_152847_7026513597_600_800.png,pai_2cols_20211228_152847_7026513597_600_800_mask.png,simulações    tiveram   as   mesmas   configur-
75,5,151,11,90,332,241,343,90,332,241,332,241,343,90,343,sub_line_text,figure_legend,figure_0,raleway,bold,9,pai_2cols_20211228_152847_7026513597_600_800.png,/scratch/parceirosbr/bigoilict/share/BigOil/document_generator/datasets/documents_2021_12_28/pai_2cols_20211228_152847_7026513597_600_800.png,pai_2cols_20211228_152847_7026513597_600_800_mask.png,ações gerais que as simulações para
93,43,187,87,90,256,277,343,90,256,277,256,277,343,90,343,text,figure_legend,figure_0,raleway,bold,9,pai_2cols_20211228_152847_7026513597_600_800.png,/scratch/parceirosbr/bigoilict/share/BigOil/document_generator/datasets/documents_2021_12_28/pai_2cols_20211228_152847_7026513597_600_800.png,pai_2cols_20211228_152847_7026513597_600_800_mask.png,nan
113,67,226,135,69,355,295,490,69,355,295,355,295,490,69,490,image,figure_image,figure_1,,,,pai_2cols_20211228_152847_7026513597_600_800.png,/scratch/parceirosbr/bigoilict/share/BigOil/document_generator/datasets/documents_2021_12_28/pai_2cols_20211228_152847_7026513597_600_800.png,pai_2cols_20211228_152847_7026513597_600_800_mask.png,output/gen_img_20211228_152848_9000125101.png
11,2,23,4,173,453,196,457,173,453,196,453,196,457,173,457,text,figure_text,figure_1,,,,pai_2cols_20211228_152847_7026513597_600_800.png,/scratch/parceirosbr/bigoilict/share/BigOil/document_generator/datasets/documents_2021_12_28/pai_2cols_20211228_152847_7026513597_600_800.png,pai_2cols_20211228_152847_7026513597_600_800_mask.png,-3219.32%
11,2,23,4,173,453,196,457,173,453,196,453,196,457,173,457,sub_line_text,figure_text,figure_1,,,,pai_2cols_20211228_152847_7026513597_600_800.png,/scratch/parceirosbr/bigoilict/share/BigOil/document_generator/datasets/documents_2021_12_28/pai_2cols_20211228_152847_7026513597_600_800.png,pai_2cols_20211228_152847_7026513597_600_800_mask.png,-3219.32%
10,2,21,4,244,412,265,416,244,412,265,412,265,416,244,416,text,figure_text,figure_1,,,,pai_2cols_20211228_152847_7026513597_600_800.png,/scratch/parceirosbr/bigoilict/share/BigOil/document_generator/datasets/documents_2021_12_28/pai_2cols_20211228_152847_7026513597_600_800.png,pai_2cols_20211228_152847_7026513597_600_800_mask.png,-9603.95
10,2,21,4,244,412,265,416,244,412,265,412,265,416,244,416,sub_line_text,figure_text,figure_1,,,,pai_2cols_20211228_152847_7026513597_600_800.png,/scratch/parceirosbr/bigoilict/share/BigOil/document_generator/datasets/documents_2021_12_28/pai_2cols_20211228_152847_7026513597_600_800.png,pai_2cols_20211228_152847_7026513597_600_800_mask.png,-9603.95
7,2,15,4,205,456,220,460,205,456,220,456,220,460,205,460,text,figure_text,figure_1,,,,pai_2cols_20211228_152847_7026513597_600_800.png,/scratch/parceirosbr/bigoilict/share/BigOil/document_generator/datasets/documents_2021_12_28/pai_2cols_20211228_152847_7026513597_600_800.png,pai_2cols_20211228_152847_7026513597_600_800_mask.png,-6268%
7,2,15,4,205,456,220,460,205,456,220,456,220,460,205,460,sub_line_text,figure_text,figure_1,,,,pai_2cols_20211228_152847_7026513597_600_800.png,/scratch/parceirosbr/bigoilict/share/BigOil/document_generator/datasets/documents_2021_12_28/pai_2cols_20211228_152847_7026513597_600_800.png,pai_2cols_20211228_152847_7026513597_600_800_mask.png,-6268%
7,2,15,4,76,412,91,416,76,412,91,412,91,416,76,416,text,figure_text,figure_1,,,,pai_2cols_20211228_152847_7026513597_600_800.png,/scratch/parceirosbr/bigoilict/share/BigOil/document_generator/datasets/documents_2021_12_28/pai_2cols_20211228_152847_7026513597_600_800.png,pai_2cols_20211228_152847_7026513597_600_800_mask.png,-3306%
7,2,15,4,76,412,91,416,76,412,91,412,91,416,76,416,sub_line_text,figure_text,figure_1,,,,pai_2cols_20211228_152847_7026513597_600_800.png,/scratch/parceirosbr/bigoilict/share/BigOil/document_generator/datasets/documents_2021_12_28/pai_2cols_20211228_152847_7026513597_600_800.png,pai_2cols_20211228_152847_7026513597_600_800_mask.png,-3306%
9,1,18,3,246,377,264,380,246,377,264,377,264,380,246,380,text,figure_text,figure_1,,,,pai_2cols_20211228_152847_7026513597_600_800.png,/scratch/parceirosbr/bigoilict/share/BigOil/document_generator/datasets/documents_2021_12_28/pai_2cols_20211228_152847_7026513597_600_800.png,pai_2cols_20211228_152847_7026513597_600_800_mask.png,-3742.1
9,1,18,3,246,377,264,380,246,377,264,377,264,380,246,380,sub_line_text,figure_text,figure_1,,,,pai_2cols_20211228_152847_7026513597_600_800.png,/scratch/parceirosbr/bigoilict/share/BigOil/document_generator/datasets/documents_2021_12_28/pai_2cols_20211228_152847_7026513597_600_800.png,pai_2cols_20211228_152847_7026513597_600_800_mask.png,-3742.1
10,1,20,3,246,469,266,472,246,469,266,469,266,472,246,472,text,figure_text,figure_1,,,,pai_2cols_20211228_152847_7026513597_600_800.png,/scratch/parceirosbr/bigoilict/share/BigOil/document_generator/datasets/documents_2021_12_28/pai_2cols_20211228_152847_7026513597_600_800.png,pai_2cols_20211228_152847_7026513597_600_800_mask.png,-9323.21
10,1,20,3,246,469,266,472,246,469,266,469,266,472,246,472,sub_line_text,figure_text,figure_1,,,,pai_2cols_20211228_152847_7026513597_600_800.png,/scratch/parceirosbr/bigoilict/share/BigOil/document_generator/datasets/documents_2021_12_28/pai_2cols_20211228_152847_7026513597_600_800.png,pai_2cols_20211228_152847_7026513597_600_800_mask.png,-9323.21
13,2,26,4,182,427,208,431,182,427,208,427,208,431,182,431,text,figure_text,figure_1,,,,pai_2cols_20211228_152847_7026513597_600_800.png,/scratch/parceirosbr/bigoilict/share/BigOil/document_generator/datasets/documents_2021_12_28/pai_2cols_20211228_152847_7026513597_600_800.png,pai_2cols_20211228_152847_7026513597_600_800_mask.png,Water (ML)
13,2,26,4,182,427,208,431,182,427,208,427,208,431,182,431,sub_line_text,figure_text,figure_1,,,,pai_2cols_20211228_152847_7026513597_600_800.png,/scratch/parceirosbr/bigoilict/share/BigOil/document_generator/datasets/documents_2021_12_28/pai_2cols_20211228_152847_7026513597_600_800.png,pai_2cols_20211228_152847_7026513597_600_800_mask.png,Water (ML)
8,2,16,4,183,466,199,470,183,466,199,466,199,470,183,470,text,figure_text,figure_1,,,,pai_2cols_20211228_152847_7026513597_600_800.png,/scratch/parceirosbr/bigoilict/share/BigOil/document_generator/datasets/documents_2021_12_28/pai_2cols_20211228_152847_7026513597_600_800.png,pai_2cols_20211228_152847_7026513597_600_800_mask.png,-3735%
8,2,16,4,183,466,199,470,183,466,199,466,199,470,183,470,sub_line_text,figure_text,figure_1,,,,pai_2cols_20211228_152847_7026513597_600_800.png,/scratch/parceirosbr/bigoilict/share/BigOil/document_generator/datasets/documents_2021_12_28/pai_2cols_20211228_152847_7026513597_600_800.png,pai_2cols_20211228_152847_7026513597_600_800_mask.png,-3735%
14,2,28,4,191,478,219,482,191,478,219,478,219,482,191,482,text,figure_text,figure_1,,,,pai_2cols_20211228_152847_7026513597_600_800.png,/scratch/parceirosbr/bigoilict/share/BigOil/document_generator/datasets/documents_2021_12_28/pai_2cols_20211228_152847_7026513597_600_800.png,pai_2cols_20211228_152847_7026513597_600_800_mask.png,Demand (MB)
14,2,28,4,191,478,219,482,191,478,219,478,219,482,191,482,sub_line_text,figure_text,figure_1,,,,pai_2cols_20211228_152847_7026513597_600_800.png,/scratch/parceirosbr/bigoilict/share/BigOil/document_generator/datasets/documents_2021_12_28/pai_2cols_20211228_152847_7026513597_600_800.png,pai_2cols_20211228_152847_7026513597_600_800_mask.png,Demand (MB)
14,2,28,4,97,413,125,417,97,413,125,413,125,417,97,417,text,figure_text,figure_1,,,,pai_2cols_20211228_152847_7026513597_600_800.png,/scratch/parceirosbr/bigoilict/share/BigOil/document_generator/datasets/documents_2021_12_28/pai_2cols_20211228_152847_7026513597_600_800.png,pai_2cols_20211228_152847_7026513597_600_800_mask.png,Demand [TB]
14,2,28,4,97,413,125,417,97,413,125,413,125,417,97,417,sub_line_text,figure_text,figure_1,,,,pai_2cols_20211228_152847_7026513597_600_800.png,/scratch/parceirosbr/bigoilict/share/BigOil/document_generator/datasets/documents_2021_12_28/pai_2cols_20211228_152847_7026513597_600_800.png,pai_2cols_20211228_152847_7026513597_600_800_mask.png,Demand [TB]
10,1,20,3,205,444,225,447,205,444,225,444,225,447,205,447,text,figure_text,figure_1,,,,pai_2cols_20211228_152847_7026513597_600_800.png,/scratch/parceirosbr/bigoilict/share/BigOil/document_generator/datasets/documents_2021_12_28/pai_2cols_20211228_152847_7026513597_600_800.png,pai_2cols_20211228_152847_7026513597_600_800_mask.png,-2160.66
10,1,20,3,205,444,225,447,205,444,225,444,225,447,205,447,sub_line_text,figure_text,figure_1,,,,pai_2cols_20211228_152847_7026513597_600_800.png,/scratch/parceirosbr/bigoilict/share/BigOil/document_generator/datasets/documents_2021_12_28/pai_2cols_20211228_152847_7026513597_600_800.png,pai_2cols_20211228_152847_7026513597_600_800_mask.png,-2160.66
9,2,18,4,182,374,200,378,182,374,200,374,200,378,182,378,text,figure_text,figure_1,,,,pai_2cols_20211228_152847_7026513597_600_800.png,/scratch/parceirosbr/bigoilict/share/BigOil/document_generator/datasets/documents_2021_12_28/pai_2cols_20211228_152847_7026513597_600_800.png,pai_2cols_20211228_152847_7026513597_600_800_mask.png,Density
9,2,18,4,182,374,200,378,182,374,200,374,200,378,182,378,sub_line_text,figure_text,figure_1,,,,pai_2cols_20211228_152847_7026513597_600_800.png,/scratch/parceirosbr/bigoilict/share/BigOil/document_generator/datasets/documents_2021_12_28/pai_2cols_20211228_152847_7026513597_600_800.png,pai_2cols_20211228_152847_7026513597_600_800_mask.png,Density
8,2,16,4,215,438,231,442,215,438,231,438,231,442,215,442,text,figure_text,figure_1,,,,pai_2cols_20211228_152847_7026513597_600_800.png,/scratch/parceirosbr/bigoilict/share/BigOil/document_generator/datasets/documents_2021_12_28/pai_2cols_20211228_152847_7026513597_600_800.png,pai_2cols_20211228_152847_7026513597_600_800_mask.png,Length
8,2,16,4,215,438,231,442,215,438,231,438,231,442,215,442,sub_line_text,figure_text,figure_1,,,,pai_2cols_20211228_152847_7026513597_600_800.png,/scratch/parceirosbr/bigoilict/share/BigOil/document_generator/datasets/documents_2021_12_28/pai_2cols_20211228_152847_7026513597_600_800.png,pai_2cols_20211228_152847_7026513597_600_800_mask.png,Length
10,2,20,4,76,373,96,377,76,373,96,373,96,377,76,377,text,figure_text,figure_1,,,,pai_2cols_20211228_152847_7026513597_600_800.png,/scratch/parceirosbr/bigoilict/share/BigOil/document_generator/datasets/documents_2021_12_28/pai_2cols_20211228_152847_7026513597_600_800.png,pai_2cols_20211228_152847_7026513597_600_800_mask.png,Activity
10,2,20,4,76,373,96,377,76,373,96,373,96,377,76,377,sub_line_text,figure_text,figure_1,,,,pai_2cols_20211228_152847_7026513597_600_800.png,/scratch/parceirosbr/bigoilict/share/BigOil/document_generator/datasets/documents_2021_12_28/pai_2cols_20211228_152847_7026513597_600_800.png,pai_2cols_20211228_152847_7026513597_600_800_mask.png,Activity
93,5,187,11,90,495,277,506,90,495,277,495,277,506,90,506,sub_line_text,figure_legend,figure_1,raleway,bold,9,pai_2cols_20211228_152847_7026513597_600_800.png,/scratch/parceirosbr/bigoilict/share/BigOil/document_generator/datasets/documents_2021_12_28/pai_2cols_20211228_152847_7026513597_600_800.png,pai_2cols_20211228_152847_7026513597_600_800_mask.png,"Figure 62:  Finally, I am grateful to and for the"
93,5,187,11,90,495,277,506,90,495,277,495,277,506,90,506,text,figure_legend,figure_1,raleway,bold,9,pai_2cols_20211228_152847_7026513597_600_800.png,/scratch/parceirosbr/bigoilict/share/BigOil/document_generator/datasets/documents_2021_12_28/pai_2cols_20211228_152847_7026513597_600_800.png,pai_2cols_20211228_152847_7026513597_600_800_mask.png,nan
91,6,182,12,111,518,293,530,111,518,293,518,293,530,111,530,sub_line_text,text,text_0,raleway,regular,10,pai_2cols_20211228_152847_7026513597_600_800.png,/scratch/parceirosbr/bigoilict/share/BigOil/document_generator/datasets/documents_2021_12_28/pai_2cols_20211228_152847_7026513597_600_800.png,pai_2cols_20211228_152847_7026513597_600_800_mask.png,"Ainda  em  2010,  foram  incluídos  no 2"
113,6,226,12,66,538,292,550,66,538,292,538,292,550,66,550,sub_line_text,text,text_0,raleway,regular,10,pai_2cols_20211228_152847_7026513597_600_800.png,/scratch/parceirosbr/bigoilict/share/BigOil/document_generator/datasets/documents_2021_12_28/pai_2cols_20211228_152847_7026513597_600_800.png,pai_2cols_20211228_152847_7026513597_600_800_mask.png,os  projetos  de pesquisa geológica da para exe-
114,6,228,12,66,558,294,570,66,558,294,558,294,570,66,570,sub_line_text,text,text_0,raleway,regular,10,pai_2cols_20211228_152847_7026513597_600_800.png,/scratch/parceirosbr/bigoilict/share/BigOil/document_generator/datasets/documents_2021_12_28/pai_2cols_20211228_152847_7026513597_600_800.png,pai_2cols_20211228_152847_7026513597_600_800_mask.png,"cução  até  2014.  2007  a  2014,  esses programas"
113,6,226,12,66,578,292,590,66,578,292,578,292,590,66,590,sub_line_text,text,text_0,raleway,regular,10,pai_2cols_20211228_152847_7026513597_600_800.png,/scratch/parceirosbr/bigoilict/share/BigOil/document_generator/datasets/documents_2021_12_28/pai_2cols_20211228_152847_7026513597_600_800.png,pai_2cols_20211228_152847_7026513597_600_800_mask.png,"totalizam  cerca  de  1,2  bilhão, o maior investim-"
113,6,226,12,66,598,292,610,66,598,292,598,292,610,66,610,sub_line_text,text,text_0,raleway,regular,10,pai_2cols_20211228_152847_7026513597_600_800.png,/scratch/parceirosbr/bigoilict/share/BigOil/document_generator/datasets/documents_2021_12_28/pai_2cols_20211228_152847_7026513597_600_800.png,pai_2cols_20211228_152847_7026513597_600_800_mask.png,"ento  já  realizado  na  área. Neste ensaio, após a"
106,6,213,12,66,618,279,630,66,618,279,618,279,630,66,630,sub_line_text,text,text_0,raleway,regular,10,pai_2cols_20211228_152847_7026513597_600_800.png,/scratch/parceirosbr/bigoilict/share/BigOil/document_generator/datasets/documents_2021_12_28/pai_2cols_20211228_152847_7026513597_600_800.png,pai_2cols_20211228_152847_7026513597_600_800_mask.png,estabilização do potencial de circuito aberto p.
114,56,228,112,66,518,294,630,66,518,294,518,294,630,66,630,text,text,text_0,raleway,regular,10,pai_2cols_20211228_152847_7026513597_600_800.png,/scratch/parceirosbr/bigoilict/share/BigOil/document_generator/datasets/documents_2021_12_28/pai_2cols_20211228_152847_7026513597_600_800.png,pai_2cols_20211228_152847_7026513597_600_800_mask.png,nan
90,6,181,12,111,642,292,654,111,642,292,642,292,654,111,654,sub_line_text,text,text_1,raleway,regular,10,pai_2cols_20211228_152847_7026513597_600_800.png,/scratch/parceirosbr/bigoilict/share/BigOil/document_generator/datasets/documents_2021_12_28/pai_2cols_20211228_152847_7026513597_600_800.png,pai_2cols_20211228_152847_7026513597_600_800_mask.png,"Decidiu-se,  nessa  condição,  alterar  o"
113,6,226,12,66,662,292,674,66,662,292,662,292,674,66,674,sub_line_text,text,text_1,raleway,regular,10,pai_2cols_20211228_152847_7026513597_600_800.png,/scratch/parceirosbr/bigoilict/share/BigOil/document_generator/datasets/documents_2021_12_28/pai_2cols_20211228_152847_7026513597_600_800.png,pai_2cols_20211228_152847_7026513597_600_800_mask.png,"ângulo  de  inclinação da tocha, a qual estava em"
108,6,217,12,66,682,283,694,66,682,283,682,283,694,66,694,sub_line_text,text,text_1,raleway,regular,10,pai_2cols_20211228_152847_7026513597_600_800.png,/scratch/parceirosbr/bigoilict/share/BigOil/document_generator/datasets/documents_2021_12_28/pai_2cols_20211228_152847_7026513597_600_800.png,pai_2cols_20211228_152847_7026513597_600_800_mask.png,"5 puxando. De acordo com os autores, melhor."
113,26,226,52,66,642,292,694,66,642,292,642,292,694,66,694,text,text,text_1,raleway,regular,10,pai_2cols_20211228_152847_7026513597_600_800.png,/scratch/parceirosbr/bigoilict/share/BigOil/document_generator/datasets/documents_2021_12_28/pai_2cols_20211228_152847_7026513597_600_800.png,pai_2cols_20211228_152847_7026513597_600_800_mask.png,nan
111,8,223,17,334,87,557,104,334,87,557,87,557,104,334,104,sub_line_text,subsubtitle,subsubtitle_0,raleway,regular,14,pai_2cols_20211228_152847_7026513597_600_800.png,/scratch/parceirosbr/bigoilict/share/BigOil/document_generator/datasets/documents_2021_12_28/pai_2cols_20211228_152847_7026513597_600_800.png,pai_2cols_20211228_152847_7026513597_600_800_mask.png,Factors  such  reduction  pressure
41,8,82,17,334,116,416,133,334,116,416,116,416,133,334,133,sub_line_text,subsubtitle,subsubtitle_0,raleway,regular,14,pai_2cols_20211228_152847_7026513597_600_800.png,/scratch/parceirosbr/bigoilict/share/BigOil/document_generator/datasets/documents_2021_12_28/pai_2cols_20211228_152847_7026513597_600_800.png,pai_2cols_20211228_152847_7026513597_600_800_mask.png,temperature
111,23,223,46,334,87,557,133,334,87,557,87,557,133,334,133,title,subsubtitle,subsubtitle_0,raleway,regular,14,pai_2cols_20211228_152847_7026513597_600_800.png,/scratch/parceirosbr/bigoilict/share/BigOil/document_generator/datasets/documents_2021_12_28/pai_2cols_20211228_152847_7026513597_600_800.png,pai_2cols_20211228_152847_7026513597_600_800_mask.png,nan
57,50,115,101,388,146,503,247,388,146,503,146,503,247,388,247,image,figure_image,figure_2,,,,pai_2cols_20211228_152847_7026513597_600_800.png,/scratch/parceirosbr/bigoilict/share/BigOil/document_generator/datasets/documents_2021_12_28/pai_2cols_20211228_152847_7026513597_600_800.png,pai_2cols_20211228_152847_7026513597_600_800_mask.png,output/gen_img_20211228_152849_8348645164.png
8,2,17,4,397,230,414,234,397,230,414,230,414,234,397,234,text,figure_text,figure_2,,,,pai_2cols_20211228_152847_7026513597_600_800.png,/scratch/parceirosbr/bigoilict/share/BigOil/document_generator/datasets/documents_2021_12_28/pai_2cols_20211228_152847_7026513597_600_800.png,pai_2cols_20211228_152847_7026513597_600_800_mask.png,-1231.47
8,2,17,4,397,230,414,234,397,230,414,230,414,234,397,234,sub_line_text,figure_text,figure_2,,,,pai_2cols_20211228_152847_7026513597_600_800.png,/scratch/parceirosbr/bigoilict/share/BigOil/document_generator/datasets/documents_2021_12_28/pai_2cols_20211228_152847_7026513597_600_800.png,pai_2cols_20211228_152847_7026513597_600_800_mask.png,-1231.47
12,3,24,6,446,175,470,181,446,176,470,175,470,180,446,181,text,figure_text,figure_2,,,,pai_2cols_20211228_152847_7026513597_600_800.png,/scratch/parceirosbr/bigoilict/share/BigOil/document_generator/datasets/documents_2021_12_28/pai_2cols_20211228_152847_7026513597_600_800.png,pai_2cols_20211228_152847_7026513597_600_800_mask.png,Permeability
12,3,24,6,446,175,470,181,446,176,470,175,470,180,446,181,sub_line_text,figure_text,figure_2,,,,pai_2cols_20211228_152847_7026513597_600_800.png,/scratch/parceirosbr/bigoilict/share/BigOil/document_generator/datasets/documents_2021_12_28/pai_2cols_20211228_152847_7026513597_600_800.png,pai_2cols_20211228_152847_7026513597_600_800_mask.png,Permeability
12,0,24,1,417,181,441,182,417,178,442,181,441,186,416,182,text,figure_text,figure_2,,,,pai_2cols_20211228_152847_7026513597_600_800.png,/scratch/parceirosbr/bigoilict/share/BigOil/document_generator/datasets/documents_2021_12_28/pai_2cols_20211228_152847_7026513597_600_800.png,pai_2cols_20211228_152847_7026513597_600_800_mask.png,Demand (KB)
12,0,24,1,417,181,441,182,417,178,442,181,441,186,416,182,sub_line_text,figure_text,figure_2,,,,pai_2cols_20211228_152847_7026513597_600_800.png,/scratch/parceirosbr/bigoilict/share/BigOil/document_generator/datasets/documents_2021_12_28/pai_2cols_20211228_152847_7026513597_600_800.png,pai_2cols_20211228_152847_7026513597_600_800_mask.png,Demand (KB)
7,2,14,5,481,182,495,187,481,182,495,182,495,187,481,187,text,figure_text,figure_2,,,,pai_2cols_20211228_152847_7026513597_600_800.png,/scratch/parceirosbr/bigoilict/share/BigOil/document_generator/datasets/documents_2021_12_28/pai_2cols_20211228_152847_7026513597_600_800.png,pai_2cols_20211228_152847_7026513597_600_800_mask.png,Salinity
7,2,14,5,481,182,495,187,481,182,495,182,495,187,481,187,sub_line_text,figure_text,figure_2,,,,pai_2cols_20211228_152847_7026513597_600_800.png,/scratch/parceirosbr/bigoilict/share/BigOil/document_generator/datasets/documents_2021_12_28/pai_2cols_20211228_152847_7026513597_600_800.png,pai_2cols_20211228_152847_7026513597_600_800_mask.png,Salinity
6,1,13,3,451,185,464,188,451,184,465,185,464,190,450,188,text,figure_text,figure_2,,,,pai_2cols_20211228_152847_7026513597_600_800.png,/scratch/parceirosbr/bigoilict/share/BigOil/document_generator/datasets/documents_2021_12_28/pai_2cols_20211228_152847_7026513597_600_800.png,pai_2cols_20211228_152847_7026513597_600_800_mask.png,-7508%
6,1,13,3,451,185,464,188,451,184,465,185,464,190,450,188,sub_line_text,figure_text,figure_2,,,,pai_2cols_20211228_152847_7026513597_600_800.png,/scratch/parceirosbr/bigoilict/share/BigOil/document_generator/datasets/documents_2021_12_28/pai_2cols_20211228_152847_7026513597_600_800.png,pai_2cols_20211228_152847_7026513597_600_800_mask.png,-7508%
7,1,15,2,396,242,411,244,396,240,411,242,411,246,396,244,text,figure_text,figure_2,,,,pai_2cols_20211228_152847_7026513597_600_800.png,/scratch/parceirosbr/bigoilict/share/BigOil/document_generator/datasets/documents_2021_12_28/pai_2cols_20211228_152847_7026513597_600_800.png,pai_2cols_20211228_152847_7026513597_600_800_mask.png,-939.1%
7,1,15,2,396,242,411,244,396,240,411,242,411,246,396,244,sub_line_text,figure_text,figure_2,,,,pai_2cols_20211228_152847_7026513597_600_800.png,/scratch/parceirosbr/bigoilict/share/BigOil/document_generator/datasets/documents_2021_12_28/pai_2cols_20211228_152847_7026513597_600_800.png,pai_2cols_20211228_152847_7026513597_600_800_mask.png,-939.1%
10,1,20,3,468,202,488,205,468,201,488,202,488,206,468,205,text,figure_text,figure_2,,,,pai_2cols_20211228_152847_7026513597_600_800.png,/scratch/parceirosbr/bigoilict/share/BigOil/document_generator/datasets/documents_2021_12_28/pai_2cols_20211228_152847_7026513597_600_800.png,pai_2cols_20211228_152847_7026513597_600_800_mask.png,-1504.74%
10,1,20,3,468,202,488,205,468,201,488,202,488,206,468,205,sub_line_text,figure_text,figure_2,,,,pai_2cols_20211228_152847_7026513597_600_800.png,/scratch/parceirosbr/bigoilict/share/BigOil/document_generator/datasets/documents_2021_12_28/pai_2cols_20211228_152847_7026513597_600_800.png,pai_2cols_20211228_152847_7026513597_600_800_mask.png,-1504.74%
17,3,34,7,423,190,457,197,423,193,457,190,457,195,424,197,text,figure_text,figure_2,,,,pai_2cols_20211228_152847_7026513597_600_800.png,/scratch/parceirosbr/bigoilict/share/BigOil/document_generator/datasets/documents_2021_12_28/pai_2cols_20211228_152847_7026513597_600_800.png,pai_2cols_20211228_152847_7026513597_600_800_mask.png,Temperature [a.c]
17,3,34,7,423,190,457,197,423,193,457,190,457,195,424,197,sub_line_text,figure_text,figure_2,,,,pai_2cols_20211228_152847_7026513597_600_800.png,/scratch/parceirosbr/bigoilict/share/BigOil/document_generator/datasets/documents_2021_12_28/pai_2cols_20211228_152847_7026513597_600_800.png,pai_2cols_20211228_152847_7026513597_600_800_mask.png,Temperature [a.c]
4,1,8,3,425,200,433,203,425,199,433,200,433,204,425,203,text,figure_text,figure_2,,,,pai_2cols_20211228_152847_7026513597_600_800.png,/scratch/parceirosbr/bigoilict/share/BigOil/document_generator/datasets/documents_2021_12_28/pai_2cols_20211228_152847_7026513597_600_800.png,pai_2cols_20211228_152847_7026513597_600_800_mask.png,77%
4,1,8,3,425,200,433,203,425,199,433,200,433,204,425,203,sub_line_text,figure_text,figure_2,,,,pai_2cols_20211228_152847_7026513597_600_800.png,/scratch/parceirosbr/bigoilict/share/BigOil/document_generator/datasets/documents_2021_12_28/pai_2cols_20211228_152847_7026513597_600_800.png,pai_2cols_20211228_152847_7026513597_600_800_mask.png,77%
9,2,19,5,465,211,484,216,465,212,483,211,484,215,465,216,text,figure_text,figure_2,,,,pai_2cols_20211228_152847_7026513597_600_800.png,/scratch/parceirosbr/bigoilict/share/BigOil/document_generator/datasets/documents_2021_12_28/pai_2cols_20211228_152847_7026513597_600_800.png,pai_2cols_20211228_152847_7026513597_600_800_mask.png,Reflective
9,2,19,5,465,211,484,216,465,212,483,211,484,215,465,216,sub_line_text,figure_text,figure_2,,,,pai_2cols_20211228_152847_7026513597_600_800.png,/scratch/parceirosbr/bigoilict/share/BigOil/document_generator/datasets/documents_2021_12_28/pai_2cols_20211228_152847_7026513597_600_800.png,pai_2cols_20211228_152847_7026513597_600_800_mask.png,Reflective
8,1,17,2,394,218,411,220,394,216,411,218,411,222,393,220,text,figure_text,figure_2,,,,pai_2cols_20211228_152847_7026513597_600_800.png,/scratch/parceirosbr/bigoilict/share/BigOil/document_generator/datasets/documents_2021_12_28/pai_2cols_20211228_152847_7026513597_600_800.png,pai_2cols_20211228_152847_7026513597_600_800_mask.png,-4261.3%
8,1,17,2,394,218,411,220,394,216,411,218,411,222,393,220,sub_line_text,figure_text,figure_2,,,,pai_2cols_20211228_152847_7026513597_600_800.png,/scratch/parceirosbr/bigoilict/share/BigOil/document_generator/datasets/documents_2021_12_28/pai_2cols_20211228_152847_7026513597_600_800.png,pai_2cols_20211228_152847_7026513597_600_800_mask.png,-4261.3%
5,1,10,2,467,192,477,194,467,191,478,192,477,196,467,194,text,figure_text,figure_2,,,,pai_2cols_20211228_152847_7026513597_600_800.png,/scratch/parceirosbr/bigoilict/share/BigOil/document_generator/datasets/documents_2021_12_28/pai_2cols_20211228_152847_7026513597_600_800.png,pai_2cols_20211228_152847_7026513597_600_800_mask.png,North
5,1,10,2,467,192,477,194,467,191,478,192,477,196,467,194,sub_line_text,figure_text,figure_2,,,,pai_2cols_20211228_152847_7026513597_600_800.png,/scratch/parceirosbr/bigoilict/share/BigOil/document_generator/datasets/documents_2021_12_28/pai_2cols_20211228_152847_7026513597_600_800.png,pai_2cols_20211228_152847_7026513597_600_800_mask.png,North
11,2,22,5,397,165,419,170,397,165,419,165,419,170,397,170,text,figure_text,figure_2,,,,pai_2cols_20211228_152847_7026513597_600_800.png,/scratch/parceirosbr/bigoilict/share/BigOil/document_generator/datasets/documents_2021_12_28/pai_2cols_20211228_152847_7026513597_600_800.png,pai_2cols_20211228_152847_7026513597_600_800_mask.png,Water [MM]
11,2,22,5,397,165,419,170,397,165,419,165,419,170,397,170,sub_line_text,figure_text,figure_2,,,,pai_2cols_20211228_152847_7026513597_600_800.png,/scratch/parceirosbr/bigoilict/share/BigOil/document_generator/datasets/documents_2021_12_28/pai_2cols_20211228_152847_7026513597_600_800.png,pai_2cols_20211228_152847_7026513597_600_800_mask.png,Water [MM]
5,2,11,4,441,229,452,233,441,229,452,229,452,233,441,233,text,figure_text,figure_2,,,,pai_2cols_20211228_152847_7026513597_600_800.png,/scratch/parceirosbr/bigoilict/share/BigOil/document_generator/datasets/documents_2021_12_28/pai_2cols_20211228_152847_7026513597_600_800.png,pai_2cols_20211228_152847_7026513597_600_800_mask.png,-6816
5,2,11,4,441,229,452,233,441,229,452,229,452,233,441,233,sub_line_text,figure_text,figure_2,,,,pai_2cols_20211228_152847_7026513597_600_800.png,/scratch/parceirosbr/bigoilict/share/BigOil/document_generator/datasets/documents_2021_12_28/pai_2cols_20211228_152847_7026513597_600_800.png,pai_2cols_20211228_152847_7026513597_600_800_mask.png,-6816
8,2,16,4,456,221,472,225,456,221,472,221,472,225,456,225,text,figure_text,figure_2,,,,pai_2cols_20211228_152847_7026513597_600_800.png,/scratch/parceirosbr/bigoilict/share/BigOil/document_generator/datasets/documents_2021_12_28/pai_2cols_20211228_152847_7026513597_600_800.png,pai_2cols_20211228_152847_7026513597_600_800_mask.png,Reaction
8,2,16,4,456,221,472,225,456,221,472,221,472,225,456,225,sub_line_text,figure_text,figure_2,,,,pai_2cols_20211228_152847_7026513597_600_800.png,/scratch/parceirosbr/bigoilict/share/BigOil/document_generator/datasets/documents_2021_12_28/pai_2cols_20211228_152847_7026513597_600_800.png,pai_2cols_20211228_152847_7026513597_600_800_mask.png,Reaction
12,2,25,5,446,159,471,164,446,159,471,159,471,164,446,164,text,figure_text,figure_2,,,,pai_2cols_20211228_152847_7026513597_600_800.png,/scratch/parceirosbr/bigoilict/share/BigOil/document_generator/datasets/documents_2021_12_28/pai_2cols_20211228_152847_7026513597_600_800.png,pai_2cols_20211228_152847_7026513597_600_800_mask.png,Demand (TB)
12,2,25,5,446,159,471,164,446,159,471,159,471,164,446,164,sub_line_text,figure_text,figure_2,,,,pai_2cols_20211228_152847_7026513597_600_800.png,/scratch/parceirosbr/bigoilict/share/BigOil/document_generator/datasets/documents_2021_12_28/pai_2cols_20211228_152847_7026513597_600_800.png,pai_2cols_20211228_152847_7026513597_600_800_mask.png,Demand (TB)
8,3,17,6,403,200,420,206,403,202,420,200,420,204,404,206,text,figure_text,figure_2,,,,pai_2cols_20211228_152847_7026513597_600_800.png,/scratch/parceirosbr/bigoilict/share/BigOil/document_generator/datasets/documents_2021_12_28/pai_2cols_20211228_152847_7026513597_600_800.png,pai_2cols_20211228_152847_7026513597_600_800_mask.png,-8010.12
8,3,17,6,403,200,420,206,403,202,420,200,420,204,404,206,sub_line_text,figure_text,figure_2,,,,pai_2cols_20211228_152847_7026513597_600_800.png,/scratch/parceirosbr/bigoilict/share/BigOil/document_generator/datasets/documents_2021_12_28/pai_2cols_20211228_152847_7026513597_600_800.png,pai_2cols_20211228_152847_7026513597_600_800_mask.png,-8010.12
8,2,17,4,470,236,487,240,470,236,487,236,487,240,470,240,text,figure_text,figure_2,,,,pai_2cols_20211228_152847_7026513597_600_800.png,/scratch/parceirosbr/bigoilict/share/BigOil/document_generator/datasets/documents_2021_12_28/pai_2cols_20211228_152847_7026513597_600_800.png,pai_2cols_20211228_152847_7026513597_600_800_mask.png,Advance
8,2,17,4,470,236,487,240,470,236,487,236,487,240,470,240,sub_line_text,figure_text,figure_2,,,,pai_2cols_20211228_152847_7026513597_600_800.png,/scratch/parceirosbr/bigoilict/share/BigOil/document_generator/datasets/documents_2021_12_28/pai_2cols_20211228_152847_7026513597_600_800.png,pai_2cols_20211228_152847_7026513597_600_800_mask.png,Advance
5,2,11,5,471,176,482,181,471,177,482,176,482,180,471,181,text,figure_text,figure_2,,,,pai_2cols_20211228_152847_7026513597_600_800.png,/scratch/parceirosbr/bigoilict/share/BigOil/document_generator/datasets/documents_2021_12_28/pai_2cols_20211228_152847_7026513597_600_800.png,pai_2cols_20211228_152847_7026513597_600_800_mask.png,-5200
5,2,11,5,471,176,482,181,471,177,482,176,482,180,471,181,sub_line_text,figure_text,figure_2,,,,pai_2cols_20211228_152847_7026513597_600_800.png,/scratch/parceirosbr/bigoilict/share/BigOil/document_generator/datasets/documents_2021_12_28/pai_2cols_20211228_152847_7026513597_600_800.png,pai_2cols_20211228_152847_7026513597_600_800_mask.png,-5200
7,1,14,2,450,201,464,203,450,199,464,201,464,205,449,203,text,figure_text,figure_2,,,,pai_2cols_20211228_152847_7026513597_600_800.png,/scratch/parceirosbr/bigoilict/share/BigOil/document_generator/datasets/documents_2021_12_28/pai_2cols_20211228_152847_7026513597_600_800.png,pai_2cols_20211228_152847_7026513597_600_800_mask.png,-4009.0
7,1,14,2,450,201,464,203,450,199,464,201,464,205,449,203,sub_line_text,figure_text,figure_2,,,,pai_2cols_20211228_152847_7026513597_600_800.png,/scratch/parceirosbr/bigoilict/share/BigOil/document_generator/datasets/documents_2021_12_28/pai_2cols_20211228_152847_7026513597_600_800.png,pai_2cols_20211228_152847_7026513597_600_800_mask.png,-4009.0
9,1,19,2,413,240,432,242,413,239,432,240,432,244,412,242,text,figure_text,figure_2,,,,pai_2cols_20211228_152847_7026513597_600_800.png,/scratch/parceirosbr/bigoilict/share/BigOil/document_generator/datasets/documents_2021_12_28/pai_2cols_20211228_152847_7026513597_600_800.png,pai_2cols_20211228_152847_7026513597_600_800_mask.png,-2949.874
9,1,19,2,413,240,432,242,413,239,432,240,432,244,412,242,sub_line_text,figure_text,figure_2,,,,pai_2cols_20211228_152847_7026513597_600_800.png,/scratch/parceirosbr/bigoilict/share/BigOil/document_generator/datasets/documents_2021_12_28/pai_2cols_20211228_152847_7026513597_600_800.png,pai_2cols_20211228_152847_7026513597_600_800_mask.png,-2949.874
7,1,15,3,400,150,415,153,400,150,415,150,415,154,400,153,text,figure_text,figure_2,,,,pai_2cols_20211228_152847_7026513597_600_800.png,/scratch/parceirosbr/bigoilict/share/BigOil/document_generator/datasets/documents_2021_12_28/pai_2cols_20211228_152847_7026513597_600_800.png,pai_2cols_20211228_152847_7026513597_600_800_mask.png,-2627.2
7,1,15,3,400,150,415,153,400,150,415,150,415,154,400,153,sub_line_text,figure_text,figure_2,,,,pai_2cols_20211228_152847_7026513597_600_800.png,/scratch/parceirosbr/bigoilict/share/BigOil/document_generator/datasets/documents_2021_12_28/pai_2cols_20211228_152847_7026513597_600_800.png,pai_2cols_20211228_152847_7026513597_600_800_mask.png,-2627.2
8,2,17,5,421,218,438,223,421,220,438,218,438,222,421,223,text,figure_text,figure_2,,,,pai_2cols_20211228_152847_7026513597_600_800.png,/scratch/parceirosbr/bigoilict/share/BigOil/document_generator/datasets/documents_2021_12_28/pai_2cols_20211228_152847_7026513597_600_800.png,pai_2cols_20211228_152847_7026513597_600_800_mask.png,-7500.62
8,2,17,5,421,218,438,223,421,220,438,218,438,222,421,223,sub_line_text,figure_text,figure_2,,,,pai_2cols_20211228_152847_7026513597_600_800.png,/scratch/parceirosbr/bigoilict/share/BigOil/document_generator/datasets/documents_2021_12_28/pai_2cols_20211228_152847_7026513597_600_800.png,pai_2cols_20211228_152847_7026513597_600_800_mask.png,-7500.62
8,1,17,2,482,224,499,226,482,222,500,224,499,229,481,226,text,figure_text,figure_2,,,,pai_2cols_20211228_152847_7026513597_600_800.png,/scratch/parceirosbr/bigoilict/share/BigOil/document_generator/datasets/documents_2021_12_28/pai_2cols_20211228_152847_7026513597_600_800.png,pai_2cols_20211228_152847_7026513597_600_800_mask.png,Data (KB)
8,1,17,2,482,224,499,226,482,222,500,224,499,229,481,226,sub_line_text,figure_text,figure_2,,,,pai_2cols_20211228_152847_7026513597_600_800.png,/scratch/parceirosbr/bigoilict/share/BigOil/document_generator/datasets/documents_2021_12_28/pai_2cols_20211228_152847_7026513597_600_800.png,pai_2cols_20211228_152847_7026513597_600_800_mask.png,Data (KB)
7,2,14,4,433,237,447,241,433,237,447,237,447,241,433,241,text,figure_text,figure_2,,,,pai_2cols_20211228_152847_7026513597_600_800.png,/scratch/parceirosbr/bigoilict/share/BigOil/document_generator/datasets/documents_2021_12_28/pai_2cols_20211228_152847_7026513597_600_800.png,pai_2cols_20211228_152847_7026513597_600_800_mask.png,Control
7,2,14,4,433,237,447,241,433,237,447,237,447,241,433,241,sub_line_text,figure_text,figure_2,,,,pai_2cols_20211228_152847_7026513597_600_800.png,/scratch/parceirosbr/bigoilict/share/BigOil/document_generator/datasets/documents_2021_12_28/pai_2cols_20211228_152847_7026513597_600_800.png,pai_2cols_20211228_152847_7026513597_600_800_mask.png,Control
9,0,19,1,416,232,435,233,416,229,436,232,435,236,415,233,text,figure_text,figure_2,,,,pai_2cols_20211228_152847_7026513597_600_800.png,/scratch/parceirosbr/bigoilict/share/BigOil/document_generator/datasets/documents_2021_12_28/pai_2cols_20211228_152847_7026513597_600_800.png,pai_2cols_20211228_152847_7026513597_600_800_mask.png,-4080.20%
9,0,19,1,416,232,435,233,416,229,436,232,435,236,415,233,sub_line_text,figure_text,figure_2,,,,pai_2cols_20211228_152847_7026513597_600_800.png,/scratch/parceirosbr/bigoilict/share/BigOil/document_generator/datasets/documents_2021_12_28/pai_2cols_20211228_152847_7026513597_600_800.png,pai_2cols_20211228_152847_7026513597_600_800_mask.png,-4080.20%
5,2,11,5,456,240,467,245,456,241,467,240,467,244,457,245,text,figure_text,figure_2,,,,pai_2cols_20211228_152847_7026513597_600_800.png,/scratch/parceirosbr/bigoilict/share/BigOil/document_generator/datasets/documents_2021_12_28/pai_2cols_20211228_152847_7026513597_600_800.png,pai_2cols_20211228_152847_7026513597_600_800_mask.png,-2025
5,2,11,5,456,240,467,245,456,241,467,240,467,244,457,245,sub_line_text,figure_text,figure_2,,,,pai_2cols_20211228_152847_7026513597_600_800.png,/scratch/parceirosbr/bigoilict/share/BigOil/document_generator/datasets/documents_2021_12_28/pai_2cols_20211228_152847_7026513597_600_800.png,pai_2cols_20211228_152847_7026513597_600_800_mask.png,-2025
8,2,17,5,446,152,463,157,446,153,463,152,463,156,446,157,text,figure_text,figure_2,,,,pai_2cols_20211228_152847_7026513597_600_800.png,/scratch/parceirosbr/bigoilict/share/BigOil/document_generator/datasets/documents_2021_12_28/pai_2cols_20211228_152847_7026513597_600_800.png,pai_2cols_20211228_152847_7026513597_600_800_mask.png,Water [L]
8,2,17,5,446,152,463,157,446,153,463,152,463,156,446,157,sub_line_text,figure_text,figure_2,,,,pai_2cols_20211228_152847_7026513597_600_800.png,/scratch/parceirosbr/bigoilict/share/BigOil/document_generator/datasets/documents_2021_12_28/pai_2cols_20211228_152847_7026513597_600_800.png,pai_2cols_20211228_152847_7026513597_600_800_mask.png,Water [L]
5,2,11,5,456,229,467,234,456,230,467,229,467,233,457,234,text,figure_text,figure_2,,,,pai_2cols_20211228_152847_7026513597_600_800.png,/scratch/parceirosbr/bigoilict/share/BigOil/document_generator/datasets/documents_2021_12_28/pai_2cols_20211228_152847_7026513597_600_800.png,pai_2cols_20211228_152847_7026513597_600_800_mask.png,-2700
5,2,11,5,456,229,467,234,456,230,467,229,467,233,457,234,sub_line_text,figure_text,figure_2,,,,pai_2cols_20211228_152847_7026513597_600_800.png,/scratch/parceirosbr/bigoilict/share/BigOil/document_generator/datasets/documents_2021_12_28/pai_2cols_20211228_152847_7026513597_600_800.png,pai_2cols_20211228_152847_7026513597_600_800_mask.png,-2700
88,5,177,11,354,252,531,263,354,252,531,252,531,263,354,263,sub_line_text,figure_legend,figure_2,raleway,bold,9,pai_2cols_20211228_152847_7026513597_600_800.png,/scratch/parceirosbr/bigoilict/share/BigOil/document_generator/datasets/documents_2021_12_28/pai_2cols_20211228_152847_7026513597_600_800.png,pai_2cols_20211228_152847_7026513597_600_800_mask.png,Figure  132:    Factors  such  as  the compos-
88,5,177,11,354,271,531,282,354,271,531,271,531,282,354,282,sub_line_text,figure_legend,figure_2,raleway,bold,9,pai_2cols_20211228_152847_7026513597_600_800.png,/scratch/parceirosbr/bigoilict/share/BigOil/document_generator/datasets/documents_2021_12_28/pai_2cols_20211228_152847_7026513597_600_800.png,pai_2cols_20211228_152847_7026513597_600_800_mask.png,"ition  of  the  gas,  the  amount  of  gas  to be"
50,5,100,11,354,290,454,301,354,290,454,290,454,301,354,301,sub_line_text,figure_legend,figure_2,raleway,bold,9,pai_2cols_20211228_152847_7026513597_600_800.png,/scratch/parceirosbr/bigoilict/share/BigOil/document_generator/datasets/documents_2021_12_28/pai_2cols_20211228_152847_7026513597_600_800.png,pai_2cols_20211228_152847_7026513597_600_800_mask.png,produced and liquefied
88,24,177,49,354,252,531,301,354,252,531,252,531,301,354,301,text,figure_legend,figure_2,raleway,bold,9,pai_2cols_20211228_152847_7026513597_600_800.png,/scratch/parceirosbr/bigoilict/share/BigOil/document_generator/datasets/documents_2021_12_28/pai_2cols_20211228_152847_7026513597_600_800.png,pai_2cols_20211228_152847_7026513597_600_800_mask.png,nan
112,89,225,178,333,313,558,491,333,313,558,313,558,491,333,491,table,table_image,table_0,,,,pai_2cols_20211228_152847_7026513597_600_800.png,/scratch/parceirosbr/bigoilict/share/BigOil/document_generator/datasets/documents_2021_12_28/pai_2cols_20211228_152847_7026513597_600_800.png,pai_2cols_20211228_152847_7026513597_600_800_mask.png,output/gen_tab_20211228_152850_2179399230.png
18,5,36,10,383,315,419,325,383,315,419,315,419,325,383,325,text,table_text,table_0,times,regular,10.0,pai_2cols_20211228_152847_7026513597_600_800.png,/scratch/parceirosbr/bigoilict/share/BigOil/document_generator/datasets/documents_2021_12_28/pai_2cols_20211228_152847_7026513597_600_800.png,pai_2cols_20211228_152847_7026513597_600_800_mask.png,formando
18,5,36,10,383,315,419,325,383,315,419,315,419,325,383,325,sub_line_text,table_text,table_0,times,regular,10.0,pai_2cols_20211228_152847_7026513597_600_800.png,/scratch/parceirosbr/bigoilict/share/BigOil/document_generator/datasets/documents_2021_12_28/pai_2cols_20211228_152847_7026513597_600_800.png,pai_2cols_20211228_152847_7026513597_600_800_mask.png,formando
18,5,36,10,383,333,419,343,383,333,419,333,419,343,383,343,text,table_text,table_0,times,italic,10.0,pai_2cols_20211228_152847_7026513597_600_800.png,/scratch/parceirosbr/bigoilict/share/BigOil/document_generator/datasets/documents_2021_12_28/pai_2cols_20211228_152847_7026513597_600_800.png,pai_2cols_20211228_152847_7026513597_600_800_mask.png,95245.30
18,5,36,10,383,333,419,343,383,333,419,333,419,343,383,343,sub_line_text,table_text,table_0,times,italic,10.0,pai_2cols_20211228_152847_7026513597_600_800.png,/scratch/parceirosbr/bigoilict/share/BigOil/document_generator/datasets/documents_2021_12_28/pai_2cols_20211228_152847_7026513597_600_800.png,pai_2cols_20211228_152847_7026513597_600_800_mask.png,95245.30
23,5,46,10,373,347,419,357,373,347,419,347,419,357,373,357,text,table_text,table_0,times,italic,10.0,pai_2cols_20211228_152847_7026513597_600_800.png,/scratch/parceirosbr/bigoilict/share/BigOil/document_generator/datasets/documents_2021_12_28/pai_2cols_20211228_152847_7026513597_600_800.png,pai_2cols_20211228_152847_7026513597_600_800_mask.png,6499786.61
23,5,46,10,373,347,419,357,373,347,419,347,419,357,373,357,sub_line_text,table_text,table_0,times,italic,10.0,pai_2cols_20211228_152847_7026513597_600_800.png,/scratch/parceirosbr/bigoilict/share/BigOil/document_generator/datasets/documents_2021_12_28/pai_2cols_20211228_152847_7026513597_600_800.png,pai_2cols_20211228_152847_7026513597_600_800_mask.png,6499786.61
23,5,46,10,373,360,419,370,373,360,419,360,419,370,373,370,text,table_text,table_0,times,italic,10.0,pai_2cols_20211228_152847_7026513597_600_800.png,/scratch/parceirosbr/bigoilict/share/BigOil/document_generator/datasets/documents_2021_12_28/pai_2cols_20211228_152847_7026513597_600_800.png,pai_2cols_20211228_152847_7026513597_600_800_mask.png,8400318.04
23,5,46,10,373,360,419,370,373,360,419,360,419,370,373,370,sub_line_text,table_text,table_0,times,italic,10.0,pai_2cols_20211228_152847_7026513597_600_800.png,/scratch/parceirosbr/bigoilict/share/BigOil/document_generator/datasets/documents_2021_12_28/pai_2cols_20211228_152847_7026513597_600_800.png,pai_2cols_20211228_152847_7026513597_600_800_mask.png,8400318.04
23,5,46,10,373,374,419,384,373,374,419,374,419,384,373,384,text,table_text,table_0,times,italic,10.0,pai_2cols_20211228_152847_7026513597_600_800.png,/scratch/parceirosbr/bigoilict/share/BigOil/document_generator/datasets/documents_2021_12_28/pai_2cols_20211228_152847_7026513597_600_800.png,pai_2cols_20211228_152847_7026513597_600_800_mask.png,6858848.75
23,5,46,10,373,374,419,384,373,374,419,374,419,384,373,384,sub_line_text,table_text,table_0,times,italic,10.0,pai_2cols_20211228_152847_7026513597_600_800.png,/scratch/parceirosbr/bigoilict/share/BigOil/document_generator/datasets/documents_2021_12_28/pai_2cols_20211228_152847_7026513597_600_800.png,pai_2cols_20211228_152847_7026513597_600_800_mask.png,6858848.75
18,5,36,10,383,387,419,397,383,387,419,387,419,397,383,397,text,table_text,table_0,times,italic,10.0,pai_2cols_20211228_152847_7026513597_600_800.png,/scratch/parceirosbr/bigoilict/share/BigOil/document_generator/datasets/documents_2021_12_28/pai_2cols_20211228_152847_7026513597_600_800.png,pai_2cols_20211228_152847_7026513597_600_800_mask.png,58785.91
18,5,36,10,383,387,419,397,383,387,419,387,419,397,383,397,sub_line_text,table_text,table_0,times,italic,10.0,pai_2cols_20211228_152847_7026513597_600_800.png,/scratch/parceirosbr/bigoilict/share/BigOil/document_generator/datasets/documents_2021_12_28/pai_2cols_20211228_152847_7026513597_600_800.png,pai_2cols_20211228_152847_7026513597_600_800_mask.png,58785.91
23,5,46,10,373,401,419,411,373,401,419,401,419,411,373,411,text,table_text,table_0,times,italic,10.0,pai_2cols_20211228_152847_7026513597_600_800.png,/scratch/parceirosbr/bigoilict/share/BigOil/document_generator/datasets/documents_2021_12_28/pai_2cols_20211228_152847_7026513597_600_800.png,pai_2cols_20211228_152847_7026513597_600_800_mask.png,2130547.53
23,5,46,10,373,401,419,411,373,401,419,401,419,411,373,411,sub_line_text,table_text,table_0,times,italic,10.0,pai_2cols_20211228_152847_7026513597_600_800.png,/scratch/parceirosbr/bigoilict/share/BigOil/document_generator/datasets/documents_2021_12_28/pai_2cols_20211228_152847_7026513597_600_800.png,pai_2cols_20211228_152847_7026513597_600_800_mask.png,2130547.53
23,5,47,10,372,415,419,425,372,415,419,415,419,425,372,425,text,table_text,table_0,times,italic,10.0,pai_2cols_20211228_152847_7026513597_600_800.png,/scratch/parceirosbr/bigoilict/share/BigOil/document_generator/datasets/documents_2021_12_28/pai_2cols_20211228_152847_7026513597_600_800.png,pai_2cols_20211228_152847_7026513597_600_800_mask.png,6290531.86
23,5,47,10,372,415,419,425,372,415,419,415,419,425,372,425,sub_line_text,table_text,table_0,times,italic,10.0,pai_2cols_20211228_152847_7026513597_600_800.png,/scratch/parceirosbr/bigoilict/share/BigOil/document_generator/datasets/documents_2021_12_28/pai_2cols_20211228_152847_7026513597_600_800.png,pai_2cols_20211228_152847_7026513597_600_800_mask.png,6290531.86
18,5,37,10,382,428,419,438,382,428,419,428,419,438,382,438,text,table_text,table_0,times,italic,10.0,pai_2cols_20211228_152847_7026513597_600_800.png,/scratch/parceirosbr/bigoilict/share/BigOil/document_generator/datasets/documents_2021_12_28/pai_2cols_20211228_152847_7026513597_600_800.png,pai_2cols_20211228_152847_7026513597_600_800_mask.png,35943.47
18,5,37,10,382,428,419,438,382,428,419,428,419,438,382,438,sub_line_text,table_text,table_0,times,italic,10.0,pai_2cols_20211228_152847_7026513597_600_800.png,/scratch/parceirosbr/bigoilict/share/BigOil/document_generator/datasets/documents_2021_12_28/pai_2cols_20211228_152847_7026513597_600_800.png,pai_2cols_20211228_152847_7026513597_600_800_mask.png,35943.47
18,5,36,10,383,442,419,452,383,442,419,442,419,452,383,452,text,table_text,table_0,times,italic,10.0,pai_2cols_20211228_152847_7026513597_600_800.png,/scratch/parceirosbr/bigoilict/share/BigOil/document_generator/datasets/documents_2021_12_28/pai_2cols_20211228_152847_7026513597_600_800.png,pai_2cols_20211228_152847_7026513597_600_800_mask.png,89646.83
18,5,36,10,383,442,419,452,383,442,419,442,419,452,383,452,sub_line_text,table_text,table_0,times,italic,10.0,pai_2cols_20211228_152847_7026513597_600_800.png,/scratch/parceirosbr/bigoilict/share/BigOil/document_generator/datasets/documents_2021_12_28/pai_2cols_20211228_152847_7026513597_600_800.png,pai_2cols_20211228_152847_7026513597_600_800_mask.png,89646.83
23,5,46,10,373,455,419,465,373,455,419,455,419,465,373,465,text,table_text,table_0,times,italic,10.0,pai_2cols_20211228_152847_7026513597_600_800.png,/scratch/parceirosbr/bigoilict/share/BigOil/document_generator/datasets/documents_2021_12_28/pai_2cols_20211228_152847_7026513597_600_800.png,pai_2cols_20211228_152847_7026513597_600_800_mask.png,3670894.48
23,5,46,10,373,455,419,465,373,455,419,455,419,465,373,465,sub_line_text,table_text,table_0,times,italic,10.0,pai_2cols_20211228_152847_7026513597_600_800.png,/scratch/parceirosbr/bigoilict/share/BigOil/document_generator/datasets/documents_2021_12_28/pai_2cols_20211228_152847_7026513597_600_800.png,pai_2cols_20211228_152847_7026513597_600_800_mask.png,3670894.48
23,5,46,10,373,469,419,479,373,469,419,469,419,479,373,479,text,table_text,table_0,times,italic,10.0,pai_2cols_20211228_152847_7026513597_600_800.png,/scratch/parceirosbr/bigoilict/share/BigOil/document_generator/datasets/documents_2021_12_28/pai_2cols_20211228_152847_7026513597_600_800.png,pai_2cols_20211228_152847_7026513597_600_800_mask.png,2526752.91
23,5,46,10,373,469,419,479,373,469,419,469,419,479,373,479,sub_line_text,table_text,table_0,times,italic,10.0,pai_2cols_20211228_152847_7026513597_600_800.png,/scratch/parceirosbr/bigoilict/share/BigOil/document_generator/datasets/documents_2021_12_28/pai_2cols_20211228_152847_7026513597_600_800.png,pai_2cols_20211228_152847_7026513597_600_800_mask.png,2526752.91
15,5,31,10,459,315,490,325,459,315,490,315,490,325,459,325,text,table_text,table_0,times,regular,10.0,pai_2cols_20211228_152847_7026513597_600_800.png,/scratch/parceirosbr/bigoilict/share/BigOil/document_generator/datasets/documents_2021_12_28/pai_2cols_20211228_152847_7026513597_600_800.png,pai_2cols_20211228_152847_7026513597_600_800_mask.png,partirde
15,5,31,10,459,315,490,325,459,315,490,315,490,325,459,325,sub_line_text,table_text,table_0,times,regular,10.0,pai_2cols_20211228_152847_7026513597_600_800.png,/scratch/parceirosbr/bigoilict/share/BigOil/document_generator/datasets/documents_2021_12_28/pai_2cols_20211228_152847_7026513597_600_800.png,pai_2cols_20211228_152847_7026513597_600_800_mask.png,partirde
16,5,32,10,458,333,490,343,458,333,490,333,490,343,458,343,text,table_text,table_0,times,italic,10.0,pai_2cols_20211228_152847_7026513597_600_800.png,/scratch/parceirosbr/bigoilict/share/BigOil/document_generator/datasets/documents_2021_12_28/pai_2cols_20211228_152847_7026513597_600_800.png,pai_2cols_20211228_152847_7026513597_600_800_mask.png,8544.08
16,5,32,10,458,333,490,343,458,333,490,333,490,343,458,343,sub_line_text,table_text,table_0,times,italic,10.0,pai_2cols_20211228_152847_7026513597_600_800.png,/scratch/parceirosbr/bigoilict/share/BigOil/document_generator/datasets/documents_2021_12_28/pai_2cols_20211228_152847_7026513597_600_800.png,pai_2cols_20211228_152847_7026513597_600_800_mask.png,8544.08
16,5,32,10,458,347,490,357,458,347,490,347,490,357,458,357,text,table_text,table_0,times,italic,10.0,pai_2cols_20211228_152847_7026513597_600_800.png,/scratch/parceirosbr/bigoilict/share/BigOil/document_generator/datasets/documents_2021_12_28/pai_2cols_20211228_152847_7026513597_600_800.png,pai_2cols_20211228_152847_7026513597_600_800_mask.png,1228.12
16,5,32,10,458,347,490,357,458,347,490,347,490,357,458,357,sub_line_text,table_text,table_0,times,italic,10.0,pai_2cols_20211228_152847_7026513597_600_800.png,/scratch/parceirosbr/bigoilict/share/BigOil/document_generator/datasets/documents_2021_12_28/pai_2cols_20211228_152847_7026513597_600_800.png,pai_2cols_20211228_152847_7026513597_600_800_mask.png,1228.12
18,5,36,10,453,360,489,370,453,360,489,360,489,370,453,370,text,table_text,table_0,times,italic,10.0,pai_2cols_20211228_152847_7026513597_600_800.png,/scratch/parceirosbr/bigoilict/share/BigOil/document_generator/datasets/documents_2021_12_28/pai_2cols_20211228_152847_7026513597_600_800.png,pai_2cols_20211228_152847_7026513597_600_800_mask.png,44696.12
18,5,36,10,453,360,489,370,453,360,489,360,489,370,453,370,sub_line_text,table_text,table_0,times,italic,10.0,pai_2cols_20211228_152847_7026513597_600_800.png,/scratch/parceirosbr/bigoilict/share/BigOil/document_generator/datasets/documents_2021_12_28/pai_2cols_20211228_152847_7026513597_600_800.png,pai_2cols_20211228_152847_7026513597_600_800_mask.png,44696.12
14,5,28,10,461,374,489,384,461,374,489,374,489,384,461,384,text,table_text,table_0,times,italic,10.0,pai_2cols_20211228_152847_7026513597_600_800.png,/scratch/parceirosbr/bigoilict/share/BigOil/document_generator/datasets/documents_2021_12_28/pai_2cols_20211228_152847_7026513597_600_800.png,pai_2cols_20211228_152847_7026513597_600_800_mask.png,344.96
14,5,28,10,461,374,489,384,461,374,489,374,489,384,461,384,sub_line_text,table_text,table_0,times,italic,10.0,pai_2cols_20211228_152847_7026513597_600_800.png,/scratch/parceirosbr/bigoilict/share/BigOil/document_generator/datasets/documents_2021_12_28/pai_2cols_20211228_152847_7026513597_600_800.png,pai_2cols_20211228_152847_7026513597_600_800_mask.png,344.96
16,5,32,10,458,387,490,397,458,387,490,387,490,397,458,397,text,table_text,table_0,times,italic,10.0,pai_2cols_20211228_152847_7026513597_600_800.png,/scratch/parceirosbr/bigoilict/share/BigOil/document_generator/datasets/documents_2021_12_28/pai_2cols_20211228_152847_7026513597_600_800.png,pai_2cols_20211228_152847_7026513597_600_800_mask.png,3103.31
16,5,32,10,458,387,490,397,458,387,490,387,490,397,458,397,sub_line_text,table_text,table_0,times,italic,10.0,pai_2cols_20211228_152847_7026513597_600_800.png,/scratch/parceirosbr/bigoilict/share/BigOil/document_generator/datasets/documents_2021_12_28/pai_2cols_20211228_152847_7026513597_600_800.png,pai_2cols_20211228_152847_7026513597_600_800_mask.png,3103.31
16,5,32,10,458,401,490,411,458,401,490,401,490,411,458,411,text,table_text,table_0,times,italic,10.0,pai_2cols_20211228_152847_7026513597_600_800.png,/scratch/parceirosbr/bigoilict/share/BigOil/document_generator/datasets/documents_2021_12_28/pai_2cols_20211228_152847_7026513597_600_800.png,pai_2cols_20211228_152847_7026513597_600_800_mask.png,2951.74
16,5,32,10,458,401,490,411,458,401,490,401,490,411,458,411,sub_line_text,table_text,table_0,times,italic,10.0,pai_2cols_20211228_152847_7026513597_600_800.png,/scratch/parceirosbr/bigoilict/share/BigOil/document_generator/datasets/documents_2021_12_28/pai_2cols_20211228_152847_7026513597_600_800.png,pai_2cols_20211228_152847_7026513597_600_800_mask.png,2951.74
14,5,28,10,461,415,489,425,461,415,489,415,489,425,461,425,text,table_text,table_0,times,italic,10.0,pai_2cols_20211228_152847_7026513597_600_800.png,/scratch/parceirosbr/bigoilict/share/BigOil/document_generator/datasets/documents_2021_12_28/pai_2cols_20211228_152847_7026513597_600_800.png,pai_2cols_20211228_152847_7026513597_600_800_mask.png,510.76
14,5,28,10,461,415,489,425,461,415,489,415,489,425,461,425,sub_line_text,table_text,table_0,times,italic,10.0,pai_2cols_20211228_152847_7026513597_600_800.png,/scratch/parceirosbr/bigoilict/share/BigOil/document_generator/datasets/documents_2021_12_28/pai_2cols_20211228_152847_7026513597_600_800.png,pai_2cols_20211228_152847_7026513597_600_800_mask.png,510.76
14,5,28,10,461,428,489,438,461,428,489,428,489,438,461,438,text,table_text,table_0,times,italic,10.0,pai_2cols_20211228_152847_7026513597_600_800.png,/scratch/parceirosbr/bigoilict/share/BigOil/document_generator/datasets/documents_2021_12_28/pai_2cols_20211228_152847_7026513597_600_800.png,pai_2cols_20211228_152847_7026513597_600_800_mask.png,133.27
14,5,28,10,461,428,489,438,461,428,489,428,489,438,461,438,sub_line_text,table_text,table_0,times,italic,10.0,pai_2cols_20211228_152847_7026513597_600_800.png,/scratch/parceirosbr/bigoilict/share/BigOil/document_generator/datasets/documents_2021_12_28/pai_2cols_20211228_152847_7026513597_600_800.png,pai_2cols_20211228_152847_7026513597_600_800_mask.png,133.27
13,5,27,10,462,442,489,452,462,442,489,442,489,452,462,452,text,table_text,table_0,times,italic,10.0,pai_2cols_20211228_152847_7026513597_600_800.png,/scratch/parceirosbr/bigoilict/share/BigOil/document_generator/datasets/documents_2021_12_28/pai_2cols_20211228_152847_7026513597_600_800.png,pai_2cols_20211228_152847_7026513597_600_800_mask.png,486.49
13,5,27,10,462,442,489,452,462,442,489,442,489,452,462,452,sub_line_text,table_text,table_0,times,italic,10.0,pai_2cols_20211228_152847_7026513597_600_800.png,/scratch/parceirosbr/bigoilict/share/BigOil/document_generator/datasets/documents_2021_12_28/pai_2cols_20211228_152847_7026513597_600_800.png,pai_2cols_20211228_152847_7026513597_600_800_mask.png,486.49
18,5,36,10,453,455,489,465,453,455,489,455,489,465,453,465,text,table_text,table_0,times,italic,10.0,pai_2cols_20211228_152847_7026513597_600_800.png,/scratch/parceirosbr/bigoilict/share/BigOil/document_generator/datasets/documents_2021_12_28/pai_2cols_20211228_152847_7026513597_600_800.png,pai_2cols_20211228_152847_7026513597_600_800_mask.png,94186.23
18,5,36,10,453,455,489,465,453,455,489,455,489,465,453,465,sub_line_text,table_text,table_0,times,italic,10.0,pai_2cols_20211228_152847_7026513597_600_800.png,/scratch/parceirosbr/bigoilict/share/BigOil/document_generator/datasets/documents_2021_12_28/pai_2cols_20211228_152847_7026513597_600_800.png,pai_2cols_20211228_152847_7026513597_600_800_mask.png,94186.23
14,5,28,10,461,469,489,479,461,469,489,469,489,479,461,479,text,table_text,table_0,times,italic,10.0,pai_2cols_20211228_152847_7026513597_600_800.png,/scratch/parceirosbr/bigoilict/share/BigOil/document_generator/datasets/documents_2021_12_28/pai_2cols_20211228_152847_7026513597_600_800.png,pai_2cols_20211228_152847_7026513597_600_800_mask.png,282.86
14,5,28,10,461,469,489,479,461,469,489,469,489,479,461,479,sub_line_text,table_text,table_0,times,italic,10.0,pai_2cols_20211228_152847_7026513597_600_800.png,/scratch/parceirosbr/bigoilict/share/BigOil/document_generator/datasets/documents_2021_12_28/pai_2cols_20211228_152847_7026513597_600_800.png,pai_2cols_20211228_152847_7026513597_600_800_mask.png,282.86
12,5,24,10,529,315,553,325,529,315,553,315,553,325,529,325,text,table_text,table_0,times,regular,10.0,pai_2cols_20211228_152847_7026513597_600_800.png,/scratch/parceirosbr/bigoilict/share/BigOil/document_generator/datasets/documents_2021_12_28/pai_2cols_20211228_152847_7026513597_600_800.png,pai_2cols_20211228_152847_7026513597_600_800_mask.png,tratam
12,5,24,10,529,315,553,325,529,315,553,315,553,325,529,325,sub_line_text,table_text,table_0,times,regular,10.0,pai_2cols_20211228_152847_7026513597_600_800.png,/scratch/parceirosbr/bigoilict/share/BigOil/document_generator/datasets/documents_2021_12_28/pai_2cols_20211228_152847_7026513597_600_800.png,pai_2cols_20211228_152847_7026513597_600_800_mask.png,tratam
18,5,36,10,517,333,553,343,517,333,553,333,553,343,517,343,text,table_text,table_0,times,italic,10.0,pai_2cols_20211228_152847_7026513597_600_800.png,/scratch/parceirosbr/bigoilict/share/BigOil/document_generator/datasets/documents_2021_12_28/pai_2cols_20211228_152847_7026513597_600_800.png,pai_2cols_20211228_152847_7026513597_600_800_mask.png,986.6824
18,5,36,10,517,333,553,343,517,333,553,333,553,343,517,343,sub_line_text,table_text,table_0,times,italic,10.0,pai_2cols_20211228_152847_7026513597_600_800.png,/scratch/parceirosbr/bigoilict/share/BigOil/document_generator/datasets/documents_2021_12_28/pai_2cols_20211228_152847_7026513597_600_800.png,pai_2cols_20211228_152847_7026513597_600_800_mask.png,986.6824
18,5,36,10,517,347,553,357,517,347,553,347,553,357,517,357,text,table_text,table_0,times,italic,10.0,pai_2cols_20211228_152847_7026513597_600_800.png,/scratch/parceirosbr/bigoilict/share/BigOil/document_generator/datasets/documents_2021_12_28/pai_2cols_20211228_152847_7026513597_600_800.png,pai_2cols_20211228_152847_7026513597_600_800_mask.png,806.0284
18,5,36,10,517,347,553,357,517,347,553,347,553,357,517,357,sub_line_text,table_text,table_0,times,italic,10.0,pai_2cols_20211228_152847_7026513597_600_800.png,/scratch/parceirosbr/bigoilict/share/BigOil/document_generator/datasets/documents_2021_12_28/pai_2cols_20211228_152847_7026513597_600_800.png,pai_2cols_20211228_152847_7026513597_600_800_mask.png,806.0284
18,5,36,10,517,360,553,370,517,360,553,360,553,370,517,370,text,table_text,table_0,times,italic,10.0,pai_2cols_20211228_152847_7026513597_600_800.png,/scratch/parceirosbr/bigoilict/share/BigOil/document_generator/datasets/documents_2021_12_28/pai_2cols_20211228_152847_7026513597_600_800.png,pai_2cols_20211228_152847_7026513597_600_800_mask.png,439.1508
18,5,36,10,517,360,553,370,517,360,553,360,553,370,517,370,sub_line_text,table_text,table_0,times,italic,10.0,pai_2cols_20211228_152847_7026513597_600_800.png,/scratch/parceirosbr/bigoilict/share/BigOil/document_generator/datasets/documents_2021_12_28/pai_2cols_20211228_152847_7026513597_600_800.png,pai_2cols_20211228_152847_7026513597_600_800_mask.png,439.1508
18,5,37,10,516,374,553,384,516,374,553,374,553,384,516,384,text,table_text,table_0,times,italic,10.0,pai_2cols_20211228_152847_7026513597_600_800.png,/scratch/parceirosbr/bigoilict/share/BigOil/document_generator/datasets/documents_2021_12_28/pai_2cols_20211228_152847_7026513597_600_800.png,pai_2cols_20211228_152847_7026513597_600_800_mask.png,901.3096
18,5,37,10,516,374,553,384,516,374,553,374,553,384,516,384,sub_line_text,table_text,table_0,times,italic,10.0,pai_2cols_20211228_152847_7026513597_600_800.png,/scratch/parceirosbr/bigoilict/share/BigOil/document_generator/datasets/documents_2021_12_28/pai_2cols_20211228_152847_7026513597_600_800.png,pai_2cols_20211228_152847_7026513597_600_800_mask.png,901.3096
18,5,36,10,517,387,553,397,517,387,553,387,553,397,517,397,text,table_text,table_0,times,italic,10.0,pai_2cols_20211228_152847_7026513597_600_800.png,/scratch/parceirosbr/bigoilict/share/BigOil/document_generator/datasets/documents_2021_12_28/pai_2cols_20211228_152847_7026513597_600_800.png,pai_2cols_20211228_152847_7026513597_600_800_mask.png,218.0560
18,5,36,10,517,387,553,397,517,387,553,387,553,397,517,397,sub_line_text,table_text,table_0,times,italic,10.0,pai_2cols_20211228_152847_7026513597_600_800.png,/scratch/parceirosbr/bigoilict/share/BigOil/document_generator/datasets/documents_2021_12_28/pai_2cols_20211228_152847_7026513597_600_800.png,pai_2cols_20211228_152847_7026513597_600_800_mask.png,218.0560
18,5,36,10,517,401,553,411,517,401,553,401,553,411,517,411,text,table_text,table_0,times,italic,10.0,pai_2cols_20211228_152847_7026513597_600_800.png,/scratch/parceirosbr/bigoilict/share/BigOil/document_generator/datasets/documents_2021_12_28/pai_2cols_20211228_152847_7026513597_600_800.png,pai_2cols_20211228_152847_7026513597_600_800_mask.png,436.1818
18,5,36,10,517,401,553,411,517,401,553,401,553,411,517,411,sub_line_text,table_text,table_0,times,italic,10.0,pai_2cols_20211228_152847_7026513597_600_800.png,/scratch/parceirosbr/bigoilict/share/BigOil/document_generator/datasets/documents_2021_12_28/pai_2cols_20211228_152847_7026513597_600_800.png,pai_2cols_20211228_152847_7026513597_600_800_mask.png,436.1818
18,5,36,10,517,415,553,425,517,415,553,415,553,425,517,425,text,table_text,table_0,times,italic,10.0,pai_2cols_20211228_152847_7026513597_600_800.png,/scratch/parceirosbr/bigoilict/share/BigOil/document_generator/datasets/documents_2021_12_28/pai_2cols_20211228_152847_7026513597_600_800.png,pai_2cols_20211228_152847_7026513597_600_800_mask.png,163.7558
18,5,36,10,517,415,553,425,517,415,553,415,553,425,517,425,sub_line_text,table_text,table_0,times,italic,10.0,pai_2cols_20211228_152847_7026513597_600_800.png,/scratch/parceirosbr/bigoilict/share/BigOil/document_generator/datasets/documents_2021_12_28/pai_2cols_20211228_152847_7026513597_600_800.png,pai_2cols_20211228_152847_7026513597_600_800_mask.png,163.7558
18,5,37,10,516,428,553,438,516,428,553,428,553,438,516,438,text,table_text,table_0,times,italic,10.0,pai_2cols_20211228_152847_7026513597_600_800.png,/scratch/parceirosbr/bigoilict/share/BigOil/document_generator/datasets/documents_2021_12_28/pai_2cols_20211228_152847_7026513597_600_800.png,pai_2cols_20211228_152847_7026513597_600_800_mask.png,730.4607
18,5,37,10,516,428,553,438,516,428,553,428,553,438,516,438,sub_line_text,table_text,table_0,times,italic,10.0,pai_2cols_20211228_152847_7026513597_600_800.png,/scratch/parceirosbr/bigoilict/share/BigOil/document_generator/datasets/documents_2021_12_28/pai_2cols_20211228_152847_7026513597_600_800.png,pai_2cols_20211228_152847_7026513597_600_800_mask.png,730.4607
18,5,36,10,517,442,553,452,517,442,553,442,553,452,517,452,text,table_text,table_0,times,italic,10.0,pai_2cols_20211228_152847_7026513597_600_800.png,/scratch/parceirosbr/bigoilict/share/BigOil/document_generator/datasets/documents_2021_12_28/pai_2cols_20211228_152847_7026513597_600_800.png,pai_2cols_20211228_152847_7026513597_600_800_mask.png,555.6025
18,5,36,10,517,442,553,452,517,442,553,442,553,452,517,452,sub_line_text,table_text,table_0,times,italic,10.0,pai_2cols_20211228_152847_7026513597_600_800.png,/scratch/parceirosbr/bigoilict/share/BigOil/document_generator/datasets/documents_2021_12_28/pai_2cols_20211228_152847_7026513597_600_800.png,pai_2cols_20211228_152847_7026513597_600_800_mask.png,555.6025
18,5,36,10,517,455,553,465,517,455,553,455,553,465,517,465,text,table_text,table_0,times,italic,10.0,pai_2cols_20211228_152847_7026513597_600_800.png,/scratch/parceirosbr/bigoilict/share/BigOil/document_generator/datasets/documents_2021_12_28/pai_2cols_20211228_152847_7026513597_600_800.png,pai_2cols_20211228_152847_7026513597_600_800_mask.png,833.5175
18,5,36,10,517,455,553,465,517,455,553,455,553,465,517,465,sub_line_text,table_text,table_0,times,italic,10.0,pai_2cols_20211228_152847_7026513597_600_800.png,/scratch/parceirosbr/bigoilict/share/BigOil/document_generator/datasets/documents_2021_12_28/pai_2cols_20211228_152847_7026513597_600_800.png,pai_2cols_20211228_152847_7026513597_600_800_mask.png,833.5175
18,5,36,10,517,469,553,479,517,469,553,469,553,479,517,479,text,table_text,table_0,times,italic,10.0,pai_2cols_20211228_152847_7026513597_600_800.png,/scratch/parceirosbr/bigoilict/share/BigOil/document_generator/datasets/documents_2021_12_28/pai_2cols_20211228_152847_7026513597_600_800.png,pai_2cols_20211228_152847_7026513597_600_800_mask.png,276.8364
18,5,36,10,517,469,553,479,517,469,553,469,553,479,517,479,sub_line_text,table_text,table_0,times,italic,10.0,pai_2cols_20211228_152847_7026513597_600_800.png,/scratch/parceirosbr/bigoilict/share/BigOil/document_generator/datasets/documents_2021_12_28/pai_2cols_20211228_152847_7026513597_600_800.png,pai_2cols_20211228_152847_7026513597_600_800_mask.png,276.8364
89,5,179,11,354,496,533,507,354,496,533,496,533,507,354,507,sub_line_text,table_legend,table_0,raleway,bold,9,pai_2cols_20211228_152847_7026513597_600_800.png,/scratch/parceirosbr/bigoilict/share/BigOil/document_generator/datasets/documents_2021_12_28/pai_2cols_20211228_152847_7026513597_600_800.png,pai_2cols_20211228_152847_7026513597_600_800_mask.png,Table   71:      As   suggestions  for  improving
89,5,179,11,354,515,533,526,354,515,533,515,533,526,354,526,sub_line_text,table_legend,table_0,raleway,bold,9,pai_2cols_20211228_152847_7026513597_600_800.png,/scratch/parceirosbr/bigoilict/share/BigOil/document_generator/datasets/documents_2021_12_28/pai_2cols_20211228_152847_7026513597_600_800.png,pai_2cols_20211228_152847_7026513597_600_800_mask.png,the   base   bathymetric  map  is  the  incorp-
89,5,178,11,354,534,532,545,354,534,532,534,532,545,354,545,sub_line_text,table_legend,table_0,raleway,bold,9,pai_2cols_20211228_152847_7026513597_600_800.png,/scratch/parceirosbr/bigoilict/share/BigOil/document_generator/datasets/documents_2021_12_28/pai_2cols_20211228_152847_7026513597_600_800.png,pai_2cols_20211228_152847_7026513597_600_800_mask.png,oration    of   data   from   other   sources.   As
89,5,178,11,354,553,532,564,354,553,532,553,532,564,354,564,sub_line_text,table_legend,table_0,raleway,bold,9,pai_2cols_20211228_152847_7026513597_600_800.png,/scratch/parceirosbr/bigoilict/share/BigOil/document_generator/datasets/documents_2021_12_28/pai_2cols_20211228_152847_7026513597_600_800.png,pai_2cols_20211228_152847_7026513597_600_800_mask.png,"seen,   the   statistical   parameters   and   di-"
72,5,145,11,354,572,499,583,354,572,499,572,499,583,354,583,sub_line_text,table_legend,table_0,raleway,bold,9,pai_2cols_20211228_152847_7026513597_600_800.png,/scratch/parceirosbr/bigoilict/share/BigOil/document_generator/datasets/documents_2021_12_28/pai_2cols_20211228_152847_7026513597_600_800.png,pai_2cols_20211228_152847_7026513597_600_800_mask.png,stributions of a random process can
89,43,179,87,354,496,533,583,354,496,533,496,533,583,354,583,text,table_legend,table_0,raleway,bold,9,pai_2cols_20211228_152847_7026513597_600_800.png,/scratch/parceirosbr/bigoilict/share/BigOil/document_generator/datasets/documents_2021_12_28/pai_2cols_20211228_152847_7026513597_600_800.png,pai_2cols_20211228_152847_7026513597_600_800_mask.png,nan
90,6,181,12,375,595,556,607,375,595,556,595,556,607,375,607,sub_line_text,text,text_2,raleway,regular,10,pai_2cols_20211228_152847_7026513597_600_800.png,/scratch/parceirosbr/bigoilict/share/BigOil/document_generator/datasets/documents_2021_12_28/pai_2cols_20211228_152847_7026513597_600_800.png,pai_2cols_20211228_152847_7026513597_600_800_mask.png,"The  15th  of  will be held on March 29,"
113,6,227,12,330,615,557,627,330,615,557,615,557,627,330,627,sub_line_text,text,text_2,raleway,regular,10,pai_2cols_20211228_152847_7026513597_600_800.png,/scratch/parceirosbr/bigoilict/share/BigOil/document_generator/datasets/documents_2021_12_28/pai_2cols_20211228_152847_7026513597_600_800.png,pai_2cols_20211228_152847_7026513597_600_800_mask.png,2018  and  interested  companies can express in-
114,6,228,12,330,635,558,647,330,635,558,635,558,647,330,647,sub_line_text,text,text_2,raleway,regular,10,pai_2cols_20211228_152847_7026513597_600_800.png,/scratch/parceirosbr/bigoilict/share/BigOil/document_generator/datasets/documents_2021_12_28/pai_2cols_20211228_152847_7026513597_600_800.png,pai_2cols_20211228_152847_7026513597_600_800_mask.png,"terest  in  participation  until  February  5,  2018. A"
108,6,216,12,330,655,546,667,330,655,546,655,546,667,330,667,sub_line_text,text,text_2,raleway,regular,10,pai_2cols_20211228_152847_7026513597_600_800.png,/scratch/parceirosbr/bigoilict/share/BigOil/document_generator/datasets/documents_2021_12_28/pai_2cols_20211228_152847_7026513597_600_800.png,pai_2cols_20211228_152847_7026513597_600_800_mask.png,alta significativa dos preços do etanol resultou.
114,36,228,72,330,595,558,667,330,595,558,595,558,667,330,667,text,text,text_2,raleway,regular,10,pai_2cols_20211228_152847_7026513597_600_800.png,/scratch/parceirosbr/bigoilict/share/BigOil/document_generator/datasets/documents_2021_12_28/pai_2cols_20211228_152847_7026513597_600_800.png,pai_2cols_20211228_152847_7026513597_600_800_mask.png,nan
90,6,181,12,375,679,556,691,375,679,556,679,556,691,375,691,sub_line_text,text,text_3,raleway,regular,10,pai_2cols_20211228_152847_7026513597_600_800.png,/scratch/parceirosbr/bigoilict/share/BigOil/document_generator/datasets/documents_2021_12_28/pai_2cols_20211228_152847_7026513597_600_800.png,pai_2cols_20211228_152847_7026513597_600_800_mask.png,"Validado  o  modelo,  é  possível testar"
106,6,212,12,330,699,542,711,330,699,542,699,542,711,330,711,sub_line_text,text,text_3,raleway,regular,10,pai_2cols_20211228_152847_7026513597_600_800.png,/scratch/parceirosbr/bigoilict/share/BigOil/document_generator/datasets/documents_2021_12_28/pai_2cols_20211228_152847_7026513597_600_800.png,pai_2cols_20211228_152847_7026513597_600_800_mask.png,"várias ideias e opções e, assim, compreender."
113,16,226,32,330,679,556,711,330,679,556,679,556,711,330,711,text,text,text_3,raleway,regular,10,pai_2cols_20211228_152847_7026513597_600_800.png,/scratch/parceirosbr/bigoilict/share/BigOil/document_generator/datasets/documents_2021_12_28/pai_2cols_20211228_152847_7026513597_600_800.png,pai_2cols_20211228_152847_7026513597_600_800_mask.png,nan
