center_x,center_y,width,height,xmin,ymin,xmax,ymax,top_left_x,top_left_y,top_right_x,top_right_y,bottom_right_x,bottom_right_y,bottom_left_x,bottom_left_y,label,grouplabel,group,text_font,text_style,size_font,filename,path,filename_mask,content
300,400,600,800,0,0,600,800,0,0,600,0,600,800,0,800,document,,,,,,pai_2cols_20211228_152817_8715827326_600_800.png,/scratch/parceirosbr/bigoilict/share/BigOil/document_generator/datasets/documents_2021_12_28/pai_2cols_20211228_152817_8715827326_600_800.png,pai_2cols_20211228_152817_8715827326_600_800_mask.png,
253,0,507,1,49,731,556,732,49,731,556,731,556,732,49,732,line,line,line,,,,pai_2cols_20211228_152817_8715827326_600_800.png,/scratch/parceirosbr/bigoilict/share/BigOil/document_generator/datasets/documents_2021_12_28/pai_2cols_20211228_152817_8715827326_600_800.png,pai_2cols_20211228_152817_8715827326_600_800_mask.png,nan
5,5,10,10,297,731,307,741,297,731,307,731,307,741,297,741,sub_line_text,numpag,footer_1,raleway,regular,9,pai_2cols_20211228_152817_8715827326_600_800.png,/scratch/parceirosbr/bigoilict/share/BigOil/document_generator/datasets/documents_2021_12_28/pai_2cols_20211228_152817_8715827326_600_800.png,pai_2cols_20211228_152817_8715827326_600_800_mask.png,82
5,5,10,10,297,731,307,741,297,731,307,731,307,741,297,741,text,numpag,footer_1,raleway,regular,9,pai_2cols_20211228_152817_8715827326_600_800.png,/scratch/parceirosbr/bigoilict/share/BigOil/document_generator/datasets/documents_2021_12_28/pai_2cols_20211228_152817_8715827326_600_800.png,pai_2cols_20211228_152817_8715827326_600_800_mask.png,nan
101,5,202,11,79,48,281,59,79,48,281,48,281,59,79,59,sub_line_text,text,text_0,raleway,regular,9,pai_2cols_20211228_152817_8715827326_600_800.png,/scratch/parceirosbr/bigoilict/share/BigOil/document_generator/datasets/documents_2021_12_28/pai_2cols_20211228_152817_8715827326_600_800.png,pai_2cols_20211228_152817_8715827326_600_800_mask.png,Os    ciclos    repetidos   depressurizacao   resultar-
116,5,233,11,49,62,282,73,49,62,282,62,282,73,49,73,sub_line_text,text,text_0,raleway,regular,9,pai_2cols_20211228_152817_8715827326_600_800.png,/scratch/parceirosbr/bigoilict/share/BigOil/document_generator/datasets/documents_2021_12_28/pai_2cols_20211228_152817_8715827326_600_800.png,pai_2cols_20211228_152817_8715827326_600_800_mask.png,ao   eventualmente   no   aumento   das   trincas  causadas
116,5,233,11,49,76,282,87,49,76,282,76,282,87,49,87,sub_line_text,text,text_0,raleway,regular,9,pai_2cols_20211228_152817_8715827326_600_800.png,/scratch/parceirosbr/bigoilict/share/BigOil/document_generator/datasets/documents_2021_12_28/pai_2cols_20211228_152817_8715827326_600_800.png,pai_2cols_20211228_152817_8715827326_600_800_mask.png,pela  fadigado  material.  Origin  and  degradation  of  hy-
116,5,232,11,49,90,281,101,49,90,281,90,281,101,49,101,sub_line_text,text,text_0,raleway,regular,9,pai_2cols_20211228_152817_8715827326_600_800.png,/scratch/parceirosbr/bigoilict/share/BigOil/document_generator/datasets/documents_2021_12_28/pai_2cols_20211228_152817_8715827326_600_800.png,pai_2cols_20211228_152817_8715827326_600_800_mask.png,drocarbons   in   mangrove   sediments  contaminated  by
116,5,233,11,49,104,282,115,49,104,282,104,282,115,49,115,sub_line_text,text,text_0,raleway,regular,9,pai_2cols_20211228_152817_8715827326_600_800.png,/scratch/parceirosbr/bigoilict/share/BigOil/document_generator/datasets/documents_2021_12_28/pai_2cols_20211228_152817_8715827326_600_800.png,pai_2cols_20211228_152817_8715827326_600_800_mask.png,oil   spill   (Rio   de.   The  following  methods  were  used  to
116,5,233,11,49,118,282,129,49,118,282,118,282,129,49,129,sub_line_text,text,text_0,raleway,regular,9,pai_2cols_20211228_152817_8715827326_600_800.png,/scratch/parceirosbr/bigoilict/share/BigOil/document_generator/datasets/documents_2021_12_28/pai_2cols_20211228_152817_8715827326_600_800.png,pai_2cols_20211228_152817_8715827326_600_800_mask.png,"identify   and   quantify  the  species:  i)  linear  transect,  n-"
116,5,232,11,49,132,281,143,49,132,281,132,281,143,49,143,sub_line_text,text,text_0,raleway,regular,9,pai_2cols_20211228_152817_8715827326_600_800.png,/scratch/parceirosbr/bigoilict/share/BigOil/document_generator/datasets/documents_2021_12_28/pai_2cols_20211228_152817_8715827326_600_800.png,pai_2cols_20211228_152817_8715827326_600_800_mask.png,ormally   used   in   studies  at.  503.6  thousand  barrels  of
116,5,232,11,49,146,281,157,49,146,281,146,281,157,49,157,sub_line_text,text,text_0,raleway,regular,9,pai_2cols_20211228_152817_8715827326_600_800.png,/scratch/parceirosbr/bigoilict/share/BigOil/document_generator/datasets/documents_2021_12_28/pai_2cols_20211228_152817_8715827326_600_800.png,pai_2cols_20211228_152817_8715827326_600_800_mask.png,"oil  equivalent  were  produced  per  day,  of  which  412 t-"
105,5,211,11,49,160,260,171,49,160,260,160,260,171,49,171,sub_line_text,text,text_0,raleway,regular,9,pai_2cols_20211228_152817_8715827326_600_800.png,/scratch/parceirosbr/bigoilict/share/BigOil/document_generator/datasets/documents_2021_12_28/pai_2cols_20211228_152817_8715827326_600_800.png,pai_2cols_20211228_152817_8715827326_600_800_mask.png,housand barrels of oil per day and 14.6 million cubic.
116,61,233,123,49,48,282,171,49,48,282,48,282,171,49,171,text,text,text_0,raleway,regular,9,pai_2cols_20211228_152817_8715827326_600_800.png,/scratch/parceirosbr/bigoilict/share/BigOil/document_generator/datasets/documents_2021_12_28/pai_2cols_20211228_152817_8715827326_600_800.png,pai_2cols_20211228_152817_8715827326_600_800_mask.png,nan
76,7,153,15,49,175,202,190,49,175,202,175,202,190,49,190,sub_line_text,subsubtitle,subsubtitle_0,raleway,regular,12,pai_2cols_20211228_152817_8715827326_600_800.png,/scratch/parceirosbr/bigoilict/share/BigOil/document_generator/datasets/documents_2021_12_28/pai_2cols_20211228_152817_8715827326_600_800.png,pai_2cols_20211228_152817_8715827326_600_800_mask.png,Problem said be when does
76,7,153,15,49,175,202,190,49,175,202,175,202,190,49,190,title,subsubtitle,subsubtitle_0,raleway,regular,12,pai_2cols_20211228_152817_8715827326_600_800.png,/scratch/parceirosbr/bigoilict/share/BigOil/document_generator/datasets/documents_2021_12_28/pai_2cols_20211228_152817_8715827326_600_800.png,pai_2cols_20211228_152817_8715827326_600_800_mask.png,nan
101,5,203,11,79,195,282,206,79,195,282,195,282,206,79,206,sub_line_text,text,text_1,raleway,regular,9,pai_2cols_20211228_152817_8715827326_600_800.png,/scratch/parceirosbr/bigoilict/share/BigOil/document_generator/datasets/documents_2021_12_28/pai_2cols_20211228_152817_8715827326_600_800.png,pai_2cols_20211228_152817_8715827326_600_800_mask.png,A   presença  de  nós  é  evidenciada  nas  séries  t-
116,5,232,11,49,209,281,220,49,209,281,209,281,220,49,220,sub_line_text,text,text_1,raleway,regular,9,pai_2cols_20211228_152817_8715827326_600_800.png,/scratch/parceirosbr/bigoilict/share/BigOil/document_generator/datasets/documents_2021_12_28/pai_2cols_20211228_152817_8715827326_600_800.png,pai_2cols_20211228_152817_8715827326_600_800_mask.png,emporais   apresentadas   nas   5.24   e  5.25.  A  região  do
116,5,232,11,49,223,281,234,49,223,281,223,281,234,49,234,sub_line_text,text,text_1,raleway,regular,9,pai_2cols_20211228_152817_8715827326_600_800.png,/scratch/parceirosbr/bigoilict/share/BigOil/document_generator/datasets/documents_2021_12_28/pai_2cols_20211228_152817_8715827326_600_800.png,pai_2cols_20211228_152817_8715827326_600_800_mask.png,de   e  adjacências  apresenta-se  como  uma  área  de  e-
116,5,232,11,49,237,281,248,49,237,281,237,281,248,49,248,sub_line_text,text,text_1,raleway,regular,9,pai_2cols_20211228_152817_8715827326_600_800.png,/scratch/parceirosbr/bigoilict/share/BigOil/document_generator/datasets/documents_2021_12_28/pai_2cols_20211228_152817_8715827326_600_800.png,pai_2cols_20211228_152817_8715827326_600_800_mask.png,"xtrema   sensibilidade   a   acidentes   ambientais,  devido"
116,5,232,11,49,251,281,262,49,251,281,251,281,262,49,262,sub_line_text,text,text_1,raleway,regular,9,pai_2cols_20211228_152817_8715827326_600_800.png,/scratch/parceirosbr/bigoilict/share/BigOil/document_generator/datasets/documents_2021_12_28/pai_2cols_20211228_152817_8715827326_600_800.png,pai_2cols_20211228_152817_8715827326_600_800_mask.png,à  presença  de  uma  rica  fauna  e  flora  marinha presen-
100,5,201,11,49,265,250,276,49,265,250,265,250,276,49,276,sub_line_text,text,text_1,raleway,regular,9,pai_2cols_20211228_152817_8715827326_600_800.png,/scratch/parceirosbr/bigoilict/share/BigOil/document_generator/datasets/documents_2021_12_28/pai_2cols_20211228_152817_8715827326_600_800.png,pai_2cols_20211228_152817_8715827326_600_800_mask.png,tes na 16 região (site oficial do www.mma.gov.br)..
116,40,233,81,49,195,282,276,49,195,282,195,282,276,49,276,text,text,text_1,raleway,regular,9,pai_2cols_20211228_152817_8715827326_600_800.png,/scratch/parceirosbr/bigoilict/share/BigOil/document_generator/datasets/documents_2021_12_28/pai_2cols_20211228_152817_8715827326_600_800.png,pai_2cols_20211228_152817_8715827326_600_800_mask.png,nan
114,72,229,145,53,280,282,425,53,280,282,280,282,425,53,425,table,table_image,table_0,,,,pai_2cols_20211228_152817_8715827326_600_800.png,/scratch/parceirosbr/bigoilict/share/BigOil/document_generator/datasets/documents_2021_12_28/pai_2cols_20211228_152817_8715827326_600_800.png,pai_2cols_20211228_152817_8715827326_600_800_mask.png,output/gen_tab_20211228_152817_5693069891.png
25,5,51,11,72,282,123,293,72,282,123,282,123,293,72,293,text,table_text,table_0,opensans,bold,9.0,pai_2cols_20211228_152817_8715827326_600_800.png,/scratch/parceirosbr/bigoilict/share/BigOil/document_generator/datasets/documents_2021_12_28/pai_2cols_20211228_152817_8715827326_600_800.png,pai_2cols_20211228_152817_8715827326_600_800_mask.png,competirão
25,5,51,11,72,282,123,293,72,282,123,282,123,293,72,293,sub_line_text,table_text,table_0,opensans,bold,9.0,pai_2cols_20211228_152817_8715827326_600_800.png,/scratch/parceirosbr/bigoilict/share/BigOil/document_generator/datasets/documents_2021_12_28/pai_2cols_20211228_152817_8715827326_600_800.png,pai_2cols_20211228_152817_8715827326_600_800_mask.png,competirão
28,5,56,11,67,297,123,308,67,297,123,297,123,308,67,308,text,table_text,table_0,opensans,bold,9.0,pai_2cols_20211228_152817_8715827326_600_800.png,/scratch/parceirosbr/bigoilict/share/BigOil/document_generator/datasets/documents_2021_12_28/pai_2cols_20211228_152817_8715827326_600_800.png,pai_2cols_20211228_152817_8715827326_600_800_mask.png,7561654568.1
28,5,56,11,67,297,123,308,67,297,123,297,123,308,67,308,sub_line_text,table_text,table_0,opensans,bold,9.0,pai_2cols_20211228_152817_8715827326_600_800.png,/scratch/parceirosbr/bigoilict/share/BigOil/document_generator/datasets/documents_2021_12_28/pai_2cols_20211228_152817_8715827326_600_800.png,pai_2cols_20211228_152817_8715827326_600_800_mask.png,7561654568.1
28,5,56,11,67,311,123,322,67,311,123,311,123,322,67,322,text,table_text,table_0,opensans,bold,9.0,pai_2cols_20211228_152817_8715827326_600_800.png,/scratch/parceirosbr/bigoilict/share/BigOil/document_generator/datasets/documents_2021_12_28/pai_2cols_20211228_152817_8715827326_600_800.png,pai_2cols_20211228_152817_8715827326_600_800_mask.png,7456713942.3
28,5,56,11,67,311,123,322,67,311,123,311,123,322,67,322,sub_line_text,table_text,table_0,opensans,bold,9.0,pai_2cols_20211228_152817_8715827326_600_800.png,/scratch/parceirosbr/bigoilict/share/BigOil/document_generator/datasets/documents_2021_12_28/pai_2cols_20211228_152817_8715827326_600_800.png,pai_2cols_20211228_152817_8715827326_600_800_mask.png,7456713942.3
28,5,56,11,67,326,123,337,67,326,123,326,123,337,67,337,text,table_text,table_0,opensans,bold,9.0,pai_2cols_20211228_152817_8715827326_600_800.png,/scratch/parceirosbr/bigoilict/share/BigOil/document_generator/datasets/documents_2021_12_28/pai_2cols_20211228_152817_8715827326_600_800.png,pai_2cols_20211228_152817_8715827326_600_800_mask.png,2535783792.7
28,5,56,11,67,326,123,337,67,326,123,326,123,337,67,337,sub_line_text,table_text,table_0,opensans,bold,9.0,pai_2cols_20211228_152817_8715827326_600_800.png,/scratch/parceirosbr/bigoilict/share/BigOil/document_generator/datasets/documents_2021_12_28/pai_2cols_20211228_152817_8715827326_600_800.png,pai_2cols_20211228_152817_8715827326_600_800_mask.png,2535783792.7
28,5,56,11,67,340,123,351,67,340,123,340,123,351,67,351,text,table_text,table_0,opensans,bold,9.0,pai_2cols_20211228_152817_8715827326_600_800.png,/scratch/parceirosbr/bigoilict/share/BigOil/document_generator/datasets/documents_2021_12_28/pai_2cols_20211228_152817_8715827326_600_800.png,pai_2cols_20211228_152817_8715827326_600_800_mask.png,7947218084.9
28,5,56,11,67,340,123,351,67,340,123,340,123,351,67,351,sub_line_text,table_text,table_0,opensans,bold,9.0,pai_2cols_20211228_152817_8715827326_600_800.png,/scratch/parceirosbr/bigoilict/share/BigOil/document_generator/datasets/documents_2021_12_28/pai_2cols_20211228_152817_8715827326_600_800.png,pai_2cols_20211228_152817_8715827326_600_800_mask.png,7947218084.9
28,5,56,11,67,355,123,366,67,355,123,355,123,366,67,366,text,table_text,table_0,opensans,bold,9.0,pai_2cols_20211228_152817_8715827326_600_800.png,/scratch/parceirosbr/bigoilict/share/BigOil/document_generator/datasets/documents_2021_12_28/pai_2cols_20211228_152817_8715827326_600_800.png,pai_2cols_20211228_152817_8715827326_600_800_mask.png,2692935681.3
28,5,56,11,67,355,123,366,67,355,123,355,123,366,67,366,sub_line_text,table_text,table_0,opensans,bold,9.0,pai_2cols_20211228_152817_8715827326_600_800.png,/scratch/parceirosbr/bigoilict/share/BigOil/document_generator/datasets/documents_2021_12_28/pai_2cols_20211228_152817_8715827326_600_800.png,pai_2cols_20211228_152817_8715827326_600_800_mask.png,2692935681.3
28,5,56,11,67,369,123,380,67,369,123,369,123,380,67,380,text,table_text,table_0,opensans,bold,9.0,pai_2cols_20211228_152817_8715827326_600_800.png,/scratch/parceirosbr/bigoilict/share/BigOil/document_generator/datasets/documents_2021_12_28/pai_2cols_20211228_152817_8715827326_600_800.png,pai_2cols_20211228_152817_8715827326_600_800_mask.png,6062851483.9
28,5,56,11,67,369,123,380,67,369,123,369,123,380,67,380,sub_line_text,table_text,table_0,opensans,bold,9.0,pai_2cols_20211228_152817_8715827326_600_800.png,/scratch/parceirosbr/bigoilict/share/BigOil/document_generator/datasets/documents_2021_12_28/pai_2cols_20211228_152817_8715827326_600_800.png,pai_2cols_20211228_152817_8715827326_600_800_mask.png,6062851483.9
28,5,56,11,67,384,123,395,67,384,123,384,123,395,67,395,text,table_text,table_0,opensans,bold,9.0,pai_2cols_20211228_152817_8715827326_600_800.png,/scratch/parceirosbr/bigoilict/share/BigOil/document_generator/datasets/documents_2021_12_28/pai_2cols_20211228_152817_8715827326_600_800.png,pai_2cols_20211228_152817_8715827326_600_800_mask.png,8155450445.6
28,5,56,11,67,384,123,395,67,384,123,384,123,395,67,395,sub_line_text,table_text,table_0,opensans,bold,9.0,pai_2cols_20211228_152817_8715827326_600_800.png,/scratch/parceirosbr/bigoilict/share/BigOil/document_generator/datasets/documents_2021_12_28/pai_2cols_20211228_152817_8715827326_600_800.png,pai_2cols_20211228_152817_8715827326_600_800_mask.png,8155450445.6
27,5,55,11,68,398,123,409,68,398,123,398,123,409,68,409,text,table_text,table_0,opensans,regular,9.0,pai_2cols_20211228_152817_8715827326_600_800.png,/scratch/parceirosbr/bigoilict/share/BigOil/document_generator/datasets/documents_2021_12_28/pai_2cols_20211228_152817_8715827326_600_800.png,pai_2cols_20211228_152817_8715827326_600_800_mask.png,1639424714.6
27,5,55,11,68,398,123,409,68,398,123,398,123,409,68,409,sub_line_text,table_text,table_0,opensans,regular,9.0,pai_2cols_20211228_152817_8715827326_600_800.png,/scratch/parceirosbr/bigoilict/share/BigOil/document_generator/datasets/documents_2021_12_28/pai_2cols_20211228_152817_8715827326_600_800.png,pai_2cols_20211228_152817_8715827326_600_800_mask.png,1639424714.6
20,5,40,11,167,282,207,293,167,282,207,282,207,293,167,293,text,table_text,table_0,opensans,bold,9.0,pai_2cols_20211228_152817_8715827326_600_800.png,/scratch/parceirosbr/bigoilict/share/BigOil/document_generator/datasets/documents_2021_12_28/pai_2cols_20211228_152817_8715827326_600_800.png,pai_2cols_20211228_152817_8715827326_600_800_mask.png,consumo
20,5,40,11,167,282,207,293,167,282,207,282,207,293,167,293,sub_line_text,table_text,table_0,opensans,bold,9.0,pai_2cols_20211228_152817_8715827326_600_800.png,/scratch/parceirosbr/bigoilict/share/BigOil/document_generator/datasets/documents_2021_12_28/pai_2cols_20211228_152817_8715827326_600_800.png,pai_2cols_20211228_152817_8715827326_600_800_mask.png,consumo
12,5,24,11,184,297,208,308,184,297,208,297,208,308,184,308,text,table_text,table_0,opensans,bold,9.0,pai_2cols_20211228_152817_8715827326_600_800.png,/scratch/parceirosbr/bigoilict/share/BigOil/document_generator/datasets/documents_2021_12_28/pai_2cols_20211228_152817_8715827326_600_800.png,pai_2cols_20211228_152817_8715827326_600_800_mask.png,74907
12,5,24,11,184,297,208,308,184,297,208,297,208,308,184,308,sub_line_text,table_text,table_0,opensans,bold,9.0,pai_2cols_20211228_152817_8715827326_600_800.png,/scratch/parceirosbr/bigoilict/share/BigOil/document_generator/datasets/documents_2021_12_28/pai_2cols_20211228_152817_8715827326_600_800.png,pai_2cols_20211228_152817_8715827326_600_800_mask.png,74907
4,5,9,11,198,311,207,322,198,311,207,311,207,322,198,322,text,table_text,table_0,opensans,bold,9.0,pai_2cols_20211228_152817_8715827326_600_800.png,/scratch/parceirosbr/bigoilict/share/BigOil/document_generator/datasets/documents_2021_12_28/pai_2cols_20211228_152817_8715827326_600_800.png,pai_2cols_20211228_152817_8715827326_600_800_mask.png,12
4,5,9,11,198,311,207,322,198,311,207,311,207,322,198,322,sub_line_text,table_text,table_0,opensans,bold,9.0,pai_2cols_20211228_152817_8715827326_600_800.png,/scratch/parceirosbr/bigoilict/share/BigOil/document_generator/datasets/documents_2021_12_28/pai_2cols_20211228_152817_8715827326_600_800.png,pai_2cols_20211228_152817_8715827326_600_800_mask.png,12
4,5,9,11,198,326,207,337,198,326,207,326,207,337,198,337,text,table_text,table_0,opensans,bold,9.0,pai_2cols_20211228_152817_8715827326_600_800.png,/scratch/parceirosbr/bigoilict/share/BigOil/document_generator/datasets/documents_2021_12_28/pai_2cols_20211228_152817_8715827326_600_800.png,pai_2cols_20211228_152817_8715827326_600_800_mask.png,13
4,5,9,11,198,326,207,337,198,326,207,326,207,337,198,337,sub_line_text,table_text,table_0,opensans,bold,9.0,pai_2cols_20211228_152817_8715827326_600_800.png,/scratch/parceirosbr/bigoilict/share/BigOil/document_generator/datasets/documents_2021_12_28/pai_2cols_20211228_152817_8715827326_600_800.png,pai_2cols_20211228_152817_8715827326_600_800_mask.png,13
4,5,9,11,198,340,207,351,198,340,207,340,207,351,198,351,text,table_text,table_0,opensans,bold,9.0,pai_2cols_20211228_152817_8715827326_600_800.png,/scratch/parceirosbr/bigoilict/share/BigOil/document_generator/datasets/documents_2021_12_28/pai_2cols_20211228_152817_8715827326_600_800.png,pai_2cols_20211228_152817_8715827326_600_800_mask.png,50
4,5,9,11,198,340,207,351,198,340,207,340,207,351,198,351,sub_line_text,table_text,table_0,opensans,bold,9.0,pai_2cols_20211228_152817_8715827326_600_800.png,/scratch/parceirosbr/bigoilict/share/BigOil/document_generator/datasets/documents_2021_12_28/pai_2cols_20211228_152817_8715827326_600_800.png,pai_2cols_20211228_152817_8715827326_600_800_mask.png,50
12,5,24,11,184,355,208,366,184,355,208,355,208,366,184,366,text,table_text,table_0,opensans,bold,9.0,pai_2cols_20211228_152817_8715827326_600_800.png,/scratch/parceirosbr/bigoilict/share/BigOil/document_generator/datasets/documents_2021_12_28/pai_2cols_20211228_152817_8715827326_600_800.png,pai_2cols_20211228_152817_8715827326_600_800_mask.png,96589
12,5,24,11,184,355,208,366,184,355,208,355,208,366,184,366,sub_line_text,table_text,table_0,opensans,bold,9.0,pai_2cols_20211228_152817_8715827326_600_800.png,/scratch/parceirosbr/bigoilict/share/BigOil/document_generator/datasets/documents_2021_12_28/pai_2cols_20211228_152817_8715827326_600_800.png,pai_2cols_20211228_152817_8715827326_600_800_mask.png,96589
9,5,19,11,189,369,208,380,189,369,208,369,208,380,189,380,text,table_text,table_0,opensans,bold,9.0,pai_2cols_20211228_152817_8715827326_600_800.png,/scratch/parceirosbr/bigoilict/share/BigOil/document_generator/datasets/documents_2021_12_28/pai_2cols_20211228_152817_8715827326_600_800.png,pai_2cols_20211228_152817_8715827326_600_800_mask.png,7358
9,5,19,11,189,369,208,380,189,369,208,369,208,380,189,380,sub_line_text,table_text,table_0,opensans,bold,9.0,pai_2cols_20211228_152817_8715827326_600_800.png,/scratch/parceirosbr/bigoilict/share/BigOil/document_generator/datasets/documents_2021_12_28/pai_2cols_20211228_152817_8715827326_600_800.png,pai_2cols_20211228_152817_8715827326_600_800_mask.png,7358
4,5,9,11,198,384,207,395,198,384,207,384,207,395,198,395,text,table_text,table_0,opensans,bold,9.0,pai_2cols_20211228_152817_8715827326_600_800.png,/scratch/parceirosbr/bigoilict/share/BigOil/document_generator/datasets/documents_2021_12_28/pai_2cols_20211228_152817_8715827326_600_800.png,pai_2cols_20211228_152817_8715827326_600_800_mask.png,35
4,5,9,11,198,384,207,395,198,384,207,384,207,395,198,395,sub_line_text,table_text,table_0,opensans,bold,9.0,pai_2cols_20211228_152817_8715827326_600_800.png,/scratch/parceirosbr/bigoilict/share/BigOil/document_generator/datasets/documents_2021_12_28/pai_2cols_20211228_152817_8715827326_600_800.png,pai_2cols_20211228_152817_8715827326_600_800_mask.png,35
12,5,24,11,184,398,208,409,184,398,208,398,208,409,184,409,text,table_text,table_0,opensans,regular,9.0,pai_2cols_20211228_152817_8715827326_600_800.png,/scratch/parceirosbr/bigoilict/share/BigOil/document_generator/datasets/documents_2021_12_28/pai_2cols_20211228_152817_8715827326_600_800.png,pai_2cols_20211228_152817_8715827326_600_800_mask.png,88263
12,5,24,11,184,398,208,409,184,398,208,398,208,409,184,409,sub_line_text,table_text,table_0,opensans,regular,9.0,pai_2cols_20211228_152817_8715827326_600_800.png,/scratch/parceirosbr/bigoilict/share/BigOil/document_generator/datasets/documents_2021_12_28/pai_2cols_20211228_152817_8715827326_600_800.png,pai_2cols_20211228_152817_8715827326_600_800_mask.png,88263
9,5,19,11,258,282,277,293,258,282,277,282,277,293,258,293,text,table_text,table_0,opensans,bold,9.0,pai_2cols_20211228_152817_8715827326_600_800.png,/scratch/parceirosbr/bigoilict/share/BigOil/document_generator/datasets/documents_2021_12_28/pai_2cols_20211228_152817_8715827326_600_800.png,pai_2cols_20211228_152817_8715827326_600_800_mask.png,para
9,5,19,11,258,282,277,293,258,282,277,282,277,293,258,293,sub_line_text,table_text,table_0,opensans,bold,9.0,pai_2cols_20211228_152817_8715827326_600_800.png,/scratch/parceirosbr/bigoilict/share/BigOil/document_generator/datasets/documents_2021_12_28/pai_2cols_20211228_152817_8715827326_600_800.png,pai_2cols_20211228_152817_8715827326_600_800_mask.png,para
6,5,12,11,265,297,277,308,265,297,277,297,277,308,265,308,text,table_text,table_0,opensans,bold,9.0,pai_2cols_20211228_152817_8715827326_600_800.png,/scratch/parceirosbr/bigoilict/share/BigOil/document_generator/datasets/documents_2021_12_28/pai_2cols_20211228_152817_8715827326_600_800.png,pai_2cols_20211228_152817_8715827326_600_800_mask.png,7.8
6,5,12,11,265,297,277,308,265,297,277,297,277,308,265,308,sub_line_text,table_text,table_0,opensans,bold,9.0,pai_2cols_20211228_152817_8715827326_600_800.png,/scratch/parceirosbr/bigoilict/share/BigOil/document_generator/datasets/documents_2021_12_28/pai_2cols_20211228_152817_8715827326_600_800.png,pai_2cols_20211228_152817_8715827326_600_800_mask.png,7.8
6,5,12,11,265,311,277,322,265,311,277,311,277,322,265,322,text,table_text,table_0,opensans,bold,9.0,pai_2cols_20211228_152817_8715827326_600_800.png,/scratch/parceirosbr/bigoilict/share/BigOil/document_generator/datasets/documents_2021_12_28/pai_2cols_20211228_152817_8715827326_600_800.png,pai_2cols_20211228_152817_8715827326_600_800_mask.png,1.5
6,5,12,11,265,311,277,322,265,311,277,311,277,322,265,322,sub_line_text,table_text,table_0,opensans,bold,9.0,pai_2cols_20211228_152817_8715827326_600_800.png,/scratch/parceirosbr/bigoilict/share/BigOil/document_generator/datasets/documents_2021_12_28/pai_2cols_20211228_152817_8715827326_600_800.png,pai_2cols_20211228_152817_8715827326_600_800_mask.png,1.5
8,5,17,11,260,326,277,337,260,326,277,326,277,337,260,337,text,table_text,table_0,opensans,bold,9.0,pai_2cols_20211228_152817_8715827326_600_800.png,/scratch/parceirosbr/bigoilict/share/BigOil/document_generator/datasets/documents_2021_12_28/pai_2cols_20211228_152817_8715827326_600_800.png,pai_2cols_20211228_152817_8715827326_600_800_mask.png,50.3
8,5,17,11,260,326,277,337,260,326,277,326,277,337,260,337,sub_line_text,table_text,table_0,opensans,bold,9.0,pai_2cols_20211228_152817_8715827326_600_800.png,/scratch/parceirosbr/bigoilict/share/BigOil/document_generator/datasets/documents_2021_12_28/pai_2cols_20211228_152817_8715827326_600_800.png,pai_2cols_20211228_152817_8715827326_600_800_mask.png,50.3
11,5,22,11,255,340,277,351,255,340,277,340,277,351,255,351,text,table_text,table_0,opensans,bold,9.0,pai_2cols_20211228_152817_8715827326_600_800.png,/scratch/parceirosbr/bigoilict/share/BigOil/document_generator/datasets/documents_2021_12_28/pai_2cols_20211228_152817_8715827326_600_800.png,pai_2cols_20211228_152817_8715827326_600_800_mask.png,386.1
11,5,22,11,255,340,277,351,255,340,277,340,277,351,255,351,sub_line_text,table_text,table_0,opensans,bold,9.0,pai_2cols_20211228_152817_8715827326_600_800.png,/scratch/parceirosbr/bigoilict/share/BigOil/document_generator/datasets/documents_2021_12_28/pai_2cols_20211228_152817_8715827326_600_800.png,pai_2cols_20211228_152817_8715827326_600_800_mask.png,386.1
8,5,17,11,260,355,277,366,260,355,277,355,277,366,260,366,text,table_text,table_0,opensans,bold,9.0,pai_2cols_20211228_152817_8715827326_600_800.png,/scratch/parceirosbr/bigoilict/share/BigOil/document_generator/datasets/documents_2021_12_28/pai_2cols_20211228_152817_8715827326_600_800.png,pai_2cols_20211228_152817_8715827326_600_800_mask.png,16.7
8,5,17,11,260,355,277,366,260,355,277,355,277,366,260,366,sub_line_text,table_text,table_0,opensans,bold,9.0,pai_2cols_20211228_152817_8715827326_600_800.png,/scratch/parceirosbr/bigoilict/share/BigOil/document_generator/datasets/documents_2021_12_28/pai_2cols_20211228_152817_8715827326_600_800.png,pai_2cols_20211228_152817_8715827326_600_800_mask.png,16.7
8,5,17,11,260,369,277,380,260,369,277,369,277,380,260,380,text,table_text,table_0,opensans,bold,9.0,pai_2cols_20211228_152817_8715827326_600_800.png,/scratch/parceirosbr/bigoilict/share/BigOil/document_generator/datasets/documents_2021_12_28/pai_2cols_20211228_152817_8715827326_600_800.png,pai_2cols_20211228_152817_8715827326_600_800_mask.png,78.6
8,5,17,11,260,369,277,380,260,369,277,369,277,380,260,380,sub_line_text,table_text,table_0,opensans,bold,9.0,pai_2cols_20211228_152817_8715827326_600_800.png,/scratch/parceirosbr/bigoilict/share/BigOil/document_generator/datasets/documents_2021_12_28/pai_2cols_20211228_152817_8715827326_600_800.png,pai_2cols_20211228_152817_8715827326_600_800_mask.png,78.6
11,5,22,11,255,384,277,395,255,384,277,384,277,395,255,395,text,table_text,table_0,opensans,bold,9.0,pai_2cols_20211228_152817_8715827326_600_800.png,/scratch/parceirosbr/bigoilict/share/BigOil/document_generator/datasets/documents_2021_12_28/pai_2cols_20211228_152817_8715827326_600_800.png,pai_2cols_20211228_152817_8715827326_600_800_mask.png,162.0
11,5,22,11,255,384,277,395,255,384,277,384,277,395,255,395,sub_line_text,table_text,table_0,opensans,bold,9.0,pai_2cols_20211228_152817_8715827326_600_800.png,/scratch/parceirosbr/bigoilict/share/BigOil/document_generator/datasets/documents_2021_12_28/pai_2cols_20211228_152817_8715827326_600_800.png,pai_2cols_20211228_152817_8715827326_600_800_mask.png,162.0
8,5,16,11,261,398,277,409,261,398,277,398,277,409,261,409,text,table_text,table_0,opensans,regular,9.0,pai_2cols_20211228_152817_8715827326_600_800.png,/scratch/parceirosbr/bigoilict/share/BigOil/document_generator/datasets/documents_2021_12_28/pai_2cols_20211228_152817_8715827326_600_800.png,pai_2cols_20211228_152817_8715827326_600_800_mask.png,33.8
8,5,16,11,261,398,277,409,261,398,277,398,277,409,261,409,sub_line_text,table_text,table_0,opensans,regular,9.0,pai_2cols_20211228_152817_8715827326_600_800.png,/scratch/parceirosbr/bigoilict/share/BigOil/document_generator/datasets/documents_2021_12_28/pai_2cols_20211228_152817_8715827326_600_800.png,pai_2cols_20211228_152817_8715827326_600_800_mask.png,33.8
104,5,209,10,73,430,282,440,73,430,282,430,282,440,73,440,sub_line_text,table_legend,table_0,raleway,bold,8,pai_2cols_20211228_152817_8715827326_600_800.png,/scratch/parceirosbr/bigoilict/share/BigOil/document_generator/datasets/documents_2021_12_28/pai_2cols_20211228_152817_8715827326_600_800.png,pai_2cols_20211228_152817_8715827326_600_800_mask.png,Tab.  74:    Contratos de e de contudo já geram diretos
104,5,209,10,73,443,282,453,73,443,282,443,282,453,73,453,sub_line_text,table_legend,table_0,raleway,bold,8,pai_2cols_20211228_152817_8715827326_600_800.png,/scratch/parceirosbr/bigoilict/share/BigOil/document_generator/datasets/documents_2021_12_28/pai_2cols_20211228_152817_8715827326_600_800.png,pai_2cols_20211228_152817_8715827326_600_800_mask.png,e  obrigações  entre as partes relacionados com o fo-
105,5,210,10,73,456,283,466,73,456,283,456,283,466,73,466,sub_line_text,table_legend,table_0,raleway,bold,8,pai_2cols_20211228_152817_8715827326_600_800.png,/scratch/parceirosbr/bigoilict/share/BigOil/document_generator/datasets/documents_2021_12_28/pai_2cols_20211228_152817_8715827326_600_800.png,pai_2cols_20211228_152817_8715827326_600_800_mask.png,rnecimento  de  gás  natural;  10 de e (Master estabel-
101,5,202,10,73,469,275,479,73,469,275,469,275,479,73,479,sub_line_text,table_legend,table_0,raleway,bold,8,pai_2cols_20211228_152817_8715827326_600_800.png,/scratch/parceirosbr/bigoilict/share/BigOil/document_generator/datasets/documents_2021_12_28/pai_2cols_20211228_152817_8715827326_600_800.png,pai_2cols_20211228_152817_8715827326_600_800_mask.png,ecem regras operacionais e jurídicas a serem aplic-
105,24,210,49,73,430,283,479,73,430,283,430,283,479,73,479,text,table_legend,table_0,raleway,bold,8,pai_2cols_20211228_152817_8715827326_600_800.png,/scratch/parceirosbr/bigoilict/share/BigOil/document_generator/datasets/documents_2021_12_28/pai_2cols_20211228_152817_8715827326_600_800.png,pai_2cols_20211228_152817_8715827326_600_800_mask.png,nan
101,5,202,11,79,489,281,500,79,489,281,489,281,500,79,500,sub_line_text,text,text_2,raleway,regular,9,pai_2cols_20211228_152817_8715827326_600_800.png,/scratch/parceirosbr/bigoilict/share/BigOil/document_generator/datasets/documents_2021_12_28/pai_2cols_20211228_152817_8715827326_600_800.png,pai_2cols_20211228_152817_8715827326_600_800_mask.png,Its   representation   in  the  simulation  is  dissolved
116,5,233,11,49,503,282,514,49,503,282,503,282,514,49,514,sub_line_text,text,text_2,raleway,regular,9,pai_2cols_20211228_152817_8715827326_600_800.png,/scratch/parceirosbr/bigoilict/share/BigOil/document_generator/datasets/documents_2021_12_28/pai_2cols_20211228_152817_8715827326_600_800.png,pai_2cols_20211228_152817_8715827326_600_800_mask.png,in   the  input  currents  and  its  total  value  is  observed  in
116,5,232,11,49,517,281,528,49,517,281,517,281,528,49,528,sub_line_text,text,text_2,raleway,regular,9,pai_2cols_20211228_152817_8715827326_600_800.png,/scratch/parceirosbr/bigoilict/share/BigOil/document_generator/datasets/documents_2021_12_28/pai_2cols_20211228_152817_8715827326_600_800.png,pai_2cols_20211228_152817_8715827326_600_800_mask.png,the  current  at  27.  Storage  for  an  exemption  under  se-
116,5,233,11,49,531,282,542,49,531,282,531,282,542,49,542,sub_line_text,text,text_2,raleway,regular,9,pai_2cols_20211228_152817_8715827326_600_800.png,/scratch/parceirosbr/bigoilict/share/BigOil/document_generator/datasets/documents_2021_12_28/pai_2cols_20211228_152817_8715827326_600_800.png,pai_2cols_20211228_152817_8715827326_600_800_mask.png,ctiona)  of  the  1986  from  section  19B  on available in Au-
116,5,232,11,49,545,281,556,49,545,281,545,281,556,49,556,sub_line_text,text,text_2,raleway,regular,9,pai_2cols_20211228_152817_8715827326_600_800.png,/scratch/parceirosbr/bigoilict/share/BigOil/document_generator/datasets/documents_2021_12_28/pai_2cols_20211228_152817_8715827326_600_800.png,pai_2cols_20211228_152817_8715827326_600_800_mask.png,gust   2006.   Gasoline   the  gasoline  (s)  specified  by  ex-
116,5,233,11,49,559,282,570,49,559,282,559,282,570,49,570,sub_line_text,text,text_2,raleway,regular,9,pai_2cols_20211228_152817_8715827326_600_800.png,/scratch/parceirosbr/bigoilict/share/BigOil/document_generator/datasets/documents_2021_12_28/pai_2cols_20211228_152817_8715827326_600_800.png,pai_2cols_20211228_152817_8715827326_600_800_mask.png,cept   for  aviation  gasoline  and  gasoline  for  use  in  aut-
110,5,220,11,49,573,269,584,49,573,269,573,269,584,49,584,sub_line_text,text,text_2,raleway,regular,9,pai_2cols_20211228_152817_8715827326_600_800.png,/scratch/parceirosbr/bigoilict/share/BigOil/document_generator/datasets/documents_2021_12_28/pai_2cols_20211228_152817_8715827326_600_800.png,pai_2cols_20211228_152817_8715827326_600_800_mask.png,"omotive competition. Garcez, states that obtaining the."
116,47,233,95,49,489,282,584,49,489,282,489,282,584,49,584,text,text,text_2,raleway,regular,9,pai_2cols_20211228_152817_8715827326_600_800.png,/scratch/parceirosbr/bigoilict/share/BigOil/document_generator/datasets/documents_2021_12_28/pai_2cols_20211228_152817_8715827326_600_800.png,pai_2cols_20211228_152817_8715827326_600_800_mask.png,nan
101,5,203,11,79,588,282,599,79,588,282,588,282,599,79,599,sub_line_text,text,text_3,raleway,regular,9,pai_2cols_20211228_152817_8715827326_600_800.png,/scratch/parceirosbr/bigoilict/share/BigOil/document_generator/datasets/documents_2021_12_28/pai_2cols_20211228_152817_8715827326_600_800.png,pai_2cols_20211228_152817_8715827326_600_800_mask.png,The   current  logistical  bottleneck  in  this  type  of
116,5,233,11,49,602,282,613,49,602,282,602,282,613,49,613,sub_line_text,text,text_3,raleway,regular,9,pai_2cols_20211228_152817_8715827326_600_800.png,/scratch/parceirosbr/bigoilict/share/BigOil/document_generator/datasets/documents_2021_12_28/pai_2cols_20211228_152817_8715827326_600_800.png,pai_2cols_20211228_152817_8715827326_600_800_mask.png,essential   infrastructure14   stems   from   the   lack  of  inv-
116,5,233,11,49,616,282,627,49,616,282,616,282,627,49,627,sub_line_text,text,text_3,raleway,regular,9,pai_2cols_20211228_152817_8715827326_600_800.png,/scratch/parceirosbr/bigoilict/share/BigOil/document_generator/datasets/documents_2021_12_28/pai_2cols_20211228_152817_8715827326_600_800.png,pai_2cols_20211228_152817_8715827326_600_800_mask.png,estments  to  expand  not  only  in  storage.  In  the other n-
116,5,232,11,49,630,281,641,49,630,281,630,281,641,49,641,sub_line_text,text,text_3,raleway,regular,9,pai_2cols_20211228_152817_8715827326_600_800.png,/scratch/parceirosbr/bigoilict/share/BigOil/document_generator/datasets/documents_2021_12_28/pai_2cols_20211228_152817_8715827326_600_800.png,pai_2cols_20211228_152817_8715827326_600_800_mask.png,"ortheastern   states,   during   the   1960s,  production  was"
116,5,233,11,49,644,282,655,49,644,282,644,282,655,49,655,sub_line_text,text,text_3,raleway,regular,9,pai_2cols_20211228_152817_8715827326_600_800.png,/scratch/parceirosbr/bigoilict/share/BigOil/document_generator/datasets/documents_2021_12_28/pai_2cols_20211228_152817_8715827326_600_800.png,pai_2cols_20211228_152817_8715827326_600_800_mask.png,"incipient,  only  gaining  momentum,  from  the mid-1970s"
116,5,233,11,49,658,282,669,49,658,282,658,282,669,49,669,sub_line_text,text,text_3,raleway,regular,9,pai_2cols_20211228_152817_8715827326_600_800.png,/scratch/parceirosbr/bigoilict/share/BigOil/document_generator/datasets/documents_2021_12_28/pai_2cols_20211228_152817_8715827326_600_800.png,pai_2cols_20211228_152817_8715827326_600_800_mask.png,onwards.   Developments   in  the  fields  in  and  added  to
116,5,233,11,49,672,282,683,49,672,282,672,282,683,49,683,sub_line_text,text,text_3,raleway,regular,9,pai_2cols_20211228_152817_8715827326_600_800.png,/scratch/parceirosbr/bigoilict/share/BigOil/document_generator/datasets/documents_2021_12_28/pai_2cols_20211228_152817_8715827326_600_800.png,pai_2cols_20211228_152817_8715827326_600_800_mask.png,the  fields  that  already  existed  made  the  supply  of na-
104,5,209,11,49,686,258,697,49,686,258,686,258,697,49,697,sub_line_text,text,text_3,raleway,regular,9,pai_2cols_20211228_152817_8715827326_600_800.png,/scratch/parceirosbr/bigoilict/share/BigOil/document_generator/datasets/documents_2021_12_28/pai_2cols_20211228_152817_8715827326_600_800.png,pai_2cols_20211228_152817_8715827326_600_800_mask.png,tural gas from the first possible. chemical and petro.
116,54,233,109,49,588,282,697,49,588,282,588,282,697,49,697,text,text,text_3,raleway,regular,9,pai_2cols_20211228_152817_8715827326_600_800.png,/scratch/parceirosbr/bigoilict/share/BigOil/document_generator/datasets/documents_2021_12_28/pai_2cols_20211228_152817_8715827326_600_800.png,pai_2cols_20211228_152817_8715827326_600_800_mask.png,nan
96,5,192,11,79,701,271,712,79,701,271,701,271,712,79,712,sub_line_text,text,text_4,raleway,regular,9,pai_2cols_20211228_152817_8715827326_600_800.png,/scratch/parceirosbr/bigoilict/share/BigOil/document_generator/datasets/documents_2021_12_28/pai_2cols_20211228_152817_8715827326_600_800.png,pai_2cols_20211228_152817_8715827326_600_800_mask.png,"Além disso, as águas de chuva poderão ou não."
96,5,192,11,79,701,271,712,79,701,271,701,271,712,79,712,text,text,text_4,raleway,regular,9,pai_2cols_20211228_152817_8715827326_600_800.png,/scratch/parceirosbr/bigoilict/share/BigOil/document_generator/datasets/documents_2021_12_28/pai_2cols_20211228_152817_8715827326_600_800.png,pai_2cols_20211228_152817_8715827326_600_800_mask.png,nan
101,5,202,11,348,48,550,59,348,48,550,48,550,59,348,59,sub_line_text,text,text_5,raleway,regular,9,pai_2cols_20211228_152817_8715827326_600_800.png,/scratch/parceirosbr/bigoilict/share/BigOil/document_generator/datasets/documents_2021_12_28/pai_2cols_20211228_152817_8715827326_600_800.png,pai_2cols_20211228_152817_8715827326_600_800_mask.png,The   arrangement   used   for   the  simulation  was
116,5,233,11,318,62,551,73,318,62,551,62,551,73,318,73,sub_line_text,text,text_5,raleway,regular,9,pai_2cols_20211228_152817_8715827326_600_800.png,/scratch/parceirosbr/bigoilict/share/BigOil/document_generator/datasets/documents_2021_12_28/pai_2cols_20211228_152817_8715827326_600_800.png,pai_2cols_20211228_152817_8715827326_600_800_mask.png,"a   simple  arrangement,  seeking  to  contemplate  only  t-"
116,5,233,11,318,76,551,87,318,76,551,76,551,87,318,87,sub_line_text,text,text_5,raleway,regular,9,pai_2cols_20211228_152817_8715827326_600_800.png,/scratch/parceirosbr/bigoilict/share/BigOil/document_generator/datasets/documents_2021_12_28/pai_2cols_20211228_152817_8715827326_600_800.png,pai_2cols_20211228_152817_8715827326_600_800_mask.png,"he   column  of  a  traditional  ethanol  distillery.  Usually,  t-"
116,5,232,11,318,90,550,101,318,90,550,90,550,101,318,101,sub_line_text,text,text_5,raleway,regular,9,pai_2cols_20211228_152817_8715827326_600_800.png,/scratch/parceirosbr/bigoilict/share/BigOil/document_generator/datasets/documents_2021_12_28/pai_2cols_20211228_152817_8715827326_600_800.png,pai_2cols_20211228_152817_8715827326_600_800_mask.png,"he  entry  conditions  are  known,  so  it  is possible to state"
116,5,232,11,318,104,550,115,318,104,550,104,550,115,318,115,sub_line_text,text,text_5,raleway,regular,9,pai_2cols_20211228_152817_8715827326_600_800.png,/scratch/parceirosbr/bigoilict/share/BigOil/document_generator/datasets/documents_2021_12_28/pai_2cols_20211228_152817_8715827326_600_800.png,pai_2cols_20211228_152817_8715827326_600_800_mask.png,that  the  condition  of  is  used  in  the  entry for all variabl-
41,5,82,11,318,118,400,129,318,118,400,118,400,129,318,129,sub_line_text,text,text_5,raleway,regular,9,pai_2cols_20211228_152817_8715827326_600_800.png,/scratch/parceirosbr/bigoilict/share/BigOil/document_generator/datasets/documents_2021_12_28/pai_2cols_20211228_152817_8715827326_600_800.png,pai_2cols_20211228_152817_8715827326_600_800_mask.png,es. 4.3.2.2 outgoing..
116,40,233,81,318,48,551,129,318,48,551,48,551,129,318,129,text,text,text_5,raleway,regular,9,pai_2cols_20211228_152817_8715827326_600_800.png,/scratch/parceirosbr/bigoilict/share/BigOil/document_generator/datasets/documents_2021_12_28/pai_2cols_20211228_152817_8715827326_600_800.png,pai_2cols_20211228_152817_8715827326_600_800_mask.png,nan
108,7,217,15,328,133,545,148,328,133,545,133,545,148,328,148,sub_line_text,subsubtitle,subsubtitle_1,raleway,regular,12,pai_2cols_20211228_152817_8715827326_600_800.png,/scratch/parceirosbr/bigoilict/share/BigOil/document_generator/datasets/documents_2021_12_28/pai_2cols_20211228_152817_8715827326_600_800.png,pai_2cols_20211228_152817_8715827326_600_800_mask.png,Verifica-se 118imagem cheia mostrada
108,7,217,15,328,133,545,148,328,133,545,133,545,148,328,148,title,subsubtitle,subsubtitle_1,raleway,regular,12,pai_2cols_20211228_152817_8715827326_600_800.png,/scratch/parceirosbr/bigoilict/share/BigOil/document_generator/datasets/documents_2021_12_28/pai_2cols_20211228_152817_8715827326_600_800.png,pai_2cols_20211228_152817_8715827326_600_800_mask.png,nan
118,80,237,160,318,153,555,313,318,153,555,153,555,313,318,313,image,figure_image,figure_0,,,,pai_2cols_20211228_152817_8715827326_600_800.png,/scratch/parceirosbr/bigoilict/share/BigOil/document_generator/datasets/documents_2021_12_28/pai_2cols_20211228_152817_8715827326_600_800.png,pai_2cols_20211228_152817_8715827326_600_800_mask.png,output/gen_img_20211228_152819_6052408702.png
8,2,17,4,417,272,434,276,417,272,434,272,434,276,417,276,text,figure_text,figure_0,,,,pai_2cols_20211228_152817_8715827326_600_800.png,/scratch/parceirosbr/bigoilict/share/BigOil/document_generator/datasets/documents_2021_12_28/pai_2cols_20211228_152817_8715827326_600_800.png,pai_2cols_20211228_152817_8715827326_600_800_mask.png,-7570.37
8,2,17,4,417,272,434,276,417,272,434,272,434,276,417,276,sub_line_text,figure_text,figure_0,,,,pai_2cols_20211228_152817_8715827326_600_800.png,/scratch/parceirosbr/bigoilict/share/BigOil/document_generator/datasets/documents_2021_12_28/pai_2cols_20211228_152817_8715827326_600_800.png,pai_2cols_20211228_152817_8715827326_600_800_mask.png,-7570.37
6,2,13,4,404,182,417,186,404,182,417,182,417,186,404,186,text,figure_text,figure_0,,,,pai_2cols_20211228_152817_8715827326_600_800.png,/scratch/parceirosbr/bigoilict/share/BigOil/document_generator/datasets/documents_2021_12_28/pai_2cols_20211228_152817_8715827326_600_800.png,pai_2cols_20211228_152817_8715827326_600_800_mask.png,Videos
6,2,13,4,404,182,417,186,404,182,417,182,417,186,404,186,sub_line_text,figure_text,figure_0,,,,pai_2cols_20211228_152817_8715827326_600_800.png,/scratch/parceirosbr/bigoilict/share/BigOil/document_generator/datasets/documents_2021_12_28/pai_2cols_20211228_152817_8715827326_600_800.png,pai_2cols_20211228_152817_8715827326_600_800_mask.png,Videos
17,2,35,5,338,256,373,261,338,256,373,256,373,261,338,261,text,figure_text,figure_0,,,,pai_2cols_20211228_152817_8715827326_600_800.png,/scratch/parceirosbr/bigoilict/share/BigOil/document_generator/datasets/documents_2021_12_28/pai_2cols_20211228_152817_8715827326_600_800.png,pai_2cols_20211228_152817_8715827326_600_800_mask.png,Consumption (MB)
17,2,35,5,338,256,373,261,338,256,373,256,373,261,338,261,sub_line_text,figure_text,figure_0,,,,pai_2cols_20211228_152817_8715827326_600_800.png,/scratch/parceirosbr/bigoilict/share/BigOil/document_generator/datasets/documents_2021_12_28/pai_2cols_20211228_152817_8715827326_600_800.png,pai_2cols_20211228_152817_8715827326_600_800_mask.png,Consumption (MB)
9,2,19,5,399,156,418,161,399,156,418,156,418,161,399,161,text,figure_text,figure_0,,,,pai_2cols_20211228_152817_8715827326_600_800.png,/scratch/parceirosbr/bigoilict/share/BigOil/document_generator/datasets/documents_2021_12_28/pai_2cols_20211228_152817_8715827326_600_800.png,pai_2cols_20211228_152817_8715827326_600_800_mask.png,Data [KB]
9,2,19,5,399,156,418,161,399,156,418,156,418,161,399,161,sub_line_text,figure_text,figure_0,,,,pai_2cols_20211228_152817_8715827326_600_800.png,/scratch/parceirosbr/bigoilict/share/BigOil/document_generator/datasets/documents_2021_12_28/pai_2cols_20211228_152817_8715827326_600_800.png,pai_2cols_20211228_152817_8715827326_600_800_mask.png,Data [KB]
10,2,21,4,379,240,400,244,379,240,400,240,400,244,379,244,text,figure_text,figure_0,,,,pai_2cols_20211228_152817_8715827326_600_800.png,/scratch/parceirosbr/bigoilict/share/BigOil/document_generator/datasets/documents_2021_12_28/pai_2cols_20211228_152817_8715827326_600_800.png,pai_2cols_20211228_152817_8715827326_600_800_mask.png,-8553.50%
10,2,21,4,379,240,400,244,379,240,400,240,400,244,379,244,sub_line_text,figure_text,figure_0,,,,pai_2cols_20211228_152817_8715827326_600_800.png,/scratch/parceirosbr/bigoilict/share/BigOil/document_generator/datasets/documents_2021_12_28/pai_2cols_20211228_152817_8715827326_600_800.png,pai_2cols_20211228_152817_8715827326_600_800_mask.png,-8553.50%
8,2,17,4,397,302,414,306,397,302,414,302,414,306,397,306,text,figure_text,figure_0,,,,pai_2cols_20211228_152817_8715827326_600_800.png,/scratch/parceirosbr/bigoilict/share/BigOil/document_generator/datasets/documents_2021_12_28/pai_2cols_20211228_152817_8715827326_600_800.png,pai_2cols_20211228_152817_8715827326_600_800_mask.png,-7755.86
8,2,17,4,397,302,414,306,397,302,414,302,414,306,397,306,sub_line_text,figure_text,figure_0,,,,pai_2cols_20211228_152817_8715827326_600_800.png,/scratch/parceirosbr/bigoilict/share/BigOil/document_generator/datasets/documents_2021_12_28/pai_2cols_20211228_152817_8715827326_600_800.png,pai_2cols_20211228_152817_8715827326_600_800_mask.png,-7755.86
5,2,11,4,504,226,515,230,504,226,515,226,515,230,504,230,text,figure_text,figure_0,,,,pai_2cols_20211228_152817_8715827326_600_800.png,/scratch/parceirosbr/bigoilict/share/BigOil/document_generator/datasets/documents_2021_12_28/pai_2cols_20211228_152817_8715827326_600_800.png,pai_2cols_20211228_152817_8715827326_600_800_mask.png,-6967
5,2,11,4,504,226,515,230,504,226,515,226,515,230,504,230,sub_line_text,figure_text,figure_0,,,,pai_2cols_20211228_152817_8715827326_600_800.png,/scratch/parceirosbr/bigoilict/share/BigOil/document_generator/datasets/documents_2021_12_28/pai_2cols_20211228_152817_8715827326_600_800.png,pai_2cols_20211228_152817_8715827326_600_800_mask.png,-6967
13,2,26,5,322,217,348,222,322,217,348,217,348,222,322,222,text,figure_text,figure_0,,,,pai_2cols_20211228_152817_8715827326_600_800.png,/scratch/parceirosbr/bigoilict/share/BigOil/document_generator/datasets/documents_2021_12_28/pai_2cols_20211228_152817_8715827326_600_800.png,pai_2cols_20211228_152817_8715827326_600_800_mask.png,Demand [GB]
13,2,26,5,322,217,348,222,322,217,348,217,348,222,322,222,sub_line_text,figure_text,figure_0,,,,pai_2cols_20211228_152817_8715827326_600_800.png,/scratch/parceirosbr/bigoilict/share/BigOil/document_generator/datasets/documents_2021_12_28/pai_2cols_20211228_152817_8715827326_600_800.png,pai_2cols_20211228_152817_8715827326_600_800_mask.png,Demand [GB]
5,2,10,5,431,155,441,160,431,155,441,155,441,160,431,160,text,figure_text,figure_0,,,,pai_2cols_20211228_152817_8715827326_600_800.png,/scratch/parceirosbr/bigoilict/share/BigOil/document_generator/datasets/documents_2021_12_28/pai_2cols_20211228_152817_8715827326_600_800.png,pai_2cols_20211228_152817_8715827326_600_800_mask.png,Days
5,2,10,5,431,155,441,160,431,155,441,155,441,160,431,160,sub_line_text,figure_text,figure_0,,,,pai_2cols_20211228_152817_8715827326_600_800.png,/scratch/parceirosbr/bigoilict/share/BigOil/document_generator/datasets/documents_2021_12_28/pai_2cols_20211228_152817_8715827326_600_800.png,pai_2cols_20211228_152817_8715827326_600_800_mask.png,Days
17,2,34,5,462,186,496,191,462,186,496,186,496,191,462,191,text,figure_text,figure_0,,,,pai_2cols_20211228_152817_8715827326_600_800.png,/scratch/parceirosbr/bigoilict/share/BigOil/document_generator/datasets/documents_2021_12_28/pai_2cols_20211228_152817_8715827326_600_800.png,pai_2cols_20211228_152817_8715827326_600_800_mask.png,Consumption [TB]
17,2,34,5,462,186,496,191,462,186,496,186,496,191,462,191,sub_line_text,figure_text,figure_0,,,,pai_2cols_20211228_152817_8715827326_600_800.png,/scratch/parceirosbr/bigoilict/share/BigOil/document_generator/datasets/documents_2021_12_28/pai_2cols_20211228_152817_8715827326_600_800.png,pai_2cols_20211228_152817_8715827326_600_800_mask.png,Consumption [TB]
9,2,19,4,415,305,434,309,415,305,434,305,434,309,415,309,text,figure_text,figure_0,,,,pai_2cols_20211228_152817_8715827326_600_800.png,/scratch/parceirosbr/bigoilict/share/BigOil/document_generator/datasets/documents_2021_12_28/pai_2cols_20211228_152817_8715827326_600_800.png,pai_2cols_20211228_152817_8715827326_600_800_mask.png,-8403.8%
9,2,19,4,415,305,434,309,415,305,434,305,434,309,415,309,sub_line_text,figure_text,figure_0,,,,pai_2cols_20211228_152817_8715827326_600_800.png,/scratch/parceirosbr/bigoilict/share/BigOil/document_generator/datasets/documents_2021_12_28/pai_2cols_20211228_152817_8715827326_600_800.png,pai_2cols_20211228_152817_8715827326_600_800_mask.png,-8403.8%
10,2,21,4,362,269,383,273,362,269,383,269,383,273,362,273,text,figure_text,figure_0,,,,pai_2cols_20211228_152817_8715827326_600_800.png,/scratch/parceirosbr/bigoilict/share/BigOil/document_generator/datasets/documents_2021_12_28/pai_2cols_20211228_152817_8715827326_600_800.png,pai_2cols_20211228_152817_8715827326_600_800_mask.png,-3002.12%
10,2,21,4,362,269,383,273,362,269,383,269,383,273,362,273,sub_line_text,figure_text,figure_0,,,,pai_2cols_20211228_152817_8715827326_600_800.png,/scratch/parceirosbr/bigoilict/share/BigOil/document_generator/datasets/documents_2021_12_28/pai_2cols_20211228_152817_8715827326_600_800.png,pai_2cols_20211228_152817_8715827326_600_800_mask.png,-3002.12%
7,2,15,4,462,205,477,209,462,205,477,205,477,209,462,209,text,figure_text,figure_0,,,,pai_2cols_20211228_152817_8715827326_600_800.png,/scratch/parceirosbr/bigoilict/share/BigOil/document_generator/datasets/documents_2021_12_28/pai_2cols_20211228_152817_8715827326_600_800.png,pai_2cols_20211228_152817_8715827326_600_800_mask.png,-2923%
7,2,15,4,462,205,477,209,462,205,477,205,477,209,462,209,sub_line_text,figure_text,figure_0,,,,pai_2cols_20211228_152817_8715827326_600_800.png,/scratch/parceirosbr/bigoilict/share/BigOil/document_generator/datasets/documents_2021_12_28/pai_2cols_20211228_152817_8715827326_600_800.png,pai_2cols_20211228_152817_8715827326_600_800_mask.png,-2923%
5,2,11,5,447,165,458,170,447,165,458,165,458,170,447,170,text,figure_text,figure_0,,,,pai_2cols_20211228_152817_8715827326_600_800.png,/scratch/parceirosbr/bigoilict/share/BigOil/document_generator/datasets/documents_2021_12_28/pai_2cols_20211228_152817_8715827326_600_800.png,pai_2cols_20211228_152817_8715827326_600_800_mask.png,North
5,2,11,5,447,165,458,170,447,165,458,165,458,170,447,170,sub_line_text,figure_text,figure_0,,,,pai_2cols_20211228_152817_8715827326_600_800.png,/scratch/parceirosbr/bigoilict/share/BigOil/document_generator/datasets/documents_2021_12_28/pai_2cols_20211228_152817_8715827326_600_800.png,pai_2cols_20211228_152817_8715827326_600_800_mask.png,North
8,2,17,5,455,299,472,304,455,299,472,299,472,304,455,304,text,figure_text,figure_0,,,,pai_2cols_20211228_152817_8715827326_600_800.png,/scratch/parceirosbr/bigoilict/share/BigOil/document_generator/datasets/documents_2021_12_28/pai_2cols_20211228_152817_8715827326_600_800.png,pai_2cols_20211228_152817_8715827326_600_800_mask.png,-8643.29
8,2,17,5,455,299,472,304,455,299,472,299,472,304,455,304,sub_line_text,figure_text,figure_0,,,,pai_2cols_20211228_152817_8715827326_600_800.png,/scratch/parceirosbr/bigoilict/share/BigOil/document_generator/datasets/documents_2021_12_28/pai_2cols_20211228_152817_8715827326_600_800.png,pai_2cols_20211228_152817_8715827326_600_800_mask.png,-8643.29
5,2,11,4,440,261,451,265,440,261,451,261,451,265,440,265,text,figure_text,figure_0,,,,pai_2cols_20211228_152817_8715827326_600_800.png,/scratch/parceirosbr/bigoilict/share/BigOil/document_generator/datasets/documents_2021_12_28/pai_2cols_20211228_152817_8715827326_600_800.png,pai_2cols_20211228_152817_8715827326_600_800_mask.png,-8929
5,2,11,4,440,261,451,265,440,261,451,261,451,265,440,265,sub_line_text,figure_text,figure_0,,,,pai_2cols_20211228_152817_8715827326_600_800.png,/scratch/parceirosbr/bigoilict/share/BigOil/document_generator/datasets/documents_2021_12_28/pai_2cols_20211228_152817_8715827326_600_800.png,pai_2cols_20211228_152817_8715827326_600_800_mask.png,-8929
8,2,17,4,467,171,484,175,467,171,484,171,484,175,467,175,text,figure_text,figure_0,,,,pai_2cols_20211228_152817_8715827326_600_800.png,/scratch/parceirosbr/bigoilict/share/BigOil/document_generator/datasets/documents_2021_12_28/pai_2cols_20211228_152817_8715827326_600_800.png,pai_2cols_20211228_152817_8715827326_600_800_mask.png,-4529.46
8,2,17,4,467,171,484,175,467,171,484,171,484,175,467,175,sub_line_text,figure_text,figure_0,,,,pai_2cols_20211228_152817_8715827326_600_800.png,/scratch/parceirosbr/bigoilict/share/BigOil/document_generator/datasets/documents_2021_12_28/pai_2cols_20211228_152817_8715827326_600_800.png,pai_2cols_20211228_152817_8715827326_600_800_mask.png,-4529.46
89,5,178,10,342,318,520,328,342,318,520,318,520,328,342,328,sub_line_text,figure_legend,figure_0,raleway,bold,8,pai_2cols_20211228_152817_8715827326_600_800.png,/scratch/parceirosbr/bigoilict/share/BigOil/document_generator/datasets/documents_2021_12_28/pai_2cols_20211228_152817_8715827326_600_800.png,pai_2cols_20211228_152817_8715827326_600_800_mask.png,Fig.  81:    Apesar  de  as  crises  de 1973 e 1979
84,5,168,10,342,331,510,341,342,331,510,331,510,341,342,341,sub_line_text,figure_legend,figure_0,raleway,bold,8,pai_2cols_20211228_152817_8715827326_600_800.png,/scratch/parceirosbr/bigoilict/share/BigOil/document_generator/datasets/documents_2021_12_28/pai_2cols_20211228_152817_8715827326_600_800.png,pai_2cols_20211228_152817_8715827326_600_800_mask.png,mostrarem ao mundo as conseqüências de
89,11,178,23,342,318,520,341,342,318,520,318,520,341,342,341,text,figure_legend,figure_0,raleway,bold,8,pai_2cols_20211228_152817_8715827326_600_800.png,/scratch/parceirosbr/bigoilict/share/BigOil/document_generator/datasets/documents_2021_12_28/pai_2cols_20211228_152817_8715827326_600_800.png,pai_2cols_20211228_152817_8715827326_600_800_mask.png,nan
35,5,71,11,401,345,472,356,401,345,472,345,472,356,401,356,sub_line_text,subsubsubtitle,subsubsubtitle_0,raleway,bold,9,pai_2cols_20211228_152817_8715827326_600_800.png,/scratch/parceirosbr/bigoilict/share/BigOil/document_generator/datasets/documents_2021_12_28/pai_2cols_20211228_152817_8715827326_600_800.png,pai_2cols_20211228_152817_8715827326_600_800_mask.png,May Jul Sep Nov
35,5,71,11,401,345,472,356,401,345,472,345,472,356,401,356,title,subsubsubtitle,subsubsubtitle_0,raleway,bold,9,pai_2cols_20211228_152817_8715827326_600_800.png,/scratch/parceirosbr/bigoilict/share/BigOil/document_generator/datasets/documents_2021_12_28/pai_2cols_20211228_152817_8715827326_600_800.png,pai_2cols_20211228_152817_8715827326_600_800_mask.png,nan
113,54,226,108,323,367,549,475,323,367,549,367,549,475,323,475,table,table_image,table_0,,,,pai_2cols_20211228_152817_8715827326_600_800.png,/scratch/parceirosbr/bigoilict/share/BigOil/document_generator/datasets/documents_2021_12_28/pai_2cols_20211228_152817_8715827326_600_800.png,pai_2cols_20211228_152817_8715827326_600_800_mask.png,output/gen_tab_20211228_152819_2302582022.png
8,5,16,11,343,371,359,382,343,371,359,371,359,382,343,382,text,table_text,table_0,opensans,regular,9.0,pai_2cols_20211228_152817_8715827326_600_800.png,/scratch/parceirosbr/bigoilict/share/BigOil/document_generator/datasets/documents_2021_12_28/pai_2cols_20211228_152817_8715827326_600_800.png,pai_2cols_20211228_152817_8715827326_600_800_mask.png,sem
8,5,16,11,343,371,359,382,343,371,359,371,359,382,343,382,sub_line_text,table_text,table_0,opensans,regular,9.0,pai_2cols_20211228_152817_8715827326_600_800.png,/scratch/parceirosbr/bigoilict/share/BigOil/document_generator/datasets/documents_2021_12_28/pai_2cols_20211228_152817_8715827326_600_800.png,pai_2cols_20211228_152817_8715827326_600_800_mask.png,sem
7,5,14,11,345,386,359,397,345,386,359,386,359,397,345,397,text,table_text,table_0,opensans,italic,9.0,pai_2cols_20211228_152817_8715827326_600_800.png,/scratch/parceirosbr/bigoilict/share/BigOil/document_generator/datasets/documents_2021_12_28/pai_2cols_20211228_152817_8715827326_600_800.png,pai_2cols_20211228_152817_8715827326_600_800_mask.png,que
7,5,14,11,345,386,359,397,345,386,359,386,359,397,345,397,sub_line_text,table_text,table_0,opensans,italic,9.0,pai_2cols_20211228_152817_8715827326_600_800.png,/scratch/parceirosbr/bigoilict/share/BigOil/document_generator/datasets/documents_2021_12_28/pai_2cols_20211228_152817_8715827326_600_800.png,pai_2cols_20211228_152817_8715827326_600_800_mask.png,que
13,5,27,11,338,400,365,411,338,400,365,400,365,411,338,411,text,table_text,table_0,opensans,italic,9.0,pai_2cols_20211228_152817_8715827326_600_800.png,/scratch/parceirosbr/bigoilict/share/BigOil/document_generator/datasets/documents_2021_12_28/pai_2cols_20211228_152817_8715827326_600_800.png,pai_2cols_20211228_152817_8715827326_600_800_mask.png,relação
13,5,27,11,338,400,365,411,338,400,365,400,365,411,338,411,sub_line_text,table_text,table_0,opensans,italic,9.0,pai_2cols_20211228_152817_8715827326_600_800.png,/scratch/parceirosbr/bigoilict/share/BigOil/document_generator/datasets/documents_2021_12_28/pai_2cols_20211228_152817_8715827326_600_800.png,pai_2cols_20211228_152817_8715827326_600_800_mask.png,relação
19,5,38,11,333,414,371,425,333,414,371,414,371,425,333,425,text,table_text,table_0,opensans,italic,9.0,pai_2cols_20211228_152817_8715827326_600_800.png,/scratch/parceirosbr/bigoilict/share/BigOil/document_generator/datasets/documents_2021_12_28/pai_2cols_20211228_152817_8715827326_600_800.png,pai_2cols_20211228_152817_8715827326_600_800_mask.png,vantagens
19,5,38,11,333,414,371,425,333,414,371,414,371,425,333,425,sub_line_text,table_text,table_0,opensans,italic,9.0,pai_2cols_20211228_152817_8715827326_600_800.png,/scratch/parceirosbr/bigoilict/share/BigOil/document_generator/datasets/documents_2021_12_28/pai_2cols_20211228_152817_8715827326_600_800.png,pai_2cols_20211228_152817_8715827326_600_800_mask.png,vantagens
8,5,17,11,343,429,360,440,343,429,360,429,360,440,343,440,text,table_text,table_0,opensans,italic,9.0,pai_2cols_20211228_152817_8715827326_600_800.png,/scratch/parceirosbr/bigoilict/share/BigOil/document_generator/datasets/documents_2021_12_28/pai_2cols_20211228_152817_8715827326_600_800.png,pai_2cols_20211228_152817_8715827326_600_800_mask.png,vista
8,5,17,11,343,429,360,440,343,429,360,429,360,440,343,440,sub_line_text,table_text,table_0,opensans,italic,9.0,pai_2cols_20211228_152817_8715827326_600_800.png,/scratch/parceirosbr/bigoilict/share/BigOil/document_generator/datasets/documents_2021_12_28/pai_2cols_20211228_152817_8715827326_600_800.png,pai_2cols_20211228_152817_8715827326_600_800_mask.png,vista
16,5,32,11,336,443,368,454,336,443,368,443,368,454,336,454,text,table_text,table_0,opensans,italic,9.0,pai_2cols_20211228_152817_8715827326_600_800.png,/scratch/parceirosbr/bigoilict/share/BigOil/document_generator/datasets/documents_2021_12_28/pai_2cols_20211228_152817_8715827326_600_800.png,pai_2cols_20211228_152817_8715827326_600_800_mask.png,recursos
16,5,32,11,336,443,368,454,336,443,368,443,368,454,336,454,sub_line_text,table_text,table_0,opensans,italic,9.0,pai_2cols_20211228_152817_8715827326_600_800.png,/scratch/parceirosbr/bigoilict/share/BigOil/document_generator/datasets/documents_2021_12_28/pai_2cols_20211228_152817_8715827326_600_800.png,pai_2cols_20211228_152817_8715827326_600_800_mask.png,recursos
24,5,49,11,411,457,460,468,411,457,460,457,460,468,411,468,text,table_text,table_0,opensans,italic,9.0,pai_2cols_20211228_152817_8715827326_600_800.png,/scratch/parceirosbr/bigoilict/share/BigOil/document_generator/datasets/documents_2021_12_28/pai_2cols_20211228_152817_8715827326_600_800.png,pai_2cols_20211228_152817_8715827326_600_800_mask.png,componentes
24,5,49,11,411,457,460,468,411,457,460,457,460,468,411,468,sub_line_text,table_text,table_0,opensans,italic,9.0,pai_2cols_20211228_152817_8715827326_600_800.png,/scratch/parceirosbr/bigoilict/share/BigOil/document_generator/datasets/documents_2021_12_28/pai_2cols_20211228_152817_8715827326_600_800.png,pai_2cols_20211228_152817_8715827326_600_800_mask.png,componentes
9,5,18,11,466,371,484,382,466,371,484,371,484,382,466,382,text,table_text,table_0,opensans,regular,9.0,pai_2cols_20211228_152817_8715827326_600_800.png,/scratch/parceirosbr/bigoilict/share/BigOil/document_generator/datasets/documents_2021_12_28/pai_2cols_20211228_152817_8715827326_600_800.png,pai_2cols_20211228_152817_8715827326_600_800_mask.png,data
9,5,18,11,466,371,484,382,466,371,484,371,484,382,466,382,sub_line_text,table_text,table_0,opensans,regular,9.0,pai_2cols_20211228_152817_8715827326_600_800.png,/scratch/parceirosbr/bigoilict/share/BigOil/document_generator/datasets/documents_2021_12_28/pai_2cols_20211228_152817_8715827326_600_800.png,pai_2cols_20211228_152817_8715827326_600_800_mask.png,data
15,5,31,11,407,386,438,397,407,386,438,386,438,397,407,397,text,table_text,table_0,opensans,italic,9.0,pai_2cols_20211228_152817_8715827326_600_800.png,/scratch/parceirosbr/bigoilict/share/BigOil/document_generator/datasets/documents_2021_12_28/pai_2cols_20211228_152817_8715827326_600_800.png,pai_2cols_20211228_152817_8715827326_600_800_mask.png,84.1847
15,5,31,11,407,386,438,397,407,386,438,386,438,397,407,397,sub_line_text,table_text,table_0,opensans,italic,9.0,pai_2cols_20211228_152817_8715827326_600_800.png,/scratch/parceirosbr/bigoilict/share/BigOil/document_generator/datasets/documents_2021_12_28/pai_2cols_20211228_152817_8715827326_600_800.png,pai_2cols_20211228_152817_8715827326_600_800_mask.png,84.1847
15,5,30,11,408,400,438,411,408,400,438,400,438,411,408,411,text,table_text,table_0,opensans,italic,9.0,pai_2cols_20211228_152817_8715827326_600_800.png,/scratch/parceirosbr/bigoilict/share/BigOil/document_generator/datasets/documents_2021_12_28/pai_2cols_20211228_152817_8715827326_600_800.png,pai_2cols_20211228_152817_8715827326_600_800_mask.png,14.7745
15,5,30,11,408,400,438,411,408,400,438,400,438,411,408,411,sub_line_text,table_text,table_0,opensans,italic,9.0,pai_2cols_20211228_152817_8715827326_600_800.png,/scratch/parceirosbr/bigoilict/share/BigOil/document_generator/datasets/documents_2021_12_28/pai_2cols_20211228_152817_8715827326_600_800.png,pai_2cols_20211228_152817_8715827326_600_800_mask.png,14.7745
17,5,35,11,404,414,439,425,404,414,439,414,439,425,404,425,text,table_text,table_0,opensans,italic,9.0,pai_2cols_20211228_152817_8715827326_600_800.png,/scratch/parceirosbr/bigoilict/share/BigOil/document_generator/datasets/documents_2021_12_28/pai_2cols_20211228_152817_8715827326_600_800.png,pai_2cols_20211228_152817_8715827326_600_800_mask.png,316.6735
17,5,35,11,404,414,439,425,404,414,439,414,439,425,404,425,sub_line_text,table_text,table_0,opensans,italic,9.0,pai_2cols_20211228_152817_8715827326_600_800.png,/scratch/parceirosbr/bigoilict/share/BigOil/document_generator/datasets/documents_2021_12_28/pai_2cols_20211228_152817_8715827326_600_800.png,pai_2cols_20211228_152817_8715827326_600_800_mask.png,316.6735
18,5,36,11,403,429,439,440,403,429,439,429,439,440,403,440,text,table_text,table_0,opensans,italic,9.0,pai_2cols_20211228_152817_8715827326_600_800.png,/scratch/parceirosbr/bigoilict/share/BigOil/document_generator/datasets/documents_2021_12_28/pai_2cols_20211228_152817_8715827326_600_800.png,pai_2cols_20211228_152817_8715827326_600_800_mask.png,199.1127
18,5,36,11,403,429,439,440,403,429,439,429,439,440,403,440,sub_line_text,table_text,table_0,opensans,italic,9.0,pai_2cols_20211228_152817_8715827326_600_800.png,/scratch/parceirosbr/bigoilict/share/BigOil/document_generator/datasets/documents_2021_12_28/pai_2cols_20211228_152817_8715827326_600_800.png,pai_2cols_20211228_152817_8715827326_600_800_mask.png,199.1127
17,5,35,11,404,443,439,454,404,443,439,443,439,454,404,454,text,table_text,table_0,opensans,italic,9.0,pai_2cols_20211228_152817_8715827326_600_800.png,/scratch/parceirosbr/bigoilict/share/BigOil/document_generator/datasets/documents_2021_12_28/pai_2cols_20211228_152817_8715827326_600_800.png,pai_2cols_20211228_152817_8715827326_600_800_mask.png,599.5039
17,5,35,11,404,443,439,454,404,443,439,443,439,454,404,454,sub_line_text,table_text,table_0,opensans,italic,9.0,pai_2cols_20211228_152817_8715827326_600_800.png,/scratch/parceirosbr/bigoilict/share/BigOil/document_generator/datasets/documents_2021_12_28/pai_2cols_20211228_152817_8715827326_600_800.png,pai_2cols_20211228_152817_8715827326_600_800_mask.png,599.5039
10,5,21,11,462,386,483,397,462,386,483,386,483,397,462,397,text,table_text,table_0,opensans,italic,9.0,pai_2cols_20211228_152817_8715827326_600_800.png,/scratch/parceirosbr/bigoilict/share/BigOil/document_generator/datasets/documents_2021_12_28/pai_2cols_20211228_152817_8715827326_600_800.png,pai_2cols_20211228_152817_8715827326_600_800_mask.png,342.7
10,5,21,11,462,386,483,397,462,386,483,386,483,397,462,397,sub_line_text,table_text,table_0,opensans,italic,9.0,pai_2cols_20211228_152817_8715827326_600_800.png,/scratch/parceirosbr/bigoilict/share/BigOil/document_generator/datasets/documents_2021_12_28/pai_2cols_20211228_152817_8715827326_600_800.png,pai_2cols_20211228_152817_8715827326_600_800_mask.png,342.7
8,5,16,11,467,400,483,411,467,400,483,400,483,411,467,411,text,table_text,table_0,opensans,italic,9.0,pai_2cols_20211228_152817_8715827326_600_800.png,/scratch/parceirosbr/bigoilict/share/BigOil/document_generator/datasets/documents_2021_12_28/pai_2cols_20211228_152817_8715827326_600_800.png,pai_2cols_20211228_152817_8715827326_600_800_mask.png,19.2
8,5,16,11,467,400,483,411,467,400,483,400,483,411,467,411,sub_line_text,table_text,table_0,opensans,italic,9.0,pai_2cols_20211228_152817_8715827326_600_800.png,/scratch/parceirosbr/bigoilict/share/BigOil/document_generator/datasets/documents_2021_12_28/pai_2cols_20211228_152817_8715827326_600_800.png,pai_2cols_20211228_152817_8715827326_600_800_mask.png,19.2
8,5,16,11,467,414,483,425,467,414,483,414,483,425,467,425,text,table_text,table_0,opensans,italic,9.0,pai_2cols_20211228_152817_8715827326_600_800.png,/scratch/parceirosbr/bigoilict/share/BigOil/document_generator/datasets/documents_2021_12_28/pai_2cols_20211228_152817_8715827326_600_800.png,pai_2cols_20211228_152817_8715827326_600_800_mask.png,44.6
8,5,16,11,467,414,483,425,467,414,483,414,483,425,467,425,sub_line_text,table_text,table_0,opensans,italic,9.0,pai_2cols_20211228_152817_8715827326_600_800.png,/scratch/parceirosbr/bigoilict/share/BigOil/document_generator/datasets/documents_2021_12_28/pai_2cols_20211228_152817_8715827326_600_800.png,pai_2cols_20211228_152817_8715827326_600_800_mask.png,44.6
8,5,16,11,467,429,483,440,467,429,483,429,483,440,467,440,text,table_text,table_0,opensans,italic,9.0,pai_2cols_20211228_152817_8715827326_600_800.png,/scratch/parceirosbr/bigoilict/share/BigOil/document_generator/datasets/documents_2021_12_28/pai_2cols_20211228_152817_8715827326_600_800.png,pai_2cols_20211228_152817_8715827326_600_800_mask.png,11.1
8,5,16,11,467,429,483,440,467,429,483,429,483,440,467,440,sub_line_text,table_text,table_0,opensans,italic,9.0,pai_2cols_20211228_152817_8715827326_600_800.png,/scratch/parceirosbr/bigoilict/share/BigOil/document_generator/datasets/documents_2021_12_28/pai_2cols_20211228_152817_8715827326_600_800.png,pai_2cols_20211228_152817_8715827326_600_800_mask.png,11.1
8,5,16,11,467,443,483,454,467,443,483,443,483,454,467,454,text,table_text,table_0,opensans,italic,9.0,pai_2cols_20211228_152817_8715827326_600_800.png,/scratch/parceirosbr/bigoilict/share/BigOil/document_generator/datasets/documents_2021_12_28/pai_2cols_20211228_152817_8715827326_600_800.png,pai_2cols_20211228_152817_8715827326_600_800_mask.png,48.5
8,5,16,11,467,443,483,454,467,443,483,443,483,454,467,454,sub_line_text,table_text,table_0,opensans,italic,9.0,pai_2cols_20211228_152817_8715827326_600_800.png,/scratch/parceirosbr/bigoilict/share/BigOil/document_generator/datasets/documents_2021_12_28/pai_2cols_20211228_152817_8715827326_600_800.png,pai_2cols_20211228_152817_8715827326_600_800_mask.png,48.5
25,5,51,11,490,371,541,382,490,371,541,371,541,382,490,382,text,table_text,table_0,opensans,regular,9.0,pai_2cols_20211228_152817_8715827326_600_800.png,/scratch/parceirosbr/bigoilict/share/BigOil/document_generator/datasets/documents_2021_12_28/pai_2cols_20211228_152817_8715827326_600_800.png,pai_2cols_20211228_152817_8715827326_600_800_mask.png,concorrência
25,5,51,11,490,371,541,382,490,371,541,371,541,382,490,382,sub_line_text,table_text,table_0,opensans,regular,9.0,pai_2cols_20211228_152817_8715827326_600_800.png,/scratch/parceirosbr/bigoilict/share/BigOil/document_generator/datasets/documents_2021_12_28/pai_2cols_20211228_152817_8715827326_600_800.png,pai_2cols_20211228_152817_8715827326_600_800_mask.png,concorrência
18,5,36,11,498,386,534,397,498,386,534,386,534,397,498,397,text,table_text,table_0,opensans,italic,9.0,pai_2cols_20211228_152817_8715827326_600_800.png,/scratch/parceirosbr/bigoilict/share/BigOil/document_generator/datasets/documents_2021_12_28/pai_2cols_20211228_152817_8715827326_600_800.png,pai_2cols_20211228_152817_8715827326_600_800_mask.png,empresas
18,5,36,11,498,386,534,397,498,386,534,386,534,397,498,397,sub_line_text,table_text,table_0,opensans,italic,9.0,pai_2cols_20211228_152817_8715827326_600_800.png,/scratch/parceirosbr/bigoilict/share/BigOil/document_generator/datasets/documents_2021_12_28/pai_2cols_20211228_152817_8715827326_600_800.png,pai_2cols_20211228_152817_8715827326_600_800_mask.png,empresas
18,5,36,11,498,400,534,411,498,400,534,400,534,411,498,411,text,table_text,table_0,opensans,italic,9.0,pai_2cols_20211228_152817_8715827326_600_800.png,/scratch/parceirosbr/bigoilict/share/BigOil/document_generator/datasets/documents_2021_12_28/pai_2cols_20211228_152817_8715827326_600_800.png,pai_2cols_20211228_152817_8715827326_600_800_mask.png,amostras
18,5,36,11,498,400,534,411,498,400,534,400,534,411,498,411,sub_line_text,table_text,table_0,opensans,italic,9.0,pai_2cols_20211228_152817_8715827326_600_800.png,/scratch/parceirosbr/bigoilict/share/BigOil/document_generator/datasets/documents_2021_12_28/pai_2cols_20211228_152817_8715827326_600_800.png,pai_2cols_20211228_152817_8715827326_600_800_mask.png,amostras
5,5,11,11,510,414,521,425,510,414,521,414,521,425,510,425,text,table_text,table_0,opensans,italic,9.0,pai_2cols_20211228_152817_8715827326_600_800.png,/scratch/parceirosbr/bigoilict/share/BigOil/document_generator/datasets/documents_2021_12_28/pai_2cols_20211228_152817_8715827326_600_800.png,pai_2cols_20211228_152817_8715827326_600_800_mask.png,em
5,5,11,11,510,414,521,425,510,414,521,414,521,425,510,425,sub_line_text,table_text,table_0,opensans,italic,9.0,pai_2cols_20211228_152817_8715827326_600_800.png,/scratch/parceirosbr/bigoilict/share/BigOil/document_generator/datasets/documents_2021_12_28/pai_2cols_20211228_152817_8715827326_600_800.png,pai_2cols_20211228_152817_8715827326_600_800_mask.png,em
10,5,20,11,506,429,526,440,506,429,526,429,526,440,506,440,text,table_text,table_0,opensans,italic,9.0,pai_2cols_20211228_152817_8715827326_600_800.png,/scratch/parceirosbr/bigoilict/share/BigOil/document_generator/datasets/documents_2021_12_28/pai_2cols_20211228_152817_8715827326_600_800.png,pai_2cols_20211228_152817_8715827326_600_800_mask.png,tendo
10,5,20,11,506,429,526,440,506,429,526,429,526,440,506,440,sub_line_text,table_text,table_0,opensans,italic,9.0,pai_2cols_20211228_152817_8715827326_600_800.png,/scratch/parceirosbr/bigoilict/share/BigOil/document_generator/datasets/documents_2021_12_28/pai_2cols_20211228_152817_8715827326_600_800.png,pai_2cols_20211228_152817_8715827326_600_800_mask.png,tendo
19,5,39,11,496,443,535,454,496,443,535,443,535,454,496,454,text,table_text,table_0,opensans,italic,9.0,pai_2cols_20211228_152817_8715827326_600_800.png,/scratch/parceirosbr/bigoilict/share/BigOil/document_generator/datasets/documents_2021_12_28/pai_2cols_20211228_152817_8715827326_600_800.png,pai_2cols_20211228_152817_8715827326_600_800_mask.png,calculadas
19,5,39,11,496,443,535,454,496,443,535,443,535,454,496,454,sub_line_text,table_text,table_0,opensans,italic,9.0,pai_2cols_20211228_152817_8715827326_600_800.png,/scratch/parceirosbr/bigoilict/share/BigOil/document_generator/datasets/documents_2021_12_28/pai_2cols_20211228_152817_8715827326_600_800.png,pai_2cols_20211228_152817_8715827326_600_800_mask.png,calculadas
90,5,180,10,342,480,522,490,342,480,522,480,522,490,342,490,sub_line_text,table_legend,table_0,raleway,bold,8,pai_2cols_20211228_152817_8715827326_600_800.png,/scratch/parceirosbr/bigoilict/share/BigOil/document_generator/datasets/documents_2021_12_28/pai_2cols_20211228_152817_8715827326_600_800.png,pai_2cols_20211228_152817_8715827326_600_800_mask.png,"Table  123:    Primeiramente, faz-se necessário"
89,5,179,10,342,493,521,503,342,493,521,493,521,503,342,503,sub_line_text,table_legend,table_0,raleway,bold,8,pai_2cols_20211228_152817_8715827326_600_800.png,/scratch/parceirosbr/bigoilict/share/BigOil/document_generator/datasets/documents_2021_12_28/pai_2cols_20211228_152817_8715827326_600_800.png,pai_2cols_20211228_152817_8715827326_600_800_mask.png,apresentar  a  definição  de design dominante
84,5,169,10,342,506,511,516,342,506,511,506,511,516,342,516,sub_line_text,table_legend,table_0,raleway,bold,8,pai_2cols_20211228_152817_8715827326_600_800.png,/scratch/parceirosbr/bigoilict/share/BigOil/document_generator/datasets/documents_2021_12_28/pai_2cols_20211228_152817_8715827326_600_800.png,pai_2cols_20211228_152817_8715827326_600_800_mask.png,"tal como proposto por (1994, pp. 27).  Docu-"
90,18,180,36,342,480,522,516,342,480,522,480,522,516,342,516,text,table_legend,table_0,raleway,bold,8,pai_2cols_20211228_152817_8715827326_600_800.png,/scratch/parceirosbr/bigoilict/share/BigOil/document_generator/datasets/documents_2021_12_28/pai_2cols_20211228_152817_8715827326_600_800.png,pai_2cols_20211228_152817_8715827326_600_800_mask.png,nan
101,5,203,11,348,520,551,531,348,520,551,520,551,531,348,531,sub_line_text,text,text_6,raleway,regular,9,pai_2cols_20211228_152817_8715827326_600_800.png,/scratch/parceirosbr/bigoilict/share/BigOil/document_generator/datasets/documents_2021_12_28/pai_2cols_20211228_152817_8715827326_600_800.png,pai_2cols_20211228_152817_8715827326_600_800_mask.png,A  toxicidade  dos  íons  para os organismos aquá-
116,5,232,11,318,534,550,545,318,534,550,534,550,545,318,545,sub_line_text,text,text_6,raleway,regular,9,pai_2cols_20211228_152817_8715827326_600_800.png,/scratch/parceirosbr/bigoilict/share/BigOil/document_generator/datasets/documents_2021_12_28/pai_2cols_20211228_152817_8715827326_600_800.png,pai_2cols_20211228_152817_8715827326_600_800_mask.png,"ticos   presentes   pode   variar   de  baixa,  como  no  caso"
116,5,233,11,318,548,551,559,318,548,551,548,551,559,318,559,sub_line_text,text,text_6,raleway,regular,9,pai_2cols_20211228_152817_8715827326_600_800.png,/scratch/parceirosbr/bigoilict/share/BigOil/document_generator/datasets/documents_2021_12_28/pai_2cols_20211228_152817_8715827326_600_800.png,pai_2cols_20211228_152817_8715827326_600_800_mask.png,"dos  cloretos,  até  alta  para  o  caso  dos  cianetos. A tem-"
116,5,232,11,318,562,550,573,318,562,550,562,550,573,318,573,sub_line_text,text,text_6,raleway,regular,9,pai_2cols_20211228_152817_8715827326_600_800.png,/scratch/parceirosbr/bigoilict/share/BigOil/document_generator/datasets/documents_2021_12_28/pai_2cols_20211228_152817_8715827326_600_800.png,pai_2cols_20211228_152817_8715827326_600_800_mask.png,peratura  de  transição  dúctil/frágil  aumenta  com  a ad-
116,5,233,11,318,576,551,587,318,576,551,576,551,587,318,587,sub_line_text,text,text_6,raleway,regular,9,pai_2cols_20211228_152817_8715827326_600_800.png,/scratch/parceirosbr/bigoilict/share/BigOil/document_generator/datasets/documents_2021_12_28/pai_2cols_20211228_152817_8715827326_600_800.png,pai_2cols_20211228_152817_8715827326_600_800_mask.png,"ição   deste   elemento.   Ao  final  de  2016,  41.829  postos"
116,5,232,11,318,590,550,601,318,590,550,590,550,601,318,601,sub_line_text,text,text_6,raleway,regular,9,pai_2cols_20211228_152817_8715827326_600_800.png,/scratch/parceirosbr/bigoilict/share/BigOil/document_generator/datasets/documents_2021_12_28/pai_2cols_20211228_152817_8715827326_600_800.png,pai_2cols_20211228_152817_8715827326_600_800_mask.png,revendedores    de    derivados    de   petróleo   operavam
116,5,233,11,318,604,551,615,318,604,551,604,551,615,318,615,sub_line_text,text,text_6,raleway,regular,9,pai_2cols_20211228_152817_8715827326_600_800.png,/scratch/parceirosbr/bigoilict/share/BigOil/document_generator/datasets/documents_2021_12_28/pai_2cols_20211228_152817_8715827326_600_800.png,pai_2cols_20211228_152817_8715827326_600_800_mask.png,no.   Apesar   das  variantes  2significativas  de  um  país  a
116,5,232,11,318,618,550,629,318,618,550,618,550,629,318,629,sub_line_text,text,text_6,raleway,regular,9,pai_2cols_20211228_152817_8715827326_600_800.png,/scratch/parceirosbr/bigoilict/share/BigOil/document_generator/datasets/documents_2021_12_28/pai_2cols_20211228_152817_8715827326_600_800.png,pai_2cols_20211228_152817_8715827326_600_800_mask.png,"outro   em  jurídicos  e  institucionais  distintos,  as  agênci-"
109,5,218,11,318,632,536,643,318,632,536,632,536,643,318,643,sub_line_text,text,text_6,raleway,regular,9,pai_2cols_20211228_152817_8715827326_600_800.png,/scratch/parceirosbr/bigoilict/share/BigOil/document_generator/datasets/documents_2021_12_28/pai_2cols_20211228_152817_8715827326_600_800.png,pai_2cols_20211228_152817_8715827326_600_800_mask.png,as de regulação passaram a assumir papéis cada vez.
116,61,233,123,318,520,551,643,318,520,551,520,551,643,318,643,text,text,text_6,raleway,regular,9,pai_2cols_20211228_152817_8715827326_600_800.png,/scratch/parceirosbr/bigoilict/share/BigOil/document_generator/datasets/documents_2021_12_28/pai_2cols_20211228_152817_8715827326_600_800.png,pai_2cols_20211228_152817_8715827326_600_800_mask.png,nan
101,5,202,11,348,647,550,658,348,647,550,647,550,658,348,658,sub_line_text,text,text_7,raleway,regular,9,pai_2cols_20211228_152817_8715827326_600_800.png,/scratch/parceirosbr/bigoilict/share/BigOil/document_generator/datasets/documents_2021_12_28/pai_2cols_20211228_152817_8715827326_600_800.png,pai_2cols_20211228_152817_8715827326_600_800_mask.png,Simulação  selecionada  1  (região  do  canal  de a-
116,5,233,11,318,661,551,672,318,661,551,661,551,672,318,672,sub_line_text,text,text_7,raleway,regular,9,pai_2cols_20211228_152817_8715827326_600_800.png,/scratch/parceirosbr/bigoilict/share/BigOil/document_generator/datasets/documents_2021_12_28/pai_2cols_20211228_152817_8715827326_600_800.png,pai_2cols_20211228_152817_8715827326_600_800_mask.png,cesso  ao  de  do  ano  da  camada  superior  30-40. 38 da
116,5,233,11,318,675,551,686,318,675,551,675,551,686,318,686,sub_line_text,text,text_7,raleway,regular,9,pai_2cols_20211228_152817_8715827326_600_800.png,/scratch/parceirosbr/bigoilict/share/BigOil/document_generator/datasets/documents_2021_12_28/pai_2cols_20211228_152817_8715827326_600_800.png,pai_2cols_20211228_152817_8715827326_600_800_mask.png,"camada   inferior  30-40.  da  camada  superior  25-27,5C."
116,5,232,11,318,689,550,700,318,689,550,689,550,700,318,700,sub_line_text,text,text_7,raleway,regular,9,pai_2cols_20211228_152817_8715827326_600_800.png,/scratch/parceirosbr/bigoilict/share/BigOil/document_generator/datasets/documents_2021_12_28/pai_2cols_20211228_152817_8715827326_600_800.png,pai_2cols_20211228_152817_8715827326_600_800_mask.png,"da  camada  inferior  22,5-25C.  Portaria  n  316,  de  27 de"
108,5,217,11,318,703,535,714,318,703,535,703,535,714,318,714,sub_line_text,text,text_7,raleway,regular,9,pai_2cols_20211228_152817_8715827326_600_800.png,/scratch/parceirosbr/bigoilict/share/BigOil/document_generator/datasets/documents_2021_12_28/pai_2cols_20211228_152817_8715827326_600_800.png,pai_2cols_20211228_152817_8715827326_600_800_mask.png,dezembro de 2001. 26 salientar que o poderá reduzir.
116,33,233,67,318,647,551,714,318,647,551,647,551,714,318,714,text,text,text_7,raleway,regular,9,pai_2cols_20211228_152817_8715827326_600_800.png,/scratch/parceirosbr/bigoilict/share/BigOil/document_generator/datasets/documents_2021_12_28/pai_2cols_20211228_152817_8715827326_600_800.png,pai_2cols_20211228_152817_8715827326_600_800_mask.png,nan
