center_x,center_y,width,height,xmin,ymin,xmax,ymax,top_left_x,top_left_y,top_right_x,top_right_y,bottom_right_x,bottom_right_y,bottom_left_x,bottom_left_y,label,grouplabel,group,text_font,text_style,size_font,filename,path,filename_mask,content
300,400,600,800,0,0,600,800,0,0,600,0,600,800,0,800,document,,,,,,pai_1col_20211228_152725_2872915187_600_800.png,/scratch/parceirosbr/bigoilict/share/BigOil/document_generator/datasets/documents_2021_12_28/pai_1col_20211228_152725_2872915187_600_800.png,pai_1col_20211228_152725_2872915187_600_800_mask.png,
13,5,27,10,123,61,150,71,123,61,150,61,150,71,123,71,sub_line_text,equation,equation_0,opensans,bolditalic,8,pai_1col_20211228_152725_2872915187_600_800.png,/scratch/parceirosbr/bigoilict/share/BigOil/document_generator/datasets/documents_2021_12_28/pai_1col_20211228_152725_2872915187_600_800.png,pai_1col_20211228_152725_2872915187_600_800_mask.png,Eq. (56)
197,15,395,30,123,51,518,81,123,51,518,51,518,81,123,81,equation,equation,equation_0,,,,pai_1col_20211228_152725_2872915187_600_800.png,/scratch/parceirosbr/bigoilict/share/BigOil/document_generator/datasets/documents_2021_12_28/pai_1col_20211228_152725_2872915187_600_800.png,pai_1col_20211228_152725_2872915187_600_800_mask.png,
19,5,39,10,48,88,87,98,48,88,87,88,87,98,48,98,sub_line_text,figure_legend,figure_0,opensans,bolditalic,8,pai_1col_20211228_152725_2872915187_600_800.png,/scratch/parceirosbr/bigoilict/share/BigOil/document_generator/datasets/documents_2021_12_28/pai_1col_20211228_152725_2872915187_600_800.png,pai_1col_20211228_152725_2872915187_600_800_mask.png,Figure 15:
98,5,197,10,48,103,245,113,48,103,245,103,245,113,48,113,sub_line_text,figure_legend,figure_0,opensans,bolditalic,8,pai_1col_20211228_152725_2872915187_600_800.png,/scratch/parceirosbr/bigoilict/share/BigOil/document_generator/datasets/documents_2021_12_28/pai_1col_20211228_152725_2872915187_600_800.png,pai_1col_20211228_152725_2872915187_600_800_mask.png,Gas   -The   opportunity   and   requirements   to   int-
99,5,198,10,48,118,246,128,48,118,246,118,246,128,48,128,sub_line_text,figure_legend,figure_0,opensans,bolditalic,8,pai_1col_20211228_152725_2872915187_600_800.png,/scratch/parceirosbr/bigoilict/share/BigOil/document_generator/datasets/documents_2021_12_28/pai_1col_20211228_152725_2872915187_600_800.png,pai_1col_20211228_152725_2872915187_600_800_mask.png,roduce    a    regional    entry-exit    tariff    system   pr-
83,5,167,10,48,133,215,143,48,133,215,133,215,143,48,143,sub_line_text,figure_legend,figure_0,opensans,bolditalic,8,pai_1col_20211228_152725_2872915187_600_800.png,/scratch/parceirosbr/bigoilict/share/BigOil/document_generator/datasets/documents_2021_12_28/pai_1col_20211228_152725_2872915187_600_800.png,pai_1col_20211228_152725_2872915187_600_800_mask.png,"eliminary study. Geralmente, durante o funci"
99,27,198,55,48,88,246,143,48,88,246,88,246,143,48,143,text,figure_legend,figure_0,opensans,bolditalic,8,pai_1col_20211228_152725_2872915187_600_800.png,/scratch/parceirosbr/bigoilict/share/BigOil/document_generator/datasets/documents_2021_12_28/pai_1col_20211228_152725_2872915187_600_800.png,pai_1col_20211228_152725_2872915187_600_800_mask.png,nan
22,5,44,10,295,88,339,98,295,88,339,88,339,98,295,98,sub_line_text,figure_legend,figure_0,opensans,bolditalic,8,pai_1col_20211228_152725_2872915187_600_800.png,/scratch/parceirosbr/bigoilict/share/BigOil/document_generator/datasets/documents_2021_12_28/pai_1col_20211228_152725_2872915187_600_800.png,pai_1col_20211228_152725_2872915187_600_800_mask.png,Figure 120:
99,5,198,10,295,103,493,113,295,103,493,103,493,113,295,113,sub_line_text,figure_legend,figure_0,opensans,bolditalic,8,pai_1col_20211228_152725_2872915187_600_800.png,/scratch/parceirosbr/bigoilict/share/BigOil/document_generator/datasets/documents_2021_12_28/pai_1col_20211228_152725_2872915187_600_800.png,pai_1col_20211228_152725_2872915187_600_800_mask.png,"Como   é   possível   observar   na   imagem   acima,  a"
98,5,197,10,295,118,492,128,295,118,492,118,492,128,295,128,sub_line_text,figure_legend,figure_0,opensans,bolditalic,8,pai_1col_20211228_152725_2872915187_600_800.png,/scratch/parceirosbr/bigoilict/share/BigOil/document_generator/datasets/documents_2021_12_28/pai_1col_20211228_152725_2872915187_600_800.png,pai_1col_20211228_152725_2872915187_600_800_mask.png,interface   é   composta   por   seis  botões  (um  para
32,5,64,10,295,133,359,143,295,133,359,133,359,143,295,143,sub_line_text,figure_legend,figure_0,opensans,bolditalic,8,pai_1col_20211228_152725_2872915187_600_800.png,/scratch/parceirosbr/bigoilict/share/BigOil/document_generator/datasets/documents_2021_12_28/pai_1col_20211228_152725_2872915187_600_800.png,pai_1col_20211228_152725_2872915187_600_800_mask.png,cada sub-rotina)
99,27,198,55,295,88,493,143,295,88,493,88,493,143,295,143,text,figure_legend,figure_0,opensans,bolditalic,8,pai_1col_20211228_152725_2872915187_600_800.png,/scratch/parceirosbr/bigoilict/share/BigOil/document_generator/datasets/documents_2021_12_28/pai_1col_20211228_152725_2872915187_600_800.png,pai_1col_20211228_152725_2872915187_600_800_mask.png,nan
100,63,201,126,196,148,397,274,196,148,397,148,397,274,196,274,image,figure_image,figure_0,,,,pai_1col_20211228_152725_2872915187_600_800.png,/scratch/parceirosbr/bigoilict/share/BigOil/document_generator/datasets/documents_2021_12_28/pai_1col_20211228_152725_2872915187_600_800.png,pai_1col_20211228_152725_2872915187_600_800_mask.png,output/gen_img_20211228_152725_5519605860.png
2,0,4,0,356,172,360,172,356,169,361,172,360,175,354,172,text,figure_text,figure_0,,,,pai_1col_20211228_152725_2872915187_600_800.png,/scratch/parceirosbr/bigoilict/share/BigOil/document_generator/datasets/documents_2021_12_28/pai_1col_20211228_152725_2872915187_600_800.png,pai_1col_20211228_152725_2872915187_600_800_mask.png,645
2,0,4,0,356,172,360,172,356,169,361,172,360,175,354,172,sub_line_text,figure_text,figure_0,,,,pai_1col_20211228_152725_2872915187_600_800.png,/scratch/parceirosbr/bigoilict/share/BigOil/document_generator/datasets/documents_2021_12_28/pai_1col_20211228_152725_2872915187_600_800.png,pai_1col_20211228_152725_2872915187_600_800_mask.png,645
4,-2,8,-4,252,184,260,180,252,177,262,184,260,187,250,180,text,figure_text,figure_0,,,,pai_1col_20211228_152725_2872915187_600_800.png,/scratch/parceirosbr/bigoilict/share/BigOil/document_generator/datasets/documents_2021_12_28/pai_1col_20211228_152725_2872915187_600_800.png,pai_1col_20211228_152725_2872915187_600_800_mask.png,-6726.0
4,-2,8,-4,252,184,260,180,252,177,262,184,260,187,250,180,sub_line_text,figure_text,figure_0,,,,pai_1col_20211228_152725_2872915187_600_800.png,/scratch/parceirosbr/bigoilict/share/BigOil/document_generator/datasets/documents_2021_12_28/pai_1col_20211228_152725_2872915187_600_800.png,pai_1col_20211228_152725_2872915187_600_800_mask.png,-6726.0
12,-5,24,-11,229,169,253,158,229,154,255,169,253,173,227,158,text,figure_text,figure_0,,,,pai_1col_20211228_152725_2872915187_600_800.png,/scratch/parceirosbr/bigoilict/share/BigOil/document_generator/datasets/documents_2021_12_28/pai_1col_20211228_152725_2872915187_600_800.png,pai_1col_20211228_152725_2872915187_600_800_mask.png,Consumption (GB)
12,-5,24,-11,229,169,253,158,229,154,255,169,253,173,227,158,sub_line_text,figure_text,figure_0,,,,pai_1col_20211228_152725_2872915187_600_800.png,/scratch/parceirosbr/bigoilict/share/BigOil/document_generator/datasets/documents_2021_12_28/pai_1col_20211228_152725_2872915187_600_800.png,pai_1col_20211228_152725_2872915187_600_800_mask.png,Consumption (GB)
6,-3,13,-6,257,237,270,231,257,229,272,237,270,240,255,231,text,figure_text,figure_0,,,,pai_1col_20211228_152725_2872915187_600_800.png,/scratch/parceirosbr/bigoilict/share/BigOil/document_generator/datasets/documents_2021_12_28/pai_1col_20211228_152725_2872915187_600_800.png,pai_1col_20211228_152725_2872915187_600_800_mask.png,Production
6,-3,13,-6,257,237,270,231,257,229,272,237,270,240,255,231,sub_line_text,figure_text,figure_0,,,,pai_1col_20211228_152725_2872915187_600_800.png,/scratch/parceirosbr/bigoilict/share/BigOil/document_generator/datasets/documents_2021_12_28/pai_1col_20211228_152725_2872915187_600_800.png,pai_1col_20211228_152725_2872915187_600_800_mask.png,Production
3,-2,7,-4,348,265,355,261,348,258,357,265,355,268,345,261,text,figure_text,figure_0,,,,pai_1col_20211228_152725_2872915187_600_800.png,/scratch/parceirosbr/bigoilict/share/BigOil/document_generator/datasets/documents_2021_12_28/pai_1col_20211228_152725_2872915187_600_800.png,pai_1col_20211228_152725_2872915187_600_800_mask.png,-9319.5
3,-2,7,-4,348,265,355,261,348,258,357,265,355,268,345,261,sub_line_text,figure_text,figure_0,,,,pai_1col_20211228_152725_2872915187_600_800.png,/scratch/parceirosbr/bigoilict/share/BigOil/document_generator/datasets/documents_2021_12_28/pai_1col_20211228_152725_2872915187_600_800.png,pai_1col_20211228_152725_2872915187_600_800_mask.png,-9319.5
5,-3,11,-6,270,207,281,201,270,199,283,207,281,210,268,201,text,figure_text,figure_0,,,,pai_1col_20211228_152725_2872915187_600_800.png,/scratch/parceirosbr/bigoilict/share/BigOil/document_generator/datasets/documents_2021_12_28/pai_1col_20211228_152725_2872915187_600_800.png,pai_1col_20211228_152725_2872915187_600_800_mask.png,-9893.7%
5,-3,11,-6,270,207,281,201,270,199,283,207,281,210,268,201,sub_line_text,figure_text,figure_0,,,,pai_1col_20211228_152725_2872915187_600_800.png,/scratch/parceirosbr/bigoilict/share/BigOil/document_generator/datasets/documents_2021_12_28/pai_1col_20211228_152725_2872915187_600_800.png,pai_1col_20211228_152725_2872915187_600_800_mask.png,-9893.7%
1,0,3,0,275,238,278,238,275,234,281,238,278,241,273,238,text,figure_text,figure_0,,,,pai_1col_20211228_152725_2872915187_600_800.png,/scratch/parceirosbr/bigoilict/share/BigOil/document_generator/datasets/documents_2021_12_28/pai_1col_20211228_152725_2872915187_600_800.png,pai_1col_20211228_152725_2872915187_600_800_mask.png,Age
1,0,3,0,275,238,278,238,275,234,281,238,278,241,273,238,sub_line_text,figure_text,figure_0,,,,pai_1col_20211228_152725_2872915187_600_800.png,/scratch/parceirosbr/bigoilict/share/BigOil/document_generator/datasets/documents_2021_12_28/pai_1col_20211228_152725_2872915187_600_800.png,pai_1col_20211228_152725_2872915187_600_800_mask.png,Age
4,-2,8,-4,354,227,362,223,354,220,364,227,362,230,352,223,text,figure_text,figure_0,,,,pai_1col_20211228_152725_2872915187_600_800.png,/scratch/parceirosbr/bigoilict/share/BigOil/document_generator/datasets/documents_2021_12_28/pai_1col_20211228_152725_2872915187_600_800.png,pai_1col_20211228_152725_2872915187_600_800_mask.png,-2013%
4,-2,8,-4,354,227,362,223,354,220,364,227,362,230,352,223,sub_line_text,figure_text,figure_0,,,,pai_1col_20211228_152725_2872915187_600_800.png,/scratch/parceirosbr/bigoilict/share/BigOil/document_generator/datasets/documents_2021_12_28/pai_1col_20211228_152725_2872915187_600_800.png,pai_1col_20211228_152725_2872915187_600_800_mask.png,-2013%
5,-3,10,-6,323,193,333,187,323,184,335,193,333,197,320,187,text,figure_text,figure_0,,,,pai_1col_20211228_152725_2872915187_600_800.png,/scratch/parceirosbr/bigoilict/share/BigOil/document_generator/datasets/documents_2021_12_28/pai_1col_20211228_152725_2872915187_600_800.png,pai_1col_20211228_152725_2872915187_600_800_mask.png,Data [GB]
5,-3,10,-6,323,193,333,187,323,184,335,193,333,197,320,187,sub_line_text,figure_text,figure_0,,,,pai_1col_20211228_152725_2872915187_600_800.png,/scratch/parceirosbr/bigoilict/share/BigOil/document_generator/datasets/documents_2021_12_28/pai_1col_20211228_152725_2872915187_600_800.png,pai_1col_20211228_152725_2872915187_600_800_mask.png,Data [GB]
4,-2,8,-4,252,254,260,250,252,248,262,254,260,257,250,250,text,figure_text,figure_0,,,,pai_1col_20211228_152725_2872915187_600_800.png,/scratch/parceirosbr/bigoilict/share/BigOil/document_generator/datasets/documents_2021_12_28/pai_1col_20211228_152725_2872915187_600_800.png,pai_1col_20211228_152725_2872915187_600_800_mask.png,-4950%
4,-2,8,-4,252,254,260,250,252,248,262,254,260,257,250,250,sub_line_text,figure_text,figure_0,,,,pai_1col_20211228_152725_2872915187_600_800.png,/scratch/parceirosbr/bigoilict/share/BigOil/document_generator/datasets/documents_2021_12_28/pai_1col_20211228_152725_2872915187_600_800.png,pai_1col_20211228_152725_2872915187_600_800_mask.png,-4950%
4,-2,8,-4,320,176,328,172,320,169,330,176,328,180,317,172,text,figure_text,figure_0,,,,pai_1col_20211228_152725_2872915187_600_800.png,/scratch/parceirosbr/bigoilict/share/BigOil/document_generator/datasets/documents_2021_12_28/pai_1col_20211228_152725_2872915187_600_800.png,pai_1col_20211228_152725_2872915187_600_800_mask.png,Strength
4,-2,8,-4,320,176,328,172,320,169,330,176,328,180,317,172,sub_line_text,figure_text,figure_0,,,,pai_1col_20211228_152725_2872915187_600_800.png,/scratch/parceirosbr/bigoilict/share/BigOil/document_generator/datasets/documents_2021_12_28/pai_1col_20211228_152725_2872915187_600_800.png,pai_1col_20211228_152725_2872915187_600_800_mask.png,Strength
3,0,6,-1,266,188,272,187,266,184,274,188,272,191,264,187,text,figure_text,figure_0,,,,pai_1col_20211228_152725_2872915187_600_800.png,/scratch/parceirosbr/bigoilict/share/BigOil/document_generator/datasets/documents_2021_12_28/pai_1col_20211228_152725_2872915187_600_800.png,pai_1col_20211228_152725_2872915187_600_800_mask.png,-1203
3,0,6,-1,266,188,272,187,266,184,274,188,272,191,264,187,sub_line_text,figure_text,figure_0,,,,pai_1col_20211228_152725_2872915187_600_800.png,/scratch/parceirosbr/bigoilict/share/BigOil/document_generator/datasets/documents_2021_12_28/pai_1col_20211228_152725_2872915187_600_800.png,pai_1col_20211228_152725_2872915187_600_800_mask.png,-1203
5,-3,10,-6,315,268,325,262,315,259,327,268,325,271,312,262,text,figure_text,figure_0,,,,pai_1col_20211228_152725_2872915187_600_800.png,/scratch/parceirosbr/bigoilict/share/BigOil/document_generator/datasets/documents_2021_12_28/pai_1col_20211228_152725_2872915187_600_800.png,pai_1col_20211228_152725_2872915187_600_800_mask.png,-857.16%
5,-3,10,-6,315,268,325,262,315,259,327,268,325,271,312,262,sub_line_text,figure_text,figure_0,,,,pai_1col_20211228_152725_2872915187_600_800.png,/scratch/parceirosbr/bigoilict/share/BigOil/document_generator/datasets/documents_2021_12_28/pai_1col_20211228_152725_2872915187_600_800.png,pai_1col_20211228_152725_2872915187_600_800_mask.png,-857.16%
10,-7,21,-15,203,205,224,190,203,187,227,205,224,208,200,190,text,figure_text,figure_0,,,,pai_1col_20211228_152725_2872915187_600_800.png,/scratch/parceirosbr/bigoilict/share/BigOil/document_generator/datasets/documents_2021_12_28/pai_1col_20211228_152725_2872915187_600_800.png,pai_1col_20211228_152725_2872915187_600_800_mask.png,Consumption [GB]
10,-7,21,-15,203,205,224,190,203,187,227,205,224,208,200,190,sub_line_text,figure_text,figure_0,,,,pai_1col_20211228_152725_2872915187_600_800.png,/scratch/parceirosbr/bigoilict/share/BigOil/document_generator/datasets/documents_2021_12_28/pai_1col_20211228_152725_2872915187_600_800.png,pai_1col_20211228_152725_2872915187_600_800_mask.png,Consumption [GB]
4,-1,8,-3,280,260,288,257,280,254,290,260,288,263,278,257,text,figure_text,figure_0,,,,pai_1col_20211228_152725_2872915187_600_800.png,/scratch/parceirosbr/bigoilict/share/BigOil/document_generator/datasets/documents_2021_12_28/pai_1col_20211228_152725_2872915187_600_800.png,pai_1col_20211228_152725_2872915187_600_800_mask.png,-9819.8
4,-1,8,-3,280,260,288,257,280,254,290,260,288,263,278,257,sub_line_text,figure_text,figure_0,,,,pai_1col_20211228_152725_2872915187_600_800.png,/scratch/parceirosbr/bigoilict/share/BigOil/document_generator/datasets/documents_2021_12_28/pai_1col_20211228_152725_2872915187_600_800.png,pai_1col_20211228_152725_2872915187_600_800_mask.png,-9819.8
5,-2,11,-5,283,162,294,157,283,154,296,162,294,165,281,157,text,figure_text,figure_0,,,,pai_1col_20211228_152725_2872915187_600_800.png,/scratch/parceirosbr/bigoilict/share/BigOil/document_generator/datasets/documents_2021_12_28/pai_1col_20211228_152725_2872915187_600_800.png,pai_1col_20211228_152725_2872915187_600_800_mask.png,-1376.2%
5,-2,11,-5,283,162,294,157,283,154,296,162,294,165,281,157,sub_line_text,figure_text,figure_0,,,,pai_1col_20211228_152725_2872915187_600_800.png,/scratch/parceirosbr/bigoilict/share/BigOil/document_generator/datasets/documents_2021_12_28/pai_1col_20211228_152725_2872915187_600_800.png,pai_1col_20211228_152725_2872915187_600_800_mask.png,-1376.2%
19,5,38,10,48,281,86,291,48,281,86,281,86,291,48,291,sub_line_text,figure_legend,figure_1,opensans,bolditalic,8,pai_1col_20211228_152725_2872915187_600_800.png,/scratch/parceirosbr/bigoilict/share/BigOil/document_generator/datasets/documents_2021_12_28/pai_1col_20211228_152725_2872915187_600_800.png,pai_1col_20211228_152725_2872915187_600_800_mask.png,Figura 98:
99,5,198,10,48,296,246,306,48,296,246,296,246,306,48,306,sub_line_text,figure_legend,figure_1,opensans,bolditalic,8,pai_1col_20211228_152725_2872915187_600_800.png,/scratch/parceirosbr/bigoilict/share/BigOil/document_generator/datasets/documents_2021_12_28/pai_1col_20211228_152725_2872915187_600_800.png,pai_1col_20211228_152725_2872915187_600_800_mask.png,Há   a   previsão   de  construção  de  uma  e  de  uma
98,5,197,10,48,311,245,321,48,311,245,311,245,321,48,321,sub_line_text,figure_legend,figure_1,opensans,bolditalic,8,pai_1col_20211228_152725_2872915187_600_800.png,/scratch/parceirosbr/bigoilict/share/BigOil/document_generator/datasets/documents_2021_12_28/pai_1col_20211228_152725_2872915187_600_800.png,pai_1col_20211228_152725_2872915187_600_800_mask.png,em   que  irão  processar  gás  associado  dos  camp-
29,5,58,10,48,326,106,336,48,326,106,326,106,336,48,336,sub_line_text,figure_legend,figure_1,opensans,bolditalic,8,pai_1col_20211228_152725_2872915187_600_800.png,/scratch/parceirosbr/bigoilict/share/BigOil/document_generator/datasets/documents_2021_12_28/pai_1col_20211228_152725_2872915187_600_800.png,pai_1col_20211228_152725_2872915187_600_800_mask.png,os de das e das
99,27,198,55,48,281,246,336,48,281,246,281,246,336,48,336,text,figure_legend,figure_1,opensans,bolditalic,8,pai_1col_20211228_152725_2872915187_600_800.png,/scratch/parceirosbr/bigoilict/share/BigOil/document_generator/datasets/documents_2021_12_28/pai_1col_20211228_152725_2872915187_600_800.png,pai_1col_20211228_152725_2872915187_600_800_mask.png,nan
16,5,33,10,295,281,328,291,295,281,328,281,328,291,295,291,sub_line_text,figure_legend,figure_1,opensans,bolditalic,8,pai_1col_20211228_152725_2872915187_600_800.png,/scratch/parceirosbr/bigoilict/share/BigOil/document_generator/datasets/documents_2021_12_28/pai_1col_20211228_152725_2872915187_600_800.png,pai_1col_20211228_152725_2872915187_600_800_mask.png,Figura 5:
99,5,198,10,295,296,493,306,295,296,493,296,493,306,295,306,sub_line_text,figure_legend,figure_1,opensans,bolditalic,8,pai_1col_20211228_152725_2872915187_600_800.png,/scratch/parceirosbr/bigoilict/share/BigOil/document_generator/datasets/documents_2021_12_28/pai_1col_20211228_152725_2872915187_600_800.png,pai_1col_20211228_152725_2872915187_600_800_mask.png,e   e   utilizaram  a  formulação  para  tratar  as  osci-
98,5,197,10,295,311,492,321,295,311,492,311,492,321,295,321,sub_line_text,figure_legend,figure_1,opensans,bolditalic,8,pai_1col_20211228_152725_2872915187_600_800.png,/scratch/parceirosbr/bigoilict/share/BigOil/document_generator/datasets/documents_2021_12_28/pai_1col_20211228_152725_2872915187_600_800.png,pai_1col_20211228_152725_2872915187_600_800_mask.png,lações   espúrias   ao   longo  das  linhas  de  corrent-
45,5,91,10,295,326,386,336,295,326,386,326,386,336,295,336,sub_line_text,figure_legend,figure_1,opensans,bolditalic,8,pai_1col_20211228_152725_2872915187_600_800.png,/scratch/parceirosbr/bigoilict/share/BigOil/document_generator/datasets/documents_2021_12_28/pai_1col_20211228_152725_2872915187_600_800.png,pai_1col_20211228_152725_2872915187_600_800_mask.png,es. atribuiu os benefcios
99,27,198,55,295,281,493,336,295,281,493,281,493,336,295,336,text,figure_legend,figure_1,opensans,bolditalic,8,pai_1col_20211228_152725_2872915187_600_800.png,/scratch/parceirosbr/bigoilict/share/BigOil/document_generator/datasets/documents_2021_12_28/pai_1col_20211228_152725_2872915187_600_800.png,pai_1col_20211228_152725_2872915187_600_800_mask.png,nan
90,79,180,158,207,341,387,499,207,341,387,341,387,499,207,499,image,figure_image,figure_1,,,,pai_1col_20211228_152725_2872915187_600_800.png,/scratch/parceirosbr/bigoilict/share/BigOil/document_generator/datasets/documents_2021_12_28/pai_1col_20211228_152725_2872915187_600_800.png,pai_1col_20211228_152725_2872915187_600_800_mask.png,output/gen_img_20211228_152726_4325757977.png
20,3,41,7,308,477,349,484,308,478,349,477,349,483,308,484,text,figure_text,figure_1,,,,pai_1col_20211228_152725_2872915187_600_800.png,/scratch/parceirosbr/bigoilict/share/BigOil/document_generator/datasets/documents_2021_12_28/pai_1col_20211228_152725_2872915187_600_800.png,pai_1col_20211228_152725_2872915187_600_800_mask.png,Water (ML)
20,3,41,7,308,477,349,484,308,478,349,477,349,483,308,484,sub_line_text,figure_text,figure_1,,,,pai_1col_20211228_152725_2872915187_600_800.png,/scratch/parceirosbr/bigoilict/share/BigOil/document_generator/datasets/documents_2021_12_28/pai_1col_20211228_152725_2872915187_600_800.png,pai_1col_20211228_152725_2872915187_600_800_mask.png,Water (ML)
14,4,29,8,235,417,264,425,235,420,264,417,264,423,236,425,text,figure_text,figure_1,,,,pai_1col_20211228_152725_2872915187_600_800.png,/scratch/parceirosbr/bigoilict/share/BigOil/document_generator/datasets/documents_2021_12_28/pai_1col_20211228_152725_2872915187_600_800.png,pai_1col_20211228_152725_2872915187_600_800_mask.png,-534.4%
14,4,29,8,235,417,264,425,235,420,264,417,264,423,236,425,sub_line_text,figure_text,figure_1,,,,pai_1col_20211228_152725_2872915187_600_800.png,/scratch/parceirosbr/bigoilict/share/BigOil/document_generator/datasets/documents_2021_12_28/pai_1col_20211228_152725_2872915187_600_800.png,pai_1col_20211228_152725_2872915187_600_800_mask.png,-534.4%
15,-1,30,-3,248,403,278,400,248,395,280,403,278,408,247,400,text,figure_text,figure_1,,,,pai_1col_20211228_152725_2872915187_600_800.png,/scratch/parceirosbr/bigoilict/share/BigOil/document_generator/datasets/documents_2021_12_28/pai_1col_20211228_152725_2872915187_600_800.png,pai_1col_20211228_152725_2872915187_600_800_mask.png,Rotation
15,-1,30,-3,248,403,278,400,248,395,280,403,278,408,247,400,sub_line_text,figure_text,figure_1,,,,pai_1col_20211228_152725_2872915187_600_800.png,/scratch/parceirosbr/bigoilict/share/BigOil/document_generator/datasets/documents_2021_12_28/pai_1col_20211228_152725_2872915187_600_800.png,pai_1col_20211228_152725_2872915187_600_800_mask.png,Rotation
12,3,25,7,287,343,312,350,287,344,311,343,312,349,287,350,text,figure_text,figure_1,,,,pai_1col_20211228_152725_2872915187_600_800.png,/scratch/parceirosbr/bigoilict/share/BigOil/document_generator/datasets/documents_2021_12_28/pai_1col_20211228_152725_2872915187_600_800.png,pai_1col_20211228_152725_2872915187_600_800_mask.png,178.6%
12,3,25,7,287,343,312,350,287,344,311,343,312,349,287,350,sub_line_text,figure_text,figure_1,,,,pai_1col_20211228_152725_2872915187_600_800.png,/scratch/parceirosbr/bigoilict/share/BigOil/document_generator/datasets/documents_2021_12_28/pai_1col_20211228_152725_2872915187_600_800.png,pai_1col_20211228_152725_2872915187_600_800_mask.png,178.6%
18,6,37,13,265,379,302,392,265,386,301,379,302,385,266,392,text,figure_text,figure_1,,,,pai_1col_20211228_152725_2872915187_600_800.png,/scratch/parceirosbr/bigoilict/share/BigOil/document_generator/datasets/documents_2021_12_28/pai_1col_20211228_152725_2872915187_600_800.png,pai_1col_20211228_152725_2872915187_600_800_mask.png,-7741.18%
18,6,37,13,265,379,302,392,265,386,301,379,302,385,266,392,sub_line_text,figure_text,figure_1,,,,pai_1col_20211228_152725_2872915187_600_800.png,/scratch/parceirosbr/bigoilict/share/BigOil/document_generator/datasets/documents_2021_12_28/pai_1col_20211228_152725_2872915187_600_800.png,pai_1col_20211228_152725_2872915187_600_800_mask.png,-7741.18%
10,3,21,7,270,487,291,494,270,488,290,487,291,493,270,494,text,figure_text,figure_1,,,,pai_1col_20211228_152725_2872915187_600_800.png,/scratch/parceirosbr/bigoilict/share/BigOil/document_generator/datasets/documents_2021_12_28/pai_1col_20211228_152725_2872915187_600_800.png,pai_1col_20211228_152725_2872915187_600_800_mask.png,500.8
10,3,21,7,270,487,291,494,270,488,290,487,291,493,270,494,sub_line_text,figure_text,figure_1,,,,pai_1col_20211228_152725_2872915187_600_800.png,/scratch/parceirosbr/bigoilict/share/BigOil/document_generator/datasets/documents_2021_12_28/pai_1col_20211228_152725_2872915187_600_800.png,pai_1col_20211228_152725_2872915187_600_800_mask.png,500.8
22,6,45,12,286,401,331,413,286,408,330,401,331,407,286,413,text,figure_text,figure_1,,,,pai_1col_20211228_152725_2872915187_600_800.png,/scratch/parceirosbr/bigoilict/share/BigOil/document_generator/datasets/documents_2021_12_28/pai_1col_20211228_152725_2872915187_600_800.png,pai_1col_20211228_152725_2872915187_600_800_mask.png,Centimeters
22,6,45,12,286,401,331,413,286,408,330,401,331,407,286,413,sub_line_text,figure_text,figure_1,,,,pai_1col_20211228_152725_2872915187_600_800.png,/scratch/parceirosbr/bigoilict/share/BigOil/document_generator/datasets/documents_2021_12_28/pai_1col_20211228_152725_2872915187_600_800.png,pai_1col_20211228_152725_2872915187_600_800_mask.png,Centimeters
19,-1,38,-2,224,350,262,348,224,342,264,350,262,356,223,348,text,figure_text,figure_1,,,,pai_1col_20211228_152725_2872915187_600_800.png,/scratch/parceirosbr/bigoilict/share/BigOil/document_generator/datasets/documents_2021_12_28/pai_1col_20211228_152725_2872915187_600_800.png,pai_1col_20211228_152725_2872915187_600_800_mask.png,Liters (L)
19,-1,38,-2,224,350,262,348,224,342,264,350,262,356,223,348,sub_line_text,figure_text,figure_1,,,,pai_1col_20211228_152725_2872915187_600_800.png,/scratch/parceirosbr/bigoilict/share/BigOil/document_generator/datasets/documents_2021_12_28/pai_1col_20211228_152725_2872915187_600_800.png,pai_1col_20211228_152725_2872915187_600_800_mask.png,Liters (L)
17,1,35,3,311,427,346,430,311,424,347,427,346,434,310,430,text,figure_text,figure_1,,,,pai_1col_20211228_152725_2872915187_600_800.png,/scratch/parceirosbr/bigoilict/share/BigOil/document_generator/datasets/documents_2021_12_28/pai_1col_20211228_152725_2872915187_600_800.png,pai_1col_20211228_152725_2872915187_600_800_mask.png,Data (TB)
17,1,35,3,311,427,346,430,311,424,347,427,346,434,310,430,sub_line_text,figure_text,figure_1,,,,pai_1col_20211228_152725_2872915187_600_800.png,/scratch/parceirosbr/bigoilict/share/BigOil/document_generator/datasets/documents_2021_12_28/pai_1col_20211228_152725_2872915187_600_800.png,pai_1col_20211228_152725_2872915187_600_800_mask.png,Data (TB)
6,3,12,7,301,485,313,492,301,485,313,485,313,492,301,492,text,figure_text,figure_1,,,,pai_1col_20211228_152725_2872915187_600_800.png,/scratch/parceirosbr/bigoilict/share/BigOil/document_generator/datasets/documents_2021_12_28/pai_1col_20211228_152725_2872915187_600_800.png,pai_1col_20211228_152725_2872915187_600_800_mask.png,Age
6,3,12,7,301,485,313,492,301,485,313,485,313,492,301,492,sub_line_text,figure_text,figure_1,,,,pai_1col_20211228_152725_2872915187_600_800.png,/scratch/parceirosbr/bigoilict/share/BigOil/document_generator/datasets/documents_2021_12_28/pai_1col_20211228_152725_2872915187_600_800.png,pai_1col_20211228_152725_2872915187_600_800_mask.png,Age
18,2,37,5,249,444,286,449,249,444,286,444,286,450,249,449,text,figure_text,figure_1,,,,pai_1col_20211228_152725_2872915187_600_800.png,/scratch/parceirosbr/bigoilict/share/BigOil/document_generator/datasets/documents_2021_12_28/pai_1col_20211228_152725_2872915187_600_800.png,pai_1col_20211228_152725_2872915187_600_800_mask.png,-1521.714
18,2,37,5,249,444,286,449,249,444,286,444,286,450,249,449,sub_line_text,figure_text,figure_1,,,,pai_1col_20211228_152725_2872915187_600_800.png,/scratch/parceirosbr/bigoilict/share/BigOil/document_generator/datasets/documents_2021_12_28/pai_1col_20211228_152725_2872915187_600_800.png,pai_1col_20211228_152725_2872915187_600_800_mask.png,-1521.714
10,3,20,6,345,398,365,404,345,399,365,398,365,404,345,404,text,figure_text,figure_1,,,,pai_1col_20211228_152725_2872915187_600_800.png,/scratch/parceirosbr/bigoilict/share/BigOil/document_generator/datasets/documents_2021_12_28/pai_1col_20211228_152725_2872915187_600_800.png,pai_1col_20211228_152725_2872915187_600_800_mask.png,-6207
10,3,20,6,345,398,365,404,345,399,365,398,365,404,345,404,sub_line_text,figure_text,figure_1,,,,pai_1col_20211228_152725_2872915187_600_800.png,/scratch/parceirosbr/bigoilict/share/BigOil/document_generator/datasets/documents_2021_12_28/pai_1col_20211228_152725_2872915187_600_800.png,pai_1col_20211228_152725_2872915187_600_800_mask.png,-6207
10,1,20,3,242,359,262,362,242,357,262,359,262,365,241,362,text,figure_text,figure_1,,,,pai_1col_20211228_152725_2872915187_600_800.png,/scratch/parceirosbr/bigoilict/share/BigOil/document_generator/datasets/documents_2021_12_28/pai_1col_20211228_152725_2872915187_600_800.png,pai_1col_20211228_152725_2872915187_600_800_mask.png,-4051
10,1,20,3,242,359,262,362,242,357,262,359,262,365,241,362,sub_line_text,figure_text,figure_1,,,,pai_1col_20211228_152725_2872915187_600_800.png,/scratch/parceirosbr/bigoilict/share/BigOil/document_generator/datasets/documents_2021_12_28/pai_1col_20211228_152725_2872915187_600_800.png,pai_1col_20211228_152725_2872915187_600_800_mask.png,-4051
16,4,33,8,311,443,344,451,311,445,343,443,344,448,312,451,text,figure_text,figure_1,,,,pai_1col_20211228_152725_2872915187_600_800.png,/scratch/parceirosbr/bigoilict/share/BigOil/document_generator/datasets/documents_2021_12_28/pai_1col_20211228_152725_2872915187_600_800.png,pai_1col_20211228_152725_2872915187_600_800_mask.png,-8719.50
16,4,33,8,311,443,344,451,311,445,343,443,344,448,312,451,sub_line_text,figure_text,figure_1,,,,pai_1col_20211228_152725_2872915187_600_800.png,/scratch/parceirosbr/bigoilict/share/BigOil/document_generator/datasets/documents_2021_12_28/pai_1col_20211228_152725_2872915187_600_800.png,pai_1col_20211228_152725_2872915187_600_800_mask.png,-8719.50
11,1,23,2,330,374,353,376,330,371,354,374,353,379,329,376,text,figure_text,figure_1,,,,pai_1col_20211228_152725_2872915187_600_800.png,/scratch/parceirosbr/bigoilict/share/BigOil/document_generator/datasets/documents_2021_12_28/pai_1col_20211228_152725_2872915187_600_800.png,pai_1col_20211228_152725_2872915187_600_800_mask.png,-2275%
11,1,23,2,330,374,353,376,330,371,354,374,353,379,329,376,sub_line_text,figure_text,figure_1,,,,pai_1col_20211228_152725_2872915187_600_800.png,/scratch/parceirosbr/bigoilict/share/BigOil/document_generator/datasets/documents_2021_12_28/pai_1col_20211228_152725_2872915187_600_800.png,pai_1col_20211228_152725_2872915187_600_800_mask.png,-2275%
8,3,16,7,208,472,224,479,208,473,224,472,224,478,208,479,text,figure_text,figure_1,,,,pai_1col_20211228_152725_2872915187_600_800.png,/scratch/parceirosbr/bigoilict/share/BigOil/document_generator/datasets/documents_2021_12_28/pai_1col_20211228_152725_2872915187_600_800.png,pai_1col_20211228_152725_2872915187_600_800_mask.png,Leak
8,3,16,7,208,472,224,479,208,473,224,472,224,478,208,479,sub_line_text,figure_text,figure_1,,,,pai_1col_20211228_152725_2872915187_600_800.png,/scratch/parceirosbr/bigoilict/share/BigOil/document_generator/datasets/documents_2021_12_28/pai_1col_20211228_152725_2872915187_600_800.png,pai_1col_20211228_152725_2872915187_600_800_mask.png,Leak
11,1,23,3,216,391,239,394,216,388,240,391,239,397,215,394,text,figure_text,figure_1,,,,pai_1col_20211228_152725_2872915187_600_800.png,/scratch/parceirosbr/bigoilict/share/BigOil/document_generator/datasets/documents_2021_12_28/pai_1col_20211228_152725_2872915187_600_800.png,pai_1col_20211228_152725_2872915187_600_800_mask.png,-48.9%
11,1,23,3,216,391,239,394,216,388,240,391,239,397,215,394,sub_line_text,figure_text,figure_1,,,,pai_1col_20211228_152725_2872915187_600_800.png,/scratch/parceirosbr/bigoilict/share/BigOil/document_generator/datasets/documents_2021_12_28/pai_1col_20211228_152725_2872915187_600_800.png,pai_1col_20211228_152725_2872915187_600_800_mask.png,-48.9%
16,3,32,6,251,372,283,378,251,373,283,372,283,377,251,378,text,figure_text,figure_1,,,,pai_1col_20211228_152725_2872915187_600_800.png,/scratch/parceirosbr/bigoilict/share/BigOil/document_generator/datasets/documents_2021_12_28/pai_1col_20211228_152725_2872915187_600_800.png,pai_1col_20211228_152725_2872915187_600_800_mask.png,-8654.48
16,3,32,6,251,372,283,378,251,373,283,372,283,377,251,378,sub_line_text,figure_text,figure_1,,,,pai_1col_20211228_152725_2872915187_600_800.png,/scratch/parceirosbr/bigoilict/share/BigOil/document_generator/datasets/documents_2021_12_28/pai_1col_20211228_152725_2872915187_600_800.png,pai_1col_20211228_152725_2872915187_600_800_mask.png,-8654.48
16,4,33,8,211,451,244,459,211,453,243,451,244,457,211,459,text,figure_text,figure_1,,,,pai_1col_20211228_152725_2872915187_600_800.png,/scratch/parceirosbr/bigoilict/share/BigOil/document_generator/datasets/documents_2021_12_28/pai_1col_20211228_152725_2872915187_600_800.png,pai_1col_20211228_152725_2872915187_600_800_mask.png,-9719.4%
16,4,33,8,211,451,244,459,211,453,243,451,244,457,211,459,sub_line_text,figure_text,figure_1,,,,pai_1col_20211228_152725_2872915187_600_800.png,/scratch/parceirosbr/bigoilict/share/BigOil/document_generator/datasets/documents_2021_12_28/pai_1col_20211228_152725_2872915187_600_800.png,pai_1col_20211228_152725_2872915187_600_800_mask.png,-9719.4%
11,0,23,1,215,365,238,366,215,360,239,365,238,371,214,366,text,figure_text,figure_1,,,,pai_1col_20211228_152725_2872915187_600_800.png,/scratch/parceirosbr/bigoilict/share/BigOil/document_generator/datasets/documents_2021_12_28/pai_1col_20211228_152725_2872915187_600_800.png,pai_1col_20211228_152725_2872915187_600_800_mask.png,-282.0
11,0,23,1,215,365,238,366,215,360,239,365,238,371,214,366,sub_line_text,figure_text,figure_1,,,,pai_1col_20211228_152725_2872915187_600_800.png,/scratch/parceirosbr/bigoilict/share/BigOil/document_generator/datasets/documents_2021_12_28/pai_1col_20211228_152725_2872915187_600_800.png,pai_1col_20211228_152725_2872915187_600_800_mask.png,-282.0
232,6,464,12,78,506,542,518,78,506,542,506,542,518,78,518,sub_line_text,text,text_0,opensans,regular,9,pai_1col_20211228_152725_2872915187_600_800.png,/scratch/parceirosbr/bigoilict/share/BigOil/document_generator/datasets/documents_2021_12_28/pai_1col_20211228_152725_2872915187_600_800.png,pai_1col_20211228_152725_2872915187_600_800_mask.png,A  nativa  mostrou  ser  afetada  com perda de até 40% da atividade inicial por concentrações de t-butanol de até
247,6,494,12,48,523,542,535,48,523,542,523,542,535,48,535,sub_line_text,text,text_0,opensans,regular,9,pai_1col_20211228_152725_2872915187_600_800.png,/scratch/parceirosbr/bigoilict/share/BigOil/document_generator/datasets/documents_2021_12_28/pai_1col_20211228_152725_2872915187_600_800.png,pai_1col_20211228_152725_2872915187_600_800_mask.png,30%.  1.5.  da temperatura sobre a atividade e estabilidade da nativa e seus derivados. A foi multiplicada por 100 (diluiç-
247,6,494,12,48,540,542,552,48,540,542,540,542,552,48,552,sub_line_text,text,text_0,opensans,regular,9,pai_1col_20211228_152725_2872915187_600_800.png,/scratch/parceirosbr/bigoilict/share/BigOil/document_generator/datasets/documents_2021_12_28/pai_1col_20211228_152725_2872915187_600_800.png,pai_1col_20211228_152725_2872915187_600_800_mask.png,"ão  total),  sendo  considerado que na precipitação do. A foi responsável por 20,9 milhões m de derivados, ou seja, 19,6%"
247,6,495,12,48,557,543,569,48,557,543,557,543,569,48,569,sub_line_text,text,text_0,opensans,regular,9,pai_1col_20211228_152725_2872915187_600_800.png,/scratch/parceirosbr/bigoilict/share/BigOil/document_generator/datasets/documents_2021_12_28/pai_1col_20211228_152725_2872915187_600_800.png,pai_1col_20211228_152725_2872915187_600_800_mask.png,"do  total  das  refinarias.  Gráfico  2.25: em volume e dispêndio, dos principais derivados de petróleo importados . Gás de"
247,6,494,12,48,574,542,586,48,574,542,574,542,586,48,586,sub_line_text,text,text_0,opensans,regular,9,pai_1col_20211228_152725_2872915187_600_800.png,/scratch/parceirosbr/bigoilict/share/BigOil/document_generator/datasets/documents_2021_12_28/pai_1col_20211228_152725_2872915187_600_800.png,pai_1col_20211228_152725_2872915187_600_800_mask.png,"síntese  também  é gerado a partir da gaseificação dos resíduos de correntes intermediárias (biomassa residual, glicerol,"
247,6,495,12,48,591,543,603,48,591,543,591,543,603,48,603,sub_line_text,text,text_0,opensans,regular,9,pai_1col_20211228_152725_2872915187_600_800.png,/scratch/parceirosbr/bigoilict/share/BigOil/document_generator/datasets/documents_2021_12_28/pai_1col_20211228_152725_2872915187_600_800.png,pai_1col_20211228_152725_2872915187_600_800_mask.png,"hexano,  por  exemplo).  Geochemical and isotopic variations in shallow groundwater in areas of the development, nort-"
20,6,40,12,48,608,88,620,48,608,88,608,88,620,48,620,sub_line_text,text,text_0,opensans,regular,9,pai_1col_20211228_152725_2872915187_600_800.png,/scratch/parceirosbr/bigoilict/share/BigOil/document_generator/datasets/documents_2021_12_28/pai_1col_20211228_152725_2872915187_600_800.png,pai_1col_20211228_152725_2872915187_600_800_mask.png,h-central.
247,57,495,114,48,506,543,620,48,506,543,506,543,620,48,620,text,text,text_0,opensans,regular,9,pai_1col_20211228_152725_2872915187_600_800.png,/scratch/parceirosbr/bigoilict/share/BigOil/document_generator/datasets/documents_2021_12_28/pai_1col_20211228_152725_2872915187_600_800.png,pai_1col_20211228_152725_2872915187_600_800_mask.png,nan
232,6,464,12,78,627,542,639,78,627,542,627,542,639,78,639,sub_line_text,text,text_1,opensans,regular,9,pai_1col_20211228_152725_2872915187_600_800.png,/scratch/parceirosbr/bigoilict/share/BigOil/document_generator/datasets/documents_2021_12_28/pai_1col_20211228_152725_2872915187_600_800.png,pai_1col_20211228_152725_2872915187_600_800_mask.png,"Analisando  as  15, 16, 17 e 18 percebe-se que houve maior remoção do sulfurado nos períodos iniciais de conta-"
247,6,494,12,48,644,542,656,48,644,542,644,542,656,48,656,sub_line_text,text,text_1,opensans,regular,9,pai_1col_20211228_152725_2872915187_600_800.png,/scratch/parceirosbr/bigoilict/share/BigOil/document_generator/datasets/documents_2021_12_28/pai_1col_20211228_152725_2872915187_600_800.png,pai_1col_20211228_152725_2872915187_600_800_mask.png,to.  Ao  meu  irmão  o  qual  foi e é um grande referencial para mim. Apesar de esse elemento ser idêntico ao utilizado no
247,6,495,12,48,661,543,673,48,661,543,661,543,673,48,673,sub_line_text,text,text_1,opensans,regular,9,pai_1col_20211228_152725_2872915187_600_800.png,/scratch/parceirosbr/bigoilict/share/BigOil/document_generator/datasets/documents_2021_12_28/pai_1col_20211228_152725_2872915187_600_800.png,pai_1col_20211228_152725_2872915187_600_800_mask.png,"modelo  numérico  a  concepção  do  material empregado não foi a mesma. Além disso, quelatos de metais relativamente"
247,6,495,12,48,678,543,690,48,678,543,678,543,690,48,690,sub_line_text,text,text_1,opensans,regular,9,pai_1col_20211228_152725_2872915187_600_800.png,/scratch/parceirosbr/bigoilict/share/BigOil/document_generator/datasets/documents_2021_12_28/pai_1col_20211228_152725_2872915187_600_800.png,pai_1col_20211228_152725_2872915187_600_800_mask.png,"não  polares também podem ser removidos pela coluna, porém, não são recuperados pela eluição com metanol. Massas"
247,6,494,12,48,695,542,707,48,695,542,695,542,707,48,707,sub_line_text,text,text_1,opensans,regular,9,pai_1col_20211228_152725_2872915187_600_800.png,/scratch/parceirosbr/bigoilict/share/BigOil/document_generator/datasets/documents_2021_12_28/pai_1col_20211228_152725_2872915187_600_800.png,pai_1col_20211228_152725_2872915187_600_800_mask.png,calibradas  foram usadas para comparar os valores das medições da célula de carga da bancada com o valor ideal. Lei n
247,6,494,12,48,712,542,724,48,712,542,712,542,724,48,724,sub_line_text,text,text_1,opensans,regular,9,pai_1col_20211228_152725_2872915187_600_800.png,/scratch/parceirosbr/bigoilict/share/BigOil/document_generator/datasets/documents_2021_12_28/pai_1col_20211228_152725_2872915187_600_800.png,pai_1col_20211228_152725_2872915187_600_800_mask.png,"6.404,  de  1976)108,  que prevê a possibilidade de o acionista controlador elidir-se do dever 103 2006, p.585: A interface"
243,6,486,12,48,729,534,741,48,729,534,729,534,741,48,741,sub_line_text,text,text_1,opensans,regular,9,pai_1col_20211228_152725_2872915187_600_800.png,/scratch/parceirosbr/bigoilict/share/BigOil/document_generator/datasets/documents_2021_12_28/pai_1col_20211228_152725_2872915187_600_800.png,pai_1col_20211228_152725_2872915187_600_800_mask.png,entre os entes estatais exploradores de atividades econômicas pelo prisma da competição (empresas estatais e suas c.
247,57,495,114,48,627,543,741,48,627,543,627,543,741,48,741,text,text,text_1,opensans,regular,9,pai_1col_20211228_152725_2872915187_600_800.png,/scratch/parceirosbr/bigoilict/share/BigOil/document_generator/datasets/documents_2021_12_28/pai_1col_20211228_152725_2872915187_600_800.png,pai_1col_20211228_152725_2872915187_600_800_mask.png,nan
