center_x,center_y,width,height,xmin,ymin,xmax,ymax,top_left_x,top_left_y,top_right_x,top_right_y,bottom_right_x,bottom_right_y,bottom_left_x,bottom_left_y,label,grouplabel,group,text_font,text_style,size_font,filename,path,filename_mask,content
300,400,600,800,0,0,600,800,0,0,600,0,600,800,0,800,document,,,,,,pai_3cols_20211228_152956_8171594885_600_800.png,/scratch/parceirosbr/bigoilict/share/BigOil/document_generator/datasets/documents_2021_12_28/pai_3cols_20211228_152956_8171594885_600_800.png,pai_3cols_20211228_152956_8171594885_600_800_mask.png,
4,5,9,10,536,67,545,77,536,67,545,67,545,77,536,77,sub_line_text,numpag,header_1,arial,regular,8,pai_3cols_20211228_152956_8171594885_600_800.png,/scratch/parceirosbr/bigoilict/share/BigOil/document_generator/datasets/documents_2021_12_28/pai_3cols_20211228_152956_8171594885_600_800.png,pai_3cols_20211228_152956_8171594885_600_800_mask.png,23
4,5,9,10,536,67,545,77,536,67,545,67,545,77,536,77,text,numpag,header_1,arial,regular,8,pai_3cols_20211228_152956_8171594885_600_800.png,/scratch/parceirosbr/bigoilict/share/BigOil/document_generator/datasets/documents_2021_12_28/pai_3cols_20211228_152956_8171594885_600_800.png,pai_3cols_20211228_152956_8171594885_600_800_mask.png,nan
1,5,2,10,532,67,534,77,532,67,534,67,534,77,532,77,sub_line_text,header,header_1,arial,regular,8,pai_3cols_20211228_152956_8171594885_600_800.png,/scratch/parceirosbr/bigoilict/share/BigOil/document_generator/datasets/documents_2021_12_28/pai_3cols_20211228_152956_8171594885_600_800.png,pai_3cols_20211228_152956_8171594885_600_800_mask.png,|
1,5,2,10,532,67,534,77,532,67,534,67,534,77,532,77,text,header,header_1,arial,regular,8,pai_3cols_20211228_152956_8171594885_600_800.png,/scratch/parceirosbr/bigoilict/share/BigOil/document_generator/datasets/documents_2021_12_28/pai_3cols_20211228_152956_8171594885_600_800.png,pai_3cols_20211228_152956_8171594885_600_800_mask.png,nan
40,5,80,10,452,67,532,77,452,67,532,67,532,77,452,77,sub_line_text,header,header_1,arial,regular,8,pai_3cols_20211228_152956_8171594885_600_800.png,/scratch/parceirosbr/bigoilict/share/BigOil/document_generator/datasets/documents_2021_12_28/pai_3cols_20211228_152956_8171594885_600_800.png,pai_3cols_20211228_152956_8171594885_600_800_mask.png,O sucesso do processo
40,5,80,10,452,67,532,77,452,67,532,67,532,77,452,77,text,header,header_1,arial,regular,8,pai_3cols_20211228_152956_8171594885_600_800.png,/scratch/parceirosbr/bigoilict/share/BigOil/document_generator/datasets/documents_2021_12_28/pai_3cols_20211228_152956_8171594885_600_800.png,pai_3cols_20211228_152956_8171594885_600_800_mask.png,nan
245,1,491,2,55,77,546,79,55,77,546,77,546,79,55,79,line,line,line,,,,pai_3cols_20211228_152956_8171594885_600_800.png,/scratch/parceirosbr/bigoilict/share/BigOil/document_generator/datasets/documents_2021_12_28/pai_3cols_20211228_152956_8171594885_600_800.png,pai_3cols_20211228_152956_8171594885_600_800_mask.png,nan
58,8,117,17,69,87,186,104,69,87,186,87,186,104,69,104,sub_line_text,title,title_0,arial,regular,15,pai_3cols_20211228_152956_8171594885_600_800.png,/scratch/parceirosbr/bigoilict/share/BigOil/document_generator/datasets/documents_2021_12_28/pai_3cols_20211228_152956_8171594885_600_800.png,pai_3cols_20211228_152956_8171594885_600_800_mask.png,"Além disso, visou"
34,8,68,17,69,112,137,129,69,112,137,112,137,129,69,129,sub_line_text,title,title_0,arial,regular,15,pai_3cols_20211228_152956_8171594885_600_800.png,/scratch/parceirosbr/bigoilict/share/BigOil/document_generator/datasets/documents_2021_12_28/pai_3cols_20211228_152956_8171594885_600_800.png,pai_3cols_20211228_152956_8171594885_600_800_mask.png,quantificar
58,21,117,42,69,87,186,129,69,87,186,87,186,129,69,129,title,title,title_0,arial,regular,15,pai_3cols_20211228_152956_8171594885_600_800.png,/scratch/parceirosbr/bigoilict/share/BigOil/document_generator/datasets/documents_2021_12_28/pai_3cols_20211228_152956_8171594885_600_800.png,pai_3cols_20211228_152956_8171594885_600_800_mask.png,nan
63,5,127,10,69,137,196,147,69,137,196,137,196,147,69,147,sub_line_text,text,text_0,arial,regular,8,pai_3cols_20211228_152956_8171594885_600_800.png,/scratch/parceirosbr/bigoilict/share/BigOil/document_generator/datasets/documents_2021_12_28/pai_3cols_20211228_152956_8171594885_600_800.png,pai_3cols_20211228_152956_8171594885_600_800_mask.png,O   consiste   no   valor   da  diferença
70,5,141,10,55,152,196,162,55,152,196,152,196,162,55,162,sub_line_text,text,text_0,arial,regular,8,pai_3cols_20211228_152956_8171594885_600_800.png,/scratch/parceirosbr/bigoilict/share/BigOil/document_generator/datasets/documents_2021_12_28/pai_3cols_20211228_152956_8171594885_600_800.png,pai_3cols_20211228_152956_8171594885_600_800_mask.png,entre   o  valor  bruto  da  produção  indus-
70,5,141,10,55,167,196,177,55,167,196,167,196,177,55,177,sub_line_text,text,text_0,arial,regular,8,pai_3cols_20211228_152956_8171594885_600_800.png,/scratch/parceirosbr/bigoilict/share/BigOil/document_generator/datasets/documents_2021_12_28/pai_3cols_20211228_152956_8171594885_600_800.png,pai_3cols_20211228_152956_8171594885_600_800_mask.png,trial   e  os  custos  das  operações  indus-
70,5,141,10,55,182,196,192,55,182,196,182,196,192,55,192,sub_line_text,text,text_0,arial,regular,8,pai_3cols_20211228_152956_8171594885_600_800.png,/scratch/parceirosbr/bigoilict/share/BigOil/document_generator/datasets/documents_2021_12_28/pai_3cols_20211228_152956_8171594885_600_800.png,pai_3cols_20211228_152956_8171594885_600_800_mask.png,triais.   Os   picos   obtidos  no  spectra  s-
61,5,122,10,55,197,177,207,55,197,177,197,177,207,55,207,sub_line_text,text,text_0,arial,regular,8,pai_3cols_20211228_152956_8171594885_600_800.png,/scratch/parceirosbr/bigoilict/share/BigOil/document_generator/datasets/documents_2021_12_28/pai_3cols_20211228_152956_8171594885_600_800.png,pai_3cols_20211228_152956_8171594885_600_800_mask.png,ão integrados para o ácido benzóico.
70,35,141,70,55,137,196,207,55,137,196,137,196,207,55,207,text,text,text_0,arial,regular,8,pai_3cols_20211228_152956_8171594885_600_800.png,/scratch/parceirosbr/bigoilict/share/BigOil/document_generator/datasets/documents_2021_12_28/pai_3cols_20211228_152956_8171594885_600_800.png,pai_3cols_20211228_152956_8171594885_600_800_mask.png,nan
60,4,120,8,70,213,190,221,70,213,190,213,190,221,70,221,sub_line_text,table_legend,table_0,arial,italic,7,pai_3cols_20211228_152956_8171594885_600_800.png,/scratch/parceirosbr/bigoilict/share/BigOil/document_generator/datasets/documents_2021_12_28/pai_3cols_20211228_152956_8171594885_600_800.png,pai_3cols_20211228_152956_8171594885_600_800_mask.png,Tab.   83:    A  fugacidade  de  referê-
60,4,120,8,70,225,190,233,70,225,190,225,190,233,70,233,sub_line_text,table_legend,table_0,arial,italic,7,pai_3cols_20211228_152956_8171594885_600_800.png,/scratch/parceirosbr/bigoilict/share/BigOil/document_generator/datasets/documents_2021_12_28/pai_3cols_20211228_152956_8171594885_600_800.png,pai_3cols_20211228_152956_8171594885_600_800_mask.png,ncia  pode  ser  escolhida  para cada
60,4,120,8,70,237,190,245,70,237,190,237,190,245,70,245,sub_line_text,table_legend,table_0,arial,italic,7,pai_3cols_20211228_152956_8171594885_600_800.png,/scratch/parceirosbr/bigoilict/share/BigOil/document_generator/datasets/documents_2021_12_28/pai_3cols_20211228_152956_8171594885_600_800.png,pai_3cols_20211228_152956_8171594885_600_800_mask.png,componente  da  solução.    A prese-
45,4,90,8,70,249,160,257,70,249,160,249,160,257,70,257,sub_line_text,table_legend,table_0,arial,italic,7,pai_3cols_20211228_152956_8171594885_600_800.png,/scratch/parceirosbr/bigoilict/share/BigOil/document_generator/datasets/documents_2021_12_28/pai_3cols_20211228_152956_8171594885_600_800.png,pai_3cols_20211228_152956_8171594885_600_800_mask.png,nça de cargas negativas na
60,22,120,44,70,213,190,257,70,213,190,213,190,257,70,257,text,table_legend,table_0,arial,italic,7,pai_3cols_20211228_152956_8171594885_600_800.png,/scratch/parceirosbr/bigoilict/share/BigOil/document_generator/datasets/documents_2021_12_28/pai_3cols_20211228_152956_8171594885_600_800.png,pai_3cols_20211228_152956_8171594885_600_800_mask.png,nan
70,101,141,202,57,262,198,464,57,262,198,262,198,464,57,464,table,table_image,table_0,,,,pai_3cols_20211228_152956_8171594885_600_800.png,/scratch/parceirosbr/bigoilict/share/BigOil/document_generator/datasets/documents_2021_12_28/pai_3cols_20211228_152956_8171594885_600_800.png,pai_3cols_20211228_152956_8171594885_600_800_mask.png,output/gen_tab_20211228_152957_1788163182.png
8,4,17,9,113,265,130,274,113,265,130,265,130,274,113,274,text,table_text,table_0,raleway,bold,8.0,pai_3cols_20211228_152956_8171594885_600_800.png,/scratch/parceirosbr/bigoilict/share/BigOil/document_generator/datasets/documents_2021_12_28/pai_3cols_20211228_152956_8171594885_600_800.png,pai_3cols_20211228_152956_8171594885_600_800_mask.png,data
8,4,17,9,113,265,130,274,113,265,130,265,130,274,113,274,sub_line_text,table_text,table_0,raleway,bold,8.0,pai_3cols_20211228_152956_8171594885_600_800.png,/scratch/parceirosbr/bigoilict/share/BigOil/document_generator/datasets/documents_2021_12_28/pai_3cols_20211228_152956_8171594885_600_800.png,pai_3cols_20211228_152956_8171594885_600_800_mask.png,data
16,4,33,9,97,287,130,296,97,287,130,287,130,296,97,296,text,table_text,table_0,raleway,bold,8.0,pai_3cols_20211228_152956_8171594885_600_800.png,/scratch/parceirosbr/bigoilict/share/BigOil/document_generator/datasets/documents_2021_12_28/pai_3cols_20211228_152956_8171594885_600_800.png,pai_3cols_20211228_152956_8171594885_600_800_mask.png,5728.952
16,4,33,9,97,287,130,296,97,287,130,287,130,296,97,296,sub_line_text,table_text,table_0,raleway,bold,8.0,pai_3cols_20211228_152956_8171594885_600_800.png,/scratch/parceirosbr/bigoilict/share/BigOil/document_generator/datasets/documents_2021_12_28/pai_3cols_20211228_152956_8171594885_600_800.png,pai_3cols_20211228_152956_8171594885_600_800_mask.png,5728.952
16,4,32,9,98,300,130,309,98,300,130,300,130,309,98,309,text,table_text,table_0,raleway,bold,8.0,pai_3cols_20211228_152956_8171594885_600_800.png,/scratch/parceirosbr/bigoilict/share/BigOil/document_generator/datasets/documents_2021_12_28/pai_3cols_20211228_152956_8171594885_600_800.png,pai_3cols_20211228_152956_8171594885_600_800_mask.png,6017.336
16,4,32,9,98,300,130,309,98,300,130,300,130,309,98,309,sub_line_text,table_text,table_0,raleway,bold,8.0,pai_3cols_20211228_152956_8171594885_600_800.png,/scratch/parceirosbr/bigoilict/share/BigOil/document_generator/datasets/documents_2021_12_28/pai_3cols_20211228_152956_8171594885_600_800.png,pai_3cols_20211228_152956_8171594885_600_800_mask.png,6017.336
16,4,32,9,98,312,130,321,98,312,130,312,130,321,98,321,text,table_text,table_0,raleway,bold,8.0,pai_3cols_20211228_152956_8171594885_600_800.png,/scratch/parceirosbr/bigoilict/share/BigOil/document_generator/datasets/documents_2021_12_28/pai_3cols_20211228_152956_8171594885_600_800.png,pai_3cols_20211228_152956_8171594885_600_800_mask.png,4135.277
16,4,32,9,98,312,130,321,98,312,130,312,130,321,98,321,sub_line_text,table_text,table_0,raleway,bold,8.0,pai_3cols_20211228_152956_8171594885_600_800.png,/scratch/parceirosbr/bigoilict/share/BigOil/document_generator/datasets/documents_2021_12_28/pai_3cols_20211228_152956_8171594885_600_800.png,pai_3cols_20211228_152956_8171594885_600_800_mask.png,4135.277
14,4,28,9,102,325,130,334,102,325,130,325,130,334,102,334,text,table_text,table_0,raleway,bold,8.0,pai_3cols_20211228_152956_8171594885_600_800.png,/scratch/parceirosbr/bigoilict/share/BigOil/document_generator/datasets/documents_2021_12_28/pai_3cols_20211228_152956_8171594885_600_800.png,pai_3cols_20211228_152956_8171594885_600_800_mask.png,397.021
14,4,28,9,102,325,130,334,102,325,130,325,130,334,102,334,sub_line_text,table_text,table_0,raleway,bold,8.0,pai_3cols_20211228_152956_8171594885_600_800.png,/scratch/parceirosbr/bigoilict/share/BigOil/document_generator/datasets/documents_2021_12_28/pai_3cols_20211228_152956_8171594885_600_800.png,pai_3cols_20211228_152956_8171594885_600_800_mask.png,397.021
17,4,34,9,96,338,130,347,96,338,130,338,130,347,96,347,text,table_text,table_0,raleway,bold,8.0,pai_3cols_20211228_152956_8171594885_600_800.png,/scratch/parceirosbr/bigoilict/share/BigOil/document_generator/datasets/documents_2021_12_28/pai_3cols_20211228_152956_8171594885_600_800.png,pai_3cols_20211228_152956_8171594885_600_800_mask.png,2433.897
17,4,34,9,96,338,130,347,96,338,130,338,130,347,96,347,sub_line_text,table_text,table_0,raleway,bold,8.0,pai_3cols_20211228_152956_8171594885_600_800.png,/scratch/parceirosbr/bigoilict/share/BigOil/document_generator/datasets/documents_2021_12_28/pai_3cols_20211228_152956_8171594885_600_800.png,pai_3cols_20211228_152956_8171594885_600_800_mask.png,2433.897
14,4,28,9,102,350,130,359,102,350,130,350,130,359,102,359,text,table_text,table_0,raleway,bold,8.0,pai_3cols_20211228_152956_8171594885_600_800.png,/scratch/parceirosbr/bigoilict/share/BigOil/document_generator/datasets/documents_2021_12_28/pai_3cols_20211228_152956_8171594885_600_800.png,pai_3cols_20211228_152956_8171594885_600_800_mask.png,568.315
14,4,28,9,102,350,130,359,102,350,130,350,130,359,102,359,sub_line_text,table_text,table_0,raleway,bold,8.0,pai_3cols_20211228_152956_8171594885_600_800.png,/scratch/parceirosbr/bigoilict/share/BigOil/document_generator/datasets/documents_2021_12_28/pai_3cols_20211228_152956_8171594885_600_800.png,pai_3cols_20211228_152956_8171594885_600_800_mask.png,568.315
18,4,37,9,92,363,129,372,92,363,129,363,129,372,92,372,text,table_text,table_0,raleway,bold,8.0,pai_3cols_20211228_152956_8171594885_600_800.png,/scratch/parceirosbr/bigoilict/share/BigOil/document_generator/datasets/documents_2021_12_28/pai_3cols_20211228_152956_8171594885_600_800.png,pai_3cols_20211228_152956_8171594885_600_800_mask.png,17259.820
18,4,37,9,92,363,129,372,92,363,129,363,129,372,92,372,sub_line_text,table_text,table_0,raleway,bold,8.0,pai_3cols_20211228_152956_8171594885_600_800.png,/scratch/parceirosbr/bigoilict/share/BigOil/document_generator/datasets/documents_2021_12_28/pai_3cols_20211228_152956_8171594885_600_800.png,pai_3cols_20211228_152956_8171594885_600_800_mask.png,17259.820
14,4,29,9,101,376,130,385,101,376,130,376,130,385,101,385,text,table_text,table_0,raleway,bold,8.0,pai_3cols_20211228_152956_8171594885_600_800.png,/scratch/parceirosbr/bigoilict/share/BigOil/document_generator/datasets/documents_2021_12_28/pai_3cols_20211228_152956_8171594885_600_800.png,pai_3cols_20211228_152956_8171594885_600_800_mask.png,274.201
14,4,29,9,101,376,130,385,101,376,130,376,130,385,101,385,sub_line_text,table_text,table_0,raleway,bold,8.0,pai_3cols_20211228_152956_8171594885_600_800.png,/scratch/parceirosbr/bigoilict/share/BigOil/document_generator/datasets/documents_2021_12_28/pai_3cols_20211228_152956_8171594885_600_800.png,pai_3cols_20211228_152956_8171594885_600_800_mask.png,274.201
15,4,30,9,100,388,130,397,100,388,130,388,130,397,100,397,text,table_text,table_0,raleway,bold,8.0,pai_3cols_20211228_152956_8171594885_600_800.png,/scratch/parceirosbr/bigoilict/share/BigOil/document_generator/datasets/documents_2021_12_28/pai_3cols_20211228_152956_8171594885_600_800.png,pai_3cols_20211228_152956_8171594885_600_800_mask.png,324.482
15,4,30,9,100,388,130,397,100,388,130,388,130,397,100,397,sub_line_text,table_text,table_0,raleway,bold,8.0,pai_3cols_20211228_152956_8171594885_600_800.png,/scratch/parceirosbr/bigoilict/share/BigOil/document_generator/datasets/documents_2021_12_28/pai_3cols_20211228_152956_8171594885_600_800.png,pai_3cols_20211228_152956_8171594885_600_800_mask.png,324.482
18,4,36,9,93,401,129,410,93,401,129,401,129,410,93,410,text,table_text,table_0,raleway,bold,8.0,pai_3cols_20211228_152956_8171594885_600_800.png,/scratch/parceirosbr/bigoilict/share/BigOil/document_generator/datasets/documents_2021_12_28/pai_3cols_20211228_152956_8171594885_600_800.png,pai_3cols_20211228_152956_8171594885_600_800_mask.png,12278.756
18,4,36,9,93,401,129,410,93,401,129,401,129,410,93,410,sub_line_text,table_text,table_0,raleway,bold,8.0,pai_3cols_20211228_152956_8171594885_600_800.png,/scratch/parceirosbr/bigoilict/share/BigOil/document_generator/datasets/documents_2021_12_28/pai_3cols_20211228_152956_8171594885_600_800.png,pai_3cols_20211228_152956_8171594885_600_800_mask.png,12278.756
19,4,38,9,92,414,130,423,92,414,130,414,130,423,92,423,text,table_text,table_0,raleway,bold,8.0,pai_3cols_20211228_152956_8171594885_600_800.png,/scratch/parceirosbr/bigoilict/share/BigOil/document_generator/datasets/documents_2021_12_28/pai_3cols_20211228_152956_8171594885_600_800.png,pai_3cols_20211228_152956_8171594885_600_800_mask.png,87968.760
19,4,38,9,92,414,130,423,92,414,130,414,130,423,92,423,sub_line_text,table_text,table_0,raleway,bold,8.0,pai_3cols_20211228_152956_8171594885_600_800.png,/scratch/parceirosbr/bigoilict/share/BigOil/document_generator/datasets/documents_2021_12_28/pai_3cols_20211228_152956_8171594885_600_800.png,pai_3cols_20211228_152956_8171594885_600_800_mask.png,87968.760
17,4,35,9,94,426,129,435,94,426,129,426,129,435,94,435,text,table_text,table_0,raleway,bold,8.0,pai_3cols_20211228_152956_8171594885_600_800.png,/scratch/parceirosbr/bigoilict/share/BigOil/document_generator/datasets/documents_2021_12_28/pai_3cols_20211228_152956_8171594885_600_800.png,pai_3cols_20211228_152956_8171594885_600_800_mask.png,21539.251
17,4,35,9,94,426,129,435,94,426,129,426,129,435,94,435,sub_line_text,table_text,table_0,raleway,bold,8.0,pai_3cols_20211228_152956_8171594885_600_800.png,/scratch/parceirosbr/bigoilict/share/BigOil/document_generator/datasets/documents_2021_12_28/pai_3cols_20211228_152956_8171594885_600_800.png,pai_3cols_20211228_152956_8171594885_600_800_mask.png,21539.251
14,4,28,9,166,439,194,448,166,439,194,439,194,448,166,448,text,table_text,table_0,raleway,regular,8.0,pai_3cols_20211228_152956_8171594885_600_800.png,/scratch/parceirosbr/bigoilict/share/BigOil/document_generator/datasets/documents_2021_12_28/pai_3cols_20211228_152956_8171594885_600_800.png,pai_3cols_20211228_152956_8171594885_600_800_mask.png,495.397
14,4,28,9,166,439,194,448,166,439,194,439,194,448,166,448,sub_line_text,table_text,table_0,raleway,regular,8.0,pai_3cols_20211228_152956_8171594885_600_800.png,/scratch/parceirosbr/bigoilict/share/BigOil/document_generator/datasets/documents_2021_12_28/pai_3cols_20211228_152956_8171594885_600_800.png,pai_3cols_20211228_152956_8171594885_600_800_mask.png,495.397
24,4,48,9,146,265,194,274,146,265,194,265,194,274,146,274,text,table_text,table_0,raleway,bold,8.0,pai_3cols_20211228_152956_8171594885_600_800.png,/scratch/parceirosbr/bigoilict/share/BigOil/document_generator/datasets/documents_2021_12_28/pai_3cols_20211228_152956_8171594885_600_800.png,pai_3cols_20211228_152956_8171594885_600_800_mask.png,investimento
24,4,48,9,146,265,194,274,146,265,194,265,194,274,146,274,sub_line_text,table_text,table_0,raleway,bold,8.0,pai_3cols_20211228_152956_8171594885_600_800.png,/scratch/parceirosbr/bigoilict/share/BigOil/document_generator/datasets/documents_2021_12_28/pai_3cols_20211228_152956_8171594885_600_800.png,pai_3cols_20211228_152956_8171594885_600_800_mask.png,investimento
20,4,41,9,153,287,194,296,153,287,194,287,194,296,153,296,text,table_text,table_0,raleway,bold,8.0,pai_3cols_20211228_152956_8171594885_600_800.png,/scratch/parceirosbr/bigoilict/share/BigOil/document_generator/datasets/documents_2021_12_28/pai_3cols_20211228_152956_8171594885_600_800.png,pai_3cols_20211228_152956_8171594885_600_800_mask.png,1547939.96
20,4,41,9,153,287,194,296,153,287,194,287,194,296,153,296,sub_line_text,table_text,table_0,raleway,bold,8.0,pai_3cols_20211228_152956_8171594885_600_800.png,/scratch/parceirosbr/bigoilict/share/BigOil/document_generator/datasets/documents_2021_12_28/pai_3cols_20211228_152956_8171594885_600_800.png,pai_3cols_20211228_152956_8171594885_600_800_mask.png,1547939.96
22,4,44,9,150,300,194,309,150,300,194,300,194,309,150,309,text,table_text,table_0,raleway,bold,8.0,pai_3cols_20211228_152956_8171594885_600_800.png,/scratch/parceirosbr/bigoilict/share/BigOil/document_generator/datasets/documents_2021_12_28/pai_3cols_20211228_152956_8171594885_600_800.png,pai_3cols_20211228_152956_8171594885_600_800_mask.png,7262922.06
22,4,44,9,150,300,194,309,150,300,194,300,194,309,150,309,sub_line_text,table_text,table_0,raleway,bold,8.0,pai_3cols_20211228_152956_8171594885_600_800.png,/scratch/parceirosbr/bigoilict/share/BigOil/document_generator/datasets/documents_2021_12_28/pai_3cols_20211228_152956_8171594885_600_800.png,pai_3cols_20211228_152956_8171594885_600_800_mask.png,7262922.06
21,4,42,9,152,312,194,321,152,312,194,312,194,321,152,321,text,table_text,table_0,raleway,bold,8.0,pai_3cols_20211228_152956_8171594885_600_800.png,/scratch/parceirosbr/bigoilict/share/BigOil/document_generator/datasets/documents_2021_12_28/pai_3cols_20211228_152956_8171594885_600_800.png,pai_3cols_20211228_152956_8171594885_600_800_mask.png,9995789.21
21,4,42,9,152,312,194,321,152,312,194,312,194,321,152,321,sub_line_text,table_text,table_0,raleway,bold,8.0,pai_3cols_20211228_152956_8171594885_600_800.png,/scratch/parceirosbr/bigoilict/share/BigOil/document_generator/datasets/documents_2021_12_28/pai_3cols_20211228_152956_8171594885_600_800.png,pai_3cols_20211228_152956_8171594885_600_800_mask.png,9995789.21
21,4,42,9,152,325,194,334,152,325,194,325,194,334,152,334,text,table_text,table_0,raleway,bold,8.0,pai_3cols_20211228_152956_8171594885_600_800.png,/scratch/parceirosbr/bigoilict/share/BigOil/document_generator/datasets/documents_2021_12_28/pai_3cols_20211228_152956_8171594885_600_800.png,pai_3cols_20211228_152956_8171594885_600_800_mask.png,4255880.74
21,4,42,9,152,325,194,334,152,325,194,325,194,334,152,334,sub_line_text,table_text,table_0,raleway,bold,8.0,pai_3cols_20211228_152956_8171594885_600_800.png,/scratch/parceirosbr/bigoilict/share/BigOil/document_generator/datasets/documents_2021_12_28/pai_3cols_20211228_152956_8171594885_600_800.png,pai_3cols_20211228_152956_8171594885_600_800_mask.png,4255880.74
19,4,39,9,155,338,194,347,155,338,194,338,194,347,155,347,text,table_text,table_0,raleway,bold,8.0,pai_3cols_20211228_152956_8171594885_600_800.png,/scratch/parceirosbr/bigoilict/share/BigOil/document_generator/datasets/documents_2021_12_28/pai_3cols_20211228_152956_8171594885_600_800.png,pai_3cols_20211228_152956_8171594885_600_800_mask.png,1553671.90
19,4,39,9,155,338,194,347,155,338,194,338,194,347,155,347,sub_line_text,table_text,table_0,raleway,bold,8.0,pai_3cols_20211228_152956_8171594885_600_800.png,/scratch/parceirosbr/bigoilict/share/BigOil/document_generator/datasets/documents_2021_12_28/pai_3cols_20211228_152956_8171594885_600_800.png,pai_3cols_20211228_152956_8171594885_600_800_mask.png,1553671.90
20,4,41,9,153,350,194,359,153,350,194,350,194,359,153,359,text,table_text,table_0,raleway,bold,8.0,pai_3cols_20211228_152956_8171594885_600_800.png,/scratch/parceirosbr/bigoilict/share/BigOil/document_generator/datasets/documents_2021_12_28/pai_3cols_20211228_152956_8171594885_600_800.png,pai_3cols_20211228_152956_8171594885_600_800_mask.png,3806051.74
20,4,41,9,153,350,194,359,153,350,194,350,194,359,153,359,sub_line_text,table_text,table_0,raleway,bold,8.0,pai_3cols_20211228_152956_8171594885_600_800.png,/scratch/parceirosbr/bigoilict/share/BigOil/document_generator/datasets/documents_2021_12_28/pai_3cols_20211228_152956_8171594885_600_800.png,pai_3cols_20211228_152956_8171594885_600_800_mask.png,3806051.74
20,4,41,9,153,363,194,372,153,363,194,363,194,372,153,372,text,table_text,table_0,raleway,bold,8.0,pai_3cols_20211228_152956_8171594885_600_800.png,/scratch/parceirosbr/bigoilict/share/BigOil/document_generator/datasets/documents_2021_12_28/pai_3cols_20211228_152956_8171594885_600_800.png,pai_3cols_20211228_152956_8171594885_600_800_mask.png,3304211.49
20,4,41,9,153,363,194,372,153,363,194,363,194,372,153,372,sub_line_text,table_text,table_0,raleway,bold,8.0,pai_3cols_20211228_152956_8171594885_600_800.png,/scratch/parceirosbr/bigoilict/share/BigOil/document_generator/datasets/documents_2021_12_28/pai_3cols_20211228_152956_8171594885_600_800.png,pai_3cols_20211228_152956_8171594885_600_800_mask.png,3304211.49
19,4,39,9,155,376,194,385,155,376,194,376,194,385,155,385,text,table_text,table_0,raleway,bold,8.0,pai_3cols_20211228_152956_8171594885_600_800.png,/scratch/parceirosbr/bigoilict/share/BigOil/document_generator/datasets/documents_2021_12_28/pai_3cols_20211228_152956_8171594885_600_800.png,pai_3cols_20211228_152956_8171594885_600_800_mask.png,5651213.50
19,4,39,9,155,376,194,385,155,376,194,376,194,385,155,385,sub_line_text,table_text,table_0,raleway,bold,8.0,pai_3cols_20211228_152956_8171594885_600_800.png,/scratch/parceirosbr/bigoilict/share/BigOil/document_generator/datasets/documents_2021_12_28/pai_3cols_20211228_152956_8171594885_600_800.png,pai_3cols_20211228_152956_8171594885_600_800_mask.png,5651213.50
21,4,42,9,152,388,194,397,152,388,194,388,194,397,152,397,text,table_text,table_0,raleway,bold,8.0,pai_3cols_20211228_152956_8171594885_600_800.png,/scratch/parceirosbr/bigoilict/share/BigOil/document_generator/datasets/documents_2021_12_28/pai_3cols_20211228_152956_8171594885_600_800.png,pai_3cols_20211228_152956_8171594885_600_800_mask.png,6805197.62
21,4,42,9,152,388,194,397,152,388,194,388,194,397,152,397,sub_line_text,table_text,table_0,raleway,bold,8.0,pai_3cols_20211228_152956_8171594885_600_800.png,/scratch/parceirosbr/bigoilict/share/BigOil/document_generator/datasets/documents_2021_12_28/pai_3cols_20211228_152956_8171594885_600_800.png,pai_3cols_20211228_152956_8171594885_600_800_mask.png,6805197.62
20,4,40,9,154,401,194,410,154,401,194,401,194,410,154,410,text,table_text,table_0,raleway,bold,8.0,pai_3cols_20211228_152956_8171594885_600_800.png,/scratch/parceirosbr/bigoilict/share/BigOil/document_generator/datasets/documents_2021_12_28/pai_3cols_20211228_152956_8171594885_600_800.png,pai_3cols_20211228_152956_8171594885_600_800_mask.png,3590739.55
20,4,40,9,154,401,194,410,154,401,194,401,194,410,154,410,sub_line_text,table_text,table_0,raleway,bold,8.0,pai_3cols_20211228_152956_8171594885_600_800.png,/scratch/parceirosbr/bigoilict/share/BigOil/document_generator/datasets/documents_2021_12_28/pai_3cols_20211228_152956_8171594885_600_800.png,pai_3cols_20211228_152956_8171594885_600_800_mask.png,3590739.55
20,4,41,9,153,414,194,423,153,414,194,414,194,423,153,423,text,table_text,table_0,raleway,bold,8.0,pai_3cols_20211228_152956_8171594885_600_800.png,/scratch/parceirosbr/bigoilict/share/BigOil/document_generator/datasets/documents_2021_12_28/pai_3cols_20211228_152956_8171594885_600_800.png,pai_3cols_20211228_152956_8171594885_600_800_mask.png,6919176.21
20,4,41,9,153,414,194,423,153,414,194,414,194,423,153,423,sub_line_text,table_text,table_0,raleway,bold,8.0,pai_3cols_20211228_152956_8171594885_600_800.png,/scratch/parceirosbr/bigoilict/share/BigOil/document_generator/datasets/documents_2021_12_28/pai_3cols_20211228_152956_8171594885_600_800.png,pai_3cols_20211228_152956_8171594885_600_800_mask.png,6919176.21
20,4,41,9,153,426,194,435,153,426,194,426,194,435,153,435,text,table_text,table_0,raleway,bold,8.0,pai_3cols_20211228_152956_8171594885_600_800.png,/scratch/parceirosbr/bigoilict/share/BigOil/document_generator/datasets/documents_2021_12_28/pai_3cols_20211228_152956_8171594885_600_800.png,pai_3cols_20211228_152956_8171594885_600_800_mask.png,2953913.09
20,4,41,9,153,426,194,435,153,426,194,426,194,435,153,435,sub_line_text,table_text,table_0,raleway,bold,8.0,pai_3cols_20211228_152956_8171594885_600_800.png,/scratch/parceirosbr/bigoilict/share/BigOil/document_generator/datasets/documents_2021_12_28/pai_3cols_20211228_152956_8171594885_600_800.png,pai_3cols_20211228_152956_8171594885_600_800_mask.png,2953913.09
70,5,141,10,57,470,198,480,57,470,198,470,198,480,57,480,sub_line_text,subsubsubtitle,subsubsubtitle_0,arial,bolditalic,8,pai_3cols_20211228_152956_8171594885_600_800.png,/scratch/parceirosbr/bigoilict/share/BigOil/document_generator/datasets/documents_2021_12_28/pai_3cols_20211228_152956_8171594885_600_800.png,pai_3cols_20211228_152956_8171594885_600_800_mask.png,Resultado      pesquisa      epígrafe     t-
24,5,49,10,57,485,106,495,57,485,106,485,106,495,57,495,sub_line_text,subsubsubtitle,subsubsubtitle_0,arial,bolditalic,8,pai_3cols_20211228_152956_8171594885_600_800.png,/scratch/parceirosbr/bigoilict/share/BigOil/document_generator/datasets/documents_2021_12_28/pai_3cols_20211228_152956_8171594885_600_800.png,pai_3cols_20211228_152956_8171594885_600_800_mask.png,ambém pode
70,12,141,25,57,470,198,495,57,470,198,470,198,495,57,495,title,subsubsubtitle,subsubsubtitle_0,arial,bolditalic,8,pai_3cols_20211228_152956_8171594885_600_800.png,/scratch/parceirosbr/bigoilict/share/BigOil/document_generator/datasets/documents_2021_12_28/pai_3cols_20211228_152956_8171594885_600_800.png,pai_3cols_20211228_152956_8171594885_600_800_mask.png,nan
62,4,124,8,70,509,194,517,70,509,194,509,194,517,70,517,sub_line_text,figure_legend,figure_0,arial,italic,7,pai_3cols_20211228_152956_8171594885_600_800.png,/scratch/parceirosbr/bigoilict/share/BigOil/document_generator/datasets/documents_2021_12_28/pai_3cols_20211228_152956_8171594885_600_800.png,pai_3cols_20211228_152956_8171594885_600_800_mask.png,Figura  21:    De  acordo  com a média
61,4,123,8,70,521,193,529,70,521,193,521,193,529,70,529,sub_line_text,figure_legend,figure_0,arial,italic,7,pai_3cols_20211228_152956_8171594885_600_800.png,/scratch/parceirosbr/bigoilict/share/BigOil/document_generator/datasets/documents_2021_12_28/pai_3cols_20211228_152956_8171594885_600_800.png,pai_3cols_20211228_152956_8171594885_600_800_mask.png,"total,  a  classificação  apresentou  c-"
61,4,123,8,70,533,193,541,70,533,193,533,193,541,70,541,sub_line_text,figure_legend,figure_0,arial,italic,7,pai_3cols_20211228_152956_8171594885_600_800.png,/scratch/parceirosbr/bigoilict/share/BigOil/document_generator/datasets/documents_2021_12_28/pai_3cols_20211228_152956_8171594885_600_800.png,pai_3cols_20211228_152956_8171594885_600_800_mask.png,oncordância  substancial.    Tais soc-
62,4,124,8,70,545,194,553,70,545,194,545,194,553,70,553,sub_line_text,figure_legend,figure_0,arial,italic,7,pai_3cols_20211228_152956_8171594885_600_800.png,/scratch/parceirosbr/bigoilict/share/BigOil/document_generator/datasets/documents_2021_12_28/pai_3cols_20211228_152956_8171594885_600_800.png,pai_3cols_20211228_152956_8171594885_600_800_mask.png,"iedades    obrigar-se-ão,    no   período"
28,4,56,8,70,557,126,565,70,557,126,557,126,565,70,565,sub_line_text,figure_legend,figure_0,arial,italic,7,pai_3cols_20211228_152956_8171594885_600_800.png,/scratch/parceirosbr/bigoilict/share/BigOil/document_generator/datasets/documents_2021_12_28/pai_3cols_20211228_152956_8171594885_600_800.png,pai_3cols_20211228_152956_8171594885_600_800_mask.png,de até 180 (cento
62,28,124,56,70,509,194,565,70,509,194,509,194,565,70,565,text,figure_legend,figure_0,arial,italic,7,pai_3cols_20211228_152956_8171594885_600_800.png,/scratch/parceirosbr/bigoilict/share/BigOil/document_generator/datasets/documents_2021_12_28/pai_3cols_20211228_152956_8171594885_600_800.png,pai_3cols_20211228_152956_8171594885_600_800_mask.png,nan
37,52,74,104,90,570,164,674,90,570,164,570,164,674,90,674,image,figure_image,figure_0,,,,pai_3cols_20211228_152956_8171594885_600_800.png,/scratch/parceirosbr/bigoilict/share/BigOil/document_generator/datasets/documents_2021_12_28/pai_3cols_20211228_152956_8171594885_600_800.png,pai_3cols_20211228_152956_8171594885_600_800_mask.png,output/gen_img_20211228_152957_8198994264.png
11,7,22,14,127,583,149,597,127,592,147,583,149,587,129,597,text,figure_text,figure_0,,,,pai_3cols_20211228_152956_8171594885_600_800.png,/scratch/parceirosbr/bigoilict/share/BigOil/document_generator/datasets/documents_2021_12_28/pai_3cols_20211228_152956_8171594885_600_800.png,pai_3cols_20211228_152956_8171594885_600_800_mask.png,Experiment
11,7,22,14,127,583,149,597,127,592,147,583,149,587,129,597,sub_line_text,figure_text,figure_0,,,,pai_3cols_20211228_152956_8171594885_600_800.png,/scratch/parceirosbr/bigoilict/share/BigOil/document_generator/datasets/documents_2021_12_28/pai_3cols_20211228_152956_8171594885_600_800.png,pai_3cols_20211228_152956_8171594885_600_800_mask.png,Experiment
5,4,11,9,140,601,151,610,140,606,148,601,151,606,142,610,text,figure_text,figure_0,,,,pai_3cols_20211228_152956_8171594885_600_800.png,/scratch/parceirosbr/bigoilict/share/BigOil/document_generator/datasets/documents_2021_12_28/pai_3cols_20211228_152956_8171594885_600_800.png,pai_3cols_20211228_152956_8171594885_600_800_mask.png,Days
5,4,11,9,140,601,151,610,140,606,148,601,151,606,142,610,sub_line_text,figure_text,figure_0,,,,pai_3cols_20211228_152956_8171594885_600_800.png,/scratch/parceirosbr/bigoilict/share/BigOil/document_generator/datasets/documents_2021_12_28/pai_3cols_20211228_152956_8171594885_600_800.png,pai_3cols_20211228_152956_8171594885_600_800_mask.png,Days
6,-1,12,-2,122,632,134,630,122,626,137,632,134,637,120,630,text,figure_text,figure_0,,,,pai_3cols_20211228_152956_8171594885_600_800.png,/scratch/parceirosbr/bigoilict/share/BigOil/document_generator/datasets/documents_2021_12_28/pai_3cols_20211228_152956_8171594885_600_800.png,pai_3cols_20211228_152956_8171594885_600_800_mask.png,Loading
6,-1,12,-2,122,632,134,630,122,626,137,632,134,637,120,630,sub_line_text,figure_text,figure_0,,,,pai_3cols_20211228_152956_8171594885_600_800.png,/scratch/parceirosbr/bigoilict/share/BigOil/document_generator/datasets/documents_2021_12_28/pai_3cols_20211228_152956_8171594885_600_800.png,pai_3cols_20211228_152956_8171594885_600_800_mask.png,Loading
11,-5,23,-10,119,661,142,651,119,648,144,661,142,664,117,651,text,figure_text,figure_0,,,,pai_3cols_20211228_152956_8171594885_600_800.png,/scratch/parceirosbr/bigoilict/share/BigOil/document_generator/datasets/documents_2021_12_28/pai_3cols_20211228_152956_8171594885_600_800.png,pai_3cols_20211228_152956_8171594885_600_800_mask.png,Concentration
11,-5,23,-10,119,661,142,651,119,648,144,661,142,664,117,651,sub_line_text,figure_text,figure_0,,,,pai_3cols_20211228_152956_8171594885_600_800.png,/scratch/parceirosbr/bigoilict/share/BigOil/document_generator/datasets/documents_2021_12_28/pai_3cols_20211228_152956_8171594885_600_800.png,pai_3cols_20211228_152956_8171594885_600_800_mask.png,Concentration
6,4,13,9,99,641,112,650,99,646,111,641,112,645,100,650,text,figure_text,figure_0,,,,pai_3cols_20211228_152956_8171594885_600_800.png,/scratch/parceirosbr/bigoilict/share/BigOil/document_generator/datasets/documents_2021_12_28/pai_3cols_20211228_152956_8171594885_600_800.png,pai_3cols_20211228_152956_8171594885_600_800_mask.png,Detour
6,4,13,9,99,641,112,650,99,646,111,641,112,645,100,650,sub_line_text,figure_text,figure_0,,,,pai_3cols_20211228_152956_8171594885_600_800.png,/scratch/parceirosbr/bigoilict/share/BigOil/document_generator/datasets/documents_2021_12_28/pai_3cols_20211228_152956_8171594885_600_800.png,pai_3cols_20211228_152956_8171594885_600_800_mask.png,Detour
8,-1,16,-2,99,609,115,607,99,603,116,609,115,614,98,607,text,figure_text,figure_0,,,,pai_3cols_20211228_152956_8171594885_600_800.png,/scratch/parceirosbr/bigoilict/share/BigOil/document_generator/datasets/documents_2021_12_28/pai_3cols_20211228_152956_8171594885_600_800.png,pai_3cols_20211228_152956_8171594885_600_800_mask.png,Speed ​​[v]
8,-1,16,-2,99,609,115,607,99,603,116,609,115,614,98,607,sub_line_text,figure_text,figure_0,,,,pai_3cols_20211228_152956_8171594885_600_800.png,/scratch/parceirosbr/bigoilict/share/BigOil/document_generator/datasets/documents_2021_12_28/pai_3cols_20211228_152956_8171594885_600_800.png,pai_3cols_20211228_152956_8171594885_600_800_mask.png,Speed ​​[v]
9,6,18,12,129,613,147,625,129,621,145,613,147,617,131,625,text,figure_text,figure_0,,,,pai_3cols_20211228_152956_8171594885_600_800.png,/scratch/parceirosbr/bigoilict/share/BigOil/document_generator/datasets/documents_2021_12_28/pai_3cols_20211228_152956_8171594885_600_800.png,pai_3cols_20211228_152956_8171594885_600_800_mask.png,Reaction
9,6,18,12,129,613,147,625,129,621,145,613,147,617,131,625,sub_line_text,figure_text,figure_0,,,,pai_3cols_20211228_152956_8171594885_600_800.png,/scratch/parceirosbr/bigoilict/share/BigOil/document_generator/datasets/documents_2021_12_28/pai_3cols_20211228_152956_8171594885_600_800.png,pai_3cols_20211228_152956_8171594885_600_800_mask.png,Reaction
6,-1,12,-3,101,629,113,626,101,621,116,629,113,633,99,626,text,figure_text,figure_0,,,,pai_3cols_20211228_152956_8171594885_600_800.png,/scratch/parceirosbr/bigoilict/share/BigOil/document_generator/datasets/documents_2021_12_28/pai_3cols_20211228_152956_8171594885_600_800.png,pai_3cols_20211228_152956_8171594885_600_800_mask.png,Projects
6,-1,12,-3,101,629,113,626,101,621,116,629,113,633,99,626,sub_line_text,figure_text,figure_0,,,,pai_3cols_20211228_152956_8171594885_600_800.png,/scratch/parceirosbr/bigoilict/share/BigOil/document_generator/datasets/documents_2021_12_28/pai_3cols_20211228_152956_8171594885_600_800.png,pai_3cols_20211228_152956_8171594885_600_800_mask.png,Projects
10,6,21,13,95,579,116,592,95,588,115,579,116,583,97,592,text,figure_text,figure_0,,,,pai_3cols_20211228_152956_8171594885_600_800.png,/scratch/parceirosbr/bigoilict/share/BigOil/document_generator/datasets/documents_2021_12_28/pai_3cols_20211228_152956_8171594885_600_800.png,pai_3cols_20211228_152956_8171594885_600_800_mask.png,Resistance
10,6,21,13,95,579,116,592,95,588,115,579,116,583,97,592,sub_line_text,figure_text,figure_0,,,,pai_3cols_20211228_152956_8171594885_600_800.png,/scratch/parceirosbr/bigoilict/share/BigOil/document_generator/datasets/documents_2021_12_28/pai_3cols_20211228_152956_8171594885_600_800.png,pai_3cols_20211228_152956_8171594885_600_800_mask.png,Resistance
9,1,19,3,136,666,155,669,136,665,155,666,155,670,136,669,text,figure_text,figure_0,,,,pai_3cols_20211228_152956_8171594885_600_800.png,/scratch/parceirosbr/bigoilict/share/BigOil/document_generator/datasets/documents_2021_12_28/pai_3cols_20211228_152956_8171594885_600_800.png,pai_3cols_20211228_152956_8171594885_600_800_mask.png,Numbers 
9,1,19,3,136,666,155,669,136,665,155,666,155,670,136,669,sub_line_text,figure_text,figure_0,,,,pai_3cols_20211228_152956_8171594885_600_800.png,/scratch/parceirosbr/bigoilict/share/BigOil/document_generator/datasets/documents_2021_12_28/pai_3cols_20211228_152956_8171594885_600_800.png,pai_3cols_20211228_152956_8171594885_600_800_mask.png,Numbers 
6,1,13,2,123,641,136,643,123,639,136,641,136,645,122,643,text,figure_text,figure_0,,,,pai_3cols_20211228_152956_8171594885_600_800.png,/scratch/parceirosbr/bigoilict/share/BigOil/document_generator/datasets/documents_2021_12_28/pai_3cols_20211228_152956_8171594885_600_800.png,pai_3cols_20211228_152956_8171594885_600_800_mask.png,Scores
6,1,13,2,123,641,136,643,123,639,136,641,136,645,122,643,sub_line_text,figure_text,figure_0,,,,pai_3cols_20211228_152956_8171594885_600_800.png,/scratch/parceirosbr/bigoilict/share/BigOil/document_generator/datasets/documents_2021_12_28/pai_3cols_20211228_152956_8171594885_600_800.png,pai_3cols_20211228_152956_8171594885_600_800_mask.png,Scores
7,2,15,4,91,593,106,597,91,593,106,593,106,597,91,597,text,figure_text,figure_0,,,,pai_3cols_20211228_152956_8171594885_600_800.png,/scratch/parceirosbr/bigoilict/share/BigOil/document_generator/datasets/documents_2021_12_28/pai_3cols_20211228_152956_8171594885_600_800.png,pai_3cols_20211228_152956_8171594885_600_800_mask.png,-2232.3
7,2,15,4,91,593,106,597,91,593,106,593,106,597,91,597,sub_line_text,figure_text,figure_0,,,,pai_3cols_20211228_152956_8171594885_600_800.png,/scratch/parceirosbr/bigoilict/share/BigOil/document_generator/datasets/documents_2021_12_28/pai_3cols_20211228_152956_8171594885_600_800.png,pai_3cols_20211228_152956_8171594885_600_800_mask.png,-2232.3
63,5,127,10,69,680,196,690,69,680,196,680,196,690,69,690,sub_line_text,text,text_1,arial,regular,8,pai_3cols_20211228_152956_8171594885_600_800.png,/scratch/parceirosbr/bigoilict/share/BigOil/document_generator/datasets/documents_2021_12_28/pai_3cols_20211228_152956_8171594885_600_800.png,pai_3cols_20211228_152956_8171594885_600_800_mask.png,As   duas  primeiras  formas  do  mo-
61,5,123,10,55,695,178,705,55,695,178,695,178,705,55,705,sub_line_text,text,text_1,arial,regular,8,pai_3cols_20211228_152956_8171594885_600_800.png,/scratch/parceirosbr/bigoilict/share/BigOil/document_generator/datasets/documents_2021_12_28/pai_3cols_20211228_152956_8171594885_600_800.png,pai_3cols_20211228_152956_8171594885_600_800_mask.png,delo incorporaram informações hidr.
70,12,141,25,55,680,196,705,55,680,196,680,196,705,55,705,text,text,text_1,arial,regular,8,pai_3cols_20211228_152956_8171594885_600_800.png,/scratch/parceirosbr/bigoilict/share/BigOil/document_generator/datasets/documents_2021_12_28/pai_3cols_20211228_152956_8171594885_600_800.png,pai_3cols_20211228_152956_8171594885_600_800_mask.png,nan
64,5,128,10,242,87,370,97,242,87,370,87,370,97,242,97,sub_line_text,text,text_2,arial,regular,8,pai_3cols_20211228_152956_8171594885_600_800.png,/scratch/parceirosbr/bigoilict/share/BigOil/document_generator/datasets/documents_2021_12_28/pai_3cols_20211228_152956_8171594885_600_800.png,pai_3cols_20211228_152956_8171594885_600_800_mask.png,A   produção   de   água  mostra  perfil
71,5,142,10,228,102,370,112,228,102,370,102,370,112,228,112,sub_line_text,text,text_2,arial,regular,8,pai_3cols_20211228_152956_8171594885_600_800.png,/scratch/parceirosbr/bigoilict/share/BigOil/document_generator/datasets/documents_2021_12_28/pai_3cols_20211228_152956_8171594885_600_800.png,pai_3cols_20211228_152956_8171594885_600_800_mask.png,crescente    justificado    pela    sua   etapa
70,5,141,10,228,117,369,127,228,117,369,117,369,127,228,127,sub_line_text,text,text_2,arial,regular,8,pai_3cols_20211228_152956_8171594885_600_800.png,/scratch/parceirosbr/bigoilict/share/BigOil/document_generator/datasets/documents_2021_12_28/pai_3cols_20211228_152956_8171594885_600_800.png,pai_3cols_20211228_152956_8171594885_600_800_mask.png,de   reação   de   formação   (etapa  4).  P-
71,5,142,10,228,132,370,142,228,132,370,132,370,142,228,142,sub_line_text,text,text_2,arial,regular,8,pai_3cols_20211228_152956_8171594885_600_800.png,/scratch/parceirosbr/bigoilict/share/BigOil/document_generator/datasets/documents_2021_12_28/pai_3cols_20211228_152956_8171594885_600_800.png,pai_3cols_20211228_152956_8171594885_600_800_mask.png,ontos   de   da   a   serem  obrigatoriamen-
71,5,142,10,228,147,370,157,228,147,370,147,370,157,228,157,sub_line_text,text,text_2,arial,regular,8,pai_3cols_20211228_152956_8171594885_600_800.png,/scratch/parceirosbr/bigoilict/share/BigOil/document_generator/datasets/documents_2021_12_28/pai_3cols_20211228_152956_8171594885_600_800.png,pai_3cols_20211228_152956_8171594885_600_800_mask.png,te   definidos   no   plano  de  desenvolvim-
70,5,141,10,228,162,369,172,228,162,369,162,369,172,228,172,sub_line_text,text,text_2,arial,regular,8,pai_3cols_20211228_152956_8171594885_600_800.png,/scratch/parceirosbr/bigoilict/share/BigOil/document_generator/datasets/documents_2021_12_28/pai_3cols_20211228_152956_8171594885_600_800.png,pai_3cols_20211228_152956_8171594885_600_800_mask.png,"ento   de   cada   campo,   propostos   pelo"
71,5,142,10,228,177,370,187,228,177,370,177,370,187,228,187,sub_line_text,text,text_2,arial,regular,8,pai_3cols_20211228_152956_8171594885_600_800.png,/scratch/parceirosbr/bigoilict/share/BigOil/document_generator/datasets/documents_2021_12_28/pai_3cols_20211228_152956_8171594885_600_800.png,pai_3cols_20211228_152956_8171594885_600_800_mask.png,concessionário    e   aprovados   pela   nos
71,5,142,10,228,192,370,202,228,192,370,192,370,202,228,202,sub_line_text,text,text_2,arial,regular,8,pai_3cols_20211228_152956_8171594885_600_800.png,/scratch/parceirosbr/bigoilict/share/BigOil/document_generator/datasets/documents_2021_12_28/pai_3cols_20211228_152956_8171594885_600_800.png,pai_3cols_20211228_152956_8171594885_600_800_mask.png,"termos   do   contrato   de   concessão,   o-"
62,5,124,10,228,207,352,217,228,207,352,207,352,217,228,217,sub_line_text,text,text_2,arial,regular,8,pai_3cols_20211228_152956_8171594885_600_800.png,/scratch/parceirosbr/bigoilict/share/BigOil/document_generator/datasets/documents_2021_12_28/pai_3cols_20211228_152956_8171594885_600_800.png,pai_3cols_20211228_152956_8171594885_600_800_mask.png,nde será realizada a medição volum.
71,65,142,130,228,87,370,217,228,87,370,87,370,217,228,217,text,text,text_2,arial,regular,8,pai_3cols_20211228_152956_8171594885_600_800.png,/scratch/parceirosbr/bigoilict/share/BigOil/document_generator/datasets/documents_2021_12_28/pai_3cols_20211228_152956_8171594885_600_800.png,pai_3cols_20211228_152956_8171594885_600_800_mask.png,nan
63,5,127,10,242,223,369,233,242,223,369,223,369,233,242,233,sub_line_text,text,text_3,arial,regular,8,pai_3cols_20211228_152956_8171594885_600_800.png,/scratch/parceirosbr/bigoilict/share/BigOil/document_generator/datasets/documents_2021_12_28/pai_3cols_20211228_152956_8171594885_600_800.png,pai_3cols_20211228_152956_8171594885_600_800_mask.png,Uma   das  vantagens  de  se  usar  g-
70,5,141,10,228,238,369,248,228,238,369,238,369,248,228,248,sub_line_text,text,text_3,arial,regular,8,pai_3cols_20211228_152956_8171594885_600_800.png,/scratch/parceirosbr/bigoilict/share/BigOil/document_generator/datasets/documents_2021_12_28/pai_3cols_20211228_152956_8171594885_600_800.png,pai_3cols_20211228_152956_8171594885_600_800_mask.png,ás  carbônico  é  que  seu  custo  é  menor
71,5,142,10,228,253,370,263,228,253,370,253,370,263,228,263,sub_line_text,text,text_3,arial,regular,8,pai_3cols_20211228_152956_8171594885_600_800.png,/scratch/parceirosbr/bigoilict/share/BigOil/document_generator/datasets/documents_2021_12_28/pai_3cols_20211228_152956_8171594885_600_800.png,pai_3cols_20211228_152956_8171594885_600_800_mask.png,quando    comparado    a   outros   solvent-
71,5,142,10,228,268,370,278,228,268,370,268,370,278,228,278,sub_line_text,text,text_3,arial,regular,8,pai_3cols_20211228_152956_8171594885_600_800.png,/scratch/parceirosbr/bigoilict/share/BigOil/document_generator/datasets/documents_2021_12_28/pai_3cols_20211228_152956_8171594885_600_800.png,pai_3cols_20211228_152956_8171594885_600_800_mask.png,es    1989).   recuperação   avançada.   vo-
71,5,142,10,228,283,370,293,228,283,370,283,370,293,228,293,sub_line_text,text,text_3,arial,regular,8,pai_3cols_20211228_152956_8171594885_600_800.png,/scratch/parceirosbr/bigoilict/share/BigOil/document_generator/datasets/documents_2021_12_28/pai_3cols_20211228_152956_8171594885_600_800.png,pai_3cols_20211228_152956_8171594885_600_800_mask.png,lume     regaseificado     não    necessaria-
71,5,142,10,228,298,370,308,228,298,370,298,370,308,228,308,sub_line_text,text,text_3,arial,regular,8,pai_3cols_20211228_152956_8171594885_600_800.png,/scratch/parceirosbr/bigoilict/share/BigOil/document_generator/datasets/documents_2021_12_28/pai_3cols_20211228_152956_8171594885_600_800.png,pai_3cols_20211228_152956_8171594885_600_800_mask.png,mente   é   igual  ao  volume  de  cargas  i-
71,5,142,10,228,313,370,323,228,313,370,313,370,323,228,323,sub_line_text,text,text_3,arial,regular,8,pai_3cols_20211228_152956_8171594885_600_800.png,/scratch/parceirosbr/bigoilict/share/BigOil/document_generator/datasets/documents_2021_12_28/pai_3cols_20211228_152956_8171594885_600_800.png,pai_3cols_20211228_152956_8171594885_600_800_mask.png,"mportadas,    pois   existe   um   lapso   te-"
71,5,142,10,228,328,370,338,228,328,370,328,370,338,228,338,sub_line_text,text,text_3,arial,regular,8,pai_3cols_20211228_152956_8171594885_600_800.png,/scratch/parceirosbr/bigoilict/share/BigOil/document_generator/datasets/documents_2021_12_28/pai_3cols_20211228_152956_8171594885_600_800.png,pai_3cols_20211228_152956_8171594885_600_800_mask.png,mporal   entre   o   desembaraço   aduane-
71,5,142,10,228,343,370,353,228,343,370,343,370,353,228,353,sub_line_text,text,text_3,arial,regular,8,pai_3cols_20211228_152956_8171594885_600_800.png,/scratch/parceirosbr/bigoilict/share/BigOil/document_generator/datasets/documents_2021_12_28/pai_3cols_20211228_152956_8171594885_600_800.png,pai_3cols_20211228_152956_8171594885_600_800_mask.png,iro   da   carga  e  a  sua  efetiva  regaseifi-
11,5,22,10,228,358,250,368,228,358,250,358,250,368,228,368,sub_line_text,text,text_3,arial,regular,8,pai_3cols_20211228_152956_8171594885_600_800.png,/scratch/parceirosbr/bigoilict/share/BigOil/document_generator/datasets/documents_2021_12_28/pai_3cols_20211228_152956_8171594885_600_800.png,pai_3cols_20211228_152956_8171594885_600_800_mask.png,cação.
71,72,142,145,228,223,370,368,228,223,370,223,370,368,228,368,text,text,text_3,arial,regular,8,pai_3cols_20211228_152956_8171594885_600_800.png,/scratch/parceirosbr/bigoilict/share/BigOil/document_generator/datasets/documents_2021_12_28/pai_3cols_20211228_152956_8171594885_600_800.png,pai_3cols_20211228_152956_8171594885_600_800_mask.png,nan
61,4,123,8,243,374,366,382,243,374,366,374,366,382,243,382,sub_line_text,table_legend,table_0,arial,italic,7,pai_3cols_20211228_152956_8171594885_600_800.png,/scratch/parceirosbr/bigoilict/share/BigOil/document_generator/datasets/documents_2021_12_28/pai_3cols_20211228_152956_8171594885_600_800.png,pai_3cols_20211228_152956_8171594885_600_800_mask.png,Tabela  4:    A  mostra  a  variação  da
52,4,104,8,243,386,347,394,243,386,347,386,347,394,243,394,sub_line_text,table_legend,table_0,arial,italic,7,pai_3cols_20211228_152956_8171594885_600_800.png,/scratch/parceirosbr/bigoilict/share/BigOil/document_generator/datasets/documents_2021_12_28/pai_3cols_20211228_152956_8171594885_600_800.png,pai_3cols_20211228_152956_8171594885_600_800_mask.png,viscosidade da solução 7% m/v
61,10,123,20,243,374,366,394,243,374,366,374,366,394,243,394,text,table_legend,table_0,arial,italic,7,pai_3cols_20211228_152956_8171594885_600_800.png,/scratch/parceirosbr/bigoilict/share/BigOil/document_generator/datasets/documents_2021_12_28/pai_3cols_20211228_152956_8171594885_600_800.png,pai_3cols_20211228_152956_8171594885_600_800_mask.png,nan
70,85,140,170,230,399,370,569,230,399,370,399,370,569,230,569,table,table_image,table_0,,,,pai_3cols_20211228_152956_8171594885_600_800.png,/scratch/parceirosbr/bigoilict/share/BigOil/document_generator/datasets/documents_2021_12_28/pai_3cols_20211228_152956_8171594885_600_800.png,pai_3cols_20211228_152956_8171594885_600_800_mask.png,output/gen_tab_20211228_153000_2196315544.png
13,4,27,9,340,402,367,411,340,402,367,402,367,411,340,411,text,table_text,table_0,times,italic,8.0,pai_3cols_20211228_152956_8171594885_600_800.png,/scratch/parceirosbr/bigoilict/share/BigOil/document_generator/datasets/documents_2021_12_28/pai_3cols_20211228_152956_8171594885_600_800.png,pai_3cols_20211228_152956_8171594885_600_800_mask.png,concede
13,4,27,9,340,402,367,411,340,402,367,402,367,411,340,411,sub_line_text,table_text,table_0,times,italic,8.0,pai_3cols_20211228_152956_8171594885_600_800.png,/scratch/parceirosbr/bigoilict/share/BigOil/document_generator/datasets/documents_2021_12_28/pai_3cols_20211228_152956_8171594885_600_800.png,pai_3cols_20211228_152956_8171594885_600_800_mask.png,concede
6,4,13,9,285,415,298,424,285,415,298,415,298,424,285,424,text,table_text,table_0,times,bold,8.0,pai_3cols_20211228_152956_8171594885_600_800.png,/scratch/parceirosbr/bigoilict/share/BigOil/document_generator/datasets/documents_2021_12_28/pai_3cols_20211228_152956_8171594885_600_800.png,pai_3cols_20211228_152956_8171594885_600_800_mask.png,4.09
6,4,13,9,285,415,298,424,285,415,298,415,298,424,285,424,sub_line_text,table_text,table_0,times,bold,8.0,pai_3cols_20211228_152956_8171594885_600_800.png,/scratch/parceirosbr/bigoilict/share/BigOil/document_generator/datasets/documents_2021_12_28/pai_3cols_20211228_152956_8171594885_600_800.png,pai_3cols_20211228_152956_8171594885_600_800_mask.png,4.09
6,4,13,9,285,428,298,437,285,428,298,428,298,437,285,437,text,table_text,table_0,times,bold,8.0,pai_3cols_20211228_152956_8171594885_600_800.png,/scratch/parceirosbr/bigoilict/share/BigOil/document_generator/datasets/documents_2021_12_28/pai_3cols_20211228_152956_8171594885_600_800.png,pai_3cols_20211228_152956_8171594885_600_800_mask.png,7.46
6,4,13,9,285,428,298,437,285,428,298,428,298,437,285,437,sub_line_text,table_text,table_0,times,bold,8.0,pai_3cols_20211228_152956_8171594885_600_800.png,/scratch/parceirosbr/bigoilict/share/BigOil/document_generator/datasets/documents_2021_12_28/pai_3cols_20211228_152956_8171594885_600_800.png,pai_3cols_20211228_152956_8171594885_600_800_mask.png,7.46
6,4,13,9,285,440,298,449,285,440,298,440,298,449,285,449,text,table_text,table_0,times,bold,8.0,pai_3cols_20211228_152956_8171594885_600_800.png,/scratch/parceirosbr/bigoilict/share/BigOil/document_generator/datasets/documents_2021_12_28/pai_3cols_20211228_152956_8171594885_600_800.png,pai_3cols_20211228_152956_8171594885_600_800_mask.png,9.64
6,4,13,9,285,440,298,449,285,440,298,440,298,449,285,449,sub_line_text,table_text,table_0,times,bold,8.0,pai_3cols_20211228_152956_8171594885_600_800.png,/scratch/parceirosbr/bigoilict/share/BigOil/document_generator/datasets/documents_2021_12_28/pai_3cols_20211228_152956_8171594885_600_800.png,pai_3cols_20211228_152956_8171594885_600_800_mask.png,9.64
6,4,13,9,285,453,298,462,285,453,298,453,298,462,285,462,text,table_text,table_0,times,bold,8.0,pai_3cols_20211228_152956_8171594885_600_800.png,/scratch/parceirosbr/bigoilict/share/BigOil/document_generator/datasets/documents_2021_12_28/pai_3cols_20211228_152956_8171594885_600_800.png,pai_3cols_20211228_152956_8171594885_600_800_mask.png,8.79
6,4,13,9,285,453,298,462,285,453,298,453,298,462,285,462,sub_line_text,table_text,table_0,times,bold,8.0,pai_3cols_20211228_152956_8171594885_600_800.png,/scratch/parceirosbr/bigoilict/share/BigOil/document_generator/datasets/documents_2021_12_28/pai_3cols_20211228_152956_8171594885_600_800.png,pai_3cols_20211228_152956_8171594885_600_800_mask.png,8.79
6,4,13,9,285,466,298,475,285,466,298,466,298,475,285,475,text,table_text,table_0,times,bold,8.0,pai_3cols_20211228_152956_8171594885_600_800.png,/scratch/parceirosbr/bigoilict/share/BigOil/document_generator/datasets/documents_2021_12_28/pai_3cols_20211228_152956_8171594885_600_800.png,pai_3cols_20211228_152956_8171594885_600_800_mask.png,2.66
6,4,13,9,285,466,298,475,285,466,298,466,298,475,285,475,sub_line_text,table_text,table_0,times,bold,8.0,pai_3cols_20211228_152956_8171594885_600_800.png,/scratch/parceirosbr/bigoilict/share/BigOil/document_generator/datasets/documents_2021_12_28/pai_3cols_20211228_152956_8171594885_600_800.png,pai_3cols_20211228_152956_8171594885_600_800_mask.png,2.66
6,4,13,9,285,478,298,487,285,478,298,478,298,487,285,487,text,table_text,table_0,times,bold,8.0,pai_3cols_20211228_152956_8171594885_600_800.png,/scratch/parceirosbr/bigoilict/share/BigOil/document_generator/datasets/documents_2021_12_28/pai_3cols_20211228_152956_8171594885_600_800.png,pai_3cols_20211228_152956_8171594885_600_800_mask.png,4.76
6,4,13,9,285,478,298,487,285,478,298,478,298,487,285,487,sub_line_text,table_text,table_0,times,bold,8.0,pai_3cols_20211228_152956_8171594885_600_800.png,/scratch/parceirosbr/bigoilict/share/BigOil/document_generator/datasets/documents_2021_12_28/pai_3cols_20211228_152956_8171594885_600_800.png,pai_3cols_20211228_152956_8171594885_600_800_mask.png,4.76
6,4,13,9,285,491,298,500,285,491,298,491,298,500,285,500,text,table_text,table_0,times,bold,8.0,pai_3cols_20211228_152956_8171594885_600_800.png,/scratch/parceirosbr/bigoilict/share/BigOil/document_generator/datasets/documents_2021_12_28/pai_3cols_20211228_152956_8171594885_600_800.png,pai_3cols_20211228_152956_8171594885_600_800_mask.png,4.02
6,4,13,9,285,491,298,500,285,491,298,491,298,500,285,500,sub_line_text,table_text,table_0,times,bold,8.0,pai_3cols_20211228_152956_8171594885_600_800.png,/scratch/parceirosbr/bigoilict/share/BigOil/document_generator/datasets/documents_2021_12_28/pai_3cols_20211228_152956_8171594885_600_800.png,pai_3cols_20211228_152956_8171594885_600_800_mask.png,4.02
6,4,13,9,285,503,298,512,285,503,298,503,298,512,285,512,text,table_text,table_0,times,bold,8.0,pai_3cols_20211228_152956_8171594885_600_800.png,/scratch/parceirosbr/bigoilict/share/BigOil/document_generator/datasets/documents_2021_12_28/pai_3cols_20211228_152956_8171594885_600_800.png,pai_3cols_20211228_152956_8171594885_600_800_mask.png,9.17
6,4,13,9,285,503,298,512,285,503,298,503,298,512,285,512,sub_line_text,table_text,table_0,times,bold,8.0,pai_3cols_20211228_152956_8171594885_600_800.png,/scratch/parceirosbr/bigoilict/share/BigOil/document_generator/datasets/documents_2021_12_28/pai_3cols_20211228_152956_8171594885_600_800.png,pai_3cols_20211228_152956_8171594885_600_800_mask.png,9.17
6,4,13,9,285,516,298,525,285,516,298,516,298,525,285,525,text,table_text,table_0,times,bold,8.0,pai_3cols_20211228_152956_8171594885_600_800.png,/scratch/parceirosbr/bigoilict/share/BigOil/document_generator/datasets/documents_2021_12_28/pai_3cols_20211228_152956_8171594885_600_800.png,pai_3cols_20211228_152956_8171594885_600_800_mask.png,9.05
6,4,13,9,285,516,298,525,285,516,298,516,298,525,285,525,sub_line_text,table_text,table_0,times,bold,8.0,pai_3cols_20211228_152956_8171594885_600_800.png,/scratch/parceirosbr/bigoilict/share/BigOil/document_generator/datasets/documents_2021_12_28/pai_3cols_20211228_152956_8171594885_600_800.png,pai_3cols_20211228_152956_8171594885_600_800_mask.png,9.05
6,4,13,9,285,529,298,538,285,529,298,529,298,538,285,538,text,table_text,table_0,times,bold,8.0,pai_3cols_20211228_152956_8171594885_600_800.png,/scratch/parceirosbr/bigoilict/share/BigOil/document_generator/datasets/documents_2021_12_28/pai_3cols_20211228_152956_8171594885_600_800.png,pai_3cols_20211228_152956_8171594885_600_800_mask.png,3.63
6,4,13,9,285,529,298,538,285,529,298,529,298,538,285,538,sub_line_text,table_text,table_0,times,bold,8.0,pai_3cols_20211228_152956_8171594885_600_800.png,/scratch/parceirosbr/bigoilict/share/BigOil/document_generator/datasets/documents_2021_12_28/pai_3cols_20211228_152956_8171594885_600_800.png,pai_3cols_20211228_152956_8171594885_600_800_mask.png,3.63
6,4,13,9,285,541,298,550,285,541,298,541,298,550,285,550,text,table_text,table_0,times,bold,8.0,pai_3cols_20211228_152956_8171594885_600_800.png,/scratch/parceirosbr/bigoilict/share/BigOil/document_generator/datasets/documents_2021_12_28/pai_3cols_20211228_152956_8171594885_600_800.png,pai_3cols_20211228_152956_8171594885_600_800_mask.png,5.77
6,4,13,9,285,541,298,550,285,541,298,541,298,550,285,550,sub_line_text,table_text,table_0,times,bold,8.0,pai_3cols_20211228_152956_8171594885_600_800.png,/scratch/parceirosbr/bigoilict/share/BigOil/document_generator/datasets/documents_2021_12_28/pai_3cols_20211228_152956_8171594885_600_800.png,pai_3cols_20211228_152956_8171594885_600_800_mask.png,5.77
6,4,13,9,353,554,366,563,353,554,366,554,366,563,353,563,text,table_text,table_0,times,italic,8.0,pai_3cols_20211228_152956_8171594885_600_800.png,/scratch/parceirosbr/bigoilict/share/BigOil/document_generator/datasets/documents_2021_12_28/pai_3cols_20211228_152956_8171594885_600_800.png,pai_3cols_20211228_152956_8171594885_600_800_mask.png,6.34
6,4,13,9,353,554,366,563,353,554,366,554,366,563,353,563,sub_line_text,table_text,table_0,times,italic,8.0,pai_3cols_20211228_152956_8171594885_600_800.png,/scratch/parceirosbr/bigoilict/share/BigOil/document_generator/datasets/documents_2021_12_28/pai_3cols_20211228_152956_8171594885_600_800.png,pai_3cols_20211228_152956_8171594885_600_800_mask.png,6.34
20,4,40,9,326,415,366,424,326,415,366,415,366,424,326,424,text,table_text,table_0,times,bold,8.0,pai_3cols_20211228_152956_8171594885_600_800.png,/scratch/parceirosbr/bigoilict/share/BigOil/document_generator/datasets/documents_2021_12_28/pai_3cols_20211228_152956_8171594885_600_800.png,pai_3cols_20211228_152956_8171594885_600_800_mask.png,437867.9390
20,4,40,9,326,415,366,424,326,415,366,415,366,424,326,424,sub_line_text,table_text,table_0,times,bold,8.0,pai_3cols_20211228_152956_8171594885_600_800.png,/scratch/parceirosbr/bigoilict/share/BigOil/document_generator/datasets/documents_2021_12_28/pai_3cols_20211228_152956_8171594885_600_800.png,pai_3cols_20211228_152956_8171594885_600_800_mask.png,437867.9390
20,4,40,9,326,428,366,437,326,428,366,428,366,437,326,437,text,table_text,table_0,times,bold,8.0,pai_3cols_20211228_152956_8171594885_600_800.png,/scratch/parceirosbr/bigoilict/share/BigOil/document_generator/datasets/documents_2021_12_28/pai_3cols_20211228_152956_8171594885_600_800.png,pai_3cols_20211228_152956_8171594885_600_800_mask.png,565229.2791
20,4,40,9,326,428,366,437,326,428,366,428,366,437,326,437,sub_line_text,table_text,table_0,times,bold,8.0,pai_3cols_20211228_152956_8171594885_600_800.png,/scratch/parceirosbr/bigoilict/share/BigOil/document_generator/datasets/documents_2021_12_28/pai_3cols_20211228_152956_8171594885_600_800.png,pai_3cols_20211228_152956_8171594885_600_800_mask.png,565229.2791
20,4,40,9,326,440,366,449,326,440,366,440,366,449,326,449,text,table_text,table_0,times,bold,8.0,pai_3cols_20211228_152956_8171594885_600_800.png,/scratch/parceirosbr/bigoilict/share/BigOil/document_generator/datasets/documents_2021_12_28/pai_3cols_20211228_152956_8171594885_600_800.png,pai_3cols_20211228_152956_8171594885_600_800_mask.png,836763.0478
20,4,40,9,326,440,366,449,326,440,366,440,366,449,326,449,sub_line_text,table_text,table_0,times,bold,8.0,pai_3cols_20211228_152956_8171594885_600_800.png,/scratch/parceirosbr/bigoilict/share/BigOil/document_generator/datasets/documents_2021_12_28/pai_3cols_20211228_152956_8171594885_600_800.png,pai_3cols_20211228_152956_8171594885_600_800_mask.png,836763.0478
20,4,40,9,326,453,366,462,326,453,366,453,366,462,326,462,text,table_text,table_0,times,bold,8.0,pai_3cols_20211228_152956_8171594885_600_800.png,/scratch/parceirosbr/bigoilict/share/BigOil/document_generator/datasets/documents_2021_12_28/pai_3cols_20211228_152956_8171594885_600_800.png,pai_3cols_20211228_152956_8171594885_600_800_mask.png,155075.6174
20,4,40,9,326,453,366,462,326,453,366,453,366,462,326,462,sub_line_text,table_text,table_0,times,bold,8.0,pai_3cols_20211228_152956_8171594885_600_800.png,/scratch/parceirosbr/bigoilict/share/BigOil/document_generator/datasets/documents_2021_12_28/pai_3cols_20211228_152956_8171594885_600_800.png,pai_3cols_20211228_152956_8171594885_600_800_mask.png,155075.6174
20,4,40,9,326,466,366,475,326,466,366,466,366,475,326,475,text,table_text,table_0,times,bold,8.0,pai_3cols_20211228_152956_8171594885_600_800.png,/scratch/parceirosbr/bigoilict/share/BigOil/document_generator/datasets/documents_2021_12_28/pai_3cols_20211228_152956_8171594885_600_800.png,pai_3cols_20211228_152956_8171594885_600_800_mask.png,638610.3862
20,4,40,9,326,466,366,475,326,466,366,466,366,475,326,475,sub_line_text,table_text,table_0,times,bold,8.0,pai_3cols_20211228_152956_8171594885_600_800.png,/scratch/parceirosbr/bigoilict/share/BigOil/document_generator/datasets/documents_2021_12_28/pai_3cols_20211228_152956_8171594885_600_800.png,pai_3cols_20211228_152956_8171594885_600_800_mask.png,638610.3862
20,4,40,9,326,478,366,487,326,478,366,478,366,487,326,487,text,table_text,table_0,times,bold,8.0,pai_3cols_20211228_152956_8171594885_600_800.png,/scratch/parceirosbr/bigoilict/share/BigOil/document_generator/datasets/documents_2021_12_28/pai_3cols_20211228_152956_8171594885_600_800.png,pai_3cols_20211228_152956_8171594885_600_800_mask.png,930788.5606
20,4,40,9,326,478,366,487,326,478,366,478,366,487,326,487,sub_line_text,table_text,table_0,times,bold,8.0,pai_3cols_20211228_152956_8171594885_600_800.png,/scratch/parceirosbr/bigoilict/share/BigOil/document_generator/datasets/documents_2021_12_28/pai_3cols_20211228_152956_8171594885_600_800.png,pai_3cols_20211228_152956_8171594885_600_800_mask.png,930788.5606
20,4,40,9,326,491,366,500,326,491,366,491,366,500,326,500,text,table_text,table_0,times,bold,8.0,pai_3cols_20211228_152956_8171594885_600_800.png,/scratch/parceirosbr/bigoilict/share/BigOil/document_generator/datasets/documents_2021_12_28/pai_3cols_20211228_152956_8171594885_600_800.png,pai_3cols_20211228_152956_8171594885_600_800_mask.png,287265.4660
20,4,40,9,326,491,366,500,326,491,366,491,366,500,326,500,sub_line_text,table_text,table_0,times,bold,8.0,pai_3cols_20211228_152956_8171594885_600_800.png,/scratch/parceirosbr/bigoilict/share/BigOil/document_generator/datasets/documents_2021_12_28/pai_3cols_20211228_152956_8171594885_600_800.png,pai_3cols_20211228_152956_8171594885_600_800_mask.png,287265.4660
20,4,40,9,326,503,366,512,326,503,366,503,366,512,326,512,text,table_text,table_0,times,bold,8.0,pai_3cols_20211228_152956_8171594885_600_800.png,/scratch/parceirosbr/bigoilict/share/BigOil/document_generator/datasets/documents_2021_12_28/pai_3cols_20211228_152956_8171594885_600_800.png,pai_3cols_20211228_152956_8171594885_600_800_mask.png,926653.1611
20,4,40,9,326,503,366,512,326,503,366,503,366,512,326,512,sub_line_text,table_text,table_0,times,bold,8.0,pai_3cols_20211228_152956_8171594885_600_800.png,/scratch/parceirosbr/bigoilict/share/BigOil/document_generator/datasets/documents_2021_12_28/pai_3cols_20211228_152956_8171594885_600_800.png,pai_3cols_20211228_152956_8171594885_600_800_mask.png,926653.1611
20,4,40,9,326,516,366,525,326,516,366,516,366,525,326,525,text,table_text,table_0,times,bold,8.0,pai_3cols_20211228_152956_8171594885_600_800.png,/scratch/parceirosbr/bigoilict/share/BigOil/document_generator/datasets/documents_2021_12_28/pai_3cols_20211228_152956_8171594885_600_800.png,pai_3cols_20211228_152956_8171594885_600_800_mask.png,473755.9144
20,4,40,9,326,516,366,525,326,516,366,516,366,525,326,525,sub_line_text,table_text,table_0,times,bold,8.0,pai_3cols_20211228_152956_8171594885_600_800.png,/scratch/parceirosbr/bigoilict/share/BigOil/document_generator/datasets/documents_2021_12_28/pai_3cols_20211228_152956_8171594885_600_800.png,pai_3cols_20211228_152956_8171594885_600_800_mask.png,473755.9144
20,4,40,9,326,529,366,538,326,529,366,529,366,538,326,538,text,table_text,table_0,times,bold,8.0,pai_3cols_20211228_152956_8171594885_600_800.png,/scratch/parceirosbr/bigoilict/share/BigOil/document_generator/datasets/documents_2021_12_28/pai_3cols_20211228_152956_8171594885_600_800.png,pai_3cols_20211228_152956_8171594885_600_800_mask.png,475147.6958
20,4,40,9,326,529,366,538,326,529,366,529,366,538,326,538,sub_line_text,table_text,table_0,times,bold,8.0,pai_3cols_20211228_152956_8171594885_600_800.png,/scratch/parceirosbr/bigoilict/share/BigOil/document_generator/datasets/documents_2021_12_28/pai_3cols_20211228_152956_8171594885_600_800.png,pai_3cols_20211228_152956_8171594885_600_800_mask.png,475147.6958
20,4,40,9,326,541,366,550,326,541,366,541,366,550,326,550,text,table_text,table_0,times,bold,8.0,pai_3cols_20211228_152956_8171594885_600_800.png,/scratch/parceirosbr/bigoilict/share/BigOil/document_generator/datasets/documents_2021_12_28/pai_3cols_20211228_152956_8171594885_600_800.png,pai_3cols_20211228_152956_8171594885_600_800_mask.png,654292.1727
20,4,40,9,326,541,366,550,326,541,366,541,366,550,326,550,sub_line_text,table_text,table_0,times,bold,8.0,pai_3cols_20211228_152956_8171594885_600_800.png,/scratch/parceirosbr/bigoilict/share/BigOil/document_generator/datasets/documents_2021_12_28/pai_3cols_20211228_152956_8171594885_600_800.png,pai_3cols_20211228_152956_8171594885_600_800_mask.png,654292.1727
64,5,128,10,242,575,370,585,242,575,370,575,370,585,242,585,sub_line_text,text,text_4,arial,regular,8,pai_3cols_20211228_152956_8171594885_600_800.png,/scratch/parceirosbr/bigoilict/share/BigOil/document_generator/datasets/documents_2021_12_28/pai_3cols_20211228_152956_8171594885_600_800.png,pai_3cols_20211228_152956_8171594885_600_800_mask.png,Programa    class=QGroupBox   clas-
71,5,142,10,228,590,370,600,228,590,370,590,370,600,228,600,sub_line_text,text,text_4,arial,regular,8,pai_3cols_20211228_152956_8171594885_600_800.png,/scratch/parceirosbr/bigoilict/share/BigOil/document_generator/datasets/documents_2021_12_28/pai_3cols_20211228_152956_8171594885_600_800.png,pai_3cols_20211228_152956_8171594885_600_800_mask.png,s=QVBoxLayout          class=QGridLayout
71,5,142,10,228,605,370,615,228,605,370,605,370,615,228,615,sub_line_text,text,text_4,arial,regular,8,pai_3cols_20211228_152956_8171594885_600_800.png,/scratch/parceirosbr/bigoilict/share/BigOil/document_generator/datasets/documents_2021_12_28/pai_3cols_20211228_152956_8171594885_600_800.png,pai_3cols_20211228_152956_8171594885_600_800_mask.png,row=0   column=0   rowspanwidget   clas-
70,5,141,10,228,620,369,630,228,620,369,620,369,630,228,630,sub_line_text,text,text_4,arial,regular,8,pai_3cols_20211228_152956_8171594885_600_800.png,/scratch/parceirosbr/bigoilict/share/BigOil/document_generator/datasets/documents_2021_12_28/pai_3cols_20211228_152956_8171594885_600_800.png,pai_3cols_20211228_152956_8171594885_600_800_mask.png,s=QPushButton         hsizetype=Minimum
71,5,142,10,228,635,370,645,228,635,370,635,370,645,228,645,sub_line_text,text,text_4,arial,regular,8,pai_3cols_20211228_152956_8171594885_600_800.png,/scratch/parceirosbr/bigoilict/share/BigOil/document_generator/datasets/documents_2021_12_28/pai_3cols_20211228_152956_8171594885_600_800.png,pai_3cols_20211228_152956_8171594885_600_800_mask.png,row=1    columnlayout    class=QHBoxLa-
70,5,141,10,228,650,369,660,228,650,369,650,369,660,228,660,sub_line_text,text,text_4,arial,regular,8,pai_3cols_20211228_152956_8171594885_600_800.png,/scratch/parceirosbr/bigoilict/share/BigOil/document_generator/datasets/documents_2021_12_28/pai_3cols_20211228_152956_8171594885_600_800.png,pai_3cols_20211228_152956_8171594885_600_800_mask.png,yout     class=QLabel    class=QComboB-
71,5,142,10,228,665,370,675,228,665,370,665,370,675,228,675,sub_line_text,text,text_4,arial,regular,8,pai_3cols_20211228_152956_8171594885_600_800.png,/scratch/parceirosbr/bigoilict/share/BigOil/document_generator/datasets/documents_2021_12_28/pai_3cols_20211228_152956_8171594885_600_800.png,pai_3cols_20211228_152956_8171594885_600_800_mask.png,ox     class=QLabel     class=QComboBox
21,5,43,10,228,680,271,690,228,680,271,680,271,690,228,690,sub_line_text,text,text_4,arial,regular,8,pai_3cols_20211228_152956_8171594885_600_800.png,/scratch/parceirosbr/bigoilict/share/BigOil/document_generator/datasets/documents_2021_12_28/pai_3cols_20211228_152956_8171594885_600_800.png,pai_3cols_20211228_152956_8171594885_600_800_mask.png,name=text>.
71,57,142,115,228,575,370,690,228,575,370,575,370,690,228,690,text,text,text_4,arial,regular,8,pai_3cols_20211228_152956_8171594885_600_800.png,/scratch/parceirosbr/bigoilict/share/BigOil/document_generator/datasets/documents_2021_12_28/pai_3cols_20211228_152956_8171594885_600_800.png,pai_3cols_20211228_152956_8171594885_600_800_mask.png,nan
55,5,111,10,242,696,353,706,242,696,353,696,353,706,242,706,sub_line_text,text,text_5,arial,regular,8,pai_3cols_20211228_152956_8171594885_600_800.png,/scratch/parceirosbr/bigoilict/share/BigOil/document_generator/datasets/documents_2021_12_28/pai_3cols_20211228_152956_8171594885_600_800.png,pai_3cols_20211228_152956_8171594885_600_800_mask.png,Toda estrutura zeolítica é comp-.
55,5,111,10,242,696,353,706,242,696,353,696,353,706,242,706,text,text,text_5,arial,regular,8,pai_3cols_20211228_152956_8171594885_600_800.png,/scratch/parceirosbr/bigoilict/share/BigOil/document_generator/datasets/documents_2021_12_28/pai_3cols_20211228_152956_8171594885_600_800.png,pai_3cols_20211228_152956_8171594885_600_800_mask.png,nan
47,7,94,15,426,87,520,102,426,87,520,87,520,102,426,102,sub_line_text,subtitle,subtitle_0,arial,bold,13,pai_3cols_20211228_152956_8171594885_600_800.png,/scratch/parceirosbr/bigoilict/share/BigOil/document_generator/datasets/documents_2021_12_28/pai_3cols_20211228_152956_8171594885_600_800.png,pai_3cols_20211228_152956_8171594885_600_800_mask.png,Também foram
64,7,129,15,409,109,538,124,409,109,538,109,538,124,409,124,sub_line_text,subtitle,subtitle_0,arial,bold,13,pai_3cols_20211228_152956_8171594885_600_800.png,/scratch/parceirosbr/bigoilict/share/BigOil/document_generator/datasets/documents_2021_12_28/pai_3cols_20211228_152956_8171594885_600_800.png,pai_3cols_20211228_152956_8171594885_600_800_mask.png,apresentados alguns
21,7,43,15,452,131,495,146,452,131,495,131,495,146,452,146,sub_line_text,subtitle,subtitle_0,arial,bold,13,pai_3cols_20211228_152956_8171594885_600_800.png,/scratch/parceirosbr/bigoilict/share/BigOil/document_generator/datasets/documents_2021_12_28/pai_3cols_20211228_152956_8171594885_600_800.png,pai_3cols_20211228_152956_8171594885_600_800_mask.png,órgãos
64,29,129,59,409,87,538,146,409,87,538,87,538,146,409,146,title,subtitle,subtitle_0,arial,bold,13,pai_3cols_20211228_152956_8171594885_600_800.png,/scratch/parceirosbr/bigoilict/share/BigOil/document_generator/datasets/documents_2021_12_28/pai_3cols_20211228_152956_8171594885_600_800.png,pai_3cols_20211228_152956_8171594885_600_800_mask.png,nan
63,4,127,8,416,154,543,162,416,154,543,154,543,162,416,162,sub_line_text,figure_legend,figure_2,arial,italic,7,pai_3cols_20211228_152956_8171594885_600_800.png,/scratch/parceirosbr/bigoilict/share/BigOil/document_generator/datasets/documents_2021_12_28/pai_3cols_20211228_152956_8171594885_600_800.png,pai_3cols_20211228_152956_8171594885_600_800_mask.png,Figura  82:    Application  of  surfactan-
56,4,112,8,416,166,528,174,416,166,528,166,528,174,416,174,sub_line_text,figure_legend,figure_2,arial,italic,7,pai_3cols_20211228_152956_8171594885_600_800.png,/scratch/parceirosbr/bigoilict/share/BigOil/document_generator/datasets/documents_2021_12_28/pai_3cols_20211228_152956_8171594885_600_800.png,pai_3cols_20211228_152956_8171594885_600_800_mask.png,ts and microemulsions to the extra
63,10,127,20,416,154,543,174,416,154,543,154,543,174,416,174,text,figure_legend,figure_2,arial,italic,7,pai_3cols_20211228_152956_8171594885_600_800.png,/scratch/parceirosbr/bigoilict/share/BigOil/document_generator/datasets/documents_2021_12_28/pai_3cols_20211228_152956_8171594885_600_800.png,pai_3cols_20211228_152956_8171594885_600_800_mask.png,nan
72,43,145,86,401,179,546,265,401,179,546,179,546,265,401,265,image,figure_image,figure_2,,,,pai_3cols_20211228_152956_8171594885_600_800.png,/scratch/parceirosbr/bigoilict/share/BigOil/document_generator/datasets/documents_2021_12_28/pai_3cols_20211228_152956_8171594885_600_800.png,pai_3cols_20211228_152956_8171594885_600_800_mask.png,output/gen_img_20211228_153001_9688372360.png
0,-4,0,-9,474,235,474,226,474,225,477,235,474,236,471,226,text,figure_text,figure_2,,,,pai_3cols_20211228_152956_8171594885_600_800.png,/scratch/parceirosbr/bigoilict/share/BigOil/document_generator/datasets/documents_2021_12_28/pai_3cols_20211228_152956_8171594885_600_800.png,pai_3cols_20211228_152956_8171594885_600_800_mask.png,-1725
0,-4,0,-9,474,235,474,226,474,225,477,235,474,236,471,226,sub_line_text,figure_text,figure_2,,,,pai_3cols_20211228_152956_8171594885_600_800.png,/scratch/parceirosbr/bigoilict/share/BigOil/document_generator/datasets/documents_2021_12_28/pai_3cols_20211228_152956_8171594885_600_800.png,pai_3cols_20211228_152956_8171594885_600_800_mask.png,-1725
3,-1,7,-3,478,199,485,196,478,194,486,199,485,201,476,196,text,figure_text,figure_2,,,,pai_3cols_20211228_152956_8171594885_600_800.png,/scratch/parceirosbr/bigoilict/share/BigOil/document_generator/datasets/documents_2021_12_28/pai_3cols_20211228_152956_8171594885_600_800.png,pai_3cols_20211228_152956_8171594885_600_800_mask.png,-3718
3,-1,7,-3,478,199,485,196,478,194,486,199,485,201,476,196,sub_line_text,figure_text,figure_2,,,,pai_3cols_20211228_152956_8171594885_600_800.png,/scratch/parceirosbr/bigoilict/share/BigOil/document_generator/datasets/documents_2021_12_28/pai_3cols_20211228_152956_8171594885_600_800.png,pai_3cols_20211228_152956_8171594885_600_800_mask.png,-3718
0,-7,1,-14,458,247,459,233,458,232,462,247,459,248,455,233,text,figure_text,figure_2,,,,pai_3cols_20211228_152956_8171594885_600_800.png,/scratch/parceirosbr/bigoilict/share/BigOil/document_generator/datasets/documents_2021_12_28/pai_3cols_20211228_152956_8171594885_600_800.png,pai_3cols_20211228_152956_8171594885_600_800_mask.png,Particle
0,-7,1,-14,458,247,459,233,458,232,462,247,459,248,455,233,sub_line_text,figure_text,figure_2,,,,pai_3cols_20211228_152956_8171594885_600_800.png,/scratch/parceirosbr/bigoilict/share/BigOil/document_generator/datasets/documents_2021_12_28/pai_3cols_20211228_152956_8171594885_600_800.png,pai_3cols_20211228_152956_8171594885_600_800_mask.png,Particle
1,-2,3,-5,463,199,466,194,463,193,468,199,466,200,461,194,text,figure_text,figure_2,,,,pai_3cols_20211228_152956_8171594885_600_800.png,/scratch/parceirosbr/bigoilict/share/BigOil/document_generator/datasets/documents_2021_12_28/pai_3cols_20211228_152956_8171594885_600_800.png,pai_3cols_20211228_152956_8171594885_600_800_mask.png,-336
1,-2,3,-5,463,199,466,194,463,193,468,199,466,200,461,194,sub_line_text,figure_text,figure_2,,,,pai_3cols_20211228_152956_8171594885_600_800.png,/scratch/parceirosbr/bigoilict/share/BigOil/document_generator/datasets/documents_2021_12_28/pai_3cols_20211228_152956_8171594885_600_800.png,pai_3cols_20211228_152956_8171594885_600_800_mask.png,-336
7,-5,15,-11,516,202,531,191,516,188,533,202,531,205,513,191,text,figure_text,figure_2,,,,pai_3cols_20211228_152956_8171594885_600_800.png,/scratch/parceirosbr/bigoilict/share/BigOil/document_generator/datasets/documents_2021_12_28/pai_3cols_20211228_152956_8171594885_600_800.png,pai_3cols_20211228_152956_8171594885_600_800_mask.png,Demand [KB]
7,-5,15,-11,516,202,531,191,516,188,533,202,531,205,513,191,sub_line_text,figure_text,figure_2,,,,pai_3cols_20211228_152956_8171594885_600_800.png,/scratch/parceirosbr/bigoilict/share/BigOil/document_generator/datasets/documents_2021_12_28/pai_3cols_20211228_152956_8171594885_600_800.png,pai_3cols_20211228_152956_8171594885_600_800_mask.png,Demand [KB]
4,-2,8,-4,422,188,430,184,422,181,432,188,430,190,420,184,text,figure_text,figure_2,,,,pai_3cols_20211228_152956_8171594885_600_800.png,/scratch/parceirosbr/bigoilict/share/BigOil/document_generator/datasets/documents_2021_12_28/pai_3cols_20211228_152956_8171594885_600_800.png,pai_3cols_20211228_152956_8171594885_600_800_mask.png,-7923%
4,-2,8,-4,422,188,430,184,422,181,432,188,430,190,420,184,sub_line_text,figure_text,figure_2,,,,pai_3cols_20211228_152956_8171594885_600_800.png,/scratch/parceirosbr/bigoilict/share/BigOil/document_generator/datasets/documents_2021_12_28/pai_3cols_20211228_152956_8171594885_600_800.png,pai_3cols_20211228_152956_8171594885_600_800_mask.png,-7923%
3,-6,6,-12,408,204,414,192,408,191,416,204,414,206,406,192,text,figure_text,figure_2,,,,pai_3cols_20211228_152956_8171594885_600_800.png,/scratch/parceirosbr/bigoilict/share/BigOil/document_generator/datasets/documents_2021_12_28/pai_3cols_20211228_152956_8171594885_600_800.png,pai_3cols_20211228_152956_8171594885_600_800_mask.png,-5327.0%
3,-6,6,-12,408,204,414,192,408,191,416,204,414,206,406,192,sub_line_text,figure_text,figure_2,,,,pai_3cols_20211228_152956_8171594885_600_800.png,/scratch/parceirosbr/bigoilict/share/BigOil/document_generator/datasets/documents_2021_12_28/pai_3cols_20211228_152956_8171594885_600_800.png,pai_3cols_20211228_152956_8171594885_600_800_mask.png,-5327.0%
3,-9,7,-18,533,258,540,240,533,239,543,258,540,259,530,240,text,figure_text,figure_2,,,,pai_3cols_20211228_152956_8171594885_600_800.png,/scratch/parceirosbr/bigoilict/share/BigOil/document_generator/datasets/documents_2021_12_28/pai_3cols_20211228_152956_8171594885_600_800.png,pai_3cols_20211228_152956_8171594885_600_800_mask.png,Centimeters
3,-9,7,-18,533,258,540,240,533,239,543,258,540,259,530,240,sub_line_text,figure_text,figure_2,,,,pai_3cols_20211228_152956_8171594885_600_800.png,/scratch/parceirosbr/bigoilict/share/BigOil/document_generator/datasets/documents_2021_12_28/pai_3cols_20211228_152956_8171594885_600_800.png,pai_3cols_20211228_152956_8171594885_600_800_mask.png,Centimeters
3,-10,6,-20,485,243,491,223,485,221,494,243,491,244,481,223,text,figure_text,figure_2,,,,pai_3cols_20211228_152956_8171594885_600_800.png,/scratch/parceirosbr/bigoilict/share/BigOil/document_generator/datasets/documents_2021_12_28/pai_3cols_20211228_152956_8171594885_600_800.png,pai_3cols_20211228_152956_8171594885_600_800_mask.png,Vaporization
3,-10,6,-20,485,243,491,223,485,221,494,243,491,244,481,223,sub_line_text,figure_text,figure_2,,,,pai_3cols_20211228_152956_8171594885_600_800.png,/scratch/parceirosbr/bigoilict/share/BigOil/document_generator/datasets/documents_2021_12_28/pai_3cols_20211228_152956_8171594885_600_800.png,pai_3cols_20211228_152956_8171594885_600_800_mask.png,Vaporization
1,-5,2,-10,422,248,424,238,422,237,426,248,424,249,420,238,text,figure_text,figure_2,,,,pai_3cols_20211228_152956_8171594885_600_800.png,/scratch/parceirosbr/bigoilict/share/BigOil/document_generator/datasets/documents_2021_12_28/pai_3cols_20211228_152956_8171594885_600_800.png,pai_3cols_20211228_152956_8171594885_600_800_mask.png,Videos
1,-5,2,-10,422,248,424,238,422,237,426,248,424,249,420,238,sub_line_text,figure_text,figure_2,,,,pai_3cols_20211228_152956_8171594885_600_800.png,/scratch/parceirosbr/bigoilict/share/BigOil/document_generator/datasets/documents_2021_12_28/pai_3cols_20211228_152956_8171594885_600_800.png,pai_3cols_20211228_152956_8171594885_600_800_mask.png,Videos
1,-7,3,-15,452,198,455,183,452,182,458,198,455,199,449,183,text,figure_text,figure_2,,,,pai_3cols_20211228_152956_8171594885_600_800.png,/scratch/parceirosbr/bigoilict/share/BigOil/document_generator/datasets/documents_2021_12_28/pai_3cols_20211228_152956_8171594885_600_800.png,pai_3cols_20211228_152956_8171594885_600_800_mask.png,-8629.398
1,-7,3,-15,452,198,455,183,452,182,458,198,455,199,449,183,sub_line_text,figure_text,figure_2,,,,pai_3cols_20211228_152956_8171594885_600_800.png,/scratch/parceirosbr/bigoilict/share/BigOil/document_generator/datasets/documents_2021_12_28/pai_3cols_20211228_152956_8171594885_600_800.png,pai_3cols_20211228_152956_8171594885_600_800_mask.png,-8629.398
1,-2,3,-4,498,195,501,191,498,190,503,195,501,197,495,191,text,figure_text,figure_2,,,,pai_3cols_20211228_152956_8171594885_600_800.png,/scratch/parceirosbr/bigoilict/share/BigOil/document_generator/datasets/documents_2021_12_28/pai_3cols_20211228_152956_8171594885_600_800.png,pai_3cols_20211228_152956_8171594885_600_800_mask.png,Rate
1,-2,3,-4,498,195,501,191,498,190,503,195,501,197,495,191,sub_line_text,figure_text,figure_2,,,,pai_3cols_20211228_152956_8171594885_600_800.png,/scratch/parceirosbr/bigoilict/share/BigOil/document_generator/datasets/documents_2021_12_28/pai_3cols_20211228_152956_8171594885_600_800.png,pai_3cols_20211228_152956_8171594885_600_800_mask.png,Rate
1,-5,3,-11,532,225,535,214,532,213,538,225,535,226,530,214,text,figure_text,figure_2,,,,pai_3cols_20211228_152956_8171594885_600_800.png,/scratch/parceirosbr/bigoilict/share/BigOil/document_generator/datasets/documents_2021_12_28/pai_3cols_20211228_152956_8171594885_600_800.png,pai_3cols_20211228_152956_8171594885_600_800_mask.png,-5442.9
1,-5,3,-11,532,225,535,214,532,213,538,225,535,226,530,214,sub_line_text,figure_text,figure_2,,,,pai_3cols_20211228_152956_8171594885_600_800.png,/scratch/parceirosbr/bigoilict/share/BigOil/document_generator/datasets/documents_2021_12_28/pai_3cols_20211228_152956_8171594885_600_800.png,pai_3cols_20211228_152956_8171594885_600_800_mask.png,-5442.9
0,-6,1,-12,444,210,445,198,444,197,448,210,445,211,441,198,text,figure_text,figure_2,,,,pai_3cols_20211228_152956_8171594885_600_800.png,/scratch/parceirosbr/bigoilict/share/BigOil/document_generator/datasets/documents_2021_12_28/pai_3cols_20211228_152956_8171594885_600_800.png,pai_3cols_20211228_152956_8171594885_600_800_mask.png,Advance
0,-6,1,-12,444,210,445,198,444,197,448,210,445,211,441,198,sub_line_text,figure_text,figure_2,,,,pai_3cols_20211228_152956_8171594885_600_800.png,/scratch/parceirosbr/bigoilict/share/BigOil/document_generator/datasets/documents_2021_12_28/pai_3cols_20211228_152956_8171594885_600_800.png,pai_3cols_20211228_152956_8171594885_600_800_mask.png,Advance
4,-4,8,-9,496,214,504,205,496,203,506,214,504,216,493,205,text,figure_text,figure_2,,,,pai_3cols_20211228_152956_8171594885_600_800.png,/scratch/parceirosbr/bigoilict/share/BigOil/document_generator/datasets/documents_2021_12_28/pai_3cols_20211228_152956_8171594885_600_800.png,pai_3cols_20211228_152956_8171594885_600_800_mask.png,-7970.8%
4,-4,8,-9,496,214,504,205,496,203,506,214,504,216,493,205,sub_line_text,figure_text,figure_2,,,,pai_3cols_20211228_152956_8171594885_600_800.png,/scratch/parceirosbr/bigoilict/share/BigOil/document_generator/datasets/documents_2021_12_28/pai_3cols_20211228_152956_8171594885_600_800.png,pai_3cols_20211228_152956_8171594885_600_800_mask.png,-7970.8%
3,-8,7,-16,404,255,411,239,404,237,414,255,411,256,401,239,text,figure_text,figure_2,,,,pai_3cols_20211228_152956_8171594885_600_800.png,/scratch/parceirosbr/bigoilict/share/BigOil/document_generator/datasets/documents_2021_12_28/pai_3cols_20211228_152956_8171594885_600_800.png,pai_3cols_20211228_152956_8171594885_600_800_mask.png,Water [ML]
3,-8,7,-16,404,255,411,239,404,237,414,255,411,256,401,239,sub_line_text,figure_text,figure_2,,,,pai_3cols_20211228_152956_8171594885_600_800.png,/scratch/parceirosbr/bigoilict/share/BigOil/document_generator/datasets/documents_2021_12_28/pai_3cols_20211228_152956_8171594885_600_800.png,pai_3cols_20211228_152956_8171594885_600_800_mask.png,Water [ML]
2,-3,4,-6,472,212,476,206,472,205,478,212,476,214,470,206,text,figure_text,figure_2,,,,pai_3cols_20211228_152956_8171594885_600_800.png,/scratch/parceirosbr/bigoilict/share/BigOil/document_generator/datasets/documents_2021_12_28/pai_3cols_20211228_152956_8171594885_600_800.png,pai_3cols_20211228_152956_8171594885_600_800_mask.png,-46.7
2,-3,4,-6,472,212,476,206,472,205,478,212,476,214,470,206,sub_line_text,figure_text,figure_2,,,,pai_3cols_20211228_152956_8171594885_600_800.png,/scratch/parceirosbr/bigoilict/share/BigOil/document_generator/datasets/documents_2021_12_28/pai_3cols_20211228_152956_8171594885_600_800.png,pai_3cols_20211228_152956_8171594885_600_800_mask.png,-46.7
2,-3,5,-6,444,253,449,247,444,245,451,253,449,255,442,247,text,figure_text,figure_2,,,,pai_3cols_20211228_152956_8171594885_600_800.png,/scratch/parceirosbr/bigoilict/share/BigOil/document_generator/datasets/documents_2021_12_28/pai_3cols_20211228_152956_8171594885_600_800.png,pai_3cols_20211228_152956_8171594885_600_800_mask.png,-5206
2,-3,5,-6,444,253,449,247,444,245,451,253,449,255,442,247,sub_line_text,figure_text,figure_2,,,,pai_3cols_20211228_152956_8171594885_600_800.png,/scratch/parceirosbr/bigoilict/share/BigOil/document_generator/datasets/documents_2021_12_28/pai_3cols_20211228_152956_8171594885_600_800.png,pai_3cols_20211228_152956_8171594885_600_800_mask.png,-5206
5,-8,10,-16,506,259,516,243,506,241,519,259,516,261,503,243,text,figure_text,figure_2,,,,pai_3cols_20211228_152956_8171594885_600_800.png,/scratch/parceirosbr/bigoilict/share/BigOil/document_generator/datasets/documents_2021_12_28/pai_3cols_20211228_152956_8171594885_600_800.png,pai_3cols_20211228_152956_8171594885_600_800_mask.png,Female (km)
5,-8,10,-16,506,259,516,243,506,241,519,259,516,261,503,243,sub_line_text,figure_text,figure_2,,,,pai_3cols_20211228_152956_8171594885_600_800.png,/scratch/parceirosbr/bigoilict/share/BigOil/document_generator/datasets/documents_2021_12_28/pai_3cols_20211228_152956_8171594885_600_800.png,pai_3cols_20211228_152956_8171594885_600_800_mask.png,Female (km)
3,-4,6,-9,483,215,489,206,483,205,491,215,489,217,480,206,text,figure_text,figure_2,,,,pai_3cols_20211228_152956_8171594885_600_800.png,/scratch/parceirosbr/bigoilict/share/BigOil/document_generator/datasets/documents_2021_12_28/pai_3cols_20211228_152956_8171594885_600_800.png,pai_3cols_20211228_152956_8171594885_600_800_mask.png,-7724.9
3,-4,6,-9,483,215,489,206,483,205,491,215,489,217,480,206,sub_line_text,figure_text,figure_2,,,,pai_3cols_20211228_152956_8171594885_600_800.png,/scratch/parceirosbr/bigoilict/share/BigOil/document_generator/datasets/documents_2021_12_28/pai_3cols_20211228_152956_8171594885_600_800.png,pai_3cols_20211228_152956_8171594885_600_800_mask.png,-7724.9
3,-7,6,-14,407,226,413,212,407,210,416,226,413,227,404,212,text,figure_text,figure_2,,,,pai_3cols_20211228_152956_8171594885_600_800.png,/scratch/parceirosbr/bigoilict/share/BigOil/document_generator/datasets/documents_2021_12_28/pai_3cols_20211228_152956_8171594885_600_800.png,pai_3cols_20211228_152956_8171594885_600_800_mask.png,-9271.96%
3,-7,6,-14,407,226,413,212,407,210,416,226,413,227,404,212,sub_line_text,figure_text,figure_2,,,,pai_3cols_20211228_152956_8171594885_600_800.png,/scratch/parceirosbr/bigoilict/share/BigOil/document_generator/datasets/documents_2021_12_28/pai_3cols_20211228_152956_8171594885_600_800.png,pai_3cols_20211228_152956_8171594885_600_800_mask.png,-9271.96%
0,-7,1,-15,523,230,524,215,523,214,527,230,524,231,520,215,text,figure_text,figure_2,,,,pai_3cols_20211228_152956_8171594885_600_800.png,/scratch/parceirosbr/bigoilict/share/BigOil/document_generator/datasets/documents_2021_12_28/pai_3cols_20211228_152956_8171594885_600_800.png,pai_3cols_20211228_152956_8171594885_600_800_mask.png,-8383.79
0,-7,1,-15,523,230,524,215,523,214,527,230,524,231,520,215,sub_line_text,figure_text,figure_2,,,,pai_3cols_20211228_152956_8171594885_600_800.png,/scratch/parceirosbr/bigoilict/share/BigOil/document_generator/datasets/documents_2021_12_28/pai_3cols_20211228_152956_8171594885_600_800.png,pai_3cols_20211228_152956_8171594885_600_800_mask.png,-8383.79
0,-8,1,-17,449,234,450,217,449,216,453,234,450,235,445,217,text,figure_text,figure_2,,,,pai_3cols_20211228_152956_8171594885_600_800.png,/scratch/parceirosbr/bigoilict/share/BigOil/document_generator/datasets/documents_2021_12_28/pai_3cols_20211228_152956_8171594885_600_800.png,pai_3cols_20211228_152956_8171594885_600_800_mask.png,Data (TB)
0,-8,1,-17,449,234,450,217,449,216,453,234,450,235,445,217,sub_line_text,figure_text,figure_2,,,,pai_3cols_20211228_152956_8171594885_600_800.png,/scratch/parceirosbr/bigoilict/share/BigOil/document_generator/datasets/documents_2021_12_28/pai_3cols_20211228_152956_8171594885_600_800.png,pai_3cols_20211228_152956_8171594885_600_800_mask.png,Data (TB)
6,-5,12,-11,425,227,437,216,425,214,439,227,437,229,423,216,text,figure_text,figure_2,,,,pai_3cols_20211228_152956_8171594885_600_800.png,/scratch/parceirosbr/bigoilict/share/BigOil/document_generator/datasets/documents_2021_12_28/pai_3cols_20211228_152956_8171594885_600_800.png,pai_3cols_20211228_152956_8171594885_600_800_mask.png,Simulation
6,-5,12,-11,425,227,437,216,425,214,439,227,437,229,423,216,sub_line_text,figure_text,figure_2,,,,pai_3cols_20211228_152956_8171594885_600_800.png,/scratch/parceirosbr/bigoilict/share/BigOil/document_generator/datasets/documents_2021_12_28/pai_3cols_20211228_152956_8171594885_600_800.png,pai_3cols_20211228_152956_8171594885_600_800_mask.png,Simulation
1,-3,2,-7,446,243,448,236,446,235,451,243,448,245,443,236,text,figure_text,figure_2,,,,pai_3cols_20211228_152956_8171594885_600_800.png,/scratch/parceirosbr/bigoilict/share/BigOil/document_generator/datasets/documents_2021_12_28/pai_3cols_20211228_152956_8171594885_600_800.png,pai_3cols_20211228_152956_8171594885_600_800_mask.png,-8687
1,-3,2,-7,446,243,448,236,446,235,451,243,448,245,443,236,sub_line_text,figure_text,figure_2,,,,pai_3cols_20211228_152956_8171594885_600_800.png,/scratch/parceirosbr/bigoilict/share/BigOil/document_generator/datasets/documents_2021_12_28/pai_3cols_20211228_152956_8171594885_600_800.png,pai_3cols_20211228_152956_8171594885_600_800_mask.png,-8687
63,4,126,8,416,271,542,279,416,271,542,271,542,279,416,279,sub_line_text,figure_legend,figure_3,arial,italic,7,pai_3cols_20211228_152956_8171594885_600_800.png,/scratch/parceirosbr/bigoilict/share/BigOil/document_generator/datasets/documents_2021_12_28/pai_3cols_20211228_152956_8171594885_600_800.png,pai_3cols_20211228_152956_8171594885_600_800_mask.png,"Figura   120:    Na  cultura  do  arroz,  a"
63,4,126,8,416,283,542,291,416,283,542,283,542,291,416,291,sub_line_text,figure_legend,figure_3,arial,italic,7,pai_3cols_20211228_152956_8171594885_600_800.png,/scratch/parceirosbr/bigoilict/share/BigOil/document_generator/datasets/documents_2021_12_28/pai_3cols_20211228_152956_8171594885_600_800.png,pai_3cols_20211228_152956_8171594885_600_800_mask.png,produção   de   resíduos  está  relacio-
63,4,126,8,416,295,542,303,416,295,542,295,542,303,416,303,sub_line_text,figure_legend,figure_3,arial,italic,7,pai_3cols_20211228_152956_8171594885_600_800.png,/scratch/parceirosbr/bigoilict/share/BigOil/document_generator/datasets/documents_2021_12_28/pai_3cols_20211228_152956_8171594885_600_800.png,pai_3cols_20211228_152956_8171594885_600_800_mask.png,"nada  à  casca,  a  qual  corresponde a"
63,4,126,8,416,307,542,315,416,307,542,307,542,315,416,315,sub_line_text,figure_legend,figure_3,arial,italic,7,pai_3cols_20211228_152956_8171594885_600_800.png,/scratch/parceirosbr/bigoilict/share/BigOil/document_generator/datasets/documents_2021_12_28/pai_3cols_20211228_152956_8171594885_600_800.png,pai_3cols_20211228_152956_8171594885_600_800_mask.png,aproximadamente   22%   do   peso  do
57,4,115,8,416,319,531,327,416,319,531,319,531,327,416,327,sub_line_text,figure_legend,figure_3,arial,italic,7,pai_3cols_20211228_152956_8171594885_600_800.png,/scratch/parceirosbr/bigoilict/share/BigOil/document_generator/datasets/documents_2021_12_28/pai_3cols_20211228_152956_8171594885_600_800.png,pai_3cols_20211228_152956_8171594885_600_800_mask.png,"grão de arroz bruto 2010).  Assim, o"
63,28,126,56,416,271,542,327,416,271,542,271,542,327,416,327,text,figure_legend,figure_3,arial,italic,7,pai_3cols_20211228_152956_8171594885_600_800.png,/scratch/parceirosbr/bigoilict/share/BigOil/document_generator/datasets/documents_2021_12_28/pai_3cols_20211228_152956_8171594885_600_800.png,pai_3cols_20211228_152956_8171594885_600_800_mask.png,nan
72,48,145,96,401,332,546,428,401,332,546,332,546,428,401,428,image,figure_image,figure_3,,,,pai_3cols_20211228_152956_8171594885_600_800.png,/scratch/parceirosbr/bigoilict/share/BigOil/document_generator/datasets/documents_2021_12_28/pai_3cols_20211228_152956_8171594885_600_800.png,pai_3cols_20211228_152956_8171594885_600_800_mask.png,output/gen_img_20211228_153002_1519821963.png
9,1,19,3,433,386,452,389,433,384,453,386,452,391,432,389,text,figure_text,figure_3,,,,pai_3cols_20211228_152956_8171594885_600_800.png,/scratch/parceirosbr/bigoilict/share/BigOil/document_generator/datasets/documents_2021_12_28/pai_3cols_20211228_152956_8171594885_600_800.png,pai_3cols_20211228_152956_8171594885_600_800_mask.png,Energy [kw]
9,1,19,3,433,386,452,389,433,384,453,386,452,391,432,389,sub_line_text,figure_text,figure_3,,,,pai_3cols_20211228_152956_8171594885_600_800.png,/scratch/parceirosbr/bigoilict/share/BigOil/document_generator/datasets/documents_2021_12_28/pai_3cols_20211228_152956_8171594885_600_800.png,pai_3cols_20211228_152956_8171594885_600_800_mask.png,Energy [kw]
9,1,18,2,488,373,506,375,488,371,506,373,506,377,487,375,text,figure_text,figure_3,,,,pai_3cols_20211228_152956_8171594885_600_800.png,/scratch/parceirosbr/bigoilict/share/BigOil/document_generator/datasets/documents_2021_12_28/pai_3cols_20211228_152956_8171594885_600_800.png,pai_3cols_20211228_152956_8171594885_600_800_mask.png,-5613.38%
9,1,18,2,488,373,506,375,488,371,506,373,506,377,487,375,sub_line_text,figure_text,figure_3,,,,pai_3cols_20211228_152956_8171594885_600_800.png,/scratch/parceirosbr/bigoilict/share/BigOil/document_generator/datasets/documents_2021_12_28/pai_3cols_20211228_152956_8171594885_600_800.png,pai_3cols_20211228_152956_8171594885_600_800_mask.png,-5613.38%
5,1,11,2,418,411,429,413,418,409,429,411,429,415,417,413,text,figure_text,figure_3,,,,pai_3cols_20211228_152956_8171594885_600_800.png,/scratch/parceirosbr/bigoilict/share/BigOil/document_generator/datasets/documents_2021_12_28/pai_3cols_20211228_152956_8171594885_600_800.png,pai_3cols_20211228_152956_8171594885_600_800_mask.png,-982.0
5,1,11,2,418,411,429,413,418,409,429,411,429,415,417,413,sub_line_text,figure_text,figure_3,,,,pai_3cols_20211228_152956_8171594885_600_800.png,/scratch/parceirosbr/bigoilict/share/BigOil/document_generator/datasets/documents_2021_12_28/pai_3cols_20211228_152956_8171594885_600_800.png,pai_3cols_20211228_152956_8171594885_600_800_mask.png,-982.0
5,2,10,5,405,416,415,421,405,417,414,416,415,420,406,421,text,figure_text,figure_3,,,,pai_3cols_20211228_152956_8171594885_600_800.png,/scratch/parceirosbr/bigoilict/share/BigOil/document_generator/datasets/documents_2021_12_28/pai_3cols_20211228_152956_8171594885_600_800.png,pai_3cols_20211228_152956_8171594885_600_800_mask.png,Time
5,2,10,5,405,416,415,421,405,417,414,416,415,420,406,421,sub_line_text,figure_text,figure_3,,,,pai_3cols_20211228_152956_8171594885_600_800.png,/scratch/parceirosbr/bigoilict/share/BigOil/document_generator/datasets/documents_2021_12_28/pai_3cols_20211228_152956_8171594885_600_800.png,pai_3cols_20211228_152956_8171594885_600_800_mask.png,Time
11,0,22,0,465,357,487,357,465,353,488,357,487,362,464,357,text,figure_text,figure_3,,,,pai_3cols_20211228_152956_8171594885_600_800.png,/scratch/parceirosbr/bigoilict/share/BigOil/document_generator/datasets/documents_2021_12_28/pai_3cols_20211228_152956_8171594885_600_800.png,pai_3cols_20211228_152956_8171594885_600_800_mask.png,Volume (MB)
11,0,22,0,465,357,487,357,465,353,488,357,487,362,464,357,sub_line_text,figure_text,figure_3,,,,pai_3cols_20211228_152956_8171594885_600_800.png,/scratch/parceirosbr/bigoilict/share/BigOil/document_generator/datasets/documents_2021_12_28/pai_3cols_20211228_152956_8171594885_600_800.png,pai_3cols_20211228_152956_8171594885_600_800_mask.png,Volume (MB)
5,2,11,4,426,418,437,422,426,419,436,418,437,422,426,422,text,figure_text,figure_3,,,,pai_3cols_20211228_152956_8171594885_600_800.png,/scratch/parceirosbr/bigoilict/share/BigOil/document_generator/datasets/documents_2021_12_28/pai_3cols_20211228_152956_8171594885_600_800.png,pai_3cols_20211228_152956_8171594885_600_800_mask.png,-236%
5,2,11,4,426,418,437,422,426,419,436,418,437,422,426,422,sub_line_text,figure_text,figure_3,,,,pai_3cols_20211228_152956_8171594885_600_800.png,/scratch/parceirosbr/bigoilict/share/BigOil/document_generator/datasets/documents_2021_12_28/pai_3cols_20211228_152956_8171594885_600_800.png,pai_3cols_20211228_152956_8171594885_600_800_mask.png,-236%
7,3,14,6,516,374,530,380,516,376,529,374,530,378,517,380,text,figure_text,figure_3,,,,pai_3cols_20211228_152956_8171594885_600_800.png,/scratch/parceirosbr/bigoilict/share/BigOil/document_generator/datasets/documents_2021_12_28/pai_3cols_20211228_152956_8171594885_600_800.png,pai_3cols_20211228_152956_8171594885_600_800_mask.png,220.3%
7,3,14,6,516,374,530,380,516,376,529,374,530,378,517,380,sub_line_text,figure_text,figure_3,,,,pai_3cols_20211228_152956_8171594885_600_800.png,/scratch/parceirosbr/bigoilict/share/BigOil/document_generator/datasets/documents_2021_12_28/pai_3cols_20211228_152956_8171594885_600_800.png,pai_3cols_20211228_152956_8171594885_600_800_mask.png,220.3%
61,4,122,8,416,434,538,442,416,434,538,434,538,442,416,442,sub_line_text,table_legend,table_0,arial,italic,7,pai_3cols_20211228_152956_8171594885_600_800.png,/scratch/parceirosbr/bigoilict/share/BigOil/document_generator/datasets/documents_2021_12_28/pai_3cols_20211228_152956_8171594885_600_800.png,pai_3cols_20211228_152956_8171594885_600_800_mask.png,"Tab.  125:    Neste  sentido, é aprese-"
61,4,123,8,416,446,539,454,416,446,539,446,539,454,416,454,sub_line_text,table_legend,table_0,arial,italic,7,pai_3cols_20211228_152956_8171594885_600_800.png,/scratch/parceirosbr/bigoilict/share/BigOil/document_generator/datasets/documents_2021_12_28/pai_3cols_20211228_152956_8171594885_600_800.png,pai_3cols_20211228_152956_8171594885_600_800_mask.png,ntada   e   discutida  a  atual  estrutur-
61,4,123,8,416,458,539,466,416,458,539,458,539,466,416,466,sub_line_text,table_legend,table_0,arial,italic,7,pai_3cols_20211228_152956_8171594885_600_800.png,/scratch/parceirosbr/bigoilict/share/BigOil/document_generator/datasets/documents_2021_12_28/pai_3cols_20211228_152956_8171594885_600_800.png,pai_3cols_20211228_152956_8171594885_600_800_mask.png,ação  da  indústria  gasífera  naciona-
61,4,122,8,416,470,538,478,416,470,538,470,538,478,416,478,sub_line_text,table_legend,table_0,arial,italic,7,pai_3cols_20211228_152956_8171594885_600_800.png,/scratch/parceirosbr/bigoilict/share/BigOil/document_generator/datasets/documents_2021_12_28/pai_3cols_20211228_152956_8171594885_600_800.png,pai_3cols_20211228_152956_8171594885_600_800_mask.png,l.    Na  coluna a qual contém geralm-
40,4,80,8,416,482,496,490,416,482,496,482,496,490,416,490,sub_line_text,table_legend,table_0,arial,italic,7,pai_3cols_20211228_152956_8171594885_600_800.png,/scratch/parceirosbr/bigoilict/share/BigOil/document_generator/datasets/documents_2021_12_28/pai_3cols_20211228_152956_8171594885_600_800.png,pai_3cols_20211228_152956_8171594885_600_800_mask.png,"ente 6 pratos, é utilizada"
61,28,123,56,416,434,539,490,416,434,539,434,539,490,416,490,text,table_legend,table_0,arial,italic,7,pai_3cols_20211228_152956_8171594885_600_800.png,/scratch/parceirosbr/bigoilict/share/BigOil/document_generator/datasets/documents_2021_12_28/pai_3cols_20211228_152956_8171594885_600_800.png,pai_3cols_20211228_152956_8171594885_600_800_mask.png,nan
69,59,139,119,404,495,543,614,404,495,543,495,543,614,404,614,table,table_image,table_0,,,,pai_3cols_20211228_152956_8171594885_600_800.png,/scratch/parceirosbr/bigoilict/share/BigOil/document_generator/datasets/documents_2021_12_28/pai_3cols_20211228_152956_8171594885_600_800.png,pai_3cols_20211228_152956_8171594885_600_800_mask.png,output/gen_tab_20211228_153002_7460412730.png
12,4,25,9,459,497,484,506,459,497,484,497,484,506,459,506,text,table_text,table_0,raleway,italic,8.0,pai_3cols_20211228_152956_8171594885_600_800.png,/scratch/parceirosbr/bigoilict/share/BigOil/document_generator/datasets/documents_2021_12_28/pai_3cols_20211228_152956_8171594885_600_800.png,pai_3cols_20211228_152956_8171594885_600_800_mask.png,fatode
12,4,25,9,459,497,484,506,459,497,484,497,484,506,459,506,sub_line_text,table_text,table_0,raleway,italic,8.0,pai_3cols_20211228_152956_8171594885_600_800.png,/scratch/parceirosbr/bigoilict/share/BigOil/document_generator/datasets/documents_2021_12_28/pai_3cols_20211228_152956_8171594885_600_800.png,pai_3cols_20211228_152956_8171594885_600_800_mask.png,fatode
18,4,36,9,454,518,490,527,454,518,490,518,490,527,454,527,text,table_text,table_0,raleway,bold,8.0,pai_3cols_20211228_152956_8171594885_600_800.png,/scratch/parceirosbr/bigoilict/share/BigOil/document_generator/datasets/documents_2021_12_28/pai_3cols_20211228_152956_8171594885_600_800.png,pai_3cols_20211228_152956_8171594885_600_800_mask.png,completa
18,4,36,9,454,518,490,527,454,518,490,518,490,527,454,527,sub_line_text,table_text,table_0,raleway,bold,8.0,pai_3cols_20211228_152956_8171594885_600_800.png,/scratch/parceirosbr/bigoilict/share/BigOil/document_generator/datasets/documents_2021_12_28/pai_3cols_20211228_152956_8171594885_600_800.png,pai_3cols_20211228_152956_8171594885_600_800_mask.png,completa
13,4,26,9,459,531,485,540,459,531,485,531,485,540,459,540,text,table_text,table_0,raleway,bold,8.0,pai_3cols_20211228_152956_8171594885_600_800.png,/scratch/parceirosbr/bigoilict/share/BigOil/document_generator/datasets/documents_2021_12_28/pai_3cols_20211228_152956_8171594885_600_800.png,pai_3cols_20211228_152956_8171594885_600_800_mask.png,reação
13,4,26,9,459,531,485,540,459,531,485,531,485,540,459,540,sub_line_text,table_text,table_0,raleway,bold,8.0,pai_3cols_20211228_152956_8171594885_600_800.png,/scratch/parceirosbr/bigoilict/share/BigOil/document_generator/datasets/documents_2021_12_28/pai_3cols_20211228_152956_8171594885_600_800.png,pai_3cols_20211228_152956_8171594885_600_800_mask.png,reação
19,4,39,9,453,543,492,552,453,543,492,543,492,552,453,552,text,table_text,table_0,raleway,bold,8.0,pai_3cols_20211228_152956_8171594885_600_800.png,/scratch/parceirosbr/bigoilict/share/BigOil/document_generator/datasets/documents_2021_12_28/pai_3cols_20211228_152956_8171594885_600_800.png,pai_3cols_20211228_152956_8171594885_600_800_mask.png,vantagens
19,4,39,9,453,543,492,552,453,543,492,543,492,552,453,552,sub_line_text,table_text,table_0,raleway,bold,8.0,pai_3cols_20211228_152956_8171594885_600_800.png,/scratch/parceirosbr/bigoilict/share/BigOil/document_generator/datasets/documents_2021_12_28/pai_3cols_20211228_152956_8171594885_600_800.png,pai_3cols_20211228_152956_8171594885_600_800_mask.png,vantagens
15,4,30,9,457,556,487,565,457,556,487,556,487,565,457,565,text,table_text,table_0,raleway,bold,8.0,pai_3cols_20211228_152956_8171594885_600_800.png,/scratch/parceirosbr/bigoilict/share/BigOil/document_generator/datasets/documents_2021_12_28/pai_3cols_20211228_152956_8171594885_600_800.png,pai_3cols_20211228_152956_8171594885_600_800_mask.png,superior
15,4,30,9,457,556,487,565,457,556,487,556,487,565,457,565,sub_line_text,table_text,table_0,raleway,bold,8.0,pai_3cols_20211228_152956_8171594885_600_800.png,/scratch/parceirosbr/bigoilict/share/BigOil/document_generator/datasets/documents_2021_12_28/pai_3cols_20211228_152956_8171594885_600_800.png,pai_3cols_20211228_152956_8171594885_600_800_mask.png,superior
14,4,29,9,457,568,486,577,457,568,486,568,486,577,457,577,text,table_text,table_0,raleway,bold,8.0,pai_3cols_20211228_152956_8171594885_600_800.png,/scratch/parceirosbr/bigoilict/share/BigOil/document_generator/datasets/documents_2021_12_28/pai_3cols_20211228_152956_8171594885_600_800.png,pai_3cols_20211228_152956_8171594885_600_800_mask.png,reforma
14,4,29,9,457,568,486,577,457,568,486,568,486,577,457,577,sub_line_text,table_text,table_0,raleway,bold,8.0,pai_3cols_20211228_152956_8171594885_600_800.png,/scratch/parceirosbr/bigoilict/share/BigOil/document_generator/datasets/documents_2021_12_28/pai_3cols_20211228_152956_8171594885_600_800.png,pai_3cols_20211228_152956_8171594885_600_800_mask.png,reforma
22,4,44,9,450,581,494,590,450,581,494,581,494,590,450,590,text,table_text,table_0,raleway,bold,8.0,pai_3cols_20211228_152956_8171594885_600_800.png,/scratch/parceirosbr/bigoilict/share/BigOil/document_generator/datasets/documents_2021_12_28/pai_3cols_20211228_152956_8171594885_600_800.png,pai_3cols_20211228_152956_8171594885_600_800_mask.png,envolverem
22,4,44,9,450,581,494,590,450,581,494,581,494,590,450,590,sub_line_text,table_text,table_0,raleway,bold,8.0,pai_3cols_20211228_152956_8171594885_600_800.png,/scratch/parceirosbr/bigoilict/share/BigOil/document_generator/datasets/documents_2021_12_28/pai_3cols_20211228_152956_8171594885_600_800.png,pai_3cols_20211228_152956_8171594885_600_800_mask.png,envolverem
12,4,25,9,459,593,484,602,459,593,484,593,484,602,459,602,text,table_text,table_0,raleway,italic,8.0,pai_3cols_20211228_152956_8171594885_600_800.png,/scratch/parceirosbr/bigoilict/share/BigOil/document_generator/datasets/documents_2021_12_28/pai_3cols_20211228_152956_8171594885_600_800.png,pai_3cols_20211228_152956_8171594885_600_800_mask.png,cálculo
12,4,25,9,459,593,484,602,459,593,484,593,484,602,459,602,sub_line_text,table_text,table_0,raleway,italic,8.0,pai_3cols_20211228_152956_8171594885_600_800.png,/scratch/parceirosbr/bigoilict/share/BigOil/document_generator/datasets/documents_2021_12_28/pai_3cols_20211228_152956_8171594885_600_800.png,pai_3cols_20211228_152956_8171594885_600_800_mask.png,cálculo
63,5,127,10,415,620,542,630,415,620,542,620,542,630,415,630,sub_line_text,text,text_6,arial,regular,8,pai_3cols_20211228_152956_8171594885_600_800.png,/scratch/parceirosbr/bigoilict/share/BigOil/document_generator/datasets/documents_2021_12_28/pai_3cols_20211228_152956_8171594885_600_800.png,pai_3cols_20211228_152956_8171594885_600_800_mask.png,Gráfico   14.  20  campos  com  maior
71,5,142,10,401,635,543,645,401,635,543,635,543,645,401,645,sub_line_text,text,text_6,arial,regular,8,pai_3cols_20211228_152956_8171594885_600_800.png,/scratch/parceirosbr/bigoilict/share/BigOil/document_generator/datasets/documents_2021_12_28/pai_3cols_20211228_152956_8171594885_600_800.png,pai_3cols_20211228_152956_8171594885_600_800_mask.png,produção    total    (Mboe/d)    ilad   ropetn-
70,5,141,10,401,650,542,660,401,650,542,650,542,660,401,660,sub_line_text,text,text_6,arial,regular,8,pai_3cols_20211228_152956_8171594885_600_800.png,/scratch/parceirosbr/bigoilict/share/BigOil/document_generator/datasets/documents_2021_12_28/pai_3cols_20211228_152956_8171594885_600_800.png,pai_3cols_20211228_152956_8171594885_600_800_mask.png,eaviuqeoeóed     sirrabl     572    350    700
70,5,141,10,401,665,542,675,401,665,542,665,542,675,401,675,sub_line_text,text,text_6,arial,regular,8,pai_3cols_20211228_152956_8171594885_600_800.png,/scratch/parceirosbr/bigoilict/share/BigOil/document_generator/datasets/documents_2021_12_28/pai_3cols_20211228_152956_8171594885_600_800.png,pai_3cols_20211228_152956_8171594885_600_800_mask.png,600   500   400   300   200   100   0   )d/eob.
71,5,142,10,401,680,543,690,401,680,543,680,543,690,401,690,sub_line_text,text,text_6,arial,regular,8,pai_3cols_20211228_152956_8171594885_600_800.png,/scratch/parceirosbr/bigoilict/share/BigOil/document_generator/datasets/documents_2021_12_28/pai_3cols_20211228_152956_8171594885_600_800.png,pai_3cols_20211228_152956_8171594885_600_800_mask.png,"Além   disso,   o   aumento   da   produção"
64,5,129,10,401,695,530,705,401,695,530,695,530,705,401,705,sub_line_text,text,text_6,arial,regular,8,pai_3cols_20211228_152956_8171594885_600_800.png,/scratch/parceirosbr/bigoilict/share/BigOil/document_generator/datasets/documents_2021_12_28/pai_3cols_20211228_152956_8171594885_600_800.png,pai_3cols_20211228_152956_8171594885_600_800_mask.png,de líquidos de gás natural86 (LGNs) a.
71,42,142,85,401,620,543,705,401,620,543,620,543,705,401,705,text,text,text_6,arial,regular,8,pai_3cols_20211228_152956_8171594885_600_800.png,/scratch/parceirosbr/bigoilict/share/BigOil/document_generator/datasets/documents_2021_12_28/pai_3cols_20211228_152956_8171594885_600_800.png,pai_3cols_20211228_152956_8171594885_600_800_mask.png,nan
