center_x,center_y,width,height,xmin,ymin,xmax,ymax,top_left_x,top_left_y,top_right_x,top_right_y,bottom_right_x,bottom_right_y,bottom_left_x,bottom_left_y,label,grouplabel,group,text_font,text_style,size_font,filename,path,filename_mask,content
300,400,600,800,0,0,600,800,0,0,600,0,600,800,0,800,document,,,,,,pai_2cols_20211228_152855_6631735340_600_800.png,/scratch/parceirosbr/bigoilict/share/BigOil/document_generator/datasets/documents_2021_12_28/pai_2cols_20211228_152855_6631735340_600_800.png,pai_2cols_20211228_152855_6631735340_600_800_mask.png,
4,4,8,8,67,72,75,80,67,72,75,72,75,80,67,80,sub_line_text,numpag,header_1,roboto,regular,7,pai_2cols_20211228_152855_6631735340_600_800.png,/scratch/parceirosbr/bigoilict/share/BigOil/document_generator/datasets/documents_2021_12_28/pai_2cols_20211228_152855_6631735340_600_800.png,pai_2cols_20211228_152855_6631735340_600_800_mask.png,71
4,4,8,8,67,72,75,80,67,72,75,72,75,80,67,80,text,numpag,header_1,roboto,regular,7,pai_2cols_20211228_152855_6631735340_600_800.png,/scratch/parceirosbr/bigoilict/share/BigOil/document_generator/datasets/documents_2021_12_28/pai_2cols_20211228_152855_6631735340_600_800.png,pai_2cols_20211228_152855_6631735340_600_800_mask.png,nan
23,4,46,8,83,72,129,80,83,72,129,72,129,80,83,80,sub_line_text,header,header_1,roboto,regular,7,pai_2cols_20211228_152855_6631735340_600_800.png,/scratch/parceirosbr/bigoilict/share/BigOil/document_generator/datasets/documents_2021_12_28/pai_2cols_20211228_152855_6631735340_600_800.png,pai_2cols_20211228_152855_6631735340_600_800_mask.png,"Todavia, como"
23,4,46,8,83,72,129,80,83,72,129,72,129,80,83,80,text,header,header_1,roboto,regular,7,pai_2cols_20211228_152855_6631735340_600_800.png,/scratch/parceirosbr/bigoilict/share/BigOil/document_generator/datasets/documents_2021_12_28/pai_2cols_20211228_152855_6631735340_600_800.png,pai_2cols_20211228_152855_6631735340_600_800_mask.png,nan
247,1,495,2,67,79,562,81,67,79,562,79,562,81,67,81,line,line,line,,,,pai_2cols_20211228_152855_6631735340_600_800.png,/scratch/parceirosbr/bigoilict/share/BigOil/document_generator/datasets/documents_2021_12_28/pai_2cols_20211228_152855_6631735340_600_800.png,pai_2cols_20211228_152855_6631735340_600_800_mask.png,nan
103,3,206,7,91,87,297,94,91,87,297,87,297,94,91,94,sub_line_text,table_legend,table_0,roboto,bold,6,pai_2cols_20211228_152855_6631735340_600_800.png,/scratch/parceirosbr/bigoilict/share/BigOil/document_generator/datasets/documents_2021_12_28/pai_2cols_20211228_152855_6631735340_600_800.png,pai_2cols_20211228_152855_6631735340_600_800_mask.png,Table   90:      O   gráfico   da   fração   recuperada   de  óleo  é  mostrado  na
102,3,205,7,91,97,296,104,91,97,296,97,296,104,91,104,sub_line_text,table_legend,table_0,roboto,bold,6,pai_2cols_20211228_152855_6631735340_600_800.png,/scratch/parceirosbr/bigoilict/share/BigOil/document_generator/datasets/documents_2021_12_28/pai_2cols_20211228_152855_6631735340_600_800.png,pai_2cols_20211228_152855_6631735340_600_800_mask.png,"5.12.   pela   5.12   que,   mesmo   injetando   o  dobro  de  gás  que  uma  p-"
34,3,68,7,91,107,159,114,91,107,159,107,159,114,91,114,sub_line_text,table_legend,table_0,roboto,bold,6,pai_2cols_20211228_152855_6631735340_600_800.png,/scratch/parceirosbr/bigoilict/share/BigOil/document_generator/datasets/documents_2021_12_28/pai_2cols_20211228_152855_6631735340_600_800.png,pai_2cols_20211228_152855_6631735340_600_800_mask.png,"lataforma pode processar,"
103,13,206,27,91,87,297,114,91,87,297,87,297,114,91,114,text,table_legend,table_0,roboto,bold,6,pai_2cols_20211228_152855_6631735340_600_800.png,/scratch/parceirosbr/bigoilict/share/BigOil/document_generator/datasets/documents_2021_12_28/pai_2cols_20211228_152855_6631735340_600_800.png,pai_2cols_20211228_152855_6631735340_600_800_mask.png,nan
112,83,225,166,70,119,295,285,70,119,295,119,295,285,70,285,table,table_image,table_0,,,,pai_2cols_20211228_152855_6631735340_600_800.png,/scratch/parceirosbr/bigoilict/share/BigOil/document_generator/datasets/documents_2021_12_28/pai_2cols_20211228_152855_6631735340_600_800.png,pai_2cols_20211228_152855_6631735340_600_800_mask.png,output/gen_tab_20211228_152855_7204716219.png
3,3,7,6,96,122,103,128,96,122,103,122,103,128,96,128,text,table_text,table_0,courier,regular,7.0,pai_2cols_20211228_152855_6631735340_600_800.png,/scratch/parceirosbr/bigoilict/share/BigOil/document_generator/datasets/documents_2021_12_28/pai_2cols_20211228_152855_6631735340_600_800.png,pai_2cols_20211228_152855_6631735340_600_800_mask.png,já
3,3,7,6,96,122,103,128,96,122,103,122,103,128,96,128,sub_line_text,table_text,table_0,courier,regular,7.0,pai_2cols_20211228_152855_6631735340_600_800.png,/scratch/parceirosbr/bigoilict/share/BigOil/document_generator/datasets/documents_2021_12_28/pai_2cols_20211228_152855_6631735340_600_800.png,pai_2cols_20211228_152855_6631735340_600_800_mask.png,já
9,3,19,6,84,129,103,135,84,129,103,129,103,135,84,135,text,table_text,table_0,courier,regular,7.0,pai_2cols_20211228_152855_6631735340_600_800.png,/scratch/parceirosbr/bigoilict/share/BigOil/document_generator/datasets/documents_2021_12_28/pai_2cols_20211228_152855_6631735340_600_800.png,pai_2cols_20211228_152855_6631735340_600_800_mask.png,tendo
9,3,19,6,84,129,103,135,84,129,103,129,103,135,84,135,sub_line_text,table_text,table_0,courier,regular,7.0,pai_2cols_20211228_152855_6631735340_600_800.png,/scratch/parceirosbr/bigoilict/share/BigOil/document_generator/datasets/documents_2021_12_28/pai_2cols_20211228_152855_6631735340_600_800.png,pai_2cols_20211228_152855_6631735340_600_800_mask.png,tendo
13,3,27,6,76,143,103,149,76,143,103,143,103,149,76,149,text,table_text,table_0,courier,regular,7.0,pai_2cols_20211228_152855_6631735340_600_800.png,/scratch/parceirosbr/bigoilict/share/BigOil/document_generator/datasets/documents_2021_12_28/pai_2cols_20211228_152855_6631735340_600_800.png,pai_2cols_20211228_152855_6631735340_600_800_mask.png,35619.1
13,3,27,6,76,143,103,149,76,143,103,143,103,149,76,149,sub_line_text,table_text,table_0,courier,regular,7.0,pai_2cols_20211228_152855_6631735340_600_800.png,/scratch/parceirosbr/bigoilict/share/BigOil/document_generator/datasets/documents_2021_12_28/pai_2cols_20211228_152855_6631735340_600_800.png,pai_2cols_20211228_152855_6631735340_600_800_mask.png,35619.1
13,3,27,6,76,152,103,158,76,152,103,152,103,158,76,158,text,table_text,table_0,courier,regular,7.0,pai_2cols_20211228_152855_6631735340_600_800.png,/scratch/parceirosbr/bigoilict/share/BigOil/document_generator/datasets/documents_2021_12_28/pai_2cols_20211228_152855_6631735340_600_800.png,pai_2cols_20211228_152855_6631735340_600_800_mask.png,15400.1
13,3,27,6,76,152,103,158,76,152,103,152,103,158,76,158,sub_line_text,table_text,table_0,courier,regular,7.0,pai_2cols_20211228_152855_6631735340_600_800.png,/scratch/parceirosbr/bigoilict/share/BigOil/document_generator/datasets/documents_2021_12_28/pai_2cols_20211228_152855_6631735340_600_800.png,pai_2cols_20211228_152855_6631735340_600_800_mask.png,15400.1
13,3,27,6,76,162,103,168,76,162,103,162,103,168,76,168,text,table_text,table_0,courier,regular,7.0,pai_2cols_20211228_152855_6631735340_600_800.png,/scratch/parceirosbr/bigoilict/share/BigOil/document_generator/datasets/documents_2021_12_28/pai_2cols_20211228_152855_6631735340_600_800.png,pai_2cols_20211228_152855_6631735340_600_800_mask.png,93118.3
13,3,27,6,76,162,103,168,76,162,103,162,103,168,76,168,sub_line_text,table_text,table_0,courier,regular,7.0,pai_2cols_20211228_152855_6631735340_600_800.png,/scratch/parceirosbr/bigoilict/share/BigOil/document_generator/datasets/documents_2021_12_28/pai_2cols_20211228_152855_6631735340_600_800.png,pai_2cols_20211228_152855_6631735340_600_800_mask.png,93118.3
13,3,27,6,76,172,103,178,76,172,103,172,103,178,76,178,text,table_text,table_0,courier,regular,7.0,pai_2cols_20211228_152855_6631735340_600_800.png,/scratch/parceirosbr/bigoilict/share/BigOil/document_generator/datasets/documents_2021_12_28/pai_2cols_20211228_152855_6631735340_600_800.png,pai_2cols_20211228_152855_6631735340_600_800_mask.png,12651.1
13,3,27,6,76,172,103,178,76,172,103,172,103,178,76,178,sub_line_text,table_text,table_0,courier,regular,7.0,pai_2cols_20211228_152855_6631735340_600_800.png,/scratch/parceirosbr/bigoilict/share/BigOil/document_generator/datasets/documents_2021_12_28/pai_2cols_20211228_152855_6631735340_600_800.png,pai_2cols_20211228_152855_6631735340_600_800_mask.png,12651.1
13,3,27,6,76,182,103,188,76,182,103,182,103,188,76,188,text,table_text,table_0,courier,regular,7.0,pai_2cols_20211228_152855_6631735340_600_800.png,/scratch/parceirosbr/bigoilict/share/BigOil/document_generator/datasets/documents_2021_12_28/pai_2cols_20211228_152855_6631735340_600_800.png,pai_2cols_20211228_152855_6631735340_600_800_mask.png,54155.9
13,3,27,6,76,182,103,188,76,182,103,182,103,188,76,188,sub_line_text,table_text,table_0,courier,regular,7.0,pai_2cols_20211228_152855_6631735340_600_800.png,/scratch/parceirosbr/bigoilict/share/BigOil/document_generator/datasets/documents_2021_12_28/pai_2cols_20211228_152855_6631735340_600_800.png,pai_2cols_20211228_152855_6631735340_600_800_mask.png,54155.9
13,3,27,6,76,191,103,197,76,191,103,191,103,197,76,197,text,table_text,table_0,courier,regular,7.0,pai_2cols_20211228_152855_6631735340_600_800.png,/scratch/parceirosbr/bigoilict/share/BigOil/document_generator/datasets/documents_2021_12_28/pai_2cols_20211228_152855_6631735340_600_800.png,pai_2cols_20211228_152855_6631735340_600_800_mask.png,17504.8
13,3,27,6,76,191,103,197,76,191,103,191,103,197,76,197,sub_line_text,table_text,table_0,courier,regular,7.0,pai_2cols_20211228_152855_6631735340_600_800.png,/scratch/parceirosbr/bigoilict/share/BigOil/document_generator/datasets/documents_2021_12_28/pai_2cols_20211228_152855_6631735340_600_800.png,pai_2cols_20211228_152855_6631735340_600_800_mask.png,17504.8
13,3,27,6,76,201,103,207,76,201,103,201,103,207,76,207,text,table_text,table_0,courier,regular,7.0,pai_2cols_20211228_152855_6631735340_600_800.png,/scratch/parceirosbr/bigoilict/share/BigOil/document_generator/datasets/documents_2021_12_28/pai_2cols_20211228_152855_6631735340_600_800.png,pai_2cols_20211228_152855_6631735340_600_800_mask.png,36984.1
13,3,27,6,76,201,103,207,76,201,103,201,103,207,76,207,sub_line_text,table_text,table_0,courier,regular,7.0,pai_2cols_20211228_152855_6631735340_600_800.png,/scratch/parceirosbr/bigoilict/share/BigOil/document_generator/datasets/documents_2021_12_28/pai_2cols_20211228_152855_6631735340_600_800.png,pai_2cols_20211228_152855_6631735340_600_800_mask.png,36984.1
13,3,27,6,76,211,103,217,76,211,103,211,103,217,76,217,text,table_text,table_0,courier,regular,7.0,pai_2cols_20211228_152855_6631735340_600_800.png,/scratch/parceirosbr/bigoilict/share/BigOil/document_generator/datasets/documents_2021_12_28/pai_2cols_20211228_152855_6631735340_600_800.png,pai_2cols_20211228_152855_6631735340_600_800_mask.png,42695.6
13,3,27,6,76,211,103,217,76,211,103,211,103,217,76,217,sub_line_text,table_text,table_0,courier,regular,7.0,pai_2cols_20211228_152855_6631735340_600_800.png,/scratch/parceirosbr/bigoilict/share/BigOil/document_generator/datasets/documents_2021_12_28/pai_2cols_20211228_152855_6631735340_600_800.png,pai_2cols_20211228_152855_6631735340_600_800_mask.png,42695.6
13,3,27,6,76,220,103,226,76,220,103,220,103,226,76,226,text,table_text,table_0,courier,regular,7.0,pai_2cols_20211228_152855_6631735340_600_800.png,/scratch/parceirosbr/bigoilict/share/BigOil/document_generator/datasets/documents_2021_12_28/pai_2cols_20211228_152855_6631735340_600_800.png,pai_2cols_20211228_152855_6631735340_600_800_mask.png,82497.9
13,3,27,6,76,220,103,226,76,220,103,220,103,226,76,226,sub_line_text,table_text,table_0,courier,regular,7.0,pai_2cols_20211228_152855_6631735340_600_800.png,/scratch/parceirosbr/bigoilict/share/BigOil/document_generator/datasets/documents_2021_12_28/pai_2cols_20211228_152855_6631735340_600_800.png,pai_2cols_20211228_152855_6631735340_600_800_mask.png,82497.9
13,3,27,6,76,230,103,236,76,230,103,230,103,236,76,236,text,table_text,table_0,courier,regular,7.0,pai_2cols_20211228_152855_6631735340_600_800.png,/scratch/parceirosbr/bigoilict/share/BigOil/document_generator/datasets/documents_2021_12_28/pai_2cols_20211228_152855_6631735340_600_800.png,pai_2cols_20211228_152855_6631735340_600_800_mask.png,78232.6
13,3,27,6,76,230,103,236,76,230,103,230,103,236,76,236,sub_line_text,table_text,table_0,courier,regular,7.0,pai_2cols_20211228_152855_6631735340_600_800.png,/scratch/parceirosbr/bigoilict/share/BigOil/document_generator/datasets/documents_2021_12_28/pai_2cols_20211228_152855_6631735340_600_800.png,pai_2cols_20211228_152855_6631735340_600_800_mask.png,78232.6
13,3,27,6,76,240,103,246,76,240,103,240,103,246,76,246,text,table_text,table_0,courier,regular,7.0,pai_2cols_20211228_152855_6631735340_600_800.png,/scratch/parceirosbr/bigoilict/share/BigOil/document_generator/datasets/documents_2021_12_28/pai_2cols_20211228_152855_6631735340_600_800.png,pai_2cols_20211228_152855_6631735340_600_800_mask.png,58350.9
13,3,27,6,76,240,103,246,76,240,103,240,103,246,76,246,sub_line_text,table_text,table_0,courier,regular,7.0,pai_2cols_20211228_152855_6631735340_600_800.png,/scratch/parceirosbr/bigoilict/share/BigOil/document_generator/datasets/documents_2021_12_28/pai_2cols_20211228_152855_6631735340_600_800.png,pai_2cols_20211228_152855_6631735340_600_800_mask.png,58350.9
13,3,27,6,76,250,103,256,76,250,103,250,103,256,76,256,text,table_text,table_0,courier,regular,7.0,pai_2cols_20211228_152855_6631735340_600_800.png,/scratch/parceirosbr/bigoilict/share/BigOil/document_generator/datasets/documents_2021_12_28/pai_2cols_20211228_152855_6631735340_600_800.png,pai_2cols_20211228_152855_6631735340_600_800_mask.png,38052.7
13,3,27,6,76,250,103,256,76,250,103,250,103,256,76,256,sub_line_text,table_text,table_0,courier,regular,7.0,pai_2cols_20211228_152855_6631735340_600_800.png,/scratch/parceirosbr/bigoilict/share/BigOil/document_generator/datasets/documents_2021_12_28/pai_2cols_20211228_152855_6631735340_600_800.png,pai_2cols_20211228_152855_6631735340_600_800_mask.png,38052.7
13,3,27,6,76,259,103,265,76,259,103,259,103,265,76,265,text,table_text,table_0,courier,regular,7.0,pai_2cols_20211228_152855_6631735340_600_800.png,/scratch/parceirosbr/bigoilict/share/BigOil/document_generator/datasets/documents_2021_12_28/pai_2cols_20211228_152855_6631735340_600_800.png,pai_2cols_20211228_152855_6631735340_600_800_mask.png,57238.0
13,3,27,6,76,259,103,265,76,259,103,259,103,265,76,265,sub_line_text,table_text,table_0,courier,regular,7.0,pai_2cols_20211228_152855_6631735340_600_800.png,/scratch/parceirosbr/bigoilict/share/BigOil/document_generator/datasets/documents_2021_12_28/pai_2cols_20211228_152855_6631735340_600_800.png,pai_2cols_20211228_152855_6631735340_600_800_mask.png,57238.0
17,3,34,6,256,269,290,275,256,269,290,269,290,275,256,275,text,table_text,table_0,courier,regular,7.0,pai_2cols_20211228_152855_6631735340_600_800.png,/scratch/parceirosbr/bigoilict/share/BigOil/document_generator/datasets/documents_2021_12_28/pai_2cols_20211228_152855_6631735340_600_800.png,pai_2cols_20211228_152855_6631735340_600_800_mask.png,99241.445
17,3,34,6,256,269,290,275,256,269,290,269,290,275,256,275,sub_line_text,table_text,table_0,courier,regular,7.0,pai_2cols_20211228_152855_6631735340_600_800.png,/scratch/parceirosbr/bigoilict/share/BigOil/document_generator/datasets/documents_2021_12_28/pai_2cols_20211228_152855_6631735340_600_800.png,pai_2cols_20211228_152855_6631735340_600_800_mask.png,99241.445
3,3,7,6,134,122,141,128,134,122,141,122,141,128,134,128,text,table_text,table_0,courier,regular,7.0,pai_2cols_20211228_152855_6631735340_600_800.png,/scratch/parceirosbr/bigoilict/share/BigOil/document_generator/datasets/documents_2021_12_28/pai_2cols_20211228_152855_6631735340_600_800.png,pai_2cols_20211228_152855_6631735340_600_800_mask.png,já
3,3,7,6,134,122,141,128,134,122,141,122,141,128,134,128,sub_line_text,table_text,table_0,courier,regular,7.0,pai_2cols_20211228_152855_6631735340_600_800.png,/scratch/parceirosbr/bigoilict/share/BigOil/document_generator/datasets/documents_2021_12_28/pai_2cols_20211228_152855_6631735340_600_800.png,pai_2cols_20211228_152855_6631735340_600_800_mask.png,já
3,3,7,6,134,129,141,135,134,129,141,129,141,135,134,135,text,table_text,table_0,courier,regular,7.0,pai_2cols_20211228_152855_6631735340_600_800.png,/scratch/parceirosbr/bigoilict/share/BigOil/document_generator/datasets/documents_2021_12_28/pai_2cols_20211228_152855_6631735340_600_800.png,pai_2cols_20211228_152855_6631735340_600_800_mask.png,do
3,3,7,6,134,129,141,135,134,129,141,129,141,135,134,135,sub_line_text,table_text,table_0,courier,regular,7.0,pai_2cols_20211228_152855_6631735340_600_800.png,/scratch/parceirosbr/bigoilict/share/BigOil/document_generator/datasets/documents_2021_12_28/pai_2cols_20211228_152855_6631735340_600_800.png,pai_2cols_20211228_152855_6631735340_600_800_mask.png,do
13,3,27,6,114,143,141,149,114,143,141,143,141,149,114,149,text,table_text,table_0,courier,regular,7.0,pai_2cols_20211228_152855_6631735340_600_800.png,/scratch/parceirosbr/bigoilict/share/BigOil/document_generator/datasets/documents_2021_12_28/pai_2cols_20211228_152855_6631735340_600_800.png,pai_2cols_20211228_152855_6631735340_600_800_mask.png,456.964
13,3,27,6,114,143,141,149,114,143,141,143,141,149,114,149,sub_line_text,table_text,table_0,courier,regular,7.0,pai_2cols_20211228_152855_6631735340_600_800.png,/scratch/parceirosbr/bigoilict/share/BigOil/document_generator/datasets/documents_2021_12_28/pai_2cols_20211228_152855_6631735340_600_800.png,pai_2cols_20211228_152855_6631735340_600_800_mask.png,456.964
13,3,27,6,114,152,141,158,114,152,141,152,141,158,114,158,text,table_text,table_0,courier,regular,7.0,pai_2cols_20211228_152855_6631735340_600_800.png,/scratch/parceirosbr/bigoilict/share/BigOil/document_generator/datasets/documents_2021_12_28/pai_2cols_20211228_152855_6631735340_600_800.png,pai_2cols_20211228_152855_6631735340_600_800_mask.png,302.957
13,3,27,6,114,152,141,158,114,152,141,152,141,158,114,158,sub_line_text,table_text,table_0,courier,regular,7.0,pai_2cols_20211228_152855_6631735340_600_800.png,/scratch/parceirosbr/bigoilict/share/BigOil/document_generator/datasets/documents_2021_12_28/pai_2cols_20211228_152855_6631735340_600_800.png,pai_2cols_20211228_152855_6631735340_600_800_mask.png,302.957
15,3,31,6,110,162,141,168,110,162,141,162,141,168,110,168,text,table_text,table_0,courier,regular,7.0,pai_2cols_20211228_152855_6631735340_600_800.png,/scratch/parceirosbr/bigoilict/share/BigOil/document_generator/datasets/documents_2021_12_28/pai_2cols_20211228_152855_6631735340_600_800.png,pai_2cols_20211228_152855_6631735340_600_800_mask.png,7320.026
15,3,31,6,110,162,141,168,110,162,141,162,141,168,110,168,sub_line_text,table_text,table_0,courier,regular,7.0,pai_2cols_20211228_152855_6631735340_600_800.png,/scratch/parceirosbr/bigoilict/share/BigOil/document_generator/datasets/documents_2021_12_28/pai_2cols_20211228_152855_6631735340_600_800.png,pai_2cols_20211228_152855_6631735340_600_800_mask.png,7320.026
13,3,27,6,114,172,141,178,114,172,141,172,141,178,114,178,text,table_text,table_0,courier,regular,7.0,pai_2cols_20211228_152855_6631735340_600_800.png,/scratch/parceirosbr/bigoilict/share/BigOil/document_generator/datasets/documents_2021_12_28/pai_2cols_20211228_152855_6631735340_600_800.png,pai_2cols_20211228_152855_6631735340_600_800_mask.png,144.901
13,3,27,6,114,172,141,178,114,172,141,172,141,178,114,178,sub_line_text,table_text,table_0,courier,regular,7.0,pai_2cols_20211228_152855_6631735340_600_800.png,/scratch/parceirosbr/bigoilict/share/BigOil/document_generator/datasets/documents_2021_12_28/pai_2cols_20211228_152855_6631735340_600_800.png,pai_2cols_20211228_152855_6631735340_600_800_mask.png,144.901
13,3,27,6,114,182,141,188,114,182,141,182,141,188,114,188,text,table_text,table_0,courier,regular,7.0,pai_2cols_20211228_152855_6631735340_600_800.png,/scratch/parceirosbr/bigoilict/share/BigOil/document_generator/datasets/documents_2021_12_28/pai_2cols_20211228_152855_6631735340_600_800.png,pai_2cols_20211228_152855_6631735340_600_800_mask.png,415.869
13,3,27,6,114,182,141,188,114,182,141,182,141,188,114,188,sub_line_text,table_text,table_0,courier,regular,7.0,pai_2cols_20211228_152855_6631735340_600_800.png,/scratch/parceirosbr/bigoilict/share/BigOil/document_generator/datasets/documents_2021_12_28/pai_2cols_20211228_152855_6631735340_600_800.png,pai_2cols_20211228_152855_6631735340_600_800_mask.png,415.869
11,3,23,6,118,191,141,197,118,191,141,191,141,197,118,197,text,table_text,table_0,courier,regular,7.0,pai_2cols_20211228_152855_6631735340_600_800.png,/scratch/parceirosbr/bigoilict/share/BigOil/document_generator/datasets/documents_2021_12_28/pai_2cols_20211228_152855_6631735340_600_800.png,pai_2cols_20211228_152855_6631735340_600_800_mask.png,17.479
11,3,23,6,118,191,141,197,118,191,141,191,141,197,118,197,sub_line_text,table_text,table_0,courier,regular,7.0,pai_2cols_20211228_152855_6631735340_600_800.png,/scratch/parceirosbr/bigoilict/share/BigOil/document_generator/datasets/documents_2021_12_28/pai_2cols_20211228_152855_6631735340_600_800.png,pai_2cols_20211228_152855_6631735340_600_800_mask.png,17.479
11,3,23,6,118,201,141,207,118,201,141,201,141,207,118,207,text,table_text,table_0,courier,regular,7.0,pai_2cols_20211228_152855_6631735340_600_800.png,/scratch/parceirosbr/bigoilict/share/BigOil/document_generator/datasets/documents_2021_12_28/pai_2cols_20211228_152855_6631735340_600_800.png,pai_2cols_20211228_152855_6631735340_600_800_mask.png,50.795
11,3,23,6,118,201,141,207,118,201,141,201,141,207,118,207,sub_line_text,table_text,table_0,courier,regular,7.0,pai_2cols_20211228_152855_6631735340_600_800.png,/scratch/parceirosbr/bigoilict/share/BigOil/document_generator/datasets/documents_2021_12_28/pai_2cols_20211228_152855_6631735340_600_800.png,pai_2cols_20211228_152855_6631735340_600_800_mask.png,50.795
11,3,23,6,118,211,141,217,118,211,141,211,141,217,118,217,text,table_text,table_0,courier,regular,7.0,pai_2cols_20211228_152855_6631735340_600_800.png,/scratch/parceirosbr/bigoilict/share/BigOil/document_generator/datasets/documents_2021_12_28/pai_2cols_20211228_152855_6631735340_600_800.png,pai_2cols_20211228_152855_6631735340_600_800_mask.png,58.568
11,3,23,6,118,211,141,217,118,211,141,211,141,217,118,217,sub_line_text,table_text,table_0,courier,regular,7.0,pai_2cols_20211228_152855_6631735340_600_800.png,/scratch/parceirosbr/bigoilict/share/BigOil/document_generator/datasets/documents_2021_12_28/pai_2cols_20211228_152855_6631735340_600_800.png,pai_2cols_20211228_152855_6631735340_600_800_mask.png,58.568
15,3,31,6,110,220,141,226,110,220,141,220,141,226,110,226,text,table_text,table_0,courier,regular,7.0,pai_2cols_20211228_152855_6631735340_600_800.png,/scratch/parceirosbr/bigoilict/share/BigOil/document_generator/datasets/documents_2021_12_28/pai_2cols_20211228_152855_6631735340_600_800.png,pai_2cols_20211228_152855_6631735340_600_800_mask.png,6919.333
15,3,31,6,110,220,141,226,110,220,141,220,141,226,110,226,sub_line_text,table_text,table_0,courier,regular,7.0,pai_2cols_20211228_152855_6631735340_600_800.png,/scratch/parceirosbr/bigoilict/share/BigOil/document_generator/datasets/documents_2021_12_28/pai_2cols_20211228_152855_6631735340_600_800.png,pai_2cols_20211228_152855_6631735340_600_800_mask.png,6919.333
13,3,27,6,114,230,141,236,114,230,141,230,141,236,114,236,text,table_text,table_0,courier,regular,7.0,pai_2cols_20211228_152855_6631735340_600_800.png,/scratch/parceirosbr/bigoilict/share/BigOil/document_generator/datasets/documents_2021_12_28/pai_2cols_20211228_152855_6631735340_600_800.png,pai_2cols_20211228_152855_6631735340_600_800_mask.png,438.892
13,3,27,6,114,230,141,236,114,230,141,230,141,236,114,236,sub_line_text,table_text,table_0,courier,regular,7.0,pai_2cols_20211228_152855_6631735340_600_800.png,/scratch/parceirosbr/bigoilict/share/BigOil/document_generator/datasets/documents_2021_12_28/pai_2cols_20211228_152855_6631735340_600_800.png,pai_2cols_20211228_152855_6631735340_600_800_mask.png,438.892
15,3,31,6,110,240,141,246,110,240,141,240,141,246,110,246,text,table_text,table_0,courier,regular,7.0,pai_2cols_20211228_152855_6631735340_600_800.png,/scratch/parceirosbr/bigoilict/share/BigOil/document_generator/datasets/documents_2021_12_28/pai_2cols_20211228_152855_6631735340_600_800.png,pai_2cols_20211228_152855_6631735340_600_800_mask.png,7263.472
15,3,31,6,110,240,141,246,110,240,141,240,141,246,110,246,sub_line_text,table_text,table_0,courier,regular,7.0,pai_2cols_20211228_152855_6631735340_600_800.png,/scratch/parceirosbr/bigoilict/share/BigOil/document_generator/datasets/documents_2021_12_28/pai_2cols_20211228_152855_6631735340_600_800.png,pai_2cols_20211228_152855_6631735340_600_800_mask.png,7263.472
13,3,27,6,114,250,141,256,114,250,141,250,141,256,114,256,text,table_text,table_0,courier,regular,7.0,pai_2cols_20211228_152855_6631735340_600_800.png,/scratch/parceirosbr/bigoilict/share/BigOil/document_generator/datasets/documents_2021_12_28/pai_2cols_20211228_152855_6631735340_600_800.png,pai_2cols_20211228_152855_6631735340_600_800_mask.png,749.071
13,3,27,6,114,250,141,256,114,250,141,250,141,256,114,256,sub_line_text,table_text,table_0,courier,regular,7.0,pai_2cols_20211228_152855_6631735340_600_800.png,/scratch/parceirosbr/bigoilict/share/BigOil/document_generator/datasets/documents_2021_12_28/pai_2cols_20211228_152855_6631735340_600_800.png,pai_2cols_20211228_152855_6631735340_600_800_mask.png,749.071
15,3,31,6,110,259,141,265,110,259,141,259,141,265,110,265,text,table_text,table_0,courier,regular,7.0,pai_2cols_20211228_152855_6631735340_600_800.png,/scratch/parceirosbr/bigoilict/share/BigOil/document_generator/datasets/documents_2021_12_28/pai_2cols_20211228_152855_6631735340_600_800.png,pai_2cols_20211228_152855_6631735340_600_800_mask.png,1134.538
15,3,31,6,110,259,141,265,110,259,141,259,141,265,110,265,sub_line_text,table_text,table_0,courier,regular,7.0,pai_2cols_20211228_152855_6631735340_600_800.png,/scratch/parceirosbr/bigoilict/share/BigOil/document_generator/datasets/documents_2021_12_28/pai_2cols_20211228_152855_6631735340_600_800.png,pai_2cols_20211228_152855_6631735340_600_800_mask.png,1134.538
21,3,42,6,166,122,208,128,166,122,208,122,208,128,166,128,text,table_text,table_0,courier,regular,7.0,pai_2cols_20211228_152855_6631735340_600_800.png,/scratch/parceirosbr/bigoilict/share/BigOil/document_generator/datasets/documents_2021_12_28/pai_2cols_20211228_152855_6631735340_600_800.png,pai_2cols_20211228_152855_6631735340_600_800_mask.png,previamente
21,3,42,6,166,122,208,128,166,122,208,122,208,128,166,128,sub_line_text,table_text,table_0,courier,regular,7.0,pai_2cols_20211228_152855_6631735340_600_800.png,/scratch/parceirosbr/bigoilict/share/BigOil/document_generator/datasets/documents_2021_12_28/pai_2cols_20211228_152855_6631735340_600_800.png,pai_2cols_20211228_152855_6631735340_600_800_mask.png,previamente
11,3,23,6,185,129,208,135,185,129,208,129,208,135,185,135,text,table_text,table_0,courier,regular,7.0,pai_2cols_20211228_152855_6631735340_600_800.png,/scratch/parceirosbr/bigoilict/share/BigOil/document_generator/datasets/documents_2021_12_28/pai_2cols_20211228_152855_6631735340_600_800.png,pai_2cols_20211228_152855_6631735340_600_800_mask.png,medida
11,3,23,6,185,129,208,135,185,129,208,129,208,135,185,135,sub_line_text,table_text,table_0,courier,regular,7.0,pai_2cols_20211228_152855_6631735340_600_800.png,/scratch/parceirosbr/bigoilict/share/BigOil/document_generator/datasets/documents_2021_12_28/pai_2cols_20211228_152855_6631735340_600_800.png,pai_2cols_20211228_152855_6631735340_600_800_mask.png,medida
23,3,46,6,162,143,208,149,162,143,208,143,208,149,162,149,text,table_text,table_0,courier,regular,7.0,pai_2cols_20211228_152855_6631735340_600_800.png,/scratch/parceirosbr/bigoilict/share/BigOil/document_generator/datasets/documents_2021_12_28/pai_2cols_20211228_152855_6631735340_600_800.png,pai_2cols_20211228_152855_6631735340_600_800_mask.png,187114413.21
23,3,46,6,162,143,208,149,162,143,208,143,208,149,162,149,sub_line_text,table_text,table_0,courier,regular,7.0,pai_2cols_20211228_152855_6631735340_600_800.png,/scratch/parceirosbr/bigoilict/share/BigOil/document_generator/datasets/documents_2021_12_28/pai_2cols_20211228_152855_6631735340_600_800.png,pai_2cols_20211228_152855_6631735340_600_800_mask.png,187114413.21
27,3,54,6,154,152,208,158,154,152,208,152,208,158,154,158,text,table_text,table_0,courier,regular,7.0,pai_2cols_20211228_152855_6631735340_600_800.png,/scratch/parceirosbr/bigoilict/share/BigOil/document_generator/datasets/documents_2021_12_28/pai_2cols_20211228_152855_6631735340_600_800.png,pai_2cols_20211228_152855_6631735340_600_800_mask.png,24874068904.96
27,3,54,6,154,152,208,158,154,152,208,152,208,158,154,158,sub_line_text,table_text,table_0,courier,regular,7.0,pai_2cols_20211228_152855_6631735340_600_800.png,/scratch/parceirosbr/bigoilict/share/BigOil/document_generator/datasets/documents_2021_12_28/pai_2cols_20211228_152855_6631735340_600_800.png,pai_2cols_20211228_152855_6631735340_600_800_mask.png,24874068904.96
23,3,46,6,162,162,208,168,162,162,208,162,208,168,162,168,text,table_text,table_0,courier,regular,7.0,pai_2cols_20211228_152855_6631735340_600_800.png,/scratch/parceirosbr/bigoilict/share/BigOil/document_generator/datasets/documents_2021_12_28/pai_2cols_20211228_152855_6631735340_600_800.png,pai_2cols_20211228_152855_6631735340_600_800_mask.png,597062020.07
23,3,46,6,162,162,208,168,162,162,208,162,208,168,162,168,sub_line_text,table_text,table_0,courier,regular,7.0,pai_2cols_20211228_152855_6631735340_600_800.png,/scratch/parceirosbr/bigoilict/share/BigOil/document_generator/datasets/documents_2021_12_28/pai_2cols_20211228_152855_6631735340_600_800.png,pai_2cols_20211228_152855_6631735340_600_800_mask.png,597062020.07
23,3,46,6,162,172,208,178,162,172,208,172,208,178,162,178,text,table_text,table_0,courier,regular,7.0,pai_2cols_20211228_152855_6631735340_600_800.png,/scratch/parceirosbr/bigoilict/share/BigOil/document_generator/datasets/documents_2021_12_28/pai_2cols_20211228_152855_6631735340_600_800.png,pai_2cols_20211228_152855_6631735340_600_800_mask.png,920544347.81
23,3,46,6,162,172,208,178,162,172,208,172,208,178,162,178,sub_line_text,table_text,table_0,courier,regular,7.0,pai_2cols_20211228_152855_6631735340_600_800.png,/scratch/parceirosbr/bigoilict/share/BigOil/document_generator/datasets/documents_2021_12_28/pai_2cols_20211228_152855_6631735340_600_800.png,pai_2cols_20211228_152855_6631735340_600_800_mask.png,920544347.81
23,3,46,6,162,182,208,188,162,182,208,182,208,188,162,188,text,table_text,table_0,courier,regular,7.0,pai_2cols_20211228_152855_6631735340_600_800.png,/scratch/parceirosbr/bigoilict/share/BigOil/document_generator/datasets/documents_2021_12_28/pai_2cols_20211228_152855_6631735340_600_800.png,pai_2cols_20211228_152855_6631735340_600_800_mask.png,173305980.13
23,3,46,6,162,182,208,188,162,182,208,182,208,188,162,188,sub_line_text,table_text,table_0,courier,regular,7.0,pai_2cols_20211228_152855_6631735340_600_800.png,/scratch/parceirosbr/bigoilict/share/BigOil/document_generator/datasets/documents_2021_12_28/pai_2cols_20211228_152855_6631735340_600_800.png,pai_2cols_20211228_152855_6631735340_600_800_mask.png,173305980.13
25,3,50,6,158,191,208,197,158,191,208,191,208,197,158,197,text,table_text,table_0,courier,regular,7.0,pai_2cols_20211228_152855_6631735340_600_800.png,/scratch/parceirosbr/bigoilict/share/BigOil/document_generator/datasets/documents_2021_12_28/pai_2cols_20211228_152855_6631735340_600_800.png,pai_2cols_20211228_152855_6631735340_600_800_mask.png,9763894489.53
25,3,50,6,158,191,208,197,158,191,208,191,208,197,158,197,sub_line_text,table_text,table_0,courier,regular,7.0,pai_2cols_20211228_152855_6631735340_600_800.png,/scratch/parceirosbr/bigoilict/share/BigOil/document_generator/datasets/documents_2021_12_28/pai_2cols_20211228_152855_6631735340_600_800.png,pai_2cols_20211228_152855_6631735340_600_800_mask.png,9763894489.53
29,3,58,6,150,201,208,207,150,201,208,201,208,207,150,207,text,table_text,table_0,courier,regular,7.0,pai_2cols_20211228_152855_6631735340_600_800.png,/scratch/parceirosbr/bigoilict/share/BigOil/document_generator/datasets/documents_2021_12_28/pai_2cols_20211228_152855_6631735340_600_800.png,pai_2cols_20211228_152855_6631735340_600_800_mask.png,243181554343.95
29,3,58,6,150,201,208,207,150,201,208,201,208,207,150,207,sub_line_text,table_text,table_0,courier,regular,7.0,pai_2cols_20211228_152855_6631735340_600_800.png,/scratch/parceirosbr/bigoilict/share/BigOil/document_generator/datasets/documents_2021_12_28/pai_2cols_20211228_152855_6631735340_600_800.png,pai_2cols_20211228_152855_6631735340_600_800_mask.png,243181554343.95
17,3,34,6,173,211,207,217,173,211,207,211,207,217,173,217,text,table_text,table_0,courier,regular,7.0,pai_2cols_20211228_152855_6631735340_600_800.png,/scratch/parceirosbr/bigoilict/share/BigOil/document_generator/datasets/documents_2021_12_28/pai_2cols_20211228_152855_6631735340_600_800.png,pai_2cols_20211228_152855_6631735340_600_800_mask.png,320253.47
17,3,34,6,173,211,207,217,173,211,207,211,207,217,173,217,sub_line_text,table_text,table_0,courier,regular,7.0,pai_2cols_20211228_152855_6631735340_600_800.png,/scratch/parceirosbr/bigoilict/share/BigOil/document_generator/datasets/documents_2021_12_28/pai_2cols_20211228_152855_6631735340_600_800.png,pai_2cols_20211228_152855_6631735340_600_800_mask.png,320253.47
23,3,46,6,162,220,208,226,162,220,208,220,208,226,162,226,text,table_text,table_0,courier,regular,7.0,pai_2cols_20211228_152855_6631735340_600_800.png,/scratch/parceirosbr/bigoilict/share/BigOil/document_generator/datasets/documents_2021_12_28/pai_2cols_20211228_152855_6631735340_600_800.png,pai_2cols_20211228_152855_6631735340_600_800_mask.png,126075039.02
23,3,46,6,162,220,208,226,162,220,208,220,208,226,162,226,sub_line_text,table_text,table_0,courier,regular,7.0,pai_2cols_20211228_152855_6631735340_600_800.png,/scratch/parceirosbr/bigoilict/share/BigOil/document_generator/datasets/documents_2021_12_28/pai_2cols_20211228_152855_6631735340_600_800.png,pai_2cols_20211228_152855_6631735340_600_800_mask.png,126075039.02
21,3,42,6,166,230,208,236,166,230,208,230,208,236,166,236,text,table_text,table_0,courier,regular,7.0,pai_2cols_20211228_152855_6631735340_600_800.png,/scratch/parceirosbr/bigoilict/share/BigOil/document_generator/datasets/documents_2021_12_28/pai_2cols_20211228_152855_6631735340_600_800.png,pai_2cols_20211228_152855_6631735340_600_800_mask.png,88873632.88
21,3,42,6,166,230,208,236,166,230,208,230,208,236,166,236,sub_line_text,table_text,table_0,courier,regular,7.0,pai_2cols_20211228_152855_6631735340_600_800.png,/scratch/parceirosbr/bigoilict/share/BigOil/document_generator/datasets/documents_2021_12_28/pai_2cols_20211228_152855_6631735340_600_800.png,pai_2cols_20211228_152855_6631735340_600_800_mask.png,88873632.88
21,3,42,6,166,240,208,246,166,240,208,240,208,246,166,246,text,table_text,table_0,courier,regular,7.0,pai_2cols_20211228_152855_6631735340_600_800.png,/scratch/parceirosbr/bigoilict/share/BigOil/document_generator/datasets/documents_2021_12_28/pai_2cols_20211228_152855_6631735340_600_800.png,pai_2cols_20211228_152855_6631735340_600_800_mask.png,17663313.67
21,3,42,6,166,240,208,246,166,240,208,240,208,246,166,246,sub_line_text,table_text,table_0,courier,regular,7.0,pai_2cols_20211228_152855_6631735340_600_800.png,/scratch/parceirosbr/bigoilict/share/BigOil/document_generator/datasets/documents_2021_12_28/pai_2cols_20211228_152855_6631735340_600_800.png,pai_2cols_20211228_152855_6631735340_600_800_mask.png,17663313.67
27,3,54,6,154,250,208,256,154,250,208,250,208,256,154,256,text,table_text,table_0,courier,regular,7.0,pai_2cols_20211228_152855_6631735340_600_800.png,/scratch/parceirosbr/bigoilict/share/BigOil/document_generator/datasets/documents_2021_12_28/pai_2cols_20211228_152855_6631735340_600_800.png,pai_2cols_20211228_152855_6631735340_600_800_mask.png,27122163694.39
27,3,54,6,154,250,208,256,154,250,208,250,208,256,154,256,sub_line_text,table_text,table_0,courier,regular,7.0,pai_2cols_20211228_152855_6631735340_600_800.png,/scratch/parceirosbr/bigoilict/share/BigOil/document_generator/datasets/documents_2021_12_28/pai_2cols_20211228_152855_6631735340_600_800.png,pai_2cols_20211228_152855_6631735340_600_800_mask.png,27122163694.39
23,3,46,6,162,259,208,265,162,259,208,259,208,265,162,265,text,table_text,table_0,courier,regular,7.0,pai_2cols_20211228_152855_6631735340_600_800.png,/scratch/parceirosbr/bigoilict/share/BigOil/document_generator/datasets/documents_2021_12_28/pai_2cols_20211228_152855_6631735340_600_800.png,pai_2cols_20211228_152855_6631735340_600_800_mask.png,871615167.52
23,3,46,6,162,259,208,265,162,259,208,259,208,265,162,265,sub_line_text,table_text,table_0,courier,regular,7.0,pai_2cols_20211228_152855_6631735340_600_800.png,/scratch/parceirosbr/bigoilict/share/BigOil/document_generator/datasets/documents_2021_12_28/pai_2cols_20211228_152855_6631735340_600_800.png,pai_2cols_20211228_152855_6631735340_600_800_mask.png,871615167.52
3,3,7,6,225,122,232,128,225,122,232,122,232,128,225,128,text,table_text,table_0,courier,regular,7.0,pai_2cols_20211228_152855_6631735340_600_800.png,/scratch/parceirosbr/bigoilict/share/BigOil/document_generator/datasets/documents_2021_12_28/pai_2cols_20211228_152855_6631735340_600_800.png,pai_2cols_20211228_152855_6631735340_600_800_mask.png,já
3,3,7,6,225,122,232,128,225,122,232,122,232,128,225,128,sub_line_text,table_text,table_0,courier,regular,7.0,pai_2cols_20211228_152855_6631735340_600_800.png,/scratch/parceirosbr/bigoilict/share/BigOil/document_generator/datasets/documents_2021_12_28/pai_2cols_20211228_152855_6631735340_600_800.png,pai_2cols_20211228_152855_6631735340_600_800_mask.png,já
4,3,8,6,224,129,232,135,224,129,232,129,232,135,224,135,text,table_text,table_0,courier,regular,7.0,pai_2cols_20211228_152855_6631735340_600_800.png,/scratch/parceirosbr/bigoilict/share/BigOil/document_generator/datasets/documents_2021_12_28/pai_2cols_20211228_152855_6631735340_600_800.png,pai_2cols_20211228_152855_6631735340_600_800_mask.png,em
4,3,8,6,224,129,232,135,224,129,232,129,232,135,224,135,sub_line_text,table_text,table_0,courier,regular,7.0,pai_2cols_20211228_152855_6631735340_600_800.png,/scratch/parceirosbr/bigoilict/share/BigOil/document_generator/datasets/documents_2021_12_28/pai_2cols_20211228_152855_6631735340_600_800.png,pai_2cols_20211228_152855_6631735340_600_800_mask.png,em
7,3,15,6,217,143,232,149,217,143,232,143,232,149,217,149,text,table_text,table_0,courier,regular,7.0,pai_2cols_20211228_152855_6631735340_600_800.png,/scratch/parceirosbr/bigoilict/share/BigOil/document_generator/datasets/documents_2021_12_28/pai_2cols_20211228_152855_6631735340_600_800.png,pai_2cols_20211228_152855_6631735340_600_800_mask.png,82.1
7,3,15,6,217,143,232,149,217,143,232,143,232,149,217,149,sub_line_text,table_text,table_0,courier,regular,7.0,pai_2cols_20211228_152855_6631735340_600_800.png,/scratch/parceirosbr/bigoilict/share/BigOil/document_generator/datasets/documents_2021_12_28/pai_2cols_20211228_152855_6631735340_600_800.png,pai_2cols_20211228_152855_6631735340_600_800_mask.png,82.1
7,3,15,6,217,152,232,158,217,152,232,152,232,158,217,158,text,table_text,table_0,courier,regular,7.0,pai_2cols_20211228_152855_6631735340_600_800.png,/scratch/parceirosbr/bigoilict/share/BigOil/document_generator/datasets/documents_2021_12_28/pai_2cols_20211228_152855_6631735340_600_800.png,pai_2cols_20211228_152855_6631735340_600_800_mask.png,35.6
7,3,15,6,217,152,232,158,217,152,232,152,232,158,217,158,sub_line_text,table_text,table_0,courier,regular,7.0,pai_2cols_20211228_152855_6631735340_600_800.png,/scratch/parceirosbr/bigoilict/share/BigOil/document_generator/datasets/documents_2021_12_28/pai_2cols_20211228_152855_6631735340_600_800.png,pai_2cols_20211228_152855_6631735340_600_800_mask.png,35.6
9,3,19,6,213,162,232,168,213,162,232,162,232,168,213,168,text,table_text,table_0,courier,regular,7.0,pai_2cols_20211228_152855_6631735340_600_800.png,/scratch/parceirosbr/bigoilict/share/BigOil/document_generator/datasets/documents_2021_12_28/pai_2cols_20211228_152855_6631735340_600_800.png,pai_2cols_20211228_152855_6631735340_600_800_mask.png,737.7
9,3,19,6,213,162,232,168,213,162,232,162,232,168,213,168,sub_line_text,table_text,table_0,courier,regular,7.0,pai_2cols_20211228_152855_6631735340_600_800.png,/scratch/parceirosbr/bigoilict/share/BigOil/document_generator/datasets/documents_2021_12_28/pai_2cols_20211228_152855_6631735340_600_800.png,pai_2cols_20211228_152855_6631735340_600_800_mask.png,737.7
7,3,15,6,217,172,232,178,217,172,232,172,232,178,217,178,text,table_text,table_0,courier,regular,7.0,pai_2cols_20211228_152855_6631735340_600_800.png,/scratch/parceirosbr/bigoilict/share/BigOil/document_generator/datasets/documents_2021_12_28/pai_2cols_20211228_152855_6631735340_600_800.png,pai_2cols_20211228_152855_6631735340_600_800_mask.png,83.6
7,3,15,6,217,172,232,178,217,172,232,172,232,178,217,178,sub_line_text,table_text,table_0,courier,regular,7.0,pai_2cols_20211228_152855_6631735340_600_800.png,/scratch/parceirosbr/bigoilict/share/BigOil/document_generator/datasets/documents_2021_12_28/pai_2cols_20211228_152855_6631735340_600_800.png,pai_2cols_20211228_152855_6631735340_600_800_mask.png,83.6
7,3,15,6,217,182,232,188,217,182,232,182,232,188,217,188,text,table_text,table_0,courier,regular,7.0,pai_2cols_20211228_152855_6631735340_600_800.png,/scratch/parceirosbr/bigoilict/share/BigOil/document_generator/datasets/documents_2021_12_28/pai_2cols_20211228_152855_6631735340_600_800.png,pai_2cols_20211228_152855_6631735340_600_800_mask.png,92.3
7,3,15,6,217,182,232,188,217,182,232,182,232,188,217,188,sub_line_text,table_text,table_0,courier,regular,7.0,pai_2cols_20211228_152855_6631735340_600_800.png,/scratch/parceirosbr/bigoilict/share/BigOil/document_generator/datasets/documents_2021_12_28/pai_2cols_20211228_152855_6631735340_600_800.png,pai_2cols_20211228_152855_6631735340_600_800_mask.png,92.3
9,3,19,6,213,191,232,197,213,191,232,191,232,197,213,197,text,table_text,table_0,courier,regular,7.0,pai_2cols_20211228_152855_6631735340_600_800.png,/scratch/parceirosbr/bigoilict/share/BigOil/document_generator/datasets/documents_2021_12_28/pai_2cols_20211228_152855_6631735340_600_800.png,pai_2cols_20211228_152855_6631735340_600_800_mask.png,980.5
9,3,19,6,213,191,232,197,213,191,232,191,232,197,213,197,sub_line_text,table_text,table_0,courier,regular,7.0,pai_2cols_20211228_152855_6631735340_600_800.png,/scratch/parceirosbr/bigoilict/share/BigOil/document_generator/datasets/documents_2021_12_28/pai_2cols_20211228_152855_6631735340_600_800.png,pai_2cols_20211228_152855_6631735340_600_800_mask.png,980.5
7,3,15,6,217,201,232,207,217,201,232,201,232,207,217,207,text,table_text,table_0,courier,regular,7.0,pai_2cols_20211228_152855_6631735340_600_800.png,/scratch/parceirosbr/bigoilict/share/BigOil/document_generator/datasets/documents_2021_12_28/pai_2cols_20211228_152855_6631735340_600_800.png,pai_2cols_20211228_152855_6631735340_600_800_mask.png,13.3
7,3,15,6,217,201,232,207,217,201,232,201,232,207,217,207,sub_line_text,table_text,table_0,courier,regular,7.0,pai_2cols_20211228_152855_6631735340_600_800.png,/scratch/parceirosbr/bigoilict/share/BigOil/document_generator/datasets/documents_2021_12_28/pai_2cols_20211228_152855_6631735340_600_800.png,pai_2cols_20211228_152855_6631735340_600_800_mask.png,13.3
7,3,15,6,217,211,232,217,217,211,232,211,232,217,217,217,text,table_text,table_0,courier,regular,7.0,pai_2cols_20211228_152855_6631735340_600_800.png,/scratch/parceirosbr/bigoilict/share/BigOil/document_generator/datasets/documents_2021_12_28/pai_2cols_20211228_152855_6631735340_600_800.png,pai_2cols_20211228_152855_6631735340_600_800_mask.png,94.2
7,3,15,6,217,211,232,217,217,211,232,211,232,217,217,217,sub_line_text,table_text,table_0,courier,regular,7.0,pai_2cols_20211228_152855_6631735340_600_800.png,/scratch/parceirosbr/bigoilict/share/BigOil/document_generator/datasets/documents_2021_12_28/pai_2cols_20211228_152855_6631735340_600_800.png,pai_2cols_20211228_152855_6631735340_600_800_mask.png,94.2
7,3,15,6,217,220,232,226,217,220,232,220,232,226,217,226,text,table_text,table_0,courier,regular,7.0,pai_2cols_20211228_152855_6631735340_600_800.png,/scratch/parceirosbr/bigoilict/share/BigOil/document_generator/datasets/documents_2021_12_28/pai_2cols_20211228_152855_6631735340_600_800.png,pai_2cols_20211228_152855_6631735340_600_800_mask.png,59.2
7,3,15,6,217,220,232,226,217,220,232,220,232,226,217,226,sub_line_text,table_text,table_0,courier,regular,7.0,pai_2cols_20211228_152855_6631735340_600_800.png,/scratch/parceirosbr/bigoilict/share/BigOil/document_generator/datasets/documents_2021_12_28/pai_2cols_20211228_152855_6631735340_600_800.png,pai_2cols_20211228_152855_6631735340_600_800_mask.png,59.2
7,3,15,6,217,230,232,236,217,230,232,230,232,236,217,236,text,table_text,table_0,courier,regular,7.0,pai_2cols_20211228_152855_6631735340_600_800.png,/scratch/parceirosbr/bigoilict/share/BigOil/document_generator/datasets/documents_2021_12_28/pai_2cols_20211228_152855_6631735340_600_800.png,pai_2cols_20211228_152855_6631735340_600_800_mask.png,21.8
7,3,15,6,217,230,232,236,217,230,232,230,232,236,217,236,sub_line_text,table_text,table_0,courier,regular,7.0,pai_2cols_20211228_152855_6631735340_600_800.png,/scratch/parceirosbr/bigoilict/share/BigOil/document_generator/datasets/documents_2021_12_28/pai_2cols_20211228_152855_6631735340_600_800.png,pai_2cols_20211228_152855_6631735340_600_800_mask.png,21.8
7,3,15,6,217,240,232,246,217,240,232,240,232,246,217,246,text,table_text,table_0,courier,regular,7.0,pai_2cols_20211228_152855_6631735340_600_800.png,/scratch/parceirosbr/bigoilict/share/BigOil/document_generator/datasets/documents_2021_12_28/pai_2cols_20211228_152855_6631735340_600_800.png,pai_2cols_20211228_152855_6631735340_600_800_mask.png,31.1
7,3,15,6,217,240,232,246,217,240,232,240,232,246,217,246,sub_line_text,table_text,table_0,courier,regular,7.0,pai_2cols_20211228_152855_6631735340_600_800.png,/scratch/parceirosbr/bigoilict/share/BigOil/document_generator/datasets/documents_2021_12_28/pai_2cols_20211228_152855_6631735340_600_800.png,pai_2cols_20211228_152855_6631735340_600_800_mask.png,31.1
9,3,19,6,213,250,232,256,213,250,232,250,232,256,213,256,text,table_text,table_0,courier,regular,7.0,pai_2cols_20211228_152855_6631735340_600_800.png,/scratch/parceirosbr/bigoilict/share/BigOil/document_generator/datasets/documents_2021_12_28/pai_2cols_20211228_152855_6631735340_600_800.png,pai_2cols_20211228_152855_6631735340_600_800_mask.png,324.2
9,3,19,6,213,250,232,256,213,250,232,250,232,256,213,256,sub_line_text,table_text,table_0,courier,regular,7.0,pai_2cols_20211228_152855_6631735340_600_800.png,/scratch/parceirosbr/bigoilict/share/BigOil/document_generator/datasets/documents_2021_12_28/pai_2cols_20211228_152855_6631735340_600_800.png,pai_2cols_20211228_152855_6631735340_600_800_mask.png,324.2
7,3,15,6,217,259,232,265,217,259,232,259,232,265,217,265,text,table_text,table_0,courier,regular,7.0,pai_2cols_20211228_152855_6631735340_600_800.png,/scratch/parceirosbr/bigoilict/share/BigOil/document_generator/datasets/documents_2021_12_28/pai_2cols_20211228_152855_6631735340_600_800.png,pai_2cols_20211228_152855_6631735340_600_800_mask.png,17.8
7,3,15,6,217,259,232,265,217,259,232,259,232,265,217,265,sub_line_text,table_text,table_0,courier,regular,7.0,pai_2cols_20211228_152855_6631735340_600_800.png,/scratch/parceirosbr/bigoilict/share/BigOil/document_generator/datasets/documents_2021_12_28/pai_2cols_20211228_152855_6631735340_600_800.png,pai_2cols_20211228_152855_6631735340_600_800_mask.png,17.8
9,3,19,6,271,122,290,128,271,122,290,122,290,128,271,128,text,table_text,table_0,courier,regular,7.0,pai_2cols_20211228_152855_6631735340_600_800.png,/scratch/parceirosbr/bigoilict/share/BigOil/document_generator/datasets/documents_2021_12_28/pai_2cols_20211228_152855_6631735340_600_800.png,pai_2cols_20211228_152855_6631735340_600_800_mask.png,óxido
9,3,19,6,271,122,290,128,271,122,290,122,290,128,271,128,sub_line_text,table_text,table_0,courier,regular,7.0,pai_2cols_20211228_152855_6631735340_600_800.png,/scratch/parceirosbr/bigoilict/share/BigOil/document_generator/datasets/documents_2021_12_28/pai_2cols_20211228_152855_6631735340_600_800.png,pai_2cols_20211228_152855_6631735340_600_800_mask.png,óxido
11,3,23,6,267,129,290,135,267,129,290,129,290,135,267,135,text,table_text,table_0,courier,regular,7.0,pai_2cols_20211228_152855_6631735340_600_800.png,/scratch/parceirosbr/bigoilict/share/BigOil/document_generator/datasets/documents_2021_12_28/pai_2cols_20211228_152855_6631735340_600_800.png,pai_2cols_20211228_152855_6631735340_600_800_mask.png,global
11,3,23,6,267,129,290,135,267,129,290,129,290,135,267,135,sub_line_text,table_text,table_0,courier,regular,7.0,pai_2cols_20211228_152855_6631735340_600_800.png,/scratch/parceirosbr/bigoilict/share/BigOil/document_generator/datasets/documents_2021_12_28/pai_2cols_20211228_152855_6631735340_600_800.png,pai_2cols_20211228_152855_6631735340_600_800_mask.png,global
17,3,34,6,256,143,290,149,256,143,290,143,290,149,256,149,text,table_text,table_0,courier,regular,7.0,pai_2cols_20211228_152855_6631735340_600_800.png,/scratch/parceirosbr/bigoilict/share/BigOil/document_generator/datasets/documents_2021_12_28/pai_2cols_20211228_152855_6631735340_600_800.png,pai_2cols_20211228_152855_6631735340_600_800_mask.png,288246.69
17,3,34,6,256,143,290,149,256,143,290,143,290,149,256,149,sub_line_text,table_text,table_0,courier,regular,7.0,pai_2cols_20211228_152855_6631735340_600_800.png,/scratch/parceirosbr/bigoilict/share/BigOil/document_generator/datasets/documents_2021_12_28/pai_2cols_20211228_152855_6631735340_600_800.png,pai_2cols_20211228_152855_6631735340_600_800_mask.png,288246.69
21,3,42,6,248,152,290,158,248,152,290,152,290,158,248,158,text,table_text,table_0,courier,regular,7.0,pai_2cols_20211228_152855_6631735340_600_800.png,/scratch/parceirosbr/bigoilict/share/BigOil/document_generator/datasets/documents_2021_12_28/pai_2cols_20211228_152855_6631735340_600_800.png,pai_2cols_20211228_152855_6631735340_600_800_mask.png,18956013.19
21,3,42,6,248,152,290,158,248,152,290,152,290,158,248,158,sub_line_text,table_text,table_0,courier,regular,7.0,pai_2cols_20211228_152855_6631735340_600_800.png,/scratch/parceirosbr/bigoilict/share/BigOil/document_generator/datasets/documents_2021_12_28/pai_2cols_20211228_152855_6631735340_600_800.png,pai_2cols_20211228_152855_6631735340_600_800_mask.png,18956013.19
17,3,34,6,256,162,290,168,256,162,290,162,290,168,256,168,text,table_text,table_0,courier,regular,7.0,pai_2cols_20211228_152855_6631735340_600_800.png,/scratch/parceirosbr/bigoilict/share/BigOil/document_generator/datasets/documents_2021_12_28/pai_2cols_20211228_152855_6631735340_600_800.png,pai_2cols_20211228_152855_6631735340_600_800_mask.png,965290.53
17,3,34,6,256,162,290,168,256,162,290,162,290,168,256,168,sub_line_text,table_text,table_0,courier,regular,7.0,pai_2cols_20211228_152855_6631735340_600_800.png,/scratch/parceirosbr/bigoilict/share/BigOil/document_generator/datasets/documents_2021_12_28/pai_2cols_20211228_152855_6631735340_600_800.png,pai_2cols_20211228_152855_6631735340_600_800_mask.png,965290.53
15,3,31,6,260,172,291,178,260,172,291,172,291,178,260,178,text,table_text,table_0,courier,regular,7.0,pai_2cols_20211228_152855_6631735340_600_800.png,/scratch/parceirosbr/bigoilict/share/BigOil/document_generator/datasets/documents_2021_12_28/pai_2cols_20211228_152855_6631735340_600_800.png,pai_2cols_20211228_152855_6631735340_600_800_mask.png,56423.71
15,3,31,6,260,172,291,178,260,172,291,172,291,178,260,178,sub_line_text,table_text,table_0,courier,regular,7.0,pai_2cols_20211228_152855_6631735340_600_800.png,/scratch/parceirosbr/bigoilict/share/BigOil/document_generator/datasets/documents_2021_12_28/pai_2cols_20211228_152855_6631735340_600_800.png,pai_2cols_20211228_152855_6631735340_600_800_mask.png,56423.71
15,3,31,6,260,182,291,188,260,182,291,182,291,188,260,188,text,table_text,table_0,courier,regular,7.0,pai_2cols_20211228_152855_6631735340_600_800.png,/scratch/parceirosbr/bigoilict/share/BigOil/document_generator/datasets/documents_2021_12_28/pai_2cols_20211228_152855_6631735340_600_800.png,pai_2cols_20211228_152855_6631735340_600_800_mask.png,66693.14
15,3,31,6,260,182,291,188,260,182,291,182,291,188,260,188,sub_line_text,table_text,table_0,courier,regular,7.0,pai_2cols_20211228_152855_6631735340_600_800.png,/scratch/parceirosbr/bigoilict/share/BigOil/document_generator/datasets/documents_2021_12_28/pai_2cols_20211228_152855_6631735340_600_800.png,pai_2cols_20211228_152855_6631735340_600_800_mask.png,66693.14
19,3,38,6,252,191,290,197,252,191,290,191,290,197,252,197,text,table_text,table_0,courier,regular,7.0,pai_2cols_20211228_152855_6631735340_600_800.png,/scratch/parceirosbr/bigoilict/share/BigOil/document_generator/datasets/documents_2021_12_28/pai_2cols_20211228_152855_6631735340_600_800.png,pai_2cols_20211228_152855_6631735340_600_800_mask.png,3964324.37
19,3,38,6,252,191,290,197,252,191,290,191,290,197,252,197,sub_line_text,table_text,table_0,courier,regular,7.0,pai_2cols_20211228_152855_6631735340_600_800.png,/scratch/parceirosbr/bigoilict/share/BigOil/document_generator/datasets/documents_2021_12_28/pai_2cols_20211228_152855_6631735340_600_800.png,pai_2cols_20211228_152855_6631735340_600_800_mask.png,3964324.37
19,3,38,6,252,201,290,207,252,201,290,201,290,207,252,207,text,table_text,table_0,courier,regular,7.0,pai_2cols_20211228_152855_6631735340_600_800.png,/scratch/parceirosbr/bigoilict/share/BigOil/document_generator/datasets/documents_2021_12_28/pai_2cols_20211228_152855_6631735340_600_800.png,pai_2cols_20211228_152855_6631735340_600_800_mask.png,6460599.39
19,3,38,6,252,201,290,207,252,201,290,201,290,207,252,207,sub_line_text,table_text,table_0,courier,regular,7.0,pai_2cols_20211228_152855_6631735340_600_800.png,/scratch/parceirosbr/bigoilict/share/BigOil/document_generator/datasets/documents_2021_12_28/pai_2cols_20211228_152855_6631735340_600_800.png,pai_2cols_20211228_152855_6631735340_600_800_mask.png,6460599.39
17,3,34,6,256,211,290,217,256,211,290,211,290,217,256,217,text,table_text,table_0,courier,regular,7.0,pai_2cols_20211228_152855_6631735340_600_800.png,/scratch/parceirosbr/bigoilict/share/BigOil/document_generator/datasets/documents_2021_12_28/pai_2cols_20211228_152855_6631735340_600_800.png,pai_2cols_20211228_152855_6631735340_600_800_mask.png,739203.68
17,3,34,6,256,211,290,217,256,211,290,211,290,217,256,217,sub_line_text,table_text,table_0,courier,regular,7.0,pai_2cols_20211228_152855_6631735340_600_800.png,/scratch/parceirosbr/bigoilict/share/BigOil/document_generator/datasets/documents_2021_12_28/pai_2cols_20211228_152855_6631735340_600_800.png,pai_2cols_20211228_152855_6631735340_600_800_mask.png,739203.68
19,3,38,6,252,220,290,226,252,220,290,220,290,226,252,226,text,table_text,table_0,courier,regular,7.0,pai_2cols_20211228_152855_6631735340_600_800.png,/scratch/parceirosbr/bigoilict/share/BigOil/document_generator/datasets/documents_2021_12_28/pai_2cols_20211228_152855_6631735340_600_800.png,pai_2cols_20211228_152855_6631735340_600_800_mask.png,2769966.96
19,3,38,6,252,220,290,226,252,220,290,220,290,226,252,226,sub_line_text,table_text,table_0,courier,regular,7.0,pai_2cols_20211228_152855_6631735340_600_800.png,/scratch/parceirosbr/bigoilict/share/BigOil/document_generator/datasets/documents_2021_12_28/pai_2cols_20211228_152855_6631735340_600_800.png,pai_2cols_20211228_152855_6631735340_600_800_mask.png,2769966.96
19,3,38,6,252,230,290,236,252,230,290,230,290,236,252,236,text,table_text,table_0,courier,regular,7.0,pai_2cols_20211228_152855_6631735340_600_800.png,/scratch/parceirosbr/bigoilict/share/BigOil/document_generator/datasets/documents_2021_12_28/pai_2cols_20211228_152855_6631735340_600_800.png,pai_2cols_20211228_152855_6631735340_600_800_mask.png,2300780.22
19,3,38,6,252,230,290,236,252,230,290,230,290,236,252,236,sub_line_text,table_text,table_0,courier,regular,7.0,pai_2cols_20211228_152855_6631735340_600_800.png,/scratch/parceirosbr/bigoilict/share/BigOil/document_generator/datasets/documents_2021_12_28/pai_2cols_20211228_152855_6631735340_600_800.png,pai_2cols_20211228_152855_6631735340_600_800_mask.png,2300780.22
19,3,38,6,252,240,290,246,252,240,290,240,290,246,252,246,text,table_text,table_0,courier,regular,7.0,pai_2cols_20211228_152855_6631735340_600_800.png,/scratch/parceirosbr/bigoilict/share/BigOil/document_generator/datasets/documents_2021_12_28/pai_2cols_20211228_152855_6631735340_600_800.png,pai_2cols_20211228_152855_6631735340_600_800_mask.png,3372827.69
19,3,38,6,252,240,290,246,252,240,290,240,290,246,252,246,sub_line_text,table_text,table_0,courier,regular,7.0,pai_2cols_20211228_152855_6631735340_600_800.png,/scratch/parceirosbr/bigoilict/share/BigOil/document_generator/datasets/documents_2021_12_28/pai_2cols_20211228_152855_6631735340_600_800.png,pai_2cols_20211228_152855_6631735340_600_800_mask.png,3372827.69
21,3,42,6,248,250,290,256,248,250,290,250,290,256,248,256,text,table_text,table_0,courier,regular,7.0,pai_2cols_20211228_152855_6631735340_600_800.png,/scratch/parceirosbr/bigoilict/share/BigOil/document_generator/datasets/documents_2021_12_28/pai_2cols_20211228_152855_6631735340_600_800.png,pai_2cols_20211228_152855_6631735340_600_800_mask.png,51799631.36
21,3,42,6,248,250,290,256,248,250,290,250,290,256,248,256,sub_line_text,table_text,table_0,courier,regular,7.0,pai_2cols_20211228_152855_6631735340_600_800.png,/scratch/parceirosbr/bigoilict/share/BigOil/document_generator/datasets/documents_2021_12_28/pai_2cols_20211228_152855_6631735340_600_800.png,pai_2cols_20211228_152855_6631735340_600_800_mask.png,51799631.36
15,3,31,6,260,259,291,265,260,259,291,259,291,265,260,265,text,table_text,table_0,courier,regular,7.0,pai_2cols_20211228_152855_6631735340_600_800.png,/scratch/parceirosbr/bigoilict/share/BigOil/document_generator/datasets/documents_2021_12_28/pai_2cols_20211228_152855_6631735340_600_800.png,pai_2cols_20211228_152855_6631735340_600_800_mask.png,71872.63
15,3,31,6,260,259,291,265,260,259,291,259,291,265,260,265,sub_line_text,table_text,table_0,courier,regular,7.0,pai_2cols_20211228_152855_6631735340_600_800.png,/scratch/parceirosbr/bigoilict/share/BigOil/document_generator/datasets/documents_2021_12_28/pai_2cols_20211228_152855_6631735340_600_800.png,pai_2cols_20211228_152855_6631735340_600_800_mask.png,71872.63
95,3,191,7,91,290,282,297,91,290,282,290,282,297,91,297,sub_line_text,figure_legend,figure_0,roboto,bold,6,pai_2cols_20211228_152855_6631735340_600_800.png,/scratch/parceirosbr/bigoilict/share/BigOil/document_generator/datasets/documents_2021_12_28/pai_2cols_20211228_152855_6631735340_600_800.png,pai_2cols_20211228_152855_6631735340_600_800_mask.png,Figure   91:      Como   e   estão   fixados   é  possível  manipular  a  eq-
95,3,190,7,91,300,281,307,91,300,281,300,281,307,91,307,sub_line_text,figure_legend,figure_0,roboto,bold,6,pai_2cols_20211228_152855_6631735340_600_800.png,/scratch/parceirosbr/bigoilict/share/BigOil/document_generator/datasets/documents_2021_12_28/pai_2cols_20211228_152855_6631735340_600_800.png,pai_2cols_20211228_152855_6631735340_600_800_mask.png,uação   e   obter   a   equação.   Com   a   emergência   da   teoria  dos
50,3,100,7,91,310,191,317,91,310,191,310,191,317,91,317,sub_line_text,figure_legend,figure_0,roboto,bold,6,pai_2cols_20211228_152855_6631735340_600_800.png,/scratch/parceirosbr/bigoilict/share/BigOil/document_generator/datasets/documents_2021_12_28/pai_2cols_20211228_152855_6631735340_600_800.png,pai_2cols_20211228_152855_6631735340_600_800_mask.png,"custos de transação, desenvolvida por"
95,13,191,27,91,290,282,317,91,290,282,290,282,317,91,317,text,figure_legend,figure_0,roboto,bold,6,pai_2cols_20211228_152855_6631735340_600_800.png,/scratch/parceirosbr/bigoilict/share/BigOil/document_generator/datasets/documents_2021_12_28/pai_2cols_20211228_152855_6631735340_600_800.png,pai_2cols_20211228_152855_6631735340_600_800_mask.png,nan
116,38,232,77,67,322,299,399,67,322,299,322,299,399,67,399,image,figure_image,figure_0,,,,pai_2cols_20211228_152855_6631735340_600_800.png,/scratch/parceirosbr/bigoilict/share/BigOil/document_generator/datasets/documents_2021_12_28/pai_2cols_20211228_152855_6631735340_600_800.png,pai_2cols_20211228_152855_6631735340_600_800_mask.png,output/gen_img_20211228_152856_7523065095.png
4,1,8,2,239,359,247,361,239,359,247,359,247,362,238,361,text,figure_text,figure_0,,,,pai_2cols_20211228_152855_6631735340_600_800.png,/scratch/parceirosbr/bigoilict/share/BigOil/document_generator/datasets/documents_2021_12_28/pai_2cols_20211228_152855_6631735340_600_800.png,pai_2cols_20211228_152855_6631735340_600_800_mask.png,-1129.194
4,1,8,2,239,359,247,361,239,359,247,359,247,362,238,361,sub_line_text,figure_text,figure_0,,,,pai_2cols_20211228_152855_6631735340_600_800.png,/scratch/parceirosbr/bigoilict/share/BigOil/document_generator/datasets/documents_2021_12_28/pai_2cols_20211228_152855_6631735340_600_800.png,pai_2cols_20211228_152855_6631735340_600_800_mask.png,-1129.194
2,1,5,2,287,357,292,359,287,357,292,357,292,359,287,359,text,figure_text,figure_0,,,,pai_2cols_20211228_152855_6631735340_600_800.png,/scratch/parceirosbr/bigoilict/share/BigOil/document_generator/datasets/documents_2021_12_28/pai_2cols_20211228_152855_6631735340_600_800.png,pai_2cols_20211228_152855_6631735340_600_800_mask.png,Leak
2,1,5,2,287,357,292,359,287,357,292,357,292,359,287,359,sub_line_text,figure_text,figure_0,,,,pai_2cols_20211228_152855_6631735340_600_800.png,/scratch/parceirosbr/bigoilict/share/BigOil/document_generator/datasets/documents_2021_12_28/pai_2cols_20211228_152855_6631735340_600_800.png,pai_2cols_20211228_152855_6631735340_600_800_mask.png,Leak
4,1,9,3,269,380,278,383,269,381,278,380,278,383,269,383,text,figure_text,figure_0,,,,pai_2cols_20211228_152855_6631735340_600_800.png,/scratch/parceirosbr/bigoilict/share/BigOil/document_generator/datasets/documents_2021_12_28/pai_2cols_20211228_152855_6631735340_600_800.png,pai_2cols_20211228_152855_6631735340_600_800_mask.png,-1349.53%
4,1,9,3,269,380,278,383,269,381,278,380,278,383,269,383,sub_line_text,figure_text,figure_0,,,,pai_2cols_20211228_152855_6631735340_600_800.png,/scratch/parceirosbr/bigoilict/share/BigOil/document_generator/datasets/documents_2021_12_28/pai_2cols_20211228_152855_6631735340_600_800.png,pai_2cols_20211228_152855_6631735340_600_800_mask.png,-1349.53%
3,0,7,1,201,378,208,379,201,377,208,378,208,381,200,379,text,figure_text,figure_0,,,,pai_2cols_20211228_152855_6631735340_600_800.png,/scratch/parceirosbr/bigoilict/share/BigOil/document_generator/datasets/documents_2021_12_28/pai_2cols_20211228_152855_6631735340_600_800.png,pai_2cols_20211228_152855_6631735340_600_800_mask.png,-6667.0
3,0,7,1,201,378,208,379,201,377,208,378,208,381,200,379,sub_line_text,figure_text,figure_0,,,,pai_2cols_20211228_152855_6631735340_600_800.png,/scratch/parceirosbr/bigoilict/share/BigOil/document_generator/datasets/documents_2021_12_28/pai_2cols_20211228_152855_6631735340_600_800.png,pai_2cols_20211228_152855_6631735340_600_800_mask.png,-6667.0
4,0,8,0,90,349,98,349,90,347,99,349,98,351,90,349,text,figure_text,figure_0,,,,pai_2cols_20211228_152855_6631735340_600_800.png,/scratch/parceirosbr/bigoilict/share/BigOil/document_generator/datasets/documents_2021_12_28/pai_2cols_20211228_152855_6631735340_600_800.png,pai_2cols_20211228_152855_6631735340_600_800_mask.png,Statistics
4,0,8,0,90,349,98,349,90,347,99,349,98,351,90,349,sub_line_text,figure_text,figure_0,,,,pai_2cols_20211228_152855_6631735340_600_800.png,/scratch/parceirosbr/bigoilict/share/BigOil/document_generator/datasets/documents_2021_12_28/pai_2cols_20211228_152855_6631735340_600_800.png,pai_2cols_20211228_152855_6631735340_600_800_mask.png,Statistics
100,4,200,8,97,404,297,412,97,404,297,404,297,412,97,412,sub_line_text,text,text_0,roboto,regular,7,pai_2cols_20211228_152855_6631735340_600_800.png,/scratch/parceirosbr/bigoilict/share/BigOil/document_generator/datasets/documents_2021_12_28/pai_2cols_20211228_152855_6631735340_600_800.png,pai_2cols_20211228_152855_6631735340_600_800_mask.png,"In  this  way,  licenses  are  linked,  so that one license licens-"
115,4,230,8,67,416,297,424,67,416,297,416,297,424,67,424,sub_line_text,text,text_0,roboto,regular,7,pai_2cols_20211228_152855_6631735340_600_800.png,/scratch/parceirosbr/bigoilict/share/BigOil/document_generator/datasets/documents_2021_12_28/pai_2cols_20211228_152855_6631735340_600_800.png,pai_2cols_20211228_152855_6631735340_600_800_mask.png,"es  are  linked,  so  that  one  license licenses are linked, so that one li-"
114,4,229,8,67,428,296,436,67,428,296,428,296,436,67,436,sub_line_text,text,text_0,roboto,regular,7,pai_2cols_20211228_152855_6631735340_600_800.png,/scratch/parceirosbr/bigoilict/share/BigOil/document_generator/datasets/documents_2021_12_28/pai_2cols_20211228_152855_6631735340_600_800.png,pai_2cols_20211228_152855_6631735340_600_800_mask.png,"cense  to  obtain  the  next  one.  In  this  way,  with  the  increase in the"
115,4,230,8,67,440,297,448,67,440,297,440,297,448,67,448,sub_line_text,text,text_0,roboto,regular,7,pai_2cols_20211228_152855_6631735340_600_800.png,/scratch/parceirosbr/bigoilict/share/BigOil/document_generator/datasets/documents_2021_12_28/pai_2cols_20211228_152855_6631735340_600_800.png,pai_2cols_20211228_152855_6631735340_600_800_mask.png,"number  of  wells  drilled  and  fractured,  it  will  be  possible to evaluat-"
115,4,230,8,67,452,297,460,67,452,297,452,297,460,67,460,sub_line_text,text,text_0,roboto,regular,7,pai_2cols_20211228_152855_6631735340_600_800.png,/scratch/parceirosbr/bigoilict/share/BigOil/document_generator/datasets/documents_2021_12_28/pai_2cols_20211228_152855_6631735340_600_800.png,pai_2cols_20211228_152855_6631735340_600_800_mask.png,"e,  even  geographically,  the  effectiveness  of  the  risk  analysis  meth-"
114,4,229,8,67,464,296,472,67,464,296,464,296,472,67,472,sub_line_text,text,text_0,roboto,regular,7,pai_2cols_20211228_152855_6631735340_600_800.png,/scratch/parceirosbr/bigoilict/share/BigOil/document_generator/datasets/documents_2021_12_28/pai_2cols_20211228_152855_6631735340_600_800.png,pai_2cols_20211228_152855_6631735340_600_800_mask.png,"odologies,  the  scenarios  and  the  mitigation  measures  employed, in"
115,4,230,8,67,476,297,484,67,476,297,476,297,484,67,484,sub_line_text,text,text_0,roboto,regular,7,pai_2cols_20211228_152855_6631735340_600_800.png,/scratch/parceirosbr/bigoilict/share/BigOil/document_generator/datasets/documents_2021_12_28/pai_2cols_20211228_152855_6631735340_600_800.png,pai_2cols_20211228_152855_6631735340_600_800_mask.png,"order  to  improve  the  management  of  the  activity. 94 5 .. Além disso,"
115,4,230,8,67,488,297,496,67,488,297,488,297,496,67,496,sub_line_text,text,text_0,roboto,regular,7,pai_2cols_20211228_152855_6631735340_600_800.png,/scratch/parceirosbr/bigoilict/share/BigOil/document_generator/datasets/documents_2021_12_28/pai_2cols_20211228_152855_6631735340_600_800.png,pai_2cols_20211228_152855_6631735340_600_800_mask.png,foi  incluído  aqui  um  termo  que  leva em conta o pH do meio de culti-
115,4,230,8,67,500,297,508,67,500,297,500,297,508,67,508,sub_line_text,text,text_0,roboto,regular,7,pai_2cols_20211228_152855_6631735340_600_800.png,/scratch/parceirosbr/bigoilict/share/BigOil/document_generator/datasets/documents_2021_12_28/pai_2cols_20211228_152855_6631735340_600_800.png,pai_2cols_20211228_152855_6631735340_600_800_mask.png,vo  e  o  equacionamento  é  colocado na forma adimensional. Ainda s-
115,4,230,8,67,512,297,520,67,512,297,512,297,520,67,520,sub_line_text,text,text_0,roboto,regular,7,pai_2cols_20211228_152855_6631735340_600_800.png,/scratch/parceirosbr/bigoilict/share/BigOil/document_generator/datasets/documents_2021_12_28/pai_2cols_20211228_152855_6631735340_600_800.png,pai_2cols_20211228_152855_6631735340_600_800_mask.png,"egundo  a  12653  1992),  os  materiais  pozolânicos  são classificados"
115,4,230,8,67,524,297,532,67,524,297,524,297,532,67,532,sub_line_text,text,text_0,roboto,regular,7,pai_2cols_20211228_152855_6631735340_600_800.png,/scratch/parceirosbr/bigoilict/share/BigOil/document_generator/datasets/documents_2021_12_28/pai_2cols_20211228_152855_6631735340_600_800.png,pai_2cols_20211228_152855_6631735340_600_800_mask.png,"em  três  classes,  e  conforme  apresenta  a  2.2.  Due  to  its great attr-"
105,4,211,8,67,536,278,544,67,536,278,536,278,544,67,544,sub_line_text,text,text_0,roboto,regular,7,pai_2cols_20211228_152855_6631735340_600_800.png,/scratch/parceirosbr/bigoilict/share/BigOil/document_generator/datasets/documents_2021_12_28/pai_2cols_20211228_152855_6631735340_600_800.png,pai_2cols_20211228_152855_6631735340_600_800_mask.png,"activeness in relation to environmental issues, highlighting the gr."
115,70,230,140,67,404,297,544,67,404,297,404,297,544,67,544,text,text,text_0,roboto,regular,7,pai_2cols_20211228_152855_6631735340_600_800.png,/scratch/parceirosbr/bigoilict/share/BigOil/document_generator/datasets/documents_2021_12_28/pai_2cols_20211228_152855_6631735340_600_800.png,pai_2cols_20211228_152855_6631735340_600_800_mask.png,nan
100,4,200,8,97,549,297,557,97,549,297,549,297,557,97,557,sub_line_text,text,text_1,roboto,regular,7,pai_2cols_20211228_152855_6631735340_600_800.png,/scratch/parceirosbr/bigoilict/share/BigOil/document_generator/datasets/documents_2021_12_28/pai_2cols_20211228_152855_6631735340_600_800.png,pai_2cols_20211228_152855_6631735340_600_800_mask.png,"Based  on  the  result  found,  we  have  that  the  adsorption of"
114,4,229,8,67,561,296,569,67,561,296,561,296,569,67,569,sub_line_text,text,text_1,roboto,regular,7,pai_2cols_20211228_152855_6631735340_600_800.png,/scratch/parceirosbr/bigoilict/share/BigOil/document_generator/datasets/documents_2021_12_28/pai_2cols_20211228_152855_6631735340_600_800.png,pai_2cols_20211228_152855_6631735340_600_800_mask.png,the  study  in  question  happens  in  monolayer  and without interaction
114,4,229,8,67,573,296,581,67,573,296,573,296,581,67,581,sub_line_text,text,text_1,roboto,regular,7,pai_2cols_20211228_152855_6631735340_600_800.png,/scratch/parceirosbr/bigoilict/share/BigOil/document_generator/datasets/documents_2021_12_28/pai_2cols_20211228_152855_6631735340_600_800.png,pai_2cols_20211228_152855_6631735340_600_800_mask.png,between  neighboring  sites.  37.  Percentage  of  infraction  notices  m-
115,4,230,8,67,585,297,593,67,585,297,585,297,593,67,593,sub_line_text,text,text_1,roboto,regular,7,pai_2cols_20211228_152855_6631735340_600_800.png,/scratch/parceirosbr/bigoilict/share/BigOil/document_generator/datasets/documents_2021_12_28/pai_2cols_20211228_152855_6631735340_600_800.png,pai_2cols_20211228_152855_6631735340_600_800_mask.png,otivated   by  non-conformity  of  fuels  non-conformity  of  fuels  in  relat-
114,4,229,8,67,597,296,605,67,597,296,597,296,605,67,605,sub_line_text,text,text_1,roboto,regular,7,pai_2cols_20211228_152855_6631735340_600_800.png,/scratch/parceirosbr/bigoilict/share/BigOil/document_generator/datasets/documents_2021_12_28/pai_2cols_20211228_152855_6631735340_600_800.png,pai_2cols_20211228_152855_6631735340_600_800_mask.png,ion  to  25%  20%  15% 10% 5% 0%. No presente estudo é proposta a int-
114,4,229,8,67,609,296,617,67,609,296,609,296,617,67,617,sub_line_text,text,text_1,roboto,regular,7,pai_2cols_20211228_152855_6631735340_600_800.png,/scratch/parceirosbr/bigoilict/share/BigOil/document_generator/datasets/documents_2021_12_28/pai_2cols_20211228_152855_6631735340_600_800.png,pai_2cols_20211228_152855_6631735340_600_800_mask.png,"rodução,  como  informação  a  priori,  de  inclinações  das magnetizaç-"
115,4,230,8,67,621,297,629,67,621,297,621,297,629,67,629,sub_line_text,text,text_1,roboto,regular,7,pai_2cols_20211228_152855_6631735340_600_800.png,/scratch/parceirosbr/bigoilict/share/BigOil/document_generator/datasets/documents_2021_12_28/pai_2cols_20211228_152855_6631735340_600_800.png,pai_2cols_20211228_152855_6631735340_600_800_mask.png,"ões  variáveis  ao  longo  do  modelo,  objetivando  simular  a  presença"
114,4,229,8,67,633,296,641,67,633,296,633,296,641,67,641,sub_line_text,text,text_1,roboto,regular,7,pai_2cols_20211228_152855_6631735340_600_800.png,/scratch/parceirosbr/bigoilict/share/BigOil/document_generator/datasets/documents_2021_12_28/pai_2cols_20211228_152855_6631735340_600_800.png,pai_2cols_20211228_152855_6631735340_600_800_mask.png,de  regiões  com  magnetizações  remanescentes inseridas no modelo
114,4,229,8,67,645,296,653,67,645,296,645,296,653,67,653,sub_line_text,text,text_1,roboto,regular,7,pai_2cols_20211228_152855_6631735340_600_800.png,/scratch/parceirosbr/bigoilict/share/BigOil/document_generator/datasets/documents_2021_12_28/pai_2cols_20211228_152855_6631735340_600_800.png,pai_2cols_20211228_152855_6631735340_600_800_mask.png,de  prismas  superpostos.  Uma  maior viscosidade e uma menor volat-
115,4,230,8,67,657,297,665,67,657,297,657,297,665,67,665,sub_line_text,text,text_1,roboto,regular,7,pai_2cols_20211228_152855_6631735340_600_800.png,/scratch/parceirosbr/bigoilict/share/BigOil/document_generator/datasets/documents_2021_12_28/pai_2cols_20211228_152855_6631735340_600_800.png,pai_2cols_20211228_152855_6631735340_600_800_mask.png,"ilidade  prejudicam  a  atomização,  aumentando  o  atraso  da  ignição."
107,4,214,8,67,669,281,677,67,669,281,669,281,677,67,677,sub_line_text,text,text_1,roboto,regular,7,pai_2cols_20211228_152855_6631735340_600_800.png,/scratch/parceirosbr/bigoilict/share/BigOil/document_generator/datasets/documents_2021_12_28/pai_2cols_20211228_152855_6631735340_600_800.png,pai_2cols_20211228_152855_6631735340_600_800_mask.png,5. da injeção: um dos fatores com maior influência sobre o atraso.
115,64,230,128,67,549,297,677,67,549,297,549,297,677,67,677,text,text,text_1,roboto,regular,7,pai_2cols_20211228_152855_6631735340_600_800.png,/scratch/parceirosbr/bigoilict/share/BigOil/document_generator/datasets/documents_2021_12_28/pai_2cols_20211228_152855_6631735340_600_800.png,pai_2cols_20211228_152855_6631735340_600_800_mask.png,nan
99,4,199,8,97,682,296,690,97,682,296,682,296,690,97,690,sub_line_text,text,text_2,roboto,regular,7,pai_2cols_20211228_152855_6631735340_600_800.png,/scratch/parceirosbr/bigoilict/share/BigOil/document_generator/datasets/documents_2021_12_28/pai_2cols_20211228_152855_6631735340_600_800.png,pai_2cols_20211228_152855_6631735340_600_800_mask.png,A  presente  foi  elaborada  com  a finalidade de analisar a di-
114,4,229,8,67,694,296,702,67,694,296,694,296,702,67,702,sub_line_text,text,text_2,roboto,regular,7,pai_2cols_20211228_152855_6631735340_600_800.png,/scratch/parceirosbr/bigoilict/share/BigOil/document_generator/datasets/documents_2021_12_28/pai_2cols_20211228_152855_6631735340_600_800.png,pai_2cols_20211228_152855_6631735340_600_800_mask.png,"nâmica  de  formação  de  preços  no mercado de gás natural, conside-"
107,4,215,8,67,706,282,714,67,706,282,706,282,714,67,714,sub_line_text,text,text_2,roboto,regular,7,pai_2cols_20211228_152855_6631735340_600_800.png,/scratch/parceirosbr/bigoilict/share/BigOil/document_generator/datasets/documents_2021_12_28/pai_2cols_20211228_152855_6631735340_600_800.png,pai_2cols_20211228_152855_6631735340_600_800_mask.png,rando tanto a regulamentação vigente e quanto a estrutura da indú.
114,16,229,32,67,682,296,714,67,682,296,682,296,714,67,714,text,text,text_2,roboto,regular,7,pai_2cols_20211228_152855_6631735340_600_800.png,/scratch/parceirosbr/bigoilict/share/BigOil/document_generator/datasets/documents_2021_12_28/pai_2cols_20211228_152855_6631735340_600_800.png,pai_2cols_20211228_152855_6631735340_600_800_mask.png,nan
97,6,195,13,328,87,523,100,328,87,523,87,523,100,328,100,sub_line_text,subtitle,subtitle_0,roboto,regular,11,pai_2cols_20211228_152855_6631735340_600_800.png,/scratch/parceirosbr/bigoilict/share/BigOil/document_generator/datasets/documents_2021_12_28/pai_2cols_20211228_152855_6631735340_600_800.png,pai_2cols_20211228_152855_6631735340_600_800_mask.png,Dentre diversos suportes base carbono
97,6,195,13,328,87,523,100,328,87,523,87,523,100,328,100,title,subtitle,subtitle_0,roboto,regular,11,pai_2cols_20211228_152855_6631735340_600_800.png,/scratch/parceirosbr/bigoilict/share/BigOil/document_generator/datasets/documents_2021_12_28/pai_2cols_20211228_152855_6631735340_600_800.png,pai_2cols_20211228_152855_6631735340_600_800_mask.png,nan
116,58,232,116,328,106,560,222,328,106,560,106,560,222,328,222,list,list,list_1,roboto,roboto,7,pai_2cols_20211228_152855_6631735340_600_800.png,/scratch/parceirosbr/bigoilict/share/BigOil/document_generator/datasets/documents_2021_12_28/pai_2cols_20211228_152855_6631735340_600_800.png,pai_2cols_20211228_152855_6631735340_600_800_mask.png,
116,4,232,8,328,106,560,114,328,106,560,106,560,114,328,114,sub_line_text,list,list_1,roboto,regular,7,pai_2cols_20211228_152855_6631735340_600_800.png,/scratch/parceirosbr/bigoilict/share/BigOil/document_generator/datasets/documents_2021_12_28/pai_2cols_20211228_152855_6631735340_600_800.png,pai_2cols_20211228_152855_6631735340_600_800_mask.png,"*  In  2013,  petroleum  derivatives exports totaled 14.1 million m3, after a"
36,4,73,8,335,118,408,126,335,118,408,118,408,126,335,126,sub_line_text,list,list_1,roboto,regular,7,pai_2cols_20211228_152855_6631735340_600_800.png,/scratch/parceirosbr/bigoilict/share/BigOil/document_generator/datasets/documents_2021_12_28/pai_2cols_20211228_152855_6631735340_600_800.png,pai_2cols_20211228_152855_6631735340_600_800_mask.png,5.5% drop compared to
115,4,231,8,328,130,559,138,328,130,559,130,559,138,328,138,sub_line_text,list,list_1,roboto,regular,7,pai_2cols_20211228_152855_6631735340_600_800.png,/scratch/parceirosbr/bigoilict/share/BigOil/document_generator/datasets/documents_2021_12_28/pai_2cols_20211228_152855_6631735340_600_800.png,pai_2cols_20211228_152855_6631735340_600_800_mask.png,"*  Sources:  except  for  marine  fuel oil; for marine fuel oil, fuel oil, diesel"
11,4,22,8,335,142,357,150,335,142,357,142,357,150,335,150,sub_line_text,list,list_1,roboto,regular,7,pai_2cols_20211228_152855_6631735340_600_800.png,/scratch/parceirosbr/bigoilict/share/BigOil/document_generator/datasets/documents_2021_12_28/pai_2cols_20211228_152855_6631735340_600_800.png,pai_2cols_20211228_152855_6631735340_600_800_mask.png,oil and
115,4,231,8,328,154,559,162,328,154,559,154,559,162,328,162,sub_line_text,list,list_1,roboto,regular,7,pai_2cols_20211228_152855_6631735340_600_800.png,/scratch/parceirosbr/bigoilict/share/BigOil/document_generator/datasets/documents_2021_12_28/pai_2cols_20211228_152855_6631735340_600_800.png,pai_2cols_20211228_152855_6631735340_600_800_mask.png,"*  In   the   oil   industry,   the   seismic   interpretation   aims  to  identify"
85,4,171,8,335,166,506,174,335,166,506,166,506,174,335,174,sub_line_text,list,list_1,roboto,regular,7,pai_2cols_20211228_152855_6631735340_600_800.png,/scratch/parceirosbr/bigoilict/share/BigOil/document_generator/datasets/documents_2021_12_28/pai_2cols_20211228_152855_6631735340_600_800.png,pai_2cols_20211228_152855_6631735340_600_800_mask.png,"structures where the oil may be trapped in a reservoir,"
116,4,232,8,328,178,560,186,328,178,560,178,560,186,328,186,sub_line_text,list,list_1,roboto,regular,7,pai_2cols_20211228_152855_6631735340_600_800.png,/scratch/parceirosbr/bigoilict/share/BigOil/document_generator/datasets/documents_2021_12_28/pai_2cols_20211228_152855_6631735340_600_800.png,pai_2cols_20211228_152855_6631735340_600_800_mask.png,*  A   exploração   não   convencional   depende  da  disponibilidade  de
29,4,58,8,335,190,393,198,335,190,393,190,393,198,335,198,sub_line_text,list,list_1,roboto,regular,7,pai_2cols_20211228_152855_6631735340_600_800.png,/scratch/parceirosbr/bigoilict/share/BigOil/document_generator/datasets/documents_2021_12_28/pai_2cols_20211228_152855_6631735340_600_800.png,pai_2cols_20211228_152855_6631735340_600_800_mask.png,dados geológicos
113,4,227,8,328,202,555,210,328,202,555,202,555,210,328,210,sub_line_text,list,list_1,roboto,regular,7,pai_2cols_20211228_152855_6631735340_600_800.png,/scratch/parceirosbr/bigoilict/share/BigOil/document_generator/datasets/documents_2021_12_28/pai_2cols_20211228_152855_6631735340_600_800.png,pai_2cols_20211228_152855_6631735340_600_800_mask.png,*  Refer to the mass fraction of compln1-w2se and the mass fraction of
116,4,232,8,328,214,560,222,328,214,560,214,560,222,328,222,sub_line_text,list,list_1,roboto,regular,7,pai_2cols_20211228_152855_6631735340_600_800.png,/scratch/parceirosbr/bigoilict/share/BigOil/document_generator/datasets/documents_2021_12_28/pai_2cols_20211228_152855_6631735340_600_800.png,pai_2cols_20211228_152855_6631735340_600_800_mask.png,*  Esta  unidade possui a capacidade de produção de 150 mil barris por
57,5,115,11,328,227,443,238,328,227,443,227,443,238,328,238,sub_line_text,subsubtitle,subsubtitle_0,roboto,regular,9,pai_2cols_20211228_152855_6631735340_600_800.png,/scratch/parceirosbr/bigoilict/share/BigOil/document_generator/datasets/documents_2021_12_28/pai_2cols_20211228_152855_6631735340_600_800.png,pai_2cols_20211228_152855_6631735340_600_800_mask.png,Possui apenas único cilindro
57,5,115,11,328,227,443,238,328,227,443,227,443,238,328,238,title,subsubtitle,subsubtitle_0,roboto,regular,9,pai_2cols_20211228_152855_6631735340_600_800.png,/scratch/parceirosbr/bigoilict/share/BigOil/document_generator/datasets/documents_2021_12_28/pai_2cols_20211228_152855_6631735340_600_800.png,pai_2cols_20211228_152855_6631735340_600_800_mask.png,nan
103,3,206,7,352,244,558,251,352,244,558,244,558,251,352,251,sub_line_text,table_legend,table_0,roboto,bold,6,pai_2cols_20211228_152855_6631735340_600_800.png,/scratch/parceirosbr/bigoilict/share/BigOil/document_generator/datasets/documents_2021_12_28/pai_2cols_20211228_152855_6631735340_600_800.png,pai_2cols_20211228_152855_6631735340_600_800_mask.png,Table   108:      Title   property   that   can   be   freely   transferred   between
60,3,121,7,352,254,473,261,352,254,473,254,473,261,352,261,sub_line_text,table_legend,table_0,roboto,bold,6,pai_2cols_20211228_152855_6631735340_600_800.png,/scratch/parceirosbr/bigoilict/share/BigOil/document_generator/datasets/documents_2021_12_28/pai_2cols_20211228_152855_6631735340_600_800.png,pai_2cols_20211228_152855_6631735340_600_800_mask.png,buyer and seller. Raniso sin2.27) where 1 and
103,8,206,17,352,244,558,261,352,244,558,244,558,261,352,261,text,table_legend,table_0,roboto,bold,6,pai_2cols_20211228_152855_6631735340_600_800.png,/scratch/parceirosbr/bigoilict/share/BigOil/document_generator/datasets/documents_2021_12_28/pai_2cols_20211228_152855_6631735340_600_800.png,pai_2cols_20211228_152855_6631735340_600_800_mask.png,nan
112,85,225,170,331,266,556,436,331,266,556,266,556,436,331,436,table,table_image,table_0,,,,pai_2cols_20211228_152855_6631735340_600_800.png,/scratch/parceirosbr/bigoilict/share/BigOil/document_generator/datasets/documents_2021_12_28/pai_2cols_20211228_152855_6631735340_600_800.png,pai_2cols_20211228_152855_6631735340_600_800_mask.png,output/gen_tab_20211228_152857_3434503839.png
13,3,26,7,399,269,425,276,399,269,425,269,425,276,399,276,text,table_text,table_0,arial,bold,7.0,pai_2cols_20211228_152855_6631735340_600_800.png,/scratch/parceirosbr/bigoilict/share/BigOil/document_generator/datasets/documents_2021_12_28/pai_2cols_20211228_152855_6631735340_600_800.png,pai_2cols_20211228_152855_6631735340_600_800_mask.png,retirado
13,3,26,7,399,269,425,276,399,269,425,269,425,276,399,276,sub_line_text,table_text,table_0,arial,bold,7.0,pai_2cols_20211228_152855_6631735340_600_800.png,/scratch/parceirosbr/bigoilict/share/BigOil/document_generator/datasets/documents_2021_12_28/pai_2cols_20211228_152855_6631735340_600_800.png,pai_2cols_20211228_152855_6631735340_600_800_mask.png,retirado
33,3,67,7,358,280,425,287,358,280,425,280,425,287,358,287,text,table_text,table_0,arial,regular,7.0,pai_2cols_20211228_152855_6631735340_600_800.png,/scratch/parceirosbr/bigoilict/share/BigOil/document_generator/datasets/documents_2021_12_28/pai_2cols_20211228_152855_6631735340_600_800.png,pai_2cols_20211228_152855_6631735340_600_800_mask.png,7131434510217027.4
33,3,67,7,358,280,425,287,358,280,425,280,425,287,358,287,sub_line_text,table_text,table_0,arial,regular,7.0,pai_2cols_20211228_152855_6631735340_600_800.png,/scratch/parceirosbr/bigoilict/share/BigOil/document_generator/datasets/documents_2021_12_28/pai_2cols_20211228_152855_6631735340_600_800.png,pai_2cols_20211228_152855_6631735340_600_800_mask.png,7131434510217027.4
32,3,64,7,362,291,426,298,362,291,426,291,426,298,362,298,text,table_text,table_0,arial,regular,7.0,pai_2cols_20211228_152855_6631735340_600_800.png,/scratch/parceirosbr/bigoilict/share/BigOil/document_generator/datasets/documents_2021_12_28/pai_2cols_20211228_152855_6631735340_600_800.png,pai_2cols_20211228_152855_6631735340_600_800_mask.png,459828991696238.7
32,3,64,7,362,291,426,298,362,291,426,291,426,298,362,298,sub_line_text,table_text,table_0,arial,regular,7.0,pai_2cols_20211228_152855_6631735340_600_800.png,/scratch/parceirosbr/bigoilict/share/BigOil/document_generator/datasets/documents_2021_12_28/pai_2cols_20211228_152855_6631735340_600_800.png,pai_2cols_20211228_152855_6631735340_600_800_mask.png,459828991696238.7
30,3,60,7,365,301,425,308,365,301,425,301,425,308,365,308,text,table_text,table_0,arial,regular,7.0,pai_2cols_20211228_152855_6631735340_600_800.png,/scratch/parceirosbr/bigoilict/share/BigOil/document_generator/datasets/documents_2021_12_28/pai_2cols_20211228_152855_6631735340_600_800.png,pai_2cols_20211228_152855_6631735340_600_800_mask.png,69458627979388.2
30,3,60,7,365,301,425,308,365,301,425,301,425,308,365,308,sub_line_text,table_text,table_0,arial,regular,7.0,pai_2cols_20211228_152855_6631735340_600_800.png,/scratch/parceirosbr/bigoilict/share/BigOil/document_generator/datasets/documents_2021_12_28/pai_2cols_20211228_152855_6631735340_600_800.png,pai_2cols_20211228_152855_6631735340_600_800_mask.png,69458627979388.2
30,3,60,7,365,312,425,319,365,312,425,312,425,319,365,319,text,table_text,table_0,arial,regular,7.0,pai_2cols_20211228_152855_6631735340_600_800.png,/scratch/parceirosbr/bigoilict/share/BigOil/document_generator/datasets/documents_2021_12_28/pai_2cols_20211228_152855_6631735340_600_800.png,pai_2cols_20211228_152855_6631735340_600_800_mask.png,30374096417529.7
30,3,60,7,365,312,425,319,365,312,425,312,425,319,365,319,sub_line_text,table_text,table_0,arial,regular,7.0,pai_2cols_20211228_152855_6631735340_600_800.png,/scratch/parceirosbr/bigoilict/share/BigOil/document_generator/datasets/documents_2021_12_28/pai_2cols_20211228_152855_6631735340_600_800.png,pai_2cols_20211228_152855_6631735340_600_800_mask.png,30374096417529.7
32,3,64,7,362,323,426,330,362,323,426,323,426,330,362,330,text,table_text,table_0,arial,regular,7.0,pai_2cols_20211228_152855_6631735340_600_800.png,/scratch/parceirosbr/bigoilict/share/BigOil/document_generator/datasets/documents_2021_12_28/pai_2cols_20211228_152855_6631735340_600_800.png,pai_2cols_20211228_152855_6631735340_600_800_mask.png,350798160892473.7
32,3,64,7,362,323,426,330,362,323,426,323,426,330,362,330,sub_line_text,table_text,table_0,arial,regular,7.0,pai_2cols_20211228_152855_6631735340_600_800.png,/scratch/parceirosbr/bigoilict/share/BigOil/document_generator/datasets/documents_2021_12_28/pai_2cols_20211228_152855_6631735340_600_800.png,pai_2cols_20211228_152855_6631735340_600_800_mask.png,350798160892473.7
30,3,60,7,365,334,425,341,365,334,425,334,425,341,365,341,text,table_text,table_0,arial,regular,7.0,pai_2cols_20211228_152855_6631735340_600_800.png,/scratch/parceirosbr/bigoilict/share/BigOil/document_generator/datasets/documents_2021_12_28/pai_2cols_20211228_152855_6631735340_600_800.png,pai_2cols_20211228_152855_6631735340_600_800_mask.png,89071942949969.8
30,3,60,7,365,334,425,341,365,334,425,334,425,341,365,341,sub_line_text,table_text,table_0,arial,regular,7.0,pai_2cols_20211228_152855_6631735340_600_800.png,/scratch/parceirosbr/bigoilict/share/BigOil/document_generator/datasets/documents_2021_12_28/pai_2cols_20211228_152855_6631735340_600_800.png,pai_2cols_20211228_152855_6631735340_600_800_mask.png,89071942949969.8
33,3,67,7,358,344,425,351,358,344,425,344,425,351,358,351,text,table_text,table_0,arial,regular,7.0,pai_2cols_20211228_152855_6631735340_600_800.png,/scratch/parceirosbr/bigoilict/share/BigOil/document_generator/datasets/documents_2021_12_28/pai_2cols_20211228_152855_6631735340_600_800.png,pai_2cols_20211228_152855_6631735340_600_800_mask.png,6294655074957000.6
33,3,67,7,358,344,425,351,358,344,425,344,425,351,358,351,sub_line_text,table_text,table_0,arial,regular,7.0,pai_2cols_20211228_152855_6631735340_600_800.png,/scratch/parceirosbr/bigoilict/share/BigOil/document_generator/datasets/documents_2021_12_28/pai_2cols_20211228_152855_6631735340_600_800.png,pai_2cols_20211228_152855_6631735340_600_800_mask.png,6294655074957000.6
32,3,64,7,362,355,426,362,362,355,426,355,426,362,362,362,text,table_text,table_0,arial,regular,7.0,pai_2cols_20211228_152855_6631735340_600_800.png,/scratch/parceirosbr/bigoilict/share/BigOil/document_generator/datasets/documents_2021_12_28/pai_2cols_20211228_152855_6631735340_600_800.png,pai_2cols_20211228_152855_6631735340_600_800_mask.png,291071754567324.5
32,3,64,7,362,355,426,362,362,355,426,355,426,362,362,362,sub_line_text,table_text,table_0,arial,regular,7.0,pai_2cols_20211228_152855_6631735340_600_800.png,/scratch/parceirosbr/bigoilict/share/BigOil/document_generator/datasets/documents_2021_12_28/pai_2cols_20211228_152855_6631735340_600_800.png,pai_2cols_20211228_152855_6631735340_600_800_mask.png,291071754567324.5
32,3,64,7,362,366,426,373,362,366,426,366,426,373,362,373,text,table_text,table_0,arial,regular,7.0,pai_2cols_20211228_152855_6631735340_600_800.png,/scratch/parceirosbr/bigoilict/share/BigOil/document_generator/datasets/documents_2021_12_28/pai_2cols_20211228_152855_6631735340_600_800.png,pai_2cols_20211228_152855_6631735340_600_800_mask.png,480069991422135.0
32,3,64,7,362,366,426,373,362,366,426,366,426,373,362,373,sub_line_text,table_text,table_0,arial,regular,7.0,pai_2cols_20211228_152855_6631735340_600_800.png,/scratch/parceirosbr/bigoilict/share/BigOil/document_generator/datasets/documents_2021_12_28/pai_2cols_20211228_152855_6631735340_600_800.png,pai_2cols_20211228_152855_6631735340_600_800_mask.png,480069991422135.0
33,3,67,7,358,376,425,383,358,376,425,376,425,383,358,383,text,table_text,table_0,arial,regular,7.0,pai_2cols_20211228_152855_6631735340_600_800.png,/scratch/parceirosbr/bigoilict/share/BigOil/document_generator/datasets/documents_2021_12_28/pai_2cols_20211228_152855_6631735340_600_800.png,pai_2cols_20211228_152855_6631735340_600_800_mask.png,7990863858199076.5
33,3,67,7,358,376,425,383,358,376,425,376,425,383,358,383,sub_line_text,table_text,table_0,arial,regular,7.0,pai_2cols_20211228_152855_6631735340_600_800.png,/scratch/parceirosbr/bigoilict/share/BigOil/document_generator/datasets/documents_2021_12_28/pai_2cols_20211228_152855_6631735340_600_800.png,pai_2cols_20211228_152855_6631735340_600_800_mask.png,7990863858199076.5
30,3,60,7,365,387,425,394,365,387,425,387,425,394,365,394,text,table_text,table_0,arial,regular,7.0,pai_2cols_20211228_152855_6631735340_600_800.png,/scratch/parceirosbr/bigoilict/share/BigOil/document_generator/datasets/documents_2021_12_28/pai_2cols_20211228_152855_6631735340_600_800.png,pai_2cols_20211228_152855_6631735340_600_800_mask.png,39582246562145.1
30,3,60,7,365,387,425,394,365,387,425,387,425,394,365,394,sub_line_text,table_text,table_0,arial,regular,7.0,pai_2cols_20211228_152855_6631735340_600_800.png,/scratch/parceirosbr/bigoilict/share/BigOil/document_generator/datasets/documents_2021_12_28/pai_2cols_20211228_152855_6631735340_600_800.png,pai_2cols_20211228_152855_6631735340_600_800_mask.png,39582246562145.1
32,3,64,7,362,398,426,405,362,398,426,398,426,405,362,405,text,table_text,table_0,arial,regular,7.0,pai_2cols_20211228_152855_6631735340_600_800.png,/scratch/parceirosbr/bigoilict/share/BigOil/document_generator/datasets/documents_2021_12_28/pai_2cols_20211228_152855_6631735340_600_800.png,pai_2cols_20211228_152855_6631735340_600_800_mask.png,923646791117222.8
32,3,64,7,362,398,426,405,362,398,426,398,426,405,362,405,sub_line_text,table_text,table_0,arial,regular,7.0,pai_2cols_20211228_152855_6631735340_600_800.png,/scratch/parceirosbr/bigoilict/share/BigOil/document_generator/datasets/documents_2021_12_28/pai_2cols_20211228_152855_6631735340_600_800.png,pai_2cols_20211228_152855_6631735340_600_800_mask.png,923646791117222.8
30,3,60,7,365,408,425,415,365,408,425,408,425,415,365,415,text,table_text,table_0,arial,regular,7.0,pai_2cols_20211228_152855_6631735340_600_800.png,/scratch/parceirosbr/bigoilict/share/BigOil/document_generator/datasets/documents_2021_12_28/pai_2cols_20211228_152855_6631735340_600_800.png,pai_2cols_20211228_152855_6631735340_600_800_mask.png,66495150448541.8
30,3,60,7,365,408,425,415,365,408,425,408,425,415,365,415,sub_line_text,table_text,table_0,arial,regular,7.0,pai_2cols_20211228_152855_6631735340_600_800.png,/scratch/parceirosbr/bigoilict/share/BigOil/document_generator/datasets/documents_2021_12_28/pai_2cols_20211228_152855_6631735340_600_800.png,pai_2cols_20211228_152855_6631735340_600_800_mask.png,66495150448541.8
32,3,64,7,488,419,552,426,488,419,552,419,552,426,488,426,text,table_text,table_0,arial,italic,7.0,pai_2cols_20211228_152855_6631735340_600_800.png,/scratch/parceirosbr/bigoilict/share/BigOil/document_generator/datasets/documents_2021_12_28/pai_2cols_20211228_152855_6631735340_600_800.png,pai_2cols_20211228_152855_6631735340_600_800_mask.png,404637075106728.5
32,3,64,7,488,419,552,426,488,419,552,419,552,426,488,426,sub_line_text,table_text,table_0,arial,italic,7.0,pai_2cols_20211228_152855_6631735340_600_800.png,/scratch/parceirosbr/bigoilict/share/BigOil/document_generator/datasets/documents_2021_12_28/pai_2cols_20211228_152855_6631735340_600_800.png,pai_2cols_20211228_152855_6631735340_600_800_mask.png,404637075106728.5
7,3,15,7,467,269,482,276,467,269,482,269,482,276,467,276,text,table_text,table_0,arial,bold,7.0,pai_2cols_20211228_152855_6631735340_600_800.png,/scratch/parceirosbr/bigoilict/share/BigOil/document_generator/datasets/documents_2021_12_28/pai_2cols_20211228_152855_6631735340_600_800.png,pai_2cols_20211228_152855_6631735340_600_800_mask.png,base
7,3,15,7,467,269,482,276,467,269,482,269,482,276,467,276,sub_line_text,table_text,table_0,arial,bold,7.0,pai_2cols_20211228_152855_6631735340_600_800.png,/scratch/parceirosbr/bigoilict/share/BigOil/document_generator/datasets/documents_2021_12_28/pai_2cols_20211228_152855_6631735340_600_800.png,pai_2cols_20211228_152855_6631735340_600_800_mask.png,base
14,3,29,7,454,280,483,287,454,280,483,280,483,287,454,287,text,table_text,table_0,arial,regular,7.0,pai_2cols_20211228_152855_6631735340_600_800.png,/scratch/parceirosbr/bigoilict/share/BigOil/document_generator/datasets/documents_2021_12_28/pai_2cols_20211228_152855_6631735340_600_800.png,pai_2cols_20211228_152855_6631735340_600_800_mask.png,9298.926
14,3,29,7,454,280,483,287,454,280,483,280,483,287,454,287,sub_line_text,table_text,table_0,arial,regular,7.0,pai_2cols_20211228_152855_6631735340_600_800.png,/scratch/parceirosbr/bigoilict/share/BigOil/document_generator/datasets/documents_2021_12_28/pai_2cols_20211228_152855_6631735340_600_800.png,pai_2cols_20211228_152855_6631735340_600_800_mask.png,9298.926
14,3,29,7,454,291,483,298,454,291,483,291,483,298,454,298,text,table_text,table_0,arial,regular,7.0,pai_2cols_20211228_152855_6631735340_600_800.png,/scratch/parceirosbr/bigoilict/share/BigOil/document_generator/datasets/documents_2021_12_28/pai_2cols_20211228_152855_6631735340_600_800.png,pai_2cols_20211228_152855_6631735340_600_800_mask.png,6972.019
14,3,29,7,454,291,483,298,454,291,483,291,483,298,454,298,sub_line_text,table_text,table_0,arial,regular,7.0,pai_2cols_20211228_152855_6631735340_600_800.png,/scratch/parceirosbr/bigoilict/share/BigOil/document_generator/datasets/documents_2021_12_28/pai_2cols_20211228_152855_6631735340_600_800.png,pai_2cols_20211228_152855_6631735340_600_800_mask.png,6972.019
16,3,32,7,450,301,482,308,450,301,482,301,482,308,450,308,text,table_text,table_0,arial,regular,7.0,pai_2cols_20211228_152855_6631735340_600_800.png,/scratch/parceirosbr/bigoilict/share/BigOil/document_generator/datasets/documents_2021_12_28/pai_2cols_20211228_152855_6631735340_600_800.png,pai_2cols_20211228_152855_6631735340_600_800_mask.png,88694.666
16,3,32,7,450,301,482,308,450,301,482,301,482,308,450,308,sub_line_text,table_text,table_0,arial,regular,7.0,pai_2cols_20211228_152855_6631735340_600_800.png,/scratch/parceirosbr/bigoilict/share/BigOil/document_generator/datasets/documents_2021_12_28/pai_2cols_20211228_152855_6631735340_600_800.png,pai_2cols_20211228_152855_6631735340_600_800_mask.png,88694.666
18,3,36,7,446,312,482,319,446,312,482,312,482,319,446,319,text,table_text,table_0,arial,regular,7.0,pai_2cols_20211228_152855_6631735340_600_800.png,/scratch/parceirosbr/bigoilict/share/BigOil/document_generator/datasets/documents_2021_12_28/pai_2cols_20211228_152855_6631735340_600_800.png,pai_2cols_20211228_152855_6631735340_600_800_mask.png,698943.894
18,3,36,7,446,312,482,319,446,312,482,312,482,319,446,319,sub_line_text,table_text,table_0,arial,regular,7.0,pai_2cols_20211228_152855_6631735340_600_800.png,/scratch/parceirosbr/bigoilict/share/BigOil/document_generator/datasets/documents_2021_12_28/pai_2cols_20211228_152855_6631735340_600_800.png,pai_2cols_20211228_152855_6631735340_600_800_mask.png,698943.894
18,3,36,7,446,323,482,330,446,323,482,323,482,330,446,330,text,table_text,table_0,arial,regular,7.0,pai_2cols_20211228_152855_6631735340_600_800.png,/scratch/parceirosbr/bigoilict/share/BigOil/document_generator/datasets/documents_2021_12_28/pai_2cols_20211228_152855_6631735340_600_800.png,pai_2cols_20211228_152855_6631735340_600_800_mask.png,445297.228
18,3,36,7,446,323,482,330,446,323,482,323,482,330,446,330,sub_line_text,table_text,table_0,arial,regular,7.0,pai_2cols_20211228_152855_6631735340_600_800.png,/scratch/parceirosbr/bigoilict/share/BigOil/document_generator/datasets/documents_2021_12_28/pai_2cols_20211228_152855_6631735340_600_800.png,pai_2cols_20211228_152855_6631735340_600_800_mask.png,445297.228
14,3,29,7,454,334,483,341,454,334,483,334,483,341,454,341,text,table_text,table_0,arial,regular,7.0,pai_2cols_20211228_152855_6631735340_600_800.png,/scratch/parceirosbr/bigoilict/share/BigOil/document_generator/datasets/documents_2021_12_28/pai_2cols_20211228_152855_6631735340_600_800.png,pai_2cols_20211228_152855_6631735340_600_800_mask.png,7716.342
14,3,29,7,454,334,483,341,454,334,483,334,483,341,454,341,sub_line_text,table_text,table_0,arial,regular,7.0,pai_2cols_20211228_152855_6631735340_600_800.png,/scratch/parceirosbr/bigoilict/share/BigOil/document_generator/datasets/documents_2021_12_28/pai_2cols_20211228_152855_6631735340_600_800.png,pai_2cols_20211228_152855_6631735340_600_800_mask.png,7716.342
16,3,32,7,450,344,482,351,450,344,482,344,482,351,450,351,text,table_text,table_0,arial,regular,7.0,pai_2cols_20211228_152855_6631735340_600_800.png,/scratch/parceirosbr/bigoilict/share/BigOil/document_generator/datasets/documents_2021_12_28/pai_2cols_20211228_152855_6631735340_600_800.png,pai_2cols_20211228_152855_6631735340_600_800_mask.png,79299.421
16,3,32,7,450,344,482,351,450,344,482,344,482,351,450,351,sub_line_text,table_text,table_0,arial,regular,7.0,pai_2cols_20211228_152855_6631735340_600_800.png,/scratch/parceirosbr/bigoilict/share/BigOil/document_generator/datasets/documents_2021_12_28/pai_2cols_20211228_152855_6631735340_600_800.png,pai_2cols_20211228_152855_6631735340_600_800_mask.png,79299.421
16,3,32,7,450,355,482,362,450,355,482,355,482,362,450,362,text,table_text,table_0,arial,regular,7.0,pai_2cols_20211228_152855_6631735340_600_800.png,/scratch/parceirosbr/bigoilict/share/BigOil/document_generator/datasets/documents_2021_12_28/pai_2cols_20211228_152855_6631735340_600_800.png,pai_2cols_20211228_152855_6631735340_600_800_mask.png,20536.793
16,3,32,7,450,355,482,362,450,355,482,355,482,362,450,362,sub_line_text,table_text,table_0,arial,regular,7.0,pai_2cols_20211228_152855_6631735340_600_800.png,/scratch/parceirosbr/bigoilict/share/BigOil/document_generator/datasets/documents_2021_12_28/pai_2cols_20211228_152855_6631735340_600_800.png,pai_2cols_20211228_152855_6631735340_600_800_mask.png,20536.793
16,3,32,7,450,366,482,373,450,366,482,366,482,373,450,373,text,table_text,table_0,arial,regular,7.0,pai_2cols_20211228_152855_6631735340_600_800.png,/scratch/parceirosbr/bigoilict/share/BigOil/document_generator/datasets/documents_2021_12_28/pai_2cols_20211228_152855_6631735340_600_800.png,pai_2cols_20211228_152855_6631735340_600_800_mask.png,11383.675
16,3,32,7,450,366,482,373,450,366,482,366,482,373,450,373,sub_line_text,table_text,table_0,arial,regular,7.0,pai_2cols_20211228_152855_6631735340_600_800.png,/scratch/parceirosbr/bigoilict/share/BigOil/document_generator/datasets/documents_2021_12_28/pai_2cols_20211228_152855_6631735340_600_800.png,pai_2cols_20211228_152855_6631735340_600_800_mask.png,11383.675
14,3,29,7,454,376,483,383,454,376,483,376,483,383,454,383,text,table_text,table_0,arial,regular,7.0,pai_2cols_20211228_152855_6631735340_600_800.png,/scratch/parceirosbr/bigoilict/share/BigOil/document_generator/datasets/documents_2021_12_28/pai_2cols_20211228_152855_6631735340_600_800.png,pai_2cols_20211228_152855_6631735340_600_800_mask.png,2561.902
14,3,29,7,454,376,483,383,454,376,483,376,483,383,454,383,sub_line_text,table_text,table_0,arial,regular,7.0,pai_2cols_20211228_152855_6631735340_600_800.png,/scratch/parceirosbr/bigoilict/share/BigOil/document_generator/datasets/documents_2021_12_28/pai_2cols_20211228_152855_6631735340_600_800.png,pai_2cols_20211228_152855_6631735340_600_800_mask.png,2561.902
18,3,36,7,446,387,482,394,446,387,482,387,482,394,446,394,text,table_text,table_0,arial,regular,7.0,pai_2cols_20211228_152855_6631735340_600_800.png,/scratch/parceirosbr/bigoilict/share/BigOil/document_generator/datasets/documents_2021_12_28/pai_2cols_20211228_152855_6631735340_600_800.png,pai_2cols_20211228_152855_6631735340_600_800_mask.png,800769.434
18,3,36,7,446,387,482,394,446,387,482,387,482,394,446,394,sub_line_text,table_text,table_0,arial,regular,7.0,pai_2cols_20211228_152855_6631735340_600_800.png,/scratch/parceirosbr/bigoilict/share/BigOil/document_generator/datasets/documents_2021_12_28/pai_2cols_20211228_152855_6631735340_600_800.png,pai_2cols_20211228_152855_6631735340_600_800_mask.png,800769.434
16,3,32,7,450,398,482,405,450,398,482,398,482,405,450,405,text,table_text,table_0,arial,regular,7.0,pai_2cols_20211228_152855_6631735340_600_800.png,/scratch/parceirosbr/bigoilict/share/BigOil/document_generator/datasets/documents_2021_12_28/pai_2cols_20211228_152855_6631735340_600_800.png,pai_2cols_20211228_152855_6631735340_600_800_mask.png,79110.905
16,3,32,7,450,398,482,405,450,398,482,398,482,405,450,405,sub_line_text,table_text,table_0,arial,regular,7.0,pai_2cols_20211228_152855_6631735340_600_800.png,/scratch/parceirosbr/bigoilict/share/BigOil/document_generator/datasets/documents_2021_12_28/pai_2cols_20211228_152855_6631735340_600_800.png,pai_2cols_20211228_152855_6631735340_600_800_mask.png,79110.905
14,3,29,7,454,408,483,415,454,408,483,408,483,415,454,415,text,table_text,table_0,arial,regular,7.0,pai_2cols_20211228_152855_6631735340_600_800.png,/scratch/parceirosbr/bigoilict/share/BigOil/document_generator/datasets/documents_2021_12_28/pai_2cols_20211228_152855_6631735340_600_800.png,pai_2cols_20211228_152855_6631735340_600_800_mask.png,1683.655
14,3,29,7,454,408,483,415,454,408,483,408,483,415,454,415,sub_line_text,table_text,table_0,arial,regular,7.0,pai_2cols_20211228_152855_6631735340_600_800.png,/scratch/parceirosbr/bigoilict/share/BigOil/document_generator/datasets/documents_2021_12_28/pai_2cols_20211228_152855_6631735340_600_800.png,pai_2cols_20211228_152855_6631735340_600_800_mask.png,1683.655
14,3,29,7,505,269,534,276,505,269,534,269,534,276,505,276,text,table_text,table_0,arial,bold,7.0,pai_2cols_20211228_152855_6631735340_600_800.png,/scratch/parceirosbr/bigoilict/share/BigOil/document_generator/datasets/documents_2021_12_28/pai_2cols_20211228_152855_6631735340_600_800.png,pai_2cols_20211228_152855_6631735340_600_800_mask.png,estrutura
14,3,29,7,505,269,534,276,505,269,534,269,534,276,505,276,sub_line_text,table_text,table_0,arial,bold,7.0,pai_2cols_20211228_152855_6631735340_600_800.png,/scratch/parceirosbr/bigoilict/share/BigOil/document_generator/datasets/documents_2021_12_28/pai_2cols_20211228_152855_6631735340_600_800.png,pai_2cols_20211228_152855_6631735340_600_800_mask.png,estrutura
15,3,31,7,503,280,534,287,503,280,534,280,534,287,503,287,text,table_text,table_0,arial,regular,7.0,pai_2cols_20211228_152855_6631735340_600_800.png,/scratch/parceirosbr/bigoilict/share/BigOil/document_generator/datasets/documents_2021_12_28/pai_2cols_20211228_152855_6631735340_600_800.png,pai_2cols_20211228_152855_6631735340_600_800_mask.png,reduzindo
15,3,31,7,503,280,534,287,503,280,534,280,534,287,503,287,sub_line_text,table_text,table_0,arial,regular,7.0,pai_2cols_20211228_152855_6631735340_600_800.png,/scratch/parceirosbr/bigoilict/share/BigOil/document_generator/datasets/documents_2021_12_28/pai_2cols_20211228_152855_6631735340_600_800.png,pai_2cols_20211228_152855_6631735340_600_800_mask.png,reduzindo
17,3,34,7,501,291,535,298,501,291,535,291,535,298,501,298,text,table_text,table_0,arial,regular,7.0,pai_2cols_20211228_152855_6631735340_600_800.png,/scratch/parceirosbr/bigoilict/share/BigOil/document_generator/datasets/documents_2021_12_28/pai_2cols_20211228_152855_6631735340_600_800.png,pai_2cols_20211228_152855_6631735340_600_800_mask.png,indefinição
17,3,34,7,501,291,535,298,501,291,535,291,535,298,501,298,sub_line_text,table_text,table_0,arial,regular,7.0,pai_2cols_20211228_152855_6631735340_600_800.png,/scratch/parceirosbr/bigoilict/share/BigOil/document_generator/datasets/documents_2021_12_28/pai_2cols_20211228_152855_6631735340_600_800.png,pai_2cols_20211228_152855_6631735340_600_800_mask.png,indefinição
6,3,13,7,513,301,526,308,513,301,526,301,526,308,513,308,text,table_text,table_0,arial,regular,7.0,pai_2cols_20211228_152855_6631735340_600_800.png,/scratch/parceirosbr/bigoilict/share/BigOil/document_generator/datasets/documents_2021_12_28/pai_2cols_20211228_152855_6631735340_600_800.png,pai_2cols_20211228_152855_6631735340_600_800_mask.png,vem
6,3,13,7,513,301,526,308,513,301,526,301,526,308,513,308,sub_line_text,table_text,table_0,arial,regular,7.0,pai_2cols_20211228_152855_6631735340_600_800.png,/scratch/parceirosbr/bigoilict/share/BigOil/document_generator/datasets/documents_2021_12_28/pai_2cols_20211228_152855_6631735340_600_800.png,pai_2cols_20211228_152855_6631735340_600_800_mask.png,vem
21,3,42,7,497,312,539,319,497,312,539,312,539,319,497,319,text,table_text,table_0,arial,regular,7.0,pai_2cols_20211228_152855_6631735340_600_800.png,/scratch/parceirosbr/bigoilict/share/BigOil/document_generator/datasets/documents_2021_12_28/pai_2cols_20211228_152855_6631735340_600_800.png,pai_2cols_20211228_152855_6631735340_600_800_mask.png,influenciando
21,3,42,7,497,312,539,319,497,312,539,312,539,319,497,319,sub_line_text,table_text,table_0,arial,regular,7.0,pai_2cols_20211228_152855_6631735340_600_800.png,/scratch/parceirosbr/bigoilict/share/BigOil/document_generator/datasets/documents_2021_12_28/pai_2cols_20211228_152855_6631735340_600_800.png,pai_2cols_20211228_152855_6631735340_600_800_mask.png,influenciando
3,3,6,7,516,323,522,330,516,323,522,323,522,330,516,330,text,table_text,table_0,arial,regular,7.0,pai_2cols_20211228_152855_6631735340_600_800.png,/scratch/parceirosbr/bigoilict/share/BigOil/document_generator/datasets/documents_2021_12_28/pai_2cols_20211228_152855_6631735340_600_800.png,pai_2cols_20211228_152855_6631735340_600_800_mask.png,já
3,3,6,7,516,323,522,330,516,323,522,323,522,330,516,330,sub_line_text,table_text,table_0,arial,regular,7.0,pai_2cols_20211228_152855_6631735340_600_800.png,/scratch/parceirosbr/bigoilict/share/BigOil/document_generator/datasets/documents_2021_12_28/pai_2cols_20211228_152855_6631735340_600_800.png,pai_2cols_20211228_152855_6631735340_600_800_mask.png,já
18,3,36,7,501,334,537,341,501,334,537,334,537,341,501,341,text,table_text,table_0,arial,regular,7.0,pai_2cols_20211228_152855_6631735340_600_800.png,/scratch/parceirosbr/bigoilict/share/BigOil/document_generator/datasets/documents_2021_12_28/pai_2cols_20211228_152855_6631735340_600_800.png,pai_2cols_20211228_152855_6631735340_600_800_mask.png,envolverem
18,3,36,7,501,334,537,341,501,334,537,334,537,341,501,341,sub_line_text,table_text,table_0,arial,regular,7.0,pai_2cols_20211228_152855_6631735340_600_800.png,/scratch/parceirosbr/bigoilict/share/BigOil/document_generator/datasets/documents_2021_12_28/pai_2cols_20211228_152855_6631735340_600_800.png,pai_2cols_20211228_152855_6631735340_600_800_mask.png,envolverem
6,3,13,7,513,344,526,351,513,344,526,344,526,351,513,351,text,table_text,table_0,arial,regular,7.0,pai_2cols_20211228_152855_6631735340_600_800.png,/scratch/parceirosbr/bigoilict/share/BigOil/document_generator/datasets/documents_2021_12_28/pai_2cols_20211228_152855_6631735340_600_800.png,pai_2cols_20211228_152855_6631735340_600_800_mask.png,data
6,3,13,7,513,344,526,351,513,344,526,344,526,351,513,351,sub_line_text,table_text,table_0,arial,regular,7.0,pai_2cols_20211228_152855_6631735340_600_800.png,/scratch/parceirosbr/bigoilict/share/BigOil/document_generator/datasets/documents_2021_12_28/pai_2cols_20211228_152855_6631735340_600_800.png,pai_2cols_20211228_152855_6631735340_600_800_mask.png,data
12,3,24,7,507,355,531,362,507,355,531,355,531,362,507,362,text,table_text,table_0,arial,regular,7.0,pai_2cols_20211228_152855_6631735340_600_800.png,/scratch/parceirosbr/bigoilict/share/BigOil/document_generator/datasets/documents_2021_12_28/pai_2cols_20211228_152855_6631735340_600_800.png,pai_2cols_20211228_152855_6631735340_600_800_mask.png,garantir
12,3,24,7,507,355,531,362,507,355,531,355,531,362,507,362,sub_line_text,table_text,table_0,arial,regular,7.0,pai_2cols_20211228_152855_6631735340_600_800.png,/scratch/parceirosbr/bigoilict/share/BigOil/document_generator/datasets/documents_2021_12_28/pai_2cols_20211228_152855_6631735340_600_800.png,pai_2cols_20211228_152855_6631735340_600_800_mask.png,garantir
8,3,17,7,511,366,528,373,511,366,528,366,528,373,511,373,text,table_text,table_0,arial,regular,7.0,pai_2cols_20211228_152855_6631735340_600_800.png,/scratch/parceirosbr/bigoilict/share/BigOil/document_generator/datasets/documents_2021_12_28/pai_2cols_20211228_152855_6631735340_600_800.png,pai_2cols_20211228_152855_6631735340_600_800_mask.png,apelo
8,3,17,7,511,366,528,373,511,366,528,366,528,373,511,373,sub_line_text,table_text,table_0,arial,regular,7.0,pai_2cols_20211228_152855_6631735340_600_800.png,/scratch/parceirosbr/bigoilict/share/BigOil/document_generator/datasets/documents_2021_12_28/pai_2cols_20211228_152855_6631735340_600_800.png,pai_2cols_20211228_152855_6631735340_600_800_mask.png,apelo
10,3,21,7,509,376,530,383,509,376,530,376,530,383,509,383,text,table_text,table_0,arial,regular,7.0,pai_2cols_20211228_152855_6631735340_600_800.png,/scratch/parceirosbr/bigoilict/share/BigOil/document_generator/datasets/documents_2021_12_28/pai_2cols_20211228_152855_6631735340_600_800.png,pai_2cols_20211228_152855_6631735340_600_800_mask.png,devido
10,3,21,7,509,376,530,383,509,376,530,376,530,383,509,383,sub_line_text,table_text,table_0,arial,regular,7.0,pai_2cols_20211228_152855_6631735340_600_800.png,/scratch/parceirosbr/bigoilict/share/BigOil/document_generator/datasets/documents_2021_12_28/pai_2cols_20211228_152855_6631735340_600_800.png,pai_2cols_20211228_152855_6631735340_600_800_mask.png,devido
13,3,27,7,505,387,532,394,505,387,532,387,532,394,505,394,text,table_text,table_0,arial,regular,7.0,pai_2cols_20211228_152855_6631735340_600_800.png,/scratch/parceirosbr/bigoilict/share/BigOil/document_generator/datasets/documents_2021_12_28/pai_2cols_20211228_152855_6631735340_600_800.png,pai_2cols_20211228_152855_6631735340_600_800_mask.png,distintos
13,3,27,7,505,387,532,394,505,387,532,387,532,394,505,394,sub_line_text,table_text,table_0,arial,regular,7.0,pai_2cols_20211228_152855_6631735340_600_800.png,/scratch/parceirosbr/bigoilict/share/BigOil/document_generator/datasets/documents_2021_12_28/pai_2cols_20211228_152855_6631735340_600_800.png,pai_2cols_20211228_152855_6631735340_600_800_mask.png,distintos
3,3,7,7,515,398,522,405,515,398,522,398,522,405,515,405,text,table_text,table_0,arial,regular,7.0,pai_2cols_20211228_152855_6631735340_600_800.png,/scratch/parceirosbr/bigoilict/share/BigOil/document_generator/datasets/documents_2021_12_28/pai_2cols_20211228_152855_6631735340_600_800.png,pai_2cols_20211228_152855_6631735340_600_800_mask.png,ou
3,3,7,7,515,398,522,405,515,398,522,398,522,405,515,405,sub_line_text,table_text,table_0,arial,regular,7.0,pai_2cols_20211228_152855_6631735340_600_800.png,/scratch/parceirosbr/bigoilict/share/BigOil/document_generator/datasets/documents_2021_12_28/pai_2cols_20211228_152855_6631735340_600_800.png,pai_2cols_20211228_152855_6631735340_600_800_mask.png,ou
21,3,42,7,497,408,539,415,497,408,539,408,539,415,497,415,text,table_text,table_0,arial,regular,7.0,pai_2cols_20211228_152855_6631735340_600_800.png,/scratch/parceirosbr/bigoilict/share/BigOil/document_generator/datasets/documents_2021_12_28/pai_2cols_20211228_152855_6631735340_600_800.png,pai_2cols_20211228_152855_6631735340_600_800_mask.png,combustíveis
21,3,42,7,497,408,539,415,497,408,539,408,539,415,497,415,sub_line_text,table_text,table_0,arial,regular,7.0,pai_2cols_20211228_152855_6631735340_600_800.png,/scratch/parceirosbr/bigoilict/share/BigOil/document_generator/datasets/documents_2021_12_28/pai_2cols_20211228_152855_6631735340_600_800.png,pai_2cols_20211228_152855_6631735340_600_800_mask.png,combustíveis
100,4,200,8,358,441,558,449,358,441,558,441,558,449,358,449,sub_line_text,text,text_3,roboto,regular,7,pai_2cols_20211228_152855_6631735340_600_800.png,/scratch/parceirosbr/bigoilict/share/BigOil/document_generator/datasets/documents_2021_12_28/pai_2cols_20211228_152855_6631735340_600_800.png,pai_2cols_20211228_152855_6631735340_600_800_mask.png,"HCO3),  these  ions  being  responsible  for  the fouling potent-"
114,4,229,8,328,453,557,461,328,453,557,453,557,461,328,461,sub_line_text,text,text_3,roboto,regular,7,pai_2cols_20211228_152855_6631735340_600_800.png,/scratch/parceirosbr/bigoilict/share/BigOil/document_generator/datasets/documents_2021_12_28/pai_2cols_20211228_152855_6631735340_600_800.png,pai_2cols_20211228_152855_6631735340_600_800_mask.png,ial  of  these  waters.  Graph  52  of  consumption  and  price ratio betw-
114,4,229,8,328,465,557,473,328,465,557,465,557,473,328,473,sub_line_text,text,text_3,roboto,regular,7,pai_2cols_20211228_152855_6631735340_600_800.png,/scratch/parceirosbr/bigoilict/share/BigOil/document_generator/datasets/documents_2021_12_28/pai_2cols_20211228_152855_6631735340_600_800.png,pai_2cols_20211228_152855_6631735340_600_800_mask.png,een  ethanol  and  automotive  gasoline  from  2009 to 2013) 3m li mme
115,4,230,8,328,477,558,485,328,477,558,477,558,485,328,485,sub_line_text,text,text_3,roboto,regular,7,pai_2cols_20211228_152855_6631735340_600_800.png,/scratch/parceirosbr/bigoilict/share/BigOil/document_generator/datasets/documents_2021_12_28/pai_2cols_20211228_152855_6631735340_600_800.png,pai_2cols_20211228_152855_6631735340_600_800_mask.png,"(sadnevedemulo.  Both  in  terms  of  the  emission  of  effluent, and in t-"
114,4,229,8,328,489,557,497,328,489,557,489,557,497,328,497,sub_line_text,text,text_3,roboto,regular,7,pai_2cols_20211228_152855_6631735340_600_800.png,/scratch/parceirosbr/bigoilict/share/BigOil/document_generator/datasets/documents_2021_12_28/pai_2cols_20211228_152855_6631735340_600_800.png,pai_2cols_20211228_152855_6631735340_600_800_mask.png,"erms  of  the  classification  of  a  water  body  class,  both  referring  re-"
114,4,229,8,328,501,557,509,328,501,557,501,557,509,328,509,sub_line_text,text,text_3,roboto,regular,7,pai_2cols_20211228_152855_6631735340_600_800.png,/scratch/parceirosbr/bigoilict/share/BigOil/document_generator/datasets/documents_2021_12_28/pai_2cols_20211228_152855_6631735340_600_800.png,pai_2cols_20211228_152855_6631735340_600_800_mask.png,"spectively  to  430  and  357;  .  The  volumes  of  oil,  its derivatives and"
114,4,229,8,328,513,557,521,328,513,557,513,557,521,328,521,sub_line_text,text,text_3,roboto,regular,7,pai_2cols_20211228_152855_6631735340_600_800.png,/scratch/parceirosbr/bigoilict/share/BigOil/document_generator/datasets/documents_2021_12_28/pai_2cols_20211228_152855_6631735340_600_800.png,pai_2cols_20211228_152855_6631735340_600_800_mask.png,natural  gas  traded  internationally  and  the  financial  amounts  involv-
114,4,229,8,328,525,557,533,328,525,557,525,557,533,328,533,sub_line_text,text,text_3,roboto,regular,7,pai_2cols_20211228_152855_6631735340_600_800.png,/scratch/parceirosbr/bigoilict/share/BigOil/document_generator/datasets/documents_2021_12_28/pai_2cols_20211228_152855_6631735340_600_800.png,pai_2cols_20211228_152855_6631735340_600_800_mask.png,"ed  are  presented,  in  addition  to  the  evolution  of the external depen-"
114,4,229,8,328,537,557,545,328,537,557,537,557,545,328,545,sub_line_text,text,text_3,roboto,regular,7,pai_2cols_20211228_152855_6631735340_600_800.png,/scratch/parceirosbr/bigoilict/share/BigOil/document_generator/datasets/documents_2021_12_28/pai_2cols_20211228_152855_6631735340_600_800.png,pai_2cols_20211228_152855_6631735340_600_800_mask.png,dence  on  oil  and  its  derivatives.  Large  programs  are  characterized
114,4,229,8,328,549,557,557,328,549,557,549,557,557,328,557,sub_line_text,text,text_3,roboto,regular,7,pai_2cols_20211228_152855_6631735340_600_800.png,/scratch/parceirosbr/bigoilict/share/BigOil/document_generator/datasets/documents_2021_12_28/pai_2cols_20211228_152855_6631735340_600_800.png,pai_2cols_20211228_152855_6631735340_600_800_mask.png,"by  involving  a  large  number  of  lines  of  code,  large development te-"
108,4,216,8,328,561,544,569,328,561,544,561,544,569,328,569,sub_line_text,text,text_3,roboto,regular,7,pai_2cols_20211228_152855_6631735340_600_800.png,/scratch/parceirosbr/bigoilict/share/BigOil/document_generator/datasets/documents_2021_12_28/pai_2cols_20211228_152855_6631735340_600_800.png,pai_2cols_20211228_152855_6631735340_600_800_mask.png,ams and generally constitute a complex computational solution for.
115,64,230,128,328,441,558,569,328,441,558,441,558,569,328,569,text,text,text_3,roboto,regular,7,pai_2cols_20211228_152855_6631735340_600_800.png,/scratch/parceirosbr/bigoilict/share/BigOil/document_generator/datasets/documents_2021_12_28/pai_2cols_20211228_152855_6631735340_600_800.png,pai_2cols_20211228_152855_6631735340_600_800_mask.png,nan
99,4,199,8,358,574,557,582,358,574,557,574,557,582,358,582,sub_line_text,text,text_4,roboto,regular,7,pai_2cols_20211228_152855_6631735340_600_800.png,/scratch/parceirosbr/bigoilict/share/BigOil/document_generator/datasets/documents_2021_12_28/pai_2cols_20211228_152855_6631735340_600_800.png,pai_2cols_20211228_152855_6631735340_600_800_mask.png,Members  of  the  traveling  to  the  oil  regions of the Novemb-
114,4,229,8,328,586,557,594,328,586,557,586,557,594,328,594,sub_line_text,text,text_4,roboto,regular,7,pai_2cols_20211228_152855_6631735340_600_800.png,/scratch/parceirosbr/bigoilict/share/BigOil/document_generator/datasets/documents_2021_12_28/pai_2cols_20211228_152855_6631735340_600_800.png,pai_2cols_20211228_152855_6631735340_600_800_mask.png,"er  1938.  Kibsgaard,  chief  executive  of  the  last  ten  years,  spending"
115,4,230,8,328,598,558,606,328,598,558,598,558,606,328,606,sub_line_text,text,text_4,roboto,regular,7,pai_2cols_20211228_152855_6631735340_600_800.png,/scratch/parceirosbr/bigoilict/share/BigOil/document_generator/datasets/documents_2021_12_28/pai_2cols_20211228_152855_6631735340_600_800.png,pai_2cols_20211228_152855_6631735340_600_800_mask.png,"on  exploration  and  production  grew  four  times  in  nominal  terms, w-"
115,4,230,8,328,610,558,618,328,610,558,610,558,618,328,618,sub_line_text,text,text_4,roboto,regular,7,pai_2cols_20211228_152855_6631735340_600_800.png,/scratch/parceirosbr/bigoilict/share/BigOil/document_generator/datasets/documents_2021_12_28/pai_2cols_20211228_152855_6631735340_600_800.png,pai_2cols_20211228_152855_6631735340_600_800_mask.png,hile  oil  production  grew  by  only  11%  in 2014). 2.3 represents the be-
115,4,230,8,328,622,558,630,328,622,558,622,558,630,328,630,sub_line_text,text,text_4,roboto,regular,7,pai_2cols_20211228_152855_6631735340_600_800.png,/scratch/parceirosbr/bigoilict/share/BigOil/document_generator/datasets/documents_2021_12_28/pai_2cols_20211228_152855_6631735340_600_800.png,pai_2cols_20211228_152855_6631735340_600_800_mask.png,havior  of  the  angular  speed  of  the  drill  and  the  rotary  table  (2 it is
114,4,229,8,328,634,557,642,328,634,557,634,557,642,328,642,sub_line_text,text,text_4,roboto,regular,7,pai_2cols_20211228_152855_6631735340_600_800.png,/scratch/parceirosbr/bigoilict/share/BigOil/document_generator/datasets/documents_2021_12_28/pai_2cols_20211228_152855_6631735340_600_800.png,pai_2cols_20211228_152855_6631735340_600_800_mask.png,"possible  to  note  that  at  certain  times  the  speed  of the drill is zero,"
115,4,230,8,328,646,558,654,328,646,558,646,558,654,328,654,sub_line_text,text,text_4,roboto,regular,7,pai_2cols_20211228_152855_6631735340_600_800.png,/scratch/parceirosbr/bigoilict/share/BigOil/document_generator/datasets/documents_2021_12_28/pai_2cols_20211228_152855_6631735340_600_800.png,pai_2cols_20211228_152855_6631735340_600_800_mask.png,"that  is,  the  drill  stops  rotating  in  relation  to  the  formation,  causing"
115,4,230,8,328,658,558,666,328,658,558,658,558,666,328,666,sub_line_text,text,text_4,roboto,regular,7,pai_2cols_20211228_152855_6631735340_600_800.png,/scratch/parceirosbr/bigoilict/share/BigOil/document_generator/datasets/documents_2021_12_28/pai_2cols_20211228_152855_6631735340_600_800.png,pai_2cols_20211228_152855_6631735340_600_800_mask.png,the  phenomenon  called  stick.  A  hipótese  interpretativa  para o perfil
115,4,230,8,328,670,558,678,328,670,558,670,558,678,328,678,sub_line_text,text,text_4,roboto,regular,7,pai_2cols_20211228_152855_6631735340_600_800.png,/scratch/parceirosbr/bigoilict/share/BigOil/document_generator/datasets/documents_2021_12_28/pai_2cols_20211228_152855_6631735340_600_800.png,pai_2cols_20211228_152855_6631735340_600_800_mask.png,"sobre  o  gráben  da  do  é  consistente, pois, está alicerçada por dados"
109,4,219,8,328,682,547,690,328,682,547,682,547,690,328,690,sub_line_text,text,text_4,roboto,regular,7,pai_2cols_20211228_152855_6631735340_600_800.png,/scratch/parceirosbr/bigoilict/share/BigOil/document_generator/datasets/documents_2021_12_28/pai_2cols_20211228_152855_6631735340_600_800.png,pai_2cols_20211228_152855_6631735340_600_800_mask.png,de sísmica como informação a priori. A maioria das perfurações no.
115,58,230,116,328,574,558,690,328,574,558,574,558,690,328,690,text,text,text_4,roboto,regular,7,pai_2cols_20211228_152855_6631735340_600_800.png,/scratch/parceirosbr/bigoilict/share/BigOil/document_generator/datasets/documents_2021_12_28/pai_2cols_20211228_152855_6631735340_600_800.png,pai_2cols_20211228_152855_6631735340_600_800_mask.png,nan
99,4,199,8,358,695,557,703,358,695,557,695,557,703,358,703,sub_line_text,text,text_5,roboto,regular,7,pai_2cols_20211228_152855_6631735340_600_800.png,/scratch/parceirosbr/bigoilict/share/BigOil/document_generator/datasets/documents_2021_12_28/pai_2cols_20211228_152855_6631735340_600_800.png,pai_2cols_20211228_152855_6631735340_600_800_mask.png,The   biological  fixation  of  carbon  dioxide  from  photosynth-
107,4,215,8,328,707,543,715,328,707,543,707,543,715,328,715,sub_line_text,text,text_5,roboto,regular,7,pai_2cols_20211228_152855_6631735340_600_800.png,/scratch/parceirosbr/bigoilict/share/BigOil/document_generator/datasets/documents_2021_12_28/pai_2cols_20211228_152855_6631735340_600_800.png,pai_2cols_20211228_152855_6631735340_600_800_mask.png,etic organisms such as microalgae in is considered an alternative.
114,10,229,20,328,695,557,715,328,695,557,695,557,715,328,715,text,text,text_5,roboto,regular,7,pai_2cols_20211228_152855_6631735340_600_800.png,/scratch/parceirosbr/bigoilict/share/BigOil/document_generator/datasets/documents_2021_12_28/pai_2cols_20211228_152855_6631735340_600_800.png,pai_2cols_20211228_152855_6631735340_600_800_mask.png,nan
