center_x,center_y,width,height,xmin,ymin,xmax,ymax,top_left_x,top_left_y,top_right_x,top_right_y,bottom_right_x,bottom_right_y,bottom_left_x,bottom_left_y,label,grouplabel,group,text_font,text_style,size_font,filename,path,filename_mask,content
300,400,600,800,0,0,600,800,0,0,600,0,600,800,0,800,document,,,,,,pai_1col_20211228_152719_8764769805_600_800.png,/scratch/parceirosbr/bigoilict/share/BigOil/document_generator/datasets/documents_2021_12_28/pai_1col_20211228_152719_8764769805_600_800.png,pai_1col_20211228_152719_8764769805_600_800_mask.png,
163,12,327,24,132,42,459,66,132,42,459,42,459,66,132,66,sub_line_text,title,title_0,raleway,bold,21,pai_1col_20211228_152719_8764769805_600_800.png,/scratch/parceirosbr/bigoilict/share/BigOil/document_generator/datasets/documents_2021_12_28/pai_1col_20211228_152719_8764769805_600_800.png,pai_1col_20211228_152719_8764769805_600_800_mask.png,"Quando comparado 2014, índice"
163,12,327,24,132,42,459,66,132,42,459,42,459,66,132,66,title,title,title_0,raleway,bold,21,pai_1col_20211228_152719_8764769805_600_800.png,/scratch/parceirosbr/bigoilict/share/BigOil/document_generator/datasets/documents_2021_12_28/pai_1col_20211228_152719_8764769805_600_800.png,pai_1col_20211228_152719_8764769805_600_800_mask.png,nan
30,6,60,12,121,92,181,104,121,92,181,92,181,104,121,104,sub_line_text,equation,equation_0,raleway,bolditalic,10,pai_1col_20211228_152719_8764769805_600_800.png,/scratch/parceirosbr/bigoilict/share/BigOil/document_generator/datasets/documents_2021_12_28/pai_1col_20211228_152719_8764769805_600_800.png,pai_1col_20211228_152719_8764769805_600_800_mask.png,Equação (85)
170,25,340,50,121,73,461,123,121,73,461,73,461,123,121,123,equation,equation,equation_0,,,,pai_1col_20211228_152719_8764769805_600_800.png,/scratch/parceirosbr/bigoilict/share/BigOil/document_generator/datasets/documents_2021_12_28/pai_1col_20211228_152719_8764769805_600_800.png,pai_1col_20211228_152719_8764769805_600_800_mask.png,
230,63,460,127,65,127,525,254,65,127,525,127,525,254,65,254,table,table_image,table_0,,,,pai_1col_20211228_152719_8764769805_600_800.png,/scratch/parceirosbr/bigoilict/share/BigOil/document_generator/datasets/documents_2021_12_28/pai_1col_20211228_152719_8764769805_600_800.png,pai_1col_20211228_152719_8764769805_600_800_mask.png,output/gen_tab_20211228_152719_9162737423.png
25,5,51,11,84,129,135,140,84,129,135,129,135,140,84,140,text,table_text,table_0,arial,regular,11.0,pai_1col_20211228_152719_8764769805_600_800.png,/scratch/parceirosbr/bigoilict/share/BigOil/document_generator/datasets/documents_2021_12_28/pai_1col_20211228_152719_8764769805_600_800.png,pai_1col_20211228_152719_8764769805_600_800_mask.png,exploração
25,5,51,11,84,129,135,140,84,129,135,129,135,140,84,140,sub_line_text,table_text,table_0,arial,regular,11.0,pai_1col_20211228_152719_8764769805_600_800.png,/scratch/parceirosbr/bigoilict/share/BigOil/document_generator/datasets/documents_2021_12_28/pai_1col_20211228_152719_8764769805_600_800.png,pai_1col_20211228_152719_8764769805_600_800_mask.png,exploração
13,5,26,11,97,142,123,153,97,142,123,142,123,153,97,153,text,table_text,table_0,arial,regular,11.0,pai_1col_20211228_152719_8764769805_600_800.png,/scratch/parceirosbr/bigoilict/share/BigOil/document_generator/datasets/documents_2021_12_28/pai_1col_20211228_152719_8764769805_600_800.png,pai_1col_20211228_152719_8764769805_600_800_mask.png,forma
13,5,26,11,97,142,123,153,97,142,123,142,123,153,97,153,sub_line_text,table_text,table_0,arial,regular,11.0,pai_1col_20211228_152719_8764769805_600_800.png,/scratch/parceirosbr/bigoilict/share/BigOil/document_generator/datasets/documents_2021_12_28/pai_1col_20211228_152719_8764769805_600_800.png,pai_1col_20211228_152719_8764769805_600_800_mask.png,forma
18,5,37,11,91,162,128,173,91,162,128,162,128,173,91,173,text,table_text,table_0,arial,regular,11.0,pai_1col_20211228_152719_8764769805_600_800.png,/scratch/parceirosbr/bigoilict/share/BigOil/document_generator/datasets/documents_2021_12_28/pai_1col_20211228_152719_8764769805_600_800.png,pai_1col_20211228_152719_8764769805_600_800_mask.png,hidratos
18,5,37,11,91,162,128,173,91,162,128,162,128,173,91,173,sub_line_text,table_text,table_0,arial,regular,11.0,pai_1col_20211228_152719_8764769805_600_800.png,/scratch/parceirosbr/bigoilict/share/BigOil/document_generator/datasets/documents_2021_12_28/pai_1col_20211228_152719_8764769805_600_800.png,pai_1col_20211228_152719_8764769805_600_800_mask.png,hidratos
12,5,24,11,97,177,121,188,97,177,121,177,121,188,97,188,text,table_text,table_0,arial,regular,11.0,pai_1col_20211228_152719_8764769805_600_800.png,/scratch/parceirosbr/bigoilict/share/BigOil/document_generator/datasets/documents_2021_12_28/pai_1col_20211228_152719_8764769805_600_800.png,pai_1col_20211228_152719_8764769805_600_800_mask.png,balão
12,5,24,11,97,177,121,188,97,177,121,177,121,188,97,188,sub_line_text,table_text,table_0,arial,regular,11.0,pai_1col_20211228_152719_8764769805_600_800.png,/scratch/parceirosbr/bigoilict/share/BigOil/document_generator/datasets/documents_2021_12_28/pai_1col_20211228_152719_8764769805_600_800.png,pai_1col_20211228_152719_8764769805_600_800_mask.png,balão
8,5,17,11,101,191,118,202,101,191,118,191,118,202,101,202,text,table_text,table_0,arial,regular,11.0,pai_1col_20211228_152719_8764769805_600_800.png,/scratch/parceirosbr/bigoilict/share/BigOil/document_generator/datasets/documents_2021_12_28/pai_1col_20211228_152719_8764769805_600_800.png,pai_1col_20211228_152719_8764769805_600_800_mask.png,das
8,5,17,11,101,191,118,202,101,191,118,191,118,202,101,202,sub_line_text,table_text,table_0,arial,regular,11.0,pai_1col_20211228_152719_8764769805_600_800.png,/scratch/parceirosbr/bigoilict/share/BigOil/document_generator/datasets/documents_2021_12_28/pai_1col_20211228_152719_8764769805_600_800.png,pai_1col_20211228_152719_8764769805_600_800_mask.png,das
10,5,20,11,100,205,120,216,100,205,120,205,120,216,100,216,text,table_text,table_0,arial,regular,11.0,pai_1col_20211228_152719_8764769805_600_800.png,/scratch/parceirosbr/bigoilict/share/BigOil/document_generator/datasets/documents_2021_12_28/pai_1col_20211228_152719_8764769805_600_800.png,pai_1col_20211228_152719_8764769805_600_800_mask.png,este
10,5,20,11,100,205,120,216,100,205,120,205,120,216,100,216,sub_line_text,table_text,table_0,arial,regular,11.0,pai_1col_20211228_152719_8764769805_600_800.png,/scratch/parceirosbr/bigoilict/share/BigOil/document_generator/datasets/documents_2021_12_28/pai_1col_20211228_152719_8764769805_600_800.png,pai_1col_20211228_152719_8764769805_600_800_mask.png,este
20,5,41,11,89,220,130,231,89,220,130,220,130,231,89,231,text,table_text,table_0,arial,regular,11.0,pai_1col_20211228_152719_8764769805_600_800.png,/scratch/parceirosbr/bigoilict/share/BigOil/document_generator/datasets/documents_2021_12_28/pai_1col_20211228_152719_8764769805_600_800.png,pai_1col_20211228_152719_8764769805_600_800_mask.png,discutido
20,5,41,11,89,220,130,231,89,220,130,220,130,231,89,231,sub_line_text,table_text,table_0,arial,regular,11.0,pai_1col_20211228_152719_8764769805_600_800.png,/scratch/parceirosbr/bigoilict/share/BigOil/document_generator/datasets/documents_2021_12_28/pai_1col_20211228_152719_8764769805_600_800.png,pai_1col_20211228_152719_8764769805_600_800_mask.png,discutido
21,5,42,11,273,234,315,245,273,234,315,234,315,245,273,245,text,table_text,table_0,arial,regular,11.0,pai_1col_20211228_152719_8764769805_600_800.png,/scratch/parceirosbr/bigoilict/share/BigOil/document_generator/datasets/documents_2021_12_28/pai_1col_20211228_152719_8764769805_600_800.png,pai_1col_20211228_152719_8764769805_600_800_mask.png,realizado
21,5,42,11,273,234,315,245,273,234,315,234,315,245,273,245,sub_line_text,table_text,table_0,arial,regular,11.0,pai_1col_20211228_152719_8764769805_600_800.png,/scratch/parceirosbr/bigoilict/share/BigOil/document_generator/datasets/documents_2021_12_28/pai_1col_20211228_152719_8764769805_600_800.png,pai_1col_20211228_152719_8764769805_600_800_mask.png,realizado
32,5,64,11,225,129,289,140,225,129,289,129,289,140,225,140,text,table_text,table_0,arial,regular,11.0,pai_1col_20211228_152719_8764769805_600_800.png,/scratch/parceirosbr/bigoilict/share/BigOil/document_generator/datasets/documents_2021_12_28/pai_1col_20211228_152719_8764769805_600_800.png,pai_1col_20211228_152719_8764769805_600_800_mask.png,concentração
32,5,64,11,225,129,289,140,225,129,289,129,289,140,225,140,sub_line_text,table_text,table_0,arial,regular,11.0,pai_1col_20211228_152719_8764769805_600_800.png,/scratch/parceirosbr/bigoilict/share/BigOil/document_generator/datasets/documents_2021_12_28/pai_1col_20211228_152719_8764769805_600_800.png,pai_1col_20211228_152719_8764769805_600_800_mask.png,concentração
17,5,34,11,255,142,289,153,255,142,289,142,289,153,255,153,text,table_text,table_0,arial,regular,11.0,pai_1col_20211228_152719_8764769805_600_800.png,/scratch/parceirosbr/bigoilict/share/BigOil/document_generator/datasets/documents_2021_12_28/pai_1col_20211228_152719_8764769805_600_800.png,pai_1col_20211228_152719_8764769805_600_800_mask.png,reunião
17,5,34,11,255,142,289,153,255,142,289,142,289,153,255,153,sub_line_text,table_text,table_0,arial,regular,11.0,pai_1col_20211228_152719_8764769805_600_800.png,/scratch/parceirosbr/bigoilict/share/BigOil/document_generator/datasets/documents_2021_12_28/pai_1col_20211228_152719_8764769805_600_800.png,pai_1col_20211228_152719_8764769805_600_800_mask.png,reunião
30,5,60,11,229,162,289,173,229,162,289,162,289,173,229,173,text,table_text,table_0,arial,regular,11.0,pai_1col_20211228_152719_8764769805_600_800.png,/scratch/parceirosbr/bigoilict/share/BigOil/document_generator/datasets/documents_2021_12_28/pai_1col_20211228_152719_8764769805_600_800.png,pai_1col_20211228_152719_8764769805_600_800_mask.png,62181777.19
30,5,60,11,229,162,289,173,229,162,289,162,289,173,229,173,sub_line_text,table_text,table_0,arial,regular,11.0,pai_1col_20211228_152719_8764769805_600_800.png,/scratch/parceirosbr/bigoilict/share/BigOil/document_generator/datasets/documents_2021_12_28/pai_1col_20211228_152719_8764769805_600_800.png,pai_1col_20211228_152719_8764769805_600_800_mask.png,62181777.19
30,5,60,11,229,177,289,188,229,177,289,177,289,188,229,188,text,table_text,table_0,arial,regular,11.0,pai_1col_20211228_152719_8764769805_600_800.png,/scratch/parceirosbr/bigoilict/share/BigOil/document_generator/datasets/documents_2021_12_28/pai_1col_20211228_152719_8764769805_600_800.png,pai_1col_20211228_152719_8764769805_600_800_mask.png,62504514.13
30,5,60,11,229,177,289,188,229,177,289,177,289,188,229,188,sub_line_text,table_text,table_0,arial,regular,11.0,pai_1col_20211228_152719_8764769805_600_800.png,/scratch/parceirosbr/bigoilict/share/BigOil/document_generator/datasets/documents_2021_12_28/pai_1col_20211228_152719_8764769805_600_800.png,pai_1col_20211228_152719_8764769805_600_800_mask.png,62504514.13
18,5,37,11,252,191,289,202,252,191,289,191,289,202,252,202,text,table_text,table_0,arial,regular,11.0,pai_1col_20211228_152719_8764769805_600_800.png,/scratch/parceirosbr/bigoilict/share/BigOil/document_generator/datasets/documents_2021_12_28/pai_1col_20211228_152719_8764769805_600_800.png,pai_1col_20211228_152719_8764769805_600_800_mask.png,3329.06
18,5,37,11,252,191,289,202,252,191,289,191,289,202,252,202,sub_line_text,table_text,table_0,arial,regular,11.0,pai_1col_20211228_152719_8764769805_600_800.png,/scratch/parceirosbr/bigoilict/share/BigOil/document_generator/datasets/documents_2021_12_28/pai_1col_20211228_152719_8764769805_600_800.png,pai_1col_20211228_152719_8764769805_600_800_mask.png,3329.06
18,5,37,11,252,205,289,216,252,205,289,205,289,216,252,216,text,table_text,table_0,arial,regular,11.0,pai_1col_20211228_152719_8764769805_600_800.png,/scratch/parceirosbr/bigoilict/share/BigOil/document_generator/datasets/documents_2021_12_28/pai_1col_20211228_152719_8764769805_600_800.png,pai_1col_20211228_152719_8764769805_600_800_mask.png,8675.32
18,5,37,11,252,205,289,216,252,205,289,205,289,216,252,216,sub_line_text,table_text,table_0,arial,regular,11.0,pai_1col_20211228_152719_8764769805_600_800.png,/scratch/parceirosbr/bigoilict/share/BigOil/document_generator/datasets/documents_2021_12_28/pai_1col_20211228_152719_8764769805_600_800.png,pai_1col_20211228_152719_8764769805_600_800_mask.png,8675.32
24,5,48,11,240,220,288,231,240,220,288,220,288,231,240,231,text,table_text,table_0,arial,regular,11.0,pai_1col_20211228_152719_8764769805_600_800.png,/scratch/parceirosbr/bigoilict/share/BigOil/document_generator/datasets/documents_2021_12_28/pai_1col_20211228_152719_8764769805_600_800.png,pai_1col_20211228_152719_8764769805_600_800_mask.png,824188.78
24,5,48,11,240,220,288,231,240,220,288,220,288,231,240,231,sub_line_text,table_text,table_0,arial,regular,11.0,pai_1col_20211228_152719_8764769805_600_800.png,/scratch/parceirosbr/bigoilict/share/BigOil/document_generator/datasets/documents_2021_12_28/pai_1col_20211228_152719_8764769805_600_800.png,pai_1col_20211228_152719_8764769805_600_800_mask.png,824188.78
15,5,31,11,318,129,349,140,318,129,349,129,349,140,318,140,text,table_text,table_0,arial,regular,11.0,pai_1col_20211228_152719_8764769805_600_800.png,/scratch/parceirosbr/bigoilict/share/BigOil/document_generator/datasets/documents_2021_12_28/pai_1col_20211228_152719_8764769805_600_800.png,pai_1col_20211228_152719_8764769805_600_800_mask.png,virtude
15,5,31,11,318,129,349,140,318,129,349,129,349,140,318,140,sub_line_text,table_text,table_0,arial,regular,11.0,pai_1col_20211228_152719_8764769805_600_800.png,/scratch/parceirosbr/bigoilict/share/BigOil/document_generator/datasets/documents_2021_12_28/pai_1col_20211228_152719_8764769805_600_800.png,pai_1col_20211228_152719_8764769805_600_800_mask.png,virtude
11,5,23,11,327,142,350,153,327,142,350,142,350,153,327,153,text,table_text,table_0,arial,regular,11.0,pai_1col_20211228_152719_8764769805_600_800.png,/scratch/parceirosbr/bigoilict/share/BigOil/document_generator/datasets/documents_2021_12_28/pai_1col_20211228_152719_8764769805_600_800.png,pai_1col_20211228_152719_8764769805_600_800_mask.png,caso
11,5,23,11,327,142,350,153,327,142,350,142,350,153,327,153,sub_line_text,table_text,table_0,arial,regular,11.0,pai_1col_20211228_152719_8764769805_600_800.png,/scratch/parceirosbr/bigoilict/share/BigOil/document_generator/datasets/documents_2021_12_28/pai_1col_20211228_152719_8764769805_600_800.png,pai_1col_20211228_152719_8764769805_600_800_mask.png,caso
10,5,20,11,330,162,350,173,330,162,350,162,350,173,330,173,text,table_text,table_0,arial,regular,11.0,pai_1col_20211228_152719_8764769805_600_800.png,/scratch/parceirosbr/bigoilict/share/BigOil/document_generator/datasets/documents_2021_12_28/pai_1col_20211228_152719_8764769805_600_800.png,pai_1col_20211228_152719_8764769805_600_800_mask.png,51.6
10,5,20,11,330,162,350,173,330,162,350,162,350,173,330,173,sub_line_text,table_text,table_0,arial,regular,11.0,pai_1col_20211228_152719_8764769805_600_800.png,/scratch/parceirosbr/bigoilict/share/BigOil/document_generator/datasets/documents_2021_12_28/pai_1col_20211228_152719_8764769805_600_800.png,pai_1col_20211228_152719_8764769805_600_800_mask.png,51.6
15,5,31,11,318,177,349,188,318,177,349,177,349,188,318,188,text,table_text,table_0,arial,regular,11.0,pai_1col_20211228_152719_8764769805_600_800.png,/scratch/parceirosbr/bigoilict/share/BigOil/document_generator/datasets/documents_2021_12_28/pai_1col_20211228_152719_8764769805_600_800.png,pai_1col_20211228_152719_8764769805_600_800_mask.png,5026.6
15,5,31,11,318,177,349,188,318,177,349,177,349,188,318,188,sub_line_text,table_text,table_0,arial,regular,11.0,pai_1col_20211228_152719_8764769805_600_800.png,/scratch/parceirosbr/bigoilict/share/BigOil/document_generator/datasets/documents_2021_12_28/pai_1col_20211228_152719_8764769805_600_800.png,pai_1col_20211228_152719_8764769805_600_800_mask.png,5026.6
15,5,31,11,318,191,349,202,318,191,349,191,349,202,318,202,text,table_text,table_0,arial,regular,11.0,pai_1col_20211228_152719_8764769805_600_800.png,/scratch/parceirosbr/bigoilict/share/BigOil/document_generator/datasets/documents_2021_12_28/pai_1col_20211228_152719_8764769805_600_800.png,pai_1col_20211228_152719_8764769805_600_800_mask.png,8546.6
15,5,31,11,318,191,349,202,318,191,349,191,349,202,318,202,sub_line_text,table_text,table_0,arial,regular,11.0,pai_1col_20211228_152719_8764769805_600_800.png,/scratch/parceirosbr/bigoilict/share/BigOil/document_generator/datasets/documents_2021_12_28/pai_1col_20211228_152719_8764769805_600_800.png,pai_1col_20211228_152719_8764769805_600_800_mask.png,8546.6
10,5,20,11,330,205,350,216,330,205,350,205,350,216,330,216,text,table_text,table_0,arial,regular,11.0,pai_1col_20211228_152719_8764769805_600_800.png,/scratch/parceirosbr/bigoilict/share/BigOil/document_generator/datasets/documents_2021_12_28/pai_1col_20211228_152719_8764769805_600_800.png,pai_1col_20211228_152719_8764769805_600_800_mask.png,14.6
10,5,20,11,330,205,350,216,330,205,350,205,350,216,330,216,sub_line_text,table_text,table_0,arial,regular,11.0,pai_1col_20211228_152719_8764769805_600_800.png,/scratch/parceirosbr/bigoilict/share/BigOil/document_generator/datasets/documents_2021_12_28/pai_1col_20211228_152719_8764769805_600_800.png,pai_1col_20211228_152719_8764769805_600_800_mask.png,14.6
15,5,31,11,318,220,349,231,318,220,349,220,349,231,318,231,text,table_text,table_0,arial,regular,11.0,pai_1col_20211228_152719_8764769805_600_800.png,/scratch/parceirosbr/bigoilict/share/BigOil/document_generator/datasets/documents_2021_12_28/pai_1col_20211228_152719_8764769805_600_800.png,pai_1col_20211228_152719_8764769805_600_800_mask.png,8506.7
15,5,31,11,318,220,349,231,318,220,349,220,349,231,318,231,sub_line_text,table_text,table_0,arial,regular,11.0,pai_1col_20211228_152719_8764769805_600_800.png,/scratch/parceirosbr/bigoilict/share/BigOil/document_generator/datasets/documents_2021_12_28/pai_1col_20211228_152719_8764769805_600_800.png,pai_1col_20211228_152719_8764769805_600_800_mask.png,8506.7
14,5,28,11,487,129,515,140,487,129,515,129,515,140,487,140,text,table_text,table_0,arial,regular,11.0,pai_1col_20211228_152719_8764769805_600_800.png,/scratch/parceirosbr/bigoilict/share/BigOil/document_generator/datasets/documents_2021_12_28/pai_1col_20211228_152719_8764769805_600_800.png,pai_1col_20211228_152719_8764769805_600_800_mask.png,vezes
14,5,28,11,487,129,515,140,487,129,515,129,515,140,487,140,sub_line_text,table_text,table_0,arial,regular,11.0,pai_1col_20211228_152719_8764769805_600_800.png,/scratch/parceirosbr/bigoilict/share/BigOil/document_generator/datasets/documents_2021_12_28/pai_1col_20211228_152719_8764769805_600_800.png,pai_1col_20211228_152719_8764769805_600_800_mask.png,vezes
13,5,26,11,489,142,515,153,489,142,515,142,515,153,489,153,text,table_text,table_0,arial,regular,11.0,pai_1col_20211228_152719_8764769805_600_800.png,/scratch/parceirosbr/bigoilict/share/BigOil/document_generator/datasets/documents_2021_12_28/pai_1col_20211228_152719_8764769805_600_800.png,pai_1col_20211228_152719_8764769805_600_800_mask.png,berço
13,5,26,11,489,142,515,153,489,142,515,142,515,153,489,153,sub_line_text,table_text,table_0,arial,regular,11.0,pai_1col_20211228_152719_8764769805_600_800.png,/scratch/parceirosbr/bigoilict/share/BigOil/document_generator/datasets/documents_2021_12_28/pai_1col_20211228_152719_8764769805_600_800.png,pai_1col_20211228_152719_8764769805_600_800_mask.png,berço
46,5,92,11,424,162,516,173,424,162,516,162,516,173,424,173,text,table_text,table_0,arial,regular,11.0,pai_1col_20211228_152719_8764769805_600_800.png,/scratch/parceirosbr/bigoilict/share/BigOil/document_generator/datasets/documents_2021_12_28/pai_1col_20211228_152719_8764769805_600_800.png,pai_1col_20211228_152719_8764769805_600_800_mask.png,9146786453398104
46,5,92,11,424,162,516,173,424,162,516,162,516,173,424,173,sub_line_text,table_text,table_0,arial,regular,11.0,pai_1col_20211228_152719_8764769805_600_800.png,/scratch/parceirosbr/bigoilict/share/BigOil/document_generator/datasets/documents_2021_12_28/pai_1col_20211228_152719_8764769805_600_800.png,pai_1col_20211228_152719_8764769805_600_800_mask.png,9146786453398104
48,5,97,11,418,177,515,188,418,177,515,177,515,188,418,188,text,table_text,table_0,arial,regular,11.0,pai_1col_20211228_152719_8764769805_600_800.png,/scratch/parceirosbr/bigoilict/share/BigOil/document_generator/datasets/documents_2021_12_28/pai_1col_20211228_152719_8764769805_600_800.png,pai_1col_20211228_152719_8764769805_600_800_mask.png,93169618717696320
48,5,97,11,418,177,515,188,418,177,515,177,515,188,418,188,sub_line_text,table_text,table_0,arial,regular,11.0,pai_1col_20211228_152719_8764769805_600_800.png,/scratch/parceirosbr/bigoilict/share/BigOil/document_generator/datasets/documents_2021_12_28/pai_1col_20211228_152719_8764769805_600_800.png,pai_1col_20211228_152719_8764769805_600_800_mask.png,93169618717696320
46,5,92,11,424,191,516,202,424,191,516,191,516,202,424,202,text,table_text,table_0,arial,regular,11.0,pai_1col_20211228_152719_8764769805_600_800.png,/scratch/parceirosbr/bigoilict/share/BigOil/document_generator/datasets/documents_2021_12_28/pai_1col_20211228_152719_8764769805_600_800.png,pai_1col_20211228_152719_8764769805_600_800_mask.png,7628909756135578
46,5,92,11,424,191,516,202,424,191,516,191,516,202,424,202,sub_line_text,table_text,table_0,arial,regular,11.0,pai_1col_20211228_152719_8764769805_600_800.png,/scratch/parceirosbr/bigoilict/share/BigOil/document_generator/datasets/documents_2021_12_28/pai_1col_20211228_152719_8764769805_600_800.png,pai_1col_20211228_152719_8764769805_600_800_mask.png,7628909756135578
46,5,92,11,424,205,516,216,424,205,516,205,516,216,424,216,text,table_text,table_0,arial,regular,11.0,pai_1col_20211228_152719_8764769805_600_800.png,/scratch/parceirosbr/bigoilict/share/BigOil/document_generator/datasets/documents_2021_12_28/pai_1col_20211228_152719_8764769805_600_800.png,pai_1col_20211228_152719_8764769805_600_800_mask.png,7434177369082151
46,5,92,11,424,205,516,216,424,205,516,205,516,216,424,216,sub_line_text,table_text,table_0,arial,regular,11.0,pai_1col_20211228_152719_8764769805_600_800.png,/scratch/parceirosbr/bigoilict/share/BigOil/document_generator/datasets/documents_2021_12_28/pai_1col_20211228_152719_8764769805_600_800.png,pai_1col_20211228_152719_8764769805_600_800_mask.png,7434177369082151
48,5,97,11,418,220,515,231,418,220,515,220,515,231,418,231,text,table_text,table_0,arial,regular,11.0,pai_1col_20211228_152719_8764769805_600_800.png,/scratch/parceirosbr/bigoilict/share/BigOil/document_generator/datasets/documents_2021_12_28/pai_1col_20211228_152719_8764769805_600_800.png,pai_1col_20211228_152719_8764769805_600_800_mask.png,92922265994257852
48,5,97,11,418,220,515,231,418,220,515,220,515,231,418,231,sub_line_text,table_text,table_0,arial,regular,11.0,pai_1col_20211228_152719_8764769805_600_800.png,/scratch/parceirosbr/bigoilict/share/BigOil/document_generator/datasets/documents_2021_12_28/pai_1col_20211228_152719_8764769805_600_800.png,pai_1col_20211228_152719_8764769805_600_800_mask.png,92922265994257852
213,6,427,12,56,259,483,271,56,259,483,259,483,271,56,271,sub_line_text,table_legend,table_0,raleway,bolditalic,10,pai_1col_20211228_152719_8764769805_600_800.png,/scratch/parceirosbr/bigoilict/share/BigOil/document_generator/datasets/documents_2021_12_28/pai_1col_20211228_152719_8764769805_600_800.png,pai_1col_20211228_152719_8764769805_600_800_mask.png,Tabela    106:      O   gás   natural   é   aplicado   na   siderurgia   principalmente   como   redutor
189,6,378,12,56,274,434,286,56,274,434,274,434,286,56,286,sub_line_text,table_legend,table_0,raleway,bolditalic,10,pai_1col_20211228_152719_8764769805_600_800.png,/scratch/parceirosbr/bigoilict/share/BigOil/document_generator/datasets/documents_2021_12_28/pai_1col_20211228_152719_8764769805_600_800.png,pai_1col_20211228_152719_8764769805_600_800_mask.png,na fabricação de ferro esponja. O grupo de amostras destacado em verde é trat-
213,13,427,27,56,259,483,286,56,259,483,259,483,286,56,286,text,table_legend,table_0,raleway,bolditalic,10,pai_1col_20211228_152719_8764769805_600_800.png,/scratch/parceirosbr/bigoilict/share/BigOil/document_generator/datasets/documents_2021_12_28/pai_1col_20211228_152719_8764769805_600_800.png,pai_1col_20211228_152719_8764769805_600_800_mask.png,nan
233,97,467,195,62,290,529,485,62,290,529,290,529,485,62,485,table,table_image,table_0,,,,pai_1col_20211228_152719_8764769805_600_800.png,/scratch/parceirosbr/bigoilict/share/BigOil/document_generator/datasets/documents_2021_12_28/pai_1col_20211228_152719_8764769805_600_800.png,pai_1col_20211228_152719_8764769805_600_800_mask.png,output/gen_tab_20211228_152720_7072191187.png
23,6,46,13,114,294,160,307,114,294,160,294,160,307,114,307,text,table_text,table_0,roboto,italic,11.0,pai_1col_20211228_152719_8764769805_600_800.png,/scratch/parceirosbr/bigoilict/share/BigOil/document_generator/datasets/documents_2021_12_28/pai_1col_20211228_152719_8764769805_600_800.png,pai_1col_20211228_152719_8764769805_600_800_mask.png,emissões
23,6,46,13,114,294,160,307,114,294,160,294,160,307,114,307,sub_line_text,table_text,table_0,roboto,italic,11.0,pai_1col_20211228_152719_8764769805_600_800.png,/scratch/parceirosbr/bigoilict/share/BigOil/document_generator/datasets/documents_2021_12_28/pai_1col_20211228_152719_8764769805_600_800.png,pai_1col_20211228_152719_8764769805_600_800_mask.png,emissões
36,6,73,13,100,311,173,324,100,311,173,311,173,324,100,324,text,table_text,table_0,roboto,italic,11.0,pai_1col_20211228_152719_8764769805_600_800.png,/scratch/parceirosbr/bigoilict/share/BigOil/document_generator/datasets/documents_2021_12_28/pai_1col_20211228_152719_8764769805_600_800.png,pai_1col_20211228_152719_8764769805_600_800_mask.png,monitoramento
36,6,73,13,100,311,173,324,100,311,173,311,173,324,100,324,sub_line_text,table_text,table_0,roboto,italic,11.0,pai_1col_20211228_152719_8764769805_600_800.png,/scratch/parceirosbr/bigoilict/share/BigOil/document_generator/datasets/documents_2021_12_28/pai_1col_20211228_152719_8764769805_600_800.png,pai_1col_20211228_152719_8764769805_600_800_mask.png,monitoramento
28,6,57,13,108,328,165,341,108,328,165,328,165,341,108,341,text,table_text,table_0,roboto,italic,11.0,pai_1col_20211228_152719_8764769805_600_800.png,/scratch/parceirosbr/bigoilict/share/BigOil/document_generator/datasets/documents_2021_12_28/pai_1col_20211228_152719_8764769805_600_800.png,pai_1col_20211228_152719_8764769805_600_800_mask.png,quantitativa
28,6,57,13,108,328,165,341,108,328,165,328,165,341,108,341,sub_line_text,table_text,table_0,roboto,italic,11.0,pai_1col_20211228_152719_8764769805_600_800.png,/scratch/parceirosbr/bigoilict/share/BigOil/document_generator/datasets/documents_2021_12_28/pai_1col_20211228_152719_8764769805_600_800.png,pai_1col_20211228_152719_8764769805_600_800_mask.png,quantitativa
18,6,36,13,119,344,155,357,119,344,155,344,155,357,119,357,text,table_text,table_0,roboto,italic,11.0,pai_1col_20211228_152719_8764769805_600_800.png,/scratch/parceirosbr/bigoilict/share/BigOil/document_generator/datasets/documents_2021_12_28/pai_1col_20211228_152719_8764769805_600_800.png,pai_1col_20211228_152719_8764769805_600_800_mask.png,reunião
18,6,36,13,119,344,155,357,119,344,155,344,155,357,119,357,sub_line_text,table_text,table_0,roboto,italic,11.0,pai_1col_20211228_152719_8764769805_600_800.png,/scratch/parceirosbr/bigoilict/share/BigOil/document_generator/datasets/documents_2021_12_28/pai_1col_20211228_152719_8764769805_600_800.png,pai_1col_20211228_152719_8764769805_600_800_mask.png,reunião
30,6,61,13,106,361,167,374,106,361,167,361,167,374,106,374,text,table_text,table_0,roboto,italic,11.0,pai_1col_20211228_152719_8764769805_600_800.png,/scratch/parceirosbr/bigoilict/share/BigOil/document_generator/datasets/documents_2021_12_28/pai_1col_20211228_152719_8764769805_600_800.png,pai_1col_20211228_152719_8764769805_600_800_mask.png,desempenho
30,6,61,13,106,361,167,374,106,361,167,361,167,374,106,374,sub_line_text,table_text,table_0,roboto,italic,11.0,pai_1col_20211228_152719_8764769805_600_800.png,/scratch/parceirosbr/bigoilict/share/BigOil/document_generator/datasets/documents_2021_12_28/pai_1col_20211228_152719_8764769805_600_800.png,pai_1col_20211228_152719_8764769805_600_800_mask.png,desempenho
9,6,18,13,128,377,146,390,128,377,146,377,146,390,128,390,text,table_text,table_0,roboto,italic,11.0,pai_1col_20211228_152719_8764769805_600_800.png,/scratch/parceirosbr/bigoilict/share/BigOil/document_generator/datasets/documents_2021_12_28/pai_1col_20211228_152719_8764769805_600_800.png,pai_1col_20211228_152719_8764769805_600_800_mask.png,tem
9,6,18,13,128,377,146,390,128,377,146,377,146,390,128,390,sub_line_text,table_text,table_0,roboto,italic,11.0,pai_1col_20211228_152719_8764769805_600_800.png,/scratch/parceirosbr/bigoilict/share/BigOil/document_generator/datasets/documents_2021_12_28/pai_1col_20211228_152719_8764769805_600_800.png,pai_1col_20211228_152719_8764769805_600_800_mask.png,tem
27,6,54,13,110,394,164,407,110,394,164,394,164,407,110,407,text,table_text,table_0,roboto,italic,11.0,pai_1col_20211228_152719_8764769805_600_800.png,/scratch/parceirosbr/bigoilict/share/BigOil/document_generator/datasets/documents_2021_12_28/pai_1col_20211228_152719_8764769805_600_800.png,pai_1col_20211228_152719_8764769805_600_800_mask.png,envolverem
27,6,54,13,110,394,164,407,110,394,164,394,164,407,110,407,sub_line_text,table_text,table_0,roboto,italic,11.0,pai_1col_20211228_152719_8764769805_600_800.png,/scratch/parceirosbr/bigoilict/share/BigOil/document_generator/datasets/documents_2021_12_28/pai_1col_20211228_152719_8764769805_600_800.png,pai_1col_20211228_152719_8764769805_600_800_mask.png,envolverem
19,6,38,13,118,410,156,423,118,410,156,410,156,423,118,423,text,table_text,table_0,roboto,italic,11.0,pai_1col_20211228_152719_8764769805_600_800.png,/scratch/parceirosbr/bigoilict/share/BigOil/document_generator/datasets/documents_2021_12_28/pai_1col_20211228_152719_8764769805_600_800.png,pai_1col_20211228_152719_8764769805_600_800_mask.png,reforma
19,6,38,13,118,410,156,423,118,410,156,410,156,423,118,423,sub_line_text,table_text,table_0,roboto,italic,11.0,pai_1col_20211228_152719_8764769805_600_800.png,/scratch/parceirosbr/bigoilict/share/BigOil/document_generator/datasets/documents_2021_12_28/pai_1col_20211228_152719_8764769805_600_800.png,pai_1col_20211228_152719_8764769805_600_800_mask.png,reforma
28,6,56,13,108,427,164,440,108,427,164,427,164,440,108,440,text,table_text,table_0,roboto,italic,11.0,pai_1col_20211228_152719_8764769805_600_800.png,/scratch/parceirosbr/bigoilict/share/BigOil/document_generator/datasets/documents_2021_12_28/pai_1col_20211228_152719_8764769805_600_800.png,pai_1col_20211228_152719_8764769805_600_800_mask.png,provocando
28,6,56,13,108,427,164,440,108,427,164,427,164,440,108,440,sub_line_text,table_text,table_0,roboto,italic,11.0,pai_1col_20211228_152719_8764769805_600_800.png,/scratch/parceirosbr/bigoilict/share/BigOil/document_generator/datasets/documents_2021_12_28/pai_1col_20211228_152719_8764769805_600_800.png,pai_1col_20211228_152719_8764769805_600_800_mask.png,provocando
16,6,33,13,120,444,153,457,120,444,153,444,153,457,120,457,text,table_text,table_0,roboto,italic,11.0,pai_1col_20211228_152719_8764769805_600_800.png,/scratch/parceirosbr/bigoilict/share/BigOil/document_generator/datasets/documents_2021_12_28/pai_1col_20211228_152719_8764769805_600_800.png,pai_1col_20211228_152719_8764769805_600_800_mask.png,apesar
16,6,33,13,120,444,153,457,120,444,153,444,153,457,120,457,sub_line_text,table_text,table_0,roboto,italic,11.0,pai_1col_20211228_152719_8764769805_600_800.png,/scratch/parceirosbr/bigoilict/share/BigOil/document_generator/datasets/documents_2021_12_28/pai_1col_20211228_152719_8764769805_600_800.png,pai_1col_20211228_152719_8764769805_600_800_mask.png,apesar
17,6,35,13,278,460,313,473,278,460,313,460,313,473,278,473,text,table_text,table_0,roboto,italic,11.0,pai_1col_20211228_152719_8764769805_600_800.png,/scratch/parceirosbr/bigoilict/share/BigOil/document_generator/datasets/documents_2021_12_28/pai_1col_20211228_152719_8764769805_600_800.png,pai_1col_20211228_152719_8764769805_600_800_mask.png,comum
17,6,35,13,278,460,313,473,278,460,313,460,313,473,278,473,sub_line_text,table_text,table_0,roboto,italic,11.0,pai_1col_20211228_152719_8764769805_600_800.png,/scratch/parceirosbr/bigoilict/share/BigOil/document_generator/datasets/documents_2021_12_28/pai_1col_20211228_152719_8764769805_600_800.png,pai_1col_20211228_152719_8764769805_600_800_mask.png,comum
5,6,11,13,249,294,260,307,249,294,260,294,260,307,249,307,text,table_text,table_0,roboto,italic,11.0,pai_1col_20211228_152719_8764769805_600_800.png,/scratch/parceirosbr/bigoilict/share/BigOil/document_generator/datasets/documents_2021_12_28/pai_1col_20211228_152719_8764769805_600_800.png,pai_1col_20211228_152719_8764769805_600_800_mask.png,às
5,6,11,13,249,294,260,307,249,294,260,294,260,307,249,307,sub_line_text,table_text,table_0,roboto,italic,11.0,pai_1col_20211228_152719_8764769805_600_800.png,/scratch/parceirosbr/bigoilict/share/BigOil/document_generator/datasets/documents_2021_12_28/pai_1col_20211228_152719_8764769805_600_800.png,pai_1col_20211228_152719_8764769805_600_800_mask.png,às
10,6,21,13,239,311,260,324,239,311,260,311,260,324,239,324,text,table_text,table_0,roboto,italic,11.0,pai_1col_20211228_152719_8764769805_600_800.png,/scratch/parceirosbr/bigoilict/share/BigOil/document_generator/datasets/documents_2021_12_28/pai_1col_20211228_152719_8764769805_600_800.png,pai_1col_20211228_152719_8764769805_600_800_mask.png,31.7
10,6,21,13,239,311,260,324,239,311,260,311,260,324,239,324,sub_line_text,table_text,table_0,roboto,italic,11.0,pai_1col_20211228_152719_8764769805_600_800.png,/scratch/parceirosbr/bigoilict/share/BigOil/document_generator/datasets/documents_2021_12_28/pai_1col_20211228_152719_8764769805_600_800.png,pai_1col_20211228_152719_8764769805_600_800_mask.png,31.7
10,6,20,13,240,328,260,341,240,328,260,328,260,341,240,341,text,table_text,table_0,roboto,italic,11.0,pai_1col_20211228_152719_8764769805_600_800.png,/scratch/parceirosbr/bigoilict/share/BigOil/document_generator/datasets/documents_2021_12_28/pai_1col_20211228_152719_8764769805_600_800.png,pai_1col_20211228_152719_8764769805_600_800_mask.png,20.2
10,6,20,13,240,328,260,341,240,328,260,328,260,341,240,341,sub_line_text,table_text,table_0,roboto,italic,11.0,pai_1col_20211228_152719_8764769805_600_800.png,/scratch/parceirosbr/bigoilict/share/BigOil/document_generator/datasets/documents_2021_12_28/pai_1col_20211228_152719_8764769805_600_800.png,pai_1col_20211228_152719_8764769805_600_800_mask.png,20.2
10,6,20,13,240,344,260,357,240,344,260,344,260,357,240,357,text,table_text,table_0,roboto,italic,11.0,pai_1col_20211228_152719_8764769805_600_800.png,/scratch/parceirosbr/bigoilict/share/BigOil/document_generator/datasets/documents_2021_12_28/pai_1col_20211228_152719_8764769805_600_800.png,pai_1col_20211228_152719_8764769805_600_800_mask.png,69.6
10,6,20,13,240,344,260,357,240,344,260,344,260,357,240,357,sub_line_text,table_text,table_0,roboto,italic,11.0,pai_1col_20211228_152719_8764769805_600_800.png,/scratch/parceirosbr/bigoilict/share/BigOil/document_generator/datasets/documents_2021_12_28/pai_1col_20211228_152719_8764769805_600_800.png,pai_1col_20211228_152719_8764769805_600_800_mask.png,69.6
10,6,20,13,240,361,260,374,240,361,260,361,260,374,240,374,text,table_text,table_0,roboto,italic,11.0,pai_1col_20211228_152719_8764769805_600_800.png,/scratch/parceirosbr/bigoilict/share/BigOil/document_generator/datasets/documents_2021_12_28/pai_1col_20211228_152719_8764769805_600_800.png,pai_1col_20211228_152719_8764769805_600_800_mask.png,93.6
10,6,20,13,240,361,260,374,240,361,260,361,260,374,240,374,sub_line_text,table_text,table_0,roboto,italic,11.0,pai_1col_20211228_152719_8764769805_600_800.png,/scratch/parceirosbr/bigoilict/share/BigOil/document_generator/datasets/documents_2021_12_28/pai_1col_20211228_152719_8764769805_600_800.png,pai_1col_20211228_152719_8764769805_600_800_mask.png,93.6
10,6,20,13,240,377,260,390,240,377,260,377,260,390,240,390,text,table_text,table_0,roboto,italic,11.0,pai_1col_20211228_152719_8764769805_600_800.png,/scratch/parceirosbr/bigoilict/share/BigOil/document_generator/datasets/documents_2021_12_28/pai_1col_20211228_152719_8764769805_600_800.png,pai_1col_20211228_152719_8764769805_600_800_mask.png,42.4
10,6,20,13,240,377,260,390,240,377,260,377,260,390,240,390,sub_line_text,table_text,table_0,roboto,italic,11.0,pai_1col_20211228_152719_8764769805_600_800.png,/scratch/parceirosbr/bigoilict/share/BigOil/document_generator/datasets/documents_2021_12_28/pai_1col_20211228_152719_8764769805_600_800.png,pai_1col_20211228_152719_8764769805_600_800_mask.png,42.4
10,6,20,13,240,394,260,407,240,394,260,394,260,407,240,407,text,table_text,table_0,roboto,italic,11.0,pai_1col_20211228_152719_8764769805_600_800.png,/scratch/parceirosbr/bigoilict/share/BigOil/document_generator/datasets/documents_2021_12_28/pai_1col_20211228_152719_8764769805_600_800.png,pai_1col_20211228_152719_8764769805_600_800_mask.png,83.6
10,6,20,13,240,394,260,407,240,394,260,394,260,407,240,407,sub_line_text,table_text,table_0,roboto,italic,11.0,pai_1col_20211228_152719_8764769805_600_800.png,/scratch/parceirosbr/bigoilict/share/BigOil/document_generator/datasets/documents_2021_12_28/pai_1col_20211228_152719_8764769805_600_800.png,pai_1col_20211228_152719_8764769805_600_800_mask.png,83.6
10,6,20,13,240,410,260,423,240,410,260,410,260,423,240,423,text,table_text,table_0,roboto,italic,11.0,pai_1col_20211228_152719_8764769805_600_800.png,/scratch/parceirosbr/bigoilict/share/BigOil/document_generator/datasets/documents_2021_12_28/pai_1col_20211228_152719_8764769805_600_800.png,pai_1col_20211228_152719_8764769805_600_800_mask.png,88.6
10,6,20,13,240,410,260,423,240,410,260,410,260,423,240,423,sub_line_text,table_text,table_0,roboto,italic,11.0,pai_1col_20211228_152719_8764769805_600_800.png,/scratch/parceirosbr/bigoilict/share/BigOil/document_generator/datasets/documents_2021_12_28/pai_1col_20211228_152719_8764769805_600_800.png,pai_1col_20211228_152719_8764769805_600_800_mask.png,88.6
10,6,20,13,240,427,260,440,240,427,260,427,260,440,240,440,text,table_text,table_0,roboto,italic,11.0,pai_1col_20211228_152719_8764769805_600_800.png,/scratch/parceirosbr/bigoilict/share/BigOil/document_generator/datasets/documents_2021_12_28/pai_1col_20211228_152719_8764769805_600_800.png,pai_1col_20211228_152719_8764769805_600_800_mask.png,37.4
10,6,20,13,240,427,260,440,240,427,260,427,260,440,240,440,sub_line_text,table_text,table_0,roboto,italic,11.0,pai_1col_20211228_152719_8764769805_600_800.png,/scratch/parceirosbr/bigoilict/share/BigOil/document_generator/datasets/documents_2021_12_28/pai_1col_20211228_152719_8764769805_600_800.png,pai_1col_20211228_152719_8764769805_600_800_mask.png,37.4
10,6,20,13,240,444,260,457,240,444,260,444,260,457,240,457,text,table_text,table_0,roboto,italic,11.0,pai_1col_20211228_152719_8764769805_600_800.png,/scratch/parceirosbr/bigoilict/share/BigOil/document_generator/datasets/documents_2021_12_28/pai_1col_20211228_152719_8764769805_600_800.png,pai_1col_20211228_152719_8764769805_600_800_mask.png,93.0
10,6,20,13,240,444,260,457,240,444,260,444,260,457,240,457,sub_line_text,table_text,table_0,roboto,italic,11.0,pai_1col_20211228_152719_8764769805_600_800.png,/scratch/parceirosbr/bigoilict/share/BigOil/document_generator/datasets/documents_2021_12_28/pai_1col_20211228_152719_8764769805_600_800.png,pai_1col_20211228_152719_8764769805_600_800_mask.png,93.0
18,6,37,13,276,294,313,307,276,294,313,294,313,307,276,307,text,table_text,table_0,roboto,italic,11.0,pai_1col_20211228_152719_8764769805_600_800.png,/scratch/parceirosbr/bigoilict/share/BigOil/document_generator/datasets/documents_2021_12_28/pai_1col_20211228_152719_8764769805_600_800.png,pai_1col_20211228_152719_8764769805_600_800_mask.png,máxima
18,6,37,13,276,294,313,307,276,294,313,294,313,307,276,307,sub_line_text,table_text,table_0,roboto,italic,11.0,pai_1col_20211228_152719_8764769805_600_800.png,/scratch/parceirosbr/bigoilict/share/BigOil/document_generator/datasets/documents_2021_12_28/pai_1col_20211228_152719_8764769805_600_800.png,pai_1col_20211228_152719_8764769805_600_800_mask.png,máxima
5,6,11,13,301,311,312,324,301,311,312,311,312,324,301,324,text,table_text,table_0,roboto,italic,11.0,pai_1col_20211228_152719_8764769805_600_800.png,/scratch/parceirosbr/bigoilict/share/BigOil/document_generator/datasets/documents_2021_12_28/pai_1col_20211228_152719_8764769805_600_800.png,pai_1col_20211228_152719_8764769805_600_800_mask.png,79
5,6,11,13,301,311,312,324,301,311,312,311,312,324,301,324,sub_line_text,table_text,table_0,roboto,italic,11.0,pai_1col_20211228_152719_8764769805_600_800.png,/scratch/parceirosbr/bigoilict/share/BigOil/document_generator/datasets/documents_2021_12_28/pai_1col_20211228_152719_8764769805_600_800.png,pai_1col_20211228_152719_8764769805_600_800_mask.png,79
8,6,17,13,295,328,312,341,295,328,312,328,312,341,295,341,text,table_text,table_0,roboto,italic,11.0,pai_1col_20211228_152719_8764769805_600_800.png,/scratch/parceirosbr/bigoilict/share/BigOil/document_generator/datasets/documents_2021_12_28/pai_1col_20211228_152719_8764769805_600_800.png,pai_1col_20211228_152719_8764769805_600_800_mask.png,962
8,6,17,13,295,328,312,341,295,328,312,328,312,341,295,341,sub_line_text,table_text,table_0,roboto,italic,11.0,pai_1col_20211228_152719_8764769805_600_800.png,/scratch/parceirosbr/bigoilict/share/BigOil/document_generator/datasets/documents_2021_12_28/pai_1col_20211228_152719_8764769805_600_800.png,pai_1col_20211228_152719_8764769805_600_800_mask.png,962
9,6,18,13,295,344,313,357,295,344,313,344,313,357,295,357,text,table_text,table_0,roboto,italic,11.0,pai_1col_20211228_152719_8764769805_600_800.png,/scratch/parceirosbr/bigoilict/share/BigOil/document_generator/datasets/documents_2021_12_28/pai_1col_20211228_152719_8764769805_600_800.png,pai_1col_20211228_152719_8764769805_600_800_mask.png,595
9,6,18,13,295,344,313,357,295,344,313,344,313,357,295,357,sub_line_text,table_text,table_0,roboto,italic,11.0,pai_1col_20211228_152719_8764769805_600_800.png,/scratch/parceirosbr/bigoilict/share/BigOil/document_generator/datasets/documents_2021_12_28/pai_1col_20211228_152719_8764769805_600_800.png,pai_1col_20211228_152719_8764769805_600_800_mask.png,595
12,6,24,13,289,361,313,374,289,361,313,361,313,374,289,374,text,table_text,table_0,roboto,italic,11.0,pai_1col_20211228_152719_8764769805_600_800.png,/scratch/parceirosbr/bigoilict/share/BigOil/document_generator/datasets/documents_2021_12_28/pai_1col_20211228_152719_8764769805_600_800.png,pai_1col_20211228_152719_8764769805_600_800_mask.png,7625
12,6,24,13,289,361,313,374,289,361,313,361,313,374,289,374,sub_line_text,table_text,table_0,roboto,italic,11.0,pai_1col_20211228_152719_8764769805_600_800.png,/scratch/parceirosbr/bigoilict/share/BigOil/document_generator/datasets/documents_2021_12_28/pai_1col_20211228_152719_8764769805_600_800.png,pai_1col_20211228_152719_8764769805_600_800_mask.png,7625
6,6,12,13,300,377,312,390,300,377,312,377,312,390,300,390,text,table_text,table_0,roboto,italic,11.0,pai_1col_20211228_152719_8764769805_600_800.png,/scratch/parceirosbr/bigoilict/share/BigOil/document_generator/datasets/documents_2021_12_28/pai_1col_20211228_152719_8764769805_600_800.png,pai_1col_20211228_152719_8764769805_600_800_mask.png,37
6,6,12,13,300,377,312,390,300,377,312,377,312,390,300,390,sub_line_text,table_text,table_0,roboto,italic,11.0,pai_1col_20211228_152719_8764769805_600_800.png,/scratch/parceirosbr/bigoilict/share/BigOil/document_generator/datasets/documents_2021_12_28/pai_1col_20211228_152719_8764769805_600_800.png,pai_1col_20211228_152719_8764769805_600_800_mask.png,37
11,6,23,13,290,394,313,407,290,394,313,394,313,407,290,407,text,table_text,table_0,roboto,italic,11.0,pai_1col_20211228_152719_8764769805_600_800.png,/scratch/parceirosbr/bigoilict/share/BigOil/document_generator/datasets/documents_2021_12_28/pai_1col_20211228_152719_8764769805_600_800.png,pai_1col_20211228_152719_8764769805_600_800_mask.png,6881
11,6,23,13,290,394,313,407,290,394,313,394,313,407,290,407,sub_line_text,table_text,table_0,roboto,italic,11.0,pai_1col_20211228_152719_8764769805_600_800.png,/scratch/parceirosbr/bigoilict/share/BigOil/document_generator/datasets/documents_2021_12_28/pai_1col_20211228_152719_8764769805_600_800.png,pai_1col_20211228_152719_8764769805_600_800_mask.png,6881
8,6,17,13,295,410,312,423,295,410,312,410,312,423,295,423,text,table_text,table_0,roboto,italic,11.0,pai_1col_20211228_152719_8764769805_600_800.png,/scratch/parceirosbr/bigoilict/share/BigOil/document_generator/datasets/documents_2021_12_28/pai_1col_20211228_152719_8764769805_600_800.png,pai_1col_20211228_152719_8764769805_600_800_mask.png,903
8,6,17,13,295,410,312,423,295,410,312,410,312,423,295,423,sub_line_text,table_text,table_0,roboto,italic,11.0,pai_1col_20211228_152719_8764769805_600_800.png,/scratch/parceirosbr/bigoilict/share/BigOil/document_generator/datasets/documents_2021_12_28/pai_1col_20211228_152719_8764769805_600_800.png,pai_1col_20211228_152719_8764769805_600_800_mask.png,903
11,6,23,13,290,427,313,440,290,427,313,427,313,440,290,440,text,table_text,table_0,roboto,italic,11.0,pai_1col_20211228_152719_8764769805_600_800.png,/scratch/parceirosbr/bigoilict/share/BigOil/document_generator/datasets/documents_2021_12_28/pai_1col_20211228_152719_8764769805_600_800.png,pai_1col_20211228_152719_8764769805_600_800_mask.png,6714
11,6,23,13,290,427,313,440,290,427,313,427,313,440,290,440,sub_line_text,table_text,table_0,roboto,italic,11.0,pai_1col_20211228_152719_8764769805_600_800.png,/scratch/parceirosbr/bigoilict/share/BigOil/document_generator/datasets/documents_2021_12_28/pai_1col_20211228_152719_8764769805_600_800.png,pai_1col_20211228_152719_8764769805_600_800_mask.png,6714
11,6,23,13,290,444,313,457,290,444,313,444,313,457,290,457,text,table_text,table_0,roboto,italic,11.0,pai_1col_20211228_152719_8764769805_600_800.png,/scratch/parceirosbr/bigoilict/share/BigOil/document_generator/datasets/documents_2021_12_28/pai_1col_20211228_152719_8764769805_600_800.png,pai_1col_20211228_152719_8764769805_600_800_mask.png,8448
11,6,23,13,290,444,313,457,290,444,313,444,313,457,290,457,sub_line_text,table_text,table_0,roboto,italic,11.0,pai_1col_20211228_152719_8764769805_600_800.png,/scratch/parceirosbr/bigoilict/share/BigOil/document_generator/datasets/documents_2021_12_28/pai_1col_20211228_152719_8764769805_600_800.png,pai_1col_20211228_152719_8764769805_600_800_mask.png,8448
21,6,43,13,383,294,426,307,383,294,426,294,426,307,383,307,text,table_text,table_0,roboto,italic,11.0,pai_1col_20211228_152719_8764769805_600_800.png,/scratch/parceirosbr/bigoilict/share/BigOil/document_generator/datasets/documents_2021_12_28/pai_1col_20211228_152719_8764769805_600_800.png,pai_1col_20211228_152719_8764769805_600_800_mask.png,biodiesel
21,6,43,13,383,294,426,307,383,294,426,294,426,307,383,307,sub_line_text,table_text,table_0,roboto,italic,11.0,pai_1col_20211228_152719_8764769805_600_800.png,/scratch/parceirosbr/bigoilict/share/BigOil/document_generator/datasets/documents_2021_12_28/pai_1col_20211228_152719_8764769805_600_800.png,pai_1col_20211228_152719_8764769805_600_800_mask.png,biodiesel
19,6,38,13,389,311,427,324,389,311,427,311,427,324,389,324,text,table_text,table_0,roboto,italic,11.0,pai_1col_20211228_152719_8764769805_600_800.png,/scratch/parceirosbr/bigoilict/share/BigOil/document_generator/datasets/documents_2021_12_28/pai_1col_20211228_152719_8764769805_600_800.png,pai_1col_20211228_152719_8764769805_600_800_mask.png,3852.48
19,6,38,13,389,311,427,324,389,311,427,311,427,324,389,324,sub_line_text,table_text,table_0,roboto,italic,11.0,pai_1col_20211228_152719_8764769805_600_800.png,/scratch/parceirosbr/bigoilict/share/BigOil/document_generator/datasets/documents_2021_12_28/pai_1col_20211228_152719_8764769805_600_800.png,pai_1col_20211228_152719_8764769805_600_800_mask.png,3852.48
13,6,26,13,401,328,427,341,401,328,427,328,427,341,401,341,text,table_text,table_0,roboto,italic,11.0,pai_1col_20211228_152719_8764769805_600_800.png,/scratch/parceirosbr/bigoilict/share/BigOil/document_generator/datasets/documents_2021_12_28/pai_1col_20211228_152719_8764769805_600_800.png,pai_1col_20211228_152719_8764769805_600_800_mask.png,78.93
13,6,26,13,401,328,427,341,401,328,427,328,427,341,401,341,sub_line_text,table_text,table_0,roboto,italic,11.0,pai_1col_20211228_152719_8764769805_600_800.png,/scratch/parceirosbr/bigoilict/share/BigOil/document_generator/datasets/documents_2021_12_28/pai_1col_20211228_152719_8764769805_600_800.png,pai_1col_20211228_152719_8764769805_600_800_mask.png,78.93
19,6,38,13,389,344,427,357,389,344,427,344,427,357,389,357,text,table_text,table_0,roboto,italic,11.0,pai_1col_20211228_152719_8764769805_600_800.png,/scratch/parceirosbr/bigoilict/share/BigOil/document_generator/datasets/documents_2021_12_28/pai_1col_20211228_152719_8764769805_600_800.png,pai_1col_20211228_152719_8764769805_600_800_mask.png,4321.03
19,6,38,13,389,344,427,357,389,344,427,344,427,357,389,357,sub_line_text,table_text,table_0,roboto,italic,11.0,pai_1col_20211228_152719_8764769805_600_800.png,/scratch/parceirosbr/bigoilict/share/BigOil/document_generator/datasets/documents_2021_12_28/pai_1col_20211228_152719_8764769805_600_800.png,pai_1col_20211228_152719_8764769805_600_800_mask.png,4321.03
27,6,55,13,372,361,427,374,372,361,427,361,427,374,372,374,text,table_text,table_0,roboto,italic,11.0,pai_1col_20211228_152719_8764769805_600_800.png,/scratch/parceirosbr/bigoilict/share/BigOil/document_generator/datasets/documents_2021_12_28/pai_1col_20211228_152719_8764769805_600_800.png,pai_1col_20211228_152719_8764769805_600_800_mask.png,4244799.59
27,6,55,13,372,361,427,374,372,361,427,361,427,374,372,374,sub_line_text,table_text,table_0,roboto,italic,11.0,pai_1col_20211228_152719_8764769805_600_800.png,/scratch/parceirosbr/bigoilict/share/BigOil/document_generator/datasets/documents_2021_12_28/pai_1col_20211228_152719_8764769805_600_800.png,pai_1col_20211228_152719_8764769805_600_800_mask.png,4244799.59
19,6,38,13,389,377,427,390,389,377,427,377,427,390,389,390,text,table_text,table_0,roboto,italic,11.0,pai_1col_20211228_152719_8764769805_600_800.png,/scratch/parceirosbr/bigoilict/share/BigOil/document_generator/datasets/documents_2021_12_28/pai_1col_20211228_152719_8764769805_600_800.png,pai_1col_20211228_152719_8764769805_600_800_mask.png,7192.30
19,6,38,13,389,377,427,390,389,377,427,377,427,390,389,390,sub_line_text,table_text,table_0,roboto,italic,11.0,pai_1col_20211228_152719_8764769805_600_800.png,/scratch/parceirosbr/bigoilict/share/BigOil/document_generator/datasets/documents_2021_12_28/pai_1col_20211228_152719_8764769805_600_800.png,pai_1col_20211228_152719_8764769805_600_800_mask.png,7192.30
22,6,44,13,382,394,426,407,382,394,426,394,426,407,382,407,text,table_text,table_0,roboto,italic,11.0,pai_1col_20211228_152719_8764769805_600_800.png,/scratch/parceirosbr/bigoilict/share/BigOil/document_generator/datasets/documents_2021_12_28/pai_1col_20211228_152719_8764769805_600_800.png,pai_1col_20211228_152719_8764769805_600_800_mask.png,20370.37
22,6,44,13,382,394,426,407,382,394,426,394,426,407,382,407,sub_line_text,table_text,table_0,roboto,italic,11.0,pai_1col_20211228_152719_8764769805_600_800.png,/scratch/parceirosbr/bigoilict/share/BigOil/document_generator/datasets/documents_2021_12_28/pai_1col_20211228_152719_8764769805_600_800.png,pai_1col_20211228_152719_8764769805_600_800_mask.png,20370.37
16,6,32,13,395,410,427,423,395,410,427,410,427,423,395,423,text,table_text,table_0,roboto,italic,11.0,pai_1col_20211228_152719_8764769805_600_800.png,/scratch/parceirosbr/bigoilict/share/BigOil/document_generator/datasets/documents_2021_12_28/pai_1col_20211228_152719_8764769805_600_800.png,pai_1col_20211228_152719_8764769805_600_800_mask.png,664.02
16,6,32,13,395,410,427,423,395,410,427,410,427,423,395,423,sub_line_text,table_text,table_0,roboto,italic,11.0,pai_1col_20211228_152719_8764769805_600_800.png,/scratch/parceirosbr/bigoilict/share/BigOil/document_generator/datasets/documents_2021_12_28/pai_1col_20211228_152719_8764769805_600_800.png,pai_1col_20211228_152719_8764769805_600_800_mask.png,664.02
13,6,26,13,401,427,427,440,401,427,427,427,427,440,401,440,text,table_text,table_0,roboto,italic,11.0,pai_1col_20211228_152719_8764769805_600_800.png,/scratch/parceirosbr/bigoilict/share/BigOil/document_generator/datasets/documents_2021_12_28/pai_1col_20211228_152719_8764769805_600_800.png,pai_1col_20211228_152719_8764769805_600_800_mask.png,26.01
13,6,26,13,401,427,427,440,401,427,427,427,427,440,401,440,sub_line_text,table_text,table_0,roboto,italic,11.0,pai_1col_20211228_152719_8764769805_600_800.png,/scratch/parceirosbr/bigoilict/share/BigOil/document_generator/datasets/documents_2021_12_28/pai_1col_20211228_152719_8764769805_600_800.png,pai_1col_20211228_152719_8764769805_600_800_mask.png,26.01
16,6,32,13,395,444,427,457,395,444,427,444,427,457,395,457,text,table_text,table_0,roboto,italic,11.0,pai_1col_20211228_152719_8764769805_600_800.png,/scratch/parceirosbr/bigoilict/share/BigOil/document_generator/datasets/documents_2021_12_28/pai_1col_20211228_152719_8764769805_600_800.png,pai_1col_20211228_152719_8764769805_600_800_mask.png,247.44
16,6,32,13,395,444,427,457,395,444,427,444,427,457,395,457,sub_line_text,table_text,table_0,roboto,italic,11.0,pai_1col_20211228_152719_8764769805_600_800.png,/scratch/parceirosbr/bigoilict/share/BigOil/document_generator/datasets/documents_2021_12_28/pai_1col_20211228_152719_8764769805_600_800.png,pai_1col_20211228_152719_8764769805_600_800_mask.png,247.44
16,6,33,13,487,294,520,307,487,294,520,294,520,307,487,307,text,table_text,table_0,roboto,italic,11.0,pai_1col_20211228_152719_8764769805_600_800.png,/scratch/parceirosbr/bigoilict/share/BigOil/document_generator/datasets/documents_2021_12_28/pai_1col_20211228_152719_8764769805_600_800.png,pai_1col_20211228_152719_8764769805_600_800_mask.png,possui
16,6,33,13,487,294,520,307,487,294,520,294,520,307,487,307,sub_line_text,table_text,table_0,roboto,italic,11.0,pai_1col_20211228_152719_8764769805_600_800.png,/scratch/parceirosbr/bigoilict/share/BigOil/document_generator/datasets/documents_2021_12_28/pai_1col_20211228_152719_8764769805_600_800.png,pai_1col_20211228_152719_8764769805_600_800_mask.png,possui
27,6,55,13,464,311,519,324,464,311,519,311,519,324,464,324,text,table_text,table_0,roboto,italic,11.0,pai_1col_20211228_152719_8764769805_600_800.png,/scratch/parceirosbr/bigoilict/share/BigOil/document_generator/datasets/documents_2021_12_28/pai_1col_20211228_152719_8764769805_600_800.png,pai_1col_20211228_152719_8764769805_600_800_mask.png,645100.316
27,6,55,13,464,311,519,324,464,311,519,311,519,324,464,324,sub_line_text,table_text,table_0,roboto,italic,11.0,pai_1col_20211228_152719_8764769805_600_800.png,/scratch/parceirosbr/bigoilict/share/BigOil/document_generator/datasets/documents_2021_12_28/pai_1col_20211228_152719_8764769805_600_800.png,pai_1col_20211228_152719_8764769805_600_800_mask.png,645100.316
27,6,55,13,464,328,519,341,464,328,519,328,519,341,464,341,text,table_text,table_0,roboto,italic,11.0,pai_1col_20211228_152719_8764769805_600_800.png,/scratch/parceirosbr/bigoilict/share/BigOil/document_generator/datasets/documents_2021_12_28/pai_1col_20211228_152719_8764769805_600_800.png,pai_1col_20211228_152719_8764769805_600_800_mask.png,184787.918
27,6,55,13,464,328,519,341,464,328,519,328,519,341,464,341,sub_line_text,table_text,table_0,roboto,italic,11.0,pai_1col_20211228_152719_8764769805_600_800.png,/scratch/parceirosbr/bigoilict/share/BigOil/document_generator/datasets/documents_2021_12_28/pai_1col_20211228_152719_8764769805_600_800.png,pai_1col_20211228_152719_8764769805_600_800_mask.png,184787.918
27,6,55,13,464,344,519,357,464,344,519,344,519,357,464,357,text,table_text,table_0,roboto,italic,11.0,pai_1col_20211228_152719_8764769805_600_800.png,/scratch/parceirosbr/bigoilict/share/BigOil/document_generator/datasets/documents_2021_12_28/pai_1col_20211228_152719_8764769805_600_800.png,pai_1col_20211228_152719_8764769805_600_800_mask.png,559319.693
27,6,55,13,464,344,519,357,464,344,519,344,519,357,464,357,sub_line_text,table_text,table_0,roboto,italic,11.0,pai_1col_20211228_152719_8764769805_600_800.png,/scratch/parceirosbr/bigoilict/share/BigOil/document_generator/datasets/documents_2021_12_28/pai_1col_20211228_152719_8764769805_600_800.png,pai_1col_20211228_152719_8764769805_600_800_mask.png,559319.693
27,6,55,13,464,361,519,374,464,361,519,361,519,374,464,374,text,table_text,table_0,roboto,italic,11.0,pai_1col_20211228_152719_8764769805_600_800.png,/scratch/parceirosbr/bigoilict/share/BigOil/document_generator/datasets/documents_2021_12_28/pai_1col_20211228_152719_8764769805_600_800.png,pai_1col_20211228_152719_8764769805_600_800_mask.png,708753.498
27,6,55,13,464,361,519,374,464,361,519,361,519,374,464,374,sub_line_text,table_text,table_0,roboto,italic,11.0,pai_1col_20211228_152719_8764769805_600_800.png,/scratch/parceirosbr/bigoilict/share/BigOil/document_generator/datasets/documents_2021_12_28/pai_1col_20211228_152719_8764769805_600_800.png,pai_1col_20211228_152719_8764769805_600_800_mask.png,708753.498
27,6,55,13,464,377,519,390,464,377,519,377,519,390,464,390,text,table_text,table_0,roboto,italic,11.0,pai_1col_20211228_152719_8764769805_600_800.png,/scratch/parceirosbr/bigoilict/share/BigOil/document_generator/datasets/documents_2021_12_28/pai_1col_20211228_152719_8764769805_600_800.png,pai_1col_20211228_152719_8764769805_600_800_mask.png,302632.549
27,6,55,13,464,377,519,390,464,377,519,377,519,390,464,390,sub_line_text,table_text,table_0,roboto,italic,11.0,pai_1col_20211228_152719_8764769805_600_800.png,/scratch/parceirosbr/bigoilict/share/BigOil/document_generator/datasets/documents_2021_12_28/pai_1col_20211228_152719_8764769805_600_800.png,pai_1col_20211228_152719_8764769805_600_800_mask.png,302632.549
28,6,56,13,463,394,519,407,463,394,519,394,519,407,463,407,text,table_text,table_0,roboto,italic,11.0,pai_1col_20211228_152719_8764769805_600_800.png,/scratch/parceirosbr/bigoilict/share/BigOil/document_generator/datasets/documents_2021_12_28/pai_1col_20211228_152719_8764769805_600_800.png,pai_1col_20211228_152719_8764769805_600_800_mask.png,667174.275
28,6,56,13,463,394,519,407,463,394,519,394,519,407,463,407,sub_line_text,table_text,table_0,roboto,italic,11.0,pai_1col_20211228_152719_8764769805_600_800.png,/scratch/parceirosbr/bigoilict/share/BigOil/document_generator/datasets/documents_2021_12_28/pai_1col_20211228_152719_8764769805_600_800.png,pai_1col_20211228_152719_8764769805_600_800_mask.png,667174.275
27,6,55,13,464,410,519,423,464,410,519,410,519,423,464,423,text,table_text,table_0,roboto,italic,11.0,pai_1col_20211228_152719_8764769805_600_800.png,/scratch/parceirosbr/bigoilict/share/BigOil/document_generator/datasets/documents_2021_12_28/pai_1col_20211228_152719_8764769805_600_800.png,pai_1col_20211228_152719_8764769805_600_800_mask.png,455975.211
27,6,55,13,464,410,519,423,464,410,519,410,519,423,464,423,sub_line_text,table_text,table_0,roboto,italic,11.0,pai_1col_20211228_152719_8764769805_600_800.png,/scratch/parceirosbr/bigoilict/share/BigOil/document_generator/datasets/documents_2021_12_28/pai_1col_20211228_152719_8764769805_600_800.png,pai_1col_20211228_152719_8764769805_600_800_mask.png,455975.211
27,6,55,13,464,427,519,440,464,427,519,427,519,440,464,440,text,table_text,table_0,roboto,italic,11.0,pai_1col_20211228_152719_8764769805_600_800.png,/scratch/parceirosbr/bigoilict/share/BigOil/document_generator/datasets/documents_2021_12_28/pai_1col_20211228_152719_8764769805_600_800.png,pai_1col_20211228_152719_8764769805_600_800_mask.png,996573.771
27,6,55,13,464,427,519,440,464,427,519,427,519,440,464,440,sub_line_text,table_text,table_0,roboto,italic,11.0,pai_1col_20211228_152719_8764769805_600_800.png,/scratch/parceirosbr/bigoilict/share/BigOil/document_generator/datasets/documents_2021_12_28/pai_1col_20211228_152719_8764769805_600_800.png,pai_1col_20211228_152719_8764769805_600_800_mask.png,996573.771
27,6,55,13,464,444,519,457,464,444,519,444,519,457,464,457,text,table_text,table_0,roboto,italic,11.0,pai_1col_20211228_152719_8764769805_600_800.png,/scratch/parceirosbr/bigoilict/share/BigOil/document_generator/datasets/documents_2021_12_28/pai_1col_20211228_152719_8764769805_600_800.png,pai_1col_20211228_152719_8764769805_600_800_mask.png,717403.310
27,6,55,13,464,444,519,457,464,444,519,444,519,457,464,457,sub_line_text,table_text,table_0,roboto,italic,11.0,pai_1col_20211228_152719_8764769805_600_800.png,/scratch/parceirosbr/bigoilict/share/BigOil/document_generator/datasets/documents_2021_12_28/pai_1col_20211228_152719_8764769805_600_800.png,pai_1col_20211228_152719_8764769805_600_800_mask.png,717403.310
213,6,427,12,56,490,483,502,56,490,483,490,483,502,56,502,sub_line_text,table_legend,table_0,raleway,bolditalic,10,pai_1col_20211228_152719_8764769805_600_800.png,/scratch/parceirosbr/bigoilict/share/BigOil/document_generator/datasets/documents_2021_12_28/pai_1col_20211228_152719_8764769805_600_800.png,pai_1col_20211228_152719_8764769805_600_800_mask.png,"Tab.   38:      Segundo  et  al.,  2011)  o  influxo  acumulado  de  água  (We)  no  instante  tDj  é  c-"
95,6,190,12,56,505,246,517,56,505,246,505,246,517,56,517,sub_line_text,table_legend,table_0,raleway,bolditalic,10,pai_1col_20211228_152719_8764769805_600_800.png,/scratch/parceirosbr/bigoilict/share/BigOil/document_generator/datasets/documents_2021_12_28/pai_1col_20211228_152719_8764769805_600_800.png,pai_1col_20211228_152719_8764769805_600_800_mask.png,"alculado pela expressão: . Segundo et al,"
213,13,427,27,56,490,483,517,56,490,483,490,483,517,56,517,text,table_legend,table_0,raleway,bolditalic,10,pai_1col_20211228_152719_8764769805_600_800.png,/scratch/parceirosbr/bigoilict/share/BigOil/document_generator/datasets/documents_2021_12_28/pai_1col_20211228_152719_8764769805_600_800.png,pai_1col_20211228_152719_8764769805_600_800_mask.png,nan
17,6,34,12,137,522,171,534,137,522,171,522,171,534,137,534,sub_line_text,equation,equation_1,raleway,bolditalic,10,pai_1col_20211228_152719_8764769805_600_800.png,/scratch/parceirosbr/bigoilict/share/BigOil/document_generator/datasets/documents_2021_12_28/pai_1col_20211228_152719_8764769805_600_800.png,pai_1col_20211228_152719_8764769805_600_800_mask.png,Eq. (60)
125,7,251,15,137,521,388,536,137,521,388,521,388,536,137,536,equation,equation,equation_1,,,,pai_1col_20211228_152719_8764769805_600_800.png,/scratch/parceirosbr/bigoilict/share/BigOil/document_generator/datasets/documents_2021_12_28/pai_1col_20211228_152719_8764769805_600_800.png,pai_1col_20211228_152719_8764769805_600_800_mask.png,
214,6,429,13,101,540,530,553,101,540,530,540,530,553,101,553,sub_line_text,text,text_0,raleway,regular,11,pai_1col_20211228_152719_8764769805_600_800.png,/scratch/parceirosbr/bigoilict/share/BigOil/document_generator/datasets/documents_2021_12_28/pai_1col_20211228_152719_8764769805_600_800.png,pai_1col_20211228_152719_8764769805_600_800_mask.png,"Journal  of  the:  p.  589-592.  90  127.  et al., de vía semillado de geles. Isso possibilita"
236,6,472,13,56,556,528,569,56,556,528,556,528,569,56,569,sub_line_text,text,text_0,raleway,regular,11,pai_1col_20211228_152719_8764769805_600_800.png,/scratch/parceirosbr/bigoilict/share/BigOil/document_generator/datasets/documents_2021_12_28/pai_1col_20211228_152719_8764769805_600_800.png,pai_1col_20211228_152719_8764769805_600_800_mask.png,ao  empreendedor  chegar  a  um  arranjo  de  capital onde seu desembolso direto ou seu e-
236,6,473,13,56,572,529,585,56,572,529,572,529,585,56,585,sub_line_text,text,text_0,raleway,regular,11,pai_1col_20211228_152719_8764769805_600_800.png,/scratch/parceirosbr/bigoilict/share/BigOil/document_generator/datasets/documents_2021_12_28/pai_1col_20211228_152719_8764769805_600_800.png,pai_1col_20211228_152719_8764769805_600_800_mask.png,ndividamento  podem  ser  bastante reduzidos. Há uma dificuldade em definir quando o pro-
237,6,474,13,56,588,530,601,56,588,530,588,530,601,56,601,sub_line_text,text,text_0,raleway,regular,11,pai_1col_20211228_152719_8764769805_600_800.png,/scratch/parceirosbr/bigoilict/share/BigOil/document_generator/datasets/documents_2021_12_28/pai_1col_20211228_152719_8764769805_600_800.png,pai_1col_20211228_152719_8764769805_600_800_mask.png,jeto  organizacional  começa  e  termina  se  pensarmos nas empresas como porque estariam
237,6,474,13,56,604,530,617,56,604,530,604,530,617,56,617,sub_line_text,text,text_0,raleway,regular,11,pai_1col_20211228_152719_8764769805_600_800.png,/scratch/parceirosbr/bigoilict/share/BigOil/document_generator/datasets/documents_2021_12_28/pai_1col_20211228_152719_8764769805_600_800.png,pai_1col_20211228_152719_8764769805_600_800_mask.png,em  constante  mudança  com  o  objetivo de adaptação às demandas do ambiente. Por apr-
237,6,474,13,56,620,530,633,56,620,530,620,530,633,56,633,sub_line_text,text,text_0,raleway,regular,11,pai_1col_20211228_152719_8764769805_600_800.png,/scratch/parceirosbr/bigoilict/share/BigOil/document_generator/datasets/documents_2021_12_28/pai_1col_20211228_152719_8764769805_600_800.png,pai_1col_20211228_152719_8764769805_600_800_mask.png,"esentar  maior  viscosidade,  o  biodiesel  proporciona  maior lubricidade que o diesel mineral,"
236,6,472,13,56,636,528,649,56,636,528,636,528,649,56,649,sub_line_text,text,text_0,raleway,regular,11,pai_1col_20211228_152719_8764769805_600_800.png,/scratch/parceirosbr/bigoilict/share/BigOil/document_generator/datasets/documents_2021_12_28/pai_1col_20211228_152719_8764769805_600_800.png,pai_1col_20211228_152719_8764769805_600_800_mask.png,"logo,  tem-se  observado  redução  no  desgaste das partes móveis do motor. Para tratar do"
237,6,474,13,56,652,530,665,56,652,530,652,530,665,56,665,sub_line_text,text,text_0,raleway,regular,11,pai_1col_20211228_152719_8764769805_600_800.png,/scratch/parceirosbr/bigoilict/share/BigOil/document_generator/datasets/documents_2021_12_28/pai_1col_20211228_152719_8764769805_600_800.png,pai_1col_20211228_152719_8764769805_600_800_mask.png,potencial  das  matérias  primas  renováveis na substituição de hidrocarbonetos fósseis em p-
224,6,448,13,56,668,504,681,56,668,504,668,504,681,56,681,sub_line_text,text,text_0,raleway,regular,11,pai_1col_20211228_152719_8764769805_600_800.png,/scratch/parceirosbr/bigoilict/share/BigOil/document_generator/datasets/documents_2021_12_28/pai_1col_20211228_152719_8764769805_600_800.png,pai_1col_20211228_152719_8764769805_600_800_mask.png,"rodutos sintéticos e combustíveis líquidos, e recorrem à experiência vivida pela indústria."
237,70,474,141,56,540,530,681,56,540,530,540,530,681,56,681,text,text,text_0,raleway,regular,11,pai_1col_20211228_152719_8764769805_600_800.png,/scratch/parceirosbr/bigoilict/share/BigOil/document_generator/datasets/documents_2021_12_28/pai_1col_20211228_152719_8764769805_600_800.png,pai_1col_20211228_152719_8764769805_600_800_mask.png,nan
214,6,428,13,101,685,529,698,101,685,529,685,529,698,101,698,sub_line_text,text,text_1,raleway,regular,11,pai_1col_20211228_152719_8764769805_600_800.png,/scratch/parceirosbr/bigoilict/share/BigOil/document_generator/datasets/documents_2021_12_28/pai_1col_20211228_152719_8764769805_600_800.png,pai_1col_20211228_152719_8764769805_600_800_mask.png,Já  nas  amostras  3T  e  4T que foram submetidas ao tratamento térmico a apareci-
229,6,459,13,56,701,515,714,56,701,515,701,515,714,56,714,sub_line_text,text,text_1,raleway,regular,11,pai_1col_20211228_152719_8764769805_600_800.png,/scratch/parceirosbr/bigoilict/share/BigOil/document_generator/datasets/documents_2021_12_28/pai_1col_20211228_152719_8764769805_600_800.png,pai_1col_20211228_152719_8764769805_600_800_mask.png,"mento de uma corrosão localizada, indicando que naquela região houve um quebra local."
236,14,473,29,56,685,529,714,56,685,529,685,529,714,56,714,text,text,text_1,raleway,regular,11,pai_1col_20211228_152719_8764769805_600_800.png,/scratch/parceirosbr/bigoilict/share/BigOil/document_generator/datasets/documents_2021_12_28/pai_1col_20211228_152719_8764769805_600_800.png,pai_1col_20211228_152719_8764769805_600_800_mask.png,nan
