center_x,center_y,width,height,xmin,ymin,xmax,ymax,top_left_x,top_left_y,top_right_x,top_right_y,bottom_right_x,bottom_right_y,bottom_left_x,bottom_left_y,label,grouplabel,group,text_font,text_style,size_font,filename,path,filename_mask,content
300,400,600,800,0,0,600,800,0,0,600,0,600,800,0,800,document,,,,,,pai_1col_20211228_152717_5107577977_600_800.png,/scratch/parceirosbr/bigoilict/share/BigOil/document_generator/datasets/documents_2021_12_28/pai_1col_20211228_152717_5107577977_600_800.png,pai_1col_20211228_152717_5107577977_600_800_mask.png,
197,0,394,1,139,668,533,669,139,668,533,668,533,669,139,669,line,line,line,,,,pai_1col_20211228_152717_5107577977_600_800.png,/scratch/parceirosbr/bigoilict/share/BigOil/document_generator/datasets/documents_2021_12_28/pai_1col_20211228_152717_5107577977_600_800.png,pai_1col_20211228_152717_5107577977_600_800_mask.png,nan
6,5,12,11,329,668,341,679,329,668,341,668,341,679,329,679,sub_line_text,numpag,footer_1,arial,regular,10,pai_1col_20211228_152717_5107577977_600_800.png,/scratch/parceirosbr/bigoilict/share/BigOil/document_generator/datasets/documents_2021_12_28/pai_1col_20211228_152717_5107577977_600_800.png,pai_1col_20211228_152717_5107577977_600_800_mask.png,93
6,5,12,11,329,668,341,679,329,668,341,668,341,679,329,679,text,numpag,footer_1,arial,regular,10,pai_1col_20211228_152717_5107577977_600_800.png,/scratch/parceirosbr/bigoilict/share/BigOil/document_generator/datasets/documents_2021_12_28/pai_1col_20211228_152717_5107577977_600_800.png,pai_1col_20211228_152717_5107577977_600_800_mask.png,nan
171,6,343,12,184,96,527,108,184,96,527,96,527,108,184,108,sub_line_text,text,text_0,arial,regular,10,pai_1col_20211228_152717_5107577977_600_800.png,/scratch/parceirosbr/bigoilict/share/BigOil/document_generator/datasets/documents_2021_12_28/pai_1col_20211228_152717_5107577977_600_800.png,pai_1col_20211228_152717_5107577977_600_800_mask.png,Secondary  lamellae  with  aneurism  (arrows)  in a larva of 14 days expos-
194,6,388,12,139,120,527,132,139,120,527,120,527,132,139,132,sub_line_text,text,text_0,arial,regular,10,pai_1col_20211228_152717_5107577977_600_800.png,/scratch/parceirosbr/bigoilict/share/BigOil/document_generator/datasets/documents_2021_12_28/pai_1col_20211228_152717_5107577977_600_800.png,pai_1col_20211228_152717_5107577977_600_800_mask.png,"ed  to  2.5% of petroleum 400x. Seu uso em vários suportes, como a alumina, titân-"
193,6,387,12,139,144,526,156,139,144,526,144,526,156,139,156,sub_line_text,text,text_0,arial,regular,10,pai_1col_20211228_152717_5107577977_600_800.png,/scratch/parceirosbr/bigoilict/share/BigOil/document_generator/datasets/documents_2021_12_28/pai_1col_20211228_152717_5107577977_600_800.png,pai_1col_20211228_152717_5107577977_600_800_mask.png,"ia  e  sílica  em reator de leito fixo, com ou sem o promotor foi investigada por e col-"
193,6,387,12,139,168,526,180,139,168,526,168,526,180,139,180,sub_line_text,text,text_0,arial,regular,10,pai_1col_20211228_152717_5107577977_600_800.png,/scratch/parceirosbr/bigoilict/share/BigOil/document_generator/datasets/documents_2021_12_28/pai_1col_20211228_152717_5107577977_600_800.png,pai_1col_20211228_152717_5107577977_600_800_mask.png,"aboradores  (Tsakoumis et al., 2013; et al., 2013 e et al., 2013) obtendo resultados"
194,6,389,12,139,192,528,204,139,192,528,192,528,204,139,204,sub_line_text,text,text_0,arial,regular,10,pai_1col_20211228_152717_5107577977_600_800.png,/scratch/parceirosbr/bigoilict/share/BigOil/document_generator/datasets/documents_2021_12_28/pai_1col_20211228_152717_5107577977_600_800.png,pai_1col_20211228_152717_5107577977_600_800_mask.png,na  faixa  de  10-50% de conversão de. Isso provou ser possível a melhoria do des-
192,6,384,12,139,216,523,228,139,216,523,216,523,228,139,228,sub_line_text,text,text_0,arial,regular,10,pai_1col_20211228_152717_5107577977_600_800.png,/scratch/parceirosbr/bigoilict/share/BigOil/document_generator/datasets/documents_2021_12_28/pai_1col_20211228_152717_5107577977_600_800.png,pai_1col_20211228_152717_5107577977_600_800_mask.png,empenho operacional no uso do criticado em e; do controlador: gerenciamento do.
194,66,389,132,139,96,528,228,139,96,528,96,528,228,139,228,text,text,text_0,arial,regular,10,pai_1col_20211228_152717_5107577977_600_800.png,/scratch/parceirosbr/bigoilict/share/BigOil/document_generator/datasets/documents_2021_12_28/pai_1col_20211228_152717_5107577977_600_800.png,pai_1col_20211228_152717_5107577977_600_800_mask.png,nan
102,8,205,17,233,245,438,262,233,245,438,245,438,262,233,262,sub_line_text,subtitle,subtitle_0,arial,bolditalic,15,pai_1col_20211228_152717_5107577977_600_800.png,/scratch/parceirosbr/bigoilict/share/BigOil/document_generator/datasets/documents_2021_12_28/pai_1col_20211228_152717_5107577977_600_800.png,pai_1col_20211228_152717_5107577977_600_800_mask.png,2. Dispondo tais informações
102,8,205,17,233,245,438,262,233,245,438,245,438,262,233,262,title,subtitle,subtitle_0,arial,bolditalic,15,pai_1col_20211228_152717_5107577977_600_800.png,/scratch/parceirosbr/bigoilict/share/BigOil/document_generator/datasets/documents_2021_12_28/pai_1col_20211228_152717_5107577977_600_800.png,pai_1col_20211228_152717_5107577977_600_800_mask.png,nan
191,100,383,201,144,288,527,489,144,288,527,288,527,489,144,489,table,table_image,table_0,,,,pai_1col_20211228_152717_5107577977_600_800.png,/scratch/parceirosbr/bigoilict/share/BigOil/document_generator/datasets/documents_2021_12_28/pai_1col_20211228_152717_5107577977_600_800.png,pai_1col_20211228_152717_5107577977_600_800_mask.png,output/gen_tab_20211228_152718_4407132123.png
10,5,20,11,170,294,190,305,170,294,190,294,190,305,170,305,text,table_text,table_0,raleway,bold,10.0,pai_1col_20211228_152717_5107577977_600_800.png,/scratch/parceirosbr/bigoilict/share/BigOil/document_generator/datasets/documents_2021_12_28/pai_1col_20211228_152717_5107577977_600_800.png,pai_1col_20211228_152717_5107577977_600_800_mask.png,uma
10,5,20,11,170,294,190,305,170,294,190,294,190,305,170,305,sub_line_text,table_text,table_0,raleway,bold,10.0,pai_1col_20211228_152717_5107577977_600_800.png,/scratch/parceirosbr/bigoilict/share/BigOil/document_generator/datasets/documents_2021_12_28/pai_1col_20211228_152717_5107577977_600_800.png,pai_1col_20211228_152717_5107577977_600_800_mask.png,uma
9,5,19,11,171,309,190,320,171,309,190,309,190,320,171,320,text,table_text,table_0,raleway,bold,10.0,pai_1col_20211228_152717_5107577977_600_800.png,/scratch/parceirosbr/bigoilict/share/BigOil/document_generator/datasets/documents_2021_12_28/pai_1col_20211228_152717_5107577977_600_800.png,pai_1col_20211228_152717_5107577977_600_800_mask.png,50.2
9,5,19,11,171,309,190,320,171,309,190,309,190,320,171,320,sub_line_text,table_text,table_0,raleway,bold,10.0,pai_1col_20211228_152717_5107577977_600_800.png,/scratch/parceirosbr/bigoilict/share/BigOil/document_generator/datasets/documents_2021_12_28/pai_1col_20211228_152717_5107577977_600_800.png,pai_1col_20211228_152717_5107577977_600_800_mask.png,50.2
9,5,19,11,171,324,190,335,171,324,190,324,190,335,171,335,text,table_text,table_0,raleway,bold,10.0,pai_1col_20211228_152717_5107577977_600_800.png,/scratch/parceirosbr/bigoilict/share/BigOil/document_generator/datasets/documents_2021_12_28/pai_1col_20211228_152717_5107577977_600_800.png,pai_1col_20211228_152717_5107577977_600_800_mask.png,72.5
9,5,19,11,171,324,190,335,171,324,190,324,190,335,171,335,sub_line_text,table_text,table_0,raleway,bold,10.0,pai_1col_20211228_152717_5107577977_600_800.png,/scratch/parceirosbr/bigoilict/share/BigOil/document_generator/datasets/documents_2021_12_28/pai_1col_20211228_152717_5107577977_600_800.png,pai_1col_20211228_152717_5107577977_600_800_mask.png,72.5
12,5,25,11,165,338,190,349,165,338,190,338,190,349,165,349,text,table_text,table_0,raleway,bold,10.0,pai_1col_20211228_152717_5107577977_600_800.png,/scratch/parceirosbr/bigoilict/share/BigOil/document_generator/datasets/documents_2021_12_28/pai_1col_20211228_152717_5107577977_600_800.png,pai_1col_20211228_152717_5107577977_600_800_mask.png,768.0
12,5,25,11,165,338,190,349,165,338,190,338,190,349,165,349,sub_line_text,table_text,table_0,raleway,bold,10.0,pai_1col_20211228_152717_5107577977_600_800.png,/scratch/parceirosbr/bigoilict/share/BigOil/document_generator/datasets/documents_2021_12_28/pai_1col_20211228_152717_5107577977_600_800.png,pai_1col_20211228_152717_5107577977_600_800_mask.png,768.0
9,5,19,11,171,353,190,364,171,353,190,353,190,364,171,364,text,table_text,table_0,raleway,bold,10.0,pai_1col_20211228_152717_5107577977_600_800.png,/scratch/parceirosbr/bigoilict/share/BigOil/document_generator/datasets/documents_2021_12_28/pai_1col_20211228_152717_5107577977_600_800.png,pai_1col_20211228_152717_5107577977_600_800_mask.png,97.3
9,5,19,11,171,353,190,364,171,353,190,353,190,364,171,364,sub_line_text,table_text,table_0,raleway,bold,10.0,pai_1col_20211228_152717_5107577977_600_800.png,/scratch/parceirosbr/bigoilict/share/BigOil/document_generator/datasets/documents_2021_12_28/pai_1col_20211228_152717_5107577977_600_800.png,pai_1col_20211228_152717_5107577977_600_800_mask.png,97.3
12,5,25,11,165,368,190,379,165,368,190,368,190,379,165,379,text,table_text,table_0,raleway,bold,10.0,pai_1col_20211228_152717_5107577977_600_800.png,/scratch/parceirosbr/bigoilict/share/BigOil/document_generator/datasets/documents_2021_12_28/pai_1col_20211228_152717_5107577977_600_800.png,pai_1col_20211228_152717_5107577977_600_800_mask.png,257.7
12,5,25,11,165,368,190,379,165,368,190,368,190,379,165,379,sub_line_text,table_text,table_0,raleway,bold,10.0,pai_1col_20211228_152717_5107577977_600_800.png,/scratch/parceirosbr/bigoilict/share/BigOil/document_generator/datasets/documents_2021_12_28/pai_1col_20211228_152717_5107577977_600_800.png,pai_1col_20211228_152717_5107577977_600_800_mask.png,257.7
9,5,18,11,172,382,190,393,172,382,190,382,190,393,172,393,text,table_text,table_0,raleway,bold,10.0,pai_1col_20211228_152717_5107577977_600_800.png,/scratch/parceirosbr/bigoilict/share/BigOil/document_generator/datasets/documents_2021_12_28/pai_1col_20211228_152717_5107577977_600_800.png,pai_1col_20211228_152717_5107577977_600_800_mask.png,15.5
9,5,18,11,172,382,190,393,172,382,190,382,190,393,172,393,sub_line_text,table_text,table_0,raleway,bold,10.0,pai_1col_20211228_152717_5107577977_600_800.png,/scratch/parceirosbr/bigoilict/share/BigOil/document_generator/datasets/documents_2021_12_28/pai_1col_20211228_152717_5107577977_600_800.png,pai_1col_20211228_152717_5107577977_600_800_mask.png,15.5
12,5,24,11,166,397,190,408,166,397,190,397,190,408,166,408,text,table_text,table_0,raleway,bold,10.0,pai_1col_20211228_152717_5107577977_600_800.png,/scratch/parceirosbr/bigoilict/share/BigOil/document_generator/datasets/documents_2021_12_28/pai_1col_20211228_152717_5107577977_600_800.png,pai_1col_20211228_152717_5107577977_600_800_mask.png,169.9
12,5,24,11,166,397,190,408,166,397,190,397,190,408,166,408,sub_line_text,table_text,table_0,raleway,bold,10.0,pai_1col_20211228_152717_5107577977_600_800.png,/scratch/parceirosbr/bigoilict/share/BigOil/document_generator/datasets/documents_2021_12_28/pai_1col_20211228_152717_5107577977_600_800.png,pai_1col_20211228_152717_5107577977_600_800_mask.png,169.9
9,5,19,11,171,411,190,422,171,411,190,411,190,422,171,422,text,table_text,table_0,raleway,bold,10.0,pai_1col_20211228_152717_5107577977_600_800.png,/scratch/parceirosbr/bigoilict/share/BigOil/document_generator/datasets/documents_2021_12_28/pai_1col_20211228_152717_5107577977_600_800.png,pai_1col_20211228_152717_5107577977_600_800_mask.png,87.2
9,5,19,11,171,411,190,422,171,411,190,411,190,422,171,422,sub_line_text,table_text,table_0,raleway,bold,10.0,pai_1col_20211228_152717_5107577977_600_800.png,/scratch/parceirosbr/bigoilict/share/BigOil/document_generator/datasets/documents_2021_12_28/pai_1col_20211228_152717_5107577977_600_800.png,pai_1col_20211228_152717_5107577977_600_800_mask.png,87.2
9,5,19,11,171,426,190,437,171,426,190,426,190,437,171,437,text,table_text,table_0,raleway,bold,10.0,pai_1col_20211228_152717_5107577977_600_800.png,/scratch/parceirosbr/bigoilict/share/BigOil/document_generator/datasets/documents_2021_12_28/pai_1col_20211228_152717_5107577977_600_800.png,pai_1col_20211228_152717_5107577977_600_800_mask.png,64.5
9,5,19,11,171,426,190,437,171,426,190,426,190,437,171,437,sub_line_text,table_text,table_0,raleway,bold,10.0,pai_1col_20211228_152717_5107577977_600_800.png,/scratch/parceirosbr/bigoilict/share/BigOil/document_generator/datasets/documents_2021_12_28/pai_1col_20211228_152717_5107577977_600_800.png,pai_1col_20211228_152717_5107577977_600_800_mask.png,64.5
12,5,24,11,166,441,190,452,166,441,190,441,190,452,166,452,text,table_text,table_0,raleway,bold,10.0,pai_1col_20211228_152717_5107577977_600_800.png,/scratch/parceirosbr/bigoilict/share/BigOil/document_generator/datasets/documents_2021_12_28/pai_1col_20211228_152717_5107577977_600_800.png,pai_1col_20211228_152717_5107577977_600_800_mask.png,915.6
12,5,24,11,166,441,190,452,166,441,190,441,190,452,166,452,sub_line_text,table_text,table_0,raleway,bold,10.0,pai_1col_20211228_152717_5107577977_600_800.png,/scratch/parceirosbr/bigoilict/share/BigOil/document_generator/datasets/documents_2021_12_28/pai_1col_20211228_152717_5107577977_600_800.png,pai_1col_20211228_152717_5107577977_600_800_mask.png,915.6
9,5,19,11,171,455,190,466,171,455,190,455,190,466,171,466,text,table_text,table_0,raleway,bold,10.0,pai_1col_20211228_152717_5107577977_600_800.png,/scratch/parceirosbr/bigoilict/share/BigOil/document_generator/datasets/documents_2021_12_28/pai_1col_20211228_152717_5107577977_600_800.png,pai_1col_20211228_152717_5107577977_600_800_mask.png,63.4
9,5,19,11,171,455,190,466,171,455,190,455,190,466,171,466,sub_line_text,table_text,table_0,raleway,bold,10.0,pai_1col_20211228_152717_5107577977_600_800.png,/scratch/parceirosbr/bigoilict/share/BigOil/document_generator/datasets/documents_2021_12_28/pai_1col_20211228_152717_5107577977_600_800.png,pai_1col_20211228_152717_5107577977_600_800_mask.png,63.4
8,5,16,11,174,470,190,481,174,470,190,470,190,481,174,481,text,table_text,table_0,raleway,regular,10.0,pai_1col_20211228_152717_5107577977_600_800.png,/scratch/parceirosbr/bigoilict/share/BigOil/document_generator/datasets/documents_2021_12_28/pai_1col_20211228_152717_5107577977_600_800.png,pai_1col_20211228_152717_5107577977_600_800_mask.png,81.2
8,5,16,11,174,470,190,481,174,470,190,470,190,481,174,481,sub_line_text,table_text,table_0,raleway,regular,10.0,pai_1col_20211228_152717_5107577977_600_800.png,/scratch/parceirosbr/bigoilict/share/BigOil/document_generator/datasets/documents_2021_12_28/pai_1col_20211228_152717_5107577977_600_800.png,pai_1col_20211228_152717_5107577977_600_800_mask.png,81.2
17,5,35,11,260,294,295,305,260,294,295,294,295,305,260,305,text,table_text,table_0,raleway,bold,10.0,pai_1col_20211228_152717_5107577977_600_800.png,/scratch/parceirosbr/bigoilict/share/BigOil/document_generator/datasets/documents_2021_12_28/pai_1col_20211228_152717_5107577977_600_800.png,pai_1col_20211228_152717_5107577977_600_800_mask.png,cálculo
17,5,35,11,260,294,295,305,260,294,295,294,295,305,260,305,sub_line_text,table_text,table_0,raleway,bold,10.0,pai_1col_20211228_152717_5107577977_600_800.png,/scratch/parceirosbr/bigoilict/share/BigOil/document_generator/datasets/documents_2021_12_28/pai_1col_20211228_152717_5107577977_600_800.png,pai_1col_20211228_152717_5107577977_600_800_mask.png,cálculo
29,5,59,11,236,309,295,320,236,309,295,309,295,320,236,320,text,table_text,table_0,raleway,bold,10.0,pai_1col_20211228_152717_5107577977_600_800.png,/scratch/parceirosbr/bigoilict/share/BigOil/document_generator/datasets/documents_2021_12_28/pai_1col_20211228_152717_5107577977_600_800.png,pai_1col_20211228_152717_5107577977_600_800_mask.png,764775.7316
29,5,59,11,236,309,295,320,236,309,295,309,295,320,236,320,sub_line_text,table_text,table_0,raleway,bold,10.0,pai_1col_20211228_152717_5107577977_600_800.png,/scratch/parceirosbr/bigoilict/share/BigOil/document_generator/datasets/documents_2021_12_28/pai_1col_20211228_152717_5107577977_600_800.png,pai_1col_20211228_152717_5107577977_600_800_mask.png,764775.7316
33,5,66,11,229,324,295,335,229,324,295,324,295,335,229,335,text,table_text,table_0,raleway,bold,10.0,pai_1col_20211228_152717_5107577977_600_800.png,/scratch/parceirosbr/bigoilict/share/BigOil/document_generator/datasets/documents_2021_12_28/pai_1col_20211228_152717_5107577977_600_800.png,pai_1col_20211228_152717_5107577977_600_800_mask.png,3027225.7942
33,5,66,11,229,324,295,335,229,324,295,324,295,335,229,335,sub_line_text,table_text,table_0,raleway,bold,10.0,pai_1col_20211228_152717_5107577977_600_800.png,/scratch/parceirosbr/bigoilict/share/BigOil/document_generator/datasets/documents_2021_12_28/pai_1col_20211228_152717_5107577977_600_800.png,pai_1col_20211228_152717_5107577977_600_800_mask.png,3027225.7942
29,5,58,11,237,338,295,349,237,338,295,338,295,349,237,349,text,table_text,table_0,raleway,bold,10.0,pai_1col_20211228_152717_5107577977_600_800.png,/scratch/parceirosbr/bigoilict/share/BigOil/document_generator/datasets/documents_2021_12_28/pai_1col_20211228_152717_5107577977_600_800.png,pai_1col_20211228_152717_5107577977_600_800_mask.png,670218.6631
29,5,58,11,237,338,295,349,237,338,295,338,295,349,237,349,sub_line_text,table_text,table_0,raleway,bold,10.0,pai_1col_20211228_152717_5107577977_600_800.png,/scratch/parceirosbr/bigoilict/share/BigOil/document_generator/datasets/documents_2021_12_28/pai_1col_20211228_152717_5107577977_600_800.png,pai_1col_20211228_152717_5107577977_600_800_mask.png,670218.6631
32,5,64,11,231,353,295,364,231,353,295,353,295,364,231,364,text,table_text,table_0,raleway,bold,10.0,pai_1col_20211228_152717_5107577977_600_800.png,/scratch/parceirosbr/bigoilict/share/BigOil/document_generator/datasets/documents_2021_12_28/pai_1col_20211228_152717_5107577977_600_800.png,pai_1col_20211228_152717_5107577977_600_800_mask.png,4359261.0214
32,5,64,11,231,353,295,364,231,353,295,353,295,364,231,364,sub_line_text,table_text,table_0,raleway,bold,10.0,pai_1col_20211228_152717_5107577977_600_800.png,/scratch/parceirosbr/bigoilict/share/BigOil/document_generator/datasets/documents_2021_12_28/pai_1col_20211228_152717_5107577977_600_800.png,pai_1col_20211228_152717_5107577977_600_800_mask.png,4359261.0214
27,5,54,11,241,368,295,379,241,368,295,368,295,379,241,379,text,table_text,table_0,raleway,bold,10.0,pai_1col_20211228_152717_5107577977_600_800.png,/scratch/parceirosbr/bigoilict/share/BigOil/document_generator/datasets/documents_2021_12_28/pai_1col_20211228_152717_5107577977_600_800.png,pai_1col_20211228_152717_5107577977_600_800_mask.png,80323.3625
27,5,54,11,241,368,295,379,241,368,295,368,295,379,241,379,sub_line_text,table_text,table_0,raleway,bold,10.0,pai_1col_20211228_152717_5107577977_600_800.png,/scratch/parceirosbr/bigoilict/share/BigOil/document_generator/datasets/documents_2021_12_28/pai_1col_20211228_152717_5107577977_600_800.png,pai_1col_20211228_152717_5107577977_600_800_mask.png,80323.3625
26,5,53,11,242,382,295,393,242,382,295,382,295,393,242,393,text,table_text,table_0,raleway,bold,10.0,pai_1col_20211228_152717_5107577977_600_800.png,/scratch/parceirosbr/bigoilict/share/BigOil/document_generator/datasets/documents_2021_12_28/pai_1col_20211228_152717_5107577977_600_800.png,pai_1col_20211228_152717_5107577977_600_800_mask.png,42473.8132
26,5,53,11,242,382,295,393,242,382,295,382,295,393,242,393,sub_line_text,table_text,table_0,raleway,bold,10.0,pai_1col_20211228_152717_5107577977_600_800.png,/scratch/parceirosbr/bigoilict/share/BigOil/document_generator/datasets/documents_2021_12_28/pai_1col_20211228_152717_5107577977_600_800.png,pai_1col_20211228_152717_5107577977_600_800_mask.png,42473.8132
31,5,63,11,232,397,295,408,232,397,295,397,295,408,232,408,text,table_text,table_0,raleway,bold,10.0,pai_1col_20211228_152717_5107577977_600_800.png,/scratch/parceirosbr/bigoilict/share/BigOil/document_generator/datasets/documents_2021_12_28/pai_1col_20211228_152717_5107577977_600_800.png,pai_1col_20211228_152717_5107577977_600_800_mask.png,9789219.1158
31,5,63,11,232,397,295,408,232,397,295,397,295,408,232,408,sub_line_text,table_text,table_0,raleway,bold,10.0,pai_1col_20211228_152717_5107577977_600_800.png,/scratch/parceirosbr/bigoilict/share/BigOil/document_generator/datasets/documents_2021_12_28/pai_1col_20211228_152717_5107577977_600_800.png,pai_1col_20211228_152717_5107577977_600_800_mask.png,9789219.1158
30,5,60,11,235,411,295,422,235,411,295,411,295,422,235,422,text,table_text,table_0,raleway,bold,10.0,pai_1col_20211228_152717_5107577977_600_800.png,/scratch/parceirosbr/bigoilict/share/BigOil/document_generator/datasets/documents_2021_12_28/pai_1col_20211228_152717_5107577977_600_800.png,pai_1col_20211228_152717_5107577977_600_800_mask.png,362575.9525
30,5,60,11,235,411,295,422,235,411,295,411,295,422,235,422,sub_line_text,table_text,table_0,raleway,bold,10.0,pai_1col_20211228_152717_5107577977_600_800.png,/scratch/parceirosbr/bigoilict/share/BigOil/document_generator/datasets/documents_2021_12_28/pai_1col_20211228_152717_5107577977_600_800.png,pai_1col_20211228_152717_5107577977_600_800_mask.png,362575.9525
32,5,65,11,230,426,295,437,230,426,295,426,295,437,230,437,text,table_text,table_0,raleway,bold,10.0,pai_1col_20211228_152717_5107577977_600_800.png,/scratch/parceirosbr/bigoilict/share/BigOil/document_generator/datasets/documents_2021_12_28/pai_1col_20211228_152717_5107577977_600_800.png,pai_1col_20211228_152717_5107577977_600_800_mask.png,9437045.3014
32,5,65,11,230,426,295,437,230,426,295,426,295,437,230,437,sub_line_text,table_text,table_0,raleway,bold,10.0,pai_1col_20211228_152717_5107577977_600_800.png,/scratch/parceirosbr/bigoilict/share/BigOil/document_generator/datasets/documents_2021_12_28/pai_1col_20211228_152717_5107577977_600_800.png,pai_1col_20211228_152717_5107577977_600_800_mask.png,9437045.3014
26,5,53,11,242,441,295,452,242,441,295,441,295,452,242,452,text,table_text,table_0,raleway,bold,10.0,pai_1col_20211228_152717_5107577977_600_800.png,/scratch/parceirosbr/bigoilict/share/BigOil/document_generator/datasets/documents_2021_12_28/pai_1col_20211228_152717_5107577977_600_800.png,pai_1col_20211228_152717_5107577977_600_800_mask.png,20522.1307
26,5,53,11,242,441,295,452,242,441,295,441,295,452,242,452,sub_line_text,table_text,table_0,raleway,bold,10.0,pai_1col_20211228_152717_5107577977_600_800.png,/scratch/parceirosbr/bigoilict/share/BigOil/document_generator/datasets/documents_2021_12_28/pai_1col_20211228_152717_5107577977_600_800.png,pai_1col_20211228_152717_5107577977_600_800_mask.png,20522.1307
26,5,53,11,242,455,295,466,242,455,295,455,295,466,242,466,text,table_text,table_0,raleway,bold,10.0,pai_1col_20211228_152717_5107577977_600_800.png,/scratch/parceirosbr/bigoilict/share/BigOil/document_generator/datasets/documents_2021_12_28/pai_1col_20211228_152717_5107577977_600_800.png,pai_1col_20211228_152717_5107577977_600_800_mask.png,80515.4277
26,5,53,11,242,455,295,466,242,455,295,455,295,466,242,466,sub_line_text,table_text,table_0,raleway,bold,10.0,pai_1col_20211228_152717_5107577977_600_800.png,/scratch/parceirosbr/bigoilict/share/BigOil/document_generator/datasets/documents_2021_12_28/pai_1col_20211228_152717_5107577977_600_800.png,pai_1col_20211228_152717_5107577977_600_800_mask.png,80515.4277
26,5,53,11,242,470,295,481,242,470,295,470,295,481,242,481,text,table_text,table_0,raleway,regular,10.0,pai_1col_20211228_152717_5107577977_600_800.png,/scratch/parceirosbr/bigoilict/share/BigOil/document_generator/datasets/documents_2021_12_28/pai_1col_20211228_152717_5107577977_600_800.png,pai_1col_20211228_152717_5107577977_600_800_mask.png,371936.0320
26,5,53,11,242,470,295,481,242,470,295,470,295,481,242,481,sub_line_text,table_text,table_0,raleway,regular,10.0,pai_1col_20211228_152717_5107577977_600_800.png,/scratch/parceirosbr/bigoilict/share/BigOil/document_generator/datasets/documents_2021_12_28/pai_1col_20211228_152717_5107577977_600_800.png,pai_1col_20211228_152717_5107577977_600_800_mask.png,371936.0320
12,5,24,11,496,294,520,305,496,294,520,294,520,305,496,305,text,table_text,table_0,raleway,bold,10.0,pai_1col_20211228_152717_5107577977_600_800.png,/scratch/parceirosbr/bigoilict/share/BigOil/document_generator/datasets/documents_2021_12_28/pai_1col_20211228_152717_5107577977_600_800.png,pai_1col_20211228_152717_5107577977_600_800_mask.png,ideal
12,5,24,11,496,294,520,305,496,294,520,294,520,305,496,305,sub_line_text,table_text,table_0,raleway,bold,10.0,pai_1col_20211228_152717_5107577977_600_800.png,/scratch/parceirosbr/bigoilict/share/BigOil/document_generator/datasets/documents_2021_12_28/pai_1col_20211228_152717_5107577977_600_800.png,pai_1col_20211228_152717_5107577977_600_800_mask.png,ideal
18,5,37,11,330,309,367,320,330,309,367,309,367,320,330,320,text,table_text,table_0,raleway,bold,10.0,pai_1col_20211228_152717_5107577977_600_800.png,/scratch/parceirosbr/bigoilict/share/BigOil/document_generator/datasets/documents_2021_12_28/pai_1col_20211228_152717_5107577977_600_800.png,pai_1col_20211228_152717_5107577977_600_800_mask.png,32.9735
18,5,37,11,330,309,367,320,330,309,367,309,367,320,330,320,sub_line_text,table_text,table_0,raleway,bold,10.0,pai_1col_20211228_152717_5107577977_600_800.png,/scratch/parceirosbr/bigoilict/share/BigOil/document_generator/datasets/documents_2021_12_28/pai_1col_20211228_152717_5107577977_600_800.png,pai_1col_20211228_152717_5107577977_600_800_mask.png,32.9735
18,5,36,11,331,324,367,335,331,324,367,324,367,335,331,335,text,table_text,table_0,raleway,bold,10.0,pai_1col_20211228_152717_5107577977_600_800.png,/scratch/parceirosbr/bigoilict/share/BigOil/document_generator/datasets/documents_2021_12_28/pai_1col_20211228_152717_5107577977_600_800.png,pai_1col_20211228_152717_5107577977_600_800_mask.png,98.1870
18,5,36,11,331,324,367,335,331,324,367,324,367,335,331,335,sub_line_text,table_text,table_0,raleway,bold,10.0,pai_1col_20211228_152717_5107577977_600_800.png,/scratch/parceirosbr/bigoilict/share/BigOil/document_generator/datasets/documents_2021_12_28/pai_1col_20211228_152717_5107577977_600_800.png,pai_1col_20211228_152717_5107577977_600_800_mask.png,98.1870
18,5,37,11,330,338,367,349,330,338,367,338,367,349,330,349,text,table_text,table_0,raleway,bold,10.0,pai_1col_20211228_152717_5107577977_600_800.png,/scratch/parceirosbr/bigoilict/share/BigOil/document_generator/datasets/documents_2021_12_28/pai_1col_20211228_152717_5107577977_600_800.png,pai_1col_20211228_152717_5107577977_600_800_mask.png,73.9248
18,5,37,11,330,338,367,349,330,338,367,338,367,349,330,349,sub_line_text,table_text,table_0,raleway,bold,10.0,pai_1col_20211228_152717_5107577977_600_800.png,/scratch/parceirosbr/bigoilict/share/BigOil/document_generator/datasets/documents_2021_12_28/pai_1col_20211228_152717_5107577977_600_800.png,pai_1col_20211228_152717_5107577977_600_800_mask.png,73.9248
20,5,40,11,326,353,366,364,326,353,366,353,366,364,326,364,text,table_text,table_0,raleway,bold,10.0,pai_1col_20211228_152717_5107577977_600_800.png,/scratch/parceirosbr/bigoilict/share/BigOil/document_generator/datasets/documents_2021_12_28/pai_1col_20211228_152717_5107577977_600_800.png,pai_1col_20211228_152717_5107577977_600_800_mask.png,778.1127
20,5,40,11,326,353,366,364,326,353,366,353,366,364,326,364,sub_line_text,table_text,table_0,raleway,bold,10.0,pai_1col_20211228_152717_5107577977_600_800.png,/scratch/parceirosbr/bigoilict/share/BigOil/document_generator/datasets/documents_2021_12_28/pai_1col_20211228_152717_5107577977_600_800.png,pai_1col_20211228_152717_5107577977_600_800_mask.png,778.1127
20,5,41,11,325,368,366,379,325,368,366,368,366,379,325,379,text,table_text,table_0,raleway,bold,10.0,pai_1col_20211228_152717_5107577977_600_800.png,/scratch/parceirosbr/bigoilict/share/BigOil/document_generator/datasets/documents_2021_12_28/pai_1col_20211228_152717_5107577977_600_800.png,pai_1col_20211228_152717_5107577977_600_800_mask.png,140.8998
20,5,41,11,325,368,366,379,325,368,366,368,366,379,325,379,sub_line_text,table_text,table_0,raleway,bold,10.0,pai_1col_20211228_152717_5107577977_600_800.png,/scratch/parceirosbr/bigoilict/share/BigOil/document_generator/datasets/documents_2021_12_28/pai_1col_20211228_152717_5107577977_600_800.png,pai_1col_20211228_152717_5107577977_600_800_mask.png,140.8998
19,5,39,11,327,382,366,393,327,382,366,382,366,393,327,393,text,table_text,table_0,raleway,bold,10.0,pai_1col_20211228_152717_5107577977_600_800.png,/scratch/parceirosbr/bigoilict/share/BigOil/document_generator/datasets/documents_2021_12_28/pai_1col_20211228_152717_5107577977_600_800.png,pai_1col_20211228_152717_5107577977_600_800_mask.png,131.1797
19,5,39,11,327,382,366,393,327,382,366,382,366,393,327,393,sub_line_text,table_text,table_0,raleway,bold,10.0,pai_1col_20211228_152717_5107577977_600_800.png,/scratch/parceirosbr/bigoilict/share/BigOil/document_generator/datasets/documents_2021_12_28/pai_1col_20211228_152717_5107577977_600_800.png,pai_1col_20211228_152717_5107577977_600_800_mask.png,131.1797
18,5,36,11,331,397,367,408,331,397,367,397,367,408,331,408,text,table_text,table_0,raleway,bold,10.0,pai_1col_20211228_152717_5107577977_600_800.png,/scratch/parceirosbr/bigoilict/share/BigOil/document_generator/datasets/documents_2021_12_28/pai_1col_20211228_152717_5107577977_600_800.png,pai_1col_20211228_152717_5107577977_600_800_mask.png,88.9991
18,5,36,11,331,397,367,408,331,397,367,397,367,408,331,408,sub_line_text,table_text,table_0,raleway,bold,10.0,pai_1col_20211228_152717_5107577977_600_800.png,/scratch/parceirosbr/bigoilict/share/BigOil/document_generator/datasets/documents_2021_12_28/pai_1col_20211228_152717_5107577977_600_800.png,pai_1col_20211228_152717_5107577977_600_800_mask.png,88.9991
24,5,48,11,318,411,366,422,318,411,366,411,366,422,318,422,text,table_text,table_0,raleway,bold,10.0,pai_1col_20211228_152717_5107577977_600_800.png,/scratch/parceirosbr/bigoilict/share/BigOil/document_generator/datasets/documents_2021_12_28/pai_1col_20211228_152717_5107577977_600_800.png,pai_1col_20211228_152717_5107577977_600_800_mask.png,3756.7923
24,5,48,11,318,411,366,422,318,411,366,411,366,422,318,422,sub_line_text,table_text,table_0,raleway,bold,10.0,pai_1col_20211228_152717_5107577977_600_800.png,/scratch/parceirosbr/bigoilict/share/BigOil/document_generator/datasets/documents_2021_12_28/pai_1col_20211228_152717_5107577977_600_800.png,pai_1col_20211228_152717_5107577977_600_800_mask.png,3756.7923
21,5,42,11,324,426,366,437,324,426,366,426,366,437,324,437,text,table_text,table_0,raleway,bold,10.0,pai_1col_20211228_152717_5107577977_600_800.png,/scratch/parceirosbr/bigoilict/share/BigOil/document_generator/datasets/documents_2021_12_28/pai_1col_20211228_152717_5107577977_600_800.png,pai_1col_20211228_152717_5107577977_600_800_mask.png,324.2057
21,5,42,11,324,426,366,437,324,426,366,426,366,437,324,437,sub_line_text,table_text,table_0,raleway,bold,10.0,pai_1col_20211228_152717_5107577977_600_800.png,/scratch/parceirosbr/bigoilict/share/BigOil/document_generator/datasets/documents_2021_12_28/pai_1col_20211228_152717_5107577977_600_800.png,pai_1col_20211228_152717_5107577977_600_800_mask.png,324.2057
24,5,48,11,318,441,366,452,318,441,366,441,366,452,318,452,text,table_text,table_0,raleway,bold,10.0,pai_1col_20211228_152717_5107577977_600_800.png,/scratch/parceirosbr/bigoilict/share/BigOil/document_generator/datasets/documents_2021_12_28/pai_1col_20211228_152717_5107577977_600_800.png,pai_1col_20211228_152717_5107577977_600_800_mask.png,2560.5950
24,5,48,11,318,441,366,452,318,441,366,441,366,452,318,452,sub_line_text,table_text,table_0,raleway,bold,10.0,pai_1col_20211228_152717_5107577977_600_800.png,/scratch/parceirosbr/bigoilict/share/BigOil/document_generator/datasets/documents_2021_12_28/pai_1col_20211228_152717_5107577977_600_800.png,pai_1col_20211228_152717_5107577977_600_800_mask.png,2560.5950
23,5,47,11,319,455,366,466,319,455,366,455,366,466,319,466,text,table_text,table_0,raleway,bold,10.0,pai_1col_20211228_152717_5107577977_600_800.png,/scratch/parceirosbr/bigoilict/share/BigOil/document_generator/datasets/documents_2021_12_28/pai_1col_20211228_152717_5107577977_600_800.png,pai_1col_20211228_152717_5107577977_600_800_mask.png,8135.6008
23,5,47,11,319,455,366,466,319,455,366,455,366,466,319,466,sub_line_text,table_text,table_0,raleway,bold,10.0,pai_1col_20211228_152717_5107577977_600_800.png,/scratch/parceirosbr/bigoilict/share/BigOil/document_generator/datasets/documents_2021_12_28/pai_1col_20211228_152717_5107577977_600_800.png,pai_1col_20211228_152717_5107577977_600_800_mask.png,8135.6008
19,5,39,11,327,470,366,481,327,470,366,470,366,481,327,481,text,table_text,table_0,raleway,regular,10.0,pai_1col_20211228_152717_5107577977_600_800.png,/scratch/parceirosbr/bigoilict/share/BigOil/document_generator/datasets/documents_2021_12_28/pai_1col_20211228_152717_5107577977_600_800.png,pai_1col_20211228_152717_5107577977_600_800_mask.png,373.6600
19,5,39,11,327,470,366,481,327,470,366,470,366,481,327,481,sub_line_text,table_text,table_0,raleway,regular,10.0,pai_1col_20211228_152717_5107577977_600_800.png,/scratch/parceirosbr/bigoilict/share/BigOil/document_generator/datasets/documents_2021_12_28/pai_1col_20211228_152717_5107577977_600_800.png,pai_1col_20211228_152717_5107577977_600_800_mask.png,373.6600
47,5,94,11,426,309,520,320,426,309,520,309,520,320,426,320,text,table_text,table_0,raleway,bold,10.0,pai_1col_20211228_152717_5107577977_600_800.png,/scratch/parceirosbr/bigoilict/share/BigOil/document_generator/datasets/documents_2021_12_28/pai_1col_20211228_152717_5107577977_600_800.png,pai_1col_20211228_152717_5107577977_600_800_mask.png,986581744490.4636
47,5,94,11,426,309,520,320,426,309,520,309,520,320,426,320,sub_line_text,table_text,table_0,raleway,bold,10.0,pai_1col_20211228_152717_5107577977_600_800.png,/scratch/parceirosbr/bigoilict/share/BigOil/document_generator/datasets/documents_2021_12_28/pai_1col_20211228_152717_5107577977_600_800.png,pai_1col_20211228_152717_5107577977_600_800_mask.png,986581744490.4636
47,5,95,11,425,324,520,335,425,324,520,324,520,335,425,335,text,table_text,table_0,raleway,bold,10.0,pai_1col_20211228_152717_5107577977_600_800.png,/scratch/parceirosbr/bigoilict/share/BigOil/document_generator/datasets/documents_2021_12_28/pai_1col_20211228_152717_5107577977_600_800.png,pai_1col_20211228_152717_5107577977_600_800_mask.png,594683900847.8938
47,5,95,11,425,324,520,335,425,324,520,324,520,335,425,335,sub_line_text,table_text,table_0,raleway,bold,10.0,pai_1col_20211228_152717_5107577977_600_800.png,/scratch/parceirosbr/bigoilict/share/BigOil/document_generator/datasets/documents_2021_12_28/pai_1col_20211228_152717_5107577977_600_800.png,pai_1col_20211228_152717_5107577977_600_800_mask.png,594683900847.8938
46,5,93,11,427,338,520,349,427,338,520,338,520,349,427,349,text,table_text,table_0,raleway,bold,10.0,pai_1col_20211228_152717_5107577977_600_800.png,/scratch/parceirosbr/bigoilict/share/BigOil/document_generator/datasets/documents_2021_12_28/pai_1col_20211228_152717_5107577977_600_800.png,pai_1col_20211228_152717_5107577977_600_800_mask.png,126706529402.9510
46,5,93,11,427,338,520,349,427,338,520,338,520,349,427,349,sub_line_text,table_text,table_0,raleway,bold,10.0,pai_1col_20211228_152717_5107577977_600_800.png,/scratch/parceirosbr/bigoilict/share/BigOil/document_generator/datasets/documents_2021_12_28/pai_1col_20211228_152717_5107577977_600_800.png,pai_1col_20211228_152717_5107577977_600_800_mask.png,126706529402.9510
46,5,93,11,427,353,520,364,427,353,520,353,520,364,427,364,text,table_text,table_0,raleway,bold,10.0,pai_1col_20211228_152717_5107577977_600_800.png,/scratch/parceirosbr/bigoilict/share/BigOil/document_generator/datasets/documents_2021_12_28/pai_1col_20211228_152717_5107577977_600_800.png,pai_1col_20211228_152717_5107577977_600_800_mask.png,689105808183.8629
46,5,93,11,427,353,520,364,427,353,520,353,520,364,427,364,sub_line_text,table_text,table_0,raleway,bold,10.0,pai_1col_20211228_152717_5107577977_600_800.png,/scratch/parceirosbr/bigoilict/share/BigOil/document_generator/datasets/documents_2021_12_28/pai_1col_20211228_152717_5107577977_600_800.png,pai_1col_20211228_152717_5107577977_600_800_mask.png,689105808183.8629
49,5,98,11,422,368,520,379,422,368,520,368,520,379,422,379,text,table_text,table_0,raleway,bold,10.0,pai_1col_20211228_152717_5107577977_600_800.png,/scratch/parceirosbr/bigoilict/share/BigOil/document_generator/datasets/documents_2021_12_28/pai_1col_20211228_152717_5107577977_600_800.png,pai_1col_20211228_152717_5107577977_600_800_mask.png,6741304391760.2155
49,5,98,11,422,368,520,379,422,368,520,368,520,379,422,379,sub_line_text,table_text,table_0,raleway,bold,10.0,pai_1col_20211228_152717_5107577977_600_800.png,/scratch/parceirosbr/bigoilict/share/BigOil/document_generator/datasets/documents_2021_12_28/pai_1col_20211228_152717_5107577977_600_800.png,pai_1col_20211228_152717_5107577977_600_800_mask.png,6741304391760.2155
44,5,89,11,431,382,520,393,431,382,520,382,520,393,431,393,text,table_text,table_0,raleway,bold,10.0,pai_1col_20211228_152717_5107577977_600_800.png,/scratch/parceirosbr/bigoilict/share/BigOil/document_generator/datasets/documents_2021_12_28/pai_1col_20211228_152717_5107577977_600_800.png,pai_1col_20211228_152717_5107577977_600_800_mask.png,90637835598.8273
44,5,89,11,431,382,520,393,431,382,520,382,520,393,431,393,sub_line_text,table_text,table_0,raleway,bold,10.0,pai_1col_20211228_152717_5107577977_600_800.png,/scratch/parceirosbr/bigoilict/share/BigOil/document_generator/datasets/documents_2021_12_28/pai_1col_20211228_152717_5107577977_600_800.png,pai_1col_20211228_152717_5107577977_600_800_mask.png,90637835598.8273
49,5,99,11,421,397,520,408,421,397,520,397,520,408,421,408,text,table_text,table_0,raleway,bold,10.0,pai_1col_20211228_152717_5107577977_600_800.png,/scratch/parceirosbr/bigoilict/share/BigOil/document_generator/datasets/documents_2021_12_28/pai_1col_20211228_152717_5107577977_600_800.png,pai_1col_20211228_152717_5107577977_600_800_mask.png,8213724123776.4289
49,5,99,11,421,397,520,408,421,397,520,397,520,408,421,408,sub_line_text,table_text,table_0,raleway,bold,10.0,pai_1col_20211228_152717_5107577977_600_800.png,/scratch/parceirosbr/bigoilict/share/BigOil/document_generator/datasets/documents_2021_12_28/pai_1col_20211228_152717_5107577977_600_800.png,pai_1col_20211228_152717_5107577977_600_800_mask.png,8213724123776.4289
49,5,99,11,421,411,520,422,421,411,520,411,520,422,421,422,text,table_text,table_0,raleway,bold,10.0,pai_1col_20211228_152717_5107577977_600_800.png,/scratch/parceirosbr/bigoilict/share/BigOil/document_generator/datasets/documents_2021_12_28/pai_1col_20211228_152717_5107577977_600_800.png,pai_1col_20211228_152717_5107577977_600_800_mask.png,8963059291216.9583
49,5,99,11,421,411,520,422,421,411,520,411,520,422,421,422,sub_line_text,table_text,table_0,raleway,bold,10.0,pai_1col_20211228_152717_5107577977_600_800.png,/scratch/parceirosbr/bigoilict/share/BigOil/document_generator/datasets/documents_2021_12_28/pai_1col_20211228_152717_5107577977_600_800.png,pai_1col_20211228_152717_5107577977_600_800_mask.png,8963059291216.9583
47,5,95,11,425,426,520,437,425,426,520,426,520,437,425,437,text,table_text,table_0,raleway,bold,10.0,pai_1col_20211228_152717_5107577977_600_800.png,/scratch/parceirosbr/bigoilict/share/BigOil/document_generator/datasets/documents_2021_12_28/pai_1col_20211228_152717_5107577977_600_800.png,pai_1col_20211228_152717_5107577977_600_800_mask.png,243508554693.5094
47,5,95,11,425,426,520,437,425,426,520,426,520,437,425,437,sub_line_text,table_text,table_0,raleway,bold,10.0,pai_1col_20211228_152717_5107577977_600_800.png,/scratch/parceirosbr/bigoilict/share/BigOil/document_generator/datasets/documents_2021_12_28/pai_1col_20211228_152717_5107577977_600_800.png,pai_1col_20211228_152717_5107577977_600_800_mask.png,243508554693.5094
44,5,88,11,432,441,520,452,432,441,520,441,520,452,432,452,text,table_text,table_0,raleway,bold,10.0,pai_1col_20211228_152717_5107577977_600_800.png,/scratch/parceirosbr/bigoilict/share/BigOil/document_generator/datasets/documents_2021_12_28/pai_1col_20211228_152717_5107577977_600_800.png,pai_1col_20211228_152717_5107577977_600_800_mask.png,22600701533.2764
44,5,88,11,432,441,520,452,432,441,520,441,520,452,432,452,sub_line_text,table_text,table_0,raleway,bold,10.0,pai_1col_20211228_152717_5107577977_600_800.png,/scratch/parceirosbr/bigoilict/share/BigOil/document_generator/datasets/documents_2021_12_28/pai_1col_20211228_152717_5107577977_600_800.png,pai_1col_20211228_152717_5107577977_600_800_mask.png,22600701533.2764
50,5,100,11,420,455,520,466,420,455,520,455,520,466,420,466,text,table_text,table_0,raleway,bold,10.0,pai_1col_20211228_152717_5107577977_600_800.png,/scratch/parceirosbr/bigoilict/share/BigOil/document_generator/datasets/documents_2021_12_28/pai_1col_20211228_152717_5107577977_600_800.png,pai_1col_20211228_152717_5107577977_600_800_mask.png,2800418468605.2425
50,5,100,11,420,455,520,466,420,455,520,455,520,466,420,466,sub_line_text,table_text,table_0,raleway,bold,10.0,pai_1col_20211228_152717_5107577977_600_800.png,/scratch/parceirosbr/bigoilict/share/BigOil/document_generator/datasets/documents_2021_12_28/pai_1col_20211228_152717_5107577977_600_800.png,pai_1col_20211228_152717_5107577977_600_800_mask.png,2800418468605.2425
42,5,84,11,436,470,520,481,436,470,520,470,520,481,436,481,text,table_text,table_0,raleway,regular,10.0,pai_1col_20211228_152717_5107577977_600_800.png,/scratch/parceirosbr/bigoilict/share/BigOil/document_generator/datasets/documents_2021_12_28/pai_1col_20211228_152717_5107577977_600_800.png,pai_1col_20211228_152717_5107577977_600_800_mask.png,69079927395.8084
42,5,84,11,436,470,520,481,436,470,520,470,520,481,436,481,sub_line_text,table_text,table_0,raleway,regular,10.0,pai_1col_20211228_152717_5107577977_600_800.png,/scratch/parceirosbr/bigoilict/share/BigOil/document_generator/datasets/documents_2021_12_28/pai_1col_20211228_152717_5107577977_600_800.png,pai_1col_20211228_152717_5107577977_600_800_mask.png,69079927395.8084
138,5,276,11,139,494,415,505,139,494,415,494,415,505,139,505,sub_line_text,table_legend,table_0,arial,italic,9,pai_1col_20211228_152717_5107577977_600_800.png,/scratch/parceirosbr/bigoilict/share/BigOil/document_generator/datasets/documents_2021_12_28/pai_1col_20211228_152717_5107577977_600_800.png,pai_1col_20211228_152717_5107577977_600_800_mask.png,Tabela 30:  A aplicação de uma segunda camada de revestimento
138,5,276,11,139,494,415,505,139,494,415,494,415,505,139,505,text,table_legend,table_0,arial,italic,9,pai_1col_20211228_152717_5107577977_600_800.png,/scratch/parceirosbr/bigoilict/share/BigOil/document_generator/datasets/documents_2021_12_28/pai_1col_20211228_152717_5107577977_600_800.png,pai_1col_20211228_152717_5107577977_600_800_mask.png,nan
19,5,38,11,426,539,464,550,426,539,464,539,464,550,426,550,sub_line_text,equation,equation_0,arial,italic,9,pai_1col_20211228_152717_5107577977_600_800.png,/scratch/parceirosbr/bigoilict/share/BigOil/document_generator/datasets/documents_2021_12_28/pai_1col_20211228_152717_5107577977_600_800.png,pai_1col_20211228_152717_5107577977_600_800_mask.png,Eq. (134)
151,23,302,46,162,522,464,568,162,522,464,522,464,568,162,568,equation,equation,equation_0,,,,pai_1col_20211228_152717_5107577977_600_800.png,/scratch/parceirosbr/bigoilict/share/BigOil/document_generator/datasets/documents_2021_12_28/pai_1col_20211228_152717_5107577977_600_800.png,pai_1col_20211228_152717_5107577977_600_800_mask.png,
171,6,342,12,184,585,526,597,184,585,526,585,526,597,184,597,sub_line_text,text,text_1,arial,regular,10,pai_1col_20211228_152717_5107577977_600_800.png,/scratch/parceirosbr/bigoilict/share/BigOil/document_generator/datasets/documents_2021_12_28/pai_1col_20211228_152717_5107577977_600_800.png,pai_1col_20211228_152717_5107577977_600_800_mask.png,The  highest  percentage was found at station 21 (23%) and the lowest at
189,6,378,12,139,609,517,621,139,609,517,609,517,621,139,621,sub_line_text,text,text_1,arial,regular,10,pai_1col_20211228_152717_5107577977_600_800.png,/scratch/parceirosbr/bigoilict/share/BigOil/document_generator/datasets/documents_2021_12_28/pai_1col_20211228_152717_5107577977_600_800.png,pai_1col_20211228_152717_5107577977_600_800_mask.png,station 8 (1%). The rheological parameters fitted varied according to the temperat.
193,18,387,36,139,585,526,621,139,585,526,585,526,621,139,621,text,text,text_1,arial,regular,10,pai_1col_20211228_152717_5107577977_600_800.png,/scratch/parceirosbr/bigoilict/share/BigOil/document_generator/datasets/documents_2021_12_28/pai_1col_20211228_152717_5107577977_600_800.png,pai_1col_20211228_152717_5107577977_600_800_mask.png,nan
