center_x,center_y,width,height,xmin,ymin,xmax,ymax,top_left_x,top_left_y,top_right_x,top_right_y,bottom_right_x,bottom_right_y,bottom_left_x,bottom_left_y,label,grouplabel,group,text_font,text_style,size_font,filename,path,filename_mask,content
300,400,600,800,0,0,600,800,0,0,600,0,600,800,0,800,document,,,,,,pai_3cols_20211228_152908_2120314120_600_800.png,/scratch/parceirosbr/bigoilict/share/BigOil/document_generator/datasets/documents_2021_12_28/pai_3cols_20211228_152908_2120314120_600_800.png,pai_3cols_20211228_152908_2120314120_600_800_mask.png,
55,4,111,9,97,82,208,91,97,82,208,82,208,91,97,91,sub_line_text,text,text_0,raleway,regular,7,pai_3cols_20211228_152908_2120314120_600_800.png,/scratch/parceirosbr/bigoilict/share/BigOil/document_generator/datasets/documents_2021_12_28/pai_3cols_20211228_152908_2120314120_600_800.png,pai_3cols_20211228_152908_2120314120_600_800_mask.png,Osvalores    de    transporte   barot-
62,4,125,9,83,96,208,105,83,96,208,96,208,105,83,105,sub_line_text,text,text_0,raleway,regular,7,pai_3cols_20211228_152908_2120314120_600_800.png,/scratch/parceirosbr/bigoilict/share/BigOil/document_generator/datasets/documents_2021_12_28/pai_3cols_20211228_152908_2120314120_600_800.png,pai_3cols_20211228_152908_2120314120_600_800_mask.png,"ropico  caram  em  torno de 2,3 1,3 (3,5"
62,4,124,9,83,110,207,119,83,110,207,110,207,119,83,119,sub_line_text,text,text_0,raleway,regular,7,pai_3cols_20211228_152908_2120314120_600_800.png,/scratch/parceirosbr/bigoilict/share/BigOil/document_generator/datasets/documents_2021_12_28/pai_3cols_20211228_152908_2120314120_600_800.png,pai_3cols_20211228_152908_2120314120_600_800_mask.png,"0,6   para.   Outra  característica  impo-"
62,4,125,9,83,124,208,133,83,124,208,124,208,133,83,133,sub_line_text,text,text_0,raleway,regular,7,pai_3cols_20211228_152908_2120314120_600_800.png,/scratch/parceirosbr/bigoilict/share/BigOil/document_generator/datasets/documents_2021_12_28/pai_3cols_20211228_152908_2120314120_600_800.png,pai_3cols_20211228_152908_2120314120_600_800_mask.png,rtante  é  a  inexistência  de convênios
62,4,124,9,83,138,207,147,83,138,207,138,207,147,83,147,sub_line_text,text,text_0,raleway,regular,7,pai_3cols_20211228_152908_2120314120_600_800.png,/scratch/parceirosbr/bigoilict/share/BigOil/document_generator/datasets/documents_2021_12_28/pai_3cols_20211228_152908_2120314120_600_800.png,pai_3cols_20211228_152908_2120314120_600_800_mask.png,em  20%  dos  projetos.  (Tabela  5). A n
62,4,125,9,83,152,208,161,83,152,208,152,208,161,83,161,sub_line_text,text,text_0,raleway,regular,7,pai_3cols_20211228_152908_2120314120_600_800.png,/scratch/parceirosbr/bigoilict/share/BigOil/document_generator/datasets/documents_2021_12_28/pai_3cols_20211228_152908_2120314120_600_800.png,pai_3cols_20211228_152908_2120314120_600_800_mask.png,"9.718/1998,  (com  redação  dada  pela"
58,4,116,9,83,166,199,175,83,166,199,166,199,175,83,175,sub_line_text,text,text_0,raleway,regular,7,pai_3cols_20211228_152908_2120314120_600_800.png,/scratch/parceirosbr/bigoilict/share/BigOil/document_generator/datasets/documents_2021_12_28/pai_3cols_20211228_152908_2120314120_600_800.png,pai_3cols_20211228_152908_2120314120_600_800_mask.png,"n 11.727, de 23 de junho de 200865)."
62,46,125,93,83,82,208,175,83,82,208,82,208,175,83,175,text,text,text_0,raleway,regular,7,pai_3cols_20211228_152908_2120314120_600_800.png,/scratch/parceirosbr/bigoilict/share/BigOil/document_generator/datasets/documents_2021_12_28/pai_3cols_20211228_152908_2120314120_600_800.png,pai_3cols_20211228_152908_2120314120_600_800_mask.png,nan
64,25,128,51,83,181,211,232,83,181,211,181,211,232,83,232,list,list,list_1,raleway,raleway,7,pai_3cols_20211228_152908_2120314120_600_800.png,/scratch/parceirosbr/bigoilict/share/BigOil/document_generator/datasets/documents_2021_12_28/pai_3cols_20211228_152908_2120314120_600_800.png,pai_3cols_20211228_152908_2120314120_600_800_mask.png,
64,4,128,9,83,181,211,190,83,181,211,181,211,190,83,190,sub_line_text,list,list_1,raleway,regular,7,pai_3cols_20211228_152908_2120314120_600_800.png,/scratch/parceirosbr/bigoilict/share/BigOil/document_generator/datasets/documents_2021_12_28/pai_3cols_20211228_152908_2120314120_600_800.png,pai_3cols_20211228_152908_2120314120_600_800_mask.png,•  A   quarta   seção  fornecerá  algumas
60,4,121,9,89,195,210,204,89,195,210,195,210,204,89,204,sub_line_text,list,list_1,raleway,regular,7,pai_3cols_20211228_152908_2120314120_600_800.png,/scratch/parceirosbr/bigoilict/share/BigOil/document_generator/datasets/documents_2021_12_28/pai_3cols_20211228_152908_2120314120_600_800.png,pai_3cols_20211228_152908_2120314120_600_800_mask.png,caracterizações  da  área  de estudo e
60,4,121,9,89,209,210,218,89,209,210,209,210,218,89,218,sub_line_text,list,list_1,raleway,regular,7,pai_3cols_20211228_152908_2120314120_600_800.png,/scratch/parceirosbr/bigoilict/share/BigOil/document_generator/datasets/documents_2021_12_28/pai_3cols_20211228_152908_2120314120_600_800.png,pai_3cols_20211228_152908_2120314120_600_800_mask.png,do   fenômeno   que   foi  estudado.  A
32,4,64,9,89,223,153,232,89,223,153,223,153,232,89,232,sub_line_text,list,list_1,raleway,regular,7,pai_3cols_20211228_152908_2120314120_600_800.png,/scratch/parceirosbr/bigoilict/share/BigOil/document_generator/datasets/documents_2021_12_28/pai_3cols_20211228_152908_2120314120_600_800.png,pai_3cols_20211228_152908_2120314120_600_800_mask.png,penetração do ramo
62,5,124,11,85,238,209,249,85,238,209,238,209,249,85,249,sub_line_text,subsubtitle,subsubtitle_0,raleway,bolditalic,9,pai_3cols_20211228_152908_2120314120_600_800.png,/scratch/parceirosbr/bigoilict/share/BigOil/document_generator/datasets/documents_2021_12_28/pai_3cols_20211228_152908_2120314120_600_800.png,pai_3cols_20211228_152908_2120314120_600_800_mask.png,Viscosidade      atua      produ-
23,5,47,11,85,256,132,267,85,256,132,256,132,267,85,267,sub_line_text,subsubtitle,subsubtitle_0,raleway,bolditalic,9,pai_3cols_20211228_152908_2120314120_600_800.png,/scratch/parceirosbr/bigoilict/share/BigOil/document_generator/datasets/documents_2021_12_28/pai_3cols_20211228_152908_2120314120_600_800.png,pai_3cols_20211228_152908_2120314120_600_800_mask.png,zindo força
62,14,124,29,85,238,209,267,85,238,209,238,209,267,85,267,title,subsubtitle,subsubtitle_0,raleway,bolditalic,9,pai_3cols_20211228_152908_2120314120_600_800.png,/scratch/parceirosbr/bigoilict/share/BigOil/document_generator/datasets/documents_2021_12_28/pai_3cols_20211228_152908_2120314120_600_800.png,pai_3cols_20211228_152908_2120314120_600_800_mask.png,nan
62,132,125,265,84,275,209,540,84,275,209,275,209,540,84,540,table,table_image,table_0,,,,pai_3cols_20211228_152908_2120314120_600_800.png,/scratch/parceirosbr/bigoilict/share/BigOil/document_generator/datasets/documents_2021_12_28/pai_3cols_20211228_152908_2120314120_600_800.png,pai_3cols_20211228_152908_2120314120_600_800_mask.png,output/gen_tab_20211228_152909_9756701858.png
5,4,11,8,133,280,144,288,133,280,144,280,144,288,133,288,text,table_text,table_0,raleway,regular,7.0,pai_3cols_20211228_152908_2120314120_600_800.png,/scratch/parceirosbr/bigoilict/share/BigOil/document_generator/datasets/documents_2021_12_28/pai_3cols_20211228_152908_2120314120_600_800.png,pai_3cols_20211228_152908_2120314120_600_800_mask.png,dos
5,4,11,8,133,280,144,288,133,280,144,280,144,288,133,288,sub_line_text,table_text,table_0,raleway,regular,7.0,pai_3cols_20211228_152908_2120314120_600_800.png,/scratch/parceirosbr/bigoilict/share/BigOil/document_generator/datasets/documents_2021_12_28/pai_3cols_20211228_152908_2120314120_600_800.png,pai_3cols_20211228_152908_2120314120_600_800_mask.png,dos
1,4,3,8,141,292,144,300,141,292,144,292,144,300,141,300,text,table_text,table_0,raleway,bold,7.0,pai_3cols_20211228_152908_2120314120_600_800.png,/scratch/parceirosbr/bigoilict/share/BigOil/document_generator/datasets/documents_2021_12_28/pai_3cols_20211228_152908_2120314120_600_800.png,pai_3cols_20211228_152908_2120314120_600_800_mask.png,8
1,4,3,8,141,292,144,300,141,292,144,292,144,300,141,300,sub_line_text,table_text,table_0,raleway,bold,7.0,pai_3cols_20211228_152908_2120314120_600_800.png,/scratch/parceirosbr/bigoilict/share/BigOil/document_generator/datasets/documents_2021_12_28/pai_3cols_20211228_152908_2120314120_600_800.png,pai_3cols_20211228_152908_2120314120_600_800_mask.png,8
1,4,3,8,141,304,144,312,141,304,144,304,144,312,141,312,text,table_text,table_0,raleway,bold,7.0,pai_3cols_20211228_152908_2120314120_600_800.png,/scratch/parceirosbr/bigoilict/share/BigOil/document_generator/datasets/documents_2021_12_28/pai_3cols_20211228_152908_2120314120_600_800.png,pai_3cols_20211228_152908_2120314120_600_800_mask.png,4
1,4,3,8,141,304,144,312,141,304,144,304,144,312,141,312,sub_line_text,table_text,table_0,raleway,bold,7.0,pai_3cols_20211228_152908_2120314120_600_800.png,/scratch/parceirosbr/bigoilict/share/BigOil/document_generator/datasets/documents_2021_12_28/pai_3cols_20211228_152908_2120314120_600_800.png,pai_3cols_20211228_152908_2120314120_600_800_mask.png,4
1,4,3,8,141,316,144,324,141,316,144,316,144,324,141,324,text,table_text,table_0,raleway,bold,7.0,pai_3cols_20211228_152908_2120314120_600_800.png,/scratch/parceirosbr/bigoilict/share/BigOil/document_generator/datasets/documents_2021_12_28/pai_3cols_20211228_152908_2120314120_600_800.png,pai_3cols_20211228_152908_2120314120_600_800_mask.png,1
1,4,3,8,141,316,144,324,141,316,144,316,144,324,141,324,sub_line_text,table_text,table_0,raleway,bold,7.0,pai_3cols_20211228_152908_2120314120_600_800.png,/scratch/parceirosbr/bigoilict/share/BigOil/document_generator/datasets/documents_2021_12_28/pai_3cols_20211228_152908_2120314120_600_800.png,pai_3cols_20211228_152908_2120314120_600_800_mask.png,1
1,4,3,8,141,328,144,336,141,328,144,328,144,336,141,336,text,table_text,table_0,raleway,bold,7.0,pai_3cols_20211228_152908_2120314120_600_800.png,/scratch/parceirosbr/bigoilict/share/BigOil/document_generator/datasets/documents_2021_12_28/pai_3cols_20211228_152908_2120314120_600_800.png,pai_3cols_20211228_152908_2120314120_600_800_mask.png,7
1,4,3,8,141,328,144,336,141,328,144,328,144,336,141,336,sub_line_text,table_text,table_0,raleway,bold,7.0,pai_3cols_20211228_152908_2120314120_600_800.png,/scratch/parceirosbr/bigoilict/share/BigOil/document_generator/datasets/documents_2021_12_28/pai_3cols_20211228_152908_2120314120_600_800.png,pai_3cols_20211228_152908_2120314120_600_800_mask.png,7
1,4,3,8,141,339,144,347,141,339,144,339,144,347,141,347,text,table_text,table_0,raleway,bold,7.0,pai_3cols_20211228_152908_2120314120_600_800.png,/scratch/parceirosbr/bigoilict/share/BigOil/document_generator/datasets/documents_2021_12_28/pai_3cols_20211228_152908_2120314120_600_800.png,pai_3cols_20211228_152908_2120314120_600_800_mask.png,7
1,4,3,8,141,339,144,347,141,339,144,339,144,347,141,347,sub_line_text,table_text,table_0,raleway,bold,7.0,pai_3cols_20211228_152908_2120314120_600_800.png,/scratch/parceirosbr/bigoilict/share/BigOil/document_generator/datasets/documents_2021_12_28/pai_3cols_20211228_152908_2120314120_600_800.png,pai_3cols_20211228_152908_2120314120_600_800_mask.png,7
1,4,3,8,141,351,144,359,141,351,144,351,144,359,141,359,text,table_text,table_0,raleway,bold,7.0,pai_3cols_20211228_152908_2120314120_600_800.png,/scratch/parceirosbr/bigoilict/share/BigOil/document_generator/datasets/documents_2021_12_28/pai_3cols_20211228_152908_2120314120_600_800.png,pai_3cols_20211228_152908_2120314120_600_800_mask.png,7
1,4,3,8,141,351,144,359,141,351,144,351,144,359,141,359,sub_line_text,table_text,table_0,raleway,bold,7.0,pai_3cols_20211228_152908_2120314120_600_800.png,/scratch/parceirosbr/bigoilict/share/BigOil/document_generator/datasets/documents_2021_12_28/pai_3cols_20211228_152908_2120314120_600_800.png,pai_3cols_20211228_152908_2120314120_600_800_mask.png,7
1,4,3,8,141,363,144,371,141,363,144,363,144,371,141,371,text,table_text,table_0,raleway,bold,7.0,pai_3cols_20211228_152908_2120314120_600_800.png,/scratch/parceirosbr/bigoilict/share/BigOil/document_generator/datasets/documents_2021_12_28/pai_3cols_20211228_152908_2120314120_600_800.png,pai_3cols_20211228_152908_2120314120_600_800_mask.png,2
1,4,3,8,141,363,144,371,141,363,144,363,144,371,141,371,sub_line_text,table_text,table_0,raleway,bold,7.0,pai_3cols_20211228_152908_2120314120_600_800.png,/scratch/parceirosbr/bigoilict/share/BigOil/document_generator/datasets/documents_2021_12_28/pai_3cols_20211228_152908_2120314120_600_800.png,pai_3cols_20211228_152908_2120314120_600_800_mask.png,2
1,4,3,8,141,375,144,383,141,375,144,375,144,383,141,383,text,table_text,table_0,raleway,bold,7.0,pai_3cols_20211228_152908_2120314120_600_800.png,/scratch/parceirosbr/bigoilict/share/BigOil/document_generator/datasets/documents_2021_12_28/pai_3cols_20211228_152908_2120314120_600_800.png,pai_3cols_20211228_152908_2120314120_600_800_mask.png,5
1,4,3,8,141,375,144,383,141,375,144,375,144,383,141,383,sub_line_text,table_text,table_0,raleway,bold,7.0,pai_3cols_20211228_152908_2120314120_600_800.png,/scratch/parceirosbr/bigoilict/share/BigOil/document_generator/datasets/documents_2021_12_28/pai_3cols_20211228_152908_2120314120_600_800.png,pai_3cols_20211228_152908_2120314120_600_800_mask.png,5
1,4,3,8,141,386,144,394,141,386,144,386,144,394,141,394,text,table_text,table_0,raleway,bold,7.0,pai_3cols_20211228_152908_2120314120_600_800.png,/scratch/parceirosbr/bigoilict/share/BigOil/document_generator/datasets/documents_2021_12_28/pai_3cols_20211228_152908_2120314120_600_800.png,pai_3cols_20211228_152908_2120314120_600_800_mask.png,2
1,4,3,8,141,386,144,394,141,386,144,386,144,394,141,394,sub_line_text,table_text,table_0,raleway,bold,7.0,pai_3cols_20211228_152908_2120314120_600_800.png,/scratch/parceirosbr/bigoilict/share/BigOil/document_generator/datasets/documents_2021_12_28/pai_3cols_20211228_152908_2120314120_600_800.png,pai_3cols_20211228_152908_2120314120_600_800_mask.png,2
1,4,3,8,141,398,144,406,141,398,144,398,144,406,141,406,text,table_text,table_0,raleway,bold,7.0,pai_3cols_20211228_152908_2120314120_600_800.png,/scratch/parceirosbr/bigoilict/share/BigOil/document_generator/datasets/documents_2021_12_28/pai_3cols_20211228_152908_2120314120_600_800.png,pai_3cols_20211228_152908_2120314120_600_800_mask.png,3
1,4,3,8,141,398,144,406,141,398,144,398,144,406,141,406,sub_line_text,table_text,table_0,raleway,bold,7.0,pai_3cols_20211228_152908_2120314120_600_800.png,/scratch/parceirosbr/bigoilict/share/BigOil/document_generator/datasets/documents_2021_12_28/pai_3cols_20211228_152908_2120314120_600_800.png,pai_3cols_20211228_152908_2120314120_600_800_mask.png,3
1,4,3,8,141,410,144,418,141,410,144,410,144,418,141,418,text,table_text,table_0,raleway,bold,7.0,pai_3cols_20211228_152908_2120314120_600_800.png,/scratch/parceirosbr/bigoilict/share/BigOil/document_generator/datasets/documents_2021_12_28/pai_3cols_20211228_152908_2120314120_600_800.png,pai_3cols_20211228_152908_2120314120_600_800_mask.png,3
1,4,3,8,141,410,144,418,141,410,144,410,144,418,141,418,sub_line_text,table_text,table_0,raleway,bold,7.0,pai_3cols_20211228_152908_2120314120_600_800.png,/scratch/parceirosbr/bigoilict/share/BigOil/document_generator/datasets/documents_2021_12_28/pai_3cols_20211228_152908_2120314120_600_800.png,pai_3cols_20211228_152908_2120314120_600_800_mask.png,3
1,4,3,8,141,422,144,430,141,422,144,422,144,430,141,430,text,table_text,table_0,raleway,bold,7.0,pai_3cols_20211228_152908_2120314120_600_800.png,/scratch/parceirosbr/bigoilict/share/BigOil/document_generator/datasets/documents_2021_12_28/pai_3cols_20211228_152908_2120314120_600_800.png,pai_3cols_20211228_152908_2120314120_600_800_mask.png,2
1,4,3,8,141,422,144,430,141,422,144,422,144,430,141,430,sub_line_text,table_text,table_0,raleway,bold,7.0,pai_3cols_20211228_152908_2120314120_600_800.png,/scratch/parceirosbr/bigoilict/share/BigOil/document_generator/datasets/documents_2021_12_28/pai_3cols_20211228_152908_2120314120_600_800.png,pai_3cols_20211228_152908_2120314120_600_800_mask.png,2
1,4,3,8,141,434,144,442,141,434,144,434,144,442,141,442,text,table_text,table_0,raleway,bold,7.0,pai_3cols_20211228_152908_2120314120_600_800.png,/scratch/parceirosbr/bigoilict/share/BigOil/document_generator/datasets/documents_2021_12_28/pai_3cols_20211228_152908_2120314120_600_800.png,pai_3cols_20211228_152908_2120314120_600_800_mask.png,5
1,4,3,8,141,434,144,442,141,434,144,434,144,442,141,442,sub_line_text,table_text,table_0,raleway,bold,7.0,pai_3cols_20211228_152908_2120314120_600_800.png,/scratch/parceirosbr/bigoilict/share/BigOil/document_generator/datasets/documents_2021_12_28/pai_3cols_20211228_152908_2120314120_600_800.png,pai_3cols_20211228_152908_2120314120_600_800_mask.png,5
1,4,3,8,141,445,144,453,141,445,144,445,144,453,141,453,text,table_text,table_0,raleway,bold,7.0,pai_3cols_20211228_152908_2120314120_600_800.png,/scratch/parceirosbr/bigoilict/share/BigOil/document_generator/datasets/documents_2021_12_28/pai_3cols_20211228_152908_2120314120_600_800.png,pai_3cols_20211228_152908_2120314120_600_800_mask.png,9
1,4,3,8,141,445,144,453,141,445,144,445,144,453,141,453,sub_line_text,table_text,table_0,raleway,bold,7.0,pai_3cols_20211228_152908_2120314120_600_800.png,/scratch/parceirosbr/bigoilict/share/BigOil/document_generator/datasets/documents_2021_12_28/pai_3cols_20211228_152908_2120314120_600_800.png,pai_3cols_20211228_152908_2120314120_600_800_mask.png,9
1,4,3,8,141,457,144,465,141,457,144,457,144,465,141,465,text,table_text,table_0,raleway,bold,7.0,pai_3cols_20211228_152908_2120314120_600_800.png,/scratch/parceirosbr/bigoilict/share/BigOil/document_generator/datasets/documents_2021_12_28/pai_3cols_20211228_152908_2120314120_600_800.png,pai_3cols_20211228_152908_2120314120_600_800_mask.png,1
1,4,3,8,141,457,144,465,141,457,144,457,144,465,141,465,sub_line_text,table_text,table_0,raleway,bold,7.0,pai_3cols_20211228_152908_2120314120_600_800.png,/scratch/parceirosbr/bigoilict/share/BigOil/document_generator/datasets/documents_2021_12_28/pai_3cols_20211228_152908_2120314120_600_800.png,pai_3cols_20211228_152908_2120314120_600_800_mask.png,1
1,4,3,8,141,469,144,477,141,469,144,469,144,477,141,477,text,table_text,table_0,raleway,bold,7.0,pai_3cols_20211228_152908_2120314120_600_800.png,/scratch/parceirosbr/bigoilict/share/BigOil/document_generator/datasets/documents_2021_12_28/pai_3cols_20211228_152908_2120314120_600_800.png,pai_3cols_20211228_152908_2120314120_600_800_mask.png,9
1,4,3,8,141,469,144,477,141,469,144,469,144,477,141,477,sub_line_text,table_text,table_0,raleway,bold,7.0,pai_3cols_20211228_152908_2120314120_600_800.png,/scratch/parceirosbr/bigoilict/share/BigOil/document_generator/datasets/documents_2021_12_28/pai_3cols_20211228_152908_2120314120_600_800.png,pai_3cols_20211228_152908_2120314120_600_800_mask.png,9
1,4,3,8,141,481,144,489,141,481,144,481,144,489,141,489,text,table_text,table_0,raleway,bold,7.0,pai_3cols_20211228_152908_2120314120_600_800.png,/scratch/parceirosbr/bigoilict/share/BigOil/document_generator/datasets/documents_2021_12_28/pai_3cols_20211228_152908_2120314120_600_800.png,pai_3cols_20211228_152908_2120314120_600_800_mask.png,1
1,4,3,8,141,481,144,489,141,481,144,481,144,489,141,489,sub_line_text,table_text,table_0,raleway,bold,7.0,pai_3cols_20211228_152908_2120314120_600_800.png,/scratch/parceirosbr/bigoilict/share/BigOil/document_generator/datasets/documents_2021_12_28/pai_3cols_20211228_152908_2120314120_600_800.png,pai_3cols_20211228_152908_2120314120_600_800_mask.png,1
1,4,3,8,141,492,144,500,141,492,144,492,144,500,141,500,text,table_text,table_0,raleway,bold,7.0,pai_3cols_20211228_152908_2120314120_600_800.png,/scratch/parceirosbr/bigoilict/share/BigOil/document_generator/datasets/documents_2021_12_28/pai_3cols_20211228_152908_2120314120_600_800.png,pai_3cols_20211228_152908_2120314120_600_800_mask.png,4
1,4,3,8,141,492,144,500,141,492,144,492,144,500,141,500,sub_line_text,table_text,table_0,raleway,bold,7.0,pai_3cols_20211228_152908_2120314120_600_800.png,/scratch/parceirosbr/bigoilict/share/BigOil/document_generator/datasets/documents_2021_12_28/pai_3cols_20211228_152908_2120314120_600_800.png,pai_3cols_20211228_152908_2120314120_600_800_mask.png,4
1,4,3,8,141,504,144,512,141,504,144,504,144,512,141,512,text,table_text,table_0,raleway,bold,7.0,pai_3cols_20211228_152908_2120314120_600_800.png,/scratch/parceirosbr/bigoilict/share/BigOil/document_generator/datasets/documents_2021_12_28/pai_3cols_20211228_152908_2120314120_600_800.png,pai_3cols_20211228_152908_2120314120_600_800_mask.png,5
1,4,3,8,141,504,144,512,141,504,144,504,144,512,141,512,sub_line_text,table_text,table_0,raleway,bold,7.0,pai_3cols_20211228_152908_2120314120_600_800.png,/scratch/parceirosbr/bigoilict/share/BigOil/document_generator/datasets/documents_2021_12_28/pai_3cols_20211228_152908_2120314120_600_800.png,pai_3cols_20211228_152908_2120314120_600_800_mask.png,5
1,4,3,8,141,516,144,524,141,516,144,516,144,524,141,524,text,table_text,table_0,raleway,bold,7.0,pai_3cols_20211228_152908_2120314120_600_800.png,/scratch/parceirosbr/bigoilict/share/BigOil/document_generator/datasets/documents_2021_12_28/pai_3cols_20211228_152908_2120314120_600_800.png,pai_3cols_20211228_152908_2120314120_600_800_mask.png,5
1,4,3,8,141,516,144,524,141,516,144,516,144,524,141,524,sub_line_text,table_text,table_0,raleway,bold,7.0,pai_3cols_20211228_152908_2120314120_600_800.png,/scratch/parceirosbr/bigoilict/share/BigOil/document_generator/datasets/documents_2021_12_28/pai_3cols_20211228_152908_2120314120_600_800.png,pai_3cols_20211228_152908_2120314120_600_800_mask.png,5
1,4,3,8,202,528,205,536,202,528,205,528,205,536,202,536,text,table_text,table_0,raleway,regular,7.0,pai_3cols_20211228_152908_2120314120_600_800.png,/scratch/parceirosbr/bigoilict/share/BigOil/document_generator/datasets/documents_2021_12_28/pai_3cols_20211228_152908_2120314120_600_800.png,pai_3cols_20211228_152908_2120314120_600_800_mask.png,7
1,4,3,8,202,528,205,536,202,528,205,528,205,536,202,536,sub_line_text,table_text,table_0,raleway,regular,7.0,pai_3cols_20211228_152908_2120314120_600_800.png,/scratch/parceirosbr/bigoilict/share/BigOil/document_generator/datasets/documents_2021_12_28/pai_3cols_20211228_152908_2120314120_600_800.png,pai_3cols_20211228_152908_2120314120_600_800_mask.png,7
10,4,21,8,184,280,205,288,184,280,205,280,205,288,184,288,text,table_text,table_0,raleway,regular,7.0,pai_3cols_20211228_152908_2120314120_600_800.png,/scratch/parceirosbr/bigoilict/share/BigOil/document_generator/datasets/documents_2021_12_28/pai_3cols_20211228_152908_2120314120_600_800.png,pai_3cols_20211228_152908_2120314120_600_800_mask.png,termos
10,4,21,8,184,280,205,288,184,280,205,280,205,288,184,288,sub_line_text,table_text,table_0,raleway,regular,7.0,pai_3cols_20211228_152908_2120314120_600_800.png,/scratch/parceirosbr/bigoilict/share/BigOil/document_generator/datasets/documents_2021_12_28/pai_3cols_20211228_152908_2120314120_600_800.png,pai_3cols_20211228_152908_2120314120_600_800_mask.png,termos
20,4,40,8,166,292,206,300,166,292,206,292,206,300,166,300,text,table_text,table_0,raleway,bold,7.0,pai_3cols_20211228_152908_2120314120_600_800.png,/scratch/parceirosbr/bigoilict/share/BigOil/document_generator/datasets/documents_2021_12_28/pai_3cols_20211228_152908_2120314120_600_800.png,pai_3cols_20211228_152908_2120314120_600_800_mask.png,808291983.0
20,4,40,8,166,292,206,300,166,292,206,292,206,300,166,300,sub_line_text,table_text,table_0,raleway,bold,7.0,pai_3cols_20211228_152908_2120314120_600_800.png,/scratch/parceirosbr/bigoilict/share/BigOil/document_generator/datasets/documents_2021_12_28/pai_3cols_20211228_152908_2120314120_600_800.png,pai_3cols_20211228_152908_2120314120_600_800_mask.png,808291983.0
19,4,39,8,167,304,206,312,167,304,206,304,206,312,167,312,text,table_text,table_0,raleway,bold,7.0,pai_3cols_20211228_152908_2120314120_600_800.png,/scratch/parceirosbr/bigoilict/share/BigOil/document_generator/datasets/documents_2021_12_28/pai_3cols_20211228_152908_2120314120_600_800.png,pai_3cols_20211228_152908_2120314120_600_800_mask.png,263741517.6
19,4,39,8,167,304,206,312,167,304,206,304,206,312,167,312,sub_line_text,table_text,table_0,raleway,bold,7.0,pai_3cols_20211228_152908_2120314120_600_800.png,/scratch/parceirosbr/bigoilict/share/BigOil/document_generator/datasets/documents_2021_12_28/pai_3cols_20211228_152908_2120314120_600_800.png,pai_3cols_20211228_152908_2120314120_600_800_mask.png,263741517.6
20,4,40,8,166,316,206,324,166,316,206,316,206,324,166,324,text,table_text,table_0,raleway,bold,7.0,pai_3cols_20211228_152908_2120314120_600_800.png,/scratch/parceirosbr/bigoilict/share/BigOil/document_generator/datasets/documents_2021_12_28/pai_3cols_20211228_152908_2120314120_600_800.png,pai_3cols_20211228_152908_2120314120_600_800_mask.png,653577001.9
20,4,40,8,166,316,206,324,166,316,206,316,206,324,166,324,sub_line_text,table_text,table_0,raleway,bold,7.0,pai_3cols_20211228_152908_2120314120_600_800.png,/scratch/parceirosbr/bigoilict/share/BigOil/document_generator/datasets/documents_2021_12_28/pai_3cols_20211228_152908_2120314120_600_800.png,pai_3cols_20211228_152908_2120314120_600_800_mask.png,653577001.9
19,4,39,8,167,328,206,336,167,328,206,328,206,336,167,336,text,table_text,table_0,raleway,bold,7.0,pai_3cols_20211228_152908_2120314120_600_800.png,/scratch/parceirosbr/bigoilict/share/BigOil/document_generator/datasets/documents_2021_12_28/pai_3cols_20211228_152908_2120314120_600_800.png,pai_3cols_20211228_152908_2120314120_600_800_mask.png,819284183.0
19,4,39,8,167,328,206,336,167,328,206,328,206,336,167,336,sub_line_text,table_text,table_0,raleway,bold,7.0,pai_3cols_20211228_152908_2120314120_600_800.png,/scratch/parceirosbr/bigoilict/share/BigOil/document_generator/datasets/documents_2021_12_28/pai_3cols_20211228_152908_2120314120_600_800.png,pai_3cols_20211228_152908_2120314120_600_800_mask.png,819284183.0
20,4,40,8,166,339,206,347,166,339,206,339,206,347,166,347,text,table_text,table_0,raleway,bold,7.0,pai_3cols_20211228_152908_2120314120_600_800.png,/scratch/parceirosbr/bigoilict/share/BigOil/document_generator/datasets/documents_2021_12_28/pai_3cols_20211228_152908_2120314120_600_800.png,pai_3cols_20211228_152908_2120314120_600_800_mask.png,822754017.1
20,4,40,8,166,339,206,347,166,339,206,339,206,347,166,347,sub_line_text,table_text,table_0,raleway,bold,7.0,pai_3cols_20211228_152908_2120314120_600_800.png,/scratch/parceirosbr/bigoilict/share/BigOil/document_generator/datasets/documents_2021_12_28/pai_3cols_20211228_152908_2120314120_600_800.png,pai_3cols_20211228_152908_2120314120_600_800_mask.png,822754017.1
20,4,40,8,166,351,206,359,166,351,206,351,206,359,166,359,text,table_text,table_0,raleway,bold,7.0,pai_3cols_20211228_152908_2120314120_600_800.png,/scratch/parceirosbr/bigoilict/share/BigOil/document_generator/datasets/documents_2021_12_28/pai_3cols_20211228_152908_2120314120_600_800.png,pai_3cols_20211228_152908_2120314120_600_800_mask.png,253618792.6
20,4,40,8,166,351,206,359,166,351,206,351,206,359,166,359,sub_line_text,table_text,table_0,raleway,bold,7.0,pai_3cols_20211228_152908_2120314120_600_800.png,/scratch/parceirosbr/bigoilict/share/BigOil/document_generator/datasets/documents_2021_12_28/pai_3cols_20211228_152908_2120314120_600_800.png,pai_3cols_20211228_152908_2120314120_600_800_mask.png,253618792.6
20,4,41,8,165,363,206,371,165,363,206,363,206,371,165,371,text,table_text,table_0,raleway,bold,7.0,pai_3cols_20211228_152908_2120314120_600_800.png,/scratch/parceirosbr/bigoilict/share/BigOil/document_generator/datasets/documents_2021_12_28/pai_3cols_20211228_152908_2120314120_600_800.png,pai_3cols_20211228_152908_2120314120_600_800_mask.png,635672737.0
20,4,41,8,165,363,206,371,165,363,206,363,206,371,165,371,sub_line_text,table_text,table_0,raleway,bold,7.0,pai_3cols_20211228_152908_2120314120_600_800.png,/scratch/parceirosbr/bigoilict/share/BigOil/document_generator/datasets/documents_2021_12_28/pai_3cols_20211228_152908_2120314120_600_800.png,pai_3cols_20211228_152908_2120314120_600_800_mask.png,635672737.0
19,4,39,8,167,375,206,383,167,375,206,375,206,383,167,383,text,table_text,table_0,raleway,bold,7.0,pai_3cols_20211228_152908_2120314120_600_800.png,/scratch/parceirosbr/bigoilict/share/BigOil/document_generator/datasets/documents_2021_12_28/pai_3cols_20211228_152908_2120314120_600_800.png,pai_3cols_20211228_152908_2120314120_600_800_mask.png,715081564.7
19,4,39,8,167,375,206,383,167,375,206,375,206,383,167,383,sub_line_text,table_text,table_0,raleway,bold,7.0,pai_3cols_20211228_152908_2120314120_600_800.png,/scratch/parceirosbr/bigoilict/share/BigOil/document_generator/datasets/documents_2021_12_28/pai_3cols_20211228_152908_2120314120_600_800.png,pai_3cols_20211228_152908_2120314120_600_800_mask.png,715081564.7
20,4,41,8,165,386,206,394,165,386,206,386,206,394,165,394,text,table_text,table_0,raleway,bold,7.0,pai_3cols_20211228_152908_2120314120_600_800.png,/scratch/parceirosbr/bigoilict/share/BigOil/document_generator/datasets/documents_2021_12_28/pai_3cols_20211228_152908_2120314120_600_800.png,pai_3cols_20211228_152908_2120314120_600_800_mask.png,744856549.7
20,4,41,8,165,386,206,394,165,386,206,386,206,394,165,394,sub_line_text,table_text,table_0,raleway,bold,7.0,pai_3cols_20211228_152908_2120314120_600_800.png,/scratch/parceirosbr/bigoilict/share/BigOil/document_generator/datasets/documents_2021_12_28/pai_3cols_20211228_152908_2120314120_600_800.png,pai_3cols_20211228_152908_2120314120_600_800_mask.png,744856549.7
20,4,41,8,165,398,206,406,165,398,206,398,206,406,165,406,text,table_text,table_0,raleway,bold,7.0,pai_3cols_20211228_152908_2120314120_600_800.png,/scratch/parceirosbr/bigoilict/share/BigOil/document_generator/datasets/documents_2021_12_28/pai_3cols_20211228_152908_2120314120_600_800.png,pai_3cols_20211228_152908_2120314120_600_800_mask.png,394894509.6
20,4,41,8,165,398,206,406,165,398,206,398,206,406,165,406,sub_line_text,table_text,table_0,raleway,bold,7.0,pai_3cols_20211228_152908_2120314120_600_800.png,/scratch/parceirosbr/bigoilict/share/BigOil/document_generator/datasets/documents_2021_12_28/pai_3cols_20211228_152908_2120314120_600_800.png,pai_3cols_20211228_152908_2120314120_600_800_mask.png,394894509.6
20,4,40,8,166,410,206,418,166,410,206,410,206,418,166,418,text,table_text,table_0,raleway,bold,7.0,pai_3cols_20211228_152908_2120314120_600_800.png,/scratch/parceirosbr/bigoilict/share/BigOil/document_generator/datasets/documents_2021_12_28/pai_3cols_20211228_152908_2120314120_600_800.png,pai_3cols_20211228_152908_2120314120_600_800_mask.png,489627019.9
20,4,40,8,166,410,206,418,166,410,206,410,206,418,166,418,sub_line_text,table_text,table_0,raleway,bold,7.0,pai_3cols_20211228_152908_2120314120_600_800.png,/scratch/parceirosbr/bigoilict/share/BigOil/document_generator/datasets/documents_2021_12_28/pai_3cols_20211228_152908_2120314120_600_800.png,pai_3cols_20211228_152908_2120314120_600_800_mask.png,489627019.9
20,4,41,8,165,422,206,430,165,422,206,422,206,430,165,430,text,table_text,table_0,raleway,bold,7.0,pai_3cols_20211228_152908_2120314120_600_800.png,/scratch/parceirosbr/bigoilict/share/BigOil/document_generator/datasets/documents_2021_12_28/pai_3cols_20211228_152908_2120314120_600_800.png,pai_3cols_20211228_152908_2120314120_600_800_mask.png,625756558.7
20,4,41,8,165,422,206,430,165,422,206,422,206,430,165,430,sub_line_text,table_text,table_0,raleway,bold,7.0,pai_3cols_20211228_152908_2120314120_600_800.png,/scratch/parceirosbr/bigoilict/share/BigOil/document_generator/datasets/documents_2021_12_28/pai_3cols_20211228_152908_2120314120_600_800.png,pai_3cols_20211228_152908_2120314120_600_800_mask.png,625756558.7
20,4,41,8,165,434,206,442,165,434,206,434,206,442,165,442,text,table_text,table_0,raleway,bold,7.0,pai_3cols_20211228_152908_2120314120_600_800.png,/scratch/parceirosbr/bigoilict/share/BigOil/document_generator/datasets/documents_2021_12_28/pai_3cols_20211228_152908_2120314120_600_800.png,pai_3cols_20211228_152908_2120314120_600_800_mask.png,374025387.8
20,4,41,8,165,434,206,442,165,434,206,434,206,442,165,442,sub_line_text,table_text,table_0,raleway,bold,7.0,pai_3cols_20211228_152908_2120314120_600_800.png,/scratch/parceirosbr/bigoilict/share/BigOil/document_generator/datasets/documents_2021_12_28/pai_3cols_20211228_152908_2120314120_600_800.png,pai_3cols_20211228_152908_2120314120_600_800_mask.png,374025387.8
19,4,39,8,167,445,206,453,167,445,206,445,206,453,167,453,text,table_text,table_0,raleway,bold,7.0,pai_3cols_20211228_152908_2120314120_600_800.png,/scratch/parceirosbr/bigoilict/share/BigOil/document_generator/datasets/documents_2021_12_28/pai_3cols_20211228_152908_2120314120_600_800.png,pai_3cols_20211228_152908_2120314120_600_800_mask.png,595713251.0
19,4,39,8,167,445,206,453,167,445,206,445,206,453,167,453,sub_line_text,table_text,table_0,raleway,bold,7.0,pai_3cols_20211228_152908_2120314120_600_800.png,/scratch/parceirosbr/bigoilict/share/BigOil/document_generator/datasets/documents_2021_12_28/pai_3cols_20211228_152908_2120314120_600_800.png,pai_3cols_20211228_152908_2120314120_600_800_mask.png,595713251.0
19,4,39,8,167,457,206,465,167,457,206,457,206,465,167,465,text,table_text,table_0,raleway,bold,7.0,pai_3cols_20211228_152908_2120314120_600_800.png,/scratch/parceirosbr/bigoilict/share/BigOil/document_generator/datasets/documents_2021_12_28/pai_3cols_20211228_152908_2120314120_600_800.png,pai_3cols_20211228_152908_2120314120_600_800_mask.png,216194469.2
19,4,39,8,167,457,206,465,167,457,206,457,206,465,167,465,sub_line_text,table_text,table_0,raleway,bold,7.0,pai_3cols_20211228_152908_2120314120_600_800.png,/scratch/parceirosbr/bigoilict/share/BigOil/document_generator/datasets/documents_2021_12_28/pai_3cols_20211228_152908_2120314120_600_800.png,pai_3cols_20211228_152908_2120314120_600_800_mask.png,216194469.2
19,4,39,8,167,469,206,477,167,469,206,469,206,477,167,477,text,table_text,table_0,raleway,bold,7.0,pai_3cols_20211228_152908_2120314120_600_800.png,/scratch/parceirosbr/bigoilict/share/BigOil/document_generator/datasets/documents_2021_12_28/pai_3cols_20211228_152908_2120314120_600_800.png,pai_3cols_20211228_152908_2120314120_600_800_mask.png,167671376.3
19,4,39,8,167,469,206,477,167,469,206,469,206,477,167,477,sub_line_text,table_text,table_0,raleway,bold,7.0,pai_3cols_20211228_152908_2120314120_600_800.png,/scratch/parceirosbr/bigoilict/share/BigOil/document_generator/datasets/documents_2021_12_28/pai_3cols_20211228_152908_2120314120_600_800.png,pai_3cols_20211228_152908_2120314120_600_800_mask.png,167671376.3
19,4,38,8,167,481,205,489,167,481,205,481,205,489,167,489,text,table_text,table_0,raleway,bold,7.0,pai_3cols_20211228_152908_2120314120_600_800.png,/scratch/parceirosbr/bigoilict/share/BigOil/document_generator/datasets/documents_2021_12_28/pai_3cols_20211228_152908_2120314120_600_800.png,pai_3cols_20211228_152908_2120314120_600_800_mask.png,117164305.6
19,4,38,8,167,481,205,489,167,481,205,481,205,489,167,489,sub_line_text,table_text,table_0,raleway,bold,7.0,pai_3cols_20211228_152908_2120314120_600_800.png,/scratch/parceirosbr/bigoilict/share/BigOil/document_generator/datasets/documents_2021_12_28/pai_3cols_20211228_152908_2120314120_600_800.png,pai_3cols_20211228_152908_2120314120_600_800_mask.png,117164305.6
19,4,39,8,167,492,206,500,167,492,206,492,206,500,167,500,text,table_text,table_0,raleway,bold,7.0,pai_3cols_20211228_152908_2120314120_600_800.png,/scratch/parceirosbr/bigoilict/share/BigOil/document_generator/datasets/documents_2021_12_28/pai_3cols_20211228_152908_2120314120_600_800.png,pai_3cols_20211228_152908_2120314120_600_800_mask.png,446151686.5
19,4,39,8,167,492,206,500,167,492,206,492,206,500,167,500,sub_line_text,table_text,table_0,raleway,bold,7.0,pai_3cols_20211228_152908_2120314120_600_800.png,/scratch/parceirosbr/bigoilict/share/BigOil/document_generator/datasets/documents_2021_12_28/pai_3cols_20211228_152908_2120314120_600_800.png,pai_3cols_20211228_152908_2120314120_600_800_mask.png,446151686.5
20,4,41,8,165,504,206,512,165,504,206,504,206,512,165,512,text,table_text,table_0,raleway,bold,7.0,pai_3cols_20211228_152908_2120314120_600_800.png,/scratch/parceirosbr/bigoilict/share/BigOil/document_generator/datasets/documents_2021_12_28/pai_3cols_20211228_152908_2120314120_600_800.png,pai_3cols_20211228_152908_2120314120_600_800_mask.png,365072386.4
20,4,41,8,165,504,206,512,165,504,206,504,206,512,165,512,sub_line_text,table_text,table_0,raleway,bold,7.0,pai_3cols_20211228_152908_2120314120_600_800.png,/scratch/parceirosbr/bigoilict/share/BigOil/document_generator/datasets/documents_2021_12_28/pai_3cols_20211228_152908_2120314120_600_800.png,pai_3cols_20211228_152908_2120314120_600_800_mask.png,365072386.4
20,4,40,8,166,516,206,524,166,516,206,516,206,524,166,524,text,table_text,table_0,raleway,bold,7.0,pai_3cols_20211228_152908_2120314120_600_800.png,/scratch/parceirosbr/bigoilict/share/BigOil/document_generator/datasets/documents_2021_12_28/pai_3cols_20211228_152908_2120314120_600_800.png,pai_3cols_20211228_152908_2120314120_600_800_mask.png,265891024.5
20,4,40,8,166,516,206,524,166,516,206,516,206,524,166,524,sub_line_text,table_text,table_0,raleway,bold,7.0,pai_3cols_20211228_152908_2120314120_600_800.png,/scratch/parceirosbr/bigoilict/share/BigOil/document_generator/datasets/documents_2021_12_28/pai_3cols_20211228_152908_2120314120_600_800.png,pai_3cols_20211228_152908_2120314120_600_800_mask.png,265891024.5
43,4,87,8,83,545,170,553,83,545,170,545,170,553,83,553,sub_line_text,table_legend,table_0,raleway,bold,6,pai_3cols_20211228_152908_2120314120_600_800.png,/scratch/parceirosbr/bigoilict/share/BigOil/document_generator/datasets/documents_2021_12_28/pai_3cols_20211228_152908_2120314120_600_800.png,pai_3cols_20211228_152908_2120314120_600_800_mask.png,"Tabela 23: Feito isso, a amostra"
43,4,87,8,83,545,170,553,83,545,170,545,170,553,83,553,text,table_legend,table_0,raleway,bold,6,pai_3cols_20211228_152908_2120314120_600_800.png,/scratch/parceirosbr/bigoilict/share/BigOil/document_generator/datasets/documents_2021_12_28/pai_3cols_20211228_152908_2120314120_600_800.png,pai_3cols_20211228_152908_2120314120_600_800_mask.png,nan
47,4,95,8,83,554,178,562,83,554,178,554,178,562,83,562,sub_line_text,table_legend,table_0,raleway,bold,6,pai_3cols_20211228_152908_2120314120_600_800.png,/scratch/parceirosbr/bigoilict/share/BigOil/document_generator/datasets/documents_2021_12_28/pai_3cols_20211228_152908_2120314120_600_800.png,pai_3cols_20211228_152908_2120314120_600_800_mask.png,Tabela 128: O maior diâmetro das
47,4,95,8,83,554,178,562,83,554,178,554,178,562,83,562,text,table_legend,table_0,raleway,bold,6,pai_3cols_20211228_152908_2120314120_600_800.png,/scratch/parceirosbr/bigoilict/share/BigOil/document_generator/datasets/documents_2021_12_28/pai_3cols_20211228_152908_2120314120_600_800.png,pai_3cols_20211228_152908_2120314120_600_800_mask.png,nan
55,4,111,9,97,568,208,577,97,568,208,568,208,577,97,577,sub_line_text,text,text_1,raleway,regular,7,pai_3cols_20211228_152908_2120314120_600_800.png,/scratch/parceirosbr/bigoilict/share/BigOil/document_generator/datasets/documents_2021_12_28/pai_3cols_20211228_152908_2120314120_600_800.png,pai_3cols_20211228_152908_2120314120_600_800_mask.png,O    projeto   desta   semissubmers-
62,4,124,9,83,582,207,591,83,582,207,582,207,591,83,591,sub_line_text,text,text_1,raleway,regular,7,pai_3cols_20211228_152908_2120314120_600_800.png,/scratch/parceirosbr/bigoilict/share/BigOil/document_generator/datasets/documents_2021_12_28/pai_3cols_20211228_152908_2120314120_600_800.png,pai_3cols_20211228_152908_2120314120_600_800_mask.png,ível  é  de  uma época em que não era
62,4,125,9,83,596,208,605,83,596,208,596,208,605,83,605,sub_line_text,text,text_1,raleway,regular,7,pai_3cols_20211228_152908_2120314120_600_800.png,/scratch/parceirosbr/bigoilict/share/BigOil/document_generator/datasets/documents_2021_12_28/pai_3cols_20211228_152908_2120314120_600_800.png,pai_3cols_20211228_152908_2120314120_600_800_mask.png,usual  a  verificação  de  fadiga  com o
62,4,124,9,83,610,207,619,83,610,207,610,207,619,83,619,sub_line_text,text,text_1,raleway,regular,7,pai_3cols_20211228_152908_2120314120_600_800.png,/scratch/parceirosbr/bigoilict/share/BigOil/document_generator/datasets/documents_2021_12_28/pai_3cols_20211228_152908_2120314120_600_800.png,pai_3cols_20211228_152908_2120314120_600_800_mask.png,detalhamento  que  é  realizada  atual-
62,4,124,9,83,624,207,633,83,624,207,624,207,633,83,633,sub_line_text,text,text_1,raleway,regular,7,pai_3cols_20211228_152908_2120314120_600_800.png,/scratch/parceirosbr/bigoilict/share/BigOil/document_generator/datasets/documents_2021_12_28/pai_3cols_20211228_152908_2120314120_600_800.png,pai_3cols_20211228_152908_2120314120_600_800_mask.png,"mente.   Na   atualidade,   a  petrolífera"
62,4,125,9,83,638,208,647,83,638,208,638,208,647,83,647,sub_line_text,text,text_1,raleway,regular,7,pai_3cols_20211228_152908_2120314120_600_800.png,/scratch/parceirosbr/bigoilict/share/BigOil/document_generator/datasets/documents_2021_12_28/pai_3cols_20211228_152908_2120314120_600_800.png,pai_3cols_20211228_152908_2120314120_600_800_mask.png,russa   possui   acordo   com   a  estatal
55,4,111,9,83,652,194,661,83,652,194,652,194,661,83,661,sub_line_text,text,text_1,raleway,regular,7,pai_3cols_20211228_152908_2120314120_600_800.png,/scratch/parceirosbr/bigoilict/share/BigOil/document_generator/datasets/documents_2021_12_28/pai_3cols_20211228_152908_2120314120_600_800.png,pai_3cols_20211228_152908_2120314120_600_800_mask.png,"chinesa. Na 48, os pontos represen."
62,46,125,93,83,568,208,661,83,568,208,568,208,661,83,661,text,text,text_1,raleway,regular,7,pai_3cols_20211228_152908_2120314120_600_800.png,/scratch/parceirosbr/bigoilict/share/BigOil/document_generator/datasets/documents_2021_12_28/pai_3cols_20211228_152908_2120314120_600_800.png,pai_3cols_20211228_152908_2120314120_600_800_mask.png,nan
55,4,111,9,97,667,208,676,97,667,208,667,208,676,97,676,sub_line_text,text,text_2,raleway,regular,7,pai_3cols_20211228_152908_2120314120_600_800.png,/scratch/parceirosbr/bigoilict/share/BigOil/document_generator/datasets/documents_2021_12_28/pai_3cols_20211228_152908_2120314120_600_800.png,pai_3cols_20211228_152908_2120314120_600_800_mask.png,Esses     seis    estados    detiveram
62,4,125,9,83,681,208,690,83,681,208,681,208,690,83,690,sub_line_text,text,text_2,raleway,regular,7,pai_3cols_20211228_152908_2120314120_600_800.png,/scratch/parceirosbr/bigoilict/share/BigOil/document_generator/datasets/documents_2021_12_28/pai_3cols_20211228_152908_2120314120_600_800.png,pai_3cols_20211228_152908_2120314120_600_800_mask.png,"92%  da  produção  brasileira,  enquan-"
56,4,113,9,83,695,196,704,83,695,196,695,196,704,83,704,sub_line_text,text,text_2,raleway,regular,7,pai_3cols_20211228_152908_2120314120_600_800.png,/scratch/parceirosbr/bigoilict/share/BigOil/document_generator/datasets/documents_2021_12_28/pai_3cols_20211228_152908_2120314120_600_800.png,pai_3cols_20211228_152908_2120314120_600_800_mask.png,to os da região responderam por ce.
62,18,125,37,83,667,208,704,83,667,208,667,208,704,83,704,text,text,text_2,raleway,regular,7,pai_3cols_20211228_152908_2120314120_600_800.png,/scratch/parceirosbr/bigoilict/share/BigOil/document_generator/datasets/documents_2021_12_28/pai_3cols_20211228_152908_2120314120_600_800.png,pai_3cols_20211228_152908_2120314120_600_800_mask.png,nan
51,5,102,11,257,82,359,93,257,82,359,82,359,93,257,93,sub_line_text,subsubtitle,subsubtitle_1,raleway,bolditalic,9,pai_3cols_20211228_152908_2120314120_600_800.png,/scratch/parceirosbr/bigoilict/share/BigOil/document_generator/datasets/documents_2021_12_28/pai_3cols_20211228_152908_2120314120_600_800.png,pai_3cols_20211228_152908_2120314120_600_800_mask.png,Pessoal de que estavam
51,5,102,11,257,82,359,93,257,82,359,82,359,93,257,93,title,subsubtitle,subsubtitle_1,raleway,bolditalic,9,pai_3cols_20211228_152908_2120314120_600_800.png,/scratch/parceirosbr/bigoilict/share/BigOil/document_generator/datasets/documents_2021_12_28/pai_3cols_20211228_152908_2120314120_600_800.png,pai_3cols_20211228_152908_2120314120_600_800_mask.png,nan
64,38,128,76,244,106,372,182,244,106,372,106,372,182,244,182,image,figure_image,figure_0,,,,pai_3cols_20211228_152908_2120314120_600_800.png,/scratch/parceirosbr/bigoilict/share/BigOil/document_generator/datasets/documents_2021_12_28/pai_3cols_20211228_152908_2120314120_600_800.png,pai_3cols_20211228_152908_2120314120_600_800_mask.png,output/gen_img_20211228_152910_6212162105.png
3,1,6,2,305,176,311,178,305,176,311,176,311,178,305,178,text,figure_text,figure_0,,,,pai_3cols_20211228_152908_2120314120_600_800.png,/scratch/parceirosbr/bigoilict/share/BigOil/document_generator/datasets/documents_2021_12_28/pai_3cols_20211228_152908_2120314120_600_800.png,pai_3cols_20211228_152908_2120314120_600_800_mask.png,-5527
3,1,6,2,305,176,311,178,305,176,311,176,311,178,305,178,sub_line_text,figure_text,figure_0,,,,pai_3cols_20211228_152908_2120314120_600_800.png,/scratch/parceirosbr/bigoilict/share/BigOil/document_generator/datasets/documents_2021_12_28/pai_3cols_20211228_152908_2120314120_600_800.png,pai_3cols_20211228_152908_2120314120_600_800_mask.png,-5527
4,1,9,3,356,119,365,122,356,119,365,119,365,122,356,122,text,figure_text,figure_0,,,,pai_3cols_20211228_152908_2120314120_600_800.png,/scratch/parceirosbr/bigoilict/share/BigOil/document_generator/datasets/documents_2021_12_28/pai_3cols_20211228_152908_2120314120_600_800.png,pai_3cols_20211228_152908_2120314120_600_800_mask.png,515.399
4,1,9,3,356,119,365,122,356,119,365,119,365,122,356,122,sub_line_text,figure_text,figure_0,,,,pai_3cols_20211228_152908_2120314120_600_800.png,/scratch/parceirosbr/bigoilict/share/BigOil/document_generator/datasets/documents_2021_12_28/pai_3cols_20211228_152908_2120314120_600_800.png,pai_3cols_20211228_152908_2120314120_600_800_mask.png,515.399
5,1,11,2,258,159,269,161,258,159,269,159,269,161,258,161,text,figure_text,figure_0,,,,pai_3cols_20211228_152908_2120314120_600_800.png,/scratch/parceirosbr/bigoilict/share/BigOil/document_generator/datasets/documents_2021_12_28/pai_3cols_20211228_152908_2120314120_600_800.png,pai_3cols_20211228_152908_2120314120_600_800_mask.png,-7202.3%
5,1,11,2,258,159,269,161,258,159,269,159,269,161,258,161,sub_line_text,figure_text,figure_0,,,,pai_3cols_20211228_152908_2120314120_600_800.png,/scratch/parceirosbr/bigoilict/share/BigOil/document_generator/datasets/documents_2021_12_28/pai_3cols_20211228_152908_2120314120_600_800.png,pai_3cols_20211228_152908_2120314120_600_800_mask.png,-7202.3%
7,1,15,3,265,172,280,175,265,172,280,172,280,175,265,175,text,figure_text,figure_0,,,,pai_3cols_20211228_152908_2120314120_600_800.png,/scratch/parceirosbr/bigoilict/share/BigOil/document_generator/datasets/documents_2021_12_28/pai_3cols_20211228_152908_2120314120_600_800.png,pai_3cols_20211228_152908_2120314120_600_800_mask.png,Demand [KB]
7,1,15,3,265,172,280,175,265,172,280,172,280,175,265,175,sub_line_text,figure_text,figure_0,,,,pai_3cols_20211228_152908_2120314120_600_800.png,/scratch/parceirosbr/bigoilict/share/BigOil/document_generator/datasets/documents_2021_12_28/pai_3cols_20211228_152908_2120314120_600_800.png,pai_3cols_20211228_152908_2120314120_600_800_mask.png,Demand [KB]
5,1,10,2,298,163,308,165,298,163,308,163,308,165,298,165,text,figure_text,figure_0,,,,pai_3cols_20211228_152908_2120314120_600_800.png,/scratch/parceirosbr/bigoilict/share/BigOil/document_generator/datasets/documents_2021_12_28/pai_3cols_20211228_152908_2120314120_600_800.png,pai_3cols_20211228_152908_2120314120_600_800_mask.png,Advance
5,1,10,2,298,163,308,165,298,163,308,163,308,165,298,165,sub_line_text,figure_text,figure_0,,,,pai_3cols_20211228_152908_2120314120_600_800.png,/scratch/parceirosbr/bigoilict/share/BigOil/document_generator/datasets/documents_2021_12_28/pai_3cols_20211228_152908_2120314120_600_800.png,pai_3cols_20211228_152908_2120314120_600_800_mask.png,Advance
6,1,12,3,305,150,317,153,305,150,317,150,317,153,305,153,text,figure_text,figure_0,,,,pai_3cols_20211228_152908_2120314120_600_800.png,/scratch/parceirosbr/bigoilict/share/BigOil/document_generator/datasets/documents_2021_12_28/pai_3cols_20211228_152908_2120314120_600_800.png,pai_3cols_20211228_152908_2120314120_600_800_mask.png,-4099.59%
6,1,12,3,305,150,317,153,305,150,317,150,317,153,305,153,sub_line_text,figure_text,figure_0,,,,pai_3cols_20211228_152908_2120314120_600_800.png,/scratch/parceirosbr/bigoilict/share/BigOil/document_generator/datasets/documents_2021_12_28/pai_3cols_20211228_152908_2120314120_600_800.png,pai_3cols_20211228_152908_2120314120_600_800_mask.png,-4099.59%
7,1,14,3,334,167,348,170,334,167,348,167,348,170,334,170,text,figure_text,figure_0,,,,pai_3cols_20211228_152908_2120314120_600_800.png,/scratch/parceirosbr/bigoilict/share/BigOil/document_generator/datasets/documents_2021_12_28/pai_3cols_20211228_152908_2120314120_600_800.png,pai_3cols_20211228_152908_2120314120_600_800_mask.png,Gender (BL)
7,1,14,3,334,167,348,170,334,167,348,167,348,170,334,170,sub_line_text,figure_text,figure_0,,,,pai_3cols_20211228_152908_2120314120_600_800.png,/scratch/parceirosbr/bigoilict/share/BigOil/document_generator/datasets/documents_2021_12_28/pai_3cols_20211228_152908_2120314120_600_800.png,pai_3cols_20211228_152908_2120314120_600_800_mask.png,Gender (BL)
8,1,16,2,303,167,319,169,303,167,319,167,319,169,303,169,text,figure_text,figure_0,,,,pai_3cols_20211228_152908_2120314120_600_800.png,/scratch/parceirosbr/bigoilict/share/BigOil/document_generator/datasets/documents_2021_12_28/pai_3cols_20211228_152908_2120314120_600_800.png,pai_3cols_20211228_152908_2120314120_600_800_mask.png,Concentration
8,1,16,2,303,167,319,169,303,167,319,167,319,169,303,169,sub_line_text,figure_text,figure_0,,,,pai_3cols_20211228_152908_2120314120_600_800.png,/scratch/parceirosbr/bigoilict/share/BigOil/document_generator/datasets/documents_2021_12_28/pai_3cols_20211228_152908_2120314120_600_800.png,pai_3cols_20211228_152908_2120314120_600_800_mask.png,Concentration
6,1,12,2,252,127,264,129,252,127,264,127,264,129,252,129,text,figure_text,figure_0,,,,pai_3cols_20211228_152908_2120314120_600_800.png,/scratch/parceirosbr/bigoilict/share/BigOil/document_generator/datasets/documents_2021_12_28/pai_3cols_20211228_152908_2120314120_600_800.png,pai_3cols_20211228_152908_2120314120_600_800_mask.png,Movement
6,1,12,2,252,127,264,129,252,127,264,127,264,129,252,129,sub_line_text,figure_text,figure_0,,,,pai_3cols_20211228_152908_2120314120_600_800.png,/scratch/parceirosbr/bigoilict/share/BigOil/document_generator/datasets/documents_2021_12_28/pai_3cols_20211228_152908_2120314120_600_800.png,pai_3cols_20211228_152908_2120314120_600_800_mask.png,Movement
3,1,7,2,293,139,300,141,293,139,300,139,300,141,293,141,text,figure_text,figure_0,,,,pai_3cols_20211228_152908_2120314120_600_800.png,/scratch/parceirosbr/bigoilict/share/BigOil/document_generator/datasets/documents_2021_12_28/pai_3cols_20211228_152908_2120314120_600_800.png,pai_3cols_20211228_152908_2120314120_600_800_mask.png,-5411
3,1,7,2,293,139,300,141,293,139,300,139,300,141,293,141,sub_line_text,figure_text,figure_0,,,,pai_3cols_20211228_152908_2120314120_600_800.png,/scratch/parceirosbr/bigoilict/share/BigOil/document_generator/datasets/documents_2021_12_28/pai_3cols_20211228_152908_2120314120_600_800.png,pai_3cols_20211228_152908_2120314120_600_800_mask.png,-5411
6,1,13,3,266,111,279,114,266,111,279,111,279,114,266,114,text,figure_text,figure_0,,,,pai_3cols_20211228_152908_2120314120_600_800.png,/scratch/parceirosbr/bigoilict/share/BigOil/document_generator/datasets/documents_2021_12_28/pai_3cols_20211228_152908_2120314120_600_800.png,pai_3cols_20211228_152908_2120314120_600_800_mask.png,Female (M)
6,1,13,3,266,111,279,114,266,111,279,111,279,114,266,114,sub_line_text,figure_text,figure_0,,,,pai_3cols_20211228_152908_2120314120_600_800.png,/scratch/parceirosbr/bigoilict/share/BigOil/document_generator/datasets/documents_2021_12_28/pai_3cols_20211228_152908_2120314120_600_800.png,pai_3cols_20211228_152908_2120314120_600_800_mask.png,Female (M)
3,1,6,2,285,112,291,114,285,112,291,112,291,114,285,114,text,figure_text,figure_0,,,,pai_3cols_20211228_152908_2120314120_600_800.png,/scratch/parceirosbr/bigoilict/share/BigOil/document_generator/datasets/documents_2021_12_28/pai_3cols_20211228_152908_2120314120_600_800.png,pai_3cols_20211228_152908_2120314120_600_800_mask.png,Profit
3,1,6,2,285,112,291,114,285,112,291,112,291,114,285,114,sub_line_text,figure_text,figure_0,,,,pai_3cols_20211228_152908_2120314120_600_800.png,/scratch/parceirosbr/bigoilict/share/BigOil/document_generator/datasets/documents_2021_12_28/pai_3cols_20211228_152908_2120314120_600_800.png,pai_3cols_20211228_152908_2120314120_600_800_mask.png,Profit
5,1,10,3,346,173,356,176,346,173,356,173,356,176,346,176,text,figure_text,figure_0,,,,pai_3cols_20211228_152908_2120314120_600_800.png,/scratch/parceirosbr/bigoilict/share/BigOil/document_generator/datasets/documents_2021_12_28/pai_3cols_20211228_152908_2120314120_600_800.png,pai_3cols_20211228_152908_2120314120_600_800_mask.png,-608.841
5,1,10,3,346,173,356,176,346,173,356,173,356,176,346,176,sub_line_text,figure_text,figure_0,,,,pai_3cols_20211228_152908_2120314120_600_800.png,/scratch/parceirosbr/bigoilict/share/BigOil/document_generator/datasets/documents_2021_12_28/pai_3cols_20211228_152908_2120314120_600_800.png,pai_3cols_20211228_152908_2120314120_600_800_mask.png,-608.841
53,4,106,8,244,187,350,195,244,187,350,187,350,195,244,195,sub_line_text,figure_legend,figure_0,raleway,bold,6,pai_3cols_20211228_152908_2120314120_600_800.png,/scratch/parceirosbr/bigoilict/share/BigOil/document_generator/datasets/documents_2021_12_28/pai_3cols_20211228_152908_2120314120_600_800.png,pai_3cols_20211228_152908_2120314120_600_800_mask.png,Figure 94: No   bloco   do  controle  de
33,4,66,8,273,200,339,208,273,200,339,200,339,208,273,208,sub_line_text,figure_legend,figure_0,raleway,bold,6,pai_3cols_20211228_152908_2120314120_600_800.png,/scratch/parceirosbr/bigoilict/share/BigOil/document_generator/datasets/documents_2021_12_28/pai_3cols_20211228_152908_2120314120_600_800.png,pai_3cols_20211228_152908_2120314120_600_800_mask.png,"nível, fica a equação da"
53,10,106,21,244,187,350,208,244,187,350,187,350,208,244,208,text,figure_legend,figure_0,raleway,bold,6,pai_3cols_20211228_152908_2120314120_600_800.png,/scratch/parceirosbr/bigoilict/share/BigOil/document_generator/datasets/documents_2021_12_28/pai_3cols_20211228_152908_2120314120_600_800.png,pai_3cols_20211228_152908_2120314120_600_800_mask.png,nan
50,4,100,8,244,211,344,219,244,211,344,211,344,219,244,219,sub_line_text,figure_legend,figure_0,raleway,bold,6,pai_3cols_20211228_152908_2120314120_600_800.png,/scratch/parceirosbr/bigoilict/share/BigOil/document_generator/datasets/documents_2021_12_28/pai_3cols_20211228_152908_2120314120_600_800.png,pai_3cols_20211228_152908_2120314120_600_800_mask.png,"Figure 70: Segundo   e,   a   razão  m-"
30,4,61,8,273,224,334,232,273,224,334,224,334,232,273,232,sub_line_text,figure_legend,figure_0,raleway,bold,6,pai_3cols_20211228_152908_2120314120_600_800.png,/scratch/parceirosbr/bigoilict/share/BigOil/document_generator/datasets/documents_2021_12_28/pai_3cols_20211228_152908_2120314120_600_800.png,pai_3cols_20211228_152908_2120314120_600_800_mask.png,olar está associada ao
50,10,100,21,244,211,344,232,244,211,344,211,344,232,244,232,text,figure_legend,figure_0,raleway,bold,6,pai_3cols_20211228_152908_2120314120_600_800.png,/scratch/parceirosbr/bigoilict/share/BigOil/document_generator/datasets/documents_2021_12_28/pai_3cols_20211228_152908_2120314120_600_800.png,pai_3cols_20211228_152908_2120314120_600_800_mask.png,nan
55,4,110,9,258,238,368,247,258,238,368,238,368,247,258,247,sub_line_text,text,text_3,raleway,regular,7,pai_3cols_20211228_152908_2120314120_600_800.png,/scratch/parceirosbr/bigoilict/share/BigOil/document_generator/datasets/documents_2021_12_28/pai_3cols_20211228_152908_2120314120_600_800.png,pai_3cols_20211228_152908_2120314120_600_800_mask.png,Num  contexto  regional  engloba-
62,4,124,9,244,252,368,261,244,252,368,252,368,261,244,261,sub_line_text,text,text_3,raleway,regular,7,pai_3cols_20211228_152908_2120314120_600_800.png,/scratch/parceirosbr/bigoilict/share/BigOil/document_generator/datasets/documents_2021_12_28/pai_3cols_20211228_152908_2120314120_600_800.png,pai_3cols_20211228_152908_2120314120_600_800_mask.png,"ndo  a  área  de  estudo,  et al process-"
62,4,124,9,244,266,368,275,244,266,368,266,368,275,244,275,sub_line_text,text,text_3,raleway,regular,7,pai_3cols_20211228_152908_2120314120_600_800.png,/scratch/parceirosbr/bigoilict/share/BigOil/document_generator/datasets/documents_2021_12_28/pai_3cols_20211228_152908_2120314120_600_800.png,pai_3cols_20211228_152908_2120314120_600_800_mask.png,aram  dados  geofísicos  de  gravimetr-
62,4,125,9,244,280,369,289,244,280,369,280,369,289,244,289,sub_line_text,text,text_3,raleway,regular,7,pai_3cols_20211228_152908_2120314120_600_800.png,/scratch/parceirosbr/bigoilict/share/BigOil/document_generator/datasets/documents_2021_12_28/pai_3cols_20211228_152908_2120314120_600_800.png,pai_3cols_20211228_152908_2120314120_600_800_mask.png,"ia    terrestres,   das   áreas   costeira   e"
62,4,125,9,244,294,369,303,244,294,369,294,369,303,244,303,sub_line_text,text,text_3,raleway,regular,7,pai_3cols_20211228_152908_2120314120_600_800.png,/scratch/parceirosbr/bigoilict/share/BigOil/document_generator/datasets/documents_2021_12_28/pai_3cols_20211228_152908_2120314120_600_800.png,pai_3cols_20211228_152908_2120314120_600_800_mask.png,"marinha,  da.  De  2014 a 2016, a empr-"
62,4,125,9,244,308,369,317,244,308,369,308,369,317,244,317,sub_line_text,text,text_3,raleway,regular,7,pai_3cols_20211228_152908_2120314120_600_800.png,/scratch/parceirosbr/bigoilict/share/BigOil/document_generator/datasets/documents_2021_12_28/pai_3cols_20211228_152908_2120314120_600_800.png,pai_3cols_20211228_152908_2120314120_600_800_mask.png,esa   oferecerá  150  bolsas  (50  por  a-
62,4,124,9,244,322,368,331,244,322,368,322,368,331,244,331,sub_line_text,text,text_3,raleway,regular,7,pai_3cols_20211228_152908_2120314120_600_800.png,/scratch/parceirosbr/bigoilict/share/BigOil/document_generator/datasets/documents_2021_12_28/pai_3cols_20211228_152908_2120314120_600_800.png,pai_3cols_20211228_152908_2120314120_600_800_mask.png,no)  divididas  entre  cursos  de  gradu-
62,4,125,9,244,336,369,345,244,336,369,336,369,345,244,345,sub_line_text,text,text_3,raleway,regular,7,pai_3cols_20211228_152908_2120314120_600_800.png,/scratch/parceirosbr/bigoilict/share/BigOil/document_generator/datasets/documents_2021_12_28/pai_3cols_20211228_152908_2120314120_600_800.png,pai_3cols_20211228_152908_2120314120_600_800_mask.png,ação   e  pós-graduação.  Também  se-
62,4,124,9,244,350,368,359,244,350,368,350,368,359,244,359,sub_line_text,text,text_3,raleway,regular,7,pai_3cols_20211228_152908_2120314120_600_800.png,/scratch/parceirosbr/bigoilict/share/BigOil/document_generator/datasets/documents_2021_12_28/pai_3cols_20211228_152908_2120314120_600_800.png,pai_3cols_20211228_152908_2120314120_600_800_mask.png,rão   desenvolvidos   os   sistemas  que
58,4,117,9,244,364,361,373,244,364,361,364,361,373,244,373,sub_line_text,text,text_3,raleway,regular,7,pai_3cols_20211228_152908_2120314120_600_800.png,/scratch/parceirosbr/bigoilict/share/BigOil/document_generator/datasets/documents_2021_12_28/pai_3cols_20211228_152908_2120314120_600_800.png,pai_3cols_20211228_152908_2120314120_600_800_mask.png,permitirão que o equipamento atinja.
62,67,125,135,244,238,369,373,244,238,369,238,369,373,244,373,text,text,text_3,raleway,regular,7,pai_3cols_20211228_152908_2120314120_600_800.png,/scratch/parceirosbr/bigoilict/share/BigOil/document_generator/datasets/documents_2021_12_28/pai_3cols_20211228_152908_2120314120_600_800.png,pai_3cols_20211228_152908_2120314120_600_800_mask.png,nan
62,88,124,176,246,379,370,555,246,379,370,379,370,555,246,555,table,table_image,table_0,,,,pai_3cols_20211228_152908_2120314120_600_800.png,/scratch/parceirosbr/bigoilict/share/BigOil/document_generator/datasets/documents_2021_12_28/pai_3cols_20211228_152908_2120314120_600_800.png,pai_3cols_20211228_152908_2120314120_600_800_mask.png,output/gen_tab_20211228_152912_6798191641.png
3,3,7,7,277,383,284,390,277,383,284,383,284,390,277,390,text,table_text,table_0,raleway,italic,7.0,pai_3cols_20211228_152908_2120314120_600_800.png,/scratch/parceirosbr/bigoilict/share/BigOil/document_generator/datasets/documents_2021_12_28/pai_3cols_20211228_152908_2120314120_600_800.png,pai_3cols_20211228_152908_2120314120_600_800_mask.png,as
3,3,7,7,277,383,284,390,277,383,284,383,284,390,277,390,sub_line_text,table_text,table_0,raleway,italic,7.0,pai_3cols_20211228_152908_2120314120_600_800.png,/scratch/parceirosbr/bigoilict/share/BigOil/document_generator/datasets/documents_2021_12_28/pai_3cols_20211228_152908_2120314120_600_800.png,pai_3cols_20211228_152908_2120314120_600_800_mask.png,as
11,4,23,8,269,397,292,405,269,397,292,397,292,405,269,405,text,table_text,table_0,raleway,bold,7.0,pai_3cols_20211228_152908_2120314120_600_800.png,/scratch/parceirosbr/bigoilict/share/BigOil/document_generator/datasets/documents_2021_12_28/pai_3cols_20211228_152908_2120314120_600_800.png,pai_3cols_20211228_152908_2120314120_600_800_mask.png,prática
11,4,23,8,269,397,292,405,269,397,292,397,292,405,269,405,sub_line_text,table_text,table_0,raleway,bold,7.0,pai_3cols_20211228_152908_2120314120_600_800.png,/scratch/parceirosbr/bigoilict/share/BigOil/document_generator/datasets/documents_2021_12_28/pai_3cols_20211228_152908_2120314120_600_800.png,pai_3cols_20211228_152908_2120314120_600_800_mask.png,prática
18,4,37,8,261,409,298,417,261,409,298,409,298,417,261,417,text,table_text,table_0,raleway,bold,7.0,pai_3cols_20211228_152908_2120314120_600_800.png,/scratch/parceirosbr/bigoilict/share/BigOil/document_generator/datasets/documents_2021_12_28/pai_3cols_20211228_152908_2120314120_600_800.png,pai_3cols_20211228_152908_2120314120_600_800_mask.png,indefinição
18,4,37,8,261,409,298,417,261,409,298,409,298,417,261,417,sub_line_text,table_text,table_0,raleway,bold,7.0,pai_3cols_20211228_152908_2120314120_600_800.png,/scratch/parceirosbr/bigoilict/share/BigOil/document_generator/datasets/documents_2021_12_28/pai_3cols_20211228_152908_2120314120_600_800.png,pai_3cols_20211228_152908_2120314120_600_800_mask.png,indefinição
13,4,26,8,267,420,293,428,267,420,293,420,293,428,267,428,text,table_text,table_0,raleway,bold,7.0,pai_3cols_20211228_152908_2120314120_600_800.png,/scratch/parceirosbr/bigoilict/share/BigOil/document_generator/datasets/documents_2021_12_28/pai_3cols_20211228_152908_2120314120_600_800.png,pai_3cols_20211228_152908_2120314120_600_800_mask.png,modelo
13,4,26,8,267,420,293,428,267,420,293,420,293,428,267,428,sub_line_text,table_text,table_0,raleway,bold,7.0,pai_3cols_20211228_152908_2120314120_600_800.png,/scratch/parceirosbr/bigoilict/share/BigOil/document_generator/datasets/documents_2021_12_28/pai_3cols_20211228_152908_2120314120_600_800.png,pai_3cols_20211228_152908_2120314120_600_800_mask.png,modelo
13,4,27,8,267,432,294,440,267,432,294,432,294,440,267,440,text,table_text,table_0,raleway,bold,7.0,pai_3cols_20211228_152908_2120314120_600_800.png,/scratch/parceirosbr/bigoilict/share/BigOil/document_generator/datasets/documents_2021_12_28/pai_3cols_20211228_152908_2120314120_600_800.png,pai_3cols_20211228_152908_2120314120_600_800_mask.png,máxima
13,4,27,8,267,432,294,440,267,432,294,432,294,440,267,440,sub_line_text,table_text,table_0,raleway,bold,7.0,pai_3cols_20211228_152908_2120314120_600_800.png,/scratch/parceirosbr/bigoilict/share/BigOil/document_generator/datasets/documents_2021_12_28/pai_3cols_20211228_152908_2120314120_600_800.png,pai_3cols_20211228_152908_2120314120_600_800_mask.png,máxima
5,4,10,8,275,444,285,452,275,444,285,444,285,452,275,452,text,table_text,table_0,raleway,bold,7.0,pai_3cols_20211228_152908_2120314120_600_800.png,/scratch/parceirosbr/bigoilict/share/BigOil/document_generator/datasets/documents_2021_12_28/pai_3cols_20211228_152908_2120314120_600_800.png,pai_3cols_20211228_152908_2120314120_600_800_mask.png,em
5,4,10,8,275,444,285,452,275,444,285,444,285,452,275,452,sub_line_text,table_text,table_0,raleway,bold,7.0,pai_3cols_20211228_152908_2120314120_600_800.png,/scratch/parceirosbr/bigoilict/share/BigOil/document_generator/datasets/documents_2021_12_28/pai_3cols_20211228_152908_2120314120_600_800.png,pai_3cols_20211228_152908_2120314120_600_800_mask.png,em
13,4,27,8,267,455,294,463,267,455,294,455,294,463,267,463,text,table_text,table_0,raleway,bold,7.0,pai_3cols_20211228_152908_2120314120_600_800.png,/scratch/parceirosbr/bigoilict/share/BigOil/document_generator/datasets/documents_2021_12_28/pai_3cols_20211228_152908_2120314120_600_800.png,pai_3cols_20211228_152908_2120314120_600_800_mask.png,elevado
13,4,27,8,267,455,294,463,267,455,294,455,294,463,267,463,sub_line_text,table_text,table_0,raleway,bold,7.0,pai_3cols_20211228_152908_2120314120_600_800.png,/scratch/parceirosbr/bigoilict/share/BigOil/document_generator/datasets/documents_2021_12_28/pai_3cols_20211228_152908_2120314120_600_800.png,pai_3cols_20211228_152908_2120314120_600_800_mask.png,elevado
15,4,31,8,265,467,296,475,265,467,296,467,296,475,265,475,text,table_text,table_0,raleway,bold,7.0,pai_3cols_20211228_152908_2120314120_600_800.png,/scratch/parceirosbr/bigoilict/share/BigOil/document_generator/datasets/documents_2021_12_28/pai_3cols_20211228_152908_2120314120_600_800.png,pai_3cols_20211228_152908_2120314120_600_800_mask.png,derivado
15,4,31,8,265,467,296,475,265,467,296,467,296,475,265,475,sub_line_text,table_text,table_0,raleway,bold,7.0,pai_3cols_20211228_152908_2120314120_600_800.png,/scratch/parceirosbr/bigoilict/share/BigOil/document_generator/datasets/documents_2021_12_28/pai_3cols_20211228_152908_2120314120_600_800.png,pai_3cols_20211228_152908_2120314120_600_800_mask.png,derivado
9,4,18,8,271,479,289,487,271,479,289,479,289,487,271,487,text,table_text,table_0,raleway,bold,7.0,pai_3cols_20211228_152908_2120314120_600_800.png,/scratch/parceirosbr/bigoilict/share/BigOil/document_generator/datasets/documents_2021_12_28/pai_3cols_20211228_152908_2120314120_600_800.png,pai_3cols_20211228_152908_2120314120_600_800_mask.png,vezes
9,4,18,8,271,479,289,487,271,479,289,479,289,487,271,487,sub_line_text,table_text,table_0,raleway,bold,7.0,pai_3cols_20211228_152908_2120314120_600_800.png,/scratch/parceirosbr/bigoilict/share/BigOil/document_generator/datasets/documents_2021_12_28/pai_3cols_20211228_152908_2120314120_600_800.png,pai_3cols_20211228_152908_2120314120_600_800_mask.png,vezes
18,4,36,8,261,490,297,498,261,490,297,490,297,498,261,498,text,table_text,table_0,raleway,bold,7.0,pai_3cols_20211228_152908_2120314120_600_800.png,/scratch/parceirosbr/bigoilict/share/BigOil/document_generator/datasets/documents_2021_12_28/pai_3cols_20211228_152908_2120314120_600_800.png,pai_3cols_20211228_152908_2120314120_600_800_mask.png,catalisador
18,4,36,8,261,490,297,498,261,490,297,490,297,498,261,498,sub_line_text,table_text,table_0,raleway,bold,7.0,pai_3cols_20211228_152908_2120314120_600_800.png,/scratch/parceirosbr/bigoilict/share/BigOil/document_generator/datasets/documents_2021_12_28/pai_3cols_20211228_152908_2120314120_600_800.png,pai_3cols_20211228_152908_2120314120_600_800_mask.png,catalisador
7,4,15,8,273,502,288,510,273,502,288,502,288,510,273,510,text,table_text,table_0,raleway,bold,7.0,pai_3cols_20211228_152908_2120314120_600_800.png,/scratch/parceirosbr/bigoilict/share/BigOil/document_generator/datasets/documents_2021_12_28/pai_3cols_20211228_152908_2120314120_600_800.png,pai_3cols_20211228_152908_2120314120_600_800_mask.png,caso
7,4,15,8,273,502,288,510,273,502,288,502,288,510,273,510,sub_line_text,table_text,table_0,raleway,bold,7.0,pai_3cols_20211228_152908_2120314120_600_800.png,/scratch/parceirosbr/bigoilict/share/BigOil/document_generator/datasets/documents_2021_12_28/pai_3cols_20211228_152908_2120314120_600_800.png,pai_3cols_20211228_152908_2120314120_600_800_mask.png,caso
12,4,25,8,267,514,292,522,267,514,292,514,292,522,267,522,text,table_text,table_0,raleway,bold,7.0,pai_3cols_20211228_152908_2120314120_600_800.png,/scratch/parceirosbr/bigoilict/share/BigOil/document_generator/datasets/documents_2021_12_28/pai_3cols_20211228_152908_2120314120_600_800.png,pai_3cols_20211228_152908_2120314120_600_800_mask.png,sentido
12,4,25,8,267,514,292,522,267,514,292,514,292,522,267,522,sub_line_text,table_text,table_0,raleway,bold,7.0,pai_3cols_20211228_152908_2120314120_600_800.png,/scratch/parceirosbr/bigoilict/share/BigOil/document_generator/datasets/documents_2021_12_28/pai_3cols_20211228_152908_2120314120_600_800.png,pai_3cols_20211228_152908_2120314120_600_800_mask.png,sentido
12,4,25,8,267,525,292,533,267,525,292,525,292,533,267,533,text,table_text,table_0,raleway,bold,7.0,pai_3cols_20211228_152908_2120314120_600_800.png,/scratch/parceirosbr/bigoilict/share/BigOil/document_generator/datasets/documents_2021_12_28/pai_3cols_20211228_152908_2120314120_600_800.png,pai_3cols_20211228_152908_2120314120_600_800_mask.png,reunião
12,4,25,8,267,525,292,533,267,525,292,525,292,533,267,533,sub_line_text,table_text,table_0,raleway,bold,7.0,pai_3cols_20211228_152908_2120314120_600_800.png,/scratch/parceirosbr/bigoilict/share/BigOil/document_generator/datasets/documents_2021_12_28/pai_3cols_20211228_152908_2120314120_600_800.png,pai_3cols_20211228_152908_2120314120_600_800_mask.png,reunião
18,4,36,8,261,537,297,545,261,537,297,537,297,545,261,545,text,table_text,table_0,raleway,bold,7.0,pai_3cols_20211228_152908_2120314120_600_800.png,/scratch/parceirosbr/bigoilict/share/BigOil/document_generator/datasets/documents_2021_12_28/pai_3cols_20211228_152908_2120314120_600_800.png,pai_3cols_20211228_152908_2120314120_600_800_mask.png,exploração
18,4,36,8,261,537,297,545,261,537,297,537,297,545,261,545,sub_line_text,table_text,table_0,raleway,bold,7.0,pai_3cols_20211228_152908_2120314120_600_800.png,/scratch/parceirosbr/bigoilict/share/BigOil/document_generator/datasets/documents_2021_12_28/pai_3cols_20211228_152908_2120314120_600_800.png,pai_3cols_20211228_152908_2120314120_600_800_mask.png,exploração
12,3,24,7,329,383,353,390,329,383,353,383,353,390,329,390,text,table_text,table_0,raleway,italic,7.0,pai_3cols_20211228_152908_2120314120_600_800.png,/scratch/parceirosbr/bigoilict/share/BigOil/document_generator/datasets/documents_2021_12_28/pai_3cols_20211228_152908_2120314120_600_800.png,pai_3cols_20211228_152908_2120314120_600_800_mask.png,hidratos
12,3,24,7,329,383,353,390,329,383,353,383,353,390,329,390,sub_line_text,table_text,table_0,raleway,italic,7.0,pai_3cols_20211228_152908_2120314120_600_800.png,/scratch/parceirosbr/bigoilict/share/BigOil/document_generator/datasets/documents_2021_12_28/pai_3cols_20211228_152908_2120314120_600_800.png,pai_3cols_20211228_152908_2120314120_600_800_mask.png,hidratos
15,4,31,8,325,397,356,405,325,397,356,397,356,405,325,405,text,table_text,table_0,raleway,bold,7.0,pai_3cols_20211228_152908_2120314120_600_800.png,/scratch/parceirosbr/bigoilict/share/BigOil/document_generator/datasets/documents_2021_12_28/pai_3cols_20211228_152908_2120314120_600_800.png,pai_3cols_20211228_152908_2120314120_600_800_mask.png,condutas
15,4,31,8,325,397,356,405,325,397,356,397,356,405,325,405,sub_line_text,table_text,table_0,raleway,bold,7.0,pai_3cols_20211228_152908_2120314120_600_800.png,/scratch/parceirosbr/bigoilict/share/BigOil/document_generator/datasets/documents_2021_12_28/pai_3cols_20211228_152908_2120314120_600_800.png,pai_3cols_20211228_152908_2120314120_600_800_mask.png,condutas
6,4,13,8,335,409,348,417,335,409,348,409,348,417,335,417,text,table_text,table_0,raleway,bold,7.0,pai_3cols_20211228_152908_2120314120_600_800.png,/scratch/parceirosbr/bigoilict/share/BigOil/document_generator/datasets/documents_2021_12_28/pai_3cols_20211228_152908_2120314120_600_800.png,pai_3cols_20211228_152908_2120314120_600_800_mask.png,tipo
6,4,13,8,335,409,348,417,335,409,348,409,348,417,335,417,sub_line_text,table_text,table_0,raleway,bold,7.0,pai_3cols_20211228_152908_2120314120_600_800.png,/scratch/parceirosbr/bigoilict/share/BigOil/document_generator/datasets/documents_2021_12_28/pai_3cols_20211228_152908_2120314120_600_800.png,pai_3cols_20211228_152908_2120314120_600_800_mask.png,tipo
5,4,10,8,336,420,346,428,336,420,346,420,346,428,336,428,text,table_text,table_0,raleway,bold,7.0,pai_3cols_20211228_152908_2120314120_600_800.png,/scratch/parceirosbr/bigoilict/share/BigOil/document_generator/datasets/documents_2021_12_28/pai_3cols_20211228_152908_2120314120_600_800.png,pai_3cols_20211228_152908_2120314120_600_800_mask.png,um
5,4,10,8,336,420,346,428,336,420,346,420,346,428,336,428,sub_line_text,table_text,table_0,raleway,bold,7.0,pai_3cols_20211228_152908_2120314120_600_800.png,/scratch/parceirosbr/bigoilict/share/BigOil/document_generator/datasets/documents_2021_12_28/pai_3cols_20211228_152908_2120314120_600_800.png,pai_3cols_20211228_152908_2120314120_600_800_mask.png,um
16,4,33,8,324,432,357,440,324,432,357,432,357,440,324,440,text,table_text,table_0,raleway,bold,7.0,pai_3cols_20211228_152908_2120314120_600_800.png,/scratch/parceirosbr/bigoilict/share/BigOil/document_generator/datasets/documents_2021_12_28/pai_3cols_20211228_152908_2120314120_600_800.png,pai_3cols_20211228_152908_2120314120_600_800_mask.png,vantagens
16,4,33,8,324,432,357,440,324,432,357,432,357,440,324,440,sub_line_text,table_text,table_0,raleway,bold,7.0,pai_3cols_20211228_152908_2120314120_600_800.png,/scratch/parceirosbr/bigoilict/share/BigOil/document_generator/datasets/documents_2021_12_28/pai_3cols_20211228_152908_2120314120_600_800.png,pai_3cols_20211228_152908_2120314120_600_800_mask.png,vantagens
9,4,19,8,331,444,350,452,331,444,350,444,350,452,331,452,text,table_text,table_0,raleway,bold,7.0,pai_3cols_20211228_152908_2120314120_600_800.png,/scratch/parceirosbr/bigoilict/share/BigOil/document_generator/datasets/documents_2021_12_28/pai_3cols_20211228_152908_2120314120_600_800.png,pai_3cols_20211228_152908_2120314120_600_800_mask.png,então
9,4,19,8,331,444,350,452,331,444,350,444,350,452,331,452,sub_line_text,table_text,table_0,raleway,bold,7.0,pai_3cols_20211228_152908_2120314120_600_800.png,/scratch/parceirosbr/bigoilict/share/BigOil/document_generator/datasets/documents_2021_12_28/pai_3cols_20211228_152908_2120314120_600_800.png,pai_3cols_20211228_152908_2120314120_600_800_mask.png,então
13,4,27,8,327,455,354,463,327,455,354,455,354,463,327,463,text,table_text,table_0,raleway,bold,7.0,pai_3cols_20211228_152908_2120314120_600_800.png,/scratch/parceirosbr/bigoilict/share/BigOil/document_generator/datasets/documents_2021_12_28/pai_3cols_20211228_152908_2120314120_600_800.png,pai_3cols_20211228_152908_2120314120_600_800_mask.png,máxima
13,4,27,8,327,455,354,463,327,455,354,455,354,463,327,463,sub_line_text,table_text,table_0,raleway,bold,7.0,pai_3cols_20211228_152908_2120314120_600_800.png,/scratch/parceirosbr/bigoilict/share/BigOil/document_generator/datasets/documents_2021_12_28/pai_3cols_20211228_152908_2120314120_600_800.png,pai_3cols_20211228_152908_2120314120_600_800_mask.png,máxima
22,4,45,8,318,467,363,475,318,467,363,467,363,475,318,475,text,table_text,table_0,raleway,bold,7.0,pai_3cols_20211228_152908_2120314120_600_800.png,/scratch/parceirosbr/bigoilict/share/BigOil/document_generator/datasets/documents_2021_12_28/pai_3cols_20211228_152908_2120314120_600_800.png,pai_3cols_20211228_152908_2120314120_600_800_mask.png,influenciando
22,4,45,8,318,467,363,475,318,467,363,467,363,475,318,475,sub_line_text,table_text,table_0,raleway,bold,7.0,pai_3cols_20211228_152908_2120314120_600_800.png,/scratch/parceirosbr/bigoilict/share/BigOil/document_generator/datasets/documents_2021_12_28/pai_3cols_20211228_152908_2120314120_600_800.png,pai_3cols_20211228_152908_2120314120_600_800_mask.png,influenciando
22,4,45,8,318,479,363,487,318,479,363,479,363,487,318,487,text,table_text,table_0,raleway,bold,7.0,pai_3cols_20211228_152908_2120314120_600_800.png,/scratch/parceirosbr/bigoilict/share/BigOil/document_generator/datasets/documents_2021_12_28/pai_3cols_20211228_152908_2120314120_600_800.png,pai_3cols_20211228_152908_2120314120_600_800_mask.png,infraestrutura
22,4,45,8,318,479,363,487,318,479,363,479,363,487,318,487,sub_line_text,table_text,table_0,raleway,bold,7.0,pai_3cols_20211228_152908_2120314120_600_800.png,/scratch/parceirosbr/bigoilict/share/BigOil/document_generator/datasets/documents_2021_12_28/pai_3cols_20211228_152908_2120314120_600_800.png,pai_3cols_20211228_152908_2120314120_600_800_mask.png,infraestrutura
21,4,43,8,319,490,362,498,319,490,362,490,362,498,319,498,text,table_text,table_0,raleway,bold,7.0,pai_3cols_20211228_152908_2120314120_600_800.png,/scratch/parceirosbr/bigoilict/share/BigOil/document_generator/datasets/documents_2021_12_28/pai_3cols_20211228_152908_2120314120_600_800.png,pai_3cols_20211228_152908_2120314120_600_800_mask.png,aquecimento
21,4,43,8,319,490,362,498,319,490,362,490,362,498,319,498,sub_line_text,table_text,table_0,raleway,bold,7.0,pai_3cols_20211228_152908_2120314120_600_800.png,/scratch/parceirosbr/bigoilict/share/BigOil/document_generator/datasets/documents_2021_12_28/pai_3cols_20211228_152908_2120314120_600_800.png,pai_3cols_20211228_152908_2120314120_600_800_mask.png,aquecimento
7,4,15,8,333,502,348,510,333,502,348,502,348,510,333,510,text,table_text,table_0,raleway,bold,7.0,pai_3cols_20211228_152908_2120314120_600_800.png,/scratch/parceirosbr/bigoilict/share/BigOil/document_generator/datasets/documents_2021_12_28/pai_3cols_20211228_152908_2120314120_600_800.png,pai_3cols_20211228_152908_2120314120_600_800_mask.png,ficar
7,4,15,8,333,502,348,510,333,502,348,502,348,510,333,510,sub_line_text,table_text,table_0,raleway,bold,7.0,pai_3cols_20211228_152908_2120314120_600_800.png,/scratch/parceirosbr/bigoilict/share/BigOil/document_generator/datasets/documents_2021_12_28/pai_3cols_20211228_152908_2120314120_600_800.png,pai_3cols_20211228_152908_2120314120_600_800_mask.png,ficar
10,4,20,8,331,514,351,522,331,514,351,514,351,522,331,522,text,table_text,table_0,raleway,bold,7.0,pai_3cols_20211228_152908_2120314120_600_800.png,/scratch/parceirosbr/bigoilict/share/BigOil/document_generator/datasets/documents_2021_12_28/pai_3cols_20211228_152908_2120314120_600_800.png,pai_3cols_20211228_152908_2120314120_600_800_mask.png,testes
10,4,20,8,331,514,351,522,331,514,351,514,351,522,331,522,sub_line_text,table_text,table_0,raleway,bold,7.0,pai_3cols_20211228_152908_2120314120_600_800.png,/scratch/parceirosbr/bigoilict/share/BigOil/document_generator/datasets/documents_2021_12_28/pai_3cols_20211228_152908_2120314120_600_800.png,pai_3cols_20211228_152908_2120314120_600_800_mask.png,testes
14,4,28,8,327,525,355,533,327,525,355,525,355,533,327,533,text,table_text,table_0,raleway,bold,7.0,pai_3cols_20211228_152908_2120314120_600_800.png,/scratch/parceirosbr/bigoilict/share/BigOil/document_generator/datasets/documents_2021_12_28/pai_3cols_20211228_152908_2120314120_600_800.png,pai_3cols_20211228_152908_2120314120_600_800_mask.png,controle
14,4,28,8,327,525,355,533,327,525,355,525,355,533,327,533,sub_line_text,table_text,table_0,raleway,bold,7.0,pai_3cols_20211228_152908_2120314120_600_800.png,/scratch/parceirosbr/bigoilict/share/BigOil/document_generator/datasets/documents_2021_12_28/pai_3cols_20211228_152908_2120314120_600_800.png,pai_3cols_20211228_152908_2120314120_600_800_mask.png,controle
18,4,36,8,323,537,359,545,323,537,359,537,359,545,323,545,text,table_text,table_0,raleway,bold,7.0,pai_3cols_20211228_152908_2120314120_600_800.png,/scratch/parceirosbr/bigoilict/share/BigOil/document_generator/datasets/documents_2021_12_28/pai_3cols_20211228_152908_2120314120_600_800.png,pai_3cols_20211228_152908_2120314120_600_800_mask.png,exploração
18,4,36,8,323,537,359,545,323,537,359,537,359,545,323,545,sub_line_text,table_text,table_0,raleway,bold,7.0,pai_3cols_20211228_152908_2120314120_600_800.png,/scratch/parceirosbr/bigoilict/share/BigOil/document_generator/datasets/documents_2021_12_28/pai_3cols_20211228_152908_2120314120_600_800.png,pai_3cols_20211228_152908_2120314120_600_800_mask.png,exploração
49,4,98,8,244,560,342,568,244,560,342,560,342,568,244,568,sub_line_text,table_legend,table_0,raleway,bold,6,pai_3cols_20211228_152908_2120314120_600_800.png,/scratch/parceirosbr/bigoilict/share/BigOil/document_generator/datasets/documents_2021_12_28/pai_3cols_20211228_152908_2120314120_600_800.png,pai_3cols_20211228_152908_2120314120_600_800_mask.png,"Table 28: Além disso, nota-se que"
49,4,98,8,244,560,342,568,244,560,342,560,342,568,244,568,text,table_legend,table_0,raleway,bold,6,pai_3cols_20211228_152908_2120314120_600_800.png,/scratch/parceirosbr/bigoilict/share/BigOil/document_generator/datasets/documents_2021_12_28/pai_3cols_20211228_152908_2120314120_600_800.png,pai_3cols_20211228_152908_2120314120_600_800_mask.png,nan
48,4,97,8,244,569,341,577,244,569,341,569,341,577,244,577,sub_line_text,table_legend,table_0,raleway,bold,6,pai_3cols_20211228_152908_2120314120_600_800.png,/scratch/parceirosbr/bigoilict/share/BigOil/document_generator/datasets/documents_2021_12_28/pai_3cols_20211228_152908_2120314120_600_800.png,pai_3cols_20211228_152908_2120314120_600_800_mask.png,"Table 70: Ou seja, apesar de se ter"
48,4,97,8,244,569,341,577,244,569,341,569,341,577,244,577,text,table_legend,table_0,raleway,bold,6,pai_3cols_20211228_152908_2120314120_600_800.png,/scratch/parceirosbr/bigoilict/share/BigOil/document_generator/datasets/documents_2021_12_28/pai_3cols_20211228_152908_2120314120_600_800.png,pai_3cols_20211228_152908_2120314120_600_800_mask.png,nan
55,4,110,9,258,583,368,592,258,583,368,583,368,592,258,592,sub_line_text,text,text_4,raleway,regular,7,pai_3cols_20211228_152908_2120314120_600_800.png,/scratch/parceirosbr/bigoilict/share/BigOil/document_generator/datasets/documents_2021_12_28/pai_3cols_20211228_152908_2120314120_600_800.png,pai_3cols_20211228_152908_2120314120_600_800_mask.png,Um   projeto   de  completação  b-
62,4,125,9,244,597,369,606,244,597,369,597,369,606,244,606,sub_line_text,text,text_4,raleway,regular,7,pai_3cols_20211228_152908_2120314120_600_800.png,/scratch/parceirosbr/bigoilict/share/BigOil/document_generator/datasets/documents_2021_12_28/pai_3cols_20211228_152908_2120314120_600_800.png,pai_3cols_20211228_152908_2120314120_600_800_mask.png,em  feito  deve  levar em consideração
62,4,125,9,244,611,369,620,244,611,369,611,369,620,244,620,sub_line_text,text,text_4,raleway,regular,7,pai_3cols_20211228_152908_2120314120_600_800.png,/scratch/parceirosbr/bigoilict/share/BigOil/document_generator/datasets/documents_2021_12_28/pai_3cols_20211228_152908_2120314120_600_800.png,pai_3cols_20211228_152908_2120314120_600_800_mask.png,dados   do.   Várias   concentrações  de
62,4,124,9,244,625,368,634,244,625,368,625,368,634,244,634,sub_line_text,text,text_4,raleway,regular,7,pai_3cols_20211228_152908_2120314120_600_800.png,/scratch/parceirosbr/bigoilict/share/BigOil/document_generator/datasets/documents_2021_12_28/pai_3cols_20211228_152908_2120314120_600_800.png,pai_3cols_20211228_152908_2120314120_600_800_mask.png,em  um  intervalo  de 2-6% (em massa)
62,4,124,9,244,639,368,648,244,639,368,639,368,648,244,648,sub_line_text,text,text_4,raleway,regular,7,pai_3cols_20211228_152908_2120314120_600_800.png,/scratch/parceirosbr/bigoilict/share/BigOil/document_generator/datasets/documents_2021_12_28/pai_3cols_20211228_152908_2120314120_600_800.png,pai_3cols_20211228_152908_2120314120_600_800_mask.png,foram  avaliadas  e  o  tempo  de reaç-
62,4,124,9,244,653,368,662,244,653,368,653,368,662,244,662,sub_line_text,text,text_4,raleway,regular,7,pai_3cols_20211228_152908_2120314120_600_800.png,/scratch/parceirosbr/bigoilict/share/BigOil/document_generator/datasets/documents_2021_12_28/pai_3cols_20211228_152908_2120314120_600_800.png,pai_3cols_20211228_152908_2120314120_600_800_mask.png,"ão  foi  de  300min.  As funções f (x), hi"
58,4,117,9,244,667,361,676,244,667,361,667,361,676,244,676,sub_line_text,text,text_4,raleway,regular,7,pai_3cols_20211228_152908_2120314120_600_800.png,/scratch/parceirosbr/bigoilict/share/BigOil/document_generator/datasets/documents_2021_12_28/pai_3cols_20211228_152908_2120314120_600_800.png,pai_3cols_20211228_152908_2120314120_600_800_mask.png,"(x), gj (x) podem tomar qualquer tipo."
62,46,125,93,244,583,369,676,244,583,369,583,369,676,244,676,text,text,text_4,raleway,regular,7,pai_3cols_20211228_152908_2120314120_600_800.png,/scratch/parceirosbr/bigoilict/share/BigOil/document_generator/datasets/documents_2021_12_28/pai_3cols_20211228_152908_2120314120_600_800.png,pai_3cols_20211228_152908_2120314120_600_800_mask.png,nan
55,4,110,9,258,682,368,691,258,682,368,682,368,691,258,691,sub_line_text,text,text_5,raleway,regular,7,pai_3cols_20211228_152908_2120314120_600_800.png,/scratch/parceirosbr/bigoilict/share/BigOil/document_generator/datasets/documents_2021_12_28/pai_3cols_20211228_152908_2120314120_600_800.png,pai_3cols_20211228_152908_2120314120_600_800_mask.png,"As   notações   foram  sintetizadas,"
55,4,111,9,244,696,355,705,244,696,355,696,355,705,244,705,sub_line_text,text,text_5,raleway,regular,7,pai_3cols_20211228_152908_2120314120_600_800.png,/scratch/parceirosbr/bigoilict/share/BigOil/document_generator/datasets/documents_2021_12_28/pai_3cols_20211228_152908_2120314120_600_800.png,pai_3cols_20211228_152908_2120314120_600_800_mask.png,"de forma que jm, jM, km, kM repre."
62,11,124,23,244,682,368,705,244,682,368,682,368,705,244,705,text,text,text_5,raleway,regular,7,pai_3cols_20211228_152908_2120314120_600_800.png,/scratch/parceirosbr/bigoilict/share/BigOil/document_generator/datasets/documents_2021_12_28/pai_3cols_20211228_152908_2120314120_600_800.png,pai_3cols_20211228_152908_2120314120_600_800_mask.png,nan
61,6,123,13,407,82,530,95,407,82,530,82,530,95,407,95,sub_line_text,subtitle,subtitle_0,raleway,regular,11,pai_3cols_20211228_152908_2120314120_600_800.png,/scratch/parceirosbr/bigoilict/share/BigOil/document_generator/datasets/documents_2021_12_28/pai_3cols_20211228_152908_2120314120_600_800.png,pai_3cols_20211228_152908_2120314120_600_800_mask.png,Três  catalisadores  apr-
57,6,115,13,407,103,522,116,407,103,522,103,522,116,407,116,sub_line_text,subtitle,subtitle_0,raleway,regular,11,pai_3cols_20211228_152908_2120314120_600_800.png,/scratch/parceirosbr/bigoilict/share/BigOil/document_generator/datasets/documents_2021_12_28/pai_3cols_20211228_152908_2120314120_600_800.png,pai_3cols_20211228_152908_2120314120_600_800_mask.png,esentaram basicamen-
61,17,123,34,407,82,530,116,407,82,530,82,530,116,407,116,title,subtitle,subtitle_0,raleway,regular,11,pai_3cols_20211228_152908_2120314120_600_800.png,/scratch/parceirosbr/bigoilict/share/BigOil/document_generator/datasets/documents_2021_12_28/pai_3cols_20211228_152908_2120314120_600_800.png,pai_3cols_20211228_152908_2120314120_600_800_mask.png,nan
55,4,110,9,419,124,529,133,419,124,529,124,529,133,419,133,sub_line_text,text,text_6,raleway,regular,7,pai_3cols_20211228_152908_2120314120_600_800.png,/scratch/parceirosbr/bigoilict/share/BigOil/document_generator/datasets/documents_2021_12_28/pai_3cols_20211228_152908_2120314120_600_800.png,pai_3cols_20211228_152908_2120314120_600_800_mask.png,Numa   cristalinidade   muito   alta
62,4,125,9,405,138,530,147,405,138,530,138,530,147,405,147,sub_line_text,text,text_6,raleway,regular,7,pai_3cols_20211228_152908_2120314120_600_800.png,/scratch/parceirosbr/bigoilict/share/BigOil/document_generator/datasets/documents_2021_12_28/pai_3cols_20211228_152908_2120314120_600_800.png,pai_3cols_20211228_152908_2120314120_600_800_mask.png,(acima  de  85%)  quase  não há ramifi-
62,4,124,9,405,152,529,161,405,152,529,152,529,161,405,161,sub_line_text,text,text_6,raleway,regular,7,pai_3cols_20211228_152908_2120314120_600_800.png,/scratch/parceirosbr/bigoilict/share/BigOil/document_generator/datasets/documents_2021_12_28/pai_3cols_20211228_152908_2120314120_600_800.png,pai_3cols_20211228_152908_2120314120_600_800_mask.png,"cações   presentes   na   estrutura,  res-"
62,4,124,9,405,166,529,175,405,166,529,166,529,175,405,175,sub_line_text,text,text_6,raleway,regular,7,pai_3cols_20211228_152908_2120314120_600_800.png,/scratch/parceirosbr/bigoilict/share/BigOil/document_generator/datasets/documents_2021_12_28/pai_3cols_20211228_152908_2120314120_600_800.png,pai_3cols_20211228_152908_2120314120_600_800_mask.png,ultando  num  8  material  menos orde-
62,4,125,9,405,180,530,189,405,180,530,180,530,189,405,189,sub_line_text,text,text_6,raleway,regular,7,pai_3cols_20211228_152908_2120314120_600_800.png,/scratch/parceirosbr/bigoilict/share/BigOil/document_generator/datasets/documents_2021_12_28/pai_3cols_20211228_152908_2120314120_600_800.png,pai_3cols_20211228_152908_2120314120_600_800_mask.png,"nado  e  com  menor  rigidez, consequ-"
62,4,124,9,405,194,529,203,405,194,529,194,529,203,405,203,sub_line_text,text,text_6,raleway,regular,7,pai_3cols_20211228_152908_2120314120_600_800.png,/scratch/parceirosbr/bigoilict/share/BigOil/document_generator/datasets/documents_2021_12_28/pai_3cols_20211228_152908_2120314120_600_800.png,pai_3cols_20211228_152908_2120314120_600_800_mask.png,"entemente,  que  um  material  mais o-"
13,4,27,9,405,208,432,217,405,208,432,208,432,217,405,217,sub_line_text,text,text_6,raleway,regular,7,pai_3cols_20211228_152908_2120314120_600_800.png,/scratch/parceirosbr/bigoilict/share/BigOil/document_generator/datasets/documents_2021_12_28/pai_3cols_20211228_152908_2120314120_600_800.png,pai_3cols_20211228_152908_2120314120_600_800_mask.png,rdenado.
64,32,128,65,405,223,533,288,405,223,533,223,533,288,405,288,list,list,list_2,raleway,raleway,7,pai_3cols_20211228_152908_2120314120_600_800.png,/scratch/parceirosbr/bigoilict/share/BigOil/document_generator/datasets/documents_2021_12_28/pai_3cols_20211228_152908_2120314120_600_800.png,pai_3cols_20211228_152908_2120314120_600_800_mask.png,
62,46,125,93,405,124,530,217,405,124,530,124,530,217,405,217,text,text,text_6,raleway,regular,7,pai_3cols_20211228_152908_2120314120_600_800.png,/scratch/parceirosbr/bigoilict/share/BigOil/document_generator/datasets/documents_2021_12_28/pai_3cols_20211228_152908_2120314120_600_800.png,pai_3cols_20211228_152908_2120314120_600_800_mask.png,nan
63,4,127,9,405,223,532,232,405,223,532,223,532,232,405,232,sub_line_text,list,list_2,raleway,regular,7,pai_3cols_20211228_152908_2120314120_600_800.png,/scratch/parceirosbr/bigoilict/share/BigOil/document_generator/datasets/documents_2021_12_28/pai_3cols_20211228_152908_2120314120_600_800.png,pai_3cols_20211228_152908_2120314120_600_800_mask.png,•  Como    os    dados   utilizados   nesse
56,4,113,9,411,237,524,246,411,237,524,237,524,246,411,246,sub_line_text,list,list_2,raleway,regular,7,pai_3cols_20211228_152908_2120314120_600_800.png,/scratch/parceirosbr/bigoilict/share/BigOil/document_generator/datasets/documents_2021_12_28/pai_3cols_20211228_152908_2120314120_600_800.png,pai_3cols_20211228_152908_2120314120_600_800_mask.png,trabalho não contêm informações a
63,4,127,9,405,251,532,260,405,251,532,251,532,260,405,260,sub_line_text,list,list_2,raleway,regular,7,pai_3cols_20211228_152908_2120314120_600_800.png,/scratch/parceirosbr/bigoilict/share/BigOil/document_generator/datasets/documents_2021_12_28/pai_3cols_20211228_152908_2120314120_600_800.png,pai_3cols_20211228_152908_2120314120_600_800_mask.png,•  A   rigidez   flexural  está  diretamente
61,4,122,9,411,265,533,274,411,265,533,265,533,274,411,274,sub_line_text,list,list_2,raleway,regular,7,pai_3cols_20211228_152908_2120314120_600_800.png,/scratch/parceirosbr/bigoilict/share/BigOil/document_generator/datasets/documents_2021_12_28/pai_3cols_20211228_152908_2120314120_600_800.png,pai_3cols_20211228_152908_2120314120_600_800_mask.png,relacionada     à     amplitude    e    ao
21,4,42,9,411,279,453,288,411,279,453,279,453,288,411,288,sub_line_text,list,list_2,raleway,regular,7,pai_3cols_20211228_152908_2120314120_600_800.png,/scratch/parceirosbr/bigoilict/share/BigOil/document_generator/datasets/documents_2021_12_28/pai_3cols_20211228_152908_2120314120_600_800.png,pai_3cols_20211228_152908_2120314120_600_800_mask.png,comprimento
64,21,128,42,405,294,533,336,405,294,533,294,533,336,405,336,image,figure_image,figure_2,,,,pai_3cols_20211228_152908_2120314120_600_800.png,/scratch/parceirosbr/bigoilict/share/BigOil/document_generator/datasets/documents_2021_12_28/pai_3cols_20211228_152908_2120314120_600_800.png,pai_3cols_20211228_152908_2120314120_600_800_mask.png,output/gen_img_20211228_152913_4404783957.png
2,3,4,6,455,304,459,310,455,309,457,304,459,305,456,310,text,figure_text,figure_2,,,,pai_3cols_20211228_152908_2120314120_600_800.png,/scratch/parceirosbr/bigoilict/share/BigOil/document_generator/datasets/documents_2021_12_28/pai_3cols_20211228_152908_2120314120_600_800.png,pai_3cols_20211228_152908_2120314120_600_800_mask.png,Level (kl)
2,3,4,6,455,304,459,310,455,309,457,304,459,305,456,310,sub_line_text,figure_text,figure_2,,,,pai_3cols_20211228_152908_2120314120_600_800.png,/scratch/parceirosbr/bigoilict/share/BigOil/document_generator/datasets/documents_2021_12_28/pai_3cols_20211228_152908_2120314120_600_800.png,pai_3cols_20211228_152908_2120314120_600_800_mask.png,Level (kl)
1,1,3,3,509,325,512,328,509,328,511,325,512,325,510,328,text,figure_text,figure_2,,,,pai_3cols_20211228_152908_2120314120_600_800.png,/scratch/parceirosbr/bigoilict/share/BigOil/document_generator/datasets/documents_2021_12_28/pai_3cols_20211228_152908_2120314120_600_800.png,pai_3cols_20211228_152908_2120314120_600_800_mask.png,-3968
1,1,3,3,509,325,512,328,509,328,511,325,512,325,510,328,sub_line_text,figure_text,figure_2,,,,pai_3cols_20211228_152908_2120314120_600_800.png,/scratch/parceirosbr/bigoilict/share/BigOil/document_generator/datasets/documents_2021_12_28/pai_3cols_20211228_152908_2120314120_600_800.png,pai_3cols_20211228_152908_2120314120_600_800_mask.png,-3968
1,2,3,4,440,319,443,323,440,323,442,319,443,319,441,323,text,figure_text,figure_2,,,,pai_3cols_20211228_152908_2120314120_600_800.png,/scratch/parceirosbr/bigoilict/share/BigOil/document_generator/datasets/documents_2021_12_28/pai_3cols_20211228_152908_2120314120_600_800.png,pai_3cols_20211228_152908_2120314120_600_800_mask.png,Average
1,2,3,4,440,319,443,323,440,323,442,319,443,319,441,323,sub_line_text,figure_text,figure_2,,,,pai_3cols_20211228_152908_2120314120_600_800.png,/scratch/parceirosbr/bigoilict/share/BigOil/document_generator/datasets/documents_2021_12_28/pai_3cols_20211228_152908_2120314120_600_800.png,pai_3cols_20211228_152908_2120314120_600_800_mask.png,Average
3,5,6,10,409,318,415,328,409,327,414,318,415,318,410,328,text,figure_text,figure_2,,,,pai_3cols_20211228_152908_2120314120_600_800.png,/scratch/parceirosbr/bigoilict/share/BigOil/document_generator/datasets/documents_2021_12_28/pai_3cols_20211228_152908_2120314120_600_800.png,pai_3cols_20211228_152908_2120314120_600_800_mask.png,Consumption (TB)
3,5,6,10,409,318,415,328,409,327,414,318,415,318,410,328,sub_line_text,figure_text,figure_2,,,,pai_3cols_20211228_152908_2120314120_600_800.png,/scratch/parceirosbr/bigoilict/share/BigOil/document_generator/datasets/documents_2021_12_28/pai_3cols_20211228_152908_2120314120_600_800.png,pai_3cols_20211228_152908_2120314120_600_800_mask.png,Consumption (TB)
1,1,2,3,451,299,453,302,451,302,452,299,453,300,452,302,text,figure_text,figure_2,,,,pai_3cols_20211228_152908_2120314120_600_800.png,/scratch/parceirosbr/bigoilict/share/BigOil/document_generator/datasets/documents_2021_12_28/pai_3cols_20211228_152908_2120314120_600_800.png,pai_3cols_20211228_152908_2120314120_600_800_mask.png,Total
1,1,2,3,451,299,453,302,451,302,452,299,453,300,452,302,sub_line_text,figure_text,figure_2,,,,pai_3cols_20211228_152908_2120314120_600_800.png,/scratch/parceirosbr/bigoilict/share/BigOil/document_generator/datasets/documents_2021_12_28/pai_3cols_20211228_152908_2120314120_600_800.png,pai_3cols_20211228_152908_2120314120_600_800_mask.png,Total
1,3,3,6,463,306,466,312,463,312,465,306,466,307,464,312,text,figure_text,figure_2,,,,pai_3cols_20211228_152908_2120314120_600_800.png,/scratch/parceirosbr/bigoilict/share/BigOil/document_generator/datasets/documents_2021_12_28/pai_3cols_20211228_152908_2120314120_600_800.png,pai_3cols_20211228_152908_2120314120_600_800_mask.png,-5773.51%
1,3,3,6,463,306,466,312,463,312,465,306,466,307,464,312,sub_line_text,figure_text,figure_2,,,,pai_3cols_20211228_152908_2120314120_600_800.png,/scratch/parceirosbr/bigoilict/share/BigOil/document_generator/datasets/documents_2021_12_28/pai_3cols_20211228_152908_2120314120_600_800.png,pai_3cols_20211228_152908_2120314120_600_800_mask.png,-5773.51%
1,1,3,3,417,295,420,298,417,298,419,295,420,295,418,298,text,figure_text,figure_2,,,,pai_3cols_20211228_152908_2120314120_600_800.png,/scratch/parceirosbr/bigoilict/share/BigOil/document_generator/datasets/documents_2021_12_28/pai_3cols_20211228_152908_2120314120_600_800.png,pai_3cols_20211228_152908_2120314120_600_800_mask.png,-6035
1,1,3,3,417,295,420,298,417,298,419,295,420,295,418,298,sub_line_text,figure_text,figure_2,,,,pai_3cols_20211228_152908_2120314120_600_800.png,/scratch/parceirosbr/bigoilict/share/BigOil/document_generator/datasets/documents_2021_12_28/pai_3cols_20211228_152908_2120314120_600_800.png,pai_3cols_20211228_152908_2120314120_600_800_mask.png,-6035
1,2,3,4,490,308,493,312,490,312,492,308,493,308,491,312,text,figure_text,figure_2,,,,pai_3cols_20211228_152908_2120314120_600_800.png,/scratch/parceirosbr/bigoilict/share/BigOil/document_generator/datasets/documents_2021_12_28/pai_3cols_20211228_152908_2120314120_600_800.png,pai_3cols_20211228_152908_2120314120_600_800_mask.png,-9941%
1,2,3,4,490,308,493,312,490,312,492,308,493,308,491,312,sub_line_text,figure_text,figure_2,,,,pai_3cols_20211228_152908_2120314120_600_800.png,/scratch/parceirosbr/bigoilict/share/BigOil/document_generator/datasets/documents_2021_12_28/pai_3cols_20211228_152908_2120314120_600_800.png,pai_3cols_20211228_152908_2120314120_600_800_mask.png,-9941%
52,4,105,8,405,341,510,349,405,341,510,341,510,349,405,349,sub_line_text,figure_legend,figure_2,raleway,bold,6,pai_3cols_20211228_152908_2120314120_600_800.png,/scratch/parceirosbr/bigoilict/share/BigOil/document_generator/datasets/documents_2021_12_28/pai_3cols_20211228_152908_2120314120_600_800.png,pai_3cols_20211228_152908_2120314120_600_800_mask.png,Figura 77: Essa   curva   se   dá  em  fun-
34,4,68,8,432,354,500,362,432,354,500,354,500,362,432,362,sub_line_text,figure_legend,figure_2,raleway,bold,6,pai_3cols_20211228_152908_2120314120_600_800.png,/scratch/parceirosbr/bigoilict/share/BigOil/document_generator/datasets/documents_2021_12_28/pai_3cols_20211228_152908_2120314120_600_800.png,pai_3cols_20211228_152908_2120314120_600_800_mask.png,ção do tempo ou do vol
52,10,105,21,405,341,510,362,405,341,510,341,510,362,405,362,text,figure_legend,figure_2,raleway,bold,6,pai_3cols_20211228_152908_2120314120_600_800.png,/scratch/parceirosbr/bigoilict/share/BigOil/document_generator/datasets/documents_2021_12_28/pai_3cols_20211228_152908_2120314120_600_800.png,pai_3cols_20211228_152908_2120314120_600_800_mask.png,nan
53,4,106,8,405,365,511,373,405,365,511,365,511,373,405,373,sub_line_text,figure_legend,figure_2,raleway,bold,6,pai_3cols_20211228_152908_2120314120_600_800.png,/scratch/parceirosbr/bigoilict/share/BigOil/document_generator/datasets/documents_2021_12_28/pai_3cols_20211228_152908_2120314120_600_800.png,pai_3cols_20211228_152908_2120314120_600_800_mask.png,Figura 18: Nas        extremidades       for-
32,4,65,8,433,378,498,386,433,378,498,378,498,386,433,386,sub_line_text,figure_legend,figure_2,raleway,bold,6,pai_3cols_20211228_152908_2120314120_600_800.png,/scratch/parceirosbr/bigoilict/share/BigOil/document_generator/datasets/documents_2021_12_28/pai_3cols_20211228_152908_2120314120_600_800.png,pai_3cols_20211228_152908_2120314120_600_800_mask.png,am coladas duas peças
53,10,106,21,405,365,511,386,405,365,511,365,511,386,405,386,text,figure_legend,figure_2,raleway,bold,6,pai_3cols_20211228_152908_2120314120_600_800.png,/scratch/parceirosbr/bigoilict/share/BigOil/document_generator/datasets/documents_2021_12_28/pai_3cols_20211228_152908_2120314120_600_800.png,pai_3cols_20211228_152908_2120314120_600_800_mask.png,nan
62,84,124,168,407,397,531,565,407,397,531,397,531,565,407,565,table,table_image,table_0,,,,pai_3cols_20211228_152908_2120314120_600_800.png,/scratch/parceirosbr/bigoilict/share/BigOil/document_generator/datasets/documents_2021_12_28/pai_3cols_20211228_152908_2120314120_600_800.png,pai_3cols_20211228_152908_2120314120_600_800_mask.png,output/gen_tab_20211228_152914_3129746655.png
19,3,38,6,415,400,453,406,415,400,453,400,453,406,415,406,text,table_text,table_0,courier,regular,7.0,pai_3cols_20211228_152908_2120314120_600_800.png,/scratch/parceirosbr/bigoilict/share/BigOil/document_generator/datasets/documents_2021_12_28/pai_3cols_20211228_152908_2120314120_600_800.png,pai_3cols_20211228_152908_2120314120_600_800_mask.png,utilizados
19,3,38,6,415,400,453,406,415,400,453,400,453,406,415,406,sub_line_text,table_text,table_0,courier,regular,7.0,pai_3cols_20211228_152908_2120314120_600_800.png,/scratch/parceirosbr/bigoilict/share/BigOil/document_generator/datasets/documents_2021_12_28/pai_3cols_20211228_152908_2120314120_600_800.png,pai_3cols_20211228_152908_2120314120_600_800_mask.png,utilizados
13,3,27,6,421,410,448,416,421,410,448,410,448,416,421,416,text,table_text,table_0,courier,bold,7.0,pai_3cols_20211228_152908_2120314120_600_800.png,/scratch/parceirosbr/bigoilict/share/BigOil/document_generator/datasets/documents_2021_12_28/pai_3cols_20211228_152908_2120314120_600_800.png,pai_3cols_20211228_152908_2120314120_600_800_mask.png,reunião
13,3,27,6,421,410,448,416,421,410,448,410,448,416,421,416,sub_line_text,table_text,table_0,courier,bold,7.0,pai_3cols_20211228_152908_2120314120_600_800.png,/scratch/parceirosbr/bigoilict/share/BigOil/document_generator/datasets/documents_2021_12_28/pai_3cols_20211228_152908_2120314120_600_800.png,pai_3cols_20211228_152908_2120314120_600_800_mask.png,reunião
8,3,16,6,426,420,442,426,426,420,442,420,442,426,426,426,text,table_text,table_0,courier,bold,7.0,pai_3cols_20211228_152908_2120314120_600_800.png,/scratch/parceirosbr/bigoilict/share/BigOil/document_generator/datasets/documents_2021_12_28/pai_3cols_20211228_152908_2120314120_600_800.png,pai_3cols_20211228_152908_2120314120_600_800_mask.png,pelo
8,3,16,6,426,420,442,426,426,420,442,420,442,426,426,426,sub_line_text,table_text,table_0,courier,bold,7.0,pai_3cols_20211228_152908_2120314120_600_800.png,/scratch/parceirosbr/bigoilict/share/BigOil/document_generator/datasets/documents_2021_12_28/pai_3cols_20211228_152908_2120314120_600_800.png,pai_3cols_20211228_152908_2120314120_600_800_mask.png,pelo
11,3,23,6,423,430,446,436,423,430,446,430,446,436,423,436,text,table_text,table_0,courier,bold,7.0,pai_3cols_20211228_152908_2120314120_600_800.png,/scratch/parceirosbr/bigoilict/share/BigOil/document_generator/datasets/documents_2021_12_28/pai_3cols_20211228_152908_2120314120_600_800.png,pai_3cols_20211228_152908_2120314120_600_800_mask.png,físico
11,3,23,6,423,430,446,436,423,430,446,430,446,436,423,436,sub_line_text,table_text,table_0,courier,bold,7.0,pai_3cols_20211228_152908_2120314120_600_800.png,/scratch/parceirosbr/bigoilict/share/BigOil/document_generator/datasets/documents_2021_12_28/pai_3cols_20211228_152908_2120314120_600_800.png,pai_3cols_20211228_152908_2120314120_600_800_mask.png,físico
9,3,19,6,425,439,444,445,425,439,444,439,444,445,425,445,text,table_text,table_0,courier,bold,7.0,pai_3cols_20211228_152908_2120314120_600_800.png,/scratch/parceirosbr/bigoilict/share/BigOil/document_generator/datasets/documents_2021_12_28/pai_3cols_20211228_152908_2120314120_600_800.png,pai_3cols_20211228_152908_2120314120_600_800_mask.png,neste
9,3,19,6,425,439,444,445,425,439,444,439,444,445,425,445,sub_line_text,table_text,table_0,courier,bold,7.0,pai_3cols_20211228_152908_2120314120_600_800.png,/scratch/parceirosbr/bigoilict/share/BigOil/document_generator/datasets/documents_2021_12_28/pai_3cols_20211228_152908_2120314120_600_800.png,pai_3cols_20211228_152908_2120314120_600_800_mask.png,neste
21,3,43,6,412,449,455,455,412,449,455,449,455,455,412,455,text,table_text,table_0,courier,bold,7.0,pai_3cols_20211228_152908_2120314120_600_800.png,/scratch/parceirosbr/bigoilict/share/BigOil/document_generator/datasets/documents_2021_12_28/pai_3cols_20211228_152908_2120314120_600_800.png,pai_3cols_20211228_152908_2120314120_600_800_mask.png,previamente
21,3,43,6,412,449,455,455,412,449,455,449,455,455,412,455,sub_line_text,table_text,table_0,courier,bold,7.0,pai_3cols_20211228_152908_2120314120_600_800.png,/scratch/parceirosbr/bigoilict/share/BigOil/document_generator/datasets/documents_2021_12_28/pai_3cols_20211228_152908_2120314120_600_800.png,pai_3cols_20211228_152908_2120314120_600_800_mask.png,previamente
19,3,38,6,415,459,453,465,415,459,453,459,453,465,415,465,text,table_text,table_0,courier,bold,7.0,pai_3cols_20211228_152908_2120314120_600_800.png,/scratch/parceirosbr/bigoilict/share/BigOil/document_generator/datasets/documents_2021_12_28/pai_3cols_20211228_152908_2120314120_600_800.png,pai_3cols_20211228_152908_2120314120_600_800_mask.png,exploração
19,3,38,6,415,459,453,465,415,459,453,459,453,465,415,465,sub_line_text,table_text,table_0,courier,bold,7.0,pai_3cols_20211228_152908_2120314120_600_800.png,/scratch/parceirosbr/bigoilict/share/BigOil/document_generator/datasets/documents_2021_12_28/pai_3cols_20211228_152908_2120314120_600_800.png,pai_3cols_20211228_152908_2120314120_600_800_mask.png,exploração
4,3,8,6,430,468,438,474,430,468,438,468,438,474,430,474,text,table_text,table_0,courier,bold,7.0,pai_3cols_20211228_152908_2120314120_600_800.png,/scratch/parceirosbr/bigoilict/share/BigOil/document_generator/datasets/documents_2021_12_28/pai_3cols_20211228_152908_2120314120_600_800.png,pai_3cols_20211228_152908_2120314120_600_800_mask.png,ar
4,3,8,6,430,468,438,474,430,468,438,468,438,474,430,474,sub_line_text,table_text,table_0,courier,bold,7.0,pai_3cols_20211228_152908_2120314120_600_800.png,/scratch/parceirosbr/bigoilict/share/BigOil/document_generator/datasets/documents_2021_12_28/pai_3cols_20211228_152908_2120314120_600_800.png,pai_3cols_20211228_152908_2120314120_600_800_mask.png,ar
8,3,16,6,426,478,442,484,426,478,442,478,442,484,426,484,text,table_text,table_0,courier,bold,7.0,pai_3cols_20211228_152908_2120314120_600_800.png,/scratch/parceirosbr/bigoilict/share/BigOil/document_generator/datasets/documents_2021_12_28/pai_3cols_20211228_152908_2120314120_600_800.png,pai_3cols_20211228_152908_2120314120_600_800_mask.png,mais
8,3,16,6,426,478,442,484,426,478,442,478,442,484,426,484,sub_line_text,table_text,table_0,courier,bold,7.0,pai_3cols_20211228_152908_2120314120_600_800.png,/scratch/parceirosbr/bigoilict/share/BigOil/document_generator/datasets/documents_2021_12_28/pai_3cols_20211228_152908_2120314120_600_800.png,pai_3cols_20211228_152908_2120314120_600_800_mask.png,mais
17,3,34,6,417,488,451,494,417,488,451,488,451,494,417,494,text,table_text,table_0,courier,bold,7.0,pai_3cols_20211228_152908_2120314120_600_800.png,/scratch/parceirosbr/bigoilict/share/BigOil/document_generator/datasets/documents_2021_12_28/pai_3cols_20211228_152908_2120314120_600_800.png,pai_3cols_20211228_152908_2120314120_600_800_mask.png,destacado
17,3,34,6,417,488,451,494,417,488,451,488,451,494,417,494,sub_line_text,table_text,table_0,courier,bold,7.0,pai_3cols_20211228_152908_2120314120_600_800.png,/scratch/parceirosbr/bigoilict/share/BigOil/document_generator/datasets/documents_2021_12_28/pai_3cols_20211228_152908_2120314120_600_800.png,pai_3cols_20211228_152908_2120314120_600_800_mask.png,destacado
7,3,15,6,427,497,442,503,427,497,442,497,442,503,427,503,text,table_text,table_0,courier,bold,7.0,pai_3cols_20211228_152908_2120314120_600_800.png,/scratch/parceirosbr/bigoilict/share/BigOil/document_generator/datasets/documents_2021_12_28/pai_3cols_20211228_152908_2120314120_600_800.png,pai_3cols_20211228_152908_2120314120_600_800_mask.png,este
7,3,15,6,427,497,442,503,427,497,442,497,442,503,427,503,sub_line_text,table_text,table_0,courier,bold,7.0,pai_3cols_20211228_152908_2120314120_600_800.png,/scratch/parceirosbr/bigoilict/share/BigOil/document_generator/datasets/documents_2021_12_28/pai_3cols_20211228_152908_2120314120_600_800.png,pai_3cols_20211228_152908_2120314120_600_800_mask.png,este
15,3,31,6,419,507,450,513,419,507,450,507,450,513,419,513,text,table_text,table_0,courier,bold,7.0,pai_3cols_20211228_152908_2120314120_600_800.png,/scratch/parceirosbr/bigoilict/share/BigOil/document_generator/datasets/documents_2021_12_28/pai_3cols_20211228_152908_2120314120_600_800.png,pai_3cols_20211228_152908_2120314120_600_800_mask.png,afetando
15,3,31,6,419,507,450,513,419,507,450,507,450,513,419,513,sub_line_text,table_text,table_0,courier,bold,7.0,pai_3cols_20211228_152908_2120314120_600_800.png,/scratch/parceirosbr/bigoilict/share/BigOil/document_generator/datasets/documents_2021_12_28/pai_3cols_20211228_152908_2120314120_600_800.png,pai_3cols_20211228_152908_2120314120_600_800_mask.png,afetando
1,3,3,6,433,517,436,523,433,517,436,517,436,523,433,523,text,table_text,table_0,courier,bold,7.0,pai_3cols_20211228_152908_2120314120_600_800.png,/scratch/parceirosbr/bigoilict/share/BigOil/document_generator/datasets/documents_2021_12_28/pai_3cols_20211228_152908_2120314120_600_800.png,pai_3cols_20211228_152908_2120314120_600_800_mask.png,e
1,3,3,6,433,517,436,523,433,517,436,517,436,523,433,523,sub_line_text,table_text,table_0,courier,bold,7.0,pai_3cols_20211228_152908_2120314120_600_800.png,/scratch/parceirosbr/bigoilict/share/BigOil/document_generator/datasets/documents_2021_12_28/pai_3cols_20211228_152908_2120314120_600_800.png,pai_3cols_20211228_152908_2120314120_600_800_mask.png,e
19,3,39,6,414,527,453,533,414,527,453,527,453,533,414,533,text,table_text,table_0,courier,bold,7.0,pai_3cols_20211228_152908_2120314120_600_800.png,/scratch/parceirosbr/bigoilict/share/BigOil/document_generator/datasets/documents_2021_12_28/pai_3cols_20211228_152908_2120314120_600_800.png,pai_3cols_20211228_152908_2120314120_600_800_mask.png,principais
19,3,39,6,414,527,453,533,414,527,453,527,453,533,414,533,sub_line_text,table_text,table_0,courier,bold,7.0,pai_3cols_20211228_152908_2120314120_600_800.png,/scratch/parceirosbr/bigoilict/share/BigOil/document_generator/datasets/documents_2021_12_28/pai_3cols_20211228_152908_2120314120_600_800.png,pai_3cols_20211228_152908_2120314120_600_800_mask.png,principais
1,3,3,6,433,536,436,542,433,536,436,536,436,542,433,542,text,table_text,table_0,courier,bold,7.0,pai_3cols_20211228_152908_2120314120_600_800.png,/scratch/parceirosbr/bigoilict/share/BigOil/document_generator/datasets/documents_2021_12_28/pai_3cols_20211228_152908_2120314120_600_800.png,pai_3cols_20211228_152908_2120314120_600_800_mask.png,é
1,3,3,6,433,536,436,542,433,536,436,536,436,542,433,542,sub_line_text,table_text,table_0,courier,bold,7.0,pai_3cols_20211228_152908_2120314120_600_800.png,/scratch/parceirosbr/bigoilict/share/BigOil/document_generator/datasets/documents_2021_12_28/pai_3cols_20211228_152908_2120314120_600_800.png,pai_3cols_20211228_152908_2120314120_600_800_mask.png,é
11,3,23,6,457,546,480,552,457,546,480,546,480,552,457,552,text,table_text,table_0,courier,bold,7.0,pai_3cols_20211228_152908_2120314120_600_800.png,/scratch/parceirosbr/bigoilict/share/BigOil/document_generator/datasets/documents_2021_12_28/pai_3cols_20211228_152908_2120314120_600_800.png,pai_3cols_20211228_152908_2120314120_600_800_mask.png,demais
11,3,23,6,457,546,480,552,457,546,480,546,480,552,457,552,sub_line_text,table_text,table_0,courier,bold,7.0,pai_3cols_20211228_152908_2120314120_600_800.png,/scratch/parceirosbr/bigoilict/share/BigOil/document_generator/datasets/documents_2021_12_28/pai_3cols_20211228_152908_2120314120_600_800.png,pai_3cols_20211228_152908_2120314120_600_800_mask.png,demais
21,3,42,6,485,400,527,406,485,400,527,400,527,406,485,406,text,table_text,table_0,courier,regular,7.0,pai_3cols_20211228_152908_2120314120_600_800.png,/scratch/parceirosbr/bigoilict/share/BigOil/document_generator/datasets/documents_2021_12_28/pai_3cols_20211228_152908_2120314120_600_800.png,pai_3cols_20211228_152908_2120314120_600_800_mask.png,absorvância
21,3,42,6,485,400,527,406,485,400,527,400,527,406,485,406,sub_line_text,table_text,table_0,courier,regular,7.0,pai_3cols_20211228_152908_2120314120_600_800.png,/scratch/parceirosbr/bigoilict/share/BigOil/document_generator/datasets/documents_2021_12_28/pai_3cols_20211228_152908_2120314120_600_800.png,pai_3cols_20211228_152908_2120314120_600_800_mask.png,absorvância
17,3,34,6,493,410,527,416,493,410,527,410,527,416,493,416,text,table_text,table_0,courier,bold,7.0,pai_3cols_20211228_152908_2120314120_600_800.png,/scratch/parceirosbr/bigoilict/share/BigOil/document_generator/datasets/documents_2021_12_28/pai_3cols_20211228_152908_2120314120_600_800.png,pai_3cols_20211228_152908_2120314120_600_800_mask.png,2594402.6
17,3,34,6,493,410,527,416,493,410,527,410,527,416,493,416,sub_line_text,table_text,table_0,courier,bold,7.0,pai_3cols_20211228_152908_2120314120_600_800.png,/scratch/parceirosbr/bigoilict/share/BigOil/document_generator/datasets/documents_2021_12_28/pai_3cols_20211228_152908_2120314120_600_800.png,pai_3cols_20211228_152908_2120314120_600_800_mask.png,2594402.6
17,3,34,6,493,420,527,426,493,420,527,420,527,426,493,426,text,table_text,table_0,courier,bold,7.0,pai_3cols_20211228_152908_2120314120_600_800.png,/scratch/parceirosbr/bigoilict/share/BigOil/document_generator/datasets/documents_2021_12_28/pai_3cols_20211228_152908_2120314120_600_800.png,pai_3cols_20211228_152908_2120314120_600_800_mask.png,4968754.4
17,3,34,6,493,420,527,426,493,420,527,420,527,426,493,426,sub_line_text,table_text,table_0,courier,bold,7.0,pai_3cols_20211228_152908_2120314120_600_800.png,/scratch/parceirosbr/bigoilict/share/BigOil/document_generator/datasets/documents_2021_12_28/pai_3cols_20211228_152908_2120314120_600_800.png,pai_3cols_20211228_152908_2120314120_600_800_mask.png,4968754.4
13,3,27,6,500,430,527,436,500,430,527,430,527,436,500,436,text,table_text,table_0,courier,bold,7.0,pai_3cols_20211228_152908_2120314120_600_800.png,/scratch/parceirosbr/bigoilict/share/BigOil/document_generator/datasets/documents_2021_12_28/pai_3cols_20211228_152908_2120314120_600_800.png,pai_3cols_20211228_152908_2120314120_600_800_mask.png,39836.5
13,3,27,6,500,430,527,436,500,430,527,430,527,436,500,436,sub_line_text,table_text,table_0,courier,bold,7.0,pai_3cols_20211228_152908_2120314120_600_800.png,/scratch/parceirosbr/bigoilict/share/BigOil/document_generator/datasets/documents_2021_12_28/pai_3cols_20211228_152908_2120314120_600_800.png,pai_3cols_20211228_152908_2120314120_600_800_mask.png,39836.5
17,3,34,6,493,439,527,445,493,439,527,439,527,445,493,445,text,table_text,table_0,courier,bold,7.0,pai_3cols_20211228_152908_2120314120_600_800.png,/scratch/parceirosbr/bigoilict/share/BigOil/document_generator/datasets/documents_2021_12_28/pai_3cols_20211228_152908_2120314120_600_800.png,pai_3cols_20211228_152908_2120314120_600_800_mask.png,1086463.6
17,3,34,6,493,439,527,445,493,439,527,439,527,445,493,445,sub_line_text,table_text,table_0,courier,bold,7.0,pai_3cols_20211228_152908_2120314120_600_800.png,/scratch/parceirosbr/bigoilict/share/BigOil/document_generator/datasets/documents_2021_12_28/pai_3cols_20211228_152908_2120314120_600_800.png,pai_3cols_20211228_152908_2120314120_600_800_mask.png,1086463.6
11,3,23,6,504,449,527,455,504,449,527,449,527,455,504,455,text,table_text,table_0,courier,bold,7.0,pai_3cols_20211228_152908_2120314120_600_800.png,/scratch/parceirosbr/bigoilict/share/BigOil/document_generator/datasets/documents_2021_12_28/pai_3cols_20211228_152908_2120314120_600_800.png,pai_3cols_20211228_152908_2120314120_600_800_mask.png,7757.0
11,3,23,6,504,449,527,455,504,449,527,449,527,455,504,455,sub_line_text,table_text,table_0,courier,bold,7.0,pai_3cols_20211228_152908_2120314120_600_800.png,/scratch/parceirosbr/bigoilict/share/BigOil/document_generator/datasets/documents_2021_12_28/pai_3cols_20211228_152908_2120314120_600_800.png,pai_3cols_20211228_152908_2120314120_600_800_mask.png,7757.0
9,3,19,6,508,459,527,465,508,459,527,459,527,465,508,465,text,table_text,table_0,courier,bold,7.0,pai_3cols_20211228_152908_2120314120_600_800.png,/scratch/parceirosbr/bigoilict/share/BigOil/document_generator/datasets/documents_2021_12_28/pai_3cols_20211228_152908_2120314120_600_800.png,pai_3cols_20211228_152908_2120314120_600_800_mask.png,364.2
9,3,19,6,508,459,527,465,508,459,527,459,527,465,508,465,sub_line_text,table_text,table_0,courier,bold,7.0,pai_3cols_20211228_152908_2120314120_600_800.png,/scratch/parceirosbr/bigoilict/share/BigOil/document_generator/datasets/documents_2021_12_28/pai_3cols_20211228_152908_2120314120_600_800.png,pai_3cols_20211228_152908_2120314120_600_800_mask.png,364.2
17,3,34,6,493,468,527,474,493,468,527,468,527,474,493,474,text,table_text,table_0,courier,bold,7.0,pai_3cols_20211228_152908_2120314120_600_800.png,/scratch/parceirosbr/bigoilict/share/BigOil/document_generator/datasets/documents_2021_12_28/pai_3cols_20211228_152908_2120314120_600_800.png,pai_3cols_20211228_152908_2120314120_600_800_mask.png,7035390.3
17,3,34,6,493,468,527,474,493,468,527,468,527,474,493,474,sub_line_text,table_text,table_0,courier,bold,7.0,pai_3cols_20211228_152908_2120314120_600_800.png,/scratch/parceirosbr/bigoilict/share/BigOil/document_generator/datasets/documents_2021_12_28/pai_3cols_20211228_152908_2120314120_600_800.png,pai_3cols_20211228_152908_2120314120_600_800_mask.png,7035390.3
9,3,19,6,508,478,527,484,508,478,527,478,527,484,508,484,text,table_text,table_0,courier,bold,7.0,pai_3cols_20211228_152908_2120314120_600_800.png,/scratch/parceirosbr/bigoilict/share/BigOil/document_generator/datasets/documents_2021_12_28/pai_3cols_20211228_152908_2120314120_600_800.png,pai_3cols_20211228_152908_2120314120_600_800_mask.png,873.3
9,3,19,6,508,478,527,484,508,478,527,478,527,484,508,484,sub_line_text,table_text,table_0,courier,bold,7.0,pai_3cols_20211228_152908_2120314120_600_800.png,/scratch/parceirosbr/bigoilict/share/BigOil/document_generator/datasets/documents_2021_12_28/pai_3cols_20211228_152908_2120314120_600_800.png,pai_3cols_20211228_152908_2120314120_600_800_mask.png,873.3
15,3,31,6,497,488,528,494,497,488,528,488,528,494,497,494,text,table_text,table_0,courier,bold,7.0,pai_3cols_20211228_152908_2120314120_600_800.png,/scratch/parceirosbr/bigoilict/share/BigOil/document_generator/datasets/documents_2021_12_28/pai_3cols_20211228_152908_2120314120_600_800.png,pai_3cols_20211228_152908_2120314120_600_800_mask.png,688038.2
15,3,31,6,497,488,528,494,497,488,528,488,528,494,497,494,sub_line_text,table_text,table_0,courier,bold,7.0,pai_3cols_20211228_152908_2120314120_600_800.png,/scratch/parceirosbr/bigoilict/share/BigOil/document_generator/datasets/documents_2021_12_28/pai_3cols_20211228_152908_2120314120_600_800.png,pai_3cols_20211228_152908_2120314120_600_800_mask.png,688038.2
17,3,34,6,493,497,527,503,493,497,527,497,527,503,493,503,text,table_text,table_0,courier,bold,7.0,pai_3cols_20211228_152908_2120314120_600_800.png,/scratch/parceirosbr/bigoilict/share/BigOil/document_generator/datasets/documents_2021_12_28/pai_3cols_20211228_152908_2120314120_600_800.png,pai_3cols_20211228_152908_2120314120_600_800_mask.png,9534109.9
17,3,34,6,493,497,527,503,493,497,527,497,527,503,493,503,sub_line_text,table_text,table_0,courier,bold,7.0,pai_3cols_20211228_152908_2120314120_600_800.png,/scratch/parceirosbr/bigoilict/share/BigOil/document_generator/datasets/documents_2021_12_28/pai_3cols_20211228_152908_2120314120_600_800.png,pai_3cols_20211228_152908_2120314120_600_800_mask.png,9534109.9
17,3,34,6,493,507,527,513,493,507,527,507,527,513,493,513,text,table_text,table_0,courier,bold,7.0,pai_3cols_20211228_152908_2120314120_600_800.png,/scratch/parceirosbr/bigoilict/share/BigOil/document_generator/datasets/documents_2021_12_28/pai_3cols_20211228_152908_2120314120_600_800.png,pai_3cols_20211228_152908_2120314120_600_800_mask.png,1548809.2
17,3,34,6,493,507,527,513,493,507,527,507,527,513,493,513,sub_line_text,table_text,table_0,courier,bold,7.0,pai_3cols_20211228_152908_2120314120_600_800.png,/scratch/parceirosbr/bigoilict/share/BigOil/document_generator/datasets/documents_2021_12_28/pai_3cols_20211228_152908_2120314120_600_800.png,pai_3cols_20211228_152908_2120314120_600_800_mask.png,1548809.2
17,3,34,6,493,517,527,523,493,517,527,517,527,523,493,523,text,table_text,table_0,courier,bold,7.0,pai_3cols_20211228_152908_2120314120_600_800.png,/scratch/parceirosbr/bigoilict/share/BigOil/document_generator/datasets/documents_2021_12_28/pai_3cols_20211228_152908_2120314120_600_800.png,pai_3cols_20211228_152908_2120314120_600_800_mask.png,9425142.5
17,3,34,6,493,517,527,523,493,517,527,517,527,523,493,523,sub_line_text,table_text,table_0,courier,bold,7.0,pai_3cols_20211228_152908_2120314120_600_800.png,/scratch/parceirosbr/bigoilict/share/BigOil/document_generator/datasets/documents_2021_12_28/pai_3cols_20211228_152908_2120314120_600_800.png,pai_3cols_20211228_152908_2120314120_600_800_mask.png,9425142.5
17,3,34,6,493,527,527,533,493,527,527,527,527,533,493,533,text,table_text,table_0,courier,bold,7.0,pai_3cols_20211228_152908_2120314120_600_800.png,/scratch/parceirosbr/bigoilict/share/BigOil/document_generator/datasets/documents_2021_12_28/pai_3cols_20211228_152908_2120314120_600_800.png,pai_3cols_20211228_152908_2120314120_600_800_mask.png,8434237.1
17,3,34,6,493,527,527,533,493,527,527,527,527,533,493,533,sub_line_text,table_text,table_0,courier,bold,7.0,pai_3cols_20211228_152908_2120314120_600_800.png,/scratch/parceirosbr/bigoilict/share/BigOil/document_generator/datasets/documents_2021_12_28/pai_3cols_20211228_152908_2120314120_600_800.png,pai_3cols_20211228_152908_2120314120_600_800_mask.png,8434237.1
15,3,31,6,497,536,528,542,497,536,528,536,528,542,497,542,text,table_text,table_0,courier,bold,7.0,pai_3cols_20211228_152908_2120314120_600_800.png,/scratch/parceirosbr/bigoilict/share/BigOil/document_generator/datasets/documents_2021_12_28/pai_3cols_20211228_152908_2120314120_600_800.png,pai_3cols_20211228_152908_2120314120_600_800_mask.png,415803.2
15,3,31,6,497,536,528,542,497,536,528,536,528,542,497,542,sub_line_text,table_text,table_0,courier,bold,7.0,pai_3cols_20211228_152908_2120314120_600_800.png,/scratch/parceirosbr/bigoilict/share/BigOil/document_generator/datasets/documents_2021_12_28/pai_3cols_20211228_152908_2120314120_600_800.png,pai_3cols_20211228_152908_2120314120_600_800_mask.png,415803.2
47,4,95,8,405,570,500,578,405,570,500,570,500,578,405,578,sub_line_text,table_legend,table_0,raleway,bold,6,pai_3cols_20211228_152908_2120314120_600_800.png,/scratch/parceirosbr/bigoilict/share/BigOil/document_generator/datasets/documents_2021_12_28/pai_3cols_20211228_152908_2120314120_600_800.png,pai_3cols_20211228_152908_2120314120_600_800_mask.png,Table 65: Já em 1930 a empresa c
47,4,95,8,405,570,500,578,405,570,500,570,500,578,405,578,text,table_legend,table_0,raleway,bold,6,pai_3cols_20211228_152908_2120314120_600_800.png,/scratch/parceirosbr/bigoilict/share/BigOil/document_generator/datasets/documents_2021_12_28/pai_3cols_20211228_152908_2120314120_600_800.png,pai_3cols_20211228_152908_2120314120_600_800_mask.png,nan
49,4,99,8,405,579,504,587,405,579,504,579,504,587,405,587,sub_line_text,table_legend,table_0,raleway,bold,6,pai_3cols_20211228_152908_2120314120_600_800.png,/scratch/parceirosbr/bigoilict/share/BigOil/document_generator/datasets/documents_2021_12_28/pai_3cols_20211228_152908_2120314120_600_800.png,pai_3cols_20211228_152908_2120314120_600_800_mask.png,Table 106: O efeito de salting-out
49,4,99,8,405,579,504,587,405,579,504,579,504,587,405,587,text,table_legend,table_0,raleway,bold,6,pai_3cols_20211228_152908_2120314120_600_800.png,/scratch/parceirosbr/bigoilict/share/BigOil/document_generator/datasets/documents_2021_12_28/pai_3cols_20211228_152908_2120314120_600_800.png,pai_3cols_20211228_152908_2120314120_600_800_mask.png,nan
55,4,110,9,419,593,529,602,419,593,529,593,529,602,419,602,sub_line_text,text,text_7,raleway,regular,7,pai_3cols_20211228_152908_2120314120_600_800.png,/scratch/parceirosbr/bigoilict/share/BigOil/document_generator/datasets/documents_2021_12_28/pai_3cols_20211228_152908_2120314120_600_800.png,pai_3cols_20211228_152908_2120314120_600_800_mask.png,O  efeito  da concentração no índ-
62,4,124,9,405,607,529,616,405,607,529,607,529,616,405,616,sub_line_text,text,text_7,raleway,regular,7,pai_3cols_20211228_152908_2120314120_600_800.png,/scratch/parceirosbr/bigoilict/share/BigOil/document_generator/datasets/documents_2021_12_28/pai_3cols_20211228_152908_2120314120_600_800.png,pai_3cols_20211228_152908_2120314120_600_800_mask.png,ice  de  consistência  também  foi  est-
62,4,125,9,405,621,530,630,405,621,530,621,530,630,405,630,sub_line_text,text,text_7,raleway,regular,7,pai_3cols_20211228_152908_2120314120_600_800.png,/scratch/parceirosbr/bigoilict/share/BigOil/document_generator/datasets/documents_2021_12_28/pai_3cols_20211228_152908_2120314120_600_800.png,pai_3cols_20211228_152908_2120314120_600_800_mask.png,udado   para   os   fluidos  que  seguem
62,4,125,9,405,635,530,644,405,635,530,635,530,644,405,644,sub_line_text,text,text_7,raleway,regular,7,pai_3cols_20211228_152908_2120314120_600_800.png,/scratch/parceirosbr/bigoilict/share/BigOil/document_generator/datasets/documents_2021_12_28/pai_3cols_20211228_152908_2120314120_600_800.png,pai_3cols_20211228_152908_2120314120_600_800_mask.png,os  modelos  do  tipo  da  e  1978  apud
62,4,124,9,405,649,529,658,405,649,529,649,529,658,405,658,sub_line_text,text,text_7,raleway,regular,7,pai_3cols_20211228_152908_2120314120_600_800.png,/scratch/parceirosbr/bigoilict/share/BigOil/document_generator/datasets/documents_2021_12_28/pai_3cols_20211228_152908_2120314120_600_800.png,pai_3cols_20211228_152908_2120314120_600_800_mask.png,"2008;  et  al.,  1981 apud. There may al-"
62,4,125,9,405,663,530,672,405,663,530,663,530,672,405,672,sub_line_text,text,text_7,raleway,regular,7,pai_3cols_20211228_152908_2120314120_600_800.png,/scratch/parceirosbr/bigoilict/share/BigOil/document_generator/datasets/documents_2021_12_28/pai_3cols_20211228_152908_2120314120_600_800.png,pai_3cols_20211228_152908_2120314120_600_800_mask.png,so  be  a  lack  of  local equipment and
54,4,109,9,405,677,514,686,405,677,514,677,514,686,405,686,sub_line_text,text,text_7,raleway,regular,7,pai_3cols_20211228_152908_2120314120_600_800.png,/scratch/parceirosbr/bigoilict/share/BigOil/document_generator/datasets/documents_2021_12_28/pai_3cols_20211228_152908_2120314120_600_800.png,pai_3cols_20211228_152908_2120314120_600_800_mask.png,"services for hydraulic fracturing, b."
62,46,125,93,405,593,530,686,405,593,530,593,530,686,405,686,text,text,text_7,raleway,regular,7,pai_3cols_20211228_152908_2120314120_600_800.png,/scratch/parceirosbr/bigoilict/share/BigOil/document_generator/datasets/documents_2021_12_28/pai_3cols_20211228_152908_2120314120_600_800.png,pai_3cols_20211228_152908_2120314120_600_800_mask.png,nan
55,4,110,9,419,692,529,701,419,692,529,692,529,701,419,701,sub_line_text,text,text_8,raleway,regular,7,pai_3cols_20211228_152908_2120314120_600_800.png,/scratch/parceirosbr/bigoilict/share/BigOil/document_generator/datasets/documents_2021_12_28/pai_3cols_20211228_152908_2120314120_600_800.png,pai_3cols_20211228_152908_2120314120_600_800_mask.png,"E  2006,  o  biocombustível  oriun-"
57,4,114,9,405,706,519,715,405,706,519,706,519,715,405,715,sub_line_text,text,text_8,raleway,regular,7,pai_3cols_20211228_152908_2120314120_600_800.png,/scratch/parceirosbr/bigoilict/share/BigOil/document_generator/datasets/documents_2021_12_28/pai_3cols_20211228_152908_2120314120_600_800.png,pai_3cols_20211228_152908_2120314120_600_800_mask.png,do de etanol pode não apresentar o.
62,11,124,23,405,692,529,715,405,692,529,692,529,715,405,715,text,text,text_8,raleway,regular,7,pai_3cols_20211228_152908_2120314120_600_800.png,/scratch/parceirosbr/bigoilict/share/BigOil/document_generator/datasets/documents_2021_12_28/pai_3cols_20211228_152908_2120314120_600_800.png,pai_3cols_20211228_152908_2120314120_600_800_mask.png,nan
