center_x,center_y,width,height,xmin,ymin,xmax,ymax,top_left_x,top_left_y,top_right_x,top_right_y,bottom_right_x,bottom_right_y,bottom_left_x,bottom_left_y,label,grouplabel,group,text_font,text_style,size_font,filename,path,filename_mask,content
300,400,600,800,0,0,600,800,0,0,600,0,600,800,0,800,document,,,,,,pat_20211228_152651_2859507854_600_800.png,/scratch/parceirosbr/bigoilict/share/BigOil/document_generator/datasets/documents_2021_12_28/pat_20211228_152651_2859507854_600_800.png,pat_20211228_152651_2859507854_600_800_mask.png,
4,3,8,7,72,76,80,83,72,76,80,76,80,83,72,83,sub_line_text,numpag,header_1,courier,regular,7,pat_20211228_152651_2859507854_600_800.png,/scratch/parceirosbr/bigoilict/share/BigOil/document_generator/datasets/documents_2021_12_28/pat_20211228_152651_2859507854_600_800.png,pat_20211228_152651_2859507854_600_800_mask.png,43
4,3,8,7,72,76,80,83,72,76,80,76,80,83,72,83,text,numpag,header_1,courier,regular,7,pat_20211228_152651_2859507854_600_800.png,/scratch/parceirosbr/bigoilict/share/BigOil/document_generator/datasets/documents_2021_12_28/pat_20211228_152651_2859507854_600_800.png,pat_20211228_152651_2859507854_600_800_mask.png,nan
16,3,32,7,88,76,120,83,88,76,120,76,120,83,88,83,sub_line_text,header,header_1,courier,regular,7,pat_20211228_152651_2859507854_600_800.png,/scratch/parceirosbr/bigoilict/share/BigOil/document_generator/datasets/documents_2021_12_28/pat_20211228_152651_2859507854_600_800.png,pat_20211228_152651_2859507854_600_800_mask.png,Nordeste
16,3,32,7,88,76,120,83,88,76,120,76,120,83,88,83,text,header,header_1,courier,regular,7,pat_20211228_152651_2859507854_600_800.png,/scratch/parceirosbr/bigoilict/share/BigOil/document_generator/datasets/documents_2021_12_28/pat_20211228_152651_2859507854_600_800.png,pat_20211228_152651_2859507854_600_800_mask.png,nan
234,1,469,2,72,82,541,84,72,82,541,82,541,84,72,84,line,line,line,,,,pat_20211228_152651_2859507854_600_800.png,/scratch/parceirosbr/bigoilict/share/BigOil/document_generator/datasets/documents_2021_12_28/pat_20211228_152651_2859507854_600_800.png,pat_20211228_152651_2859507854_600_800_mask.png,nan
129,6,259,12,72,98,331,110,72,98,331,98,331,110,72,110,sub_line_text,subtitle,subtitle_0,courier,regular,11,pat_20211228_152651_2859507854_600_800.png,/scratch/parceirosbr/bigoilict/share/BigOil/document_generator/datasets/documents_2021_12_28/pat_20211228_152651_2859507854_600_800.png,pat_20211228_152651_2859507854_600_800_mask.png,4. quitosana (Figura é polissacarídeo
129,6,259,12,72,98,331,110,72,98,331,98,331,110,72,110,title,subtitle,subtitle_0,courier,regular,11,pat_20211228_152651_2859507854_600_800.png,/scratch/parceirosbr/bigoilict/share/BigOil/document_generator/datasets/documents_2021_12_28/pat_20211228_152651_2859507854_600_800.png,pat_20211228_152651_2859507854_600_800_mask.png,nan
234,56,468,112,72,123,540,235,72,123,540,123,540,235,72,235,list,list,list_1,courier,courier,7,pat_20211228_152651_2859507854_600_800.png,/scratch/parceirosbr/bigoilict/share/BigOil/document_generator/datasets/documents_2021_12_28/pat_20211228_152651_2859507854_600_800.png,pat_20211228_152651_2859507854_600_800_mask.png,
158,3,317,7,72,123,389,130,72,123,389,123,389,130,72,130,sub_line_text,list,list_1,courier,regular,7,pat_20211228_152651_2859507854_600_800.png,/scratch/parceirosbr/bigoilict/share/BigOil/document_generator/datasets/documents_2021_12_28/pat_20211228_152651_2859507854_600_800.png,pat_20211228_152651_2859507854_600_800_mask.png,"-  Para determinar massa retida do analito nos agentes ligantes testados, foram"
218,3,436,7,72,138,508,145,72,138,508,138,508,145,72,145,sub_line_text,list,list_1,courier,regular,7,pat_20211228_152651_2859507854_600_800.png,/scratch/parceirosbr/bigoilict/share/BigOil/document_generator/datasets/documents_2021_12_28/pat_20211228_152651_2859507854_600_800.png,pat_20211228_152651_2859507854_600_800_mask.png,"-  Para a síntese da escolheu-se a metodologia sequencial via programação matemática. Panorama da de no e 25,"
232,3,465,7,72,153,537,160,72,153,537,153,537,160,72,160,sub_line_text,list,list_1,courier,regular,7,pat_20211228_152651_2859507854_600_800.png,/scratch/parceirosbr/bigoilict/share/BigOil/document_generator/datasets/documents_2021_12_28/pat_20211228_152651_2859507854_600_800.png,pat_20211228_152651_2859507854_600_800_mask.png,"-  Gráfico  17.  regional  do  número  de estabelecimentos que produzem dendê (coco) familiar, 2006. Gás esgotado em"
16,3,32,7,84,168,116,175,84,168,116,168,116,175,84,175,sub_line_text,list,list_1,courier,regular,7,pat_20211228_152651_2859507854_600_800.png,/scratch/parceirosbr/bigoilict/share/BigOil/document_generator/datasets/documents_2021_12_28/pat_20211228_152651_2859507854_600_800.png,pat_20211228_152651_2859507854_600_800_mask.png,oxigênio
234,3,468,7,72,183,540,190,72,183,540,183,540,190,72,190,sub_line_text,list,list_1,courier,regular,7,pat_20211228_152651_2859507854_600_800.png,/scratch/parceirosbr/bigoilict/share/BigOil/document_generator/datasets/documents_2021_12_28/pat_20211228_152651_2859507854_600_800.png,pat_20211228_152651_2859507854_600_800_mask.png,-  Neste  trabalho  a  integração dos dados topográficos e morfológicos do fundo com dados ambientais da coluna dágua
16,3,32,7,84,198,116,205,84,198,116,198,116,205,84,205,sub_line_text,list,list_1,courier,regular,7,pat_20211228_152651_2859507854_600_800.png,/scratch/parceirosbr/bigoilict/share/BigOil/document_generator/datasets/documents_2021_12_28/pat_20211228_152651_2859507854_600_800.png,pat_20211228_152651_2859507854_600_800_mask.png,permitiu
222,3,444,7,72,213,516,220,72,213,516,213,516,220,72,220,sub_line_text,list,list_1,courier,regular,7,pat_20211228_152651_2859507854_600_800.png,/scratch/parceirosbr/bigoilict/share/BigOil/document_generator/datasets/documents_2021_12_28/pat_20211228_152651_2859507854_600_800.png,pat_20211228_152651_2859507854_600_800_mask.png,-  Após este procedimento o sedimento foi lavado sucessivas vezes com água destilada separando-se a solução por
226,3,452,7,72,228,524,235,72,228,524,228,524,235,72,235,sub_line_text,list,list_1,courier,regular,7,pat_20211228_152651_2859507854_600_800.png,/scratch/parceirosbr/bigoilict/share/BigOil/document_generator/datasets/documents_2021_12_28/pat_20211228_152651_2859507854_600_800.png,pat_20211228_152651_2859507854_600_800_mask.png,"-  Em termos práticos, o que se fez foi partir da receita líquida propiciada às refinarias pelo preço de venda de"
62,5,125,10,243,248,368,258,243,248,368,248,368,258,243,258,sub_line_text,subsubtitle,subsubtitle_0,courier,bold,9,pat_20211228_152651_2859507854_600_800.png,/scratch/parceirosbr/bigoilict/share/BigOil/document_generator/datasets/documents_2021_12_28/pat_20211228_152651_2859507854_600_800.png,pat_20211228_152651_2859507854_600_800_mask.png,3.1. Boletim dos 2011 dos
62,5,125,10,243,248,368,258,243,248,368,248,368,258,243,258,title,subsubtitle,subsubtitle_0,courier,bold,9,pat_20211228_152651_2859507854_600_800.png,/scratch/parceirosbr/bigoilict/share/BigOil/document_generator/datasets/documents_2021_12_28/pat_20211228_152651_2859507854_600_800.png,pat_20211228_152651_2859507854_600_800_mask.png,nan
202,3,404,7,132,271,536,278,132,271,536,271,536,278,132,278,sub_line_text,text,text_0,courier,regular,7,pat_20211228_152651_2859507854_600_800.png,/scratch/parceirosbr/bigoilict/share/BigOil/document_generator/datasets/documents_2021_12_28/pat_20211228_152651_2859507854_600_800.png,pat_20211228_152651_2859507854_600_800_mask.png,NOTA:  em  valor  corrente.1Inclui condensado. 2Inclui condensado importado pelas centrais petroquím-
232,3,464,7,72,286,536,293,72,286,536,286,536,293,72,293,sub_line_text,text,text_0,courier,regular,7,pat_20211228_152651_2859507854_600_800.png,/scratch/parceirosbr/bigoilict/share/BigOil/document_generator/datasets/documents_2021_12_28/pat_20211228_152651_2859507854_600_800.png,pat_20211228_152651_2859507854_600_800_mask.png,"icas.  Na  verdade,  a política e a ação da nossa companhia têm sido orientadas na direção oposta. Na transesterifi-"
232,3,464,7,72,301,536,308,72,301,536,301,536,308,72,308,sub_line_text,text,text_0,courier,regular,7,pat_20211228_152651_2859507854_600_800.png,/scratch/parceirosbr/bigoilict/share/BigOil/document_generator/datasets/documents_2021_12_28/pat_20211228_152651_2859507854_600_800.png,pat_20211228_152651_2859507854_600_800_mask.png,"cação  de  óleos  vegetais,  um triacilglicerídeo reage com um álcool de cadeia curta na presença de uma base, ácido"
232,3,464,7,72,316,536,323,72,316,536,316,536,323,72,323,sub_line_text,text,text_0,courier,regular,7,pat_20211228_152651_2859507854_600_800.png,/scratch/parceirosbr/bigoilict/share/BigOil/document_generator/datasets/documents_2021_12_28/pat_20211228_152651_2859507854_600_800.png,pat_20211228_152651_2859507854_600_800_mask.png,"forte  ou  enzima  como  catalisador,  produzindo uma mistura de ésteres de ácidos graxos e glicerina (ou glicerol),"
232,3,464,7,72,331,536,338,72,331,536,331,536,338,72,338,sub_line_text,text,text_0,courier,regular,7,pat_20211228_152651_2859507854_600_800.png,/scratch/parceirosbr/bigoilict/share/BigOil/document_generator/datasets/documents_2021_12_28/pat_20211228_152651_2859507854_600_800.png,pat_20211228_152651_2859507854_600_800_mask.png,conforme  esquematizado  na.  Na  3.4 têm-se as curvas reológicas dos fluidos preparados variando a concentração de.
232,3,464,7,72,346,536,353,72,346,536,346,536,353,72,353,sub_line_text,text,text_0,courier,regular,7,pat_20211228_152651_2859507854_600_800.png,/scratch/parceirosbr/bigoilict/share/BigOil/document_generator/datasets/documents_2021_12_28/pat_20211228_152651_2859507854_600_800.png,pat_20211228_152651_2859507854_600_800_mask.png,Uma  massa  de  40  g  de  casca in natura (base seca) foseca) foi suspensa em 450 mL de água destilada. Vimosalguns
224,3,448,7,72,361,520,368,72,361,520,361,520,368,72,368,sub_line_text,text,text_0,courier,regular,7,pat_20211228_152651_2859507854_600_800.png,/scratch/parceirosbr/bigoilict/share/BigOil/document_generator/datasets/documents_2021_12_28/pat_20211228_152651_2859507854_600_800.png,pat_20211228_152651_2859507854_600_800_mask.png,dos potenciais de aplicação e entendimentos gerais da teoria como modelo convincente. Utilizando dos mesmos pro.
232,48,464,97,72,271,536,368,72,271,536,271,536,368,72,368,text,text,text_0,courier,regular,7,pat_20211228_152651_2859507854_600_800.png,/scratch/parceirosbr/bigoilict/share/BigOil/document_generator/datasets/documents_2021_12_28/pat_20211228_152651_2859507854_600_800.png,pat_20211228_152651_2859507854_600_800_mask.png,nan
159,79,318,159,72,381,390,540,72,381,390,381,390,540,72,540,image,figure_image,figure_0,,,,pat_20211228_152651_2859507854_600_800.png,/scratch/parceirosbr/bigoilict/share/BigOil/document_generator/datasets/documents_2021_12_28/pat_20211228_152651_2859507854_600_800.png,pat_20211228_152651_2859507854_600_800_mask.png,output/gen_img_20211228_152652_4705505762.png
10,-10,21,-20,337,473,358,453,337,448,363,473,358,478,332,453,text,figure_text,figure_0,,,,pat_20211228_152651_2859507854_600_800.png,/scratch/parceirosbr/bigoilict/share/BigOil/document_generator/datasets/documents_2021_12_28/pat_20211228_152651_2859507854_600_800.png,pat_20211228_152651_2859507854_600_800_mask.png,-6718.11%
10,-10,21,-20,337,473,358,453,337,448,363,473,358,478,332,453,sub_line_text,figure_text,figure_0,,,,pat_20211228_152651_2859507854_600_800.png,/scratch/parceirosbr/bigoilict/share/BigOil/document_generator/datasets/documents_2021_12_28/pat_20211228_152651_2859507854_600_800.png,pat_20211228_152651_2859507854_600_800_mask.png,-6718.11%
10,-10,21,-21,82,435,103,414,82,408,109,435,103,440,76,414,text,figure_text,figure_0,,,,pat_20211228_152651_2859507854_600_800.png,/scratch/parceirosbr/bigoilict/share/BigOil/document_generator/datasets/documents_2021_12_28/pat_20211228_152651_2859507854_600_800.png,pat_20211228_152651_2859507854_600_800_mask.png,Quality[GB]
10,-10,21,-21,82,435,103,414,82,408,109,435,103,440,76,414,sub_line_text,figure_text,figure_0,,,,pat_20211228_152651_2859507854_600_800.png,/scratch/parceirosbr/bigoilict/share/BigOil/document_generator/datasets/documents_2021_12_28/pat_20211228_152651_2859507854_600_800.png,pat_20211228_152651_2859507854_600_800_mask.png,Quality[GB]
18,-7,36,-14,167,442,203,428,167,422,207,442,203,448,164,428,text,figure_text,figure_0,,,,pat_20211228_152651_2859507854_600_800.png,/scratch/parceirosbr/bigoilict/share/BigOil/document_generator/datasets/documents_2021_12_28/pat_20211228_152651_2859507854_600_800.png,pat_20211228_152651_2859507854_600_800_mask.png,Accumulated
18,-7,36,-14,167,442,203,428,167,422,207,442,203,448,164,428,sub_line_text,figure_text,figure_0,,,,pat_20211228_152651_2859507854_600_800.png,/scratch/parceirosbr/bigoilict/share/BigOil/document_generator/datasets/documents_2021_12_28/pat_20211228_152651_2859507854_600_800.png,pat_20211228_152651_2859507854_600_800_mask.png,Accumulated
4,-1,9,-2,238,453,247,451,238,445,251,453,247,458,234,451,text,figure_text,figure_0,,,,pat_20211228_152651_2859507854_600_800.png,/scratch/parceirosbr/bigoilict/share/BigOil/document_generator/datasets/documents_2021_12_28/pat_20211228_152651_2859507854_600_800.png,pat_20211228_152651_2859507854_600_800_mask.png,-401
4,-1,9,-2,238,453,247,451,238,445,251,453,247,458,234,451,sub_line_text,figure_text,figure_0,,,,pat_20211228_152651_2859507854_600_800.png,/scratch/parceirosbr/bigoilict/share/BigOil/document_generator/datasets/documents_2021_12_28/pat_20211228_152651_2859507854_600_800.png,pat_20211228_152651_2859507854_600_800_mask.png,-401
3,-5,6,-11,222,413,228,402,222,398,234,413,228,417,216,402,text,figure_text,figure_0,,,,pat_20211228_152651_2859507854_600_800.png,/scratch/parceirosbr/bigoilict/share/BigOil/document_generator/datasets/documents_2021_12_28/pat_20211228_152651_2859507854_600_800.png,pat_20211228_152651_2859507854_600_800_mask.png,684.9
3,-5,6,-11,222,413,228,402,222,398,234,413,228,417,216,402,sub_line_text,figure_text,figure_0,,,,pat_20211228_152651_2859507854_600_800.png,/scratch/parceirosbr/bigoilict/share/BigOil/document_generator/datasets/documents_2021_12_28/pat_20211228_152651_2859507854_600_800.png,pat_20211228_152651_2859507854_600_800_mask.png,684.9
14,-4,28,-8,251,429,279,421,251,413,283,429,279,437,247,421,text,figure_text,figure_0,,,,pat_20211228_152651_2859507854_600_800.png,/scratch/parceirosbr/bigoilict/share/BigOil/document_generator/datasets/documents_2021_12_28/pat_20211228_152651_2859507854_600_800.png,pat_20211228_152651_2859507854_600_800_mask.png,Energy (V)
14,-4,28,-8,251,429,279,421,251,413,283,429,279,437,247,421,sub_line_text,figure_text,figure_0,,,,pat_20211228_152651_2859507854_600_800.png,/scratch/parceirosbr/bigoilict/share/BigOil/document_generator/datasets/documents_2021_12_28/pat_20211228_152651_2859507854_600_800.png,pat_20211228_152651_2859507854_600_800_mask.png,Energy (V)
5,-7,10,-14,122,511,132,497,122,491,138,511,132,517,115,497,text,figure_text,figure_0,,,,pat_20211228_152651_2859507854_600_800.png,/scratch/parceirosbr/bigoilict/share/BigOil/document_generator/datasets/documents_2021_12_28/pat_20211228_152651_2859507854_600_800.png,pat_20211228_152651_2859507854_600_800_mask.png,Fluency
5,-7,10,-14,122,511,132,497,122,491,138,511,132,517,115,497,sub_line_text,figure_text,figure_0,,,,pat_20211228_152651_2859507854_600_800.png,/scratch/parceirosbr/bigoilict/share/BigOil/document_generator/datasets/documents_2021_12_28/pat_20211228_152651_2859507854_600_800.png,pat_20211228_152651_2859507854_600_800_mask.png,Fluency
13,-5,27,-10,350,527,377,517,350,511,380,527,377,533,347,517,text,figure_text,figure_0,,,,pat_20211228_152651_2859507854_600_800.png,/scratch/parceirosbr/bigoilict/share/BigOil/document_generator/datasets/documents_2021_12_28/pat_20211228_152651_2859507854_600_800.png,pat_20211228_152651_2859507854_600_800_mask.png,-9564.604
13,-5,27,-10,350,527,377,517,350,511,380,527,377,533,347,517,sub_line_text,figure_text,figure_0,,,,pat_20211228_152651_2859507854_600_800.png,/scratch/parceirosbr/bigoilict/share/BigOil/document_generator/datasets/documents_2021_12_28/pat_20211228_152651_2859507854_600_800.png,pat_20211228_152651_2859507854_600_800_mask.png,-9564.604
11,-6,23,-13,268,481,291,468,268,462,296,481,291,488,263,468,text,figure_text,figure_0,,,,pat_20211228_152651_2859507854_600_800.png,/scratch/parceirosbr/bigoilict/share/BigOil/document_generator/datasets/documents_2021_12_28/pat_20211228_152651_2859507854_600_800.png,pat_20211228_152651_2859507854_600_800_mask.png,Data (MB)
11,-6,23,-13,268,481,291,468,268,462,296,481,291,488,263,468,sub_line_text,figure_text,figure_0,,,,pat_20211228_152651_2859507854_600_800.png,/scratch/parceirosbr/bigoilict/share/BigOil/document_generator/datasets/documents_2021_12_28/pat_20211228_152651_2859507854_600_800.png,pat_20211228_152651_2859507854_600_800_mask.png,Data (MB)
7,-9,15,-18,87,484,102,466,87,461,108,484,102,490,81,466,text,figure_text,figure_0,,,,pat_20211228_152651_2859507854_600_800.png,/scratch/parceirosbr/bigoilict/share/BigOil/document_generator/datasets/documents_2021_12_28/pat_20211228_152651_2859507854_600_800.png,pat_20211228_152651_2859507854_600_800_mask.png,Speed ​​[v]
7,-9,15,-18,87,484,102,466,87,461,108,484,102,490,81,466,sub_line_text,figure_text,figure_0,,,,pat_20211228_152651_2859507854_600_800.png,/scratch/parceirosbr/bigoilict/share/BigOil/document_generator/datasets/documents_2021_12_28/pat_20211228_152651_2859507854_600_800.png,pat_20211228_152651_2859507854_600_800_mask.png,Speed ​​[v]
0,-9,1,-18,374,406,375,388,374,385,383,406,375,410,366,388,text,figure_text,figure_0,,,,pat_20211228_152651_2859507854_600_800.png,/scratch/parceirosbr/bigoilict/share/BigOil/document_generator/datasets/documents_2021_12_28/pat_20211228_152651_2859507854_600_800.png,pat_20211228_152651_2859507854_600_800_mask.png,Length
0,-9,1,-18,374,406,375,388,374,385,383,406,375,410,366,388,sub_line_text,figure_text,figure_0,,,,pat_20211228_152651_2859507854_600_800.png,/scratch/parceirosbr/bigoilict/share/BigOil/document_generator/datasets/documents_2021_12_28/pat_20211228_152651_2859507854_600_800.png,pat_20211228_152651_2859507854_600_800_mask.png,Length
10,-4,21,-9,120,458,141,449,120,443,146,458,141,465,115,449,text,figure_text,figure_0,,,,pat_20211228_152651_2859507854_600_800.png,/scratch/parceirosbr/bigoilict/share/BigOil/document_generator/datasets/documents_2021_12_28/pat_20211228_152651_2859507854_600_800.png,pat_20211228_152651_2859507854_600_800_mask.png,Level (kl)
10,-4,21,-9,120,458,141,449,120,443,146,458,141,465,115,449,sub_line_text,figure_text,figure_0,,,,pat_20211228_152651_2859507854_600_800.png,/scratch/parceirosbr/bigoilict/share/BigOil/document_generator/datasets/documents_2021_12_28/pat_20211228_152651_2859507854_600_800.png,pat_20211228_152651_2859507854_600_800_mask.png,Level (kl)
8,-8,16,-17,237,490,253,473,237,468,258,490,253,495,232,473,text,figure_text,figure_0,,,,pat_20211228_152651_2859507854_600_800.png,/scratch/parceirosbr/bigoilict/share/BigOil/document_generator/datasets/documents_2021_12_28/pat_20211228_152651_2859507854_600_800.png,pat_20211228_152651_2859507854_600_800_mask.png,-4670.92
8,-8,16,-17,237,490,253,473,237,468,258,490,253,495,232,473,sub_line_text,figure_text,figure_0,,,,pat_20211228_152651_2859507854_600_800.png,/scratch/parceirosbr/bigoilict/share/BigOil/document_generator/datasets/documents_2021_12_28/pat_20211228_152651_2859507854_600_800.png,pat_20211228_152651_2859507854_600_800_mask.png,-4670.92
6,0,12,0,109,528,121,528,109,521,125,528,121,536,105,528,text,figure_text,figure_0,,,,pat_20211228_152651_2859507854_600_800.png,/scratch/parceirosbr/bigoilict/share/BigOil/document_generator/datasets/documents_2021_12_28/pat_20211228_152651_2859507854_600_800.png,pat_20211228_152651_2859507854_600_800_mask.png,Days
6,0,12,0,109,528,121,528,109,521,125,528,121,536,105,528,sub_line_text,figure_text,figure_0,,,,pat_20211228_152651_2859507854_600_800.png,/scratch/parceirosbr/bigoilict/share/BigOil/document_generator/datasets/documents_2021_12_28/pat_20211228_152651_2859507854_600_800.png,pat_20211228_152651_2859507854_600_800_mask.png,Days
4,-14,9,-28,303,533,312,505,303,502,318,533,312,536,296,505,text,figure_text,figure_0,,,,pat_20211228_152651_2859507854_600_800.png,/scratch/parceirosbr/bigoilict/share/BigOil/document_generator/datasets/documents_2021_12_28/pat_20211228_152651_2859507854_600_800.png,pat_20211228_152651_2859507854_600_800_mask.png,-4021.247
4,-14,9,-28,303,533,312,505,303,502,318,533,312,536,296,505,sub_line_text,figure_text,figure_0,,,,pat_20211228_152651_2859507854_600_800.png,/scratch/parceirosbr/bigoilict/share/BigOil/document_generator/datasets/documents_2021_12_28/pat_20211228_152651_2859507854_600_800.png,pat_20211228_152651_2859507854_600_800_mask.png,-4021.247
3,-13,6,-27,187,520,193,493,187,491,199,520,193,523,180,493,text,figure_text,figure_0,,,,pat_20211228_152651_2859507854_600_800.png,/scratch/parceirosbr/bigoilict/share/BigOil/document_generator/datasets/documents_2021_12_28/pat_20211228_152651_2859507854_600_800.png,pat_20211228_152651_2859507854_600_800_mask.png,-7419.8%
3,-13,6,-27,187,520,193,493,187,491,199,520,193,523,180,493,sub_line_text,figure_text,figure_0,,,,pat_20211228_152651_2859507854_600_800.png,/scratch/parceirosbr/bigoilict/share/BigOil/document_generator/datasets/documents_2021_12_28/pat_20211228_152651_2859507854_600_800.png,pat_20211228_152651_2859507854_600_800_mask.png,-7419.8%
5,-11,11,-23,128,419,139,396,128,392,145,419,139,423,122,396,text,figure_text,figure_0,,,,pat_20211228_152651_2859507854_600_800.png,/scratch/parceirosbr/bigoilict/share/BigOil/document_generator/datasets/documents_2021_12_28/pat_20211228_152651_2859507854_600_800.png,pat_20211228_152651_2859507854_600_800_mask.png,-3356.3%
5,-11,11,-23,128,419,139,396,128,392,145,419,139,423,122,396,sub_line_text,figure_text,figure_0,,,,pat_20211228_152651_2859507854_600_800.png,/scratch/parceirosbr/bigoilict/share/BigOil/document_generator/datasets/documents_2021_12_28/pat_20211228_152651_2859507854_600_800.png,pat_20211228_152651_2859507854_600_800_mask.png,-3356.3%
6,-7,12,-14,347,428,359,414,347,410,364,428,359,432,342,414,text,figure_text,figure_0,,,,pat_20211228_152651_2859507854_600_800.png,/scratch/parceirosbr/bigoilict/share/BigOil/document_generator/datasets/documents_2021_12_28/pat_20211228_152651_2859507854_600_800.png,pat_20211228_152651_2859507854_600_800_mask.png,Particle
6,-7,12,-14,347,428,359,414,347,410,364,428,359,432,342,414,sub_line_text,figure_text,figure_0,,,,pat_20211228_152651_2859507854_600_800.png,/scratch/parceirosbr/bigoilict/share/BigOil/document_generator/datasets/documents_2021_12_28/pat_20211228_152651_2859507854_600_800.png,pat_20211228_152651_2859507854_600_800_mask.png,Particle
3,-10,6,-20,305,436,311,416,305,413,316,436,311,439,298,416,text,figure_text,figure_0,,,,pat_20211228_152651_2859507854_600_800.png,/scratch/parceirosbr/bigoilict/share/BigOil/document_generator/datasets/documents_2021_12_28/pat_20211228_152651_2859507854_600_800.png,pat_20211228_152651_2859507854_600_800_mask.png,-2093.5
3,-10,6,-20,305,436,311,416,305,413,316,436,311,439,298,416,sub_line_text,figure_text,figure_0,,,,pat_20211228_152651_2859507854_600_800.png,/scratch/parceirosbr/bigoilict/share/BigOil/document_generator/datasets/documents_2021_12_28/pat_20211228_152651_2859507854_600_800.png,pat_20211228_152651_2859507854_600_800_mask.png,-2093.5
0,-4,-1,-8,339,524,338,516,339,513,344,524,338,527,332,516,text,figure_text,figure_0,,,,pat_20211228_152651_2859507854_600_800.png,/scratch/parceirosbr/bigoilict/share/BigOil/document_generator/datasets/documents_2021_12_28/pat_20211228_152651_2859507854_600_800.png,pat_20211228_152651_2859507854_600_800_mask.png,912
0,-4,-1,-8,339,524,338,516,339,513,344,524,338,527,332,516,sub_line_text,figure_text,figure_0,,,,pat_20211228_152651_2859507854_600_800.png,/scratch/parceirosbr/bigoilict/share/BigOil/document_generator/datasets/documents_2021_12_28/pat_20211228_152651_2859507854_600_800.png,pat_20211228_152651_2859507854_600_800_mask.png,912
5,-9,10,-18,193,408,203,390,193,386,209,408,203,412,187,390,text,figure_text,figure_0,,,,pat_20211228_152651_2859507854_600_800.png,/scratch/parceirosbr/bigoilict/share/BigOil/document_generator/datasets/documents_2021_12_28/pat_20211228_152651_2859507854_600_800.png,pat_20211228_152651_2859507854_600_800_mask.png,Traction
5,-9,10,-18,193,408,203,390,193,386,209,408,203,412,187,390,sub_line_text,figure_text,figure_0,,,,pat_20211228_152651_2859507854_600_800.png,/scratch/parceirosbr/bigoilict/share/BigOil/document_generator/datasets/documents_2021_12_28/pat_20211228_152651_2859507854_600_800.png,pat_20211228_152651_2859507854_600_800_mask.png,Traction
4,-15,9,-30,217,531,226,501,217,499,233,531,226,534,210,501,text,figure_text,figure_0,,,,pat_20211228_152651_2859507854_600_800.png,/scratch/parceirosbr/bigoilict/share/BigOil/document_generator/datasets/documents_2021_12_28/pat_20211228_152651_2859507854_600_800.png,pat_20211228_152651_2859507854_600_800_mask.png,-2792.74%
4,-15,9,-30,217,531,226,501,217,499,233,531,226,534,210,501,sub_line_text,figure_text,figure_0,,,,pat_20211228_152651_2859507854_600_800.png,/scratch/parceirosbr/bigoilict/share/BigOil/document_generator/datasets/documents_2021_12_28/pat_20211228_152651_2859507854_600_800.png,pat_20211228_152651_2859507854_600_800_mask.png,-2792.74%
48,3,97,7,438,381,535,388,438,381,535,381,535,388,438,388,sub_line_text,figure_legend,figure_0,courier,bolditalic,7,pat_20211228_152651_2859507854_600_800.png,/scratch/parceirosbr/bigoilict/share/BigOil/document_generator/datasets/documents_2021_12_28/pat_20211228_152651_2859507854_600_800.png,pat_20211228_152651_2859507854_600_800_mask.png,Fig.   114:    Por  meio
48,3,97,7,438,392,535,399,438,392,535,392,535,399,438,399,sub_line_text,figure_legend,figure_0,courier,bolditalic,7,pat_20211228_152651_2859507854_600_800.png,/scratch/parceirosbr/bigoilict/share/BigOil/document_generator/datasets/documents_2021_12_28/pat_20211228_152651_2859507854_600_800.png,pat_20211228_152651_2859507854_600_800_mask.png,desse    trabalho    que
48,3,97,7,438,403,535,410,438,403,535,403,535,410,438,410,sub_line_text,figure_legend,figure_0,courier,bolditalic,7,pat_20211228_152651_2859507854_600_800.png,/scratch/parceirosbr/bigoilict/share/BigOil/document_generator/datasets/documents_2021_12_28/pat_20211228_152651_2859507854_600_800.png,pat_20211228_152651_2859507854_600_800_mask.png,"de  fato,  o  começou  a"
48,3,97,7,438,414,535,421,438,414,535,414,535,421,438,421,sub_line_text,figure_legend,figure_0,courier,bolditalic,7,pat_20211228_152651_2859507854_600_800.png,/scratch/parceirosbr/bigoilict/share/BigOil/document_generator/datasets/documents_2021_12_28/pat_20211228_152651_2859507854_600_800.png,pat_20211228_152651_2859507854_600_800_mask.png,se   tornar   um  proce-
48,3,97,7,438,425,535,432,438,425,535,425,535,432,438,432,sub_line_text,figure_legend,figure_0,courier,bolditalic,7,pat_20211228_152651_2859507854_600_800.png,/scratch/parceirosbr/bigoilict/share/BigOil/document_generator/datasets/documents_2021_12_28/pat_20211228_152651_2859507854_600_800.png,pat_20211228_152651_2859507854_600_800_mask.png,sso   industrial.    Se-
28,3,56,7,438,436,494,443,438,436,494,436,494,443,438,443,sub_line_text,figure_legend,figure_0,courier,bolditalic,7,pat_20211228_152651_2859507854_600_800.png,/scratch/parceirosbr/bigoilict/share/BigOil/document_generator/datasets/documents_2021_12_28/pat_20211228_152651_2859507854_600_800.png,pat_20211228_152651_2859507854_600_800_mask.png,"gundo o autor,"
48,31,97,62,438,381,535,443,438,381,535,381,535,443,438,443,text,figure_legend,figure_0,courier,bolditalic,7,pat_20211228_152651_2859507854_600_800.png,/scratch/parceirosbr/bigoilict/share/BigOil/document_generator/datasets/documents_2021_12_28/pat_20211228_152651_2859507854_600_800.png,pat_20211228_152651_2859507854_600_800_mask.png,nan
202,3,404,7,132,553,536,560,132,553,536,553,536,560,132,560,sub_line_text,text,text_1,courier,regular,7,pat_20211228_152651_2859507854_600_800.png,/scratch/parceirosbr/bigoilict/share/BigOil/document_generator/datasets/documents_2021_12_28/pat_20211228_152651_2859507854_600_800.png,pat_20211228_152651_2859507854_600_800_mask.png,"O  2  ilustra  o comportamento da diferença média, por região, entre o preço do vendido 24 como já i-"
232,3,464,7,72,568,536,575,72,568,536,568,536,575,72,575,sub_line_text,text,text_1,courier,regular,7,pat_20211228_152651_2859507854_600_800.png,/scratch/parceirosbr/bigoilict/share/BigOil/document_generator/datasets/documents_2021_12_28/pat_20211228_152651_2859507854_600_800.png,pat_20211228_152651_2859507854_600_800_mask.png,"ndicado,  a  não  dispõe  dos  preços dos demais vasilhames (P20, e outros) nas etapas de distribuição e de revenda."
232,3,464,7,72,583,536,590,72,583,536,583,536,590,72,590,sub_line_text,text,text_1,courier,regular,7,pat_20211228_152651_2859507854_600_800.png,/scratch/parceirosbr/bigoilict/share/BigOil/document_generator/datasets/documents_2021_12_28/pat_20211228_152651_2859507854_600_800.png,pat_20211228_152651_2859507854_600_800_mask.png,"O  autor  explica  que  mesmo o biodiesel possuindo um poder calorífico menor, esse comportamento deve-se a uma mai-"
232,3,464,7,72,598,536,605,72,598,536,598,536,605,72,605,sub_line_text,text,text_1,courier,regular,7,pat_20211228_152651_2859507854_600_800.png,/scratch/parceirosbr/bigoilict/share/BigOil/document_generator/datasets/documents_2021_12_28/pat_20211228_152651_2859507854_600_800.png,pat_20211228_152651_2859507854_600_800_mask.png,"or  razão  de  equivalência,  consequentemente realizando uma combustão mais completa do combustível. O campo elétr-"
232,3,464,7,72,613,536,620,72,613,536,613,536,620,72,620,sub_line_text,text,text_1,courier,regular,7,pat_20211228_152651_2859507854_600_800.png,/scratch/parceirosbr/bigoilict/share/BigOil/document_generator/datasets/documents_2021_12_28/pat_20211228_152651_2859507854_600_800.png,pat_20211228_152651_2859507854_600_800_mask.png,ico  é  estimado  a  partir  da razão entre a diferença de potencial medida e a distância entre os eletrodos. Curvas
232,3,464,7,72,628,536,635,72,628,536,628,536,635,72,635,sub_line_text,text,text_1,courier,regular,7,pat_20211228_152651_2859507854_600_800.png,/scratch/parceirosbr/bigoilict/share/BigOil/document_generator/datasets/documents_2021_12_28/pat_20211228_152651_2859507854_600_800.png,pat_20211228_152651_2859507854_600_800_mask.png,corrente  (i)  versus  potencial  obtidas  para sucessivas adições de 50L da nafta 2/2002. Derivados de derivados de
232,3,464,7,72,643,536,650,72,643,536,643,536,650,72,650,sub_line_text,text,text_1,courier,regular,7,pat_20211228_152651_2859507854_600_800.png,/scratch/parceirosbr/bigoilict/share/BigOil/document_generator/datasets/documents_2021_12_28/pat_20211228_152651_2859507854_600_800.png,pat_20211228_152651_2859507854_600_800_mask.png,"petróleo  utilizados  predominantemente  como combustíveis, isto é, com a finalidade de liberar energia, luz ou amb-"
232,3,464,7,72,658,536,665,72,658,536,658,536,665,72,665,sub_line_text,text,text_1,courier,regular,7,pat_20211228_152651_2859507854_600_800.png,/scratch/parceirosbr/bigoilict/share/BigOil/document_generator/datasets/documents_2021_12_28/pat_20211228_152651_2859507854_600_800.png,pat_20211228_152651_2859507854_600_800_mask.png,"os,  a  partir  de  sua queima. De um modo geral, no mercado de distribuição, as empresas de menor porte e, em algu-"
226,3,452,7,72,673,524,680,72,673,524,673,524,680,72,680,sub_line_text,text,text_1,courier,regular,7,pat_20211228_152651_2859507854_600_800.png,/scratch/parceirosbr/bigoilict/share/BigOil/document_generator/datasets/documents_2021_12_28/pat_20211228_152651_2859507854_600_800.png,pat_20211228_152651_2859507854_600_800_mask.png,"ns casos, até mesmo as de médio porte não têm escala suficiente para transportar seus produtos pelos modos dutov."
232,63,464,127,72,553,536,680,72,553,536,553,536,680,72,680,text,text,text_1,courier,regular,7,pat_20211228_152651_2859507854_600_800.png,/scratch/parceirosbr/bigoilict/share/BigOil/document_generator/datasets/documents_2021_12_28/pat_20211228_152651_2859507854_600_800.png,pat_20211228_152651_2859507854_600_800_mask.png,nan
202,3,404,7,132,693,536,700,132,693,536,693,536,700,132,700,sub_line_text,text,text_2,courier,regular,7,pat_20211228_152651_2859507854_600_800.png,/scratch/parceirosbr/bigoilict/share/BigOil/document_generator/datasets/documents_2021_12_28/pat_20211228_152651_2859507854_600_800.png,pat_20211228_152651_2859507854_600_800_mask.png,"Dentre  as  fontes antropogênicas, as atividades petroquímicas são grandes fontes geradores de para o"
228,3,456,7,72,708,528,715,72,708,528,708,528,715,72,715,sub_line_text,text,text_2,courier,regular,7,pat_20211228_152651_2859507854_600_800.png,/scratch/parceirosbr/bigoilict/share/BigOil/document_generator/datasets/documents_2021_12_28/pat_20211228_152651_2859507854_600_800.png,pat_20211228_152651_2859507854_600_800_mask.png,"meio ambiente et al., 2004). Darcy injeção de óleo xxi koef@Swi-O2 efetiva ao óleo na saturação de água conata na."
232,11,464,22,72,693,536,715,72,693,536,693,536,715,72,715,text,text,text_2,courier,regular,7,pat_20211228_152651_2859507854_600_800.png,/scratch/parceirosbr/bigoilict/share/BigOil/document_generator/datasets/documents_2021_12_28/pat_20211228_152651_2859507854_600_800.png,pat_20211228_152651_2859507854_600_800_mask.png,nan
