center_x,center_y,width,height,xmin,ymin,xmax,ymax,top_left_x,top_left_y,top_right_x,top_right_y,bottom_right_x,bottom_right_y,bottom_left_x,bottom_left_y,label,grouplabel,group,text_font,text_style,size_font,filename,path,filename_mask,content
300,400,600,800,0,0,600,800,0,0,600,0,600,800,0,800,document,,,,,,pat_20211228_152614_4698090833_600_800.png,/scratch/parceirosbr/bigoilict/share/BigOil/document_generator/datasets/documents_2021_12_28/pat_20211228_152614_4698090833_600_800.png,pat_20211228_152614_4698090833_600_800_mask.png,
6,5,13,11,294,62,307,73,294,62,307,62,307,73,294,73,sub_line_text,header,header_1,times,regular,9,pat_20211228_152614_4698090833_600_800.png,/scratch/parceirosbr/bigoilict/share/BigOil/document_generator/datasets/documents_2021_12_28/pat_20211228_152614_4698090833_600_800.png,pat_20211228_152614_4698090833_600_800_mask.png,Em
6,5,13,11,294,62,307,73,294,62,307,62,307,73,294,73,text,header,header_1,times,regular,9,pat_20211228_152614_4698090833_600_800.png,/scratch/parceirosbr/bigoilict/share/BigOil/document_generator/datasets/documents_2021_12_28/pat_20211228_152614_4698090833_600_800.png,pat_20211228_152614_4698090833_600_800_mask.png,nan
239,1,478,2,62,72,540,74,62,72,540,72,540,74,62,74,line,line,line,,,,pat_20211228_152614_4698090833_600_800.png,/scratch/parceirosbr/bigoilict/share/BigOil/document_generator/datasets/documents_2021_12_28/pat_20211228_152614_4698090833_600_800.png,pat_20211228_152614_4698090833_600_800_mask.png,nan
239,0,478,1,62,724,540,725,62,724,540,724,540,725,62,725,line,line,line,,,,pat_20211228_152614_4698090833_600_800.png,/scratch/parceirosbr/bigoilict/share/BigOil/document_generator/datasets/documents_2021_12_28/pat_20211228_152614_4698090833_600_800.png,pat_20211228_152614_4698090833_600_800_mask.png,nan
5,5,10,10,62,724,72,734,62,724,72,724,72,734,62,734,sub_line_text,numpag,footer_1,times,regular,9,pat_20211228_152614_4698090833_600_800.png,/scratch/parceirosbr/bigoilict/share/BigOil/document_generator/datasets/documents_2021_12_28/pat_20211228_152614_4698090833_600_800.png,pat_20211228_152614_4698090833_600_800_mask.png,35
5,5,10,10,62,724,72,734,62,724,72,724,72,734,62,734,text,numpag,footer_1,times,regular,9,pat_20211228_152614_4698090833_600_800.png,/scratch/parceirosbr/bigoilict/share/BigOil/document_generator/datasets/documents_2021_12_28/pat_20211228_152614_4698090833_600_800.png,pat_20211228_152614_4698090833_600_800_mask.png,nan
102,7,204,15,198,87,402,102,198,87,402,87,402,102,198,102,sub_line_text,subtitle,subtitle_0,times,regular,13,pat_20211228_152614_4698090833_600_800.png,/scratch/parceirosbr/bigoilict/share/BigOil/document_generator/datasets/documents_2021_12_28/pat_20211228_152614_4698090833_600_800.png,pat_20211228_152614_4698090833_600_800_mask.png,5. indicada perfil porosidade aparente
102,7,204,15,198,87,402,102,198,87,402,87,402,102,198,102,title,subtitle,subtitle_0,times,regular,13,pat_20211228_152614_4698090833_600_800.png,/scratch/parceirosbr/bigoilict/share/BigOil/document_generator/datasets/documents_2021_12_28/pat_20211228_152614_4698090833_600_800.png,pat_20211228_152614_4698090833_600_800_mask.png,nan
74,6,149,12,224,114,373,126,224,114,373,114,373,126,224,126,sub_line_text,subsubtitle,subsubtitle_0,times,bold,11,pat_20211228_152614_4698090833_600_800.png,/scratch/parceirosbr/bigoilict/share/BigOil/document_generator/datasets/documents_2021_12_28/pat_20211228_152614_4698090833_600_800.png,pat_20211228_152614_4698090833_600_800_mask.png,5.5. Desde última semana maio
74,6,149,12,224,114,373,126,224,114,373,114,373,126,224,126,title,subsubtitle,subsubtitle_0,times,bold,11,pat_20211228_152614_4698090833_600_800.png,/scratch/parceirosbr/bigoilict/share/BigOil/document_generator/datasets/documents_2021_12_28/pat_20211228_152614_4698090833_600_800.png,pat_20211228_152614_4698090833_600_800_mask.png,nan
84,5,168,11,62,138,230,149,62,138,230,138,230,149,62,149,sub_line_text,subsubsubtitle,subsubsubtitle_0,times,bolditalic,9,pat_20211228_152614_4698090833_600_800.png,/scratch/parceirosbr/bigoilict/share/BigOil/document_generator/datasets/documents_2021_12_28/pat_20211228_152614_4698090833_600_800.png,pat_20211228_152614_4698090833_600_800_mask.png,5.1.3. Biocombustíveis- aos laboratórios a
84,5,168,11,62,138,230,149,62,138,230,138,230,149,62,149,title,subsubsubtitle,subsubsubtitle_0,times,bolditalic,9,pat_20211228_152614_4698090833_600_800.png,/scratch/parceirosbr/bigoilict/share/BigOil/document_generator/datasets/documents_2021_12_28/pat_20211228_152614_4698090833_600_800.png,pat_20211228_152614_4698090833_600_800_mask.png,nan
232,97,465,194,68,161,533,355,68,161,533,161,533,355,68,355,table,table_image,table_0,,,,pat_20211228_152614_4698090833_600_800.png,/scratch/parceirosbr/bigoilict/share/BigOil/document_generator/datasets/documents_2021_12_28/pat_20211228_152614_4698090833_600_800.png,pat_20211228_152614_4698090833_600_800_mask.png,output/gen_tab_20211228_152615_5243635212.png
21,5,43,10,95,164,138,174,95,164,138,164,138,174,95,174,text,table_text,table_0,times,bold,9.0,pat_20211228_152614_4698090833_600_800.png,/scratch/parceirosbr/bigoilict/share/BigOil/document_generator/datasets/documents_2021_12_28/pat_20211228_152614_4698090833_600_800.png,pat_20211228_152614_4698090833_600_800_mask.png,exploração
21,5,43,10,95,164,138,174,95,164,138,164,138,174,95,174,sub_line_text,table_text,table_0,times,bold,9.0,pat_20211228_152614_4698090833_600_800.png,/scratch/parceirosbr/bigoilict/share/BigOil/document_generator/datasets/documents_2021_12_28/pat_20211228_152614_4698090833_600_800.png,pat_20211228_152614_4698090833_600_800_mask.png,exploração
11,5,22,10,106,178,128,188,106,178,128,178,128,188,106,188,text,table_text,table_0,times,bold,9.0,pat_20211228_152614_4698090833_600_800.png,/scratch/parceirosbr/bigoilict/share/BigOil/document_generator/datasets/documents_2021_12_28/pat_20211228_152614_4698090833_600_800.png,pat_20211228_152614_4698090833_600_800_mask.png,fundo
11,5,22,10,106,178,128,188,106,178,128,178,128,188,106,188,sub_line_text,table_text,table_0,times,bold,9.0,pat_20211228_152614_4698090833_600_800.png,/scratch/parceirosbr/bigoilict/share/BigOil/document_generator/datasets/documents_2021_12_28/pat_20211228_152614_4698090833_600_800.png,pat_20211228_152614_4698090833_600_800_mask.png,fundo
16,5,33,10,101,192,134,202,101,192,134,192,134,202,101,202,text,table_text,table_0,times,bold,9.0,pat_20211228_152614_4698090833_600_800.png,/scratch/parceirosbr/bigoilict/share/BigOil/document_generator/datasets/documents_2021_12_28/pat_20211228_152614_4698090833_600_800.png,pat_20211228_152614_4698090833_600_800_mask.png,recursos
16,5,33,10,101,192,134,202,101,192,134,192,134,202,101,202,sub_line_text,table_text,table_0,times,bold,9.0,pat_20211228_152614_4698090833_600_800.png,/scratch/parceirosbr/bigoilict/share/BigOil/document_generator/datasets/documents_2021_12_28/pat_20211228_152614_4698090833_600_800.png,pat_20211228_152614_4698090833_600_800_mask.png,recursos
10,5,21,10,106,205,127,215,106,205,127,205,127,215,106,215,text,table_text,table_0,times,bold,9.0,pat_20211228_152614_4698090833_600_800.png,/scratch/parceirosbr/bigoilict/share/BigOil/document_generator/datasets/documents_2021_12_28/pat_20211228_152614_4698090833_600_800.png,pat_20211228_152614_4698090833_600_800_mask.png,sobre
10,5,21,10,106,205,127,215,106,205,127,205,127,215,106,215,sub_line_text,table_text,table_0,times,bold,9.0,pat_20211228_152614_4698090833_600_800.png,/scratch/parceirosbr/bigoilict/share/BigOil/document_generator/datasets/documents_2021_12_28/pat_20211228_152614_4698090833_600_800.png,pat_20211228_152614_4698090833_600_800_mask.png,sobre
12,5,24,10,105,219,129,229,105,219,129,219,129,229,105,229,text,table_text,table_0,times,bold,9.0,pat_20211228_152614_4698090833_600_800.png,/scratch/parceirosbr/bigoilict/share/BigOil/document_generator/datasets/documents_2021_12_28/pat_20211228_152614_4698090833_600_800.png,pat_20211228_152614_4698090833_600_800_mask.png,fatode
12,5,24,10,105,219,129,229,105,219,129,219,129,229,105,229,sub_line_text,table_text,table_0,times,bold,9.0,pat_20211228_152614_4698090833_600_800.png,/scratch/parceirosbr/bigoilict/share/BigOil/document_generator/datasets/documents_2021_12_28/pat_20211228_152614_4698090833_600_800.png,pat_20211228_152614_4698090833_600_800_mask.png,fatode
13,5,27,10,104,233,131,243,104,233,131,233,131,243,104,243,text,table_text,table_0,times,bold,9.0,pat_20211228_152614_4698090833_600_800.png,/scratch/parceirosbr/bigoilict/share/BigOil/document_generator/datasets/documents_2021_12_28/pat_20211228_152614_4698090833_600_800.png,pat_20211228_152614_4698090833_600_800_mask.png,estaria
13,5,27,10,104,233,131,243,104,233,131,233,131,243,104,243,sub_line_text,table_text,table_0,times,bold,9.0,pat_20211228_152614_4698090833_600_800.png,/scratch/parceirosbr/bigoilict/share/BigOil/document_generator/datasets/documents_2021_12_28/pat_20211228_152614_4698090833_600_800.png,pat_20211228_152614_4698090833_600_800_mask.png,estaria
33,5,66,10,84,246,150,256,84,246,150,246,150,256,84,256,text,table_text,table_0,times,bold,9.0,pat_20211228_152614_4698090833_600_800.png,/scratch/parceirosbr/bigoilict/share/BigOil/document_generator/datasets/documents_2021_12_28/pat_20211228_152614_4698090833_600_800.png,pat_20211228_152614_4698090833_600_800_mask.png,comportamentos
33,5,66,10,84,246,150,256,84,246,150,246,150,256,84,256,sub_line_text,table_text,table_0,times,bold,9.0,pat_20211228_152614_4698090833_600_800.png,/scratch/parceirosbr/bigoilict/share/BigOil/document_generator/datasets/documents_2021_12_28/pat_20211228_152614_4698090833_600_800.png,pat_20211228_152614_4698090833_600_800_mask.png,comportamentos
15,5,31,10,102,260,133,270,102,260,133,260,133,270,102,270,text,table_text,table_0,times,bold,9.0,pat_20211228_152614_4698090833_600_800.png,/scratch/parceirosbr/bigoilict/share/BigOil/document_generator/datasets/documents_2021_12_28/pat_20211228_152614_4698090833_600_800.png,pat_20211228_152614_4698090833_600_800_mask.png,descrito
15,5,31,10,102,260,133,270,102,260,133,260,133,270,102,270,sub_line_text,table_text,table_0,times,bold,9.0,pat_20211228_152614_4698090833_600_800.png,/scratch/parceirosbr/bigoilict/share/BigOil/document_generator/datasets/documents_2021_12_28/pat_20211228_152614_4698090833_600_800.png,pat_20211228_152614_4698090833_600_800_mask.png,descrito
18,5,36,10,99,274,135,284,99,274,135,274,135,284,99,284,text,table_text,table_0,times,bold,9.0,pat_20211228_152614_4698090833_600_800.png,/scratch/parceirosbr/bigoilict/share/BigOil/document_generator/datasets/documents_2021_12_28/pat_20211228_152614_4698090833_600_800.png,pat_20211228_152614_4698090833_600_800_mask.png,estrutura
18,5,36,10,99,274,135,284,99,274,135,274,135,284,99,284,sub_line_text,table_text,table_0,times,bold,9.0,pat_20211228_152614_4698090833_600_800.png,/scratch/parceirosbr/bigoilict/share/BigOil/document_generator/datasets/documents_2021_12_28/pat_20211228_152614_4698090833_600_800.png,pat_20211228_152614_4698090833_600_800_mask.png,estrutura
22,5,45,10,95,287,140,297,95,287,140,287,140,297,95,297,text,table_text,table_0,times,bold,9.0,pat_20211228_152614_4698090833_600_800.png,/scratch/parceirosbr/bigoilict/share/BigOil/document_generator/datasets/documents_2021_12_28/pat_20211228_152614_4698090833_600_800.png,pat_20211228_152614_4698090833_600_800_mask.png,envolverem
22,5,45,10,95,287,140,297,95,287,140,287,140,297,95,297,sub_line_text,table_text,table_0,times,bold,9.0,pat_20211228_152614_4698090833_600_800.png,/scratch/parceirosbr/bigoilict/share/BigOil/document_generator/datasets/documents_2021_12_28/pat_20211228_152614_4698090833_600_800.png,pat_20211228_152614_4698090833_600_800_mask.png,envolverem
20,5,41,10,97,301,138,311,97,301,138,301,138,311,97,311,text,table_text,table_0,times,bold,9.0,pat_20211228_152614_4698090833_600_800.png,/scratch/parceirosbr/bigoilict/share/BigOil/document_generator/datasets/documents_2021_12_28/pat_20211228_152614_4698090833_600_800.png,pat_20211228_152614_4698090833_600_800_mask.png,adiamento
20,5,41,10,97,301,138,311,97,301,138,301,138,311,97,311,sub_line_text,table_text,table_0,times,bold,9.0,pat_20211228_152614_4698090833_600_800.png,/scratch/parceirosbr/bigoilict/share/BigOil/document_generator/datasets/documents_2021_12_28/pat_20211228_152614_4698090833_600_800.png,pat_20211228_152614_4698090833_600_800_mask.png,adiamento
22,5,45,10,95,315,140,325,95,315,140,315,140,325,95,325,text,table_text,table_0,times,bold,9.0,pat_20211228_152614_4698090833_600_800.png,/scratch/parceirosbr/bigoilict/share/BigOil/document_generator/datasets/documents_2021_12_28/pat_20211228_152614_4698090833_600_800.png,pat_20211228_152614_4698090833_600_800_mask.png,decorrência
22,5,45,10,95,315,140,325,95,315,140,315,140,325,95,325,sub_line_text,table_text,table_0,times,bold,9.0,pat_20211228_152614_4698090833_600_800.png,/scratch/parceirosbr/bigoilict/share/BigOil/document_generator/datasets/documents_2021_12_28/pat_20211228_152614_4698090833_600_800.png,pat_20211228_152614_4698090833_600_800_mask.png,decorrência
1,5,3,10,299,328,302,338,299,328,302,328,302,338,299,338,text,table_text,table_0,times,regular,9.0,pat_20211228_152614_4698090833_600_800.png,/scratch/parceirosbr/bigoilict/share/BigOil/document_generator/datasets/documents_2021_12_28/pat_20211228_152614_4698090833_600_800.png,pat_20211228_152614_4698090833_600_800_mask.png,e
1,5,3,10,299,328,302,338,299,328,302,328,302,338,299,338,sub_line_text,table_text,table_0,times,regular,9.0,pat_20211228_152614_4698090833_600_800.png,/scratch/parceirosbr/bigoilict/share/BigOil/document_generator/datasets/documents_2021_12_28/pat_20211228_152614_4698090833_600_800.png,pat_20211228_152614_4698090833_600_800_mask.png,e
7,5,15,10,193,164,208,174,193,164,208,164,208,174,193,174,text,table_text,table_0,times,bold,9.0,pat_20211228_152614_4698090833_600_800.png,/scratch/parceirosbr/bigoilict/share/BigOil/document_generator/datasets/documents_2021_12_28/pat_20211228_152614_4698090833_600_800.png,pat_20211228_152614_4698090833_600_800_mask.png,tipo
7,5,15,10,193,164,208,174,193,164,208,164,208,174,193,174,sub_line_text,table_text,table_0,times,bold,9.0,pat_20211228_152614_4698090833_600_800.png,/scratch/parceirosbr/bigoilict/share/BigOil/document_generator/datasets/documents_2021_12_28/pat_20211228_152614_4698090833_600_800.png,pat_20211228_152614_4698090833_600_800_mask.png,tipo
12,5,25,10,188,178,213,188,188,178,213,178,213,188,188,188,text,table_text,table_0,times,bold,9.0,pat_20211228_152614_4698090833_600_800.png,/scratch/parceirosbr/bigoilict/share/BigOil/document_generator/datasets/documents_2021_12_28/pat_20211228_152614_4698090833_600_800.png,pat_20211228_152614_4698090833_600_800_mask.png,global
12,5,25,10,188,178,213,188,188,178,213,178,213,188,188,188,sub_line_text,table_text,table_0,times,bold,9.0,pat_20211228_152614_4698090833_600_800.png,/scratch/parceirosbr/bigoilict/share/BigOil/document_generator/datasets/documents_2021_12_28/pat_20211228_152614_4698090833_600_800.png,pat_20211228_152614_4698090833_600_800_mask.png,global
11,5,22,10,190,192,212,202,190,192,212,192,212,202,190,202,text,table_text,table_0,times,bold,9.0,pat_20211228_152614_4698090833_600_800.png,/scratch/parceirosbr/bigoilict/share/BigOil/document_generator/datasets/documents_2021_12_28/pat_20211228_152614_4698090833_600_800.png,pat_20211228_152614_4698090833_600_800_mask.png,spray
11,5,22,10,190,192,212,202,190,192,212,192,212,202,190,202,sub_line_text,table_text,table_0,times,bold,9.0,pat_20211228_152614_4698090833_600_800.png,/scratch/parceirosbr/bigoilict/share/BigOil/document_generator/datasets/documents_2021_12_28/pat_20211228_152614_4698090833_600_800.png,pat_20211228_152614_4698090833_600_800_mask.png,spray
17,5,35,10,184,205,219,215,184,205,219,205,219,215,184,215,text,table_text,table_0,times,bold,9.0,pat_20211228_152614_4698090833_600_800.png,/scratch/parceirosbr/bigoilict/share/BigOil/document_generator/datasets/documents_2021_12_28/pat_20211228_152614_4698090833_600_800.png,pat_20211228_152614_4698090833_600_800_mask.png,biodiesel
17,5,35,10,184,205,219,215,184,205,219,205,219,215,184,215,sub_line_text,table_text,table_0,times,bold,9.0,pat_20211228_152614_4698090833_600_800.png,/scratch/parceirosbr/bigoilict/share/BigOil/document_generator/datasets/documents_2021_12_28/pat_20211228_152614_4698090833_600_800.png,pat_20211228_152614_4698090833_600_800_mask.png,biodiesel
25,5,50,10,176,219,226,229,176,219,226,219,226,229,176,229,text,table_text,table_0,times,bold,9.0,pat_20211228_152614_4698090833_600_800.png,/scratch/parceirosbr/bigoilict/share/BigOil/document_generator/datasets/documents_2021_12_28/pat_20211228_152614_4698090833_600_800.png,pat_20211228_152614_4698090833_600_800_mask.png,componentes
25,5,50,10,176,219,226,229,176,219,226,219,226,229,176,229,sub_line_text,table_text,table_0,times,bold,9.0,pat_20211228_152614_4698090833_600_800.png,/scratch/parceirosbr/bigoilict/share/BigOil/document_generator/datasets/documents_2021_12_28/pat_20211228_152614_4698090833_600_800.png,pat_20211228_152614_4698090833_600_800_mask.png,componentes
16,5,32,10,184,233,216,243,184,233,216,233,216,243,184,243,text,table_text,table_0,times,bold,9.0,pat_20211228_152614_4698090833_600_800.png,/scratch/parceirosbr/bigoilict/share/BigOil/document_generator/datasets/documents_2021_12_28/pat_20211228_152614_4698090833_600_800.png,pat_20211228_152614_4698090833_600_800_mask.png,também
16,5,32,10,184,233,216,243,184,233,216,233,216,243,184,243,sub_line_text,table_text,table_0,times,bold,9.0,pat_20211228_152614_4698090833_600_800.png,/scratch/parceirosbr/bigoilict/share/BigOil/document_generator/datasets/documents_2021_12_28/pat_20211228_152614_4698090833_600_800.png,pat_20211228_152614_4698090833_600_800_mask.png,também
31,5,62,10,170,246,232,256,170,246,232,246,232,256,170,256,text,table_text,table_0,times,bold,9.0,pat_20211228_152614_4698090833_600_800.png,/scratch/parceirosbr/bigoilict/share/BigOil/document_generator/datasets/documents_2021_12_28/pat_20211228_152614_4698090833_600_800.png,pat_20211228_152614_4698090833_600_800_mask.png,comportamento
31,5,62,10,170,246,232,256,170,246,232,246,232,256,170,256,sub_line_text,table_text,table_0,times,bold,9.0,pat_20211228_152614_4698090833_600_800.png,/scratch/parceirosbr/bigoilict/share/BigOil/document_generator/datasets/documents_2021_12_28/pat_20211228_152614_4698090833_600_800.png,pat_20211228_152614_4698090833_600_800_mask.png,comportamento
16,5,33,10,184,260,217,270,184,260,217,260,217,270,184,270,text,table_text,table_0,times,bold,9.0,pat_20211228_152614_4698090833_600_800.png,/scratch/parceirosbr/bigoilict/share/BigOil/document_generator/datasets/documents_2021_12_28/pat_20211228_152614_4698090833_600_800.png,pat_20211228_152614_4698090833_600_800_mask.png,medidas
16,5,33,10,184,260,217,270,184,260,217,260,217,270,184,270,sub_line_text,table_text,table_0,times,bold,9.0,pat_20211228_152614_4698090833_600_800.png,/scratch/parceirosbr/bigoilict/share/BigOil/document_generator/datasets/documents_2021_12_28/pat_20211228_152614_4698090833_600_800.png,pat_20211228_152614_4698090833_600_800_mask.png,medidas
14,5,29,10,186,274,215,284,186,274,215,274,215,284,186,284,text,table_text,table_0,times,bold,9.0,pat_20211228_152614_4698090833_600_800.png,/scratch/parceirosbr/bigoilict/share/BigOil/document_generator/datasets/documents_2021_12_28/pat_20211228_152614_4698090833_600_800.png,pat_20211228_152614_4698090833_600_800_mask.png,decisão
14,5,29,10,186,274,215,284,186,274,215,274,215,284,186,284,sub_line_text,table_text,table_0,times,bold,9.0,pat_20211228_152614_4698090833_600_800.png,/scratch/parceirosbr/bigoilict/share/BigOil/document_generator/datasets/documents_2021_12_28/pat_20211228_152614_4698090833_600_800.png,pat_20211228_152614_4698090833_600_800_mask.png,decisão
7,5,14,10,194,287,208,297,194,287,208,287,208,297,194,297,text,table_text,table_0,times,bold,9.0,pat_20211228_152614_4698090833_600_800.png,/scratch/parceirosbr/bigoilict/share/BigOil/document_generator/datasets/documents_2021_12_28/pat_20211228_152614_4698090833_600_800.png,pat_20211228_152614_4698090833_600_800_mask.png,este
7,5,14,10,194,287,208,297,194,287,208,287,208,297,194,297,sub_line_text,table_text,table_0,times,bold,9.0,pat_20211228_152614_4698090833_600_800.png,/scratch/parceirosbr/bigoilict/share/BigOil/document_generator/datasets/documents_2021_12_28/pat_20211228_152614_4698090833_600_800.png,pat_20211228_152614_4698090833_600_800_mask.png,este
12,5,24,10,188,301,212,311,188,301,212,301,212,311,188,311,text,table_text,table_0,times,bold,9.0,pat_20211228_152614_4698090833_600_800.png,/scratch/parceirosbr/bigoilict/share/BigOil/document_generator/datasets/documents_2021_12_28/pat_20211228_152614_4698090833_600_800.png,pat_20211228_152614_4698090833_600_800_mask.png,etanol
12,5,24,10,188,301,212,311,188,301,212,301,212,311,188,311,sub_line_text,table_text,table_0,times,bold,9.0,pat_20211228_152614_4698090833_600_800.png,/scratch/parceirosbr/bigoilict/share/BigOil/document_generator/datasets/documents_2021_12_28/pat_20211228_152614_4698090833_600_800.png,pat_20211228_152614_4698090833_600_800_mask.png,etanol
19,5,38,10,183,315,221,325,183,315,221,315,221,325,183,325,text,table_text,table_0,times,bold,9.0,pat_20211228_152614_4698090833_600_800.png,/scratch/parceirosbr/bigoilict/share/BigOil/document_generator/datasets/documents_2021_12_28/pat_20211228_152614_4698090833_600_800.png,pat_20211228_152614_4698090833_600_800_mask.png,formação
19,5,38,10,183,315,221,325,183,315,221,315,221,325,183,325,sub_line_text,table_text,table_0,times,bold,9.0,pat_20211228_152614_4698090833_600_800.png,/scratch/parceirosbr/bigoilict/share/BigOil/document_generator/datasets/documents_2021_12_28/pat_20211228_152614_4698090833_600_800.png,pat_20211228_152614_4698090833_600_800_mask.png,formação
17,5,35,10,256,164,291,174,256,164,291,164,291,174,256,174,text,table_text,table_0,times,bold,9.0,pat_20211228_152614_4698090833_600_800.png,/scratch/parceirosbr/bigoilict/share/BigOil/document_generator/datasets/documents_2021_12_28/pat_20211228_152614_4698090833_600_800.png,pat_20211228_152614_4698090833_600_800_mask.png,derivado
17,5,35,10,256,164,291,174,256,164,291,164,291,174,256,174,sub_line_text,table_text,table_0,times,bold,9.0,pat_20211228_152614_4698090833_600_800.png,/scratch/parceirosbr/bigoilict/share/BigOil/document_generator/datasets/documents_2021_12_28/pat_20211228_152614_4698090833_600_800.png,pat_20211228_152614_4698090833_600_800_mask.png,derivado
24,5,48,10,249,178,297,188,249,178,297,178,297,188,249,188,text,table_text,table_0,times,bold,9.0,pat_20211228_152614_4698090833_600_800.png,/scratch/parceirosbr/bigoilict/share/BigOil/document_generator/datasets/documents_2021_12_28/pat_20211228_152614_4698090833_600_800.png,pat_20211228_152614_4698090833_600_800_mask.png,absorvância
24,5,48,10,249,178,297,188,249,178,297,178,297,188,249,188,sub_line_text,table_text,table_0,times,bold,9.0,pat_20211228_152614_4698090833_600_800.png,/scratch/parceirosbr/bigoilict/share/BigOil/document_generator/datasets/documents_2021_12_28/pat_20211228_152614_4698090833_600_800.png,pat_20211228_152614_4698090833_600_800_mask.png,absorvância
10,5,20,10,262,192,282,202,262,192,282,192,282,202,262,202,text,table_text,table_0,times,bold,9.0,pat_20211228_152614_4698090833_600_800.png,/scratch/parceirosbr/bigoilict/share/BigOil/document_generator/datasets/documents_2021_12_28/pat_20211228_152614_4698090833_600_800.png,pat_20211228_152614_4698090833_600_800_mask.png,vezes
10,5,20,10,262,192,282,202,262,192,282,192,282,202,262,202,sub_line_text,table_text,table_0,times,bold,9.0,pat_20211228_152614_4698090833_600_800.png,/scratch/parceirosbr/bigoilict/share/BigOil/document_generator/datasets/documents_2021_12_28/pat_20211228_152614_4698090833_600_800.png,pat_20211228_152614_4698090833_600_800_mask.png,vezes
14,5,29,10,259,205,288,215,259,205,288,205,288,215,259,215,text,table_text,table_0,times,bold,9.0,pat_20211228_152614_4698090833_600_800.png,/scratch/parceirosbr/bigoilict/share/BigOil/document_generator/datasets/documents_2021_12_28/pat_20211228_152614_4698090833_600_800.png,pat_20211228_152614_4698090833_600_800_mask.png,direção
14,5,29,10,259,205,288,215,259,205,288,205,288,215,259,215,sub_line_text,table_text,table_0,times,bold,9.0,pat_20211228_152614_4698090833_600_800.png,/scratch/parceirosbr/bigoilict/share/BigOil/document_generator/datasets/documents_2021_12_28/pat_20211228_152614_4698090833_600_800.png,pat_20211228_152614_4698090833_600_800_mask.png,direção
8,5,16,10,264,219,280,229,264,219,280,219,280,229,264,229,text,table_text,table_0,times,bold,9.0,pat_20211228_152614_4698090833_600_800.png,/scratch/parceirosbr/bigoilict/share/BigOil/document_generator/datasets/documents_2021_12_28/pat_20211228_152614_4698090833_600_800.png,pat_20211228_152614_4698090833_600_800_mask.png,com
8,5,16,10,264,219,280,229,264,219,280,219,280,229,264,229,sub_line_text,table_text,table_0,times,bold,9.0,pat_20211228_152614_4698090833_600_800.png,/scratch/parceirosbr/bigoilict/share/BigOil/document_generator/datasets/documents_2021_12_28/pat_20211228_152614_4698090833_600_800.png,pat_20211228_152614_4698090833_600_800_mask.png,com
16,5,33,10,257,233,290,243,257,233,290,233,290,243,257,243,text,table_text,table_0,times,bold,9.0,pat_20211228_152614_4698090833_600_800.png,/scratch/parceirosbr/bigoilict/share/BigOil/document_generator/datasets/documents_2021_12_28/pat_20211228_152614_4698090833_600_800.png,pat_20211228_152614_4698090833_600_800_mask.png,superior
16,5,33,10,257,233,290,243,257,233,290,233,290,243,257,243,sub_line_text,table_text,table_0,times,bold,9.0,pat_20211228_152614_4698090833_600_800.png,/scratch/parceirosbr/bigoilict/share/BigOil/document_generator/datasets/documents_2021_12_28/pat_20211228_152614_4698090833_600_800.png,pat_20211228_152614_4698090833_600_800_mask.png,superior
4,5,9,10,268,246,277,256,268,246,277,246,277,256,268,256,text,table_text,table_0,times,bold,9.0,pat_20211228_152614_4698090833_600_800.png,/scratch/parceirosbr/bigoilict/share/BigOil/document_generator/datasets/documents_2021_12_28/pat_20211228_152614_4698090833_600_800.png,pat_20211228_152614_4698090833_600_800_mask.png,no
4,5,9,10,268,246,277,256,268,246,277,246,277,256,268,256,sub_line_text,table_text,table_0,times,bold,9.0,pat_20211228_152614_4698090833_600_800.png,/scratch/parceirosbr/bigoilict/share/BigOil/document_generator/datasets/documents_2021_12_28/pat_20211228_152614_4698090833_600_800.png,pat_20211228_152614_4698090833_600_800_mask.png,no
16,5,33,10,257,260,290,270,257,260,290,260,290,270,257,270,text,table_text,table_0,times,bold,9.0,pat_20211228_152614_4698090833_600_800.png,/scratch/parceirosbr/bigoilict/share/BigOil/document_generator/datasets/documents_2021_12_28/pat_20211228_152614_4698090833_600_800.png,pat_20211228_152614_4698090833_600_800_mask.png,recursos
16,5,33,10,257,260,290,270,257,260,290,260,290,270,257,270,sub_line_text,table_text,table_0,times,bold,9.0,pat_20211228_152614_4698090833_600_800.png,/scratch/parceirosbr/bigoilict/share/BigOil/document_generator/datasets/documents_2021_12_28/pat_20211228_152614_4698090833_600_800.png,pat_20211228_152614_4698090833_600_800_mask.png,recursos
20,5,41,10,253,274,294,284,253,274,294,274,294,284,253,284,text,table_text,table_0,times,bold,9.0,pat_20211228_152614_4698090833_600_800.png,/scratch/parceirosbr/bigoilict/share/BigOil/document_generator/datasets/documents_2021_12_28/pat_20211228_152614_4698090833_600_800.png,pat_20211228_152614_4698090833_600_800_mask.png,integradas
20,5,41,10,253,274,294,284,253,274,294,274,294,284,253,284,sub_line_text,table_text,table_0,times,bold,9.0,pat_20211228_152614_4698090833_600_800.png,/scratch/parceirosbr/bigoilict/share/BigOil/document_generator/datasets/documents_2021_12_28/pat_20211228_152614_4698090833_600_800.png,pat_20211228_152614_4698090833_600_800_mask.png,integradas
17,5,34,10,257,287,291,297,257,287,291,287,291,297,257,297,text,table_text,table_0,times,bold,9.0,pat_20211228_152614_4698090833_600_800.png,/scratch/parceirosbr/bigoilict/share/BigOil/document_generator/datasets/documents_2021_12_28/pat_20211228_152614_4698090833_600_800.png,pat_20211228_152614_4698090833_600_800_mask.png,distintos
17,5,34,10,257,287,291,297,257,287,291,287,291,297,257,297,sub_line_text,table_text,table_0,times,bold,9.0,pat_20211228_152614_4698090833_600_800.png,/scratch/parceirosbr/bigoilict/share/BigOil/document_generator/datasets/documents_2021_12_28/pat_20211228_152614_4698090833_600_800.png,pat_20211228_152614_4698090833_600_800_mask.png,distintos
20,5,41,10,253,301,294,311,253,301,294,301,294,311,253,311,text,table_text,table_0,times,bold,9.0,pat_20211228_152614_4698090833_600_800.png,/scratch/parceirosbr/bigoilict/share/BigOil/document_generator/datasets/documents_2021_12_28/pat_20211228_152614_4698090833_600_800.png,pat_20211228_152614_4698090833_600_800_mask.png,integradas
20,5,41,10,253,301,294,311,253,301,294,301,294,311,253,311,sub_line_text,table_text,table_0,times,bold,9.0,pat_20211228_152614_4698090833_600_800.png,/scratch/parceirosbr/bigoilict/share/BigOil/document_generator/datasets/documents_2021_12_28/pat_20211228_152614_4698090833_600_800.png,pat_20211228_152614_4698090833_600_800_mask.png,integradas
11,5,23,10,261,315,284,325,261,315,284,315,284,325,261,325,text,table_text,table_0,times,bold,9.0,pat_20211228_152614_4698090833_600_800.png,/scratch/parceirosbr/bigoilict/share/BigOil/document_generator/datasets/documents_2021_12_28/pat_20211228_152614_4698090833_600_800.png,pat_20211228_152614_4698090833_600_800_mask.png,refino
11,5,23,10,261,315,284,325,261,315,284,315,284,325,261,325,sub_line_text,table_text,table_0,times,bold,9.0,pat_20211228_152614_4698090833_600_800.png,/scratch/parceirosbr/bigoilict/share/BigOil/document_generator/datasets/documents_2021_12_28/pat_20211228_152614_4698090833_600_800.png,pat_20211228_152614_4698090833_600_800_mask.png,refino
8,5,17,10,317,164,334,174,317,164,334,164,334,174,317,174,text,table_text,table_0,times,bold,9.0,pat_20211228_152614_4698090833_600_800.png,/scratch/parceirosbr/bigoilict/share/BigOil/document_generator/datasets/documents_2021_12_28/pat_20211228_152614_4698090833_600_800.png,pat_20211228_152614_4698090833_600_800_mask.png,caso
8,5,17,10,317,164,334,174,317,164,334,164,334,174,317,174,sub_line_text,table_text,table_0,times,bold,9.0,pat_20211228_152614_4698090833_600_800.png,/scratch/parceirosbr/bigoilict/share/BigOil/document_generator/datasets/documents_2021_12_28/pat_20211228_152614_4698090833_600_800.png,pat_20211228_152614_4698090833_600_800_mask.png,caso
4,5,9,10,325,178,334,188,325,178,334,178,334,188,325,188,text,table_text,table_0,times,bold,9.0,pat_20211228_152614_4698090833_600_800.png,/scratch/parceirosbr/bigoilict/share/BigOil/document_generator/datasets/documents_2021_12_28/pat_20211228_152614_4698090833_600_800.png,pat_20211228_152614_4698090833_600_800_mask.png,11
4,5,9,10,325,178,334,188,325,178,334,178,334,188,325,188,sub_line_text,table_text,table_0,times,bold,9.0,pat_20211228_152614_4698090833_600_800.png,/scratch/parceirosbr/bigoilict/share/BigOil/document_generator/datasets/documents_2021_12_28/pat_20211228_152614_4698090833_600_800.png,pat_20211228_152614_4698090833_600_800_mask.png,11
4,5,9,10,325,192,334,202,325,192,334,192,334,202,325,202,text,table_text,table_0,times,bold,9.0,pat_20211228_152614_4698090833_600_800.png,/scratch/parceirosbr/bigoilict/share/BigOil/document_generator/datasets/documents_2021_12_28/pat_20211228_152614_4698090833_600_800.png,pat_20211228_152614_4698090833_600_800_mask.png,31
4,5,9,10,325,192,334,202,325,192,334,192,334,202,325,202,sub_line_text,table_text,table_0,times,bold,9.0,pat_20211228_152614_4698090833_600_800.png,/scratch/parceirosbr/bigoilict/share/BigOil/document_generator/datasets/documents_2021_12_28/pat_20211228_152614_4698090833_600_800.png,pat_20211228_152614_4698090833_600_800_mask.png,31
4,5,9,10,325,205,334,215,325,205,334,205,334,215,325,215,text,table_text,table_0,times,bold,9.0,pat_20211228_152614_4698090833_600_800.png,/scratch/parceirosbr/bigoilict/share/BigOil/document_generator/datasets/documents_2021_12_28/pat_20211228_152614_4698090833_600_800.png,pat_20211228_152614_4698090833_600_800_mask.png,97
4,5,9,10,325,205,334,215,325,205,334,205,334,215,325,215,sub_line_text,table_text,table_0,times,bold,9.0,pat_20211228_152614_4698090833_600_800.png,/scratch/parceirosbr/bigoilict/share/BigOil/document_generator/datasets/documents_2021_12_28/pat_20211228_152614_4698090833_600_800.png,pat_20211228_152614_4698090833_600_800_mask.png,97
4,5,9,10,325,219,334,229,325,219,334,219,334,229,325,229,text,table_text,table_0,times,bold,9.0,pat_20211228_152614_4698090833_600_800.png,/scratch/parceirosbr/bigoilict/share/BigOil/document_generator/datasets/documents_2021_12_28/pat_20211228_152614_4698090833_600_800.png,pat_20211228_152614_4698090833_600_800_mask.png,15
4,5,9,10,325,219,334,229,325,219,334,219,334,229,325,229,sub_line_text,table_text,table_0,times,bold,9.0,pat_20211228_152614_4698090833_600_800.png,/scratch/parceirosbr/bigoilict/share/BigOil/document_generator/datasets/documents_2021_12_28/pat_20211228_152614_4698090833_600_800.png,pat_20211228_152614_4698090833_600_800_mask.png,15
4,5,9,10,325,233,334,243,325,233,334,233,334,243,325,243,text,table_text,table_0,times,bold,9.0,pat_20211228_152614_4698090833_600_800.png,/scratch/parceirosbr/bigoilict/share/BigOil/document_generator/datasets/documents_2021_12_28/pat_20211228_152614_4698090833_600_800.png,pat_20211228_152614_4698090833_600_800_mask.png,62
4,5,9,10,325,233,334,243,325,233,334,233,334,243,325,243,sub_line_text,table_text,table_0,times,bold,9.0,pat_20211228_152614_4698090833_600_800.png,/scratch/parceirosbr/bigoilict/share/BigOil/document_generator/datasets/documents_2021_12_28/pat_20211228_152614_4698090833_600_800.png,pat_20211228_152614_4698090833_600_800_mask.png,62
9,5,19,10,315,246,334,256,315,246,334,246,334,256,315,256,text,table_text,table_0,times,bold,9.0,pat_20211228_152614_4698090833_600_800.png,/scratch/parceirosbr/bigoilict/share/BigOil/document_generator/datasets/documents_2021_12_28/pat_20211228_152614_4698090833_600_800.png,pat_20211228_152614_4698090833_600_800_mask.png,6164
9,5,19,10,315,246,334,256,315,246,334,246,334,256,315,256,sub_line_text,table_text,table_0,times,bold,9.0,pat_20211228_152614_4698090833_600_800.png,/scratch/parceirosbr/bigoilict/share/BigOil/document_generator/datasets/documents_2021_12_28/pat_20211228_152614_4698090833_600_800.png,pat_20211228_152614_4698090833_600_800_mask.png,6164
4,5,9,10,325,260,334,270,325,260,334,260,334,270,325,270,text,table_text,table_0,times,bold,9.0,pat_20211228_152614_4698090833_600_800.png,/scratch/parceirosbr/bigoilict/share/BigOil/document_generator/datasets/documents_2021_12_28/pat_20211228_152614_4698090833_600_800.png,pat_20211228_152614_4698090833_600_800_mask.png,88
4,5,9,10,325,260,334,270,325,260,334,260,334,270,325,270,sub_line_text,table_text,table_0,times,bold,9.0,pat_20211228_152614_4698090833_600_800.png,/scratch/parceirosbr/bigoilict/share/BigOil/document_generator/datasets/documents_2021_12_28/pat_20211228_152614_4698090833_600_800.png,pat_20211228_152614_4698090833_600_800_mask.png,88
4,5,9,10,325,274,334,284,325,274,334,274,334,284,325,284,text,table_text,table_0,times,bold,9.0,pat_20211228_152614_4698090833_600_800.png,/scratch/parceirosbr/bigoilict/share/BigOil/document_generator/datasets/documents_2021_12_28/pat_20211228_152614_4698090833_600_800.png,pat_20211228_152614_4698090833_600_800_mask.png,52
4,5,9,10,325,274,334,284,325,274,334,274,334,284,325,284,sub_line_text,table_text,table_0,times,bold,9.0,pat_20211228_152614_4698090833_600_800.png,/scratch/parceirosbr/bigoilict/share/BigOil/document_generator/datasets/documents_2021_12_28/pat_20211228_152614_4698090833_600_800.png,pat_20211228_152614_4698090833_600_800_mask.png,52
7,5,14,10,320,287,334,297,320,287,334,287,334,297,320,297,text,table_text,table_0,times,bold,9.0,pat_20211228_152614_4698090833_600_800.png,/scratch/parceirosbr/bigoilict/share/BigOil/document_generator/datasets/documents_2021_12_28/pat_20211228_152614_4698090833_600_800.png,pat_20211228_152614_4698090833_600_800_mask.png,798
7,5,14,10,320,287,334,297,320,287,334,287,334,297,320,297,sub_line_text,table_text,table_0,times,bold,9.0,pat_20211228_152614_4698090833_600_800.png,/scratch/parceirosbr/bigoilict/share/BigOil/document_generator/datasets/documents_2021_12_28/pat_20211228_152614_4698090833_600_800.png,pat_20211228_152614_4698090833_600_800_mask.png,798
7,5,14,10,320,301,334,311,320,301,334,301,334,311,320,311,text,table_text,table_0,times,bold,9.0,pat_20211228_152614_4698090833_600_800.png,/scratch/parceirosbr/bigoilict/share/BigOil/document_generator/datasets/documents_2021_12_28/pat_20211228_152614_4698090833_600_800.png,pat_20211228_152614_4698090833_600_800_mask.png,411
7,5,14,10,320,301,334,311,320,301,334,301,334,311,320,311,sub_line_text,table_text,table_0,times,bold,9.0,pat_20211228_152614_4698090833_600_800.png,/scratch/parceirosbr/bigoilict/share/BigOil/document_generator/datasets/documents_2021_12_28/pat_20211228_152614_4698090833_600_800.png,pat_20211228_152614_4698090833_600_800_mask.png,411
4,5,9,10,325,315,334,325,325,315,334,315,334,325,325,325,text,table_text,table_0,times,bold,9.0,pat_20211228_152614_4698090833_600_800.png,/scratch/parceirosbr/bigoilict/share/BigOil/document_generator/datasets/documents_2021_12_28/pat_20211228_152614_4698090833_600_800.png,pat_20211228_152614_4698090833_600_800_mask.png,41
4,5,9,10,325,315,334,325,325,315,334,315,334,325,325,325,sub_line_text,table_text,table_0,times,bold,9.0,pat_20211228_152614_4698090833_600_800.png,/scratch/parceirosbr/bigoilict/share/BigOil/document_generator/datasets/documents_2021_12_28/pat_20211228_152614_4698090833_600_800.png,pat_20211228_152614_4698090833_600_800_mask.png,41
4,5,8,10,379,164,387,174,379,164,387,164,387,174,379,174,text,table_text,table_0,times,bold,9.0,pat_20211228_152614_4698090833_600_800.png,/scratch/parceirosbr/bigoilict/share/BigOil/document_generator/datasets/documents_2021_12_28/pat_20211228_152614_4698090833_600_800.png,pat_20211228_152614_4698090833_600_800_mask.png,os
4,5,8,10,379,164,387,174,379,164,387,164,387,174,379,174,sub_line_text,table_text,table_0,times,bold,9.0,pat_20211228_152614_4698090833_600_800.png,/scratch/parceirosbr/bigoilict/share/BigOil/document_generator/datasets/documents_2021_12_28/pat_20211228_152614_4698090833_600_800.png,pat_20211228_152614_4698090833_600_800_mask.png,os
15,5,31,10,357,178,388,188,357,178,388,178,388,188,357,188,text,table_text,table_0,times,bold,9.0,pat_20211228_152614_4698090833_600_800.png,/scratch/parceirosbr/bigoilict/share/BigOil/document_generator/datasets/documents_2021_12_28/pat_20211228_152614_4698090833_600_800.png,pat_20211228_152614_4698090833_600_800_mask.png,2090.03
15,5,31,10,357,178,388,188,357,178,388,178,388,188,357,188,sub_line_text,table_text,table_0,times,bold,9.0,pat_20211228_152614_4698090833_600_800.png,/scratch/parceirosbr/bigoilict/share/BigOil/document_generator/datasets/documents_2021_12_28/pat_20211228_152614_4698090833_600_800.png,pat_20211228_152614_4698090833_600_800_mask.png,2090.03
15,5,31,10,357,192,388,202,357,192,388,192,388,202,357,202,text,table_text,table_0,times,bold,9.0,pat_20211228_152614_4698090833_600_800.png,/scratch/parceirosbr/bigoilict/share/BigOil/document_generator/datasets/documents_2021_12_28/pat_20211228_152614_4698090833_600_800.png,pat_20211228_152614_4698090833_600_800_mask.png,6114.32
15,5,31,10,357,192,388,202,357,192,388,192,388,202,357,202,sub_line_text,table_text,table_0,times,bold,9.0,pat_20211228_152614_4698090833_600_800.png,/scratch/parceirosbr/bigoilict/share/BigOil/document_generator/datasets/documents_2021_12_28/pat_20211228_152614_4698090833_600_800.png,pat_20211228_152614_4698090833_600_800_mask.png,6114.32
15,5,31,10,357,205,388,215,357,205,388,205,388,215,357,215,text,table_text,table_0,times,bold,9.0,pat_20211228_152614_4698090833_600_800.png,/scratch/parceirosbr/bigoilict/share/BigOil/document_generator/datasets/documents_2021_12_28/pat_20211228_152614_4698090833_600_800.png,pat_20211228_152614_4698090833_600_800_mask.png,1639.41
15,5,31,10,357,205,388,215,357,205,388,205,388,215,357,215,sub_line_text,table_text,table_0,times,bold,9.0,pat_20211228_152614_4698090833_600_800.png,/scratch/parceirosbr/bigoilict/share/BigOil/document_generator/datasets/documents_2021_12_28/pat_20211228_152614_4698090833_600_800.png,pat_20211228_152614_4698090833_600_800_mask.png,1639.41
15,5,31,10,357,219,388,229,357,219,388,219,388,229,357,229,text,table_text,table_0,times,bold,9.0,pat_20211228_152614_4698090833_600_800.png,/scratch/parceirosbr/bigoilict/share/BigOil/document_generator/datasets/documents_2021_12_28/pat_20211228_152614_4698090833_600_800.png,pat_20211228_152614_4698090833_600_800_mask.png,7773.02
15,5,31,10,357,219,388,229,357,219,388,219,388,229,357,229,sub_line_text,table_text,table_0,times,bold,9.0,pat_20211228_152614_4698090833_600_800.png,/scratch/parceirosbr/bigoilict/share/BigOil/document_generator/datasets/documents_2021_12_28/pat_20211228_152614_4698090833_600_800.png,pat_20211228_152614_4698090833_600_800_mask.png,7773.02
13,5,26,10,362,233,388,243,362,233,388,233,388,243,362,243,text,table_text,table_0,times,bold,9.0,pat_20211228_152614_4698090833_600_800.png,/scratch/parceirosbr/bigoilict/share/BigOil/document_generator/datasets/documents_2021_12_28/pat_20211228_152614_4698090833_600_800.png,pat_20211228_152614_4698090833_600_800_mask.png,389.97
13,5,26,10,362,233,388,243,362,233,388,233,388,243,362,243,sub_line_text,table_text,table_0,times,bold,9.0,pat_20211228_152614_4698090833_600_800.png,/scratch/parceirosbr/bigoilict/share/BigOil/document_generator/datasets/documents_2021_12_28/pat_20211228_152614_4698090833_600_800.png,pat_20211228_152614_4698090833_600_800_mask.png,389.97
15,5,31,10,357,246,388,256,357,246,388,246,388,256,357,256,text,table_text,table_0,times,bold,9.0,pat_20211228_152614_4698090833_600_800.png,/scratch/parceirosbr/bigoilict/share/BigOil/document_generator/datasets/documents_2021_12_28/pat_20211228_152614_4698090833_600_800.png,pat_20211228_152614_4698090833_600_800_mask.png,5078.36
15,5,31,10,357,246,388,256,357,246,388,246,388,256,357,256,sub_line_text,table_text,table_0,times,bold,9.0,pat_20211228_152614_4698090833_600_800.png,/scratch/parceirosbr/bigoilict/share/BigOil/document_generator/datasets/documents_2021_12_28/pat_20211228_152614_4698090833_600_800.png,pat_20211228_152614_4698090833_600_800_mask.png,5078.36
13,5,26,10,362,260,388,270,362,260,388,260,388,270,362,270,text,table_text,table_0,times,bold,9.0,pat_20211228_152614_4698090833_600_800.png,/scratch/parceirosbr/bigoilict/share/BigOil/document_generator/datasets/documents_2021_12_28/pat_20211228_152614_4698090833_600_800.png,pat_20211228_152614_4698090833_600_800_mask.png,280.30
13,5,26,10,362,260,388,270,362,260,388,260,388,270,362,270,sub_line_text,table_text,table_0,times,bold,9.0,pat_20211228_152614_4698090833_600_800.png,/scratch/parceirosbr/bigoilict/share/BigOil/document_generator/datasets/documents_2021_12_28/pat_20211228_152614_4698090833_600_800.png,pat_20211228_152614_4698090833_600_800_mask.png,280.30
10,5,21,10,367,274,388,284,367,274,388,274,388,284,367,284,text,table_text,table_0,times,bold,9.0,pat_20211228_152614_4698090833_600_800.png,/scratch/parceirosbr/bigoilict/share/BigOil/document_generator/datasets/documents_2021_12_28/pat_20211228_152614_4698090833_600_800.png,pat_20211228_152614_4698090833_600_800_mask.png,39.42
10,5,21,10,367,274,388,284,367,274,388,274,388,284,367,284,sub_line_text,table_text,table_0,times,bold,9.0,pat_20211228_152614_4698090833_600_800.png,/scratch/parceirosbr/bigoilict/share/BigOil/document_generator/datasets/documents_2021_12_28/pat_20211228_152614_4698090833_600_800.png,pat_20211228_152614_4698090833_600_800_mask.png,39.42
15,5,31,10,357,287,388,297,357,287,388,287,388,297,357,297,text,table_text,table_0,times,bold,9.0,pat_20211228_152614_4698090833_600_800.png,/scratch/parceirosbr/bigoilict/share/BigOil/document_generator/datasets/documents_2021_12_28/pat_20211228_152614_4698090833_600_800.png,pat_20211228_152614_4698090833_600_800_mask.png,2426.90
15,5,31,10,357,287,388,297,357,287,388,287,388,297,357,297,sub_line_text,table_text,table_0,times,bold,9.0,pat_20211228_152614_4698090833_600_800.png,/scratch/parceirosbr/bigoilict/share/BigOil/document_generator/datasets/documents_2021_12_28/pat_20211228_152614_4698090833_600_800.png,pat_20211228_152614_4698090833_600_800_mask.png,2426.90
13,5,26,10,362,301,388,311,362,301,388,301,388,311,362,311,text,table_text,table_0,times,bold,9.0,pat_20211228_152614_4698090833_600_800.png,/scratch/parceirosbr/bigoilict/share/BigOil/document_generator/datasets/documents_2021_12_28/pat_20211228_152614_4698090833_600_800.png,pat_20211228_152614_4698090833_600_800_mask.png,495.26
13,5,26,10,362,301,388,311,362,301,388,301,388,311,362,311,sub_line_text,table_text,table_0,times,bold,9.0,pat_20211228_152614_4698090833_600_800.png,/scratch/parceirosbr/bigoilict/share/BigOil/document_generator/datasets/documents_2021_12_28/pat_20211228_152614_4698090833_600_800.png,pat_20211228_152614_4698090833_600_800_mask.png,495.26
13,5,26,10,362,315,388,325,362,315,388,315,388,325,362,325,text,table_text,table_0,times,bold,9.0,pat_20211228_152614_4698090833_600_800.png,/scratch/parceirosbr/bigoilict/share/BigOil/document_generator/datasets/documents_2021_12_28/pat_20211228_152614_4698090833_600_800.png,pat_20211228_152614_4698090833_600_800_mask.png,858.12
13,5,26,10,362,315,388,325,362,315,388,315,388,325,362,325,sub_line_text,table_text,table_0,times,bold,9.0,pat_20211228_152614_4698090833_600_800.png,/scratch/parceirosbr/bigoilict/share/BigOil/document_generator/datasets/documents_2021_12_28/pat_20211228_152614_4698090833_600_800.png,pat_20211228_152614_4698090833_600_800_mask.png,858.12
10,5,20,10,427,164,447,174,427,164,447,164,447,174,427,174,text,table_text,table_0,times,bold,9.0,pat_20211228_152614_4698090833_600_800.png,/scratch/parceirosbr/bigoilict/share/BigOil/document_generator/datasets/documents_2021_12_28/pat_20211228_152614_4698090833_600_800.png,pat_20211228_152614_4698090833_600_800_mask.png,atual
10,5,20,10,427,164,447,174,427,164,447,164,447,174,427,174,sub_line_text,table_text,table_0,times,bold,9.0,pat_20211228_152614_4698090833_600_800.png,/scratch/parceirosbr/bigoilict/share/BigOil/document_generator/datasets/documents_2021_12_28/pat_20211228_152614_4698090833_600_800.png,pat_20211228_152614_4698090833_600_800_mask.png,atual
18,5,36,10,412,178,448,188,412,178,448,178,448,188,412,188,text,table_text,table_0,times,bold,9.0,pat_20211228_152614_4698090833_600_800.png,/scratch/parceirosbr/bigoilict/share/BigOil/document_generator/datasets/documents_2021_12_28/pat_20211228_152614_4698090833_600_800.png,pat_20211228_152614_4698090833_600_800_mask.png,7142.593
18,5,36,10,412,178,448,188,412,178,448,178,448,188,412,188,sub_line_text,table_text,table_0,times,bold,9.0,pat_20211228_152614_4698090833_600_800.png,/scratch/parceirosbr/bigoilict/share/BigOil/document_generator/datasets/documents_2021_12_28/pat_20211228_152614_4698090833_600_800.png,pat_20211228_152614_4698090833_600_800_mask.png,7142.593
18,5,36,10,412,192,448,202,412,192,448,192,448,202,412,202,text,table_text,table_0,times,bold,9.0,pat_20211228_152614_4698090833_600_800.png,/scratch/parceirosbr/bigoilict/share/BigOil/document_generator/datasets/documents_2021_12_28/pat_20211228_152614_4698090833_600_800.png,pat_20211228_152614_4698090833_600_800_mask.png,8654.259
18,5,36,10,412,192,448,202,412,192,448,192,448,202,412,202,sub_line_text,table_text,table_0,times,bold,9.0,pat_20211228_152614_4698090833_600_800.png,/scratch/parceirosbr/bigoilict/share/BigOil/document_generator/datasets/documents_2021_12_28/pat_20211228_152614_4698090833_600_800.png,pat_20211228_152614_4698090833_600_800_mask.png,8654.259
18,5,36,10,412,205,448,215,412,205,448,205,448,215,412,215,text,table_text,table_0,times,bold,9.0,pat_20211228_152614_4698090833_600_800.png,/scratch/parceirosbr/bigoilict/share/BigOil/document_generator/datasets/documents_2021_12_28/pat_20211228_152614_4698090833_600_800.png,pat_20211228_152614_4698090833_600_800_mask.png,2937.659
18,5,36,10,412,205,448,215,412,205,448,205,448,215,412,215,sub_line_text,table_text,table_0,times,bold,9.0,pat_20211228_152614_4698090833_600_800.png,/scratch/parceirosbr/bigoilict/share/BigOil/document_generator/datasets/documents_2021_12_28/pat_20211228_152614_4698090833_600_800.png,pat_20211228_152614_4698090833_600_800_mask.png,2937.659
18,5,36,10,412,219,448,229,412,219,448,219,448,229,412,229,text,table_text,table_0,times,bold,9.0,pat_20211228_152614_4698090833_600_800.png,/scratch/parceirosbr/bigoilict/share/BigOil/document_generator/datasets/documents_2021_12_28/pat_20211228_152614_4698090833_600_800.png,pat_20211228_152614_4698090833_600_800_mask.png,3766.285
18,5,36,10,412,219,448,229,412,219,448,219,448,229,412,229,sub_line_text,table_text,table_0,times,bold,9.0,pat_20211228_152614_4698090833_600_800.png,/scratch/parceirosbr/bigoilict/share/BigOil/document_generator/datasets/documents_2021_12_28/pat_20211228_152614_4698090833_600_800.png,pat_20211228_152614_4698090833_600_800_mask.png,3766.285
18,5,36,10,412,233,448,243,412,233,448,233,448,243,412,243,text,table_text,table_0,times,bold,9.0,pat_20211228_152614_4698090833_600_800.png,/scratch/parceirosbr/bigoilict/share/BigOil/document_generator/datasets/documents_2021_12_28/pat_20211228_152614_4698090833_600_800.png,pat_20211228_152614_4698090833_600_800_mask.png,4192.706
18,5,36,10,412,233,448,243,412,233,448,233,448,243,412,243,sub_line_text,table_text,table_0,times,bold,9.0,pat_20211228_152614_4698090833_600_800.png,/scratch/parceirosbr/bigoilict/share/BigOil/document_generator/datasets/documents_2021_12_28/pat_20211228_152614_4698090833_600_800.png,pat_20211228_152614_4698090833_600_800_mask.png,4192.706
18,5,36,10,412,246,448,256,412,246,448,246,448,256,412,256,text,table_text,table_0,times,bold,9.0,pat_20211228_152614_4698090833_600_800.png,/scratch/parceirosbr/bigoilict/share/BigOil/document_generator/datasets/documents_2021_12_28/pat_20211228_152614_4698090833_600_800.png,pat_20211228_152614_4698090833_600_800_mask.png,9670.524
18,5,36,10,412,246,448,256,412,246,448,246,448,256,412,256,sub_line_text,table_text,table_0,times,bold,9.0,pat_20211228_152614_4698090833_600_800.png,/scratch/parceirosbr/bigoilict/share/BigOil/document_generator/datasets/documents_2021_12_28/pat_20211228_152614_4698090833_600_800.png,pat_20211228_152614_4698090833_600_800_mask.png,9670.524
18,5,36,10,412,260,448,270,412,260,448,260,448,270,412,270,text,table_text,table_0,times,bold,9.0,pat_20211228_152614_4698090833_600_800.png,/scratch/parceirosbr/bigoilict/share/BigOil/document_generator/datasets/documents_2021_12_28/pat_20211228_152614_4698090833_600_800.png,pat_20211228_152614_4698090833_600_800_mask.png,6664.970
18,5,36,10,412,260,448,270,412,260,448,260,448,270,412,270,sub_line_text,table_text,table_0,times,bold,9.0,pat_20211228_152614_4698090833_600_800.png,/scratch/parceirosbr/bigoilict/share/BigOil/document_generator/datasets/documents_2021_12_28/pat_20211228_152614_4698090833_600_800.png,pat_20211228_152614_4698090833_600_800_mask.png,6664.970
18,5,36,10,412,274,448,284,412,274,448,274,448,284,412,284,text,table_text,table_0,times,bold,9.0,pat_20211228_152614_4698090833_600_800.png,/scratch/parceirosbr/bigoilict/share/BigOil/document_generator/datasets/documents_2021_12_28/pat_20211228_152614_4698090833_600_800.png,pat_20211228_152614_4698090833_600_800_mask.png,8407.198
18,5,36,10,412,274,448,284,412,274,448,274,448,284,412,284,sub_line_text,table_text,table_0,times,bold,9.0,pat_20211228_152614_4698090833_600_800.png,/scratch/parceirosbr/bigoilict/share/BigOil/document_generator/datasets/documents_2021_12_28/pat_20211228_152614_4698090833_600_800.png,pat_20211228_152614_4698090833_600_800_mask.png,8407.198
18,5,36,10,412,287,448,297,412,287,448,287,448,297,412,297,text,table_text,table_0,times,bold,9.0,pat_20211228_152614_4698090833_600_800.png,/scratch/parceirosbr/bigoilict/share/BigOil/document_generator/datasets/documents_2021_12_28/pat_20211228_152614_4698090833_600_800.png,pat_20211228_152614_4698090833_600_800_mask.png,1349.396
18,5,36,10,412,287,448,297,412,287,448,287,448,297,412,297,sub_line_text,table_text,table_0,times,bold,9.0,pat_20211228_152614_4698090833_600_800.png,/scratch/parceirosbr/bigoilict/share/BigOil/document_generator/datasets/documents_2021_12_28/pat_20211228_152614_4698090833_600_800.png,pat_20211228_152614_4698090833_600_800_mask.png,1349.396
18,5,36,10,412,301,448,311,412,301,448,301,448,311,412,311,text,table_text,table_0,times,bold,9.0,pat_20211228_152614_4698090833_600_800.png,/scratch/parceirosbr/bigoilict/share/BigOil/document_generator/datasets/documents_2021_12_28/pat_20211228_152614_4698090833_600_800.png,pat_20211228_152614_4698090833_600_800_mask.png,2511.648
18,5,36,10,412,301,448,311,412,301,448,301,448,311,412,311,sub_line_text,table_text,table_0,times,bold,9.0,pat_20211228_152614_4698090833_600_800.png,/scratch/parceirosbr/bigoilict/share/BigOil/document_generator/datasets/documents_2021_12_28/pat_20211228_152614_4698090833_600_800.png,pat_20211228_152614_4698090833_600_800_mask.png,2511.648
18,5,36,10,412,315,448,325,412,315,448,315,448,325,412,325,text,table_text,table_0,times,bold,9.0,pat_20211228_152614_4698090833_600_800.png,/scratch/parceirosbr/bigoilict/share/BigOil/document_generator/datasets/documents_2021_12_28/pat_20211228_152614_4698090833_600_800.png,pat_20211228_152614_4698090833_600_800_mask.png,3892.155
18,5,36,10,412,315,448,325,412,315,448,315,448,325,412,325,sub_line_text,table_text,table_0,times,bold,9.0,pat_20211228_152614_4698090833_600_800.png,/scratch/parceirosbr/bigoilict/share/BigOil/document_generator/datasets/documents_2021_12_28/pat_20211228_152614_4698090833_600_800.png,pat_20211228_152614_4698090833_600_800_mask.png,3892.155
9,5,18,10,507,164,525,174,507,164,525,164,525,174,507,174,text,table_text,table_0,times,bold,9.0,pat_20211228_152614_4698090833_600_800.png,/scratch/parceirosbr/bigoilict/share/BigOil/document_generator/datasets/documents_2021_12_28/pat_20211228_152614_4698090833_600_800.png,pat_20211228_152614_4698090833_600_800_mask.png,grau
9,5,18,10,507,164,525,174,507,164,525,164,525,174,507,174,sub_line_text,table_text,table_0,times,bold,9.0,pat_20211228_152614_4698090833_600_800.png,/scratch/parceirosbr/bigoilict/share/BigOil/document_generator/datasets/documents_2021_12_28/pat_20211228_152614_4698090833_600_800.png,pat_20211228_152614_4698090833_600_800_mask.png,grau
22,5,45,10,480,178,525,188,480,178,525,178,525,188,480,188,text,table_text,table_0,times,bold,9.0,pat_20211228_152614_4698090833_600_800.png,/scratch/parceirosbr/bigoilict/share/BigOil/document_generator/datasets/documents_2021_12_28/pat_20211228_152614_4698090833_600_800.png,pat_20211228_152614_4698090833_600_800_mask.png,335196.881
22,5,45,10,480,178,525,188,480,178,525,178,525,188,480,188,sub_line_text,table_text,table_0,times,bold,9.0,pat_20211228_152614_4698090833_600_800.png,/scratch/parceirosbr/bigoilict/share/BigOil/document_generator/datasets/documents_2021_12_28/pat_20211228_152614_4698090833_600_800.png,pat_20211228_152614_4698090833_600_800_mask.png,335196.881
22,5,45,10,480,192,525,202,480,192,525,192,525,202,480,202,text,table_text,table_0,times,bold,9.0,pat_20211228_152614_4698090833_600_800.png,/scratch/parceirosbr/bigoilict/share/BigOil/document_generator/datasets/documents_2021_12_28/pat_20211228_152614_4698090833_600_800.png,pat_20211228_152614_4698090833_600_800_mask.png,859096.784
22,5,45,10,480,192,525,202,480,192,525,192,525,202,480,202,sub_line_text,table_text,table_0,times,bold,9.0,pat_20211228_152614_4698090833_600_800.png,/scratch/parceirosbr/bigoilict/share/BigOil/document_generator/datasets/documents_2021_12_28/pat_20211228_152614_4698090833_600_800.png,pat_20211228_152614_4698090833_600_800_mask.png,859096.784
20,5,40,10,485,205,525,215,485,205,525,205,525,215,485,215,text,table_text,table_0,times,bold,9.0,pat_20211228_152614_4698090833_600_800.png,/scratch/parceirosbr/bigoilict/share/BigOil/document_generator/datasets/documents_2021_12_28/pat_20211228_152614_4698090833_600_800.png,pat_20211228_152614_4698090833_600_800_mask.png,44665.505
20,5,40,10,485,205,525,215,485,205,525,205,525,215,485,215,sub_line_text,table_text,table_0,times,bold,9.0,pat_20211228_152614_4698090833_600_800.png,/scratch/parceirosbr/bigoilict/share/BigOil/document_generator/datasets/documents_2021_12_28/pat_20211228_152614_4698090833_600_800.png,pat_20211228_152614_4698090833_600_800_mask.png,44665.505
22,5,45,10,480,219,525,229,480,219,525,219,525,229,480,229,text,table_text,table_0,times,bold,9.0,pat_20211228_152614_4698090833_600_800.png,/scratch/parceirosbr/bigoilict/share/BigOil/document_generator/datasets/documents_2021_12_28/pat_20211228_152614_4698090833_600_800.png,pat_20211228_152614_4698090833_600_800_mask.png,877999.042
22,5,45,10,480,219,525,229,480,219,525,219,525,229,480,229,sub_line_text,table_text,table_0,times,bold,9.0,pat_20211228_152614_4698090833_600_800.png,/scratch/parceirosbr/bigoilict/share/BigOil/document_generator/datasets/documents_2021_12_28/pat_20211228_152614_4698090833_600_800.png,pat_20211228_152614_4698090833_600_800_mask.png,877999.042
25,5,50,10,475,233,525,243,475,233,525,233,525,243,475,243,text,table_text,table_0,times,bold,9.0,pat_20211228_152614_4698090833_600_800.png,/scratch/parceirosbr/bigoilict/share/BigOil/document_generator/datasets/documents_2021_12_28/pat_20211228_152614_4698090833_600_800.png,pat_20211228_152614_4698090833_600_800_mask.png,4120302.984
25,5,50,10,475,233,525,243,475,233,525,233,525,243,475,243,sub_line_text,table_text,table_0,times,bold,9.0,pat_20211228_152614_4698090833_600_800.png,/scratch/parceirosbr/bigoilict/share/BigOil/document_generator/datasets/documents_2021_12_28/pat_20211228_152614_4698090833_600_800.png,pat_20211228_152614_4698090833_600_800_mask.png,4120302.984
22,5,45,10,480,246,525,256,480,246,525,246,525,256,480,256,text,table_text,table_0,times,bold,9.0,pat_20211228_152614_4698090833_600_800.png,/scratch/parceirosbr/bigoilict/share/BigOil/document_generator/datasets/documents_2021_12_28/pat_20211228_152614_4698090833_600_800.png,pat_20211228_152614_4698090833_600_800_mask.png,867668.141
22,5,45,10,480,246,525,256,480,246,525,246,525,256,480,256,sub_line_text,table_text,table_0,times,bold,9.0,pat_20211228_152614_4698090833_600_800.png,/scratch/parceirosbr/bigoilict/share/BigOil/document_generator/datasets/documents_2021_12_28/pat_20211228_152614_4698090833_600_800.png,pat_20211228_152614_4698090833_600_800_mask.png,867668.141
25,5,50,10,475,260,525,270,475,260,525,260,525,270,475,270,text,table_text,table_0,times,bold,9.0,pat_20211228_152614_4698090833_600_800.png,/scratch/parceirosbr/bigoilict/share/BigOil/document_generator/datasets/documents_2021_12_28/pat_20211228_152614_4698090833_600_800.png,pat_20211228_152614_4698090833_600_800_mask.png,2132130.134
25,5,50,10,475,260,525,270,475,260,525,260,525,270,475,270,sub_line_text,table_text,table_0,times,bold,9.0,pat_20211228_152614_4698090833_600_800.png,/scratch/parceirosbr/bigoilict/share/BigOil/document_generator/datasets/documents_2021_12_28/pat_20211228_152614_4698090833_600_800.png,pat_20211228_152614_4698090833_600_800_mask.png,2132130.134
25,5,50,10,475,274,525,284,475,274,525,274,525,284,475,284,text,table_text,table_0,times,bold,9.0,pat_20211228_152614_4698090833_600_800.png,/scratch/parceirosbr/bigoilict/share/BigOil/document_generator/datasets/documents_2021_12_28/pat_20211228_152614_4698090833_600_800.png,pat_20211228_152614_4698090833_600_800_mask.png,4953490.378
25,5,50,10,475,274,525,284,475,274,525,274,525,284,475,284,sub_line_text,table_text,table_0,times,bold,9.0,pat_20211228_152614_4698090833_600_800.png,/scratch/parceirosbr/bigoilict/share/BigOil/document_generator/datasets/documents_2021_12_28/pat_20211228_152614_4698090833_600_800.png,pat_20211228_152614_4698090833_600_800_mask.png,4953490.378
25,5,50,10,475,287,525,297,475,287,525,287,525,297,475,297,text,table_text,table_0,times,bold,9.0,pat_20211228_152614_4698090833_600_800.png,/scratch/parceirosbr/bigoilict/share/BigOil/document_generator/datasets/documents_2021_12_28/pat_20211228_152614_4698090833_600_800.png,pat_20211228_152614_4698090833_600_800_mask.png,8424531.022
25,5,50,10,475,287,525,297,475,287,525,287,525,297,475,297,sub_line_text,table_text,table_0,times,bold,9.0,pat_20211228_152614_4698090833_600_800.png,/scratch/parceirosbr/bigoilict/share/BigOil/document_generator/datasets/documents_2021_12_28/pat_20211228_152614_4698090833_600_800.png,pat_20211228_152614_4698090833_600_800_mask.png,8424531.022
22,5,45,10,480,301,525,311,480,301,525,301,525,311,480,311,text,table_text,table_0,times,bold,9.0,pat_20211228_152614_4698090833_600_800.png,/scratch/parceirosbr/bigoilict/share/BigOil/document_generator/datasets/documents_2021_12_28/pat_20211228_152614_4698090833_600_800.png,pat_20211228_152614_4698090833_600_800_mask.png,474801.883
22,5,45,10,480,301,525,311,480,301,525,301,525,311,480,311,sub_line_text,table_text,table_0,times,bold,9.0,pat_20211228_152614_4698090833_600_800.png,/scratch/parceirosbr/bigoilict/share/BigOil/document_generator/datasets/documents_2021_12_28/pat_20211228_152614_4698090833_600_800.png,pat_20211228_152614_4698090833_600_800_mask.png,474801.883
22,5,45,10,480,315,525,325,480,315,525,315,525,325,480,325,text,table_text,table_0,times,bold,9.0,pat_20211228_152614_4698090833_600_800.png,/scratch/parceirosbr/bigoilict/share/BigOil/document_generator/datasets/documents_2021_12_28/pat_20211228_152614_4698090833_600_800.png,pat_20211228_152614_4698090833_600_800_mask.png,620281.439
22,5,45,10,480,315,525,325,480,315,525,315,525,325,480,325,sub_line_text,table_text,table_0,times,bold,9.0,pat_20211228_152614_4698090833_600_800.png,/scratch/parceirosbr/bigoilict/share/BigOil/document_generator/datasets/documents_2021_12_28/pat_20211228_152614_4698090833_600_800.png,pat_20211228_152614_4698090833_600_800_mask.png,620281.439
181,5,363,10,62,360,425,370,62,360,425,360,425,370,62,370,sub_line_text,table_legend,table_0,times,regular,8,pat_20211228_152614_4698090833_600_800.png,/scratch/parceirosbr/bigoilict/share/BigOil/document_generator/datasets/documents_2021_12_28/pat_20211228_152614_4698090833_600_800.png,pat_20211228_152614_4698090833_600_800_mask.png,"Tab.  145:    Na  década  de  80,  em  plena  crise  do  petróleo e do sucesso do a. Na estação 25a também hou-"
69,5,138,10,62,378,200,388,62,378,200,378,200,388,62,388,sub_line_text,table_legend,table_0,times,regular,8,pat_20211228_152614_4698090833_600_800.png,/scratch/parceirosbr/bigoilict/share/BigOil/document_generator/datasets/documents_2021_12_28/pat_20211228_152614_4698090833_600_800.png,pat_20211228_152614_4698090833_600_800_mask.png,ve uma diferença no nível entre as curvas
181,14,363,28,62,360,425,388,62,360,425,360,425,388,62,388,text,table_legend,table_0,times,regular,8,pat_20211228_152614_4698090833_600_800.png,/scratch/parceirosbr/bigoilict/share/BigOil/document_generator/datasets/documents_2021_12_28/pat_20211228_152614_4698090833_600_800.png,pat_20211228_152614_4698090833_600_800_mask.png,nan
229,65,459,131,71,400,530,531,71,400,530,400,530,531,71,531,table,table_image,table_0,,,,pat_20211228_152614_4698090833_600_800.png,/scratch/parceirosbr/bigoilict/share/BigOil/document_generator/datasets/documents_2021_12_28/pat_20211228_152614_4698090833_600_800.png,pat_20211228_152614_4698090833_600_800_mask.png,output/gen_tab_20211228_152617_1634715340.png
18,5,37,10,99,403,136,413,99,403,136,403,136,413,99,413,text,table_text,table_0,raleway,regular,9.0,pat_20211228_152614_4698090833_600_800.png,/scratch/parceirosbr/bigoilict/share/BigOil/document_generator/datasets/documents_2021_12_28/pat_20211228_152614_4698090833_600_800.png,pat_20211228_152614_4698090833_600_800_mask.png,condutas
18,5,37,10,99,403,136,413,99,403,136,403,136,413,99,413,sub_line_text,table_text,table_0,raleway,regular,9.0,pat_20211228_152614_4698090833_600_800.png,/scratch/parceirosbr/bigoilict/share/BigOil/document_generator/datasets/documents_2021_12_28/pat_20211228_152614_4698090833_600_800.png,pat_20211228_152614_4698090833_600_800_mask.png,condutas
12,5,25,10,112,420,137,430,112,420,137,420,137,430,112,430,text,table_text,table_0,raleway,regular,9.0,pat_20211228_152614_4698090833_600_800.png,/scratch/parceirosbr/bigoilict/share/BigOil/document_generator/datasets/documents_2021_12_28/pat_20211228_152614_4698090833_600_800.png,pat_20211228_152614_4698090833_600_800_mask.png,99.715
12,5,25,10,112,420,137,430,112,420,137,420,137,430,112,430,sub_line_text,table_text,table_0,raleway,regular,9.0,pat_20211228_152614_4698090833_600_800.png,/scratch/parceirosbr/bigoilict/share/BigOil/document_generator/datasets/documents_2021_12_28/pat_20211228_152614_4698090833_600_800.png,pat_20211228_152614_4698090833_600_800_mask.png,99.715
17,5,35,10,101,433,136,443,101,433,136,433,136,443,101,443,text,table_text,table_0,raleway,regular,9.0,pat_20211228_152614_4698090833_600_800.png,/scratch/parceirosbr/bigoilict/share/BigOil/document_generator/datasets/documents_2021_12_28/pat_20211228_152614_4698090833_600_800.png,pat_20211228_152614_4698090833_600_800_mask.png,3348.624
17,5,35,10,101,433,136,443,101,433,136,433,136,443,101,443,sub_line_text,table_text,table_0,raleway,regular,9.0,pat_20211228_152614_4698090833_600_800.png,/scratch/parceirosbr/bigoilict/share/BigOil/document_generator/datasets/documents_2021_12_28/pat_20211228_152614_4698090833_600_800.png,pat_20211228_152614_4698090833_600_800_mask.png,3348.624
12,5,25,10,112,447,137,457,112,447,137,447,137,457,112,457,text,table_text,table_0,raleway,regular,9.0,pat_20211228_152614_4698090833_600_800.png,/scratch/parceirosbr/bigoilict/share/BigOil/document_generator/datasets/documents_2021_12_28/pat_20211228_152614_4698090833_600_800.png,pat_20211228_152614_4698090833_600_800_mask.png,61.694
12,5,25,10,112,447,137,457,112,447,137,447,137,457,112,457,sub_line_text,table_text,table_0,raleway,regular,9.0,pat_20211228_152614_4698090833_600_800.png,/scratch/parceirosbr/bigoilict/share/BigOil/document_generator/datasets/documents_2021_12_28/pat_20211228_152614_4698090833_600_800.png,pat_20211228_152614_4698090833_600_800_mask.png,61.694
18,5,37,10,99,460,136,470,99,460,136,460,136,470,99,470,text,table_text,table_0,raleway,regular,9.0,pat_20211228_152614_4698090833_600_800.png,/scratch/parceirosbr/bigoilict/share/BigOil/document_generator/datasets/documents_2021_12_28/pat_20211228_152614_4698090833_600_800.png,pat_20211228_152614_4698090833_600_800_mask.png,14916.182
18,5,37,10,99,460,136,470,99,460,136,460,136,470,99,470,sub_line_text,table_text,table_0,raleway,regular,9.0,pat_20211228_152614_4698090833_600_800.png,/scratch/parceirosbr/bigoilict/share/BigOil/document_generator/datasets/documents_2021_12_28/pat_20211228_152614_4698090833_600_800.png,pat_20211228_152614_4698090833_600_800_mask.png,14916.182
17,5,34,10,102,474,136,484,102,474,136,474,136,484,102,484,text,table_text,table_0,raleway,regular,9.0,pat_20211228_152614_4698090833_600_800.png,/scratch/parceirosbr/bigoilict/share/BigOil/document_generator/datasets/documents_2021_12_28/pat_20211228_152614_4698090833_600_800.png,pat_20211228_152614_4698090833_600_800_mask.png,4555.159
17,5,34,10,102,474,136,484,102,474,136,474,136,484,102,484,sub_line_text,table_text,table_0,raleway,regular,9.0,pat_20211228_152614_4698090833_600_800.png,/scratch/parceirosbr/bigoilict/share/BigOil/document_generator/datasets/documents_2021_12_28/pat_20211228_152614_4698090833_600_800.png,pat_20211228_152614_4698090833_600_800_mask.png,4555.159
12,5,25,10,112,487,137,497,112,487,137,487,137,497,112,497,text,table_text,table_0,raleway,regular,9.0,pat_20211228_152614_4698090833_600_800.png,/scratch/parceirosbr/bigoilict/share/BigOil/document_generator/datasets/documents_2021_12_28/pat_20211228_152614_4698090833_600_800.png,pat_20211228_152614_4698090833_600_800_mask.png,79.116
12,5,25,10,112,487,137,497,112,487,137,487,137,497,112,497,sub_line_text,table_text,table_0,raleway,regular,9.0,pat_20211228_152614_4698090833_600_800.png,/scratch/parceirosbr/bigoilict/share/BigOil/document_generator/datasets/documents_2021_12_28/pat_20211228_152614_4698090833_600_800.png,pat_20211228_152614_4698090833_600_800_mask.png,79.116
20,5,40,10,96,501,136,511,96,501,136,501,136,511,96,511,text,table_text,table_0,raleway,regular,9.0,pat_20211228_152614_4698090833_600_800.png,/scratch/parceirosbr/bigoilict/share/BigOil/document_generator/datasets/documents_2021_12_28/pat_20211228_152614_4698090833_600_800.png,pat_20211228_152614_4698090833_600_800_mask.png,94481.356
20,5,40,10,96,501,136,511,96,501,136,501,136,511,96,511,sub_line_text,table_text,table_0,raleway,regular,9.0,pat_20211228_152614_4698090833_600_800.png,/scratch/parceirosbr/bigoilict/share/BigOil/document_generator/datasets/documents_2021_12_28/pat_20211228_152614_4698090833_600_800.png,pat_20211228_152614_4698090833_600_800_mask.png,94481.356
19,5,38,10,98,514,136,524,98,514,136,514,136,524,98,524,text,table_text,table_0,raleway,regular,9.0,pat_20211228_152614_4698090833_600_800.png,/scratch/parceirosbr/bigoilict/share/BigOil/document_generator/datasets/documents_2021_12_28/pat_20211228_152614_4698090833_600_800.png,pat_20211228_152614_4698090833_600_800_mask.png,71594.198
19,5,38,10,98,514,136,524,98,514,136,514,136,524,98,524,sub_line_text,table_text,table_0,raleway,regular,9.0,pat_20211228_152614_4698090833_600_800.png,/scratch/parceirosbr/bigoilict/share/BigOil/document_generator/datasets/documents_2021_12_28/pat_20211228_152614_4698090833_600_800.png,pat_20211228_152614_4698090833_600_800_mask.png,71594.198
23,5,47,10,147,403,194,413,147,403,194,403,194,413,147,413,text,table_text,table_0,raleway,regular,9.0,pat_20211228_152614_4698090833_600_800.png,/scratch/parceirosbr/bigoilict/share/BigOil/document_generator/datasets/documents_2021_12_28/pat_20211228_152614_4698090833_600_800.png,pat_20211228_152614_4698090833_600_800_mask.png,quantitativa
23,5,47,10,147,403,194,413,147,403,194,403,194,413,147,413,sub_line_text,table_text,table_0,raleway,regular,9.0,pat_20211228_152614_4698090833_600_800.png,/scratch/parceirosbr/bigoilict/share/BigOil/document_generator/datasets/documents_2021_12_28/pat_20211228_152614_4698090833_600_800.png,pat_20211228_152614_4698090833_600_800_mask.png,quantitativa
22,5,45,10,148,420,193,430,148,420,193,420,193,430,148,430,text,table_text,table_0,raleway,regular,9.0,pat_20211228_152614_4698090833_600_800.png,/scratch/parceirosbr/bigoilict/share/BigOil/document_generator/datasets/documents_2021_12_28/pat_20211228_152614_4698090833_600_800.png,pat_20211228_152614_4698090833_600_800_mask.png,1212088.40
22,5,45,10,148,420,193,430,148,420,193,420,193,430,148,430,sub_line_text,table_text,table_0,raleway,regular,9.0,pat_20211228_152614_4698090833_600_800.png,/scratch/parceirosbr/bigoilict/share/BigOil/document_generator/datasets/documents_2021_12_28/pat_20211228_152614_4698090833_600_800.png,pat_20211228_152614_4698090833_600_800_mask.png,1212088.40
21,5,43,10,150,433,193,443,150,433,193,433,193,443,150,443,text,table_text,table_0,raleway,regular,9.0,pat_20211228_152614_4698090833_600_800.png,/scratch/parceirosbr/bigoilict/share/BigOil/document_generator/datasets/documents_2021_12_28/pat_20211228_152614_4698090833_600_800.png,pat_20211228_152614_4698090833_600_800_mask.png,9895251.81
21,5,43,10,150,433,193,443,150,433,193,433,193,443,150,443,sub_line_text,table_text,table_0,raleway,regular,9.0,pat_20211228_152614_4698090833_600_800.png,/scratch/parceirosbr/bigoilict/share/BigOil/document_generator/datasets/documents_2021_12_28/pat_20211228_152614_4698090833_600_800.png,pat_20211228_152614_4698090833_600_800_mask.png,9895251.81
22,5,45,10,148,447,193,457,148,447,193,447,193,457,148,457,text,table_text,table_0,raleway,regular,9.0,pat_20211228_152614_4698090833_600_800.png,/scratch/parceirosbr/bigoilict/share/BigOil/document_generator/datasets/documents_2021_12_28/pat_20211228_152614_4698090833_600_800.png,pat_20211228_152614_4698090833_600_800_mask.png,2671440.24
22,5,45,10,148,447,193,457,148,447,193,447,193,457,148,457,sub_line_text,table_text,table_0,raleway,regular,9.0,pat_20211228_152614_4698090833_600_800.png,/scratch/parceirosbr/bigoilict/share/BigOil/document_generator/datasets/documents_2021_12_28/pat_20211228_152614_4698090833_600_800.png,pat_20211228_152614_4698090833_600_800_mask.png,2671440.24
23,5,47,10,147,460,194,470,147,460,194,460,194,470,147,470,text,table_text,table_0,raleway,regular,9.0,pat_20211228_152614_4698090833_600_800.png,/scratch/parceirosbr/bigoilict/share/BigOil/document_generator/datasets/documents_2021_12_28/pat_20211228_152614_4698090833_600_800.png,pat_20211228_152614_4698090833_600_800_mask.png,7962370.50
23,5,47,10,147,460,194,470,147,460,194,460,194,470,147,470,sub_line_text,table_text,table_0,raleway,regular,9.0,pat_20211228_152614_4698090833_600_800.png,/scratch/parceirosbr/bigoilict/share/BigOil/document_generator/datasets/documents_2021_12_28/pat_20211228_152614_4698090833_600_800.png,pat_20211228_152614_4698090833_600_800_mask.png,7962370.50
21,5,43,10,150,474,193,484,150,474,193,474,193,484,150,484,text,table_text,table_0,raleway,regular,9.0,pat_20211228_152614_4698090833_600_800.png,/scratch/parceirosbr/bigoilict/share/BigOil/document_generator/datasets/documents_2021_12_28/pat_20211228_152614_4698090833_600_800.png,pat_20211228_152614_4698090833_600_800_mask.png,7327013.11
21,5,43,10,150,474,193,484,150,474,193,474,193,484,150,484,sub_line_text,table_text,table_0,raleway,regular,9.0,pat_20211228_152614_4698090833_600_800.png,/scratch/parceirosbr/bigoilict/share/BigOil/document_generator/datasets/documents_2021_12_28/pat_20211228_152614_4698090833_600_800.png,pat_20211228_152614_4698090833_600_800_mask.png,7327013.11
22,5,45,10,148,487,193,497,148,487,193,487,193,497,148,497,text,table_text,table_0,raleway,regular,9.0,pat_20211228_152614_4698090833_600_800.png,/scratch/parceirosbr/bigoilict/share/BigOil/document_generator/datasets/documents_2021_12_28/pat_20211228_152614_4698090833_600_800.png,pat_20211228_152614_4698090833_600_800_mask.png,1720195.02
22,5,45,10,148,487,193,497,148,487,193,487,193,497,148,497,sub_line_text,table_text,table_0,raleway,regular,9.0,pat_20211228_152614_4698090833_600_800.png,/scratch/parceirosbr/bigoilict/share/BigOil/document_generator/datasets/documents_2021_12_28/pat_20211228_152614_4698090833_600_800.png,pat_20211228_152614_4698090833_600_800_mask.png,1720195.02
23,5,46,10,147,501,193,511,147,501,193,501,193,511,147,511,text,table_text,table_0,raleway,regular,9.0,pat_20211228_152614_4698090833_600_800.png,/scratch/parceirosbr/bigoilict/share/BigOil/document_generator/datasets/documents_2021_12_28/pat_20211228_152614_4698090833_600_800.png,pat_20211228_152614_4698090833_600_800_mask.png,9193790.02
23,5,46,10,147,501,193,511,147,501,193,501,193,511,147,511,sub_line_text,table_text,table_0,raleway,regular,9.0,pat_20211228_152614_4698090833_600_800.png,/scratch/parceirosbr/bigoilict/share/BigOil/document_generator/datasets/documents_2021_12_28/pat_20211228_152614_4698090833_600_800.png,pat_20211228_152614_4698090833_600_800_mask.png,9193790.02
23,5,47,10,147,514,194,524,147,514,194,514,194,524,147,524,text,table_text,table_0,raleway,regular,9.0,pat_20211228_152614_4698090833_600_800.png,/scratch/parceirosbr/bigoilict/share/BigOil/document_generator/datasets/documents_2021_12_28/pat_20211228_152614_4698090833_600_800.png,pat_20211228_152614_4698090833_600_800_mask.png,7663007.37
23,5,47,10,147,514,194,524,147,514,194,514,194,524,147,524,sub_line_text,table_text,table_0,raleway,regular,9.0,pat_20211228_152614_4698090833_600_800.png,/scratch/parceirosbr/bigoilict/share/BigOil/document_generator/datasets/documents_2021_12_28/pat_20211228_152614_4698090833_600_800.png,pat_20211228_152614_4698090833_600_800_mask.png,7663007.37
15,5,31,10,213,403,244,413,213,403,244,403,244,413,213,413,text,table_text,table_0,raleway,regular,9.0,pat_20211228_152614_4698090833_600_800.png,/scratch/parceirosbr/bigoilict/share/BigOil/document_generator/datasets/documents_2021_12_28/pat_20211228_152614_4698090833_600_800.png,pat_20211228_152614_4698090833_600_800_mask.png,descrito
15,5,31,10,213,403,244,413,213,403,244,403,244,413,213,413,sub_line_text,table_text,table_0,raleway,regular,9.0,pat_20211228_152614_4698090833_600_800.png,/scratch/parceirosbr/bigoilict/share/BigOil/document_generator/datasets/documents_2021_12_28/pat_20211228_152614_4698090833_600_800.png,pat_20211228_152614_4698090833_600_800_mask.png,descrito
17,5,35,10,211,420,246,430,211,420,246,420,246,430,211,430,text,table_text,table_0,raleway,regular,9.0,pat_20211228_152614_4698090833_600_800.png,/scratch/parceirosbr/bigoilict/share/BigOil/document_generator/datasets/documents_2021_12_28/pat_20211228_152614_4698090833_600_800.png,pat_20211228_152614_4698090833_600_800_mask.png,medidas
17,5,35,10,211,420,246,430,211,420,246,420,246,430,211,430,sub_line_text,table_text,table_0,raleway,regular,9.0,pat_20211228_152614_4698090833_600_800.png,/scratch/parceirosbr/bigoilict/share/BigOil/document_generator/datasets/documents_2021_12_28/pat_20211228_152614_4698090833_600_800.png,pat_20211228_152614_4698090833_600_800_mask.png,medidas
15,5,30,10,213,433,243,443,213,433,243,433,243,443,213,443,text,table_text,table_0,raleway,regular,9.0,pat_20211228_152614_4698090833_600_800.png,/scratch/parceirosbr/bigoilict/share/BigOil/document_generator/datasets/documents_2021_12_28/pat_20211228_152614_4698090833_600_800.png,pat_20211228_152614_4698090833_600_800_mask.png,tomada
15,5,30,10,213,433,243,443,213,433,243,433,243,443,213,443,sub_line_text,table_text,table_0,raleway,regular,9.0,pat_20211228_152614_4698090833_600_800.png,/scratch/parceirosbr/bigoilict/share/BigOil/document_generator/datasets/documents_2021_12_28/pat_20211228_152614_4698090833_600_800.png,pat_20211228_152614_4698090833_600_800_mask.png,tomada
17,5,35,10,211,447,246,457,211,447,246,447,246,457,211,457,text,table_text,table_0,raleway,regular,9.0,pat_20211228_152614_4698090833_600_800.png,/scratch/parceirosbr/bigoilict/share/BigOil/document_generator/datasets/documents_2021_12_28/pat_20211228_152614_4698090833_600_800.png,pat_20211228_152614_4698090833_600_800_mask.png,concede
17,5,35,10,211,447,246,457,211,447,246,447,246,457,211,457,sub_line_text,table_text,table_0,raleway,regular,9.0,pat_20211228_152614_4698090833_600_800.png,/scratch/parceirosbr/bigoilict/share/BigOil/document_generator/datasets/documents_2021_12_28/pat_20211228_152614_4698090833_600_800.png,pat_20211228_152614_4698090833_600_800_mask.png,concede
16,5,32,10,212,460,244,470,212,460,244,460,244,470,212,470,text,table_text,table_0,raleway,regular,9.0,pat_20211228_152614_4698090833_600_800.png,/scratch/parceirosbr/bigoilict/share/BigOil/document_generator/datasets/documents_2021_12_28/pat_20211228_152614_4698090833_600_800.png,pat_20211228_152614_4698090833_600_800_mask.png,partirde
16,5,32,10,212,460,244,470,212,460,244,460,244,470,212,470,sub_line_text,table_text,table_0,raleway,regular,9.0,pat_20211228_152614_4698090833_600_800.png,/scratch/parceirosbr/bigoilict/share/BigOil/document_generator/datasets/documents_2021_12_28/pat_20211228_152614_4698090833_600_800.png,pat_20211228_152614_4698090833_600_800_mask.png,partirde
10,5,20,10,219,474,239,484,219,474,239,474,239,484,219,484,text,table_text,table_0,raleway,regular,9.0,pat_20211228_152614_4698090833_600_800.png,/scratch/parceirosbr/bigoilict/share/BigOil/document_generator/datasets/documents_2021_12_28/pat_20211228_152614_4698090833_600_800.png,pat_20211228_152614_4698090833_600_800_mask.png,base
10,5,20,10,219,474,239,484,219,474,239,474,239,484,219,484,sub_line_text,table_text,table_0,raleway,regular,9.0,pat_20211228_152614_4698090833_600_800.png,/scratch/parceirosbr/bigoilict/share/BigOil/document_generator/datasets/documents_2021_12_28/pat_20211228_152614_4698090833_600_800.png,pat_20211228_152614_4698090833_600_800_mask.png,base
4,5,9,10,224,487,233,497,224,487,233,487,233,497,224,497,text,table_text,table_0,raleway,regular,9.0,pat_20211228_152614_4698090833_600_800.png,/scratch/parceirosbr/bigoilict/share/BigOil/document_generator/datasets/documents_2021_12_28/pat_20211228_152614_4698090833_600_800.png,pat_20211228_152614_4698090833_600_800_mask.png,os
4,5,9,10,224,487,233,497,224,487,233,487,233,497,224,497,sub_line_text,table_text,table_0,raleway,regular,9.0,pat_20211228_152614_4698090833_600_800.png,/scratch/parceirosbr/bigoilict/share/BigOil/document_generator/datasets/documents_2021_12_28/pat_20211228_152614_4698090833_600_800.png,pat_20211228_152614_4698090833_600_800_mask.png,os
19,5,39,10,209,501,248,511,209,501,248,501,248,511,209,511,text,table_text,table_0,raleway,regular,9.0,pat_20211228_152614_4698090833_600_800.png,/scratch/parceirosbr/bigoilict/share/BigOil/document_generator/datasets/documents_2021_12_28/pat_20211228_152614_4698090833_600_800.png,pat_20211228_152614_4698090833_600_800_mask.png,comercial
19,5,39,10,209,501,248,511,209,501,248,501,248,511,209,511,sub_line_text,table_text,table_0,raleway,regular,9.0,pat_20211228_152614_4698090833_600_800.png,/scratch/parceirosbr/bigoilict/share/BigOil/document_generator/datasets/documents_2021_12_28/pat_20211228_152614_4698090833_600_800.png,pat_20211228_152614_4698090833_600_800_mask.png,comercial
26,5,52,10,201,514,253,524,201,514,253,514,253,524,201,524,text,table_text,table_0,raleway,regular,9.0,pat_20211228_152614_4698090833_600_800.png,/scratch/parceirosbr/bigoilict/share/BigOil/document_generator/datasets/documents_2021_12_28/pat_20211228_152614_4698090833_600_800.png,pat_20211228_152614_4698090833_600_800_mask.png,combustíveis
26,5,52,10,201,514,253,524,201,514,253,514,253,524,201,524,sub_line_text,table_text,table_0,raleway,regular,9.0,pat_20211228_152614_4698090833_600_800.png,/scratch/parceirosbr/bigoilict/share/BigOil/document_generator/datasets/documents_2021_12_28/pat_20211228_152614_4698090833_600_800.png,pat_20211228_152614_4698090833_600_800_mask.png,combustíveis
7,5,15,10,294,403,309,413,294,403,309,403,309,413,294,413,text,table_text,table_0,raleway,regular,9.0,pat_20211228_152614_4698090833_600_800.png,/scratch/parceirosbr/bigoilict/share/BigOil/document_generator/datasets/documents_2021_12_28/pat_20211228_152614_4698090833_600_800.png,pat_20211228_152614_4698090833_600_800_mask.png,dito
7,5,15,10,294,403,309,413,294,403,309,403,309,413,294,413,sub_line_text,table_text,table_0,raleway,regular,9.0,pat_20211228_152614_4698090833_600_800.png,/scratch/parceirosbr/bigoilict/share/BigOil/document_generator/datasets/documents_2021_12_28/pat_20211228_152614_4698090833_600_800.png,pat_20211228_152614_4698090833_600_800_mask.png,dito
12,5,25,10,284,420,309,430,284,420,309,420,309,430,284,430,text,table_text,table_0,raleway,regular,9.0,pat_20211228_152614_4698090833_600_800.png,/scratch/parceirosbr/bigoilict/share/BigOil/document_generator/datasets/documents_2021_12_28/pat_20211228_152614_4698090833_600_800.png,pat_20211228_152614_4698090833_600_800_mask.png,2.1587
12,5,25,10,284,420,309,430,284,420,309,420,309,430,284,430,sub_line_text,table_text,table_0,raleway,regular,9.0,pat_20211228_152614_4698090833_600_800.png,/scratch/parceirosbr/bigoilict/share/BigOil/document_generator/datasets/documents_2021_12_28/pat_20211228_152614_4698090833_600_800.png,pat_20211228_152614_4698090833_600_800_mask.png,2.1587
12,5,25,10,284,433,309,443,284,433,309,433,309,443,284,443,text,table_text,table_0,raleway,regular,9.0,pat_20211228_152614_4698090833_600_800.png,/scratch/parceirosbr/bigoilict/share/BigOil/document_generator/datasets/documents_2021_12_28/pat_20211228_152614_4698090833_600_800.png,pat_20211228_152614_4698090833_600_800_mask.png,9.7613
12,5,25,10,284,433,309,443,284,433,309,433,309,443,284,443,sub_line_text,table_text,table_0,raleway,regular,9.0,pat_20211228_152614_4698090833_600_800.png,/scratch/parceirosbr/bigoilict/share/BigOil/document_generator/datasets/documents_2021_12_28/pat_20211228_152614_4698090833_600_800.png,pat_20211228_152614_4698090833_600_800_mask.png,9.7613
13,5,26,10,282,447,308,457,282,447,308,447,308,457,282,457,text,table_text,table_0,raleway,regular,9.0,pat_20211228_152614_4698090833_600_800.png,/scratch/parceirosbr/bigoilict/share/BigOil/document_generator/datasets/documents_2021_12_28/pat_20211228_152614_4698090833_600_800.png,pat_20211228_152614_4698090833_600_800_mask.png,7.0041
13,5,26,10,282,447,308,457,282,447,308,447,308,457,282,457,sub_line_text,table_text,table_0,raleway,regular,9.0,pat_20211228_152614_4698090833_600_800.png,/scratch/parceirosbr/bigoilict/share/BigOil/document_generator/datasets/documents_2021_12_28/pat_20211228_152614_4698090833_600_800.png,pat_20211228_152614_4698090833_600_800_mask.png,7.0041
12,5,25,10,283,460,308,470,283,460,308,460,308,470,283,470,text,table_text,table_0,raleway,regular,9.0,pat_20211228_152614_4698090833_600_800.png,/scratch/parceirosbr/bigoilict/share/BigOil/document_generator/datasets/documents_2021_12_28/pat_20211228_152614_4698090833_600_800.png,pat_20211228_152614_4698090833_600_800_mask.png,4.5327
12,5,25,10,283,460,308,470,283,460,308,460,308,470,283,470,sub_line_text,table_text,table_0,raleway,regular,9.0,pat_20211228_152614_4698090833_600_800.png,/scratch/parceirosbr/bigoilict/share/BigOil/document_generator/datasets/documents_2021_12_28/pat_20211228_152614_4698090833_600_800.png,pat_20211228_152614_4698090833_600_800_mask.png,4.5327
12,5,25,10,284,474,309,484,284,474,309,474,309,484,284,484,text,table_text,table_0,raleway,regular,9.0,pat_20211228_152614_4698090833_600_800.png,/scratch/parceirosbr/bigoilict/share/BigOil/document_generator/datasets/documents_2021_12_28/pat_20211228_152614_4698090833_600_800.png,pat_20211228_152614_4698090833_600_800_mask.png,6.5612
12,5,25,10,284,474,309,484,284,474,309,474,309,484,284,484,sub_line_text,table_text,table_0,raleway,regular,9.0,pat_20211228_152614_4698090833_600_800.png,/scratch/parceirosbr/bigoilict/share/BigOil/document_generator/datasets/documents_2021_12_28/pat_20211228_152614_4698090833_600_800.png,pat_20211228_152614_4698090833_600_800_mask.png,6.5612
13,5,26,10,282,487,308,497,282,487,308,487,308,497,282,497,text,table_text,table_0,raleway,regular,9.0,pat_20211228_152614_4698090833_600_800.png,/scratch/parceirosbr/bigoilict/share/BigOil/document_generator/datasets/documents_2021_12_28/pat_20211228_152614_4698090833_600_800.png,pat_20211228_152614_4698090833_600_800_mask.png,8.2057
13,5,26,10,282,487,308,497,282,487,308,487,308,497,282,497,sub_line_text,table_text,table_0,raleway,regular,9.0,pat_20211228_152614_4698090833_600_800.png,/scratch/parceirosbr/bigoilict/share/BigOil/document_generator/datasets/documents_2021_12_28/pat_20211228_152614_4698090833_600_800.png,pat_20211228_152614_4698090833_600_800_mask.png,8.2057
12,5,25,10,283,501,308,511,283,501,308,501,308,511,283,511,text,table_text,table_0,raleway,regular,9.0,pat_20211228_152614_4698090833_600_800.png,/scratch/parceirosbr/bigoilict/share/BigOil/document_generator/datasets/documents_2021_12_28/pat_20211228_152614_4698090833_600_800.png,pat_20211228_152614_4698090833_600_800_mask.png,8.5210
12,5,25,10,283,501,308,511,283,501,308,501,308,511,283,511,sub_line_text,table_text,table_0,raleway,regular,9.0,pat_20211228_152614_4698090833_600_800.png,/scratch/parceirosbr/bigoilict/share/BigOil/document_generator/datasets/documents_2021_12_28/pat_20211228_152614_4698090833_600_800.png,pat_20211228_152614_4698090833_600_800_mask.png,8.5210
12,5,25,10,284,514,309,524,284,514,309,514,309,524,284,524,text,table_text,table_0,raleway,regular,9.0,pat_20211228_152614_4698090833_600_800.png,/scratch/parceirosbr/bigoilict/share/BigOil/document_generator/datasets/documents_2021_12_28/pat_20211228_152614_4698090833_600_800.png,pat_20211228_152614_4698090833_600_800_mask.png,9.4451
12,5,25,10,284,514,309,524,284,514,309,514,309,524,284,524,sub_line_text,table_text,table_0,raleway,regular,9.0,pat_20211228_152614_4698090833_600_800.png,/scratch/parceirosbr/bigoilict/share/BigOil/document_generator/datasets/documents_2021_12_28/pat_20211228_152614_4698090833_600_800.png,pat_20211228_152614_4698090833_600_800_mask.png,9.4451
18,5,37,10,325,403,362,413,325,403,362,403,362,413,325,413,text,table_text,table_0,raleway,regular,9.0,pat_20211228_152614_4698090833_600_800.png,/scratch/parceirosbr/bigoilict/share/BigOil/document_generator/datasets/documents_2021_12_28/pat_20211228_152614_4698090833_600_800.png,pat_20211228_152614_4698090833_600_800_mask.png,eficiência
18,5,37,10,325,403,362,413,325,403,362,403,362,413,325,413,sub_line_text,table_text,table_0,raleway,regular,9.0,pat_20211228_152614_4698090833_600_800.png,/scratch/parceirosbr/bigoilict/share/BigOil/document_generator/datasets/documents_2021_12_28/pat_20211228_152614_4698090833_600_800.png,pat_20211228_152614_4698090833_600_800_mask.png,eficiência
20,5,40,10,322,420,362,430,322,420,362,420,362,430,322,430,text,table_text,table_0,raleway,regular,9.0,pat_20211228_152614_4698090833_600_800.png,/scratch/parceirosbr/bigoilict/share/BigOil/document_generator/datasets/documents_2021_12_28/pat_20211228_152614_4698090833_600_800.png,pat_20211228_152614_4698090833_600_800_mask.png,224906.17
20,5,40,10,322,420,362,430,322,420,362,420,362,430,322,430,sub_line_text,table_text,table_0,raleway,regular,9.0,pat_20211228_152614_4698090833_600_800.png,/scratch/parceirosbr/bigoilict/share/BigOil/document_generator/datasets/documents_2021_12_28/pat_20211228_152614_4698090833_600_800.png,pat_20211228_152614_4698090833_600_800_mask.png,224906.17
20,5,40,10,322,433,362,443,322,433,362,433,362,443,322,443,text,table_text,table_0,raleway,regular,9.0,pat_20211228_152614_4698090833_600_800.png,/scratch/parceirosbr/bigoilict/share/BigOil/document_generator/datasets/documents_2021_12_28/pat_20211228_152614_4698090833_600_800.png,pat_20211228_152614_4698090833_600_800_mask.png,419400.61
20,5,40,10,322,433,362,443,322,433,362,433,362,443,322,443,sub_line_text,table_text,table_0,raleway,regular,9.0,pat_20211228_152614_4698090833_600_800.png,/scratch/parceirosbr/bigoilict/share/BigOil/document_generator/datasets/documents_2021_12_28/pat_20211228_152614_4698090833_600_800.png,pat_20211228_152614_4698090833_600_800_mask.png,419400.61
19,5,39,10,323,447,362,457,323,447,362,447,362,457,323,457,text,table_text,table_0,raleway,regular,9.0,pat_20211228_152614_4698090833_600_800.png,/scratch/parceirosbr/bigoilict/share/BigOil/document_generator/datasets/documents_2021_12_28/pat_20211228_152614_4698090833_600_800.png,pat_20211228_152614_4698090833_600_800_mask.png,710849.81
19,5,39,10,323,447,362,457,323,447,362,447,362,457,323,457,sub_line_text,table_text,table_0,raleway,regular,9.0,pat_20211228_152614_4698090833_600_800.png,/scratch/parceirosbr/bigoilict/share/BigOil/document_generator/datasets/documents_2021_12_28/pat_20211228_152614_4698090833_600_800.png,pat_20211228_152614_4698090833_600_800_mask.png,710849.81
20,5,40,10,322,460,362,470,322,460,362,460,362,470,322,470,text,table_text,table_0,raleway,regular,9.0,pat_20211228_152614_4698090833_600_800.png,/scratch/parceirosbr/bigoilict/share/BigOil/document_generator/datasets/documents_2021_12_28/pat_20211228_152614_4698090833_600_800.png,pat_20211228_152614_4698090833_600_800_mask.png,773364.43
20,5,40,10,322,460,362,470,322,460,362,460,362,470,322,470,sub_line_text,table_text,table_0,raleway,regular,9.0,pat_20211228_152614_4698090833_600_800.png,/scratch/parceirosbr/bigoilict/share/BigOil/document_generator/datasets/documents_2021_12_28/pat_20211228_152614_4698090833_600_800.png,pat_20211228_152614_4698090833_600_800_mask.png,773364.43
20,5,40,10,322,474,362,484,322,474,362,474,362,484,322,484,text,table_text,table_0,raleway,regular,9.0,pat_20211228_152614_4698090833_600_800.png,/scratch/parceirosbr/bigoilict/share/BigOil/document_generator/datasets/documents_2021_12_28/pat_20211228_152614_4698090833_600_800.png,pat_20211228_152614_4698090833_600_800_mask.png,526724.74
20,5,40,10,322,474,362,484,322,474,362,474,362,484,322,484,sub_line_text,table_text,table_0,raleway,regular,9.0,pat_20211228_152614_4698090833_600_800.png,/scratch/parceirosbr/bigoilict/share/BigOil/document_generator/datasets/documents_2021_12_28/pat_20211228_152614_4698090833_600_800.png,pat_20211228_152614_4698090833_600_800_mask.png,526724.74
20,5,40,10,322,487,362,497,322,487,362,487,362,497,322,497,text,table_text,table_0,raleway,regular,9.0,pat_20211228_152614_4698090833_600_800.png,/scratch/parceirosbr/bigoilict/share/BigOil/document_generator/datasets/documents_2021_12_28/pat_20211228_152614_4698090833_600_800.png,pat_20211228_152614_4698090833_600_800_mask.png,888961.50
20,5,40,10,322,487,362,497,322,487,362,487,362,497,322,497,sub_line_text,table_text,table_0,raleway,regular,9.0,pat_20211228_152614_4698090833_600_800.png,/scratch/parceirosbr/bigoilict/share/BigOil/document_generator/datasets/documents_2021_12_28/pat_20211228_152614_4698090833_600_800.png,pat_20211228_152614_4698090833_600_800_mask.png,888961.50
20,5,40,10,322,501,362,511,322,501,362,501,362,511,322,511,text,table_text,table_0,raleway,regular,9.0,pat_20211228_152614_4698090833_600_800.png,/scratch/parceirosbr/bigoilict/share/BigOil/document_generator/datasets/documents_2021_12_28/pat_20211228_152614_4698090833_600_800.png,pat_20211228_152614_4698090833_600_800_mask.png,755576.37
20,5,40,10,322,501,362,511,322,501,362,501,362,511,322,511,sub_line_text,table_text,table_0,raleway,regular,9.0,pat_20211228_152614_4698090833_600_800.png,/scratch/parceirosbr/bigoilict/share/BigOil/document_generator/datasets/documents_2021_12_28/pat_20211228_152614_4698090833_600_800.png,pat_20211228_152614_4698090833_600_800_mask.png,755576.37
20,5,41,10,321,514,362,524,321,514,362,514,362,524,321,524,text,table_text,table_0,raleway,regular,9.0,pat_20211228_152614_4698090833_600_800.png,/scratch/parceirosbr/bigoilict/share/BigOil/document_generator/datasets/documents_2021_12_28/pat_20211228_152614_4698090833_600_800.png,pat_20211228_152614_4698090833_600_800_mask.png,204689.53
20,5,41,10,321,514,362,524,321,514,362,514,362,524,321,524,sub_line_text,table_text,table_0,raleway,regular,9.0,pat_20211228_152614_4698090833_600_800.png,/scratch/parceirosbr/bigoilict/share/BigOil/document_generator/datasets/documents_2021_12_28/pat_20211228_152614_4698090833_600_800.png,pat_20211228_152614_4698090833_600_800_mask.png,204689.53
25,5,51,10,378,403,429,413,378,403,429,403,429,413,378,413,text,table_text,table_0,raleway,regular,9.0,pat_20211228_152614_4698090833_600_800.png,/scratch/parceirosbr/bigoilict/share/BigOil/document_generator/datasets/documents_2021_12_28/pat_20211228_152614_4698090833_600_800.png,pat_20211228_152614_4698090833_600_800_mask.png,infraestrutura
25,5,51,10,378,403,429,413,378,403,429,403,429,413,378,413,sub_line_text,table_text,table_0,raleway,regular,9.0,pat_20211228_152614_4698090833_600_800.png,/scratch/parceirosbr/bigoilict/share/BigOil/document_generator/datasets/documents_2021_12_28/pat_20211228_152614_4698090833_600_800.png,pat_20211228_152614_4698090833_600_800_mask.png,infraestrutura
11,5,22,10,408,420,430,430,408,420,430,420,430,430,408,430,text,table_text,table_0,raleway,regular,9.0,pat_20211228_152614_4698090833_600_800.png,/scratch/parceirosbr/bigoilict/share/BigOil/document_generator/datasets/documents_2021_12_28/pat_20211228_152614_4698090833_600_800.png,pat_20211228_152614_4698090833_600_800_mask.png,830.4
11,5,22,10,408,420,430,430,408,420,430,420,430,430,408,430,sub_line_text,table_text,table_0,raleway,regular,9.0,pat_20211228_152614_4698090833_600_800.png,/scratch/parceirosbr/bigoilict/share/BigOil/document_generator/datasets/documents_2021_12_28/pat_20211228_152614_4698090833_600_800.png,pat_20211228_152614_4698090833_600_800_mask.png,830.4
11,5,22,10,408,433,430,443,408,433,430,433,430,443,408,443,text,table_text,table_0,raleway,regular,9.0,pat_20211228_152614_4698090833_600_800.png,/scratch/parceirosbr/bigoilict/share/BigOil/document_generator/datasets/documents_2021_12_28/pat_20211228_152614_4698090833_600_800.png,pat_20211228_152614_4698090833_600_800_mask.png,503.5
11,5,22,10,408,433,430,443,408,433,430,433,430,443,408,443,sub_line_text,table_text,table_0,raleway,regular,9.0,pat_20211228_152614_4698090833_600_800.png,/scratch/parceirosbr/bigoilict/share/BigOil/document_generator/datasets/documents_2021_12_28/pat_20211228_152614_4698090833_600_800.png,pat_20211228_152614_4698090833_600_800_mask.png,503.5
10,5,20,10,410,447,430,457,410,447,430,447,430,457,410,457,text,table_text,table_0,raleway,regular,9.0,pat_20211228_152614_4698090833_600_800.png,/scratch/parceirosbr/bigoilict/share/BigOil/document_generator/datasets/documents_2021_12_28/pat_20211228_152614_4698090833_600_800.png,pat_20211228_152614_4698090833_600_800_mask.png,756.1
10,5,20,10,410,447,430,457,410,447,430,447,430,457,410,457,sub_line_text,table_text,table_0,raleway,regular,9.0,pat_20211228_152614_4698090833_600_800.png,/scratch/parceirosbr/bigoilict/share/BigOil/document_generator/datasets/documents_2021_12_28/pat_20211228_152614_4698090833_600_800.png,pat_20211228_152614_4698090833_600_800_mask.png,756.1
10,5,21,10,409,460,430,470,409,460,430,460,430,470,409,470,text,table_text,table_0,raleway,regular,9.0,pat_20211228_152614_4698090833_600_800.png,/scratch/parceirosbr/bigoilict/share/BigOil/document_generator/datasets/documents_2021_12_28/pat_20211228_152614_4698090833_600_800.png,pat_20211228_152614_4698090833_600_800_mask.png,443.4
10,5,21,10,409,460,430,470,409,460,430,460,430,470,409,470,sub_line_text,table_text,table_0,raleway,regular,9.0,pat_20211228_152614_4698090833_600_800.png,/scratch/parceirosbr/bigoilict/share/BigOil/document_generator/datasets/documents_2021_12_28/pat_20211228_152614_4698090833_600_800.png,pat_20211228_152614_4698090833_600_800_mask.png,443.4
5,5,11,10,419,474,430,484,419,474,430,474,430,484,419,484,text,table_text,table_0,raleway,regular,9.0,pat_20211228_152614_4698090833_600_800.png,/scratch/parceirosbr/bigoilict/share/BigOil/document_generator/datasets/documents_2021_12_28/pat_20211228_152614_4698090833_600_800.png,pat_20211228_152614_4698090833_600_800_mask.png,5.7
5,5,11,10,419,474,430,484,419,474,430,474,430,484,419,484,sub_line_text,table_text,table_0,raleway,regular,9.0,pat_20211228_152614_4698090833_600_800.png,/scratch/parceirosbr/bigoilict/share/BigOil/document_generator/datasets/documents_2021_12_28/pat_20211228_152614_4698090833_600_800.png,pat_20211228_152614_4698090833_600_800_mask.png,5.7
5,5,11,10,419,487,430,497,419,487,430,487,430,497,419,497,text,table_text,table_0,raleway,regular,9.0,pat_20211228_152614_4698090833_600_800.png,/scratch/parceirosbr/bigoilict/share/BigOil/document_generator/datasets/documents_2021_12_28/pat_20211228_152614_4698090833_600_800.png,pat_20211228_152614_4698090833_600_800_mask.png,3.7
5,5,11,10,419,487,430,497,419,487,430,487,430,497,419,497,sub_line_text,table_text,table_0,raleway,regular,9.0,pat_20211228_152614_4698090833_600_800.png,/scratch/parceirosbr/bigoilict/share/BigOil/document_generator/datasets/documents_2021_12_28/pat_20211228_152614_4698090833_600_800.png,pat_20211228_152614_4698090833_600_800_mask.png,3.7
5,5,11,10,419,501,430,511,419,501,430,501,430,511,419,511,text,table_text,table_0,raleway,regular,9.0,pat_20211228_152614_4698090833_600_800.png,/scratch/parceirosbr/bigoilict/share/BigOil/document_generator/datasets/documents_2021_12_28/pat_20211228_152614_4698090833_600_800.png,pat_20211228_152614_4698090833_600_800_mask.png,5.2
5,5,11,10,419,501,430,511,419,501,430,501,430,511,419,511,sub_line_text,table_text,table_0,raleway,regular,9.0,pat_20211228_152614_4698090833_600_800.png,/scratch/parceirosbr/bigoilict/share/BigOil/document_generator/datasets/documents_2021_12_28/pat_20211228_152614_4698090833_600_800.png,pat_20211228_152614_4698090833_600_800_mask.png,5.2
8,5,16,10,414,514,430,524,414,514,430,514,430,524,414,524,text,table_text,table_0,raleway,regular,9.0,pat_20211228_152614_4698090833_600_800.png,/scratch/parceirosbr/bigoilict/share/BigOil/document_generator/datasets/documents_2021_12_28/pat_20211228_152614_4698090833_600_800.png,pat_20211228_152614_4698090833_600_800_mask.png,24.5
8,5,16,10,414,514,430,524,414,514,430,514,430,524,414,524,sub_line_text,table_text,table_0,raleway,regular,9.0,pat_20211228_152614_4698090833_600_800.png,/scratch/parceirosbr/bigoilict/share/BigOil/document_generator/datasets/documents_2021_12_28/pat_20211228_152614_4698090833_600_800.png,pat_20211228_152614_4698090833_600_800_mask.png,24.5
8,5,17,10,504,403,521,413,504,403,521,403,521,413,504,413,text,table_text,table_0,raleway,regular,9.0,pat_20211228_152614_4698090833_600_800.png,/scratch/parceirosbr/bigoilict/share/BigOil/document_generator/datasets/documents_2021_12_28/pat_20211228_152614_4698090833_600_800.png,pat_20211228_152614_4698090833_600_800_mask.png,bico
8,5,17,10,504,403,521,413,504,403,521,403,521,413,504,413,sub_line_text,table_text,table_0,raleway,regular,9.0,pat_20211228_152614_4698090833_600_800.png,/scratch/parceirosbr/bigoilict/share/BigOil/document_generator/datasets/documents_2021_12_28/pat_20211228_152614_4698090833_600_800.png,pat_20211228_152614_4698090833_600_800_mask.png,bico
12,5,25,10,496,420,521,430,496,420,521,420,521,430,496,430,text,table_text,table_0,raleway,regular,9.0,pat_20211228_152614_4698090833_600_800.png,/scratch/parceirosbr/bigoilict/share/BigOil/document_generator/datasets/documents_2021_12_28/pat_20211228_152614_4698090833_600_800.png,pat_20211228_152614_4698090833_600_800_mask.png,55.697
12,5,25,10,496,420,521,430,496,420,521,420,521,430,496,430,sub_line_text,table_text,table_0,raleway,regular,9.0,pat_20211228_152614_4698090833_600_800.png,/scratch/parceirosbr/bigoilict/share/BigOil/document_generator/datasets/documents_2021_12_28/pat_20211228_152614_4698090833_600_800.png,pat_20211228_152614_4698090833_600_800_mask.png,55.697
23,5,47,10,475,433,522,443,475,433,522,433,522,443,475,443,text,table_text,table_0,raleway,regular,9.0,pat_20211228_152614_4698090833_600_800.png,/scratch/parceirosbr/bigoilict/share/BigOil/document_generator/datasets/documents_2021_12_28/pat_20211228_152614_4698090833_600_800.png,pat_20211228_152614_4698090833_600_800_mask.png,300834.972
23,5,47,10,475,433,522,443,475,433,522,433,522,443,475,443,sub_line_text,table_text,table_0,raleway,regular,9.0,pat_20211228_152614_4698090833_600_800.png,/scratch/parceirosbr/bigoilict/share/BigOil/document_generator/datasets/documents_2021_12_28/pat_20211228_152614_4698090833_600_800.png,pat_20211228_152614_4698090833_600_800_mask.png,300834.972
17,5,35,10,486,447,521,457,486,447,521,447,521,457,486,457,text,table_text,table_0,raleway,regular,9.0,pat_20211228_152614_4698090833_600_800.png,/scratch/parceirosbr/bigoilict/share/BigOil/document_generator/datasets/documents_2021_12_28/pat_20211228_152614_4698090833_600_800.png,pat_20211228_152614_4698090833_600_800_mask.png,7275.887
17,5,35,10,486,447,521,457,486,447,521,447,521,457,486,457,sub_line_text,table_text,table_0,raleway,regular,9.0,pat_20211228_152614_4698090833_600_800.png,/scratch/parceirosbr/bigoilict/share/BigOil/document_generator/datasets/documents_2021_12_28/pat_20211228_152614_4698090833_600_800.png,pat_20211228_152614_4698090833_600_800_mask.png,7275.887
19,5,39,10,482,460,521,470,482,460,521,460,521,470,482,470,text,table_text,table_0,raleway,regular,9.0,pat_20211228_152614_4698090833_600_800.png,/scratch/parceirosbr/bigoilict/share/BigOil/document_generator/datasets/documents_2021_12_28/pat_20211228_152614_4698090833_600_800.png,pat_20211228_152614_4698090833_600_800_mask.png,35317.278
19,5,39,10,482,460,521,470,482,460,521,460,521,470,482,470,sub_line_text,table_text,table_0,raleway,regular,9.0,pat_20211228_152614_4698090833_600_800.png,/scratch/parceirosbr/bigoilict/share/BigOil/document_generator/datasets/documents_2021_12_28/pat_20211228_152614_4698090833_600_800.png,pat_20211228_152614_4698090833_600_800_mask.png,35317.278
19,5,39,10,482,474,521,484,482,474,521,474,521,484,482,484,text,table_text,table_0,raleway,regular,9.0,pat_20211228_152614_4698090833_600_800.png,/scratch/parceirosbr/bigoilict/share/BigOil/document_generator/datasets/documents_2021_12_28/pat_20211228_152614_4698090833_600_800.png,pat_20211228_152614_4698090833_600_800_mask.png,10178.888
19,5,39,10,482,474,521,484,482,474,521,474,521,484,482,484,sub_line_text,table_text,table_0,raleway,regular,9.0,pat_20211228_152614_4698090833_600_800.png,/scratch/parceirosbr/bigoilict/share/BigOil/document_generator/datasets/documents_2021_12_28/pat_20211228_152614_4698090833_600_800.png,pat_20211228_152614_4698090833_600_800_mask.png,10178.888
15,5,30,10,491,487,521,497,491,487,521,487,521,497,491,497,text,table_text,table_0,raleway,regular,9.0,pat_20211228_152614_4698090833_600_800.png,/scratch/parceirosbr/bigoilict/share/BigOil/document_generator/datasets/documents_2021_12_28/pat_20211228_152614_4698090833_600_800.png,pat_20211228_152614_4698090833_600_800_mask.png,443.453
15,5,30,10,491,487,521,497,491,487,521,487,521,497,491,497,sub_line_text,table_text,table_0,raleway,regular,9.0,pat_20211228_152614_4698090833_600_800.png,/scratch/parceirosbr/bigoilict/share/BigOil/document_generator/datasets/documents_2021_12_28/pat_20211228_152614_4698090833_600_800.png,pat_20211228_152614_4698090833_600_800_mask.png,443.453
20,5,40,10,481,501,521,511,481,501,521,501,521,511,481,511,text,table_text,table_0,raleway,regular,9.0,pat_20211228_152614_4698090833_600_800.png,/scratch/parceirosbr/bigoilict/share/BigOil/document_generator/datasets/documents_2021_12_28/pat_20211228_152614_4698090833_600_800.png,pat_20211228_152614_4698090833_600_800_mask.png,37638.478
20,5,40,10,481,501,521,511,481,501,521,501,521,511,481,511,sub_line_text,table_text,table_0,raleway,regular,9.0,pat_20211228_152614_4698090833_600_800.png,/scratch/parceirosbr/bigoilict/share/BigOil/document_generator/datasets/documents_2021_12_28/pat_20211228_152614_4698090833_600_800.png,pat_20211228_152614_4698090833_600_800_mask.png,37638.478
20,5,40,10,481,514,521,524,481,514,521,514,521,524,481,524,text,table_text,table_0,raleway,regular,9.0,pat_20211228_152614_4698090833_600_800.png,/scratch/parceirosbr/bigoilict/share/BigOil/document_generator/datasets/documents_2021_12_28/pat_20211228_152614_4698090833_600_800.png,pat_20211228_152614_4698090833_600_800_mask.png,95782.975
20,5,40,10,481,514,521,524,481,514,521,514,521,524,481,524,sub_line_text,table_text,table_0,raleway,regular,9.0,pat_20211228_152614_4698090833_600_800.png,/scratch/parceirosbr/bigoilict/share/BigOil/document_generator/datasets/documents_2021_12_28/pat_20211228_152614_4698090833_600_800.png,pat_20211228_152614_4698090833_600_800_mask.png,95782.975
195,5,391,10,62,536,453,546,62,536,453,536,453,546,62,546,sub_line_text,table_legend,table_0,times,regular,8,pat_20211228_152614_4698090833_600_800.png,/scratch/parceirosbr/bigoilict/share/BigOil/document_generator/datasets/documents_2021_12_28/pat_20211228_152614_4698090833_600_800.png,pat_20211228_152614_4698090833_600_800_mask.png,Tab. 136:  Estudo da geração de biogás no aterro sanitário em 129 f. Estratigrafia do e coberturas fanerozóicas no vale
195,5,391,10,62,536,453,546,62,536,453,536,453,546,62,546,text,table_legend,table_0,times,regular,8,pat_20211228_152614_4698090833_600_800.png,/scratch/parceirosbr/bigoilict/share/BigOil/document_generator/datasets/documents_2021_12_28/pat_20211228_152614_4698090833_600_800.png,pat_20211228_152614_4698090833_600_800_mask.png,nan
221,5,443,11,92,558,535,569,92,558,535,558,535,569,92,569,sub_line_text,text,text_0,times,regular,9,pat_20211228_152614_4698090833_600_800.png,/scratch/parceirosbr/bigoilict/share/BigOil/document_generator/datasets/documents_2021_12_28/pat_20211228_152614_4698090833_600_800.png,pat_20211228_152614_4698090833_600_800_mask.png,"Para  cada  derivado,  utilizou-se  a  seguinte  composição:  nos  mercados tidos como referência frete marítimo de lo-"
237,5,474,11,62,577,536,588,62,577,536,577,536,588,62,588,sub_line_text,text,text_0,times,regular,9,pat_20211228_152614_4698090833_600_800.png,/scratch/parceirosbr/bigoilict/share/BigOil/document_generator/datasets/documents_2021_12_28/pat_20211228_152614_4698090833_600_800.png,pat_20211228_152614_4698090833_600_800_mask.png,"ngo  curso  seguro  imposto  de  importação.  Outros:  21,4%  cor  e benzeno. 2.2 qualidade do óleo diesel. Para cada batelada"
237,5,474,11,62,596,536,607,62,596,536,596,536,607,62,607,sub_line_text,text,text_0,times,regular,9,pat_20211228_152614_4698090833_600_800.png,/scratch/parceirosbr/bigoilict/share/BigOil/document_generator/datasets/documents_2021_12_28/pat_20211228_152614_4698090833_600_800.png,pat_20211228_152614_4698090833_600_800_mask.png,"de  testes,  foram  fixados  quatro  substratos  de  polimetilmetacrilato  . Apesar de ser um movimento natural, a atuação do h-"
236,5,473,11,62,615,535,626,62,615,535,615,535,626,62,626,sub_line_text,text,text_0,times,regular,9,pat_20211228_152614_4698090833_600_800.png,/scratch/parceirosbr/bigoilict/share/BigOil/document_generator/datasets/documents_2021_12_28/pat_20211228_152614_4698090833_600_800.png,pat_20211228_152614_4698090833_600_800_mask.png,"omem  acaba  acelerando  a  ocorrência  desses movimentos. Analisando as 15, 16, 17 e 18 percebe-se que houve maior remo-"
227,5,455,11,62,634,517,645,62,634,517,634,517,645,62,645,sub_line_text,text,text_0,times,regular,9,pat_20211228_152614_4698090833_600_800.png,/scratch/parceirosbr/bigoilict/share/BigOil/document_generator/datasets/documents_2021_12_28/pat_20211228_152614_4698090833_600_800.png,pat_20211228_152614_4698090833_600_800_mask.png,"ção do sulfurado nos períodos iniciais de contato. Ao de da pelo suporte financeiro, que muito contribuiu para o desen."
237,43,474,87,62,558,536,645,62,558,536,558,536,645,62,645,text,text,text_0,times,regular,9,pat_20211228_152614_4698090833_600_800.png,/scratch/parceirosbr/bigoilict/share/BigOil/document_generator/datasets/documents_2021_12_28/pat_20211228_152614_4698090833_600_800.png,pat_20211228_152614_4698090833_600_800_mask.png,nan
221,5,443,11,92,657,535,668,92,657,535,657,535,668,92,668,sub_line_text,text,text_1,times,regular,9,pat_20211228_152614_4698090833_600_800.png,/scratch/parceirosbr/bigoilict/share/BigOil/document_generator/datasets/documents_2021_12_28/pat_20211228_152614_4698090833_600_800.png,pat_20211228_152614_4698090833_600_800_mask.png,"No  entanto,  a  formação  de sítios do tipo em temperaturas elevadas não é muito adequada uma vez que altas tempe-"
230,5,461,11,62,676,523,687,62,676,523,676,523,687,62,687,sub_line_text,text,text_1,times,regular,9,pat_20211228_152614_4698090833_600_800.png,/scratch/parceirosbr/bigoilict/share/BigOil/document_generator/datasets/documents_2021_12_28/pat_20211228_152614_4698090833_600_800.png,pat_20211228_152614_4698090833_600_800_mask.png,"raturas podem causar a sinterização do catalisador. No na década de 70, houve um grande incentivo no aumento do núme."
236,15,473,30,62,657,535,687,62,657,535,657,535,687,62,687,text,text,text_1,times,regular,9,pat_20211228_152614_4698090833_600_800.png,/scratch/parceirosbr/bigoilict/share/BigOil/document_generator/datasets/documents_2021_12_28/pat_20211228_152614_4698090833_600_800.png,pat_20211228_152614_4698090833_600_800_mask.png,nan
